2759999,72,179,1631,2014,56505.0,37144.0,0.9147780000000001,1.151556,EST,PRT,8413
2760000,73,179,1631,2014,0.0,571.0,-1.296535,-1.045942,ETH,PRT,8413
2760001,74,179,1631,2014,1117362.0,181844.0,1.626355,1.002923,FIN,PRT,8413
2760002,77,179,1631,2014,15627702.0,6090694.0,1.4817790000000002,0.30995,FRA,PRT,8413
2760003,80,179,1631,2014,0.0,46719.0,-1.625474,-1.135973,GAB,PRT,8413
2760004,81,179,1631,2014,6910559.0,3220864.0,1.697964,0.585372,GBR,PRT,8413
2760005,83,179,1631,2014,0.0,65251.0,-1.130226,-0.9909379999999999,GHA,PRT,8413
2760006,85,179,1631,2014,0.0,39828.0,-1.628409,-1.202473,GIN,PRT,8413
2760007,87,179,1631,2014,0.0,39497.0,-0.905488,-0.7892819999999999,GMB,PRT,8413
2760008,88,179,1631,2014,0.0,85889.0,-1.6723700000000001,-0.896442,GNB,PRT,8413
2760009,89,179,1631,2014,0.0,210671.0,-2.043516,-0.844701,GNQ,PRT,8413
2760010,90,179,1631,2014,13321.0,245105.0,0.149337,0.8560540000000001,GRC,PRT,8413
2760011,97,179,1631,2014,55433.0,5042.0,0.812132,1.722493,HKG,PRT,8413
2760012,100,179,1631,2014,0.0,3845.0,0.804401,1.250807,HRV,PRT,8413
2760013,102,179,1631,2014,96277.0,63676.0,1.477093,0.812869,HUN,PRT,8413
2760014,103,179,1631,2014,0.0,23832.0,-0.088032,1.3966459999999998,IDN,PRT,8413
2760015,104,179,1631,2014,1458247.0,65912.0,0.262042,2.6305080000000003,IND,PRT,8413
2760016,106,179,1631,2014,224265.0,220462.0,1.2658399999999999,0.278546,IRL,PRT,8413
2760017,107,179,1631,2014,0.0,2655.0,-0.361058,-0.312743,IRN,PRT,8413
2760018,108,179,1631,2014,0.0,1889.0,-2.9169,-0.882023,IRQ,PRT,8413
2760019,109,179,1631,2014,0.0,2532.0,0.127891,-0.302014,ISL,PRT,8413
2760020,110,179,1631,2014,11879.0,65938.0,1.211141,0.64523,ISR,PRT,8413
2760021,111,179,1631,2014,30732399.0,1785584.0,1.340136,0.43931099999999995,ITA,PRT,8413
2760022,112,179,1631,2014,0.0,297.0,-0.42745299999999997,-0.7750130000000001,JAM,PRT,8413
2760023,113,179,1631,2014,0.0,23846.0,0.210208,0.48732299999999995,JOR,PRT,8413
2760024,114,179,1631,2014,1348679.0,58383.0,2.403165,-0.635024,JPN,PRT,8413
2760025,116,179,1631,2014,0.0,81437.0,-0.487058,0.307288,KEN,PRT,8413
2760026,121,179,1631,2014,76555.0,37001.0,1.817145,0.8394530000000001,KOR,PRT,8413
2760027,122,179,1631,2014,0.0,30964.0,-0.769616,-1.10667,KWT,PRT,8413
2760028,124,179,1631,2014,0.0,8526.0,0.308677,1.7564490000000001,LBN,PRT,8413
2760029,128,179,1631,2014,0.0,212834.0,-0.49366899999999997,0.338686,LKA,PRT,8413
2760030,130,179,1631,2014,8035.0,258149.0,0.764495,1.3451540000000002,LTU,PRT,8413
2760031,131,179,1631,2014,484459.0,24799.0,1.243845,1.155474,LUX,PRT,8413
2760032,132,179,1631,2014,0.0,182311.0,0.613116,1.1899790000000001,LVA,PRT,8413
2760033,133,179,1631,2014,0.0,4315.0,0.704535,0.5856140000000001,MAC,PRT,8413
2760034,134,179,1631,2014,0.0,1240814.0,-0.574034,0.065788,MAR,PRT,8413
2760035,138,179,1631,2014,2837.0,147637.0,1.0799729999999998,0.697554,MEX,PRT,8413
2760036,140,179,1631,2014,0.0,24677.0,-0.039799,-0.05545,MKD,PRT,8413
2760037,141,179,1631,2014,0.0,33838.0,-1.199063,-1.05497,MLI,PRT,8413
2760038,142,179,1631,2014,35116.0,36195.0,0.817013,0.0016309999999999999,MLT,PRT,8413
2760039,144,179,1631,2014,0.0,56886.0,-0.17039100000000001,-0.21762399999999998,MNE,PRT,8413
2760040,147,179,1631,2014,71433.0,2374716.0,-1.1993610000000001,-1.040181,MOZ,PRT,8413
2760041,148,179,1631,2014,0.0,4945.0,-1.458551,-1.225373,MRT,PRT,8413
2760042,151,179,1631,2014,0.0,3156.0,-0.029891,-0.12431099999999999,MUS,PRT,8413
2760043,152,179,1631,2014,0.0,24733.0,-0.494204,-0.751903,MWI,PRT,8413
2760044,153,179,1631,2014,35335.0,0.0,1.018138,0.774649,MYS,PRT,8413
2760045,155,179,1631,2014,0.0,3669.0,-0.428227,-0.5632229999999999,NAM,PRT,8413
2760046,156,179,1631,2014,0.0,2169.0,-0.509789,-0.767484,NCL,PRT,8413
2760047,159,179,1631,2014,0.0,127524.0,-1.2126430000000001,-1.059697,NGA,PRT,8413
2760048,162,179,1631,2014,6330422.0,450897.0,1.179325,1.355071,NLD,PRT,8413
2760049,163,179,1631,2014,119035.0,76456.0,0.9187049999999999,0.182685,NOR,PRT,8413
2760050,164,179,1631,2014,0.0,17745.0,-0.11988199999999999,0.655883,NPL,PRT,8413
2760051,166,179,1631,2014,0.0,51175.0,0.272502,0.21628699999999998,NZL,PRT,8413
2760052,168,179,1631,2014,3048.0,6205.0,-0.672924,0.566787,PAK,PRT,8413
2760053,169,179,1631,2014,0.0,7275.0,0.771742,0.9873190000000001,PAN,PRT,8413
2760054,173,179,1631,2014,0.0,48939.0,-0.557833,0.611826,PER,PRT,8413
2760055,174,179,1631,2014,2197.0,3257.0,0.637442,0.475883,PHL,PRT,8413
2760056,177,179,1631,2014,121916.0,2401619.0,1.133102,1.177165,POL,PRT,8413
2760057,180,179,1631,2014,4213.0,0.0,-0.608509,-0.930679,PRY,PRT,8413
2760058,183,179,1631,2014,0.0,5083.0,-0.37535599999999997,-1.0196370000000001,QAT,PRT,8413
2760059,185,179,1631,2014,1861304.0,5088546.0,0.9112,1.188161,ROU,PRT,8413
2760060,186,179,1631,2014,25583.0,816163.0,0.229422,-0.214856,RUS,PRT,8413
2760061,187,179,1631,2014,0.0,53697.0,-0.5692659999999999,-0.447859,RWA,PRT,8413
2760062,188,179,1631,2014,0.0,76199.0,0.5758439999999999,-0.832692,SAU,PRT,8413
2760063,190,179,1631,2014,0.0,576900.0,-1.442381,-1.1155030000000001,SDN,PRT,8413
2760064,191,179,1631,2014,0.0,268373.0,-0.502607,-0.08866,SEN,PRT,8413
2760065,192,179,1631,2014,26307.0,93204.0,1.867492,0.626736,SGP,PRT,8413
2760066,197,179,1631,2014,0.0,11556.0,0.08653999999999999,0.29088600000000003,SLV,PRT,8413
2760067,201,179,1631,2014,1098.0,12132.0,0.551635,1.211535,SRB,PRT,8413
2760068,203,179,1631,2014,0.0,248099.0,1.172431,-0.024141,STP,PRT,8413
2760069,206,179,1631,2014,16356.0,49907.0,1.334959,0.821253,SVK,PRT,8413
2760070,207,179,1631,2014,336880.0,8211.0,1.6558669999999998,0.6814399999999999,SVN,PRT,8413
2760071,208,179,1631,2014,4044804.0,424169.0,1.817752,0.558474,SWE,PRT,8413
2760072,211,179,1631,2014,0.0,734.0,0.358111,-0.484879,SYC,PRT,8413
2760073,214,179,1631,2014,0.0,10916.0,-2.012048,-0.921558,TCD,PRT,8413
2760074,215,179,1631,2014,0.0,130257.0,-0.524103,-0.537643,TGO,PRT,8413
2760075,216,179,1631,2014,46411.0,1517.0,0.977094,1.41283,THA,PRT,8413
2760076,220,179,1631,2014,0.0,5546.0,-1.365212,-0.896716,TLS,PRT,8413
2760077,222,179,1631,2014,0.0,16150.0,-0.57362,-1.117545,TTO,PRT,8413
2760078,223,179,1631,2014,4911.0,57852.0,0.343449,1.118007,TUN,PRT,8413
2760079,224,179,1631,2014,347996.0,211465.0,0.554761,2.385693,TUR,PRT,8413
2760080,226,179,1631,2014,0.0,1532.0,-1.054331,0.166345,TZA,PRT,8413
2760081,228,179,1631,2014,2794.0,12052.0,0.566535,0.832267,UKR,PRT,8413
2760082,230,179,1631,2014,0.0,6188.0,0.154034,-0.380899,URY,PRT,8413
2760083,231,179,1631,2014,4106333.0,994775.0,1.61227,0.068905,USA,PRT,8413
2760084,236,179,1631,2014,0.0,65725.0,-0.582086,-1.081727,VEN,PRT,8413
2760085,239,179,1631,2014,0.0,3130.0,-0.023765,1.344416,VNM,PRT,8413
2760086,246,179,1631,2014,27941.0,400318.0,0.282927,1.723214,ZAF,PRT,8413
2760087,247,179,1631,2014,1384.0,9792.0,-0.664089,-0.793452,ZMB,PRT,8413
2760088,249,179,1631,2014,251031.0,24088.0,1.9044189999999999,1.0595139999999998,TWN,PRT,8413
2760089,250,179,1631,2014,0.0,418771.0,0.506842,0.049545,ANS,PRT,8413
2760090,2,180,1631,2014,0.0,13126.0,-1.8184900000000002,-1.149191,AGO,PRY,8413
2760091,7,180,1631,2014,9664.0,0.0,0.087775,-0.289459,ARE,PRY,8413
2760092,8,180,1631,2014,1952818.0,1554.0,0.10691500000000001,0.44860600000000006,ARG,PRY,8413
2760093,15,180,1631,2014,22820.0,0.0,1.7116790000000002,-0.140232,AUT,PRY,8413
2760094,18,180,1631,2014,23394.0,0.0,1.234156,1.226441,BEL,PRY,8413
2760095,26,180,1631,2014,6087.0,0.0,0.5083300000000001,0.711704,BIH,PRY,8413
2760096,31,180,1631,2014,0.0,11355.0,-1.129494,-1.030198,BOL,PRY,8413
2760097,32,180,1631,2014,13237657.0,53824.0,0.218223,0.556921,BRA,PRY,8413
2760098,39,180,1631,2014,16774.0,0.0,0.671395,1.024683,CAN,PRY,8413
2760099,41,180,1631,2014,40029.0,0.0,2.2000919999999997,0.65398,CHE,PRY,8413
2760100,42,180,1631,2014,330639.0,1109.0,-0.344671,-0.43380799999999997,CHL,PRY,8413
2760101,43,180,1631,2014,3587663.0,0.0,1.187557,1.222085,CHN,PRY,8413
2760102,49,180,1631,2014,1973.0,3297.0,0.19864500000000002,-0.378364,COL,PRY,8413
2760103,52,180,1631,2014,0.0,1349.0,0.065938,-0.687971,CRI,PRY,8413
2760104,59,180,1631,2014,12566.0,0.0,1.8105830000000003,0.131131,CZE,PRY,8413
2760105,61,180,1631,2014,1362575.0,10895.0,2.052849,-2.888805,DEU,PRY,8413
2760106,64,180,1631,2014,103994.0,0.0,1.10869,1.245193,DNK,PRY,8413
2760107,67,180,1631,2014,0.0,2060.0,-1.066865,-1.052921,ECU,PRY,8413
2760108,71,180,1631,2014,321278.0,0.0,0.842147,2.45692,ESP,PRY,8413
2760109,74,180,1631,2014,2320.0,0.0,1.626355,1.002923,FIN,PRY,8413
2760110,77,180,1631,2014,232215.0,0.0,1.4817790000000002,0.30995,FRA,PRY,8413
2760111,81,180,1631,2014,132682.0,0.0,1.697964,0.585372,GBR,PRY,8413
2760112,93,180,1631,2014,7590.0,0.0,-0.36547199999999996,0.548894,GTM,PRY,8413
2760113,97,180,1631,2014,19716.0,0.0,0.812132,1.722493,HKG,PRY,8413
2760114,102,180,1631,2014,35508.0,0.0,1.477093,0.812869,HUN,PRY,8413
2760115,104,180,1631,2014,196824.0,0.0,0.262042,2.6305080000000003,IND,PRY,8413
2760116,106,180,1631,2014,1744.0,0.0,1.2658399999999999,0.278546,IRL,PRY,8413
2760117,111,180,1631,2014,3226992.0,0.0,1.340136,0.43931099999999995,ITA,PRY,8413
2760118,114,180,1631,2014,313874.0,0.0,2.403165,-0.635024,JPN,PRY,8413
2760119,121,180,1631,2014,52865.0,0.0,1.817145,0.8394530000000001,KOR,PRY,8413
2760120,138,180,1631,2014,70437.0,0.0,1.0799729999999998,0.697554,MEX,PRY,8413
2760121,162,180,1631,2014,75434.0,0.0,1.179325,1.355071,NLD,PRY,8413
2760122,169,180,1631,2014,7899.0,0.0,0.771742,0.9873190000000001,PAN,PRY,8413
2760123,173,180,1631,2014,11290.0,3587.0,-0.557833,0.611826,PER,PRY,8413
2760124,174,180,1631,2014,774.0,0.0,0.637442,0.475883,PHL,PRY,8413
2760125,179,180,1631,2014,0.0,4213.0,0.621053,2.349644,PRT,PRY,8413
2760126,185,180,1631,2014,36536.0,0.0,0.9112,1.188161,ROU,PRY,8413
2760127,192,180,1631,2014,561825.0,0.0,1.867492,0.626736,SGP,PRY,8413
2760128,206,180,1631,2014,1411.0,0.0,1.334959,0.821253,SVK,PRY,8413
2760129,208,180,1631,2014,129758.0,0.0,1.817752,0.558474,SWE,PRY,8413
2760130,216,180,1631,2014,41323.0,0.0,0.977094,1.41283,THA,PRY,8413
2760131,224,180,1631,2014,104785.0,0.0,0.554761,2.385693,TUR,PRY,8413
2760132,230,180,1631,2014,22097.0,0.0,0.154034,-0.380899,URY,PRY,8413
2760133,231,180,1631,2014,2931814.0,119339.0,1.61227,0.068905,USA,PRY,8413
2760134,249,180,1631,2014,74997.0,0.0,1.9044189999999999,1.0595139999999998,TWN,PRY,8413
2760135,0,181,1631,2014,37928.0,0.0,0.779539,-0.32255700000000004,ABW,PSE,8413
2760136,15,181,1631,2014,3476.0,0.0,1.7116790000000002,-0.140232,AUT,PSE,8413
2760137,18,181,1631,2014,1007.0,0.0,1.234156,1.226441,BEL,PSE,8413
2760138,23,181,1631,2014,1811.0,0.0,0.579058,1.6558110000000001,BGR,PSE,8413
2760139,32,181,1631,2014,2161.0,0.0,0.218223,0.556921,BRA,PSE,8413
2760140,41,181,1631,2014,6578.0,0.0,2.2000919999999997,0.65398,CHE,PSE,8413
2760141,43,181,1631,2014,332230.0,0.0,1.187557,1.222085,CHN,PSE,8413
2760142,61,181,1631,2014,200270.0,0.0,2.052849,-2.888805,DEU,PSE,8413
2760143,64,181,1631,2014,2460.0,0.0,1.10869,1.245193,DNK,PSE,8413
2760144,68,181,1631,2014,0.0,4290.0,-0.086866,1.7419669999999998,EGY,PSE,8413
2760145,71,181,1631,2014,15236.0,0.0,0.842147,2.45692,ESP,PSE,8413
2760146,77,181,1631,2014,9373.0,0.0,1.4817790000000002,0.30995,FRA,PSE,8413
2760147,81,181,1631,2014,2635.0,0.0,1.697964,0.585372,GBR,PSE,8413
2760148,97,181,1631,2014,1611.0,0.0,0.812132,1.722493,HKG,PSE,8413
2760149,102,181,1631,2014,83360.0,0.0,1.477093,0.812869,HUN,PSE,8413
2760150,104,181,1631,2014,5556.0,0.0,0.262042,2.6305080000000003,IND,PSE,8413
2760151,110,181,1631,2014,3519374.0,278597.0,1.211141,0.64523,ISR,PSE,8413
2760152,111,181,1631,2014,73143.0,0.0,1.340136,0.43931099999999995,ITA,PSE,8413
2760153,113,181,1631,2014,55211.0,12106.0,0.210208,0.48732299999999995,JOR,PSE,8413
2760154,114,181,1631,2014,2100.0,0.0,2.403165,-0.635024,JPN,PSE,8413
2760155,121,181,1631,2014,79689.0,0.0,1.817145,0.8394530000000001,KOR,PSE,8413
2760156,177,181,1631,2014,2541.0,0.0,1.133102,1.177165,POL,PSE,8413
2760157,208,181,1631,2014,3065.0,0.0,1.817752,0.558474,SWE,PSE,8413
2760158,216,181,1631,2014,2057.0,0.0,0.977094,1.41283,THA,PSE,8413
2760159,224,181,1631,2014,29499.0,0.0,0.554761,2.385693,TUR,PSE,8413
2760160,231,181,1631,2014,7113.0,0.0,1.61227,0.068905,USA,PSE,8413
2760161,249,181,1631,2014,547.0,0.0,1.9044189999999999,1.0595139999999998,TWN,PSE,8413
2760162,0,188,1631,2014,122291.0,0.0,0.779539,-0.32255700000000004,ABW,SAU,8413
2760163,7,188,1631,2014,12324883.0,1679740.0,0.087775,-0.289459,ARE,SAU,8413
2760164,8,188,1631,2014,107694.0,0.0,0.10691500000000001,0.44860600000000006,ARG,SAU,8413
2760165,14,188,1631,2014,1545077.0,102588.0,-0.398273,-0.17128,AUS,SAU,8413
2760166,15,188,1631,2014,10929440.0,37314.0,1.7116790000000002,-0.140232,AUT,SAU,8413
2760167,18,188,1631,2014,9284595.0,12866.0,1.234156,1.226441,BEL,SAU,8413
2760168,19,188,1631,2014,0.0,170050.0,-0.342225,-0.618789,BEN,SAU,8413
2760169,23,188,1631,2014,819965.0,0.0,0.579058,1.6558110000000001,BGR,SAU,8413
2760170,24,188,1631,2014,2365534.0,3221368.0,0.460168,-0.41671099999999994,BHR,SAU,8413
2760171,26,188,1631,2014,37859.0,0.0,0.5083300000000001,0.711704,BIH,SAU,8413
2760172,31,188,1631,2014,0.0,26898.0,-1.129494,-1.030198,BOL,SAU,8413
2760173,32,188,1631,2014,2341108.0,0.0,0.218223,0.556921,BRA,SAU,8413
2760174,39,188,1631,2014,9414654.0,729444.0,0.671395,1.024683,CAN,SAU,8413
2760175,41,188,1631,2014,4265046.0,0.0,2.2000919999999997,0.65398,CHE,SAU,8413
2760176,42,188,1631,2014,0.0,73181.0,-0.344671,-0.43380799999999997,CHL,SAU,8413
2760177,43,188,1631,2014,54357378.0,4995.0,1.187557,1.222085,CHN,SAU,8413
2760178,44,188,1631,2014,0.0,1917.0,-0.737625,-0.768728,CIV,SAU,8413
2760179,46,188,1631,2014,819069.0,0.0,-1.6680240000000002,-1.1265129999999999,COD,SAU,8413
2760180,49,188,1631,2014,7965.0,1868604.0,0.19864500000000002,-0.378364,COL,SAU,8413
2760181,52,188,1631,2014,60553.0,0.0,0.065938,-0.687971,CRI,SAU,8413
2760182,58,188,1631,2014,1827.0,0.0,0.627467,0.483725,CYP,SAU,8413
2760183,59,188,1631,2014,1483252.0,0.0,1.8105830000000003,0.131131,CZE,SAU,8413
2760184,61,188,1631,2014,115996803.0,171338.0,2.052849,-2.888805,DEU,SAU,8413
2760185,64,188,1631,2014,11894343.0,0.0,1.10869,1.245193,DNK,SAU,8413
2760186,66,188,1631,2014,0.0,5247.0,-1.5554649999999999,-1.1657030000000002,DZA,SAU,8413
2760187,67,188,1631,2014,22139.0,2827.0,-1.066865,-1.052921,ECU,SAU,8413
2760188,68,188,1631,2014,707914.0,544006.0,-0.086866,1.7419669999999998,EGY,SAU,8413
2760189,71,188,1631,2014,28343333.0,569269.0,0.842147,2.45692,ESP,SAU,8413
2760190,72,188,1631,2014,190940.0,0.0,0.9147780000000001,1.151556,EST,SAU,8413
2760191,73,188,1631,2014,0.0,42740.0,-1.296535,-1.045942,ETH,SAU,8413
2760192,74,188,1631,2014,3901729.0,0.0,1.626355,1.002923,FIN,SAU,8413
2760193,77,188,1631,2014,35293450.0,11259.0,1.4817790000000002,0.30995,FRA,SAU,8413
2760194,81,188,1631,2014,57942306.0,1405284.0,1.697964,0.585372,GBR,SAU,8413
2760195,90,188,1631,2014,315804.0,0.0,0.149337,0.8560540000000001,GRC,SAU,8413
2760196,97,188,1631,2014,47965.0,440922.0,0.812132,1.722493,HKG,SAU,8413
2760197,99,188,1631,2014,0.0,30450.0,-0.467004,0.045511,HND,SAU,8413
2760198,102,188,1631,2014,9338342.0,0.0,1.477093,0.812869,HUN,SAU,8413
2760199,103,188,1631,2014,356450.0,2722.0,-0.088032,1.3966459999999998,IDN,SAU,8413
2760200,104,188,1631,2014,15177716.0,119136.0,0.262042,2.6305080000000003,IND,SAU,8413
2760201,106,188,1631,2014,715268.0,0.0,1.2658399999999999,0.278546,IRL,SAU,8413
2760202,108,188,1631,2014,0.0,659775.0,-2.9169,-0.882023,IRQ,SAU,8413
2760203,111,188,1631,2014,174098865.0,265748.0,1.340136,0.43931099999999995,ITA,SAU,8413
2760204,113,188,1631,2014,209841.0,478731.0,0.210208,0.48732299999999995,JOR,SAU,8413
2760205,114,188,1631,2014,95016062.0,35795.0,2.403165,-0.635024,JPN,SAU,8413
2760206,115,188,1631,2014,19885.0,0.0,-0.210431,-0.574075,KAZ,SAU,8413
2760207,121,188,1631,2014,83533278.0,9230.0,1.817145,0.8394530000000001,KOR,SAU,8413
2760208,122,188,1631,2014,770129.0,4126483.0,-0.769616,-1.10667,KWT,SAU,8413
2760209,124,188,1631,2014,72727.0,0.0,0.308677,1.7564490000000001,LBN,SAU,8413
2760210,126,188,1631,2014,0.0,158751.0,-1.5943829999999999,-1.189961,LBY,SAU,8413
2760211,128,188,1631,2014,1473.0,0.0,-0.49366899999999997,0.338686,LKA,SAU,8413
2760212,130,188,1631,2014,25024.0,0.0,0.764495,1.3451540000000002,LTU,SAU,8413
2760213,131,188,1631,2014,1599230.0,0.0,1.243845,1.155474,LUX,SAU,8413
2760214,134,188,1631,2014,0.0,10641.0,-0.574034,0.065788,MAR,SAU,8413
2760215,136,188,1631,2014,0.0,2309.0,-1.002122,-0.44446,MDG,SAU,8413
2760216,138,188,1631,2014,5763266.0,0.0,1.0799729999999998,0.697554,MEX,SAU,8413
2760217,142,188,1631,2014,19990.0,0.0,0.817013,0.0016309999999999999,MLT,SAU,8413
2760218,145,188,1631,2014,0.0,51400.0,-1.425524,-1.161949,MNG,SAU,8413
2760219,153,188,1631,2014,161776.0,30527.0,1.018138,0.774649,MYS,SAU,8413
2760220,159,188,1631,2014,0.0,3004.0,-1.2126430000000001,-1.059697,NGA,SAU,8413
2760221,162,188,1631,2014,69951814.0,525843.0,1.179325,1.355071,NLD,SAU,8413
2760222,163,188,1631,2014,596131.0,0.0,0.9187049999999999,0.182685,NOR,SAU,8413
2760223,166,188,1631,2014,7963.0,0.0,0.272502,0.21628699999999998,NZL,SAU,8413
2760224,167,188,1631,2014,3590093.0,153883.0,-0.505129,-1.0051370000000002,OMN,SAU,8413
2760225,168,188,1631,2014,92576.0,11660.0,-0.672924,0.566787,PAK,SAU,8413
2760226,173,188,1631,2014,0.0,36950.0,-0.557833,0.611826,PER,SAU,8413
2760227,177,188,1631,2014,1376847.0,0.0,1.133102,1.177165,POL,SAU,8413
2760228,179,188,1631,2014,76199.0,0.0,0.621053,2.349644,PRT,SAU,8413
2760229,183,188,1631,2014,0.0,745927.0,-0.37535599999999997,-1.0196370000000001,QAT,SAU,8413
2760230,185,188,1631,2014,125018.0,0.0,0.9112,1.188161,ROU,SAU,8413
2760231,186,188,1631,2014,1129.0,3711.0,0.229422,-0.214856,RUS,SAU,8413
2760232,190,188,1631,2014,0.0,3943805.0,-1.442381,-1.1155030000000001,SDN,SAU,8413
2760233,191,188,1631,2014,0.0,81561.0,-0.502607,-0.08866,SEN,SAU,8413
2760234,192,188,1631,2014,7422749.0,385496.0,1.867492,0.626736,SGP,SAU,8413
2760235,201,188,1631,2014,115645.0,0.0,0.551635,1.211535,SRB,SAU,8413
2760236,206,188,1631,2014,146919.0,0.0,1.334959,0.821253,SVK,SAU,8413
2760237,207,188,1631,2014,33008.0,2553.0,1.6558669999999998,0.6814399999999999,SVN,SAU,8413
2760238,208,188,1631,2014,8679969.0,31099.0,1.817752,0.558474,SWE,SAU,8413
2760239,211,188,1631,2014,0.0,962.0,0.358111,-0.484879,SYC,SAU,8413
2760240,216,188,1631,2014,1400086.0,0.0,0.977094,1.41283,THA,SAU,8413
2760241,222,188,1631,2014,667417.0,0.0,-0.57362,-1.117545,TTO,SAU,8413
2760242,223,188,1631,2014,1759434.0,0.0,0.343449,1.118007,TUN,SAU,8413
2760243,224,188,1631,2014,10102840.0,83883.0,0.554761,2.385693,TUR,SAU,8413
2760244,226,188,1631,2014,16246.0,5883.0,-1.054331,0.166345,TZA,SAU,8413
2760245,228,188,1631,2014,3088406.0,14947.0,0.566535,0.832267,UKR,SAU,8413
2760246,231,188,1631,2014,230777854.0,13490846.0,1.61227,0.068905,USA,SAU,8413
2760247,239,188,1631,2014,2077.0,0.0,-0.023765,1.344416,VNM,SAU,8413
2760248,243,188,1631,2014,2775.0,620026.0,-1.2829190000000001,-1.227373,YEM,SAU,8413
2760249,246,188,1631,2014,1129610.0,0.0,0.282927,1.723214,ZAF,SAU,8413
2760250,247,188,1631,2014,0.0,2695.0,-0.664089,-0.793452,ZMB,SAU,8413
2760251,249,188,1631,2014,6879363.0,0.0,1.9044189999999999,1.0595139999999998,TWN,SAU,8413
2760252,250,188,1631,2014,1013159.0,0.0,0.506842,0.049545,ANS,SAU,8413
2760253,0,190,1631,2014,184476.0,0.0,0.779539,-0.32255700000000004,ABW,SDN,8413
2760254,7,190,1631,2014,2103891.0,0.0,0.087775,-0.289459,ARE,SDN,8413
2760255,11,190,1631,2014,3033.0,0.0,1.3498370000000002,-0.197062,ATA,SDN,8413
2760256,14,190,1631,2014,85133.0,0.0,-0.398273,-0.17128,AUS,SDN,8413
2760257,15,190,1631,2014,4171413.0,0.0,1.7116790000000002,-0.140232,AUT,SDN,8413
2760258,17,190,1631,2014,1483.0,0.0,-0.242256,-0.8567879999999999,BDI,SDN,8413
2760259,18,190,1631,2014,239460.0,1989.0,1.234156,1.226441,BEL,SDN,8413
2760260,24,190,1631,2014,1293.0,0.0,0.460168,-0.41671099999999994,BHR,SDN,8413
2760261,28,190,1631,2014,23073.0,0.0,0.874108,0.676231,BLR,SDN,8413
2760262,32,190,1631,2014,33314.0,0.0,0.218223,0.556921,BRA,SDN,8413
2760263,38,190,1631,2014,417801.0,0.0,0.695875,0.543384,CAF,SDN,8413
2760264,39,190,1631,2014,351373.0,0.0,0.671395,1.024683,CAN,SDN,8413
2760265,41,190,1631,2014,12657.0,0.0,2.2000919999999997,0.65398,CHE,SDN,8413
2760266,43,190,1631,2014,14151825.0,0.0,1.187557,1.222085,CHN,SDN,8413
2760267,58,190,1631,2014,45323.0,0.0,0.627467,0.483725,CYP,SDN,8413
2760268,59,190,1631,2014,1243552.0,0.0,1.8105830000000003,0.131131,CZE,SDN,8413
2760269,61,190,1631,2014,1249471.0,0.0,2.052849,-2.888805,DEU,SDN,8413
2760270,64,190,1631,2014,1066380.0,0.0,1.10869,1.245193,DNK,SDN,8413
2760271,67,190,1631,2014,331114.0,0.0,-1.066865,-1.052921,ECU,SDN,8413
2760272,68,190,1631,2014,461072.0,0.0,-0.086866,1.7419669999999998,EGY,SDN,8413
2760273,71,190,1631,2014,3107.0,0.0,0.842147,2.45692,ESP,SDN,8413
2760274,74,190,1631,2014,1939.0,0.0,1.626355,1.002923,FIN,SDN,8413
2760275,77,190,1631,2014,6415937.0,0.0,1.4817790000000002,0.30995,FRA,SDN,8413
2760276,80,190,1631,2014,22446.0,0.0,-1.625474,-1.135973,GAB,SDN,8413
2760277,81,190,1631,2014,1592570.0,0.0,1.697964,0.585372,GBR,SDN,8413
2760278,84,190,1631,2014,6590.0,0.0,0.275796,-0.720217,GIB,SDN,8413
2760279,90,190,1631,2014,2698.0,0.0,0.149337,0.8560540000000001,GRC,SDN,8413
2760280,97,190,1631,2014,96600.0,0.0,0.812132,1.722493,HKG,SDN,8413
2760281,99,190,1631,2014,2377.0,0.0,-0.467004,0.045511,HND,SDN,8413
2760282,102,190,1631,2014,418273.0,0.0,1.477093,0.812869,HUN,SDN,8413
2760283,103,190,1631,2014,3128.0,0.0,-0.088032,1.3966459999999998,IDN,SDN,8413
2760284,104,190,1631,2014,3159227.0,2152.0,0.262042,2.6305080000000003,IND,SDN,8413
2760285,106,190,1631,2014,12405.0,0.0,1.2658399999999999,0.278546,IRL,SDN,8413
2760286,107,190,1631,2014,306126.0,0.0,-0.361058,-0.312743,IRN,SDN,8413
2760287,111,190,1631,2014,6403062.0,0.0,1.340136,0.43931099999999995,ITA,SDN,8413
2760288,113,190,1631,2014,60152.0,0.0,0.210208,0.48732299999999995,JOR,SDN,8413
2760289,114,190,1631,2014,1860982.0,0.0,2.403165,-0.635024,JPN,SDN,8413
2760290,121,190,1631,2014,82226.0,0.0,1.817145,0.8394530000000001,KOR,SDN,8413
2760291,122,190,1631,2014,12552.0,0.0,-0.769616,-1.10667,KWT,SDN,8413
2760292,124,190,1631,2014,59437.0,0.0,0.308677,1.7564490000000001,LBN,SDN,8413
2760293,126,190,1631,2014,10773.0,0.0,-1.5943829999999999,-1.189961,LBY,SDN,8413
2760294,128,190,1631,2014,0.0,2164.0,-0.49366899999999997,0.338686,LKA,SDN,8413
2760295,134,190,1631,2014,4045.0,0.0,-0.574034,0.065788,MAR,SDN,8413
2760296,136,190,1631,2014,6878.0,0.0,-1.002122,-0.44446,MDG,SDN,8413
2760297,152,190,1631,2014,39437.0,0.0,-0.494204,-0.751903,MWI,SDN,8413
2760298,153,190,1631,2014,40783.0,0.0,1.018138,0.774649,MYS,SDN,8413
2760299,162,190,1631,2014,1011638.0,0.0,1.179325,1.355071,NLD,SDN,8413
2760300,167,190,1631,2014,20445.0,0.0,-0.505129,-1.0051370000000002,OMN,SDN,8413
2760301,168,190,1631,2014,1813.0,0.0,-0.672924,0.566787,PAK,SDN,8413
2760302,177,190,1631,2014,92578.0,0.0,1.133102,1.177165,POL,SDN,8413
2760303,179,190,1631,2014,576900.0,0.0,0.621053,2.349644,PRT,SDN,8413
2760304,183,190,1631,2014,8377.0,5852.0,-0.37535599999999997,-1.0196370000000001,QAT,SDN,8413
2760305,185,190,1631,2014,39363.0,0.0,0.9112,1.188161,ROU,SDN,8413
2760306,186,190,1631,2014,46554.0,0.0,0.229422,-0.214856,RUS,SDN,8413
2760307,188,190,1631,2014,3943805.0,0.0,0.5758439999999999,-0.832692,SAU,SDN,8413
2760308,192,190,1631,2014,1009674.0,1333.0,1.867492,0.626736,SGP,SDN,8413
2760309,200,190,1631,2014,9879.0,0.0,0.783898,-0.540244,SPM,SDN,8413
2760310,208,190,1631,2014,71091.0,0.0,1.817752,0.558474,SWE,SDN,8413
2760311,211,190,1631,2014,1182.0,0.0,0.358111,-0.484879,SYC,SDN,8413
2760312,212,190,1631,2014,1198.0,0.0,-0.366224,0.9054719999999999,SYR,SDN,8413
2760313,216,190,1631,2014,63944.0,0.0,0.977094,1.41283,THA,SDN,8413
2760314,224,190,1631,2014,1196176.0,0.0,0.554761,2.385693,TUR,SDN,8413
2760315,227,190,1631,2014,51753.0,1078.0,-0.46911800000000003,0.25446599999999997,UGA,SDN,8413
2760316,228,190,1631,2014,8850.0,30091.0,0.566535,0.832267,UKR,SDN,8413
2760317,231,190,1631,2014,106906.0,0.0,1.61227,0.068905,USA,SDN,8413
2760318,233,190,1631,2014,83008.0,0.0,1.150282,0.660892,VAT,SDN,8413
2760319,234,190,1631,2014,264457.0,0.0,0.034024,-0.522492,VCT,SDN,8413
2760320,236,190,1631,2014,11086.0,0.0,-0.582086,-1.081727,VEN,SDN,8413
2760321,239,190,1631,2014,911.0,0.0,-0.023765,1.344416,VNM,SDN,8413
2760322,243,190,1631,2014,27862.0,0.0,-1.2829190000000001,-1.227373,YEM,SDN,8413
2760323,246,190,1631,2014,182558.0,0.0,0.282927,1.723214,ZAF,SDN,8413
2760324,249,190,1631,2014,109868.0,0.0,1.9044189999999999,1.0595139999999998,TWN,SDN,8413
2760325,4,191,1631,2014,8595.0,0.0,-0.476024,-0.33978400000000003,ALB,SEN,8413
2760326,7,191,1631,2014,1415695.0,0.0,0.087775,-0.289459,ARE,SEN,8413
2760327,14,191,1631,2014,1528903.0,0.0,-0.398273,-0.17128,AUS,SEN,8413
2760328,18,191,1631,2014,1420781.0,120303.0,1.234156,1.226441,BEL,SEN,8413
2760329,21,191,1631,2014,0.0,62670.0,-0.922401,-0.9554379999999999,BFA,SEN,8413
2760330,23,191,1631,2014,7418.0,0.0,0.579058,1.6558110000000001,BGR,SEN,8413
2760331,32,191,1631,2014,86605.0,0.0,0.218223,0.556921,BRA,SEN,8413
2760332,39,191,1631,2014,14172.0,11058.0,0.671395,1.024683,CAN,SEN,8413
2760333,41,191,1631,2014,67117.0,0.0,2.2000919999999997,0.65398,CHE,SEN,8413
2760334,43,191,1631,2014,1660635.0,0.0,1.187557,1.222085,CHN,SEN,8413
2760335,44,191,1631,2014,0.0,29930.0,-0.737625,-0.768728,CIV,SEN,8413
2760336,45,191,1631,2014,1079.0,0.0,-0.6723520000000001,-0.945084,CMR,SEN,8413
2760337,47,191,1631,2014,3109.0,0.0,-1.371624,-1.12468,COG,SEN,8413
2760338,51,191,1631,2014,0.0,1322.0,-0.182368,-0.7136359999999999,CPV,SEN,8413
2760339,59,191,1631,2014,2427.0,0.0,1.8105830000000003,0.131131,CZE,SEN,8413
2760340,61,191,1631,2014,967606.0,0.0,2.052849,-2.888805,DEU,SEN,8413
2760341,64,191,1631,2014,63016.0,0.0,1.10869,1.245193,DNK,SEN,8413
2760342,67,191,1631,2014,0.0,3052.0,-1.066865,-1.052921,ECU,SEN,8413
2760343,71,191,1631,2014,499708.0,13282.0,0.842147,2.45692,ESP,SEN,8413
2760344,74,191,1631,2014,42463.0,0.0,1.626355,1.002923,FIN,SEN,8413
2760345,77,191,1631,2014,7903933.0,317935.0,1.4817790000000002,0.30995,FRA,SEN,8413
2760346,81,191,1631,2014,2002512.0,22258.0,1.697964,0.585372,GBR,SEN,8413
2760347,83,191,1631,2014,99993.0,0.0,-1.130226,-0.9909379999999999,GHA,SEN,8413
2760348,85,191,1631,2014,0.0,24032.0,-1.628409,-1.202473,GIN,SEN,8413
2760349,87,191,1631,2014,0.0,34586.0,-0.905488,-0.7892819999999999,GMB,SEN,8413
2760350,88,191,1631,2014,0.0,30632.0,-1.6723700000000001,-0.896442,GNB,SEN,8413
2760351,97,191,1631,2014,7843.0,0.0,0.812132,1.722493,HKG,SEN,8413
2760352,104,191,1631,2014,3035377.0,0.0,0.262042,2.6305080000000003,IND,SEN,8413
2760353,106,191,1631,2014,2567.0,14871.0,1.2658399999999999,0.278546,IRL,SEN,8413
2760354,111,191,1631,2014,2036277.0,0.0,1.340136,0.43931099999999995,ITA,SEN,8413
2760355,114,191,1631,2014,288345.0,0.0,2.403165,-0.635024,JPN,SEN,8413
2760356,116,191,1631,2014,3069.0,0.0,-0.487058,0.307288,KEN,SEN,8413
2760357,121,191,1631,2014,28708.0,141751.0,1.817145,0.8394530000000001,KOR,SEN,8413
2760358,124,191,1631,2014,22845.0,0.0,0.308677,1.7564490000000001,LBN,SEN,8413
2760359,134,191,1631,2014,223825.0,4438.0,-0.574034,0.065788,MAR,SEN,8413
2760360,138,191,1631,2014,18513.0,0.0,1.0799729999999998,0.697554,MEX,SEN,8413
2760361,141,191,1631,2014,0.0,211809.0,-1.199063,-1.05497,MLI,SEN,8413
2760362,143,191,1631,2014,0.0,4583.0,-1.5332459999999999,-1.145973,MMR,SEN,8413
2760363,148,191,1631,2014,5275.0,118728.0,-1.458551,-1.225373,MRT,SEN,8413
2760364,155,191,1631,2014,2194.0,0.0,-0.428227,-0.5632229999999999,NAM,SEN,8413
2760365,157,191,1631,2014,0.0,1306.0,-0.7187,-0.80918,NER,SEN,8413
2760366,161,191,1631,2014,3173.0,0.0,1.624556,0.065342,NIU,SEN,8413
2760367,162,191,1631,2014,1051019.0,0.0,1.179325,1.355071,NLD,SEN,8413
2760368,163,191,1631,2014,4830.0,0.0,0.9187049999999999,0.182685,NOR,SEN,8413
2760369,168,191,1631,2014,0.0,11132.0,-0.672924,0.566787,PAK,SEN,8413
2760370,177,191,1631,2014,6838.0,0.0,1.133102,1.177165,POL,SEN,8413
2760371,178,191,1631,2014,2399.0,0.0,-0.23883000000000001,-0.009727,PRK,SEN,8413
2760372,179,191,1631,2014,268373.0,0.0,0.621053,2.349644,PRT,SEN,8413
2760373,188,191,1631,2014,81561.0,0.0,0.5758439999999999,-0.832692,SAU,SEN,8413
2760374,192,191,1631,2014,25656.0,16349.0,1.867492,0.626736,SGP,SEN,8413
2760375,206,191,1631,2014,8129.0,0.0,1.334959,0.821253,SVK,SEN,8413
2760376,208,191,1631,2014,1049712.0,0.0,1.817752,0.558474,SWE,SEN,8413
2760377,215,191,1631,2014,0.0,39956.0,-0.524103,-0.537643,TGO,SEN,8413
2760378,216,191,1631,2014,2416.0,0.0,0.977094,1.41283,THA,SEN,8413
2760379,223,191,1631,2014,5857.0,0.0,0.343449,1.118007,TUN,SEN,8413
2760380,224,191,1631,2014,182388.0,12652.0,0.554761,2.385693,TUR,SEN,8413
2760381,226,191,1631,2014,11541.0,0.0,-1.054331,0.166345,TZA,SEN,8413
2760382,227,191,1631,2014,0.0,1904.0,-0.46911800000000003,0.25446599999999997,UGA,SEN,8413
2760383,228,191,1631,2014,47705.0,0.0,0.566535,0.832267,UKR,SEN,8413
2760384,231,191,1631,2014,1283135.0,2672.0,1.61227,0.068905,USA,SEN,8413
2760385,246,191,1631,2014,1122610.0,8303.0,0.282927,1.723214,ZAF,SEN,8413
2760386,0,192,1631,2014,0.0,21431.0,0.779539,-0.32255700000000004,ABW,SGP,8413
2760387,2,192,1631,2014,0.0,670227.0,-1.8184900000000002,-1.149191,AGO,SGP,8413
2760388,4,192,1631,2014,1475.0,0.0,-0.476024,-0.33978400000000003,ALB,SGP,8413
2760389,7,192,1631,2014,665490.0,26222827.0,0.087775,-0.289459,ARE,SGP,8413
2760390,8,192,1631,2014,75783.0,6400498.0,0.10691500000000001,0.44860600000000006,ARG,SGP,8413
2760391,9,192,1631,2014,816.0,25223.0,-0.198322,-0.5918680000000001,ARM,SGP,8413
2760392,14,192,1631,2014,11842469.0,11609484.0,-0.398273,-0.17128,AUS,SGP,8413
2760393,15,192,1631,2014,4980850.0,74033.0,1.7116790000000002,-0.140232,AUT,SGP,8413
2760394,16,192,1631,2014,0.0,1596942.0,-0.909508,-1.165158,AZE,SGP,8413
2760395,18,192,1631,2014,12031072.0,617972.0,1.234156,1.226441,BEL,SGP,8413
2760396,19,192,1631,2014,0.0,60914.0,-0.342225,-0.618789,BEN,SGP,8413
2760397,22,192,1631,2014,59700.0,5105570.0,-1.0341879999999999,-0.9614870000000001,BGD,SGP,8413
2760398,23,192,1631,2014,57039.0,3084.0,0.579058,1.6558110000000001,BGR,SGP,8413
2760399,24,192,1631,2014,0.0,180175.0,0.460168,-0.41671099999999994,BHR,SGP,8413
2760400,26,192,1631,2014,7673.0,750.0,0.5083300000000001,0.711704,BIH,SGP,8413
2760401,31,192,1631,2014,0.0,3598.0,-1.129494,-1.030198,BOL,SGP,8413
2760402,32,192,1631,2014,17146911.0,2327818.0,0.218223,0.556921,BRA,SGP,8413
2760403,33,192,1631,2014,0.0,2430.0,0.44968400000000003,-0.15268900000000002,BRB,SGP,8413
2760404,34,192,1631,2014,409217.0,7131080.0,0.191357,-0.683567,BRN,SGP,8413
2760405,39,192,1631,2014,2729203.0,36709754.0,0.671395,1.024683,CAN,SGP,8413
2760406,41,192,1631,2014,3369433.0,127820.0,2.2000919999999997,0.65398,CHE,SGP,8413
2760407,42,192,1631,2014,0.0,69168.0,-0.344671,-0.43380799999999997,CHL,SGP,8413
2760408,43,192,1631,2014,88231799.0,27870772.0,1.187557,1.222085,CHN,SGP,8413
2760409,44,192,1631,2014,0.0,6580.0,-0.737625,-0.768728,CIV,SGP,8413
2760410,45,192,1631,2014,0.0,1081940.0,-0.6723520000000001,-0.945084,CMR,SGP,8413
2760411,46,192,1631,2014,0.0,10049.0,-1.6680240000000002,-1.1265129999999999,COD,SGP,8413
2760412,47,192,1631,2014,0.0,318538.0,-1.371624,-1.12468,COG,SGP,8413
2760413,49,192,1631,2014,374812.0,3821434.0,0.19864500000000002,-0.378364,COL,SGP,8413
2760414,52,192,1631,2014,0.0,45643.0,0.065938,-0.687971,CRI,SGP,8413
2760415,55,192,1631,2014,61547.0,2562.0,-0.00902,-0.683643,CUW,SGP,8413
2760416,58,192,1631,2014,0.0,12268.0,0.627467,0.483725,CYP,SGP,8413
2760417,59,192,1631,2014,388924.0,91102.0,1.8105830000000003,0.131131,CZE,SGP,8413
2760418,61,192,1631,2014,132312950.0,3393473.0,2.052849,-2.888805,DEU,SGP,8413
2760419,62,192,1631,2014,0.0,41113.0,-0.394602,-0.74178,DJI,SGP,8413
2760420,64,192,1631,2014,21359609.0,447661.0,1.10869,1.245193,DNK,SGP,8413
2760421,65,192,1631,2014,0.0,771.0,-0.180845,0.508512,DOM,SGP,8413
2760422,66,192,1631,2014,5059.0,3808349.0,-1.5554649999999999,-1.1657030000000002,DZA,SGP,8413
2760423,67,192,1631,2014,0.0,5645590.0,-1.066865,-1.052921,ECU,SGP,8413
2760424,68,192,1631,2014,0.0,3282938.0,-0.086866,1.7419669999999998,EGY,SGP,8413
2760425,71,192,1631,2014,8149724.0,463699.0,0.842147,2.45692,ESP,SGP,8413
2760426,72,192,1631,2014,0.0,3445.0,0.9147780000000001,1.151556,EST,SGP,8413
2760427,73,192,1631,2014,0.0,18169.0,-1.296535,-1.045942,ETH,SGP,8413
2760428,74,192,1631,2014,1406608.0,87276.0,1.626355,1.002923,FIN,SGP,8413
2760429,75,192,1631,2014,0.0,211420.0,-0.306346,-0.07688500000000001,FJI,SGP,8413
2760430,77,192,1631,2014,12457713.0,2308389.0,1.4817790000000002,0.30995,FRA,SGP,8413
2760431,80,192,1631,2014,4998.0,3660263.0,-1.625474,-1.135973,GAB,SGP,8413
2760432,81,192,1631,2014,42868101.0,18862000.0,1.697964,0.585372,GBR,SGP,8413
2760433,82,192,1631,2014,8637.0,873850.0,-0.254106,-0.646584,GEO,SGP,8413
2760434,83,192,1631,2014,34634.0,79205.0,-1.130226,-0.9909379999999999,GHA,SGP,8413
2760435,89,192,1631,2014,0.0,86414.0,-2.043516,-0.844701,GNQ,SGP,8413
2760436,90,192,1631,2014,32257.0,13140.0,0.149337,0.8560540000000001,GRC,SGP,8413
2760437,93,192,1631,2014,0.0,87808.0,-0.36547199999999996,0.548894,GTM,SGP,8413
2760438,95,192,1631,2014,0.0,237522.0,0.6368119999999999,-0.01771,GUM,SGP,8413
2760439,96,192,1631,2014,0.0,7029.0,-1.068777,-1.038227,GUY,SGP,8413
2760440,97,192,1631,2014,2415051.0,12006048.0,0.812132,1.722493,HKG,SGP,8413
2760441,100,192,1631,2014,97471.0,11939.0,0.804401,1.250807,HRV,SGP,8413
2760442,102,192,1631,2014,6104512.0,93201.0,1.477093,0.812869,HUN,SGP,8413
2760443,103,192,1631,2014,11785646.0,91125887.0,-0.088032,1.3966459999999998,IDN,SGP,8413
2760444,104,192,1631,2014,22983515.0,13964427.0,0.262042,2.6305080000000003,IND,SGP,8413
2760445,106,192,1631,2014,958102.0,10128.0,1.2658399999999999,0.278546,IRL,SGP,8413
2760446,107,192,1631,2014,0.0,343337.0,-0.361058,-0.312743,IRN,SGP,8413
2760447,108,192,1631,2014,0.0,8268.0,-2.9169,-0.882023,IRQ,SGP,8413
2760448,110,192,1631,2014,119158.0,452390.0,1.211141,0.64523,ISR,SGP,8413
2760449,111,192,1631,2014,24871909.0,1749801.0,1.340136,0.43931099999999995,ITA,SGP,8413
2760450,112,192,1631,2014,0.0,12737.0,-0.42745299999999997,-0.7750130000000001,JAM,SGP,8413
2760451,113,192,1631,2014,3311.0,96262.0,0.210208,0.48732299999999995,JOR,SGP,8413
2760452,114,192,1631,2014,80779554.0,3652744.0,2.403165,-0.635024,JPN,SGP,8413
2760453,115,192,1631,2014,0.0,995954.0,-0.210431,-0.574075,KAZ,SGP,8413
2760454,116,192,1631,2014,3884.0,63607.0,-0.487058,0.307288,KEN,SGP,8413
2760455,118,192,1631,2014,0.0,802083.0,-0.84072,-0.8307040000000001,KHM,SGP,8413
2760456,121,192,1631,2014,12159179.0,35684354.0,1.817145,0.8394530000000001,KOR,SGP,8413
2760457,122,192,1631,2014,1161.0,303717.0,-0.769616,-1.10667,KWT,SGP,8413
2760458,123,192,1631,2014,0.0,26588.0,-1.054294,-0.869916,LAO,SGP,8413
2760459,124,192,1631,2014,0.0,5705.0,0.308677,1.7564490000000001,LBN,SGP,8413
2760460,125,192,1631,2014,0.0,5883.0,-1.016828,-1.107983,LBR,SGP,8413
2760461,126,192,1631,2014,0.0,96265.0,-1.5943829999999999,-1.189961,LBY,SGP,8413
2760462,128,192,1631,2014,97145.0,2469608.0,-0.49366899999999997,0.338686,LKA,SGP,8413
2760463,130,192,1631,2014,6085.0,15329.0,0.764495,1.3451540000000002,LTU,SGP,8413
2760464,131,192,1631,2014,354377.0,6119.0,1.243845,1.155474,LUX,SGP,8413
2760465,132,192,1631,2014,37000.0,4388.0,0.613116,1.1899790000000001,LVA,SGP,8413
2760466,133,192,1631,2014,0.0,30930.0,0.704535,0.5856140000000001,MAC,SGP,8413
2760467,134,192,1631,2014,1007.0,23938.0,-0.574034,0.065788,MAR,SGP,8413
2760468,136,192,1631,2014,0.0,63950.0,-1.002122,-0.44446,MDG,SGP,8413
2760469,137,192,1631,2014,3181.0,1619114.0,-0.43265299999999995,-0.82696,MDV,SGP,8413
2760470,138,192,1631,2014,3762269.0,2894609.0,1.0799729999999998,0.697554,MEX,SGP,8413
2760471,139,192,1631,2014,0.0,9040.0,-0.22505,-0.803084,MHL,SGP,8413
2760472,142,192,1631,2014,41383.0,31785.0,0.817013,0.0016309999999999999,MLT,SGP,8413
2760473,143,192,1631,2014,256045.0,9646916.0,-1.5332459999999999,-1.145973,MMR,SGP,8413
2760474,145,192,1631,2014,190451.0,69864.0,-1.425524,-1.161949,MNG,SGP,8413
2760475,146,192,1631,2014,0.0,5006.0,1.1877790000000001,-0.300664,MNP,SGP,8413
2760476,147,192,1631,2014,5260.0,34706.0,-1.1993610000000001,-1.040181,MOZ,SGP,8413
2760477,151,192,1631,2014,0.0,107017.0,-0.029891,-0.12431099999999999,MUS,SGP,8413
2760478,153,192,1631,2014,19662869.0,73254802.0,1.018138,0.774649,MYS,SGP,8413
2760479,155,192,1631,2014,1903.0,32505.0,-0.428227,-0.5632229999999999,NAM,SGP,8413
2760480,156,192,1631,2014,38875.0,140169.0,-0.509789,-0.767484,NCL,SGP,8413
2760481,157,192,1631,2014,780.0,1370.0,-0.7187,-0.80918,NER,SGP,8413
2760482,159,192,1631,2014,562.0,971917.0,-1.2126430000000001,-1.059697,NGA,SGP,8413
2760483,160,192,1631,2014,0.0,5127.0,-0.938269,-0.839066,NIC,SGP,8413
2760484,162,192,1631,2014,31220114.0,2411207.0,1.179325,1.355071,NLD,SGP,8413
2760485,163,192,1631,2014,38865994.0,554065.0,0.9187049999999999,0.182685,NOR,SGP,8413
2760486,164,192,1631,2014,17372.0,158463.0,-0.11988199999999999,0.655883,NPL,SGP,8413
2760487,166,192,1631,2014,452243.0,1584685.0,0.272502,0.21628699999999998,NZL,SGP,8413
2760488,167,192,1631,2014,27604.0,432821.0,-0.505129,-1.0051370000000002,OMN,SGP,8413
2760489,168,192,1631,2014,74910.0,906913.0,-0.672924,0.566787,PAK,SGP,8413
2760490,169,192,1631,2014,0.0,26362.0,0.771742,0.9873190000000001,PAN,SGP,8413
2760491,173,192,1631,2014,1344.0,1013206.0,-0.557833,0.611826,PER,SGP,8413
2760492,174,192,1631,2014,1472468.0,14505613.0,0.637442,0.475883,PHL,SGP,8413
2760493,175,192,1631,2014,0.0,9524.0,0.38879600000000003,-0.532062,PLW,SGP,8413
2760494,176,192,1631,2014,66918.0,844733.0,-1.564904,-1.146255,PNG,SGP,8413
2760495,177,192,1631,2014,715969.0,61461.0,1.133102,1.177165,POL,SGP,8413
2760496,178,192,1631,2014,0.0,1078.0,-0.23883000000000001,-0.009727,PRK,SGP,8413
2760497,179,192,1631,2014,93204.0,26307.0,0.621053,2.349644,PRT,SGP,8413
2760498,180,192,1631,2014,0.0,561825.0,-0.608509,-0.930679,PRY,SGP,8413
2760499,182,192,1631,2014,0.0,53660.0,0.008831,-0.6268279999999999,PYF,SGP,8413
2760500,183,192,1631,2014,18155.0,1005377.0,-0.37535599999999997,-1.0196370000000001,QAT,SGP,8413
2760501,185,192,1631,2014,181257.0,1335512.0,0.9112,1.188161,ROU,SGP,8413
2760502,186,192,1631,2014,132666.0,7791023.0,0.229422,-0.214856,RUS,SGP,8413
2760503,187,192,1631,2014,0.0,1197.0,-0.5692659999999999,-0.447859,RWA,SGP,8413
2760504,188,192,1631,2014,385496.0,7422749.0,0.5758439999999999,-0.832692,SAU,SGP,8413
2760505,190,192,1631,2014,1333.0,1009674.0,-1.442381,-1.1155030000000001,SDN,SGP,8413
2760506,191,192,1631,2014,16349.0,25656.0,-0.502607,-0.08866,SEN,SGP,8413
2760507,195,192,1631,2014,1888.0,47739.0,-0.862089,-0.9075840000000001,SLB,SGP,8413
2760508,201,192,1631,2014,198291.0,5337.0,0.551635,1.211535,SRB,SGP,8413
2760509,202,192,1631,2014,167636.0,1389.0,-2.824279,-0.8767969999999999,SSD,SGP,8413
2760510,206,192,1631,2014,301866.0,72154.0,1.334959,0.821253,SVK,SGP,8413
2760511,207,192,1631,2014,129052.0,68714.0,1.6558669999999998,0.6814399999999999,SVN,SGP,8413
2760512,208,192,1631,2014,8098366.0,168567.0,1.817752,0.558474,SWE,SGP,8413
2760513,209,192,1631,2014,4315.0,0.0,0.22972199999999998,-0.365564,SWZ,SGP,8413
2760514,211,192,1631,2014,0.0,299513.0,0.358111,-0.484879,SYC,SGP,8413
2760515,214,192,1631,2014,0.0,1264394.0,-2.012048,-0.921558,TCD,SGP,8413
2760516,216,192,1631,2014,10257627.0,25897517.0,0.977094,1.41283,THA,SGP,8413
2760517,220,192,1631,2014,0.0,132640.0,-1.365212,-0.896716,TLS,SGP,8413
2760518,221,192,1631,2014,0.0,12502.0,-0.11129100000000001,-0.523176,TON,SGP,8413
2760519,222,192,1631,2014,0.0,34017.0,-0.57362,-1.117545,TTO,SGP,8413
2760520,223,192,1631,2014,13623.0,610503.0,0.343449,1.118007,TUN,SGP,8413
2760521,224,192,1631,2014,2297803.0,752089.0,0.554761,2.385693,TUR,SGP,8413
2760522,226,192,1631,2014,9404.0,43162.0,-1.054331,0.166345,TZA,SGP,8413
2760523,227,192,1631,2014,0.0,418.0,-0.46911800000000003,0.25446599999999997,UGA,SGP,8413
2760524,228,192,1631,2014,8979.0,3005.0,0.566535,0.832267,UKR,SGP,8413
2760525,229,192,1631,2014,82922.0,0.0,1.530519,0.44350600000000007,UMI,SGP,8413
2760526,230,192,1631,2014,0.0,8369.0,0.154034,-0.380899,URY,SGP,8413
2760527,231,192,1631,2014,361578457.0,33665440.0,1.61227,0.068905,USA,SGP,8413
2760528,236,192,1631,2014,0.0,2162882.0,-0.582086,-1.081727,VEN,SGP,8413
2760529,239,192,1631,2014,1684073.0,12793390.0,-0.023765,1.344416,VNM,SGP,8413
2760530,240,192,1631,2014,0.0,1281.0,-1.21245,-0.941493,VUT,SGP,8413
2760531,242,192,1631,2014,0.0,3276.0,0.602344,-0.051224,WSM,SGP,8413
2760532,243,192,1631,2014,0.0,289097.0,-1.2829190000000001,-1.227373,YEM,SGP,8413
2760533,246,192,1631,2014,1162413.0,1094202.0,0.282927,1.723214,ZAF,SGP,8413
2760534,247,192,1631,2014,0.0,158045.0,-0.664089,-0.793452,ZMB,SGP,8413
2760535,248,192,1631,2014,0.0,5557.0,-0.821369,-0.864232,ZWE,SGP,8413
2760536,249,192,1631,2014,17760951.0,5617168.0,1.9044189999999999,1.0595139999999998,TWN,SGP,8413
2760537,8,197,1631,2014,15879.0,0.0,0.10691500000000001,0.44860600000000006,ARG,SLV,8413
2760538,14,197,1631,2014,26988.0,0.0,-0.398273,-0.17128,AUS,SLV,8413
2760539,15,197,1631,2014,176901.0,0.0,1.7116790000000002,-0.140232,AUT,SLV,8413
2760540,18,197,1631,2014,6231.0,0.0,1.234156,1.226441,BEL,SLV,8413
2760541,23,197,1631,2014,3368.0,0.0,0.579058,1.6558110000000001,BGR,SLV,8413
2760542,29,197,1631,2014,0.0,6713.0,-0.324446,-0.552126,BLZ,SLV,8413
2760543,32,197,1631,2014,664315.0,0.0,0.218223,0.556921,BRA,SLV,8413
2760544,39,197,1631,2014,51148.0,4763.0,0.671395,1.024683,CAN,SLV,8413
2760545,41,197,1631,2014,71053.0,0.0,2.2000919999999997,0.65398,CHE,SLV,8413
2760546,43,197,1631,2014,766137.0,0.0,1.187557,1.222085,CHN,SLV,8413
2760547,49,197,1631,2014,131042.0,17099.0,0.19864500000000002,-0.378364,COL,SLV,8413
2760548,52,197,1631,2014,80422.0,21980.0,0.065938,-0.687971,CRI,SLV,8413
2760549,59,197,1631,2014,26290.0,0.0,1.8105830000000003,0.131131,CZE,SLV,8413
2760550,61,197,1631,2014,1884836.0,13748.0,2.052849,-2.888805,DEU,SLV,8413
2760551,64,197,1631,2014,11168.0,0.0,1.10869,1.245193,DNK,SLV,8413
2760552,65,197,1631,2014,1693.0,962.0,-0.180845,0.508512,DOM,SLV,8413
2760553,71,197,1631,2014,84975.0,8679.0,0.842147,2.45692,ESP,SLV,8413
2760554,74,197,1631,2014,38895.0,0.0,1.626355,1.002923,FIN,SLV,8413
2760555,77,197,1631,2014,29301.0,0.0,1.4817790000000002,0.30995,FRA,SLV,8413
2760556,81,197,1631,2014,28487.0,0.0,1.697964,0.585372,GBR,SLV,8413
2760557,93,197,1631,2014,690932.0,320537.0,-0.36547199999999996,0.548894,GTM,SLV,8413
2760558,97,197,1631,2014,2683.0,0.0,0.812132,1.722493,HKG,SLV,8413
2760559,99,197,1631,2014,0.0,394101.0,-0.467004,0.045511,HND,SLV,8413
2760560,102,197,1631,2014,651.0,0.0,1.477093,0.812869,HUN,SLV,8413
2760561,104,197,1631,2014,87554.0,0.0,0.262042,2.6305080000000003,IND,SLV,8413
2760562,110,197,1631,2014,2370.0,0.0,1.211141,0.64523,ISR,SLV,8413
2760563,111,197,1631,2014,132616.0,0.0,1.340136,0.43931099999999995,ITA,SLV,8413
2760564,114,197,1631,2014,630133.0,0.0,2.403165,-0.635024,JPN,SLV,8413
2760565,121,197,1631,2014,155829.0,3449.0,1.817145,0.8394530000000001,KOR,SLV,8413
2760566,138,197,1631,2014,542364.0,31031.0,1.0799729999999998,0.697554,MEX,SLV,8413
2760567,153,197,1631,2014,2462.0,0.0,1.018138,0.774649,MYS,SLV,8413
2760568,160,197,1631,2014,42276.0,201052.0,-0.938269,-0.839066,NIC,SLV,8413
2760569,162,197,1631,2014,169919.0,0.0,1.179325,1.355071,NLD,SLV,8413
2760570,169,197,1631,2014,128696.0,7703.0,0.771742,0.9873190000000001,PAN,SLV,8413
2760571,173,197,1631,2014,0.0,47633.0,-0.557833,0.611826,PER,SLV,8413
2760572,177,197,1631,2014,14194.0,0.0,1.133102,1.177165,POL,SLV,8413
2760573,178,197,1631,2014,9660.0,0.0,-0.23883000000000001,-0.009727,PRK,SLV,8413
2760574,179,197,1631,2014,11556.0,0.0,0.621053,2.349644,PRT,SLV,8413
2760575,206,197,1631,2014,321.0,0.0,1.334959,0.821253,SVK,SLV,8413
2760576,208,197,1631,2014,61037.0,0.0,1.817752,0.558474,SWE,SLV,8413
2760577,216,197,1631,2014,123618.0,0.0,0.977094,1.41283,THA,SLV,8413
2760578,224,197,1631,2014,12107.0,0.0,0.554761,2.385693,TUR,SLV,8413
2760579,231,197,1631,2014,8553924.0,31401.0,1.61227,0.068905,USA,SLV,8413
2760580,236,197,1631,2014,0.0,3600.0,-0.582086,-1.081727,VEN,SLV,8413
2760581,246,197,1631,2014,1604.0,0.0,0.282927,1.723214,ZAF,SLV,8413
2760582,249,197,1631,2014,227204.0,0.0,1.9044189999999999,1.0595139999999998,TWN,SLV,8413
2760583,0,205,1631,2014,1220.0,0.0,0.779539,-0.32255700000000004,ABW,SUR,8413
2760584,7,205,1631,2014,24549.0,0.0,0.087775,-0.289459,ARE,SUR,8413
2760585,14,205,1631,2014,24463.0,4372.0,-0.398273,-0.17128,AUS,SUR,8413
2760586,18,205,1631,2014,18314.0,0.0,1.234156,1.226441,BEL,SUR,8413
2760587,32,205,1631,2014,1716485.0,0.0,0.218223,0.556921,BRA,SUR,8413
2760588,39,205,1631,2014,98468.0,0.0,0.671395,1.024683,CAN,SUR,8413
2760589,41,205,1631,2014,36930.0,0.0,2.2000919999999997,0.65398,CHE,SUR,8413
2760590,43,205,1631,2014,2138003.0,1518.0,1.187557,1.222085,CHN,SUR,8413
2760591,49,205,1631,2014,32537.0,0.0,0.19864500000000002,-0.378364,COL,SUR,8413
2760592,55,205,1631,2014,14245.0,0.0,-0.00902,-0.683643,CUW,SUR,8413
2760593,61,205,1631,2014,718624.0,5825.0,2.052849,-2.888805,DEU,SUR,8413
2760594,64,205,1631,2014,0.0,884.0,1.10869,1.245193,DNK,SUR,8413
2760595,67,205,1631,2014,1338.0,0.0,-1.066865,-1.052921,ECU,SUR,8413
2760596,71,205,1631,2014,1990.0,0.0,0.842147,2.45692,ESP,SUR,8413
2760597,77,205,1631,2014,46971.0,14922.0,1.4817790000000002,0.30995,FRA,SUR,8413
2760598,81,205,1631,2014,303515.0,0.0,1.697964,0.585372,GBR,SUR,8413
2760599,96,205,1631,2014,25256.0,41067.0,-1.068777,-1.038227,GUY,SUR,8413
2760600,97,205,1631,2014,48694.0,0.0,0.812132,1.722493,HKG,SUR,8413
2760601,103,205,1631,2014,179914.0,0.0,-0.088032,1.3966459999999998,IDN,SUR,8413
2760602,104,205,1631,2014,6411.0,0.0,0.262042,2.6305080000000003,IND,SUR,8413
2760603,111,205,1631,2014,102285.0,0.0,1.340136,0.43931099999999995,ITA,SUR,8413
2760604,112,205,1631,2014,0.0,3535.0,-0.42745299999999997,-0.7750130000000001,JAM,SUR,8413
2760605,114,205,1631,2014,61567.0,0.0,2.403165,-0.635024,JPN,SUR,8413
2760606,121,205,1631,2014,4056.0,0.0,1.817145,0.8394530000000001,KOR,SUR,8413
2760607,138,205,1631,2014,45950.0,0.0,1.0799729999999998,0.697554,MEX,SUR,8413
2760608,162,205,1631,2014,1352769.0,318673.0,1.179325,1.355071,NLD,SUR,8413
2760609,169,205,1631,2014,178454.0,759.0,0.771742,0.9873190000000001,PAN,SUR,8413
2760610,173,205,1631,2014,0.0,17522.0,-0.557833,0.611826,PER,SUR,8413
2760611,178,205,1631,2014,15052.0,0.0,-0.23883000000000001,-0.009727,PRK,SUR,8413
2760612,208,205,1631,2014,1881.0,0.0,1.817752,0.558474,SWE,SUR,8413
2760613,216,205,1631,2014,55619.0,0.0,0.977094,1.41283,THA,SUR,8413
2760614,222,205,1631,2014,549364.0,12895.0,-0.57362,-1.117545,TTO,SUR,8413
2760615,231,205,1631,2014,3343483.0,3014458.0,1.61227,0.068905,USA,SUR,8413
2760616,236,205,1631,2014,0.0,14413.0,-0.582086,-1.081727,VEN,SUR,8413
2760617,246,205,1631,2014,4622.0,0.0,0.282927,1.723214,ZAF,SUR,8413
2760618,249,205,1631,2014,13116.0,0.0,1.9044189999999999,1.0595139999999998,TWN,SUR,8413
2760619,1,206,1631,2014,0.0,8317.0,-0.924386,-0.839385,AFG,SVK,8413
2760620,2,206,1631,2014,0.0,38376.0,-1.8184900000000002,-1.149191,AGO,SVK,8413
2760621,7,206,1631,2014,0.0,85505.0,0.087775,-0.289459,ARE,SVK,8413
2760622,8,206,1631,2014,1186.0,484534.0,0.10691500000000001,0.44860600000000006,ARG,SVK,8413
2760623,9,206,1631,2014,0.0,1958.0,-0.198322,-0.5918680000000001,ARM,SVK,8413
2760624,14,206,1631,2014,12340.0,156989.0,-0.398273,-0.17128,AUS,SVK,8413
2760625,15,206,1631,2014,4783849.0,1625348.0,1.7116790000000002,-0.140232,AUT,SVK,8413
2760626,16,206,1631,2014,0.0,1149.0,-0.909508,-1.165158,AZE,SVK,8413
2760627,18,206,1631,2014,2226799.0,2395503.0,1.234156,1.226441,BEL,SVK,8413
2760628,22,206,1631,2014,0.0,3757.0,-1.0341879999999999,-0.9614870000000001,BGD,SVK,8413
2760629,23,206,1631,2014,31775.0,7125917.0,0.579058,1.6558110000000001,BGR,SVK,8413
2760630,24,206,1631,2014,0.0,32250.0,0.460168,-0.41671099999999994,BHR,SVK,8413
2760631,26,206,1631,2014,0.0,54631.0,0.5083300000000001,0.711704,BIH,SVK,8413
2760632,28,206,1631,2014,24073.0,150906.0,0.874108,0.676231,BLR,SVK,8413
2760633,31,206,1631,2014,0.0,3336.0,-1.129494,-1.030198,BOL,SVK,8413
2760634,32,206,1631,2014,19406.0,920295.0,0.218223,0.556921,BRA,SVK,8413
2760635,39,206,1631,2014,24559.0,1239017.0,0.671395,1.024683,CAN,SVK,8413
2760636,41,206,1631,2014,1024538.0,205218.0,2.2000919999999997,0.65398,CHE,SVK,8413
2760637,42,206,1631,2014,0.0,11021.0,-0.344671,-0.43380799999999997,CHL,SVK,8413
2760638,43,206,1631,2014,2845148.0,4050969.0,1.187557,1.222085,CHN,SVK,8413
2760639,44,206,1631,2014,0.0,4590.0,-0.737625,-0.768728,CIV,SVK,8413
2760640,45,206,1631,2014,0.0,2393.0,-0.6723520000000001,-0.945084,CMR,SVK,8413
2760641,47,206,1631,2014,0.0,2715.0,-1.371624,-1.12468,COG,SVK,8413
2760642,49,206,1631,2014,0.0,28917.0,0.19864500000000002,-0.378364,COL,SVK,8413
2760643,52,206,1631,2014,0.0,1684.0,0.065938,-0.687971,CRI,SVK,8413
2760644,58,206,1631,2014,0.0,4814.0,0.627467,0.483725,CYP,SVK,8413
2760645,59,206,1631,2014,59328692.0,23658662.0,1.8105830000000003,0.131131,CZE,SVK,8413
2760646,61,206,1631,2014,65230467.0,78899217.0,2.052849,-2.888805,DEU,SVK,8413
2760647,64,206,1631,2014,12901484.0,194163.0,1.10869,1.245193,DNK,SVK,8413
2760648,65,206,1631,2014,0.0,2825.0,-0.180845,0.508512,DOM,SVK,8413
2760649,66,206,1631,2014,0.0,165179.0,-1.5554649999999999,-1.1657030000000002,DZA,SVK,8413
2760650,67,206,1631,2014,0.0,10014.0,-1.066865,-1.052921,ECU,SVK,8413
2760651,68,206,1631,2014,0.0,200567.0,-0.086866,1.7419669999999998,EGY,SVK,8413
2760652,71,206,1631,2014,810104.0,991609.0,0.842147,2.45692,ESP,SVK,8413
2760653,72,206,1631,2014,0.0,16728.0,0.9147780000000001,1.151556,EST,SVK,8413
2760654,73,206,1631,2014,0.0,1529.0,-1.296535,-1.045942,ETH,SVK,8413
2760655,74,206,1631,2014,879745.0,544755.0,1.626355,1.002923,FIN,SVK,8413
2760656,77,206,1631,2014,38883518.0,6919272.0,1.4817790000000002,0.30995,FRA,SVK,8413
2760657,81,206,1631,2014,1743578.0,1404427.0,1.697964,0.585372,GBR,SVK,8413
2760658,82,206,1631,2014,0.0,22976.0,-0.254106,-0.646584,GEO,SVK,8413
2760659,90,206,1631,2014,18033.0,37568.0,0.149337,0.8560540000000001,GRC,SVK,8413
2760660,97,206,1631,2014,0.0,70665.0,0.812132,1.722493,HKG,SVK,8413
2760661,99,206,1631,2014,0.0,510.0,-0.467004,0.045511,HND,SVK,8413
2760662,100,206,1631,2014,3654.0,106295.0,0.804401,1.250807,HRV,SVK,8413
2760663,102,206,1631,2014,5496859.0,2846853.0,1.477093,0.812869,HUN,SVK,8413
2760664,103,206,1631,2014,0.0,134686.0,-0.088032,1.3966459999999998,IDN,SVK,8413
2760665,104,206,1631,2014,666018.0,533072.0,0.262042,2.6305080000000003,IND,SVK,8413
2760666,106,206,1631,2014,325091.0,3305.0,1.2658399999999999,0.278546,IRL,SVK,8413
2760667,107,206,1631,2014,0.0,113756.0,-0.361058,-0.312743,IRN,SVK,8413
2760668,109,206,1631,2014,0.0,9688.0,0.127891,-0.302014,ISL,SVK,8413
2760669,110,206,1631,2014,1301.0,19928.0,1.211141,0.64523,ISR,SVK,8413
2760670,111,206,1631,2014,35968597.0,9973850.0,1.340136,0.43931099999999995,ITA,SVK,8413
2760671,113,206,1631,2014,0.0,11868.0,0.210208,0.48732299999999995,JOR,SVK,8413
2760672,114,206,1631,2014,414309.0,358996.0,2.403165,-0.635024,JPN,SVK,8413
2760673,115,206,1631,2014,0.0,653004.0,-0.210431,-0.574075,KAZ,SVK,8413
2760674,116,206,1631,2014,0.0,21389.0,-0.487058,0.307288,KEN,SVK,8413
2760675,117,206,1631,2014,0.0,4040.0,-0.31942600000000004,-0.012454,KGZ,SVK,8413
2760676,121,206,1631,2014,67083929.0,6073369.0,1.817145,0.8394530000000001,KOR,SVK,8413
2760677,122,206,1631,2014,0.0,163909.0,-0.769616,-1.10667,KWT,SVK,8413
2760678,124,206,1631,2014,0.0,16681.0,0.308677,1.7564490000000001,LBN,SVK,8413
2760679,130,206,1631,2014,82690.0,139900.0,0.764495,1.3451540000000002,LTU,SVK,8413
2760680,131,206,1631,2014,35881.0,1549.0,1.243845,1.155474,LUX,SVK,8413
2760681,132,206,1631,2014,16393.0,7578.0,0.613116,1.1899790000000001,LVA,SVK,8413
2760682,134,206,1631,2014,0.0,2321.0,-0.574034,0.065788,MAR,SVK,8413
2760683,135,206,1631,2014,0.0,38000.0,-0.10438199999999999,-0.093194,MDA,SVK,8413
2760684,138,206,1631,2014,122925.0,212161.0,1.0799729999999998,0.697554,MEX,SVK,8413
2760685,140,206,1631,2014,0.0,5544.0,-0.039799,-0.05545,MKD,SVK,8413
2760686,142,206,1631,2014,8324.0,0.0,0.817013,0.0016309999999999999,MLT,SVK,8413
2760687,144,206,1631,2014,0.0,22700.0,-0.17039100000000001,-0.21762399999999998,MNE,SVK,8413
2760688,151,206,1631,2014,0.0,505.0,-0.029891,-0.12431099999999999,MUS,SVK,8413
2760689,153,206,1631,2014,68324.0,266462.0,1.018138,0.774649,MYS,SVK,8413
2760690,160,206,1631,2014,0.0,1967.0,-0.938269,-0.839066,NIC,SVK,8413
2760691,162,206,1631,2014,1335975.0,720059.0,1.179325,1.355071,NLD,SVK,8413
2760692,163,206,1631,2014,16518.0,233321.0,0.9187049999999999,0.182685,NOR,SVK,8413
2760693,166,206,1631,2014,0.0,52227.0,0.272502,0.21628699999999998,NZL,SVK,8413
2760694,167,206,1631,2014,0.0,11799.0,-0.505129,-1.0051370000000002,OMN,SVK,8413
2760695,168,206,1631,2014,0.0,477724.0,-0.672924,0.566787,PAK,SVK,8413
2760696,173,206,1631,2014,0.0,24662.0,-0.557833,0.611826,PER,SVK,8413
2760697,174,206,1631,2014,0.0,1980.0,0.637442,0.475883,PHL,SVK,8413
2760698,177,206,1631,2014,3003649.0,10456691.0,1.133102,1.177165,POL,SVK,8413
2760699,179,206,1631,2014,49907.0,16356.0,0.621053,2.349644,PRT,SVK,8413
2760700,180,206,1631,2014,0.0,1411.0,-0.608509,-0.930679,PRY,SVK,8413
2760701,183,206,1631,2014,0.0,21344.0,-0.37535599999999997,-1.0196370000000001,QAT,SVK,8413
2760702,185,206,1631,2014,14321029.0,508593.0,0.9112,1.188161,ROU,SVK,8413
2760703,186,206,1631,2014,598422.0,1639678.0,0.229422,-0.214856,RUS,SVK,8413
2760704,188,206,1631,2014,0.0,146919.0,0.5758439999999999,-0.832692,SAU,SVK,8413
2760705,191,206,1631,2014,0.0,8129.0,-0.502607,-0.08866,SEN,SVK,8413
2760706,192,206,1631,2014,72154.0,301866.0,1.867492,0.626736,SGP,SVK,8413
2760707,197,206,1631,2014,0.0,321.0,0.08653999999999999,0.29088600000000003,SLV,SVK,8413
2760708,201,206,1631,2014,57949.0,61279.0,0.551635,1.211535,SRB,SVK,8413
2760709,207,206,1631,2014,26801.0,57401.0,1.6558669999999998,0.6814399999999999,SVN,SVK,8413
2760710,208,206,1631,2014,309551.0,2181782.0,1.817752,0.558474,SWE,SVK,8413
2760711,216,206,1631,2014,21764.0,334809.0,0.977094,1.41283,THA,SVK,8413
2760712,219,206,1631,2014,0.0,3737.0,-1.217897,-1.184131,TKM,SVK,8413
2760713,222,206,1631,2014,0.0,691.0,-0.57362,-1.117545,TTO,SVK,8413
2760714,223,206,1631,2014,0.0,7767.0,0.343449,1.118007,TUN,SVK,8413
2760715,224,206,1631,2014,4610981.0,6945657.0,0.554761,2.385693,TUR,SVK,8413
2760716,226,206,1631,2014,0.0,6356.0,-1.054331,0.166345,TZA,SVK,8413
2760717,227,206,1631,2014,0.0,11446.0,-0.46911800000000003,0.25446599999999997,UGA,SVK,8413
2760718,228,206,1631,2014,606592.0,448903.0,0.566535,0.832267,UKR,SVK,8413
2760719,230,206,1631,2014,0.0,1925.0,0.154034,-0.380899,URY,SVK,8413
2760720,231,206,1631,2014,6472916.0,17837482.0,1.61227,0.068905,USA,SVK,8413
2760721,232,206,1631,2014,0.0,442355.0,-0.407623,-0.37150700000000003,UZB,SVK,8413
2760722,236,206,1631,2014,0.0,57275.0,-0.582086,-1.081727,VEN,SVK,8413
2760723,239,206,1631,2014,13752.0,23319.0,-0.023765,1.344416,VNM,SVK,8413
2760724,243,206,1631,2014,0.0,1181.0,-1.2829190000000001,-1.227373,YEM,SVK,8413
2760725,246,206,1631,2014,639.0,317177.0,0.282927,1.723214,ZAF,SVK,8413
2760726,249,206,1631,2014,203293.0,365691.0,1.9044189999999999,1.0595139999999998,TWN,SVK,8413
2760727,250,206,1631,2014,104394960.0,0.0,0.506842,0.049545,ANS,SVK,8413
2760728,2,207,1631,2014,0.0,192199.0,-1.8184900000000002,-1.149191,AGO,SVN,8413
2760729,4,207,1631,2014,863.0,249315.0,-0.476024,-0.33978400000000003,ALB,SVN,8413
2760730,7,207,1631,2014,0.0,65861.0,0.087775,-0.289459,ARE,SVN,8413
2760731,8,207,1631,2014,0.0,12737.0,0.10691500000000001,0.44860600000000006,ARG,SVN,8413
2760732,14,207,1631,2014,0.0,132022.0,-0.398273,-0.17128,AUS,SVN,8413
2760733,15,207,1631,2014,6580506.0,5063076.0,1.7116790000000002,-0.140232,AUT,SVN,8413
2760734,16,207,1631,2014,0.0,6334.0,-0.909508,-1.165158,AZE,SVN,8413
2760735,18,207,1631,2014,2587301.0,144319.0,1.234156,1.226441,BEL,SVN,8413
2760736,23,207,1631,2014,83639.0,275696.0,0.579058,1.6558110000000001,BGR,SVN,8413
2760737,26,207,1631,2014,296656.0,2676545.0,0.5083300000000001,0.711704,BIH,SVN,8413
2760738,28,207,1631,2014,0.0,32378.0,0.874108,0.676231,BLR,SVN,8413
2760739,32,207,1631,2014,2599.0,1707917.0,0.218223,0.556921,BRA,SVN,8413
2760740,39,207,1631,2014,56072.0,2263771.0,0.671395,1.024683,CAN,SVN,8413
2760741,41,207,1631,2014,246846.0,264745.0,2.2000919999999997,0.65398,CHE,SVN,8413
2760742,42,207,1631,2014,0.0,22221.0,-0.344671,-0.43380799999999997,CHL,SVN,8413
2760743,43,207,1631,2014,6974373.0,74600.0,1.187557,1.222085,CHN,SVN,8413
2760744,44,207,1631,2014,0.0,963.0,-0.737625,-0.768728,CIV,SVN,8413
2760745,45,207,1631,2014,0.0,916.0,-0.6723520000000001,-0.945084,CMR,SVN,8413
2760746,49,207,1631,2014,1190.0,2347.0,0.19864500000000002,-0.378364,COL,SVN,8413
2760747,59,207,1631,2014,2180662.0,601895.0,1.8105830000000003,0.131131,CZE,SVN,8413
2760748,61,207,1631,2014,17802397.0,22739203.0,2.052849,-2.888805,DEU,SVN,8413
2760749,64,207,1631,2014,200410.0,1321881.0,1.10869,1.245193,DNK,SVN,8413
2760750,66,207,1631,2014,0.0,421011.0,-1.5554649999999999,-1.1657030000000002,DZA,SVN,8413
2760751,67,207,1631,2014,4143.0,0.0,-1.066865,-1.052921,ECU,SVN,8413
2760752,68,207,1631,2014,0.0,446979.0,-0.086866,1.7419669999999998,EGY,SVN,8413
2760753,71,207,1631,2014,534013.0,447415.0,0.842147,2.45692,ESP,SVN,8413
2760754,72,207,1631,2014,1092.0,5856.0,0.9147780000000001,1.151556,EST,SVN,8413
2760755,73,207,1631,2014,0.0,4220.0,-1.296535,-1.045942,ETH,SVN,8413
2760756,74,207,1631,2014,38229.0,13500.0,1.626355,1.002923,FIN,SVN,8413
2760757,77,207,1631,2014,2275884.0,6683809.0,1.4817790000000002,0.30995,FRA,SVN,8413
2760758,81,207,1631,2014,858118.0,2654281.0,1.697964,0.585372,GBR,SVN,8413
2760759,82,207,1631,2014,3996.0,2241.0,-0.254106,-0.646584,GEO,SVN,8413
2760760,90,207,1631,2014,22522.0,73050.0,0.149337,0.8560540000000001,GRC,SVN,8413
2760761,97,207,1631,2014,2085.0,45379.0,0.812132,1.722493,HKG,SVN,8413
2760762,100,207,1631,2014,967711.0,3060325.0,0.804401,1.250807,HRV,SVN,8413
2760763,102,207,1631,2014,3343797.0,1595902.0,1.477093,0.812869,HUN,SVN,8413
2760764,103,207,1631,2014,0.0,22697.0,-0.088032,1.3966459999999998,IDN,SVN,8413
2760765,104,207,1631,2014,37700.0,298340.0,0.262042,2.6305080000000003,IND,SVN,8413
2760766,106,207,1631,2014,92032.0,111972.0,1.2658399999999999,0.278546,IRL,SVN,8413
2760767,108,207,1631,2014,0.0,504796.0,-2.9169,-0.882023,IRQ,SVN,8413
2760768,109,207,1631,2014,0.0,13564.0,0.127891,-0.302014,ISL,SVN,8413
2760769,110,207,1631,2014,65229.0,13737.0,1.211141,0.64523,ISR,SVN,8413
2760770,111,207,1631,2014,16459912.0,4504188.0,1.340136,0.43931099999999995,ITA,SVN,8413
2760771,114,207,1631,2014,241344.0,7899.0,2.403165,-0.635024,JPN,SVN,8413
2760772,115,207,1631,2014,0.0,1104204.0,-0.210431,-0.574075,KAZ,SVN,8413
2760773,121,207,1631,2014,49376.0,44071.0,1.817145,0.8394530000000001,KOR,SVN,8413
2760774,122,207,1631,2014,0.0,5639.0,-0.769616,-1.10667,KWT,SVN,8413
2760775,124,207,1631,2014,0.0,84872.0,0.308677,1.7564490000000001,LBN,SVN,8413
2760776,126,207,1631,2014,0.0,150436.0,-1.5943829999999999,-1.189961,LBY,SVN,8413
2760777,130,207,1631,2014,20602.0,236925.0,0.764495,1.3451540000000002,LTU,SVN,8413
2760778,131,207,1631,2014,256641.0,0.0,1.243845,1.155474,LUX,SVN,8413
2760779,132,207,1631,2014,3930.0,28626.0,0.613116,1.1899790000000001,LVA,SVN,8413
2760780,135,207,1631,2014,0.0,7508.0,-0.10438199999999999,-0.093194,MDA,SVN,8413
2760781,137,207,1631,2014,0.0,5070.0,-0.43265299999999995,-0.82696,MDV,SVN,8413
2760782,138,207,1631,2014,94295.0,2341104.0,1.0799729999999998,0.697554,MEX,SVN,8413
2760783,140,207,1631,2014,189136.0,541196.0,-0.039799,-0.05545,MKD,SVN,8413
2760784,142,207,1631,2014,0.0,9335.0,0.817013,0.0016309999999999999,MLT,SVN,8413
2760785,144,207,1631,2014,2193.0,367074.0,-0.17039100000000001,-0.21762399999999998,MNE,SVN,8413
2760786,145,207,1631,2014,0.0,143985.0,-1.425524,-1.161949,MNG,SVN,8413
2760787,148,207,1631,2014,0.0,2541.0,-1.458551,-1.225373,MRT,SVN,8413
2760788,159,207,1631,2014,0.0,2043.0,-1.2126430000000001,-1.059697,NGA,SVN,8413
2760789,162,207,1631,2014,508000.0,298579.0,1.179325,1.355071,NLD,SVN,8413
2760790,163,207,1631,2014,63581.0,104865.0,0.9187049999999999,0.182685,NOR,SVN,8413
2760791,166,207,1631,2014,0.0,6947.0,0.272502,0.21628699999999998,NZL,SVN,8413
2760792,167,207,1631,2014,0.0,154177.0,-0.505129,-1.0051370000000002,OMN,SVN,8413
2760793,168,207,1631,2014,0.0,9845.0,-0.672924,0.566787,PAK,SVN,8413
2760794,173,207,1631,2014,0.0,149468.0,-0.557833,0.611826,PER,SVN,8413
2760795,177,207,1631,2014,257523.0,7346973.0,1.133102,1.177165,POL,SVN,8413
2760796,179,207,1631,2014,8211.0,336880.0,0.621053,2.349644,PRT,SVN,8413
2760797,183,207,1631,2014,0.0,6895.0,-0.37535599999999997,-1.0196370000000001,QAT,SVN,8413
2760798,185,207,1631,2014,339372.0,1140689.0,0.9112,1.188161,ROU,SVN,8413
2760799,186,207,1631,2014,0.0,3616165.0,0.229422,-0.214856,RUS,SVN,8413
2760800,188,207,1631,2014,2553.0,33008.0,0.5758439999999999,-0.832692,SAU,SVN,8413
2760801,192,207,1631,2014,68714.0,129052.0,1.867492,0.626736,SGP,SVN,8413
2760802,196,207,1631,2014,2251.0,27747.0,-0.9228569999999999,-0.791482,SLE,SVN,8413
2760803,201,207,1631,2014,360531.0,2938796.0,0.551635,1.211535,SRB,SVN,8413
2760804,206,207,1631,2014,57401.0,26801.0,1.334959,0.821253,SVK,SVN,8413
2760805,208,207,1631,2014,786478.0,619928.0,1.817752,0.558474,SWE,SVN,8413
2760806,216,207,1631,2014,3027.0,28243.0,0.977094,1.41283,THA,SVN,8413
2760807,223,207,1631,2014,4628.0,0.0,0.343449,1.118007,TUN,SVN,8413
2760808,224,207,1631,2014,270387.0,2091321.0,0.554761,2.385693,TUR,SVN,8413
2760809,228,207,1631,2014,53920.0,429021.0,0.566535,0.832267,UKR,SVN,8413
2760810,231,207,1631,2014,1085636.0,3891361.0,1.61227,0.068905,USA,SVN,8413
2760811,232,207,1631,2014,0.0,9864.0,-0.407623,-0.37150700000000003,UZB,SVN,8413
2760812,246,207,1631,2014,0.0,50664.0,0.282927,1.723214,ZAF,SVN,8413
2760813,249,207,1631,2014,638078.0,5016.0,1.9044189999999999,1.0595139999999998,TWN,SVN,8413
2760814,0,208,1631,2014,0.0,19652.0,0.779539,-0.32255700000000004,ABW,SWE,8413
2760815,1,208,1631,2014,0.0,3071.0,-0.924386,-0.839385,AFG,SWE,8413
2760816,2,208,1631,2014,0.0,342735.0,-1.8184900000000002,-1.149191,AGO,SWE,8413
2760817,4,208,1631,2014,0.0,43671.0,-0.476024,-0.33978400000000003,ALB,SWE,8413
2760818,7,208,1631,2014,91309.0,8195679.0,0.087775,-0.289459,ARE,SWE,8413
2760819,8,208,1631,2014,6371.0,5220356.0,0.10691500000000001,0.44860600000000006,ARG,SWE,8413
2760820,9,208,1631,2014,3927.0,335682.0,-0.198322,-0.5918680000000001,ARM,SWE,8413
2760821,13,208,1631,2014,0.0,3379.0,0.169764,-0.621576,ATG,SWE,8413
2760822,14,208,1631,2014,487437.0,24789221.0,-0.398273,-0.17128,AUS,SWE,8413
2760823,15,208,1631,2014,6380564.0,7653557.0,1.7116790000000002,-0.140232,AUT,SWE,8413
2760824,16,208,1631,2014,0.0,135306.0,-0.909508,-1.165158,AZE,SWE,8413
2760825,18,208,1631,2014,16661000.0,19230112.0,1.234156,1.226441,BEL,SWE,8413
2760826,21,208,1631,2014,0.0,255459.0,-0.922401,-0.9554379999999999,BFA,SWE,8413
2760827,22,208,1631,2014,0.0,49549.0,-1.0341879999999999,-0.9614870000000001,BGD,SWE,8413
2760828,23,208,1631,2014,35045.0,3697394.0,0.579058,1.6558110000000001,BGR,SWE,8413
2760829,24,208,1631,2014,0.0,297255.0,0.460168,-0.41671099999999994,BHR,SWE,8413
2760830,25,208,1631,2014,0.0,30371.0,0.314465,-0.60458,BHS,SWE,8413
2760831,26,208,1631,2014,0.0,718260.0,0.5083300000000001,0.711704,BIH,SWE,8413
2760832,28,208,1631,2014,0.0,390216.0,0.874108,0.676231,BLR,SWE,8413
2760833,29,208,1631,2014,0.0,26575.0,-0.324446,-0.552126,BLZ,SWE,8413
2760834,30,208,1631,2014,0.0,35056.0,1.217808,-0.16376300000000002,BMU,SWE,8413
2760835,31,208,1631,2014,0.0,640221.0,-1.129494,-1.030198,BOL,SWE,8413
2760836,32,208,1631,2014,3647173.0,9810715.0,0.218223,0.556921,BRA,SWE,8413
2760837,33,208,1631,2014,0.0,150908.0,0.44968400000000003,-0.15268900000000002,BRB,SWE,8413
2760838,34,208,1631,2014,0.0,16266.0,0.191357,-0.683567,BRN,SWE,8413
2760839,35,208,1631,2014,0.0,2794.0,-0.24597199999999997,-0.758838,BTN,SWE,8413
2760840,39,208,1631,2014,1704025.0,30938424.0,0.671395,1.024683,CAN,SWE,8413
2760841,41,208,1631,2014,11213571.0,6264543.0,2.2000919999999997,0.65398,CHE,SWE,8413
2760842,42,208,1631,2014,100764.0,7400877.0,-0.344671,-0.43380799999999997,CHL,SWE,8413
2760843,43,208,1631,2014,18986504.0,33344093.0,1.187557,1.222085,CHN,SWE,8413
2760844,44,208,1631,2014,0.0,108555.0,-0.737625,-0.768728,CIV,SWE,8413
2760845,45,208,1631,2014,0.0,59716.0,-0.6723520000000001,-0.945084,CMR,SWE,8413
2760846,46,208,1631,2014,0.0,61042.0,-1.6680240000000002,-1.1265129999999999,COD,SWE,8413
2760847,47,208,1631,2014,0.0,63576.0,-1.371624,-1.12468,COG,SWE,8413
2760848,49,208,1631,2014,12932.0,1379968.0,0.19864500000000002,-0.378364,COL,SWE,8413
2760849,52,208,1631,2014,1722.0,209588.0,0.065938,-0.687971,CRI,SWE,8413
2760850,54,208,1631,2014,0.0,1473389.0,-0.476786,-0.952291,CUB,SWE,8413
2760851,55,208,1631,2014,0.0,2787.0,-0.00902,-0.683643,CUW,SWE,8413
2760852,57,208,1631,2014,0.0,73617.0,1.199562,-0.66969,CYM,SWE,8413
2760853,58,208,1631,2014,7539.0,679336.0,0.627467,0.483725,CYP,SWE,8413
2760854,59,208,1631,2014,32087570.0,5398596.0,1.8105830000000003,0.131131,CZE,SWE,8413
2760855,61,208,1631,2014,239050419.0,50733974.0,2.052849,-2.888805,DEU,SWE,8413
2760856,62,208,1631,2014,0.0,51386.0,-0.394602,-0.74178,DJI,SWE,8413
2760857,64,208,1631,2014,63754448.0,25097165.0,1.10869,1.245193,DNK,SWE,8413
2760858,65,208,1631,2014,0.0,140558.0,-0.180845,0.508512,DOM,SWE,8413
2760859,66,208,1631,2014,0.0,11387685.0,-1.5554649999999999,-1.1657030000000002,DZA,SWE,8413
2760860,67,208,1631,2014,0.0,384736.0,-1.066865,-1.052921,ECU,SWE,8413
2760861,68,208,1631,2014,16577.0,2134471.0,-0.086866,1.7419669999999998,EGY,SWE,8413
2760862,69,208,1631,2014,0.0,16824.0,-2.345215,-1.051413,ERI,SWE,8413
2760863,71,208,1631,2014,5384003.0,14848609.0,0.842147,2.45692,ESP,SWE,8413
2760864,72,208,1631,2014,3181229.0,2442344.0,0.9147780000000001,1.151556,EST,SWE,8413
2760865,73,208,1631,2014,1593.0,184404.0,-1.296535,-1.045942,ETH,SWE,8413
2760866,74,208,1631,2014,19150056.0,33708972.0,1.626355,1.002923,FIN,SWE,8413
2760867,75,208,1631,2014,0.0,6088.0,-0.306346,-0.07688500000000001,FJI,SWE,8413
2760868,77,208,1631,2014,38705127.0,93465751.0,1.4817790000000002,0.30995,FRA,SWE,8413
2760869,78,208,1631,2014,0.0,22124.0,-0.703929,-0.86265,FRO,SWE,8413
2760870,80,208,1631,2014,0.0,72251.0,-1.625474,-1.135973,GAB,SWE,8413
2760871,81,208,1631,2014,32573639.0,29952732.0,1.697964,0.585372,GBR,SWE,8413
2760872,82,208,1631,2014,0.0,26839.0,-0.254106,-0.646584,GEO,SWE,8413
2760873,83,208,1631,2014,37301.0,399514.0,-1.130226,-0.9909379999999999,GHA,SWE,8413
2760874,84,208,1631,2014,0.0,5407.0,0.275796,-0.720217,GIB,SWE,8413
2760875,85,208,1631,2014,0.0,3512.0,-1.628409,-1.202473,GIN,SWE,8413
2760876,89,208,1631,2014,0.0,7031.0,-2.043516,-0.844701,GNQ,SWE,8413
2760877,90,208,1631,2014,23130.0,4215204.0,0.149337,0.8560540000000001,GRC,SWE,8413
2760878,92,208,1631,2014,0.0,2994.0,-1.168495,-0.93096,GRL,SWE,8413
2760879,93,208,1631,2014,0.0,1159269.0,-0.36547199999999996,0.548894,GTM,SWE,8413
2760880,95,208,1631,2014,0.0,65751.0,0.6368119999999999,-0.01771,GUM,SWE,8413
2760881,96,208,1631,2014,0.0,43371.0,-1.068777,-1.038227,GUY,SWE,8413
2760882,97,208,1631,2014,1730519.0,4941860.0,0.812132,1.722493,HKG,SWE,8413
2760883,99,208,1631,2014,1146.0,113902.0,-0.467004,0.045511,HND,SWE,8413
2760884,100,208,1631,2014,24445.0,2017105.0,0.804401,1.250807,HRV,SWE,8413
2760885,102,208,1631,2014,49422126.0,1212703.0,1.477093,0.812869,HUN,SWE,8413
2760886,103,208,1631,2014,40713.0,1428531.0,-0.088032,1.3966459999999998,IDN,SWE,8413
2760887,104,208,1631,2014,1568800.0,4344031.0,0.262042,2.6305080000000003,IND,SWE,8413
2760888,106,208,1631,2014,1000284.0,3099401.0,1.2658399999999999,0.278546,IRL,SWE,8413
2760889,107,208,1631,2014,0.0,593071.0,-0.361058,-0.312743,IRN,SWE,8413
2760890,108,208,1631,2014,17516.0,1528360.0,-2.9169,-0.882023,IRQ,SWE,8413
2760891,109,208,1631,2014,7482.0,755193.0,0.127891,-0.302014,ISL,SWE,8413
2760892,110,208,1631,2014,197717.0,3585122.0,1.211141,0.64523,ISR,SWE,8413
2760893,111,208,1631,2014,52806347.0,18128049.0,1.340136,0.43931099999999995,ITA,SWE,8413
2760894,112,208,1631,2014,0.0,82413.0,-0.42745299999999997,-0.7750130000000001,JAM,SWE,8413
2760895,113,208,1631,2014,0.0,330526.0,0.210208,0.48732299999999995,JOR,SWE,8413
2760896,114,208,1631,2014,2212174.0,9014784.0,2.403165,-0.635024,JPN,SWE,8413
2760897,115,208,1631,2014,23343.0,1932926.0,-0.210431,-0.574075,KAZ,SWE,8413
2760898,116,208,1631,2014,11735.0,101224.0,-0.487058,0.307288,KEN,SWE,8413
2760899,117,208,1631,2014,0.0,56938.0,-0.31942600000000004,-0.012454,KGZ,SWE,8413
2760900,120,208,1631,2014,0.0,2046.0,0.9888950000000001,-0.28283800000000003,KNA,SWE,8413
2760901,121,208,1631,2014,2139044.0,14326496.0,1.817145,0.8394530000000001,KOR,SWE,8413
2760902,122,208,1631,2014,1078.0,552939.0,-0.769616,-1.10667,KWT,SWE,8413
2760903,124,208,1631,2014,0.0,237270.0,0.308677,1.7564490000000001,LBN,SWE,8413
2760904,126,208,1631,2014,0.0,448844.0,-1.5943829999999999,-1.189961,LBY,SWE,8413
2760905,127,208,1631,2014,0.0,2542.0,0.29035500000000003,-0.603541,LCA,SWE,8413
2760906,128,208,1631,2014,0.0,71615.0,-0.49366899999999997,0.338686,LKA,SWE,8413
2760907,130,208,1631,2014,69150.0,2697698.0,0.764495,1.3451540000000002,LTU,SWE,8413
2760908,131,208,1631,2014,1808902.0,5057728.0,1.243845,1.155474,LUX,SWE,8413
2760909,132,208,1631,2014,151725.0,2906890.0,0.613116,1.1899790000000001,LVA,SWE,8413
2760910,133,208,1631,2014,0.0,54327.0,0.704535,0.5856140000000001,MAC,SWE,8413
2760911,134,208,1631,2014,1330.0,1600653.0,-0.574034,0.065788,MAR,SWE,8413
2760912,135,208,1631,2014,0.0,20879.0,-0.10438199999999999,-0.093194,MDA,SWE,8413
2760913,136,208,1631,2014,0.0,63895.0,-1.002122,-0.44446,MDG,SWE,8413
2760914,137,208,1631,2014,0.0,80450.0,-0.43265299999999995,-0.82696,MDV,SWE,8413
2760915,138,208,1631,2014,153212.0,8205053.0,1.0799729999999998,0.697554,MEX,SWE,8413
2760916,140,208,1631,2014,0.0,401687.0,-0.039799,-0.05545,MKD,SWE,8413
2760917,142,208,1631,2014,27772.0,55594.0,0.817013,0.0016309999999999999,MLT,SWE,8413
2760918,143,208,1631,2014,0.0,1764.0,-1.5332459999999999,-1.145973,MMR,SWE,8413
2760919,144,208,1631,2014,0.0,46398.0,-0.17039100000000001,-0.21762399999999998,MNE,SWE,8413
2760920,145,208,1631,2014,0.0,101957.0,-1.425524,-1.161949,MNG,SWE,8413
2760921,147,208,1631,2014,0.0,747.0,-1.1993610000000001,-1.040181,MOZ,SWE,8413
2760922,148,208,1631,2014,0.0,265343.0,-1.458551,-1.225373,MRT,SWE,8413
2760923,151,208,1631,2014,0.0,157466.0,-0.029891,-0.12431099999999999,MUS,SWE,8413
2760924,153,208,1631,2014,17385.0,2807802.0,1.018138,0.774649,MYS,SWE,8413
2760925,155,208,1631,2014,0.0,11667.0,-0.428227,-0.5632229999999999,NAM,SWE,8413
2760926,156,208,1631,2014,0.0,68554.0,-0.509789,-0.767484,NCL,SWE,8413
2760927,157,208,1631,2014,0.0,22645.0,-0.7187,-0.80918,NER,SWE,8413
2760928,159,208,1631,2014,0.0,207253.0,-1.2126430000000001,-1.059697,NGA,SWE,8413
2760929,160,208,1631,2014,0.0,149338.0,-0.938269,-0.839066,NIC,SWE,8413
2760930,162,208,1631,2014,17994401.0,15207779.0,1.179325,1.355071,NLD,SWE,8413
2760931,163,208,1631,2014,4788838.0,47767934.0,0.9187049999999999,0.182685,NOR,SWE,8413
2760932,164,208,1631,2014,0.0,3043.0,-0.11988199999999999,0.655883,NPL,SWE,8413
2760933,166,208,1631,2014,44411.0,2568588.0,0.272502,0.21628699999999998,NZL,SWE,8413
2760934,167,208,1631,2014,0.0,1785534.0,-0.505129,-1.0051370000000002,OMN,SWE,8413
2760935,168,208,1631,2014,61186.0,150559.0,-0.672924,0.566787,PAK,SWE,8413
2760936,169,208,1631,2014,3341.0,576101.0,0.771742,0.9873190000000001,PAN,SWE,8413
2760937,173,208,1631,2014,45471.0,4250996.0,-0.557833,0.611826,PER,SWE,8413
2760938,174,208,1631,2014,4272.0,3508315.0,0.637442,0.475883,PHL,SWE,8413
2760939,176,208,1631,2014,7995.0,0.0,-1.564904,-1.146255,PNG,SWE,8413
2760940,177,208,1631,2014,6606302.0,22284228.0,1.133102,1.177165,POL,SWE,8413
2760941,178,208,1631,2014,0.0,1757.0,-0.23883000000000001,-0.009727,PRK,SWE,8413
2760942,179,208,1631,2014,424169.0,4044804.0,0.621053,2.349644,PRT,SWE,8413
2760943,180,208,1631,2014,0.0,129758.0,-0.608509,-0.930679,PRY,SWE,8413
2760944,181,208,1631,2014,0.0,3065.0,0.030643,0.601905,PSE,SWE,8413
2760945,182,208,1631,2014,0.0,15141.0,0.008831,-0.6268279999999999,PYF,SWE,8413
2760946,183,208,1631,2014,2128.0,1720650.0,-0.37535599999999997,-1.0196370000000001,QAT,SWE,8413
2760947,185,208,1631,2014,25963687.0,1951322.0,0.9112,1.188161,ROU,SWE,8413
2760948,186,208,1631,2014,225699.0,32017631.0,0.229422,-0.214856,RUS,SWE,8413
2760949,187,208,1631,2014,0.0,812.0,-0.5692659999999999,-0.447859,RWA,SWE,8413
2760950,188,208,1631,2014,31099.0,8679969.0,0.5758439999999999,-0.832692,SAU,SWE,8413
2760951,190,208,1631,2014,0.0,71091.0,-1.442381,-1.1155030000000001,SDN,SWE,8413
2760952,191,208,1631,2014,0.0,1049712.0,-0.502607,-0.08866,SEN,SWE,8413
2760953,192,208,1631,2014,168567.0,8098366.0,1.867492,0.626736,SGP,SWE,8413
2760954,196,208,1631,2014,0.0,354872.0,-0.9228569999999999,-0.791482,SLE,SWE,8413
2760955,197,208,1631,2014,0.0,61037.0,0.08653999999999999,0.29088600000000003,SLV,SWE,8413
2760956,201,208,1631,2014,50870.0,871898.0,0.551635,1.211535,SRB,SWE,8413
2760957,205,208,1631,2014,0.0,1881.0,-0.6333989999999999,-0.857643,SUR,SWE,8413
2760958,206,208,1631,2014,2181782.0,309551.0,1.334959,0.821253,SVK,SWE,8413
2760959,207,208,1631,2014,619928.0,786478.0,1.6558669999999998,0.6814399999999999,SVN,SWE,8413
2760960,211,208,1631,2014,0.0,60477.0,0.358111,-0.484879,SYC,SWE,8413
2760961,212,208,1631,2014,0.0,2925.0,-0.366224,0.9054719999999999,SYR,SWE,8413
2760962,214,208,1631,2014,0.0,32961.0,-2.012048,-0.921558,TCD,SWE,8413
2760963,215,208,1631,2014,0.0,23850.0,-0.524103,-0.537643,TGO,SWE,8413
2760964,216,208,1631,2014,19261.0,3833917.0,0.977094,1.41283,THA,SWE,8413
2760965,217,208,1631,2014,0.0,60059.0,-0.706823,-0.993756,TJK,SWE,8413
2760966,219,208,1631,2014,0.0,698075.0,-1.217897,-1.184131,TKM,SWE,8413
2760967,222,208,1631,2014,0.0,74598.0,-0.57362,-1.117545,TTO,SWE,8413
2760968,223,208,1631,2014,15641.0,152555.0,0.343449,1.118007,TUN,SWE,8413
2760969,224,208,1631,2014,2891847.0,15595861.0,0.554761,2.385693,TUR,SWE,8413
2760970,226,208,1631,2014,34344.0,181895.0,-1.054331,0.166345,TZA,SWE,8413
2760971,227,208,1631,2014,1168.0,14746.0,-0.46911800000000003,0.25446599999999997,UGA,SWE,8413
2760972,228,208,1631,2014,6913.0,3491849.0,0.566535,0.832267,UKR,SWE,8413
2760973,230,208,1631,2014,0.0,759459.0,0.154034,-0.380899,URY,SWE,8413
2760974,231,208,1631,2014,60766064.0,141738745.0,1.61227,0.068905,USA,SWE,8413
2760975,232,208,1631,2014,0.0,129581.0,-0.407623,-0.37150700000000003,UZB,SWE,8413
2760976,234,208,1631,2014,0.0,1101.0,0.034024,-0.522492,VCT,SWE,8413
2760977,236,208,1631,2014,0.0,816177.0,-0.582086,-1.081727,VEN,SWE,8413
2760978,239,208,1631,2014,112141.0,1439465.0,-0.023765,1.344416,VNM,SWE,8413
2760979,243,208,1631,2014,0.0,8414.0,-1.2829190000000001,-1.227373,YEM,SWE,8413
2760980,246,208,1631,2014,738357.0,23885419.0,0.282927,1.723214,ZAF,SWE,8413
2760981,247,208,1631,2014,49914.0,1672770.0,-0.664089,-0.793452,ZMB,SWE,8413
2760982,248,208,1631,2014,0.0,146113.0,-0.821369,-0.864232,ZWE,SWE,8413
2760983,249,208,1631,2014,2119543.0,1139383.0,1.9044189999999999,1.0595139999999998,TWN,SWE,8413
2760984,250,208,1631,2014,0.0,5115.0,0.506842,0.049545,ANS,SWE,8413
2760985,2,216,1631,2014,0.0,77405.0,-1.8184900000000002,-1.149191,AGO,THA,8413
2760986,7,216,1631,2014,204203.0,7240892.0,0.087775,-0.289459,ARE,THA,8413
2760987,8,216,1631,2014,43763.0,34292882.0,0.10691500000000001,0.44860600000000006,ARG,THA,8413
2760988,14,216,1631,2014,4009781.0,8645047.0,-0.398273,-0.17128,AUS,THA,8413
2760989,15,216,1631,2014,2553789.0,68288.0,1.7116790000000002,-0.140232,AUT,THA,8413
2760990,18,216,1631,2014,1038068.0,8681051.0,1.234156,1.226441,BEL,THA,8413
2760991,22,216,1631,2014,1469.0,746704.0,-1.0341879999999999,-0.9614870000000001,BGD,THA,8413
2760992,23,216,1631,2014,133001.0,157815.0,0.579058,1.6558110000000001,BGR,THA,8413
2760993,24,216,1631,2014,0.0,102629.0,0.460168,-0.41671099999999994,BHR,THA,8413
2760994,26,216,1631,2014,0.0,4900.0,0.5083300000000001,0.711704,BIH,THA,8413
2760995,28,216,1631,2014,0.0,8950.0,0.874108,0.676231,BLR,THA,8413
2760996,31,216,1631,2014,0.0,8118.0,-1.129494,-1.030198,BOL,THA,8413
2760997,32,216,1631,2014,4614952.0,24226998.0,0.218223,0.556921,BRA,THA,8413
2760998,33,216,1631,2014,0.0,2697.0,0.44968400000000003,-0.15268900000000002,BRB,THA,8413
2760999,34,216,1631,2014,189258.0,928739.0,0.191357,-0.683567,BRN,THA,8413
2761000,35,216,1631,2014,0.0,166747.0,-0.24597199999999997,-0.758838,BTN,THA,8413
2761001,38,216,1631,2014,0.0,5457.0,0.695875,0.543384,CAF,THA,8413
2761002,39,216,1631,2014,1256900.0,2650321.0,0.671395,1.024683,CAN,THA,8413
2761003,41,216,1631,2014,2525253.0,98034.0,2.2000919999999997,0.65398,CHE,THA,8413
2761004,42,216,1631,2014,0.0,268527.0,-0.344671,-0.43380799999999997,CHL,THA,8413
2761005,43,216,1631,2014,145326789.0,14332381.0,1.187557,1.222085,CHN,THA,8413
2761006,44,216,1631,2014,0.0,57072.0,-0.737625,-0.768728,CIV,THA,8413
2761007,45,216,1631,2014,0.0,104653.0,-0.6723520000000001,-0.945084,CMR,THA,8413
2761008,47,216,1631,2014,0.0,55684.0,-1.371624,-1.12468,COG,THA,8413
2761009,49,216,1631,2014,84418.0,944150.0,0.19864500000000002,-0.378364,COL,THA,8413
2761010,52,216,1631,2014,0.0,241578.0,0.065938,-0.687971,CRI,THA,8413
2761011,55,216,1631,2014,22220.0,0.0,-0.00902,-0.683643,CUW,THA,8413
2761012,58,216,1631,2014,0.0,1721.0,0.627467,0.483725,CYP,THA,8413
2761013,59,216,1631,2014,2385332.0,7308786.0,1.8105830000000003,0.131131,CZE,THA,8413
2761014,61,216,1631,2014,61750012.0,4005995.0,2.052849,-2.888805,DEU,THA,8413
2761015,64,216,1631,2014,1433187.0,1782901.0,1.10869,1.245193,DNK,THA,8413
2761016,65,216,1631,2014,0.0,15401.0,-0.180845,0.508512,DOM,THA,8413
2761017,66,216,1631,2014,0.0,560657.0,-1.5554649999999999,-1.1657030000000002,DZA,THA,8413
2761018,67,216,1631,2014,30120.0,3157630.0,-1.066865,-1.052921,ECU,THA,8413
2761019,68,216,1631,2014,0.0,2004370.0,-0.086866,1.7419669999999998,EGY,THA,8413
2761020,71,216,1631,2014,3690695.0,1792477.0,0.842147,2.45692,ESP,THA,8413
2761021,72,216,1631,2014,1546.0,13095.0,0.9147780000000001,1.151556,EST,THA,8413
2761022,73,216,1631,2014,0.0,61078.0,-1.296535,-1.045942,ETH,THA,8413
2761023,74,216,1631,2014,933031.0,54876.0,1.626355,1.002923,FIN,THA,8413
2761024,75,216,1631,2014,0.0,8338.0,-0.306346,-0.07688500000000001,FJI,THA,8413
2761025,77,216,1631,2014,10319612.0,1708233.0,1.4817790000000002,0.30995,FRA,THA,8413
2761026,80,216,1631,2014,0.0,15766.0,-1.625474,-1.135973,GAB,THA,8413
2761027,81,216,1631,2014,17667056.0,9024196.0,1.697964,0.585372,GBR,THA,8413
2761028,82,216,1631,2014,2819.0,0.0,-0.254106,-0.646584,GEO,THA,8413
2761029,83,216,1631,2014,0.0,75556.0,-1.130226,-0.9909379999999999,GHA,THA,8413
2761030,85,216,1631,2014,0.0,5358.0,-1.628409,-1.202473,GIN,THA,8413
2761031,89,216,1631,2014,0.0,14674.0,-2.043516,-0.844701,GNQ,THA,8413
2761032,90,216,1631,2014,168229.0,13866.0,0.149337,0.8560540000000001,GRC,THA,8413
2761033,93,216,1631,2014,0.0,282580.0,-0.36547199999999996,0.548894,GTM,THA,8413
2761034,95,216,1631,2014,0.0,2132.0,0.6368119999999999,-0.01771,GUM,THA,8413
2761035,96,216,1631,2014,0.0,4949.0,-1.068777,-1.038227,GUY,THA,8413
2761036,97,216,1631,2014,564960.0,1249594.0,0.812132,1.722493,HKG,THA,8413
2761037,99,216,1631,2014,0.0,24631.0,-0.467004,0.045511,HND,THA,8413
2761038,100,216,1631,2014,832041.0,2336.0,0.804401,1.250807,HRV,THA,8413
2761039,101,216,1631,2014,0.0,5460.0,-1.10887,-1.032108,HTI,THA,8413
2761040,102,216,1631,2014,3936765.0,492993.0,1.477093,0.812869,HUN,THA,8413
2761041,103,216,1631,2014,11985081.0,65699954.0,-0.088032,1.3966459999999998,IDN,THA,8413
2761042,104,216,1631,2014,9795521.0,19748054.0,0.262042,2.6305080000000003,IND,THA,8413
2761043,106,216,1631,2014,275923.0,17900.0,1.2658399999999999,0.278546,IRL,THA,8413
2761044,107,216,1631,2014,0.0,473487.0,-0.361058,-0.312743,IRN,THA,8413
2761045,108,216,1631,2014,0.0,591176.0,-2.9169,-0.882023,IRQ,THA,8413
2761046,109,216,1631,2014,0.0,2038.0,0.127891,-0.302014,ISL,THA,8413
2761047,110,216,1631,2014,1081919.0,71827.0,1.211141,0.64523,ISR,THA,8413
2761048,111,216,1631,2014,31001275.0,3157430.0,1.340136,0.43931099999999995,ITA,THA,8413
2761049,112,216,1631,2014,0.0,1245.0,-0.42745299999999997,-0.7750130000000001,JAM,THA,8413
2761050,113,216,1631,2014,0.0,93315.0,0.210208,0.48732299999999995,JOR,THA,8413
2761051,114,216,1631,2014,301703351.0,128418358.0,2.403165,-0.635024,JPN,THA,8413
2761052,115,216,1631,2014,1511.0,82692.0,-0.210431,-0.574075,KAZ,THA,8413
2761053,116,216,1631,2014,3046.0,53664.0,-0.487058,0.307288,KEN,THA,8413
2761054,117,216,1631,2014,0.0,5388.0,-0.31942600000000004,-0.012454,KGZ,THA,8413
2761055,118,216,1631,2014,1813.0,3651226.0,-0.84072,-0.8307040000000001,KHM,THA,8413
2761056,121,216,1631,2014,34343085.0,4267660.0,1.817145,0.8394530000000001,KOR,THA,8413
2761057,122,216,1631,2014,0.0,166627.0,-0.769616,-1.10667,KWT,THA,8413
2761058,123,216,1631,2014,478700.0,8968993.0,-1.054294,-0.869916,LAO,THA,8413
2761059,124,216,1631,2014,0.0,279246.0,0.308677,1.7564490000000001,LBN,THA,8413
2761060,126,216,1631,2014,0.0,1639320.0,-1.5943829999999999,-1.189961,LBY,THA,8413
2761061,128,216,1631,2014,22993.0,146771.0,-0.49366899999999997,0.338686,LKA,THA,8413
2761062,130,216,1631,2014,2654.0,17289.0,0.764495,1.3451540000000002,LTU,THA,8413
2761063,131,216,1631,2014,342470.0,353.0,1.243845,1.155474,LUX,THA,8413
2761064,132,216,1631,2014,2275.0,2370.0,0.613116,1.1899790000000001,LVA,THA,8413
2761065,134,216,1631,2014,0.0,32233.0,-0.574034,0.065788,MAR,THA,8413
2761066,135,216,1631,2014,0.0,818.0,-0.10438199999999999,-0.093194,MDA,THA,8413
2761067,136,216,1631,2014,0.0,41133.0,-1.002122,-0.44446,MDG,THA,8413
2761068,137,216,1631,2014,0.0,437484.0,-0.43265299999999995,-0.82696,MDV,THA,8413
2761069,138,216,1631,2014,1810194.0,4055562.0,1.0799729999999998,0.697554,MEX,THA,8413
2761070,140,216,1631,2014,13412.0,549.0,-0.039799,-0.05545,MKD,THA,8413
2761071,141,216,1631,2014,0.0,7552.0,-1.199063,-1.05497,MLI,THA,8413
2761072,142,216,1631,2014,1927.0,0.0,0.817013,0.0016309999999999999,MLT,THA,8413
2761073,143,216,1631,2014,740064.0,16381163.0,-1.5332459999999999,-1.145973,MMR,THA,8413
2761074,145,216,1631,2014,0.0,2221.0,-1.425524,-1.161949,MNG,THA,8413
2761075,147,216,1631,2014,0.0,8100.0,-1.1993610000000001,-1.040181,MOZ,THA,8413
2761076,151,216,1631,2014,0.0,12203.0,-0.029891,-0.12431099999999999,MUS,THA,8413
2761077,153,216,1631,2014,15477418.0,46130371.0,1.018138,0.774649,MYS,THA,8413
2761078,156,216,1631,2014,0.0,14293.0,-0.509789,-0.767484,NCL,THA,8413
2761079,159,216,1631,2014,0.0,7835.0,-1.2126430000000001,-1.059697,NGA,THA,8413
2761080,160,216,1631,2014,0.0,90030.0,-0.938269,-0.839066,NIC,THA,8413
2761081,162,216,1631,2014,15696856.0,913343.0,1.179325,1.355071,NLD,THA,8413
2761082,163,216,1631,2014,243808.0,201818.0,0.9187049999999999,0.182685,NOR,THA,8413
2761083,164,216,1631,2014,0.0,13430.0,-0.11988199999999999,0.655883,NPL,THA,8413
2761084,166,216,1631,2014,337757.0,957852.0,0.272502,0.21628699999999998,NZL,THA,8413
2761085,167,216,1631,2014,0.0,902469.0,-0.505129,-1.0051370000000002,OMN,THA,8413
2761086,168,216,1631,2014,225510.0,2735491.0,-0.672924,0.566787,PAK,THA,8413
2761087,169,216,1631,2014,0.0,175878.0,0.771742,0.9873190000000001,PAN,THA,8413
2761088,173,216,1631,2014,0.0,487485.0,-0.557833,0.611826,PER,THA,8413
2761089,174,216,1631,2014,2079754.0,3229218.0,0.637442,0.475883,PHL,THA,8413
2761090,176,216,1631,2014,0.0,52466.0,-1.564904,-1.146255,PNG,THA,8413
2761091,177,216,1631,2014,2770752.0,492432.0,1.133102,1.177165,POL,THA,8413
2761092,178,216,1631,2014,111911.0,0.0,-0.23883000000000001,-0.009727,PRK,THA,8413
2761093,179,216,1631,2014,1517.0,46411.0,0.621053,2.349644,PRT,THA,8413
2761094,180,216,1631,2014,0.0,41323.0,-0.608509,-0.930679,PRY,THA,8413
2761095,181,216,1631,2014,0.0,2057.0,0.030643,0.601905,PSE,THA,8413
2761096,182,216,1631,2014,0.0,9035.0,0.008831,-0.6268279999999999,PYF,THA,8413
2761097,183,216,1631,2014,2505.0,316059.0,-0.37535599999999997,-1.0196370000000001,QAT,THA,8413
2761098,185,216,1631,2014,202494.0,29363.0,0.9112,1.188161,ROU,THA,8413
2761099,186,216,1631,2014,51753.0,477306.0,0.229422,-0.214856,RUS,THA,8413
2761100,187,216,1631,2014,0.0,1494.0,-0.5692659999999999,-0.447859,RWA,THA,8413
2761101,188,216,1631,2014,0.0,1400086.0,0.5758439999999999,-0.832692,SAU,THA,8413
2761102,190,216,1631,2014,0.0,63944.0,-1.442381,-1.1155030000000001,SDN,THA,8413
2761103,191,216,1631,2014,0.0,2416.0,-0.502607,-0.08866,SEN,THA,8413
2761104,192,216,1631,2014,25897517.0,10257627.0,1.867492,0.626736,SGP,THA,8413
2761105,195,216,1631,2014,0.0,2754.0,-0.862089,-0.9075840000000001,SLB,THA,8413
2761106,196,216,1631,2014,0.0,29605.0,-0.9228569999999999,-0.791482,SLE,THA,8413
2761107,197,216,1631,2014,0.0,123618.0,0.08653999999999999,0.29088600000000003,SLV,THA,8413
2761108,201,216,1631,2014,109841.0,15617.0,0.551635,1.211535,SRB,THA,8413
2761109,205,216,1631,2014,0.0,55619.0,-0.6333989999999999,-0.857643,SUR,THA,8413
2761110,206,216,1631,2014,334809.0,21764.0,1.334959,0.821253,SVK,THA,8413
2761111,207,216,1631,2014,28243.0,3027.0,1.6558669999999998,0.6814399999999999,SVN,THA,8413
2761112,208,216,1631,2014,3833917.0,19261.0,1.817752,0.558474,SWE,THA,8413
2761113,209,216,1631,2014,1459.0,0.0,0.22972199999999998,-0.365564,SWZ,THA,8413
2761114,211,216,1631,2014,0.0,3021.0,0.358111,-0.484879,SYC,THA,8413
2761115,215,216,1631,2014,0.0,60611.0,-0.524103,-0.537643,TGO,THA,8413
2761116,220,216,1631,2014,0.0,5925.0,-1.365212,-0.896716,TLS,THA,8413
2761117,222,216,1631,2014,0.0,23905.0,-0.57362,-1.117545,TTO,THA,8413
2761118,223,216,1631,2014,0.0,174209.0,0.343449,1.118007,TUN,THA,8413
2761119,224,216,1631,2014,289839.0,1238078.0,0.554761,2.385693,TUR,THA,8413
2761120,226,216,1631,2014,0.0,29847.0,-1.054331,0.166345,TZA,THA,8413
2761121,228,216,1631,2014,401404.0,262006.0,0.566535,0.832267,UKR,THA,8413
2761122,230,216,1631,2014,0.0,21613.0,0.154034,-0.380899,URY,THA,8413
2761123,231,216,1631,2014,66070313.0,67738891.0,1.61227,0.068905,USA,THA,8413
2761124,232,216,1631,2014,0.0,196585.0,-0.407623,-0.37150700000000003,UZB,THA,8413
2761125,236,216,1631,2014,0.0,284373.0,-0.582086,-1.081727,VEN,THA,8413
2761126,239,216,1631,2014,9461666.0,14415480.0,-0.023765,1.344416,VNM,THA,8413
2761127,243,216,1631,2014,0.0,80225.0,-1.2829190000000001,-1.227373,YEM,THA,8413
2761128,246,216,1631,2014,205538.0,5980090.0,0.282927,1.723214,ZAF,THA,8413
2761129,247,216,1631,2014,0.0,5496.0,-0.664089,-0.793452,ZMB,THA,8413
2761130,248,216,1631,2014,0.0,406.0,-0.821369,-0.864232,ZWE,THA,8413
2761131,249,216,1631,2014,21441337.0,4433518.0,1.9044189999999999,1.0595139999999998,TWN,THA,8413
2761132,0,222,1631,2014,0.0,1093.0,0.779539,-0.32255700000000004,ABW,TTO,8413
2761133,8,222,1631,2014,50755.0,129451.0,0.10691500000000001,0.44860600000000006,ARG,TTO,8413
2761134,13,222,1631,2014,0.0,3294.0,0.169764,-0.621576,ATG,TTO,8413
2761135,14,222,1631,2014,65729.0,0.0,-0.398273,-0.17128,AUS,TTO,8413
2761136,15,222,1631,2014,66551.0,0.0,1.7116790000000002,-0.140232,AUT,TTO,8413
2761137,18,222,1631,2014,9175.0,0.0,1.234156,1.226441,BEL,TTO,8413
2761138,25,222,1631,2014,0.0,4152.0,0.314465,-0.60458,BHS,TTO,8413
2761139,32,222,1631,2014,747498.0,28901.0,0.218223,0.556921,BRA,TTO,8413
2761140,33,222,1631,2014,2290.0,116079.0,0.44968400000000003,-0.15268900000000002,BRB,TTO,8413
2761141,39,222,1631,2014,653341.0,7811.0,0.671395,1.024683,CAN,TTO,8413
2761142,41,222,1631,2014,76611.0,0.0,2.2000919999999997,0.65398,CHE,TTO,8413
2761143,43,222,1631,2014,1238724.0,0.0,1.187557,1.222085,CHN,TTO,8413
2761144,46,222,1631,2014,0.0,31429.0,-1.6680240000000002,-1.1265129999999999,COD,TTO,8413
2761145,49,222,1631,2014,118771.0,7949.0,0.19864500000000002,-0.378364,COL,TTO,8413
2761146,55,222,1631,2014,0.0,3127.0,-0.00902,-0.683643,CUW,TTO,8413
2761147,59,222,1631,2014,11577.0,0.0,1.8105830000000003,0.131131,CZE,TTO,8413
2761148,61,222,1631,2014,730041.0,25064.0,2.052849,-2.888805,DEU,TTO,8413
2761149,63,222,1631,2014,0.0,16505.0,0.294596,-0.310069,DMA,TTO,8413
2761150,64,222,1631,2014,64700.0,0.0,1.10869,1.245193,DNK,TTO,8413
2761151,65,222,1631,2014,38477.0,1656.0,-0.180845,0.508512,DOM,TTO,8413
2761152,67,222,1631,2014,0.0,21724.0,-1.066865,-1.052921,ECU,TTO,8413
2761153,71,222,1631,2014,6988.0,2049.0,0.842147,2.45692,ESP,TTO,8413
2761154,74,222,1631,2014,9846.0,18620.0,1.626355,1.002923,FIN,TTO,8413
2761155,77,222,1631,2014,726460.0,7185.0,1.4817790000000002,0.30995,FRA,TTO,8413
2761156,81,222,1631,2014,1172407.0,21940.0,1.697964,0.585372,GBR,TTO,8413
2761157,82,222,1631,2014,299414.0,0.0,-0.254106,-0.646584,GEO,TTO,8413
2761158,91,222,1631,2014,0.0,49340.0,-0.184151,-0.7291270000000001,GRD,TTO,8413
2761159,96,222,1631,2014,0.0,90848.0,-1.068777,-1.038227,GUY,TTO,8413
2761160,97,222,1631,2014,2057.0,0.0,0.812132,1.722493,HKG,TTO,8413
2761161,102,222,1631,2014,5594.0,0.0,1.477093,0.812869,HUN,TTO,8413
2761162,104,222,1631,2014,88901.0,0.0,0.262042,2.6305080000000003,IND,TTO,8413
2761163,106,222,1631,2014,5931.0,0.0,1.2658399999999999,0.278546,IRL,TTO,8413
2761164,111,222,1631,2014,3025578.0,0.0,1.340136,0.43931099999999995,ITA,TTO,8413
2761165,112,222,1631,2014,8734.0,32052.0,-0.42745299999999997,-0.7750130000000001,JAM,TTO,8413
2761166,114,222,1631,2014,531668.0,0.0,2.403165,-0.635024,JPN,TTO,8413
2761167,121,222,1631,2014,85564.0,0.0,1.817145,0.8394530000000001,KOR,TTO,8413
2761168,123,222,1631,2014,0.0,74160.0,-1.054294,-0.869916,LAO,TTO,8413
2761169,127,222,1631,2014,9436.0,45085.0,0.29035500000000003,-0.603541,LCA,TTO,8413
2761170,138,222,1631,2014,459032.0,53318.0,1.0799729999999998,0.697554,MEX,TTO,8413
2761171,142,222,1631,2014,0.0,12470.0,0.817013,0.0016309999999999999,MLT,TTO,8413
2761172,153,222,1631,2014,23047.0,0.0,1.018138,0.774649,MYS,TTO,8413
2761173,162,222,1631,2014,671590.0,33040.0,1.179325,1.355071,NLD,TTO,8413
2761174,163,222,1631,2014,33313.0,0.0,0.9187049999999999,0.182685,NOR,TTO,8413
2761175,166,222,1631,2014,38730.0,0.0,0.272502,0.21628699999999998,NZL,TTO,8413
2761176,169,222,1631,2014,167952.0,0.0,0.771742,0.9873190000000001,PAN,TTO,8413
2761177,174,222,1631,2014,3581.0,0.0,0.637442,0.475883,PHL,TTO,8413
2761178,177,222,1631,2014,1791.0,0.0,1.133102,1.177165,POL,TTO,8413
2761179,178,222,1631,2014,2526.0,0.0,-0.23883000000000001,-0.009727,PRK,TTO,8413
2761180,179,222,1631,2014,16150.0,0.0,0.621053,2.349644,PRT,TTO,8413
2761181,185,222,1631,2014,3300.0,2096.0,0.9112,1.188161,ROU,TTO,8413
2761182,188,222,1631,2014,0.0,667417.0,0.5758439999999999,-0.832692,SAU,TTO,8413
2761183,192,222,1631,2014,34017.0,0.0,1.867492,0.626736,SGP,TTO,8413
2761184,205,222,1631,2014,12895.0,549364.0,-0.6333989999999999,-0.857643,SUR,TTO,8413
2761185,206,222,1631,2014,691.0,0.0,1.334959,0.821253,SVK,TTO,8413
2761186,208,222,1631,2014,74598.0,0.0,1.817752,0.558474,SWE,TTO,8413
2761187,209,222,1631,2014,3398.0,0.0,0.22972199999999998,-0.365564,SWZ,TTO,8413
2761188,216,222,1631,2014,23905.0,0.0,0.977094,1.41283,THA,TTO,8413
2761189,223,222,1631,2014,0.0,441853.0,0.343449,1.118007,TUN,TTO,8413
2761190,224,222,1631,2014,79026.0,0.0,0.554761,2.385693,TUR,TTO,8413
2761191,231,222,1631,2014,23331796.0,420573.0,1.61227,0.068905,USA,TTO,8413
2761192,234,222,1631,2014,5305.0,19210.0,0.034024,-0.522492,VCT,TTO,8413
2761193,236,222,1631,2014,20678.0,130979.0,-0.582086,-1.081727,VEN,TTO,8413
2761194,246,222,1631,2014,1458.0,0.0,0.282927,1.723214,ZAF,TTO,8413
2761195,249,222,1631,2014,83673.0,0.0,1.9044189999999999,1.0595139999999998,TWN,TTO,8413
2761196,1,224,1631,2014,7641.0,2093667.0,-0.924386,-0.839385,AFG,TUR,8413
2761197,2,224,1631,2014,0.0,58910.0,-1.8184900000000002,-1.149191,AGO,TUR,8413
2761198,4,224,1631,2014,0.0,1386851.0,-0.476024,-0.33978400000000003,ALB,TUR,8413
2761199,7,224,1631,2014,532488.0,4848363.0,0.087775,-0.289459,ARE,TUR,8413
2761200,8,224,1631,2014,104292.0,303751.0,0.10691500000000001,0.44860600000000006,ARG,TUR,8413
2761201,9,224,1631,2014,5850.0,81503.0,-0.198322,-0.5918680000000001,ARM,TUR,8413
2761202,10,224,1631,2014,43581.0,0.0,0.795219,-0.217498,ASM,TUR,8413
2761203,13,224,1631,2014,0.0,3535.0,0.169764,-0.621576,ATG,TUR,8413
2761204,14,224,1631,2014,108349.0,677108.0,-0.398273,-0.17128,AUS,TUR,8413
2761205,15,224,1631,2014,8524979.0,890491.0,1.7116790000000002,-0.140232,AUT,TUR,8413
2761206,16,224,1631,2014,4000.0,13851805.0,-0.909508,-1.165158,AZE,TUR,8413
2761207,18,224,1631,2014,14613127.0,1765394.0,1.234156,1.226441,BEL,TUR,8413
2761208,19,224,1631,2014,0.0,2864.0,-0.342225,-0.618789,BEN,TUR,8413
2761209,21,224,1631,2014,0.0,147718.0,-0.922401,-0.9554379999999999,BFA,TUR,8413
2761210,22,224,1631,2014,0.0,1558483.0,-1.0341879999999999,-0.9614870000000001,BGD,TUR,8413
2761211,23,224,1631,2014,946461.0,2670606.0,0.579058,1.6558110000000001,BGR,TUR,8413
2761212,24,224,1631,2014,37057.0,580652.0,0.460168,-0.41671099999999994,BHR,TUR,8413
2761213,26,224,1631,2014,3099965.0,311763.0,0.5083300000000001,0.711704,BIH,TUR,8413
2761214,28,224,1631,2014,7418.0,422989.0,0.874108,0.676231,BLR,TUR,8413
2761215,31,224,1631,2014,0.0,151026.0,-1.129494,-1.030198,BOL,TUR,8413
2761216,32,224,1631,2014,3437212.0,4289033.0,0.218223,0.556921,BRA,TUR,8413
2761217,37,224,1631,2014,0.0,6356.0,-0.60221,-1.104578,BWA,TUR,8413
2761218,38,224,1631,2014,0.0,3288.0,0.695875,0.543384,CAF,TUR,8413
2761219,39,224,1631,2014,2710389.0,1628571.0,0.671395,1.024683,CAN,TUR,8413
2761220,41,224,1631,2014,7189122.0,545868.0,2.2000919999999997,0.65398,CHE,TUR,8413
2761221,42,224,1631,2014,0.0,649926.0,-0.344671,-0.43380799999999997,CHL,TUR,8413
2761222,43,224,1631,2014,100174768.0,11909910.0,1.187557,1.222085,CHN,TUR,8413
2761223,44,224,1631,2014,0.0,158486.0,-0.737625,-0.768728,CIV,TUR,8413
2761224,45,224,1631,2014,0.0,222396.0,-0.6723520000000001,-0.945084,CMR,TUR,8413
2761225,46,224,1631,2014,0.0,31805.0,-1.6680240000000002,-1.1265129999999999,COD,TUR,8413
2761226,47,224,1631,2014,0.0,56583.0,-1.371624,-1.12468,COG,TUR,8413
2761227,49,224,1631,2014,0.0,211269.0,0.19864500000000002,-0.378364,COL,TUR,8413
2761228,51,224,1631,2014,0.0,4554.0,-0.182368,-0.7136359999999999,CPV,TUR,8413
2761229,52,224,1631,2014,0.0,23072.0,0.065938,-0.687971,CRI,TUR,8413
2761230,54,224,1631,2014,0.0,77533.0,-0.476786,-0.952291,CUB,TUR,8413
2761231,55,224,1631,2014,0.0,7161.0,-0.00902,-0.683643,CUW,TUR,8413
2761232,59,224,1631,2014,53225379.0,1129632.0,1.8105830000000003,0.131131,CZE,TUR,8413
2761233,61,224,1631,2014,246127024.0,138488470.0,2.052849,-2.888805,DEU,TUR,8413
2761234,62,224,1631,2014,0.0,60360.0,-0.394602,-0.74178,DJI,TUR,8413
2761235,64,224,1631,2014,16418574.0,657955.0,1.10869,1.245193,DNK,TUR,8413
2761236,65,224,1631,2014,0.0,171982.0,-0.180845,0.508512,DOM,TUR,8413
2761237,66,224,1631,2014,2112.0,5049021.0,-1.5554649999999999,-1.1657030000000002,DZA,TUR,8413
2761238,67,224,1631,2014,2914.0,117710.0,-1.066865,-1.052921,ECU,TUR,8413
2761239,68,224,1631,2014,894.0,8251814.0,-0.086866,1.7419669999999998,EGY,TUR,8413
2761240,71,224,1631,2014,17911939.0,2342270.0,0.842147,2.45692,ESP,TUR,8413
2761241,72,224,1631,2014,60352.0,211755.0,0.9147780000000001,1.151556,EST,TUR,8413
2761242,73,224,1631,2014,0.0,1569120.0,-1.296535,-1.045942,ETH,TUR,8413
2761243,74,224,1631,2014,2651828.0,1560485.0,1.626355,1.002923,FIN,TUR,8413
2761244,77,224,1631,2014,52919877.0,12130117.0,1.4817790000000002,0.30995,FRA,TUR,8413
2761245,80,224,1631,2014,0.0,49796.0,-1.625474,-1.135973,GAB,TUR,8413
2761246,81,224,1631,2014,16932842.0,16249802.0,1.697964,0.585372,GBR,TUR,8413
2761247,82,224,1631,2014,88196.0,3982192.0,-0.254106,-0.646584,GEO,TUR,8413
2761248,83,224,1631,2014,0.0,679619.0,-1.130226,-0.9909379999999999,GHA,TUR,8413
2761249,84,224,1631,2014,29797.0,2393.0,0.275796,-0.720217,GIB,TUR,8413
2761250,85,224,1631,2014,0.0,164074.0,-1.628409,-1.202473,GIN,TUR,8413
2761251,89,224,1631,2014,0.0,109779.0,-2.043516,-0.844701,GNQ,TUR,8413
2761252,90,224,1631,2014,336912.0,2233116.0,0.149337,0.8560540000000001,GRC,TUR,8413
2761253,93,224,1631,2014,0.0,37469.0,-0.36547199999999996,0.548894,GTM,TUR,8413
2761254,96,224,1631,2014,0.0,6983.0,-1.068777,-1.038227,GUY,TUR,8413
2761255,97,224,1631,2014,1901221.0,688769.0,0.812132,1.722493,HKG,TUR,8413
2761256,99,224,1631,2014,0.0,23064.0,-0.467004,0.045511,HND,TUR,8413
2761257,100,224,1631,2014,61820.0,94857.0,0.804401,1.250807,HRV,TUR,8413
2761258,102,224,1631,2014,28427758.0,1151332.0,1.477093,0.812869,HUN,TUR,8413
2761259,103,224,1631,2014,7801.0,170273.0,-0.088032,1.3966459999999998,IDN,TUR,8413
2761260,104,224,1631,2014,14048218.0,982046.0,0.262042,2.6305080000000003,IND,TUR,8413
2761261,106,224,1631,2014,3222210.0,365224.0,1.2658399999999999,0.278546,IRL,TUR,8413
2761262,107,224,1631,2014,114807.0,11914291.0,-0.361058,-0.312743,IRN,TUR,8413
2761263,108,224,1631,2014,10109.0,25707998.0,-2.9169,-0.882023,IRQ,TUR,8413
2761264,109,224,1631,2014,0.0,4082.0,0.127891,-0.302014,ISL,TUR,8413
2761265,110,224,1631,2014,145937.0,2374060.0,1.211141,0.64523,ISR,TUR,8413
2761266,111,224,1631,2014,110523387.0,11563724.0,1.340136,0.43931099999999995,ITA,TUR,8413
2761267,113,224,1631,2014,0.0,3375110.0,0.210208,0.48732299999999995,JOR,TUR,8413
2761268,114,224,1631,2014,14154569.0,2074168.0,2.403165,-0.635024,JPN,TUR,8413
2761269,115,224,1631,2014,12435.0,5087620.0,-0.210431,-0.574075,KAZ,TUR,8413
2761270,116,224,1631,2014,0.0,356447.0,-0.487058,0.307288,KEN,TUR,8413
2761271,117,224,1631,2014,15592.0,661329.0,-0.31942600000000004,-0.012454,KGZ,TUR,8413
2761272,118,224,1631,2014,0.0,22556.0,-0.84072,-0.8307040000000001,KHM,TUR,8413
2761273,121,224,1631,2014,24266832.0,404139.0,1.817145,0.8394530000000001,KOR,TUR,8413
2761274,122,224,1631,2014,0.0,328737.0,-0.769616,-1.10667,KWT,TUR,8413
2761275,124,224,1631,2014,17459.0,930318.0,0.308677,1.7564490000000001,LBN,TUR,8413
2761276,126,224,1631,2014,0.0,4002897.0,-1.5943829999999999,-1.189961,LBY,TUR,8413
2761277,128,224,1631,2014,0.0,1037237.0,-0.49366899999999997,0.338686,LKA,TUR,8413
2761278,130,224,1631,2014,20173.0,392513.0,0.764495,1.3451540000000002,LTU,TUR,8413
2761279,131,224,1631,2014,400271.0,148480.0,1.243845,1.155474,LUX,TUR,8413
2761280,132,224,1631,2014,134309.0,828211.0,0.613116,1.1899790000000001,LVA,TUR,8413
2761281,134,224,1631,2014,3047.0,3354184.0,-0.574034,0.065788,MAR,TUR,8413
2761282,135,224,1631,2014,0.0,234315.0,-0.10438199999999999,-0.093194,MDA,TUR,8413
2761283,136,224,1631,2014,55289.0,60060.0,-1.002122,-0.44446,MDG,TUR,8413
2761284,137,224,1631,2014,0.0,22623.0,-0.43265299999999995,-0.82696,MDV,TUR,8413
2761285,138,224,1631,2014,901098.0,1917175.0,1.0799729999999998,0.697554,MEX,TUR,8413
2761286,140,224,1631,2014,1681.0,282494.0,-0.039799,-0.05545,MKD,TUR,8413
2761287,141,224,1631,2014,0.0,2564.0,-1.199063,-1.05497,MLI,TUR,8413
2761288,142,224,1631,2014,17040.0,23420.0,0.817013,0.0016309999999999999,MLT,TUR,8413
2761289,143,224,1631,2014,0.0,209369.0,-1.5332459999999999,-1.145973,MMR,TUR,8413
2761290,144,224,1631,2014,0.0,49725.0,-0.17039100000000001,-0.21762399999999998,MNE,TUR,8413
2761291,145,224,1631,2014,0.0,35297.0,-1.425524,-1.161949,MNG,TUR,8413
2761292,147,224,1631,2014,0.0,75677.0,-1.1993610000000001,-1.040181,MOZ,TUR,8413
2761293,148,224,1631,2014,0.0,49498.0,-1.458551,-1.225373,MRT,TUR,8413
2761294,151,224,1631,2014,0.0,66326.0,-0.029891,-0.12431099999999999,MUS,TUR,8413
2761295,153,224,1631,2014,117397.0,1431194.0,1.018138,0.774649,MYS,TUR,8413
2761296,155,224,1631,2014,0.0,1667.0,-0.428227,-0.5632229999999999,NAM,TUR,8413
2761297,156,224,1631,2014,0.0,1853.0,-0.509789,-0.767484,NCL,TUR,8413
2761298,157,224,1631,2014,0.0,8619.0,-0.7187,-0.80918,NER,TUR,8413
2761299,159,224,1631,2014,888.0,1210271.0,-1.2126430000000001,-1.059697,NGA,TUR,8413
2761300,160,224,1631,2014,0.0,27692.0,-0.938269,-0.839066,NIC,TUR,8413
2761301,161,224,1631,2014,21144.0,0.0,1.624556,0.065342,NIU,TUR,8413
2761302,162,224,1631,2014,9885669.0,2372269.0,1.179325,1.355071,NLD,TUR,8413
2761303,163,224,1631,2014,3456382.0,459983.0,0.9187049999999999,0.182685,NOR,TUR,8413
2761304,164,224,1631,2014,0.0,5804.0,-0.11988199999999999,0.655883,NPL,TUR,8413
2761305,166,224,1631,2014,36302.0,308923.0,0.272502,0.21628699999999998,NZL,TUR,8413
2761306,167,224,1631,2014,281521.0,317369.0,-0.505129,-1.0051370000000002,OMN,TUR,8413
2761307,168,224,1631,2014,125921.0,1575843.0,-0.672924,0.566787,PAK,TUR,8413
2761308,169,224,1631,2014,0.0,60563.0,0.771742,0.9873190000000001,PAN,TUR,8413
2761309,173,224,1631,2014,6035.0,804752.0,-0.557833,0.611826,PER,TUR,8413
2761310,174,224,1631,2014,8936.0,224782.0,0.637442,0.475883,PHL,TUR,8413
2761311,176,224,1631,2014,0.0,27790.0,-1.564904,-1.146255,PNG,TUR,8413
2761312,177,224,1631,2014,8448193.0,2878633.0,1.133102,1.177165,POL,TUR,8413
2761313,179,224,1631,2014,211465.0,347996.0,0.621053,2.349644,PRT,TUR,8413
2761314,180,224,1631,2014,0.0,104785.0,-0.608509,-0.930679,PRY,TUR,8413
2761315,181,224,1631,2014,0.0,29499.0,0.030643,0.601905,PSE,TUR,8413
2761316,182,224,1631,2014,0.0,469.0,0.008831,-0.6268279999999999,PYF,TUR,8413
2761317,183,224,1631,2014,680.0,1008630.0,-0.37535599999999997,-1.0196370000000001,QAT,TUR,8413
2761318,185,224,1631,2014,7009271.0,10565048.0,0.9112,1.188161,ROU,TUR,8413
2761319,186,224,1631,2014,287881.0,8332042.0,0.229422,-0.214856,RUS,TUR,8413
2761320,187,224,1631,2014,0.0,29222.0,-0.5692659999999999,-0.447859,RWA,TUR,8413
2761321,188,224,1631,2014,83883.0,10102840.0,0.5758439999999999,-0.832692,SAU,TUR,8413
2761322,190,224,1631,2014,0.0,1196176.0,-1.442381,-1.1155030000000001,SDN,TUR,8413
2761323,191,224,1631,2014,12652.0,182388.0,-0.502607,-0.08866,SEN,TUR,8413
2761324,192,224,1631,2014,752089.0,2297803.0,1.867492,0.626736,SGP,TUR,8413
2761325,196,224,1631,2014,3223.0,2964.0,-0.9228569999999999,-0.791482,SLE,TUR,8413
2761326,197,224,1631,2014,0.0,12107.0,0.08653999999999999,0.29088600000000003,SLV,TUR,8413
2761327,199,224,1631,2014,0.0,136876.0,-1.41991,-1.010693,SOM,TUR,8413
2761328,201,224,1631,2014,3894261.0,942329.0,0.551635,1.211535,SRB,TUR,8413
2761329,206,224,1631,2014,6945657.0,4610981.0,1.334959,0.821253,SVK,TUR,8413
2761330,207,224,1631,2014,2091321.0,270387.0,1.6558669999999998,0.6814399999999999,SVN,TUR,8413
2761331,208,224,1631,2014,15595861.0,2891847.0,1.817752,0.558474,SWE,TUR,8413
2761332,211,224,1631,2014,0.0,36243.0,0.358111,-0.484879,SYC,TUR,8413
2761333,212,224,1631,2014,0.0,1283612.0,-0.366224,0.9054719999999999,SYR,TUR,8413
2761334,214,224,1631,2014,0.0,1854.0,-2.012048,-0.921558,TCD,TUR,8413
2761335,215,224,1631,2014,0.0,5252.0,-0.524103,-0.537643,TGO,TUR,8413
2761336,216,224,1631,2014,1238078.0,289839.0,0.977094,1.41283,THA,TUR,8413
2761337,217,224,1631,2014,0.0,531171.0,-0.706823,-0.993756,TJK,TUR,8413
2761338,219,224,1631,2014,23592.0,15683759.0,-1.217897,-1.184131,TKM,TUR,8413
2761339,222,224,1631,2014,0.0,79026.0,-0.57362,-1.117545,TTO,TUR,8413
2761340,223,224,1631,2014,0.0,1923510.0,0.343449,1.118007,TUN,TUR,8413
2761341,226,224,1631,2014,0.0,300190.0,-1.054331,0.166345,TZA,TUR,8413
2761342,227,224,1631,2014,0.0,26339.0,-0.46911800000000003,0.25446599999999997,UGA,TUR,8413
2761343,228,224,1631,2014,375893.0,1110326.0,0.566535,0.832267,UKR,TUR,8413
2761344,230,224,1631,2014,0.0,68903.0,0.154034,-0.380899,URY,TUR,8413
2761345,231,224,1631,2014,43835908.0,21699227.0,1.61227,0.068905,USA,TUR,8413
2761346,232,224,1631,2014,0.0,1479158.0,-0.407623,-0.37150700000000003,UZB,TUR,8413
2761347,236,224,1631,2014,0.0,82174.0,-0.582086,-1.081727,VEN,TUR,8413
2761348,239,224,1631,2014,923566.0,275796.0,-0.023765,1.344416,VNM,TUR,8413
2761349,243,224,1631,2014,1427.0,1970332.0,-1.2829190000000001,-1.227373,YEM,TUR,8413
2761350,246,224,1631,2014,150436.0,6258251.0,0.282927,1.723214,ZAF,TUR,8413
2761351,247,224,1631,2014,0.0,21633.0,-0.664089,-0.793452,ZMB,TUR,8413
2761352,248,224,1631,2014,0.0,13431.0,-0.821369,-0.864232,ZWE,TUR,8413
2761353,249,224,1631,2014,6796036.0,48118.0,1.9044189999999999,1.0595139999999998,TWN,TUR,8413
2761354,250,224,1631,2014,3280793.0,17396114.0,0.506842,0.049545,ANS,TUR,8413
2761355,1,228,1631,2014,0.0,3224.0,-0.924386,-0.839385,AFG,UKR,8413
2761356,2,228,1631,2014,0.0,6477.0,-1.8184900000000002,-1.149191,AGO,UKR,8413
2761357,7,228,1631,2014,72586.0,263613.0,0.087775,-0.289459,ARE,UKR,8413
2761358,8,228,1631,2014,5566.0,32713.0,0.10691500000000001,0.44860600000000006,ARG,UKR,8413
2761359,9,228,1631,2014,0.0,467994.0,-0.198322,-0.5918680000000001,ARM,UKR,8413
2761360,14,228,1631,2014,37227.0,6359.0,-0.398273,-0.17128,AUS,UKR,8413
2761361,15,228,1631,2014,2151386.0,22985.0,1.7116790000000002,-0.140232,AUT,UKR,8413
2761362,16,228,1631,2014,0.0,2217946.0,-0.909508,-1.165158,AZE,UKR,8413
2761363,18,228,1631,2014,1064102.0,63807.0,1.234156,1.226441,BEL,UKR,8413
2761364,19,228,1631,2014,0.0,20984.0,-0.342225,-0.618789,BEN,UKR,8413
2761365,22,228,1631,2014,0.0,3209.0,-1.0341879999999999,-0.9614870000000001,BGD,UKR,8413
2761366,23,228,1631,2014,378981.0,461362.0,0.579058,1.6558110000000001,BGR,UKR,8413
2761367,26,228,1631,2014,3256.0,69576.0,0.5083300000000001,0.711704,BIH,UKR,8413
2761368,28,228,1631,2014,2931192.0,6255581.0,0.874108,0.676231,BLR,UKR,8413
2761369,29,228,1631,2014,0.0,20715.0,-0.324446,-0.552126,BLZ,UKR,8413
2761370,31,228,1631,2014,0.0,549.0,-1.129494,-1.030198,BOL,UKR,8413
2761371,32,228,1631,2014,20698.0,267086.0,0.218223,0.556921,BRA,UKR,8413
2761372,39,228,1631,2014,114055.0,3208.0,0.671395,1.024683,CAN,UKR,8413
2761373,41,228,1631,2014,184989.0,0.0,2.2000919999999997,0.65398,CHE,UKR,8413
2761374,42,228,1631,2014,0.0,2176.0,-0.344671,-0.43380799999999997,CHL,UKR,8413
2761375,43,228,1631,2014,37636421.0,3459017.0,1.187557,1.222085,CHN,UKR,8413
2761376,46,228,1631,2014,0.0,16516.0,-1.6680240000000002,-1.1265129999999999,COD,UKR,8413
2761377,47,228,1631,2014,0.0,9816.0,-1.371624,-1.12468,COG,UKR,8413
2761378,49,228,1631,2014,0.0,18784.0,0.19864500000000002,-0.378364,COL,UKR,8413
2761379,54,228,1631,2014,22862.0,557145.0,-0.476786,-0.952291,CUB,UKR,8413
2761380,58,228,1631,2014,0.0,925.0,0.627467,0.483725,CYP,UKR,8413
2761381,59,228,1631,2014,2438765.0,230022.0,1.8105830000000003,0.131131,CZE,UKR,8413
2761382,61,228,1631,2014,20717906.0,1225461.0,2.052849,-2.888805,DEU,UKR,8413
2761383,64,228,1631,2014,655820.0,3865.0,1.10869,1.245193,DNK,UKR,8413
2761384,66,228,1631,2014,0.0,19862.0,-1.5554649999999999,-1.1657030000000002,DZA,UKR,8413
2761385,67,228,1631,2014,0.0,144686.0,-1.066865,-1.052921,ECU,UKR,8413
2761386,68,228,1631,2014,0.0,509524.0,-0.086866,1.7419669999999998,EGY,UKR,8413
2761387,71,228,1631,2014,1592605.0,292894.0,0.842147,2.45692,ESP,UKR,8413
2761388,72,228,1631,2014,232349.0,204469.0,0.9147780000000001,1.151556,EST,UKR,8413
2761389,73,228,1631,2014,0.0,58819.0,-1.296535,-1.045942,ETH,UKR,8413
2761390,74,228,1631,2014,856503.0,26607.0,1.626355,1.002923,FIN,UKR,8413
2761391,77,228,1631,2014,1007848.0,53587.0,1.4817790000000002,0.30995,FRA,UKR,8413
2761392,81,228,1631,2014,5360057.0,321824.0,1.697964,0.585372,GBR,UKR,8413
2761393,82,228,1631,2014,2947.0,1208256.0,-0.254106,-0.646584,GEO,UKR,8413
2761394,83,228,1631,2014,0.0,3700.0,-1.130226,-0.9909379999999999,GHA,UKR,8413
2761395,85,228,1631,2014,0.0,18791.0,-1.628409,-1.202473,GIN,UKR,8413
2761396,89,228,1631,2014,0.0,7811.0,-2.043516,-0.844701,GNQ,UKR,8413
2761397,90,228,1631,2014,3889.0,9248.0,0.149337,0.8560540000000001,GRC,UKR,8413
2761398,96,228,1631,2014,0.0,558.0,-1.068777,-1.038227,GUY,UKR,8413
2761399,97,228,1631,2014,85265.0,0.0,0.812132,1.722493,HKG,UKR,8413
2761400,100,228,1631,2014,602822.0,79190.0,0.804401,1.250807,HRV,UKR,8413
2761401,102,228,1631,2014,6185362.0,609117.0,1.477093,0.812869,HUN,UKR,8413
2761402,103,228,1631,2014,0.0,273403.0,-0.088032,1.3966459999999998,IDN,UKR,8413
2761403,104,228,1631,2014,452338.0,2011927.0,0.262042,2.6305080000000003,IND,UKR,8413
2761404,106,228,1631,2014,194571.0,8128.0,1.2658399999999999,0.278546,IRL,UKR,8413
2761405,107,228,1631,2014,0.0,214513.0,-0.361058,-0.312743,IRN,UKR,8413
2761406,108,228,1631,2014,0.0,1152947.0,-2.9169,-0.882023,IRQ,UKR,8413
2761407,110,228,1631,2014,9060.0,161269.0,1.211141,0.64523,ISR,UKR,8413
2761408,111,228,1631,2014,13383741.0,37622.0,1.340136,0.43931099999999995,ITA,UKR,8413
2761409,113,228,1631,2014,0.0,906.0,0.210208,0.48732299999999995,JOR,UKR,8413
2761410,114,228,1631,2014,927595.0,298823.0,2.403165,-0.635024,JPN,UKR,8413
2761411,115,228,1631,2014,11341.0,11370041.0,-0.210431,-0.574075,KAZ,UKR,8413
2761412,117,228,1631,2014,0.0,279371.0,-0.31942600000000004,-0.012454,KGZ,UKR,8413
2761413,121,228,1631,2014,481782.0,40235.0,1.817145,0.8394530000000001,KOR,UKR,8413
2761414,122,228,1631,2014,0.0,8118.0,-0.769616,-1.10667,KWT,UKR,8413
2761415,130,228,1631,2014,678108.0,2641033.0,0.764495,1.3451540000000002,LTU,UKR,8413
2761416,131,228,1631,2014,152974.0,0.0,1.243845,1.155474,LUX,UKR,8413
2761417,132,228,1631,2014,78512.0,674762.0,0.613116,1.1899790000000001,LVA,UKR,8413
2761418,135,228,1631,2014,470874.0,1173787.0,-0.10438199999999999,-0.093194,MDA,UKR,8413
2761419,138,228,1631,2014,365145.0,17082.0,1.0799729999999998,0.697554,MEX,UKR,8413
2761420,139,228,1631,2014,0.0,10288.0,-0.22505,-0.803084,MHL,UKR,8413
2761421,140,228,1631,2014,0.0,56049.0,-0.039799,-0.05545,MKD,UKR,8413
2761422,141,228,1631,2014,0.0,40041.0,-1.199063,-1.05497,MLI,UKR,8413
2761423,143,228,1631,2014,0.0,150971.0,-1.5332459999999999,-1.145973,MMR,UKR,8413
2761424,145,228,1631,2014,0.0,108099.0,-1.425524,-1.161949,MNG,UKR,8413
2761425,153,228,1631,2014,5361.0,70721.0,1.018138,0.774649,MYS,UKR,8413
2761426,157,228,1631,2014,0.0,17531.0,-0.7187,-0.80918,NER,UKR,8413
2761427,159,228,1631,2014,0.0,94517.0,-1.2126430000000001,-1.059697,NGA,UKR,8413
2761428,160,228,1631,2014,0.0,1712.0,-0.938269,-0.839066,NIC,UKR,8413
2761429,162,228,1631,2014,2188138.0,2571.0,1.179325,1.355071,NLD,UKR,8413
2761430,163,228,1631,2014,4166.0,0.0,0.9187049999999999,0.182685,NOR,UKR,8413
2761431,166,228,1631,2014,0.0,31084.0,0.272502,0.21628699999999998,NZL,UKR,8413
2761432,168,228,1631,2014,0.0,916392.0,-0.672924,0.566787,PAK,UKR,8413
2761433,169,228,1631,2014,13119.0,12941.0,0.771742,0.9873190000000001,PAN,UKR,8413
2761434,173,228,1631,2014,827.0,1818.0,-0.557833,0.611826,PER,UKR,8413
2761435,174,228,1631,2014,0.0,32535.0,0.637442,0.475883,PHL,UKR,8413
2761436,177,228,1631,2014,10819594.0,994074.0,1.133102,1.177165,POL,UKR,8413
2761437,178,228,1631,2014,17749.0,0.0,-0.23883000000000001,-0.009727,PRK,UKR,8413
2761438,179,228,1631,2014,12052.0,2794.0,0.621053,2.349644,PRT,UKR,8413
2761439,183,228,1631,2014,0.0,8372.0,-0.37535599999999997,-1.0196370000000001,QAT,UKR,8413
2761440,185,228,1631,2014,232245.0,138368.0,0.9112,1.188161,ROU,UKR,8413
2761441,186,228,1631,2014,12431571.0,145358443.0,0.229422,-0.214856,RUS,UKR,8413
2761442,188,228,1631,2014,14947.0,3088406.0,0.5758439999999999,-0.832692,SAU,UKR,8413
2761443,190,228,1631,2014,30091.0,8850.0,-1.442381,-1.1155030000000001,SDN,UKR,8413
2761444,191,228,1631,2014,0.0,47705.0,-0.502607,-0.08866,SEN,UKR,8413
2761445,192,228,1631,2014,3005.0,8979.0,1.867492,0.626736,SGP,UKR,8413
2761446,196,228,1631,2014,0.0,46361.0,-0.9228569999999999,-0.791482,SLE,UKR,8413
2761447,201,228,1631,2014,1463125.0,9837.0,0.551635,1.211535,SRB,UKR,8413
2761448,206,228,1631,2014,448903.0,606592.0,1.334959,0.821253,SVK,UKR,8413
2761449,207,228,1631,2014,429021.0,53920.0,1.6558669999999998,0.6814399999999999,SVN,UKR,8413
2761450,208,228,1631,2014,3491849.0,6913.0,1.817752,0.558474,SWE,UKR,8413
2761451,212,228,1631,2014,0.0,3660.0,-0.366224,0.9054719999999999,SYR,UKR,8413
2761452,216,228,1631,2014,262006.0,401404.0,0.977094,1.41283,THA,UKR,8413
2761453,217,228,1631,2014,0.0,29526.0,-0.706823,-0.993756,TJK,UKR,8413
2761454,219,228,1631,2014,0.0,1675628.0,-1.217897,-1.184131,TKM,UKR,8413
2761455,223,228,1631,2014,986.0,0.0,0.343449,1.118007,TUN,UKR,8413
2761456,224,228,1631,2014,1110326.0,375893.0,0.554761,2.385693,TUR,UKR,8413
2761457,227,228,1631,2014,29617.0,0.0,-0.46911800000000003,0.25446599999999997,UGA,UKR,8413
2761458,231,228,1631,2014,10246179.0,357945.0,1.61227,0.068905,USA,UKR,8413
2761459,232,228,1631,2014,0.0,2491459.0,-0.407623,-0.37150700000000003,UZB,UKR,8413
2761460,239,228,1631,2014,0.0,518128.0,-0.023765,1.344416,VNM,UKR,8413
2761461,243,228,1631,2014,0.0,2482.0,-1.2829190000000001,-1.227373,YEM,UKR,8413
2761462,246,228,1631,2014,47866.0,6817.0,0.282927,1.723214,ZAF,UKR,8413
2761463,249,228,1631,2014,143288.0,0.0,1.9044189999999999,1.0595139999999998,TWN,UKR,8413
2761464,8,230,1631,2014,3833539.0,10758.0,0.10691500000000001,0.44860600000000006,ARG,URY,8413
2761465,14,230,1631,2014,1454.0,0.0,-0.398273,-0.17128,AUS,URY,8413
2761466,15,230,1631,2014,638329.0,0.0,1.7116790000000002,-0.140232,AUT,URY,8413
2761467,18,230,1631,2014,237551.0,24306.0,1.234156,1.226441,BEL,URY,8413
2761468,32,230,1631,2014,4371014.0,496499.0,0.218223,0.556921,BRA,URY,8413
2761469,39,230,1631,2014,238352.0,3653.0,0.671395,1.024683,CAN,URY,8413
2761470,41,230,1631,2014,26452.0,0.0,2.2000919999999997,0.65398,CHE,URY,8413
2761471,42,230,1631,2014,249221.0,41822.0,-0.344671,-0.43380799999999997,CHL,URY,8413
2761472,43,230,1631,2014,4571133.0,6890.0,1.187557,1.222085,CHN,URY,8413
2761473,49,230,1631,2014,16208.0,6686.0,0.19864500000000002,-0.378364,COL,URY,8413
2761474,52,230,1631,2014,0.0,22306.0,0.065938,-0.687971,CRI,URY,8413
2761475,59,230,1631,2014,14468.0,0.0,1.8105830000000003,0.131131,CZE,URY,8413
2761476,61,230,1631,2014,1527383.0,18476.0,2.052849,-2.888805,DEU,URY,8413
2761477,64,230,1631,2014,986736.0,0.0,1.10869,1.245193,DNK,URY,8413
2761478,67,230,1631,2014,0.0,2017.0,-1.066865,-1.052921,ECU,URY,8413
2761479,71,230,1631,2014,1213411.0,107358.0,0.842147,2.45692,ESP,URY,8413
2761480,72,230,1631,2014,875.0,0.0,0.9147780000000001,1.151556,EST,URY,8413
2761481,74,230,1631,2014,354259.0,0.0,1.626355,1.002923,FIN,URY,8413
2761482,77,230,1631,2014,420839.0,0.0,1.4817790000000002,0.30995,FRA,URY,8413
2761483,81,230,1631,2014,215739.0,0.0,1.697964,0.585372,GBR,URY,8413
2761484,97,230,1631,2014,17562.0,0.0,0.812132,1.722493,HKG,URY,8413
2761485,100,230,1631,2014,3691.0,0.0,0.804401,1.250807,HRV,URY,8413
2761486,102,230,1631,2014,172941.0,0.0,1.477093,0.812869,HUN,URY,8413
2761487,104,230,1631,2014,64059.0,0.0,0.262042,2.6305080000000003,IND,URY,8413
2761488,106,230,1631,2014,5774.0,0.0,1.2658399999999999,0.278546,IRL,URY,8413
2761489,110,230,1631,2014,4469.0,0.0,1.211141,0.64523,ISR,URY,8413
2761490,111,230,1631,2014,4846939.0,3258.0,1.340136,0.43931099999999995,ITA,URY,8413
2761491,114,230,1631,2014,1077154.0,0.0,2.403165,-0.635024,JPN,URY,8413
2761492,121,230,1631,2014,1382134.0,0.0,1.817145,0.8394530000000001,KOR,URY,8413
2761493,131,230,1631,2014,48274.0,0.0,1.243845,1.155474,LUX,URY,8413
2761494,138,230,1631,2014,64713.0,0.0,1.0799729999999998,0.697554,MEX,URY,8413
2761495,153,230,1631,2014,8855.0,0.0,1.018138,0.774649,MYS,URY,8413
2761496,162,230,1631,2014,1889633.0,10329.0,1.179325,1.355071,NLD,URY,8413
2761497,163,230,1631,2014,8813.0,13638.0,0.9187049999999999,0.182685,NOR,URY,8413
2761498,166,230,1631,2014,1485.0,0.0,0.272502,0.21628699999999998,NZL,URY,8413
2761499,169,230,1631,2014,1191.0,0.0,0.771742,0.9873190000000001,PAN,URY,8413
2761500,177,230,1631,2014,435225.0,0.0,1.133102,1.177165,POL,URY,8413
2761501,179,230,1631,2014,6188.0,0.0,0.621053,2.349644,PRT,URY,8413
2761502,180,230,1631,2014,0.0,22097.0,-0.608509,-0.930679,PRY,URY,8413
2761503,185,230,1631,2014,7306.0,0.0,0.9112,1.188161,ROU,URY,8413
2761504,186,230,1631,2014,21982.0,0.0,0.229422,-0.214856,RUS,URY,8413
2761505,192,230,1631,2014,8369.0,0.0,1.867492,0.626736,SGP,URY,8413
2761506,201,230,1631,2014,12302.0,0.0,0.551635,1.211535,SRB,URY,8413
2761507,206,230,1631,2014,1925.0,0.0,1.334959,0.821253,SVK,URY,8413
2761508,208,230,1631,2014,759459.0,0.0,1.817752,0.558474,SWE,URY,8413
2761509,216,230,1631,2014,21613.0,0.0,0.977094,1.41283,THA,URY,8413
2761510,224,230,1631,2014,68903.0,0.0,0.554761,2.385693,TUR,URY,8413
2761511,231,230,1631,2014,5190537.0,69008.0,1.61227,0.068905,USA,URY,8413
2761512,246,230,1631,2014,75312.0,4473.0,0.282927,1.723214,ZAF,URY,8413
2761513,249,230,1631,2014,316270.0,0.0,1.9044189999999999,1.0595139999999998,TWN,URY,8413
2761514,250,230,1631,2014,3582.0,87003.0,0.506842,0.049545,ANS,URY,8413
2761515,0,231,1631,2014,208935.0,1114565.0,0.779539,-0.32255700000000004,ABW,USA,8413
2761516,1,231,1631,2014,0.0,6503829.0,-0.924386,-0.839385,AFG,USA,8413
2761517,2,231,1631,2014,0.0,28556446.0,-1.8184900000000002,-1.149191,AGO,USA,8413
2761518,3,231,1631,2014,0.0,195393.0,0.926517,-0.498487,AIA,USA,8413
2761519,4,231,1631,2014,4352.0,453216.0,-0.476024,-0.33978400000000003,ALB,USA,8413
2761520,7,231,1631,2014,1400362.0,219980075.0,0.087775,-0.289459,ARE,USA,8413
2761521,8,231,1631,2014,22357296.0,116666823.0,0.10691500000000001,0.44860600000000006,ARG,USA,8413
2761522,9,231,1631,2014,1589.0,863836.0,-0.198322,-0.5918680000000001,ARM,USA,8413
2761523,13,231,1631,2014,3390.0,275536.0,0.169764,-0.621576,ATG,USA,8413
2761524,14,231,1631,2014,14124932.0,258537007.0,-0.398273,-0.17128,AUS,USA,8413
2761525,15,231,1631,2014,68059338.0,13320687.0,1.7116790000000002,-0.140232,AUT,USA,8413
2761526,16,231,1631,2014,135000.0,10289097.0,-0.909508,-1.165158,AZE,USA,8413
2761527,17,231,1631,2014,0.0,1913.0,-0.242256,-0.8567879999999999,BDI,USA,8413
2761528,18,231,1631,2014,37193137.0,172179973.0,1.234156,1.226441,BEL,USA,8413
2761529,19,231,1631,2014,945.0,334549.0,-0.342225,-0.618789,BEN,USA,8413
2761530,21,231,1631,2014,21645.0,435261.0,-0.922401,-0.9554379999999999,BFA,USA,8413
2761531,22,231,1631,2014,66059.0,6020433.0,-1.0341879999999999,-0.9614870000000001,BGD,USA,8413
2761532,23,231,1631,2014,15189758.0,858421.0,0.579058,1.6558110000000001,BGR,USA,8413
2761533,24,231,1631,2014,32140.0,7966339.0,0.460168,-0.41671099999999994,BHR,USA,8413
2761534,25,231,1631,2014,7277170.0,12777362.0,0.314465,-0.60458,BHS,USA,8413
2761535,26,231,1631,2014,6122.0,430890.0,0.5083300000000001,0.711704,BIH,USA,8413
2761536,28,231,1631,2014,5880.0,1554056.0,0.874108,0.676231,BLR,USA,8413
2761537,29,231,1631,2014,685463.0,1608009.0,-0.324446,-0.552126,BLZ,USA,8413
2761538,30,231,1631,2014,16664.0,976340.0,1.217808,-0.16376300000000002,BMU,USA,8413
2761539,31,231,1631,2014,146817.0,10478413.0,-1.129494,-1.030198,BOL,USA,8413
2761540,32,231,1631,2014,77132814.0,305836377.0,0.218223,0.556921,BRA,USA,8413
2761541,33,231,1631,2014,4090.0,1260260.0,0.44968400000000003,-0.15268900000000002,BRB,USA,8413
2761542,34,231,1631,2014,29150.0,7375057.0,0.191357,-0.683567,BRN,USA,8413
2761543,37,231,1631,2014,1456.0,78259.0,-0.60221,-1.104578,BWA,USA,8413
2761544,38,231,1631,2014,0.0,9674.0,0.695875,0.543384,CAF,USA,8413
2761545,39,231,1631,2014,1375023695.0,2403802380.0,0.671395,1.024683,CAN,USA,8413
2761546,40,231,1631,2014,0.0,3128.0,0.8426629999999999,-0.258254,CCK,USA,8413
2761547,41,231,1631,2014,93120930.0,22294024.0,2.2000919999999997,0.65398,CHE,USA,8413
2761548,42,231,1631,2014,4088656.0,123434634.0,-0.344671,-0.43380799999999997,CHL,USA,8413
2761549,43,231,1631,2014,2049897434.0,594858817.0,1.187557,1.222085,CHN,USA,8413
2761550,44,231,1631,2014,1963.0,1763891.0,-0.737625,-0.768728,CIV,USA,8413
2761551,45,231,1631,2014,45400.0,5547974.0,-0.6723520000000001,-0.945084,CMR,USA,8413
2761552,46,231,1631,2014,0.0,2338920.0,-1.6680240000000002,-1.1265129999999999,COD,USA,8413
2761553,47,231,1631,2014,36995.0,6460770.0,-1.371624,-1.12468,COG,USA,8413
2761554,48,231,1631,2014,2532.0,0.0,0.151329,-0.693285,COK,USA,8413
2761555,49,231,1631,2014,2730630.0,161370800.0,0.19864500000000002,-0.378364,COL,USA,8413
2761556,51,231,1631,2014,0.0,47068.0,-0.182368,-0.7136359999999999,CPV,USA,8413
2761557,52,231,1631,2014,2780664.0,11902150.0,0.065938,-0.687971,CRI,USA,8413
2761558,55,231,1631,2014,27681.0,2719473.0,-0.00902,-0.683643,CUW,USA,8413
2761559,56,231,1631,2014,0.0,14078.0,0.738877,-0.520547,CXR,USA,8413
2761560,57,231,1631,2014,86447.0,1652020.0,1.199562,-0.66969,CYM,USA,8413
2761561,58,231,1631,2014,2112.0,639150.0,0.627467,0.483725,CYP,USA,8413
2761562,59,231,1631,2014,188207155.0,10244702.0,1.8105830000000003,0.131131,CZE,USA,8413
2761563,61,231,1631,2014,1239249725.0,285085722.0,2.052849,-2.888805,DEU,USA,8413
2761564,62,231,1631,2014,0.0,959408.0,-0.394602,-0.74178,DJI,USA,8413
2761565,63,231,1631,2014,5340.0,207565.0,0.294596,-0.310069,DMA,USA,8413
2761566,64,231,1631,2014,63595326.0,11122543.0,1.10869,1.245193,DNK,USA,8413
2761567,65,231,1631,2014,396206.0,20552888.0,-0.180845,0.508512,DOM,USA,8413
2761568,66,231,1631,2014,58705.0,9657294.0,-1.5554649999999999,-1.1657030000000002,DZA,USA,8413
2761569,67,231,1631,2014,2230808.0,116713763.0,-1.066865,-1.052921,ECU,USA,8413
2761570,68,231,1631,2014,111870.0,51443772.0,-0.086866,1.7419669999999998,EGY,USA,8413
2761571,71,231,1631,2014,56346375.0,27579667.0,0.842147,2.45692,ESP,USA,8413
2761572,72,231,1631,2014,749294.0,1174138.0,0.9147780000000001,1.151556,EST,USA,8413
2761573,73,231,1631,2014,39113.0,2494131.0,-1.296535,-1.045942,ETH,USA,8413
2761574,74,231,1631,2014,18951526.0,7895892.0,1.626355,1.002923,FIN,USA,8413
2761575,75,231,1631,2014,1528.0,173858.0,-0.306346,-0.07688500000000001,FJI,USA,8413
2761576,76,231,1631,2014,0.0,47090.0,-0.558974,-0.8402059999999999,FLK,USA,8413
2761577,77,231,1631,2014,133885897.0,124069531.0,1.4817790000000002,0.30995,FRA,USA,8413
2761578,78,231,1631,2014,4004.0,3155.0,-0.703929,-0.86265,FRO,USA,8413
2761579,79,231,1631,2014,0.0,57242.0,-0.32643099999999997,-0.8248049999999999,FSM,USA,8413
2761580,80,231,1631,2014,0.0,4619143.0,-1.625474,-1.135973,GAB,USA,8413
2761581,81,231,1631,2014,384789726.0,261719388.0,1.697964,0.585372,GBR,USA,8413
2761582,82,231,1631,2014,63923.0,1566316.0,-0.254106,-0.646584,GEO,USA,8413
2761583,83,231,1631,2014,15044.0,10558085.0,-1.130226,-0.9909379999999999,GHA,USA,8413
2761584,84,231,1631,2014,0.0,19131.0,0.275796,-0.720217,GIB,USA,8413
2761585,85,231,1631,2014,5621.0,226955.0,-1.628409,-1.202473,GIN,USA,8413
2761586,89,231,1631,2014,0.0,5221232.0,-2.043516,-0.844701,GNQ,USA,8413
2761587,90,231,1631,2014,751226.0,2049371.0,0.149337,0.8560540000000001,GRC,USA,8413
2761588,91,231,1631,2014,0.0,257655.0,-0.184151,-0.7291270000000001,GRD,USA,8413
2761589,92,231,1631,2014,0.0,15633.0,-1.168495,-0.93096,GRL,USA,8413
2761590,93,231,1631,2014,165247.0,23708831.0,-0.36547199999999996,0.548894,GTM,USA,8413
2761591,96,231,1631,2014,365121.0,3254848.0,-1.068777,-1.038227,GUY,USA,8413
2761592,97,231,1631,2014,4307717.0,30408860.0,0.812132,1.722493,HKG,USA,8413
2761593,99,231,1631,2014,227815.0,9950042.0,-0.467004,0.045511,HND,USA,8413
2761594,100,231,1631,2014,67135.0,1301090.0,0.804401,1.250807,HRV,USA,8413
2761595,101,231,1631,2014,329636.0,2550003.0,-1.10887,-1.032108,HTI,USA,8413
2761596,102,231,1631,2014,50039665.0,10110411.0,1.477093,0.812869,HUN,USA,8413
2761597,103,231,1631,2014,1391479.0,57422077.0,-0.088032,1.3966459999999998,IDN,USA,8413
2761598,104,231,1631,2014,177967009.0,107301505.0,0.262042,2.6305080000000003,IND,USA,8413
2761599,106,231,1631,2014,20791591.0,21365127.0,1.2658399999999999,0.278546,IRL,USA,8413
2761600,107,231,1631,2014,0.0,11707.0,-0.361058,-0.312743,IRN,USA,8413
2761601,108,231,1631,2014,0.0,29422059.0,-2.9169,-0.882023,IRQ,USA,8413
2761602,109,231,1631,2014,114303.0,573188.0,0.127891,-0.302014,ISL,USA,8413
2761603,110,231,1631,2014,3850635.0,32918120.0,1.211141,0.64523,ISR,USA,8413
2761604,111,231,1631,2014,301893387.0,63313168.0,1.340136,0.43931099999999995,ITA,USA,8413
2761605,112,231,1631,2014,54174.0,10337488.0,-0.42745299999999997,-0.7750130000000001,JAM,USA,8413
2761606,113,231,1631,2014,3951.0,6580025.0,0.210208,0.48732299999999995,JOR,USA,8413
2761607,114,231,1631,2014,815242292.0,163858585.0,2.403165,-0.635024,JPN,USA,8413
2761608,115,231,1631,2014,112887.0,24316450.0,-0.210431,-0.574075,KAZ,USA,8413
2761609,116,231,1631,2014,2600.0,2571505.0,-0.487058,0.307288,KEN,USA,8413
2761610,117,231,1631,2014,0.0,522252.0,-0.31942600000000004,-0.012454,KGZ,USA,8413
2761611,118,231,1631,2014,34328.0,246227.0,-0.84072,-0.8307040000000001,KHM,USA,8413
2761612,119,231,1631,2014,0.0,1690.0,0.708907,-0.540813,KIR,USA,8413
2761613,120,231,1631,2014,1610.0,901679.0,0.9888950000000001,-0.28283800000000003,KNA,USA,8413
2761614,121,231,1631,2014,307879965.0,324853904.0,1.817145,0.8394530000000001,KOR,USA,8413
2761615,122,231,1631,2014,193577.0,23423034.0,-0.769616,-1.10667,KWT,USA,8413
2761616,123,231,1631,2014,0.0,7302.0,-1.054294,-0.869916,LAO,USA,8413
2761617,124,231,1631,2014,7173.0,2891759.0,0.308677,1.7564490000000001,LBN,USA,8413
2761618,125,231,1631,2014,0.0,2834831.0,-1.016828,-1.107983,LBR,USA,8413
2761619,126,231,1631,2014,0.0,6134790.0,-1.5943829999999999,-1.189961,LBY,USA,8413
2761620,127,231,1631,2014,132950.0,700279.0,0.29035500000000003,-0.603541,LCA,USA,8413
2761621,128,231,1631,2014,2011.0,1225439.0,-0.49366899999999997,0.338686,LKA,USA,8413
2761622,129,231,1631,2014,1658.0,0.0,-0.59647,-0.58713,LSO,USA,8413
2761623,130,231,1631,2014,214828.0,5986407.0,0.764495,1.3451540000000002,LTU,USA,8413
2761624,131,231,1631,2014,373984.0,656987.0,1.243845,1.155474,LUX,USA,8413
2761625,132,231,1631,2014,64269.0,5897547.0,0.613116,1.1899790000000001,LVA,USA,8413
2761626,133,231,1631,2014,15671.0,1673297.0,0.704535,0.5856140000000001,MAC,USA,8413
2761627,134,231,1631,2014,529759.0,6322186.0,-0.574034,0.065788,MAR,USA,8413
2761628,135,231,1631,2014,0.0,195298.0,-0.10438199999999999,-0.093194,MDA,USA,8413
2761629,136,231,1631,2014,51744.0,4569464.0,-1.002122,-0.44446,MDG,USA,8413
2761630,137,231,1631,2014,2837.0,435808.0,-0.43265299999999995,-0.82696,MDV,USA,8413
2761631,138,231,1631,2014,1806412705.0,1566722509.0,1.0799729999999998,0.697554,MEX,USA,8413
2761632,139,231,1631,2014,455465.0,44226.0,-0.22505,-0.803084,MHL,USA,8413
2761633,140,231,1631,2014,0.0,47681.0,-0.039799,-0.05545,MKD,USA,8413
2761634,141,231,1631,2014,0.0,327049.0,-1.199063,-1.05497,MLI,USA,8413
2761635,142,231,1631,2014,1811402.0,598902.0,0.817013,0.0016309999999999999,MLT,USA,8413
2761636,143,231,1631,2014,0.0,1100544.0,-1.5332459999999999,-1.145973,MMR,USA,8413
2761637,144,231,1631,2014,0.0,30175.0,-0.17039100000000001,-0.21762399999999998,MNE,USA,8413
2761638,145,231,1631,2014,11267.0,1073524.0,-1.425524,-1.161949,MNG,USA,8413
2761639,147,231,1631,2014,8825.0,1024634.0,-1.1993610000000001,-1.040181,MOZ,USA,8413
2761640,148,231,1631,2014,0.0,403112.0,-1.458551,-1.225373,MRT,USA,8413
2761641,149,231,1631,2014,0.0,18657.0,0.44890399999999997,-0.46028,MSR,USA,8413
2761642,151,231,1631,2014,184675.0,301354.0,-0.029891,-0.12431099999999999,MUS,USA,8413
2761643,152,231,1631,2014,0.0,47514.0,-0.494204,-0.751903,MWI,USA,8413
2761644,153,231,1631,2014,4044436.0,59944735.0,1.018138,0.774649,MYS,USA,8413
2761645,155,231,1631,2014,186442.0,824987.0,-0.428227,-0.5632229999999999,NAM,USA,8413
2761646,156,231,1631,2014,15046.0,167371.0,-0.509789,-0.767484,NCL,USA,8413
2761647,157,231,1631,2014,1292.0,580621.0,-0.7187,-0.80918,NER,USA,8413
2761648,159,231,1631,2014,19198.0,35842623.0,-1.2126430000000001,-1.059697,NGA,USA,8413
2761649,160,231,1631,2014,219238.0,5534688.0,-0.938269,-0.839066,NIC,USA,8413
2761650,162,231,1631,2014,39375461.0,139704737.0,1.179325,1.355071,NLD,USA,8413
2761651,163,231,1631,2014,16884508.0,23360349.0,0.9187049999999999,0.182685,NOR,USA,8413
2761652,164,231,1631,2014,6987.0,49599.0,-0.11988199999999999,0.655883,NPL,USA,8413
2761653,165,231,1631,2014,9391.0,7775.0,1.215503,-0.37847,NRU,USA,8413
2761654,166,231,1631,2014,1302631.0,14341252.0,0.272502,0.21628699999999998,NZL,USA,8413
2761655,167,231,1631,2014,87275.0,59445350.0,-0.505129,-1.0051370000000002,OMN,USA,8413
2761656,168,231,1631,2014,43263.0,8285392.0,-0.672924,0.566787,PAK,USA,8413
2761657,169,231,1631,2014,24929.0,21598732.0,0.771742,0.9873190000000001,PAN,USA,8413
2761658,173,231,1631,2014,3416292.0,82760509.0,-0.557833,0.611826,PER,USA,8413
2761659,174,231,1631,2014,409972.0,25550831.0,0.637442,0.475883,PHL,USA,8413
2761660,175,231,1631,2014,1139.0,68009.0,0.38879600000000003,-0.532062,PLW,USA,8413
2761661,176,231,1631,2014,87075.0,1015492.0,-1.564904,-1.146255,PNG,USA,8413
2761662,177,231,1631,2014,17492560.0,15060415.0,1.133102,1.177165,POL,USA,8413
2761663,179,231,1631,2014,994775.0,4106333.0,0.621053,2.349644,PRT,USA,8413
2761664,180,231,1631,2014,119339.0,2931814.0,-0.608509,-0.930679,PRY,USA,8413
2761665,181,231,1631,2014,0.0,7113.0,0.030643,0.601905,PSE,USA,8413
2761666,182,231,1631,2014,24936.0,114075.0,0.008831,-0.6268279999999999,PYF,USA,8413
2761667,183,231,1631,2014,64494.0,31321106.0,-0.37535599999999997,-1.0196370000000001,QAT,USA,8413
2761668,185,231,1631,2014,23730521.0,6926068.0,0.9112,1.188161,ROU,USA,8413
2761669,186,231,1631,2014,3011119.0,60666927.0,0.229422,-0.214856,RUS,USA,8413
2761670,187,231,1631,2014,0.0,29780.0,-0.5692659999999999,-0.447859,RWA,USA,8413
2761671,188,231,1631,2014,13490846.0,230777854.0,0.5758439999999999,-0.832692,SAU,USA,8413
2761672,190,231,1631,2014,0.0,106906.0,-1.442381,-1.1155030000000001,SDN,USA,8413
2761673,191,231,1631,2014,2672.0,1283135.0,-0.502607,-0.08866,SEN,USA,8413
2761674,192,231,1631,2014,33665440.0,361578457.0,1.867492,0.626736,SGP,USA,8413
2761675,195,231,1631,2014,0.0,19149.0,-0.862089,-0.9075840000000001,SLB,USA,8413
2761676,196,231,1631,2014,5160.0,633203.0,-0.9228569999999999,-0.791482,SLE,USA,8413
2761677,197,231,1631,2014,31401.0,8553924.0,0.08653999999999999,0.29088600000000003,SLV,USA,8413
2761678,201,231,1631,2014,1807772.0,957485.0,0.551635,1.211535,SRB,USA,8413
2761679,202,231,1631,2014,0.0,38427.0,-2.824279,-0.8767969999999999,SSD,USA,8413
2761680,203,231,1631,2014,2699.0,6537.0,1.172431,-0.024141,STP,USA,8413
2761681,205,231,1631,2014,3014458.0,3343483.0,-0.6333989999999999,-0.857643,SUR,USA,8413
2761682,206,231,1631,2014,17837482.0,6472916.0,1.334959,0.821253,SVK,USA,8413
2761683,207,231,1631,2014,3891361.0,1085636.0,1.6558669999999998,0.6814399999999999,SVN,USA,8413
2761684,208,231,1631,2014,141738745.0,60766064.0,1.817752,0.558474,SWE,USA,8413
2761685,209,231,1631,2014,6683.0,22650.0,0.22972199999999998,-0.365564,SWZ,USA,8413
2761686,210,231,1631,2014,0.0,990343.0,0.6489020000000001,-0.646605,SXM,USA,8413
2761687,211,231,1631,2014,6673.0,234567.0,0.358111,-0.484879,SYC,USA,8413
2761688,213,231,1631,2014,0.0,1011184.0,0.474182,-0.198892,TCA,USA,8413
2761689,214,231,1631,2014,0.0,3534323.0,-2.012048,-0.921558,TCD,USA,8413
2761690,215,231,1631,2014,0.0,605767.0,-0.524103,-0.537643,TGO,USA,8413
2761691,216,231,1631,2014,67738891.0,66070313.0,0.977094,1.41283,THA,USA,8413
2761692,217,231,1631,2014,0.0,15605.0,-0.706823,-0.993756,TJK,USA,8413
2761693,219,231,1631,2014,30893.0,6833805.0,-1.217897,-1.184131,TKM,USA,8413
2761694,221,231,1631,2014,0.0,1298.0,-0.11129100000000001,-0.523176,TON,USA,8413
2761695,222,231,1631,2014,420573.0,23331796.0,-0.57362,-1.117545,TTO,USA,8413
2761696,223,231,1631,2014,541944.0,2343149.0,0.343449,1.118007,TUN,USA,8413
2761697,224,231,1631,2014,21699227.0,43835908.0,0.554761,2.385693,TUR,USA,8413
2761698,226,231,1631,2014,0.0,2921996.0,-1.054331,0.166345,TZA,USA,8413
2761699,227,231,1631,2014,0.0,188971.0,-0.46911800000000003,0.25446599999999997,UGA,USA,8413
2761700,228,231,1631,2014,357945.0,10246179.0,0.566535,0.832267,UKR,USA,8413
2761701,230,231,1631,2014,69008.0,5190537.0,0.154034,-0.380899,URY,USA,8413
2761702,232,231,1631,2014,0.0,2854829.0,-0.407623,-0.37150700000000003,UZB,USA,8413
2761703,234,231,1631,2014,7373.0,627062.0,0.034024,-0.522492,VCT,USA,8413
2761704,236,231,1631,2014,140445.0,171321712.0,-0.582086,-1.081727,VEN,USA,8413
2761705,237,231,1631,2014,7110.0,1423459.0,0.484282,-0.082974,VGB,USA,8413
2761706,239,231,1631,2014,15649811.0,14970433.0,-0.023765,1.344416,VNM,USA,8413
2761707,240,231,1631,2014,0.0,404133.0,-1.21245,-0.941493,VUT,USA,8413
2761708,242,231,1631,2014,0.0,82245.0,0.602344,-0.051224,WSM,USA,8413
2761709,243,231,1631,2014,0.0,1983577.0,-1.2829190000000001,-1.227373,YEM,USA,8413
2761710,246,231,1631,2014,10435682.0,66715144.0,0.282927,1.723214,ZAF,USA,8413
2761711,247,231,1631,2014,19385.0,1265477.0,-0.664089,-0.793452,ZMB,USA,8413
2761712,248,231,1631,2014,0.0,166399.0,-0.821369,-0.864232,ZWE,USA,8413
2761713,249,231,1631,2014,126195243.0,54288625.0,1.9044189999999999,1.0595139999999998,TWN,USA,8413
2761714,0,236,1631,2014,1012.0,16835.0,0.779539,-0.32255700000000004,ABW,VEN,8413
2761715,8,236,1631,2014,9031830.0,0.0,0.10691500000000001,0.44860600000000006,ARG,VEN,8413
2761716,14,236,1631,2014,77641.0,0.0,-0.398273,-0.17128,AUS,VEN,8413
2761717,15,236,1631,2014,738451.0,0.0,1.7116790000000002,-0.140232,AUT,VEN,8413
2761718,18,236,1631,2014,4040764.0,0.0,1.234156,1.226441,BEL,VEN,8413
2761719,28,236,1631,2014,332434.0,0.0,0.874108,0.676231,BLR,VEN,8413
2761720,31,236,1631,2014,360977.0,0.0,-1.129494,-1.030198,BOL,VEN,8413
2761721,32,236,1631,2014,11112911.0,0.0,0.218223,0.556921,BRA,VEN,8413
2761722,39,236,1631,2014,10376152.0,1679.0,0.671395,1.024683,CAN,VEN,8413
2761723,41,236,1631,2014,20844.0,0.0,2.2000919999999997,0.65398,CHE,VEN,8413
2761724,42,236,1631,2014,28234.0,0.0,-0.344671,-0.43380799999999997,CHL,VEN,8413
2761725,43,236,1631,2014,83934972.0,0.0,1.187557,1.222085,CHN,VEN,8413
2761726,49,236,1631,2014,1383484.0,99102.0,0.19864500000000002,-0.378364,COL,VEN,8413
2761727,52,236,1631,2014,360146.0,0.0,0.065938,-0.687971,CRI,VEN,8413
2761728,61,236,1631,2014,26885061.0,20465.0,2.052849,-2.888805,DEU,VEN,8413
2761729,64,236,1631,2014,204612.0,0.0,1.10869,1.245193,DNK,VEN,8413
2761730,67,236,1631,2014,21139.0,41821.0,-1.066865,-1.052921,ECU,VEN,8413
2761731,71,236,1631,2014,1465991.0,0.0,0.842147,2.45692,ESP,VEN,8413
2761732,74,236,1631,2014,116454.0,0.0,1.626355,1.002923,FIN,VEN,8413
2761733,77,236,1631,2014,3255851.0,0.0,1.4817790000000002,0.30995,FRA,VEN,8413
2761734,81,236,1631,2014,988723.0,0.0,1.697964,0.585372,GBR,VEN,8413
2761735,96,236,1631,2014,5692.0,0.0,-1.068777,-1.038227,GUY,VEN,8413
2761736,97,236,1631,2014,14365.0,0.0,0.812132,1.722493,HKG,VEN,8413
2761737,103,236,1631,2014,11606.0,0.0,-0.088032,1.3966459999999998,IDN,VEN,8413
2761738,104,236,1631,2014,233207.0,0.0,0.262042,2.6305080000000003,IND,VEN,8413
2761739,111,236,1631,2014,38980318.0,10104.0,1.340136,0.43931099999999995,ITA,VEN,8413
2761740,114,236,1631,2014,2406274.0,0.0,2.403165,-0.635024,JPN,VEN,8413
2761741,121,236,1631,2014,36908.0,0.0,1.817145,0.8394530000000001,KOR,VEN,8413
2761742,130,236,1631,2014,18188.0,0.0,0.764495,1.3451540000000002,LTU,VEN,8413
2761743,138,236,1631,2014,30780279.0,0.0,1.0799729999999998,0.697554,MEX,VEN,8413
2761744,143,236,1631,2014,0.0,8037.0,-1.5332459999999999,-1.145973,MMR,VEN,8413
2761745,153,236,1631,2014,8032.0,0.0,1.018138,0.774649,MYS,VEN,8413
2761746,162,236,1631,2014,3134110.0,1518.0,1.179325,1.355071,NLD,VEN,8413
2761747,169,236,1631,2014,3846859.0,0.0,0.771742,0.9873190000000001,PAN,VEN,8413
2761748,173,236,1631,2014,94031.0,0.0,-0.557833,0.611826,PER,VEN,8413
2761749,177,236,1631,2014,7927.0,0.0,1.133102,1.177165,POL,VEN,8413
2761750,179,236,1631,2014,65725.0,0.0,0.621053,2.349644,PRT,VEN,8413
2761751,185,236,1631,2014,2216.0,0.0,0.9112,1.188161,ROU,VEN,8413
2761752,186,236,1631,2014,1629547.0,0.0,0.229422,-0.214856,RUS,VEN,8413
2761753,190,236,1631,2014,0.0,11086.0,-1.442381,-1.1155030000000001,SDN,VEN,8413
2761754,192,236,1631,2014,2162882.0,0.0,1.867492,0.626736,SGP,VEN,8413
2761755,197,236,1631,2014,3600.0,0.0,0.08653999999999999,0.29088600000000003,SLV,VEN,8413
2761756,205,236,1631,2014,14413.0,0.0,-0.6333989999999999,-0.857643,SUR,VEN,8413
2761757,206,236,1631,2014,57275.0,0.0,1.334959,0.821253,SVK,VEN,8413
2761758,208,236,1631,2014,816177.0,0.0,1.817752,0.558474,SWE,VEN,8413
2761759,216,236,1631,2014,284373.0,0.0,0.977094,1.41283,THA,VEN,8413
2761760,222,236,1631,2014,130979.0,20678.0,-0.57362,-1.117545,TTO,VEN,8413
2761761,224,236,1631,2014,82174.0,0.0,0.554761,2.385693,TUR,VEN,8413
2761762,231,236,1631,2014,171321712.0,140445.0,1.61227,0.068905,USA,VEN,8413
2761763,234,236,1631,2014,0.0,12891.0,0.034024,-0.522492,VCT,VEN,8413
2761764,246,236,1631,2014,29974.0,0.0,0.282927,1.723214,ZAF,VEN,8413
2761765,249,236,1631,2014,152893.0,0.0,1.9044189999999999,1.0595139999999998,TWN,VEN,8413
2761766,0,243,1631,2014,11569.0,0.0,0.779539,-0.32255700000000004,ABW,YEM,8413
2761767,7,243,1631,2014,969242.0,330576.0,0.087775,-0.289459,ARE,YEM,8413
2761768,8,243,1631,2014,1329.0,0.0,0.10691500000000001,0.44860600000000006,ARG,YEM,8413
2761769,14,243,1631,2014,201785.0,0.0,-0.398273,-0.17128,AUS,YEM,8413
2761770,15,243,1631,2014,85804.0,0.0,1.7116790000000002,-0.140232,AUT,YEM,8413
2761771,18,243,1631,2014,130547.0,0.0,1.234156,1.226441,BEL,YEM,8413
2761772,23,243,1631,2014,12626.0,0.0,0.579058,1.6558110000000001,BGR,YEM,8413
2761773,24,243,1631,2014,80088.0,0.0,0.460168,-0.41671099999999994,BHR,YEM,8413
2761774,28,243,1631,2014,19635.0,0.0,0.874108,0.676231,BLR,YEM,8413
2761775,32,243,1631,2014,65285.0,0.0,0.218223,0.556921,BRA,YEM,8413
2761776,39,243,1631,2014,589259.0,0.0,0.671395,1.024683,CAN,YEM,8413
2761777,41,243,1631,2014,6497.0,0.0,2.2000919999999997,0.65398,CHE,YEM,8413
2761778,43,243,1631,2014,13725784.0,229473.0,1.187557,1.222085,CHN,YEM,8413
2761779,58,243,1631,2014,3563.0,0.0,0.627467,0.483725,CYP,YEM,8413
2761780,59,243,1631,2014,1294.0,0.0,1.8105830000000003,0.131131,CZE,YEM,8413
2761781,61,243,1631,2014,2680182.0,19680.0,2.052849,-2.888805,DEU,YEM,8413
2761782,64,243,1631,2014,398419.0,0.0,1.10869,1.245193,DNK,YEM,8413
2761783,71,243,1631,2014,9500.0,0.0,0.842147,2.45692,ESP,YEM,8413
2761784,74,243,1631,2014,2771.0,0.0,1.626355,1.002923,FIN,YEM,8413
2761785,77,243,1631,2014,414755.0,0.0,1.4817790000000002,0.30995,FRA,YEM,8413
2761786,81,243,1631,2014,806512.0,4652.0,1.697964,0.585372,GBR,YEM,8413
2761787,90,243,1631,2014,2864.0,0.0,0.149337,0.8560540000000001,GRC,YEM,8413
2761788,97,243,1631,2014,8052.0,0.0,0.812132,1.722493,HKG,YEM,8413
2761789,102,243,1631,2014,83227.0,0.0,1.477093,0.812869,HUN,YEM,8413
2761790,103,243,1631,2014,11743.0,34204.0,-0.088032,1.3966459999999998,IDN,YEM,8413
2761791,104,243,1631,2014,4180674.0,103626.0,0.262042,2.6305080000000003,IND,YEM,8413
2761792,106,243,1631,2014,14830.0,0.0,1.2658399999999999,0.278546,IRL,YEM,8413
2761793,108,243,1631,2014,0.0,3654.0,-2.9169,-0.882023,IRQ,YEM,8413
2761794,111,243,1631,2014,5490800.0,0.0,1.340136,0.43931099999999995,ITA,YEM,8413
2761795,113,243,1631,2014,8857.0,0.0,0.210208,0.48732299999999995,JOR,YEM,8413
2761796,114,243,1631,2014,1728160.0,0.0,2.403165,-0.635024,JPN,YEM,8413
2761797,121,243,1631,2014,219766.0,2810.0,1.817145,0.8394530000000001,KOR,YEM,8413
2761798,124,243,1631,2014,2297.0,28489.0,0.308677,1.7564490000000001,LBN,YEM,8413
2761799,131,243,1631,2014,185417.0,0.0,1.243845,1.155474,LUX,YEM,8413
2761800,138,243,1631,2014,50436.0,0.0,1.0799729999999998,0.697554,MEX,YEM,8413
2761801,153,243,1631,2014,4589.0,0.0,1.018138,0.774649,MYS,YEM,8413
2761802,162,243,1631,2014,611549.0,0.0,1.179325,1.355071,NLD,YEM,8413
2761803,167,243,1631,2014,113742.0,1926.0,-0.505129,-1.0051370000000002,OMN,YEM,8413
2761804,168,243,1631,2014,10566.0,0.0,-0.672924,0.566787,PAK,YEM,8413
2761805,177,243,1631,2014,39234.0,0.0,1.133102,1.177165,POL,YEM,8413
2761806,185,243,1631,2014,17204.0,0.0,0.9112,1.188161,ROU,YEM,8413
2761807,186,243,1631,2014,116592.0,0.0,0.229422,-0.214856,RUS,YEM,8413
2761808,188,243,1631,2014,620026.0,2775.0,0.5758439999999999,-0.832692,SAU,YEM,8413
2761809,190,243,1631,2014,0.0,27862.0,-1.442381,-1.1155030000000001,SDN,YEM,8413
2761810,192,243,1631,2014,289097.0,0.0,1.867492,0.626736,SGP,YEM,8413
2761811,206,243,1631,2014,1181.0,0.0,1.334959,0.821253,SVK,YEM,8413
2761812,208,243,1631,2014,8414.0,0.0,1.817752,0.558474,SWE,YEM,8413
2761813,212,243,1631,2014,36558.0,0.0,-0.366224,0.9054719999999999,SYR,YEM,8413
2761814,216,243,1631,2014,80225.0,0.0,0.977094,1.41283,THA,YEM,8413
2761815,223,243,1631,2014,96698.0,0.0,0.343449,1.118007,TUN,YEM,8413
2761816,224,243,1631,2014,1970332.0,1427.0,0.554761,2.385693,TUR,YEM,8413
2761817,228,243,1631,2014,2482.0,0.0,0.566535,0.832267,UKR,YEM,8413
2761818,231,243,1631,2014,1983577.0,0.0,1.61227,0.068905,USA,YEM,8413
2761819,239,243,1631,2014,105723.0,0.0,-0.023765,1.344416,VNM,YEM,8413
2761820,249,243,1631,2014,322854.0,0.0,1.9044189999999999,1.0595139999999998,TWN,YEM,8413
2761821,250,243,1631,2014,23051532.0,0.0,0.506842,0.049545,ANS,YEM,8413
2761822,2,246,1631,2014,166774.0,6884756.0,-1.8184900000000002,-1.149191,AGO,ZAF,8413
2761823,4,246,1631,2014,961.0,0.0,-0.476024,-0.33978400000000003,ALB,ZAF,8413
2761824,7,246,1631,2014,219320.0,3185709.0,0.087775,-0.289459,ARE,ZAF,8413
2761825,8,246,1631,2014,345458.0,109007.0,0.10691500000000001,0.44860600000000006,ARG,ZAF,8413
2761826,9,246,1631,2014,0.0,1393.0,-0.198322,-0.5918680000000001,ARM,ZAF,8413
2761827,11,246,1631,2014,0.0,1188.0,1.3498370000000002,-0.197062,ATA,ZAF,8413
2761828,14,246,1631,2014,4447896.0,4496128.0,-0.398273,-0.17128,AUS,ZAF,8413
2761829,15,246,1631,2014,6578817.0,16361.0,1.7116790000000002,-0.140232,AUT,ZAF,8413
2761830,16,246,1631,2014,0.0,5743.0,-0.909508,-1.165158,AZE,ZAF,8413
2761831,17,246,1631,2014,0.0,1462.0,-0.242256,-0.8567879999999999,BDI,ZAF,8413
2761832,18,246,1631,2014,7166612.0,242109.0,1.234156,1.226441,BEL,ZAF,8413
2761833,19,246,1631,2014,0.0,133695.0,-0.342225,-0.618789,BEN,ZAF,8413
2761834,21,246,1631,2014,0.0,742158.0,-0.922401,-0.9554379999999999,BFA,ZAF,8413
2761835,23,246,1631,2014,165726.0,2613.0,0.579058,1.6558110000000001,BGR,ZAF,8413
2761836,24,246,1631,2014,0.0,21055.0,0.460168,-0.41671099999999994,BHR,ZAF,8413
2761837,25,246,1631,2014,1691.0,0.0,0.314465,-0.60458,BHS,ZAF,8413
2761838,26,246,1631,2014,17730.0,0.0,0.5083300000000001,0.711704,BIH,ZAF,8413
2761839,28,246,1631,2014,32125.0,0.0,0.874108,0.676231,BLR,ZAF,8413
2761840,31,246,1631,2014,0.0,8247.0,-1.129494,-1.030198,BOL,ZAF,8413
2761841,32,246,1631,2014,7665742.0,186480.0,0.218223,0.556921,BRA,ZAF,8413
2761842,34,246,1631,2014,0.0,10123.0,0.191357,-0.683567,BRN,ZAF,8413
2761843,37,246,1631,2014,1359594.0,29828972.0,-0.60221,-1.104578,BWA,ZAF,8413
2761844,38,246,1631,2014,0.0,9599.0,0.695875,0.543384,CAF,ZAF,8413
2761845,39,246,1631,2014,1418023.0,916763.0,0.671395,1.024683,CAN,ZAF,8413
2761846,40,246,1631,2014,0.0,148039.0,0.8426629999999999,-0.258254,CCK,ZAF,8413
2761847,41,246,1631,2014,2848906.0,77898.0,2.2000919999999997,0.65398,CHE,ZAF,8413
2761848,42,246,1631,2014,173705.0,747413.0,-0.344671,-0.43380799999999997,CHL,ZAF,8413
2761849,43,246,1631,2014,50411902.0,1052946.0,1.187557,1.222085,CHN,ZAF,8413
2761850,44,246,1631,2014,858.0,964157.0,-0.737625,-0.768728,CIV,ZAF,8413
2761851,45,246,1631,2014,780.0,104696.0,-0.6723520000000001,-0.945084,CMR,ZAF,8413
2761852,46,246,1631,2014,46042.0,61524220.0,-1.6680240000000002,-1.1265129999999999,COD,ZAF,8413
2761853,47,246,1631,2014,894.0,598329.0,-1.371624,-1.12468,COG,ZAF,8413
2761854,49,246,1631,2014,1667.0,66422.0,0.19864500000000002,-0.378364,COL,ZAF,8413
2761855,55,246,1631,2014,0.0,5761.0,-0.00902,-0.683643,CUW,ZAF,8413
2761856,57,246,1631,2014,0.0,1129.0,1.199562,-0.66969,CYM,ZAF,8413
2761857,58,246,1631,2014,0.0,4109.0,0.627467,0.483725,CYP,ZAF,8413
2761858,59,246,1631,2014,4342324.0,5159.0,1.8105830000000003,0.131131,CZE,ZAF,8413
2761859,61,246,1631,2014,91393965.0,4202550.0,2.052849,-2.888805,DEU,ZAF,8413
2761860,62,246,1631,2014,0.0,593454.0,-0.394602,-0.74178,DJI,ZAF,8413
2761861,64,246,1631,2014,8110996.0,52310.0,1.10869,1.245193,DNK,ZAF,8413
2761862,65,246,1631,2014,0.0,20339.0,-0.180845,0.508512,DOM,ZAF,8413
2761863,66,246,1631,2014,2074.0,176083.0,-1.5554649999999999,-1.1657030000000002,DZA,ZAF,8413
2761864,67,246,1631,2014,0.0,40562.0,-1.066865,-1.052921,ECU,ZAF,8413
2761865,68,246,1631,2014,0.0,135029.0,-0.086866,1.7419669999999998,EGY,ZAF,8413
2761866,69,246,1631,2014,0.0,312260.0,-2.345215,-1.051413,ERI,ZAF,8413
2761867,71,246,1631,2014,7860366.0,276616.0,0.842147,2.45692,ESP,ZAF,8413
2761868,72,246,1631,2014,14788.0,0.0,0.9147780000000001,1.151556,EST,ZAF,8413
2761869,73,246,1631,2014,61624.0,313943.0,-1.296535,-1.045942,ETH,ZAF,8413
2761870,74,246,1631,2014,3379506.0,52665.0,1.626355,1.002923,FIN,ZAF,8413
2761871,75,246,1631,2014,0.0,58488.0,-0.306346,-0.07688500000000001,FJI,ZAF,8413
2761872,77,246,1631,2014,13607513.0,806299.0,1.4817790000000002,0.30995,FRA,ZAF,8413
2761873,80,246,1631,2014,2850.0,165977.0,-1.625474,-1.135973,GAB,ZAF,8413
2761874,81,246,1631,2014,36132137.0,1036350.0,1.697964,0.585372,GBR,ZAF,8413
2761875,83,246,1631,2014,178890.0,6950301.0,-1.130226,-0.9909379999999999,GHA,ZAF,8413
2761876,85,246,1631,2014,1805.0,386194.0,-1.628409,-1.202473,GIN,ZAF,8413
2761877,87,246,1631,2014,0.0,9356.0,-0.905488,-0.7892819999999999,GMB,ZAF,8413
2761878,89,246,1631,2014,0.0,17202.0,-2.043516,-0.844701,GNQ,ZAF,8413
2761879,90,246,1631,2014,6490.0,1597.0,0.149337,0.8560540000000001,GRC,ZAF,8413
2761880,93,246,1631,2014,2149.0,8552.0,-0.36547199999999996,0.548894,GTM,ZAF,8413
2761881,96,246,1631,2014,0.0,9935.0,-1.068777,-1.038227,GUY,ZAF,8413
2761882,97,246,1631,2014,197937.0,24630.0,0.812132,1.722493,HKG,ZAF,8413
2761883,99,246,1631,2014,0.0,1131.0,-0.467004,0.045511,HND,ZAF,8413
2761884,100,246,1631,2014,101857.0,0.0,0.804401,1.250807,HRV,ZAF,8413
2761885,102,246,1631,2014,3223753.0,29136.0,1.477093,0.812869,HUN,ZAF,8413
2761886,103,246,1631,2014,39633.0,275624.0,-0.088032,1.3966459999999998,IDN,ZAF,8413
2761887,104,246,1631,2014,9947439.0,242901.0,0.262042,2.6305080000000003,IND,ZAF,8413
2761888,106,246,1631,2014,827211.0,11424.0,1.2658399999999999,0.278546,IRL,ZAF,8413
2761889,107,246,1631,2014,28218.0,2767622.0,-0.361058,-0.312743,IRN,ZAF,8413
2761890,110,246,1631,2014,154932.0,364482.0,1.211141,0.64523,ISR,ZAF,8413
2761891,111,246,1631,2014,38062702.0,552664.0,1.340136,0.43931099999999995,ITA,ZAF,8413
2761892,112,246,1631,2014,0.0,32360.0,-0.42745299999999997,-0.7750130000000001,JAM,ZAF,8413
2761893,113,246,1631,2014,0.0,154126.0,0.210208,0.48732299999999995,JOR,ZAF,8413
2761894,114,246,1631,2014,14048906.0,106333.0,2.403165,-0.635024,JPN,ZAF,8413
2761895,115,246,1631,2014,0.0,434602.0,-0.210431,-0.574075,KAZ,ZAF,8413
2761896,116,246,1631,2014,19084.0,4004526.0,-0.487058,0.307288,KEN,ZAF,8413
2761897,117,246,1631,2014,0.0,242500.0,-0.31942600000000004,-0.012454,KGZ,ZAF,8413
2761898,121,246,1631,2014,776118.0,33654.0,1.817145,0.8394530000000001,KOR,ZAF,8413
2761899,122,246,1631,2014,0.0,86185.0,-0.769616,-1.10667,KWT,ZAF,8413
2761900,123,246,1631,2014,0.0,13731.0,-1.054294,-0.869916,LAO,ZAF,8413
2761901,124,246,1631,2014,578.0,99261.0,0.308677,1.7564490000000001,LBN,ZAF,8413
2761902,125,246,1631,2014,0.0,449489.0,-1.016828,-1.107983,LBR,ZAF,8413
2761903,129,246,1631,2014,92718.0,2397776.0,-0.59647,-0.58713,LSO,ZAF,8413
2761904,130,246,1631,2014,3045.0,0.0,0.764495,1.3451540000000002,LTU,ZAF,8413
2761905,131,246,1631,2014,515122.0,1671.0,1.243845,1.155474,LUX,ZAF,8413
2761906,132,246,1631,2014,17556.0,0.0,0.613116,1.1899790000000001,LVA,ZAF,8413
2761907,134,246,1631,2014,0.0,139590.0,-0.574034,0.065788,MAR,ZAF,8413
2761908,136,246,1631,2014,66782.0,1288092.0,-1.002122,-0.44446,MDG,ZAF,8413
2761909,138,246,1631,2014,5114334.0,852283.0,1.0799729999999998,0.697554,MEX,ZAF,8413
2761910,140,246,1631,2014,0.0,1060.0,-0.039799,-0.05545,MKD,ZAF,8413
2761911,141,246,1631,2014,4955.0,2715687.0,-1.199063,-1.05497,MLI,ZAF,8413
2761912,142,246,1631,2014,5189.0,0.0,0.817013,0.0016309999999999999,MLT,ZAF,8413
2761913,147,246,1631,2014,270309.0,23712174.0,-1.1993610000000001,-1.040181,MOZ,ZAF,8413
2761914,148,246,1631,2014,0.0,1113265.0,-1.458551,-1.225373,MRT,ZAF,8413
2761915,151,246,1631,2014,25154.0,1086491.0,-0.029891,-0.12431099999999999,MUS,ZAF,8413
2761916,152,246,1631,2014,20322.0,5238254.0,-0.494204,-0.751903,MWI,ZAF,8413
2761917,153,246,1631,2014,36968.0,524815.0,1.018138,0.774649,MYS,ZAF,8413
2761918,155,246,1631,2014,553263.0,29446510.0,-0.428227,-0.5632229999999999,NAM,ZAF,8413
2761919,157,246,1631,2014,0.0,18236.0,-0.7187,-0.80918,NER,ZAF,8413
2761920,159,246,1631,2014,2568.0,4672782.0,-1.2126430000000001,-1.059697,NGA,ZAF,8413
2761921,160,246,1631,2014,0.0,945.0,-0.938269,-0.839066,NIC,ZAF,8413
2761922,162,246,1631,2014,10998676.0,2036622.0,1.179325,1.355071,NLD,ZAF,8413
2761923,163,246,1631,2014,291772.0,123388.0,0.9187049999999999,0.182685,NOR,ZAF,8413
2761924,164,246,1631,2014,0.0,446.0,-0.11988199999999999,0.655883,NPL,ZAF,8413
2761925,166,246,1631,2014,42251.0,156904.0,0.272502,0.21628699999999998,NZL,ZAF,8413
2761926,167,246,1631,2014,0.0,24256.0,-0.505129,-1.0051370000000002,OMN,ZAF,8413
2761927,168,246,1631,2014,388480.0,25896.0,-0.672924,0.566787,PAK,ZAF,8413
2761928,169,246,1631,2014,0.0,17564.0,0.771742,0.9873190000000001,PAN,ZAF,8413
2761929,173,246,1631,2014,26669.0,281504.0,-0.557833,0.611826,PER,ZAF,8413
2761930,174,246,1631,2014,2848.0,631038.0,0.637442,0.475883,PHL,ZAF,8413
2761931,176,246,1631,2014,0.0,40249.0,-1.564904,-1.146255,PNG,ZAF,8413
2761932,177,246,1631,2014,1045944.0,16105.0,1.133102,1.177165,POL,ZAF,8413
2761933,178,246,1631,2014,0.0,4267.0,-0.23883000000000001,-0.009727,PRK,ZAF,8413
2761934,179,246,1631,2014,400318.0,27941.0,0.621053,2.349644,PRT,ZAF,8413
2761935,183,246,1631,2014,0.0,56083.0,-0.37535599999999997,-1.0196370000000001,QAT,ZAF,8413
2761936,185,246,1631,2014,1173591.0,0.0,0.9112,1.188161,ROU,ZAF,8413
2761937,186,246,1631,2014,36863.0,1413350.0,0.229422,-0.214856,RUS,ZAF,8413
2761938,187,246,1631,2014,0.0,160914.0,-0.5692659999999999,-0.447859,RWA,ZAF,8413
2761939,188,246,1631,2014,0.0,1129610.0,0.5758439999999999,-0.832692,SAU,ZAF,8413
2761940,190,246,1631,2014,0.0,182558.0,-1.442381,-1.1155030000000001,SDN,ZAF,8413
2761941,191,246,1631,2014,8303.0,1122610.0,-0.502607,-0.08866,SEN,ZAF,8413
2761942,192,246,1631,2014,1094202.0,1162413.0,1.867492,0.626736,SGP,ZAF,8413
2761943,194,246,1631,2014,0.0,217475.0,1.125419,-0.183407,SHN,ZAF,8413
2761944,196,246,1631,2014,2142.0,2255111.0,-0.9228569999999999,-0.791482,SLE,ZAF,8413
2761945,197,246,1631,2014,0.0,1604.0,0.08653999999999999,0.29088600000000003,SLV,ZAF,8413
2761946,199,246,1631,2014,0.0,1180812.0,-1.41991,-1.010693,SOM,ZAF,8413
2761947,201,246,1631,2014,255432.0,3161.0,0.551635,1.211535,SRB,ZAF,8413
2761948,202,246,1631,2014,0.0,1512.0,-2.824279,-0.8767969999999999,SSD,ZAF,8413
2761949,205,246,1631,2014,0.0,4622.0,-0.6333989999999999,-0.857643,SUR,ZAF,8413
2761950,206,246,1631,2014,317177.0,639.0,1.334959,0.821253,SVK,ZAF,8413
2761951,207,246,1631,2014,50664.0,0.0,1.6558669999999998,0.6814399999999999,SVN,ZAF,8413
2761952,208,246,1631,2014,23885419.0,738357.0,1.817752,0.558474,SWE,ZAF,8413
2761953,209,246,1631,2014,45026.0,3663677.0,0.22972199999999998,-0.365564,SWZ,ZAF,8413
2761954,211,246,1631,2014,3374.0,314197.0,0.358111,-0.484879,SYC,ZAF,8413
2761955,214,246,1631,2014,5682.0,17622.0,-2.012048,-0.921558,TCD,ZAF,8413
2761956,216,246,1631,2014,5980090.0,205538.0,0.977094,1.41283,THA,ZAF,8413
2761957,222,246,1631,2014,0.0,1458.0,-0.57362,-1.117545,TTO,ZAF,8413
2761958,223,246,1631,2014,0.0,1010.0,0.343449,1.118007,TUN,ZAF,8413
2761959,224,246,1631,2014,6258251.0,150436.0,0.554761,2.385693,TUR,ZAF,8413
2761960,226,246,1631,2014,43475.0,7945031.0,-1.054331,0.166345,TZA,ZAF,8413
2761961,227,246,1631,2014,8740.0,413290.0,-0.46911800000000003,0.25446599999999997,UGA,ZAF,8413
2761962,228,246,1631,2014,6817.0,47866.0,0.566535,0.832267,UKR,ZAF,8413
2761963,230,246,1631,2014,4473.0,75312.0,0.154034,-0.380899,URY,ZAF,8413
2761964,231,246,1631,2014,66715144.0,10435682.0,1.61227,0.068905,USA,ZAF,8413
2761965,236,246,1631,2014,0.0,29974.0,-0.582086,-1.081727,VEN,ZAF,8413
2761966,237,246,1631,2014,9223.0,0.0,0.484282,-0.082974,VGB,ZAF,8413
2761967,239,246,1631,2014,29616.0,182250.0,-0.023765,1.344416,VNM,ZAF,8413
2761968,247,246,1631,2014,775488.0,55998581.0,-0.664089,-0.793452,ZMB,ZAF,8413
2761969,248,246,1631,2014,37791.0,16819151.0,-0.821369,-0.864232,ZWE,ZAF,8413
2761970,249,246,1631,2014,3792615.0,84192.0,1.9044189999999999,1.0595139999999998,TWN,ZAF,8413
2761971,250,246,1631,2014,941690.0,1177569.0,0.506842,0.049545,ANS,ZAF,8413
2761972,2,249,1631,2014,0.0,4551.0,-1.8184900000000002,-1.149191,AGO,TWN,8413
2761973,7,249,1631,2014,18165.0,3909422.0,0.087775,-0.289459,ARE,TWN,8413
2761974,8,249,1631,2014,69563.0,2559420.0,0.10691500000000001,0.44860600000000006,ARG,TWN,8413
2761975,9,249,1631,2014,0.0,733.0,-0.198322,-0.5918680000000001,ARM,TWN,8413
2761976,13,249,1631,2014,0.0,2132.0,0.169764,-0.621576,ATG,TWN,8413
2761977,14,249,1631,2014,1216079.0,17381522.0,-0.398273,-0.17128,AUS,TWN,8413
2761978,15,249,1631,2014,1267789.0,191555.0,1.7116790000000002,-0.140232,AUT,TWN,8413
2761979,16,249,1631,2014,0.0,591.0,-0.909508,-1.165158,AZE,TWN,8413
2761980,18,249,1631,2014,2700134.0,3668137.0,1.234156,1.226441,BEL,TWN,8413
2761981,19,249,1631,2014,0.0,8403.0,-0.342225,-0.618789,BEN,TWN,8413
2761982,21,249,1631,2014,0.0,89649.0,-0.922401,-0.9554379999999999,BFA,TWN,8413
2761983,22,249,1631,2014,0.0,569780.0,-1.0341879999999999,-0.9614870000000001,BGD,TWN,8413
2761984,23,249,1631,2014,67367.0,227385.0,0.579058,1.6558110000000001,BGR,TWN,8413
2761985,24,249,1631,2014,0.0,161885.0,0.460168,-0.41671099999999994,BHR,TWN,8413
2761986,26,249,1631,2014,0.0,3181.0,0.5083300000000001,0.711704,BIH,TWN,8413
2761987,28,249,1631,2014,0.0,23624.0,0.874108,0.676231,BLR,TWN,8413
2761988,29,249,1631,2014,1225.0,123508.0,-0.324446,-0.552126,BLZ,TWN,8413
2761989,31,249,1631,2014,0.0,20842.0,-1.129494,-1.030198,BOL,TWN,8413
2761990,32,249,1631,2014,238505.0,5828341.0,0.218223,0.556921,BRA,TWN,8413
2761991,33,249,1631,2014,0.0,4188.0,0.44968400000000003,-0.15268900000000002,BRB,TWN,8413
2761992,34,249,1631,2014,0.0,103463.0,0.191357,-0.683567,BRN,TWN,8413
2761993,37,249,1631,2014,0.0,29831.0,-0.60221,-1.104578,BWA,TWN,8413
2761994,39,249,1631,2014,1376285.0,11375125.0,0.671395,1.024683,CAN,TWN,8413
2761995,41,249,1631,2014,10026108.0,792258.0,2.2000919999999997,0.65398,CHE,TWN,8413
2761996,42,249,1631,2014,0.0,1096634.0,-0.344671,-0.43380799999999997,CHL,TWN,8413
2761997,43,249,1631,2014,76934260.0,97890991.0,1.187557,1.222085,CHN,TWN,8413
2761998,44,249,1631,2014,0.0,51598.0,-0.737625,-0.768728,CIV,TWN,8413
2761999,45,249,1631,2014,0.0,2959.0,-0.6723520000000001,-0.945084,CMR,TWN,8413
2762000,47,249,1631,2014,9734.0,4306.0,-1.371624,-1.12468,COG,TWN,8413
2762001,49,249,1631,2014,0.0,1485146.0,0.19864500000000002,-0.378364,COL,TWN,8413
2762002,52,249,1631,2014,0.0,490623.0,0.065938,-0.687971,CRI,TWN,8413
2762003,58,249,1631,2014,0.0,49618.0,0.627467,0.483725,CYP,TWN,8413
2762004,59,249,1631,2014,580248.0,1551534.0,1.8105830000000003,0.131131,CZE,TWN,8413
2762005,61,249,1631,2014,37664608.0,12999259.0,2.052849,-2.888805,DEU,TWN,8413
2762006,62,249,1631,2014,0.0,1454.0,-0.394602,-0.74178,DJI,TWN,8413
2762007,64,249,1631,2014,29167450.0,4881479.0,1.10869,1.245193,DNK,TWN,8413
2762008,65,249,1631,2014,0.0,144564.0,-0.180845,0.508512,DOM,TWN,8413
2762009,66,249,1631,2014,0.0,1056236.0,-1.5554649999999999,-1.1657030000000002,DZA,TWN,8413
2762010,67,249,1631,2014,0.0,520493.0,-1.066865,-1.052921,ECU,TWN,8413
2762011,68,249,1631,2014,705.0,2376003.0,-0.086866,1.7419669999999998,EGY,TWN,8413
2762012,71,249,1631,2014,1127257.0,2411462.0,0.842147,2.45692,ESP,TWN,8413
2762013,72,249,1631,2014,0.0,46861.0,0.9147780000000001,1.151556,EST,TWN,8413
2762014,73,249,1631,2014,0.0,21757.0,-1.296535,-1.045942,ETH,TWN,8413
2762015,74,249,1631,2014,120719.0,402564.0,1.626355,1.002923,FIN,TWN,8413
2762016,75,249,1631,2014,0.0,45783.0,-0.306346,-0.07688500000000001,FJI,TWN,8413
2762017,77,249,1631,2014,3902588.0,2251371.0,1.4817790000000002,0.30995,FRA,TWN,8413
2762018,79,249,1631,2014,0.0,6505.0,-0.32643099999999997,-0.8248049999999999,FSM,TWN,8413
2762019,80,249,1631,2014,0.0,2436.0,-1.625474,-1.135973,GAB,TWN,8413
2762020,81,249,1631,2014,11155329.0,12001523.0,1.697964,0.585372,GBR,TWN,8413
2762021,82,249,1631,2014,1724219.0,12002.0,-0.254106,-0.646584,GEO,TWN,8413
2762022,83,249,1631,2014,0.0,25839.0,-1.130226,-0.9909379999999999,GHA,TWN,8413
2762023,85,249,1631,2014,0.0,7368.0,-1.628409,-1.202473,GIN,TWN,8413
2762024,90,249,1631,2014,35599.0,613449.0,0.149337,0.8560540000000001,GRC,TWN,8413
2762025,93,249,1631,2014,0.0,1004034.0,-0.36547199999999996,0.548894,GTM,TWN,8413
2762026,95,249,1631,2014,0.0,81857.0,0.6368119999999999,-0.01771,GUM,TWN,8413
2762027,96,249,1631,2014,0.0,12695.0,-1.068777,-1.038227,GUY,TWN,8413
2762028,97,249,1631,2014,2714423.0,9940179.0,0.812132,1.722493,HKG,TWN,8413
2762029,99,249,1631,2014,0.0,101688.0,-0.467004,0.045511,HND,TWN,8413
2762030,100,249,1631,2014,1214.0,35968.0,0.804401,1.250807,HRV,TWN,8413
2762031,101,249,1631,2014,0.0,41828.0,-1.10887,-1.032108,HTI,TWN,8413
2762032,102,249,1631,2014,2384497.0,1998333.0,1.477093,0.812869,HUN,TWN,8413
2762033,103,249,1631,2014,9731880.0,11585632.0,-0.088032,1.3966459999999998,IDN,TWN,8413
2762034,104,249,1631,2014,1284199.0,13558473.0,0.262042,2.6305080000000003,IND,TWN,8413
2762035,106,249,1631,2014,188439.0,1519726.0,1.2658399999999999,0.278546,IRL,TWN,8413
2762036,107,249,1631,2014,0.0,2915117.0,-0.361058,-0.312743,IRN,TWN,8413
2762037,108,249,1631,2014,0.0,97774.0,-2.9169,-0.882023,IRQ,TWN,8413
2762038,109,249,1631,2014,0.0,23395.0,0.127891,-0.302014,ISL,TWN,8413
2762039,110,249,1631,2014,52914.0,1157219.0,1.211141,0.64523,ISR,TWN,8413
2762040,111,249,1631,2014,9222048.0,5395265.0,1.340136,0.43931099999999995,ITA,TWN,8413
2762041,112,249,1631,2014,0.0,19726.0,-0.42745299999999997,-0.7750130000000001,JAM,TWN,8413
2762042,113,249,1631,2014,0.0,393185.0,0.210208,0.48732299999999995,JOR,TWN,8413
2762043,114,249,1631,2014,87428314.0,70895522.0,2.403165,-0.635024,JPN,TWN,8413
2762044,115,249,1631,2014,0.0,702085.0,-0.210431,-0.574075,KAZ,TWN,8413
2762045,116,249,1631,2014,0.0,867447.0,-0.487058,0.307288,KEN,TWN,8413
2762046,117,249,1631,2014,0.0,3553.0,-0.31942600000000004,-0.012454,KGZ,TWN,8413
2762047,118,249,1631,2014,0.0,260333.0,-0.84072,-0.8307040000000001,KHM,TWN,8413
2762048,119,249,1631,2014,0.0,4096.0,0.708907,-0.540813,KIR,TWN,8413
2762049,121,249,1631,2014,7316948.0,24564895.0,1.817145,0.8394530000000001,KOR,TWN,8413
2762050,122,249,1631,2014,0.0,259122.0,-0.769616,-1.10667,KWT,TWN,8413
2762051,123,249,1631,2014,0.0,512.0,-1.054294,-0.869916,LAO,TWN,8413
2762052,124,249,1631,2014,0.0,157843.0,0.308677,1.7564490000000001,LBN,TWN,8413
2762053,126,249,1631,2014,0.0,850168.0,-1.5943829999999999,-1.189961,LBY,TWN,8413
2762054,127,249,1631,2014,0.0,656.0,0.29035500000000003,-0.603541,LCA,TWN,8413
2762055,128,249,1631,2014,0.0,601773.0,-0.49366899999999997,0.338686,LKA,TWN,8413
2762056,129,249,1631,2014,0.0,20315.0,-0.59647,-0.58713,LSO,TWN,8413
2762057,130,249,1631,2014,3901.0,616707.0,0.764495,1.3451540000000002,LTU,TWN,8413
2762058,131,249,1631,2014,181684.0,3536.0,1.243845,1.155474,LUX,TWN,8413
2762059,132,249,1631,2014,0.0,1331415.0,0.613116,1.1899790000000001,LVA,TWN,8413
2762060,133,249,1631,2014,1282.0,69111.0,0.704535,0.5856140000000001,MAC,TWN,8413
2762061,134,249,1631,2014,0.0,628800.0,-0.574034,0.065788,MAR,TWN,8413
2762062,135,249,1631,2014,0.0,12127.0,-0.10438199999999999,-0.093194,MDA,TWN,8413
2762063,136,249,1631,2014,0.0,7950.0,-1.002122,-0.44446,MDG,TWN,8413
2762064,137,249,1631,2014,0.0,42654.0,-0.43265299999999995,-0.82696,MDV,TWN,8413
2762065,138,249,1631,2014,604096.0,5191960.0,1.0799729999999998,0.697554,MEX,TWN,8413
2762066,139,249,1631,2014,0.0,145933.0,-0.22505,-0.803084,MHL,TWN,8413
2762067,142,249,1631,2014,0.0,97099.0,0.817013,0.0016309999999999999,MLT,TWN,8413
2762068,143,249,1631,2014,0.0,465932.0,-1.5332459999999999,-1.145973,MMR,TWN,8413
2762069,144,249,1631,2014,0.0,924.0,-0.17039100000000001,-0.21762399999999998,MNE,TWN,8413
2762070,145,249,1631,2014,0.0,91945.0,-1.425524,-1.161949,MNG,TWN,8413
2762071,146,249,1631,2014,0.0,60120.0,1.1877790000000001,-0.300664,MNP,TWN,8413
2762072,147,249,1631,2014,0.0,5266.0,-1.1993610000000001,-1.040181,MOZ,TWN,8413
2762073,151,249,1631,2014,0.0,27764.0,-0.029891,-0.12431099999999999,MUS,TWN,8413
2762074,152,249,1631,2014,0.0,9852.0,-0.494204,-0.751903,MWI,TWN,8413
2762075,153,249,1631,2014,975551.0,10197145.0,1.018138,0.774649,MYS,TWN,8413
2762076,155,249,1631,2014,0.0,17213.0,-0.428227,-0.5632229999999999,NAM,TWN,8413
2762077,156,249,1631,2014,0.0,13174.0,-0.509789,-0.767484,NCL,TWN,8413
2762078,159,249,1631,2014,0.0,285662.0,-1.2126430000000001,-1.059697,NGA,TWN,8413
2762079,160,249,1631,2014,0.0,237291.0,-0.938269,-0.839066,NIC,TWN,8413
2762080,162,249,1631,2014,3317242.0,2841561.0,1.179325,1.355071,NLD,TWN,8413
2762081,163,249,1631,2014,410973.0,521361.0,0.9187049999999999,0.182685,NOR,TWN,8413
2762082,164,249,1631,2014,0.0,58273.0,-0.11988199999999999,0.655883,NPL,TWN,8413
2762083,166,249,1631,2014,9876.0,1916161.0,0.272502,0.21628699999999998,NZL,TWN,8413
2762084,167,249,1631,2014,0.0,23676.0,-0.505129,-1.0051370000000002,OMN,TWN,8413
2762085,168,249,1631,2014,0.0,293606.0,-0.672924,0.566787,PAK,TWN,8413
2762086,169,249,1631,2014,0.0,143703.0,0.771742,0.9873190000000001,PAN,TWN,8413
2762087,173,249,1631,2014,0.0,690477.0,-0.557833,0.611826,PER,TWN,8413
2762088,174,249,1631,2014,417696.0,7225875.0,0.637442,0.475883,PHL,TWN,8413
2762089,175,249,1631,2014,0.0,86469.0,0.38879600000000003,-0.532062,PLW,TWN,8413
2762090,176,249,1631,2014,0.0,89336.0,-1.564904,-1.146255,PNG,TWN,8413
2762091,177,249,1631,2014,313177.0,507988.0,1.133102,1.177165,POL,TWN,8413
2762092,179,249,1631,2014,24088.0,251031.0,0.621053,2.349644,PRT,TWN,8413
2762093,180,249,1631,2014,0.0,74997.0,-0.608509,-0.930679,PRY,TWN,8413
2762094,181,249,1631,2014,0.0,547.0,0.030643,0.601905,PSE,TWN,8413
2762095,182,249,1631,2014,0.0,10892.0,0.008831,-0.6268279999999999,PYF,TWN,8413
2762096,183,249,1631,2014,0.0,721590.0,-0.37535599999999997,-1.0196370000000001,QAT,TWN,8413
2762097,185,249,1631,2014,15887.0,57290.0,0.9112,1.188161,ROU,TWN,8413
2762098,186,249,1631,2014,39044.0,1741973.0,0.229422,-0.214856,RUS,TWN,8413
2762099,188,249,1631,2014,0.0,6879363.0,0.5758439999999999,-0.832692,SAU,TWN,8413
2762100,190,249,1631,2014,0.0,109868.0,-1.442381,-1.1155030000000001,SDN,TWN,8413
2762101,192,249,1631,2014,5617168.0,17760951.0,1.867492,0.626736,SGP,TWN,8413
2762102,195,249,1631,2014,0.0,18487.0,-0.862089,-0.9075840000000001,SLB,TWN,8413
2762103,197,249,1631,2014,0.0,227204.0,0.08653999999999999,0.29088600000000003,SLV,TWN,8413
2762104,201,249,1631,2014,7094.0,296365.0,0.551635,1.211535,SRB,TWN,8413
2762105,203,249,1631,2014,0.0,1579.0,1.172431,-0.024141,STP,TWN,8413
2762106,205,249,1631,2014,0.0,13116.0,-0.6333989999999999,-0.857643,SUR,TWN,8413
2762107,206,249,1631,2014,365691.0,203293.0,1.334959,0.821253,SVK,TWN,8413
2762108,207,249,1631,2014,5016.0,638078.0,1.6558669999999998,0.6814399999999999,SVN,TWN,8413
2762109,208,249,1631,2014,1139383.0,2119543.0,1.817752,0.558474,SWE,TWN,8413
2762110,209,249,1631,2014,3889.0,3695.0,0.22972199999999998,-0.365564,SWZ,TWN,8413
2762111,211,249,1631,2014,0.0,2165.0,0.358111,-0.484879,SYC,TWN,8413
2762112,212,249,1631,2014,0.0,3603.0,-0.366224,0.9054719999999999,SYR,TWN,8413
2762113,216,249,1631,2014,4433518.0,21441337.0,0.977094,1.41283,THA,TWN,8413
2762114,221,249,1631,2014,0.0,4031.0,-0.11129100000000001,-0.523176,TON,TWN,8413
2762115,222,249,1631,2014,0.0,83673.0,-0.57362,-1.117545,TTO,TWN,8413
2762116,223,249,1631,2014,0.0,141540.0,0.343449,1.118007,TUN,TWN,8413
2762117,224,249,1631,2014,48118.0,6796036.0,0.554761,2.385693,TUR,TWN,8413
2762118,226,249,1631,2014,0.0,210665.0,-1.054331,0.166345,TZA,TWN,8413
2762119,227,249,1631,2014,0.0,1079.0,-0.46911800000000003,0.25446599999999997,UGA,TWN,8413
2762120,228,249,1631,2014,0.0,143288.0,0.566535,0.832267,UKR,TWN,8413
2762121,230,249,1631,2014,0.0,316270.0,0.154034,-0.380899,URY,TWN,8413
2762122,231,249,1631,2014,54288625.0,126195243.0,1.61227,0.068905,USA,TWN,8413
2762123,236,249,1631,2014,0.0,152893.0,-0.582086,-1.081727,VEN,TWN,8413
2762124,239,249,1631,2014,2660809.0,21747796.0,-0.023765,1.344416,VNM,TWN,8413
2762125,243,249,1631,2014,0.0,322854.0,-1.2829190000000001,-1.227373,YEM,TWN,8413
2762126,246,249,1631,2014,84192.0,3792615.0,0.282927,1.723214,ZAF,TWN,8413
2762127,247,249,1631,2014,0.0,30089.0,-0.664089,-0.793452,ZMB,TWN,8413
2762128,248,249,1631,2014,0.0,4519.0,-0.821369,-0.864232,ZWE,TWN,8413
2762129,250,249,1631,2014,1011374.0,77784.0,0.506842,0.049545,ANS,TWN,8413
2762130,0,250,1631,2014,0.0,277493.0,0.779539,-0.32255700000000004,ABW,ANS,8413
2762131,5,250,1631,2014,0.0,1803.0,0.533246,-0.41617,AND,ANS,8413
2762132,7,250,1631,2014,4179165.0,282808.0,0.087775,-0.289459,ARE,ANS,8413
2762133,8,250,1631,2014,137597.0,5040.0,0.10691500000000001,0.44860600000000006,ARG,ANS,8413
2762134,13,250,1631,2014,0.0,2372.0,0.169764,-0.621576,ATG,ANS,8413
2762135,14,250,1631,2014,289497.0,0.0,-0.398273,-0.17128,AUS,ANS,8413
2762136,18,250,1631,2014,14614.0,0.0,1.234156,1.226441,BEL,ANS,8413
2762137,24,250,1631,2014,0.0,365040.0,0.460168,-0.41671099999999994,BHR,ANS,8413
2762138,25,250,1631,2014,0.0,42596.0,0.314465,-0.60458,BHS,ANS,8413
2762139,28,250,1631,2014,0.0,2880.0,0.874108,0.676231,BLR,ANS,8413
2762140,42,250,1631,2014,2595.0,8360969.0,-0.344671,-0.43380799999999997,CHL,ANS,8413
2762141,43,250,1631,2014,4328.0,4633626.0,1.187557,1.222085,CHN,ANS,8413
2762142,44,250,1631,2014,3177.0,1112313.0,-0.737625,-0.768728,CIV,ANS,8413
2762143,45,250,1631,2014,740593.0,0.0,-0.6723520000000001,-0.945084,CMR,ANS,8413
2762144,47,250,1631,2014,0.0,3584863.0,-1.371624,-1.12468,COG,ANS,8413
2762145,49,250,1631,2014,368389.0,6849732.0,0.19864500000000002,-0.378364,COL,ANS,8413
2762146,51,250,1631,2014,0.0,6990.0,-0.182368,-0.7136359999999999,CPV,ANS,8413
2762147,52,250,1631,2014,0.0,84379.0,0.065938,-0.687971,CRI,ANS,8413
2762148,58,250,1631,2014,8721.0,0.0,0.627467,0.483725,CYP,ANS,8413
2762149,59,250,1631,2014,1108775.0,6054695.0,1.8105830000000003,0.131131,CZE,ANS,8413
2762150,61,250,1631,2014,4301054.0,0.0,2.052849,-2.888805,DEU,ANS,8413
2762151,64,250,1631,2014,34019856.0,5848.0,1.10869,1.245193,DNK,ANS,8413
2762152,65,250,1631,2014,0.0,2771.0,-0.180845,0.508512,DOM,ANS,8413
2762153,67,250,1631,2014,171550.0,0.0,-1.066865,-1.052921,ECU,ANS,8413
2762154,68,250,1631,2014,0.0,24494.0,-0.086866,1.7419669999999998,EGY,ANS,8413
2762155,71,250,1631,2014,598499.0,2558492.0,0.842147,2.45692,ESP,ANS,8413
2762156,72,250,1631,2014,70671.0,4707909.0,0.9147780000000001,1.151556,EST,ANS,8413
2762157,73,250,1631,2014,0.0,16305679.0,-1.296535,-1.045942,ETH,ANS,8413
2762158,75,250,1631,2014,2038.0,0.0,-0.306346,-0.07688500000000001,FJI,ANS,8413
2762159,77,250,1631,2014,314984.0,8886193.0,1.4817790000000002,0.30995,FRA,ANS,8413
2762160,90,250,1631,2014,107223.0,0.0,0.149337,0.8560540000000001,GRC,ANS,8413
2762161,97,250,1631,2014,21814.0,0.0,0.812132,1.722493,HKG,ANS,8413
2762162,100,250,1631,2014,196006.0,71410.0,0.804401,1.250807,HRV,ANS,8413
2762163,104,250,1631,2014,77002.0,129187.0,0.262042,2.6305080000000003,IND,ANS,8413
2762164,106,250,1631,2014,1003141.0,1499080.0,1.2658399999999999,0.278546,IRL,ANS,8413
2762165,107,250,1631,2014,241039.0,6811.0,-0.361058,-0.312743,IRN,ANS,8413
2762166,108,250,1631,2014,0.0,4646049.0,-2.9169,-0.882023,IRQ,ANS,8413
2762167,111,250,1631,2014,2683.0,107700.0,1.340136,0.43931099999999995,ITA,ANS,8413
2762168,113,250,1631,2014,1312874.0,0.0,0.210208,0.48732299999999995,JOR,ANS,8413
2762169,114,250,1631,2014,14571.0,0.0,2.403165,-0.635024,JPN,ANS,8413
2762170,121,250,1631,2014,6291.0,15441.0,1.817145,0.8394530000000001,KOR,ANS,8413
2762171,122,250,1631,2014,3571.0,0.0,-0.769616,-1.10667,KWT,ANS,8413
2762172,124,250,1631,2014,28503.0,0.0,0.308677,1.7564490000000001,LBN,ANS,8413
2762173,127,250,1631,2014,0.0,3713.0,0.29035500000000003,-0.603541,LCA,ANS,8413
2762174,131,250,1631,2014,0.0,980089.0,1.243845,1.155474,LUX,ANS,8413
2762175,135,250,1631,2014,0.0,34450.0,-0.10438199999999999,-0.093194,MDA,ANS,8413
2762176,136,250,1631,2014,204311.0,990104.0,-1.002122,-0.44446,MDG,ANS,8413
2762177,138,250,1631,2014,0.0,254016.0,1.0799729999999998,0.697554,MEX,ANS,8413
2762178,142,250,1631,2014,95204.0,0.0,0.817013,0.0016309999999999999,MLT,ANS,8413
2762179,147,250,1631,2014,0.0,2191.0,-1.1993610000000001,-1.040181,MOZ,ANS,8413
2762180,153,250,1631,2014,27429.0,13419.0,1.018138,0.774649,MYS,ANS,8413
2762181,155,250,1631,2014,15794.0,0.0,-0.428227,-0.5632229999999999,NAM,ANS,8413
2762182,156,250,1631,2014,291977.0,2331.0,-0.509789,-0.767484,NCL,ANS,8413
2762183,157,250,1631,2014,0.0,232869.0,-0.7187,-0.80918,NER,ANS,8413
2762184,162,250,1631,2014,14005073.0,1010243.0,1.179325,1.355071,NLD,ANS,8413
2762185,168,250,1631,2014,0.0,1495946.0,-0.672924,0.566787,PAK,ANS,8413
2762186,169,250,1631,2014,2385130.0,230565.0,0.771742,0.9873190000000001,PAN,ANS,8413
2762187,173,250,1631,2014,67062.0,0.0,-0.557833,0.611826,PER,ANS,8413
2762188,177,250,1631,2014,16531.0,6933417.0,1.133102,1.177165,POL,ANS,8413
2762189,179,250,1631,2014,418771.0,0.0,0.621053,2.349644,PRT,ANS,8413
2762190,186,250,1631,2014,0.0,1163578.0,0.229422,-0.214856,RUS,ANS,8413
2762191,188,250,1631,2014,0.0,1013159.0,0.5758439999999999,-0.832692,SAU,ANS,8413
2762192,206,250,1631,2014,0.0,104394960.0,1.334959,0.821253,SVK,ANS,8413
2762193,208,250,1631,2014,5115.0,0.0,1.817752,0.558474,SWE,ANS,8413
2762194,223,250,1631,2014,107745.0,1216906.0,0.343449,1.118007,TUN,ANS,8413
2762195,224,250,1631,2014,17396114.0,3280793.0,0.554761,2.385693,TUR,ANS,8413
2762196,230,250,1631,2014,87003.0,3582.0,0.154034,-0.380899,URY,ANS,8413
2762197,239,250,1631,2014,8742.0,891561.0,-0.023765,1.344416,VNM,ANS,8413
2762198,243,250,1631,2014,0.0,23051532.0,-1.2829190000000001,-1.227373,YEM,ANS,8413
2762199,246,250,1631,2014,1177569.0,941690.0,0.282927,1.723214,ZAF,ANS,8413
2762200,248,250,1631,2014,0.0,1348.0,-0.821369,-0.864232,ZWE,ANS,8413
2762201,249,250,1631,2014,77784.0,1011374.0,1.9044189999999999,1.0595139999999998,TWN,ANS,8413
2762202,7,9,1631,2014,1290.0,7480.0,0.087775,-0.289459,ARE,ARM,8413
2762203,14,9,1631,2014,7555.0,0.0,-0.398273,-0.17128,AUS,ARM,8413
2762204,15,9,1631,2014,237053.0,0.0,1.7116790000000002,-0.140232,AUT,ARM,8413
2762205,18,9,1631,2014,75657.0,49051.0,1.234156,1.226441,BEL,ARM,8413
2762206,23,9,1631,2014,270429.0,0.0,0.579058,1.6558110000000001,BGR,ARM,8413
2762207,28,9,1631,2014,155640.0,0.0,0.874108,0.676231,BLR,ARM,8413
2762208,32,9,1631,2014,2090.0,0.0,0.218223,0.556921,BRA,ARM,8413
2762209,39,9,1631,2014,51670.0,9458.0,0.671395,1.024683,CAN,ARM,8413
2762210,41,9,1631,2014,343641.0,0.0,2.2000919999999997,0.65398,CHE,ARM,8413
2762211,43,9,1631,2014,1083352.0,0.0,1.187557,1.222085,CHN,ARM,8413
2762212,59,9,1631,2014,44792.0,0.0,1.8105830000000003,0.131131,CZE,ARM,8413
2762213,61,9,1631,2014,1070255.0,3529.0,2.052849,-2.888805,DEU,ARM,8413
2762214,64,9,1631,2014,127196.0,0.0,1.10869,1.245193,DNK,ARM,8413
2762215,71,9,1631,2014,93563.0,0.0,0.842147,2.45692,ESP,ARM,8413
2762216,74,9,1631,2014,83312.0,0.0,1.626355,1.002923,FIN,ARM,8413
2762217,77,9,1631,2014,112426.0,4425.0,1.4817790000000002,0.30995,FRA,ARM,8413
2762218,81,9,1631,2014,224622.0,3820.0,1.697964,0.585372,GBR,ARM,8413
2762219,82,9,1631,2014,96072.0,28599.0,-0.254106,-0.646584,GEO,ARM,8413
2762220,90,9,1631,2014,1974.0,0.0,0.149337,0.8560540000000001,GRC,ARM,8413
2762221,102,9,1631,2014,158116.0,0.0,1.477093,0.812869,HUN,ARM,8413
2762222,104,9,1631,2014,72994.0,0.0,0.262042,2.6305080000000003,IND,ARM,8413
2762223,107,9,1631,2014,5591.0,35816.0,-0.361058,-0.312743,IRN,ARM,8413
2762224,111,9,1631,2014,553945.0,0.0,1.340136,0.43931099999999995,ITA,ARM,8413
2762225,114,9,1631,2014,70746.0,8082.0,2.403165,-0.635024,JPN,ARM,8413
2762226,115,9,1631,2014,0.0,21056.0,-0.210431,-0.574075,KAZ,ARM,8413
2762227,121,9,1631,2014,8137.0,77823.0,1.817145,0.8394530000000001,KOR,ARM,8413
2762228,124,9,1631,2014,2061.0,0.0,0.308677,1.7564490000000001,LBN,ARM,8413
2762229,130,9,1631,2014,8108.0,0.0,0.764495,1.3451540000000002,LTU,ARM,8413
2762230,132,9,1631,2014,14061.0,0.0,0.613116,1.1899790000000001,LVA,ARM,8413
2762231,135,9,1631,2014,47241.0,0.0,-0.10438199999999999,-0.093194,MDA,ARM,8413
2762232,138,9,1631,2014,11025.0,0.0,1.0799729999999998,0.697554,MEX,ARM,8413
2762233,162,9,1631,2014,49604.0,0.0,1.179325,1.355071,NLD,ARM,8413
2762234,163,9,1631,2014,0.0,1456.0,0.9187049999999999,0.182685,NOR,ARM,8413
2762235,177,9,1631,2014,68078.0,1969.0,1.133102,1.177165,POL,ARM,8413
2762236,183,9,1631,2014,0.0,10802.0,-0.37535599999999997,-1.0196370000000001,QAT,ARM,8413
2762237,186,9,1631,2014,1470682.0,79206.0,0.229422,-0.214856,RUS,ARM,8413
2762238,192,9,1631,2014,25223.0,816.0,1.867492,0.626736,SGP,ARM,8413
2762239,201,9,1631,2014,16134.0,0.0,0.551635,1.211535,SRB,ARM,8413
2762240,206,9,1631,2014,1958.0,0.0,1.334959,0.821253,SVK,ARM,8413
2762241,208,9,1631,2014,335682.0,3927.0,1.817752,0.558474,SWE,ARM,8413
2762242,224,9,1631,2014,81503.0,5850.0,0.554761,2.385693,TUR,ARM,8413
2762243,228,9,1631,2014,467994.0,0.0,0.566535,0.832267,UKR,ARM,8413
2762244,231,9,1631,2014,863836.0,1589.0,1.61227,0.068905,USA,ARM,8413
2762245,246,9,1631,2014,1393.0,0.0,0.282927,1.723214,ZAF,ARM,8413
2762246,249,9,1631,2014,733.0,0.0,1.9044189999999999,1.0595139999999998,TWN,ARM,8413
2762247,1,14,1631,2014,10013.0,0.0,-0.924386,-0.839385,AFG,AUS,8413
2762248,2,14,1631,2014,0.0,72989.0,-1.8184900000000002,-1.149191,AGO,AUS,8413
2762249,4,14,1631,2014,1670.0,19221.0,-0.476024,-0.33978400000000003,ALB,AUS,8413
2762250,7,14,1631,2014,1287706.0,4820383.0,0.087775,-0.289459,ARE,AUS,8413
2762251,8,14,1631,2014,666528.0,309176.0,0.10691500000000001,0.44860600000000006,ARG,AUS,8413
2762252,9,14,1631,2014,0.0,7555.0,-0.198322,-0.5918680000000001,ARM,AUS,8413
2762253,10,14,1631,2014,1725.0,92953.0,0.795219,-0.217498,ASM,AUS,8413
2762254,15,14,1631,2014,2929552.0,79937.0,1.7116790000000002,-0.140232,AUT,AUS,8413
2762255,16,14,1631,2014,0.0,49095.0,-0.909508,-1.165158,AZE,AUS,8413
2762256,18,14,1631,2014,6227529.0,343238.0,1.234156,1.226441,BEL,AUS,8413
2762257,21,14,1631,2014,0.0,69117.0,-0.922401,-0.9554379999999999,BFA,AUS,8413
2762258,22,14,1631,2014,0.0,55956.0,-1.0341879999999999,-0.9614870000000001,BGD,AUS,8413
2762259,23,14,1631,2014,250695.0,133735.0,0.579058,1.6558110000000001,BGR,AUS,8413
2762260,24,14,1631,2014,213633.0,332782.0,0.460168,-0.41671099999999994,BHR,AUS,8413
2762261,26,14,1631,2014,14722.0,0.0,0.5083300000000001,0.711704,BIH,AUS,8413
2762262,28,14,1631,2014,4633.0,2183.0,0.874108,0.676231,BLR,AUS,8413
2762263,31,14,1631,2014,0.0,22678.0,-1.129494,-1.030198,BOL,AUS,8413
2762264,32,14,1631,2014,2009578.0,567898.0,0.218223,0.556921,BRA,AUS,8413
2762265,34,14,1631,2014,0.0,305154.0,0.191357,-0.683567,BRN,AUS,8413
2762266,37,14,1631,2014,0.0,24381.0,-0.60221,-1.104578,BWA,AUS,8413
2762267,39,14,1631,2014,26332793.0,9451005.0,0.671395,1.024683,CAN,AUS,8413
2762268,40,14,1631,2014,0.0,23678.0,0.8426629999999999,-0.258254,CCK,AUS,8413
2762269,41,14,1631,2014,2162523.0,208281.0,2.2000919999999997,0.65398,CHE,AUS,8413
2762270,42,14,1631,2014,204441.0,2414751.0,-0.344671,-0.43380799999999997,CHL,AUS,8413
2762271,43,14,1631,2014,101705708.0,8761008.0,1.187557,1.222085,CHN,AUS,8413
2762272,44,14,1631,2014,0.0,74601.0,-0.737625,-0.768728,CIV,AUS,8413
2762273,45,14,1631,2014,0.0,45026.0,-0.6723520000000001,-0.945084,CMR,AUS,8413
2762274,46,14,1631,2014,0.0,857734.0,-1.6680240000000002,-1.1265129999999999,COD,AUS,8413
2762275,48,14,1631,2014,0.0,69756.0,0.151329,-0.693285,COK,AUS,8413
2762276,49,14,1631,2014,18193.0,81377.0,0.19864500000000002,-0.378364,COL,AUS,8413
2762277,52,14,1631,2014,1139.0,1667.0,0.065938,-0.687971,CRI,AUS,8413
2762278,54,14,1631,2014,0.0,6040.0,-0.476786,-0.952291,CUB,AUS,8413
2762279,55,14,1631,2014,0.0,19437.0,-0.00902,-0.683643,CUW,AUS,8413
2762280,56,14,1631,2014,0.0,264190.0,0.738877,-0.520547,CXR,AUS,8413
2762281,58,14,1631,2014,15897.0,377.0,0.627467,0.483725,CYP,AUS,8413
2762282,59,14,1631,2014,1148881.0,334245.0,1.8105830000000003,0.131131,CZE,AUS,8413
2762283,61,14,1631,2014,104687322.0,1912258.0,2.052849,-2.888805,DEU,AUS,8413
2762284,62,14,1631,2014,0.0,31430.0,-0.394602,-0.74178,DJI,AUS,8413
2762285,64,14,1631,2014,8336000.0,711751.0,1.10869,1.245193,DNK,AUS,8413
2762286,65,14,1631,2014,0.0,63718.0,-0.180845,0.508512,DOM,AUS,8413
2762287,66,14,1631,2014,0.0,390126.0,-1.5554649999999999,-1.1657030000000002,DZA,AUS,8413
2762288,67,14,1631,2014,0.0,20452.0,-1.066865,-1.052921,ECU,AUS,8413
2762289,68,14,1631,2014,0.0,315894.0,-0.086866,1.7419669999999998,EGY,AUS,8413
2762290,69,14,1631,2014,0.0,31982.0,-2.345215,-1.051413,ERI,AUS,8413
2762291,71,14,1631,2014,9176405.0,1226335.0,0.842147,2.45692,ESP,AUS,8413
2762292,72,14,1631,2014,21804.0,0.0,0.9147780000000001,1.151556,EST,AUS,8413
2762293,73,14,1631,2014,0.0,59946.0,-1.296535,-1.045942,ETH,AUS,8413
2762294,74,14,1631,2014,3140353.0,165107.0,1.626355,1.002923,FIN,AUS,8413
2762295,75,14,1631,2014,19669.0,2096219.0,-0.306346,-0.07688500000000001,FJI,AUS,8413
2762296,77,14,1631,2014,12641206.0,1556624.0,1.4817790000000002,0.30995,FRA,AUS,8413
2762297,79,14,1631,2014,0.0,32410.0,-0.32643099999999997,-0.8248049999999999,FSM,AUS,8413
2762298,81,14,1631,2014,37865752.0,5599076.0,1.697964,0.585372,GBR,AUS,8413
2762299,82,14,1631,2014,18535.0,0.0,-0.254106,-0.646584,GEO,AUS,8413
2762300,83,14,1631,2014,2625.0,1509189.0,-1.130226,-0.9909379999999999,GHA,AUS,8413
2762301,85,14,1631,2014,0.0,21490.0,-1.628409,-1.202473,GIN,AUS,8413
2762302,90,14,1631,2014,5398.0,141252.0,0.149337,0.8560540000000001,GRC,AUS,8413
2762303,93,14,1631,2014,0.0,33194.0,-0.36547199999999996,0.548894,GTM,AUS,8413
2762304,95,14,1631,2014,0.0,4533.0,0.6368119999999999,-0.01771,GUM,AUS,8413
2762305,96,14,1631,2014,0.0,538355.0,-1.068777,-1.038227,GUY,AUS,8413
2762306,97,14,1631,2014,1116206.0,1988809.0,0.812132,1.722493,HKG,AUS,8413
2762307,99,14,1631,2014,0.0,681.0,-0.467004,0.045511,HND,AUS,8413
2762308,100,14,1631,2014,10309.0,3643.0,0.804401,1.250807,HRV,AUS,8413
2762309,102,14,1631,2014,6268846.0,28290.0,1.477093,0.812869,HUN,AUS,8413
2762310,103,14,1631,2014,6283243.0,33929803.0,-0.088032,1.3966459999999998,IDN,AUS,8413
2762311,104,14,1631,2014,8778699.0,1068228.0,0.262042,2.6305080000000003,IND,AUS,8413
2762312,106,14,1631,2014,439317.0,171838.0,1.2658399999999999,0.278546,IRL,AUS,8413
2762313,107,14,1631,2014,2132.0,58186.0,-0.361058,-0.312743,IRN,AUS,8413
2762314,108,14,1631,2014,0.0,9581.0,-2.9169,-0.882023,IRQ,AUS,8413
2762315,109,14,1631,2014,1803.0,32838.0,0.127891,-0.302014,ISL,AUS,8413
2762316,110,14,1631,2014,132624.0,94128.0,1.211141,0.64523,ISR,AUS,8413
2762317,111,14,1631,2014,54709801.0,672557.0,1.340136,0.43931099999999995,ITA,AUS,8413
2762318,112,14,1631,2014,0.0,86823.0,-0.42745299999999997,-0.7750130000000001,JAM,AUS,8413
2762319,113,14,1631,2014,0.0,65122.0,0.210208,0.48732299999999995,JOR,AUS,8413
2762320,114,14,1631,2014,37717665.0,965185.0,2.403165,-0.635024,JPN,AUS,8413
2762321,115,14,1631,2014,0.0,1069087.0,-0.210431,-0.574075,KAZ,AUS,8413
2762322,116,14,1631,2014,0.0,539417.0,-0.487058,0.307288,KEN,AUS,8413
2762323,117,14,1631,2014,0.0,309266.0,-0.31942600000000004,-0.012454,KGZ,AUS,8413
2762324,118,14,1631,2014,0.0,94901.0,-0.84072,-0.8307040000000001,KHM,AUS,8413
2762325,119,14,1631,2014,0.0,43130.0,0.708907,-0.540813,KIR,AUS,8413
2762326,121,14,1631,2014,20477857.0,6243440.0,1.817145,0.8394530000000001,KOR,AUS,8413
2762327,122,14,1631,2014,0.0,71985.0,-0.769616,-1.10667,KWT,AUS,8413
2762328,123,14,1631,2014,492.0,3630529.0,-1.054294,-0.869916,LAO,AUS,8413
2762329,124,14,1631,2014,3900.0,46939.0,0.308677,1.7564490000000001,LBN,AUS,8413
2762330,128,14,1631,2014,0.0,193197.0,-0.49366899999999997,0.338686,LKA,AUS,8413
2762331,130,14,1631,2014,0.0,851.0,0.764495,1.3451540000000002,LTU,AUS,8413
2762332,131,14,1631,2014,214487.0,0.0,1.243845,1.155474,LUX,AUS,8413
2762333,132,14,1631,2014,9064.0,3807.0,0.613116,1.1899790000000001,LVA,AUS,8413
2762334,133,14,1631,2014,0.0,8510.0,0.704535,0.5856140000000001,MAC,AUS,8413
2762335,134,14,1631,2014,0.0,40486.0,-0.574034,0.065788,MAR,AUS,8413
2762336,136,14,1631,2014,20912.0,526366.0,-1.002122,-0.44446,MDG,AUS,8413
2762337,137,14,1631,2014,0.0,201408.0,-0.43265299999999995,-0.82696,MDV,AUS,8413
2762338,138,14,1631,2014,11480690.0,3910216.0,1.0799729999999998,0.697554,MEX,AUS,8413
2762339,140,14,1631,2014,0.0,248.0,-0.039799,-0.05545,MKD,AUS,8413
2762340,141,14,1631,2014,0.0,1003889.0,-1.199063,-1.05497,MLI,AUS,8413
2762341,142,14,1631,2014,28441.0,5941.0,0.817013,0.0016309999999999999,MLT,AUS,8413
2762342,143,14,1631,2014,0.0,54112.0,-1.5332459999999999,-1.145973,MMR,AUS,8413
2762343,145,14,1631,2014,6649.0,242300.0,-1.425524,-1.161949,MNG,AUS,8413
2762344,147,14,1631,2014,0.0,192049.0,-1.1993610000000001,-1.040181,MOZ,AUS,8413
2762345,148,14,1631,2014,0.0,170412.0,-1.458551,-1.225373,MRT,AUS,8413
2762346,151,14,1631,2014,1846.0,331691.0,-0.029891,-0.12431099999999999,MUS,AUS,8413
2762347,152,14,1631,2014,0.0,4076.0,-0.494204,-0.751903,MWI,AUS,8413
2762348,153,14,1631,2014,4131615.0,5390257.0,1.018138,0.774649,MYS,AUS,8413
2762349,155,14,1631,2014,0.0,801015.0,-0.428227,-0.5632229999999999,NAM,AUS,8413
2762350,156,14,1631,2014,60841.0,4205193.0,-0.509789,-0.767484,NCL,AUS,8413
2762351,157,14,1631,2014,1110.0,0.0,-0.7187,-0.80918,NER,AUS,8413
2762352,158,14,1631,2014,0.0,28987.0,1.384862,-0.391489,NFK,AUS,8413
2762353,159,14,1631,2014,0.0,6154.0,-1.2126430000000001,-1.059697,NGA,AUS,8413
2762354,160,14,1631,2014,0.0,3291.0,-0.938269,-0.839066,NIC,AUS,8413
2762355,162,14,1631,2014,22076601.0,1938969.0,1.179325,1.355071,NLD,AUS,8413
2762356,163,14,1631,2014,2358370.0,520400.0,0.9187049999999999,0.182685,NOR,AUS,8413
2762357,164,14,1631,2014,0.0,33975.0,-0.11988199999999999,0.655883,NPL,AUS,8413
2762358,165,14,1631,2014,2796.0,221890.0,1.215503,-0.37847,NRU,AUS,8413
2762359,166,14,1631,2014,20503925.0,28537464.0,0.272502,0.21628699999999998,NZL,AUS,8413
2762360,167,14,1631,2014,715257.0,499147.0,-0.505129,-1.0051370000000002,OMN,AUS,8413
2762361,168,14,1631,2014,52550.0,220279.0,-0.672924,0.566787,PAK,AUS,8413
2762362,169,14,1631,2014,42617.0,0.0,0.771742,0.9873190000000001,PAN,AUS,8413
2762363,173,14,1631,2014,39300.0,1292402.0,-0.557833,0.611826,PER,AUS,8413
2762364,174,14,1631,2014,2188883.0,8939781.0,0.637442,0.475883,PHL,AUS,8413
2762365,175,14,1631,2014,0.0,2841.0,0.38879600000000003,-0.532062,PLW,AUS,8413
2762366,176,14,1631,2014,239409.0,29380494.0,-1.564904,-1.146255,PNG,AUS,8413
2762367,177,14,1631,2014,595348.0,329487.0,1.133102,1.177165,POL,AUS,8413
2762368,179,14,1631,2014,211250.0,91937.0,0.621053,2.349644,PRT,AUS,8413
2762369,182,14,1631,2014,0.0,228967.0,0.008831,-0.6268279999999999,PYF,AUS,8413
2762370,183,14,1631,2014,0.0,617185.0,-0.37535599999999997,-1.0196370000000001,QAT,AUS,8413
2762371,185,14,1631,2014,3506585.0,59431.0,0.9112,1.188161,ROU,AUS,8413
2762372,186,14,1631,2014,14507.0,3043425.0,0.229422,-0.214856,RUS,AUS,8413
2762373,188,14,1631,2014,102588.0,1545077.0,0.5758439999999999,-0.832692,SAU,AUS,8413
2762374,190,14,1631,2014,0.0,85133.0,-1.442381,-1.1155030000000001,SDN,AUS,8413
2762375,191,14,1631,2014,0.0,1528903.0,-0.502607,-0.08866,SEN,AUS,8413
2762376,192,14,1631,2014,11609484.0,11842469.0,1.867492,0.626736,SGP,AUS,8413
2762377,195,14,1631,2014,30962.0,401997.0,-0.862089,-0.9075840000000001,SLB,AUS,8413
2762378,196,14,1631,2014,1664.0,41199.0,-0.9228569999999999,-0.791482,SLE,AUS,8413
2762379,197,14,1631,2014,0.0,26988.0,0.08653999999999999,0.29088600000000003,SLV,AUS,8413
2762380,201,14,1631,2014,631472.0,1311.0,0.551635,1.211535,SRB,AUS,8413
2762381,205,14,1631,2014,4372.0,24463.0,-0.6333989999999999,-0.857643,SUR,AUS,8413
2762382,206,14,1631,2014,156989.0,12340.0,1.334959,0.821253,SVK,AUS,8413
2762383,207,14,1631,2014,132022.0,0.0,1.6558669999999998,0.6814399999999999,SVN,AUS,8413
2762384,208,14,1631,2014,24789221.0,487437.0,1.817752,0.558474,SWE,AUS,8413
2762385,211,14,1631,2014,0.0,38391.0,0.358111,-0.484879,SYC,AUS,8413
2762386,216,14,1631,2014,8645047.0,4009781.0,0.977094,1.41283,THA,AUS,8413
2762387,220,14,1631,2014,0.0,189012.0,-1.365212,-0.896716,TLS,AUS,8413
2762388,221,14,1631,2014,0.0,47686.0,-0.11129100000000001,-0.523176,TON,AUS,8413
2762389,222,14,1631,2014,0.0,65729.0,-0.57362,-1.117545,TTO,AUS,8413
2762390,224,14,1631,2014,677108.0,108349.0,0.554761,2.385693,TUR,AUS,8413
2762391,226,14,1631,2014,0.0,103077.0,-1.054331,0.166345,TZA,AUS,8413
2762392,227,14,1631,2014,0.0,100428.0,-0.46911800000000003,0.25446599999999997,UGA,AUS,8413
2762393,228,14,1631,2014,6359.0,37227.0,0.566535,0.832267,UKR,AUS,8413
2762394,230,14,1631,2014,0.0,1454.0,0.154034,-0.380899,URY,AUS,8413
2762395,231,14,1631,2014,258537007.0,14124932.0,1.61227,0.068905,USA,AUS,8413
2762396,236,14,1631,2014,0.0,77641.0,-0.582086,-1.081727,VEN,AUS,8413
2762397,239,14,1631,2014,607669.0,6726936.0,-0.023765,1.344416,VNM,AUS,8413
2762398,240,14,1631,2014,0.0,140029.0,-1.21245,-0.941493,VUT,AUS,8413
2762399,242,14,1631,2014,0.0,452897.0,0.602344,-0.051224,WSM,AUS,8413
2762400,243,14,1631,2014,0.0,201785.0,-1.2829190000000001,-1.227373,YEM,AUS,8413
2762401,246,14,1631,2014,4496128.0,4447896.0,0.282927,1.723214,ZAF,AUS,8413
2762402,247,14,1631,2014,0.0,530796.0,-0.664089,-0.793452,ZMB,AUS,8413
2762403,248,14,1631,2014,0.0,2535.0,-0.821369,-0.864232,ZWE,AUS,8413
2762404,249,14,1631,2014,17381522.0,1216079.0,1.9044189999999999,1.0595139999999998,TWN,AUS,8413
2762405,250,14,1631,2014,0.0,289497.0,0.506842,0.049545,ANS,AUS,8413
2762406,7,16,1631,2014,1039339.0,22594.0,0.087775,-0.289459,ARE,AZE,8413
2762407,14,16,1631,2014,49095.0,0.0,-0.398273,-0.17128,AUS,AZE,8413
2762408,15,16,1631,2014,1254606.0,1921.0,1.7116790000000002,-0.140232,AUT,AZE,8413
2762409,18,16,1631,2014,225872.0,20635.0,1.234156,1.226441,BEL,AZE,8413
2762410,23,16,1631,2014,225771.0,0.0,0.579058,1.6558110000000001,BGR,AZE,8413
2762411,28,16,1631,2014,412116.0,0.0,0.874108,0.676231,BLR,AZE,8413
2762412,29,16,1631,2014,38175.0,0.0,-0.324446,-0.552126,BLZ,AZE,8413
2762413,32,16,1631,2014,1617.0,0.0,0.218223,0.556921,BRA,AZE,8413
2762414,39,16,1631,2014,487362.0,0.0,0.671395,1.024683,CAN,AZE,8413
2762415,41,16,1631,2014,1079658.0,0.0,2.2000919999999997,0.65398,CHE,AZE,8413
2762416,43,16,1631,2014,4674525.0,0.0,1.187557,1.222085,CHN,AZE,8413
2762417,59,16,1631,2014,447808.0,0.0,1.8105830000000003,0.131131,CZE,AZE,8413
2762418,61,16,1631,2014,8336981.0,5430.0,2.052849,-2.888805,DEU,AZE,8413
2762419,64,16,1631,2014,505098.0,63308.0,1.10869,1.245193,DNK,AZE,8413
2762420,68,16,1631,2014,3902.0,0.0,-0.086866,1.7419669999999998,EGY,AZE,8413
2762421,71,16,1631,2014,906660.0,0.0,0.842147,2.45692,ESP,AZE,8413
2762422,74,16,1631,2014,628207.0,0.0,1.626355,1.002923,FIN,AZE,8413
2762423,77,16,1631,2014,2152653.0,103173.0,1.4817790000000002,0.30995,FRA,AZE,8413
2762424,81,16,1631,2014,13555904.0,1022220.0,1.697964,0.585372,GBR,AZE,8413
2762425,82,16,1631,2014,61963.0,139465.0,-0.254106,-0.646584,GEO,AZE,8413
2762426,90,16,1631,2014,1886.0,0.0,0.149337,0.8560540000000001,GRC,AZE,8413
2762427,97,16,1631,2014,1045.0,0.0,0.812132,1.722493,HKG,AZE,8413
2762428,100,16,1631,2014,248426.0,0.0,0.804401,1.250807,HRV,AZE,8413
2762429,102,16,1631,2014,38872.0,0.0,1.477093,0.812869,HUN,AZE,8413
2762430,104,16,1631,2014,16915.0,0.0,0.262042,2.6305080000000003,IND,AZE,8413
2762431,106,16,1631,2014,122013.0,0.0,1.2658399999999999,0.278546,IRL,AZE,8413
2762432,107,16,1631,2014,29942.0,55404.0,-0.361058,-0.312743,IRN,AZE,8413
2762433,110,16,1631,2014,3571.0,0.0,1.211141,0.64523,ISR,AZE,8413
2762434,111,16,1631,2014,4086123.0,7474.0,1.340136,0.43931099999999995,ITA,AZE,8413
2762435,114,16,1631,2014,178028.0,0.0,2.403165,-0.635024,JPN,AZE,8413
2762436,115,16,1631,2014,351022.0,322082.0,-0.210431,-0.574075,KAZ,AZE,8413
2762437,121,16,1631,2014,499814.0,0.0,1.817145,0.8394530000000001,KOR,AZE,8413
2762438,130,16,1631,2014,112497.0,0.0,0.764495,1.3451540000000002,LTU,AZE,8413
2762439,131,16,1631,2014,323914.0,0.0,1.243845,1.155474,LUX,AZE,8413
2762440,132,16,1631,2014,20381.0,0.0,0.613116,1.1899790000000001,LVA,AZE,8413
2762441,135,16,1631,2014,31180.0,0.0,-0.10438199999999999,-0.093194,MDA,AZE,8413
2762442,138,16,1631,2014,18113.0,0.0,1.0799729999999998,0.697554,MEX,AZE,8413
2762443,153,16,1631,2014,1935.0,0.0,1.018138,0.774649,MYS,AZE,8413
2762444,162,16,1631,2014,5149985.0,7413.0,1.179325,1.355071,NLD,AZE,8413
2762445,163,16,1631,2014,483851.0,505055.0,0.9187049999999999,0.182685,NOR,AZE,8413
2762446,166,16,1631,2014,1352.0,0.0,0.272502,0.21628699999999998,NZL,AZE,8413
2762447,169,16,1631,2014,33503.0,0.0,0.771742,0.9873190000000001,PAN,AZE,8413
2762448,177,16,1631,2014,281461.0,0.0,1.133102,1.177165,POL,AZE,8413
2762449,179,16,1631,2014,5878.0,0.0,0.621053,2.349644,PRT,AZE,8413
2762450,185,16,1631,2014,28196.0,3955.0,0.9112,1.188161,ROU,AZE,8413
2762451,186,16,1631,2014,8334480.0,190502.0,0.229422,-0.214856,RUS,AZE,8413
2762452,192,16,1631,2014,1596942.0,0.0,1.867492,0.626736,SGP,AZE,8413
2762453,201,16,1631,2014,0.0,1188.0,0.551635,1.211535,SRB,AZE,8413
2762454,206,16,1631,2014,1149.0,0.0,1.334959,0.821253,SVK,AZE,8413
2762455,207,16,1631,2014,6334.0,0.0,1.6558669999999998,0.6814399999999999,SVN,AZE,8413
2762456,208,16,1631,2014,135306.0,0.0,1.817752,0.558474,SWE,AZE,8413
2762457,219,16,1631,2014,0.0,281539.0,-1.217897,-1.184131,TKM,AZE,8413
2762458,224,16,1631,2014,13851805.0,4000.0,0.554761,2.385693,TUR,AZE,8413
2762459,228,16,1631,2014,2217946.0,0.0,0.566535,0.832267,UKR,AZE,8413
2762460,231,16,1631,2014,10289097.0,135000.0,1.61227,0.068905,USA,AZE,8413
2762461,232,16,1631,2014,3319.0,0.0,-0.407623,-0.37150700000000003,UZB,AZE,8413
2762462,246,16,1631,2014,5743.0,0.0,0.282927,1.723214,ZAF,AZE,8413
2762463,249,16,1631,2014,591.0,0.0,1.9044189999999999,1.0595139999999998,TWN,AZE,8413
2762464,7,19,1631,2014,40875.0,0.0,0.087775,-0.289459,ARE,BEN,8413
2762465,15,19,1631,2014,38887.0,0.0,1.7116790000000002,-0.140232,AUT,BEN,8413
2762466,18,19,1631,2014,199826.0,0.0,1.234156,1.226441,BEL,BEN,8413
2762467,21,19,1631,2014,2610.0,5328.0,-0.922401,-0.9554379999999999,BFA,BEN,8413
2762468,39,19,1631,2014,11876.0,0.0,0.671395,1.024683,CAN,BEN,8413
2762469,41,19,1631,2014,32637.0,0.0,2.2000919999999997,0.65398,CHE,BEN,8413
2762470,43,19,1631,2014,1076328.0,0.0,1.187557,1.222085,CHN,BEN,8413
2762471,44,19,1631,2014,6876.0,0.0,-0.737625,-0.768728,CIV,BEN,8413
2762472,49,19,1631,2014,0.0,1475.0,0.19864500000000002,-0.378364,COL,BEN,8413
2762473,61,19,1631,2014,117330.0,0.0,2.052849,-2.888805,DEU,BEN,8413
2762474,64,19,1631,2014,3977.0,0.0,1.10869,1.245193,DNK,BEN,8413
2762475,68,19,1631,2014,0.0,243773.0,-0.086866,1.7419669999999998,EGY,BEN,8413
2762476,71,19,1631,2014,42622.0,0.0,0.842147,2.45692,ESP,BEN,8413
2762477,72,19,1631,2014,5965.0,0.0,0.9147780000000001,1.151556,EST,BEN,8413
2762478,77,19,1631,2014,1877910.0,1277.0,1.4817790000000002,0.30995,FRA,BEN,8413
2762479,80,19,1631,2014,0.0,771199.0,-1.625474,-1.135973,GAB,BEN,8413
2762480,81,19,1631,2014,7245.0,1056.0,1.697964,0.585372,GBR,BEN,8413
2762481,104,19,1631,2014,115474.0,0.0,0.262042,2.6305080000000003,IND,BEN,8413
2762482,111,19,1631,2014,407327.0,0.0,1.340136,0.43931099999999995,ITA,BEN,8413
2762483,114,19,1631,2014,91554.0,0.0,2.403165,-0.635024,JPN,BEN,8413
2762484,121,19,1631,2014,1821.0,0.0,1.817145,0.8394530000000001,KOR,BEN,8413
2762485,122,19,1631,2014,1101.0,0.0,-0.769616,-1.10667,KWT,BEN,8413
2762486,124,19,1631,2014,43681.0,0.0,0.308677,1.7564490000000001,LBN,BEN,8413
2762487,159,19,1631,2014,2503.0,0.0,-1.2126430000000001,-1.059697,NGA,BEN,8413
2762488,162,19,1631,2014,114449.0,145601.0,1.179325,1.355071,NLD,BEN,8413
2762489,163,19,1631,2014,13748.0,0.0,0.9187049999999999,0.182685,NOR,BEN,8413
2762490,188,19,1631,2014,170050.0,0.0,0.5758439999999999,-0.832692,SAU,BEN,8413
2762491,192,19,1631,2014,60914.0,0.0,1.867492,0.626736,SGP,BEN,8413
2762492,212,19,1631,2014,6751.0,0.0,-0.366224,0.9054719999999999,SYR,BEN,8413
2762493,215,19,1631,2014,19022.0,85132.0,-0.524103,-0.537643,TGO,BEN,8413
2762494,224,19,1631,2014,2864.0,0.0,0.554761,2.385693,TUR,BEN,8413
2762495,228,19,1631,2014,20984.0,0.0,0.566535,0.832267,UKR,BEN,8413
2762496,231,19,1631,2014,334549.0,945.0,1.61227,0.068905,USA,BEN,8413
2762497,246,19,1631,2014,133695.0,0.0,0.282927,1.723214,ZAF,BEN,8413
2762498,249,19,1631,2014,8403.0,0.0,1.9044189999999999,1.0595139999999998,TWN,BEN,8413
2762499,4,23,1631,2014,0.0,96812.0,-0.476024,-0.33978400000000003,ALB,BGR,8413
2762500,7,23,1631,2014,22988.0,279319.0,0.087775,-0.289459,ARE,BGR,8413
2762501,8,23,1631,2014,2353.0,24430.0,0.10691500000000001,0.44860600000000006,ARG,BGR,8413
2762502,9,23,1631,2014,0.0,270429.0,-0.198322,-0.5918680000000001,ARM,BGR,8413
2762503,14,23,1631,2014,133735.0,250695.0,-0.398273,-0.17128,AUS,BGR,8413
2762504,15,23,1631,2014,1756353.0,244051.0,1.7116790000000002,-0.140232,AUT,BGR,8413
2762505,16,23,1631,2014,0.0,225771.0,-0.909508,-1.165158,AZE,BGR,8413
2762506,18,23,1631,2014,2423455.0,418013.0,1.234156,1.226441,BEL,BGR,8413
2762507,26,23,1631,2014,0.0,16557.0,0.5083300000000001,0.711704,BIH,BGR,8413
2762508,28,23,1631,2014,96957.0,138955.0,0.874108,0.676231,BLR,BGR,8413
2762509,31,23,1631,2014,0.0,10628.0,-1.129494,-1.030198,BOL,BGR,8413
2762510,32,23,1631,2014,0.0,581602.0,0.218223,0.556921,BRA,BGR,8413
2762511,39,23,1631,2014,76743.0,406594.0,0.671395,1.024683,CAN,BGR,8413
2762512,41,23,1631,2014,5370562.0,460285.0,2.2000919999999997,0.65398,CHE,BGR,8413
2762513,42,23,1631,2014,0.0,3722.0,-0.344671,-0.43380799999999997,CHL,BGR,8413
2762514,43,23,1631,2014,4104917.0,1072150.0,1.187557,1.222085,CHN,BGR,8413
2762515,44,23,1631,2014,0.0,3328.0,-0.737625,-0.768728,CIV,BGR,8413
2762516,45,23,1631,2014,0.0,3197.0,-0.6723520000000001,-0.945084,CMR,BGR,8413
2762517,49,23,1631,2014,0.0,29933.0,0.19864500000000002,-0.378364,COL,BGR,8413
2762518,54,23,1631,2014,0.0,2203.0,-0.476786,-0.952291,CUB,BGR,8413
2762519,58,23,1631,2014,11611.0,10827.0,0.627467,0.483725,CYP,BGR,8413
2762520,59,23,1631,2014,999607.0,233744.0,1.8105830000000003,0.131131,CZE,BGR,8413
2762521,61,23,1631,2014,49576279.0,71575295.0,2.052849,-2.888805,DEU,BGR,8413
2762522,64,23,1631,2014,166507.0,68154.0,1.10869,1.245193,DNK,BGR,8413
2762523,65,23,1631,2014,0.0,8172.0,-0.180845,0.508512,DOM,BGR,8413
2762524,66,23,1631,2014,0.0,224785.0,-1.5554649999999999,-1.1657030000000002,DZA,BGR,8413
2762525,67,23,1631,2014,0.0,18768.0,-1.066865,-1.052921,ECU,BGR,8413
2762526,68,23,1631,2014,1926.0,123362.0,-0.086866,1.7419669999999998,EGY,BGR,8413
2762527,71,23,1631,2014,2878064.0,439222.0,0.842147,2.45692,ESP,BGR,8413
2762528,72,23,1631,2014,3633.0,19998.0,0.9147780000000001,1.151556,EST,BGR,8413
2762529,74,23,1631,2014,483542.0,333287.0,1.626355,1.002923,FIN,BGR,8413
2762530,77,23,1631,2014,1511802.0,1130125.0,1.4817790000000002,0.30995,FRA,BGR,8413
2762531,81,23,1631,2014,4342961.0,198712.0,1.697964,0.585372,GBR,BGR,8413
2762532,82,23,1631,2014,0.0,122992.0,-0.254106,-0.646584,GEO,BGR,8413
2762533,90,23,1631,2014,558455.0,506685.0,0.149337,0.8560540000000001,GRC,BGR,8413
2762534,97,23,1631,2014,40962.0,0.0,0.812132,1.722493,HKG,BGR,8413
2762535,100,23,1631,2014,195336.0,125821.0,0.804401,1.250807,HRV,BGR,8413
2762536,102,23,1631,2014,4143646.0,285057.0,1.477093,0.812869,HUN,BGR,8413
2762537,103,23,1631,2014,0.0,71484.0,-0.088032,1.3966459999999998,IDN,BGR,8413
2762538,104,23,1631,2014,114207.0,589891.0,0.262042,2.6305080000000003,IND,BGR,8413
2762539,106,23,1631,2014,12670.0,50755.0,1.2658399999999999,0.278546,IRL,BGR,8413
2762540,107,23,1631,2014,0.0,17705.0,-0.361058,-0.312743,IRN,BGR,8413
2762541,109,23,1631,2014,0.0,2811.0,0.127891,-0.302014,ISL,BGR,8413
2762542,110,23,1631,2014,5518.0,22956.0,1.211141,0.64523,ISR,BGR,8413
2762543,111,23,1631,2014,10347576.0,9620700.0,1.340136,0.43931099999999995,ITA,BGR,8413
2762544,113,23,1631,2014,0.0,10411.0,0.210208,0.48732299999999995,JOR,BGR,8413
2762545,114,23,1631,2014,212455.0,396470.0,2.403165,-0.635024,JPN,BGR,8413
2762546,115,23,1631,2014,0.0,118741.0,-0.210431,-0.574075,KAZ,BGR,8413
2762547,121,23,1631,2014,393568.0,179502.0,1.817145,0.8394530000000001,KOR,BGR,8413
2762548,122,23,1631,2014,0.0,21474.0,-0.769616,-1.10667,KWT,BGR,8413
2762549,124,23,1631,2014,108214.0,136638.0,0.308677,1.7564490000000001,LBN,BGR,8413
2762550,126,23,1631,2014,0.0,4762.0,-1.5943829999999999,-1.189961,LBY,BGR,8413
2762551,130,23,1631,2014,320153.0,87866.0,0.764495,1.3451540000000002,LTU,BGR,8413
2762552,131,23,1631,2014,64104.0,0.0,1.243845,1.155474,LUX,BGR,8413
2762553,132,23,1631,2014,35743.0,60937.0,0.613116,1.1899790000000001,LVA,BGR,8413
2762554,134,23,1631,2014,0.0,74237.0,-0.574034,0.065788,MAR,BGR,8413
2762555,135,23,1631,2014,6250.0,119460.0,-0.10438199999999999,-0.093194,MDA,BGR,8413
2762556,136,23,1631,2014,0.0,970.0,-1.002122,-0.44446,MDG,BGR,8413
2762557,138,23,1631,2014,0.0,1731200.0,1.0799729999999998,0.697554,MEX,BGR,8413
2762558,140,23,1631,2014,38149.0,945062.0,-0.039799,-0.05545,MKD,BGR,8413
2762559,143,23,1631,2014,0.0,45451.0,-1.5332459999999999,-1.145973,MMR,BGR,8413
2762560,144,23,1631,2014,0.0,18791.0,-0.17039100000000001,-0.21762399999999998,MNE,BGR,8413
2762561,145,23,1631,2014,0.0,1629.0,-1.425524,-1.161949,MNG,BGR,8413
2762562,151,23,1631,2014,0.0,717.0,-0.029891,-0.12431099999999999,MUS,BGR,8413
2762563,153,23,1631,2014,0.0,113080.0,1.018138,0.774649,MYS,BGR,8413
2762564,155,23,1631,2014,0.0,153223.0,-0.428227,-0.5632229999999999,NAM,BGR,8413
2762565,159,23,1631,2014,0.0,1064.0,-1.2126430000000001,-1.059697,NGA,BGR,8413
2762566,162,23,1631,2014,2311492.0,391848.0,1.179325,1.355071,NLD,BGR,8413
2762567,163,23,1631,2014,16185.0,125367.0,0.9187049999999999,0.182685,NOR,BGR,8413
2762568,166,23,1631,2014,0.0,18752.0,0.272502,0.21628699999999998,NZL,BGR,8413
2762569,168,23,1631,2014,0.0,287270.0,-0.672924,0.566787,PAK,BGR,8413
2762570,173,23,1631,2014,0.0,41119.0,-0.557833,0.611826,PER,BGR,8413
2762571,177,23,1631,2014,1710860.0,684536.0,1.133102,1.177165,POL,BGR,8413
2762572,179,23,1631,2014,19739.0,115558.0,0.621053,2.349644,PRT,BGR,8413
2762573,181,23,1631,2014,0.0,1811.0,0.030643,0.601905,PSE,BGR,8413
2762574,183,23,1631,2014,0.0,52542.0,-0.37535599999999997,-1.0196370000000001,QAT,BGR,8413
2762575,185,23,1631,2014,5547982.0,1259434.0,0.9112,1.188161,ROU,BGR,8413
2762576,186,23,1631,2014,1910667.0,3707241.0,0.229422,-0.214856,RUS,BGR,8413
2762577,188,23,1631,2014,0.0,819965.0,0.5758439999999999,-0.832692,SAU,BGR,8413
2762578,191,23,1631,2014,0.0,7418.0,-0.502607,-0.08866,SEN,BGR,8413
2762579,192,23,1631,2014,3084.0,57039.0,1.867492,0.626736,SGP,BGR,8413
2762580,196,23,1631,2014,0.0,1006.0,-0.9228569999999999,-0.791482,SLE,BGR,8413
2762581,197,23,1631,2014,0.0,3368.0,0.08653999999999999,0.29088600000000003,SLV,BGR,8413
2762582,201,23,1631,2014,290858.0,1602210.0,0.551635,1.211535,SRB,BGR,8413
2762583,206,23,1631,2014,7125917.0,31775.0,1.334959,0.821253,SVK,BGR,8413
2762584,207,23,1631,2014,275696.0,83639.0,1.6558669999999998,0.6814399999999999,SVN,BGR,8413
2762585,208,23,1631,2014,3697394.0,35045.0,1.817752,0.558474,SWE,BGR,8413
2762586,212,23,1631,2014,0.0,62933.0,-0.366224,0.9054719999999999,SYR,BGR,8413
2762587,216,23,1631,2014,157815.0,133001.0,0.977094,1.41283,THA,BGR,8413
2762588,219,23,1631,2014,0.0,69410.0,-1.217897,-1.184131,TKM,BGR,8413
2762589,223,23,1631,2014,0.0,119001.0,0.343449,1.118007,TUN,BGR,8413
2762590,224,23,1631,2014,2670606.0,946461.0,0.554761,2.385693,TUR,BGR,8413
2762591,226,23,1631,2014,0.0,2984.0,-1.054331,0.166345,TZA,BGR,8413
2762592,228,23,1631,2014,461362.0,378981.0,0.566535,0.832267,UKR,BGR,8413
2762593,231,23,1631,2014,858421.0,15189758.0,1.61227,0.068905,USA,BGR,8413
2762594,232,23,1631,2014,0.0,27440.0,-0.407623,-0.37150700000000003,UZB,BGR,8413
2762595,239,23,1631,2014,0.0,20256.0,-0.023765,1.344416,VNM,BGR,8413
2762596,243,23,1631,2014,0.0,12626.0,-1.2829190000000001,-1.227373,YEM,BGR,8413
2762597,246,23,1631,2014,2613.0,165726.0,0.282927,1.723214,ZAF,BGR,8413
2762598,249,23,1631,2014,227385.0,67367.0,1.9044189999999999,1.0595139999999998,TWN,BGR,8413
2762599,7,24,1631,2014,9336468.0,508754.0,0.087775,-0.289459,ARE,BHR,8413
2762600,14,24,1631,2014,332782.0,213633.0,-0.398273,-0.17128,AUS,BHR,8413
2762601,15,24,1631,2014,319689.0,0.0,1.7116790000000002,-0.140232,AUT,BHR,8413
2762602,18,24,1631,2014,729831.0,14822.0,1.234156,1.226441,BEL,BHR,8413
2762603,32,24,1631,2014,53522.0,0.0,0.218223,0.556921,BRA,BHR,8413
2762604,39,24,1631,2014,225234.0,0.0,0.671395,1.024683,CAN,BHR,8413
2762605,41,24,1631,2014,216196.0,230111.0,2.2000919999999997,0.65398,CHE,BHR,8413
2762606,43,24,1631,2014,1579082.0,0.0,1.187557,1.222085,CHN,BHR,8413
2762607,59,24,1631,2014,216769.0,0.0,1.8105830000000003,0.131131,CZE,BHR,8413
2762608,61,24,1631,2014,2693724.0,16455.0,2.052849,-2.888805,DEU,BHR,8413
2762609,64,24,1631,2014,951609.0,0.0,1.10869,1.245193,DNK,BHR,8413
2762610,68,24,1631,2014,53629.0,0.0,-0.086866,1.7419669999999998,EGY,BHR,8413
2762611,71,24,1631,2014,480631.0,4088.0,0.842147,2.45692,ESP,BHR,8413
2762612,72,24,1631,2014,3170.0,0.0,0.9147780000000001,1.151556,EST,BHR,8413
2762613,74,24,1631,2014,14599.0,0.0,1.626355,1.002923,FIN,BHR,8413
2762614,77,24,1631,2014,834493.0,91596.0,1.4817790000000002,0.30995,FRA,BHR,8413
2762615,81,24,1631,2014,2900624.0,2642.0,1.697964,0.585372,GBR,BHR,8413
2762616,82,24,1631,2014,1478.0,0.0,-0.254106,-0.646584,GEO,BHR,8413
2762617,90,24,1631,2014,11695.0,0.0,0.149337,0.8560540000000001,GRC,BHR,8413
2762618,97,24,1631,2014,18257.0,54874.0,0.812132,1.722493,HKG,BHR,8413
2762619,102,24,1631,2014,485107.0,0.0,1.477093,0.812869,HUN,BHR,8413
2762620,103,24,1631,2014,5411.0,0.0,-0.088032,1.3966459999999998,IDN,BHR,8413
2762621,104,24,1631,2014,1490971.0,16776.0,0.262042,2.6305080000000003,IND,BHR,8413
2762622,106,24,1631,2014,128293.0,0.0,1.2658399999999999,0.278546,IRL,BHR,8413
2762623,107,24,1631,2014,1199.0,0.0,-0.361058,-0.312743,IRN,BHR,8413
2762624,111,24,1631,2014,5047270.0,43403.0,1.340136,0.43931099999999995,ITA,BHR,8413
2762625,114,24,1631,2014,4853979.0,0.0,2.403165,-0.635024,JPN,BHR,8413
2762626,121,24,1631,2014,457166.0,0.0,1.817145,0.8394530000000001,KOR,BHR,8413
2762627,122,24,1631,2014,35524.0,236567.0,-0.769616,-1.10667,KWT,BHR,8413
2762628,124,24,1631,2014,38272.0,0.0,0.308677,1.7564490000000001,LBN,BHR,8413
2762629,131,24,1631,2014,237751.0,0.0,1.243845,1.155474,LUX,BHR,8413
2762630,132,24,1631,2014,0.0,23452.0,0.613116,1.1899790000000001,LVA,BHR,8413
2762631,138,24,1631,2014,123632.0,0.0,1.0799729999999998,0.697554,MEX,BHR,8413
2762632,142,24,1631,2014,99451.0,0.0,0.817013,0.0016309999999999999,MLT,BHR,8413
2762633,153,24,1631,2014,15979.0,2948.0,1.018138,0.774649,MYS,BHR,8413
2762634,162,24,1631,2014,726599.0,0.0,1.179325,1.355071,NLD,BHR,8413
2762635,163,24,1631,2014,25043.0,0.0,0.9187049999999999,0.182685,NOR,BHR,8413
2762636,166,24,1631,2014,1394.0,0.0,0.272502,0.21628699999999998,NZL,BHR,8413
2762637,167,24,1631,2014,79710.0,23613.0,-0.505129,-1.0051370000000002,OMN,BHR,8413
2762638,174,24,1631,2014,0.0,5297.0,0.637442,0.475883,PHL,BHR,8413
2762639,177,24,1631,2014,33165.0,0.0,1.133102,1.177165,POL,BHR,8413
2762640,179,24,1631,2014,20846.0,0.0,0.621053,2.349644,PRT,BHR,8413
2762641,183,24,1631,2014,0.0,686503.0,-0.37535599999999997,-1.0196370000000001,QAT,BHR,8413
2762642,185,24,1631,2014,262008.0,0.0,0.9112,1.188161,ROU,BHR,8413
2762643,186,24,1631,2014,1313.0,0.0,0.229422,-0.214856,RUS,BHR,8413
2762644,188,24,1631,2014,3221368.0,2365534.0,0.5758439999999999,-0.832692,SAU,BHR,8413
2762645,190,24,1631,2014,0.0,1293.0,-1.442381,-1.1155030000000001,SDN,BHR,8413
2762646,192,24,1631,2014,180175.0,0.0,1.867492,0.626736,SGP,BHR,8413
2762647,206,24,1631,2014,32250.0,0.0,1.334959,0.821253,SVK,BHR,8413
2762648,208,24,1631,2014,297255.0,0.0,1.817752,0.558474,SWE,BHR,8413
2762649,209,24,1631,2014,1149.0,0.0,0.22972199999999998,-0.365564,SWZ,BHR,8413
2762650,216,24,1631,2014,102629.0,0.0,0.977094,1.41283,THA,BHR,8413
2762651,223,24,1631,2014,21603.0,0.0,0.343449,1.118007,TUN,BHR,8413
2762652,224,24,1631,2014,580652.0,37057.0,0.554761,2.385693,TUR,BHR,8413
2762653,231,24,1631,2014,7966339.0,32140.0,1.61227,0.068905,USA,BHR,8413
2762654,243,24,1631,2014,0.0,80088.0,-1.2829190000000001,-1.227373,YEM,BHR,8413
2762655,246,24,1631,2014,21055.0,0.0,0.282927,1.723214,ZAF,BHR,8413
2762656,249,24,1631,2014,161885.0,0.0,1.9044189999999999,1.0595139999999998,TWN,BHR,8413
2762657,250,24,1631,2014,365040.0,0.0,0.506842,0.049545,ANS,BHR,8413
2762658,7,26,1631,2014,0.0,139267.0,0.087775,-0.289459,ARE,BIH,8413
2762659,8,26,1631,2014,0.0,12977.0,0.10691500000000001,0.44860600000000006,ARG,BIH,8413
2762660,14,26,1631,2014,0.0,14722.0,-0.398273,-0.17128,AUS,BIH,8413
2762661,15,26,1631,2014,1077997.0,321289.0,1.7116790000000002,-0.140232,AUT,BIH,8413
2762662,18,26,1631,2014,108193.0,3563.0,1.234156,1.226441,BEL,BIH,8413
2762663,23,26,1631,2014,16557.0,0.0,0.579058,1.6558110000000001,BGR,BIH,8413
2762664,28,26,1631,2014,47700.0,0.0,0.874108,0.676231,BLR,BIH,8413
2762665,32,26,1631,2014,618.0,12539.0,0.218223,0.556921,BRA,BIH,8413
2762666,39,26,1631,2014,30610.0,14062.0,0.671395,1.024683,CAN,BIH,8413
2762667,41,26,1631,2014,44561.0,46163.0,2.2000919999999997,0.65398,CHE,BIH,8413
2762668,42,26,1631,2014,0.0,11617.0,-0.344671,-0.43380799999999997,CHL,BIH,8413
2762669,43,26,1631,2014,4061358.0,22713.0,1.187557,1.222085,CHN,BIH,8413
2762670,49,26,1631,2014,0.0,9848.0,0.19864500000000002,-0.378364,COL,BIH,8413
2762671,59,26,1631,2014,100710.0,1378.0,1.8105830000000003,0.131131,CZE,BIH,8413
2762672,61,26,1631,2014,2931690.0,6534174.0,2.052849,-2.888805,DEU,BIH,8413
2762673,64,26,1631,2014,43401.0,0.0,1.10869,1.245193,DNK,BIH,8413
2762674,66,26,1631,2014,0.0,189978.0,-1.5554649999999999,-1.1657030000000002,DZA,BIH,8413
2762675,68,26,1631,2014,0.0,146529.0,-0.086866,1.7419669999999998,EGY,BIH,8413
2762676,71,26,1631,2014,265510.0,100100.0,0.842147,2.45692,ESP,BIH,8413
2762677,74,26,1631,2014,112624.0,0.0,1.626355,1.002923,FIN,BIH,8413
2762678,77,26,1631,2014,118920.0,68042.0,1.4817790000000002,0.30995,FRA,BIH,8413
2762679,81,26,1631,2014,90529.0,7673.0,1.697964,0.585372,GBR,BIH,8413
2762680,90,26,1631,2014,4376.0,7320.0,0.149337,0.8560540000000001,GRC,BIH,8413
2762681,97,26,1631,2014,17962.0,0.0,0.812132,1.722493,HKG,BIH,8413
2762682,100,26,1631,2014,2372287.0,250176.0,0.804401,1.250807,HRV,BIH,8413
2762683,102,26,1631,2014,935018.0,12590.0,1.477093,0.812869,HUN,BIH,8413
2762684,103,26,1631,2014,0.0,5869.0,-0.088032,1.3966459999999998,IDN,BIH,8413
2762685,104,26,1631,2014,33915.0,0.0,0.262042,2.6305080000000003,IND,BIH,8413
2762686,106,26,1631,2014,6418.0,2844.0,1.2658399999999999,0.278546,IRL,BIH,8413
2762687,107,26,1631,2014,0.0,209080.0,-0.361058,-0.312743,IRN,BIH,8413
2762688,110,26,1631,2014,632.0,0.0,1.211141,0.64523,ISR,BIH,8413
2762689,111,26,1631,2014,2003070.0,313691.0,1.340136,0.43931099999999995,ITA,BIH,8413
2762690,114,26,1631,2014,21067.0,4233.0,2.403165,-0.635024,JPN,BIH,8413
2762691,115,26,1631,2014,9518.0,0.0,-0.210431,-0.574075,KAZ,BIH,8413
2762692,121,26,1631,2014,49121.0,6851.0,1.817145,0.8394530000000001,KOR,BIH,8413
2762693,122,26,1631,2014,0.0,9481.0,-0.769616,-1.10667,KWT,BIH,8413
2762694,126,26,1631,2014,0.0,7107.0,-1.5943829999999999,-1.189961,LBY,BIH,8413
2762695,131,26,1631,2014,6981.0,0.0,1.243845,1.155474,LUX,BIH,8413
2762696,134,26,1631,2014,0.0,17577.0,-0.574034,0.065788,MAR,BIH,8413
2762697,138,26,1631,2014,20467.0,0.0,1.0799729999999998,0.697554,MEX,BIH,8413
2762698,140,26,1631,2014,70725.0,89205.0,-0.039799,-0.05545,MKD,BIH,8413
2762699,144,26,1631,2014,1942.0,285441.0,-0.17039100000000001,-0.21762399999999998,MNE,BIH,8413
2762700,153,26,1631,2014,0.0,7495.0,1.018138,0.774649,MYS,BIH,8413
2762701,162,26,1631,2014,521775.0,25488.0,1.179325,1.355071,NLD,BIH,8413
2762702,173,26,1631,2014,0.0,11046.0,-0.557833,0.611826,PER,BIH,8413
2762703,177,26,1631,2014,702689.0,1359.0,1.133102,1.177165,POL,BIH,8413
2762704,179,26,1631,2014,280.0,0.0,0.621053,2.349644,PRT,BIH,8413
2762705,180,26,1631,2014,0.0,6087.0,-0.608509,-0.930679,PRY,BIH,8413
2762706,185,26,1631,2014,1613.0,0.0,0.9112,1.188161,ROU,BIH,8413
2762707,186,26,1631,2014,23355.0,17993.0,0.229422,-0.214856,RUS,BIH,8413
2762708,188,26,1631,2014,0.0,37859.0,0.5758439999999999,-0.832692,SAU,BIH,8413
2762709,192,26,1631,2014,750.0,7673.0,1.867492,0.626736,SGP,BIH,8413
2762710,201,26,1631,2014,2893308.0,637459.0,0.551635,1.211535,SRB,BIH,8413
2762711,206,26,1631,2014,54631.0,0.0,1.334959,0.821253,SVK,BIH,8413
2762712,207,26,1631,2014,2676545.0,296656.0,1.6558669999999998,0.6814399999999999,SVN,BIH,8413
2762713,208,26,1631,2014,718260.0,0.0,1.817752,0.558474,SWE,BIH,8413
2762714,216,26,1631,2014,4900.0,0.0,0.977094,1.41283,THA,BIH,8413
2762715,223,26,1631,2014,0.0,3955.0,0.343449,1.118007,TUN,BIH,8413
2762716,224,26,1631,2014,311763.0,3099965.0,0.554761,2.385693,TUR,BIH,8413
2762717,226,26,1631,2014,0.0,792.0,-1.054331,0.166345,TZA,BIH,8413
2762718,228,26,1631,2014,69576.0,3256.0,0.566535,0.832267,UKR,BIH,8413
2762719,231,26,1631,2014,430890.0,6122.0,1.61227,0.068905,USA,BIH,8413
2762720,246,26,1631,2014,0.0,17730.0,0.282927,1.723214,ZAF,BIH,8413
2762721,249,26,1631,2014,3181.0,0.0,1.9044189999999999,1.0595139999999998,TWN,BIH,8413
2762722,2,28,1631,2014,0.0,20863.0,-1.8184900000000002,-1.149191,AGO,BLR,8413
2762723,7,28,1631,2014,23566.0,15859.0,0.087775,-0.289459,ARE,BLR,8413
2762724,8,28,1631,2014,0.0,4031.0,0.10691500000000001,0.44860600000000006,ARG,BLR,8413
2762725,9,28,1631,2014,0.0,155640.0,-0.198322,-0.5918680000000001,ARM,BLR,8413
2762726,14,28,1631,2014,2183.0,4633.0,-0.398273,-0.17128,AUS,BLR,8413
2762727,15,28,1631,2014,1949658.0,5322.0,1.7116790000000002,-0.140232,AUT,BLR,8413
2762728,16,28,1631,2014,0.0,412116.0,-0.909508,-1.165158,AZE,BLR,8413
2762729,18,28,1631,2014,1481235.0,3079.0,1.234156,1.226441,BEL,BLR,8413
2762730,23,28,1631,2014,138955.0,96957.0,0.579058,1.6558110000000001,BGR,BLR,8413
2762731,26,28,1631,2014,0.0,47700.0,0.5083300000000001,0.711704,BIH,BLR,8413
2762732,32,28,1631,2014,28212.0,4433.0,0.218223,0.556921,BRA,BLR,8413
2762733,39,28,1631,2014,0.0,3049.0,0.671395,1.024683,CAN,BLR,8413
2762734,41,28,1631,2014,52077.0,10655.0,2.2000919999999997,0.65398,CHE,BLR,8413
2762735,43,28,1631,2014,11094578.0,701821.0,1.187557,1.222085,CHN,BLR,8413
2762736,47,28,1631,2014,0.0,1042.0,-1.371624,-1.12468,COG,BLR,8413
2762737,54,28,1631,2014,0.0,418718.0,-0.476786,-0.952291,CUB,BLR,8413
2762738,59,28,1631,2014,12898637.0,325954.0,1.8105830000000003,0.131131,CZE,BLR,8413
2762739,61,28,1631,2014,32473568.0,23821.0,2.052849,-2.888805,DEU,BLR,8413
2762740,64,28,1631,2014,514623.0,0.0,1.10869,1.245193,DNK,BLR,8413
2762741,66,28,1631,2014,0.0,1474.0,-1.5554649999999999,-1.1657030000000002,DZA,BLR,8413
2762742,68,28,1631,2014,0.0,56001.0,-0.086866,1.7419669999999998,EGY,BLR,8413
2762743,71,28,1631,2014,2163625.0,4706.0,0.842147,2.45692,ESP,BLR,8413
2762744,72,28,1631,2014,54044.0,47262.0,0.9147780000000001,1.151556,EST,BLR,8413
2762745,73,28,1631,2014,0.0,1492.0,-1.296535,-1.045942,ETH,BLR,8413
2762746,74,28,1631,2014,586421.0,234663.0,1.626355,1.002923,FIN,BLR,8413
2762747,77,28,1631,2014,545940.0,0.0,1.4817790000000002,0.30995,FRA,BLR,8413
2762748,81,28,1631,2014,509997.0,6442.0,1.697964,0.585372,GBR,BLR,8413
2762749,82,28,1631,2014,0.0,432138.0,-0.254106,-0.646584,GEO,BLR,8413
2762750,85,28,1631,2014,0.0,1815.0,-1.628409,-1.202473,GIN,BLR,8413
2762751,90,28,1631,2014,0.0,5538.0,0.149337,0.8560540000000001,GRC,BLR,8413
2762752,102,28,1631,2014,453673.0,146684.0,1.477093,0.812869,HUN,BLR,8413
2762753,103,28,1631,2014,0.0,3214.0,-0.088032,1.3966459999999998,IDN,BLR,8413
2762754,104,28,1631,2014,5107.0,63787.0,0.262042,2.6305080000000003,IND,BLR,8413
2762755,106,28,1631,2014,8836.0,0.0,1.2658399999999999,0.278546,IRL,BLR,8413
2762756,107,28,1631,2014,1109.0,85463.0,-0.361058,-0.312743,IRN,BLR,8413
2762757,110,28,1631,2014,4416.0,0.0,1.211141,0.64523,ISR,BLR,8413
2762758,111,28,1631,2014,4257202.0,14318.0,1.340136,0.43931099999999995,ITA,BLR,8413
2762759,114,28,1631,2014,2454561.0,0.0,2.403165,-0.635024,JPN,BLR,8413
2762760,115,28,1631,2014,68384.0,4608578.0,-0.210431,-0.574075,KAZ,BLR,8413
2762761,117,28,1631,2014,0.0,78134.0,-0.31942600000000004,-0.012454,KGZ,BLR,8413
2762762,118,28,1631,2014,0.0,2214.0,-0.84072,-0.8307040000000001,KHM,BLR,8413
2762763,121,28,1631,2014,259901.0,6270.0,1.817145,0.8394530000000001,KOR,BLR,8413
2762764,130,28,1631,2014,12719757.0,625135.0,0.764495,1.3451540000000002,LTU,BLR,8413
2762765,131,28,1631,2014,37946.0,0.0,1.243845,1.155474,LUX,BLR,8413
2762766,132,28,1631,2014,1195319.0,361452.0,0.613116,1.1899790000000001,LVA,BLR,8413
2762767,135,28,1631,2014,49699.0,334125.0,-0.10438199999999999,-0.093194,MDA,BLR,8413
2762768,140,28,1631,2014,0.0,8093.0,-0.039799,-0.05545,MKD,BLR,8413
2762769,145,28,1631,2014,0.0,69795.0,-1.425524,-1.161949,MNG,BLR,8413
2762770,159,28,1631,2014,0.0,5041.0,-1.2126430000000001,-1.059697,NGA,BLR,8413
2762771,160,28,1631,2014,0.0,53999.0,-0.938269,-0.839066,NIC,BLR,8413
2762772,162,28,1631,2014,1815885.0,0.0,1.179325,1.355071,NLD,BLR,8413
2762773,168,28,1631,2014,0.0,19429.0,-0.672924,0.566787,PAK,BLR,8413
2762774,177,28,1631,2014,11606435.0,146719.0,1.133102,1.177165,POL,BLR,8413
2762775,185,28,1631,2014,136044.0,293556.0,0.9112,1.188161,ROU,BLR,8413
2762776,186,28,1631,2014,37948083.0,42238773.0,0.229422,-0.214856,RUS,BLR,8413
2762777,190,28,1631,2014,0.0,23073.0,-1.442381,-1.1155030000000001,SDN,BLR,8413
2762778,201,28,1631,2014,1498.0,106009.0,0.551635,1.211535,SRB,BLR,8413
2762779,206,28,1631,2014,150906.0,24073.0,1.334959,0.821253,SVK,BLR,8413
2762780,207,28,1631,2014,32378.0,0.0,1.6558669999999998,0.6814399999999999,SVN,BLR,8413
2762781,208,28,1631,2014,390216.0,0.0,1.817752,0.558474,SWE,BLR,8413
2762782,216,28,1631,2014,8950.0,0.0,0.977094,1.41283,THA,BLR,8413
2762783,217,28,1631,2014,0.0,86677.0,-0.706823,-0.993756,TJK,BLR,8413
2762784,219,28,1631,2014,7894.0,165250.0,-1.217897,-1.184131,TKM,BLR,8413
2762785,224,28,1631,2014,422989.0,7418.0,0.554761,2.385693,TUR,BLR,8413
2762786,228,28,1631,2014,6255581.0,2931192.0,0.566535,0.832267,UKR,BLR,8413
2762787,231,28,1631,2014,1554056.0,5880.0,1.61227,0.068905,USA,BLR,8413
2762788,232,28,1631,2014,0.0,953957.0,-0.407623,-0.37150700000000003,UZB,BLR,8413
2762789,236,28,1631,2014,0.0,332434.0,-0.582086,-1.081727,VEN,BLR,8413
2762790,239,28,1631,2014,0.0,163094.0,-0.023765,1.344416,VNM,BLR,8413
2762791,243,28,1631,2014,0.0,19635.0,-1.2829190000000001,-1.227373,YEM,BLR,8413
2762792,246,28,1631,2014,0.0,32125.0,0.282927,1.723214,ZAF,BLR,8413
2762793,249,28,1631,2014,23624.0,0.0,1.9044189999999999,1.0595139999999998,TWN,BLR,8413
2762794,250,28,1631,2014,2880.0,0.0,0.506842,0.049545,ANS,BLR,8413
2762795,7,38,1631,2014,33518.0,0.0,0.087775,-0.289459,ARE,CAF,8413
2762796,18,38,1631,2014,15102.0,0.0,1.234156,1.226441,BEL,CAF,8413
2762797,41,38,1631,2014,26388.0,0.0,2.2000919999999997,0.65398,CHE,CAF,8413
2762798,43,38,1631,2014,2008.0,0.0,1.187557,1.222085,CHN,CAF,8413
2762799,44,38,1631,2014,137770.0,0.0,-0.737625,-0.768728,CIV,CAF,8413
2762800,45,38,1631,2014,46628.0,0.0,-0.6723520000000001,-0.945084,CMR,CAF,8413
2762801,61,38,1631,2014,64274.0,0.0,2.052849,-2.888805,DEU,CAF,8413
2762802,64,38,1631,2014,97970.0,0.0,1.10869,1.245193,DNK,CAF,8413
2762803,77,38,1631,2014,1285232.0,0.0,1.4817790000000002,0.30995,FRA,CAF,8413
2762804,81,38,1631,2014,99868.0,0.0,1.697964,0.585372,GBR,CAF,8413
2762805,104,38,1631,2014,124584.0,0.0,0.262042,2.6305080000000003,IND,CAF,8413
2762806,111,38,1631,2014,80297.0,0.0,1.340136,0.43931099999999995,ITA,CAF,8413
2762807,124,38,1631,2014,23027.0,0.0,0.308677,1.7564490000000001,LBN,CAF,8413
2762808,162,38,1631,2014,34233.0,0.0,1.179325,1.355071,NLD,CAF,8413
2762809,190,38,1631,2014,0.0,417801.0,-1.442381,-1.1155030000000001,SDN,CAF,8413
2762810,216,38,1631,2014,5457.0,0.0,0.977094,1.41283,THA,CAF,8413
2762811,224,38,1631,2014,3288.0,0.0,0.554761,2.385693,TUR,CAF,8413
2762812,231,38,1631,2014,9674.0,0.0,1.61227,0.068905,USA,CAF,8413
2762813,246,38,1631,2014,9599.0,0.0,0.282927,1.723214,ZAF,CAF,8413
2762814,7,44,1631,2014,183485.0,32819.0,0.087775,-0.289459,ARE,CIV,8413
2762815,14,44,1631,2014,74601.0,0.0,-0.398273,-0.17128,AUS,CIV,8413
2762816,15,44,1631,2014,12202.0,0.0,1.7116790000000002,-0.140232,AUT,CIV,8413
2762817,18,44,1631,2014,1384593.0,6895.0,1.234156,1.226441,BEL,CIV,8413
2762818,19,44,1631,2014,0.0,6876.0,-0.342225,-0.618789,BEN,CIV,8413
2762819,21,44,1631,2014,36538.0,377713.0,-0.922401,-0.9554379999999999,BFA,CIV,8413
2762820,22,44,1631,2014,19267.0,0.0,-1.0341879999999999,-0.9614870000000001,BGD,CIV,8413
2762821,23,44,1631,2014,3328.0,0.0,0.579058,1.6558110000000001,BGR,CIV,8413
2762822,32,44,1631,2014,56351.0,0.0,0.218223,0.556921,BRA,CIV,8413
2762823,38,44,1631,2014,0.0,137770.0,0.695875,0.543384,CAF,CIV,8413
2762824,39,44,1631,2014,249628.0,0.0,0.671395,1.024683,CAN,CIV,8413
2762825,41,44,1631,2014,130622.0,222859.0,2.2000919999999997,0.65398,CHE,CIV,8413
2762826,43,44,1631,2014,1656053.0,0.0,1.187557,1.222085,CHN,CIV,8413
2762827,45,44,1631,2014,15613.0,0.0,-0.6723520000000001,-0.945084,CMR,CIV,8413
2762828,47,44,1631,2014,20537.0,5697.0,-1.371624,-1.12468,COG,CIV,8413
2762829,49,44,1631,2014,5733.0,0.0,0.19864500000000002,-0.378364,COL,CIV,8413
2762830,59,44,1631,2014,28224.0,0.0,1.8105830000000003,0.131131,CZE,CIV,8413
2762831,61,44,1631,2014,589383.0,0.0,2.052849,-2.888805,DEU,CIV,8413
2762832,64,44,1631,2014,697655.0,0.0,1.10869,1.245193,DNK,CIV,8413
2762833,71,44,1631,2014,322741.0,0.0,0.842147,2.45692,ESP,CIV,8413
2762834,72,44,1631,2014,1850.0,0.0,0.9147780000000001,1.151556,EST,CIV,8413
2762835,74,44,1631,2014,950.0,0.0,1.626355,1.002923,FIN,CIV,8413
2762836,77,44,1631,2014,11625610.0,115567.0,1.4817790000000002,0.30995,FRA,CIV,8413
2762837,80,44,1631,2014,0.0,7541.0,-1.625474,-1.135973,GAB,CIV,8413
2762838,81,44,1631,2014,671379.0,36459.0,1.697964,0.585372,GBR,CIV,8413
2762839,83,44,1631,2014,234221.0,53852.0,-1.130226,-0.9909379999999999,GHA,CIV,8413
2762840,85,44,1631,2014,2996.0,0.0,-1.628409,-1.202473,GIN,CIV,8413
2762841,90,44,1631,2014,3934.0,0.0,0.149337,0.8560540000000001,GRC,CIV,8413
2762842,97,44,1631,2014,19971.0,0.0,0.812132,1.722493,HKG,CIV,8413
2762843,100,44,1631,2014,3597.0,0.0,0.804401,1.250807,HRV,CIV,8413
2762844,102,44,1631,2014,70800.0,0.0,1.477093,0.812869,HUN,CIV,8413
2762845,104,44,1631,2014,360114.0,0.0,0.262042,2.6305080000000003,IND,CIV,8413
2762846,106,44,1631,2014,5544.0,0.0,1.2658399999999999,0.278546,IRL,CIV,8413
2762847,109,44,1631,2014,2582.0,0.0,0.127891,-0.302014,ISL,CIV,8413
2762848,110,44,1631,2014,24257.0,0.0,1.211141,0.64523,ISR,CIV,8413
2762849,111,44,1631,2014,1378582.0,62482.0,1.340136,0.43931099999999995,ITA,CIV,8413
2762850,114,44,1631,2014,152799.0,0.0,2.403165,-0.635024,JPN,CIV,8413
2762851,121,44,1631,2014,3372676.0,0.0,1.817145,0.8394530000000001,KOR,CIV,8413
2762852,124,44,1631,2014,59816.0,0.0,0.308677,1.7564490000000001,LBN,CIV,8413
2762853,125,44,1631,2014,0.0,331701.0,-1.016828,-1.107983,LBR,CIV,8413
2762854,126,44,1631,2014,0.0,17127.0,-1.5943829999999999,-1.189961,LBY,CIV,8413
2762855,131,44,1631,2014,2562.0,0.0,1.243845,1.155474,LUX,CIV,8413
2762856,134,44,1631,2014,22346.0,0.0,-0.574034,0.065788,MAR,CIV,8413
2762857,138,44,1631,2014,4169.0,0.0,1.0799729999999998,0.697554,MEX,CIV,8413
2762858,141,44,1631,2014,1606.0,202052.0,-1.199063,-1.05497,MLI,CIV,8413
2762859,148,44,1631,2014,0.0,1172.0,-1.458551,-1.225373,MRT,CIV,8413
2762860,153,44,1631,2014,158040.0,0.0,1.018138,0.774649,MYS,CIV,8413
2762861,157,44,1631,2014,0.0,316575.0,-0.7187,-0.80918,NER,CIV,8413
2762862,159,44,1631,2014,3068618.0,24319.0,-1.2126430000000001,-1.059697,NGA,CIV,8413
2762863,162,44,1631,2014,601280.0,110099.0,1.179325,1.355071,NLD,CIV,8413
2762864,163,44,1631,2014,221585.0,38474.0,0.9187049999999999,0.182685,NOR,CIV,8413
2762865,168,44,1631,2014,1701.0,0.0,-0.672924,0.566787,PAK,CIV,8413
2762866,177,44,1631,2014,44242.0,0.0,1.133102,1.177165,POL,CIV,8413
2762867,179,44,1631,2014,205798.0,0.0,0.621053,2.349644,PRT,CIV,8413
2762868,186,44,1631,2014,65164.0,4704.0,0.229422,-0.214856,RUS,CIV,8413
2762869,188,44,1631,2014,1917.0,0.0,0.5758439999999999,-0.832692,SAU,CIV,8413
2762870,191,44,1631,2014,29930.0,0.0,-0.502607,-0.08866,SEN,CIV,8413
2762871,192,44,1631,2014,6580.0,0.0,1.867492,0.626736,SGP,CIV,8413
2762872,201,44,1631,2014,901.0,0.0,0.551635,1.211535,SRB,CIV,8413
2762873,206,44,1631,2014,4590.0,0.0,1.334959,0.821253,SVK,CIV,8413
2762874,207,44,1631,2014,963.0,0.0,1.6558669999999998,0.6814399999999999,SVN,CIV,8413
2762875,208,44,1631,2014,108555.0,0.0,1.817752,0.558474,SWE,CIV,8413
2762876,215,44,1631,2014,10598.0,5955.0,-0.524103,-0.537643,TGO,CIV,8413
2762877,216,44,1631,2014,57072.0,0.0,0.977094,1.41283,THA,CIV,8413
2762878,223,44,1631,2014,46635.0,0.0,0.343449,1.118007,TUN,CIV,8413
2762879,224,44,1631,2014,158486.0,0.0,0.554761,2.385693,TUR,CIV,8413
2762880,226,44,1631,2014,9535.0,0.0,-1.054331,0.166345,TZA,CIV,8413
2762881,231,44,1631,2014,1763891.0,1963.0,1.61227,0.068905,USA,CIV,8413
2762882,239,44,1631,2014,2461.0,0.0,-0.023765,1.344416,VNM,CIV,8413
2762883,246,44,1631,2014,964157.0,858.0,0.282927,1.723214,ZAF,CIV,8413
2762884,249,44,1631,2014,51598.0,0.0,1.9044189999999999,1.0595139999999998,TWN,CIV,8413
2762885,250,44,1631,2014,1112313.0,3177.0,0.506842,0.049545,ANS,CIV,8413
2762886,7,68,1631,2014,3124785.0,393595.0,0.087775,-0.289459,ARE,EGY,8413
2762887,8,68,1631,2014,411197.0,0.0,0.10691500000000001,0.44860600000000006,ARG,EGY,8413
2762888,14,68,1631,2014,315894.0,0.0,-0.398273,-0.17128,AUS,EGY,8413
2762889,15,68,1631,2014,2241019.0,2100.0,1.7116790000000002,-0.140232,AUT,EGY,8413
2762890,16,68,1631,2014,0.0,3902.0,-0.909508,-1.165158,AZE,EGY,8413
2762891,18,68,1631,2014,3512087.0,0.0,1.234156,1.226441,BEL,EGY,8413
2762892,19,68,1631,2014,243773.0,0.0,-0.342225,-0.618789,BEN,EGY,8413
2762893,23,68,1631,2014,123362.0,1926.0,0.579058,1.6558110000000001,BGR,EGY,8413
2762894,24,68,1631,2014,0.0,53629.0,0.460168,-0.41671099999999994,BHR,EGY,8413
2762895,26,68,1631,2014,146529.0,0.0,0.5083300000000001,0.711704,BIH,EGY,8413
2762896,28,68,1631,2014,56001.0,0.0,0.874108,0.676231,BLR,EGY,8413
2762897,29,68,1631,2014,12980.0,0.0,-0.324446,-0.552126,BLZ,EGY,8413
2762898,32,68,1631,2014,1513917.0,0.0,0.218223,0.556921,BRA,EGY,8413
2762899,39,68,1631,2014,3315301.0,0.0,0.671395,1.024683,CAN,EGY,8413
2762900,41,68,1631,2014,296516.0,0.0,2.2000919999999997,0.65398,CHE,EGY,8413
2762901,43,68,1631,2014,45908624.0,0.0,1.187557,1.222085,CHN,EGY,8413
2762902,49,68,1631,2014,1022.0,13405.0,0.19864500000000002,-0.378364,COL,EGY,8413
2762903,58,68,1631,2014,21013.0,18689.0,0.627467,0.483725,CYP,EGY,8413
2762904,59,68,1631,2014,6550880.0,1722.0,1.8105830000000003,0.131131,CZE,EGY,8413
2762905,61,68,1631,2014,42994167.0,194041.0,2.052849,-2.888805,DEU,EGY,8413
2762906,62,68,1631,2014,3861.0,0.0,-0.394602,-0.74178,DJI,EGY,8413
2762907,63,68,1631,2014,8284.0,0.0,0.294596,-0.310069,DMA,EGY,8413
2762908,64,68,1631,2014,10137104.0,6855.0,1.10869,1.245193,DNK,EGY,8413
2762909,66,68,1631,2014,1170097.0,3870.0,-1.5554649999999999,-1.1657030000000002,DZA,EGY,8413
2762910,67,68,1631,2014,105547.0,0.0,-1.066865,-1.052921,ECU,EGY,8413
2762911,71,68,1631,2014,4396465.0,15145.0,0.842147,2.45692,ESP,EGY,8413
2762912,73,68,1631,2014,0.0,325417.0,-1.296535,-1.045942,ETH,EGY,8413
2762913,74,68,1631,2014,1666911.0,1885.0,1.626355,1.002923,FIN,EGY,8413
2762914,77,68,1631,2014,13582307.0,114336.0,1.4817790000000002,0.30995,FRA,EGY,8413
2762915,81,68,1631,2014,12258508.0,318485.0,1.697964,0.585372,GBR,EGY,8413
2762916,82,68,1631,2014,0.0,864.0,-0.254106,-0.646584,GEO,EGY,8413
2762917,88,68,1631,2014,0.0,25051.0,-1.6723700000000001,-0.896442,GNB,EGY,8413
2762918,90,68,1631,2014,787382.0,0.0,0.149337,0.8560540000000001,GRC,EGY,8413
2762919,97,68,1631,2014,437918.0,0.0,0.812132,1.722493,HKG,EGY,8413
2762920,100,68,1631,2014,14042.0,0.0,0.804401,1.250807,HRV,EGY,8413
2762921,102,68,1631,2014,3201378.0,0.0,1.477093,0.812869,HUN,EGY,8413
2762922,103,68,1631,2014,154293.0,35349.0,-0.088032,1.3966459999999998,IDN,EGY,8413
2762923,104,68,1631,2014,6641658.0,10468.0,0.262042,2.6305080000000003,IND,EGY,8413
2762924,106,68,1631,2014,29032.0,0.0,1.2658399999999999,0.278546,IRL,EGY,8413
2762925,107,68,1631,2014,0.0,25247.0,-0.361058,-0.312743,IRN,EGY,8413
2762926,108,68,1631,2014,0.0,16923.0,-2.9169,-0.882023,IRQ,EGY,8413
2762927,110,68,1631,2014,758.0,1970.0,1.211141,0.64523,ISR,EGY,8413
2762928,111,68,1631,2014,59169640.0,51984.0,1.340136,0.43931099999999995,ITA,EGY,8413
2762929,113,68,1631,2014,0.0,49990.0,0.210208,0.48732299999999995,JOR,EGY,8413
2762930,114,68,1631,2014,15263942.0,2959.0,2.403165,-0.635024,JPN,EGY,8413
2762931,116,68,1631,2014,0.0,10185.0,-0.487058,0.307288,KEN,EGY,8413
2762932,121,68,1631,2014,9224659.0,4244.0,1.817145,0.8394530000000001,KOR,EGY,8413
2762933,122,68,1631,2014,28037.0,86904.0,-0.769616,-1.10667,KWT,EGY,8413
2762934,124,68,1631,2014,47149.0,52310.0,0.308677,1.7564490000000001,LBN,EGY,8413
2762935,126,68,1631,2014,0.0,123883.0,-1.5943829999999999,-1.189961,LBY,EGY,8413
2762936,131,68,1631,2014,190305.0,0.0,1.243845,1.155474,LUX,EGY,8413
2762937,137,68,1631,2014,243158.0,0.0,-0.43265299999999995,-0.82696,MDV,EGY,8413
2762938,138,68,1631,2014,65847.0,0.0,1.0799729999999998,0.697554,MEX,EGY,8413
2762939,151,68,1631,2014,6866.0,1355.0,-0.029891,-0.12431099999999999,MUS,EGY,8413
2762940,153,68,1631,2014,208685.0,0.0,1.018138,0.774649,MYS,EGY,8413
2762941,159,68,1631,2014,6242.0,62276.0,-1.2126430000000001,-1.059697,NGA,EGY,8413
2762942,162,68,1631,2014,7669303.0,90068.0,1.179325,1.355071,NLD,EGY,8413
2762943,163,68,1631,2014,43948.0,0.0,0.9187049999999999,0.182685,NOR,EGY,8413
2762944,166,68,1631,2014,15241.0,0.0,0.272502,0.21628699999999998,NZL,EGY,8413
2762945,167,68,1631,2014,301134.0,45143.0,-0.505129,-1.0051370000000002,OMN,EGY,8413
2762946,168,68,1631,2014,12285.0,0.0,-0.672924,0.566787,PAK,EGY,8413
2762947,173,68,1631,2014,13176.0,0.0,-0.557833,0.611826,PER,EGY,8413
2762948,177,68,1631,2014,630161.0,0.0,1.133102,1.177165,POL,EGY,8413
2762949,178,68,1631,2014,51698.0,0.0,-0.23883000000000001,-0.009727,PRK,EGY,8413
2762950,179,68,1631,2014,24748.0,0.0,0.621053,2.349644,PRT,EGY,8413
2762951,181,68,1631,2014,4290.0,0.0,0.030643,0.601905,PSE,EGY,8413
2762952,183,68,1631,2014,0.0,155337.0,-0.37535599999999997,-1.0196370000000001,QAT,EGY,8413
2762953,185,68,1631,2014,1472170.0,6079.0,0.9112,1.188161,ROU,EGY,8413
2762954,186,68,1631,2014,1391957.0,0.0,0.229422,-0.214856,RUS,EGY,8413
2762955,188,68,1631,2014,544006.0,707914.0,0.5758439999999999,-0.832692,SAU,EGY,8413
2762956,190,68,1631,2014,0.0,461072.0,-1.442381,-1.1155030000000001,SDN,EGY,8413
2762957,192,68,1631,2014,3282938.0,0.0,1.867492,0.626736,SGP,EGY,8413
2762958,201,68,1631,2014,133972.0,0.0,0.551635,1.211535,SRB,EGY,8413
2762959,206,68,1631,2014,200567.0,0.0,1.334959,0.821253,SVK,EGY,8413
2762960,207,68,1631,2014,446979.0,0.0,1.6558669999999998,0.6814399999999999,SVN,EGY,8413
2762961,208,68,1631,2014,2134471.0,16577.0,1.817752,0.558474,SWE,EGY,8413
2762962,216,68,1631,2014,2004370.0,0.0,0.977094,1.41283,THA,EGY,8413
2762963,223,68,1631,2014,42262.0,81510.0,0.343449,1.118007,TUN,EGY,8413
2762964,224,68,1631,2014,8251814.0,894.0,0.554761,2.385693,TUR,EGY,8413
2762965,228,68,1631,2014,509524.0,0.0,0.566535,0.832267,UKR,EGY,8413
2762966,231,68,1631,2014,51443772.0,111870.0,1.61227,0.068905,USA,EGY,8413
2762967,239,68,1631,2014,61960.0,0.0,-0.023765,1.344416,VNM,EGY,8413
2762968,246,68,1631,2014,135029.0,0.0,0.282927,1.723214,ZAF,EGY,8413
2762969,247,68,1631,2014,967.0,0.0,-0.664089,-0.793452,ZMB,EGY,8413
2762970,248,68,1631,2014,0.0,144073.0,-0.821369,-0.864232,ZWE,EGY,8413
2762971,249,68,1631,2014,2376003.0,705.0,1.9044189999999999,1.0595139999999998,TWN,EGY,8413
2762972,250,68,1631,2014,24494.0,0.0,0.506842,0.049545,ANS,EGY,8413
2762973,7,82,1631,2014,553091.0,7356.0,0.087775,-0.289459,ARE,GEO,8413
2762974,8,82,1631,2014,239943.0,0.0,0.10691500000000001,0.44860600000000006,ARG,GEO,8413
2762975,9,82,1631,2014,28599.0,96072.0,-0.198322,-0.5918680000000001,ARM,GEO,8413
2762976,14,82,1631,2014,0.0,18535.0,-0.398273,-0.17128,AUS,GEO,8413
2762977,15,82,1631,2014,38101.0,0.0,1.7116790000000002,-0.140232,AUT,GEO,8413
2762978,16,82,1631,2014,139465.0,61963.0,-0.909508,-1.165158,AZE,GEO,8413
2762979,18,82,1631,2014,200555.0,6164.0,1.234156,1.226441,BEL,GEO,8413
2762980,23,82,1631,2014,122992.0,0.0,0.579058,1.6558110000000001,BGR,GEO,8413
2762981,24,82,1631,2014,0.0,1478.0,0.460168,-0.41671099999999994,BHR,GEO,8413
2762982,28,82,1631,2014,432138.0,0.0,0.874108,0.676231,BLR,GEO,8413
2762983,32,82,1631,2014,0.0,12185.0,0.218223,0.556921,BRA,GEO,8413
2762984,37,82,1631,2014,2124.0,0.0,-0.60221,-1.104578,BWA,GEO,8413
2762985,39,82,1631,2014,8346.0,19593.0,0.671395,1.024683,CAN,GEO,8413
2762986,41,82,1631,2014,10030.0,0.0,2.2000919999999997,0.65398,CHE,GEO,8413
2762987,43,82,1631,2014,9459211.0,48951.0,1.187557,1.222085,CHN,GEO,8413
2762988,49,82,1631,2014,0.0,2427.0,0.19864500000000002,-0.378364,COL,GEO,8413
2762989,59,82,1631,2014,354070.0,20869.0,1.8105830000000003,0.131131,CZE,GEO,8413
2762990,61,82,1631,2014,4263836.0,270323.0,2.052849,-2.888805,DEU,GEO,8413
2762991,68,82,1631,2014,864.0,0.0,-0.086866,1.7419669999999998,EGY,GEO,8413
2762992,71,82,1631,2014,100804.0,0.0,0.842147,2.45692,ESP,GEO,8413
2762993,72,82,1631,2014,212816.0,0.0,0.9147780000000001,1.151556,EST,GEO,8413
2762994,74,82,1631,2014,24034.0,27296.0,1.626355,1.002923,FIN,GEO,8413
2762995,77,82,1631,2014,553679.0,4339.0,1.4817790000000002,0.30995,FRA,GEO,8413
2762996,81,82,1631,2014,883206.0,5627.0,1.697964,0.585372,GBR,GEO,8413
2762997,90,82,1631,2014,62859.0,0.0,0.149337,0.8560540000000001,GRC,GEO,8413
2762998,97,82,1631,2014,29874.0,0.0,0.812132,1.722493,HKG,GEO,8413
2762999,102,82,1631,2014,1001.0,0.0,1.477093,0.812869,HUN,GEO,8413
2763000,103,82,1631,2014,0.0,6556.0,-0.088032,1.3966459999999998,IDN,GEO,8413
2763001,104,82,1631,2014,656868.0,0.0,0.262042,2.6305080000000003,IND,GEO,8413
2763002,106,82,1631,2014,1178.0,0.0,1.2658399999999999,0.278546,IRL,GEO,8413
2763003,110,82,1631,2014,53586.0,0.0,1.211141,0.64523,ISR,GEO,8413
2763004,111,82,1631,2014,2432645.0,0.0,1.340136,0.43931099999999995,ITA,GEO,8413
2763005,115,82,1631,2014,2234.0,0.0,-0.210431,-0.574075,KAZ,GEO,8413
2763006,121,82,1631,2014,38321.0,0.0,1.817145,0.8394530000000001,KOR,GEO,8413
2763007,122,82,1631,2014,0.0,1615.0,-0.769616,-1.10667,KWT,GEO,8413
2763008,130,82,1631,2014,9634.0,0.0,0.764495,1.3451540000000002,LTU,GEO,8413
2763009,131,82,1631,2014,9704.0,0.0,1.243845,1.155474,LUX,GEO,8413
2763010,132,82,1631,2014,16784.0,33110.0,0.613116,1.1899790000000001,LVA,GEO,8413
2763011,135,82,1631,2014,28545.0,0.0,-0.10438199999999999,-0.093194,MDA,GEO,8413
2763012,153,82,1631,2014,0.0,1469150.0,1.018138,0.774649,MYS,GEO,8413
2763013,162,82,1631,2014,360641.0,0.0,1.179325,1.355071,NLD,GEO,8413
2763014,166,82,1631,2014,0.0,7908.0,0.272502,0.21628699999999998,NZL,GEO,8413
2763015,177,82,1631,2014,39810.0,8124.0,1.133102,1.177165,POL,GEO,8413
2763016,183,82,1631,2014,0.0,10600.0,-0.37535599999999997,-1.0196370000000001,QAT,GEO,8413
2763017,185,82,1631,2014,22320.0,12333.0,0.9112,1.188161,ROU,GEO,8413
2763018,186,82,1631,2014,670448.0,6260.0,0.229422,-0.214856,RUS,GEO,8413
2763019,192,82,1631,2014,873850.0,8637.0,1.867492,0.626736,SGP,GEO,8413
2763020,201,82,1631,2014,114233.0,0.0,0.551635,1.211535,SRB,GEO,8413
2763021,206,82,1631,2014,22976.0,0.0,1.334959,0.821253,SVK,GEO,8413
2763022,207,82,1631,2014,2241.0,3996.0,1.6558669999999998,0.6814399999999999,SVN,GEO,8413
2763023,208,82,1631,2014,26839.0,0.0,1.817752,0.558474,SWE,GEO,8413
2763024,216,82,1631,2014,0.0,2819.0,0.977094,1.41283,THA,GEO,8413
2763025,222,82,1631,2014,0.0,299414.0,-0.57362,-1.117545,TTO,GEO,8413
2763026,224,82,1631,2014,3982192.0,88196.0,0.554761,2.385693,TUR,GEO,8413
2763027,228,82,1631,2014,1208256.0,2947.0,0.566535,0.832267,UKR,GEO,8413
2763028,231,82,1631,2014,1566316.0,63923.0,1.61227,0.068905,USA,GEO,8413
2763029,239,82,1631,2014,0.0,217581.0,-0.023765,1.344416,VNM,GEO,8413
2763030,249,82,1631,2014,12002.0,1724219.0,1.9044189999999999,1.0595139999999998,TWN,GEO,8413
2763031,1,107,1631,2014,0.0,244589.0,-0.924386,-0.839385,AFG,IRN,8413
2763032,7,107,1631,2014,52114446.0,446634.0,0.087775,-0.289459,ARE,IRN,8413
2763033,8,107,1631,2014,14257.0,0.0,0.10691500000000001,0.44860600000000006,ARG,IRN,8413
2763034,9,107,1631,2014,35816.0,5591.0,-0.198322,-0.5918680000000001,ARM,IRN,8413
2763035,14,107,1631,2014,58186.0,2132.0,-0.398273,-0.17128,AUS,IRN,8413
2763036,15,107,1631,2014,2267919.0,0.0,1.7116790000000002,-0.140232,AUT,IRN,8413
2763037,16,107,1631,2014,55404.0,29942.0,-0.909508,-1.165158,AZE,IRN,8413
2763038,18,107,1631,2014,622254.0,0.0,1.234156,1.226441,BEL,IRN,8413
2763039,22,107,1631,2014,65705.0,0.0,-1.0341879999999999,-0.9614870000000001,BGD,IRN,8413
2763040,23,107,1631,2014,17705.0,0.0,0.579058,1.6558110000000001,BGR,IRN,8413
2763041,24,107,1631,2014,0.0,1199.0,0.460168,-0.41671099999999994,BHR,IRN,8413
2763042,26,107,1631,2014,209080.0,0.0,0.5083300000000001,0.711704,BIH,IRN,8413
2763043,28,107,1631,2014,85463.0,1109.0,0.874108,0.676231,BLR,IRN,8413
2763044,32,107,1631,2014,43651.0,0.0,0.218223,0.556921,BRA,IRN,8413
2763045,34,107,1631,2014,0.0,98655.0,0.191357,-0.683567,BRN,IRN,8413
2763046,39,107,1631,2014,213638.0,0.0,0.671395,1.024683,CAN,IRN,8413
2763047,41,107,1631,2014,122434.0,18959.0,2.2000919999999997,0.65398,CHE,IRN,8413
2763048,43,107,1631,2014,197012112.0,4979.0,1.187557,1.222085,CHN,IRN,8413
2763049,45,107,1631,2014,0.0,1434.0,-0.6723520000000001,-0.945084,CMR,IRN,8413
2763050,58,107,1631,2014,16463.0,0.0,0.627467,0.483725,CYP,IRN,8413
2763051,59,107,1631,2014,481513.0,0.0,1.8105830000000003,0.131131,CZE,IRN,8413
2763052,61,107,1631,2014,28606071.0,83187.0,2.052849,-2.888805,DEU,IRN,8413
2763053,64,107,1631,2014,5071228.0,0.0,1.10869,1.245193,DNK,IRN,8413
2763054,67,107,1631,2014,0.0,1241.0,-1.066865,-1.052921,ECU,IRN,8413
2763055,68,107,1631,2014,25247.0,0.0,-0.086866,1.7419669999999998,EGY,IRN,8413
2763056,71,107,1631,2014,1361573.0,0.0,0.842147,2.45692,ESP,IRN,8413
2763057,73,107,1631,2014,0.0,558.0,-1.296535,-1.045942,ETH,IRN,8413
2763058,74,107,1631,2014,37362.0,0.0,1.626355,1.002923,FIN,IRN,8413
2763059,77,107,1631,2014,7779913.0,1052.0,1.4817790000000002,0.30995,FRA,IRN,8413
2763060,81,107,1631,2014,153848.0,0.0,1.697964,0.585372,GBR,IRN,8413
2763061,90,107,1631,2014,39486.0,0.0,0.149337,0.8560540000000001,GRC,IRN,8413
2763062,97,107,1631,2014,248513.0,0.0,0.812132,1.722493,HKG,IRN,8413
2763063,102,107,1631,2014,347194.0,0.0,1.477093,0.812869,HUN,IRN,8413
2763064,103,107,1631,2014,3925.0,0.0,-0.088032,1.3966459999999998,IDN,IRN,8413
2763065,104,107,1631,2014,4840710.0,0.0,0.262042,2.6305080000000003,IND,IRN,8413
2763066,106,107,1631,2014,6601.0,0.0,1.2658399999999999,0.278546,IRL,IRN,8413
2763067,108,107,1631,2014,128230.0,1737474.0,-2.9169,-0.882023,IRQ,IRN,8413
2763068,111,107,1631,2014,41317308.0,1744.0,1.340136,0.43931099999999995,ITA,IRN,8413
2763069,113,107,1631,2014,4451.0,1953.0,0.210208,0.48732299999999995,JOR,IRN,8413
2763070,114,107,1631,2014,1308627.0,0.0,2.403165,-0.635024,JPN,IRN,8413
2763071,115,107,1631,2014,0.0,15008.0,-0.210431,-0.574075,KAZ,IRN,8413
2763072,121,107,1631,2014,28955909.0,3009.0,1.817145,0.8394530000000001,KOR,IRN,8413
2763073,122,107,1631,2014,69668.0,20990.0,-0.769616,-1.10667,KWT,IRN,8413
2763074,124,107,1631,2014,28431.0,4580.0,0.308677,1.7564490000000001,LBN,IRN,8413
2763075,128,107,1631,2014,0.0,109593.0,-0.49366899999999997,0.338686,LKA,IRN,8413
2763076,130,107,1631,2014,1709.0,0.0,0.764495,1.3451540000000002,LTU,IRN,8413
2763077,131,107,1631,2014,28766.0,0.0,1.243845,1.155474,LUX,IRN,8413
2763078,132,107,1631,2014,12919.0,0.0,0.613116,1.1899790000000001,LVA,IRN,8413
2763079,135,107,1631,2014,3964.0,0.0,-0.10438199999999999,-0.093194,MDA,IRN,8413
2763080,138,107,1631,2014,951.0,0.0,1.0799729999999998,0.697554,MEX,IRN,8413
2763081,140,107,1631,2014,9800.0,0.0,-0.039799,-0.05545,MKD,IRN,8413
2763082,142,107,1631,2014,5860.0,0.0,0.817013,0.0016309999999999999,MLT,IRN,8413
2763083,143,107,1631,2014,0.0,465958.0,-1.5332459999999999,-1.145973,MMR,IRN,8413
2763084,153,107,1631,2014,850458.0,25580.0,1.018138,0.774649,MYS,IRN,8413
2763085,162,107,1631,2014,1761604.0,0.0,1.179325,1.355071,NLD,IRN,8413
2763086,167,107,1631,2014,303384.0,0.0,-0.505129,-1.0051370000000002,OMN,IRN,8413
2763087,168,107,1631,2014,5705.0,3341.0,-0.672924,0.566787,PAK,IRN,8413
2763088,177,107,1631,2014,2694940.0,2875.0,1.133102,1.177165,POL,IRN,8413
2763089,179,107,1631,2014,2655.0,0.0,0.621053,2.349644,PRT,IRN,8413
2763090,183,107,1631,2014,1218.0,65241.0,-0.37535599999999997,-1.0196370000000001,QAT,IRN,8413
2763091,185,107,1631,2014,1445107.0,1194.0,0.9112,1.188161,ROU,IRN,8413
2763092,186,107,1631,2014,3793061.0,0.0,0.229422,-0.214856,RUS,IRN,8413
2763093,190,107,1631,2014,0.0,306126.0,-1.442381,-1.1155030000000001,SDN,IRN,8413
2763094,192,107,1631,2014,343337.0,0.0,1.867492,0.626736,SGP,IRN,8413
2763095,201,107,1631,2014,166571.0,0.0,0.551635,1.211535,SRB,IRN,8413
2763096,206,107,1631,2014,113756.0,0.0,1.334959,0.821253,SVK,IRN,8413
2763097,208,107,1631,2014,593071.0,0.0,1.817752,0.558474,SWE,IRN,8413
2763098,216,107,1631,2014,473487.0,0.0,0.977094,1.41283,THA,IRN,8413
2763099,217,107,1631,2014,377304.0,119237.0,-0.706823,-0.993756,TJK,IRN,8413
2763100,219,107,1631,2014,39995.0,701874.0,-1.217897,-1.184131,TKM,IRN,8413
2763101,224,107,1631,2014,11914291.0,114807.0,0.554761,2.385693,TUR,IRN,8413
2763102,226,107,1631,2014,0.0,91443.0,-1.054331,0.166345,TZA,IRN,8413
2763103,228,107,1631,2014,214513.0,0.0,0.566535,0.832267,UKR,IRN,8413
2763104,231,107,1631,2014,11707.0,0.0,1.61227,0.068905,USA,IRN,8413
2763105,239,107,1631,2014,1446.0,0.0,-0.023765,1.344416,VNM,IRN,8413
2763106,246,107,1631,2014,2767622.0,28218.0,0.282927,1.723214,ZAF,IRN,8413
2763107,249,107,1631,2014,2915117.0,0.0,1.9044189999999999,1.0595139999999998,TWN,IRN,8413
2763108,250,107,1631,2014,6811.0,241039.0,0.506842,0.049545,ANS,IRN,8413
2763109,1,115,1631,2014,12568.0,33281.0,-0.924386,-0.839385,AFG,KAZ,8413
2763110,2,115,1631,2014,0.0,41343.0,-1.8184900000000002,-1.149191,AGO,KAZ,8413
2763111,7,115,1631,2014,771737.0,52334.0,0.087775,-0.289459,ARE,KAZ,8413
2763112,8,115,1631,2014,43830.0,0.0,0.10691500000000001,0.44860600000000006,ARG,KAZ,8413
2763113,9,115,1631,2014,21056.0,0.0,-0.198322,-0.5918680000000001,ARM,KAZ,8413
2763114,14,115,1631,2014,1069087.0,0.0,-0.398273,-0.17128,AUS,KAZ,8413
2763115,15,115,1631,2014,2492246.0,2482.0,1.7116790000000002,-0.140232,AUT,KAZ,8413
2763116,16,115,1631,2014,322082.0,351022.0,-0.909508,-1.165158,AZE,KAZ,8413
2763117,18,115,1631,2014,1036076.0,50226.0,1.234156,1.226441,BEL,KAZ,8413
2763118,23,115,1631,2014,118741.0,0.0,0.579058,1.6558110000000001,BGR,KAZ,8413
2763119,26,115,1631,2014,0.0,9518.0,0.5083300000000001,0.711704,BIH,KAZ,8413
2763120,28,115,1631,2014,4608578.0,68384.0,0.874108,0.676231,BLR,KAZ,8413
2763121,32,115,1631,2014,45009.0,0.0,0.218223,0.556921,BRA,KAZ,8413
2763122,39,115,1631,2014,1296069.0,7784.0,0.671395,1.024683,CAN,KAZ,8413
2763123,41,115,1631,2014,159468.0,5262.0,2.2000919999999997,0.65398,CHE,KAZ,8413
2763124,43,115,1631,2014,87014849.0,2346084.0,1.187557,1.222085,CHN,KAZ,8413
2763125,47,115,1631,2014,0.0,25586.0,-1.371624,-1.12468,COG,KAZ,8413
2763126,49,115,1631,2014,0.0,1208.0,0.19864500000000002,-0.378364,COL,KAZ,8413
2763127,58,115,1631,2014,4758.0,0.0,0.627467,0.483725,CYP,KAZ,8413
2763128,59,115,1631,2014,5476348.0,0.0,1.8105830000000003,0.131131,CZE,KAZ,8413
2763129,61,115,1631,2014,60761057.0,36494.0,2.052849,-2.888805,DEU,KAZ,8413
2763130,64,115,1631,2014,437413.0,1849.0,1.10869,1.245193,DNK,KAZ,8413
2763131,71,115,1631,2014,219107.0,0.0,0.842147,2.45692,ESP,KAZ,8413
2763132,72,115,1631,2014,806613.0,4542.0,0.9147780000000001,1.151556,EST,KAZ,8413
2763133,74,115,1631,2014,995137.0,0.0,1.626355,1.002923,FIN,KAZ,8413
2763134,77,115,1631,2014,2912731.0,84863.0,1.4817790000000002,0.30995,FRA,KAZ,8413
2763135,81,115,1631,2014,12652248.0,142253.0,1.697964,0.585372,GBR,KAZ,8413
2763136,82,115,1631,2014,0.0,2234.0,-0.254106,-0.646584,GEO,KAZ,8413
2763137,90,115,1631,2014,8286.0,0.0,0.149337,0.8560540000000001,GRC,KAZ,8413
2763138,97,115,1631,2014,5779.0,0.0,0.812132,1.722493,HKG,KAZ,8413
2763139,100,115,1631,2014,7360.0,8352.0,0.804401,1.250807,HRV,KAZ,8413
2763140,102,115,1631,2014,447595.0,0.0,1.477093,0.812869,HUN,KAZ,8413
2763141,104,115,1631,2014,434421.0,13374.0,0.262042,2.6305080000000003,IND,KAZ,8413
2763142,106,115,1631,2014,34380.0,0.0,1.2658399999999999,0.278546,IRL,KAZ,8413
2763143,107,115,1631,2014,15008.0,0.0,-0.361058,-0.312743,IRN,KAZ,8413
2763144,108,115,1631,2014,0.0,3011.0,-2.9169,-0.882023,IRQ,KAZ,8413
2763145,110,115,1631,2014,5790.0,0.0,1.211141,0.64523,ISR,KAZ,8413
2763146,111,115,1631,2014,11251391.0,11682.0,1.340136,0.43931099999999995,ITA,KAZ,8413
2763147,114,115,1631,2014,321696.0,0.0,2.403165,-0.635024,JPN,KAZ,8413
2763148,117,115,1631,2014,0.0,117204.0,-0.31942600000000004,-0.012454,KGZ,KAZ,8413
2763149,121,115,1631,2014,1664861.0,117089.0,1.817145,0.8394530000000001,KOR,KAZ,8413
2763150,130,115,1631,2014,2654855.0,0.0,0.764495,1.3451540000000002,LTU,KAZ,8413
2763151,131,115,1631,2014,88481.0,0.0,1.243845,1.155474,LUX,KAZ,8413
2763152,132,115,1631,2014,239520.0,0.0,0.613116,1.1899790000000001,LVA,KAZ,8413
2763153,135,115,1631,2014,43090.0,0.0,-0.10438199999999999,-0.093194,MDA,KAZ,8413
2763154,138,115,1631,2014,233617.0,0.0,1.0799729999999998,0.697554,MEX,KAZ,8413
2763155,140,115,1631,2014,27807.0,0.0,-0.039799,-0.05545,MKD,KAZ,8413
2763156,142,115,1631,2014,1133.0,0.0,0.817013,0.0016309999999999999,MLT,KAZ,8413
2763157,145,115,1631,2014,12970.0,3454.0,-1.425524,-1.161949,MNG,KAZ,8413
2763158,153,115,1631,2014,28613.0,0.0,1.018138,0.774649,MYS,KAZ,8413
2763159,162,115,1631,2014,9143776.0,82409.0,1.179325,1.355071,NLD,KAZ,8413
2763160,163,115,1631,2014,194923.0,0.0,0.9187049999999999,0.182685,NOR,KAZ,8413
2763161,166,115,1631,2014,725.0,0.0,0.272502,0.21628699999999998,NZL,KAZ,8413
2763162,167,115,1631,2014,0.0,8937.0,-0.505129,-1.0051370000000002,OMN,KAZ,8413
2763163,168,115,1631,2014,944.0,0.0,-0.672924,0.566787,PAK,KAZ,8413
2763164,174,115,1631,2014,490.0,0.0,0.637442,0.475883,PHL,KAZ,8413
2763165,177,115,1631,2014,3161655.0,2489.0,1.133102,1.177165,POL,KAZ,8413
2763166,185,115,1631,2014,867058.0,0.0,0.9112,1.188161,ROU,KAZ,8413
2763167,186,115,1631,2014,107543048.0,2503893.0,0.229422,-0.214856,RUS,KAZ,8413
2763168,188,115,1631,2014,0.0,19885.0,0.5758439999999999,-0.832692,SAU,KAZ,8413
2763169,192,115,1631,2014,995954.0,0.0,1.867492,0.626736,SGP,KAZ,8413
2763170,201,115,1631,2014,219994.0,0.0,0.551635,1.211535,SRB,KAZ,8413
2763171,206,115,1631,2014,653004.0,0.0,1.334959,0.821253,SVK,KAZ,8413
2763172,207,115,1631,2014,1104204.0,0.0,1.6558669999999998,0.6814399999999999,SVN,KAZ,8413
2763173,208,115,1631,2014,1932926.0,23343.0,1.817752,0.558474,SWE,KAZ,8413
2763174,216,115,1631,2014,82692.0,1511.0,0.977094,1.41283,THA,KAZ,8413
2763175,217,115,1631,2014,0.0,100453.0,-0.706823,-0.993756,TJK,KAZ,8413
2763176,219,115,1631,2014,0.0,1460190.0,-1.217897,-1.184131,TKM,KAZ,8413
2763177,224,115,1631,2014,5087620.0,12435.0,0.554761,2.385693,TUR,KAZ,8413
2763178,226,115,1631,2014,2632.0,0.0,-1.054331,0.166345,TZA,KAZ,8413
2763179,228,115,1631,2014,11370041.0,11341.0,0.566535,0.832267,UKR,KAZ,8413
2763180,231,115,1631,2014,24316450.0,112887.0,1.61227,0.068905,USA,KAZ,8413
2763181,232,115,1631,2014,54001.0,495708.0,-0.407623,-0.37150700000000003,UZB,KAZ,8413
2763182,246,115,1631,2014,434602.0,0.0,0.282927,1.723214,ZAF,KAZ,8413
2763183,249,115,1631,2014,702085.0,0.0,1.9044189999999999,1.0595139999999998,TWN,KAZ,8413
2763184,1,117,1631,2014,3034.0,1090.0,-0.924386,-0.839385,AFG,KGZ,8413
2763185,7,117,1631,2014,9549.0,12960.0,0.087775,-0.289459,ARE,KGZ,8413
2763186,14,117,1631,2014,309266.0,0.0,-0.398273,-0.17128,AUS,KGZ,8413
2763187,15,117,1631,2014,8454.0,0.0,1.7116790000000002,-0.140232,AUT,KGZ,8413
2763188,18,117,1631,2014,36907.0,188810.0,1.234156,1.226441,BEL,KGZ,8413
2763189,28,117,1631,2014,78134.0,0.0,0.874108,0.676231,BLR,KGZ,8413
2763190,32,117,1631,2014,8214.0,0.0,0.218223,0.556921,BRA,KGZ,8413
2763191,39,117,1631,2014,43533.0,0.0,0.671395,1.024683,CAN,KGZ,8413
2763192,41,117,1631,2014,47116.0,0.0,2.2000919999999997,0.65398,CHE,KGZ,8413
2763193,43,117,1631,2014,10043083.0,27727.0,1.187557,1.222085,CHN,KGZ,8413
2763194,59,117,1631,2014,30860.0,0.0,1.8105830000000003,0.131131,CZE,KGZ,8413
2763195,61,117,1631,2014,878378.0,2874.0,2.052849,-2.888805,DEU,KGZ,8413
2763196,64,117,1631,2014,21629.0,0.0,1.10869,1.245193,DNK,KGZ,8413
2763197,71,117,1631,2014,12253.0,0.0,0.842147,2.45692,ESP,KGZ,8413
2763198,72,117,1631,2014,16985.0,0.0,0.9147780000000001,1.151556,EST,KGZ,8413
2763199,74,117,1631,2014,2126.0,0.0,1.626355,1.002923,FIN,KGZ,8413
2763200,77,117,1631,2014,21596.0,270545.0,1.4817790000000002,0.30995,FRA,KGZ,8413
2763201,81,117,1631,2014,46843.0,0.0,1.697964,0.585372,GBR,KGZ,8413
2763202,97,117,1631,2014,689.0,0.0,0.812132,1.722493,HKG,KGZ,8413
2763203,102,117,1631,2014,23001.0,0.0,1.477093,0.812869,HUN,KGZ,8413
2763204,104,117,1631,2014,13464.0,0.0,0.262042,2.6305080000000003,IND,KGZ,8413
2763205,106,117,1631,2014,429.0,0.0,1.2658399999999999,0.278546,IRL,KGZ,8413
2763206,111,117,1631,2014,300396.0,0.0,1.340136,0.43931099999999995,ITA,KGZ,8413
2763207,114,117,1631,2014,131014.0,0.0,2.403165,-0.635024,JPN,KGZ,8413
2763208,115,117,1631,2014,117204.0,0.0,-0.210431,-0.574075,KAZ,KGZ,8413
2763209,121,117,1631,2014,243099.0,0.0,1.817145,0.8394530000000001,KOR,KGZ,8413
2763210,130,117,1631,2014,153314.0,0.0,0.764495,1.3451540000000002,LTU,KGZ,8413
2763211,131,117,1631,2014,4769.0,0.0,1.243845,1.155474,LUX,KGZ,8413
2763212,135,117,1631,2014,39007.0,0.0,-0.10438199999999999,-0.093194,MDA,KGZ,8413
2763213,138,117,1631,2014,408119.0,0.0,1.0799729999999998,0.697554,MEX,KGZ,8413
2763214,162,117,1631,2014,702532.0,0.0,1.179325,1.355071,NLD,KGZ,8413
2763215,177,117,1631,2014,41350.0,0.0,1.133102,1.177165,POL,KGZ,8413
2763216,185,117,1631,2014,1752.0,0.0,0.9112,1.188161,ROU,KGZ,8413
2763217,186,117,1631,2014,2028223.0,0.0,0.229422,-0.214856,RUS,KGZ,8413
2763218,206,117,1631,2014,4040.0,0.0,1.334959,0.821253,SVK,KGZ,8413
2763219,208,117,1631,2014,56938.0,0.0,1.817752,0.558474,SWE,KGZ,8413
2763220,216,117,1631,2014,5388.0,0.0,0.977094,1.41283,THA,KGZ,8413
2763221,224,117,1631,2014,661329.0,15592.0,0.554761,2.385693,TUR,KGZ,8413
2763222,228,117,1631,2014,279371.0,0.0,0.566535,0.832267,UKR,KGZ,8413
2763223,231,117,1631,2014,522252.0,0.0,1.61227,0.068905,USA,KGZ,8413
2763224,232,117,1631,2014,0.0,529810.0,-0.407623,-0.37150700000000003,UZB,KGZ,8413
2763225,246,117,1631,2014,242500.0,0.0,0.282927,1.723214,ZAF,KGZ,8413
2763226,249,117,1631,2014,3553.0,0.0,1.9044189999999999,1.0595139999999998,TWN,KGZ,8413
2763227,1,124,1631,2014,0.0,2970.0,-0.924386,-0.839385,AFG,LBN,8413
2763228,2,124,1631,2014,0.0,198082.0,-1.8184900000000002,-1.149191,AGO,LBN,8413
2763229,7,124,1631,2014,89186.0,144549.0,0.087775,-0.289459,ARE,LBN,8413
2763230,9,124,1631,2014,0.0,2061.0,-0.198322,-0.5918680000000001,ARM,LBN,8413
2763231,14,124,1631,2014,46939.0,3900.0,-0.398273,-0.17128,AUS,LBN,8413
2763232,15,124,1631,2014,111949.0,2343.0,1.7116790000000002,-0.140232,AUT,LBN,8413
2763233,18,124,1631,2014,623811.0,27930.0,1.234156,1.226441,BEL,LBN,8413
2763234,19,124,1631,2014,0.0,43681.0,-0.342225,-0.618789,BEN,LBN,8413
2763235,21,124,1631,2014,0.0,662.0,-0.922401,-0.9554379999999999,BFA,LBN,8413
2763236,23,124,1631,2014,136638.0,108214.0,0.579058,1.6558110000000001,BGR,LBN,8413
2763237,24,124,1631,2014,0.0,38272.0,0.460168,-0.41671099999999994,BHR,LBN,8413
2763238,32,124,1631,2014,463930.0,109983.0,0.218223,0.556921,BRA,LBN,8413
2763239,38,124,1631,2014,0.0,23027.0,0.695875,0.543384,CAF,LBN,8413
2763240,39,124,1631,2014,229925.0,0.0,0.671395,1.024683,CAN,LBN,8413
2763241,41,124,1631,2014,322012.0,0.0,2.2000919999999997,0.65398,CHE,LBN,8413
2763242,43,124,1631,2014,10004548.0,0.0,1.187557,1.222085,CHN,LBN,8413
2763243,44,124,1631,2014,0.0,59816.0,-0.737625,-0.768728,CIV,LBN,8413
2763244,45,124,1631,2014,0.0,26463.0,-0.6723520000000001,-0.945084,CMR,LBN,8413
2763245,47,124,1631,2014,12917.0,208971.0,-1.371624,-1.12468,COG,LBN,8413
2763246,49,124,1631,2014,1210.0,0.0,0.19864500000000002,-0.378364,COL,LBN,8413
2763247,58,124,1631,2014,19696.0,30225.0,0.627467,0.483725,CYP,LBN,8413
2763248,59,124,1631,2014,157746.0,0.0,1.8105830000000003,0.131131,CZE,LBN,8413
2763249,61,124,1631,2014,10128622.0,54871.0,2.052849,-2.888805,DEU,LBN,8413
2763250,62,124,1631,2014,0.0,6928.0,-0.394602,-0.74178,DJI,LBN,8413
2763251,64,124,1631,2014,1082955.0,0.0,1.10869,1.245193,DNK,LBN,8413
2763252,66,124,1631,2014,0.0,20551.0,-1.5554649999999999,-1.1657030000000002,DZA,LBN,8413
2763253,68,124,1631,2014,52310.0,47149.0,-0.086866,1.7419669999999998,EGY,LBN,8413
2763254,71,124,1631,2014,615643.0,0.0,0.842147,2.45692,ESP,LBN,8413
2763255,72,124,1631,2014,3600.0,0.0,0.9147780000000001,1.151556,EST,LBN,8413
2763256,74,124,1631,2014,26462.0,0.0,1.626355,1.002923,FIN,LBN,8413
2763257,77,124,1631,2014,1796548.0,15452.0,1.4817790000000002,0.30995,FRA,LBN,8413
2763258,80,124,1631,2014,0.0,76850.0,-1.625474,-1.135973,GAB,LBN,8413
2763259,81,124,1631,2014,6445964.0,177031.0,1.697964,0.585372,GBR,LBN,8413
2763260,83,124,1631,2014,0.0,44748.0,-1.130226,-0.9909379999999999,GHA,LBN,8413
2763261,85,124,1631,2014,0.0,186927.0,-1.628409,-1.202473,GIN,LBN,8413
2763262,87,124,1631,2014,0.0,32587.0,-0.905488,-0.7892819999999999,GMB,LBN,8413
2763263,89,124,1631,2014,0.0,47829.0,-2.043516,-0.844701,GNQ,LBN,8413
2763264,90,124,1631,2014,520913.0,0.0,0.149337,0.8560540000000001,GRC,LBN,8413
2763265,102,124,1631,2014,901390.0,0.0,1.477093,0.812869,HUN,LBN,8413
2763266,104,124,1631,2014,348407.0,0.0,0.262042,2.6305080000000003,IND,LBN,8413
2763267,106,124,1631,2014,246117.0,805.0,1.2658399999999999,0.278546,IRL,LBN,8413
2763268,107,124,1631,2014,4580.0,28431.0,-0.361058,-0.312743,IRN,LBN,8413
2763269,108,124,1631,2014,0.0,59260.0,-2.9169,-0.882023,IRQ,LBN,8413
2763270,111,124,1631,2014,18720671.0,16535.0,1.340136,0.43931099999999995,ITA,LBN,8413
2763271,113,124,1631,2014,22227.0,27519.0,0.210208,0.48732299999999995,JOR,LBN,8413
2763272,114,124,1631,2014,1801034.0,0.0,2.403165,-0.635024,JPN,LBN,8413
2763273,116,124,1631,2014,0.0,14183.0,-0.487058,0.307288,KEN,LBN,8413
2763274,121,124,1631,2014,243164.0,2150.0,1.817145,0.8394530000000001,KOR,LBN,8413
2763275,122,124,1631,2014,5124.0,23839.0,-0.769616,-1.10667,KWT,LBN,8413
2763276,125,124,1631,2014,0.0,32655.0,-1.016828,-1.107983,LBR,LBN,8413
2763277,126,124,1631,2014,0.0,12401.0,-1.5943829999999999,-1.189961,LBY,LBN,8413
2763278,131,124,1631,2014,244089.0,0.0,1.243845,1.155474,LUX,LBN,8413
2763279,138,124,1631,2014,113743.0,0.0,1.0799729999999998,0.697554,MEX,LBN,8413
2763280,141,124,1631,2014,0.0,4803.0,-1.199063,-1.05497,MLI,LBN,8413
2763281,142,124,1631,2014,8798.0,0.0,0.817013,0.0016309999999999999,MLT,LBN,8413
2763282,147,124,1631,2014,3957.0,14507.0,-1.1993610000000001,-1.040181,MOZ,LBN,8413
2763283,148,124,1631,2014,0.0,11345.0,-1.458551,-1.225373,MRT,LBN,8413
2763284,152,124,1631,2014,0.0,4349.0,-0.494204,-0.751903,MWI,LBN,8413
2763285,153,124,1631,2014,12922.0,0.0,1.018138,0.774649,MYS,LBN,8413
2763286,157,124,1631,2014,0.0,1637.0,-0.7187,-0.80918,NER,LBN,8413
2763287,159,124,1631,2014,0.0,521730.0,-1.2126430000000001,-1.059697,NGA,LBN,8413
2763288,162,124,1631,2014,1172459.0,3184.0,1.179325,1.355071,NLD,LBN,8413
2763289,166,124,1631,2014,2006.0,0.0,0.272502,0.21628699999999998,NZL,LBN,8413
2763290,167,124,1631,2014,0.0,55966.0,-0.505129,-1.0051370000000002,OMN,LBN,8413
2763291,177,124,1631,2014,1105114.0,0.0,1.133102,1.177165,POL,LBN,8413
2763292,178,124,1631,2014,2598.0,0.0,-0.23883000000000001,-0.009727,PRK,LBN,8413
2763293,179,124,1631,2014,8526.0,0.0,0.621053,2.349644,PRT,LBN,8413
2763294,183,124,1631,2014,0.0,26284.0,-0.37535599999999997,-1.0196370000000001,QAT,LBN,8413
2763295,185,124,1631,2014,22640.0,0.0,0.9112,1.188161,ROU,LBN,8413
2763296,186,124,1631,2014,23357.0,0.0,0.229422,-0.214856,RUS,LBN,8413
2763297,188,124,1631,2014,0.0,72727.0,0.5758439999999999,-0.832692,SAU,LBN,8413
2763298,190,124,1631,2014,0.0,59437.0,-1.442381,-1.1155030000000001,SDN,LBN,8413
2763299,191,124,1631,2014,0.0,22845.0,-0.502607,-0.08866,SEN,LBN,8413
2763300,192,124,1631,2014,5705.0,0.0,1.867492,0.626736,SGP,LBN,8413
2763301,196,124,1631,2014,0.0,49686.0,-0.9228569999999999,-0.791482,SLE,LBN,8413
2763302,201,124,1631,2014,15386.0,0.0,0.551635,1.211535,SRB,LBN,8413
2763303,206,124,1631,2014,16681.0,0.0,1.334959,0.821253,SVK,LBN,8413
2763304,207,124,1631,2014,84872.0,0.0,1.6558669999999998,0.6814399999999999,SVN,LBN,8413
2763305,208,124,1631,2014,237270.0,0.0,1.817752,0.558474,SWE,LBN,8413
2763306,212,124,1631,2014,15955.0,88331.0,-0.366224,0.9054719999999999,SYR,LBN,8413
2763307,215,124,1631,2014,0.0,13222.0,-0.524103,-0.537643,TGO,LBN,8413
2763308,216,124,1631,2014,279246.0,0.0,0.977094,1.41283,THA,LBN,8413
2763309,224,124,1631,2014,930318.0,17459.0,0.554761,2.385693,TUR,LBN,8413
2763310,226,124,1631,2014,0.0,1806.0,-1.054331,0.166345,TZA,LBN,8413
2763311,227,124,1631,2014,0.0,17550.0,-0.46911800000000003,0.25446599999999997,UGA,LBN,8413
2763312,231,124,1631,2014,2891759.0,7173.0,1.61227,0.068905,USA,LBN,8413
2763313,239,124,1631,2014,2112.0,0.0,-0.023765,1.344416,VNM,LBN,8413
2763314,243,124,1631,2014,28489.0,2297.0,-1.2829190000000001,-1.227373,YEM,LBN,8413
2763315,246,124,1631,2014,99261.0,578.0,0.282927,1.723214,ZAF,LBN,8413
2763316,247,124,1631,2014,0.0,4765.0,-0.664089,-0.793452,ZMB,LBN,8413
2763317,249,124,1631,2014,157843.0,0.0,1.9044189999999999,1.0595139999999998,TWN,LBN,8413
2763318,250,124,1631,2014,0.0,28503.0,0.506842,0.049545,ANS,LBN,8413
2763319,7,128,1631,2014,84969.0,14390.0,0.087775,-0.289459,ARE,LKA,8413
2763320,14,128,1631,2014,193197.0,0.0,-0.398273,-0.17128,AUS,LKA,8413
2763321,15,128,1631,2014,125843.0,0.0,1.7116790000000002,-0.140232,AUT,LKA,8413
2763322,18,128,1631,2014,314336.0,0.0,1.234156,1.226441,BEL,LKA,8413
2763323,22,128,1631,2014,0.0,422959.0,-1.0341879999999999,-0.9614870000000001,BGD,LKA,8413
2763324,32,128,1631,2014,610851.0,0.0,0.218223,0.556921,BRA,LKA,8413
2763325,39,128,1631,2014,38641.0,2286.0,0.671395,1.024683,CAN,LKA,8413
2763326,41,128,1631,2014,120903.0,2503.0,2.2000919999999997,0.65398,CHE,LKA,8413
2763327,43,128,1631,2014,9682831.0,50227.0,1.187557,1.222085,CHN,LKA,8413
2763328,51,128,1631,2014,0.0,5227.0,-0.182368,-0.7136359999999999,CPV,LKA,8413
2763329,52,128,1631,2014,1626.0,0.0,0.065938,-0.687971,CRI,LKA,8413
2763330,59,128,1631,2014,69568.0,0.0,1.8105830000000003,0.131131,CZE,LKA,8413
2763331,61,128,1631,2014,1210622.0,17218.0,2.052849,-2.888805,DEU,LKA,8413
2763332,64,128,1631,2014,137688.0,0.0,1.10869,1.245193,DNK,LKA,8413
2763333,67,128,1631,2014,3197.0,0.0,-1.066865,-1.052921,ECU,LKA,8413
2763334,71,128,1631,2014,2917374.0,0.0,0.842147,2.45692,ESP,LKA,8413
2763335,74,128,1631,2014,9679.0,0.0,1.626355,1.002923,FIN,LKA,8413
2763336,77,128,1631,2014,569321.0,79230.0,1.4817790000000002,0.30995,FRA,LKA,8413
2763337,81,128,1631,2014,697721.0,5254.0,1.697964,0.585372,GBR,LKA,8413
2763338,90,128,1631,2014,26871.0,0.0,0.149337,0.8560540000000001,GRC,LKA,8413
2763339,97,128,1631,2014,73615.0,0.0,0.812132,1.722493,HKG,LKA,8413
2763340,100,128,1631,2014,9351.0,0.0,0.804401,1.250807,HRV,LKA,8413
2763341,102,128,1631,2014,39045.0,0.0,1.477093,0.812869,HUN,LKA,8413
2763342,103,128,1631,2014,41450.0,9225.0,-0.088032,1.3966459999999998,IDN,LKA,8413
2763343,104,128,1631,2014,4178997.0,79793.0,0.262042,2.6305080000000003,IND,LKA,8413
2763344,107,128,1631,2014,109593.0,0.0,-0.361058,-0.312743,IRN,LKA,8413
2763345,111,128,1631,2014,932668.0,2018.0,1.340136,0.43931099999999995,ITA,LKA,8413
2763346,114,128,1631,2014,1104440.0,16695.0,2.403165,-0.635024,JPN,LKA,8413
2763347,121,128,1631,2014,860633.0,51782.0,1.817145,0.8394530000000001,KOR,LKA,8413
2763348,131,128,1631,2014,28458.0,0.0,1.243845,1.155474,LUX,LKA,8413
2763349,134,128,1631,2014,18256.0,0.0,-0.574034,0.065788,MAR,LKA,8413
2763350,137,128,1631,2014,2584.0,92094.0,-0.43265299999999995,-0.82696,MDV,LKA,8413
2763351,138,128,1631,2014,176164.0,0.0,1.0799729999999998,0.697554,MEX,LKA,8413
2763352,151,128,1631,2014,1261.0,1658.0,-0.029891,-0.12431099999999999,MUS,LKA,8413
2763353,153,128,1631,2014,146478.0,33626.0,1.018138,0.774649,MYS,LKA,8413
2763354,162,128,1631,2014,426919.0,1174.0,1.179325,1.355071,NLD,LKA,8413
2763355,163,128,1631,2014,576090.0,0.0,0.9187049999999999,0.182685,NOR,LKA,8413
2763356,166,128,1631,2014,4182.0,0.0,0.272502,0.21628699999999998,NZL,LKA,8413
2763357,167,128,1631,2014,0.0,5820.0,-0.505129,-1.0051370000000002,OMN,LKA,8413
2763358,168,128,1631,2014,14174.0,237417.0,-0.672924,0.566787,PAK,LKA,8413
2763359,174,128,1631,2014,12451.0,0.0,0.637442,0.475883,PHL,LKA,8413
2763360,177,128,1631,2014,13639.0,0.0,1.133102,1.177165,POL,LKA,8413
2763361,179,128,1631,2014,212834.0,0.0,0.621053,2.349644,PRT,LKA,8413
2763362,188,128,1631,2014,0.0,1473.0,0.5758439999999999,-0.832692,SAU,LKA,8413
2763363,190,128,1631,2014,2164.0,0.0,-1.442381,-1.1155030000000001,SDN,LKA,8413
2763364,192,128,1631,2014,2469608.0,97145.0,1.867492,0.626736,SGP,LKA,8413
2763365,208,128,1631,2014,71615.0,0.0,1.817752,0.558474,SWE,LKA,8413
2763366,209,128,1631,2014,19804.0,0.0,0.22972199999999998,-0.365564,SWZ,LKA,8413
2763367,211,128,1631,2014,0.0,56838.0,0.358111,-0.484879,SYC,LKA,8413
2763368,216,128,1631,2014,146771.0,22993.0,0.977094,1.41283,THA,LKA,8413
2763369,224,128,1631,2014,1037237.0,0.0,0.554761,2.385693,TUR,LKA,8413
2763370,227,128,1631,2014,0.0,1029.0,-0.46911800000000003,0.25446599999999997,UGA,LKA,8413
2763371,231,128,1631,2014,1225439.0,2011.0,1.61227,0.068905,USA,LKA,8413
2763372,239,128,1631,2014,298240.0,0.0,-0.023765,1.344416,VNM,LKA,8413
2763373,249,128,1631,2014,601773.0,0.0,1.9044189999999999,1.0595139999999998,TWN,LKA,8413
2763374,7,130,1631,2014,3633.0,30219.0,0.087775,-0.289459,ARE,LTU,8413
2763375,8,130,1631,2014,0.0,72120.0,0.10691500000000001,0.44860600000000006,ARG,LTU,8413
2763376,9,130,1631,2014,0.0,8108.0,-0.198322,-0.5918680000000001,ARM,LTU,8413
2763377,14,130,1631,2014,851.0,0.0,-0.398273,-0.17128,AUS,LTU,8413
2763378,15,130,1631,2014,516111.0,980.0,1.7116790000000002,-0.140232,AUT,LTU,8413
2763379,16,130,1631,2014,0.0,112497.0,-0.909508,-1.165158,AZE,LTU,8413
2763380,18,130,1631,2014,1390628.0,266990.0,1.234156,1.226441,BEL,LTU,8413
2763381,23,130,1631,2014,87866.0,320153.0,0.579058,1.6558110000000001,BGR,LTU,8413
2763382,28,130,1631,2014,625135.0,12719757.0,0.874108,0.676231,BLR,LTU,8413
2763383,31,130,1631,2014,0.0,1084.0,-1.129494,-1.030198,BOL,LTU,8413
2763384,32,130,1631,2014,44177.0,2005.0,0.218223,0.556921,BRA,LTU,8413
2763385,39,130,1631,2014,413236.0,34862.0,0.671395,1.024683,CAN,LTU,8413
2763386,41,130,1631,2014,966517.0,37004.0,2.2000919999999997,0.65398,CHE,LTU,8413
2763387,42,130,1631,2014,0.0,1497.0,-0.344671,-0.43380799999999997,CHL,LTU,8413
2763388,43,130,1631,2014,6877617.0,115043.0,1.187557,1.222085,CHN,LTU,8413
2763389,59,130,1631,2014,549379.0,72804.0,1.8105830000000003,0.131131,CZE,LTU,8413
2763390,61,130,1631,2014,20608734.0,280484.0,2.052849,-2.888805,DEU,LTU,8413
2763391,64,130,1631,2014,797823.0,48034.0,1.10869,1.245193,DNK,LTU,8413
2763392,66,130,1631,2014,0.0,636.0,-1.5554649999999999,-1.1657030000000002,DZA,LTU,8413
2763393,71,130,1631,2014,1020440.0,63583.0,0.842147,2.45692,ESP,LTU,8413
2763394,72,130,1631,2014,1154493.0,835158.0,0.9147780000000001,1.151556,EST,LTU,8413
2763395,74,130,1631,2014,1277175.0,230944.0,1.626355,1.002923,FIN,LTU,8413
2763396,77,130,1631,2014,2488792.0,68453.0,1.4817790000000002,0.30995,FRA,LTU,8413
2763397,78,130,1631,2014,0.0,17038.0,-0.703929,-0.86265,FRO,LTU,8413
2763398,81,130,1631,2014,2372034.0,540606.0,1.697964,0.585372,GBR,LTU,8413
2763399,82,130,1631,2014,0.0,9634.0,-0.254106,-0.646584,GEO,LTU,8413
2763400,83,130,1631,2014,0.0,5731.0,-1.130226,-0.9909379999999999,GHA,LTU,8413
2763401,90,130,1631,2014,2371.0,20404.0,0.149337,0.8560540000000001,GRC,LTU,8413
2763402,97,130,1631,2014,3485.0,0.0,0.812132,1.722493,HKG,LTU,8413
2763403,100,130,1631,2014,13394.0,14363.0,0.804401,1.250807,HRV,LTU,8413
2763404,102,130,1631,2014,109832.0,260437.0,1.477093,0.812869,HUN,LTU,8413
2763405,103,130,1631,2014,0.0,2519.0,-0.088032,1.3966459999999998,IDN,LTU,8413
2763406,104,130,1631,2014,47071.0,0.0,0.262042,2.6305080000000003,IND,LTU,8413
2763407,106,130,1631,2014,102410.0,1806.0,1.2658399999999999,0.278546,IRL,LTU,8413
2763408,107,130,1631,2014,0.0,1709.0,-0.361058,-0.312743,IRN,LTU,8413
2763409,108,130,1631,2014,0.0,2671.0,-2.9169,-0.882023,IRQ,LTU,8413
2763410,109,130,1631,2014,0.0,13810.0,0.127891,-0.302014,ISL,LTU,8413
2763411,110,130,1631,2014,14567.0,1892.0,1.211141,0.64523,ISR,LTU,8413
2763412,111,130,1631,2014,7837131.0,5155.0,1.340136,0.43931099999999995,ITA,LTU,8413
2763413,114,130,1631,2014,1209210.0,0.0,2.403165,-0.635024,JPN,LTU,8413
2763414,115,130,1631,2014,0.0,2654855.0,-0.210431,-0.574075,KAZ,LTU,8413
2763415,117,130,1631,2014,0.0,153314.0,-0.31942600000000004,-0.012454,KGZ,LTU,8413
2763416,118,130,1631,2014,0.0,1620.0,-0.84072,-0.8307040000000001,KHM,LTU,8413
2763417,121,130,1631,2014,755957.0,5387.0,1.817145,0.8394530000000001,KOR,LTU,8413
2763418,131,130,1631,2014,450271.0,0.0,1.243845,1.155474,LUX,LTU,8413
2763419,132,130,1631,2014,2794882.0,1833921.0,0.613116,1.1899790000000001,LVA,LTU,8413
2763420,135,130,1631,2014,7274.0,7547.0,-0.10438199999999999,-0.093194,MDA,LTU,8413
2763421,138,130,1631,2014,599.0,2876.0,1.0799729999999998,0.697554,MEX,LTU,8413
2763422,142,130,1631,2014,0.0,1484.0,0.817013,0.0016309999999999999,MLT,LTU,8413
2763423,143,130,1631,2014,0.0,76397.0,-1.5332459999999999,-1.145973,MMR,LTU,8413
2763424,153,130,1631,2014,0.0,1132.0,1.018138,0.774649,MYS,LTU,8413
2763425,155,130,1631,2014,1494.0,0.0,-0.428227,-0.5632229999999999,NAM,LTU,8413
2763426,159,130,1631,2014,2319.0,10484.0,-1.2126430000000001,-1.059697,NGA,LTU,8413
2763427,160,130,1631,2014,0.0,2162.0,-0.938269,-0.839066,NIC,LTU,8413
2763428,162,130,1631,2014,1594101.0,117978.0,1.179325,1.355071,NLD,LTU,8413
2763429,163,130,1631,2014,102747.0,230355.0,0.9187049999999999,0.182685,NOR,LTU,8413
2763430,166,130,1631,2014,0.0,3308.0,0.272502,0.21628699999999998,NZL,LTU,8413
2763431,169,130,1631,2014,0.0,13306.0,0.771742,0.9873190000000001,PAN,LTU,8413
2763432,173,130,1631,2014,0.0,1519.0,-0.557833,0.611826,PER,LTU,8413
2763433,177,130,1631,2014,2668017.0,744701.0,1.133102,1.177165,POL,LTU,8413
2763434,179,130,1631,2014,258149.0,8035.0,0.621053,2.349644,PRT,LTU,8413
2763435,185,130,1631,2014,71165.0,199898.0,0.9112,1.188161,ROU,LTU,8413
2763436,186,130,1631,2014,2491158.0,13798163.0,0.229422,-0.214856,RUS,LTU,8413
2763437,188,130,1631,2014,0.0,25024.0,0.5758439999999999,-0.832692,SAU,LTU,8413
2763438,192,130,1631,2014,15329.0,6085.0,1.867492,0.626736,SGP,LTU,8413
2763439,201,130,1631,2014,53418.0,6956.0,0.551635,1.211535,SRB,LTU,8413
2763440,206,130,1631,2014,139900.0,82690.0,1.334959,0.821253,SVK,LTU,8413
2763441,207,130,1631,2014,236925.0,20602.0,1.6558669999999998,0.6814399999999999,SVN,LTU,8413
2763442,208,130,1631,2014,2697698.0,69150.0,1.817752,0.558474,SWE,LTU,8413
2763443,211,130,1631,2014,0.0,32914.0,0.358111,-0.484879,SYC,LTU,8413
2763444,216,130,1631,2014,17289.0,2654.0,0.977094,1.41283,THA,LTU,8413
2763445,217,130,1631,2014,0.0,2510.0,-0.706823,-0.993756,TJK,LTU,8413
2763446,219,130,1631,2014,0.0,2596643.0,-1.217897,-1.184131,TKM,LTU,8413
2763447,224,130,1631,2014,392513.0,20173.0,0.554761,2.385693,TUR,LTU,8413
2763448,228,130,1631,2014,2641033.0,678108.0,0.566535,0.832267,UKR,LTU,8413
2763449,231,130,1631,2014,5986407.0,214828.0,1.61227,0.068905,USA,LTU,8413
2763450,232,130,1631,2014,0.0,4180311.0,-0.407623,-0.37150700000000003,UZB,LTU,8413
2763451,236,130,1631,2014,0.0,18188.0,-0.582086,-1.081727,VEN,LTU,8413
2763452,246,130,1631,2014,0.0,3045.0,0.282927,1.723214,ZAF,LTU,8413
2763453,247,130,1631,2014,0.0,8976.0,-0.664089,-0.793452,ZMB,LTU,8413
2763454,249,130,1631,2014,616707.0,3901.0,1.9044189999999999,1.0595139999999998,TWN,LTU,8413
2763455,1,131,1631,2014,0.0,2548.0,-0.924386,-0.839385,AFG,LUX,8413
2763456,2,131,1631,2014,0.0,26579.0,-1.8184900000000002,-1.149191,AGO,LUX,8413
2763457,7,131,1631,2014,0.0,962576.0,0.087775,-0.289459,ARE,LUX,8413
2763458,8,131,1631,2014,0.0,529476.0,0.10691500000000001,0.44860600000000006,ARG,LUX,8413
2763459,14,131,1631,2014,0.0,214487.0,-0.398273,-0.17128,AUS,LUX,8413
2763460,15,131,1631,2014,128117.0,1878670.0,1.7116790000000002,-0.140232,AUT,LUX,8413
2763461,16,131,1631,2014,0.0,323914.0,-0.909508,-1.165158,AZE,LUX,8413
2763462,18,131,1631,2014,7022804.0,1628893.0,1.234156,1.226441,BEL,LUX,8413
2763463,23,131,1631,2014,0.0,64104.0,0.579058,1.6558110000000001,BGR,LUX,8413
2763464,24,131,1631,2014,0.0,237751.0,0.460168,-0.41671099999999994,BHR,LUX,8413
2763465,26,131,1631,2014,0.0,6981.0,0.5083300000000001,0.711704,BIH,LUX,8413
2763466,28,131,1631,2014,0.0,37946.0,0.874108,0.676231,BLR,LUX,8413
2763467,31,131,1631,2014,0.0,135604.0,-1.129494,-1.030198,BOL,LUX,8413
2763468,32,131,1631,2014,8002.0,665195.0,0.218223,0.556921,BRA,LUX,8413
2763469,34,131,1631,2014,0.0,353784.0,0.191357,-0.683567,BRN,LUX,8413
2763470,39,131,1631,2014,36822.0,331828.0,0.671395,1.024683,CAN,LUX,8413
2763471,41,131,1631,2014,178110.0,442434.0,2.2000919999999997,0.65398,CHE,LUX,8413
2763472,42,131,1631,2014,0.0,207857.0,-0.344671,-0.43380799999999997,CHL,LUX,8413
2763473,43,131,1631,2014,3205059.0,688509.0,1.187557,1.222085,CHN,LUX,8413
2763474,44,131,1631,2014,0.0,2562.0,-0.737625,-0.768728,CIV,LUX,8413
2763475,45,131,1631,2014,0.0,19408.0,-0.6723520000000001,-0.945084,CMR,LUX,8413
2763476,47,131,1631,2014,0.0,5370.0,-1.371624,-1.12468,COG,LUX,8413
2763477,49,131,1631,2014,0.0,232839.0,0.19864500000000002,-0.378364,COL,LUX,8413
2763478,58,131,1631,2014,0.0,22206.0,0.627467,0.483725,CYP,LUX,8413
2763479,59,131,1631,2014,258245.0,112981.0,1.8105830000000003,0.131131,CZE,LUX,8413
2763480,61,131,1631,2014,17493172.0,3102445.0,2.052849,-2.888805,DEU,LUX,8413
2763481,64,131,1631,2014,61858.0,524876.0,1.10869,1.245193,DNK,LUX,8413
2763482,66,131,1631,2014,0.0,103251.0,-1.5554649999999999,-1.1657030000000002,DZA,LUX,8413
2763483,67,131,1631,2014,0.0,120731.0,-1.066865,-1.052921,ECU,LUX,8413
2763484,68,131,1631,2014,0.0,190305.0,-0.086866,1.7419669999999998,EGY,LUX,8413
2763485,71,131,1631,2014,50182.0,3258049.0,0.842147,2.45692,ESP,LUX,8413
2763486,72,131,1631,2014,0.0,4182.0,0.9147780000000001,1.151556,EST,LUX,8413
2763487,74,131,1631,2014,7702.0,2264196.0,1.626355,1.002923,FIN,LUX,8413
2763488,77,131,1631,2014,2805394.0,4553516.0,1.4817790000000002,0.30995,FRA,LUX,8413
2763489,81,131,1631,2014,770800.0,3457778.0,1.697964,0.585372,GBR,LUX,8413
2763490,82,131,1631,2014,0.0,9704.0,-0.254106,-0.646584,GEO,LUX,8413
2763491,83,131,1631,2014,0.0,48535.0,-1.130226,-0.9909379999999999,GHA,LUX,8413
2763492,84,131,1631,2014,0.0,4556.0,0.275796,-0.720217,GIB,LUX,8413
2763493,85,131,1631,2014,0.0,2846.0,-1.628409,-1.202473,GIN,LUX,8413
2763494,90,131,1631,2014,0.0,900230.0,0.149337,0.8560540000000001,GRC,LUX,8413
2763495,93,131,1631,2014,0.0,1108.0,-0.36547199999999996,0.548894,GTM,LUX,8413
2763496,97,131,1631,2014,0.0,173500.0,0.812132,1.722493,HKG,LUX,8413
2763497,100,131,1631,2014,0.0,281417.0,0.804401,1.250807,HRV,LUX,8413
2763498,102,131,1631,2014,14054.0,106315.0,1.477093,0.812869,HUN,LUX,8413
2763499,103,131,1631,2014,0.0,135430.0,-0.088032,1.3966459999999998,IDN,LUX,8413
2763500,104,131,1631,2014,1685.0,293376.0,0.262042,2.6305080000000003,IND,LUX,8413
2763501,106,131,1631,2014,35773621.0,1239739.0,1.2658399999999999,0.278546,IRL,LUX,8413
2763502,107,131,1631,2014,0.0,28766.0,-0.361058,-0.312743,IRN,LUX,8413
2763503,108,131,1631,2014,0.0,1350752.0,-2.9169,-0.882023,IRQ,LUX,8413
2763504,109,131,1631,2014,0.0,20720.0,0.127891,-0.302014,ISL,LUX,8413
2763505,110,131,1631,2014,0.0,204339.0,1.211141,0.64523,ISR,LUX,8413
2763506,111,131,1631,2014,11855963.0,3589358.0,1.340136,0.43931099999999995,ITA,LUX,8413
2763507,113,131,1631,2014,0.0,38432.0,0.210208,0.48732299999999995,JOR,LUX,8413
2763508,114,131,1631,2014,31066.0,15165.0,2.403165,-0.635024,JPN,LUX,8413
2763509,115,131,1631,2014,0.0,88481.0,-0.210431,-0.574075,KAZ,LUX,8413
2763510,116,131,1631,2014,0.0,97371.0,-0.487058,0.307288,KEN,LUX,8413
2763511,117,131,1631,2014,0.0,4769.0,-0.31942600000000004,-0.012454,KGZ,LUX,8413
2763512,121,131,1631,2014,25734.0,139129.0,1.817145,0.8394530000000001,KOR,LUX,8413
2763513,122,131,1631,2014,0.0,1437334.0,-0.769616,-1.10667,KWT,LUX,8413
2763514,124,131,1631,2014,0.0,244089.0,0.308677,1.7564490000000001,LBN,LUX,8413
2763515,126,131,1631,2014,0.0,49498.0,-1.5943829999999999,-1.189961,LBY,LUX,8413
2763516,128,131,1631,2014,0.0,28458.0,-0.49366899999999997,0.338686,LKA,LUX,8413
2763517,130,131,1631,2014,0.0,450271.0,0.764495,1.3451540000000002,LTU,LUX,8413
2763518,132,131,1631,2014,0.0,91991.0,0.613116,1.1899790000000001,LVA,LUX,8413
2763519,134,131,1631,2014,0.0,185257.0,-0.574034,0.065788,MAR,LUX,8413
2763520,136,131,1631,2014,0.0,932.0,-1.002122,-0.44446,MDG,LUX,8413
2763521,138,131,1631,2014,529.0,253300.0,1.0799729999999998,0.697554,MEX,LUX,8413
2763522,140,131,1631,2014,0.0,1640.0,-0.039799,-0.05545,MKD,LUX,8413
2763523,142,131,1631,2014,0.0,76564.0,0.817013,0.0016309999999999999,MLT,LUX,8413
2763524,145,131,1631,2014,0.0,2876.0,-1.425524,-1.161949,MNG,LUX,8413
2763525,151,131,1631,2014,0.0,33708.0,-0.029891,-0.12431099999999999,MUS,LUX,8413
2763526,153,131,1631,2014,0.0,1215690.0,1.018138,0.774649,MYS,LUX,8413
2763527,159,131,1631,2014,0.0,14197.0,-1.2126430000000001,-1.059697,NGA,LUX,8413
2763528,162,131,1631,2014,1713449.0,1408691.0,1.179325,1.355071,NLD,LUX,8413
2763529,163,131,1631,2014,191488.0,2774213.0,0.9187049999999999,0.182685,NOR,LUX,8413
2763530,166,131,1631,2014,0.0,40637.0,0.272502,0.21628699999999998,NZL,LUX,8413
2763531,167,131,1631,2014,0.0,220685.0,-0.505129,-1.0051370000000002,OMN,LUX,8413
2763532,168,131,1631,2014,0.0,32934.0,-0.672924,0.566787,PAK,LUX,8413
2763533,169,131,1631,2014,0.0,13358.0,0.771742,0.9873190000000001,PAN,LUX,8413
2763534,173,131,1631,2014,0.0,383028.0,-0.557833,0.611826,PER,LUX,8413
2763535,174,131,1631,2014,0.0,14671.0,0.637442,0.475883,PHL,LUX,8413
2763536,177,131,1631,2014,297303.0,1514250.0,1.133102,1.177165,POL,LUX,8413
2763537,179,131,1631,2014,24799.0,484459.0,0.621053,2.349644,PRT,LUX,8413
2763538,183,131,1631,2014,0.0,566620.0,-0.37535599999999997,-1.0196370000000001,QAT,LUX,8413
2763539,185,131,1631,2014,0.0,626433.0,0.9112,1.188161,ROU,LUX,8413
2763540,186,131,1631,2014,0.0,269117.0,0.229422,-0.214856,RUS,LUX,8413
2763541,187,131,1631,2014,0.0,2206.0,-0.5692659999999999,-0.447859,RWA,LUX,8413
2763542,188,131,1631,2014,0.0,1599230.0,0.5758439999999999,-0.832692,SAU,LUX,8413
2763543,192,131,1631,2014,6119.0,354377.0,1.867492,0.626736,SGP,LUX,8413
2763544,201,131,1631,2014,1066.0,22792.0,0.551635,1.211535,SRB,LUX,8413
2763545,206,131,1631,2014,1549.0,35881.0,1.334959,0.821253,SVK,LUX,8413
2763546,207,131,1631,2014,0.0,256641.0,1.6558669999999998,0.6814399999999999,SVN,LUX,8413
2763547,208,131,1631,2014,5057728.0,1808902.0,1.817752,0.558474,SWE,LUX,8413
2763548,211,131,1631,2014,1251.0,5871.0,0.358111,-0.484879,SYC,LUX,8413
2763549,216,131,1631,2014,353.0,342470.0,0.977094,1.41283,THA,LUX,8413
2763550,219,131,1631,2014,0.0,3621.0,-1.217897,-1.184131,TKM,LUX,8413
2763551,223,131,1631,2014,0.0,326273.0,0.343449,1.118007,TUN,LUX,8413
2763552,224,131,1631,2014,148480.0,400271.0,0.554761,2.385693,TUR,LUX,8413
2763553,226,131,1631,2014,0.0,5572.0,-1.054331,0.166345,TZA,LUX,8413
2763554,228,131,1631,2014,0.0,152974.0,0.566535,0.832267,UKR,LUX,8413
2763555,230,131,1631,2014,0.0,48274.0,0.154034,-0.380899,URY,LUX,8413
2763556,231,131,1631,2014,656987.0,373984.0,1.61227,0.068905,USA,LUX,8413
2763557,232,131,1631,2014,0.0,9409.0,-0.407623,-0.37150700000000003,UZB,LUX,8413
2763558,239,131,1631,2014,0.0,682503.0,-0.023765,1.344416,VNM,LUX,8413
2763559,243,131,1631,2014,0.0,185417.0,-1.2829190000000001,-1.227373,YEM,LUX,8413
2763560,246,131,1631,2014,1671.0,515122.0,0.282927,1.723214,ZAF,LUX,8413
2763561,249,131,1631,2014,3536.0,181684.0,1.9044189999999999,1.0595139999999998,TWN,LUX,8413
2763562,250,131,1631,2014,980089.0,0.0,0.506842,0.049545,ANS,LUX,8413
2763563,7,132,1631,2014,11629.0,0.0,0.087775,-0.289459,ARE,LVA,8413
2763564,9,132,1631,2014,0.0,14061.0,-0.198322,-0.5918680000000001,ARM,LVA,8413
2763565,14,132,1631,2014,3807.0,9064.0,-0.398273,-0.17128,AUS,LVA,8413
2763566,15,132,1631,2014,86951.0,1503.0,1.7116790000000002,-0.140232,AUT,LVA,8413
2763567,16,132,1631,2014,0.0,20381.0,-0.909508,-1.165158,AZE,LVA,8413
2763568,18,132,1631,2014,1225032.0,61806.0,1.234156,1.226441,BEL,LVA,8413
2763569,23,132,1631,2014,60937.0,35743.0,0.579058,1.6558110000000001,BGR,LVA,8413
2763570,24,132,1631,2014,23452.0,0.0,0.460168,-0.41671099999999994,BHR,LVA,8413
2763571,28,132,1631,2014,361452.0,1195319.0,0.874108,0.676231,BLR,LVA,8413
2763572,39,132,1631,2014,17935.0,51081.0,0.671395,1.024683,CAN,LVA,8413
2763573,41,132,1631,2014,123009.0,32176.0,2.2000919999999997,0.65398,CHE,LVA,8413
2763574,43,132,1631,2014,6455867.0,2838.0,1.187557,1.222085,CHN,LVA,8413
2763575,58,132,1631,2014,0.0,12336.0,0.627467,0.483725,CYP,LVA,8413
2763576,59,132,1631,2014,212947.0,21028.0,1.8105830000000003,0.131131,CZE,LVA,8413
2763577,61,132,1631,2014,10728971.0,132323.0,2.052849,-2.888805,DEU,LVA,8413
2763578,64,132,1631,2014,380070.0,271723.0,1.10869,1.245193,DNK,LVA,8413
2763579,71,132,1631,2014,1312902.0,1619.0,0.842147,2.45692,ESP,LVA,8413
2763580,72,132,1631,2014,1152475.0,2210091.0,0.9147780000000001,1.151556,EST,LVA,8413
2763581,74,132,1631,2014,365842.0,9926.0,1.626355,1.002923,FIN,LVA,8413
2763582,77,132,1631,2014,2466792.0,52101.0,1.4817790000000002,0.30995,FRA,LVA,8413
2763583,81,132,1631,2014,2444589.0,50941.0,1.697964,0.585372,GBR,LVA,8413
2763584,82,132,1631,2014,33110.0,16784.0,-0.254106,-0.646584,GEO,LVA,8413
2763585,97,132,1631,2014,118723.0,0.0,0.812132,1.722493,HKG,LVA,8413
2763586,100,132,1631,2014,20924.0,2299.0,0.804401,1.250807,HRV,LVA,8413
2763587,102,132,1631,2014,43545.0,2867.0,1.477093,0.812869,HUN,LVA,8413
2763588,104,132,1631,2014,6791.0,65035.0,0.262042,2.6305080000000003,IND,LVA,8413
2763589,106,132,1631,2014,185874.0,0.0,1.2658399999999999,0.278546,IRL,LVA,8413
2763590,107,132,1631,2014,0.0,12919.0,-0.361058,-0.312743,IRN,LVA,8413
2763591,111,132,1631,2014,6002964.0,0.0,1.340136,0.43931099999999995,ITA,LVA,8413
2763592,114,132,1631,2014,31830.0,1653.0,2.403165,-0.635024,JPN,LVA,8413
2763593,115,132,1631,2014,0.0,239520.0,-0.210431,-0.574075,KAZ,LVA,8413
2763594,120,132,1631,2014,0.0,2908.0,0.9888950000000001,-0.28283800000000003,KNA,LVA,8413
2763595,121,132,1631,2014,132416.0,6200.0,1.817145,0.8394530000000001,KOR,LVA,8413
2763596,122,132,1631,2014,0.0,9634.0,-0.769616,-1.10667,KWT,LVA,8413
2763597,125,132,1631,2014,0.0,90129.0,-1.016828,-1.107983,LBR,LVA,8413
2763598,130,132,1631,2014,1833921.0,2794882.0,0.764495,1.3451540000000002,LTU,LVA,8413
2763599,131,132,1631,2014,91991.0,0.0,1.243845,1.155474,LUX,LVA,8413
2763600,135,132,1631,2014,24682.0,7723.0,-0.10438199999999999,-0.093194,MDA,LVA,8413
2763601,138,132,1631,2014,5201.0,0.0,1.0799729999999998,0.697554,MEX,LVA,8413
2763602,142,132,1631,2014,0.0,4037.0,0.817013,0.0016309999999999999,MLT,LVA,8413
2763603,153,132,1631,2014,0.0,28013.0,1.018138,0.774649,MYS,LVA,8413
2763604,162,132,1631,2014,2003569.0,238734.0,1.179325,1.355071,NLD,LVA,8413
2763605,163,132,1631,2014,521396.0,45863.0,0.9187049999999999,0.182685,NOR,LVA,8413
2763606,177,132,1631,2014,2388484.0,56024.0,1.133102,1.177165,POL,LVA,8413
2763607,179,132,1631,2014,182311.0,0.0,0.621053,2.349644,PRT,LVA,8413
2763608,185,132,1631,2014,1789.0,35545.0,0.9112,1.188161,ROU,LVA,8413
2763609,186,132,1631,2014,2040742.0,1007194.0,0.229422,-0.214856,RUS,LVA,8413
2763610,192,132,1631,2014,4388.0,37000.0,1.867492,0.626736,SGP,LVA,8413
2763611,201,132,1631,2014,16199.0,2995.0,0.551635,1.211535,SRB,LVA,8413
2763612,206,132,1631,2014,7578.0,16393.0,1.334959,0.821253,SVK,LVA,8413
2763613,207,132,1631,2014,28626.0,3930.0,1.6558669999999998,0.6814399999999999,SVN,LVA,8413
2763614,208,132,1631,2014,2906890.0,151725.0,1.817752,0.558474,SWE,LVA,8413
2763615,216,132,1631,2014,2370.0,2275.0,0.977094,1.41283,THA,LVA,8413
2763616,217,132,1631,2014,0.0,8229.0,-0.706823,-0.993756,TJK,LVA,8413
2763617,224,132,1631,2014,828211.0,134309.0,0.554761,2.385693,TUR,LVA,8413
2763618,228,132,1631,2014,674762.0,78512.0,0.566535,0.832267,UKR,LVA,8413
2763619,231,132,1631,2014,5897547.0,64269.0,1.61227,0.068905,USA,LVA,8413
2763620,232,132,1631,2014,0.0,249403.0,-0.407623,-0.37150700000000003,UZB,LVA,8413
2763621,237,132,1631,2014,0.0,7290.0,0.484282,-0.082974,VGB,LVA,8413
2763622,239,132,1631,2014,0.0,46691.0,-0.023765,1.344416,VNM,LVA,8413
2763623,246,132,1631,2014,0.0,17556.0,0.282927,1.723214,ZAF,LVA,8413
2763624,249,132,1631,2014,1331415.0,0.0,1.9044189999999999,1.0595139999999998,TWN,LVA,8413
2763625,4,140,1631,2014,0.0,178992.0,-0.476024,-0.33978400000000003,ALB,MKD,8413
2763626,7,140,1631,2014,0.0,24931.0,0.087775,-0.289459,ARE,MKD,8413
2763627,14,140,1631,2014,248.0,0.0,-0.398273,-0.17128,AUS,MKD,8413
2763628,15,140,1631,2014,125652.0,76086.0,1.7116790000000002,-0.140232,AUT,MKD,8413
2763629,18,140,1631,2014,124401.0,6215.0,1.234156,1.226441,BEL,MKD,8413
2763630,23,140,1631,2014,945062.0,38149.0,0.579058,1.6558110000000001,BGR,MKD,8413
2763631,26,140,1631,2014,89205.0,70725.0,0.5083300000000001,0.711704,BIH,MKD,8413
2763632,28,140,1631,2014,8093.0,0.0,0.874108,0.676231,BLR,MKD,8413
2763633,32,140,1631,2014,875.0,7808.0,0.218223,0.556921,BRA,MKD,8413
2763634,39,140,1631,2014,25154.0,0.0,0.671395,1.024683,CAN,MKD,8413
2763635,41,140,1631,2014,24269.0,11002.0,2.2000919999999997,0.65398,CHE,MKD,8413
2763636,42,140,1631,2014,968.0,0.0,-0.344671,-0.43380799999999997,CHL,MKD,8413
2763637,43,140,1631,2014,53157.0,0.0,1.187557,1.222085,CHN,MKD,8413
2763638,59,140,1631,2014,143663.0,0.0,1.8105830000000003,0.131131,CZE,MKD,8413
2763639,61,140,1631,2014,1261822.0,23941.0,2.052849,-2.888805,DEU,MKD,8413
2763640,64,140,1631,2014,64215.0,10313.0,1.10869,1.245193,DNK,MKD,8413
2763641,71,140,1631,2014,39501.0,0.0,0.842147,2.45692,ESP,MKD,8413
2763642,74,140,1631,2014,4850.0,0.0,1.626355,1.002923,FIN,MKD,8413
2763643,77,140,1631,2014,62308.0,974.0,1.4817790000000002,0.30995,FRA,MKD,8413
2763644,81,140,1631,2014,82468.0,0.0,1.697964,0.585372,GBR,MKD,8413
2763645,90,140,1631,2014,321557.0,0.0,0.149337,0.8560540000000001,GRC,MKD,8413
2763646,97,140,1631,2014,16688.0,0.0,0.812132,1.722493,HKG,MKD,8413
2763647,100,140,1631,2014,122223.0,6807.0,0.804401,1.250807,HRV,MKD,8413
2763648,102,140,1631,2014,414685.0,4431.0,1.477093,0.812869,HUN,MKD,8413
2763649,104,140,1631,2014,15495.0,0.0,0.262042,2.6305080000000003,IND,MKD,8413
2763650,106,140,1631,2014,18349.0,0.0,1.2658399999999999,0.278546,IRL,MKD,8413
2763651,107,140,1631,2014,0.0,9800.0,-0.361058,-0.312743,IRN,MKD,8413
2763652,111,140,1631,2014,1283398.0,4224.0,1.340136,0.43931099999999995,ITA,MKD,8413
2763653,114,140,1631,2014,36381.0,0.0,2.403165,-0.635024,JPN,MKD,8413
2763654,115,140,1631,2014,0.0,27807.0,-0.210431,-0.574075,KAZ,MKD,8413
2763655,121,140,1631,2014,7829.0,12541.0,1.817145,0.8394530000000001,KOR,MKD,8413
2763656,131,140,1631,2014,1640.0,0.0,1.243845,1.155474,LUX,MKD,8413
2763657,138,140,1631,2014,13311.0,0.0,1.0799729999999998,0.697554,MEX,MKD,8413
2763658,144,140,1631,2014,1946.0,22210.0,-0.17039100000000001,-0.21762399999999998,MNE,MKD,8413
2763659,162,140,1631,2014,522505.0,2873.0,1.179325,1.355071,NLD,MKD,8413
2763660,177,140,1631,2014,145130.0,0.0,1.133102,1.177165,POL,MKD,8413
2763661,179,140,1631,2014,24677.0,0.0,0.621053,2.349644,PRT,MKD,8413
2763662,185,140,1631,2014,10705.0,0.0,0.9112,1.188161,ROU,MKD,8413
2763663,186,140,1631,2014,542.0,10121.0,0.229422,-0.214856,RUS,MKD,8413
2763664,201,140,1631,2014,1245239.0,360162.0,0.551635,1.211535,SRB,MKD,8413
2763665,206,140,1631,2014,5544.0,0.0,1.334959,0.821253,SVK,MKD,8413
2763666,207,140,1631,2014,541196.0,189136.0,1.6558669999999998,0.6814399999999999,SVN,MKD,8413
2763667,208,140,1631,2014,401687.0,0.0,1.817752,0.558474,SWE,MKD,8413
2763668,216,140,1631,2014,549.0,13412.0,0.977094,1.41283,THA,MKD,8413
2763669,224,140,1631,2014,282494.0,1681.0,0.554761,2.385693,TUR,MKD,8413
2763670,228,140,1631,2014,56049.0,0.0,0.566535,0.832267,UKR,MKD,8413
2763671,231,140,1631,2014,47681.0,0.0,1.61227,0.068905,USA,MKD,8413
2763672,246,140,1631,2014,1060.0,0.0,0.282927,1.723214,ZAF,MKD,8413
2763673,1,147,1631,2014,52709.0,0.0,-0.924386,-0.839385,AFG,MOZ,8413
2763674,2,147,1631,2014,64642.0,0.0,-1.8184900000000002,-1.149191,AGO,MOZ,8413
2763675,7,147,1631,2014,319962.0,0.0,0.087775,-0.289459,ARE,MOZ,8413
2763676,8,147,1631,2014,2246.0,0.0,0.10691500000000001,0.44860600000000006,ARG,MOZ,8413
2763677,14,147,1631,2014,192049.0,0.0,-0.398273,-0.17128,AUS,MOZ,8413
2763678,15,147,1631,2014,3624.0,0.0,1.7116790000000002,-0.140232,AUT,MOZ,8413
2763679,18,147,1631,2014,340887.0,0.0,1.234156,1.226441,BEL,MOZ,8413
2763680,32,147,1631,2014,139844.0,0.0,0.218223,0.556921,BRA,MOZ,8413
2763681,37,147,1631,2014,36092.0,4544.0,-0.60221,-1.104578,BWA,MOZ,8413
2763682,39,147,1631,2014,82541.0,0.0,0.671395,1.024683,CAN,MOZ,8413
2763683,41,147,1631,2014,3528.0,0.0,2.2000919999999997,0.65398,CHE,MOZ,8413
2763684,43,147,1631,2014,5148308.0,5429.0,1.187557,1.222085,CHN,MOZ,8413
2763685,47,147,1631,2014,1164.0,0.0,-1.371624,-1.12468,COG,MOZ,8413
2763686,55,147,1631,2014,4468.0,0.0,-0.00902,-0.683643,CUW,MOZ,8413
2763687,59,147,1631,2014,1032.0,0.0,1.8105830000000003,0.131131,CZE,MOZ,8413
2763688,61,147,1631,2014,569958.0,0.0,2.052849,-2.888805,DEU,MOZ,8413
2763689,64,147,1631,2014,13933.0,334467.0,1.10869,1.245193,DNK,MOZ,8413
2763690,71,147,1631,2014,366157.0,0.0,0.842147,2.45692,ESP,MOZ,8413
2763691,74,147,1631,2014,3284.0,0.0,1.626355,1.002923,FIN,MOZ,8413
2763692,77,147,1631,2014,156920.0,0.0,1.4817790000000002,0.30995,FRA,MOZ,8413
2763693,81,147,1631,2014,732913.0,0.0,1.697964,0.585372,GBR,MOZ,8413
2763694,90,147,1631,2014,4220.0,0.0,0.149337,0.8560540000000001,GRC,MOZ,8413
2763695,97,147,1631,2014,3146.0,0.0,0.812132,1.722493,HKG,MOZ,8413
2763696,102,147,1631,2014,4357.0,0.0,1.477093,0.812869,HUN,MOZ,8413
2763697,104,147,1631,2014,1455786.0,0.0,0.262042,2.6305080000000003,IND,MOZ,8413
2763698,111,147,1631,2014,1588165.0,2345.0,1.340136,0.43931099999999995,ITA,MOZ,8413
2763699,114,147,1631,2014,76858.0,0.0,2.403165,-0.635024,JPN,MOZ,8413
2763700,116,147,1631,2014,2177.0,1550.0,-0.487058,0.307288,KEN,MOZ,8413
2763701,121,147,1631,2014,2557046.0,0.0,1.817145,0.8394530000000001,KOR,MOZ,8413
2763702,124,147,1631,2014,14507.0,3957.0,0.308677,1.7564490000000001,LBN,MOZ,8413
2763703,138,147,1631,2014,989.0,0.0,1.0799729999999998,0.697554,MEX,MOZ,8413
2763704,152,147,1631,2014,98889.0,7741.0,-0.494204,-0.751903,MWI,MOZ,8413
2763705,153,147,1631,2014,6585.0,0.0,1.018138,0.774649,MYS,MOZ,8413
2763706,155,147,1631,2014,97433.0,0.0,-0.428227,-0.5632229999999999,NAM,MOZ,8413
2763707,159,147,1631,2014,512.0,0.0,-1.2126430000000001,-1.059697,NGA,MOZ,8413
2763708,162,147,1631,2014,250961.0,7910.0,1.179325,1.355071,NLD,MOZ,8413
2763709,163,147,1631,2014,6438.0,5829.0,0.9187049999999999,0.182685,NOR,MOZ,8413
2763710,168,147,1631,2014,2253.0,0.0,-0.672924,0.566787,PAK,MOZ,8413
2763711,169,147,1631,2014,6193.0,0.0,0.771742,0.9873190000000001,PAN,MOZ,8413
2763712,174,147,1631,2014,0.0,867.0,0.637442,0.475883,PHL,MOZ,8413
2763713,179,147,1631,2014,2374716.0,71433.0,0.621053,2.349644,PRT,MOZ,8413
2763714,185,147,1631,2014,6974.0,0.0,0.9112,1.188161,ROU,MOZ,8413
2763715,192,147,1631,2014,34706.0,5260.0,1.867492,0.626736,SGP,MOZ,8413
2763716,208,147,1631,2014,747.0,0.0,1.817752,0.558474,SWE,MOZ,8413
2763717,209,147,1631,2014,39618.0,1792.0,0.22972199999999998,-0.365564,SWZ,MOZ,8413
2763718,213,147,1631,2014,12089.0,0.0,0.474182,-0.198892,TCA,MOZ,8413
2763719,216,147,1631,2014,8100.0,0.0,0.977094,1.41283,THA,MOZ,8413
2763720,223,147,1631,2014,1395.0,0.0,0.343449,1.118007,TUN,MOZ,8413
2763721,224,147,1631,2014,75677.0,0.0,0.554761,2.385693,TUR,MOZ,8413
2763722,226,147,1631,2014,29623.0,3125.0,-1.054331,0.166345,TZA,MOZ,8413
2763723,231,147,1631,2014,1024634.0,8825.0,1.61227,0.068905,USA,MOZ,8413
2763724,239,147,1631,2014,25534.0,0.0,-0.023765,1.344416,VNM,MOZ,8413
2763725,246,147,1631,2014,23712174.0,270309.0,0.282927,1.723214,ZAF,MOZ,8413
2763726,248,147,1631,2014,6199.0,1014.0,-0.821369,-0.864232,ZWE,MOZ,8413
2763727,249,147,1631,2014,5266.0,0.0,1.9044189999999999,1.0595139999999998,TWN,MOZ,8413
2763728,250,147,1631,2014,2191.0,0.0,0.506842,0.049545,ANS,MOZ,8413
2763729,7,164,1631,2014,3733.0,0.0,0.087775,-0.289459,ARE,NPL,8413
2763730,14,164,1631,2014,33975.0,0.0,-0.398273,-0.17128,AUS,NPL,8413
2763731,15,164,1631,2014,18046.0,0.0,1.7116790000000002,-0.140232,AUT,NPL,8413
2763732,18,164,1631,2014,3151.0,0.0,1.234156,1.226441,BEL,NPL,8413
2763733,32,164,1631,2014,65.0,0.0,0.218223,0.556921,BRA,NPL,8413
2763734,39,164,1631,2014,7277.0,0.0,0.671395,1.024683,CAN,NPL,8413
2763735,41,164,1631,2014,8160.0,0.0,2.2000919999999997,0.65398,CHE,NPL,8413
2763736,43,164,1631,2014,4968790.0,2833.0,1.187557,1.222085,CHN,NPL,8413
2763737,45,164,1631,2014,1331.0,0.0,-0.6723520000000001,-0.945084,CMR,NPL,8413
2763738,59,164,1631,2014,10482.0,0.0,1.8105830000000003,0.131131,CZE,NPL,8413
2763739,61,164,1631,2014,47289.0,12895.0,2.052849,-2.888805,DEU,NPL,8413
2763740,64,164,1631,2014,13282.0,0.0,1.10869,1.245193,DNK,NPL,8413
2763741,71,164,1631,2014,175195.0,0.0,0.842147,2.45692,ESP,NPL,8413
2763742,77,164,1631,2014,17421.0,0.0,1.4817790000000002,0.30995,FRA,NPL,8413
2763743,81,164,1631,2014,27497.0,0.0,1.697964,0.585372,GBR,NPL,8413
2763744,97,164,1631,2014,5962.0,0.0,0.812132,1.722493,HKG,NPL,8413
2763745,102,164,1631,2014,2665.0,0.0,1.477093,0.812869,HUN,NPL,8413
2763746,104,164,1631,2014,8959061.0,3361.0,0.262042,2.6305080000000003,IND,NPL,8413
2763747,106,164,1631,2014,525.0,0.0,1.2658399999999999,0.278546,IRL,NPL,8413
2763748,111,164,1631,2014,301793.0,0.0,1.340136,0.43931099999999995,ITA,NPL,8413
2763749,114,164,1631,2014,63701.0,0.0,2.403165,-0.635024,JPN,NPL,8413
2763750,121,164,1631,2014,19164.0,0.0,1.817145,0.8394530000000001,KOR,NPL,8413
2763751,138,164,1631,2014,146747.0,0.0,1.0799729999999998,0.697554,MEX,NPL,8413
2763752,162,164,1631,2014,26863.0,0.0,1.179325,1.355071,NLD,NPL,8413
2763753,163,164,1631,2014,2822.0,0.0,0.9187049999999999,0.182685,NOR,NPL,8413
2763754,166,164,1631,2014,1172.0,0.0,0.272502,0.21628699999999998,NZL,NPL,8413
2763755,174,164,1631,2014,1323.0,0.0,0.637442,0.475883,PHL,NPL,8413
2763756,177,164,1631,2014,664.0,0.0,1.133102,1.177165,POL,NPL,8413
2763757,179,164,1631,2014,17745.0,0.0,0.621053,2.349644,PRT,NPL,8413
2763758,185,164,1631,2014,793.0,0.0,0.9112,1.188161,ROU,NPL,8413
2763759,186,164,1631,2014,3482.0,0.0,0.229422,-0.214856,RUS,NPL,8413
2763760,192,164,1631,2014,158463.0,17372.0,1.867492,0.626736,SGP,NPL,8413
2763761,208,164,1631,2014,3043.0,0.0,1.817752,0.558474,SWE,NPL,8413
2763762,216,164,1631,2014,13430.0,0.0,0.977094,1.41283,THA,NPL,8413
2763763,224,164,1631,2014,5804.0,0.0,0.554761,2.385693,TUR,NPL,8413
2763764,231,164,1631,2014,49599.0,6987.0,1.61227,0.068905,USA,NPL,8413
2763765,246,164,1631,2014,446.0,0.0,0.282927,1.723214,ZAF,NPL,8413
2763766,249,164,1631,2014,58273.0,0.0,1.9044189999999999,1.0595139999999998,TWN,NPL,8413
2763767,1,168,1631,2014,0.0,828435.0,-0.924386,-0.839385,AFG,PAK,8413
2763768,7,168,1631,2014,9002268.0,486378.0,0.087775,-0.289459,ARE,PAK,8413
2763769,8,168,1631,2014,1111.0,0.0,0.10691500000000001,0.44860600000000006,ARG,PAK,8413
2763770,14,168,1631,2014,220279.0,52550.0,-0.398273,-0.17128,AUS,PAK,8413
2763771,15,168,1631,2014,277611.0,765.0,1.7116790000000002,-0.140232,AUT,PAK,8413
2763772,18,168,1631,2014,335589.0,236778.0,1.234156,1.226441,BEL,PAK,8413
2763773,22,168,1631,2014,0.0,5694.0,-1.0341879999999999,-0.9614870000000001,BGD,PAK,8413
2763774,23,168,1631,2014,287270.0,0.0,0.579058,1.6558110000000001,BGR,PAK,8413
2763775,28,168,1631,2014,19429.0,0.0,0.874108,0.676231,BLR,PAK,8413
2763776,29,168,1631,2014,105808.0,0.0,-0.324446,-0.552126,BLZ,PAK,8413
2763777,32,168,1631,2014,9762501.0,1675.0,0.218223,0.556921,BRA,PAK,8413
2763778,39,168,1631,2014,78596.0,2806.0,0.671395,1.024683,CAN,PAK,8413
2763779,41,168,1631,2014,363540.0,0.0,2.2000919999999997,0.65398,CHE,PAK,8413
2763780,42,168,1631,2014,21119.0,0.0,-0.344671,-0.43380799999999997,CHL,PAK,8413
2763781,43,168,1631,2014,67283606.0,30974.0,1.187557,1.222085,CHN,PAK,8413
2763782,44,168,1631,2014,0.0,1701.0,-0.737625,-0.768728,CIV,PAK,8413
2763783,47,168,1631,2014,35114.0,0.0,-1.371624,-1.12468,COG,PAK,8413
2763784,56,168,1631,2014,7296.0,0.0,0.738877,-0.520547,CXR,PAK,8413
2763785,59,168,1631,2014,92805.0,0.0,1.8105830000000003,0.131131,CZE,PAK,8413
2763786,61,168,1631,2014,10398112.0,253620.0,2.052849,-2.888805,DEU,PAK,8413
2763787,64,168,1631,2014,325973.0,5318.0,1.10869,1.245193,DNK,PAK,8413
2763788,68,168,1631,2014,0.0,12285.0,-0.086866,1.7419669999999998,EGY,PAK,8413
2763789,71,168,1631,2014,517491.0,178549.0,0.842147,2.45692,ESP,PAK,8413
2763790,73,168,1631,2014,25792.0,0.0,-1.296535,-1.045942,ETH,PAK,8413
2763791,74,168,1631,2014,34681.0,0.0,1.626355,1.002923,FIN,PAK,8413
2763792,77,168,1631,2014,1530068.0,50573.0,1.4817790000000002,0.30995,FRA,PAK,8413
2763793,81,168,1631,2014,2658948.0,76764.0,1.697964,0.585372,GBR,PAK,8413
2763794,90,168,1631,2014,13662.0,0.0,0.149337,0.8560540000000001,GRC,PAK,8413
2763795,96,168,1631,2014,0.0,13776.0,-1.068777,-1.038227,GUY,PAK,8413
2763796,97,168,1631,2014,199818.0,0.0,0.812132,1.722493,HKG,PAK,8413
2763797,102,168,1631,2014,327496.0,0.0,1.477093,0.812869,HUN,PAK,8413
2763798,103,168,1631,2014,42485.0,149005.0,-0.088032,1.3966459999999998,IDN,PAK,8413
2763799,104,168,1631,2014,271895.0,80933.0,0.262042,2.6305080000000003,IND,PAK,8413
2763800,106,168,1631,2014,6856.0,5928.0,1.2658399999999999,0.278546,IRL,PAK,8413
2763801,107,168,1631,2014,3341.0,5705.0,-0.361058,-0.312743,IRN,PAK,8413
2763802,108,168,1631,2014,0.0,6335.0,-2.9169,-0.882023,IRQ,PAK,8413
2763803,111,168,1631,2014,7029040.0,121061.0,1.340136,0.43931099999999995,ITA,PAK,8413
2763804,112,168,1631,2014,1500.0,0.0,-0.42745299999999997,-0.7750130000000001,JAM,PAK,8413
2763805,113,168,1631,2014,0.0,16607.0,0.210208,0.48732299999999995,JOR,PAK,8413
2763806,114,168,1631,2014,8539784.0,20318.0,2.403165,-0.635024,JPN,PAK,8413
2763807,115,168,1631,2014,0.0,944.0,-0.210431,-0.574075,KAZ,PAK,8413
2763808,121,168,1631,2014,4393102.0,6910.0,1.817145,0.8394530000000001,KOR,PAK,8413
2763809,122,168,1631,2014,3197.0,26472.0,-0.769616,-1.10667,KWT,PAK,8413
2763810,128,168,1631,2014,237417.0,14174.0,-0.49366899999999997,0.338686,LKA,PAK,8413
2763811,131,168,1631,2014,32934.0,0.0,1.243845,1.155474,LUX,PAK,8413
2763812,134,168,1631,2014,0.0,330123.0,-0.574034,0.065788,MAR,PAK,8413
2763813,138,168,1631,2014,1110241.0,0.0,1.0799729999999998,0.697554,MEX,PAK,8413
2763814,147,168,1631,2014,0.0,2253.0,-1.1993610000000001,-1.040181,MOZ,PAK,8413
2763815,151,168,1631,2014,0.0,1459.0,-0.029891,-0.12431099999999999,MUS,PAK,8413
2763816,152,168,1631,2014,0.0,1943.0,-0.494204,-0.751903,MWI,PAK,8413
2763817,153,168,1631,2014,135556.0,19264.0,1.018138,0.774649,MYS,PAK,8413
2763818,162,168,1631,2014,3161902.0,1555.0,1.179325,1.355071,NLD,PAK,8413
2763819,163,168,1631,2014,8095.0,1444.0,0.9187049999999999,0.182685,NOR,PAK,8413
2763820,166,168,1631,2014,12250.0,0.0,0.272502,0.21628699999999998,NZL,PAK,8413
2763821,167,168,1631,2014,18821.0,954.0,-0.505129,-1.0051370000000002,OMN,PAK,8413
2763822,174,168,1631,2014,65796.0,117590.0,0.637442,0.475883,PHL,PAK,8413
2763823,177,168,1631,2014,295522.0,32984.0,1.133102,1.177165,POL,PAK,8413
2763824,179,168,1631,2014,6205.0,3048.0,0.621053,2.349644,PRT,PAK,8413
2763825,183,168,1631,2014,7113.0,4867.0,-0.37535599999999997,-1.0196370000000001,QAT,PAK,8413
2763826,185,168,1631,2014,101774.0,2702.0,0.9112,1.188161,ROU,PAK,8413
2763827,186,168,1631,2014,77533.0,0.0,0.229422,-0.214856,RUS,PAK,8413
2763828,188,168,1631,2014,11660.0,92576.0,0.5758439999999999,-0.832692,SAU,PAK,8413
2763829,190,168,1631,2014,0.0,1813.0,-1.442381,-1.1155030000000001,SDN,PAK,8413
2763830,191,168,1631,2014,11132.0,0.0,-0.502607,-0.08866,SEN,PAK,8413
2763831,192,168,1631,2014,906913.0,74910.0,1.867492,0.626736,SGP,PAK,8413
2763832,201,168,1631,2014,811.0,0.0,0.551635,1.211535,SRB,PAK,8413
2763833,206,168,1631,2014,477724.0,0.0,1.334959,0.821253,SVK,PAK,8413
2763834,207,168,1631,2014,9845.0,0.0,1.6558669999999998,0.6814399999999999,SVN,PAK,8413
2763835,208,168,1631,2014,150559.0,61186.0,1.817752,0.558474,SWE,PAK,8413
2763836,216,168,1631,2014,2735491.0,225510.0,0.977094,1.41283,THA,PAK,8413
2763837,224,168,1631,2014,1575843.0,125921.0,0.554761,2.385693,TUR,PAK,8413
2763838,226,168,1631,2014,0.0,18255.0,-1.054331,0.166345,TZA,PAK,8413
2763839,227,168,1631,2014,0.0,341.0,-0.46911800000000003,0.25446599999999997,UGA,PAK,8413
2763840,228,168,1631,2014,916392.0,0.0,0.566535,0.832267,UKR,PAK,8413
2763841,231,168,1631,2014,8285392.0,43263.0,1.61227,0.068905,USA,PAK,8413
2763842,243,168,1631,2014,0.0,10566.0,-1.2829190000000001,-1.227373,YEM,PAK,8413
2763843,246,168,1631,2014,25896.0,388480.0,0.282927,1.723214,ZAF,PAK,8413
2763844,248,168,1631,2014,0.0,460.0,-0.821369,-0.864232,ZWE,PAK,8413
2763845,249,168,1631,2014,293606.0,0.0,1.9044189999999999,1.0595139999999998,TWN,PAK,8413
2763846,250,168,1631,2014,1495946.0,0.0,0.506842,0.049545,ANS,PAK,8413
2763847,7,183,1631,2014,6332639.0,23269.0,0.087775,-0.289459,ARE,QAT,8413
2763848,9,183,1631,2014,10802.0,0.0,-0.198322,-0.5918680000000001,ARM,QAT,8413
2763849,14,183,1631,2014,617185.0,0.0,-0.398273,-0.17128,AUS,QAT,8413
2763850,15,183,1631,2014,5118197.0,50932.0,1.7116790000000002,-0.140232,AUT,QAT,8413
2763851,18,183,1631,2014,859554.0,36822.0,1.234156,1.226441,BEL,QAT,8413
2763852,23,183,1631,2014,52542.0,0.0,0.579058,1.6558110000000001,BGR,QAT,8413
2763853,24,183,1631,2014,686503.0,0.0,0.460168,-0.41671099999999994,BHR,QAT,8413
2763854,32,183,1631,2014,206869.0,979.0,0.218223,0.556921,BRA,QAT,8413
2763855,39,183,1631,2014,950249.0,0.0,0.671395,1.024683,CAN,QAT,8413
2763856,41,183,1631,2014,397871.0,56044.0,2.2000919999999997,0.65398,CHE,QAT,8413
2763857,43,183,1631,2014,3025050.0,0.0,1.187557,1.222085,CHN,QAT,8413
2763858,49,183,1631,2014,2801.0,0.0,0.19864500000000002,-0.378364,COL,QAT,8413
2763859,58,183,1631,2014,2878.0,0.0,0.627467,0.483725,CYP,QAT,8413
2763860,59,183,1631,2014,134361.0,0.0,1.8105830000000003,0.131131,CZE,QAT,8413
2763861,61,183,1631,2014,18030142.0,132264.0,2.052849,-2.888805,DEU,QAT,8413
2763862,64,183,1631,2014,2011894.0,0.0,1.10869,1.245193,DNK,QAT,8413
2763863,65,183,1631,2014,2017.0,0.0,-0.180845,0.508512,DOM,QAT,8413
2763864,68,183,1631,2014,155337.0,0.0,-0.086866,1.7419669999999998,EGY,QAT,8413
2763865,71,183,1631,2014,2888045.0,19415.0,0.842147,2.45692,ESP,QAT,8413
2763866,72,183,1631,2014,3222.0,0.0,0.9147780000000001,1.151556,EST,QAT,8413
2763867,74,183,1631,2014,420504.0,0.0,1.626355,1.002923,FIN,QAT,8413
2763868,77,183,1631,2014,11654815.0,52635.0,1.4817790000000002,0.30995,FRA,QAT,8413
2763869,81,183,1631,2014,13336764.0,341171.0,1.697964,0.585372,GBR,QAT,8413
2763870,82,183,1631,2014,10600.0,0.0,-0.254106,-0.646584,GEO,QAT,8413
2763871,90,183,1631,2014,112512.0,0.0,0.149337,0.8560540000000001,GRC,QAT,8413
2763872,97,183,1631,2014,6519.0,0.0,0.812132,1.722493,HKG,QAT,8413
2763873,100,183,1631,2014,86065.0,0.0,0.804401,1.250807,HRV,QAT,8413
2763874,102,183,1631,2014,385311.0,0.0,1.477093,0.812869,HUN,QAT,8413
2763875,103,183,1631,2014,130732.0,0.0,-0.088032,1.3966459999999998,IDN,QAT,8413
2763876,104,183,1631,2014,6288643.0,13170.0,0.262042,2.6305080000000003,IND,QAT,8413
2763877,106,183,1631,2014,253387.0,0.0,1.2658399999999999,0.278546,IRL,QAT,8413
2763878,107,183,1631,2014,65241.0,1218.0,-0.361058,-0.312743,IRN,QAT,8413
2763879,111,183,1631,2014,37120880.0,750507.0,1.340136,0.43931099999999995,ITA,QAT,8413
2763880,113,183,1631,2014,1494.0,0.0,0.210208,0.48732299999999995,JOR,QAT,8413
2763881,114,183,1631,2014,24482324.0,0.0,2.403165,-0.635024,JPN,QAT,8413
2763882,121,183,1631,2014,2704453.0,14734.0,1.817145,0.8394530000000001,KOR,QAT,8413
2763883,122,183,1631,2014,233962.0,0.0,-0.769616,-1.10667,KWT,QAT,8413
2763884,124,183,1631,2014,26284.0,0.0,0.308677,1.7564490000000001,LBN,QAT,8413
2763885,131,183,1631,2014,566620.0,0.0,1.243845,1.155474,LUX,QAT,8413
2763886,138,183,1631,2014,363793.0,0.0,1.0799729999999998,0.697554,MEX,QAT,8413
2763887,142,183,1631,2014,14406.0,0.0,0.817013,0.0016309999999999999,MLT,QAT,8413
2763888,153,183,1631,2014,97818.0,0.0,1.018138,0.774649,MYS,QAT,8413
2763889,162,183,1631,2014,4303653.0,14190.0,1.179325,1.355071,NLD,QAT,8413
2763890,163,183,1631,2014,49612.0,2892.0,0.9187049999999999,0.182685,NOR,QAT,8413
2763891,166,183,1631,2014,66976.0,0.0,0.272502,0.21628699999999998,NZL,QAT,8413
2763892,167,183,1631,2014,4580.0,12200.0,-0.505129,-1.0051370000000002,OMN,QAT,8413
2763893,168,183,1631,2014,4867.0,7113.0,-0.672924,0.566787,PAK,QAT,8413
2763894,174,183,1631,2014,13250.0,0.0,0.637442,0.475883,PHL,QAT,8413
2763895,177,183,1631,2014,235140.0,0.0,1.133102,1.177165,POL,QAT,8413
2763896,179,183,1631,2014,5083.0,0.0,0.621053,2.349644,PRT,QAT,8413
2763897,185,183,1631,2014,23751.0,0.0,0.9112,1.188161,ROU,QAT,8413
2763898,186,183,1631,2014,807.0,0.0,0.229422,-0.214856,RUS,QAT,8413
2763899,188,183,1631,2014,745927.0,0.0,0.5758439999999999,-0.832692,SAU,QAT,8413
2763900,190,183,1631,2014,5852.0,8377.0,-1.442381,-1.1155030000000001,SDN,QAT,8413
2763901,192,183,1631,2014,1005377.0,18155.0,1.867492,0.626736,SGP,QAT,8413
2763902,199,183,1631,2014,4491.0,0.0,-1.41991,-1.010693,SOM,QAT,8413
2763903,201,183,1631,2014,7949.0,975.0,0.551635,1.211535,SRB,QAT,8413
2763904,206,183,1631,2014,21344.0,0.0,1.334959,0.821253,SVK,QAT,8413
2763905,207,183,1631,2014,6895.0,0.0,1.6558669999999998,0.6814399999999999,SVN,QAT,8413
2763906,208,183,1631,2014,1720650.0,2128.0,1.817752,0.558474,SWE,QAT,8413
2763907,209,183,1631,2014,23036.0,0.0,0.22972199999999998,-0.365564,SWZ,QAT,8413
2763908,216,183,1631,2014,316059.0,2505.0,0.977094,1.41283,THA,QAT,8413
2763909,223,183,1631,2014,33949.0,0.0,0.343449,1.118007,TUN,QAT,8413
2763910,224,183,1631,2014,1008630.0,680.0,0.554761,2.385693,TUR,QAT,8413
2763911,228,183,1631,2014,8372.0,0.0,0.566535,0.832267,UKR,QAT,8413
2763912,231,183,1631,2014,31321106.0,64494.0,1.61227,0.068905,USA,QAT,8413
2763913,239,183,1631,2014,1552.0,0.0,-0.023765,1.344416,VNM,QAT,8413
2763914,246,183,1631,2014,56083.0,0.0,0.282927,1.723214,ZAF,QAT,8413
2763915,249,183,1631,2014,721590.0,0.0,1.9044189999999999,1.0595139999999998,TWN,QAT,8413
2763916,2,185,1631,2014,0.0,28692.0,-1.8184900000000002,-1.149191,AGO,ROU,8413
2763917,4,185,1631,2014,1334.0,2549112.0,-0.476024,-0.33978400000000003,ALB,ROU,8413
2763918,7,185,1631,2014,66011.0,461069.0,0.087775,-0.289459,ARE,ROU,8413
2763919,8,185,1631,2014,419588.0,1725318.0,0.10691500000000001,0.44860600000000006,ARG,ROU,8413
2763920,14,185,1631,2014,59431.0,3506585.0,-0.398273,-0.17128,AUS,ROU,8413
2763921,15,185,1631,2014,5361700.0,4496116.0,1.7116790000000002,-0.140232,AUT,ROU,8413
2763922,16,185,1631,2014,3955.0,28196.0,-0.909508,-1.165158,AZE,ROU,8413
2763923,18,185,1631,2014,6866059.0,1950220.0,1.234156,1.226441,BEL,ROU,8413
2763924,21,185,1631,2014,0.0,7142.0,-0.922401,-0.9554379999999999,BFA,ROU,8413
2763925,22,185,1631,2014,0.0,28061.0,-1.0341879999999999,-0.9614870000000001,BGD,ROU,8413
2763926,23,185,1631,2014,1259434.0,5547982.0,0.579058,1.6558110000000001,BGR,ROU,8413
2763927,24,185,1631,2014,0.0,262008.0,0.460168,-0.41671099999999994,BHR,ROU,8413
2763928,26,185,1631,2014,0.0,1613.0,0.5083300000000001,0.711704,BIH,ROU,8413
2763929,28,185,1631,2014,293556.0,136044.0,0.874108,0.676231,BLR,ROU,8413
2763930,31,185,1631,2014,0.0,1658.0,-1.129494,-1.030198,BOL,ROU,8413
2763931,32,185,1631,2014,10968.0,1975242.0,0.218223,0.556921,BRA,ROU,8413
2763932,39,185,1631,2014,2410095.0,58871.0,0.671395,1.024683,CAN,ROU,8413
2763933,41,185,1631,2014,2290714.0,93289.0,2.2000919999999997,0.65398,CHE,ROU,8413
2763934,42,185,1631,2014,0.0,58290.0,-0.344671,-0.43380799999999997,CHL,ROU,8413
2763935,43,185,1631,2014,19355254.0,18568188.0,1.187557,1.222085,CHN,ROU,8413
2763936,45,185,1631,2014,1228.0,65169.0,-0.6723520000000001,-0.945084,CMR,ROU,8413
2763937,47,185,1631,2014,0.0,3268.0,-1.371624,-1.12468,COG,ROU,8413
2763938,49,185,1631,2014,0.0,1912005.0,0.19864500000000002,-0.378364,COL,ROU,8413
2763939,52,185,1631,2014,0.0,3051.0,0.065938,-0.687971,CRI,ROU,8413
2763940,58,185,1631,2014,15244.0,6488.0,0.627467,0.483725,CYP,ROU,8413
2763941,59,185,1631,2014,8596144.0,18188539.0,1.8105830000000003,0.131131,CZE,ROU,8413
2763942,61,185,1631,2014,131124935.0,73280410.0,2.052849,-2.888805,DEU,ROU,8413
2763943,64,185,1631,2014,994786.0,86639.0,1.10869,1.245193,DNK,ROU,8413
2763944,65,185,1631,2014,0.0,823.0,-0.180845,0.508512,DOM,ROU,8413
2763945,66,185,1631,2014,0.0,2837434.0,-1.5554649999999999,-1.1657030000000002,DZA,ROU,8413
2763946,67,185,1631,2014,0.0,40235.0,-1.066865,-1.052921,ECU,ROU,8413
2763947,68,185,1631,2014,6079.0,1472170.0,-0.086866,1.7419669999999998,EGY,ROU,8413
2763948,71,185,1631,2014,12131683.0,12304755.0,0.842147,2.45692,ESP,ROU,8413
2763949,72,185,1631,2014,0.0,36961.0,0.9147780000000001,1.151556,EST,ROU,8413
2763950,74,185,1631,2014,897212.0,11380.0,1.626355,1.002923,FIN,ROU,8413
2763951,77,185,1631,2014,30605319.0,22101252.0,1.4817790000000002,0.30995,FRA,ROU,8413
2763952,81,185,1631,2014,4101786.0,6425110.0,1.697964,0.585372,GBR,ROU,8413
2763953,82,185,1631,2014,12333.0,22320.0,-0.254106,-0.646584,GEO,ROU,8413
2763954,90,185,1631,2014,142346.0,310314.0,0.149337,0.8560540000000001,GRC,ROU,8413
2763955,97,185,1631,2014,84151.0,15890.0,0.812132,1.722493,HKG,ROU,8413
2763956,99,185,1631,2014,0.0,299.0,-0.467004,0.045511,HND,ROU,8413
2763957,100,185,1631,2014,144476.0,93740.0,0.804401,1.250807,HRV,ROU,8413
2763958,102,185,1631,2014,17699886.0,6593670.0,1.477093,0.812869,HUN,ROU,8413
2763959,103,185,1631,2014,0.0,588853.0,-0.088032,1.3966459999999998,IDN,ROU,8413
2763960,104,185,1631,2014,3421662.0,14530890.0,0.262042,2.6305080000000003,IND,ROU,8413
2763961,106,185,1631,2014,323776.0,11013.0,1.2658399999999999,0.278546,IRL,ROU,8413
2763962,107,185,1631,2014,1194.0,1445107.0,-0.361058,-0.312743,IRN,ROU,8413
2763963,108,185,1631,2014,12819.0,232941.0,-2.9169,-0.882023,IRQ,ROU,8413
2763964,109,185,1631,2014,42687.0,1566.0,0.127891,-0.302014,ISL,ROU,8413
2763965,110,185,1631,2014,159449.0,103929.0,1.211141,0.64523,ISR,ROU,8413
2763966,111,185,1631,2014,39339174.0,6787012.0,1.340136,0.43931099999999995,ITA,ROU,8413
2763967,113,185,1631,2014,0.0,16320.0,0.210208,0.48732299999999995,JOR,ROU,8413
2763968,114,185,1631,2014,3898385.0,6329.0,2.403165,-0.635024,JPN,ROU,8413
2763969,115,185,1631,2014,0.0,867058.0,-0.210431,-0.574075,KAZ,ROU,8413
2763970,116,185,1631,2014,0.0,3604.0,-0.487058,0.307288,KEN,ROU,8413
2763971,117,185,1631,2014,0.0,1752.0,-0.31942600000000004,-0.012454,KGZ,ROU,8413
2763972,121,185,1631,2014,3394913.0,72895087.0,1.817145,0.8394530000000001,KOR,ROU,8413
2763973,122,185,1631,2014,0.0,248067.0,-0.769616,-1.10667,KWT,ROU,8413
2763974,124,185,1631,2014,0.0,22640.0,0.308677,1.7564490000000001,LBN,ROU,8413
2763975,126,185,1631,2014,0.0,459869.0,-1.5943829999999999,-1.189961,LBY,ROU,8413
2763976,130,185,1631,2014,199898.0,71165.0,0.764495,1.3451540000000002,LTU,ROU,8413
2763977,131,185,1631,2014,626433.0,0.0,1.243845,1.155474,LUX,ROU,8413
2763978,132,185,1631,2014,35545.0,1789.0,0.613116,1.1899790000000001,LVA,ROU,8413
2763979,134,185,1631,2014,4455.0,504419.0,-0.574034,0.065788,MAR,ROU,8413
2763980,135,185,1631,2014,26569.0,3613410.0,-0.10438199999999999,-0.093194,MDA,ROU,8413
2763981,136,185,1631,2014,0.0,2208.0,-1.002122,-0.44446,MDG,ROU,8413
2763982,138,185,1631,2014,72583.0,1354835.0,1.0799729999999998,0.697554,MEX,ROU,8413
2763983,140,185,1631,2014,0.0,10705.0,-0.039799,-0.05545,MKD,ROU,8413
2763984,142,185,1631,2014,1770.0,0.0,0.817013,0.0016309999999999999,MLT,ROU,8413
2763985,144,185,1631,2014,0.0,1663.0,-0.17039100000000001,-0.21762399999999998,MNE,ROU,8413
2763986,147,185,1631,2014,0.0,6974.0,-1.1993610000000001,-1.040181,MOZ,ROU,8413
2763987,148,185,1631,2014,0.0,16520.0,-1.458551,-1.225373,MRT,ROU,8413
2763988,153,185,1631,2014,0.0,272635.0,1.018138,0.774649,MYS,ROU,8413
2763989,156,185,1631,2014,0.0,1295.0,-0.509789,-0.767484,NCL,ROU,8413
2763990,159,185,1631,2014,0.0,63953.0,-1.2126430000000001,-1.059697,NGA,ROU,8413
2763991,162,185,1631,2014,8288839.0,3574227.0,1.179325,1.355071,NLD,ROU,8413
2763992,163,185,1631,2014,5217184.0,164914.0,0.9187049999999999,0.182685,NOR,ROU,8413
2763993,164,185,1631,2014,0.0,793.0,-0.11988199999999999,0.655883,NPL,ROU,8413
2763994,166,185,1631,2014,0.0,16311.0,0.272502,0.21628699999999998,NZL,ROU,8413
2763995,167,185,1631,2014,0.0,852024.0,-0.505129,-1.0051370000000002,OMN,ROU,8413
2763996,168,185,1631,2014,2702.0,101774.0,-0.672924,0.566787,PAK,ROU,8413
2763997,169,185,1631,2014,0.0,1747.0,0.771742,0.9873190000000001,PAN,ROU,8413
2763998,173,185,1631,2014,0.0,6746.0,-0.557833,0.611826,PER,ROU,8413
2763999,174,185,1631,2014,0.0,6676.0,0.637442,0.475883,PHL,ROU,8413
2764000,177,185,1631,2014,10339025.0,1548837.0,1.133102,1.177165,POL,ROU,8413
2764001,179,185,1631,2014,5088546.0,1861304.0,0.621053,2.349644,PRT,ROU,8413
2764002,180,185,1631,2014,0.0,36536.0,-0.608509,-0.930679,PRY,ROU,8413
2764003,182,185,1631,2014,0.0,5655.0,0.008831,-0.6268279999999999,PYF,ROU,8413
2764004,183,185,1631,2014,0.0,23751.0,-0.37535599999999997,-1.0196370000000001,QAT,ROU,8413
2764005,186,185,1631,2014,986142.0,8246513.0,0.229422,-0.214856,RUS,ROU,8413
2764006,188,185,1631,2014,0.0,125018.0,0.5758439999999999,-0.832692,SAU,ROU,8413
2764007,190,185,1631,2014,0.0,39363.0,-1.442381,-1.1155030000000001,SDN,ROU,8413
2764008,192,185,1631,2014,1335512.0,181257.0,1.867492,0.626736,SGP,ROU,8413
2764009,196,185,1631,2014,0.0,32986.0,-0.9228569999999999,-0.791482,SLE,ROU,8413
2764010,201,185,1631,2014,13993.0,1249107.0,0.551635,1.211535,SRB,ROU,8413
2764011,206,185,1631,2014,508593.0,14321029.0,1.334959,0.821253,SVK,ROU,8413
2764012,207,185,1631,2014,1140689.0,339372.0,1.6558669999999998,0.6814399999999999,SVN,ROU,8413
2764013,208,185,1631,2014,1951322.0,25963687.0,1.817752,0.558474,SWE,ROU,8413
2764014,216,185,1631,2014,29363.0,202494.0,0.977094,1.41283,THA,ROU,8413
2764015,219,185,1631,2014,0.0,933155.0,-1.217897,-1.184131,TKM,ROU,8413
2764016,222,185,1631,2014,2096.0,3300.0,-0.57362,-1.117545,TTO,ROU,8413
2764017,223,185,1631,2014,255087.0,833861.0,0.343449,1.118007,TUN,ROU,8413
2764018,224,185,1631,2014,10565048.0,7009271.0,0.554761,2.385693,TUR,ROU,8413
2764019,228,185,1631,2014,138368.0,232245.0,0.566535,0.832267,UKR,ROU,8413
2764020,230,185,1631,2014,0.0,7306.0,0.154034,-0.380899,URY,ROU,8413
2764021,231,185,1631,2014,6926068.0,23730521.0,1.61227,0.068905,USA,ROU,8413
2764022,232,185,1631,2014,0.0,9203.0,-0.407623,-0.37150700000000003,UZB,ROU,8413
2764023,236,185,1631,2014,0.0,2216.0,-0.582086,-1.081727,VEN,ROU,8413
2764024,239,185,1631,2014,0.0,88884.0,-0.023765,1.344416,VNM,ROU,8413
2764025,243,185,1631,2014,0.0,17204.0,-1.2829190000000001,-1.227373,YEM,ROU,8413
2764026,246,185,1631,2014,0.0,1173591.0,0.282927,1.723214,ZAF,ROU,8413
2764027,249,185,1631,2014,57290.0,15887.0,1.9044189999999999,1.0595139999999998,TWN,ROU,8413
2764028,1,186,1631,2014,17599.0,178504.0,-0.924386,-0.839385,AFG,RUS,8413
2764029,2,186,1631,2014,0.0,228458.0,-1.8184900000000002,-1.149191,AGO,RUS,8413
2764030,7,186,1631,2014,39070.0,4905348.0,0.087775,-0.289459,ARE,RUS,8413
2764031,8,186,1631,2014,89178.0,1819094.0,0.10691500000000001,0.44860600000000006,ARG,RUS,8413
2764032,9,186,1631,2014,79206.0,1470682.0,-0.198322,-0.5918680000000001,ARM,RUS,8413
2764033,14,186,1631,2014,3043425.0,14507.0,-0.398273,-0.17128,AUS,RUS,8413
2764034,15,186,1631,2014,21176455.0,46168.0,1.7116790000000002,-0.140232,AUT,RUS,8413
2764035,16,186,1631,2014,190502.0,8334480.0,-0.909508,-1.165158,AZE,RUS,8413
2764036,18,186,1631,2014,21013846.0,132740.0,1.234156,1.226441,BEL,RUS,8413
2764037,21,186,1631,2014,0.0,1210.0,-0.922401,-0.9554379999999999,BFA,RUS,8413
2764038,22,186,1631,2014,0.0,327180.0,-1.0341879999999999,-0.9614870000000001,BGD,RUS,8413
2764039,23,186,1631,2014,3707241.0,1910667.0,0.579058,1.6558110000000001,BGR,RUS,8413
2764040,24,186,1631,2014,0.0,1313.0,0.460168,-0.41671099999999994,BHR,RUS,8413
2764041,26,186,1631,2014,17993.0,23355.0,0.5083300000000001,0.711704,BIH,RUS,8413
2764042,28,186,1631,2014,42238773.0,37948083.0,0.874108,0.676231,BLR,RUS,8413
2764043,32,186,1631,2014,2259127.0,179046.0,0.218223,0.556921,BRA,RUS,8413
2764044,39,186,1631,2014,5549855.0,302429.0,0.671395,1.024683,CAN,RUS,8413
2764045,41,186,1631,2014,4150998.0,154553.0,2.2000919999999997,0.65398,CHE,RUS,8413
2764046,42,186,1631,2014,305047.0,0.0,-0.344671,-0.43380799999999997,CHL,RUS,8413
2764047,43,186,1631,2014,295521250.0,7439645.0,1.187557,1.222085,CHN,RUS,8413
2764048,44,186,1631,2014,4704.0,65164.0,-0.737625,-0.768728,CIV,RUS,8413
2764049,45,186,1631,2014,0.0,27671.0,-0.6723520000000001,-0.945084,CMR,RUS,8413
2764050,46,186,1631,2014,0.0,1501.0,-1.6680240000000002,-1.1265129999999999,COD,RUS,8413
2764051,47,186,1631,2014,6322.0,2571300.0,-1.371624,-1.12468,COG,RUS,8413
2764052,49,186,1631,2014,11400.0,5428394.0,0.19864500000000002,-0.378364,COL,RUS,8413
2764053,54,186,1631,2014,0.0,2551273.0,-0.476786,-0.952291,CUB,RUS,8413
2764054,58,186,1631,2014,275481.0,207487.0,0.627467,0.483725,CYP,RUS,8413
2764055,59,186,1631,2014,29419362.0,518069.0,1.8105830000000003,0.131131,CZE,RUS,8413
2764056,61,186,1631,2014,473550126.0,3223592.0,2.052849,-2.888805,DEU,RUS,8413
2764057,64,186,1631,2014,21143519.0,39258.0,1.10869,1.245193,DNK,RUS,8413
2764058,66,186,1631,2014,1576.0,404668.0,-1.5554649999999999,-1.1657030000000002,DZA,RUS,8413
2764059,67,186,1631,2014,0.0,1176321.0,-1.066865,-1.052921,ECU,RUS,8413
2764060,68,186,1631,2014,0.0,1391957.0,-0.086866,1.7419669999999998,EGY,RUS,8413
2764061,70,186,1631,2014,0.0,29193.0,0.8348690000000001,-0.6148140000000001,ESH,RUS,8413
2764062,71,186,1631,2014,20250789.0,91262.0,0.842147,2.45692,ESP,RUS,8413
2764063,72,186,1631,2014,4219379.0,739418.0,0.9147780000000001,1.151556,EST,RUS,8413
2764064,73,186,1631,2014,0.0,563917.0,-1.296535,-1.045942,ETH,RUS,8413
2764065,74,186,1631,2014,32617418.0,202956.0,1.626355,1.002923,FIN,RUS,8413
2764066,77,186,1631,2014,36213845.0,1000263.0,1.4817790000000002,0.30995,FRA,RUS,8413
2764067,78,186,1631,2014,0.0,1980.0,-0.703929,-0.86265,FRO,RUS,8413
2764068,81,186,1631,2014,53089422.0,993245.0,1.697964,0.585372,GBR,RUS,8413
2764069,82,186,1631,2014,6260.0,670448.0,-0.254106,-0.646584,GEO,RUS,8413
2764070,83,186,1631,2014,0.0,89626.0,-1.130226,-0.9909379999999999,GHA,RUS,8413
2764071,85,186,1631,2014,0.0,76956.0,-1.628409,-1.202473,GIN,RUS,8413
2764072,90,186,1631,2014,589671.0,3714.0,0.149337,0.8560540000000001,GRC,RUS,8413
2764073,96,186,1631,2014,0.0,2261.0,-1.068777,-1.038227,GUY,RUS,8413
2764074,97,186,1631,2014,423900.0,247592.0,0.812132,1.722493,HKG,RUS,8413
2764075,99,186,1631,2014,3977.0,0.0,-0.467004,0.045511,HND,RUS,8413
2764076,100,186,1631,2014,930782.0,8213.0,0.804401,1.250807,HRV,RUS,8413
2764077,102,186,1631,2014,46081737.0,1113350.0,1.477093,0.812869,HUN,RUS,8413
2764078,103,186,1631,2014,111131.0,310788.0,-0.088032,1.3966459999999998,IDN,RUS,8413
2764079,104,186,1631,2014,24532631.0,10253300.0,0.262042,2.6305080000000003,IND,RUS,8413
2764080,106,186,1631,2014,1295627.0,0.0,1.2658399999999999,0.278546,IRL,RUS,8413
2764081,107,186,1631,2014,0.0,3793061.0,-0.361058,-0.312743,IRN,RUS,8413
2764082,108,186,1631,2014,0.0,317158.0,-2.9169,-0.882023,IRQ,RUS,8413
2764083,110,186,1631,2014,397544.0,1828.0,1.211141,0.64523,ISR,RUS,8413
2764084,111,186,1631,2014,111013056.0,549691.0,1.340136,0.43931099999999995,ITA,RUS,8413
2764085,113,186,1631,2014,0.0,6357.0,0.210208,0.48732299999999995,JOR,RUS,8413
2764086,114,186,1631,2014,29765759.0,47831.0,2.403165,-0.635024,JPN,RUS,8413
2764087,115,186,1631,2014,2503893.0,107543048.0,-0.210431,-0.574075,KAZ,RUS,8413
2764088,116,186,1631,2014,0.0,51488.0,-0.487058,0.307288,KEN,RUS,8413
2764089,117,186,1631,2014,0.0,2028223.0,-0.31942600000000004,-0.012454,KGZ,RUS,8413
2764090,121,186,1631,2014,27341435.0,525865.0,1.817145,0.8394530000000001,KOR,RUS,8413
2764091,122,186,1631,2014,0.0,369446.0,-0.769616,-1.10667,KWT,RUS,8413
2764092,123,186,1631,2014,3847.0,0.0,-1.054294,-0.869916,LAO,RUS,8413
2764093,124,186,1631,2014,0.0,23357.0,0.308677,1.7564490000000001,LBN,RUS,8413
2764094,126,186,1631,2014,0.0,1480.0,-1.5943829999999999,-1.189961,LBY,RUS,8413
2764095,130,186,1631,2014,13798163.0,2491158.0,0.764495,1.3451540000000002,LTU,RUS,8413
2764096,131,186,1631,2014,269117.0,0.0,1.243845,1.155474,LUX,RUS,8413
2764097,132,186,1631,2014,1007194.0,2040742.0,0.613116,1.1899790000000001,LVA,RUS,8413
2764098,135,186,1631,2014,8645389.0,176731.0,-0.10438199999999999,-0.093194,MDA,RUS,8413
2764099,136,186,1631,2014,189803.0,0.0,-1.002122,-0.44446,MDG,RUS,8413
2764100,137,186,1631,2014,0.0,5494.0,-0.43265299999999995,-0.82696,MDV,RUS,8413
2764101,138,186,1631,2014,9177457.0,150699.0,1.0799729999999998,0.697554,MEX,RUS,8413
2764102,140,186,1631,2014,10121.0,542.0,-0.039799,-0.05545,MKD,RUS,8413
2764103,142,186,1631,2014,0.0,8994.0,0.817013,0.0016309999999999999,MLT,RUS,8413
2764104,143,186,1631,2014,0.0,279321.0,-1.5332459999999999,-1.145973,MMR,RUS,8413
2764105,144,186,1631,2014,0.0,2649.0,-0.17039100000000001,-0.21762399999999998,MNE,RUS,8413
2764106,145,186,1631,2014,0.0,1399587.0,-1.425524,-1.161949,MNG,RUS,8413
2764107,153,186,1631,2014,58375.0,169790.0,1.018138,0.774649,MYS,RUS,8413
2764108,155,186,1631,2014,0.0,22313.0,-0.428227,-0.5632229999999999,NAM,RUS,8413
2764109,159,186,1631,2014,0.0,43737.0,-1.2126430000000001,-1.059697,NGA,RUS,8413
2764110,160,186,1631,2014,0.0,13582.0,-0.938269,-0.839066,NIC,RUS,8413
2764111,162,186,1631,2014,82508124.0,173854.0,1.179325,1.355071,NLD,RUS,8413
2764112,163,186,1631,2014,2855261.0,1275404.0,0.9187049999999999,0.182685,NOR,RUS,8413
2764113,164,186,1631,2014,0.0,3482.0,-0.11988199999999999,0.655883,NPL,RUS,8413
2764114,166,186,1631,2014,31526.0,69405.0,0.272502,0.21628699999999998,NZL,RUS,8413
2764115,167,186,1631,2014,1431.0,0.0,-0.505129,-1.0051370000000002,OMN,RUS,8413
2764116,168,186,1631,2014,0.0,77533.0,-0.672924,0.566787,PAK,RUS,8413
2764117,169,186,1631,2014,49562.0,20736.0,0.771742,0.9873190000000001,PAN,RUS,8413
2764118,173,186,1631,2014,0.0,11969.0,-0.557833,0.611826,PER,RUS,8413
2764119,174,186,1631,2014,16345.0,0.0,0.637442,0.475883,PHL,RUS,8413
2764120,177,186,1631,2014,31956296.0,571914.0,1.133102,1.177165,POL,RUS,8413
2764121,178,186,1631,2014,0.0,3510.0,-0.23883000000000001,-0.009727,PRK,RUS,8413
2764122,179,186,1631,2014,816163.0,25583.0,0.621053,2.349644,PRT,RUS,8413
2764123,183,186,1631,2014,0.0,807.0,-0.37535599999999997,-1.0196370000000001,QAT,RUS,8413
2764124,185,186,1631,2014,8246513.0,986142.0,0.9112,1.188161,ROU,RUS,8413
2764125,187,186,1631,2014,0.0,4952.0,-0.5692659999999999,-0.447859,RWA,RUS,8413
2764126,188,186,1631,2014,3711.0,1129.0,0.5758439999999999,-0.832692,SAU,RUS,8413
2764127,190,186,1631,2014,0.0,46554.0,-1.442381,-1.1155030000000001,SDN,RUS,8413
2764128,192,186,1631,2014,7791023.0,132666.0,1.867492,0.626736,SGP,RUS,8413
2764129,196,186,1631,2014,0.0,8015.0,-0.9228569999999999,-0.791482,SLE,RUS,8413
2764130,201,186,1631,2014,34992394.0,1143562.0,0.551635,1.211535,SRB,RUS,8413
2764131,202,186,1631,2014,0.0,100285.0,-2.824279,-0.8767969999999999,SSD,RUS,8413
2764132,206,186,1631,2014,1639678.0,598422.0,1.334959,0.821253,SVK,RUS,8413
2764133,207,186,1631,2014,3616165.0,0.0,1.6558669999999998,0.6814399999999999,SVN,RUS,8413
2764134,208,186,1631,2014,32017631.0,225699.0,1.817752,0.558474,SWE,RUS,8413
2764135,211,186,1631,2014,0.0,28289.0,0.358111,-0.484879,SYC,RUS,8413
2764136,212,186,1631,2014,0.0,571211.0,-0.366224,0.9054719999999999,SYR,RUS,8413
2764137,216,186,1631,2014,477306.0,51753.0,0.977094,1.41283,THA,RUS,8413
2764138,217,186,1631,2014,0.0,849795.0,-0.706823,-0.993756,TJK,RUS,8413
2764139,219,186,1631,2014,33378.0,11768721.0,-1.217897,-1.184131,TKM,RUS,8413
2764140,223,186,1631,2014,0.0,35949.0,0.343449,1.118007,TUN,RUS,8413
2764141,224,186,1631,2014,8332042.0,287881.0,0.554761,2.385693,TUR,RUS,8413
2764142,227,186,1631,2014,0.0,40740.0,-0.46911800000000003,0.25446599999999997,UGA,RUS,8413
2764143,228,186,1631,2014,145358443.0,12431571.0,0.566535,0.832267,UKR,RUS,8413
2764144,230,186,1631,2014,0.0,21982.0,0.154034,-0.380899,URY,RUS,8413
2764145,231,186,1631,2014,60666927.0,3011119.0,1.61227,0.068905,USA,RUS,8413
2764146,232,186,1631,2014,392363.0,9381454.0,-0.407623,-0.37150700000000003,UZB,RUS,8413
2764147,236,186,1631,2014,0.0,1629547.0,-0.582086,-1.081727,VEN,RUS,8413
2764148,237,186,1631,2014,50737.0,0.0,0.484282,-0.082974,VGB,RUS,8413
2764149,239,186,1631,2014,136811.0,1100873.0,-0.023765,1.344416,VNM,RUS,8413
2764150,243,186,1631,2014,0.0,116592.0,-1.2829190000000001,-1.227373,YEM,RUS,8413
2764151,246,186,1631,2014,1413350.0,36863.0,0.282927,1.723214,ZAF,RUS,8413
2764152,249,186,1631,2014,1741973.0,39044.0,1.9044189999999999,1.0595139999999998,TWN,RUS,8413
2764153,250,186,1631,2014,1163578.0,0.0,0.506842,0.049545,ANS,RUS,8413
2764154,1,201,1631,2014,0.0,1178.0,-0.924386,-0.839385,AFG,SRB,8413
2764155,2,201,1631,2014,0.0,86036.0,-1.8184900000000002,-1.149191,AGO,SRB,8413
2764156,4,201,1631,2014,0.0,264746.0,-0.476024,-0.33978400000000003,ALB,SRB,8413
2764157,7,201,1631,2014,0.0,258692.0,0.087775,-0.289459,ARE,SRB,8413
2764158,8,201,1631,2014,1119.0,1913333.0,0.10691500000000001,0.44860600000000006,ARG,SRB,8413
2764159,9,201,1631,2014,0.0,16134.0,-0.198322,-0.5918680000000001,ARM,SRB,8413
2764160,14,201,1631,2014,1311.0,631472.0,-0.398273,-0.17128,AUS,SRB,8413
2764161,15,201,1631,2014,3869816.0,313003.0,1.7116790000000002,-0.140232,AUT,SRB,8413
2764162,16,201,1631,2014,1188.0,0.0,-0.909508,-1.165158,AZE,SRB,8413
2764163,18,201,1631,2014,470212.0,13483.0,1.234156,1.226441,BEL,SRB,8413
2764164,23,201,1631,2014,1602210.0,290858.0,0.579058,1.6558110000000001,BGR,SRB,8413
2764165,26,201,1631,2014,637459.0,2893308.0,0.5083300000000001,0.711704,BIH,SRB,8413
2764166,28,201,1631,2014,106009.0,1498.0,0.874108,0.676231,BLR,SRB,8413
2764167,32,201,1631,2014,12518.0,189932.0,0.218223,0.556921,BRA,SRB,8413
2764168,39,201,1631,2014,59615.0,55934.0,0.671395,1.024683,CAN,SRB,8413
2764169,41,201,1631,2014,150321.0,559488.0,2.2000919999999997,0.65398,CHE,SRB,8413
2764170,42,201,1631,2014,0.0,4021.0,-0.344671,-0.43380799999999997,CHL,SRB,8413
2764171,43,201,1631,2014,1167888.0,1711721.0,1.187557,1.222085,CHN,SRB,8413
2764172,44,201,1631,2014,0.0,901.0,-0.737625,-0.768728,CIV,SRB,8413
2764173,49,201,1631,2014,0.0,1164.0,0.19864500000000002,-0.378364,COL,SRB,8413
2764174,58,201,1631,2014,0.0,974.0,0.627467,0.483725,CYP,SRB,8413
2764175,59,201,1631,2014,460586.0,60550.0,1.8105830000000003,0.131131,CZE,SRB,8413
2764176,61,201,1631,2014,20384646.0,5659893.0,2.052849,-2.888805,DEU,SRB,8413
2764177,64,201,1631,2014,25903795.0,13129135.0,1.10869,1.245193,DNK,SRB,8413
2764178,66,201,1631,2014,0.0,253241.0,-1.5554649999999999,-1.1657030000000002,DZA,SRB,8413
2764179,68,201,1631,2014,0.0,133972.0,-0.086866,1.7419669999999998,EGY,SRB,8413
2764180,71,201,1631,2014,337104.0,31234.0,0.842147,2.45692,ESP,SRB,8413
2764181,72,201,1631,2014,1429.0,0.0,0.9147780000000001,1.151556,EST,SRB,8413
2764182,74,201,1631,2014,34390.0,16811.0,1.626355,1.002923,FIN,SRB,8413
2764183,77,201,1631,2014,8041671.0,12273247.0,1.4817790000000002,0.30995,FRA,SRB,8413
2764184,81,201,1631,2014,4137310.0,2169779.0,1.697964,0.585372,GBR,SRB,8413
2764185,82,201,1631,2014,0.0,114233.0,-0.254106,-0.646584,GEO,SRB,8413
2764186,90,201,1631,2014,68342.0,87576.0,0.149337,0.8560540000000001,GRC,SRB,8413
2764187,97,201,1631,2014,96240.0,0.0,0.812132,1.722493,HKG,SRB,8413
2764188,100,201,1631,2014,706354.0,629542.0,0.804401,1.250807,HRV,SRB,8413
2764189,102,201,1631,2014,3012732.0,1117580.0,1.477093,0.812869,HUN,SRB,8413
2764190,103,201,1631,2014,0.0,11932.0,-0.088032,1.3966459999999998,IDN,SRB,8413
2764191,104,201,1631,2014,52064.0,12588.0,0.262042,2.6305080000000003,IND,SRB,8413
2764192,106,201,1631,2014,44099.0,0.0,1.2658399999999999,0.278546,IRL,SRB,8413
2764193,107,201,1631,2014,0.0,166571.0,-0.361058,-0.312743,IRN,SRB,8413
2764194,109,201,1631,2014,0.0,780.0,0.127891,-0.302014,ISL,SRB,8413
2764195,110,201,1631,2014,7993.0,0.0,1.211141,0.64523,ISR,SRB,8413
2764196,111,201,1631,2014,10596982.0,826284.0,1.340136,0.43931099999999995,ITA,SRB,8413
2764197,113,201,1631,2014,0.0,919.0,0.210208,0.48732299999999995,JOR,SRB,8413
2764198,114,201,1631,2014,54925.0,568483.0,2.403165,-0.635024,JPN,SRB,8413
2764199,115,201,1631,2014,0.0,219994.0,-0.210431,-0.574075,KAZ,SRB,8413
2764200,116,201,1631,2014,0.0,10488.0,-0.487058,0.307288,KEN,SRB,8413
2764201,121,201,1631,2014,91379.0,1112.0,1.817145,0.8394530000000001,KOR,SRB,8413
2764202,122,201,1631,2014,4028.0,23136.0,-0.769616,-1.10667,KWT,SRB,8413
2764203,124,201,1631,2014,0.0,15386.0,0.308677,1.7564490000000001,LBN,SRB,8413
2764204,126,201,1631,2014,0.0,335592.0,-1.5943829999999999,-1.189961,LBY,SRB,8413
2764205,130,201,1631,2014,6956.0,53418.0,0.764495,1.3451540000000002,LTU,SRB,8413
2764206,131,201,1631,2014,22792.0,1066.0,1.243845,1.155474,LUX,SRB,8413
2764207,132,201,1631,2014,2995.0,16199.0,0.613116,1.1899790000000001,LVA,SRB,8413
2764208,135,201,1631,2014,0.0,11194.0,-0.10438199999999999,-0.093194,MDA,SRB,8413
2764209,138,201,1631,2014,43710.0,13558.0,1.0799729999999998,0.697554,MEX,SRB,8413
2764210,140,201,1631,2014,360162.0,1245239.0,-0.039799,-0.05545,MKD,SRB,8413
2764211,144,201,1631,2014,60890.0,1221854.0,-0.17039100000000001,-0.21762399999999998,MNE,SRB,8413
2764212,153,201,1631,2014,727.0,26790.0,1.018138,0.774649,MYS,SRB,8413
2764213,159,201,1631,2014,0.0,50418.0,-1.2126430000000001,-1.059697,NGA,SRB,8413
2764214,162,201,1631,2014,3956876.0,360166.0,1.179325,1.355071,NLD,SRB,8413
2764215,163,201,1631,2014,22199.0,63555.0,0.9187049999999999,0.182685,NOR,SRB,8413
2764216,166,201,1631,2014,0.0,1786.0,0.272502,0.21628699999999998,NZL,SRB,8413
2764217,168,201,1631,2014,0.0,811.0,-0.672924,0.566787,PAK,SRB,8413
2764218,177,201,1631,2014,809248.0,339980.0,1.133102,1.177165,POL,SRB,8413
2764219,179,201,1631,2014,12132.0,1098.0,0.621053,2.349644,PRT,SRB,8413
2764220,183,201,1631,2014,975.0,7949.0,-0.37535599999999997,-1.0196370000000001,QAT,SRB,8413
2764221,185,201,1631,2014,1249107.0,13993.0,0.9112,1.188161,ROU,SRB,8413
2764222,186,201,1631,2014,1143562.0,34992394.0,0.229422,-0.214856,RUS,SRB,8413
2764223,188,201,1631,2014,0.0,115645.0,0.5758439999999999,-0.832692,SAU,SRB,8413
2764224,192,201,1631,2014,5337.0,198291.0,1.867492,0.626736,SGP,SRB,8413
2764225,206,201,1631,2014,61279.0,57949.0,1.334959,0.821253,SVK,SRB,8413
2764226,207,201,1631,2014,2938796.0,360531.0,1.6558669999999998,0.6814399999999999,SVN,SRB,8413
2764227,208,201,1631,2014,871898.0,50870.0,1.817752,0.558474,SWE,SRB,8413
2764228,216,201,1631,2014,15617.0,109841.0,0.977094,1.41283,THA,SRB,8413
2764229,224,201,1631,2014,942329.0,3894261.0,0.554761,2.385693,TUR,SRB,8413
2764230,226,201,1631,2014,0.0,10169.0,-1.054331,0.166345,TZA,SRB,8413
2764231,228,201,1631,2014,9837.0,1463125.0,0.566535,0.832267,UKR,SRB,8413
2764232,230,201,1631,2014,0.0,12302.0,0.154034,-0.380899,URY,SRB,8413
2764233,231,201,1631,2014,957485.0,1807772.0,1.61227,0.068905,USA,SRB,8413
2764234,232,201,1631,2014,0.0,1063850.0,-0.407623,-0.37150700000000003,UZB,SRB,8413
2764235,246,201,1631,2014,3161.0,255432.0,0.282927,1.723214,ZAF,SRB,8413
2764236,249,201,1631,2014,296365.0,7094.0,1.9044189999999999,1.0595139999999998,TWN,SRB,8413
2764237,2,211,1631,2014,0.0,173598.0,-1.8184900000000002,-1.149191,AGO,SYC,8413
2764238,7,211,1631,2014,172193.0,0.0,0.087775,-0.289459,ARE,SYC,8413
2764239,14,211,1631,2014,38391.0,0.0,-0.398273,-0.17128,AUS,SYC,8413
2764240,15,211,1631,2014,26522.0,228272.0,1.7116790000000002,-0.140232,AUT,SYC,8413
2764241,18,211,1631,2014,33298.0,0.0,1.234156,1.226441,BEL,SYC,8413
2764242,32,211,1631,2014,10994.0,0.0,0.218223,0.556921,BRA,SYC,8413
2764243,39,211,1631,2014,14716.0,0.0,0.671395,1.024683,CAN,SYC,8413
2764244,41,211,1631,2014,32102.0,0.0,2.2000919999999997,0.65398,CHE,SYC,8413
2764245,43,211,1631,2014,42317.0,0.0,1.187557,1.222085,CHN,SYC,8413
2764246,59,211,1631,2014,1193.0,0.0,1.8105830000000003,0.131131,CZE,SYC,8413
2764247,61,211,1631,2014,207056.0,0.0,2.052849,-2.888805,DEU,SYC,8413
2764248,64,211,1631,2014,120793.0,0.0,1.10869,1.245193,DNK,SYC,8413
2764249,71,211,1631,2014,171041.0,6601.0,0.842147,2.45692,ESP,SYC,8413
2764250,74,211,1631,2014,2875.0,0.0,1.626355,1.002923,FIN,SYC,8413
2764251,77,211,1631,2014,372280.0,31401.0,1.4817790000000002,0.30995,FRA,SYC,8413
2764252,81,211,1631,2014,279011.0,13537.0,1.697964,0.585372,GBR,SYC,8413
2764253,90,211,1631,2014,2326.0,0.0,0.149337,0.8560540000000001,GRC,SYC,8413
2764254,97,211,1631,2014,1324.0,0.0,0.812132,1.722493,HKG,SYC,8413
2764255,102,211,1631,2014,19757.0,0.0,1.477093,0.812869,HUN,SYC,8413
2764256,104,211,1631,2014,77945.0,0.0,0.262042,2.6305080000000003,IND,SYC,8413
2764257,106,211,1631,2014,9488.0,0.0,1.2658399999999999,0.278546,IRL,SYC,8413
2764258,111,211,1631,2014,245492.0,0.0,1.340136,0.43931099999999995,ITA,SYC,8413
2764259,114,211,1631,2014,15708.0,0.0,2.403165,-0.635024,JPN,SYC,8413
2764260,116,211,1631,2014,31856.0,0.0,-0.487058,0.307288,KEN,SYC,8413
2764261,121,211,1631,2014,5096.0,0.0,1.817145,0.8394530000000001,KOR,SYC,8413
2764262,128,211,1631,2014,56838.0,0.0,-0.49366899999999997,0.338686,LKA,SYC,8413
2764263,130,211,1631,2014,32914.0,0.0,0.764495,1.3451540000000002,LTU,SYC,8413
2764264,131,211,1631,2014,5871.0,1251.0,1.243845,1.155474,LUX,SYC,8413
2764265,138,211,1631,2014,10108.0,0.0,1.0799729999999998,0.697554,MEX,SYC,8413
2764266,151,211,1631,2014,138674.0,1642.0,-0.029891,-0.12431099999999999,MUS,SYC,8413
2764267,153,211,1631,2014,4803.0,0.0,1.018138,0.774649,MYS,SYC,8413
2764268,162,211,1631,2014,569155.0,0.0,1.179325,1.355071,NLD,SYC,8413
2764269,166,211,1631,2014,1224.0,0.0,0.272502,0.21628699999999998,NZL,SYC,8413
2764270,179,211,1631,2014,734.0,0.0,0.621053,2.349644,PRT,SYC,8413
2764271,186,211,1631,2014,28289.0,0.0,0.229422,-0.214856,RUS,SYC,8413
2764272,188,211,1631,2014,962.0,0.0,0.5758439999999999,-0.832692,SAU,SYC,8413
2764273,190,211,1631,2014,0.0,1182.0,-1.442381,-1.1155030000000001,SDN,SYC,8413
2764274,192,211,1631,2014,299513.0,0.0,1.867492,0.626736,SGP,SYC,8413
2764275,208,211,1631,2014,60477.0,0.0,1.817752,0.558474,SWE,SYC,8413
2764276,216,211,1631,2014,3021.0,0.0,0.977094,1.41283,THA,SYC,8413
2764277,224,211,1631,2014,36243.0,0.0,0.554761,2.385693,TUR,SYC,8413
2764278,231,211,1631,2014,234567.0,6673.0,1.61227,0.068905,USA,SYC,8413
2764279,246,211,1631,2014,314197.0,3374.0,0.282927,1.723214,ZAF,SYC,8413
2764280,247,211,1631,2014,0.0,97939.0,-0.664089,-0.793452,ZMB,SYC,8413
2764281,249,211,1631,2014,2165.0,0.0,1.9044189999999999,1.0595139999999998,TWN,SYC,8413
2764282,7,4,1631,2014,1893.0,0.0,0.087775,-0.289459,ARE,ALB,8413
2764283,14,4,1631,2014,19221.0,1670.0,-0.398273,-0.17128,AUS,ALB,8413
2764284,15,4,1631,2014,420425.0,1819.0,1.7116790000000002,-0.140232,AUT,ALB,8413
2764285,18,4,1631,2014,9446.0,0.0,1.234156,1.226441,BEL,ALB,8413
2764286,23,4,1631,2014,96812.0,0.0,0.579058,1.6558110000000001,BGR,ALB,8413
2764287,32,4,1631,2014,0.0,32688.0,0.218223,0.556921,BRA,ALB,8413
2764288,39,4,1631,2014,17815107.0,0.0,0.671395,1.024683,CAN,ALB,8413
2764289,41,4,1631,2014,4454.0,1433.0,2.2000919999999997,0.65398,CHE,ALB,8413
2764290,43,4,1631,2014,2787615.0,0.0,1.187557,1.222085,CHN,ALB,8413
2764291,49,4,1631,2014,0.0,2057.0,0.19864500000000002,-0.378364,COL,ALB,8413
2764292,59,4,1631,2014,1029.0,0.0,1.8105830000000003,0.131131,CZE,ALB,8413
2764293,61,4,1631,2014,4264376.0,0.0,2.052849,-2.888805,DEU,ALB,8413
2764294,67,4,1631,2014,0.0,2448.0,-1.066865,-1.052921,ECU,ALB,8413
2764295,71,4,1631,2014,76518.0,0.0,0.842147,2.45692,ESP,ALB,8413
2764296,77,4,1631,2014,144369.0,64874.0,1.4817790000000002,0.30995,FRA,ALB,8413
2764297,81,4,1631,2014,92132.0,10339.0,1.697964,0.585372,GBR,ALB,8413
2764298,90,4,1631,2014,578486.0,3971.0,0.149337,0.8560540000000001,GRC,ALB,8413
2764299,97,4,1631,2014,6720.0,0.0,0.812132,1.722493,HKG,ALB,8413
2764300,100,4,1631,2014,20935.0,76781.0,0.804401,1.250807,HRV,ALB,8413
2764301,102,4,1631,2014,87331.0,0.0,1.477093,0.812869,HUN,ALB,8413
2764302,111,4,1631,2014,4443314.0,12919.0,1.340136,0.43931099999999995,ITA,ALB,8413
2764303,114,4,1631,2014,2969.0,0.0,2.403165,-0.635024,JPN,ALB,8413
2764304,121,4,1631,2014,538.0,0.0,1.817145,0.8394530000000001,KOR,ALB,8413
2764305,140,4,1631,2014,178992.0,0.0,-0.039799,-0.05545,MKD,ALB,8413
2764306,144,4,1631,2014,0.0,5834.0,-0.17039100000000001,-0.21762399999999998,MNE,ALB,8413
2764307,162,4,1631,2014,40334.0,0.0,1.179325,1.355071,NLD,ALB,8413
2764308,177,4,1631,2014,16539.0,915.0,1.133102,1.177165,POL,ALB,8413
2764309,179,4,1631,2014,915.0,0.0,0.621053,2.349644,PRT,ALB,8413
2764310,185,4,1631,2014,2549112.0,1334.0,0.9112,1.188161,ROU,ALB,8413
2764311,191,4,1631,2014,0.0,8595.0,-0.502607,-0.08866,SEN,ALB,8413
2764312,192,4,1631,2014,0.0,1475.0,1.867492,0.626736,SGP,ALB,8413
2764313,201,4,1631,2014,264746.0,0.0,0.551635,1.211535,SRB,ALB,8413
2764314,207,4,1631,2014,249315.0,863.0,1.6558669999999998,0.6814399999999999,SVN,ALB,8413
2764315,208,4,1631,2014,43671.0,0.0,1.817752,0.558474,SWE,ALB,8413
2764316,224,4,1631,2014,1386851.0,0.0,0.554761,2.385693,TUR,ALB,8413
2764317,231,4,1631,2014,453216.0,4352.0,1.61227,0.068905,USA,ALB,8413
2764318,246,4,1631,2014,0.0,961.0,0.282927,1.723214,ZAF,ALB,8413
2764319,33,13,1631,2014,2608.0,0.0,0.44968400000000003,-0.15268900000000002,BRB,ATG,8413
2764320,39,13,1631,2014,5877.0,4648.0,0.671395,1.024683,CAN,ATG,8413
2764321,43,13,1631,2014,117265.0,0.0,1.187557,1.222085,CHN,ATG,8413
2764322,49,13,1631,2014,0.0,1648.0,0.19864500000000002,-0.378364,COL,ATG,8413
2764323,55,13,1631,2014,44840.0,0.0,-0.00902,-0.683643,CUW,ATG,8413
2764324,61,13,1631,2014,503104.0,0.0,2.052849,-2.888805,DEU,ATG,8413
2764325,63,13,1631,2014,0.0,4767.0,0.294596,-0.310069,DMA,ATG,8413
2764326,64,13,1631,2014,22329.0,0.0,1.10869,1.245193,DNK,ATG,8413
2764327,71,13,1631,2014,1516.0,0.0,0.842147,2.45692,ESP,ATG,8413
2764328,74,13,1631,2014,9242.0,0.0,1.626355,1.002923,FIN,ATG,8413
2764329,77,13,1631,2014,3073.0,0.0,1.4817790000000002,0.30995,FRA,ATG,8413
2764330,81,13,1631,2014,62525.0,1997.0,1.697964,0.585372,GBR,ATG,8413
2764331,104,13,1631,2014,0.0,59131.0,0.262042,2.6305080000000003,IND,ATG,8413
2764332,111,13,1631,2014,38510.0,0.0,1.340136,0.43931099999999995,ITA,ATG,8413
2764333,114,13,1631,2014,18822.0,0.0,2.403165,-0.635024,JPN,ATG,8413
2764334,121,13,1631,2014,2499.0,0.0,1.817145,0.8394530000000001,KOR,ATG,8413
2764335,138,13,1631,2014,618.0,0.0,1.0799729999999998,0.697554,MEX,ATG,8413
2764336,162,13,1631,2014,101146.0,868.0,1.179325,1.355071,NLD,ATG,8413
2764337,169,13,1631,2014,1050.0,0.0,0.771742,0.9873190000000001,PAN,ATG,8413
2764338,208,13,1631,2014,3379.0,0.0,1.817752,0.558474,SWE,ATG,8413
2764339,222,13,1631,2014,3294.0,0.0,-0.57362,-1.117545,TTO,ATG,8413
2764340,224,13,1631,2014,3535.0,0.0,0.554761,2.385693,TUR,ATG,8413
2764341,231,13,1631,2014,275536.0,3390.0,1.61227,0.068905,USA,ATG,8413
2764342,234,13,1631,2014,0.0,2987.0,0.034024,-0.522492,VCT,ATG,8413
2764343,249,13,1631,2014,2132.0,0.0,1.9044189999999999,1.0595139999999998,TWN,ATG,8413
2764344,250,13,1631,2014,2372.0,0.0,0.506842,0.049545,ANS,ATG,8413
2764345,5,21,1631,2014,1197.0,0.0,0.533246,-0.41617,AND,BFA,8413
2764346,7,21,1631,2014,70114.0,0.0,0.087775,-0.289459,ARE,BFA,8413
2764347,14,21,1631,2014,69117.0,0.0,-0.398273,-0.17128,AUS,BFA,8413
2764348,15,21,1631,2014,2234.0,0.0,1.7116790000000002,-0.140232,AUT,BFA,8413
2764349,18,21,1631,2014,519037.0,0.0,1.234156,1.226441,BEL,BFA,8413
2764350,19,21,1631,2014,5328.0,2610.0,-0.342225,-0.618789,BEN,BFA,8413
2764351,32,21,1631,2014,32001.0,0.0,0.218223,0.556921,BRA,BFA,8413
2764352,39,21,1631,2014,689169.0,0.0,0.671395,1.024683,CAN,BFA,8413
2764353,41,21,1631,2014,25549.0,0.0,2.2000919999999997,0.65398,CHE,BFA,8413
2764354,43,21,1631,2014,135826.0,0.0,1.187557,1.222085,CHN,BFA,8413
2764355,44,21,1631,2014,377713.0,36538.0,-0.737625,-0.768728,CIV,BFA,8413
2764356,45,21,1631,2014,2161.0,0.0,-0.6723520000000001,-0.945084,CMR,BFA,8413
2764357,59,21,1631,2014,2200.0,0.0,1.8105830000000003,0.131131,CZE,BFA,8413
2764358,61,21,1631,2014,543868.0,5202.0,2.052849,-2.888805,DEU,BFA,8413
2764359,64,21,1631,2014,103744.0,0.0,1.10869,1.245193,DNK,BFA,8413
2764360,71,21,1631,2014,43247.0,0.0,0.842147,2.45692,ESP,BFA,8413
2764361,74,21,1631,2014,24924.0,0.0,1.626355,1.002923,FIN,BFA,8413
2764362,77,21,1631,2014,2810038.0,16154.0,1.4817790000000002,0.30995,FRA,BFA,8413
2764363,81,21,1631,2014,56162.0,0.0,1.697964,0.585372,GBR,BFA,8413
2764364,83,21,1631,2014,4482844.0,104564.0,-1.130226,-0.9909379999999999,GHA,BFA,8413
2764365,104,21,1631,2014,1722795.0,0.0,0.262042,2.6305080000000003,IND,BFA,8413
2764366,106,21,1631,2014,3954.0,0.0,1.2658399999999999,0.278546,IRL,BFA,8413
2764367,110,21,1631,2014,81665.0,127460.0,1.211141,0.64523,ISR,BFA,8413
2764368,111,21,1631,2014,312037.0,5155.0,1.340136,0.43931099999999995,ITA,BFA,8413
2764369,114,21,1631,2014,21251.0,0.0,2.403165,-0.635024,JPN,BFA,8413
2764370,121,21,1631,2014,2296.0,0.0,1.817145,0.8394530000000001,KOR,BFA,8413
2764371,124,21,1631,2014,662.0,0.0,0.308677,1.7564490000000001,LBN,BFA,8413
2764372,134,21,1631,2014,68679.0,0.0,-0.574034,0.065788,MAR,BFA,8413
2764373,141,21,1631,2014,20511.0,154973.0,-1.199063,-1.05497,MLI,BFA,8413
2764374,145,21,1631,2014,8324.0,0.0,-1.425524,-1.161949,MNG,BFA,8413
2764375,157,21,1631,2014,3871.0,9876.0,-0.7187,-0.80918,NER,BFA,8413
2764376,162,21,1631,2014,770891.0,0.0,1.179325,1.355071,NLD,BFA,8413
2764377,174,21,1631,2014,2938.0,0.0,0.637442,0.475883,PHL,BFA,8413
2764378,177,21,1631,2014,5476.0,0.0,1.133102,1.177165,POL,BFA,8413
2764379,179,21,1631,2014,7155.0,0.0,0.621053,2.349644,PRT,BFA,8413
2764380,185,21,1631,2014,7142.0,0.0,0.9112,1.188161,ROU,BFA,8413
2764381,186,21,1631,2014,1210.0,0.0,0.229422,-0.214856,RUS,BFA,8413
2764382,191,21,1631,2014,62670.0,0.0,-0.502607,-0.08866,SEN,BFA,8413
2764383,208,21,1631,2014,255459.0,0.0,1.817752,0.558474,SWE,BFA,8413
2764384,215,21,1631,2014,479756.0,930.0,-0.524103,-0.537643,TGO,BFA,8413
2764385,224,21,1631,2014,147718.0,0.0,0.554761,2.385693,TUR,BFA,8413
2764386,231,21,1631,2014,435261.0,21645.0,1.61227,0.068905,USA,BFA,8413
2764387,246,21,1631,2014,742158.0,0.0,0.282927,1.723214,ZAF,BFA,8413
2764388,249,21,1631,2014,89649.0,0.0,1.9044189999999999,1.0595139999999998,TWN,BFA,8413
2764389,7,22,1631,2014,278336.0,0.0,0.087775,-0.289459,ARE,BGD,8413
2764390,14,22,1631,2014,55956.0,0.0,-0.398273,-0.17128,AUS,BGD,8413
2764391,15,22,1631,2014,251450.0,0.0,1.7116790000000002,-0.140232,AUT,BGD,8413
2764392,18,22,1631,2014,79927.0,0.0,1.234156,1.226441,BEL,BGD,8413
2764393,39,22,1631,2014,52174.0,0.0,0.671395,1.024683,CAN,BGD,8413
2764394,41,22,1631,2014,274942.0,0.0,2.2000919999999997,0.65398,CHE,BGD,8413
2764395,42,22,1631,2014,0.0,2677.0,-0.344671,-0.43380799999999997,CHL,BGD,8413
2764396,43,22,1631,2014,69252337.0,12162.0,1.187557,1.222085,CHN,BGD,8413
2764397,44,22,1631,2014,0.0,19267.0,-0.737625,-0.768728,CIV,BGD,8413
2764398,59,22,1631,2014,6200.0,0.0,1.8105830000000003,0.131131,CZE,BGD,8413
2764399,61,22,1631,2014,3183137.0,9074.0,2.052849,-2.888805,DEU,BGD,8413
2764400,64,22,1631,2014,356854.0,0.0,1.10869,1.245193,DNK,BGD,8413
2764401,66,22,1631,2014,0.0,5903.0,-1.5554649999999999,-1.1657030000000002,DZA,BGD,8413
2764402,71,22,1631,2014,4459048.0,0.0,0.842147,2.45692,ESP,BGD,8413
2764403,74,22,1631,2014,114932.0,0.0,1.626355,1.002923,FIN,BGD,8413
2764404,77,22,1631,2014,345500.0,0.0,1.4817790000000002,0.30995,FRA,BGD,8413
2764405,81,22,1631,2014,1742217.0,2438.0,1.697964,0.585372,GBR,BGD,8413
2764406,90,22,1631,2014,0.0,2854.0,0.149337,0.8560540000000001,GRC,BGD,8413
2764407,97,22,1631,2014,229797.0,0.0,0.812132,1.722493,HKG,BGD,8413
2764408,100,22,1631,2014,1368.0,0.0,0.804401,1.250807,HRV,BGD,8413
2764409,102,22,1631,2014,4500.0,0.0,1.477093,0.812869,HUN,BGD,8413
2764410,103,22,1631,2014,64350.0,0.0,-0.088032,1.3966459999999998,IDN,BGD,8413
2764411,104,22,1631,2014,13483831.0,168841.0,0.262042,2.6305080000000003,IND,BGD,8413
2764412,106,22,1631,2014,494448.0,0.0,1.2658399999999999,0.278546,IRL,BGD,8413
2764413,107,22,1631,2014,0.0,65705.0,-0.361058,-0.312743,IRN,BGD,8413
2764414,111,22,1631,2014,7790424.0,0.0,1.340136,0.43931099999999995,ITA,BGD,8413
2764415,114,22,1631,2014,4970483.0,0.0,2.403165,-0.635024,JPN,BGD,8413
2764416,121,22,1631,2014,2997102.0,3761.0,1.817145,0.8394530000000001,KOR,BGD,8413
2764417,128,22,1631,2014,422959.0,0.0,-0.49366899999999997,0.338686,LKA,BGD,8413
2764418,143,22,1631,2014,0.0,4383.0,-1.5332459999999999,-1.145973,MMR,BGD,8413
2764419,153,22,1631,2014,651875.0,0.0,1.018138,0.774649,MYS,BGD,8413
2764420,162,22,1631,2014,766194.0,0.0,1.179325,1.355071,NLD,BGD,8413
2764421,163,22,1631,2014,10599.0,1488.0,0.9187049999999999,0.182685,NOR,BGD,8413
2764422,166,22,1631,2014,15859.0,0.0,0.272502,0.21628699999999998,NZL,BGD,8413
2764423,168,22,1631,2014,5694.0,0.0,-0.672924,0.566787,PAK,BGD,8413
2764424,174,22,1631,2014,5448.0,0.0,0.637442,0.475883,PHL,BGD,8413
2764425,177,22,1631,2014,1934.0,0.0,1.133102,1.177165,POL,BGD,8413
2764426,179,22,1631,2014,132780.0,0.0,0.621053,2.349644,PRT,BGD,8413
2764427,185,22,1631,2014,28061.0,0.0,0.9112,1.188161,ROU,BGD,8413
2764428,186,22,1631,2014,327180.0,0.0,0.229422,-0.214856,RUS,BGD,8413
2764429,192,22,1631,2014,5105570.0,59700.0,1.867492,0.626736,SGP,BGD,8413
2764430,206,22,1631,2014,3757.0,0.0,1.334959,0.821253,SVK,BGD,8413
2764431,208,22,1631,2014,49549.0,0.0,1.817752,0.558474,SWE,BGD,8413
2764432,216,22,1631,2014,746704.0,1469.0,0.977094,1.41283,THA,BGD,8413
2764433,224,22,1631,2014,1558483.0,0.0,0.554761,2.385693,TUR,BGD,8413
2764434,228,22,1631,2014,3209.0,0.0,0.566535,0.832267,UKR,BGD,8413
2764435,231,22,1631,2014,6020433.0,66059.0,1.61227,0.068905,USA,BGD,8413
2764436,239,22,1631,2014,5860.0,0.0,-0.023765,1.344416,VNM,BGD,8413
2764437,249,22,1631,2014,569780.0,0.0,1.9044189999999999,1.0595139999999998,TWN,BGD,8413
2764438,15,29,1631,2014,0.0,2001.0,1.7116790000000002,-0.140232,AUT,BLZ,8413
2764439,16,29,1631,2014,0.0,38175.0,-0.909508,-1.165158,AZE,BLZ,8413
2764440,32,29,1631,2014,5690.0,0.0,0.218223,0.556921,BRA,BLZ,8413
2764441,39,29,1631,2014,3500.0,226.0,0.671395,1.024683,CAN,BLZ,8413
2764442,43,29,1631,2014,173153.0,0.0,1.187557,1.222085,CHN,BLZ,8413
2764443,49,29,1631,2014,16003.0,0.0,0.19864500000000002,-0.378364,COL,BLZ,8413
2764444,61,29,1631,2014,45062.0,0.0,2.052849,-2.888805,DEU,BLZ,8413
2764445,68,29,1631,2014,0.0,12980.0,-0.086866,1.7419669999999998,EGY,BLZ,8413
2764446,71,29,1631,2014,5292.0,4979.0,0.842147,2.45692,ESP,BLZ,8413
2764447,77,29,1631,2014,91575.0,0.0,1.4817790000000002,0.30995,FRA,BLZ,8413
2764448,81,29,1631,2014,129150.0,0.0,1.697964,0.585372,GBR,BLZ,8413
2764449,93,29,1631,2014,101419.0,4142.0,-0.36547199999999996,0.548894,GTM,BLZ,8413
2764450,97,29,1631,2014,1440.0,0.0,0.812132,1.722493,HKG,BLZ,8413
2764451,99,29,1631,2014,1242.0,0.0,-0.467004,0.045511,HND,BLZ,8413
2764452,104,29,1631,2014,100992.0,0.0,0.262042,2.6305080000000003,IND,BLZ,8413
2764453,106,29,1631,2014,1209.0,0.0,1.2658399999999999,0.278546,IRL,BLZ,8413
2764454,110,29,1631,2014,936.0,0.0,1.211141,0.64523,ISR,BLZ,8413
2764455,111,29,1631,2014,8926.0,0.0,1.340136,0.43931099999999995,ITA,BLZ,8413
2764456,114,29,1631,2014,78288.0,0.0,2.403165,-0.635024,JPN,BLZ,8413
2764457,121,29,1631,2014,34821.0,0.0,1.817145,0.8394530000000001,KOR,BLZ,8413
2764458,138,29,1631,2014,85090.0,965.0,1.0799729999999998,0.697554,MEX,BLZ,8413
2764459,153,29,1631,2014,12015.0,15643.0,1.018138,0.774649,MYS,BLZ,8413
2764460,155,29,1631,2014,1895.0,0.0,-0.428227,-0.5632229999999999,NAM,BLZ,8413
2764461,168,29,1631,2014,0.0,105808.0,-0.672924,0.566787,PAK,BLZ,8413
2764462,169,29,1631,2014,29179.0,0.0,0.771742,0.9873190000000001,PAN,BLZ,8413
2764463,197,29,1631,2014,6713.0,0.0,0.08653999999999999,0.29088600000000003,SLV,BLZ,8413
2764464,208,29,1631,2014,26575.0,0.0,1.817752,0.558474,SWE,BLZ,8413
2764465,223,29,1631,2014,0.0,31338.0,0.343449,1.118007,TUN,BLZ,8413
2764466,228,29,1631,2014,20715.0,0.0,0.566535,0.832267,UKR,BLZ,8413
2764467,231,29,1631,2014,1608009.0,685463.0,1.61227,0.068905,USA,BLZ,8413
2764468,249,29,1631,2014,123508.0,1225.0,1.9044189999999999,1.0595139999999998,TWN,BLZ,8413
2764469,7,31,1631,2014,2701.0,0.0,0.087775,-0.289459,ARE,BOL,8413
2764470,8,31,1631,2014,2827408.0,0.0,0.10691500000000001,0.44860600000000006,ARG,BOL,8413
2764471,14,31,1631,2014,22678.0,0.0,-0.398273,-0.17128,AUS,BOL,8413
2764472,15,31,1631,2014,483101.0,13536.0,1.7116790000000002,-0.140232,AUT,BOL,8413
2764473,18,31,1631,2014,183317.0,0.0,1.234156,1.226441,BEL,BOL,8413
2764474,23,31,1631,2014,10628.0,0.0,0.579058,1.6558110000000001,BGR,BOL,8413
2764475,32,31,1631,2014,6913319.0,0.0,0.218223,0.556921,BRA,BOL,8413
2764476,39,31,1631,2014,250562.0,7473.0,0.671395,1.024683,CAN,BOL,8413
2764477,41,31,1631,2014,68122.0,0.0,2.2000919999999997,0.65398,CHE,BOL,8413
2764478,42,31,1631,2014,4796701.0,268159.0,-0.344671,-0.43380799999999997,CHL,BOL,8413
2764479,43,31,1631,2014,2594600.0,0.0,1.187557,1.222085,CHN,BOL,8413
2764480,49,31,1631,2014,34537.0,0.0,0.19864500000000002,-0.378364,COL,BOL,8413
2764481,59,31,1631,2014,25042.0,0.0,1.8105830000000003,0.131131,CZE,BOL,8413
2764482,61,31,1631,2014,703752.0,73319.0,2.052849,-2.888805,DEU,BOL,8413
2764483,64,31,1631,2014,291518.0,0.0,1.10869,1.245193,DNK,BOL,8413
2764484,65,31,1631,2014,0.0,1830.0,-0.180845,0.508512,DOM,BOL,8413
2764485,67,31,1631,2014,0.0,2924.0,-1.066865,-1.052921,ECU,BOL,8413
2764486,71,31,1631,2014,1213485.0,0.0,0.842147,2.45692,ESP,BOL,8413
2764487,72,31,1631,2014,12266.0,0.0,0.9147780000000001,1.151556,EST,BOL,8413
2764488,74,31,1631,2014,8240.0,0.0,1.626355,1.002923,FIN,BOL,8413
2764489,77,31,1631,2014,360542.0,17487.0,1.4817790000000002,0.30995,FRA,BOL,8413
2764490,81,31,1631,2014,221307.0,0.0,1.697964,0.585372,GBR,BOL,8413
2764491,97,31,1631,2014,6260.0,0.0,0.812132,1.722493,HKG,BOL,8413
2764492,102,31,1631,2014,108803.0,0.0,1.477093,0.812869,HUN,BOL,8413
2764493,103,31,1631,2014,2444.0,0.0,-0.088032,1.3966459999999998,IDN,BOL,8413
2764494,104,31,1631,2014,228152.0,0.0,0.262042,2.6305080000000003,IND,BOL,8413
2764495,106,31,1631,2014,178008.0,0.0,1.2658399999999999,0.278546,IRL,BOL,8413
2764496,111,31,1631,2014,2916635.0,8155.0,1.340136,0.43931099999999995,ITA,BOL,8413
2764497,114,31,1631,2014,4465080.0,0.0,2.403165,-0.635024,JPN,BOL,8413
2764498,121,31,1631,2014,1228760.0,0.0,1.817145,0.8394530000000001,KOR,BOL,8413
2764499,130,31,1631,2014,1084.0,0.0,0.764495,1.3451540000000002,LTU,BOL,8413
2764500,131,31,1631,2014,135604.0,0.0,1.243845,1.155474,LUX,BOL,8413
2764501,138,31,1631,2014,769233.0,28930.0,1.0799729999999998,0.697554,MEX,BOL,8413
2764502,153,31,1631,2014,1386.0,0.0,1.018138,0.774649,MYS,BOL,8413
2764503,162,31,1631,2014,18631.0,0.0,1.179325,1.355071,NLD,BOL,8413
2764504,163,31,1631,2014,922.0,0.0,0.9187049999999999,0.182685,NOR,BOL,8413
2764505,166,31,1631,2014,4231.0,1410.0,0.272502,0.21628699999999998,NZL,BOL,8413
2764506,169,31,1631,2014,76605.0,21052.0,0.771742,0.9873190000000001,PAN,BOL,8413
2764507,173,31,1631,2014,277617.0,6670.0,-0.557833,0.611826,PER,BOL,8413
2764508,177,31,1631,2014,123215.0,0.0,1.133102,1.177165,POL,BOL,8413
2764509,179,31,1631,2014,1108.0,0.0,0.621053,2.349644,PRT,BOL,8413
2764510,180,31,1631,2014,11355.0,0.0,-0.608509,-0.930679,PRY,BOL,8413
2764511,185,31,1631,2014,1658.0,0.0,0.9112,1.188161,ROU,BOL,8413
2764512,188,31,1631,2014,26898.0,0.0,0.5758439999999999,-0.832692,SAU,BOL,8413
2764513,192,31,1631,2014,3598.0,0.0,1.867492,0.626736,SGP,BOL,8413
2764514,206,31,1631,2014,3336.0,0.0,1.334959,0.821253,SVK,BOL,8413
2764515,208,31,1631,2014,640221.0,0.0,1.817752,0.558474,SWE,BOL,8413
2764516,209,31,1631,2014,8466.0,0.0,0.22972199999999998,-0.365564,SWZ,BOL,8413
2764517,216,31,1631,2014,8118.0,0.0,0.977094,1.41283,THA,BOL,8413
2764518,224,31,1631,2014,151026.0,0.0,0.554761,2.385693,TUR,BOL,8413
2764519,228,31,1631,2014,549.0,0.0,0.566535,0.832267,UKR,BOL,8413
2764520,231,31,1631,2014,10478413.0,146817.0,1.61227,0.068905,USA,BOL,8413
2764521,236,31,1631,2014,0.0,360977.0,-0.582086,-1.081727,VEN,BOL,8413
2764522,246,31,1631,2014,8247.0,0.0,0.282927,1.723214,ZAF,BOL,8413
2764523,249,31,1631,2014,20842.0,0.0,1.9044189999999999,1.0595139999999998,TWN,BOL,8413
2764524,15,35,1631,2014,34096.0,0.0,1.7116790000000002,-0.140232,AUT,BTN,8413
2764525,18,35,1631,2014,36943.0,0.0,1.234156,1.226441,BEL,BTN,8413
2764526,39,35,1631,2014,2119.0,0.0,0.671395,1.024683,CAN,BTN,8413
2764527,41,35,1631,2014,0.0,15791.0,2.2000919999999997,0.65398,CHE,BTN,8413
2764528,43,35,1631,2014,2603.0,0.0,1.187557,1.222085,CHN,BTN,8413
2764529,61,35,1631,2014,73986.0,0.0,2.052849,-2.888805,DEU,BTN,8413
2764530,104,35,1631,2014,475364.0,0.0,0.262042,2.6305080000000003,IND,BTN,8413
2764531,111,35,1631,2014,13789.0,0.0,1.340136,0.43931099999999995,ITA,BTN,8413
2764532,114,35,1631,2014,4759.0,0.0,2.403165,-0.635024,JPN,BTN,8413
2764533,121,35,1631,2014,1100.0,0.0,1.817145,0.8394530000000001,KOR,BTN,8413
2764534,208,35,1631,2014,2794.0,0.0,1.817752,0.558474,SWE,BTN,8413
2764535,216,35,1631,2014,166747.0,0.0,0.977094,1.41283,THA,BTN,8413
2764536,7,37,1631,2014,39153.0,0.0,0.087775,-0.289459,ARE,BWA,8413
2764537,14,37,1631,2014,24381.0,0.0,-0.398273,-0.17128,AUS,BWA,8413
2764538,18,37,1631,2014,141258.0,0.0,1.234156,1.226441,BEL,BWA,8413
2764539,32,37,1631,2014,214981.0,0.0,0.218223,0.556921,BRA,BWA,8413
2764540,39,37,1631,2014,46783.0,0.0,0.671395,1.024683,CAN,BWA,8413
2764541,41,37,1631,2014,2028.0,19898.0,2.2000919999999997,0.65398,CHE,BWA,8413
2764542,43,37,1631,2014,449756.0,8823.0,1.187557,1.222085,CHN,BWA,8413
2764543,46,37,1631,2014,0.0,1518.0,-1.6680240000000002,-1.1265129999999999,COD,BWA,8413
2764544,61,37,1631,2014,945755.0,0.0,2.052849,-2.888805,DEU,BWA,8413
2764545,71,37,1631,2014,5851.0,3820.0,0.842147,2.45692,ESP,BWA,8413
2764546,74,37,1631,2014,1413.0,0.0,1.626355,1.002923,FIN,BWA,8413
2764547,77,37,1631,2014,28128.0,0.0,1.4817790000000002,0.30995,FRA,BWA,8413
2764548,81,37,1631,2014,89466.0,1063082.0,1.697964,0.585372,GBR,BWA,8413
2764549,82,37,1631,2014,0.0,2124.0,-0.254106,-0.646584,GEO,BWA,8413
2764550,97,37,1631,2014,4126.0,0.0,0.812132,1.722493,HKG,BWA,8413
2764551,104,37,1631,2014,30182.0,0.0,0.262042,2.6305080000000003,IND,BWA,8413
2764552,106,37,1631,2014,7207.0,0.0,1.2658399999999999,0.278546,IRL,BWA,8413
2764553,114,37,1631,2014,5438.0,0.0,2.403165,-0.635024,JPN,BWA,8413
2764554,116,37,1631,2014,1435.0,1587.0,-0.487058,0.307288,KEN,BWA,8413
2764555,121,37,1631,2014,8920.0,0.0,1.817145,0.8394530000000001,KOR,BWA,8413
2764556,147,37,1631,2014,4544.0,36092.0,-1.1993610000000001,-1.040181,MOZ,BWA,8413
2764557,155,37,1631,2014,93496.0,92585.0,-0.428227,-0.5632229999999999,NAM,BWA,8413
2764558,162,37,1631,2014,15400.0,0.0,1.179325,1.355071,NLD,BWA,8413
2764559,166,37,1631,2014,5300.0,0.0,0.272502,0.21628699999999998,NZL,BWA,8413
2764560,209,37,1631,2014,0.0,1566.0,0.22972199999999998,-0.365564,SWZ,BWA,8413
2764561,224,37,1631,2014,6356.0,0.0,0.554761,2.385693,TUR,BWA,8413
2764562,226,37,1631,2014,1059.0,0.0,-1.054331,0.166345,TZA,BWA,8413
2764563,231,37,1631,2014,78259.0,1456.0,1.61227,0.068905,USA,BWA,8413
2764564,246,37,1631,2014,29828972.0,1359594.0,0.282927,1.723214,ZAF,BWA,8413
2764565,247,37,1631,2014,152256.0,107848.0,-0.664089,-0.793452,ZMB,BWA,8413
2764566,248,37,1631,2014,801.0,52402.0,-0.821369,-0.864232,ZWE,BWA,8413
2764567,249,37,1631,2014,29831.0,0.0,1.9044189999999999,1.0595139999999998,TWN,BWA,8413
2764568,2,45,1631,2014,0.0,150272.0,-1.8184900000000002,-1.149191,AGO,CMR,8413
2764569,7,45,1631,2014,127687.0,260760.0,0.087775,-0.289459,ARE,CMR,8413
2764570,10,45,1631,2014,16651.0,0.0,0.795219,-0.217498,ASM,CMR,8413
2764571,14,45,1631,2014,45026.0,0.0,-0.398273,-0.17128,AUS,CMR,8413
2764572,15,45,1631,2014,686304.0,0.0,1.7116790000000002,-0.140232,AUT,CMR,8413
2764573,18,45,1631,2014,5169332.0,34036.0,1.234156,1.226441,BEL,CMR,8413
2764574,21,45,1631,2014,0.0,2161.0,-0.922401,-0.9554379999999999,BFA,CMR,8413
2764575,23,45,1631,2014,3197.0,0.0,0.579058,1.6558110000000001,BGR,CMR,8413
2764576,32,45,1631,2014,429097.0,0.0,0.218223,0.556921,BRA,CMR,8413
2764577,38,45,1631,2014,0.0,46628.0,0.695875,0.543384,CAF,CMR,8413
2764578,39,45,1631,2014,167316.0,1834.0,0.671395,1.024683,CAN,CMR,8413
2764579,41,45,1631,2014,65694.0,0.0,2.2000919999999997,0.65398,CHE,CMR,8413
2764580,43,45,1631,2014,2965568.0,0.0,1.187557,1.222085,CHN,CMR,8413
2764581,44,45,1631,2014,0.0,15613.0,-0.737625,-0.768728,CIV,CMR,8413
2764582,47,45,1631,2014,505409.0,832294.0,-1.371624,-1.12468,COG,CMR,8413
2764583,49,45,1631,2014,53599.0,0.0,0.19864500000000002,-0.378364,COL,CMR,8413
2764584,59,45,1631,2014,6682.0,0.0,1.8105830000000003,0.131131,CZE,CMR,8413
2764585,61,45,1631,2014,704673.0,0.0,2.052849,-2.888805,DEU,CMR,8413
2764586,64,45,1631,2014,87643.0,0.0,1.10869,1.245193,DNK,CMR,8413
2764587,67,45,1631,2014,1373.0,0.0,-1.066865,-1.052921,ECU,CMR,8413
2764588,71,45,1631,2014,270001.0,1584.0,0.842147,2.45692,ESP,CMR,8413
2764589,74,45,1631,2014,63211.0,2667.0,1.626355,1.002923,FIN,CMR,8413
2764590,77,45,1631,2014,6574433.0,83816.0,1.4817790000000002,0.30995,FRA,CMR,8413
2764591,80,45,1631,2014,0.0,144776.0,-1.625474,-1.135973,GAB,CMR,8413
2764592,81,45,1631,2014,1121630.0,161042.0,1.697964,0.585372,GBR,CMR,8413
2764593,83,45,1631,2014,14226.0,0.0,-1.130226,-0.9909379999999999,GHA,CMR,8413
2764594,89,45,1631,2014,0.0,44666.0,-2.043516,-0.844701,GNQ,CMR,8413
2764595,90,45,1631,2014,24190.0,0.0,0.149337,0.8560540000000001,GRC,CMR,8413
2764596,97,45,1631,2014,9251.0,0.0,0.812132,1.722493,HKG,CMR,8413
2764597,102,45,1631,2014,49502.0,0.0,1.477093,0.812869,HUN,CMR,8413
2764598,103,45,1631,2014,253282.0,0.0,-0.088032,1.3966459999999998,IDN,CMR,8413
2764599,104,45,1631,2014,490907.0,0.0,0.262042,2.6305080000000003,IND,CMR,8413
2764600,106,45,1631,2014,7737.0,0.0,1.2658399999999999,0.278546,IRL,CMR,8413
2764601,107,45,1631,2014,1434.0,0.0,-0.361058,-0.312743,IRN,CMR,8413
2764602,111,45,1631,2014,637469.0,1861.0,1.340136,0.43931099999999995,ITA,CMR,8413
2764603,114,45,1631,2014,124840.0,0.0,2.403165,-0.635024,JPN,CMR,8413
2764604,121,45,1631,2014,360232.0,0.0,1.817145,0.8394530000000001,KOR,CMR,8413
2764605,124,45,1631,2014,26463.0,0.0,0.308677,1.7564490000000001,LBN,CMR,8413
2764606,131,45,1631,2014,19408.0,0.0,1.243845,1.155474,LUX,CMR,8413
2764607,134,45,1631,2014,9104.0,0.0,-0.574034,0.065788,MAR,CMR,8413
2764608,138,45,1631,2014,62246.0,0.0,1.0799729999999998,0.697554,MEX,CMR,8413
2764609,143,45,1631,2014,0.0,27888.0,-1.5332459999999999,-1.145973,MMR,CMR,8413
2764610,153,45,1631,2014,46436.0,0.0,1.018138,0.774649,MYS,CMR,8413
2764611,159,45,1631,2014,7338.0,201316.0,-1.2126430000000001,-1.059697,NGA,CMR,8413
2764612,162,45,1631,2014,683559.0,42281.0,1.179325,1.355071,NLD,CMR,8413
2764613,163,45,1631,2014,226074.0,1250788.0,0.9187049999999999,0.182685,NOR,CMR,8413
2764614,164,45,1631,2014,0.0,1331.0,-0.11988199999999999,0.655883,NPL,CMR,8413
2764615,166,45,1631,2014,5781.0,0.0,0.272502,0.21628699999999998,NZL,CMR,8413
2764616,177,45,1631,2014,10642.0,0.0,1.133102,1.177165,POL,CMR,8413
2764617,179,45,1631,2014,54478.0,0.0,0.621053,2.349644,PRT,CMR,8413
2764618,185,45,1631,2014,65169.0,1228.0,0.9112,1.188161,ROU,CMR,8413
2764619,186,45,1631,2014,27671.0,0.0,0.229422,-0.214856,RUS,CMR,8413
2764620,191,45,1631,2014,0.0,1079.0,-0.502607,-0.08866,SEN,CMR,8413
2764621,192,45,1631,2014,1081940.0,0.0,1.867492,0.626736,SGP,CMR,8413
2764622,206,45,1631,2014,2393.0,0.0,1.334959,0.821253,SVK,CMR,8413
2764623,207,45,1631,2014,916.0,0.0,1.6558669999999998,0.6814399999999999,SVN,CMR,8413
2764624,208,45,1631,2014,59716.0,0.0,1.817752,0.558474,SWE,CMR,8413
2764625,214,45,1631,2014,0.0,82171.0,-2.012048,-0.921558,TCD,CMR,8413
2764626,215,45,1631,2014,2468.0,0.0,-0.524103,-0.537643,TGO,CMR,8413
2764627,216,45,1631,2014,104653.0,0.0,0.977094,1.41283,THA,CMR,8413
2764628,224,45,1631,2014,222396.0,0.0,0.554761,2.385693,TUR,CMR,8413
2764629,231,45,1631,2014,5547974.0,45400.0,1.61227,0.068905,USA,CMR,8413
2764630,246,45,1631,2014,104696.0,780.0,0.282927,1.723214,ZAF,CMR,8413
2764631,248,45,1631,2014,6040.0,0.0,-0.821369,-0.864232,ZWE,CMR,8413
2764632,249,45,1631,2014,2959.0,0.0,1.9044189999999999,1.0595139999999998,TWN,CMR,8413
2764633,250,45,1631,2014,0.0,740593.0,0.506842,0.049545,ANS,CMR,8413
2764634,2,46,1631,2014,0.0,73173.0,-1.8184900000000002,-1.149191,AGO,COD,8413
2764635,7,46,1631,2014,70483.0,0.0,0.087775,-0.289459,ARE,COD,8413
2764636,14,46,1631,2014,857734.0,0.0,-0.398273,-0.17128,AUS,COD,8413
2764637,15,46,1631,2014,144912.0,9121.0,1.7116790000000002,-0.140232,AUT,COD,8413
2764638,18,46,1631,2014,3323243.0,120301.0,1.234156,1.226441,BEL,COD,8413
2764639,32,46,1631,2014,30384.0,0.0,0.218223,0.556921,BRA,COD,8413
2764640,37,46,1631,2014,1518.0,0.0,-0.60221,-1.104578,BWA,COD,8413
2764641,39,46,1631,2014,38644.0,0.0,0.671395,1.024683,CAN,COD,8413
2764642,41,46,1631,2014,28745.0,0.0,2.2000919999999997,0.65398,CHE,COD,8413
2764643,43,46,1631,2014,17515670.0,0.0,1.187557,1.222085,CHN,COD,8413
2764644,47,46,1631,2014,473128.0,0.0,-1.371624,-1.12468,COG,COD,8413
2764645,61,46,1631,2014,902480.0,0.0,2.052849,-2.888805,DEU,COD,8413
2764646,64,46,1631,2014,94240.0,0.0,1.10869,1.245193,DNK,COD,8413
2764647,71,46,1631,2014,22502.0,0.0,0.842147,2.45692,ESP,COD,8413
2764648,77,46,1631,2014,2185007.0,0.0,1.4817790000000002,0.30995,FRA,COD,8413
2764649,81,46,1631,2014,458918.0,0.0,1.697964,0.585372,GBR,COD,8413
2764650,93,46,1631,2014,4834.0,0.0,-0.36547199999999996,0.548894,GTM,COD,8413
2764651,97,46,1631,2014,5652.0,0.0,0.812132,1.722493,HKG,COD,8413
2764652,104,46,1631,2014,782138.0,0.0,0.262042,2.6305080000000003,IND,COD,8413
2764653,111,46,1631,2014,590142.0,0.0,1.340136,0.43931099999999995,ITA,COD,8413
2764654,114,46,1631,2014,67915.0,0.0,2.403165,-0.635024,JPN,COD,8413
2764655,155,46,1631,2014,8582.0,3554.0,-0.428227,-0.5632229999999999,NAM,COD,8413
2764656,162,46,1631,2014,168077.0,2520.0,1.179325,1.355071,NLD,COD,8413
2764657,163,46,1631,2014,19770.0,0.0,0.9187049999999999,0.182685,NOR,COD,8413
2764658,177,46,1631,2014,5110.0,0.0,1.133102,1.177165,POL,COD,8413
2764659,179,46,1631,2014,93865.0,0.0,0.621053,2.349644,PRT,COD,8413
2764660,186,46,1631,2014,1501.0,0.0,0.229422,-0.214856,RUS,COD,8413
2764661,187,46,1631,2014,3342.0,0.0,-0.5692659999999999,-0.447859,RWA,COD,8413
2764662,188,46,1631,2014,0.0,819069.0,0.5758439999999999,-0.832692,SAU,COD,8413
2764663,192,46,1631,2014,10049.0,0.0,1.867492,0.626736,SGP,COD,8413
2764664,208,46,1631,2014,61042.0,0.0,1.817752,0.558474,SWE,COD,8413
2764665,222,46,1631,2014,31429.0,0.0,-0.57362,-1.117545,TTO,COD,8413
2764666,224,46,1631,2014,31805.0,0.0,0.554761,2.385693,TUR,COD,8413
2764667,226,46,1631,2014,17470.0,0.0,-1.054331,0.166345,TZA,COD,8413
2764668,227,46,1631,2014,826972.0,0.0,-0.46911800000000003,0.25446599999999997,UGA,COD,8413
2764669,228,46,1631,2014,16516.0,0.0,0.566535,0.832267,UKR,COD,8413
2764670,231,46,1631,2014,2338920.0,0.0,1.61227,0.068905,USA,COD,8413
2764671,246,46,1631,2014,61524220.0,46042.0,0.282927,1.723214,ZAF,COD,8413
2764672,247,46,1631,2014,10316647.0,18742.0,-0.664089,-0.793452,ZMB,COD,8413
2764673,2,47,1631,2014,177604.0,32191.0,-1.8184900000000002,-1.149191,AGO,COG,8413
2764674,7,47,1631,2014,287266.0,1889316.0,0.087775,-0.289459,ARE,COG,8413
2764675,8,47,1631,2014,70999.0,0.0,0.10691500000000001,0.44860600000000006,ARG,COG,8413
2764676,15,47,1631,2014,220096.0,0.0,1.7116790000000002,-0.140232,AUT,COG,8413
2764677,18,47,1631,2014,1523210.0,28845.0,1.234156,1.226441,BEL,COG,8413
2764678,28,47,1631,2014,1042.0,0.0,0.874108,0.676231,BLR,COG,8413
2764679,32,47,1631,2014,1544867.0,0.0,0.218223,0.556921,BRA,COG,8413
2764680,39,47,1631,2014,20848.0,0.0,0.671395,1.024683,CAN,COG,8413
2764681,41,47,1631,2014,62485.0,0.0,2.2000919999999997,0.65398,CHE,COG,8413
2764682,43,47,1631,2014,3760960.0,0.0,1.187557,1.222085,CHN,COG,8413
2764683,44,47,1631,2014,5697.0,20537.0,-0.737625,-0.768728,CIV,COG,8413
2764684,45,47,1631,2014,832294.0,505409.0,-0.6723520000000001,-0.945084,CMR,COG,8413
2764685,46,47,1631,2014,0.0,473128.0,-1.6680240000000002,-1.1265129999999999,COD,COG,8413
2764686,49,47,1631,2014,24469.0,0.0,0.19864500000000002,-0.378364,COL,COG,8413
2764687,59,47,1631,2014,1306.0,0.0,1.8105830000000003,0.131131,CZE,COG,8413
2764688,61,47,1631,2014,820029.0,0.0,2.052849,-2.888805,DEU,COG,8413
2764689,64,47,1631,2014,10218.0,3983.0,1.10869,1.245193,DNK,COG,8413
2764690,67,47,1631,2014,167698.0,0.0,-1.066865,-1.052921,ECU,COG,8413
2764691,71,47,1631,2014,335170.0,0.0,0.842147,2.45692,ESP,COG,8413
2764692,74,47,1631,2014,10193.0,0.0,1.626355,1.002923,FIN,COG,8413
2764693,77,47,1631,2014,26351937.0,351492.0,1.4817790000000002,0.30995,FRA,COG,8413
2764694,80,47,1631,2014,32792.0,327367.0,-1.625474,-1.135973,GAB,COG,8413
2764695,81,47,1631,2014,1247994.0,321923.0,1.697964,0.585372,GBR,COG,8413
2764696,83,47,1631,2014,15256.0,2113.0,-1.130226,-0.9909379999999999,GHA,COG,8413
2764697,89,47,1631,2014,0.0,112066.0,-2.043516,-0.844701,GNQ,COG,8413
2764698,97,47,1631,2014,837.0,0.0,0.812132,1.722493,HKG,COG,8413
2764699,100,47,1631,2014,9999.0,0.0,0.804401,1.250807,HRV,COG,8413
2764700,102,47,1631,2014,967.0,0.0,1.477093,0.812869,HUN,COG,8413
2764701,103,47,1631,2014,756.0,0.0,-0.088032,1.3966459999999998,IDN,COG,8413
2764702,104,47,1631,2014,211231.0,2306.0,0.262042,2.6305080000000003,IND,COG,8413
2764703,106,47,1631,2014,3939.0,0.0,1.2658399999999999,0.278546,IRL,COG,8413
2764704,110,47,1631,2014,24054.0,0.0,1.211141,0.64523,ISR,COG,8413
2764705,111,47,1631,2014,5286356.0,85579.0,1.340136,0.43931099999999995,ITA,COG,8413
2764706,114,47,1631,2014,135865.0,0.0,2.403165,-0.635024,JPN,COG,8413
2764707,115,47,1631,2014,25586.0,0.0,-0.210431,-0.574075,KAZ,COG,8413
2764708,121,47,1631,2014,13570.0,0.0,1.817145,0.8394530000000001,KOR,COG,8413
2764709,122,47,1631,2014,0.0,45672.0,-0.769616,-1.10667,KWT,COG,8413
2764710,124,47,1631,2014,208971.0,12917.0,0.308677,1.7564490000000001,LBN,COG,8413
2764711,131,47,1631,2014,5370.0,0.0,1.243845,1.155474,LUX,COG,8413
2764712,134,47,1631,2014,21704.0,0.0,-0.574034,0.065788,MAR,COG,8413
2764713,135,47,1631,2014,3131.0,0.0,-0.10438199999999999,-0.093194,MDA,COG,8413
2764714,138,47,1631,2014,33509.0,0.0,1.0799729999999998,0.697554,MEX,COG,8413
2764715,147,47,1631,2014,0.0,1164.0,-1.1993610000000001,-1.040181,MOZ,COG,8413
2764716,153,47,1631,2014,11663.0,1904.0,1.018138,0.774649,MYS,COG,8413
2764717,159,47,1631,2014,761476.0,305.0,-1.2126430000000001,-1.059697,NGA,COG,8413
2764718,162,47,1631,2014,239244.0,3165.0,1.179325,1.355071,NLD,COG,8413
2764719,163,47,1631,2014,49980.0,495857.0,0.9187049999999999,0.182685,NOR,COG,8413
2764720,168,47,1631,2014,0.0,35114.0,-0.672924,0.566787,PAK,COG,8413
2764721,173,47,1631,2014,832.0,0.0,-0.557833,0.611826,PER,COG,8413
2764722,177,47,1631,2014,14585.0,4074.0,1.133102,1.177165,POL,COG,8413
2764723,179,47,1631,2014,246236.0,0.0,0.621053,2.349644,PRT,COG,8413
2764724,185,47,1631,2014,3268.0,0.0,0.9112,1.188161,ROU,COG,8413
2764725,186,47,1631,2014,2571300.0,6322.0,0.229422,-0.214856,RUS,COG,8413
2764726,191,47,1631,2014,0.0,3109.0,-0.502607,-0.08866,SEN,COG,8413
2764727,192,47,1631,2014,318538.0,0.0,1.867492,0.626736,SGP,COG,8413
2764728,206,47,1631,2014,2715.0,0.0,1.334959,0.821253,SVK,COG,8413
2764729,208,47,1631,2014,63576.0,0.0,1.817752,0.558474,SWE,COG,8413
2764730,216,47,1631,2014,55684.0,0.0,0.977094,1.41283,THA,COG,8413
2764731,223,47,1631,2014,4698.0,0.0,0.343449,1.118007,TUN,COG,8413
2764732,224,47,1631,2014,56583.0,0.0,0.554761,2.385693,TUR,COG,8413
2764733,228,47,1631,2014,9816.0,0.0,0.566535,0.832267,UKR,COG,8413
2764734,231,47,1631,2014,6460770.0,36995.0,1.61227,0.068905,USA,COG,8413
2764735,239,47,1631,2014,1179.0,0.0,-0.023765,1.344416,VNM,COG,8413
2764736,246,47,1631,2014,598329.0,894.0,0.282927,1.723214,ZAF,COG,8413
2764737,247,47,1631,2014,3232.0,0.0,-0.664089,-0.793452,ZMB,COG,8413
2764738,249,47,1631,2014,4306.0,9734.0,1.9044189999999999,1.0595139999999998,TWN,COG,8413
2764739,250,47,1631,2014,3584863.0,0.0,0.506842,0.049545,ANS,COG,8413
2764740,7,51,1631,2014,1876.0,0.0,0.087775,-0.289459,ARE,CPV,8413
2764741,15,51,1631,2014,17142.0,0.0,1.7116790000000002,-0.140232,AUT,CPV,8413
2764742,18,51,1631,2014,29211.0,0.0,1.234156,1.226441,BEL,CPV,8413
2764743,39,51,1631,2014,1414.0,0.0,0.671395,1.024683,CAN,CPV,8413
2764744,43,51,1631,2014,186271.0,0.0,1.187557,1.222085,CHN,CPV,8413
2764745,61,51,1631,2014,150393.0,4477.0,2.052849,-2.888805,DEU,CPV,8413
2764746,71,51,1631,2014,183163.0,1793.0,0.842147,2.45692,ESP,CPV,8413
2764747,74,51,1631,2014,4644.0,0.0,1.626355,1.002923,FIN,CPV,8413
2764748,77,51,1631,2014,75093.0,0.0,1.4817790000000002,0.30995,FRA,CPV,8413
2764749,81,51,1631,2014,27432.0,0.0,1.697964,0.585372,GBR,CPV,8413
2764750,106,51,1631,2014,702.0,0.0,1.2658399999999999,0.278546,IRL,CPV,8413
2764751,111,51,1631,2014,33419.0,0.0,1.340136,0.43931099999999995,ITA,CPV,8413
2764752,128,51,1631,2014,5227.0,0.0,-0.49366899999999997,0.338686,LKA,CPV,8413
2764753,162,51,1631,2014,114359.0,0.0,1.179325,1.355071,NLD,CPV,8413
2764754,177,51,1631,2014,986.0,0.0,1.133102,1.177165,POL,CPV,8413
2764755,179,51,1631,2014,1191336.0,9132.0,0.621053,2.349644,PRT,CPV,8413
2764756,191,51,1631,2014,1322.0,0.0,-0.502607,-0.08866,SEN,CPV,8413
2764757,224,51,1631,2014,4554.0,0.0,0.554761,2.385693,TUR,CPV,8413
2764758,231,51,1631,2014,47068.0,0.0,1.61227,0.068905,USA,CPV,8413
2764759,250,51,1631,2014,6990.0,0.0,0.506842,0.049545,ANS,CPV,8413
2764760,8,54,1631,2014,7757.0,0.0,0.10691500000000001,0.44860600000000006,ARG,CUB,8413
2764761,14,54,1631,2014,6040.0,0.0,-0.398273,-0.17128,AUS,CUB,8413
2764762,15,54,1631,2014,10019.0,0.0,1.7116790000000002,-0.140232,AUT,CUB,8413
2764763,18,54,1631,2014,175314.0,0.0,1.234156,1.226441,BEL,CUB,8413
2764764,23,54,1631,2014,2203.0,0.0,0.579058,1.6558110000000001,BGR,CUB,8413
2764765,28,54,1631,2014,418718.0,0.0,0.874108,0.676231,BLR,CUB,8413
2764766,32,54,1631,2014,7292390.0,0.0,0.218223,0.556921,BRA,CUB,8413
2764767,39,54,1631,2014,4963871.0,0.0,0.671395,1.024683,CAN,CUB,8413
2764768,42,54,1631,2014,1331.0,0.0,-0.344671,-0.43380799999999997,CHL,CUB,8413
2764769,43,54,1631,2014,8593393.0,0.0,1.187557,1.222085,CHN,CUB,8413
2764770,49,54,1631,2014,289061.0,0.0,0.19864500000000002,-0.378364,COL,CUB,8413
2764771,59,54,1631,2014,586867.0,0.0,1.8105830000000003,0.131131,CZE,CUB,8413
2764772,61,54,1631,2014,6914234.0,0.0,2.052849,-2.888805,DEU,CUB,8413
2764773,64,54,1631,2014,491685.0,0.0,1.10869,1.245193,DNK,CUB,8413
2764774,65,54,1631,2014,10983.0,0.0,-0.180845,0.508512,DOM,CUB,8413
2764775,67,54,1631,2014,4010.0,0.0,-1.066865,-1.052921,ECU,CUB,8413
2764776,71,54,1631,2014,18947662.0,6786.0,0.842147,2.45692,ESP,CUB,8413
2764777,72,54,1631,2014,4504.0,0.0,0.9147780000000001,1.151556,EST,CUB,8413
2764778,77,54,1631,2014,1141234.0,0.0,1.4817790000000002,0.30995,FRA,CUB,8413
2764779,81,54,1631,2014,142086.0,0.0,1.697964,0.585372,GBR,CUB,8413
2764780,90,54,1631,2014,2186.0,0.0,0.149337,0.8560540000000001,GRC,CUB,8413
2764781,99,54,1631,2014,0.0,1254.0,-0.467004,0.045511,HND,CUB,8413
2764782,104,54,1631,2014,28890.0,0.0,0.262042,2.6305080000000003,IND,CUB,8413
2764783,110,54,1631,2014,17000.0,0.0,1.211141,0.64523,ISR,CUB,8413
2764784,111,54,1631,2014,2770205.0,0.0,1.340136,0.43931099999999995,ITA,CUB,8413
2764785,114,54,1631,2014,1075256.0,0.0,2.403165,-0.635024,JPN,CUB,8413
2764786,121,54,1631,2014,79608.0,0.0,1.817145,0.8394530000000001,KOR,CUB,8413
2764787,138,54,1631,2014,592054.0,0.0,1.0799729999999998,0.697554,MEX,CUB,8413
2764788,157,54,1631,2014,0.0,792841.0,-0.7187,-0.80918,NER,CUB,8413
2764789,162,54,1631,2014,1333500.0,53885.0,1.179325,1.355071,NLD,CUB,8413
2764790,163,54,1631,2014,5047.0,0.0,0.9187049999999999,0.182685,NOR,CUB,8413
2764791,169,54,1631,2014,532455.0,0.0,0.771742,0.9873190000000001,PAN,CUB,8413
2764792,173,54,1631,2014,1180.0,0.0,-0.557833,0.611826,PER,CUB,8413
2764793,177,54,1631,2014,50498.0,0.0,1.133102,1.177165,POL,CUB,8413
2764794,179,54,1631,2014,44535.0,0.0,0.621053,2.349644,PRT,CUB,8413
2764795,186,54,1631,2014,2551273.0,0.0,0.229422,-0.214856,RUS,CUB,8413
2764796,208,54,1631,2014,1473389.0,0.0,1.817752,0.558474,SWE,CUB,8413
2764797,224,54,1631,2014,77533.0,0.0,0.554761,2.385693,TUR,CUB,8413
2764798,228,54,1631,2014,557145.0,22862.0,0.566535,0.832267,UKR,CUB,8413
2764799,7,62,1631,2014,902968.0,0.0,0.087775,-0.289459,ARE,DJI,8413
2764800,14,62,1631,2014,31430.0,0.0,-0.398273,-0.17128,AUS,DJI,8413
2764801,15,62,1631,2014,44172.0,0.0,1.7116790000000002,-0.140232,AUT,DJI,8413
2764802,18,62,1631,2014,1291.0,0.0,1.234156,1.226441,BEL,DJI,8413
2764803,32,62,1631,2014,30705.0,0.0,0.218223,0.556921,BRA,DJI,8413
2764804,43,62,1631,2014,1186102.0,0.0,1.187557,1.222085,CHN,DJI,8413
2764805,59,62,1631,2014,2045.0,0.0,1.8105830000000003,0.131131,CZE,DJI,8413
2764806,61,62,1631,2014,331317.0,0.0,2.052849,-2.888805,DEU,DJI,8413
2764807,64,62,1631,2014,56480.0,0.0,1.10869,1.245193,DNK,DJI,8413
2764808,68,62,1631,2014,0.0,3861.0,-0.086866,1.7419669999999998,EGY,DJI,8413
2764809,71,62,1631,2014,2626.0,0.0,0.842147,2.45692,ESP,DJI,8413
2764810,73,62,1631,2014,26984.0,0.0,-1.296535,-1.045942,ETH,DJI,8413
2764811,74,62,1631,2014,5031.0,0.0,1.626355,1.002923,FIN,DJI,8413
2764812,77,62,1631,2014,1257641.0,12460.0,1.4817790000000002,0.30995,FRA,DJI,8413
2764813,81,62,1631,2014,79741.0,0.0,1.697964,0.585372,GBR,DJI,8413
2764814,97,62,1631,2014,2695.0,0.0,0.812132,1.722493,HKG,DJI,8413
2764815,104,62,1631,2014,186455.0,0.0,0.262042,2.6305080000000003,IND,DJI,8413
2764816,111,62,1631,2014,277036.0,0.0,1.340136,0.43931099999999995,ITA,DJI,8413
2764817,114,62,1631,2014,113372.0,0.0,2.403165,-0.635024,JPN,DJI,8413
2764818,121,62,1631,2014,44898.0,0.0,1.817145,0.8394530000000001,KOR,DJI,8413
2764819,124,62,1631,2014,6928.0,0.0,0.308677,1.7564490000000001,LBN,DJI,8413
2764820,162,62,1631,2014,379886.0,0.0,1.179325,1.355071,NLD,DJI,8413
2764821,163,62,1631,2014,1337.0,0.0,0.9187049999999999,0.182685,NOR,DJI,8413
2764822,192,62,1631,2014,41113.0,0.0,1.867492,0.626736,SGP,DJI,8413
2764823,208,62,1631,2014,51386.0,0.0,1.817752,0.558474,SWE,DJI,8413
2764824,224,62,1631,2014,60360.0,0.0,0.554761,2.385693,TUR,DJI,8413
2764825,231,62,1631,2014,959408.0,0.0,1.61227,0.068905,USA,DJI,8413
2764826,246,62,1631,2014,593454.0,0.0,0.282927,1.723214,ZAF,DJI,8413
2764827,249,62,1631,2014,1454.0,0.0,1.9044189999999999,1.0595139999999998,TWN,DJI,8413
2764828,7,66,1631,2014,1077060.0,1478.0,0.087775,-0.289459,ARE,DZA,8413
2764829,8,66,1631,2014,112373.0,0.0,0.10691500000000001,0.44860600000000006,ARG,DZA,8413
2764830,14,66,1631,2014,390126.0,0.0,-0.398273,-0.17128,AUS,DZA,8413
2764831,15,66,1631,2014,317862.0,0.0,1.7116790000000002,-0.140232,AUT,DZA,8413
2764832,18,66,1631,2014,6349187.0,22914.0,1.234156,1.226441,BEL,DZA,8413
2764833,22,66,1631,2014,5903.0,0.0,-1.0341879999999999,-0.9614870000000001,BGD,DZA,8413
2764834,23,66,1631,2014,224785.0,0.0,0.579058,1.6558110000000001,BGR,DZA,8413
2764835,26,66,1631,2014,189978.0,0.0,0.5083300000000001,0.711704,BIH,DZA,8413
2764836,28,66,1631,2014,1474.0,0.0,0.874108,0.676231,BLR,DZA,8413
2764837,32,66,1631,2014,1653131.0,0.0,0.218223,0.556921,BRA,DZA,8413
2764838,39,66,1631,2014,5776278.0,3610.0,0.671395,1.024683,CAN,DZA,8413
2764839,41,66,1631,2014,550484.0,2788.0,2.2000919999999997,0.65398,CHE,DZA,8413
2764840,42,66,1631,2014,33437.0,0.0,-0.344671,-0.43380799999999997,CHL,DZA,8413
2764841,43,66,1631,2014,38013041.0,0.0,1.187557,1.222085,CHN,DZA,8413
2764842,58,66,1631,2014,21125.0,0.0,0.627467,0.483725,CYP,DZA,8413
2764843,59,66,1631,2014,1103011.0,13130.0,1.8105830000000003,0.131131,CZE,DZA,8413
2764844,61,66,1631,2014,26352260.0,1337.0,2.052849,-2.888805,DEU,DZA,8413
2764845,64,66,1631,2014,309148.0,0.0,1.10869,1.245193,DNK,DZA,8413
2764846,68,66,1631,2014,3870.0,1170097.0,-0.086866,1.7419669999999998,EGY,DZA,8413
2764847,71,66,1631,2014,14964147.0,105375.0,0.842147,2.45692,ESP,DZA,8413
2764848,73,66,1631,2014,0.0,2450.0,-1.296535,-1.045942,ETH,DZA,8413
2764849,74,66,1631,2014,731242.0,0.0,1.626355,1.002923,FIN,DZA,8413
2764850,77,66,1631,2014,83874969.0,7373.0,1.4817790000000002,0.30995,FRA,DZA,8413
2764851,81,66,1631,2014,4380081.0,13825.0,1.697964,0.585372,GBR,DZA,8413
2764852,90,66,1631,2014,847006.0,0.0,0.149337,0.8560540000000001,GRC,DZA,8413
2764853,97,66,1631,2014,7885.0,0.0,0.812132,1.722493,HKG,DZA,8413
2764854,100,66,1631,2014,87433.0,0.0,0.804401,1.250807,HRV,DZA,8413
2764855,102,66,1631,2014,714865.0,0.0,1.477093,0.812869,HUN,DZA,8413
2764856,103,66,1631,2014,3536.0,0.0,-0.088032,1.3966459999999998,IDN,DZA,8413
2764857,104,66,1631,2014,2718338.0,0.0,0.262042,2.6305080000000003,IND,DZA,8413
2764858,106,66,1631,2014,106488.0,0.0,1.2658399999999999,0.278546,IRL,DZA,8413
2764859,111,66,1631,2014,70464469.0,59754.0,1.340136,0.43931099999999995,ITA,DZA,8413
2764860,114,66,1631,2014,3850035.0,0.0,2.403165,-0.635024,JPN,DZA,8413
2764861,121,66,1631,2014,20034908.0,0.0,1.817145,0.8394530000000001,KOR,DZA,8413
2764862,124,66,1631,2014,20551.0,0.0,0.308677,1.7564490000000001,LBN,DZA,8413
2764863,130,66,1631,2014,636.0,0.0,0.764495,1.3451540000000002,LTU,DZA,8413
2764864,131,66,1631,2014,103251.0,0.0,1.243845,1.155474,LUX,DZA,8413
2764865,134,66,1631,2014,48754.0,0.0,-0.574034,0.065788,MAR,DZA,8413
2764866,136,66,1631,2014,7252.0,0.0,-1.002122,-0.44446,MDG,DZA,8413
2764867,138,66,1631,2014,169582.0,0.0,1.0799729999999998,0.697554,MEX,DZA,8413
2764868,142,66,1631,2014,3024.0,0.0,0.817013,0.0016309999999999999,MLT,DZA,8413
2764869,153,66,1631,2014,3601.0,0.0,1.018138,0.774649,MYS,DZA,8413
2764870,157,66,1631,2014,0.0,2004.0,-0.7187,-0.80918,NER,DZA,8413
2764871,159,66,1631,2014,0.0,11862.0,-1.2126430000000001,-1.059697,NGA,DZA,8413
2764872,162,66,1631,2014,2634450.0,29610.0,1.179325,1.355071,NLD,DZA,8413
2764873,163,66,1631,2014,979898.0,0.0,0.9187049999999999,0.182685,NOR,DZA,8413
2764874,177,66,1631,2014,263177.0,0.0,1.133102,1.177165,POL,DZA,8413
2764875,178,66,1631,2014,36172.0,0.0,-0.23883000000000001,-0.009727,PRK,DZA,8413
2764876,179,66,1631,2014,1504103.0,8701.0,0.621053,2.349644,PRT,DZA,8413
2764877,185,66,1631,2014,2837434.0,0.0,0.9112,1.188161,ROU,DZA,8413
2764878,186,66,1631,2014,404668.0,1576.0,0.229422,-0.214856,RUS,DZA,8413
2764879,188,66,1631,2014,5247.0,0.0,0.5758439999999999,-0.832692,SAU,DZA,8413
2764880,192,66,1631,2014,3808349.0,5059.0,1.867492,0.626736,SGP,DZA,8413
2764881,198,66,1631,2014,2635.0,0.0,0.9675090000000001,0.582902,SMR,DZA,8413
2764882,201,66,1631,2014,253241.0,0.0,0.551635,1.211535,SRB,DZA,8413
2764883,206,66,1631,2014,165179.0,0.0,1.334959,0.821253,SVK,DZA,8413
2764884,207,66,1631,2014,421011.0,0.0,1.6558669999999998,0.6814399999999999,SVN,DZA,8413
2764885,208,66,1631,2014,11387685.0,0.0,1.817752,0.558474,SWE,DZA,8413
2764886,216,66,1631,2014,560657.0,0.0,0.977094,1.41283,THA,DZA,8413
2764887,217,66,1631,2014,50791.0,0.0,-0.706823,-0.993756,TJK,DZA,8413
2764888,223,66,1631,2014,2920757.0,0.0,0.343449,1.118007,TUN,DZA,8413
2764889,224,66,1631,2014,5049021.0,2112.0,0.554761,2.385693,TUR,DZA,8413
2764890,228,66,1631,2014,19862.0,0.0,0.566535,0.832267,UKR,DZA,8413
2764891,231,66,1631,2014,9657294.0,58705.0,1.61227,0.068905,USA,DZA,8413
2764892,246,66,1631,2014,176083.0,2074.0,0.282927,1.723214,ZAF,DZA,8413
2764893,249,66,1631,2014,1056236.0,0.0,1.9044189999999999,1.0595139999999998,TWN,DZA,8413
2764894,5,73,1631,2014,19410.0,0.0,0.533246,-0.41617,AND,ETH,8413
2764895,7,73,1631,2014,1337321.0,181260.0,0.087775,-0.289459,ARE,ETH,8413
2764896,14,73,1631,2014,59946.0,0.0,-0.398273,-0.17128,AUS,ETH,8413
2764897,15,73,1631,2014,13073.0,628.0,1.7116790000000002,-0.140232,AUT,ETH,8413
2764898,18,73,1631,2014,283746.0,0.0,1.234156,1.226441,BEL,ETH,8413
2764899,28,73,1631,2014,1492.0,0.0,0.874108,0.676231,BLR,ETH,8413
2764900,32,73,1631,2014,48573.0,0.0,0.218223,0.556921,BRA,ETH,8413
2764901,39,73,1631,2014,49688.0,0.0,0.671395,1.024683,CAN,ETH,8413
2764902,41,73,1631,2014,120101.0,65958.0,2.2000919999999997,0.65398,CHE,ETH,8413
2764903,43,73,1631,2014,7251044.0,0.0,1.187557,1.222085,CHN,ETH,8413
2764904,58,73,1631,2014,94777.0,0.0,0.627467,0.483725,CYP,ETH,8413
2764905,59,73,1631,2014,60878.0,0.0,1.8105830000000003,0.131131,CZE,ETH,8413
2764906,61,73,1631,2014,3776929.0,370764.0,2.052849,-2.888805,DEU,ETH,8413
2764907,62,73,1631,2014,0.0,26984.0,-0.394602,-0.74178,DJI,ETH,8413
2764908,64,73,1631,2014,240817.0,0.0,1.10869,1.245193,DNK,ETH,8413
2764909,66,73,1631,2014,2450.0,0.0,-1.5554649999999999,-1.1657030000000002,DZA,ETH,8413
2764910,68,73,1631,2014,325417.0,0.0,-0.086866,1.7419669999999998,EGY,ETH,8413
2764911,71,73,1631,2014,141427.0,14255.0,0.842147,2.45692,ESP,ETH,8413
2764912,74,73,1631,2014,10886.0,0.0,1.626355,1.002923,FIN,ETH,8413
2764913,77,73,1631,2014,2298658.0,4346.0,1.4817790000000002,0.30995,FRA,ETH,8413
2764914,81,73,1631,2014,378880.0,186596.0,1.697964,0.585372,GBR,ETH,8413
2764915,90,73,1631,2014,209968.0,0.0,0.149337,0.8560540000000001,GRC,ETH,8413
2764916,97,73,1631,2014,122531.0,0.0,0.812132,1.722493,HKG,ETH,8413
2764917,102,73,1631,2014,95776.0,0.0,1.477093,0.812869,HUN,ETH,8413
2764918,103,73,1631,2014,9084.0,0.0,-0.088032,1.3966459999999998,IDN,ETH,8413
2764919,104,73,1631,2014,4850420.0,0.0,0.262042,2.6305080000000003,IND,ETH,8413
2764920,106,73,1631,2014,20609.0,0.0,1.2658399999999999,0.278546,IRL,ETH,8413
2764921,107,73,1631,2014,558.0,0.0,-0.361058,-0.312743,IRN,ETH,8413
2764922,110,73,1631,2014,61081.0,2974.0,1.211141,0.64523,ISR,ETH,8413
2764923,111,73,1631,2014,30672547.0,18031.0,1.340136,0.43931099999999995,ITA,ETH,8413
2764924,114,73,1631,2014,489588.0,18931.0,2.403165,-0.635024,JPN,ETH,8413
2764925,116,73,1631,2014,60094.0,1596.0,-0.487058,0.307288,KEN,ETH,8413
2764926,118,73,1631,2014,36245.0,0.0,-0.84072,-0.8307040000000001,KHM,ETH,8413
2764927,121,73,1631,2014,108037.0,0.0,1.817145,0.8394530000000001,KOR,ETH,8413
2764928,138,73,1631,2014,17839.0,0.0,1.0799729999999998,0.697554,MEX,ETH,8413
2764929,151,73,1631,2014,2331.0,0.0,-0.029891,-0.12431099999999999,MUS,ETH,8413
2764930,153,73,1631,2014,0.0,54481.0,1.018138,0.774649,MYS,ETH,8413
2764931,162,73,1631,2014,528524.0,0.0,1.179325,1.355071,NLD,ETH,8413
2764932,168,73,1631,2014,0.0,25792.0,-0.672924,0.566787,PAK,ETH,8413
2764933,177,73,1631,2014,136919.0,0.0,1.133102,1.177165,POL,ETH,8413
2764934,178,73,1631,2014,21423.0,0.0,-0.23883000000000001,-0.009727,PRK,ETH,8413
2764935,179,73,1631,2014,571.0,0.0,0.621053,2.349644,PRT,ETH,8413
2764936,186,73,1631,2014,563917.0,0.0,0.229422,-0.214856,RUS,ETH,8413
2764937,188,73,1631,2014,42740.0,0.0,0.5758439999999999,-0.832692,SAU,ETH,8413
2764938,192,73,1631,2014,18169.0,0.0,1.867492,0.626736,SGP,ETH,8413
2764939,202,73,1631,2014,3375.0,0.0,-2.824279,-0.8767969999999999,SSD,ETH,8413
2764940,206,73,1631,2014,1529.0,0.0,1.334959,0.821253,SVK,ETH,8413
2764941,207,73,1631,2014,4220.0,0.0,1.6558669999999998,0.6814399999999999,SVN,ETH,8413
2764942,208,73,1631,2014,184404.0,1593.0,1.817752,0.558474,SWE,ETH,8413
2764943,209,73,1631,2014,4816.0,6615.0,0.22972199999999998,-0.365564,SWZ,ETH,8413
2764944,216,73,1631,2014,61078.0,0.0,0.977094,1.41283,THA,ETH,8413
2764945,224,73,1631,2014,1569120.0,0.0,0.554761,2.385693,TUR,ETH,8413
2764946,226,73,1631,2014,1989.0,34462.0,-1.054331,0.166345,TZA,ETH,8413
2764947,228,73,1631,2014,58819.0,0.0,0.566535,0.832267,UKR,ETH,8413
2764948,231,73,1631,2014,2494131.0,39113.0,1.61227,0.068905,USA,ETH,8413
2764949,246,73,1631,2014,313943.0,61624.0,0.282927,1.723214,ZAF,ETH,8413
2764950,247,73,1631,2014,55117.0,10819.0,-0.664089,-0.793452,ZMB,ETH,8413
2764951,249,73,1631,2014,21757.0,0.0,1.9044189999999999,1.0595139999999998,TWN,ETH,8413
2764952,250,73,1631,2014,16305679.0,0.0,0.506842,0.049545,ANS,ETH,8413
2764953,7,80,1631,2014,12467.0,0.0,0.087775,-0.289459,ARE,GAB,8413
2764954,15,80,1631,2014,413471.0,0.0,1.7116790000000002,-0.140232,AUT,GAB,8413
2764955,18,80,1631,2014,1670225.0,1393.0,1.234156,1.226441,BEL,GAB,8413
2764956,19,80,1631,2014,771199.0,0.0,-0.342225,-0.618789,BEN,GAB,8413
2764957,32,80,1631,2014,277052.0,0.0,0.218223,0.556921,BRA,GAB,8413
2764958,39,80,1631,2014,1210920.0,0.0,0.671395,1.024683,CAN,GAB,8413
2764959,41,80,1631,2014,97597.0,0.0,2.2000919999999997,0.65398,CHE,GAB,8413
2764960,43,80,1631,2014,1898540.0,0.0,1.187557,1.222085,CHN,GAB,8413
2764961,44,80,1631,2014,7541.0,0.0,-0.737625,-0.768728,CIV,GAB,8413
2764962,45,80,1631,2014,144776.0,0.0,-0.6723520000000001,-0.945084,CMR,GAB,8413
2764963,47,80,1631,2014,327367.0,32792.0,-1.371624,-1.12468,COG,GAB,8413
2764964,49,80,1631,2014,1841.0,0.0,0.19864500000000002,-0.378364,COL,GAB,8413
2764965,61,80,1631,2014,751106.0,0.0,2.052849,-2.888805,DEU,GAB,8413
2764966,64,80,1631,2014,78068.0,0.0,1.10869,1.245193,DNK,GAB,8413
2764967,71,80,1631,2014,266596.0,0.0,0.842147,2.45692,ESP,GAB,8413
2764968,77,80,1631,2014,20989257.0,1239.0,1.4817790000000002,0.30995,FRA,GAB,8413
2764969,81,80,1631,2014,3523313.0,0.0,1.697964,0.585372,GBR,GAB,8413
2764970,90,80,1631,2014,1468.0,0.0,0.149337,0.8560540000000001,GRC,GAB,8413
2764971,97,80,1631,2014,2007.0,0.0,0.812132,1.722493,HKG,GAB,8413
2764972,103,80,1631,2014,2005.0,0.0,-0.088032,1.3966459999999998,IDN,GAB,8413
2764973,104,80,1631,2014,10047.0,0.0,0.262042,2.6305080000000003,IND,GAB,8413
2764974,106,80,1631,2014,59812.0,0.0,1.2658399999999999,0.278546,IRL,GAB,8413
2764975,111,80,1631,2014,1520817.0,0.0,1.340136,0.43931099999999995,ITA,GAB,8413
2764976,114,80,1631,2014,60596.0,0.0,2.403165,-0.635024,JPN,GAB,8413
2764977,121,80,1631,2014,2537.0,0.0,1.817145,0.8394530000000001,KOR,GAB,8413
2764978,124,80,1631,2014,76850.0,0.0,0.308677,1.7564490000000001,LBN,GAB,8413
2764979,134,80,1631,2014,47529.0,0.0,-0.574034,0.065788,MAR,GAB,8413
2764980,153,80,1631,2014,86624.0,0.0,1.018138,0.774649,MYS,GAB,8413
2764981,162,80,1631,2014,1041344.0,5177.0,1.179325,1.355071,NLD,GAB,8413
2764982,163,80,1631,2014,975342.0,34098.0,0.9187049999999999,0.182685,NOR,GAB,8413
2764983,167,80,1631,2014,19336.0,0.0,-0.505129,-1.0051370000000002,OMN,GAB,8413
2764984,177,80,1631,2014,0.0,2230.0,1.133102,1.177165,POL,GAB,8413
2764985,179,80,1631,2014,46719.0,0.0,0.621053,2.349644,PRT,GAB,8413
2764986,190,80,1631,2014,0.0,22446.0,-1.442381,-1.1155030000000001,SDN,GAB,8413
2764987,192,80,1631,2014,3660263.0,4998.0,1.867492,0.626736,SGP,GAB,8413
2764988,203,80,1631,2014,0.0,1146.0,1.172431,-0.024141,STP,GAB,8413
2764989,208,80,1631,2014,72251.0,0.0,1.817752,0.558474,SWE,GAB,8413
2764990,216,80,1631,2014,15766.0,0.0,0.977094,1.41283,THA,GAB,8413
2764991,224,80,1631,2014,49796.0,0.0,0.554761,2.385693,TUR,GAB,8413
2764992,231,80,1631,2014,4619143.0,0.0,1.61227,0.068905,USA,GAB,8413
2764993,246,80,1631,2014,165977.0,2850.0,0.282927,1.723214,ZAF,GAB,8413
2764994,249,80,1631,2014,2436.0,0.0,1.9044189999999999,1.0595139999999998,TWN,GAB,8413
2764995,2,83,1631,2014,0.0,167216.0,-1.8184900000000002,-1.149191,AGO,GHA,8413
2764996,7,83,1631,2014,858815.0,0.0,0.087775,-0.289459,ARE,GHA,8413
2764997,14,83,1631,2014,1509189.0,2625.0,-0.398273,-0.17128,AUS,GHA,8413
2764998,15,83,1631,2014,297994.0,0.0,1.7116790000000002,-0.140232,AUT,GHA,8413
2764999,18,83,1631,2014,1598873.0,28774.0,1.234156,1.226441,BEL,GHA,8413
2765000,21,83,1631,2014,104564.0,4482844.0,-0.922401,-0.9554379999999999,BFA,GHA,8413
2765001,32,83,1631,2014,1592325.0,0.0,0.218223,0.556921,BRA,GHA,8413
2765002,39,83,1631,2014,84578.0,0.0,0.671395,1.024683,CAN,GHA,8413
2765003,41,83,1631,2014,77933.0,0.0,2.2000919999999997,0.65398,CHE,GHA,8413
2765004,42,83,1631,2014,14250.0,0.0,-0.344671,-0.43380799999999997,CHL,GHA,8413
2765005,43,83,1631,2014,16000923.0,0.0,1.187557,1.222085,CHN,GHA,8413
2765006,44,83,1631,2014,53852.0,234221.0,-0.737625,-0.768728,CIV,GHA,8413
2765007,45,83,1631,2014,0.0,14226.0,-0.6723520000000001,-0.945084,CMR,GHA,8413
2765008,47,83,1631,2014,2113.0,15256.0,-1.371624,-1.12468,COG,GHA,8413
2765009,59,83,1631,2014,15381.0,0.0,1.8105830000000003,0.131131,CZE,GHA,8413
2765010,61,83,1631,2014,1873304.0,1561.0,2.052849,-2.888805,DEU,GHA,8413
2765011,64,83,1631,2014,352249.0,1713.0,1.10869,1.245193,DNK,GHA,8413
2765012,71,83,1631,2014,637291.0,0.0,0.842147,2.45692,ESP,GHA,8413
2765013,74,83,1631,2014,113335.0,0.0,1.626355,1.002923,FIN,GHA,8413
2765014,77,83,1631,2014,714270.0,24324.0,1.4817790000000002,0.30995,FRA,GHA,8413
2765015,81,83,1631,2014,6883374.0,379672.0,1.697964,0.585372,GBR,GHA,8413
2765016,85,83,1631,2014,0.0,98214.0,-1.628409,-1.202473,GIN,GHA,8413
2765017,90,83,1631,2014,124568.0,0.0,0.149337,0.8560540000000001,GRC,GHA,8413
2765018,97,83,1631,2014,3011.0,0.0,0.812132,1.722493,HKG,GHA,8413
2765019,102,83,1631,2014,6892.0,0.0,1.477093,0.812869,HUN,GHA,8413
2765020,104,83,1631,2014,2154267.0,0.0,0.262042,2.6305080000000003,IND,GHA,8413
2765021,106,83,1631,2014,410215.0,0.0,1.2658399999999999,0.278546,IRL,GHA,8413
2765022,110,83,1631,2014,118000.0,0.0,1.211141,0.64523,ISR,GHA,8413
2765023,111,83,1631,2014,3530008.0,2594.0,1.340136,0.43931099999999995,ITA,GHA,8413
2765024,114,83,1631,2014,295037.0,0.0,2.403165,-0.635024,JPN,GHA,8413
2765025,121,83,1631,2014,2851634.0,0.0,1.817145,0.8394530000000001,KOR,GHA,8413
2765026,124,83,1631,2014,44748.0,0.0,0.308677,1.7564490000000001,LBN,GHA,8413
2765027,130,83,1631,2014,5731.0,0.0,0.764495,1.3451540000000002,LTU,GHA,8413
2765028,131,83,1631,2014,48535.0,0.0,1.243845,1.155474,LUX,GHA,8413
2765029,148,83,1631,2014,0.0,9883.0,-1.458551,-1.225373,MRT,GHA,8413
2765030,153,83,1631,2014,44778.0,15794.0,1.018138,0.774649,MYS,GHA,8413
2765031,159,83,1631,2014,210968.0,81473.0,-1.2126430000000001,-1.059697,NGA,GHA,8413
2765032,162,83,1631,2014,688780.0,17290.0,1.179325,1.355071,NLD,GHA,8413
2765033,163,83,1631,2014,85212.0,0.0,0.9187049999999999,0.182685,NOR,GHA,8413
2765034,166,83,1631,2014,8961.0,0.0,0.272502,0.21628699999999998,NZL,GHA,8413
2765035,177,83,1631,2014,77849.0,0.0,1.133102,1.177165,POL,GHA,8413
2765036,179,83,1631,2014,65251.0,0.0,0.621053,2.349644,PRT,GHA,8413
2765037,186,83,1631,2014,89626.0,0.0,0.229422,-0.214856,RUS,GHA,8413
2765038,191,83,1631,2014,0.0,99993.0,-0.502607,-0.08866,SEN,GHA,8413
2765039,192,83,1631,2014,79205.0,34634.0,1.867492,0.626736,SGP,GHA,8413
2765040,196,83,1631,2014,0.0,93091.0,-0.9228569999999999,-0.791482,SLE,GHA,8413
2765041,208,83,1631,2014,399514.0,37301.0,1.817752,0.558474,SWE,GHA,8413
2765042,215,83,1631,2014,0.0,5482.0,-0.524103,-0.537643,TGO,GHA,8413
2765043,216,83,1631,2014,75556.0,0.0,0.977094,1.41283,THA,GHA,8413
2765044,223,83,1631,2014,1566.0,0.0,0.343449,1.118007,TUN,GHA,8413
2765045,224,83,1631,2014,679619.0,0.0,0.554761,2.385693,TUR,GHA,8413
2765046,226,83,1631,2014,0.0,8770.0,-1.054331,0.166345,TZA,GHA,8413
2765047,228,83,1631,2014,3700.0,0.0,0.566535,0.832267,UKR,GHA,8413
2765048,231,83,1631,2014,10558085.0,15044.0,1.61227,0.068905,USA,GHA,8413
2765049,246,83,1631,2014,6950301.0,178890.0,0.282927,1.723214,ZAF,GHA,8413
2765050,247,83,1631,2014,0.0,1530.0,-0.664089,-0.793452,ZMB,GHA,8413
2765051,249,83,1631,2014,25839.0,0.0,1.9044189999999999,1.0595139999999998,TWN,GHA,8413
2765052,15,84,1631,2014,19431.0,0.0,1.7116790000000002,-0.140232,AUT,GIB,8413
2765053,18,84,1631,2014,14452.0,0.0,1.234156,1.226441,BEL,GIB,8413
2765054,41,84,1631,2014,12729.0,0.0,2.2000919999999997,0.65398,CHE,GIB,8413
2765055,43,84,1631,2014,5555.0,0.0,1.187557,1.222085,CHN,GIB,8413
2765056,61,84,1631,2014,240951.0,0.0,2.052849,-2.888805,DEU,GIB,8413
2765057,64,84,1631,2014,25436.0,11354.0,1.10869,1.245193,DNK,GIB,8413
2765058,71,84,1631,2014,588016.0,3716.0,0.842147,2.45692,ESP,GIB,8413
2765059,74,84,1631,2014,11997.0,0.0,1.626355,1.002923,FIN,GIB,8413
2765060,81,84,1631,2014,549765.0,0.0,1.697964,0.585372,GBR,GIB,8413
2765061,111,84,1631,2014,5252.0,0.0,1.340136,0.43931099999999995,ITA,GIB,8413
2765062,114,84,1631,2014,68839.0,0.0,2.403165,-0.635024,JPN,GIB,8413
2765063,121,84,1631,2014,2499.0,0.0,1.817145,0.8394530000000001,KOR,GIB,8413
2765064,131,84,1631,2014,4556.0,0.0,1.243845,1.155474,LUX,GIB,8413
2765065,162,84,1631,2014,210806.0,2693.0,1.179325,1.355071,NLD,GIB,8413
2765066,163,84,1631,2014,12790.0,0.0,0.9187049999999999,0.182685,NOR,GIB,8413
2765067,177,84,1631,2014,26562.0,0.0,1.133102,1.177165,POL,GIB,8413
2765068,190,84,1631,2014,0.0,6590.0,-1.442381,-1.1155030000000001,SDN,GIB,8413
2765069,208,84,1631,2014,5407.0,0.0,1.817752,0.558474,SWE,GIB,8413
2765070,224,84,1631,2014,2393.0,29797.0,0.554761,2.385693,TUR,GIB,8413
2765071,231,84,1631,2014,19131.0,0.0,1.61227,0.068905,USA,GIB,8413
2765072,7,85,1631,2014,206137.0,0.0,0.087775,-0.289459,ARE,GIN,8413
2765073,14,85,1631,2014,21490.0,0.0,-0.398273,-0.17128,AUS,GIN,8413
2765074,18,85,1631,2014,753540.0,2596.0,1.234156,1.226441,BEL,GIN,8413
2765075,28,85,1631,2014,1815.0,0.0,0.874108,0.676231,BLR,GIN,8413
2765076,32,85,1631,2014,7419.0,0.0,0.218223,0.556921,BRA,GIN,8413
2765077,39,85,1631,2014,29986.0,0.0,0.671395,1.024683,CAN,GIN,8413
2765078,41,85,1631,2014,17076.0,0.0,2.2000919999999997,0.65398,CHE,GIN,8413
2765079,43,85,1631,2014,1215635.0,0.0,1.187557,1.222085,CHN,GIN,8413
2765080,44,85,1631,2014,0.0,2996.0,-0.737625,-0.768728,CIV,GIN,8413
2765081,61,85,1631,2014,497433.0,0.0,2.052849,-2.888805,DEU,GIN,8413
2765082,71,85,1631,2014,61200.0,1073.0,0.842147,2.45692,ESP,GIN,8413
2765083,77,85,1631,2014,1363837.0,0.0,1.4817790000000002,0.30995,FRA,GIN,8413
2765084,81,85,1631,2014,279452.0,0.0,1.697964,0.585372,GBR,GIN,8413
2765085,83,85,1631,2014,98214.0,0.0,-1.130226,-0.9909379999999999,GHA,GIN,8413
2765086,97,85,1631,2014,176449.0,0.0,0.812132,1.722493,HKG,GIN,8413
2765087,104,85,1631,2014,221217.0,0.0,0.262042,2.6305080000000003,IND,GIN,8413
2765088,111,85,1631,2014,288924.0,0.0,1.340136,0.43931099999999995,ITA,GIN,8413
2765089,114,85,1631,2014,112140.0,0.0,2.403165,-0.635024,JPN,GIN,8413
2765090,121,85,1631,2014,93027.0,0.0,1.817145,0.8394530000000001,KOR,GIN,8413
2765091,124,85,1631,2014,186927.0,0.0,0.308677,1.7564490000000001,LBN,GIN,8413
2765092,131,85,1631,2014,2846.0,0.0,1.243845,1.155474,LUX,GIN,8413
2765093,134,85,1631,2014,3019.0,0.0,-0.574034,0.065788,MAR,GIN,8413
2765094,141,85,1631,2014,46923.0,24465.0,-1.199063,-1.05497,MLI,GIN,8413
2765095,153,85,1631,2014,2432.0,0.0,1.018138,0.774649,MYS,GIN,8413
2765096,162,85,1631,2014,438746.0,0.0,1.179325,1.355071,NLD,GIN,8413
2765097,163,85,1631,2014,9264.0,0.0,0.9187049999999999,0.182685,NOR,GIN,8413
2765098,166,85,1631,2014,4998.0,4571.0,0.272502,0.21628699999999998,NZL,GIN,8413
2765099,179,85,1631,2014,39828.0,0.0,0.621053,2.349644,PRT,GIN,8413
2765100,186,85,1631,2014,76956.0,0.0,0.229422,-0.214856,RUS,GIN,8413
2765101,191,85,1631,2014,24032.0,0.0,-0.502607,-0.08866,SEN,GIN,8413
2765102,208,85,1631,2014,3512.0,0.0,1.817752,0.558474,SWE,GIN,8413
2765103,209,85,1631,2014,1197.0,0.0,0.22972199999999998,-0.365564,SWZ,GIN,8413
2765104,216,85,1631,2014,5358.0,0.0,0.977094,1.41283,THA,GIN,8413
2765105,224,85,1631,2014,164074.0,0.0,0.554761,2.385693,TUR,GIN,8413
2765106,228,85,1631,2014,18791.0,0.0,0.566535,0.832267,UKR,GIN,8413
2765107,231,85,1631,2014,226955.0,5621.0,1.61227,0.068905,USA,GIN,8413
2765108,246,85,1631,2014,386194.0,1805.0,0.282927,1.723214,ZAF,GIN,8413
2765109,249,85,1631,2014,7368.0,0.0,1.9044189999999999,1.0595139999999998,TWN,GIN,8413
2765110,7,89,1631,2014,7247.0,0.0,0.087775,-0.289459,ARE,GNQ,8413
2765111,18,89,1631,2014,665276.0,0.0,1.234156,1.226441,BEL,GNQ,8413
2765112,32,89,1631,2014,463910.0,0.0,0.218223,0.556921,BRA,GNQ,8413
2765113,39,89,1631,2014,51351.0,0.0,0.671395,1.024683,CAN,GNQ,8413
2765114,41,89,1631,2014,12681.0,0.0,2.2000919999999997,0.65398,CHE,GNQ,8413
2765115,43,89,1631,2014,1084308.0,0.0,1.187557,1.222085,CHN,GNQ,8413
2765116,45,89,1631,2014,44666.0,0.0,-0.6723520000000001,-0.945084,CMR,GNQ,8413
2765117,47,89,1631,2014,112066.0,0.0,-1.371624,-1.12468,COG,GNQ,8413
2765118,61,89,1631,2014,446576.0,0.0,2.052849,-2.888805,DEU,GNQ,8413
2765119,64,89,1631,2014,12539.0,0.0,1.10869,1.245193,DNK,GNQ,8413
2765120,71,89,1631,2014,1473784.0,0.0,0.842147,2.45692,ESP,GNQ,8413
2765121,77,89,1631,2014,1011676.0,0.0,1.4817790000000002,0.30995,FRA,GNQ,8413
2765122,81,89,1631,2014,2940844.0,691518.0,1.697964,0.585372,GBR,GNQ,8413
2765123,110,89,1631,2014,19000.0,0.0,1.211141,0.64523,ISR,GNQ,8413
2765124,111,89,1631,2014,956940.0,0.0,1.340136,0.43931099999999995,ITA,GNQ,8413
2765125,114,89,1631,2014,18971.0,0.0,2.403165,-0.635024,JPN,GNQ,8413
2765126,121,89,1631,2014,15906.0,0.0,1.817145,0.8394530000000001,KOR,GNQ,8413
2765127,124,89,1631,2014,47829.0,0.0,0.308677,1.7564490000000001,LBN,GNQ,8413
2765128,134,89,1631,2014,112974.0,0.0,-0.574034,0.065788,MAR,GNQ,8413
2765129,159,89,1631,2014,0.0,387478.0,-1.2126430000000001,-1.059697,NGA,GNQ,8413
2765130,162,89,1631,2014,116375.0,0.0,1.179325,1.355071,NLD,GNQ,8413
2765131,163,89,1631,2014,9471.0,0.0,0.9187049999999999,0.182685,NOR,GNQ,8413
2765132,179,89,1631,2014,210671.0,0.0,0.621053,2.349644,PRT,GNQ,8413
2765133,192,89,1631,2014,86414.0,0.0,1.867492,0.626736,SGP,GNQ,8413
2765134,208,89,1631,2014,7031.0,0.0,1.817752,0.558474,SWE,GNQ,8413
2765135,216,89,1631,2014,14674.0,0.0,0.977094,1.41283,THA,GNQ,8413
2765136,224,89,1631,2014,109779.0,0.0,0.554761,2.385693,TUR,GNQ,8413
2765137,228,89,1631,2014,7811.0,0.0,0.566535,0.832267,UKR,GNQ,8413
2765138,231,89,1631,2014,5221232.0,0.0,1.61227,0.068905,USA,GNQ,8413
2765139,246,89,1631,2014,17202.0,0.0,0.282927,1.723214,ZAF,GNQ,8413
2765140,2,100,1631,2014,0.0,802.0,-1.8184900000000002,-1.149191,AGO,HRV,8413
2765141,4,100,1631,2014,76781.0,20935.0,-0.476024,-0.33978400000000003,ALB,HRV,8413
2765142,7,100,1631,2014,0.0,91803.0,0.087775,-0.289459,ARE,HRV,8413
2765143,14,100,1631,2014,3643.0,10309.0,-0.398273,-0.17128,AUS,HRV,8413
2765144,15,100,1631,2014,3637765.0,191382.0,1.7116790000000002,-0.140232,AUT,HRV,8413
2765145,16,100,1631,2014,0.0,248426.0,-0.909508,-1.165158,AZE,HRV,8413
2765146,18,100,1631,2014,1129598.0,568613.0,1.234156,1.226441,BEL,HRV,8413
2765147,22,100,1631,2014,0.0,1368.0,-1.0341879999999999,-0.9614870000000001,BGD,HRV,8413
2765148,23,100,1631,2014,125821.0,195336.0,0.579058,1.6558110000000001,BGR,HRV,8413
2765149,26,100,1631,2014,250176.0,2372287.0,0.5083300000000001,0.711704,BIH,HRV,8413
2765150,32,100,1631,2014,632681.0,192056.0,0.218223,0.556921,BRA,HRV,8413
2765151,39,100,1631,2014,117222.0,85156.0,0.671395,1.024683,CAN,HRV,8413
2765152,41,100,1631,2014,157218.0,34977.0,2.2000919999999997,0.65398,CHE,HRV,8413
2765153,42,100,1631,2014,0.0,1470.0,-0.344671,-0.43380799999999997,CHL,HRV,8413
2765154,43,100,1631,2014,3285560.0,258952.0,1.187557,1.222085,CHN,HRV,8413
2765155,44,100,1631,2014,0.0,3597.0,-0.737625,-0.768728,CIV,HRV,8413
2765156,47,100,1631,2014,0.0,9999.0,-1.371624,-1.12468,COG,HRV,8413
2765157,49,100,1631,2014,0.0,181987.0,0.19864500000000002,-0.378364,COL,HRV,8413
2765158,57,100,1631,2014,0.0,9297.0,1.199562,-0.66969,CYM,HRV,8413
2765159,59,100,1631,2014,429614.0,48390.0,1.8105830000000003,0.131131,CZE,HRV,8413
2765160,61,100,1631,2014,16060923.0,4522257.0,2.052849,-2.888805,DEU,HRV,8413
2765161,64,100,1631,2014,189790.0,171235.0,1.10869,1.245193,DNK,HRV,8413
2765162,66,100,1631,2014,0.0,87433.0,-1.5554649999999999,-1.1657030000000002,DZA,HRV,8413
2765163,68,100,1631,2014,0.0,14042.0,-0.086866,1.7419669999999998,EGY,HRV,8413
2765164,71,100,1631,2014,564369.0,28733.0,0.842147,2.45692,ESP,HRV,8413
2765165,72,100,1631,2014,1085.0,13166.0,0.9147780000000001,1.151556,EST,HRV,8413
2765166,74,100,1631,2014,210234.0,25951.0,1.626355,1.002923,FIN,HRV,8413
2765167,77,100,1631,2014,722302.0,160470.0,1.4817790000000002,0.30995,FRA,HRV,8413
2765168,81,100,1631,2014,704865.0,144634.0,1.697964,0.585372,GBR,HRV,8413
2765169,90,100,1631,2014,8021.0,109785.0,0.149337,0.8560540000000001,GRC,HRV,8413
2765170,97,100,1631,2014,2613.0,13599.0,0.812132,1.722493,HKG,HRV,8413
2765171,102,100,1631,2014,4074416.0,20096.0,1.477093,0.812869,HUN,HRV,8413
2765172,103,100,1631,2014,0.0,667.0,-0.088032,1.3966459999999998,IDN,HRV,8413
2765173,104,100,1631,2014,45896.0,0.0,0.262042,2.6305080000000003,IND,HRV,8413
2765174,106,100,1631,2014,189222.0,1271614.0,1.2658399999999999,0.278546,IRL,HRV,8413
2765175,110,100,1631,2014,14141.0,15127.0,1.211141,0.64523,ISR,HRV,8413
2765176,111,100,1631,2014,7793598.0,148866.0,1.340136,0.43931099999999995,ITA,HRV,8413
2765177,113,100,1631,2014,0.0,18258.0,0.210208,0.48732299999999995,JOR,HRV,8413
2765178,114,100,1631,2014,92959.0,27439.0,2.403165,-0.635024,JPN,HRV,8413
2765179,115,100,1631,2014,8352.0,7360.0,-0.210431,-0.574075,KAZ,HRV,8413
2765180,116,100,1631,2014,0.0,6182.0,-0.487058,0.307288,KEN,HRV,8413
2765181,121,100,1631,2014,328150.0,14819.0,1.817145,0.8394530000000001,KOR,HRV,8413
2765182,122,100,1631,2014,0.0,3871.0,-0.769616,-1.10667,KWT,HRV,8413
2765183,126,100,1631,2014,0.0,1562.0,-1.5943829999999999,-1.189961,LBY,HRV,8413
2765184,128,100,1631,2014,0.0,9351.0,-0.49366899999999997,0.338686,LKA,HRV,8413
2765185,130,100,1631,2014,14363.0,13394.0,0.764495,1.3451540000000002,LTU,HRV,8413
2765186,131,100,1631,2014,281417.0,0.0,1.243845,1.155474,LUX,HRV,8413
2765187,132,100,1631,2014,2299.0,20924.0,0.613116,1.1899790000000001,LVA,HRV,8413
2765188,134,100,1631,2014,0.0,22584.0,-0.574034,0.065788,MAR,HRV,8413
2765189,139,100,1631,2014,0.0,31111.0,-0.22505,-0.803084,MHL,HRV,8413
2765190,140,100,1631,2014,6807.0,122223.0,-0.039799,-0.05545,MKD,HRV,8413
2765191,144,100,1631,2014,0.0,204616.0,-0.17039100000000001,-0.21762399999999998,MNE,HRV,8413
2765192,159,100,1631,2014,0.0,3419.0,-1.2126430000000001,-1.059697,NGA,HRV,8413
2765193,162,100,1631,2014,1164897.0,173701.0,1.179325,1.355071,NLD,HRV,8413
2765194,163,100,1631,2014,1089778.0,76064.0,0.9187049999999999,0.182685,NOR,HRV,8413
2765195,167,100,1631,2014,52651.0,0.0,-0.505129,-1.0051370000000002,OMN,HRV,8413
2765196,169,100,1631,2014,0.0,11826.0,0.771742,0.9873190000000001,PAN,HRV,8413
2765197,173,100,1631,2014,0.0,17404.0,-0.557833,0.611826,PER,HRV,8413
2765198,177,100,1631,2014,806147.0,99201.0,1.133102,1.177165,POL,HRV,8413
2765199,179,100,1631,2014,3845.0,0.0,0.621053,2.349644,PRT,HRV,8413
2765200,183,100,1631,2014,0.0,86065.0,-0.37535599999999997,-1.0196370000000001,QAT,HRV,8413
2765201,185,100,1631,2014,93740.0,144476.0,0.9112,1.188161,ROU,HRV,8413
2765202,186,100,1631,2014,8213.0,930782.0,0.229422,-0.214856,RUS,HRV,8413
2765203,192,100,1631,2014,11939.0,97471.0,1.867492,0.626736,SGP,HRV,8413
2765204,201,100,1631,2014,629542.0,706354.0,0.551635,1.211535,SRB,HRV,8413
2765205,206,100,1631,2014,106295.0,3654.0,1.334959,0.821253,SVK,HRV,8413
2765206,207,100,1631,2014,3060325.0,967711.0,1.6558669999999998,0.6814399999999999,SVN,HRV,8413
2765207,208,100,1631,2014,2017105.0,24445.0,1.817752,0.558474,SWE,HRV,8413
2765208,215,100,1631,2014,0.0,2816.0,-0.524103,-0.537643,TGO,HRV,8413
2765209,216,100,1631,2014,2336.0,832041.0,0.977094,1.41283,THA,HRV,8413
2765210,223,100,1631,2014,0.0,5135.0,0.343449,1.118007,TUN,HRV,8413
2765211,224,100,1631,2014,94857.0,61820.0,0.554761,2.385693,TUR,HRV,8413
2765212,226,100,1631,2014,0.0,158170.0,-1.054331,0.166345,TZA,HRV,8413
2765213,228,100,1631,2014,79190.0,602822.0,0.566535,0.832267,UKR,HRV,8413
2765214,230,100,1631,2014,0.0,3691.0,0.154034,-0.380899,URY,HRV,8413
2765215,231,100,1631,2014,1301090.0,67135.0,1.61227,0.068905,USA,HRV,8413
2765216,237,100,1631,2014,0.0,20190.0,0.484282,-0.082974,VGB,HRV,8413
2765217,239,100,1631,2014,0.0,4103.0,-0.023765,1.344416,VNM,HRV,8413
2765218,246,100,1631,2014,0.0,101857.0,0.282927,1.723214,ZAF,HRV,8413
2765219,249,100,1631,2014,35968.0,1214.0,1.9044189999999999,1.0595139999999998,TWN,HRV,8413
2765220,250,100,1631,2014,71410.0,196006.0,0.506842,0.049545,ANS,HRV,8413
2765221,2,108,1631,2014,0.0,3814.0,-1.8184900000000002,-1.149191,AGO,IRQ,8413
2765222,7,108,1631,2014,5909288.0,0.0,0.087775,-0.289459,ARE,IRQ,8413
2765223,14,108,1631,2014,9581.0,0.0,-0.398273,-0.17128,AUS,IRQ,8413
2765224,15,108,1631,2014,1879021.0,0.0,1.7116790000000002,-0.140232,AUT,IRQ,8413
2765225,18,108,1631,2014,5997692.0,0.0,1.234156,1.226441,BEL,IRQ,8413
2765226,32,108,1631,2014,40360.0,0.0,0.218223,0.556921,BRA,IRQ,8413
2765227,39,108,1631,2014,7575920.0,0.0,0.671395,1.024683,CAN,IRQ,8413
2765228,41,108,1631,2014,25539.0,0.0,2.2000919999999997,0.65398,CHE,IRQ,8413
2765229,43,108,1631,2014,127391961.0,0.0,1.187557,1.222085,CHN,IRQ,8413
2765230,49,108,1631,2014,28749568.0,0.0,0.19864500000000002,-0.378364,COL,IRQ,8413
2765231,58,108,1631,2014,1905.0,0.0,0.627467,0.483725,CYP,IRQ,8413
2765232,59,108,1631,2014,475830.0,0.0,1.8105830000000003,0.131131,CZE,IRQ,8413
2765233,61,108,1631,2014,38210999.0,0.0,2.052849,-2.888805,DEU,IRQ,8413
2765234,64,108,1631,2014,762545.0,0.0,1.10869,1.245193,DNK,IRQ,8413
2765235,68,108,1631,2014,16923.0,0.0,-0.086866,1.7419669999999998,EGY,IRQ,8413
2765236,71,108,1631,2014,1094200.0,0.0,0.842147,2.45692,ESP,IRQ,8413
2765237,74,108,1631,2014,455357.0,0.0,1.626355,1.002923,FIN,IRQ,8413
2765238,77,108,1631,2014,1607710.0,0.0,1.4817790000000002,0.30995,FRA,IRQ,8413
2765239,81,108,1631,2014,28744911.0,0.0,1.697964,0.585372,GBR,IRQ,8413
2765240,90,108,1631,2014,236592.0,0.0,0.149337,0.8560540000000001,GRC,IRQ,8413
2765241,102,108,1631,2014,394566.0,0.0,1.477093,0.812869,HUN,IRQ,8413
2765242,103,108,1631,2014,256.0,0.0,-0.088032,1.3966459999999998,IDN,IRQ,8413
2765243,104,108,1631,2014,11139806.0,0.0,0.262042,2.6305080000000003,IND,IRQ,8413
2765244,106,108,1631,2014,1285391.0,0.0,1.2658399999999999,0.278546,IRL,IRQ,8413
2765245,107,108,1631,2014,1737474.0,128230.0,-0.361058,-0.312743,IRN,IRQ,8413
2765246,111,108,1631,2014,59888704.0,0.0,1.340136,0.43931099999999995,ITA,IRQ,8413
2765247,113,108,1631,2014,1872270.0,0.0,0.210208,0.48732299999999995,JOR,IRQ,8413
2765248,114,108,1631,2014,5957515.0,0.0,2.403165,-0.635024,JPN,IRQ,8413
2765249,115,108,1631,2014,3011.0,0.0,-0.210431,-0.574075,KAZ,IRQ,8413
2765250,121,108,1631,2014,16667231.0,0.0,1.817145,0.8394530000000001,KOR,IRQ,8413
2765251,122,108,1631,2014,1591395.0,0.0,-0.769616,-1.10667,KWT,IRQ,8413
2765252,124,108,1631,2014,59260.0,0.0,0.308677,1.7564490000000001,LBN,IRQ,8413
2765253,130,108,1631,2014,2671.0,0.0,0.764495,1.3451540000000002,LTU,IRQ,8413
2765254,131,108,1631,2014,1350752.0,0.0,1.243845,1.155474,LUX,IRQ,8413
2765255,153,108,1631,2014,100092.0,0.0,1.018138,0.774649,MYS,IRQ,8413
2765256,162,108,1631,2014,6500064.0,0.0,1.179325,1.355071,NLD,IRQ,8413
2765257,166,108,1631,2014,3738.0,0.0,0.272502,0.21628699999999998,NZL,IRQ,8413
2765258,167,108,1631,2014,766.0,0.0,-0.505129,-1.0051370000000002,OMN,IRQ,8413
2765259,168,108,1631,2014,6335.0,0.0,-0.672924,0.566787,PAK,IRQ,8413
2765260,177,108,1631,2014,228552.0,0.0,1.133102,1.177165,POL,IRQ,8413
2765261,179,108,1631,2014,1889.0,0.0,0.621053,2.349644,PRT,IRQ,8413
2765262,185,108,1631,2014,232941.0,12819.0,0.9112,1.188161,ROU,IRQ,8413
2765263,186,108,1631,2014,317158.0,0.0,0.229422,-0.214856,RUS,IRQ,8413
2765264,188,108,1631,2014,659775.0,0.0,0.5758439999999999,-0.832692,SAU,IRQ,8413
2765265,192,108,1631,2014,8268.0,0.0,1.867492,0.626736,SGP,IRQ,8413
2765266,207,108,1631,2014,504796.0,0.0,1.6558669999999998,0.6814399999999999,SVN,IRQ,8413
2765267,208,108,1631,2014,1528360.0,17516.0,1.817752,0.558474,SWE,IRQ,8413
2765268,216,108,1631,2014,591176.0,0.0,0.977094,1.41283,THA,IRQ,8413
2765269,223,108,1631,2014,1822.0,0.0,0.343449,1.118007,TUN,IRQ,8413
2765270,224,108,1631,2014,25707998.0,10109.0,0.554761,2.385693,TUR,IRQ,8413
2765271,227,108,1631,2014,126938.0,0.0,-0.46911800000000003,0.25446599999999997,UGA,IRQ,8413
2765272,228,108,1631,2014,1152947.0,0.0,0.566535,0.832267,UKR,IRQ,8413
2765273,231,108,1631,2014,29422059.0,0.0,1.61227,0.068905,USA,IRQ,8413
2765274,239,108,1631,2014,11630.0,0.0,-0.023765,1.344416,VNM,IRQ,8413
2765275,243,108,1631,2014,3654.0,0.0,-1.2829190000000001,-1.227373,YEM,IRQ,8413
2765276,249,108,1631,2014,97774.0,0.0,1.9044189999999999,1.0595139999999998,TWN,IRQ,8413
2765277,250,108,1631,2014,4646049.0,0.0,0.506842,0.049545,ANS,IRQ,8413
2765278,14,109,1631,2014,32838.0,1803.0,-0.398273,-0.17128,AUS,ISL,8413
2765279,15,109,1631,2014,30606.0,2930.0,1.7116790000000002,-0.140232,AUT,ISL,8413
2765280,18,109,1631,2014,205106.0,2962.0,1.234156,1.226441,BEL,ISL,8413
2765281,23,109,1631,2014,2811.0,0.0,0.579058,1.6558110000000001,BGR,ISL,8413
2765282,39,109,1631,2014,41673.0,33697.0,0.671395,1.024683,CAN,ISL,8413
2765283,41,109,1631,2014,10264.0,0.0,2.2000919999999997,0.65398,CHE,ISL,8413
2765284,43,109,1631,2014,38616.0,0.0,1.187557,1.222085,CHN,ISL,8413
2765285,44,109,1631,2014,0.0,2582.0,-0.737625,-0.768728,CIV,ISL,8413
2765286,59,109,1631,2014,44132.0,0.0,1.8105830000000003,0.131131,CZE,ISL,8413
2765287,61,109,1631,2014,2274320.0,83645.0,2.052849,-2.888805,DEU,ISL,8413
2765288,64,109,1631,2014,2705801.0,16803.0,1.10869,1.245193,DNK,ISL,8413
2765289,71,109,1631,2014,115967.0,1671.0,0.842147,2.45692,ESP,ISL,8413
2765290,72,109,1631,2014,20425.0,0.0,0.9147780000000001,1.151556,EST,ISL,8413
2765291,74,109,1631,2014,21992.0,9357.0,1.626355,1.002923,FIN,ISL,8413
2765292,77,109,1631,2014,101200.0,0.0,1.4817790000000002,0.30995,FRA,ISL,8413
2765293,78,109,1631,2014,23002.0,552926.0,-0.703929,-0.86265,FRO,ISL,8413
2765294,81,109,1631,2014,738145.0,39987.0,1.697964,0.585372,GBR,ISL,8413
2765295,92,109,1631,2014,0.0,918.0,-1.168495,-0.93096,GRL,ISL,8413
2765296,97,109,1631,2014,4392.0,0.0,0.812132,1.722493,HKG,ISL,8413
2765297,102,109,1631,2014,22502.0,0.0,1.477093,0.812869,HUN,ISL,8413
2765298,104,109,1631,2014,8139.0,1461.0,0.262042,2.6305080000000003,IND,ISL,8413
2765299,106,109,1631,2014,42566.0,0.0,1.2658399999999999,0.278546,IRL,ISL,8413
2765300,110,109,1631,2014,1537.0,0.0,1.211141,0.64523,ISR,ISL,8413
2765301,111,109,1631,2014,1127690.0,37824.0,1.340136,0.43931099999999995,ITA,ISL,8413
2765302,114,109,1631,2014,128105.0,0.0,2.403165,-0.635024,JPN,ISL,8413
2765303,116,109,1631,2014,0.0,189305.0,-0.487058,0.307288,KEN,ISL,8413
2765304,121,109,1631,2014,24125.0,0.0,1.817145,0.8394530000000001,KOR,ISL,8413
2765305,130,109,1631,2014,13810.0,0.0,0.764495,1.3451540000000002,LTU,ISL,8413
2765306,131,109,1631,2014,20720.0,0.0,1.243845,1.155474,LUX,ISL,8413
2765307,138,109,1631,2014,707.0,0.0,1.0799729999999998,0.697554,MEX,ISL,8413
2765308,159,109,1631,2014,0.0,4033.0,-1.2126430000000001,-1.059697,NGA,ISL,8413
2765309,162,109,1631,2014,1591778.0,167270.0,1.179325,1.355071,NLD,ISL,8413
2765310,163,109,1631,2014,626597.0,364892.0,0.9187049999999999,0.182685,NOR,ISL,8413
2765311,166,109,1631,2014,1869.0,21844.0,0.272502,0.21628699999999998,NZL,ISL,8413
2765312,174,109,1631,2014,0.0,56172.0,0.637442,0.475883,PHL,ISL,8413
2765313,177,109,1631,2014,80563.0,1009.0,1.133102,1.177165,POL,ISL,8413
2765314,179,109,1631,2014,2532.0,0.0,0.621053,2.349644,PRT,ISL,8413
2765315,185,109,1631,2014,1566.0,42687.0,0.9112,1.188161,ROU,ISL,8413
2765316,201,109,1631,2014,780.0,0.0,0.551635,1.211535,SRB,ISL,8413
2765317,206,109,1631,2014,9688.0,0.0,1.334959,0.821253,SVK,ISL,8413
2765318,207,109,1631,2014,13564.0,0.0,1.6558669999999998,0.6814399999999999,SVN,ISL,8413
2765319,208,109,1631,2014,755193.0,7482.0,1.817752,0.558474,SWE,ISL,8413
2765320,216,109,1631,2014,2038.0,0.0,0.977094,1.41283,THA,ISL,8413
2765321,223,109,1631,2014,718.0,0.0,0.343449,1.118007,TUN,ISL,8413
2765322,224,109,1631,2014,4082.0,0.0,0.554761,2.385693,TUR,ISL,8413
2765323,231,109,1631,2014,573188.0,114303.0,1.61227,0.068905,USA,ISL,8413
2765324,247,109,1631,2014,0.0,35015.0,-0.664089,-0.793452,ZMB,ISL,8413
2765325,249,109,1631,2014,23395.0,0.0,1.9044189999999999,1.0595139999999998,TWN,ISL,8413
2765326,2,116,1631,2014,0.0,2709.0,-1.8184900000000002,-1.149191,AGO,KEN,8413
2765327,7,116,1631,2014,845877.0,0.0,0.087775,-0.289459,ARE,KEN,8413
2765328,14,116,1631,2014,539417.0,0.0,-0.398273,-0.17128,AUS,KEN,8413
2765329,15,116,1631,2014,53692.0,0.0,1.7116790000000002,-0.140232,AUT,KEN,8413
2765330,17,116,1631,2014,0.0,23968.0,-0.242256,-0.8567879999999999,BDI,KEN,8413
2765331,18,116,1631,2014,130017.0,0.0,1.234156,1.226441,BEL,KEN,8413
2765332,32,116,1631,2014,1531098.0,0.0,0.218223,0.556921,BRA,KEN,8413
2765333,37,116,1631,2014,1587.0,1435.0,-0.60221,-1.104578,BWA,KEN,8413
2765334,39,116,1631,2014,311842.0,0.0,0.671395,1.024683,CAN,KEN,8413
2765335,41,116,1631,2014,23927.0,0.0,2.2000919999999997,0.65398,CHE,KEN,8413
2765336,43,116,1631,2014,12515462.0,0.0,1.187557,1.222085,CHN,KEN,8413
2765337,59,116,1631,2014,42021.0,0.0,1.8105830000000003,0.131131,CZE,KEN,8413
2765338,61,116,1631,2014,2412556.0,4637.0,2.052849,-2.888805,DEU,KEN,8413
2765339,64,116,1631,2014,1665228.0,0.0,1.10869,1.245193,DNK,KEN,8413
2765340,68,116,1631,2014,10185.0,0.0,-0.086866,1.7419669999999998,EGY,KEN,8413
2765341,71,116,1631,2014,1148374.0,0.0,0.842147,2.45692,ESP,KEN,8413
2765342,73,116,1631,2014,1596.0,60094.0,-1.296535,-1.045942,ETH,KEN,8413
2765343,77,116,1631,2014,996971.0,0.0,1.4817790000000002,0.30995,FRA,KEN,8413
2765344,81,116,1631,2014,3090799.0,37112.0,1.697964,0.585372,GBR,KEN,8413
2765345,90,116,1631,2014,445039.0,0.0,0.149337,0.8560540000000001,GRC,KEN,8413
2765346,97,116,1631,2014,6910.0,0.0,0.812132,1.722493,HKG,KEN,8413
2765347,100,116,1631,2014,6182.0,0.0,0.804401,1.250807,HRV,KEN,8413
2765348,102,116,1631,2014,0.0,11729.0,1.477093,0.812869,HUN,KEN,8413
2765349,104,116,1631,2014,6094653.0,0.0,0.262042,2.6305080000000003,IND,KEN,8413
2765350,106,116,1631,2014,1167.0,0.0,1.2658399999999999,0.278546,IRL,KEN,8413
2765351,109,116,1631,2014,189305.0,0.0,0.127891,-0.302014,ISL,KEN,8413
2765352,110,116,1631,2014,26000.0,0.0,1.211141,0.64523,ISR,KEN,8413
2765353,111,116,1631,2014,7820101.0,21419.0,1.340136,0.43931099999999995,ITA,KEN,8413
2765354,114,116,1631,2014,2858329.0,0.0,2.403165,-0.635024,JPN,KEN,8413
2765355,121,116,1631,2014,89969.0,0.0,1.817145,0.8394530000000001,KOR,KEN,8413
2765356,122,116,1631,2014,2940.0,0.0,-0.769616,-1.10667,KWT,KEN,8413
2765357,124,116,1631,2014,14183.0,0.0,0.308677,1.7564490000000001,LBN,KEN,8413
2765358,131,116,1631,2014,97371.0,0.0,1.243845,1.155474,LUX,KEN,8413
2765359,147,116,1631,2014,1550.0,2177.0,-1.1993610000000001,-1.040181,MOZ,KEN,8413
2765360,151,116,1631,2014,1719.0,1470.0,-0.029891,-0.12431099999999999,MUS,KEN,8413
2765361,152,116,1631,2014,0.0,11951.0,-0.494204,-0.751903,MWI,KEN,8413
2765362,153,116,1631,2014,141066.0,0.0,1.018138,0.774649,MYS,KEN,8413
2765363,155,116,1631,2014,1503.0,0.0,-0.428227,-0.5632229999999999,NAM,KEN,8413
2765364,159,116,1631,2014,0.0,1163.0,-1.2126430000000001,-1.059697,NGA,KEN,8413
2765365,162,116,1631,2014,1601671.0,98997.0,1.179325,1.355071,NLD,KEN,8413
2765366,163,116,1631,2014,23570.0,0.0,0.9187049999999999,0.182685,NOR,KEN,8413
2765367,166,116,1631,2014,12991.0,5330.0,0.272502,0.21628699999999998,NZL,KEN,8413
2765368,174,116,1631,2014,6904.0,37900.0,0.637442,0.475883,PHL,KEN,8413
2765369,177,116,1631,2014,29651.0,0.0,1.133102,1.177165,POL,KEN,8413
2765370,179,116,1631,2014,81437.0,0.0,0.621053,2.349644,PRT,KEN,8413
2765371,185,116,1631,2014,3604.0,0.0,0.9112,1.188161,ROU,KEN,8413
2765372,186,116,1631,2014,51488.0,0.0,0.229422,-0.214856,RUS,KEN,8413
2765373,187,116,1631,2014,1564.0,183839.0,-0.5692659999999999,-0.447859,RWA,KEN,8413
2765374,191,116,1631,2014,0.0,3069.0,-0.502607,-0.08866,SEN,KEN,8413
2765375,192,116,1631,2014,63607.0,3884.0,1.867492,0.626736,SGP,KEN,8413
2765376,201,116,1631,2014,10488.0,0.0,0.551635,1.211535,SRB,KEN,8413
2765377,206,116,1631,2014,21389.0,0.0,1.334959,0.821253,SVK,KEN,8413
2765378,208,116,1631,2014,101224.0,11735.0,1.817752,0.558474,SWE,KEN,8413
2765379,209,116,1631,2014,0.0,113506.0,0.22972199999999998,-0.365564,SWZ,KEN,8413
2765380,211,116,1631,2014,0.0,31856.0,0.358111,-0.484879,SYC,KEN,8413
2765381,216,116,1631,2014,53664.0,3046.0,0.977094,1.41283,THA,KEN,8413
2765382,224,116,1631,2014,356447.0,0.0,0.554761,2.385693,TUR,KEN,8413
2765383,226,116,1631,2014,21043.0,1660671.0,-1.054331,0.166345,TZA,KEN,8413
2765384,227,116,1631,2014,21467.0,398140.0,-0.46911800000000003,0.25446599999999997,UGA,KEN,8413
2765385,231,116,1631,2014,2571505.0,2600.0,1.61227,0.068905,USA,KEN,8413
2765386,246,116,1631,2014,4004526.0,19084.0,0.282927,1.723214,ZAF,KEN,8413
2765387,247,116,1631,2014,42804.0,1133990.0,-0.664089,-0.793452,ZMB,KEN,8413
2765388,248,116,1631,2014,0.0,9800.0,-0.821369,-0.864232,ZWE,KEN,8413
2765389,249,116,1631,2014,867447.0,0.0,1.9044189999999999,1.0595139999999998,TWN,KEN,8413
2765390,7,118,1631,2014,0.0,16567.0,0.087775,-0.289459,ARE,KHM,8413
2765391,14,118,1631,2014,94901.0,0.0,-0.398273,-0.17128,AUS,KHM,8413
2765392,15,118,1631,2014,2520.0,0.0,1.7116790000000002,-0.140232,AUT,KHM,8413
2765393,18,118,1631,2014,8279.0,0.0,1.234156,1.226441,BEL,KHM,8413
2765394,28,118,1631,2014,2214.0,0.0,0.874108,0.676231,BLR,KHM,8413
2765395,39,118,1631,2014,1406.0,0.0,0.671395,1.024683,CAN,KHM,8413
2765396,41,118,1631,2014,1264.0,0.0,2.2000919999999997,0.65398,CHE,KHM,8413
2765397,43,118,1631,2014,10610491.0,7596.0,1.187557,1.222085,CHN,KHM,8413
2765398,61,118,1631,2014,124512.0,0.0,2.052849,-2.888805,DEU,KHM,8413
2765399,64,118,1631,2014,5368.0,0.0,1.10869,1.245193,DNK,KHM,8413
2765400,73,118,1631,2014,0.0,36245.0,-1.296535,-1.045942,ETH,KHM,8413
2765401,77,118,1631,2014,144548.0,0.0,1.4817790000000002,0.30995,FRA,KHM,8413
2765402,81,118,1631,2014,41710.0,0.0,1.697964,0.585372,GBR,KHM,8413
2765403,97,118,1631,2014,99558.0,0.0,0.812132,1.722493,HKG,KHM,8413
2765404,102,118,1631,2014,4255.0,0.0,1.477093,0.812869,HUN,KHM,8413
2765405,104,118,1631,2014,370440.0,0.0,0.262042,2.6305080000000003,IND,KHM,8413
2765406,111,118,1631,2014,379238.0,0.0,1.340136,0.43931099999999995,ITA,KHM,8413
2765407,114,118,1631,2014,592816.0,0.0,2.403165,-0.635024,JPN,KHM,8413
2765408,121,118,1631,2014,803722.0,0.0,1.817145,0.8394530000000001,KOR,KHM,8413
2765409,130,118,1631,2014,1620.0,0.0,0.764495,1.3451540000000002,LTU,KHM,8413
2765410,153,118,1631,2014,131188.0,0.0,1.018138,0.774649,MYS,KHM,8413
2765411,162,118,1631,2014,149544.0,0.0,1.179325,1.355071,NLD,KHM,8413
2765412,192,118,1631,2014,802083.0,0.0,1.867492,0.626736,SGP,KHM,8413
2765413,209,118,1631,2014,2943.0,0.0,0.22972199999999998,-0.365564,SWZ,KHM,8413
2765414,216,118,1631,2014,3651226.0,1813.0,0.977094,1.41283,THA,KHM,8413
2765415,224,118,1631,2014,22556.0,0.0,0.554761,2.385693,TUR,KHM,8413
2765416,231,118,1631,2014,246227.0,34328.0,1.61227,0.068905,USA,KHM,8413
2765417,239,118,1631,2014,1186870.0,0.0,-0.023765,1.344416,VNM,KHM,8413
2765418,247,118,1631,2014,0.0,1682.0,-0.664089,-0.793452,ZMB,KHM,8413
2765419,249,118,1631,2014,260333.0,0.0,1.9044189999999999,1.0595139999999998,TWN,KHM,8413
2765420,32,120,1631,2014,1675.0,0.0,0.218223,0.556921,BRA,KNA,8413
2765421,33,120,1631,2014,815.0,0.0,0.44968400000000003,-0.15268900000000002,BRB,KNA,8413
2765422,39,120,1631,2014,23376.0,0.0,0.671395,1.024683,CAN,KNA,8413
2765423,61,120,1631,2014,25443.0,0.0,2.052849,-2.888805,DEU,KNA,8413
2765424,77,120,1631,2014,14857.0,0.0,1.4817790000000002,0.30995,FRA,KNA,8413
2765425,81,120,1631,2014,35237.0,4347.0,1.697964,0.585372,GBR,KNA,8413
2765426,112,120,1631,2014,30399.0,0.0,-0.42745299999999997,-0.7750130000000001,JAM,KNA,8413
2765427,114,120,1631,2014,5660.0,0.0,2.403165,-0.635024,JPN,KNA,8413
2765428,121,120,1631,2014,15147.0,0.0,1.817145,0.8394530000000001,KOR,KNA,8413
2765429,127,120,1631,2014,0.0,515.0,0.29035500000000003,-0.603541,LCA,KNA,8413
2765430,132,120,1631,2014,2908.0,0.0,0.613116,1.1899790000000001,LVA,KNA,8413
2765431,162,120,1631,2014,14073.0,0.0,1.179325,1.355071,NLD,KNA,8413
2765432,208,120,1631,2014,2046.0,0.0,1.817752,0.558474,SWE,KNA,8413
2765433,231,120,1631,2014,901679.0,1610.0,1.61227,0.068905,USA,KNA,8413
2765434,14,123,1631,2014,3630529.0,492.0,-0.398273,-0.17128,AUS,LAO,8413
2765435,15,123,1631,2014,247007.0,0.0,1.7116790000000002,-0.140232,AUT,LAO,8413
2765436,39,123,1631,2014,1355.0,0.0,0.671395,1.024683,CAN,LAO,8413
2765437,43,123,1631,2014,8877764.0,0.0,1.187557,1.222085,CHN,LAO,8413
2765438,61,123,1631,2014,214475.0,0.0,2.052849,-2.888805,DEU,LAO,8413
2765439,64,123,1631,2014,50853.0,0.0,1.10869,1.245193,DNK,LAO,8413
2765440,71,123,1631,2014,323764.0,0.0,0.842147,2.45692,ESP,LAO,8413
2765441,74,123,1631,2014,36687.0,2274.0,1.626355,1.002923,FIN,LAO,8413
2765442,77,123,1631,2014,27063.0,3263.0,1.4817790000000002,0.30995,FRA,LAO,8413
2765443,81,123,1631,2014,4924.0,0.0,1.697964,0.585372,GBR,LAO,8413
2765444,97,123,1631,2014,24777.0,0.0,0.812132,1.722493,HKG,LAO,8413
2765445,103,123,1631,2014,384.0,0.0,-0.088032,1.3966459999999998,IDN,LAO,8413
2765446,104,123,1631,2014,21957.0,0.0,0.262042,2.6305080000000003,IND,LAO,8413
2765447,111,123,1631,2014,1241.0,0.0,1.340136,0.43931099999999995,ITA,LAO,8413
2765448,114,123,1631,2014,49587.0,0.0,2.403165,-0.635024,JPN,LAO,8413
2765449,121,123,1631,2014,441567.0,0.0,1.817145,0.8394530000000001,KOR,LAO,8413
2765450,153,123,1631,2014,7605.0,0.0,1.018138,0.774649,MYS,LAO,8413
2765451,174,123,1631,2014,396.0,0.0,0.637442,0.475883,PHL,LAO,8413
2765452,186,123,1631,2014,0.0,3847.0,0.229422,-0.214856,RUS,LAO,8413
2765453,192,123,1631,2014,26588.0,0.0,1.867492,0.626736,SGP,LAO,8413
2765454,216,123,1631,2014,8968993.0,478700.0,0.977094,1.41283,THA,LAO,8413
2765455,222,123,1631,2014,74160.0,0.0,-0.57362,-1.117545,TTO,LAO,8413
2765456,231,123,1631,2014,7302.0,0.0,1.61227,0.068905,USA,LAO,8413
2765457,239,123,1631,2014,804062.0,0.0,-0.023765,1.344416,VNM,LAO,8413
2765458,246,123,1631,2014,13731.0,0.0,0.282927,1.723214,ZAF,LAO,8413
2765459,249,123,1631,2014,512.0,0.0,1.9044189999999999,1.0595139999999998,TWN,LAO,8413
2765460,7,125,1631,2014,286035.0,0.0,0.087775,-0.289459,ARE,LBR,8413
2765461,18,125,1631,2014,186258.0,1197.0,1.234156,1.226441,BEL,LBR,8413
2765462,32,125,1631,2014,5749.0,0.0,0.218223,0.556921,BRA,LBR,8413
2765463,39,125,1631,2014,2957608.0,0.0,0.671395,1.024683,CAN,LBR,8413
2765464,41,125,1631,2014,42303.0,0.0,2.2000919999999997,0.65398,CHE,LBR,8413
2765465,43,125,1631,2014,876625.0,0.0,1.187557,1.222085,CHN,LBR,8413
2765466,44,125,1631,2014,331701.0,0.0,-0.737625,-0.768728,CIV,LBR,8413
2765467,61,125,1631,2014,817361.0,0.0,2.052849,-2.888805,DEU,LBR,8413
2765468,64,125,1631,2014,73851.0,0.0,1.10869,1.245193,DNK,LBR,8413
2765469,71,125,1631,2014,54017.0,5246.0,0.842147,2.45692,ESP,LBR,8413
2765470,72,125,1631,2014,1651.0,0.0,0.9147780000000001,1.151556,EST,LBR,8413
2765471,74,125,1631,2014,5685.0,0.0,1.626355,1.002923,FIN,LBR,8413
2765472,77,125,1631,2014,41858.0,0.0,1.4817790000000002,0.30995,FRA,LBR,8413
2765473,81,125,1631,2014,431110.0,0.0,1.697964,0.585372,GBR,LBR,8413
2765474,104,125,1631,2014,874355.0,81643.0,0.262042,2.6305080000000003,IND,LBR,8413
2765475,110,125,1631,2014,114000.0,0.0,1.211141,0.64523,ISR,LBR,8413
2765476,111,125,1631,2014,281063.0,1370.0,1.340136,0.43931099999999995,ITA,LBR,8413
2765477,114,125,1631,2014,234526.0,0.0,2.403165,-0.635024,JPN,LBR,8413
2765478,124,125,1631,2014,32655.0,0.0,0.308677,1.7564490000000001,LBN,LBR,8413
2765479,132,125,1631,2014,90129.0,0.0,0.613116,1.1899790000000001,LVA,LBR,8413
2765480,151,125,1631,2014,0.0,3672.0,-0.029891,-0.12431099999999999,MUS,LBR,8413
2765481,153,125,1631,2014,10673.0,0.0,1.018138,0.774649,MYS,LBR,8413
2765482,162,125,1631,2014,26383.0,0.0,1.179325,1.355071,NLD,LBR,8413
2765483,163,125,1631,2014,339745.0,0.0,0.9187049999999999,0.182685,NOR,LBR,8413
2765484,192,125,1631,2014,5883.0,0.0,1.867492,0.626736,SGP,LBR,8413
2765485,231,125,1631,2014,2834831.0,0.0,1.61227,0.068905,USA,LBR,8413
2765486,246,125,1631,2014,449489.0,0.0,0.282927,1.723214,ZAF,LBR,8413
2765487,7,126,1631,2014,511010.0,4610.0,0.087775,-0.289459,ARE,LBY,8413
2765488,8,126,1631,2014,1321.0,0.0,0.10691500000000001,0.44860600000000006,ARG,LBY,8413
2765489,15,126,1631,2014,1500853.0,0.0,1.7116790000000002,-0.140232,AUT,LBY,8413
2765490,18,126,1631,2014,820237.0,0.0,1.234156,1.226441,BEL,LBY,8413
2765491,23,126,1631,2014,4762.0,0.0,0.579058,1.6558110000000001,BGR,LBY,8413
2765492,26,126,1631,2014,7107.0,0.0,0.5083300000000001,0.711704,BIH,LBY,8413
2765493,32,126,1631,2014,1519133.0,0.0,0.218223,0.556921,BRA,LBY,8413
2765494,39,126,1631,2014,1504953.0,0.0,0.671395,1.024683,CAN,LBY,8413
2765495,41,126,1631,2014,21129.0,0.0,2.2000919999999997,0.65398,CHE,LBY,8413
2765496,43,126,1631,2014,23144623.0,0.0,1.187557,1.222085,CHN,LBY,8413
2765497,44,126,1631,2014,17127.0,0.0,-0.737625,-0.768728,CIV,LBY,8413
2765498,58,126,1631,2014,18699.0,0.0,0.627467,0.483725,CYP,LBY,8413
2765499,59,126,1631,2014,32889.0,0.0,1.8105830000000003,0.131131,CZE,LBY,8413
2765500,61,126,1631,2014,9498724.0,52340.0,2.052849,-2.888805,DEU,LBY,8413
2765501,64,126,1631,2014,143957.0,0.0,1.10869,1.245193,DNK,LBY,8413
2765502,68,126,1631,2014,123883.0,0.0,-0.086866,1.7419669999999998,EGY,LBY,8413
2765503,71,126,1631,2014,3756861.0,0.0,0.842147,2.45692,ESP,LBY,8413
2765504,77,126,1631,2014,4889262.0,245707.0,1.4817790000000002,0.30995,FRA,LBY,8413
2765505,81,126,1631,2014,6650853.0,0.0,1.697964,0.585372,GBR,LBY,8413
2765506,90,126,1631,2014,1681677.0,0.0,0.149337,0.8560540000000001,GRC,LBY,8413
2765507,97,126,1631,2014,2264.0,0.0,0.812132,1.722493,HKG,LBY,8413
2765508,100,126,1631,2014,1562.0,0.0,0.804401,1.250807,HRV,LBY,8413
2765509,104,126,1631,2014,6528347.0,0.0,0.262042,2.6305080000000003,IND,LBY,8413
2765510,106,126,1631,2014,317440.0,0.0,1.2658399999999999,0.278546,IRL,LBY,8413
2765511,111,126,1631,2014,47256563.0,120150.0,1.340136,0.43931099999999995,ITA,LBY,8413
2765512,114,126,1631,2014,830304.0,0.0,2.403165,-0.635024,JPN,LBY,8413
2765513,121,126,1631,2014,4330666.0,0.0,1.817145,0.8394530000000001,KOR,LBY,8413
2765514,124,126,1631,2014,12401.0,0.0,0.308677,1.7564490000000001,LBN,LBY,8413
2765515,131,126,1631,2014,49498.0,0.0,1.243845,1.155474,LUX,LBY,8413
2765516,134,126,1631,2014,69663.0,0.0,-0.574034,0.065788,MAR,LBY,8413
2765517,142,126,1631,2014,5407555.0,0.0,0.817013,0.0016309999999999999,MLT,LBY,8413
2765518,162,126,1631,2014,3160214.0,10038.0,1.179325,1.355071,NLD,LBY,8413
2765519,163,126,1631,2014,8965.0,0.0,0.9187049999999999,0.182685,NOR,LBY,8413
2765520,166,126,1631,2014,7112.0,0.0,0.272502,0.21628699999999998,NZL,LBY,8413
2765521,177,126,1631,2014,11698.0,0.0,1.133102,1.177165,POL,LBY,8413
2765522,185,126,1631,2014,459869.0,0.0,0.9112,1.188161,ROU,LBY,8413
2765523,186,126,1631,2014,1480.0,0.0,0.229422,-0.214856,RUS,LBY,8413
2765524,188,126,1631,2014,158751.0,0.0,0.5758439999999999,-0.832692,SAU,LBY,8413
2765525,190,126,1631,2014,0.0,10773.0,-1.442381,-1.1155030000000001,SDN,LBY,8413
2765526,192,126,1631,2014,96265.0,0.0,1.867492,0.626736,SGP,LBY,8413
2765527,201,126,1631,2014,335592.0,0.0,0.551635,1.211535,SRB,LBY,8413
2765528,207,126,1631,2014,150436.0,0.0,1.6558669999999998,0.6814399999999999,SVN,LBY,8413
2765529,208,126,1631,2014,448844.0,0.0,1.817752,0.558474,SWE,LBY,8413
2765530,216,126,1631,2014,1639320.0,0.0,0.977094,1.41283,THA,LBY,8413
2765531,223,126,1631,2014,1062633.0,0.0,0.343449,1.118007,TUN,LBY,8413
2765532,224,126,1631,2014,4002897.0,0.0,0.554761,2.385693,TUR,LBY,8413
2765533,231,126,1631,2014,6134790.0,0.0,1.61227,0.068905,USA,LBY,8413
2765534,249,126,1631,2014,850168.0,0.0,1.9044189999999999,1.0595139999999998,TWN,LBY,8413
2765535,14,133,1631,2014,8510.0,0.0,-0.398273,-0.17128,AUS,MAC,8413
2765536,15,133,1631,2014,8462.0,0.0,1.7116790000000002,-0.140232,AUT,MAC,8413
2765537,32,133,1631,2014,0.0,1041.0,0.218223,0.556921,BRA,MAC,8413
2765538,41,133,1631,2014,1449.0,0.0,2.2000919999999997,0.65398,CHE,MAC,8413
2765539,43,133,1631,2014,2820485.0,17188.0,1.187557,1.222085,CHN,MAC,8413
2765540,61,133,1631,2014,127726.0,50143.0,2.052849,-2.888805,DEU,MAC,8413
2765541,64,133,1631,2014,36686.0,0.0,1.10869,1.245193,DNK,MAC,8413
2765542,74,133,1631,2014,851.0,0.0,1.626355,1.002923,FIN,MAC,8413
2765543,77,133,1631,2014,360793.0,0.0,1.4817790000000002,0.30995,FRA,MAC,8413
2765544,81,133,1631,2014,111987.0,2315.0,1.697964,0.585372,GBR,MAC,8413
2765545,90,133,1631,2014,71409.0,0.0,0.149337,0.8560540000000001,GRC,MAC,8413
2765546,97,133,1631,2014,5674140.0,732795.0,0.812132,1.722493,HKG,MAC,8413
2765547,106,133,1631,2014,321.0,0.0,1.2658399999999999,0.278546,IRL,MAC,8413
2765548,110,133,1631,2014,346.0,0.0,1.211141,0.64523,ISR,MAC,8413
2765549,111,133,1631,2014,380836.0,0.0,1.340136,0.43931099999999995,ITA,MAC,8413
2765550,114,133,1631,2014,468030.0,2365.0,2.403165,-0.635024,JPN,MAC,8413
2765551,121,133,1631,2014,51022.0,0.0,1.817145,0.8394530000000001,KOR,MAC,8413
2765552,138,133,1631,2014,665.0,0.0,1.0799729999999998,0.697554,MEX,MAC,8413
2765553,153,133,1631,2014,48166.0,4378.0,1.018138,0.774649,MYS,MAC,8413
2765554,162,133,1631,2014,1360360.0,461755.0,1.179325,1.355071,NLD,MAC,8413
2765555,179,133,1631,2014,4315.0,0.0,0.621053,2.349644,PRT,MAC,8413
2765556,192,133,1631,2014,30930.0,0.0,1.867492,0.626736,SGP,MAC,8413
2765557,208,133,1631,2014,54327.0,0.0,1.817752,0.558474,SWE,MAC,8413
2765558,231,133,1631,2014,1673297.0,15671.0,1.61227,0.068905,USA,MAC,8413
2765559,249,133,1631,2014,69111.0,1282.0,1.9044189999999999,1.0595139999999998,TWN,MAC,8413
2765560,7,136,1631,2014,0.0,988.0,0.087775,-0.289459,ARE,MDG,8413
2765561,8,136,1631,2014,0.0,5094.0,0.10691500000000001,0.44860600000000006,ARG,MDG,8413
2765562,14,136,1631,2014,526366.0,20912.0,-0.398273,-0.17128,AUS,MDG,8413
2765563,15,136,1631,2014,4041.0,0.0,1.7116790000000002,-0.140232,AUT,MDG,8413
2765564,18,136,1631,2014,218789.0,0.0,1.234156,1.226441,BEL,MDG,8413
2765565,23,136,1631,2014,970.0,0.0,0.579058,1.6558110000000001,BGR,MDG,8413
2765566,32,136,1631,2014,21958.0,0.0,0.218223,0.556921,BRA,MDG,8413
2765567,39,136,1631,2014,490112.0,1066.0,0.671395,1.024683,CAN,MDG,8413
2765568,41,136,1631,2014,42677.0,1703.0,2.2000919999999997,0.65398,CHE,MDG,8413
2765569,42,136,1631,2014,0.0,240206.0,-0.344671,-0.43380799999999997,CHL,MDG,8413
2765570,43,136,1631,2014,1817459.0,164610.0,1.187557,1.222085,CHN,MDG,8413
2765571,49,136,1631,2014,0.0,11359.0,0.19864500000000002,-0.378364,COL,MDG,8413
2765572,50,136,1631,2014,789.0,6555.0,-0.19200699999999998,-0.761303,COM,MDG,8413
2765573,59,136,1631,2014,4007.0,5753.0,1.8105830000000003,0.131131,CZE,MDG,8413
2765574,61,136,1631,2014,380784.0,34452.0,2.052849,-2.888805,DEU,MDG,8413
2765575,64,136,1631,2014,10821.0,0.0,1.10869,1.245193,DNK,MDG,8413
2765576,66,136,1631,2014,0.0,7252.0,-1.5554649999999999,-1.1657030000000002,DZA,MDG,8413
2765577,71,136,1631,2014,52175.0,0.0,0.842147,2.45692,ESP,MDG,8413
2765578,74,136,1631,2014,38218.0,4173.0,1.626355,1.002923,FIN,MDG,8413
2765579,77,136,1631,2014,5711671.0,1391040.0,1.4817790000000002,0.30995,FRA,MDG,8413
2765580,81,136,1631,2014,210062.0,0.0,1.697964,0.585372,GBR,MDG,8413
2765581,90,136,1631,2014,48107.0,3621.0,0.149337,0.8560540000000001,GRC,MDG,8413
2765582,102,136,1631,2014,1613.0,0.0,1.477093,0.812869,HUN,MDG,8413
2765583,104,136,1631,2014,430567.0,0.0,0.262042,2.6305080000000003,IND,MDG,8413
2765584,111,136,1631,2014,168035.0,9677.0,1.340136,0.43931099999999995,ITA,MDG,8413
2765585,114,136,1631,2014,89912.0,0.0,2.403165,-0.635024,JPN,MDG,8413
2765586,121,136,1631,2014,57760.0,0.0,1.817145,0.8394530000000001,KOR,MDG,8413
2765587,131,136,1631,2014,932.0,0.0,1.243845,1.155474,LUX,MDG,8413
2765588,134,136,1631,2014,0.0,1720.0,-0.574034,0.065788,MAR,MDG,8413
2765589,138,136,1631,2014,48251.0,0.0,1.0799729999999998,0.697554,MEX,MDG,8413
2765590,151,136,1631,2014,32681.0,2614.0,-0.029891,-0.12431099999999999,MUS,MDG,8413
2765591,153,136,1631,2014,6793.0,0.0,1.018138,0.774649,MYS,MDG,8413
2765592,162,136,1631,2014,3689150.0,19929.0,1.179325,1.355071,NLD,MDG,8413
2765593,163,136,1631,2014,0.0,3879.0,0.9187049999999999,0.182685,NOR,MDG,8413
2765594,166,136,1631,2014,0.0,6840.0,0.272502,0.21628699999999998,NZL,MDG,8413
2765595,173,136,1631,2014,0.0,26396.0,-0.557833,0.611826,PER,MDG,8413
2765596,177,136,1631,2014,2776.0,7379.0,1.133102,1.177165,POL,MDG,8413
2765597,185,136,1631,2014,2208.0,0.0,0.9112,1.188161,ROU,MDG,8413
2765598,186,136,1631,2014,0.0,189803.0,0.229422,-0.214856,RUS,MDG,8413
2765599,188,136,1631,2014,2309.0,0.0,0.5758439999999999,-0.832692,SAU,MDG,8413
2765600,190,136,1631,2014,0.0,6878.0,-1.442381,-1.1155030000000001,SDN,MDG,8413
2765601,192,136,1631,2014,63950.0,0.0,1.867492,0.626736,SGP,MDG,8413
2765602,208,136,1631,2014,63895.0,0.0,1.817752,0.558474,SWE,MDG,8413
2765603,216,136,1631,2014,41133.0,0.0,0.977094,1.41283,THA,MDG,8413
2765604,224,136,1631,2014,60060.0,55289.0,0.554761,2.385693,TUR,MDG,8413
2765605,226,136,1631,2014,0.0,1415.0,-1.054331,0.166345,TZA,MDG,8413
2765606,231,136,1631,2014,4569464.0,51744.0,1.61227,0.068905,USA,MDG,8413
2765607,246,136,1631,2014,1288092.0,66782.0,0.282927,1.723214,ZAF,MDG,8413
2765608,247,136,1631,2014,1012.0,0.0,-0.664089,-0.793452,ZMB,MDG,8413
2765609,249,136,1631,2014,7950.0,0.0,1.9044189999999999,1.0595139999999998,TWN,MDG,8413
2765610,250,136,1631,2014,990104.0,204311.0,0.506842,0.049545,ANS,MDG,8413
2765611,43,139,1631,2014,17268.0,0.0,1.187557,1.222085,CHN,MHL,8413
2765612,59,139,1631,2014,1054.0,0.0,1.8105830000000003,0.131131,CZE,MHL,8413
2765613,61,139,1631,2014,57140.0,0.0,2.052849,-2.888805,DEU,MHL,8413
2765614,64,139,1631,2014,69344.0,0.0,1.10869,1.245193,DNK,MHL,8413
2765615,71,139,1631,2014,21727.0,0.0,0.842147,2.45692,ESP,MHL,8413
2765616,77,139,1631,2014,6629.0,0.0,1.4817790000000002,0.30995,FRA,MHL,8413
2765617,81,139,1631,2014,475383.0,0.0,1.697964,0.585372,GBR,MHL,8413
2765618,100,139,1631,2014,31111.0,0.0,0.804401,1.250807,HRV,MHL,8413
2765619,114,139,1631,2014,506418.0,0.0,2.403165,-0.635024,JPN,MHL,8413
2765620,162,139,1631,2014,2245.0,0.0,1.179325,1.355071,NLD,MHL,8413
2765621,163,139,1631,2014,166567.0,0.0,0.9187049999999999,0.182685,NOR,MHL,8413
2765622,192,139,1631,2014,9040.0,0.0,1.867492,0.626736,SGP,MHL,8413
2765623,228,139,1631,2014,10288.0,0.0,0.566535,0.832267,UKR,MHL,8413
2765624,231,139,1631,2014,44226.0,455465.0,1.61227,0.068905,USA,MHL,8413
2765625,249,139,1631,2014,145933.0,0.0,1.9044189999999999,1.0595139999999998,TWN,MHL,8413
2765626,7,141,1631,2014,589796.0,0.0,0.087775,-0.289459,ARE,MLI,8413
2765627,14,141,1631,2014,1003889.0,0.0,-0.398273,-0.17128,AUS,MLI,8413
2765628,15,141,1631,2014,3549.0,0.0,1.7116790000000002,-0.140232,AUT,MLI,8413
2765629,18,141,1631,2014,354217.0,0.0,1.234156,1.226441,BEL,MLI,8413
2765630,21,141,1631,2014,154973.0,20511.0,-0.922401,-0.9554379999999999,BFA,MLI,8413
2765631,32,141,1631,2014,171277.0,0.0,0.218223,0.556921,BRA,MLI,8413
2765632,39,141,1631,2014,97385.0,0.0,0.671395,1.024683,CAN,MLI,8413
2765633,41,141,1631,2014,27958.0,0.0,2.2000919999999997,0.65398,CHE,MLI,8413
2765634,43,141,1631,2014,263738.0,0.0,1.187557,1.222085,CHN,MLI,8413
2765635,44,141,1631,2014,202052.0,1606.0,-0.737625,-0.768728,CIV,MLI,8413
2765636,59,141,1631,2014,28027.0,0.0,1.8105830000000003,0.131131,CZE,MLI,8413
2765637,61,141,1631,2014,1582891.0,0.0,2.052849,-2.888805,DEU,MLI,8413
2765638,64,141,1631,2014,90338.0,0.0,1.10869,1.245193,DNK,MLI,8413
2765639,71,141,1631,2014,72738.0,0.0,0.842147,2.45692,ESP,MLI,8413
2765640,77,141,1631,2014,4467502.0,5061.0,1.4817790000000002,0.30995,FRA,MLI,8413
2765641,81,141,1631,2014,343532.0,1040.0,1.697964,0.585372,GBR,MLI,8413
2765642,85,141,1631,2014,24465.0,46923.0,-1.628409,-1.202473,GIN,MLI,8413
2765643,104,141,1631,2014,824456.0,0.0,0.262042,2.6305080000000003,IND,MLI,8413
2765644,111,141,1631,2014,568392.0,0.0,1.340136,0.43931099999999995,ITA,MLI,8413
2765645,114,141,1631,2014,520781.0,0.0,2.403165,-0.635024,JPN,MLI,8413
2765646,124,141,1631,2014,4803.0,0.0,0.308677,1.7564490000000001,LBN,MLI,8413
2765647,134,141,1631,2014,34910.0,0.0,-0.574034,0.065788,MAR,MLI,8413
2765648,162,141,1631,2014,224801.0,4659.0,1.179325,1.355071,NLD,MLI,8413
2765649,179,141,1631,2014,33838.0,0.0,0.621053,2.349644,PRT,MLI,8413
2765650,191,141,1631,2014,211809.0,0.0,-0.502607,-0.08866,SEN,MLI,8413
2765651,215,141,1631,2014,26854.0,0.0,-0.524103,-0.537643,TGO,MLI,8413
2765652,216,141,1631,2014,7552.0,0.0,0.977094,1.41283,THA,MLI,8413
2765653,224,141,1631,2014,2564.0,0.0,0.554761,2.385693,TUR,MLI,8413
2765654,228,141,1631,2014,40041.0,0.0,0.566535,0.832267,UKR,MLI,8413
2765655,231,141,1631,2014,327049.0,0.0,1.61227,0.068905,USA,MLI,8413
2765656,246,141,1631,2014,2715687.0,4955.0,0.282927,1.723214,ZAF,MLI,8413
2765657,2,142,1631,2014,0.0,53797.0,-1.8184900000000002,-1.149191,AGO,MLT,8413
2765658,7,142,1631,2014,4698.0,26339.0,0.087775,-0.289459,ARE,MLT,8413
2765659,8,142,1631,2014,0.0,2755.0,0.10691500000000001,0.44860600000000006,ARG,MLT,8413
2765660,14,142,1631,2014,5941.0,28441.0,-0.398273,-0.17128,AUS,MLT,8413
2765661,15,142,1631,2014,133275.0,21205.0,1.7116790000000002,-0.140232,AUT,MLT,8413
2765662,18,142,1631,2014,302664.0,1495.0,1.234156,1.226441,BEL,MLT,8413
2765663,24,142,1631,2014,0.0,99451.0,0.460168,-0.41671099999999994,BHR,MLT,8413
2765664,32,142,1631,2014,0.0,110892.0,0.218223,0.556921,BRA,MLT,8413
2765665,39,142,1631,2014,4023.0,46472.0,0.671395,1.024683,CAN,MLT,8413
2765666,41,142,1631,2014,48182.0,20056.0,2.2000919999999997,0.65398,CHE,MLT,8413
2765667,43,142,1631,2014,2036697.0,168315.0,1.187557,1.222085,CHN,MLT,8413
2765668,59,142,1631,2014,35895.0,35687.0,1.8105830000000003,0.131131,CZE,MLT,8413
2765669,61,142,1631,2014,2050552.0,1274770.0,2.052849,-2.888805,DEU,MLT,8413
2765670,64,142,1631,2014,849333.0,0.0,1.10869,1.245193,DNK,MLT,8413
2765671,66,142,1631,2014,0.0,3024.0,-1.5554649999999999,-1.1657030000000002,DZA,MLT,8413
2765672,71,142,1631,2014,282304.0,0.0,0.842147,2.45692,ESP,MLT,8413
2765673,72,142,1631,2014,6689.0,0.0,0.9147780000000001,1.151556,EST,MLT,8413
2765674,74,142,1631,2014,29547.0,0.0,1.626355,1.002923,FIN,MLT,8413
2765675,77,142,1631,2014,791263.0,35097.0,1.4817790000000002,0.30995,FRA,MLT,8413
2765676,81,142,1631,2014,1383129.0,71659.0,1.697964,0.585372,GBR,MLT,8413
2765677,90,142,1631,2014,32630.0,3927.0,0.149337,0.8560540000000001,GRC,MLT,8413
2765678,97,142,1631,2014,10902.0,0.0,0.812132,1.722493,HKG,MLT,8413
2765679,104,142,1631,2014,9612.0,161754.0,0.262042,2.6305080000000003,IND,MLT,8413
2765680,106,142,1631,2014,225007.0,159097.0,1.2658399999999999,0.278546,IRL,MLT,8413
2765681,107,142,1631,2014,0.0,5860.0,-0.361058,-0.312743,IRN,MLT,8413
2765682,110,142,1631,2014,0.0,51278.0,1.211141,0.64523,ISR,MLT,8413
2765683,111,142,1631,2014,6873097.0,132292.0,1.340136,0.43931099999999995,ITA,MLT,8413
2765684,114,142,1631,2014,209294.0,35561.0,2.403165,-0.635024,JPN,MLT,8413
2765685,115,142,1631,2014,0.0,1133.0,-0.210431,-0.574075,KAZ,MLT,8413
2765686,121,142,1631,2014,7667.0,2189.0,1.817145,0.8394530000000001,KOR,MLT,8413
2765687,122,142,1631,2014,19061.0,8282.0,-0.769616,-1.10667,KWT,MLT,8413
2765688,124,142,1631,2014,0.0,8798.0,0.308677,1.7564490000000001,LBN,MLT,8413
2765689,126,142,1631,2014,0.0,5407555.0,-1.5943829999999999,-1.189961,LBY,MLT,8413
2765690,130,142,1631,2014,1484.0,0.0,0.764495,1.3451540000000002,LTU,MLT,8413
2765691,131,142,1631,2014,76564.0,0.0,1.243845,1.155474,LUX,MLT,8413
2765692,132,142,1631,2014,4037.0,0.0,0.613116,1.1899790000000001,LVA,MLT,8413
2765693,144,142,1631,2014,0.0,1328.0,-0.17039100000000001,-0.21762399999999998,MNE,MLT,8413
2765694,162,142,1631,2014,239250.0,46083.0,1.179325,1.355071,NLD,MLT,8413
2765695,163,142,1631,2014,328718.0,17798.0,0.9187049999999999,0.182685,NOR,MLT,8413
2765696,166,142,1631,2014,0.0,8437.0,0.272502,0.21628699999999998,NZL,MLT,8413
2765697,173,142,1631,2014,11184.0,6425.0,-0.557833,0.611826,PER,MLT,8413
2765698,177,142,1631,2014,15795.0,79769.0,1.133102,1.177165,POL,MLT,8413
2765699,179,142,1631,2014,36195.0,35116.0,0.621053,2.349644,PRT,MLT,8413
2765700,183,142,1631,2014,0.0,14406.0,-0.37535599999999997,-1.0196370000000001,QAT,MLT,8413
2765701,185,142,1631,2014,0.0,1770.0,0.9112,1.188161,ROU,MLT,8413
2765702,186,142,1631,2014,8994.0,0.0,0.229422,-0.214856,RUS,MLT,8413
2765703,188,142,1631,2014,0.0,19990.0,0.5758439999999999,-0.832692,SAU,MLT,8413
2765704,192,142,1631,2014,31785.0,41383.0,1.867492,0.626736,SGP,MLT,8413
2765705,206,142,1631,2014,0.0,8324.0,1.334959,0.821253,SVK,MLT,8413
2765706,207,142,1631,2014,9335.0,0.0,1.6558669999999998,0.6814399999999999,SVN,MLT,8413
2765707,208,142,1631,2014,55594.0,27772.0,1.817752,0.558474,SWE,MLT,8413
2765708,216,142,1631,2014,0.0,1927.0,0.977094,1.41283,THA,MLT,8413
2765709,222,142,1631,2014,12470.0,0.0,-0.57362,-1.117545,TTO,MLT,8413
2765710,223,142,1631,2014,21322.0,65223.0,0.343449,1.118007,TUN,MLT,8413
2765711,224,142,1631,2014,23420.0,17040.0,0.554761,2.385693,TUR,MLT,8413
2765712,231,142,1631,2014,598902.0,1811402.0,1.61227,0.068905,USA,MLT,8413
2765713,246,142,1631,2014,0.0,5189.0,0.282927,1.723214,ZAF,MLT,8413
2765714,249,142,1631,2014,97099.0,0.0,1.9044189999999999,1.0595139999999998,TWN,MLT,8413
2765715,250,142,1631,2014,0.0,95204.0,0.506842,0.049545,ANS,MLT,8413
2765716,7,148,1631,2014,68368.0,0.0,0.087775,-0.289459,ARE,MRT,8413
2765717,14,148,1631,2014,170412.0,0.0,-0.398273,-0.17128,AUS,MRT,8413
2765718,15,148,1631,2014,29535.0,0.0,1.7116790000000002,-0.140232,AUT,MRT,8413
2765719,18,148,1631,2014,1454517.0,6427.0,1.234156,1.226441,BEL,MRT,8413
2765720,32,148,1631,2014,2265.0,0.0,0.218223,0.556921,BRA,MRT,8413
2765721,39,148,1631,2014,267776.0,0.0,0.671395,1.024683,CAN,MRT,8413
2765722,41,148,1631,2014,8111.0,0.0,2.2000919999999997,0.65398,CHE,MRT,8413
2765723,43,148,1631,2014,1654578.0,0.0,1.187557,1.222085,CHN,MRT,8413
2765724,44,148,1631,2014,1172.0,0.0,-0.737625,-0.768728,CIV,MRT,8413
2765725,61,148,1631,2014,915006.0,0.0,2.052849,-2.888805,DEU,MRT,8413
2765726,64,148,1631,2014,3282.0,0.0,1.10869,1.245193,DNK,MRT,8413
2765727,71,148,1631,2014,317421.0,0.0,0.842147,2.45692,ESP,MRT,8413
2765728,74,148,1631,2014,14420.0,0.0,1.626355,1.002923,FIN,MRT,8413
2765729,77,148,1631,2014,2334516.0,2106.0,1.4817790000000002,0.30995,FRA,MRT,8413
2765730,81,148,1631,2014,48341.0,0.0,1.697964,0.585372,GBR,MRT,8413
2765731,83,148,1631,2014,9883.0,0.0,-1.130226,-0.9909379999999999,GHA,MRT,8413
2765732,104,148,1631,2014,161335.0,0.0,0.262042,2.6305080000000003,IND,MRT,8413
2765733,106,148,1631,2014,2336.0,0.0,1.2658399999999999,0.278546,IRL,MRT,8413
2765734,111,148,1631,2014,760048.0,0.0,1.340136,0.43931099999999995,ITA,MRT,8413
2765735,114,148,1631,2014,113375.0,0.0,2.403165,-0.635024,JPN,MRT,8413
2765736,121,148,1631,2014,80038.0,0.0,1.817145,0.8394530000000001,KOR,MRT,8413
2765737,124,148,1631,2014,11345.0,0.0,0.308677,1.7564490000000001,LBN,MRT,8413
2765738,134,148,1631,2014,414357.0,0.0,-0.574034,0.065788,MAR,MRT,8413
2765739,153,148,1631,2014,8535.0,0.0,1.018138,0.774649,MYS,MRT,8413
2765740,162,148,1631,2014,124078.0,0.0,1.179325,1.355071,NLD,MRT,8413
2765741,163,148,1631,2014,3159.0,0.0,0.9187049999999999,0.182685,NOR,MRT,8413
2765742,179,148,1631,2014,4945.0,0.0,0.621053,2.349644,PRT,MRT,8413
2765743,185,148,1631,2014,16520.0,0.0,0.9112,1.188161,ROU,MRT,8413
2765744,191,148,1631,2014,118728.0,5275.0,-0.502607,-0.08866,SEN,MRT,8413
2765745,207,148,1631,2014,2541.0,0.0,1.6558669999999998,0.6814399999999999,SVN,MRT,8413
2765746,208,148,1631,2014,265343.0,0.0,1.817752,0.558474,SWE,MRT,8413
2765747,223,148,1631,2014,23699.0,0.0,0.343449,1.118007,TUN,MRT,8413
2765748,224,148,1631,2014,49498.0,0.0,0.554761,2.385693,TUR,MRT,8413
2765749,226,148,1631,2014,744.0,0.0,-1.054331,0.166345,TZA,MRT,8413
2765750,231,148,1631,2014,403112.0,0.0,1.61227,0.068905,USA,MRT,8413
2765751,246,148,1631,2014,1113265.0,0.0,0.282927,1.723214,ZAF,MRT,8413
2765752,2,151,1631,2014,0.0,649.0,-1.8184900000000002,-1.149191,AGO,MUS,8413
2765753,7,151,1631,2014,68529.0,0.0,0.087775,-0.289459,ARE,MUS,8413
2765754,14,151,1631,2014,331691.0,1846.0,-0.398273,-0.17128,AUS,MUS,8413
2765755,15,151,1631,2014,280288.0,0.0,1.7116790000000002,-0.140232,AUT,MUS,8413
2765756,18,151,1631,2014,299226.0,1011.0,1.234156,1.226441,BEL,MUS,8413
2765757,23,151,1631,2014,717.0,0.0,0.579058,1.6558110000000001,BGR,MUS,8413
2765758,32,151,1631,2014,384546.0,0.0,0.218223,0.556921,BRA,MUS,8413
2765759,39,151,1631,2014,10100.0,0.0,0.671395,1.024683,CAN,MUS,8413
2765760,41,151,1631,2014,39614.0,0.0,2.2000919999999997,0.65398,CHE,MUS,8413
2765761,43,151,1631,2014,1150401.0,0.0,1.187557,1.222085,CHN,MUS,8413
2765762,50,151,1631,2014,0.0,6220.0,-0.19200699999999998,-0.761303,COM,MUS,8413
2765763,59,151,1631,2014,25475.0,0.0,1.8105830000000003,0.131131,CZE,MUS,8413
2765764,61,151,1631,2014,717543.0,9061.0,2.052849,-2.888805,DEU,MUS,8413
2765765,64,151,1631,2014,394959.0,0.0,1.10869,1.245193,DNK,MUS,8413
2765766,68,151,1631,2014,1355.0,6866.0,-0.086866,1.7419669999999998,EGY,MUS,8413
2765767,71,151,1631,2014,221334.0,41458.0,0.842147,2.45692,ESP,MUS,8413
2765768,73,151,1631,2014,0.0,2331.0,-1.296535,-1.045942,ETH,MUS,8413
2765769,74,151,1631,2014,14890.0,0.0,1.626355,1.002923,FIN,MUS,8413
2765770,77,151,1631,2014,1755842.0,34255.0,1.4817790000000002,0.30995,FRA,MUS,8413
2765771,81,151,1631,2014,185804.0,4199.0,1.697964,0.585372,GBR,MUS,8413
2765772,90,151,1631,2014,16040.0,0.0,0.149337,0.8560540000000001,GRC,MUS,8413
2765773,97,151,1631,2014,19094.0,0.0,0.812132,1.722493,HKG,MUS,8413
2765774,102,151,1631,2014,62347.0,0.0,1.477093,0.812869,HUN,MUS,8413
2765775,104,151,1631,2014,263734.0,0.0,0.262042,2.6305080000000003,IND,MUS,8413
2765776,106,151,1631,2014,7402.0,0.0,1.2658399999999999,0.278546,IRL,MUS,8413
2765777,110,151,1631,2014,14093.0,0.0,1.211141,0.64523,ISR,MUS,8413
2765778,111,151,1631,2014,1476487.0,0.0,1.340136,0.43931099999999995,ITA,MUS,8413
2765779,114,151,1631,2014,151557.0,0.0,2.403165,-0.635024,JPN,MUS,8413
2765780,116,151,1631,2014,1470.0,1719.0,-0.487058,0.307288,KEN,MUS,8413
2765781,121,151,1631,2014,21816.0,11016.0,1.817145,0.8394530000000001,KOR,MUS,8413
2765782,125,151,1631,2014,3672.0,0.0,-1.016828,-1.107983,LBR,MUS,8413
2765783,128,151,1631,2014,1658.0,1261.0,-0.49366899999999997,0.338686,LKA,MUS,8413
2765784,131,151,1631,2014,33708.0,0.0,1.243845,1.155474,LUX,MUS,8413
2765785,136,151,1631,2014,2614.0,32681.0,-1.002122,-0.44446,MDG,MUS,8413
2765786,138,151,1631,2014,23673.0,0.0,1.0799729999999998,0.697554,MEX,MUS,8413
2765787,152,151,1631,2014,0.0,1483.0,-0.494204,-0.751903,MWI,MUS,8413
2765788,153,151,1631,2014,14994.0,0.0,1.018138,0.774649,MYS,MUS,8413
2765789,155,151,1631,2014,0.0,1188.0,-0.428227,-0.5632229999999999,NAM,MUS,8413
2765790,159,151,1631,2014,0.0,3987.0,-1.2126430000000001,-1.059697,NGA,MUS,8413
2765791,162,151,1631,2014,219789.0,55097.0,1.179325,1.355071,NLD,MUS,8413
2765792,163,151,1631,2014,27940.0,0.0,0.9187049999999999,0.182685,NOR,MUS,8413
2765793,166,151,1631,2014,995.0,5572.0,0.272502,0.21628699999999998,NZL,MUS,8413
2765794,168,151,1631,2014,1459.0,0.0,-0.672924,0.566787,PAK,MUS,8413
2765795,177,151,1631,2014,6867.0,0.0,1.133102,1.177165,POL,MUS,8413
2765796,179,151,1631,2014,3156.0,0.0,0.621053,2.349644,PRT,MUS,8413
2765797,192,151,1631,2014,107017.0,0.0,1.867492,0.626736,SGP,MUS,8413
2765798,206,151,1631,2014,505.0,0.0,1.334959,0.821253,SVK,MUS,8413
2765799,208,151,1631,2014,157466.0,0.0,1.817752,0.558474,SWE,MUS,8413
2765800,211,151,1631,2014,1642.0,138674.0,0.358111,-0.484879,SYC,MUS,8413
2765801,216,151,1631,2014,12203.0,0.0,0.977094,1.41283,THA,MUS,8413
2765802,224,151,1631,2014,66326.0,0.0,0.554761,2.385693,TUR,MUS,8413
2765803,231,151,1631,2014,301354.0,184675.0,1.61227,0.068905,USA,MUS,8413
2765804,246,151,1631,2014,1086491.0,25154.0,0.282927,1.723214,ZAF,MUS,8413
2765805,247,151,1631,2014,0.0,65854.0,-0.664089,-0.793452,ZMB,MUS,8413
2765806,248,151,1631,2014,0.0,28900.0,-0.821369,-0.864232,ZWE,MUS,8413
2765807,249,151,1631,2014,27764.0,0.0,1.9044189999999999,1.0595139999999998,TWN,MUS,8413
2765808,2,155,1631,2014,2146.0,964640.0,-1.8184900000000002,-1.149191,AGO,NAM,8413
2765809,7,155,1631,2014,129351.0,0.0,0.087775,-0.289459,ARE,NAM,8413
2765810,14,155,1631,2014,801015.0,0.0,-0.398273,-0.17128,AUS,NAM,8413
2765811,15,155,1631,2014,74407.0,0.0,1.7116790000000002,-0.140232,AUT,NAM,8413
2765812,18,155,1631,2014,150187.0,0.0,1.234156,1.226441,BEL,NAM,8413
2765813,23,155,1631,2014,153223.0,0.0,0.579058,1.6558110000000001,BGR,NAM,8413
2765814,29,155,1631,2014,0.0,1895.0,-0.324446,-0.552126,BLZ,NAM,8413
2765815,32,155,1631,2014,8530.0,0.0,0.218223,0.556921,BRA,NAM,8413
2765816,37,155,1631,2014,92585.0,93496.0,-0.60221,-1.104578,BWA,NAM,8413
2765817,39,155,1631,2014,467820.0,1922.0,0.671395,1.024683,CAN,NAM,8413
2765818,41,155,1631,2014,253.0,0.0,2.2000919999999997,0.65398,CHE,NAM,8413
2765819,43,155,1631,2014,526493.0,0.0,1.187557,1.222085,CHN,NAM,8413
2765820,46,155,1631,2014,3554.0,8582.0,-1.6680240000000002,-1.1265129999999999,COD,NAM,8413
2765821,59,155,1631,2014,1487.0,0.0,1.8105830000000003,0.131131,CZE,NAM,8413
2765822,61,155,1631,2014,493911.0,37792.0,2.052849,-2.888805,DEU,NAM,8413
2765823,64,155,1631,2014,58401.0,0.0,1.10869,1.245193,DNK,NAM,8413
2765824,71,155,1631,2014,230399.0,0.0,0.842147,2.45692,ESP,NAM,8413
2765825,72,155,1631,2014,31189.0,0.0,0.9147780000000001,1.151556,EST,NAM,8413
2765826,77,155,1631,2014,225729.0,3745.0,1.4817790000000002,0.30995,FRA,NAM,8413
2765827,81,155,1631,2014,319891.0,0.0,1.697964,0.585372,GBR,NAM,8413
2765828,90,155,1631,2014,0.0,1962.0,0.149337,0.8560540000000001,GRC,NAM,8413
2765829,97,155,1631,2014,6326.0,0.0,0.812132,1.722493,HKG,NAM,8413
2765830,104,155,1631,2014,311330.0,0.0,0.262042,2.6305080000000003,IND,NAM,8413
2765831,106,155,1631,2014,2741.0,0.0,1.2658399999999999,0.278546,IRL,NAM,8413
2765832,111,155,1631,2014,239688.0,0.0,1.340136,0.43931099999999995,ITA,NAM,8413
2765833,114,155,1631,2014,29729.0,0.0,2.403165,-0.635024,JPN,NAM,8413
2765834,116,155,1631,2014,0.0,1503.0,-0.487058,0.307288,KEN,NAM,8413
2765835,121,155,1631,2014,817.0,0.0,1.817145,0.8394530000000001,KOR,NAM,8413
2765836,130,155,1631,2014,0.0,1494.0,0.764495,1.3451540000000002,LTU,NAM,8413
2765837,147,155,1631,2014,0.0,97433.0,-1.1993610000000001,-1.040181,MOZ,NAM,8413
2765838,151,155,1631,2014,1188.0,0.0,-0.029891,-0.12431099999999999,MUS,NAM,8413
2765839,152,155,1631,2014,0.0,820.0,-0.494204,-0.751903,MWI,NAM,8413
2765840,159,155,1631,2014,0.0,9156.0,-1.2126430000000001,-1.059697,NGA,NAM,8413
2765841,162,155,1631,2014,1270860.0,1076.0,1.179325,1.355071,NLD,NAM,8413
2765842,163,155,1631,2014,101386.0,15656.0,0.9187049999999999,0.182685,NOR,NAM,8413
2765843,166,155,1631,2014,1142.0,0.0,0.272502,0.21628699999999998,NZL,NAM,8413
2765844,169,155,1631,2014,0.0,1077.0,0.771742,0.9873190000000001,PAN,NAM,8413
2765845,177,155,1631,2014,1561.0,0.0,1.133102,1.177165,POL,NAM,8413
2765846,179,155,1631,2014,3669.0,0.0,0.621053,2.349644,PRT,NAM,8413
2765847,186,155,1631,2014,22313.0,0.0,0.229422,-0.214856,RUS,NAM,8413
2765848,191,155,1631,2014,0.0,2194.0,-0.502607,-0.08866,SEN,NAM,8413
2765849,192,155,1631,2014,32505.0,1903.0,1.867492,0.626736,SGP,NAM,8413
2765850,194,155,1631,2014,0.0,247738.0,1.125419,-0.183407,SHN,NAM,8413
2765851,208,155,1631,2014,11667.0,0.0,1.817752,0.558474,SWE,NAM,8413
2765852,209,155,1631,2014,2635.0,0.0,0.22972199999999998,-0.365564,SWZ,NAM,8413
2765853,223,155,1631,2014,6605.0,0.0,0.343449,1.118007,TUN,NAM,8413
2765854,224,155,1631,2014,1667.0,0.0,0.554761,2.385693,TUR,NAM,8413
2765855,226,155,1631,2014,14006.0,0.0,-1.054331,0.166345,TZA,NAM,8413
2765856,231,155,1631,2014,824987.0,186442.0,1.61227,0.068905,USA,NAM,8413
2765857,246,155,1631,2014,29446510.0,553263.0,0.282927,1.723214,ZAF,NAM,8413
2765858,247,155,1631,2014,4650.0,36977.0,-0.664089,-0.793452,ZMB,NAM,8413
2765859,248,155,1631,2014,0.0,9975.0,-0.821369,-0.864232,ZWE,NAM,8413
2765860,249,155,1631,2014,17213.0,0.0,1.9044189999999999,1.0595139999999998,TWN,NAM,8413
2765861,250,155,1631,2014,0.0,15794.0,0.506842,0.049545,ANS,NAM,8413
2765862,2,159,1631,2014,70044.0,56627.0,-1.8184900000000002,-1.149191,AGO,NGA,8413
2765863,7,159,1631,2014,1887205.0,67403.0,0.087775,-0.289459,ARE,NGA,8413
2765864,8,159,1631,2014,3451.0,0.0,0.10691500000000001,0.44860600000000006,ARG,NGA,8413
2765865,14,159,1631,2014,6154.0,0.0,-0.398273,-0.17128,AUS,NGA,8413
2765866,15,159,1631,2014,2316461.0,0.0,1.7116790000000002,-0.140232,AUT,NGA,8413
2765867,18,159,1631,2014,8918963.0,406932.0,1.234156,1.226441,BEL,NGA,8413
2765868,19,159,1631,2014,0.0,2503.0,-0.342225,-0.618789,BEN,NGA,8413
2765869,23,159,1631,2014,1064.0,0.0,0.579058,1.6558110000000001,BGR,NGA,8413
2765870,28,159,1631,2014,5041.0,0.0,0.874108,0.676231,BLR,NGA,8413
2765871,32,159,1631,2014,2909820.0,0.0,0.218223,0.556921,BRA,NGA,8413
2765872,39,159,1631,2014,1819057.0,0.0,0.671395,1.024683,CAN,NGA,8413
2765873,41,159,1631,2014,480278.0,0.0,2.2000919999999997,0.65398,CHE,NGA,8413
2765874,43,159,1631,2014,108417058.0,0.0,1.187557,1.222085,CHN,NGA,8413
2765875,44,159,1631,2014,24319.0,3068618.0,-0.737625,-0.768728,CIV,NGA,8413
2765876,45,159,1631,2014,201316.0,7338.0,-0.6723520000000001,-0.945084,CMR,NGA,8413
2765877,47,159,1631,2014,305.0,761476.0,-1.371624,-1.12468,COG,NGA,8413
2765878,55,159,1631,2014,2105.0,0.0,-0.00902,-0.683643,CUW,NGA,8413
2765879,58,159,1631,2014,39623.0,0.0,0.627467,0.483725,CYP,NGA,8413
2765880,59,159,1631,2014,107658.0,2266.0,1.8105830000000003,0.131131,CZE,NGA,8413
2765881,61,159,1631,2014,11170840.0,125881.0,2.052849,-2.888805,DEU,NGA,8413
2765882,64,159,1631,2014,4087947.0,0.0,1.10869,1.245193,DNK,NGA,8413
2765883,66,159,1631,2014,11862.0,0.0,-1.5554649999999999,-1.1657030000000002,DZA,NGA,8413
2765884,67,159,1631,2014,74801.0,0.0,-1.066865,-1.052921,ECU,NGA,8413
2765885,68,159,1631,2014,62276.0,6242.0,-0.086866,1.7419669999999998,EGY,NGA,8413
2765886,71,159,1631,2014,402211.0,0.0,0.842147,2.45692,ESP,NGA,8413
2765887,74,159,1631,2014,16017.0,0.0,1.626355,1.002923,FIN,NGA,8413
2765888,77,159,1631,2014,15572759.0,181254.0,1.4817790000000002,0.30995,FRA,NGA,8413
2765889,81,159,1631,2014,25509945.0,77183.0,1.697964,0.585372,GBR,NGA,8413
2765890,83,159,1631,2014,81473.0,210968.0,-1.130226,-0.9909379999999999,GHA,NGA,8413
2765891,89,159,1631,2014,387478.0,0.0,-2.043516,-0.844701,GNQ,NGA,8413
2765892,90,159,1631,2014,381055.0,13684.0,0.149337,0.8560540000000001,GRC,NGA,8413
2765893,97,159,1631,2014,720422.0,0.0,0.812132,1.722493,HKG,NGA,8413
2765894,100,159,1631,2014,3419.0,0.0,0.804401,1.250807,HRV,NGA,8413
2765895,102,159,1631,2014,2494.0,0.0,1.477093,0.812869,HUN,NGA,8413
2765896,103,159,1631,2014,61286.0,0.0,-0.088032,1.3966459999999998,IDN,NGA,8413
2765897,104,159,1631,2014,9378832.0,0.0,0.262042,2.6305080000000003,IND,NGA,8413
2765898,106,159,1631,2014,159239.0,0.0,1.2658399999999999,0.278546,IRL,NGA,8413
2765899,109,159,1631,2014,4033.0,0.0,0.127891,-0.302014,ISL,NGA,8413
2765900,110,159,1631,2014,635719.0,0.0,1.211141,0.64523,ISR,NGA,8413
2765901,111,159,1631,2014,30617916.0,3945.0,1.340136,0.43931099999999995,ITA,NGA,8413
2765902,114,159,1631,2014,33164791.0,0.0,2.403165,-0.635024,JPN,NGA,8413
2765903,116,159,1631,2014,1163.0,0.0,-0.487058,0.307288,KEN,NGA,8413
2765904,121,159,1631,2014,651183.0,0.0,1.817145,0.8394530000000001,KOR,NGA,8413
2765905,122,159,1631,2014,11950.0,0.0,-0.769616,-1.10667,KWT,NGA,8413
2765906,124,159,1631,2014,521730.0,0.0,0.308677,1.7564490000000001,LBN,NGA,8413
2765907,130,159,1631,2014,10484.0,2319.0,0.764495,1.3451540000000002,LTU,NGA,8413
2765908,131,159,1631,2014,14197.0,0.0,1.243845,1.155474,LUX,NGA,8413
2765909,134,159,1631,2014,39023.0,0.0,-0.574034,0.065788,MAR,NGA,8413
2765910,138,159,1631,2014,3227.0,0.0,1.0799729999999998,0.697554,MEX,NGA,8413
2765911,147,159,1631,2014,0.0,512.0,-1.1993610000000001,-1.040181,MOZ,NGA,8413
2765912,151,159,1631,2014,3987.0,0.0,-0.029891,-0.12431099999999999,MUS,NGA,8413
2765913,153,159,1631,2014,249089.0,0.0,1.018138,0.774649,MYS,NGA,8413
2765914,155,159,1631,2014,9156.0,0.0,-0.428227,-0.5632229999999999,NAM,NGA,8413
2765915,157,159,1631,2014,464.0,206587.0,-0.7187,-0.80918,NER,NGA,8413
2765916,162,159,1631,2014,9273758.0,493357.0,1.179325,1.355071,NLD,NGA,8413
2765917,163,159,1631,2014,1498173.0,58357.0,0.9187049999999999,0.182685,NOR,NGA,8413
2765918,166,159,1631,2014,100417.0,0.0,0.272502,0.21628699999999998,NZL,NGA,8413
2765919,174,159,1631,2014,994.0,0.0,0.637442,0.475883,PHL,NGA,8413
2765920,177,159,1631,2014,10959.0,0.0,1.133102,1.177165,POL,NGA,8413
2765921,179,159,1631,2014,127524.0,0.0,0.621053,2.349644,PRT,NGA,8413
2765922,185,159,1631,2014,63953.0,0.0,0.9112,1.188161,ROU,NGA,8413
2765923,186,159,1631,2014,43737.0,0.0,0.229422,-0.214856,RUS,NGA,8413
2765924,188,159,1631,2014,3004.0,0.0,0.5758439999999999,-0.832692,SAU,NGA,8413
2765925,192,159,1631,2014,971917.0,562.0,1.867492,0.626736,SGP,NGA,8413
2765926,196,159,1631,2014,0.0,140181.0,-0.9228569999999999,-0.791482,SLE,NGA,8413
2765927,201,159,1631,2014,50418.0,0.0,0.551635,1.211535,SRB,NGA,8413
2765928,203,159,1631,2014,0.0,9072.0,1.172431,-0.024141,STP,NGA,8413
2765929,207,159,1631,2014,2043.0,0.0,1.6558669999999998,0.6814399999999999,SVN,NGA,8413
2765930,208,159,1631,2014,207253.0,0.0,1.817752,0.558474,SWE,NGA,8413
2765931,209,159,1631,2014,28677.0,2194.0,0.22972199999999998,-0.365564,SWZ,NGA,8413
2765932,216,159,1631,2014,7835.0,0.0,0.977094,1.41283,THA,NGA,8413
2765933,224,159,1631,2014,1210271.0,888.0,0.554761,2.385693,TUR,NGA,8413
2765934,228,159,1631,2014,94517.0,0.0,0.566535,0.832267,UKR,NGA,8413
2765935,231,159,1631,2014,35842623.0,19198.0,1.61227,0.068905,USA,NGA,8413
2765936,239,159,1631,2014,25590.0,0.0,-0.023765,1.344416,VNM,NGA,8413
2765937,246,159,1631,2014,4672782.0,2568.0,0.282927,1.723214,ZAF,NGA,8413
2765938,249,159,1631,2014,285662.0,0.0,1.9044189999999999,1.0595139999999998,TWN,NGA,8413
2765939,14,165,1631,2014,221890.0,2796.0,-0.398273,-0.17128,AUS,NRU,8413
2765940,25,165,1631,2014,0.0,1202.0,0.314465,-0.60458,BHS,NRU,8413
2765941,59,165,1631,2014,0.0,183448.0,1.8105830000000003,0.131131,CZE,NRU,8413
2765942,75,165,1631,2014,110228.0,0.0,-0.306346,-0.07688500000000001,FJI,NRU,8413
2765943,166,165,1631,2014,1827.0,3243.0,0.272502,0.21628699999999998,NZL,NRU,8413
2765944,231,165,1631,2014,7775.0,9391.0,1.61227,0.068905,USA,NRU,8413
2765945,7,167,1631,2014,41975450.0,2844460.0,0.087775,-0.289459,ARE,OMN,8413
2765946,8,167,1631,2014,22667.0,0.0,0.10691500000000001,0.44860600000000006,ARG,OMN,8413
2765947,14,167,1631,2014,499147.0,715257.0,-0.398273,-0.17128,AUS,OMN,8413
2765948,15,167,1631,2014,1139479.0,8270.0,1.7116790000000002,-0.140232,AUT,OMN,8413
2765949,18,167,1631,2014,742009.0,0.0,1.234156,1.226441,BEL,OMN,8413
2765950,24,167,1631,2014,23613.0,79710.0,0.460168,-0.41671099999999994,BHR,OMN,8413
2765951,32,167,1631,2014,691274.0,0.0,0.218223,0.556921,BRA,OMN,8413
2765952,39,167,1631,2014,4744543.0,0.0,0.671395,1.024683,CAN,OMN,8413
2765953,41,167,1631,2014,161892.0,0.0,2.2000919999999997,0.65398,CHE,OMN,8413
2765954,43,167,1631,2014,4798135.0,24511.0,1.187557,1.222085,CHN,OMN,8413
2765955,49,167,1631,2014,111063.0,0.0,0.19864500000000002,-0.378364,COL,OMN,8413
2765956,59,167,1631,2014,12110.0,0.0,1.8105830000000003,0.131131,CZE,OMN,8413
2765957,61,167,1631,2014,16961600.0,68731.0,2.052849,-2.888805,DEU,OMN,8413
2765958,64,167,1631,2014,2066591.0,0.0,1.10869,1.245193,DNK,OMN,8413
2765959,68,167,1631,2014,45143.0,301134.0,-0.086866,1.7419669999999998,EGY,OMN,8413
2765960,71,167,1631,2014,128023.0,0.0,0.842147,2.45692,ESP,OMN,8413
2765961,74,167,1631,2014,1116072.0,0.0,1.626355,1.002923,FIN,OMN,8413
2765962,77,167,1631,2014,10346862.0,13336.0,1.4817790000000002,0.30995,FRA,OMN,8413
2765963,80,167,1631,2014,0.0,19336.0,-1.625474,-1.135973,GAB,OMN,8413
2765964,81,167,1631,2014,16945338.0,158593.0,1.697964,0.585372,GBR,OMN,8413
2765965,90,167,1631,2014,12392.0,0.0,0.149337,0.8560540000000001,GRC,OMN,8413
2765966,97,167,1631,2014,17663.0,0.0,0.812132,1.722493,HKG,OMN,8413
2765967,100,167,1631,2014,0.0,52651.0,0.804401,1.250807,HRV,OMN,8413
2765968,102,167,1631,2014,338560.0,18916.0,1.477093,0.812869,HUN,OMN,8413
2765969,103,167,1631,2014,55219.0,0.0,-0.088032,1.3966459999999998,IDN,OMN,8413
2765970,104,167,1631,2014,7460365.0,1917696.0,0.262042,2.6305080000000003,IND,OMN,8413
2765971,106,167,1631,2014,841600.0,0.0,1.2658399999999999,0.278546,IRL,OMN,8413
2765972,107,167,1631,2014,0.0,303384.0,-0.361058,-0.312743,IRN,OMN,8413
2765973,108,167,1631,2014,0.0,766.0,-2.9169,-0.882023,IRQ,OMN,8413
2765974,111,167,1631,2014,10548554.0,46575.0,1.340136,0.43931099999999995,ITA,OMN,8413
2765975,113,167,1631,2014,39464.0,0.0,0.210208,0.48732299999999995,JOR,OMN,8413
2765976,114,167,1631,2014,14901599.0,0.0,2.403165,-0.635024,JPN,OMN,8413
2765977,115,167,1631,2014,8937.0,0.0,-0.210431,-0.574075,KAZ,OMN,8413
2765978,121,167,1631,2014,8498507.0,0.0,1.817145,0.8394530000000001,KOR,OMN,8413
2765979,122,167,1631,2014,46904.0,15829.0,-0.769616,-1.10667,KWT,OMN,8413
2765980,124,167,1631,2014,55966.0,0.0,0.308677,1.7564490000000001,LBN,OMN,8413
2765981,128,167,1631,2014,5820.0,0.0,-0.49366899999999997,0.338686,LKA,OMN,8413
2765982,131,167,1631,2014,220685.0,0.0,1.243845,1.155474,LUX,OMN,8413
2765983,134,167,1631,2014,0.0,50398.0,-0.574034,0.065788,MAR,OMN,8413
2765984,153,167,1631,2014,24617.0,6301.0,1.018138,0.774649,MYS,OMN,8413
2765985,162,167,1631,2014,2273698.0,152047.0,1.179325,1.355071,NLD,OMN,8413
2765986,163,167,1631,2014,17956.0,0.0,0.9187049999999999,0.182685,NOR,OMN,8413
2765987,166,167,1631,2014,2140.0,1217.0,0.272502,0.21628699999999998,NZL,OMN,8413
2765988,168,167,1631,2014,954.0,18821.0,-0.672924,0.566787,PAK,OMN,8413
2765989,177,167,1631,2014,5935.0,0.0,1.133102,1.177165,POL,OMN,8413
2765990,183,167,1631,2014,12200.0,4580.0,-0.37535599999999997,-1.0196370000000001,QAT,OMN,8413
2765991,185,167,1631,2014,852024.0,0.0,0.9112,1.188161,ROU,OMN,8413
2765992,186,167,1631,2014,0.0,1431.0,0.229422,-0.214856,RUS,OMN,8413
2765993,188,167,1631,2014,153883.0,3590093.0,0.5758439999999999,-0.832692,SAU,OMN,8413
2765994,190,167,1631,2014,0.0,20445.0,-1.442381,-1.1155030000000001,SDN,OMN,8413
2765995,192,167,1631,2014,432821.0,27604.0,1.867492,0.626736,SGP,OMN,8413
2765996,199,167,1631,2014,0.0,11062.0,-1.41991,-1.010693,SOM,OMN,8413
2765997,206,167,1631,2014,11799.0,0.0,1.334959,0.821253,SVK,OMN,8413
2765998,207,167,1631,2014,154177.0,0.0,1.6558669999999998,0.6814399999999999,SVN,OMN,8413
2765999,208,167,1631,2014,1785534.0,0.0,1.817752,0.558474,SWE,OMN,8413
2766000,216,167,1631,2014,902469.0,0.0,0.977094,1.41283,THA,OMN,8413
2766001,223,167,1631,2014,5439.0,0.0,0.343449,1.118007,TUN,OMN,8413
2766002,224,167,1631,2014,317369.0,281521.0,0.554761,2.385693,TUR,OMN,8413
2766003,226,167,1631,2014,0.0,11922.0,-1.054331,0.166345,TZA,OMN,8413
2766004,231,167,1631,2014,59445350.0,87275.0,1.61227,0.068905,USA,OMN,8413
2766005,243,167,1631,2014,1926.0,113742.0,-1.2829190000000001,-1.227373,YEM,OMN,8413
2766006,246,167,1631,2014,24256.0,0.0,0.282927,1.723214,ZAF,OMN,8413
2766007,249,167,1631,2014,23676.0,0.0,1.9044189999999999,1.0595139999999998,TWN,OMN,8413
2766008,15,178,1631,2014,250313.0,0.0,1.7116790000000002,-0.140232,AUT,PRK,8413
2766009,18,178,1631,2014,132102.0,0.0,1.234156,1.226441,BEL,PRK,8413
2766010,32,178,1631,2014,0.0,16043.0,0.218223,0.556921,BRA,PRK,8413
2766011,42,178,1631,2014,0.0,7416.0,-0.344671,-0.43380799999999997,CHL,PRK,8413
2766012,43,178,1631,2014,9571822.0,0.0,1.187557,1.222085,CHN,PRK,8413
2766013,49,178,1631,2014,0.0,17709.0,0.19864500000000002,-0.378364,COL,PRK,8413
2766014,52,178,1631,2014,0.0,3155.0,0.065938,-0.687971,CRI,PRK,8413
2766015,61,178,1631,2014,55476.0,0.0,2.052849,-2.888805,DEU,PRK,8413
2766016,66,178,1631,2014,0.0,36172.0,-1.5554649999999999,-1.1657030000000002,DZA,PRK,8413
2766017,67,178,1631,2014,0.0,49285.0,-1.066865,-1.052921,ECU,PRK,8413
2766018,68,178,1631,2014,0.0,51698.0,-0.086866,1.7419669999999998,EGY,PRK,8413
2766019,73,178,1631,2014,0.0,21423.0,-1.296535,-1.045942,ETH,PRK,8413
2766020,77,178,1631,2014,7741.0,15598.0,1.4817790000000002,0.30995,FRA,PRK,8413
2766021,96,178,1631,2014,0.0,87312.0,-1.068777,-1.038227,GUY,PRK,8413
2766022,104,178,1631,2014,162080.0,36356.0,0.262042,2.6305080000000003,IND,PRK,8413
2766023,124,178,1631,2014,0.0,2598.0,0.308677,1.7564490000000001,LBN,PRK,8413
2766024,156,178,1631,2014,0.0,10985.0,-0.509789,-0.767484,NCL,PRK,8413
2766025,186,178,1631,2014,3510.0,0.0,0.229422,-0.214856,RUS,PRK,8413
2766026,191,178,1631,2014,0.0,2399.0,-0.502607,-0.08866,SEN,PRK,8413
2766027,192,178,1631,2014,1078.0,0.0,1.867492,0.626736,SGP,PRK,8413
2766028,197,178,1631,2014,0.0,9660.0,0.08653999999999999,0.29088600000000003,SLV,PRK,8413
2766029,205,178,1631,2014,0.0,15052.0,-0.6333989999999999,-0.857643,SUR,PRK,8413
2766030,208,178,1631,2014,1757.0,0.0,1.817752,0.558474,SWE,PRK,8413
2766031,216,178,1631,2014,0.0,111911.0,0.977094,1.41283,THA,PRK,8413
2766032,222,178,1631,2014,0.0,2526.0,-0.57362,-1.117545,TTO,PRK,8413
2766033,228,178,1631,2014,0.0,17749.0,0.566535,0.832267,UKR,PRK,8413
2766034,246,178,1631,2014,4267.0,0.0,0.282927,1.723214,ZAF,PRK,8413
2766035,247,178,1631,2014,0.0,3788.0,-0.664089,-0.793452,ZMB,PRK,8413
2766036,2,203,1631,2014,0.0,10118.0,-1.8184900000000002,-1.149191,AGO,STP,8413
2766037,41,203,1631,2014,1274.0,0.0,2.2000919999999997,0.65398,CHE,STP,8413
2766038,43,203,1631,2014,4791.0,0.0,1.187557,1.222085,CHN,STP,8413
2766039,61,203,1631,2014,20700.0,0.0,2.052849,-2.888805,DEU,STP,8413
2766040,71,203,1631,2014,816.0,0.0,0.842147,2.45692,ESP,STP,8413
2766041,80,203,1631,2014,1146.0,0.0,-1.625474,-1.135973,GAB,STP,8413
2766042,159,203,1631,2014,9072.0,0.0,-1.2126430000000001,-1.059697,NGA,STP,8413
2766043,179,203,1631,2014,248099.0,0.0,0.621053,2.349644,PRT,STP,8413
2766044,231,203,1631,2014,6537.0,2699.0,1.61227,0.068905,USA,STP,8413
2766045,249,203,1631,2014,1579.0,0.0,1.9044189999999999,1.0595139999999998,TWN,STP,8413
2766046,2,209,1631,2014,0.0,1599.0,-1.8184900000000002,-1.149191,AGO,SWZ,8413
2766047,7,209,1631,2014,0.0,20156.0,0.087775,-0.289459,ARE,SWZ,8413
2766048,24,209,1631,2014,0.0,1149.0,0.460168,-0.41671099999999994,BHR,SWZ,8413
2766049,31,209,1631,2014,0.0,8466.0,-1.129494,-1.030198,BOL,SWZ,8413
2766050,37,209,1631,2014,1566.0,0.0,-0.60221,-1.104578,BWA,SWZ,8413
2766051,39,209,1631,2014,1340.0,2545.0,0.671395,1.024683,CAN,SWZ,8413
2766052,43,209,1631,2014,3486.0,0.0,1.187557,1.222085,CHN,SWZ,8413
2766053,61,209,1631,2014,9204.0,0.0,2.052849,-2.888805,DEU,SWZ,8413
2766054,64,209,1631,2014,6500.0,0.0,1.10869,1.245193,DNK,SWZ,8413
2766055,67,209,1631,2014,0.0,3121.0,-1.066865,-1.052921,ECU,SWZ,8413
2766056,73,209,1631,2014,6615.0,4816.0,-1.296535,-1.045942,ETH,SWZ,8413
2766057,75,209,1631,2014,0.0,25303.0,-0.306346,-0.07688500000000001,FJI,SWZ,8413
2766058,81,209,1631,2014,5106.0,0.0,1.697964,0.585372,GBR,SWZ,8413
2766059,85,209,1631,2014,0.0,1197.0,-1.628409,-1.202473,GIN,SWZ,8413
2766060,96,209,1631,2014,0.0,2606.0,-1.068777,-1.038227,GUY,SWZ,8413
2766061,104,209,1631,2014,74821.0,0.0,0.262042,2.6305080000000003,IND,SWZ,8413
2766062,111,209,1631,2014,62640.0,0.0,1.340136,0.43931099999999995,ITA,SWZ,8413
2766063,114,209,1631,2014,3772.0,0.0,2.403165,-0.635024,JPN,SWZ,8413
2766064,116,209,1631,2014,113506.0,0.0,-0.487058,0.307288,KEN,SWZ,8413
2766065,118,209,1631,2014,0.0,2943.0,-0.84072,-0.8307040000000001,KHM,SWZ,8413
2766066,121,209,1631,2014,2651.0,43169.0,1.817145,0.8394530000000001,KOR,SWZ,8413
2766067,128,209,1631,2014,0.0,19804.0,-0.49366899999999997,0.338686,LKA,SWZ,8413
2766068,138,209,1631,2014,0.0,26709.0,1.0799729999999998,0.697554,MEX,SWZ,8413
2766069,147,209,1631,2014,1792.0,39618.0,-1.1993610000000001,-1.040181,MOZ,SWZ,8413
2766070,152,209,1631,2014,0.0,1802.0,-0.494204,-0.751903,MWI,SWZ,8413
2766071,155,209,1631,2014,0.0,2635.0,-0.428227,-0.5632229999999999,NAM,SWZ,8413
2766072,159,209,1631,2014,2194.0,28677.0,-1.2126430000000001,-1.059697,NGA,SWZ,8413
2766073,162,209,1631,2014,116010.0,0.0,1.179325,1.355071,NLD,SWZ,8413
2766074,183,209,1631,2014,0.0,23036.0,-0.37535599999999997,-1.0196370000000001,QAT,SWZ,8413
2766075,192,209,1631,2014,0.0,4315.0,1.867492,0.626736,SGP,SWZ,8413
2766076,216,209,1631,2014,0.0,1459.0,0.977094,1.41283,THA,SWZ,8413
2766077,222,209,1631,2014,0.0,3398.0,-0.57362,-1.117545,TTO,SWZ,8413
2766078,231,209,1631,2014,22650.0,6683.0,1.61227,0.068905,USA,SWZ,8413
2766079,246,209,1631,2014,3663677.0,45026.0,0.282927,1.723214,ZAF,SWZ,8413
2766080,247,209,1631,2014,2011.0,13591.0,-0.664089,-0.793452,ZMB,SWZ,8413
2766081,248,209,1631,2014,0.0,1305.0,-0.821369,-0.864232,ZWE,SWZ,8413
2766082,249,209,1631,2014,3695.0,3889.0,1.9044189999999999,1.0595139999999998,TWN,SWZ,8413
2766083,2,212,1631,2014,0.0,1624.0,-1.8184900000000002,-1.149191,AGO,SYR,8413
2766084,7,212,1631,2014,230313.0,0.0,0.087775,-0.289459,ARE,SYR,8413
2766085,15,212,1631,2014,49582.0,0.0,1.7116790000000002,-0.140232,AUT,SYR,8413
2766086,19,212,1631,2014,0.0,6751.0,-0.342225,-0.618789,BEN,SYR,8413
2766087,23,212,1631,2014,62933.0,0.0,0.579058,1.6558110000000001,BGR,SYR,8413
2766088,32,212,1631,2014,1446.0,0.0,0.218223,0.556921,BRA,SYR,8413
2766089,41,212,1631,2014,336269.0,0.0,2.2000919999999997,0.65398,CHE,SYR,8413
2766090,43,212,1631,2014,13712072.0,0.0,1.187557,1.222085,CHN,SYR,8413
2766091,59,212,1631,2014,148736.0,0.0,1.8105830000000003,0.131131,CZE,SYR,8413
2766092,61,212,1631,2014,2303380.0,0.0,2.052849,-2.888805,DEU,SYR,8413
2766093,64,212,1631,2014,587758.0,0.0,1.10869,1.245193,DNK,SYR,8413
2766094,71,212,1631,2014,1732231.0,2307.0,0.842147,2.45692,ESP,SYR,8413
2766095,77,212,1631,2014,76919.0,0.0,1.4817790000000002,0.30995,FRA,SYR,8413
2766096,81,212,1631,2014,462868.0,0.0,1.697964,0.585372,GBR,SYR,8413
2766097,104,212,1631,2014,822503.0,0.0,0.262042,2.6305080000000003,IND,SYR,8413
2766098,111,212,1631,2014,4093401.0,3540.0,1.340136,0.43931099999999995,ITA,SYR,8413
2766099,114,212,1631,2014,147745.0,0.0,2.403165,-0.635024,JPN,SYR,8413
2766100,121,212,1631,2014,1500.0,0.0,1.817145,0.8394530000000001,KOR,SYR,8413
2766101,122,212,1631,2014,3359.0,2156.0,-0.769616,-1.10667,KWT,SYR,8413
2766102,124,212,1631,2014,88331.0,15955.0,0.308677,1.7564490000000001,LBN,SYR,8413
2766103,162,212,1631,2014,4955.0,0.0,1.179325,1.355071,NLD,SYR,8413
2766104,186,212,1631,2014,571211.0,0.0,0.229422,-0.214856,RUS,SYR,8413
2766105,190,212,1631,2014,0.0,1198.0,-1.442381,-1.1155030000000001,SDN,SYR,8413
2766106,208,212,1631,2014,2925.0,0.0,1.817752,0.558474,SWE,SYR,8413
2766107,224,212,1631,2014,1283612.0,0.0,0.554761,2.385693,TUR,SYR,8413
2766108,228,212,1631,2014,3660.0,0.0,0.566535,0.832267,UKR,SYR,8413
2766109,243,212,1631,2014,0.0,36558.0,-1.2829190000000001,-1.227373,YEM,SYR,8413
2766110,249,212,1631,2014,3603.0,0.0,1.9044189999999999,1.0595139999999998,TWN,SYR,8413
2766111,7,215,1631,2014,47909.0,0.0,0.087775,-0.289459,ARE,TGO,8413
2766112,8,215,1631,2014,474.0,0.0,0.10691500000000001,0.44860600000000006,ARG,TGO,8413
2766113,15,215,1631,2014,5084.0,0.0,1.7116790000000002,-0.140232,AUT,TGO,8413
2766114,18,215,1631,2014,132425.0,7890.0,1.234156,1.226441,BEL,TGO,8413
2766115,19,215,1631,2014,85132.0,19022.0,-0.342225,-0.618789,BEN,TGO,8413
2766116,21,215,1631,2014,930.0,479756.0,-0.922401,-0.9554379999999999,BFA,TGO,8413
2766117,32,215,1631,2014,3764.0,0.0,0.218223,0.556921,BRA,TGO,8413
2766118,41,215,1631,2014,51955.0,0.0,2.2000919999999997,0.65398,CHE,TGO,8413
2766119,43,215,1631,2014,2074792.0,0.0,1.187557,1.222085,CHN,TGO,8413
2766120,44,215,1631,2014,5955.0,10598.0,-0.737625,-0.768728,CIV,TGO,8413
2766121,45,215,1631,2014,0.0,2468.0,-0.6723520000000001,-0.945084,CMR,TGO,8413
2766122,59,215,1631,2014,7917.0,0.0,1.8105830000000003,0.131131,CZE,TGO,8413
2766123,61,215,1631,2014,308633.0,0.0,2.052849,-2.888805,DEU,TGO,8413
2766124,64,215,1631,2014,24824.0,0.0,1.10869,1.245193,DNK,TGO,8413
2766125,71,215,1631,2014,112550.0,6891.0,0.842147,2.45692,ESP,TGO,8413
2766126,77,215,1631,2014,1220742.0,1015.0,1.4817790000000002,0.30995,FRA,TGO,8413
2766127,81,215,1631,2014,110026.0,0.0,1.697964,0.585372,GBR,TGO,8413
2766128,83,215,1631,2014,5482.0,0.0,-1.130226,-0.9909379999999999,GHA,TGO,8413
2766129,100,215,1631,2014,2816.0,0.0,0.804401,1.250807,HRV,TGO,8413
2766130,104,215,1631,2014,136033.0,0.0,0.262042,2.6305080000000003,IND,TGO,8413
2766131,110,215,1631,2014,2798.0,0.0,1.211141,0.64523,ISR,TGO,8413
2766132,111,215,1631,2014,568257.0,0.0,1.340136,0.43931099999999995,ITA,TGO,8413
2766133,114,215,1631,2014,44977.0,0.0,2.403165,-0.635024,JPN,TGO,8413
2766134,121,215,1631,2014,3975.0,0.0,1.817145,0.8394530000000001,KOR,TGO,8413
2766135,124,215,1631,2014,13222.0,0.0,0.308677,1.7564490000000001,LBN,TGO,8413
2766136,134,215,1631,2014,3181.0,0.0,-0.574034,0.065788,MAR,TGO,8413
2766137,141,215,1631,2014,0.0,26854.0,-1.199063,-1.05497,MLI,TGO,8413
2766138,153,215,1631,2014,3413.0,0.0,1.018138,0.774649,MYS,TGO,8413
2766139,157,215,1631,2014,0.0,66026.0,-0.7187,-0.80918,NER,TGO,8413
2766140,162,215,1631,2014,431069.0,11983.0,1.179325,1.355071,NLD,TGO,8413
2766141,163,215,1631,2014,18698.0,0.0,0.9187049999999999,0.182685,NOR,TGO,8413
2766142,179,215,1631,2014,130257.0,0.0,0.621053,2.349644,PRT,TGO,8413
2766143,191,215,1631,2014,39956.0,0.0,-0.502607,-0.08866,SEN,TGO,8413
2766144,208,215,1631,2014,23850.0,0.0,1.817752,0.558474,SWE,TGO,8413
2766145,216,215,1631,2014,60611.0,0.0,0.977094,1.41283,THA,TGO,8413
2766146,223,215,1631,2014,74263.0,0.0,0.343449,1.118007,TUN,TGO,8413
2766147,224,215,1631,2014,5252.0,0.0,0.554761,2.385693,TUR,TGO,8413
2766148,231,215,1631,2014,605767.0,0.0,1.61227,0.068905,USA,TGO,8413
2766149,2,220,1631,2014,0.0,8170.0,-1.8184900000000002,-1.149191,AGO,TLS,8413
2766150,14,220,1631,2014,189012.0,0.0,-0.398273,-0.17128,AUS,TLS,8413
2766151,43,220,1631,2014,132274.0,0.0,1.187557,1.222085,CHN,TLS,8413
2766152,81,220,1631,2014,10298.0,0.0,1.697964,0.585372,GBR,TLS,8413
2766153,103,220,1631,2014,405102.0,0.0,-0.088032,1.3966459999999998,IDN,TLS,8413
2766154,104,220,1631,2014,9313.0,0.0,0.262042,2.6305080000000003,IND,TLS,8413
2766155,114,220,1631,2014,74391.0,0.0,2.403165,-0.635024,JPN,TLS,8413
2766156,121,220,1631,2014,126199.0,0.0,1.817145,0.8394530000000001,KOR,TLS,8413
2766157,162,220,1631,2014,56427.0,0.0,1.179325,1.355071,NLD,TLS,8413
2766158,179,220,1631,2014,5546.0,0.0,0.621053,2.349644,PRT,TLS,8413
2766159,192,220,1631,2014,132640.0,0.0,1.867492,0.626736,SGP,TLS,8413
2766160,216,220,1631,2014,5925.0,0.0,0.977094,1.41283,THA,TLS,8413
2766161,2,223,1631,2014,0.0,27778.0,-1.8184900000000002,-1.149191,AGO,TUN,8413
2766162,7,223,1631,2014,479250.0,432673.0,0.087775,-0.289459,ARE,TUN,8413
2766163,8,223,1631,2014,76299.0,0.0,0.10691500000000001,0.44860600000000006,ARG,TUN,8413
2766164,15,223,1631,2014,446978.0,0.0,1.7116790000000002,-0.140232,AUT,TUN,8413
2766165,18,223,1631,2014,2396077.0,336817.0,1.234156,1.226441,BEL,TUN,8413
2766166,23,223,1631,2014,119001.0,0.0,0.579058,1.6558110000000001,BGR,TUN,8413
2766167,24,223,1631,2014,0.0,21603.0,0.460168,-0.41671099999999994,BHR,TUN,8413
2766168,26,223,1631,2014,3955.0,0.0,0.5083300000000001,0.711704,BIH,TUN,8413
2766169,29,223,1631,2014,31338.0,0.0,-0.324446,-0.552126,BLZ,TUN,8413
2766170,32,223,1631,2014,77366.0,0.0,0.218223,0.556921,BRA,TUN,8413
2766171,39,223,1631,2014,252398.0,2324.0,0.671395,1.024683,CAN,TUN,8413
2766172,41,223,1631,2014,274568.0,22490.0,2.2000919999999997,0.65398,CHE,TUN,8413
2766173,43,223,1631,2014,4509143.0,350234.0,1.187557,1.222085,CHN,TUN,8413
2766174,44,223,1631,2014,0.0,46635.0,-0.737625,-0.768728,CIV,TUN,8413
2766175,47,223,1631,2014,0.0,4698.0,-1.371624,-1.12468,COG,TUN,8413
2766176,49,223,1631,2014,6273.0,0.0,0.19864500000000002,-0.378364,COL,TUN,8413
2766177,58,223,1631,2014,13042.0,0.0,0.627467,0.483725,CYP,TUN,8413
2766178,59,223,1631,2014,95530.0,24778.0,1.8105830000000003,0.131131,CZE,TUN,8413
2766179,61,223,1631,2014,6402786.0,60327.0,2.052849,-2.888805,DEU,TUN,8413
2766180,64,223,1631,2014,190186.0,0.0,1.10869,1.245193,DNK,TUN,8413
2766181,66,223,1631,2014,0.0,2920757.0,-1.5554649999999999,-1.1657030000000002,DZA,TUN,8413
2766182,68,223,1631,2014,81510.0,42262.0,-0.086866,1.7419669999999998,EGY,TUN,8413
2766183,71,223,1631,2014,1654419.0,20705.0,0.842147,2.45692,ESP,TUN,8413
2766184,74,223,1631,2014,31369.0,0.0,1.626355,1.002923,FIN,TUN,8413
2766185,77,223,1631,2014,14568410.0,504604.0,1.4817790000000002,0.30995,FRA,TUN,8413
2766186,81,223,1631,2014,1466871.0,219078.0,1.697964,0.585372,GBR,TUN,8413
2766187,83,223,1631,2014,0.0,1566.0,-1.130226,-0.9909379999999999,GHA,TUN,8413
2766188,90,223,1631,2014,16652.0,0.0,0.149337,0.8560540000000001,GRC,TUN,8413
2766189,97,223,1631,2014,17127.0,3386.0,0.812132,1.722493,HKG,TUN,8413
2766190,100,223,1631,2014,5135.0,0.0,0.804401,1.250807,HRV,TUN,8413
2766191,102,223,1631,2014,62050.0,0.0,1.477093,0.812869,HUN,TUN,8413
2766192,103,223,1631,2014,2176.0,3009.0,-0.088032,1.3966459999999998,IDN,TUN,8413
2766193,104,223,1631,2014,329168.0,38561.0,0.262042,2.6305080000000003,IND,TUN,8413
2766194,106,223,1631,2014,179949.0,0.0,1.2658399999999999,0.278546,IRL,TUN,8413
2766195,108,223,1631,2014,0.0,1822.0,-2.9169,-0.882023,IRQ,TUN,8413
2766196,109,223,1631,2014,0.0,718.0,0.127891,-0.302014,ISL,TUN,8413
2766197,111,223,1631,2014,26791463.0,435024.0,1.340136,0.43931099999999995,ITA,TUN,8413
2766198,114,223,1631,2014,144016.0,0.0,2.403165,-0.635024,JPN,TUN,8413
2766199,121,223,1631,2014,89940.0,0.0,1.817145,0.8394530000000001,KOR,TUN,8413
2766200,122,223,1631,2014,0.0,4151.0,-0.769616,-1.10667,KWT,TUN,8413
2766201,126,223,1631,2014,0.0,1062633.0,-1.5943829999999999,-1.189961,LBY,TUN,8413
2766202,131,223,1631,2014,326273.0,0.0,1.243845,1.155474,LUX,TUN,8413
2766203,134,223,1631,2014,12705.0,76118.0,-0.574034,0.065788,MAR,TUN,8413
2766204,138,223,1631,2014,125723.0,20493.0,1.0799729999999998,0.697554,MEX,TUN,8413
2766205,142,223,1631,2014,65223.0,21322.0,0.817013,0.0016309999999999999,MLT,TUN,8413
2766206,147,223,1631,2014,0.0,1395.0,-1.1993610000000001,-1.040181,MOZ,TUN,8413
2766207,148,223,1631,2014,0.0,23699.0,-1.458551,-1.225373,MRT,TUN,8413
2766208,153,223,1631,2014,2354.0,0.0,1.018138,0.774649,MYS,TUN,8413
2766209,155,223,1631,2014,0.0,6605.0,-0.428227,-0.5632229999999999,NAM,TUN,8413
2766210,162,223,1631,2014,196476.0,225421.0,1.179325,1.355071,NLD,TUN,8413
2766211,163,223,1631,2014,13171.0,9516.0,0.9187049999999999,0.182685,NOR,TUN,8413
2766212,167,223,1631,2014,0.0,5439.0,-0.505129,-1.0051370000000002,OMN,TUN,8413
2766213,177,223,1631,2014,240090.0,20413.0,1.133102,1.177165,POL,TUN,8413
2766214,179,223,1631,2014,57852.0,4911.0,0.621053,2.349644,PRT,TUN,8413
2766215,183,223,1631,2014,0.0,33949.0,-0.37535599999999997,-1.0196370000000001,QAT,TUN,8413
2766216,185,223,1631,2014,833861.0,255087.0,0.9112,1.188161,ROU,TUN,8413
2766217,186,223,1631,2014,35949.0,0.0,0.229422,-0.214856,RUS,TUN,8413
2766218,188,223,1631,2014,0.0,1759434.0,0.5758439999999999,-0.832692,SAU,TUN,8413
2766219,191,223,1631,2014,0.0,5857.0,-0.502607,-0.08866,SEN,TUN,8413
2766220,192,223,1631,2014,610503.0,13623.0,1.867492,0.626736,SGP,TUN,8413
2766221,206,223,1631,2014,7767.0,0.0,1.334959,0.821253,SVK,TUN,8413
2766222,207,223,1631,2014,0.0,4628.0,1.6558669999999998,0.6814399999999999,SVN,TUN,8413
2766223,208,223,1631,2014,152555.0,15641.0,1.817752,0.558474,SWE,TUN,8413
2766224,214,223,1631,2014,0.0,2841.0,-2.012048,-0.921558,TCD,TUN,8413
2766225,215,223,1631,2014,0.0,74263.0,-0.524103,-0.537643,TGO,TUN,8413
2766226,216,223,1631,2014,174209.0,0.0,0.977094,1.41283,THA,TUN,8413
2766227,222,223,1631,2014,441853.0,0.0,-0.57362,-1.117545,TTO,TUN,8413
2766228,224,223,1631,2014,1923510.0,0.0,0.554761,2.385693,TUR,TUN,8413
2766229,228,223,1631,2014,0.0,986.0,0.566535,0.832267,UKR,TUN,8413
2766230,231,223,1631,2014,2343149.0,541944.0,1.61227,0.068905,USA,TUN,8413
2766231,240,223,1631,2014,0.0,173765.0,-1.21245,-0.941493,VUT,TUN,8413
2766232,243,223,1631,2014,0.0,96698.0,-1.2829190000000001,-1.227373,YEM,TUN,8413
2766233,246,223,1631,2014,1010.0,0.0,0.282927,1.723214,ZAF,TUN,8413
2766234,249,223,1631,2014,141540.0,0.0,1.9044189999999999,1.0595139999999998,TWN,TUN,8413
2766235,250,223,1631,2014,1216906.0,107745.0,0.506842,0.049545,ANS,TUN,8413
2766236,2,226,1631,2014,0.0,4596.0,-1.8184900000000002,-1.149191,AGO,TZA,8413
2766237,7,226,1631,2014,1969609.0,0.0,0.087775,-0.289459,ARE,TZA,8413
2766238,8,226,1631,2014,2084.0,0.0,0.10691500000000001,0.44860600000000006,ARG,TZA,8413
2766239,14,226,1631,2014,103077.0,0.0,-0.398273,-0.17128,AUS,TZA,8413
2766240,15,226,1631,2014,45903.0,0.0,1.7116790000000002,-0.140232,AUT,TZA,8413
2766241,17,226,1631,2014,0.0,5180.0,-0.242256,-0.8567879999999999,BDI,TZA,8413
2766242,18,226,1631,2014,915195.0,6062.0,1.234156,1.226441,BEL,TZA,8413
2766243,23,226,1631,2014,2984.0,0.0,0.579058,1.6558110000000001,BGR,TZA,8413
2766244,26,226,1631,2014,792.0,0.0,0.5083300000000001,0.711704,BIH,TZA,8413
2766245,32,226,1631,2014,94952.0,0.0,0.218223,0.556921,BRA,TZA,8413
2766246,37,226,1631,2014,0.0,1059.0,-0.60221,-1.104578,BWA,TZA,8413
2766247,39,226,1631,2014,122996.0,0.0,0.671395,1.024683,CAN,TZA,8413
2766248,41,226,1631,2014,11290.0,0.0,2.2000919999999997,0.65398,CHE,TZA,8413
2766249,42,226,1631,2014,12481.0,0.0,-0.344671,-0.43380799999999997,CHL,TZA,8413
2766250,43,226,1631,2014,14973800.0,77456.0,1.187557,1.222085,CHN,TZA,8413
2766251,44,226,1631,2014,0.0,9535.0,-0.737625,-0.768728,CIV,TZA,8413
2766252,46,226,1631,2014,0.0,17470.0,-1.6680240000000002,-1.1265129999999999,COD,TZA,8413
2766253,59,226,1631,2014,19106.0,0.0,1.8105830000000003,0.131131,CZE,TZA,8413
2766254,61,226,1631,2014,2353378.0,0.0,2.052849,-2.888805,DEU,TZA,8413
2766255,64,226,1631,2014,201647.0,0.0,1.10869,1.245193,DNK,TZA,8413
2766256,71,226,1631,2014,35600.0,0.0,0.842147,2.45692,ESP,TZA,8413
2766257,72,226,1631,2014,2620.0,0.0,0.9147780000000001,1.151556,EST,TZA,8413
2766258,73,226,1631,2014,34462.0,1989.0,-1.296535,-1.045942,ETH,TZA,8413
2766259,74,226,1631,2014,50549.0,0.0,1.626355,1.002923,FIN,TZA,8413
2766260,77,226,1631,2014,323902.0,0.0,1.4817790000000002,0.30995,FRA,TZA,8413
2766261,81,226,1631,2014,1795003.0,13740.0,1.697964,0.585372,GBR,TZA,8413
2766262,83,226,1631,2014,8770.0,0.0,-1.130226,-0.9909379999999999,GHA,TZA,8413
2766263,97,226,1631,2014,43869.0,950.0,0.812132,1.722493,HKG,TZA,8413
2766264,100,226,1631,2014,158170.0,0.0,0.804401,1.250807,HRV,TZA,8413
2766265,102,226,1631,2014,8127.0,0.0,1.477093,0.812869,HUN,TZA,8413
2766266,104,226,1631,2014,3743821.0,0.0,0.262042,2.6305080000000003,IND,TZA,8413
2766267,106,226,1631,2014,9951.0,0.0,1.2658399999999999,0.278546,IRL,TZA,8413
2766268,107,226,1631,2014,91443.0,0.0,-0.361058,-0.312743,IRN,TZA,8413
2766269,110,226,1631,2014,71969.0,0.0,1.211141,0.64523,ISR,TZA,8413
2766270,111,226,1631,2014,1494060.0,0.0,1.340136,0.43931099999999995,ITA,TZA,8413
2766271,114,226,1631,2014,288855.0,2016.0,2.403165,-0.635024,JPN,TZA,8413
2766272,115,226,1631,2014,0.0,2632.0,-0.210431,-0.574075,KAZ,TZA,8413
2766273,116,226,1631,2014,1660671.0,21043.0,-0.487058,0.307288,KEN,TZA,8413
2766274,121,226,1631,2014,34923.0,0.0,1.817145,0.8394530000000001,KOR,TZA,8413
2766275,122,226,1631,2014,21786.0,0.0,-0.769616,-1.10667,KWT,TZA,8413
2766276,124,226,1631,2014,1806.0,0.0,0.308677,1.7564490000000001,LBN,TZA,8413
2766277,131,226,1631,2014,5572.0,0.0,1.243845,1.155474,LUX,TZA,8413
2766278,136,226,1631,2014,1415.0,0.0,-1.002122,-0.44446,MDG,TZA,8413
2766279,138,226,1631,2014,49581.0,0.0,1.0799729999999998,0.697554,MEX,TZA,8413
2766280,147,226,1631,2014,3125.0,29623.0,-1.1993610000000001,-1.040181,MOZ,TZA,8413
2766281,148,226,1631,2014,0.0,744.0,-1.458551,-1.225373,MRT,TZA,8413
2766282,152,226,1631,2014,8885.0,0.0,-0.494204,-0.751903,MWI,TZA,8413
2766283,153,226,1631,2014,118601.0,3153.0,1.018138,0.774649,MYS,TZA,8413
2766284,155,226,1631,2014,0.0,14006.0,-0.428227,-0.5632229999999999,NAM,TZA,8413
2766285,162,226,1631,2014,520189.0,14727.0,1.179325,1.355071,NLD,TZA,8413
2766286,163,226,1631,2014,169475.0,1371.0,0.9187049999999999,0.182685,NOR,TZA,8413
2766287,166,226,1631,2014,13656.0,0.0,0.272502,0.21628699999999998,NZL,TZA,8413
2766288,167,226,1631,2014,11922.0,0.0,-0.505129,-1.0051370000000002,OMN,TZA,8413
2766289,168,226,1631,2014,18255.0,0.0,-0.672924,0.566787,PAK,TZA,8413
2766290,177,226,1631,2014,5949.0,0.0,1.133102,1.177165,POL,TZA,8413
2766291,179,226,1631,2014,1532.0,0.0,0.621053,2.349644,PRT,TZA,8413
2766292,188,226,1631,2014,5883.0,16246.0,0.5758439999999999,-0.832692,SAU,TZA,8413
2766293,191,226,1631,2014,0.0,11541.0,-0.502607,-0.08866,SEN,TZA,8413
2766294,192,226,1631,2014,43162.0,9404.0,1.867492,0.626736,SGP,TZA,8413
2766295,201,226,1631,2014,10169.0,0.0,0.551635,1.211535,SRB,TZA,8413
2766296,206,226,1631,2014,6356.0,0.0,1.334959,0.821253,SVK,TZA,8413
2766297,208,226,1631,2014,181895.0,34344.0,1.817752,0.558474,SWE,TZA,8413
2766298,216,226,1631,2014,29847.0,0.0,0.977094,1.41283,THA,TZA,8413
2766299,224,226,1631,2014,300190.0,0.0,0.554761,2.385693,TUR,TZA,8413
2766300,227,226,1631,2014,63882.0,80422.0,-0.46911800000000003,0.25446599999999997,UGA,TZA,8413
2766301,231,226,1631,2014,2921996.0,0.0,1.61227,0.068905,USA,TZA,8413
2766302,239,226,1631,2014,1100.0,0.0,-0.023765,1.344416,VNM,TZA,8413
2766303,246,226,1631,2014,7945031.0,43475.0,0.282927,1.723214,ZAF,TZA,8413
2766304,247,226,1631,2014,88269.0,47417.0,-0.664089,-0.793452,ZMB,TZA,8413
2766305,248,226,1631,2014,5229.0,0.0,-0.821369,-0.864232,ZWE,TZA,8413
2766306,249,226,1631,2014,210665.0,0.0,1.9044189999999999,1.0595139999999998,TWN,TZA,8413
2766307,7,227,1631,2014,248909.0,0.0,0.087775,-0.289459,ARE,UGA,8413
2766308,14,227,1631,2014,100428.0,0.0,-0.398273,-0.17128,AUS,UGA,8413
2766309,15,227,1631,2014,92784.0,0.0,1.7116790000000002,-0.140232,AUT,UGA,8413
2766310,17,227,1631,2014,0.0,7935.0,-0.242256,-0.8567879999999999,BDI,UGA,8413
2766311,18,227,1631,2014,62797.0,79122.0,1.234156,1.226441,BEL,UGA,8413
2766312,32,227,1631,2014,127673.0,3605.0,0.218223,0.556921,BRA,UGA,8413
2766313,39,227,1631,2014,5006.0,823.0,0.671395,1.024683,CAN,UGA,8413
2766314,41,227,1631,2014,19191.0,0.0,2.2000919999999997,0.65398,CHE,UGA,8413
2766315,43,227,1631,2014,1557993.0,0.0,1.187557,1.222085,CHN,UGA,8413
2766316,46,227,1631,2014,0.0,826972.0,-1.6680240000000002,-1.1265129999999999,COD,UGA,8413
2766317,59,227,1631,2014,7395.0,0.0,1.8105830000000003,0.131131,CZE,UGA,8413
2766318,61,227,1631,2014,305124.0,0.0,2.052849,-2.888805,DEU,UGA,8413
2766319,64,227,1631,2014,81954.0,0.0,1.10869,1.245193,DNK,UGA,8413
2766320,71,227,1631,2014,10682.0,0.0,0.842147,2.45692,ESP,UGA,8413
2766321,74,227,1631,2014,5319.0,0.0,1.626355,1.002923,FIN,UGA,8413
2766322,77,227,1631,2014,1005439.0,22190.0,1.4817790000000002,0.30995,FRA,UGA,8413
2766323,81,227,1631,2014,369355.0,19681.0,1.697964,0.585372,GBR,UGA,8413
2766324,97,227,1631,2014,26694.0,0.0,0.812132,1.722493,HKG,UGA,8413
2766325,104,227,1631,2014,2532919.0,0.0,0.262042,2.6305080000000003,IND,UGA,8413
2766326,108,227,1631,2014,0.0,126938.0,-2.9169,-0.882023,IRQ,UGA,8413
2766327,110,227,1631,2014,40475.0,0.0,1.211141,0.64523,ISR,UGA,8413
2766328,111,227,1631,2014,740587.0,0.0,1.340136,0.43931099999999995,ITA,UGA,8413
2766329,114,227,1631,2014,97458.0,0.0,2.403165,-0.635024,JPN,UGA,8413
2766330,116,227,1631,2014,398140.0,21467.0,-0.487058,0.307288,KEN,UGA,8413
2766331,121,227,1631,2014,1709.0,0.0,1.817145,0.8394530000000001,KOR,UGA,8413
2766332,124,227,1631,2014,17550.0,0.0,0.308677,1.7564490000000001,LBN,UGA,8413
2766333,128,227,1631,2014,1029.0,0.0,-0.49366899999999997,0.338686,LKA,UGA,8413
2766334,138,227,1631,2014,464.0,0.0,1.0799729999999998,0.697554,MEX,UGA,8413
2766335,152,227,1631,2014,102371.0,0.0,-0.494204,-0.751903,MWI,UGA,8413
2766336,153,227,1631,2014,10776.0,123819.0,1.018138,0.774649,MYS,UGA,8413
2766337,162,227,1631,2014,125198.0,0.0,1.179325,1.355071,NLD,UGA,8413
2766338,163,227,1631,2014,15615.0,0.0,0.9187049999999999,0.182685,NOR,UGA,8413
2766339,168,227,1631,2014,341.0,0.0,-0.672924,0.566787,PAK,UGA,8413
2766340,186,227,1631,2014,40740.0,0.0,0.229422,-0.214856,RUS,UGA,8413
2766341,187,227,1631,2014,485.0,57453.0,-0.5692659999999999,-0.447859,RWA,UGA,8413
2766342,190,227,1631,2014,1078.0,51753.0,-1.442381,-1.1155030000000001,SDN,UGA,8413
2766343,191,227,1631,2014,1904.0,0.0,-0.502607,-0.08866,SEN,UGA,8413
2766344,192,227,1631,2014,418.0,0.0,1.867492,0.626736,SGP,UGA,8413
2766345,199,227,1631,2014,0.0,1062.0,-1.41991,-1.010693,SOM,UGA,8413
2766346,202,227,1631,2014,31095.0,328383.0,-2.824279,-0.8767969999999999,SSD,UGA,8413
2766347,206,227,1631,2014,11446.0,0.0,1.334959,0.821253,SVK,UGA,8413
2766348,208,227,1631,2014,14746.0,1168.0,1.817752,0.558474,SWE,UGA,8413
2766349,224,227,1631,2014,26339.0,0.0,0.554761,2.385693,TUR,UGA,8413
2766350,226,227,1631,2014,80422.0,63882.0,-1.054331,0.166345,TZA,UGA,8413
2766351,228,227,1631,2014,0.0,29617.0,0.566535,0.832267,UKR,UGA,8413
2766352,231,227,1631,2014,188971.0,0.0,1.61227,0.068905,USA,UGA,8413
2766353,246,227,1631,2014,413290.0,8740.0,0.282927,1.723214,ZAF,UGA,8413
2766354,249,227,1631,2014,1079.0,0.0,1.9044189999999999,1.0595139999999998,TWN,UGA,8413
2766355,39,229,1631,2014,6175.0,0.0,0.671395,1.024683,CAN,UMI,8413
2766356,81,229,1631,2014,0.0,6603.0,1.697964,0.585372,GBR,UMI,8413
2766357,104,229,1631,2014,0.0,3664.0,0.262042,2.6305080000000003,IND,UMI,8413
2766358,106,229,1631,2014,11081.0,0.0,1.2658399999999999,0.278546,IRL,UMI,8413
2766359,192,229,1631,2014,0.0,82922.0,1.867492,0.626736,SGP,UMI,8413
2766360,13,234,1631,2014,2987.0,0.0,0.169764,-0.621576,ATG,VCT,8413
2766361,33,234,1631,2014,2836.0,0.0,0.44968400000000003,-0.15268900000000002,BRB,VCT,8413
2766362,39,234,1631,2014,3619.0,0.0,0.671395,1.024683,CAN,VCT,8413
2766363,43,234,1631,2014,7719.0,0.0,1.187557,1.222085,CHN,VCT,8413
2766364,61,234,1631,2014,96250.0,0.0,2.052849,-2.888805,DEU,VCT,8413
2766365,65,234,1631,2014,872.0,0.0,-0.180845,0.508512,DOM,VCT,8413
2766366,72,234,1631,2014,20925.0,0.0,0.9147780000000001,1.151556,EST,VCT,8413
2766367,81,234,1631,2014,108444.0,679.0,1.697964,0.585372,GBR,VCT,8413
2766368,110,234,1631,2014,1672.0,0.0,1.211141,0.64523,ISR,VCT,8413
2766369,111,234,1631,2014,15176.0,0.0,1.340136,0.43931099999999995,ITA,VCT,8413
2766370,114,234,1631,2014,8950.0,0.0,2.403165,-0.635024,JPN,VCT,8413
2766371,127,234,1631,2014,1375.0,0.0,0.29035500000000003,-0.603541,LCA,VCT,8413
2766372,162,234,1631,2014,20713.0,0.0,1.179325,1.355071,NLD,VCT,8413
2766373,169,234,1631,2014,748.0,0.0,0.771742,0.9873190000000001,PAN,VCT,8413
2766374,177,234,1631,2014,7761.0,3056.0,1.133102,1.177165,POL,VCT,8413
2766375,190,234,1631,2014,0.0,264457.0,-1.442381,-1.1155030000000001,SDN,VCT,8413
2766376,208,234,1631,2014,1101.0,0.0,1.817752,0.558474,SWE,VCT,8413
2766377,222,234,1631,2014,19210.0,5305.0,-0.57362,-1.117545,TTO,VCT,8413
2766378,231,234,1631,2014,627062.0,7373.0,1.61227,0.068905,USA,VCT,8413
2766379,236,234,1631,2014,12891.0,0.0,-0.582086,-1.081727,VEN,VCT,8413
2766380,2,237,1631,2014,0.0,52187.0,-1.8184900000000002,-1.149191,AGO,VGB,8413
2766381,7,237,1631,2014,8186.0,0.0,0.087775,-0.289459,ARE,VGB,8413
2766382,15,237,1631,2014,36760.0,0.0,1.7116790000000002,-0.140232,AUT,VGB,8413
2766383,39,237,1631,2014,32061.0,0.0,0.671395,1.024683,CAN,VGB,8413
2766384,41,237,1631,2014,1787367.0,0.0,2.2000919999999997,0.65398,CHE,VGB,8413
2766385,59,237,1631,2014,2935.0,0.0,1.8105830000000003,0.131131,CZE,VGB,8413
2766386,61,237,1631,2014,77715.0,0.0,2.052849,-2.888805,DEU,VGB,8413
2766387,64,237,1631,2014,15401.0,0.0,1.10869,1.245193,DNK,VGB,8413
2766388,71,237,1631,2014,160929.0,0.0,0.842147,2.45692,ESP,VGB,8413
2766389,77,237,1631,2014,7217.0,0.0,1.4817790000000002,0.30995,FRA,VGB,8413
2766390,81,237,1631,2014,478975.0,0.0,1.697964,0.585372,GBR,VGB,8413
2766391,100,237,1631,2014,20190.0,0.0,0.804401,1.250807,HRV,VGB,8413
2766392,111,237,1631,2014,8656.0,2154.0,1.340136,0.43931099999999995,ITA,VGB,8413
2766393,112,237,1631,2014,0.0,1136166.0,-0.42745299999999997,-0.7750130000000001,JAM,VGB,8413
2766394,132,237,1631,2014,7290.0,0.0,0.613116,1.1899790000000001,LVA,VGB,8413
2766395,162,237,1631,2014,949698.0,0.0,1.179325,1.355071,NLD,VGB,8413
2766396,163,237,1631,2014,112943.0,0.0,0.9187049999999999,0.182685,NOR,VGB,8413
2766397,173,237,1631,2014,28025.0,0.0,-0.557833,0.611826,PER,VGB,8413
2766398,186,237,1631,2014,0.0,50737.0,0.229422,-0.214856,RUS,VGB,8413
2766399,231,237,1631,2014,1423459.0,7110.0,1.61227,0.068905,USA,VGB,8413
2766400,246,237,1631,2014,0.0,9223.0,0.282927,1.723214,ZAF,VGB,8413
2766401,2,239,1631,2014,0.0,71654.0,-1.8184900000000002,-1.149191,AGO,VNM,8413
2766402,7,239,1631,2014,113938.0,58000.0,0.087775,-0.289459,ARE,VNM,8413
2766403,8,239,1631,2014,0.0,8595.0,0.10691500000000001,0.44860600000000006,ARG,VNM,8413
2766404,14,239,1631,2014,6726936.0,607669.0,-0.398273,-0.17128,AUS,VNM,8413
2766405,15,239,1631,2014,1615783.0,3463.0,1.7116790000000002,-0.140232,AUT,VNM,8413
2766406,18,239,1631,2014,7485399.0,200324.0,1.234156,1.226441,BEL,VNM,8413
2766407,22,239,1631,2014,0.0,5860.0,-1.0341879999999999,-0.9614870000000001,BGD,VNM,8413
2766408,23,239,1631,2014,20256.0,0.0,0.579058,1.6558110000000001,BGR,VNM,8413
2766409,28,239,1631,2014,163094.0,0.0,0.874108,0.676231,BLR,VNM,8413
2766410,32,239,1631,2014,5865.0,2551.0,0.218223,0.556921,BRA,VNM,8413
2766411,39,239,1631,2014,398092.0,565379.0,0.671395,1.024683,CAN,VNM,8413
2766412,41,239,1631,2014,450515.0,4345.0,2.2000919999999997,0.65398,CHE,VNM,8413
2766413,42,239,1631,2014,4816.0,79556.0,-0.344671,-0.43380799999999997,CHL,VNM,8413
2766414,43,239,1631,2014,277904047.0,2803898.0,1.187557,1.222085,CHN,VNM,8413
2766415,44,239,1631,2014,0.0,2461.0,-0.737625,-0.768728,CIV,VNM,8413
2766416,47,239,1631,2014,0.0,1179.0,-1.371624,-1.12468,COG,VNM,8413
2766417,49,239,1631,2014,12701.0,10015.0,0.19864500000000002,-0.378364,COL,VNM,8413
2766418,52,239,1631,2014,11726.0,0.0,0.065938,-0.687971,CRI,VNM,8413
2766419,59,239,1631,2014,312845.0,0.0,1.8105830000000003,0.131131,CZE,VNM,8413
2766420,61,239,1631,2014,13408658.0,2442291.0,2.052849,-2.888805,DEU,VNM,8413
2766421,64,239,1631,2014,951547.0,1170.0,1.10869,1.245193,DNK,VNM,8413
2766422,65,239,1631,2014,3575.0,0.0,-0.180845,0.508512,DOM,VNM,8413
2766423,67,239,1631,2014,0.0,2059.0,-1.066865,-1.052921,ECU,VNM,8413
2766424,68,239,1631,2014,0.0,61960.0,-0.086866,1.7419669999999998,EGY,VNM,8413
2766425,71,239,1631,2014,1196378.0,41922.0,0.842147,2.45692,ESP,VNM,8413
2766426,72,239,1631,2014,10074.0,0.0,0.9147780000000001,1.151556,EST,VNM,8413
2766427,74,239,1631,2014,151445.0,2335.0,1.626355,1.002923,FIN,VNM,8413
2766428,77,239,1631,2014,3844181.0,116112.0,1.4817790000000002,0.30995,FRA,VNM,8413
2766429,81,239,1631,2014,4080585.0,72659.0,1.697964,0.585372,GBR,VNM,8413
2766430,82,239,1631,2014,217581.0,0.0,-0.254106,-0.646584,GEO,VNM,8413
2766431,90,239,1631,2014,6752.0,5322.0,0.149337,0.8560540000000001,GRC,VNM,8413
2766432,97,239,1631,2014,186385.0,125879.0,0.812132,1.722493,HKG,VNM,8413
2766433,99,239,1631,2014,0.0,1497.0,-0.467004,0.045511,HND,VNM,8413
2766434,100,239,1631,2014,4103.0,0.0,0.804401,1.250807,HRV,VNM,8413
2766435,102,239,1631,2014,120718.0,0.0,1.477093,0.812869,HUN,VNM,8413
2766436,103,239,1631,2014,16796722.0,2008406.0,-0.088032,1.3966459999999998,IDN,VNM,8413
2766437,104,239,1631,2014,1521184.0,82819.0,0.262042,2.6305080000000003,IND,VNM,8413
2766438,106,239,1631,2014,350018.0,0.0,1.2658399999999999,0.278546,IRL,VNM,8413
2766439,107,239,1631,2014,0.0,1446.0,-0.361058,-0.312743,IRN,VNM,8413
2766440,108,239,1631,2014,0.0,11630.0,-2.9169,-0.882023,IRQ,VNM,8413
2766441,110,239,1631,2014,176649.0,26808.0,1.211141,0.64523,ISR,VNM,8413
2766442,111,239,1631,2014,7332240.0,1031425.0,1.340136,0.43931099999999995,ITA,VNM,8413
2766443,114,239,1631,2014,27886608.0,15151165.0,2.403165,-0.635024,JPN,VNM,8413
2766444,118,239,1631,2014,0.0,1186870.0,-0.84072,-0.8307040000000001,KHM,VNM,8413
2766445,121,239,1631,2014,20057666.0,1483654.0,1.817145,0.8394530000000001,KOR,VNM,8413
2766446,122,239,1631,2014,0.0,11204.0,-0.769616,-1.10667,KWT,VNM,8413
2766447,123,239,1631,2014,0.0,804062.0,-1.054294,-0.869916,LAO,VNM,8413
2766448,124,239,1631,2014,0.0,2112.0,0.308677,1.7564490000000001,LBN,VNM,8413
2766449,128,239,1631,2014,0.0,298240.0,-0.49366899999999997,0.338686,LKA,VNM,8413
2766450,131,239,1631,2014,682503.0,0.0,1.243845,1.155474,LUX,VNM,8413
2766451,132,239,1631,2014,46691.0,0.0,0.613116,1.1899790000000001,LVA,VNM,8413
2766452,135,239,1631,2014,36100.0,0.0,-0.10438199999999999,-0.093194,MDA,VNM,8413
2766453,138,239,1631,2014,125296.0,4421863.0,1.0799729999999998,0.697554,MEX,VNM,8413
2766454,143,239,1631,2014,0.0,284875.0,-1.5332459999999999,-1.145973,MMR,VNM,8413
2766455,147,239,1631,2014,0.0,25534.0,-1.1993610000000001,-1.040181,MOZ,VNM,8413
2766456,153,239,1631,2014,1885327.0,1909137.0,1.018138,0.774649,MYS,VNM,8413
2766457,159,239,1631,2014,0.0,25590.0,-1.2126430000000001,-1.059697,NGA,VNM,8413
2766458,160,239,1631,2014,0.0,2154.0,-0.938269,-0.839066,NIC,VNM,8413
2766459,162,239,1631,2014,3057451.0,117561.0,1.179325,1.355071,NLD,VNM,8413
2766460,163,239,1631,2014,15897923.0,2981.0,0.9187049999999999,0.182685,NOR,VNM,8413
2766461,166,239,1631,2014,10108.0,412831.0,0.272502,0.21628699999999998,NZL,VNM,8413
2766462,169,239,1631,2014,0.0,62467.0,0.771742,0.9873190000000001,PAN,VNM,8413
2766463,173,239,1631,2014,0.0,10383.0,-0.557833,0.611826,PER,VNM,8413
2766464,174,239,1631,2014,708606.0,667854.0,0.637442,0.475883,PHL,VNM,8413
2766465,176,239,1631,2014,0.0,1677.0,-1.564904,-1.146255,PNG,VNM,8413
2766466,177,239,1631,2014,514976.0,2517.0,1.133102,1.177165,POL,VNM,8413
2766467,179,239,1631,2014,3130.0,0.0,0.621053,2.349644,PRT,VNM,8413
2766468,183,239,1631,2014,0.0,1552.0,-0.37535599999999997,-1.0196370000000001,QAT,VNM,8413
2766469,185,239,1631,2014,88884.0,0.0,0.9112,1.188161,ROU,VNM,8413
2766470,186,239,1631,2014,1100873.0,136811.0,0.229422,-0.214856,RUS,VNM,8413
2766471,188,239,1631,2014,0.0,2077.0,0.5758439999999999,-0.832692,SAU,VNM,8413
2766472,190,239,1631,2014,0.0,911.0,-1.442381,-1.1155030000000001,SDN,VNM,8413
2766473,192,239,1631,2014,12793390.0,1684073.0,1.867492,0.626736,SGP,VNM,8413
2766474,206,239,1631,2014,23319.0,13752.0,1.334959,0.821253,SVK,VNM,8413
2766475,208,239,1631,2014,1439465.0,112141.0,1.817752,0.558474,SWE,VNM,8413
2766476,216,239,1631,2014,14415480.0,9461666.0,0.977094,1.41283,THA,VNM,8413
2766477,224,239,1631,2014,275796.0,923566.0,0.554761,2.385693,TUR,VNM,8413
2766478,226,239,1631,2014,0.0,1100.0,-1.054331,0.166345,TZA,VNM,8413
2766479,228,239,1631,2014,518128.0,0.0,0.566535,0.832267,UKR,VNM,8413
2766480,231,239,1631,2014,14970433.0,15649811.0,1.61227,0.068905,USA,VNM,8413
2766481,243,239,1631,2014,0.0,105723.0,-1.2829190000000001,-1.227373,YEM,VNM,8413
2766482,246,239,1631,2014,182250.0,29616.0,0.282927,1.723214,ZAF,VNM,8413
2766483,249,239,1631,2014,21747796.0,2660809.0,1.9044189999999999,1.0595139999999998,TWN,VNM,8413
2766484,250,239,1631,2014,891561.0,8742.0,0.506842,0.049545,ANS,VNM,8413
2766485,14,242,1631,2014,452897.0,0.0,-0.398273,-0.17128,AUS,WSM,8413
2766486,32,242,1631,2014,643747.0,0.0,0.218223,0.556921,BRA,WSM,8413
2766487,43,242,1631,2014,38635.0,0.0,1.187557,1.222085,CHN,WSM,8413
2766488,75,242,1631,2014,24485.0,0.0,-0.306346,-0.07688500000000001,FJI,WSM,8413
2766489,103,242,1631,2014,0.0,5181.0,-0.088032,1.3966459999999998,IDN,WSM,8413
2766490,114,242,1631,2014,114974.0,6868.0,2.403165,-0.635024,JPN,WSM,8413
2766491,153,242,1631,2014,1889.0,0.0,1.018138,0.774649,MYS,WSM,8413
2766492,166,242,1631,2014,505186.0,536.0,0.272502,0.21628699999999998,NZL,WSM,8413
2766493,192,242,1631,2014,3276.0,0.0,1.867492,0.626736,SGP,WSM,8413
2766494,231,242,1631,2014,82245.0,0.0,1.61227,0.068905,USA,WSM,8413
2766495,2,247,1631,2014,34752.0,0.0,-1.8184900000000002,-1.149191,AGO,ZMB,8413
2766496,5,247,1631,2014,7519.0,0.0,0.533246,-0.41617,AND,ZMB,8413
2766497,7,247,1631,2014,381748.0,0.0,0.087775,-0.289459,ARE,ZMB,8413
2766498,14,247,1631,2014,530796.0,0.0,-0.398273,-0.17128,AUS,ZMB,8413
2766499,15,247,1631,2014,155824.0,0.0,1.7116790000000002,-0.140232,AUT,ZMB,8413
2766500,18,247,1631,2014,120383.0,0.0,1.234156,1.226441,BEL,ZMB,8413
2766501,32,247,1631,2014,24102.0,0.0,0.218223,0.556921,BRA,ZMB,8413
2766502,37,247,1631,2014,107848.0,152256.0,-0.60221,-1.104578,BWA,ZMB,8413
2766503,39,247,1631,2014,106181.0,3191.0,0.671395,1.024683,CAN,ZMB,8413
2766504,41,247,1631,2014,189782.0,0.0,2.2000919999999997,0.65398,CHE,ZMB,8413
2766505,43,247,1631,2014,8671179.0,0.0,1.187557,1.222085,CHN,ZMB,8413
2766506,46,247,1631,2014,18742.0,10316647.0,-1.6680240000000002,-1.1265129999999999,COD,ZMB,8413
2766507,47,247,1631,2014,0.0,3232.0,-1.371624,-1.12468,COG,ZMB,8413
2766508,49,247,1631,2014,37952.0,0.0,0.19864500000000002,-0.378364,COL,ZMB,8413
2766509,61,247,1631,2014,2466349.0,0.0,2.052849,-2.888805,DEU,ZMB,8413
2766510,64,247,1631,2014,45169.0,0.0,1.10869,1.245193,DNK,ZMB,8413
2766511,68,247,1631,2014,0.0,967.0,-0.086866,1.7419669999999998,EGY,ZMB,8413
2766512,71,247,1631,2014,207880.0,0.0,0.842147,2.45692,ESP,ZMB,8413
2766513,73,247,1631,2014,10819.0,55117.0,-1.296535,-1.045942,ETH,ZMB,8413
2766514,74,247,1631,2014,47612.0,0.0,1.626355,1.002923,FIN,ZMB,8413
2766515,77,247,1631,2014,663172.0,0.0,1.4817790000000002,0.30995,FRA,ZMB,8413
2766516,81,247,1631,2014,2483393.0,75551.0,1.697964,0.585372,GBR,ZMB,8413
2766517,83,247,1631,2014,1530.0,0.0,-1.130226,-0.9909379999999999,GHA,ZMB,8413
2766518,97,247,1631,2014,197740.0,0.0,0.812132,1.722493,HKG,ZMB,8413
2766519,104,247,1631,2014,3407280.0,1176.0,0.262042,2.6305080000000003,IND,ZMB,8413
2766520,106,247,1631,2014,246663.0,0.0,1.2658399999999999,0.278546,IRL,ZMB,8413
2766521,109,247,1631,2014,35015.0,0.0,0.127891,-0.302014,ISL,ZMB,8413
2766522,110,247,1631,2014,4293.0,0.0,1.211141,0.64523,ISR,ZMB,8413
2766523,111,247,1631,2014,1608234.0,0.0,1.340136,0.43931099999999995,ITA,ZMB,8413
2766524,114,247,1631,2014,41840.0,701.0,2.403165,-0.635024,JPN,ZMB,8413
2766525,116,247,1631,2014,1133990.0,42804.0,-0.487058,0.307288,KEN,ZMB,8413
2766526,118,247,1631,2014,1682.0,0.0,-0.84072,-0.8307040000000001,KHM,ZMB,8413
2766527,121,247,1631,2014,931.0,0.0,1.817145,0.8394530000000001,KOR,ZMB,8413
2766528,124,247,1631,2014,4765.0,0.0,0.308677,1.7564490000000001,LBN,ZMB,8413
2766529,130,247,1631,2014,8976.0,0.0,0.764495,1.3451540000000002,LTU,ZMB,8413
2766530,136,247,1631,2014,0.0,1012.0,-1.002122,-0.44446,MDG,ZMB,8413
2766531,151,247,1631,2014,65854.0,0.0,-0.029891,-0.12431099999999999,MUS,ZMB,8413
2766532,152,247,1631,2014,118033.0,15538.0,-0.494204,-0.751903,MWI,ZMB,8413
2766533,153,247,1631,2014,4793.0,0.0,1.018138,0.774649,MYS,ZMB,8413
2766534,155,247,1631,2014,36977.0,4650.0,-0.428227,-0.5632229999999999,NAM,ZMB,8413
2766535,162,247,1631,2014,281539.0,0.0,1.179325,1.355071,NLD,ZMB,8413
2766536,166,247,1631,2014,861.0,0.0,0.272502,0.21628699999999998,NZL,ZMB,8413
2766537,173,247,1631,2014,2589.0,0.0,-0.557833,0.611826,PER,ZMB,8413
2766538,177,247,1631,2014,180824.0,0.0,1.133102,1.177165,POL,ZMB,8413
2766539,178,247,1631,2014,3788.0,0.0,-0.23883000000000001,-0.009727,PRK,ZMB,8413
2766540,179,247,1631,2014,9792.0,1384.0,0.621053,2.349644,PRT,ZMB,8413
2766541,187,247,1631,2014,0.0,4044.0,-0.5692659999999999,-0.447859,RWA,ZMB,8413
2766542,188,247,1631,2014,2695.0,0.0,0.5758439999999999,-0.832692,SAU,ZMB,8413
2766543,192,247,1631,2014,158045.0,0.0,1.867492,0.626736,SGP,ZMB,8413
2766544,208,247,1631,2014,1672770.0,49914.0,1.817752,0.558474,SWE,ZMB,8413
2766545,209,247,1631,2014,13591.0,2011.0,0.22972199999999998,-0.365564,SWZ,ZMB,8413
2766546,211,247,1631,2014,97939.0,0.0,0.358111,-0.484879,SYC,ZMB,8413
2766547,216,247,1631,2014,5496.0,0.0,0.977094,1.41283,THA,ZMB,8413
2766548,224,247,1631,2014,21633.0,0.0,0.554761,2.385693,TUR,ZMB,8413
2766549,226,247,1631,2014,47417.0,88269.0,-1.054331,0.166345,TZA,ZMB,8413
2766550,231,247,1631,2014,1265477.0,19385.0,1.61227,0.068905,USA,ZMB,8413
2766551,246,247,1631,2014,55998581.0,775488.0,0.282927,1.723214,ZAF,ZMB,8413
2766552,248,247,1631,2014,19616.0,182390.0,-0.821369,-0.864232,ZWE,ZMB,8413
2766553,249,247,1631,2014,30089.0,0.0,1.9044189999999999,1.0595139999999998,TWN,ZMB,8413
2766554,2,248,1631,2014,0.0,1799.0,-1.8184900000000002,-1.149191,AGO,ZWE,8413
2766555,7,248,1631,2014,271986.0,0.0,0.087775,-0.289459,ARE,ZWE,8413
2766556,14,248,1631,2014,2535.0,0.0,-0.398273,-0.17128,AUS,ZWE,8413
2766557,15,248,1631,2014,29002.0,0.0,1.7116790000000002,-0.140232,AUT,ZWE,8413
2766558,18,248,1631,2014,9386.0,0.0,1.234156,1.226441,BEL,ZWE,8413
2766559,32,248,1631,2014,3966539.0,0.0,0.218223,0.556921,BRA,ZWE,8413
2766560,37,248,1631,2014,52402.0,801.0,-0.60221,-1.104578,BWA,ZWE,8413
2766561,39,248,1631,2014,12919.0,0.0,0.671395,1.024683,CAN,ZWE,8413
2766562,41,248,1631,2014,7594.0,0.0,2.2000919999999997,0.65398,CHE,ZWE,8413
2766563,43,248,1631,2014,5265676.0,0.0,1.187557,1.222085,CHN,ZWE,8413
2766564,45,248,1631,2014,0.0,6040.0,-0.6723520000000001,-0.945084,CMR,ZWE,8413
2766565,61,248,1631,2014,310972.0,0.0,2.052849,-2.888805,DEU,ZWE,8413
2766566,64,248,1631,2014,14407.0,0.0,1.10869,1.245193,DNK,ZWE,8413
2766567,68,248,1631,2014,144073.0,0.0,-0.086866,1.7419669999999998,EGY,ZWE,8413
2766568,71,248,1631,2014,186644.0,0.0,0.842147,2.45692,ESP,ZWE,8413
2766569,74,248,1631,2014,46737.0,0.0,1.626355,1.002923,FIN,ZWE,8413
2766570,77,248,1631,2014,132516.0,0.0,1.4817790000000002,0.30995,FRA,ZWE,8413
2766571,81,248,1631,2014,133926.0,0.0,1.697964,0.585372,GBR,ZWE,8413
2766572,97,248,1631,2014,601214.0,0.0,0.812132,1.722493,HKG,ZWE,8413
2766573,104,248,1631,2014,1907999.0,0.0,0.262042,2.6305080000000003,IND,ZWE,8413
2766574,106,248,1631,2014,140272.0,0.0,1.2658399999999999,0.278546,IRL,ZWE,8413
2766575,111,248,1631,2014,731186.0,20707.0,1.340136,0.43931099999999995,ITA,ZWE,8413
2766576,114,248,1631,2014,16974.0,0.0,2.403165,-0.635024,JPN,ZWE,8413
2766577,116,248,1631,2014,9800.0,0.0,-0.487058,0.307288,KEN,ZWE,8413
2766578,121,248,1631,2014,58757.0,0.0,1.817145,0.8394530000000001,KOR,ZWE,8413
2766579,147,248,1631,2014,1014.0,6199.0,-1.1993610000000001,-1.040181,MOZ,ZWE,8413
2766580,151,248,1631,2014,28900.0,0.0,-0.029891,-0.12431099999999999,MUS,ZWE,8413
2766581,152,248,1631,2014,11963.0,3431.0,-0.494204,-0.751903,MWI,ZWE,8413
2766582,155,248,1631,2014,9975.0,0.0,-0.428227,-0.5632229999999999,NAM,ZWE,8413
2766583,162,248,1631,2014,28661.0,6991.0,1.179325,1.355071,NLD,ZWE,8413
2766584,166,248,1631,2014,1803.0,0.0,0.272502,0.21628699999999998,NZL,ZWE,8413
2766585,168,248,1631,2014,460.0,0.0,-0.672924,0.566787,PAK,ZWE,8413
2766586,177,248,1631,2014,24938.0,0.0,1.133102,1.177165,POL,ZWE,8413
2766587,192,248,1631,2014,5557.0,0.0,1.867492,0.626736,SGP,ZWE,8413
2766588,208,248,1631,2014,146113.0,0.0,1.817752,0.558474,SWE,ZWE,8413
2766589,209,248,1631,2014,1305.0,0.0,0.22972199999999998,-0.365564,SWZ,ZWE,8413
2766590,216,248,1631,2014,406.0,0.0,0.977094,1.41283,THA,ZWE,8413
2766591,224,248,1631,2014,13431.0,0.0,0.554761,2.385693,TUR,ZWE,8413
2766592,226,248,1631,2014,0.0,5229.0,-1.054331,0.166345,TZA,ZWE,8413
2766593,231,248,1631,2014,166399.0,0.0,1.61227,0.068905,USA,ZWE,8413
2766594,246,248,1631,2014,16819151.0,37791.0,0.282927,1.723214,ZAF,ZWE,8413
2766595,247,248,1631,2014,182390.0,19616.0,-0.664089,-0.793452,ZMB,ZWE,8413
2766596,249,248,1631,2014,4519.0,0.0,1.9044189999999999,1.0595139999999998,TWN,ZWE,8413
2766597,250,248,1631,2014,1348.0,0.0,0.506842,0.049545,ANS,ZWE,8413
2766598,14,96,1631,2014,538355.0,0.0,-0.398273,-0.17128,AUS,GUY,8413
2766599,18,96,1631,2014,826.0,0.0,1.234156,1.226441,BEL,GUY,8413
2766600,32,96,1631,2014,956304.0,0.0,0.218223,0.556921,BRA,GUY,8413
2766601,33,96,1631,2014,7167.0,1927.0,0.44968400000000003,-0.15268900000000002,BRB,GUY,8413
2766602,39,96,1631,2014,116635.0,0.0,0.671395,1.024683,CAN,GUY,8413
2766603,41,96,1631,2014,1752.0,0.0,2.2000919999999997,0.65398,CHE,GUY,8413
2766604,42,96,1631,2014,247721.0,0.0,-0.344671,-0.43380799999999997,CHL,GUY,8413
2766605,43,96,1631,2014,2141516.0,0.0,1.187557,1.222085,CHN,GUY,8413
2766606,55,96,1631,2014,1070.0,0.0,-0.00902,-0.683643,CUW,GUY,8413
2766607,61,96,1631,2014,68218.0,0.0,2.052849,-2.888805,DEU,GUY,8413
2766608,64,96,1631,2014,13775.0,0.0,1.10869,1.245193,DNK,GUY,8413
2766609,65,96,1631,2014,3377.0,0.0,-0.180845,0.508512,DOM,GUY,8413
2766610,71,96,1631,2014,21440.0,0.0,0.842147,2.45692,ESP,GUY,8413
2766611,77,96,1631,2014,23670.0,3564.0,1.4817790000000002,0.30995,FRA,GUY,8413
2766612,81,96,1631,2014,131703.0,0.0,1.697964,0.585372,GBR,GUY,8413
2766613,103,96,1631,2014,200952.0,0.0,-0.088032,1.3966459999999998,IDN,GUY,8413
2766614,104,96,1631,2014,1763768.0,6387.0,0.262042,2.6305080000000003,IND,GUY,8413
2766615,111,96,1631,2014,42925.0,0.0,1.340136,0.43931099999999995,ITA,GUY,8413
2766616,112,96,1631,2014,0.0,8134.0,-0.42745299999999997,-0.7750130000000001,JAM,GUY,8413
2766617,114,96,1631,2014,42091.0,0.0,2.403165,-0.635024,JPN,GUY,8413
2766618,121,96,1631,2014,72638.0,0.0,1.817145,0.8394530000000001,KOR,GUY,8413
2766619,138,96,1631,2014,26517.0,0.0,1.0799729999999998,0.697554,MEX,GUY,8413
2766620,153,96,1631,2014,88900.0,0.0,1.018138,0.774649,MYS,GUY,8413
2766621,162,96,1631,2014,365735.0,0.0,1.179325,1.355071,NLD,GUY,8413
2766622,168,96,1631,2014,13776.0,0.0,-0.672924,0.566787,PAK,GUY,8413
2766623,169,96,1631,2014,112115.0,0.0,0.771742,0.9873190000000001,PAN,GUY,8413
2766624,177,96,1631,2014,28362.0,0.0,1.133102,1.177165,POL,GUY,8413
2766625,178,96,1631,2014,87312.0,0.0,-0.23883000000000001,-0.009727,PRK,GUY,8413
2766626,186,96,1631,2014,2261.0,0.0,0.229422,-0.214856,RUS,GUY,8413
2766627,192,96,1631,2014,7029.0,0.0,1.867492,0.626736,SGP,GUY,8413
2766628,205,96,1631,2014,41067.0,25256.0,-0.6333989999999999,-0.857643,SUR,GUY,8413
2766629,208,96,1631,2014,43371.0,0.0,1.817752,0.558474,SWE,GUY,8413
2766630,209,96,1631,2014,2606.0,0.0,0.22972199999999998,-0.365564,SWZ,GUY,8413
2766631,216,96,1631,2014,4949.0,0.0,0.977094,1.41283,THA,GUY,8413
2766632,222,96,1631,2014,90848.0,0.0,-0.57362,-1.117545,TTO,GUY,8413
2766633,224,96,1631,2014,6983.0,0.0,0.554761,2.385693,TUR,GUY,8413
2766634,228,96,1631,2014,558.0,0.0,0.566535,0.832267,UKR,GUY,8413
2766635,231,96,1631,2014,3254848.0,365121.0,1.61227,0.068905,USA,GUY,8413
2766636,236,96,1631,2014,0.0,5692.0,-0.582086,-1.081727,VEN,GUY,8413
2766637,246,96,1631,2014,9935.0,0.0,0.282927,1.723214,ZAF,GUY,8413
2766638,249,96,1631,2014,12695.0,0.0,1.9044189999999999,1.0595139999999998,TWN,GUY,8413
2766639,15,127,1631,2014,4744.0,0.0,1.7116790000000002,-0.140232,AUT,LCA,8413
2766640,18,127,1631,2014,6072.0,0.0,1.234156,1.226441,BEL,LCA,8413
2766641,32,127,1631,2014,1569.0,0.0,0.218223,0.556921,BRA,LCA,8413
2766642,33,127,1631,2014,20355.0,0.0,0.44968400000000003,-0.15268900000000002,BRB,LCA,8413
2766643,39,127,1631,2014,5742.0,224.0,0.671395,1.024683,CAN,LCA,8413
2766644,43,127,1631,2014,81012.0,0.0,1.187557,1.222085,CHN,LCA,8413
2766645,61,127,1631,2014,96971.0,0.0,2.052849,-2.888805,DEU,LCA,8413
2766646,64,127,1631,2014,5476.0,0.0,1.10869,1.245193,DNK,LCA,8413
2766647,71,127,1631,2014,11300.0,0.0,0.842147,2.45692,ESP,LCA,8413
2766648,77,127,1631,2014,21730.0,0.0,1.4817790000000002,0.30995,FRA,LCA,8413
2766649,81,127,1631,2014,156741.0,0.0,1.697964,0.585372,GBR,LCA,8413
2766650,91,127,1631,2014,0.0,1231.0,-0.184151,-0.7291270000000001,GRD,LCA,8413
2766651,106,127,1631,2014,973.0,0.0,1.2658399999999999,0.278546,IRL,LCA,8413
2766652,111,127,1631,2014,124637.0,0.0,1.340136,0.43931099999999995,ITA,LCA,8413
2766653,112,127,1631,2014,22444.0,0.0,-0.42745299999999997,-0.7750130000000001,JAM,LCA,8413
2766654,114,127,1631,2014,12807.0,0.0,2.403165,-0.635024,JPN,LCA,8413
2766655,120,127,1631,2014,515.0,0.0,0.9888950000000001,-0.28283800000000003,KNA,LCA,8413
2766656,121,127,1631,2014,3535.0,0.0,1.817145,0.8394530000000001,KOR,LCA,8413
2766657,138,127,1631,2014,7594.0,0.0,1.0799729999999998,0.697554,MEX,LCA,8413
2766658,162,127,1631,2014,112260.0,4711.0,1.179325,1.355071,NLD,LCA,8413
2766659,169,127,1631,2014,25044.0,0.0,0.771742,0.9873190000000001,PAN,LCA,8413
2766660,208,127,1631,2014,2542.0,0.0,1.817752,0.558474,SWE,LCA,8413
2766661,210,127,1631,2014,1217.0,0.0,0.6489020000000001,-0.646605,SXM,LCA,8413
2766662,222,127,1631,2014,45085.0,9436.0,-0.57362,-1.117545,TTO,LCA,8413
2766663,231,127,1631,2014,700279.0,132950.0,1.61227,0.068905,USA,LCA,8413
2766664,234,127,1631,2014,0.0,1375.0,0.034024,-0.522492,VCT,LCA,8413
2766665,249,127,1631,2014,656.0,0.0,1.9044189999999999,1.0595139999999998,TWN,LCA,8413
2766666,250,127,1631,2014,3713.0,0.0,0.506842,0.049545,ANS,LCA,8413
2766667,39,149,1631,2014,629.0,0.0,0.671395,1.024683,CAN,MSR,8413
2766668,231,149,1631,2014,18657.0,0.0,1.61227,0.068905,USA,MSR,8413
2766669,7,2,1631,2014,1717549.0,861.0,0.087775,-0.289459,ARE,AGO,8413
2766670,8,2,1631,2014,43204.0,0.0,0.10691500000000001,0.44860600000000006,ARG,AGO,8413
2766671,14,2,1631,2014,72989.0,0.0,-0.398273,-0.17128,AUS,AGO,8413
2766672,15,2,1631,2014,146542.0,0.0,1.7116790000000002,-0.140232,AUT,AGO,8413
2766673,18,2,1631,2014,4471941.0,47104.0,1.234156,1.226441,BEL,AGO,8413
2766674,28,2,1631,2014,20863.0,0.0,0.874108,0.676231,BLR,AGO,8413
2766675,32,2,1631,2014,2827407.0,0.0,0.218223,0.556921,BRA,AGO,8413
2766676,39,2,1631,2014,135058.0,0.0,0.671395,1.024683,CAN,AGO,8413
2766677,41,2,1631,2014,341990.0,0.0,2.2000919999999997,0.65398,CHE,AGO,8413
2766678,42,2,1631,2014,93843.0,0.0,-0.344671,-0.43380799999999997,CHL,AGO,8413
2766679,43,2,1631,2014,21132056.0,0.0,1.187557,1.222085,CHN,AGO,8413
2766680,45,2,1631,2014,150272.0,0.0,-0.6723520000000001,-0.945084,CMR,AGO,8413
2766681,46,2,1631,2014,73173.0,0.0,-1.6680240000000002,-1.1265129999999999,COD,AGO,8413
2766682,47,2,1631,2014,32191.0,177604.0,-1.371624,-1.12468,COG,AGO,8413
2766683,49,2,1631,2014,13726.0,0.0,0.19864500000000002,-0.378364,COL,AGO,8413
2766684,59,2,1631,2014,14688.0,0.0,1.8105830000000003,0.131131,CZE,AGO,8413
2766685,61,2,1631,2014,1891208.0,11566.0,2.052849,-2.888805,DEU,AGO,8413
2766686,64,2,1631,2014,916371.0,0.0,1.10869,1.245193,DNK,AGO,8413
2766687,67,2,1631,2014,5350.0,0.0,-1.066865,-1.052921,ECU,AGO,8413
2766688,71,2,1631,2014,739711.0,1415.0,0.842147,2.45692,ESP,AGO,8413
2766689,72,2,1631,2014,267083.0,0.0,0.9147780000000001,1.151556,EST,AGO,8413
2766690,74,2,1631,2014,1314.0,0.0,1.626355,1.002923,FIN,AGO,8413
2766691,77,2,1631,2014,12008387.0,43986.0,1.4817790000000002,0.30995,FRA,AGO,8413
2766692,81,2,1631,2014,14160911.0,277264.0,1.697964,0.585372,GBR,AGO,8413
2766693,83,2,1631,2014,167216.0,0.0,-1.130226,-0.9909379999999999,GHA,AGO,8413
2766694,97,2,1631,2014,48548.0,0.0,0.812132,1.722493,HKG,AGO,8413
2766695,100,2,1631,2014,802.0,0.0,0.804401,1.250807,HRV,AGO,8413
2766696,102,2,1631,2014,21878.0,0.0,1.477093,0.812869,HUN,AGO,8413
2766697,103,2,1631,2014,59903.0,0.0,-0.088032,1.3966459999999998,IDN,AGO,8413
2766698,104,2,1631,2014,332325.0,0.0,0.262042,2.6305080000000003,IND,AGO,8413
2766699,106,2,1631,2014,6620.0,0.0,1.2658399999999999,0.278546,IRL,AGO,8413
2766700,108,2,1631,2014,3814.0,0.0,-2.9169,-0.882023,IRQ,AGO,8413
2766701,110,2,1631,2014,1251046.0,0.0,1.211141,0.64523,ISR,AGO,8413
2766702,111,2,1631,2014,5688046.0,41169.0,1.340136,0.43931099999999995,ITA,AGO,8413
2766703,113,2,1631,2014,4927.0,0.0,0.210208,0.48732299999999995,JOR,AGO,8413
2766704,114,2,1631,2014,1568875.0,0.0,2.403165,-0.635024,JPN,AGO,8413
2766705,115,2,1631,2014,41343.0,0.0,-0.210431,-0.574075,KAZ,AGO,8413
2766706,116,2,1631,2014,2709.0,0.0,-0.487058,0.307288,KEN,AGO,8413
2766707,121,2,1631,2014,1537610.0,0.0,1.817145,0.8394530000000001,KOR,AGO,8413
2766708,122,2,1631,2014,3230.0,0.0,-0.769616,-1.10667,KWT,AGO,8413
2766709,124,2,1631,2014,198082.0,0.0,0.308677,1.7564490000000001,LBN,AGO,8413
2766710,131,2,1631,2014,26579.0,0.0,1.243845,1.155474,LUX,AGO,8413
2766711,138,2,1631,2014,323711.0,0.0,1.0799729999999998,0.697554,MEX,AGO,8413
2766712,142,2,1631,2014,53797.0,0.0,0.817013,0.0016309999999999999,MLT,AGO,8413
2766713,147,2,1631,2014,0.0,64642.0,-1.1993610000000001,-1.040181,MOZ,AGO,8413
2766714,151,2,1631,2014,649.0,0.0,-0.029891,-0.12431099999999999,MUS,AGO,8413
2766715,153,2,1631,2014,33141.0,17468.0,1.018138,0.774649,MYS,AGO,8413
2766716,155,2,1631,2014,964640.0,2146.0,-0.428227,-0.5632229999999999,NAM,AGO,8413
2766717,159,2,1631,2014,56627.0,70044.0,-1.2126430000000001,-1.059697,NGA,AGO,8413
2766718,162,2,1631,2014,3443202.0,14761.0,1.179325,1.355071,NLD,AGO,8413
2766719,163,2,1631,2014,12077541.0,36292.0,0.9187049999999999,0.182685,NOR,AGO,8413
2766720,169,2,1631,2014,8437.0,0.0,0.771742,0.9873190000000001,PAN,AGO,8413
2766721,177,2,1631,2014,2350.0,0.0,1.133102,1.177165,POL,AGO,8413
2766722,179,2,1631,2014,30898352.0,25580.0,0.621053,2.349644,PRT,AGO,8413
2766723,180,2,1631,2014,13126.0,0.0,-0.608509,-0.930679,PRY,AGO,8413
2766724,185,2,1631,2014,28692.0,0.0,0.9112,1.188161,ROU,AGO,8413
2766725,186,2,1631,2014,228458.0,0.0,0.229422,-0.214856,RUS,AGO,8413
2766726,192,2,1631,2014,670227.0,0.0,1.867492,0.626736,SGP,AGO,8413
2766727,201,2,1631,2014,86036.0,0.0,0.551635,1.211535,SRB,AGO,8413
2766728,203,2,1631,2014,10118.0,0.0,1.172431,-0.024141,STP,AGO,8413
2766729,206,2,1631,2014,38376.0,0.0,1.334959,0.821253,SVK,AGO,8413
2766730,207,2,1631,2014,192199.0,0.0,1.6558669999999998,0.6814399999999999,SVN,AGO,8413
2766731,208,2,1631,2014,342735.0,0.0,1.817752,0.558474,SWE,AGO,8413
2766732,209,2,1631,2014,1599.0,0.0,0.22972199999999998,-0.365564,SWZ,AGO,8413
2766733,211,2,1631,2014,173598.0,0.0,0.358111,-0.484879,SYC,AGO,8413
2766734,212,2,1631,2014,1624.0,0.0,-0.366224,0.9054719999999999,SYR,AGO,8413
2766735,216,2,1631,2014,77405.0,0.0,0.977094,1.41283,THA,AGO,8413
2766736,220,2,1631,2014,8170.0,0.0,-1.365212,-0.896716,TLS,AGO,8413
2766737,223,2,1631,2014,27778.0,0.0,0.343449,1.118007,TUN,AGO,8413
2766738,224,2,1631,2014,58910.0,0.0,0.554761,2.385693,TUR,AGO,8413
2766739,226,2,1631,2014,4596.0,0.0,-1.054331,0.166345,TZA,AGO,8413
2766740,228,2,1631,2014,6477.0,0.0,0.566535,0.832267,UKR,AGO,8413
2766741,231,2,1631,2014,28556446.0,0.0,1.61227,0.068905,USA,AGO,8413
2766742,237,2,1631,2014,52187.0,0.0,0.484282,-0.082974,VGB,AGO,8413
2766743,239,2,1631,2014,71654.0,0.0,-0.023765,1.344416,VNM,AGO,8413
2766744,246,2,1631,2014,6884756.0,166774.0,0.282927,1.723214,ZAF,AGO,8413
2766745,247,2,1631,2014,0.0,34752.0,-0.664089,-0.793452,ZMB,AGO,8413
2766746,248,2,1631,2014,1799.0,0.0,-0.821369,-0.864232,ZWE,AGO,8413
2766747,249,2,1631,2014,4551.0,0.0,1.9044189999999999,1.0595139999999998,TWN,AGO,8413
2766748,18,57,1631,2014,4700.0,0.0,1.234156,1.226441,BEL,CYM,8413
2766749,32,57,1631,2014,17934.0,0.0,0.218223,0.556921,BRA,CYM,8413
2766750,39,57,1631,2014,14045.0,6874.0,0.671395,1.024683,CAN,CYM,8413
2766751,61,57,1631,2014,203719.0,0.0,2.052849,-2.888805,DEU,CYM,8413
2766752,64,57,1631,2014,3457.0,0.0,1.10869,1.245193,DNK,CYM,8413
2766753,71,57,1631,2014,37149.0,0.0,0.842147,2.45692,ESP,CYM,8413
2766754,77,57,1631,2014,1220.0,0.0,1.4817790000000002,0.30995,FRA,CYM,8413
2766755,81,57,1631,2014,42127.0,0.0,1.697964,0.585372,GBR,CYM,8413
2766756,100,57,1631,2014,9297.0,0.0,0.804401,1.250807,HRV,CYM,8413
2766757,111,57,1631,2014,1593.0,1275.0,1.340136,0.43931099999999995,ITA,CYM,8413
2766758,114,57,1631,2014,23126.0,0.0,2.403165,-0.635024,JPN,CYM,8413
2766759,162,57,1631,2014,11880.0,0.0,1.179325,1.355071,NLD,CYM,8413
2766760,163,57,1631,2014,65791.0,0.0,0.9187049999999999,0.182685,NOR,CYM,8413
2766761,208,57,1631,2014,73617.0,0.0,1.817752,0.558474,SWE,CYM,8413
2766762,231,57,1631,2014,1652020.0,86447.0,1.61227,0.068905,USA,CYM,8413
2766763,246,57,1631,2014,1129.0,0.0,0.282927,1.723214,ZAF,CYM,8413
2766764,5,135,1631,2014,1593.0,0.0,0.533246,-0.41617,AND,MDA,8413
2766765,7,135,1631,2014,1609.0,0.0,0.087775,-0.289459,ARE,MDA,8413
2766766,8,135,1631,2014,390.0,0.0,0.10691500000000001,0.44860600000000006,ARG,MDA,8413
2766767,9,135,1631,2014,0.0,47241.0,-0.198322,-0.5918680000000001,ARM,MDA,8413
2766768,15,135,1631,2014,68286.0,1642.0,1.7116790000000002,-0.140232,AUT,MDA,8413
2766769,16,135,1631,2014,0.0,31180.0,-0.909508,-1.165158,AZE,MDA,8413
2766770,18,135,1631,2014,16107.0,0.0,1.234156,1.226441,BEL,MDA,8413
2766771,23,135,1631,2014,119460.0,6250.0,0.579058,1.6558110000000001,BGR,MDA,8413
2766772,28,135,1631,2014,334125.0,49699.0,0.874108,0.676231,BLR,MDA,8413
2766773,32,135,1631,2014,21090.0,0.0,0.218223,0.556921,BRA,MDA,8413
2766774,39,135,1631,2014,574.0,0.0,0.671395,1.024683,CAN,MDA,8413
2766775,41,135,1631,2014,238449.0,0.0,2.2000919999999997,0.65398,CHE,MDA,8413
2766776,43,135,1631,2014,516488.0,0.0,1.187557,1.222085,CHN,MDA,8413
2766777,47,135,1631,2014,0.0,3131.0,-1.371624,-1.12468,COG,MDA,8413
2766778,52,135,1631,2014,1789.0,0.0,0.065938,-0.687971,CRI,MDA,8413
2766779,59,135,1631,2014,432318.0,0.0,1.8105830000000003,0.131131,CZE,MDA,8413
2766780,61,135,1631,2014,1752831.0,1286.0,2.052849,-2.888805,DEU,MDA,8413
2766781,64,135,1631,2014,34728.0,0.0,1.10869,1.245193,DNK,MDA,8413
2766782,71,135,1631,2014,198104.0,0.0,0.842147,2.45692,ESP,MDA,8413
2766783,72,135,1631,2014,4996.0,8639.0,0.9147780000000001,1.151556,EST,MDA,8413
2766784,77,135,1631,2014,14697.0,0.0,1.4817790000000002,0.30995,FRA,MDA,8413
2766785,81,135,1631,2014,67537.0,0.0,1.697964,0.585372,GBR,MDA,8413
2766786,82,135,1631,2014,0.0,28545.0,-0.254106,-0.646584,GEO,MDA,8413
2766787,90,135,1631,2014,4325.0,0.0,0.149337,0.8560540000000001,GRC,MDA,8413
2766788,97,135,1631,2014,946.0,0.0,0.812132,1.722493,HKG,MDA,8413
2766789,102,135,1631,2014,459083.0,0.0,1.477093,0.812869,HUN,MDA,8413
2766790,106,135,1631,2014,1005.0,0.0,1.2658399999999999,0.278546,IRL,MDA,8413
2766791,107,135,1631,2014,0.0,3964.0,-0.361058,-0.312743,IRN,MDA,8413
2766792,110,135,1631,2014,5223.0,0.0,1.211141,0.64523,ISR,MDA,8413
2766793,111,135,1631,2014,2251536.0,12882.0,1.340136,0.43931099999999995,ITA,MDA,8413
2766794,114,135,1631,2014,208039.0,0.0,2.403165,-0.635024,JPN,MDA,8413
2766795,115,135,1631,2014,0.0,43090.0,-0.210431,-0.574075,KAZ,MDA,8413
2766796,117,135,1631,2014,0.0,39007.0,-0.31942600000000004,-0.012454,KGZ,MDA,8413
2766797,121,135,1631,2014,4494.0,0.0,1.817145,0.8394530000000001,KOR,MDA,8413
2766798,130,135,1631,2014,7547.0,7274.0,0.764495,1.3451540000000002,LTU,MDA,8413
2766799,132,135,1631,2014,7723.0,24682.0,0.613116,1.1899790000000001,LVA,MDA,8413
2766800,138,135,1631,2014,2384.0,0.0,1.0799729999999998,0.697554,MEX,MDA,8413
2766801,162,135,1631,2014,160318.0,0.0,1.179325,1.355071,NLD,MDA,8413
2766802,177,135,1631,2014,735824.0,2799.0,1.133102,1.177165,POL,MDA,8413
2766803,185,135,1631,2014,3613410.0,26569.0,0.9112,1.188161,ROU,MDA,8413
2766804,186,135,1631,2014,176731.0,8645389.0,0.229422,-0.214856,RUS,MDA,8413
2766805,201,135,1631,2014,11194.0,0.0,0.551635,1.211535,SRB,MDA,8413
2766806,206,135,1631,2014,38000.0,0.0,1.334959,0.821253,SVK,MDA,8413
2766807,207,135,1631,2014,7508.0,0.0,1.6558669999999998,0.6814399999999999,SVN,MDA,8413
2766808,208,135,1631,2014,20879.0,0.0,1.817752,0.558474,SWE,MDA,8413
2766809,216,135,1631,2014,818.0,0.0,0.977094,1.41283,THA,MDA,8413
2766810,224,135,1631,2014,234315.0,0.0,0.554761,2.385693,TUR,MDA,8413
2766811,228,135,1631,2014,1173787.0,470874.0,0.566535,0.832267,UKR,MDA,8413
2766812,231,135,1631,2014,195298.0,0.0,1.61227,0.068905,USA,MDA,8413
2766813,239,135,1631,2014,0.0,36100.0,-0.023765,1.344416,VNM,MDA,8413
2766814,249,135,1631,2014,12127.0,0.0,1.9044189999999999,1.0595139999999998,TWN,MDA,8413
2766815,250,135,1631,2014,34450.0,0.0,0.506842,0.049545,ANS,MDA,8413
2766816,4,144,1631,2014,5834.0,0.0,-0.476024,-0.33978400000000003,ALB,MNE,8413
2766817,8,144,1631,2014,1283.0,0.0,0.10691500000000001,0.44860600000000006,ARG,MNE,8413
2766818,15,144,1631,2014,69135.0,4637.0,1.7116790000000002,-0.140232,AUT,MNE,8413
2766819,18,144,1631,2014,108105.0,0.0,1.234156,1.226441,BEL,MNE,8413
2766820,23,144,1631,2014,18791.0,0.0,0.579058,1.6558110000000001,BGR,MNE,8413
2766821,26,144,1631,2014,285441.0,1942.0,0.5083300000000001,0.711704,BIH,MNE,8413
2766822,32,144,1631,2014,2784.0,0.0,0.218223,0.556921,BRA,MNE,8413
2766823,39,144,1631,2014,1257.0,0.0,0.671395,1.024683,CAN,MNE,8413
2766824,43,144,1631,2014,330070.0,0.0,1.187557,1.222085,CHN,MNE,8413
2766825,59,144,1631,2014,10430.0,0.0,1.8105830000000003,0.131131,CZE,MNE,8413
2766826,61,144,1631,2014,545873.0,1029.0,2.052849,-2.888805,DEU,MNE,8413
2766827,64,144,1631,2014,975.0,0.0,1.10869,1.245193,DNK,MNE,8413
2766828,71,144,1631,2014,60190.0,0.0,0.842147,2.45692,ESP,MNE,8413
2766829,77,144,1631,2014,56274.0,7900.0,1.4817790000000002,0.30995,FRA,MNE,8413
2766830,81,144,1631,2014,37612.0,0.0,1.697964,0.585372,GBR,MNE,8413
2766831,90,144,1631,2014,1485.0,0.0,0.149337,0.8560540000000001,GRC,MNE,8413
2766832,100,144,1631,2014,204616.0,0.0,0.804401,1.250807,HRV,MNE,8413
2766833,102,144,1631,2014,152533.0,0.0,1.477093,0.812869,HUN,MNE,8413
2766834,104,144,1631,2014,3170.0,0.0,0.262042,2.6305080000000003,IND,MNE,8413
2766835,111,144,1631,2014,466547.0,5868.0,1.340136,0.43931099999999995,ITA,MNE,8413
2766836,114,144,1631,2014,23770.0,0.0,2.403165,-0.635024,JPN,MNE,8413
2766837,121,144,1631,2014,587.0,0.0,1.817145,0.8394530000000001,KOR,MNE,8413
2766838,138,144,1631,2014,1239.0,0.0,1.0799729999999998,0.697554,MEX,MNE,8413
2766839,140,144,1631,2014,22210.0,1946.0,-0.039799,-0.05545,MKD,MNE,8413
2766840,142,144,1631,2014,1328.0,0.0,0.817013,0.0016309999999999999,MLT,MNE,8413
2766841,153,144,1631,2014,1600.0,0.0,1.018138,0.774649,MYS,MNE,8413
2766842,162,144,1631,2014,321237.0,1344.0,1.179325,1.355071,NLD,MNE,8413
2766843,177,144,1631,2014,212321.0,0.0,1.133102,1.177165,POL,MNE,8413
2766844,179,144,1631,2014,56886.0,0.0,0.621053,2.349644,PRT,MNE,8413
2766845,185,144,1631,2014,1663.0,0.0,0.9112,1.188161,ROU,MNE,8413
2766846,186,144,1631,2014,2649.0,0.0,0.229422,-0.214856,RUS,MNE,8413
2766847,201,144,1631,2014,1221854.0,60890.0,0.551635,1.211535,SRB,MNE,8413
2766848,206,144,1631,2014,22700.0,0.0,1.334959,0.821253,SVK,MNE,8413
2766849,207,144,1631,2014,367074.0,2193.0,1.6558669999999998,0.6814399999999999,SVN,MNE,8413
2766850,208,144,1631,2014,46398.0,0.0,1.817752,0.558474,SWE,MNE,8413
2766851,224,144,1631,2014,49725.0,0.0,0.554761,2.385693,TUR,MNE,8413
2766852,231,144,1631,2014,30175.0,0.0,1.61227,0.068905,USA,MNE,8413
2766853,249,144,1631,2014,924.0,0.0,1.9044189999999999,1.0595139999999998,TWN,MNE,8413
2766854,7,145,1631,2014,1417.0,228.0,0.087775,-0.289459,ARE,MNG,8413
2766855,14,145,1631,2014,242300.0,6649.0,-0.398273,-0.17128,AUS,MNG,8413
2766856,15,145,1631,2014,22138.0,17284.0,1.7116790000000002,-0.140232,AUT,MNG,8413
2766857,18,145,1631,2014,15585.0,4883.0,1.234156,1.226441,BEL,MNG,8413
2766858,21,145,1631,2014,0.0,8324.0,-0.922401,-0.9554379999999999,BFA,MNG,8413
2766859,23,145,1631,2014,1629.0,0.0,0.579058,1.6558110000000001,BGR,MNG,8413
2766860,28,145,1631,2014,69795.0,0.0,0.874108,0.676231,BLR,MNG,8413
2766861,32,145,1631,2014,1841.0,0.0,0.218223,0.556921,BRA,MNG,8413
2766862,39,145,1631,2014,77293.0,0.0,0.671395,1.024683,CAN,MNG,8413
2766863,43,145,1631,2014,12526519.0,286665.0,1.187557,1.222085,CHN,MNG,8413
2766864,59,145,1631,2014,217240.0,0.0,1.8105830000000003,0.131131,CZE,MNG,8413
2766865,61,145,1631,2014,1903472.0,61733.0,2.052849,-2.888805,DEU,MNG,8413
2766866,64,145,1631,2014,531965.0,0.0,1.10869,1.245193,DNK,MNG,8413
2766867,71,145,1631,2014,12234.0,0.0,0.842147,2.45692,ESP,MNG,8413
2766868,72,145,1631,2014,1338.0,0.0,0.9147780000000001,1.151556,EST,MNG,8413
2766869,74,145,1631,2014,2176.0,0.0,1.626355,1.002923,FIN,MNG,8413
2766870,77,145,1631,2014,272191.0,608412.0,1.4817790000000002,0.30995,FRA,MNG,8413
2766871,81,145,1631,2014,65091.0,1260.0,1.697964,0.585372,GBR,MNG,8413
2766872,97,145,1631,2014,29917.0,17302.0,0.812132,1.722493,HKG,MNG,8413
2766873,102,145,1631,2014,18050.0,0.0,1.477093,0.812869,HUN,MNG,8413
2766874,103,145,1631,2014,1829.0,0.0,-0.088032,1.3966459999999998,IDN,MNG,8413
2766875,104,145,1631,2014,8781.0,0.0,0.262042,2.6305080000000003,IND,MNG,8413
2766876,110,145,1631,2014,3409.0,0.0,1.211141,0.64523,ISR,MNG,8413
2766877,111,145,1631,2014,163667.0,12570.0,1.340136,0.43931099999999995,ITA,MNG,8413
2766878,114,145,1631,2014,743095.0,2603.0,2.403165,-0.635024,JPN,MNG,8413
2766879,115,145,1631,2014,3454.0,12970.0,-0.210431,-0.574075,KAZ,MNG,8413
2766880,121,145,1631,2014,1249324.0,11168.0,1.817145,0.8394530000000001,KOR,MNG,8413
2766881,131,145,1631,2014,2876.0,0.0,1.243845,1.155474,LUX,MNG,8413
2766882,138,145,1631,2014,37315.0,0.0,1.0799729999999998,0.697554,MEX,MNG,8413
2766883,162,145,1631,2014,19363.0,0.0,1.179325,1.355071,NLD,MNG,8413
2766884,166,145,1631,2014,21114.0,0.0,0.272502,0.21628699999999998,NZL,MNG,8413
2766885,174,145,1631,2014,0.0,824.0,0.637442,0.475883,PHL,MNG,8413
2766886,177,145,1631,2014,1939.0,0.0,1.133102,1.177165,POL,MNG,8413
2766887,186,145,1631,2014,1399587.0,0.0,0.229422,-0.214856,RUS,MNG,8413
2766888,188,145,1631,2014,51400.0,0.0,0.5758439999999999,-0.832692,SAU,MNG,8413
2766889,192,145,1631,2014,69864.0,190451.0,1.867492,0.626736,SGP,MNG,8413
2766890,207,145,1631,2014,143985.0,0.0,1.6558669999999998,0.6814399999999999,SVN,MNG,8413
2766891,208,145,1631,2014,101957.0,0.0,1.817752,0.558474,SWE,MNG,8413
2766892,216,145,1631,2014,2221.0,0.0,0.977094,1.41283,THA,MNG,8413
2766893,224,145,1631,2014,35297.0,0.0,0.554761,2.385693,TUR,MNG,8413
2766894,228,145,1631,2014,108099.0,0.0,0.566535,0.832267,UKR,MNG,8413
2766895,231,145,1631,2014,1073524.0,11267.0,1.61227,0.068905,USA,MNG,8413
2766896,249,145,1631,2014,91945.0,0.0,1.9044189999999999,1.0595139999999998,TWN,MNG,8413
2766897,7,196,1631,2014,453208.0,0.0,0.087775,-0.289459,ARE,SLE,8413
2766898,14,196,1631,2014,41199.0,1664.0,-0.398273,-0.17128,AUS,SLE,8413
2766899,18,196,1631,2014,126477.0,0.0,1.234156,1.226441,BEL,SLE,8413
2766900,23,196,1631,2014,1006.0,0.0,0.579058,1.6558110000000001,BGR,SLE,8413
2766901,32,196,1631,2014,190858.0,0.0,0.218223,0.556921,BRA,SLE,8413
2766902,39,196,1631,2014,0.0,7310.0,0.671395,1.024683,CAN,SLE,8413
2766903,41,196,1631,2014,5694.0,0.0,2.2000919999999997,0.65398,CHE,SLE,8413
2766904,43,196,1631,2014,584601.0,0.0,1.187557,1.222085,CHN,SLE,8413
2766905,59,196,1631,2014,0.0,3541.0,1.8105830000000003,0.131131,CZE,SLE,8413
2766906,61,196,1631,2014,509571.0,0.0,2.052849,-2.888805,DEU,SLE,8413
2766907,64,196,1631,2014,4013.0,0.0,1.10869,1.245193,DNK,SLE,8413
2766908,71,196,1631,2014,35891.0,0.0,0.842147,2.45692,ESP,SLE,8413
2766909,77,196,1631,2014,33185.0,0.0,1.4817790000000002,0.30995,FRA,SLE,8413
2766910,81,196,1631,2014,1467329.0,0.0,1.697964,0.585372,GBR,SLE,8413
2766911,83,196,1631,2014,93091.0,0.0,-1.130226,-0.9909379999999999,GHA,SLE,8413
2766912,87,196,1631,2014,1658.0,0.0,-0.905488,-0.7892819999999999,GMB,SLE,8413
2766913,90,196,1631,2014,1910.0,0.0,0.149337,0.8560540000000001,GRC,SLE,8413
2766914,97,196,1631,2014,10862.0,0.0,0.812132,1.722493,HKG,SLE,8413
2766915,103,196,1631,2014,0.0,4097.0,-0.088032,1.3966459999999998,IDN,SLE,8413
2766916,104,196,1631,2014,770680.0,0.0,0.262042,2.6305080000000003,IND,SLE,8413
2766917,106,196,1631,2014,11043.0,0.0,1.2658399999999999,0.278546,IRL,SLE,8413
2766918,111,196,1631,2014,58070.0,0.0,1.340136,0.43931099999999995,ITA,SLE,8413
2766919,114,196,1631,2014,135044.0,0.0,2.403165,-0.635024,JPN,SLE,8413
2766920,121,196,1631,2014,70246.0,0.0,1.817145,0.8394530000000001,KOR,SLE,8413
2766921,122,196,1631,2014,0.0,5057.0,-0.769616,-1.10667,KWT,SLE,8413
2766922,124,196,1631,2014,49686.0,0.0,0.308677,1.7564490000000001,LBN,SLE,8413
2766923,153,196,1631,2014,7600.0,0.0,1.018138,0.774649,MYS,SLE,8413
2766924,159,196,1631,2014,140181.0,0.0,-1.2126430000000001,-1.059697,NGA,SLE,8413
2766925,162,196,1631,2014,20095.0,0.0,1.179325,1.355071,NLD,SLE,8413
2766926,163,196,1631,2014,4900.0,0.0,0.9187049999999999,0.182685,NOR,SLE,8413
2766927,185,196,1631,2014,32986.0,0.0,0.9112,1.188161,ROU,SLE,8413
2766928,186,196,1631,2014,8015.0,0.0,0.229422,-0.214856,RUS,SLE,8413
2766929,207,196,1631,2014,27747.0,2251.0,1.6558669999999998,0.6814399999999999,SVN,SLE,8413
2766930,208,196,1631,2014,354872.0,0.0,1.817752,0.558474,SWE,SLE,8413
2766931,216,196,1631,2014,29605.0,0.0,0.977094,1.41283,THA,SLE,8413
2766932,224,196,1631,2014,2964.0,3223.0,0.554761,2.385693,TUR,SLE,8413
2766933,228,196,1631,2014,46361.0,0.0,0.566535,0.832267,UKR,SLE,8413
2766934,231,196,1631,2014,633203.0,5160.0,1.61227,0.068905,USA,SLE,8413
2766935,246,196,1631,2014,2255111.0,2142.0,0.282927,1.723214,ZAF,SLE,8413
2766936,18,198,1631,2014,10819.0,0.0,1.234156,1.226441,BEL,SMR,8413
2766937,59,198,1631,2014,0.0,11331.0,1.8105830000000003,0.131131,CZE,SMR,8413
2766938,61,198,1631,2014,27544.0,0.0,2.052849,-2.888805,DEU,SMR,8413
2766939,66,198,1631,2014,0.0,2635.0,-1.5554649999999999,-1.1657030000000002,DZA,SMR,8413
2766940,74,198,1631,2014,12285.0,0.0,1.626355,1.002923,FIN,SMR,8413
2766941,77,198,1631,2014,12675.0,0.0,1.4817790000000002,0.30995,FRA,SMR,8413
2766942,81,198,1631,2014,17980.0,0.0,1.697964,0.585372,GBR,SMR,8413
2766943,104,198,1631,2014,0.0,6007.0,0.262042,2.6305080000000003,IND,SMR,8413
2766944,162,198,1631,2014,34067.0,0.0,1.179325,1.355071,NLD,SMR,8413
2766945,7,217,1631,2014,679573.0,0.0,0.087775,-0.289459,ARE,TJK,8413
2766946,18,217,1631,2014,3646.0,0.0,1.234156,1.226441,BEL,TJK,8413
2766947,28,217,1631,2014,86677.0,0.0,0.874108,0.676231,BLR,TJK,8413
2766948,43,217,1631,2014,7304451.0,0.0,1.187557,1.222085,CHN,TJK,8413
2766949,59,217,1631,2014,1624.0,0.0,1.8105830000000003,0.131131,CZE,TJK,8413
2766950,61,217,1631,2014,410753.0,0.0,2.052849,-2.888805,DEU,TJK,8413
2766951,66,217,1631,2014,0.0,50791.0,-1.5554649999999999,-1.1657030000000002,DZA,TJK,8413
2766952,71,217,1631,2014,1168372.0,0.0,0.842147,2.45692,ESP,TJK,8413
2766953,72,217,1631,2014,29344.0,0.0,0.9147780000000001,1.151556,EST,TJK,8413
2766954,81,217,1631,2014,39103.0,1114.0,1.697964,0.585372,GBR,TJK,8413
2766955,104,217,1631,2014,1060.0,0.0,0.262042,2.6305080000000003,IND,TJK,8413
2766956,107,217,1631,2014,119237.0,377304.0,-0.361058,-0.312743,IRN,TJK,8413
2766957,111,217,1631,2014,126114.0,0.0,1.340136,0.43931099999999995,ITA,TJK,8413
2766958,114,217,1631,2014,9934.0,0.0,2.403165,-0.635024,JPN,TJK,8413
2766959,115,217,1631,2014,100453.0,0.0,-0.210431,-0.574075,KAZ,TJK,8413
2766960,121,217,1631,2014,199161.0,0.0,1.817145,0.8394530000000001,KOR,TJK,8413
2766961,130,217,1631,2014,2510.0,0.0,0.764495,1.3451540000000002,LTU,TJK,8413
2766962,132,217,1631,2014,8229.0,0.0,0.613116,1.1899790000000001,LVA,TJK,8413
2766963,177,217,1631,2014,9229.0,0.0,1.133102,1.177165,POL,TJK,8413
2766964,186,217,1631,2014,849795.0,0.0,0.229422,-0.214856,RUS,TJK,8413
2766965,208,217,1631,2014,60059.0,0.0,1.817752,0.558474,SWE,TJK,8413
2766966,224,217,1631,2014,531171.0,0.0,0.554761,2.385693,TUR,TJK,8413
2766967,228,217,1631,2014,29526.0,0.0,0.566535,0.832267,UKR,TJK,8413
2766968,231,217,1631,2014,15605.0,0.0,1.61227,0.068905,USA,TJK,8413
2766969,7,219,1631,2014,2322077.0,0.0,0.087775,-0.289459,ARE,TKM,8413
2766970,15,219,1631,2014,2296132.0,0.0,1.7116790000000002,-0.140232,AUT,TKM,8413
2766971,16,219,1631,2014,281539.0,0.0,-0.909508,-1.165158,AZE,TKM,8413
2766972,18,219,1631,2014,156997.0,0.0,1.234156,1.226441,BEL,TKM,8413
2766973,23,219,1631,2014,69410.0,0.0,0.579058,1.6558110000000001,BGR,TKM,8413
2766974,28,219,1631,2014,165250.0,7894.0,0.874108,0.676231,BLR,TKM,8413
2766975,39,219,1631,2014,918382.0,6424.0,0.671395,1.024683,CAN,TKM,8413
2766976,41,219,1631,2014,0.0,113761.0,2.2000919999999997,0.65398,CHE,TKM,8413
2766977,43,219,1631,2014,7748672.0,0.0,1.187557,1.222085,CHN,TKM,8413
2766978,59,219,1631,2014,379459.0,3209.0,1.8105830000000003,0.131131,CZE,TKM,8413
2766979,61,219,1631,2014,8736428.0,0.0,2.052849,-2.888805,DEU,TKM,8413
2766980,71,219,1631,2014,24856.0,0.0,0.842147,2.45692,ESP,TKM,8413
2766981,74,219,1631,2014,816704.0,0.0,1.626355,1.002923,FIN,TKM,8413
2766982,77,219,1631,2014,2824087.0,3885.0,1.4817790000000002,0.30995,FRA,TKM,8413
2766983,81,219,1631,2014,1991134.0,199176.0,1.697964,0.585372,GBR,TKM,8413
2766984,102,219,1631,2014,5713.0,0.0,1.477093,0.812869,HUN,TKM,8413
2766985,104,219,1631,2014,156174.0,0.0,0.262042,2.6305080000000003,IND,TKM,8413
2766986,107,219,1631,2014,701874.0,39995.0,-0.361058,-0.312743,IRN,TKM,8413
2766987,111,219,1631,2014,10433900.0,0.0,1.340136,0.43931099999999995,ITA,TKM,8413
2766988,114,219,1631,2014,1089003.0,0.0,2.403165,-0.635024,JPN,TKM,8413
2766989,115,219,1631,2014,1460190.0,0.0,-0.210431,-0.574075,KAZ,TKM,8413
2766990,121,219,1631,2014,12049934.0,0.0,1.817145,0.8394530000000001,KOR,TKM,8413
2766991,130,219,1631,2014,2596643.0,0.0,0.764495,1.3451540000000002,LTU,TKM,8413
2766992,131,219,1631,2014,3621.0,0.0,1.243845,1.155474,LUX,TKM,8413
2766993,153,219,1631,2014,22584.0,0.0,1.018138,0.774649,MYS,TKM,8413
2766994,162,219,1631,2014,2954008.0,0.0,1.179325,1.355071,NLD,TKM,8413
2766995,163,219,1631,2014,10293.0,0.0,0.9187049999999999,0.182685,NOR,TKM,8413
2766996,177,219,1631,2014,1030.0,0.0,1.133102,1.177165,POL,TKM,8413
2766997,185,219,1631,2014,933155.0,0.0,0.9112,1.188161,ROU,TKM,8413
2766998,186,219,1631,2014,11768721.0,33378.0,0.229422,-0.214856,RUS,TKM,8413
2766999,206,219,1631,2014,3737.0,0.0,1.334959,0.821253,SVK,TKM,8413
2767000,208,219,1631,2014,698075.0,0.0,1.817752,0.558474,SWE,TKM,8413
2767001,224,219,1631,2014,15683759.0,23592.0,0.554761,2.385693,TUR,TKM,8413
2767002,228,219,1631,2014,1675628.0,0.0,0.566535,0.832267,UKR,TKM,8413
2767003,231,219,1631,2014,6833805.0,30893.0,1.61227,0.068905,USA,TKM,8413
2767004,7,50,1631,2014,13258.0,0.0,0.087775,-0.289459,ARE,COM,8413
2767005,18,50,1631,2014,14526.0,0.0,1.234156,1.226441,BEL,COM,8413
2767006,43,50,1631,2014,82495.0,0.0,1.187557,1.222085,CHN,COM,8413
2767007,77,50,1631,2014,15104.0,0.0,1.4817790000000002,0.30995,FRA,COM,8413
2767008,136,50,1631,2014,6555.0,789.0,-1.002122,-0.44446,MDG,COM,8413
2767009,151,50,1631,2014,6220.0,0.0,-0.029891,-0.12431099999999999,MUS,COM,8413
2767010,7,75,1631,2014,2991.0,0.0,0.087775,-0.289459,ARE,FJI,8413
2767011,10,75,1631,2014,0.0,1890.0,0.795219,-0.217498,ASM,FJI,8413
2767012,14,75,1631,2014,2096219.0,19669.0,-0.398273,-0.17128,AUS,FJI,8413
2767013,15,75,1631,2014,6466.0,0.0,1.7116790000000002,-0.140232,AUT,FJI,8413
2767014,39,75,1631,2014,2812.0,0.0,0.671395,1.024683,CAN,FJI,8413
2767015,43,75,1631,2014,944238.0,685.0,1.187557,1.222085,CHN,FJI,8413
2767016,56,75,1631,2014,0.0,4585.0,0.738877,-0.520547,CXR,FJI,8413
2767017,61,75,1631,2014,16099.0,0.0,2.052849,-2.888805,DEU,FJI,8413
2767018,64,75,1631,2014,6723.0,0.0,1.10869,1.245193,DNK,FJI,8413
2767019,71,75,1631,2014,197.0,0.0,0.842147,2.45692,ESP,FJI,8413
2767020,74,75,1631,2014,141645.0,0.0,1.626355,1.002923,FIN,FJI,8413
2767021,77,75,1631,2014,3541.0,0.0,1.4817790000000002,0.30995,FRA,FJI,8413
2767022,81,75,1631,2014,54130.0,0.0,1.697964,0.585372,GBR,FJI,8413
2767023,97,75,1631,2014,47146.0,0.0,0.812132,1.722493,HKG,FJI,8413
2767024,103,75,1631,2014,2490.0,0.0,-0.088032,1.3966459999999998,IDN,FJI,8413
2767025,104,75,1631,2014,684377.0,0.0,0.262042,2.6305080000000003,IND,FJI,8413
2767026,111,75,1631,2014,10848.0,0.0,1.340136,0.43931099999999995,ITA,FJI,8413
2767027,114,75,1631,2014,81369.0,0.0,2.403165,-0.635024,JPN,FJI,8413
2767028,119,75,1631,2014,0.0,22616.0,0.708907,-0.540813,KIR,FJI,8413
2767029,121,75,1631,2014,42615.0,2036.0,1.817145,0.8394530000000001,KOR,FJI,8413
2767030,153,75,1631,2014,35140.0,0.0,1.018138,0.774649,MYS,FJI,8413
2767031,156,75,1631,2014,0.0,3599.0,-0.509789,-0.767484,NCL,FJI,8413
2767032,162,75,1631,2014,85309.0,0.0,1.179325,1.355071,NLD,FJI,8413
2767033,165,75,1631,2014,0.0,110228.0,1.215503,-0.37847,NRU,FJI,8413
2767034,166,75,1631,2014,2590126.0,11429.0,0.272502,0.21628699999999998,NZL,FJI,8413
2767035,176,75,1631,2014,4425.0,12084.0,-1.564904,-1.146255,PNG,FJI,8413
2767036,192,75,1631,2014,211420.0,0.0,1.867492,0.626736,SGP,FJI,8413
2767037,208,75,1631,2014,6088.0,0.0,1.817752,0.558474,SWE,FJI,8413
2767038,209,75,1631,2014,25303.0,0.0,0.22972199999999998,-0.365564,SWZ,FJI,8413
2767039,216,75,1631,2014,8338.0,0.0,0.977094,1.41283,THA,FJI,8413
2767040,221,75,1631,2014,0.0,14092.0,-0.11129100000000001,-0.523176,TON,FJI,8413
2767041,225,75,1631,2014,0.0,26258.0,1.127623,-0.482033,TUV,FJI,8413
2767042,231,75,1631,2014,173858.0,1528.0,1.61227,0.068905,USA,FJI,8413
2767043,240,75,1631,2014,0.0,6391.0,-1.21245,-0.941493,VUT,FJI,8413
2767044,242,75,1631,2014,0.0,24485.0,0.602344,-0.051224,WSM,FJI,8413
2767045,246,75,1631,2014,58488.0,0.0,0.282927,1.723214,ZAF,FJI,8413
2767046,249,75,1631,2014,45783.0,0.0,1.9044189999999999,1.0595139999999998,TWN,FJI,8413
2767047,250,75,1631,2014,0.0,2038.0,0.506842,0.049545,ANS,FJI,8413
2767048,14,175,1631,2014,2841.0,0.0,-0.398273,-0.17128,AUS,PLW,8413
2767049,43,175,1631,2014,7019.0,0.0,1.187557,1.222085,CHN,PLW,8413
2767050,95,175,1631,2014,23515.0,0.0,0.6368119999999999,-0.01771,GUM,PLW,8413
2767051,97,175,1631,2014,3803.0,0.0,0.812132,1.722493,HKG,PLW,8413
2767052,114,175,1631,2014,35883.0,0.0,2.403165,-0.635024,JPN,PLW,8413
2767053,121,175,1631,2014,162672.0,0.0,1.817145,0.8394530000000001,KOR,PLW,8413
2767054,166,175,1631,2014,15629.0,0.0,0.272502,0.21628699999999998,NZL,PLW,8413
2767055,174,175,1631,2014,1591.0,0.0,0.637442,0.475883,PHL,PLW,8413
2767056,192,175,1631,2014,9524.0,0.0,1.867492,0.626736,SGP,PLW,8413
2767057,231,175,1631,2014,68009.0,1139.0,1.61227,0.068905,USA,PLW,8413
2767058,249,175,1631,2014,86469.0,0.0,1.9044189999999999,1.0595139999999998,TWN,PLW,8413
2767059,32,0,1631,2014,9587.0,0.0,0.218223,0.556921,BRA,ABW,8413
2767060,41,0,1631,2014,1218.0,0.0,2.2000919999999997,0.65398,CHE,ABW,8413
2767061,43,0,1631,2014,23258.0,0.0,1.187557,1.222085,CHN,ABW,8413
2767062,55,0,1631,2014,57471.0,1837.0,-0.00902,-0.683643,CUW,ABW,8413
2767063,61,0,1631,2014,377977.0,0.0,2.052849,-2.888805,DEU,ABW,8413
2767064,65,0,1631,2014,1348.0,0.0,-0.180845,0.508512,DOM,ABW,8413
2767065,71,0,1631,2014,56087.0,0.0,0.842147,2.45692,ESP,ABW,8413
2767066,81,0,1631,2014,21962.0,0.0,1.697964,0.585372,GBR,ABW,8413
2767067,113,0,1631,2014,0.0,1968.0,0.210208,0.48732299999999995,JOR,ABW,8413
2767068,114,0,1631,2014,6022.0,0.0,2.403165,-0.635024,JPN,ABW,8413
2767069,121,0,1631,2014,6485.0,0.0,1.817145,0.8394530000000001,KOR,ABW,8413
2767070,122,0,1631,2014,0.0,5167.0,-0.769616,-1.10667,KWT,ABW,8413
2767071,138,0,1631,2014,14602.0,0.0,1.0799729999999998,0.697554,MEX,ABW,8413
2767072,162,0,1631,2014,325447.0,2245.0,1.179325,1.355071,NLD,ABW,8413
2767073,169,0,1631,2014,13315.0,0.0,0.771742,0.9873190000000001,PAN,ABW,8413
2767074,181,0,1631,2014,0.0,37928.0,0.030643,0.601905,PSE,ABW,8413
2767075,188,0,1631,2014,0.0,122291.0,0.5758439999999999,-0.832692,SAU,ABW,8413
2767076,190,0,1631,2014,0.0,184476.0,-1.442381,-1.1155030000000001,SDN,ABW,8413
2767077,192,0,1631,2014,21431.0,0.0,1.867492,0.626736,SGP,ABW,8413
2767078,205,0,1631,2014,0.0,1220.0,-0.6333989999999999,-0.857643,SUR,ABW,8413
2767079,208,0,1631,2014,19652.0,0.0,1.817752,0.558474,SWE,ABW,8413
2767080,222,0,1631,2014,1093.0,0.0,-0.57362,-1.117545,TTO,ABW,8413
2767081,231,0,1631,2014,1114565.0,208935.0,1.61227,0.068905,USA,ABW,8413
2767082,236,0,1631,2014,16835.0,1012.0,-0.582086,-1.081727,VEN,ABW,8413
2767083,243,0,1631,2014,0.0,11569.0,-1.2829190000000001,-1.227373,YEM,ABW,8413
2767084,250,0,1631,2014,277493.0,0.0,0.506842,0.049545,ANS,ABW,8413
2767085,7,1,1631,2014,1898866.0,0.0,0.087775,-0.289459,ARE,AFG,8413
2767086,14,1,1631,2014,0.0,10013.0,-0.398273,-0.17128,AUS,AFG,8413
2767087,15,1,1631,2014,302009.0,0.0,1.7116790000000002,-0.140232,AUT,AFG,8413
2767088,18,1,1631,2014,39905.0,0.0,1.234156,1.226441,BEL,AFG,8413
2767089,32,1,1631,2014,11247.0,0.0,0.218223,0.556921,BRA,AFG,8413
2767090,39,1,1631,2014,505080.0,0.0,0.671395,1.024683,CAN,AFG,8413
2767091,41,1,1631,2014,9472.0,0.0,2.2000919999999997,0.65398,CHE,AFG,8413
2767092,43,1,1631,2014,526205.0,0.0,1.187557,1.222085,CHN,AFG,8413
2767093,61,1,1631,2014,500906.0,0.0,2.052849,-2.888805,DEU,AFG,8413
2767094,64,1,1631,2014,77558.0,0.0,1.10869,1.245193,DNK,AFG,8413
2767095,77,1,1631,2014,2274.0,6229.0,1.4817790000000002,0.30995,FRA,AFG,8413
2767096,81,1,1631,2014,289966.0,0.0,1.697964,0.585372,GBR,AFG,8413
2767097,90,1,1631,2014,2991.0,0.0,0.149337,0.8560540000000001,GRC,AFG,8413
2767098,104,1,1631,2014,394012.0,0.0,0.262042,2.6305080000000003,IND,AFG,8413
2767099,107,1,1631,2014,244589.0,0.0,-0.361058,-0.312743,IRN,AFG,8413
2767100,111,1,1631,2014,2034948.0,2108.0,1.340136,0.43931099999999995,ITA,AFG,8413
2767101,114,1,1631,2014,28445.0,0.0,2.403165,-0.635024,JPN,AFG,8413
2767102,115,1,1631,2014,33281.0,12568.0,-0.210431,-0.574075,KAZ,AFG,8413
2767103,117,1,1631,2014,1090.0,3034.0,-0.31942600000000004,-0.012454,KGZ,AFG,8413
2767104,121,1,1631,2014,61748.0,0.0,1.817145,0.8394530000000001,KOR,AFG,8413
2767105,124,1,1631,2014,2970.0,0.0,0.308677,1.7564490000000001,LBN,AFG,8413
2767106,131,1,1631,2014,2548.0,0.0,1.243845,1.155474,LUX,AFG,8413
2767107,147,1,1631,2014,0.0,52709.0,-1.1993610000000001,-1.040181,MOZ,AFG,8413
2767108,162,1,1631,2014,54301.0,0.0,1.179325,1.355071,NLD,AFG,8413
2767109,163,1,1631,2014,0.0,3324.0,0.9187049999999999,0.182685,NOR,AFG,8413
2767110,166,1,1631,2014,0.0,1874.0,0.272502,0.21628699999999998,NZL,AFG,8413
2767111,168,1,1631,2014,828435.0,0.0,-0.672924,0.566787,PAK,AFG,8413
2767112,177,1,1631,2014,5799.0,0.0,1.133102,1.177165,POL,AFG,8413
2767113,179,1,1631,2014,23408.0,0.0,0.621053,2.349644,PRT,AFG,8413
2767114,186,1,1631,2014,178504.0,17599.0,0.229422,-0.214856,RUS,AFG,8413
2767115,201,1,1631,2014,1178.0,0.0,0.551635,1.211535,SRB,AFG,8413
2767116,206,1,1631,2014,8317.0,0.0,1.334959,0.821253,SVK,AFG,8413
2767117,208,1,1631,2014,3071.0,0.0,1.817752,0.558474,SWE,AFG,8413
2767118,224,1,1631,2014,2093667.0,7641.0,0.554761,2.385693,TUR,AFG,8413
2767119,228,1,1631,2014,3224.0,0.0,0.566535,0.832267,UKR,AFG,8413
2767120,231,1,1631,2014,6503829.0,0.0,1.61227,0.068905,USA,AFG,8413
2767121,7,5,1631,2014,0.0,79792.0,0.087775,-0.289459,ARE,AND,8413
2767122,18,5,1631,2014,2585.0,0.0,1.234156,1.226441,BEL,AND,8413
2767123,21,5,1631,2014,0.0,1197.0,-0.922401,-0.9554379999999999,BFA,AND,8413
2767124,61,5,1631,2014,40026.0,0.0,2.052849,-2.888805,DEU,AND,8413
2767125,71,5,1631,2014,995886.0,33190.0,0.842147,2.45692,ESP,AND,8413
2767126,73,5,1631,2014,0.0,19410.0,-1.296535,-1.045942,ETH,AND,8413
2767127,77,5,1631,2014,143698.0,19907.0,1.4817790000000002,0.30995,FRA,AND,8413
2767128,81,5,1631,2014,41555.0,1339.0,1.697964,0.585372,GBR,AND,8413
2767129,111,5,1631,2014,7795.0,0.0,1.340136,0.43931099999999995,ITA,AND,8413
2767130,135,5,1631,2014,0.0,1593.0,-0.10438199999999999,-0.093194,MDA,AND,8413
2767131,162,5,1631,2014,6577.0,0.0,1.179325,1.355071,NLD,AND,8413
2767132,247,5,1631,2014,0.0,7519.0,-0.664089,-0.793452,ZMB,AND,8413
2767133,250,5,1631,2014,1803.0,0.0,0.506842,0.049545,ANS,AND,8413
2767134,7,17,1631,2014,10085.0,0.0,0.087775,-0.289459,ARE,BDI,8413
2767135,18,17,1631,2014,234267.0,0.0,1.234156,1.226441,BEL,BDI,8413
2767136,39,17,1631,2014,949.0,0.0,0.671395,1.024683,CAN,BDI,8413
2767137,43,17,1631,2014,66700.0,0.0,1.187557,1.222085,CHN,BDI,8413
2767138,61,17,1631,2014,366719.0,0.0,2.052849,-2.888805,DEU,BDI,8413
2767139,77,17,1631,2014,9541.0,0.0,1.4817790000000002,0.30995,FRA,BDI,8413
2767140,81,17,1631,2014,10758.0,0.0,1.697964,0.585372,GBR,BDI,8413
2767141,104,17,1631,2014,169101.0,0.0,0.262042,2.6305080000000003,IND,BDI,8413
2767142,111,17,1631,2014,1526.0,0.0,1.340136,0.43931099999999995,ITA,BDI,8413
2767143,114,17,1631,2014,5849.0,0.0,2.403165,-0.635024,JPN,BDI,8413
2767144,116,17,1631,2014,23968.0,0.0,-0.487058,0.307288,KEN,BDI,8413
2767145,162,17,1631,2014,17768.0,0.0,1.179325,1.355071,NLD,BDI,8413
2767146,187,17,1631,2014,28264.0,0.0,-0.5692659999999999,-0.447859,RWA,BDI,8413
2767147,190,17,1631,2014,0.0,1483.0,-1.442381,-1.1155030000000001,SDN,BDI,8413
2767148,226,17,1631,2014,5180.0,0.0,-1.054331,0.166345,TZA,BDI,8413
2767149,227,17,1631,2014,7935.0,0.0,-0.46911800000000003,0.25446599999999997,UGA,BDI,8413
2767150,231,17,1631,2014,1913.0,0.0,1.61227,0.068905,USA,BDI,8413
2767151,246,17,1631,2014,1462.0,0.0,0.282927,1.723214,ZAF,BDI,8413
2767152,39,30,1631,2014,60713.0,0.0,0.671395,1.024683,CAN,BMU,8413
2767153,41,30,1631,2014,7207.0,0.0,2.2000919999999997,0.65398,CHE,BMU,8413
2767154,61,30,1631,2014,138952.0,2663.0,2.052849,-2.888805,DEU,BMU,8413
2767155,64,30,1631,2014,17628.0,0.0,1.10869,1.245193,DNK,BMU,8413
2767156,71,30,1631,2014,0.0,1830.0,0.842147,2.45692,ESP,BMU,8413
2767157,77,30,1631,2014,11836.0,0.0,1.4817790000000002,0.30995,FRA,BMU,8413
2767158,81,30,1631,2014,18907.0,0.0,1.697964,0.585372,GBR,BMU,8413
2767159,114,30,1631,2014,43631.0,0.0,2.403165,-0.635024,JPN,BMU,8413
2767160,138,30,1631,2014,316.0,0.0,1.0799729999999998,0.697554,MEX,BMU,8413
2767161,162,30,1631,2014,11037.0,0.0,1.179325,1.355071,NLD,BMU,8413
2767162,163,30,1631,2014,82709.0,0.0,0.9187049999999999,0.182685,NOR,BMU,8413
2767163,208,30,1631,2014,35056.0,0.0,1.817752,0.558474,SWE,BMU,8413
2767164,231,30,1631,2014,976340.0,16664.0,1.61227,0.068905,USA,BMU,8413
2767165,7,34,1631,2014,12295.0,0.0,0.087775,-0.289459,ARE,BRN,8413
2767166,14,34,1631,2014,305154.0,0.0,-0.398273,-0.17128,AUS,BRN,8413
2767167,15,34,1631,2014,1024.0,0.0,1.7116790000000002,-0.140232,AUT,BRN,8413
2767168,18,34,1631,2014,1713.0,0.0,1.234156,1.226441,BEL,BRN,8413
2767169,39,34,1631,2014,11094.0,0.0,0.671395,1.024683,CAN,BRN,8413
2767170,41,34,1631,2014,32247.0,0.0,2.2000919999999997,0.65398,CHE,BRN,8413
2767171,43,34,1631,2014,1312655.0,0.0,1.187557,1.222085,CHN,BRN,8413
2767172,59,34,1631,2014,963.0,0.0,1.8105830000000003,0.131131,CZE,BRN,8413
2767173,61,34,1631,2014,1192190.0,861323.0,2.052849,-2.888805,DEU,BRN,8413
2767174,64,34,1631,2014,16983.0,0.0,1.10869,1.245193,DNK,BRN,8413
2767175,71,34,1631,2014,9463.0,0.0,0.842147,2.45692,ESP,BRN,8413
2767176,74,34,1631,2014,13544.0,0.0,1.626355,1.002923,FIN,BRN,8413
2767177,77,34,1631,2014,131313.0,0.0,1.4817790000000002,0.30995,FRA,BRN,8413
2767178,81,34,1631,2014,2874136.0,15297.0,1.697964,0.585372,GBR,BRN,8413
2767179,97,34,1631,2014,3350.0,0.0,0.812132,1.722493,HKG,BRN,8413
2767180,102,34,1631,2014,2239.0,0.0,1.477093,0.812869,HUN,BRN,8413
2767181,103,34,1631,2014,58977.0,55560.0,-0.088032,1.3966459999999998,IDN,BRN,8413
2767182,104,34,1631,2014,196487.0,1668.0,0.262042,2.6305080000000003,IND,BRN,8413
2767183,106,34,1631,2014,37822.0,0.0,1.2658399999999999,0.278546,IRL,BRN,8413
2767184,107,34,1631,2014,98655.0,0.0,-0.361058,-0.312743,IRN,BRN,8413
2767185,111,34,1631,2014,343103.0,2469.0,1.340136,0.43931099999999995,ITA,BRN,8413
2767186,114,34,1631,2014,1697053.0,0.0,2.403165,-0.635024,JPN,BRN,8413
2767187,121,34,1631,2014,348385.0,0.0,1.817145,0.8394530000000001,KOR,BRN,8413
2767188,131,34,1631,2014,353784.0,0.0,1.243845,1.155474,LUX,BRN,8413
2767189,138,34,1631,2014,1081.0,0.0,1.0799729999999998,0.697554,MEX,BRN,8413
2767190,153,34,1631,2014,3179782.0,824979.0,1.018138,0.774649,MYS,BRN,8413
2767191,162,34,1631,2014,571590.0,721.0,1.179325,1.355071,NLD,BRN,8413
2767192,163,34,1631,2014,57115.0,0.0,0.9187049999999999,0.182685,NOR,BRN,8413
2767193,177,34,1631,2014,88768.0,0.0,1.133102,1.177165,POL,BRN,8413
2767194,192,34,1631,2014,7131080.0,409217.0,1.867492,0.626736,SGP,BRN,8413
2767195,208,34,1631,2014,16266.0,0.0,1.817752,0.558474,SWE,BRN,8413
2767196,216,34,1631,2014,928739.0,189258.0,0.977094,1.41283,THA,BRN,8413
2767197,231,34,1631,2014,7375057.0,29150.0,1.61227,0.068905,USA,BRN,8413
2767198,246,34,1631,2014,10123.0,0.0,0.282927,1.723214,ZAF,BRN,8413
2767199,249,34,1631,2014,103463.0,0.0,1.9044189999999999,1.0595139999999998,TWN,BRN,8413
2767200,13,63,1631,2014,4767.0,0.0,0.169764,-0.621576,ATG,DMA,8413
2767201,39,63,1631,2014,86340.0,0.0,0.671395,1.024683,CAN,DMA,8413
2767202,43,63,1631,2014,15657.0,0.0,1.187557,1.222085,CHN,DMA,8413
2767203,61,63,1631,2014,82727.0,0.0,2.052849,-2.888805,DEU,DMA,8413
2767204,68,63,1631,2014,0.0,8284.0,-0.086866,1.7419669999999998,EGY,DMA,8413
2767205,77,63,1631,2014,0.0,2638.0,1.4817790000000002,0.30995,FRA,DMA,8413
2767206,81,63,1631,2014,39114.0,0.0,1.697964,0.585372,GBR,DMA,8413
2767207,114,63,1631,2014,15326.0,0.0,2.403165,-0.635024,JPN,DMA,8413
2767208,160,63,1631,2014,1500.0,0.0,-0.938269,-0.839066,NIC,DMA,8413
2767209,222,63,1631,2014,16505.0,0.0,-0.57362,-1.117545,TTO,DMA,8413
2767210,231,63,1631,2014,207565.0,5340.0,1.61227,0.068905,USA,DMA,8413
2767211,7,69,1631,2014,231019.0,0.0,0.087775,-0.289459,ARE,ERI,8413
2767212,14,69,1631,2014,31982.0,0.0,-0.398273,-0.17128,AUS,ERI,8413
2767213,18,69,1631,2014,24127.0,0.0,1.234156,1.226441,BEL,ERI,8413
2767214,43,69,1631,2014,733489.0,0.0,1.187557,1.222085,CHN,ERI,8413
2767215,61,69,1631,2014,437919.0,0.0,2.052849,-2.888805,DEU,ERI,8413
2767216,64,69,1631,2014,1224.0,0.0,1.10869,1.245193,DNK,ERI,8413
2767217,77,69,1631,2014,8146.0,0.0,1.4817790000000002,0.30995,FRA,ERI,8413
2767218,81,69,1631,2014,24655.0,0.0,1.697964,0.585372,GBR,ERI,8413
2767219,104,69,1631,2014,50528.0,0.0,0.262042,2.6305080000000003,IND,ERI,8413
2767220,111,69,1631,2014,99487.0,0.0,1.340136,0.43931099999999995,ITA,ERI,8413
2767221,114,69,1631,2014,2096.0,0.0,2.403165,-0.635024,JPN,ERI,8413
2767222,208,69,1631,2014,16824.0,0.0,1.817752,0.558474,SWE,ERI,8413
2767223,246,69,1631,2014,312260.0,0.0,0.282927,1.723214,ZAF,ERI,8413
2767224,18,78,1631,2014,27415.0,0.0,1.234156,1.226441,BEL,FRO,8413
2767225,39,78,1631,2014,13662.0,0.0,0.671395,1.024683,CAN,FRO,8413
2767226,61,78,1631,2014,95686.0,0.0,2.052849,-2.888805,DEU,FRO,8413
2767227,64,78,1631,2014,1448900.0,13397.0,1.10869,1.245193,DNK,FRO,8413
2767228,71,78,1631,2014,15034.0,0.0,0.842147,2.45692,ESP,FRO,8413
2767229,74,78,1631,2014,37177.0,10339.0,1.626355,1.002923,FIN,FRO,8413
2767230,77,78,1631,2014,5562.0,0.0,1.4817790000000002,0.30995,FRA,FRO,8413
2767231,81,78,1631,2014,101356.0,0.0,1.697964,0.585372,GBR,FRO,8413
2767232,106,78,1631,2014,276217.0,0.0,1.2658399999999999,0.278546,IRL,FRO,8413
2767233,109,78,1631,2014,552926.0,23002.0,0.127891,-0.302014,ISL,FRO,8413
2767234,111,78,1631,2014,37840.0,0.0,1.340136,0.43931099999999995,ITA,FRO,8413
2767235,130,78,1631,2014,17038.0,0.0,0.764495,1.3451540000000002,LTU,FRO,8413
2767236,162,78,1631,2014,374635.0,0.0,1.179325,1.355071,NLD,FRO,8413
2767237,163,78,1631,2014,585147.0,11929.0,0.9187049999999999,0.182685,NOR,FRO,8413
2767238,186,78,1631,2014,1980.0,0.0,0.229422,-0.214856,RUS,FRO,8413
2767239,208,78,1631,2014,22124.0,0.0,1.817752,0.558474,SWE,FRO,8413
2767240,231,78,1631,2014,3155.0,4004.0,1.61227,0.068905,USA,FRO,8413
2767241,7,87,1631,2014,9919.0,0.0,0.087775,-0.289459,ARE,GMB,8413
2767242,18,87,1631,2014,6291.0,4285.0,1.234156,1.226441,BEL,GMB,8413
2767243,43,87,1631,2014,76396.0,0.0,1.187557,1.222085,CHN,GMB,8413
2767244,61,87,1631,2014,51602.0,0.0,2.052849,-2.888805,DEU,GMB,8413
2767245,64,87,1631,2014,26543.0,0.0,1.10869,1.245193,DNK,GMB,8413
2767246,71,87,1631,2014,142414.0,0.0,0.842147,2.45692,ESP,GMB,8413
2767247,77,87,1631,2014,31397.0,0.0,1.4817790000000002,0.30995,FRA,GMB,8413
2767248,81,87,1631,2014,37177.0,0.0,1.697964,0.585372,GBR,GMB,8413
2767249,104,87,1631,2014,716227.0,0.0,0.262042,2.6305080000000003,IND,GMB,8413
2767250,111,87,1631,2014,162229.0,0.0,1.340136,0.43931099999999995,ITA,GMB,8413
2767251,124,87,1631,2014,32587.0,0.0,0.308677,1.7564490000000001,LBN,GMB,8413
2767252,162,87,1631,2014,66806.0,0.0,1.179325,1.355071,NLD,GMB,8413
2767253,177,87,1631,2014,2225.0,0.0,1.133102,1.177165,POL,GMB,8413
2767254,179,87,1631,2014,39497.0,0.0,0.621053,2.349644,PRT,GMB,8413
2767255,191,87,1631,2014,34586.0,0.0,-0.502607,-0.08866,SEN,GMB,8413
2767256,196,87,1631,2014,0.0,1658.0,-0.9228569999999999,-0.791482,SLE,GMB,8413
2767257,246,87,1631,2014,9356.0,0.0,0.282927,1.723214,ZAF,GMB,8413
2767258,18,88,1631,2014,1082.0,0.0,1.234156,1.226441,BEL,GNB,8413
2767259,43,88,1631,2014,55787.0,0.0,1.187557,1.222085,CHN,GNB,8413
2767260,61,88,1631,2014,156040.0,0.0,2.052849,-2.888805,DEU,GNB,8413
2767261,68,88,1631,2014,25051.0,0.0,-0.086866,1.7419669999999998,EGY,GNB,8413
2767262,71,88,1631,2014,1782.0,0.0,0.842147,2.45692,ESP,GNB,8413
2767263,77,88,1631,2014,4388.0,0.0,1.4817790000000002,0.30995,FRA,GNB,8413
2767264,81,88,1631,2014,1976.0,0.0,1.697964,0.585372,GBR,GNB,8413
2767265,104,88,1631,2014,662989.0,0.0,0.262042,2.6305080000000003,IND,GNB,8413
2767266,111,88,1631,2014,12181.0,0.0,1.340136,0.43931099999999995,ITA,GNB,8413
2767267,114,88,1631,2014,4202.0,0.0,2.403165,-0.635024,JPN,GNB,8413
2767268,162,88,1631,2014,2396.0,0.0,1.179325,1.355071,NLD,GNB,8413
2767269,179,88,1631,2014,85889.0,0.0,0.621053,2.349644,PRT,GNB,8413
2767270,191,88,1631,2014,30632.0,0.0,-0.502607,-0.08866,SEN,GNB,8413
2767271,7,101,1631,2014,10062.0,0.0,0.087775,-0.289459,ARE,HTI,8413
2767272,18,101,1631,2014,7148.0,0.0,1.234156,1.226441,BEL,HTI,8413
2767273,32,101,1631,2014,175415.0,0.0,0.218223,0.556921,BRA,HTI,8413
2767274,39,101,1631,2014,54676.0,0.0,0.671395,1.024683,CAN,HTI,8413
2767275,41,101,1631,2014,28481.0,0.0,2.2000919999999997,0.65398,CHE,HTI,8413
2767276,43,101,1631,2014,897638.0,0.0,1.187557,1.222085,CHN,HTI,8413
2767277,61,101,1631,2014,95227.0,0.0,2.052849,-2.888805,DEU,HTI,8413
2767278,64,101,1631,2014,5401.0,0.0,1.10869,1.245193,DNK,HTI,8413
2767279,65,101,1631,2014,139513.0,0.0,-0.180845,0.508512,DOM,HTI,8413
2767280,71,101,1631,2014,33306.0,0.0,0.842147,2.45692,ESP,HTI,8413
2767281,77,101,1631,2014,71634.0,0.0,1.4817790000000002,0.30995,FRA,HTI,8413
2767282,81,101,1631,2014,84906.0,2593.0,1.697964,0.585372,GBR,HTI,8413
2767283,90,101,1631,2014,1020.0,0.0,0.149337,0.8560540000000001,GRC,HTI,8413
2767284,104,101,1631,2014,94456.0,3260.0,0.262042,2.6305080000000003,IND,HTI,8413
2767285,106,101,1631,2014,29359.0,0.0,1.2658399999999999,0.278546,IRL,HTI,8413
2767286,111,101,1631,2014,162494.0,0.0,1.340136,0.43931099999999995,ITA,HTI,8413
2767287,114,101,1631,2014,5043.0,0.0,2.403165,-0.635024,JPN,HTI,8413
2767288,121,101,1631,2014,988602.0,0.0,1.817145,0.8394530000000001,KOR,HTI,8413
2767289,138,101,1631,2014,116049.0,0.0,1.0799729999999998,0.697554,MEX,HTI,8413
2767290,162,101,1631,2014,44098.0,0.0,1.179325,1.355071,NLD,HTI,8413
2767291,169,101,1631,2014,45201.0,0.0,0.771742,0.9873190000000001,PAN,HTI,8413
2767292,173,101,1631,2014,9066.0,0.0,-0.557833,0.611826,PER,HTI,8413
2767293,216,101,1631,2014,5460.0,0.0,0.977094,1.41283,THA,HTI,8413
2767294,231,101,1631,2014,2550003.0,329636.0,1.61227,0.068905,USA,HTI,8413
2767295,249,101,1631,2014,41828.0,0.0,1.9044189999999999,1.0595139999999998,TWN,HTI,8413
2767296,14,119,1631,2014,43130.0,0.0,-0.398273,-0.17128,AUS,KIR,8413
2767297,41,119,1631,2014,1822.0,0.0,2.2000919999999997,0.65398,CHE,KIR,8413
2767298,43,119,1631,2014,29217.0,0.0,1.187557,1.222085,CHN,KIR,8413
2767299,71,119,1631,2014,2437.0,0.0,0.842147,2.45692,ESP,KIR,8413
2767300,75,119,1631,2014,22616.0,0.0,-0.306346,-0.07688500000000001,FJI,KIR,8413
2767301,97,119,1631,2014,413.0,0.0,0.812132,1.722493,HKG,KIR,8413
2767302,114,119,1631,2014,8325.0,0.0,2.403165,-0.635024,JPN,KIR,8413
2767303,121,119,1631,2014,90194.0,0.0,1.817145,0.8394530000000001,KOR,KIR,8413
2767304,153,119,1631,2014,2670.0,0.0,1.018138,0.774649,MYS,KIR,8413
2767305,166,119,1631,2014,50750.0,0.0,0.272502,0.21628699999999998,NZL,KIR,8413
2767306,231,119,1631,2014,1690.0,0.0,1.61227,0.068905,USA,KIR,8413
2767307,249,119,1631,2014,4096.0,0.0,1.9044189999999999,1.0595139999999998,TWN,KIR,8413
2767308,43,129,1631,2014,87943.0,3399.0,1.187557,1.222085,CHN,LSO,8413
2767309,61,129,1631,2014,15289.0,0.0,2.052849,-2.888805,DEU,LSO,8413
2767310,104,129,1631,2014,9979.0,0.0,0.262042,2.6305080000000003,IND,LSO,8413
2767311,114,129,1631,2014,23760.0,0.0,2.403165,-0.635024,JPN,LSO,8413
2767312,231,129,1631,2014,0.0,1658.0,1.61227,0.068905,USA,LSO,8413
2767313,246,129,1631,2014,2397776.0,92718.0,0.282927,1.723214,ZAF,LSO,8413
2767314,249,129,1631,2014,20315.0,0.0,1.9044189999999999,1.0595139999999998,TWN,LSO,8413
2767315,7,137,1631,2014,40571.0,0.0,0.087775,-0.289459,ARE,MDV,8413
2767316,14,137,1631,2014,201408.0,0.0,-0.398273,-0.17128,AUS,MDV,8413
2767317,15,137,1631,2014,17630.0,0.0,1.7116790000000002,-0.140232,AUT,MDV,8413
2767318,18,137,1631,2014,20013.0,0.0,1.234156,1.226441,BEL,MDV,8413
2767319,39,137,1631,2014,36127.0,1591.0,0.671395,1.024683,CAN,MDV,8413
2767320,41,137,1631,2014,53580.0,0.0,2.2000919999999997,0.65398,CHE,MDV,8413
2767321,43,137,1631,2014,385369.0,0.0,1.187557,1.222085,CHN,MDV,8413
2767322,59,137,1631,2014,109131.0,5513.0,1.8105830000000003,0.131131,CZE,MDV,8413
2767323,61,137,1631,2014,162496.0,0.0,2.052849,-2.888805,DEU,MDV,8413
2767324,64,137,1631,2014,319555.0,0.0,1.10869,1.245193,DNK,MDV,8413
2767325,68,137,1631,2014,0.0,243158.0,-0.086866,1.7419669999999998,EGY,MDV,8413
2767326,71,137,1631,2014,1269.0,0.0,0.842147,2.45692,ESP,MDV,8413
2767327,74,137,1631,2014,13744.0,0.0,1.626355,1.002923,FIN,MDV,8413
2767328,77,137,1631,2014,15207.0,0.0,1.4817790000000002,0.30995,FRA,MDV,8413
2767329,81,137,1631,2014,43144.0,0.0,1.697964,0.585372,GBR,MDV,8413
2767330,97,137,1631,2014,46797.0,0.0,0.812132,1.722493,HKG,MDV,8413
2767331,102,137,1631,2014,16074.0,0.0,1.477093,0.812869,HUN,MDV,8413
2767332,103,137,1631,2014,149997.0,0.0,-0.088032,1.3966459999999998,IDN,MDV,8413
2767333,104,137,1631,2014,825006.0,0.0,0.262042,2.6305080000000003,IND,MDV,8413
2767334,106,137,1631,2014,490.0,0.0,1.2658399999999999,0.278546,IRL,MDV,8413
2767335,111,137,1631,2014,266761.0,0.0,1.340136,0.43931099999999995,ITA,MDV,8413
2767336,114,137,1631,2014,191581.0,0.0,2.403165,-0.635024,JPN,MDV,8413
2767337,121,137,1631,2014,508832.0,0.0,1.817145,0.8394530000000001,KOR,MDV,8413
2767338,128,137,1631,2014,92094.0,2584.0,-0.49366899999999997,0.338686,LKA,MDV,8413
2767339,153,137,1631,2014,74916.0,0.0,1.018138,0.774649,MYS,MDV,8413
2767340,162,137,1631,2014,132932.0,0.0,1.179325,1.355071,NLD,MDV,8413
2767341,166,137,1631,2014,20909.0,0.0,0.272502,0.21628699999999998,NZL,MDV,8413
2767342,186,137,1631,2014,5494.0,0.0,0.229422,-0.214856,RUS,MDV,8413
2767343,192,137,1631,2014,1619114.0,3181.0,1.867492,0.626736,SGP,MDV,8413
2767344,207,137,1631,2014,5070.0,0.0,1.6558669999999998,0.6814399999999999,SVN,MDV,8413
2767345,208,137,1631,2014,80450.0,0.0,1.817752,0.558474,SWE,MDV,8413
2767346,216,137,1631,2014,437484.0,0.0,0.977094,1.41283,THA,MDV,8413
2767347,224,137,1631,2014,22623.0,0.0,0.554761,2.385693,TUR,MDV,8413
2767348,231,137,1631,2014,435808.0,2837.0,1.61227,0.068905,USA,MDV,8413
2767349,249,137,1631,2014,42654.0,0.0,1.9044189999999999,1.0595139999999998,TWN,MDV,8413
2767350,7,143,1631,2014,925101.0,0.0,0.087775,-0.289459,ARE,MMR,8413
2767351,14,143,1631,2014,54112.0,0.0,-0.398273,-0.17128,AUS,MMR,8413
2767352,15,143,1631,2014,5990.0,0.0,1.7116790000000002,-0.140232,AUT,MMR,8413
2767353,18,143,1631,2014,178597.0,0.0,1.234156,1.226441,BEL,MMR,8413
2767354,22,143,1631,2014,4383.0,0.0,-1.0341879999999999,-0.9614870000000001,BGD,MMR,8413
2767355,23,143,1631,2014,45451.0,0.0,0.579058,1.6558110000000001,BGR,MMR,8413
2767356,39,143,1631,2014,20949.0,0.0,0.671395,1.024683,CAN,MMR,8413
2767357,41,143,1631,2014,72826.0,0.0,2.2000919999999997,0.65398,CHE,MMR,8413
2767358,43,143,1631,2014,47022835.0,0.0,1.187557,1.222085,CHN,MMR,8413
2767359,45,143,1631,2014,27888.0,0.0,-0.6723520000000001,-0.945084,CMR,MMR,8413
2767360,59,143,1631,2014,8324.0,0.0,1.8105830000000003,0.131131,CZE,MMR,8413
2767361,61,143,1631,2014,615721.0,0.0,2.052849,-2.888805,DEU,MMR,8413
2767362,64,143,1631,2014,1871.0,1303.0,1.10869,1.245193,DNK,MMR,8413
2767363,71,143,1631,2014,48418.0,0.0,0.842147,2.45692,ESP,MMR,8413
2767364,77,143,1631,2014,1281549.0,0.0,1.4817790000000002,0.30995,FRA,MMR,8413
2767365,81,143,1631,2014,180156.0,1735.0,1.697964,0.585372,GBR,MMR,8413
2767366,97,143,1631,2014,86279.0,1913.0,0.812132,1.722493,HKG,MMR,8413
2767367,103,143,1631,2014,416099.0,0.0,-0.088032,1.3966459999999998,IDN,MMR,8413
2767368,104,143,1631,2014,2378163.0,5142.0,0.262042,2.6305080000000003,IND,MMR,8413
2767369,107,143,1631,2014,465958.0,0.0,-0.361058,-0.312743,IRN,MMR,8413
2767370,110,143,1631,2014,174152.0,0.0,1.211141,0.64523,ISR,MMR,8413
2767371,111,143,1631,2014,2048687.0,0.0,1.340136,0.43931099999999995,ITA,MMR,8413
2767372,114,143,1631,2014,1533518.0,0.0,2.403165,-0.635024,JPN,MMR,8413
2767373,121,143,1631,2014,747160.0,0.0,1.817145,0.8394530000000001,KOR,MMR,8413
2767374,130,143,1631,2014,76397.0,0.0,0.764495,1.3451540000000002,LTU,MMR,8413
2767375,153,143,1631,2014,7161752.0,0.0,1.018138,0.774649,MYS,MMR,8413
2767376,162,143,1631,2014,162280.0,0.0,1.179325,1.355071,NLD,MMR,8413
2767377,166,143,1631,2014,8288.0,0.0,0.272502,0.21628699999999998,NZL,MMR,8413
2767378,174,143,1631,2014,19957.0,0.0,0.637442,0.475883,PHL,MMR,8413
2767379,177,143,1631,2014,15272.0,0.0,1.133102,1.177165,POL,MMR,8413
2767380,186,143,1631,2014,279321.0,0.0,0.229422,-0.214856,RUS,MMR,8413
2767381,191,143,1631,2014,4583.0,0.0,-0.502607,-0.08866,SEN,MMR,8413
2767382,192,143,1631,2014,9646916.0,256045.0,1.867492,0.626736,SGP,MMR,8413
2767383,208,143,1631,2014,1764.0,0.0,1.817752,0.558474,SWE,MMR,8413
2767384,216,143,1631,2014,16381163.0,740064.0,0.977094,1.41283,THA,MMR,8413
2767385,224,143,1631,2014,209369.0,0.0,0.554761,2.385693,TUR,MMR,8413
2767386,228,143,1631,2014,150971.0,0.0,0.566535,0.832267,UKR,MMR,8413
2767387,231,143,1631,2014,1100544.0,0.0,1.61227,0.068905,USA,MMR,8413
2767388,236,143,1631,2014,8037.0,0.0,-0.582086,-1.081727,VEN,MMR,8413
2767389,239,143,1631,2014,284875.0,0.0,-0.023765,1.344416,VNM,MMR,8413
2767390,249,143,1631,2014,465932.0,0.0,1.9044189999999999,1.0595139999999998,TWN,MMR,8413
2767391,7,152,1631,2014,128596.0,0.0,0.087775,-0.289459,ARE,MWI,8413
2767392,14,152,1631,2014,4076.0,0.0,-0.398273,-0.17128,AUS,MWI,8413
2767393,15,152,1631,2014,1471.0,0.0,1.7116790000000002,-0.140232,AUT,MWI,8413
2767394,18,152,1631,2014,111232.0,0.0,1.234156,1.226441,BEL,MWI,8413
2767395,32,152,1631,2014,5029.0,0.0,0.218223,0.556921,BRA,MWI,8413
2767396,39,152,1631,2014,557.0,0.0,0.671395,1.024683,CAN,MWI,8413
2767397,41,152,1631,2014,11457.0,0.0,2.2000919999999997,0.65398,CHE,MWI,8413
2767398,43,152,1631,2014,225984.0,0.0,1.187557,1.222085,CHN,MWI,8413
2767399,61,152,1631,2014,36613.0,0.0,2.052849,-2.888805,DEU,MWI,8413
2767400,64,152,1631,2014,125411.0,0.0,1.10869,1.245193,DNK,MWI,8413
2767401,71,152,1631,2014,35744.0,0.0,0.842147,2.45692,ESP,MWI,8413
2767402,77,152,1631,2014,317850.0,0.0,1.4817790000000002,0.30995,FRA,MWI,8413
2767403,81,152,1631,2014,60965.0,2603.0,1.697964,0.585372,GBR,MWI,8413
2767404,97,152,1631,2014,2288.0,0.0,0.812132,1.722493,HKG,MWI,8413
2767405,104,152,1631,2014,1682923.0,0.0,0.262042,2.6305080000000003,IND,MWI,8413
2767406,106,152,1631,2014,7039.0,0.0,1.2658399999999999,0.278546,IRL,MWI,8413
2767407,110,152,1631,2014,76515.0,0.0,1.211141,0.64523,ISR,MWI,8413
2767408,111,152,1631,2014,33560.0,0.0,1.340136,0.43931099999999995,ITA,MWI,8413
2767409,114,152,1631,2014,11479.0,0.0,2.403165,-0.635024,JPN,MWI,8413
2767410,116,152,1631,2014,11951.0,0.0,-0.487058,0.307288,KEN,MWI,8413
2767411,121,152,1631,2014,31114.0,0.0,1.817145,0.8394530000000001,KOR,MWI,8413
2767412,124,152,1631,2014,4349.0,0.0,0.308677,1.7564490000000001,LBN,MWI,8413
2767413,147,152,1631,2014,7741.0,98889.0,-1.1993610000000001,-1.040181,MOZ,MWI,8413
2767414,151,152,1631,2014,1483.0,0.0,-0.029891,-0.12431099999999999,MUS,MWI,8413
2767415,155,152,1631,2014,820.0,0.0,-0.428227,-0.5632229999999999,NAM,MWI,8413
2767416,162,152,1631,2014,3106.0,0.0,1.179325,1.355071,NLD,MWI,8413
2767417,168,152,1631,2014,1943.0,0.0,-0.672924,0.566787,PAK,MWI,8413
2767418,179,152,1631,2014,24733.0,0.0,0.621053,2.349644,PRT,MWI,8413
2767419,190,152,1631,2014,0.0,39437.0,-1.442381,-1.1155030000000001,SDN,MWI,8413
2767420,209,152,1631,2014,1802.0,0.0,0.22972199999999998,-0.365564,SWZ,MWI,8413
2767421,226,152,1631,2014,0.0,8885.0,-1.054331,0.166345,TZA,MWI,8413
2767422,227,152,1631,2014,0.0,102371.0,-0.46911800000000003,0.25446599999999997,UGA,MWI,8413
2767423,231,152,1631,2014,47514.0,0.0,1.61227,0.068905,USA,MWI,8413
2767424,246,152,1631,2014,5238254.0,20322.0,0.282927,1.723214,ZAF,MWI,8413
2767425,247,152,1631,2014,15538.0,118033.0,-0.664089,-0.793452,ZMB,MWI,8413
2767426,248,152,1631,2014,3431.0,11963.0,-0.821369,-0.864232,ZWE,MWI,8413
2767427,249,152,1631,2014,9852.0,0.0,1.9044189999999999,1.0595139999999998,TWN,MWI,8413
2767428,14,156,1631,2014,4205193.0,60841.0,-0.398273,-0.17128,AUS,NCL,8413
2767429,15,156,1631,2014,88027.0,0.0,1.7116790000000002,-0.140232,AUT,NCL,8413
2767430,18,156,1631,2014,61024.0,15709.0,1.234156,1.226441,BEL,NCL,8413
2767431,39,156,1631,2014,20137.0,0.0,0.671395,1.024683,CAN,NCL,8413
2767432,41,156,1631,2014,9624.0,0.0,2.2000919999999997,0.65398,CHE,NCL,8413
2767433,43,156,1631,2014,153617.0,0.0,1.187557,1.222085,CHN,NCL,8413
2767434,49,156,1631,2014,102138.0,0.0,0.19864500000000002,-0.378364,COL,NCL,8413
2767435,59,156,1631,2014,18525.0,0.0,1.8105830000000003,0.131131,CZE,NCL,8413
2767436,61,156,1631,2014,1750762.0,0.0,2.052849,-2.888805,DEU,NCL,8413
2767437,64,156,1631,2014,3937.0,0.0,1.10869,1.245193,DNK,NCL,8413
2767438,71,156,1631,2014,60872.0,0.0,0.842147,2.45692,ESP,NCL,8413
2767439,74,156,1631,2014,4729.0,0.0,1.626355,1.002923,FIN,NCL,8413
2767440,75,156,1631,2014,3599.0,0.0,-0.306346,-0.07688500000000001,FJI,NCL,8413
2767441,77,156,1631,2014,5672474.0,63495.0,1.4817790000000002,0.30995,FRA,NCL,8413
2767442,81,156,1631,2014,252957.0,2383.0,1.697964,0.585372,GBR,NCL,8413
2767443,97,156,1631,2014,28328.0,0.0,0.812132,1.722493,HKG,NCL,8413
2767444,102,156,1631,2014,994.0,0.0,1.477093,0.812869,HUN,NCL,8413
2767445,104,156,1631,2014,102150.0,0.0,0.262042,2.6305080000000003,IND,NCL,8413
2767446,106,156,1631,2014,30129.0,0.0,1.2658399999999999,0.278546,IRL,NCL,8413
2767447,110,156,1631,2014,6646.0,0.0,1.211141,0.64523,ISR,NCL,8413
2767448,111,156,1631,2014,475352.0,1923.0,1.340136,0.43931099999999995,ITA,NCL,8413
2767449,114,156,1631,2014,829006.0,0.0,2.403165,-0.635024,JPN,NCL,8413
2767450,121,156,1631,2014,22017.0,2675.0,1.817145,0.8394530000000001,KOR,NCL,8413
2767451,138,156,1631,2014,4914.0,0.0,1.0799729999999998,0.697554,MEX,NCL,8413
2767452,153,156,1631,2014,45406.0,0.0,1.018138,0.774649,MYS,NCL,8413
2767453,162,156,1631,2014,59072.0,0.0,1.179325,1.355071,NLD,NCL,8413
2767454,163,156,1631,2014,2314.0,0.0,0.9187049999999999,0.182685,NOR,NCL,8413
2767455,166,156,1631,2014,510384.0,9570.0,0.272502,0.21628699999999998,NZL,NCL,8413
2767456,177,156,1631,2014,1551.0,0.0,1.133102,1.177165,POL,NCL,8413
2767457,178,156,1631,2014,10985.0,0.0,-0.23883000000000001,-0.009727,PRK,NCL,8413
2767458,179,156,1631,2014,2169.0,0.0,0.621053,2.349644,PRT,NCL,8413
2767459,182,156,1631,2014,4645.0,7932.0,0.008831,-0.6268279999999999,PYF,NCL,8413
2767460,185,156,1631,2014,1295.0,0.0,0.9112,1.188161,ROU,NCL,8413
2767461,192,156,1631,2014,140169.0,38875.0,1.867492,0.626736,SGP,NCL,8413
2767462,208,156,1631,2014,68554.0,0.0,1.817752,0.558474,SWE,NCL,8413
2767463,216,156,1631,2014,14293.0,0.0,0.977094,1.41283,THA,NCL,8413
2767464,224,156,1631,2014,1853.0,0.0,0.554761,2.385693,TUR,NCL,8413
2767465,231,156,1631,2014,167371.0,15046.0,1.61227,0.068905,USA,NCL,8413
2767466,240,156,1631,2014,0.0,2811.0,-1.21245,-0.941493,VUT,NCL,8413
2767467,241,156,1631,2014,0.0,3105.0,1.0165819999999999,-0.481415,WLF,NCL,8413
2767468,249,156,1631,2014,13174.0,0.0,1.9044189999999999,1.0595139999999998,TWN,NCL,8413
2767469,250,156,1631,2014,2331.0,291977.0,0.506842,0.049545,ANS,NCL,8413
2767470,7,157,1631,2014,70925.0,0.0,0.087775,-0.289459,ARE,NER,8413
2767471,14,157,1631,2014,0.0,1110.0,-0.398273,-0.17128,AUS,NER,8413
2767472,15,157,1631,2014,53436.0,0.0,1.7116790000000002,-0.140232,AUT,NER,8413
2767473,18,157,1631,2014,152942.0,1518.0,1.234156,1.226441,BEL,NER,8413
2767474,21,157,1631,2014,9876.0,3871.0,-0.922401,-0.9554379999999999,BFA,NER,8413
2767475,32,157,1631,2014,90.0,0.0,0.218223,0.556921,BRA,NER,8413
2767476,39,157,1631,2014,11843.0,2079.0,0.671395,1.024683,CAN,NER,8413
2767477,41,157,1631,2014,22272.0,0.0,2.2000919999999997,0.65398,CHE,NER,8413
2767478,43,157,1631,2014,6629073.0,0.0,1.187557,1.222085,CHN,NER,8413
2767479,44,157,1631,2014,316575.0,0.0,-0.737625,-0.768728,CIV,NER,8413
2767480,54,157,1631,2014,792841.0,0.0,-0.476786,-0.952291,CUB,NER,8413
2767481,61,157,1631,2014,329133.0,0.0,2.052849,-2.888805,DEU,NER,8413
2767482,64,157,1631,2014,15406.0,0.0,1.10869,1.245193,DNK,NER,8413
2767483,66,157,1631,2014,2004.0,0.0,-1.5554649999999999,-1.1657030000000002,DZA,NER,8413
2767484,71,157,1631,2014,16017.0,0.0,0.842147,2.45692,ESP,NER,8413
2767485,77,157,1631,2014,4115786.0,946.0,1.4817790000000002,0.30995,FRA,NER,8413
2767486,81,157,1631,2014,96216.0,0.0,1.697964,0.585372,GBR,NER,8413
2767487,103,157,1631,2014,0.0,479.0,-0.088032,1.3966459999999998,IDN,NER,8413
2767488,104,157,1631,2014,217879.0,0.0,0.262042,2.6305080000000003,IND,NER,8413
2767489,111,157,1631,2014,49932.0,0.0,1.340136,0.43931099999999995,ITA,NER,8413
2767490,114,157,1631,2014,1214.0,0.0,2.403165,-0.635024,JPN,NER,8413
2767491,121,157,1631,2014,0.0,1066.0,1.817145,0.8394530000000001,KOR,NER,8413
2767492,124,157,1631,2014,1637.0,0.0,0.308677,1.7564490000000001,LBN,NER,8413
2767493,134,157,1631,2014,4475.0,0.0,-0.574034,0.065788,MAR,NER,8413
2767494,159,157,1631,2014,206587.0,464.0,-1.2126430000000001,-1.059697,NGA,NER,8413
2767495,162,157,1631,2014,111837.0,0.0,1.179325,1.355071,NLD,NER,8413
2767496,191,157,1631,2014,1306.0,0.0,-0.502607,-0.08866,SEN,NER,8413
2767497,192,157,1631,2014,1370.0,780.0,1.867492,0.626736,SGP,NER,8413
2767498,208,157,1631,2014,22645.0,0.0,1.817752,0.558474,SWE,NER,8413
2767499,215,157,1631,2014,66026.0,0.0,-0.524103,-0.537643,TGO,NER,8413
2767500,224,157,1631,2014,8619.0,0.0,0.554761,2.385693,TUR,NER,8413
2767501,228,157,1631,2014,17531.0,0.0,0.566535,0.832267,UKR,NER,8413
2767502,231,157,1631,2014,580621.0,1292.0,1.61227,0.068905,USA,NER,8413
2767503,246,157,1631,2014,18236.0,0.0,0.282927,1.723214,ZAF,NER,8413
2767504,250,157,1631,2014,232869.0,0.0,0.506842,0.049545,ANS,NER,8413
2767505,14,176,1631,2014,29380494.0,239409.0,-0.398273,-0.17128,AUS,PNG,8413
2767506,15,176,1631,2014,10955.0,0.0,1.7116790000000002,-0.140232,AUT,PNG,8413
2767507,18,176,1631,2014,1742.0,0.0,1.234156,1.226441,BEL,PNG,8413
2767508,39,176,1631,2014,62421.0,0.0,0.671395,1.024683,CAN,PNG,8413
2767509,41,176,1631,2014,3948.0,0.0,2.2000919999999997,0.65398,CHE,PNG,8413
2767510,43,176,1631,2014,2558261.0,0.0,1.187557,1.222085,CHN,PNG,8413
2767511,59,176,1631,2014,5468.0,0.0,1.8105830000000003,0.131131,CZE,PNG,8413
2767512,61,176,1631,2014,2505382.0,1415.0,2.052849,-2.888805,DEU,PNG,8413
2767513,64,176,1631,2014,22645.0,0.0,1.10869,1.245193,DNK,PNG,8413
2767514,71,176,1631,2014,9795.0,0.0,0.842147,2.45692,ESP,PNG,8413
2767515,74,176,1631,2014,7082.0,0.0,1.626355,1.002923,FIN,PNG,8413
2767516,75,176,1631,2014,12084.0,4425.0,-0.306346,-0.07688500000000001,FJI,PNG,8413
2767517,77,176,1631,2014,45633.0,23189.0,1.4817790000000002,0.30995,FRA,PNG,8413
2767518,81,176,1631,2014,232938.0,0.0,1.697964,0.585372,GBR,PNG,8413
2767519,97,176,1631,2014,11305.0,0.0,0.812132,1.722493,HKG,PNG,8413
2767520,103,176,1631,2014,52827.0,84200.0,-0.088032,1.3966459999999998,IDN,PNG,8413
2767521,104,176,1631,2014,112635.0,0.0,0.262042,2.6305080000000003,IND,PNG,8413
2767522,111,176,1631,2014,104221.0,0.0,1.340136,0.43931099999999995,ITA,PNG,8413
2767523,114,176,1631,2014,548657.0,0.0,2.403165,-0.635024,JPN,PNG,8413
2767524,121,176,1631,2014,72075.0,0.0,1.817145,0.8394530000000001,KOR,PNG,8413
2767525,153,176,1631,2014,384064.0,160320.0,1.018138,0.774649,MYS,PNG,8413
2767526,162,176,1631,2014,366209.0,210041.0,1.179325,1.355071,NLD,PNG,8413
2767527,163,176,1631,2014,38328.0,0.0,0.9187049999999999,0.182685,NOR,PNG,8413
2767528,166,176,1631,2014,325793.0,0.0,0.272502,0.21628699999999998,NZL,PNG,8413
2767529,174,176,1631,2014,6674.0,0.0,0.637442,0.475883,PHL,PNG,8413
2767530,192,176,1631,2014,844733.0,66918.0,1.867492,0.626736,SGP,PNG,8413
2767531,195,176,1631,2014,219478.0,24525.0,-0.862089,-0.9075840000000001,SLB,PNG,8413
2767532,208,176,1631,2014,0.0,7995.0,1.817752,0.558474,SWE,PNG,8413
2767533,216,176,1631,2014,52466.0,0.0,0.977094,1.41283,THA,PNG,8413
2767534,224,176,1631,2014,27790.0,0.0,0.554761,2.385693,TUR,PNG,8413
2767535,231,176,1631,2014,1015492.0,87075.0,1.61227,0.068905,USA,PNG,8413
2767536,239,176,1631,2014,1677.0,0.0,-0.023765,1.344416,VNM,PNG,8413
2767537,246,176,1631,2014,40249.0,0.0,0.282927,1.723214,ZAF,PNG,8413
2767538,249,176,1631,2014,89336.0,0.0,1.9044189999999999,1.0595139999999998,TWN,PNG,8413
2767539,7,187,1631,2014,138723.0,0.0,0.087775,-0.289459,ARE,RWA,8413
2767540,17,187,1631,2014,0.0,28264.0,-0.242256,-0.8567879999999999,BDI,RWA,8413
2767541,18,187,1631,2014,323955.0,0.0,1.234156,1.226441,BEL,RWA,8413
2767542,39,187,1631,2014,73523.0,0.0,0.671395,1.024683,CAN,RWA,8413
2767543,43,187,1631,2014,544726.0,0.0,1.187557,1.222085,CHN,RWA,8413
2767544,46,187,1631,2014,0.0,3342.0,-1.6680240000000002,-1.1265129999999999,COD,RWA,8413
2767545,61,187,1631,2014,110665.0,5889.0,2.052849,-2.888805,DEU,RWA,8413
2767546,64,187,1631,2014,4429.0,0.0,1.10869,1.245193,DNK,RWA,8413
2767547,71,187,1631,2014,95873.0,0.0,0.842147,2.45692,ESP,RWA,8413
2767548,77,187,1631,2014,545114.0,0.0,1.4817790000000002,0.30995,FRA,RWA,8413
2767549,81,187,1631,2014,7341.0,0.0,1.697964,0.585372,GBR,RWA,8413
2767550,97,187,1631,2014,10827.0,0.0,0.812132,1.722493,HKG,RWA,8413
2767551,104,187,1631,2014,343474.0,0.0,0.262042,2.6305080000000003,IND,RWA,8413
2767552,111,187,1631,2014,245178.0,0.0,1.340136,0.43931099999999995,ITA,RWA,8413
2767553,114,187,1631,2014,15067.0,0.0,2.403165,-0.635024,JPN,RWA,8413
2767554,116,187,1631,2014,183839.0,1564.0,-0.487058,0.307288,KEN,RWA,8413
2767555,121,187,1631,2014,107239.0,0.0,1.817145,0.8394530000000001,KOR,RWA,8413
2767556,131,187,1631,2014,2206.0,0.0,1.243845,1.155474,LUX,RWA,8413
2767557,162,187,1631,2014,138207.0,0.0,1.179325,1.355071,NLD,RWA,8413
2767558,179,187,1631,2014,53697.0,0.0,0.621053,2.349644,PRT,RWA,8413
2767559,186,187,1631,2014,4952.0,0.0,0.229422,-0.214856,RUS,RWA,8413
2767560,192,187,1631,2014,1197.0,0.0,1.867492,0.626736,SGP,RWA,8413
2767561,208,187,1631,2014,812.0,0.0,1.817752,0.558474,SWE,RWA,8413
2767562,216,187,1631,2014,1494.0,0.0,0.977094,1.41283,THA,RWA,8413
2767563,224,187,1631,2014,29222.0,0.0,0.554761,2.385693,TUR,RWA,8413
2767564,227,187,1631,2014,57453.0,485.0,-0.46911800000000003,0.25446599999999997,UGA,RWA,8413
2767565,231,187,1631,2014,29780.0,0.0,1.61227,0.068905,USA,RWA,8413
2767566,246,187,1631,2014,160914.0,0.0,0.282927,1.723214,ZAF,RWA,8413
2767567,247,187,1631,2014,4044.0,0.0,-0.664089,-0.793452,ZMB,RWA,8413
2767568,81,194,1631,2014,41952.0,27444.0,1.697964,0.585372,GBR,SHN,8413
2767569,155,194,1631,2014,247738.0,0.0,-0.428227,-0.5632229999999999,NAM,SHN,8413
2767570,246,194,1631,2014,217475.0,0.0,0.282927,1.723214,ZAF,SHN,8413
2767571,14,195,1631,2014,401997.0,30962.0,-0.398273,-0.17128,AUS,SLB,8413
2767572,43,195,1631,2014,69964.0,0.0,1.187557,1.222085,CHN,SLB,8413
2767573,61,195,1631,2014,8211.0,0.0,2.052849,-2.888805,DEU,SLB,8413
2767574,71,195,1631,2014,27088.0,0.0,0.842147,2.45692,ESP,SLB,8413
2767575,81,195,1631,2014,0.0,2494.0,1.697964,0.585372,GBR,SLB,8413
2767576,97,195,1631,2014,11346.0,0.0,0.812132,1.722493,HKG,SLB,8413
2767577,103,195,1631,2014,6596.0,0.0,-0.088032,1.3966459999999998,IDN,SLB,8413
2767578,104,195,1631,2014,5017.0,0.0,0.262042,2.6305080000000003,IND,SLB,8413
2767579,111,195,1631,2014,3299.0,0.0,1.340136,0.43931099999999995,ITA,SLB,8413
2767580,114,195,1631,2014,32945.0,0.0,2.403165,-0.635024,JPN,SLB,8413
2767581,153,195,1631,2014,158576.0,0.0,1.018138,0.774649,MYS,SLB,8413
2767582,162,195,1631,2014,1341.0,0.0,1.179325,1.355071,NLD,SLB,8413
2767583,166,195,1631,2014,93704.0,0.0,0.272502,0.21628699999999998,NZL,SLB,8413
2767584,176,195,1631,2014,24525.0,219478.0,-1.564904,-1.146255,PNG,SLB,8413
2767585,192,195,1631,2014,47739.0,1888.0,1.867492,0.626736,SGP,SLB,8413
2767586,216,195,1631,2014,2754.0,0.0,0.977094,1.41283,THA,SLB,8413
2767587,231,195,1631,2014,19149.0,0.0,1.61227,0.068905,USA,SLB,8413
2767588,249,195,1631,2014,18487.0,0.0,1.9044189999999999,1.0595139999999998,TWN,SLB,8413
2767589,7,199,1631,2014,230912.0,0.0,0.087775,-0.289459,ARE,SOM,8413
2767590,41,199,1631,2014,13856.0,0.0,2.2000919999999997,0.65398,CHE,SOM,8413
2767591,43,199,1631,2014,500966.0,0.0,1.187557,1.222085,CHN,SOM,8413
2767592,61,199,1631,2014,29345.0,0.0,2.052849,-2.888805,DEU,SOM,8413
2767593,81,199,1631,2014,16679.0,0.0,1.697964,0.585372,GBR,SOM,8413
2767594,104,199,1631,2014,482684.0,0.0,0.262042,2.6305080000000003,IND,SOM,8413
2767595,111,199,1631,2014,44155.0,0.0,1.340136,0.43931099999999995,ITA,SOM,8413
2767596,162,199,1631,2014,6914.0,0.0,1.179325,1.355071,NLD,SOM,8413
2767597,167,199,1631,2014,11062.0,0.0,-0.505129,-1.0051370000000002,OMN,SOM,8413
2767598,183,199,1631,2014,0.0,4491.0,-0.37535599999999997,-1.0196370000000001,QAT,SOM,8413
2767599,224,199,1631,2014,136876.0,0.0,0.554761,2.385693,TUR,SOM,8413
2767600,227,199,1631,2014,1062.0,0.0,-0.46911800000000003,0.25446599999999997,UGA,SOM,8413
2767601,246,199,1631,2014,1180812.0,0.0,0.282927,1.723214,ZAF,SOM,8413
2767602,15,202,1631,2014,1458.0,0.0,1.7116790000000002,-0.140232,AUT,SSD,8413
2767603,18,202,1631,2014,25024.0,0.0,1.234156,1.226441,BEL,SSD,8413
2767604,43,202,1631,2014,613734.0,0.0,1.187557,1.222085,CHN,SSD,8413
2767605,61,202,1631,2014,44824.0,0.0,2.052849,-2.888805,DEU,SSD,8413
2767606,64,202,1631,2014,1174.0,0.0,1.10869,1.245193,DNK,SSD,8413
2767607,73,202,1631,2014,0.0,3375.0,-1.296535,-1.045942,ETH,SSD,8413
2767608,77,202,1631,2014,111932.0,0.0,1.4817790000000002,0.30995,FRA,SSD,8413
2767609,81,202,1631,2014,23809.0,0.0,1.697964,0.585372,GBR,SSD,8413
2767610,111,202,1631,2014,12596.0,0.0,1.340136,0.43931099999999995,ITA,SSD,8413
2767611,114,202,1631,2014,3145.0,0.0,2.403165,-0.635024,JPN,SSD,8413
2767612,162,202,1631,2014,319755.0,0.0,1.179325,1.355071,NLD,SSD,8413
2767613,186,202,1631,2014,100285.0,0.0,0.229422,-0.214856,RUS,SSD,8413
2767614,192,202,1631,2014,1389.0,167636.0,1.867492,0.626736,SGP,SSD,8413
2767615,227,202,1631,2014,328383.0,31095.0,-0.46911800000000003,0.25446599999999997,UGA,SSD,8413
2767616,231,202,1631,2014,38427.0,0.0,1.61227,0.068905,USA,SSD,8413
2767617,246,202,1631,2014,1512.0,0.0,0.282927,1.723214,ZAF,SSD,8413
2767618,7,214,1631,2014,94737.0,0.0,0.087775,-0.289459,ARE,TCD,8413
2767619,15,214,1631,2014,2803.0,0.0,1.7116790000000002,-0.140232,AUT,TCD,8413
2767620,18,214,1631,2014,424521.0,0.0,1.234156,1.226441,BEL,TCD,8413
2767621,39,214,1631,2014,5062609.0,0.0,0.671395,1.024683,CAN,TCD,8413
2767622,41,214,1631,2014,55733.0,0.0,2.2000919999999997,0.65398,CHE,TCD,8413
2767623,43,214,1631,2014,5578178.0,0.0,1.187557,1.222085,CHN,TCD,8413
2767624,45,214,1631,2014,82171.0,0.0,-0.6723520000000001,-0.945084,CMR,TCD,8413
2767625,61,214,1631,2014,6852944.0,0.0,2.052849,-2.888805,DEU,TCD,8413
2767626,64,214,1631,2014,35955.0,0.0,1.10869,1.245193,DNK,TCD,8413
2767627,71,214,1631,2014,21542.0,0.0,0.842147,2.45692,ESP,TCD,8413
2767628,77,214,1631,2014,3127338.0,0.0,1.4817790000000002,0.30995,FRA,TCD,8413
2767629,81,214,1631,2014,109864.0,0.0,1.697964,0.585372,GBR,TCD,8413
2767630,104,214,1631,2014,617649.0,0.0,0.262042,2.6305080000000003,IND,TCD,8413
2767631,111,214,1631,2014,343153.0,0.0,1.340136,0.43931099999999995,ITA,TCD,8413
2767632,114,214,1631,2014,16544.0,0.0,2.403165,-0.635024,JPN,TCD,8413
2767633,162,214,1631,2014,481405.0,0.0,1.179325,1.355071,NLD,TCD,8413
2767634,179,214,1631,2014,10916.0,0.0,0.621053,2.349644,PRT,TCD,8413
2767635,192,214,1631,2014,1264394.0,0.0,1.867492,0.626736,SGP,TCD,8413
2767636,208,214,1631,2014,32961.0,0.0,1.817752,0.558474,SWE,TCD,8413
2767637,223,214,1631,2014,2841.0,0.0,0.343449,1.118007,TUN,TCD,8413
2767638,224,214,1631,2014,1854.0,0.0,0.554761,2.385693,TUR,TCD,8413
2767639,231,214,1631,2014,3534323.0,0.0,1.61227,0.068905,USA,TCD,8413
2767640,246,214,1631,2014,17622.0,5682.0,0.282927,1.723214,ZAF,TCD,8413
2767641,14,221,1631,2014,47686.0,0.0,-0.398273,-0.17128,AUS,TON,8413
2767642,43,221,1631,2014,86338.0,0.0,1.187557,1.222085,CHN,TON,8413
2767643,75,221,1631,2014,14092.0,0.0,-0.306346,-0.07688500000000001,FJI,TON,8413
2767644,114,221,1631,2014,7097.0,0.0,2.403165,-0.635024,JPN,TON,8413
2767645,121,221,1631,2014,3091.0,0.0,1.817145,0.8394530000000001,KOR,TON,8413
2767646,166,221,1631,2014,255180.0,2518.0,0.272502,0.21628699999999998,NZL,TON,8413
2767647,192,221,1631,2014,12502.0,0.0,1.867492,0.626736,SGP,TON,8413
2767648,231,221,1631,2014,1298.0,0.0,1.61227,0.068905,USA,TON,8413
2767649,249,221,1631,2014,4031.0,0.0,1.9044189999999999,1.0595139999999998,TWN,TON,8413
2767650,7,232,1631,2014,5677677.0,1695.0,0.087775,-0.289459,ARE,UZB,8413
2767651,15,232,1631,2014,57526.0,0.0,1.7116790000000002,-0.140232,AUT,UZB,8413
2767652,16,232,1631,2014,0.0,3319.0,-0.909508,-1.165158,AZE,UZB,8413
2767653,18,232,1631,2014,867057.0,0.0,1.234156,1.226441,BEL,UZB,8413
2767654,23,232,1631,2014,27440.0,0.0,0.579058,1.6558110000000001,BGR,UZB,8413
2767655,28,232,1631,2014,953957.0,0.0,0.874108,0.676231,BLR,UZB,8413
2767656,41,232,1631,2014,6221.0,0.0,2.2000919999999997,0.65398,CHE,UZB,8413
2767657,43,232,1631,2014,18493666.0,0.0,1.187557,1.222085,CHN,UZB,8413
2767658,59,232,1631,2014,499177.0,0.0,1.8105830000000003,0.131131,CZE,UZB,8413
2767659,61,232,1631,2014,10564449.0,104371.0,2.052849,-2.888805,DEU,UZB,8413
2767660,71,232,1631,2014,86193.0,0.0,0.842147,2.45692,ESP,UZB,8413
2767661,72,232,1631,2014,172878.0,0.0,0.9147780000000001,1.151556,EST,UZB,8413
2767662,74,232,1631,2014,132713.0,0.0,1.626355,1.002923,FIN,UZB,8413
2767663,77,232,1631,2014,1188069.0,0.0,1.4817790000000002,0.30995,FRA,UZB,8413
2767664,81,232,1631,2014,731041.0,0.0,1.697964,0.585372,GBR,UZB,8413
2767665,104,232,1631,2014,201212.0,0.0,0.262042,2.6305080000000003,IND,UZB,8413
2767666,106,232,1631,2014,928058.0,0.0,1.2658399999999999,0.278546,IRL,UZB,8413
2767667,111,232,1631,2014,1056524.0,0.0,1.340136,0.43931099999999995,ITA,UZB,8413
2767668,114,232,1631,2014,8934183.0,0.0,2.403165,-0.635024,JPN,UZB,8413
2767669,115,232,1631,2014,495708.0,54001.0,-0.210431,-0.574075,KAZ,UZB,8413
2767670,117,232,1631,2014,529810.0,0.0,-0.31942600000000004,-0.012454,KGZ,UZB,8413
2767671,121,232,1631,2014,25591264.0,0.0,1.817145,0.8394530000000001,KOR,UZB,8413
2767672,130,232,1631,2014,4180311.0,0.0,0.764495,1.3451540000000002,LTU,UZB,8413
2767673,131,232,1631,2014,9409.0,0.0,1.243845,1.155474,LUX,UZB,8413
2767674,132,232,1631,2014,249403.0,0.0,0.613116,1.1899790000000001,LVA,UZB,8413
2767675,162,232,1631,2014,1125043.0,0.0,1.179325,1.355071,NLD,UZB,8413
2767676,177,232,1631,2014,621423.0,0.0,1.133102,1.177165,POL,UZB,8413
2767677,185,232,1631,2014,9203.0,0.0,0.9112,1.188161,ROU,UZB,8413
2767678,186,232,1631,2014,9381454.0,392363.0,0.229422,-0.214856,RUS,UZB,8413
2767679,201,232,1631,2014,1063850.0,0.0,0.551635,1.211535,SRB,UZB,8413
2767680,206,232,1631,2014,442355.0,0.0,1.334959,0.821253,SVK,UZB,8413
2767681,207,232,1631,2014,9864.0,0.0,1.6558669999999998,0.6814399999999999,SVN,UZB,8413
2767682,208,232,1631,2014,129581.0,0.0,1.817752,0.558474,SWE,UZB,8413
2767683,216,232,1631,2014,196585.0,0.0,0.977094,1.41283,THA,UZB,8413
2767684,224,232,1631,2014,1479158.0,0.0,0.554761,2.385693,TUR,UZB,8413
2767685,228,232,1631,2014,2491459.0,0.0,0.566535,0.832267,UKR,UZB,8413
2767686,231,232,1631,2014,2854829.0,0.0,1.61227,0.068905,USA,UZB,8413
2767687,14,240,1631,2014,140029.0,0.0,-0.398273,-0.17128,AUS,VUT,8413
2767688,41,240,1631,2014,14378.0,0.0,2.2000919999999997,0.65398,CHE,VUT,8413
2767689,43,240,1631,2014,35751.0,0.0,1.187557,1.222085,CHN,VUT,8413
2767690,61,240,1631,2014,16641.0,0.0,2.052849,-2.888805,DEU,VUT,8413
2767691,75,240,1631,2014,6391.0,0.0,-0.306346,-0.07688500000000001,FJI,VUT,8413
2767692,77,240,1631,2014,17399.0,0.0,1.4817790000000002,0.30995,FRA,VUT,8413
2767693,81,240,1631,2014,1324.0,0.0,1.697964,0.585372,GBR,VUT,8413
2767694,114,240,1631,2014,18206.0,0.0,2.403165,-0.635024,JPN,VUT,8413
2767695,156,240,1631,2014,2811.0,0.0,-0.509789,-0.767484,NCL,VUT,8413
2767696,163,240,1631,2014,20528.0,0.0,0.9187049999999999,0.182685,NOR,VUT,8413
2767697,166,240,1631,2014,179471.0,0.0,0.272502,0.21628699999999998,NZL,VUT,8413
2767698,192,240,1631,2014,1281.0,0.0,1.867492,0.626736,SGP,VUT,8413
2767699,223,240,1631,2014,173765.0,0.0,0.343449,1.118007,TUN,VUT,8413
2767700,231,240,1631,2014,404133.0,0.0,1.61227,0.068905,USA,VUT,8413
2767701,8,91,1631,2014,1238.0,0.0,0.10691500000000001,0.44860600000000006,ARG,GRD,8413
2767702,18,91,1631,2014,1234.0,0.0,1.234156,1.226441,BEL,GRD,8413
2767703,33,91,1631,2014,0.0,3184.0,0.44968400000000003,-0.15268900000000002,BRB,GRD,8413
2767704,43,91,1631,2014,16366.0,0.0,1.187557,1.222085,CHN,GRD,8413
2767705,61,91,1631,2014,27194.0,0.0,2.052849,-2.888805,DEU,GRD,8413
2767706,64,91,1631,2014,1510.0,0.0,1.10869,1.245193,DNK,GRD,8413
2767707,77,91,1631,2014,15845.0,0.0,1.4817790000000002,0.30995,FRA,GRD,8413
2767708,81,91,1631,2014,14032.0,0.0,1.697964,0.585372,GBR,GRD,8413
2767709,111,91,1631,2014,26874.0,0.0,1.340136,0.43931099999999995,ITA,GRD,8413
2767710,127,91,1631,2014,1231.0,0.0,0.29035500000000003,-0.603541,LCA,GRD,8413
2767711,162,91,1631,2014,78215.0,0.0,1.179325,1.355071,NLD,GRD,8413
2767712,222,91,1631,2014,49340.0,0.0,-0.57362,-1.117545,TTO,GRD,8413
2767713,231,91,1631,2014,257655.0,0.0,1.61227,0.068905,USA,GRD,8413
2767714,14,182,1631,2014,228967.0,0.0,-0.398273,-0.17128,AUS,PYF,8413
2767715,15,182,1631,2014,11972.0,0.0,1.7116790000000002,-0.140232,AUT,PYF,8413
2767716,18,182,1631,2014,49714.0,0.0,1.234156,1.226441,BEL,PYF,8413
2767717,32,182,1631,2014,2655.0,0.0,0.218223,0.556921,BRA,PYF,8413
2767718,39,182,1631,2014,13149.0,0.0,0.671395,1.024683,CAN,PYF,8413
2767719,41,182,1631,2014,3577.0,0.0,2.2000919999999997,0.65398,CHE,PYF,8413
2767720,43,182,1631,2014,24720.0,4657.0,1.187557,1.222085,CHN,PYF,8413
2767721,59,182,1631,2014,2383.0,0.0,1.8105830000000003,0.131131,CZE,PYF,8413
2767722,61,182,1631,2014,146352.0,17397.0,2.052849,-2.888805,DEU,PYF,8413
2767723,64,182,1631,2014,41932.0,0.0,1.10869,1.245193,DNK,PYF,8413
2767724,71,182,1631,2014,28293.0,0.0,0.842147,2.45692,ESP,PYF,8413
2767725,74,182,1631,2014,3602.0,0.0,1.626355,1.002923,FIN,PYF,8413
2767726,77,182,1631,2014,2316732.0,29449.0,1.4817790000000002,0.30995,FRA,PYF,8413
2767727,81,182,1631,2014,48322.0,0.0,1.697964,0.585372,GBR,PYF,8413
2767728,97,182,1631,2014,8790.0,0.0,0.812132,1.722493,HKG,PYF,8413
2767729,102,182,1631,2014,3238.0,0.0,1.477093,0.812869,HUN,PYF,8413
2767730,104,182,1631,2014,1325.0,0.0,0.262042,2.6305080000000003,IND,PYF,8413
2767731,106,182,1631,2014,537.0,0.0,1.2658399999999999,0.278546,IRL,PYF,8413
2767732,111,182,1631,2014,121623.0,0.0,1.340136,0.43931099999999995,ITA,PYF,8413
2767733,114,182,1631,2014,86096.0,0.0,2.403165,-0.635024,JPN,PYF,8413
2767734,121,182,1631,2014,13164.0,0.0,1.817145,0.8394530000000001,KOR,PYF,8413
2767735,138,182,1631,2014,37293.0,0.0,1.0799729999999998,0.697554,MEX,PYF,8413
2767736,153,182,1631,2014,16444.0,0.0,1.018138,0.774649,MYS,PYF,8413
2767737,156,182,1631,2014,7932.0,4645.0,-0.509789,-0.767484,NCL,PYF,8413
2767738,162,182,1631,2014,121075.0,0.0,1.179325,1.355071,NLD,PYF,8413
2767739,163,182,1631,2014,6974.0,0.0,0.9187049999999999,0.182685,NOR,PYF,8413
2767740,166,182,1631,2014,152798.0,1293.0,0.272502,0.21628699999999998,NZL,PYF,8413
2767741,177,182,1631,2014,1139.0,0.0,1.133102,1.177165,POL,PYF,8413
2767742,185,182,1631,2014,5655.0,0.0,0.9112,1.188161,ROU,PYF,8413
2767743,192,182,1631,2014,53660.0,0.0,1.867492,0.626736,SGP,PYF,8413
2767744,208,182,1631,2014,15141.0,0.0,1.817752,0.558474,SWE,PYF,8413
2767745,216,182,1631,2014,9035.0,0.0,0.977094,1.41283,THA,PYF,8413
2767746,224,182,1631,2014,469.0,0.0,0.554761,2.385693,TUR,PYF,8413
2767747,231,182,1631,2014,114075.0,24936.0,1.61227,0.068905,USA,PYF,8413
2767748,249,182,1631,2014,10892.0,0.0,1.9044189999999999,1.0595139999999998,TWN,PYF,8413
2767749,14,10,1631,2014,92953.0,1725.0,-0.398273,-0.17128,AUS,ASM,8413
2767750,39,10,1631,2014,0.0,21993.0,0.671395,1.024683,CAN,ASM,8413
2767751,45,10,1631,2014,0.0,16651.0,-0.6723520000000001,-0.945084,CMR,ASM,8413
2767752,75,10,1631,2014,1890.0,0.0,-0.306346,-0.07688500000000001,FJI,ASM,8413
2767753,77,10,1631,2014,609033.0,0.0,1.4817790000000002,0.30995,FRA,ASM,8413
2767754,114,10,1631,2014,3758.0,0.0,2.403165,-0.635024,JPN,ASM,8413
2767755,162,10,1631,2014,1529.0,0.0,1.179325,1.355071,NLD,ASM,8413
2767756,166,10,1631,2014,78525.0,0.0,0.272502,0.21628699999999998,NZL,ASM,8413
2767757,224,10,1631,2014,0.0,43581.0,0.554761,2.385693,TUR,ASM,8413
2767758,39,11,1631,2014,25594.0,0.0,0.671395,1.024683,CAN,ATA,8413
2767759,71,11,1631,2014,3115.0,0.0,0.842147,2.45692,ESP,ATA,8413
2767760,77,11,1631,2014,11657.0,0.0,1.4817790000000002,0.30995,FRA,ATA,8413
2767761,121,11,1631,2014,0.0,1444.0,1.817145,0.8394530000000001,KOR,ATA,8413
2767762,190,11,1631,2014,0.0,3033.0,-1.442381,-1.1155030000000001,SDN,ATA,8413
2767763,246,11,1631,2014,1188.0,0.0,0.282927,1.723214,ZAF,ATA,8413
2767764,14,40,1631,2014,23678.0,0.0,-0.398273,-0.17128,AUS,CCK,8413
2767765,32,40,1631,2014,0.0,12882.0,0.218223,0.556921,BRA,CCK,8413
2767766,231,40,1631,2014,3128.0,0.0,1.61227,0.068905,USA,CCK,8413
2767767,246,40,1631,2014,148039.0,0.0,0.282927,1.723214,ZAF,CCK,8413
2767768,14,48,1631,2014,69756.0,0.0,-0.398273,-0.17128,AUS,COK,8413
2767769,43,48,1631,2014,2793.0,0.0,1.187557,1.222085,CHN,COK,8413
2767770,114,48,1631,2014,2814.0,0.0,2.403165,-0.635024,JPN,COK,8413
2767771,166,48,1631,2014,380589.0,3466.0,0.272502,0.21628699999999998,NZL,COK,8413
2767772,231,48,1631,2014,0.0,2532.0,1.61227,0.068905,USA,COK,8413
2767773,14,56,1631,2014,264190.0,0.0,-0.398273,-0.17128,AUS,CXR,8413
2767774,75,56,1631,2014,4585.0,0.0,-0.306346,-0.07688500000000001,FJI,CXR,8413
2767775,81,56,1631,2014,1462.0,0.0,1.697964,0.585372,GBR,CXR,8413
2767776,168,56,1631,2014,0.0,7296.0,-0.672924,0.566787,PAK,CXR,8413
2767777,231,56,1631,2014,14078.0,0.0,1.61227,0.068905,USA,CXR,8413
2767778,61,76,1631,2014,61102.0,0.0,2.052849,-2.888805,DEU,FLK,8413
2767779,71,76,1631,2014,34517.0,4246.0,0.842147,2.45692,ESP,FLK,8413
2767780,81,76,1631,2014,318264.0,0.0,1.697964,0.585372,GBR,FLK,8413
2767781,231,76,1631,2014,47090.0,0.0,1.61227,0.068905,USA,FLK,8413
2767782,14,79,1631,2014,32410.0,0.0,-0.398273,-0.17128,AUS,FSM,8413
2767783,43,79,1631,2014,113501.0,0.0,1.187557,1.222085,CHN,FSM,8413
2767784,114,79,1631,2014,181184.0,2771.0,2.403165,-0.635024,JPN,FSM,8413
2767785,166,79,1631,2014,2906.0,0.0,0.272502,0.21628699999999998,NZL,FSM,8413
2767786,231,79,1631,2014,57242.0,0.0,1.61227,0.068905,USA,FSM,8413
2767787,249,79,1631,2014,6505.0,0.0,1.9044189999999999,1.0595139999999998,TWN,FSM,8413
2767788,18,92,1631,2014,30351.0,0.0,1.234156,1.226441,BEL,GRL,8413
2767789,61,92,1631,2014,3859.0,0.0,2.052849,-2.888805,DEU,GRL,8413
2767790,64,92,1631,2014,801594.0,35103.0,1.10869,1.245193,DNK,GRL,8413
2767791,74,92,1631,2014,1653.0,0.0,1.626355,1.002923,FIN,GRL,8413
2767792,77,92,1631,2014,39322.0,0.0,1.4817790000000002,0.30995,FRA,GRL,8413
2767793,109,92,1631,2014,918.0,0.0,0.127891,-0.302014,ISL,GRL,8413
2767794,111,92,1631,2014,2219.0,0.0,1.340136,0.43931099999999995,ITA,GRL,8413
2767795,162,92,1631,2014,7315.0,0.0,1.179325,1.355071,NLD,GRL,8413
2767796,163,92,1631,2014,98028.0,0.0,0.9187049999999999,0.182685,NOR,GRL,8413
2767797,208,92,1631,2014,2994.0,0.0,1.817752,0.558474,SWE,GRL,8413
2767798,231,92,1631,2014,15633.0,0.0,1.61227,0.068905,USA,GRL,8413
2767799,14,95,1631,2014,4533.0,0.0,-0.398273,-0.17128,AUS,GUM,8413
2767800,39,95,1631,2014,6458.0,0.0,0.671395,1.024683,CAN,GUM,8413
2767801,61,95,1631,2014,63999.0,0.0,2.052849,-2.888805,DEU,GUM,8413
2767802,104,95,1631,2014,34292.0,0.0,0.262042,2.6305080000000003,IND,GUM,8413
2767803,114,95,1631,2014,116725.0,0.0,2.403165,-0.635024,JPN,GUM,8413
2767804,121,95,1631,2014,9689.0,0.0,1.817145,0.8394530000000001,KOR,GUM,8413
2767805,162,95,1631,2014,24120.0,0.0,1.179325,1.355071,NLD,GUM,8413
2767806,175,95,1631,2014,0.0,23515.0,0.38879600000000003,-0.532062,PLW,GUM,8413
2767807,192,95,1631,2014,237522.0,0.0,1.867492,0.626736,SGP,GUM,8413
2767808,208,95,1631,2014,65751.0,0.0,1.817752,0.558474,SWE,GUM,8413
2767809,216,95,1631,2014,2132.0,0.0,0.977094,1.41283,THA,GUM,8413
2767810,249,95,1631,2014,81857.0,0.0,1.9044189999999999,1.0595139999999998,TWN,GUM,8413
2767811,61,146,1631,2014,7427.0,0.0,2.052849,-2.888805,DEU,MNP,8413
2767812,114,146,1631,2014,135064.0,0.0,2.403165,-0.635024,JPN,MNP,8413
2767813,162,146,1631,2014,33788.0,0.0,1.179325,1.355071,NLD,MNP,8413
2767814,192,146,1631,2014,5006.0,0.0,1.867492,0.626736,SGP,MNP,8413
2767815,249,146,1631,2014,60120.0,0.0,1.9044189999999999,1.0595139999999998,TWN,MNP,8413
2767816,14,158,1631,2014,28987.0,0.0,-0.398273,-0.17128,AUS,NFK,8413
2767817,166,158,1631,2014,7332.0,0.0,0.272502,0.21628699999999998,NZL,NFK,8413
2767818,166,161,1631,2014,22461.0,0.0,0.272502,0.21628699999999998,NZL,NIU,8413
2767819,191,161,1631,2014,0.0,3173.0,-0.502607,-0.08866,SEN,NIU,8413
2767820,224,161,1631,2014,0.0,21144.0,0.554761,2.385693,TUR,NIU,8413
2767821,25,213,1631,2014,1517.0,0.0,0.314465,-0.60458,BHS,TCA,8413
2767822,39,213,1631,2014,9462.0,0.0,0.671395,1.024683,CAN,TCA,8413
2767823,74,213,1631,2014,33490.0,0.0,1.626355,1.002923,FIN,TCA,8413
2767824,147,213,1631,2014,0.0,12089.0,-1.1993610000000001,-1.040181,MOZ,TCA,8413
2767825,162,213,1631,2014,33130.0,0.0,1.179325,1.355071,NLD,TCA,8413
2767826,231,213,1631,2014,1011184.0,0.0,1.61227,0.068905,USA,TCA,8413
2767827,75,225,1631,2014,26258.0,0.0,-0.306346,-0.07688500000000001,FJI,TUV,8413
2767828,114,225,1631,2014,7668.0,0.0,2.403165,-0.635024,JPN,TUV,8413
2767829,166,225,1631,2014,14786.0,0.0,0.272502,0.21628699999999998,NZL,TUV,8413
2767830,77,241,1631,2014,24919.0,0.0,1.4817790000000002,0.30995,FRA,WLF,8413
2767831,156,241,1631,2014,3105.0,0.0,-0.509789,-0.767484,NCL,WLF,8413
2767832,166,241,1631,2014,10354.0,0.0,0.272502,0.21628699999999998,NZL,WLF,8413
2767833,15,210,1631,2014,1255.0,0.0,1.7116790000000002,-0.140232,AUT,SXM,8413
2767834,18,210,1631,2014,5926.0,0.0,1.234156,1.226441,BEL,SXM,8413
2767835,39,210,1631,2014,5626.0,0.0,0.671395,1.024683,CAN,SXM,8413
2767836,61,210,1631,2014,76042.0,0.0,2.052849,-2.888805,DEU,SXM,8413
2767837,64,210,1631,2014,1453.0,0.0,1.10869,1.245193,DNK,SXM,8413
2767838,77,210,1631,2014,12698.0,0.0,1.4817790000000002,0.30995,FRA,SXM,8413
2767839,81,210,1631,2014,17784.0,0.0,1.697964,0.585372,GBR,SXM,8413
2767840,111,210,1631,2014,47533.0,0.0,1.340136,0.43931099999999995,ITA,SXM,8413
2767841,127,210,1631,2014,0.0,1217.0,0.29035500000000003,-0.603541,LCA,SXM,8413
2767842,162,210,1631,2014,725170.0,0.0,1.179325,1.355071,NLD,SXM,8413
2767843,177,210,1631,2014,1195.0,0.0,1.133102,1.177165,POL,SXM,8413
2767844,231,210,1631,2014,990343.0,0.0,1.61227,0.068905,USA,SXM,8413
2767845,49,233,1631,2014,0.0,24838.0,0.19864500000000002,-0.378364,COL,VAT,8413
2767846,190,233,1631,2014,0.0,83008.0,-1.442381,-1.1155030000000001,SDN,VAT,8413
2767847,39,3,1631,2014,7371.0,0.0,0.671395,1.024683,CAN,AIA,8413
2767848,162,3,1631,2014,52831.0,0.0,1.179325,1.355071,NLD,AIA,8413
2767849,231,3,1631,2014,195393.0,0.0,1.61227,0.068905,USA,AIA,8413
2767850,18,12,1631,2014,24336.0,0.0,1.234156,1.226441,BEL,ATF,8413
2767851,18,20,1631,2014,2335.0,0.0,1.234156,1.226441,BEL,BES,8413
2767852,61,20,1631,2014,1809.0,0.0,2.052849,-2.888805,DEU,BES,8413
2767853,81,20,1631,2014,1605.0,0.0,1.697964,0.585372,GBR,BES,8413
2767854,162,20,1631,2014,227174.0,1892.0,1.179325,1.355071,NLD,BES,8413
2767855,18,27,1631,2014,1301.0,0.0,1.234156,1.226441,BEL,BLM,8413
2767856,39,200,1631,2014,12776.0,0.0,0.671395,1.024683,CAN,SPM,8413
2767857,77,200,1631,2014,149003.0,0.0,1.4817790000000002,0.30995,FRA,SPM,8413
2767858,190,200,1631,2014,0.0,9879.0,-1.442381,-1.1155030000000001,SDN,SPM,8413
2767859,186,70,1631,2014,29193.0,0.0,0.229422,-0.214856,RUS,ESH,8413
2767860,1,7,1632,2014,0.0,1205496.0,-0.924386,-0.839385,AFG,ARE,8414
2767861,2,7,1632,2014,0.0,1297684.0,-1.8184900000000002,-1.149191,AGO,ARE,8414
2767862,4,7,1632,2014,5252.0,0.0,-0.476024,-0.33978400000000003,ALB,ARE,8414
2767863,8,7,1632,2014,134397.0,83652.0,0.10691500000000001,0.44860600000000006,ARG,ARE,8414
2767864,9,7,1632,2014,20856.0,106200.0,-0.198322,-0.5918680000000001,ARM,ARE,8414
2767865,14,7,1632,2014,1665114.0,61862.0,-0.398273,-0.17128,AUS,ARE,8414
2767866,15,7,1632,2014,3991054.0,21751.0,1.7116790000000002,-0.140232,AUT,ARE,8414
2767867,16,7,1632,2014,10564.0,367135.0,-0.909508,-1.165158,AZE,ARE,8414
2767868,17,7,1632,2014,0.0,25676.0,-0.242256,-0.8567879999999999,BDI,ARE,8414
2767869,18,7,1632,2014,36783140.0,279203.0,1.234156,1.226441,BEL,ARE,8414
2767870,19,7,1632,2014,0.0,105551.0,-0.342225,-0.618789,BEN,ARE,8414
2767871,21,7,1632,2014,0.0,73693.0,-0.922401,-0.9554379999999999,BFA,ARE,8414
2767872,22,7,1632,2014,0.0,407463.0,-1.0341879999999999,-0.9614870000000001,BGD,ARE,8414
2767873,23,7,1632,2014,20811.0,3559.0,0.579058,1.6558110000000001,BGR,ARE,8414
2767874,24,7,1632,2014,226938.0,2208556.0,0.460168,-0.41671099999999994,BHR,ARE,8414
2767875,28,7,1632,2014,0.0,9095.0,0.874108,0.676231,BLR,ARE,8414
2767876,32,7,1632,2014,2969918.0,1137.0,0.218223,0.556921,BRA,ARE,8414
2767877,34,7,1632,2014,0.0,45830.0,0.191357,-0.683567,BRN,ARE,8414
2767878,37,7,1632,2014,0.0,93812.0,-0.60221,-1.104578,BWA,ARE,8414
2767879,38,7,1632,2014,0.0,6828.0,0.695875,0.543384,CAF,ARE,8414
2767880,39,7,1632,2014,842750.0,17150.0,0.671395,1.024683,CAN,ARE,8414
2767881,41,7,1632,2014,20942537.0,141338.0,2.2000919999999997,0.65398,CHE,ARE,8414
2767882,43,7,1632,2014,169410425.0,243978.0,1.187557,1.222085,CHN,ARE,8414
2767883,44,7,1632,2014,0.0,256671.0,-0.737625,-0.768728,CIV,ARE,8414
2767884,45,7,1632,2014,652134.0,405348.0,-0.6723520000000001,-0.945084,CMR,ARE,8414
2767885,46,7,1632,2014,0.0,248198.0,-1.6680240000000002,-1.1265129999999999,COD,ARE,8414
2767886,47,7,1632,2014,0.0,275968.0,-1.371624,-1.12468,COG,ARE,8414
2767887,49,7,1632,2014,0.0,1815.0,0.19864500000000002,-0.378364,COL,ARE,8414
2767888,50,7,1632,2014,0.0,24150.0,-0.19200699999999998,-0.761303,COM,ARE,8414
2767889,51,7,1632,2014,0.0,959.0,-0.182368,-0.7136359999999999,CPV,ARE,8414
2767890,52,7,1632,2014,12768.0,0.0,0.065938,-0.687971,CRI,ARE,8414
2767891,58,7,1632,2014,5496.0,56620.0,0.627467,0.483725,CYP,ARE,8414
2767892,59,7,1632,2014,13505974.0,6445.0,1.8105830000000003,0.131131,CZE,ARE,8414
2767893,61,7,1632,2014,81436342.0,1804936.0,2.052849,-2.888805,DEU,ARE,8414
2767894,62,7,1632,2014,0.0,623381.0,-0.394602,-0.74178,DJI,ARE,8414
2767895,64,7,1632,2014,1813328.0,171514.0,1.10869,1.245193,DNK,ARE,8414
2767896,66,7,1632,2014,0.0,457084.0,-1.5554649999999999,-1.1657030000000002,DZA,ARE,8414
2767897,67,7,1632,2014,0.0,3062.0,-1.066865,-1.052921,ECU,ARE,8414
2767898,68,7,1632,2014,9676.0,437894.0,-0.086866,1.7419669999999998,EGY,ARE,8414
2767899,69,7,1632,2014,0.0,154621.0,-2.345215,-1.051413,ERI,ARE,8414
2767900,71,7,1632,2014,9760798.0,9733.0,0.842147,2.45692,ESP,ARE,8414
2767901,72,7,1632,2014,46186.0,934.0,0.9147780000000001,1.151556,EST,ARE,8414
2767902,73,7,1632,2014,20882.0,410528.0,-1.296535,-1.045942,ETH,ARE,8414
2767903,74,7,1632,2014,467270.0,2246.0,1.626355,1.002923,FIN,ARE,8414
2767904,77,7,1632,2014,23895955.0,147325.0,1.4817790000000002,0.30995,FRA,ARE,8414
2767905,80,7,1632,2014,0.0,1166533.0,-1.625474,-1.135973,GAB,ARE,8414
2767906,81,7,1632,2014,31610088.0,511631.0,1.697964,0.585372,GBR,ARE,8414
2767907,82,7,1632,2014,8495.0,212070.0,-0.254106,-0.646584,GEO,ARE,8414
2767908,83,7,1632,2014,0.0,286414.0,-1.130226,-0.9909379999999999,GHA,ARE,8414
2767909,85,7,1632,2014,0.0,108970.0,-1.628409,-1.202473,GIN,ARE,8414
2767910,87,7,1632,2014,0.0,60599.0,-0.905488,-0.7892819999999999,GMB,ARE,8414
2767911,88,7,1632,2014,0.0,203961.0,-1.6723700000000001,-0.896442,GNB,ARE,8414
2767912,89,7,1632,2014,0.0,363703.0,-2.043516,-0.844701,GNQ,ARE,8414
2767913,90,7,1632,2014,536734.0,79770.0,0.149337,0.8560540000000001,GRC,ARE,8414
2767914,97,7,1632,2014,907655.0,987701.0,0.812132,1.722493,HKG,ARE,8414
2767915,100,7,1632,2014,40987.0,0.0,0.804401,1.250807,HRV,ARE,8414
2767916,101,7,1632,2014,0.0,2168.0,-1.10887,-1.032108,HTI,ARE,8414
2767917,102,7,1632,2014,223910.0,0.0,1.477093,0.812869,HUN,ARE,8414
2767918,103,7,1632,2014,674823.0,300037.0,-0.088032,1.3966459999999998,IDN,ARE,8414
2767919,104,7,1632,2014,27615391.0,526380.0,0.262042,2.6305080000000003,IND,ARE,8414
2767920,106,7,1632,2014,482508.0,1950.0,1.2658399999999999,0.278546,IRL,ARE,8414
2767921,107,7,1632,2014,113781.0,67794245.0,-0.361058,-0.312743,IRN,ARE,8414
2767922,108,7,1632,2014,0.0,4607698.0,-2.9169,-0.882023,IRQ,ARE,8414
2767923,111,7,1632,2014,54557583.0,429094.0,1.340136,0.43931099999999995,ITA,ARE,8414
2767924,113,7,1632,2014,47114.0,166163.0,0.210208,0.48732299999999995,JOR,ARE,8414
2767925,114,7,1632,2014,70930935.0,1359741.0,2.403165,-0.635024,JPN,ARE,8414
2767926,115,7,1632,2014,1331.0,103809.0,-0.210431,-0.574075,KAZ,ARE,8414
2767927,116,7,1632,2014,0.0,658680.0,-0.487058,0.307288,KEN,ARE,8414
2767928,117,7,1632,2014,1793.0,25997.0,-0.31942600000000004,-0.012454,KGZ,ARE,8414
2767929,118,7,1632,2014,0.0,1232.0,-0.84072,-0.8307040000000001,KHM,ARE,8414
2767930,121,7,1632,2014,26942959.0,94143.0,1.817145,0.8394530000000001,KOR,ARE,8414
2767931,122,7,1632,2014,1145534.0,2171422.0,-0.769616,-1.10667,KWT,ARE,8414
2767932,124,7,1632,2014,194119.0,135143.0,0.308677,1.7564490000000001,LBN,ARE,8414
2767933,125,7,1632,2014,0.0,227263.0,-1.016828,-1.107983,LBR,ARE,8414
2767934,126,7,1632,2014,0.0,559219.0,-1.5943829999999999,-1.189961,LBY,ARE,8414
2767935,128,7,1632,2014,18729.0,430501.0,-0.49366899999999997,0.338686,LKA,ARE,8414
2767936,130,7,1632,2014,11670.0,0.0,0.764495,1.3451540000000002,LTU,ARE,8414
2767937,131,7,1632,2014,29891.0,18290.0,1.243845,1.155474,LUX,ARE,8414
2767938,132,7,1632,2014,0.0,821.0,0.613116,1.1899790000000001,LVA,ARE,8414
2767939,134,7,1632,2014,0.0,109437.0,-0.574034,0.065788,MAR,ARE,8414
2767940,135,7,1632,2014,0.0,2278.0,-0.10438199999999999,-0.093194,MDA,ARE,8414
2767941,136,7,1632,2014,0.0,4367.0,-1.002122,-0.44446,MDG,ARE,8414
2767942,137,7,1632,2014,0.0,117688.0,-0.43265299999999995,-0.82696,MDV,ARE,8414
2767943,138,7,1632,2014,2508864.0,0.0,1.0799729999999998,0.697554,MEX,ARE,8414
2767944,141,7,1632,2014,0.0,453038.0,-1.199063,-1.05497,MLI,ARE,8414
2767945,142,7,1632,2014,4906.0,5717.0,0.817013,0.0016309999999999999,MLT,ARE,8414
2767946,143,7,1632,2014,0.0,4794.0,-1.5332459999999999,-1.145973,MMR,ARE,8414
2767947,147,7,1632,2014,0.0,218280.0,-1.1993610000000001,-1.040181,MOZ,ARE,8414
2767948,148,7,1632,2014,0.0,458010.0,-1.458551,-1.225373,MRT,ARE,8414
2767949,151,7,1632,2014,0.0,8549.0,-0.029891,-0.12431099999999999,MUS,ARE,8414
2767950,152,7,1632,2014,0.0,109971.0,-0.494204,-0.751903,MWI,ARE,8414
2767951,153,7,1632,2014,28168991.0,3292548.0,1.018138,0.774649,MYS,ARE,8414
2767952,155,7,1632,2014,0.0,45029.0,-0.428227,-0.5632229999999999,NAM,ARE,8414
2767953,157,7,1632,2014,0.0,80975.0,-0.7187,-0.80918,NER,ARE,8414
2767954,159,7,1632,2014,0.0,2361043.0,-1.2126430000000001,-1.059697,NGA,ARE,8414
2767955,162,7,1632,2014,15954865.0,2656489.0,1.179325,1.355071,NLD,ARE,8414
2767956,163,7,1632,2014,2808678.0,10013.0,0.9187049999999999,0.182685,NOR,ARE,8414
2767957,164,7,1632,2014,0.0,1989.0,-0.11988199999999999,0.655883,NPL,ARE,8414
2767958,166,7,1632,2014,38935.0,0.0,0.272502,0.21628699999999998,NZL,ARE,8414
2767959,167,7,1632,2014,2010782.0,12393112.0,-0.505129,-1.0051370000000002,OMN,ARE,8414
2767960,168,7,1632,2014,4230601.0,1144895.0,-0.672924,0.566787,PAK,ARE,8414
2767961,173,7,1632,2014,0.0,50895.0,-0.557833,0.611826,PER,ARE,8414
2767962,174,7,1632,2014,607505.0,18615.0,0.637442,0.475883,PHL,ARE,8414
2767963,177,7,1632,2014,2799952.0,44492.0,1.133102,1.177165,POL,ARE,8414
2767964,179,7,1632,2014,369900.0,0.0,0.621053,2.349644,PRT,ARE,8414
2767965,180,7,1632,2014,0.0,1776.0,-0.608509,-0.930679,PRY,ARE,8414
2767966,183,7,1632,2014,21235.0,4467555.0,-0.37535599999999997,-1.0196370000000001,QAT,ARE,8414
2767967,185,7,1632,2014,369850.0,1773.0,0.9112,1.188161,ROU,ARE,8414
2767968,186,7,1632,2014,468533.0,53127.0,0.229422,-0.214856,RUS,ARE,8414
2767969,187,7,1632,2014,0.0,79097.0,-0.5692659999999999,-0.447859,RWA,ARE,8414
2767970,188,7,1632,2014,1432873.0,4778256.0,0.5758439999999999,-0.832692,SAU,ARE,8414
2767971,190,7,1632,2014,5651.0,2583042.0,-1.442381,-1.1155030000000001,SDN,ARE,8414
2767972,191,7,1632,2014,4288.0,641365.0,-0.502607,-0.08866,SEN,ARE,8414
2767973,192,7,1632,2014,20018252.0,554308.0,1.867492,0.626736,SGP,ARE,8414
2767974,196,7,1632,2014,0.0,427982.0,-0.9228569999999999,-0.791482,SLE,ARE,8414
2767975,199,7,1632,2014,0.0,572564.0,-1.41991,-1.010693,SOM,ARE,8414
2767976,201,7,1632,2014,13701.0,0.0,0.551635,1.211535,SRB,ARE,8414
2767977,203,7,1632,2014,0.0,4538.0,1.172431,-0.024141,STP,ARE,8414
2767978,206,7,1632,2014,2470800.0,0.0,1.334959,0.821253,SVK,ARE,8414
2767979,207,7,1632,2014,452387.0,0.0,1.6558669999999998,0.6814399999999999,SVN,ARE,8414
2767980,208,7,1632,2014,1769256.0,10454.0,1.817752,0.558474,SWE,ARE,8414
2767981,209,7,1632,2014,24047.0,0.0,0.22972199999999998,-0.365564,SWZ,ARE,8414
2767982,211,7,1632,2014,8.0,343553.0,0.358111,-0.484879,SYC,ARE,8414
2767983,212,7,1632,2014,0.0,143869.0,-0.366224,0.9054719999999999,SYR,ARE,8414
2767984,214,7,1632,2014,0.0,118892.0,-2.012048,-0.921558,TCD,ARE,8414
2767985,215,7,1632,2014,0.0,132300.0,-0.524103,-0.537643,TGO,ARE,8414
2767986,216,7,1632,2014,31727123.0,105935.0,0.977094,1.41283,THA,ARE,8414
2767987,217,7,1632,2014,0.0,96971.0,-0.706823,-0.993756,TJK,ARE,8414
2767988,219,7,1632,2014,0.0,300855.0,-1.217897,-1.184131,TKM,ARE,8414
2767989,223,7,1632,2014,37241.0,182726.0,0.343449,1.118007,TUN,ARE,8414
2767990,224,7,1632,2014,4148800.0,221212.0,0.554761,2.385693,TUR,ARE,8414
2767991,226,7,1632,2014,0.0,1360474.0,-1.054331,0.166345,TZA,ARE,8414
2767992,227,7,1632,2014,778.0,311007.0,-0.46911800000000003,0.25446599999999997,UGA,ARE,8414
2767993,228,7,1632,2014,2231373.0,35129.0,0.566535,0.832267,UKR,ARE,8414
2767994,230,7,1632,2014,848.0,0.0,0.154034,-0.380899,URY,ARE,8414
2767995,231,7,1632,2014,105594848.0,659253.0,1.61227,0.068905,USA,ARE,8414
2767996,232,7,1632,2014,0.0,27912728.0,-0.407623,-0.37150700000000003,UZB,ARE,8414
2767997,236,7,1632,2014,0.0,4024.0,-0.582086,-1.081727,VEN,ARE,8414
2767998,239,7,1632,2014,520045.0,2926.0,-0.023765,1.344416,VNM,ARE,8414
2767999,243,7,1632,2014,104807.0,960679.0,-1.2829190000000001,-1.227373,YEM,ARE,8414
2768000,246,7,1632,2014,420018.0,83553.0,0.282927,1.723214,ZAF,ARE,8414
2768001,247,7,1632,2014,0.0,128393.0,-0.664089,-0.793452,ZMB,ARE,8414
2768002,248,7,1632,2014,0.0,149633.0,-0.821369,-0.864232,ZWE,ARE,8414
2768003,249,7,1632,2014,9764665.0,392940.0,1.9044189999999999,1.0595139999999998,TWN,ARE,8414
2768004,250,7,1632,2014,47420.0,3339331.0,0.506842,0.049545,ANS,ARE,8414
2768005,2,8,1632,2014,0.0,6888.0,-1.8184900000000002,-1.149191,AGO,ARG,8414
2768006,7,8,1632,2014,83652.0,134397.0,0.087775,-0.289459,ARE,ARG,8414
2768007,14,8,1632,2014,34596.0,64920.0,-0.398273,-0.17128,AUS,ARG,8414
2768008,15,8,1632,2014,311846.0,1987.0,1.7116790000000002,-0.140232,AUT,ARG,8414
2768009,18,8,1632,2014,7226968.0,188767.0,1.234156,1.226441,BEL,ARG,8414
2768010,22,8,1632,2014,0.0,5752.0,-1.0341879999999999,-0.9614870000000001,BGD,ARG,8414
2768011,23,8,1632,2014,2612.0,276954.0,0.579058,1.6558110000000001,BGR,ARG,8414
2768012,28,8,1632,2014,1966.0,36428.0,0.874108,0.676231,BLR,ARG,8414
2768013,29,8,1632,2014,0.0,551.0,-0.324446,-0.552126,BLZ,ARG,8414
2768014,31,8,1632,2014,0.0,4228601.0,-1.129494,-1.030198,BOL,ARG,8414
2768015,32,8,1632,2014,118580309.0,4475123.0,0.218223,0.556921,BRA,ARG,8414
2768016,39,8,1632,2014,79523.0,129337.0,0.671395,1.024683,CAN,ARG,8414
2768017,41,8,1632,2014,1737335.0,79609.0,2.2000919999999997,0.65398,CHE,ARG,8414
2768018,42,8,1632,2014,5130814.0,2516200.0,-0.344671,-0.43380799999999997,CHL,ARG,8414
2768019,43,8,1632,2014,64288244.0,958662.0,1.187557,1.222085,CHN,ARG,8414
2768020,45,8,1632,2014,0.0,130174.0,-0.6723520000000001,-0.945084,CMR,ARG,8414
2768021,49,8,1632,2014,0.0,2796962.0,0.19864500000000002,-0.378364,COL,ARG,8414
2768022,52,8,1632,2014,1563.0,39719.0,0.065938,-0.687971,CRI,ARG,8414
2768023,54,8,1632,2014,0.0,27038.0,-0.476786,-0.952291,CUB,ARG,8414
2768024,59,8,1632,2014,2036701.0,15222.0,1.8105830000000003,0.131131,CZE,ARG,8414
2768025,61,8,1632,2014,41366241.0,1010265.0,2.052849,-2.888805,DEU,ARG,8414
2768026,64,8,1632,2014,319241.0,0.0,1.10869,1.245193,DNK,ARG,8414
2768027,65,8,1632,2014,0.0,146110.0,-0.180845,0.508512,DOM,ARG,8414
2768028,66,8,1632,2014,0.0,595194.0,-1.5554649999999999,-1.1657030000000002,DZA,ARG,8414
2768029,67,8,1632,2014,0.0,148592.0,-1.066865,-1.052921,ECU,ARG,8414
2768030,68,8,1632,2014,0.0,14731.0,-0.086866,1.7419669999999998,EGY,ARG,8414
2768031,71,8,1632,2014,15678165.0,275066.0,0.842147,2.45692,ESP,ARG,8414
2768032,72,8,1632,2014,1235.0,0.0,0.9147780000000001,1.151556,EST,ARG,8414
2768033,74,8,1632,2014,446610.0,0.0,1.626355,1.002923,FIN,ARG,8414
2768034,77,8,1632,2014,11339187.0,169113.0,1.4817790000000002,0.30995,FRA,ARG,8414
2768035,81,8,1632,2014,1465829.0,47727.0,1.697964,0.585372,GBR,ARG,8414
2768036,82,8,1632,2014,3902.0,2939097.0,-0.254106,-0.646584,GEO,ARG,8414
2768037,93,8,1632,2014,0.0,25930.0,-0.36547199999999996,0.548894,GTM,ARG,8414
2768038,97,8,1632,2014,313636.0,0.0,0.812132,1.722493,HKG,ARG,8414
2768039,99,8,1632,2014,0.0,5264.0,-0.467004,0.045511,HND,ARG,8414
2768040,102,8,1632,2014,39363.0,448383.0,1.477093,0.812869,HUN,ARG,8414
2768041,103,8,1632,2014,23281.0,2574921.0,-0.088032,1.3966459999999998,IDN,ARG,8414
2768042,104,8,1632,2014,6449501.0,363487.0,0.262042,2.6305080000000003,IND,ARG,8414
2768043,106,8,1632,2014,3790.0,974.0,1.2658399999999999,0.278546,IRL,ARG,8414
2768044,107,8,1632,2014,0.0,92979.0,-0.361058,-0.312743,IRN,ARG,8414
2768045,110,8,1632,2014,7748.0,0.0,1.211141,0.64523,ISR,ARG,8414
2768046,111,8,1632,2014,12408964.0,833718.0,1.340136,0.43931099999999995,ITA,ARG,8414
2768047,114,8,1632,2014,9369762.0,12814.0,2.403165,-0.635024,JPN,ARG,8414
2768048,115,8,1632,2014,0.0,396149.0,-0.210431,-0.574075,KAZ,ARG,8414
2768049,117,8,1632,2014,0.0,59902.0,-0.31942600000000004,-0.012454,KGZ,ARG,8414
2768050,121,8,1632,2014,391163.0,23654.0,1.817145,0.8394530000000001,KOR,ARG,8414
2768051,130,8,1632,2014,1970.0,222725.0,0.764495,1.3451540000000002,LTU,ARG,8414
2768052,131,8,1632,2014,2829.0,0.0,1.243845,1.155474,LUX,ARG,8414
2768053,132,8,1632,2014,2217.0,0.0,0.613116,1.1899790000000001,LVA,ARG,8414
2768054,135,8,1632,2014,0.0,23697.0,-0.10438199999999999,-0.093194,MDA,ARG,8414
2768055,138,8,1632,2014,1542684.0,2359220.0,1.0799729999999998,0.697554,MEX,ARG,8414
2768056,153,8,1632,2014,6739553.0,0.0,1.018138,0.774649,MYS,ARG,8414
2768057,159,8,1632,2014,0.0,2205650.0,-1.2126430000000001,-1.059697,NGA,ARG,8414
2768058,160,8,1632,2014,0.0,15394.0,-0.938269,-0.839066,NIC,ARG,8414
2768059,162,8,1632,2014,611347.0,76324.0,1.179325,1.355071,NLD,ARG,8414
2768060,163,8,1632,2014,115095.0,3794.0,0.9187049999999999,0.182685,NOR,ARG,8414
2768061,166,8,1632,2014,17696.0,0.0,0.272502,0.21628699999999998,NZL,ARG,8414
2768062,169,8,1632,2014,0.0,24756.0,0.771742,0.9873190000000001,PAN,ARG,8414
2768063,173,8,1632,2014,1826.0,5523635.0,-0.557833,0.611826,PER,ARG,8414
2768064,174,8,1632,2014,36241.0,0.0,0.637442,0.475883,PHL,ARG,8414
2768065,177,8,1632,2014,347113.0,0.0,1.133102,1.177165,POL,ARG,8414
2768066,179,8,1632,2014,60059.0,14225.0,0.621053,2.349644,PRT,ARG,8414
2768067,180,8,1632,2014,0.0,3229357.0,-0.608509,-0.930679,PRY,ARG,8414
2768068,185,8,1632,2014,152296.0,55567.0,0.9112,1.188161,ROU,ARG,8414
2768069,186,8,1632,2014,0.0,4693691.0,0.229422,-0.214856,RUS,ARG,8414
2768070,188,8,1632,2014,0.0,37791.0,0.5758439999999999,-0.832692,SAU,ARG,8414
2768071,192,8,1632,2014,215262.0,65069.0,1.867492,0.626736,SGP,ARG,8414
2768072,197,8,1632,2014,0.0,38653.0,0.08653999999999999,0.29088600000000003,SLV,ARG,8414
2768073,201,8,1632,2014,0.0,14017.0,0.551635,1.211535,SRB,ARG,8414
2768074,205,8,1632,2014,0.0,3504.0,-0.6333989999999999,-0.857643,SUR,ARG,8414
2768075,206,8,1632,2014,807778.0,0.0,1.334959,0.821253,SVK,ARG,8414
2768076,207,8,1632,2014,76594.0,0.0,1.6558669999999998,0.6814399999999999,SVN,ARG,8414
2768077,208,8,1632,2014,193081.0,15229.0,1.817752,0.558474,SWE,ARG,8414
2768078,216,8,1632,2014,38857023.0,86456.0,0.977094,1.41283,THA,ARG,8414
2768079,222,8,1632,2014,100320.0,12748.0,-0.57362,-1.117545,TTO,ARG,8414
2768080,223,8,1632,2014,0.0,25287.0,0.343449,1.118007,TUN,ARG,8414
2768081,224,8,1632,2014,532675.0,414041.0,0.554761,2.385693,TUR,ARG,8414
2768082,228,8,1632,2014,0.0,1011613.0,0.566535,0.832267,UKR,ARG,8414
2768083,230,8,1632,2014,8304.0,2783881.0,0.154034,-0.380899,URY,ARG,8414
2768084,231,8,1632,2014,59407204.0,2745993.0,1.61227,0.068905,USA,ARG,8414
2768085,232,8,1632,2014,0.0,757855.0,-0.407623,-0.37150700000000003,UZB,ARG,8414
2768086,236,8,1632,2014,0.0,1352401.0,-0.582086,-1.081727,VEN,ARG,8414
2768087,239,8,1632,2014,59578.0,2596.0,-0.023765,1.344416,VNM,ARG,8414
2768088,246,8,1632,2014,50019.0,366456.0,0.282927,1.723214,ZAF,ARG,8414
2768089,249,8,1632,2014,2262245.0,1487.0,1.9044189999999999,1.0595139999999998,TWN,ARG,8414
2768090,250,8,1632,2014,35420.0,0.0,0.506842,0.049545,ANS,ARG,8414
2768091,1,15,1632,2014,0.0,80253.0,-0.924386,-0.839385,AFG,AUT,8414
2768092,2,15,1632,2014,0.0,40234.0,-1.8184900000000002,-1.149191,AGO,AUT,8414
2768093,4,15,1632,2014,2204.0,159532.0,-0.476024,-0.33978400000000003,ALB,AUT,8414
2768094,5,15,1632,2014,0.0,1251.0,0.533246,-0.41617,AND,AUT,8414
2768095,7,15,1632,2014,21751.0,3991054.0,0.087775,-0.289459,ARE,AUT,8414
2768096,8,15,1632,2014,1987.0,311846.0,0.10691500000000001,0.44860600000000006,ARG,AUT,8414
2768097,9,15,1632,2014,0.0,124218.0,-0.198322,-0.5918680000000001,ARM,AUT,8414
2768098,14,15,1632,2014,10436.0,664111.0,-0.398273,-0.17128,AUS,AUT,8414
2768099,16,15,1632,2014,0.0,1023861.0,-0.909508,-1.165158,AZE,AUT,8414
2768100,18,15,1632,2014,33999662.0,5713065.0,1.234156,1.226441,BEL,AUT,8414
2768101,22,15,1632,2014,0.0,151528.0,-1.0341879999999999,-0.9614870000000001,BGD,AUT,8414
2768102,23,15,1632,2014,269357.0,2205650.0,0.579058,1.6558110000000001,BGR,AUT,8414
2768103,24,15,1632,2014,1149.0,125476.0,0.460168,-0.41671099999999994,BHR,AUT,8414
2768104,25,15,1632,2014,0.0,2927.0,0.314465,-0.60458,BHS,AUT,8414
2768105,26,15,1632,2014,40171.0,758967.0,0.5083300000000001,0.711704,BIH,AUT,8414
2768106,28,15,1632,2014,177662.0,731423.0,0.874108,0.676231,BLR,AUT,8414
2768107,30,15,1632,2014,0.0,2041.0,1.217808,-0.16376300000000002,BMU,AUT,8414
2768108,31,15,1632,2014,0.0,118468.0,-1.129494,-1.030198,BOL,AUT,8414
2768109,32,15,1632,2014,114802.0,1110354.0,0.218223,0.556921,BRA,AUT,8414
2768110,34,15,1632,2014,0.0,2576.0,0.191357,-0.683567,BRN,AUT,8414
2768111,35,15,1632,2014,9962.0,24240.0,-0.24597199999999997,-0.758838,BTN,AUT,8414
2768112,39,15,1632,2014,105569.0,3614998.0,0.671395,1.024683,CAN,AUT,8414
2768113,41,15,1632,2014,34174390.0,13897066.0,2.2000919999999997,0.65398,CHE,AUT,8414
2768114,42,15,1632,2014,0.0,105425.0,-0.344671,-0.43380799999999997,CHL,AUT,8414
2768115,43,15,1632,2014,10978144.0,28599686.0,1.187557,1.222085,CHN,AUT,8414
2768116,44,15,1632,2014,0.0,87897.0,-0.737625,-0.768728,CIV,AUT,8414
2768117,45,15,1632,2014,0.0,9483.0,-0.6723520000000001,-0.945084,CMR,AUT,8414
2768118,46,15,1632,2014,0.0,4275.0,-1.6680240000000002,-1.1265129999999999,COD,AUT,8414
2768119,47,15,1632,2014,0.0,51905.0,-1.371624,-1.12468,COG,AUT,8414
2768120,49,15,1632,2014,0.0,236617.0,0.19864500000000002,-0.378364,COL,AUT,8414
2768121,52,15,1632,2014,0.0,4196.0,0.065938,-0.687971,CRI,AUT,8414
2768122,54,15,1632,2014,0.0,21529.0,-0.476786,-0.952291,CUB,AUT,8414
2768123,55,15,1632,2014,0.0,138945.0,-0.00902,-0.683643,CUW,AUT,8414
2768124,57,15,1632,2014,0.0,4802.0,1.199562,-0.66969,CYM,AUT,8414
2768125,58,15,1632,2014,0.0,198451.0,0.627467,0.483725,CYP,AUT,8414
2768126,59,15,1632,2014,19081274.0,28640567.0,1.8105830000000003,0.131131,CZE,AUT,8414
2768127,61,15,1632,2014,415800874.0,195480471.0,2.052849,-2.888805,DEU,AUT,8414
2768128,64,15,1632,2014,4325035.0,2044522.0,1.10869,1.245193,DNK,AUT,8414
2768129,65,15,1632,2014,0.0,68063.0,-0.180845,0.508512,DOM,AUT,8414
2768130,66,15,1632,2014,5988.0,43770.0,-1.5554649999999999,-1.1657030000000002,DZA,AUT,8414
2768131,67,15,1632,2014,4117.0,17185.0,-1.066865,-1.052921,ECU,AUT,8414
2768132,68,15,1632,2014,0.0,1435255.0,-0.086866,1.7419669999999998,EGY,AUT,8414
2768133,71,15,1632,2014,1777752.0,4127477.0,0.842147,2.45692,ESP,AUT,8414
2768134,72,15,1632,2014,0.0,70659.0,0.9147780000000001,1.151556,EST,AUT,8414
2768135,73,15,1632,2014,0.0,5558.0,-1.296535,-1.045942,ETH,AUT,8414
2768136,74,15,1632,2014,538875.0,9342167.0,1.626355,1.002923,FIN,AUT,8414
2768137,77,15,1632,2014,47560148.0,6493430.0,1.4817790000000002,0.30995,FRA,AUT,8414
2768138,80,15,1632,2014,0.0,141822.0,-1.625474,-1.135973,GAB,AUT,8414
2768139,81,15,1632,2014,7926357.0,6679746.0,1.697964,0.585372,GBR,AUT,8414
2768140,82,15,1632,2014,40678.0,242041.0,-0.254106,-0.646584,GEO,AUT,8414
2768141,83,15,1632,2014,0.0,232829.0,-1.130226,-0.9909379999999999,GHA,AUT,8414
2768142,84,15,1632,2014,0.0,2954.0,0.275796,-0.720217,GIB,AUT,8414
2768143,90,15,1632,2014,21605.0,1477883.0,0.149337,0.8560540000000001,GRC,AUT,8414
2768144,93,15,1632,2014,0.0,6807.0,-0.36547199999999996,0.548894,GTM,AUT,8414
2768145,97,15,1632,2014,170417.0,4235912.0,0.812132,1.722493,HKG,AUT,8414
2768146,99,15,1632,2014,0.0,2981.0,-0.467004,0.045511,HND,AUT,8414
2768147,100,15,1632,2014,646179.0,2594355.0,0.804401,1.250807,HRV,AUT,8414
2768148,101,15,1632,2014,0.0,19127.0,-1.10887,-1.032108,HTI,AUT,8414
2768149,102,15,1632,2014,145819170.0,85931059.0,1.477093,0.812869,HUN,AUT,8414
2768150,103,15,1632,2014,16705.0,268282.0,-0.088032,1.3966459999999998,IDN,AUT,8414
2768151,104,15,1632,2014,191272.0,1783453.0,0.262042,2.6305080000000003,IND,AUT,8414
2768152,106,15,1632,2014,5070672.0,255228.0,1.2658399999999999,0.278546,IRL,AUT,8414
2768153,107,15,1632,2014,93054.0,2984777.0,-0.361058,-0.312743,IRN,AUT,8414
2768154,108,15,1632,2014,0.0,2895433.0,-2.9169,-0.882023,IRQ,AUT,8414
2768155,109,15,1632,2014,0.0,245797.0,0.127891,-0.302014,ISL,AUT,8414
2768156,110,15,1632,2014,55704.0,261411.0,1.211141,0.64523,ISR,AUT,8414
2768157,111,15,1632,2014,77639237.0,20236980.0,1.340136,0.43931099999999995,ITA,AUT,8414
2768158,113,15,1632,2014,0.0,41310.0,0.210208,0.48732299999999995,JOR,AUT,8414
2768159,114,15,1632,2014,1603884.0,18078834.0,2.403165,-0.635024,JPN,AUT,8414
2768160,115,15,1632,2014,28583.0,295525.0,-0.210431,-0.574075,KAZ,AUT,8414
2768161,116,15,1632,2014,0.0,49203.0,-0.487058,0.307288,KEN,AUT,8414
2768162,117,15,1632,2014,0.0,2867.0,-0.31942600000000004,-0.012454,KGZ,AUT,8414
2768163,118,15,1632,2014,0.0,7184.0,-0.84072,-0.8307040000000001,KHM,AUT,8414
2768164,121,15,1632,2014,1073860.0,1783148.0,1.817145,0.8394530000000001,KOR,AUT,8414
2768165,122,15,1632,2014,0.0,159352.0,-0.769616,-1.10667,KWT,AUT,8414
2768166,123,15,1632,2014,0.0,4662.0,-1.054294,-0.869916,LAO,AUT,8414
2768167,124,15,1632,2014,0.0,64273.0,0.308677,1.7564490000000001,LBN,AUT,8414
2768168,126,15,1632,2014,0.0,113182.0,-1.5943829999999999,-1.189961,LBY,AUT,8414
2768169,130,15,1632,2014,154680.0,337196.0,0.764495,1.3451540000000002,LTU,AUT,8414
2768170,131,15,1632,2014,74986.0,120714.0,1.243845,1.155474,LUX,AUT,8414
2768171,132,15,1632,2014,31873.0,302816.0,0.613116,1.1899790000000001,LVA,AUT,8414
2768172,133,15,1632,2014,0.0,5293.0,0.704535,0.5856140000000001,MAC,AUT,8414
2768173,134,15,1632,2014,4545.0,2372216.0,-0.574034,0.065788,MAR,AUT,8414
2768174,135,15,1632,2014,0.0,103823.0,-0.10438199999999999,-0.093194,MDA,AUT,8414
2768175,136,15,1632,2014,0.0,9641.0,-1.002122,-0.44446,MDG,AUT,8414
2768176,137,15,1632,2014,0.0,4589.0,-0.43265299999999995,-0.82696,MDV,AUT,8414
2768177,138,15,1632,2014,354835.0,3240362.0,1.0799729999999998,0.697554,MEX,AUT,8414
2768178,140,15,1632,2014,4346.0,326518.0,-0.039799,-0.05545,MKD,AUT,8414
2768179,142,15,1632,2014,0.0,32095.0,0.817013,0.0016309999999999999,MLT,AUT,8414
2768180,143,15,1632,2014,11238.0,10966.0,-1.5332459999999999,-1.145973,MMR,AUT,8414
2768181,144,15,1632,2014,4855.0,85897.0,-0.17039100000000001,-0.21762399999999998,MNE,AUT,8414
2768182,145,15,1632,2014,0.0,6073.0,-1.425524,-1.161949,MNG,AUT,8414
2768183,147,15,1632,2014,0.0,16659.0,-1.1993610000000001,-1.040181,MOZ,AUT,8414
2768184,148,15,1632,2014,0.0,7316.0,-1.458551,-1.225373,MRT,AUT,8414
2768185,151,15,1632,2014,0.0,89451.0,-0.029891,-0.12431099999999999,MUS,AUT,8414
2768186,152,15,1632,2014,0.0,19003.0,-0.494204,-0.751903,MWI,AUT,8414
2768187,153,15,1632,2014,357458.0,612344.0,1.018138,0.774649,MYS,AUT,8414
2768188,155,15,1632,2014,0.0,27511.0,-0.428227,-0.5632229999999999,NAM,AUT,8414
2768189,156,15,1632,2014,0.0,13734.0,-0.509789,-0.767484,NCL,AUT,8414
2768190,159,15,1632,2014,0.0,135381.0,-1.2126430000000001,-1.059697,NGA,AUT,8414
2768191,162,15,1632,2014,92085232.0,6381191.0,1.179325,1.355071,NLD,AUT,8414
2768192,163,15,1632,2014,161261.0,4836823.0,0.9187049999999999,0.182685,NOR,AUT,8414
2768193,166,15,1632,2014,1181.0,142339.0,0.272502,0.21628699999999998,NZL,AUT,8414
2768194,167,15,1632,2014,10331.0,544583.0,-0.505129,-1.0051370000000002,OMN,AUT,8414
2768195,168,15,1632,2014,0.0,327918.0,-0.672924,0.566787,PAK,AUT,8414
2768196,169,15,1632,2014,3378.0,7668.0,0.771742,0.9873190000000001,PAN,AUT,8414
2768197,173,15,1632,2014,0.0,74319.0,-0.557833,0.611826,PER,AUT,8414
2768198,174,15,1632,2014,110588.0,31329.0,0.637442,0.475883,PHL,AUT,8414
2768199,177,15,1632,2014,4788320.0,47868755.0,1.133102,1.177165,POL,AUT,8414
2768200,179,15,1632,2014,96810.0,632317.0,0.621053,2.349644,PRT,AUT,8414
2768201,180,15,1632,2014,0.0,77624.0,-0.608509,-0.930679,PRY,AUT,8414
2768202,182,15,1632,2014,0.0,588.0,0.008831,-0.6268279999999999,PYF,AUT,8414
2768203,183,15,1632,2014,14157.0,1063446.0,-0.37535599999999997,-1.0196370000000001,QAT,AUT,8414
2768204,185,15,1632,2014,72994535.0,7710351.0,0.9112,1.188161,ROU,AUT,8414
2768205,186,15,1632,2014,5348.0,25350443.0,0.229422,-0.214856,RUS,AUT,8414
2768206,187,15,1632,2014,0.0,410.0,-0.5692659999999999,-0.447859,RWA,AUT,8414
2768207,188,15,1632,2014,1250.0,1616791.0,0.5758439999999999,-0.832692,SAU,AUT,8414
2768208,190,15,1632,2014,0.0,26077.0,-1.442381,-1.1155030000000001,SDN,AUT,8414
2768209,191,15,1632,2014,0.0,16417.0,-0.502607,-0.08866,SEN,AUT,8414
2768210,192,15,1632,2014,95564.0,2642725.0,1.867492,0.626736,SGP,AUT,8414
2768211,196,15,1632,2014,0.0,4748.0,-0.9228569999999999,-0.791482,SLE,AUT,8414
2768212,197,15,1632,2014,0.0,10351.0,0.08653999999999999,0.29088600000000003,SLV,AUT,8414
2768213,198,15,1632,2014,4270.0,0.0,0.9675090000000001,0.582902,SMR,AUT,8414
2768214,199,15,1632,2014,0.0,1027.0,-1.41991,-1.010693,SOM,AUT,8414
2768215,201,15,1632,2014,270419.0,5206159.0,0.551635,1.211535,SRB,AUT,8414
2768216,206,15,1632,2014,22874124.0,5151781.0,1.334959,0.821253,SVK,AUT,8414
2768217,207,15,1632,2014,31514824.0,15663560.0,1.6558669999999998,0.6814399999999999,SVN,AUT,8414
2768218,208,15,1632,2014,1354703.0,3096112.0,1.817752,0.558474,SWE,AUT,8414
2768219,211,15,1632,2014,334930.0,1956.0,0.358111,-0.484879,SYC,AUT,8414
2768220,212,15,1632,2014,0.0,17844.0,-0.366224,0.9054719999999999,SYR,AUT,8414
2768221,216,15,1632,2014,502378.0,150391.0,0.977094,1.41283,THA,AUT,8414
2768222,217,15,1632,2014,0.0,255115.0,-0.706823,-0.993756,TJK,AUT,8414
2768223,219,15,1632,2014,0.0,326599.0,-1.217897,-1.184131,TKM,AUT,8414
2768224,222,15,1632,2014,0.0,12184.0,-0.57362,-1.117545,TTO,AUT,8414
2768225,223,15,1632,2014,2280.0,287503.0,0.343449,1.118007,TUN,AUT,8414
2768226,224,15,1632,2014,732594.0,17911381.0,0.554761,2.385693,TUR,AUT,8414
2768227,226,15,1632,2014,0.0,32445.0,-1.054331,0.166345,TZA,AUT,8414
2768228,227,15,1632,2014,0.0,15615.0,-0.46911800000000003,0.25446599999999997,UGA,AUT,8414
2768229,228,15,1632,2014,532523.0,3155281.0,0.566535,0.832267,UKR,AUT,8414
2768230,230,15,1632,2014,0.0,175909.0,0.154034,-0.380899,URY,AUT,8414
2768231,231,15,1632,2014,6559344.0,22340369.0,1.61227,0.068905,USA,AUT,8414
2768232,232,15,1632,2014,0.0,13731.0,-0.407623,-0.37150700000000003,UZB,AUT,8414
2768233,236,15,1632,2014,0.0,322797.0,-0.582086,-1.081727,VEN,AUT,8414
2768234,239,15,1632,2014,689468.0,472324.0,-0.023765,1.344416,VNM,AUT,8414
2768235,246,15,1632,2014,30607.0,680292.0,0.282927,1.723214,ZAF,AUT,8414
2768236,247,15,1632,2014,0.0,14322.0,-0.664089,-0.793452,ZMB,AUT,8414
2768237,249,15,1632,2014,1500243.0,831250.0,1.9044189999999999,1.0595139999999998,TWN,AUT,8414
2768238,0,18,1632,2014,0.0,6484.0,0.779539,-0.32255700000000004,ABW,BEL,8414
2768239,1,18,1632,2014,0.0,27744.0,-0.924386,-0.839385,AFG,BEL,8414
2768240,2,18,1632,2014,11055.0,5079919.0,-1.8184900000000002,-1.149191,AGO,BEL,8414
2768241,4,18,1632,2014,0.0,80290.0,-0.476024,-0.33978400000000003,ALB,BEL,8414
2768242,5,18,1632,2014,0.0,3472.0,0.533246,-0.41617,AND,BEL,8414
2768243,7,18,1632,2014,279203.0,36783140.0,0.087775,-0.289459,ARE,BEL,8414
2768244,8,18,1632,2014,188767.0,7226968.0,0.10691500000000001,0.44860600000000006,ARG,BEL,8414
2768245,9,18,1632,2014,9345.0,604108.0,-0.198322,-0.5918680000000001,ARM,BEL,8414
2768246,12,18,1632,2014,0.0,6487.0,0.8714149999999999,-0.652,ATF,BEL,8414
2768247,14,18,1632,2014,1050462.0,26157937.0,-0.398273,-0.17128,AUS,BEL,8414
2768248,15,18,1632,2014,5713065.0,33999662.0,1.7116790000000002,-0.140232,AUT,BEL,8414
2768249,16,18,1632,2014,22072.0,3938260.0,-0.909508,-1.165158,AZE,BEL,8414
2768250,17,18,1632,2014,0.0,53539.0,-0.242256,-0.8567879999999999,BDI,BEL,8414
2768251,19,18,1632,2014,0.0,1155176.0,-0.342225,-0.618789,BEN,BEL,8414
2768252,21,18,1632,2014,4552.0,598345.0,-0.922401,-0.9554379999999999,BFA,BEL,8414
2768253,22,18,1632,2014,0.0,8620414.0,-1.0341879999999999,-0.9614870000000001,BGD,BEL,8414
2768254,23,18,1632,2014,71782.0,6446044.0,0.579058,1.6558110000000001,BGR,BEL,8414
2768255,24,18,1632,2014,3821.0,3054227.0,0.460168,-0.41671099999999994,BHR,BEL,8414
2768256,26,18,1632,2014,11990.0,817220.0,0.5083300000000001,0.711704,BIH,BEL,8414
2768257,27,18,1632,2014,0.0,1410.0,0.8636219999999999,-0.499126,BLM,BEL,8414
2768258,28,18,1632,2014,0.0,2268245.0,0.874108,0.676231,BLR,BEL,8414
2768259,31,18,1632,2014,2062.0,1781575.0,-1.129494,-1.030198,BOL,BEL,8414
2768260,32,18,1632,2014,826436.0,54428424.0,0.218223,0.556921,BRA,BEL,8414
2768261,33,18,1632,2014,0.0,214226.0,0.44968400000000003,-0.15268900000000002,BRB,BEL,8414
2768262,34,18,1632,2014,0.0,98693.0,0.191357,-0.683567,BRN,BEL,8414
2768263,35,18,1632,2014,0.0,16038.0,-0.24597199999999997,-0.758838,BTN,BEL,8414
2768264,37,18,1632,2014,0.0,28336.0,-0.60221,-1.104578,BWA,BEL,8414
2768265,38,18,1632,2014,0.0,3565.0,0.695875,0.543384,CAF,BEL,8414
2768266,39,18,1632,2014,483797.0,28748611.0,0.671395,1.024683,CAN,BEL,8414
2768267,41,18,1632,2014,18488365.0,33242199.0,2.2000919999999997,0.65398,CHE,BEL,8414
2768268,42,18,1632,2014,214019.0,12983415.0,-0.344671,-0.43380799999999997,CHL,BEL,8414
2768269,43,18,1632,2014,70362963.0,119731748.0,1.187557,1.222085,CHN,BEL,8414
2768270,44,18,1632,2014,97319.0,2089004.0,-0.737625,-0.768728,CIV,BEL,8414
2768271,45,18,1632,2014,80960.0,2482690.0,-0.6723520000000001,-0.945084,CMR,BEL,8414
2768272,46,18,1632,2014,0.0,2387182.0,-1.6680240000000002,-1.1265129999999999,COD,BEL,8414
2768273,47,18,1632,2014,4609.0,364038.0,-1.371624,-1.12468,COG,BEL,8414
2768274,49,18,1632,2014,545231.0,7612227.0,0.19864500000000002,-0.378364,COL,BEL,8414
2768275,50,18,1632,2014,0.0,1047.0,-0.19200699999999998,-0.761303,COM,BEL,8414
2768276,51,18,1632,2014,0.0,1019.0,-0.182368,-0.7136359999999999,CPV,BEL,8414
2768277,52,18,1632,2014,7315.0,578687.0,0.065938,-0.687971,CRI,BEL,8414
2768278,54,18,1632,2014,0.0,428945.0,-0.476786,-0.952291,CUB,BEL,8414
2768279,55,18,1632,2014,0.0,16648.0,-0.00902,-0.683643,CUW,BEL,8414
2768280,57,18,1632,2014,0.0,278696.0,1.199562,-0.66969,CYM,BEL,8414
2768281,58,18,1632,2014,151589.0,951250.0,0.627467,0.483725,CYP,BEL,8414
2768282,59,18,1632,2014,52195614.0,25758025.0,1.8105830000000003,0.131131,CZE,BEL,8414
2768283,61,18,1632,2014,177690426.0,201890799.0,2.052849,-2.888805,DEU,BEL,8414
2768284,62,18,1632,2014,0.0,114616.0,-0.394602,-0.74178,DJI,BEL,8414
2768285,63,18,1632,2014,0.0,40869.0,0.294596,-0.310069,DMA,BEL,8414
2768286,64,18,1632,2014,4577709.0,16514079.0,1.10869,1.245193,DNK,BEL,8414
2768287,65,18,1632,2014,0.0,402768.0,-0.180845,0.508512,DOM,BEL,8414
2768288,66,18,1632,2014,220223.0,36121377.0,-1.5554649999999999,-1.1657030000000002,DZA,BEL,8414
2768289,67,18,1632,2014,6287.0,1705270.0,-1.066865,-1.052921,ECU,BEL,8414
2768290,68,18,1632,2014,42325.0,17733796.0,-0.086866,1.7419669999999998,EGY,BEL,8414
2768291,69,18,1632,2014,0.0,127193.0,-2.345215,-1.051413,ERI,BEL,8414
2768292,71,18,1632,2014,8350496.0,63068696.0,0.842147,2.45692,ESP,BEL,8414
2768293,72,18,1632,2014,35806.0,1030520.0,0.9147780000000001,1.151556,EST,BEL,8414
2768294,73,18,1632,2014,0.0,2423110.0,-1.296535,-1.045942,ETH,BEL,8414
2768295,74,18,1632,2014,1093679.0,21304359.0,1.626355,1.002923,FIN,BEL,8414
2768296,75,18,1632,2014,0.0,1220.0,-0.306346,-0.07688500000000001,FJI,BEL,8414
2768297,77,18,1632,2014,109298751.0,195274477.0,1.4817790000000002,0.30995,FRA,BEL,8414
2768298,78,18,1632,2014,0.0,8036.0,-0.703929,-0.86265,FRO,BEL,8414
2768299,80,18,1632,2014,46045.0,6974937.0,-1.625474,-1.135973,GAB,BEL,8414
2768300,81,18,1632,2014,93550539.0,135284647.0,1.697964,0.585372,GBR,BEL,8414
2768301,82,18,1632,2014,5198.0,510700.0,-0.254106,-0.646584,GEO,BEL,8414
2768302,83,18,1632,2014,14071.0,3085043.0,-1.130226,-0.9909379999999999,GHA,BEL,8414
2768303,84,18,1632,2014,0.0,1202.0,0.275796,-0.720217,GIB,BEL,8414
2768304,85,18,1632,2014,0.0,579726.0,-1.628409,-1.202473,GIN,BEL,8414
2768305,87,18,1632,2014,0.0,11838.0,-0.905488,-0.7892819999999999,GMB,BEL,8414
2768306,88,18,1632,2014,0.0,4926.0,-1.6723700000000001,-0.896442,GNB,BEL,8414
2768307,89,18,1632,2014,0.0,1471183.0,-2.043516,-0.844701,GNQ,BEL,8414
2768308,90,18,1632,2014,141559.0,9871604.0,0.149337,0.8560540000000001,GRC,BEL,8414
2768309,92,18,1632,2014,0.0,12544.0,-1.168495,-0.93096,GRL,BEL,8414
2768310,93,18,1632,2014,0.0,238918.0,-0.36547199999999996,0.548894,GTM,BEL,8414
2768311,96,18,1632,2014,0.0,365932.0,-1.068777,-1.038227,GUY,BEL,8414
2768312,97,18,1632,2014,401169.0,3861427.0,0.812132,1.722493,HKG,BEL,8414
2768313,99,18,1632,2014,13296.0,187078.0,-0.467004,0.045511,HND,BEL,8414
2768314,100,18,1632,2014,287171.0,1952311.0,0.804401,1.250807,HRV,BEL,8414
2768315,101,18,1632,2014,0.0,230165.0,-1.10887,-1.032108,HTI,BEL,8414
2768316,102,18,1632,2014,17071370.0,13362669.0,1.477093,0.812869,HUN,BEL,8414
2768317,103,18,1632,2014,258269.0,23869624.0,-0.088032,1.3966459999999998,IDN,BEL,8414
2768318,104,18,1632,2014,15778600.0,43205496.0,0.262042,2.6305080000000003,IND,BEL,8414
2768319,106,18,1632,2014,6779083.0,9198775.0,1.2658399999999999,0.278546,IRL,BEL,8414
2768320,107,18,1632,2014,0.0,1475593.0,-0.361058,-0.312743,IRN,BEL,8414
2768321,108,18,1632,2014,0.0,7425631.0,-2.9169,-0.882023,IRQ,BEL,8414
2768322,109,18,1632,2014,21305.0,967267.0,0.127891,-0.302014,ISL,BEL,8414
2768323,110,18,1632,2014,279247.0,10753188.0,1.211141,0.64523,ISR,BEL,8414
2768324,111,18,1632,2014,126868903.0,183084218.0,1.340136,0.43931099999999995,ITA,BEL,8414
2768325,112,18,1632,2014,0.0,173149.0,-0.42745299999999997,-0.7750130000000001,JAM,BEL,8414
2768326,113,18,1632,2014,17148.0,2857451.0,0.210208,0.48732299999999995,JOR,BEL,8414
2768327,114,18,1632,2014,28790762.0,24616836.0,2.403165,-0.635024,JPN,BEL,8414
2768328,115,18,1632,2014,146716.0,6001696.0,-0.210431,-0.574075,KAZ,BEL,8414
2768329,116,18,1632,2014,28629.0,4486041.0,-0.487058,0.307288,KEN,BEL,8414
2768330,117,18,1632,2014,13566.0,143159.0,-0.31942600000000004,-0.012454,KGZ,BEL,8414
2768331,118,18,1632,2014,0.0,65311.0,-0.84072,-0.8307040000000001,KHM,BEL,8414
2768332,121,18,1632,2014,1573899.0,32841138.0,1.817145,0.8394530000000001,KOR,BEL,8414
2768333,122,18,1632,2014,73484.0,2631707.0,-0.769616,-1.10667,KWT,BEL,8414
2768334,124,18,1632,2014,3547.0,1669617.0,0.308677,1.7564490000000001,LBN,BEL,8414
2768335,125,18,1632,2014,0.0,66347.0,-1.016828,-1.107983,LBR,BEL,8414
2768336,126,18,1632,2014,0.0,1018181.0,-1.5943829999999999,-1.189961,LBY,BEL,8414
2768337,127,18,1632,2014,0.0,3988.0,0.29035500000000003,-0.603541,LCA,BEL,8414
2768338,128,18,1632,2014,18422.0,757236.0,-0.49366899999999997,0.338686,LKA,BEL,8414
2768339,130,18,1632,2014,342817.0,3233787.0,0.764495,1.3451540000000002,LTU,BEL,8414
2768340,131,18,1632,2014,649563.0,5170921.0,1.243845,1.155474,LUX,BEL,8414
2768341,132,18,1632,2014,30709.0,1280314.0,0.613116,1.1899790000000001,LVA,BEL,8414
2768342,133,18,1632,2014,0.0,15197.0,0.704535,0.5856140000000001,MAC,BEL,8414
2768343,134,18,1632,2014,146362.0,7826149.0,-0.574034,0.065788,MAR,BEL,8414
2768344,135,18,1632,2014,0.0,171159.0,-0.10438199999999999,-0.093194,MDA,BEL,8414
2768345,136,18,1632,2014,1443.0,735431.0,-1.002122,-0.44446,MDG,BEL,8414
2768346,137,18,1632,2014,0.0,12898.0,-0.43265299999999995,-0.82696,MDV,BEL,8414
2768347,138,18,1632,2014,15456654.0,33408719.0,1.0799729999999998,0.697554,MEX,BEL,8414
2768348,140,18,1632,2014,4359.0,944459.0,-0.039799,-0.05545,MKD,BEL,8414
2768349,141,18,1632,2014,5822.0,725991.0,-1.199063,-1.05497,MLI,BEL,8414
2768350,142,18,1632,2014,5642.0,225190.0,0.817013,0.0016309999999999999,MLT,BEL,8414
2768351,143,18,1632,2014,0.0,631283.0,-1.5332459999999999,-1.145973,MMR,BEL,8414
2768352,144,18,1632,2014,0.0,100472.0,-0.17039100000000001,-0.21762399999999998,MNE,BEL,8414
2768353,145,18,1632,2014,3378.0,601344.0,-1.425524,-1.161949,MNG,BEL,8414
2768354,147,18,1632,2014,0.0,150949.0,-1.1993610000000001,-1.040181,MOZ,BEL,8414
2768355,148,18,1632,2014,0.0,2242273.0,-1.458551,-1.225373,MRT,BEL,8414
2768356,151,18,1632,2014,0.0,121313.0,-0.029891,-0.12431099999999999,MUS,BEL,8414
2768357,152,18,1632,2014,0.0,42042.0,-0.494204,-0.751903,MWI,BEL,8414
2768358,153,18,1632,2014,528718.0,22392679.0,1.018138,0.774649,MYS,BEL,8414
2768359,155,18,1632,2014,0.0,131513.0,-0.428227,-0.5632229999999999,NAM,BEL,8414
2768360,156,18,1632,2014,0.0,362177.0,-0.509789,-0.767484,NCL,BEL,8414
2768361,157,18,1632,2014,6143.0,241629.0,-0.7187,-0.80918,NER,BEL,8414
2768362,159,18,1632,2014,85618.0,13670286.0,-1.2126430000000001,-1.059697,NGA,BEL,8414
2768363,160,18,1632,2014,0.0,134363.0,-0.938269,-0.839066,NIC,BEL,8414
2768364,162,18,1632,2014,124155040.0,110655820.0,1.179325,1.355071,NLD,BEL,8414
2768365,163,18,1632,2014,1750402.0,29056437.0,0.9187049999999999,0.182685,NOR,BEL,8414
2768366,164,18,1632,2014,0.0,92221.0,-0.11988199999999999,0.655883,NPL,BEL,8414
2768367,166,18,1632,2014,152725.0,8700619.0,0.272502,0.21628699999999998,NZL,BEL,8414
2768368,167,18,1632,2014,1164.0,4736402.0,-0.505129,-1.0051370000000002,OMN,BEL,8414
2768369,168,18,1632,2014,21668.0,10262504.0,-0.672924,0.566787,PAK,BEL,8414
2768370,169,18,1632,2014,9408.0,789861.0,0.771742,0.9873190000000001,PAN,BEL,8414
2768371,173,18,1632,2014,331492.0,11817045.0,-0.557833,0.611826,PER,BEL,8414
2768372,174,18,1632,2014,474369.0,11712242.0,0.637442,0.475883,PHL,BEL,8414
2768373,176,18,1632,2014,0.0,225429.0,-1.564904,-1.146255,PNG,BEL,8414
2768374,177,18,1632,2014,29516970.0,48083676.0,1.133102,1.177165,POL,BEL,8414
2768375,179,18,1632,2014,317932.0,14941421.0,0.621053,2.349644,PRT,BEL,8414
2768376,180,18,1632,2014,0.0,130557.0,-0.608509,-0.930679,PRY,BEL,8414
2768377,181,18,1632,2014,0.0,2530.0,0.030643,0.601905,PSE,BEL,8414
2768378,182,18,1632,2014,0.0,94064.0,0.008831,-0.6268279999999999,PYF,BEL,8414
2768379,183,18,1632,2014,10022.0,6489850.0,-0.37535599999999997,-1.0196370000000001,QAT,BEL,8414
2768380,185,18,1632,2014,2038212.0,14073521.0,0.9112,1.188161,ROU,BEL,8414
2768381,186,18,1632,2014,854735.0,80856871.0,0.229422,-0.214856,RUS,BEL,8414
2768382,187,18,1632,2014,0.0,148762.0,-0.5692659999999999,-0.447859,RWA,BEL,8414
2768383,188,18,1632,2014,1112405.0,52989048.0,0.5758439999999999,-0.832692,SAU,BEL,8414
2768384,190,18,1632,2014,1501.0,1381470.0,-1.442381,-1.1155030000000001,SDN,BEL,8414
2768385,191,18,1632,2014,0.0,1243148.0,-0.502607,-0.08866,SEN,BEL,8414
2768386,192,18,1632,2014,663659.0,25423080.0,1.867492,0.626736,SGP,BEL,8414
2768387,196,18,1632,2014,0.0,114631.0,-0.9228569999999999,-0.791482,SLE,BEL,8414
2768388,197,18,1632,2014,0.0,295094.0,0.08653999999999999,0.29088600000000003,SLV,BEL,8414
2768389,201,18,1632,2014,3688916.0,4572837.0,0.551635,1.211535,SRB,BEL,8414
2768390,202,18,1632,2014,0.0,118946.0,-2.824279,-0.8767969999999999,SSD,BEL,8414
2768391,205,18,1632,2014,0.0,17789.0,-0.6333989999999999,-0.857643,SUR,BEL,8414
2768392,206,18,1632,2014,835730.0,10505887.0,1.334959,0.821253,SVK,BEL,8414
2768393,207,18,1632,2014,1171913.0,4795516.0,1.6558669999999998,0.6814399999999999,SVN,BEL,8414
2768394,208,18,1632,2014,4521516.0,63558097.0,1.817752,0.558474,SWE,BEL,8414
2768395,211,18,1632,2014,0.0,69002.0,0.358111,-0.484879,SYC,BEL,8414
2768396,212,18,1632,2014,0.0,2349.0,-0.366224,0.9054719999999999,SYR,BEL,8414
2768397,214,18,1632,2014,0.0,372734.0,-2.012048,-0.921558,TCD,BEL,8414
2768398,215,18,1632,2014,0.0,504253.0,-0.524103,-0.537643,TGO,BEL,8414
2768399,216,18,1632,2014,10792644.0,24172780.0,0.977094,1.41283,THA,BEL,8414
2768400,217,18,1632,2014,0.0,257332.0,-0.706823,-0.993756,TJK,BEL,8414
2768401,219,18,1632,2014,0.0,850877.0,-1.217897,-1.184131,TKM,BEL,8414
2768402,222,18,1632,2014,0.0,34697.0,-0.57362,-1.117545,TTO,BEL,8414
2768403,223,18,1632,2014,909612.0,5276376.0,0.343449,1.118007,TUN,BEL,8414
2768404,224,18,1632,2014,11097393.0,49528048.0,0.554761,2.385693,TUR,BEL,8414
2768405,226,18,1632,2014,134062.0,2595194.0,-1.054331,0.166345,TZA,BEL,8414
2768406,227,18,1632,2014,4442.0,882036.0,-0.46911800000000003,0.25446599999999997,UGA,BEL,8414
2768407,228,18,1632,2014,918074.0,2894322.0,0.566535,0.832267,UKR,BEL,8414
2768408,230,18,1632,2014,1381.0,1149794.0,0.154034,-0.380899,URY,BEL,8414
2768409,231,18,1632,2014,92939597.0,187137321.0,1.61227,0.068905,USA,BEL,8414
2768410,232,18,1632,2014,0.0,3018242.0,-0.407623,-0.37150700000000003,UZB,BEL,8414
2768411,236,18,1632,2014,0.0,3277704.0,-0.582086,-1.081727,VEN,BEL,8414
2768412,239,18,1632,2014,91030.0,8931952.0,-0.023765,1.344416,VNM,BEL,8414
2768413,243,18,1632,2014,0.0,2633066.0,-1.2829190000000001,-1.227373,YEM,BEL,8414
2768414,246,18,1632,2014,306879.0,25294085.0,0.282927,1.723214,ZAF,BEL,8414
2768415,247,18,1632,2014,118232.0,2455513.0,-0.664089,-0.793452,ZMB,BEL,8414
2768416,248,18,1632,2014,6981.0,540634.0,-0.821369,-0.864232,ZWE,BEL,8414
2768417,249,18,1632,2014,4339480.0,9725917.0,1.9044189999999999,1.0595139999999998,TWN,BEL,8414
2768418,250,18,1632,2014,0.0,19388.0,0.506842,0.049545,ANS,BEL,8414
2768419,2,25,1632,2014,0.0,1366.0,-1.8184900000000002,-1.149191,AGO,BHS,8414
2768420,15,25,1632,2014,2927.0,0.0,1.7116790000000002,-0.140232,AUT,BHS,8414
2768421,32,25,1632,2014,4086.0,0.0,0.218223,0.556921,BRA,BHS,8414
2768422,41,25,1632,2014,116987.0,0.0,2.2000919999999997,0.65398,CHE,BHS,8414
2768423,43,25,1632,2014,266114.0,0.0,1.187557,1.222085,CHN,BHS,8414
2768424,49,25,1632,2014,0.0,12066.0,0.19864500000000002,-0.378364,COL,BHS,8414
2768425,61,25,1632,2014,461393.0,0.0,2.052849,-2.888805,DEU,BHS,8414
2768426,64,25,1632,2014,29400.0,0.0,1.10869,1.245193,DNK,BHS,8414
2768427,65,25,1632,2014,28089.0,0.0,-0.180845,0.508512,DOM,BHS,8414
2768428,71,25,1632,2014,10963.0,0.0,0.842147,2.45692,ESP,BHS,8414
2768429,74,25,1632,2014,1296.0,0.0,1.626355,1.002923,FIN,BHS,8414
2768430,77,25,1632,2014,0.0,2968.0,1.4817790000000002,0.30995,FRA,BHS,8414
2768431,81,25,1632,2014,108114.0,0.0,1.697964,0.585372,GBR,BHS,8414
2768432,83,25,1632,2014,0.0,15839.0,-1.130226,-0.9909379999999999,GHA,BHS,8414
2768433,97,25,1632,2014,24625.0,0.0,0.812132,1.722493,HKG,BHS,8414
2768434,104,25,1632,2014,65504.0,0.0,0.262042,2.6305080000000003,IND,BHS,8414
2768435,111,25,1632,2014,0.0,2648385.0,1.340136,0.43931099999999995,ITA,BHS,8414
2768436,112,25,1632,2014,14747.0,1187.0,-0.42745299999999997,-0.7750130000000001,JAM,BHS,8414
2768437,114,25,1632,2014,280124.0,0.0,2.403165,-0.635024,JPN,BHS,8414
2768438,121,25,1632,2014,2518.0,0.0,1.817145,0.8394530000000001,KOR,BHS,8414
2768439,138,25,1632,2014,8136.0,0.0,1.0799729999999998,0.697554,MEX,BHS,8414
2768440,153,25,1632,2014,1041675.0,0.0,1.018138,0.774649,MYS,BHS,8414
2768441,162,25,1632,2014,30537.0,1925.0,1.179325,1.355071,NLD,BHS,8414
2768442,163,25,1632,2014,364946.0,0.0,0.9187049999999999,0.182685,NOR,BHS,8414
2768443,165,25,1632,2014,2244.0,0.0,1.215503,-0.37847,NRU,BHS,8414
2768444,169,25,1632,2014,20500.0,0.0,0.771742,0.9873190000000001,PAN,BHS,8414
2768445,177,25,1632,2014,4793.0,0.0,1.133102,1.177165,POL,BHS,8414
2768446,208,25,1632,2014,980.0,0.0,1.817752,0.558474,SWE,BHS,8414
2768447,222,25,1632,2014,3414.0,0.0,-0.57362,-1.117545,TTO,BHS,8414
2768448,231,25,1632,2014,6925618.0,747862.0,1.61227,0.068905,USA,BHS,8414
2768449,250,25,1632,2014,6481.0,0.0,0.506842,0.049545,ANS,BHS,8414
2768450,0,32,1632,2014,0.0,22492.0,0.779539,-0.32255700000000004,ABW,BRA,8414
2768451,2,32,1632,2014,0.0,1238914.0,-1.8184900000000002,-1.149191,AGO,BRA,8414
2768452,7,32,1632,2014,1137.0,2969918.0,0.087775,-0.289459,ARE,BRA,8414
2768453,8,32,1632,2014,4475123.0,118580309.0,0.10691500000000001,0.44860600000000006,ARG,BRA,8414
2768454,9,32,1632,2014,0.0,7583.0,-0.198322,-0.5918680000000001,ARM,BRA,8414
2768455,13,32,1632,2014,0.0,2931.0,0.169764,-0.621576,ATG,BRA,8414
2768456,14,32,1632,2014,194642.0,625693.0,-0.398273,-0.17128,AUS,BRA,8414
2768457,15,32,1632,2014,1110354.0,114802.0,1.7116790000000002,-0.140232,AUT,BRA,8414
2768458,16,32,1632,2014,0.0,22078.0,-0.909508,-1.165158,AZE,BRA,8414
2768459,18,32,1632,2014,54428424.0,826436.0,1.234156,1.226441,BEL,BRA,8414
2768460,22,32,1632,2014,0.0,1559.0,-1.0341879999999999,-0.9614870000000001,BGD,BRA,8414
2768461,23,32,1632,2014,0.0,132725.0,0.579058,1.6558110000000001,BGR,BRA,8414
2768462,24,32,1632,2014,0.0,79573.0,0.460168,-0.41671099999999994,BHR,BRA,8414
2768463,25,32,1632,2014,0.0,4086.0,0.314465,-0.60458,BHS,BRA,8414
2768464,26,32,1632,2014,0.0,1581.0,0.5083300000000001,0.711704,BIH,BRA,8414
2768465,28,32,1632,2014,0.0,9142.0,0.874108,0.676231,BLR,BRA,8414
2768466,29,32,1632,2014,0.0,9882.0,-0.324446,-0.552126,BLZ,BRA,8414
2768467,31,32,1632,2014,17264.0,7255105.0,-1.129494,-1.030198,BOL,BRA,8414
2768468,33,32,1632,2014,0.0,131653.0,0.44968400000000003,-0.15268900000000002,BRB,BRA,8414
2768469,39,32,1632,2014,1644307.0,5214564.0,0.671395,1.024683,CAN,BRA,8414
2768470,41,32,1632,2014,11172984.0,4392605.0,2.2000919999999997,0.65398,CHE,BRA,8414
2768471,42,32,1632,2014,866156.0,18098386.0,-0.344671,-0.43380799999999997,CHL,BRA,8414
2768472,43,32,1632,2014,382573434.0,52570043.0,1.187557,1.222085,CHN,BRA,8414
2768473,44,32,1632,2014,0.0,23653.0,-0.737625,-0.768728,CIV,BRA,8414
2768474,45,32,1632,2014,0.0,2294.0,-0.6723520000000001,-0.945084,CMR,BRA,8414
2768475,47,32,1632,2014,0.0,308271.0,-1.371624,-1.12468,COG,BRA,8414
2768476,49,32,1632,2014,63662.0,29611230.0,0.19864500000000002,-0.378364,COL,BRA,8414
2768477,52,32,1632,2014,126046.0,1599885.0,0.065938,-0.687971,CRI,BRA,8414
2768478,54,32,1632,2014,0.0,695308.0,-0.476786,-0.952291,CUB,BRA,8414
2768479,55,32,1632,2014,0.0,27201.0,-0.00902,-0.683643,CUW,BRA,8414
2768480,58,32,1632,2014,0.0,1706.0,0.627467,0.483725,CYP,BRA,8414
2768481,59,32,1632,2014,2681927.0,29555.0,1.8105830000000003,0.131131,CZE,BRA,8414
2768482,61,32,1632,2014,102396630.0,10504134.0,2.052849,-2.888805,DEU,BRA,8414
2768483,63,32,1632,2014,0.0,2301.0,0.294596,-0.310069,DMA,BRA,8414
2768484,64,32,1632,2014,4000906.0,255660.0,1.10869,1.245193,DNK,BRA,8414
2768485,65,32,1632,2014,1814.0,1938288.0,-0.180845,0.508512,DOM,BRA,8414
2768486,66,32,1632,2014,0.0,840261.0,-1.5554649999999999,-1.1657030000000002,DZA,BRA,8414
2768487,67,32,1632,2014,0.0,15344480.0,-1.066865,-1.052921,ECU,BRA,8414
2768488,68,32,1632,2014,0.0,21070131.0,-0.086866,1.7419669999999998,EGY,BRA,8414
2768489,71,32,1632,2014,12056279.0,347834.0,0.842147,2.45692,ESP,BRA,8414
2768490,72,32,1632,2014,7483.0,952.0,0.9147780000000001,1.151556,EST,BRA,8414
2768491,73,32,1632,2014,0.0,17221.0,-1.296535,-1.045942,ETH,BRA,8414
2768492,74,32,1632,2014,2806726.0,43730.0,1.626355,1.002923,FIN,BRA,8414
2768493,77,32,1632,2014,55898798.0,11238343.0,1.4817790000000002,0.30995,FRA,BRA,8414
2768494,80,32,1632,2014,0.0,27633.0,-1.625474,-1.135973,GAB,BRA,8414
2768495,81,32,1632,2014,27406200.0,6565947.0,1.697964,0.585372,GBR,BRA,8414
2768496,82,32,1632,2014,87739.0,95504.0,-0.254106,-0.646584,GEO,BRA,8414
2768497,83,32,1632,2014,0.0,146888.0,-1.130226,-0.9909379999999999,GHA,BRA,8414
2768498,85,32,1632,2014,0.0,4160.0,-1.628409,-1.202473,GIN,BRA,8414
2768499,89,32,1632,2014,0.0,169872.0,-2.043516,-0.844701,GNQ,BRA,8414
2768500,90,32,1632,2014,4495.0,197642.0,0.149337,0.8560540000000001,GRC,BRA,8414
2768501,91,32,1632,2014,0.0,2821.0,-0.184151,-0.7291270000000001,GRD,BRA,8414
2768502,93,32,1632,2014,0.0,5724740.0,-0.36547199999999996,0.548894,GTM,BRA,8414
2768503,96,32,1632,2014,0.0,47846.0,-1.068777,-1.038227,GUY,BRA,8414
2768504,97,32,1632,2014,3175398.0,1441850.0,0.812132,1.722493,HKG,BRA,8414
2768505,99,32,1632,2014,0.0,752246.0,-0.467004,0.045511,HND,BRA,8414
2768506,100,32,1632,2014,0.0,11865.0,0.804401,1.250807,HRV,BRA,8414
2768507,101,32,1632,2014,0.0,59784.0,-1.10887,-1.032108,HTI,BRA,8414
2768508,102,32,1632,2014,498895.0,168171.0,1.477093,0.812869,HUN,BRA,8414
2768509,103,32,1632,2014,9258178.0,2513122.0,-0.088032,1.3966459999999998,IDN,BRA,8414
2768510,104,32,1632,2014,22446868.0,2186595.0,0.262042,2.6305080000000003,IND,BRA,8414
2768511,106,32,1632,2014,2065055.0,588166.0,1.2658399999999999,0.278546,IRL,BRA,8414
2768512,107,32,1632,2014,0.0,174832.0,-0.361058,-0.312743,IRN,BRA,8414
2768513,108,32,1632,2014,0.0,77796.0,-2.9169,-0.882023,IRQ,BRA,8414
2768514,109,32,1632,2014,0.0,15334.0,0.127891,-0.302014,ISL,BRA,8414
2768515,110,32,1632,2014,81771.0,552450.0,1.211141,0.64523,ISR,BRA,8414
2768516,111,32,1632,2014,191795602.0,35225866.0,1.340136,0.43931099999999995,ITA,BRA,8414
2768517,112,32,1632,2014,0.0,125818.0,-0.42745299999999997,-0.7750130000000001,JAM,BRA,8414
2768518,113,32,1632,2014,0.0,15259.0,0.210208,0.48732299999999995,JOR,BRA,8414
2768519,114,32,1632,2014,63810311.0,5608885.0,2.403165,-0.635024,JPN,BRA,8414
2768520,115,32,1632,2014,0.0,59224.0,-0.210431,-0.574075,KAZ,BRA,8414
2768521,116,32,1632,2014,3183.0,45428.0,-0.487058,0.307288,KEN,BRA,8414
2768522,120,32,1632,2014,0.0,2092.0,0.9888950000000001,-0.28283800000000003,KNA,BRA,8414
2768523,121,32,1632,2014,61814842.0,2221251.0,1.817145,0.8394530000000001,KOR,BRA,8414
2768524,122,32,1632,2014,0.0,263715.0,-0.769616,-1.10667,KWT,BRA,8414
2768525,124,32,1632,2014,0.0,1344291.0,0.308677,1.7564490000000001,LBN,BRA,8414
2768526,127,32,1632,2014,0.0,3279.0,0.29035500000000003,-0.603541,LCA,BRA,8414
2768527,130,32,1632,2014,0.0,167902.0,0.764495,1.3451540000000002,LTU,BRA,8414
2768528,131,32,1632,2014,86617.0,115968.0,1.243845,1.155474,LUX,BRA,8414
2768529,133,32,1632,2014,114594.0,0.0,0.704535,0.5856140000000001,MAC,BRA,8414
2768530,134,32,1632,2014,0.0,119027.0,-0.574034,0.065788,MAR,BRA,8414
2768531,135,32,1632,2014,0.0,33186.0,-0.10438199999999999,-0.093194,MDA,BRA,8414
2768532,136,32,1632,2014,0.0,8314.0,-1.002122,-0.44446,MDG,BRA,8414
2768533,138,32,1632,2014,7731529.0,91627904.0,1.0799729999999998,0.697554,MEX,BRA,8414
2768534,140,32,1632,2014,32160.0,37351.0,-0.039799,-0.05545,MKD,BRA,8414
2768535,142,32,1632,2014,1829.0,0.0,0.817013,0.0016309999999999999,MLT,BRA,8414
2768536,147,32,1632,2014,0.0,118035.0,-1.1993610000000001,-1.040181,MOZ,BRA,8414
2768537,151,32,1632,2014,0.0,6414.0,-0.029891,-0.12431099999999999,MUS,BRA,8414
2768538,152,32,1632,2014,3406.0,1751.0,-0.494204,-0.751903,MWI,BRA,8414
2768539,153,32,1632,2014,571448.0,3723802.0,1.018138,0.774649,MYS,BRA,8414
2768540,155,32,1632,2014,143.0,174203.0,-0.428227,-0.5632229999999999,NAM,BRA,8414
2768541,156,32,1632,2014,0.0,9663.0,-0.509789,-0.767484,NCL,BRA,8414
2768542,157,32,1632,2014,0.0,334.0,-0.7187,-0.80918,NER,BRA,8414
2768543,159,32,1632,2014,0.0,560106.0,-1.2126430000000001,-1.059697,NGA,BRA,8414
2768544,160,32,1632,2014,0.0,473107.0,-0.938269,-0.839066,NIC,BRA,8414
2768545,162,32,1632,2014,19703506.0,75754789.0,1.179325,1.355071,NLD,BRA,8414
2768546,163,32,1632,2014,2546215.0,6894244.0,0.9187049999999999,0.182685,NOR,BRA,8414
2768547,166,32,1632,2014,82021.0,420592.0,0.272502,0.21628699999999998,NZL,BRA,8414
2768548,167,32,1632,2014,0.0,89231.0,-0.505129,-1.0051370000000002,OMN,BRA,8414
2768549,168,32,1632,2014,1290.0,1184013.0,-0.672924,0.566787,PAK,BRA,8414
2768550,169,32,1632,2014,23997.0,884404.0,0.771742,0.9873190000000001,PAN,BRA,8414
2768551,173,32,1632,2014,1853.0,11228326.0,-0.557833,0.611826,PER,BRA,8414
2768552,174,32,1632,2014,99280.0,96695.0,0.637442,0.475883,PHL,BRA,8414
2768553,176,32,1632,2014,0.0,16511.0,-1.564904,-1.146255,PNG,BRA,8414
2768554,177,32,1632,2014,1793124.0,494280.0,1.133102,1.177165,POL,BRA,8414
2768555,178,32,1632,2014,1303.0,0.0,-0.23883000000000001,-0.009727,PRK,BRA,8414
2768556,179,32,1632,2014,3234473.0,491427.0,0.621053,2.349644,PRT,BRA,8414
2768557,180,32,1632,2014,8518.0,9428650.0,-0.608509,-0.930679,PRY,BRA,8414
2768558,182,32,1632,2014,0.0,925.0,0.008831,-0.6268279999999999,PYF,BRA,8414
2768559,183,32,1632,2014,0.0,10525.0,-0.37535599999999997,-1.0196370000000001,QAT,BRA,8414
2768560,185,32,1632,2014,17669905.0,248165.0,0.9112,1.188161,ROU,BRA,8414
2768561,186,32,1632,2014,1388.0,1471555.0,0.229422,-0.214856,RUS,BRA,8414
2768562,187,32,1632,2014,0.0,214.0,-0.5692659999999999,-0.447859,RWA,BRA,8414
2768563,188,32,1632,2014,0.0,852219.0,0.5758439999999999,-0.832692,SAU,BRA,8414
2768564,190,32,1632,2014,0.0,9379.0,-1.442381,-1.1155030000000001,SDN,BRA,8414
2768565,191,32,1632,2014,0.0,1070.0,-0.502607,-0.08866,SEN,BRA,8414
2768566,192,32,1632,2014,5116572.0,1633044.0,1.867492,0.626736,SGP,BRA,8414
2768567,197,32,1632,2014,0.0,667651.0,0.08653999999999999,0.29088600000000003,SLV,BRA,8414
2768568,198,32,1632,2014,2354.0,0.0,0.9675090000000001,0.582902,SMR,BRA,8414
2768569,201,32,1632,2014,1615.0,463163.0,0.551635,1.211535,SRB,BRA,8414
2768570,205,32,1632,2014,0.0,219154.0,-0.6333989999999999,-0.857643,SUR,BRA,8414
2768571,206,32,1632,2014,4124394.0,12423534.0,1.334959,0.821253,SVK,BRA,8414
2768572,207,32,1632,2014,3521438.0,2142187.0,1.6558669999999998,0.6814399999999999,SVN,BRA,8414
2768573,208,32,1632,2014,5082759.0,291381.0,1.817752,0.558474,SWE,BRA,8414
2768574,213,32,1632,2014,0.0,2439.0,0.474182,-0.198892,TCA,BRA,8414
2768575,216,32,1632,2014,23301299.0,7964083.0,0.977094,1.41283,THA,BRA,8414
2768576,222,32,1632,2014,2961.0,116790.0,-0.57362,-1.117545,TTO,BRA,8414
2768577,223,32,1632,2014,3709.0,727240.0,0.343449,1.118007,TUN,BRA,8414
2768578,224,32,1632,2014,2129274.0,8729949.0,0.554761,2.385693,TUR,BRA,8414
2768579,226,32,1632,2014,0.0,60599.0,-1.054331,0.166345,TZA,BRA,8414
2768580,227,32,1632,2014,0.0,45785.0,-0.46911800000000003,0.25446599999999997,UGA,BRA,8414
2768581,228,32,1632,2014,378864.0,226303.0,0.566535,0.832267,UKR,BRA,8414
2768582,230,32,1632,2014,29019.0,3893010.0,0.154034,-0.380899,URY,BRA,8414
2768583,231,32,1632,2014,218307451.0,146968088.0,1.61227,0.068905,USA,BRA,8414
2768584,234,32,1632,2014,0.0,1346.0,0.034024,-0.522492,VCT,BRA,8414
2768585,236,32,1632,2014,0.0,5053597.0,-0.582086,-1.081727,VEN,BRA,8414
2768586,237,32,1632,2014,19033.0,0.0,0.484282,-0.082974,VGB,BRA,8414
2768587,239,32,1632,2014,391444.0,1183258.0,-0.023765,1.344416,VNM,BRA,8414
2768588,242,32,1632,2014,0.0,662851.0,0.602344,-0.051224,WSM,BRA,8414
2768589,243,32,1632,2014,0.0,153604.0,-1.2829190000000001,-1.227373,YEM,BRA,8414
2768590,246,32,1632,2014,33843.0,7509677.0,0.282927,1.723214,ZAF,BRA,8414
2768591,247,32,1632,2014,0.0,1542.0,-0.664089,-0.793452,ZMB,BRA,8414
2768592,248,32,1632,2014,0.0,124207.0,-0.821369,-0.864232,ZWE,BRA,8414
2768593,249,32,1632,2014,9977382.0,2546994.0,1.9044189999999999,1.0595139999999998,TWN,BRA,8414
2768594,14,33,1632,2014,3938.0,0.0,-0.398273,-0.17128,AUS,BRB,8414
2768595,18,33,1632,2014,214226.0,0.0,1.234156,1.226441,BEL,BRB,8414
2768596,32,33,1632,2014,131653.0,0.0,0.218223,0.556921,BRA,BRB,8414
2768597,39,33,1632,2014,6155.0,0.0,0.671395,1.024683,CAN,BRB,8414
2768598,41,33,1632,2014,33504.0,0.0,2.2000919999999997,0.65398,CHE,BRB,8414
2768599,43,33,1632,2014,89151.0,1496.0,1.187557,1.222085,CHN,BRB,8414
2768600,49,33,1632,2014,0.0,4015.0,0.19864500000000002,-0.378364,COL,BRB,8414
2768601,55,33,1632,2014,5714.0,0.0,-0.00902,-0.683643,CUW,BRB,8414
2768602,61,33,1632,2014,66641.0,0.0,2.052849,-2.888805,DEU,BRB,8414
2768603,64,33,1632,2014,2513.0,0.0,1.10869,1.245193,DNK,BRB,8414
2768604,67,33,1632,2014,991.0,0.0,-1.066865,-1.052921,ECU,BRB,8414
2768605,71,33,1632,2014,24792.0,0.0,0.842147,2.45692,ESP,BRB,8414
2768606,77,33,1632,2014,26861.0,0.0,1.4817790000000002,0.30995,FRA,BRB,8414
2768607,81,33,1632,2014,115223.0,4497.0,1.697964,0.585372,GBR,BRB,8414
2768608,91,33,1632,2014,0.0,8141.0,-0.184151,-0.7291270000000001,GRD,BRB,8414
2768609,97,33,1632,2014,7348.0,0.0,0.812132,1.722493,HKG,BRB,8414
2768610,102,33,1632,2014,1861.0,0.0,1.477093,0.812869,HUN,BRB,8414
2768611,103,33,1632,2014,1158.0,0.0,-0.088032,1.3966459999999998,IDN,BRB,8414
2768612,104,33,1632,2014,5913.0,0.0,0.262042,2.6305080000000003,IND,BRB,8414
2768613,111,33,1632,2014,20530.0,0.0,1.340136,0.43931099999999995,ITA,BRB,8414
2768614,114,33,1632,2014,22253.0,0.0,2.403165,-0.635024,JPN,BRB,8414
2768615,120,33,1632,2014,0.0,4220.0,0.9888950000000001,-0.28283800000000003,KNA,BRB,8414
2768616,121,33,1632,2014,7123.0,0.0,1.817145,0.8394530000000001,KOR,BRB,8414
2768617,127,33,1632,2014,28350.0,52354.0,0.29035500000000003,-0.603541,LCA,BRB,8414
2768618,138,33,1632,2014,2397.0,0.0,1.0799729999999998,0.697554,MEX,BRB,8414
2768619,153,33,1632,2014,6621.0,0.0,1.018138,0.774649,MYS,BRB,8414
2768620,162,33,1632,2014,1793.0,0.0,1.179325,1.355071,NLD,BRB,8414
2768621,166,33,1632,2014,3312.0,0.0,0.272502,0.21628699999999998,NZL,BRB,8414
2768622,169,33,1632,2014,10133.0,0.0,0.771742,0.9873190000000001,PAN,BRB,8414
2768623,192,33,1632,2014,3728.0,0.0,1.867492,0.626736,SGP,BRB,8414
2768624,208,33,1632,2014,4754.0,0.0,1.817752,0.558474,SWE,BRB,8414
2768625,216,33,1632,2014,1662.0,0.0,0.977094,1.41283,THA,BRB,8414
2768626,222,33,1632,2014,28095.0,984.0,-0.57362,-1.117545,TTO,BRB,8414
2768627,231,33,1632,2014,1775499.0,9926.0,1.61227,0.068905,USA,BRB,8414
2768628,234,33,1632,2014,4846.0,3817.0,0.034024,-0.522492,VCT,BRB,8414
2768629,249,33,1632,2014,54714.0,0.0,1.9044189999999999,1.0595139999999998,TWN,BRB,8414
2768630,0,39,1632,2014,0.0,5767.0,0.779539,-0.32255700000000004,ABW,CAN,8414
2768631,1,39,1632,2014,11120.0,3955.0,-0.924386,-0.839385,AFG,CAN,8414
2768632,2,39,1632,2014,0.0,60623.0,-1.8184900000000002,-1.149191,AGO,CAN,8414
2768633,4,39,1632,2014,0.0,23318.0,-0.476024,-0.33978400000000003,ALB,CAN,8414
2768634,7,39,1632,2014,17150.0,842750.0,0.087775,-0.289459,ARE,CAN,8414
2768635,8,39,1632,2014,129337.0,79523.0,0.10691500000000001,0.44860600000000006,ARG,CAN,8414
2768636,9,39,1632,2014,0.0,18001.0,-0.198322,-0.5918680000000001,ARM,CAN,8414
2768637,13,39,1632,2014,0.0,2114.0,0.169764,-0.621576,ATG,CAN,8414
2768638,14,39,1632,2014,313637.0,10511848.0,-0.398273,-0.17128,AUS,CAN,8414
2768639,15,39,1632,2014,3614998.0,105569.0,1.7116790000000002,-0.140232,AUT,CAN,8414
2768640,16,39,1632,2014,0.0,9987.0,-0.909508,-1.165158,AZE,CAN,8414
2768641,18,39,1632,2014,28748611.0,483797.0,1.234156,1.226441,BEL,CAN,8414
2768642,21,39,1632,2014,0.0,216272.0,-0.922401,-0.9554379999999999,BFA,CAN,8414
2768643,22,39,1632,2014,0.0,82862.0,-1.0341879999999999,-0.9614870000000001,BGD,CAN,8414
2768644,23,39,1632,2014,746.0,0.0,0.579058,1.6558110000000001,BGR,CAN,8414
2768645,24,39,1632,2014,0.0,25877.0,0.460168,-0.41671099999999994,BHR,CAN,8414
2768646,26,39,1632,2014,0.0,3965.0,0.5083300000000001,0.711704,BIH,CAN,8414
2768647,29,39,1632,2014,2376.0,1255.0,-0.324446,-0.552126,BLZ,CAN,8414
2768648,30,39,1632,2014,0.0,71656.0,1.217808,-0.16376300000000002,BMU,CAN,8414
2768649,31,39,1632,2014,0.0,436929.0,-1.129494,-1.030198,BOL,CAN,8414
2768650,32,39,1632,2014,5214564.0,1644307.0,0.218223,0.556921,BRA,CAN,8414
2768651,33,39,1632,2014,0.0,6155.0,0.44968400000000003,-0.15268900000000002,BRB,CAN,8414
2768652,34,39,1632,2014,195.0,19243.0,0.191357,-0.683567,BRN,CAN,8414
2768653,37,39,1632,2014,0.0,7521.0,-0.60221,-1.104578,BWA,CAN,8414
2768654,41,39,1632,2014,9210646.0,975694.0,2.2000919999999997,0.65398,CHE,CAN,8414
2768655,42,39,1632,2014,85997.0,1103000.0,-0.344671,-0.43380799999999997,CHL,CAN,8414
2768656,43,39,1632,2014,152581690.0,36975957.0,1.187557,1.222085,CHN,CAN,8414
2768657,44,39,1632,2014,0.0,43066.0,-0.737625,-0.768728,CIV,CAN,8414
2768658,45,39,1632,2014,5952.0,82222.0,-0.6723520000000001,-0.945084,CMR,CAN,8414
2768659,46,39,1632,2014,0.0,97451.0,-1.6680240000000002,-1.1265129999999999,COD,CAN,8414
2768660,47,39,1632,2014,25141.0,33910.0,-1.371624,-1.12468,COG,CAN,8414
2768661,49,39,1632,2014,0.0,2813879.0,0.19864500000000002,-0.378364,COL,CAN,8414
2768662,51,39,1632,2014,0.0,2566.0,-0.182368,-0.7136359999999999,CPV,CAN,8414
2768663,52,39,1632,2014,7783.0,15387.0,0.065938,-0.687971,CRI,CAN,8414
2768664,54,39,1632,2014,0.0,1465727.0,-0.476786,-0.952291,CUB,CAN,8414
2768665,57,39,1632,2014,0.0,3875.0,1.199562,-0.66969,CYM,CAN,8414
2768666,58,39,1632,2014,0.0,7626.0,0.627467,0.483725,CYP,CAN,8414
2768667,59,39,1632,2014,1285702.0,662584.0,1.8105830000000003,0.131131,CZE,CAN,8414
2768668,61,39,1632,2014,50743148.0,8846604.0,2.052849,-2.888805,DEU,CAN,8414
2768669,62,39,1632,2014,0.0,3468.0,-0.394602,-0.74178,DJI,CAN,8414
2768670,63,39,1632,2014,0.0,2941.0,0.294596,-0.310069,DMA,CAN,8414
2768671,64,39,1632,2014,1466516.0,84644.0,1.10869,1.245193,DNK,CAN,8414
2768672,65,39,1632,2014,2098.0,161475.0,-0.180845,0.508512,DOM,CAN,8414
2768673,66,39,1632,2014,0.0,427886.0,-1.5554649999999999,-1.1657030000000002,DZA,CAN,8414
2768674,67,39,1632,2014,4325.0,209209.0,-1.066865,-1.052921,ECU,CAN,8414
2768675,68,39,1632,2014,0.0,778528.0,-0.086866,1.7419669999999998,EGY,CAN,8414
2768676,71,39,1632,2014,2924395.0,1413414.0,0.842147,2.45692,ESP,CAN,8414
2768677,72,39,1632,2014,43684.0,56626.0,0.9147780000000001,1.151556,EST,CAN,8414
2768678,73,39,1632,2014,0.0,58437.0,-1.296535,-1.045942,ETH,CAN,8414
2768679,74,39,1632,2014,2431555.0,428308.0,1.626355,1.002923,FIN,CAN,8414
2768680,75,39,1632,2014,0.0,6449.0,-0.306346,-0.07688500000000001,FJI,CAN,8414
2768681,77,39,1632,2014,20484025.0,1785282.0,1.4817790000000002,0.30995,FRA,CAN,8414
2768682,80,39,1632,2014,0.0,7397.0,-1.625474,-1.135973,GAB,CAN,8414
2768683,81,39,1632,2014,8922617.0,4851429.0,1.697964,0.585372,GBR,CAN,8414
2768684,82,39,1632,2014,6634.0,4434.0,-0.254106,-0.646584,GEO,CAN,8414
2768685,83,39,1632,2014,0.0,17381.0,-1.130226,-0.9909379999999999,GHA,CAN,8414
2768686,85,39,1632,2014,0.0,9740.0,-1.628409,-1.202473,GIN,CAN,8414
2768687,90,39,1632,2014,32774.0,88945.0,0.149337,0.8560540000000001,GRC,CAN,8414
2768688,93,39,1632,2014,0.0,181784.0,-0.36547199999999996,0.548894,GTM,CAN,8414
2768689,95,39,1632,2014,0.0,1163.0,0.6368119999999999,-0.01771,GUM,CAN,8414
2768690,96,39,1632,2014,3079.0,20671.0,-1.068777,-1.038227,GUY,CAN,8414
2768691,97,39,1632,2014,617715.0,295671.0,0.812132,1.722493,HKG,CAN,8414
2768692,99,39,1632,2014,5969.0,285704.0,-0.467004,0.045511,HND,CAN,8414
2768693,100,39,1632,2014,0.0,5466.0,0.804401,1.250807,HRV,CAN,8414
2768694,101,39,1632,2014,1034.0,27471.0,-1.10887,-1.032108,HTI,CAN,8414
2768695,102,39,1632,2014,1636267.0,290973.0,1.477093,0.812869,HUN,CAN,8414
2768696,103,39,1632,2014,314419.0,3361575.0,-0.088032,1.3966459999999998,IDN,CAN,8414
2768697,104,39,1632,2014,2146722.0,164043.0,0.262042,2.6305080000000003,IND,CAN,8414
2768698,106,39,1632,2014,154840.0,299540.0,1.2658399999999999,0.278546,IRL,CAN,8414
2768699,107,39,1632,2014,0.0,21435.0,-0.361058,-0.312743,IRN,CAN,8414
2768700,108,39,1632,2014,0.0,3767.0,-2.9169,-0.882023,IRQ,CAN,8414
2768701,109,39,1632,2014,22965.0,13987.0,0.127891,-0.302014,ISL,CAN,8414
2768702,110,39,1632,2014,164872.0,168488.0,1.211141,0.64523,ISR,CAN,8414
2768703,111,39,1632,2014,27156559.0,1068012.0,1.340136,0.43931099999999995,ITA,CAN,8414
2768704,112,39,1632,2014,0.0,54878.0,-0.42745299999999997,-0.7750130000000001,JAM,CAN,8414
2768705,113,39,1632,2014,0.0,76157.0,0.210208,0.48732299999999995,JOR,CAN,8414
2768706,114,39,1632,2014,21808311.0,636127.0,2.403165,-0.635024,JPN,CAN,8414
2768707,115,39,1632,2014,0.0,289761.0,-0.210431,-0.574075,KAZ,CAN,8414
2768708,116,39,1632,2014,0.0,83677.0,-0.487058,0.307288,KEN,CAN,8414
2768709,117,39,1632,2014,0.0,8860.0,-0.31942600000000004,-0.012454,KGZ,CAN,8414
2768710,118,39,1632,2014,0.0,3497.0,-0.84072,-0.8307040000000001,KHM,CAN,8414
2768711,120,39,1632,2014,0.0,1463.0,0.9888950000000001,-0.28283800000000003,KNA,CAN,8414
2768712,121,39,1632,2014,1838892.0,1556873.0,1.817145,0.8394530000000001,KOR,CAN,8414
2768713,122,39,1632,2014,0.0,168232.0,-0.769616,-1.10667,KWT,CAN,8414
2768714,124,39,1632,2014,0.0,142785.0,0.308677,1.7564490000000001,LBN,CAN,8414
2768715,125,39,1632,2014,0.0,135702.0,-1.016828,-1.107983,LBR,CAN,8414
2768716,126,39,1632,2014,0.0,230311.0,-1.5943829999999999,-1.189961,LBY,CAN,8414
2768717,127,39,1632,2014,0.0,11543.0,0.29035500000000003,-0.603541,LCA,CAN,8414
2768718,128,39,1632,2014,0.0,23627.0,-0.49366899999999997,0.338686,LKA,CAN,8414
2768719,130,39,1632,2014,3727.0,40717.0,0.764495,1.3451540000000002,LTU,CAN,8414
2768720,131,39,1632,2014,7583.0,54278.0,1.243845,1.155474,LUX,CAN,8414
2768721,132,39,1632,2014,16855.0,50063.0,0.613116,1.1899790000000001,LVA,CAN,8414
2768722,133,39,1632,2014,37179.0,0.0,0.704535,0.5856140000000001,MAC,CAN,8414
2768723,134,39,1632,2014,0.0,164873.0,-0.574034,0.065788,MAR,CAN,8414
2768724,135,39,1632,2014,0.0,3383.0,-0.10438199999999999,-0.093194,MDA,CAN,8414
2768725,136,39,1632,2014,0.0,77878.0,-1.002122,-0.44446,MDG,CAN,8414
2768726,137,39,1632,2014,0.0,15828.0,-0.43265299999999995,-0.82696,MDV,CAN,8414
2768727,138,39,1632,2014,103689941.0,4754202.0,1.0799729999999998,0.697554,MEX,CAN,8414
2768728,140,39,1632,2014,0.0,7639.0,-0.039799,-0.05545,MKD,CAN,8414
2768729,143,39,1632,2014,0.0,1723949.0,-1.5332459999999999,-1.145973,MMR,CAN,8414
2768730,145,39,1632,2014,1846.0,21672.0,-1.425524,-1.161949,MNG,CAN,8414
2768731,147,39,1632,2014,0.0,1229298.0,-1.1993610000000001,-1.040181,MOZ,CAN,8414
2768732,148,39,1632,2014,0.0,135483.0,-1.458551,-1.225373,MRT,CAN,8414
2768733,151,39,1632,2014,0.0,4434.0,-0.029891,-0.12431099999999999,MUS,CAN,8414
2768734,153,39,1632,2014,4964483.0,1215672.0,1.018138,0.774649,MYS,CAN,8414
2768735,155,39,1632,2014,0.0,185280.0,-0.428227,-0.5632229999999999,NAM,CAN,8414
2768736,156,39,1632,2014,0.0,3221.0,-0.509789,-0.767484,NCL,CAN,8414
2768737,157,39,1632,2014,0.0,844.0,-0.7187,-0.80918,NER,CAN,8414
2768738,159,39,1632,2014,0.0,4342959.0,-1.2126430000000001,-1.059697,NGA,CAN,8414
2768739,160,39,1632,2014,0.0,43277.0,-0.938269,-0.839066,NIC,CAN,8414
2768740,162,39,1632,2014,2356036.0,2965120.0,1.179325,1.355071,NLD,CAN,8414
2768741,163,39,1632,2014,1209593.0,356400.0,0.9187049999999999,0.182685,NOR,CAN,8414
2768742,166,39,1632,2014,284781.0,653085.0,0.272502,0.21628699999999998,NZL,CAN,8414
2768743,167,39,1632,2014,0.0,84151.0,-0.505129,-1.0051370000000002,OMN,CAN,8414
2768744,168,39,1632,2014,0.0,1524904.0,-0.672924,0.566787,PAK,CAN,8414
2768745,169,39,1632,2014,0.0,13769.0,0.771742,0.9873190000000001,PAN,CAN,8414
2768746,173,39,1632,2014,3955.0,4769435.0,-0.557833,0.611826,PER,CAN,8414
2768747,174,39,1632,2014,1606822.0,56872.0,0.637442,0.475883,PHL,CAN,8414
2768748,176,39,1632,2014,0.0,15954.0,-1.564904,-1.146255,PNG,CAN,8414
2768749,177,39,1632,2014,1403009.0,874172.0,1.133102,1.177165,POL,CAN,8414
2768750,179,39,1632,2014,59204.0,16176.0,0.621053,2.349644,PRT,CAN,8414
2768751,180,39,1632,2014,0.0,8829.0,-0.608509,-0.930679,PRY,CAN,8414
2768752,181,39,1632,2014,0.0,23040.0,0.030643,0.601905,PSE,CAN,8414
2768753,183,39,1632,2014,0.0,449882.0,-0.37535599999999997,-1.0196370000000001,QAT,CAN,8414
2768754,185,39,1632,2014,776464.0,68871.0,0.9112,1.188161,ROU,CAN,8414
2768755,186,39,1632,2014,19690.0,7772975.0,0.229422,-0.214856,RUS,CAN,8414
2768756,188,39,1632,2014,37831.0,1960146.0,0.5758439999999999,-0.832692,SAU,CAN,8414
2768757,191,39,1632,2014,1718.0,7300.0,-0.502607,-0.08866,SEN,CAN,8414
2768758,192,39,1632,2014,905396.0,5729132.0,1.867492,0.626736,SGP,CAN,8414
2768759,195,39,1632,2014,0.0,915.0,-0.862089,-0.9075840000000001,SLB,CAN,8414
2768760,197,39,1632,2014,0.0,32311.0,0.08653999999999999,0.29088600000000003,SLV,CAN,8414
2768761,201,39,1632,2014,0.0,1015709.0,0.551635,1.211535,SRB,CAN,8414
2768762,202,39,1632,2014,0.0,3369.0,-2.824279,-0.8767969999999999,SSD,CAN,8414
2768763,205,39,1632,2014,0.0,3196.0,-0.6333989999999999,-0.857643,SUR,CAN,8414
2768764,206,39,1632,2014,1721742.0,5576.0,1.334959,0.821253,SVK,CAN,8414
2768765,207,39,1632,2014,1127546.0,30084.0,1.6558669999999998,0.6814399999999999,SVN,CAN,8414
2768766,208,39,1632,2014,2178774.0,455867.0,1.817752,0.558474,SWE,CAN,8414
2768767,209,39,1632,2014,7902.0,1792.0,0.22972199999999998,-0.365564,SWZ,CAN,8414
2768768,210,39,1632,2014,0.0,12147.0,0.6489020000000001,-0.646605,SXM,CAN,8414
2768769,211,39,1632,2014,0.0,2997.0,0.358111,-0.484879,SYC,CAN,8414
2768770,213,39,1632,2014,0.0,1875.0,0.474182,-0.198892,TCA,CAN,8414
2768771,214,39,1632,2014,0.0,228040.0,-2.012048,-0.921558,TCD,CAN,8414
2768772,216,39,1632,2014,1658696.0,3600398.0,0.977094,1.41283,THA,CAN,8414
2768773,219,39,1632,2014,0.0,2636586.0,-1.217897,-1.184131,TKM,CAN,8414
2768774,222,39,1632,2014,332805.0,1240155.0,-0.57362,-1.117545,TTO,CAN,8414
2768775,223,39,1632,2014,15901.0,101750.0,0.343449,1.118007,TUN,CAN,8414
2768776,224,39,1632,2014,218582.0,551383.0,0.554761,2.385693,TUR,CAN,8414
2768777,226,39,1632,2014,0.0,279606.0,-1.054331,0.166345,TZA,CAN,8414
2768778,227,39,1632,2014,0.0,12996.0,-0.46911800000000003,0.25446599999999997,UGA,CAN,8414
2768779,228,39,1632,2014,204614.0,35295.0,0.566535,0.832267,UKR,CAN,8414
2768780,230,39,1632,2014,7282.0,39450.0,0.154034,-0.380899,URY,CAN,8414
2768781,231,39,1632,2014,1382699158.0,389672362.0,1.61227,0.068905,USA,CAN,8414
2768782,232,39,1632,2014,0.0,43238.0,-0.407623,-0.37150700000000003,UZB,CAN,8414
2768783,234,39,1632,2014,0.0,8889.0,0.034024,-0.522492,VCT,CAN,8414
2768784,236,39,1632,2014,21540.0,526417.0,-0.582086,-1.081727,VEN,CAN,8414
2768785,239,39,1632,2014,243115.0,216757.0,-0.023765,1.344416,VNM,CAN,8414
2768786,240,39,1632,2014,0.0,5133.0,-1.21245,-0.941493,VUT,CAN,8414
2768787,243,39,1632,2014,0.0,46425.0,-1.2829190000000001,-1.227373,YEM,CAN,8414
2768788,246,39,1632,2014,22943.0,258376.0,0.282927,1.723214,ZAF,CAN,8414
2768789,247,39,1632,2014,10748.0,9322.0,-0.664089,-0.793452,ZMB,CAN,8414
2768790,248,39,1632,2014,0.0,4617.0,-0.821369,-0.864232,ZWE,CAN,8414
2768791,249,39,1632,2014,11830089.0,407972.0,1.9044189999999999,1.0595139999999998,TWN,CAN,8414
2768792,0,41,1632,2014,0.0,231113.0,0.779539,-0.32255700000000004,ABW,CHE,8414
2768793,1,41,1632,2014,0.0,6236.0,-0.924386,-0.839385,AFG,CHE,8414
2768794,2,41,1632,2014,0.0,183689.0,-1.8184900000000002,-1.149191,AGO,CHE,8414
2768795,4,41,1632,2014,0.0,2801.0,-0.476024,-0.33978400000000003,ALB,CHE,8414
2768796,5,41,1632,2014,1024.0,0.0,0.533246,-0.41617,AND,CHE,8414
2768797,7,41,1632,2014,141338.0,20942537.0,0.087775,-0.289459,ARE,CHE,8414
2768798,8,41,1632,2014,79609.0,1737335.0,0.10691500000000001,0.44860600000000006,ARG,CHE,8414
2768799,9,41,1632,2014,0.0,487606.0,-0.198322,-0.5918680000000001,ARM,CHE,8414
2768800,10,41,1632,2014,0.0,9554.0,0.795219,-0.217498,ASM,CHE,8414
2768801,13,41,1632,2014,0.0,18772.0,0.169764,-0.621576,ATG,CHE,8414
2768802,14,41,1632,2014,39308.0,8676920.0,-0.398273,-0.17128,AUS,CHE,8414
2768803,15,41,1632,2014,13897066.0,34174390.0,1.7116790000000002,-0.140232,AUT,CHE,8414
2768804,16,41,1632,2014,916321.0,16619704.0,-0.909508,-1.165158,AZE,CHE,8414
2768805,17,41,1632,2014,0.0,6614.0,-0.242256,-0.8567879999999999,BDI,CHE,8414
2768806,18,41,1632,2014,33242199.0,18488365.0,1.234156,1.226441,BEL,CHE,8414
2768807,19,41,1632,2014,28636.0,35031.0,-0.342225,-0.618789,BEN,CHE,8414
2768808,21,41,1632,2014,0.0,23844.0,-0.922401,-0.9554379999999999,BFA,CHE,8414
2768809,22,41,1632,2014,5659.0,2604190.0,-1.0341879999999999,-0.9614870000000001,BGD,CHE,8414
2768810,23,41,1632,2014,159472.0,467013.0,0.579058,1.6558110000000001,BGR,CHE,8414
2768811,24,41,1632,2014,115903.0,569128.0,0.460168,-0.41671099999999994,BHR,CHE,8414
2768812,25,41,1632,2014,0.0,116987.0,0.314465,-0.60458,BHS,CHE,8414
2768813,26,41,1632,2014,14317.0,47283.0,0.5083300000000001,0.711704,BIH,CHE,8414
2768814,28,41,1632,2014,20011.0,466163.0,0.874108,0.676231,BLR,CHE,8414
2768815,30,41,1632,2014,0.0,10136.0,1.217808,-0.16376300000000002,BMU,CHE,8414
2768816,31,41,1632,2014,0.0,291056.0,-1.129494,-1.030198,BOL,CHE,8414
2768817,32,41,1632,2014,4392605.0,11172984.0,0.218223,0.556921,BRA,CHE,8414
2768818,33,41,1632,2014,0.0,33504.0,0.44968400000000003,-0.15268900000000002,BRB,CHE,8414
2768819,34,41,1632,2014,0.0,17245.0,0.191357,-0.683567,BRN,CHE,8414
2768820,38,41,1632,2014,0.0,1906.0,0.695875,0.543384,CAF,CHE,8414
2768821,39,41,1632,2014,975694.0,9210646.0,0.671395,1.024683,CAN,CHE,8414
2768822,42,41,1632,2014,1161407.0,1935796.0,-0.344671,-0.43380799999999997,CHL,CHE,8414
2768823,43,41,1632,2014,11495539.0,190165005.0,1.187557,1.222085,CHN,CHE,8414
2768824,44,41,1632,2014,0.0,152601.0,-0.737625,-0.768728,CIV,CHE,8414
2768825,45,41,1632,2014,0.0,261501.0,-0.6723520000000001,-0.945084,CMR,CHE,8414
2768826,46,41,1632,2014,0.0,22835.0,-1.6680240000000002,-1.1265129999999999,COD,CHE,8414
2768827,47,41,1632,2014,0.0,7961.0,-1.371624,-1.12468,COG,CHE,8414
2768828,49,41,1632,2014,870.0,3731312.0,0.19864500000000002,-0.378364,COL,CHE,8414
2768829,51,41,1632,2014,0.0,4414.0,-0.182368,-0.7136359999999999,CPV,CHE,8414
2768830,52,41,1632,2014,0.0,156815.0,0.065938,-0.687971,CRI,CHE,8414
2768831,54,41,1632,2014,0.0,99871.0,-0.476786,-0.952291,CUB,CHE,8414
2768832,55,41,1632,2014,0.0,43674.0,-0.00902,-0.683643,CUW,CHE,8414
2768833,58,41,1632,2014,0.0,95465.0,0.627467,0.483725,CYP,CHE,8414
2768834,59,41,1632,2014,11085522.0,5029238.0,1.8105830000000003,0.131131,CZE,CHE,8414
2768835,61,41,1632,2014,279716202.0,246254981.0,2.052849,-2.888805,DEU,CHE,8414
2768836,64,41,1632,2014,4205311.0,3139340.0,1.10869,1.245193,DNK,CHE,8414
2768837,65,41,1632,2014,11899.0,1173925.0,-0.180845,0.508512,DOM,CHE,8414
2768838,66,41,1632,2014,0.0,1886853.0,-1.5554649999999999,-1.1657030000000002,DZA,CHE,8414
2768839,67,41,1632,2014,4313.0,2787193.0,-1.066865,-1.052921,ECU,CHE,8414
2768840,68,41,1632,2014,24895.0,9381773.0,-0.086866,1.7419669999999998,EGY,CHE,8414
2768841,71,41,1632,2014,2047517.0,17313309.0,0.842147,2.45692,ESP,CHE,8414
2768842,72,41,1632,2014,29214.0,1173306.0,0.9147780000000001,1.151556,EST,CHE,8414
2768843,73,41,1632,2014,0.0,49265.0,-1.296535,-1.045942,ETH,CHE,8414
2768844,74,41,1632,2014,2131936.0,22526362.0,1.626355,1.002923,FIN,CHE,8414
2768845,75,41,1632,2014,0.0,23513.0,-0.306346,-0.07688500000000001,FJI,CHE,8414
2768846,77,41,1632,2014,28389974.0,67044463.0,1.4817790000000002,0.30995,FRA,CHE,8414
2768847,78,41,1632,2014,0.0,76879.0,-0.703929,-0.86265,FRO,CHE,8414
2768848,80,41,1632,2014,0.0,208105.0,-1.625474,-1.135973,GAB,CHE,8414
2768849,81,41,1632,2014,7623224.0,21964880.0,1.697964,0.585372,GBR,CHE,8414
2768850,82,41,1632,2014,0.0,24198.0,-0.254106,-0.646584,GEO,CHE,8414
2768851,83,41,1632,2014,0.0,337354.0,-1.130226,-0.9909379999999999,GHA,CHE,8414
2768852,84,41,1632,2014,0.0,54488.0,0.275796,-0.720217,GIB,CHE,8414
2768853,85,41,1632,2014,0.0,65058.0,-1.628409,-1.202473,GIN,CHE,8414
2768854,87,41,1632,2014,0.0,1365.0,-0.905488,-0.7892819999999999,GMB,CHE,8414
2768855,90,41,1632,2014,294528.0,1789636.0,0.149337,0.8560540000000001,GRC,CHE,8414
2768856,91,41,1632,2014,0.0,159362.0,-0.184151,-0.7291270000000001,GRD,CHE,8414
2768857,93,41,1632,2014,2597.0,422028.0,-0.36547199999999996,0.548894,GTM,CHE,8414
2768858,95,41,1632,2014,0.0,111057.0,0.6368119999999999,-0.01771,GUM,CHE,8414
2768859,96,41,1632,2014,0.0,8189.0,-1.068777,-1.038227,GUY,CHE,8414
2768860,97,41,1632,2014,265374.0,2875611.0,0.812132,1.722493,HKG,CHE,8414
2768861,99,41,1632,2014,952.0,36551.0,-0.467004,0.045511,HND,CHE,8414
2768862,100,41,1632,2014,35157.0,311185.0,0.804401,1.250807,HRV,CHE,8414
2768863,101,41,1632,2014,0.0,245080.0,-1.10887,-1.032108,HTI,CHE,8414
2768864,102,41,1632,2014,2029562.0,3128408.0,1.477093,0.812869,HUN,CHE,8414
2768865,103,41,1632,2014,311111.0,2045425.0,-0.088032,1.3966459999999998,IDN,CHE,8414
2768866,104,41,1632,2014,4989140.0,21741265.0,0.262042,2.6305080000000003,IND,CHE,8414
2768867,106,41,1632,2014,175733.0,971389.0,1.2658399999999999,0.278546,IRL,CHE,8414
2768868,107,41,1632,2014,0.0,1423083.0,-0.361058,-0.312743,IRN,CHE,8414
2768869,108,41,1632,2014,0.0,13177003.0,-2.9169,-0.882023,IRQ,CHE,8414
2768870,109,41,1632,2014,779.0,260562.0,0.127891,-0.302014,ISL,CHE,8414
2768871,110,41,1632,2014,459952.0,2384649.0,1.211141,0.64523,ISR,CHE,8414
2768872,111,41,1632,2014,86601864.0,78566127.0,1.340136,0.43931099999999995,ITA,CHE,8414
2768873,112,41,1632,2014,0.0,493394.0,-0.42745299999999997,-0.7750130000000001,JAM,CHE,8414
2768874,113,41,1632,2014,1681.0,706176.0,0.210208,0.48732299999999995,JOR,CHE,8414
2768875,114,41,1632,2014,3463256.0,39641293.0,2.403165,-0.635024,JPN,CHE,8414
2768876,115,41,1632,2014,0.0,142783.0,-0.210431,-0.574075,KAZ,CHE,8414
2768877,116,41,1632,2014,0.0,610175.0,-0.487058,0.307288,KEN,CHE,8414
2768878,117,41,1632,2014,0.0,3560.0,-0.31942600000000004,-0.012454,KGZ,CHE,8414
2768879,119,41,1632,2014,0.0,1250.0,0.708907,-0.540813,KIR,CHE,8414
2768880,121,41,1632,2014,3816018.0,115500782.0,1.817145,0.8394530000000001,KOR,CHE,8414
2768881,122,41,1632,2014,382266.0,584163.0,-0.769616,-1.10667,KWT,CHE,8414
2768882,123,41,1632,2014,0.0,52732.0,-1.054294,-0.869916,LAO,CHE,8414
2768883,124,41,1632,2014,31306.0,199250.0,0.308677,1.7564490000000001,LBN,CHE,8414
2768884,125,41,1632,2014,0.0,18309.0,-1.016828,-1.107983,LBR,CHE,8414
2768885,126,41,1632,2014,0.0,42668.0,-1.5943829999999999,-1.189961,LBY,CHE,8414
2768886,128,41,1632,2014,0.0,564767.0,-0.49366899999999997,0.338686,LKA,CHE,8414
2768887,130,41,1632,2014,52435.0,337064.0,0.764495,1.3451540000000002,LTU,CHE,8414
2768888,131,41,1632,2014,91155.0,157096.0,1.243845,1.155474,LUX,CHE,8414
2768889,132,41,1632,2014,50257.0,123017.0,0.613116,1.1899790000000001,LVA,CHE,8414
2768890,133,41,1632,2014,0.0,11959.0,0.704535,0.5856140000000001,MAC,CHE,8414
2768891,134,41,1632,2014,0.0,574541.0,-0.574034,0.065788,MAR,CHE,8414
2768892,135,41,1632,2014,0.0,18178.0,-0.10438199999999999,-0.093194,MDA,CHE,8414
2768893,136,41,1632,2014,0.0,86233.0,-1.002122,-0.44446,MDG,CHE,8414
2768894,137,41,1632,2014,0.0,32793.0,-0.43265299999999995,-0.82696,MDV,CHE,8414
2768895,138,41,1632,2014,2299177.0,4119331.0,1.0799729999999998,0.697554,MEX,CHE,8414
2768896,140,41,1632,2014,52749.0,24040.0,-0.039799,-0.05545,MKD,CHE,8414
2768897,141,41,1632,2014,0.0,88549.0,-1.199063,-1.05497,MLI,CHE,8414
2768898,142,41,1632,2014,25905.0,539138.0,0.817013,0.0016309999999999999,MLT,CHE,8414
2768899,143,41,1632,2014,0.0,32671.0,-1.5332459999999999,-1.145973,MMR,CHE,8414
2768900,144,41,1632,2014,1694.0,5685.0,-0.17039100000000001,-0.21762399999999998,MNE,CHE,8414
2768901,147,41,1632,2014,0.0,3835.0,-1.1993610000000001,-1.040181,MOZ,CHE,8414
2768902,148,41,1632,2014,0.0,16332.0,-1.458551,-1.225373,MRT,CHE,8414
2768903,149,41,1632,2014,0.0,2616.0,0.44890399999999997,-0.46028,MSR,CHE,8414
2768904,151,41,1632,2014,21680.0,1062835.0,-0.029891,-0.12431099999999999,MUS,CHE,8414
2768905,153,41,1632,2014,1149492.0,18143328.0,1.018138,0.774649,MYS,CHE,8414
2768906,155,41,1632,2014,0.0,51314.0,-0.428227,-0.5632229999999999,NAM,CHE,8414
2768907,156,41,1632,2014,0.0,23367.0,-0.509789,-0.767484,NCL,CHE,8414
2768908,157,41,1632,2014,0.0,693.0,-0.7187,-0.80918,NER,CHE,8414
2768909,159,41,1632,2014,0.0,1994934.0,-1.2126430000000001,-1.059697,NGA,CHE,8414
2768910,160,41,1632,2014,0.0,80866.0,-0.938269,-0.839066,NIC,CHE,8414
2768911,162,41,1632,2014,11375995.0,54351266.0,1.179325,1.355071,NLD,CHE,8414
2768912,163,41,1632,2014,697085.0,50906541.0,0.9187049999999999,0.182685,NOR,CHE,8414
2768913,164,41,1632,2014,0.0,10895.0,-0.11988199999999999,0.655883,NPL,CHE,8414
2768914,166,41,1632,2014,3637.0,968966.0,0.272502,0.21628699999999998,NZL,CHE,8414
2768915,167,41,1632,2014,1637572.0,934936.0,-0.505129,-1.0051370000000002,OMN,CHE,8414
2768916,168,41,1632,2014,2202.0,3632523.0,-0.672924,0.566787,PAK,CHE,8414
2768917,169,41,1632,2014,30820.0,651733.0,0.771742,0.9873190000000001,PAN,CHE,8414
2768918,173,41,1632,2014,0.0,997593.0,-0.557833,0.611826,PER,CHE,8414
2768919,174,41,1632,2014,177405.0,2406009.0,0.637442,0.475883,PHL,CHE,8414
2768920,176,41,1632,2014,0.0,151772.0,-1.564904,-1.146255,PNG,CHE,8414
2768921,177,41,1632,2014,11173462.0,10067634.0,1.133102,1.177165,POL,CHE,8414
2768922,179,41,1632,2014,286953.0,3041052.0,0.621053,2.349644,PRT,CHE,8414
2768923,180,41,1632,2014,2403.0,95064.0,-0.608509,-0.930679,PRY,CHE,8414
2768924,181,41,1632,2014,0.0,3010.0,0.030643,0.601905,PSE,CHE,8414
2768925,182,41,1632,2014,0.0,3620.0,0.008831,-0.6268279999999999,PYF,CHE,8414
2768926,183,41,1632,2014,39863.0,7981573.0,-0.37535599999999997,-1.0196370000000001,QAT,CHE,8414
2768927,185,41,1632,2014,242830.0,4899524.0,0.9112,1.188161,ROU,CHE,8414
2768928,186,41,1632,2014,132304.0,67194346.0,0.229422,-0.214856,RUS,CHE,8414
2768929,187,41,1632,2014,0.0,1921.0,-0.5692659999999999,-0.447859,RWA,CHE,8414
2768930,188,41,1632,2014,742139.0,8962157.0,0.5758439999999999,-0.832692,SAU,CHE,8414
2768931,190,41,1632,2014,0.0,4718.0,-1.442381,-1.1155030000000001,SDN,CHE,8414
2768932,191,41,1632,2014,1196.0,310151.0,-0.502607,-0.08866,SEN,CHE,8414
2768933,192,41,1632,2014,585660.0,25287617.0,1.867492,0.626736,SGP,CHE,8414
2768934,197,41,1632,2014,0.0,789601.0,0.08653999999999999,0.29088600000000003,SLV,CHE,8414
2768935,199,41,1632,2014,0.0,1106.0,-1.41991,-1.010693,SOM,CHE,8414
2768936,201,41,1632,2014,53319.0,308220.0,0.551635,1.211535,SRB,CHE,8414
2768937,203,41,1632,2014,0.0,99884.0,1.172431,-0.024141,STP,CHE,8414
2768938,205,41,1632,2014,0.0,66780.0,-0.6333989999999999,-0.857643,SUR,CHE,8414
2768939,206,41,1632,2014,1903143.0,12755772.0,1.334959,0.821253,SVK,CHE,8414
2768940,207,41,1632,2014,411630.0,202227.0,1.6558669999999998,0.6814399999999999,SVN,CHE,8414
2768941,208,41,1632,2014,3878454.0,16837730.0,1.817752,0.558474,SWE,CHE,8414
2768942,211,41,1632,2014,0.0,231290.0,0.358111,-0.484879,SYC,CHE,8414
2768943,213,41,1632,2014,0.0,81717.0,0.474182,-0.198892,TCA,CHE,8414
2768944,215,41,1632,2014,0.0,42901.0,-0.524103,-0.537643,TGO,CHE,8414
2768945,216,41,1632,2014,636667.0,28899809.0,0.977094,1.41283,THA,CHE,8414
2768946,219,41,1632,2014,0.0,96755.0,-1.217897,-1.184131,TKM,CHE,8414
2768947,220,41,1632,2014,0.0,203736.0,-1.365212,-0.896716,TLS,CHE,8414
2768948,222,41,1632,2014,0.0,144155.0,-0.57362,-1.117545,TTO,CHE,8414
2768949,223,41,1632,2014,29447.0,173403.0,0.343449,1.118007,TUN,CHE,8414
2768950,224,41,1632,2014,2663397.0,7701679.0,0.554761,2.385693,TUR,CHE,8414
2768951,226,41,1632,2014,0.0,89490.0,-1.054331,0.166345,TZA,CHE,8414
2768952,227,41,1632,2014,0.0,17888.0,-0.46911800000000003,0.25446599999999997,UGA,CHE,8414
2768953,228,41,1632,2014,240740.0,927746.0,0.566535,0.832267,UKR,CHE,8414
2768954,230,41,1632,2014,86990.0,725534.0,0.154034,-0.380899,URY,CHE,8414
2768955,231,41,1632,2014,12473984.0,124750857.0,1.61227,0.068905,USA,CHE,8414
2768956,232,41,1632,2014,40208.0,108370.0,-0.407623,-0.37150700000000003,UZB,CHE,8414
2768957,234,41,1632,2014,0.0,1286.0,0.034024,-0.522492,VCT,CHE,8414
2768958,236,41,1632,2014,0.0,245662.0,-0.582086,-1.081727,VEN,CHE,8414
2768959,239,41,1632,2014,608817.0,651154.0,-0.023765,1.344416,VNM,CHE,8414
2768960,243,41,1632,2014,0.0,674257.0,-1.2829190000000001,-1.227373,YEM,CHE,8414
2768961,246,41,1632,2014,137935.0,9195299.0,0.282927,1.723214,ZAF,CHE,8414
2768962,247,41,1632,2014,0.0,68910.0,-0.664089,-0.793452,ZMB,CHE,8414
2768963,248,41,1632,2014,0.0,6229.0,-0.821369,-0.864232,ZWE,CHE,8414
2768964,249,41,1632,2014,726234.0,8395288.0,1.9044189999999999,1.0595139999999998,TWN,CHE,8414
2768965,2,42,1632,2014,0.0,353157.0,-1.8184900000000002,-1.149191,AGO,CHL,8414
2768966,8,42,1632,2014,2516200.0,5130814.0,0.10691500000000001,0.44860600000000006,ARG,CHL,8414
2768967,14,42,1632,2014,535269.0,145769.0,-0.398273,-0.17128,AUS,CHL,8414
2768968,15,42,1632,2014,105425.0,0.0,1.7116790000000002,-0.140232,AUT,CHL,8414
2768969,18,42,1632,2014,12983415.0,214019.0,1.234156,1.226441,BEL,CHL,8414
2768970,23,42,1632,2014,1776.0,0.0,0.579058,1.6558110000000001,BGR,CHL,8414
2768971,26,42,1632,2014,1972.0,0.0,0.5083300000000001,0.711704,BIH,CHL,8414
2768972,29,42,1632,2014,0.0,88679.0,-0.324446,-0.552126,BLZ,CHL,8414
2768973,31,42,1632,2014,186747.0,5481657.0,-1.129494,-1.030198,BOL,CHL,8414
2768974,32,42,1632,2014,18098386.0,866156.0,0.218223,0.556921,BRA,CHL,8414
2768975,39,42,1632,2014,1103000.0,85997.0,0.671395,1.024683,CAN,CHL,8414
2768976,41,42,1632,2014,1935796.0,1161407.0,2.2000919999999997,0.65398,CHE,CHL,8414
2768977,43,42,1632,2014,48350550.0,26981.0,1.187557,1.222085,CHN,CHL,8414
2768978,49,42,1632,2014,31720.0,233608.0,0.19864500000000002,-0.378364,COL,CHL,8414
2768979,52,42,1632,2014,84666.0,61351.0,0.065938,-0.687971,CRI,CHL,8414
2768980,59,42,1632,2014,338928.0,5906.0,1.8105830000000003,0.131131,CZE,CHL,8414
2768981,61,42,1632,2014,18550266.0,325394.0,2.052849,-2.888805,DEU,CHL,8414
2768982,64,42,1632,2014,1812986.0,106649.0,1.10869,1.245193,DNK,CHL,8414
2768983,65,42,1632,2014,973.0,0.0,-0.180845,0.508512,DOM,CHL,8414
2768984,67,42,1632,2014,10280.0,146919.0,-1.066865,-1.052921,ECU,CHL,8414
2768985,71,42,1632,2014,7604096.0,1094737.0,0.842147,2.45692,ESP,CHL,8414
2768986,72,42,1632,2014,1286.0,0.0,0.9147780000000001,1.151556,EST,CHL,8414
2768987,74,42,1632,2014,241692.0,0.0,1.626355,1.002923,FIN,CHL,8414
2768988,77,42,1632,2014,4422521.0,40572.0,1.4817790000000002,0.30995,FRA,CHL,8414
2768989,81,42,1632,2014,2081317.0,41164.0,1.697964,0.585372,GBR,CHL,8414
2768990,90,42,1632,2014,3332.0,0.0,0.149337,0.8560540000000001,GRC,CHL,8414
2768991,93,42,1632,2014,0.0,9044.0,-0.36547199999999996,0.548894,GTM,CHL,8414
2768992,97,42,1632,2014,44406.0,0.0,0.812132,1.722493,HKG,CHL,8414
2768993,100,42,1632,2014,9054.0,0.0,0.804401,1.250807,HRV,CHL,8414
2768994,102,42,1632,2014,75799.0,0.0,1.477093,0.812869,HUN,CHL,8414
2768995,103,42,1632,2014,166811.0,2469.0,-0.088032,1.3966459999999998,IDN,CHL,8414
2768996,104,42,1632,2014,285686.0,0.0,0.262042,2.6305080000000003,IND,CHL,8414
2768997,106,42,1632,2014,331885.0,0.0,1.2658399999999999,0.278546,IRL,CHL,8414
2768998,110,42,1632,2014,84974.0,7068.0,1.211141,0.64523,ISR,CHL,8414
2768999,111,42,1632,2014,8810187.0,1640.0,1.340136,0.43931099999999995,ITA,CHL,8414
2769000,114,42,1632,2014,1815520.0,7045.0,2.403165,-0.635024,JPN,CHL,8414
2769001,121,42,1632,2014,7257605.0,0.0,1.817145,0.8394530000000001,KOR,CHL,8414
2769002,128,42,1632,2014,2345.0,0.0,-0.49366899999999997,0.338686,LKA,CHL,8414
2769003,131,42,1632,2014,2260.0,0.0,1.243845,1.155474,LUX,CHL,8414
2769004,138,42,1632,2014,2984240.0,44363.0,1.0799729999999998,0.697554,MEX,CHL,8414
2769005,147,42,1632,2014,0.0,1386.0,-1.1993610000000001,-1.040181,MOZ,CHL,8414
2769006,153,42,1632,2014,166673.0,0.0,1.018138,0.774649,MYS,CHL,8414
2769007,162,42,1632,2014,2433100.0,58355.0,1.179325,1.355071,NLD,CHL,8414
2769008,163,42,1632,2014,173341.0,0.0,0.9187049999999999,0.182685,NOR,CHL,8414
2769009,166,42,1632,2014,242998.0,1607.0,0.272502,0.21628699999999998,NZL,CHL,8414
2769010,168,42,1632,2014,0.0,53172.0,-0.672924,0.566787,PAK,CHL,8414
2769011,169,42,1632,2014,114648.0,46764.0,0.771742,0.9873190000000001,PAN,CHL,8414
2769012,173,42,1632,2014,238954.0,2773579.0,-0.557833,0.611826,PER,CHL,8414
2769013,174,42,1632,2014,24770.0,0.0,0.637442,0.475883,PHL,CHL,8414
2769014,177,42,1632,2014,226956.0,0.0,1.133102,1.177165,POL,CHL,8414
2769015,178,42,1632,2014,1575197.0,0.0,-0.23883000000000001,-0.009727,PRK,CHL,8414
2769016,179,42,1632,2014,542920.0,0.0,0.621053,2.349644,PRT,CHL,8414
2769017,180,42,1632,2014,0.0,981504.0,-0.608509,-0.930679,PRY,CHL,8414
2769018,185,42,1632,2014,15789.0,0.0,0.9112,1.188161,ROU,CHL,8414
2769019,192,42,1632,2014,276690.0,0.0,1.867492,0.626736,SGP,CHL,8414
2769020,197,42,1632,2014,0.0,2009.0,0.08653999999999999,0.29088600000000003,SLV,CHL,8414
2769021,206,42,1632,2014,654039.0,0.0,1.334959,0.821253,SVK,CHL,8414
2769022,207,42,1632,2014,9044.0,0.0,1.6558669999999998,0.6814399999999999,SVN,CHL,8414
2769023,208,42,1632,2014,1145362.0,16350.0,1.817752,0.558474,SWE,CHL,8414
2769024,216,42,1632,2014,227828.0,0.0,0.977094,1.41283,THA,CHL,8414
2769025,222,42,1632,2014,0.0,3811.0,-0.57362,-1.117545,TTO,CHL,8414
2769026,224,42,1632,2014,1620643.0,0.0,0.554761,2.385693,TUR,CHL,8414
2769027,228,42,1632,2014,233154.0,0.0,0.566535,0.832267,UKR,CHL,8414
2769028,230,42,1632,2014,148081.0,754237.0,0.154034,-0.380899,URY,CHL,8414
2769029,231,42,1632,2014,51498545.0,3022764.0,1.61227,0.068905,USA,CHL,8414
2769030,236,42,1632,2014,0.0,226475.0,-0.582086,-1.081727,VEN,CHL,8414
2769031,239,42,1632,2014,147875.0,0.0,-0.023765,1.344416,VNM,CHL,8414
2769032,246,42,1632,2014,23242.0,0.0,0.282927,1.723214,ZAF,CHL,8414
2769033,249,42,1632,2014,4977836.0,0.0,1.9044189999999999,1.0595139999999998,TWN,CHL,8414
2769034,250,42,1632,2014,3774702.0,13187.0,0.506842,0.049545,ANS,CHL,8414
2769035,0,43,1632,2014,0.0,35512.0,0.779539,-0.32255700000000004,ABW,CHN,8414
2769036,1,43,1632,2014,0.0,944284.0,-0.924386,-0.839385,AFG,CHN,8414
2769037,2,43,1632,2014,0.0,24217999.0,-1.8184900000000002,-1.149191,AGO,CHN,8414
2769038,4,43,1632,2014,6840.0,1726065.0,-0.476024,-0.33978400000000003,ALB,CHN,8414
2769039,5,43,1632,2014,0.0,1866.0,0.533246,-0.41617,AND,CHN,8414
2769040,7,43,1632,2014,243978.0,169410425.0,0.087775,-0.289459,ARE,CHN,8414
2769041,8,43,1632,2014,958662.0,64288244.0,0.10691500000000001,0.44860600000000006,ARG,CHN,8414
2769042,9,43,1632,2014,0.0,379582.0,-0.198322,-0.5918680000000001,ARM,CHN,8414
2769043,13,43,1632,2014,0.0,285333.0,0.169764,-0.621576,ATG,CHN,8414
2769044,14,43,1632,2014,2088105.0,191578516.0,-0.398273,-0.17128,AUS,CHN,8414
2769045,15,43,1632,2014,28599686.0,10978144.0,1.7116790000000002,-0.140232,AUT,CHN,8414
2769046,16,43,1632,2014,0.0,1154599.0,-0.909508,-1.165158,AZE,CHN,8414
2769047,17,43,1632,2014,0.0,39566.0,-0.242256,-0.8567879999999999,BDI,CHN,8414
2769048,18,43,1632,2014,119731748.0,70362963.0,1.234156,1.226441,BEL,CHN,8414
2769049,19,43,1632,2014,0.0,2512099.0,-0.342225,-0.618789,BEN,CHN,8414
2769050,21,43,1632,2014,0.0,239814.0,-0.922401,-0.9554379999999999,BFA,CHN,8414
2769051,22,43,1632,2014,0.0,67820498.0,-1.0341879999999999,-0.9614870000000001,BGD,CHN,8414
2769052,23,43,1632,2014,13135.0,23929493.0,0.579058,1.6558110000000001,BGR,CHN,8414
2769053,24,43,1632,2014,0.0,9763586.0,0.460168,-0.41671099999999994,BHR,CHN,8414
2769054,25,43,1632,2014,0.0,266114.0,0.314465,-0.60458,BHS,CHN,8414
2769055,26,43,1632,2014,0.0,3342437.0,0.5083300000000001,0.711704,BIH,CHN,8414
2769056,28,43,1632,2014,37608.0,8361353.0,0.874108,0.676231,BLR,CHN,8414
2769057,29,43,1632,2014,17997.0,468156.0,-0.324446,-0.552126,BLZ,CHN,8414
2769058,30,43,1632,2014,0.0,45360.0,1.217808,-0.16376300000000002,BMU,CHN,8414
2769059,31,43,1632,2014,928.0,2670757.0,-1.129494,-1.030198,BOL,CHN,8414
2769060,32,43,1632,2014,52570043.0,382573434.0,0.218223,0.556921,BRA,CHN,8414
2769061,33,43,1632,2014,1496.0,89151.0,0.44968400000000003,-0.15268900000000002,BRB,CHN,8414
2769062,34,43,1632,2014,0.0,3590892.0,0.191357,-0.683567,BRN,CHN,8414
2769063,35,43,1632,2014,5362.0,163591.0,-0.24597199999999997,-0.758838,BTN,CHN,8414
2769064,37,43,1632,2014,0.0,847639.0,-0.60221,-1.104578,BWA,CHN,8414
2769065,38,43,1632,2014,0.0,5557.0,0.695875,0.543384,CAF,CHN,8414
2769066,39,43,1632,2014,36975957.0,152581690.0,0.671395,1.024683,CAN,CHN,8414
2769067,41,43,1632,2014,190165005.0,11495539.0,2.2000919999999997,0.65398,CHE,CHN,8414
2769068,42,43,1632,2014,26981.0,48350550.0,-0.344671,-0.43380799999999997,CHL,CHN,8414
2769069,44,43,1632,2014,0.0,5041613.0,-0.737625,-0.768728,CIV,CHN,8414
2769070,45,43,1632,2014,2614.0,6699703.0,-0.6723520000000001,-0.945084,CMR,CHN,8414
2769071,46,43,1632,2014,0.0,5997653.0,-1.6680240000000002,-1.1265129999999999,COD,CHN,8414
2769072,47,43,1632,2014,1149.0,3812543.0,-1.371624,-1.12468,COG,CHN,8414
2769073,48,43,1632,2014,0.0,21224.0,0.151329,-0.693285,COK,CHN,8414
2769074,49,43,1632,2014,0.0,37502670.0,0.19864500000000002,-0.378364,COL,CHN,8414
2769075,50,43,1632,2014,0.0,134137.0,-0.19200699999999998,-0.761303,COM,CHN,8414
2769076,51,43,1632,2014,0.0,301604.0,-0.182368,-0.7136359999999999,CPV,CHN,8414
2769077,52,43,1632,2014,0.0,4489619.0,0.065938,-0.687971,CRI,CHN,8414
2769078,54,43,1632,2014,0.0,8596877.0,-0.476786,-0.952291,CUB,CHN,8414
2769079,55,43,1632,2014,0.0,70669.0,-0.00902,-0.683643,CUW,CHN,8414
2769080,58,43,1632,2014,0.0,1712238.0,0.627467,0.483725,CYP,CHN,8414
2769081,59,43,1632,2014,44430638.0,36923561.0,1.8105830000000003,0.131131,CZE,CHN,8414
2769082,61,43,1632,2014,1345320712.0,370966174.0,2.052849,-2.888805,DEU,CHN,8414
2769083,62,43,1632,2014,0.0,2752669.0,-0.394602,-0.74178,DJI,CHN,8414
2769084,63,43,1632,2014,0.0,369743.0,0.294596,-0.310069,DMA,CHN,8414
2769085,64,43,1632,2014,9281438.0,36627608.0,1.10869,1.245193,DNK,CHN,8414
2769086,65,43,1632,2014,0.0,10530741.0,-0.180845,0.508512,DOM,CHN,8414
2769087,66,43,1632,2014,0.0,35237887.0,-1.5554649999999999,-1.1657030000000002,DZA,CHN,8414
2769088,67,43,1632,2014,1610.0,14303111.0,-1.066865,-1.052921,ECU,CHN,8414
2769089,68,43,1632,2014,8602.0,89246186.0,-0.086866,1.7419669999999998,EGY,CHN,8414
2769090,69,43,1632,2014,0.0,602632.0,-2.345215,-1.051413,ERI,CHN,8414
2769091,71,43,1632,2014,7403726.0,108591631.0,0.842147,2.45692,ESP,CHN,8414
2769092,72,43,1632,2014,31849.0,5952417.0,0.9147780000000001,1.151556,EST,CHN,8414
2769093,73,43,1632,2014,1912.0,11531468.0,-1.296535,-1.045942,ETH,CHN,8414
2769094,74,43,1632,2014,13866899.0,20979320.0,1.626355,1.002923,FIN,CHN,8414
2769095,75,43,1632,2014,450.0,1124967.0,-0.306346,-0.07688500000000001,FJI,CHN,8414
2769096,77,43,1632,2014,99631982.0,269786736.0,1.4817790000000002,0.30995,FRA,CHN,8414
2769097,79,43,1632,2014,0.0,49937.0,-0.32643099999999997,-0.8248049999999999,FSM,CHN,8414
2769098,80,43,1632,2014,0.0,10364509.0,-1.625474,-1.135973,GAB,CHN,8414
2769099,81,43,1632,2014,47451230.0,192284673.0,1.697964,0.585372,GBR,CHN,8414
2769100,82,43,1632,2014,167464.0,1759303.0,-0.254106,-0.646584,GEO,CHN,8414
2769101,83,43,1632,2014,0.0,21500908.0,-1.130226,-0.9909379999999999,GHA,CHN,8414
2769102,85,43,1632,2014,0.0,3535062.0,-1.628409,-1.202473,GIN,CHN,8414
2769103,87,43,1632,2014,0.0,611384.0,-0.905488,-0.7892819999999999,GMB,CHN,8414
2769104,88,43,1632,2014,0.0,73999.0,-1.6723700000000001,-0.896442,GNB,CHN,8414
2769105,89,43,1632,2014,0.0,2240387.0,-2.043516,-0.844701,GNQ,CHN,8414
2769106,90,43,1632,2014,31094.0,10461555.0,0.149337,0.8560540000000001,GRC,CHN,8414
2769107,91,43,1632,2014,0.0,47392.0,-0.184151,-0.7291270000000001,GRD,CHN,8414
2769108,92,43,1632,2014,0.0,242.0,-1.168495,-0.93096,GRL,CHN,8414
2769109,93,43,1632,2014,0.0,4260108.0,-0.36547199999999996,0.548894,GTM,CHN,8414
2769110,96,43,1632,2014,0.0,601853.0,-1.068777,-1.038227,GUY,CHN,8414
2769111,97,43,1632,2014,5631824.0,752029958.0,0.812132,1.722493,HKG,CHN,8414
2769112,99,43,1632,2014,3264.0,2275395.0,-0.467004,0.045511,HND,CHN,8414
2769113,100,43,1632,2014,17847.0,3470908.0,0.804401,1.250807,HRV,CHN,8414
2769114,101,43,1632,2014,0.0,639144.0,-1.10887,-1.032108,HTI,CHN,8414
2769115,102,43,1632,2014,35982270.0,40325267.0,1.477093,0.812869,HUN,CHN,8414
2769116,103,43,1632,2014,6338140.0,288995561.0,-0.088032,1.3966459999999998,IDN,CHN,8414
2769117,104,43,1632,2014,33428119.0,548973587.0,0.262042,2.6305080000000003,IND,CHN,8414
2769118,106,43,1632,2014,5152095.0,5625589.0,1.2658399999999999,0.278546,IRL,CHN,8414
2769119,107,43,1632,2014,0.0,359923354.0,-0.361058,-0.312743,IRN,CHN,8414
2769120,108,43,1632,2014,0.0,89591012.0,-2.9169,-0.882023,IRQ,CHN,8414
2769121,109,43,1632,2014,5983.0,103189.0,0.127891,-0.302014,ISL,CHN,8414
2769122,110,43,1632,2014,192241.0,29052372.0,1.211141,0.64523,ISR,CHN,8414
2769123,111,43,1632,2014,118812254.0,178887060.0,1.340136,0.43931099999999995,ITA,CHN,8414
2769124,112,43,1632,2014,0.0,3401564.0,-0.42745299999999997,-0.7750130000000001,JAM,CHN,8414
2769125,113,43,1632,2014,0.0,19419594.0,0.210208,0.48732299999999995,JOR,CHN,8414
2769126,114,43,1632,2014,819634060.0,941886992.0,2.403165,-0.635024,JPN,CHN,8414
2769127,115,43,1632,2014,1833070.0,79826926.0,-0.210431,-0.574075,KAZ,CHN,8414
2769128,116,43,1632,2014,0.0,12702827.0,-0.487058,0.307288,KEN,CHN,8414
2769129,117,43,1632,2014,24747.0,5600763.0,-0.31942600000000004,-0.012454,KGZ,CHN,8414
2769130,118,43,1632,2014,0.0,10871878.0,-0.84072,-0.8307040000000001,KHM,CHN,8414
2769131,119,43,1632,2014,0.0,94474.0,0.708907,-0.540813,KIR,CHN,8414
2769132,120,43,1632,2014,0.0,14278.0,0.9888950000000001,-0.28283800000000003,KNA,CHN,8414
2769133,121,43,1632,2014,514606612.0,583921892.0,1.817145,0.8394530000000001,KOR,CHN,8414
2769134,122,43,1632,2014,0.0,10129017.0,-0.769616,-1.10667,KWT,CHN,8414
2769135,123,43,1632,2014,0.0,8527172.0,-1.054294,-0.869916,LAO,CHN,8414
2769136,124,43,1632,2014,0.0,8705243.0,0.308677,1.7564490000000001,LBN,CHN,8414
2769137,125,43,1632,2014,0.0,1316830.0,-1.016828,-1.107983,LBR,CHN,8414
2769138,126,43,1632,2014,0.0,10863185.0,-1.5943829999999999,-1.189961,LBY,CHN,8414
2769139,127,43,1632,2014,0.0,132178.0,0.29035500000000003,-0.603541,LCA,CHN,8414
2769140,128,43,1632,2014,9033.0,24068514.0,-0.49366899999999997,0.338686,LKA,CHN,8414
2769141,129,43,1632,2014,0.0,237983.0,-0.59647,-0.58713,LSO,CHN,8414
2769142,130,43,1632,2014,45075.0,21461206.0,0.764495,1.3451540000000002,LTU,CHN,8414
2769143,131,43,1632,2014,739552.0,424482.0,1.243845,1.155474,LUX,CHN,8414
2769144,132,43,1632,2014,343569.0,6653853.0,0.613116,1.1899790000000001,LVA,CHN,8414
2769145,133,43,1632,2014,188939.0,5928380.0,0.704535,0.5856140000000001,MAC,CHN,8414
2769146,134,43,1632,2014,0.0,12640393.0,-0.574034,0.065788,MAR,CHN,8414
2769147,135,43,1632,2014,0.0,507715.0,-0.10438199999999999,-0.093194,MDA,CHN,8414
2769148,136,43,1632,2014,0.0,1515444.0,-1.002122,-0.44446,MDG,CHN,8414
2769149,137,43,1632,2014,0.0,326940.0,-0.43265299999999995,-0.82696,MDV,CHN,8414
2769150,138,43,1632,2014,5278781.0,216798105.0,1.0799729999999998,0.697554,MEX,CHN,8414
2769151,139,43,1632,2014,0.0,22514.0,-0.22505,-0.803084,MHL,CHN,8414
2769152,140,43,1632,2014,56337.0,308063.0,-0.039799,-0.05545,MKD,CHN,8414
2769153,141,43,1632,2014,0.0,1524553.0,-1.199063,-1.05497,MLI,CHN,8414
2769154,142,43,1632,2014,35778.0,2551821.0,0.817013,0.0016309999999999999,MLT,CHN,8414
2769155,143,43,1632,2014,53495.0,38277235.0,-1.5332459999999999,-1.145973,MMR,CHN,8414
2769156,144,43,1632,2014,7733.0,407697.0,-0.17039100000000001,-0.21762399999999998,MNE,CHN,8414
2769157,145,43,1632,2014,34191.0,5623386.0,-1.425524,-1.161949,MNG,CHN,8414
2769158,147,43,1632,2014,2441.0,7923341.0,-1.1993610000000001,-1.040181,MOZ,CHN,8414
2769159,148,43,1632,2014,0.0,750138.0,-1.458551,-1.225373,MRT,CHN,8414
2769160,151,43,1632,2014,0.0,2941810.0,-0.029891,-0.12431099999999999,MUS,CHN,8414
2769161,152,43,1632,2014,0.0,320275.0,-0.494204,-0.751903,MWI,CHN,8414
2769162,153,43,1632,2014,22726611.0,291446198.0,1.018138,0.774649,MYS,CHN,8414
2769163,155,43,1632,2014,0.0,1102727.0,-0.428227,-0.5632229999999999,NAM,CHN,8414
2769164,156,43,1632,2014,0.0,378944.0,-0.509789,-0.767484,NCL,CHN,8414
2769165,157,43,1632,2014,0.0,561103.0,-0.7187,-0.80918,NER,CHN,8414
2769166,159,43,1632,2014,0.0,69057361.0,-1.2126430000000001,-1.059697,NGA,CHN,8414
2769167,160,43,1632,2014,14108.0,534804.0,-0.938269,-0.839066,NIC,CHN,8414
2769168,162,43,1632,2014,31781474.0,127518243.0,1.179325,1.355071,NLD,CHN,8414
2769169,163,43,1632,2014,11870869.0,5686732.0,0.9187049999999999,0.182685,NOR,CHN,8414
2769170,164,43,1632,2014,0.0,4176309.0,-0.11988199999999999,0.655883,NPL,CHN,8414
2769171,165,43,1632,2014,0.0,12180.0,1.215503,-0.37847,NRU,CHN,8414
2769172,166,43,1632,2014,164882.0,17291179.0,0.272502,0.21628699999999998,NZL,CHN,8414
2769173,167,43,1632,2014,0.0,9724607.0,-0.505129,-1.0051370000000002,OMN,CHN,8414
2769174,168,43,1632,2014,42396.0,81633869.0,-0.672924,0.566787,PAK,CHN,8414
2769175,169,43,1632,2014,0.0,27223658.0,0.771742,0.9873190000000001,PAN,CHN,8414
2769176,173,43,1632,2014,0.0,22467189.0,-0.557833,0.611826,PER,CHN,8414
2769177,174,43,1632,2014,64087084.0,95405270.0,0.637442,0.475883,PHL,CHN,8414
2769178,175,43,1632,2014,0.0,27162.0,0.38879600000000003,-0.532062,PLW,CHN,8414
2769179,176,43,1632,2014,0.0,2940727.0,-1.564904,-1.146255,PNG,CHN,8414
2769180,177,43,1632,2014,6190480.0,126725403.0,1.133102,1.177165,POL,CHN,8414
2769181,178,43,1632,2014,0.0,16365443.0,-0.23883000000000001,-0.009727,PRK,CHN,8414
2769182,179,43,1632,2014,589979.0,10480165.0,0.621053,2.349644,PRT,CHN,8414
2769183,180,43,1632,2014,0.0,13628407.0,-0.608509,-0.930679,PRY,CHN,8414
2769184,181,43,1632,2014,0.0,320148.0,0.030643,0.601905,PSE,CHN,8414
2769185,182,43,1632,2014,0.0,366333.0,0.008831,-0.6268279999999999,PYF,CHN,8414
2769186,183,43,1632,2014,0.0,9853032.0,-0.37535599999999997,-1.0196370000000001,QAT,CHN,8414
2769187,185,43,1632,2014,14584612.0,86231244.0,0.9112,1.188161,ROU,CHN,8414
2769188,186,43,1632,2014,1849690.0,256702828.0,0.229422,-0.214856,RUS,CHN,8414
2769189,187,43,1632,2014,0.0,1522834.0,-0.5692659999999999,-0.447859,RWA,CHN,8414
2769190,188,43,1632,2014,1607474.0,118061628.0,0.5758439999999999,-0.832692,SAU,CHN,8414
2769191,190,43,1632,2014,4974.0,9901223.0,-1.442381,-1.1155030000000001,SDN,CHN,8414
2769192,191,43,1632,2014,0.0,18291744.0,-0.502607,-0.08866,SEN,CHN,8414
2769193,192,43,1632,2014,102209794.0,126851458.0,1.867492,0.626736,SGP,CHN,8414
2769194,195,43,1632,2014,0.0,70556.0,-0.862089,-0.9075840000000001,SLB,CHN,8414
2769195,196,43,1632,2014,0.0,1063644.0,-0.9228569999999999,-0.791482,SLE,CHN,8414
2769196,197,43,1632,2014,0.0,1762897.0,0.08653999999999999,0.29088600000000003,SLV,CHN,8414
2769197,198,43,1632,2014,0.0,61836.0,0.9675090000000001,0.582902,SMR,CHN,8414
2769198,199,43,1632,2014,0.0,251119.0,-1.41991,-1.010693,SOM,CHN,8414
2769199,201,43,1632,2014,490262.0,7553229.0,0.551635,1.211535,SRB,CHN,8414
2769200,202,43,1632,2014,0.0,81849.0,-2.824279,-0.8767969999999999,SSD,CHN,8414
2769201,203,43,1632,2014,0.0,14487.0,1.172431,-0.024141,STP,CHN,8414
2769202,205,43,1632,2014,0.0,762018.0,-0.6333989999999999,-0.857643,SUR,CHN,8414
2769203,206,43,1632,2014,34292559.0,22374410.0,1.334959,0.821253,SVK,CHN,8414
2769204,207,43,1632,2014,2154530.0,15553770.0,1.6558669999999998,0.6814399999999999,SVN,CHN,8414
2769205,208,43,1632,2014,8177470.0,24279419.0,1.817752,0.558474,SWE,CHN,8414
2769206,209,43,1632,2014,0.0,454009.0,0.22972199999999998,-0.365564,SWZ,CHN,8414
2769207,211,43,1632,2014,0.0,80036.0,0.358111,-0.484879,SYC,CHN,8414
2769208,212,43,1632,2014,0.0,3378318.0,-0.366224,0.9054719999999999,SYR,CHN,8414
2769209,214,43,1632,2014,0.0,2870168.0,-2.012048,-0.921558,TCD,CHN,8414
2769210,215,43,1632,2014,0.0,5855722.0,-0.524103,-0.537643,TGO,CHN,8414
2769211,216,43,1632,2014,248899393.0,511123715.0,0.977094,1.41283,THA,CHN,8414
2769212,217,43,1632,2014,0.0,6532771.0,-0.706823,-0.993756,TJK,CHN,8414
2769213,219,43,1632,2014,0.0,2060395.0,-1.217897,-1.184131,TKM,CHN,8414
2769214,220,43,1632,2014,0.0,227039.0,-1.365212,-0.896716,TLS,CHN,8414
2769215,221,43,1632,2014,0.0,67961.0,-0.11129100000000001,-0.523176,TON,CHN,8414
2769216,222,43,1632,2014,231680.0,1455057.0,-0.57362,-1.117545,TTO,CHN,8414
2769217,223,43,1632,2014,129512.0,5966225.0,0.343449,1.118007,TUN,CHN,8414
2769218,224,43,1632,2014,499964.0,230478662.0,0.554761,2.385693,TUR,CHN,8414
2769219,225,43,1632,2014,0.0,16762.0,1.127623,-0.482033,TUV,CHN,8414
2769220,226,43,1632,2014,13936.0,15578621.0,-1.054331,0.166345,TZA,CHN,8414
2769221,227,43,1632,2014,0.0,2125756.0,-0.46911800000000003,0.25446599999999997,UGA,CHN,8414
2769222,228,43,1632,2014,236223.0,26586538.0,0.566535,0.832267,UKR,CHN,8414
2769223,230,43,1632,2014,0.0,12292488.0,0.154034,-0.380899,URY,CHN,8414
2769224,231,43,1632,2014,455422893.0,2284187516.0,1.61227,0.068905,USA,CHN,8414
2769225,232,43,1632,2014,0.0,26609462.0,-0.407623,-0.37150700000000003,UZB,CHN,8414
2769226,234,43,1632,2014,0.0,30044.0,0.034024,-0.522492,VCT,CHN,8414
2769227,236,43,1632,2014,0.0,43955431.0,-0.582086,-1.081727,VEN,CHN,8414
2769228,237,43,1632,2014,0.0,11101.0,0.484282,-0.082974,VGB,CHN,8414
2769229,239,43,1632,2014,42281937.0,259285828.0,-0.023765,1.344416,VNM,CHN,8414
2769230,240,43,1632,2014,0.0,182107.0,-1.21245,-0.941493,VUT,CHN,8414
2769231,241,43,1632,2014,0.0,13621.0,1.0165819999999999,-0.481415,WLF,CHN,8414
2769232,242,43,1632,2014,0.0,165555.0,0.602344,-0.051224,WSM,CHN,8414
2769233,243,43,1632,2014,0.0,5833378.0,-1.2829190000000001,-1.227373,YEM,CHN,8414
2769234,246,43,1632,2014,86507.0,97160248.0,0.282927,1.723214,ZAF,CHN,8414
2769235,247,43,1632,2014,997.0,6594202.0,-0.664089,-0.793452,ZMB,CHN,8414
2769236,248,43,1632,2014,0.0,5231512.0,-0.821369,-0.864232,ZWE,CHN,8414
2769237,249,43,1632,2014,147978118.0,285146999.0,1.9044189999999999,1.0595139999999998,TWN,CHN,8414
2769238,250,43,1632,2014,243977.0,39502.0,0.506842,0.049545,ANS,CHN,8414
2769239,0,49,1632,2014,0.0,5727.0,0.779539,-0.32255700000000004,ABW,COL,8414
2769240,2,49,1632,2014,100754.0,0.0,-1.8184900000000002,-1.149191,AGO,COL,8414
2769241,7,49,1632,2014,1815.0,0.0,0.087775,-0.289459,ARE,COL,8414
2769242,8,49,1632,2014,2796962.0,0.0,0.10691500000000001,0.44860600000000006,ARG,COL,8414
2769243,14,49,1632,2014,13545.0,0.0,-0.398273,-0.17128,AUS,COL,8414
2769244,15,49,1632,2014,236617.0,0.0,1.7116790000000002,-0.140232,AUT,COL,8414
2769245,18,49,1632,2014,7612227.0,545231.0,1.234156,1.226441,BEL,COL,8414
2769246,19,49,1632,2014,3230.0,0.0,-0.342225,-0.618789,BEN,COL,8414
2769247,25,49,1632,2014,12066.0,0.0,0.314465,-0.60458,BHS,COL,8414
2769248,31,49,1632,2014,7770.0,89998.0,-1.129494,-1.030198,BOL,COL,8414
2769249,32,49,1632,2014,29611230.0,63662.0,0.218223,0.556921,BRA,COL,8414
2769250,33,49,1632,2014,4015.0,0.0,0.44968400000000003,-0.15268900000000002,BRB,COL,8414
2769251,39,49,1632,2014,2813879.0,0.0,0.671395,1.024683,CAN,COL,8414
2769252,41,49,1632,2014,3731312.0,870.0,2.2000919999999997,0.65398,CHE,COL,8414
2769253,42,49,1632,2014,233608.0,31720.0,-0.344671,-0.43380799999999997,CHL,COL,8414
2769254,43,49,1632,2014,37502670.0,0.0,1.187557,1.222085,CHN,COL,8414
2769255,44,49,1632,2014,43436.0,0.0,-0.737625,-0.768728,CIV,COL,8414
2769256,52,49,1632,2014,95851.0,188673.0,0.065938,-0.687971,CRI,COL,8414
2769257,54,49,1632,2014,0.0,318025.0,-0.476786,-0.952291,CUB,COL,8414
2769258,55,49,1632,2014,0.0,6839.0,-0.00902,-0.683643,CUW,COL,8414
2769259,59,49,1632,2014,70254.0,0.0,1.8105830000000003,0.131131,CZE,COL,8414
2769260,61,49,1632,2014,14871300.0,210678.0,2.052849,-2.888805,DEU,COL,8414
2769261,64,49,1632,2014,760121.0,731.0,1.10869,1.245193,DNK,COL,8414
2769262,65,49,1632,2014,0.0,64549.0,-0.180845,0.508512,DOM,COL,8414
2769263,67,49,1632,2014,692907.0,2644039.0,-1.066865,-1.052921,ECU,COL,8414
2769264,71,49,1632,2014,3440012.0,78642.0,0.842147,2.45692,ESP,COL,8414
2769265,72,49,1632,2014,4269.0,0.0,0.9147780000000001,1.151556,EST,COL,8414
2769266,74,49,1632,2014,32364.0,0.0,1.626355,1.002923,FIN,COL,8414
2769267,77,49,1632,2014,10480407.0,1613.0,1.4817790000000002,0.30995,FRA,COL,8414
2769268,81,49,1632,2014,1409881.0,0.0,1.697964,0.585372,GBR,COL,8414
2769269,93,49,1632,2014,32072.0,117574.0,-0.36547199999999996,0.548894,GTM,COL,8414
2769270,96,49,1632,2014,0.0,14717.0,-1.068777,-1.038227,GUY,COL,8414
2769271,97,49,1632,2014,328839.0,0.0,0.812132,1.722493,HKG,COL,8414
2769272,99,49,1632,2014,894.0,13567.0,-0.467004,0.045511,HND,COL,8414
2769273,102,49,1632,2014,44945.0,0.0,1.477093,0.812869,HUN,COL,8414
2769274,103,49,1632,2014,117815.0,0.0,-0.088032,1.3966459999999998,IDN,COL,8414
2769275,104,49,1632,2014,62499.0,0.0,0.262042,2.6305080000000003,IND,COL,8414
2769276,106,49,1632,2014,13848.0,0.0,1.2658399999999999,0.278546,IRL,COL,8414
2769277,110,49,1632,2014,5947.0,3131.0,1.211141,0.64523,ISR,COL,8414
2769278,111,49,1632,2014,30114009.0,1650593.0,1.340136,0.43931099999999995,ITA,COL,8414
2769279,112,49,1632,2014,0.0,19394.0,-0.42745299999999997,-0.7750130000000001,JAM,COL,8414
2769280,114,49,1632,2014,2295591.0,4569.0,2.403165,-0.635024,JPN,COL,8414
2769281,121,49,1632,2014,6041887.0,0.0,1.817145,0.8394530000000001,KOR,COL,8414
2769282,138,49,1632,2014,15133910.0,746240.0,1.0799729999999998,0.697554,MEX,COL,8414
2769283,153,49,1632,2014,1166325.0,0.0,1.018138,0.774649,MYS,COL,8414
2769284,155,49,1632,2014,0.0,21988.0,-0.428227,-0.5632229999999999,NAM,COL,8414
2769285,160,49,1632,2014,0.0,2751.0,-0.938269,-0.839066,NIC,COL,8414
2769286,162,49,1632,2014,586190.0,35508.0,1.179325,1.355071,NLD,COL,8414
2769287,163,49,1632,2014,2313.0,0.0,0.9187049999999999,0.182685,NOR,COL,8414
2769288,166,49,1632,2014,8154.0,0.0,0.272502,0.21628699999999998,NZL,COL,8414
2769289,168,49,1632,2014,0.0,3562.0,-0.672924,0.566787,PAK,COL,8414
2769290,169,49,1632,2014,750184.0,140467.0,0.771742,0.9873190000000001,PAN,COL,8414
2769291,173,49,1632,2014,391125.0,691421.0,-0.557833,0.611826,PER,COL,8414
2769292,174,49,1632,2014,62550.0,0.0,0.637442,0.475883,PHL,COL,8414
2769293,177,49,1632,2014,57358.0,0.0,1.133102,1.177165,POL,COL,8414
2769294,179,49,1632,2014,65348.0,0.0,0.621053,2.349644,PRT,COL,8414
2769295,180,49,1632,2014,0.0,2636.0,-0.608509,-0.930679,PRY,COL,8414
2769296,185,49,1632,2014,1222653.0,0.0,0.9112,1.188161,ROU,COL,8414
2769297,186,49,1632,2014,46343.0,0.0,0.229422,-0.214856,RUS,COL,8414
2769298,192,49,1632,2014,391297.0,0.0,1.867492,0.626736,SGP,COL,8414
2769299,197,49,1632,2014,3830.0,6638.0,0.08653999999999999,0.29088600000000003,SLV,COL,8414
2769300,205,49,1632,2014,0.0,7404.0,-0.6333989999999999,-0.857643,SUR,COL,8414
2769301,206,49,1632,2014,1421027.0,0.0,1.334959,0.821253,SVK,COL,8414
2769302,207,49,1632,2014,13294.0,0.0,1.6558669999999998,0.6814399999999999,SVN,COL,8414
2769303,208,49,1632,2014,231552.0,2268.0,1.817752,0.558474,SWE,COL,8414
2769304,216,49,1632,2014,233800.0,0.0,0.977094,1.41283,THA,COL,8414
2769305,222,49,1632,2014,0.0,2641.0,-0.57362,-1.117545,TTO,COL,8414
2769306,224,49,1632,2014,286107.0,0.0,0.554761,2.385693,TUR,COL,8414
2769307,227,49,1632,2014,0.0,13462.0,-0.46911800000000003,0.25446599999999997,UGA,COL,8414
2769308,228,49,1632,2014,5039.0,0.0,0.566535,0.832267,UKR,COL,8414
2769309,230,49,1632,2014,6786.0,2463.0,0.154034,-0.380899,URY,COL,8414
2769310,231,49,1632,2014,90877277.0,1223856.0,1.61227,0.068905,USA,COL,8414
2769311,236,49,1632,2014,6850.0,993667.0,-0.582086,-1.081727,VEN,COL,8414
2769312,239,49,1632,2014,94115.0,0.0,-0.023765,1.344416,VNM,COL,8414
2769313,246,49,1632,2014,16314.0,0.0,0.282927,1.723214,ZAF,COL,8414
2769314,249,49,1632,2014,2744206.0,0.0,1.9044189999999999,1.0595139999999998,TWN,COL,8414
2769315,250,49,1632,2014,2390682.0,0.0,0.506842,0.049545,ANS,COL,8414
2769316,7,52,1632,2014,0.0,12768.0,0.087775,-0.289459,ARE,CRI,8414
2769317,8,52,1632,2014,39719.0,1563.0,0.10691500000000001,0.44860600000000006,ARG,CRI,8414
2769318,15,52,1632,2014,4196.0,0.0,1.7116790000000002,-0.140232,AUT,CRI,8414
2769319,18,52,1632,2014,578687.0,7315.0,1.234156,1.226441,BEL,CRI,8414
2769320,32,52,1632,2014,1599885.0,126046.0,0.218223,0.556921,BRA,CRI,8414
2769321,39,52,1632,2014,15387.0,7783.0,0.671395,1.024683,CAN,CRI,8414
2769322,41,52,1632,2014,156815.0,0.0,2.2000919999999997,0.65398,CHE,CRI,8414
2769323,42,52,1632,2014,61351.0,84666.0,-0.344671,-0.43380799999999997,CHL,CRI,8414
2769324,43,52,1632,2014,4489619.0,0.0,1.187557,1.222085,CHN,CRI,8414
2769325,49,52,1632,2014,188673.0,95851.0,0.19864500000000002,-0.378364,COL,CRI,8414
2769326,59,52,1632,2014,4731.0,22203.0,1.8105830000000003,0.131131,CZE,CRI,8414
2769327,61,52,1632,2014,979943.0,46708.0,2.052849,-2.888805,DEU,CRI,8414
2769328,64,52,1632,2014,38931.0,13580.0,1.10869,1.245193,DNK,CRI,8414
2769329,65,52,1632,2014,9169.0,0.0,-0.180845,0.508512,DOM,CRI,8414
2769330,66,52,1632,2014,0.0,36004.0,-1.5554649999999999,-1.1657030000000002,DZA,CRI,8414
2769331,67,52,1632,2014,3601.0,202518.0,-1.066865,-1.052921,ECU,CRI,8414
2769332,71,52,1632,2014,634017.0,1032.0,0.842147,2.45692,ESP,CRI,8414
2769333,74,52,1632,2014,6925.0,0.0,1.626355,1.002923,FIN,CRI,8414
2769334,77,52,1632,2014,122411.0,3415.0,1.4817790000000002,0.30995,FRA,CRI,8414
2769335,81,52,1632,2014,269425.0,0.0,1.697964,0.585372,GBR,CRI,8414
2769336,93,52,1632,2014,223117.0,196756.0,-0.36547199999999996,0.548894,GTM,CRI,8414
2769337,97,52,1632,2014,180729.0,0.0,0.812132,1.722493,HKG,CRI,8414
2769338,99,52,1632,2014,5687.0,193497.0,-0.467004,0.045511,HND,CRI,8414
2769339,100,52,1632,2014,2154.0,0.0,0.804401,1.250807,HRV,CRI,8414
2769340,102,52,1632,2014,5488.0,0.0,1.477093,0.812869,HUN,CRI,8414
2769341,103,52,1632,2014,10891.0,0.0,-0.088032,1.3966459999999998,IDN,CRI,8414
2769342,104,52,1632,2014,44216.0,10610.0,0.262042,2.6305080000000003,IND,CRI,8414
2769343,106,52,1632,2014,10823.0,0.0,1.2658399999999999,0.278546,IRL,CRI,8414
2769344,110,52,1632,2014,1285.0,0.0,1.211141,0.64523,ISR,CRI,8414
2769345,111,52,1632,2014,393176.0,0.0,1.340136,0.43931099999999995,ITA,CRI,8414
2769346,113,52,1632,2014,0.0,1177.0,0.210208,0.48732299999999995,JOR,CRI,8414
2769347,114,52,1632,2014,256398.0,0.0,2.403165,-0.635024,JPN,CRI,8414
2769348,121,52,1632,2014,401768.0,11681.0,1.817145,0.8394530000000001,KOR,CRI,8414
2769349,122,52,1632,2014,0.0,1105.0,-0.769616,-1.10667,KWT,CRI,8414
2769350,138,52,1632,2014,6918984.0,586000.0,1.0799729999999998,0.697554,MEX,CRI,8414
2769351,151,52,1632,2014,0.0,2315.0,-0.029891,-0.12431099999999999,MUS,CRI,8414
2769352,153,52,1632,2014,64524.0,6504.0,1.018138,0.774649,MYS,CRI,8414
2769353,160,52,1632,2014,671276.0,857289.0,-0.938269,-0.839066,NIC,CRI,8414
2769354,162,52,1632,2014,256467.0,0.0,1.179325,1.355071,NLD,CRI,8414
2769355,163,52,1632,2014,867.0,0.0,0.9187049999999999,0.182685,NOR,CRI,8414
2769356,164,52,1632,2014,0.0,4033.0,-0.11988199999999999,0.655883,NPL,CRI,8414
2769357,169,52,1632,2014,1195040.0,125983.0,0.771742,0.9873190000000001,PAN,CRI,8414
2769358,173,52,1632,2014,2659.0,3411.0,-0.557833,0.611826,PER,CRI,8414
2769359,174,52,1632,2014,0.0,7511.0,0.637442,0.475883,PHL,CRI,8414
2769360,179,52,1632,2014,1573.0,0.0,0.621053,2.349644,PRT,CRI,8414
2769361,185,52,1632,2014,2704.0,0.0,0.9112,1.188161,ROU,CRI,8414
2769362,186,52,1632,2014,0.0,67262.0,0.229422,-0.214856,RUS,CRI,8414
2769363,192,52,1632,2014,43786.0,2501.0,1.867492,0.626736,SGP,CRI,8414
2769364,197,52,1632,2014,8061.0,148057.0,0.08653999999999999,0.29088600000000003,SLV,CRI,8414
2769365,206,52,1632,2014,1605.0,0.0,1.334959,0.821253,SVK,CRI,8414
2769366,207,52,1632,2014,6141.0,1301.0,1.6558669999999998,0.6814399999999999,SVN,CRI,8414
2769367,208,52,1632,2014,142224.0,8479.0,1.817752,0.558474,SWE,CRI,8414
2769368,216,52,1632,2014,40630.0,5975.0,0.977094,1.41283,THA,CRI,8414
2769369,222,52,1632,2014,0.0,2137.0,-0.57362,-1.117545,TTO,CRI,8414
2769370,224,52,1632,2014,31355.0,44699.0,0.554761,2.385693,TUR,CRI,8414
2769371,230,52,1632,2014,3406.0,0.0,0.154034,-0.380899,URY,CRI,8414
2769372,231,52,1632,2014,13000622.0,112271.0,1.61227,0.068905,USA,CRI,8414
2769373,236,52,1632,2014,0.0,613497.0,-0.582086,-1.081727,VEN,CRI,8414
2769374,237,52,1632,2014,17115.0,0.0,0.484282,-0.082974,VGB,CRI,8414
2769375,239,52,1632,2014,10688.0,354666.0,-0.023765,1.344416,VNM,CRI,8414
2769376,246,52,1632,2014,0.0,3139.0,0.282927,1.723214,ZAF,CRI,8414
2769377,249,52,1632,2014,365236.0,0.0,1.9044189999999999,1.0595139999999998,TWN,CRI,8414
2769378,250,52,1632,2014,267347.0,0.0,0.506842,0.049545,ANS,CRI,8414
2769379,0,55,1632,2014,25290.0,33658.0,0.779539,-0.32255700000000004,ABW,CUW,8414
2769380,13,55,1632,2014,3623.0,29302.0,0.169764,-0.621576,ATG,CUW,8414
2769381,15,55,1632,2014,138945.0,0.0,1.7116790000000002,-0.140232,AUT,CUW,8414
2769382,18,55,1632,2014,16648.0,0.0,1.234156,1.226441,BEL,CUW,8414
2769383,32,55,1632,2014,27201.0,0.0,0.218223,0.556921,BRA,CUW,8414
2769384,33,55,1632,2014,0.0,5714.0,0.44968400000000003,-0.15268900000000002,BRB,CUW,8414
2769385,41,55,1632,2014,43674.0,0.0,2.2000919999999997,0.65398,CHE,CUW,8414
2769386,43,55,1632,2014,70669.0,0.0,1.187557,1.222085,CHN,CUW,8414
2769387,49,55,1632,2014,6839.0,0.0,0.19864500000000002,-0.378364,COL,CUW,8414
2769388,61,55,1632,2014,1646625.0,0.0,2.052849,-2.888805,DEU,CUW,8414
2769389,71,55,1632,2014,7147.0,0.0,0.842147,2.45692,ESP,CUW,8414
2769390,77,55,1632,2014,19486.0,0.0,1.4817790000000002,0.30995,FRA,CUW,8414
2769391,81,55,1632,2014,17405.0,0.0,1.697964,0.585372,GBR,CUW,8414
2769392,96,55,1632,2014,0.0,1520.0,-1.068777,-1.038227,GUY,CUW,8414
2769393,104,55,1632,2014,2605.0,1829.0,0.262042,2.6305080000000003,IND,CUW,8414
2769394,111,55,1632,2014,29711.0,0.0,1.340136,0.43931099999999995,ITA,CUW,8414
2769395,114,55,1632,2014,144496.0,0.0,2.403165,-0.635024,JPN,CUW,8414
2769396,121,55,1632,2014,31144.0,0.0,1.817145,0.8394530000000001,KOR,CUW,8414
2769397,127,55,1632,2014,0.0,48968.0,0.29035500000000003,-0.603541,LCA,CUW,8414
2769398,153,55,1632,2014,85884.0,1714.0,1.018138,0.774649,MYS,CUW,8414
2769399,159,55,1632,2014,0.0,21522.0,-1.2126430000000001,-1.059697,NGA,CUW,8414
2769400,162,55,1632,2014,1131344.0,7034.0,1.179325,1.355071,NLD,CUW,8414
2769401,163,55,1632,2014,11089.0,0.0,0.9187049999999999,0.182685,NOR,CUW,8414
2769402,169,55,1632,2014,247621.0,0.0,0.771742,0.9873190000000001,PAN,CUW,8414
2769403,192,55,1632,2014,2013.0,3629.0,1.867492,0.626736,SGP,CUW,8414
2769404,205,55,1632,2014,0.0,25398.0,-0.6333989999999999,-0.857643,SUR,CUW,8414
2769405,231,55,1632,2014,1046584.0,0.0,1.61227,0.068905,USA,CUW,8414
2769406,234,55,1632,2014,0.0,3577.0,0.034024,-0.522492,VCT,CUW,8414
2769407,249,55,1632,2014,302417.0,0.0,1.9044189999999999,1.0595139999999998,TWN,CUW,8414
2769408,4,58,1632,2014,0.0,1374.0,-0.476024,-0.33978400000000003,ALB,CYP,8414
2769409,7,58,1632,2014,56620.0,5496.0,0.087775,-0.289459,ARE,CYP,8414
2769410,14,58,1632,2014,0.0,34491.0,-0.398273,-0.17128,AUS,CYP,8414
2769411,15,58,1632,2014,198451.0,0.0,1.7116790000000002,-0.140232,AUT,CYP,8414
2769412,18,58,1632,2014,951250.0,151589.0,1.234156,1.226441,BEL,CYP,8414
2769413,23,58,1632,2014,3334.0,16065.0,0.579058,1.6558110000000001,BGR,CYP,8414
2769414,28,58,1632,2014,0.0,9909.0,0.874108,0.676231,BLR,CYP,8414
2769415,32,58,1632,2014,1706.0,0.0,0.218223,0.556921,BRA,CYP,8414
2769416,39,58,1632,2014,7626.0,0.0,0.671395,1.024683,CAN,CYP,8414
2769417,41,58,1632,2014,95465.0,0.0,2.2000919999999997,0.65398,CHE,CYP,8414
2769418,43,58,1632,2014,1712238.0,0.0,1.187557,1.222085,CHN,CYP,8414
2769419,59,58,1632,2014,146228.0,0.0,1.8105830000000003,0.131131,CZE,CYP,8414
2769420,61,58,1632,2014,2233556.0,45819.0,2.052849,-2.888805,DEU,CYP,8414
2769421,64,58,1632,2014,114981.0,0.0,1.10869,1.245193,DNK,CYP,8414
2769422,66,58,1632,2014,0.0,929.0,-1.5554649999999999,-1.1657030000000002,DZA,CYP,8414
2769423,68,58,1632,2014,0.0,14770.0,-0.086866,1.7419669999999998,EGY,CYP,8414
2769424,71,58,1632,2014,308942.0,0.0,0.842147,2.45692,ESP,CYP,8414
2769425,77,58,1632,2014,895778.0,0.0,1.4817790000000002,0.30995,FRA,CYP,8414
2769426,81,58,1632,2014,767537.0,611.0,1.697964,0.585372,GBR,CYP,8414
2769427,82,58,1632,2014,0.0,15222.0,-0.254106,-0.646584,GEO,CYP,8414
2769428,87,58,1632,2014,0.0,3707.0,-0.905488,-0.7892819999999999,GMB,CYP,8414
2769429,90,58,1632,2014,2176846.0,124397.0,0.149337,0.8560540000000001,GRC,CYP,8414
2769430,97,58,1632,2014,88833.0,0.0,0.812132,1.722493,HKG,CYP,8414
2769431,102,58,1632,2014,1483.0,0.0,1.477093,0.812869,HUN,CYP,8414
2769432,106,58,1632,2014,11949.0,0.0,1.2658399999999999,0.278546,IRL,CYP,8414
2769433,107,58,1632,2014,0.0,94473.0,-0.361058,-0.312743,IRN,CYP,8414
2769434,110,58,1632,2014,478767.0,8968.0,1.211141,0.64523,ISR,CYP,8414
2769435,111,58,1632,2014,2211084.0,2159.0,1.340136,0.43931099999999995,ITA,CYP,8414
2769436,113,58,1632,2014,0.0,1981.0,0.210208,0.48732299999999995,JOR,CYP,8414
2769437,114,58,1632,2014,66540.0,0.0,2.403165,-0.635024,JPN,CYP,8414
2769438,121,58,1632,2014,7838.0,0.0,1.817145,0.8394530000000001,KOR,CYP,8414
2769439,124,58,1632,2014,0.0,6929.0,0.308677,1.7564490000000001,LBN,CYP,8414
2769440,126,58,1632,2014,0.0,14856.0,-1.5943829999999999,-1.189961,LBY,CYP,8414
2769441,130,58,1632,2014,1699.0,0.0,0.764495,1.3451540000000002,LTU,CYP,8414
2769442,137,58,1632,2014,0.0,2248.0,-0.43265299999999995,-0.82696,MDV,CYP,8414
2769443,142,58,1632,2014,0.0,36110.0,0.817013,0.0016309999999999999,MLT,CYP,8414
2769444,144,58,1632,2014,0.0,3973.0,-0.17039100000000001,-0.21762399999999998,MNE,CYP,8414
2769445,159,58,1632,2014,0.0,4452.0,-1.2126430000000001,-1.059697,NGA,CYP,8414
2769446,162,58,1632,2014,308609.0,85325.0,1.179325,1.355071,NLD,CYP,8414
2769447,163,58,1632,2014,22123.0,0.0,0.9187049999999999,0.182685,NOR,CYP,8414
2769448,177,58,1632,2014,147666.0,0.0,1.133102,1.177165,POL,CYP,8414
2769449,185,58,1632,2014,3717.0,56981.0,0.9112,1.188161,ROU,CYP,8414
2769450,186,58,1632,2014,23007.0,0.0,0.229422,-0.214856,RUS,CYP,8414
2769451,188,58,1632,2014,0.0,1643.0,0.5758439999999999,-0.832692,SAU,CYP,8414
2769452,192,58,1632,2014,56944.0,0.0,1.867492,0.626736,SGP,CYP,8414
2769453,206,58,1632,2014,2572.0,96320.0,1.334959,0.821253,SVK,CYP,8414
2769454,207,58,1632,2014,14367.0,0.0,1.6558669999999998,0.6814399999999999,SVN,CYP,8414
2769455,208,58,1632,2014,51403.0,0.0,1.817752,0.558474,SWE,CYP,8414
2769456,216,58,1632,2014,9253.0,0.0,0.977094,1.41283,THA,CYP,8414
2769457,224,58,1632,2014,22.0,0.0,0.554761,2.385693,TUR,CYP,8414
2769458,228,58,1632,2014,3002024.0,0.0,0.566535,0.832267,UKR,CYP,8414
2769459,231,58,1632,2014,366664.0,674.0,1.61227,0.068905,USA,CYP,8414
2769460,239,58,1632,2014,4120.0,0.0,-0.023765,1.344416,VNM,CYP,8414
2769461,249,58,1632,2014,558969.0,0.0,1.9044189999999999,1.0595139999999998,TWN,CYP,8414
2769462,250,58,1632,2014,33954.0,312642.0,0.506842,0.049545,ANS,CYP,8414
2769463,2,59,1632,2014,0.0,29240.0,-1.8184900000000002,-1.149191,AGO,CZE,8414
2769464,4,59,1632,2014,1560.0,11845.0,-0.476024,-0.33978400000000003,ALB,CZE,8414
2769465,7,59,1632,2014,6445.0,13505974.0,0.087775,-0.289459,ARE,CZE,8414
2769466,8,59,1632,2014,15222.0,2036701.0,0.10691500000000001,0.44860600000000006,ARG,CZE,8414
2769467,9,59,1632,2014,0.0,97784.0,-0.198322,-0.5918680000000001,ARM,CZE,8414
2769468,14,59,1632,2014,131059.0,4416481.0,-0.398273,-0.17128,AUS,CZE,8414
2769469,15,59,1632,2014,28640567.0,19081274.0,1.7116790000000002,-0.140232,AUT,CZE,8414
2769470,16,59,1632,2014,0.0,277373.0,-0.909508,-1.165158,AZE,CZE,8414
2769471,18,59,1632,2014,25758025.0,52195614.0,1.234156,1.226441,BEL,CZE,8414
2769472,19,59,1632,2014,0.0,1499.0,-0.342225,-0.618789,BEN,CZE,8414
2769473,22,59,1632,2014,0.0,430340.0,-1.0341879999999999,-0.9614870000000001,BGD,CZE,8414
2769474,23,59,1632,2014,853962.0,1889733.0,0.579058,1.6558110000000001,BGR,CZE,8414
2769475,24,59,1632,2014,0.0,204233.0,0.460168,-0.41671099999999994,BHR,CZE,8414
2769476,26,59,1632,2014,0.0,348070.0,0.5083300000000001,0.711704,BIH,CZE,8414
2769477,28,59,1632,2014,92775.0,6579265.0,0.874108,0.676231,BLR,CZE,8414
2769478,31,59,1632,2014,0.0,118910.0,-1.129494,-1.030198,BOL,CZE,8414
2769479,32,59,1632,2014,29555.0,2681927.0,0.218223,0.556921,BRA,CZE,8414
2769480,34,59,1632,2014,0.0,641.0,0.191357,-0.683567,BRN,CZE,8414
2769481,39,59,1632,2014,662584.0,1285702.0,0.671395,1.024683,CAN,CZE,8414
2769482,41,59,1632,2014,5029238.0,11085522.0,2.2000919999999997,0.65398,CHE,CZE,8414
2769483,42,59,1632,2014,5906.0,338928.0,-0.344671,-0.43380799999999997,CHL,CZE,8414
2769484,43,59,1632,2014,36923561.0,44430638.0,1.187557,1.222085,CHN,CZE,8414
2769485,44,59,1632,2014,0.0,136558.0,-0.737625,-0.768728,CIV,CZE,8414
2769486,45,59,1632,2014,0.0,14737.0,-0.6723520000000001,-0.945084,CMR,CZE,8414
2769487,47,59,1632,2014,0.0,79810.0,-1.371624,-1.12468,COG,CZE,8414
2769488,49,59,1632,2014,0.0,70254.0,0.19864500000000002,-0.378364,COL,CZE,8414
2769489,52,59,1632,2014,22203.0,4731.0,0.065938,-0.687971,CRI,CZE,8414
2769490,54,59,1632,2014,0.0,92696.0,-0.476786,-0.952291,CUB,CZE,8414
2769491,58,59,1632,2014,0.0,146228.0,0.627467,0.483725,CYP,CZE,8414
2769492,61,59,1632,2014,309690707.0,215431354.0,2.052849,-2.888805,DEU,CZE,8414
2769493,64,59,1632,2014,4602718.0,8720968.0,1.10869,1.245193,DNK,CZE,8414
2769494,65,59,1632,2014,0.0,7440.0,-0.180845,0.508512,DOM,CZE,8414
2769495,66,59,1632,2014,0.0,3559370.0,-1.5554649999999999,-1.1657030000000002,DZA,CZE,8414
2769496,67,59,1632,2014,0.0,159736.0,-1.066865,-1.052921,ECU,CZE,8414
2769497,68,59,1632,2014,60614.0,2749729.0,-0.086866,1.7419669999999998,EGY,CZE,8414
2769498,71,59,1632,2014,8154319.0,33478557.0,0.842147,2.45692,ESP,CZE,8414
2769499,72,59,1632,2014,21026.0,2057744.0,0.9147780000000001,1.151556,EST,CZE,8414
2769500,73,59,1632,2014,0.0,27030.0,-1.296535,-1.045942,ETH,CZE,8414
2769501,74,59,1632,2014,341382.0,4974709.0,1.626355,1.002923,FIN,CZE,8414
2769502,77,59,1632,2014,32505838.0,112406961.0,1.4817790000000002,0.30995,FRA,CZE,8414
2769503,78,59,1632,2014,0.0,2852.0,-0.703929,-0.86265,FRO,CZE,8414
2769504,80,59,1632,2014,0.0,132799.0,-1.625474,-1.135973,GAB,CZE,8414
2769505,81,59,1632,2014,18591095.0,63373913.0,1.697964,0.585372,GBR,CZE,8414
2769506,82,59,1632,2014,21528.0,179147.0,-0.254106,-0.646584,GEO,CZE,8414
2769507,83,59,1632,2014,0.0,185328.0,-1.130226,-0.9909379999999999,GHA,CZE,8414
2769508,90,59,1632,2014,333867.0,881188.0,0.149337,0.8560540000000001,GRC,CZE,8414
2769509,93,59,1632,2014,0.0,1281.0,-0.36547199999999996,0.548894,GTM,CZE,8414
2769510,97,59,1632,2014,548089.0,896113.0,0.812132,1.722493,HKG,CZE,8414
2769511,99,59,1632,2014,0.0,55152.0,-0.467004,0.045511,HND,CZE,8414
2769512,100,59,1632,2014,11781.0,802368.0,0.804401,1.250807,HRV,CZE,8414
2769513,102,59,1632,2014,44005801.0,10645118.0,1.477093,0.812869,HUN,CZE,8414
2769514,103,59,1632,2014,32916.0,482218.0,-0.088032,1.3966459999999998,IDN,CZE,8414
2769515,104,59,1632,2014,1201190.0,6576177.0,0.262042,2.6305080000000003,IND,CZE,8414
2769516,106,59,1632,2014,4131807.0,7892459.0,1.2658399999999999,0.278546,IRL,CZE,8414
2769517,107,59,1632,2014,0.0,71107.0,-0.361058,-0.312743,IRN,CZE,8414
2769518,108,59,1632,2014,0.0,357290.0,-2.9169,-0.882023,IRQ,CZE,8414
2769519,109,59,1632,2014,0.0,115982.0,0.127891,-0.302014,ISL,CZE,8414
2769520,110,59,1632,2014,8919.0,2959267.0,1.211141,0.64523,ISR,CZE,8414
2769521,111,59,1632,2014,46314691.0,34674757.0,1.340136,0.43931099999999995,ITA,CZE,8414
2769522,113,59,1632,2014,2559.0,159863.0,0.210208,0.48732299999999995,JOR,CZE,8414
2769523,114,59,1632,2014,14192932.0,11750419.0,2.403165,-0.635024,JPN,CZE,8414
2769524,115,59,1632,2014,0.0,987236.0,-0.210431,-0.574075,KAZ,CZE,8414
2769525,116,59,1632,2014,0.0,295185.0,-0.487058,0.307288,KEN,CZE,8414
2769526,117,59,1632,2014,0.0,152805.0,-0.31942600000000004,-0.012454,KGZ,CZE,8414
2769527,118,59,1632,2014,819.0,0.0,-0.84072,-0.8307040000000001,KHM,CZE,8414
2769528,121,59,1632,2014,25483102.0,21122725.0,1.817145,0.8394530000000001,KOR,CZE,8414
2769529,122,59,1632,2014,0.0,958855.0,-0.769616,-1.10667,KWT,CZE,8414
2769530,124,59,1632,2014,0.0,436862.0,0.308677,1.7564490000000001,LBN,CZE,8414
2769531,125,59,1632,2014,0.0,3841.0,-1.016828,-1.107983,LBR,CZE,8414
2769532,126,59,1632,2014,0.0,197312.0,-1.5943829999999999,-1.189961,LBY,CZE,8414
2769533,128,59,1632,2014,0.0,122155.0,-0.49366899999999997,0.338686,LKA,CZE,8414
2769534,130,59,1632,2014,243397.0,3151873.0,0.764495,1.3451540000000002,LTU,CZE,8414
2769535,131,59,1632,2014,48824.0,290718.0,1.243845,1.155474,LUX,CZE,8414
2769536,132,59,1632,2014,68003.0,991517.0,0.613116,1.1899790000000001,LVA,CZE,8414
2769537,134,59,1632,2014,43224.0,776858.0,-0.574034,0.065788,MAR,CZE,8414
2769538,135,59,1632,2014,0.0,244312.0,-0.10438199999999999,-0.093194,MDA,CZE,8414
2769539,136,59,1632,2014,0.0,4044.0,-1.002122,-0.44446,MDG,CZE,8414
2769540,137,59,1632,2014,0.0,41948.0,-0.43265299999999995,-0.82696,MDV,CZE,8414
2769541,138,59,1632,2014,966639.0,16445604.0,1.0799729999999998,0.697554,MEX,CZE,8414
2769542,140,59,1632,2014,0.0,53365.0,-0.039799,-0.05545,MKD,CZE,8414
2769543,141,59,1632,2014,0.0,2314.0,-1.199063,-1.05497,MLI,CZE,8414
2769544,142,59,1632,2014,2848.0,107861.0,0.817013,0.0016309999999999999,MLT,CZE,8414
2769545,144,59,1632,2014,0.0,34316.0,-0.17039100000000001,-0.21762399999999998,MNE,CZE,8414
2769546,145,59,1632,2014,0.0,36175.0,-1.425524,-1.161949,MNG,CZE,8414
2769547,148,59,1632,2014,0.0,107608.0,-1.458551,-1.225373,MRT,CZE,8414
2769548,151,59,1632,2014,0.0,206743.0,-0.029891,-0.12431099999999999,MUS,CZE,8414
2769549,152,59,1632,2014,0.0,984.0,-0.494204,-0.751903,MWI,CZE,8414
2769550,153,59,1632,2014,1127048.0,1245430.0,1.018138,0.774649,MYS,CZE,8414
2769551,156,59,1632,2014,0.0,1469.0,-0.509789,-0.767484,NCL,CZE,8414
2769552,159,59,1632,2014,0.0,564870.0,-1.2126430000000001,-1.059697,NGA,CZE,8414
2769553,160,59,1632,2014,0.0,1016.0,-0.938269,-0.839066,NIC,CZE,8414
2769554,162,59,1632,2014,5737464.0,15644435.0,1.179325,1.355071,NLD,CZE,8414
2769555,163,59,1632,2014,406809.0,2120231.0,0.9187049999999999,0.182685,NOR,CZE,8414
2769556,164,59,1632,2014,0.0,20624.0,-0.11988199999999999,0.655883,NPL,CZE,8414
2769557,165,59,1632,2014,16225.0,0.0,1.215503,-0.37847,NRU,CZE,8414
2769558,166,59,1632,2014,4273.0,894192.0,0.272502,0.21628699999999998,NZL,CZE,8414
2769559,167,59,1632,2014,0.0,231678.0,-0.505129,-1.0051370000000002,OMN,CZE,8414
2769560,168,59,1632,2014,0.0,1164359.0,-0.672924,0.566787,PAK,CZE,8414
2769561,169,59,1632,2014,0.0,61426.0,0.771742,0.9873190000000001,PAN,CZE,8414
2769562,173,59,1632,2014,1260.0,384330.0,-0.557833,0.611826,PER,CZE,8414
2769563,174,59,1632,2014,1270507.0,289471.0,0.637442,0.475883,PHL,CZE,8414
2769564,177,59,1632,2014,50961682.0,26119520.0,1.133102,1.177165,POL,CZE,8414
2769565,179,59,1632,2014,1446407.0,2838286.0,0.621053,2.349644,PRT,CZE,8414
2769566,180,59,1632,2014,0.0,76886.0,-0.608509,-0.930679,PRY,CZE,8414
2769567,181,59,1632,2014,0.0,599.0,0.030643,0.601905,PSE,CZE,8414
2769568,182,59,1632,2014,0.0,1625.0,0.008831,-0.6268279999999999,PYF,CZE,8414
2769569,183,59,1632,2014,0.0,505898.0,-0.37535599999999997,-1.0196370000000001,QAT,CZE,8414
2769570,185,59,1632,2014,7005129.0,44975402.0,0.9112,1.188161,ROU,CZE,8414
2769571,186,59,1632,2014,96702.0,58262832.0,0.229422,-0.214856,RUS,CZE,8414
2769572,187,59,1632,2014,0.0,4538.0,-0.5692659999999999,-0.447859,RWA,CZE,8414
2769573,188,59,1632,2014,0.0,8271180.0,0.5758439999999999,-0.832692,SAU,CZE,8414
2769574,190,59,1632,2014,0.0,553884.0,-1.442381,-1.1155030000000001,SDN,CZE,8414
2769575,191,59,1632,2014,0.0,8697.0,-0.502607,-0.08866,SEN,CZE,8414
2769576,192,59,1632,2014,1194972.0,2943025.0,1.867492,0.626736,SGP,CZE,8414
2769577,196,59,1632,2014,1785.0,0.0,-0.9228569999999999,-0.791482,SLE,CZE,8414
2769578,197,59,1632,2014,0.0,19930.0,0.08653999999999999,0.29088600000000003,SLV,CZE,8414
2769579,201,59,1632,2014,114928.0,1422342.0,0.551635,1.211535,SRB,CZE,8414
2769580,202,59,1632,2014,0.0,12453.0,-2.824279,-0.8767969999999999,SSD,CZE,8414
2769581,206,59,1632,2014,9919057.0,45439482.0,1.334959,0.821253,SVK,CZE,8414
2769582,207,59,1632,2014,4466512.0,8323491.0,1.6558669999999998,0.6814399999999999,SVN,CZE,8414
2769583,208,59,1632,2014,1795270.0,6022804.0,1.817752,0.558474,SWE,CZE,8414
2769584,215,59,1632,2014,0.0,5931.0,-0.524103,-0.537643,TGO,CZE,8414
2769585,216,59,1632,2014,4791212.0,2162852.0,0.977094,1.41283,THA,CZE,8414
2769586,219,59,1632,2014,0.0,99816.0,-1.217897,-1.184131,TKM,CZE,8414
2769587,222,59,1632,2014,0.0,2014.0,-0.57362,-1.117545,TTO,CZE,8414
2769588,223,59,1632,2014,0.0,510307.0,0.343449,1.118007,TUN,CZE,8414
2769589,224,59,1632,2014,4403939.0,45771722.0,0.554761,2.385693,TUR,CZE,8414
2769590,226,59,1632,2014,0.0,33848.0,-1.054331,0.166345,TZA,CZE,8414
2769591,227,59,1632,2014,0.0,57576.0,-0.46911800000000003,0.25446599999999997,UGA,CZE,8414
2769592,228,59,1632,2014,449159.0,2373211.0,0.566535,0.832267,UKR,CZE,8414
2769593,230,59,1632,2014,0.0,8097.0,0.154034,-0.380899,URY,CZE,8414
2769594,231,59,1632,2014,24090892.0,54526470.0,1.61227,0.068905,USA,CZE,8414
2769595,232,59,1632,2014,11256.0,410262.0,-0.407623,-0.37150700000000003,UZB,CZE,8414
2769596,234,59,1632,2014,0.0,5130.0,0.034024,-0.522492,VCT,CZE,8414
2769597,236,59,1632,2014,0.0,1431.0,-0.582086,-1.081727,VEN,CZE,8414
2769598,239,59,1632,2014,2138929.0,227128.0,-0.023765,1.344416,VNM,CZE,8414
2769599,243,59,1632,2014,0.0,4492.0,-1.2829190000000001,-1.227373,YEM,CZE,8414
2769600,246,59,1632,2014,16765.0,7071715.0,0.282927,1.723214,ZAF,CZE,8414
2769601,247,59,1632,2014,0.0,3741.0,-0.664089,-0.793452,ZMB,CZE,8414
2769602,248,59,1632,2014,0.0,24248.0,-0.821369,-0.864232,ZWE,CZE,8414
2769603,249,59,1632,2014,2204431.0,3156537.0,1.9044189999999999,1.0595139999999998,TWN,CZE,8414
2769604,250,59,1632,2014,1277868.0,4356.0,0.506842,0.049545,ANS,CZE,8414
2769605,0,61,1632,2014,0.0,65348.0,0.779539,-0.32255700000000004,ABW,DEU,8414
2769606,1,61,1632,2014,0.0,348936.0,-0.924386,-0.839385,AFG,DEU,8414
2769607,2,61,1632,2014,10457.0,1914393.0,-1.8184900000000002,-1.149191,AGO,DEU,8414
2769608,4,61,1632,2014,0.0,162367.0,-0.476024,-0.33978400000000003,ALB,DEU,8414
2769609,5,61,1632,2014,0.0,39156.0,0.533246,-0.41617,AND,DEU,8414
2769610,7,61,1632,2014,1804936.0,81436342.0,0.087775,-0.289459,ARE,DEU,8414
2769611,8,61,1632,2014,1010265.0,41366241.0,0.10691500000000001,0.44860600000000006,ARG,DEU,8414
2769612,9,61,1632,2014,0.0,875233.0,-0.198322,-0.5918680000000001,ARM,DEU,8414
2769613,13,61,1632,2014,0.0,166090.0,0.169764,-0.621576,ATG,DEU,8414
2769614,14,61,1632,2014,817747.0,151728473.0,-0.398273,-0.17128,AUS,DEU,8414
2769615,15,61,1632,2014,195480471.0,415800874.0,1.7116790000000002,-0.140232,AUT,DEU,8414
2769616,16,61,1632,2014,0.0,10437054.0,-0.909508,-1.165158,AZE,DEU,8414
2769617,17,61,1632,2014,0.0,63180.0,-0.242256,-0.8567879999999999,BDI,DEU,8414
2769618,18,61,1632,2014,201890799.0,177690426.0,1.234156,1.226441,BEL,DEU,8414
2769619,19,61,1632,2014,7453.0,72233.0,-0.342225,-0.618789,BEN,DEU,8414
2769620,20,61,1632,2014,0.0,27295.0,-0.18363,-0.7995760000000001,BES,DEU,8414
2769621,21,61,1632,2014,0.0,186924.0,-0.922401,-0.9554379999999999,BFA,DEU,8414
2769622,22,61,1632,2014,11545.0,4558805.0,-1.0341879999999999,-0.9614870000000001,BGD,DEU,8414
2769623,23,61,1632,2014,16427616.0,14741718.0,0.579058,1.6558110000000001,BGR,DEU,8414
2769624,24,61,1632,2014,31972.0,4342362.0,0.460168,-0.41671099999999994,BHR,DEU,8414
2769625,25,61,1632,2014,0.0,461393.0,0.314465,-0.60458,BHS,DEU,8414
2769626,26,61,1632,2014,98600.0,3892909.0,0.5083300000000001,0.711704,BIH,DEU,8414
2769627,27,61,1632,2014,0.0,3144.0,0.8636219999999999,-0.499126,BLM,DEU,8414
2769628,28,61,1632,2014,335571.0,11652868.0,0.874108,0.676231,BLR,DEU,8414
2769629,29,61,1632,2014,0.0,164909.0,-0.324446,-0.552126,BLZ,DEU,8414
2769630,30,61,1632,2014,0.0,20432.0,1.217808,-0.16376300000000002,BMU,DEU,8414
2769631,31,61,1632,2014,0.0,1302901.0,-1.129494,-1.030198,BOL,DEU,8414
2769632,32,61,1632,2014,10504134.0,102396630.0,0.218223,0.556921,BRA,DEU,8414
2769633,33,61,1632,2014,0.0,66641.0,0.44968400000000003,-0.15268900000000002,BRB,DEU,8414
2769634,34,61,1632,2014,4749.0,242166.0,0.191357,-0.683567,BRN,DEU,8414
2769635,35,61,1632,2014,0.0,26224.0,-0.24597199999999997,-0.758838,BTN,DEU,8414
2769636,37,61,1632,2014,0.0,427445.0,-0.60221,-1.104578,BWA,DEU,8414
2769637,38,61,1632,2014,0.0,6869.0,0.695875,0.543384,CAF,DEU,8414
2769638,39,61,1632,2014,8846604.0,50743148.0,0.671395,1.024683,CAN,DEU,8414
2769639,41,61,1632,2014,246254981.0,279716202.0,2.2000919999999997,0.65398,CHE,DEU,8414
2769640,42,61,1632,2014,325394.0,18550266.0,-0.344671,-0.43380799999999997,CHL,DEU,8414
2769641,43,61,1632,2014,370966174.0,1345320712.0,1.187557,1.222085,CHN,DEU,8414
2769642,44,61,1632,2014,2010.0,1651622.0,-0.737625,-0.768728,CIV,DEU,8414
2769643,45,61,1632,2014,0.0,461111.0,-0.6723520000000001,-0.945084,CMR,DEU,8414
2769644,46,61,1632,2014,0.0,397644.0,-1.6680240000000002,-1.1265129999999999,COD,DEU,8414
2769645,47,61,1632,2014,0.0,443744.0,-1.371624,-1.12468,COG,DEU,8414
2769646,49,61,1632,2014,210678.0,14871300.0,0.19864500000000002,-0.378364,COL,DEU,8414
2769647,51,61,1632,2014,0.0,149110.0,-0.182368,-0.7136359999999999,CPV,DEU,8414
2769648,52,61,1632,2014,46708.0,979943.0,0.065938,-0.687971,CRI,DEU,8414
2769649,54,61,1632,2014,1806.0,2001584.0,-0.476786,-0.952291,CUB,DEU,8414
2769650,55,61,1632,2014,0.0,1646625.0,-0.00902,-0.683643,CUW,DEU,8414
2769651,57,61,1632,2014,0.0,277285.0,1.199562,-0.66969,CYM,DEU,8414
2769652,58,61,1632,2014,45819.0,2233556.0,0.627467,0.483725,CYP,DEU,8414
2769653,59,61,1632,2014,215431354.0,309690707.0,1.8105830000000003,0.131131,CZE,DEU,8414
2769654,62,61,1632,2014,0.0,66840.0,-0.394602,-0.74178,DJI,DEU,8414
2769655,63,61,1632,2014,0.0,1120.0,0.294596,-0.310069,DMA,DEU,8414
2769656,64,61,1632,2014,36370785.0,109824323.0,1.10869,1.245193,DNK,DEU,8414
2769657,65,61,1632,2014,32577.0,907127.0,-0.180845,0.508512,DOM,DEU,8414
2769658,66,61,1632,2014,0.0,14886344.0,-1.5554649999999999,-1.1657030000000002,DZA,DEU,8414
2769659,67,61,1632,2014,983.0,4174080.0,-1.066865,-1.052921,ECU,DEU,8414
2769660,68,61,1632,2014,31547.0,28878408.0,-0.086866,1.7419669999999998,EGY,DEU,8414
2769661,69,61,1632,2014,0.0,11906.0,-2.345215,-1.051413,ERI,DEU,8414
2769662,71,61,1632,2014,23416555.0,379730474.0,0.842147,2.45692,ESP,DEU,8414
2769663,72,61,1632,2014,946308.0,19962361.0,0.9147780000000001,1.151556,EST,DEU,8414
2769664,73,61,1632,2014,902337.0,2924021.0,-1.296535,-1.045942,ETH,DEU,8414
2769665,74,61,1632,2014,9520123.0,80745922.0,1.626355,1.002923,FIN,DEU,8414
2769666,75,61,1632,2014,29663.0,142579.0,-0.306346,-0.07688500000000001,FJI,DEU,8414
2769667,77,61,1632,2014,366482433.0,584053390.0,1.4817790000000002,0.30995,FRA,DEU,8414
2769668,78,61,1632,2014,18352.0,72458.0,-0.703929,-0.86265,FRO,DEU,8414
2769669,80,61,1632,2014,0.0,260509.0,-1.625474,-1.135973,GAB,DEU,8414
2769670,81,61,1632,2014,231458833.0,571913308.0,1.697964,0.585372,GBR,DEU,8414
2769671,82,61,1632,2014,73421.0,917342.0,-0.254106,-0.646584,GEO,DEU,8414
2769672,83,61,1632,2014,0.0,2732540.0,-1.130226,-0.9909379999999999,GHA,DEU,8414
2769673,84,61,1632,2014,0.0,193009.0,0.275796,-0.720217,GIB,DEU,8414
2769674,85,61,1632,2014,0.0,145915.0,-1.628409,-1.202473,GIN,DEU,8414
2769675,87,61,1632,2014,0.0,40585.0,-0.905488,-0.7892819999999999,GMB,DEU,8414
2769676,89,61,1632,2014,0.0,536741.0,-2.043516,-0.844701,GNQ,DEU,8414
2769677,90,61,1632,2014,461493.0,22556876.0,0.149337,0.8560540000000001,GRC,DEU,8414
2769678,92,61,1632,2014,0.0,19750.0,-1.168495,-0.93096,GRL,DEU,8414
2769679,93,61,1632,2014,16904.0,2476449.0,-0.36547199999999996,0.548894,GTM,DEU,8414
2769680,95,61,1632,2014,0.0,9270.0,0.6368119999999999,-0.01771,GUM,DEU,8414
2769681,96,61,1632,2014,0.0,11287.0,-1.068777,-1.038227,GUY,DEU,8414
2769682,97,61,1632,2014,5507692.0,67699777.0,0.812132,1.722493,HKG,DEU,8414
2769683,99,61,1632,2014,0.0,2085169.0,-0.467004,0.045511,HND,DEU,8414
2769684,100,61,1632,2014,3431707.0,8377544.0,0.804401,1.250807,HRV,DEU,8414
2769685,101,61,1632,2014,0.0,84624.0,-1.10887,-1.032108,HTI,DEU,8414
2769686,102,61,1632,2014,362564111.0,365646605.0,1.477093,0.812869,HUN,DEU,8414
2769687,103,61,1632,2014,6381633.0,38082830.0,-0.088032,1.3966459999999998,IDN,DEU,8414
2769688,104,61,1632,2014,36228051.0,181627926.0,0.262042,2.6305080000000003,IND,DEU,8414
2769689,106,61,1632,2014,54842770.0,27796733.0,1.2658399999999999,0.278546,IRL,DEU,8414
2769690,107,61,1632,2014,113616.0,137142910.0,-0.361058,-0.312743,IRN,DEU,8414
2769691,108,61,1632,2014,0.0,9763609.0,-2.9169,-0.882023,IRQ,DEU,8414
2769692,109,61,1632,2014,42428.0,1862401.0,0.127891,-0.302014,ISL,DEU,8414
2769693,110,61,1632,2014,1538140.0,37247017.0,1.211141,0.64523,ISR,DEU,8414
2769694,111,61,1632,2014,662617185.0,527954446.0,1.340136,0.43931099999999995,ITA,DEU,8414
2769695,112,61,1632,2014,0.0,78240.0,-0.42745299999999997,-0.7750130000000001,JAM,DEU,8414
2769696,113,61,1632,2014,17259.0,4000318.0,0.210208,0.48732299999999995,JOR,DEU,8414
2769697,114,61,1632,2014,460822365.0,126927992.0,2.403165,-0.635024,JPN,DEU,8414
2769698,115,61,1632,2014,38205.0,13691178.0,-0.210431,-0.574075,KAZ,DEU,8414
2769699,116,61,1632,2014,445792.0,3077794.0,-0.487058,0.307288,KEN,DEU,8414
2769700,117,61,1632,2014,0.0,510424.0,-0.31942600000000004,-0.012454,KGZ,DEU,8414
2769701,118,61,1632,2014,0.0,307484.0,-0.84072,-0.8307040000000001,KHM,DEU,8414
2769702,120,61,1632,2014,0.0,50479.0,0.9888950000000001,-0.28283800000000003,KNA,DEU,8414
2769703,121,61,1632,2014,55717392.0,195400581.0,1.817145,0.8394530000000001,KOR,DEU,8414
2769704,122,61,1632,2014,44586.0,7623386.0,-0.769616,-1.10667,KWT,DEU,8414
2769705,123,61,1632,2014,0.0,52214.0,-1.054294,-0.869916,LAO,DEU,8414
2769706,124,61,1632,2014,21995.0,6714670.0,0.308677,1.7564490000000001,LBN,DEU,8414
2769707,125,61,1632,2014,0.0,433446.0,-1.016828,-1.107983,LBR,DEU,8414
2769708,126,61,1632,2014,4986.0,5392323.0,-1.5943829999999999,-1.189961,LBY,DEU,8414
2769709,127,61,1632,2014,0.0,3844.0,0.29035500000000003,-0.603541,LCA,DEU,8414
2769710,128,61,1632,2014,57979.0,2665449.0,-0.49366899999999997,0.338686,LKA,DEU,8414
2769711,129,61,1632,2014,0.0,6262.0,-0.59647,-0.58713,LSO,DEU,8414
2769712,130,61,1632,2014,1131518.0,19722643.0,0.764495,1.3451540000000002,LTU,DEU,8414
2769713,131,61,1632,2014,3859255.0,13317781.0,1.243845,1.155474,LUX,DEU,8414
2769714,132,61,1632,2014,263149.0,6792946.0,0.613116,1.1899790000000001,LVA,DEU,8414
2769715,133,61,1632,2014,21267.0,873113.0,0.704535,0.5856140000000001,MAC,DEU,8414
2769716,134,61,1632,2014,20625.0,11395267.0,-0.574034,0.065788,MAR,DEU,8414
2769717,135,61,1632,2014,970.0,2333778.0,-0.10438199999999999,-0.093194,MDA,DEU,8414
2769718,136,61,1632,2014,0.0,321572.0,-1.002122,-0.44446,MDG,DEU,8414
2769719,137,61,1632,2014,12014.0,393090.0,-0.43265299999999995,-0.82696,MDV,DEU,8414
2769720,138,61,1632,2014,9268187.0,96949776.0,1.0799729999999998,0.697554,MEX,DEU,8414
2769721,139,61,1632,2014,0.0,298186.0,-0.22505,-0.803084,MHL,DEU,8414
2769722,140,61,1632,2014,168740.0,1473007.0,-0.039799,-0.05545,MKD,DEU,8414
2769723,141,61,1632,2014,0.0,360958.0,-1.199063,-1.05497,MLI,DEU,8414
2769724,142,61,1632,2014,352074.0,5473650.0,0.817013,0.0016309999999999999,MLT,DEU,8414
2769725,143,61,1632,2014,167700.0,466946.0,-1.5332459999999999,-1.145973,MMR,DEU,8414
2769726,144,61,1632,2014,15807.0,219883.0,-0.17039100000000001,-0.21762399999999998,MNE,DEU,8414
2769727,145,61,1632,2014,57213.0,461997.0,-1.425524,-1.161949,MNG,DEU,8414
2769728,146,61,1632,2014,0.0,10382.0,1.1877790000000001,-0.300664,MNP,DEU,8414
2769729,147,61,1632,2014,0.0,210118.0,-1.1993610000000001,-1.040181,MOZ,DEU,8414
2769730,148,61,1632,2014,0.0,558760.0,-1.458551,-1.225373,MRT,DEU,8414
2769731,151,61,1632,2014,0.0,650645.0,-0.029891,-0.12431099999999999,MUS,DEU,8414
2769732,152,61,1632,2014,0.0,18030.0,-0.494204,-0.751903,MWI,DEU,8414
2769733,153,61,1632,2014,10652445.0,71176285.0,1.018138,0.774649,MYS,DEU,8414
2769734,155,61,1632,2014,6607.0,1087299.0,-0.428227,-0.5632229999999999,NAM,DEU,8414
2769735,156,61,1632,2014,0.0,352989.0,-0.509789,-0.767484,NCL,DEU,8414
2769736,157,61,1632,2014,0.0,301059.0,-0.7187,-0.80918,NER,DEU,8414
2769737,159,61,1632,2014,13212.0,5751197.0,-1.2126430000000001,-1.059697,NGA,DEU,8414
2769738,160,61,1632,2014,0.0,794531.0,-0.938269,-0.839066,NIC,DEU,8414
2769739,162,61,1632,2014,592134081.0,372338347.0,1.179325,1.355071,NLD,DEU,8414
2769740,163,61,1632,2014,4195181.0,45688338.0,0.9187049999999999,0.182685,NOR,DEU,8414
2769741,164,61,1632,2014,0.0,126195.0,-0.11988199999999999,0.655883,NPL,DEU,8414
2769742,166,61,1632,2014,143867.0,9066275.0,0.272502,0.21628699999999998,NZL,DEU,8414
2769743,167,61,1632,2014,126185.0,8543814.0,-0.505129,-1.0051370000000002,OMN,DEU,8414
2769744,168,61,1632,2014,138935.0,9919801.0,-0.672924,0.566787,PAK,DEU,8414
2769745,169,61,1632,2014,10569.0,5724592.0,0.771742,0.9873190000000001,PAN,DEU,8414
2769746,173,61,1632,2014,18235.0,7275398.0,-0.557833,0.611826,PER,DEU,8414
2769747,174,61,1632,2014,2265357.0,12359851.0,0.637442,0.475883,PHL,DEU,8414
2769748,176,61,1632,2014,24888.0,246453.0,-1.564904,-1.146255,PNG,DEU,8414
2769749,177,61,1632,2014,156404142.0,226422148.0,1.133102,1.177165,POL,DEU,8414
2769750,178,61,1632,2014,0.0,358522.0,-0.23883000000000001,-0.009727,PRK,DEU,8414
2769751,179,61,1632,2014,74857212.0,34205850.0,0.621053,2.349644,PRT,DEU,8414
2769752,180,61,1632,2014,0.0,690686.0,-0.608509,-0.930679,PRY,DEU,8414
2769753,181,61,1632,2014,0.0,206600.0,0.030643,0.601905,PSE,DEU,8414
2769754,182,61,1632,2014,5654.0,141801.0,0.008831,-0.6268279999999999,PYF,DEU,8414
2769755,183,61,1632,2014,116162.0,21204662.0,-0.37535599999999997,-1.0196370000000001,QAT,DEU,8414
2769756,185,61,1632,2014,272810402.0,88938291.0,0.9112,1.188161,ROU,DEU,8414
2769757,186,61,1632,2014,3630115.0,329065807.0,0.229422,-0.214856,RUS,DEU,8414
2769758,187,61,1632,2014,0.0,200705.0,-0.5692659999999999,-0.447859,RWA,DEU,8414
2769759,188,61,1632,2014,491718.0,125422967.0,0.5758439999999999,-0.832692,SAU,DEU,8414
2769760,190,61,1632,2014,0.0,953579.0,-1.442381,-1.1155030000000001,SDN,DEU,8414
2769761,191,61,1632,2014,0.0,867177.0,-0.502607,-0.08866,SEN,DEU,8414
2769762,192,61,1632,2014,8515914.0,115284036.0,1.867492,0.626736,SGP,DEU,8414
2769763,195,61,1632,2014,0.0,5441.0,-0.862089,-0.9075840000000001,SLB,DEU,8414
2769764,196,61,1632,2014,0.0,73488.0,-0.9228569999999999,-0.791482,SLE,DEU,8414
2769765,197,61,1632,2014,20632.0,1065020.0,0.08653999999999999,0.29088600000000003,SLV,DEU,8414
2769766,198,61,1632,2014,0.0,22153.0,0.9675090000000001,0.582902,SMR,DEU,8414
2769767,199,61,1632,2014,0.0,8231.0,-1.41991,-1.010693,SOM,DEU,8414
2769768,201,61,1632,2014,3238415.0,9155938.0,0.551635,1.211535,SRB,DEU,8414
2769769,202,61,1632,2014,0.0,29947.0,-2.824279,-0.8767969999999999,SSD,DEU,8414
2769770,205,61,1632,2014,0.0,61538.0,-0.6333989999999999,-0.857643,SUR,DEU,8414
2769771,206,61,1632,2014,85080555.0,86419565.0,1.334959,0.821253,SVK,DEU,8414
2769772,207,61,1632,2014,83792908.0,28813213.0,1.6558669999999998,0.6814399999999999,SVN,DEU,8414
2769773,208,61,1632,2014,40168403.0,265623859.0,1.817752,0.558474,SWE,DEU,8414
2769774,209,61,1632,2014,0.0,132300.0,0.22972199999999998,-0.365564,SWZ,DEU,8414
2769775,210,61,1632,2014,0.0,45030.0,0.6489020000000001,-0.646605,SXM,DEU,8414
2769776,211,61,1632,2014,0.0,157271.0,0.358111,-0.484879,SYC,DEU,8414
2769777,212,61,1632,2014,0.0,167104.0,-0.366224,0.9054719999999999,SYR,DEU,8414
2769778,214,61,1632,2014,0.0,490867.0,-2.012048,-0.921558,TCD,DEU,8414
2769779,215,61,1632,2014,0.0,191735.0,-0.524103,-0.537643,TGO,DEU,8414
2769780,216,61,1632,2014,33806313.0,65074358.0,0.977094,1.41283,THA,DEU,8414
2769781,217,61,1632,2014,0.0,424593.0,-0.706823,-0.993756,TJK,DEU,8414
2769782,219,61,1632,2014,51435.0,1999325.0,-1.217897,-1.184131,TKM,DEU,8414
2769783,222,61,1632,2014,3266.0,892791.0,-0.57362,-1.117545,TTO,DEU,8414
2769784,223,61,1632,2014,106420.0,5042865.0,0.343449,1.118007,TUN,DEU,8414
2769785,224,61,1632,2014,39284543.0,237871623.0,0.554761,2.385693,TUR,DEU,8414
2769786,226,61,1632,2014,0.0,8337744.0,-1.054331,0.166345,TZA,DEU,8414
2769787,227,61,1632,2014,0.0,668520.0,-0.46911800000000003,0.25446599999999997,UGA,DEU,8414
2769788,228,61,1632,2014,1336700.0,27546846.0,0.566535,0.832267,UKR,DEU,8414
2769789,229,61,1632,2014,0.0,3858.0,1.530519,0.44350600000000007,UMI,DEU,8414
2769790,230,61,1632,2014,6827.0,1992260.0,0.154034,-0.380899,URY,DEU,8414
2769791,231,61,1632,2014,189236197.0,975064307.0,1.61227,0.068905,USA,DEU,8414
2769792,232,61,1632,2014,101470.0,54408169.0,-0.407623,-0.37150700000000003,UZB,DEU,8414
2769793,233,61,1632,2014,0.0,4620.0,1.150282,0.660892,VAT,DEU,8414
2769794,234,61,1632,2014,0.0,8094.0,0.034024,-0.522492,VCT,DEU,8414
2769795,236,61,1632,2014,35963.0,24925411.0,-0.582086,-1.081727,VEN,DEU,8414
2769796,237,61,1632,2014,0.0,10030.0,0.484282,-0.082974,VGB,DEU,8414
2769797,239,61,1632,2014,12585592.0,33643890.0,-0.023765,1.344416,VNM,DEU,8414
2769798,240,61,1632,2014,0.0,15954.0,-1.21245,-0.941493,VUT,DEU,8414
2769799,242,61,1632,2014,0.0,2574.0,0.602344,-0.051224,WSM,DEU,8414
2769800,243,61,1632,2014,34008.0,1179892.0,-1.2829190000000001,-1.227373,YEM,DEU,8414
2769801,246,61,1632,2014,279999.0,104445248.0,0.282927,1.723214,ZAF,DEU,8414
2769802,247,61,1632,2014,0.0,3716957.0,-0.664089,-0.793452,ZMB,DEU,8414
2769803,248,61,1632,2014,0.0,66590.0,-0.821369,-0.864232,ZWE,DEU,8414
2769804,249,61,1632,2014,29632177.0,70807299.0,1.9044189999999999,1.0595139999999998,TWN,DEU,8414
2769805,250,61,1632,2014,0.0,3132208.0,0.506842,0.049545,ANS,DEU,8414
2769806,1,64,1632,2014,0.0,1340.0,-0.924386,-0.839385,AFG,DNK,8414
2769807,2,64,1632,2014,0.0,194352.0,-1.8184900000000002,-1.149191,AGO,DNK,8414
2769808,4,64,1632,2014,2063.0,0.0,-0.476024,-0.33978400000000003,ALB,DNK,8414
2769809,7,64,1632,2014,171514.0,1813328.0,0.087775,-0.289459,ARE,DNK,8414
2769810,8,64,1632,2014,0.0,319241.0,0.10691500000000001,0.44860600000000006,ARG,DNK,8414
2769811,9,64,1632,2014,0.0,53642.0,-0.198322,-0.5918680000000001,ARM,DNK,8414
2769812,13,64,1632,2014,0.0,3645.0,0.169764,-0.621576,ATG,DNK,8414
2769813,14,64,1632,2014,669488.0,2019006.0,-0.398273,-0.17128,AUS,DNK,8414
2769814,15,64,1632,2014,2044522.0,4325035.0,1.7116790000000002,-0.140232,AUT,DNK,8414
2769815,16,64,1632,2014,0.0,62098.0,-0.909508,-1.165158,AZE,DNK,8414
2769816,17,64,1632,2014,39445.0,0.0,-0.242256,-0.8567879999999999,BDI,DNK,8414
2769817,18,64,1632,2014,16514079.0,4577709.0,1.234156,1.226441,BEL,DNK,8414
2769818,19,64,1632,2014,0.0,125.0,-0.342225,-0.618789,BEN,DNK,8414
2769819,21,64,1632,2014,0.0,13873.0,-0.922401,-0.9554379999999999,BFA,DNK,8414
2769820,22,64,1632,2014,0.0,14964.0,-1.0341879999999999,-0.9614870000000001,BGD,DNK,8414
2769821,23,64,1632,2014,39778.0,560897.0,0.579058,1.6558110000000001,BGR,DNK,8414
2769822,24,64,1632,2014,0.0,25443.0,0.460168,-0.41671099999999994,BHR,DNK,8414
2769823,25,64,1632,2014,0.0,29400.0,0.314465,-0.60458,BHS,DNK,8414
2769824,26,64,1632,2014,1243.0,40935.0,0.5083300000000001,0.711704,BIH,DNK,8414
2769825,28,64,1632,2014,0.0,212937.0,0.874108,0.676231,BLR,DNK,8414
2769826,29,64,1632,2014,0.0,7580.0,-0.324446,-0.552126,BLZ,DNK,8414
2769827,31,64,1632,2014,0.0,16364.0,-1.129494,-1.030198,BOL,DNK,8414
2769828,32,64,1632,2014,255660.0,4000906.0,0.218223,0.556921,BRA,DNK,8414
2769829,33,64,1632,2014,0.0,2513.0,0.44968400000000003,-0.15268900000000002,BRB,DNK,8414
2769830,34,64,1632,2014,0.0,2451.0,0.191357,-0.683567,BRN,DNK,8414
2769831,39,64,1632,2014,84644.0,1466516.0,0.671395,1.024683,CAN,DNK,8414
2769832,41,64,1632,2014,3139340.0,4205311.0,2.2000919999999997,0.65398,CHE,DNK,8414
2769833,42,64,1632,2014,106649.0,1812986.0,-0.344671,-0.43380799999999997,CHL,DNK,8414
2769834,43,64,1632,2014,36627608.0,9281438.0,1.187557,1.222085,CHN,DNK,8414
2769835,44,64,1632,2014,0.0,23917.0,-0.737625,-0.768728,CIV,DNK,8414
2769836,45,64,1632,2014,9761.0,61527.0,-0.6723520000000001,-0.945084,CMR,DNK,8414
2769837,47,64,1632,2014,0.0,735.0,-1.371624,-1.12468,COG,DNK,8414
2769838,49,64,1632,2014,731.0,760121.0,0.19864500000000002,-0.378364,COL,DNK,8414
2769839,52,64,1632,2014,13580.0,38931.0,0.065938,-0.687971,CRI,DNK,8414
2769840,54,64,1632,2014,0.0,307478.0,-0.476786,-0.952291,CUB,DNK,8414
2769841,58,64,1632,2014,0.0,114981.0,0.627467,0.483725,CYP,DNK,8414
2769842,59,64,1632,2014,8720968.0,4602718.0,1.8105830000000003,0.131131,CZE,DNK,8414
2769843,61,64,1632,2014,109824323.0,36370785.0,2.052849,-2.888805,DEU,DNK,8414
2769844,62,64,1632,2014,0.0,23183.0,-0.394602,-0.74178,DJI,DNK,8414
2769845,63,64,1632,2014,0.0,42897.0,0.294596,-0.310069,DMA,DNK,8414
2769846,65,64,1632,2014,0.0,69031.0,-0.180845,0.508512,DOM,DNK,8414
2769847,66,64,1632,2014,0.0,646159.0,-1.5554649999999999,-1.1657030000000002,DZA,DNK,8414
2769848,67,64,1632,2014,139762.0,91120.0,-1.066865,-1.052921,ECU,DNK,8414
2769849,68,64,1632,2014,0.0,183537.0,-0.086866,1.7419669999999998,EGY,DNK,8414
2769850,71,64,1632,2014,3326046.0,5301535.0,0.842147,2.45692,ESP,DNK,8414
2769851,72,64,1632,2014,68884.0,453516.0,0.9147780000000001,1.151556,EST,DNK,8414
2769852,73,64,1632,2014,0.0,52069.0,-1.296535,-1.045942,ETH,DNK,8414
2769853,74,64,1632,2014,2509044.0,4142098.0,1.626355,1.002923,FIN,DNK,8414
2769854,77,64,1632,2014,19503646.0,7476600.0,1.4817790000000002,0.30995,FRA,DNK,8414
2769855,78,64,1632,2014,30947.0,1581596.0,-0.703929,-0.86265,FRO,DNK,8414
2769856,80,64,1632,2014,0.0,1390.0,-1.625474,-1.135973,GAB,DNK,8414
2769857,81,64,1632,2014,12033501.0,22304841.0,1.697964,0.585372,GBR,DNK,8414
2769858,82,64,1632,2014,0.0,4592.0,-0.254106,-0.646584,GEO,DNK,8414
2769859,83,64,1632,2014,0.0,83806.0,-1.130226,-0.9909379999999999,GHA,DNK,8414
2769860,84,64,1632,2014,0.0,23334.0,0.275796,-0.720217,GIB,DNK,8414
2769861,90,64,1632,2014,43665.0,275518.0,0.149337,0.8560540000000001,GRC,DNK,8414
2769862,92,64,1632,2014,0.0,1297704.0,-1.168495,-0.93096,GRL,DNK,8414
2769863,93,64,1632,2014,0.0,12886.0,-0.36547199999999996,0.548894,GTM,DNK,8414
2769864,96,64,1632,2014,0.0,1242.0,-1.068777,-1.038227,GUY,DNK,8414
2769865,97,64,1632,2014,992942.0,1368890.0,0.812132,1.722493,HKG,DNK,8414
2769866,99,64,1632,2014,0.0,33783.0,-0.467004,0.045511,HND,DNK,8414
2769867,100,64,1632,2014,17382.0,92207.0,0.804401,1.250807,HRV,DNK,8414
2769868,101,64,1632,2014,0.0,7872.0,-1.10887,-1.032108,HTI,DNK,8414
2769869,102,64,1632,2014,4936511.0,1221716.0,1.477093,0.812869,HUN,DNK,8414
2769870,103,64,1632,2014,123800.0,289663.0,-0.088032,1.3966459999999998,IDN,DNK,8414
2769871,104,64,1632,2014,149218.0,2276513.0,0.262042,2.6305080000000003,IND,DNK,8414
2769872,106,64,1632,2014,7959049.0,1650144.0,1.2658399999999999,0.278546,IRL,DNK,8414
2769873,107,64,1632,2014,0.0,102360.0,-0.361058,-0.312743,IRN,DNK,8414
2769874,108,64,1632,2014,0.0,118613.0,-2.9169,-0.882023,IRQ,DNK,8414
2769875,109,64,1632,2014,7423.0,1834006.0,0.127891,-0.302014,ISL,DNK,8414
2769876,110,64,1632,2014,101764.0,168045.0,1.211141,0.64523,ISR,DNK,8414
2769877,111,64,1632,2014,26498513.0,6751198.0,1.340136,0.43931099999999995,ITA,DNK,8414
2769878,112,64,1632,2014,0.0,18478.0,-0.42745299999999997,-0.7750130000000001,JAM,DNK,8414
2769879,113,64,1632,2014,0.0,47281.0,0.210208,0.48732299999999995,JOR,DNK,8414
2769880,114,64,1632,2014,373065.0,1565825.0,2.403165,-0.635024,JPN,DNK,8414
2769881,115,64,1632,2014,0.0,272424.0,-0.210431,-0.574075,KAZ,DNK,8414
2769882,116,64,1632,2014,0.0,306012.0,-0.487058,0.307288,KEN,DNK,8414
2769883,117,64,1632,2014,0.0,3565.0,-0.31942600000000004,-0.012454,KGZ,DNK,8414
2769884,120,64,1632,2014,0.0,4942.0,0.9888950000000001,-0.28283800000000003,KNA,DNK,8414
2769885,121,64,1632,2014,757127.0,8315504.0,1.817145,0.8394530000000001,KOR,DNK,8414
2769886,122,64,1632,2014,0.0,342804.0,-0.769616,-1.10667,KWT,DNK,8414
2769887,123,64,1632,2014,0.0,18474.0,-1.054294,-0.869916,LAO,DNK,8414
2769888,124,64,1632,2014,0.0,902282.0,0.308677,1.7564490000000001,LBN,DNK,8414
2769889,125,64,1632,2014,0.0,94512.0,-1.016828,-1.107983,LBR,DNK,8414
2769890,126,64,1632,2014,0.0,50248.0,-1.5943829999999999,-1.189961,LBY,DNK,8414
2769891,127,64,1632,2014,0.0,2439.0,0.29035500000000003,-0.603541,LCA,DNK,8414
2769892,128,64,1632,2014,16354.0,231920.0,-0.49366899999999997,0.338686,LKA,DNK,8414
2769893,130,64,1632,2014,1071414.0,625624.0,0.764495,1.3451540000000002,LTU,DNK,8414
2769894,131,64,1632,2014,339260.0,32629.0,1.243845,1.155474,LUX,DNK,8414
2769895,132,64,1632,2014,25848.0,214812.0,0.613116,1.1899790000000001,LVA,DNK,8414
2769896,133,64,1632,2014,10250.0,1315.0,0.704535,0.5856140000000001,MAC,DNK,8414
2769897,134,64,1632,2014,0.0,599624.0,-0.574034,0.065788,MAR,DNK,8414
2769898,135,64,1632,2014,0.0,59686.0,-0.10438199999999999,-0.093194,MDA,DNK,8414
2769899,136,64,1632,2014,0.0,1996.0,-1.002122,-0.44446,MDG,DNK,8414
2769900,137,64,1632,2014,0.0,1036.0,-0.43265299999999995,-0.82696,MDV,DNK,8414
2769901,138,64,1632,2014,784344.0,381418.0,1.0799729999999998,0.697554,MEX,DNK,8414
2769902,139,64,1632,2014,0.0,5754.0,-0.22505,-0.803084,MHL,DNK,8414
2769903,140,64,1632,2014,0.0,3512.0,-0.039799,-0.05545,MKD,DNK,8414
2769904,141,64,1632,2014,0.0,64913.0,-1.199063,-1.05497,MLI,DNK,8414
2769905,142,64,1632,2014,0.0,36482.0,0.817013,0.0016309999999999999,MLT,DNK,8414
2769906,143,64,1632,2014,0.0,8613.0,-1.5332459999999999,-1.145973,MMR,DNK,8414
2769907,144,64,1632,2014,0.0,3236.0,-0.17039100000000001,-0.21762399999999998,MNE,DNK,8414
2769908,145,64,1632,2014,0.0,691.0,-1.425524,-1.161949,MNG,DNK,8414
2769909,147,64,1632,2014,0.0,94241.0,-1.1993610000000001,-1.040181,MOZ,DNK,8414
2769910,151,64,1632,2014,0.0,245609.0,-0.029891,-0.12431099999999999,MUS,DNK,8414
2769911,152,64,1632,2014,0.0,42701.0,-0.494204,-0.751903,MWI,DNK,8414
2769912,153,64,1632,2014,13220.0,592583.0,1.018138,0.774649,MYS,DNK,8414
2769913,155,64,1632,2014,0.0,1010.0,-0.428227,-0.5632229999999999,NAM,DNK,8414
2769914,156,64,1632,2014,0.0,6739.0,-0.509789,-0.767484,NCL,DNK,8414
2769915,157,64,1632,2014,0.0,5410.0,-0.7187,-0.80918,NER,DNK,8414
2769916,159,64,1632,2014,0.0,169384.0,-1.2126430000000001,-1.059697,NGA,DNK,8414
2769917,160,64,1632,2014,0.0,14284.0,-0.938269,-0.839066,NIC,DNK,8414
2769918,162,64,1632,2014,9237259.0,11952487.0,1.179325,1.355071,NLD,DNK,8414
2769919,163,64,1632,2014,8098010.0,25263952.0,0.9187049999999999,0.182685,NOR,DNK,8414
2769920,164,64,1632,2014,0.0,26667.0,-0.11988199999999999,0.655883,NPL,DNK,8414
2769921,166,64,1632,2014,21218.0,465402.0,0.272502,0.21628699999999998,NZL,DNK,8414
2769922,167,64,1632,2014,0.0,149222.0,-0.505129,-1.0051370000000002,OMN,DNK,8414
2769923,168,64,1632,2014,0.0,75541.0,-0.672924,0.566787,PAK,DNK,8414
2769924,169,64,1632,2014,0.0,64690.0,0.771742,0.9873190000000001,PAN,DNK,8414
2769925,173,64,1632,2014,0.0,157428.0,-0.557833,0.611826,PER,DNK,8414
2769926,174,64,1632,2014,278060.0,152078.0,0.637442,0.475883,PHL,DNK,8414
2769927,176,64,1632,2014,0.0,66677.0,-1.564904,-1.146255,PNG,DNK,8414
2769928,177,64,1632,2014,8110017.0,7854825.0,1.133102,1.177165,POL,DNK,8414
2769929,179,64,1632,2014,119764.0,530592.0,0.621053,2.349644,PRT,DNK,8414
2769930,180,64,1632,2014,0.0,78081.0,-0.608509,-0.930679,PRY,DNK,8414
2769931,182,64,1632,2014,0.0,8304.0,0.008831,-0.6268279999999999,PYF,DNK,8414
2769932,183,64,1632,2014,0.0,96661.0,-0.37535599999999997,-1.0196370000000001,QAT,DNK,8414
2769933,185,64,1632,2014,648317.0,1122663.0,0.9112,1.188161,ROU,DNK,8414
2769934,186,64,1632,2014,20828.0,4836161.0,0.229422,-0.214856,RUS,DNK,8414
2769935,188,64,1632,2014,116673.0,733977.0,0.5758439999999999,-0.832692,SAU,DNK,8414
2769936,190,64,1632,2014,0.0,2216.0,-1.442381,-1.1155030000000001,SDN,DNK,8414
2769937,191,64,1632,2014,0.0,40744.0,-0.502607,-0.08866,SEN,DNK,8414
2769938,192,64,1632,2014,236700.0,3483472.0,1.867492,0.626736,SGP,DNK,8414
2769939,197,64,1632,2014,0.0,19296.0,0.08653999999999999,0.29088600000000003,SLV,DNK,8414
2769940,199,64,1632,2014,0.0,10721.0,-1.41991,-1.010693,SOM,DNK,8414
2769941,201,64,1632,2014,0.0,395800.0,0.551635,1.211535,SRB,DNK,8414
2769942,205,64,1632,2014,905.0,11334.0,-0.6333989999999999,-0.857643,SUR,DNK,8414
2769943,206,64,1632,2014,3008290.0,7657226.0,1.334959,0.821253,SVK,DNK,8414
2769944,207,64,1632,2014,1254856.0,269816.0,1.6558669999999998,0.6814399999999999,SVN,DNK,8414
2769945,208,64,1632,2014,20934599.0,26162428.0,1.817752,0.558474,SWE,DNK,8414
2769946,211,64,1632,2014,0.0,12573.0,0.358111,-0.484879,SYC,DNK,8414
2769947,212,64,1632,2014,0.0,75695.0,-0.366224,0.9054719999999999,SYR,DNK,8414
2769948,215,64,1632,2014,0.0,4477.0,-0.524103,-0.537643,TGO,DNK,8414
2769949,216,64,1632,2014,3491204.0,869281.0,0.977094,1.41283,THA,DNK,8414
2769950,219,64,1632,2014,0.0,33648.0,-1.217897,-1.184131,TKM,DNK,8414
2769951,222,64,1632,2014,0.0,8898.0,-0.57362,-1.117545,TTO,DNK,8414
2769952,223,64,1632,2014,0.0,52216.0,0.343449,1.118007,TUN,DNK,8414
2769953,224,64,1632,2014,3766448.0,6074163.0,0.554761,2.385693,TUR,DNK,8414
2769954,226,64,1632,2014,0.0,13159.0,-1.054331,0.166345,TZA,DNK,8414
2769955,227,64,1632,2014,0.0,11117.0,-0.46911800000000003,0.25446599999999997,UGA,DNK,8414
2769956,228,64,1632,2014,421007.0,1041576.0,0.566535,0.832267,UKR,DNK,8414
2769957,230,64,1632,2014,0.0,167908.0,0.154034,-0.380899,URY,DNK,8414
2769958,231,64,1632,2014,9722194.0,28841528.0,1.61227,0.068905,USA,DNK,8414
2769959,232,64,1632,2014,0.0,3852.0,-0.407623,-0.37150700000000003,UZB,DNK,8414
2769960,236,64,1632,2014,0.0,138496.0,-0.582086,-1.081727,VEN,DNK,8414
2769961,239,64,1632,2014,217287.0,144852.0,-0.023765,1.344416,VNM,DNK,8414
2769962,243,64,1632,2014,0.0,61066.0,-1.2829190000000001,-1.227373,YEM,DNK,8414
2769963,246,64,1632,2014,255745.0,1557100.0,0.282927,1.723214,ZAF,DNK,8414
2769964,249,64,1632,2014,2705687.0,1228227.0,1.9044189999999999,1.0595139999999998,TWN,DNK,8414
2769965,250,64,1632,2014,0.0,10136.0,0.506842,0.049545,ANS,DNK,8414
2769966,0,65,1632,2014,2087.0,932.0,0.779539,-0.32255700000000004,ABW,DOM,8414
2769967,8,65,1632,2014,146110.0,0.0,0.10691500000000001,0.44860600000000006,ARG,DOM,8414
2769968,14,65,1632,2014,5515.0,4170.0,-0.398273,-0.17128,AUS,DOM,8414
2769969,15,65,1632,2014,68063.0,0.0,1.7116790000000002,-0.140232,AUT,DOM,8414
2769970,18,65,1632,2014,402768.0,0.0,1.234156,1.226441,BEL,DOM,8414
2769971,25,65,1632,2014,0.0,28089.0,0.314465,-0.60458,BHS,DOM,8414
2769972,29,65,1632,2014,1350.0,0.0,-0.324446,-0.552126,BLZ,DOM,8414
2769973,32,65,1632,2014,1938288.0,1814.0,0.218223,0.556921,BRA,DOM,8414
2769974,39,65,1632,2014,161475.0,2098.0,0.671395,1.024683,CAN,DOM,8414
2769975,41,65,1632,2014,1173925.0,11899.0,2.2000919999999997,0.65398,CHE,DOM,8414
2769976,42,65,1632,2014,0.0,973.0,-0.344671,-0.43380799999999997,CHL,DOM,8414
2769977,43,65,1632,2014,10530741.0,0.0,1.187557,1.222085,CHN,DOM,8414
2769978,49,65,1632,2014,64549.0,0.0,0.19864500000000002,-0.378364,COL,DOM,8414
2769979,52,65,1632,2014,0.0,9169.0,0.065938,-0.687971,CRI,DOM,8414
2769980,59,65,1632,2014,7440.0,0.0,1.8105830000000003,0.131131,CZE,DOM,8414
2769981,61,65,1632,2014,907127.0,32577.0,2.052849,-2.888805,DEU,DOM,8414
2769982,64,65,1632,2014,69031.0,0.0,1.10869,1.245193,DNK,DOM,8414
2769983,67,65,1632,2014,1306.0,0.0,-1.066865,-1.052921,ECU,DOM,8414
2769984,71,65,1632,2014,1196462.0,0.0,0.842147,2.45692,ESP,DOM,8414
2769985,74,65,1632,2014,4249.0,0.0,1.626355,1.002923,FIN,DOM,8414
2769986,77,65,1632,2014,164313.0,8202.0,1.4817790000000002,0.30995,FRA,DOM,8414
2769987,81,65,1632,2014,72442.0,0.0,1.697964,0.585372,GBR,DOM,8414
2769988,82,65,1632,2014,3362.0,0.0,-0.254106,-0.646584,GEO,DOM,8414
2769989,90,65,1632,2014,2078.0,0.0,0.149337,0.8560540000000001,GRC,DOM,8414
2769990,93,65,1632,2014,11365.0,0.0,-0.36547199999999996,0.548894,GTM,DOM,8414
2769991,96,65,1632,2014,0.0,20525.0,-1.068777,-1.038227,GUY,DOM,8414
2769992,97,65,1632,2014,76235.0,0.0,0.812132,1.722493,HKG,DOM,8414
2769993,99,65,1632,2014,132731.0,0.0,-0.467004,0.045511,HND,DOM,8414
2769994,101,65,1632,2014,3989.0,327787.0,-1.10887,-1.032108,HTI,DOM,8414
2769995,102,65,1632,2014,4204.0,0.0,1.477093,0.812869,HUN,DOM,8414
2769996,103,65,1632,2014,11641.0,0.0,-0.088032,1.3966459999999998,IDN,DOM,8414
2769997,104,65,1632,2014,161606.0,0.0,0.262042,2.6305080000000003,IND,DOM,8414
2769998,111,65,1632,2014,617568.0,0.0,1.340136,0.43931099999999995,ITA,DOM,8414
