629999,81,155,880,2014,0.0,4102.0,1.697964,0.585372,GBR,NAM,2530
630000,114,155,880,2014,0.0,2886.0,2.403165,-0.635024,JPN,NAM,2530
630001,121,155,880,2014,108.0,0.0,1.817145,0.8394530000000001,KOR,NAM,2530
630002,231,155,880,2014,0.0,1074.0,1.61227,0.068905,USA,NAM,2530
630003,246,155,880,2014,43082.0,7899.0,0.282927,1.723214,ZAF,NAM,2530
630004,18,159,880,2014,243259.0,0.0,1.234156,1.226441,BEL,NGA,2530
630005,43,159,880,2014,590777.0,48852.0,1.187557,1.222085,CHN,NGA,2530
630006,44,159,880,2014,1253.0,0.0,-0.737625,-0.768728,CIV,NGA,2530
630007,58,159,880,2014,538775.0,0.0,0.627467,0.483725,CYP,NGA,2530
630008,59,159,880,2014,8882.0,0.0,1.8105830000000003,0.131131,CZE,NGA,2530
630009,61,159,880,2014,6334.0,0.0,2.052849,-2.888805,DEU,NGA,2530
630010,68,159,880,2014,0.0,9614.0,-0.086866,1.7419669999999998,EGY,NGA,2530
630011,71,159,880,2014,26599.0,0.0,0.842147,2.45692,ESP,NGA,2530
630012,81,159,880,2014,21469.0,1143.0,1.697964,0.585372,GBR,NGA,2530
630013,104,159,880,2014,21791.0,29261.0,0.262042,2.6305080000000003,IND,NGA,2530
630014,111,159,880,2014,133677.0,0.0,1.340136,0.43931099999999995,ITA,NGA,2530
630015,121,159,880,2014,23034.0,0.0,1.817145,0.8394530000000001,KOR,NGA,2530
630016,157,159,880,2014,0.0,1009861.0,-0.7187,-0.80918,NER,NGA,2530
630017,162,159,880,2014,13831.0,0.0,1.179325,1.355071,NLD,NGA,2530
630018,163,159,880,2014,1953.0,0.0,0.9187049999999999,0.182685,NOR,NGA,2530
630019,224,159,880,2014,1556630.0,0.0,0.554761,2.385693,TUR,NGA,2530
630020,231,159,880,2014,2369151.0,0.0,1.61227,0.068905,USA,NGA,2530
630021,246,159,880,2014,211372.0,2013.0,0.282927,1.723214,ZAF,NGA,2530
630022,7,167,880,2014,121687.0,4217.0,0.087775,-0.289459,ARE,OMN,2530
630023,43,167,880,2014,64530.0,0.0,1.187557,1.222085,CHN,OMN,2530
630024,71,167,880,2014,673808.0,0.0,0.842147,2.45692,ESP,OMN,2530
630025,104,167,880,2014,244896.0,305057.0,0.262042,2.6305080000000003,IND,OMN,2530
630026,111,167,880,2014,294720.0,0.0,1.340136,0.43931099999999995,ITA,OMN,2530
630027,121,167,880,2014,2749.0,711000.0,1.817145,0.8394530000000001,KOR,OMN,2530
630028,132,167,880,2014,39179.0,0.0,0.613116,1.1899790000000001,LVA,OMN,2530
630029,147,167,880,2014,7270.0,0.0,-1.1993610000000001,-1.040181,MOZ,OMN,2530
630030,163,167,880,2014,1890.0,0.0,0.9187049999999999,0.182685,NOR,OMN,2530
630031,188,167,880,2014,22199.0,0.0,0.5758439999999999,-0.832692,SAU,OMN,2530
630032,207,167,880,2014,2645.0,0.0,1.6558669999999998,0.6814399999999999,SVN,OMN,2530
630033,246,167,880,2014,4976.0,0.0,0.282927,1.723214,ZAF,OMN,2530
630034,43,178,880,2014,99738.0,1929180.0,1.187557,1.222085,CHN,PRK,2530
630035,249,178,880,2014,0.0,731107.0,1.9044189999999999,1.0595139999999998,TWN,PRK,2530
630036,246,209,880,2014,1383.0,0.0,0.282927,1.723214,ZAF,SWZ,2530
630037,247,209,880,2014,637.0,0.0,-0.664089,-0.793452,ZMB,SWZ,2530
630038,43,212,880,2014,9360.0,0.0,1.187557,1.222085,CHN,SYR,2530
630039,68,212,880,2014,22094.0,0.0,-0.086866,1.7419669999999998,EGY,SYR,2530
630040,71,212,880,2014,106894.0,0.0,0.842147,2.45692,ESP,SYR,2530
630041,124,212,880,2014,139757.0,0.0,0.308677,1.7564490000000001,LBN,SYR,2530
630042,224,212,880,2014,46144.0,0.0,0.554761,2.385693,TUR,SYR,2530
630043,19,215,880,2014,0.0,1729.0,-0.342225,-0.618789,BEN,TGO,2530
630044,21,215,880,2014,0.0,14746.0,-0.922401,-0.9554379999999999,BFA,TGO,2530
630045,71,215,880,2014,16502.0,0.0,0.842147,2.45692,ESP,TGO,2530
630046,77,215,880,2014,28775.0,0.0,1.4817790000000002,0.30995,FRA,TGO,2530
630047,104,215,880,2014,2271.0,0.0,0.262042,2.6305080000000003,IND,TGO,2530
630048,249,220,880,2014,7743.0,0.0,1.9044189999999999,1.0595139999999998,TWN,TLS,2530
630049,15,223,880,2014,0.0,2611.0,1.7116790000000002,-0.140232,AUT,TUN,2530
630050,18,223,880,2014,4041.0,0.0,1.234156,1.226441,BEL,TUN,2530
630051,39,223,880,2014,0.0,31108.0,0.671395,1.024683,CAN,TUN,2530
630052,43,223,880,2014,1992.0,0.0,1.187557,1.222085,CHN,TUN,2530
630053,61,223,880,2014,0.0,34560.0,2.052849,-2.888805,DEU,TUN,2530
630054,68,223,880,2014,27242.0,0.0,-0.086866,1.7419669999999998,EGY,TUN,2530
630055,71,223,880,2014,351381.0,0.0,0.842147,2.45692,ESP,TUN,2530
630056,74,223,880,2014,1173.0,0.0,1.626355,1.002923,FIN,TUN,2530
630057,77,223,880,2014,37916.0,0.0,1.4817790000000002,0.30995,FRA,TUN,2530
630058,81,223,880,2014,0.0,1383.0,1.697964,0.585372,GBR,TUN,2530
630059,90,223,880,2014,18127.0,0.0,0.149337,0.8560540000000001,GRC,TUN,2530
630060,104,223,880,2014,16099.0,0.0,0.262042,2.6305080000000003,IND,TUN,2530
630061,106,223,880,2014,0.0,46119.0,1.2658399999999999,0.278546,IRL,TUN,2530
630062,111,223,880,2014,1212817.0,0.0,1.340136,0.43931099999999995,ITA,TUN,2530
630063,134,223,880,2014,0.0,78588.0,-0.574034,0.065788,MAR,TUN,2530
630064,162,223,880,2014,13916.0,0.0,1.179325,1.355071,NLD,TUN,2530
630065,224,223,880,2014,108438.0,0.0,0.554761,2.385693,TUR,TUN,2530
630066,231,223,880,2014,16271.0,0.0,1.61227,0.068905,USA,TUN,2530
630067,14,226,880,2014,14043.0,0.0,-0.398273,-0.17128,AUS,TZA,2530
630068,49,226,880,2014,205359.0,0.0,0.19864500000000002,-0.378364,COL,TZA,2530
630069,77,226,880,2014,0.0,2733.0,1.4817790000000002,0.30995,FRA,TZA,2530
630070,81,226,880,2014,1863.0,81702.0,1.697964,0.585372,GBR,TZA,2530
630071,97,226,880,2014,0.0,6675.0,0.812132,1.722493,HKG,TZA,2530
630072,104,226,880,2014,35406.0,0.0,0.262042,2.6305080000000003,IND,TZA,2530
630073,111,226,880,2014,6665.0,0.0,1.340136,0.43931099999999995,ITA,TZA,2530
630074,163,226,880,2014,0.0,79047.0,0.9187049999999999,0.182685,NOR,TZA,2530
630075,187,226,880,2014,967.0,2599.0,-0.5692659999999999,-0.447859,RWA,TZA,2530
630076,224,226,880,2014,9087.0,0.0,0.554761,2.385693,TUR,TZA,2530
630077,231,226,880,2014,32011.0,5467.0,1.61227,0.068905,USA,TZA,2530
630078,246,226,880,2014,29900.0,0.0,0.282927,1.723214,ZAF,TZA,2530
630079,14,227,880,2014,0.0,27027.0,-0.398273,-0.17128,AUS,UGA,2530
630080,18,227,880,2014,0.0,113575.0,1.234156,1.226441,BEL,UGA,2530
630081,41,227,880,2014,6225.0,0.0,2.2000919999999997,0.65398,CHE,UGA,2530
630082,43,227,880,2014,6106.0,7372.0,1.187557,1.222085,CHN,UGA,2530
630083,59,227,880,2014,4144.0,0.0,1.8105830000000003,0.131131,CZE,UGA,2530
630084,61,227,880,2014,0.0,10607.0,2.052849,-2.888805,DEU,UGA,2530
630085,71,227,880,2014,0.0,234704.0,0.842147,2.45692,ESP,UGA,2530
630086,77,227,880,2014,0.0,107533.0,1.4817790000000002,0.30995,FRA,UGA,2530
630087,81,227,880,2014,0.0,859.0,1.697964,0.585372,GBR,UGA,2530
630088,104,227,880,2014,19426.0,0.0,0.262042,2.6305080000000003,IND,UGA,2530
630089,114,227,880,2014,0.0,33077.0,2.403165,-0.635024,JPN,UGA,2530
630090,116,227,880,2014,3228.0,0.0,-0.487058,0.307288,KEN,UGA,2530
630091,162,227,880,2014,0.0,7017.0,1.179325,1.355071,NLD,UGA,2530
630092,177,227,880,2014,0.0,41206.0,1.133102,1.177165,POL,UGA,2530
630093,186,227,880,2014,0.0,7164.0,0.229422,-0.214856,RUS,UGA,2530
630094,187,227,880,2014,12471.0,3933.0,-0.5692659999999999,-0.447859,RWA,UGA,2530
630095,207,227,880,2014,0.0,54474.0,1.6558669999999998,0.6814399999999999,SVN,UGA,2530
630096,228,227,880,2014,0.0,24260.0,0.566535,0.832267,UKR,UGA,2530
630097,231,227,880,2014,0.0,1434.0,1.61227,0.068905,USA,UGA,2530
630098,81,234,880,2014,9049.0,0.0,1.697964,0.585372,GBR,VCT,2530
630099,231,237,880,2014,40800.0,0.0,1.61227,0.068905,USA,VGB,2530
630100,14,239,880,2014,119475.0,3812.0,-0.398273,-0.17128,AUS,VNM,2530
630101,15,239,880,2014,36935.0,0.0,1.7116790000000002,-0.140232,AUT,VNM,2530
630102,18,239,880,2014,22074.0,0.0,1.234156,1.226441,BEL,VNM,2530
630103,22,239,880,2014,0.0,232557.0,-1.0341879999999999,-0.9614870000000001,BGD,VNM,2530
630104,39,239,880,2014,0.0,1065.0,0.671395,1.024683,CAN,VNM,2530
630105,41,239,880,2014,6643.0,0.0,2.2000919999999997,0.65398,CHE,VNM,2530
630106,43,239,880,2014,2677083.0,21453332.0,1.187557,1.222085,CHN,VNM,2530
630107,59,239,880,2014,40459.0,0.0,1.8105830000000003,0.131131,CZE,VNM,2530
630108,61,239,880,2014,2436.0,98925.0,2.052849,-2.888805,DEU,VNM,2530
630109,71,239,880,2014,311252.0,0.0,0.842147,2.45692,ESP,VNM,2530
630110,81,239,880,2014,54280.0,0.0,1.697964,0.585372,GBR,VNM,2530
630111,97,239,880,2014,156853.0,9337.0,0.812132,1.722493,HKG,VNM,2530
630112,103,239,880,2014,1648331.0,73735.0,-0.088032,1.3966459999999998,IDN,VNM,2530
630113,104,239,880,2014,15350.0,3717853.0,0.262042,2.6305080000000003,IND,VNM,2530
630114,111,239,880,2014,125806.0,0.0,1.340136,0.43931099999999995,ITA,VNM,2530
630115,114,239,880,2014,108888.0,2796521.0,2.403165,-0.635024,JPN,VNM,2530
630116,121,239,880,2014,641072.0,1216787.0,1.817145,0.8394530000000001,KOR,VNM,2530
630117,136,239,880,2014,0.0,13896.0,-1.002122,-0.44446,MDG,VNM,2530
630118,143,239,880,2014,0.0,9429.0,-1.5332459999999999,-1.145973,MMR,VNM,2530
630119,151,239,880,2014,0.0,2354.0,-0.029891,-0.12431099999999999,MUS,VNM,2530
630120,153,239,880,2014,1671589.0,615952.0,1.018138,0.774649,MYS,VNM,2530
630121,156,239,880,2014,0.0,10340.0,-0.509789,-0.767484,NCL,VNM,2530
630122,162,239,880,2014,6879.0,0.0,1.179325,1.355071,NLD,VNM,2530
630123,164,239,880,2014,0.0,2779.0,-0.11988199999999999,0.655883,NPL,VNM,2530
630124,168,239,880,2014,0.0,131790.0,-0.672924,0.566787,PAK,VNM,2530
630125,174,239,880,2014,16590.0,2403.0,0.637442,0.475883,PHL,VNM,2530
630126,192,239,880,2014,115936.0,0.0,1.867492,0.626736,SGP,VNM,2530
630127,206,239,880,2014,19458.0,0.0,1.334959,0.821253,SVK,VNM,2530
630128,216,239,880,2014,1176118.0,13459.0,0.977094,1.41283,THA,VNM,2530
630129,224,239,880,2014,40926.0,0.0,0.554761,2.385693,TUR,VNM,2530
630130,231,239,880,2014,1067402.0,0.0,1.61227,0.068905,USA,VNM,2530
630131,246,239,880,2014,133273.0,0.0,0.282927,1.723214,ZAF,VNM,2530
630132,249,239,880,2014,2164826.0,468436.0,1.9044189999999999,1.0595139999999998,TWN,VNM,2530
630133,250,239,880,2014,13383.0,2444.0,0.506842,0.049545,ANS,VNM,2530
630134,14,242,880,2014,3006.0,0.0,-0.398273,-0.17128,AUS,WSM,2530
630135,75,242,880,2014,1004.0,0.0,-0.306346,-0.07688500000000001,FJI,WSM,2530
630136,166,242,880,2014,11536.0,0.0,0.272502,0.21628699999999998,NZL,WSM,2530
630137,7,247,880,2014,0.0,76577.0,0.087775,-0.289459,ARE,ZMB,2530
630138,14,247,880,2014,12149.0,0.0,-0.398273,-0.17128,AUS,ZMB,2530
630139,43,247,880,2014,2939.0,8721.0,1.187557,1.222085,CHN,ZMB,2530
630140,81,247,880,2014,1402.0,2020.0,1.697964,0.585372,GBR,ZMB,2530
630141,97,247,880,2014,0.0,12472.0,0.812132,1.722493,HKG,ZMB,2530
630142,104,247,880,2014,12913.0,321362.0,0.262042,2.6305080000000003,IND,ZMB,2530
630143,110,247,880,2014,3164.0,0.0,1.211141,0.64523,ISR,ZMB,2530
630144,111,247,880,2014,0.0,10949.0,1.340136,0.43931099999999995,ITA,ZMB,2530
630145,209,247,880,2014,0.0,637.0,0.22972199999999998,-0.365564,SWZ,ZMB,2530
630146,216,247,880,2014,0.0,9020.0,0.977094,1.41283,THA,ZMB,2530
630147,231,247,880,2014,0.0,2446.0,1.61227,0.068905,USA,ZMB,2530
630148,246,247,880,2014,52865.0,2524.0,0.282927,1.723214,ZAF,ZMB,2530
630149,248,247,880,2014,6008.0,0.0,-0.821369,-0.864232,ZWE,ZMB,2530
630150,7,248,880,2014,0.0,122538.0,0.087775,-0.289459,ARE,ZWE,2530
630151,14,248,880,2014,0.0,42121.0,-0.398273,-0.17128,AUS,ZWE,2530
630152,18,248,880,2014,0.0,926618.0,1.234156,1.226441,BEL,ZWE,2530
630153,39,248,880,2014,0.0,492763.0,0.671395,1.024683,CAN,ZWE,2530
630154,41,248,880,2014,0.0,1546.0,2.2000919999999997,0.65398,CHE,ZWE,2530
630155,59,248,880,2014,0.0,1927.0,1.8105830000000003,0.131131,CZE,ZWE,2530
630156,61,248,880,2014,0.0,4024117.0,2.052849,-2.888805,DEU,ZWE,2530
630157,71,248,880,2014,0.0,751874.0,0.842147,2.45692,ESP,ZWE,2530
630158,90,248,880,2014,0.0,13894.0,0.149337,0.8560540000000001,GRC,ZWE,2530
630159,97,248,880,2014,0.0,15218.0,0.812132,1.722493,HKG,ZWE,2530
630160,114,248,880,2014,0.0,1970855.0,2.403165,-0.635024,JPN,ZWE,2530
630161,121,248,880,2014,0.0,286351.0,1.817145,0.8394530000000001,KOR,ZWE,2530
630162,147,248,880,2014,0.0,1630753.0,-1.1993610000000001,-1.040181,MOZ,ZWE,2530
630163,153,248,880,2014,0.0,113841.0,1.018138,0.774649,MYS,ZWE,2530
630164,186,248,880,2014,0.0,285558.0,0.229422,-0.214856,RUS,ZWE,2530
630165,207,248,880,2014,0.0,1283295.0,1.6558669999999998,0.6814399999999999,SVN,ZWE,2530
630166,216,248,880,2014,0.0,7297.0,0.977094,1.41283,THA,ZWE,2530
630167,224,248,880,2014,0.0,606088.0,0.554761,2.385693,TUR,ZWE,2530
630168,231,248,880,2014,0.0,243577.0,1.61227,0.068905,USA,ZWE,2530
630169,246,248,880,2014,25189.0,1816847.0,0.282927,1.723214,ZAF,ZWE,2530
630170,247,248,880,2014,0.0,6008.0,-0.664089,-0.793452,ZMB,ZWE,2530
630171,249,248,880,2014,0.0,249679.0,1.9044189999999999,1.0595139999999998,TWN,ZWE,2530
630172,222,96,880,2014,9148.0,0.0,-0.57362,-1.117545,TTO,GUY,2530
630173,231,96,880,2014,22093.0,0.0,1.61227,0.068905,USA,GUY,2530
630174,231,127,880,2014,2176.0,0.0,1.61227,0.068905,USA,LCA,2530
630175,18,2,880,2014,1359.0,0.0,1.234156,1.226441,BEL,AGO,2530
630176,42,2,880,2014,3859.0,0.0,-0.344671,-0.43380799999999997,CHL,AGO,2530
630177,43,2,880,2014,161900.0,0.0,1.187557,1.222085,CHN,AGO,2530
630178,77,2,880,2014,0.0,4690.0,1.4817790000000002,0.30995,FRA,AGO,2530
630179,81,2,880,2014,0.0,59420.0,1.697964,0.585372,GBR,AGO,2530
630180,97,2,880,2014,14691.0,0.0,0.812132,1.722493,HKG,AGO,2530
630181,111,2,880,2014,5064.0,0.0,1.340136,0.43931099999999995,ITA,AGO,2530
630182,134,2,880,2014,814.0,0.0,-0.574034,0.065788,MAR,AGO,2530
630183,142,2,880,2014,868.0,0.0,0.817013,0.0016309999999999999,MLT,AGO,2530
630184,179,2,880,2014,211432.0,0.0,0.621053,2.349644,PRT,AGO,2530
630185,224,2,880,2014,9905.0,0.0,0.554761,2.385693,TUR,AGO,2530
630186,231,2,880,2014,134632.0,76792.0,1.61227,0.068905,USA,AGO,2530
630187,246,2,880,2014,10651.0,0.0,0.282927,1.723214,ZAF,AGO,2530
630188,39,57,880,2014,0.0,1595.0,0.671395,1.024683,CAN,CYM,2530
630189,231,57,880,2014,106779.0,0.0,1.61227,0.068905,USA,CYM,2530
630190,28,135,880,2014,1651.0,0.0,0.874108,0.676231,BLR,MDA,2530
630191,39,135,880,2014,0.0,1156.0,0.671395,1.024683,CAN,MDA,2530
630192,43,135,880,2014,0.0,26855.0,1.187557,1.222085,CHN,MDA,2530
630193,61,135,880,2014,2671.0,0.0,2.052849,-2.888805,DEU,MDA,2530
630194,72,135,880,2014,720.0,0.0,0.9147780000000001,1.151556,EST,MDA,2530
630195,74,135,880,2014,715.0,0.0,1.626355,1.002923,FIN,MDA,2530
630196,111,135,880,2014,1962.0,0.0,1.340136,0.43931099999999995,ITA,MDA,2530
630197,177,135,880,2014,51154.0,0.0,1.133102,1.177165,POL,MDA,2530
630198,185,135,880,2014,9536.0,0.0,0.9112,1.188161,ROU,MDA,2530
630199,186,135,880,2014,55954.0,0.0,0.229422,-0.214856,RUS,MDA,2530
630200,224,135,880,2014,70360.0,0.0,0.554761,2.385693,TUR,MDA,2530
630201,228,135,880,2014,9276.0,0.0,0.566535,0.832267,UKR,MDA,2530
630202,26,144,880,2014,6401.0,0.0,0.5083300000000001,0.711704,BIH,MNE,2530
630203,41,144,880,2014,2506.0,0.0,2.2000919999999997,0.65398,CHE,MNE,2530
630204,61,144,880,2014,1515.0,0.0,2.052849,-2.888805,DEU,MNE,2530
630205,90,144,880,2014,4881.0,0.0,0.149337,0.8560540000000001,GRC,MNE,2530
630206,111,144,880,2014,7382.0,0.0,1.340136,0.43931099999999995,ITA,MNE,2530
630207,201,144,880,2014,15388.0,0.0,0.551635,1.211535,SRB,MNE,2530
630208,207,144,880,2014,12712.0,3693.0,1.6558669999999998,0.6814399999999999,SVN,MNE,2530
630209,43,145,880,2014,14269.0,3748.0,1.187557,1.222085,CHN,MNG,2530
630210,71,145,880,2014,4308.0,0.0,0.842147,2.45692,ESP,MNG,2530
630211,104,145,880,2014,0.0,25850.0,0.262042,2.6305080000000003,IND,MNG,2530
630212,114,145,880,2014,2586.0,3422.0,2.403165,-0.635024,JPN,MNG,2530
630213,121,145,880,2014,5230.0,0.0,1.817145,0.8394530000000001,KOR,MNG,2530
630214,186,145,880,2014,30909.0,0.0,0.229422,-0.214856,RUS,MNG,2530
630215,49,196,880,2014,59515.0,0.0,0.19864500000000002,-0.378364,COL,SLE,2530
630216,81,196,880,2014,0.0,3598.0,1.697964,0.585372,GBR,SLE,2530
630217,125,196,880,2014,0.0,1338.0,-1.016828,-1.107983,LBR,SLE,2530
630218,162,196,880,2014,9639.0,0.0,1.179325,1.355071,NLD,SLE,2530
630219,43,217,880,2014,5900.0,0.0,1.187557,1.222085,CHN,TJK,2530
630220,107,217,880,2014,16771.0,0.0,-0.361058,-0.312743,IRN,TJK,2530
630221,61,219,880,2014,1240.0,1773.0,2.052849,-2.888805,DEU,TKM,2530
630222,107,219,880,2014,12341.0,0.0,-0.361058,-0.312743,IRN,TKM,2530
630223,224,219,880,2014,27981.0,5428.0,0.554761,2.385693,TUR,TKM,2530
630224,168,50,880,2014,19237.0,0.0,-0.672924,0.566787,PAK,COM,2530
630225,14,75,880,2014,2685.0,0.0,-0.398273,-0.17128,AUS,FJI,2530
630226,61,75,880,2014,0.0,10309.0,2.052849,-2.888805,DEU,FJI,2530
630227,81,75,880,2014,0.0,4516.0,1.697964,0.585372,GBR,FJI,2530
630228,104,75,880,2014,2907.0,0.0,0.262042,2.6305080000000003,IND,FJI,2530
630229,119,75,880,2014,0.0,1039.0,0.708907,-0.540813,KIR,FJI,2530
630230,166,75,880,2014,51072.0,0.0,0.272502,0.21628699999999998,NZL,FJI,2530
630231,192,75,880,2014,14396.0,0.0,1.867492,0.626736,SGP,FJI,2530
630232,231,75,880,2014,0.0,2338.0,1.61227,0.068905,USA,FJI,2530
630233,242,75,880,2014,0.0,1004.0,0.602344,-0.051224,WSM,FJI,2530
630234,95,175,880,2014,2824.0,0.0,0.6368119999999999,-0.01771,GUM,PLW,2530
630235,114,175,880,2014,0.0,22014.0,2.403165,-0.635024,JPN,PLW,2530
630236,249,175,880,2014,2841.0,0.0,1.9044189999999999,1.0595139999999998,TWN,PLW,2530
630237,162,0,880,2014,5395.0,0.0,1.179325,1.355071,NLD,ABW,2530
630238,231,0,880,2014,45267.0,0.0,1.61227,0.068905,USA,ABW,2530
630239,250,0,880,2014,1389.0,0.0,0.506842,0.049545,ANS,ABW,2530
630240,7,1,880,2014,16744.0,0.0,0.087775,-0.289459,ARE,AFG,2530
630241,39,1,880,2014,0.0,2012.0,0.671395,1.024683,CAN,AFG,2530
630242,107,1,880,2014,31726.0,0.0,-0.361058,-0.312743,IRN,AFG,2530
630243,168,1,880,2014,45363.0,0.0,-0.672924,0.566787,PAK,AFG,2530
630244,71,5,880,2014,16648.0,656.0,0.842147,2.45692,ESP,AND,2530
630245,77,5,880,2014,15767.0,0.0,1.4817790000000002,0.30995,FRA,AND,2530
630246,162,17,880,2014,13282.0,0.0,1.179325,1.355071,NLD,BDI,2530
630247,187,17,880,2014,7174.0,0.0,-0.5692659999999999,-0.447859,RWA,BDI,2530
630248,33,30,880,2014,3155.0,0.0,0.44968400000000003,-0.15268900000000002,BRB,BMU,2530
630249,231,30,880,2014,132141.0,0.0,1.61227,0.068905,USA,BMU,2530
630250,81,34,880,2014,9841.0,1091.0,1.697964,0.585372,GBR,BRN,2530
630251,103,34,880,2014,21652.0,0.0,-0.088032,1.3966459999999998,IDN,BRN,2530
630252,121,34,880,2014,89884.0,0.0,1.817145,0.8394530000000001,KOR,BRN,2530
630253,153,34,880,2014,4157.0,0.0,1.018138,0.774649,MYS,BRN,2530
630254,162,34,880,2014,739.0,0.0,1.179325,1.355071,NLD,BRN,2530
630255,224,34,880,2014,27194.0,0.0,0.554761,2.385693,TUR,BRN,2530
630256,43,63,880,2014,0.0,3815.0,1.187557,1.222085,CHN,DMA,2530
630257,205,63,880,2014,0.0,274731.0,-0.6333989999999999,-0.857643,SUR,DMA,2530
630258,14,69,880,2014,114600.0,0.0,-0.398273,-0.17128,AUS,ERI,2530
630259,43,69,880,2014,0.0,1884.0,1.187557,1.222085,CHN,ERI,2530
630260,64,78,880,2014,19549.0,0.0,1.10869,1.245193,DNK,FRO,2530
630261,39,101,880,2014,0.0,1428.0,0.671395,1.024683,CAN,HTI,2530
630262,231,101,880,2014,63212.0,0.0,1.61227,0.068905,USA,HTI,2530
630263,75,119,880,2014,1039.0,0.0,-0.306346,-0.07688500000000001,FJI,KIR,2530
630264,246,129,880,2014,148936.0,0.0,0.282927,1.723214,ZAF,LSO,2530
630265,14,137,880,2014,2961.0,0.0,-0.398273,-0.17128,AUS,MDV,2530
630266,153,137,880,2014,2112.0,0.0,1.018138,0.774649,MYS,MDV,2530
630267,43,143,880,2014,1780220.0,8555673.0,1.187557,1.222085,CHN,MMR,2530
630268,59,143,880,2014,17009.0,0.0,1.8105830000000003,0.131131,CZE,MMR,2530
630269,104,143,880,2014,3619.0,0.0,0.262042,2.6305080000000003,IND,MMR,2530
630270,114,143,880,2014,2243.0,0.0,2.403165,-0.635024,JPN,MMR,2530
630271,121,143,880,2014,0.0,90074.0,1.817145,0.8394530000000001,KOR,MMR,2530
630272,174,143,880,2014,0.0,1184.0,0.637442,0.475883,PHL,MMR,2530
630273,192,143,880,2014,9367.0,0.0,1.867492,0.626736,SGP,MMR,2530
630274,216,143,880,2014,146126.0,9236.0,0.977094,1.41283,THA,MMR,2530
630275,231,143,880,2014,0.0,7996.0,1.61227,0.068905,USA,MMR,2530
630276,239,143,880,2014,9429.0,0.0,-0.023765,1.344416,VNM,MMR,2530
630277,249,143,880,2014,1972.0,9060.0,1.9044189999999999,1.0595139999999998,TWN,MMR,2530
630278,14,152,880,2014,1349.0,0.0,-0.398273,-0.17128,AUS,MWI,2530
630279,43,152,880,2014,1493.0,0.0,1.187557,1.222085,CHN,MWI,2530
630280,246,152,880,2014,0.0,3384.0,0.282927,1.723214,ZAF,MWI,2530
630281,14,156,880,2014,49305.0,2444.0,-0.398273,-0.17128,AUS,NCL,2530
630282,18,156,880,2014,7466.0,15937.0,1.234156,1.226441,BEL,NCL,2530
630283,43,156,880,2014,15304.0,0.0,1.187557,1.222085,CHN,NCL,2530
630284,77,156,880,2014,572860.0,6746.0,1.4817790000000002,0.30995,FRA,NCL,2530
630285,111,156,880,2014,799.0,0.0,1.340136,0.43931099999999995,ITA,NCL,2530
630286,162,156,880,2014,15507.0,0.0,1.179325,1.355071,NLD,NCL,2530
630287,166,156,880,2014,21753.0,0.0,0.272502,0.21628699999999998,NZL,NCL,2530
630288,231,156,880,2014,10030.0,0.0,1.61227,0.068905,USA,NCL,2530
630289,239,156,880,2014,10340.0,0.0,-0.023765,1.344416,VNM,NCL,2530
630290,241,156,880,2014,0.0,1210.0,1.0165819999999999,-0.481415,WLF,NCL,2530
630291,43,157,880,2014,0.0,632.0,1.187557,1.222085,CHN,NER,2530
630292,77,157,880,2014,4030.0,1898976.0,1.4817790000000002,0.30995,FRA,NER,2530
630293,159,157,880,2014,1009861.0,0.0,-1.2126430000000001,-1.059697,NGA,NER,2530
630294,14,176,880,2014,335851.0,19325.0,-0.398273,-0.17128,AUS,PNG,2530
630295,153,176,880,2014,3203.0,0.0,1.018138,0.774649,MYS,PNG,2530
630296,17,187,880,2014,0.0,7174.0,-0.242256,-0.8567879999999999,BDI,RWA,2530
630297,97,187,880,2014,0.0,8056.0,0.812132,1.722493,HKG,RWA,2530
630298,104,187,880,2014,0.0,10254.0,0.262042,2.6305080000000003,IND,RWA,2530
630299,116,187,880,2014,52830.0,19420.0,-0.487058,0.307288,KEN,RWA,2530
630300,216,187,880,2014,0.0,13126.0,0.977094,1.41283,THA,RWA,2530
630301,226,187,880,2014,2599.0,967.0,-1.054331,0.166345,TZA,RWA,2530
630302,227,187,880,2014,3933.0,12471.0,-0.46911800000000003,0.25446599999999997,UGA,RWA,2530
630303,104,199,880,2014,0.0,13037.0,0.262042,2.6305080000000003,IND,SOM,2530
630304,111,199,880,2014,14604.0,0.0,1.340136,0.43931099999999995,ITA,SOM,2530
630305,28,232,880,2014,0.0,27756.0,0.874108,0.676231,BLR,UZB,2530
630306,41,232,880,2014,0.0,13360.0,2.2000919999999997,0.65398,CHE,UZB,2530
630307,43,232,880,2014,121213.0,0.0,1.187557,1.222085,CHN,UZB,2530
630308,61,232,880,2014,0.0,30434.0,2.052849,-2.888805,DEU,UZB,2530
630309,115,232,880,2014,0.0,7225.0,-0.210431,-0.574075,KAZ,UZB,2530
630310,186,232,880,2014,4351856.0,329155.0,0.229422,-0.214856,RUS,UZB,2530
630311,224,232,880,2014,53512.0,0.0,0.554761,2.385693,TUR,UZB,2530
630312,228,232,880,2014,8757.0,12348.0,0.566535,0.832267,UKR,UZB,2530
630313,43,240,880,2014,1634.0,0.0,1.187557,1.222085,CHN,VUT,2530
630314,231,91,880,2014,239744.0,0.0,1.61227,0.068905,USA,GRD,2530
630315,18,182,880,2014,2968.0,0.0,1.234156,1.226441,BEL,PYF,2530
630316,77,182,880,2014,27215.0,0.0,1.4817790000000002,0.30995,FRA,PYF,2530
630317,162,182,880,2014,5427.0,0.0,1.179325,1.355071,NLD,PYF,2530
630318,166,182,880,2014,127246.0,0.0,0.272502,0.21628699999999998,NZL,PYF,2530
630319,231,182,880,2014,15248.0,0.0,1.61227,0.068905,USA,PYF,2530
630320,166,48,880,2014,20181.0,0.0,0.272502,0.21628699999999998,NZL,COK,2530
630321,43,79,880,2014,15653.0,0.0,1.187557,1.222085,CHN,FSM,2530
630322,61,92,880,2014,0.0,27264.0,2.052849,-2.888805,DEU,GRL,2530
630323,64,92,880,2014,14119.0,2645.0,1.10869,1.245193,DNK,GRL,2530
630324,175,95,880,2014,0.0,2824.0,0.38879600000000003,-0.532062,PLW,GUM,2530
630325,249,95,880,2014,8514.0,0.0,1.9044189999999999,1.0595139999999998,TWN,GUM,2530
630326,166,161,880,2014,1369.0,0.0,0.272502,0.21628699999999998,NZL,NIU,2530
630327,231,213,880,2014,27978.0,0.0,1.61227,0.068905,USA,TCA,2530
630328,77,241,880,2014,3181.0,0.0,1.4817790000000002,0.30995,FRA,WLF,2530
630329,156,241,880,2014,1210.0,0.0,-0.509789,-0.767484,NCL,WLF,2530
630330,231,210,880,2014,49844.0,0.0,1.61227,0.068905,USA,SXM,2530
630331,231,3,880,2014,27814.0,0.0,1.61227,0.068905,USA,AIA,2530
630332,162,20,880,2014,1430.0,0.0,1.179325,1.355071,NLD,BES,2530
630333,39,200,880,2014,4412.0,0.0,0.671395,1.024683,CAN,SPM,2530
630334,1,7,886,2014,0.0,21596.0,-0.924386,-0.839385,AFG,ARE,2606
630335,24,7,886,2014,46469.0,0.0,0.460168,-0.41671099999999994,BHR,ARE,2606
630336,32,7,886,2014,4545584.0,0.0,0.218223,0.556921,BRA,ARE,2606
630337,43,7,886,2014,440769.0,0.0,1.187557,1.222085,CHN,ARE,2606
630338,64,7,886,2014,137952.0,0.0,1.10869,1.245193,DNK,ARE,2606
630339,71,7,886,2014,131572.0,0.0,0.842147,2.45692,ESP,ARE,2606
630340,73,7,886,2014,0.0,12239.0,-1.296535,-1.045942,ETH,ARE,2606
630341,81,7,886,2014,3420.0,0.0,1.697964,0.585372,GBR,ARE,2606
630342,104,7,886,2014,869154.0,5030.0,0.262042,2.6305080000000003,IND,ARE,2606
630343,107,7,886,2014,0.0,488988.0,-0.361058,-0.312743,IRN,ARE,2606
630344,108,7,886,2014,0.0,1117.0,-2.9169,-0.882023,IRQ,ARE,2606
630345,121,7,886,2014,49330.0,0.0,1.817145,0.8394530000000001,KOR,ARE,2606
630346,159,7,886,2014,195091.0,0.0,-1.2126430000000001,-1.059697,NGA,ARE,2606
630347,162,7,886,2014,30865.0,0.0,1.179325,1.355071,NLD,ARE,2606
630348,167,7,886,2014,0.0,2753314.0,-0.505129,-1.0051370000000002,OMN,ARE,2606
630349,183,7,886,2014,3208.0,0.0,-0.37535599999999997,-1.0196370000000001,QAT,ARE,2606
630350,212,7,886,2014,10403.0,0.0,-0.366224,0.9054719999999999,SYR,ARE,2606
630351,231,7,886,2014,554889.0,4371.0,1.61227,0.068905,USA,ARE,2606
630352,246,7,886,2014,0.0,8767.0,0.282927,1.723214,ZAF,ARE,2606
630353,250,7,886,2014,32787.0,0.0,0.506842,0.049545,ANS,ARE,2606
630354,32,8,886,2014,21410514.0,39451.0,0.218223,0.556921,BRA,ARG,2606
630355,43,8,886,2014,40090888.0,0.0,1.187557,1.222085,CHN,ARG,2606
630356,162,8,886,2014,8321.0,0.0,1.179325,1.355071,NLD,ARG,2606
630357,14,15,886,2014,24866.0,0.0,-0.398273,-0.17128,AUS,AUT,2606
630358,18,15,886,2014,73429.0,0.0,1.234156,1.226441,BEL,AUT,2606
630359,41,15,886,2014,5386.0,0.0,2.2000919999999997,0.65398,CHE,AUT,2606
630360,43,15,886,2014,140226.0,0.0,1.187557,1.222085,CHN,AUT,2606
630361,61,15,886,2014,833538.0,242963.0,2.052849,-2.888805,DEU,AUT,2606
630362,90,15,886,2014,160191.0,0.0,0.149337,0.8560540000000001,GRC,AUT,2606
630363,96,15,886,2014,557862.0,0.0,-1.068777,-1.038227,GUY,AUT,2606
630364,102,15,886,2014,14036.0,5342.0,1.477093,0.812869,HUN,AUT,2606
630365,104,15,886,2014,571295.0,0.0,0.262042,2.6305080000000003,IND,AUT,2606
630366,111,15,886,2014,0.0,3583.0,1.340136,0.43931099999999995,ITA,AUT,2606
630367,131,15,886,2014,1599335.0,0.0,1.243845,1.155474,LUX,AUT,2606
630368,162,15,886,2014,33165.0,5017.0,1.179325,1.355071,NLD,AUT,2606
630369,206,15,886,2014,0.0,87335.0,1.334959,0.821253,SVK,AUT,2606
630370,207,15,886,2014,61410.0,0.0,1.6558669999999998,0.6814399999999999,SVN,AUT,2606
630371,231,15,886,2014,44444.0,0.0,1.61227,0.068905,USA,AUT,2606
630372,15,18,886,2014,0.0,73429.0,1.7116790000000002,-0.140232,AUT,BEL,2606
630373,26,18,886,2014,0.0,15629.0,0.5083300000000001,0.711704,BIH,BEL,2606
630374,32,18,886,2014,1223.0,0.0,0.218223,0.556921,BRA,BEL,2606
630375,43,18,886,2014,11959412.0,0.0,1.187557,1.222085,CHN,BEL,2606
630376,59,18,886,2014,0.0,304747.0,1.8105830000000003,0.131131,CZE,BEL,2606
630377,61,18,886,2014,41946.0,4101130.0,2.052849,-2.888805,DEU,BEL,2606
630378,64,18,886,2014,0.0,32867.0,1.10869,1.245193,DNK,BEL,2606
630379,71,18,886,2014,0.0,58554.0,0.842147,2.45692,ESP,BEL,2606
630380,77,18,886,2014,7609.0,3489183.0,1.4817790000000002,0.30995,FRA,BEL,2606
630381,81,18,886,2014,27694.0,187810.0,1.697964,0.585372,GBR,BEL,2606
630382,96,18,886,2014,188867.0,0.0,-1.068777,-1.038227,GUY,BEL,2606
630383,102,18,886,2014,0.0,139737.0,1.477093,0.812869,HUN,BEL,2606
630384,111,18,886,2014,10311.0,335713.0,1.340136,0.43931099999999995,ITA,BEL,2606
630385,114,18,886,2014,1240.0,0.0,2.403165,-0.635024,JPN,BEL,2606
630386,131,18,886,2014,109889.0,0.0,1.243845,1.155474,LUX,BEL,2606
630387,162,18,886,2014,133566.0,556613.0,1.179325,1.355071,NLD,BEL,2606
630388,163,18,886,2014,0.0,277776.0,0.9187049999999999,0.182685,NOR,BEL,2606
630389,177,18,886,2014,0.0,169683.0,1.133102,1.177165,POL,BEL,2606
630390,186,18,886,2014,0.0,232743.0,0.229422,-0.214856,RUS,BEL,2606
630391,207,18,886,2014,0.0,185703.0,1.6558669999999998,0.6814399999999999,SVN,BEL,2606
630392,208,18,886,2014,0.0,28445.0,1.817752,0.558474,SWE,BEL,2606
630393,224,18,886,2014,319189.0,0.0,0.554761,2.385693,TUR,BEL,2606
630394,228,18,886,2014,5061.0,0.0,0.566535,0.832267,UKR,BEL,2606
630395,231,18,886,2014,109989.0,36632.0,1.61227,0.068905,USA,BEL,2606
630396,246,18,886,2014,0.0,2861.0,0.282927,1.723214,ZAF,BEL,2606
630397,7,32,886,2014,0.0,4545584.0,0.087775,-0.289459,ARE,BRA,2606
630398,8,32,886,2014,39451.0,21410514.0,0.10691500000000001,0.44860600000000006,ARG,BRA,2606
630399,14,32,886,2014,0.0,3339.0,-0.398273,-0.17128,AUS,BRA,2606
630400,18,32,886,2014,0.0,1223.0,1.234156,1.226441,BEL,BRA,2606
630401,31,32,886,2014,0.0,37559.0,-1.129494,-1.030198,BOL,BRA,2606
630402,39,32,886,2014,2864.0,56736864.0,0.671395,1.024683,CAN,BRA,2606
630403,42,32,886,2014,0.0,47394.0,-0.344671,-0.43380799999999997,CHL,BRA,2606
630404,43,32,886,2014,1864051.0,24155504.0,1.187557,1.222085,CHN,BRA,2606
630405,49,32,886,2014,61786.0,46074.0,0.19864500000000002,-0.378364,COL,BRA,2606
630406,61,32,886,2014,1107.0,2814431.0,2.052849,-2.888805,DEU,BRA,2606
630407,64,32,886,2014,0.0,48573.0,1.10869,1.245193,DNK,BRA,2606
630408,67,32,886,2014,0.0,102119.0,-1.066865,-1.052921,ECU,BRA,2606
630409,71,32,886,2014,18160.0,0.0,0.842147,2.45692,ESP,BRA,2606
630410,74,32,886,2014,0.0,2439.0,1.626355,1.002923,FIN,BRA,2606
630411,77,32,886,2014,0.0,12496.0,1.4817790000000002,0.30995,FRA,BRA,2606
630412,81,32,886,2014,0.0,53542.0,1.697964,0.585372,GBR,BRA,2606
630413,90,32,886,2014,0.0,10786215.0,0.149337,0.8560540000000001,GRC,BRA,2606
630414,97,32,886,2014,32004.0,0.0,0.812132,1.722493,HKG,BRA,2606
630415,104,32,886,2014,43180.0,2366674.0,0.262042,2.6305080000000003,IND,BRA,2606
630416,106,32,886,2014,0.0,36055644.0,1.2658399999999999,0.278546,IRL,BRA,2606
630417,113,32,886,2014,0.0,68792.0,0.210208,0.48732299999999995,JOR,BRA,2606
630418,122,32,886,2014,0.0,483024.0,-0.769616,-1.10667,KWT,BRA,2606
630419,138,32,886,2014,0.0,4954.0,1.0799729999999998,0.697554,MEX,BRA,2606
630420,153,32,886,2014,0.0,4383.0,1.018138,0.774649,MYS,BRA,2606
630421,162,32,886,2014,0.0,16200.0,1.179325,1.355071,NLD,BRA,2606
630422,173,32,886,2014,0.0,24842.0,-0.557833,0.611826,PER,BRA,2606
630423,188,32,886,2014,0.0,255549.0,0.5758439999999999,-0.832692,SAU,BRA,2606
630424,223,32,886,2014,0.0,82345.0,0.343449,1.118007,TUN,BRA,2606
630425,228,32,886,2014,0.0,52453.0,0.566535,0.832267,UKR,BRA,2606
630426,230,32,886,2014,0.0,1205540.0,0.154034,-0.380899,URY,BRA,2606
630427,231,32,886,2014,7151.0,127372000.0,1.61227,0.068905,USA,BRA,2606
630428,246,32,886,2014,0.0,66998.0,0.282927,1.723214,ZAF,BRA,2606
630429,231,33,886,2014,1407.0,0.0,1.61227,0.068905,USA,BRB,2606
630430,14,39,886,2014,0.0,16407.0,-0.398273,-0.17128,AUS,CAN,2606
630431,32,39,886,2014,56736864.0,2864.0,0.218223,0.556921,BRA,CAN,2606
630432,43,39,886,2014,333972.0,0.0,1.187557,1.222085,CHN,CAN,2606
630433,65,39,886,2014,2040769.0,0.0,-0.180845,0.508512,DOM,CAN,2606
630434,85,39,886,2014,44519588.0,0.0,-1.628409,-1.202473,GIN,CAN,2606
630435,90,39,886,2014,2549799.0,0.0,0.149337,0.8560540000000001,GRC,CAN,2606
630436,96,39,886,2014,641221.0,0.0,-1.068777,-1.038227,GUY,CAN,2606
630437,224,39,886,2014,1895468.0,0.0,0.554761,2.385693,TUR,CAN,2606
630438,231,39,886,2014,1833096.0,10038.0,1.61227,0.068905,USA,CAN,2606
630439,15,41,886,2014,0.0,5386.0,1.7116790000000002,-0.140232,AUT,CHE,2606
630440,24,41,886,2014,0.0,16117429.0,0.460168,-0.41671099999999994,BHR,CHE,2606
630441,43,41,886,2014,39076.0,0.0,1.187557,1.222085,CHN,CHE,2606
630442,61,41,886,2014,43557.0,0.0,2.052849,-2.888805,DEU,CHE,2606
630443,64,41,886,2014,7496.0,0.0,1.10869,1.245193,DNK,CHE,2606
630444,77,41,886,2014,380272.0,0.0,1.4817790000000002,0.30995,FRA,CHE,2606
630445,111,41,886,2014,46713.0,0.0,1.340136,0.43931099999999995,ITA,CHE,2606
630446,246,41,886,2014,1093.0,0.0,0.282927,1.723214,ZAF,CHE,2606
630447,32,42,886,2014,47394.0,0.0,0.218223,0.556921,BRA,CHL,2606
630448,43,42,886,2014,155927.0,0.0,1.187557,1.222085,CHN,CHL,2606
630449,71,42,886,2014,2409.0,0.0,0.842147,2.45692,ESP,CHL,2606
630450,81,42,886,2014,24132.0,0.0,1.697964,0.585372,GBR,CHL,2606
630451,231,42,886,2014,52529.0,0.0,1.61227,0.068905,USA,CHL,2606
630452,7,43,886,2014,0.0,440769.0,0.087775,-0.289459,ARE,CHN,2606
630453,8,43,886,2014,0.0,40090888.0,0.10691500000000001,0.44860600000000006,ARG,CHN,2606
630454,14,43,886,2014,610954560.0,974298.0,-0.398273,-0.17128,AUS,CHN,2606
630455,15,43,886,2014,0.0,140226.0,1.7116790000000002,-0.140232,AUT,CHN,2606
630456,18,43,886,2014,0.0,11959412.0,1.234156,1.226441,BEL,CHN,2606
630457,22,43,886,2014,0.0,22800.0,-1.0341879999999999,-0.9614870000000001,BGD,CHN,2606
630458,32,43,886,2014,24155504.0,1864051.0,0.218223,0.556921,BRA,CHN,2606
630459,39,43,886,2014,0.0,333972.0,0.671395,1.024683,CAN,CHN,2606
630460,41,43,886,2014,0.0,39076.0,2.2000919999999997,0.65398,CHE,CHN,2606
630461,42,43,886,2014,0.0,155927.0,-0.344671,-0.43380799999999997,CHL,CHN,2606
630462,49,43,886,2014,0.0,1017917.0,0.19864500000000002,-0.378364,COL,CHN,2606
630463,59,43,886,2014,0.0,826056.0,1.8105830000000003,0.131131,CZE,CHN,2606
630464,61,43,886,2014,122490.0,28749142.0,2.052849,-2.888805,DEU,CHN,2606
630465,64,43,886,2014,0.0,615320.0,1.10869,1.245193,DNK,CHN,2606
630466,65,43,886,2014,70121248.0,0.0,-0.180845,0.508512,DOM,CHN,2606
630467,68,43,886,2014,0.0,3819494.0,-0.086866,1.7419669999999998,EGY,CHN,2606
630468,71,43,886,2014,530478.0,5155396.0,0.842147,2.45692,ESP,CHN,2606
630469,74,43,886,2014,0.0,838601.0,1.626355,1.002923,FIN,CHN,2606
630470,75,43,886,2014,8414374.0,0.0,-0.306346,-0.07688500000000001,FJI,CHN,2606
630471,77,43,886,2014,0.0,5398276.0,1.4817790000000002,0.30995,FRA,CHN,2606
630472,81,43,886,2014,23159.0,6258902.0,1.697964,0.585372,GBR,CHN,2606
630473,83,43,886,2014,57597424.0,0.0,-1.130226,-0.9909379999999999,GHA,CHN,2606
630474,85,43,886,2014,9488810.0,0.0,-1.628409,-1.202473,GIN,CHN,2606
630475,90,43,886,2014,0.0,950842.0,0.149337,0.8560540000000001,GRC,CHN,2606
630476,93,43,886,2014,0.0,31533.0,-0.36547199999999996,0.548894,GTM,CHN,2606
630477,96,43,886,2014,1478060.0,0.0,-1.068777,-1.038227,GUY,CHN,2606
630478,100,43,886,2014,0.0,6285331.0,0.804401,1.250807,HRV,CHN,2606
630479,103,43,886,2014,195178048.0,15723.0,-0.088032,1.3966459999999998,IDN,CHN,2606
630480,104,43,886,2014,174759824.0,26427974.0,0.262042,2.6305080000000003,IND,CHN,2606
630481,106,43,886,2014,0.0,108879.0,1.2658399999999999,0.278546,IRL,CHN,2606
630482,107,43,886,2014,0.0,421003.0,-0.361058,-0.312743,IRN,CHN,2606
630483,111,43,886,2014,0.0,8461787.0,1.340136,0.43931099999999995,ITA,CHN,2606
630484,114,43,886,2014,21574.0,12035532.0,2.403165,-0.635024,JPN,CHN,2606
630485,121,43,886,2014,0.0,1391552.0,1.817145,0.8394530000000001,KOR,CHN,2606
630486,122,43,886,2014,0.0,6948.0,-0.769616,-1.10667,KWT,CHN,2606
630487,128,43,886,2014,0.0,12292.0,-0.49366899999999997,0.338686,LKA,CHN,2606
630488,134,43,886,2014,0.0,119561.0,-0.574034,0.065788,MAR,CHN,2606
630489,138,43,886,2014,0.0,1436712.0,1.0799729999999998,0.697554,MEX,CHN,2606
630490,140,43,886,2014,0.0,238595.0,-0.039799,-0.05545,MKD,CHN,2606
630491,153,43,886,2014,124890080.0,2238537.0,1.018138,0.774649,MYS,CHN,2606
630492,159,43,886,2014,490801.0,344437.0,-1.2126430000000001,-1.059697,NGA,CHN,2606
630493,162,43,886,2014,0.0,15795588.0,1.179325,1.355071,NLD,CHN,2606
630494,166,43,886,2014,0.0,127167.0,0.272502,0.21628699999999998,NZL,CHN,2606
630495,173,43,886,2014,0.0,267934.0,-0.557833,0.611826,PER,CHN,2606
630496,177,43,886,2014,0.0,2605785.0,1.133102,1.177165,POL,CHN,2606
630497,179,43,886,2014,0.0,1684544.0,0.621053,2.349644,PRT,CHN,2606
630498,185,43,886,2014,0.0,770513.0,0.9112,1.188161,ROU,CHN,2606
630499,186,43,886,2014,0.0,9873941.0,0.229422,-0.214856,RUS,CHN,2606
630500,188,43,886,2014,0.0,704889.0,0.5758439999999999,-0.832692,SAU,CHN,2606
630501,192,43,886,2014,0.0,116899.0,1.867492,0.626736,SGP,CHN,2606
630502,195,43,886,2014,465584.0,0.0,-0.862089,-0.9075840000000001,SLB,CHN,2606
630503,201,43,886,2014,0.0,11939.0,0.551635,1.211535,SRB,CHN,2606
630504,206,43,886,2014,0.0,856463.0,1.334959,0.821253,SVK,CHN,2606
630505,207,43,886,2014,0.0,934461.0,1.6558669999999998,0.6814399999999999,SVN,CHN,2606
630506,208,43,886,2014,0.0,196362.0,1.817752,0.558474,SWE,CHN,2606
630507,216,43,886,2014,524310.0,6677538.0,0.977094,1.41283,THA,CHN,2606
630508,222,43,886,2014,1506652.0,0.0,-0.57362,-1.117545,TTO,CHN,2606
630509,223,43,886,2014,0.0,201709.0,0.343449,1.118007,TUN,CHN,2606
630510,224,43,886,2014,36498.0,2007041.0,0.554761,2.385693,TUR,CHN,2606
630511,226,43,886,2014,0.0,2454.0,-1.054331,0.166345,TZA,CHN,2606
630512,228,43,886,2014,12887.0,1190561.0,0.566535,0.832267,UKR,CHN,2606
630513,230,43,886,2014,0.0,22083.0,0.154034,-0.380899,URY,CHN,2606
630514,231,43,886,2014,3726.0,33782132.0,1.61227,0.068905,USA,CHN,2606
630515,239,43,886,2014,164945.0,1521628.0,-0.023765,1.344416,VNM,CHN,2606
630516,246,43,886,2014,0.0,2763736.0,0.282927,1.723214,ZAF,CHN,2606
630517,249,43,886,2014,1152.0,9027082.0,1.9044189999999999,1.0595139999999998,TWN,CHN,2606
630518,32,49,886,2014,46074.0,61786.0,0.218223,0.556921,BRA,COL,2606
630519,43,49,886,2014,1017917.0,0.0,1.187557,1.222085,CHN,COL,2606
630520,67,49,886,2014,0.0,41595.0,-1.066865,-1.052921,ECU,COL,2606
630521,71,49,886,2014,31383.0,0.0,0.842147,2.45692,ESP,COL,2606
630522,96,49,886,2014,354192.0,0.0,-1.068777,-1.038227,GUY,COL,2606
630523,162,49,886,2014,3263.0,0.0,1.179325,1.355071,NLD,COL,2606
630524,173,49,886,2014,1832.0,0.0,-0.557833,0.611826,PER,COL,2606
630525,231,49,886,2014,14822.0,2474.0,1.61227,0.068905,USA,COL,2606
630526,61,58,886,2014,0.0,45223.0,2.052849,-2.888805,DEU,CYP,2606
630527,102,58,886,2014,0.0,43448.0,1.477093,0.812869,HUN,CYP,2606
630528,18,59,886,2014,304747.0,0.0,1.234156,1.226441,BEL,CZE,2606
630529,43,59,886,2014,826056.0,0.0,1.187557,1.222085,CHN,CZE,2606
630530,61,59,886,2014,2851506.0,194367.0,2.052849,-2.888805,DEU,CZE,2606
630531,81,59,886,2014,45006.0,23466.0,1.697964,0.585372,GBR,CZE,2606
630532,90,59,886,2014,302392.0,0.0,0.149337,0.8560540000000001,GRC,CZE,2606
630533,102,59,886,2014,1148966.0,0.0,1.477093,0.812869,HUN,CZE,2606
630534,144,59,886,2014,1318287.0,0.0,-0.17039100000000001,-0.21762399999999998,MNE,CZE,2606
630535,162,59,886,2014,74028.0,0.0,1.179325,1.355071,NLD,CZE,2606
630536,177,59,886,2014,0.0,56023.0,1.133102,1.177165,POL,CZE,2606
630537,185,59,886,2014,0.0,12877.0,0.9112,1.188161,ROU,CZE,2606
630538,206,59,886,2014,266202.0,21825.0,1.334959,0.821253,SVK,CZE,2606
630539,224,59,886,2014,20729.0,0.0,0.554761,2.385693,TUR,CZE,2606
630540,14,61,886,2014,0.0,206393.0,-0.398273,-0.17128,AUS,DEU,2606
630541,15,61,886,2014,242963.0,833538.0,1.7116790000000002,-0.140232,AUT,DEU,2606
630542,18,61,886,2014,4101130.0,41946.0,1.234156,1.226441,BEL,DEU,2606
630543,23,61,886,2014,0.0,5958.0,0.579058,1.6558110000000001,BGR,DEU,2606
630544,32,61,886,2014,2814431.0,1107.0,0.218223,0.556921,BRA,DEU,2606
630545,41,61,886,2014,0.0,43557.0,2.2000919999999997,0.65398,CHE,DEU,2606
630546,43,61,886,2014,28749142.0,122490.0,1.187557,1.222085,CHN,DEU,2606
630547,58,61,886,2014,45223.0,0.0,0.627467,0.483725,CYP,DEU,2606
630548,59,61,886,2014,194367.0,2851506.0,1.8105830000000003,0.131131,CZE,DEU,2606
630549,64,61,886,2014,0.0,483371.0,1.10869,1.245193,DNK,DEU,2606
630550,71,61,886,2014,0.0,20196.0,0.842147,2.45692,ESP,DEU,2606
630551,74,61,886,2014,0.0,111764.0,1.626355,1.002923,FIN,DEU,2606
630552,77,61,886,2014,40334.0,888460.0,1.4817790000000002,0.30995,FRA,DEU,2606
630553,81,61,886,2014,323642.0,309797.0,1.697964,0.585372,GBR,DEU,2606
630554,85,61,886,2014,92259184.0,0.0,-1.628409,-1.202473,GIN,DEU,2606
630555,90,61,886,2014,1720712.0,0.0,0.149337,0.8560540000000001,GRC,DEU,2606
630556,96,61,886,2014,4444732.0,0.0,-1.068777,-1.038227,GUY,DEU,2606
630557,100,61,886,2014,0.0,5994.0,0.804401,1.250807,HRV,DEU,2606
630558,102,61,886,2014,28985.0,410163.0,1.477093,0.812869,HUN,DEU,2606
630559,103,61,886,2014,0.0,175008.0,-0.088032,1.3966459999999998,IDN,DEU,2606
630560,109,61,886,2014,11341206.0,0.0,0.127891,-0.302014,ISL,DEU,2606
630561,111,61,886,2014,1838.0,1373713.0,1.340136,0.43931099999999995,ITA,DEU,2606
630562,114,61,886,2014,0.0,249091.0,2.403165,-0.635024,JPN,DEU,2606
630563,131,61,886,2014,879471.0,517057.0,1.243845,1.155474,LUX,DEU,2606
630564,140,61,886,2014,0.0,381806.0,-0.039799,-0.05545,MKD,DEU,2606
630565,153,61,886,2014,0.0,89290.0,1.018138,0.774649,MYS,DEU,2606
630566,162,61,886,2014,19295988.0,3218735.0,1.179325,1.355071,NLD,DEU,2606
630567,163,61,886,2014,849498.0,0.0,0.9187049999999999,0.182685,NOR,DEU,2606
630568,174,61,886,2014,0.0,9671.0,0.637442,0.475883,PHL,DEU,2606
630569,177,61,886,2014,0.0,959001.0,1.133102,1.177165,POL,DEU,2606
630570,179,61,886,2014,0.0,5807.0,0.621053,2.349644,PRT,DEU,2606
630571,185,61,886,2014,0.0,314639.0,0.9112,1.188161,ROU,DEU,2606
630572,186,61,886,2014,0.0,36716.0,0.229422,-0.214856,RUS,DEU,2606
630573,188,61,886,2014,0.0,45523.0,0.5758439999999999,-0.832692,SAU,DEU,2606
630574,206,61,886,2014,264160.0,826658.0,1.334959,0.821253,SVK,DEU,2606
630575,207,61,886,2014,0.0,117412.0,1.6558669999999998,0.6814399999999999,SVN,DEU,2606
630576,208,61,886,2014,0.0,421215.0,1.817752,0.558474,SWE,DEU,2606
630577,216,61,886,2014,16195.0,0.0,0.977094,1.41283,THA,DEU,2606
630578,224,61,886,2014,5417.0,2222.0,0.554761,2.385693,TUR,DEU,2606
630579,228,61,886,2014,45471.0,537881.0,0.566535,0.832267,UKR,DEU,2606
630580,231,61,886,2014,161888.0,18981.0,1.61227,0.068905,USA,DEU,2606
630581,246,61,886,2014,0.0,36037.0,0.282927,1.723214,ZAF,DEU,2606
630582,249,61,886,2014,0.0,200753.0,1.9044189999999999,1.0595139999999998,TWN,DEU,2606
630583,7,64,886,2014,0.0,137952.0,0.087775,-0.289459,ARE,DNK,2606
630584,14,64,886,2014,0.0,2042.0,-0.398273,-0.17128,AUS,DNK,2606
630585,18,64,886,2014,32867.0,0.0,1.234156,1.226441,BEL,DNK,2606
630586,23,64,886,2014,2284.0,0.0,0.579058,1.6558110000000001,BGR,DNK,2606
630587,32,64,886,2014,48573.0,0.0,0.218223,0.556921,BRA,DNK,2606
630588,41,64,886,2014,0.0,7496.0,2.2000919999999997,0.65398,CHE,DNK,2606
630589,43,64,886,2014,615320.0,0.0,1.187557,1.222085,CHN,DNK,2606
630590,61,64,886,2014,483371.0,0.0,2.052849,-2.888805,DEU,DNK,2606
630591,66,64,886,2014,0.0,105241.0,-1.5554649999999999,-1.1657030000000002,DZA,DNK,2606
630592,71,64,886,2014,3301.0,0.0,0.842147,2.45692,ESP,DNK,2606
630593,72,64,886,2014,9531.0,0.0,0.9147780000000001,1.151556,EST,DNK,2606
630594,81,64,886,2014,22480.0,0.0,1.697964,0.585372,GBR,DNK,2606
630595,102,64,886,2014,1482.0,0.0,1.477093,0.812869,HUN,DNK,2606
630596,114,64,886,2014,0.0,1482.0,2.403165,-0.635024,JPN,DNK,2606
630597,130,64,886,2014,4363.0,0.0,0.764495,1.3451540000000002,LTU,DNK,2606
630598,132,64,886,2014,25798.0,0.0,0.613116,1.1899790000000001,LVA,DNK,2606
630599,162,64,886,2014,1817.0,10406.0,1.179325,1.355071,NLD,DNK,2606
630600,163,64,886,2014,0.0,10688.0,0.9187049999999999,0.182685,NOR,DNK,2606
630601,185,64,886,2014,0.0,30618.0,0.9112,1.188161,ROU,DNK,2606
630602,206,64,886,2014,10475.0,0.0,1.334959,0.821253,SVK,DNK,2606
630603,208,64,886,2014,826459.0,0.0,1.817752,0.558474,SWE,DNK,2606
630604,223,64,886,2014,0.0,18076.0,0.343449,1.118007,TUN,DNK,2606
630605,230,64,886,2014,654481.0,0.0,0.154034,-0.380899,URY,DNK,2606
630606,39,65,886,2014,0.0,2040769.0,0.671395,1.024683,CAN,DOM,2606
630607,43,65,886,2014,0.0,70121248.0,1.187557,1.222085,CHN,DOM,2606
630608,231,65,886,2014,0.0,667556.0,1.61227,0.068905,USA,DOM,2606
630609,32,67,886,2014,102119.0,0.0,0.218223,0.556921,BRA,ECU,2606
630610,49,67,886,2014,41595.0,0.0,0.19864500000000002,-0.378364,COL,ECU,2606
630611,96,67,886,2014,587184.0,0.0,-1.068777,-1.038227,GUY,ECU,2606
630612,231,67,886,2014,169688.0,0.0,1.61227,0.068905,USA,ECU,2606
630613,7,71,886,2014,0.0,131572.0,0.087775,-0.289459,ARE,ESP,2606
630614,18,71,886,2014,58554.0,0.0,1.234156,1.226441,BEL,ESP,2606
630615,28,71,886,2014,0.0,7144.0,0.874108,0.676231,BLR,ESP,2606
630616,32,71,886,2014,0.0,18160.0,0.218223,0.556921,BRA,ESP,2606
630617,42,71,886,2014,0.0,2409.0,-0.344671,-0.43380799999999997,CHL,ESP,2606
630618,43,71,886,2014,5155396.0,530478.0,1.187557,1.222085,CHN,ESP,2606
630619,49,71,886,2014,0.0,31383.0,0.19864500000000002,-0.378364,COL,ESP,2606
630620,61,71,886,2014,20196.0,0.0,2.052849,-2.888805,DEU,ESP,2606
630621,64,71,886,2014,0.0,3301.0,1.10869,1.245193,DNK,ESP,2606
630622,68,71,886,2014,0.0,58549.0,-0.086866,1.7419669999999998,EGY,ESP,2606
630623,77,71,886,2014,19280.0,795608.0,1.4817790000000002,0.30995,FRA,ESP,2606
630624,81,71,886,2014,13686.0,233590.0,1.697964,0.585372,GBR,ESP,2606
630625,85,71,886,2014,149212816.0,0.0,-1.628409,-1.202473,GIN,ESP,2606
630626,90,71,886,2014,1365902.0,0.0,0.149337,0.8560540000000001,GRC,ESP,2606
630627,96,71,886,2014,3349376.0,0.0,-1.068777,-1.038227,GUY,ESP,2606
630628,104,71,886,2014,102434.0,0.0,0.262042,2.6305080000000003,IND,ESP,2606
630629,106,71,886,2014,0.0,9045.0,1.2658399999999999,0.278546,IRL,ESP,2606
630630,111,71,886,2014,0.0,21163.0,1.340136,0.43931099999999995,ITA,ESP,2606
630631,124,71,886,2014,0.0,2916.0,0.308677,1.7564490000000001,LBN,ESP,2606
630632,131,71,886,2014,3690.0,0.0,1.243845,1.155474,LUX,ESP,2606
630633,138,71,886,2014,0.0,156243.0,1.0799729999999998,0.697554,MEX,ESP,2606
630634,162,71,886,2014,29572.0,0.0,1.179325,1.355071,NLD,ESP,2606
630635,168,71,886,2014,22266.0,0.0,-0.672924,0.566787,PAK,ESP,2606
630636,179,71,886,2014,2206.0,54272.0,0.621053,2.349644,PRT,ESP,2606
630637,188,71,886,2014,0.0,592618.0,0.5758439999999999,-0.832692,SAU,ESP,2606
630638,224,71,886,2014,1652641.0,109445.0,0.554761,2.385693,TUR,ESP,2606
630639,231,71,886,2014,52192.0,0.0,1.61227,0.068905,USA,ESP,2606
630640,64,72,886,2014,0.0,9531.0,1.10869,1.245193,DNK,EST,2606
630641,81,72,886,2014,33649.0,0.0,1.697964,0.585372,GBR,EST,2606
630642,228,72,886,2014,3095.0,0.0,0.566535,0.832267,UKR,EST,2606
630643,32,74,886,2014,2439.0,0.0,0.218223,0.556921,BRA,FIN,2606
630644,43,74,886,2014,838601.0,0.0,1.187557,1.222085,CHN,FIN,2606
630645,61,74,886,2014,111764.0,0.0,2.052849,-2.888805,DEU,FIN,2606
630646,162,74,886,2014,649817.0,0.0,1.179325,1.355071,NLD,FIN,2606
630647,208,74,886,2014,69313.0,0.0,1.817752,0.558474,SWE,FIN,2606
630648,18,77,886,2014,3489183.0,7609.0,1.234156,1.226441,BEL,FRA,2606
630649,21,77,886,2014,0.0,1222.0,-0.922401,-0.9554379999999999,BFA,FRA,2606
630650,32,77,886,2014,12496.0,0.0,0.218223,0.556921,BRA,FRA,2606
630651,41,77,886,2014,0.0,380272.0,2.2000919999999997,0.65398,CHE,FRA,2606
630652,43,77,886,2014,5398276.0,0.0,1.187557,1.222085,CHN,FRA,2606
630653,45,77,886,2014,10203.0,0.0,-0.6723520000000001,-0.945084,CMR,FRA,2606
630654,61,77,886,2014,888460.0,40334.0,2.052849,-2.888805,DEU,FRA,2606
630655,66,77,886,2014,0.0,551985.0,-1.5554649999999999,-1.1657030000000002,DZA,FRA,2606
630656,71,77,886,2014,795608.0,19280.0,0.842147,2.45692,ESP,FRA,2606
630657,81,77,886,2014,841755.0,48118.0,1.697964,0.585372,GBR,FRA,2606
630658,85,77,886,2014,35063476.0,0.0,-1.628409,-1.202473,GIN,FRA,2606
630659,90,77,886,2014,12157043.0,0.0,0.149337,0.8560540000000001,GRC,FRA,2606
630660,96,77,886,2014,1978310.0,0.0,-1.068777,-1.038227,GUY,FRA,2606
630661,102,77,886,2014,1676.0,0.0,1.477093,0.812869,HUN,FRA,2606
630662,104,77,886,2014,789677.0,2827.0,0.262042,2.6305080000000003,IND,FRA,2606
630663,111,77,886,2014,1504240.0,1086121.0,1.340136,0.43931099999999995,ITA,FRA,2606
630664,114,77,886,2014,10046.0,0.0,2.403165,-0.635024,JPN,FRA,2606
630665,121,77,886,2014,4539.0,0.0,1.817145,0.8394530000000001,KOR,FRA,2606
630666,131,77,886,2014,16970.0,42560.0,1.243845,1.155474,LUX,FRA,2606
630667,162,77,886,2014,3360117.0,226515.0,1.179325,1.355071,NLD,FRA,2606
630668,177,77,886,2014,2927.0,0.0,1.133102,1.177165,POL,FRA,2606
630669,208,77,886,2014,0.0,774266.0,1.817752,0.558474,SWE,FRA,2606
630670,224,77,886,2014,171956.0,23413.0,0.554761,2.385693,TUR,FRA,2606
630671,228,77,886,2014,68754.0,0.0,0.566535,0.832267,UKR,FRA,2606
630672,231,77,886,2014,27398.0,47508.0,1.61227,0.068905,USA,FRA,2606
630673,249,77,886,2014,0.0,37545.0,1.9044189999999999,1.0595139999999998,TWN,FRA,2606
630674,7,81,886,2014,0.0,3420.0,0.087775,-0.289459,ARE,GBR,2606
630675,14,81,886,2014,10251.0,0.0,-0.398273,-0.17128,AUS,GBR,2606
630676,18,81,886,2014,187810.0,27694.0,1.234156,1.226441,BEL,GBR,2606
630677,32,81,886,2014,53542.0,0.0,0.218223,0.556921,BRA,GBR,2606
630678,42,81,886,2014,0.0,24132.0,-0.344671,-0.43380799999999997,CHL,GBR,2606
630679,43,81,886,2014,6258902.0,23159.0,1.187557,1.222085,CHN,GBR,2606
630680,59,81,886,2014,23466.0,45006.0,1.8105830000000003,0.131131,CZE,GBR,2606
630681,61,81,886,2014,309797.0,323642.0,2.052849,-2.888805,DEU,GBR,2606
630682,64,81,886,2014,0.0,22480.0,1.10869,1.245193,DNK,GBR,2606
630683,71,81,886,2014,233590.0,13686.0,0.842147,2.45692,ESP,GBR,2606
630684,72,81,886,2014,0.0,33649.0,0.9147780000000001,1.151556,EST,GBR,2606
630685,77,81,886,2014,48118.0,841755.0,1.4817790000000002,0.30995,FRA,GBR,2606
630686,90,81,886,2014,308558.0,0.0,0.149337,0.8560540000000001,GRC,GBR,2606
630687,96,81,886,2014,5140826.0,0.0,-1.068777,-1.038227,GUY,GBR,2606
630688,97,81,886,2014,8722.0,0.0,0.812132,1.722493,HKG,GBR,2606
630689,102,81,886,2014,1948.0,77637.0,1.477093,0.812869,HUN,GBR,2606
630690,104,81,886,2014,585544.0,47762.0,0.262042,2.6305080000000003,IND,GBR,2606
630691,106,81,886,2014,1095564.0,159386.0,1.2658399999999999,0.278546,IRL,GBR,2606
630692,111,81,886,2014,2185.0,576894.0,1.340136,0.43931099999999995,ITA,GBR,2606
630693,122,81,886,2014,0.0,29926.0,-0.769616,-1.10667,KWT,GBR,2606
630694,131,81,886,2014,15741.0,0.0,1.243845,1.155474,LUX,GBR,2606
630695,153,81,886,2014,0.0,25953.0,1.018138,0.774649,MYS,GBR,2606
630696,162,81,886,2014,107525.0,441600.0,1.179325,1.355071,NLD,GBR,2606
630697,166,81,886,2014,0.0,98082.0,0.272502,0.21628699999999998,NZL,GBR,2606
630698,177,81,886,2014,0.0,806680.0,1.133102,1.177165,POL,GBR,2606
630699,179,81,886,2014,0.0,1925.0,0.621053,2.349644,PRT,GBR,2606
630700,186,81,886,2014,0.0,95281.0,0.229422,-0.214856,RUS,GBR,2606
630701,206,81,886,2014,0.0,100347.0,1.334959,0.821253,SVK,GBR,2606
630702,208,81,886,2014,0.0,396907.0,1.817752,0.558474,SWE,GBR,2606
630703,216,81,886,2014,0.0,17743.0,0.977094,1.41283,THA,GBR,2606
630704,224,81,886,2014,0.0,35064.0,0.554761,2.385693,TUR,GBR,2606
630705,228,81,886,2014,23905.0,0.0,0.566535,0.832267,UKR,GBR,2606
630706,231,81,886,2014,81425.0,60335.0,1.61227,0.068905,USA,GBR,2606
630707,249,81,886,2014,0.0,31202.0,1.9044189999999999,1.0595139999999998,TWN,GBR,2606
630708,15,90,886,2014,0.0,160191.0,1.7116790000000002,-0.140232,AUT,GRC,2606
630709,23,90,886,2014,0.0,163441.0,0.579058,1.6558110000000001,BGR,GRC,2606
630710,32,90,886,2014,10786215.0,0.0,0.218223,0.556921,BRA,GRC,2606
630711,39,90,886,2014,0.0,2549799.0,0.671395,1.024683,CAN,GRC,2606
630712,43,90,886,2014,950842.0,0.0,1.187557,1.222085,CHN,GRC,2606
630713,59,90,886,2014,0.0,302392.0,1.8105830000000003,0.131131,CZE,GRC,2606
630714,61,90,886,2014,0.0,1720712.0,2.052849,-2.888805,DEU,GRC,2606
630715,71,90,886,2014,0.0,1365902.0,0.842147,2.45692,ESP,GRC,2606
630716,77,90,886,2014,0.0,12157043.0,1.4817790000000002,0.30995,FRA,GRC,2606
630717,81,90,886,2014,0.0,308558.0,1.697964,0.585372,GBR,GRC,2606
630718,85,90,886,2014,2570562.0,0.0,-1.628409,-1.202473,GIN,GRC,2606
630719,100,90,886,2014,0.0,1142509.0,0.804401,1.250807,HRV,GRC,2606
630720,104,90,886,2014,162271.0,0.0,0.262042,2.6305080000000003,IND,GRC,2606
630721,106,90,886,2014,0.0,160944.0,1.2658399999999999,0.278546,IRL,GRC,2606
630722,111,90,886,2014,0.0,90021.0,1.340136,0.43931099999999995,ITA,GRC,2606
630723,134,90,886,2014,0.0,199226.0,-0.574034,0.065788,MAR,GRC,2606
630724,162,90,886,2014,0.0,556333.0,1.179325,1.355071,NLD,GRC,2606
630725,177,90,886,2014,0.0,1377474.0,1.133102,1.177165,POL,GRC,2606
630726,185,90,886,2014,0.0,82891.0,0.9112,1.188161,ROU,GRC,2606
630727,206,90,886,2014,0.0,261437.0,1.334959,0.821253,SVK,GRC,2606
630728,224,90,886,2014,742802.0,0.0,0.554761,2.385693,TUR,GRC,2606
630729,228,90,886,2014,0.0,699544.0,0.566535,0.832267,UKR,GRC,2606
630730,231,90,886,2014,0.0,3162636.0,1.61227,0.068905,USA,GRC,2606
630731,246,90,886,2014,0.0,1157996.0,0.282927,1.723214,ZAF,GRC,2606
630732,247,90,886,2014,0.0,7906.0,-0.664089,-0.793452,ZMB,GRC,2606
630733,43,93,886,2014,31533.0,0.0,1.187557,1.222085,CHN,GTM,2606
630734,32,97,886,2014,0.0,32004.0,0.218223,0.556921,BRA,HKG,2606
630735,81,97,886,2014,0.0,8722.0,1.697964,0.585372,GBR,HKG,2606
630736,104,97,886,2014,0.0,11471.0,0.262042,2.6305080000000003,IND,HKG,2606
630737,107,97,886,2014,0.0,7260.0,-0.361058,-0.312743,IRN,HKG,2606
630738,110,97,886,2014,0.0,20420.0,1.211141,0.64523,ISR,HKG,2606
630739,153,97,886,2014,0.0,119441.0,1.018138,0.774649,MYS,HKG,2606
630740,162,97,886,2014,0.0,11867.0,1.179325,1.355071,NLD,HKG,2606
630741,216,97,886,2014,0.0,64117.0,0.977094,1.41283,THA,HKG,2606
630742,231,97,886,2014,3819.0,0.0,1.61227,0.068905,USA,HKG,2606
630743,239,97,886,2014,0.0,9796.0,-0.023765,1.344416,VNM,HKG,2606
630744,249,97,886,2014,16914.0,0.0,1.9044189999999999,1.0595139999999998,TWN,HKG,2606
630745,15,102,886,2014,5342.0,14036.0,1.7116790000000002,-0.140232,AUT,HUN,2606
630746,18,102,886,2014,139737.0,0.0,1.234156,1.226441,BEL,HUN,2606
630747,58,102,886,2014,43448.0,0.0,0.627467,0.483725,CYP,HUN,2606
630748,59,102,886,2014,0.0,1148966.0,1.8105830000000003,0.131131,CZE,HUN,2606
630749,61,102,886,2014,410163.0,28985.0,2.052849,-2.888805,DEU,HUN,2606
630750,64,102,886,2014,0.0,1482.0,1.10869,1.245193,DNK,HUN,2606
630751,77,102,886,2014,0.0,1676.0,1.4817790000000002,0.30995,FRA,HUN,2606
630752,81,102,886,2014,77637.0,1948.0,1.697964,0.585372,GBR,HUN,2606
630753,100,102,886,2014,0.0,2946.0,0.804401,1.250807,HRV,HUN,2606
630754,111,102,886,2014,2941.0,5303.0,1.340136,0.43931099999999995,ITA,HUN,2606
630755,162,102,886,2014,22480.0,1926.0,1.179325,1.355071,NLD,HUN,2606
630756,177,102,886,2014,0.0,33037.0,1.133102,1.177165,POL,HUN,2606
630757,185,102,886,2014,0.0,18768.0,0.9112,1.188161,ROU,HUN,2606
630758,206,102,886,2014,0.0,23564.0,1.334959,0.821253,SVK,HUN,2606
630759,207,102,886,2014,0.0,2088.0,1.6558669999999998,0.6814399999999999,SVN,HUN,2606
630760,228,102,886,2014,11155.0,0.0,0.566535,0.832267,UKR,HUN,2606
630761,14,103,886,2014,10540.0,0.0,-0.398273,-0.17128,AUS,IDN,2606
630762,43,103,886,2014,15723.0,195178048.0,1.187557,1.222085,CHN,IDN,2606
630763,61,103,886,2014,175008.0,0.0,2.052849,-2.888805,DEU,IDN,2606
630764,121,103,886,2014,52634.0,0.0,1.817145,0.8394530000000001,KOR,IDN,2606
630765,153,103,886,2014,2961.0,0.0,1.018138,0.774649,MYS,IDN,2606
630766,162,103,886,2014,232440.0,0.0,1.179325,1.355071,NLD,IDN,2606
630767,192,103,886,2014,25431.0,0.0,1.867492,0.626736,SGP,IDN,2606
630768,216,103,886,2014,0.0,401648.0,0.977094,1.41283,THA,IDN,2606
630769,249,103,886,2014,83796.0,0.0,1.9044189999999999,1.0595139999999998,TWN,IDN,2606
630770,7,104,886,2014,5030.0,869154.0,0.087775,-0.289459,ARE,IND,2606
630771,14,104,886,2014,4026907.0,0.0,-0.398273,-0.17128,AUS,IND,2606
630772,15,104,886,2014,0.0,571295.0,1.7116790000000002,-0.140232,AUT,IND,2606
630773,22,104,886,2014,0.0,51860.0,-1.0341879999999999,-0.9614870000000001,BGD,IND,2606
630774,23,104,886,2014,0.0,129427.0,0.579058,1.6558110000000001,BGR,IND,2606
630775,24,104,886,2014,0.0,7392760.0,0.460168,-0.41671099999999994,BHR,IND,2606
630776,32,104,886,2014,2366674.0,43180.0,0.218223,0.556921,BRA,IND,2606
630777,43,104,886,2014,26427974.0,174759824.0,1.187557,1.222085,CHN,IND,2606
630778,66,104,886,2014,0.0,12124.0,-1.5554649999999999,-1.1657030000000002,DZA,IND,2606
630779,68,104,886,2014,0.0,15703.0,-0.086866,1.7419669999999998,EGY,IND,2606
630780,71,104,886,2014,0.0,102434.0,0.842147,2.45692,ESP,IND,2606
630781,77,104,886,2014,2827.0,789677.0,1.4817790000000002,0.30995,FRA,IND,2606
630782,81,104,886,2014,47762.0,585544.0,1.697964,0.585372,GBR,IND,2606
630783,85,104,886,2014,66174760.0,0.0,-1.628409,-1.202473,GIN,IND,2606
630784,90,104,886,2014,0.0,162271.0,0.149337,0.8560540000000001,GRC,IND,2606
630785,97,104,886,2014,11471.0,0.0,0.812132,1.722493,HKG,IND,2606
630786,100,104,886,2014,0.0,8653.0,0.804401,1.250807,HRV,IND,2606
630787,107,104,886,2014,0.0,295626.0,-0.361058,-0.312743,IRN,IND,2606
630788,111,104,886,2014,0.0,584940.0,1.340136,0.43931099999999995,ITA,IND,2606
630789,114,104,886,2014,0.0,1036279.0,2.403165,-0.635024,JPN,IND,2606
630790,122,104,886,2014,0.0,2863713.0,-0.769616,-1.10667,KWT,IND,2606
630791,128,104,886,2014,0.0,10062.0,-0.49366899999999997,0.338686,LKA,IND,2606
630792,134,104,886,2014,10971.0,0.0,-0.574034,0.065788,MAR,IND,2606
630793,153,104,886,2014,0.0,133536.0,1.018138,0.774649,MYS,IND,2606
630794,159,104,886,2014,1176163.0,26146.0,-1.2126430000000001,-1.059697,NGA,IND,2606
630795,162,104,886,2014,149059.0,0.0,1.179325,1.355071,NLD,IND,2606
630796,164,104,886,2014,0.0,552437.0,-0.11988199999999999,0.655883,NPL,IND,2606
630797,167,104,886,2014,0.0,2810826.0,-0.505129,-1.0051370000000002,OMN,IND,2606
630798,168,104,886,2014,5444577.0,0.0,-0.672924,0.566787,PAK,IND,2606
630799,183,104,886,2014,0.0,5509524.0,-0.37535599999999997,-1.0196370000000001,QAT,IND,2606
630800,188,104,886,2014,0.0,504038.0,0.5758439999999999,-0.832692,SAU,IND,2606
630801,207,104,886,2014,0.0,2813550.0,1.6558669999999998,0.6814399999999999,SVN,IND,2606
630802,216,104,886,2014,0.0,100438.0,0.977094,1.41283,THA,IND,2606
630803,224,104,886,2014,0.0,8260.0,0.554761,2.385693,TUR,IND,2606
630804,231,104,886,2014,4132.0,179359.0,1.61227,0.068905,USA,IND,2606
630805,239,104,886,2014,0.0,30402.0,-0.023765,1.344416,VNM,IND,2606
630806,250,104,886,2014,0.0,14359.0,0.506842,0.049545,ANS,IND,2606
630807,32,106,886,2014,36055644.0,0.0,0.218223,0.556921,BRA,IRL,2606
630808,43,106,886,2014,108879.0,0.0,1.187557,1.222085,CHN,IRL,2606
630809,71,106,886,2014,9045.0,0.0,0.842147,2.45692,ESP,IRL,2606
630810,81,106,886,2014,159386.0,1095564.0,1.697964,0.585372,GBR,IRL,2606
630811,85,106,886,2014,114919672.0,0.0,-1.628409,-1.202473,GIN,IRL,2606
630812,90,106,886,2014,160944.0,0.0,0.149337,0.8560540000000001,GRC,IRL,2606
630813,96,106,886,2014,2438032.0,0.0,-1.068777,-1.038227,GUY,IRL,2606
630814,231,106,886,2014,146498.0,0.0,1.61227,0.068905,USA,IRL,2606
630815,250,106,886,2014,444209.0,0.0,0.506842,0.049545,ANS,IRL,2606
630816,97,110,886,2014,20420.0,0.0,0.812132,1.722493,HKG,ISR,2606
630817,181,110,886,2014,42010.0,0.0,0.030643,0.601905,PSE,ISR,2606
630818,224,110,886,2014,7833.0,0.0,0.554761,2.385693,TUR,ISR,2606
630819,231,110,886,2014,31096.0,0.0,1.61227,0.068905,USA,ISR,2606
630820,2,111,886,2014,0.0,2254.0,-1.8184900000000002,-1.149191,AGO,ITA,2606
630821,15,111,886,2014,3583.0,0.0,1.7116790000000002,-0.140232,AUT,ITA,2606
630822,18,111,886,2014,335713.0,10311.0,1.234156,1.226441,BEL,ITA,2606
630823,41,111,886,2014,0.0,46713.0,2.2000919999999997,0.65398,CHE,ITA,2606
630824,43,111,886,2014,8461787.0,0.0,1.187557,1.222085,CHN,ITA,2606
630825,61,111,886,2014,1373713.0,1838.0,2.052849,-2.888805,DEU,ITA,2606
630826,68,111,886,2014,0.0,61910.0,-0.086866,1.7419669999999998,EGY,ITA,2606
630827,71,111,886,2014,21163.0,0.0,0.842147,2.45692,ESP,ITA,2606
630828,77,111,886,2014,1086121.0,1504240.0,1.4817790000000002,0.30995,FRA,ITA,2606
630829,81,111,886,2014,576894.0,2185.0,1.697964,0.585372,GBR,ITA,2606
630830,90,111,886,2014,90021.0,0.0,0.149337,0.8560540000000001,GRC,ITA,2606
630831,96,111,886,2014,3595427.0,0.0,-1.068777,-1.038227,GUY,ITA,2606
630832,100,111,886,2014,0.0,152991.0,0.804401,1.250807,HRV,ITA,2606
630833,102,111,886,2014,5303.0,2941.0,1.477093,0.812869,HUN,ITA,2606
630834,104,111,886,2014,584940.0,0.0,0.262042,2.6305080000000003,IND,ITA,2606
630835,121,111,886,2014,0.0,5224.0,1.817145,0.8394530000000001,KOR,ITA,2606
630836,134,111,886,2014,0.0,976210.0,-0.574034,0.065788,MAR,ITA,2606
630837,153,111,886,2014,0.0,1489.0,1.018138,0.774649,MYS,ITA,2606
630838,162,111,886,2014,952980.0,0.0,1.179325,1.355071,NLD,ITA,2606
630839,177,111,886,2014,132644.0,3017.0,1.133102,1.177165,POL,ITA,2606
630840,185,111,886,2014,0.0,7906.0,0.9112,1.188161,ROU,ITA,2606
630841,186,111,886,2014,0.0,2455694.0,0.229422,-0.214856,RUS,ITA,2606
630842,206,111,886,2014,149650.0,2293000.0,1.334959,0.821253,SVK,ITA,2606
630843,207,111,886,2014,0.0,141565.0,1.6558669999999998,0.6814399999999999,SVN,ITA,2606
630844,228,111,886,2014,43333.0,4418.0,0.566535,0.832267,UKR,ITA,2606
630845,231,111,886,2014,2569752.0,0.0,1.61227,0.068905,USA,ITA,2606
630846,250,111,886,2014,20040.0,0.0,0.506842,0.049545,ANS,ITA,2606
630847,231,112,886,2014,0.0,135089312.0,1.61227,0.068905,USA,JAM,2606
630848,32,113,886,2014,68792.0,0.0,0.218223,0.556921,BRA,JOR,2606
630849,108,113,886,2014,0.0,9557.0,-2.9169,-0.882023,IRQ,JOR,2606
630850,167,113,886,2014,0.0,79522.0,-0.505129,-1.0051370000000002,OMN,JOR,2606
630851,14,114,886,2014,0.0,1303.0,-0.398273,-0.17128,AUS,JPN,2606
630852,18,114,886,2014,0.0,1240.0,1.234156,1.226441,BEL,JPN,2606
630853,43,114,886,2014,12035532.0,21574.0,1.187557,1.222085,CHN,JPN,2606
630854,61,114,886,2014,249091.0,0.0,2.052849,-2.888805,DEU,JPN,2606
630855,64,114,886,2014,1482.0,0.0,1.10869,1.245193,DNK,JPN,2606
630856,77,114,886,2014,0.0,10046.0,1.4817790000000002,0.30995,FRA,JPN,2606
630857,96,114,886,2014,2926220.0,0.0,-1.068777,-1.038227,GUY,JPN,2606
630858,104,114,886,2014,1036279.0,0.0,0.262042,2.6305080000000003,IND,JPN,2606
630859,153,114,886,2014,0.0,2528.0,1.018138,0.774649,MYS,JPN,2606
630860,159,114,886,2014,373219.0,0.0,-1.2126430000000001,-1.059697,NGA,JPN,2606
630861,231,114,886,2014,6208.0,0.0,1.61227,0.068905,USA,JPN,2606
630862,249,114,886,2014,20307.0,0.0,1.9044189999999999,1.0595139999999998,TWN,JPN,2606
630863,7,121,886,2014,0.0,49330.0,0.087775,-0.289459,ARE,KOR,2606
630864,14,121,886,2014,12072329.0,0.0,-0.398273,-0.17128,AUS,KOR,2606
630865,43,121,886,2014,1391552.0,0.0,1.187557,1.222085,CHN,KOR,2606
630866,77,121,886,2014,0.0,4539.0,1.4817790000000002,0.30995,FRA,KOR,2606
630867,96,121,886,2014,47047.0,0.0,-1.068777,-1.038227,GUY,KOR,2606
630868,103,121,886,2014,0.0,52634.0,-0.088032,1.3966459999999998,IDN,KOR,2606
630869,111,121,886,2014,5224.0,0.0,1.340136,0.43931099999999995,ITA,KOR,2606
630870,143,121,886,2014,21146.0,0.0,-1.5332459999999999,-1.145973,MMR,KOR,2606
630871,159,121,886,2014,96419.0,0.0,-1.2126430000000001,-1.059697,NGA,KOR,2606
630872,32,122,886,2014,483024.0,0.0,0.218223,0.556921,BRA,KWT,2606
630873,43,122,886,2014,6948.0,0.0,1.187557,1.222085,CHN,KWT,2606
630874,81,122,886,2014,29926.0,0.0,1.697964,0.585372,GBR,KWT,2606
630875,104,122,886,2014,2863713.0,0.0,0.262042,2.6305080000000003,IND,KWT,2606
630876,188,122,886,2014,0.0,1673.0,0.5758439999999999,-0.832692,SAU,KWT,2606
630877,43,134,886,2014,119561.0,0.0,1.187557,1.222085,CHN,MAR,2606
630878,90,134,886,2014,199226.0,0.0,0.149337,0.8560540000000001,GRC,MAR,2606
630879,104,134,886,2014,0.0,10971.0,0.262042,2.6305080000000003,IND,MAR,2606
630880,111,134,886,2014,976210.0,0.0,1.340136,0.43931099999999995,ITA,MAR,2606
630881,32,138,886,2014,4954.0,0.0,0.218223,0.556921,BRA,MEX,2606
630882,43,138,886,2014,1436712.0,0.0,1.187557,1.222085,CHN,MEX,2606
630883,71,138,886,2014,156243.0,0.0,0.842147,2.45692,ESP,MEX,2606
630884,96,138,886,2014,3474564.0,0.0,-1.068777,-1.038227,GUY,MEX,2606
630885,231,138,886,2014,1099842.0,0.0,1.61227,0.068905,USA,MEX,2606
630886,14,153,886,2014,17504.0,41724.0,-0.398273,-0.17128,AUS,MYS,2606
630887,32,153,886,2014,4383.0,0.0,0.218223,0.556921,BRA,MYS,2606
630888,34,153,886,2014,0.0,3547.0,0.191357,-0.683567,BRN,MYS,2606
630889,43,153,886,2014,2238537.0,124890080.0,1.187557,1.222085,CHN,MYS,2606
630890,61,153,886,2014,89290.0,0.0,2.052849,-2.888805,DEU,MYS,2606
630891,81,153,886,2014,25953.0,0.0,1.697964,0.585372,GBR,MYS,2606
630892,97,153,886,2014,119441.0,0.0,0.812132,1.722493,HKG,MYS,2606
630893,103,153,886,2014,0.0,2961.0,-0.088032,1.3966459999999998,IDN,MYS,2606
630894,104,153,886,2014,133536.0,0.0,0.262042,2.6305080000000003,IND,MYS,2606
630895,111,153,886,2014,1489.0,0.0,1.340136,0.43931099999999995,ITA,MYS,2606
630896,114,153,886,2014,2528.0,0.0,2.403165,-0.635024,JPN,MYS,2606
630897,162,153,886,2014,3731.0,0.0,1.179325,1.355071,NLD,MYS,2606
630898,188,153,886,2014,7219338.0,0.0,0.5758439999999999,-0.832692,SAU,MYS,2606
630899,192,153,886,2014,33227.0,0.0,1.867492,0.626736,SGP,MYS,2606
630900,216,153,886,2014,110092.0,696179.0,0.977094,1.41283,THA,MYS,2606
630901,239,153,886,2014,1862.0,0.0,-0.023765,1.344416,VNM,MYS,2606
630902,249,153,886,2014,1724.0,0.0,1.9044189999999999,1.0595139999999998,TWN,MYS,2606
630903,7,162,886,2014,0.0,30865.0,0.087775,-0.289459,ARE,NLD,2606
630904,8,162,886,2014,0.0,8321.0,0.10691500000000001,0.44860600000000006,ARG,NLD,2606
630905,15,162,886,2014,5017.0,33165.0,1.7116790000000002,-0.140232,AUT,NLD,2606
630906,18,162,886,2014,556613.0,133566.0,1.234156,1.226441,BEL,NLD,2606
630907,32,162,886,2014,16200.0,0.0,0.218223,0.556921,BRA,NLD,2606
630908,43,162,886,2014,15795588.0,0.0,1.187557,1.222085,CHN,NLD,2606
630909,49,162,886,2014,0.0,3263.0,0.19864500000000002,-0.378364,COL,NLD,2606
630910,59,162,886,2014,0.0,74028.0,1.8105830000000003,0.131131,CZE,NLD,2606
630911,61,162,886,2014,3218735.0,19295988.0,2.052849,-2.888805,DEU,NLD,2606
630912,64,162,886,2014,10406.0,1817.0,1.10869,1.245193,DNK,NLD,2606
630913,71,162,886,2014,0.0,29572.0,0.842147,2.45692,ESP,NLD,2606
630914,74,162,886,2014,0.0,649817.0,1.626355,1.002923,FIN,NLD,2606
630915,77,162,886,2014,226515.0,3360117.0,1.4817790000000002,0.30995,FRA,NLD,2606
630916,81,162,886,2014,441600.0,107525.0,1.697964,0.585372,GBR,NLD,2606
630917,90,162,886,2014,556333.0,0.0,0.149337,0.8560540000000001,GRC,NLD,2606
630918,96,162,886,2014,14174791.0,0.0,-1.068777,-1.038227,GUY,NLD,2606
630919,97,162,886,2014,11867.0,0.0,0.812132,1.722493,HKG,NLD,2606
630920,100,162,886,2014,0.0,35263.0,0.804401,1.250807,HRV,NLD,2606
630921,102,162,886,2014,1926.0,22480.0,1.477093,0.812869,HUN,NLD,2606
630922,103,162,886,2014,0.0,232440.0,-0.088032,1.3966459999999998,IDN,NLD,2606
630923,104,162,886,2014,0.0,149059.0,0.262042,2.6305080000000003,IND,NLD,2606
630924,111,162,886,2014,0.0,952980.0,1.340136,0.43931099999999995,ITA,NLD,2606
630925,153,162,886,2014,0.0,3731.0,1.018138,0.774649,MYS,NLD,2606
630926,159,162,886,2014,0.0,161148.0,-1.2126430000000001,-1.059697,NGA,NLD,2606
630927,177,162,886,2014,0.0,1281656.0,1.133102,1.177165,POL,NLD,2606
630928,179,162,886,2014,0.0,38242.0,0.621053,2.349644,PRT,NLD,2606
630929,183,162,886,2014,0.0,8844.0,-0.37535599999999997,-1.0196370000000001,QAT,NLD,2606
630930,186,162,886,2014,75378.0,788342.0,0.229422,-0.214856,RUS,NLD,2606
630931,188,162,886,2014,0.0,19748.0,0.5758439999999999,-0.832692,SAU,NLD,2606
630932,192,162,886,2014,0.0,12988.0,1.867492,0.626736,SGP,NLD,2606
630933,206,162,886,2014,0.0,6461.0,1.334959,0.821253,SVK,NLD,2606
630934,208,162,886,2014,0.0,66699.0,1.817752,0.558474,SWE,NLD,2606
630935,224,162,886,2014,0.0,27393.0,0.554761,2.385693,TUR,NLD,2606
630936,228,162,886,2014,25495.0,5348.0,0.566535,0.832267,UKR,NLD,2606
630937,231,162,886,2014,0.0,610933.0,1.61227,0.068905,USA,NLD,2606
630938,239,162,886,2014,0.0,6951.0,-0.023765,1.344416,VNM,NLD,2606
630939,246,162,886,2014,178194.0,0.0,0.282927,1.723214,ZAF,NLD,2606
630940,18,163,886,2014,277776.0,0.0,1.234156,1.226441,BEL,NOR,2606
630941,61,163,886,2014,0.0,849498.0,2.052849,-2.888805,DEU,NOR,2606
630942,64,163,886,2014,10688.0,0.0,1.10869,1.245193,DNK,NOR,2606
630943,208,163,886,2014,6991.0,0.0,1.817752,0.558474,SWE,NOR,2606
630944,14,166,886,2014,21352.0,0.0,-0.398273,-0.17128,AUS,NZL,2606
630945,43,166,886,2014,127167.0,0.0,1.187557,1.222085,CHN,NZL,2606
630946,81,166,886,2014,98082.0,0.0,1.697964,0.585372,GBR,NZL,2606
630947,96,166,886,2014,89111.0,0.0,-1.068777,-1.038227,GUY,NZL,2606
630948,192,166,886,2014,25560.0,0.0,1.867492,0.626736,SGP,NZL,2606
630949,32,173,886,2014,24842.0,0.0,0.218223,0.556921,BRA,PER,2606
630950,43,173,886,2014,267934.0,0.0,1.187557,1.222085,CHN,PER,2606
630951,49,173,886,2014,0.0,1832.0,0.19864500000000002,-0.378364,COL,PER,2606
630952,96,173,886,2014,538003.0,0.0,-1.068777,-1.038227,GUY,PER,2606
630953,231,173,886,2014,18896.0,0.0,1.61227,0.068905,USA,PER,2606
630954,14,174,886,2014,380497.0,0.0,-0.398273,-0.17128,AUS,PHL,2606
630955,61,174,886,2014,9671.0,0.0,2.052849,-2.888805,DEU,PHL,2606
630956,249,174,886,2014,1290.0,0.0,1.9044189999999999,1.0595139999999998,TWN,PHL,2606
630957,18,177,886,2014,169683.0,0.0,1.234156,1.226441,BEL,POL,2606
630958,26,177,886,2014,57320.0,0.0,0.5083300000000001,0.711704,BIH,POL,2606
630959,43,177,886,2014,2605785.0,0.0,1.187557,1.222085,CHN,POL,2606
630960,59,177,886,2014,56023.0,0.0,1.8105830000000003,0.131131,CZE,POL,2606
630961,61,177,886,2014,959001.0,0.0,2.052849,-2.888805,DEU,POL,2606
630962,77,177,886,2014,0.0,2927.0,1.4817790000000002,0.30995,FRA,POL,2606
630963,81,177,886,2014,806680.0,0.0,1.697964,0.585372,GBR,POL,2606
630964,90,177,886,2014,1377474.0,0.0,0.149337,0.8560540000000001,GRC,POL,2606
630965,96,177,886,2014,631940.0,0.0,-1.068777,-1.038227,GUY,POL,2606
630966,102,177,886,2014,33037.0,0.0,1.477093,0.812869,HUN,POL,2606
630967,111,177,886,2014,3017.0,132644.0,1.340136,0.43931099999999995,ITA,POL,2606
630968,144,177,886,2014,2410.0,0.0,-0.17039100000000001,-0.21762399999999998,MNE,POL,2606
630969,162,177,886,2014,1281656.0,0.0,1.179325,1.355071,NLD,POL,2606
630970,206,177,886,2014,0.0,220250.0,1.334959,0.821253,SVK,POL,2606
630971,224,177,886,2014,792692.0,0.0,0.554761,2.385693,TUR,POL,2606
630972,228,177,886,2014,64454.0,0.0,0.566535,0.832267,UKR,POL,2606
630973,231,177,886,2014,4102.0,0.0,1.61227,0.068905,USA,POL,2606
630974,246,177,886,2014,8721.0,0.0,0.282927,1.723214,ZAF,POL,2606
630975,43,179,886,2014,1684544.0,0.0,1.187557,1.222085,CHN,PRT,2606
630976,61,179,886,2014,5807.0,0.0,2.052849,-2.888805,DEU,PRT,2606
630977,71,179,886,2014,54272.0,2206.0,0.842147,2.45692,ESP,PRT,2606
630978,81,179,886,2014,1925.0,0.0,1.697964,0.585372,GBR,PRT,2606
630979,162,179,886,2014,38242.0,0.0,1.179325,1.355071,NLD,PRT,2606
630980,110,181,886,2014,0.0,42010.0,1.211141,0.64523,ISR,PSE,2606
630981,32,188,886,2014,255549.0,0.0,0.218223,0.556921,BRA,SAU,2606
630982,43,188,886,2014,704889.0,0.0,1.187557,1.222085,CHN,SAU,2606
630983,61,188,886,2014,45523.0,0.0,2.052849,-2.888805,DEU,SAU,2606
630984,71,188,886,2014,592618.0,0.0,0.842147,2.45692,ESP,SAU,2606
630985,104,188,886,2014,504038.0,0.0,0.262042,2.6305080000000003,IND,SAU,2606
630986,122,188,886,2014,1673.0,0.0,-0.769616,-1.10667,KWT,SAU,2606
630987,153,188,886,2014,0.0,7219338.0,1.018138,0.774649,MYS,SAU,2606
630988,159,188,886,2014,0.0,2887900.0,-1.2126430000000001,-1.059697,NGA,SAU,2606
630989,162,188,886,2014,19748.0,0.0,1.179325,1.355071,NLD,SAU,2606
630990,183,188,886,2014,0.0,6786.0,-0.37535599999999997,-1.0196370000000001,QAT,SAU,2606
630991,231,188,886,2014,23671.0,0.0,1.61227,0.068905,USA,SAU,2606
630992,43,192,886,2014,116899.0,0.0,1.187557,1.222085,CHN,SGP,2606
630993,103,192,886,2014,0.0,25431.0,-0.088032,1.3966459999999998,IDN,SGP,2606
630994,143,192,886,2014,0.0,23287.0,-1.5332459999999999,-1.145973,MMR,SGP,2606
630995,153,192,886,2014,0.0,33227.0,1.018138,0.774649,MYS,SGP,2606
630996,162,192,886,2014,12988.0,0.0,1.179325,1.355071,NLD,SGP,2606
630997,166,192,886,2014,0.0,25560.0,0.272502,0.21628699999999998,NZL,SGP,2606
630998,216,192,886,2014,20654.0,0.0,0.977094,1.41283,THA,SGP,2606
630999,231,192,886,2014,1138.0,0.0,1.61227,0.068905,USA,SGP,2606
631000,15,206,886,2014,87335.0,0.0,1.7116790000000002,-0.140232,AUT,SVK,2606
631001,43,206,886,2014,856463.0,0.0,1.187557,1.222085,CHN,SVK,2606
631002,59,206,886,2014,21825.0,266202.0,1.8105830000000003,0.131131,CZE,SVK,2606
631003,61,206,886,2014,826658.0,264160.0,2.052849,-2.888805,DEU,SVK,2606
631004,64,206,886,2014,0.0,10475.0,1.10869,1.245193,DNK,SVK,2606
631005,81,206,886,2014,100347.0,0.0,1.697964,0.585372,GBR,SVK,2606
631006,90,206,886,2014,261437.0,0.0,0.149337,0.8560540000000001,GRC,SVK,2606
631007,100,206,886,2014,0.0,4409.0,0.804401,1.250807,HRV,SVK,2606
631008,102,206,886,2014,23564.0,0.0,1.477093,0.812869,HUN,SVK,2606
631009,111,206,886,2014,2293000.0,149650.0,1.340136,0.43931099999999995,ITA,SVK,2606
631010,144,206,886,2014,73065.0,0.0,-0.17039100000000001,-0.21762399999999998,MNE,SVK,2606
631011,162,206,886,2014,6461.0,0.0,1.179325,1.355071,NLD,SVK,2606
631012,177,206,886,2014,220250.0,0.0,1.133102,1.177165,POL,SVK,2606
631013,207,206,886,2014,0.0,8935.0,1.6558669999999998,0.6814399999999999,SVN,SVK,2606
631014,224,206,886,2014,89047.0,0.0,0.554761,2.385693,TUR,SVK,2606
631015,231,206,886,2014,13388.0,0.0,1.61227,0.068905,USA,SVK,2606
631016,250,206,886,2014,441850.0,0.0,0.506842,0.049545,ANS,SVK,2606
631017,14,207,886,2014,2410.0,0.0,-0.398273,-0.17128,AUS,SVN,2606
631018,15,207,886,2014,0.0,61410.0,1.7116790000000002,-0.140232,AUT,SVN,2606
631019,18,207,886,2014,185703.0,0.0,1.234156,1.226441,BEL,SVN,2606
631020,26,207,886,2014,119242.0,7537.0,0.5083300000000001,0.711704,BIH,SVN,2606
631021,43,207,886,2014,934461.0,0.0,1.187557,1.222085,CHN,SVN,2606
631022,61,207,886,2014,117412.0,0.0,2.052849,-2.888805,DEU,SVN,2606
631023,96,207,886,2014,4073912.0,0.0,-1.068777,-1.038227,GUY,SVN,2606
631024,102,207,886,2014,2088.0,0.0,1.477093,0.812869,HUN,SVN,2606
631025,104,207,886,2014,2813550.0,0.0,0.262042,2.6305080000000003,IND,SVN,2606
631026,111,207,886,2014,141565.0,0.0,1.340136,0.43931099999999995,ITA,SVN,2606
631027,206,207,886,2014,8935.0,0.0,1.334959,0.821253,SVK,SVN,2606
631028,224,207,886,2014,155695.0,0.0,0.554761,2.385693,TUR,SVN,2606
631029,18,208,886,2014,28445.0,0.0,1.234156,1.226441,BEL,SWE,2606
631030,43,208,886,2014,196362.0,0.0,1.187557,1.222085,CHN,SWE,2606
631031,61,208,886,2014,421215.0,0.0,2.052849,-2.888805,DEU,SWE,2606
631032,64,208,886,2014,0.0,826459.0,1.10869,1.245193,DNK,SWE,2606
631033,74,208,886,2014,0.0,69313.0,1.626355,1.002923,FIN,SWE,2606
631034,77,208,886,2014,774266.0,0.0,1.4817790000000002,0.30995,FRA,SWE,2606
631035,81,208,886,2014,396907.0,0.0,1.697964,0.585372,GBR,SWE,2606
631036,96,208,886,2014,1221654.0,0.0,-1.068777,-1.038227,GUY,SWE,2606
631037,131,208,886,2014,418328.0,0.0,1.243845,1.155474,LUX,SWE,2606
631038,162,208,886,2014,66699.0,0.0,1.179325,1.355071,NLD,SWE,2606
631039,163,208,886,2014,0.0,6991.0,0.9187049999999999,0.182685,NOR,SWE,2606
631040,224,208,886,2014,22569.0,0.0,0.554761,2.385693,TUR,SWE,2606
631041,43,216,886,2014,6677538.0,524310.0,1.187557,1.222085,CHN,THA,2606
631042,61,216,886,2014,0.0,16195.0,2.052849,-2.888805,DEU,THA,2606
631043,81,216,886,2014,17743.0,0.0,1.697964,0.585372,GBR,THA,2606
631044,97,216,886,2014,64117.0,0.0,0.812132,1.722493,HKG,THA,2606
631045,103,216,886,2014,401648.0,0.0,-0.088032,1.3966459999999998,IDN,THA,2606
631046,104,216,886,2014,100438.0,0.0,0.262042,2.6305080000000003,IND,THA,2606
631047,153,216,886,2014,696179.0,110092.0,1.018138,0.774649,MYS,THA,2606
631048,192,216,886,2014,0.0,20654.0,1.867492,0.626736,SGP,THA,2606
631049,231,216,886,2014,8316.0,0.0,1.61227,0.068905,USA,THA,2606
631050,43,222,886,2014,0.0,1506652.0,1.187557,1.222085,CHN,TTO,2606
631051,231,222,886,2014,44544.0,0.0,1.61227,0.068905,USA,TTO,2606
631052,18,224,886,2014,0.0,319189.0,1.234156,1.226441,BEL,TUR,2606
631053,39,224,886,2014,0.0,1895468.0,0.671395,1.024683,CAN,TUR,2606
631054,43,224,886,2014,2007041.0,36498.0,1.187557,1.222085,CHN,TUR,2606
631055,59,224,886,2014,0.0,20729.0,1.8105830000000003,0.131131,CZE,TUR,2606
631056,61,224,886,2014,2222.0,5417.0,2.052849,-2.888805,DEU,TUR,2606
631057,71,224,886,2014,109445.0,1652641.0,0.842147,2.45692,ESP,TUR,2606
631058,77,224,886,2014,23413.0,171956.0,1.4817790000000002,0.30995,FRA,TUR,2606
631059,81,224,886,2014,35064.0,0.0,1.697964,0.585372,GBR,TUR,2606
631060,90,224,886,2014,0.0,742802.0,0.149337,0.8560540000000001,GRC,TUR,2606
631061,96,224,886,2014,2256906.0,0.0,-1.068777,-1.038227,GUY,TUR,2606
631062,100,224,886,2014,0.0,1143760.0,0.804401,1.250807,HRV,TUR,2606
631063,104,224,886,2014,8260.0,0.0,0.262042,2.6305080000000003,IND,TUR,2606
631064,110,224,886,2014,0.0,7833.0,1.211141,0.64523,ISR,TUR,2606
631065,124,224,886,2014,0.0,914664.0,0.308677,1.7564490000000001,LBN,TUR,2606
631066,159,224,886,2014,0.0,1052.0,-1.2126430000000001,-1.059697,NGA,TUR,2606
631067,162,224,886,2014,27393.0,0.0,1.179325,1.355071,NLD,TUR,2606
631068,177,224,886,2014,0.0,792692.0,1.133102,1.177165,POL,TUR,2606
631069,185,224,886,2014,0.0,101437.0,0.9112,1.188161,ROU,TUR,2606
631070,186,224,886,2014,0.0,160203.0,0.229422,-0.214856,RUS,TUR,2606
631071,206,224,886,2014,0.0,89047.0,1.334959,0.821253,SVK,TUR,2606
631072,207,224,886,2014,0.0,155695.0,1.6558669999999998,0.6814399999999999,SVN,TUR,2606
631073,208,224,886,2014,0.0,22569.0,1.817752,0.558474,SWE,TUR,2606
631074,228,224,886,2014,0.0,145991.0,0.566535,0.832267,UKR,TUR,2606
631075,231,224,886,2014,0.0,501513.0,1.61227,0.068905,USA,TUR,2606
631076,246,224,886,2014,7266.0,0.0,0.282927,1.723214,ZAF,TUR,2606
631077,18,228,886,2014,0.0,5061.0,1.234156,1.226441,BEL,UKR,2606
631078,28,228,886,2014,0.0,118443.0,0.874108,0.676231,BLR,UKR,2606
631079,32,228,886,2014,52453.0,0.0,0.218223,0.556921,BRA,UKR,2606
631080,43,228,886,2014,1190561.0,12887.0,1.187557,1.222085,CHN,UKR,2606
631081,61,228,886,2014,537881.0,45471.0,2.052849,-2.888805,DEU,UKR,2606
631082,72,228,886,2014,0.0,3095.0,0.9147780000000001,1.151556,EST,UKR,2606
631083,77,228,886,2014,0.0,68754.0,1.4817790000000002,0.30995,FRA,UKR,2606
631084,81,228,886,2014,0.0,23905.0,1.697964,0.585372,GBR,UKR,2606
631085,85,228,886,2014,79324464.0,0.0,-1.628409,-1.202473,GIN,UKR,2606
631086,90,228,886,2014,699544.0,0.0,0.149337,0.8560540000000001,GRC,UKR,2606
631087,96,228,886,2014,36245156.0,0.0,-1.068777,-1.038227,GUY,UKR,2606
631088,102,228,886,2014,0.0,11155.0,1.477093,0.812869,HUN,UKR,2606
631089,111,228,886,2014,4418.0,43333.0,1.340136,0.43931099999999995,ITA,UKR,2606
631090,162,228,886,2014,5348.0,25495.0,1.179325,1.355071,NLD,UKR,2606
631091,177,228,886,2014,0.0,64454.0,1.133102,1.177165,POL,UKR,2606
631092,186,228,886,2014,0.0,724881.0,0.229422,-0.214856,RUS,UKR,2606
631093,224,228,886,2014,145991.0,0.0,0.554761,2.385693,TUR,UKR,2606
631094,32,230,886,2014,1205540.0,0.0,0.218223,0.556921,BRA,URY,2606
631095,43,230,886,2014,22083.0,0.0,1.187557,1.222085,CHN,URY,2606
631096,64,230,886,2014,0.0,654481.0,1.10869,1.245193,DNK,URY,2606
631097,2,231,886,2014,0.0,1540.0,-1.8184900000000002,-1.149191,AGO,USA,2606
631098,7,231,886,2014,4371.0,554889.0,0.087775,-0.289459,ARE,USA,2606
631099,14,231,886,2014,7226209.0,28176.0,-0.398273,-0.17128,AUS,USA,2606
631100,15,231,886,2014,0.0,44444.0,1.7116790000000002,-0.140232,AUT,USA,2606
631101,18,231,886,2014,36632.0,109989.0,1.234156,1.226441,BEL,USA,2606
631102,32,231,886,2014,127372000.0,7151.0,0.218223,0.556921,BRA,USA,2606
631103,33,231,886,2014,0.0,1407.0,0.44968400000000003,-0.15268900000000002,BRB,USA,2606
631104,39,231,886,2014,10038.0,1833096.0,0.671395,1.024683,CAN,USA,2606
631105,42,231,886,2014,0.0,52529.0,-0.344671,-0.43380799999999997,CHL,USA,2606
631106,43,231,886,2014,33782132.0,3726.0,1.187557,1.222085,CHN,USA,2606
631107,49,231,886,2014,2474.0,14822.0,0.19864500000000002,-0.378364,COL,USA,2606
631108,61,231,886,2014,18981.0,161888.0,2.052849,-2.888805,DEU,USA,2606
631109,65,231,886,2014,667556.0,0.0,-0.180845,0.508512,DOM,USA,2606
631110,67,231,886,2014,0.0,169688.0,-1.066865,-1.052921,ECU,USA,2606
631111,71,231,886,2014,0.0,52192.0,0.842147,2.45692,ESP,USA,2606
631112,77,231,886,2014,47508.0,27398.0,1.4817790000000002,0.30995,FRA,USA,2606
631113,81,231,886,2014,60335.0,81425.0,1.697964,0.585372,GBR,USA,2606
631114,85,231,886,2014,85819352.0,0.0,-1.628409,-1.202473,GIN,USA,2606
631115,90,231,886,2014,3162636.0,0.0,0.149337,0.8560540000000001,GRC,USA,2606
631116,96,231,886,2014,42879524.0,0.0,-1.068777,-1.038227,GUY,USA,2606
631117,97,231,886,2014,0.0,3819.0,0.812132,1.722493,HKG,USA,2606
631118,100,231,886,2014,0.0,23444.0,0.804401,1.250807,HRV,USA,2606
631119,104,231,886,2014,179359.0,4132.0,0.262042,2.6305080000000003,IND,USA,2606
631120,106,231,886,2014,0.0,146498.0,1.2658399999999999,0.278546,IRL,USA,2606
631121,110,231,886,2014,0.0,31096.0,1.211141,0.64523,ISR,USA,2606
631122,111,231,886,2014,0.0,2569752.0,1.340136,0.43931099999999995,ITA,USA,2606
631123,112,231,886,2014,135089312.0,0.0,-0.42745299999999997,-0.7750130000000001,JAM,USA,2606
631124,114,231,886,2014,0.0,6208.0,2.403165,-0.635024,JPN,USA,2606
631125,138,231,886,2014,0.0,1099842.0,1.0799729999999998,0.697554,MEX,USA,2606
631126,159,231,886,2014,108936.0,4860782.0,-1.2126430000000001,-1.059697,NGA,USA,2606
631127,162,231,886,2014,610933.0,0.0,1.179325,1.355071,NLD,USA,2606
631128,173,231,886,2014,0.0,18896.0,-0.557833,0.611826,PER,USA,2606
631129,177,231,886,2014,0.0,4102.0,1.133102,1.177165,POL,USA,2606
631130,185,231,886,2014,0.0,705850.0,0.9112,1.188161,ROU,USA,2606
631131,188,231,886,2014,0.0,23671.0,0.5758439999999999,-0.832692,SAU,USA,2606
631132,192,231,886,2014,0.0,1138.0,1.867492,0.626736,SGP,USA,2606
631133,201,231,886,2014,0.0,16831.0,0.551635,1.211535,SRB,USA,2606
631134,206,231,886,2014,0.0,13388.0,1.334959,0.821253,SVK,USA,2606
631135,216,231,886,2014,0.0,8316.0,0.977094,1.41283,THA,USA,2606
631136,222,231,886,2014,0.0,44544.0,-0.57362,-1.117545,TTO,USA,2606
631137,224,231,886,2014,501513.0,0.0,0.554761,2.385693,TUR,USA,2606
631138,239,231,886,2014,0.0,31771.0,-0.023765,1.344416,VNM,USA,2606
631139,249,231,886,2014,0.0,72868.0,1.9044189999999999,1.0595139999999998,TWN,USA,2606
631140,7,246,886,2014,8767.0,0.0,0.087775,-0.289459,ARE,ZAF,2606
631141,18,246,886,2014,2861.0,0.0,1.234156,1.226441,BEL,ZAF,2606
631142,32,246,886,2014,66998.0,0.0,0.218223,0.556921,BRA,ZAF,2606
631143,41,246,886,2014,0.0,1093.0,2.2000919999999997,0.65398,CHE,ZAF,2606
631144,43,246,886,2014,2763736.0,0.0,1.187557,1.222085,CHN,ZAF,2606
631145,61,246,886,2014,36037.0,0.0,2.052849,-2.888805,DEU,ZAF,2606
631146,90,246,886,2014,1157996.0,0.0,0.149337,0.8560540000000001,GRC,ZAF,2606
631147,129,246,886,2014,0.0,4992.0,-0.59647,-0.58713,LSO,ZAF,2606
631148,136,246,886,2014,0.0,18321.0,-1.002122,-0.44446,MDG,ZAF,2606
631149,162,246,886,2014,0.0,178194.0,1.179325,1.355071,NLD,ZAF,2606
631150,177,246,886,2014,0.0,8721.0,1.133102,1.177165,POL,ZAF,2606
631151,224,246,886,2014,0.0,7266.0,0.554761,2.385693,TUR,ZAF,2606
631152,247,246,886,2014,0.0,7096.0,-0.664089,-0.793452,ZMB,ZAF,2606
631153,43,249,886,2014,9027082.0,1152.0,1.187557,1.222085,CHN,TWN,2606
631154,61,249,886,2014,200753.0,0.0,2.052849,-2.888805,DEU,TWN,2606
631155,77,249,886,2014,37545.0,0.0,1.4817790000000002,0.30995,FRA,TWN,2606
631156,81,249,886,2014,31202.0,0.0,1.697964,0.585372,GBR,TWN,2606
631157,96,249,886,2014,855719.0,0.0,-1.068777,-1.038227,GUY,TWN,2606
631158,97,249,886,2014,0.0,16914.0,0.812132,1.722493,HKG,TWN,2606
631159,103,249,886,2014,0.0,83796.0,-0.088032,1.3966459999999998,IDN,TWN,2606
631160,114,249,886,2014,0.0,20307.0,2.403165,-0.635024,JPN,TWN,2606
631161,153,249,886,2014,0.0,1724.0,1.018138,0.774649,MYS,TWN,2606
631162,174,249,886,2014,0.0,1290.0,0.637442,0.475883,PHL,TWN,2606
631163,231,249,886,2014,72868.0,0.0,1.61227,0.068905,USA,TWN,2606
631164,239,249,886,2014,0.0,17691.0,-0.023765,1.344416,VNM,TWN,2606
631165,7,250,886,2014,0.0,32787.0,0.087775,-0.289459,ARE,ANS,2606
631166,73,250,886,2014,0.0,1419411.0,-1.296535,-1.045942,ETH,ANS,2606
631167,104,250,886,2014,14359.0,0.0,0.262042,2.6305080000000003,IND,ANS,2606
631168,106,250,886,2014,0.0,444209.0,1.2658399999999999,0.278546,IRL,ANS,2606
631169,111,250,886,2014,0.0,20040.0,1.340136,0.43931099999999995,ITA,ANS,2606
631170,185,250,886,2014,0.0,72443.0,0.9112,1.188161,ROU,ANS,2606
631171,206,250,886,2014,0.0,441850.0,1.334959,0.821253,SVK,ANS,2606
631172,15,14,886,2014,0.0,24866.0,1.7116790000000002,-0.140232,AUT,AUS,2606
631173,24,14,886,2014,0.0,173107040.0,0.460168,-0.41671099999999994,BHR,AUS,2606
631174,32,14,886,2014,3339.0,0.0,0.218223,0.556921,BRA,AUS,2606
631175,39,14,886,2014,16407.0,0.0,0.671395,1.024683,CAN,AUS,2606
631176,43,14,886,2014,974298.0,610954560.0,1.187557,1.222085,CHN,AUS,2606
631177,48,14,886,2014,0.0,1711618.0,0.151329,-0.693285,COK,AUS,2606
631178,61,14,886,2014,206393.0,0.0,2.052849,-2.888805,DEU,AUS,2606
631179,64,14,886,2014,2042.0,0.0,1.10869,1.245193,DNK,AUS,2606
631180,81,14,886,2014,0.0,10251.0,1.697964,0.585372,GBR,AUS,2606
631181,85,14,886,2014,2260.0,0.0,-1.628409,-1.202473,GIN,AUS,2606
631182,96,14,886,2014,76229.0,0.0,-1.068777,-1.038227,GUY,AUS,2606
631183,103,14,886,2014,0.0,10540.0,-0.088032,1.3966459999999998,IDN,AUS,2606
631184,104,14,886,2014,0.0,4026907.0,0.262042,2.6305080000000003,IND,AUS,2606
631185,114,14,886,2014,1303.0,0.0,2.403165,-0.635024,JPN,AUS,2606
631186,121,14,886,2014,0.0,12072329.0,1.817145,0.8394530000000001,KOR,AUS,2606
631187,136,14,886,2014,0.0,24972.0,-1.002122,-0.44446,MDG,AUS,2606
631188,153,14,886,2014,41724.0,17504.0,1.018138,0.774649,MYS,AUS,2606
631189,166,14,886,2014,0.0,21352.0,0.272502,0.21628699999999998,NZL,AUS,2606
631190,174,14,886,2014,0.0,380497.0,0.637442,0.475883,PHL,AUS,2606
631191,207,14,886,2014,0.0,2410.0,1.6558669999999998,0.6814399999999999,SVN,AUS,2606
631192,231,14,886,2014,28176.0,7226209.0,1.61227,0.068905,USA,AUS,2606
631193,61,23,886,2014,5958.0,0.0,2.052849,-2.888805,DEU,BGR,2606
631194,64,23,886,2014,0.0,2284.0,1.10869,1.245193,DNK,BGR,2606
631195,90,23,886,2014,163441.0,0.0,0.149337,0.8560540000000001,GRC,BGR,2606
631196,104,23,886,2014,129427.0,0.0,0.262042,2.6305080000000003,IND,BGR,2606
631197,185,23,886,2014,35839.0,0.0,0.9112,1.188161,ROU,BGR,2606
631198,7,24,886,2014,0.0,46469.0,0.087775,-0.289459,ARE,BHR,2606
631199,14,24,886,2014,173107040.0,0.0,-0.398273,-0.17128,AUS,BHR,2606
631200,41,24,886,2014,16117429.0,0.0,2.2000919999999997,0.65398,CHE,BHR,2606
631201,104,24,886,2014,7392760.0,0.0,0.262042,2.6305080000000003,IND,BHR,2606
631202,18,26,886,2014,15629.0,0.0,1.234156,1.226441,BEL,BIH,2606
631203,100,26,886,2014,0.0,420498.0,0.804401,1.250807,HRV,BIH,2606
631204,144,26,886,2014,1675665.0,0.0,-0.17039100000000001,-0.21762399999999998,MNE,BIH,2606
631205,177,26,886,2014,0.0,57320.0,1.133102,1.177165,POL,BIH,2606
631206,207,26,886,2014,7537.0,119242.0,1.6558669999999998,0.6814399999999999,SVN,BIH,2606
631207,71,28,886,2014,7144.0,0.0,0.842147,2.45692,ESP,BLR,2606
631208,186,28,886,2014,66789.0,0.0,0.229422,-0.214856,RUS,BLR,2606
631209,228,28,886,2014,118443.0,0.0,0.566535,0.832267,UKR,BLR,2606
631210,43,68,886,2014,3819494.0,0.0,1.187557,1.222085,CHN,EGY,2606
631211,71,68,886,2014,58549.0,0.0,0.842147,2.45692,ESP,EGY,2606
631212,104,68,886,2014,15703.0,0.0,0.262042,2.6305080000000003,IND,EGY,2606
631213,111,68,886,2014,61910.0,0.0,1.340136,0.43931099999999995,ITA,EGY,2606
631214,7,107,886,2014,488988.0,0.0,0.087775,-0.289459,ARE,IRN,2606
631215,43,107,886,2014,421003.0,0.0,1.187557,1.222085,CHN,IRN,2606
631216,85,107,886,2014,12035797.0,0.0,-1.628409,-1.202473,GIN,IRN,2606
631217,97,107,886,2014,7260.0,0.0,0.812132,1.722493,HKG,IRN,2606
631218,104,107,886,2014,295626.0,0.0,0.262042,2.6305080000000003,IND,IRN,2606
631219,186,115,886,2014,1380158.0,0.0,0.229422,-0.214856,RUS,KAZ,2606
631220,71,124,886,2014,2916.0,0.0,0.842147,2.45692,ESP,LBN,2606
631221,224,124,886,2014,914664.0,0.0,0.554761,2.385693,TUR,LBN,2606
631222,43,128,886,2014,12292.0,0.0,1.187557,1.222085,CHN,LKA,2606
631223,104,128,886,2014,10062.0,0.0,0.262042,2.6305080000000003,IND,LKA,2606
631224,64,130,886,2014,0.0,4363.0,1.10869,1.245193,DNK,LTU,2606
631225,15,131,886,2014,0.0,1599335.0,1.7116790000000002,-0.140232,AUT,LUX,2606
631226,18,131,886,2014,0.0,109889.0,1.234156,1.226441,BEL,LUX,2606
631227,61,131,886,2014,517057.0,879471.0,2.052849,-2.888805,DEU,LUX,2606
631228,71,131,886,2014,0.0,3690.0,0.842147,2.45692,ESP,LUX,2606
631229,77,131,886,2014,42560.0,16970.0,1.4817790000000002,0.30995,FRA,LUX,2606
631230,81,131,886,2014,0.0,15741.0,1.697964,0.585372,GBR,LUX,2606
631231,96,131,886,2014,1061649.0,0.0,-1.068777,-1.038227,GUY,LUX,2606
631232,208,131,886,2014,0.0,418328.0,1.817752,0.558474,SWE,LUX,2606
631233,64,132,886,2014,0.0,25798.0,1.10869,1.245193,DNK,LVA,2606
631234,186,132,886,2014,0.0,12958.0,0.229422,-0.214856,RUS,LVA,2606
631235,43,140,886,2014,238595.0,0.0,1.187557,1.222085,CHN,MKD,2606
631236,61,140,886,2014,381806.0,0.0,2.052849,-2.888805,DEU,MKD,2606
631237,247,147,886,2014,0.0,41412.0,-0.664089,-0.793452,ZMB,MOZ,2606
631238,248,147,886,2014,0.0,293020.0,-0.821369,-0.864232,ZWE,MOZ,2606
631239,104,164,886,2014,552437.0,0.0,0.262042,2.6305080000000003,IND,NPL,2606
631240,71,168,886,2014,0.0,22266.0,0.842147,2.45692,ESP,PAK,2606
631241,104,168,886,2014,0.0,5444577.0,0.262042,2.6305080000000003,IND,PAK,2606
631242,7,183,886,2014,0.0,3208.0,0.087775,-0.289459,ARE,QAT,2606
631243,104,183,886,2014,5509524.0,0.0,0.262042,2.6305080000000003,IND,QAT,2606
631244,162,183,886,2014,8844.0,0.0,1.179325,1.355071,NLD,QAT,2606
631245,188,183,886,2014,6786.0,0.0,0.5758439999999999,-0.832692,SAU,QAT,2606
631246,23,185,886,2014,0.0,35839.0,0.579058,1.6558110000000001,BGR,ROU,2606
631247,43,185,886,2014,770513.0,0.0,1.187557,1.222085,CHN,ROU,2606
631248,59,185,886,2014,12877.0,0.0,1.8105830000000003,0.131131,CZE,ROU,2606
631249,61,185,886,2014,314639.0,0.0,2.052849,-2.888805,DEU,ROU,2606
631250,64,185,886,2014,30618.0,0.0,1.10869,1.245193,DNK,ROU,2606
631251,85,185,886,2014,1019773.0,0.0,-1.628409,-1.202473,GIN,ROU,2606
631252,90,185,886,2014,82891.0,0.0,0.149337,0.8560540000000001,GRC,ROU,2606
631253,102,185,886,2014,18768.0,0.0,1.477093,0.812869,HUN,ROU,2606
631254,111,185,886,2014,7906.0,0.0,1.340136,0.43931099999999995,ITA,ROU,2606
631255,196,185,886,2014,46729780.0,0.0,-0.9228569999999999,-0.791482,SLE,ROU,2606
631256,201,185,886,2014,0.0,576684.0,0.551635,1.211535,SRB,ROU,2606
631257,224,185,886,2014,101437.0,0.0,0.554761,2.385693,TUR,ROU,2606
631258,231,185,886,2014,705850.0,0.0,1.61227,0.068905,USA,ROU,2606
631259,250,185,886,2014,72443.0,0.0,0.506842,0.049545,ANS,ROU,2606
631260,18,186,886,2014,232743.0,0.0,1.234156,1.226441,BEL,RUS,2606
631261,28,186,886,2014,0.0,66789.0,0.874108,0.676231,BLR,RUS,2606
631262,43,186,886,2014,9873941.0,0.0,1.187557,1.222085,CHN,RUS,2606
631263,61,186,886,2014,36716.0,0.0,2.052849,-2.888805,DEU,RUS,2606
631264,81,186,886,2014,95281.0,0.0,1.697964,0.585372,GBR,RUS,2606
631265,96,186,886,2014,585393.0,0.0,-1.068777,-1.038227,GUY,RUS,2606
631266,111,186,886,2014,2455694.0,0.0,1.340136,0.43931099999999995,ITA,RUS,2606
631267,115,186,886,2014,0.0,1380158.0,-0.210431,-0.574075,KAZ,RUS,2606
631268,132,186,886,2014,12958.0,0.0,0.613116,1.1899790000000001,LVA,RUS,2606
631269,162,186,886,2014,788342.0,75378.0,1.179325,1.355071,NLD,RUS,2606
631270,224,186,886,2014,160203.0,0.0,0.554761,2.385693,TUR,RUS,2606
631271,228,186,886,2014,724881.0,0.0,0.566535,0.832267,UKR,RUS,2606
631272,43,201,886,2014,11939.0,0.0,1.187557,1.222085,CHN,SRB,2606
631273,144,201,886,2014,13195.0,0.0,-0.17039100000000001,-0.21762399999999998,MNE,SRB,2606
631274,185,201,886,2014,576684.0,0.0,0.9112,1.188161,ROU,SRB,2606
631275,231,201,886,2014,16831.0,0.0,1.61227,0.068905,USA,SRB,2606
631276,77,21,886,2014,1222.0,0.0,1.4817790000000002,0.30995,FRA,BFA,2606
631277,43,22,886,2014,22800.0,0.0,1.187557,1.222085,CHN,BGD,2606
631278,104,22,886,2014,51860.0,0.0,0.262042,2.6305080000000003,IND,BGD,2606
631279,32,31,886,2014,37559.0,0.0,0.218223,0.556921,BRA,BOL,2606
631280,77,45,886,2014,0.0,10203.0,1.4817790000000002,0.30995,FRA,CMR,2606
631281,64,66,886,2014,105241.0,0.0,1.10869,1.245193,DNK,DZA,2606
631282,77,66,886,2014,551985.0,0.0,1.4817790000000002,0.30995,FRA,DZA,2606
631283,104,66,886,2014,12124.0,0.0,0.262042,2.6305080000000003,IND,DZA,2606
631284,7,73,886,2014,12239.0,0.0,0.087775,-0.289459,ARE,ETH,2606
631285,250,73,886,2014,1419411.0,0.0,0.506842,0.049545,ANS,ETH,2606
631286,43,83,886,2014,0.0,57597424.0,1.187557,1.222085,CHN,GHA,2606
631287,159,83,886,2014,361468.0,0.0,-1.2126430000000001,-1.059697,NGA,GHA,2606
631288,14,85,886,2014,0.0,2260.0,-0.398273,-0.17128,AUS,GIN,2606
631289,39,85,886,2014,0.0,44519588.0,0.671395,1.024683,CAN,GIN,2606
631290,43,85,886,2014,0.0,9488810.0,1.187557,1.222085,CHN,GIN,2606
631291,61,85,886,2014,0.0,92259184.0,2.052849,-2.888805,DEU,GIN,2606
631292,71,85,886,2014,0.0,149212816.0,0.842147,2.45692,ESP,GIN,2606
631293,77,85,886,2014,0.0,35063476.0,1.4817790000000002,0.30995,FRA,GIN,2606
631294,90,85,886,2014,0.0,2570562.0,0.149337,0.8560540000000001,GRC,GIN,2606
631295,104,85,886,2014,0.0,66174760.0,0.262042,2.6305080000000003,IND,GIN,2606
631296,106,85,886,2014,0.0,114919672.0,1.2658399999999999,0.278546,IRL,GIN,2606
631297,107,85,886,2014,0.0,12035797.0,-0.361058,-0.312743,IRN,GIN,2606
631298,185,85,886,2014,0.0,1019773.0,0.9112,1.188161,ROU,GIN,2606
631299,228,85,886,2014,0.0,79324464.0,0.566535,0.832267,UKR,GIN,2606
631300,231,85,886,2014,0.0,85819352.0,1.61227,0.068905,USA,GIN,2606
631301,26,100,886,2014,420498.0,0.0,0.5083300000000001,0.711704,BIH,HRV,2606
631302,43,100,886,2014,6285331.0,0.0,1.187557,1.222085,CHN,HRV,2606
631303,61,100,886,2014,5994.0,0.0,2.052849,-2.888805,DEU,HRV,2606
631304,90,100,886,2014,1142509.0,0.0,0.149337,0.8560540000000001,GRC,HRV,2606
631305,96,100,886,2014,1020931.0,0.0,-1.068777,-1.038227,GUY,HRV,2606
631306,102,100,886,2014,2946.0,0.0,1.477093,0.812869,HUN,HRV,2606
631307,104,100,886,2014,8653.0,0.0,0.262042,2.6305080000000003,IND,HRV,2606
631308,111,100,886,2014,152991.0,0.0,1.340136,0.43931099999999995,ITA,HRV,2606
631309,144,100,886,2014,1977.0,0.0,-0.17039100000000001,-0.21762399999999998,MNE,HRV,2606
631310,162,100,886,2014,35263.0,0.0,1.179325,1.355071,NLD,HRV,2606
631311,206,100,886,2014,4409.0,0.0,1.334959,0.821253,SVK,HRV,2606
631312,224,100,886,2014,1143760.0,0.0,0.554761,2.385693,TUR,HRV,2606
631313,231,100,886,2014,23444.0,0.0,1.61227,0.068905,USA,HRV,2606
631314,7,108,886,2014,1117.0,0.0,0.087775,-0.289459,ARE,IRQ,2606
631315,113,108,886,2014,9557.0,0.0,0.210208,0.48732299999999995,JOR,IRQ,2606
631316,61,109,886,2014,0.0,11341206.0,2.052849,-2.888805,DEU,ISL,2606
631317,14,136,886,2014,24972.0,0.0,-0.398273,-0.17128,AUS,MDG,2606
631318,246,136,886,2014,18321.0,0.0,0.282927,1.723214,ZAF,MDG,2606
631319,7,159,886,2014,0.0,195091.0,0.087775,-0.289459,ARE,NGA,2606
631320,43,159,886,2014,344437.0,490801.0,1.187557,1.222085,CHN,NGA,2606
631321,83,159,886,2014,0.0,361468.0,-1.130226,-0.9909379999999999,GHA,NGA,2606
631322,96,159,886,2014,728306.0,0.0,-1.068777,-1.038227,GUY,NGA,2606
631323,104,159,886,2014,26146.0,1176163.0,0.262042,2.6305080000000003,IND,NGA,2606
631324,114,159,886,2014,0.0,373219.0,2.403165,-0.635024,JPN,NGA,2606
631325,121,159,886,2014,0.0,96419.0,1.817145,0.8394530000000001,KOR,NGA,2606
631326,162,159,886,2014,161148.0,0.0,1.179325,1.355071,NLD,NGA,2606
631327,188,159,886,2014,2887900.0,0.0,0.5758439999999999,-0.832692,SAU,NGA,2606
631328,224,159,886,2014,1052.0,0.0,0.554761,2.385693,TUR,NGA,2606
631329,231,159,886,2014,4860782.0,108936.0,1.61227,0.068905,USA,NGA,2606
631330,7,167,886,2014,2753314.0,0.0,0.087775,-0.289459,ARE,OMN,2606
631331,104,167,886,2014,2810826.0,0.0,0.262042,2.6305080000000003,IND,OMN,2606
631332,113,167,886,2014,79522.0,0.0,0.210208,0.48732299999999995,JOR,OMN,2606
631333,7,212,886,2014,0.0,10403.0,0.087775,-0.289459,ARE,SYR,2606
631334,32,223,886,2014,82345.0,0.0,0.218223,0.556921,BRA,TUN,2606
631335,43,223,886,2014,201709.0,0.0,1.187557,1.222085,CHN,TUN,2606
631336,64,223,886,2014,18076.0,0.0,1.10869,1.245193,DNK,TUN,2606
631337,43,226,886,2014,2454.0,0.0,1.187557,1.222085,CHN,TZA,2606
631338,202,227,886,2014,0.0,1286.0,-2.824279,-0.8767969999999999,SSD,UGA,2606
631339,43,239,886,2014,1521628.0,164945.0,1.187557,1.222085,CHN,VNM,2606
631340,97,239,886,2014,9796.0,0.0,0.812132,1.722493,HKG,VNM,2606
631341,104,239,886,2014,30402.0,0.0,0.262042,2.6305080000000003,IND,VNM,2606
631342,153,239,886,2014,0.0,1862.0,1.018138,0.774649,MYS,VNM,2606
631343,162,239,886,2014,6951.0,0.0,1.179325,1.355071,NLD,VNM,2606
631344,231,239,886,2014,31771.0,0.0,1.61227,0.068905,USA,VNM,2606
631345,249,239,886,2014,17691.0,0.0,1.9044189999999999,1.0595139999999998,TWN,VNM,2606
631346,90,247,886,2014,7906.0,0.0,0.149337,0.8560540000000001,GRC,ZMB,2606
631347,147,247,886,2014,41412.0,0.0,-1.1993610000000001,-1.040181,MOZ,ZMB,2606
631348,152,247,886,2014,2470.0,0.0,-0.494204,-0.751903,MWI,ZMB,2606
631349,246,247,886,2014,7096.0,0.0,0.282927,1.723214,ZAF,ZMB,2606
631350,147,248,886,2014,293020.0,0.0,-1.1993610000000001,-1.040181,MOZ,ZWE,2606
631351,14,96,886,2014,0.0,76229.0,-0.398273,-0.17128,AUS,GUY,2606
631352,15,96,886,2014,0.0,557862.0,1.7116790000000002,-0.140232,AUT,GUY,2606
631353,18,96,886,2014,0.0,188867.0,1.234156,1.226441,BEL,GUY,2606
631354,39,96,886,2014,0.0,641221.0,0.671395,1.024683,CAN,GUY,2606
631355,43,96,886,2014,0.0,1478060.0,1.187557,1.222085,CHN,GUY,2606
631356,49,96,886,2014,0.0,354192.0,0.19864500000000002,-0.378364,COL,GUY,2606
631357,61,96,886,2014,0.0,4444732.0,2.052849,-2.888805,DEU,GUY,2606
631358,67,96,886,2014,0.0,587184.0,-1.066865,-1.052921,ECU,GUY,2606
631359,71,96,886,2014,0.0,3349376.0,0.842147,2.45692,ESP,GUY,2606
631360,77,96,886,2014,0.0,1978310.0,1.4817790000000002,0.30995,FRA,GUY,2606
631361,81,96,886,2014,0.0,5140826.0,1.697964,0.585372,GBR,GUY,2606
631362,100,96,886,2014,0.0,1020931.0,0.804401,1.250807,HRV,GUY,2606
631363,106,96,886,2014,0.0,2438032.0,1.2658399999999999,0.278546,IRL,GUY,2606
631364,111,96,886,2014,0.0,3595427.0,1.340136,0.43931099999999995,ITA,GUY,2606
631365,114,96,886,2014,0.0,2926220.0,2.403165,-0.635024,JPN,GUY,2606
631366,121,96,886,2014,0.0,47047.0,1.817145,0.8394530000000001,KOR,GUY,2606
631367,131,96,886,2014,0.0,1061649.0,1.243845,1.155474,LUX,GUY,2606
631368,138,96,886,2014,0.0,3474564.0,1.0799729999999998,0.697554,MEX,GUY,2606
631369,159,96,886,2014,0.0,728306.0,-1.2126430000000001,-1.059697,NGA,GUY,2606
631370,162,96,886,2014,0.0,14174791.0,1.179325,1.355071,NLD,GUY,2606
631371,166,96,886,2014,0.0,89111.0,0.272502,0.21628699999999998,NZL,GUY,2606
631372,173,96,886,2014,0.0,538003.0,-0.557833,0.611826,PER,GUY,2606
631373,177,96,886,2014,0.0,631940.0,1.133102,1.177165,POL,GUY,2606
631374,186,96,886,2014,0.0,585393.0,0.229422,-0.214856,RUS,GUY,2606
631375,207,96,886,2014,0.0,4073912.0,1.6558669999999998,0.6814399999999999,SVN,GUY,2606
631376,208,96,886,2014,0.0,1221654.0,1.817752,0.558474,SWE,GUY,2606
631377,224,96,886,2014,0.0,2256906.0,0.554761,2.385693,TUR,GUY,2606
631378,228,96,886,2014,0.0,36245156.0,0.566535,0.832267,UKR,GUY,2606
631379,231,96,886,2014,0.0,42879524.0,1.61227,0.068905,USA,GUY,2606
631380,249,96,886,2014,0.0,855719.0,1.9044189999999999,1.0595139999999998,TWN,GUY,2606
631381,111,2,886,2014,2254.0,0.0,1.340136,0.43931099999999995,ITA,AGO,2606
631382,231,2,886,2014,1540.0,0.0,1.61227,0.068905,USA,AGO,2606
631383,26,144,886,2014,0.0,1675665.0,0.5083300000000001,0.711704,BIH,MNE,2606
631384,59,144,886,2014,0.0,1318287.0,1.8105830000000003,0.131131,CZE,MNE,2606
631385,100,144,886,2014,0.0,1977.0,0.804401,1.250807,HRV,MNE,2606
631386,177,144,886,2014,0.0,2410.0,1.133102,1.177165,POL,MNE,2606
631387,201,144,886,2014,0.0,13195.0,0.551635,1.211535,SRB,MNE,2606
631388,206,144,886,2014,0.0,73065.0,1.334959,0.821253,SVK,MNE,2606
631389,185,196,886,2014,0.0,46729780.0,0.9112,1.188161,ROU,SLE,2606
631390,43,75,886,2014,0.0,8414374.0,1.187557,1.222085,CHN,FJI,2606
631391,7,1,886,2014,21596.0,0.0,0.087775,-0.289459,ARE,AFG,2606
631392,153,34,886,2014,3547.0,0.0,1.018138,0.774649,MYS,BRN,2606
631393,246,129,886,2014,4992.0,0.0,0.282927,1.723214,ZAF,LSO,2606
631394,121,143,886,2014,0.0,21146.0,1.817145,0.8394530000000001,KOR,MMR,2606
631395,192,143,886,2014,23287.0,0.0,1.867492,0.626736,SGP,MMR,2606
631396,247,152,886,2014,0.0,2470.0,-0.664089,-0.793452,ZMB,MWI,2606
631397,43,195,886,2014,0.0,465584.0,1.187557,1.222085,CHN,SLB,2606
631398,227,202,886,2014,1286.0,0.0,-0.46911800000000003,0.25446599999999997,UGA,SSD,2606
631399,14,48,886,2014,1711618.0,0.0,-0.398273,-0.17128,AUS,COK,2606
631400,1,7,896,2014,0.0,36943.0,-0.924386,-0.839385,AFG,ARE,2616
631401,81,7,896,2014,0.0,39221.0,1.697964,0.585372,GBR,ARE,2616
631402,188,7,896,2014,0.0,150537.0,0.5758439999999999,-0.832692,SAU,ARE,2616
631403,227,7,896,2014,6007.0,0.0,-0.46911800000000003,0.25446599999999997,UGA,ARE,2616
631404,231,7,896,2014,6740.0,0.0,1.61227,0.068905,USA,ARE,2616
631405,18,8,896,2014,0.0,29609626.0,1.234156,1.226441,BEL,ARG,2616
631406,39,8,896,2014,1570.0,11588368.0,0.671395,1.024683,CAN,ARG,2616
631407,61,8,896,2014,0.0,10420051.0,2.052849,-2.888805,DEU,ARG,2616
631408,114,8,896,2014,0.0,16647205.0,2.403165,-0.635024,JPN,ARG,2616
631409,115,8,896,2014,0.0,4870180.0,-0.210431,-0.574075,KAZ,ARG,2616
631410,121,8,896,2014,0.0,62567592.0,1.817145,0.8394530000000001,KOR,ARG,2616
631411,173,8,896,2014,0.0,47493772.0,-0.557833,0.611826,PER,ARG,2616
631412,61,15,896,2014,0.0,34931.0,2.052849,-2.888805,DEU,AUT,2616
631413,77,15,896,2014,5998.0,0.0,1.4817790000000002,0.30995,FRA,AUT,2616
631414,231,15,896,2014,88597.0,0.0,1.61227,0.068905,USA,AUT,2616
631415,246,15,896,2014,834.0,0.0,0.282927,1.723214,ZAF,AUT,2616
631416,8,18,896,2014,29609626.0,0.0,0.10691500000000001,0.44860600000000006,ARG,BEL,2616
631417,31,18,896,2014,45256933.0,0.0,-1.129494,-1.030198,BOL,BEL,2616
631418,32,18,896,2014,904527.0,0.0,0.218223,0.556921,BRA,BEL,2616
631419,41,18,896,2014,0.0,3844.0,2.2000919999999997,0.65398,CHE,BEL,2616
631420,43,18,896,2014,0.0,5260065.0,1.187557,1.222085,CHN,BEL,2616
631421,61,18,896,2014,0.0,9645614.0,2.052849,-2.888805,DEU,BEL,2616
631422,74,18,896,2014,1957287.0,0.0,1.626355,1.002923,FIN,BEL,2616
631423,77,18,896,2014,759405.0,0.0,1.4817790000000002,0.30995,FRA,BEL,2616
631424,81,18,896,2014,0.0,7048182.0,1.697964,0.585372,GBR,BEL,2616
631425,99,18,896,2014,1970916.0,0.0,-0.467004,0.045511,HND,BEL,2616
631426,106,18,896,2014,0.0,110868.0,1.2658399999999999,0.278546,IRL,BEL,2616
631427,121,18,896,2014,0.0,202666.0,1.817145,0.8394530000000001,KOR,BEL,2616
631428,134,18,896,2014,894788.0,0.0,-0.574034,0.065788,MAR,BEL,2616
631429,173,18,896,2014,32801374.0,0.0,-0.557833,0.611826,PER,BEL,2616
631430,177,18,896,2014,0.0,23887.0,1.133102,1.177165,POL,BEL,2616
631431,179,18,896,2014,1877010.0,0.0,0.621053,2.349644,PRT,BEL,2616
631432,196,18,896,2014,1134.0,0.0,-0.9228569999999999,-0.791482,SLE,BEL,2616
631433,206,18,896,2014,19730234.0,0.0,1.334959,0.821253,SVK,BEL,2616
631434,226,18,896,2014,1477843.0,0.0,-1.054331,0.166345,TZA,BEL,2616
631435,228,18,896,2014,0.0,2505.0,0.566535,0.832267,UKR,BEL,2616
631436,231,18,896,2014,6291478.0,39820.0,1.61227,0.068905,USA,BEL,2616
631437,14,32,896,2014,116712.0,0.0,-0.398273,-0.17128,AUS,BRA,2616
631438,18,32,896,2014,0.0,904527.0,1.234156,1.226441,BEL,BRA,2616
631439,43,32,896,2014,0.0,2666928.0,1.187557,1.222085,CHN,BRA,2616
631440,104,32,896,2014,0.0,9682278.0,0.262042,2.6305080000000003,IND,BRA,2616
631441,111,32,896,2014,0.0,4496.0,1.340136,0.43931099999999995,ITA,BRA,2616
631442,121,32,896,2014,0.0,20505748.0,1.817145,0.8394530000000001,KOR,BRA,2616
631443,153,32,896,2014,0.0,11106.0,1.018138,0.774649,MYS,BRA,2616
631444,231,32,896,2014,7066.0,0.0,1.61227,0.068905,USA,BRA,2616
631445,8,39,896,2014,11588368.0,1570.0,0.10691500000000001,0.44860600000000006,ARG,CAN,2616
631446,21,39,896,2014,8219.0,0.0,-0.922401,-0.9554379999999999,BFA,CAN,2616
631447,31,39,896,2014,49360880.0,0.0,-1.129494,-1.030198,BOL,CAN,2616
631448,41,39,896,2014,12627.0,0.0,2.2000919999999997,0.65398,CHE,CAN,2616
631449,42,39,896,2014,805034.0,14378.0,-0.344671,-0.43380799999999997,CHL,CAN,2616
631450,43,39,896,2014,0.0,11618618.0,1.187557,1.222085,CHN,CAN,2616
631451,61,39,896,2014,0.0,20081638.0,2.052849,-2.888805,DEU,CAN,2616
631452,65,39,896,2014,0.0,9634.0,-0.180845,0.508512,DOM,CAN,2616
631453,93,39,896,2014,60674112.0,21801.0,-0.36547199999999996,0.548894,GTM,CAN,2616
631454,104,39,896,2014,0.0,7192726.0,0.262042,2.6305080000000003,IND,CAN,2616
631455,115,39,896,2014,2955.0,0.0,-0.210431,-0.574075,KAZ,CAN,2616
631456,121,39,896,2014,0.0,4886579.0,1.817145,0.8394530000000001,KOR,CAN,2616
631457,138,39,896,2014,7051511.0,0.0,1.0799729999999998,0.697554,MEX,CAN,2616
631458,141,39,896,2014,0.0,3190.0,-1.199063,-1.05497,MLI,CAN,2616
631459,155,39,896,2014,1975.0,2058.0,-0.428227,-0.5632229999999999,NAM,CAN,2616
631460,159,39,896,2014,24624.0,0.0,-1.2126430000000001,-1.059697,NGA,CAN,2616
631461,164,39,896,2014,6237.0,0.0,-0.11988199999999999,0.655883,NPL,CAN,2616
631462,173,39,896,2014,39739216.0,2144.0,-0.557833,0.611826,PER,CAN,2616
631463,174,39,896,2014,11681.0,0.0,0.637442,0.475883,PHL,CAN,2616
631464,201,39,896,2014,0.0,893.0,0.551635,1.211535,SRB,CAN,2616
631465,226,39,896,2014,2566.0,0.0,-1.054331,0.166345,TZA,CAN,2616
631466,231,39,896,2014,151564.0,17194741.0,1.61227,0.068905,USA,CAN,2616
631467,9,41,896,2014,440005.0,0.0,-0.198322,-0.5918680000000001,ARM,CHE,2616
631468,18,41,896,2014,3844.0,0.0,1.234156,1.226441,BEL,CHE,2616
631469,31,41,896,2014,7117474.0,0.0,-1.129494,-1.030198,BOL,CHE,2616
631470,39,41,896,2014,0.0,12627.0,0.671395,1.024683,CAN,CHE,2616
631471,61,41,896,2014,7049.0,0.0,2.052849,-2.888805,DEU,CHE,2616
631472,77,41,896,2014,12187636.0,0.0,1.4817790000000002,0.30995,FRA,CHE,2616
631473,81,41,896,2014,0.0,1948.0,1.697964,0.585372,GBR,CHE,2616
631474,82,41,896,2014,0.0,285723.0,-0.254106,-0.646584,GEO,CHE,2616
631475,111,41,896,2014,91855.0,92263.0,1.340136,0.43931099999999995,ITA,CHE,2616
631476,121,41,896,2014,0.0,1661.0,1.817145,0.8394530000000001,KOR,CHE,2616
631477,153,41,896,2014,0.0,1566.0,1.018138,0.774649,MYS,CHE,2616
631478,155,41,896,2014,104099.0,0.0,-0.428227,-0.5632229999999999,NAM,CHE,2616
631479,162,41,896,2014,15137.0,0.0,1.179325,1.355071,NLD,CHE,2616
631480,226,41,896,2014,6460436.0,0.0,-1.054331,0.166345,TZA,CHE,2616
631481,231,41,896,2014,34492.0,3384832.0,1.61227,0.068905,USA,CHE,2616
631482,14,42,896,2014,5345.0,0.0,-0.398273,-0.17128,AUS,CHL,2616
631483,31,42,896,2014,512412.0,0.0,-1.129494,-1.030198,BOL,CHL,2616
631484,39,42,896,2014,14378.0,805034.0,0.671395,1.024683,CAN,CHL,2616
631485,43,42,896,2014,0.0,31278365.0,1.187557,1.222085,CHN,CHL,2616
631486,104,42,896,2014,0.0,36977960.0,0.262042,2.6305080000000003,IND,CHL,2616
631487,114,42,896,2014,0.0,30046252.0,2.403165,-0.635024,JPN,CHL,2616
631488,121,42,896,2014,0.0,63217618.0,1.817145,0.8394530000000001,KOR,CHL,2616
631489,173,42,896,2014,986.0,98424.0,-0.557833,0.611826,PER,CHL,2616
631490,231,42,896,2014,1476.0,0.0,1.61227,0.068905,USA,CHL,2616
631491,9,43,896,2014,22603080.0,0.0,-0.198322,-0.5918680000000001,ARM,CHN,2616
631492,14,43,896,2014,263535488.0,0.0,-0.398273,-0.17128,AUS,CHN,2616
631493,18,43,896,2014,5260065.0,0.0,1.234156,1.226441,BEL,CHN,2616
631494,23,43,896,2014,72030203.0,0.0,0.579058,1.6558110000000001,BGR,CHN,2616
631495,24,43,896,2014,0.0,9302.0,0.460168,-0.41671099999999994,BHR,CHN,2616
631496,31,43,896,2014,62958289.0,0.0,-1.129494,-1.030198,BOL,CHN,2616
631497,32,43,896,2014,2666928.0,0.0,0.218223,0.556921,BRA,CHN,2616
631498,39,43,896,2014,11618618.0,0.0,0.671395,1.024683,CAN,CHN,2616
631499,42,43,896,2014,31278365.0,0.0,-0.344671,-0.43380799999999997,CHL,CHN,2616
631500,49,43,896,2014,271372.0,0.0,0.19864500000000002,-0.378364,COL,CHN,2616
631501,67,43,896,2014,54837268.0,0.0,-1.066865,-1.052921,ECU,CHN,2616
631502,69,43,896,2014,1870789.0,0.0,-2.345215,-1.051413,ERI,CHN,2616
631503,71,43,896,2014,58960756.0,0.0,0.842147,2.45692,ESP,CHN,2616
631504,81,43,896,2014,6399.0,0.0,1.697964,0.585372,GBR,CHN,2616
631505,83,43,896,2014,7756.0,0.0,-1.130226,-0.9909379999999999,GHA,CHN,2616
631506,90,43,896,2014,16430000.0,0.0,0.149337,0.8560540000000001,GRC,CHN,2616
631507,97,43,896,2014,75707.0,0.0,0.812132,1.722493,HKG,CHN,2616
631508,103,43,896,2014,955054.0,3035.0,-0.088032,1.3966459999999998,IDN,CHN,2616
631509,104,43,896,2014,894139.0,0.0,0.262042,2.6305080000000003,IND,CHN,2616
631510,114,43,896,2014,479128.0,0.0,2.403165,-0.635024,JPN,CHN,2616
631511,115,43,896,2014,1905866.0,0.0,-0.210431,-0.574075,KAZ,CHN,2616
631512,116,43,896,2014,109118.0,0.0,-0.487058,0.307288,KEN,CHN,2616
631513,117,43,896,2014,2451415.0,0.0,-0.31942600000000004,-0.012454,KGZ,CHN,2616
631514,121,43,896,2014,1307863.0,0.0,1.817145,0.8394530000000001,KOR,CHN,2616
631515,134,43,896,2014,2985506.0,0.0,-0.574034,0.065788,MAR,CHN,2616
631516,138,43,896,2014,180505973.0,0.0,1.0799729999999998,0.697554,MEX,CHN,2616
631517,144,43,896,2014,13383316.0,0.0,-0.17039100000000001,-0.21762399999999998,MNE,CHN,2616
631518,145,43,896,2014,12642025.0,0.0,-1.425524,-1.161949,MNG,CHN,2616
631519,147,43,896,2014,932698.0,0.0,-1.1993610000000001,-1.040181,MOZ,CHN,2616
631520,153,43,896,2014,49998929.0,0.0,1.018138,0.774649,MYS,CHN,2616
631521,159,43,896,2014,785662.0,0.0,-1.2126430000000001,-1.059697,NGA,CHN,2616
631522,160,43,896,2014,38804.0,0.0,-0.938269,-0.839066,NIC,CHN,2616
631523,166,43,896,2014,4599.0,0.0,0.272502,0.21628699999999998,NZL,CHN,2616
631524,173,43,896,2014,196099752.0,0.0,-0.557833,0.611826,PER,CHN,2616
631525,174,43,896,2014,1753139.0,0.0,0.637442,0.475883,PHL,CHN,2616
631526,178,43,896,2014,30733474.0,2295.0,-0.23883000000000001,-0.009727,PRK,CHN,2616
631527,185,43,896,2014,16187137.0,0.0,0.9112,1.188161,ROU,CHN,2616
631528,186,43,896,2014,145808780.0,0.0,0.229422,-0.214856,RUS,CHN,2616
631529,190,43,896,2014,4575.0,0.0,-1.442381,-1.1155030000000001,SDN,CHN,2616
631530,192,43,896,2014,37630.0,189041.0,1.867492,0.626736,SGP,CHN,2616
631531,201,43,896,2014,1267.0,0.0,0.551635,1.211535,SRB,CHN,2616
631532,205,43,896,2014,2684.0,0.0,-0.6333989999999999,-0.857643,SUR,CHN,2616
631533,216,43,896,2014,6024201.0,0.0,0.977094,1.41283,THA,CHN,2616
631534,217,43,896,2014,331105.0,0.0,-0.706823,-0.993756,TJK,CHN,2616
631535,224,43,896,2014,122181793.0,0.0,0.554761,2.385693,TUR,CHN,2616
631536,226,43,896,2014,98316512.0,0.0,-1.054331,0.166345,TZA,CHN,2616
631537,231,43,896,2014,100842255.0,9732.0,1.61227,0.068905,USA,CHN,2616
631538,239,43,896,2014,270136.0,0.0,-0.023765,1.344416,VNM,CHN,2616
631539,246,43,896,2014,5472306.0,0.0,0.282927,1.723214,ZAF,CHN,2616
631540,248,43,896,2014,277105.0,0.0,-0.821369,-0.864232,ZWE,CHN,2616
631541,14,49,896,2014,7438.0,0.0,-0.398273,-0.17128,AUS,COL,2616
631542,43,49,896,2014,0.0,271372.0,1.187557,1.222085,CHN,COL,2616
631543,166,49,896,2014,1642.0,0.0,0.272502,0.21628699999999998,NZL,COL,2616
631544,231,49,896,2014,10917.0,0.0,1.61227,0.068905,USA,COL,2616
631545,231,52,896,2014,78690.0,0.0,1.61227,0.068905,USA,CRI,2616
631546,231,55,896,2014,8057.0,0.0,1.61227,0.068905,USA,CUW,2616
631547,23,59,896,2014,0.0,1062553.0,0.579058,1.6558110000000001,BGR,CZE,2616
631548,177,59,896,2014,0.0,207643.0,1.133102,1.177165,POL,CZE,2616
631549,206,59,896,2014,0.0,2451.0,1.334959,0.821253,SVK,CZE,2616
631550,231,59,896,2014,27557.0,0.0,1.61227,0.068905,USA,CZE,2616
631551,8,61,896,2014,10420051.0,0.0,0.10691500000000001,0.44860600000000006,ARG,DEU,2616
631552,14,61,896,2014,176024496.0,0.0,-0.398273,-0.17128,AUS,DEU,2616
631553,15,61,896,2014,34931.0,0.0,1.7116790000000002,-0.140232,AUT,DEU,2616
631554,18,61,896,2014,9645614.0,0.0,1.234156,1.226441,BEL,DEU,2616
631555,23,61,896,2014,262406848.0,0.0,0.579058,1.6558110000000001,BGR,DEU,2616
631556,39,61,896,2014,20081638.0,0.0,0.671395,1.024683,CAN,DEU,2616
631557,41,61,896,2014,0.0,7049.0,2.2000919999999997,0.65398,CHE,DEU,2616
631558,68,61,896,2014,0.0,9223.0,-0.086866,1.7419669999999998,EGY,DEU,2616
631559,71,61,896,2014,13222.0,4767.0,0.842147,2.45692,ESP,DEU,2616
631560,74,61,896,2014,3755489.0,0.0,1.626355,1.002923,FIN,DEU,2616
631561,77,61,896,2014,1778284.0,725629.0,1.4817790000000002,0.30995,FRA,DEU,2616
631562,81,61,896,2014,0.0,44168015.0,1.697964,0.585372,GBR,DEU,2616
631563,83,61,896,2014,114676.0,0.0,-1.130226,-0.9909379999999999,GHA,DEU,2616
631564,103,61,896,2014,0.0,376811.0,-0.088032,1.3966459999999998,IDN,DEU,2616
631565,111,61,896,2014,348212.0,28152.0,1.340136,0.43931099999999995,ITA,DEU,2616
631566,116,61,896,2014,169422.0,0.0,-0.487058,0.307288,KEN,DEU,2616
631567,121,61,896,2014,0.0,4400.0,1.817145,0.8394530000000001,KOR,DEU,2616
631568,131,61,896,2014,0.0,1340.0,1.243845,1.155474,LUX,DEU,2616
631569,138,61,896,2014,19712294.0,0.0,1.0799729999999998,0.697554,MEX,DEU,2616
631570,153,61,896,2014,0.0,5714.0,1.018138,0.774649,MYS,DEU,2616
631571,173,61,896,2014,1558984.0,0.0,-0.557833,0.611826,PER,DEU,2616
631572,176,61,896,2014,19333370.0,0.0,-1.564904,-1.146255,PNG,DEU,2616
631573,186,61,896,2014,837891.0,0.0,0.229422,-0.214856,RUS,DEU,2616
631574,192,61,896,2014,0.0,1099.0,1.867492,0.626736,SGP,DEU,2616
631575,207,61,896,2014,0.0,4046.0,1.6558669999999998,0.6814399999999999,SVN,DEU,2616
631576,208,61,896,2014,50426288.0,0.0,1.817752,0.558474,SWE,DEU,2616
631577,224,61,896,2014,1633.0,0.0,0.554761,2.385693,TUR,DEU,2616
631578,226,61,896,2014,61100332.0,0.0,-1.054331,0.166345,TZA,DEU,2616
631579,231,61,896,2014,6170832.0,0.0,1.61227,0.068905,USA,DEU,2616
631580,246,61,896,2014,349982272.0,6199.0,0.282927,1.723214,ZAF,DEU,2616
631581,71,64,896,2014,148800.0,0.0,0.842147,2.45692,ESP,DNK,2616
631582,81,64,896,2014,0.0,968765.0,1.697964,0.585372,GBR,DNK,2616
631583,186,64,896,2014,0.0,4340.0,0.229422,-0.214856,RUS,DNK,2616
631584,231,64,896,2014,2931.0,0.0,1.61227,0.068905,USA,DNK,2616
631585,39,65,896,2014,9634.0,0.0,0.671395,1.024683,CAN,DOM,2616
631586,231,65,896,2014,23703082.0,0.0,1.61227,0.068905,USA,DOM,2616
631587,43,67,896,2014,0.0,54837268.0,1.187557,1.222085,CHN,ECU,2616
631588,31,71,896,2014,7023564.0,0.0,-1.129494,-1.030198,BOL,ESP,2616
631589,43,71,896,2014,0.0,58960756.0,1.187557,1.222085,CHN,ESP,2616
631590,61,71,896,2014,4767.0,13222.0,2.052849,-2.888805,DEU,ESP,2616
631591,64,71,896,2014,0.0,148800.0,1.10869,1.245193,DNK,ESP,2616
631592,77,71,896,2014,56331.0,677147.0,1.4817790000000002,0.30995,FRA,ESP,2616
631593,81,71,896,2014,0.0,747154.0,1.697964,0.585372,GBR,ESP,2616
631594,106,71,896,2014,0.0,2035833.0,1.2658399999999999,0.278546,IRL,ESP,2616
631595,111,71,896,2014,339455.0,13374.0,1.340136,0.43931099999999995,ITA,ESP,2616
631596,114,71,896,2014,1062.0,0.0,2.403165,-0.635024,JPN,ESP,2616
631597,131,71,896,2014,0.0,5973.0,1.243845,1.155474,LUX,ESP,2616
631598,153,71,896,2014,0.0,3359171.0,1.018138,0.774649,MYS,ESP,2616
631599,162,71,896,2014,1121110.0,0.0,1.179325,1.355071,NLD,ESP,2616
631600,177,71,896,2014,25421.0,1432.0,1.133102,1.177165,POL,ESP,2616
631601,179,71,896,2014,15035.0,12307.0,0.621053,2.349644,PRT,ESP,2616
631602,191,71,896,2014,0.0,12639.0,-0.502607,-0.08866,SEN,ESP,2616
631603,231,71,896,2014,23891.0,0.0,1.61227,0.068905,USA,ESP,2616
631604,18,74,896,2014,0.0,1957287.0,1.234156,1.226441,BEL,FIN,2616
631605,31,74,896,2014,604835.0,0.0,-1.129494,-1.030198,BOL,FIN,2616
631606,61,74,896,2014,0.0,3755489.0,2.052849,-2.888805,DEU,FIN,2616
631607,208,74,896,2014,0.0,5281760.0,1.817752,0.558474,SWE,FIN,2616
631608,15,77,896,2014,0.0,5998.0,1.7116790000000002,-0.140232,AUT,FRA,2616
631609,18,77,896,2014,0.0,759405.0,1.234156,1.226441,BEL,FRA,2616
631610,41,77,896,2014,0.0,12187636.0,2.2000919999999997,0.65398,CHE,FRA,2616
631611,61,77,896,2014,725629.0,1778284.0,2.052849,-2.888805,DEU,FRA,2616
631612,71,77,896,2014,677147.0,56331.0,0.842147,2.45692,ESP,FRA,2616
631613,81,77,896,2014,581893.0,722851.0,1.697964,0.585372,GBR,FRA,2616
631614,104,77,896,2014,0.0,4973.0,0.262042,2.6305080000000003,IND,FRA,2616
631615,110,77,896,2014,34210.0,0.0,1.211141,0.64523,ISR,FRA,2616
631616,111,77,896,2014,63050.0,1794.0,1.340136,0.43931099999999995,ITA,FRA,2616
631617,121,77,896,2014,0.0,1678.0,1.817145,0.8394530000000001,KOR,FRA,2616
631618,131,77,896,2014,0.0,1338.0,1.243845,1.155474,LUX,FRA,2616
631619,162,77,896,2014,0.0,1912995.0,1.179325,1.355071,NLD,FRA,2616
631620,190,77,896,2014,0.0,2599.0,-1.442381,-1.1155030000000001,SDN,FRA,2616
631621,7,81,896,2014,39221.0,0.0,0.087775,-0.289459,ARE,GBR,2616
631622,14,81,896,2014,0.0,32304.0,-0.398273,-0.17128,AUS,GBR,2616
631623,18,81,896,2014,7048182.0,0.0,1.234156,1.226441,BEL,GBR,2616
631624,31,81,896,2014,9722770.0,0.0,-1.129494,-1.030198,BOL,GBR,2616
631625,41,81,896,2014,1948.0,0.0,2.2000919999999997,0.65398,CHE,GBR,2616
631626,43,81,896,2014,0.0,6399.0,1.187557,1.222085,CHN,GBR,2616
631627,61,81,896,2014,44168015.0,0.0,2.052849,-2.888805,DEU,GBR,2616
631628,64,81,896,2014,968765.0,0.0,1.10869,1.245193,DNK,GBR,2616
631629,71,81,896,2014,747154.0,0.0,0.842147,2.45692,ESP,GBR,2616
631630,77,81,896,2014,722851.0,581893.0,1.4817790000000002,0.30995,FRA,GBR,2616
631631,97,81,896,2014,2970.0,15739.0,0.812132,1.722493,HKG,GBR,2616
631632,104,81,896,2014,4585.0,3965.0,0.262042,2.6305080000000003,IND,GBR,2616
631633,106,81,896,2014,259391.0,52891.0,1.2658399999999999,0.278546,IRL,GBR,2616
631634,109,81,896,2014,16167.0,0.0,0.127891,-0.302014,ISL,GBR,2616
631635,111,81,896,2014,803439.0,0.0,1.340136,0.43931099999999995,ITA,GBR,2616
631636,130,81,896,2014,1184895.0,0.0,0.764495,1.3451540000000002,LTU,GBR,2616
631637,142,81,896,2014,0.0,985186.0,0.817013,0.0016309999999999999,MLT,GBR,2616
631638,153,81,896,2014,0.0,4163.0,1.018138,0.774649,MYS,GBR,2616
631639,162,81,896,2014,1452355.0,0.0,1.179325,1.355071,NLD,GBR,2616
631640,163,81,896,2014,2833532.0,70662.0,0.9187049999999999,0.182685,NOR,GBR,2616
631641,177,81,896,2014,3539641.0,0.0,1.133102,1.177165,POL,GBR,2616
631642,179,81,896,2014,46963.0,0.0,0.621053,2.349644,PRT,GBR,2616
631643,186,81,896,2014,5145108.0,0.0,0.229422,-0.214856,RUS,GBR,2616
631644,227,81,896,2014,0.0,3592.0,-0.46911800000000003,0.25446599999999997,UGA,GBR,2616
631645,231,81,896,2014,78333.0,84770.0,1.61227,0.068905,USA,GBR,2616
631646,246,81,896,2014,97758096.0,1030.0,0.282927,1.723214,ZAF,GBR,2616
631647,43,90,896,2014,0.0,16430000.0,1.187557,1.222085,CHN,GRC,2616
631648,224,90,896,2014,4679.0,0.0,0.554761,2.385693,TUR,GRC,2616
631649,231,90,896,2014,0.0,4827083.0,1.61227,0.068905,USA,GRC,2616
631650,23,93,896,2014,0.0,59183.0,0.579058,1.6558110000000001,BGR,GTM,2616
631651,39,93,896,2014,21801.0,60674112.0,0.671395,1.024683,CAN,GTM,2616
631652,231,93,896,2014,0.0,326832796.0,1.61227,0.068905,USA,GTM,2616
631653,43,97,896,2014,0.0,75707.0,1.187557,1.222085,CHN,HKG,2616
631654,81,97,896,2014,15739.0,2970.0,1.697964,0.585372,GBR,HKG,2616
631655,114,97,896,2014,172751.0,0.0,2.403165,-0.635024,JPN,HKG,2616
631656,153,97,896,2014,0.0,528577.0,1.018138,0.774649,MYS,HKG,2616
631657,173,97,896,2014,262698.0,0.0,-0.557833,0.611826,PER,HKG,2616
631658,192,97,896,2014,0.0,5364.0,1.867492,0.626736,SGP,HKG,2616
631659,195,97,896,2014,82189.0,0.0,-0.862089,-0.9075840000000001,SLB,HKG,2616
631660,231,97,896,2014,1931324.0,0.0,1.61227,0.068905,USA,HKG,2616
631661,246,97,896,2014,2062559.0,0.0,0.282927,1.723214,ZAF,HKG,2616
631662,14,99,896,2014,0.0,17404070.0,-0.398273,-0.17128,AUS,HND,2616
631663,18,99,896,2014,0.0,1970916.0,1.234156,1.226441,BEL,HND,2616
631664,114,99,896,2014,0.0,203192.0,2.403165,-0.635024,JPN,HND,2616
631665,178,99,896,2014,0.0,779702.0,-0.23883000000000001,-0.009727,PRK,HND,2616
631666,231,99,896,2014,16680.0,0.0,1.61227,0.068905,USA,HND,2616
631667,43,103,896,2014,3035.0,955054.0,1.187557,1.222085,CHN,IDN,2616
631668,61,103,896,2014,376811.0,0.0,2.052849,-2.888805,DEU,IDN,2616
631669,104,103,896,2014,0.0,76340968.0,0.262042,2.6305080000000003,IND,IDN,2616
631670,114,103,896,2014,11213.0,0.0,2.403165,-0.635024,JPN,IDN,2616
631671,192,103,896,2014,2906.0,0.0,1.867492,0.626736,SGP,IDN,2616
631672,14,104,896,2014,40039542.0,0.0,-0.398273,-0.17128,AUS,IND,2616
631673,32,104,896,2014,9682278.0,0.0,0.218223,0.556921,BRA,IND,2616
631674,37,104,896,2014,2449575.0,0.0,-0.60221,-1.104578,BWA,IND,2616
631675,39,104,896,2014,7192726.0,0.0,0.671395,1.024683,CAN,IND,2616
631676,42,104,896,2014,36977960.0,0.0,-0.344671,-0.43380799999999997,CHL,IND,2616
631677,43,104,896,2014,0.0,894139.0,1.187557,1.222085,CHN,IND,2616
631678,47,104,896,2014,10591.0,0.0,-1.371624,-1.12468,COG,IND,2616
631679,69,104,896,2014,7718001.0,0.0,-2.345215,-1.051413,ERI,IND,2616
631680,73,104,896,2014,990278.0,22848.0,-1.296535,-1.045942,ETH,IND,2616
631681,77,104,896,2014,4973.0,0.0,1.4817790000000002,0.30995,FRA,IND,2616
631682,81,104,896,2014,3965.0,4585.0,1.697964,0.585372,GBR,IND,2616
631683,103,104,896,2014,76340968.0,0.0,-0.088032,1.3966459999999998,IDN,IND,2616
631684,111,104,896,2014,3878.0,0.0,1.340136,0.43931099999999995,ITA,IND,2616
631685,153,104,896,2014,0.0,5035.0,1.018138,0.774649,MYS,IND,2616
631686,159,104,896,2014,0.0,3849.0,-1.2126430000000001,-1.059697,NGA,IND,2616
631687,164,104,896,2014,0.0,6500.0,-0.11988199999999999,0.655883,NPL,IND,2616
631688,167,104,896,2014,403153.0,0.0,-0.505129,-1.0051370000000002,OMN,IND,2616
631689,183,104,896,2014,0.0,4841.0,-0.37535599999999997,-1.0196370000000001,QAT,IND,2616
631690,192,104,896,2014,0.0,35473.0,1.867492,0.626736,SGP,IND,2616
631691,211,104,896,2014,0.0,3539.0,0.358111,-0.484879,SYC,IND,2616
631692,226,104,896,2014,5952088.0,0.0,-1.054331,0.166345,TZA,IND,2616
631693,231,104,896,2014,11239.0,0.0,1.61227,0.068905,USA,IND,2616
631694,246,104,896,2014,11387109.0,0.0,0.282927,1.723214,ZAF,IND,2616
631695,247,104,896,2014,242418.0,0.0,-0.664089,-0.793452,ZMB,IND,2616
631696,249,104,896,2014,10085.0,0.0,1.9044189999999999,1.0595139999999998,TWN,IND,2616
631697,18,106,896,2014,110868.0,0.0,1.234156,1.226441,BEL,IRL,2616
631698,71,106,896,2014,2035833.0,0.0,0.842147,2.45692,ESP,IRL,2616
631699,81,106,896,2014,52891.0,259391.0,1.697964,0.585372,GBR,IRL,2616
631700,77,110,896,2014,0.0,34210.0,1.4817790000000002,0.30995,FRA,ISR,2616
631701,181,110,896,2014,27665.0,1383.0,0.030643,0.601905,PSE,ISR,2616
631702,224,110,896,2014,16163.0,0.0,0.554761,2.385693,TUR,ISR,2616
631703,32,111,896,2014,4496.0,0.0,0.218223,0.556921,BRA,ITA,2616
631704,41,111,896,2014,92263.0,91855.0,2.2000919999999997,0.65398,CHE,ITA,2616
631705,61,111,896,2014,28152.0,348212.0,2.052849,-2.888805,DEU,ITA,2616
631706,71,111,896,2014,13374.0,339455.0,0.842147,2.45692,ESP,ITA,2616
631707,77,111,896,2014,1794.0,63050.0,1.4817790000000002,0.30995,FRA,ITA,2616
631708,81,111,896,2014,0.0,803439.0,1.697964,0.585372,GBR,ITA,2616
631709,104,111,896,2014,0.0,3878.0,0.262042,2.6305080000000003,IND,ITA,2616
631710,142,111,896,2014,8578489.0,0.0,0.817013,0.0016309999999999999,MLT,ITA,2616
631711,162,111,896,2014,77718.0,0.0,1.179325,1.355071,NLD,ITA,2616
631712,177,111,896,2014,0.0,1794262.0,1.133102,1.177165,POL,ITA,2616
631713,231,111,896,2014,23453.0,15972.0,1.61227,0.068905,USA,ITA,2616
631714,8,114,896,2014,16647205.0,0.0,0.10691500000000001,0.44860600000000006,ARG,JPN,2616
631715,14,114,896,2014,99171112.0,0.0,-0.398273,-0.17128,AUS,JPN,2616
631716,31,114,896,2014,68238872.0,0.0,-1.129494,-1.030198,BOL,JPN,2616
631717,42,114,896,2014,30046252.0,0.0,-0.344671,-0.43380799999999997,CHL,JPN,2616
631718,43,114,896,2014,0.0,479128.0,1.187557,1.222085,CHN,JPN,2616
631719,71,114,896,2014,0.0,1062.0,0.842147,2.45692,ESP,JPN,2616
631720,97,114,896,2014,0.0,172751.0,0.812132,1.722493,HKG,JPN,2616
631721,99,114,896,2014,203192.0,0.0,-0.467004,0.045511,HND,JPN,2616
631722,103,114,896,2014,0.0,11213.0,-0.088032,1.3966459999999998,IDN,JPN,2616
631723,121,114,896,2014,0.0,6474.0,1.817145,0.8394530000000001,KOR,JPN,2616
631724,138,114,896,2014,16044122.0,0.0,1.0799729999999998,0.697554,MEX,JPN,2616
631725,153,114,896,2014,152719.0,3980.0,1.018138,0.774649,MYS,JPN,2616
631726,173,114,896,2014,503031.0,0.0,-0.557833,0.611826,PER,JPN,2616
631727,174,114,896,2014,23987940.0,0.0,0.637442,0.475883,PHL,JPN,2616
631728,186,114,896,2014,90959964.0,0.0,0.229422,-0.214856,RUS,JPN,2616
631729,192,114,896,2014,0.0,16663.0,1.867492,0.626736,SGP,JPN,2616
631730,216,114,896,2014,88212.0,0.0,0.977094,1.41283,THA,JPN,2616
631731,226,114,896,2014,94375800.0,0.0,-1.054331,0.166345,TZA,JPN,2616
631732,231,114,896,2014,52010639.0,0.0,1.61227,0.068905,USA,JPN,2616
631733,249,114,896,2014,0.0,6884.0,1.9044189999999999,1.0595139999999998,TWN,JPN,2616
631734,8,121,896,2014,62567592.0,0.0,0.10691500000000001,0.44860600000000006,ARG,KOR,2616
631735,14,121,896,2014,218989072.0,0.0,-0.398273,-0.17128,AUS,KOR,2616
631736,18,121,896,2014,202666.0,0.0,1.234156,1.226441,BEL,KOR,2616
631737,23,121,896,2014,22382014.0,0.0,0.579058,1.6558110000000001,BGR,KOR,2616
631738,31,121,896,2014,23586898.0,0.0,-1.129494,-1.030198,BOL,KOR,2616
631739,32,121,896,2014,20505748.0,0.0,0.218223,0.556921,BRA,KOR,2616
631740,39,121,896,2014,4886579.0,0.0,0.671395,1.024683,CAN,KOR,2616
631741,41,121,896,2014,1661.0,0.0,2.2000919999999997,0.65398,CHE,KOR,2616
631742,42,121,896,2014,63217618.0,0.0,-0.344671,-0.43380799999999997,CHL,KOR,2616
631743,43,121,896,2014,0.0,1307863.0,1.187557,1.222085,CHN,KOR,2616
631744,45,121,896,2014,670845.0,0.0,-0.6723520000000001,-0.945084,CMR,KOR,2616
631745,61,121,896,2014,4400.0,0.0,2.052849,-2.888805,DEU,KOR,2616
631746,77,121,896,2014,1678.0,0.0,1.4817790000000002,0.30995,FRA,KOR,2616
631747,114,121,896,2014,6474.0,0.0,2.403165,-0.635024,JPN,KOR,2616
631748,138,121,896,2014,77456402.0,0.0,1.0799729999999998,0.697554,MEX,KOR,2616
631749,153,121,896,2014,501215.0,107651.0,1.018138,0.774649,MYS,KOR,2616
631750,173,121,896,2014,93104488.0,0.0,-0.557833,0.611826,PER,KOR,2616
631751,174,121,896,2014,6321.0,0.0,0.637442,0.475883,PHL,KOR,2616
631752,176,121,896,2014,24247334.0,0.0,-1.564904,-1.146255,PNG,KOR,2616
631753,186,121,896,2014,297630576.0,0.0,0.229422,-0.214856,RUS,KOR,2616
631754,192,121,896,2014,0.0,1730781.0,1.867492,0.626736,SGP,KOR,2616
631755,208,121,896,2014,210690.0,0.0,1.817752,0.558474,SWE,KOR,2616
631756,224,121,896,2014,287074.0,0.0,0.554761,2.385693,TUR,KOR,2616
631757,227,121,896,2014,46694.0,0.0,-0.46911800000000003,0.25446599999999997,UGA,KOR,2616
631758,231,121,896,2014,1501276.0,0.0,1.61227,0.068905,USA,KOR,2616
631759,18,134,896,2014,0.0,894788.0,1.234156,1.226441,BEL,MAR,2616
631760,43,134,896,2014,0.0,2985506.0,1.187557,1.222085,CHN,MAR,2616
631761,31,138,896,2014,9139481.0,0.0,-1.129494,-1.030198,BOL,MEX,2616
631762,39,138,896,2014,0.0,7051511.0,0.671395,1.024683,CAN,MEX,2616
631763,43,138,896,2014,0.0,180505973.0,1.187557,1.222085,CHN,MEX,2616
631764,61,138,896,2014,0.0,19712294.0,2.052849,-2.888805,DEU,MEX,2616
631765,114,138,896,2014,0.0,16044122.0,2.403165,-0.635024,JPN,MEX,2616
631766,121,138,896,2014,0.0,77456402.0,1.817145,0.8394530000000001,KOR,MEX,2616
631767,153,138,896,2014,0.0,1777470.0,1.018138,0.774649,MYS,MEX,2616
631768,173,138,896,2014,20564.0,19025646.0,-0.557833,0.611826,PER,MEX,2616
631769,224,138,896,2014,7178.0,0.0,0.554761,2.385693,TUR,MEX,2616
631770,231,138,896,2014,1317158.0,1341846.0,1.61227,0.068905,USA,MEX,2616
631771,14,153,896,2014,1681.0,0.0,-0.398273,-0.17128,AUS,MYS,2616
631772,32,153,896,2014,11106.0,0.0,0.218223,0.556921,BRA,MYS,2616
631773,41,153,896,2014,1566.0,0.0,2.2000919999999997,0.65398,CHE,MYS,2616
631774,43,153,896,2014,0.0,49998929.0,1.187557,1.222085,CHN,MYS,2616
631775,61,153,896,2014,5714.0,0.0,2.052849,-2.888805,DEU,MYS,2616
631776,71,153,896,2014,3359171.0,0.0,0.842147,2.45692,ESP,MYS,2616
631777,81,153,896,2014,4163.0,0.0,1.697964,0.585372,GBR,MYS,2616
631778,97,153,896,2014,528577.0,0.0,0.812132,1.722493,HKG,MYS,2616
631779,104,153,896,2014,5035.0,0.0,0.262042,2.6305080000000003,IND,MYS,2616
631780,114,153,896,2014,3980.0,152719.0,2.403165,-0.635024,JPN,MYS,2616
631781,121,153,896,2014,107651.0,501215.0,1.817145,0.8394530000000001,KOR,MYS,2616
631782,138,153,896,2014,1777470.0,0.0,1.0799729999999998,0.697554,MEX,MYS,2616
631783,173,153,896,2014,1365190.0,0.0,-0.557833,0.611826,PER,MYS,2616
631784,192,153,896,2014,16561.0,0.0,1.867492,0.626736,SGP,MYS,2616
631785,216,153,896,2014,7355.0,0.0,0.977094,1.41283,THA,MYS,2616
631786,248,153,896,2014,678620.0,0.0,-0.821369,-0.864232,ZWE,MYS,2616
631787,43,160,896,2014,0.0,38804.0,1.187557,1.222085,CHN,NIC,2616
631788,31,162,896,2014,2026373.0,0.0,-1.129494,-1.030198,BOL,NLD,2616
631789,41,162,896,2014,0.0,15137.0,2.2000919999999997,0.65398,CHE,NLD,2616
631790,71,162,896,2014,0.0,1121110.0,0.842147,2.45692,ESP,NLD,2616
631791,77,162,896,2014,1912995.0,0.0,1.4817790000000002,0.30995,FRA,NLD,2616
631792,81,162,896,2014,0.0,1452355.0,1.697964,0.585372,GBR,NLD,2616
631793,111,162,896,2014,0.0,77718.0,1.340136,0.43931099999999995,ITA,NLD,2616
631794,179,162,896,2014,152786.0,0.0,0.621053,2.349644,PRT,NLD,2616
631795,81,163,896,2014,70662.0,2833532.0,1.697964,0.585372,GBR,NOR,2616
631796,208,163,896,2014,0.0,29676.0,1.817752,0.558474,SWE,NOR,2616
631797,226,163,896,2014,1304.0,0.0,-1.054331,0.166345,TZA,NOR,2616
631798,231,163,896,2014,16979.0,0.0,1.61227,0.068905,USA,NOR,2616
631799,43,166,896,2014,0.0,4599.0,1.187557,1.222085,CHN,NZL,2616
631800,49,166,896,2014,0.0,1642.0,0.19864500000000002,-0.378364,COL,NZL,2616
631801,231,166,896,2014,75194.0,0.0,1.61227,0.068905,USA,NZL,2616
631802,242,166,896,2014,0.0,2075.0,0.602344,-0.051224,WSM,NZL,2616
631803,8,173,896,2014,47493772.0,0.0,0.10691500000000001,0.44860600000000006,ARG,PER,2616
631804,18,173,896,2014,0.0,32801374.0,1.234156,1.226441,BEL,PER,2616
631805,23,173,896,2014,0.0,6014576.0,0.579058,1.6558110000000001,BGR,PER,2616
631806,31,173,896,2014,7075666.0,0.0,-1.129494,-1.030198,BOL,PER,2616
631807,39,173,896,2014,2144.0,39739216.0,0.671395,1.024683,CAN,PER,2616
631808,42,173,896,2014,98424.0,986.0,-0.344671,-0.43380799999999997,CHL,PER,2616
631809,43,173,896,2014,0.0,196099752.0,1.187557,1.222085,CHN,PER,2616
631810,61,173,896,2014,0.0,1558984.0,2.052849,-2.888805,DEU,PER,2616
631811,97,173,896,2014,0.0,262698.0,0.812132,1.722493,HKG,PER,2616
631812,114,173,896,2014,0.0,503031.0,2.403165,-0.635024,JPN,PER,2616
631813,115,173,896,2014,0.0,376000.0,-0.210431,-0.574075,KAZ,PER,2616
631814,121,173,896,2014,0.0,93104488.0,1.817145,0.8394530000000001,KOR,PER,2616
631815,138,173,896,2014,19025646.0,20564.0,1.0799729999999998,0.697554,MEX,PER,2616
631816,153,173,896,2014,0.0,1365190.0,1.018138,0.774649,MYS,PER,2616
631817,186,173,896,2014,0.0,35444832.0,0.229422,-0.214856,RUS,PER,2616
631818,231,173,896,2014,0.0,191188.0,1.61227,0.068905,USA,PER,2616
631819,14,174,896,2014,256563440.0,0.0,-0.398273,-0.17128,AUS,PHL,2616
631820,39,174,896,2014,0.0,11681.0,0.671395,1.024683,CAN,PHL,2616
631821,43,174,896,2014,0.0,1753139.0,1.187557,1.222085,CHN,PHL,2616
631822,114,174,896,2014,0.0,23987940.0,2.403165,-0.635024,JPN,PHL,2616
631823,121,174,896,2014,0.0,6321.0,1.817145,0.8394530000000001,KOR,PHL,2616
631824,231,174,896,2014,13871.0,0.0,1.61227,0.068905,USA,PHL,2616
631825,18,177,896,2014,23887.0,0.0,1.234156,1.226441,BEL,POL,2616
631826,59,177,896,2014,207643.0,0.0,1.8105830000000003,0.131131,CZE,POL,2616
631827,71,177,896,2014,1432.0,25421.0,0.842147,2.45692,ESP,POL,2616
631828,81,177,896,2014,0.0,3539641.0,1.697964,0.585372,GBR,POL,2616
631829,111,177,896,2014,1794262.0,0.0,1.340136,0.43931099999999995,ITA,POL,2616
631830,18,179,896,2014,0.0,1877010.0,1.234156,1.226441,BEL,PRT,2616
631831,71,179,896,2014,12307.0,15035.0,0.842147,2.45692,ESP,PRT,2616
631832,81,179,896,2014,0.0,46963.0,1.697964,0.585372,GBR,PRT,2616
631833,162,179,896,2014,0.0,152786.0,1.179325,1.355071,NLD,PRT,2616
631834,110,181,896,2014,1383.0,27665.0,1.211141,0.64523,ISR,PSE,2616
631835,7,188,896,2014,150537.0,0.0,0.087775,-0.289459,ARE,SAU,2616
631836,231,188,896,2014,6850.0,0.0,1.61227,0.068905,USA,SAU,2616
631837,43,190,896,2014,0.0,4575.0,1.187557,1.222085,CHN,SDN,2616
631838,77,190,896,2014,2599.0,0.0,1.4817790000000002,0.30995,FRA,SDN,2616
631839,71,191,896,2014,12639.0,0.0,0.842147,2.45692,ESP,SEN,2616
631840,43,192,896,2014,189041.0,37630.0,1.187557,1.222085,CHN,SGP,2616
631841,61,192,896,2014,1099.0,0.0,2.052849,-2.888805,DEU,SGP,2616
631842,97,192,896,2014,5364.0,0.0,0.812132,1.722493,HKG,SGP,2616
631843,103,192,896,2014,0.0,2906.0,-0.088032,1.3966459999999998,IDN,SGP,2616
631844,104,192,896,2014,35473.0,0.0,0.262042,2.6305080000000003,IND,SGP,2616
631845,114,192,896,2014,16663.0,0.0,2.403165,-0.635024,JPN,SGP,2616
631846,121,192,896,2014,1730781.0,0.0,1.817145,0.8394530000000001,KOR,SGP,2616
631847,153,192,896,2014,0.0,16561.0,1.018138,0.774649,MYS,SGP,2616
631848,231,192,896,2014,543515.0,0.0,1.61227,0.068905,USA,SGP,2616
631849,43,205,896,2014,0.0,2684.0,1.187557,1.222085,CHN,SUR,2616
631850,18,206,896,2014,0.0,19730234.0,1.234156,1.226441,BEL,SVK,2616
631851,59,206,896,2014,2451.0,0.0,1.8105830000000003,0.131131,CZE,SVK,2616
631852,61,207,896,2014,4046.0,0.0,2.052849,-2.888805,DEU,SVN,2616
631853,61,208,896,2014,0.0,50426288.0,2.052849,-2.888805,DEU,SWE,2616
631854,74,208,896,2014,5281760.0,0.0,1.626355,1.002923,FIN,SWE,2616
631855,121,208,896,2014,0.0,210690.0,1.817145,0.8394530000000001,KOR,SWE,2616
631856,163,208,896,2014,29676.0,0.0,0.9187049999999999,0.182685,NOR,SWE,2616
631857,43,216,896,2014,0.0,6024201.0,1.187557,1.222085,CHN,THA,2616
631858,114,216,896,2014,0.0,88212.0,2.403165,-0.635024,JPN,THA,2616
631859,153,216,896,2014,0.0,7355.0,1.018138,0.774649,MYS,THA,2616
631860,231,216,896,2014,17274.0,3084.0,1.61227,0.068905,USA,THA,2616
631861,249,216,896,2014,34311.0,0.0,1.9044189999999999,1.0595139999999998,TWN,THA,2616
631862,14,224,896,2014,998.0,0.0,-0.398273,-0.17128,AUS,TUR,2616
631863,43,224,896,2014,0.0,122181793.0,1.187557,1.222085,CHN,TUR,2616
631864,61,224,896,2014,0.0,1633.0,2.052849,-2.888805,DEU,TUR,2616
631865,90,224,896,2014,0.0,4679.0,0.149337,0.8560540000000001,GRC,TUR,2616
631866,110,224,896,2014,0.0,16163.0,1.211141,0.64523,ISR,TUR,2616
631867,121,224,896,2014,0.0,287074.0,1.817145,0.8394530000000001,KOR,TUR,2616
631868,138,224,896,2014,0.0,7178.0,1.0799729999999998,0.697554,MEX,TUR,2616
631869,231,224,896,2014,48378.0,0.0,1.61227,0.068905,USA,TUR,2616
631870,18,228,896,2014,2505.0,0.0,1.234156,1.226441,BEL,UKR,2616
631871,68,228,896,2014,227643.0,0.0,-0.086866,1.7419669999999998,EGY,UKR,2616
631872,0,231,896,2014,0.0,2104.0,0.779539,-0.32255700000000004,ABW,USA,2616
631873,7,231,896,2014,0.0,6740.0,0.087775,-0.289459,ARE,USA,2616
631874,14,231,896,2014,0.0,340267.0,-0.398273,-0.17128,AUS,USA,2616
631875,15,231,896,2014,0.0,88597.0,1.7116790000000002,-0.140232,AUT,USA,2616
631876,18,231,896,2014,39820.0,6291478.0,1.234156,1.226441,BEL,USA,2616
631877,23,231,896,2014,0.0,3128320.0,0.579058,1.6558110000000001,BGR,USA,2616
631878,31,231,896,2014,8211904.0,0.0,-1.129494,-1.030198,BOL,USA,2616
631879,32,231,896,2014,0.0,7066.0,0.218223,0.556921,BRA,USA,2616
631880,39,231,896,2014,17194741.0,151564.0,0.671395,1.024683,CAN,USA,2616
631881,41,231,896,2014,3384832.0,34492.0,2.2000919999999997,0.65398,CHE,USA,2616
631882,42,231,896,2014,0.0,1476.0,-0.344671,-0.43380799999999997,CHL,USA,2616
631883,43,231,896,2014,9732.0,100842255.0,1.187557,1.222085,CHN,USA,2616
631884,49,231,896,2014,0.0,10917.0,0.19864500000000002,-0.378364,COL,USA,2616
631885,52,231,896,2014,0.0,78690.0,0.065938,-0.687971,CRI,USA,2616
631886,55,231,896,2014,0.0,8057.0,-0.00902,-0.683643,CUW,USA,2616
631887,59,231,896,2014,0.0,27557.0,1.8105830000000003,0.131131,CZE,USA,2616
631888,61,231,896,2014,0.0,6170832.0,2.052849,-2.888805,DEU,USA,2616
631889,64,231,896,2014,0.0,2931.0,1.10869,1.245193,DNK,USA,2616
631890,65,231,896,2014,0.0,23703082.0,-0.180845,0.508512,DOM,USA,2616
631891,71,231,896,2014,0.0,23891.0,0.842147,2.45692,ESP,USA,2616
631892,81,231,896,2014,84770.0,78333.0,1.697964,0.585372,GBR,USA,2616
631893,90,231,896,2014,4827083.0,0.0,0.149337,0.8560540000000001,GRC,USA,2616
631894,93,231,896,2014,326832796.0,0.0,-0.36547199999999996,0.548894,GTM,USA,2616
631895,97,231,896,2014,0.0,1931324.0,0.812132,1.722493,HKG,USA,2616
631896,99,231,896,2014,0.0,16680.0,-0.467004,0.045511,HND,USA,2616
631897,104,231,896,2014,0.0,11239.0,0.262042,2.6305080000000003,IND,USA,2616
631898,111,231,896,2014,15972.0,23453.0,1.340136,0.43931099999999995,ITA,USA,2616
631899,114,231,896,2014,0.0,52010639.0,2.403165,-0.635024,JPN,USA,2616
631900,121,231,896,2014,0.0,1501276.0,1.817145,0.8394530000000001,KOR,USA,2616
631901,130,231,896,2014,0.0,1499.0,0.764495,1.3451540000000002,LTU,USA,2616
631902,138,231,896,2014,1341846.0,1317158.0,1.0799729999999998,0.697554,MEX,USA,2616
631903,163,231,896,2014,0.0,16979.0,0.9187049999999999,0.182685,NOR,USA,2616
631904,166,231,896,2014,0.0,75194.0,0.272502,0.21628699999999998,NZL,USA,2616
631905,173,231,896,2014,191188.0,0.0,-0.557833,0.611826,PER,USA,2616
631906,174,231,896,2014,0.0,13871.0,0.637442,0.475883,PHL,USA,2616
631907,188,231,896,2014,0.0,6850.0,0.5758439999999999,-0.832692,SAU,USA,2616
631908,192,231,896,2014,0.0,543515.0,1.867492,0.626736,SGP,USA,2616
631909,210,231,896,2014,0.0,125738.0,0.6489020000000001,-0.646605,SXM,USA,2616
631910,216,231,896,2014,3084.0,17274.0,0.977094,1.41283,THA,USA,2616
631911,224,231,896,2014,0.0,48378.0,0.554761,2.385693,TUR,USA,2616
631912,237,231,896,2014,0.0,5974.0,0.484282,-0.082974,VGB,USA,2616
631913,249,231,896,2014,0.0,11098.0,1.9044189999999999,1.0595139999999998,TWN,USA,2616
631914,15,246,896,2014,0.0,834.0,1.7116790000000002,-0.140232,AUT,ZAF,2616
631915,37,246,896,2014,0.0,10949.0,-0.60221,-1.104578,BWA,ZAF,2616
631916,43,246,896,2014,0.0,5472306.0,1.187557,1.222085,CHN,ZAF,2616
631917,61,246,896,2014,6199.0,349982272.0,2.052849,-2.888805,DEU,ZAF,2616
631918,81,246,896,2014,1030.0,97758096.0,1.697964,0.585372,GBR,ZAF,2616
631919,85,246,896,2014,138.0,0.0,-1.628409,-1.202473,GIN,ZAF,2616
631920,97,246,896,2014,0.0,2062559.0,0.812132,1.722493,HKG,ZAF,2616
631921,104,246,896,2014,0.0,11387109.0,0.262042,2.6305080000000003,IND,ZAF,2616
631922,129,246,896,2014,0.0,1055.0,-0.59647,-0.58713,LSO,ZAF,2616
631923,147,246,896,2014,1254.0,184608.0,-1.1993610000000001,-1.040181,MOZ,ZAF,2616
631924,152,246,896,2014,0.0,2641.0,-0.494204,-0.751903,MWI,ZAF,2616
631925,155,246,896,2014,0.0,3912.0,-0.428227,-0.5632229999999999,NAM,ZAF,2616
631926,186,246,896,2014,23004.0,0.0,0.229422,-0.214856,RUS,ZAF,2616
631927,211,246,896,2014,0.0,204557.0,0.358111,-0.484879,SYC,ZAF,2616
631928,248,246,896,2014,3143059.0,10275.0,-0.821369,-0.864232,ZWE,ZAF,2616
631929,104,249,896,2014,0.0,10085.0,0.262042,2.6305080000000003,IND,TWN,2616
631930,114,249,896,2014,6884.0,0.0,2.403165,-0.635024,JPN,TWN,2616
631931,216,249,896,2014,0.0,34311.0,0.977094,1.41283,THA,TWN,2616
631932,231,249,896,2014,11098.0,0.0,1.61227,0.068905,USA,TWN,2616
631933,239,249,896,2014,0.0,32409.0,-0.023765,1.344416,VNM,TWN,2616
631934,131,250,896,2014,0.0,1419.0,1.243845,1.155474,LUX,ANS,2616
631935,14,9,896,2014,337.0,0.0,-0.398273,-0.17128,AUS,ARM,2616
631936,41,9,896,2014,0.0,440005.0,2.2000919999999997,0.65398,CHE,ARM,2616
631937,43,9,896,2014,0.0,22603080.0,1.187557,1.222085,CHN,ARM,2616
631938,9,14,896,2014,0.0,337.0,-0.198322,-0.5918680000000001,ARM,AUS,2616
631939,23,14,896,2014,0.0,3327.0,0.579058,1.6558110000000001,BGR,AUS,2616
631940,31,14,896,2014,4606911.0,0.0,-1.129494,-1.030198,BOL,AUS,2616
631941,32,14,896,2014,0.0,116712.0,0.218223,0.556921,BRA,AUS,2616
631942,42,14,896,2014,0.0,5345.0,-0.344671,-0.43380799999999997,CHL,AUS,2616
631943,43,14,896,2014,0.0,263535488.0,1.187557,1.222085,CHN,AUS,2616
631944,49,14,896,2014,0.0,7438.0,0.19864500000000002,-0.378364,COL,AUS,2616
631945,61,14,896,2014,0.0,176024496.0,2.052849,-2.888805,DEU,AUS,2616
631946,81,14,896,2014,32304.0,0.0,1.697964,0.585372,GBR,AUS,2616
631947,99,14,896,2014,17404070.0,0.0,-0.467004,0.045511,HND,AUS,2616
631948,104,14,896,2014,0.0,40039542.0,0.262042,2.6305080000000003,IND,AUS,2616
631949,114,14,896,2014,0.0,99171112.0,2.403165,-0.635024,JPN,AUS,2616
631950,121,14,896,2014,0.0,218989072.0,1.817145,0.8394530000000001,KOR,AUS,2616
631951,153,14,896,2014,0.0,1681.0,1.018138,0.774649,MYS,AUS,2616
631952,174,14,896,2014,0.0,256563440.0,0.637442,0.475883,PHL,AUS,2616
631953,176,14,896,2014,1787.0,0.0,-1.564904,-1.146255,PNG,AUS,2616
631954,201,14,896,2014,0.0,728.0,0.551635,1.211535,SRB,AUS,2616
631955,224,14,896,2014,0.0,998.0,0.554761,2.385693,TUR,AUS,2616
631956,231,14,896,2014,340267.0,0.0,1.61227,0.068905,USA,AUS,2616
631957,14,23,896,2014,3327.0,0.0,-0.398273,-0.17128,AUS,BGR,2616
631958,43,23,896,2014,0.0,72030203.0,1.187557,1.222085,CHN,BGR,2616
631959,59,23,896,2014,1062553.0,0.0,1.8105830000000003,0.131131,CZE,BGR,2616
631960,61,23,896,2014,0.0,262406848.0,2.052849,-2.888805,DEU,BGR,2616
631961,93,23,896,2014,59183.0,0.0,-0.36547199999999996,0.548894,GTM,BGR,2616
631962,121,23,896,2014,0.0,22382014.0,1.817145,0.8394530000000001,KOR,BGR,2616
631963,173,23,896,2014,6014576.0,0.0,-0.557833,0.611826,PER,BGR,2616
631964,231,23,896,2014,3128320.0,0.0,1.61227,0.068905,USA,BGR,2616
631965,43,24,896,2014,9302.0,0.0,1.187557,1.222085,CHN,BHR,2616
631966,61,68,896,2014,9223.0,0.0,2.052849,-2.888805,DEU,EGY,2616
631967,228,68,896,2014,0.0,227643.0,0.566535,0.832267,UKR,EGY,2616
631968,41,82,896,2014,285723.0,0.0,2.2000919999999997,0.65398,CHE,GEO,2616
631969,8,115,896,2014,4870180.0,0.0,0.10691500000000001,0.44860600000000006,ARG,KAZ,2616
631970,39,115,896,2014,0.0,2955.0,0.671395,1.024683,CAN,KAZ,2616
631971,43,115,896,2014,0.0,1905866.0,1.187557,1.222085,CHN,KAZ,2616
631972,117,115,896,2014,28905964.0,0.0,-0.31942600000000004,-0.012454,KGZ,KAZ,2616
631973,173,115,896,2014,376000.0,0.0,-0.557833,0.611826,PER,KAZ,2616
631974,186,115,896,2014,157249829.0,106251056.0,0.229422,-0.214856,RUS,KAZ,2616
631975,43,117,896,2014,0.0,2451415.0,1.187557,1.222085,CHN,KGZ,2616
631976,115,117,896,2014,0.0,28905964.0,-0.210431,-0.574075,KAZ,KGZ,2616
631977,81,130,896,2014,0.0,1184895.0,1.697964,0.585372,GBR,LTU,2616
631978,231,130,896,2014,1499.0,0.0,1.61227,0.068905,USA,LTU,2616
631979,61,131,896,2014,1340.0,0.0,2.052849,-2.888805,DEU,LUX,2616
631980,71,131,896,2014,5973.0,0.0,0.842147,2.45692,ESP,LUX,2616
631981,77,131,896,2014,1338.0,0.0,1.4817790000000002,0.30995,FRA,LUX,2616
631982,250,131,896,2014,1419.0,0.0,0.506842,0.049545,ANS,LUX,2616
631983,43,147,896,2014,0.0,932698.0,1.187557,1.222085,CHN,MOZ,2616
631984,246,147,896,2014,184608.0,1254.0,0.282927,1.723214,ZAF,MOZ,2616
631985,39,164,896,2014,0.0,6237.0,0.671395,1.024683,CAN,NPL,2616
631986,104,164,896,2014,6500.0,0.0,0.262042,2.6305080000000003,IND,NPL,2616
631987,104,183,896,2014,4841.0,0.0,0.262042,2.6305080000000003,IND,QAT,2616
631988,43,185,896,2014,0.0,16187137.0,1.187557,1.222085,CHN,ROU,2616
631989,201,185,896,2014,0.0,1334.0,0.551635,1.211535,SRB,ROU,2616
631990,43,186,896,2014,0.0,145808780.0,1.187557,1.222085,CHN,RUS,2616
631991,61,186,896,2014,0.0,837891.0,2.052849,-2.888805,DEU,RUS,2616
631992,64,186,896,2014,4340.0,0.0,1.10869,1.245193,DNK,RUS,2616
631993,81,186,896,2014,0.0,5145108.0,1.697964,0.585372,GBR,RUS,2616
631994,114,186,896,2014,0.0,90959964.0,2.403165,-0.635024,JPN,RUS,2616
631995,115,186,896,2014,106251056.0,157249829.0,-0.210431,-0.574075,KAZ,RUS,2616
631996,121,186,896,2014,0.0,297630576.0,1.817145,0.8394530000000001,KOR,RUS,2616
631997,173,186,896,2014,35444832.0,0.0,-0.557833,0.611826,PER,RUS,2616
631998,246,186,896,2014,0.0,23004.0,0.282927,1.723214,ZAF,RUS,2616
631999,14,201,896,2014,728.0,0.0,-0.398273,-0.17128,AUS,SRB,2616
632000,39,201,896,2014,893.0,0.0,0.671395,1.024683,CAN,SRB,2616
632001,43,201,896,2014,0.0,1267.0,1.187557,1.222085,CHN,SRB,2616
632002,185,201,896,2014,1334.0,0.0,0.9112,1.188161,ROU,SRB,2616
632003,104,211,896,2014,3539.0,0.0,0.262042,2.6305080000000003,IND,SYC,2616
632004,246,211,896,2014,204557.0,0.0,0.282927,1.723214,ZAF,SYC,2616
632005,39,21,896,2014,0.0,8219.0,0.671395,1.024683,CAN,BFA,2616
632006,14,31,896,2014,0.0,4606911.0,-0.398273,-0.17128,AUS,BOL,2616
632007,18,31,896,2014,0.0,45256933.0,1.234156,1.226441,BEL,BOL,2616
632008,39,31,896,2014,0.0,49360880.0,0.671395,1.024683,CAN,BOL,2616
632009,41,31,896,2014,0.0,7117474.0,2.2000919999999997,0.65398,CHE,BOL,2616
632010,42,31,896,2014,0.0,512412.0,-0.344671,-0.43380799999999997,CHL,BOL,2616
632011,43,31,896,2014,0.0,62958289.0,1.187557,1.222085,CHN,BOL,2616
632012,71,31,896,2014,0.0,7023564.0,0.842147,2.45692,ESP,BOL,2616
632013,74,31,896,2014,0.0,604835.0,1.626355,1.002923,FIN,BOL,2616
632014,81,31,896,2014,0.0,9722770.0,1.697964,0.585372,GBR,BOL,2616
632015,114,31,896,2014,0.0,68238872.0,2.403165,-0.635024,JPN,BOL,2616
632016,121,31,896,2014,0.0,23586898.0,1.817145,0.8394530000000001,KOR,BOL,2616
632017,138,31,896,2014,0.0,9139481.0,1.0799729999999998,0.697554,MEX,BOL,2616
632018,162,31,896,2014,0.0,2026373.0,1.179325,1.355071,NLD,BOL,2616
632019,173,31,896,2014,0.0,7075666.0,-0.557833,0.611826,PER,BOL,2616
632020,231,31,896,2014,0.0,8211904.0,1.61227,0.068905,USA,BOL,2616
632021,104,37,896,2014,0.0,2449575.0,0.262042,2.6305080000000003,IND,BWA,2616
632022,246,37,896,2014,10949.0,0.0,0.282927,1.723214,ZAF,BWA,2616
632023,121,45,896,2014,0.0,670845.0,1.817145,0.8394530000000001,KOR,CMR,2616
632024,104,47,896,2014,0.0,10591.0,0.262042,2.6305080000000003,IND,COG,2616
632025,104,73,896,2014,22848.0,990278.0,0.262042,2.6305080000000003,IND,ETH,2616
632026,43,83,896,2014,0.0,7756.0,1.187557,1.222085,CHN,GHA,2616
632027,61,83,896,2014,0.0,114676.0,2.052849,-2.888805,DEU,GHA,2616
632028,246,85,896,2014,0.0,138.0,0.282927,1.723214,ZAF,GIN,2616
632029,81,109,896,2014,0.0,16167.0,1.697964,0.585372,GBR,ISL,2616
632030,43,116,896,2014,0.0,109118.0,1.187557,1.222085,CHN,KEN,2616
632031,61,116,896,2014,0.0,169422.0,2.052849,-2.888805,DEU,KEN,2616
632032,39,141,896,2014,3190.0,0.0,0.671395,1.024683,CAN,MLI,2616
632033,81,142,896,2014,985186.0,0.0,1.697964,0.585372,GBR,MLT,2616
632034,111,142,896,2014,0.0,8578489.0,1.340136,0.43931099999999995,ITA,MLT,2616
632035,39,155,896,2014,2058.0,1975.0,0.671395,1.024683,CAN,NAM,2616
632036,41,155,896,2014,0.0,104099.0,2.2000919999999997,0.65398,CHE,NAM,2616
632037,246,155,896,2014,3912.0,0.0,0.282927,1.723214,ZAF,NAM,2616
632038,39,159,896,2014,0.0,24624.0,0.671395,1.024683,CAN,NGA,2616
632039,43,159,896,2014,0.0,785662.0,1.187557,1.222085,CHN,NGA,2616
632040,104,159,896,2014,3849.0,0.0,0.262042,2.6305080000000003,IND,NGA,2616
632041,104,167,896,2014,0.0,403153.0,0.262042,2.6305080000000003,IND,OMN,2616
632042,43,178,896,2014,2295.0,30733474.0,1.187557,1.222085,CHN,PRK,2616
632043,99,178,896,2014,779702.0,0.0,-0.467004,0.045511,HND,PRK,2616
632044,18,226,896,2014,0.0,1477843.0,1.234156,1.226441,BEL,TZA,2616
632045,39,226,896,2014,0.0,2566.0,0.671395,1.024683,CAN,TZA,2616
632046,41,226,896,2014,0.0,6460436.0,2.2000919999999997,0.65398,CHE,TZA,2616
632047,43,226,896,2014,0.0,98316512.0,1.187557,1.222085,CHN,TZA,2616
632048,61,226,896,2014,0.0,61100332.0,2.052849,-2.888805,DEU,TZA,2616
632049,104,226,896,2014,0.0,5952088.0,0.262042,2.6305080000000003,IND,TZA,2616
632050,114,226,896,2014,0.0,94375800.0,2.403165,-0.635024,JPN,TZA,2616
632051,163,226,896,2014,0.0,1304.0,0.9187049999999999,0.182685,NOR,TZA,2616
632052,7,227,896,2014,0.0,6007.0,0.087775,-0.289459,ARE,UGA,2616
632053,81,227,896,2014,3592.0,0.0,1.697964,0.585372,GBR,UGA,2616
632054,121,227,896,2014,0.0,46694.0,1.817145,0.8394530000000001,KOR,UGA,2616
632055,231,237,896,2014,5974.0,0.0,1.61227,0.068905,USA,VGB,2616
632056,43,239,896,2014,0.0,270136.0,1.187557,1.222085,CHN,VNM,2616
632057,249,239,896,2014,32409.0,0.0,1.9044189999999999,1.0595139999999998,TWN,VNM,2616
632058,166,242,896,2014,2075.0,0.0,0.272502,0.21628699999999998,NZL,WSM,2616
632059,104,247,896,2014,0.0,242418.0,0.262042,2.6305080000000003,IND,ZMB,2616
632060,43,248,896,2014,0.0,277105.0,1.187557,1.222085,CHN,ZWE,2616
632061,153,248,896,2014,0.0,678620.0,1.018138,0.774649,MYS,ZWE,2616
632062,246,248,896,2014,10275.0,3143059.0,0.282927,1.723214,ZAF,ZWE,2616
632063,43,144,896,2014,0.0,13383316.0,1.187557,1.222085,CHN,MNE,2616
632064,43,145,896,2014,0.0,12642025.0,1.187557,1.222085,CHN,MNG,2616
632065,18,196,896,2014,0.0,1134.0,1.234156,1.226441,BEL,SLE,2616
632066,43,217,896,2014,0.0,331105.0,1.187557,1.222085,CHN,TJK,2616
632067,231,0,896,2014,2104.0,0.0,1.61227,0.068905,USA,ABW,2616
632068,7,1,896,2014,36943.0,0.0,0.087775,-0.289459,ARE,AFG,2616
632069,43,69,896,2014,0.0,1870789.0,1.187557,1.222085,CHN,ERI,2616
632070,104,69,896,2014,0.0,7718001.0,0.262042,2.6305080000000003,IND,ERI,2616
632071,246,129,896,2014,1055.0,0.0,0.282927,1.723214,ZAF,LSO,2616
632072,246,152,896,2014,2641.0,0.0,0.282927,1.723214,ZAF,MWI,2616
632073,14,176,896,2014,0.0,1787.0,-0.398273,-0.17128,AUS,PNG,2616
632074,61,176,896,2014,0.0,19333370.0,2.052849,-2.888805,DEU,PNG,2616
632075,121,176,896,2014,0.0,24247334.0,1.817145,0.8394530000000001,KOR,PNG,2616
632076,97,195,896,2014,0.0,82189.0,0.812132,1.722493,HKG,SLB,2616
632077,231,210,896,2014,125738.0,0.0,1.61227,0.068905,USA,SXM,2616
632078,1,7,911,2014,5530.0,17417216.0,-0.924386,-0.839385,AFG,ARE,2710
632079,2,7,911,2014,0.0,30856258.0,-1.8184900000000002,-1.149191,AGO,ARE,2710
632080,4,7,911,2014,0.0,49021.0,-0.476024,-0.33978400000000003,ALB,ARE,2710
632081,9,7,911,2014,0.0,308601.0,-0.198322,-0.5918680000000001,ARM,ARE,2710
632082,14,7,911,2014,101074.0,551475.0,-0.398273,-0.17128,AUS,ARE,2710
632083,15,7,911,2014,470985.0,0.0,1.7116790000000002,-0.140232,AUT,ARE,2710
632084,16,7,911,2014,613802.0,2018938.0,-0.909508,-1.165158,AZE,ARE,2710
632085,17,7,911,2014,0.0,1700894.0,-0.242256,-0.8567879999999999,BDI,ARE,2710
632086,18,7,911,2014,35800828.0,8774.0,1.234156,1.226441,BEL,ARE,2710
632087,19,7,911,2014,21740.0,6673486.0,-0.342225,-0.618789,BEN,ARE,2710
632088,21,7,911,2014,266283.0,736740.0,-0.922401,-0.9554379999999999,BFA,ARE,2710
632089,22,7,911,2014,0.0,29339688.0,-1.0341879999999999,-0.9614870000000001,BGD,ARE,2710
632090,23,7,911,2014,75816528.0,1606.0,0.579058,1.6558110000000001,BGR,ARE,2710
632091,24,7,911,2014,201264624.0,83531736.0,0.460168,-0.41671099999999994,BHR,ARE,2710
632092,26,7,911,2014,0.0,75825.0,0.5083300000000001,0.711704,BIH,ARE,2710
632093,28,7,911,2014,588147.0,1736218.0,0.874108,0.676231,BLR,ARE,2710
632094,32,7,911,2014,15010535.0,126215048.0,0.218223,0.556921,BRA,ARE,2710
632095,34,7,911,2014,0.0,57516.0,0.191357,-0.683567,BRN,ARE,2710
632096,37,7,911,2014,0.0,196176.0,-0.60221,-1.104578,BWA,ARE,2710
632097,38,7,911,2014,0.0,108041.0,0.695875,0.543384,CAF,ARE,2710
632098,39,7,911,2014,109790296.0,340982.0,0.671395,1.024683,CAN,ARE,2710
632099,41,7,911,2014,75708776.0,0.0,2.2000919999999997,0.65398,CHE,ARE,2710
632100,42,7,911,2014,0.0,79510.0,-0.344671,-0.43380799999999997,CHL,ARE,2710
632101,43,7,911,2014,310632128.0,182596304.0,1.187557,1.222085,CHN,ARE,2710
632102,44,7,911,2014,0.0,6136420.0,-0.737625,-0.768728,CIV,ARE,2710
632103,45,7,911,2014,34697.0,10877960.0,-0.6723520000000001,-0.945084,CMR,ARE,2710
632104,46,7,911,2014,0.0,2405742.0,-1.6680240000000002,-1.1265129999999999,COD,ARE,2710
632105,47,7,911,2014,0.0,2603956.0,-1.371624,-1.12468,COG,ARE,2710
632106,49,7,911,2014,23468816.0,18531.0,0.19864500000000002,-0.378364,COL,ARE,2710
632107,50,7,911,2014,0.0,512731.0,-0.19200699999999998,-0.761303,COM,ARE,2710
632108,51,7,911,2014,0.0,1158.0,-0.182368,-0.7136359999999999,CPV,ARE,2710
632109,58,7,911,2014,33857.0,105689.0,0.627467,0.483725,CYP,ARE,2710
632110,59,7,911,2014,13192452.0,0.0,1.8105830000000003,0.131131,CZE,ARE,2710
632111,61,7,911,2014,19088890.0,3542.0,2.052849,-2.888805,DEU,ARE,2710
632112,62,7,911,2014,90303.0,10887547.0,-0.394602,-0.74178,DJI,ARE,2710
632113,64,7,911,2014,56893.0,80547024.0,1.10869,1.245193,DNK,ARE,2710
632114,66,7,911,2014,59914.0,16948816.0,-1.5554649999999999,-1.1657030000000002,DZA,ARE,2710
632115,67,7,911,2014,0.0,14966237.0,-1.066865,-1.052921,ECU,ARE,2710
632116,68,7,911,2014,23896098.0,257404240.0,-0.086866,1.7419669999999998,EGY,ARE,2710
632117,69,7,911,2014,0.0,736446.0,-2.345215,-1.051413,ERI,ARE,2710
632118,71,7,911,2014,55658348.0,57144864.0,0.842147,2.45692,ESP,ARE,2710
632119,72,7,911,2014,295887.0,0.0,0.9147780000000001,1.151556,EST,ARE,2710
632120,73,7,911,2014,55069.0,42257840.0,-1.296535,-1.045942,ETH,ARE,2710
632121,74,7,911,2014,21142808.0,86597.0,1.626355,1.002923,FIN,ARE,2710
632122,75,7,911,2014,0.0,566637.0,-0.306346,-0.07688500000000001,FJI,ARE,2710
632123,77,7,911,2014,43912012.0,546288832.0,1.4817790000000002,0.30995,FRA,ARE,2710
632124,80,7,911,2014,0.0,925888.0,-1.625474,-1.135973,GAB,ARE,2710
632125,81,7,911,2014,18184810.0,563655744.0,1.697964,0.585372,GBR,ARE,2710
632126,82,7,911,2014,0.0,341876.0,-0.254106,-0.646584,GEO,ARE,2710
632127,83,7,911,2014,0.0,32461212.0,-1.130226,-0.9909379999999999,GHA,ARE,2710
632128,85,7,911,2014,0.0,6603632.0,-1.628409,-1.202473,GIN,ARE,2710
632129,87,7,911,2014,0.0,1830759.0,-0.905488,-0.7892819999999999,GMB,ARE,2710
632130,88,7,911,2014,0.0,1026905.0,-1.6723700000000001,-0.896442,GNB,ARE,2710
632131,89,7,911,2014,0.0,873126.0,-2.043516,-0.844701,GNQ,ARE,2710
632132,90,7,911,2014,176150832.0,4764.0,0.149337,0.8560540000000001,GRC,ARE,2710
632133,93,7,911,2014,0.0,26201.0,-0.36547199999999996,0.548894,GTM,ARE,2710
632134,96,7,911,2014,0.0,82368.0,-1.068777,-1.038227,GUY,ARE,2710
632135,97,7,911,2014,100694.0,96961.0,0.812132,1.722493,HKG,ARE,2710
632136,100,7,911,2014,3479.0,40081.0,0.804401,1.250807,HRV,ARE,2710
632137,101,7,911,2014,0.0,319122.0,-1.10887,-1.032108,HTI,ARE,2710
632138,102,7,911,2014,2731349.0,0.0,1.477093,0.812869,HUN,ARE,2710
632139,103,7,911,2014,1539688.0,174464976.0,-0.088032,1.3966459999999998,IDN,ARE,2710
632140,104,7,911,2014,6098848768.0,494118944.0,0.262042,2.6305080000000003,IND,ARE,2710
632141,106,7,911,2014,30486.0,982.0,1.2658399999999999,0.278546,IRL,ARE,2710
632142,107,7,911,2014,377919168.0,47974852.0,-0.361058,-0.312743,IRN,ARE,2710
632143,108,7,911,2014,50148516.0,51345204.0,-2.9169,-0.882023,IRQ,ARE,2710
632144,109,7,911,2014,122015.0,5046.0,0.127891,-0.302014,ISL,ARE,2710
632145,111,7,911,2014,370226560.0,84186632.0,1.340136,0.43931099999999995,ITA,ARE,2710
632146,112,7,911,2014,0.0,73350.0,-0.42745299999999997,-0.7750130000000001,JAM,ARE,2710
632147,113,7,911,2014,1441846.0,250475904.0,0.210208,0.48732299999999995,JOR,ARE,2710
632148,114,7,911,2014,6594736.0,989944704.0,2.403165,-0.635024,JPN,ARE,2710
632149,115,7,911,2014,71131.0,430849.0,-0.210431,-0.574075,KAZ,ARE,2710
632150,116,7,911,2014,0.0,19397736.0,-0.487058,0.307288,KEN,ARE,2710
632151,117,7,911,2014,2833753.0,47567.0,-0.31942600000000004,-0.012454,KGZ,ARE,2710
632152,118,7,911,2014,0.0,3808523.0,-0.84072,-0.8307040000000001,KHM,ARE,2710
632153,119,7,911,2014,0.0,26730.0,0.708907,-0.540813,KIR,ARE,2710
632154,121,7,911,2014,101606584.0,1403281664.0,1.817145,0.8394530000000001,KOR,ARE,2710
632155,122,7,911,2014,319415680.0,69278800.0,-0.769616,-1.10667,KWT,ARE,2710
632156,124,7,911,2014,33754.0,26537672.0,0.308677,1.7564490000000001,LBN,ARE,2710
632157,125,7,911,2014,0.0,2639311.0,-1.016828,-1.107983,LBR,ARE,2710
632158,126,7,911,2014,298072.0,8006303.0,-1.5943829999999999,-1.189961,LBY,ARE,2710
632159,128,7,911,2014,14519406.0,148819648.0,-0.49366899999999997,0.338686,LKA,ARE,2710
632160,130,7,911,2014,481978.0,0.0,0.764495,1.3451540000000002,LTU,ARE,2710
632161,131,7,911,2014,2489.0,0.0,1.243845,1.155474,LUX,ARE,2710
632162,132,7,911,2014,0.0,207272.0,0.613116,1.1899790000000001,LVA,ARE,2710
632163,133,7,911,2014,11213.0,293.0,0.704535,0.5856140000000001,MAC,ARE,2710
632164,134,7,911,2014,908.0,3241156.0,-0.574034,0.065788,MAR,ARE,2710
632165,136,7,911,2014,0.0,174012928.0,-1.002122,-0.44446,MDG,ARE,2710
632166,137,7,911,2014,2132.0,51017.0,-0.43265299999999995,-0.82696,MDV,ARE,2710
632167,138,7,911,2014,57962.0,15243.0,1.0799729999999998,0.697554,MEX,ARE,2710
632168,140,7,911,2014,718946.0,129816.0,-0.039799,-0.05545,MKD,ARE,2710
632169,141,7,911,2014,0.0,5446986.0,-1.199063,-1.05497,MLI,ARE,2710
632170,142,7,911,2014,6778273.0,11957.0,0.817013,0.0016309999999999999,MLT,ARE,2710
632171,143,7,911,2014,0.0,10046726.0,-1.5332459999999999,-1.145973,MMR,ARE,2710
632172,145,7,911,2014,0.0,67446.0,-1.425524,-1.161949,MNG,ARE,2710
632173,147,7,911,2014,656717.0,56817480.0,-1.1993610000000001,-1.040181,MOZ,ARE,2710
632174,148,7,911,2014,5581748.0,100232264.0,-1.458551,-1.225373,MRT,ARE,2710
632175,151,7,911,2014,0.0,5874864.0,-0.029891,-0.12431099999999999,MUS,ARE,2710
632176,152,7,911,2014,0.0,2107150.0,-0.494204,-0.751903,MWI,ARE,2710
632177,153,7,911,2014,33392724.0,759156864.0,1.018138,0.774649,MYS,ARE,2710
632178,155,7,911,2014,10332.0,1816077.0,-0.428227,-0.5632229999999999,NAM,ARE,2710
632179,157,7,911,2014,0.0,582139.0,-0.7187,-0.80918,NER,ARE,2710
632180,159,7,911,2014,6873.0,10551468.0,-1.2126430000000001,-1.059697,NGA,ARE,2710
632181,162,7,911,2014,150579280.0,412889472.0,1.179325,1.355071,NLD,ARE,2710
632182,163,7,911,2014,20573.0,0.0,0.9187049999999999,0.182685,NOR,ARE,2710
632183,164,7,911,2014,0.0,3278231.0,-0.11988199999999999,0.655883,NPL,ARE,2710
632184,166,7,911,2014,17349.0,231083.0,0.272502,0.21628699999999998,NZL,ARE,2710
632185,167,7,911,2014,124547280.0,223013472.0,-0.505129,-1.0051370000000002,OMN,ARE,2710
632186,168,7,911,2014,113008728.0,2425594624.0,-0.672924,0.566787,PAK,ARE,2710
632187,173,7,911,2014,0.0,49474.0,-0.557833,0.611826,PER,ARE,2710
632188,174,7,911,2014,65488.0,14322791.0,0.637442,0.475883,PHL,ARE,2710
632189,176,7,911,2014,0.0,12836.0,-1.564904,-1.146255,PNG,ARE,2710
632190,177,7,911,2014,671756.0,0.0,1.133102,1.177165,POL,ARE,2710
632191,179,7,911,2014,1237.0,7085.0,0.621053,2.349644,PRT,ARE,2710
632192,180,7,911,2014,0.0,56399.0,-0.608509,-0.930679,PRY,ARE,2710
632193,181,7,911,2014,0.0,741245.0,0.030643,0.601905,PSE,ARE,2710
632194,183,7,911,2014,138727008.0,47408888.0,-0.37535599999999997,-1.0196370000000001,QAT,ARE,2710
632195,185,7,911,2014,10544918.0,49712.0,0.9112,1.188161,ROU,ARE,2710
632196,186,7,911,2014,46385868.0,257265.0,0.229422,-0.214856,RUS,ARE,2710
632197,187,7,911,2014,1295658.0,10779759.0,-0.5692659999999999,-0.447859,RWA,ARE,2710
632198,188,7,911,2014,174749296.0,90404568.0,0.5758439999999999,-0.832692,SAU,ARE,2710
632199,190,7,911,2014,25756.0,217124704.0,-1.442381,-1.1155030000000001,SDN,ARE,2710
632200,191,7,911,2014,0.0,9397275.0,-0.502607,-0.08866,SEN,ARE,2710
632201,192,7,911,2014,91048040.0,1940259456.0,1.867492,0.626736,SGP,ARE,2710
632202,196,7,911,2014,0.0,2013077.0,-0.9228569999999999,-0.791482,SLE,ARE,2710
632203,199,7,911,2014,0.0,6696888.0,-1.41991,-1.010693,SOM,ARE,2710
632204,201,7,911,2014,3877600.0,290455.0,0.551635,1.211535,SRB,ARE,2710
632205,203,7,911,2014,0.0,13475.0,1.172431,-0.024141,STP,ARE,2710
632206,205,7,911,2014,0.0,50647.0,-0.6333989999999999,-0.857643,SUR,ARE,2710
632207,208,7,911,2014,2804484.0,573966.0,1.817752,0.558474,SWE,ARE,2710
632208,211,7,911,2014,734663.0,1186858.0,0.358111,-0.484879,SYC,ARE,2710
632209,212,7,911,2014,0.0,5590138.0,-0.366224,0.9054719999999999,SYR,ARE,2710
632210,214,7,911,2014,0.0,2168118.0,-2.012048,-0.921558,TCD,ARE,2710
632211,215,7,911,2014,0.0,4655010.0,-0.524103,-0.537643,TGO,ARE,2710
632212,216,7,911,2014,1777322.0,483911328.0,0.977094,1.41283,THA,ARE,2710
632213,217,7,911,2014,0.0,222536.0,-0.706823,-0.993756,TJK,ARE,2710
632214,219,7,911,2014,4178.0,12569411.0,-1.217897,-1.184131,TKM,ARE,2710
632215,222,7,911,2014,3720.0,3069.0,-0.57362,-1.117545,TTO,ARE,2710
632216,223,7,911,2014,156598.0,926774.0,0.343449,1.118007,TUN,ARE,2710
632217,224,7,911,2014,421333472.0,854270.0,0.554761,2.385693,TUR,ARE,2710
632218,226,7,911,2014,14737.0,295543200.0,-1.054331,0.166345,TZA,ARE,2710
632219,227,7,911,2014,0.0,48821988.0,-0.46911800000000003,0.25446599999999997,UGA,ARE,2710
632220,228,7,911,2014,6072791.0,50806.0,0.566535,0.832267,UKR,ARE,2710
632221,230,7,911,2014,0.0,47603.0,0.154034,-0.380899,URY,ARE,2710
632222,231,7,911,2014,145102544.0,5025510.0,1.61227,0.068905,USA,ARE,2710
632223,232,7,911,2014,1922993.0,638349.0,-0.407623,-0.37150700000000003,UZB,ARE,2710
632224,239,7,911,2014,168694.0,3743696.0,-0.023765,1.344416,VNM,ARE,2710
632225,243,7,911,2014,243502.0,78241968.0,-1.2829190000000001,-1.227373,YEM,ARE,2710
632226,246,7,911,2014,3236418.0,305929216.0,0.282927,1.723214,ZAF,ARE,2710
632227,247,7,911,2014,0.0,332861.0,-0.664089,-0.793452,ZMB,ARE,2710
632228,248,7,911,2014,0.0,779565.0,-0.821369,-0.864232,ZWE,ARE,2710
632229,249,7,911,2014,2391564.0,840434048.0,1.9044189999999999,1.0595139999999998,TWN,ARE,2710
632230,250,7,911,2014,411755.0,7362851328.0,0.506842,0.049545,ANS,ARE,2710
632231,2,8,911,2014,0.0,1118.0,-1.8184900000000002,-1.149191,AGO,ARG,2710
632232,14,8,911,2014,0.0,69277.0,-0.398273,-0.17128,AUS,ARG,2710
632233,15,8,911,2014,3647.0,0.0,1.7116790000000002,-0.140232,AUT,ARG,2710
632234,18,8,911,2014,103070264.0,4909.0,1.234156,1.226441,BEL,ARG,2710
632235,24,8,911,2014,113221.0,0.0,0.460168,-0.41671099999999994,BHR,ARG,2710
632236,29,8,911,2014,0.0,35071.0,-0.324446,-0.552126,BLZ,ARG,2710
632237,31,8,911,2014,2231678.0,125655432.0,-1.129494,-1.030198,BOL,ARG,2710
632238,32,8,911,2014,148937568.0,453686016.0,0.218223,0.556921,BRA,ARG,2710
632239,39,8,911,2014,555124.0,0.0,0.671395,1.024683,CAN,ARG,2710
632240,41,8,911,2014,26970.0,0.0,2.2000919999999997,0.65398,CHE,ARG,2710
632241,42,8,911,2014,724615.0,35758724.0,-0.344671,-0.43380799999999997,CHL,ARG,2710
632242,43,8,911,2014,2352250.0,2496.0,1.187557,1.222085,CHN,ARG,2710
632243,49,8,911,2014,15680487.0,40516.0,0.19864500000000002,-0.378364,COL,ARG,2710
632244,55,8,911,2014,5900928.0,0.0,-0.00902,-0.683643,CUW,ARG,2710
632245,59,8,911,2014,3780.0,0.0,1.8105830000000003,0.131131,CZE,ARG,2710
632246,61,8,911,2014,88115616.0,0.0,2.052849,-2.888805,DEU,ARG,2710
632247,64,8,911,2014,2634.0,0.0,1.10869,1.245193,DNK,ARG,2710
632248,67,8,911,2014,25788.0,1948960.0,-1.066865,-1.052921,ECU,ARG,2710
632249,68,8,911,2014,37602.0,0.0,-0.086866,1.7419669999999998,EGY,ARG,2710
632250,71,8,911,2014,396467.0,0.0,0.842147,2.45692,ESP,ARG,2710
632251,74,8,911,2014,5025106.0,0.0,1.626355,1.002923,FIN,ARG,2710
632252,77,8,911,2014,13875624.0,1662.0,1.4817790000000002,0.30995,FRA,ARG,2710
632253,81,8,911,2014,374106.0,0.0,1.697964,0.585372,GBR,ARG,2710
632254,90,8,911,2014,8581799.0,0.0,0.149337,0.8560540000000001,GRC,ARG,2710
632255,97,8,911,2014,10281.0,0.0,0.812132,1.722493,HKG,ARG,2710
632256,99,8,911,2014,0.0,3716.0,-0.467004,0.045511,HND,ARG,2710
632257,104,8,911,2014,2188282.0,3464.0,0.262042,2.6305080000000003,IND,ARG,2710
632258,110,8,911,2014,23039.0,0.0,1.211141,0.64523,ISR,ARG,2710
632259,111,8,911,2014,3166212.0,0.0,1.340136,0.43931099999999995,ITA,ARG,2710
632260,114,8,911,2014,1068837.0,1997.0,2.403165,-0.635024,JPN,ARG,2710
632261,115,8,911,2014,8528933.0,0.0,-0.210431,-0.574075,KAZ,ARG,2710
632262,121,8,911,2014,698895.0,0.0,1.817145,0.8394530000000001,KOR,ARG,2710
632263,132,8,911,2014,10724085.0,0.0,0.613116,1.1899790000000001,LVA,ARG,2710
632264,138,8,911,2014,93851.0,0.0,1.0799729999999998,0.697554,MEX,ARG,2710
632265,142,8,911,2014,0.0,119169.0,0.817013,0.0016309999999999999,MLT,ARG,2710
632266,153,8,911,2014,39030192.0,48407.0,1.018138,0.774649,MYS,ARG,2710
632267,162,8,911,2014,495679936.0,23030366.0,1.179325,1.355071,NLD,ARG,2710
632268,173,8,911,2014,54481000.0,37360.0,-0.557833,0.611826,PER,ARG,2710
632269,179,8,911,2014,28255.0,0.0,0.621053,2.349644,PRT,ARG,2710
632270,180,8,911,2014,1130654.0,170389232.0,-0.608509,-0.930679,PRY,ARG,2710
632271,183,8,911,2014,1383053.0,0.0,-0.37535599999999997,-1.0196370000000001,QAT,ARG,2710
632272,186,8,911,2014,395708864.0,0.0,0.229422,-0.214856,RUS,ARG,2710
632273,192,8,911,2014,87107448.0,69051984.0,1.867492,0.626736,SGP,ARG,2710
632274,205,8,911,2014,0.0,1057011.0,-0.6333989999999999,-0.857643,SUR,ARG,2710
632275,206,8,911,2014,6306.0,0.0,1.334959,0.821253,SVK,ARG,2710
632276,208,8,911,2014,228577.0,0.0,1.817752,0.558474,SWE,ARG,2710
632277,222,8,911,2014,36085.0,0.0,-0.57362,-1.117545,TTO,ARG,2710
632278,224,8,911,2014,18901.0,0.0,0.554761,2.385693,TUR,ARG,2710
632279,230,8,911,2014,0.0,3681354.0,0.154034,-0.380899,URY,ARG,2710
632280,231,8,911,2014,2391682816.0,18924660.0,1.61227,0.068905,USA,ARG,2710
632281,239,8,911,2014,0.0,116317.0,-0.023765,1.344416,VNM,ARG,2710
632282,249,8,911,2014,948471.0,0.0,1.9044189999999999,1.0595139999999998,TWN,ARG,2710
632283,1,15,911,2014,0.0,39276.0,-0.924386,-0.839385,AFG,AUT,2710
632284,4,15,911,2014,20622.0,210775.0,-0.476024,-0.33978400000000003,ALB,AUT,2710
632285,7,15,911,2014,0.0,470985.0,0.087775,-0.289459,ARE,AUT,2710
632286,8,15,911,2014,0.0,3647.0,0.10691500000000001,0.44860600000000006,ARG,AUT,2710
632287,9,15,911,2014,0.0,12706.0,-0.198322,-0.5918680000000001,ARM,AUT,2710
632288,14,15,911,2014,5664.0,96666.0,-0.398273,-0.17128,AUS,AUT,2710
632289,16,15,911,2014,2199698.0,1170107.0,-0.909508,-1.165158,AZE,AUT,2710
632290,18,15,911,2014,62895580.0,3581323.0,1.234156,1.226441,BEL,AUT,2710
632291,19,15,911,2014,0.0,13160.0,-0.342225,-0.618789,BEN,AUT,2710
632292,21,15,911,2014,0.0,5939.0,-0.922401,-0.9554379999999999,BFA,AUT,2710
632293,23,15,911,2014,12490786.0,29270196.0,0.579058,1.6558110000000001,BGR,AUT,2710
632294,24,15,911,2014,858523.0,31909.0,0.460168,-0.41671099999999994,BHR,AUT,2710
632295,26,15,911,2014,16120881.0,4769730.0,0.5083300000000001,0.711704,BIH,AUT,2710
632296,28,15,911,2014,1785368.0,584413.0,0.874108,0.676231,BLR,AUT,2710
632297,31,15,911,2014,0.0,10312.0,-1.129494,-1.030198,BOL,AUT,2710
632298,32,15,911,2014,4206.0,5244.0,0.218223,0.556921,BRA,AUT,2710
632299,39,15,911,2014,6813.0,2446777.0,0.671395,1.024683,CAN,AUT,2710
632300,41,15,911,2014,16176095.0,102955032.0,2.2000919999999997,0.65398,CHE,AUT,2710
632301,42,15,911,2014,0.0,23568.0,-0.344671,-0.43380799999999997,CHL,AUT,2710
632302,43,15,911,2014,10970031.0,160235.0,1.187557,1.222085,CHN,AUT,2710
632303,44,15,911,2014,0.0,7839.0,-0.737625,-0.768728,CIV,AUT,2710
632304,46,15,911,2014,0.0,29708.0,-1.6680240000000002,-1.1265129999999999,COD,AUT,2710
632305,49,15,911,2014,0.0,4552.0,0.19864500000000002,-0.378364,COL,AUT,2710
632306,52,15,911,2014,0.0,7683.0,0.065938,-0.687971,CRI,AUT,2710
632307,58,15,911,2014,24056.0,1559108.0,0.627467,0.483725,CYP,AUT,2710
632308,59,15,911,2014,237071776.0,236497904.0,1.8105830000000003,0.131131,CZE,AUT,2710
632309,61,15,911,2014,3348370944.0,533627008.0,2.052849,-2.888805,DEU,AUT,2710
632310,62,15,911,2014,0.0,12661.0,-0.394602,-0.74178,DJI,AUT,2710
632311,64,15,911,2014,135847.0,27980.0,1.10869,1.245193,DNK,AUT,2710
632312,65,15,911,2014,0.0,1005.0,-0.180845,0.508512,DOM,AUT,2710
632313,66,15,911,2014,0.0,992.0,-1.5554649999999999,-1.1657030000000002,DZA,AUT,2710
632314,67,15,911,2014,0.0,31544.0,-1.066865,-1.052921,ECU,AUT,2710
632315,68,15,911,2014,0.0,8420.0,-0.086866,1.7419669999999998,EGY,AUT,2710
632316,71,15,911,2014,2854590.0,246677.0,0.842147,2.45692,ESP,AUT,2710
632317,72,15,911,2014,32840.0,936509.0,0.9147780000000001,1.151556,EST,AUT,2710
632318,74,15,911,2014,31736.0,154211.0,1.626355,1.002923,FIN,AUT,2710
632319,75,15,911,2014,0.0,2149.0,-0.306346,-0.07688500000000001,FJI,AUT,2710
632320,77,15,911,2014,14104214.0,1125639.0,1.4817790000000002,0.30995,FRA,AUT,2710
632321,80,15,911,2014,0.0,4483.0,-1.625474,-1.135973,GAB,AUT,2710
632322,81,15,911,2014,1774899.0,306703.0,1.697964,0.585372,GBR,AUT,2710
632323,82,15,911,2014,0.0,22546.0,-0.254106,-0.646584,GEO,AUT,2710
632324,90,15,911,2014,1037001.0,1179744.0,0.149337,0.8560540000000001,GRC,AUT,2710
632325,93,15,911,2014,0.0,5333.0,-0.36547199999999996,0.548894,GTM,AUT,2710
632326,97,15,911,2014,0.0,164516.0,0.812132,1.722493,HKG,AUT,2710
632327,99,15,911,2014,0.0,606.0,-0.467004,0.045511,HND,AUT,2710
632328,100,15,911,2014,8343.0,5552314.0,0.804401,1.250807,HRV,AUT,2710
632329,102,15,911,2014,467425312.0,327194944.0,1.477093,0.812869,HUN,AUT,2710
632330,103,15,911,2014,0.0,2435.0,-0.088032,1.3966459999999998,IDN,AUT,2710
632331,104,15,911,2014,65584.0,117687.0,0.262042,2.6305080000000003,IND,AUT,2710
632332,106,15,911,2014,276300.0,1426.0,1.2658399999999999,0.278546,IRL,AUT,2710
632333,107,15,911,2014,0.0,406750.0,-0.361058,-0.312743,IRN,AUT,2710
632334,108,15,911,2014,0.0,2662.0,-2.9169,-0.882023,IRQ,AUT,2710
632335,109,15,911,2014,411414.0,47746.0,0.127891,-0.302014,ISL,AUT,2710
632336,110,15,911,2014,1820.0,8060.0,1.211141,0.64523,ISR,AUT,2710
632337,111,15,911,2014,294316768.0,131268312.0,1.340136,0.43931099999999995,ITA,AUT,2710
632338,113,15,911,2014,6801.0,59665.0,0.210208,0.48732299999999995,JOR,AUT,2710
632339,114,15,911,2014,55793.0,75892.0,2.403165,-0.635024,JPN,AUT,2710
632340,115,15,911,2014,0.0,168247.0,-0.210431,-0.574075,KAZ,AUT,2710
632341,116,15,911,2014,0.0,13221.0,-0.487058,0.307288,KEN,AUT,2710
632342,117,15,911,2014,0.0,1053.0,-0.31942600000000004,-0.012454,KGZ,AUT,2710
632343,121,15,911,2014,33469.0,69495.0,1.817145,0.8394530000000001,KOR,AUT,2710
632344,122,15,911,2014,0.0,13836.0,-0.769616,-1.10667,KWT,AUT,2710
632345,124,15,911,2014,0.0,143290.0,0.308677,1.7564490000000001,LBN,AUT,2710
632346,126,15,911,2014,0.0,3296.0,-1.5943829999999999,-1.189961,LBY,AUT,2710
632347,130,15,911,2014,42709.0,1594333.0,0.764495,1.3451540000000002,LTU,AUT,2710
632348,131,15,911,2014,0.0,5895.0,1.243845,1.155474,LUX,AUT,2710
632349,132,15,911,2014,0.0,194720.0,0.613116,1.1899790000000001,LVA,AUT,2710
632350,134,15,911,2014,0.0,21345.0,-0.574034,0.065788,MAR,AUT,2710
632351,135,15,911,2014,74346.0,6361620.0,-0.10438199999999999,-0.093194,MDA,AUT,2710
632352,137,15,911,2014,0.0,40097.0,-0.43265299999999995,-0.82696,MDV,AUT,2710
632353,138,15,911,2014,10277.0,19914.0,1.0799729999999998,0.697554,MEX,AUT,2710
632354,140,15,911,2014,1221.0,574570.0,-0.039799,-0.05545,MKD,AUT,2710
632355,142,15,911,2014,0.0,7740.0,0.817013,0.0016309999999999999,MLT,AUT,2710
632356,143,15,911,2014,0.0,6750.0,-1.5332459999999999,-1.145973,MMR,AUT,2710
632357,144,15,911,2014,16887.0,383197.0,-0.17039100000000001,-0.21762399999999998,MNE,AUT,2710
632358,151,15,911,2014,0.0,1568.0,-0.029891,-0.12431099999999999,MUS,AUT,2710
632359,153,15,911,2014,0.0,17346.0,1.018138,0.774649,MYS,AUT,2710
632360,155,15,911,2014,0.0,1059.0,-0.428227,-0.5632229999999999,NAM,AUT,2710
632361,157,15,911,2014,0.0,4924.0,-0.7187,-0.80918,NER,AUT,2710
632362,159,15,911,2014,54448716.0,74268.0,-1.2126430000000001,-1.059697,NGA,AUT,2710
632363,162,15,911,2014,30341650.0,4490866.0,1.179325,1.355071,NLD,AUT,2710
632364,163,15,911,2014,16491078.0,49995.0,0.9187049999999999,0.182685,NOR,AUT,2710
632365,166,15,911,2014,0.0,3008.0,0.272502,0.21628699999999998,NZL,AUT,2710
632366,167,15,911,2014,0.0,2355.0,-0.505129,-1.0051370000000002,OMN,AUT,2710
632367,168,15,911,2014,0.0,1134876.0,-0.672924,0.566787,PAK,AUT,2710
632368,169,15,911,2014,0.0,10683.0,0.771742,0.9873190000000001,PAN,AUT,2710
632369,173,15,911,2014,0.0,67837.0,-0.557833,0.611826,PER,AUT,2710
632370,174,15,911,2014,0.0,128309.0,0.637442,0.475883,PHL,AUT,2710
632371,177,15,911,2014,24232408.0,24489862.0,1.133102,1.177165,POL,AUT,2710
632372,179,15,911,2014,0.0,46704.0,0.621053,2.349644,PRT,AUT,2710
632373,180,15,911,2014,0.0,1973.0,-0.608509,-0.930679,PRY,AUT,2710
632374,183,15,911,2014,0.0,1610.0,-0.37535599999999997,-1.0196370000000001,QAT,AUT,2710
632375,185,15,911,2014,3685883.0,30368060.0,0.9112,1.188161,ROU,AUT,2710
632376,186,15,911,2014,14359266.0,2011558.0,0.229422,-0.214856,RUS,AUT,2710
632377,188,15,911,2014,0.0,31520.0,0.5758439999999999,-0.832692,SAU,AUT,2710
632378,192,15,911,2014,1202.0,25394.0,1.867492,0.626736,SGP,AUT,2710
632379,197,15,911,2014,0.0,2165.0,0.08653999999999999,0.29088600000000003,SLV,AUT,2710
632380,201,15,911,2014,564942.0,15452347.0,0.551635,1.211535,SRB,AUT,2710
632381,206,15,911,2014,876203904.0,270102848.0,1.334959,0.821253,SVK,AUT,2710
632382,207,15,911,2014,382775168.0,216307024.0,1.6558669999999998,0.6814399999999999,SVN,AUT,2710
632383,208,15,911,2014,5014762.0,370470.0,1.817752,0.558474,SWE,AUT,2710
632384,211,15,911,2014,0.0,27379.0,0.358111,-0.484879,SYC,AUT,2710
632385,215,15,911,2014,0.0,323.0,-0.524103,-0.537643,TGO,AUT,2710
632386,216,15,911,2014,0.0,11885.0,0.977094,1.41283,THA,AUT,2710
632387,219,15,911,2014,0.0,7060.0,-1.217897,-1.184131,TKM,AUT,2710
632388,222,15,911,2014,0.0,1008.0,-0.57362,-1.117545,TTO,AUT,2710
632389,223,15,911,2014,0.0,170305.0,0.343449,1.118007,TUN,AUT,2710
632390,224,15,911,2014,7411526.0,417952.0,0.554761,2.385693,TUR,AUT,2710
632391,226,15,911,2014,0.0,3260.0,-1.054331,0.166345,TZA,AUT,2710
632392,228,15,911,2014,2100336.0,368328.0,0.566535,0.832267,UKR,AUT,2710
632393,231,15,911,2014,802164.0,6177546.0,1.61227,0.068905,USA,AUT,2710
632394,232,15,911,2014,0.0,20015.0,-0.407623,-0.37150700000000003,UZB,AUT,2710
632395,236,15,911,2014,0.0,208476.0,-0.582086,-1.081727,VEN,AUT,2710
632396,239,15,911,2014,0.0,9004.0,-0.023765,1.344416,VNM,AUT,2710
632397,243,15,911,2014,0.0,3261.0,-1.2829190000000001,-1.227373,YEM,AUT,2710
632398,246,15,911,2014,0.0,305683.0,0.282927,1.723214,ZAF,AUT,2710
632399,249,15,911,2014,0.0,441857.0,1.9044189999999999,1.0595139999999998,TWN,AUT,2710
632400,1,18,911,2014,0.0,187416.0,-0.924386,-0.839385,AFG,BEL,2710
632401,2,18,911,2014,67680568.0,14049716.0,-1.8184900000000002,-1.149191,AGO,BEL,2710
632402,4,18,911,2014,0.0,101523.0,-0.476024,-0.33978400000000003,ALB,BEL,2710
632403,5,18,911,2014,0.0,126609.0,0.533246,-0.41617,AND,BEL,2710
632404,7,18,911,2014,8774.0,35800828.0,0.087775,-0.289459,ARE,BEL,2710
632405,8,18,911,2014,4909.0,103070264.0,0.10691500000000001,0.44860600000000006,ARG,BEL,2710
632406,9,18,911,2014,0.0,846731.0,-0.198322,-0.5918680000000001,ARM,BEL,2710
632407,11,18,911,2014,0.0,3669.0,1.3498370000000002,-0.197062,ATA,BEL,2710
632408,12,18,911,2014,0.0,810384.0,0.8714149999999999,-0.652,ATF,BEL,2710
632409,14,18,911,2014,47755.0,19613718.0,-0.398273,-0.17128,AUS,BEL,2710
632410,15,18,911,2014,3581323.0,62895580.0,1.7116790000000002,-0.140232,AUT,BEL,2710
632411,16,18,911,2014,145028.0,9510919.0,-0.909508,-1.165158,AZE,BEL,2710
632412,17,18,911,2014,0.0,46596.0,-0.242256,-0.8567879999999999,BDI,BEL,2710
632413,19,18,911,2014,2524791.0,1937205.0,-0.342225,-0.618789,BEN,BEL,2710
632414,21,18,911,2014,1101771.0,645088.0,-0.922401,-0.9554379999999999,BFA,BEL,2710
632415,22,18,911,2014,0.0,1021547.0,-1.0341879999999999,-0.9614870000000001,BGD,BEL,2710
632416,23,18,911,2014,1329798.0,21511340.0,0.579058,1.6558110000000001,BGR,BEL,2710
632417,24,18,911,2014,82524880.0,1266696.0,0.460168,-0.41671099999999994,BHR,BEL,2710
632418,26,18,911,2014,0.0,1572734.0,0.5083300000000001,0.711704,BIH,BEL,2710
632419,28,18,911,2014,71070384.0,2326500.0,0.874108,0.676231,BLR,BEL,2710
632420,31,18,911,2014,0.0,39634.0,-1.129494,-1.030198,BOL,BEL,2710
632421,32,18,911,2014,9045.0,49220900.0,0.218223,0.556921,BRA,BEL,2710
632422,33,18,911,2014,0.0,10090.0,0.44968400000000003,-0.15268900000000002,BRB,BEL,2710
632423,34,18,911,2014,0.0,124421.0,0.191357,-0.683567,BRN,BEL,2710
632424,37,18,911,2014,0.0,31223.0,-0.60221,-1.104578,BWA,BEL,2710
632425,39,18,911,2014,60457644.0,55812592.0,0.671395,1.024683,CAN,BEL,2710
632426,41,18,911,2014,15694660.0,500218912.0,2.2000919999999997,0.65398,CHE,BEL,2710
632427,42,18,911,2014,8258.0,3070917.0,-0.344671,-0.43380799999999997,CHL,BEL,2710
632428,43,18,911,2014,11087576.0,160681056.0,1.187557,1.222085,CHN,BEL,2710
632429,44,18,911,2014,270393.0,19482124.0,-0.737625,-0.768728,CIV,BEL,2710
632430,45,18,911,2014,1169.0,5208714.0,-0.6723520000000001,-0.945084,CMR,BEL,2710
632431,46,18,911,2014,0.0,4317723.0,-1.6680240000000002,-1.1265129999999999,COD,BEL,2710
632432,47,18,911,2014,0.0,21755254.0,-1.371624,-1.12468,COG,BEL,2710
632433,49,18,911,2014,0.0,2085872.0,0.19864500000000002,-0.378364,COL,BEL,2710
632434,51,18,911,2014,0.0,5262124.0,-0.182368,-0.7136359999999999,CPV,BEL,2710
632435,52,18,911,2014,0.0,296176.0,0.065938,-0.687971,CRI,BEL,2710
632436,54,18,911,2014,33090176.0,5172042.0,-0.476786,-0.952291,CUB,BEL,2710
632437,55,18,911,2014,16304243.0,12331820.0,-0.00902,-0.683643,CUW,BEL,2710
632438,57,18,911,2014,0.0,4496.0,1.199562,-0.66969,CYM,BEL,2710
632439,58,18,911,2014,32897.0,48496100.0,0.627467,0.483725,CYP,BEL,2710
632440,59,18,911,2014,1528614.0,33700764.0,1.8105830000000003,0.131131,CZE,BEL,2710
632441,61,18,911,2014,649751168.0,5020137984.0,2.052849,-2.888805,DEU,BEL,2710
632442,64,18,911,2014,62691348.0,43951852.0,1.10869,1.245193,DNK,BEL,2710
632443,65,18,911,2014,1792.0,321471.0,-0.180845,0.508512,DOM,BEL,2710
632444,66,18,911,2014,265164448.0,82504928.0,-1.5554649999999999,-1.1657030000000002,DZA,BEL,2710
632445,67,18,911,2014,0.0,47301512.0,-1.066865,-1.052921,ECU,BEL,2710
632446,68,18,911,2014,0.0,18541712.0,-0.086866,1.7419669999999998,EGY,BEL,2710
632447,69,18,911,2014,0.0,39627.0,-2.345215,-1.051413,ERI,BEL,2710
632448,71,18,911,2014,227445504.0,398194720.0,0.842147,2.45692,ESP,BEL,2710
632449,72,18,911,2014,133401504.0,7984933.0,0.9147780000000001,1.151556,EST,BEL,2710
632450,73,18,911,2014,0.0,456366.0,-1.296535,-1.045942,ETH,BEL,2710
632451,74,18,911,2014,550124992.0,50392624.0,1.626355,1.002923,FIN,BEL,2710
632452,77,18,911,2014,1802780544.0,2296602368.0,1.4817790000000002,0.30995,FRA,BEL,2710
632453,78,18,911,2014,0.0,7301334.0,-0.703929,-0.86265,FRO,BEL,2710
632454,80,18,911,2014,0.0,31123442.0,-1.625474,-1.135973,GAB,BEL,2710
632455,81,18,911,2014,2667888896.0,2446249984.0,1.697964,0.585372,GBR,BEL,2710
632456,82,18,911,2014,0.0,6393884.0,-0.254106,-0.646584,GEO,BEL,2710
632457,83,18,911,2014,4365670.0,247761520.0,-1.130226,-0.9909379999999999,GHA,BEL,2710
632458,84,18,911,2014,9746830.0,2046992768.0,0.275796,-0.720217,GIB,BEL,2710
632459,85,18,911,2014,29075.0,1957128.0,-1.628409,-1.202473,GIN,BEL,2710
632460,87,18,911,2014,0.0,128935.0,-0.905488,-0.7892819999999999,GMB,BEL,2710
632461,88,18,911,2014,0.0,115572.0,-1.6723700000000001,-0.896442,GNB,BEL,2710
632462,89,18,911,2014,0.0,844806.0,-2.043516,-0.844701,GNQ,BEL,2710
632463,90,18,911,2014,10510322.0,129918656.0,0.149337,0.8560540000000001,GRC,BEL,2710
632464,92,18,911,2014,0.0,31069.0,-1.168495,-0.93096,GRL,BEL,2710
632465,93,18,911,2014,0.0,56863.0,-0.36547199999999996,0.548894,GTM,BEL,2710
632466,96,18,911,2014,0.0,211322.0,-1.068777,-1.038227,GUY,BEL,2710
632467,97,18,911,2014,2782.0,2546257.0,0.812132,1.722493,HKG,BEL,2710
632468,99,18,911,2014,0.0,54492.0,-0.467004,0.045511,HND,BEL,2710
632469,100,18,911,2014,960.0,37196348.0,0.804401,1.250807,HRV,BEL,2710
632470,101,18,911,2014,0.0,127069.0,-1.10887,-1.032108,HTI,BEL,2710
632471,102,18,911,2014,1765294.0,25792214.0,1.477093,0.812869,HUN,BEL,2710
632472,103,18,911,2014,1714.0,12576944.0,-0.088032,1.3966459999999998,IDN,BEL,2710
632473,104,18,911,2014,106448912.0,50282392.0,0.262042,2.6305080000000003,IND,BEL,2710
632474,106,18,911,2014,433355.0,52571884.0,1.2658399999999999,0.278546,IRL,BEL,2710
632475,107,18,911,2014,0.0,2696076.0,-0.361058,-0.312743,IRN,BEL,2710
632476,108,18,911,2014,0.0,4991091.0,-2.9169,-0.882023,IRQ,BEL,2710
632477,109,18,911,2014,73565.0,740662.0,0.127891,-0.302014,ISL,BEL,2710
632478,110,18,911,2014,74372.0,24586536.0,1.211141,0.64523,ISR,BEL,2710
632479,111,18,911,2014,175606400.0,297368544.0,1.340136,0.43931099999999995,ITA,BEL,2710
632480,112,18,911,2014,0.0,801457.0,-0.42745299999999997,-0.7750130000000001,JAM,BEL,2710
632481,113,18,911,2014,30210.0,109348312.0,0.210208,0.48732299999999995,JOR,BEL,2710
632482,114,18,911,2014,534346.0,20972626.0,2.403165,-0.635024,JPN,BEL,2710
632483,115,18,911,2014,0.0,11897228.0,-0.210431,-0.574075,KAZ,BEL,2710
632484,116,18,911,2014,0.0,1112864.0,-0.487058,0.307288,KEN,BEL,2710
632485,117,18,911,2014,23906.0,8168068.0,-0.31942600000000004,-0.012454,KGZ,BEL,2710
632486,118,18,911,2014,0.0,13752.0,-0.84072,-0.8307040000000001,KHM,BEL,2710
632487,121,18,911,2014,144953696.0,14647748.0,1.817145,0.8394530000000001,KOR,BEL,2710
632488,122,18,911,2014,58107440.0,2787895.0,-0.769616,-1.10667,KWT,BEL,2710
632489,124,18,911,2014,0.0,96986536.0,0.308677,1.7564490000000001,LBN,BEL,2710
632490,125,18,911,2014,0.0,331000.0,-1.016828,-1.107983,LBR,BEL,2710
632491,126,18,911,2014,0.0,31186018.0,-1.5943829999999999,-1.189961,LBY,BEL,2710
632492,127,18,911,2014,0.0,24460.0,0.29035500000000003,-0.603541,LCA,BEL,2710
632493,128,18,911,2014,0.0,374466.0,-0.49366899999999997,0.338686,LKA,BEL,2710
632494,130,18,911,2014,38090032.0,8068104.0,0.764495,1.3451540000000002,LTU,BEL,2710
632495,131,18,911,2014,11604127.0,1677359616.0,1.243845,1.155474,LUX,BEL,2710
632496,132,18,911,2014,36447.0,2105049.0,0.613116,1.1899790000000001,LVA,BEL,2710
632497,133,18,911,2014,0.0,7397.0,0.704535,0.5856140000000001,MAC,BEL,2710
632498,134,18,911,2014,0.0,169300512.0,-0.574034,0.065788,MAR,BEL,2710
632499,135,18,911,2014,0.0,39764.0,-0.10438199999999999,-0.093194,MDA,BEL,2710
632500,136,18,911,2014,0.0,42831.0,-1.002122,-0.44446,MDG,BEL,2710
632501,137,18,911,2014,0.0,3899.0,-0.43265299999999995,-0.82696,MDV,BEL,2710
632502,138,18,911,2014,38152364.0,6896354.0,1.0799729999999998,0.697554,MEX,BEL,2710
632503,140,18,911,2014,0.0,1355741.0,-0.039799,-0.05545,MKD,BEL,2710
632504,141,18,911,2014,0.0,679127.0,-1.199063,-1.05497,MLI,BEL,2710
632505,142,18,911,2014,0.0,13049408.0,0.817013,0.0016309999999999999,MLT,BEL,2710
632506,143,18,911,2014,0.0,857005.0,-1.5332459999999999,-1.145973,MMR,BEL,2710
632507,144,18,911,2014,0.0,175371.0,-0.17039100000000001,-0.21762399999999998,MNE,BEL,2710
632508,145,18,911,2014,0.0,26959.0,-1.425524,-1.161949,MNG,BEL,2710
632509,147,18,911,2014,0.0,114214.0,-1.1993610000000001,-1.040181,MOZ,BEL,2710
632510,148,18,911,2014,0.0,5445398.0,-1.458551,-1.225373,MRT,BEL,2710
632511,151,18,911,2014,0.0,313251.0,-0.029891,-0.12431099999999999,MUS,BEL,2710
632512,152,18,911,2014,0.0,2247.0,-0.494204,-0.751903,MWI,BEL,2710
632513,153,18,911,2014,84026824.0,6046028.0,1.018138,0.774649,MYS,BEL,2710
632514,155,18,911,2014,3203.0,0.0,-0.428227,-0.5632229999999999,NAM,BEL,2710
632515,156,18,911,2014,1116.0,241393.0,-0.509789,-0.767484,NCL,BEL,2710
632516,157,18,911,2014,0.0,1487606.0,-0.7187,-0.80918,NER,BEL,2710
632517,159,18,911,2014,62566720.0,1425284224.0,-1.2126430000000001,-1.059697,NGA,BEL,2710
632518,160,18,911,2014,0.0,19847.0,-0.938269,-0.839066,NIC,BEL,2710
632519,162,18,911,2014,12006403072.0,8778126336.0,1.179325,1.355071,NLD,BEL,2710
632520,163,18,911,2014,394910368.0,102702664.0,0.9187049999999999,0.182685,NOR,BEL,2710
632521,164,18,911,2014,0.0,157147.0,-0.11988199999999999,0.655883,NPL,BEL,2710
632522,166,18,911,2014,0.0,2239306.0,0.272502,0.21628699999999998,NZL,BEL,2710
632523,167,18,911,2014,0.0,5618637.0,-0.505129,-1.0051370000000002,OMN,BEL,2710
632524,168,18,911,2014,0.0,1706666.0,-0.672924,0.566787,PAK,BEL,2710
632525,169,18,911,2014,1605.0,112122.0,0.771742,0.9873190000000001,PAN,BEL,2710
632526,173,18,911,2014,399699.0,9149194.0,-0.557833,0.611826,PER,BEL,2710
632527,174,18,911,2014,0.0,1223990.0,0.637442,0.475883,PHL,BEL,2710
632528,176,18,911,2014,0.0,61316.0,-1.564904,-1.146255,PNG,BEL,2710
632529,177,18,911,2014,325508096.0,75311232.0,1.133102,1.177165,POL,BEL,2710
632530,179,18,911,2014,140509712.0,47663728.0,0.621053,2.349644,PRT,BEL,2710
632531,180,18,911,2014,0.0,622678.0,-0.608509,-0.930679,PRY,BEL,2710
632532,181,18,911,2014,0.0,14505.0,0.030643,0.601905,PSE,BEL,2710
632533,182,18,911,2014,0.0,189546.0,0.008831,-0.6268279999999999,PYF,BEL,2710
632534,183,18,911,2014,106212296.0,2561549.0,-0.37535599999999997,-1.0196370000000001,QAT,BEL,2710
632535,185,18,911,2014,483418.0,29508482.0,0.9112,1.188161,ROU,BEL,2710
632536,186,18,911,2014,4887752192.0,122623512.0,0.229422,-0.214856,RUS,BEL,2710
632537,187,18,911,2014,94204.0,3321.0,-0.5692659999999999,-0.447859,RWA,BEL,2710
632538,188,18,911,2014,73451288.0,67118968.0,0.5758439999999999,-0.832692,SAU,BEL,2710
632539,190,18,911,2014,0.0,94031.0,-1.442381,-1.1155030000000001,SDN,BEL,2710
632540,191,18,911,2014,20570226.0,327346144.0,-0.502607,-0.08866,SEN,BEL,2710
632541,192,18,911,2014,18439722.0,150583600.0,1.867492,0.626736,SGP,BEL,2710
632542,196,18,911,2014,0.0,11385764.0,-0.9228569999999999,-0.791482,SLE,BEL,2710
632543,197,18,911,2014,0.0,29340.0,0.08653999999999999,0.29088600000000003,SLV,BEL,2710
632544,201,18,911,2014,11759.0,6284105.0,0.551635,1.211535,SRB,BEL,2710
632545,203,18,911,2014,0.0,5848.0,1.172431,-0.024141,STP,BEL,2710
632546,205,18,911,2014,0.0,161297.0,-0.6333989999999999,-0.857643,SUR,BEL,2710
632547,206,18,911,2014,3064892.0,15280484.0,1.334959,0.821253,SVK,BEL,2710
632548,207,18,911,2014,423424.0,9525343.0,1.6558669999999998,0.6814399999999999,SVN,BEL,2710
632549,208,18,911,2014,490969792.0,227769616.0,1.817752,0.558474,SWE,BEL,2710
632550,211,18,911,2014,0.0,1337240.0,0.358111,-0.484879,SYC,BEL,2710
632551,214,18,911,2014,0.0,778172.0,-2.012048,-0.921558,TCD,BEL,2710
632552,215,18,911,2014,0.0,2569304064.0,-0.524103,-0.537643,TGO,BEL,2710
632553,216,18,911,2014,45311.0,10050697.0,0.977094,1.41283,THA,BEL,2710
632554,217,18,911,2014,0.0,15095.0,-0.706823,-0.993756,TJK,BEL,2710
632555,219,18,911,2014,0.0,648469.0,-1.217897,-1.184131,TKM,BEL,2710
632556,222,18,911,2014,0.0,279603.0,-0.57362,-1.117545,TTO,BEL,2710
632557,223,18,911,2014,16342353.0,5681262.0,0.343449,1.118007,TUN,BEL,2710
632558,224,18,911,2014,89565240.0,115131512.0,0.554761,2.385693,TUR,BEL,2710
632559,226,18,911,2014,0.0,1851510.0,-1.054331,0.166345,TZA,BEL,2710
632560,227,18,911,2014,0.0,97293.0,-0.46911800000000003,0.25446599999999997,UGA,BEL,2710
632561,228,18,911,2014,3656329.0,21610708.0,0.566535,0.832267,UKR,BEL,2710
632562,230,18,911,2014,2520.0,1362293.0,0.154034,-0.380899,URY,BEL,2710
632563,231,18,911,2014,1088147328.0,3154360064.0,1.61227,0.068905,USA,BEL,2710
632564,232,18,911,2014,1210414.0,2420052.0,-0.407623,-0.37150700000000003,UZB,BEL,2710
632565,236,18,911,2014,21409112.0,1594357.0,-0.582086,-1.081727,VEN,BEL,2710
632566,239,18,911,2014,0.0,2563642.0,-0.023765,1.344416,VNM,BEL,2710
632567,240,18,911,2014,0.0,34560.0,-1.21245,-0.941493,VUT,BEL,2710
632568,243,18,911,2014,0.0,169630880.0,-1.2829190000000001,-1.227373,YEM,BEL,2710
632569,246,18,911,2014,949528.0,22023952.0,0.282927,1.723214,ZAF,BEL,2710
632570,247,18,911,2014,0.0,296481.0,-0.664089,-0.793452,ZMB,BEL,2710
632571,248,18,911,2014,0.0,70275.0,-0.821369,-0.864232,ZWE,BEL,2710
632572,249,18,911,2014,27197.0,8809981.0,1.9044189999999999,1.0595139999999998,TWN,BEL,2710
632573,250,18,911,2014,1394044.0,4957919232.0,0.506842,0.049545,ANS,BEL,2710
632574,13,25,911,2014,1863113.0,0.0,0.169764,-0.621576,ATG,BHS,2710
632575,16,25,911,2014,25662116.0,0.0,-0.909508,-1.165158,AZE,BHS,2710
632576,32,25,911,2014,40445764.0,0.0,0.218223,0.556921,BRA,BHS,2710
632577,33,25,911,2014,85093752.0,4776590.0,0.44968400000000003,-0.15268900000000002,BRB,BHS,2710
632578,39,25,911,2014,81821112.0,51407524.0,0.671395,1.024683,CAN,BHS,2710
632579,43,25,911,2014,82001912.0,0.0,1.187557,1.222085,CHN,BHS,2710
632580,44,25,911,2014,9197472.0,0.0,-0.737625,-0.768728,CIV,BHS,2710
632581,49,25,911,2014,265741504.0,40096476.0,0.19864500000000002,-0.378364,COL,BHS,2710
632582,57,25,911,2014,14286953.0,0.0,1.199562,-0.66969,CYM,BHS,2710
632583,61,25,911,2014,0.0,72574.0,2.052849,-2.888805,DEU,BHS,2710
632584,65,25,911,2014,29929.0,156307264.0,-0.180845,0.508512,DOM,BHS,2710
632585,71,25,911,2014,98191792.0,0.0,0.842147,2.45692,ESP,BHS,2710
632586,74,25,911,2014,36922392.0,0.0,1.626355,1.002923,FIN,BHS,2710
632587,77,25,911,2014,0.0,23219322.0,1.4817790000000002,0.30995,FRA,BHS,2710
632588,81,25,911,2014,5043.0,0.0,1.697964,0.585372,GBR,BHS,2710
632589,90,25,911,2014,848474.0,0.0,0.149337,0.8560540000000001,GRC,BHS,2710
632590,102,25,911,2014,22530.0,0.0,1.477093,0.812869,HUN,BHS,2710
632591,104,25,911,2014,63698372.0,1363.0,0.262042,2.6305080000000003,IND,BHS,2710
632592,109,25,911,2014,2183576.0,0.0,0.127891,-0.302014,ISL,BHS,2710
632593,111,25,911,2014,61818284.0,0.0,1.340136,0.43931099999999995,ITA,BHS,2710
632594,112,25,911,2014,0.0,15901388.0,-0.42745299999999997,-0.7750130000000001,JAM,BHS,2710
632595,121,25,911,2014,6317.0,52495.0,1.817145,0.8394530000000001,KOR,BHS,2710
632596,128,25,911,2014,48480.0,0.0,-0.49366899999999997,0.338686,LKA,BHS,2710
632597,132,25,911,2014,18791.0,0.0,0.613116,1.1899790000000001,LVA,BHS,2710
632598,134,25,911,2014,0.0,64040940.0,-0.574034,0.065788,MAR,BHS,2710
632599,147,25,911,2014,826737.0,35540904.0,-1.1993610000000001,-1.040181,MOZ,BHS,2710
632600,153,25,911,2014,78476.0,0.0,1.018138,0.774649,MYS,BHS,2710
632601,155,25,911,2014,1527008.0,204800.0,-0.428227,-0.5632229999999999,NAM,BHS,2710
632602,162,25,911,2014,12399091.0,0.0,1.179325,1.355071,NLD,BHS,2710
632603,166,25,911,2014,8945.0,0.0,0.272502,0.21628699999999998,NZL,BHS,2710
632604,169,25,911,2014,7016.0,0.0,0.771742,0.9873190000000001,PAN,BHS,2710
632605,179,25,911,2014,94678048.0,0.0,0.621053,2.349644,PRT,BHS,2710
632606,185,25,911,2014,6189.0,0.0,0.9112,1.188161,ROU,BHS,2710
632607,186,25,911,2014,3351824.0,0.0,0.229422,-0.214856,RUS,BHS,2710
632608,192,25,911,2014,0.0,85523976.0,1.867492,0.626736,SGP,BHS,2710
632609,205,25,911,2014,0.0,2900454.0,-0.6333989999999999,-0.857643,SUR,BHS,2710
632610,213,25,911,2014,4359288.0,0.0,0.474182,-0.198892,TCA,BHS,2710
632611,222,25,911,2014,28562450.0,0.0,-0.57362,-1.117545,TTO,BHS,2710
632612,224,25,911,2014,6392326.0,0.0,0.554761,2.385693,TUR,BHS,2710
632613,231,25,911,2014,1345397120.0,65553776.0,1.61227,0.068905,USA,BHS,2710
632614,239,25,911,2014,188160.0,0.0,-0.023765,1.344416,VNM,BHS,2710
632615,246,25,911,2014,5225936.0,5970069.0,0.282927,1.723214,ZAF,BHS,2710
632616,250,25,911,2014,8165715.0,0.0,0.506842,0.049545,ANS,BHS,2710
632617,2,32,911,2014,0.0,899911.0,-1.8184900000000002,-1.149191,AGO,BRA,2710
632618,7,32,911,2014,126215048.0,15010535.0,0.087775,-0.289459,ARE,BRA,2710
632619,8,32,911,2014,453686016.0,148937568.0,0.10691500000000001,0.44860600000000006,ARG,BRA,2710
632620,14,32,911,2014,4818.0,21595.0,-0.398273,-0.17128,AUS,BRA,2710
632621,15,32,911,2014,5244.0,4206.0,1.7116790000000002,-0.140232,AUT,BRA,2710
632622,16,32,911,2014,1649.0,0.0,-0.909508,-1.165158,AZE,BRA,2710
632623,18,32,911,2014,49220900.0,9045.0,1.234156,1.226441,BEL,BRA,2710
632624,23,32,911,2014,11142.0,0.0,0.579058,1.6558110000000001,BGR,BRA,2710
632625,24,32,911,2014,10693332.0,0.0,0.460168,-0.41671099999999994,BHR,BRA,2710
632626,25,32,911,2014,0.0,40445764.0,0.314465,-0.60458,BHS,BRA,2710
632627,26,32,911,2014,310773.0,0.0,0.5083300000000001,0.711704,BIH,BRA,2710
632628,31,32,911,2014,2833519.0,25773532.0,-1.129494,-1.030198,BOL,BRA,2710
632629,39,32,911,2014,2035658.0,31914078.0,0.671395,1.024683,CAN,BRA,2710
632630,41,32,911,2014,440099.0,0.0,2.2000919999999997,0.65398,CHE,BRA,2710
632631,42,32,911,2014,53090.0,3479548.0,-0.344671,-0.43380799999999997,CHL,BRA,2710
632632,43,32,911,2014,714009.0,2620515.0,1.187557,1.222085,CHN,BRA,2710
632633,44,32,911,2014,684304.0,0.0,-0.737625,-0.768728,CIV,BRA,2710
632634,47,32,911,2014,0.0,33117.0,-1.371624,-1.12468,COG,BRA,2710
632635,49,32,911,2014,32082974.0,2050274.0,0.19864500000000002,-0.378364,COL,BRA,2710
632636,52,32,911,2014,0.0,13548.0,0.065938,-0.687971,CRI,BRA,2710
632637,54,32,911,2014,0.0,3649.0,-0.476786,-0.952291,CUB,BRA,2710
632638,55,32,911,2014,567884800.0,830907904.0,-0.00902,-0.683643,CUW,BRA,2710
632639,59,32,911,2014,5423.0,829.0,1.8105830000000003,0.131131,CZE,BRA,2710
632640,61,32,911,2014,33538696.0,106071.0,2.052849,-2.888805,DEU,BRA,2710
632641,64,32,911,2014,3601920.0,7402826.0,1.10869,1.245193,DNK,BRA,2710
632642,65,32,911,2014,166800.0,2225493.0,-0.180845,0.508512,DOM,BRA,2710
632643,66,32,911,2014,1690149888.0,23558706.0,-1.5554649999999999,-1.1657030000000002,DZA,BRA,2710
632644,67,32,911,2014,0.0,858241.0,-1.066865,-1.052921,ECU,BRA,2710
632645,71,32,911,2014,209875296.0,13400.0,0.842147,2.45692,ESP,BRA,2710
632646,72,32,911,2014,857463.0,1744686.0,0.9147780000000001,1.151556,EST,BRA,2710
632647,74,32,911,2014,11238738.0,0.0,1.626355,1.002923,FIN,BRA,2710
632648,77,32,911,2014,21748020.0,8017886.0,1.4817790000000002,0.30995,FRA,BRA,2710
632649,81,32,911,2014,2935492.0,4517712.0,1.697964,0.585372,GBR,BRA,2710
632650,83,32,911,2014,0.0,14091.0,-1.130226,-0.9909379999999999,GHA,BRA,2710
632651,87,32,911,2014,0.0,17896.0,-0.905488,-0.7892819999999999,GMB,BRA,2710
632652,89,32,911,2014,0.0,1876519.0,-2.043516,-0.844701,GNQ,BRA,2710
632653,90,32,911,2014,1385.0,4924.0,0.149337,0.8560540000000001,GRC,BRA,2710
632654,93,32,911,2014,0.0,658442.0,-0.36547199999999996,0.548894,GTM,BRA,2710
632655,96,32,911,2014,0.0,210179.0,-1.068777,-1.038227,GUY,BRA,2710
632656,97,32,911,2014,106212.0,0.0,0.812132,1.722493,HKG,BRA,2710
632657,99,32,911,2014,0.0,706968.0,-0.467004,0.045511,HND,BRA,2710
632658,100,32,911,2014,535441408.0,0.0,0.804401,1.250807,HRV,BRA,2710
632659,101,32,911,2014,0.0,4954.0,-1.10887,-1.032108,HTI,BRA,2710
632660,103,32,911,2014,1228.0,13261.0,-0.088032,1.3966459999999998,IDN,BRA,2710
632661,104,32,911,2014,4196544256.0,14221487.0,0.262042,2.6305080000000003,IND,BRA,2710
632662,106,32,911,2014,69941.0,0.0,1.2658399999999999,0.278546,IRL,BRA,2710
632663,109,32,911,2014,2897.0,0.0,0.127891,-0.302014,ISL,BRA,2710
632664,110,32,911,2014,215944.0,18328.0,1.211141,0.64523,ISR,BRA,2710
632665,111,32,911,2014,76025520.0,15891.0,1.340136,0.43931099999999995,ITA,BRA,2710
632666,112,32,911,2014,0.0,20550.0,-0.42745299999999997,-0.7750130000000001,JAM,BRA,2710
632667,114,32,911,2014,2629974.0,59321.0,2.403165,-0.635024,JPN,BRA,2710
632668,121,32,911,2014,107620560.0,1298564.0,1.817145,0.8394530000000001,KOR,BRA,2710
632669,122,32,911,2014,0.0,7972.0,-0.769616,-1.10667,KWT,BRA,2710
632670,128,32,911,2014,0.0,29184.0,-0.49366899999999997,0.338686,LKA,BRA,2710
632671,132,32,911,2014,101257.0,27960.0,0.613116,1.1899790000000001,LVA,BRA,2710
632672,134,32,911,2014,194770848.0,106627.0,-0.574034,0.065788,MAR,BRA,2710
632673,138,32,911,2014,45734392.0,587001.0,1.0799729999999998,0.697554,MEX,BRA,2710
632674,142,32,911,2014,1012489.0,40201132.0,0.817013,0.0016309999999999999,MLT,BRA,2710
632675,147,32,911,2014,0.0,716.0,-1.1993610000000001,-1.040181,MOZ,BRA,2710
632676,153,32,911,2014,15162531.0,43577396.0,1.018138,0.774649,MYS,BRA,2710
632677,159,32,911,2014,201485536.0,7735296.0,-1.2126430000000001,-1.059697,NGA,BRA,2710
632678,160,32,911,2014,0.0,149694.0,-0.938269,-0.839066,NIC,BRA,2710
632679,162,32,911,2014,422115328.0,843572544.0,1.179325,1.355071,NLD,BRA,2710
632680,163,32,911,2014,44385.0,1753.0,0.9187049999999999,0.182685,NOR,BRA,2710
632681,166,32,911,2014,1938.0,0.0,0.272502,0.21628699999999998,NZL,BRA,2710
632682,167,32,911,2014,60525256.0,0.0,-0.505129,-1.0051370000000002,OMN,BRA,2710
632683,169,32,911,2014,0.0,291263.0,0.771742,0.9873190000000001,PAN,BRA,2710
632684,173,32,911,2014,467764096.0,17999548.0,-0.557833,0.611826,PER,BRA,2710
632685,174,32,911,2014,0.0,10264.0,0.637442,0.475883,PHL,BRA,2710
632686,177,32,911,2014,0.0,3949940.0,1.133102,1.177165,POL,BRA,2710
632687,178,32,911,2014,84956.0,0.0,-0.23883000000000001,-0.009727,PRK,BRA,2710
632688,179,32,911,2014,17963.0,25140.0,0.621053,2.349644,PRT,BRA,2710
632689,180,32,911,2014,84891.0,358925216.0,-0.608509,-0.930679,PRY,BRA,2710
632690,183,32,911,2014,87842216.0,1866.0,-0.37535599999999997,-1.0196370000000001,QAT,BRA,2710
632691,186,32,911,2014,193860112.0,0.0,0.229422,-0.214856,RUS,BRA,2710
632692,188,32,911,2014,219012832.0,1377448.0,0.5758439999999999,-0.832692,SAU,BRA,2710
632693,192,32,911,2014,20350152.0,783867584.0,1.867492,0.626736,SGP,BRA,2710
632694,197,32,911,2014,0.0,39530.0,0.08653999999999999,0.29088600000000003,SLV,BRA,2710
632695,205,32,911,2014,0.0,187061.0,-0.6333989999999999,-0.857643,SUR,BRA,2710
632696,208,32,911,2014,3540928.0,4307.0,1.817752,0.558474,SWE,BRA,2710
632697,216,32,911,2014,115620.0,33468.0,0.977094,1.41283,THA,BRA,2710
632698,222,32,911,2014,116782.0,10997.0,-0.57362,-1.117545,TTO,BRA,2710
632699,224,32,911,2014,18726.0,1488.0,0.554761,2.385693,TUR,BRA,2710
632700,230,32,911,2014,24412180.0,89725320.0,0.154034,-0.380899,URY,BRA,2710
632701,231,32,911,2014,5113913344.0,836998208.0,1.61227,0.068905,USA,BRA,2710
632702,236,32,911,2014,668437888.0,5089794.0,-0.582086,-1.081727,VEN,BRA,2710
632703,242,32,911,2014,0.0,41382.0,0.602344,-0.051224,WSM,BRA,2710
632704,246,32,911,2014,1083036.0,3660515.0,0.282927,1.723214,ZAF,BRA,2710
632705,249,32,911,2014,255353.0,9496038.0,1.9044189999999999,1.0595139999999998,TWN,BRA,2710
632706,13,33,911,2014,100026.0,2117.0,0.169764,-0.621576,ATG,BRB,2710
632707,18,33,911,2014,10090.0,0.0,1.234156,1.226441,BEL,BRB,2710
632708,25,33,911,2014,4776590.0,85093752.0,0.314465,-0.60458,BHS,BRB,2710
632709,39,33,911,2014,135832752.0,0.0,0.671395,1.024683,CAN,BRB,2710
632710,41,33,911,2014,17786.0,0.0,2.2000919999999997,0.65398,CHE,BRB,2710
632711,43,33,911,2014,272961.0,0.0,1.187557,1.222085,CHN,BRB,2710
632712,49,33,911,2014,153386.0,2544.0,0.19864500000000002,-0.378364,COL,BRB,2710
632713,61,33,911,2014,2636.0,0.0,2.052849,-2.888805,DEU,BRB,2710
632714,65,33,911,2014,255326.0,0.0,-0.180845,0.508512,DOM,BRB,2710
632715,71,33,911,2014,3929.0,0.0,0.842147,2.45692,ESP,BRB,2710
632716,77,33,911,2014,4592144.0,0.0,1.4817790000000002,0.30995,FRA,BRB,2710
632717,81,33,911,2014,30793.0,0.0,1.697964,0.585372,GBR,BRB,2710
632718,91,33,911,2014,0.0,5536.0,-0.184151,-0.7291270000000001,GRD,BRB,2710
632719,110,33,911,2014,500.0,0.0,1.211141,0.64523,ISR,BRB,2710
632720,111,33,911,2014,1340.0,0.0,1.340136,0.43931099999999995,ITA,BRB,2710
632721,112,33,911,2014,0.0,4678380.0,-0.42745299999999997,-0.7750130000000001,JAM,BRB,2710
632722,114,33,911,2014,8582.0,0.0,2.403165,-0.635024,JPN,BRB,2710
632723,120,33,911,2014,0.0,1962.0,0.9888950000000001,-0.28283800000000003,KNA,BRB,2710
632724,121,33,911,2014,24823.0,0.0,1.817145,0.8394530000000001,KOR,BRB,2710
632725,127,33,911,2014,31283960.0,3507.0,0.29035500000000003,-0.603541,LCA,BRB,2710
632726,138,33,911,2014,16671.0,0.0,1.0799729999999998,0.697554,MEX,BRB,2710
632727,162,33,911,2014,75196.0,0.0,1.179325,1.355071,NLD,BRB,2710
632728,169,33,911,2014,1458.0,0.0,0.771742,0.9873190000000001,PAN,BRB,2710
632729,192,33,911,2014,5499.0,0.0,1.867492,0.626736,SGP,BRB,2710
632730,205,33,911,2014,30520988.0,0.0,-0.6333989999999999,-0.857643,SUR,BRB,2710
632731,208,33,911,2014,978.0,0.0,1.817752,0.558474,SWE,BRB,2710
632732,222,33,911,2014,252178960.0,15135006.0,-0.57362,-1.117545,TTO,BRB,2710
632733,224,33,911,2014,1970102.0,0.0,0.554761,2.385693,TUR,BRB,2710
632734,231,33,911,2014,57637488.0,3178.0,1.61227,0.068905,USA,BRB,2710
632735,246,33,911,2014,246938.0,0.0,0.282927,1.723214,ZAF,BRB,2710
632736,250,33,911,2014,0.0,116317816.0,0.506842,0.049545,ANS,BRB,2710
632737,0,39,911,2014,11784191.0,0.0,0.779539,-0.32255700000000004,ABW,CAN,2710
632738,1,39,911,2014,0.0,6864.0,-0.924386,-0.839385,AFG,CAN,2710
632739,2,39,911,2014,0.0,20205.0,-1.8184900000000002,-1.149191,AGO,CAN,2710
632740,3,39,911,2014,0.0,6871.0,0.926517,-0.498487,AIA,CAN,2710
632741,4,39,911,2014,0.0,168803.0,-0.476024,-0.33978400000000003,ALB,CAN,2710
632742,7,39,911,2014,340982.0,109790296.0,0.087775,-0.289459,ARE,CAN,2710
632743,8,39,911,2014,0.0,555124.0,0.10691500000000001,0.44860600000000006,ARG,CAN,2710
632744,9,39,911,2014,0.0,4838.0,-0.198322,-0.5918680000000001,ARM,CAN,2710
632745,13,39,911,2014,47131.0,0.0,0.169764,-0.621576,ATG,CAN,2710
632746,14,39,911,2014,11232.0,1602452.0,-0.398273,-0.17128,AUS,CAN,2710
632747,15,39,911,2014,2446777.0,6813.0,1.7116790000000002,-0.140232,AUT,CAN,2710
632748,16,39,911,2014,3630.0,270901.0,-0.909508,-1.165158,AZE,CAN,2710
632749,18,39,911,2014,55812592.0,60457644.0,1.234156,1.226441,BEL,CAN,2710
632750,20,39,911,2014,12905215.0,0.0,-0.18363,-0.7995760000000001,BES,CAN,2710
632751,21,39,911,2014,0.0,28235.0,-0.922401,-0.9554379999999999,BFA,CAN,2710
632752,23,39,911,2014,0.0,1596.0,0.579058,1.6558110000000001,BGR,CAN,2710
632753,24,39,911,2014,0.0,13564.0,0.460168,-0.41671099999999994,BHR,CAN,2710
632754,25,39,911,2014,51407524.0,81821112.0,0.314465,-0.60458,BHS,CAN,2710
632755,26,39,911,2014,0.0,5068.0,0.5083300000000001,0.711704,BIH,CAN,2710
632756,29,39,911,2014,0.0,2350.0,-0.324446,-0.552126,BLZ,CAN,2710
632757,30,39,911,2014,0.0,80331.0,1.217808,-0.16376300000000002,BMU,CAN,2710
632758,31,39,911,2014,0.0,22277.0,-1.129494,-1.030198,BOL,CAN,2710
632759,32,39,911,2014,31914078.0,2035658.0,0.218223,0.556921,BRA,CAN,2710
632760,33,39,911,2014,0.0,135832752.0,0.44968400000000003,-0.15268900000000002,BRB,CAN,2710
632761,34,39,911,2014,0.0,4218.0,0.191357,-0.683567,BRN,CAN,2710
632762,41,39,911,2014,18445624.0,14314825.0,2.2000919999999997,0.65398,CHE,CAN,2710
632763,42,39,911,2014,0.0,1715873.0,-0.344671,-0.43380799999999997,CHL,CAN,2710
632764,43,39,911,2014,116685128.0,18841420.0,1.187557,1.222085,CHN,CAN,2710
632765,44,39,911,2014,0.0,161315.0,-0.737625,-0.768728,CIV,CAN,2710
632766,45,39,911,2014,0.0,26249.0,-0.6723520000000001,-0.945084,CMR,CAN,2710
632767,47,39,911,2014,0.0,835.0,-1.371624,-1.12468,COG,CAN,2710
632768,49,39,911,2014,5909053.0,8539287.0,0.19864500000000002,-0.378364,COL,CAN,2710
632769,51,39,911,2014,0.0,1181.0,-0.182368,-0.7136359999999999,CPV,CAN,2710
632770,52,39,911,2014,0.0,1717741.0,0.065938,-0.687971,CRI,CAN,2710
632771,54,39,911,2014,0.0,950560.0,-0.476786,-0.952291,CUB,CAN,2710
632772,55,39,911,2014,5616880.0,0.0,-0.00902,-0.683643,CUW,CAN,2710
632773,57,39,911,2014,0.0,4474.0,1.199562,-0.66969,CYM,CAN,2710
632774,58,39,911,2014,0.0,2591.0,0.627467,0.483725,CYP,CAN,2710
632775,59,39,911,2014,447181.0,48559.0,1.8105830000000003,0.131131,CZE,CAN,2710
632776,61,39,911,2014,71495848.0,8980457.0,2.052849,-2.888805,DEU,CAN,2710
632777,62,39,911,2014,0.0,1424.0,-0.394602,-0.74178,DJI,CAN,2710
632778,64,39,911,2014,1305446.0,296390.0,1.10869,1.245193,DNK,CAN,2710
632779,65,39,911,2014,0.0,306217.0,-0.180845,0.508512,DOM,CAN,2710
632780,66,39,911,2014,42913184.0,2349.0,-1.5554649999999999,-1.1657030000000002,DZA,CAN,2710
632781,67,39,911,2014,0.0,25745022.0,-1.066865,-1.052921,ECU,CAN,2710
632782,68,39,911,2014,0.0,423831.0,-0.086866,1.7419669999999998,EGY,CAN,2710
632783,71,39,911,2014,151906176.0,59966900.0,0.842147,2.45692,ESP,CAN,2710
632784,72,39,911,2014,38285956.0,14357.0,0.9147780000000001,1.151556,EST,CAN,2710
632785,73,39,911,2014,0.0,2469.0,-1.296535,-1.045942,ETH,CAN,2710
632786,74,39,911,2014,289215072.0,226925.0,1.626355,1.002923,FIN,CAN,2710
632787,75,39,911,2014,0.0,4744.0,-0.306346,-0.07688500000000001,FJI,CAN,2710
632788,77,39,911,2014,44969108.0,177894816.0,1.4817790000000002,0.30995,FRA,CAN,2710
632789,81,39,911,2014,417412224.0,23120284.0,1.697964,0.585372,GBR,CAN,2710
632790,82,39,911,2014,648895.0,0.0,-0.254106,-0.646584,GEO,CAN,2710
632791,83,39,911,2014,0.0,211293.0,-1.130226,-0.9909379999999999,GHA,CAN,2710
632792,90,39,911,2014,351526.0,7814.0,0.149337,0.8560540000000001,GRC,CAN,2710
632793,92,39,911,2014,0.0,6717.0,-1.168495,-0.93096,GRL,CAN,2710
632794,93,39,911,2014,0.0,10236151.0,-0.36547199999999996,0.548894,GTM,CAN,2710
632795,96,39,911,2014,0.0,4334.0,-1.068777,-1.038227,GUY,CAN,2710
632796,97,39,911,2014,0.0,183588.0,0.812132,1.722493,HKG,CAN,2710
632797,99,39,911,2014,0.0,4327.0,-0.467004,0.045511,HND,CAN,2710
632798,100,39,911,2014,0.0,2284.0,0.804401,1.250807,HRV,CAN,2710
632799,101,39,911,2014,0.0,8445.0,-1.10887,-1.032108,HTI,CAN,2710
632800,102,39,911,2014,17927.0,5337.0,1.477093,0.812869,HUN,CAN,2710
632801,103,39,911,2014,0.0,851305.0,-0.088032,1.3966459999999998,IDN,CAN,2710
632802,104,39,911,2014,267882.0,331471.0,0.262042,2.6305080000000003,IND,CAN,2710
632803,106,39,911,2014,1189.0,1010.0,1.2658399999999999,0.278546,IRL,CAN,2710
632804,108,39,911,2014,0.0,407618.0,-2.9169,-0.882023,IRQ,CAN,2710
632805,109,39,911,2014,872793.0,193045.0,0.127891,-0.302014,ISL,CAN,2710
632806,110,39,911,2014,308553.0,78405.0,1.211141,0.64523,ISR,CAN,2710
632807,111,39,911,2014,76594.0,48624416.0,1.340136,0.43931099999999995,ITA,CAN,2710
632808,112,39,911,2014,2693.0,152257.0,-0.42745299999999997,-0.7750130000000001,JAM,CAN,2710
632809,113,39,911,2014,0.0,129506.0,0.210208,0.48732299999999995,JOR,CAN,2710
632810,114,39,911,2014,11355212.0,1288130.0,2.403165,-0.635024,JPN,CAN,2710
632811,115,39,911,2014,74747336.0,958711.0,-0.210431,-0.574075,KAZ,CAN,2710
632812,117,39,911,2014,191.0,20937.0,-0.31942600000000004,-0.012454,KGZ,CAN,2710
632813,120,39,911,2014,0.0,13166.0,0.9888950000000001,-0.28283800000000003,KNA,CAN,2710
632814,121,39,911,2014,33936964.0,1004634.0,1.817145,0.8394530000000001,KOR,CAN,2710
632815,122,39,911,2014,0.0,71157.0,-0.769616,-1.10667,KWT,CAN,2710
632816,124,39,911,2014,0.0,174714.0,0.308677,1.7564490000000001,LBN,CAN,2710
632817,126,39,911,2014,0.0,30637.0,-1.5943829999999999,-1.189961,LBY,CAN,2710
632818,127,39,911,2014,236050.0,1222.0,0.29035500000000003,-0.603541,LCA,CAN,2710
632819,128,39,911,2014,0.0,1273.0,-0.49366899999999997,0.338686,LKA,CAN,2710
632820,130,39,911,2014,118765976.0,1413.0,0.764495,1.3451540000000002,LTU,CAN,2710
632821,131,39,911,2014,1904.0,3856.0,1.243845,1.155474,LUX,CAN,2710
632822,132,39,911,2014,7376195.0,80871.0,0.613116,1.1899790000000001,LVA,CAN,2710
632823,134,39,911,2014,0.0,21932.0,-0.574034,0.065788,MAR,CAN,2710
632824,135,39,911,2014,0.0,621.0,-0.10438199999999999,-0.093194,MDA,CAN,2710
632825,136,39,911,2014,0.0,2062.0,-1.002122,-0.44446,MDG,CAN,2710
632826,138,39,911,2014,200234976.0,6388472.0,1.0799729999999998,0.697554,MEX,CAN,2710
632827,140,39,911,2014,0.0,13289.0,-0.039799,-0.05545,MKD,CAN,2710
632828,142,39,911,2014,0.0,33882304.0,0.817013,0.0016309999999999999,MLT,CAN,2710
632829,148,39,911,2014,0.0,16983.0,-1.458551,-1.225373,MRT,CAN,2710
632830,151,39,911,2014,0.0,1185.0,-0.029891,-0.12431099999999999,MUS,CAN,2710
632831,153,39,911,2014,0.0,532210.0,1.018138,0.774649,MYS,CAN,2710
632832,155,39,911,2014,0.0,1558.0,-0.428227,-0.5632229999999999,NAM,CAN,2710
632833,156,39,911,2014,0.0,1132.0,-0.509789,-0.767484,NCL,CAN,2710
632834,157,39,911,2014,0.0,107650.0,-0.7187,-0.80918,NER,CAN,2710
632835,159,39,911,2014,468573.0,99031.0,-1.2126430000000001,-1.059697,NGA,CAN,2710
632836,160,39,911,2014,0.0,28919.0,-0.938269,-0.839066,NIC,CAN,2710
632837,162,39,911,2014,1432397696.0,261222976.0,1.179325,1.355071,NLD,CAN,2710
632838,163,39,911,2014,33676884.0,73874.0,0.9187049999999999,0.182685,NOR,CAN,2710
632839,164,39,911,2014,0.0,3449.0,-0.11988199999999999,0.655883,NPL,CAN,2710
632840,166,39,911,2014,1638.0,140013.0,0.272502,0.21628699999999998,NZL,CAN,2710
632841,167,39,911,2014,0.0,15236.0,-0.505129,-1.0051370000000002,OMN,CAN,2710
632842,168,39,911,2014,0.0,216633.0,-0.672924,0.566787,PAK,CAN,2710
632843,169,39,911,2014,6024.0,273266.0,0.771742,0.9873190000000001,PAN,CAN,2710
632844,173,39,911,2014,11703406.0,589768.0,-0.557833,0.611826,PER,CAN,2710
632845,174,39,911,2014,156948.0,15505.0,0.637442,0.475883,PHL,CAN,2710
632846,176,39,911,2014,0.0,2962.0,-1.564904,-1.146255,PNG,CAN,2710
632847,177,39,911,2014,18051.0,119504.0,1.133102,1.177165,POL,CAN,2710
632848,179,39,911,2014,6903504.0,0.0,0.621053,2.349644,PRT,CAN,2710
632849,180,39,911,2014,0.0,5698.0,-0.608509,-0.930679,PRY,CAN,2710
632850,183,39,911,2014,8017334.0,48208.0,-0.37535599999999997,-1.0196370000000001,QAT,CAN,2710
632851,185,39,911,2014,0.0,1040.0,0.9112,1.188161,ROU,CAN,2710
632852,186,39,911,2014,82291432.0,5351870.0,0.229422,-0.214856,RUS,CAN,2710
632853,187,39,911,2014,28262.0,0.0,-0.5692659999999999,-0.447859,RWA,CAN,2710
632854,188,39,911,2014,54891680.0,677042.0,0.5758439999999999,-0.832692,SAU,CAN,2710
632855,190,39,911,2014,0.0,13437.0,-1.442381,-1.1155030000000001,SDN,CAN,2710
632856,192,39,911,2014,33602020.0,2725538.0,1.867492,0.626736,SGP,CAN,2710
632857,197,39,911,2014,0.0,53910.0,0.08653999999999999,0.29088600000000003,SLV,CAN,2710
632858,200,39,911,2014,0.0,11974609.0,0.783898,-0.540244,SPM,CAN,2710
632859,201,39,911,2014,1702.0,257965.0,0.551635,1.211535,SRB,CAN,2710
632860,205,39,911,2014,0.0,2375.0,-0.6333989999999999,-0.857643,SUR,CAN,2710
632861,206,39,911,2014,5503.0,164822.0,1.334959,0.821253,SVK,CAN,2710
632862,207,39,911,2014,0.0,24383.0,1.6558669999999998,0.6814399999999999,SVN,CAN,2710
632863,208,39,911,2014,1582837.0,783492.0,1.817752,0.558474,SWE,CAN,2710
632864,211,39,911,2014,0.0,1619.0,0.358111,-0.484879,SYC,CAN,2710
632865,214,39,911,2014,0.0,87784.0,-2.012048,-0.921558,TCD,CAN,2710
632866,216,39,911,2014,8020.0,1299571.0,0.977094,1.41283,THA,CAN,2710
632867,219,39,911,2014,0.0,10552.0,-1.217897,-1.184131,TKM,CAN,2710
632868,222,39,911,2014,0.0,121065.0,-0.57362,-1.117545,TTO,CAN,2710
632869,223,39,911,2014,0.0,18160.0,0.343449,1.118007,TUN,CAN,2710
632870,224,39,911,2014,11242667.0,31399008.0,0.554761,2.385693,TUR,CAN,2710
632871,226,39,911,2014,0.0,7644.0,-1.054331,0.166345,TZA,CAN,2710
632872,228,39,911,2014,338288.0,516477.0,0.566535,0.832267,UKR,CAN,2710
632873,230,39,911,2014,0.0,6308.0,0.154034,-0.380899,URY,CAN,2710
632874,231,39,911,2014,13435253760.0,14239220736.0,1.61227,0.068905,USA,CAN,2710
632875,232,39,911,2014,0.0,27898.0,-0.407623,-0.37150700000000003,UZB,CAN,2710
632876,234,39,911,2014,0.0,13507.0,0.034024,-0.522492,VCT,CAN,2710
632877,236,39,911,2014,2029336.0,466608.0,-0.582086,-1.081727,VEN,CAN,2710
632878,239,39,911,2014,1177.0,310384.0,-0.023765,1.344416,VNM,CAN,2710
632879,246,39,911,2014,5519.0,407958.0,0.282927,1.723214,ZAF,CAN,2710
632880,247,39,911,2014,0.0,1945.0,-0.664089,-0.793452,ZMB,CAN,2710
632881,249,39,911,2014,65924.0,965486.0,1.9044189999999999,1.0595139999999998,TWN,CAN,2710
632882,0,41,911,2014,0.0,17620.0,0.779539,-0.32255700000000004,ABW,CHE,2710
632883,2,41,911,2014,0.0,128968.0,-1.8184900000000002,-1.149191,AGO,CHE,2710
632884,4,41,911,2014,0.0,61494.0,-0.476024,-0.33978400000000003,ALB,CHE,2710
632885,5,41,911,2014,0.0,1228.0,0.533246,-0.41617,AND,CHE,2710
632886,7,41,911,2014,0.0,75708776.0,0.087775,-0.289459,ARE,CHE,2710
632887,8,41,911,2014,0.0,26970.0,0.10691500000000001,0.44860600000000006,ARG,CHE,2710
632888,9,41,911,2014,0.0,4459.0,-0.198322,-0.5918680000000001,ARM,CHE,2710
632889,14,41,911,2014,0.0,634247.0,-0.398273,-0.17128,AUS,CHE,2710
632890,15,41,911,2014,102955032.0,16176095.0,1.7116790000000002,-0.140232,AUT,CHE,2710
632891,16,41,911,2014,18752.0,264980.0,-0.909508,-1.165158,AZE,CHE,2710
632892,17,41,911,2014,0.0,753990.0,-0.242256,-0.8567879999999999,BDI,CHE,2710
632893,18,41,911,2014,500218912.0,15694660.0,1.234156,1.226441,BEL,CHE,2710
632894,19,41,911,2014,2683938.0,5384380.0,-0.342225,-0.618789,BEN,CHE,2710
632895,21,41,911,2014,0.0,4840.0,-0.922401,-0.9554379999999999,BFA,CHE,2710
632896,22,41,911,2014,0.0,1267.0,-1.0341879999999999,-0.9614870000000001,BGD,CHE,2710
632897,23,41,911,2014,1074253.0,1050224.0,0.579058,1.6558110000000001,BGR,CHE,2710
632898,24,41,911,2014,336658.0,38448.0,0.460168,-0.41671099999999994,BHR,CHE,2710
632899,26,41,911,2014,742.0,457228.0,0.5083300000000001,0.711704,BIH,CHE,2710
632900,28,41,911,2014,5054.0,224762.0,0.874108,0.676231,BLR,CHE,2710
632901,30,41,911,2014,0.0,57527.0,1.217808,-0.16376300000000002,BMU,CHE,2710
632902,31,41,911,2014,0.0,739499.0,-1.129494,-1.030198,BOL,CHE,2710
632903,32,41,911,2014,0.0,440099.0,0.218223,0.556921,BRA,CHE,2710
632904,33,41,911,2014,0.0,17786.0,0.44968400000000003,-0.15268900000000002,BRB,CHE,2710
632905,38,41,911,2014,0.0,1352.0,0.695875,0.543384,CAF,CHE,2710
632906,39,41,911,2014,14314825.0,18445624.0,0.671395,1.024683,CAN,CHE,2710
632907,42,41,911,2014,0.0,72230.0,-0.344671,-0.43380799999999997,CHL,CHE,2710
632908,43,41,911,2014,20609376.0,6886762.0,1.187557,1.222085,CHN,CHE,2710
632909,44,41,911,2014,86483.0,17325.0,-0.737625,-0.768728,CIV,CHE,2710
632910,45,41,911,2014,0.0,13734.0,-0.6723520000000001,-0.945084,CMR,CHE,2710
632911,46,41,911,2014,0.0,15183.0,-1.6680240000000002,-1.1265129999999999,COD,CHE,2710
632912,49,41,911,2014,0.0,120544.0,0.19864500000000002,-0.378364,COL,CHE,2710
632913,51,41,911,2014,0.0,3534.0,-0.182368,-0.7136359999999999,CPV,CHE,2710
632914,52,41,911,2014,0.0,21607.0,0.065938,-0.687971,CRI,CHE,2710
632915,55,41,911,2014,0.0,21274.0,-0.00902,-0.683643,CUW,CHE,2710
632916,57,41,911,2014,0.0,70643.0,1.199562,-0.66969,CYM,CHE,2710
632917,58,41,911,2014,0.0,752782.0,0.627467,0.483725,CYP,CHE,2710
632918,59,41,911,2014,6405488.0,3667296.0,1.8105830000000003,0.131131,CZE,CHE,2710
632919,61,41,911,2014,2650350336.0,119203880.0,2.052849,-2.888805,DEU,CHE,2710
632920,62,41,911,2014,0.0,14779.0,-0.394602,-0.74178,DJI,CHE,2710
632921,64,41,911,2014,59296.0,930447.0,1.10869,1.245193,DNK,CHE,2710
632922,65,41,911,2014,0.0,13881.0,-0.180845,0.508512,DOM,CHE,2710
632923,66,41,911,2014,11309.0,61840228.0,-1.5554649999999999,-1.1657030000000002,DZA,CHE,2710
632924,67,41,911,2014,0.0,24804.0,-1.066865,-1.052921,ECU,CHE,2710
632925,68,41,911,2014,0.0,3026268.0,-0.086866,1.7419669999999998,EGY,CHE,2710
632926,71,41,911,2014,1065084.0,3366662.0,0.842147,2.45692,ESP,CHE,2710
632927,72,41,911,2014,8453501.0,81365.0,0.9147780000000001,1.151556,EST,CHE,2710
632928,73,41,911,2014,0.0,27049.0,-1.296535,-1.045942,ETH,CHE,2710
632929,74,41,911,2014,346002.0,7299750.0,1.626355,1.002923,FIN,CHE,2710
632930,77,41,911,2014,587591808.0,73393848.0,1.4817790000000002,0.30995,FRA,CHE,2710
632931,81,41,911,2014,1724824.0,3564667.0,1.697964,0.585372,GBR,CHE,2710
632932,82,41,911,2014,676131.0,0.0,-0.254106,-0.646584,GEO,CHE,2710
632933,83,41,911,2014,0.0,6887.0,-1.130226,-0.9909379999999999,GHA,CHE,2710
632934,85,41,911,2014,0.0,242206.0,-1.628409,-1.202473,GIN,CHE,2710
632935,87,41,911,2014,0.0,1991.0,-0.905488,-0.7892819999999999,GMB,CHE,2710
632936,89,41,911,2014,0.0,1162.0,-2.043516,-0.844701,GNQ,CHE,2710
632937,90,41,911,2014,34149.0,1093587.0,0.149337,0.8560540000000001,GRC,CHE,2710
632938,93,41,911,2014,0.0,2086.0,-0.36547199999999996,0.548894,GTM,CHE,2710
632939,97,41,911,2014,0.0,89519.0,0.812132,1.722493,HKG,CHE,2710
632940,100,41,911,2014,22199.0,383904.0,0.804401,1.250807,HRV,CHE,2710
632941,102,41,911,2014,15644487.0,1049793.0,1.477093,0.812869,HUN,CHE,2710
632942,103,41,911,2014,0.0,129399.0,-0.088032,1.3966459999999998,IDN,CHE,2710
632943,104,41,911,2014,1071.0,397096.0,0.262042,2.6305080000000003,IND,CHE,2710
632944,106,41,911,2014,7722.0,2489044.0,1.2658399999999999,0.278546,IRL,CHE,2710
632945,107,41,911,2014,0.0,5056.0,-0.361058,-0.312743,IRN,CHE,2710
632946,108,41,911,2014,0.0,1191.0,-2.9169,-0.882023,IRQ,CHE,2710
632947,109,41,911,2014,132834.0,970836.0,0.127891,-0.302014,ISL,CHE,2710
632948,110,41,911,2014,600316.0,39337792.0,1.211141,0.64523,ISR,CHE,2710
632949,111,41,911,2014,767756992.0,13409972.0,1.340136,0.43931099999999995,ITA,CHE,2710
632950,113,41,911,2014,0.0,1229940.0,0.210208,0.48732299999999995,JOR,CHE,2710
632951,114,41,911,2014,189103.0,1438674.0,2.403165,-0.635024,JPN,CHE,2710
632952,115,41,911,2014,0.0,17503.0,-0.210431,-0.574075,KAZ,CHE,2710
632953,116,41,911,2014,0.0,24126.0,-0.487058,0.307288,KEN,CHE,2710
632954,117,41,911,2014,32913.0,3011.0,-0.31942600000000004,-0.012454,KGZ,CHE,2710
632955,118,41,911,2014,0.0,1699.0,-0.84072,-0.8307040000000001,KHM,CHE,2710
632956,121,41,911,2014,1377057.0,7739866.0,1.817145,0.8394530000000001,KOR,CHE,2710
632957,122,41,911,2014,17327.0,44057.0,-0.769616,-1.10667,KWT,CHE,2710
632958,124,41,911,2014,0.0,22602.0,0.308677,1.7564490000000001,LBN,CHE,2710
632959,126,41,911,2014,0.0,22931.0,-1.5943829999999999,-1.189961,LBY,CHE,2710
632960,128,41,911,2014,0.0,44478.0,-0.49366899999999997,0.338686,LKA,CHE,2710
632961,130,41,911,2014,4404826.0,260106.0,0.764495,1.3451540000000002,LTU,CHE,2710
632962,131,41,911,2014,1897.0,1540052.0,1.243845,1.155474,LUX,CHE,2710
632963,132,41,911,2014,0.0,1516242.0,0.613116,1.1899790000000001,LVA,CHE,2710
632964,133,41,911,2014,0.0,5632.0,0.704535,0.5856140000000001,MAC,CHE,2710
632965,134,41,911,2014,0.0,2796388.0,-0.574034,0.065788,MAR,CHE,2710
632966,138,41,911,2014,0.0,257811.0,1.0799729999999998,0.697554,MEX,CHE,2710
632967,140,41,911,2014,1156974.0,79291.0,-0.039799,-0.05545,MKD,CHE,2710
632968,141,41,911,2014,0.0,5952.0,-1.199063,-1.05497,MLI,CHE,2710
632969,142,41,911,2014,0.0,2159350.0,0.817013,0.0016309999999999999,MLT,CHE,2710
632970,144,41,911,2014,0.0,364774.0,-0.17039100000000001,-0.21762399999999998,MNE,CHE,2710
632971,145,41,911,2014,0.0,1739.0,-1.425524,-1.161949,MNG,CHE,2710
632972,147,41,911,2014,0.0,2473975.0,-1.1993610000000001,-1.040181,MOZ,CHE,2710
632973,149,41,911,2014,0.0,8446.0,0.44890399999999997,-0.46028,MSR,CHE,2710
632974,151,41,911,2014,0.0,34878.0,-0.029891,-0.12431099999999999,MUS,CHE,2710
632975,152,41,911,2014,0.0,139105.0,-0.494204,-0.751903,MWI,CHE,2710
632976,153,41,911,2014,139550.0,122691.0,1.018138,0.774649,MYS,CHE,2710
632977,155,41,911,2014,4867.0,1508429.0,-0.428227,-0.5632229999999999,NAM,CHE,2710
632978,156,41,911,2014,0.0,2637.0,-0.509789,-0.767484,NCL,CHE,2710
632979,157,41,911,2014,2184389.0,5265556.0,-0.7187,-0.80918,NER,CHE,2710
632980,159,41,911,2014,0.0,1759646.0,-1.2126430000000001,-1.059697,NGA,CHE,2710
632981,160,41,911,2014,0.0,778.0,-0.938269,-0.839066,NIC,CHE,2710
632982,162,41,911,2014,494517568.0,86185904.0,1.179325,1.355071,NLD,CHE,2710
632983,163,41,911,2014,17269376.0,1267313.0,0.9187049999999999,0.182685,NOR,CHE,2710
632984,164,41,911,2014,0.0,1428.0,-0.11988199999999999,0.655883,NPL,CHE,2710
632985,166,41,911,2014,0.0,133872.0,0.272502,0.21628699999999998,NZL,CHE,2710
632986,167,41,911,2014,0.0,6327406.0,-0.505129,-1.0051370000000002,OMN,CHE,2710
632987,168,41,911,2014,0.0,69550.0,-0.672924,0.566787,PAK,CHE,2710
632988,169,41,911,2014,0.0,6549.0,0.771742,0.9873190000000001,PAN,CHE,2710
632989,173,41,911,2014,0.0,87930.0,-0.557833,0.611826,PER,CHE,2710
632990,174,41,911,2014,0.0,46577.0,0.637442,0.475883,PHL,CHE,2710
632991,177,41,911,2014,1031900.0,3859607.0,1.133102,1.177165,POL,CHE,2710
632992,179,41,911,2014,3682.0,11857794.0,0.621053,2.349644,PRT,CHE,2710
632993,180,41,911,2014,0.0,2099078.0,-0.608509,-0.930679,PRY,CHE,2710
632994,183,41,911,2014,109562.0,3549509.0,-0.37535599999999997,-1.0196370000000001,QAT,CHE,2710
632995,185,41,911,2014,11999.0,140633.0,0.9112,1.188161,ROU,CHE,2710
632996,186,41,911,2014,172175024.0,5216997.0,0.229422,-0.214856,RUS,CHE,2710
632997,187,41,911,2014,6468.0,478874.0,-0.5692659999999999,-0.447859,RWA,CHE,2710
632998,188,41,911,2014,0.0,3694503.0,0.5758439999999999,-0.832692,SAU,CHE,2710
632999,191,41,911,2014,0.0,5771429.0,-0.502607,-0.08866,SEN,CHE,2710
633000,192,41,911,2014,2641.0,42160932.0,1.867492,0.626736,SGP,CHE,2710
633001,198,41,911,2014,0.0,12634.0,0.9675090000000001,0.582902,SMR,CHE,2710
633002,201,41,911,2014,2804050.0,2766996.0,0.551635,1.211535,SRB,CHE,2710
633003,206,41,911,2014,0.0,83878.0,1.334959,0.821253,SVK,CHE,2710
633004,207,41,911,2014,2709.0,2389425.0,1.6558669999999998,0.6814399999999999,SVN,CHE,2710
633005,208,41,911,2014,7184692.0,7528140.0,1.817752,0.558474,SWE,CHE,2710
633006,212,41,911,2014,0.0,2716.0,-0.366224,0.9054719999999999,SYR,CHE,2710
633007,214,41,911,2014,0.0,6536.0,-2.012048,-0.921558,TCD,CHE,2710
633008,215,41,911,2014,1468543.0,72637.0,-0.524103,-0.537643,TGO,CHE,2710
633009,216,41,911,2014,2234.0,22193112.0,0.977094,1.41283,THA,CHE,2710
633010,217,41,911,2014,0.0,15136.0,-0.706823,-0.993756,TJK,CHE,2710
633011,219,41,911,2014,0.0,1122.0,-1.217897,-1.184131,TKM,CHE,2710
633012,222,41,911,2014,0.0,2921.0,-0.57362,-1.117545,TTO,CHE,2710
633013,223,41,911,2014,95125064.0,2653977.0,0.343449,1.118007,TUN,CHE,2710
633014,224,41,911,2014,12533173.0,17362862.0,0.554761,2.385693,TUR,CHE,2710
633015,226,41,911,2014,0.0,57529004.0,-1.054331,0.166345,TZA,CHE,2710
633016,227,41,911,2014,0.0,3452018.0,-0.46911800000000003,0.25446599999999997,UGA,CHE,2710
633017,228,41,911,2014,5460990.0,4227322.0,0.566535,0.832267,UKR,CHE,2710
633018,230,41,911,2014,0.0,1389.0,0.154034,-0.380899,URY,CHE,2710
633019,231,41,911,2014,2727892.0,79902448.0,1.61227,0.068905,USA,CHE,2710
633020,232,41,911,2014,0.0,53262.0,-0.407623,-0.37150700000000003,UZB,CHE,2710
633021,236,41,911,2014,0.0,24313.0,-0.582086,-1.081727,VEN,CHE,2710
633022,239,41,911,2014,0.0,203653.0,-0.023765,1.344416,VNM,CHE,2710
633023,246,41,911,2014,83778.0,56481.0,0.282927,1.723214,ZAF,CHE,2710
633024,248,41,911,2014,0.0,5451280.0,-0.821369,-0.864232,ZWE,CHE,2710
633025,249,41,911,2014,3241.0,454061.0,1.9044189999999999,1.0595139999999998,TWN,CHE,2710
633026,2,42,911,2014,0.0,7706.0,-1.8184900000000002,-1.149191,AGO,CHL,2710
633027,7,42,911,2014,79510.0,0.0,0.087775,-0.289459,ARE,CHL,2710
633028,8,42,911,2014,35758724.0,724615.0,0.10691500000000001,0.44860600000000006,ARG,CHL,2710
633029,14,42,911,2014,28029.0,97891.0,-0.398273,-0.17128,AUS,CHL,2710
633030,15,42,911,2014,23568.0,0.0,1.7116790000000002,-0.140232,AUT,CHL,2710
633031,18,42,911,2014,3070917.0,8258.0,1.234156,1.226441,BEL,CHL,2710
633032,23,42,911,2014,2576.0,0.0,0.579058,1.6558110000000001,BGR,CHL,2710
633033,24,42,911,2014,136900.0,0.0,0.460168,-0.41671099999999994,BHR,CHL,2710
633034,31,42,911,2014,80480.0,131281408.0,-1.129494,-1.030198,BOL,CHL,2710
633035,32,42,911,2014,3479548.0,53090.0,0.218223,0.556921,BRA,CHL,2710
633036,39,42,911,2014,1715873.0,0.0,0.671395,1.024683,CAN,CHL,2710
633037,41,42,911,2014,72230.0,0.0,2.2000919999999997,0.65398,CHE,CHL,2710
633038,43,42,911,2014,802254.0,0.0,1.187557,1.222085,CHN,CHL,2710
633039,49,42,911,2014,8794698.0,1477034.0,0.19864500000000002,-0.378364,COL,CHL,2710
633040,55,42,911,2014,4656415.0,0.0,-0.00902,-0.683643,CUW,CHL,2710
633041,59,42,911,2014,8028.0,0.0,1.8105830000000003,0.131131,CZE,CHL,2710
633042,61,42,911,2014,10652919.0,0.0,2.052849,-2.888805,DEU,CHL,2710
633043,64,42,911,2014,26817.0,0.0,1.10869,1.245193,DNK,CHL,2710
633044,67,42,911,2014,32718.0,224622.0,-1.066865,-1.052921,ECU,CHL,2710
633045,68,42,911,2014,21640.0,0.0,-0.086866,1.7419669999999998,EGY,CHL,2710
633046,71,42,911,2014,1496616.0,0.0,0.842147,2.45692,ESP,CHL,2710
633047,74,42,911,2014,30265974.0,0.0,1.626355,1.002923,FIN,CHL,2710
633048,77,42,911,2014,3986974.0,0.0,1.4817790000000002,0.30995,FRA,CHL,2710
633049,81,42,911,2014,317246.0,0.0,1.697964,0.585372,GBR,CHL,2710
633050,97,42,911,2014,24934.0,0.0,0.812132,1.722493,HKG,CHL,2710
633051,99,42,911,2014,0.0,9885043.0,-0.467004,0.045511,HND,CHL,2710
633052,104,42,911,2014,1587051.0,0.0,0.262042,2.6305080000000003,IND,CHL,2710
633053,110,42,911,2014,4708.0,2874.0,1.211141,0.64523,ISR,CHL,2710
633054,111,42,911,2014,435155.0,0.0,1.340136,0.43931099999999995,ITA,CHL,2710
633055,114,42,911,2014,263711632.0,0.0,2.403165,-0.635024,JPN,CHL,2710
633056,121,42,911,2014,37251044.0,0.0,1.817145,0.8394530000000001,KOR,CHL,2710
633057,130,42,911,2014,286740.0,0.0,0.764495,1.3451540000000002,LTU,CHL,2710
633058,138,42,911,2014,1217924.0,1111.0,1.0799729999999998,0.697554,MEX,CHL,2710
633059,153,42,911,2014,0.0,28500.0,1.018138,0.774649,MYS,CHL,2710
633060,162,42,911,2014,68623312.0,15631099.0,1.179325,1.355071,NLD,CHL,2710
633061,163,42,911,2014,2236.0,0.0,0.9187049999999999,0.182685,NOR,CHL,2710
633062,167,42,911,2014,16014.0,0.0,-0.505129,-1.0051370000000002,OMN,CHL,2710
633063,169,42,911,2014,52768.0,54565688.0,0.771742,0.9873190000000001,PAN,CHL,2710
633064,173,42,911,2014,9657245.0,2632581.0,-0.557833,0.611826,PER,CHL,2710
633065,177,42,911,2014,1118299.0,0.0,1.133102,1.177165,POL,CHL,2710
633066,179,42,911,2014,107487.0,0.0,0.621053,2.349644,PRT,CHL,2710
633067,180,42,911,2014,0.0,7958720.0,-0.608509,-0.930679,PRY,CHL,2710
633068,185,42,911,2014,3727.0,0.0,0.9112,1.188161,ROU,CHL,2710
633069,186,42,911,2014,21687032.0,0.0,0.229422,-0.214856,RUS,CHL,2710
633070,192,42,911,2014,74061.0,1636.0,1.867492,0.626736,SGP,CHL,2710
633071,208,42,911,2014,126936.0,0.0,1.817752,0.558474,SWE,CHL,2710
633072,216,42,911,2014,6477.0,0.0,0.977094,1.41283,THA,CHL,2710
633073,224,42,911,2014,333123.0,0.0,0.554761,2.385693,TUR,CHL,2710
633074,228,42,911,2014,56798.0,0.0,0.566535,0.832267,UKR,CHL,2710
633075,230,42,911,2014,112793.0,2320359.0,0.154034,-0.380899,URY,CHL,2710
633076,231,42,911,2014,4825327104.0,37117480.0,1.61227,0.068905,USA,CHL,2710
633077,246,42,911,2014,52419.0,0.0,0.282927,1.723214,ZAF,CHL,2710
633078,249,42,911,2014,4732.0,0.0,1.9044189999999999,1.0595139999999998,TWN,CHL,2710
633079,250,42,911,2014,769800128.0,326021696.0,0.506842,0.049545,ANS,CHL,2710
633080,0,43,911,2014,0.0,27109008.0,0.779539,-0.32255700000000004,ABW,CHN,2710
633081,1,43,911,2014,0.0,10579.0,-0.924386,-0.839385,AFG,CHN,2710
633082,2,43,911,2014,0.0,1202566.0,-1.8184900000000002,-1.149191,AGO,CHN,2710
633083,4,43,911,2014,0.0,561842.0,-0.476024,-0.33978400000000003,ALB,CHN,2710
633084,5,43,911,2014,0.0,31490.0,0.533246,-0.41617,AND,CHN,2710
633085,7,43,911,2014,182596304.0,310632128.0,0.087775,-0.289459,ARE,CHN,2710
633086,8,43,911,2014,2496.0,2352250.0,0.10691500000000001,0.44860600000000006,ARG,CHN,2710
633087,9,43,911,2014,0.0,16854.0,-0.198322,-0.5918680000000001,ARM,CHN,2710
633088,13,43,911,2014,0.0,47842596.0,0.169764,-0.621576,ATG,CHN,2710
633089,14,43,911,2014,11954598.0,504900800.0,-0.398273,-0.17128,AUS,CHN,2710
633090,15,43,911,2014,160235.0,10970031.0,1.7116790000000002,-0.140232,AUT,CHN,2710
633091,16,43,911,2014,1906464.0,2840931.0,-0.909508,-1.165158,AZE,CHN,2710
633092,18,43,911,2014,160681056.0,11087576.0,1.234156,1.226441,BEL,CHN,2710
633093,19,43,911,2014,0.0,450449.0,-0.342225,-0.618789,BEN,CHN,2710
633094,20,43,911,2014,39930040.0,0.0,-0.18363,-0.7995760000000001,BES,CHN,2710
633095,21,43,911,2014,180603.0,6811.0,-0.922401,-0.9554379999999999,BFA,CHN,2710
633096,22,43,911,2014,0.0,225910384.0,-1.0341879999999999,-0.9614870000000001,BGD,CHN,2710
633097,23,43,911,2014,34911.0,647043.0,0.579058,1.6558110000000001,BGR,CHN,2710
633098,24,43,911,2014,25739464.0,93426.0,0.460168,-0.41671099999999994,BHR,CHN,2710
633099,25,43,911,2014,0.0,82001912.0,0.314465,-0.60458,BHS,CHN,2710
633100,26,43,911,2014,0.0,92626.0,0.5083300000000001,0.711704,BIH,CHN,2710
633101,29,43,911,2014,0.0,650642.0,-0.324446,-0.552126,BLZ,CHN,2710
633102,30,43,911,2014,0.0,4770474.0,1.217808,-0.16376300000000002,BMU,CHN,2710
633103,32,43,911,2014,2620515.0,714009.0,0.218223,0.556921,BRA,CHN,2710
633104,33,43,911,2014,0.0,272961.0,0.44968400000000003,-0.15268900000000002,BRB,CHN,2710
633105,34,43,911,2014,0.0,821165.0,0.191357,-0.683567,BRN,CHN,2710
633106,35,43,911,2014,0.0,2207742.0,-0.24597199999999997,-0.758838,BTN,CHN,2710
633107,37,43,911,2014,0.0,7476.0,-0.60221,-1.104578,BWA,CHN,2710
633108,38,43,911,2014,0.0,14252.0,0.695875,0.543384,CAF,CHN,2710
633109,39,43,911,2014,18841420.0,116685128.0,0.671395,1.024683,CAN,CHN,2710
633110,41,43,911,2014,6886762.0,20609376.0,2.2000919999999997,0.65398,CHE,CHN,2710
633111,42,43,911,2014,0.0,802254.0,-0.344671,-0.43380799999999997,CHL,CHN,2710
633112,44,43,911,2014,26103.0,461367.0,-0.737625,-0.768728,CIV,CHN,2710
633113,45,43,911,2014,0.0,180321.0,-0.6723520000000001,-0.945084,CMR,CHN,2710
633114,46,43,911,2014,0.0,104658.0,-1.6680240000000002,-1.1265129999999999,COD,CHN,2710
633115,47,43,911,2014,0.0,236661.0,-1.371624,-1.12468,COG,CHN,2710
633116,48,43,911,2014,0.0,2944753.0,0.151329,-0.693285,COK,CHN,2710
633117,49,43,911,2014,31294110.0,402153.0,0.19864500000000002,-0.378364,COL,CHN,2710
633118,50,43,911,2014,0.0,414706.0,-0.19200699999999998,-0.761303,COM,CHN,2710
633119,51,43,911,2014,0.0,1928.0,-0.182368,-0.7136359999999999,CPV,CHN,2710
633120,52,43,911,2014,0.0,10214.0,0.065938,-0.687971,CRI,CHN,2710
633121,55,43,911,2014,0.0,653028.0,-0.00902,-0.683643,CUW,CHN,2710
633122,57,43,911,2014,0.0,2860151.0,1.199562,-0.66969,CYM,CHN,2710
633123,58,43,911,2014,0.0,67430832.0,0.627467,0.483725,CYP,CHN,2710
633124,59,43,911,2014,344127.0,41524.0,1.8105830000000003,0.131131,CZE,CHN,2710
633125,61,43,911,2014,167242048.0,236189824.0,2.052849,-2.888805,DEU,CHN,2710
633126,62,43,911,2014,81696.0,75347.0,-0.394602,-0.74178,DJI,CHN,2710
633127,64,43,911,2014,111125.0,9834674.0,1.10869,1.245193,DNK,CHN,2710
633128,65,43,911,2014,0.0,175252.0,-0.180845,0.508512,DOM,CHN,2710
633129,66,43,911,2014,197947824.0,107077.0,-1.5554649999999999,-1.1657030000000002,DZA,CHN,2710
633130,67,43,911,2014,625478.0,23460.0,-1.066865,-1.052921,ECU,CHN,2710
633131,68,43,911,2014,358058.0,1691575.0,-0.086866,1.7419669999999998,EGY,CHN,2710
633132,71,43,911,2014,6008694.0,429533.0,0.842147,2.45692,ESP,CHN,2710
633133,72,43,911,2014,16520145.0,609922.0,0.9147780000000001,1.151556,EST,CHN,2710
633134,73,43,911,2014,0.0,42165716.0,-1.296535,-1.045942,ETH,CHN,2710
633135,74,43,911,2014,2769094.0,66986212.0,1.626355,1.002923,FIN,CHN,2710
633136,75,43,911,2014,11310.0,350421.0,-0.306346,-0.07688500000000001,FJI,CHN,2710
633137,77,43,911,2014,53044808.0,130358232.0,1.4817790000000002,0.30995,FRA,CHN,2710
633138,79,43,911,2014,0.0,302734.0,-0.32643099999999997,-0.8248049999999999,FSM,CHN,2710
633139,80,43,911,2014,0.0,171864.0,-1.625474,-1.135973,GAB,CHN,2710
633140,81,43,911,2014,116612312.0,36495260.0,1.697964,0.585372,GBR,CHN,2710
633141,82,43,911,2014,0.0,303278.0,-0.254106,-0.646584,GEO,CHN,2710
633142,83,43,911,2014,0.0,64482.0,-1.130226,-0.9909379999999999,GHA,CHN,2710
633143,84,43,911,2014,0.0,4872601.0,0.275796,-0.720217,GIB,CHN,2710
633144,85,43,911,2014,0.0,1174570.0,-1.628409,-1.202473,GIN,CHN,2710
633145,87,43,911,2014,0.0,13449.0,-0.905488,-0.7892819999999999,GMB,CHN,2710
633146,89,43,911,2014,0.0,478007.0,-2.043516,-0.844701,GNQ,CHN,2710
633147,90,43,911,2014,28112412.0,80719472.0,0.149337,0.8560540000000001,GRC,CHN,2710
633148,93,43,911,2014,0.0,24751.0,-0.36547199999999996,0.548894,GTM,CHN,2710
633149,96,43,911,2014,0.0,17370.0,-1.068777,-1.038227,GUY,CHN,2710
633150,97,43,911,2014,31226790.0,4977647616.0,0.812132,1.722493,HKG,CHN,2710
633151,99,43,911,2014,0.0,11831.0,-0.467004,0.045511,HND,CHN,2710
633152,100,43,911,2014,0.0,1211125.0,0.804401,1.250807,HRV,CHN,2710
633153,101,43,911,2014,0.0,1146.0,-1.10887,-1.032108,HTI,CHN,2710
633154,102,43,911,2014,193424.0,1933976.0,1.477093,0.812869,HUN,CHN,2710
633155,103,43,911,2014,160306368.0,1648079232.0,-0.088032,1.3966459999999998,IDN,CHN,2710
633156,104,43,911,2014,1381422464.0,12574806.0,0.262042,2.6305080000000003,IND,CHN,2710
633157,106,43,911,2014,50871.0,2486765.0,1.2658399999999999,0.278546,IRL,CHN,2710
633158,107,43,911,2014,210196240.0,7702228.0,-0.361058,-0.312743,IRN,CHN,2710
633159,108,43,911,2014,2935.0,182562.0,-2.9169,-0.882023,IRQ,CHN,2710
633160,109,43,911,2014,6095.0,421211.0,0.127891,-0.302014,ISL,CHN,2710
633161,110,43,911,2014,594316.0,7813605.0,1.211141,0.64523,ISR,CHN,2710
633162,111,43,911,2014,20369360.0,4693266.0,1.340136,0.43931099999999995,ITA,CHN,2710
633163,112,43,911,2014,6991.0,604262.0,-0.42745299999999997,-0.7750130000000001,JAM,CHN,2710
633164,113,43,911,2014,0.0,31927916.0,0.210208,0.48732299999999995,JOR,CHN,2710
633165,114,43,911,2014,1152500096.0,340478880.0,2.403165,-0.635024,JPN,CHN,2710
633166,115,43,911,2014,201896720.0,173430576.0,-0.210431,-0.574075,KAZ,CHN,2710
633167,116,43,911,2014,0.0,114979888.0,-0.487058,0.307288,KEN,CHN,2710
633168,117,43,911,2014,5841368.0,465249.0,-0.31942600000000004,-0.012454,KGZ,CHN,2710
633169,118,43,911,2014,0.0,14111654.0,-0.84072,-0.8307040000000001,KHM,CHN,2710
633170,119,43,911,2014,0.0,5532660.0,0.708907,-0.540813,KIR,CHN,2710
633171,120,43,911,2014,0.0,84945.0,0.9888950000000001,-0.28283800000000003,KNA,CHN,2710
633172,121,43,911,2014,5622067712.0,1356625536.0,1.817145,0.8394530000000001,KOR,CHN,2710
633173,122,43,911,2014,164315888.0,1052458.0,-0.769616,-1.10667,KWT,CHN,2710
633174,123,43,911,2014,11590.0,1242548.0,-1.054294,-0.869916,LAO,CHN,2710
633175,124,43,911,2014,0.0,240854.0,0.308677,1.7564490000000001,LBN,CHN,2710
633176,125,43,911,2014,41190.0,485884352.0,-1.016828,-1.107983,LBR,CHN,2710
633177,126,43,911,2014,0.0,620835.0,-1.5943829999999999,-1.189961,LBY,CHN,2710
633178,128,43,911,2014,3221383.0,276016928.0,-0.49366899999999997,0.338686,LKA,CHN,2710
633179,129,43,911,2014,0.0,5658.0,-0.59647,-0.58713,LSO,CHN,2710
633180,130,43,911,2014,455470.0,243923.0,0.764495,1.3451540000000002,LTU,CHN,2710
633181,131,43,911,2014,1193.0,5316030.0,1.243845,1.155474,LUX,CHN,2710
633182,132,43,911,2014,11372.0,401686.0,0.613116,1.1899790000000001,LVA,CHN,2710
633183,133,43,911,2014,18364.0,294774848.0,0.704535,0.5856140000000001,MAC,CHN,2710
633184,134,43,911,2014,0.0,22438.0,-0.574034,0.065788,MAR,CHN,2710
633185,135,43,911,2014,873376.0,56610.0,-0.10438199999999999,-0.093194,MDA,CHN,2710
633186,136,43,911,2014,384957.0,90078.0,-1.002122,-0.44446,MDG,CHN,2710
633187,137,43,911,2014,0.0,316417.0,-0.43265299999999995,-0.82696,MDV,CHN,2710
633188,138,43,911,2014,2467421.0,161436.0,1.0799729999999998,0.697554,MEX,CHN,2710
633189,139,43,911,2014,0.0,241869200.0,-0.22505,-0.803084,MHL,CHN,2710
633190,140,43,911,2014,0.0,6447.0,-0.039799,-0.05545,MKD,CHN,2710
633191,142,43,911,2014,0.0,157145296.0,0.817013,0.0016309999999999999,MLT,CHN,2710
633192,143,43,911,2014,0.0,199948704.0,-1.5332459999999999,-1.145973,MMR,CHN,2710
633193,144,43,911,2014,0.0,474560.0,-0.17039100000000001,-0.21762399999999998,MNE,CHN,2710
633194,145,43,911,2014,636764.0,47681752.0,-1.425524,-1.161949,MNG,CHN,2710
633195,147,43,911,2014,0.0,39678724.0,-1.1993610000000001,-1.040181,MOZ,CHN,2710
633196,148,43,911,2014,22887.0,49699.0,-1.458551,-1.225373,MRT,CHN,2710
633197,151,43,911,2014,0.0,10825537.0,-0.029891,-0.12431099999999999,MUS,CHN,2710
633198,152,43,911,2014,0.0,53992.0,-0.494204,-0.751903,MWI,CHN,2710
633199,153,43,911,2014,1175720704.0,623362688.0,1.018138,0.774649,MYS,CHN,2710
633200,155,43,911,2014,94577.0,443897.0,-0.428227,-0.5632229999999999,NAM,CHN,2710
633201,156,43,911,2014,0.0,1585.0,-0.509789,-0.767484,NCL,CHN,2710
633202,157,43,911,2014,538.0,83547.0,-0.7187,-0.80918,NER,CHN,2710
633203,159,43,911,2014,90281960.0,85162336.0,-1.2126430000000001,-1.059697,NGA,CHN,2710
633204,160,43,911,2014,0.0,96349.0,-0.938269,-0.839066,NIC,CHN,2710
633205,162,43,911,2014,54004380.0,96264944.0,1.179325,1.355071,NLD,CHN,2710
633206,163,43,911,2014,100015152.0,25004882.0,0.9187049999999999,0.182685,NOR,CHN,2710
633207,164,43,911,2014,19922.0,255823.0,-0.11988199999999999,0.655883,NPL,CHN,2710
633208,166,43,911,2014,22284770.0,8241858.0,0.272502,0.21628699999999998,NZL,CHN,2710
633209,167,43,911,2014,0.0,391362.0,-0.505129,-1.0051370000000002,OMN,CHN,2710
633210,168,43,911,2014,17649630.0,10402836.0,-0.672924,0.566787,PAK,CHN,2710
633211,169,43,911,2014,139108.0,2123845760.0,0.771742,0.9873190000000001,PAN,CHN,2710
633212,173,43,911,2014,56983.0,152647.0,-0.557833,0.611826,PER,CHN,2710
633213,174,43,911,2014,1604675.0,700680128.0,0.637442,0.475883,PHL,CHN,2710
633214,175,43,911,2014,0.0,889349.0,0.38879600000000003,-0.532062,PLW,CHN,2710
633215,176,43,911,2014,18355100.0,986406.0,-1.564904,-1.146255,PNG,CHN,2710
633216,177,43,911,2014,154878.0,6695977.0,1.133102,1.177165,POL,CHN,2710
633217,178,43,911,2014,0.0,154941584.0,-0.23883000000000001,-0.009727,PRK,CHN,2710
633218,179,43,911,2014,638255.0,6381444.0,0.621053,2.349644,PRT,CHN,2710
633219,180,43,911,2014,0.0,254355.0,-0.608509,-0.930679,PRY,CHN,2710
633220,181,43,911,2014,0.0,840.0,0.030643,0.601905,PSE,CHN,2710
633221,182,43,911,2014,0.0,966771.0,0.008831,-0.6268279999999999,PYF,CHN,2710
633222,183,43,911,2014,186091152.0,39805436.0,-0.37535599999999997,-1.0196370000000001,QAT,CHN,2710
633223,185,43,911,2014,232175.0,52048.0,0.9112,1.188161,ROU,CHN,2710
633224,186,43,911,2014,2386801152.0,140539936.0,0.229422,-0.214856,RUS,CHN,2710
633225,187,43,911,2014,0.0,54638.0,-0.5692659999999999,-0.447859,RWA,CHN,2710
633226,188,43,911,2014,470402368.0,639869.0,0.5758439999999999,-0.832692,SAU,CHN,2710
633227,190,43,911,2014,0.0,634721.0,-1.442381,-1.1155030000000001,SDN,CHN,2710
633228,191,43,911,2014,0.0,41011.0,-0.502607,-0.08866,SEN,CHN,2710
633229,192,43,911,2014,3390723328.0,3979320832.0,1.867492,0.626736,SGP,CHN,2710
633230,195,43,911,2014,0.0,30426.0,-0.862089,-0.9075840000000001,SLB,CHN,2710
633231,196,43,911,2014,0.0,6197138.0,-0.9228569999999999,-0.791482,SLE,CHN,2710
633232,197,43,911,2014,0.0,15653.0,0.08653999999999999,0.29088600000000003,SLV,CHN,2710
633233,201,43,911,2014,0.0,12745.0,0.551635,1.211535,SRB,CHN,2710
633234,202,43,911,2014,1601.0,0.0,-2.824279,-0.8767969999999999,SSD,CHN,2710
633235,205,43,911,2014,0.0,23353.0,-0.6333989999999999,-0.857643,SUR,CHN,2710
633236,206,43,911,2014,5629.0,10058.0,1.334959,0.821253,SVK,CHN,2710
633237,207,43,911,2014,0.0,118655.0,1.6558669999999998,0.6814399999999999,SVN,CHN,2710
633238,208,43,911,2014,5536573.0,15858221.0,1.817752,0.558474,SWE,CHN,2710
633239,212,43,911,2014,0.0,542037.0,-0.366224,0.9054719999999999,SYR,CHN,2710
633240,214,43,911,2014,0.0,262107.0,-2.012048,-0.921558,TCD,CHN,2710
633241,215,43,911,2014,0.0,150252.0,-0.524103,-0.537643,TGO,CHN,2710
633242,216,43,911,2014,494850336.0,50309080.0,0.977094,1.41283,THA,CHN,2710
633243,217,43,911,2014,0.0,438630.0,-0.706823,-0.993756,TJK,CHN,2710
633244,219,43,911,2014,0.0,2566845.0,-1.217897,-1.184131,TKM,CHN,2710
633245,221,43,911,2014,0.0,109240.0,-0.11129100000000001,-0.523176,TON,CHN,2710
633246,222,43,911,2014,77638.0,23658.0,-0.57362,-1.117545,TTO,CHN,2710
633247,223,43,911,2014,0.0,16515.0,0.343449,1.118007,TUN,CHN,2710
633248,224,43,911,2014,5316692.0,26421372.0,0.554761,2.385693,TUR,CHN,2710
633249,225,43,911,2014,0.0,766460.0,1.127623,-0.482033,TUV,CHN,2710
633250,226,43,911,2014,0.0,3384568.0,-1.054331,0.166345,TZA,CHN,2710
633251,227,43,911,2014,0.0,352168.0,-0.46911800000000003,0.25446599999999997,UGA,CHN,2710
633252,228,43,911,2014,156232.0,138782.0,0.566535,0.832267,UKR,CHN,2710
633253,230,43,911,2014,0.0,6247.0,0.154034,-0.380899,URY,CHN,2710
633254,231,43,911,2014,655516416.0,360748320.0,1.61227,0.068905,USA,CHN,2710
633255,232,43,911,2014,2833298.0,4486974.0,-0.407623,-0.37150700000000003,UZB,CHN,2710
633256,234,43,911,2014,0.0,8262259.0,0.034024,-0.522492,VCT,CHN,2710
633257,236,43,911,2014,2094145280.0,1961523.0,-0.582086,-1.081727,VEN,CHN,2710
633258,237,43,911,2014,0.0,274975.0,0.484282,-0.082974,VGB,CHN,2710
633259,239,43,911,2014,74598616.0,1909777408.0,-0.023765,1.344416,VNM,CHN,2710
633260,240,43,911,2014,0.0,3522239.0,-1.21245,-0.941493,VUT,CHN,2710
633261,242,43,911,2014,0.0,11347.0,0.602344,-0.051224,WSM,CHN,2710
633262,243,43,911,2014,23362990.0,27580.0,-1.2829190000000001,-1.227373,YEM,CHN,2710
633263,246,43,911,2014,1228548.0,1047826.0,0.282927,1.723214,ZAF,CHN,2710
633264,247,43,911,2014,0.0,436597.0,-0.664089,-0.793452,ZMB,CHN,2710
633265,248,43,911,2014,0.0,34101.0,-0.821369,-0.864232,ZWE,CHN,2710
633266,249,43,911,2014,769397376.0,63079308.0,1.9044189999999999,1.0595139999999998,TWN,CHN,2710
633267,250,43,911,2014,5255861.0,379887.0,0.506842,0.049545,ANS,CHN,2710
633268,0,49,911,2014,0.0,450389376.0,0.779539,-0.32255700000000004,ABW,COL,2710
633269,7,49,911,2014,18531.0,23468816.0,0.087775,-0.289459,ARE,COL,2710
633270,8,49,911,2014,40516.0,15680487.0,0.10691500000000001,0.44860600000000006,ARG,COL,2710
633271,14,49,911,2014,435871.0,0.0,-0.398273,-0.17128,AUS,COL,2710
633272,15,49,911,2014,4552.0,0.0,1.7116790000000002,-0.140232,AUT,COL,2710
633273,18,49,911,2014,2085872.0,0.0,1.234156,1.226441,BEL,COL,2710
633274,25,49,911,2014,40096476.0,265741504.0,0.314465,-0.60458,BHS,COL,2710
633275,31,49,911,2014,2463484.0,2613257.0,-1.129494,-1.030198,BOL,COL,2710
633276,32,49,911,2014,2050274.0,32082974.0,0.218223,0.556921,BRA,COL,2710
633277,33,49,911,2014,2544.0,153386.0,0.44968400000000003,-0.15268900000000002,BRB,COL,2710
633278,39,49,911,2014,8539287.0,5909053.0,0.671395,1.024683,CAN,COL,2710
633279,41,49,911,2014,120544.0,0.0,2.2000919999999997,0.65398,CHE,COL,2710
633280,42,49,911,2014,1477034.0,8794698.0,-0.344671,-0.43380799999999997,CHL,COL,2710
633281,43,49,911,2014,402153.0,31294110.0,1.187557,1.222085,CHN,COL,2710
633282,52,49,911,2014,0.0,2587498.0,0.065938,-0.687971,CRI,COL,2710
633283,54,49,911,2014,0.0,2832454.0,-0.476786,-0.952291,CUB,COL,2710
633284,55,49,911,2014,2302481.0,261747712.0,-0.00902,-0.683643,CUW,COL,2710
633285,59,49,911,2014,12789.0,0.0,1.8105830000000003,0.131131,CZE,COL,2710
633286,61,49,911,2014,2044396.0,28335306.0,2.052849,-2.888805,DEU,COL,2710
633287,64,49,911,2014,3477.0,0.0,1.10869,1.245193,DNK,COL,2710
633288,65,49,911,2014,72485.0,11403405.0,-0.180845,0.508512,DOM,COL,2710
633289,66,49,911,2014,10785577.0,0.0,-1.5554649999999999,-1.1657030000000002,DZA,COL,2710
633290,67,49,911,2014,6147832.0,13263510.0,-1.066865,-1.052921,ECU,COL,2710
633291,71,49,911,2014,21656736.0,82621736.0,0.842147,2.45692,ESP,COL,2710
633292,74,49,911,2014,876.0,0.0,1.626355,1.002923,FIN,COL,2710
633293,77,49,911,2014,6115156.0,19023758.0,1.4817790000000002,0.30995,FRA,COL,2710
633294,81,49,911,2014,850244.0,4147303.0,1.697964,0.585372,GBR,COL,2710
633295,90,49,911,2014,986.0,0.0,0.149337,0.8560540000000001,GRC,COL,2710
633296,93,49,911,2014,1924.0,12481393.0,-0.36547199999999996,0.548894,GTM,COL,2710
633297,97,49,911,2014,13683.0,26310.0,0.812132,1.722493,HKG,COL,2710
633298,99,49,911,2014,0.0,14884061.0,-0.467004,0.045511,HND,COL,2710
633299,102,49,911,2014,988.0,0.0,1.477093,0.812869,HUN,COL,2710
633300,104,49,911,2014,1282930.0,58375.0,0.262042,2.6305080000000003,IND,COL,2710
633301,106,49,911,2014,2933.0,0.0,1.2658399999999999,0.278546,IRL,COL,2710
633302,108,49,911,2014,0.0,2011.0,-2.9169,-0.882023,IRQ,COL,2710
633303,110,49,911,2014,53315.0,0.0,1.211141,0.64523,ISR,COL,2710
633304,111,49,911,2014,913777.0,0.0,1.340136,0.43931099999999995,ITA,COL,2710
633305,112,49,911,2014,0.0,204242.0,-0.42745299999999997,-0.7750130000000001,JAM,COL,2710
633306,114,49,911,2014,55911.0,1292890.0,2.403165,-0.635024,JPN,COL,2710
633307,121,49,911,2014,3360798.0,1246.0,1.817145,0.8394530000000001,KOR,COL,2710
633308,122,49,911,2014,0.0,5009.0,-0.769616,-1.10667,KWT,COL,2710
633309,124,49,911,2014,0.0,144871.0,0.308677,1.7564490000000001,LBN,COL,2710
633310,125,49,911,2014,8612.0,0.0,-1.016828,-1.107983,LBR,COL,2710
633311,138,49,911,2014,112207400.0,13873001.0,1.0799729999999998,0.697554,MEX,COL,2710
633312,142,49,911,2014,1258106.0,0.0,0.817013,0.0016309999999999999,MLT,COL,2710
633313,153,49,911,2014,0.0,29373196.0,1.018138,0.774649,MYS,COL,2710
633314,159,49,911,2014,0.0,1593.0,-1.2126430000000001,-1.059697,NGA,COL,2710
633315,160,49,911,2014,0.0,1033.0,-0.938269,-0.839066,NIC,COL,2710
633316,162,49,911,2014,1878018.0,50081764.0,1.179325,1.355071,NLD,COL,2710
633317,163,49,911,2014,0.0,30376.0,0.9187049999999999,0.182685,NOR,COL,2710
633318,169,49,911,2014,897532.0,186933776.0,0.771742,0.9873190000000001,PAN,COL,2710
633319,173,49,911,2014,312414304.0,19648352.0,-0.557833,0.611826,PER,COL,2710
633320,179,49,911,2014,6941.0,0.0,0.621053,2.349644,PRT,COL,2710
633321,180,49,911,2014,0.0,3698402.0,-0.608509,-0.930679,PRY,COL,2710
633322,186,49,911,2014,3618884.0,6060.0,0.229422,-0.214856,RUS,COL,2710
633323,192,49,911,2014,389759.0,222466112.0,1.867492,0.626736,SGP,COL,2710
633324,197,49,911,2014,0.0,6830140.0,0.08653999999999999,0.29088600000000003,SLV,COL,2710
633325,205,49,911,2014,0.0,61192.0,-0.6333989999999999,-0.857643,SUR,COL,2710
633326,207,49,911,2014,37013.0,0.0,1.6558669999999998,0.6814399999999999,SVN,COL,2710
633327,208,49,911,2014,312424.0,106006.0,1.817752,0.558474,SWE,COL,2710
633328,216,49,911,2014,24525.0,0.0,0.977094,1.41283,THA,COL,2710
633329,222,49,911,2014,154711280.0,252866.0,-0.57362,-1.117545,TTO,COL,2710
633330,224,49,911,2014,549711.0,35099.0,0.554761,2.385693,TUR,COL,2710
633331,228,49,911,2014,2271.0,0.0,0.566535,0.832267,UKR,COL,2710
633332,230,49,911,2014,301014.0,266095.0,0.154034,-0.380899,URY,COL,2710
633333,231,49,911,2014,5957859328.0,887026240.0,1.61227,0.068905,USA,COL,2710
633334,236,49,911,2014,47156088.0,7617411.0,-0.582086,-1.081727,VEN,COL,2710
633335,239,49,911,2014,65176.0,0.0,-0.023765,1.344416,VNM,COL,2710
633336,246,49,911,2014,267802.0,0.0,0.282927,1.723214,ZAF,COL,2710
633337,249,49,911,2014,100474.0,0.0,1.9044189999999999,1.0595139999999998,TWN,COL,2710
633338,250,49,911,2014,0.0,127397512.0,0.506842,0.049545,ANS,COL,2710
633339,4,52,911,2014,0.0,24266.0,-0.476024,-0.33978400000000003,ALB,CRI,2710
633340,15,52,911,2014,7683.0,0.0,1.7116790000000002,-0.140232,AUT,CRI,2710
633341,18,52,911,2014,296176.0,0.0,1.234156,1.226441,BEL,CRI,2710
633342,32,52,911,2014,13548.0,0.0,0.218223,0.556921,BRA,CRI,2710
633343,39,52,911,2014,1717741.0,0.0,0.671395,1.024683,CAN,CRI,2710
633344,41,52,911,2014,21607.0,0.0,2.2000919999999997,0.65398,CHE,CRI,2710
633345,43,52,911,2014,10214.0,0.0,1.187557,1.222085,CHN,CRI,2710
633346,49,52,911,2014,2587498.0,0.0,0.19864500000000002,-0.378364,COL,CRI,2710
633347,59,52,911,2014,1709.0,0.0,1.8105830000000003,0.131131,CZE,CRI,2710
633348,61,52,911,2014,386366.0,0.0,2.052849,-2.888805,DEU,CRI,2710
633349,65,52,911,2014,18222.0,132825.0,-0.180845,0.508512,DOM,CRI,2710
633350,71,52,911,2014,2365750.0,1759.0,0.842147,2.45692,ESP,CRI,2710
633351,77,52,911,2014,458167.0,0.0,1.4817790000000002,0.30995,FRA,CRI,2710
633352,81,52,911,2014,31619.0,0.0,1.697964,0.585372,GBR,CRI,2710
633353,93,52,911,2014,7268342.0,153742.0,-0.36547199999999996,0.548894,GTM,CRI,2710
633354,97,52,911,2014,31309.0,0.0,0.812132,1.722493,HKG,CRI,2710
633355,99,52,911,2014,119227.0,66334.0,-0.467004,0.045511,HND,CRI,2710
633356,104,52,911,2014,250850.0,0.0,0.262042,2.6305080000000003,IND,CRI,2710
633357,106,52,911,2014,0.0,3711.0,1.2658399999999999,0.278546,IRL,CRI,2710
633358,110,52,911,2014,6193.0,0.0,1.211141,0.64523,ISR,CRI,2710
633359,111,52,911,2014,238480.0,0.0,1.340136,0.43931099999999995,ITA,CRI,2710
633360,114,52,911,2014,16103.0,0.0,2.403165,-0.635024,JPN,CRI,2710
633361,121,52,911,2014,4932.0,0.0,1.817145,0.8394530000000001,KOR,CRI,2710
633362,138,52,911,2014,4215995.0,3836.0,1.0799729999999998,0.697554,MEX,CRI,2710
633363,153,52,911,2014,1404.0,0.0,1.018138,0.774649,MYS,CRI,2710
633364,160,52,911,2014,6270080.0,202903.0,-0.938269,-0.839066,NIC,CRI,2710
633365,162,52,911,2014,99678.0,0.0,1.179325,1.355071,NLD,CRI,2710
633366,169,52,911,2014,91587496.0,1359086.0,0.771742,0.9873190000000001,PAN,CRI,2710
633367,173,52,911,2014,11811406.0,0.0,-0.557833,0.611826,PER,CRI,2710
633368,179,52,911,2014,111110.0,0.0,0.621053,2.349644,PRT,CRI,2710
633369,186,52,911,2014,58422684.0,0.0,0.229422,-0.214856,RUS,CRI,2710
633370,197,52,911,2014,2156150.0,3578.0,0.08653999999999999,0.29088600000000003,SLV,CRI,2710
633371,208,52,911,2014,41629.0,0.0,1.817752,0.558474,SWE,CRI,2710
633372,216,52,911,2014,102804.0,0.0,0.977094,1.41283,THA,CRI,2710
633373,231,52,911,2014,1808161792.0,12442.0,1.61227,0.068905,USA,CRI,2710
633374,249,52,911,2014,19062.0,26099.0,1.9044189999999999,1.0595139999999998,TWN,CRI,2710
633375,250,52,911,2014,99087.0,59076.0,0.506842,0.049545,ANS,CRI,2710
633376,0,55,911,2014,5585.0,103499.0,0.779539,-0.32255700000000004,ABW,CUW,2710
633377,8,55,911,2014,0.0,5900928.0,0.10691500000000001,0.44860600000000006,ARG,CUW,2710
633378,13,55,911,2014,156848.0,13614.0,0.169764,-0.621576,ATG,CUW,2710
633379,14,55,911,2014,0.0,51688.0,-0.398273,-0.17128,AUS,CUW,2710
633380,18,55,911,2014,12331820.0,16304243.0,1.234156,1.226441,BEL,CUW,2710
633381,29,55,911,2014,0.0,104529416.0,-0.324446,-0.552126,BLZ,CUW,2710
633382,32,55,911,2014,830907904.0,567884800.0,0.218223,0.556921,BRA,CUW,2710
633383,39,55,911,2014,0.0,5616880.0,0.671395,1.024683,CAN,CUW,2710
633384,41,55,911,2014,21274.0,0.0,2.2000919999999997,0.65398,CHE,CUW,2710
633385,42,55,911,2014,0.0,4656415.0,-0.344671,-0.43380799999999997,CHL,CUW,2710
633386,43,55,911,2014,653028.0,0.0,1.187557,1.222085,CHN,CUW,2710
633387,44,55,911,2014,7260054.0,0.0,-0.737625,-0.768728,CIV,CUW,2710
633388,49,55,911,2014,261747712.0,2302481.0,0.19864500000000002,-0.378364,COL,CUW,2710
633389,61,55,911,2014,0.0,1392600.0,2.052849,-2.888805,DEU,CUW,2710
633390,65,55,911,2014,110373.0,501556.0,-0.180845,0.508512,DOM,CUW,2710
633391,66,55,911,2014,0.0,21835980.0,-1.5554649999999999,-1.1657030000000002,DZA,CUW,2710
633392,77,55,911,2014,761562.0,0.0,1.4817790000000002,0.30995,FRA,CUW,2710
633393,81,55,911,2014,0.0,31482288.0,1.697964,0.585372,GBR,CUW,2710
633394,87,55,911,2014,0.0,3817.0,-0.905488,-0.7892819999999999,GMB,CUW,2710
633395,104,55,911,2014,511740.0,0.0,0.262042,2.6305080000000003,IND,CUW,2710
633396,112,55,911,2014,0.0,17213478.0,-0.42745299999999997,-0.7750130000000001,JAM,CUW,2710
633397,114,55,911,2014,0.0,117849.0,2.403165,-0.635024,JPN,CUW,2710
633398,121,55,911,2014,0.0,1772214.0,1.817145,0.8394530000000001,KOR,CUW,2710
633399,147,55,911,2014,0.0,219702.0,-1.1993610000000001,-1.040181,MOZ,CUW,2710
633400,153,55,911,2014,0.0,156204.0,1.018138,0.774649,MYS,CUW,2710
633401,159,55,911,2014,0.0,46964.0,-1.2126430000000001,-1.059697,NGA,CUW,2710
633402,160,55,911,2014,0.0,276921664.0,-0.938269,-0.839066,NIC,CUW,2710
633403,162,55,911,2014,3869150.0,1740156.0,1.179325,1.355071,NLD,CUW,2710
633404,163,55,911,2014,2058.0,0.0,0.9187049999999999,0.182685,NOR,CUW,2710
633405,173,55,911,2014,4600.0,617067.0,-0.557833,0.611826,PER,CUW,2710
633406,192,55,911,2014,182949120.0,44575628.0,1.867492,0.626736,SGP,CUW,2710
633407,197,55,911,2014,0.0,67028020.0,0.08653999999999999,0.29088600000000003,SLV,CUW,2710
633408,205,55,911,2014,43360.0,93821640.0,-0.6333989999999999,-0.857643,SUR,CUW,2710
633409,222,55,911,2014,4227498.0,9648.0,-0.57362,-1.117545,TTO,CUW,2710
633410,224,55,911,2014,600643.0,0.0,0.554761,2.385693,TUR,CUW,2710
633411,230,55,911,2014,4464460.0,0.0,0.154034,-0.380899,URY,CUW,2710
633412,231,55,911,2014,236004160.0,206017712.0,1.61227,0.068905,USA,CUW,2710
633413,2,58,911,2014,0.0,17924.0,-1.8184900000000002,-1.149191,AGO,CYP,2710
633414,7,58,911,2014,105689.0,33857.0,0.087775,-0.289459,ARE,CYP,2710
633415,14,58,911,2014,6265.0,0.0,-0.398273,-0.17128,AUS,CYP,2710
633416,15,58,911,2014,1559108.0,24056.0,1.7116790000000002,-0.140232,AUT,CYP,2710
633417,18,58,911,2014,48496100.0,32897.0,1.234156,1.226441,BEL,CYP,2710
633418,23,58,911,2014,1032609.0,0.0,0.579058,1.6558110000000001,BGR,CYP,2710
633419,26,58,911,2014,0.0,7704.0,0.5083300000000001,0.711704,BIH,CYP,2710
633420,28,58,911,2014,937390.0,372817.0,0.874108,0.676231,BLR,CYP,2710
633421,39,58,911,2014,2591.0,0.0,0.671395,1.024683,CAN,CYP,2710
633422,41,58,911,2014,752782.0,0.0,2.2000919999999997,0.65398,CHE,CYP,2710
633423,43,58,911,2014,67430832.0,0.0,1.187557,1.222085,CHN,CYP,2710
633424,44,58,911,2014,171154.0,0.0,-0.737625,-0.768728,CIV,CYP,2710
633425,45,58,911,2014,0.0,104585.0,-0.6723520000000001,-0.945084,CMR,CYP,2710
633426,59,58,911,2014,4615.0,0.0,1.8105830000000003,0.131131,CZE,CYP,2710
633427,61,58,911,2014,4720483.0,0.0,2.052849,-2.888805,DEU,CYP,2710
633428,64,58,911,2014,3240.0,0.0,1.10869,1.245193,DNK,CYP,2710
633429,66,58,911,2014,6886857.0,0.0,-1.5554649999999999,-1.1657030000000002,DZA,CYP,2710
633430,67,58,911,2014,0.0,330932.0,-1.066865,-1.052921,ECU,CYP,2710
633431,68,58,911,2014,31651094.0,9071961.0,-0.086866,1.7419669999999998,EGY,CYP,2710
633432,71,58,911,2014,22580492.0,0.0,0.842147,2.45692,ESP,CYP,2710
633433,72,58,911,2014,292205.0,0.0,0.9147780000000001,1.151556,EST,CYP,2710
633434,77,58,911,2014,306701632.0,46990848.0,1.4817790000000002,0.30995,FRA,CYP,2710
633435,81,58,911,2014,120312776.0,2319064.0,1.697964,0.585372,GBR,CYP,2710
633436,90,58,911,2014,455822400.0,90108.0,0.149337,0.8560540000000001,GRC,CYP,2710
633437,97,58,911,2014,24873.0,0.0,0.812132,1.722493,HKG,CYP,2710
633438,102,58,911,2014,3427302.0,0.0,1.477093,0.812869,HUN,CYP,2710
633439,104,58,911,2014,0.0,640212.0,0.262042,2.6305080000000003,IND,CYP,2710
633440,109,58,911,2014,150854.0,0.0,0.127891,-0.302014,ISL,CYP,2710
633441,110,58,911,2014,167196960.0,1277174.0,1.211141,0.64523,ISR,CYP,2710
633442,111,58,911,2014,2589461.0,4479213.0,1.340136,0.43931099999999995,ITA,CYP,2710
633443,114,58,911,2014,8170.0,0.0,2.403165,-0.635024,JPN,CYP,2710
633444,121,58,911,2014,0.0,108873320.0,1.817145,0.8394530000000001,KOR,CYP,2710
633445,122,58,911,2014,9834.0,0.0,-0.769616,-1.10667,KWT,CYP,2710
633446,124,58,911,2014,0.0,1753.0,0.308677,1.7564490000000001,LBN,CYP,2710
633447,128,58,911,2014,3838.0,0.0,-0.49366899999999997,0.338686,LKA,CYP,2710
633448,130,58,911,2014,11376.0,0.0,0.764495,1.3451540000000002,LTU,CYP,2710
633449,132,58,911,2014,5391104.0,26379.0,0.613116,1.1899790000000001,LVA,CYP,2710
633450,137,58,911,2014,0.0,3285.0,-0.43265299999999995,-0.82696,MDV,CYP,2710
633451,142,58,911,2014,7457472.0,73146.0,0.817013,0.0016309999999999999,MLT,CYP,2710
633452,147,58,911,2014,2850.0,0.0,-1.1993610000000001,-1.040181,MOZ,CYP,2710
633453,153,58,911,2014,30323.0,31941304.0,1.018138,0.774649,MYS,CYP,2710
633454,155,58,911,2014,224581.0,0.0,-0.428227,-0.5632229999999999,NAM,CYP,2710
633455,162,58,911,2014,66525200.0,856901.0,1.179325,1.355071,NLD,CYP,2710
633456,163,58,911,2014,920.0,0.0,0.9187049999999999,0.182685,NOR,CYP,2710
633457,174,58,911,2014,0.0,216740.0,0.637442,0.475883,PHL,CYP,2710
633458,177,58,911,2014,11232587.0,6124195.0,1.133102,1.177165,POL,CYP,2710
633459,179,58,911,2014,3332447.0,0.0,0.621053,2.349644,PRT,CYP,2710
633460,185,58,911,2014,128924.0,0.0,0.9112,1.188161,ROU,CYP,2710
633461,186,58,911,2014,360599488.0,0.0,0.229422,-0.214856,RUS,CYP,2710
633462,188,58,911,2014,13348.0,0.0,0.5758439999999999,-0.832692,SAU,CYP,2710
633463,192,58,911,2014,0.0,4156934.0,1.867492,0.626736,SGP,CYP,2710
633464,201,58,911,2014,43023.0,0.0,0.551635,1.211535,SRB,CYP,2710
633465,206,58,911,2014,245362.0,0.0,1.334959,0.821253,SVK,CYP,2710
633466,207,58,911,2014,8388034.0,0.0,1.6558669999999998,0.6814399999999999,SVN,CYP,2710
633467,208,58,911,2014,30553.0,9046.0,1.817752,0.558474,SWE,CYP,2710
633468,222,58,911,2014,145334.0,0.0,-0.57362,-1.117545,TTO,CYP,2710
633469,223,58,911,2014,0.0,419996.0,0.343449,1.118007,TUN,CYP,2710
633470,224,58,911,2014,204.0,0.0,0.554761,2.385693,TUR,CYP,2710
633471,226,58,911,2014,0.0,701009.0,-1.054331,0.166345,TZA,CYP,2710
633472,228,58,911,2014,198718272.0,0.0,0.566535,0.832267,UKR,CYP,2710
633473,231,58,911,2014,4836004.0,37714.0,1.61227,0.068905,USA,CYP,2710
633474,239,58,911,2014,976918.0,0.0,-0.023765,1.344416,VNM,CYP,2710
633475,246,58,911,2014,2706854.0,408576.0,0.282927,1.723214,ZAF,CYP,2710
633476,248,58,911,2014,0.0,2207613.0,-0.821369,-0.864232,ZWE,CYP,2710
633477,249,58,911,2014,838.0,0.0,1.9044189999999999,1.0595139999999998,TWN,CYP,2710
633478,250,58,911,2014,0.0,94584048.0,0.506842,0.049545,ANS,CYP,2710
633479,2,59,911,2014,0.0,9783.0,-1.8184900000000002,-1.149191,AGO,CZE,2710
633480,4,59,911,2014,0.0,32902.0,-0.476024,-0.33978400000000003,ALB,CZE,2710
633481,7,59,911,2014,0.0,13192452.0,0.087775,-0.289459,ARE,CZE,2710
633482,8,59,911,2014,0.0,3780.0,0.10691500000000001,0.44860600000000006,ARG,CZE,2710
633483,9,59,911,2014,0.0,16716.0,-0.198322,-0.5918680000000001,ARM,CZE,2710
633484,14,59,911,2014,3004.0,116073.0,-0.398273,-0.17128,AUS,CZE,2710
633485,15,59,911,2014,236497904.0,237071776.0,1.7116790000000002,-0.140232,AUT,CZE,2710
633486,16,59,911,2014,16659.0,38028.0,-0.909508,-1.165158,AZE,CZE,2710
633487,18,59,911,2014,33700764.0,1528614.0,1.234156,1.226441,BEL,CZE,2710
633488,23,59,911,2014,1075914.0,1296162.0,0.579058,1.6558110000000001,BGR,CZE,2710
633489,24,59,911,2014,0.0,18752.0,0.460168,-0.41671099999999994,BHR,CZE,2710
633490,26,59,911,2014,24305.0,322709.0,0.5083300000000001,0.711704,BIH,CZE,2710
633491,28,59,911,2014,17776862.0,889517.0,0.874108,0.676231,BLR,CZE,2710
633492,29,59,911,2014,0.0,9588.0,-0.324446,-0.552126,BLZ,CZE,2710
633493,32,59,911,2014,829.0,5423.0,0.218223,0.556921,BRA,CZE,2710
633494,39,59,911,2014,48559.0,447181.0,0.671395,1.024683,CAN,CZE,2710
633495,41,59,911,2014,3667296.0,6405488.0,2.2000919999999997,0.65398,CHE,CZE,2710
633496,42,59,911,2014,0.0,8028.0,-0.344671,-0.43380799999999997,CHL,CZE,2710
633497,43,59,911,2014,41524.0,344127.0,1.187557,1.222085,CHN,CZE,2710
633498,44,59,911,2014,0.0,883.0,-0.737625,-0.768728,CIV,CZE,2710
633499,45,59,911,2014,0.0,27199.0,-0.6723520000000001,-0.945084,CMR,CZE,2710
633500,49,59,911,2014,0.0,12789.0,0.19864500000000002,-0.378364,COL,CZE,2710
633501,52,59,911,2014,0.0,1709.0,0.065938,-0.687971,CRI,CZE,2710
633502,54,59,911,2014,0.0,1540.0,-0.476786,-0.952291,CUB,CZE,2710
633503,58,59,911,2014,0.0,4615.0,0.627467,0.483725,CYP,CZE,2710
633504,61,59,911,2014,960677824.0,394976416.0,2.052849,-2.888805,DEU,CZE,2710
633505,64,59,911,2014,89951.0,71379.0,1.10869,1.245193,DNK,CZE,2710
633506,66,59,911,2014,0.0,67337.0,-1.5554649999999999,-1.1657030000000002,DZA,CZE,2710
633507,67,59,911,2014,0.0,952.0,-1.066865,-1.052921,ECU,CZE,2710
633508,68,59,911,2014,0.0,433762.0,-0.086866,1.7419669999999998,EGY,CZE,2710
633509,71,59,911,2014,1252095.0,100303.0,0.842147,2.45692,ESP,CZE,2710
633510,72,59,911,2014,9983.0,89388.0,0.9147780000000001,1.151556,EST,CZE,2710
633511,73,59,911,2014,10157.0,2011.0,-1.296535,-1.045942,ETH,CZE,2710
633512,74,59,911,2014,133679.0,848092.0,1.626355,1.002923,FIN,CZE,2710
633513,77,59,911,2014,8626993.0,2165908.0,1.4817790000000002,0.30995,FRA,CZE,2710
633514,81,59,911,2014,6449240.0,466602.0,1.697964,0.585372,GBR,CZE,2710
633515,82,59,911,2014,0.0,839214.0,-0.254106,-0.646584,GEO,CZE,2710
633516,83,59,911,2014,0.0,1995.0,-1.130226,-0.9909379999999999,GHA,CZE,2710
633517,89,59,911,2014,0.0,1237.0,-2.043516,-0.844701,GNQ,CZE,2710
633518,90,59,911,2014,981.0,177499.0,0.149337,0.8560540000000001,GRC,CZE,2710
633519,97,59,911,2014,0.0,278262.0,0.812132,1.722493,HKG,CZE,2710
633520,100,59,911,2014,1334319.0,856602.0,0.804401,1.250807,HRV,CZE,2710
633521,102,59,911,2014,18381842.0,166212576.0,1.477093,0.812869,HUN,CZE,2710
633522,103,59,911,2014,0.0,10499.0,-0.088032,1.3966459999999998,IDN,CZE,2710
633523,104,59,911,2014,9596.0,387210.0,0.262042,2.6305080000000003,IND,CZE,2710
633524,106,59,911,2014,282393.0,10947.0,1.2658399999999999,0.278546,IRL,CZE,2710
633525,107,59,911,2014,0.0,1168.0,-0.361058,-0.312743,IRN,CZE,2710
633526,109,59,911,2014,31257.0,24747.0,0.127891,-0.302014,ISL,CZE,2710
633527,110,59,911,2014,188507.0,3166738.0,1.211141,0.64523,ISR,CZE,2710
633528,111,59,911,2014,8424950.0,3152812.0,1.340136,0.43931099999999995,ITA,CZE,2710
633529,114,59,911,2014,117252.0,204900.0,2.403165,-0.635024,JPN,CZE,2710
633530,115,59,911,2014,0.0,31670.0,-0.210431,-0.574075,KAZ,CZE,2710
633531,117,59,911,2014,38107.0,5792.0,-0.31942600000000004,-0.012454,KGZ,CZE,2710
633532,121,59,911,2014,1865765.0,7503802.0,1.817145,0.8394530000000001,KOR,CZE,2710
633533,122,59,911,2014,0.0,9100.0,-0.769616,-1.10667,KWT,CZE,2710
633534,124,59,911,2014,0.0,4628.0,0.308677,1.7564490000000001,LBN,CZE,2710
633535,128,59,911,2014,0.0,3520.0,-0.49366899999999997,0.338686,LKA,CZE,2710
633536,130,59,911,2014,2443748.0,515477.0,0.764495,1.3451540000000002,LTU,CZE,2710
633537,131,59,911,2014,2575.0,11854.0,1.243845,1.155474,LUX,CZE,2710
633538,132,59,911,2014,644665.0,575695.0,0.613116,1.1899790000000001,LVA,CZE,2710
633539,135,59,911,2014,0.0,8697.0,-0.10438199999999999,-0.093194,MDA,CZE,2710
633540,137,59,911,2014,0.0,2661.0,-0.43265299999999995,-0.82696,MDV,CZE,2710
633541,138,59,911,2014,3805.0,11154.0,1.0799729999999998,0.697554,MEX,CZE,2710
633542,140,59,911,2014,74564.0,8715.0,-0.039799,-0.05545,MKD,CZE,2710
633543,141,59,911,2014,0.0,68164.0,-1.199063,-1.05497,MLI,CZE,2710
633544,142,59,911,2014,0.0,16341.0,0.817013,0.0016309999999999999,MLT,CZE,2710
633545,144,59,911,2014,0.0,345197.0,-0.17039100000000001,-0.21762399999999998,MNE,CZE,2710
633546,153,59,911,2014,0.0,22643.0,1.018138,0.774649,MYS,CZE,2710
633547,159,59,911,2014,0.0,3017.0,-1.2126430000000001,-1.059697,NGA,CZE,2710
633548,161,59,911,2014,343819.0,0.0,1.624556,0.065342,NIU,CZE,2710
633549,162,59,911,2014,5005004.0,8364693.0,1.179325,1.355071,NLD,CZE,2710
633550,163,59,911,2014,8281.0,4590264.0,0.9187049999999999,0.182685,NOR,CZE,2710
633551,166,59,911,2014,449.0,43308.0,0.272502,0.21628699999999998,NZL,CZE,2710
633552,168,59,911,2014,0.0,1193.0,-0.672924,0.566787,PAK,CZE,2710
633553,169,59,911,2014,0.0,143863.0,0.771742,0.9873190000000001,PAN,CZE,2710
633554,174,59,911,2014,0.0,2970.0,0.637442,0.475883,PHL,CZE,2710
633555,177,59,911,2014,266246304.0,66278692.0,1.133102,1.177165,POL,CZE,2710
633556,179,59,911,2014,0.0,60652.0,0.621053,2.349644,PRT,CZE,2710
633557,183,59,911,2014,0.0,11384.0,-0.37535599999999997,-1.0196370000000001,QAT,CZE,2710
633558,185,59,911,2014,8211435.0,7949120.0,0.9112,1.188161,ROU,CZE,2710
633559,186,59,911,2014,13057162.0,2578812.0,0.229422,-0.214856,RUS,CZE,2710
633560,188,59,911,2014,0.0,251178.0,0.5758439999999999,-0.832692,SAU,CZE,2710
633561,190,59,911,2014,0.0,2962.0,-1.442381,-1.1155030000000001,SDN,CZE,2710
633562,192,59,911,2014,7602.0,35088.0,1.867492,0.626736,SGP,CZE,2710
633563,201,59,911,2014,17460570.0,1403832.0,0.551635,1.211535,SRB,CZE,2710
633564,205,59,911,2014,0.0,16941.0,-0.6333989999999999,-0.857643,SUR,CZE,2710
633565,206,59,911,2014,1004417408.0,479551232.0,1.334959,0.821253,SVK,CZE,2710
633566,207,59,911,2014,12550455.0,844448.0,1.6558669999999998,0.6814399999999999,SVN,CZE,2710
633567,208,59,911,2014,1692838.0,271772.0,1.817752,0.558474,SWE,CZE,2710
633568,212,59,911,2014,0.0,2698.0,-0.366224,0.9054719999999999,SYR,CZE,2710
633569,216,59,911,2014,1114.0,2459.0,0.977094,1.41283,THA,CZE,2710
633570,219,59,911,2014,0.0,443283.0,-1.217897,-1.184131,TKM,CZE,2710
633571,223,59,911,2014,0.0,964779.0,0.343449,1.118007,TUN,CZE,2710
633572,224,59,911,2014,47232.0,3477368.0,0.554761,2.385693,TUR,CZE,2710
633573,226,59,911,2014,0.0,1632.0,-1.054331,0.166345,TZA,CZE,2710
633574,228,59,911,2014,17715.0,3150884.0,0.566535,0.832267,UKR,CZE,2710
633575,231,59,911,2014,210925.0,422943.0,1.61227,0.068905,USA,CZE,2710
633576,232,59,911,2014,0.0,4408.0,-0.407623,-0.37150700000000003,UZB,CZE,2710
633577,237,59,911,2014,0.0,788763.0,0.484282,-0.082974,VGB,CZE,2710
633578,239,59,911,2014,0.0,110112.0,-0.023765,1.344416,VNM,CZE,2710
633579,246,59,911,2014,0.0,10431.0,0.282927,1.723214,ZAF,CZE,2710
633580,249,59,911,2014,9948.0,79106.0,1.9044189999999999,1.0595139999999998,TWN,CZE,2710
633581,250,59,911,2014,7308824.0,704518.0,0.506842,0.049545,ANS,CZE,2710
633582,0,61,911,2014,0.0,1478.0,0.779539,-0.32255700000000004,ABW,DEU,2710
633583,1,61,911,2014,0.0,479384.0,-0.924386,-0.839385,AFG,DEU,2710
633584,2,61,911,2014,19913626.0,360317.0,-1.8184900000000002,-1.149191,AGO,DEU,2710
633585,4,61,911,2014,0.0,2499641.0,-0.476024,-0.33978400000000003,ALB,DEU,2710
633586,5,61,911,2014,0.0,3019.0,0.533246,-0.41617,AND,DEU,2710
633587,7,61,911,2014,3542.0,19088890.0,0.087775,-0.289459,ARE,DEU,2710
633588,8,61,911,2014,0.0,88115616.0,0.10691500000000001,0.44860600000000006,ARG,DEU,2710
633589,9,61,911,2014,0.0,947287.0,-0.198322,-0.5918680000000001,ARM,DEU,2710
633590,13,61,911,2014,0.0,735977.0,0.169764,-0.621576,ATG,DEU,2710
633591,14,61,911,2014,185912.0,12881786.0,-0.398273,-0.17128,AUS,DEU,2710
633592,15,61,911,2014,533627008.0,3348370944.0,1.7116790000000002,-0.140232,AUT,DEU,2710
633593,16,61,911,2014,6916436.0,10783100.0,-0.909508,-1.165158,AZE,DEU,2710
633594,18,61,911,2014,5020137984.0,649751168.0,1.234156,1.226441,BEL,DEU,2710
633595,19,61,911,2014,0.0,58705.0,-0.342225,-0.618789,BEN,DEU,2710
633596,21,61,911,2014,204203.0,1161585.0,-0.922401,-0.9554379999999999,BFA,DEU,2710
633597,22,61,911,2014,0.0,1252998.0,-1.0341879999999999,-0.9614870000000001,BGD,DEU,2710
633598,23,61,911,2014,34220080.0,35340704.0,0.579058,1.6558110000000001,BGR,DEU,2710
633599,24,61,911,2014,0.0,1276098.0,0.460168,-0.41671099999999994,BHR,DEU,2710
633600,25,61,911,2014,72574.0,0.0,0.314465,-0.60458,BHS,DEU,2710
633601,26,61,911,2014,3902493.0,5686460.0,0.5083300000000001,0.711704,BIH,DEU,2710
633602,28,61,911,2014,30444240.0,24107636.0,0.874108,0.676231,BLR,DEU,2710
633603,30,61,911,2014,0.0,6256.0,1.217808,-0.16376300000000002,BMU,DEU,2710
633604,31,61,911,2014,0.0,336714.0,-1.129494,-1.030198,BOL,DEU,2710
633605,32,61,911,2014,106071.0,33538696.0,0.218223,0.556921,BRA,DEU,2710
633606,33,61,911,2014,0.0,2636.0,0.44968400000000003,-0.15268900000000002,BRB,DEU,2710
633607,34,61,911,2014,0.0,585110.0,0.191357,-0.683567,BRN,DEU,2710
633608,39,61,911,2014,8980457.0,71495848.0,0.671395,1.024683,CAN,DEU,2710
633609,41,61,911,2014,119203880.0,2650350336.0,2.2000919999999997,0.65398,CHE,DEU,2710
633610,42,61,911,2014,0.0,10652919.0,-0.344671,-0.43380799999999997,CHL,DEU,2710
633611,43,61,911,2014,236189824.0,167242048.0,1.187557,1.222085,CHN,DEU,2710
633612,44,61,911,2014,3273590.0,440957.0,-0.737625,-0.768728,CIV,DEU,2710
633613,45,61,911,2014,1476.0,321043.0,-0.6723520000000001,-0.945084,CMR,DEU,2710
633614,46,61,911,2014,0.0,23305.0,-1.6680240000000002,-1.1265129999999999,COD,DEU,2710
633615,47,61,911,2014,0.0,15332.0,-1.371624,-1.12468,COG,DEU,2710
633616,49,61,911,2014,28335306.0,2044396.0,0.19864500000000002,-0.378364,COL,DEU,2710
633617,51,61,911,2014,0.0,1021.0,-0.182368,-0.7136359999999999,CPV,DEU,2710
633618,52,61,911,2014,0.0,386366.0,0.065938,-0.687971,CRI,DEU,2710
633619,54,61,911,2014,0.0,40650.0,-0.476786,-0.952291,CUB,DEU,2710
633620,55,61,911,2014,1392600.0,0.0,-0.00902,-0.683643,CUW,DEU,2710
633621,58,61,911,2014,0.0,4720483.0,0.627467,0.483725,CYP,DEU,2710
633622,59,61,911,2014,394976416.0,960677824.0,1.8105830000000003,0.131131,CZE,DEU,2710
633623,63,61,911,2014,0.0,5104.0,0.294596,-0.310069,DMA,DEU,2710
633624,64,61,911,2014,137994064.0,222483904.0,1.10869,1.245193,DNK,DEU,2710
633625,65,61,911,2014,80972.0,197517.0,-0.180845,0.508512,DOM,DEU,2710
633626,66,61,911,2014,295467968.0,1273567.0,-1.5554649999999999,-1.1657030000000002,DZA,DEU,2710
633627,67,61,911,2014,0.0,2303830.0,-1.066865,-1.052921,ECU,DEU,2710
633628,68,61,911,2014,0.0,10191640.0,-0.086866,1.7419669999999998,EGY,DEU,2710
633629,71,61,911,2014,26175562.0,69311000.0,0.842147,2.45692,ESP,DEU,2710
633630,72,61,911,2014,915912.0,91060632.0,0.9147780000000001,1.151556,EST,DEU,2710
633631,73,61,911,2014,0.0,116753.0,-1.296535,-1.045942,ETH,DEU,2710
633632,74,61,911,2014,133590976.0,52227572.0,1.626355,1.002923,FIN,DEU,2710
633633,75,61,911,2014,0.0,3369.0,-0.306346,-0.07688500000000001,FJI,DEU,2710
633634,77,61,911,2014,607768640.0,1250712448.0,1.4817790000000002,0.30995,FRA,DEU,2710
633635,78,61,911,2014,0.0,3975822.0,-0.703929,-0.86265,FRO,DEU,2710
633636,80,61,911,2014,7832532.0,242465.0,-1.625474,-1.135973,GAB,DEU,2710
633637,81,61,911,2014,232306976.0,484624480.0,1.697964,0.585372,GBR,DEU,2710
633638,82,61,911,2014,282232.0,8293636.0,-0.254106,-0.646584,GEO,DEU,2710
633639,83,61,911,2014,0.0,1017210.0,-1.130226,-0.9909379999999999,GHA,DEU,2710
633640,84,61,911,2014,0.0,46932904.0,0.275796,-0.720217,GIB,DEU,2710
633641,85,61,911,2014,0.0,112470.0,-1.628409,-1.202473,GIN,DEU,2710
633642,89,61,911,2014,0.0,173972.0,-2.043516,-0.844701,GNQ,DEU,2710
633643,90,61,911,2014,97710.0,50235564.0,0.149337,0.8560540000000001,GRC,DEU,2710
633644,91,61,911,2014,0.0,17044.0,-0.184151,-0.7291270000000001,GRD,DEU,2710
633645,92,61,911,2014,0.0,19509.0,-1.168495,-0.93096,GRL,DEU,2710
633646,93,61,911,2014,0.0,401040.0,-0.36547199999999996,0.548894,GTM,DEU,2710
633647,96,61,911,2014,0.0,110403.0,-1.068777,-1.038227,GUY,DEU,2710
633648,97,61,911,2014,3569.0,7686324.0,0.812132,1.722493,HKG,DEU,2710
633649,99,61,911,2014,0.0,146830.0,-0.467004,0.045511,HND,DEU,2710
633650,100,61,911,2014,32675.0,15303517.0,0.804401,1.250807,HRV,DEU,2710
633651,102,61,911,2014,112509936.0,69235048.0,1.477093,0.812869,HUN,DEU,2710
633652,103,61,911,2014,6106886.0,4666278.0,-0.088032,1.3966459999999998,IDN,DEU,2710
633653,104,61,911,2014,24874428.0,18994674.0,0.262042,2.6305080000000003,IND,DEU,2710
633654,106,61,911,2014,4094236.0,26484078.0,1.2658399999999999,0.278546,IRL,DEU,2710
633655,107,61,911,2014,0.0,3252888.0,-0.361058,-0.312743,IRN,DEU,2710
633656,108,61,911,2014,2021029.0,9638734.0,-2.9169,-0.882023,IRQ,DEU,2710
633657,109,61,911,2014,2531634.0,3011723.0,0.127891,-0.302014,ISL,DEU,2710
633658,110,61,911,2014,33297904.0,9907165.0,1.211141,0.64523,ISR,DEU,2710
633659,111,61,911,2014,118017816.0,155118624.0,1.340136,0.43931099999999995,ITA,DEU,2710
633660,112,61,911,2014,0.0,159647.0,-0.42745299999999997,-0.7750130000000001,JAM,DEU,2710
633661,113,61,911,2014,0.0,4725218.0,0.210208,0.48732299999999995,JOR,DEU,2710
633662,114,61,911,2014,8302507.0,13364136.0,2.403165,-0.635024,JPN,DEU,2710
633663,115,61,911,2014,54176704.0,29580730.0,-0.210431,-0.574075,KAZ,DEU,2710
633664,116,61,911,2014,0.0,592309.0,-0.487058,0.307288,KEN,DEU,2710
633665,117,61,911,2014,587044.0,3122062.0,-0.31942600000000004,-0.012454,KGZ,DEU,2710
633666,118,61,911,2014,0.0,358959.0,-0.84072,-0.8307040000000001,KHM,DEU,2710
633667,121,61,911,2014,12190382.0,23789952.0,1.817145,0.8394530000000001,KOR,DEU,2710
633668,122,61,911,2014,174062.0,3096902.0,-0.769616,-1.10667,KWT,DEU,2710
633669,124,61,911,2014,0.0,8859757.0,0.308677,1.7564490000000001,LBN,DEU,2710
633670,125,61,911,2014,0.0,21776.0,-1.016828,-1.107983,LBR,DEU,2710
633671,126,61,911,2014,11825397.0,5498746.0,-1.5943829999999999,-1.189961,LBY,DEU,2710
633672,127,61,911,2014,0.0,15824.0,0.29035500000000003,-0.603541,LCA,DEU,2710
633673,128,61,911,2014,496710.0,58094.0,-0.49366899999999997,0.338686,LKA,DEU,2710
633674,130,61,911,2014,22845656.0,39866328.0,0.764495,1.3451540000000002,LTU,DEU,2710
633675,131,61,911,2014,745310.0,308467200.0,1.243845,1.155474,LUX,DEU,2710
633676,132,61,911,2014,292627.0,18451402.0,0.613116,1.1899790000000001,LVA,DEU,2710
633677,133,61,911,2014,0.0,13054.0,0.704535,0.5856140000000001,MAC,DEU,2710
633678,134,61,911,2014,0.0,4426576.0,-0.574034,0.065788,MAR,DEU,2710
633679,135,61,911,2014,0.0,5415774.0,-0.10438199999999999,-0.093194,MDA,DEU,2710
633680,136,61,911,2014,0.0,90519.0,-1.002122,-0.44446,MDG,DEU,2710
633681,137,61,911,2014,0.0,48379.0,-0.43265299999999995,-0.82696,MDV,DEU,2710
633682,138,61,911,2014,10122090.0,9188774.0,1.0799729999999998,0.697554,MEX,DEU,2710
633683,140,61,911,2014,718142.0,2454645.0,-0.039799,-0.05545,MKD,DEU,2710
633684,141,61,911,2014,0.0,772870.0,-1.199063,-1.05497,MLI,DEU,2710
633685,142,61,911,2014,177718.0,6490478.0,0.817013,0.0016309999999999999,MLT,DEU,2710
633686,143,61,911,2014,0.0,139564.0,-1.5332459999999999,-1.145973,MMR,DEU,2710
633687,144,61,911,2014,0.0,267592.0,-0.17039100000000001,-0.21762399999999998,MNE,DEU,2710
633688,145,61,911,2014,0.0,1075004.0,-1.425524,-1.161949,MNG,DEU,2710
633689,147,61,911,2014,0.0,657432.0,-1.1993610000000001,-1.040181,MOZ,DEU,2710
633690,148,61,911,2014,0.0,102817.0,-1.458551,-1.225373,MRT,DEU,2710
633691,151,61,911,2014,0.0,251277.0,-0.029891,-0.12431099999999999,MUS,DEU,2710
633692,152,61,911,2014,0.0,2046.0,-0.494204,-0.751903,MWI,DEU,2710
633693,153,61,911,2014,0.0,7097476.0,1.018138,0.774649,MYS,DEU,2710
633694,155,61,911,2014,750003.0,108961.0,-0.428227,-0.5632229999999999,NAM,DEU,2710
633695,156,61,911,2014,0.0,17544.0,-0.509789,-0.767484,NCL,DEU,2710
633696,157,61,911,2014,0.0,86141.0,-0.7187,-0.80918,NER,DEU,2710
633697,159,61,911,2014,0.0,9488302.0,-1.2126430000000001,-1.059697,NGA,DEU,2710
633698,160,61,911,2014,0.0,151207.0,-0.938269,-0.839066,NIC,DEU,2710
633699,162,61,911,2014,14238123008.0,3193598208.0,1.179325,1.355071,NLD,DEU,2710
633700,163,61,911,2014,74642928.0,13841970.0,0.9187049999999999,0.182685,NOR,DEU,2710
633701,164,61,911,2014,0.0,38119.0,-0.11988199999999999,0.655883,NPL,DEU,2710
633702,166,61,911,2014,2758.0,2854414.0,0.272502,0.21628699999999998,NZL,DEU,2710
633703,167,61,911,2014,0.0,1704094.0,-0.505129,-1.0051370000000002,OMN,DEU,2710
633704,168,61,911,2014,0.0,1618879.0,-0.672924,0.566787,PAK,DEU,2710
633705,169,61,911,2014,180588.0,676946.0,0.771742,0.9873190000000001,PAN,DEU,2710
633706,173,61,911,2014,37111.0,2340868.0,-0.557833,0.611826,PER,DEU,2710
633707,174,61,911,2014,0.0,2446816.0,0.637442,0.475883,PHL,DEU,2710
633708,177,61,911,2014,360255456.0,2290019072.0,1.133102,1.177165,POL,DEU,2710
633709,178,61,911,2014,0.0,252731.0,-0.23883000000000001,-0.009727,PRK,DEU,2710
633710,179,61,911,2014,3451757.0,12824824.0,0.621053,2.349644,PRT,DEU,2710
633711,180,61,911,2014,0.0,878989.0,-0.608509,-0.930679,PRY,DEU,2710
633712,181,61,911,2014,0.0,931934.0,0.030643,0.601905,PSE,DEU,2710
633713,182,61,911,2014,0.0,6021.0,0.008831,-0.6268279999999999,PYF,DEU,2710
633714,183,61,911,2014,77756784.0,5034126.0,-0.37535599999999997,-1.0196370000000001,QAT,DEU,2710
633715,185,61,911,2014,24418704.0,49447328.0,0.9112,1.188161,ROU,DEU,2710
633716,186,61,911,2014,7220747776.0,232922896.0,0.229422,-0.214856,RUS,DEU,2710
633717,187,61,911,2014,0.0,15318.0,-0.5692659999999999,-0.447859,RWA,DEU,2710
633718,188,61,911,2014,6986356.0,13410591.0,0.5758439999999999,-0.832692,SAU,DEU,2710
633719,190,61,911,2014,0.0,64128.0,-1.442381,-1.1155030000000001,SDN,DEU,2710
633720,191,61,911,2014,3091216.0,338660.0,-0.502607,-0.08866,SEN,DEU,2710
633721,192,61,911,2014,620460.0,27073758.0,1.867492,0.626736,SGP,DEU,2710
633722,195,61,911,2014,0.0,1785.0,-0.862089,-0.9075840000000001,SLB,DEU,2710
633723,196,61,911,2014,0.0,50117.0,-0.9228569999999999,-0.791482,SLE,DEU,2710
633724,197,61,911,2014,0.0,108344.0,0.08653999999999999,0.29088600000000003,SLV,DEU,2710
633725,201,61,911,2014,7051078.0,9407454.0,0.551635,1.211535,SRB,DEU,2710
633726,202,61,911,2014,0.0,1069.0,-2.824279,-0.8767969999999999,SSD,DEU,2710
633727,205,61,911,2014,0.0,339388.0,-0.6333989999999999,-0.857643,SUR,DEU,2710
633728,206,61,911,2014,89307392.0,54856644.0,1.334959,0.821253,SVK,DEU,2710
633729,207,61,911,2014,91285608.0,23389996.0,1.6558669999999998,0.6814399999999999,SVN,DEU,2710
633730,208,61,911,2014,207237712.0,221558672.0,1.817752,0.558474,SWE,DEU,2710
633731,209,61,911,2014,0.0,1192.0,0.22972199999999998,-0.365564,SWZ,DEU,2710
633732,211,61,911,2014,0.0,3382.0,0.358111,-0.484879,SYC,DEU,2710
633733,212,61,911,2014,0.0,576084.0,-0.366224,0.9054719999999999,SYR,DEU,2710
633734,215,61,911,2014,0.0,271684.0,-0.524103,-0.537643,TGO,DEU,2710
633735,216,61,911,2014,145982.0,7341488.0,0.977094,1.41283,THA,DEU,2710
633736,217,61,911,2014,0.0,910382.0,-0.706823,-0.993756,TJK,DEU,2710
633737,219,61,911,2014,35414176.0,10960850.0,-1.217897,-1.184131,TKM,DEU,2710
633738,222,61,911,2014,135569.0,488568.0,-0.57362,-1.117545,TTO,DEU,2710
633739,223,61,911,2014,24241922.0,3716501.0,0.343449,1.118007,TUN,DEU,2710
633740,224,61,911,2014,130410072.0,54053408.0,0.554761,2.385693,TUR,DEU,2710
633741,226,61,911,2014,0.0,79005.0,-1.054331,0.166345,TZA,DEU,2710
633742,227,61,911,2014,0.0,466050.0,-0.46911800000000003,0.25446599999999997,UGA,DEU,2710
633743,228,61,911,2014,6670017.0,37814088.0,0.566535,0.832267,UKR,DEU,2710
633744,230,61,911,2014,0.0,1330393.0,0.154034,-0.380899,URY,DEU,2710
633745,231,61,911,2014,187588864.0,122526392.0,1.61227,0.068905,USA,DEU,2710
633746,232,61,911,2014,279062.0,5064568.0,-0.407623,-0.37150700000000003,UZB,DEU,2710
633747,234,61,911,2014,0.0,13894.0,0.034024,-0.522492,VCT,DEU,2710
633748,236,61,911,2014,22896640.0,519854.0,-0.582086,-1.081727,VEN,DEU,2710
633749,239,61,911,2014,25285478.0,1937151.0,-0.023765,1.344416,VNM,DEU,2710
633750,242,61,911,2014,0.0,1838.0,0.602344,-0.051224,WSM,DEU,2710
633751,243,61,911,2014,41115.0,1624043.0,-1.2829190000000001,-1.227373,YEM,DEU,2710
633752,246,61,911,2014,9142640.0,32469896.0,0.282927,1.723214,ZAF,DEU,2710
633753,247,61,911,2014,0.0,2634.0,-0.664089,-0.793452,ZMB,DEU,2710
633754,248,61,911,2014,0.0,1295.0,-0.821369,-0.864232,ZWE,DEU,2710
633755,249,61,911,2014,84882.0,19734362.0,1.9044189999999999,1.0595139999999998,TWN,DEU,2710
633756,250,61,911,2014,0.0,11799412.0,0.506842,0.049545,ANS,DEU,2710
633757,2,64,911,2014,0.0,165267.0,-1.8184900000000002,-1.149191,AGO,DNK,2710
633758,7,64,911,2014,80547024.0,56893.0,0.087775,-0.289459,ARE,DNK,2710
633759,8,64,911,2014,0.0,2634.0,0.10691500000000001,0.44860600000000006,ARG,DNK,2710
633760,9,64,911,2014,0.0,1175.0,-0.198322,-0.5918680000000001,ARM,DNK,2710
633761,14,64,911,2014,33968.0,66242.0,-0.398273,-0.17128,AUS,DNK,2710
633762,15,64,911,2014,27980.0,135847.0,1.7116790000000002,-0.140232,AUT,DNK,2710
633763,16,64,911,2014,7397251.0,10176.0,-0.909508,-1.165158,AZE,DNK,2710
633764,18,64,911,2014,43951852.0,62691348.0,1.234156,1.226441,BEL,DNK,2710
633765,19,64,911,2014,0.0,220263.0,-0.342225,-0.618789,BEN,DNK,2710
633766,23,64,911,2014,17493.0,32199.0,0.579058,1.6558110000000001,BGR,DNK,2710
633767,24,64,911,2014,15341983.0,0.0,0.460168,-0.41671099999999994,BHR,DNK,2710
633768,26,64,911,2014,8744.0,0.0,0.5083300000000001,0.711704,BIH,DNK,2710
633769,28,64,911,2014,791108.0,8903.0,0.874108,0.676231,BLR,DNK,2710
633770,32,64,911,2014,7402826.0,3601920.0,0.218223,0.556921,BRA,DNK,2710
633771,34,64,911,2014,0.0,4171.0,0.191357,-0.683567,BRN,DNK,2710
633772,39,64,911,2014,296390.0,1305446.0,0.671395,1.024683,CAN,DNK,2710
633773,41,64,911,2014,930447.0,59296.0,2.2000919999999997,0.65398,CHE,DNK,2710
633774,42,64,911,2014,0.0,26817.0,-0.344671,-0.43380799999999997,CHL,DNK,2710
633775,43,64,911,2014,9834674.0,111125.0,1.187557,1.222085,CHN,DNK,2710
633776,44,64,911,2014,18701.0,0.0,-0.737625,-0.768728,CIV,DNK,2710
633777,45,64,911,2014,0.0,4889.0,-0.6723520000000001,-0.945084,CMR,DNK,2710
633778,47,64,911,2014,20227076.0,73.0,-1.371624,-1.12468,COG,DNK,2710
633779,49,64,911,2014,0.0,3477.0,0.19864500000000002,-0.378364,COL,DNK,2710
633780,54,64,911,2014,42133004.0,0.0,-0.476786,-0.952291,CUB,DNK,2710
633781,58,64,911,2014,0.0,3240.0,0.627467,0.483725,CYP,DNK,2710
633782,59,64,911,2014,71379.0,89951.0,1.8105830000000003,0.131131,CZE,DNK,2710
633783,61,64,911,2014,222483904.0,137994064.0,2.052849,-2.888805,DEU,DNK,2710
633784,65,64,911,2014,0.0,2282646.0,-0.180845,0.508512,DOM,DNK,2710
633785,66,64,911,2014,6582044.0,798.0,-1.5554649999999999,-1.1657030000000002,DZA,DNK,2710
633786,67,64,911,2014,0.0,1004.0,-1.066865,-1.052921,ECU,DNK,2710
633787,68,64,911,2014,0.0,8438.0,-0.086866,1.7419669999999998,EGY,DNK,2710
633788,71,64,911,2014,53133.0,84213688.0,0.842147,2.45692,ESP,DNK,2710
633789,72,64,911,2014,36447240.0,16336555.0,0.9147780000000001,1.151556,EST,DNK,2710
633790,73,64,911,2014,0.0,6894.0,-1.296535,-1.045942,ETH,DNK,2710
633791,74,64,911,2014,153685056.0,181827664.0,1.626355,1.002923,FIN,DNK,2710
633792,75,64,911,2014,0.0,6126.0,-0.306346,-0.07688500000000001,FJI,DNK,2710
633793,77,64,911,2014,84350960.0,28986504.0,1.4817790000000002,0.30995,FRA,DNK,2710
633794,78,64,911,2014,113722.0,8371842.0,-0.703929,-0.86265,FRO,DNK,2710
633795,81,64,911,2014,308115520.0,225254928.0,1.697964,0.585372,GBR,DNK,2710
633796,82,64,911,2014,0.0,4056.0,-0.254106,-0.646584,GEO,DNK,2710
633797,83,64,911,2014,0.0,32544.0,-1.130226,-0.9909379999999999,GHA,DNK,2710
633798,84,64,911,2014,0.0,38450700.0,0.275796,-0.720217,GIB,DNK,2710
633799,90,64,911,2014,1276.0,16026226.0,0.149337,0.8560540000000001,GRC,DNK,2710
633800,92,64,911,2014,0.0,4666319.0,-1.168495,-0.93096,GRL,DNK,2710
633801,97,64,911,2014,58691.0,12077.0,0.812132,1.722493,HKG,DNK,2710
633802,100,64,911,2014,0.0,3466.0,0.804401,1.250807,HRV,DNK,2710
633803,102,64,911,2014,38358.0,15762.0,1.477093,0.812869,HUN,DNK,2710
633804,104,64,911,2014,9133448.0,67862.0,0.262042,2.6305080000000003,IND,DNK,2710
633805,106,64,911,2014,1176649.0,1044871.0,1.2658399999999999,0.278546,IRL,DNK,2710
633806,109,64,911,2014,8895173.0,4238004.0,0.127891,-0.302014,ISL,DNK,2710
633807,110,64,911,2014,0.0,17107.0,1.211141,0.64523,ISR,DNK,2710
633808,111,64,911,2014,99063016.0,103460.0,1.340136,0.43931099999999995,ITA,DNK,2710
633809,113,64,911,2014,0.0,37734740.0,0.210208,0.48732299999999995,JOR,DNK,2710
633810,114,64,911,2014,3772.0,39702.0,2.403165,-0.635024,JPN,DNK,2710
633811,115,64,911,2014,0.0,2089.0,-0.210431,-0.574075,KAZ,DNK,2710
633812,121,64,911,2014,5730148.0,7800544.0,1.817145,0.8394530000000001,KOR,DNK,2710
633813,122,64,911,2014,44465804.0,0.0,-0.769616,-1.10667,KWT,DNK,2710
633814,124,64,911,2014,0.0,13835663.0,0.308677,1.7564490000000001,LBN,DNK,2710
633815,128,64,911,2014,158041.0,0.0,-0.49366899999999997,0.338686,LKA,DNK,2710
633816,130,64,911,2014,4474862.0,15372291.0,0.764495,1.3451540000000002,LTU,DNK,2710
633817,131,64,911,2014,2552.0,1869.0,1.243845,1.155474,LUX,DNK,2710
633818,132,64,911,2014,6488895.0,244978.0,0.613116,1.1899790000000001,LVA,DNK,2710
633819,134,64,911,2014,0.0,148112.0,-0.574034,0.065788,MAR,DNK,2710
633820,135,64,911,2014,0.0,3442.0,-0.10438199999999999,-0.093194,MDA,DNK,2710
633821,137,64,911,2014,0.0,5814.0,-0.43265299999999995,-0.82696,MDV,DNK,2710
633822,138,64,911,2014,0.0,1633.0,1.0799729999999998,0.697554,MEX,DNK,2710
633823,140,64,911,2014,0.0,4138.0,-0.039799,-0.05545,MKD,DNK,2710
633824,142,64,911,2014,0.0,5041.0,0.817013,0.0016309999999999999,MLT,DNK,2710
633825,143,64,911,2014,0.0,41491.0,-1.5332459999999999,-1.145973,MMR,DNK,2710
633826,144,64,911,2014,0.0,813.0,-0.17039100000000001,-0.21762399999999998,MNE,DNK,2710
633827,151,64,911,2014,0.0,2422.0,-0.029891,-0.12431099999999999,MUS,DNK,2710
633828,152,64,911,2014,0.0,13884.0,-0.494204,-0.751903,MWI,DNK,2710
633829,153,64,911,2014,0.0,1861820.0,1.018138,0.774649,MYS,DNK,2710
633830,155,64,911,2014,1508718.0,6488537.0,-0.428227,-0.5632229999999999,NAM,DNK,2710
633831,156,64,911,2014,0.0,1297.0,-0.509789,-0.767484,NCL,DNK,2710
633832,159,64,911,2014,0.0,38234.0,-1.2126430000000001,-1.059697,NGA,DNK,2710
633833,162,64,911,2014,298875904.0,447073760.0,1.179325,1.355071,NLD,DNK,2710
633834,163,64,911,2014,700088320.0,662048640.0,0.9187049999999999,0.182685,NOR,DNK,2710
633835,166,64,911,2014,0.0,50678.0,0.272502,0.21628699999999998,NZL,DNK,2710
633836,167,64,911,2014,23023680.0,0.0,-0.505129,-1.0051370000000002,OMN,DNK,2710
633837,168,64,911,2014,0.0,1852.0,-0.672924,0.566787,PAK,DNK,2710
633838,169,64,911,2014,0.0,14946.0,0.771742,0.9873190000000001,PAN,DNK,2710
633839,173,64,911,2014,0.0,32783.0,-0.557833,0.611826,PER,DNK,2710
633840,174,64,911,2014,0.0,27311.0,0.637442,0.475883,PHL,DNK,2710
633841,177,64,911,2014,157300704.0,40083736.0,1.133102,1.177165,POL,DNK,2710
633842,179,64,911,2014,10950678.0,52519564.0,0.621053,2.349644,PRT,DNK,2710
633843,183,64,911,2014,384062816.0,29823.0,-0.37535599999999997,-1.0196370000000001,QAT,DNK,2710
633844,185,64,911,2014,0.0,36449.0,0.9112,1.188161,ROU,DNK,2710
633845,186,64,911,2014,557555904.0,118190.0,0.229422,-0.214856,RUS,DNK,2710
633846,188,64,911,2014,30552034.0,14135.0,0.5758439999999999,-0.832692,SAU,DNK,2710
633847,190,64,911,2014,0.0,1331.0,-1.442381,-1.1155030000000001,SDN,DNK,2710
633848,192,64,911,2014,2586.0,25702738.0,1.867492,0.626736,SGP,DNK,2710
633849,197,64,911,2014,0.0,8028.0,0.08653999999999999,0.29088600000000003,SLV,DNK,2710
633850,201,64,911,2014,0.0,6434.0,0.551635,1.211535,SRB,DNK,2710
633851,206,64,911,2014,17637.0,14211.0,1.334959,0.821253,SVK,DNK,2710
633852,207,64,911,2014,5579.0,2634.0,1.6558669999999998,0.6814399999999999,SVN,DNK,2710
633853,208,64,911,2014,799763648.0,1272394624.0,1.817752,0.558474,SWE,DNK,2710
633854,216,64,911,2014,0.0,6137715.0,0.977094,1.41283,THA,DNK,2710
633855,223,64,911,2014,0.0,3848.0,0.343449,1.118007,TUN,DNK,2710
633856,224,64,911,2014,23659796.0,41915.0,0.554761,2.385693,TUR,DNK,2710
633857,226,64,911,2014,0.0,1643879.0,-1.054331,0.166345,TZA,DNK,2710
633858,228,64,911,2014,2585.0,47663.0,0.566535,0.832267,UKR,DNK,2710
633859,230,64,911,2014,0.0,11771.0,0.154034,-0.380899,URY,DNK,2710
633860,231,64,911,2014,5152228.0,62626016.0,1.61227,0.068905,USA,DNK,2710
633861,239,64,911,2014,1353484.0,18453.0,-0.023765,1.344416,VNM,DNK,2710
633862,243,64,911,2014,0.0,1610.0,-1.2829190000000001,-1.227373,YEM,DNK,2710
633863,246,64,911,2014,359242.0,67315.0,0.282927,1.723214,ZAF,DNK,2710
633864,249,64,911,2014,7459.0,3895.0,1.9044189999999999,1.0595139999999998,TWN,DNK,2710
633865,250,64,911,2014,0.0,39095500.0,0.506842,0.049545,ANS,DNK,2710
633866,0,65,911,2014,24653618.0,31141.0,0.779539,-0.32255700000000004,ABW,DOM,2710
633867,13,65,911,2014,3182064.0,24809.0,0.169764,-0.621576,ATG,DOM,2710
633868,15,65,911,2014,1005.0,0.0,1.7116790000000002,-0.140232,AUT,DOM,2710
633869,18,65,911,2014,321471.0,1792.0,1.234156,1.226441,BEL,DOM,2710
633870,25,65,911,2014,156307264.0,29929.0,0.314465,-0.60458,BHS,DOM,2710
633871,32,65,911,2014,2225493.0,166800.0,0.218223,0.556921,BRA,DOM,2710
633872,33,65,911,2014,0.0,255326.0,0.44968400000000003,-0.15268900000000002,BRB,DOM,2710
633873,39,65,911,2014,306217.0,0.0,0.671395,1.024683,CAN,DOM,2710
633874,41,65,911,2014,13881.0,0.0,2.2000919999999997,0.65398,CHE,DOM,2710
633875,43,65,911,2014,175252.0,0.0,1.187557,1.222085,CHN,DOM,2710
633876,49,65,911,2014,11403405.0,72485.0,0.19864500000000002,-0.378364,COL,DOM,2710
633877,52,65,911,2014,132825.0,18222.0,0.065938,-0.687971,CRI,DOM,2710
633878,55,65,911,2014,501556.0,110373.0,-0.00902,-0.683643,CUW,DOM,2710
633879,61,65,911,2014,197517.0,80972.0,2.052849,-2.888805,DEU,DOM,2710
633880,63,65,911,2014,0.0,55341.0,0.294596,-0.310069,DMA,DOM,2710
633881,64,65,911,2014,2282646.0,0.0,1.10869,1.245193,DNK,DOM,2710
633882,67,65,911,2014,9127.0,0.0,-1.066865,-1.052921,ECU,DOM,2710
633883,71,65,911,2014,5874335.0,0.0,0.842147,2.45692,ESP,DOM,2710
633884,72,65,911,2014,4748.0,0.0,0.9147780000000001,1.151556,EST,DOM,2710
633885,74,65,911,2014,949.0,0.0,1.626355,1.002923,FIN,DOM,2710
633886,77,65,911,2014,579663.0,29881.0,1.4817790000000002,0.30995,FRA,DOM,2710
633887,81,65,911,2014,11370.0,0.0,1.697964,0.585372,GBR,DOM,2710
633888,90,65,911,2014,46566.0,33509.0,0.149337,0.8560540000000001,GRC,DOM,2710
633889,91,65,911,2014,0.0,209033.0,-0.184151,-0.7291270000000001,GRD,DOM,2710
633890,93,65,911,2014,47719.0,3390553.0,-0.36547199999999996,0.548894,GTM,DOM,2710
633891,96,65,911,2014,0.0,562338.0,-1.068777,-1.038227,GUY,DOM,2710
633892,101,65,911,2014,0.0,9245606.0,-1.10887,-1.032108,HTI,DOM,2710
633893,104,65,911,2014,543760.0,0.0,0.262042,2.6305080000000003,IND,DOM,2710
633894,111,65,911,2014,315652.0,0.0,1.340136,0.43931099999999995,ITA,DOM,2710
633895,112,65,911,2014,0.0,1557131.0,-0.42745299999999997,-0.7750130000000001,JAM,DOM,2710
633896,114,65,911,2014,44728.0,0.0,2.403165,-0.635024,JPN,DOM,2710
633897,121,65,911,2014,233670.0,0.0,1.817145,0.8394530000000001,KOR,DOM,2710
633898,127,65,911,2014,0.0,103009.0,0.29035500000000003,-0.603541,LCA,DOM,2710
633899,138,65,911,2014,2717233.0,5748.0,1.0799729999999998,0.697554,MEX,DOM,2710
633900,139,65,911,2014,13368746.0,0.0,-0.22505,-0.803084,MHL,DOM,2710
633901,162,65,911,2014,235025.0,0.0,1.179325,1.355071,NLD,DOM,2710
633902,169,65,911,2014,3941388.0,733032.0,0.771742,0.9873190000000001,PAN,DOM,2710
633903,173,65,911,2014,6304777.0,0.0,-0.557833,0.611826,PER,DOM,2710
633904,179,65,911,2014,63818.0,0.0,0.621053,2.349644,PRT,DOM,2710
633905,186,65,911,2014,484178.0,0.0,0.229422,-0.214856,RUS,DOM,2710
633906,197,65,911,2014,5332591.0,0.0,0.08653999999999999,0.29088600000000003,SLV,DOM,2710
633907,203,65,911,2014,0.0,1099.0,1.172431,-0.024141,STP,DOM,2710
633908,205,65,911,2014,0.0,629197.0,-0.6333989999999999,-0.857643,SUR,DOM,2710
633909,208,65,911,2014,14800.0,0.0,1.817752,0.558474,SWE,DOM,2710
633910,222,65,911,2014,93540496.0,1371794.0,-0.57362,-1.117545,TTO,DOM,2710
633911,224,65,911,2014,76492.0,11493.0,0.554761,2.385693,TUR,DOM,2710
633912,228,65,911,2014,1153.0,0.0,0.566535,0.832267,UKR,DOM,2710
633913,231,65,911,2014,1279709440.0,7596814.0,1.61227,0.068905,USA,DOM,2710
633914,234,65,911,2014,0.0,249243.0,0.034024,-0.522492,VCT,DOM,2710
633915,236,65,911,2014,357736704.0,4519.0,-0.582086,-1.081727,VEN,DOM,2710
633916,249,65,911,2014,1752.0,0.0,1.9044189999999999,1.0595139999999998,TWN,DOM,2710
633917,250,65,911,2014,91071192.0,23803218.0,0.506842,0.049545,ANS,DOM,2710
633918,7,67,911,2014,14966237.0,0.0,0.087775,-0.289459,ARE,ECU,2710
633919,8,67,911,2014,1948960.0,25788.0,0.10691500000000001,0.44860600000000006,ARG,ECU,2710
633920,14,67,911,2014,17114.0,0.0,-0.398273,-0.17128,AUS,ECU,2710
633921,15,67,911,2014,31544.0,0.0,1.7116790000000002,-0.140232,AUT,ECU,2710
633922,18,67,911,2014,47301512.0,0.0,1.234156,1.226441,BEL,ECU,2710
633923,24,67,911,2014,10715.0,0.0,0.460168,-0.41671099999999994,BHR,ECU,2710
633924,31,67,911,2014,1065306.0,306848.0,-1.129494,-1.030198,BOL,ECU,2710
633925,32,67,911,2014,858241.0,0.0,0.218223,0.556921,BRA,ECU,2710
633926,39,67,911,2014,25745022.0,0.0,0.671395,1.024683,CAN,ECU,2710
633927,41,67,911,2014,24804.0,0.0,2.2000919999999997,0.65398,CHE,ECU,2710
633928,42,67,911,2014,224622.0,32718.0,-0.344671,-0.43380799999999997,CHL,ECU,2710
633929,43,67,911,2014,23460.0,625478.0,1.187557,1.222085,CHN,ECU,2710
633930,44,67,911,2014,0.0,345879.0,-0.737625,-0.768728,CIV,ECU,2710
633931,49,67,911,2014,13263510.0,6147832.0,0.19864500000000002,-0.378364,COL,ECU,2710
633932,58,67,911,2014,330932.0,0.0,0.627467,0.483725,CYP,ECU,2710
633933,59,67,911,2014,952.0,0.0,1.8105830000000003,0.131131,CZE,ECU,2710
633934,61,67,911,2014,2303830.0,0.0,2.052849,-2.888805,DEU,ECU,2710
633935,64,67,911,2014,1004.0,0.0,1.10869,1.245193,DNK,ECU,2710
633936,65,67,911,2014,0.0,9127.0,-0.180845,0.508512,DOM,ECU,2710
633937,71,67,911,2014,248256752.0,1595.0,0.842147,2.45692,ESP,ECU,2710
633938,77,67,911,2014,252337.0,0.0,1.4817790000000002,0.30995,FRA,ECU,2710
633939,81,67,911,2014,62333828.0,0.0,1.697964,0.585372,GBR,ECU,2710
633940,93,67,911,2014,0.0,2521880.0,-0.36547199999999996,0.548894,GTM,ECU,2710
633941,97,67,911,2014,76333.0,0.0,0.812132,1.722493,HKG,ECU,2710
633942,99,67,911,2014,0.0,16688585.0,-0.467004,0.045511,HND,ECU,2710
633943,103,67,911,2014,21102.0,0.0,-0.088032,1.3966459999999998,IDN,ECU,2710
633944,104,67,911,2014,61965956.0,1874.0,0.262042,2.6305080000000003,IND,ECU,2710
633945,110,67,911,2014,9204.0,0.0,1.211141,0.64523,ISR,ECU,2710
633946,111,67,911,2014,54088.0,0.0,1.340136,0.43931099999999995,ITA,ECU,2710
633947,114,67,911,2014,30589.0,0.0,2.403165,-0.635024,JPN,ECU,2710
633948,117,67,911,2014,0.0,60679.0,-0.31942600000000004,-0.012454,KGZ,ECU,2710
633949,119,67,911,2014,0.0,1092218.0,0.708907,-0.540813,KIR,ECU,2710
633950,121,67,911,2014,3283698.0,0.0,1.817145,0.8394530000000001,KOR,ECU,2710
633951,138,67,911,2014,1726431.0,987.0,1.0799729999999998,0.697554,MEX,ECU,2710
633952,153,67,911,2014,2157.0,0.0,1.018138,0.774649,MYS,ECU,2710
633953,159,67,911,2014,0.0,30738.0,-1.2126430000000001,-1.059697,NGA,ECU,2710
633954,162,67,911,2014,108660152.0,0.0,1.179325,1.355071,NLD,ECU,2710
633955,169,67,911,2014,251589760.0,95972808.0,0.771742,0.9873190000000001,PAN,ECU,2710
633956,173,67,911,2014,45255396.0,5322932.0,-0.557833,0.611826,PER,ECU,2710
633957,177,67,911,2014,553934.0,0.0,1.133102,1.177165,POL,ECU,2710
633958,179,67,911,2014,771907.0,0.0,0.621053,2.349644,PRT,ECU,2710
633959,180,67,911,2014,0.0,29758.0,-0.608509,-0.930679,PRY,ECU,2710
633960,186,67,911,2014,68909264.0,0.0,0.229422,-0.214856,RUS,ECU,2710
633961,188,67,911,2014,93582632.0,0.0,0.5758439999999999,-0.832692,SAU,ECU,2710
633962,190,67,911,2014,0.0,63852.0,-1.442381,-1.1155030000000001,SDN,ECU,2710
633963,192,67,911,2014,87638.0,0.0,1.867492,0.626736,SGP,ECU,2710
633964,197,67,911,2014,0.0,31535026.0,0.08653999999999999,0.29088600000000003,SLV,ECU,2710
633965,208,67,911,2014,310908.0,0.0,1.817752,0.558474,SWE,ECU,2710
633966,216,67,911,2014,2427.0,0.0,0.977094,1.41283,THA,ECU,2710
633967,222,67,911,2014,3289.0,0.0,-0.57362,-1.117545,TTO,ECU,2710
633968,224,67,911,2014,146235.0,0.0,0.554761,2.385693,TUR,ECU,2710
633969,228,67,911,2014,7478.0,0.0,0.566535,0.832267,UKR,ECU,2710
633970,231,67,911,2014,3669811968.0,90191632.0,1.61227,0.068905,USA,ECU,2710
633971,236,67,911,2014,50869.0,0.0,-0.582086,-1.081727,VEN,ECU,2710
633972,246,67,911,2014,8882.0,0.0,0.282927,1.723214,ZAF,ECU,2710
633973,249,67,911,2014,422636.0,0.0,1.9044189999999999,1.0595139999999998,TWN,ECU,2710
633974,250,67,911,2014,0.0,2394717.0,0.506842,0.049545,ANS,ECU,2710
633975,1,71,911,2014,0.0,2088448.0,-0.924386,-0.839385,AFG,ESP,2710
633976,2,71,911,2014,0.0,3129389.0,-1.8184900000000002,-1.149191,AGO,ESP,2710
633977,4,71,911,2014,0.0,32672.0,-0.476024,-0.33978400000000003,ALB,ESP,2710
633978,5,71,911,2014,63745.0,100314224.0,0.533246,-0.41617,AND,ESP,2710
633979,7,71,911,2014,57144864.0,55658348.0,0.087775,-0.289459,ARE,ESP,2710
633980,8,71,911,2014,0.0,396467.0,0.10691500000000001,0.44860600000000006,ARG,ESP,2710
633981,9,71,911,2014,0.0,4479.0,-0.198322,-0.5918680000000001,ARM,ESP,2710
633982,14,71,911,2014,40347.0,2480089.0,-0.398273,-0.17128,AUS,ESP,2710
633983,15,71,911,2014,246677.0,2854590.0,1.7116790000000002,-0.140232,AUT,ESP,2710
633984,16,71,911,2014,33719236.0,991776.0,-0.909508,-1.165158,AZE,ESP,2710
633985,18,71,911,2014,398194720.0,227445504.0,1.234156,1.226441,BEL,ESP,2710
633986,19,71,911,2014,0.0,56449.0,-0.342225,-0.618789,BEN,ESP,2710
633987,21,71,911,2014,194047.0,102384.0,-0.922401,-0.9554379999999999,BFA,ESP,2710
633988,22,71,911,2014,0.0,253109.0,-1.0341879999999999,-0.9614870000000001,BGD,ESP,2710
633989,23,71,911,2014,1540621.0,336623.0,0.579058,1.6558110000000001,BGR,ESP,2710
633990,24,71,911,2014,0.0,190912.0,0.460168,-0.41671099999999994,BHR,ESP,2710
633991,25,71,911,2014,0.0,98191792.0,0.314465,-0.60458,BHS,ESP,2710
633992,26,71,911,2014,0.0,12782.0,0.5083300000000001,0.711704,BIH,ESP,2710
633993,28,71,911,2014,265860.0,1701837.0,0.874108,0.676231,BLR,ESP,2710
633994,31,71,911,2014,8656774.0,700110.0,-1.129494,-1.030198,BOL,ESP,2710
633995,32,71,911,2014,13400.0,209875296.0,0.218223,0.556921,BRA,ESP,2710
633996,33,71,911,2014,0.0,3929.0,0.44968400000000003,-0.15268900000000002,BRB,ESP,2710
633997,38,71,911,2014,0.0,317592.0,0.695875,0.543384,CAF,ESP,2710
633998,39,71,911,2014,59966900.0,151906176.0,0.671395,1.024683,CAN,ESP,2710
633999,41,71,911,2014,3366662.0,1065084.0,2.2000919999999997,0.65398,CHE,ESP,2710
634000,42,71,911,2014,0.0,1496616.0,-0.344671,-0.43380799999999997,CHL,ESP,2710
634001,43,71,911,2014,429533.0,6008694.0,1.187557,1.222085,CHN,ESP,2710
634002,44,71,911,2014,255009.0,4402524.0,-0.737625,-0.768728,CIV,ESP,2710
634003,45,71,911,2014,2149147.0,4296042.0,-0.6723520000000001,-0.945084,CMR,ESP,2710
634004,47,71,911,2014,0.0,203631.0,-1.371624,-1.12468,COG,ESP,2710
634005,49,71,911,2014,82621736.0,21656736.0,0.19864500000000002,-0.378364,COL,ESP,2710
634006,50,71,911,2014,0.0,23083.0,-0.19200699999999998,-0.761303,COM,ESP,2710
634007,51,71,911,2014,0.0,135485.0,-0.182368,-0.7136359999999999,CPV,ESP,2710
634008,52,71,911,2014,1759.0,2365750.0,0.065938,-0.687971,CRI,ESP,2710
634009,54,71,911,2014,0.0,703298.0,-0.476786,-0.952291,CUB,ESP,2710
634010,58,71,911,2014,0.0,22580492.0,0.627467,0.483725,CYP,ESP,2710
634011,59,71,911,2014,100303.0,1252095.0,1.8105830000000003,0.131131,CZE,ESP,2710
634012,61,71,911,2014,69311000.0,26175562.0,2.052849,-2.888805,DEU,ESP,2710
634013,64,71,911,2014,84213688.0,53133.0,1.10869,1.245193,DNK,ESP,2710
634014,65,71,911,2014,0.0,5874335.0,-0.180845,0.508512,DOM,ESP,2710
634015,66,71,911,2014,696037824.0,60002848.0,-1.5554649999999999,-1.1657030000000002,DZA,ESP,2710
634016,67,71,911,2014,1595.0,248256752.0,-1.066865,-1.052921,ECU,ESP,2710
634017,68,71,911,2014,0.0,125156320.0,-0.086866,1.7419669999999998,EGY,ESP,2710
634018,69,71,911,2014,0.0,2440.0,-2.345215,-1.051413,ERI,ESP,2710
634019,70,71,911,2014,0.0,3806034.0,0.8348690000000001,-0.6148140000000001,ESH,ESP,2710
634020,72,71,911,2014,245575.0,1020.0,0.9147780000000001,1.151556,EST,ESP,2710
634021,73,71,911,2014,0.0,27763.0,-1.296535,-1.045942,ETH,ESP,2710
634022,74,71,911,2014,8072.0,724465.0,1.626355,1.002923,FIN,ESP,2710
634023,76,71,911,2014,0.0,7918210.0,-0.558974,-0.8402059999999999,FLK,ESP,2710
634024,77,71,911,2014,401266368.0,1260196352.0,1.4817790000000002,0.30995,FRA,ESP,2710
634025,80,71,911,2014,0.0,2925175.0,-1.625474,-1.135973,GAB,ESP,2710
634026,81,71,911,2014,184113152.0,324861344.0,1.697964,0.585372,GBR,ESP,2710
634027,82,71,911,2014,45814236.0,277014.0,-0.254106,-0.646584,GEO,ESP,2710
634028,83,71,911,2014,0.0,42530140.0,-1.130226,-0.9909379999999999,GHA,ESP,2710
634029,84,71,911,2014,69974008.0,1654620160.0,0.275796,-0.720217,GIB,ESP,2710
634030,85,71,911,2014,0.0,169697.0,-1.628409,-1.202473,GIN,ESP,2710
634031,87,71,911,2014,0.0,153333.0,-0.905488,-0.7892819999999999,GMB,ESP,2710
634032,88,71,911,2014,0.0,27878.0,-1.6723700000000001,-0.896442,GNB,ESP,2710
634033,89,71,911,2014,0.0,2640602.0,-2.043516,-0.844701,GNQ,ESP,2710
634034,90,71,911,2014,150636496.0,368774688.0,0.149337,0.8560540000000001,GRC,ESP,2710
634035,92,71,911,2014,0.0,23714434.0,-1.168495,-0.93096,GRL,ESP,2710
634036,93,71,911,2014,0.0,4018117.0,-0.36547199999999996,0.548894,GTM,ESP,2710
634037,97,71,911,2014,99913.0,418087.0,0.812132,1.722493,HKG,ESP,2710
634038,99,71,911,2014,0.0,153821.0,-0.467004,0.045511,HND,ESP,2710
634039,100,71,911,2014,18449.0,171662.0,0.804401,1.250807,HRV,ESP,2710
634040,102,71,911,2014,137644.0,1471348.0,1.477093,0.812869,HUN,ESP,2710
634041,103,71,911,2014,0.0,434826.0,-0.088032,1.3966459999999998,IDN,ESP,2710
634042,104,71,911,2014,28664464.0,16308938.0,0.262042,2.6305080000000003,IND,ESP,2710
634043,106,71,911,2014,1239646.0,12254821.0,1.2658399999999999,0.278546,IRL,ESP,2710
634044,107,71,911,2014,0.0,71962.0,-0.361058,-0.312743,IRN,ESP,2710
634045,108,71,911,2014,0.0,1738.0,-2.9169,-0.882023,IRQ,ESP,2710
634046,109,71,911,2014,267391.0,253969.0,0.127891,-0.302014,ISL,ESP,2710
634047,110,71,911,2014,167640704.0,32149068.0,1.211141,0.64523,ISR,ESP,2710
634048,111,71,911,2014,898594240.0,690600960.0,1.340136,0.43931099999999995,ITA,ESP,2710
634049,112,71,911,2014,0.0,1192298.0,-0.42745299999999997,-0.7750130000000001,JAM,ESP,2710
634050,113,71,911,2014,0.0,76363616.0,0.210208,0.48732299999999995,JOR,ESP,2710
634051,114,71,911,2014,316513.0,96182104.0,2.403165,-0.635024,JPN,ESP,2710
634052,115,71,911,2014,105303752.0,40022.0,-0.210431,-0.574075,KAZ,ESP,2710
634053,116,71,911,2014,0.0,1021507.0,-0.487058,0.307288,KEN,ESP,2710
634054,117,71,911,2014,52092.0,0.0,-0.31942600000000004,-0.012454,KGZ,ESP,2710
634055,121,71,911,2014,150935.0,431443104.0,1.817145,0.8394530000000001,KOR,ESP,2710
634056,122,71,911,2014,22337938.0,10275.0,-0.769616,-1.10667,KWT,ESP,2710
634057,124,71,911,2014,0.0,65041028.0,0.308677,1.7564490000000001,LBN,ESP,2710
634058,125,71,911,2014,0.0,16918.0,-1.016828,-1.107983,LBR,ESP,2710
634059,126,71,911,2014,68041064.0,221572192.0,-1.5943829999999999,-1.189961,LBY,ESP,2710
634060,128,71,911,2014,0.0,1098.0,-0.49366899999999997,0.338686,LKA,ESP,2710
634061,130,71,911,2014,687634.0,132646.0,0.764495,1.3451540000000002,LTU,ESP,2710
634062,131,71,911,2014,15946.0,3262.0,1.243845,1.155474,LUX,ESP,2710
634063,132,71,911,2014,461541.0,18449.0,0.613116,1.1899790000000001,LVA,ESP,2710
634064,133,71,911,2014,0.0,4664.0,0.704535,0.5856140000000001,MAC,ESP,2710
634065,134,71,911,2014,176534800.0,963486336.0,-0.574034,0.065788,MAR,ESP,2710
634066,135,71,911,2014,0.0,60324.0,-0.10438199999999999,-0.093194,MDA,ESP,2710
634067,136,71,911,2014,784059.0,1202.0,-1.002122,-0.44446,MDG,ESP,2710
634068,138,71,911,2014,10928.0,2492206.0,1.0799729999999998,0.697554,MEX,ESP,2710
634069,140,71,911,2014,0.0,266180.0,-0.039799,-0.05545,MKD,ESP,2710
634070,141,71,911,2014,0.0,282657.0,-1.199063,-1.05497,MLI,ESP,2710
634071,142,71,911,2014,11534.0,62415872.0,0.817013,0.0016309999999999999,MLT,ESP,2710
634072,143,71,911,2014,0.0,1000020.0,-1.5332459999999999,-1.145973,MMR,ESP,2710
634073,147,71,911,2014,0.0,37620.0,-1.1993610000000001,-1.040181,MOZ,ESP,2710
634074,148,71,911,2014,304894.0,590602.0,-1.458551,-1.225373,MRT,ESP,2710
634075,151,71,911,2014,49823.0,60242.0,-0.029891,-0.12431099999999999,MUS,ESP,2710
634076,153,71,911,2014,1409.0,6096828.0,1.018138,0.774649,MYS,ESP,2710
634077,155,71,911,2014,5789806.0,137239.0,-0.428227,-0.5632229999999999,NAM,ESP,2710
634078,156,71,911,2014,0.0,2972.0,-0.509789,-0.767484,NCL,ESP,2710
634079,159,71,911,2014,284802336.0,10474600.0,-1.2126430000000001,-1.059697,NGA,ESP,2710
634080,160,71,911,2014,0.0,2960.0,-0.938269,-0.839066,NIC,ESP,2710
634081,162,71,911,2014,546233728.0,468068768.0,1.179325,1.355071,NLD,ESP,2710
634082,163,71,911,2014,26603890.0,1713671.0,0.9187049999999999,0.182685,NOR,ESP,2710
634083,166,71,911,2014,6851.0,696836.0,0.272502,0.21628699999999998,NZL,ESP,2710
634084,167,71,911,2014,0.0,68608952.0,-0.505129,-1.0051370000000002,OMN,ESP,2710
634085,168,71,911,2014,0.0,19047.0,-0.672924,0.566787,PAK,ESP,2710
634086,169,71,911,2014,34283.0,2893154.0,0.771742,0.9873190000000001,PAN,ESP,2710
634087,173,71,911,2014,3205569.0,11592261.0,-0.557833,0.611826,PER,ESP,2710
634088,174,71,911,2014,0.0,2637735.0,0.637442,0.475883,PHL,ESP,2710
634089,177,71,911,2014,1608326.0,9081863.0,1.133102,1.177165,POL,ESP,2710
634090,179,71,911,2014,739052736.0,877790144.0,0.621053,2.349644,PRT,ESP,2710
634091,180,71,911,2014,0.0,377092.0,-0.608509,-0.930679,PRY,ESP,2710
634092,181,71,911,2014,0.0,3737.0,0.030643,0.601905,PSE,ESP,2710
634093,182,71,911,2014,0.0,645.0,0.008831,-0.6268279999999999,PYF,ESP,2710
634094,183,71,911,2014,13330534.0,10762.0,-0.37535599999999997,-1.0196370000000001,QAT,ESP,2710
634095,185,71,911,2014,50335.0,1215225.0,0.9112,1.188161,ROU,ESP,2710
634096,186,71,911,2014,2772228864.0,4821396.0,0.229422,-0.214856,RUS,ESP,2710
634097,188,71,911,2014,764021376.0,67634552.0,0.5758439999999999,-0.832692,SAU,ESP,2710
634098,190,71,911,2014,0.0,97357.0,-1.442381,-1.1155030000000001,SDN,ESP,2710
634099,191,71,911,2014,0.0,7792806.0,-0.502607,-0.08866,SEN,ESP,2710
634100,192,71,911,2014,6422671.0,312552960.0,1.867492,0.626736,SGP,ESP,2710
634101,196,71,911,2014,0.0,4169460.0,-0.9228569999999999,-0.791482,SLE,ESP,2710
634102,197,71,911,2014,10084050.0,751744.0,0.08653999999999999,0.29088600000000003,SLV,ESP,2710
634103,201,71,911,2014,5513.0,2782.0,0.551635,1.211535,SRB,ESP,2710
634104,203,71,911,2014,0.0,11612.0,1.172431,-0.024141,STP,ESP,2710
634105,206,71,911,2014,1007083.0,672049.0,1.334959,0.821253,SVK,ESP,2710
634106,207,71,911,2014,1265648.0,125234112.0,1.6558669999999998,0.6814399999999999,SVN,ESP,2710
634107,208,71,911,2014,307518752.0,202987.0,1.817752,0.558474,SWE,ESP,2710
634108,211,71,911,2014,0.0,542193.0,0.358111,-0.484879,SYC,ESP,2710
634109,212,71,911,2014,0.0,4063167.0,-0.366224,0.9054719999999999,SYR,ESP,2710
634110,214,71,911,2014,0.0,46537.0,-2.012048,-0.921558,TCD,ESP,2710
634111,215,71,911,2014,16982.0,11502991.0,-0.524103,-0.537643,TGO,ESP,2710
634112,216,71,911,2014,4395.0,312495.0,0.977094,1.41283,THA,ESP,2710
634113,222,71,911,2014,8259.0,12944362.0,-0.57362,-1.117545,TTO,ESP,2710
634114,223,71,911,2014,7640331.0,205228208.0,0.343449,1.118007,TUN,ESP,2710
634115,224,71,911,2014,229004128.0,284888800.0,0.554761,2.385693,TUR,ESP,2710
634116,226,71,911,2014,0.0,6529772.0,-1.054331,0.166345,TZA,ESP,2710
634117,227,71,911,2014,0.0,21193.0,-0.46911800000000003,0.25446599999999997,UGA,ESP,2710
634118,228,71,911,2014,106691824.0,108868.0,0.566535,0.832267,UKR,ESP,2710
634119,230,71,911,2014,0.0,1214954.0,0.154034,-0.380899,URY,ESP,2710
634120,231,71,911,2014,425776480.0,2370931456.0,1.61227,0.068905,USA,ESP,2710
634121,232,71,911,2014,0.0,2504.0,-0.407623,-0.37150700000000003,UZB,ESP,2710
634122,236,71,911,2014,13260320.0,1609899.0,-0.582086,-1.081727,VEN,ESP,2710
634123,239,71,911,2014,0.0,255985.0,-0.023765,1.344416,VNM,ESP,2710
634124,243,71,911,2014,0.0,278750.0,-1.2829190000000001,-1.227373,YEM,ESP,2710
634125,246,71,911,2014,96357.0,8641406.0,0.282927,1.723214,ZAF,ESP,2710
634126,248,71,911,2014,0.0,1267.0,-0.821369,-0.864232,ZWE,ESP,2710
634127,249,71,911,2014,16244.0,461182784.0,1.9044189999999999,1.0595139999999998,TWN,ESP,2710
634128,250,71,911,2014,662843456.0,602595648.0,0.506842,0.049545,ANS,ESP,2710
634129,1,72,911,2014,0.0,58350.0,-0.924386,-0.839385,AFG,EST,2710
634130,7,72,911,2014,0.0,295887.0,0.087775,-0.289459,ARE,EST,2710
634131,9,72,911,2014,0.0,5020.0,-0.198322,-0.5918680000000001,ARM,EST,2710
634132,14,72,911,2014,0.0,86006.0,-0.398273,-0.17128,AUS,EST,2710
634133,15,72,911,2014,936509.0,32840.0,1.7116790000000002,-0.140232,AUT,EST,2710
634134,16,72,911,2014,2779.0,180459.0,-0.909508,-1.165158,AZE,EST,2710
634135,18,72,911,2014,7984933.0,133401504.0,1.234156,1.226441,BEL,EST,2710
634136,23,72,911,2014,807636.0,10039831.0,0.579058,1.6558110000000001,BGR,EST,2710
634137,28,72,911,2014,21655620.0,638799.0,0.874108,0.676231,BLR,EST,2710
634138,32,72,911,2014,1744686.0,857463.0,0.218223,0.556921,BRA,EST,2710
634139,39,72,911,2014,14357.0,38285956.0,0.671395,1.024683,CAN,EST,2710
634140,41,72,911,2014,81365.0,8453501.0,2.2000919999999997,0.65398,CHE,EST,2710
634141,43,72,911,2014,609922.0,16520145.0,1.187557,1.222085,CHN,EST,2710
634142,44,72,911,2014,0.0,31405.0,-0.737625,-0.768728,CIV,EST,2710
634143,58,72,911,2014,0.0,292205.0,0.627467,0.483725,CYP,EST,2710
634144,59,72,911,2014,89388.0,9983.0,1.8105830000000003,0.131131,CZE,EST,2710
634145,61,72,911,2014,91060632.0,915912.0,2.052849,-2.888805,DEU,EST,2710
634146,64,72,911,2014,16336555.0,36447240.0,1.10869,1.245193,DNK,EST,2710
634147,65,72,911,2014,0.0,4748.0,-0.180845,0.508512,DOM,EST,2710
634148,66,72,911,2014,0.0,288684.0,-1.5554649999999999,-1.1657030000000002,DZA,EST,2710
634149,68,72,911,2014,5377.0,0.0,-0.086866,1.7419669999999998,EGY,EST,2710
634150,71,72,911,2014,1020.0,245575.0,0.842147,2.45692,ESP,EST,2710
634151,74,72,911,2014,501331456.0,19447496.0,1.626355,1.002923,FIN,EST,2710
634152,77,72,911,2014,471435.0,670038.0,1.4817790000000002,0.30995,FRA,EST,2710
634153,81,72,911,2014,19110666.0,14161376.0,1.697964,0.585372,GBR,EST,2710
634154,82,72,911,2014,0.0,8828.0,-0.254106,-0.646584,GEO,EST,2710
634155,90,72,911,2014,0.0,121002.0,0.149337,0.8560540000000001,GRC,EST,2710
634156,99,72,911,2014,0.0,3072.0,-0.467004,0.045511,HND,EST,2710
634157,102,72,911,2014,55295.0,0.0,1.477093,0.812869,HUN,EST,2710
634158,109,72,911,2014,1906824.0,43346.0,0.127891,-0.302014,ISL,EST,2710
634159,111,72,911,2014,458935.0,116499.0,1.340136,0.43931099999999995,ITA,EST,2710
634160,113,72,911,2014,0.0,1850.0,0.210208,0.48732299999999995,JOR,EST,2710
634161,114,72,911,2014,24450.0,0.0,2.403165,-0.635024,JPN,EST,2710
634162,115,72,911,2014,21647236.0,1662.0,-0.210431,-0.574075,KAZ,EST,2710
634163,117,72,911,2014,0.0,897.0,-0.31942600000000004,-0.012454,KGZ,EST,2710
634164,118,72,911,2014,0.0,9187.0,-0.84072,-0.8307040000000001,KHM,EST,2710
634165,121,72,911,2014,36926.0,137218864.0,1.817145,0.8394530000000001,KOR,EST,2710
634166,124,72,911,2014,0.0,111085.0,0.308677,1.7564490000000001,LBN,EST,2710
634167,125,72,911,2014,0.0,4422.0,-1.016828,-1.107983,LBR,EST,2710
634168,130,72,911,2014,341842208.0,28963246.0,0.764495,1.3451540000000002,LTU,EST,2710
634169,131,72,911,2014,1354.0,0.0,1.243845,1.155474,LUX,EST,2710
634170,132,72,911,2014,3074419.0,22767528.0,0.613116,1.1899790000000001,LVA,EST,2710
634171,134,72,911,2014,0.0,22383470.0,-0.574034,0.065788,MAR,EST,2710
634172,142,72,911,2014,0.0,13805959.0,0.817013,0.0016309999999999999,MLT,EST,2710
634173,159,72,911,2014,0.0,1840733.0,-1.2126430000000001,-1.059697,NGA,EST,2710
634174,160,72,911,2014,0.0,295126.0,-0.938269,-0.839066,NIC,EST,2710
634175,162,72,911,2014,7952463.0,72145760.0,1.179325,1.355071,NLD,EST,2710
634176,163,72,911,2014,29204718.0,23551768.0,0.9187049999999999,0.182685,NOR,EST,2710
634177,169,72,911,2014,0.0,5837.0,0.771742,0.9873190000000001,PAN,EST,2710
634178,177,72,911,2014,5092946.0,9325019.0,1.133102,1.177165,POL,EST,2710
634179,179,72,911,2014,0.0,11413.0,0.621053,2.349644,PRT,EST,2710
634180,180,72,911,2014,0.0,138359.0,-0.608509,-0.930679,PRY,EST,2710
634181,185,72,911,2014,11602.0,0.0,0.9112,1.188161,ROU,EST,2710
634182,186,72,911,2014,1942303616.0,2408894.0,0.229422,-0.214856,RUS,EST,2710
634183,192,72,911,2014,913.0,0.0,1.867492,0.626736,SGP,EST,2710
634184,206,72,911,2014,1689.0,0.0,1.334959,0.821253,SVK,EST,2710
634185,207,72,911,2014,14200.0,46621.0,1.6558669999999998,0.6814399999999999,SVN,EST,2710
634186,208,72,911,2014,10630685.0,53325748.0,1.817752,0.558474,SWE,EST,2710
634187,215,72,911,2014,0.0,19074.0,-0.524103,-0.537643,TGO,EST,2710
634188,216,72,911,2014,0.0,180139.0,0.977094,1.41283,THA,EST,2710
634189,217,72,911,2014,0.0,64212.0,-0.706823,-0.993756,TJK,EST,2710
634190,224,72,911,2014,227311.0,0.0,0.554761,2.385693,TUR,EST,2710
634191,226,72,911,2014,0.0,281297.0,-1.054331,0.166345,TZA,EST,2710
634192,228,72,911,2014,407904.0,2023990.0,0.566535,0.832267,UKR,EST,2710
634193,231,72,911,2014,71051.0,5758327.0,1.61227,0.068905,USA,EST,2710
634194,232,72,911,2014,0.0,342308.0,-0.407623,-0.37150700000000003,UZB,EST,2710
634195,234,72,911,2014,0.0,11556.0,0.034024,-0.522492,VCT,EST,2710
634196,250,72,911,2014,81182072.0,98514688.0,0.506842,0.049545,ANS,EST,2710
634197,1,74,911,2014,0.0,9740048.0,-0.924386,-0.839385,AFG,FIN,2710
634198,5,74,911,2014,0.0,7739.0,0.533246,-0.41617,AND,FIN,2710
634199,7,74,911,2014,86597.0,21142808.0,0.087775,-0.289459,ARE,FIN,2710
634200,8,74,911,2014,0.0,5025106.0,0.10691500000000001,0.44860600000000006,ARG,FIN,2710
634201,9,74,911,2014,0.0,80302.0,-0.198322,-0.5918680000000001,ARM,FIN,2710
634202,14,74,911,2014,9946.0,326363.0,-0.398273,-0.17128,AUS,FIN,2710
634203,15,74,911,2014,154211.0,31736.0,1.7116790000000002,-0.140232,AUT,FIN,2710
634204,16,74,911,2014,7003.0,22496.0,-0.909508,-1.165158,AZE,FIN,2710
634205,18,74,911,2014,50392624.0,550124992.0,1.234156,1.226441,BEL,FIN,2710
634206,19,74,911,2014,0.0,1285321.0,-0.342225,-0.618789,BEN,FIN,2710
634207,22,74,911,2014,0.0,137051.0,-1.0341879999999999,-0.9614870000000001,BGD,FIN,2710
634208,23,74,911,2014,51066.0,31116.0,0.579058,1.6558110000000001,BGR,FIN,2710
634209,25,74,911,2014,0.0,36922392.0,0.314465,-0.60458,BHS,FIN,2710
634210,28,74,911,2014,304010.0,4727735.0,0.874108,0.676231,BLR,FIN,2710
634211,32,74,911,2014,0.0,11238738.0,0.218223,0.556921,BRA,FIN,2710
634212,39,74,911,2014,226925.0,289215072.0,0.671395,1.024683,CAN,FIN,2710
634213,41,74,911,2014,7299750.0,346002.0,2.2000919999999997,0.65398,CHE,FIN,2710
634214,42,74,911,2014,0.0,30265974.0,-0.344671,-0.43380799999999997,CHL,FIN,2710
634215,43,74,911,2014,66986212.0,2769094.0,1.187557,1.222085,CHN,FIN,2710
634216,44,74,911,2014,0.0,385865.0,-0.737625,-0.768728,CIV,FIN,2710
634217,45,74,911,2014,0.0,3332.0,-0.6723520000000001,-0.945084,CMR,FIN,2710
634218,49,74,911,2014,0.0,876.0,0.19864500000000002,-0.378364,COL,FIN,2710
634219,51,74,911,2014,0.0,2479.0,-0.182368,-0.7136359999999999,CPV,FIN,2710
634220,54,74,911,2014,20314026.0,0.0,-0.476786,-0.952291,CUB,FIN,2710
634221,59,74,911,2014,848092.0,133679.0,1.8105830000000003,0.131131,CZE,FIN,2710
634222,61,74,911,2014,52227572.0,133590976.0,2.052849,-2.888805,DEU,FIN,2710
634223,64,74,911,2014,181827664.0,153685056.0,1.10869,1.245193,DNK,FIN,2710
634224,65,74,911,2014,0.0,949.0,-0.180845,0.508512,DOM,FIN,2710
634225,66,74,911,2014,0.0,43870.0,-1.5554649999999999,-1.1657030000000002,DZA,FIN,2710
634226,68,74,911,2014,1116673.0,0.0,-0.086866,1.7419669999999998,EGY,FIN,2710
634227,71,74,911,2014,724465.0,8072.0,0.842147,2.45692,ESP,FIN,2710
634228,72,74,911,2014,19447496.0,501331456.0,0.9147780000000001,1.151556,EST,FIN,2710
634229,77,74,911,2014,38529744.0,142245408.0,1.4817790000000002,0.30995,FRA,FIN,2710
634230,80,74,911,2014,0.0,1455.0,-1.625474,-1.135973,GAB,FIN,2710
634231,81,74,911,2014,19653948.0,773278144.0,1.697964,0.585372,GBR,FIN,2710
634232,82,74,911,2014,0.0,2009.0,-0.254106,-0.646584,GEO,FIN,2710
634233,90,74,911,2014,31335.0,1113.0,0.149337,0.8560540000000001,GRC,FIN,2710
634234,93,74,911,2014,0.0,17974.0,-0.36547199999999996,0.548894,GTM,FIN,2710
634235,102,74,911,2014,3270.0,17910.0,1.477093,0.812869,HUN,FIN,2710
634236,103,74,911,2014,14975.0,0.0,-0.088032,1.3966459999999998,IDN,FIN,2710
634237,104,74,911,2014,41592176.0,594154.0,0.262042,2.6305080000000003,IND,FIN,2710
634238,106,74,911,2014,0.0,11817270.0,1.2658399999999999,0.278546,IRL,FIN,2710
634239,109,74,911,2014,54515.0,4002.0,0.127891,-0.302014,ISL,FIN,2710
634240,110,74,911,2014,0.0,345592.0,1.211141,0.64523,ISR,FIN,2710
634241,111,74,911,2014,6790790.0,374073.0,1.340136,0.43931099999999995,ITA,FIN,2710
634242,114,74,911,2014,766716.0,31987.0,2.403165,-0.635024,JPN,FIN,2710
634243,115,74,911,2014,254442832.0,27172494.0,-0.210431,-0.574075,KAZ,FIN,2710
634244,117,74,911,2014,4930.0,3907.0,-0.31942600000000004,-0.012454,KGZ,FIN,2710
634245,121,74,911,2014,13107.0,170828.0,1.817145,0.8394530000000001,KOR,FIN,2710
634246,122,74,911,2014,0.0,9758.0,-0.769616,-1.10667,KWT,FIN,2710
634247,124,74,911,2014,0.0,2309.0,0.308677,1.7564490000000001,LBN,FIN,2710
634248,130,74,911,2014,13340849.0,70070320.0,0.764495,1.3451540000000002,LTU,FIN,2710
634249,131,74,911,2014,88713.0,0.0,1.243845,1.155474,LUX,FIN,2710
634250,132,74,911,2014,184340.0,541069056.0,0.613116,1.1899790000000001,LVA,FIN,2710
634251,134,74,911,2014,0.0,38185.0,-0.574034,0.065788,MAR,FIN,2710
634252,135,74,911,2014,0.0,15824.0,-0.10438199999999999,-0.093194,MDA,FIN,2710
634253,136,74,911,2014,0.0,1924.0,-1.002122,-0.44446,MDG,FIN,2710
634254,138,74,911,2014,0.0,193649200.0,1.0799729999999998,0.697554,MEX,FIN,2710
634255,140,74,911,2014,0.0,4072.0,-0.039799,-0.05545,MKD,FIN,2710
634256,143,74,911,2014,0.0,24739.0,-1.5332459999999999,-1.145973,MMR,FIN,2710
634257,145,74,911,2014,0.0,1257.0,-1.425524,-1.161949,MNG,FIN,2710
634258,147,74,911,2014,0.0,14839.0,-1.1993610000000001,-1.040181,MOZ,FIN,2710
634259,153,74,911,2014,0.0,63681.0,1.018138,0.774649,MYS,FIN,2710
634260,156,74,911,2014,0.0,721.0,-0.509789,-0.767484,NCL,FIN,2710
634261,159,74,911,2014,0.0,3743936.0,-1.2126430000000001,-1.059697,NGA,FIN,2710
634262,162,74,911,2014,639357952.0,480964640.0,1.179325,1.355071,NLD,FIN,2710
634263,163,74,911,2014,27939812.0,45991624.0,0.9187049999999999,0.182685,NOR,FIN,2710
634264,166,74,911,2014,0.0,29443.0,0.272502,0.21628699999999998,NZL,FIN,2710
634265,167,74,911,2014,0.0,1034.0,-0.505129,-1.0051370000000002,OMN,FIN,2710
634266,168,74,911,2014,0.0,4774.0,-0.672924,0.566787,PAK,FIN,2710
634267,177,74,911,2014,12443081.0,15412826.0,1.133102,1.177165,POL,FIN,2710
634268,179,74,911,2014,87878.0,2370.0,0.621053,2.349644,PRT,FIN,2710
634269,183,74,911,2014,36615004.0,8701.0,-0.37535599999999997,-1.0196370000000001,QAT,FIN,2710
634270,185,74,911,2014,409122.0,9471.0,0.9112,1.188161,ROU,FIN,2710
634271,186,74,911,2014,1233553152.0,273657792.0,0.229422,-0.214856,RUS,FIN,2710
634272,188,74,911,2014,11457455.0,2743146.0,0.5758439999999999,-0.832692,SAU,FIN,2710
634273,192,74,911,2014,1820393.0,32623.0,1.867492,0.626736,SGP,FIN,2710
634274,201,74,911,2014,3451.0,12883.0,0.551635,1.211535,SRB,FIN,2710
634275,206,74,911,2014,7760.0,15025.0,1.334959,0.821253,SVK,FIN,2710
634276,207,74,911,2014,506507.0,50386.0,1.6558669999999998,0.6814399999999999,SVN,FIN,2710
634277,208,74,911,2014,1278724736.0,2001834496.0,1.817752,0.558474,SWE,FIN,2710
634278,215,74,911,2014,0.0,208458768.0,-0.524103,-0.537643,TGO,FIN,2710
634279,216,74,911,2014,0.0,25105.0,0.977094,1.41283,THA,FIN,2710
634280,219,74,911,2014,0.0,104249.0,-1.217897,-1.184131,TKM,FIN,2710
634281,223,74,911,2014,0.0,22764.0,0.343449,1.118007,TUN,FIN,2710
634282,224,74,911,2014,5036852.0,794550.0,0.554761,2.385693,TUR,FIN,2710
634283,226,74,911,2014,0.0,600.0,-1.054331,0.166345,TZA,FIN,2710
634284,228,74,911,2014,0.0,26098768.0,0.566535,0.832267,UKR,FIN,2710
634285,230,74,911,2014,0.0,2757.0,0.154034,-0.380899,URY,FIN,2710
634286,231,74,911,2014,50244892.0,567192960.0,1.61227,0.068905,USA,FIN,2710
634287,236,74,911,2014,22804558.0,0.0,-0.582086,-1.081727,VEN,FIN,2710
634288,239,74,911,2014,0.0,18713.0,-0.023765,1.344416,VNM,FIN,2710
634289,246,74,911,2014,1840.0,18978.0,0.282927,1.723214,ZAF,FIN,2710
634290,249,74,911,2014,2899.0,0.0,1.9044189999999999,1.0595139999999998,TWN,FIN,2710
634291,250,74,911,2014,19985254.0,0.0,0.506842,0.049545,ANS,FIN,2710
634292,0,77,911,2014,4894596.0,0.0,0.779539,-0.32255700000000004,ABW,FRA,2710
634293,2,77,911,2014,0.0,32770616.0,-1.8184900000000002,-1.149191,AGO,FRA,2710
634294,4,77,911,2014,0.0,359630.0,-0.476024,-0.33978400000000003,ALB,FRA,2710
634295,5,77,911,2014,0.0,45666604.0,0.533246,-0.41617,AND,FRA,2710
634296,7,77,911,2014,546288832.0,43912012.0,0.087775,-0.289459,ARE,FRA,2710
634297,8,77,911,2014,1662.0,13875624.0,0.10691500000000001,0.44860600000000006,ARG,FRA,2710
634298,9,77,911,2014,0.0,55259.0,-0.198322,-0.5918680000000001,ARM,FRA,2710
634299,10,77,911,2014,0.0,14332.0,0.795219,-0.217498,ASM,FRA,2710
634300,12,77,911,2014,0.0,26983.0,0.8714149999999999,-0.652,ATF,FRA,2710
634301,13,77,911,2014,0.0,144950.0,0.169764,-0.621576,ATG,FRA,2710
634302,14,77,911,2014,42313.0,2939616.0,-0.398273,-0.17128,AUS,FRA,2710
634303,15,77,911,2014,1125639.0,14104214.0,1.7116790000000002,-0.140232,AUT,FRA,2710
634304,16,77,911,2014,9330149.0,331400.0,-0.909508,-1.165158,AZE,FRA,2710
634305,17,77,911,2014,0.0,1305.0,-0.242256,-0.8567879999999999,BDI,FRA,2710
634306,18,77,911,2014,2296602368.0,1802780544.0,1.234156,1.226441,BEL,FRA,2710
634307,19,77,911,2014,1320629.0,2786240.0,-0.342225,-0.618789,BEN,FRA,2710
634308,20,77,911,2014,4972451.0,0.0,-0.18363,-0.7995760000000001,BES,FRA,2710
634309,21,77,911,2014,14063263.0,3529920.0,-0.922401,-0.9554379999999999,BFA,FRA,2710
634310,22,77,911,2014,0.0,42418.0,-1.0341879999999999,-0.9614870000000001,BGD,FRA,2710
634311,23,77,911,2014,12677177.0,2332616.0,0.579058,1.6558110000000001,BGR,FRA,2710
634312,24,77,911,2014,158764544.0,270501.0,0.460168,-0.41671099999999994,BHR,FRA,2710
634313,25,77,911,2014,23219322.0,0.0,0.314465,-0.60458,BHS,FRA,2710
634314,26,77,911,2014,2195.0,678516.0,0.5083300000000001,0.711704,BIH,FRA,2710
634315,28,77,911,2014,168910816.0,800459.0,0.874108,0.676231,BLR,FRA,2710
634316,30,77,911,2014,0.0,1557.0,1.217808,-0.16376300000000002,BMU,FRA,2710
634317,31,77,911,2014,135201.0,730093.0,-1.129494,-1.030198,BOL,FRA,2710
634318,32,77,911,2014,8017886.0,21748020.0,0.218223,0.556921,BRA,FRA,2710
634319,33,77,911,2014,0.0,4592144.0,0.44968400000000003,-0.15268900000000002,BRB,FRA,2710
634320,34,77,911,2014,0.0,593.0,0.191357,-0.683567,BRN,FRA,2710
634321,38,77,911,2014,4367.0,2655.0,0.695875,0.543384,CAF,FRA,2710
634322,39,77,911,2014,177894816.0,44969108.0,0.671395,1.024683,CAN,FRA,2710
634323,41,77,911,2014,73393848.0,587591808.0,2.2000919999999997,0.65398,CHE,FRA,2710
634324,42,77,911,2014,0.0,3986974.0,-0.344671,-0.43380799999999997,CHL,FRA,2710
634325,43,77,911,2014,130358232.0,53044808.0,1.187557,1.222085,CHN,FRA,2710
634326,44,77,911,2014,19994356.0,9957259.0,-0.737625,-0.768728,CIV,FRA,2710
634327,45,77,911,2014,10335.0,13984670.0,-0.6723520000000001,-0.945084,CMR,FRA,2710
634328,46,77,911,2014,0.0,1048131.0,-1.6680240000000002,-1.1265129999999999,COD,FRA,2710
634329,47,77,911,2014,1156.0,15904650.0,-1.371624,-1.12468,COG,FRA,2710
634330,49,77,911,2014,19023758.0,6115156.0,0.19864500000000002,-0.378364,COL,FRA,2710
634331,50,77,911,2014,0.0,452473.0,-0.19200699999999998,-0.761303,COM,FRA,2710
634332,52,77,911,2014,0.0,458167.0,0.065938,-0.687971,CRI,FRA,2710
634333,54,77,911,2014,0.0,1715556.0,-0.476786,-0.952291,CUB,FRA,2710
634334,55,77,911,2014,0.0,761562.0,-0.00902,-0.683643,CUW,FRA,2710
634335,57,77,911,2014,0.0,3125.0,1.199562,-0.66969,CYM,FRA,2710
634336,58,77,911,2014,46990848.0,306701632.0,0.627467,0.483725,CYP,FRA,2710
634337,59,77,911,2014,2165908.0,8626993.0,1.8105830000000003,0.131131,CZE,FRA,2710
634338,61,77,911,2014,1250712448.0,607768640.0,2.052849,-2.888805,DEU,FRA,2710
634339,62,77,911,2014,0.0,45959.0,-0.394602,-0.74178,DJI,FRA,2710
634340,64,77,911,2014,28986504.0,84350960.0,1.10869,1.245193,DNK,FRA,2710
634341,65,77,911,2014,29881.0,579663.0,-0.180845,0.508512,DOM,FRA,2710
634342,66,77,911,2014,338937856.0,145677280.0,-1.5554649999999999,-1.1657030000000002,DZA,FRA,2710
634343,67,77,911,2014,0.0,252337.0,-1.066865,-1.052921,ECU,FRA,2710
634344,68,77,911,2014,21902138.0,11077029.0,-0.086866,1.7419669999999998,EGY,FRA,2710
634345,69,77,911,2014,0.0,26782.0,-2.345215,-1.051413,ERI,FRA,2710
634346,71,77,911,2014,1260196352.0,401266368.0,0.842147,2.45692,ESP,FRA,2710
634347,72,77,911,2014,670038.0,471435.0,0.9147780000000001,1.151556,EST,FRA,2710
634348,73,77,911,2014,0.0,237667.0,-1.296535,-1.045942,ETH,FRA,2710
634349,74,77,911,2014,142245408.0,38529744.0,1.626355,1.002923,FIN,FRA,2710
634350,80,77,911,2014,3433.0,39733484.0,-1.625474,-1.135973,GAB,FRA,2710
634351,81,77,911,2014,946486912.0,494977504.0,1.697964,0.585372,GBR,FRA,2710
634352,82,77,911,2014,0.0,525794.0,-0.254106,-0.646584,GEO,FRA,2710
634353,83,77,911,2014,0.0,4761194.0,-1.130226,-0.9909379999999999,GHA,FRA,2710
634354,84,77,911,2014,0.0,321248704.0,0.275796,-0.720217,GIB,FRA,2710
634355,85,77,911,2014,4345464.0,22506662.0,-1.628409,-1.202473,GIN,FRA,2710
634356,87,77,911,2014,8423.0,6063192.0,-0.905488,-0.7892819999999999,GMB,FRA,2710
634357,88,77,911,2014,0.0,2972.0,-1.6723700000000001,-0.896442,GNB,FRA,2710
634358,89,77,911,2014,0.0,728333.0,-2.043516,-0.844701,GNQ,FRA,2710
634359,90,77,911,2014,27818870.0,185260224.0,0.149337,0.8560540000000001,GRC,FRA,2710
634360,92,77,911,2014,0.0,4399.0,-1.168495,-0.93096,GRL,FRA,2710
634361,93,77,911,2014,0.0,942161.0,-0.36547199999999996,0.548894,GTM,FRA,2710
634362,96,77,911,2014,0.0,20253.0,-1.068777,-1.038227,GUY,FRA,2710
634363,97,77,911,2014,6768.0,2322424.0,0.812132,1.722493,HKG,FRA,2710
634364,99,77,911,2014,3136.0,738317.0,-0.467004,0.045511,HND,FRA,2710
634365,100,77,911,2014,9730.0,2447242.0,0.804401,1.250807,HRV,FRA,2710
634366,101,77,911,2014,0.0,646509.0,-1.10887,-1.032108,HTI,FRA,2710
634367,102,77,911,2014,1711980.0,7384246.0,1.477093,0.812869,HUN,FRA,2710
634368,103,77,911,2014,837629.0,1100794.0,-0.088032,1.3966459999999998,IDN,FRA,2710
634369,104,77,911,2014,775378752.0,18536754.0,0.262042,2.6305080000000003,IND,FRA,2710
634370,106,77,911,2014,13500606.0,11002120.0,1.2658399999999999,0.278546,IRL,FRA,2710
634371,107,77,911,2014,6571.0,636695.0,-0.361058,-0.312743,IRN,FRA,2710
634372,108,77,911,2014,0.0,314794.0,-2.9169,-0.882023,IRQ,FRA,2710
634373,109,77,911,2014,1411002.0,71348.0,0.127891,-0.302014,ISL,FRA,2710
634374,110,77,911,2014,283477.0,28995036.0,1.211141,0.64523,ISR,FRA,2710
634375,111,77,911,2014,864326656.0,283315776.0,1.340136,0.43931099999999995,ITA,FRA,2710
634376,112,77,911,2014,0.0,125934.0,-0.42745299999999997,-0.7750130000000001,JAM,FRA,2710
634377,113,77,911,2014,0.0,19050846.0,0.210208,0.48732299999999995,JOR,FRA,2710
634378,114,77,911,2014,3783697.0,15276506.0,2.403165,-0.635024,JPN,FRA,2710
634379,115,77,911,2014,6528724.0,4512884.0,-0.210431,-0.574075,KAZ,FRA,2710
634380,116,77,911,2014,0.0,2774281.0,-0.487058,0.307288,KEN,FRA,2710
634381,117,77,911,2014,21620.0,43835.0,-0.31942600000000004,-0.012454,KGZ,FRA,2710
634382,118,77,911,2014,0.0,10665.0,-0.84072,-0.8307040000000001,KHM,FRA,2710
634383,121,77,911,2014,110281168.0,44829316.0,1.817145,0.8394530000000001,KOR,FRA,2710
634384,122,77,911,2014,705129856.0,4085110.0,-0.769616,-1.10667,KWT,FRA,2710
634385,123,77,911,2014,0.0,24259.0,-1.054294,-0.869916,LAO,FRA,2710
634386,124,77,911,2014,0.0,561218368.0,0.308677,1.7564490000000001,LBN,FRA,2710
634387,125,77,911,2014,0.0,727795.0,-1.016828,-1.107983,LBR,FRA,2710
634388,126,77,911,2014,54446264.0,13185806.0,-1.5943829999999999,-1.189961,LBY,FRA,2710
634389,127,77,911,2014,41179.0,0.0,0.29035500000000003,-0.603541,LCA,FRA,2710
634390,128,77,911,2014,1768.0,33720.0,-0.49366899999999997,0.338686,LKA,FRA,2710
634391,130,77,911,2014,189672688.0,1285204.0,0.764495,1.3451540000000002,LTU,FRA,2710
634392,131,77,911,2014,386017.0,282373952.0,1.243845,1.155474,LUX,FRA,2710
634393,132,77,911,2014,166291280.0,862162.0,0.613116,1.1899790000000001,LVA,FRA,2710
634394,133,77,911,2014,0.0,11460.0,0.704535,0.5856140000000001,MAC,FRA,2710
634395,134,77,911,2014,40544.0,10050092.0,-0.574034,0.065788,MAR,FRA,2710
634396,135,77,911,2014,0.0,34307.0,-0.10438199999999999,-0.093194,MDA,FRA,2710
634397,136,77,911,2014,33895988.0,1828089.0,-1.002122,-0.44446,MDG,FRA,2710
634398,138,77,911,2014,47679948.0,4297592.0,1.0799729999999998,0.697554,MEX,FRA,2710
634399,139,77,911,2014,0.0,13367.0,-0.22505,-0.803084,MHL,FRA,2710
634400,140,77,911,2014,9706.0,501805.0,-0.039799,-0.05545,MKD,FRA,2710
634401,141,77,911,2014,0.0,3208521.0,-1.199063,-1.05497,MLI,FRA,2710
634402,142,77,911,2014,15962804.0,54868616.0,0.817013,0.0016309999999999999,MLT,FRA,2710
634403,143,77,911,2014,0.0,4103.0,-1.5332459999999999,-1.145973,MMR,FRA,2710
634404,144,77,911,2014,0.0,425848.0,-0.17039100000000001,-0.21762399999999998,MNE,FRA,2710
634405,145,77,911,2014,0.0,102017.0,-1.425524,-1.161949,MNG,FRA,2710
634406,147,77,911,2014,0.0,5287.0,-1.1993610000000001,-1.040181,MOZ,FRA,2710
634407,148,77,911,2014,0.0,8480318.0,-1.458551,-1.225373,MRT,FRA,2710
634408,149,77,911,2014,0.0,3761.0,0.44890399999999997,-0.46028,MSR,FRA,2710
634409,151,77,911,2014,47371.0,443304.0,-0.029891,-0.12431099999999999,MUS,FRA,2710
634410,153,77,911,2014,794416.0,1858788.0,1.018138,0.774649,MYS,FRA,2710
634411,155,77,911,2014,695188.0,26228.0,-0.428227,-0.5632229999999999,NAM,FRA,2710
634412,156,77,911,2014,3968.0,2230780.0,-0.509789,-0.767484,NCL,FRA,2710
634413,157,77,911,2014,0.0,982400.0,-0.7187,-0.80918,NER,FRA,2710
634414,159,77,911,2014,167520176.0,908881600.0,-1.2126430000000001,-1.059697,NGA,FRA,2710
634415,160,77,911,2014,0.0,2173.0,-0.938269,-0.839066,NIC,FRA,2710
634416,162,77,911,2014,3521376768.0,2452966656.0,1.179325,1.355071,NLD,FRA,2710
634417,163,77,911,2014,18944562.0,86991120.0,0.9187049999999999,0.182685,NOR,FRA,2710
634418,164,77,911,2014,0.0,2602.0,-0.11988199999999999,0.655883,NPL,FRA,2710
634419,166,77,911,2014,0.0,207531.0,0.272502,0.21628699999999998,NZL,FRA,2710
634420,167,77,911,2014,55111592.0,618475.0,-0.505129,-1.0051370000000002,OMN,FRA,2710
634421,168,77,911,2014,0.0,111047.0,-0.672924,0.566787,PAK,FRA,2710
634422,169,77,911,2014,0.0,915091.0,0.771742,0.9873190000000001,PAN,FRA,2710
634423,173,77,911,2014,14294840.0,2862272.0,-0.557833,0.611826,PER,FRA,2710
634424,174,77,911,2014,0.0,65928.0,0.637442,0.475883,PHL,FRA,2710
634425,177,77,911,2014,67588648.0,31784946.0,1.133102,1.177165,POL,FRA,2710
634426,179,77,911,2014,396366784.0,53601928.0,0.621053,2.349644,PRT,FRA,2710
634427,180,77,911,2014,0.0,19255.0,-0.608509,-0.930679,PRY,FRA,2710
634428,181,77,911,2014,0.0,23907.0,0.030643,0.601905,PSE,FRA,2710
634429,182,77,911,2014,2293.0,1184658.0,0.008831,-0.6268279999999999,PYF,FRA,2710
634430,183,77,911,2014,184889616.0,884334.0,-0.37535599999999997,-1.0196370000000001,QAT,FRA,2710
634431,185,77,911,2014,373971.0,13808840.0,0.9112,1.188161,ROU,FRA,2710
634432,186,77,911,2014,5485974016.0,22268472.0,0.229422,-0.214856,RUS,FRA,2710
634433,187,77,911,2014,5377.0,0.0,-0.5692659999999999,-0.447859,RWA,FRA,2710
634434,188,77,911,2014,695100800.0,23056078.0,0.5758439999999999,-0.832692,SAU,FRA,2710
634435,190,77,911,2014,0.0,139512.0,-1.442381,-1.1155030000000001,SDN,FRA,2710
634436,191,77,911,2014,1121.0,65664324.0,-0.502607,-0.08866,SEN,FRA,2710
634437,192,77,911,2014,609585344.0,96396928.0,1.867492,0.626736,SGP,FRA,2710
634438,196,77,911,2014,0.0,208838.0,-0.9228569999999999,-0.791482,SLE,FRA,2710
634439,197,77,911,2014,0.0,382963.0,0.08653999999999999,0.29088600000000003,SLV,FRA,2710
634440,200,77,911,2014,0.0,5605.0,0.783898,-0.540244,SPM,FRA,2710
634441,201,77,911,2014,3252.0,2320447.0,0.551635,1.211535,SRB,FRA,2710
634442,205,77,911,2014,16967752.0,13855.0,-0.6333989999999999,-0.857643,SUR,FRA,2710
634443,206,77,911,2014,397033.0,10026069.0,1.334959,0.821253,SVK,FRA,2710
634444,207,77,911,2014,1501612.0,5286436.0,1.6558669999999998,0.6814399999999999,SVN,FRA,2710
634445,208,77,911,2014,693577984.0,280922624.0,1.817752,0.558474,SWE,FRA,2710
634446,210,77,911,2014,15817.0,0.0,0.6489020000000001,-0.646605,SXM,FRA,2710
634447,211,77,911,2014,0.0,246359.0,0.358111,-0.484879,SYC,FRA,2710
634448,214,77,911,2014,4616.0,1424687.0,-2.012048,-0.921558,TCD,FRA,2710
634449,215,77,911,2014,7422030.0,655106624.0,-0.524103,-0.537643,TGO,FRA,2710
634450,216,77,911,2014,1206795.0,4035052.0,0.977094,1.41283,THA,FRA,2710
634451,219,77,911,2014,0.0,31128.0,-1.217897,-1.184131,TKM,FRA,2710
634452,222,77,911,2014,19382378.0,3017452.0,-0.57362,-1.117545,TTO,FRA,2710
634453,223,77,911,2014,533886.0,234366480.0,0.343449,1.118007,TUN,FRA,2710
634454,224,77,911,2014,17143482.0,55569432.0,0.554761,2.385693,TUR,FRA,2710
634455,226,77,911,2014,0.0,553656.0,-1.054331,0.166345,TZA,FRA,2710
634456,227,77,911,2014,0.0,460485.0,-0.46911800000000003,0.25446599999999997,UGA,FRA,2710
634457,228,77,911,2014,690819.0,3734344.0,0.566535,0.832267,UKR,FRA,2710
634458,230,77,911,2014,0.0,7436762.0,0.154034,-0.380899,URY,FRA,2710
634459,231,77,911,2014,4593076736.0,1196406784.0,1.61227,0.068905,USA,FRA,2710
634460,232,77,911,2014,0.0,382860.0,-0.407623,-0.37150700000000003,UZB,FRA,2710
634461,236,77,911,2014,30473368.0,29692214.0,-0.582086,-1.081727,VEN,FRA,2710
634462,239,77,911,2014,118463.0,1131657.0,-0.023765,1.344416,VNM,FRA,2710
634463,241,77,911,2014,0.0,4773.0,1.0165819999999999,-0.481415,WLF,FRA,2710
634464,243,77,911,2014,0.0,71888256.0,-1.2829190000000001,-1.227373,YEM,FRA,2710
634465,246,77,911,2014,630691.0,30078178.0,0.282927,1.723214,ZAF,FRA,2710
634466,247,77,911,2014,0.0,180096.0,-0.664089,-0.793452,ZMB,FRA,2710
634467,248,77,911,2014,0.0,8389455.0,-0.821369,-0.864232,ZWE,FRA,2710
634468,249,77,911,2014,2074.0,10745906.0,1.9044189999999999,1.0595139999999998,TWN,FRA,2710
634469,250,77,911,2014,239331904.0,55181384.0,0.506842,0.049545,ANS,FRA,2710
634470,0,81,911,2014,0.0,12299.0,0.779539,-0.32255700000000004,ABW,GBR,2710
634471,1,81,911,2014,0.0,181158.0,-0.924386,-0.839385,AFG,GBR,2710
634472,2,81,911,2014,0.0,1711348.0,-1.8184900000000002,-1.149191,AGO,GBR,2710
634473,4,81,911,2014,0.0,644570.0,-0.476024,-0.33978400000000003,ALB,GBR,2710
634474,7,81,911,2014,563655744.0,18184810.0,0.087775,-0.289459,ARE,GBR,2710
634475,8,81,911,2014,0.0,374106.0,0.10691500000000001,0.44860600000000006,ARG,GBR,2710
634476,9,81,911,2014,0.0,213272.0,-0.198322,-0.5918680000000001,ARM,GBR,2710
634477,13,81,911,2014,443.0,24587.0,0.169764,-0.621576,ATG,GBR,2710
634478,14,81,911,2014,107383.0,4750914.0,-0.398273,-0.17128,AUS,GBR,2710
634479,15,81,911,2014,306703.0,1774899.0,1.7116790000000002,-0.140232,AUT,GBR,2710
634480,16,81,911,2014,6201223.0,485681.0,-0.909508,-1.165158,AZE,GBR,2710
634481,18,81,911,2014,2446249984.0,2667888896.0,1.234156,1.226441,BEL,GBR,2710
634482,19,81,911,2014,209539.0,102033.0,-0.342225,-0.618789,BEN,GBR,2710
634483,21,81,911,2014,0.0,778147.0,-0.922401,-0.9554379999999999,BFA,GBR,2710
634484,22,81,911,2014,0.0,126860.0,-1.0341879999999999,-0.9614870000000001,BGD,GBR,2710
634485,23,81,911,2014,150055.0,1061706.0,0.579058,1.6558110000000001,BGR,GBR,2710
634486,24,81,911,2014,138125664.0,496390.0,0.460168,-0.41671099999999994,BHR,GBR,2710
634487,25,81,911,2014,0.0,5043.0,0.314465,-0.60458,BHS,GBR,2710
634488,26,81,911,2014,8359.0,92292.0,0.5083300000000001,0.711704,BIH,GBR,2710
634489,28,81,911,2014,13142269.0,2181043.0,0.874108,0.676231,BLR,GBR,2710
634490,29,81,911,2014,133464.0,0.0,-0.324446,-0.552126,BLZ,GBR,2710
634491,30,81,911,2014,0.0,8167.0,1.217808,-0.16376300000000002,BMU,GBR,2710
634492,31,81,911,2014,0.0,1795.0,-1.129494,-1.030198,BOL,GBR,2710
634493,32,81,911,2014,4517712.0,2935492.0,0.218223,0.556921,BRA,GBR,2710
634494,33,81,911,2014,0.0,30793.0,0.44968400000000003,-0.15268900000000002,BRB,GBR,2710
634495,34,81,911,2014,1183.0,154062.0,0.191357,-0.683567,BRN,GBR,2710
634496,37,81,911,2014,0.0,48929.0,-0.60221,-1.104578,BWA,GBR,2710
634497,39,81,911,2014,23120284.0,417412224.0,0.671395,1.024683,CAN,GBR,2710
634498,41,81,911,2014,3564667.0,1724824.0,2.2000919999999997,0.65398,CHE,GBR,2710
634499,42,81,911,2014,0.0,317246.0,-0.344671,-0.43380799999999997,CHL,GBR,2710
634500,43,81,911,2014,36495260.0,116612312.0,1.187557,1.222085,CHN,GBR,2710
634501,44,81,911,2014,28701.0,137651.0,-0.737625,-0.768728,CIV,GBR,2710
634502,45,81,911,2014,311166.0,2812407.0,-0.6723520000000001,-0.945084,CMR,GBR,2710
634503,46,81,911,2014,0.0,40870.0,-1.6680240000000002,-1.1265129999999999,COD,GBR,2710
634504,47,81,911,2014,0.0,126378.0,-1.371624,-1.12468,COG,GBR,2710
634505,49,81,911,2014,4147303.0,850244.0,0.19864500000000002,-0.378364,COL,GBR,2710
634506,51,81,911,2014,0.0,19967168.0,-0.182368,-0.7136359999999999,CPV,GBR,2710
634507,52,81,911,2014,0.0,31619.0,0.065938,-0.687971,CRI,GBR,2710
634508,54,81,911,2014,47368744.0,7135.0,-0.476786,-0.952291,CUB,GBR,2710
634509,55,81,911,2014,31482288.0,0.0,-0.00902,-0.683643,CUW,GBR,2710
634510,58,81,911,2014,2319064.0,120312776.0,0.627467,0.483725,CYP,GBR,2710
634511,59,81,911,2014,466602.0,6449240.0,1.8105830000000003,0.131131,CZE,GBR,2710
634512,61,81,911,2014,484624480.0,232306976.0,2.052849,-2.888805,DEU,GBR,2710
634513,64,81,911,2014,225254928.0,308115520.0,1.10869,1.245193,DNK,GBR,2710
634514,65,81,911,2014,0.0,11370.0,-0.180845,0.508512,DOM,GBR,2710
634515,66,81,911,2014,87059400.0,3604321.0,-1.5554649999999999,-1.1657030000000002,DZA,GBR,2710
634516,67,81,911,2014,0.0,62333828.0,-1.066865,-1.052921,ECU,GBR,2710
634517,68,81,911,2014,28545968.0,19923886.0,-0.086866,1.7419669999999998,EGY,GBR,2710
634518,69,81,911,2014,0.0,1429.0,-2.345215,-1.051413,ERI,GBR,2710
634519,71,81,911,2014,324861344.0,184113152.0,0.842147,2.45692,ESP,GBR,2710
634520,72,81,911,2014,14161376.0,19110666.0,0.9147780000000001,1.151556,EST,GBR,2710
634521,73,81,911,2014,0.0,54003.0,-1.296535,-1.045942,ETH,GBR,2710
634522,74,81,911,2014,773278144.0,19653948.0,1.626355,1.002923,FIN,GBR,2710
634523,75,81,911,2014,0.0,4730.0,-0.306346,-0.07688500000000001,FJI,GBR,2710
634524,76,81,911,2014,0.0,1882887.0,-0.558974,-0.8402059999999999,FLK,GBR,2710
634525,77,81,911,2014,494977504.0,946486912.0,1.4817790000000002,0.30995,FRA,GBR,2710
634526,80,81,911,2014,0.0,117970.0,-1.625474,-1.135973,GAB,GBR,2710
634527,82,81,911,2014,127019.0,299693.0,-0.254106,-0.646584,GEO,GBR,2710
634528,83,81,911,2014,0.0,62107928.0,-1.130226,-0.9909379999999999,GHA,GBR,2710
634529,84,81,911,2014,0.0,312001248.0,0.275796,-0.720217,GIB,GBR,2710
634530,85,81,911,2014,0.0,29751142.0,-1.628409,-1.202473,GIN,GBR,2710
634531,87,81,911,2014,0.0,10408.0,-0.905488,-0.7892819999999999,GMB,GBR,2710
634532,88,81,911,2014,0.0,64182960.0,-1.6723700000000001,-0.896442,GNB,GBR,2710
634533,89,81,911,2014,0.0,371612.0,-2.043516,-0.844701,GNQ,GBR,2710
634534,90,81,911,2014,71547184.0,38729108.0,0.149337,0.8560540000000001,GRC,GBR,2710
634535,91,81,911,2014,0.0,2768.0,-0.184151,-0.7291270000000001,GRD,GBR,2710
634536,93,81,911,2014,0.0,23673.0,-0.36547199999999996,0.548894,GTM,GBR,2710
634537,96,81,911,2014,0.0,6291.0,-1.068777,-1.038227,GUY,GBR,2710
634538,97,81,911,2014,3659.0,1768674.0,0.812132,1.722493,HKG,GBR,2710
634539,99,81,911,2014,0.0,442666.0,-0.467004,0.045511,HND,GBR,2710
634540,100,81,911,2014,18602.0,465804.0,0.804401,1.250807,HRV,GBR,2710
634541,101,81,911,2014,0.0,7159.0,-1.10887,-1.032108,HTI,GBR,2710
634542,102,81,911,2014,4875351.0,1572135.0,1.477093,0.812869,HUN,GBR,2710
634543,103,81,911,2014,0.0,381751.0,-0.088032,1.3966459999999998,IDN,GBR,2710
634544,104,81,911,2014,580391168.0,4181643.0,0.262042,2.6305080000000003,IND,GBR,2710
634545,106,81,911,2014,365855616.0,2940820480.0,1.2658399999999999,0.278546,IRL,GBR,2710
634546,107,81,911,2014,0.0,12417.0,-0.361058,-0.312743,IRN,GBR,2710
634547,108,81,911,2014,0.0,3335802.0,-2.9169,-0.882023,IRQ,GBR,2710
634548,109,81,911,2014,19564528.0,722858.0,0.127891,-0.302014,ISL,GBR,2710
634549,110,81,911,2014,6313.0,4672445.0,1.211141,0.64523,ISR,GBR,2710
634550,111,81,911,2014,85295952.0,148007440.0,1.340136,0.43931099999999995,ITA,GBR,2710
634551,112,81,911,2014,0.0,24796.0,-0.42745299999999997,-0.7750130000000001,JAM,GBR,2710
634552,113,81,911,2014,996.0,61197424.0,0.210208,0.48732299999999995,JOR,GBR,2710
634553,114,81,911,2014,36080212.0,3367580.0,2.403165,-0.635024,JPN,GBR,2710
634554,115,81,911,2014,17234518.0,429807.0,-0.210431,-0.574075,KAZ,GBR,2710
634555,116,81,911,2014,0.0,29463924.0,-0.487058,0.307288,KEN,GBR,2710
634556,117,81,911,2014,55374.0,4033.0,-0.31942600000000004,-0.012454,KGZ,GBR,2710
634557,118,81,911,2014,0.0,9524.0,-0.84072,-0.8307040000000001,KHM,GBR,2710
634558,120,81,911,2014,0.0,14394.0,0.9888950000000001,-0.28283800000000003,KNA,GBR,2710
634559,121,81,911,2014,517555488.0,4057700.0,1.817145,0.8394530000000001,KOR,GBR,2710
634560,122,81,911,2014,1815878656.0,352950.0,-0.769616,-1.10667,KWT,GBR,2710
634561,124,81,911,2014,3199.0,122291304.0,0.308677,1.7564490000000001,LBN,GBR,2710
634562,125,81,911,2014,0.0,309318.0,-1.016828,-1.107983,LBR,GBR,2710
634563,126,81,911,2014,0.0,642320.0,-1.5943829999999999,-1.189961,LBY,GBR,2710
634564,127,81,911,2014,4152117.0,14508.0,0.29035500000000003,-0.603541,LCA,GBR,2710
634565,128,81,911,2014,352641.0,244669.0,-0.49366899999999997,0.338686,LKA,GBR,2710
634566,130,81,911,2014,546862336.0,702001.0,0.764495,1.3451540000000002,LTU,GBR,2710
634567,131,81,911,2014,57460.0,40900.0,1.243845,1.155474,LUX,GBR,2710
634568,132,81,911,2014,39340844.0,132354704.0,0.613116,1.1899790000000001,LVA,GBR,2710
634569,133,81,911,2014,0.0,8978.0,0.704535,0.5856140000000001,MAC,GBR,2710
634570,134,81,911,2014,0.0,28203782.0,-0.574034,0.065788,MAR,GBR,2710
634571,135,81,911,2014,0.0,102978.0,-0.10438199999999999,-0.093194,MDA,GBR,2710
634572,136,81,911,2014,23446.0,2168.0,-1.002122,-0.44446,MDG,GBR,2710
634573,137,81,911,2014,0.0,1962.0,-0.43265299999999995,-0.82696,MDV,GBR,2710
634574,138,81,911,2014,3380.0,1152925.0,1.0799729999999998,0.697554,MEX,GBR,2710
634575,140,81,911,2014,3079957.0,50522.0,-0.039799,-0.05545,MKD,GBR,2710
634576,142,81,911,2014,14917.0,745472.0,0.817013,0.0016309999999999999,MLT,GBR,2710
634577,143,81,911,2014,0.0,3321.0,-1.5332459999999999,-1.145973,MMR,GBR,2710
634578,144,81,911,2014,0.0,3985.0,-0.17039100000000001,-0.21762399999999998,MNE,GBR,2710
634579,145,81,911,2014,0.0,1810.0,-1.425524,-1.161949,MNG,GBR,2710
634580,147,81,911,2014,0.0,28336.0,-1.1993610000000001,-1.040181,MOZ,GBR,2710
634581,148,81,911,2014,0.0,4864.0,-1.458551,-1.225373,MRT,GBR,2710
634582,149,81,911,2014,0.0,2296.0,0.44890399999999997,-0.46028,MSR,GBR,2710
634583,151,81,911,2014,19968.0,95640.0,-0.029891,-0.12431099999999999,MUS,GBR,2710
634584,153,81,911,2014,33788824.0,1535475.0,1.018138,0.774649,MYS,GBR,2710
634585,155,81,911,2014,2115834.0,60218.0,-0.428227,-0.5632229999999999,NAM,GBR,2710
634586,156,81,911,2014,0.0,18163.0,-0.509789,-0.767484,NCL,GBR,2710
634587,157,81,911,2014,206580.0,802467.0,-0.7187,-0.80918,NER,GBR,2710
634588,159,81,911,2014,27689150.0,102638984.0,-1.2126430000000001,-1.059697,NGA,GBR,2710
634589,162,81,911,2014,2870188288.0,4159715840.0,1.179325,1.355071,NLD,GBR,2710
634590,163,81,911,2014,533044928.0,390296384.0,0.9187049999999999,0.182685,NOR,GBR,2710
634591,164,81,911,2014,0.0,51061.0,-0.11988199999999999,0.655883,NPL,GBR,2710
634592,166,81,911,2014,6308.0,3248287.0,0.272502,0.21628699999999998,NZL,GBR,2710
634593,167,81,911,2014,39621968.0,19591110.0,-0.505129,-1.0051370000000002,OMN,GBR,2710
634594,168,81,911,2014,17528.0,606925.0,-0.672924,0.566787,PAK,GBR,2710
634595,169,81,911,2014,0.0,457453.0,0.771742,0.9873190000000001,PAN,GBR,2710
634596,173,81,911,2014,0.0,337919.0,-0.557833,0.611826,PER,GBR,2710
634597,174,81,911,2014,0.0,323574.0,0.637442,0.475883,PHL,GBR,2710
634598,177,81,911,2014,335999936.0,13408227.0,1.133102,1.177165,POL,GBR,2710
634599,179,81,911,2014,10210600.0,31874910.0,0.621053,2.349644,PRT,GBR,2710
634600,180,81,911,2014,0.0,4474.0,-0.608509,-0.930679,PRY,GBR,2710
634601,181,81,911,2014,0.0,4376.0,0.030643,0.601905,PSE,GBR,2710
634602,182,81,911,2014,0.0,1825.0,0.008831,-0.6268279999999999,PYF,GBR,2710
634603,183,81,911,2014,265235696.0,211256.0,-0.37535599999999997,-1.0196370000000001,QAT,GBR,2710
634604,185,81,911,2014,20590.0,2648356.0,0.9112,1.188161,ROU,GBR,2710
634605,186,81,911,2014,3401533952.0,15252836.0,0.229422,-0.214856,RUS,GBR,2710
634606,187,81,911,2014,691994.0,705.0,-0.5692659999999999,-0.447859,RWA,GBR,2710
634607,188,81,911,2014,875499968.0,33583488.0,0.5758439999999999,-0.832692,SAU,GBR,2710
634608,190,81,911,2014,0.0,18176366.0,-1.442381,-1.1155030000000001,SDN,GBR,2710
634609,191,81,911,2014,1468066.0,388168608.0,-0.502607,-0.08866,SEN,GBR,2710
634610,192,81,911,2014,285398368.0,29253124.0,1.867492,0.626736,SGP,GBR,2710
634611,194,81,911,2014,0.0,1575354.0,1.125419,-0.183407,SHN,GBR,2710
634612,196,81,911,2014,0.0,451608.0,-0.9228569999999999,-0.791482,SLE,GBR,2710
634613,197,81,911,2014,0.0,37362.0,0.08653999999999999,0.29088600000000003,SLV,GBR,2710
634614,201,81,911,2014,70092.0,639080.0,0.551635,1.211535,SRB,GBR,2710
634615,205,81,911,2014,0.0,1560.0,-0.6333989999999999,-0.857643,SUR,GBR,2710
634616,206,81,911,2014,87800.0,976858.0,1.334959,0.821253,SVK,GBR,2710
634617,207,81,911,2014,518195.0,110480.0,1.6558669999999998,0.6814399999999999,SVN,GBR,2710
634618,208,81,911,2014,3042485504.0,411585760.0,1.817752,0.558474,SWE,GBR,2710
634619,211,81,911,2014,0.0,27041.0,0.358111,-0.484879,SYC,GBR,2710
634620,212,81,911,2014,0.0,9321.0,-0.366224,0.9054719999999999,SYR,GBR,2710
634621,215,81,911,2014,1008.0,254926480.0,-0.524103,-0.537643,TGO,GBR,2710
634622,216,81,911,2014,53712128.0,458757.0,0.977094,1.41283,THA,GBR,2710
634623,219,81,911,2014,166235440.0,94092.0,-1.217897,-1.184131,TKM,GBR,2710
634624,222,81,911,2014,173069.0,95813.0,-0.57362,-1.117545,TTO,GBR,2710
634625,223,81,911,2014,44311100.0,253885.0,0.343449,1.118007,TUN,GBR,2710
634626,224,81,911,2014,100196528.0,16288011.0,0.554761,2.385693,TUR,GBR,2710
634627,226,81,911,2014,0.0,676600.0,-1.054331,0.166345,TZA,GBR,2710
634628,227,81,911,2014,0.0,23718.0,-0.46911800000000003,0.25446599999999997,UGA,GBR,2710
634629,228,81,911,2014,4322356.0,3072452.0,0.566535,0.832267,UKR,GBR,2710
634630,230,81,911,2014,0.0,32077.0,0.154034,-0.380899,URY,GBR,2710
634631,231,81,911,2014,1307669120.0,5013081600.0,1.61227,0.068905,USA,GBR,2710
634632,232,81,911,2014,0.0,9361.0,-0.407623,-0.37150700000000003,UZB,GBR,2710
634633,234,81,911,2014,0.0,23658.0,0.034024,-0.522492,VCT,GBR,2710
634634,236,81,911,2014,40562712.0,16863136.0,-0.582086,-1.081727,VEN,GBR,2710
634635,239,81,911,2014,729062.0,447523.0,-0.023765,1.344416,VNM,GBR,2710
634636,243,81,911,2014,0.0,183857.0,-1.2829190000000001,-1.227373,YEM,GBR,2710
634637,246,81,911,2014,89473.0,282281504.0,0.282927,1.723214,ZAF,GBR,2710
634638,247,81,911,2014,4437.0,570645.0,-0.664089,-0.793452,ZMB,GBR,2710
634639,248,81,911,2014,0.0,32494090.0,-0.821369,-0.864232,ZWE,GBR,2710
634640,249,81,911,2014,45572688.0,2419457.0,1.9044189999999999,1.0595139999999998,TWN,GBR,2710
634641,250,81,911,2014,0.0,49564456.0,0.506842,0.049545,ANS,GBR,2710
634642,0,90,911,2014,0.0,2646.0,0.779539,-0.32255700000000004,ABW,GRC,2710
634643,1,90,911,2014,0.0,4618237.0,-0.924386,-0.839385,AFG,GRC,2710
634644,2,90,911,2014,0.0,22955.0,-1.8184900000000002,-1.149191,AGO,GRC,2710
634645,4,90,911,2014,92150.0,174036288.0,-0.476024,-0.33978400000000003,ALB,GRC,2710
634646,7,90,911,2014,4764.0,176150832.0,0.087775,-0.289459,ARE,GRC,2710
634647,8,90,911,2014,0.0,8581799.0,0.10691500000000001,0.44860600000000006,ARG,GRC,2710
634648,13,90,911,2014,0.0,286527.0,0.169764,-0.621576,ATG,GRC,2710
634649,14,90,911,2014,7161.0,66569.0,-0.398273,-0.17128,AUS,GRC,2710
634650,15,90,911,2014,1179744.0,1037001.0,1.7116790000000002,-0.140232,AUT,GRC,2710
634651,16,90,911,2014,14113540.0,16195929.0,-0.909508,-1.165158,AZE,GRC,2710
634652,18,90,911,2014,129918656.0,10510322.0,1.234156,1.226441,BEL,GRC,2710
634653,23,90,911,2014,59426504.0,309929888.0,0.579058,1.6558110000000001,BGR,GRC,2710
634654,24,90,911,2014,31956108.0,0.0,0.460168,-0.41671099999999994,BHR,GRC,2710
634655,25,90,911,2014,0.0,848474.0,0.314465,-0.60458,BHS,GRC,2710
634656,26,90,911,2014,135178.0,9848.0,0.5083300000000001,0.711704,BIH,GRC,2710
634657,28,90,911,2014,60190952.0,0.0,0.874108,0.676231,BLR,GRC,2710
634658,29,90,911,2014,0.0,35339.0,-0.324446,-0.552126,BLZ,GRC,2710
634659,32,90,911,2014,4924.0,1385.0,0.218223,0.556921,BRA,GRC,2710
634660,39,90,911,2014,7814.0,351526.0,0.671395,1.024683,CAN,GRC,2710
634661,41,90,911,2014,1093587.0,34149.0,2.2000919999999997,0.65398,CHE,GRC,2710
634662,43,90,911,2014,80719472.0,28112412.0,1.187557,1.222085,CHN,GRC,2710
634663,44,90,911,2014,133309.0,36513.0,-0.737625,-0.768728,CIV,GRC,2710
634664,45,90,911,2014,0.0,28138.0,-0.6723520000000001,-0.945084,CMR,GRC,2710
634665,49,90,911,2014,0.0,986.0,0.19864500000000002,-0.378364,COL,GRC,2710
634666,58,90,911,2014,90108.0,455822400.0,0.627467,0.483725,CYP,GRC,2710
634667,59,90,911,2014,177499.0,981.0,1.8105830000000003,0.131131,CZE,GRC,2710
634668,61,90,911,2014,50235564.0,97710.0,2.052849,-2.888805,DEU,GRC,2710
634669,64,90,911,2014,16026226.0,1276.0,1.10869,1.245193,DNK,GRC,2710
634670,65,90,911,2014,33509.0,46566.0,-0.180845,0.508512,DOM,GRC,2710
634671,66,90,911,2014,252106.0,24811932.0,-1.5554649999999999,-1.1657030000000002,DZA,GRC,2710
634672,68,90,911,2014,0.0,592560640.0,-0.086866,1.7419669999999998,EGY,GRC,2710
634673,71,90,911,2014,368774688.0,150636496.0,0.842147,2.45692,ESP,GRC,2710
634674,72,90,911,2014,121002.0,0.0,0.9147780000000001,1.151556,EST,GRC,2710
634675,74,90,911,2014,1113.0,31335.0,1.626355,1.002923,FIN,GRC,2710
634676,76,90,911,2014,0.0,40549720.0,-0.558974,-0.8402059999999999,FLK,GRC,2710
634677,77,90,911,2014,185260224.0,27818870.0,1.4817790000000002,0.30995,FRA,GRC,2710
634678,81,90,911,2014,38729108.0,71547184.0,1.697964,0.585372,GBR,GRC,2710
634679,82,90,911,2014,0.0,146284048.0,-0.254106,-0.646584,GEO,GRC,2710
634680,84,90,911,2014,0.0,848726144.0,0.275796,-0.720217,GIB,GRC,2710
634681,97,90,911,2014,0.0,294288.0,0.812132,1.722493,HKG,GRC,2710
634682,100,90,911,2014,88047032.0,17513154.0,0.804401,1.250807,HRV,GRC,2710
634683,102,90,911,2014,2998427.0,917.0,1.477093,0.812869,HUN,GRC,2710
634684,103,90,911,2014,0.0,29996918.0,-0.088032,1.3966459999999998,IDN,GRC,2710
634685,104,90,911,2014,3948580.0,594486.0,0.262042,2.6305080000000003,IND,GRC,2710
634686,106,90,911,2014,1140222.0,98222.0,1.2658399999999999,0.278546,IRL,GRC,2710
634687,108,90,911,2014,0.0,1394896.0,-2.9169,-0.882023,IRQ,GRC,2710
634688,109,90,911,2014,36351.0,45058.0,0.127891,-0.302014,ISL,GRC,2710
634689,110,90,911,2014,129047392.0,82348632.0,1.211141,0.64523,ISR,GRC,2710
634690,111,90,911,2014,127670240.0,727542336.0,1.340136,0.43931099999999995,ITA,GRC,2710
634691,112,90,911,2014,0.0,20892.0,-0.42745299999999997,-0.7750130000000001,JAM,GRC,2710
634692,113,90,911,2014,0.0,6390784.0,0.210208,0.48732299999999995,JOR,GRC,2710
634693,114,90,911,2014,1268.0,21069052.0,2.403165,-0.635024,JPN,GRC,2710
634694,115,90,911,2014,27999820.0,18895.0,-0.210431,-0.574075,KAZ,GRC,2710
634695,121,90,911,2014,782860.0,296142240.0,1.817145,0.8394530000000001,KOR,GRC,2710
634696,122,90,911,2014,2364.0,1599263.0,-0.769616,-1.10667,KWT,GRC,2710
634697,124,90,911,2014,0.0,646938688.0,0.308677,1.7564490000000001,LBN,GRC,2710
634698,125,90,911,2014,0.0,501281.0,-1.016828,-1.107983,LBR,GRC,2710
634699,126,90,911,2014,26416496.0,125362008.0,-1.5943829999999999,-1.189961,LBY,GRC,2710
634700,128,90,911,2014,640479.0,0.0,-0.49366899999999997,0.338686,LKA,GRC,2710
634701,130,90,911,2014,497899.0,24613.0,0.764495,1.3451540000000002,LTU,GRC,2710
634702,131,90,911,2014,41029.0,25287.0,1.243845,1.155474,LUX,GRC,2710
634703,132,90,911,2014,5962.0,0.0,0.613116,1.1899790000000001,LVA,GRC,2710
634704,133,90,911,2014,0.0,1014.0,0.704535,0.5856140000000001,MAC,GRC,2710
634705,134,90,911,2014,19896.0,18407684.0,-0.574034,0.065788,MAR,GRC,2710
634706,135,90,911,2014,0.0,85668936.0,-0.10438199999999999,-0.093194,MDA,GRC,2710
634707,136,90,911,2014,36692.0,0.0,-1.002122,-0.44446,MDG,GRC,2710
634708,138,90,911,2014,0.0,7255.0,1.0799729999999998,0.697554,MEX,GRC,2710
634709,139,90,911,2014,0.0,272557.0,-0.22505,-0.803084,MHL,GRC,2710
634710,140,90,911,2014,2667340.0,570192256.0,-0.039799,-0.05545,MKD,GRC,2710
634711,142,90,911,2014,22943974.0,116249584.0,0.817013,0.0016309999999999999,MLT,GRC,2710
634712,144,90,911,2014,0.0,186907504.0,-0.17039100000000001,-0.21762399999999998,MNE,GRC,2710
634713,148,90,911,2014,0.0,120131.0,-1.458551,-1.225373,MRT,GRC,2710
634714,153,90,911,2014,3691.0,5997224.0,1.018138,0.774649,MYS,GRC,2710
634715,155,90,911,2014,128505.0,0.0,-0.428227,-0.5632229999999999,NAM,GRC,2710
634716,159,90,911,2014,19321558.0,0.0,-1.2126430000000001,-1.059697,NGA,GRC,2710
634717,162,90,911,2014,167137680.0,16070281.0,1.179325,1.355071,NLD,GRC,2710
634718,163,90,911,2014,58052392.0,2399.0,0.9187049999999999,0.182685,NOR,GRC,2710
634719,166,90,911,2014,0.0,29650.0,0.272502,0.21628699999999998,NZL,GRC,2710
634720,167,90,911,2014,1827.0,0.0,-0.505129,-1.0051370000000002,OMN,GRC,2710
634721,169,90,911,2014,0.0,2515551.0,0.771742,0.9873190000000001,PAN,GRC,2710
634722,174,90,911,2014,0.0,220661.0,0.637442,0.475883,PHL,GRC,2710
634723,177,90,911,2014,20521586.0,604638.0,1.133102,1.177165,POL,GRC,2710
634724,179,90,911,2014,56856944.0,0.0,0.621053,2.349644,PRT,GRC,2710
634725,183,90,911,2014,13333713.0,28784082.0,-0.37535599999999997,-1.0196370000000001,QAT,GRC,2710
634726,185,90,911,2014,114665400.0,16680154.0,0.9112,1.188161,ROU,GRC,2710
634727,186,90,911,2014,1864546816.0,14501256.0,0.229422,-0.214856,RUS,GRC,2710
634728,187,90,911,2014,0.0,7318.0,-0.5692659999999999,-0.447859,RWA,GRC,2710
634729,188,90,911,2014,48471276.0,806185088.0,0.5758439999999999,-0.832692,SAU,GRC,2710
634730,191,90,911,2014,0.0,26163.0,-0.502607,-0.08866,SEN,GRC,2710
634731,192,90,911,2014,0.0,265997248.0,1.867492,0.626736,SGP,GRC,2710
634732,194,90,911,2014,0.0,9974337.0,1.125419,-0.183407,SHN,GRC,2710
634733,196,90,911,2014,0.0,7241.0,-0.9228569999999999,-0.791482,SLE,GRC,2710
634734,201,90,911,2014,109491.0,24580864.0,0.551635,1.211535,SRB,GRC,2710
634735,206,90,911,2014,68663.0,46097.0,1.334959,0.821253,SVK,GRC,2710
634736,207,90,911,2014,3510723.0,47279864.0,1.6558669999999998,0.6814399999999999,SVN,GRC,2710
634737,208,90,911,2014,9476641.0,4253.0,1.817752,0.558474,SWE,GRC,2710
634738,212,90,911,2014,0.0,33242.0,-0.366224,0.9054719999999999,SYR,GRC,2710
634739,215,90,911,2014,0.0,48627.0,-0.524103,-0.537643,TGO,GRC,2710
634740,216,90,911,2014,4788.0,2647.0,0.977094,1.41283,THA,GRC,2710
634741,219,90,911,2014,22220314.0,403956.0,-1.217897,-1.184131,TKM,GRC,2710
634742,222,90,911,2014,161198.0,0.0,-0.57362,-1.117545,TTO,GRC,2710
634743,223,90,911,2014,32342.0,207330752.0,0.343449,1.118007,TUN,GRC,2710
634744,224,90,911,2014,23865732.0,3024568576.0,0.554761,2.385693,TUR,GRC,2710
634745,226,90,911,2014,0.0,430368.0,-1.054331,0.166345,TZA,GRC,2710
634746,227,90,911,2014,0.0,644000.0,-0.46911800000000003,0.25446599999999997,UGA,GRC,2710
634747,228,90,911,2014,3576352.0,165514944.0,0.566535,0.832267,UKR,GRC,2710
634748,231,90,911,2014,5860802.0,24643662.0,1.61227,0.068905,USA,GRC,2710
634749,232,90,911,2014,9703667.0,0.0,-0.407623,-0.37150700000000003,UZB,GRC,2710
634750,237,90,911,2014,0.0,5396.0,0.484282,-0.082974,VGB,GRC,2710
634751,239,90,911,2014,5219.0,0.0,-0.023765,1.344416,VNM,GRC,2710
634752,243,90,911,2014,20073886.0,0.0,-1.2829190000000001,-1.227373,YEM,GRC,2710
634753,246,90,911,2014,1538802.0,10225.0,0.282927,1.723214,ZAF,GRC,2710
634754,249,90,911,2014,0.0,32684422.0,1.9044189999999999,1.0595139999999998,TWN,GRC,2710
634755,250,90,911,2014,188440.0,1720751360.0,0.506842,0.049545,ANS,GRC,2710
634756,0,93,911,2014,2040570.0,0.0,0.779539,-0.32255700000000004,ABW,GTM,2710
634757,7,93,911,2014,26201.0,0.0,0.087775,-0.289459,ARE,GTM,2710
634758,15,93,911,2014,5333.0,0.0,1.7116790000000002,-0.140232,AUT,GTM,2710
634759,18,93,911,2014,56863.0,0.0,1.234156,1.226441,BEL,GTM,2710
634760,29,93,911,2014,146868.0,12404328.0,-0.324446,-0.552126,BLZ,GTM,2710
634761,32,93,911,2014,658442.0,0.0,0.218223,0.556921,BRA,GTM,2710
634762,39,93,911,2014,10236151.0,0.0,0.671395,1.024683,CAN,GTM,2710
634763,41,93,911,2014,2086.0,0.0,2.2000919999999997,0.65398,CHE,GTM,2710
634764,43,93,911,2014,24751.0,0.0,1.187557,1.222085,CHN,GTM,2710
634765,49,93,911,2014,12481393.0,1924.0,0.19864500000000002,-0.378364,COL,GTM,2710
634766,52,93,911,2014,153742.0,7268342.0,0.065938,-0.687971,CRI,GTM,2710
634767,61,93,911,2014,401040.0,0.0,2.052849,-2.888805,DEU,GTM,2710
634768,65,93,911,2014,3390553.0,47719.0,-0.180845,0.508512,DOM,GTM,2710
634769,67,93,911,2014,2521880.0,0.0,-1.066865,-1.052921,ECU,GTM,2710
634770,71,93,911,2014,4018117.0,0.0,0.842147,2.45692,ESP,GTM,2710
634771,74,93,911,2014,17974.0,0.0,1.626355,1.002923,FIN,GTM,2710
634772,77,93,911,2014,942161.0,0.0,1.4817790000000002,0.30995,FRA,GTM,2710
634773,81,93,911,2014,23673.0,0.0,1.697964,0.585372,GBR,GTM,2710
634774,97,93,911,2014,11215.0,0.0,0.812132,1.722493,HKG,GTM,2710
634775,99,93,911,2014,1172227.0,53494744.0,-0.467004,0.045511,HND,GTM,2710
634776,104,93,911,2014,697840.0,0.0,0.262042,2.6305080000000003,IND,GTM,2710
634777,110,93,911,2014,282516.0,0.0,1.211141,0.64523,ISR,GTM,2710
634778,111,93,911,2014,34374.0,0.0,1.340136,0.43931099999999995,ITA,GTM,2710
634779,114,93,911,2014,7616.0,0.0,2.403165,-0.635024,JPN,GTM,2710
634780,121,93,911,2014,1201069.0,0.0,1.817145,0.8394530000000001,KOR,GTM,2710
634781,138,93,911,2014,5140622.0,23727.0,1.0799729999999998,0.697554,MEX,GTM,2710
634782,153,93,911,2014,22041.0,0.0,1.018138,0.774649,MYS,GTM,2710
634783,160,93,911,2014,4551425.0,66672.0,-0.938269,-0.839066,NIC,GTM,2710
634784,162,93,911,2014,822390.0,1439.0,1.179325,1.355071,NLD,GTM,2710
634785,169,93,911,2014,64590484.0,4974018.0,0.771742,0.9873190000000001,PAN,GTM,2710
634786,173,93,911,2014,54922280.0,0.0,-0.557833,0.611826,PER,GTM,2710
634787,177,93,911,2014,79397.0,0.0,1.133102,1.177165,POL,GTM,2710
634788,179,93,911,2014,88287.0,0.0,0.621053,2.349644,PRT,GTM,2710
634789,186,93,911,2014,5114110.0,0.0,0.229422,-0.214856,RUS,GTM,2710
634790,192,93,911,2014,0.0,1059804.0,1.867492,0.626736,SGP,GTM,2710
634791,197,93,911,2014,13932342.0,71220880.0,0.08653999999999999,0.29088600000000003,SLV,GTM,2710
634792,207,93,911,2014,1329.0,0.0,1.6558669999999998,0.6814399999999999,SVN,GTM,2710
634793,208,93,911,2014,101658.0,0.0,1.817752,0.558474,SWE,GTM,2710
634794,216,93,911,2014,1822.0,0.0,0.977094,1.41283,THA,GTM,2710
634795,222,93,911,2014,31928572.0,0.0,-0.57362,-1.117545,TTO,GTM,2710
634796,231,93,911,2014,1662428160.0,12831.0,1.61227,0.068905,USA,GTM,2710
634797,236,93,911,2014,7460734.0,0.0,-0.582086,-1.081727,VEN,GTM,2710
634798,237,93,911,2014,0.0,378606.0,0.484282,-0.082974,VGB,GTM,2710
634799,249,93,911,2014,425110.0,0.0,1.9044189999999999,1.0595139999999998,TWN,GTM,2710
634800,250,93,911,2014,548617.0,0.0,0.506842,0.049545,ANS,GTM,2710
634801,2,97,911,2014,0.0,222743.0,-1.8184900000000002,-1.149191,AGO,HKG,2710
634802,7,97,911,2014,96961.0,100694.0,0.087775,-0.289459,ARE,HKG,2710
634803,8,97,911,2014,0.0,10281.0,0.10691500000000001,0.44860600000000006,ARG,HKG,2710
634804,14,97,911,2014,51351796.0,2988436.0,-0.398273,-0.17128,AUS,HKG,2710
634805,15,97,911,2014,164516.0,0.0,1.7116790000000002,-0.140232,AUT,HKG,2710
634806,18,97,911,2014,2546257.0,2782.0,1.234156,1.226441,BEL,HKG,2710
634807,21,97,911,2014,0.0,1541.0,-0.922401,-0.9554379999999999,BFA,HKG,2710
634808,23,97,911,2014,66187.0,0.0,0.579058,1.6558110000000001,BGR,HKG,2710
634809,24,97,911,2014,124897.0,0.0,0.460168,-0.41671099999999994,BHR,HKG,2710
634810,32,97,911,2014,0.0,106212.0,0.218223,0.556921,BRA,HKG,2710
634811,34,97,911,2014,0.0,103282.0,0.191357,-0.683567,BRN,HKG,2710
634812,39,97,911,2014,183588.0,0.0,0.671395,1.024683,CAN,HKG,2710
634813,41,97,911,2014,89519.0,0.0,2.2000919999999997,0.65398,CHE,HKG,2710
634814,42,97,911,2014,0.0,24934.0,-0.344671,-0.43380799999999997,CHL,HKG,2710
634815,43,97,911,2014,4977647616.0,31226790.0,1.187557,1.222085,CHN,HKG,2710
634816,44,97,911,2014,134746.0,0.0,-0.737625,-0.768728,CIV,HKG,2710
634817,49,97,911,2014,26310.0,13683.0,0.19864500000000002,-0.378364,COL,HKG,2710
634818,52,97,911,2014,0.0,31309.0,0.065938,-0.687971,CRI,HKG,2710
634819,58,97,911,2014,0.0,24873.0,0.627467,0.483725,CYP,HKG,2710
634820,59,97,911,2014,278262.0,0.0,1.8105830000000003,0.131131,CZE,HKG,2710
634821,61,97,911,2014,7686324.0,3569.0,2.052849,-2.888805,DEU,HKG,2710
634822,64,97,911,2014,12077.0,58691.0,1.10869,1.245193,DNK,HKG,2710
634823,66,97,911,2014,0.0,38417.0,-1.5554649999999999,-1.1657030000000002,DZA,HKG,2710
634824,67,97,911,2014,0.0,76333.0,-1.066865,-1.052921,ECU,HKG,2710
634825,68,97,911,2014,0.0,293996.0,-0.086866,1.7419669999999998,EGY,HKG,2710
634826,71,97,911,2014,418087.0,99913.0,0.842147,2.45692,ESP,HKG,2710
634827,77,97,911,2014,2322424.0,6768.0,1.4817790000000002,0.30995,FRA,HKG,2710
634828,81,97,911,2014,1768674.0,3659.0,1.697964,0.585372,GBR,HKG,2710
634829,90,97,911,2014,294288.0,0.0,0.149337,0.8560540000000001,GRC,HKG,2710
634830,93,97,911,2014,0.0,11215.0,-0.36547199999999996,0.548894,GTM,HKG,2710
634831,95,97,911,2014,0.0,133864.0,0.6368119999999999,-0.01771,GUM,HKG,2710
634832,99,97,911,2014,0.0,20909.0,-0.467004,0.045511,HND,HKG,2710
634833,103,97,911,2014,3541293.0,33996004.0,-0.088032,1.3966459999999998,IDN,HKG,2710
634834,104,97,911,2014,10878760.0,2086948.0,0.262042,2.6305080000000003,IND,HKG,2710
634835,110,97,911,2014,0.0,148776.0,1.211141,0.64523,ISR,HKG,2710
634836,111,97,911,2014,1216960.0,0.0,1.340136,0.43931099999999995,ITA,HKG,2710
634837,114,97,911,2014,2949686784.0,911328.0,2.403165,-0.635024,JPN,HKG,2710
634838,118,97,911,2014,0.0,4011.0,-0.84072,-0.8307040000000001,KHM,HKG,2710
634839,121,97,911,2014,1972993664.0,2164824.0,1.817145,0.8394530000000001,KOR,HKG,2710
634840,122,97,911,2014,142412.0,51327.0,-0.769616,-1.10667,KWT,HKG,2710
634841,123,97,911,2014,0.0,105572.0,-1.054294,-0.869916,LAO,HKG,2710
634842,128,97,911,2014,1269949.0,0.0,-0.49366899999999997,0.338686,LKA,HKG,2710
634843,132,97,911,2014,9642.0,0.0,0.613116,1.1899790000000001,LVA,HKG,2710
634844,133,97,911,2014,2592928.0,134847136.0,0.704535,0.5856140000000001,MAC,HKG,2710
634845,134,97,911,2014,0.0,7046.0,-0.574034,0.065788,MAR,HKG,2710
634846,136,97,911,2014,133231.0,0.0,-1.002122,-0.44446,MDG,HKG,2710
634847,137,97,911,2014,0.0,9050.0,-0.43265299999999995,-0.82696,MDV,HKG,2710
634848,138,97,911,2014,0.0,888280.0,1.0799729999999998,0.697554,MEX,HKG,2710
634849,140,97,911,2014,6540.0,0.0,-0.039799,-0.05545,MKD,HKG,2710
634850,143,97,911,2014,0.0,6811.0,-1.5332459999999999,-1.145973,MMR,HKG,2710
634851,147,97,911,2014,0.0,11641.0,-1.1993610000000001,-1.040181,MOZ,HKG,2710
634852,153,97,911,2014,246310384.0,11268072.0,1.018138,0.774649,MYS,HKG,2710
634853,155,97,911,2014,2180.0,18136.0,-0.428227,-0.5632229999999999,NAM,HKG,2710
634854,156,97,911,2014,0.0,49101.0,-0.509789,-0.767484,NCL,HKG,2710
634855,159,97,911,2014,0.0,60740.0,-1.2126430000000001,-1.059697,NGA,HKG,2710
634856,160,97,911,2014,0.0,39540.0,-0.938269,-0.839066,NIC,HKG,2710
634857,162,97,911,2014,1816952.0,1972.0,1.179325,1.355071,NLD,HKG,2710
634858,163,97,911,2014,57500.0,1091078.0,0.9187049999999999,0.182685,NOR,HKG,2710
634859,164,97,911,2014,0.0,20815.0,-0.11988199999999999,0.655883,NPL,HKG,2710
634860,166,97,911,2014,13160258.0,300188.0,0.272502,0.21628699999999998,NZL,HKG,2710
634861,167,97,911,2014,843986.0,1449266.0,-0.505129,-1.0051370000000002,OMN,HKG,2710
634862,168,97,911,2014,0.0,675004.0,-0.672924,0.566787,PAK,HKG,2710
634863,169,97,911,2014,0.0,8166.0,0.771742,0.9873190000000001,PAN,HKG,2710
634864,173,97,911,2014,0.0,9872.0,-0.557833,0.611826,PER,HKG,2710
634865,174,97,911,2014,198744.0,25033346.0,0.637442,0.475883,PHL,HKG,2710
634866,177,97,911,2014,134599.0,0.0,1.133102,1.177165,POL,HKG,2710
634867,183,97,911,2014,79058696.0,25732.0,-0.37535599999999997,-1.0196370000000001,QAT,HKG,2710
634868,185,97,911,2014,1758.0,0.0,0.9112,1.188161,ROU,HKG,2710
634869,186,97,911,2014,109078472.0,0.0,0.229422,-0.214856,RUS,HKG,2710
634870,188,97,911,2014,36536092.0,96774.0,0.5758439999999999,-0.832692,SAU,HKG,2710
634871,190,97,911,2014,0.0,41733.0,-1.442381,-1.1155030000000001,SDN,HKG,2710
634872,192,97,911,2014,3147140096.0,19397664.0,1.867492,0.626736,SGP,HKG,2710
634873,195,97,911,2014,0.0,8776.0,-0.862089,-0.9075840000000001,SLB,HKG,2710
634874,197,97,911,2014,0.0,90294.0,0.08653999999999999,0.29088600000000003,SLV,HKG,2710
634875,201,97,911,2014,587954.0,0.0,0.551635,1.211535,SRB,HKG,2710
634876,206,97,911,2014,7664.0,0.0,1.334959,0.821253,SVK,HKG,2710
634877,208,97,911,2014,16994.0,137893.0,1.817752,0.558474,SWE,HKG,2710
634878,214,97,911,2014,0.0,193157.0,-2.012048,-0.921558,TCD,HKG,2710
634879,216,97,911,2014,157953328.0,1402246.0,0.977094,1.41283,THA,HKG,2710
634880,222,97,911,2014,2445.0,0.0,-0.57362,-1.117545,TTO,HKG,2710
634881,224,97,911,2014,9321076.0,18624.0,0.554761,2.385693,TUR,HKG,2710
634882,228,97,911,2014,444661.0,0.0,0.566535,0.832267,UKR,HKG,2710
634883,231,97,911,2014,9224187.0,12601959.0,1.61227,0.068905,USA,HKG,2710
634884,236,97,911,2014,0.0,2716.0,-0.582086,-1.081727,VEN,HKG,2710
634885,239,97,911,2014,10957432.0,77618.0,-0.023765,1.344416,VNM,HKG,2710
634886,246,97,911,2014,4112914.0,49218.0,0.282927,1.723214,ZAF,HKG,2710
634887,248,97,911,2014,0.0,2698.0,-0.821369,-0.864232,ZWE,HKG,2710
634888,249,97,911,2014,1623752064.0,181950112.0,1.9044189999999999,1.0595139999999998,TWN,HKG,2710
634889,8,99,911,2014,3716.0,0.0,0.10691500000000001,0.44860600000000006,ARG,HND,2710
634890,15,99,911,2014,606.0,0.0,1.7116790000000002,-0.140232,AUT,HND,2710
634891,18,99,911,2014,54492.0,0.0,1.234156,1.226441,BEL,HND,2710
634892,23,99,911,2014,15218.0,0.0,0.579058,1.6558110000000001,BGR,HND,2710
634893,29,99,911,2014,0.0,549602.0,-0.324446,-0.552126,BLZ,HND,2710
634894,32,99,911,2014,706968.0,0.0,0.218223,0.556921,BRA,HND,2710
634895,39,99,911,2014,4327.0,0.0,0.671395,1.024683,CAN,HND,2710
634896,42,99,911,2014,9885043.0,0.0,-0.344671,-0.43380799999999997,CHL,HND,2710
634897,43,99,911,2014,11831.0,0.0,1.187557,1.222085,CHN,HND,2710
634898,49,99,911,2014,14884061.0,0.0,0.19864500000000002,-0.378364,COL,HND,2710
634899,52,99,911,2014,66334.0,119227.0,0.065938,-0.687971,CRI,HND,2710
634900,61,99,911,2014,146830.0,0.0,2.052849,-2.888805,DEU,HND,2710
634901,67,99,911,2014,16688585.0,0.0,-1.066865,-1.052921,ECU,HND,2710
634902,71,99,911,2014,153821.0,0.0,0.842147,2.45692,ESP,HND,2710
634903,72,99,911,2014,3072.0,0.0,0.9147780000000001,1.151556,EST,HND,2710
634904,77,99,911,2014,738317.0,3136.0,1.4817790000000002,0.30995,FRA,HND,2710
634905,81,99,911,2014,442666.0,0.0,1.697964,0.585372,GBR,HND,2710
634906,93,99,911,2014,53494744.0,1172227.0,-0.36547199999999996,0.548894,GTM,HND,2710
634907,97,99,911,2014,20909.0,0.0,0.812132,1.722493,HKG,HND,2710
634908,104,99,911,2014,557505.0,0.0,0.262042,2.6305080000000003,IND,HND,2710
634909,111,99,911,2014,8344.0,1811.0,1.340136,0.43931099999999995,ITA,HND,2710
634910,114,99,911,2014,23286.0,0.0,2.403165,-0.635024,JPN,HND,2710
634911,121,99,911,2014,161117.0,0.0,1.817145,0.8394530000000001,KOR,HND,2710
634912,138,99,911,2014,1669296.0,52050.0,1.0799729999999998,0.697554,MEX,HND,2710
634913,160,99,911,2014,1101005.0,25802.0,-0.938269,-0.839066,NIC,HND,2710
634914,162,99,911,2014,116253.0,953.0,1.179325,1.355071,NLD,HND,2710
634915,169,99,911,2014,8584348.0,0.0,0.771742,0.9873190000000001,PAN,HND,2710
634916,173,99,911,2014,9616781.0,0.0,-0.557833,0.611826,PER,HND,2710
634917,186,99,911,2014,661730.0,0.0,0.229422,-0.214856,RUS,HND,2710
634918,197,99,911,2014,6782600.0,5494.0,0.08653999999999999,0.29088600000000003,SLV,HND,2710
634919,208,99,911,2014,3583.0,0.0,1.817752,0.558474,SWE,HND,2710
634920,222,99,911,2014,11684916.0,0.0,-0.57362,-1.117545,TTO,HND,2710
634921,224,99,911,2014,64055.0,0.0,0.554761,2.385693,TUR,HND,2710
634922,228,99,911,2014,149794.0,0.0,0.566535,0.832267,UKR,HND,2710
634923,231,99,911,2014,1500823040.0,6272.0,1.61227,0.068905,USA,HND,2710
634924,236,99,911,2014,556375.0,0.0,-0.582086,-1.081727,VEN,HND,2710
634925,249,99,911,2014,27185.0,0.0,1.9044189999999999,1.0595139999999998,TWN,HND,2710
634926,1,102,911,2014,0.0,134704.0,-0.924386,-0.839385,AFG,HUN,2710
634927,4,102,911,2014,0.0,142395.0,-0.476024,-0.33978400000000003,ALB,HUN,2710
634928,7,102,911,2014,0.0,2731349.0,0.087775,-0.289459,ARE,HUN,2710
634929,9,102,911,2014,0.0,2774.0,-0.198322,-0.5918680000000001,ARM,HUN,2710
634930,14,102,911,2014,0.0,1171.0,-0.398273,-0.17128,AUS,HUN,2710
634931,15,102,911,2014,327194944.0,467425312.0,1.7116790000000002,-0.140232,AUT,HUN,2710
634932,16,102,911,2014,49723.0,1440785.0,-0.909508,-1.165158,AZE,HUN,2710
634933,18,102,911,2014,25792214.0,1765294.0,1.234156,1.226441,BEL,HUN,2710
634934,23,102,911,2014,4651856.0,17447302.0,0.579058,1.6558110000000001,BGR,HUN,2710
634935,24,102,911,2014,0.0,72822.0,0.460168,-0.41671099999999994,BHR,HUN,2710
634936,25,102,911,2014,0.0,22530.0,0.314465,-0.60458,BHS,HUN,2710
634937,26,102,911,2014,715267.0,28082706.0,0.5083300000000001,0.711704,BIH,HUN,2710
634938,28,102,911,2014,6650000.0,943746.0,0.874108,0.676231,BLR,HUN,2710
634939,38,102,911,2014,0.0,145127.0,0.695875,0.543384,CAF,HUN,2710
634940,39,102,911,2014,5337.0,17927.0,0.671395,1.024683,CAN,HUN,2710
634941,41,102,911,2014,1049793.0,15644487.0,2.2000919999999997,0.65398,CHE,HUN,2710
634942,43,102,911,2014,1933976.0,193424.0,1.187557,1.222085,CHN,HUN,2710
634943,47,102,911,2014,0.0,44426.0,-1.371624,-1.12468,COG,HUN,2710
634944,49,102,911,2014,0.0,988.0,0.19864500000000002,-0.378364,COL,HUN,2710
634945,51,102,911,2014,0.0,7396.0,-0.182368,-0.7136359999999999,CPV,HUN,2710
634946,54,102,911,2014,0.0,8473.0,-0.476786,-0.952291,CUB,HUN,2710
634947,58,102,911,2014,0.0,3427302.0,0.627467,0.483725,CYP,HUN,2710
634948,59,102,911,2014,166212576.0,18381842.0,1.8105830000000003,0.131131,CZE,HUN,2710
634949,61,102,911,2014,69235048.0,112509936.0,2.052849,-2.888805,DEU,HUN,2710
634950,64,102,911,2014,15762.0,38358.0,1.10869,1.245193,DNK,HUN,2710
634951,66,102,911,2014,0.0,42770.0,-1.5554649999999999,-1.1657030000000002,DZA,HUN,2710
634952,68,102,911,2014,0.0,2350099.0,-0.086866,1.7419669999999998,EGY,HUN,2710
634953,71,102,911,2014,1471348.0,137644.0,0.842147,2.45692,ESP,HUN,2710
634954,72,102,911,2014,0.0,55295.0,0.9147780000000001,1.151556,EST,HUN,2710
634955,74,102,911,2014,17910.0,3270.0,1.626355,1.002923,FIN,HUN,2710
634956,77,102,911,2014,7384246.0,1711980.0,1.4817790000000002,0.30995,FRA,HUN,2710
634957,81,102,911,2014,1572135.0,4875351.0,1.697964,0.585372,GBR,HUN,2710
634958,82,102,911,2014,0.0,194499.0,-0.254106,-0.646584,GEO,HUN,2710
634959,90,102,911,2014,917.0,2998427.0,0.149337,0.8560540000000001,GRC,HUN,2710
634960,100,102,911,2014,77649352.0,86164184.0,0.804401,1.250807,HRV,HUN,2710
634961,103,102,911,2014,0.0,1301.0,-0.088032,1.3966459999999998,IDN,HUN,2710
634962,104,102,911,2014,0.0,929.0,0.262042,2.6305080000000003,IND,HUN,2710
634963,106,102,911,2014,3712.0,28653.0,1.2658399999999999,0.278546,IRL,HUN,2710
634964,107,102,911,2014,0.0,3813612.0,-0.361058,-0.312743,IRN,HUN,2710
634965,108,102,911,2014,0.0,147908.0,-2.9169,-0.882023,IRQ,HUN,2710
634966,109,102,911,2014,7422.0,205087.0,0.127891,-0.302014,ISL,HUN,2710
634967,110,102,911,2014,55462.0,6000344.0,1.211141,0.64523,ISR,HUN,2710
634968,111,102,911,2014,18760722.0,8315300.0,1.340136,0.43931099999999995,ITA,HUN,2710
634969,113,102,911,2014,0.0,220916.0,0.210208,0.48732299999999995,JOR,HUN,2710
634970,114,102,911,2014,113035.0,70203.0,2.403165,-0.635024,JPN,HUN,2710
634971,115,102,911,2014,0.0,136281.0,-0.210431,-0.574075,KAZ,HUN,2710
634972,121,102,911,2014,9322.0,42372.0,1.817145,0.8394530000000001,KOR,HUN,2710
634973,122,102,911,2014,0.0,11575.0,-0.769616,-1.10667,KWT,HUN,2710
634974,124,102,911,2014,0.0,5931650.0,0.308677,1.7564490000000001,LBN,HUN,2710
634975,130,102,911,2014,2987521.0,1114756.0,0.764495,1.3451540000000002,LTU,HUN,2710
634976,131,102,911,2014,7089.0,1210480.0,1.243845,1.155474,LUX,HUN,2710
634977,132,102,911,2014,62343.0,381268.0,0.613116,1.1899790000000001,LVA,HUN,2710
634978,134,102,911,2014,0.0,75546.0,-0.574034,0.065788,MAR,HUN,2710
634979,135,102,911,2014,0.0,7848798.0,-0.10438199999999999,-0.093194,MDA,HUN,2710
634980,137,102,911,2014,0.0,8702.0,-0.43265299999999995,-0.82696,MDV,HUN,2710
634981,140,102,911,2014,4191090.0,407966.0,-0.039799,-0.05545,MKD,HUN,2710
634982,142,102,911,2014,0.0,929078.0,0.817013,0.0016309999999999999,MLT,HUN,2710
634983,144,102,911,2014,0.0,60804.0,-0.17039100000000001,-0.21762399999999998,MNE,HUN,2710
634984,153,102,911,2014,0.0,8594.0,1.018138,0.774649,MYS,HUN,2710
634985,162,102,911,2014,5429245.0,2194947.0,1.179325,1.355071,NLD,HUN,2710
634986,163,102,911,2014,21438.0,1741651.0,0.9187049999999999,0.182685,NOR,HUN,2710
634987,167,102,911,2014,4875.0,153053.0,-0.505129,-1.0051370000000002,OMN,HUN,2710
634988,168,102,911,2014,0.0,46173.0,-0.672924,0.566787,PAK,HUN,2710
634989,177,102,911,2014,26683924.0,41760012.0,1.133102,1.177165,POL,HUN,2710
634990,183,102,911,2014,0.0,1730295.0,-0.37535599999999997,-1.0196370000000001,QAT,HUN,2710
634991,185,102,911,2014,182224576.0,502112288.0,0.9112,1.188161,ROU,HUN,2710
634992,186,102,911,2014,302529088.0,9751107.0,0.229422,-0.214856,RUS,HUN,2710
634993,188,102,911,2014,0.0,78898.0,0.5758439999999999,-0.832692,SAU,HUN,2710
634994,192,102,911,2014,0.0,14065.0,1.867492,0.626736,SGP,HUN,2710
634995,201,102,911,2014,5490227.0,309464416.0,0.551635,1.211535,SRB,HUN,2710
634996,205,102,911,2014,0.0,137658.0,-0.6333989999999999,-0.857643,SUR,HUN,2710
634997,206,102,911,2014,612704448.0,128296456.0,1.334959,0.821253,SVK,HUN,2710
634998,207,102,911,2014,95988480.0,152429664.0,1.6558669999999998,0.6814399999999999,SVN,HUN,2710
634999,208,102,911,2014,375957.0,0.0,1.817752,0.558474,SWE,HUN,2710
635000,211,102,911,2014,0.0,4064.0,0.358111,-0.484879,SYC,HUN,2710
635001,216,102,911,2014,0.0,81898.0,0.977094,1.41283,THA,HUN,2710
635002,219,102,911,2014,0.0,32822.0,-1.217897,-1.184131,TKM,HUN,2710
635003,223,102,911,2014,0.0,3635808.0,0.343449,1.118007,TUN,HUN,2710
635004,224,102,911,2014,957601.0,11486512.0,0.554761,2.385693,TUR,HUN,2710
635005,228,102,911,2014,19178218.0,85699488.0,0.566535,0.832267,UKR,HUN,2710
635006,231,102,911,2014,587468.0,45015.0,1.61227,0.068905,USA,HUN,2710
635007,232,102,911,2014,327731.0,645893.0,-0.407623,-0.37150700000000003,UZB,HUN,2710
635008,249,102,911,2014,0.0,650414.0,1.9044189999999999,1.0595139999999998,TWN,HUN,2710
635009,5,103,911,2014,6718179.0,0.0,0.533246,-0.41617,AND,IDN,2710
635010,7,103,911,2014,174464976.0,1539688.0,0.087775,-0.289459,ARE,IDN,2710
635011,9,103,911,2014,0.0,948.0,-0.198322,-0.5918680000000001,ARM,IDN,2710
635012,14,103,911,2014,47970688.0,129359568.0,-0.398273,-0.17128,AUS,IDN,2710
635013,15,103,911,2014,2435.0,0.0,1.7116790000000002,-0.140232,AUT,IDN,2710
635014,16,103,911,2014,2775.0,0.0,-0.909508,-1.165158,AZE,IDN,2710
635015,18,103,911,2014,12576944.0,1714.0,1.234156,1.226441,BEL,IDN,2710
635016,21,103,911,2014,0.0,16597.0,-0.922401,-0.9554379999999999,BFA,IDN,2710
635017,22,103,911,2014,0.0,2308716.0,-1.0341879999999999,-0.9614870000000001,BGD,IDN,2710
635018,23,103,911,2014,10562.0,0.0,0.579058,1.6558110000000001,BGR,IDN,2710
635019,24,103,911,2014,105144304.0,157491.0,0.460168,-0.41671099999999994,BHR,IDN,2710
635020,32,103,911,2014,13261.0,1228.0,0.218223,0.556921,BRA,IDN,2710
635021,34,103,911,2014,0.0,7242.0,0.191357,-0.683567,BRN,IDN,2710
635022,39,103,911,2014,851305.0,0.0,0.671395,1.024683,CAN,IDN,2710
635023,41,103,911,2014,129399.0,0.0,2.2000919999999997,0.65398,CHE,IDN,2710
635024,43,103,911,2014,1648079232.0,160306368.0,1.187557,1.222085,CHN,IDN,2710
635025,59,103,911,2014,10499.0,0.0,1.8105830000000003,0.131131,CZE,IDN,2710
635026,61,103,911,2014,4666278.0,6106886.0,2.052849,-2.888805,DEU,IDN,2710
635027,67,103,911,2014,0.0,21102.0,-1.066865,-1.052921,ECU,IDN,2710
635028,71,103,911,2014,434826.0,0.0,0.842147,2.45692,ESP,IDN,2710
635029,73,103,911,2014,0.0,23083.0,-1.296535,-1.045942,ETH,IDN,2710
635030,74,103,911,2014,0.0,14975.0,1.626355,1.002923,FIN,IDN,2710
635031,77,103,911,2014,1100794.0,837629.0,1.4817790000000002,0.30995,FRA,IDN,2710
635032,81,103,911,2014,381751.0,0.0,1.697964,0.585372,GBR,IDN,2710
635033,90,103,911,2014,29996918.0,0.0,0.149337,0.8560540000000001,GRC,IDN,2710
635034,97,103,911,2014,33996004.0,3541293.0,0.812132,1.722493,HKG,IDN,2710
635035,102,103,911,2014,1301.0,0.0,1.477093,0.812869,HUN,IDN,2710
635036,104,103,911,2014,899802880.0,2783914.0,0.262042,2.6305080000000003,IND,IDN,2710
635037,107,103,911,2014,4663531.0,0.0,-0.361058,-0.312743,IRN,IDN,2710
635038,109,103,911,2014,18863.0,0.0,0.127891,-0.302014,ISL,IDN,2710
635039,110,103,911,2014,0.0,909.0,1.211141,0.64523,ISR,IDN,2710
635040,111,103,911,2014,235904.0,45715.0,1.340136,0.43931099999999995,ITA,IDN,2710
635041,114,103,911,2014,71385584.0,215470192.0,2.403165,-0.635024,JPN,IDN,2710
635042,118,103,911,2014,0.0,112637.0,-0.84072,-0.8307040000000001,KHM,IDN,2710
635043,121,103,911,2014,3764271872.0,343389920.0,1.817145,0.8394530000000001,KOR,IDN,2710
635044,122,103,911,2014,882094016.0,71366.0,-0.769616,-1.10667,KWT,IDN,2710
635045,123,103,911,2014,1277.0,0.0,-1.054294,-0.869916,LAO,IDN,2710
635046,124,103,911,2014,0.0,57110.0,0.308677,1.7564490000000001,LBN,IDN,2710
635047,128,103,911,2014,270741.0,355998.0,-0.49366899999999997,0.338686,LKA,IDN,2710
635048,136,103,911,2014,19787.0,0.0,-1.002122,-0.44446,MDG,IDN,2710
635049,137,103,911,2014,0.0,35121.0,-0.43265299999999995,-0.82696,MDV,IDN,2710
635050,138,103,911,2014,64795.0,0.0,1.0799729999999998,0.697554,MEX,IDN,2710
635051,142,103,911,2014,1603376.0,0.0,0.817013,0.0016309999999999999,MLT,IDN,2710
635052,143,103,911,2014,0.0,316654.0,-1.5332459999999999,-1.145973,MMR,IDN,2710
635053,151,103,911,2014,0.0,11063.0,-0.029891,-0.12431099999999999,MUS,IDN,2710
635054,153,103,911,2014,3620520448.0,350516064.0,1.018138,0.774649,MYS,IDN,2710
635055,156,103,911,2014,0.0,4813926.0,-0.509789,-0.767484,NCL,IDN,2710
635056,159,103,911,2014,104604920.0,269844.0,-1.2126430000000001,-1.059697,NGA,IDN,2710
635057,162,103,911,2014,1489623.0,79417272.0,1.179325,1.355071,NLD,IDN,2710
635058,164,103,911,2014,0.0,28966.0,-0.11988199999999999,0.655883,NPL,IDN,2710
635059,166,103,911,2014,2803.0,522918.0,0.272502,0.21628699999999998,NZL,IDN,2710
635060,167,103,911,2014,12937588.0,42948.0,-0.505129,-1.0051370000000002,OMN,IDN,2710
635061,168,103,911,2014,0.0,40059.0,-0.672924,0.566787,PAK,IDN,2710
635062,169,103,911,2014,17894604.0,3749.0,0.771742,0.9873190000000001,PAN,IDN,2710
635063,173,103,911,2014,2437805.0,0.0,-0.557833,0.611826,PER,IDN,2710
635064,174,103,911,2014,1257480.0,4090583.0,0.637442,0.475883,PHL,IDN,2710
635065,176,103,911,2014,0.0,23103.0,-1.564904,-1.146255,PNG,IDN,2710
635066,177,103,911,2014,755800.0,0.0,1.133102,1.177165,POL,IDN,2710
635067,179,103,911,2014,209479.0,0.0,0.621053,2.349644,PRT,IDN,2710
635068,183,103,911,2014,179258000.0,5643.0,-0.37535599999999997,-1.0196370000000001,QAT,IDN,2710
635069,186,103,911,2014,295936480.0,0.0,0.229422,-0.214856,RUS,IDN,2710
635070,188,103,911,2014,287228960.0,175078.0,0.5758439999999999,-0.832692,SAU,IDN,2710
635071,191,103,911,2014,0.0,10952.0,-0.502607,-0.08866,SEN,IDN,2710
635072,192,103,911,2014,14111706112.0,706405056.0,1.867492,0.626736,SGP,IDN,2710
635073,195,103,911,2014,0.0,10325.0,-0.862089,-0.9075840000000001,SLB,IDN,2710
635074,205,103,911,2014,0.0,11574.0,-0.6333989999999999,-0.857643,SUR,IDN,2710
635075,208,103,911,2014,810920.0,2077.0,1.817752,0.558474,SWE,IDN,2710
635076,215,103,911,2014,0.0,5355017.0,-0.524103,-0.537643,TGO,IDN,2710
635077,216,103,911,2014,128357504.0,4861318.0,0.977094,1.41283,THA,IDN,2710
635078,220,103,911,2014,0.0,6333126.0,-1.365212,-0.896716,TLS,IDN,2710
635079,224,103,911,2014,37351.0,0.0,0.554761,2.385693,TUR,IDN,2710
635080,228,103,911,2014,9855.0,0.0,0.566535,0.832267,UKR,IDN,2710
635081,231,103,911,2014,16859112.0,7121884.0,1.61227,0.068905,USA,IDN,2710
635082,239,103,911,2014,2577799.0,2844099.0,-0.023765,1.344416,VNM,IDN,2710
635083,243,103,911,2014,0.0,718904.0,-1.2829190000000001,-1.227373,YEM,IDN,2710
635084,246,103,911,2014,121023.0,362558.0,0.282927,1.723214,ZAF,IDN,2710
635085,249,103,911,2014,258517552.0,27158588.0,1.9044189999999999,1.0595139999999998,TWN,IDN,2710
635086,1,104,911,2014,0.0,567540.0,-0.924386,-0.839385,AFG,IND,2710
635087,2,104,911,2014,60686.0,909081.0,-1.8184900000000002,-1.149191,AGO,IND,2710
635088,5,104,911,2014,0.0,76.0,0.533246,-0.41617,AND,IND,2710
635089,7,104,911,2014,494118944.0,6098848768.0,0.087775,-0.289459,ARE,IND,2710
635090,8,104,911,2014,3464.0,2188282.0,0.10691500000000001,0.44860600000000006,ARG,IND,2710
635091,13,104,911,2014,1199.0,0.0,0.169764,-0.621576,ATG,IND,2710
635092,14,104,911,2014,707937.0,326823552.0,-0.398273,-0.17128,AUS,IND,2710
635093,15,104,911,2014,117687.0,65584.0,1.7116790000000002,-0.140232,AUT,IND,2710
635094,16,104,911,2014,177295.0,168029.0,-0.909508,-1.165158,AZE,IND,2710
635095,17,104,911,2014,0.0,1030733.0,-0.242256,-0.8567879999999999,BDI,IND,2710
635096,18,104,911,2014,50282392.0,106448912.0,1.234156,1.226441,BEL,IND,2710
635097,19,104,911,2014,0.0,55711.0,-0.342225,-0.618789,BEN,IND,2710
635098,21,104,911,2014,0.0,2861328.0,-0.922401,-0.9554379999999999,BFA,IND,2710
635099,22,104,911,2014,4565.0,128801944.0,-1.0341879999999999,-0.9614870000000001,BGD,IND,2710
635100,23,104,911,2014,8160.0,444825.0,0.579058,1.6558110000000001,BGR,IND,2710
635101,24,104,911,2014,57285880.0,5075082.0,0.460168,-0.41671099999999994,BHR,IND,2710
635102,25,104,911,2014,1363.0,63698372.0,0.314465,-0.60458,BHS,IND,2710
635103,26,104,911,2014,0.0,8869.0,0.5083300000000001,0.711704,BIH,IND,2710
635104,28,104,911,2014,2932414.0,21861.0,0.874108,0.676231,BLR,IND,2710
635105,29,104,911,2014,0.0,8692.0,-0.324446,-0.552126,BLZ,IND,2710
635106,31,104,911,2014,0.0,10385.0,-1.129494,-1.030198,BOL,IND,2710
635107,32,104,911,2014,14221487.0,4196544256.0,0.218223,0.556921,BRA,IND,2710
635108,34,104,911,2014,0.0,2314.0,0.191357,-0.683567,BRN,IND,2710
635109,35,104,911,2014,0.0,57712840.0,-0.24597199999999997,-0.758838,BTN,IND,2710
635110,37,104,911,2014,0.0,922.0,-0.60221,-1.104578,BWA,IND,2710
635111,39,104,911,2014,331471.0,267882.0,0.671395,1.024683,CAN,IND,2710
635112,41,104,911,2014,397096.0,1071.0,2.2000919999999997,0.65398,CHE,IND,2710
635113,42,104,911,2014,0.0,1587051.0,-0.344671,-0.43380799999999997,CHL,IND,2710
635114,43,104,911,2014,12574806.0,1381422464.0,1.187557,1.222085,CHN,IND,2710
635115,44,104,911,2014,17237.0,4112351.0,-0.737625,-0.768728,CIV,IND,2710
635116,45,104,911,2014,0.0,4394838.0,-0.6723520000000001,-0.945084,CMR,IND,2710
635117,46,104,911,2014,3487.0,2458130.0,-1.6680240000000002,-1.1265129999999999,COD,IND,2710
635118,47,104,911,2014,0.0,528877.0,-1.371624,-1.12468,COG,IND,2710
635119,49,104,911,2014,58375.0,1282930.0,0.19864500000000002,-0.378364,COL,IND,2710
635120,51,104,911,2014,0.0,10249.0,-0.182368,-0.7136359999999999,CPV,IND,2710
635121,52,104,911,2014,0.0,250850.0,0.065938,-0.687971,CRI,IND,2710
635122,54,104,911,2014,0.0,451064.0,-0.476786,-0.952291,CUB,IND,2710
635123,55,104,911,2014,0.0,511740.0,-0.00902,-0.683643,CUW,IND,2710
635124,58,104,911,2014,640212.0,0.0,0.627467,0.483725,CYP,IND,2710
635125,59,104,911,2014,387210.0,9596.0,1.8105830000000003,0.131131,CZE,IND,2710
635126,61,104,911,2014,18994674.0,24874428.0,2.052849,-2.888805,DEU,IND,2710
635127,62,104,911,2014,0.0,58247516.0,-0.394602,-0.74178,DJI,IND,2710
635128,64,104,911,2014,67862.0,9133448.0,1.10869,1.245193,DNK,IND,2710
635129,65,104,911,2014,0.0,543760.0,-0.180845,0.508512,DOM,IND,2710
635130,66,104,911,2014,221567024.0,3233212.0,-1.5554649999999999,-1.1657030000000002,DZA,IND,2710
635131,67,104,911,2014,1874.0,61965956.0,-1.066865,-1.052921,ECU,IND,2710
635132,68,104,911,2014,149741.0,612841344.0,-0.086866,1.7419669999999998,EGY,IND,2710
635133,69,104,911,2014,0.0,352119.0,-2.345215,-1.051413,ERI,IND,2710
635134,71,104,911,2014,16308938.0,28664464.0,0.842147,2.45692,ESP,IND,2710
635135,73,104,911,2014,0.0,13430568.0,-1.296535,-1.045942,ETH,IND,2710
635136,74,104,911,2014,594154.0,41592176.0,1.626355,1.002923,FIN,IND,2710
635137,75,104,911,2014,0.0,657867.0,-0.306346,-0.07688500000000001,FJI,IND,2710
635138,77,104,911,2014,18536754.0,775378752.0,1.4817790000000002,0.30995,FRA,IND,2710
635139,80,104,911,2014,0.0,24083.0,-1.625474,-1.135973,GAB,IND,2710
635140,81,104,911,2014,4181643.0,580391168.0,1.697964,0.585372,GBR,IND,2710
635141,82,104,911,2014,1030045.0,65046.0,-0.254106,-0.646584,GEO,IND,2710
635142,83,104,911,2014,0.0,7151658.0,-1.130226,-0.9909379999999999,GHA,IND,2710
635143,84,104,911,2014,0.0,574091584.0,0.275796,-0.720217,GIB,IND,2710
635144,85,104,911,2014,3020.0,754559.0,-1.628409,-1.202473,GIN,IND,2710
635145,87,104,911,2014,0.0,38533.0,-0.905488,-0.7892819999999999,GMB,IND,2710
635146,90,104,911,2014,594486.0,3948580.0,0.149337,0.8560540000000001,GRC,IND,2710
635147,93,104,911,2014,0.0,697840.0,-0.36547199999999996,0.548894,GTM,IND,2710
635148,95,104,911,2014,0.0,7149.0,0.6368119999999999,-0.01771,GUM,IND,2710
635149,96,104,911,2014,0.0,34927.0,-1.068777,-1.038227,GUY,IND,2710
635150,97,104,911,2014,2086948.0,10878760.0,0.812132,1.722493,HKG,IND,2710
635151,99,104,911,2014,0.0,557505.0,-0.467004,0.045511,HND,IND,2710
635152,100,104,911,2014,0.0,63403.0,0.804401,1.250807,HRV,IND,2710
635153,101,104,911,2014,0.0,86217.0,-1.10887,-1.032108,HTI,IND,2710
635154,102,104,911,2014,929.0,0.0,1.477093,0.812869,HUN,IND,2710
635155,103,104,911,2014,2783914.0,899802880.0,-0.088032,1.3966459999999998,IDN,IND,2710
635156,106,104,911,2014,34751.0,309242.0,1.2658399999999999,0.278546,IRL,IND,2710
635157,107,104,911,2014,54334596.0,45170812.0,-0.361058,-0.312743,IRN,IND,2710
635158,108,104,911,2014,2513755.0,27022078.0,-2.9169,-0.882023,IRQ,IND,2710
635159,110,104,911,2014,576905.0,1250718080.0,1.211141,0.64523,ISR,IND,2710
635160,111,104,911,2014,12150682.0,649060416.0,1.340136,0.43931099999999995,ITA,IND,2710
635161,112,104,911,2014,14095.0,76651.0,-0.42745299999999997,-0.7750130000000001,JAM,IND,2710
635162,113,104,911,2014,0.0,655759104.0,0.210208,0.48732299999999995,JOR,IND,2710
635163,114,104,911,2014,14967412.0,2063779200.0,2.403165,-0.635024,JPN,IND,2710
635164,115,104,911,2014,0.0,106463.0,-0.210431,-0.574075,KAZ,IND,2710
635165,116,104,911,2014,0.0,3019208448.0,-0.487058,0.307288,KEN,IND,2710
635166,117,104,911,2014,218322.0,3572.0,-0.31942600000000004,-0.012454,KGZ,IND,2710
635167,118,104,911,2014,0.0,17963.0,-0.84072,-0.8307040000000001,KHM,IND,2710
635168,121,104,911,2014,738574592.0,1623810560.0,1.817145,0.8394530000000001,KOR,IND,2710
635169,122,104,911,2014,882919.0,8834263.0,-0.769616,-1.10667,KWT,IND,2710
635170,124,104,911,2014,1410.0,126011.0,0.308677,1.7564490000000001,LBN,IND,2710
635171,125,104,911,2014,10263.0,1256554.0,-1.016828,-1.107983,LBR,IND,2710
635172,126,104,911,2014,0.0,216190.0,-1.5943829999999999,-1.189961,LBY,IND,2710
635173,128,104,911,2014,21524636.0,639047488.0,-0.49366899999999997,0.338686,LKA,IND,2710
635174,130,104,911,2014,0.0,34776.0,0.764495,1.3451540000000002,LTU,IND,2710
635175,131,104,911,2014,24078.0,0.0,1.243845,1.155474,LUX,IND,2710
635176,132,104,911,2014,0.0,186069.0,0.613116,1.1899790000000001,LVA,IND,2710
635177,134,104,911,2014,0.0,3423701.0,-0.574034,0.065788,MAR,IND,2710
635178,136,104,911,2014,0.0,48001.0,-1.002122,-0.44446,MDG,IND,2710
635179,137,104,911,2014,56201.0,12603891.0,-0.43265299999999995,-0.82696,MDV,IND,2710
635180,138,104,911,2014,7141.0,835137.0,1.0799729999999998,0.697554,MEX,IND,2710
635181,139,104,911,2014,0.0,268652.0,-0.22505,-0.803084,MHL,IND,2710
635182,140,104,911,2014,0.0,27769.0,-0.039799,-0.05545,MKD,IND,2710
635183,141,104,911,2014,0.0,286258.0,-1.199063,-1.05497,MLI,IND,2710
635184,142,104,911,2014,1839.0,275795968.0,0.817013,0.0016309999999999999,MLT,IND,2710
635185,143,104,911,2014,0.0,2984730.0,-1.5332459999999999,-1.145973,MMR,IND,2710
635186,144,104,911,2014,0.0,76338.0,-0.17039100000000001,-0.21762399999999998,MNE,IND,2710
635187,147,104,911,2014,626.0,1447525248.0,-1.1993610000000001,-1.040181,MOZ,IND,2710
635188,148,104,911,2014,3610.0,222815.0,-1.458551,-1.225373,MRT,IND,2710
635189,151,104,911,2014,0.0,1083495168.0,-0.029891,-0.12431099999999999,MUS,IND,2710
635190,152,104,911,2014,0.0,19071.0,-0.494204,-0.751903,MWI,IND,2710
635191,153,104,911,2014,239569312.0,1031839104.0,1.018138,0.774649,MYS,IND,2710
635192,155,104,911,2014,18942.0,24205068.0,-0.428227,-0.5632229999999999,NAM,IND,2710
635193,157,104,911,2014,0.0,87012.0,-0.7187,-0.80918,NER,IND,2710
635194,159,104,911,2014,900938752.0,22151798.0,-1.2126430000000001,-1.059697,NGA,IND,2710
635195,160,104,911,2014,444788.0,17289.0,-0.938269,-0.839066,NIC,IND,2710
635196,162,104,911,2014,9180780.0,2586990336.0,1.179325,1.355071,NLD,IND,2710
635197,163,104,911,2014,2297437.0,57562.0,0.9187049999999999,0.182685,NOR,IND,2710
635198,164,104,911,2014,0.0,921524608.0,-0.11988199999999999,0.655883,NPL,IND,2710
635199,166,104,911,2014,70501.0,2601213.0,0.272502,0.21628699999999998,NZL,IND,2710
635200,167,104,911,2014,55948996.0,851226496.0,-0.505129,-1.0051370000000002,OMN,IND,2710
635201,168,104,911,2014,77113744.0,20541240.0,-0.672924,0.566787,PAK,IND,2710
635202,169,104,911,2014,4123.0,81921.0,0.771742,0.9873190000000001,PAN,IND,2710
635203,173,104,911,2014,0.0,1859516.0,-0.557833,0.611826,PER,IND,2710
635204,174,104,911,2014,293804.0,113202440.0,0.637442,0.475883,PHL,IND,2710
635205,176,104,911,2014,0.0,60693.0,-1.564904,-1.146255,PNG,IND,2710
635206,177,104,911,2014,2184963.0,1676169.0,1.133102,1.177165,POL,IND,2710
635207,178,104,911,2014,112539.0,0.0,-0.23883000000000001,-0.009727,PRK,IND,2710
635208,179,104,911,2014,1784052.0,36739276.0,0.621053,2.349644,PRT,IND,2710
635209,180,104,911,2014,0.0,1219026.0,-0.608509,-0.930679,PRY,IND,2710
635210,181,104,911,2014,0.0,41263.0,0.030643,0.601905,PSE,IND,2710
635211,183,104,911,2014,303595968.0,26534810.0,-0.37535599999999997,-1.0196370000000001,QAT,IND,2710
635212,185,104,911,2014,8145138.0,555335.0,0.9112,1.188161,ROU,IND,2710
635213,186,104,911,2014,181184208.0,7569679.0,0.229422,-0.214856,RUS,IND,2710
635214,187,104,911,2014,41371.0,218721.0,-0.5692659999999999,-0.447859,RWA,IND,2710
635215,188,104,911,2014,42497296.0,6548387840.0,0.5758439999999999,-0.832692,SAU,IND,2710
635216,190,104,911,2014,0.0,2196508.0,-1.442381,-1.1155030000000001,SDN,IND,2710
635217,191,104,911,2014,11966.0,2076662.0,-0.502607,-0.08866,SEN,IND,2710
635218,192,104,911,2014,567621120.0,4934705664.0,1.867492,0.626736,SGP,IND,2710
635219,194,104,911,2014,0.0,167495.0,1.125419,-0.183407,SHN,IND,2710
635220,195,104,911,2014,1677.0,0.0,-0.862089,-0.9075840000000001,SLB,IND,2710
635221,196,104,911,2014,0.0,148045.0,-0.9228569999999999,-0.791482,SLE,IND,2710
635222,197,104,911,2014,0.0,79593.0,0.08653999999999999,0.29088600000000003,SLV,IND,2710
635223,199,104,911,2014,0.0,735987.0,-1.41991,-1.010693,SOM,IND,2710
635224,201,104,911,2014,0.0,129799.0,0.551635,1.211535,SRB,IND,2710
635225,205,104,911,2014,0.0,27290.0,-0.6333989999999999,-0.857643,SUR,IND,2710
635226,206,104,911,2014,0.0,19070.0,1.334959,0.821253,SVK,IND,2710
635227,207,104,911,2014,806.0,351230.0,1.6558669999999998,0.6814399999999999,SVN,IND,2710
635228,208,104,911,2014,1755587.0,185988.0,1.817752,0.558474,SWE,IND,2710
635229,211,104,911,2014,0.0,1371.0,0.358111,-0.484879,SYC,IND,2710
635230,212,104,911,2014,0.0,2732290.0,-0.366224,0.9054719999999999,SYR,IND,2710
635231,213,104,911,2014,0.0,14536.0,0.474182,-0.198892,TCA,IND,2710
635232,214,104,911,2014,0.0,230990.0,-2.012048,-0.921558,TCD,IND,2710
635233,215,104,911,2014,0.0,343419104.0,-0.524103,-0.537643,TGO,IND,2710
635234,216,104,911,2014,23683352.0,65665928.0,0.977094,1.41283,THA,IND,2710
635235,219,104,911,2014,0.0,57666.0,-1.217897,-1.184131,TKM,IND,2710
635236,222,104,911,2014,39542.0,481530.0,-0.57362,-1.117545,TTO,IND,2710
635237,223,104,911,2014,0.0,327856.0,0.343449,1.118007,TUN,IND,2710
635238,224,104,911,2014,1800042.0,1565763968.0,0.554761,2.385693,TUR,IND,2710
635239,225,104,911,2014,23317.0,0.0,1.127623,-0.482033,TUV,IND,2710
635240,226,104,911,2014,0.0,2574938112.0,-1.054331,0.166345,TZA,IND,2710
635241,227,104,911,2014,0.0,6206089.0,-0.46911800000000003,0.25446599999999997,UGA,IND,2710
635242,228,104,911,2014,2902.0,884584.0,0.566535,0.832267,UKR,IND,2710
635243,230,104,911,2014,0.0,930673.0,0.154034,-0.380899,URY,IND,2710
635244,231,104,911,2014,162239280.0,4015321856.0,1.61227,0.068905,USA,IND,2710
635245,232,104,911,2014,1575256.0,3124.0,-0.407623,-0.37150700000000003,UZB,IND,2710
635246,236,104,911,2014,52090688.0,0.0,-0.582086,-1.081727,VEN,IND,2710
635247,237,104,911,2014,0.0,1138.0,0.484282,-0.082974,VGB,IND,2710
635248,239,104,911,2014,26718.0,67891232.0,-0.023765,1.344416,VNM,IND,2710
635249,241,104,911,2014,1022.0,0.0,1.0165819999999999,-0.481415,WLF,IND,2710
635250,243,104,911,2014,41133884.0,414711520.0,-1.2829190000000001,-1.227373,YEM,IND,2710
635251,246,104,911,2014,6236767.0,1891761792.0,0.282927,1.723214,ZAF,IND,2710
635252,247,104,911,2014,0.0,74775.0,-0.664089,-0.793452,ZMB,IND,2710
635253,248,104,911,2014,0.0,386057.0,-0.821369,-0.864232,ZWE,IND,2710
635254,249,104,911,2014,37334512.0,789309440.0,1.9044189999999999,1.0595139999999998,TWN,IND,2710
635255,250,104,911,2014,25853838.0,812963648.0,0.506842,0.049545,ANS,IND,2710
635256,7,106,911,2014,982.0,30486.0,0.087775,-0.289459,ARE,IRL,2710
635257,14,106,911,2014,2152.0,0.0,-0.398273,-0.17128,AUS,IRL,2710
635258,15,106,911,2014,1426.0,276300.0,1.7116790000000002,-0.140232,AUT,IRL,2710
635259,18,106,911,2014,52571884.0,433355.0,1.234156,1.226441,BEL,IRL,2710
635260,23,106,911,2014,31092662.0,3532.0,0.579058,1.6558110000000001,BGR,IRL,2710
635261,24,106,911,2014,0.0,1557.0,0.460168,-0.41671099999999994,BHR,IRL,2710
635262,28,106,911,2014,1244601.0,0.0,0.874108,0.676231,BLR,IRL,2710
635263,32,106,911,2014,0.0,69941.0,0.218223,0.556921,BRA,IRL,2710
635264,34,106,911,2014,0.0,1397.0,0.191357,-0.683567,BRN,IRL,2710
635265,39,106,911,2014,1010.0,1189.0,0.671395,1.024683,CAN,IRL,2710
635266,41,106,911,2014,2489044.0,7722.0,2.2000919999999997,0.65398,CHE,IRL,2710
635267,43,106,911,2014,2486765.0,50871.0,1.187557,1.222085,CHN,IRL,2710
635268,49,106,911,2014,0.0,2933.0,0.19864500000000002,-0.378364,COL,IRL,2710
635269,52,106,911,2014,3711.0,0.0,0.065938,-0.687971,CRI,IRL,2710
635270,59,106,911,2014,10947.0,282393.0,1.8105830000000003,0.131131,CZE,IRL,2710
635271,61,106,911,2014,26484078.0,4094236.0,2.052849,-2.888805,DEU,IRL,2710
635272,64,106,911,2014,1044871.0,1176649.0,1.10869,1.245193,DNK,IRL,2710
635273,66,106,911,2014,0.0,2852.0,-1.5554649999999999,-1.1657030000000002,DZA,IRL,2710
635274,68,106,911,2014,0.0,3358762.0,-0.086866,1.7419669999999998,EGY,IRL,2710
635275,71,106,911,2014,12254821.0,1239646.0,0.842147,2.45692,ESP,IRL,2710
635276,74,106,911,2014,11817270.0,0.0,1.626355,1.002923,FIN,IRL,2710
635277,77,106,911,2014,11002120.0,13500606.0,1.4817790000000002,0.30995,FRA,IRL,2710
635278,80,106,911,2014,46441.0,0.0,-1.625474,-1.135973,GAB,IRL,2710
635279,81,106,911,2014,2940820480.0,365855616.0,1.697964,0.585372,GBR,IRL,2710
635280,90,106,911,2014,98222.0,1140222.0,0.149337,0.8560540000000001,GRC,IRL,2710
635281,100,106,911,2014,0.0,1086.0,0.804401,1.250807,HRV,IRL,2710
635282,102,106,911,2014,28653.0,3712.0,1.477093,0.812869,HUN,IRL,2710
635283,104,106,911,2014,309242.0,34751.0,0.262042,2.6305080000000003,IND,IRL,2710
635284,108,106,911,2014,0.0,719.0,-2.9169,-0.882023,IRQ,IRL,2710
635285,109,106,911,2014,164426.0,22753.0,0.127891,-0.302014,ISL,IRL,2710
635286,110,106,911,2014,0.0,1261.0,1.211141,0.64523,ISR,IRL,2710
635287,111,106,911,2014,323465.0,155147.0,1.340136,0.43931099999999995,ITA,IRL,2710
635288,113,106,911,2014,0.0,2638.0,0.210208,0.48732299999999995,JOR,IRL,2710
635289,114,106,911,2014,25043.0,0.0,2.403165,-0.635024,JPN,IRL,2710
635290,115,106,911,2014,0.0,3372.0,-0.210431,-0.574075,KAZ,IRL,2710
635291,122,106,911,2014,0.0,36749.0,-0.769616,-1.10667,KWT,IRL,2710
635292,124,106,911,2014,0.0,3203.0,0.308677,1.7564490000000001,LBN,IRL,2710
635293,130,106,911,2014,14385.0,0.0,0.764495,1.3451540000000002,LTU,IRL,2710
635294,131,106,911,2014,39034.0,203931.0,1.243845,1.155474,LUX,IRL,2710
635295,142,106,911,2014,4900.0,3776.0,0.817013,0.0016309999999999999,MLT,IRL,2710
635296,147,106,911,2014,0.0,2588983.0,-1.1993610000000001,-1.040181,MOZ,IRL,2710
635297,153,106,911,2014,0.0,5086328.0,1.018138,0.774649,MYS,IRL,2710
635298,155,106,911,2014,226661.0,0.0,-0.428227,-0.5632229999999999,NAM,IRL,2710
635299,156,106,911,2014,0.0,6481.0,-0.509789,-0.767484,NCL,IRL,2710
635300,159,106,911,2014,0.0,2338.0,-1.2126430000000001,-1.059697,NGA,IRL,2710
635301,162,106,911,2014,206040848.0,29407476.0,1.179325,1.355071,NLD,IRL,2710
635302,163,106,911,2014,158229696.0,3057.0,0.9187049999999999,0.182685,NOR,IRL,2710
635303,166,106,911,2014,0.0,176229.0,0.272502,0.21628699999999998,NZL,IRL,2710
635304,167,106,911,2014,0.0,1614.0,-0.505129,-1.0051370000000002,OMN,IRL,2710
635305,168,106,911,2014,0.0,20087.0,-0.672924,0.566787,PAK,IRL,2710
635306,177,106,911,2014,9151105.0,17723.0,1.133102,1.177165,POL,IRL,2710
635307,179,106,911,2014,0.0,5471.0,0.621053,2.349644,PRT,IRL,2710
635308,183,106,911,2014,0.0,2593.0,-0.37535599999999997,-1.0196370000000001,QAT,IRL,2710
635309,185,106,911,2014,0.0,19669.0,0.9112,1.188161,ROU,IRL,2710
635310,186,106,911,2014,95181624.0,2940.0,0.229422,-0.214856,RUS,IRL,2710
635311,188,106,911,2014,5985022.0,52501.0,0.5758439999999999,-0.832692,SAU,IRL,2710
635312,192,106,911,2014,0.0,4813.0,1.867492,0.626736,SGP,IRL,2710
635313,196,106,911,2014,0.0,2630.0,-0.9228569999999999,-0.791482,SLE,IRL,2710
635314,201,106,911,2014,271790.0,36138.0,0.551635,1.211535,SRB,IRL,2710
635315,206,106,911,2014,0.0,1235.0,1.334959,0.821253,SVK,IRL,2710
635316,208,106,911,2014,389602528.0,2155248.0,1.817752,0.558474,SWE,IRL,2710
635317,223,106,911,2014,0.0,746.0,0.343449,1.118007,TUN,IRL,2710
635318,224,106,911,2014,5615448.0,7138.0,0.554761,2.385693,TUR,IRL,2710
635319,228,106,911,2014,5268795.0,0.0,0.566535,0.832267,UKR,IRL,2710
635320,231,106,911,2014,9451174.0,267158080.0,1.61227,0.068905,USA,IRL,2710
635321,236,106,911,2014,0.0,25905008.0,-0.582086,-1.081727,VEN,IRL,2710
635322,246,106,911,2014,4548.0,4047.0,0.282927,1.723214,ZAF,IRL,2710
635323,247,106,911,2014,0.0,28158.0,-0.664089,-0.793452,ZMB,IRL,2710
635324,250,106,911,2014,19116962.0,39701296.0,0.506842,0.049545,ANS,IRL,2710
635325,2,110,911,2014,0.0,2306.0,-1.8184900000000002,-1.149191,AGO,ISR,2710
635326,4,110,911,2014,0.0,2978860.0,-0.476024,-0.33978400000000003,ALB,ISR,2710
635327,8,110,911,2014,0.0,23039.0,0.10691500000000001,0.44860600000000006,ARG,ISR,2710
635328,9,110,911,2014,0.0,5698876.0,-0.198322,-0.5918680000000001,ARM,ISR,2710
635329,14,110,911,2014,0.0,442871.0,-0.398273,-0.17128,AUS,ISR,2710
635330,15,110,911,2014,8060.0,1820.0,1.7116790000000002,-0.140232,AUT,ISR,2710
635331,16,110,911,2014,3239.0,0.0,-0.909508,-1.165158,AZE,ISR,2710
635332,18,110,911,2014,24586536.0,74372.0,1.234156,1.226441,BEL,ISR,2710
635333,19,110,911,2014,0.0,1686450.0,-0.342225,-0.618789,BEN,ISR,2710
635334,21,110,911,2014,0.0,1605198.0,-0.922401,-0.9554379999999999,BFA,ISR,2710
635335,23,110,911,2014,50989364.0,33884004.0,0.579058,1.6558110000000001,BGR,ISR,2710
635336,28,110,911,2014,3114.0,834534.0,0.874108,0.676231,BLR,ISR,2710
635337,32,110,911,2014,18328.0,215944.0,0.218223,0.556921,BRA,ISR,2710
635338,33,110,911,2014,0.0,500.0,0.44968400000000003,-0.15268900000000002,BRB,ISR,2710
635339,37,110,911,2014,0.0,1693.0,-0.60221,-1.104578,BWA,ISR,2710
635340,39,110,911,2014,78405.0,308553.0,0.671395,1.024683,CAN,ISR,2710
635341,41,110,911,2014,39337792.0,600316.0,2.2000919999999997,0.65398,CHE,ISR,2710
635342,42,110,911,2014,2874.0,4708.0,-0.344671,-0.43380799999999997,CHL,ISR,2710
635343,43,110,911,2014,7813605.0,594316.0,1.187557,1.222085,CHN,ISR,2710
635344,44,110,911,2014,0.0,24351.0,-0.737625,-0.768728,CIV,ISR,2710
635345,45,110,911,2014,0.0,43289.0,-0.6723520000000001,-0.945084,CMR,ISR,2710
635346,49,110,911,2014,0.0,53315.0,0.19864500000000002,-0.378364,COL,ISR,2710
635347,52,110,911,2014,0.0,6193.0,0.065938,-0.687971,CRI,ISR,2710
635348,58,110,911,2014,1277174.0,167196960.0,0.627467,0.483725,CYP,ISR,2710
635349,59,110,911,2014,3166738.0,188507.0,1.8105830000000003,0.131131,CZE,ISR,2710
635350,61,110,911,2014,9907165.0,33297904.0,2.052849,-2.888805,DEU,ISR,2710
635351,64,110,911,2014,17107.0,0.0,1.10869,1.245193,DNK,ISR,2710
635352,67,110,911,2014,0.0,9204.0,-1.066865,-1.052921,ECU,ISR,2710
635353,71,110,911,2014,32149068.0,167640704.0,0.842147,2.45692,ESP,ISR,2710
635354,73,110,911,2014,0.0,24545.0,-1.296535,-1.045942,ETH,ISR,2710
635355,74,110,911,2014,345592.0,0.0,1.626355,1.002923,FIN,ISR,2710
635356,77,110,911,2014,28995036.0,283477.0,1.4817790000000002,0.30995,FRA,ISR,2710
635357,81,110,911,2014,4672445.0,6313.0,1.697964,0.585372,GBR,ISR,2710
635358,82,110,911,2014,0.0,14678200.0,-0.254106,-0.646584,GEO,ISR,2710
635359,90,110,911,2014,82348632.0,129047392.0,0.149337,0.8560540000000001,GRC,ISR,2710
635360,93,110,911,2014,0.0,282516.0,-0.36547199999999996,0.548894,GTM,ISR,2710
635361,97,110,911,2014,148776.0,0.0,0.812132,1.722493,HKG,ISR,2710
635362,102,110,911,2014,6000344.0,55462.0,1.477093,0.812869,HUN,ISR,2710
635363,103,110,911,2014,909.0,0.0,-0.088032,1.3966459999999998,IDN,ISR,2710
635364,104,110,911,2014,1250718080.0,576905.0,0.262042,2.6305080000000003,IND,ISR,2710
635365,106,110,911,2014,1261.0,0.0,1.2658399999999999,0.278546,IRL,ISR,2710
635366,109,110,911,2014,18224250.0,1051.0,0.127891,-0.302014,ISL,ISR,2710
635367,111,110,911,2014,117404240.0,71650472.0,1.340136,0.43931099999999995,ITA,ISR,2710
635368,113,110,911,2014,32406.0,61411.0,0.210208,0.48732299999999995,JOR,ISR,2710
635369,114,110,911,2014,112677.0,10807735.0,2.403165,-0.635024,JPN,ISR,2710
635370,115,110,911,2014,0.0,9336.0,-0.210431,-0.574075,KAZ,ISR,2710
635371,117,110,911,2014,119025.0,0.0,-0.31942600000000004,-0.012454,KGZ,ISR,2710
635372,121,110,911,2014,1898419.0,51767672.0,1.817145,0.8394530000000001,KOR,ISR,2710
635373,130,110,911,2014,337802.0,0.0,0.764495,1.3451540000000002,LTU,ISR,2710
635374,131,110,911,2014,31527.0,0.0,1.243845,1.155474,LUX,ISR,2710
635375,132,110,911,2014,15533.0,0.0,0.613116,1.1899790000000001,LVA,ISR,2710
635376,135,110,911,2014,0.0,6770774.0,-0.10438199999999999,-0.093194,MDA,ISR,2710
635377,136,110,911,2014,0.0,519388.0,-1.002122,-0.44446,MDG,ISR,2710
635378,138,110,911,2014,0.0,145566.0,1.0799729999999998,0.697554,MEX,ISR,2710
635379,140,110,911,2014,0.0,801255.0,-0.039799,-0.05545,MKD,ISR,2710
635380,142,110,911,2014,4347835.0,24511592.0,0.817013,0.0016309999999999999,MLT,ISR,2710
635381,143,110,911,2014,0.0,1116.0,-1.5332459999999999,-1.145973,MMR,ISR,2710
635382,151,110,911,2014,0.0,964.0,-0.029891,-0.12431099999999999,MUS,ISR,2710
635383,159,110,911,2014,0.0,24043412.0,-1.2126430000000001,-1.059697,NGA,ISR,2710
635384,160,110,911,2014,0.0,832.0,-0.938269,-0.839066,NIC,ISR,2710
635385,162,110,911,2014,6585138.0,35716.0,1.179325,1.355071,NLD,ISR,2710
635386,163,110,911,2014,0.0,10265.0,0.9187049999999999,0.182685,NOR,ISR,2710
635387,164,110,911,2014,0.0,134023.0,-0.11988199999999999,0.655883,NPL,ISR,2710
635388,173,110,911,2014,0.0,49045.0,-0.557833,0.611826,PER,ISR,2710
635389,174,110,911,2014,0.0,32193.0,0.637442,0.475883,PHL,ISR,2710
635390,177,110,911,2014,1355491.0,27412.0,1.133102,1.177165,POL,ISR,2710
635391,179,110,911,2014,102427.0,1377051.0,0.621053,2.349644,PRT,ISR,2710
635392,180,110,911,2014,0.0,742.0,-0.608509,-0.930679,PRY,ISR,2710
635393,181,110,911,2014,1926134.0,844376448.0,0.030643,0.601905,PSE,ISR,2710
635394,185,110,911,2014,73267824.0,68162.0,0.9112,1.188161,ROU,ISR,2710
635395,186,110,911,2014,525568288.0,96299.0,0.229422,-0.214856,RUS,ISR,2710
635396,192,110,911,2014,688474.0,2802268.0,1.867492,0.626736,SGP,ISR,2710
635397,197,110,911,2014,0.0,14870.0,0.08653999999999999,0.29088600000000003,SLV,ISR,2710
635398,201,110,911,2014,1768.0,956.0,0.551635,1.211535,SRB,ISR,2710
635399,207,110,911,2014,3022.0,31031390.0,1.6558669999999998,0.6814399999999999,SVN,ISR,2710
635400,208,110,911,2014,114975.0,0.0,1.817752,0.558474,SWE,ISR,2710
635401,215,110,911,2014,0.0,6177378.0,-0.524103,-0.537643,TGO,ISR,2710
635402,216,110,911,2014,3795.0,16084.0,0.977094,1.41283,THA,ISR,2710
635403,222,110,911,2014,0.0,718.0,-0.57362,-1.117545,TTO,ISR,2710
635404,224,110,911,2014,15828428.0,1467476352.0,0.554761,2.385693,TUR,ISR,2710
635405,226,110,911,2014,0.0,551758.0,-1.054331,0.166345,TZA,ISR,2710
635406,228,110,911,2014,1550936.0,120291768.0,0.566535,0.832267,UKR,ISR,2710
635407,230,110,911,2014,0.0,60325.0,0.154034,-0.380899,URY,ISR,2710
635408,231,110,911,2014,432669856.0,6678244.0,1.61227,0.068905,USA,ISR,2710
635409,239,110,911,2014,0.0,347255.0,-0.023765,1.344416,VNM,ISR,2710
635410,246,110,911,2014,757826.0,32492.0,0.282927,1.723214,ZAF,ISR,2710
635411,249,110,911,2014,64896.0,52388092.0,1.9044189999999999,1.0595139999999998,TWN,ISR,2710
635412,250,110,911,2014,1195544448.0,580536000.0,0.506842,0.049545,ANS,ISR,2710
635413,2,111,911,2014,0.0,7578984.0,-1.8184900000000002,-1.149191,AGO,ITA,2710
635414,4,111,911,2014,4883706.0,415709856.0,-0.476024,-0.33978400000000003,ALB,ITA,2710
635415,7,111,911,2014,84186632.0,370226560.0,0.087775,-0.289459,ARE,ITA,2710
635416,8,111,911,2014,0.0,3166212.0,0.10691500000000001,0.44860600000000006,ARG,ITA,2710
635417,9,111,911,2014,0.0,167270.0,-0.198322,-0.5918680000000001,ARM,ITA,2710
635418,13,111,911,2014,0.0,1054.0,0.169764,-0.621576,ATG,ITA,2710
635419,14,111,911,2014,55667.0,1394914.0,-0.398273,-0.17128,AUS,ITA,2710
635420,15,111,911,2014,131268312.0,294316768.0,1.7116790000000002,-0.140232,AUT,ITA,2710
635421,16,111,911,2014,96399176.0,701125.0,-0.909508,-1.165158,AZE,ITA,2710
635422,18,111,911,2014,297368544.0,175606400.0,1.234156,1.226441,BEL,ITA,2710
635423,19,111,911,2014,0.0,149662.0,-0.342225,-0.618789,BEN,ITA,2710
635424,22,111,911,2014,0.0,2042909.0,-1.0341879999999999,-0.9614870000000001,BGD,ITA,2710
635425,23,111,911,2014,142053760.0,16034461.0,0.579058,1.6558110000000001,BGR,ITA,2710
635426,24,111,911,2014,30073854.0,48912.0,0.460168,-0.41671099999999994,BHR,ITA,2710
635427,25,111,911,2014,0.0,61818284.0,0.314465,-0.60458,BHS,ITA,2710
635428,26,111,911,2014,1993563.0,1630859.0,0.5083300000000001,0.711704,BIH,ITA,2710
635429,28,111,911,2014,81690464.0,2486460.0,0.874108,0.676231,BLR,ITA,2710
635430,29,111,911,2014,0.0,2170.0,-0.324446,-0.552126,BLZ,ITA,2710
635431,31,111,911,2014,16882.0,2816.0,-1.129494,-1.030198,BOL,ITA,2710
635432,32,111,911,2014,15891.0,76025520.0,0.218223,0.556921,BRA,ITA,2710
635433,33,111,911,2014,0.0,1340.0,0.44968400000000003,-0.15268900000000002,BRB,ITA,2710
635434,34,111,911,2014,0.0,3537.0,0.191357,-0.683567,BRN,ITA,2710
635435,39,111,911,2014,48624416.0,76594.0,0.671395,1.024683,CAN,ITA,2710
635436,41,111,911,2014,13409972.0,767756992.0,2.2000919999999997,0.65398,CHE,ITA,2710
635437,42,111,911,2014,0.0,435155.0,-0.344671,-0.43380799999999997,CHL,ITA,2710
635438,43,111,911,2014,4693266.0,20369360.0,1.187557,1.222085,CHN,ITA,2710
635439,44,111,911,2014,754368.0,13835753.0,-0.737625,-0.768728,CIV,ITA,2710
635440,45,111,911,2014,0.0,202466.0,-0.6723520000000001,-0.945084,CMR,ITA,2710
635441,46,111,911,2014,0.0,45963.0,-1.6680240000000002,-1.1265129999999999,COD,ITA,2710
635442,47,111,911,2014,0.0,4298812.0,-1.371624,-1.12468,COG,ITA,2710
635443,49,111,911,2014,0.0,913777.0,0.19864500000000002,-0.378364,COL,ITA,2710
635444,51,111,911,2014,0.0,11708754.0,-0.182368,-0.7136359999999999,CPV,ITA,2710
635445,52,111,911,2014,0.0,238480.0,0.065938,-0.687971,CRI,ITA,2710
635446,54,111,911,2014,0.0,81956.0,-0.476786,-0.952291,CUB,ITA,2710
635447,57,111,911,2014,0.0,30060.0,1.199562,-0.66969,CYM,ITA,2710
635448,58,111,911,2014,4479213.0,2589461.0,0.627467,0.483725,CYP,ITA,2710
635449,59,111,911,2014,3152812.0,8424950.0,1.8105830000000003,0.131131,CZE,ITA,2710
635450,61,111,911,2014,155118624.0,118017816.0,2.052849,-2.888805,DEU,ITA,2710
635451,64,111,911,2014,103460.0,99063016.0,1.10869,1.245193,DNK,ITA,2710
635452,65,111,911,2014,0.0,315652.0,-0.180845,0.508512,DOM,ITA,2710
635453,66,111,911,2014,478686528.0,356902496.0,-1.5554649999999999,-1.1657030000000002,DZA,ITA,2710
635454,67,111,911,2014,0.0,54088.0,-1.066865,-1.052921,ECU,ITA,2710
635455,68,111,911,2014,275233760.0,554489920.0,-0.086866,1.7419669999999998,EGY,ITA,2710
635456,71,111,911,2014,690600960.0,898594240.0,0.842147,2.45692,ESP,ITA,2710
635457,72,111,911,2014,116499.0,458935.0,0.9147780000000001,1.151556,EST,ITA,2710
635458,73,111,911,2014,0.0,311412.0,-1.296535,-1.045942,ETH,ITA,2710
635459,74,111,911,2014,374073.0,6790790.0,1.626355,1.002923,FIN,ITA,2710
635460,77,111,911,2014,283315776.0,864326656.0,1.4817790000000002,0.30995,FRA,ITA,2710
635461,80,111,911,2014,0.0,895284.0,-1.625474,-1.135973,GAB,ITA,2710
635462,81,111,911,2014,148007440.0,85295952.0,1.697964,0.585372,GBR,ITA,2710
635463,82,111,911,2014,47882508.0,348838.0,-0.254106,-0.646584,GEO,ITA,2710
635464,83,111,911,2014,0.0,318711.0,-1.130226,-0.9909379999999999,GHA,ITA,2710
635465,84,111,911,2014,41287028.0,1392048256.0,0.275796,-0.720217,GIB,ITA,2710
635466,85,111,911,2014,0.0,4310762.0,-1.628409,-1.202473,GIN,ITA,2710
635467,89,111,911,2014,0.0,23475.0,-2.043516,-0.844701,GNQ,ITA,2710
635468,90,111,911,2014,727542336.0,127670240.0,0.149337,0.8560540000000001,GRC,ITA,2710
635469,93,111,911,2014,0.0,34374.0,-0.36547199999999996,0.548894,GTM,ITA,2710
635470,96,111,911,2014,0.0,448778.0,-1.068777,-1.038227,GUY,ITA,2710
635471,97,111,911,2014,0.0,1216960.0,0.812132,1.722493,HKG,ITA,2710
635472,99,111,911,2014,1811.0,8344.0,-0.467004,0.045511,HND,ITA,2710
635473,100,111,911,2014,70092160.0,636140160.0,0.804401,1.250807,HRV,ITA,2710
635474,102,111,911,2014,8315300.0,18760722.0,1.477093,0.812869,HUN,ITA,2710
635475,103,111,911,2014,45715.0,235904.0,-0.088032,1.3966459999999998,IDN,ITA,2710
635476,104,111,911,2014,649060416.0,12150682.0,0.262042,2.6305080000000003,IND,ITA,2710
635477,106,111,911,2014,155147.0,323465.0,1.2658399999999999,0.278546,IRL,ITA,2710
635478,107,111,911,2014,0.0,1667219.0,-0.361058,-0.312743,IRN,ITA,2710
635479,108,111,911,2014,0.0,2558236.0,-2.9169,-0.882023,IRQ,ITA,2710
635480,109,111,911,2014,257095.0,18162.0,0.127891,-0.302014,ISL,ITA,2710
635481,110,111,911,2014,71650472.0,117404240.0,1.211141,0.64523,ISR,ITA,2710
635482,112,111,911,2014,0.0,961626.0,-0.42745299999999997,-0.7750130000000001,JAM,ITA,2710
635483,113,111,911,2014,0.0,47887844.0,0.210208,0.48732299999999995,JOR,ITA,2710
635484,114,111,911,2014,670430.0,1963510.0,2.403165,-0.635024,JPN,ITA,2710
635485,115,111,911,2014,162580704.0,13777207.0,-0.210431,-0.574075,KAZ,ITA,2710
635486,116,111,911,2014,0.0,637581.0,-0.487058,0.307288,KEN,ITA,2710
635487,117,111,911,2014,11905.0,8169.0,-0.31942600000000004,-0.012454,KGZ,ITA,2710
635488,121,111,911,2014,12662904.0,404111328.0,1.817145,0.8394530000000001,KOR,ITA,2710
635489,122,111,911,2014,13557035.0,255866.0,-0.769616,-1.10667,KWT,ITA,2710
635490,124,111,911,2014,0.0,612625920.0,0.308677,1.7564490000000001,LBN,ITA,2710
635491,126,111,911,2014,309172096.0,1587636736.0,-1.5943829999999999,-1.189961,LBY,ITA,2710
635492,128,111,911,2014,0.0,102040.0,-0.49366899999999997,0.338686,LKA,ITA,2710
635493,130,111,911,2014,43076.0,1732781.0,0.764495,1.3451540000000002,LTU,ITA,2710
635494,131,111,911,2014,446815.0,2909.0,1.243845,1.155474,LUX,ITA,2710
635495,132,111,911,2014,47743.0,716378.0,0.613116,1.1899790000000001,LVA,ITA,2710
635496,133,111,911,2014,0.0,25068.0,0.704535,0.5856140000000001,MAC,ITA,2710
635497,134,111,911,2014,24326778.0,124780704.0,-0.574034,0.065788,MAR,ITA,2710
635498,135,111,911,2014,0.0,238050.0,-0.10438199999999999,-0.093194,MDA,ITA,2710
635499,136,111,911,2014,2486786.0,123766.0,-1.002122,-0.44446,MDG,ITA,2710
635500,137,111,911,2014,0.0,1046.0,-0.43265299999999995,-0.82696,MDV,ITA,2710
635501,138,111,911,2014,315580.0,105689.0,1.0799729999999998,0.697554,MEX,ITA,2710
635502,140,111,911,2014,6934.0,920029.0,-0.039799,-0.05545,MKD,ITA,2710
635503,141,111,911,2014,0.0,8170.0,-1.199063,-1.05497,MLI,ITA,2710
635504,142,111,911,2014,8237209.0,452273920.0,0.817013,0.0016309999999999999,MLT,ITA,2710
635505,143,111,911,2014,0.0,45941.0,-1.5332459999999999,-1.145973,MMR,ITA,2710
635506,144,111,911,2014,0.0,139182.0,-0.17039100000000001,-0.21762399999999998,MNE,ITA,2710
635507,145,111,911,2014,0.0,95239.0,-1.425524,-1.161949,MNG,ITA,2710
635508,147,111,911,2014,0.0,2624007.0,-1.1993610000000001,-1.040181,MOZ,ITA,2710
635509,148,111,911,2014,0.0,911181.0,-1.458551,-1.225373,MRT,ITA,2710
635510,151,111,911,2014,0.0,5268.0,-0.029891,-0.12431099999999999,MUS,ITA,2710
635511,153,111,911,2014,79188.0,39699936.0,1.018138,0.774649,MYS,ITA,2710
635512,155,111,911,2014,700839.0,170891184.0,-0.428227,-0.5632229999999999,NAM,ITA,2710
635513,156,111,911,2014,0.0,10581.0,-0.509789,-0.767484,NCL,ITA,2710
635514,159,111,911,2014,402807.0,46565196.0,-1.2126430000000001,-1.059697,NGA,ITA,2710
635515,160,111,911,2014,0.0,81256.0,-0.938269,-0.839066,NIC,ITA,2710
635516,162,111,911,2014,204217520.0,234493696.0,1.179325,1.355071,NLD,ITA,2710
635517,163,111,911,2014,389312.0,275521.0,0.9187049999999999,0.182685,NOR,ITA,2710
635518,164,111,911,2014,0.0,1226.0,-0.11988199999999999,0.655883,NPL,ITA,2710
635519,166,111,911,2014,8027.0,116984.0,0.272502,0.21628699999999998,NZL,ITA,2710
635520,167,111,911,2014,0.0,191051.0,-0.505129,-1.0051370000000002,OMN,ITA,2710
635521,168,111,911,2014,0.0,3262660.0,-0.672924,0.566787,PAK,ITA,2710
635522,169,111,911,2014,0.0,2936814.0,0.771742,0.9873190000000001,PAN,ITA,2710
635523,173,111,911,2014,0.0,183478.0,-0.557833,0.611826,PER,ITA,2710
635524,174,111,911,2014,0.0,534053.0,0.637442,0.475883,PHL,ITA,2710
635525,177,111,911,2014,16351413.0,35398068.0,1.133102,1.177165,POL,ITA,2710
635526,179,111,911,2014,41886768.0,2335986.0,0.621053,2.349644,PRT,ITA,2710
635527,180,111,911,2014,0.0,6020.0,-0.608509,-0.930679,PRY,ITA,2710
635528,181,111,911,2014,0.0,17709.0,0.030643,0.601905,PSE,ITA,2710
635529,182,111,911,2014,0.0,1916.0,0.008831,-0.6268279999999999,PYF,ITA,2710
635530,183,111,911,2014,31695874.0,382288.0,-0.37535599999999997,-1.0196370000000001,QAT,ITA,2710
635531,185,111,911,2014,28076244.0,47746584.0,0.9112,1.188161,ROU,ITA,2710
635532,186,111,911,2014,3527380992.0,23598278.0,0.229422,-0.214856,RUS,ITA,2710
635533,187,111,911,2014,0.0,32732.0,-0.5692659999999999,-0.447859,RWA,ITA,2710
635534,188,111,911,2014,376365504.0,985526784.0,0.5758439999999999,-0.832692,SAU,ITA,2710
635535,190,111,911,2014,0.0,116491.0,-1.442381,-1.1155030000000001,SDN,ITA,2710
635536,191,111,911,2014,3970975.0,23140668.0,-0.502607,-0.08866,SEN,ITA,2710
635537,192,111,911,2014,37387924.0,265165232.0,1.867492,0.626736,SGP,ITA,2710
635538,196,111,911,2014,0.0,125704.0,-0.9228569999999999,-0.791482,SLE,ITA,2710
635539,197,111,911,2014,0.0,341494.0,0.08653999999999999,0.29088600000000003,SLV,ITA,2710
635540,201,111,911,2014,662266.0,19363918.0,0.551635,1.211535,SRB,ITA,2710
635541,203,111,911,2014,0.0,12499.0,1.172431,-0.024141,STP,ITA,2710
635542,206,111,911,2014,103626.0,5226980.0,1.334959,0.821253,SVK,ITA,2710
635543,207,111,911,2014,170437120.0,1138013056.0,1.6558669999999998,0.6814399999999999,SVN,ITA,2710
635544,208,111,911,2014,24581168.0,47398160.0,1.817752,0.558474,SWE,ITA,2710
635545,211,111,911,2014,0.0,3211.0,0.358111,-0.484879,SYC,ITA,2710
635546,212,111,911,2014,0.0,36890.0,-0.366224,0.9054719999999999,SYR,ITA,2710
635547,215,111,911,2014,0.0,68306000.0,-0.524103,-0.537643,TGO,ITA,2710
635548,216,111,911,2014,40477528.0,423070.0,0.977094,1.41283,THA,ITA,2710
635549,219,111,911,2014,377703616.0,18305.0,-1.217897,-1.184131,TKM,ITA,2710
635550,222,111,911,2014,9373.0,11320.0,-0.57362,-1.117545,TTO,ITA,2710
635551,223,111,911,2014,94191952.0,867695680.0,0.343449,1.118007,TUN,ITA,2710
635552,224,111,911,2014,105999496.0,1527295232.0,0.554761,2.385693,TUR,ITA,2710
635553,226,111,911,2014,0.0,11555.0,-1.054331,0.166345,TZA,ITA,2710
635554,227,111,911,2014,0.0,104820.0,-0.46911800000000003,0.25446599999999997,UGA,ITA,2710
635555,228,111,911,2014,13060764.0,1740865.0,0.566535,0.832267,UKR,ITA,2710
635556,230,111,911,2014,0.0,177873.0,0.154034,-0.380899,URY,ITA,2710
635557,231,111,911,2014,742024256.0,514716832.0,1.61227,0.068905,USA,ITA,2710
635558,232,111,911,2014,0.0,7670.0,-0.407623,-0.37150700000000003,UZB,ITA,2710
635559,233,111,911,2014,0.0,14143468.0,1.150282,0.660892,VAT,ITA,2710
635560,234,111,911,2014,0.0,7262.0,0.034024,-0.522492,VCT,ITA,2710
635561,236,111,911,2014,0.0,49270312.0,-0.582086,-1.081727,VEN,ITA,2710
635562,237,111,911,2014,0.0,12809.0,0.484282,-0.082974,VGB,ITA,2710
635563,239,111,911,2014,0.0,371844.0,-0.023765,1.344416,VNM,ITA,2710
635564,243,111,911,2014,0.0,537336.0,-1.2829190000000001,-1.227373,YEM,ITA,2710
635565,246,111,911,2014,1334059.0,211464800.0,0.282927,1.723214,ZAF,ITA,2710
635566,247,111,911,2014,0.0,56361.0,-0.664089,-0.793452,ZMB,ITA,2710
635567,249,111,911,2014,3295504.0,4344007.0,1.9044189999999999,1.0595139999999998,TWN,ITA,2710
635568,250,111,911,2014,106947.0,111551512.0,0.506842,0.049545,ANS,ITA,2710
635569,7,112,911,2014,73350.0,0.0,0.087775,-0.289459,ARE,JAM,2710
635570,18,112,911,2014,801457.0,0.0,1.234156,1.226441,BEL,JAM,2710
635571,25,112,911,2014,15901388.0,0.0,0.314465,-0.60458,BHS,JAM,2710
635572,29,112,911,2014,20685.0,0.0,-0.324446,-0.552126,BLZ,JAM,2710
635573,32,112,911,2014,20550.0,0.0,0.218223,0.556921,BRA,JAM,2710
635574,33,112,911,2014,4678380.0,0.0,0.44968400000000003,-0.15268900000000002,BRB,JAM,2710
635575,39,112,911,2014,152257.0,2693.0,0.671395,1.024683,CAN,JAM,2710
635576,43,112,911,2014,604262.0,6991.0,1.187557,1.222085,CHN,JAM,2710
635577,49,112,911,2014,204242.0,0.0,0.19864500000000002,-0.378364,COL,JAM,2710
635578,55,112,911,2014,17213478.0,0.0,-0.00902,-0.683643,CUW,JAM,2710
635579,61,112,911,2014,159647.0,0.0,2.052849,-2.888805,DEU,JAM,2710
635580,63,112,911,2014,28065460.0,0.0,0.294596,-0.310069,DMA,JAM,2710
635581,65,112,911,2014,1557131.0,0.0,-0.180845,0.508512,DOM,JAM,2710
635582,71,112,911,2014,1192298.0,0.0,0.842147,2.45692,ESP,JAM,2710
635583,77,112,911,2014,125934.0,0.0,1.4817790000000002,0.30995,FRA,JAM,2710
635584,81,112,911,2014,24796.0,0.0,1.697964,0.585372,GBR,JAM,2710
635585,90,112,911,2014,20892.0,0.0,0.149337,0.8560540000000001,GRC,JAM,2710
635586,104,112,911,2014,76651.0,14095.0,0.262042,2.6305080000000003,IND,JAM,2710
635587,111,112,911,2014,961626.0,0.0,1.340136,0.43931099999999995,ITA,JAM,2710
635588,114,112,911,2014,33811.0,0.0,2.403165,-0.635024,JPN,JAM,2710
635589,121,112,911,2014,18330.0,0.0,1.817145,0.8394530000000001,KOR,JAM,2710
635590,138,112,911,2014,435432.0,0.0,1.0799729999999998,0.697554,MEX,JAM,2710
635591,162,112,911,2014,20327.0,0.0,1.179325,1.355071,NLD,JAM,2710
635592,169,112,911,2014,300759.0,0.0,0.771742,0.9873190000000001,PAN,JAM,2710
635593,173,112,911,2014,17377.0,0.0,-0.557833,0.611826,PER,JAM,2710
635594,186,112,911,2014,193250.0,0.0,0.229422,-0.214856,RUS,JAM,2710
635595,192,112,911,2014,6127.0,0.0,1.867492,0.626736,SGP,JAM,2710
635596,197,112,911,2014,2317227.0,0.0,0.08653999999999999,0.29088600000000003,SLV,JAM,2710
635597,208,112,911,2014,6409820.0,0.0,1.817752,0.558474,SWE,JAM,2710
635598,222,112,911,2014,394384800.0,41084.0,-0.57362,-1.117545,TTO,JAM,2710
635599,224,112,911,2014,68637.0,0.0,0.554761,2.385693,TUR,JAM,2710
635600,231,112,911,2014,605929088.0,876336.0,1.61227,0.068905,USA,JAM,2710
635601,236,112,911,2014,131074344.0,0.0,-0.582086,-1.081727,VEN,JAM,2710
635602,246,112,911,2014,16024.0,0.0,0.282927,1.723214,ZAF,JAM,2710
635603,2,113,911,2014,0.0,13647.0,-1.8184900000000002,-1.149191,AGO,JOR,2710
635604,7,113,911,2014,250475904.0,1441846.0,0.087775,-0.289459,ARE,JOR,2710
635605,15,113,911,2014,59665.0,6801.0,1.7116790000000002,-0.140232,AUT,JOR,2710
635606,18,113,911,2014,109348312.0,30210.0,1.234156,1.226441,BEL,JOR,2710
635607,24,113,911,2014,20552224.0,0.0,0.460168,-0.41671099999999994,BHR,JOR,2710
635608,39,113,911,2014,129506.0,0.0,0.671395,1.024683,CAN,JOR,2710
635609,41,113,911,2014,1229940.0,0.0,2.2000919999999997,0.65398,CHE,JOR,2710
635610,43,113,911,2014,31927916.0,0.0,1.187557,1.222085,CHN,JOR,2710
635611,45,113,911,2014,0.0,77479.0,-0.6723520000000001,-0.945084,CMR,JOR,2710
635612,47,113,911,2014,0.0,14933.0,-1.371624,-1.12468,COG,JOR,2710
635613,61,113,911,2014,4725218.0,0.0,2.052849,-2.888805,DEU,JOR,2710
635614,64,113,911,2014,37734740.0,0.0,1.10869,1.245193,DNK,JOR,2710
635615,68,113,911,2014,124332.0,0.0,-0.086866,1.7419669999999998,EGY,JOR,2710
635616,71,113,911,2014,76363616.0,0.0,0.842147,2.45692,ESP,JOR,2710
635617,72,113,911,2014,1850.0,0.0,0.9147780000000001,1.151556,EST,JOR,2710
635618,73,113,911,2014,0.0,2967.0,-1.296535,-1.045942,ETH,JOR,2710
635619,77,113,911,2014,19050846.0,0.0,1.4817790000000002,0.30995,FRA,JOR,2710
635620,81,113,911,2014,61197424.0,996.0,1.697964,0.585372,GBR,JOR,2710
635621,90,113,911,2014,6390784.0,0.0,0.149337,0.8560540000000001,GRC,JOR,2710
635622,102,113,911,2014,220916.0,0.0,1.477093,0.812869,HUN,JOR,2710
635623,104,113,911,2014,655759104.0,0.0,0.262042,2.6305080000000003,IND,JOR,2710
635624,106,113,911,2014,2638.0,0.0,1.2658399999999999,0.278546,IRL,JOR,2710
635625,107,113,911,2014,7362.0,0.0,-0.361058,-0.312743,IRN,JOR,2710
635626,108,113,911,2014,338814.0,1353315.0,-2.9169,-0.882023,IRQ,JOR,2710
635627,109,113,911,2014,14381.0,0.0,0.127891,-0.302014,ISL,JOR,2710
635628,110,113,911,2014,61411.0,32406.0,1.211141,0.64523,ISR,JOR,2710
635629,111,113,911,2014,47887844.0,0.0,1.340136,0.43931099999999995,ITA,JOR,2710
635630,114,113,911,2014,65662.0,0.0,2.403165,-0.635024,JPN,JOR,2710
635631,117,113,911,2014,49226.0,0.0,-0.31942600000000004,-0.012454,KGZ,JOR,2710
635632,121,113,911,2014,131912400.0,0.0,1.817145,0.8394530000000001,KOR,JOR,2710
635633,122,113,911,2014,42441160.0,0.0,-0.769616,-1.10667,KWT,JOR,2710
635634,124,113,911,2014,0.0,5973.0,0.308677,1.7564490000000001,LBN,JOR,2710
635635,142,113,911,2014,2180737.0,0.0,0.817013,0.0016309999999999999,MLT,JOR,2710
635636,153,113,911,2014,16787624.0,0.0,1.018138,0.774649,MYS,JOR,2710
635637,159,113,911,2014,0.0,556826.0,-1.2126430000000001,-1.059697,NGA,JOR,2710
635638,162,113,911,2014,47961712.0,0.0,1.179325,1.355071,NLD,JOR,2710
635639,167,113,911,2014,1640354.0,492521.0,-0.505129,-1.0051370000000002,OMN,JOR,2710
635640,177,113,911,2014,518722.0,0.0,1.133102,1.177165,POL,JOR,2710
635641,181,113,911,2014,59554.0,385240.0,0.030643,0.601905,PSE,JOR,2710
635642,183,113,911,2014,9428220.0,57342.0,-0.37535599999999997,-1.0196370000000001,QAT,JOR,2710
635643,185,113,911,2014,90653.0,0.0,0.9112,1.188161,ROU,JOR,2710
635644,186,113,911,2014,228624736.0,0.0,0.229422,-0.214856,RUS,JOR,2710
635645,188,113,911,2014,471707456.0,176198.0,0.5758439999999999,-0.832692,SAU,JOR,2710
635646,192,113,911,2014,57961336.0,0.0,1.867492,0.626736,SGP,JOR,2710
635647,201,113,911,2014,7894.0,0.0,0.551635,1.211535,SRB,JOR,2710
635648,208,113,911,2014,57613.0,0.0,1.817752,0.558474,SWE,JOR,2710
635649,212,113,911,2014,0.0,157829.0,-0.366224,0.9054719999999999,SYR,JOR,2710
635650,214,113,911,2014,0.0,665278.0,-2.012048,-0.921558,TCD,JOR,2710
635651,216,113,911,2014,56634.0,0.0,0.977094,1.41283,THA,JOR,2710
635652,223,113,911,2014,10292.0,0.0,0.343449,1.118007,TUN,JOR,2710
635653,224,113,911,2014,284214016.0,20678.0,0.554761,2.385693,TUR,JOR,2710
635654,228,113,911,2014,22204698.0,0.0,0.566535,0.832267,UKR,JOR,2710
635655,231,113,911,2014,4913607.0,0.0,1.61227,0.068905,USA,JOR,2710
635656,243,113,911,2014,198276.0,0.0,-1.2829190000000001,-1.227373,YEM,JOR,2710
635657,249,113,911,2014,10556.0,0.0,1.9044189999999999,1.0595139999999998,TWN,JOR,2710
635658,250,113,911,2014,245804.0,2475231.0,0.506842,0.049545,ANS,JOR,2710
635659,1,114,911,2014,0.0,1788.0,-0.924386,-0.839385,AFG,JPN,2710
635660,2,114,911,2014,0.0,32507.0,-1.8184900000000002,-1.149191,AGO,JPN,2710
635661,7,114,911,2014,989944704.0,6594736.0,0.087775,-0.289459,ARE,JPN,2710
635662,8,114,911,2014,1997.0,1068837.0,0.10691500000000001,0.44860600000000006,ARG,JPN,2710
635663,9,114,911,2014,0.0,24396.0,-0.198322,-0.5918680000000001,ARM,JPN,2710
635664,13,114,911,2014,0.0,4785.0,0.169764,-0.621576,ATG,JPN,2710
635665,14,114,911,2014,40129620.0,2095337984.0,-0.398273,-0.17128,AUS,JPN,2710
635666,15,114,911,2014,75892.0,55793.0,1.7116790000000002,-0.140232,AUT,JPN,2710
635667,16,114,911,2014,0.0,6700.0,-0.909508,-1.165158,AZE,JPN,2710
635668,18,114,911,2014,20972626.0,534346.0,1.234156,1.226441,BEL,JPN,2710
635669,22,114,911,2014,0.0,429534.0,-1.0341879999999999,-0.9614870000000001,BGD,JPN,2710
635670,24,114,911,2014,134930000.0,4819926.0,0.460168,-0.41671099999999994,BHR,JPN,2710
635671,26,114,911,2014,0.0,1534.0,0.5083300000000001,0.711704,BIH,JPN,2710
635672,28,114,911,2014,0.0,12085.0,0.874108,0.676231,BLR,JPN,2710
635673,29,114,911,2014,0.0,1549.0,-0.324446,-0.552126,BLZ,JPN,2710
635674,30,114,911,2014,0.0,1307.0,1.217808,-0.16376300000000002,BMU,JPN,2710
635675,31,114,911,2014,0.0,4225.0,-1.129494,-1.030198,BOL,JPN,2710
635676,32,114,911,2014,59321.0,2629974.0,0.218223,0.556921,BRA,JPN,2710
635677,33,114,911,2014,0.0,8582.0,0.44968400000000003,-0.15268900000000002,BRB,JPN,2710
635678,34,114,911,2014,0.0,70403.0,0.191357,-0.683567,BRN,JPN,2710
635679,39,114,911,2014,1288130.0,11355212.0,0.671395,1.024683,CAN,JPN,2710
635680,41,114,911,2014,1438674.0,189103.0,2.2000919999999997,0.65398,CHE,JPN,2710
635681,42,114,911,2014,0.0,263711632.0,-0.344671,-0.43380799999999997,CHL,JPN,2710
635682,43,114,911,2014,340478880.0,1152500096.0,1.187557,1.222085,CHN,JPN,2710
635683,44,114,911,2014,0.0,6882.0,-0.737625,-0.768728,CIV,JPN,2710
635684,45,114,911,2014,0.0,7865.0,-0.6723520000000001,-0.945084,CMR,JPN,2710
635685,47,114,911,2014,0.0,2904.0,-1.371624,-1.12468,COG,JPN,2710
635686,49,114,911,2014,1292890.0,55911.0,0.19864500000000002,-0.378364,COL,JPN,2710
635687,52,114,911,2014,0.0,16103.0,0.065938,-0.687971,CRI,JPN,2710
635688,54,114,911,2014,0.0,21077.0,-0.476786,-0.952291,CUB,JPN,2710
635689,55,114,911,2014,117849.0,0.0,-0.00902,-0.683643,CUW,JPN,2710
635690,58,114,911,2014,0.0,8170.0,0.627467,0.483725,CYP,JPN,2710
635691,59,114,911,2014,204900.0,117252.0,1.8105830000000003,0.131131,CZE,JPN,2710
635692,61,114,911,2014,13364136.0,8302507.0,2.052849,-2.888805,DEU,JPN,2710
635693,64,114,911,2014,39702.0,3772.0,1.10869,1.245193,DNK,JPN,2710
635694,65,114,911,2014,0.0,44728.0,-0.180845,0.508512,DOM,JPN,2710
635695,66,114,911,2014,549109440.0,92116.0,-1.5554649999999999,-1.1657030000000002,DZA,JPN,2710
635696,67,114,911,2014,0.0,30589.0,-1.066865,-1.052921,ECU,JPN,2710
635697,68,114,911,2014,237486096.0,419831.0,-0.086866,1.7419669999999998,EGY,JPN,2710
635698,71,114,911,2014,96182104.0,316513.0,0.842147,2.45692,ESP,JPN,2710
635699,72,114,911,2014,0.0,24450.0,0.9147780000000001,1.151556,EST,JPN,2710
635700,73,114,911,2014,0.0,4916.0,-1.296535,-1.045942,ETH,JPN,2710
635701,74,114,911,2014,31987.0,766716.0,1.626355,1.002923,FIN,JPN,2710
635702,75,114,911,2014,0.0,4513888.0,-0.306346,-0.07688500000000001,FJI,JPN,2710
635703,77,114,911,2014,15276506.0,3783697.0,1.4817790000000002,0.30995,FRA,JPN,2710
635704,79,114,911,2014,0.0,12238.0,-0.32643099999999997,-0.8248049999999999,FSM,JPN,2710
635705,81,114,911,2014,3367580.0,36080212.0,1.697964,0.585372,GBR,JPN,2710
635706,82,114,911,2014,0.0,371273.0,-0.254106,-0.646584,GEO,JPN,2710
635707,83,114,911,2014,0.0,11955.0,-1.130226,-0.9909379999999999,GHA,JPN,2710
635708,85,114,911,2014,0.0,13474.0,-1.628409,-1.202473,GIN,JPN,2710
635709,90,114,911,2014,21069052.0,1268.0,0.149337,0.8560540000000001,GRC,JPN,2710
635710,93,114,911,2014,0.0,7616.0,-0.36547199999999996,0.548894,GTM,JPN,2710
635711,95,114,911,2014,0.0,129164584.0,0.6368119999999999,-0.01771,GUM,JPN,2710
635712,97,114,911,2014,911328.0,2949686784.0,0.812132,1.722493,HKG,JPN,2710
635713,99,114,911,2014,0.0,23286.0,-0.467004,0.045511,HND,JPN,2710
635714,102,114,911,2014,70203.0,113035.0,1.477093,0.812869,HUN,JPN,2710
635715,103,114,911,2014,215470192.0,71385584.0,-0.088032,1.3966459999999998,IDN,JPN,2710
635716,104,114,911,2014,2063779200.0,14967412.0,0.262042,2.6305080000000003,IND,JPN,2710
635717,106,114,911,2014,0.0,25043.0,1.2658399999999999,0.278546,IRL,JPN,2710
635718,107,114,911,2014,0.0,411909.0,-0.361058,-0.312743,IRN,JPN,2710
635719,108,114,911,2014,32334546.0,67546.0,-2.9169,-0.882023,IRQ,JPN,2710
635720,109,114,911,2014,0.0,29422.0,0.127891,-0.302014,ISL,JPN,2710
635721,110,114,911,2014,10807735.0,112677.0,1.211141,0.64523,ISR,JPN,2710
635722,111,114,911,2014,1963510.0,670430.0,1.340136,0.43931099999999995,ITA,JPN,2710
635723,112,114,911,2014,0.0,33811.0,-0.42745299999999997,-0.7750130000000001,JAM,JPN,2710
635724,113,114,911,2014,0.0,65662.0,0.210208,0.48732299999999995,JOR,JPN,2710
635725,115,114,911,2014,0.0,1282956.0,-0.210431,-0.574075,KAZ,JPN,2710
635726,116,114,911,2014,0.0,40877660.0,-0.487058,0.307288,KEN,JPN,2710
635727,117,114,911,2014,196326.0,53445.0,-0.31942600000000004,-0.012454,KGZ,JPN,2710
635728,118,114,911,2014,0.0,231751.0,-0.84072,-0.8307040000000001,KHM,JPN,2710
635729,119,114,911,2014,0.0,4288.0,0.708907,-0.540813,KIR,JPN,2710
635730,120,114,911,2014,0.0,5753.0,0.9888950000000001,-0.28283800000000003,KNA,JPN,2710
635731,121,114,911,2014,6160058368.0,1563198976.0,1.817145,0.8394530000000001,KOR,JPN,2710
635732,122,114,911,2014,1273997568.0,1010541.0,-0.769616,-1.10667,KWT,JPN,2710
635733,123,114,911,2014,0.0,860.0,-1.054294,-0.869916,LAO,JPN,2710
635734,124,114,911,2014,0.0,53052.0,0.308677,1.7564490000000001,LBN,JPN,2710
635735,126,114,911,2014,0.0,284669.0,-1.5943829999999999,-1.189961,LBY,JPN,2710
635736,127,114,911,2014,0.0,3708.0,0.29035500000000003,-0.603541,LCA,JPN,2710
635737,128,114,911,2014,0.0,33826132.0,-0.49366899999999997,0.338686,LKA,JPN,2710
635738,130,114,911,2014,0.0,135348.0,0.764495,1.3451540000000002,LTU,JPN,2710
635739,131,114,911,2014,0.0,3246.0,1.243845,1.155474,LUX,JPN,2710
635740,133,114,911,2014,0.0,18108.0,0.704535,0.5856140000000001,MAC,JPN,2710
635741,134,114,911,2014,0.0,4969.0,-0.574034,0.065788,MAR,JPN,2710
635742,135,114,911,2014,0.0,22726.0,-0.10438199999999999,-0.093194,MDA,JPN,2710
635743,136,114,911,2014,0.0,4691.0,-1.002122,-0.44446,MDG,JPN,2710
635744,137,114,911,2014,0.0,6046.0,-0.43265299999999995,-0.82696,MDV,JPN,2710
635745,138,114,911,2014,43377492.0,37423060.0,1.0799729999999998,0.697554,MEX,JPN,2710
635746,139,114,911,2014,0.0,5147653.0,-0.22505,-0.803084,MHL,JPN,2710
635747,140,114,911,2014,0.0,13463.0,-0.039799,-0.05545,MKD,JPN,2710
635748,142,114,911,2014,45664428.0,4110.0,0.817013,0.0016309999999999999,MLT,JPN,2710
635749,143,114,911,2014,0.0,2859566.0,-1.5332459999999999,-1.145973,MMR,JPN,2710
635750,144,114,911,2014,1170.0,4378.0,-0.17039100000000001,-0.21762399999999998,MNE,JPN,2710
635751,145,114,911,2014,0.0,741576.0,-1.425524,-1.161949,MNG,JPN,2710
635752,146,114,911,2014,0.0,21184352.0,1.1877790000000001,-0.300664,MNP,JPN,2710
635753,147,114,911,2014,0.0,2404.0,-1.1993610000000001,-1.040181,MOZ,JPN,2710
635754,148,114,911,2014,0.0,500362.0,-1.458551,-1.225373,MRT,JPN,2710
635755,151,114,911,2014,16175.0,207560.0,-0.029891,-0.12431099999999999,MUS,JPN,2710
635756,152,114,911,2014,0.0,70829.0,-0.494204,-0.751903,MWI,JPN,2710
635757,153,114,911,2014,1045397248.0,222147600.0,1.018138,0.774649,MYS,JPN,2710
635758,155,114,911,2014,390010.0,0.0,-0.428227,-0.5632229999999999,NAM,JPN,2710
635759,156,114,911,2014,0.0,21009886.0,-0.509789,-0.767484,NCL,JPN,2710
635760,159,114,911,2014,108687032.0,4745.0,-1.2126430000000001,-1.059697,NGA,JPN,2710
635761,160,114,911,2014,0.0,15927.0,-0.938269,-0.839066,NIC,JPN,2710
635762,162,114,911,2014,10660801.0,11976167.0,1.179325,1.355071,NLD,JPN,2710
635763,163,114,911,2014,329671200.0,102923.0,0.9187049999999999,0.182685,NOR,JPN,2710
635764,164,114,911,2014,0.0,36869.0,-0.11988199999999999,0.655883,NPL,JPN,2710
635765,165,114,911,2014,0.0,5298.0,1.215503,-0.37847,NRU,JPN,2710
635766,166,114,911,2014,1467.0,169755248.0,0.272502,0.21628699999999998,NZL,JPN,2710
635767,167,114,911,2014,0.0,3674418.0,-0.505129,-1.0051370000000002,OMN,JPN,2710
635768,168,114,911,2014,9437834.0,1479875.0,-0.672924,0.566787,PAK,JPN,2710
635769,169,114,911,2014,8205.0,23739.0,0.771742,0.9873190000000001,PAN,JPN,2710
635770,173,114,911,2014,169590448.0,120232.0,-0.557833,0.611826,PER,JPN,2710
635771,174,114,911,2014,50333.0,41683420.0,0.637442,0.475883,PHL,JPN,2710
635772,175,114,911,2014,0.0,3414820.0,0.38879600000000003,-0.532062,PLW,JPN,2710
635773,176,114,911,2014,286875136.0,75119.0,-1.564904,-1.146255,PNG,JPN,2710
635774,177,114,911,2014,0.0,713989.0,1.133102,1.177165,POL,JPN,2710
635775,179,114,911,2014,0.0,15070.0,0.621053,2.349644,PRT,JPN,2710
635776,180,114,911,2014,0.0,23240.0,-0.608509,-0.930679,PRY,JPN,2710
635777,181,114,911,2014,0.0,656.0,0.030643,0.601905,PSE,JPN,2710
635778,182,114,911,2014,0.0,3869.0,0.008831,-0.6268279999999999,PYF,JPN,2710
635779,183,114,911,2014,1819812352.0,2617485.0,-0.37535599999999997,-1.0196370000000001,QAT,JPN,2710
635780,185,114,911,2014,0.0,160291.0,0.9112,1.188161,ROU,JPN,2710
635781,186,114,911,2014,1622662400.0,53631104.0,0.229422,-0.214856,RUS,JPN,2710
635782,187,114,911,2014,0.0,1027.0,-0.5692659999999999,-0.447859,RWA,JPN,2710
635783,188,114,911,2014,1236841728.0,8166426.0,0.5758439999999999,-0.832692,SAU,JPN,2710
635784,190,114,911,2014,0.0,9236.0,-1.442381,-1.1155030000000001,SDN,JPN,2710
635785,192,114,911,2014,173020448.0,2945733120.0,1.867492,0.626736,SGP,JPN,2710
635786,195,114,911,2014,0.0,12194.0,-0.862089,-0.9075840000000001,SLB,JPN,2710
635787,197,114,911,2014,0.0,12711.0,0.08653999999999999,0.29088600000000003,SLV,JPN,2710
635788,201,114,911,2014,1132.0,11410.0,0.551635,1.211535,SRB,JPN,2710
635789,205,114,911,2014,0.0,29409.0,-0.6333989999999999,-0.857643,SUR,JPN,2710
635790,206,114,911,2014,2130.0,59957.0,1.334959,0.821253,SVK,JPN,2710
635791,207,114,911,2014,0.0,32017.0,1.6558669999999998,0.6814399999999999,SVN,JPN,2710
635792,208,114,911,2014,1162414.0,1215895.0,1.817752,0.558474,SWE,JPN,2710
635793,211,114,911,2014,0.0,896.0,0.358111,-0.484879,SYC,JPN,2710
635794,215,114,911,2014,0.0,10456.0,-0.524103,-0.537643,TGO,JPN,2710
635795,216,114,911,2014,198226032.0,108906496.0,0.977094,1.41283,THA,JPN,2710
635796,219,114,911,2014,0.0,112608.0,-1.217897,-1.184131,TKM,JPN,2710
635797,220,114,911,2014,0.0,14637.0,-1.365212,-0.896716,TLS,JPN,2710
635798,222,114,911,2014,0.0,79159.0,-0.57362,-1.117545,TTO,JPN,2710
635799,223,114,911,2014,11413135.0,64277.0,0.343449,1.118007,TUN,JPN,2710
635800,224,114,911,2014,30263.0,264371.0,0.554761,2.385693,TUR,JPN,2710
635801,226,114,911,2014,0.0,29541.0,-1.054331,0.166345,TZA,JPN,2710
635802,227,114,911,2014,0.0,2147.0,-0.46911800000000003,0.25446599999999997,UGA,JPN,2710
635803,228,114,911,2014,0.0,120595.0,0.566535,0.832267,UKR,JPN,2710
635804,230,114,911,2014,0.0,4768.0,0.154034,-0.380899,URY,JPN,2710
635805,231,114,911,2014,489285312.0,364498816.0,1.61227,0.068905,USA,JPN,2710
635806,232,114,911,2014,0.0,3192.0,-0.407623,-0.37150700000000003,UZB,JPN,2710
635807,234,114,911,2014,0.0,6370.0,0.034024,-0.522492,VCT,JPN,2710
635808,236,114,911,2014,0.0,73816.0,-0.582086,-1.081727,VEN,JPN,2710
635809,239,114,911,2014,11359086.0,143075904.0,-0.023765,1.344416,VNM,JPN,2710
635810,240,114,911,2014,0.0,8489.0,-1.21245,-0.941493,VUT,JPN,2710
635811,243,114,911,2014,19921638.0,26620726.0,-1.2829190000000001,-1.227373,YEM,JPN,2710
635812,246,114,911,2014,343107.0,10394289.0,0.282927,1.723214,ZAF,JPN,2710
635813,247,114,911,2014,0.0,1571.0,-0.664089,-0.793452,ZMB,JPN,2710
635814,249,114,911,2014,167121600.0,163657392.0,1.9044189999999999,1.0595139999999998,TWN,JPN,2710
635815,250,114,911,2014,1974772.0,0.0,0.506842,0.049545,ANS,JPN,2710
635816,0,121,911,2014,0.0,159215088.0,0.779539,-0.32255700000000004,ABW,KOR,2710
635817,1,121,911,2014,0.0,394311.0,-0.924386,-0.839385,AFG,KOR,2710
635818,2,121,911,2014,0.0,64371216.0,-1.8184900000000002,-1.149191,AGO,KOR,2710
635819,7,121,911,2014,1403281664.0,101606584.0,0.087775,-0.289459,ARE,KOR,2710
635820,8,121,911,2014,0.0,698895.0,0.10691500000000001,0.44860600000000006,ARG,KOR,2710
635821,9,121,911,2014,0.0,171288.0,-0.198322,-0.5918680000000001,ARM,KOR,2710
635822,10,121,911,2014,0.0,40574692.0,0.795219,-0.217498,ASM,KOR,2710
635823,11,121,911,2014,104525.0,58230.0,1.3498370000000002,-0.197062,ATA,KOR,2710
635824,14,121,911,2014,4653602.0,4116612352.0,-0.398273,-0.17128,AUS,KOR,2710
635825,15,121,911,2014,69495.0,33469.0,1.7116790000000002,-0.140232,AUT,KOR,2710
635826,16,121,911,2014,0.0,327378.0,-0.909508,-1.165158,AZE,KOR,2710
635827,18,121,911,2014,14647748.0,144953696.0,1.234156,1.226441,BEL,KOR,2710
635828,19,121,911,2014,0.0,27955.0,-0.342225,-0.618789,BEN,KOR,2710
635829,22,121,911,2014,11001341.0,11448965.0,-1.0341879999999999,-0.9614870000000001,BGD,KOR,2710
635830,23,121,911,2014,3672.0,56115.0,0.579058,1.6558110000000001,BGR,KOR,2710
635831,24,121,911,2014,243617488.0,969816.0,0.460168,-0.41671099999999994,BHR,KOR,2710
635832,25,121,911,2014,52495.0,6317.0,0.314465,-0.60458,BHS,KOR,2710
635833,28,121,911,2014,0.0,120084.0,0.874108,0.676231,BLR,KOR,2710
635834,31,121,911,2014,0.0,19095.0,-1.129494,-1.030198,BOL,KOR,2710
635835,32,121,911,2014,1298564.0,107620560.0,0.218223,0.556921,BRA,KOR,2710
635836,33,121,911,2014,0.0,24823.0,0.44968400000000003,-0.15268900000000002,BRB,KOR,2710
635837,34,121,911,2014,348884.0,32794.0,0.191357,-0.683567,BRN,KOR,2710
635838,39,121,911,2014,1004634.0,33936964.0,0.671395,1.024683,CAN,KOR,2710
635839,41,121,911,2014,7739866.0,1377057.0,2.2000919999999997,0.65398,CHE,KOR,2710
635840,42,121,911,2014,0.0,37251044.0,-0.344671,-0.43380799999999997,CHL,KOR,2710
635841,43,121,911,2014,1356625536.0,5622067712.0,1.187557,1.222085,CHN,KOR,2710
635842,44,121,911,2014,33495.0,829481.0,-0.737625,-0.768728,CIV,KOR,2710
635843,45,121,911,2014,0.0,1681.0,-0.6723520000000001,-0.945084,CMR,KOR,2710
635844,47,121,911,2014,0.0,1866375.0,-1.371624,-1.12468,COG,KOR,2710
635845,49,121,911,2014,1246.0,3360798.0,0.19864500000000002,-0.378364,COL,KOR,2710
635846,51,121,911,2014,0.0,34636.0,-0.182368,-0.7136359999999999,CPV,KOR,2710
635847,52,121,911,2014,0.0,4932.0,0.065938,-0.687971,CRI,KOR,2710
635848,55,121,911,2014,1772214.0,0.0,-0.00902,-0.683643,CUW,KOR,2710
635849,58,121,911,2014,108873320.0,0.0,0.627467,0.483725,CYP,KOR,2710
635850,59,121,911,2014,7503802.0,1865765.0,1.8105830000000003,0.131131,CZE,KOR,2710
635851,61,121,911,2014,23789952.0,12190382.0,2.052849,-2.888805,DEU,KOR,2710
635852,62,121,911,2014,0.0,130094.0,-0.394602,-0.74178,DJI,KOR,2710
635853,64,121,911,2014,7800544.0,5730148.0,1.10869,1.245193,DNK,KOR,2710
635854,65,121,911,2014,0.0,233670.0,-0.180845,0.508512,DOM,KOR,2710
635855,66,121,911,2014,1095256192.0,22374798.0,-1.5554649999999999,-1.1657030000000002,DZA,KOR,2710
635856,67,121,911,2014,0.0,3283698.0,-1.066865,-1.052921,ECU,KOR,2710
635857,68,121,911,2014,236742160.0,63430564.0,-0.086866,1.7419669999999998,EGY,KOR,2710
635858,71,121,911,2014,431443104.0,150935.0,0.842147,2.45692,ESP,KOR,2710
635859,72,121,911,2014,137218864.0,36926.0,0.9147780000000001,1.151556,EST,KOR,2710
635860,73,121,911,2014,0.0,196331.0,-1.296535,-1.045942,ETH,KOR,2710
635861,74,121,911,2014,170828.0,13107.0,1.626355,1.002923,FIN,KOR,2710
635862,75,121,911,2014,2489.0,247904336.0,-0.306346,-0.07688500000000001,FJI,KOR,2710
635863,77,121,911,2014,44829316.0,110281168.0,1.4817790000000002,0.30995,FRA,KOR,2710
635864,79,121,911,2014,0.0,41274592.0,-0.32643099999999997,-0.8248049999999999,FSM,KOR,2710
635865,81,121,911,2014,4057700.0,517555488.0,1.697964,0.585372,GBR,KOR,2710
635866,82,121,911,2014,8783412.0,1376691.0,-0.254106,-0.646584,GEO,KOR,2710
635867,83,121,911,2014,0.0,659497.0,-1.130226,-0.9909379999999999,GHA,KOR,2710
635868,84,121,911,2014,24893326.0,0.0,0.275796,-0.720217,GIB,KOR,2710
635869,85,121,911,2014,0.0,81946.0,-1.628409,-1.202473,GIN,KOR,2710
635870,89,121,911,2014,0.0,24279.0,-2.043516,-0.844701,GNQ,KOR,2710
635871,90,121,911,2014,296142240.0,782860.0,0.149337,0.8560540000000001,GRC,KOR,2710
635872,93,121,911,2014,0.0,1201069.0,-0.36547199999999996,0.548894,GTM,KOR,2710
635873,95,121,911,2014,0.0,110260432.0,0.6368119999999999,-0.01771,GUM,KOR,2710
635874,96,121,911,2014,0.0,39007.0,-1.068777,-1.038227,GUY,KOR,2710
635875,97,121,911,2014,2164824.0,1972993664.0,0.812132,1.722493,HKG,KOR,2710
635876,99,121,911,2014,0.0,161117.0,-0.467004,0.045511,HND,KOR,2710
635877,102,121,911,2014,42372.0,9322.0,1.477093,0.812869,HUN,KOR,2710
635878,103,121,911,2014,343389920.0,3764271872.0,-0.088032,1.3966459999999998,IDN,KOR,2710
635879,104,121,911,2014,1623810560.0,738574592.0,0.262042,2.6305080000000003,IND,KOR,2710
635880,107,121,911,2014,37986.0,4320128.0,-0.361058,-0.312743,IRN,KOR,2710
635881,108,121,911,2014,0.0,1968921.0,-2.9169,-0.882023,IRQ,KOR,2710
635882,110,121,911,2014,51767672.0,1898419.0,1.211141,0.64523,ISR,KOR,2710
635883,111,121,911,2014,404111328.0,12662904.0,1.340136,0.43931099999999995,ITA,KOR,2710
635884,112,121,911,2014,0.0,18330.0,-0.42745299999999997,-0.7750130000000001,JAM,KOR,2710
635885,113,121,911,2014,0.0,131912400.0,0.210208,0.48732299999999995,JOR,KOR,2710
635886,114,121,911,2014,1563198976.0,6160058368.0,2.403165,-0.635024,JPN,KOR,2710
635887,115,121,911,2014,0.0,10236023.0,-0.210431,-0.574075,KAZ,KOR,2710
635888,116,121,911,2014,0.0,109039552.0,-0.487058,0.307288,KEN,KOR,2710
635889,117,121,911,2014,224777.0,1745063.0,-0.31942600000000004,-0.012454,KGZ,KOR,2710
635890,118,121,911,2014,0.0,1797496.0,-0.84072,-0.8307040000000001,KHM,KOR,2710
635891,119,121,911,2014,0.0,941069.0,0.708907,-0.540813,KIR,KOR,2710
635892,122,121,911,2014,1460975616.0,1136543.0,-0.769616,-1.10667,KWT,KOR,2710
635893,123,121,911,2014,0.0,414338.0,-1.054294,-0.869916,LAO,KOR,2710
635894,124,121,911,2014,0.0,54808.0,0.308677,1.7564490000000001,LBN,KOR,2710
635895,125,121,911,2014,271706.0,0.0,-1.016828,-1.107983,LBR,KOR,2710
635896,126,121,911,2014,29625550.0,1269709.0,-1.5943829999999999,-1.189961,LBY,KOR,2710
635897,128,121,911,2014,149475.0,8867416.0,-0.49366899999999997,0.338686,LKA,KOR,2710
635898,130,121,911,2014,30429.0,270832.0,0.764495,1.3451540000000002,LTU,KOR,2710
635899,131,121,911,2014,902.0,1814.0,1.243845,1.155474,LUX,KOR,2710
635900,132,121,911,2014,3922.0,512801.0,0.613116,1.1899790000000001,LVA,KOR,2710
635901,133,121,911,2014,0.0,3236.0,0.704535,0.5856140000000001,MAC,KOR,2710
635902,134,121,911,2014,60617264.0,83178.0,-0.574034,0.065788,MAR,KOR,2710
635903,135,121,911,2014,0.0,66490.0,-0.10438199999999999,-0.093194,MDA,KOR,2710
635904,136,121,911,2014,6992.0,25713.0,-1.002122,-0.44446,MDG,KOR,2710
635905,137,121,911,2014,0.0,13743.0,-0.43265299999999995,-0.82696,MDV,KOR,2710
635906,138,121,911,2014,202792272.0,41524436.0,1.0799729999999998,0.697554,MEX,KOR,2710
635907,139,121,911,2014,154723.0,339214.0,-0.22505,-0.803084,MHL,KOR,2710
635908,142,121,911,2014,306336480.0,16874294.0,0.817013,0.0016309999999999999,MLT,KOR,2710
635909,143,121,911,2014,0.0,6854146.0,-1.5332459999999999,-1.145973,MMR,KOR,2710
635910,145,121,911,2014,0.0,35540412.0,-1.425524,-1.161949,MNG,KOR,2710
635911,146,121,911,2014,0.0,3465097.0,1.1877790000000001,-0.300664,MNP,KOR,2710
635912,147,121,911,2014,0.0,87858.0,-1.1993610000000001,-1.040181,MOZ,KOR,2710
635913,151,121,911,2014,5831.0,17386.0,-0.029891,-0.12431099999999999,MUS,KOR,2710
635914,152,121,911,2014,0.0,11072.0,-0.494204,-0.751903,MWI,KOR,2710
635915,153,121,911,2014,781667584.0,959863552.0,1.018138,0.774649,MYS,KOR,2710
635916,155,121,911,2014,0.0,40682.0,-0.428227,-0.5632229999999999,NAM,KOR,2710
635917,156,121,911,2014,0.0,149221824.0,-0.509789,-0.767484,NCL,KOR,2710
635918,157,121,911,2014,0.0,419411.0,-0.7187,-0.80918,NER,KOR,2710
635919,159,121,911,2014,0.0,88527.0,-1.2126430000000001,-1.059697,NGA,KOR,2710
635920,160,121,911,2014,0.0,19932.0,-0.938269,-0.839066,NIC,KOR,2710
635921,162,121,911,2014,108301560.0,2370025728.0,1.179325,1.355071,NLD,KOR,2710
635922,163,121,911,2014,14710569.0,156987.0,0.9187049999999999,0.182685,NOR,KOR,2710
635923,164,121,911,2014,0.0,243044.0,-0.11988199999999999,0.655883,NPL,KOR,2710
635924,165,121,911,2014,0.0,87518.0,1.215503,-0.37847,NRU,KOR,2710
635925,166,121,911,2014,399169.0,754796928.0,0.272502,0.21628699999999998,NZL,KOR,2710
635926,167,121,911,2014,80827832.0,11228264.0,-0.505129,-1.0051370000000002,OMN,KOR,2710
635927,168,121,911,2014,44399480.0,48983916.0,-0.672924,0.566787,PAK,KOR,2710
635928,169,121,911,2014,6768426.0,198327.0,0.771742,0.9873190000000001,PAN,KOR,2710
635929,173,121,911,2014,27639410.0,88520.0,-0.557833,0.611826,PER,KOR,2710
635930,174,121,911,2014,774199.0,2617957376.0,0.637442,0.475883,PHL,KOR,2710
635931,175,121,911,2014,0.0,7557315.0,0.38879600000000003,-0.532062,PLW,KOR,2710
635932,176,121,911,2014,13152061.0,102491288.0,-1.564904,-1.146255,PNG,KOR,2710
635933,177,121,911,2014,841442.0,56818.0,1.133102,1.177165,POL,KOR,2710
635934,179,121,911,2014,339663.0,1510268.0,0.621053,2.349644,PRT,KOR,2710
635935,180,121,911,2014,0.0,321377.0,-0.608509,-0.930679,PRY,KOR,2710
635936,181,121,911,2014,0.0,98299.0,0.030643,0.601905,PSE,KOR,2710
635937,182,121,911,2014,0.0,29671946.0,0.008831,-0.6268279999999999,PYF,KOR,2710
635938,183,121,911,2014,1978590592.0,6761514.0,-0.37535599999999997,-1.0196370000000001,QAT,KOR,2710
635939,185,121,911,2014,30058.0,112192.0,0.9112,1.188161,ROU,KOR,2710
635940,186,121,911,2014,4778988032.0,107270936.0,0.229422,-0.214856,RUS,KOR,2710
635941,187,121,911,2014,0.0,31712.0,-0.5692659999999999,-0.447859,RWA,KOR,2710
635942,188,121,911,2014,2064199808.0,17648346.0,0.5758439999999999,-0.832692,SAU,KOR,2710
635943,190,121,911,2014,0.0,4872.0,-1.442381,-1.1155030000000001,SDN,KOR,2710
635944,191,121,911,2014,0.0,36523532.0,-0.502607,-0.08866,SEN,KOR,2710
635945,192,121,911,2014,1829679488.0,10336707584.0,1.867492,0.626736,SGP,KOR,2710
635946,195,121,911,2014,0.0,4749875.0,-0.862089,-0.9075840000000001,SLB,KOR,2710
635947,196,121,911,2014,0.0,36893.0,-0.9228569999999999,-0.791482,SLE,KOR,2710
635948,197,121,911,2014,0.0,2687807.0,0.08653999999999999,0.29088600000000003,SLV,KOR,2710
635949,205,121,911,2014,0.0,954.0,-0.6333989999999999,-0.857643,SUR,KOR,2710
635950,206,121,911,2014,7440.0,685464.0,1.334959,0.821253,SVK,KOR,2710
635951,207,121,911,2014,0.0,314597.0,1.6558669999999998,0.6814399999999999,SVN,KOR,2710
635952,208,121,911,2014,1193335.0,80324.0,1.817752,0.558474,SWE,KOR,2710
635953,211,121,911,2014,0.0,109097.0,0.358111,-0.484879,SYC,KOR,2710
635954,212,121,911,2014,0.0,123984.0,-0.366224,0.9054719999999999,SYR,KOR,2710
635955,215,121,911,2014,0.0,4729.0,-0.524103,-0.537643,TGO,KOR,2710
635956,216,121,911,2014,42555788.0,225717456.0,0.977094,1.41283,THA,KOR,2710
635957,217,121,911,2014,0.0,1034963.0,-0.706823,-0.993756,TJK,KOR,2710
635958,219,121,911,2014,0.0,523355.0,-1.217897,-1.184131,TKM,KOR,2710
635959,220,121,911,2014,0.0,381470.0,-1.365212,-0.896716,TLS,KOR,2710
635960,222,121,911,2014,8346.0,18100.0,-0.57362,-1.117545,TTO,KOR,2710
635961,223,121,911,2014,47130868.0,315196.0,0.343449,1.118007,TUN,KOR,2710
635962,224,121,911,2014,20379814.0,11871890.0,0.554761,2.385693,TUR,KOR,2710
635963,226,121,911,2014,0.0,154331744.0,-1.054331,0.166345,TZA,KOR,2710
635964,227,121,911,2014,0.0,6271826.0,-0.46911800000000003,0.25446599999999997,UGA,KOR,2710
635965,228,121,911,2014,15553816.0,4566184.0,0.566535,0.832267,UKR,KOR,2710
635966,230,121,911,2014,0.0,242332.0,0.154034,-0.380899,URY,KOR,2710
635967,231,121,911,2014,837979648.0,2961040128.0,1.61227,0.068905,USA,KOR,2710
635968,232,121,911,2014,5782.0,7134202.0,-0.407623,-0.37150700000000003,UZB,KOR,2710
635969,236,121,911,2014,2983724.0,4704.0,-0.582086,-1.081727,VEN,KOR,2710
635970,239,121,911,2014,16452325.0,551752448.0,-0.023765,1.344416,VNM,KOR,2710
635971,240,121,911,2014,369843.0,18401.0,-1.21245,-0.941493,VUT,KOR,2710
635972,242,121,911,2014,0.0,22707322.0,0.602344,-0.051224,WSM,KOR,2710
635973,243,121,911,2014,52474464.0,97595680.0,-1.2829190000000001,-1.227373,YEM,KOR,2710
635974,246,121,911,2014,327564.0,25134968.0,0.282927,1.723214,ZAF,KOR,2710
635975,247,121,911,2014,0.0,1890.0,-0.664089,-0.793452,ZMB,KOR,2710
635976,248,121,911,2014,0.0,7170.0,-0.821369,-0.864232,ZWE,KOR,2710
635977,249,121,911,2014,36726596.0,1976918016.0,1.9044189999999999,1.0595139999999998,TWN,KOR,2710
635978,250,121,911,2014,40721976.0,58963184.0,0.506842,0.049545,ANS,KOR,2710
635979,0,122,911,2014,18806.0,0.0,0.779539,-0.32255700000000004,ABW,KWT,2710
635980,4,122,911,2014,17454.0,0.0,-0.476024,-0.33978400000000003,ALB,KWT,2710
635981,7,122,911,2014,69278800.0,319415680.0,0.087775,-0.289459,ARE,KWT,2710
635982,14,122,911,2014,10180.0,0.0,-0.398273,-0.17128,AUS,KWT,2710
635983,15,122,911,2014,13836.0,0.0,1.7116790000000002,-0.140232,AUT,KWT,2710
635984,16,122,911,2014,0.0,32866.0,-0.909508,-1.165158,AZE,KWT,2710
635985,18,122,911,2014,2787895.0,58107440.0,1.234156,1.226441,BEL,KWT,2710
635986,19,122,911,2014,0.0,12703.0,-0.342225,-0.618789,BEN,KWT,2710
635987,24,122,911,2014,9085.0,732842.0,0.460168,-0.41671099999999994,BHR,KWT,2710
635988,32,122,911,2014,7972.0,0.0,0.218223,0.556921,BRA,KWT,2710
635989,39,122,911,2014,71157.0,0.0,0.671395,1.024683,CAN,KWT,2710
635990,41,122,911,2014,44057.0,17327.0,2.2000919999999997,0.65398,CHE,KWT,2710
635991,43,122,911,2014,1052458.0,164315888.0,1.187557,1.222085,CHN,KWT,2710
635992,49,122,911,2014,5009.0,0.0,0.19864500000000002,-0.378364,COL,KWT,2710
635993,58,122,911,2014,0.0,9834.0,0.627467,0.483725,CYP,KWT,2710
635994,59,122,911,2014,9100.0,0.0,1.8105830000000003,0.131131,CZE,KWT,2710
635995,61,122,911,2014,3096902.0,174062.0,2.052849,-2.888805,DEU,KWT,2710
635996,62,122,911,2014,0.0,1625.0,-0.394602,-0.74178,DJI,KWT,2710
635997,64,122,911,2014,0.0,44465804.0,1.10869,1.245193,DNK,KWT,2710
635998,68,122,911,2014,423552.0,888624640.0,-0.086866,1.7419669999999998,EGY,KWT,2710
635999,71,122,911,2014,10275.0,22337938.0,0.842147,2.45692,ESP,KWT,2710
636000,73,122,911,2014,325002272.0,1078350720.0,-1.296535,-1.045942,ETH,KWT,2710
636001,74,122,911,2014,9758.0,0.0,1.626355,1.002923,FIN,KWT,2710
636002,77,122,911,2014,4085110.0,705129856.0,1.4817790000000002,0.30995,FRA,KWT,2710
636003,81,122,911,2014,352950.0,1815878656.0,1.697964,0.585372,GBR,KWT,2710
636004,85,122,911,2014,0.0,42622.0,-1.628409,-1.202473,GIN,KWT,2710
636005,90,122,911,2014,1599263.0,2364.0,0.149337,0.8560540000000001,GRC,KWT,2710
636006,97,122,911,2014,51327.0,142412.0,0.812132,1.722493,HKG,KWT,2710
636007,102,122,911,2014,11575.0,0.0,1.477093,0.812869,HUN,KWT,2710
636008,103,122,911,2014,71366.0,882094016.0,-0.088032,1.3966459999999998,IDN,KWT,2710
636009,104,122,911,2014,8834263.0,882919.0,0.262042,2.6305080000000003,IND,KWT,2710
636010,106,122,911,2014,36749.0,0.0,1.2658399999999999,0.278546,IRL,KWT,2710
636011,107,122,911,2014,0.0,16239.0,-0.361058,-0.312743,IRN,KWT,2710
636012,108,122,911,2014,0.0,578521.0,-2.9169,-0.882023,IRQ,KWT,2710
636013,111,122,911,2014,255866.0,13557035.0,1.340136,0.43931099999999995,ITA,KWT,2710
636014,113,122,911,2014,0.0,42441160.0,0.210208,0.48732299999999995,JOR,KWT,2710
636015,114,122,911,2014,1010541.0,1273997568.0,2.403165,-0.635024,JPN,KWT,2710
636016,117,122,911,2014,63596.0,0.0,-0.31942600000000004,-0.012454,KGZ,KWT,2710
636017,121,122,911,2014,1136543.0,1460975616.0,1.817145,0.8394530000000001,KOR,KWT,2710
636018,124,122,911,2014,126217.0,189293008.0,0.308677,1.7564490000000001,LBN,KWT,2710
636019,128,122,911,2014,0.0,650013.0,-0.49366899999999997,0.338686,LKA,KWT,2710
636020,132,122,911,2014,0.0,24026.0,0.613116,1.1899790000000001,LVA,KWT,2710
636021,134,122,911,2014,0.0,38544740.0,-0.574034,0.065788,MAR,KWT,2710
636022,136,122,911,2014,0.0,50031.0,-1.002122,-0.44446,MDG,KWT,2710
636023,138,122,911,2014,5203.0,0.0,1.0799729999999998,0.697554,MEX,KWT,2710
636024,147,122,911,2014,216826.0,7687900.0,-1.1993610000000001,-1.040181,MOZ,KWT,2710
636025,151,122,911,2014,0.0,77449.0,-0.029891,-0.12431099999999999,MUS,KWT,2710
636026,152,122,911,2014,0.0,3251085.0,-0.494204,-0.751903,MWI,KWT,2710
636027,153,122,911,2014,32585.0,733235456.0,1.018138,0.774649,MYS,KWT,2710
636028,162,122,911,2014,4538762.0,361168704.0,1.179325,1.355071,NLD,KWT,2710
636029,166,122,911,2014,3273.0,0.0,0.272502,0.21628699999999998,NZL,KWT,2710
636030,167,122,911,2014,6671883.0,35874972.0,-0.505129,-1.0051370000000002,OMN,KWT,2710
636031,168,122,911,2014,0.0,2229590272.0,-0.672924,0.566787,PAK,KWT,2710
636032,177,122,911,2014,267957.0,3775.0,1.133102,1.177165,POL,KWT,2710
636033,180,122,911,2014,0.0,3822732.0,-0.608509,-0.930679,PRY,KWT,2710
636034,181,122,911,2014,0.0,8563.0,0.030643,0.601905,PSE,KWT,2710
636035,183,122,911,2014,31559.0,102811.0,-0.37535599999999997,-1.0196370000000001,QAT,KWT,2710
636036,185,122,911,2014,31672.0,0.0,0.9112,1.188161,ROU,KWT,2710
636037,186,122,911,2014,103817.0,0.0,0.229422,-0.214856,RUS,KWT,2710
636038,187,122,911,2014,0.0,35031.0,-0.5692659999999999,-0.447859,RWA,KWT,2710
636039,188,122,911,2014,5002029.0,22358400.0,0.5758439999999999,-0.832692,SAU,KWT,2710
636040,192,122,911,2014,2070248.0,817185216.0,1.867492,0.626736,SGP,KWT,2710
636041,201,122,911,2014,0.0,2383.0,0.551635,1.211535,SRB,KWT,2710
636042,206,122,911,2014,3841.0,0.0,1.334959,0.821253,SVK,KWT,2710
636043,207,122,911,2014,0.0,35279184.0,1.6558669999999998,0.6814399999999999,SVN,KWT,2710
636044,208,122,911,2014,49247.0,637.0,1.817752,0.558474,SWE,KWT,2710
636045,212,122,911,2014,0.0,252741.0,-0.366224,0.9054719999999999,SYR,KWT,2710
636046,216,122,911,2014,95911.0,423185952.0,0.977094,1.41283,THA,KWT,2710
636047,222,122,911,2014,0.0,83565.0,-0.57362,-1.117545,TTO,KWT,2710
636048,223,122,911,2014,0.0,19936.0,0.343449,1.118007,TUN,KWT,2710
636049,224,122,911,2014,419505.0,0.0,0.554761,2.385693,TUR,KWT,2710
636050,226,122,911,2014,0.0,272483.0,-1.054331,0.166345,TZA,KWT,2710
636051,227,122,911,2014,0.0,2919616.0,-0.46911800000000003,0.25446599999999997,UGA,KWT,2710
636052,231,122,911,2014,6458619.0,92410632.0,1.61227,0.068905,USA,KWT,2710
636053,239,122,911,2014,0.0,358497696.0,-0.023765,1.344416,VNM,KWT,2710
636054,243,122,911,2014,0.0,93868.0,-1.2829190000000001,-1.227373,YEM,KWT,2710
636055,246,122,911,2014,0.0,71981736.0,0.282927,1.723214,ZAF,KWT,2710
636056,247,122,911,2014,0.0,39960100.0,-0.664089,-0.793452,ZMB,KWT,2710
636057,248,122,911,2014,0.0,263040.0,-0.821369,-0.864232,ZWE,KWT,2710
636058,249,122,911,2014,5987.0,234894048.0,1.9044189999999999,1.0595139999999998,TWN,KWT,2710
636059,250,122,911,2014,48238.0,22813306880.0,0.506842,0.049545,ANS,KWT,2710
636060,7,134,911,2014,3241156.0,908.0,0.087775,-0.289459,ARE,MAR,2710
636061,14,134,911,2014,5334.0,0.0,-0.398273,-0.17128,AUS,MAR,2710
636062,15,134,911,2014,21345.0,0.0,1.7116790000000002,-0.140232,AUT,MAR,2710
636063,18,134,911,2014,169300512.0,0.0,1.234156,1.226441,BEL,MAR,2710
636064,19,134,911,2014,0.0,17268.0,-0.342225,-0.618789,BEN,MAR,2710
636065,21,134,911,2014,463471.0,2639022.0,-0.922401,-0.9554379999999999,BFA,MAR,2710
636066,23,134,911,2014,22071686.0,0.0,0.579058,1.6558110000000001,BGR,MAR,2710
636067,24,134,911,2014,22797.0,0.0,0.460168,-0.41671099999999994,BHR,MAR,2710
636068,25,134,911,2014,64040940.0,0.0,0.314465,-0.60458,BHS,MAR,2710
636069,28,134,911,2014,48990080.0,0.0,0.874108,0.676231,BLR,MAR,2710
636070,32,134,911,2014,106627.0,194770848.0,0.218223,0.556921,BRA,MAR,2710
636071,39,134,911,2014,21932.0,0.0,0.671395,1.024683,CAN,MAR,2710
636072,41,134,911,2014,2796388.0,0.0,2.2000919999999997,0.65398,CHE,MAR,2710
636073,43,134,911,2014,22438.0,0.0,1.187557,1.222085,CHN,MAR,2710
636074,44,134,911,2014,0.0,4234220.0,-0.737625,-0.768728,CIV,MAR,2710
636075,45,134,911,2014,0.0,21889.0,-0.6723520000000001,-0.945084,CMR,MAR,2710
636076,47,134,911,2014,0.0,45685.0,-1.371624,-1.12468,COG,MAR,2710
636077,51,134,911,2014,0.0,2040861.0,-0.182368,-0.7136359999999999,CPV,MAR,2710
636078,61,134,911,2014,4426576.0,0.0,2.052849,-2.888805,DEU,MAR,2710
636079,62,134,911,2014,0.0,71964.0,-0.394602,-0.74178,DJI,MAR,2710
636080,64,134,911,2014,148112.0,0.0,1.10869,1.245193,DNK,MAR,2710
636081,66,134,911,2014,7499.0,0.0,-1.5554649999999999,-1.1657030000000002,DZA,MAR,2710
636082,68,134,911,2014,479523.0,0.0,-0.086866,1.7419669999999998,EGY,MAR,2710
636083,71,134,911,2014,963486336.0,176534800.0,0.842147,2.45692,ESP,MAR,2710
636084,72,134,911,2014,22383470.0,0.0,0.9147780000000001,1.151556,EST,MAR,2710
636085,73,134,911,2014,0.0,2491954.0,-1.296535,-1.045942,ETH,MAR,2710
636086,74,134,911,2014,38185.0,0.0,1.626355,1.002923,FIN,MAR,2710
636087,77,134,911,2014,10050092.0,40544.0,1.4817790000000002,0.30995,FRA,MAR,2710
636088,80,134,911,2014,0.0,41337.0,-1.625474,-1.135973,GAB,MAR,2710
636089,81,134,911,2014,28203782.0,0.0,1.697964,0.585372,GBR,MAR,2710
636090,83,134,911,2014,0.0,4395370.0,-1.130226,-0.9909379999999999,GHA,MAR,2710
636091,84,134,911,2014,33309264.0,3229072.0,0.275796,-0.720217,GIB,MAR,2710
636092,85,134,911,2014,434726.0,334979.0,-1.628409,-1.202473,GIN,MAR,2710
636093,87,134,911,2014,0.0,9547669.0,-0.905488,-0.7892819999999999,GMB,MAR,2710
636094,89,134,911,2014,0.0,10010.0,-2.043516,-0.844701,GNQ,MAR,2710
636095,90,134,911,2014,18407684.0,19896.0,0.149337,0.8560540000000001,GRC,MAR,2710
636096,97,134,911,2014,7046.0,0.0,0.812132,1.722493,HKG,MAR,2710
636097,102,134,911,2014,75546.0,0.0,1.477093,0.812869,HUN,MAR,2710
636098,104,134,911,2014,3423701.0,0.0,0.262042,2.6305080000000003,IND,MAR,2710
636099,109,134,911,2014,34777.0,13422.0,0.127891,-0.302014,ISL,MAR,2710
636100,111,134,911,2014,124780704.0,24326778.0,1.340136,0.43931099999999995,ITA,MAR,2710
636101,114,134,911,2014,4969.0,0.0,2.403165,-0.635024,JPN,MAR,2710
636102,116,134,911,2014,0.0,194654.0,-0.487058,0.307288,KEN,MAR,2710
636103,121,134,911,2014,83178.0,60617264.0,1.817145,0.8394530000000001,KOR,MAR,2710
636104,122,134,911,2014,38544740.0,0.0,-0.769616,-1.10667,KWT,MAR,2710
636105,130,134,911,2014,79641.0,0.0,0.764495,1.3451540000000002,LTU,MAR,2710
636106,131,134,911,2014,2720.0,0.0,1.243845,1.155474,LUX,MAR,2710
636107,132,134,911,2014,93682.0,0.0,0.613116,1.1899790000000001,LVA,MAR,2710
636108,136,134,911,2014,6029.0,0.0,-1.002122,-0.44446,MDG,MAR,2710
636109,141,134,911,2014,0.0,3235323.0,-1.199063,-1.05497,MLI,MAR,2710
636110,142,134,911,2014,0.0,76797272.0,0.817013,0.0016309999999999999,MLT,MAR,2710
636111,148,134,911,2014,0.0,2085652.0,-1.458551,-1.225373,MRT,MAR,2710
636112,153,134,911,2014,128581.0,0.0,1.018138,0.774649,MYS,MAR,2710
636113,157,134,911,2014,0.0,550629.0,-0.7187,-0.80918,NER,MAR,2710
636114,159,134,911,2014,0.0,4633071.0,-1.2126430000000001,-1.059697,NGA,MAR,2710
636115,162,134,911,2014,253469616.0,3345209.0,1.179325,1.355071,NLD,MAR,2710
636116,169,134,911,2014,0.0,14363.0,0.771742,0.9873190000000001,PAN,MAR,2710
636117,177,134,911,2014,443173.0,0.0,1.133102,1.177165,POL,MAR,2710
636118,179,134,911,2014,133580208.0,0.0,0.621053,2.349644,PRT,MAR,2710
636119,183,134,911,2014,0.0,14357.0,-0.37535599999999997,-1.0196370000000001,QAT,MAR,2710
636120,186,134,911,2014,245741584.0,0.0,0.229422,-0.214856,RUS,MAR,2710
636121,188,134,911,2014,84921600.0,0.0,0.5758439999999999,-0.832692,SAU,MAR,2710
636122,190,134,911,2014,0.0,9250486.0,-1.442381,-1.1155030000000001,SDN,MAR,2710
636123,191,134,911,2014,0.0,11671527.0,-0.502607,-0.08866,SEN,MAR,2710
636124,192,134,911,2014,247559.0,10904228.0,1.867492,0.626736,SGP,MAR,2710
636125,207,134,911,2014,958.0,0.0,1.6558669999999998,0.6814399999999999,SVN,MAR,2710
636126,208,134,911,2014,156687968.0,0.0,1.817752,0.558474,SWE,MAR,2710
636127,215,134,911,2014,0.0,299853.0,-0.524103,-0.537643,TGO,MAR,2710
636128,216,134,911,2014,19631.0,0.0,0.977094,1.41283,THA,MAR,2710
636129,223,134,911,2014,325625.0,418677.0,0.343449,1.118007,TUN,MAR,2710
636130,224,134,911,2014,7506660.0,25294.0,0.554761,2.385693,TUR,MAR,2710
636131,227,134,911,2014,0.0,54059.0,-0.46911800000000003,0.25446599999999997,UGA,MAR,2710
636132,231,134,911,2014,525770080.0,0.0,1.61227,0.068905,USA,MAR,2710
636133,236,134,911,2014,68405888.0,0.0,-0.582086,-1.081727,VEN,MAR,2710
636134,246,134,911,2014,55451.0,0.0,0.282927,1.723214,ZAF,MAR,2710
636135,249,134,911,2014,3082.0,29973864.0,1.9044189999999999,1.0595139999999998,TWN,MAR,2710
636136,250,134,911,2014,167585632.0,312309504.0,0.506842,0.049545,ANS,MAR,2710
636137,0,138,911,2014,0.0,5396.0,0.779539,-0.32255700000000004,ABW,MEX,2710
636138,7,138,911,2014,15243.0,57962.0,0.087775,-0.289459,ARE,MEX,2710
636139,8,138,911,2014,0.0,93851.0,0.10691500000000001,0.44860600000000006,ARG,MEX,2710
636140,9,138,911,2014,0.0,13073.0,-0.198322,-0.5918680000000001,ARM,MEX,2710
636141,14,138,911,2014,46415.0,774.0,-0.398273,-0.17128,AUS,MEX,2710
636142,15,138,911,2014,19914.0,10277.0,1.7116790000000002,-0.140232,AUT,MEX,2710
636143,18,138,911,2014,6896354.0,38152364.0,1.234156,1.226441,BEL,MEX,2710
636144,23,138,911,2014,8937.0,0.0,0.579058,1.6558110000000001,BGR,MEX,2710
636145,24,138,911,2014,0.0,3276.0,0.460168,-0.41671099999999994,BHR,MEX,2710
636146,29,138,911,2014,1422.0,343120.0,-0.324446,-0.552126,BLZ,MEX,2710
636147,31,138,911,2014,7439.0,2357570.0,-1.129494,-1.030198,BOL,MEX,2710
636148,32,138,911,2014,587001.0,45734392.0,0.218223,0.556921,BRA,MEX,2710
636149,33,138,911,2014,0.0,16671.0,0.44968400000000003,-0.15268900000000002,BRB,MEX,2710
636150,39,138,911,2014,6388472.0,200234976.0,0.671395,1.024683,CAN,MEX,2710
636151,41,138,911,2014,257811.0,0.0,2.2000919999999997,0.65398,CHE,MEX,2710
636152,42,138,911,2014,1111.0,1217924.0,-0.344671,-0.43380799999999997,CHL,MEX,2710
636153,43,138,911,2014,161436.0,2467421.0,1.187557,1.222085,CHN,MEX,2710
636154,49,138,911,2014,13873001.0,112207400.0,0.19864500000000002,-0.378364,COL,MEX,2710
636155,52,138,911,2014,3836.0,4215995.0,0.065938,-0.687971,CRI,MEX,2710
636156,54,138,911,2014,0.0,1336148.0,-0.476786,-0.952291,CUB,MEX,2710
636157,59,138,911,2014,11154.0,3805.0,1.8105830000000003,0.131131,CZE,MEX,2710
636158,61,138,911,2014,9188774.0,10122090.0,2.052849,-2.888805,DEU,MEX,2710
636159,64,138,911,2014,1633.0,0.0,1.10869,1.245193,DNK,MEX,2710
636160,65,138,911,2014,5748.0,2717233.0,-0.180845,0.508512,DOM,MEX,2710
636161,67,138,911,2014,987.0,1726431.0,-1.066865,-1.052921,ECU,MEX,2710
636162,71,138,911,2014,2492206.0,10928.0,0.842147,2.45692,ESP,MEX,2710
636163,73,138,911,2014,0.0,4485.0,-1.296535,-1.045942,ETH,MEX,2710
636164,74,138,911,2014,193649200.0,0.0,1.626355,1.002923,FIN,MEX,2710
636165,77,138,911,2014,4297592.0,47679948.0,1.4817790000000002,0.30995,FRA,MEX,2710
636166,81,138,911,2014,1152925.0,3380.0,1.697964,0.585372,GBR,MEX,2710
636167,90,138,911,2014,7255.0,0.0,0.149337,0.8560540000000001,GRC,MEX,2710
636168,93,138,911,2014,23727.0,5140622.0,-0.36547199999999996,0.548894,GTM,MEX,2710
636169,96,138,911,2014,0.0,68397.0,-1.068777,-1.038227,GUY,MEX,2710
636170,97,138,911,2014,888280.0,0.0,0.812132,1.722493,HKG,MEX,2710
636171,99,138,911,2014,52050.0,1669296.0,-0.467004,0.045511,HND,MEX,2710
636172,101,138,911,2014,0.0,476878.0,-1.10887,-1.032108,HTI,MEX,2710
636173,103,138,911,2014,0.0,64795.0,-0.088032,1.3966459999999998,IDN,MEX,2710
636174,104,138,911,2014,835137.0,7141.0,0.262042,2.6305080000000003,IND,MEX,2710
636175,109,138,911,2014,4320.0,0.0,0.127891,-0.302014,ISL,MEX,2710
636176,110,138,911,2014,145566.0,0.0,1.211141,0.64523,ISR,MEX,2710
636177,111,138,911,2014,105689.0,315580.0,1.340136,0.43931099999999995,ITA,MEX,2710
636178,112,138,911,2014,0.0,435432.0,-0.42745299999999997,-0.7750130000000001,JAM,MEX,2710
636179,114,138,911,2014,37423060.0,43377492.0,2.403165,-0.635024,JPN,MEX,2710
636180,115,138,911,2014,0.0,18562.0,-0.210431,-0.574075,KAZ,MEX,2710
636181,121,138,911,2014,41524436.0,202792272.0,1.817145,0.8394530000000001,KOR,MEX,2710
636182,122,138,911,2014,0.0,5203.0,-0.769616,-1.10667,KWT,MEX,2710
636183,127,138,911,2014,0.0,24847.0,0.29035500000000003,-0.603541,LCA,MEX,2710
636184,128,138,911,2014,0.0,12513.0,-0.49366899999999997,0.338686,LKA,MEX,2710
636185,131,138,911,2014,4869.0,0.0,1.243845,1.155474,LUX,MEX,2710
636186,132,138,911,2014,10413.0,0.0,0.613116,1.1899790000000001,LVA,MEX,2710
636187,153,138,911,2014,0.0,29230438.0,1.018138,0.774649,MYS,MEX,2710
636188,159,138,911,2014,0.0,27129.0,-1.2126430000000001,-1.059697,NGA,MEX,2710
636189,160,138,911,2014,0.0,3612728.0,-0.938269,-0.839066,NIC,MEX,2710
636190,162,138,911,2014,2080172800.0,7153142.0,1.179325,1.355071,NLD,MEX,2710
636191,166,138,911,2014,1117.0,0.0,0.272502,0.21628699999999998,NZL,MEX,2710
636192,169,138,911,2014,0.0,16610920.0,0.771742,0.9873190000000001,PAN,MEX,2710
636193,173,138,911,2014,18284180.0,8682782.0,-0.557833,0.611826,PER,MEX,2710
636194,177,138,911,2014,41975.0,44088.0,1.133102,1.177165,POL,MEX,2710
636195,179,138,911,2014,24015.0,0.0,0.621053,2.349644,PRT,MEX,2710
636196,180,138,911,2014,0.0,2159537.0,-0.608509,-0.930679,PRY,MEX,2710
636197,183,138,911,2014,0.0,8437.0,-0.37535599999999997,-1.0196370000000001,QAT,MEX,2710
636198,185,138,911,2014,10351.0,0.0,0.9112,1.188161,ROU,MEX,2710
636199,186,138,911,2014,30972478.0,8200.0,0.229422,-0.214856,RUS,MEX,2710
636200,188,138,911,2014,0.0,77697.0,0.5758439999999999,-0.832692,SAU,MEX,2710
636201,192,138,911,2014,1112787.0,1111403008.0,1.867492,0.626736,SGP,MEX,2710
636202,197,138,911,2014,367159.0,3391412.0,0.08653999999999999,0.29088600000000003,SLV,MEX,2710
636203,201,138,911,2014,0.0,641.0,0.551635,1.211535,SRB,MEX,2710
636204,205,138,911,2014,0.0,16604.0,-0.6333989999999999,-0.857643,SUR,MEX,2710
636205,208,138,911,2014,921371.0,0.0,1.817752,0.558474,SWE,MEX,2710
636206,216,138,911,2014,56373.0,15842.0,0.977094,1.41283,THA,MEX,2710
636207,222,138,911,2014,0.0,102953.0,-0.57362,-1.117545,TTO,MEX,2710
636208,224,138,911,2014,12286.0,10296.0,0.554761,2.385693,TUR,MEX,2710
636209,228,138,911,2014,629.0,0.0,0.566535,0.832267,UKR,MEX,2710
636210,230,138,911,2014,0.0,343545.0,0.154034,-0.380899,URY,MEX,2710
636211,231,138,911,2014,18487496704.0,2473600000.0,1.61227,0.068905,USA,MEX,2710
636212,236,138,911,2014,0.0,1746117.0,-0.582086,-1.081727,VEN,MEX,2710
636213,239,138,911,2014,0.0,4055.0,-0.023765,1.344416,VNM,MEX,2710
636214,246,138,911,2014,0.0,1208.0,0.282927,1.723214,ZAF,MEX,2710
636215,249,138,911,2014,20700.0,0.0,1.9044189999999999,1.0595139999999998,TWN,MEX,2710
636216,250,138,911,2014,15568.0,0.0,0.506842,0.049545,ANS,MEX,2710
636217,2,153,911,2014,0.0,286797120.0,-1.8184900000000002,-1.149191,AGO,MYS,2710
636218,7,153,911,2014,759156864.0,33392724.0,0.087775,-0.289459,ARE,MYS,2710
636219,8,153,911,2014,48407.0,39030192.0,0.10691500000000001,0.44860600000000006,ARG,MYS,2710
636220,14,153,911,2014,99264016.0,870661248.0,-0.398273,-0.17128,AUS,MYS,2710
636221,15,153,911,2014,17346.0,0.0,1.7116790000000002,-0.140232,AUT,MYS,2710
636222,16,153,911,2014,1818063.0,0.0,-0.909508,-1.165158,AZE,MYS,2710
636223,18,153,911,2014,6046028.0,84026824.0,1.234156,1.226441,BEL,MYS,2710
636224,19,153,911,2014,0.0,11729.0,-0.342225,-0.618789,BEN,MYS,2710
636225,21,153,911,2014,0.0,22679.0,-0.922401,-0.9554379999999999,BFA,MYS,2710
636226,22,153,911,2014,35104.0,331019776.0,-1.0341879999999999,-0.9614870000000001,BGD,MYS,2710
636227,24,153,911,2014,14871090.0,11118.0,0.460168,-0.41671099999999994,BHR,MYS,2710
636228,25,153,911,2014,0.0,78476.0,0.314465,-0.60458,BHS,MYS,2710
636229,31,153,911,2014,0.0,20202262.0,-1.129494,-1.030198,BOL,MYS,2710
636230,32,153,911,2014,43577396.0,15162531.0,0.218223,0.556921,BRA,MYS,2710
636231,34,153,911,2014,101346.0,316032800.0,0.191357,-0.683567,BRN,MYS,2710
636232,38,153,911,2014,0.0,22657.0,0.695875,0.543384,CAF,MYS,2710
636233,39,153,911,2014,532210.0,0.0,0.671395,1.024683,CAN,MYS,2710
636234,41,153,911,2014,122691.0,139550.0,2.2000919999999997,0.65398,CHE,MYS,2710
636235,42,153,911,2014,28500.0,0.0,-0.344671,-0.43380799999999997,CHL,MYS,2710
636236,43,153,911,2014,623362688.0,1175720704.0,1.187557,1.222085,CHN,MYS,2710
636237,44,153,911,2014,0.0,4398.0,-0.737625,-0.768728,CIV,MYS,2710
636238,45,153,911,2014,0.0,7300156.0,-0.6723520000000001,-0.945084,CMR,MYS,2710
636239,46,153,911,2014,28289020.0,0.0,-1.6680240000000002,-1.1265129999999999,COD,MYS,2710
636240,47,153,911,2014,55928588.0,271813.0,-1.371624,-1.12468,COG,MYS,2710
636241,49,153,911,2014,29373196.0,0.0,0.19864500000000002,-0.378364,COL,MYS,2710
636242,52,153,911,2014,0.0,1404.0,0.065938,-0.687971,CRI,MYS,2710
636243,54,153,911,2014,28303396.0,0.0,-0.476786,-0.952291,CUB,MYS,2710
636244,55,153,911,2014,156204.0,0.0,-0.00902,-0.683643,CUW,MYS,2710
636245,58,153,911,2014,31941304.0,30323.0,0.627467,0.483725,CYP,MYS,2710
636246,59,153,911,2014,22643.0,0.0,1.8105830000000003,0.131131,CZE,MYS,2710
636247,61,153,911,2014,7097476.0,0.0,2.052849,-2.888805,DEU,MYS,2710
636248,64,153,911,2014,1861820.0,0.0,1.10869,1.245193,DNK,MYS,2710
636249,66,153,911,2014,546341.0,0.0,-1.5554649999999999,-1.1657030000000002,DZA,MYS,2710
636250,67,153,911,2014,0.0,2157.0,-1.066865,-1.052921,ECU,MYS,2710
636251,68,153,911,2014,22902752.0,31647.0,-0.086866,1.7419669999999998,EGY,MYS,2710
636252,69,153,911,2014,0.0,23898.0,-2.345215,-1.051413,ERI,MYS,2710
636253,71,153,911,2014,6096828.0,1409.0,0.842147,2.45692,ESP,MYS,2710
636254,73,153,911,2014,0.0,6020.0,-1.296535,-1.045942,ETH,MYS,2710
636255,74,153,911,2014,63681.0,0.0,1.626355,1.002923,FIN,MYS,2710
636256,75,153,911,2014,801099.0,1061488.0,-0.306346,-0.07688500000000001,FJI,MYS,2710
636257,77,153,911,2014,1858788.0,794416.0,1.4817790000000002,0.30995,FRA,MYS,2710
636258,80,153,911,2014,17077962.0,85803.0,-1.625474,-1.135973,GAB,MYS,2710
636259,81,153,911,2014,1535475.0,33788824.0,1.697964,0.585372,GBR,MYS,2710
636260,83,153,911,2014,0.0,43451.0,-1.130226,-0.9909379999999999,GHA,MYS,2710
636261,84,153,911,2014,0.0,17937.0,0.275796,-0.720217,GIB,MYS,2710
636262,85,153,911,2014,0.0,6832.0,-1.628409,-1.202473,GIN,MYS,2710
636263,89,153,911,2014,0.0,28110.0,-2.043516,-0.844701,GNQ,MYS,2710
636264,90,153,911,2014,5997224.0,3691.0,0.149337,0.8560540000000001,GRC,MYS,2710
636265,93,153,911,2014,0.0,22041.0,-0.36547199999999996,0.548894,GTM,MYS,2710
636266,97,153,911,2014,11268072.0,246310384.0,0.812132,1.722493,HKG,MYS,2710
636267,102,153,911,2014,8594.0,0.0,1.477093,0.812869,HUN,MYS,2710
636268,103,153,911,2014,350516064.0,3620520448.0,-0.088032,1.3966459999999998,IDN,MYS,2710
636269,104,153,911,2014,1031839104.0,239569312.0,0.262042,2.6305080000000003,IND,MYS,2710
636270,106,153,911,2014,5086328.0,0.0,1.2658399999999999,0.278546,IRL,MYS,2710
636271,107,153,911,2014,143748.0,336388.0,-0.361058,-0.312743,IRN,MYS,2710
636272,108,153,911,2014,0.0,76563.0,-2.9169,-0.882023,IRQ,MYS,2710
636273,109,153,911,2014,5109.0,0.0,0.127891,-0.302014,ISL,MYS,2710
636274,111,153,911,2014,39699936.0,79188.0,1.340136,0.43931099999999995,ITA,MYS,2710
636275,113,153,911,2014,0.0,16787624.0,0.210208,0.48732299999999995,JOR,MYS,2710
636276,114,153,911,2014,222147600.0,1045397248.0,2.403165,-0.635024,JPN,MYS,2710
636277,115,153,911,2014,4435130.0,418136.0,-0.210431,-0.574075,KAZ,MYS,2710
636278,116,153,911,2014,0.0,535249568.0,-0.487058,0.307288,KEN,MYS,2710
636279,118,153,911,2014,0.0,172865.0,-0.84072,-0.8307040000000001,KHM,MYS,2710
636280,121,153,911,2014,959863552.0,781667584.0,1.817145,0.8394530000000001,KOR,MYS,2710
636281,122,153,911,2014,733235456.0,32585.0,-0.769616,-1.10667,KWT,MYS,2710
636282,123,153,911,2014,0.0,2293.0,-1.054294,-0.869916,LAO,MYS,2710
636283,124,153,911,2014,0.0,41267.0,0.308677,1.7564490000000001,LBN,MYS,2710
636284,125,153,911,2014,0.0,210532.0,-1.016828,-1.107983,LBR,MYS,2710
636285,128,153,911,2014,1185818.0,170921600.0,-0.49366899999999997,0.338686,LKA,MYS,2710
636286,132,153,911,2014,83089.0,0.0,0.613116,1.1899790000000001,LVA,MYS,2710
636287,133,153,911,2014,0.0,5502.0,0.704535,0.5856140000000001,MAC,MYS,2710
636288,134,153,911,2014,0.0,128581.0,-0.574034,0.065788,MAR,MYS,2710
636289,137,153,911,2014,0.0,24136740.0,-0.43265299999999995,-0.82696,MDV,MYS,2710
636290,138,153,911,2014,29230438.0,0.0,1.0799729999999998,0.697554,MEX,MYS,2710
636291,139,153,911,2014,0.0,245573.0,-0.22505,-0.803084,MHL,MYS,2710
636292,142,153,911,2014,6505832.0,3373.0,0.817013,0.0016309999999999999,MLT,MYS,2710
636293,143,153,911,2014,0.0,266730112.0,-1.5332459999999999,-1.145973,MMR,MYS,2710
636294,145,153,911,2014,0.0,8285313.0,-1.425524,-1.161949,MNG,MYS,2710
636295,146,153,911,2014,0.0,11675.0,1.1877790000000001,-0.300664,MNP,MYS,2710
636296,147,153,911,2014,0.0,66789556.0,-1.1993610000000001,-1.040181,MOZ,MYS,2710
636297,151,153,911,2014,0.0,173960.0,-0.029891,-0.12431099999999999,MUS,MYS,2710
636298,155,153,911,2014,52908.0,0.0,-0.428227,-0.5632229999999999,NAM,MYS,2710
636299,156,153,911,2014,0.0,99654608.0,-0.509789,-0.767484,NCL,MYS,2710
636300,159,153,911,2014,0.0,1723741.0,-1.2126430000000001,-1.059697,NGA,MYS,2710
636301,162,153,911,2014,52479596.0,19164530.0,1.179325,1.355071,NLD,MYS,2710
636302,163,153,911,2014,19866.0,4192.0,0.9187049999999999,0.182685,NOR,MYS,2710
636303,164,153,911,2014,0.0,215663.0,-0.11988199999999999,0.655883,NPL,MYS,2710
636304,166,153,911,2014,201944.0,25130590.0,0.272502,0.21628699999999998,NZL,MYS,2710
636305,167,153,911,2014,9098563.0,25921392.0,-0.505129,-1.0051370000000002,OMN,MYS,2710
636306,168,153,911,2014,402413.0,109492168.0,-0.672924,0.566787,PAK,MYS,2710
636307,169,153,911,2014,0.0,39270.0,0.771742,0.9873190000000001,PAN,MYS,2710
636308,174,153,911,2014,56658528.0,253328896.0,0.637442,0.475883,PHL,MYS,2710
636309,176,153,911,2014,12554.0,5440974.0,-1.564904,-1.146255,PNG,MYS,2710
636310,177,153,911,2014,487164.0,0.0,1.133102,1.177165,POL,MYS,2710
636311,182,153,911,2014,0.0,9933837.0,0.008831,-0.6268279999999999,PYF,MYS,2710
636312,183,153,911,2014,73701992.0,5368286.0,-0.37535599999999997,-1.0196370000000001,QAT,MYS,2710
636313,186,153,911,2014,115803176.0,9046298.0,0.229422,-0.214856,RUS,MYS,2710
636314,187,153,911,2014,0.0,123777.0,-0.5692659999999999,-0.447859,RWA,MYS,2710
636315,188,153,911,2014,294492960.0,233513.0,0.5758439999999999,-0.832692,SAU,MYS,2710
636316,190,153,911,2014,0.0,35081084.0,-1.442381,-1.1155030000000001,SDN,MYS,2710
636317,192,153,911,2014,13732155392.0,8267183616.0,1.867492,0.626736,SGP,MYS,2710
636318,195,153,911,2014,0.0,3653617.0,-0.862089,-0.9075840000000001,SLB,MYS,2710
636319,196,153,911,2014,0.0,27184.0,-0.9228569999999999,-0.791482,SLE,MYS,2710
636320,205,153,911,2014,0.0,39733.0,-0.6333989999999999,-0.857643,SUR,MYS,2710
636321,207,153,911,2014,4403.0,0.0,1.6558669999999998,0.6814399999999999,SVN,MYS,2710
636322,208,153,911,2014,603134.0,0.0,1.817752,0.558474,SWE,MYS,2710
636323,211,153,911,2014,0.0,1664.0,0.358111,-0.484879,SYC,MYS,2710
636324,212,153,911,2014,0.0,2177.0,-0.366224,0.9054719999999999,SYR,MYS,2710
636325,215,153,911,2014,0.0,2158872.0,-0.524103,-0.537643,TGO,MYS,2710
636326,216,153,911,2014,1866077952.0,465117344.0,0.977094,1.41283,THA,MYS,2710
636327,219,153,911,2014,0.0,27592.0,-1.217897,-1.184131,TKM,MYS,2710
636328,220,153,911,2014,0.0,51568364.0,-1.365212,-0.896716,TLS,MYS,2710
636329,221,153,911,2014,0.0,23029.0,-0.11129100000000001,-0.523176,TON,MYS,2710
636330,222,153,911,2014,0.0,2027.0,-0.57362,-1.117545,TTO,MYS,2710
636331,224,153,911,2014,8725219.0,80528.0,0.554761,2.385693,TUR,MYS,2710
636332,226,153,911,2014,0.0,17162634.0,-1.054331,0.166345,TZA,MYS,2710
636333,227,153,911,2014,0.0,694226.0,-0.46911800000000003,0.25446599999999997,UGA,MYS,2710
636334,228,153,911,2014,0.0,1892.0,0.566535,0.832267,UKR,MYS,2710
636335,231,153,911,2014,33089514.0,43548.0,1.61227,0.068905,USA,MYS,2710
636336,239,153,911,2014,23484356.0,282647552.0,-0.023765,1.344416,VNM,MYS,2710
636337,240,153,911,2014,0.0,413854.0,-1.21245,-0.941493,VUT,MYS,2710
636338,242,153,911,2014,0.0,26901.0,0.602344,-0.051224,WSM,MYS,2710
636339,243,153,911,2014,23688206.0,29879874.0,-1.2829190000000001,-1.227373,YEM,MYS,2710
636340,246,153,911,2014,11997965.0,120374744.0,0.282927,1.723214,ZAF,MYS,2710
636341,249,153,911,2014,1200278656.0,435094848.0,1.9044189999999999,1.0595139999999998,TWN,MYS,2710
636342,250,153,911,2014,0.0,1827833.0,0.506842,0.049545,ANS,MYS,2710
636343,14,160,911,2014,5286.0,0.0,-0.398273,-0.17128,AUS,NIC,2710
636344,18,160,911,2014,19847.0,0.0,1.234156,1.226441,BEL,NIC,2710
636345,32,160,911,2014,149694.0,0.0,0.218223,0.556921,BRA,NIC,2710
636346,39,160,911,2014,28919.0,0.0,0.671395,1.024683,CAN,NIC,2710
636347,41,160,911,2014,778.0,0.0,2.2000919999999997,0.65398,CHE,NIC,2710
636348,43,160,911,2014,96349.0,0.0,1.187557,1.222085,CHN,NIC,2710
636349,49,160,911,2014,1033.0,0.0,0.19864500000000002,-0.378364,COL,NIC,2710
636350,52,160,911,2014,202903.0,6270080.0,0.065938,-0.687971,CRI,NIC,2710
636351,55,160,911,2014,276921664.0,0.0,-0.00902,-0.683643,CUW,NIC,2710
636352,61,160,911,2014,151207.0,0.0,2.052849,-2.888805,DEU,NIC,2710
636353,71,160,911,2014,2960.0,0.0,0.842147,2.45692,ESP,NIC,2710
636354,72,160,911,2014,295126.0,0.0,0.9147780000000001,1.151556,EST,NIC,2710
636355,77,160,911,2014,2173.0,0.0,1.4817790000000002,0.30995,FRA,NIC,2710
636356,93,160,911,2014,66672.0,4551425.0,-0.36547199999999996,0.548894,GTM,NIC,2710
636357,97,160,911,2014,39540.0,0.0,0.812132,1.722493,HKG,NIC,2710
636358,99,160,911,2014,25802.0,1101005.0,-0.467004,0.045511,HND,NIC,2710
636359,104,160,911,2014,17289.0,444788.0,0.262042,2.6305080000000003,IND,NIC,2710
636360,110,160,911,2014,832.0,0.0,1.211141,0.64523,ISR,NIC,2710
636361,111,160,911,2014,81256.0,0.0,1.340136,0.43931099999999995,ITA,NIC,2710
636362,114,160,911,2014,15927.0,0.0,2.403165,-0.635024,JPN,NIC,2710
636363,121,160,911,2014,19932.0,0.0,1.817145,0.8394530000000001,KOR,NIC,2710
636364,138,160,911,2014,3612728.0,0.0,1.0799729999999998,0.697554,MEX,NIC,2710
636365,162,160,911,2014,925.0,0.0,1.179325,1.355071,NLD,NIC,2710
636366,169,160,911,2014,0.0,664323.0,0.771742,0.9873190000000001,PAN,NIC,2710
636367,173,160,911,2014,96610.0,0.0,-0.557833,0.611826,PER,NIC,2710
636368,186,160,911,2014,338434.0,0.0,0.229422,-0.214856,RUS,NIC,2710
636369,197,160,911,2014,5186928.0,2342487.0,0.08653999999999999,0.29088600000000003,SLV,NIC,2710
636370,208,160,911,2014,20828.0,0.0,1.817752,0.558474,SWE,NIC,2710
636371,216,160,911,2014,3039.0,0.0,0.977094,1.41283,THA,NIC,2710
636372,231,160,911,2014,21017106.0,96300.0,1.61227,0.068905,USA,NIC,2710
636373,236,160,911,2014,41244996.0,0.0,-0.582086,-1.081727,VEN,NIC,2710
636374,249,160,911,2014,4654.0,0.0,1.9044189999999999,1.0595139999999998,TWN,NIC,2710
636375,0,162,911,2014,0.0,93623.0,0.779539,-0.32255700000000004,ABW,NLD,2710
636376,1,162,911,2014,0.0,4649.0,-0.924386,-0.839385,AFG,NLD,2710
636377,2,162,911,2014,21676774.0,13278905.0,-1.8184900000000002,-1.149191,AGO,NLD,2710
636378,4,162,911,2014,0.0,1135084.0,-0.476024,-0.33978400000000003,ALB,NLD,2710
636379,5,162,911,2014,0.0,983.0,0.533246,-0.41617,AND,NLD,2710
636380,7,162,911,2014,412889472.0,150579280.0,0.087775,-0.289459,ARE,NLD,2710
636381,8,162,911,2014,23030366.0,495679936.0,0.10691500000000001,0.44860600000000006,ARG,NLD,2710
636382,9,162,911,2014,0.0,3987424.0,-0.198322,-0.5918680000000001,ARM,NLD,2710
636383,13,162,911,2014,0.0,1222.0,0.169764,-0.621576,ATG,NLD,2710
636384,14,162,911,2014,0.0,2341550.0,-0.398273,-0.17128,AUS,NLD,2710
636385,15,162,911,2014,4490866.0,30341650.0,1.7116790000000002,-0.140232,AUT,NLD,2710
636386,16,162,911,2014,45430276.0,3676435.0,-0.909508,-1.165158,AZE,NLD,2710
636387,17,162,911,2014,0.0,16277.0,-0.242256,-0.8567879999999999,BDI,NLD,2710
636388,18,162,911,2014,8778126336.0,12006403072.0,1.234156,1.226441,BEL,NLD,2710
636389,19,162,911,2014,5112226.0,15190216.0,-0.342225,-0.618789,BEN,NLD,2710
636390,21,162,911,2014,106218.0,1762427.0,-0.922401,-0.9554379999999999,BFA,NLD,2710
636391,22,162,911,2014,0.0,33531.0,-1.0341879999999999,-0.9614870000000001,BGD,NLD,2710
636392,23,162,911,2014,11694899.0,5618517.0,0.579058,1.6558110000000001,BGR,NLD,2710
636393,24,162,911,2014,97000904.0,122387.0,0.460168,-0.41671099999999994,BHR,NLD,2710
636394,25,162,911,2014,0.0,12399091.0,0.314465,-0.60458,BHS,NLD,2710
636395,26,162,911,2014,24503.0,301951.0,0.5083300000000001,0.711704,BIH,NLD,2710
636396,28,162,911,2014,64525520.0,1355562.0,0.874108,0.676231,BLR,NLD,2710
636397,30,162,911,2014,0.0,1554.0,1.217808,-0.16376300000000002,BMU,NLD,2710
636398,31,162,911,2014,0.0,932837.0,-1.129494,-1.030198,BOL,NLD,2710
636399,32,162,911,2014,843572544.0,422115328.0,0.218223,0.556921,BRA,NLD,2710
636400,33,162,911,2014,0.0,75196.0,0.44968400000000003,-0.15268900000000002,BRB,NLD,2710
636401,34,162,911,2014,0.0,27044.0,0.191357,-0.683567,BRN,NLD,2710
636402,39,162,911,2014,261222976.0,1432397696.0,0.671395,1.024683,CAN,NLD,2710
636403,41,162,911,2014,86185904.0,494517568.0,2.2000919999999997,0.65398,CHE,NLD,2710
636404,42,162,911,2014,15631099.0,68623312.0,-0.344671,-0.43380799999999997,CHL,NLD,2710
636405,43,162,911,2014,96264944.0,54004380.0,1.187557,1.222085,CHN,NLD,2710
636406,44,162,911,2014,4324497.0,12917905.0,-0.737625,-0.768728,CIV,NLD,2710
636407,45,162,911,2014,20387472.0,41044012.0,-0.6723520000000001,-0.945084,CMR,NLD,2710
636408,46,162,911,2014,1632829.0,401618.0,-1.6680240000000002,-1.1265129999999999,COD,NLD,2710
636409,47,162,911,2014,362.0,4434601.0,-1.371624,-1.12468,COG,NLD,2710
636410,49,162,911,2014,50081764.0,1878018.0,0.19864500000000002,-0.378364,COL,NLD,2710
636411,51,162,911,2014,0.0,5614086.0,-0.182368,-0.7136359999999999,CPV,NLD,2710
636412,52,162,911,2014,0.0,99678.0,0.065938,-0.687971,CRI,NLD,2710
636413,54,162,911,2014,12608349.0,43547.0,-0.476786,-0.952291,CUB,NLD,2710
636414,55,162,911,2014,1740156.0,3869150.0,-0.00902,-0.683643,CUW,NLD,2710
636415,58,162,911,2014,856901.0,66525200.0,0.627467,0.483725,CYP,NLD,2710
636416,59,162,911,2014,8364693.0,5005004.0,1.8105830000000003,0.131131,CZE,NLD,2710
636417,61,162,911,2014,3193598208.0,14238123008.0,2.052849,-2.888805,DEU,NLD,2710
636418,62,162,911,2014,0.0,228863.0,-0.394602,-0.74178,DJI,NLD,2710
636419,64,162,911,2014,447073760.0,298875904.0,1.10869,1.245193,DNK,NLD,2710
636420,65,162,911,2014,0.0,235025.0,-0.180845,0.508512,DOM,NLD,2710
636421,66,162,911,2014,768310208.0,312724672.0,-1.5554649999999999,-1.1657030000000002,DZA,NLD,2710
636422,67,162,911,2014,0.0,108660152.0,-1.066865,-1.052921,ECU,NLD,2710
636423,68,162,911,2014,22640698.0,449326048.0,-0.086866,1.7419669999999998,EGY,NLD,2710
636424,71,162,911,2014,468068768.0,546233728.0,0.842147,2.45692,ESP,NLD,2710
636425,72,162,911,2014,72145760.0,7952463.0,0.9147780000000001,1.151556,EST,NLD,2710
636426,73,162,911,2014,0.0,46413.0,-1.296535,-1.045942,ETH,NLD,2710
636427,74,162,911,2014,480964640.0,639357952.0,1.626355,1.002923,FIN,NLD,2710
636428,75,162,911,2014,0.0,2441.0,-0.306346,-0.07688500000000001,FJI,NLD,2710
636429,77,162,911,2014,2452966656.0,3521376768.0,1.4817790000000002,0.30995,FRA,NLD,2710
636430,78,162,911,2014,0.0,83927.0,-0.703929,-0.86265,FRO,NLD,2710
636431,80,162,911,2014,3109.0,29854178.0,-1.625474,-1.135973,GAB,NLD,2710
636432,81,162,911,2014,4159715840.0,2870188288.0,1.697964,0.585372,GBR,NLD,2710
636433,82,162,911,2014,0.0,16104171.0,-0.254106,-0.646584,GEO,NLD,2710
636434,83,162,911,2014,0.0,1255698560.0,-1.130226,-0.9909379999999999,GHA,NLD,2710
636435,84,162,911,2014,0.0,449980448.0,0.275796,-0.720217,GIB,NLD,2710
636436,85,162,911,2014,0.0,581556224.0,-1.628409,-1.202473,GIN,NLD,2710
636437,87,162,911,2014,0.0,46132.0,-0.905488,-0.7892819999999999,GMB,NLD,2710
636438,88,162,911,2014,0.0,306113.0,-1.6723700000000001,-0.896442,GNB,NLD,2710
636439,89,162,911,2014,2385.0,4443158.0,-2.043516,-0.844701,GNQ,NLD,2710
636440,90,162,911,2014,16070281.0,167137680.0,0.149337,0.8560540000000001,GRC,NLD,2710
636441,93,162,911,2014,1439.0,822390.0,-0.36547199999999996,0.548894,GTM,NLD,2710
636442,96,162,911,2014,0.0,144411.0,-1.068777,-1.038227,GUY,NLD,2710
636443,97,162,911,2014,1972.0,1816952.0,0.812132,1.722493,HKG,NLD,2710
636444,99,162,911,2014,953.0,116253.0,-0.467004,0.045511,HND,NLD,2710
636445,100,162,911,2014,3199.0,4364669.0,0.804401,1.250807,HRV,NLD,2710
636446,101,162,911,2014,0.0,73435.0,-1.10887,-1.032108,HTI,NLD,2710
636447,102,162,911,2014,2194947.0,5429245.0,1.477093,0.812869,HUN,NLD,2710
636448,103,162,911,2014,79417272.0,1489623.0,-0.088032,1.3966459999999998,IDN,NLD,2710
636449,104,162,911,2014,2586990336.0,9180780.0,0.262042,2.6305080000000003,IND,NLD,2710
636450,106,162,911,2014,29407476.0,206040848.0,1.2658399999999999,0.278546,IRL,NLD,2710
636451,108,162,911,2014,0.0,3393092.0,-2.9169,-0.882023,IRQ,NLD,2710
636452,109,162,911,2014,1287.0,11857773.0,0.127891,-0.302014,ISL,NLD,2710
636453,110,162,911,2014,35716.0,6585138.0,1.211141,0.64523,ISR,NLD,2710
636454,111,162,911,2014,234493696.0,204217520.0,1.340136,0.43931099999999995,ITA,NLD,2710
636455,112,162,911,2014,0.0,20327.0,-0.42745299999999997,-0.7750130000000001,JAM,NLD,2710
636456,113,162,911,2014,0.0,47961712.0,0.210208,0.48732299999999995,JOR,NLD,2710
636457,114,162,911,2014,11976167.0,10660801.0,2.403165,-0.635024,JPN,NLD,2710
636458,115,162,911,2014,637129920.0,5556290.0,-0.210431,-0.574075,KAZ,NLD,2710
636459,116,162,911,2014,0.0,20841180.0,-0.487058,0.307288,KEN,NLD,2710
636460,117,162,911,2014,66867.0,839862.0,-0.31942600000000004,-0.012454,KGZ,NLD,2710
636461,118,162,911,2014,0.0,17501.0,-0.84072,-0.8307040000000001,KHM,NLD,2710
636462,121,162,911,2014,2370025728.0,108301560.0,1.817145,0.8394530000000001,KOR,NLD,2710
636463,122,162,911,2014,361168704.0,4538762.0,-0.769616,-1.10667,KWT,NLD,2710
636464,124,162,911,2014,4137022.0,72699280.0,0.308677,1.7564490000000001,LBN,NLD,2710
636465,125,162,911,2014,0.0,8731658.0,-1.016828,-1.107983,LBR,NLD,2710
636466,126,162,911,2014,51476680.0,41795540.0,-1.5943829999999999,-1.189961,LBY,NLD,2710
636467,128,162,911,2014,1272292.0,23531.0,-0.49366899999999997,0.338686,LKA,NLD,2710
636468,130,162,911,2014,634353024.0,6248564.0,0.764495,1.3451540000000002,LTU,NLD,2710
636469,131,162,911,2014,25714.0,128241584.0,1.243845,1.155474,LUX,NLD,2710
636470,132,162,911,2014,233790624.0,2184524.0,0.613116,1.1899790000000001,LVA,NLD,2710
636471,133,162,911,2014,0.0,152984.0,0.704535,0.5856140000000001,MAC,NLD,2710
636472,134,162,911,2014,3345209.0,253469616.0,-0.574034,0.065788,MAR,NLD,2710
636473,135,162,911,2014,0.0,121877.0,-0.10438199999999999,-0.093194,MDA,NLD,2710
636474,136,162,911,2014,0.0,50270.0,-1.002122,-0.44446,MDG,NLD,2710
636475,137,162,911,2014,0.0,691209.0,-0.43265299999999995,-0.82696,MDV,NLD,2710
636476,138,162,911,2014,7153142.0,2080172800.0,1.0799729999999998,0.697554,MEX,NLD,2710
636477,139,162,911,2014,0.0,664697.0,-0.22505,-0.803084,MHL,NLD,2710
636478,140,162,911,2014,375498.0,648630.0,-0.039799,-0.05545,MKD,NLD,2710
636479,141,162,911,2014,0.0,275020.0,-1.199063,-1.05497,MLI,NLD,2710
636480,142,162,911,2014,6136018.0,50785964.0,0.817013,0.0016309999999999999,MLT,NLD,2710
636481,143,162,911,2014,0.0,74255.0,-1.5332459999999999,-1.145973,MMR,NLD,2710
636482,144,162,911,2014,23586958.0,13629.0,-0.17039100000000001,-0.21762399999999998,MNE,NLD,2710
636483,145,162,911,2014,0.0,4423.0,-1.425524,-1.161949,MNG,NLD,2710
636484,147,162,911,2014,57378.0,5755370.0,-1.1993610000000001,-1.040181,MOZ,NLD,2710
636485,148,162,911,2014,0.0,230465712.0,-1.458551,-1.225373,MRT,NLD,2710
636486,151,162,911,2014,0.0,22232.0,-0.029891,-0.12431099999999999,MUS,NLD,2710
636487,152,162,911,2014,0.0,20565.0,-0.494204,-0.751903,MWI,NLD,2710
636488,153,162,911,2014,19164530.0,52479596.0,1.018138,0.774649,MYS,NLD,2710
636489,155,162,911,2014,269956.0,261237.0,-0.428227,-0.5632229999999999,NAM,NLD,2710
636490,156,162,911,2014,0.0,2659.0,-0.509789,-0.767484,NCL,NLD,2710
636491,157,162,911,2014,41391.0,3795537.0,-0.7187,-0.80918,NER,NLD,2710
636492,159,162,911,2014,52355980.0,2148227840.0,-1.2126430000000001,-1.059697,NGA,NLD,2710
636493,160,162,911,2014,0.0,925.0,-0.938269,-0.839066,NIC,NLD,2710
636494,163,162,911,2014,809904256.0,284249344.0,0.9187049999999999,0.182685,NOR,NLD,2710
636495,166,162,911,2014,15845.0,940519.0,0.272502,0.21628699999999998,NZL,NLD,2710
636496,167,162,911,2014,86418368.0,85084992.0,-0.505129,-1.0051370000000002,OMN,NLD,2710
636497,168,162,911,2014,0.0,52082468.0,-0.672924,0.566787,PAK,NLD,2710
636498,169,162,911,2014,972.0,5115338.0,0.771742,0.9873190000000001,PAN,NLD,2710
636499,173,162,911,2014,5616618.0,220597.0,-0.557833,0.611826,PER,NLD,2710
636500,174,162,911,2014,23032576.0,420393.0,0.637442,0.475883,PHL,NLD,2710
636501,177,162,911,2014,840453440.0,56770472.0,1.133102,1.177165,POL,NLD,2710
636502,179,162,911,2014,260866480.0,145590032.0,0.621053,2.349644,PRT,NLD,2710
636503,180,162,911,2014,0.0,10521524.0,-0.608509,-0.930679,PRY,NLD,2710
636504,181,162,911,2014,0.0,21231.0,0.030643,0.601905,PSE,NLD,2710
636505,182,162,911,2014,0.0,10116.0,0.008831,-0.6268279999999999,PYF,NLD,2710
636506,183,162,911,2014,122973328.0,248594.0,-0.37535599999999997,-1.0196370000000001,QAT,NLD,2710
636507,185,162,911,2014,3632531.0,11060837.0,0.9112,1.188161,ROU,NLD,2710
636508,186,162,911,2014,12343345152.0,33425772.0,0.229422,-0.214856,RUS,NLD,2710
636509,187,162,911,2014,0.0,652656.0,-0.5692659999999999,-0.447859,RWA,NLD,2710
636510,188,162,911,2014,476408448.0,322672864.0,0.5758439999999999,-0.832692,SAU,NLD,2710
636511,190,162,911,2014,0.0,5673894.0,-1.442381,-1.1155030000000001,SDN,NLD,2710
636512,191,162,911,2014,10744533.0,647936640.0,-0.502607,-0.08866,SEN,NLD,2710
636513,192,162,911,2014,57619084.0,1741164288.0,1.867492,0.626736,SGP,NLD,2710
636514,196,162,911,2014,0.0,2393156.0,-0.9228569999999999,-0.791482,SLE,NLD,2710
636515,197,162,911,2014,0.0,3666.0,0.08653999999999999,0.29088600000000003,SLV,NLD,2710
636516,199,162,911,2014,0.0,36031.0,-1.41991,-1.010693,SOM,NLD,2710
636517,201,162,911,2014,142887.0,2145150.0,0.551635,1.211535,SRB,NLD,2710
636518,205,162,911,2014,1540.0,126532.0,-0.6333989999999999,-0.857643,SUR,NLD,2710
636519,206,162,911,2014,34395612.0,1264686.0,1.334959,0.821253,SVK,NLD,2710
636520,207,162,911,2014,704429.0,5189502.0,1.6558669999999998,0.6814399999999999,SVN,NLD,2710
636521,208,162,911,2014,1005843904.0,601611456.0,1.817752,0.558474,SWE,NLD,2710
636522,211,162,911,2014,0.0,21426.0,0.358111,-0.484879,SYC,NLD,2710
636523,214,162,911,2014,0.0,134434.0,-2.012048,-0.921558,TCD,NLD,2710
636524,215,162,911,2014,6521.0,1067558912.0,-0.524103,-0.537643,TGO,NLD,2710
636525,216,162,911,2014,180601.0,1709969.0,0.977094,1.41283,THA,NLD,2710
636526,217,162,911,2014,0.0,176796.0,-0.706823,-0.993756,TJK,NLD,2710
636527,219,162,911,2014,0.0,751168.0,-1.217897,-1.184131,TKM,NLD,2710
636528,221,162,911,2014,0.0,24315.0,-0.11129100000000001,-0.523176,TON,NLD,2710
636529,222,162,911,2014,111246.0,1504119.0,-0.57362,-1.117545,TTO,NLD,2710
636530,223,162,911,2014,2884876.0,3268570.0,0.343449,1.118007,TUN,NLD,2710
636531,224,162,911,2014,77953480.0,152908224.0,0.554761,2.385693,TUR,NLD,2710
636532,226,162,911,2014,0.0,11116109.0,-1.054331,0.166345,TZA,NLD,2710
636533,227,162,911,2014,0.0,1025578.0,-0.46911800000000003,0.25446599999999997,UGA,NLD,2710
636534,228,162,911,2014,3880197.0,11833744.0,0.566535,0.832267,UKR,NLD,2710
636535,230,162,911,2014,0.0,3365248.0,0.154034,-0.380899,URY,NLD,2710
636536,231,162,911,2014,7248482816.0,3343688448.0,1.61227,0.068905,USA,NLD,2710
636537,232,162,911,2014,930219.0,16998.0,-0.407623,-0.37150700000000003,UZB,NLD,2710
636538,236,162,911,2014,1130.0,45052524.0,-0.582086,-1.081727,VEN,NLD,2710
636539,239,162,911,2014,11258.0,474571.0,-0.023765,1.344416,VNM,NLD,2710
636540,243,162,911,2014,14855511.0,313338688.0,-1.2829190000000001,-1.227373,YEM,NLD,2710
636541,246,162,911,2014,29469868.0,155594336.0,0.282927,1.723214,ZAF,NLD,2710
636542,247,162,911,2014,0.0,84320.0,-0.664089,-0.793452,ZMB,NLD,2710
636543,248,162,911,2014,0.0,1358.0,-0.821369,-0.864232,ZWE,NLD,2710
636544,249,162,911,2014,293680064.0,50919812.0,1.9044189999999999,1.0595139999999998,TWN,NLD,2710
636545,250,162,911,2014,101956664.0,7123009024.0,0.506842,0.049545,ANS,NLD,2710
636546,2,163,911,2014,0.0,5314552.0,-1.8184900000000002,-1.149191,AGO,NOR,2710
636547,7,163,911,2014,0.0,20573.0,0.087775,-0.289459,ARE,NOR,2710
636548,14,163,911,2014,0.0,5459.0,-0.398273,-0.17128,AUS,NOR,2710
636549,15,163,911,2014,49995.0,16491078.0,1.7116790000000002,-0.140232,AUT,NOR,2710
636550,16,163,911,2014,16911.0,1428.0,-0.909508,-1.165158,AZE,NOR,2710
636551,18,163,911,2014,102702664.0,394910368.0,1.234156,1.226441,BEL,NOR,2710
636552,23,163,911,2014,2008210.0,0.0,0.579058,1.6558110000000001,BGR,NOR,2710
636553,32,163,911,2014,1753.0,44385.0,0.218223,0.556921,BRA,NOR,2710
636554,39,163,911,2014,73874.0,33676884.0,0.671395,1.024683,CAN,NOR,2710
636555,41,163,911,2014,1267313.0,17269376.0,2.2000919999999997,0.65398,CHE,NOR,2710
636556,42,163,911,2014,0.0,2236.0,-0.344671,-0.43380799999999997,CHL,NOR,2710
636557,43,163,911,2014,25004882.0,100015152.0,1.187557,1.222085,CHN,NOR,2710
636558,44,163,911,2014,18788.0,0.0,-0.737625,-0.768728,CIV,NOR,2710
636559,49,163,911,2014,30376.0,0.0,0.19864500000000002,-0.378364,COL,NOR,2710
636560,54,163,911,2014,0.0,1124.0,-0.476786,-0.952291,CUB,NOR,2710
636561,55,163,911,2014,0.0,2058.0,-0.00902,-0.683643,CUW,NOR,2710
636562,58,163,911,2014,0.0,920.0,0.627467,0.483725,CYP,NOR,2710
636563,59,163,911,2014,4590264.0,8281.0,1.8105830000000003,0.131131,CZE,NOR,2710
636564,61,163,911,2014,13841970.0,74642928.0,2.052849,-2.888805,DEU,NOR,2710
636565,64,163,911,2014,662048640.0,700088320.0,1.10869,1.245193,DNK,NOR,2710
636566,66,163,911,2014,0.0,984.0,-1.5554649999999999,-1.1657030000000002,DZA,NOR,2710
636567,68,163,911,2014,78268.0,1382.0,-0.086866,1.7419669999999998,EGY,NOR,2710
636568,71,163,911,2014,1713671.0,26603890.0,0.842147,2.45692,ESP,NOR,2710
636569,72,163,911,2014,23551768.0,29204718.0,0.9147780000000001,1.151556,EST,NOR,2710
636570,74,163,911,2014,45991624.0,27939812.0,1.626355,1.002923,FIN,NOR,2710
636571,77,163,911,2014,86991120.0,18944562.0,1.4817790000000002,0.30995,FRA,NOR,2710
636572,78,163,911,2014,0.0,127036336.0,-0.703929,-0.86265,FRO,NOR,2710
636573,81,163,911,2014,390296384.0,533044928.0,1.697964,0.585372,GBR,NOR,2710
636574,83,163,911,2014,0.0,7992.0,-1.130226,-0.9909379999999999,GHA,NOR,2710
636575,84,163,911,2014,0.0,6030.0,0.275796,-0.720217,GIB,NOR,2710
636576,89,163,911,2014,0.0,267844.0,-2.043516,-0.844701,GNQ,NOR,2710
636577,90,163,911,2014,2399.0,58052392.0,0.149337,0.8560540000000001,GRC,NOR,2710
636578,92,163,911,2014,0.0,6675708.0,-1.168495,-0.93096,GRL,NOR,2710
636579,97,163,911,2014,1091078.0,57500.0,0.812132,1.722493,HKG,NOR,2710
636580,100,163,911,2014,195558.0,0.0,0.804401,1.250807,HRV,NOR,2710
636581,102,163,911,2014,1741651.0,21438.0,1.477093,0.812869,HUN,NOR,2710
636582,104,163,911,2014,57562.0,2297437.0,0.262042,2.6305080000000003,IND,NOR,2710
636583,106,163,911,2014,3057.0,158229696.0,1.2658399999999999,0.278546,IRL,NOR,2710
636584,109,163,911,2014,18719.0,317327488.0,0.127891,-0.302014,ISL,NOR,2710
636585,110,163,911,2014,10265.0,0.0,1.211141,0.64523,ISR,NOR,2710
636586,111,163,911,2014,275521.0,389312.0,1.340136,0.43931099999999995,ITA,NOR,2710
636587,114,163,911,2014,102923.0,329671200.0,2.403165,-0.635024,JPN,NOR,2710
636588,116,163,911,2014,0.0,3735.0,-0.487058,0.307288,KEN,NOR,2710
636589,121,163,911,2014,156987.0,14710569.0,1.817145,0.8394530000000001,KOR,NOR,2710
636590,125,163,911,2014,0.0,6919.0,-1.016828,-1.107983,LBR,NOR,2710
636591,130,163,911,2014,56353.0,0.0,0.764495,1.3451540000000002,LTU,NOR,2710
636592,131,163,911,2014,463706.0,0.0,1.243845,1.155474,LUX,NOR,2710
636593,132,163,911,2014,72663240.0,24266438.0,0.613116,1.1899790000000001,LVA,NOR,2710
636594,142,163,911,2014,0.0,9562689.0,0.817013,0.0016309999999999999,MLT,NOR,2710
636595,147,163,911,2014,0.0,4101.0,-1.1993610000000001,-1.040181,MOZ,NOR,2710
636596,153,163,911,2014,4192.0,19866.0,1.018138,0.774649,MYS,NOR,2710
636597,155,163,911,2014,192467.0,95670.0,-0.428227,-0.5632229999999999,NAM,NOR,2710
636598,156,163,911,2014,0.0,933.0,-0.509789,-0.767484,NCL,NOR,2710
636599,159,163,911,2014,0.0,145015584.0,-1.2126430000000001,-1.059697,NGA,NOR,2710
636600,162,163,911,2014,284249344.0,809904256.0,1.179325,1.355071,NLD,NOR,2710
636601,166,163,911,2014,0.0,10560.0,0.272502,0.21628699999999998,NZL,NOR,2710
636602,169,163,911,2014,1932270.0,2262.0,0.771742,0.9873190000000001,PAN,NOR,2710
636603,174,163,911,2014,0.0,6738.0,0.637442,0.475883,PHL,NOR,2710
636604,177,163,911,2014,46273748.0,35850.0,1.133102,1.177165,POL,NOR,2710
636605,179,163,911,2014,2273.0,7728.0,0.621053,2.349644,PRT,NOR,2710
636606,183,163,911,2014,0.0,5527.0,-0.37535599999999997,-1.0196370000000001,QAT,NOR,2710
636607,185,163,911,2014,77913.0,54721.0,0.9112,1.188161,ROU,NOR,2710
636608,186,163,911,2014,213453568.0,95018.0,0.229422,-0.214856,RUS,NOR,2710
636609,188,163,911,2014,0.0,7245.0,0.5758439999999999,-0.832692,SAU,NOR,2710
636610,192,163,911,2014,3605.0,385016960.0,1.867492,0.626736,SGP,NOR,2710
636611,196,163,911,2014,0.0,12150.0,-0.9228569999999999,-0.791482,SLE,NOR,2710
636612,201,163,911,2014,713496.0,0.0,0.551635,1.211535,SRB,NOR,2710
636613,206,163,911,2014,1982.0,0.0,1.334959,0.821253,SVK,NOR,2710
636614,207,163,911,2014,0.0,8122.0,1.6558669999999998,0.6814399999999999,SVN,NOR,2710
636615,208,163,911,2014,689667904.0,241458080.0,1.817752,0.558474,SWE,NOR,2710
636616,215,163,911,2014,0.0,301445216.0,-0.524103,-0.537643,TGO,NOR,2710
636617,216,163,911,2014,149289.0,9080.0,0.977094,1.41283,THA,NOR,2710
636618,222,163,911,2014,61684.0,0.0,-0.57362,-1.117545,TTO,NOR,2710
636619,224,163,911,2014,7312236.0,6875.0,0.554761,2.385693,TUR,NOR,2710
636620,226,163,911,2014,0.0,1309.0,-1.054331,0.166345,TZA,NOR,2710
636621,227,163,911,2014,0.0,305709.0,-0.46911800000000003,0.25446599999999997,UGA,NOR,2710
636622,230,163,911,2014,0.0,38545.0,0.154034,-0.380899,URY,NOR,2710
636623,231,163,911,2014,186216784.0,1434391040.0,1.61227,0.068905,USA,NOR,2710
636624,239,163,911,2014,0.0,10314.0,-0.023765,1.344416,VNM,NOR,2710
636625,246,163,911,2014,4153861.0,10877047.0,0.282927,1.723214,ZAF,NOR,2710
636626,249,163,911,2014,9645.0,167907536.0,1.9044189999999999,1.0595139999999998,TWN,NOR,2710
636627,7,166,911,2014,231083.0,17349.0,0.087775,-0.289459,ARE,NZL,2710
636628,10,166,911,2014,0.0,90879.0,0.795219,-0.217498,ASM,NZL,2710
636629,14,166,911,2014,47024040.0,30934006.0,-0.398273,-0.17128,AUS,NZL,2710
636630,15,166,911,2014,3008.0,0.0,1.7116790000000002,-0.140232,AUT,NZL,2710
636631,18,166,911,2014,2239306.0,0.0,1.234156,1.226441,BEL,NZL,2710
636632,23,166,911,2014,137639.0,0.0,0.579058,1.6558110000000001,BGR,NZL,2710
636633,25,166,911,2014,0.0,8945.0,0.314465,-0.60458,BHS,NZL,2710
636634,32,166,911,2014,0.0,1938.0,0.218223,0.556921,BRA,NZL,2710
636635,39,166,911,2014,140013.0,1638.0,0.671395,1.024683,CAN,NZL,2710
636636,41,166,911,2014,133872.0,0.0,2.2000919999999997,0.65398,CHE,NZL,2710
636637,43,166,911,2014,8241858.0,22284770.0,1.187557,1.222085,CHN,NZL,2710
636638,48,166,911,2014,2837.0,14223091.0,0.151329,-0.693285,COK,NZL,2710
636639,59,166,911,2014,43308.0,449.0,1.8105830000000003,0.131131,CZE,NZL,2710
636640,61,166,911,2014,2854414.0,2758.0,2.052849,-2.888805,DEU,NZL,2710
636641,64,166,911,2014,50678.0,0.0,1.10869,1.245193,DNK,NZL,2710
636642,71,166,911,2014,696836.0,6851.0,0.842147,2.45692,ESP,NZL,2710
636643,74,166,911,2014,29443.0,0.0,1.626355,1.002923,FIN,NZL,2710
636644,75,166,911,2014,6008.0,649986.0,-0.306346,-0.07688500000000001,FJI,NZL,2710
636645,77,166,911,2014,207531.0,0.0,1.4817790000000002,0.30995,FRA,NZL,2710
636646,81,166,911,2014,3248287.0,6308.0,1.697964,0.585372,GBR,NZL,2710
636647,85,166,911,2014,0.0,1617.0,-1.628409,-1.202473,GIN,NZL,2710
636648,90,166,911,2014,29650.0,0.0,0.149337,0.8560540000000001,GRC,NZL,2710
636649,95,166,911,2014,0.0,15314.0,0.6368119999999999,-0.01771,GUM,NZL,2710
636650,97,166,911,2014,300188.0,13160258.0,0.812132,1.722493,HKG,NZL,2710
636651,103,166,911,2014,522918.0,2803.0,-0.088032,1.3966459999999998,IDN,NZL,2710
636652,104,166,911,2014,2601213.0,70501.0,0.262042,2.6305080000000003,IND,NZL,2710
636653,106,166,911,2014,176229.0,0.0,1.2658399999999999,0.278546,IRL,NZL,2710
636654,111,166,911,2014,116984.0,8027.0,1.340136,0.43931099999999995,ITA,NZL,2710
636655,114,166,911,2014,169755248.0,1467.0,2.403165,-0.635024,JPN,NZL,2710
636656,119,166,911,2014,0.0,262334.0,0.708907,-0.540813,KIR,NZL,2710
636657,121,166,911,2014,754796928.0,399169.0,1.817145,0.8394530000000001,KOR,NZL,2710
636658,122,166,911,2014,0.0,3273.0,-0.769616,-1.10667,KWT,NZL,2710
636659,128,166,911,2014,32314.0,1375.0,-0.49366899999999997,0.338686,LKA,NZL,2710
636660,131,166,911,2014,890.0,0.0,1.243845,1.155474,LUX,NZL,2710
636661,132,166,911,2014,6973.0,0.0,0.613116,1.1899790000000001,LVA,NZL,2710
636662,135,166,911,2014,89322.0,0.0,-0.10438199999999999,-0.093194,MDA,NZL,2710
636663,137,166,911,2014,0.0,6764.0,-0.43265299999999995,-0.82696,MDV,NZL,2710
636664,138,166,911,2014,0.0,1117.0,1.0799729999999998,0.697554,MEX,NZL,2710
636665,139,166,911,2014,0.0,190630.0,-0.22505,-0.803084,MHL,NZL,2710
636666,145,166,911,2014,0.0,5121.0,-1.425524,-1.161949,MNG,NZL,2710
636667,148,166,911,2014,0.0,18691.0,-1.458551,-1.225373,MRT,NZL,2710
636668,151,166,911,2014,618.0,1455.0,-0.029891,-0.12431099999999999,MUS,NZL,2710
636669,153,166,911,2014,25130590.0,201944.0,1.018138,0.774649,MYS,NZL,2710
636670,155,166,911,2014,22865.0,0.0,-0.428227,-0.5632229999999999,NAM,NZL,2710
636671,156,166,911,2014,0.0,231716.0,-0.509789,-0.767484,NCL,NZL,2710
636672,158,166,911,2014,0.0,226425.0,1.384862,-0.391489,NFK,NZL,2710
636673,159,166,911,2014,3877.0,0.0,-1.2126430000000001,-1.059697,NGA,NZL,2710
636674,161,166,911,2014,0.0,2967942.0,1.624556,0.065342,NIU,NZL,2710
636675,162,166,911,2014,940519.0,15845.0,1.179325,1.355071,NLD,NZL,2710
636676,163,166,911,2014,10560.0,0.0,0.9187049999999999,0.182685,NOR,NZL,2710
636677,165,166,911,2014,0.0,5612.0,1.215503,-0.37847,NRU,NZL,2710
636678,168,166,911,2014,1485.0,0.0,-0.672924,0.566787,PAK,NZL,2710
636679,171,166,911,2014,0.0,75388.0,0.98311,-0.45960100000000004,PCN,NZL,2710
636680,174,166,911,2014,456574.0,112401.0,0.637442,0.475883,PHL,NZL,2710
636681,176,166,911,2014,0.0,49344.0,-1.564904,-1.146255,PNG,NZL,2710
636682,177,166,911,2014,28056.0,0.0,1.133102,1.177165,POL,NZL,2710
636683,179,166,911,2014,1617.0,2178.0,0.621053,2.349644,PRT,NZL,2710
636684,182,166,911,2014,5226.0,82371.0,0.008831,-0.6268279999999999,PYF,NZL,2710
636685,183,166,911,2014,0.0,25719.0,-0.37535599999999997,-1.0196370000000001,QAT,NZL,2710
636686,186,166,911,2014,1566371.0,0.0,0.229422,-0.214856,RUS,NZL,2710
636687,192,166,911,2014,915422016.0,41239268.0,1.867492,0.626736,SGP,NZL,2710
636688,195,166,911,2014,0.0,2037.0,-0.862089,-0.9075840000000001,SLB,NZL,2710
636689,207,166,911,2014,10639.0,0.0,1.6558669999999998,0.6814399999999999,SVN,NZL,2710
636690,208,166,911,2014,201187.0,0.0,1.817752,0.558474,SWE,NZL,2710
636691,216,166,911,2014,9207565.0,86215.0,0.977094,1.41283,THA,NZL,2710
636692,221,166,911,2014,3117.0,367580.0,-0.11129100000000001,-0.523176,TON,NZL,2710
636693,223,166,911,2014,15811.0,0.0,0.343449,1.118007,TUN,NZL,2710
636694,225,166,911,2014,0.0,176230.0,1.127623,-0.482033,TUV,NZL,2710
636695,228,166,911,2014,5247.0,0.0,0.566535,0.832267,UKR,NZL,2710
636696,231,166,911,2014,4743456.0,16629.0,1.61227,0.068905,USA,NZL,2710
636697,239,166,911,2014,112787.0,0.0,-0.023765,1.344416,VNM,NZL,2710
636698,240,166,911,2014,0.0,839900.0,-1.21245,-0.941493,VUT,NZL,2710
636699,241,166,911,2014,0.0,9719.0,1.0165819999999999,-0.481415,WLF,NZL,2710
636700,242,166,911,2014,451.0,41687.0,0.602344,-0.051224,WSM,NZL,2710
636701,246,166,911,2014,143517.0,3335.0,0.282927,1.723214,ZAF,NZL,2710
636702,249,166,911,2014,30729058.0,0.0,1.9044189999999999,1.0595139999999998,TWN,NZL,2710
636703,0,169,911,2014,0.0,1706.0,0.779539,-0.32255700000000004,ABW,PAN,2710
636704,2,169,911,2014,0.0,503179.0,-1.8184900000000002,-1.149191,AGO,PAN,2710
636705,14,169,911,2014,0.0,511178.0,-0.398273,-0.17128,AUS,PAN,2710
636706,15,169,911,2014,10683.0,0.0,1.7116790000000002,-0.140232,AUT,PAN,2710
636707,18,169,911,2014,112122.0,1605.0,1.234156,1.226441,BEL,PAN,2710
636708,23,169,911,2014,507819.0,0.0,0.579058,1.6558110000000001,BGR,PAN,2710
636709,24,169,911,2014,16414.0,0.0,0.460168,-0.41671099999999994,BHR,PAN,2710
636710,25,169,911,2014,0.0,7016.0,0.314465,-0.60458,BHS,PAN,2710
636711,31,169,911,2014,4864568.0,1435386.0,-1.129494,-1.030198,BOL,PAN,2710
636712,32,169,911,2014,291263.0,0.0,0.218223,0.556921,BRA,PAN,2710
636713,33,169,911,2014,0.0,1458.0,0.44968400000000003,-0.15268900000000002,BRB,PAN,2710
636714,39,169,911,2014,273266.0,6024.0,0.671395,1.024683,CAN,PAN,2710
636715,41,169,911,2014,6549.0,0.0,2.2000919999999997,0.65398,CHE,PAN,2710
636716,42,169,911,2014,54565688.0,52768.0,-0.344671,-0.43380799999999997,CHL,PAN,2710
636717,43,169,911,2014,2123845760.0,139108.0,1.187557,1.222085,CHN,PAN,2710
636718,44,169,911,2014,1691524.0,0.0,-0.737625,-0.768728,CIV,PAN,2710
636719,49,169,911,2014,186933776.0,897532.0,0.19864500000000002,-0.378364,COL,PAN,2710
636720,52,169,911,2014,1359086.0,91587496.0,0.065938,-0.687971,CRI,PAN,2710
636721,54,169,911,2014,0.0,4203.0,-0.476786,-0.952291,CUB,PAN,2710
636722,59,169,911,2014,143863.0,0.0,1.8105830000000003,0.131131,CZE,PAN,2710
636723,61,169,911,2014,676946.0,180588.0,2.052849,-2.888805,DEU,PAN,2710
636724,64,169,911,2014,14946.0,0.0,1.10869,1.245193,DNK,PAN,2710
636725,65,169,911,2014,733032.0,3941388.0,-0.180845,0.508512,DOM,PAN,2710
636726,67,169,911,2014,95972808.0,251589760.0,-1.066865,-1.052921,ECU,PAN,2710
636727,71,169,911,2014,2893154.0,34283.0,0.842147,2.45692,ESP,PAN,2710
636728,72,169,911,2014,5837.0,0.0,0.9147780000000001,1.151556,EST,PAN,2710
636729,75,169,911,2014,1533346.0,0.0,-0.306346,-0.07688500000000001,FJI,PAN,2710
636730,77,169,911,2014,915091.0,0.0,1.4817790000000002,0.30995,FRA,PAN,2710
636731,81,169,911,2014,457453.0,0.0,1.697964,0.585372,GBR,PAN,2710
636732,82,169,911,2014,527098.0,0.0,-0.254106,-0.646584,GEO,PAN,2710
636733,90,169,911,2014,2515551.0,0.0,0.149337,0.8560540000000001,GRC,PAN,2710
636734,93,169,911,2014,4974018.0,64590484.0,-0.36547199999999996,0.548894,GTM,PAN,2710
636735,96,169,911,2014,0.0,60720.0,-1.068777,-1.038227,GUY,PAN,2710
636736,97,169,911,2014,8166.0,0.0,0.812132,1.722493,HKG,PAN,2710
636737,99,169,911,2014,0.0,8584348.0,-0.467004,0.045511,HND,PAN,2710
636738,101,169,911,2014,0.0,2588.0,-1.10887,-1.032108,HTI,PAN,2710
636739,103,169,911,2014,3749.0,17894604.0,-0.088032,1.3966459999999998,IDN,PAN,2710
636740,104,169,911,2014,81921.0,4123.0,0.262042,2.6305080000000003,IND,PAN,2710
636741,109,169,911,2014,439599.0,0.0,0.127891,-0.302014,ISL,PAN,2710
636742,111,169,911,2014,2936814.0,0.0,1.340136,0.43931099999999995,ITA,PAN,2710
636743,112,169,911,2014,0.0,300759.0,-0.42745299999999997,-0.7750130000000001,JAM,PAN,2710
636744,114,169,911,2014,23739.0,8205.0,2.403165,-0.635024,JPN,PAN,2710
636745,121,169,911,2014,198327.0,6768426.0,1.817145,0.8394530000000001,KOR,PAN,2710
636746,128,169,911,2014,663825.0,0.0,-0.49366899999999997,0.338686,LKA,PAN,2710
636747,132,169,911,2014,181569.0,0.0,0.613116,1.1899790000000001,LVA,PAN,2710
636748,134,169,911,2014,14363.0,0.0,-0.574034,0.065788,MAR,PAN,2710
636749,136,169,911,2014,219487.0,0.0,-1.002122,-0.44446,MDG,PAN,2710
636750,138,169,911,2014,16610920.0,0.0,1.0799729999999998,0.697554,MEX,PAN,2710
636751,153,169,911,2014,39270.0,0.0,1.018138,0.774649,MYS,PAN,2710
636752,155,169,911,2014,2391289.0,0.0,-0.428227,-0.5632229999999999,NAM,PAN,2710
636753,160,169,911,2014,664323.0,0.0,-0.938269,-0.839066,NIC,PAN,2710
636754,162,169,911,2014,5115338.0,972.0,1.179325,1.355071,NLD,PAN,2710
636755,163,169,911,2014,2262.0,1932270.0,0.9187049999999999,0.182685,NOR,PAN,2710
636756,173,169,911,2014,354050976.0,11838.0,-0.557833,0.611826,PER,PAN,2710
636757,179,169,911,2014,1587188.0,0.0,0.621053,2.349644,PRT,PAN,2710
636758,180,169,911,2014,0.0,48114024.0,-0.608509,-0.930679,PRY,PAN,2710
636759,185,169,911,2014,33850.0,0.0,0.9112,1.188161,ROU,PAN,2710
636760,186,169,911,2014,19990766.0,0.0,0.229422,-0.214856,RUS,PAN,2710
636761,191,169,911,2014,0.0,2157.0,-0.502607,-0.08866,SEN,PAN,2710
636762,197,169,911,2014,4749165.0,14783559.0,0.08653999999999999,0.29088600000000003,SLV,PAN,2710
636763,205,169,911,2014,11820.0,19175.0,-0.6333989999999999,-0.857643,SUR,PAN,2710
636764,222,169,911,2014,74335176.0,2358.0,-0.57362,-1.117545,TTO,PAN,2710
636765,224,169,911,2014,66921088.0,0.0,0.554761,2.385693,TUR,PAN,2710
636766,228,169,911,2014,25801118.0,0.0,0.566535,0.832267,UKR,PAN,2710
636767,231,169,911,2014,5471651328.0,1440315.0,1.61227,0.068905,USA,PAN,2710
636768,234,169,911,2014,0.0,30069.0,0.034024,-0.522492,VCT,PAN,2710
636769,236,169,911,2014,28064.0,8853.0,-0.582086,-1.081727,VEN,PAN,2710
636770,239,169,911,2014,9231920.0,0.0,-0.023765,1.344416,VNM,PAN,2710
636771,246,169,911,2014,26450882.0,52865.0,0.282927,1.723214,ZAF,PAN,2710
636772,247,169,911,2014,0.0,32869078.0,-0.664089,-0.793452,ZMB,PAN,2710
636773,249,169,911,2014,54443.0,0.0,1.9044189999999999,1.0595139999999998,TWN,PAN,2710
636774,250,169,911,2014,11219.0,222657.0,0.506842,0.049545,ANS,PAN,2710
636775,0,173,911,2014,0.0,55950392.0,0.779539,-0.32255700000000004,ABW,PER,2710
636776,7,173,911,2014,49474.0,0.0,0.087775,-0.289459,ARE,PER,2710
636777,8,173,911,2014,37360.0,54481000.0,0.10691500000000001,0.44860600000000006,ARG,PER,2710
636778,14,173,911,2014,6149.0,0.0,-0.398273,-0.17128,AUS,PER,2710
636779,15,173,911,2014,67837.0,0.0,1.7116790000000002,-0.140232,AUT,PER,2710
636780,18,173,911,2014,9149194.0,399699.0,1.234156,1.226441,BEL,PER,2710
636781,22,173,911,2014,0.0,9102.0,-1.0341879999999999,-0.9614870000000001,BGD,PER,2710
636782,23,173,911,2014,2876.0,0.0,0.579058,1.6558110000000001,BGR,PER,2710
636783,24,173,911,2014,24297.0,0.0,0.460168,-0.41671099999999994,BHR,PER,2710
636784,31,173,911,2014,6863622.0,74107128.0,-1.129494,-1.030198,BOL,PER,2710
636785,32,173,911,2014,17999548.0,467764096.0,0.218223,0.556921,BRA,PER,2710
636786,39,173,911,2014,589768.0,11703406.0,0.671395,1.024683,CAN,PER,2710
636787,41,173,911,2014,87930.0,0.0,2.2000919999999997,0.65398,CHE,PER,2710
636788,42,173,911,2014,2632581.0,9657245.0,-0.344671,-0.43380799999999997,CHL,PER,2710
636789,43,173,911,2014,152647.0,56983.0,1.187557,1.222085,CHN,PER,2710
636790,49,173,911,2014,19648352.0,312414304.0,0.19864500000000002,-0.378364,COL,PER,2710
636791,52,173,911,2014,0.0,11811406.0,0.065938,-0.687971,CRI,PER,2710
636792,54,173,911,2014,0.0,5604542.0,-0.476786,-0.952291,CUB,PER,2710
636793,55,173,911,2014,617067.0,4600.0,-0.00902,-0.683643,CUW,PER,2710
636794,61,173,911,2014,2340868.0,37111.0,2.052849,-2.888805,DEU,PER,2710
636795,64,173,911,2014,32783.0,0.0,1.10869,1.245193,DNK,PER,2710
636796,65,173,911,2014,0.0,6304777.0,-0.180845,0.508512,DOM,PER,2710
636797,67,173,911,2014,5322932.0,45255396.0,-1.066865,-1.052921,ECU,PER,2710
636798,68,173,911,2014,3084.0,0.0,-0.086866,1.7419669999999998,EGY,PER,2710
636799,71,173,911,2014,11592261.0,3205569.0,0.842147,2.45692,ESP,PER,2710
636800,77,173,911,2014,2862272.0,14294840.0,1.4817790000000002,0.30995,FRA,PER,2710
636801,81,173,911,2014,337919.0,0.0,1.697964,0.585372,GBR,PER,2710
636802,93,173,911,2014,0.0,54922280.0,-0.36547199999999996,0.548894,GTM,PER,2710
636803,96,173,911,2014,0.0,1402.0,-1.068777,-1.038227,GUY,PER,2710
636804,97,173,911,2014,9872.0,0.0,0.812132,1.722493,HKG,PER,2710
636805,99,173,911,2014,0.0,9616781.0,-0.467004,0.045511,HND,PER,2710
636806,100,173,911,2014,107066.0,0.0,0.804401,1.250807,HRV,PER,2710
636807,103,173,911,2014,0.0,2437805.0,-0.088032,1.3966459999999998,IDN,PER,2710
636808,104,173,911,2014,1859516.0,0.0,0.262042,2.6305080000000003,IND,PER,2710
636809,107,173,911,2014,8411.0,0.0,-0.361058,-0.312743,IRN,PER,2710
636810,110,173,911,2014,49045.0,0.0,1.211141,0.64523,ISR,PER,2710
636811,111,173,911,2014,183478.0,0.0,1.340136,0.43931099999999995,ITA,PER,2710
636812,112,173,911,2014,0.0,17377.0,-0.42745299999999997,-0.7750130000000001,JAM,PER,2710
636813,114,173,911,2014,120232.0,169590448.0,2.403165,-0.635024,JPN,PER,2710
636814,121,173,911,2014,88520.0,27639410.0,1.817145,0.8394530000000001,KOR,PER,2710
636815,132,173,911,2014,26422.0,0.0,0.613116,1.1899790000000001,LVA,PER,2710
636816,138,173,911,2014,8682782.0,18284180.0,1.0799729999999998,0.697554,MEX,PER,2710
636817,159,173,911,2014,82715184.0,0.0,-1.2126430000000001,-1.059697,NGA,PER,2710
636818,160,173,911,2014,0.0,96610.0,-0.938269,-0.839066,NIC,PER,2710
636819,162,173,911,2014,220597.0,5616618.0,1.179325,1.355071,NLD,PER,2710
636820,169,173,911,2014,11838.0,354050976.0,0.771742,0.9873190000000001,PAN,PER,2710
636821,177,173,911,2014,1392974.0,0.0,1.133102,1.177165,POL,PER,2710
636822,179,173,911,2014,432297.0,0.0,0.621053,2.349644,PRT,PER,2710
636823,180,173,911,2014,54131.0,2195579.0,-0.608509,-0.930679,PRY,PER,2710
636824,186,173,911,2014,16009479.0,0.0,0.229422,-0.214856,RUS,PER,2710
636825,192,173,911,2014,531596.0,6189720.0,1.867492,0.626736,SGP,PER,2710
636826,197,173,911,2014,0.0,31490932.0,0.08653999999999999,0.29088600000000003,SLV,PER,2710
636827,201,173,911,2014,11459.0,0.0,0.551635,1.211535,SRB,PER,2710
636828,206,173,911,2014,10005.0,0.0,1.334959,0.821253,SVK,PER,2710
636829,208,173,911,2014,535014.0,1888.0,1.817752,0.558474,SWE,PER,2710
636830,216,173,911,2014,148084.0,63782.0,0.977094,1.41283,THA,PER,2710
636831,224,173,911,2014,10397.0,0.0,0.554761,2.385693,TUR,PER,2710
636832,228,173,911,2014,2791.0,0.0,0.566535,0.832267,UKR,PER,2710
636833,230,173,911,2014,0.0,3903451.0,0.154034,-0.380899,URY,PER,2710
636834,231,173,911,2014,2669172736.0,923671232.0,1.61227,0.068905,USA,PER,2710
636835,234,173,911,2014,0.0,170215.0,0.034024,-0.522492,VCT,PER,2710
636836,236,173,911,2014,174395.0,6139354.0,-0.582086,-1.081727,VEN,PER,2710
636837,249,173,911,2014,1465252.0,0.0,1.9044189999999999,1.0595139999999998,TWN,PER,2710
636838,250,173,911,2014,0.0,158556960.0,0.506842,0.049545,ANS,PER,2710
636839,7,174,911,2014,14322791.0,65488.0,0.087775,-0.289459,ARE,PHL,2710
636840,14,174,911,2014,1023457.0,3031224.0,-0.398273,-0.17128,AUS,PHL,2710
636841,15,174,911,2014,128309.0,0.0,1.7116790000000002,-0.140232,AUT,PHL,2710
636842,18,174,911,2014,1223990.0,0.0,1.234156,1.226441,BEL,PHL,2710
636843,23,174,911,2014,19808.0,0.0,0.579058,1.6558110000000001,BGR,PHL,2710
636844,32,174,911,2014,10264.0,0.0,0.218223,0.556921,BRA,PHL,2710
636845,34,174,911,2014,0.0,1439.0,0.191357,-0.683567,BRN,PHL,2710
636846,39,174,911,2014,15505.0,156948.0,0.671395,1.024683,CAN,PHL,2710
636847,41,174,911,2014,46577.0,0.0,2.2000919999999997,0.65398,CHE,PHL,2710
636848,43,174,911,2014,700680128.0,1604675.0,1.187557,1.222085,CHN,PHL,2710
636849,58,174,911,2014,216740.0,0.0,0.627467,0.483725,CYP,PHL,2710
636850,59,174,911,2014,2970.0,0.0,1.8105830000000003,0.131131,CZE,PHL,2710
636851,61,174,911,2014,2446816.0,0.0,2.052849,-2.888805,DEU,PHL,2710
636852,64,174,911,2014,27311.0,0.0,1.10869,1.245193,DNK,PHL,2710
636853,71,174,911,2014,2637735.0,0.0,0.842147,2.45692,ESP,PHL,2710
636854,77,174,911,2014,65928.0,0.0,1.4817790000000002,0.30995,FRA,PHL,2710
636855,81,174,911,2014,323574.0,0.0,1.697964,0.585372,GBR,PHL,2710
636856,90,174,911,2014,220661.0,0.0,0.149337,0.8560540000000001,GRC,PHL,2710
636857,95,174,911,2014,0.0,469556.0,0.6368119999999999,-0.01771,GUM,PHL,2710
636858,97,174,911,2014,25033346.0,198744.0,0.812132,1.722493,HKG,PHL,2710
636859,103,174,911,2014,4090583.0,1257480.0,-0.088032,1.3966459999999998,IDN,PHL,2710
636860,104,174,911,2014,113202440.0,293804.0,0.262042,2.6305080000000003,IND,PHL,2710
636861,107,174,911,2014,9187.0,0.0,-0.361058,-0.312743,IRN,PHL,2710
636862,110,174,911,2014,32193.0,0.0,1.211141,0.64523,ISR,PHL,2710
636863,111,174,911,2014,534053.0,0.0,1.340136,0.43931099999999995,ITA,PHL,2710
636864,114,174,911,2014,41683420.0,50333.0,2.403165,-0.635024,JPN,PHL,2710
636865,118,174,911,2014,0.0,478057.0,-0.84072,-0.8307040000000001,KHM,PHL,2710
636866,121,174,911,2014,2617957376.0,774199.0,1.817145,0.8394530000000001,KOR,PHL,2710
636867,133,174,911,2014,0.0,2237.0,0.704535,0.5856140000000001,MAC,PHL,2710
636868,140,174,911,2014,0.0,89126.0,-0.039799,-0.05545,MKD,PHL,2710
636869,142,174,911,2014,402268.0,0.0,0.817013,0.0016309999999999999,MLT,PHL,2710
636870,143,174,911,2014,0.0,28530.0,-1.5332459999999999,-1.145973,MMR,PHL,2710
636871,144,174,911,2014,0.0,162683.0,-0.17039100000000001,-0.21762399999999998,MNE,PHL,2710
636872,153,174,911,2014,253328896.0,56658528.0,1.018138,0.774649,MYS,PHL,2710
636873,155,174,911,2014,40950.0,0.0,-0.428227,-0.5632229999999999,NAM,PHL,2710
636874,156,174,911,2014,0.0,6987.0,-0.509789,-0.767484,NCL,PHL,2710
636875,162,174,911,2014,420393.0,23032576.0,1.179325,1.355071,NLD,PHL,2710
636876,163,174,911,2014,6738.0,0.0,0.9187049999999999,0.182685,NOR,PHL,2710
636877,166,174,911,2014,112401.0,456574.0,0.272502,0.21628699999999998,NZL,PHL,2710
636878,167,174,911,2014,401967.0,0.0,-0.505129,-1.0051370000000002,OMN,PHL,2710
636879,168,174,911,2014,14822873.0,195550.0,-0.672924,0.566787,PAK,PHL,2710
636880,175,174,911,2014,0.0,359.0,0.38879600000000003,-0.532062,PLW,PHL,2710
636881,176,174,911,2014,0.0,8003.0,-1.564904,-1.146255,PNG,PHL,2710
636882,177,174,911,2014,878414.0,0.0,1.133102,1.177165,POL,PHL,2710
636883,179,174,911,2014,374749.0,0.0,0.621053,2.349644,PRT,PHL,2710
636884,182,174,911,2014,0.0,11013.0,0.008831,-0.6268279999999999,PYF,PHL,2710
636885,183,174,911,2014,0.0,1039.0,-0.37535599999999997,-1.0196370000000001,QAT,PHL,2710
636886,186,174,911,2014,14295549.0,0.0,0.229422,-0.214856,RUS,PHL,2710
636887,188,174,911,2014,26419444.0,0.0,0.5758439999999999,-0.832692,SAU,PHL,2710
636888,192,174,911,2014,853500480.0,271144704.0,1.867492,0.626736,SGP,PHL,2710
636889,195,174,911,2014,0.0,11778.0,-0.862089,-0.9075840000000001,SLB,PHL,2710
636890,201,174,911,2014,13897.0,0.0,0.551635,1.211535,SRB,PHL,2710
636891,208,174,911,2014,42380.0,0.0,1.817752,0.558474,SWE,PHL,2710
636892,216,174,911,2014,400120096.0,776011.0,0.977094,1.41283,THA,PHL,2710
636893,224,174,911,2014,321942.0,0.0,0.554761,2.385693,TUR,PHL,2710
636894,231,174,911,2014,15159057.0,0.0,1.61227,0.068905,USA,PHL,2710
636895,239,174,911,2014,546664.0,344967.0,-0.023765,1.344416,VNM,PHL,2710
636896,246,174,911,2014,212874.0,0.0,0.282927,1.723214,ZAF,PHL,2710
636897,249,174,911,2014,4264077312.0,44402868.0,1.9044189999999999,1.0595139999999998,TWN,PHL,2710
636898,1,177,911,2014,0.0,3277504.0,-0.924386,-0.839385,AFG,POL,2710
636899,2,177,911,2014,0.0,1182.0,-1.8184900000000002,-1.149191,AGO,POL,2710
636900,4,177,911,2014,0.0,202121.0,-0.476024,-0.33978400000000003,ALB,POL,2710
636901,7,177,911,2014,0.0,671756.0,0.087775,-0.289459,ARE,POL,2710
636902,9,177,911,2014,0.0,338569.0,-0.198322,-0.5918680000000001,ARM,POL,2710
636903,11,177,911,2014,0.0,3929.0,1.3498370000000002,-0.197062,ATA,POL,2710
636904,12,177,911,2014,0.0,48406.0,0.8714149999999999,-0.652,ATF,POL,2710
636905,14,177,911,2014,0.0,36615.0,-0.398273,-0.17128,AUS,POL,2710
636906,15,177,911,2014,24489862.0,24232408.0,1.7116790000000002,-0.140232,AUT,POL,2710
636907,16,177,911,2014,206032.0,1756685.0,-0.909508,-1.165158,AZE,POL,2710
636908,18,177,911,2014,75311232.0,325508096.0,1.234156,1.226441,BEL,POL,2710
636909,22,177,911,2014,0.0,441064.0,-1.0341879999999999,-0.9614870000000001,BGD,POL,2710
636910,23,177,911,2014,5020400.0,11270456.0,0.579058,1.6558110000000001,BGR,POL,2710
636911,26,177,911,2014,1194327.0,1241642.0,0.5083300000000001,0.711704,BIH,POL,2710
636912,28,177,911,2014,54684848.0,5262744.0,0.874108,0.676231,BLR,POL,2710
636913,31,177,911,2014,0.0,19516.0,-1.129494,-1.030198,BOL,POL,2710
636914,32,177,911,2014,3949940.0,0.0,0.218223,0.556921,BRA,POL,2710
636915,39,177,911,2014,119504.0,18051.0,0.671395,1.024683,CAN,POL,2710
636916,41,177,911,2014,3859607.0,1031900.0,2.2000919999999997,0.65398,CHE,POL,2710
636917,42,177,911,2014,0.0,1118299.0,-0.344671,-0.43380799999999997,CHL,POL,2710
636918,43,177,911,2014,6695977.0,154878.0,1.187557,1.222085,CHN,POL,2710
636919,44,177,911,2014,0.0,247795.0,-0.737625,-0.768728,CIV,POL,2710
636920,45,177,911,2014,0.0,73092.0,-0.6723520000000001,-0.945084,CMR,POL,2710
636921,47,177,911,2014,0.0,12684.0,-1.371624,-1.12468,COG,POL,2710
636922,50,177,911,2014,0.0,77186.0,-0.19200699999999998,-0.761303,COM,POL,2710
636923,58,177,911,2014,6124195.0,11232587.0,0.627467,0.483725,CYP,POL,2710
636924,59,177,911,2014,66278692.0,266246304.0,1.8105830000000003,0.131131,CZE,POL,2710
636925,61,177,911,2014,2290019072.0,360255456.0,2.052849,-2.888805,DEU,POL,2710
636926,64,177,911,2014,40083736.0,157300704.0,1.10869,1.245193,DNK,POL,2710
636927,67,177,911,2014,0.0,553934.0,-1.066865,-1.052921,ECU,POL,2710
636928,68,177,911,2014,0.0,2688844.0,-0.086866,1.7419669999999998,EGY,POL,2710
636929,71,177,911,2014,9081863.0,1608326.0,0.842147,2.45692,ESP,POL,2710
636930,72,177,911,2014,9325019.0,5092946.0,0.9147780000000001,1.151556,EST,POL,2710
636931,73,177,911,2014,0.0,35960.0,-1.296535,-1.045942,ETH,POL,2710
636932,74,177,911,2014,15412826.0,12443081.0,1.626355,1.002923,FIN,POL,2710
636933,77,177,911,2014,31784946.0,67588648.0,1.4817790000000002,0.30995,FRA,POL,2710
636934,78,177,911,2014,0.0,10870.0,-0.703929,-0.86265,FRO,POL,2710
636935,80,177,911,2014,0.0,22895.0,-1.625474,-1.135973,GAB,POL,2710
636936,81,177,911,2014,13408227.0,335999936.0,1.697964,0.585372,GBR,POL,2710
636937,82,177,911,2014,0.0,1129247.0,-0.254106,-0.646584,GEO,POL,2710
636938,84,177,911,2014,0.0,245512528.0,0.275796,-0.720217,GIB,POL,2710
636939,85,177,911,2014,0.0,130671.0,-1.628409,-1.202473,GIN,POL,2710
636940,87,177,911,2014,0.0,119695.0,-0.905488,-0.7892819999999999,GMB,POL,2710
636941,89,177,911,2014,0.0,75187.0,-2.043516,-0.844701,GNQ,POL,2710
636942,90,177,911,2014,604638.0,20521586.0,0.149337,0.8560540000000001,GRC,POL,2710
636943,92,177,911,2014,0.0,8707.0,-1.168495,-0.93096,GRL,POL,2710
636944,93,177,911,2014,0.0,79397.0,-0.36547199999999996,0.548894,GTM,POL,2710
636945,97,177,911,2014,0.0,134599.0,0.812132,1.722493,HKG,POL,2710
636946,100,177,911,2014,148346.0,5734472.0,0.804401,1.250807,HRV,POL,2710
636947,102,177,911,2014,41760012.0,26683924.0,1.477093,0.812869,HUN,POL,2710
636948,103,177,911,2014,0.0,755800.0,-0.088032,1.3966459999999998,IDN,POL,2710
636949,104,177,911,2014,1676169.0,2184963.0,0.262042,2.6305080000000003,IND,POL,2710
636950,106,177,911,2014,17723.0,9151105.0,1.2658399999999999,0.278546,IRL,POL,2710
636951,107,177,911,2014,0.0,9696.0,-0.361058,-0.312743,IRN,POL,2710
636952,108,177,911,2014,0.0,453502.0,-2.9169,-0.882023,IRQ,POL,2710
636953,109,177,911,2014,660975.0,13783.0,0.127891,-0.302014,ISL,POL,2710
636954,110,177,911,2014,27412.0,1355491.0,1.211141,0.64523,ISR,POL,2710
636955,111,177,911,2014,35398068.0,16351413.0,1.340136,0.43931099999999995,ITA,POL,2710
636956,113,177,911,2014,0.0,518722.0,0.210208,0.48732299999999995,JOR,POL,2710
636957,114,177,911,2014,713989.0,0.0,2.403165,-0.635024,JPN,POL,2710
636958,115,177,911,2014,0.0,1386324.0,-0.210431,-0.574075,KAZ,POL,2710
636959,116,177,911,2014,0.0,60521.0,-0.487058,0.307288,KEN,POL,2710
636960,117,177,911,2014,194198.0,20158.0,-0.31942600000000004,-0.012454,KGZ,POL,2710
636961,121,177,911,2014,56818.0,841442.0,1.817145,0.8394530000000001,KOR,POL,2710
636962,122,177,911,2014,3775.0,267957.0,-0.769616,-1.10667,KWT,POL,2710
636963,124,177,911,2014,0.0,175506.0,0.308677,1.7564490000000001,LBN,POL,2710
636964,125,177,911,2014,0.0,351905.0,-1.016828,-1.107983,LBR,POL,2710
636965,128,177,911,2014,0.0,102758.0,-0.49366899999999997,0.338686,LKA,POL,2710
636966,130,177,911,2014,644234688.0,78005656.0,0.764495,1.3451540000000002,LTU,POL,2710
636967,131,177,911,2014,494159.0,7226.0,1.243845,1.155474,LUX,POL,2710
636968,132,177,911,2014,107166808.0,105412192.0,0.613116,1.1899790000000001,LVA,POL,2710
636969,134,177,911,2014,0.0,443173.0,-0.574034,0.065788,MAR,POL,2710
636970,135,177,911,2014,1201.0,610527.0,-0.10438199999999999,-0.093194,MDA,POL,2710
636971,137,177,911,2014,0.0,1802.0,-0.43265299999999995,-0.82696,MDV,POL,2710
636972,138,177,911,2014,44088.0,41975.0,1.0799729999999998,0.697554,MEX,POL,2710
636973,140,177,911,2014,0.0,1069301.0,-0.039799,-0.05545,MKD,POL,2710
636974,141,177,911,2014,0.0,26260.0,-1.199063,-1.05497,MLI,POL,2710
636975,142,177,911,2014,3028624.0,4608442.0,0.817013,0.0016309999999999999,MLT,POL,2710
636976,144,177,911,2014,6962.0,153293.0,-0.17039100000000001,-0.21762399999999998,MNE,POL,2710
636977,147,177,911,2014,0.0,16107.0,-1.1993610000000001,-1.040181,MOZ,POL,2710
636978,148,177,911,2014,0.0,21945.0,-1.458551,-1.225373,MRT,POL,2710
636979,151,177,911,2014,0.0,3311.0,-0.029891,-0.12431099999999999,MUS,POL,2710
636980,153,177,911,2014,0.0,487164.0,1.018138,0.774649,MYS,POL,2710
636981,155,177,911,2014,415751.0,0.0,-0.428227,-0.5632229999999999,NAM,POL,2710
636982,157,177,911,2014,0.0,47187.0,-0.7187,-0.80918,NER,POL,2710
636983,159,177,911,2014,0.0,33025818.0,-1.2126430000000001,-1.059697,NGA,POL,2710
636984,162,177,911,2014,56770472.0,840453440.0,1.179325,1.355071,NLD,POL,2710
636985,163,177,911,2014,35850.0,46273748.0,0.9187049999999999,0.182685,NOR,POL,2710
636986,166,177,911,2014,0.0,28056.0,0.272502,0.21628699999999998,NZL,POL,2710
636987,168,177,911,2014,0.0,90007.0,-0.672924,0.566787,PAK,POL,2710
636988,173,177,911,2014,0.0,1392974.0,-0.557833,0.611826,PER,POL,2710
636989,174,177,911,2014,0.0,878414.0,0.637442,0.475883,PHL,POL,2710
636990,176,177,911,2014,0.0,176895.0,-1.564904,-1.146255,PNG,POL,2710
636991,179,177,911,2014,202828.0,626610.0,0.621053,2.349644,PRT,POL,2710
636992,181,177,911,2014,0.0,60124.0,0.030643,0.601905,PSE,POL,2710
636993,183,177,911,2014,26538.0,232902.0,-0.37535599999999997,-1.0196370000000001,QAT,POL,2710
636994,185,177,911,2014,1625321.0,7774902.0,0.9112,1.188161,ROU,POL,2710
636995,186,177,911,2014,95706480.0,31819438.0,0.229422,-0.214856,RUS,POL,2710
636996,188,177,911,2014,0.0,970346.0,0.5758439999999999,-0.832692,SAU,POL,2710
636997,190,177,911,2014,0.0,988812.0,-1.442381,-1.1155030000000001,SDN,POL,2710
636998,191,177,911,2014,0.0,213316.0,-0.502607,-0.08866,SEN,POL,2710
636999,192,177,911,2014,32254.0,7994388.0,1.867492,0.626736,SGP,POL,2710
637000,201,177,911,2014,631542.0,796426.0,0.551635,1.211535,SRB,POL,2710
637001,206,177,911,2014,262946080.0,18421894.0,1.334959,0.821253,SVK,POL,2710
637002,207,177,911,2014,33237642.0,48868356.0,1.6558669999999998,0.6814399999999999,SVN,POL,2710
637003,208,177,911,2014,27827962.0,494656064.0,1.817752,0.558474,SWE,POL,2710
637004,212,177,911,2014,0.0,137976.0,-0.366224,0.9054719999999999,SYR,POL,2710
637005,215,177,911,2014,0.0,2939117.0,-0.524103,-0.537643,TGO,POL,2710
637006,216,177,911,2014,3393.0,1623155.0,0.977094,1.41283,THA,POL,2710
637007,217,177,911,2014,0.0,944095.0,-0.706823,-0.993756,TJK,POL,2710
637008,219,177,911,2014,0.0,224022.0,-1.217897,-1.184131,TKM,POL,2710
637009,223,177,911,2014,0.0,795851.0,0.343449,1.118007,TUN,POL,2710
637010,224,177,911,2014,2663673.0,5528410.0,0.554761,2.385693,TUR,POL,2710
637011,226,177,911,2014,0.0,1180518.0,-1.054331,0.166345,TZA,POL,2710
637012,227,177,911,2014,0.0,209272.0,-0.46911800000000003,0.25446599999999997,UGA,POL,2710
637013,228,177,911,2014,142893.0,315107360.0,0.566535,0.832267,UKR,POL,2710
637014,230,177,911,2014,0.0,16867.0,0.154034,-0.380899,URY,POL,2710
637015,231,177,911,2014,950850.0,90467872.0,1.61227,0.068905,USA,POL,2710
637016,232,177,911,2014,0.0,4220578.0,-0.407623,-0.37150700000000003,UZB,POL,2710
637017,239,177,911,2014,0.0,291582.0,-0.023765,1.344416,VNM,POL,2710
637018,246,177,911,2014,0.0,1817785.0,0.282927,1.723214,ZAF,POL,2710
637019,249,177,911,2014,1842.0,782987.0,1.9044189999999999,1.0595139999999998,TWN,POL,2710
637020,250,177,911,2014,62814.0,55452084.0,0.506842,0.049545,ANS,POL,2710
637021,2,179,911,2014,0.0,26646254.0,-1.8184900000000002,-1.149191,AGO,PRT,2710
637022,4,179,911,2014,0.0,98124.0,-0.476024,-0.33978400000000003,ALB,PRT,2710
637023,7,179,911,2014,7085.0,1237.0,0.087775,-0.289459,ARE,PRT,2710
637024,8,179,911,2014,0.0,28255.0,0.10691500000000001,0.44860600000000006,ARG,PRT,2710
637025,9,179,911,2014,0.0,25078.0,-0.198322,-0.5918680000000001,ARM,PRT,2710
637026,13,179,911,2014,0.0,281632.0,0.169764,-0.621576,ATG,PRT,2710
637027,14,179,911,2014,2216.0,16335.0,-0.398273,-0.17128,AUS,PRT,2710
637028,15,179,911,2014,46704.0,0.0,1.7116790000000002,-0.140232,AUT,PRT,2710
637029,16,179,911,2014,56266.0,0.0,-0.909508,-1.165158,AZE,PRT,2710
637030,18,179,911,2014,47663728.0,140509712.0,1.234156,1.226441,BEL,PRT,2710
637031,22,179,911,2014,0.0,420545.0,-1.0341879999999999,-0.9614870000000001,BGD,PRT,2710
637032,23,179,911,2014,0.0,34643.0,0.579058,1.6558110000000001,BGR,PRT,2710
637033,25,179,911,2014,0.0,94678048.0,0.314465,-0.60458,BHS,PRT,2710
637034,27,179,911,2014,0.0,12103.0,0.8636219999999999,-0.499126,BLM,PRT,2710
637035,32,179,911,2014,25140.0,17963.0,0.218223,0.556921,BRA,PRT,2710
637036,39,179,911,2014,0.0,6903504.0,0.671395,1.024683,CAN,PRT,2710
637037,41,179,911,2014,11857794.0,3682.0,2.2000919999999997,0.65398,CHE,PRT,2710
637038,42,179,911,2014,0.0,107487.0,-0.344671,-0.43380799999999997,CHL,PRT,2710
637039,43,179,911,2014,6381444.0,638255.0,1.187557,1.222085,CHN,PRT,2710
637040,44,179,911,2014,64818.0,5689.0,-0.737625,-0.768728,CIV,PRT,2710
637041,45,179,911,2014,0.0,9289.0,-0.6723520000000001,-0.945084,CMR,PRT,2710
637042,47,179,911,2014,0.0,13835.0,-1.371624,-1.12468,COG,PRT,2710
637043,49,179,911,2014,0.0,6941.0,0.19864500000000002,-0.378364,COL,PRT,2710
637044,51,179,911,2014,69932.0,1729735.0,-0.182368,-0.7136359999999999,CPV,PRT,2710
637045,52,179,911,2014,0.0,111110.0,0.065938,-0.687971,CRI,PRT,2710
637046,54,179,911,2014,0.0,24121.0,-0.476786,-0.952291,CUB,PRT,2710
637047,58,179,911,2014,0.0,3332447.0,0.627467,0.483725,CYP,PRT,2710
637048,59,179,911,2014,60652.0,0.0,1.8105830000000003,0.131131,CZE,PRT,2710
637049,61,179,911,2014,12824824.0,3451757.0,2.052849,-2.888805,DEU,PRT,2710
637050,64,179,911,2014,52519564.0,10950678.0,1.10869,1.245193,DNK,PRT,2710
637051,65,179,911,2014,0.0,63818.0,-0.180845,0.508512,DOM,PRT,2710
637052,66,179,911,2014,38274752.0,22409.0,-1.5554649999999999,-1.1657030000000002,DZA,PRT,2710
637053,67,179,911,2014,0.0,771907.0,-1.066865,-1.052921,ECU,PRT,2710
637054,68,179,911,2014,0.0,4065622.0,-0.086866,1.7419669999999998,EGY,PRT,2710
637055,71,179,911,2014,877790144.0,739052736.0,0.842147,2.45692,ESP,PRT,2710
637056,72,179,911,2014,11413.0,0.0,0.9147780000000001,1.151556,EST,PRT,2710
637057,74,179,911,2014,2370.0,87878.0,1.626355,1.002923,FIN,PRT,2710
637058,77,179,911,2014,53601928.0,396366784.0,1.4817790000000002,0.30995,FRA,PRT,2710
637059,80,179,911,2014,0.0,2400.0,-1.625474,-1.135973,GAB,PRT,2710
637060,81,179,911,2014,31874910.0,10210600.0,1.697964,0.585372,GBR,PRT,2710
637061,83,179,911,2014,0.0,7971.0,-1.130226,-0.9909379999999999,GHA,PRT,2710
637062,84,179,911,2014,652813.0,373658560.0,0.275796,-0.720217,GIB,PRT,2710
637063,85,179,911,2014,0.0,5934778.0,-1.628409,-1.202473,GIN,PRT,2710
637064,87,179,911,2014,0.0,68065.0,-0.905488,-0.7892819999999999,GMB,PRT,2710
637065,88,179,911,2014,0.0,34632412.0,-1.6723700000000001,-0.896442,GNB,PRT,2710
637066,89,179,911,2014,0.0,488250.0,-2.043516,-0.844701,GNQ,PRT,2710
637067,90,179,911,2014,0.0,56856944.0,0.149337,0.8560540000000001,GRC,PRT,2710
637068,93,179,911,2014,0.0,88287.0,-0.36547199999999996,0.548894,GTM,PRT,2710
637069,101,179,911,2014,0.0,7605.0,-1.10887,-1.032108,HTI,PRT,2710
637070,103,179,911,2014,0.0,209479.0,-0.088032,1.3966459999999998,IDN,PRT,2710
637071,104,179,911,2014,36739276.0,1784052.0,0.262042,2.6305080000000003,IND,PRT,2710
637072,106,179,911,2014,5471.0,0.0,1.2658399999999999,0.278546,IRL,PRT,2710
637073,109,179,911,2014,111102.0,0.0,0.127891,-0.302014,ISL,PRT,2710
637074,110,179,911,2014,1377051.0,102427.0,1.211141,0.64523,ISR,PRT,2710
637075,111,179,911,2014,2335986.0,41886768.0,1.340136,0.43931099999999995,ITA,PRT,2710
637076,114,179,911,2014,15070.0,0.0,2.403165,-0.635024,JPN,PRT,2710
637077,115,179,911,2014,16643038.0,0.0,-0.210431,-0.574075,KAZ,PRT,2710
637078,121,179,911,2014,1510268.0,339663.0,1.817145,0.8394530000000001,KOR,PRT,2710
637079,125,179,911,2014,0.0,106388.0,-1.016828,-1.107983,LBR,PRT,2710
637080,130,179,911,2014,524676.0,0.0,0.764495,1.3451540000000002,LTU,PRT,2710
637081,131,179,911,2014,175203.0,0.0,1.243845,1.155474,LUX,PRT,2710
637082,133,179,911,2014,0.0,1360.0,0.704535,0.5856140000000001,MAC,PRT,2710
637083,134,179,911,2014,0.0,133580208.0,-0.574034,0.065788,MAR,PRT,2710
637084,138,179,911,2014,0.0,24015.0,1.0799729999999998,0.697554,MEX,PRT,2710
637085,142,179,911,2014,144997.0,54422692.0,0.817013,0.0016309999999999999,MLT,PRT,2710
637086,147,179,911,2014,0.0,4221185.0,-1.1993610000000001,-1.040181,MOZ,PRT,2710
637087,148,179,911,2014,2391.0,2487.0,-1.458551,-1.225373,MRT,PRT,2710
637088,151,179,911,2014,2754.0,0.0,-0.029891,-0.12431099999999999,MUS,PRT,2710
637089,152,179,911,2014,0.0,182837.0,-0.494204,-0.751903,MWI,PRT,2710
637090,155,179,911,2014,594589.0,0.0,-0.428227,-0.5632229999999999,NAM,PRT,2710
637091,159,179,911,2014,197917104.0,0.0,-1.2126430000000001,-1.059697,NGA,PRT,2710
637092,162,179,911,2014,145590032.0,260866480.0,1.179325,1.355071,NLD,PRT,2710
637093,163,179,911,2014,7728.0,2273.0,0.9187049999999999,0.182685,NOR,PRT,2710
637094,166,179,911,2014,2178.0,1617.0,0.272502,0.21628699999999998,NZL,PRT,2710
637095,169,179,911,2014,0.0,1587188.0,0.771742,0.9873190000000001,PAN,PRT,2710
637096,173,179,911,2014,0.0,432297.0,-0.557833,0.611826,PER,PRT,2710
637097,174,179,911,2014,0.0,374749.0,0.637442,0.475883,PHL,PRT,2710
637098,177,179,911,2014,626610.0,202828.0,1.133102,1.177165,POL,PRT,2710
637099,183,179,911,2014,0.0,849.0,-0.37535599999999997,-1.0196370000000001,QAT,PRT,2710
637100,185,179,911,2014,1392.0,0.0,0.9112,1.188161,ROU,PRT,2710
637101,186,179,911,2014,418590816.0,7887.0,0.229422,-0.214856,RUS,PRT,2710
637102,188,179,911,2014,0.0,200153.0,0.5758439999999999,-0.832692,SAU,PRT,2710
637103,190,179,911,2014,0.0,84035.0,-1.442381,-1.1155030000000001,SDN,PRT,2710
637104,191,179,911,2014,0.0,49278.0,-0.502607,-0.08866,SEN,PRT,2710
637105,192,179,911,2014,0.0,60954.0,1.867492,0.626736,SGP,PRT,2710
637106,197,179,911,2014,0.0,4909.0,0.08653999999999999,0.29088600000000003,SLV,PRT,2710
637107,201,179,911,2014,1092.0,0.0,0.551635,1.211535,SRB,PRT,2710
637108,203,179,911,2014,0.0,619526.0,1.172431,-0.024141,STP,PRT,2710
637109,206,179,911,2014,0.0,7105.0,1.334959,0.821253,SVK,PRT,2710
637110,207,179,911,2014,7732.0,0.0,1.6558669999999998,0.6814399999999999,SVN,PRT,2710
637111,208,179,911,2014,51307548.0,29000590.0,1.817752,0.558474,SWE,PRT,2710
637112,209,179,911,2014,0.0,563263.0,0.22972199999999998,-0.365564,SWZ,PRT,2710
637113,214,179,911,2014,0.0,2005.0,-2.012048,-0.921558,TCD,PRT,2710
637114,215,179,911,2014,0.0,40407.0,-0.524103,-0.537643,TGO,PRT,2710
637115,216,179,911,2014,0.0,1584.0,0.977094,1.41283,THA,PRT,2710
637116,220,179,911,2014,0.0,12890.0,-1.365212,-0.896716,TLS,PRT,2710
637117,222,179,911,2014,40396.0,0.0,-0.57362,-1.117545,TTO,PRT,2710
637118,223,179,911,2014,0.0,420466.0,0.343449,1.118007,TUN,PRT,2710
637119,224,179,911,2014,2365550.0,60451488.0,0.554761,2.385693,TUR,PRT,2710
637120,226,179,911,2014,0.0,493261.0,-1.054331,0.166345,TZA,PRT,2710
637121,230,179,911,2014,0.0,26815.0,0.154034,-0.380899,URY,PRT,2710
637122,231,179,911,2014,2888905.0,672071744.0,1.61227,0.068905,USA,PRT,2710
637123,234,179,911,2014,0.0,23418.0,0.034024,-0.522492,VCT,PRT,2710
637124,236,179,911,2014,0.0,16181927.0,-0.582086,-1.081727,VEN,PRT,2710
637125,239,179,911,2014,0.0,688.0,-0.023765,1.344416,VNM,PRT,2710
637126,246,179,911,2014,66391.0,932951.0,0.282927,1.723214,ZAF,PRT,2710
637127,249,179,911,2014,0.0,42458.0,1.9044189999999999,1.0595139999999998,TWN,PRT,2710
637128,250,179,911,2014,3695.0,1362505472.0,0.506842,0.049545,ANS,PRT,2710
637129,7,180,911,2014,56399.0,0.0,0.087775,-0.289459,ARE,PRY,2710
637130,8,180,911,2014,170389232.0,1130654.0,0.10691500000000001,0.44860600000000006,ARG,PRY,2710
637131,15,180,911,2014,1973.0,0.0,1.7116790000000002,-0.140232,AUT,PRY,2710
637132,18,180,911,2014,622678.0,0.0,1.234156,1.226441,BEL,PRY,2710
637133,31,180,911,2014,1083305.0,38815208.0,-1.129494,-1.030198,BOL,PRY,2710
637134,32,180,911,2014,358925216.0,84891.0,0.218223,0.556921,BRA,PRY,2710
637135,39,180,911,2014,5698.0,0.0,0.671395,1.024683,CAN,PRY,2710
637136,41,180,911,2014,2099078.0,0.0,2.2000919999999997,0.65398,CHE,PRY,2710
637137,42,180,911,2014,7958720.0,0.0,-0.344671,-0.43380799999999997,CHL,PRY,2710
637138,43,180,911,2014,254355.0,0.0,1.187557,1.222085,CHN,PRY,2710
637139,49,180,911,2014,3698402.0,0.0,0.19864500000000002,-0.378364,COL,PRY,2710
637140,54,180,911,2014,3993988.0,0.0,-0.476786,-0.952291,CUB,PRY,2710
637141,61,180,911,2014,878989.0,0.0,2.052849,-2.888805,DEU,PRY,2710
637142,66,180,911,2014,2627224.0,0.0,-1.5554649999999999,-1.1657030000000002,DZA,PRY,2710
637143,67,180,911,2014,29758.0,0.0,-1.066865,-1.052921,ECU,PRY,2710
637144,71,180,911,2014,377092.0,0.0,0.842147,2.45692,ESP,PRY,2710
637145,72,180,911,2014,138359.0,0.0,0.9147780000000001,1.151556,EST,PRY,2710
637146,77,180,911,2014,19255.0,0.0,1.4817790000000002,0.30995,FRA,PRY,2710
637147,81,180,911,2014,4474.0,0.0,1.697964,0.585372,GBR,PRY,2710
637148,104,180,911,2014,1219026.0,0.0,0.262042,2.6305080000000003,IND,PRY,2710
637149,110,180,911,2014,742.0,0.0,1.211141,0.64523,ISR,PRY,2710
637150,111,180,911,2014,6020.0,0.0,1.340136,0.43931099999999995,ITA,PRY,2710
637151,114,180,911,2014,23240.0,0.0,2.403165,-0.635024,JPN,PRY,2710
637152,121,180,911,2014,321377.0,0.0,1.817145,0.8394530000000001,KOR,PRY,2710
637153,122,180,911,2014,3822732.0,0.0,-0.769616,-1.10667,KWT,PRY,2710
637154,130,180,911,2014,21485.0,0.0,0.764495,1.3451540000000002,LTU,PRY,2710
637155,138,180,911,2014,2159537.0,0.0,1.0799729999999998,0.697554,MEX,PRY,2710
637156,162,180,911,2014,10521524.0,0.0,1.179325,1.355071,NLD,PRY,2710
637157,169,180,911,2014,48114024.0,0.0,0.771742,0.9873190000000001,PAN,PRY,2710
637158,173,180,911,2014,2195579.0,54131.0,-0.557833,0.611826,PER,PRY,2710
637159,186,180,911,2014,20124056.0,0.0,0.229422,-0.214856,RUS,PRY,2710
637160,192,180,911,2014,3681908.0,0.0,1.867492,0.626736,SGP,PRY,2710
637161,208,180,911,2014,176489.0,0.0,1.817752,0.558474,SWE,PRY,2710
637162,224,180,911,2014,99197.0,0.0,0.554761,2.385693,TUR,PRY,2710
637163,230,180,911,2014,337884.0,56385.0,0.154034,-0.380899,URY,PRY,2710
637164,231,180,911,2014,72579320.0,52885.0,1.61227,0.068905,USA,PRY,2710
637165,236,180,911,2014,61305.0,0.0,-0.582086,-1.081727,VEN,PRY,2710
637166,249,180,911,2014,2274.0,0.0,1.9044189999999999,1.0595139999999998,TWN,PRY,2710
637167,7,181,911,2014,741245.0,0.0,0.087775,-0.289459,ARE,PSE,2710
637168,18,181,911,2014,14505.0,0.0,1.234156,1.226441,BEL,PSE,2710
637169,43,181,911,2014,840.0,0.0,1.187557,1.222085,CHN,PSE,2710
637170,61,181,911,2014,931934.0,0.0,2.052849,-2.888805,DEU,PSE,2710
637171,68,181,911,2014,40986.0,0.0,-0.086866,1.7419669999999998,EGY,PSE,2710
637172,71,181,911,2014,3737.0,0.0,0.842147,2.45692,ESP,PSE,2710
637173,77,181,911,2014,23907.0,0.0,1.4817790000000002,0.30995,FRA,PSE,2710
637174,81,181,911,2014,4376.0,0.0,1.697964,0.585372,GBR,PSE,2710
637175,104,181,911,2014,41263.0,0.0,0.262042,2.6305080000000003,IND,PSE,2710
637176,110,181,911,2014,844376448.0,1926134.0,1.211141,0.64523,ISR,PSE,2710
637177,111,181,911,2014,17709.0,0.0,1.340136,0.43931099999999995,ITA,PSE,2710
637178,113,181,911,2014,385240.0,59554.0,0.210208,0.48732299999999995,JOR,PSE,2710
637179,114,181,911,2014,656.0,0.0,2.403165,-0.635024,JPN,PSE,2710
637180,121,181,911,2014,98299.0,0.0,1.817145,0.8394530000000001,KOR,PSE,2710
637181,122,181,911,2014,8563.0,0.0,-0.769616,-1.10667,KWT,PSE,2710
637182,130,181,911,2014,6738.0,0.0,0.764495,1.3451540000000002,LTU,PSE,2710
637183,162,181,911,2014,21231.0,0.0,1.179325,1.355071,NLD,PSE,2710
637184,167,181,911,2014,41069.0,0.0,-0.505129,-1.0051370000000002,OMN,PSE,2710
637185,177,181,911,2014,60124.0,0.0,1.133102,1.177165,POL,PSE,2710
637186,186,181,911,2014,36398.0,0.0,0.229422,-0.214856,RUS,PSE,2710
637187,188,181,911,2014,100610.0,0.0,0.5758439999999999,-0.832692,SAU,PSE,2710
637188,208,181,911,2014,3879.0,0.0,1.817752,0.558474,SWE,PSE,2710
637189,224,181,911,2014,707886.0,0.0,0.554761,2.385693,TUR,PSE,2710
637190,228,181,911,2014,4133.0,0.0,0.566535,0.832267,UKR,PSE,2710
637191,231,181,911,2014,39230.0,0.0,1.61227,0.068905,USA,PSE,2710
637192,246,181,911,2014,54009.0,0.0,0.282927,1.723214,ZAF,PSE,2710
637193,4,188,911,2014,0.0,417663.0,-0.476024,-0.33978400000000003,ALB,SAU,2710
637194,7,188,911,2014,90404568.0,174749296.0,0.087775,-0.289459,ARE,SAU,2710
637195,9,188,911,2014,0.0,4216.0,-0.198322,-0.5918680000000001,ARM,SAU,2710
637196,14,188,911,2014,103660.0,0.0,-0.398273,-0.17128,AUS,SAU,2710
637197,15,188,911,2014,31520.0,0.0,1.7116790000000002,-0.140232,AUT,SAU,2710
637198,17,188,911,2014,0.0,26159838.0,-0.242256,-0.8567879999999999,BDI,SAU,2710
637199,18,188,911,2014,67118968.0,73451288.0,1.234156,1.226441,BEL,SAU,2710
637200,19,188,911,2014,0.0,42137.0,-0.342225,-0.618789,BEN,SAU,2710
637201,21,188,911,2014,1594651.0,0.0,-0.922401,-0.9554379999999999,BFA,SAU,2710
637202,23,188,911,2014,37926.0,0.0,0.579058,1.6558110000000001,BGR,SAU,2710
637203,24,188,911,2014,21245856.0,89301016.0,0.460168,-0.41671099999999994,BHR,SAU,2710
637204,28,188,911,2014,31467120.0,0.0,0.874108,0.676231,BLR,SAU,2710
637205,32,188,911,2014,1377448.0,219012832.0,0.218223,0.556921,BRA,SAU,2710
637206,38,188,911,2014,0.0,15766.0,0.695875,0.543384,CAF,SAU,2710
637207,39,188,911,2014,677042.0,54891680.0,0.671395,1.024683,CAN,SAU,2710
637208,41,188,911,2014,3694503.0,0.0,2.2000919999999997,0.65398,CHE,SAU,2710
637209,43,188,911,2014,639869.0,470402368.0,1.187557,1.222085,CHN,SAU,2710
637210,44,188,911,2014,0.0,17725.0,-0.737625,-0.768728,CIV,SAU,2710
637211,45,188,911,2014,0.0,72485.0,-0.6723520000000001,-0.945084,CMR,SAU,2710
637212,58,188,911,2014,0.0,13348.0,0.627467,0.483725,CYP,SAU,2710
637213,59,188,911,2014,251178.0,0.0,1.8105830000000003,0.131131,CZE,SAU,2710
637214,61,188,911,2014,13410591.0,6986356.0,2.052849,-2.888805,DEU,SAU,2710
637215,64,188,911,2014,14135.0,30552034.0,1.10869,1.245193,DNK,SAU,2710
637216,66,188,911,2014,418533.0,494352.0,-1.5554649999999999,-1.1657030000000002,DZA,SAU,2710
637217,67,188,911,2014,0.0,93582632.0,-1.066865,-1.052921,ECU,SAU,2710
637218,68,188,911,2014,6727718.0,343297920.0,-0.086866,1.7419669999999998,EGY,SAU,2710
637219,71,188,911,2014,67634552.0,764021376.0,0.842147,2.45692,ESP,SAU,2710
637220,73,188,911,2014,138206496.0,761462976.0,-1.296535,-1.045942,ETH,SAU,2710
637221,74,188,911,2014,2743146.0,11457455.0,1.626355,1.002923,FIN,SAU,2710
637222,77,188,911,2014,23056078.0,695100800.0,1.4817790000000002,0.30995,FRA,SAU,2710
637223,81,188,911,2014,33583488.0,875499968.0,1.697964,0.585372,GBR,SAU,2710
637224,85,188,911,2014,0.0,115024.0,-1.628409,-1.202473,GIN,SAU,2710
637225,87,188,911,2014,0.0,2122.0,-0.905488,-0.7892819999999999,GMB,SAU,2710
637226,90,188,911,2014,806185088.0,48471276.0,0.149337,0.8560540000000001,GRC,SAU,2710
637227,97,188,911,2014,96774.0,36536092.0,0.812132,1.722493,HKG,SAU,2710
637228,102,188,911,2014,78898.0,0.0,1.477093,0.812869,HUN,SAU,2710
637229,103,188,911,2014,175078.0,287228960.0,-0.088032,1.3966459999999998,IDN,SAU,2710
637230,104,188,911,2014,6548387840.0,42497296.0,0.262042,2.6305080000000003,IND,SAU,2710
637231,106,188,911,2014,52501.0,5985022.0,1.2658399999999999,0.278546,IRL,SAU,2710
637232,107,188,911,2014,0.0,632866.0,-0.361058,-0.312743,IRN,SAU,2710
637233,108,188,911,2014,0.0,1329137.0,-2.9169,-0.882023,IRQ,SAU,2710
637234,109,188,911,2014,16725.0,174882.0,0.127891,-0.302014,ISL,SAU,2710
637235,111,188,911,2014,985526784.0,376365504.0,1.340136,0.43931099999999995,ITA,SAU,2710
637236,113,188,911,2014,176198.0,471707456.0,0.210208,0.48732299999999995,JOR,SAU,2710
637237,114,188,911,2014,8166426.0,1236841728.0,2.403165,-0.635024,JPN,SAU,2710
637238,115,188,911,2014,0.0,14808.0,-0.210431,-0.574075,KAZ,SAU,2710
637239,117,188,911,2014,19283.0,11292.0,-0.31942600000000004,-0.012454,KGZ,SAU,2710
637240,121,188,911,2014,17648346.0,2064199808.0,1.817145,0.8394530000000001,KOR,SAU,2710
637241,122,188,911,2014,22358400.0,5002029.0,-0.769616,-1.10667,KWT,SAU,2710
637242,124,188,911,2014,0.0,2862436.0,0.308677,1.7564490000000001,LBN,SAU,2710
637243,128,188,911,2014,6039.0,19594266.0,-0.49366899999999997,0.338686,LKA,SAU,2710
637244,131,188,911,2014,23025.0,0.0,1.243845,1.155474,LUX,SAU,2710
637245,133,188,911,2014,0.0,39086900.0,0.704535,0.5856140000000001,MAC,SAU,2710
637246,134,188,911,2014,0.0,84921600.0,-0.574034,0.065788,MAR,SAU,2710
637247,136,188,911,2014,51383.0,379109.0,-1.002122,-0.44446,MDG,SAU,2710
637248,137,188,911,2014,0.0,432.0,-0.43265299999999995,-0.82696,MDV,SAU,2710
637249,138,188,911,2014,77697.0,0.0,1.0799729999999998,0.697554,MEX,SAU,2710
637250,140,188,911,2014,0.0,8913207.0,-0.039799,-0.05545,MKD,SAU,2710
637251,142,188,911,2014,0.0,10923478.0,0.817013,0.0016309999999999999,MLT,SAU,2710
637252,143,188,911,2014,0.0,17583.0,-1.5332459999999999,-1.145973,MMR,SAU,2710
637253,148,188,911,2014,0.0,124791.0,-1.458551,-1.225373,MRT,SAU,2710
637254,153,188,911,2014,233513.0,294492960.0,1.018138,0.774649,MYS,SAU,2710
637255,155,188,911,2014,51978.0,0.0,-0.428227,-0.5632229999999999,NAM,SAU,2710
637256,159,188,911,2014,0.0,18435234.0,-1.2126430000000001,-1.059697,NGA,SAU,2710
637257,162,188,911,2014,322672864.0,476408448.0,1.179325,1.355071,NLD,SAU,2710
637258,163,188,911,2014,7245.0,0.0,0.9187049999999999,0.182685,NOR,SAU,2710
637259,164,188,911,2014,0.0,515719.0,-0.11988199999999999,0.655883,NPL,SAU,2710
637260,167,188,911,2014,39814168.0,170268128.0,-0.505129,-1.0051370000000002,OMN,SAU,2710
637261,168,188,911,2014,1371980.0,269358432.0,-0.672924,0.566787,PAK,SAU,2710
637262,174,188,911,2014,0.0,26419444.0,0.637442,0.475883,PHL,SAU,2710
637263,175,188,911,2014,0.0,651827.0,0.38879600000000003,-0.532062,PLW,SAU,2710
637264,177,188,911,2014,970346.0,0.0,1.133102,1.177165,POL,SAU,2710
637265,179,188,911,2014,200153.0,0.0,0.621053,2.349644,PRT,SAU,2710
637266,181,188,911,2014,0.0,100610.0,0.030643,0.601905,PSE,SAU,2710
637267,183,188,911,2014,340083.0,3446726.0,-0.37535599999999997,-1.0196370000000001,QAT,SAU,2710
637268,185,188,911,2014,10930108.0,0.0,0.9112,1.188161,ROU,SAU,2710
637269,186,188,911,2014,158298704.0,0.0,0.229422,-0.214856,RUS,SAU,2710
637270,187,188,911,2014,0.0,508564.0,-0.5692659999999999,-0.447859,RWA,SAU,2710
637271,190,188,911,2014,12727744.0,6829722.0,-1.442381,-1.1155030000000001,SDN,SAU,2710
637272,191,188,911,2014,0.0,648001.0,-0.502607,-0.08866,SEN,SAU,2710
637273,192,188,911,2014,44804044.0,2301882368.0,1.867492,0.626736,SGP,SAU,2710
637274,205,188,911,2014,36068.0,0.0,-0.6333989999999999,-0.857643,SUR,SAU,2710
637275,207,188,911,2014,0.0,20172082.0,1.6558669999999998,0.6814399999999999,SVN,SAU,2710
637276,208,188,911,2014,312221.0,0.0,1.817752,0.558474,SWE,SAU,2710
637277,209,188,911,2014,27788.0,0.0,0.22972199999999998,-0.365564,SWZ,SAU,2710
637278,215,188,911,2014,0.0,13242.0,-0.524103,-0.537643,TGO,SAU,2710
637279,216,188,911,2014,718637.0,556525632.0,0.977094,1.41283,THA,SAU,2710
637280,223,188,911,2014,0.0,318243.0,0.343449,1.118007,TUN,SAU,2710
637281,224,188,911,2014,187368672.0,33683732.0,0.554761,2.385693,TUR,SAU,2710
637282,226,188,911,2014,0.0,3740551.0,-1.054331,0.166345,TZA,SAU,2710
637283,227,188,911,2014,0.0,59395156.0,-0.46911800000000003,0.25446599999999997,UGA,SAU,2710
637284,231,188,911,2014,51015976.0,804592768.0,1.61227,0.068905,USA,SAU,2710
637285,239,188,911,2014,0.0,1940235.0,-0.023765,1.344416,VNM,SAU,2710
637286,243,188,911,2014,0.0,9490287.0,-1.2829190000000001,-1.227373,YEM,SAU,2710
637287,246,188,911,2014,762235.0,316216320.0,0.282927,1.723214,ZAF,SAU,2710
637288,249,188,911,2014,221401888.0,3316121600.0,1.9044189999999999,1.0595139999999998,TWN,SAU,2710
637289,250,188,911,2014,23725.0,10011550720.0,0.506842,0.049545,ANS,SAU,2710
637290,0,190,911,2014,1140288.0,0.0,0.779539,-0.32255700000000004,ABW,SDN,2710
637291,7,190,911,2014,217124704.0,25756.0,0.087775,-0.289459,ARE,SDN,2710
637292,14,190,911,2014,73254.0,0.0,-0.398273,-0.17128,AUS,SDN,2710
637293,16,190,911,2014,0.0,6074833.0,-0.909508,-1.165158,AZE,SDN,2710
637294,18,190,911,2014,94031.0,0.0,1.234156,1.226441,BEL,SDN,2710
637295,22,190,911,2014,6054.0,0.0,-1.0341879999999999,-0.9614870000000001,BGD,SDN,2710
637296,23,190,911,2014,233264.0,0.0,0.579058,1.6558110000000001,BGR,SDN,2710
637297,24,190,911,2014,14998.0,0.0,0.460168,-0.41671099999999994,BHR,SDN,2710
637298,28,190,911,2014,322040.0,0.0,0.874108,0.676231,BLR,SDN,2710
637299,38,190,911,2014,46948.0,0.0,0.695875,0.543384,CAF,SDN,2710
637300,39,190,911,2014,13437.0,0.0,0.671395,1.024683,CAN,SDN,2710
637301,43,190,911,2014,634721.0,0.0,1.187557,1.222085,CHN,SDN,2710
637302,59,190,911,2014,2962.0,0.0,1.8105830000000003,0.131131,CZE,SDN,2710
637303,61,190,911,2014,64128.0,0.0,2.052849,-2.888805,DEU,SDN,2710
637304,64,190,911,2014,1331.0,0.0,1.10869,1.245193,DNK,SDN,2710
637305,67,190,911,2014,63852.0,0.0,-1.066865,-1.052921,ECU,SDN,2710
637306,68,190,911,2014,764607.0,101441.0,-0.086866,1.7419669999999998,EGY,SDN,2710
637307,71,190,911,2014,97357.0,0.0,0.842147,2.45692,ESP,SDN,2710
637308,73,190,911,2014,0.0,117780544.0,-1.296535,-1.045942,ETH,SDN,2710
637309,77,190,911,2014,139512.0,0.0,1.4817790000000002,0.30995,FRA,SDN,2710
637310,80,190,911,2014,2284.0,0.0,-1.625474,-1.135973,GAB,SDN,2710
637311,81,190,911,2014,18176366.0,0.0,1.697964,0.585372,GBR,SDN,2710
637312,84,190,911,2014,6623.0,0.0,0.275796,-0.720217,GIB,SDN,2710
637313,97,190,911,2014,41733.0,0.0,0.812132,1.722493,HKG,SDN,2710
637314,104,190,911,2014,2196508.0,0.0,0.262042,2.6305080000000003,IND,SDN,2710
637315,111,190,911,2014,116491.0,0.0,1.340136,0.43931099999999995,ITA,SDN,2710
637316,114,190,911,2014,9236.0,0.0,2.403165,-0.635024,JPN,SDN,2710
637317,116,190,911,2014,72320.0,0.0,-0.487058,0.307288,KEN,SDN,2710
637318,117,190,911,2014,22258.0,0.0,-0.31942600000000004,-0.012454,KGZ,SDN,2710
637319,121,190,911,2014,4872.0,0.0,1.817145,0.8394530000000001,KOR,SDN,2710
637320,124,190,911,2014,16267.0,0.0,0.308677,1.7564490000000001,LBN,SDN,2710
637321,130,190,911,2014,2675.0,0.0,0.764495,1.3451540000000002,LTU,SDN,2710
637322,134,190,911,2014,9250486.0,0.0,-0.574034,0.065788,MAR,SDN,2710
637323,136,190,911,2014,732.0,0.0,-1.002122,-0.44446,MDG,SDN,2710
637324,153,190,911,2014,35081084.0,0.0,1.018138,0.774649,MYS,SDN,2710
637325,162,190,911,2014,5673894.0,0.0,1.179325,1.355071,NLD,SDN,2710
637326,167,190,911,2014,27831.0,0.0,-0.505129,-1.0051370000000002,OMN,SDN,2710
637327,177,190,911,2014,988812.0,0.0,1.133102,1.177165,POL,SDN,2710
637328,179,190,911,2014,84035.0,0.0,0.621053,2.349644,PRT,SDN,2710
637329,186,190,911,2014,2486484.0,724.0,0.229422,-0.214856,RUS,SDN,2710
637330,188,190,911,2014,6829722.0,12727744.0,0.5758439999999999,-0.832692,SAU,SDN,2710
637331,192,190,911,2014,339640.0,0.0,1.867492,0.626736,SGP,SDN,2710
637332,202,190,911,2014,0.0,4436288.0,-2.824279,-0.8767969999999999,SSD,SDN,2710
637333,207,190,911,2014,11189.0,0.0,1.6558669999999998,0.6814399999999999,SVN,SDN,2710
637334,208,190,911,2014,2519.0,0.0,1.817752,0.558474,SWE,SDN,2710
637335,224,190,911,2014,122581.0,0.0,0.554761,2.385693,TUR,SDN,2710
637336,226,190,911,2014,11959.0,0.0,-1.054331,0.166345,TZA,SDN,2710
637337,227,190,911,2014,134329.0,0.0,-0.46911800000000003,0.25446599999999997,UGA,SDN,2710
637338,231,190,911,2014,16334.0,0.0,1.61227,0.068905,USA,SDN,2710
637339,232,190,911,2014,787968.0,0.0,-0.407623,-0.37150700000000003,UZB,SDN,2710
637340,234,190,911,2014,320132.0,0.0,0.034024,-0.522492,VCT,SDN,2710
637341,243,190,911,2014,18901264.0,0.0,-1.2829190000000001,-1.227373,YEM,SDN,2710
637342,246,190,911,2014,24997.0,0.0,0.282927,1.723214,ZAF,SDN,2710
637343,2,191,911,2014,0.0,878.0,-1.8184900000000002,-1.149191,AGO,SEN,2710
637344,7,191,911,2014,9397275.0,0.0,0.087775,-0.289459,ARE,SEN,2710
637345,14,191,911,2014,4791.0,0.0,-0.398273,-0.17128,AUS,SEN,2710
637346,18,191,911,2014,327346144.0,20570226.0,1.234156,1.226441,BEL,SEN,2710
637347,19,191,911,2014,0.0,104371.0,-0.342225,-0.618789,BEN,SEN,2710
637348,21,191,911,2014,2060422.0,12169950.0,-0.922401,-0.9554379999999999,BFA,SEN,2710
637349,41,191,911,2014,5771429.0,0.0,2.2000919999999997,0.65398,CHE,SEN,2710
637350,43,191,911,2014,41011.0,0.0,1.187557,1.222085,CHN,SEN,2710
637351,44,191,911,2014,25628274.0,652136.0,-0.737625,-0.768728,CIV,SEN,2710
637352,45,191,911,2014,0.0,2262170.0,-0.6723520000000001,-0.945084,CMR,SEN,2710
637353,47,191,911,2014,0.0,190654.0,-1.371624,-1.12468,COG,SEN,2710
637354,54,191,911,2014,80738936.0,0.0,-0.476786,-0.952291,CUB,SEN,2710
637355,61,191,911,2014,338660.0,3091216.0,2.052849,-2.888805,DEU,SEN,2710
637356,68,191,911,2014,33112.0,0.0,-0.086866,1.7419669999999998,EGY,SEN,2710
637357,71,191,911,2014,7792806.0,0.0,0.842147,2.45692,ESP,SEN,2710
637358,77,191,911,2014,65664324.0,1121.0,1.4817790000000002,0.30995,FRA,SEN,2710
637359,80,191,911,2014,0.0,1074715.0,-1.625474,-1.135973,GAB,SEN,2710
637360,81,191,911,2014,388168608.0,1468066.0,1.697964,0.585372,GBR,SEN,2710
637361,83,191,911,2014,0.0,6184.0,-1.130226,-0.9909379999999999,GHA,SEN,2710
637362,84,191,911,2014,0.0,10331549.0,0.275796,-0.720217,GIB,SEN,2710
637363,85,191,911,2014,0.0,1428838.0,-1.628409,-1.202473,GIN,SEN,2710
637364,87,191,911,2014,365.0,5533419.0,-0.905488,-0.7892819999999999,GMB,SEN,2710
637365,88,191,911,2014,0.0,20758464.0,-1.6723700000000001,-0.896442,GNB,SEN,2710
637366,89,191,911,2014,0.0,3644238.0,-2.043516,-0.844701,GNQ,SEN,2710
637367,90,191,911,2014,26163.0,0.0,0.149337,0.8560540000000001,GRC,SEN,2710
637368,101,191,911,2014,0.0,43618.0,-1.10887,-1.032108,HTI,SEN,2710
637369,103,191,911,2014,10952.0,0.0,-0.088032,1.3966459999999998,IDN,SEN,2710
637370,104,191,911,2014,2076662.0,11966.0,0.262042,2.6305080000000003,IND,SEN,2710
637371,107,191,911,2014,37146.0,0.0,-0.361058,-0.312743,IRN,SEN,2710
637372,111,191,911,2014,23140668.0,3970975.0,1.340136,0.43931099999999995,ITA,SEN,2710
637373,116,191,911,2014,0.0,1162.0,-0.487058,0.307288,KEN,SEN,2710
637374,121,191,911,2014,36523532.0,0.0,1.817145,0.8394530000000001,KOR,SEN,2710
637375,125,191,911,2014,0.0,3481689.0,-1.016828,-1.107983,LBR,SEN,2710
637376,134,191,911,2014,11671527.0,0.0,-0.574034,0.065788,MAR,SEN,2710
637377,141,191,911,2014,1480.0,111157872.0,-1.199063,-1.05497,MLI,SEN,2710
637378,143,191,911,2014,0.0,365390.0,-1.5332459999999999,-1.145973,MMR,SEN,2710
637379,147,191,911,2014,0.0,1221.0,-1.1993610000000001,-1.040181,MOZ,SEN,2710
637380,148,191,911,2014,390569.0,2284787.0,-1.458551,-1.225373,MRT,SEN,2710
637381,155,191,911,2014,102666.0,1342.0,-0.428227,-0.5632229999999999,NAM,SEN,2710
637382,157,191,911,2014,0.0,2095244.0,-0.7187,-0.80918,NER,SEN,2710
637383,159,191,911,2014,0.0,70605.0,-1.2126430000000001,-1.059697,NGA,SEN,2710
637384,161,191,911,2014,58475.0,0.0,1.624556,0.065342,NIU,SEN,2710
637385,162,191,911,2014,647936640.0,10744533.0,1.179325,1.355071,NLD,SEN,2710
637386,169,191,911,2014,2157.0,0.0,0.771742,0.9873190000000001,PAN,SEN,2710
637387,177,191,911,2014,213316.0,0.0,1.133102,1.177165,POL,SEN,2710
637388,179,191,911,2014,49278.0,0.0,0.621053,2.349644,PRT,SEN,2710
637389,186,191,911,2014,5944112.0,0.0,0.229422,-0.214856,RUS,SEN,2710
637390,188,191,911,2014,648001.0,0.0,0.5758439999999999,-0.832692,SAU,SEN,2710
637391,192,191,911,2014,9453078.0,0.0,1.867492,0.626736,SGP,SEN,2710
637392,196,191,911,2014,2211662.0,1681853.0,-0.9228569999999999,-0.791482,SLE,SEN,2710
637393,206,191,911,2014,2643.0,0.0,1.334959,0.821253,SVK,SEN,2710
637394,208,191,911,2014,2172.0,0.0,1.817752,0.558474,SWE,SEN,2710
637395,209,191,911,2014,40091.0,0.0,0.22972199999999998,-0.365564,SWZ,SEN,2710
637396,214,191,911,2014,0.0,4929584.0,-2.012048,-0.921558,TCD,SEN,2710
637397,215,191,911,2014,21314072.0,5457648.0,-0.524103,-0.537643,TGO,SEN,2710
637398,216,191,911,2014,108176.0,0.0,0.977094,1.41283,THA,SEN,2710
637399,223,191,911,2014,173586.0,0.0,0.343449,1.118007,TUN,SEN,2710
637400,224,191,911,2014,651140.0,0.0,0.554761,2.385693,TUR,SEN,2710
637401,226,191,911,2014,0.0,5641.0,-1.054331,0.166345,TZA,SEN,2710
637402,231,191,911,2014,25065.0,0.0,1.61227,0.068905,USA,SEN,2710
637403,236,191,911,2014,13671371.0,0.0,-0.582086,-1.081727,VEN,SEN,2710
637404,246,191,911,2014,6256520.0,36494.0,0.282927,1.723214,ZAF,SEN,2710
637405,247,191,911,2014,0.0,1319.0,-0.664089,-0.793452,ZMB,SEN,2710
637406,250,191,911,2014,8233612.0,227599248.0,0.506842,0.049545,ANS,SEN,2710
637407,0,192,911,2014,78251280.0,0.0,0.779539,-0.32255700000000004,ABW,SGP,2710
637408,2,192,911,2014,0.0,468550144.0,-1.8184900000000002,-1.149191,AGO,SGP,2710
637409,7,192,911,2014,1940259456.0,91048040.0,0.087775,-0.289459,ARE,SGP,2710
637410,8,192,911,2014,69051984.0,87107448.0,0.10691500000000001,0.44860600000000006,ARG,SGP,2710
637411,9,192,911,2014,0.0,8868.0,-0.198322,-0.5918680000000001,ARM,SGP,2710
637412,10,192,911,2014,0.0,60711608.0,0.795219,-0.217498,ASM,SGP,2710
637413,12,192,911,2014,0.0,4491302.0,0.8714149999999999,-0.652,ATF,SGP,2710
637414,14,192,911,2014,465220544.0,7037379072.0,-0.398273,-0.17128,AUS,SGP,2710
637415,15,192,911,2014,25394.0,1202.0,1.7116790000000002,-0.140232,AUT,SGP,2710
637416,16,192,911,2014,9291889.0,666643.0,-0.909508,-1.165158,AZE,SGP,2710
637417,17,192,911,2014,0.0,54727.0,-0.242256,-0.8567879999999999,BDI,SGP,2710
637418,18,192,911,2014,150583600.0,18439722.0,1.234156,1.226441,BEL,SGP,2710
637419,19,192,911,2014,0.0,161285.0,-0.342225,-0.618789,BEN,SGP,2710
637420,21,192,911,2014,0.0,23197.0,-0.922401,-0.9554379999999999,BFA,SGP,2710
637421,22,192,911,2014,0.0,1504993664.0,-1.0341879999999999,-0.9614870000000001,BGD,SGP,2710
637422,23,192,911,2014,337266240.0,0.0,0.579058,1.6558110000000001,BGR,SGP,2710
637423,24,192,911,2014,83883168.0,853321.0,0.460168,-0.41671099999999994,BHR,SGP,2710
637424,25,192,911,2014,85523976.0,0.0,0.314465,-0.60458,BHS,SGP,2710
637425,28,192,911,2014,141951504.0,61317.0,0.874108,0.676231,BLR,SGP,2710
637426,31,192,911,2014,0.0,23743948.0,-1.129494,-1.030198,BOL,SGP,2710
637427,32,192,911,2014,783867584.0,20350152.0,0.218223,0.556921,BRA,SGP,2710
637428,33,192,911,2014,0.0,5499.0,0.44968400000000003,-0.15268900000000002,BRB,SGP,2710
637429,34,192,911,2014,2840.0,17387632.0,0.191357,-0.683567,BRN,SGP,2710
637430,37,192,911,2014,0.0,33852.0,-0.60221,-1.104578,BWA,SGP,2710
637431,39,192,911,2014,2725538.0,33602020.0,0.671395,1.024683,CAN,SGP,2710
637432,41,192,911,2014,42160932.0,2641.0,2.2000919999999997,0.65398,CHE,SGP,2710
637433,42,192,911,2014,1636.0,74061.0,-0.344671,-0.43380799999999997,CHL,SGP,2710
637434,43,192,911,2014,3979320832.0,3390723328.0,1.187557,1.222085,CHN,SGP,2710
637435,44,192,911,2014,235640.0,252162.0,-0.737625,-0.768728,CIV,SGP,2710
637436,45,192,911,2014,2366568.0,248576.0,-0.6723520000000001,-0.945084,CMR,SGP,2710
637437,46,192,911,2014,0.0,106471.0,-1.6680240000000002,-1.1265129999999999,COD,SGP,2710
637438,47,192,911,2014,0.0,61882.0,-1.371624,-1.12468,COG,SGP,2710
637439,48,192,911,2014,0.0,5445.0,0.151329,-0.693285,COK,SGP,2710
637440,49,192,911,2014,222466112.0,389759.0,0.19864500000000002,-0.378364,COL,SGP,2710
637441,50,192,911,2014,0.0,20035.0,-0.19200699999999998,-0.761303,COM,SGP,2710
637442,55,192,911,2014,44575628.0,182949120.0,-0.00902,-0.683643,CUW,SGP,2710
637443,56,192,911,2014,0.0,23170.0,0.738877,-0.520547,CXR,SGP,2710
637444,58,192,911,2014,4156934.0,0.0,0.627467,0.483725,CYP,SGP,2710
637445,59,192,911,2014,35088.0,7602.0,1.8105830000000003,0.131131,CZE,SGP,2710
637446,61,192,911,2014,27073758.0,620460.0,2.052849,-2.888805,DEU,SGP,2710
637447,62,192,911,2014,0.0,39889.0,-0.394602,-0.74178,DJI,SGP,2710
637448,64,192,911,2014,25702738.0,2586.0,1.10869,1.245193,DNK,SGP,2710
637449,66,192,911,2014,20847036.0,25119936.0,-1.5554649999999999,-1.1657030000000002,DZA,SGP,2710
637450,67,192,911,2014,0.0,87638.0,-1.066865,-1.052921,ECU,SGP,2710
637451,68,192,911,2014,33773148.0,644909.0,-0.086866,1.7419669999999998,EGY,SGP,2710
637452,71,192,911,2014,312552960.0,6422671.0,0.842147,2.45692,ESP,SGP,2710
637453,72,192,911,2014,0.0,913.0,0.9147780000000001,1.151556,EST,SGP,2710
637454,73,192,911,2014,0.0,625049.0,-1.296535,-1.045942,ETH,SGP,2710
637455,74,192,911,2014,32623.0,1820393.0,1.626355,1.002923,FIN,SGP,2710
637456,75,192,911,2014,2330462.0,357707360.0,-0.306346,-0.07688500000000001,FJI,SGP,2710
637457,77,192,911,2014,96396928.0,609585344.0,1.4817790000000002,0.30995,FRA,SGP,2710
637458,79,192,911,2014,0.0,687394.0,-0.32643099999999997,-0.8248049999999999,FSM,SGP,2710
637459,80,192,911,2014,0.0,154971.0,-1.625474,-1.135973,GAB,SGP,2710
637460,81,192,911,2014,29253124.0,285398368.0,1.697964,0.585372,GBR,SGP,2710
637461,82,192,911,2014,0.0,165384.0,-0.254106,-0.646584,GEO,SGP,2710
637462,83,192,911,2014,0.0,593009.0,-1.130226,-0.9909379999999999,GHA,SGP,2710
637463,85,192,911,2014,0.0,2023001.0,-1.628409,-1.202473,GIN,SGP,2710
637464,89,192,911,2014,0.0,606016.0,-2.043516,-0.844701,GNQ,SGP,2710
637465,90,192,911,2014,265997248.0,0.0,0.149337,0.8560540000000001,GRC,SGP,2710
637466,93,192,911,2014,1059804.0,0.0,-0.36547199999999996,0.548894,GTM,SGP,2710
637467,95,192,911,2014,0.0,315608064.0,0.6368119999999999,-0.01771,GUM,SGP,2710
637468,97,192,911,2014,19397664.0,3147140096.0,0.812132,1.722493,HKG,SGP,2710
637469,102,192,911,2014,14065.0,0.0,1.477093,0.812869,HUN,SGP,2710
637470,103,192,911,2014,706405056.0,14111706112.0,-0.088032,1.3966459999999998,IDN,SGP,2710
637471,104,192,911,2014,4934705664.0,567621120.0,0.262042,2.6305080000000003,IND,SGP,2710
637472,106,192,911,2014,4813.0,0.0,1.2658399999999999,0.278546,IRL,SGP,2710
637473,107,192,911,2014,0.0,5874080.0,-0.361058,-0.312743,IRN,SGP,2710
637474,108,192,911,2014,94438256.0,162612.0,-2.9169,-0.882023,IRQ,SGP,2710
637475,109,192,911,2014,203559.0,0.0,0.127891,-0.302014,ISL,SGP,2710
637476,110,192,911,2014,2802268.0,688474.0,1.211141,0.64523,ISR,SGP,2710
637477,111,192,911,2014,265165232.0,37387924.0,1.340136,0.43931099999999995,ITA,SGP,2710
637478,112,192,911,2014,0.0,6127.0,-0.42745299999999997,-0.7750130000000001,JAM,SGP,2710
637479,113,192,911,2014,0.0,57961336.0,0.210208,0.48732299999999995,JOR,SGP,2710
637480,114,192,911,2014,2945733120.0,173020448.0,2.403165,-0.635024,JPN,SGP,2710
637481,115,192,911,2014,0.0,716865.0,-0.210431,-0.574075,KAZ,SGP,2710
637482,116,192,911,2014,0.0,72352336.0,-0.487058,0.307288,KEN,SGP,2710
637483,117,192,911,2014,0.0,619406.0,-0.31942600000000004,-0.012454,KGZ,SGP,2710
637484,118,192,911,2014,0.0,336536544.0,-0.84072,-0.8307040000000001,KHM,SGP,2710
637485,119,192,911,2014,0.0,165800.0,0.708907,-0.540813,KIR,SGP,2710
637486,121,192,911,2014,10336707584.0,1829679488.0,1.817145,0.8394530000000001,KOR,SGP,2710
637487,122,192,911,2014,817185216.0,2070248.0,-0.769616,-1.10667,KWT,SGP,2710
637488,123,192,911,2014,7639.0,24817.0,-1.054294,-0.869916,LAO,SGP,2710
637489,124,192,911,2014,0.0,374111.0,0.308677,1.7564490000000001,LBN,SGP,2710
637490,125,192,911,2014,0.0,100996.0,-1.016828,-1.107983,LBR,SGP,2710
637491,126,192,911,2014,0.0,5138.0,-1.5943829999999999,-1.189961,LBY,SGP,2710
637492,128,192,911,2014,12929252.0,966968384.0,-0.49366899999999997,0.338686,LKA,SGP,2710
637493,130,192,911,2014,13803519.0,77992.0,0.764495,1.3451540000000002,LTU,SGP,2710
637494,131,192,911,2014,3222.0,0.0,1.243845,1.155474,LUX,SGP,2710
637495,132,192,911,2014,544123.0,0.0,0.613116,1.1899790000000001,LVA,SGP,2710
637496,133,192,911,2014,0.0,80481.0,0.704535,0.5856140000000001,MAC,SGP,2710
637497,134,192,911,2014,10904228.0,247559.0,-0.574034,0.065788,MAR,SGP,2710
637498,135,192,911,2014,0.0,27589.0,-0.10438199999999999,-0.093194,MDA,SGP,2710
637499,136,192,911,2014,145278.0,331993.0,-1.002122,-0.44446,MDG,SGP,2710
637500,137,192,911,2014,0.0,80672928.0,-0.43265299999999995,-0.82696,MDV,SGP,2710
637501,138,192,911,2014,1111403008.0,1112787.0,1.0799729999999998,0.697554,MEX,SGP,2710
637502,139,192,911,2014,0.0,595360.0,-0.22505,-0.803084,MHL,SGP,2710
637503,142,192,911,2014,5719094.0,19556620.0,0.817013,0.0016309999999999999,MLT,SGP,2710
637504,143,192,911,2014,1880.0,879325504.0,-1.5332459999999999,-1.145973,MMR,SGP,2710
637505,145,192,911,2014,0.0,10562905.0,-1.425524,-1.161949,MNG,SGP,2710
637506,146,192,911,2014,0.0,3090303.0,1.1877790000000001,-0.300664,MNP,SGP,2710
637507,147,192,911,2014,0.0,48370912.0,-1.1993610000000001,-1.040181,MOZ,SGP,2710
637508,148,192,911,2014,0.0,266172.0,-1.458551,-1.225373,MRT,SGP,2710
637509,151,192,911,2014,0.0,7251186.0,-0.029891,-0.12431099999999999,MUS,SGP,2710
637510,153,192,911,2014,8267183616.0,13732155392.0,1.018138,0.774649,MYS,SGP,2710
637511,155,192,911,2014,1075398.0,35803112.0,-0.428227,-0.5632229999999999,NAM,SGP,2710
637512,156,192,911,2014,1001.0,397876128.0,-0.509789,-0.767484,NCL,SGP,2710
637513,157,192,911,2014,0.0,54089.0,-0.7187,-0.80918,NER,SGP,2710
637514,159,192,911,2014,0.0,54791420.0,-1.2126430000000001,-1.059697,NGA,SGP,2710
637515,162,192,911,2014,1741164288.0,57619084.0,1.179325,1.355071,NLD,SGP,2710
637516,163,192,911,2014,385016960.0,3605.0,0.9187049999999999,0.182685,NOR,SGP,2710
637517,164,192,911,2014,0.0,788619.0,-0.11988199999999999,0.655883,NPL,SGP,2710
637518,165,192,911,2014,0.0,119471.0,1.215503,-0.37847,NRU,SGP,2710
637519,166,192,911,2014,41239268.0,915422016.0,0.272502,0.21628699999999998,NZL,SGP,2710
637520,167,192,911,2014,38920504.0,11805746.0,-0.505129,-1.0051370000000002,OMN,SGP,2710
637521,168,192,911,2014,20578146.0,456237344.0,-0.672924,0.566787,PAK,SGP,2710
637522,173,192,911,2014,6189720.0,531596.0,-0.557833,0.611826,PER,SGP,2710
637523,174,192,911,2014,271144704.0,853500480.0,0.637442,0.475883,PHL,SGP,2710
637524,175,192,911,2014,0.0,210050.0,0.38879600000000003,-0.532062,PLW,SGP,2710
637525,176,192,911,2014,0.0,416733248.0,-1.564904,-1.146255,PNG,SGP,2710
637526,177,192,911,2014,7994388.0,32254.0,1.133102,1.177165,POL,SGP,2710
637527,178,192,911,2014,0.0,251521.0,-0.23883000000000001,-0.009727,PRK,SGP,2710
637528,179,192,911,2014,60954.0,0.0,0.621053,2.349644,PRT,SGP,2710
637529,180,192,911,2014,0.0,3681908.0,-0.608509,-0.930679,PRY,SGP,2710
637530,182,192,911,2014,0.0,287956192.0,0.008831,-0.6268279999999999,PYF,SGP,2710
637531,183,192,911,2014,617170688.0,561845.0,-0.37535599999999997,-1.0196370000000001,QAT,SGP,2710
637532,185,192,911,2014,63667.0,985.0,0.9112,1.188161,ROU,SGP,2710
637533,186,192,911,2014,4244081920.0,6842660.0,0.229422,-0.214856,RUS,SGP,2710
637534,187,192,911,2014,0.0,155044.0,-0.5692659999999999,-0.447859,RWA,SGP,2710
637535,188,192,911,2014,2301882368.0,44804044.0,0.5758439999999999,-0.832692,SAU,SGP,2710
637536,190,192,911,2014,0.0,339640.0,-1.442381,-1.1155030000000001,SDN,SGP,2710
637537,191,192,911,2014,0.0,9453078.0,-0.502607,-0.08866,SEN,SGP,2710
637538,195,192,911,2014,591.0,63957932.0,-0.862089,-0.9075840000000001,SLB,SGP,2710
637539,196,192,911,2014,0.0,6007.0,-0.9228569999999999,-0.791482,SLE,SGP,2710
637540,206,192,911,2014,0.0,5521.0,1.334959,0.821253,SVK,SGP,2710
637541,208,192,911,2014,16153789.0,25413.0,1.817752,0.558474,SWE,SGP,2710
637542,209,192,911,2014,0.0,818729.0,0.22972199999999998,-0.365564,SWZ,SGP,2710
637543,211,192,911,2014,0.0,651623.0,0.358111,-0.484879,SYC,SGP,2710
637544,215,192,911,2014,0.0,160360256.0,-0.524103,-0.537643,TGO,SGP,2710
637545,216,192,911,2014,2560193280.0,1120562432.0,0.977094,1.41283,THA,SGP,2710
637546,217,192,911,2014,0.0,116236.0,-0.706823,-0.993756,TJK,SGP,2710
637547,219,192,911,2014,0.0,342732.0,-1.217897,-1.184131,TKM,SGP,2710
637548,220,192,911,2014,0.0,39938524.0,-1.365212,-0.896716,TLS,SGP,2710
637549,221,192,911,2014,0.0,89724.0,-0.11129100000000001,-0.523176,TON,SGP,2710
637550,222,192,911,2014,535783.0,2467.0,-0.57362,-1.117545,TTO,SGP,2710
637551,223,192,911,2014,1013331.0,2098208.0,0.343449,1.118007,TUN,SGP,2710
637552,224,192,911,2014,92600928.0,4106617.0,0.554761,2.385693,TUR,SGP,2710
637553,226,192,911,2014,0.0,12400685.0,-1.054331,0.166345,TZA,SGP,2710
637554,227,192,911,2014,0.0,10148132.0,-0.46911800000000003,0.25446599999999997,UGA,SGP,2710
637555,228,192,911,2014,4157463.0,20008.0,0.566535,0.832267,UKR,SGP,2710
637556,230,192,911,2014,0.0,154199.0,0.154034,-0.380899,URY,SGP,2710
637557,231,192,911,2014,3709240320.0,164965536.0,1.61227,0.068905,USA,SGP,2710
637558,236,192,911,2014,3363653632.0,0.0,-0.582086,-1.081727,VEN,SGP,2710
637559,239,192,911,2014,27809972.0,2356940288.0,-0.023765,1.344416,VNM,SGP,2710
637560,240,192,911,2014,909470.0,38047788.0,-1.21245,-0.941493,VUT,SGP,2710
637561,241,192,911,2014,0.0,124469.0,1.0165819999999999,-0.481415,WLF,SGP,2710
637562,242,192,911,2014,0.0,16576601.0,0.602344,-0.051224,WSM,SGP,2710
637563,243,192,911,2014,0.0,33927736.0,-1.2829190000000001,-1.227373,YEM,SGP,2710
637564,246,192,911,2014,147692864.0,959053568.0,0.282927,1.723214,ZAF,SGP,2710
637565,247,192,911,2014,0.0,5787616.0,-0.664089,-0.793452,ZMB,SGP,2710
637566,248,192,911,2014,0.0,178279456.0,-0.821369,-0.864232,ZWE,SGP,2710
637567,249,192,911,2014,3495824128.0,547898176.0,1.9044189999999999,1.0595139999999998,TWN,SGP,2710
637568,0,197,911,2014,22576152.0,0.0,0.779539,-0.32255700000000004,ABW,SLV,2710
637569,14,197,911,2014,20914.0,0.0,-0.398273,-0.17128,AUS,SLV,2710
637570,15,197,911,2014,2165.0,0.0,1.7116790000000002,-0.140232,AUT,SLV,2710
637571,18,197,911,2014,29340.0,0.0,1.234156,1.226441,BEL,SLV,2710
637572,29,197,911,2014,969.0,2139914.0,-0.324446,-0.552126,BLZ,SLV,2710
637573,32,197,911,2014,39530.0,0.0,0.218223,0.556921,BRA,SLV,2710
637574,39,197,911,2014,53910.0,0.0,0.671395,1.024683,CAN,SLV,2710
637575,43,197,911,2014,15653.0,0.0,1.187557,1.222085,CHN,SLV,2710
637576,49,197,911,2014,6830140.0,0.0,0.19864500000000002,-0.378364,COL,SLV,2710
637577,52,197,911,2014,3578.0,2156150.0,0.065938,-0.687971,CRI,SLV,2710
637578,55,197,911,2014,67028020.0,0.0,-0.00902,-0.683643,CUW,SLV,2710
637579,61,197,911,2014,108344.0,0.0,2.052849,-2.888805,DEU,SLV,2710
637580,64,197,911,2014,8028.0,0.0,1.10869,1.245193,DNK,SLV,2710
637581,65,197,911,2014,0.0,5332591.0,-0.180845,0.508512,DOM,SLV,2710
637582,67,197,911,2014,31535026.0,0.0,-1.066865,-1.052921,ECU,SLV,2710
637583,71,197,911,2014,751744.0,10084050.0,0.842147,2.45692,ESP,SLV,2710
637584,77,197,911,2014,382963.0,0.0,1.4817790000000002,0.30995,FRA,SLV,2710
637585,81,197,911,2014,37362.0,0.0,1.697964,0.585372,GBR,SLV,2710
637586,93,197,911,2014,71220880.0,13932342.0,-0.36547199999999996,0.548894,GTM,SLV,2710
637587,97,197,911,2014,90294.0,0.0,0.812132,1.722493,HKG,SLV,2710
637588,99,197,911,2014,5494.0,6782600.0,-0.467004,0.045511,HND,SLV,2710
637589,101,197,911,2014,0.0,1038731.0,-1.10887,-1.032108,HTI,SLV,2710
637590,104,197,911,2014,79593.0,0.0,0.262042,2.6305080000000003,IND,SLV,2710
637591,110,197,911,2014,14870.0,0.0,1.211141,0.64523,ISR,SLV,2710
637592,111,197,911,2014,341494.0,0.0,1.340136,0.43931099999999995,ITA,SLV,2710
637593,112,197,911,2014,0.0,2317227.0,-0.42745299999999997,-0.7750130000000001,JAM,SLV,2710
637594,114,197,911,2014,12711.0,0.0,2.403165,-0.635024,JPN,SLV,2710
637595,121,197,911,2014,2687807.0,0.0,1.817145,0.8394530000000001,KOR,SLV,2710
637596,138,197,911,2014,3391412.0,367159.0,1.0799729999999998,0.697554,MEX,SLV,2710
637597,160,197,911,2014,2342487.0,5186928.0,-0.938269,-0.839066,NIC,SLV,2710
637598,162,197,911,2014,3666.0,0.0,1.179325,1.355071,NLD,SLV,2710
637599,169,197,911,2014,14783559.0,4749165.0,0.771742,0.9873190000000001,PAN,SLV,2710
637600,173,197,911,2014,31490932.0,0.0,-0.557833,0.611826,PER,SLV,2710
637601,179,197,911,2014,4909.0,0.0,0.621053,2.349644,PRT,SLV,2710
637602,186,197,911,2014,296363.0,0.0,0.229422,-0.214856,RUS,SLV,2710
637603,208,197,911,2014,21089.0,0.0,1.817752,0.558474,SWE,SLV,2710
637604,216,197,911,2014,892.0,0.0,0.977094,1.41283,THA,SLV,2710
637605,222,197,911,2014,44250676.0,0.0,-0.57362,-1.117545,TTO,SLV,2710
637606,231,197,911,2014,759438784.0,1156777.0,1.61227,0.068905,USA,SLV,2710
637607,236,197,911,2014,160199680.0,28629.0,-0.582086,-1.081727,VEN,SLV,2710
637608,239,197,911,2014,0.0,215388.0,-0.023765,1.344416,VNM,SLV,2710
637609,249,197,911,2014,49101.0,0.0,1.9044189999999999,1.0595139999999998,TWN,SLV,2710
637610,0,205,911,2014,3030.0,0.0,0.779539,-0.32255700000000004,ABW,SUR,2710
637611,7,205,911,2014,50647.0,0.0,0.087775,-0.289459,ARE,SUR,2710
637612,8,205,911,2014,1057011.0,0.0,0.10691500000000001,0.44860600000000006,ARG,SUR,2710
637613,13,205,911,2014,29013010.0,0.0,0.169764,-0.621576,ATG,SUR,2710
637614,18,205,911,2014,161297.0,0.0,1.234156,1.226441,BEL,SUR,2710
637615,25,205,911,2014,2900454.0,0.0,0.314465,-0.60458,BHS,SUR,2710
637616,32,205,911,2014,187061.0,0.0,0.218223,0.556921,BRA,SUR,2710
637617,33,205,911,2014,0.0,30520988.0,0.44968400000000003,-0.15268900000000002,BRB,SUR,2710
637618,39,205,911,2014,2375.0,0.0,0.671395,1.024683,CAN,SUR,2710
637619,43,205,911,2014,23353.0,0.0,1.187557,1.222085,CHN,SUR,2710
637620,49,205,911,2014,61192.0,0.0,0.19864500000000002,-0.378364,COL,SUR,2710
637621,55,205,911,2014,93821640.0,43360.0,-0.00902,-0.683643,CUW,SUR,2710
637622,59,205,911,2014,16941.0,0.0,1.8105830000000003,0.131131,CZE,SUR,2710
637623,61,205,911,2014,339388.0,0.0,2.052849,-2.888805,DEU,SUR,2710
637624,65,205,911,2014,629197.0,0.0,-0.180845,0.508512,DOM,SUR,2710
637625,77,205,911,2014,13855.0,16967752.0,1.4817790000000002,0.30995,FRA,SUR,2710
637626,81,205,911,2014,1560.0,0.0,1.697964,0.585372,GBR,SUR,2710
637627,96,205,911,2014,417390.0,99476536.0,-1.068777,-1.038227,GUY,SUR,2710
637628,102,205,911,2014,137658.0,0.0,1.477093,0.812869,HUN,SUR,2710
637629,103,205,911,2014,11574.0,0.0,-0.088032,1.3966459999999998,IDN,SUR,2710
637630,104,205,911,2014,27290.0,0.0,0.262042,2.6305080000000003,IND,SUR,2710
637631,114,205,911,2014,29409.0,0.0,2.403165,-0.635024,JPN,SUR,2710
637632,121,205,911,2014,954.0,0.0,1.817145,0.8394530000000001,KOR,SUR,2710
637633,127,205,911,2014,112613552.0,1114533.0,0.29035500000000003,-0.603541,LCA,SUR,2710
637634,138,205,911,2014,16604.0,0.0,1.0799729999999998,0.697554,MEX,SUR,2710
637635,153,205,911,2014,39733.0,0.0,1.018138,0.774649,MYS,SUR,2710
637636,155,205,911,2014,46021.0,0.0,-0.428227,-0.5632229999999999,NAM,SUR,2710
637637,162,205,911,2014,126532.0,1540.0,1.179325,1.355071,NLD,SUR,2710
637638,169,205,911,2014,19175.0,11820.0,0.771742,0.9873190000000001,PAN,SUR,2710
637639,178,205,911,2014,16176.0,0.0,-0.23883000000000001,-0.009727,PRK,SUR,2710
637640,188,205,911,2014,0.0,36068.0,0.5758439999999999,-0.832692,SAU,SUR,2710
637641,222,205,911,2014,82983056.0,14816681.0,-0.57362,-1.117545,TTO,SUR,2710
637642,224,205,911,2014,6190.0,0.0,0.554761,2.385693,TUR,SUR,2710
637643,231,205,911,2014,17967702.0,174771616.0,1.61227,0.068905,USA,SUR,2710
637644,236,205,911,2014,12299618.0,0.0,-0.582086,-1.081727,VEN,SUR,2710
637645,249,205,911,2014,1864.0,0.0,1.9044189999999999,1.0595139999999998,TWN,SUR,2710
637646,4,206,911,2014,0.0,42702.0,-0.476024,-0.33978400000000003,ALB,SVK,2710
637647,8,206,911,2014,0.0,6306.0,0.10691500000000001,0.44860600000000006,ARG,SVK,2710
637648,15,206,911,2014,270102848.0,876203904.0,1.7116790000000002,-0.140232,AUT,SVK,2710
637649,16,206,911,2014,0.0,13655.0,-0.909508,-1.165158,AZE,SVK,2710
637650,18,206,911,2014,15280484.0,3064892.0,1.234156,1.226441,BEL,SVK,2710
637651,23,206,911,2014,371695.0,4333106.0,0.579058,1.6558110000000001,BGR,SVK,2710
637652,26,206,911,2014,738562.0,63611.0,0.5083300000000001,0.711704,BIH,SVK,2710
637653,28,206,911,2014,3255617.0,153730.0,0.874108,0.676231,BLR,SVK,2710
637654,39,206,911,2014,164822.0,5503.0,0.671395,1.024683,CAN,SVK,2710
637655,41,206,911,2014,83878.0,0.0,2.2000919999999997,0.65398,CHE,SVK,2710
637656,43,206,911,2014,10058.0,5629.0,1.187557,1.222085,CHN,SVK,2710
637657,45,206,911,2014,0.0,5695.0,-0.6723520000000001,-0.945084,CMR,SVK,2710
637658,58,206,911,2014,0.0,245362.0,0.627467,0.483725,CYP,SVK,2710
637659,59,206,911,2014,479551232.0,1004417408.0,1.8105830000000003,0.131131,CZE,SVK,2710
637660,61,206,911,2014,54856644.0,89307392.0,2.052849,-2.888805,DEU,SVK,2710
637661,64,206,911,2014,14211.0,17637.0,1.10869,1.245193,DNK,SVK,2710
637662,66,206,911,2014,0.0,2020.0,-1.5554649999999999,-1.1657030000000002,DZA,SVK,2710
637663,68,206,911,2014,0.0,11563.0,-0.086866,1.7419669999999998,EGY,SVK,2710
637664,71,206,911,2014,672049.0,1007083.0,0.842147,2.45692,ESP,SVK,2710
637665,72,206,911,2014,0.0,1689.0,0.9147780000000001,1.151556,EST,SVK,2710
637666,74,206,911,2014,15025.0,7760.0,1.626355,1.002923,FIN,SVK,2710
637667,77,206,911,2014,10026069.0,397033.0,1.4817790000000002,0.30995,FRA,SVK,2710
637668,81,206,911,2014,976858.0,87800.0,1.697964,0.585372,GBR,SVK,2710
637669,82,206,911,2014,0.0,2360.0,-0.254106,-0.646584,GEO,SVK,2710
637670,90,206,911,2014,46097.0,68663.0,0.149337,0.8560540000000001,GRC,SVK,2710
637671,97,206,911,2014,0.0,7664.0,0.812132,1.722493,HKG,SVK,2710
637672,100,206,911,2014,3666250.0,20698166.0,0.804401,1.250807,HRV,SVK,2710
637673,102,206,911,2014,128296456.0,612704448.0,1.477093,0.812869,HUN,SVK,2710
637674,104,206,911,2014,19070.0,0.0,0.262042,2.6305080000000003,IND,SVK,2710
637675,106,206,911,2014,1235.0,0.0,1.2658399999999999,0.278546,IRL,SVK,2710
637676,109,206,911,2014,87738.0,0.0,0.127891,-0.302014,ISL,SVK,2710
637677,111,206,911,2014,5226980.0,103626.0,1.340136,0.43931099999999995,ITA,SVK,2710
637678,114,206,911,2014,59957.0,2130.0,2.403165,-0.635024,JPN,SVK,2710
637679,115,206,911,2014,0.0,6348.0,-0.210431,-0.574075,KAZ,SVK,2710
637680,121,206,911,2014,685464.0,7440.0,1.817145,0.8394530000000001,KOR,SVK,2710
637681,122,206,911,2014,0.0,3841.0,-0.769616,-1.10667,KWT,SVK,2710
637682,124,206,911,2014,0.0,21929.0,0.308677,1.7564490000000001,LBN,SVK,2710
637683,130,206,911,2014,4172588.0,2146920.0,0.764495,1.3451540000000002,LTU,SVK,2710
637684,132,206,911,2014,4436273.0,0.0,0.613116,1.1899790000000001,LVA,SVK,2710
637685,140,206,911,2014,0.0,426286.0,-0.039799,-0.05545,MKD,SVK,2710
637686,159,206,911,2014,0.0,20149.0,-1.2126430000000001,-1.059697,NGA,SVK,2710
637687,162,206,911,2014,1264686.0,34395612.0,1.179325,1.355071,NLD,SVK,2710
637688,163,206,911,2014,0.0,1982.0,0.9187049999999999,0.182685,NOR,SVK,2710
637689,173,206,911,2014,0.0,10005.0,-0.557833,0.611826,PER,SVK,2710
637690,175,206,911,2014,0.0,4078267.0,0.38879600000000003,-0.532062,PLW,SVK,2710
637691,177,206,911,2014,18421894.0,262946080.0,1.133102,1.177165,POL,SVK,2710
637692,179,206,911,2014,7105.0,0.0,0.621053,2.349644,PRT,SVK,2710
637693,183,206,911,2014,0.0,654.0,-0.37535599999999997,-1.0196370000000001,QAT,SVK,2710
637694,185,206,911,2014,66445196.0,13861211.0,0.9112,1.188161,ROU,SVK,2710
637695,186,206,911,2014,571971.0,502854.0,0.229422,-0.214856,RUS,SVK,2710
637696,191,206,911,2014,0.0,2643.0,-0.502607,-0.08866,SEN,SVK,2710
637697,192,206,911,2014,5521.0,0.0,1.867492,0.626736,SGP,SVK,2710
637698,201,206,911,2014,120897.0,206176.0,0.551635,1.211535,SRB,SVK,2710
637699,207,206,911,2014,21774314.0,724228.0,1.6558669999999998,0.6814399999999999,SVN,SVK,2710
637700,208,206,911,2014,58021.0,110012.0,1.817752,0.558474,SWE,SVK,2710
637701,223,206,911,2014,0.0,6087242.0,0.343449,1.118007,TUN,SVK,2710
637702,224,206,911,2014,8161.0,0.0,0.554761,2.385693,TUR,SVK,2710
637703,228,206,911,2014,8052.0,9342.0,0.566535,0.832267,UKR,SVK,2710
637704,231,206,911,2014,82427.0,2087.0,1.61227,0.068905,USA,SVK,2710
637705,237,206,911,2014,7333744.0,0.0,0.484282,-0.082974,VGB,SVK,2710
637706,246,206,911,2014,0.0,10245.0,0.282927,1.723214,ZAF,SVK,2710
637707,250,206,911,2014,248747936.0,0.0,0.506842,0.049545,ANS,SVK,2710
637708,4,207,911,2014,305941.0,97172.0,-0.476024,-0.33978400000000003,ALB,SVN,2710
637709,14,207,911,2014,166360.0,112901.0,-0.398273,-0.17128,AUS,SVN,2710
637710,15,207,911,2014,216307024.0,382775168.0,1.7116790000000002,-0.140232,AUT,SVN,2710
637711,18,207,911,2014,9525343.0,423424.0,1.234156,1.226441,BEL,SVN,2710
637712,23,207,911,2014,3663662.0,4810142.0,0.579058,1.6558110000000001,BGR,SVN,2710
637713,26,207,911,2014,1495521.0,45605588.0,0.5083300000000001,0.711704,BIH,SVN,2710
637714,28,207,911,2014,10138.0,18550.0,0.874108,0.676231,BLR,SVN,2710
637715,39,207,911,2014,24383.0,0.0,0.671395,1.024683,CAN,SVN,2710
637716,41,207,911,2014,2389425.0,2709.0,2.2000919999999997,0.65398,CHE,SVN,2710
637717,43,207,911,2014,118655.0,0.0,1.187557,1.222085,CHN,SVN,2710
637718,49,207,911,2014,0.0,37013.0,0.19864500000000002,-0.378364,COL,SVN,2710
637719,58,207,911,2014,0.0,8388034.0,0.627467,0.483725,CYP,SVN,2710
637720,59,207,911,2014,844448.0,12550455.0,1.8105830000000003,0.131131,CZE,SVN,2710
637721,61,207,911,2014,23389996.0,91285608.0,2.052849,-2.888805,DEU,SVN,2710
637722,64,207,911,2014,2634.0,5579.0,1.10869,1.245193,DNK,SVN,2710
637723,66,207,911,2014,31715420.0,0.0,-1.5554649999999999,-1.1657030000000002,DZA,SVN,2710
637724,68,207,911,2014,20880798.0,0.0,-0.086866,1.7419669999999998,EGY,SVN,2710
637725,71,207,911,2014,125234112.0,1265648.0,0.842147,2.45692,ESP,SVN,2710
637726,72,207,911,2014,46621.0,14200.0,0.9147780000000001,1.151556,EST,SVN,2710
637727,74,207,911,2014,50386.0,506507.0,1.626355,1.002923,FIN,SVN,2710
637728,77,207,911,2014,5286436.0,1501612.0,1.4817790000000002,0.30995,FRA,SVN,2710
637729,81,207,911,2014,110480.0,518195.0,1.697964,0.585372,GBR,SVN,2710
637730,90,207,911,2014,47279864.0,3510723.0,0.149337,0.8560540000000001,GRC,SVN,2710
637731,93,207,911,2014,0.0,1329.0,-0.36547199999999996,0.548894,GTM,SVN,2710
637732,100,207,911,2014,130222208.0,264387536.0,0.804401,1.250807,HRV,SVN,2710
637733,102,207,911,2014,152429664.0,95988480.0,1.477093,0.812869,HUN,SVN,2710
637734,104,207,911,2014,351230.0,806.0,0.262042,2.6305080000000003,IND,SVN,2710
637735,107,207,911,2014,0.0,64895.0,-0.361058,-0.312743,IRN,SVN,2710
637736,109,207,911,2014,17362.0,0.0,0.127891,-0.302014,ISL,SVN,2710
637737,110,207,911,2014,31031390.0,3022.0,1.211141,0.64523,ISR,SVN,2710
637738,111,207,911,2014,1138013056.0,170437120.0,1.340136,0.43931099999999995,ITA,SVN,2710
637739,114,207,911,2014,32017.0,0.0,2.403165,-0.635024,JPN,SVN,2710
637740,115,207,911,2014,0.0,1957.0,-0.210431,-0.574075,KAZ,SVN,2710
637741,117,207,911,2014,0.0,3574.0,-0.31942600000000004,-0.012454,KGZ,SVN,2710
637742,121,207,911,2014,314597.0,0.0,1.817145,0.8394530000000001,KOR,SVN,2710
637743,122,207,911,2014,35279184.0,0.0,-0.769616,-1.10667,KWT,SVN,2710
637744,124,207,911,2014,0.0,410246.0,0.308677,1.7564490000000001,LBN,SVN,2710
637745,130,207,911,2014,24192.0,1858689.0,0.764495,1.3451540000000002,LTU,SVN,2710
637746,131,207,911,2014,49762.0,6269.0,1.243845,1.155474,LUX,SVN,2710
637747,132,207,911,2014,164809.0,12882.0,0.613116,1.1899790000000001,LVA,SVN,2710
637748,134,207,911,2014,0.0,958.0,-0.574034,0.065788,MAR,SVN,2710
637749,140,207,911,2014,1167.0,1892393.0,-0.039799,-0.05545,MKD,SVN,2710
637750,142,207,911,2014,3286392.0,22866.0,0.817013,0.0016309999999999999,MLT,SVN,2710
637751,144,207,911,2014,2090554.0,1556303.0,-0.17039100000000001,-0.21762399999999998,MNE,SVN,2710
637752,153,207,911,2014,0.0,4403.0,1.018138,0.774649,MYS,SVN,2710
637753,157,207,911,2014,45378.0,0.0,-0.7187,-0.80918,NER,SVN,2710
637754,159,207,911,2014,0.0,1330.0,-1.2126430000000001,-1.059697,NGA,SVN,2710
637755,162,207,911,2014,5189502.0,704429.0,1.179325,1.355071,NLD,SVN,2710
637756,163,207,911,2014,8122.0,0.0,0.9187049999999999,0.182685,NOR,SVN,2710
637757,166,207,911,2014,0.0,10639.0,0.272502,0.21628699999999998,NZL,SVN,2710
637758,177,207,911,2014,48868356.0,33237642.0,1.133102,1.177165,POL,SVN,2710
637759,179,207,911,2014,0.0,7732.0,0.621053,2.349644,PRT,SVN,2710
637760,183,207,911,2014,24544822.0,0.0,-0.37535599999999997,-1.0196370000000001,QAT,SVN,2710
637761,185,207,911,2014,779892.0,2440076.0,0.9112,1.188161,ROU,SVN,2710
637762,186,207,911,2014,162217824.0,99616.0,0.229422,-0.214856,RUS,SVN,2710
637763,188,207,911,2014,20172082.0,0.0,0.5758439999999999,-0.832692,SAU,SVN,2710
637764,190,207,911,2014,0.0,11189.0,-1.442381,-1.1155030000000001,SDN,SVN,2710
637765,196,207,911,2014,0.0,2084.0,-0.9228569999999999,-0.791482,SLE,SVN,2710
637766,201,207,911,2014,1502363.0,11054511.0,0.551635,1.211535,SRB,SVN,2710
637767,206,207,911,2014,724228.0,21774314.0,1.334959,0.821253,SVK,SVN,2710
637768,208,207,911,2014,28214.0,133640.0,1.817752,0.558474,SWE,SVN,2710
637769,216,207,911,2014,0.0,992.0,0.977094,1.41283,THA,SVN,2710
637770,219,207,911,2014,0.0,4365.0,-1.217897,-1.184131,TKM,SVN,2710
637771,224,207,911,2014,2042588.0,3068.0,0.554761,2.385693,TUR,SVN,2710
637772,228,207,911,2014,4404.0,10108.0,0.566535,0.832267,UKR,SVN,2710
637773,230,207,911,2014,734.0,0.0,0.154034,-0.380899,URY,SVN,2710
637774,231,207,911,2014,31317024.0,0.0,1.61227,0.068905,USA,SVN,2710
637775,246,207,911,2014,0.0,4150.0,0.282927,1.723214,ZAF,SVN,2710
637776,249,207,911,2014,1451.0,0.0,1.9044189999999999,1.0595139999999998,TWN,SVN,2710
637777,250,207,911,2014,485014720.0,319638.0,0.506842,0.049545,ANS,SVN,2710
637778,2,208,911,2014,0.0,13940.0,-1.8184900000000002,-1.149191,AGO,SWE,2710
637779,4,208,911,2014,0.0,6533.0,-0.476024,-0.33978400000000003,ALB,SWE,2710
637780,7,208,911,2014,573966.0,2804484.0,0.087775,-0.289459,ARE,SWE,2710
637781,8,208,911,2014,0.0,228577.0,0.10691500000000001,0.44860600000000006,ARG,SWE,2710
637782,9,208,911,2014,0.0,41954.0,-0.198322,-0.5918680000000001,ARM,SWE,2710
637783,14,208,911,2014,935.0,680858.0,-0.398273,-0.17128,AUS,SWE,2710
637784,15,208,911,2014,370470.0,5014762.0,1.7116790000000002,-0.140232,AUT,SWE,2710
637785,16,208,911,2014,69102.0,4717.0,-0.909508,-1.165158,AZE,SWE,2710
637786,18,208,911,2014,227769616.0,490969792.0,1.234156,1.226441,BEL,SWE,2710
637787,19,208,911,2014,0.0,610178.0,-0.342225,-0.618789,BEN,SWE,2710
637788,21,208,911,2014,0.0,5173.0,-0.922401,-0.9554379999999999,BFA,SWE,2710
637789,23,208,911,2014,10517409.0,443398.0,0.579058,1.6558110000000001,BGR,SWE,2710
637790,24,208,911,2014,0.0,10344.0,0.460168,-0.41671099999999994,BHR,SWE,2710
637791,26,208,911,2014,171244.0,2476.0,0.5083300000000001,0.711704,BIH,SWE,2710
637792,28,208,911,2014,0.0,389937.0,0.874108,0.676231,BLR,SWE,2710
637793,31,208,911,2014,0.0,7852.0,-1.129494,-1.030198,BOL,SWE,2710
637794,32,208,911,2014,4307.0,3540928.0,0.218223,0.556921,BRA,SWE,2710
637795,33,208,911,2014,0.0,978.0,0.44968400000000003,-0.15268900000000002,BRB,SWE,2710
637796,34,208,911,2014,0.0,574.0,0.191357,-0.683567,BRN,SWE,2710
637797,39,208,911,2014,783492.0,1582837.0,0.671395,1.024683,CAN,SWE,2710
637798,41,208,911,2014,7528140.0,7184692.0,2.2000919999999997,0.65398,CHE,SWE,2710
637799,42,208,911,2014,0.0,126936.0,-0.344671,-0.43380799999999997,CHL,SWE,2710
637800,43,208,911,2014,15858221.0,5536573.0,1.187557,1.222085,CHN,SWE,2710
637801,44,208,911,2014,17991902.0,11797085.0,-0.737625,-0.768728,CIV,SWE,2710
637802,45,208,911,2014,0.0,1809.0,-0.6723520000000001,-0.945084,CMR,SWE,2710
637803,46,208,911,2014,0.0,3952.0,-1.6680240000000002,-1.1265129999999999,COD,SWE,2710
637804,47,208,911,2014,26890698.0,3787.0,-1.371624,-1.12468,COG,SWE,2710
637805,49,208,911,2014,106006.0,312424.0,0.19864500000000002,-0.378364,COL,SWE,2710
637806,52,208,911,2014,0.0,41629.0,0.065938,-0.687971,CRI,SWE,2710
637807,58,208,911,2014,9046.0,30553.0,0.627467,0.483725,CYP,SWE,2710
637808,59,208,911,2014,271772.0,1692838.0,1.8105830000000003,0.131131,CZE,SWE,2710
637809,61,208,911,2014,221558672.0,207237712.0,2.052849,-2.888805,DEU,SWE,2710
637810,62,208,911,2014,0.0,17715.0,-0.394602,-0.74178,DJI,SWE,2710
637811,64,208,911,2014,1272394624.0,799763648.0,1.10869,1.245193,DNK,SWE,2710
637812,65,208,911,2014,0.0,14800.0,-0.180845,0.508512,DOM,SWE,2710
637813,66,208,911,2014,27556348.0,16049.0,-1.5554649999999999,-1.1657030000000002,DZA,SWE,2710
637814,67,208,911,2014,0.0,310908.0,-1.066865,-1.052921,ECU,SWE,2710
637815,68,208,911,2014,0.0,125113.0,-0.086866,1.7419669999999998,EGY,SWE,2710
637816,69,208,911,2014,0.0,194282.0,-2.345215,-1.051413,ERI,SWE,2710
637817,71,208,911,2014,202987.0,307518752.0,0.842147,2.45692,ESP,SWE,2710
637818,72,208,911,2014,53325748.0,10630685.0,0.9147780000000001,1.151556,EST,SWE,2710
637819,73,208,911,2014,0.0,9146.0,-1.296535,-1.045942,ETH,SWE,2710
637820,74,208,911,2014,2001834496.0,1278724736.0,1.626355,1.002923,FIN,SWE,2710
637821,75,208,911,2014,0.0,390.0,-0.306346,-0.07688500000000001,FJI,SWE,2710
637822,77,208,911,2014,280922624.0,693577984.0,1.4817790000000002,0.30995,FRA,SWE,2710
637823,78,208,911,2014,0.0,8204032.0,-0.703929,-0.86265,FRO,SWE,2710
637824,81,208,911,2014,411585760.0,3042485504.0,1.697964,0.585372,GBR,SWE,2710
637825,82,208,911,2014,0.0,3580.0,-0.254106,-0.646584,GEO,SWE,2710
637826,83,208,911,2014,0.0,167963.0,-1.130226,-0.9909379999999999,GHA,SWE,2710
637827,84,208,911,2014,0.0,311123264.0,0.275796,-0.720217,GIB,SWE,2710
637828,85,208,911,2014,0.0,6408.0,-1.628409,-1.202473,GIN,SWE,2710
637829,89,208,911,2014,0.0,1905.0,-2.043516,-0.844701,GNQ,SWE,2710
637830,90,208,911,2014,4253.0,9476641.0,0.149337,0.8560540000000001,GRC,SWE,2710
637831,92,208,911,2014,0.0,131026040.0,-1.168495,-0.93096,GRL,SWE,2710
637832,93,208,911,2014,0.0,101658.0,-0.36547199999999996,0.548894,GTM,SWE,2710
637833,97,208,911,2014,137893.0,16994.0,0.812132,1.722493,HKG,SWE,2710
637834,99,208,911,2014,0.0,3583.0,-0.467004,0.045511,HND,SWE,2710
637835,100,208,911,2014,0.0,143568.0,0.804401,1.250807,HRV,SWE,2710
637836,102,208,911,2014,0.0,375957.0,1.477093,0.812869,HUN,SWE,2710
637837,103,208,911,2014,2077.0,810920.0,-0.088032,1.3966459999999998,IDN,SWE,2710
637838,104,208,911,2014,185988.0,1755587.0,0.262042,2.6305080000000003,IND,SWE,2710
637839,106,208,911,2014,2155248.0,389602528.0,1.2658399999999999,0.278546,IRL,SWE,2710
637840,107,208,911,2014,0.0,174156.0,-0.361058,-0.312743,IRN,SWE,2710
637841,108,208,911,2014,0.0,40988.0,-2.9169,-0.882023,IRQ,SWE,2710
637842,109,208,911,2014,4023.0,4770270.0,0.127891,-0.302014,ISL,SWE,2710
637843,110,208,911,2014,0.0,114975.0,1.211141,0.64523,ISR,SWE,2710
637844,111,208,911,2014,47398160.0,24581168.0,1.340136,0.43931099999999995,ITA,SWE,2710
637845,112,208,911,2014,0.0,6409820.0,-0.42745299999999997,-0.7750130000000001,JAM,SWE,2710
637846,113,208,911,2014,0.0,57613.0,0.210208,0.48732299999999995,JOR,SWE,2710
637847,114,208,911,2014,1215895.0,1162414.0,2.403165,-0.635024,JPN,SWE,2710
637848,115,208,911,2014,0.0,48886.0,-0.210431,-0.574075,KAZ,SWE,2710
637849,116,208,911,2014,0.0,27354.0,-0.487058,0.307288,KEN,SWE,2710
637850,117,208,911,2014,0.0,2594.0,-0.31942600000000004,-0.012454,KGZ,SWE,2710
637851,121,208,911,2014,80324.0,1193335.0,1.817145,0.8394530000000001,KOR,SWE,2710
637852,122,208,911,2014,637.0,49247.0,-0.769616,-1.10667,KWT,SWE,2710
637853,124,208,911,2014,0.0,19758.0,0.308677,1.7564490000000001,LBN,SWE,2710
637854,128,208,911,2014,0.0,50487.0,-0.49366899999999997,0.338686,LKA,SWE,2710
637855,130,208,911,2014,13224417.0,14360226.0,0.764495,1.3451540000000002,LTU,SWE,2710
637856,131,208,911,2014,1059.0,32736.0,1.243845,1.155474,LUX,SWE,2710
637857,132,208,911,2014,121217864.0,2191120.0,0.613116,1.1899790000000001,LVA,SWE,2710
637858,134,208,911,2014,0.0,156687968.0,-0.574034,0.065788,MAR,SWE,2710
637859,135,208,911,2014,0.0,5017.0,-0.10438199999999999,-0.093194,MDA,SWE,2710
637860,136,208,911,2014,0.0,1087.0,-1.002122,-0.44446,MDG,SWE,2710
637861,138,208,911,2014,0.0,921371.0,1.0799729999999998,0.697554,MEX,SWE,2710
637862,140,208,911,2014,942.0,78270.0,-0.039799,-0.05545,MKD,SWE,2710
637863,141,208,911,2014,0.0,3803.0,-1.199063,-1.05497,MLI,SWE,2710
637864,142,208,911,2014,0.0,119743288.0,0.817013,0.0016309999999999999,MLT,SWE,2710
637865,143,208,911,2014,0.0,3149426.0,-1.5332459999999999,-1.145973,MMR,SWE,2710
637866,144,208,911,2014,0.0,4630.0,-0.17039100000000001,-0.21762399999999998,MNE,SWE,2710
637867,145,208,911,2014,0.0,3976.0,-1.425524,-1.161949,MNG,SWE,2710
637868,147,208,911,2014,0.0,3823.0,-1.1993610000000001,-1.040181,MOZ,SWE,2710
637869,148,208,911,2014,0.0,9005262.0,-1.458551,-1.225373,MRT,SWE,2710
637870,151,208,911,2014,0.0,3531.0,-0.029891,-0.12431099999999999,MUS,SWE,2710
637871,152,208,911,2014,0.0,641.0,-0.494204,-0.751903,MWI,SWE,2710
637872,153,208,911,2014,0.0,603134.0,1.018138,0.774649,MYS,SWE,2710
637873,156,208,911,2014,0.0,4497.0,-0.509789,-0.767484,NCL,SWE,2710
637874,159,208,911,2014,90264432.0,50521500.0,-1.2126430000000001,-1.059697,NGA,SWE,2710
637875,160,208,911,2014,0.0,20828.0,-0.938269,-0.839066,NIC,SWE,2710
637876,162,208,911,2014,601611456.0,1005843904.0,1.179325,1.355071,NLD,SWE,2710
637877,163,208,911,2014,241458080.0,689667904.0,0.9187049999999999,0.182685,NOR,SWE,2710
637878,164,208,911,2014,0.0,5813.0,-0.11988199999999999,0.655883,NPL,SWE,2710
637879,166,208,911,2014,0.0,201187.0,0.272502,0.21628699999999998,NZL,SWE,2710
637880,167,208,911,2014,0.0,3528.0,-0.505129,-1.0051370000000002,OMN,SWE,2710
637881,168,208,911,2014,0.0,32732.0,-0.672924,0.566787,PAK,SWE,2710
637882,173,208,911,2014,1888.0,535014.0,-0.557833,0.611826,PER,SWE,2710
637883,174,208,911,2014,0.0,42380.0,0.637442,0.475883,PHL,SWE,2710
637884,176,208,911,2014,0.0,35679.0,-1.564904,-1.146255,PNG,SWE,2710
637885,177,208,911,2014,494656064.0,27827962.0,1.133102,1.177165,POL,SWE,2710
637886,179,208,911,2014,29000590.0,51307548.0,0.621053,2.349644,PRT,SWE,2710
637887,180,208,911,2014,0.0,176489.0,-0.608509,-0.930679,PRY,SWE,2710
637888,181,208,911,2014,0.0,3879.0,0.030643,0.601905,PSE,SWE,2710
637889,182,208,911,2014,0.0,1581.0,0.008831,-0.6268279999999999,PYF,SWE,2710
637890,183,208,911,2014,118429960.0,36170.0,-0.37535599999999997,-1.0196370000000001,QAT,SWE,2710
637891,185,208,911,2014,99385.0,936326.0,0.9112,1.188161,ROU,SWE,2710
637892,186,208,911,2014,784285824.0,25148218.0,0.229422,-0.214856,RUS,SWE,2710
637893,187,208,911,2014,0.0,1259.0,-0.5692659999999999,-0.447859,RWA,SWE,2710
637894,188,208,911,2014,0.0,312221.0,0.5758439999999999,-0.832692,SAU,SWE,2710
637895,190,208,911,2014,0.0,2519.0,-1.442381,-1.1155030000000001,SDN,SWE,2710
637896,191,208,911,2014,0.0,2172.0,-0.502607,-0.08866,SEN,SWE,2710
637897,192,208,911,2014,25413.0,16153789.0,1.867492,0.626736,SGP,SWE,2710
637898,196,208,911,2014,0.0,3949.0,-0.9228569999999999,-0.791482,SLE,SWE,2710
637899,197,208,911,2014,0.0,21089.0,0.08653999999999999,0.29088600000000003,SLV,SWE,2710
637900,201,208,911,2014,2262.0,281935.0,0.551635,1.211535,SRB,SWE,2710
637901,206,208,911,2014,110012.0,58021.0,1.334959,0.821253,SVK,SWE,2710
637902,207,208,911,2014,133640.0,28214.0,1.6558669999999998,0.6814399999999999,SVN,SWE,2710
637903,211,208,911,2014,0.0,4416.0,0.358111,-0.484879,SYC,SWE,2710
637904,215,208,911,2014,0.0,114228272.0,-0.524103,-0.537643,TGO,SWE,2710
637905,216,208,911,2014,0.0,431815.0,0.977094,1.41283,THA,SWE,2710
637906,222,208,911,2014,0.0,9989.0,-0.57362,-1.117545,TTO,SWE,2710
637907,223,208,911,2014,9896294.0,133442.0,0.343449,1.118007,TUN,SWE,2710
637908,224,208,911,2014,11871448.0,13894474.0,0.554761,2.385693,TUR,SWE,2710
637909,226,208,911,2014,0.0,118169.0,-1.054331,0.166345,TZA,SWE,2710
637910,227,208,911,2014,0.0,10599.0,-0.46911800000000003,0.25446599999999997,UGA,SWE,2710
637911,228,208,911,2014,29838.0,1318805.0,0.566535,0.832267,UKR,SWE,2710
637912,230,208,911,2014,0.0,302385.0,0.154034,-0.380899,URY,SWE,2710
637913,231,208,911,2014,6848398.0,623703808.0,1.61227,0.068905,USA,SWE,2710
637914,236,208,911,2014,23137.0,12431.0,-0.582086,-1.081727,VEN,SWE,2710
637915,239,208,911,2014,0.0,808342.0,-0.023765,1.344416,VNM,SWE,2710
637916,243,208,911,2014,0.0,27236.0,-1.2829190000000001,-1.227373,YEM,SWE,2710
637917,246,208,911,2014,0.0,1190148.0,0.282927,1.723214,ZAF,SWE,2710
637918,247,208,911,2014,0.0,6592.0,-0.664089,-0.793452,ZMB,SWE,2710
637919,248,208,911,2014,0.0,1995.0,-0.821369,-0.864232,ZWE,SWE,2710
637920,249,208,911,2014,0.0,1016049.0,1.9044189999999999,1.0595139999999998,TWN,SWE,2710
637921,250,208,911,2014,23622346.0,211441072.0,0.506842,0.049545,ANS,SWE,2710
637922,2,216,911,2014,0.0,4340.0,-1.8184900000000002,-1.149191,AGO,THA,2710
637923,7,216,911,2014,483911328.0,1777322.0,0.087775,-0.289459,ARE,THA,2710
637924,10,216,911,2014,0.0,2619.0,0.795219,-0.217498,ASM,THA,2710
637925,14,216,911,2014,4324607.0,60611688.0,-0.398273,-0.17128,AUS,THA,2710
637926,15,216,911,2014,11885.0,0.0,1.7116790000000002,-0.140232,AUT,THA,2710
637927,16,216,911,2014,108748.0,0.0,-0.909508,-1.165158,AZE,THA,2710
637928,18,216,911,2014,10050697.0,45311.0,1.234156,1.226441,BEL,THA,2710
637929,21,216,911,2014,0.0,1598.0,-0.922401,-0.9554379999999999,BFA,THA,2710
637930,22,216,911,2014,0.0,14924009.0,-1.0341879999999999,-0.9614870000000001,BGD,THA,2710
637931,23,216,911,2014,15312.0,0.0,0.579058,1.6558110000000001,BGR,THA,2710
637932,24,216,911,2014,77889048.0,92670.0,0.460168,-0.41671099999999994,BHR,THA,2710
637933,32,216,911,2014,33468.0,115620.0,0.218223,0.556921,BRA,THA,2710
637934,34,216,911,2014,0.0,1485409.0,0.191357,-0.683567,BRN,THA,2710
637935,39,216,911,2014,1299571.0,8020.0,0.671395,1.024683,CAN,THA,2710
637936,41,216,911,2014,22193112.0,2234.0,2.2000919999999997,0.65398,CHE,THA,2710
637937,42,216,911,2014,0.0,6477.0,-0.344671,-0.43380799999999997,CHL,THA,2710
637938,43,216,911,2014,50309080.0,494850336.0,1.187557,1.222085,CHN,THA,2710
637939,45,216,911,2014,12375273.0,114270.0,-0.6723520000000001,-0.945084,CMR,THA,2710
637940,47,216,911,2014,0.0,4806.0,-1.371624,-1.12468,COG,THA,2710
637941,49,216,911,2014,0.0,24525.0,0.19864500000000002,-0.378364,COL,THA,2710
637942,52,216,911,2014,0.0,102804.0,0.065938,-0.687971,CRI,THA,2710
637943,59,216,911,2014,2459.0,1114.0,1.8105830000000003,0.131131,CZE,THA,2710
637944,61,216,911,2014,7341488.0,145982.0,2.052849,-2.888805,DEU,THA,2710
637945,62,216,911,2014,0.0,1085526.0,-0.394602,-0.74178,DJI,THA,2710
637946,64,216,911,2014,6137715.0,0.0,1.10869,1.245193,DNK,THA,2710
637947,66,216,911,2014,124811744.0,17634.0,-1.5554649999999999,-1.1657030000000002,DZA,THA,2710
637948,67,216,911,2014,0.0,2427.0,-1.066865,-1.052921,ECU,THA,2710
637949,68,216,911,2014,166634.0,24285.0,-0.086866,1.7419669999999998,EGY,THA,2710
637950,71,216,911,2014,312495.0,4395.0,0.842147,2.45692,ESP,THA,2710
637951,72,216,911,2014,180139.0,0.0,0.9147780000000001,1.151556,EST,THA,2710
637952,73,216,911,2014,0.0,628389.0,-1.296535,-1.045942,ETH,THA,2710
637953,74,216,911,2014,25105.0,0.0,1.626355,1.002923,FIN,THA,2710
637954,75,216,911,2014,0.0,645758.0,-0.306346,-0.07688500000000001,FJI,THA,2710
637955,77,216,911,2014,4035052.0,1206795.0,1.4817790000000002,0.30995,FRA,THA,2710
637956,80,216,911,2014,0.0,5003.0,-1.625474,-1.135973,GAB,THA,2710
637957,81,216,911,2014,458757.0,53712128.0,1.697964,0.585372,GBR,THA,2710
637958,83,216,911,2014,0.0,192728.0,-1.130226,-0.9909379999999999,GHA,THA,2710
637959,85,216,911,2014,0.0,1088.0,-1.628409,-1.202473,GIN,THA,2710
637960,87,216,911,2014,0.0,10436.0,-0.905488,-0.7892819999999999,GMB,THA,2710
637961,90,216,911,2014,2647.0,4788.0,0.149337,0.8560540000000001,GRC,THA,2710
637962,93,216,911,2014,0.0,1822.0,-0.36547199999999996,0.548894,GTM,THA,2710
637963,95,216,911,2014,0.0,35914.0,0.6368119999999999,-0.01771,GUM,THA,2710
637964,97,216,911,2014,1402246.0,157953328.0,0.812132,1.722493,HKG,THA,2710
637965,101,216,911,2014,1377.0,0.0,-1.10887,-1.032108,HTI,THA,2710
637966,102,216,911,2014,81898.0,0.0,1.477093,0.812869,HUN,THA,2710
637967,103,216,911,2014,4861318.0,128357504.0,-0.088032,1.3966459999999998,IDN,THA,2710
637968,104,216,911,2014,65665928.0,23683352.0,0.262042,2.6305080000000003,IND,THA,2710
637969,107,216,911,2014,10091.0,0.0,-0.361058,-0.312743,IRN,THA,2710
637970,109,216,911,2014,23006.0,0.0,0.127891,-0.302014,ISL,THA,2710
637971,110,216,911,2014,16084.0,3795.0,1.211141,0.64523,ISR,THA,2710
637972,111,216,911,2014,423070.0,40477528.0,1.340136,0.43931099999999995,ITA,THA,2710
637973,113,216,911,2014,0.0,56634.0,0.210208,0.48732299999999995,JOR,THA,2710
637974,114,216,911,2014,108906496.0,198226032.0,2.403165,-0.635024,JPN,THA,2710
637975,115,216,911,2014,0.0,80131.0,-0.210431,-0.574075,KAZ,THA,2710
637976,116,216,911,2014,0.0,284575.0,-0.487058,0.307288,KEN,THA,2710
637977,118,216,911,2014,0.0,694965504.0,-0.84072,-0.8307040000000001,KHM,THA,2710
637978,121,216,911,2014,225717456.0,42555788.0,1.817145,0.8394530000000001,KOR,THA,2710
637979,122,216,911,2014,423185952.0,95911.0,-0.769616,-1.10667,KWT,THA,2710
637980,123,216,911,2014,19583.0,877661184.0,-1.054294,-0.869916,LAO,THA,2710
637981,124,216,911,2014,0.0,503423.0,0.308677,1.7564490000000001,LBN,THA,2710
637982,126,216,911,2014,0.0,201859.0,-1.5943829999999999,-1.189961,LBY,THA,2710
637983,128,216,911,2014,0.0,10345488.0,-0.49366899999999997,0.338686,LKA,THA,2710
637984,133,216,911,2014,0.0,7978.0,0.704535,0.5856140000000001,MAC,THA,2710
637985,134,216,911,2014,0.0,19631.0,-0.574034,0.065788,MAR,THA,2710
637986,136,216,911,2014,1744070.0,0.0,-1.002122,-0.44446,MDG,THA,2710
637987,137,216,911,2014,0.0,59229.0,-0.43265299999999995,-0.82696,MDV,THA,2710
637988,138,216,911,2014,15842.0,56373.0,1.0799729999999998,0.697554,MEX,THA,2710
637989,141,216,911,2014,0.0,40529.0,-1.199063,-1.05497,MLI,THA,2710
637990,143,216,911,2014,3173.0,506163168.0,-1.5332459999999999,-1.145973,MMR,THA,2710
637991,145,216,911,2014,0.0,9860.0,-1.425524,-1.161949,MNG,THA,2710
637992,147,216,911,2014,0.0,1123.0,-1.1993610000000001,-1.040181,MOZ,THA,2710
637993,151,216,911,2014,0.0,17162.0,-0.029891,-0.12431099999999999,MUS,THA,2710
637994,153,216,911,2014,465117344.0,1866077952.0,1.018138,0.774649,MYS,THA,2710
637995,155,216,911,2014,215978.0,0.0,-0.428227,-0.5632229999999999,NAM,THA,2710
637996,156,216,911,2014,0.0,341830.0,-0.509789,-0.767484,NCL,THA,2710
637997,159,216,911,2014,156513408.0,38953.0,-1.2126430000000001,-1.059697,NGA,THA,2710
637998,160,216,911,2014,0.0,3039.0,-0.938269,-0.839066,NIC,THA,2710
637999,162,216,911,2014,1709969.0,180601.0,1.179325,1.355071,NLD,THA,2710
638000,163,216,911,2014,9080.0,149289.0,0.9187049999999999,0.182685,NOR,THA,2710
638001,164,216,911,2014,0.0,1868.0,-0.11988199999999999,0.655883,NPL,THA,2710
638002,166,216,911,2014,86215.0,9207565.0,0.272502,0.21628699999999998,NZL,THA,2710
638003,168,216,911,2014,10361026.0,1132492.0,-0.672924,0.566787,PAK,THA,2710
638004,173,216,911,2014,63782.0,148084.0,-0.557833,0.611826,PER,THA,2710
638005,174,216,911,2014,776011.0,400120096.0,0.637442,0.475883,PHL,THA,2710
638006,176,216,911,2014,0.0,288278.0,-1.564904,-1.146255,PNG,THA,2710
638007,177,216,911,2014,1623155.0,3393.0,1.133102,1.177165,POL,THA,2710
638008,178,216,911,2014,6782.0,0.0,-0.23883000000000001,-0.009727,PRK,THA,2710
638009,179,216,911,2014,1584.0,0.0,0.621053,2.349644,PRT,THA,2710
638010,182,216,911,2014,0.0,71128.0,0.008831,-0.6268279999999999,PYF,THA,2710
638011,183,216,911,2014,253227376.0,6700.0,-0.37535599999999997,-1.0196370000000001,QAT,THA,2710
638012,186,216,911,2014,37903780.0,429452.0,0.229422,-0.214856,RUS,THA,2710
638013,188,216,911,2014,556525632.0,718637.0,0.5758439999999999,-0.832692,SAU,THA,2710
638014,191,216,911,2014,0.0,108176.0,-0.502607,-0.08866,SEN,THA,2710
638015,192,216,911,2014,1120562432.0,2560193280.0,1.867492,0.626736,SGP,THA,2710
638016,195,216,911,2014,0.0,75665.0,-0.862089,-0.9075840000000001,SLB,THA,2710
638017,197,216,911,2014,0.0,892.0,0.08653999999999999,0.29088600000000003,SLV,THA,2710
638018,207,216,911,2014,992.0,0.0,1.6558669999999998,0.6814399999999999,SVN,THA,2710
638019,208,216,911,2014,431815.0,0.0,1.817752,0.558474,SWE,THA,2710
638020,211,216,911,2014,0.0,4155.0,0.358111,-0.484879,SYC,THA,2710
638021,212,216,911,2014,0.0,27608.0,-0.366224,0.9054719999999999,SYR,THA,2710
638022,215,216,911,2014,0.0,487272.0,-0.524103,-0.537643,TGO,THA,2710
638023,222,216,911,2014,0.0,21868.0,-0.57362,-1.117545,TTO,THA,2710
638024,223,216,911,2014,0.0,2187.0,0.343449,1.118007,TUN,THA,2710
638025,224,216,911,2014,588622.0,94917.0,0.554761,2.385693,TUR,THA,2710
638026,226,216,911,2014,0.0,1258.0,-1.054331,0.166345,TZA,THA,2710
638027,228,216,911,2014,34530.0,16861.0,0.566535,0.832267,UKR,THA,2710
638028,231,216,911,2014,18991172.0,7581542.0,1.61227,0.068905,USA,THA,2710
638029,239,216,911,2014,12964153.0,785528064.0,-0.023765,1.344416,VNM,THA,2710
638030,240,216,911,2014,0.0,100110.0,-1.21245,-0.941493,VUT,THA,2710
638031,242,216,911,2014,0.0,810.0,0.602344,-0.051224,WSM,THA,2710
638032,246,216,911,2014,1500922.0,58267216.0,0.282927,1.723214,ZAF,THA,2710
638033,248,216,911,2014,0.0,187.0,-0.821369,-0.864232,ZWE,THA,2710
638034,249,216,911,2014,11948088.0,86592192.0,1.9044189999999999,1.0595139999999998,TWN,THA,2710
638035,250,216,911,2014,154641.0,489713152.0,0.506842,0.049545,ANS,THA,2710
638036,0,222,911,2014,0.0,1945788.0,0.779539,-0.32255700000000004,ABW,TTO,2710
638037,3,222,911,2014,0.0,4966569.0,0.926517,-0.498487,AIA,TTO,2710
638038,7,222,911,2014,3069.0,3720.0,0.087775,-0.289459,ARE,TTO,2710
638039,8,222,911,2014,0.0,36085.0,0.10691500000000001,0.44860600000000006,ARG,TTO,2710
638040,12,222,911,2014,0.0,217406.0,0.8714149999999999,-0.652,ATF,TTO,2710
638041,13,222,911,2014,0.0,60899004.0,0.169764,-0.621576,ATG,TTO,2710
638042,15,222,911,2014,1008.0,0.0,1.7116790000000002,-0.140232,AUT,TTO,2710
638043,18,222,911,2014,279603.0,0.0,1.234156,1.226441,BEL,TTO,2710
638044,20,222,911,2014,0.0,114628544.0,-0.18363,-0.7995760000000001,BES,TTO,2710
638045,25,222,911,2014,0.0,28562450.0,0.314465,-0.60458,BHS,TTO,2710
638046,32,222,911,2014,10997.0,116782.0,0.218223,0.556921,BRA,TTO,2710
638047,33,222,911,2014,15135006.0,252178960.0,0.44968400000000003,-0.15268900000000002,BRB,TTO,2710
638048,39,222,911,2014,121065.0,0.0,0.671395,1.024683,CAN,TTO,2710
638049,41,222,911,2014,2921.0,0.0,2.2000919999999997,0.65398,CHE,TTO,2710
638050,43,222,911,2014,23658.0,77638.0,1.187557,1.222085,CHN,TTO,2710
638051,49,222,911,2014,252866.0,154711280.0,0.19864500000000002,-0.378364,COL,TTO,2710
638052,54,222,911,2014,0.0,43802.0,-0.476786,-0.952291,CUB,TTO,2710
638053,55,222,911,2014,9648.0,4227498.0,-0.00902,-0.683643,CUW,TTO,2710
638054,57,222,911,2014,0.0,62375.0,1.199562,-0.66969,CYM,TTO,2710
638055,58,222,911,2014,0.0,145334.0,0.627467,0.483725,CYP,TTO,2710
638056,61,222,911,2014,488568.0,135569.0,2.052849,-2.888805,DEU,TTO,2710
638057,63,222,911,2014,0.0,21781596.0,0.294596,-0.310069,DMA,TTO,2710
638058,65,222,911,2014,1371794.0,93540496.0,-0.180845,0.508512,DOM,TTO,2710
638059,67,222,911,2014,0.0,3289.0,-1.066865,-1.052921,ECU,TTO,2710
638060,71,222,911,2014,12944362.0,8259.0,0.842147,2.45692,ESP,TTO,2710
638061,77,222,911,2014,3017452.0,19382378.0,1.4817790000000002,0.30995,FRA,TTO,2710
638062,81,222,911,2014,95813.0,173069.0,1.697964,0.585372,GBR,TTO,2710
638063,83,222,911,2014,0.0,99958.0,-1.130226,-0.9909379999999999,GHA,TTO,2710
638064,84,222,911,2014,0.0,29969732.0,0.275796,-0.720217,GIB,TTO,2710
638065,90,222,911,2014,0.0,161198.0,0.149337,0.8560540000000001,GRC,TTO,2710
638066,91,222,911,2014,7974.0,33887844.0,-0.184151,-0.7291270000000001,GRD,TTO,2710
638067,93,222,911,2014,0.0,31928572.0,-0.36547199999999996,0.548894,GTM,TTO,2710
638068,96,222,911,2014,7951.0,212767168.0,-1.068777,-1.038227,GUY,TTO,2710
638069,97,222,911,2014,0.0,2445.0,0.812132,1.722493,HKG,TTO,2710
638070,99,222,911,2014,0.0,11684916.0,-0.467004,0.045511,HND,TTO,2710
638071,104,222,911,2014,481530.0,39542.0,0.262042,2.6305080000000003,IND,TTO,2710
638072,110,222,911,2014,718.0,0.0,1.211141,0.64523,ISR,TTO,2710
638073,111,222,911,2014,11320.0,9373.0,1.340136,0.43931099999999995,ITA,TTO,2710
638074,112,222,911,2014,41084.0,394384800.0,-0.42745299999999997,-0.7750130000000001,JAM,TTO,2710
638075,114,222,911,2014,79159.0,0.0,2.403165,-0.635024,JPN,TTO,2710
638076,120,222,911,2014,0.0,15387800.0,0.9888950000000001,-0.28283800000000003,KNA,TTO,2710
638077,121,222,911,2014,18100.0,8346.0,1.817145,0.8394530000000001,KOR,TTO,2710
638078,122,222,911,2014,83565.0,0.0,-0.769616,-1.10667,KWT,TTO,2710
638079,124,222,911,2014,0.0,84497.0,0.308677,1.7564490000000001,LBN,TTO,2710
638080,125,222,911,2014,0.0,83345792.0,-1.016828,-1.107983,LBR,TTO,2710
638081,127,222,911,2014,4257750.0,75978976.0,0.29035500000000003,-0.603541,LCA,TTO,2710
638082,138,222,911,2014,102953.0,0.0,1.0799729999999998,0.697554,MEX,TTO,2710
638083,139,222,911,2014,0.0,49251.0,-0.22505,-0.803084,MHL,TTO,2710
638084,142,222,911,2014,0.0,48345.0,0.817013,0.0016309999999999999,MLT,TTO,2710
638085,149,222,911,2014,0.0,320784.0,0.44890399999999997,-0.46028,MSR,TTO,2710
638086,153,222,911,2014,2027.0,0.0,1.018138,0.774649,MYS,TTO,2710
638087,159,222,911,2014,0.0,11511393.0,-1.2126430000000001,-1.059697,NGA,TTO,2710
638088,162,222,911,2014,1504119.0,111246.0,1.179325,1.355071,NLD,TTO,2710
638089,163,222,911,2014,0.0,61684.0,0.9187049999999999,0.182685,NOR,TTO,2710
638090,169,222,911,2014,2358.0,74335176.0,0.771742,0.9873190000000001,PAN,TTO,2710
638091,179,222,911,2014,0.0,40396.0,0.621053,2.349644,PRT,TTO,2710
638092,186,222,911,2014,1867098.0,0.0,0.229422,-0.214856,RUS,TTO,2710
638093,192,222,911,2014,2467.0,535783.0,1.867492,0.626736,SGP,TTO,2710
638094,197,222,911,2014,0.0,44250676.0,0.08653999999999999,0.29088600000000003,SLV,TTO,2710
638095,205,222,911,2014,14816681.0,82983056.0,-0.6333989999999999,-0.857643,SUR,TTO,2710
638096,208,222,911,2014,9989.0,0.0,1.817752,0.558474,SWE,TTO,2710
638097,210,222,911,2014,0.0,39249720.0,0.6489020000000001,-0.646605,SXM,TTO,2710
638098,215,222,911,2014,0.0,13036477.0,-0.524103,-0.537643,TGO,TTO,2710
638099,216,222,911,2014,21868.0,0.0,0.977094,1.41283,THA,TTO,2710
638100,224,222,911,2014,24547.0,2360.0,0.554761,2.385693,TUR,TTO,2710
638101,230,222,911,2014,0.0,2921371.0,0.154034,-0.380899,URY,TTO,2710
638102,231,222,911,2014,65904880.0,1100446336.0,1.61227,0.068905,USA,TTO,2710
638103,234,222,911,2014,2575.0,26622054.0,0.034024,-0.522492,VCT,TTO,2710
638104,236,222,911,2014,0.0,4446989.0,-0.582086,-1.081727,VEN,TTO,2710
638105,237,222,911,2014,0.0,10608678.0,0.484282,-0.082974,VGB,TTO,2710
638106,240,222,911,2014,0.0,1744481.0,-1.21245,-0.941493,VUT,TTO,2710
638107,246,222,911,2014,4290.0,0.0,0.282927,1.723214,ZAF,TTO,2710
638108,249,222,911,2014,190517.0,0.0,1.9044189999999999,1.0595139999999998,TWN,TTO,2710
638109,250,222,911,2014,0.0,93978136.0,0.506842,0.049545,ANS,TTO,2710
638110,1,224,911,2014,0.0,1925546.0,-0.924386,-0.839385,AFG,TUR,2710
638111,2,224,911,2014,0.0,511164.0,-1.8184900000000002,-1.149191,AGO,TUR,2710
638112,4,224,911,2014,3192826.0,990815.0,-0.476024,-0.33978400000000003,ALB,TUR,2710
638113,7,224,911,2014,854270.0,421333472.0,0.087775,-0.289459,ARE,TUR,2710
638114,8,224,911,2014,0.0,18901.0,0.10691500000000001,0.44860600000000006,ARG,TUR,2710
638115,9,224,911,2014,0.0,1285354.0,-0.198322,-0.5918680000000001,ARM,TUR,2710
638116,13,224,911,2014,0.0,10280488.0,0.169764,-0.621576,ATG,TUR,2710
638117,14,224,911,2014,4349.0,351039.0,-0.398273,-0.17128,AUS,TUR,2710
638118,15,224,911,2014,417952.0,7411526.0,1.7116790000000002,-0.140232,AUT,TUR,2710
638119,16,224,911,2014,30604224.0,27556100.0,-0.909508,-1.165158,AZE,TUR,2710
638120,18,224,911,2014,115131512.0,89565240.0,1.234156,1.226441,BEL,TUR,2710
638121,19,224,911,2014,0.0,1530980.0,-0.342225,-0.618789,BEN,TUR,2710
638122,21,224,911,2014,4273264.0,124167.0,-0.922401,-0.9554379999999999,BFA,TUR,2710
638123,22,224,911,2014,0.0,928375.0,-1.0341879999999999,-0.9614870000000001,BGD,TUR,2710
638124,23,224,911,2014,649660416.0,3664506.0,0.579058,1.6558110000000001,BGR,TUR,2710
638125,24,224,911,2014,114927800.0,2698611.0,0.460168,-0.41671099999999994,BHR,TUR,2710
638126,25,224,911,2014,0.0,6392326.0,0.314465,-0.60458,BHS,TUR,2710
638127,26,224,911,2014,40131.0,1200128.0,0.5083300000000001,0.711704,BIH,TUR,2710
638128,28,224,911,2014,503992.0,169199.0,0.874108,0.676231,BLR,TUR,2710
638129,29,224,911,2014,0.0,8192623.0,-0.324446,-0.552126,BLZ,TUR,2710
638130,30,224,911,2014,0.0,118614.0,1.217808,-0.16376300000000002,BMU,TUR,2710
638131,31,224,911,2014,0.0,48237.0,-1.129494,-1.030198,BOL,TUR,2710
638132,32,224,911,2014,1488.0,18726.0,0.218223,0.556921,BRA,TUR,2710
638133,33,224,911,2014,0.0,1970102.0,0.44968400000000003,-0.15268900000000002,BRB,TUR,2710
638134,39,224,911,2014,31399008.0,11242667.0,0.671395,1.024683,CAN,TUR,2710
638135,40,224,911,2014,0.0,110305.0,0.8426629999999999,-0.258254,CCK,TUR,2710
638136,41,224,911,2014,17362862.0,12533173.0,2.2000919999999997,0.65398,CHE,TUR,2710
638137,42,224,911,2014,0.0,333123.0,-0.344671,-0.43380799999999997,CHL,TUR,2710
638138,43,224,911,2014,26421372.0,5316692.0,1.187557,1.222085,CHN,TUR,2710
638139,44,224,911,2014,130922.0,513732.0,-0.737625,-0.768728,CIV,TUR,2710
638140,45,224,911,2014,0.0,272051.0,-0.6723520000000001,-0.945084,CMR,TUR,2710
638141,46,224,911,2014,0.0,58047.0,-1.6680240000000002,-1.1265129999999999,COD,TUR,2710
638142,47,224,911,2014,0.0,307503.0,-1.371624,-1.12468,COG,TUR,2710
638143,48,224,911,2014,0.0,5401722.0,0.151329,-0.693285,COK,TUR,2710
638144,49,224,911,2014,35099.0,549711.0,0.19864500000000002,-0.378364,COL,TUR,2710
638145,50,224,911,2014,0.0,1357277.0,-0.19200699999999998,-0.761303,COM,TUR,2710
638146,55,224,911,2014,0.0,600643.0,-0.00902,-0.683643,CUW,TUR,2710
638147,57,224,911,2014,0.0,17735150.0,1.199562,-0.66969,CYM,TUR,2710
638148,58,224,911,2014,0.0,204.0,0.627467,0.483725,CYP,TUR,2710
638149,59,224,911,2014,3477368.0,47232.0,1.8105830000000003,0.131131,CZE,TUR,2710
638150,61,224,911,2014,54053408.0,130410072.0,2.052849,-2.888805,DEU,TUR,2710
638151,62,224,911,2014,0.0,163626.0,-0.394602,-0.74178,DJI,TUR,2710
638152,63,224,911,2014,0.0,131759.0,0.294596,-0.310069,DMA,TUR,2710
638153,64,224,911,2014,41915.0,23659796.0,1.10869,1.245193,DNK,TUR,2710
638154,65,224,911,2014,11493.0,76492.0,-0.180845,0.508512,DOM,TUR,2710
638155,66,224,911,2014,9287522.0,18354026.0,-1.5554649999999999,-1.1657030000000002,DZA,TUR,2710
638156,67,224,911,2014,0.0,146235.0,-1.066865,-1.052921,ECU,TUR,2710
638157,68,224,911,2014,28801388.0,812180480.0,-0.086866,1.7419669999999998,EGY,TUR,2710
638158,71,224,911,2014,284888800.0,229004128.0,0.842147,2.45692,ESP,TUR,2710
638159,72,224,911,2014,0.0,227311.0,0.9147780000000001,1.151556,EST,TUR,2710
638160,73,224,911,2014,0.0,1373821.0,-1.296535,-1.045942,ETH,TUR,2710
638161,74,224,911,2014,794550.0,5036852.0,1.626355,1.002923,FIN,TUR,2710
638162,75,224,911,2014,0.0,92212.0,-0.306346,-0.07688500000000001,FJI,TUR,2710
638163,77,224,911,2014,55569432.0,17143482.0,1.4817790000000002,0.30995,FRA,TUR,2710
638164,78,224,911,2014,0.0,5795.0,-0.703929,-0.86265,FRO,TUR,2710
638165,80,224,911,2014,0.0,126134.0,-1.625474,-1.135973,GAB,TUR,2710
638166,81,224,911,2014,16288011.0,100196528.0,1.697964,0.585372,GBR,TUR,2710
638167,82,224,911,2014,207012.0,11569367.0,-0.254106,-0.646584,GEO,TUR,2710
638168,83,224,911,2014,0.0,7976184.0,-1.130226,-0.9909379999999999,GHA,TUR,2710
638169,84,224,911,2014,0.0,150019856.0,0.275796,-0.720217,GIB,TUR,2710
638170,85,224,911,2014,0.0,497801.0,-1.628409,-1.202473,GIN,TUR,2710
638171,87,224,911,2014,0.0,817738.0,-0.905488,-0.7892819999999999,GMB,TUR,2710
638172,89,224,911,2014,0.0,101621.0,-2.043516,-0.844701,GNQ,TUR,2710
638173,90,224,911,2014,3024568576.0,23865732.0,0.149337,0.8560540000000001,GRC,TUR,2710
638174,91,224,911,2014,0.0,17727.0,-0.184151,-0.7291270000000001,GRD,TUR,2710
638175,96,224,911,2014,0.0,2007.0,-1.068777,-1.038227,GUY,TUR,2710
638176,97,224,911,2014,18624.0,9321076.0,0.812132,1.722493,HKG,TUR,2710
638177,99,224,911,2014,0.0,64055.0,-0.467004,0.045511,HND,TUR,2710
638178,100,224,911,2014,3455184.0,27958218.0,0.804401,1.250807,HRV,TUR,2710
638179,102,224,911,2014,11486512.0,957601.0,1.477093,0.812869,HUN,TUR,2710
638180,103,224,911,2014,0.0,37351.0,-0.088032,1.3966459999999998,IDN,TUR,2710
638181,104,224,911,2014,1565763968.0,1800042.0,0.262042,2.6305080000000003,IND,TUR,2710
638182,106,224,911,2014,7138.0,5615448.0,1.2658399999999999,0.278546,IRL,TUR,2710
638183,107,224,911,2014,4108280.0,5124192.0,-0.361058,-0.312743,IRN,TUR,2710
638184,108,224,911,2014,95079456.0,55033364.0,-2.9169,-0.882023,IRQ,TUR,2710
638185,109,224,911,2014,543227.0,16389.0,0.127891,-0.302014,ISL,TUR,2710
638186,110,224,911,2014,1467476352.0,15828428.0,1.211141,0.64523,ISR,TUR,2710
638187,111,224,911,2014,1527295232.0,105999496.0,1.340136,0.43931099999999995,ITA,TUR,2710
638188,112,224,911,2014,0.0,68637.0,-0.42745299999999997,-0.7750130000000001,JAM,TUR,2710
638189,113,224,911,2014,20678.0,284214016.0,0.210208,0.48732299999999995,JOR,TUR,2710
638190,114,224,911,2014,264371.0,30263.0,2.403165,-0.635024,JPN,TUR,2710
638191,115,224,911,2014,1414986.0,18585950.0,-0.210431,-0.574075,KAZ,TUR,2710
638192,116,224,911,2014,0.0,866120.0,-0.487058,0.307288,KEN,TUR,2710
638193,117,224,911,2014,16109782.0,2851565.0,-0.31942600000000004,-0.012454,KGZ,TUR,2710
638194,118,224,911,2014,0.0,4118706.0,-0.84072,-0.8307040000000001,KHM,TUR,2710
638195,119,224,911,2014,0.0,125672.0,0.708907,-0.540813,KIR,TUR,2710
638196,120,224,911,2014,0.0,4167128.0,0.9888950000000001,-0.28283800000000003,KNA,TUR,2710
638197,121,224,911,2014,11871890.0,20379814.0,1.817145,0.8394530000000001,KOR,TUR,2710
638198,122,224,911,2014,0.0,419505.0,-0.769616,-1.10667,KWT,TUR,2710
638199,124,224,911,2014,157196.0,14523573.0,0.308677,1.7564490000000001,LBN,TUR,2710
638200,125,224,911,2014,0.0,39963988.0,-1.016828,-1.107983,LBR,TUR,2710
638201,126,224,911,2014,53228520.0,12330221.0,-1.5943829999999999,-1.189961,LBY,TUR,2710
638202,128,224,911,2014,0.0,7721.0,-0.49366899999999997,0.338686,LKA,TUR,2710
638203,130,224,911,2014,49302.0,5067021.0,0.764495,1.3451540000000002,LTU,TUR,2710
638204,131,224,911,2014,65781.0,10243545.0,1.243845,1.155474,LUX,TUR,2710
638205,132,224,911,2014,0.0,2299315.0,0.613116,1.1899790000000001,LVA,TUR,2710
638206,134,224,911,2014,25294.0,7506660.0,-0.574034,0.065788,MAR,TUR,2710
638207,135,224,911,2014,0.0,4392655.0,-0.10438199999999999,-0.093194,MDA,TUR,2710
638208,136,224,911,2014,0.0,351865.0,-1.002122,-0.44446,MDG,TUR,2710
638209,137,224,911,2014,0.0,1163.0,-0.43265299999999995,-0.82696,MDV,TUR,2710
638210,138,224,911,2014,10296.0,12286.0,1.0799729999999998,0.697554,MEX,TUR,2710
638211,139,224,911,2014,0.0,30643518.0,-0.22505,-0.803084,MHL,TUR,2710
638212,140,224,911,2014,389822.0,593047.0,-0.039799,-0.05545,MKD,TUR,2710
638213,141,224,911,2014,0.0,1137259.0,-1.199063,-1.05497,MLI,TUR,2710
638214,142,224,911,2014,19189920.0,795207808.0,0.817013,0.0016309999999999999,MLT,TUR,2710
638215,143,224,911,2014,0.0,13106.0,-1.5332459999999999,-1.145973,MMR,TUR,2710
638216,144,224,911,2014,0.0,296281.0,-0.17039100000000001,-0.21762399999999998,MNE,TUR,2710
638217,145,224,911,2014,0.0,108717.0,-1.425524,-1.161949,MNG,TUR,2710
638218,147,224,911,2014,0.0,69921.0,-1.1993610000000001,-1.040181,MOZ,TUR,2710
638219,148,224,911,2014,0.0,1175269.0,-1.458551,-1.225373,MRT,TUR,2710
638220,151,224,911,2014,0.0,208255.0,-0.029891,-0.12431099999999999,MUS,TUR,2710
638221,153,224,911,2014,80528.0,8725219.0,1.018138,0.774649,MYS,TUR,2710
638222,155,224,911,2014,2604.0,0.0,-0.428227,-0.5632229999999999,NAM,TUR,2710
638223,157,224,911,2014,0.0,63801.0,-0.7187,-0.80918,NER,TUR,2710
638224,159,224,911,2014,38970092.0,25613910.0,-1.2126430000000001,-1.059697,NGA,TUR,2710
638225,162,224,911,2014,152908224.0,77953480.0,1.179325,1.355071,NLD,TUR,2710
638226,163,224,911,2014,6875.0,7312236.0,0.9187049999999999,0.182685,NOR,TUR,2710
638227,164,224,911,2014,0.0,64750.0,-0.11988199999999999,0.655883,NPL,TUR,2710
638228,167,224,911,2014,1735367.0,208375872.0,-0.505129,-1.0051370000000002,OMN,TUR,2710
638229,168,224,911,2014,0.0,1211666.0,-0.672924,0.566787,PAK,TUR,2710
638230,169,224,911,2014,0.0,66921088.0,0.771742,0.9873190000000001,PAN,TUR,2710
638231,173,224,911,2014,0.0,10397.0,-0.557833,0.611826,PER,TUR,2710
638232,174,224,911,2014,0.0,321942.0,0.637442,0.475883,PHL,TUR,2710
638233,175,224,911,2014,0.0,867870.0,0.38879600000000003,-0.532062,PLW,TUR,2710
638234,176,224,911,2014,0.0,8316.0,-1.564904,-1.146255,PNG,TUR,2710
638235,177,224,911,2014,5528410.0,2663673.0,1.133102,1.177165,POL,TUR,2710
638236,178,224,911,2014,0.0,4761058.0,-0.23883000000000001,-0.009727,PRK,TUR,2710
638237,179,224,911,2014,60451488.0,2365550.0,0.621053,2.349644,PRT,TUR,2710
638238,180,224,911,2014,0.0,99197.0,-0.608509,-0.930679,PRY,TUR,2710
638239,181,224,911,2014,0.0,707886.0,0.030643,0.601905,PSE,TUR,2710
638240,183,224,911,2014,8385030.0,12650686.0,-0.37535599999999997,-1.0196370000000001,QAT,TUR,2710
638241,185,224,911,2014,485577888.0,6011754.0,0.9112,1.188161,ROU,TUR,2710
638242,186,224,911,2014,3123834112.0,109312944.0,0.229422,-0.214856,RUS,TUR,2710
638243,188,224,911,2014,33683732.0,187368672.0,0.5758439999999999,-0.832692,SAU,TUR,2710
638244,190,224,911,2014,0.0,122581.0,-1.442381,-1.1155030000000001,SDN,TUR,2710
638245,191,224,911,2014,0.0,651140.0,-0.502607,-0.08866,SEN,TUR,2710
638246,192,224,911,2014,4106617.0,92600928.0,1.867492,0.626736,SGP,TUR,2710
638247,195,224,911,2014,221345.0,0.0,-0.862089,-0.9075840000000001,SLB,TUR,2710
638248,196,224,911,2014,0.0,2820830.0,-0.9228569999999999,-0.791482,SLE,TUR,2710
638249,199,224,911,2014,0.0,25825.0,-1.41991,-1.010693,SOM,TUR,2710
638250,201,224,911,2014,2377886.0,2730289.0,0.551635,1.211535,SRB,TUR,2710
638251,205,224,911,2014,0.0,6190.0,-0.6333989999999999,-0.857643,SUR,TUR,2710
638252,206,224,911,2014,0.0,8161.0,1.334959,0.821253,SVK,TUR,2710
638253,207,224,911,2014,3068.0,2042588.0,1.6558669999999998,0.6814399999999999,SVN,TUR,2710
638254,208,224,911,2014,13894474.0,11871448.0,1.817752,0.558474,SWE,TUR,2710
638255,211,224,911,2014,662413.0,219044.0,0.358111,-0.484879,SYC,TUR,2710
638256,212,224,911,2014,0.0,23998050.0,-0.366224,0.9054719999999999,SYR,TUR,2710
638257,214,224,911,2014,0.0,25508.0,-2.012048,-0.921558,TCD,TUR,2710
638258,215,224,911,2014,0.0,4210314.0,-0.524103,-0.537643,TGO,TUR,2710
638259,216,224,911,2014,94917.0,588622.0,0.977094,1.41283,THA,TUR,2710
638260,217,224,911,2014,0.0,3357556.0,-0.706823,-0.993756,TJK,TUR,2710
638261,219,224,911,2014,89127080.0,18998562.0,-1.217897,-1.184131,TKM,TUR,2710
638262,221,224,911,2014,0.0,133669.0,-0.11129100000000001,-0.523176,TON,TUR,2710
638263,222,224,911,2014,2360.0,24547.0,-0.57362,-1.117545,TTO,TUR,2710
638264,223,224,911,2014,17208150.0,5386420.0,0.343449,1.118007,TUN,TUR,2710
638265,225,224,911,2014,0.0,930891.0,1.127623,-0.482033,TUV,TUR,2710
638266,226,224,911,2014,0.0,2021537.0,-1.054331,0.166345,TZA,TUR,2710
638267,227,224,911,2014,0.0,17717.0,-0.46911800000000003,0.25446599999999997,UGA,TUR,2710
638268,228,224,911,2014,2215734.0,19879508.0,0.566535,0.832267,UKR,TUR,2710
638269,230,224,911,2014,0.0,122382.0,0.154034,-0.380899,URY,TUR,2710
638270,231,224,911,2014,660858816.0,25504762.0,1.61227,0.068905,USA,TUR,2710
638271,232,224,911,2014,31814200.0,9968858.0,-0.407623,-0.37150700000000003,UZB,TUR,2710
638272,234,224,911,2014,0.0,7814172.0,0.034024,-0.522492,VCT,TUR,2710
638273,236,224,911,2014,0.0,151013.0,-0.582086,-1.081727,VEN,TUR,2710
638274,237,224,911,2014,0.0,1348784.0,0.484282,-0.082974,VGB,TUR,2710
638275,239,224,911,2014,0.0,122522.0,-0.023765,1.344416,VNM,TUR,2710
638276,240,224,911,2014,0.0,512564.0,-1.21245,-0.941493,VUT,TUR,2710
638277,243,224,911,2014,3358.0,1164927.0,-1.2829190000000001,-1.227373,YEM,TUR,2710
638278,246,224,911,2014,698142.0,64406240.0,0.282927,1.723214,ZAF,TUR,2710
638279,248,224,911,2014,0.0,78450.0,-0.821369,-0.864232,ZWE,TUR,2710
638280,249,224,911,2014,7026716.0,22680.0,1.9044189999999999,1.0595139999999998,TWN,TUR,2710
638281,250,224,911,2014,8272.0,382212160.0,0.506842,0.049545,ANS,TUR,2710
638282,0,228,911,2014,0.0,486209.0,0.779539,-0.32255700000000004,ABW,UKR,2710
638283,1,228,911,2014,0.0,89910.0,-0.924386,-0.839385,AFG,UKR,2710
638284,2,228,911,2014,0.0,1389.0,-1.8184900000000002,-1.149191,AGO,UKR,2710
638285,7,228,911,2014,50806.0,6072791.0,0.087775,-0.289459,ARE,UKR,2710
638286,9,228,911,2014,0.0,478759.0,-0.198322,-0.5918680000000001,ARM,UKR,2710
638287,14,228,911,2014,0.0,57957.0,-0.398273,-0.17128,AUS,UKR,2710
638288,15,228,911,2014,368328.0,2100336.0,1.7116790000000002,-0.140232,AUT,UKR,2710
638289,16,228,911,2014,13037222.0,3537785.0,-0.909508,-1.165158,AZE,UKR,2710
638290,18,228,911,2014,21610708.0,3656329.0,1.234156,1.226441,BEL,UKR,2710
638291,23,228,911,2014,97911224.0,12852044.0,0.579058,1.6558110000000001,BGR,UKR,2710
638292,24,228,911,2014,0.0,12835.0,0.460168,-0.41671099999999994,BHR,UKR,2710
638293,26,228,911,2014,3992022.0,5056.0,0.5083300000000001,0.711704,BIH,UKR,2710
638294,28,228,911,2014,3112843008.0,298768.0,0.874108,0.676231,BLR,UKR,2710
638295,29,228,911,2014,0.0,98766.0,-0.324446,-0.552126,BLZ,UKR,2710
638296,31,228,911,2014,0.0,620.0,-1.129494,-1.030198,BOL,UKR,2710
638297,39,228,911,2014,516477.0,338288.0,0.671395,1.024683,CAN,UKR,2710
638298,41,228,911,2014,4227322.0,5460990.0,2.2000919999999997,0.65398,CHE,UKR,2710
638299,42,228,911,2014,0.0,56798.0,-0.344671,-0.43380799999999997,CHL,UKR,2710
638300,43,228,911,2014,138782.0,156232.0,1.187557,1.222085,CHN,UKR,2710
638301,45,228,911,2014,0.0,54753.0,-0.6723520000000001,-0.945084,CMR,UKR,2710
638302,46,228,911,2014,0.0,12005.0,-1.6680240000000002,-1.1265129999999999,COD,UKR,2710
638303,47,228,911,2014,0.0,9484.0,-1.371624,-1.12468,COG,UKR,2710
638304,49,228,911,2014,0.0,2271.0,0.19864500000000002,-0.378364,COL,UKR,2710
638305,58,228,911,2014,0.0,198718272.0,0.627467,0.483725,CYP,UKR,2710
638306,59,228,911,2014,3150884.0,17715.0,1.8105830000000003,0.131131,CZE,UKR,2710
638307,61,228,911,2014,37814088.0,6670017.0,2.052849,-2.888805,DEU,UKR,2710
638308,64,228,911,2014,47663.0,2585.0,1.10869,1.245193,DNK,UKR,2710
638309,65,228,911,2014,0.0,1153.0,-0.180845,0.508512,DOM,UKR,2710
638310,66,228,911,2014,49314.0,0.0,-1.5554649999999999,-1.1657030000000002,DZA,UKR,2710
638311,67,228,911,2014,0.0,7478.0,-1.066865,-1.052921,ECU,UKR,2710
638312,68,228,911,2014,271095.0,81359.0,-0.086866,1.7419669999999998,EGY,UKR,2710
638313,71,228,911,2014,108868.0,106691824.0,0.842147,2.45692,ESP,UKR,2710
638314,72,228,911,2014,2023990.0,407904.0,0.9147780000000001,1.151556,EST,UKR,2710
638315,73,228,911,2014,0.0,30027.0,-1.296535,-1.045942,ETH,UKR,2710
638316,74,228,911,2014,26098768.0,0.0,1.626355,1.002923,FIN,UKR,2710
638317,77,228,911,2014,3734344.0,690819.0,1.4817790000000002,0.30995,FRA,UKR,2710
638318,81,228,911,2014,3072452.0,4322356.0,1.697964,0.585372,GBR,UKR,2710
638319,82,228,911,2014,0.0,1099635.0,-0.254106,-0.646584,GEO,UKR,2710
638320,83,228,911,2014,0.0,50541.0,-1.130226,-0.9909379999999999,GHA,UKR,2710
638321,84,228,911,2014,0.0,26222.0,0.275796,-0.720217,GIB,UKR,2710
638322,89,228,911,2014,0.0,64057.0,-2.043516,-0.844701,GNQ,UKR,2710
638323,90,228,911,2014,165514944.0,3576352.0,0.149337,0.8560540000000001,GRC,UKR,2710
638324,96,228,911,2014,0.0,40575.0,-1.068777,-1.038227,GUY,UKR,2710
638325,97,228,911,2014,0.0,444661.0,0.812132,1.722493,HKG,UKR,2710
638326,99,228,911,2014,0.0,149794.0,-0.467004,0.045511,HND,UKR,2710
638327,100,228,911,2014,9261.0,18876.0,0.804401,1.250807,HRV,UKR,2710
638328,102,228,911,2014,85699488.0,19178218.0,1.477093,0.812869,HUN,UKR,2710
638329,103,228,911,2014,0.0,9855.0,-0.088032,1.3966459999999998,IDN,UKR,2710
638330,104,228,911,2014,884584.0,2902.0,0.262042,2.6305080000000003,IND,UKR,2710
638331,106,228,911,2014,0.0,5268795.0,1.2658399999999999,0.278546,IRL,UKR,2710
638332,107,228,911,2014,0.0,37198.0,-0.361058,-0.312743,IRN,UKR,2710
638333,108,228,911,2014,0.0,259451.0,-2.9169,-0.882023,IRQ,UKR,2710
638334,109,228,911,2014,119516.0,0.0,0.127891,-0.302014,ISL,UKR,2710
638335,110,228,911,2014,120291768.0,1550936.0,1.211141,0.64523,ISR,UKR,2710
638336,111,228,911,2014,1740865.0,13060764.0,1.340136,0.43931099999999995,ITA,UKR,2710
638337,113,228,911,2014,0.0,22204698.0,0.210208,0.48732299999999995,JOR,UKR,2710
638338,114,228,911,2014,120595.0,0.0,2.403165,-0.635024,JPN,UKR,2710
638339,115,228,911,2014,11205.0,2996160.0,-0.210431,-0.574075,KAZ,UKR,2710
638340,116,228,911,2014,0.0,89594.0,-0.487058,0.307288,KEN,UKR,2710
638341,117,228,911,2014,19191.0,7883.0,-0.31942600000000004,-0.012454,KGZ,UKR,2710
638342,118,228,911,2014,0.0,2373.0,-0.84072,-0.8307040000000001,KHM,UKR,2710
638343,121,228,911,2014,4566184.0,15553816.0,1.817145,0.8394530000000001,KOR,UKR,2710
638344,124,228,911,2014,0.0,18118.0,0.308677,1.7564490000000001,LBN,UKR,2710
638345,125,228,911,2014,0.0,12030.0,-1.016828,-1.107983,LBR,UKR,2710
638346,126,228,911,2014,0.0,97134.0,-1.5943829999999999,-1.189961,LBY,UKR,2710
638347,128,228,911,2014,0.0,7542.0,-0.49366899999999997,0.338686,LKA,UKR,2710
638348,130,228,911,2014,835137472.0,5251168.0,0.764495,1.3451540000000002,LTU,UKR,2710
638349,131,228,911,2014,0.0,27235.0,1.243845,1.155474,LUX,UKR,2710
638350,132,228,911,2014,833287.0,17780730.0,0.613116,1.1899790000000001,LVA,UKR,2710
638351,135,228,911,2014,162180.0,1422755.0,-0.10438199999999999,-0.093194,MDA,UKR,2710
638352,138,228,911,2014,0.0,629.0,1.0799729999999998,0.697554,MEX,UKR,2710
638353,139,228,911,2014,0.0,116213.0,-0.22505,-0.803084,MHL,UKR,2710
638354,140,228,911,2014,1326.0,27523.0,-0.039799,-0.05545,MKD,UKR,2710
638355,142,228,911,2014,0.0,117427.0,0.817013,0.0016309999999999999,MLT,UKR,2710
638356,143,228,911,2014,0.0,7918.0,-1.5332459999999999,-1.145973,MMR,UKR,2710
638357,144,228,911,2014,0.0,19968.0,-0.17039100000000001,-0.21762399999999998,MNE,UKR,2710
638358,153,228,911,2014,1892.0,0.0,1.018138,0.774649,MYS,UKR,2710
638359,155,228,911,2014,10035.0,0.0,-0.428227,-0.5632229999999999,NAM,UKR,2710
638360,157,228,911,2014,0.0,29918.0,-0.7187,-0.80918,NER,UKR,2710
638361,159,228,911,2014,16659097.0,788477.0,-1.2126430000000001,-1.059697,NGA,UKR,2710
638362,162,228,911,2014,11833744.0,3880197.0,1.179325,1.355071,NLD,UKR,2710
638363,166,228,911,2014,0.0,5247.0,0.272502,0.21628699999999998,NZL,UKR,2710
638364,167,228,911,2014,8769.0,0.0,-0.505129,-1.0051370000000002,OMN,UKR,2710
638365,168,228,911,2014,0.0,35376.0,-0.672924,0.566787,PAK,UKR,2710
638366,169,228,911,2014,0.0,25801118.0,0.771742,0.9873190000000001,PAN,UKR,2710
638367,173,228,911,2014,0.0,2791.0,-0.557833,0.611826,PER,UKR,2710
638368,177,228,911,2014,315107360.0,142893.0,1.133102,1.177165,POL,UKR,2710
638369,181,228,911,2014,0.0,4133.0,0.030643,0.601905,PSE,UKR,2710
638370,183,228,911,2014,0.0,9838.0,-0.37535599999999997,-1.0196370000000001,QAT,UKR,2710
638371,185,228,911,2014,354361184.0,663972.0,0.9112,1.188161,ROU,UKR,2710
638372,186,228,911,2014,1980597632.0,8410183.0,0.229422,-0.214856,RUS,UKR,2710
638373,192,228,911,2014,20008.0,4157463.0,1.867492,0.626736,SGP,UKR,2710
638374,201,228,911,2014,3282080.0,107292.0,0.551635,1.211535,SRB,UKR,2710
638375,202,228,911,2014,0.0,1168.0,-2.824279,-0.8767969999999999,SSD,UKR,2710
638376,206,228,911,2014,9342.0,8052.0,1.334959,0.821253,SVK,UKR,2710
638377,207,228,911,2014,10108.0,4404.0,1.6558669999999998,0.6814399999999999,SVN,UKR,2710
638378,208,228,911,2014,1318805.0,29838.0,1.817752,0.558474,SWE,UKR,2710
638379,212,228,911,2014,0.0,5338.0,-0.366224,0.9054719999999999,SYR,UKR,2710
638380,215,228,911,2014,0.0,35644.0,-0.524103,-0.537643,TGO,UKR,2710
638381,216,228,911,2014,16861.0,34530.0,0.977094,1.41283,THA,UKR,2710
638382,217,228,911,2014,0.0,95638.0,-0.706823,-0.993756,TJK,UKR,2710
638383,219,228,911,2014,9805940.0,759782.0,-1.217897,-1.184131,TKM,UKR,2710
638384,223,228,911,2014,9580.0,11155.0,0.343449,1.118007,TUN,UKR,2710
638385,224,228,911,2014,19879508.0,2215734.0,0.554761,2.385693,TUR,UKR,2710
638386,231,228,911,2014,675252.0,53711904.0,1.61227,0.068905,USA,UKR,2710
638387,232,228,911,2014,5471304.0,2047158.0,-0.407623,-0.37150700000000003,UZB,UKR,2710
638388,237,228,911,2014,0.0,107641032.0,0.484282,-0.082974,VGB,UKR,2710
638389,239,228,911,2014,0.0,12319.0,-0.023765,1.344416,VNM,UKR,2710
638390,246,228,911,2014,4273.0,1547.0,0.282927,1.723214,ZAF,UKR,2710
638391,248,228,911,2014,0.0,379.0,-0.821369,-0.864232,ZWE,UKR,2710
638392,249,228,911,2014,1060.0,8237.0,1.9044189999999999,1.0595139999999998,TWN,UKR,2710
638393,250,228,911,2014,7399.0,0.0,0.506842,0.049545,ANS,UKR,2710
638394,7,230,911,2014,47603.0,0.0,0.087775,-0.289459,ARE,URY,2710
638395,8,230,911,2014,3681354.0,0.0,0.10691500000000001,0.44860600000000006,ARG,URY,2710
638396,13,230,911,2014,0.0,2752.0,0.169764,-0.621576,ATG,URY,2710
638397,18,230,911,2014,1362293.0,2520.0,1.234156,1.226441,BEL,URY,2710
638398,24,230,911,2014,64596.0,0.0,0.460168,-0.41671099999999994,BHR,URY,2710
638399,31,230,911,2014,74734.0,0.0,-1.129494,-1.030198,BOL,URY,2710
638400,32,230,911,2014,89725320.0,24412180.0,0.218223,0.556921,BRA,URY,2710
638401,39,230,911,2014,6308.0,0.0,0.671395,1.024683,CAN,URY,2710
638402,41,230,911,2014,1389.0,0.0,2.2000919999999997,0.65398,CHE,URY,2710
638403,42,230,911,2014,2320359.0,112793.0,-0.344671,-0.43380799999999997,CHL,URY,2710
638404,43,230,911,2014,6247.0,0.0,1.187557,1.222085,CHN,URY,2710
638405,49,230,911,2014,266095.0,301014.0,0.19864500000000002,-0.378364,COL,URY,2710
638406,55,230,911,2014,0.0,4464460.0,-0.00902,-0.683643,CUW,URY,2710
638407,61,230,911,2014,1330393.0,0.0,2.052849,-2.888805,DEU,URY,2710
638408,64,230,911,2014,11771.0,0.0,1.10869,1.245193,DNK,URY,2710
638409,71,230,911,2014,1214954.0,0.0,0.842147,2.45692,ESP,URY,2710
638410,74,230,911,2014,2757.0,0.0,1.626355,1.002923,FIN,URY,2710
638411,77,230,911,2014,7436762.0,0.0,1.4817790000000002,0.30995,FRA,URY,2710
638412,81,230,911,2014,32077.0,0.0,1.697964,0.585372,GBR,URY,2710
638413,104,230,911,2014,930673.0,0.0,0.262042,2.6305080000000003,IND,URY,2710
638414,110,230,911,2014,60325.0,0.0,1.211141,0.64523,ISR,URY,2710
638415,111,230,911,2014,177873.0,0.0,1.340136,0.43931099999999995,ITA,URY,2710
638416,114,230,911,2014,4768.0,0.0,2.403165,-0.635024,JPN,URY,2710
638417,121,230,911,2014,242332.0,0.0,1.817145,0.8394530000000001,KOR,URY,2710
638418,138,230,911,2014,343545.0,0.0,1.0799729999999998,0.697554,MEX,URY,2710
638419,159,230,911,2014,87194696.0,0.0,-1.2126430000000001,-1.059697,NGA,URY,2710
638420,162,230,911,2014,3365248.0,0.0,1.179325,1.355071,NLD,URY,2710
638421,163,230,911,2014,38545.0,0.0,0.9187049999999999,0.182685,NOR,URY,2710
638422,173,230,911,2014,3903451.0,0.0,-0.557833,0.611826,PER,URY,2710
638423,177,230,911,2014,16867.0,0.0,1.133102,1.177165,POL,URY,2710
638424,179,230,911,2014,26815.0,0.0,0.621053,2.349644,PRT,URY,2710
638425,180,230,911,2014,56385.0,337884.0,-0.608509,-0.930679,PRY,URY,2710
638426,186,230,911,2014,3938614.0,0.0,0.229422,-0.214856,RUS,URY,2710
638427,192,230,911,2014,154199.0,0.0,1.867492,0.626736,SGP,URY,2710
638428,201,230,911,2014,0.0,885.0,0.551635,1.211535,SRB,URY,2710
638429,207,230,911,2014,0.0,734.0,1.6558669999999998,0.6814399999999999,SVN,URY,2710
638430,208,230,911,2014,302385.0,0.0,1.817752,0.558474,SWE,URY,2710
638431,222,230,911,2014,2921371.0,0.0,-0.57362,-1.117545,TTO,URY,2710
638432,224,230,911,2014,122382.0,0.0,0.554761,2.385693,TUR,URY,2710
638433,231,230,911,2014,150415808.0,0.0,1.61227,0.068905,USA,URY,2710
638434,236,230,911,2014,18456.0,0.0,-0.582086,-1.081727,VEN,URY,2710
638435,239,230,911,2014,1830.0,0.0,-0.023765,1.344416,VNM,URY,2710
638436,249,230,911,2014,61024.0,0.0,1.9044189999999999,1.0595139999999998,TWN,URY,2710
638437,250,230,911,2014,11006157.0,16792014.0,0.506842,0.049545,ANS,URY,2710
638438,0,231,911,2014,3953.0,440061216.0,0.779539,-0.32255700000000004,ABW,USA,2710
638439,1,231,911,2014,0.0,363308.0,-0.924386,-0.839385,AFG,USA,2710
638440,2,231,911,2014,410812576.0,2016144.0,-1.8184900000000002,-1.149191,AGO,USA,2710
638441,3,231,911,2014,0.0,17698444.0,0.926517,-0.498487,AIA,USA,2710
638442,4,231,911,2014,0.0,195143.0,-0.476024,-0.33978400000000003,ALB,USA,2710
638443,7,231,911,2014,5025510.0,145102544.0,0.087775,-0.289459,ARE,USA,2710
638444,8,231,911,2014,18924660.0,2391682816.0,0.10691500000000001,0.44860600000000006,ARG,USA,2710
638445,9,231,911,2014,0.0,220070.0,-0.198322,-0.5918680000000001,ARM,USA,2710
638446,13,231,911,2014,114346.0,53832540.0,0.169764,-0.621576,ATG,USA,2710
638447,14,231,911,2014,255170.0,85472328.0,-0.398273,-0.17128,AUS,USA,2710
638448,15,231,911,2014,6177546.0,802164.0,1.7116790000000002,-0.140232,AUT,USA,2710
638449,16,231,911,2014,38697592.0,22704.0,-0.909508,-1.165158,AZE,USA,2710
638450,18,231,911,2014,3154360064.0,1088147328.0,1.234156,1.226441,BEL,USA,2710
638451,19,231,911,2014,0.0,477759.0,-0.342225,-0.618789,BEN,USA,2710
638452,21,231,911,2014,137488.0,7333.0,-0.922401,-0.9554379999999999,BFA,USA,2710
638453,22,231,911,2014,0.0,825605.0,-1.0341879999999999,-0.9614870000000001,BGD,USA,2710
638454,23,231,911,2014,9765396.0,207028.0,0.579058,1.6558110000000001,BGR,USA,2710
638455,24,231,911,2014,101230104.0,2156774.0,0.460168,-0.41671099999999994,BHR,USA,2710
638456,25,231,911,2014,65553776.0,1345397120.0,0.314465,-0.60458,BHS,USA,2710
638457,26,231,911,2014,3075763.0,17432.0,0.5083300000000001,0.711704,BIH,USA,2710
638458,28,231,911,2014,64722.0,15313.0,0.874108,0.676231,BLR,USA,2710
638459,29,231,911,2014,4825642.0,3370002.0,-0.324446,-0.552126,BLZ,USA,2710
638460,30,231,911,2014,0.0,143438288.0,1.217808,-0.16376300000000002,BMU,USA,2710
638461,31,231,911,2014,153110.0,110441992.0,-1.129494,-1.030198,BOL,USA,2710
638462,32,231,911,2014,836998208.0,5113913344.0,0.218223,0.556921,BRA,USA,2710
638463,33,231,911,2014,3178.0,57637488.0,0.44968400000000003,-0.15268900000000002,BRB,USA,2710
638464,34,231,911,2014,0.0,142719.0,0.191357,-0.683567,BRN,USA,2710
638465,37,231,911,2014,0.0,1069.0,-0.60221,-1.104578,BWA,USA,2710
638466,38,231,911,2014,0.0,2397.0,0.695875,0.543384,CAF,USA,2710
638467,39,231,911,2014,14239220736.0,13435253760.0,0.671395,1.024683,CAN,USA,2710
638468,41,231,911,2014,79902448.0,2727892.0,2.2000919999999997,0.65398,CHE,USA,2710
638469,42,231,911,2014,37117480.0,4825327104.0,-0.344671,-0.43380799999999997,CHL,USA,2710
638470,43,231,911,2014,360748320.0,655516416.0,1.187557,1.222085,CHN,USA,2710
638471,44,231,911,2014,85861456.0,24073706.0,-0.737625,-0.768728,CIV,USA,2710
638472,45,231,911,2014,59150160.0,1192271.0,-0.6723520000000001,-0.945084,CMR,USA,2710
638473,46,231,911,2014,0.0,185558.0,-1.6680240000000002,-1.1265129999999999,COD,USA,2710
638474,47,231,911,2014,138181392.0,227082.0,-1.371624,-1.12468,COG,USA,2710
638475,49,231,911,2014,887026240.0,5957859328.0,0.19864500000000002,-0.378364,COL,USA,2710
638476,51,231,911,2014,0.0,4925.0,-0.182368,-0.7136359999999999,CPV,USA,2710
638477,52,231,911,2014,12442.0,1808161792.0,0.065938,-0.687971,CRI,USA,2710
638478,55,231,911,2014,206017712.0,236004160.0,-0.00902,-0.683643,CUW,USA,2710
638479,57,231,911,2014,0.0,175615120.0,1.199562,-0.66969,CYM,USA,2710
638480,58,231,911,2014,37714.0,4836004.0,0.627467,0.483725,CYP,USA,2710
638481,59,231,911,2014,422943.0,210925.0,1.8105830000000003,0.131131,CZE,USA,2710
638482,61,231,911,2014,122526392.0,187588864.0,2.052849,-2.888805,DEU,USA,2710
638483,62,231,911,2014,0.0,507861.0,-0.394602,-0.74178,DJI,USA,2710
638484,63,231,911,2014,0.0,1118945.0,0.294596,-0.310069,DMA,USA,2710
638485,64,231,911,2014,62626016.0,5152228.0,1.10869,1.245193,DNK,USA,2710
638486,65,231,911,2014,7596814.0,1279709440.0,-0.180845,0.508512,DOM,USA,2710
638487,66,231,911,2014,4162768128.0,46729448.0,-1.5554649999999999,-1.1657030000000002,DZA,USA,2710
638488,67,231,911,2014,90191632.0,3669811968.0,-1.066865,-1.052921,ECU,USA,2710
638489,68,231,911,2014,138741.0,919547968.0,-0.086866,1.7419669999999998,EGY,USA,2710
638490,71,231,911,2014,2370931456.0,425776480.0,0.842147,2.45692,ESP,USA,2710
638491,72,231,911,2014,5758327.0,71051.0,0.9147780000000001,1.151556,EST,USA,2710
638492,73,231,911,2014,2092.0,58119.0,-1.296535,-1.045942,ETH,USA,2710
638493,74,231,911,2014,567192960.0,50244892.0,1.626355,1.002923,FIN,USA,2710
638494,75,231,911,2014,0.0,17347.0,-0.306346,-0.07688500000000001,FJI,USA,2710
638495,76,231,911,2014,0.0,14111.0,-0.558974,-0.8402059999999999,FLK,USA,2710
638496,77,231,911,2014,1196406784.0,4593076736.0,1.4817790000000002,0.30995,FRA,USA,2710
638497,79,231,911,2014,0.0,218463.0,-0.32643099999999997,-0.8248049999999999,FSM,USA,2710
638498,80,231,911,2014,66177108.0,652875.0,-1.625474,-1.135973,GAB,USA,2710
638499,81,231,911,2014,5013081600.0,1307669120.0,1.697964,0.585372,GBR,USA,2710
638500,82,231,911,2014,143320144.0,571672.0,-0.254106,-0.646584,GEO,USA,2710
638501,83,231,911,2014,0.0,356053344.0,-1.130226,-0.9909379999999999,GHA,USA,2710
638502,84,231,911,2014,0.0,1814927232.0,0.275796,-0.720217,GIB,USA,2710
638503,85,231,911,2014,0.0,251021.0,-1.628409,-1.202473,GIN,USA,2710
638504,87,231,911,2014,0.0,3300.0,-0.905488,-0.7892819999999999,GMB,USA,2710
638505,88,231,911,2014,0.0,192535.0,-1.6723700000000001,-0.896442,GNB,USA,2710
638506,89,231,911,2014,0.0,2319765.0,-2.043516,-0.844701,GNQ,USA,2710
638507,90,231,911,2014,24643662.0,5860802.0,0.149337,0.8560540000000001,GRC,USA,2710
638508,91,231,911,2014,0.0,6730598.0,-0.184151,-0.7291270000000001,GRD,USA,2710
638509,92,231,911,2014,0.0,18322.0,-1.168495,-0.93096,GRL,USA,2710
638510,93,231,911,2014,12831.0,1662428160.0,-0.36547199999999996,0.548894,GTM,USA,2710
638511,96,231,911,2014,0.0,13843786.0,-1.068777,-1.038227,GUY,USA,2710
638512,97,231,911,2014,12601959.0,9224187.0,0.812132,1.722493,HKG,USA,2710
638513,99,231,911,2014,6272.0,1500823040.0,-0.467004,0.045511,HND,USA,2710
638514,100,231,911,2014,4823.0,124117.0,0.804401,1.250807,HRV,USA,2710
638515,101,231,911,2014,0.0,150395264.0,-1.10887,-1.032108,HTI,USA,2710
638516,102,231,911,2014,45015.0,587468.0,1.477093,0.812869,HUN,USA,2710
638517,103,231,911,2014,7121884.0,16859112.0,-0.088032,1.3966459999999998,IDN,USA,2710
638518,104,231,911,2014,4015321856.0,162239280.0,0.262042,2.6305080000000003,IND,USA,2710
638519,106,231,911,2014,267158080.0,9451174.0,1.2658399999999999,0.278546,IRL,USA,2710
638520,107,231,911,2014,0.0,30660.0,-0.361058,-0.312743,IRN,USA,2710
638521,108,231,911,2014,110559376.0,3649192.0,-2.9169,-0.882023,IRQ,USA,2710
638522,109,231,911,2014,4611954.0,31584778.0,0.127891,-0.302014,ISL,USA,2710
638523,110,231,911,2014,6678244.0,432669856.0,1.211141,0.64523,ISR,USA,2710
638524,111,231,911,2014,514716832.0,742024256.0,1.340136,0.43931099999999995,ITA,USA,2710
638525,112,231,911,2014,876336.0,605929088.0,-0.42745299999999997,-0.7750130000000001,JAM,USA,2710
638526,113,231,911,2014,0.0,4913607.0,0.210208,0.48732299999999995,JOR,USA,2710
638527,114,231,911,2014,364498816.0,489285312.0,2.403165,-0.635024,JPN,USA,2710
638528,115,231,911,2014,643154880.0,2696136.0,-0.210431,-0.574075,KAZ,USA,2710
638529,116,231,911,2014,0.0,341840.0,-0.487058,0.307288,KEN,USA,2710
638530,117,231,911,2014,271215.0,254691.0,-0.31942600000000004,-0.012454,KGZ,USA,2710
638531,118,231,911,2014,0.0,605373.0,-0.84072,-0.8307040000000001,KHM,USA,2710
638532,119,231,911,2014,44819.0,10061.0,0.708907,-0.540813,KIR,USA,2710
638533,120,231,911,2014,17603.0,26779832.0,0.9888950000000001,-0.28283800000000003,KNA,USA,2710
638534,121,231,911,2014,2961040128.0,837979648.0,1.817145,0.8394530000000001,KOR,USA,2710
638535,122,231,911,2014,92410632.0,6458619.0,-0.769616,-1.10667,KWT,USA,2710
638536,123,231,911,2014,0.0,12694.0,-1.054294,-0.869916,LAO,USA,2710
638537,124,231,911,2014,0.0,339633344.0,0.308677,1.7564490000000001,LBN,USA,2710
638538,125,231,911,2014,72729.0,2264279.0,-1.016828,-1.107983,LBR,USA,2710
638539,126,231,911,2014,53864088.0,42966760.0,-1.5943829999999999,-1.189961,LBY,USA,2710
638540,127,231,911,2014,2997243.0,447034720.0,0.29035500000000003,-0.603541,LCA,USA,2710
638541,128,231,911,2014,0.0,259515.0,-0.49366899999999997,0.338686,LKA,USA,2710
638542,130,231,911,2014,759993408.0,23214984.0,0.764495,1.3451540000000002,LTU,USA,2710
638543,131,231,911,2014,9150.0,56377.0,1.243845,1.155474,LUX,USA,2710
638544,132,231,911,2014,40231.0,1591791.0,0.613116,1.1899790000000001,LVA,USA,2710
638545,133,231,911,2014,0.0,217647.0,0.704535,0.5856140000000001,MAC,USA,2710
638546,134,231,911,2014,0.0,525770080.0,-0.574034,0.065788,MAR,USA,2710
638547,135,231,911,2014,0.0,4028.0,-0.10438199999999999,-0.093194,MDA,USA,2710
638548,136,231,911,2014,0.0,39312.0,-1.002122,-0.44446,MDG,USA,2710
638549,137,231,911,2014,0.0,15344.0,-0.43265299999999995,-0.82696,MDV,USA,2710
638550,138,231,911,2014,2473600000.0,18487496704.0,1.0799729999999998,0.697554,MEX,USA,2710
638551,139,231,911,2014,51641.0,93559.0,-0.22505,-0.803084,MHL,USA,2710
638552,140,231,911,2014,82185.0,6832104.0,-0.039799,-0.05545,MKD,USA,2710
638553,142,231,911,2014,4793782.0,743565696.0,0.817013,0.0016309999999999999,MLT,USA,2710
638554,143,231,911,2014,0.0,331346.0,-1.5332459999999999,-1.145973,MMR,USA,2710
638555,144,231,911,2014,0.0,39866.0,-0.17039100000000001,-0.21762399999999998,MNE,USA,2710
638556,145,231,911,2014,0.0,691965.0,-1.425524,-1.161949,MNG,USA,2710
638557,147,231,911,2014,0.0,53418.0,-1.1993610000000001,-1.040181,MOZ,USA,2710
638558,148,231,911,2014,0.0,9307.0,-1.458551,-1.225373,MRT,USA,2710
638559,149,231,911,2014,0.0,125324.0,0.44890399999999997,-0.46028,MSR,USA,2710
638560,151,231,911,2014,0.0,31817.0,-0.029891,-0.12431099999999999,MUS,USA,2710
638561,152,231,911,2014,0.0,1149.0,-0.494204,-0.751903,MWI,USA,2710
638562,153,231,911,2014,43548.0,33089514.0,1.018138,0.774649,MYS,USA,2710
638563,155,231,911,2014,0.0,16819.0,-0.428227,-0.5632229999999999,NAM,USA,2710
638564,156,231,911,2014,0.0,18885.0,-0.509789,-0.767484,NCL,USA,2710
638565,157,231,911,2014,135963.0,56727.0,-0.7187,-0.80918,NER,USA,2710
638566,159,231,911,2014,836324544.0,1991923328.0,-1.2126430000000001,-1.059697,NGA,USA,2710
638567,160,231,911,2014,96300.0,21017106.0,-0.938269,-0.839066,NIC,USA,2710
638568,162,231,911,2014,3343688448.0,7248482816.0,1.179325,1.355071,NLD,USA,2710
638569,163,231,911,2014,1434391040.0,186216784.0,0.9187049999999999,0.182685,NOR,USA,2710
638570,164,231,911,2014,0.0,2341.0,-0.11988199999999999,0.655883,NPL,USA,2710
638571,166,231,911,2014,16629.0,4743456.0,0.272502,0.21628699999999998,NZL,USA,2710
638572,167,231,911,2014,8859608.0,4926068.0,-0.505129,-1.0051370000000002,OMN,USA,2710
638573,168,231,911,2014,0.0,1449913.0,-0.672924,0.566787,PAK,USA,2710
638574,169,231,911,2014,1440315.0,5471651328.0,0.771742,0.9873190000000001,PAN,USA,2710
638575,173,231,911,2014,923671232.0,2669172736.0,-0.557833,0.611826,PER,USA,2710
638576,174,231,911,2014,0.0,15159057.0,0.637442,0.475883,PHL,USA,2710
638577,175,231,911,2014,0.0,42893.0,0.38879600000000003,-0.532062,PLW,USA,2710
638578,176,231,911,2014,0.0,89428.0,-1.564904,-1.146255,PNG,USA,2710
638579,177,231,911,2014,90467872.0,950850.0,1.133102,1.177165,POL,USA,2710
638580,179,231,911,2014,672071744.0,2888905.0,0.621053,2.349644,PRT,USA,2710
638581,180,231,911,2014,52885.0,72579320.0,-0.608509,-0.930679,PRY,USA,2710
638582,181,231,911,2014,0.0,39230.0,0.030643,0.601905,PSE,USA,2710
638583,182,231,911,2014,0.0,290281.0,0.008831,-0.6268279999999999,PYF,USA,2710
638584,183,231,911,2014,539556736.0,2890752.0,-0.37535599999999997,-1.0196370000000001,QAT,USA,2710
638585,185,231,911,2014,0.0,147362496.0,0.9112,1.188161,ROU,USA,2710
638586,186,231,911,2014,10636696576.0,30900844.0,0.229422,-0.214856,RUS,USA,2710
638587,187,231,911,2014,56950.0,1258.0,-0.5692659999999999,-0.447859,RWA,USA,2710
638588,188,231,911,2014,804592768.0,51015976.0,0.5758439999999999,-0.832692,SAU,USA,2710
638589,190,231,911,2014,0.0,16334.0,-1.442381,-1.1155030000000001,SDN,USA,2710
638590,191,231,911,2014,0.0,25065.0,-0.502607,-0.08866,SEN,USA,2710
638591,192,231,911,2014,164965536.0,3709240320.0,1.867492,0.626736,SGP,USA,2710
638592,195,231,911,2014,0.0,15313.0,-0.862089,-0.9075840000000001,SLB,USA,2710
638593,196,231,911,2014,0.0,242336.0,-0.9228569999999999,-0.791482,SLE,USA,2710
638594,197,231,911,2014,1156777.0,759438784.0,0.08653999999999999,0.29088600000000003,SLV,USA,2710
638595,201,231,911,2014,104556.0,22632.0,0.551635,1.211535,SRB,USA,2710
638596,203,231,911,2014,0.0,490010.0,1.172431,-0.024141,STP,USA,2710
638597,205,231,911,2014,174771616.0,17967702.0,-0.6333989999999999,-0.857643,SUR,USA,2710
638598,206,231,911,2014,2087.0,82427.0,1.334959,0.821253,SVK,USA,2710
638599,207,231,911,2014,0.0,31317024.0,1.6558669999999998,0.6814399999999999,SVN,USA,2710
638600,208,231,911,2014,623703808.0,6848398.0,1.817752,0.558474,SWE,USA,2710
638601,209,231,911,2014,42801.0,0.0,0.22972199999999998,-0.365564,SWZ,USA,2710
638602,210,231,911,2014,5083.0,28633494.0,0.6489020000000001,-0.646605,SXM,USA,2710
638603,211,231,911,2014,0.0,10065.0,0.358111,-0.484879,SYC,USA,2710
638604,213,231,911,2014,0.0,39025608.0,0.474182,-0.198892,TCA,USA,2710
638605,214,231,911,2014,47719732.0,22882.0,-2.012048,-0.921558,TCD,USA,2710
638606,215,231,911,2014,1260119.0,894595136.0,-0.524103,-0.537643,TGO,USA,2710
638607,216,231,911,2014,7581542.0,18991172.0,0.977094,1.41283,THA,USA,2710
638608,219,231,911,2014,0.0,535737.0,-1.217897,-1.184131,TKM,USA,2710
638609,221,231,911,2014,0.0,31154.0,-0.11129100000000001,-0.523176,TON,USA,2710
638610,222,231,911,2014,1100446336.0,65904880.0,-0.57362,-1.117545,TTO,USA,2710
638611,223,231,911,2014,130185552.0,159828688.0,0.343449,1.118007,TUN,USA,2710
638612,224,231,911,2014,25504762.0,660858816.0,0.554761,2.385693,TUR,USA,2710
638613,226,231,911,2014,0.0,596526.0,-1.054331,0.166345,TZA,USA,2710
638614,227,231,911,2014,0.0,10085.0,-0.46911800000000003,0.25446599999999997,UGA,USA,2710
638615,228,231,911,2014,53711904.0,675252.0,0.566535,0.832267,UKR,USA,2710
638616,230,231,911,2014,0.0,150415808.0,0.154034,-0.380899,URY,USA,2710
638617,232,231,911,2014,0.0,5188999.0,-0.407623,-0.37150700000000003,UZB,USA,2710
638618,234,231,911,2014,0.0,4286102.0,0.034024,-0.522492,VCT,USA,2710
638619,236,231,911,2014,2322854144.0,2701796096.0,-0.582086,-1.081727,VEN,USA,2710
638620,237,231,911,2014,0.0,21642998.0,0.484282,-0.082974,VGB,USA,2710
638621,239,231,911,2014,22558370.0,13797102.0,-0.023765,1.344416,VNM,USA,2710
638622,242,231,911,2014,0.0,186938.0,0.602344,-0.051224,WSM,USA,2710
638623,243,231,911,2014,0.0,1258092.0,-1.2829190000000001,-1.227373,YEM,USA,2710
638624,246,231,911,2014,2728730.0,64429012.0,0.282927,1.723214,ZAF,USA,2710
638625,247,231,911,2014,0.0,12520.0,-0.664089,-0.793452,ZMB,USA,2710
638626,248,231,911,2014,0.0,3790030.0,-0.821369,-0.864232,ZWE,USA,2710
638627,249,231,911,2014,39967740.0,673774016.0,1.9044189999999999,1.0595139999999998,TWN,USA,2710
638628,0,236,911,2014,8748.0,13329.0,0.779539,-0.32255700000000004,ABW,VEN,2710
638629,15,236,911,2014,208476.0,0.0,1.7116790000000002,-0.140232,AUT,VEN,2710
638630,18,236,911,2014,1594357.0,21409112.0,1.234156,1.226441,BEL,VEN,2710
638631,19,236,911,2014,0.0,2551496.0,-0.342225,-0.618789,BEN,VEN,2710
638632,29,236,911,2014,166275.0,0.0,-0.324446,-0.552126,BLZ,VEN,2710
638633,31,236,911,2014,828768.0,630968.0,-1.129494,-1.030198,BOL,VEN,2710
638634,32,236,911,2014,5089794.0,668437888.0,0.218223,0.556921,BRA,VEN,2710
638635,39,236,911,2014,466608.0,2029336.0,0.671395,1.024683,CAN,VEN,2710
638636,41,236,911,2014,24313.0,0.0,2.2000919999999997,0.65398,CHE,VEN,2710
638637,43,236,911,2014,1961523.0,2094145280.0,1.187557,1.222085,CHN,VEN,2710
638638,49,236,911,2014,7617411.0,47156088.0,0.19864500000000002,-0.378364,COL,VEN,2710
638639,61,236,911,2014,519854.0,22896640.0,2.052849,-2.888805,DEU,VEN,2710
638640,65,236,911,2014,4519.0,357736704.0,-0.180845,0.508512,DOM,VEN,2710
638641,66,236,911,2014,15667653.0,0.0,-1.5554649999999999,-1.1657030000000002,DZA,VEN,2710
638642,67,236,911,2014,0.0,50869.0,-1.066865,-1.052921,ECU,VEN,2710
638643,71,236,911,2014,1609899.0,13260320.0,0.842147,2.45692,ESP,VEN,2710
638644,74,236,911,2014,0.0,22804558.0,1.626355,1.002923,FIN,VEN,2710
638645,77,236,911,2014,29692214.0,30473368.0,1.4817790000000002,0.30995,FRA,VEN,2710
638646,81,236,911,2014,16863136.0,40562712.0,1.697964,0.585372,GBR,VEN,2710
638647,93,236,911,2014,0.0,7460734.0,-0.36547199999999996,0.548894,GTM,VEN,2710
638648,96,236,911,2014,0.0,207552592.0,-1.068777,-1.038227,GUY,VEN,2710
638649,97,236,911,2014,2716.0,0.0,0.812132,1.722493,HKG,VEN,2710
638650,99,236,911,2014,0.0,556375.0,-0.467004,0.045511,HND,VEN,2710
638651,104,236,911,2014,0.0,52090688.0,0.262042,2.6305080000000003,IND,VEN,2710
638652,106,236,911,2014,25905008.0,0.0,1.2658399999999999,0.278546,IRL,VEN,2710
638653,111,236,911,2014,49270312.0,0.0,1.340136,0.43931099999999995,ITA,VEN,2710
638654,112,236,911,2014,0.0,131074344.0,-0.42745299999999997,-0.7750130000000001,JAM,VEN,2710
638655,114,236,911,2014,73816.0,0.0,2.403165,-0.635024,JPN,VEN,2710
638656,121,236,911,2014,4704.0,2983724.0,1.817145,0.8394530000000001,KOR,VEN,2710
638657,134,236,911,2014,0.0,68405888.0,-0.574034,0.065788,MAR,VEN,2710
638658,138,236,911,2014,1746117.0,0.0,1.0799729999999998,0.697554,MEX,VEN,2710
638659,157,236,911,2014,1331177.0,2883280.0,-0.7187,-0.80918,NER,VEN,2710
638660,160,236,911,2014,0.0,41244996.0,-0.938269,-0.839066,NIC,VEN,2710
638661,162,236,911,2014,45052524.0,1130.0,1.179325,1.355071,NLD,VEN,2710
638662,169,236,911,2014,8853.0,28064.0,0.771742,0.9873190000000001,PAN,VEN,2710
638663,173,236,911,2014,6139354.0,174395.0,-0.557833,0.611826,PER,VEN,2710
638664,179,236,911,2014,16181927.0,0.0,0.621053,2.349644,PRT,VEN,2710
638665,180,236,911,2014,0.0,61305.0,-0.608509,-0.930679,PRY,VEN,2710
638666,185,236,911,2014,36210.0,0.0,0.9112,1.188161,ROU,VEN,2710
638667,186,236,911,2014,11848781.0,0.0,0.229422,-0.214856,RUS,VEN,2710
638668,191,236,911,2014,0.0,13671371.0,-0.502607,-0.08866,SEN,VEN,2710
638669,192,236,911,2014,0.0,3363653632.0,1.867492,0.626736,SGP,VEN,2710
638670,197,236,911,2014,28629.0,160199680.0,0.08653999999999999,0.29088600000000003,SLV,VEN,2710
638671,205,236,911,2014,0.0,12299618.0,-0.6333989999999999,-0.857643,SUR,VEN,2710
638672,208,236,911,2014,12431.0,23137.0,1.817752,0.558474,SWE,VEN,2710
638673,215,236,911,2014,0.0,3216959.0,-0.524103,-0.537643,TGO,VEN,2710
638674,222,236,911,2014,4446989.0,0.0,-0.57362,-1.117545,TTO,VEN,2710
638675,224,236,911,2014,151013.0,0.0,0.554761,2.385693,TUR,VEN,2710
638676,230,236,911,2014,0.0,18456.0,0.154034,-0.380899,URY,VEN,2710
638677,231,236,911,2014,2701796096.0,2322854144.0,1.61227,0.068905,USA,VEN,2710
638678,234,236,911,2014,0.0,25505546.0,0.034024,-0.522492,VCT,VEN,2710
638679,7,243,911,2014,78241968.0,243502.0,0.087775,-0.289459,ARE,YEM,2710
638680,15,243,911,2014,3261.0,0.0,1.7116790000000002,-0.140232,AUT,YEM,2710
638681,18,243,911,2014,169630880.0,0.0,1.234156,1.226441,BEL,YEM,2710
638682,23,243,911,2014,3002184.0,0.0,0.579058,1.6558110000000001,BGR,YEM,2710
638683,24,243,911,2014,21420452.0,0.0,0.460168,-0.41671099999999994,BHR,YEM,2710
638684,43,243,911,2014,27580.0,23362990.0,1.187557,1.222085,CHN,YEM,2710
638685,61,243,911,2014,1624043.0,41115.0,2.052849,-2.888805,DEU,YEM,2710
638686,64,243,911,2014,1610.0,0.0,1.10869,1.245193,DNK,YEM,2710
638687,68,243,911,2014,244818.0,15756410.0,-0.086866,1.7419669999999998,EGY,YEM,2710
638688,69,243,911,2014,0.0,5558.0,-2.345215,-1.051413,ERI,YEM,2710
638689,71,243,911,2014,278750.0,0.0,0.842147,2.45692,ESP,YEM,2710
638690,73,243,911,2014,0.0,15066471.0,-1.296535,-1.045942,ETH,YEM,2710
638691,77,243,911,2014,71888256.0,0.0,1.4817790000000002,0.30995,FRA,YEM,2710
638692,81,243,911,2014,183857.0,0.0,1.697964,0.585372,GBR,YEM,2710
638693,90,243,911,2014,0.0,20073886.0,0.149337,0.8560540000000001,GRC,YEM,2710
638694,103,243,911,2014,718904.0,0.0,-0.088032,1.3966459999999998,IDN,YEM,2710
638695,104,243,911,2014,414711520.0,41133884.0,0.262042,2.6305080000000003,IND,YEM,2710
638696,107,243,911,2014,951001.0,0.0,-0.361058,-0.312743,IRN,YEM,2710
638697,111,243,911,2014,537336.0,0.0,1.340136,0.43931099999999995,ITA,YEM,2710
638698,113,243,911,2014,0.0,198276.0,0.210208,0.48732299999999995,JOR,YEM,2710
638699,114,243,911,2014,26620726.0,19921638.0,2.403165,-0.635024,JPN,YEM,2710
638700,121,243,911,2014,97595680.0,52474464.0,1.817145,0.8394530000000001,KOR,YEM,2710
638701,122,243,911,2014,93868.0,0.0,-0.769616,-1.10667,KWT,YEM,2710
638702,131,243,911,2014,3506.0,0.0,1.243845,1.155474,LUX,YEM,2710
638703,143,243,911,2014,0.0,450419.0,-1.5332459999999999,-1.145973,MMR,YEM,2710
638704,153,243,911,2014,29879874.0,23688206.0,1.018138,0.774649,MYS,YEM,2710
638705,162,243,911,2014,313338688.0,14855511.0,1.179325,1.355071,NLD,YEM,2710
638706,167,243,911,2014,2534160.0,2469.0,-0.505129,-1.0051370000000002,OMN,YEM,2710
638707,186,243,911,2014,3265157.0,0.0,0.229422,-0.214856,RUS,YEM,2710
638708,188,243,911,2014,9490287.0,0.0,0.5758439999999999,-0.832692,SAU,YEM,2710
638709,190,243,911,2014,0.0,18901264.0,-1.442381,-1.1155030000000001,SDN,YEM,2710
638710,192,243,911,2014,33927736.0,0.0,1.867492,0.626736,SGP,YEM,2710
638711,199,243,911,2014,0.0,9397.0,-1.41991,-1.010693,SOM,YEM,2710
638712,208,243,911,2014,27236.0,0.0,1.817752,0.558474,SWE,YEM,2710
638713,224,243,911,2014,1164927.0,3358.0,0.554761,2.385693,TUR,YEM,2710
638714,231,243,911,2014,1258092.0,0.0,1.61227,0.068905,USA,YEM,2710
638715,239,243,911,2014,24546.0,2020.0,-0.023765,1.344416,VNM,YEM,2710
638716,249,243,911,2014,43786932.0,102394856.0,1.9044189999999999,1.0595139999999998,TWN,YEM,2710
638717,250,243,911,2014,11055628.0,0.0,0.506842,0.049545,ANS,YEM,2710
638718,2,246,911,2014,0.0,42067668.0,-1.8184900000000002,-1.149191,AGO,ZAF,2710
638719,7,246,911,2014,305929216.0,3236418.0,0.087775,-0.289459,ARE,ZAF,2710
638720,13,246,911,2014,15229.0,5619140.0,0.169764,-0.621576,ATG,ZAF,2710
638721,14,246,911,2014,66923.0,2141554.0,-0.398273,-0.17128,AUS,ZAF,2710
638722,15,246,911,2014,305683.0,0.0,1.7116790000000002,-0.140232,AUT,ZAF,2710
638723,16,246,911,2014,2674.0,1577.0,-0.909508,-1.165158,AZE,ZAF,2710
638724,17,246,911,2014,0.0,1082624.0,-0.242256,-0.8567879999999999,BDI,ZAF,2710
638725,18,246,911,2014,22023952.0,949528.0,1.234156,1.226441,BEL,ZAF,2710
638726,19,246,911,2014,949.0,3381255.0,-0.342225,-0.618789,BEN,ZAF,2710
638727,21,246,911,2014,3821.0,245516.0,-0.922401,-0.9554379999999999,BFA,ZAF,2710
638728,22,246,911,2014,0.0,260200.0,-1.0341879999999999,-0.9614870000000001,BGD,ZAF,2710
638729,24,246,911,2014,2182221.0,46484.0,0.460168,-0.41671099999999994,BHR,ZAF,2710
638730,25,246,911,2014,5970069.0,5225936.0,0.314465,-0.60458,BHS,ZAF,2710
638731,29,246,911,2014,0.0,495403.0,-0.324446,-0.552126,BLZ,ZAF,2710
638732,30,246,911,2014,0.0,553731.0,1.217808,-0.16376300000000002,BMU,ZAF,2710
638733,32,246,911,2014,3660515.0,1083036.0,0.218223,0.556921,BRA,ZAF,2710
638734,33,246,911,2014,0.0,246938.0,0.44968400000000003,-0.15268900000000002,BRB,ZAF,2710
638735,37,246,911,2014,734456.0,927894080.0,-0.60221,-1.104578,BWA,ZAF,2710
638736,39,246,911,2014,407958.0,5519.0,0.671395,1.024683,CAN,ZAF,2710
638737,41,246,911,2014,56481.0,83778.0,2.2000919999999997,0.65398,CHE,ZAF,2710
638738,42,246,911,2014,0.0,52419.0,-0.344671,-0.43380799999999997,CHL,ZAF,2710
638739,43,246,911,2014,1047826.0,1228548.0,1.187557,1.222085,CHN,ZAF,2710
638740,44,246,911,2014,0.0,590007.0,-0.737625,-0.768728,CIV,ZAF,2710
638741,45,246,911,2014,0.0,421993.0,-0.6723520000000001,-0.945084,CMR,ZAF,2710
638742,46,246,911,2014,0.0,109768312.0,-1.6680240000000002,-1.1265129999999999,COD,ZAF,2710
638743,47,246,911,2014,2064.0,25413264.0,-1.371624,-1.12468,COG,ZAF,2710
638744,48,246,911,2014,0.0,89976.0,0.151329,-0.693285,COK,ZAF,2710
638745,49,246,911,2014,0.0,267802.0,0.19864500000000002,-0.378364,COL,ZAF,2710
638746,50,246,911,2014,0.0,4354.0,-0.19200699999999998,-0.761303,COM,ZAF,2710
638747,57,246,911,2014,1212.0,4232094.0,1.199562,-0.66969,CYM,ZAF,2710
638748,58,246,911,2014,408576.0,2706854.0,0.627467,0.483725,CYP,ZAF,2710
638749,59,246,911,2014,10431.0,0.0,1.8105830000000003,0.131131,CZE,ZAF,2710
638750,61,246,911,2014,32469896.0,9142640.0,2.052849,-2.888805,DEU,ZAF,2710
638751,62,246,911,2014,0.0,59299.0,-0.394602,-0.74178,DJI,ZAF,2710
638752,63,246,911,2014,0.0,210199.0,0.294596,-0.310069,DMA,ZAF,2710
638753,64,246,911,2014,67315.0,359242.0,1.10869,1.245193,DNK,ZAF,2710
638754,67,246,911,2014,0.0,8882.0,-1.066865,-1.052921,ECU,ZAF,2710
638755,68,246,911,2014,470193.0,0.0,-0.086866,1.7419669999999998,EGY,ZAF,2710
638756,69,246,911,2014,0.0,6593.0,-2.345215,-1.051413,ERI,ZAF,2710
638757,71,246,911,2014,8641406.0,96357.0,0.842147,2.45692,ESP,ZAF,2710
638758,73,246,911,2014,770666.0,3666.0,-1.296535,-1.045942,ETH,ZAF,2710
638759,74,246,911,2014,18978.0,1840.0,1.626355,1.002923,FIN,ZAF,2710
638760,76,246,911,2014,0.0,93779.0,-0.558974,-0.8402059999999999,FLK,ZAF,2710
638761,77,246,911,2014,30078178.0,630691.0,1.4817790000000002,0.30995,FRA,ZAF,2710
638762,80,246,911,2014,0.0,5865722.0,-1.625474,-1.135973,GAB,ZAF,2710
638763,81,246,911,2014,282281504.0,89473.0,1.697964,0.585372,GBR,ZAF,2710
638764,83,246,911,2014,0.0,1622470.0,-1.130226,-0.9909379999999999,GHA,ZAF,2710
638765,84,246,911,2014,0.0,1138608.0,0.275796,-0.720217,GIB,ZAF,2710
638766,85,246,911,2014,0.0,33675.0,-1.628409,-1.202473,GIN,ZAF,2710
638767,87,246,911,2014,0.0,193523.0,-0.905488,-0.7892819999999999,GMB,ZAF,2710
638768,89,246,911,2014,0.0,123196.0,-2.043516,-0.844701,GNQ,ZAF,2710
638769,90,246,911,2014,10225.0,1538802.0,0.149337,0.8560540000000001,GRC,ZAF,2710
638770,97,246,911,2014,49218.0,4112914.0,0.812132,1.722493,HKG,ZAF,2710
638771,100,246,911,2014,0.0,77962.0,0.804401,1.250807,HRV,ZAF,2710
638772,103,246,911,2014,362558.0,121023.0,-0.088032,1.3966459999999998,IDN,ZAF,2710
638773,104,246,911,2014,1891761792.0,6236767.0,0.262042,2.6305080000000003,IND,ZAF,2710
638774,106,246,911,2014,4047.0,4548.0,1.2658399999999999,0.278546,IRL,ZAF,2710
638775,107,246,911,2014,11011.0,0.0,-0.361058,-0.312743,IRN,ZAF,2710
638776,110,246,911,2014,32492.0,757826.0,1.211141,0.64523,ISR,ZAF,2710
638777,111,246,911,2014,211464800.0,1334059.0,1.340136,0.43931099999999995,ITA,ZAF,2710
638778,112,246,911,2014,0.0,16024.0,-0.42745299999999997,-0.7750130000000001,JAM,ZAF,2710
638779,114,246,911,2014,10394289.0,343107.0,2.403165,-0.635024,JPN,ZAF,2710
638780,115,246,911,2014,0.0,4885.0,-0.210431,-0.574075,KAZ,ZAF,2710
638781,116,246,911,2014,0.0,2478945.0,-0.487058,0.307288,KEN,ZAF,2710
638782,119,246,911,2014,0.0,48543.0,0.708907,-0.540813,KIR,ZAF,2710
638783,120,246,911,2014,0.0,90175.0,0.9888950000000001,-0.28283800000000003,KNA,ZAF,2710
638784,121,246,911,2014,25134968.0,327564.0,1.817145,0.8394530000000001,KOR,ZAF,2710
638785,122,246,911,2014,71981736.0,0.0,-0.769616,-1.10667,KWT,ZAF,2710
638786,124,246,911,2014,805.0,48744.0,0.308677,1.7564490000000001,LBN,ZAF,2710
638787,125,246,911,2014,26237.0,20742648.0,-1.016828,-1.107983,LBR,ZAF,2710
638788,126,246,911,2014,0.0,2701.0,-1.5943829999999999,-1.189961,LBY,ZAF,2710
638789,128,246,911,2014,0.0,141233.0,-0.49366899999999997,0.338686,LKA,ZAF,2710
638790,129,246,911,2014,80709.0,193871552.0,-0.59647,-0.58713,LSO,ZAF,2710
638791,130,246,911,2014,8991.0,164073.0,0.764495,1.3451540000000002,LTU,ZAF,2710
638792,131,246,911,2014,1851.0,257314.0,1.243845,1.155474,LUX,ZAF,2710
638793,132,246,911,2014,1365567.0,0.0,0.613116,1.1899790000000001,LVA,ZAF,2710
638794,134,246,911,2014,0.0,55451.0,-0.574034,0.065788,MAR,ZAF,2710
638795,136,246,911,2014,620244.0,4249506.0,-1.002122,-0.44446,MDG,ZAF,2710
638796,137,246,911,2014,0.0,3895.0,-0.43265299999999995,-0.82696,MDV,ZAF,2710
638797,138,246,911,2014,1208.0,0.0,1.0799729999999998,0.697554,MEX,ZAF,2710
638798,139,246,911,2014,0.0,20919918.0,-0.22505,-0.803084,MHL,ZAF,2710
638799,141,246,911,2014,0.0,137120.0,-1.199063,-1.05497,MLI,ZAF,2710
638800,142,246,911,2014,6342.0,6032756.0,0.817013,0.0016309999999999999,MLT,ZAF,2710
638801,147,246,911,2014,184830800.0,66059984.0,-1.1993610000000001,-1.040181,MOZ,ZAF,2710
638802,148,246,911,2014,0.0,137806.0,-1.458551,-1.225373,MRT,ZAF,2710
638803,151,246,911,2014,5529141.0,13444275.0,-0.029891,-0.12431099999999999,MUS,ZAF,2710
638804,152,246,911,2014,0.0,8090630.0,-0.494204,-0.751903,MWI,ZAF,2710
638805,153,246,911,2014,120374744.0,11997965.0,1.018138,0.774649,MYS,ZAF,2710
638806,155,246,911,2014,343699.0,208465312.0,-0.428227,-0.5632229999999999,NAM,ZAF,2710
638807,157,246,911,2014,0.0,1792.0,-0.7187,-0.80918,NER,ZAF,2710
638808,159,246,911,2014,364823776.0,2766126.0,-1.2126430000000001,-1.059697,NGA,ZAF,2710
638809,162,246,911,2014,155594336.0,29469868.0,1.179325,1.355071,NLD,ZAF,2710
638810,163,246,911,2014,10877047.0,4153861.0,0.9187049999999999,0.182685,NOR,ZAF,2710
638811,166,246,911,2014,3335.0,143517.0,0.272502,0.21628699999999998,NZL,ZAF,2710
638812,167,246,911,2014,354535008.0,286148.0,-0.505129,-1.0051370000000002,OMN,ZAF,2710
638813,168,246,911,2014,0.0,21410.0,-0.672924,0.566787,PAK,ZAF,2710
638814,169,246,911,2014,52865.0,26450882.0,0.771742,0.9873190000000001,PAN,ZAF,2710
638815,174,246,911,2014,0.0,212874.0,0.637442,0.475883,PHL,ZAF,2710
638816,177,246,911,2014,1817785.0,0.0,1.133102,1.177165,POL,ZAF,2710
638817,178,246,911,2014,0.0,104630.0,-0.23883000000000001,-0.009727,PRK,ZAF,2710
638818,179,246,911,2014,932951.0,66391.0,0.621053,2.349644,PRT,ZAF,2710
638819,181,246,911,2014,0.0,54009.0,0.030643,0.601905,PSE,ZAF,2710
638820,183,246,911,2014,35185584.0,5703.0,-0.37535599999999997,-1.0196370000000001,QAT,ZAF,2710
638821,186,246,911,2014,9746060.0,225551.0,0.229422,-0.214856,RUS,ZAF,2710
638822,187,246,911,2014,20256.0,303817.0,-0.5692659999999999,-0.447859,RWA,ZAF,2710
638823,188,246,911,2014,316216320.0,762235.0,0.5758439999999999,-0.832692,SAU,ZAF,2710
638824,190,246,911,2014,0.0,24997.0,-1.442381,-1.1155030000000001,SDN,ZAF,2710
638825,191,246,911,2014,36494.0,6256520.0,-0.502607,-0.08866,SEN,ZAF,2710
638826,192,246,911,2014,959053568.0,147692864.0,1.867492,0.626736,SGP,ZAF,2710
638827,194,246,911,2014,0.0,45417.0,1.125419,-0.183407,SHN,ZAF,2710
638828,196,246,911,2014,0.0,867322.0,-0.9228569999999999,-0.791482,SLE,ZAF,2710
638829,206,246,911,2014,10245.0,0.0,1.334959,0.821253,SVK,ZAF,2710
638830,207,246,911,2014,4150.0,0.0,1.6558669999999998,0.6814399999999999,SVN,ZAF,2710
638831,208,246,911,2014,1190148.0,0.0,1.817752,0.558474,SWE,ZAF,2710
638832,209,246,911,2014,7735.0,236142576.0,0.22972199999999998,-0.365564,SWZ,ZAF,2710
638833,211,246,911,2014,0.0,121831.0,0.358111,-0.484879,SYC,ZAF,2710
638834,214,246,911,2014,0.0,4444.0,-2.012048,-0.921558,TCD,ZAF,2710
638835,215,246,911,2014,1386.0,24086516.0,-0.524103,-0.537643,TGO,ZAF,2710
638836,216,246,911,2014,58267216.0,1500922.0,0.977094,1.41283,THA,ZAF,2710
638837,222,246,911,2014,0.0,4290.0,-0.57362,-1.117545,TTO,ZAF,2710
638838,224,246,911,2014,64406240.0,698142.0,0.554761,2.385693,TUR,ZAF,2710
638839,225,246,911,2014,0.0,36516.0,1.127623,-0.482033,TUV,ZAF,2710
638840,226,246,911,2014,145.0,10054296.0,-1.054331,0.166345,TZA,ZAF,2710
638841,227,246,911,2014,8398.0,767994.0,-0.46911800000000003,0.25446599999999997,UGA,ZAF,2710
638842,228,246,911,2014,1547.0,4273.0,0.566535,0.832267,UKR,ZAF,2710
638843,231,246,911,2014,64429012.0,2728730.0,1.61227,0.068905,USA,ZAF,2710
638844,234,246,911,2014,0.0,541414.0,0.034024,-0.522492,VCT,ZAF,2710
638845,237,246,911,2014,1952347.0,179307.0,0.484282,-0.082974,VGB,ZAF,2710
638846,239,246,911,2014,19105.0,42088.0,-0.023765,1.344416,VNM,ZAF,2710
638847,240,246,911,2014,0.0,157708.0,-1.21245,-0.941493,VUT,ZAF,2710
638848,247,246,911,2014,286801.0,109554184.0,-0.664089,-0.793452,ZMB,ZAF,2710
638849,248,246,911,2014,300.0,79108920.0,-0.821369,-0.864232,ZWE,ZAF,2710
638850,249,246,911,2014,100183.0,724457.0,1.9044189999999999,1.0595139999999998,TWN,ZAF,2710
638851,250,246,911,2014,42026.0,463141056.0,0.506842,0.049545,ANS,ZAF,2710
638852,7,249,911,2014,840434048.0,2391564.0,0.087775,-0.289459,ARE,TWN,2710
638853,8,249,911,2014,0.0,948471.0,0.10691500000000001,0.44860600000000006,ARG,TWN,2710
638854,14,249,911,2014,86210720.0,575621056.0,-0.398273,-0.17128,AUS,TWN,2710
638855,15,249,911,2014,441857.0,0.0,1.7116790000000002,-0.140232,AUT,TWN,2710
638856,18,249,911,2014,8809981.0,27197.0,1.234156,1.226441,BEL,TWN,2710
638857,21,249,911,2014,67537.0,0.0,-0.922401,-0.9554379999999999,BFA,TWN,2710
638858,22,249,911,2014,64335444.0,113567232.0,-1.0341879999999999,-0.9614870000000001,BGD,TWN,2710
638859,23,249,911,2014,76520.0,1742.0,0.579058,1.6558110000000001,BGR,TWN,2710
638860,24,249,911,2014,93692312.0,2404.0,0.460168,-0.41671099999999994,BHR,TWN,2710
638861,26,249,911,2014,0.0,502.0,0.5083300000000001,0.711704,BIH,TWN,2710
638862,29,249,911,2014,0.0,58703.0,-0.324446,-0.552126,BLZ,TWN,2710
638863,32,249,911,2014,9496038.0,255353.0,0.218223,0.556921,BRA,TWN,2710
638864,34,249,911,2014,0.0,7363.0,0.191357,-0.683567,BRN,TWN,2710
638865,39,249,911,2014,965486.0,65924.0,0.671395,1.024683,CAN,TWN,2710
638866,41,249,911,2014,454061.0,3241.0,2.2000919999999997,0.65398,CHE,TWN,2710
638867,42,249,911,2014,0.0,4732.0,-0.344671,-0.43380799999999997,CHL,TWN,2710
638868,43,249,911,2014,63079308.0,769397376.0,1.187557,1.222085,CHN,TWN,2710
638869,44,249,911,2014,0.0,148221.0,-0.737625,-0.768728,CIV,TWN,2710
638870,45,249,911,2014,0.0,1703.0,-0.6723520000000001,-0.945084,CMR,TWN,2710
638871,49,249,911,2014,0.0,100474.0,0.19864500000000002,-0.378364,COL,TWN,2710
638872,52,249,911,2014,26099.0,19062.0,0.065938,-0.687971,CRI,TWN,2710
638873,58,249,911,2014,0.0,838.0,0.627467,0.483725,CYP,TWN,2710
638874,59,249,911,2014,79106.0,9948.0,1.8105830000000003,0.131131,CZE,TWN,2710
638875,61,249,911,2014,19734362.0,84882.0,2.052849,-2.888805,DEU,TWN,2710
638876,64,249,911,2014,3895.0,7459.0,1.10869,1.245193,DNK,TWN,2710
638877,65,249,911,2014,0.0,1752.0,-0.180845,0.508512,DOM,TWN,2710
638878,66,249,911,2014,473082656.0,0.0,-1.5554649999999999,-1.1657030000000002,DZA,TWN,2710
638879,67,249,911,2014,0.0,422636.0,-1.066865,-1.052921,ECU,TWN,2710
638880,68,249,911,2014,26687082.0,171622672.0,-0.086866,1.7419669999999998,EGY,TWN,2710
638881,71,249,911,2014,461182784.0,16244.0,0.842147,2.45692,ESP,TWN,2710
638882,74,249,911,2014,0.0,2899.0,1.626355,1.002923,FIN,TWN,2710
638883,75,249,911,2014,0.0,18666742.0,-0.306346,-0.07688500000000001,FJI,TWN,2710
638884,77,249,911,2014,10745906.0,2074.0,1.4817790000000002,0.30995,FRA,TWN,2710
638885,79,249,911,2014,0.0,14271.0,-0.32643099999999997,-0.8248049999999999,FSM,TWN,2710
638886,81,249,911,2014,2419457.0,45572688.0,1.697964,0.585372,GBR,TWN,2710
638887,85,249,911,2014,0.0,24419.0,-1.628409,-1.202473,GIN,TWN,2710
638888,87,249,911,2014,0.0,28442.0,-0.905488,-0.7892819999999999,GMB,TWN,2710
638889,90,249,911,2014,32684422.0,0.0,0.149337,0.8560540000000001,GRC,TWN,2710
638890,93,249,911,2014,0.0,425110.0,-0.36547199999999996,0.548894,GTM,TWN,2710
638891,95,249,911,2014,0.0,2716.0,0.6368119999999999,-0.01771,GUM,TWN,2710
638892,97,249,911,2014,181950112.0,1623752064.0,0.812132,1.722493,HKG,TWN,2710
638893,99,249,911,2014,0.0,27185.0,-0.467004,0.045511,HND,TWN,2710
638894,100,249,911,2014,0.0,1422.0,0.804401,1.250807,HRV,TWN,2710
638895,102,249,911,2014,650414.0,0.0,1.477093,0.812869,HUN,TWN,2710
638896,103,249,911,2014,27158588.0,258517552.0,-0.088032,1.3966459999999998,IDN,TWN,2710
638897,104,249,911,2014,789309440.0,37334512.0,0.262042,2.6305080000000003,IND,TWN,2710
638898,107,249,911,2014,2340814080.0,24392.0,-0.361058,-0.312743,IRN,TWN,2710
638899,110,249,911,2014,52388092.0,64896.0,1.211141,0.64523,ISR,TWN,2710
638900,111,249,911,2014,4344007.0,3295504.0,1.340136,0.43931099999999995,ITA,TWN,2710
638901,113,249,911,2014,0.0,10556.0,0.210208,0.48732299999999995,JOR,TWN,2710
638902,114,249,911,2014,163657392.0,167121600.0,2.403165,-0.635024,JPN,TWN,2710
638903,115,249,911,2014,0.0,45332.0,-0.210431,-0.574075,KAZ,TWN,2710
638904,116,249,911,2014,0.0,3571.0,-0.487058,0.307288,KEN,TWN,2710
638905,118,249,911,2014,0.0,12574373.0,-0.84072,-0.8307040000000001,KHM,TWN,2710
638906,121,249,911,2014,1976918016.0,36726596.0,1.817145,0.8394530000000001,KOR,TWN,2710
638907,122,249,911,2014,234894048.0,5987.0,-0.769616,-1.10667,KWT,TWN,2710
638908,123,249,911,2014,0.0,280.0,-1.054294,-0.869916,LAO,TWN,2710
638909,124,249,911,2014,0.0,10505464.0,0.308677,1.7564490000000001,LBN,TWN,2710
638910,126,249,911,2014,25685316.0,0.0,-1.5943829999999999,-1.189961,LBY,TWN,2710
638911,128,249,911,2014,0.0,104457.0,-0.49366899999999997,0.338686,LKA,TWN,2710
638912,129,249,911,2014,0.0,110447.0,-0.59647,-0.58713,LSO,TWN,2710
638913,130,249,911,2014,101608.0,0.0,0.764495,1.3451540000000002,LTU,TWN,2710
638914,132,249,911,2014,15326770.0,0.0,0.613116,1.1899790000000001,LVA,TWN,2710
638915,133,249,911,2014,0.0,100520.0,0.704535,0.5856140000000001,MAC,TWN,2710
638916,134,249,911,2014,29973864.0,3082.0,-0.574034,0.065788,MAR,TWN,2710
638917,136,249,911,2014,0.0,2122.0,-1.002122,-0.44446,MDG,TWN,2710
638918,138,249,911,2014,0.0,20700.0,1.0799729999999998,0.697554,MEX,TWN,2710
638919,139,249,911,2014,0.0,51801.0,-0.22505,-0.803084,MHL,TWN,2710
638920,140,249,911,2014,0.0,470.0,-0.039799,-0.05545,MKD,TWN,2710
638921,142,249,911,2014,19161.0,0.0,0.817013,0.0016309999999999999,MLT,TWN,2710
638922,143,249,911,2014,0.0,277319.0,-1.5332459999999999,-1.145973,MMR,TWN,2710
638923,144,249,911,2014,0.0,928.0,-0.17039100000000001,-0.21762399999999998,MNE,TWN,2710
638924,147,249,911,2014,0.0,80498976.0,-1.1993610000000001,-1.040181,MOZ,TWN,2710
638925,151,249,911,2014,0.0,69273.0,-0.029891,-0.12431099999999999,MUS,TWN,2710
638926,153,249,911,2014,435094848.0,1200278656.0,1.018138,0.774649,MYS,TWN,2710
638927,156,249,911,2014,0.0,17861.0,-0.509789,-0.767484,NCL,TWN,2710
638928,160,249,911,2014,0.0,4654.0,-0.938269,-0.839066,NIC,TWN,2710
638929,162,249,911,2014,50919812.0,293680064.0,1.179325,1.355071,NLD,TWN,2710
638930,163,249,911,2014,167907536.0,9645.0,0.9187049999999999,0.182685,NOR,TWN,2710
638931,165,249,911,2014,0.0,9659646.0,1.215503,-0.37847,NRU,TWN,2710
638932,166,249,911,2014,0.0,30729058.0,0.272502,0.21628699999999998,NZL,TWN,2710
638933,167,249,911,2014,29125404.0,0.0,-0.505129,-1.0051370000000002,OMN,TWN,2710
638934,168,249,911,2014,178802880.0,1104072.0,-0.672924,0.566787,PAK,TWN,2710
638935,169,249,911,2014,0.0,54443.0,0.771742,0.9873190000000001,PAN,TWN,2710
638936,173,249,911,2014,0.0,1465252.0,-0.557833,0.611826,PER,TWN,2710
638937,174,249,911,2014,44402868.0,4264077312.0,0.637442,0.475883,PHL,TWN,2710
638938,175,249,911,2014,0.0,1703.0,0.38879600000000003,-0.532062,PLW,TWN,2710
638939,176,249,911,2014,0.0,196887360.0,-1.564904,-1.146255,PNG,TWN,2710
638940,177,249,911,2014,782987.0,1842.0,1.133102,1.177165,POL,TWN,2710
638941,179,249,911,2014,42458.0,0.0,0.621053,2.349644,PRT,TWN,2710
638942,180,249,911,2014,0.0,2274.0,-0.608509,-0.930679,PRY,TWN,2710
638943,182,249,911,2014,0.0,223627.0,0.008831,-0.6268279999999999,PYF,TWN,2710
638944,183,249,911,2014,540252096.0,115899.0,-0.37535599999999997,-1.0196370000000001,QAT,TWN,2710
638945,185,249,911,2014,285330.0,0.0,0.9112,1.188161,ROU,TWN,2710
638946,186,249,911,2014,1662741632.0,20071.0,0.229422,-0.214856,RUS,TWN,2710
638947,187,249,911,2014,0.0,66103.0,-0.5692659999999999,-0.447859,RWA,TWN,2710
638948,188,249,911,2014,3316121600.0,221401888.0,0.5758439999999999,-0.832692,SAU,TWN,2710
638949,192,249,911,2014,547898176.0,3495824128.0,1.867492,0.626736,SGP,TWN,2710
638950,195,249,911,2014,0.0,56965.0,-0.862089,-0.9075840000000001,SLB,TWN,2710
638951,197,249,911,2014,0.0,49101.0,0.08653999999999999,0.29088600000000003,SLV,TWN,2710
638952,205,249,911,2014,0.0,1864.0,-0.6333989999999999,-0.857643,SUR,TWN,2710
638953,207,249,911,2014,0.0,1451.0,1.6558669999999998,0.6814399999999999,SVN,TWN,2710
638954,208,249,911,2014,1016049.0,0.0,1.817752,0.558474,SWE,TWN,2710
638955,209,249,911,2014,0.0,18419.0,0.22972199999999998,-0.365564,SWZ,TWN,2710
638956,216,249,911,2014,86592192.0,11948088.0,0.977094,1.41283,THA,TWN,2710
638957,222,249,911,2014,0.0,190517.0,-0.57362,-1.117545,TTO,TWN,2710
638958,224,249,911,2014,22680.0,7026716.0,0.554761,2.385693,TUR,TWN,2710
638959,226,249,911,2014,0.0,60955184.0,-1.054331,0.166345,TZA,TWN,2710
638960,227,249,911,2014,0.0,2602392.0,-0.46911800000000003,0.25446599999999997,UGA,TWN,2710
638961,228,249,911,2014,8237.0,1060.0,0.566535,0.832267,UKR,TWN,2710
638962,230,249,911,2014,0.0,61024.0,0.154034,-0.380899,URY,TWN,2710
638963,231,249,911,2014,673774016.0,39967740.0,1.61227,0.068905,USA,TWN,2710
638964,239,249,911,2014,427722.0,989071744.0,-0.023765,1.344416,VNM,TWN,2710
638965,243,249,911,2014,102394856.0,43786932.0,-1.2829190000000001,-1.227373,YEM,TWN,2710
638966,246,249,911,2014,724457.0,100183.0,0.282927,1.723214,ZAF,TWN,2710
638967,250,249,911,2014,2938.0,3186562816.0,0.506842,0.049545,ANS,TWN,2710
638968,0,250,911,2014,1259.0,13204.0,0.779539,-0.32255700000000004,ABW,ANS,2710
638969,5,250,911,2014,0.0,4381.0,0.533246,-0.41617,AND,ANS,2710
638970,7,250,911,2014,7362851328.0,411755.0,0.087775,-0.289459,ARE,ANS,2710
638971,13,250,911,2014,123246.0,136481968.0,0.169764,-0.621576,ATG,ANS,2710
638972,14,250,911,2014,907172736.0,171092368.0,-0.398273,-0.17128,AUS,ANS,2710
638973,16,250,911,2014,13708.0,0.0,-0.909508,-1.165158,AZE,ANS,2710
638974,18,250,911,2014,4957919232.0,1394044.0,1.234156,1.226441,BEL,ANS,2710
638975,23,250,911,2014,38156236.0,0.0,0.579058,1.6558110000000001,BGR,ANS,2710
638976,24,250,911,2014,30544886.0,775573.0,0.460168,-0.41671099999999994,BHR,ANS,2710
638977,25,250,911,2014,0.0,8165715.0,0.314465,-0.60458,BHS,ANS,2710
638978,28,250,911,2014,152802256.0,0.0,0.874108,0.676231,BLR,ANS,2710
638979,29,250,911,2014,156059.0,0.0,-0.324446,-0.552126,BLZ,ANS,2710
638980,33,250,911,2014,116317816.0,0.0,0.44968400000000003,-0.15268900000000002,BRB,ANS,2710
638981,42,250,911,2014,326021696.0,769800128.0,-0.344671,-0.43380799999999997,CHL,ANS,2710
638982,43,250,911,2014,379887.0,5255861.0,1.187557,1.222085,CHN,ANS,2710
638983,44,250,911,2014,110641720.0,194590.0,-0.737625,-0.768728,CIV,ANS,2710
638984,45,250,911,2014,17662482.0,18068688.0,-0.6723520000000001,-0.945084,CMR,ANS,2710
638985,47,250,911,2014,15445.0,1767916.0,-1.371624,-1.12468,COG,ANS,2710
638986,49,250,911,2014,127397512.0,0.0,0.19864500000000002,-0.378364,COL,ANS,2710
638987,52,250,911,2014,59076.0,99087.0,0.065938,-0.687971,CRI,ANS,2710
638988,58,250,911,2014,94584048.0,0.0,0.627467,0.483725,CYP,ANS,2710
638989,59,250,911,2014,704518.0,7308824.0,1.8105830000000003,0.131131,CZE,ANS,2710
638990,61,250,911,2014,11799412.0,0.0,2.052849,-2.888805,DEU,ANS,2710
638991,64,250,911,2014,39095500.0,0.0,1.10869,1.245193,DNK,ANS,2710
638992,65,250,911,2014,23803218.0,91071192.0,-0.180845,0.508512,DOM,ANS,2710
638993,67,250,911,2014,2394717.0,0.0,-1.066865,-1.052921,ECU,ANS,2710
638994,68,250,911,2014,862835264.0,0.0,-0.086866,1.7419669999999998,EGY,ANS,2710
638995,71,250,911,2014,602595648.0,662843456.0,0.842147,2.45692,ESP,ANS,2710
638996,72,250,911,2014,98514688.0,81182072.0,0.9147780000000001,1.151556,EST,ANS,2710
638997,73,250,911,2014,0.0,75901640.0,-1.296535,-1.045942,ETH,ANS,2710
638998,74,250,911,2014,0.0,19985254.0,1.626355,1.002923,FIN,ANS,2710
638999,75,250,911,2014,201077472.0,2568.0,-0.306346,-0.07688500000000001,FJI,ANS,2710
639000,77,250,911,2014,55181384.0,239331904.0,1.4817790000000002,0.30995,FRA,ANS,2710
639001,81,250,911,2014,49564456.0,0.0,1.697964,0.585372,GBR,ANS,2710
639002,90,250,911,2014,1720751360.0,188440.0,0.149337,0.8560540000000001,GRC,ANS,2710
639003,92,250,911,2014,0.0,2873.0,-1.168495,-0.93096,GRL,ANS,2710
639004,93,250,911,2014,0.0,548617.0,-0.36547199999999996,0.548894,GTM,ANS,2710
639005,100,250,911,2014,57392.0,219892752.0,0.804401,1.250807,HRV,ANS,2710
639006,104,250,911,2014,812963648.0,25853838.0,0.262042,2.6305080000000003,IND,ANS,2710
639007,106,250,911,2014,39701296.0,19116962.0,1.2658399999999999,0.278546,IRL,ANS,2710
639008,107,250,911,2014,23004978.0,237909.0,-0.361058,-0.312743,IRN,ANS,2710
639009,108,250,911,2014,173500000.0,1654102528.0,-2.9169,-0.882023,IRQ,ANS,2710
639010,110,250,911,2014,580536000.0,1195544448.0,1.211141,0.64523,ISR,ANS,2710
639011,111,250,911,2014,111551512.0,106947.0,1.340136,0.43931099999999995,ITA,ANS,2710
639012,113,250,911,2014,2475231.0,245804.0,0.210208,0.48732299999999995,JOR,ANS,2710
639013,114,250,911,2014,0.0,1974772.0,2.403165,-0.635024,JPN,ANS,2710
639014,121,250,911,2014,58963184.0,40721976.0,1.817145,0.8394530000000001,KOR,ANS,2710
639015,122,250,911,2014,22813306880.0,48238.0,-0.769616,-1.10667,KWT,ANS,2710
639016,124,250,911,2014,16363718.0,34302072.0,0.308677,1.7564490000000001,LBN,ANS,2710
639017,127,250,911,2014,0.0,2962.0,0.29035500000000003,-0.603541,LCA,ANS,2710
639018,128,250,911,2014,174021216.0,0.0,-0.49366899999999997,0.338686,LKA,ANS,2710
639019,131,250,911,2014,0.0,755214.0,1.243845,1.155474,LUX,ANS,2710
639020,132,250,911,2014,72952600.0,0.0,0.613116,1.1899790000000001,LVA,ANS,2710
639021,134,250,911,2014,312309504.0,167585632.0,-0.574034,0.065788,MAR,ANS,2710
639022,136,250,911,2014,19954238.0,227540.0,-1.002122,-0.44446,MDG,ANS,2710
639023,138,250,911,2014,0.0,15568.0,1.0799729999999998,0.697554,MEX,ANS,2710
639024,142,250,911,2014,549777664.0,255449.0,0.817013,0.0016309999999999999,MLT,ANS,2710
639025,147,250,911,2014,0.0,343656.0,-1.1993610000000001,-1.040181,MOZ,ANS,2710
639026,153,250,911,2014,1827833.0,0.0,1.018138,0.774649,MYS,ANS,2710
639027,155,250,911,2014,335177.0,2781208.0,-0.428227,-0.5632229999999999,NAM,ANS,2710
639028,156,250,911,2014,0.0,16524.0,-0.509789,-0.767484,NCL,ANS,2710
639029,157,250,911,2014,0.0,212148.0,-0.7187,-0.80918,NER,ANS,2710
639030,162,250,911,2014,7123009024.0,101956664.0,1.179325,1.355071,NLD,ANS,2710
639031,167,250,911,2014,804941440.0,0.0,-0.505129,-1.0051370000000002,OMN,ANS,2710
639032,168,250,911,2014,0.0,513928.0,-0.672924,0.566787,PAK,ANS,2710
639033,169,250,911,2014,222657.0,11219.0,0.771742,0.9873190000000001,PAN,ANS,2710
639034,173,250,911,2014,158556960.0,0.0,-0.557833,0.611826,PER,ANS,2710
639035,177,250,911,2014,55452084.0,62814.0,1.133102,1.177165,POL,ANS,2710
639036,179,250,911,2014,1362505472.0,3695.0,0.621053,2.349644,PRT,ANS,2710
639037,183,250,911,2014,896270144.0,0.0,-0.37535599999999997,-1.0196370000000001,QAT,ANS,2710
639038,185,250,911,2014,12251070.0,21865.0,0.9112,1.188161,ROU,ANS,2710
639039,186,250,911,2014,11160781.0,6526.0,0.229422,-0.214856,RUS,ANS,2710
639040,188,250,911,2014,10011550720.0,23725.0,0.5758439999999999,-0.832692,SAU,ANS,2710
639041,191,250,911,2014,227599248.0,8233612.0,-0.502607,-0.08866,SEN,ANS,2710
639042,206,250,911,2014,0.0,248747936.0,1.334959,0.821253,SVK,ANS,2710
639043,207,250,911,2014,319638.0,485014720.0,1.6558669999999998,0.6814399999999999,SVN,ANS,2710
639044,208,250,911,2014,211441072.0,23622346.0,1.817752,0.558474,SWE,ANS,2710
639045,215,250,911,2014,1223.0,0.0,-0.524103,-0.537643,TGO,ANS,2710
639046,216,250,911,2014,489713152.0,154641.0,0.977094,1.41283,THA,ANS,2710
639047,221,250,911,2014,2920535.0,0.0,-0.11129100000000001,-0.523176,TON,ANS,2710
639048,222,250,911,2014,93978136.0,0.0,-0.57362,-1.117545,TTO,ANS,2710
639049,223,250,911,2014,137955968.0,104410.0,0.343449,1.118007,TUN,ANS,2710
639050,224,250,911,2014,382212160.0,8272.0,0.554761,2.385693,TUR,ANS,2710
639051,226,250,911,2014,2402.0,0.0,-1.054331,0.166345,TZA,ANS,2710
639052,227,250,911,2014,144178576.0,0.0,-0.46911800000000003,0.25446599999999997,UGA,ANS,2710
639053,228,250,911,2014,0.0,7399.0,0.566535,0.832267,UKR,ANS,2710
639054,230,250,911,2014,16792014.0,11006157.0,0.154034,-0.380899,URY,ANS,2710
639055,239,250,911,2014,14245549.0,1818160.0,-0.023765,1.344416,VNM,ANS,2710
639056,243,250,911,2014,0.0,11055628.0,-1.2829190000000001,-1.227373,YEM,ANS,2710
639057,246,250,911,2014,463141056.0,42026.0,0.282927,1.723214,ZAF,ANS,2710
639058,249,250,911,2014,3186562816.0,2938.0,1.9044189999999999,1.0595139999999998,TWN,ANS,2710
639059,7,9,911,2014,308601.0,0.0,0.087775,-0.289459,ARE,ARM,2710
639060,14,9,911,2014,265.0,0.0,-0.398273,-0.17128,AUS,ARM,2710
639061,15,9,911,2014,12706.0,0.0,1.7116790000000002,-0.140232,AUT,ARM,2710
639062,18,9,911,2014,846731.0,0.0,1.234156,1.226441,BEL,ARM,2710
639063,23,9,911,2014,539355.0,0.0,0.579058,1.6558110000000001,BGR,ARM,2710
639064,28,9,911,2014,148927.0,535957.0,0.874108,0.676231,BLR,ARM,2710
639065,39,9,911,2014,4838.0,0.0,0.671395,1.024683,CAN,ARM,2710
639066,41,9,911,2014,4459.0,0.0,2.2000919999999997,0.65398,CHE,ARM,2710
639067,43,9,911,2014,16854.0,0.0,1.187557,1.222085,CHN,ARM,2710
639068,59,9,911,2014,16716.0,0.0,1.8105830000000003,0.131131,CZE,ARM,2710
639069,61,9,911,2014,947287.0,0.0,2.052849,-2.888805,DEU,ARM,2710
639070,64,9,911,2014,1175.0,0.0,1.10869,1.245193,DNK,ARM,2710
639071,68,9,911,2014,658.0,0.0,-0.086866,1.7419669999999998,EGY,ARM,2710
639072,71,9,911,2014,4479.0,0.0,0.842147,2.45692,ESP,ARM,2710
639073,72,9,911,2014,5020.0,0.0,0.9147780000000001,1.151556,EST,ARM,2710
639074,74,9,911,2014,80302.0,0.0,1.626355,1.002923,FIN,ARM,2710
639075,77,9,911,2014,55259.0,0.0,1.4817790000000002,0.30995,FRA,ARM,2710
639076,81,9,911,2014,213272.0,0.0,1.697964,0.585372,GBR,ARM,2710
639077,82,9,911,2014,700129.0,33414.0,-0.254106,-0.646584,GEO,ARM,2710
639078,102,9,911,2014,2774.0,0.0,1.477093,0.812869,HUN,ARM,2710
639079,103,9,911,2014,948.0,0.0,-0.088032,1.3966459999999998,IDN,ARM,2710
639080,107,9,911,2014,9546552.0,103325.0,-0.361058,-0.312743,IRN,ARM,2710
639081,108,9,911,2014,23567328.0,0.0,-2.9169,-0.882023,IRQ,ARM,2710
639082,110,9,911,2014,5698876.0,0.0,1.211141,0.64523,ISR,ARM,2710
639083,111,9,911,2014,167270.0,0.0,1.340136,0.43931099999999995,ITA,ARM,2710
639084,114,9,911,2014,24396.0,0.0,2.403165,-0.635024,JPN,ARM,2710
639085,121,9,911,2014,171288.0,0.0,1.817145,0.8394530000000001,KOR,ARM,2710
639086,130,9,911,2014,784997.0,0.0,0.764495,1.3451540000000002,LTU,ARM,2710
639087,132,9,911,2014,85068.0,0.0,0.613116,1.1899790000000001,LVA,ARM,2710
639088,138,9,911,2014,13073.0,0.0,1.0799729999999998,0.697554,MEX,ARM,2710
639089,162,9,911,2014,3987424.0,0.0,1.179325,1.355071,NLD,ARM,2710
639090,167,9,911,2014,39508.0,0.0,-0.505129,-1.0051370000000002,OMN,ARM,2710
639091,177,9,911,2014,338569.0,0.0,1.133102,1.177165,POL,ARM,2710
639092,179,9,911,2014,25078.0,0.0,0.621053,2.349644,PRT,ARM,2710
639093,185,9,911,2014,6888714.0,0.0,0.9112,1.188161,ROU,ARM,2710
639094,186,9,911,2014,99755568.0,0.0,0.229422,-0.214856,RUS,ARM,2710
639095,188,9,911,2014,4216.0,0.0,0.5758439999999999,-0.832692,SAU,ARM,2710
639096,192,9,911,2014,8868.0,0.0,1.867492,0.626736,SGP,ARM,2710
639097,208,9,911,2014,41954.0,0.0,1.817752,0.558474,SWE,ARM,2710
639098,224,9,911,2014,1285354.0,0.0,0.554761,2.385693,TUR,ARM,2710
639099,228,9,911,2014,478759.0,0.0,0.566535,0.832267,UKR,ARM,2710
639100,231,9,911,2014,220070.0,0.0,1.61227,0.068905,USA,ARM,2710
639101,239,9,911,2014,7744478.0,0.0,-0.023765,1.344416,VNM,ARM,2710
639102,2,14,911,2014,0.0,7865.0,-1.8184900000000002,-1.149191,AGO,AUS,2710
639103,7,14,911,2014,551475.0,101074.0,0.087775,-0.289459,ARE,AUS,2710
639104,8,14,911,2014,69277.0,0.0,0.10691500000000001,0.44860600000000006,ARG,AUS,2710
639105,9,14,911,2014,0.0,265.0,-0.198322,-0.5918680000000001,ARM,AUS,2710
639106,10,14,911,2014,0.0,80930.0,0.795219,-0.217498,ASM,AUS,2710
639107,11,14,911,2014,0.0,4636609.0,1.3498370000000002,-0.197062,ATA,AUS,2710
639108,15,14,911,2014,96666.0,5664.0,1.7116790000000002,-0.140232,AUT,AUS,2710
639109,16,14,911,2014,6551.0,29134.0,-0.909508,-1.165158,AZE,AUS,2710
639110,18,14,911,2014,19613718.0,47755.0,1.234156,1.226441,BEL,AUS,2710
639111,21,14,911,2014,0.0,5068.0,-0.922401,-0.9554379999999999,BFA,AUS,2710
639112,23,14,911,2014,8496.0,0.0,0.579058,1.6558110000000001,BGR,AUS,2710
639113,24,14,911,2014,3476.0,0.0,0.460168,-0.41671099999999994,BHR,AUS,2710
639114,29,14,911,2014,0.0,5386.0,-0.324446,-0.552126,BLZ,AUS,2710
639115,32,14,911,2014,21595.0,4818.0,0.218223,0.556921,BRA,AUS,2710
639116,34,14,911,2014,566119.0,1080.0,0.191357,-0.683567,BRN,AUS,2710
639117,39,14,911,2014,1602452.0,11232.0,0.671395,1.024683,CAN,AUS,2710
639118,40,14,911,2014,0.0,156387.0,0.8426629999999999,-0.258254,CCK,AUS,2710
639119,41,14,911,2014,634247.0,0.0,2.2000919999999997,0.65398,CHE,AUS,2710
639120,42,14,911,2014,97891.0,28029.0,-0.344671,-0.43380799999999997,CHL,AUS,2710
639121,43,14,911,2014,504900800.0,11954598.0,1.187557,1.222085,CHN,AUS,2710
639122,44,14,911,2014,0.0,21713.0,-0.737625,-0.768728,CIV,AUS,2710
639123,49,14,911,2014,0.0,435871.0,0.19864500000000002,-0.378364,COL,AUS,2710
639124,55,14,911,2014,51688.0,0.0,-0.00902,-0.683643,CUW,AUS,2710
639125,56,14,911,2014,3815.0,6414834.0,0.738877,-0.520547,CXR,AUS,2710
639126,58,14,911,2014,0.0,6265.0,0.627467,0.483725,CYP,AUS,2710
639127,59,14,911,2014,116073.0,3004.0,1.8105830000000003,0.131131,CZE,AUS,2710
639128,61,14,911,2014,12881786.0,185912.0,2.052849,-2.888805,DEU,AUS,2710
639129,64,14,911,2014,66242.0,33968.0,1.10869,1.245193,DNK,AUS,2710
639130,66,14,911,2014,0.0,83900.0,-1.5554649999999999,-1.1657030000000002,DZA,AUS,2710
639131,67,14,911,2014,0.0,17114.0,-1.066865,-1.052921,ECU,AUS,2710
639132,68,14,911,2014,249263.0,22832.0,-0.086866,1.7419669999999998,EGY,AUS,2710
639133,71,14,911,2014,2480089.0,40347.0,0.842147,2.45692,ESP,AUS,2710
639134,72,14,911,2014,86006.0,0.0,0.9147780000000001,1.151556,EST,AUS,2710
639135,74,14,911,2014,326363.0,9946.0,1.626355,1.002923,FIN,AUS,2710
639136,75,14,911,2014,6365.0,1186914.0,-0.306346,-0.07688500000000001,FJI,AUS,2710
639137,77,14,911,2014,2939616.0,42313.0,1.4817790000000002,0.30995,FRA,AUS,2710
639138,81,14,911,2014,4750914.0,107383.0,1.697964,0.585372,GBR,AUS,2710
639139,82,14,911,2014,191547.0,0.0,-0.254106,-0.646584,GEO,AUS,2710
639140,83,14,911,2014,0.0,130619.0,-1.130226,-0.9909379999999999,GHA,AUS,2710
639141,84,14,911,2014,260086.0,0.0,0.275796,-0.720217,GIB,AUS,2710
639142,85,14,911,2014,0.0,4622.0,-1.628409,-1.202473,GIN,AUS,2710
639143,90,14,911,2014,66569.0,7161.0,0.149337,0.8560540000000001,GRC,AUS,2710
639144,97,14,911,2014,2988436.0,51351796.0,0.812132,1.722493,HKG,AUS,2710
639145,102,14,911,2014,1171.0,0.0,1.477093,0.812869,HUN,AUS,2710
639146,103,14,911,2014,129359568.0,47970688.0,-0.088032,1.3966459999999998,IDN,AUS,2710
639147,104,14,911,2014,326823552.0,707937.0,0.262042,2.6305080000000003,IND,AUS,2710
639148,106,14,911,2014,0.0,2152.0,1.2658399999999999,0.278546,IRL,AUS,2710
639149,109,14,911,2014,837.0,12045.0,0.127891,-0.302014,ISL,AUS,2710
639150,110,14,911,2014,442871.0,0.0,1.211141,0.64523,ISR,AUS,2710
639151,111,14,911,2014,1394914.0,55667.0,1.340136,0.43931099999999995,ITA,AUS,2710
639152,114,14,911,2014,2095337984.0,40129620.0,2.403165,-0.635024,JPN,AUS,2710
639153,115,14,911,2014,0.0,4097.0,-0.210431,-0.574075,KAZ,AUS,2710
639154,118,14,911,2014,0.0,1496.0,-0.84072,-0.8307040000000001,KHM,AUS,2710
639155,119,14,911,2014,5439.0,103840.0,0.708907,-0.540813,KIR,AUS,2710
639156,121,14,911,2014,4116612352.0,4653602.0,1.817145,0.8394530000000001,KOR,AUS,2710
639157,122,14,911,2014,0.0,10180.0,-0.769616,-1.10667,KWT,AUS,2710
639158,123,14,911,2014,0.0,15687.0,-1.054294,-0.869916,LAO,AUS,2710
639159,125,14,911,2014,251986.0,0.0,-1.016828,-1.107983,LBR,AUS,2710
639160,128,14,911,2014,184502.0,4358.0,-0.49366899999999997,0.338686,LKA,AUS,2710
639161,132,14,911,2014,28809.0,0.0,0.613116,1.1899790000000001,LVA,AUS,2710
639162,134,14,911,2014,0.0,5334.0,-0.574034,0.065788,MAR,AUS,2710
639163,137,14,911,2014,51172.0,2080.0,-0.43265299999999995,-0.82696,MDV,AUS,2710
639164,138,14,911,2014,774.0,46415.0,1.0799729999999998,0.697554,MEX,AUS,2710
639165,139,14,911,2014,141813.0,136564.0,-0.22505,-0.803084,MHL,AUS,2710
639166,140,14,911,2014,0.0,3694.0,-0.039799,-0.05545,MKD,AUS,2710
639167,141,14,911,2014,157832.0,6182.0,-1.199063,-1.05497,MLI,AUS,2710
639168,143,14,911,2014,0.0,51598.0,-1.5332459999999999,-1.145973,MMR,AUS,2710
639169,145,14,911,2014,4197.0,5019.0,-1.425524,-1.161949,MNG,AUS,2710
639170,147,14,911,2014,0.0,984710.0,-1.1993610000000001,-1.040181,MOZ,AUS,2710
639171,153,14,911,2014,870661248.0,99264016.0,1.018138,0.774649,MYS,AUS,2710
639172,156,14,911,2014,0.0,1075231.0,-0.509789,-0.767484,NCL,AUS,2710
639173,157,14,911,2014,23117.0,0.0,-0.7187,-0.80918,NER,AUS,2710
639174,158,14,911,2014,0.0,10076.0,1.384862,-0.391489,NFK,AUS,2710
639175,159,14,911,2014,0.0,21897.0,-1.2126430000000001,-1.059697,NGA,AUS,2710
639176,160,14,911,2014,0.0,5286.0,-0.938269,-0.839066,NIC,AUS,2710
639177,162,14,911,2014,2341550.0,0.0,1.179325,1.355071,NLD,AUS,2710
639178,163,14,911,2014,5459.0,0.0,0.9187049999999999,0.182685,NOR,AUS,2710
639179,164,14,911,2014,0.0,973119.0,-0.11988199999999999,0.655883,NPL,AUS,2710
639180,165,14,911,2014,0.0,1284388.0,1.215503,-0.37847,NRU,AUS,2710
639181,166,14,911,2014,30934006.0,47024040.0,0.272502,0.21628699999999998,NZL,AUS,2710
639182,167,14,911,2014,0.0,90633.0,-0.505129,-1.0051370000000002,OMN,AUS,2710
639183,168,14,911,2014,0.0,16402.0,-0.672924,0.566787,PAK,AUS,2710
639184,169,14,911,2014,511178.0,0.0,0.771742,0.9873190000000001,PAN,AUS,2710
639185,173,14,911,2014,0.0,6149.0,-0.557833,0.611826,PER,AUS,2710
639186,174,14,911,2014,3031224.0,1023457.0,0.637442,0.475883,PHL,AUS,2710
639187,175,14,911,2014,0.0,3225.0,0.38879600000000003,-0.532062,PLW,AUS,2710
639188,176,14,911,2014,56330.0,19040858.0,-1.564904,-1.146255,PNG,AUS,2710
639189,177,14,911,2014,36615.0,0.0,1.133102,1.177165,POL,AUS,2710
639190,179,14,911,2014,16335.0,2216.0,0.621053,2.349644,PRT,AUS,2710
639191,182,14,911,2014,0.0,123512.0,0.008831,-0.6268279999999999,PYF,AUS,2710
639192,183,14,911,2014,0.0,86133.0,-0.37535599999999997,-1.0196370000000001,QAT,AUS,2710
639193,186,14,911,2014,6082502.0,2530.0,0.229422,-0.214856,RUS,AUS,2710
639194,188,14,911,2014,0.0,103660.0,0.5758439999999999,-0.832692,SAU,AUS,2710
639195,190,14,911,2014,0.0,73254.0,-1.442381,-1.1155030000000001,SDN,AUS,2710
639196,191,14,911,2014,0.0,4791.0,-0.502607,-0.08866,SEN,AUS,2710
639197,192,14,911,2014,7037379072.0,465220544.0,1.867492,0.626736,SGP,AUS,2710
639198,195,14,911,2014,0.0,5032384.0,-0.862089,-0.9075840000000001,SLB,AUS,2710
639199,197,14,911,2014,0.0,20914.0,0.08653999999999999,0.29088600000000003,SLV,AUS,2710
639200,207,14,911,2014,112901.0,166360.0,1.6558669999999998,0.6814399999999999,SVN,AUS,2710
639201,208,14,911,2014,680858.0,935.0,1.817752,0.558474,SWE,AUS,2710
639202,211,14,911,2014,26609.0,146743.0,0.358111,-0.484879,SYC,AUS,2710
639203,216,14,911,2014,60611688.0,4324607.0,0.977094,1.41283,THA,AUS,2710
639204,217,14,911,2014,0.0,1921.0,-0.706823,-0.993756,TJK,AUS,2710
639205,220,14,911,2014,0.0,646145.0,-1.365212,-0.896716,TLS,AUS,2710
639206,221,14,911,2014,0.0,122474.0,-0.11129100000000001,-0.523176,TON,AUS,2710
639207,224,14,911,2014,351039.0,4349.0,0.554761,2.385693,TUR,AUS,2710
639208,226,14,911,2014,0.0,110913.0,-1.054331,0.166345,TZA,AUS,2710
639209,228,14,911,2014,57957.0,0.0,0.566535,0.832267,UKR,AUS,2710
639210,231,14,911,2014,85472328.0,255170.0,1.61227,0.068905,USA,AUS,2710
639211,237,14,911,2014,26091.0,0.0,0.484282,-0.082974,VGB,AUS,2710
639212,239,14,911,2014,287643.0,10236776.0,-0.023765,1.344416,VNM,AUS,2710
639213,240,14,911,2014,0.0,1053312.0,-1.21245,-0.941493,VUT,AUS,2710
639214,241,14,911,2014,0.0,4758.0,1.0165819999999999,-0.481415,WLF,AUS,2710
639215,242,14,911,2014,0.0,39585.0,0.602344,-0.051224,WSM,AUS,2710
639216,246,14,911,2014,2141554.0,66923.0,0.282927,1.723214,ZAF,AUS,2710
639217,247,14,911,2014,0.0,823.0,-0.664089,-0.793452,ZMB,AUS,2710
639218,249,14,911,2014,575621056.0,86210720.0,1.9044189999999999,1.0595139999999998,TWN,AUS,2710
639219,250,14,911,2014,171092368.0,907172736.0,0.506842,0.049545,ANS,AUS,2710
639220,1,16,911,2014,0.0,144944144.0,-0.924386,-0.839385,AFG,AZE,2710
639221,7,16,911,2014,2018938.0,613802.0,0.087775,-0.289459,ARE,AZE,2710
639222,14,16,911,2014,29134.0,6551.0,-0.398273,-0.17128,AUS,AZE,2710
639223,15,16,911,2014,1170107.0,2199698.0,1.7116790000000002,-0.140232,AUT,AZE,2710
639224,18,16,911,2014,9510919.0,145028.0,1.234156,1.226441,BEL,AZE,2710
639225,23,16,911,2014,9325922.0,33195.0,0.579058,1.6558110000000001,BGR,AZE,2710
639226,25,16,911,2014,0.0,25662116.0,0.314465,-0.60458,BHS,AZE,2710
639227,26,16,911,2014,0.0,1541.0,0.5083300000000001,0.711704,BIH,AZE,2710
639228,28,16,911,2014,291056.0,2963228.0,0.874108,0.676231,BLR,AZE,2710
639229,32,16,911,2014,0.0,1649.0,0.218223,0.556921,BRA,AZE,2710
639230,39,16,911,2014,270901.0,3630.0,0.671395,1.024683,CAN,AZE,2710
639231,41,16,911,2014,264980.0,18752.0,2.2000919999999997,0.65398,CHE,AZE,2710
639232,43,16,911,2014,2840931.0,1906464.0,1.187557,1.222085,CHN,AZE,2710
639233,59,16,911,2014,38028.0,16659.0,1.8105830000000003,0.131131,CZE,AZE,2710
639234,61,16,911,2014,10783100.0,6916436.0,2.052849,-2.888805,DEU,AZE,2710
639235,64,16,911,2014,10176.0,7397251.0,1.10869,1.245193,DNK,AZE,2710
639236,66,16,911,2014,0.0,27128.0,-1.5554649999999999,-1.1657030000000002,DZA,AZE,2710
639237,68,16,911,2014,0.0,13505910.0,-0.086866,1.7419669999999998,EGY,AZE,2710
639238,71,16,911,2014,991776.0,33719236.0,0.842147,2.45692,ESP,AZE,2710
639239,72,16,911,2014,180459.0,2779.0,0.9147780000000001,1.151556,EST,AZE,2710
639240,74,16,911,2014,22496.0,7003.0,1.626355,1.002923,FIN,AZE,2710
639241,77,16,911,2014,331400.0,9330149.0,1.4817790000000002,0.30995,FRA,AZE,2710
639242,81,16,911,2014,485681.0,6201223.0,1.697964,0.585372,GBR,AZE,2710
639243,82,16,911,2014,1224623.0,155618720.0,-0.254106,-0.646584,GEO,AZE,2710
639244,84,16,911,2014,0.0,64535716.0,0.275796,-0.720217,GIB,AZE,2710
639245,90,16,911,2014,16195929.0,14113540.0,0.149337,0.8560540000000001,GRC,AZE,2710
639246,100,16,911,2014,51276.0,10393.0,0.804401,1.250807,HRV,AZE,2710
639247,102,16,911,2014,1440785.0,49723.0,1.477093,0.812869,HUN,AZE,2710
639248,103,16,911,2014,0.0,2775.0,-0.088032,1.3966459999999998,IDN,AZE,2710
639249,104,16,911,2014,168029.0,177295.0,0.262042,2.6305080000000003,IND,AZE,2710
639250,107,16,911,2014,289674.0,4095.0,-0.361058,-0.312743,IRN,AZE,2710
639251,110,16,911,2014,0.0,3239.0,1.211141,0.64523,ISR,AZE,2710
639252,111,16,911,2014,701125.0,96399176.0,1.340136,0.43931099999999995,ITA,AZE,2710
639253,114,16,911,2014,6700.0,0.0,2.403165,-0.635024,JPN,AZE,2710
639254,115,16,911,2014,6874632.0,1546955.0,-0.210431,-0.574075,KAZ,AZE,2710
639255,117,16,911,2014,134727.0,46998.0,-0.31942600000000004,-0.012454,KGZ,AZE,2710
639256,121,16,911,2014,327378.0,0.0,1.817145,0.8394530000000001,KOR,AZE,2710
639257,122,16,911,2014,32866.0,0.0,-0.769616,-1.10667,KWT,AZE,2710
639258,124,16,911,2014,0.0,3697963.0,0.308677,1.7564490000000001,LBN,AZE,2710
639259,126,16,911,2014,0.0,25760000.0,-1.5943829999999999,-1.189961,LBY,AZE,2710
639260,130,16,911,2014,4109966.0,51279.0,0.764495,1.3451540000000002,LTU,AZE,2710
639261,131,16,911,2014,3414.0,72657.0,1.243845,1.155474,LUX,AZE,2710
639262,132,16,911,2014,575139.0,339792.0,0.613116,1.1899790000000001,LVA,AZE,2710
639263,142,16,911,2014,201401.0,86210600.0,0.817013,0.0016309999999999999,MLT,AZE,2710
639264,153,16,911,2014,0.0,1818063.0,1.018138,0.774649,MYS,AZE,2710
639265,162,16,911,2014,3676435.0,45430276.0,1.179325,1.355071,NLD,AZE,2710
639266,163,16,911,2014,1428.0,16911.0,0.9187049999999999,0.182685,NOR,AZE,2710
639267,168,16,911,2014,0.0,1710.0,-0.672924,0.566787,PAK,AZE,2710
639268,177,16,911,2014,1756685.0,206032.0,1.133102,1.177165,POL,AZE,2710
639269,179,16,911,2014,0.0,56266.0,0.621053,2.349644,PRT,AZE,2710
639270,183,16,911,2014,0.0,112550.0,-0.37535599999999997,-1.0196370000000001,QAT,AZE,2710
639271,185,16,911,2014,10046237.0,716997.0,0.9112,1.188161,ROU,AZE,2710
639272,186,16,911,2014,78566632.0,13266545.0,0.229422,-0.214856,RUS,AZE,2710
639273,190,16,911,2014,6074833.0,0.0,-1.442381,-1.1155030000000001,SDN,AZE,2710
639274,192,16,911,2014,666643.0,9291889.0,1.867492,0.626736,SGP,AZE,2710
639275,201,16,911,2014,22241.0,2721.0,0.551635,1.211535,SRB,AZE,2710
639276,206,16,911,2014,13655.0,0.0,1.334959,0.821253,SVK,AZE,2710
639277,208,16,911,2014,4717.0,69102.0,1.817752,0.558474,SWE,AZE,2710
639278,216,16,911,2014,0.0,108748.0,0.977094,1.41283,THA,AZE,2710
639279,217,16,911,2014,0.0,510045.0,-0.706823,-0.993756,TJK,AZE,2710
639280,219,16,911,2014,2157380.0,37858.0,-1.217897,-1.184131,TKM,AZE,2710
639281,224,16,911,2014,27556100.0,30604224.0,0.554761,2.385693,TUR,AZE,2710
639282,228,16,911,2014,3537785.0,13037222.0,0.566535,0.832267,UKR,AZE,2710
639283,231,16,911,2014,22704.0,38697592.0,1.61227,0.068905,USA,AZE,2710
639284,232,16,911,2014,0.0,4093495.0,-0.407623,-0.37150700000000003,UZB,AZE,2710
639285,239,16,911,2014,0.0,38664.0,-0.023765,1.344416,VNM,AZE,2710
639286,246,16,911,2014,1577.0,2674.0,0.282927,1.723214,ZAF,AZE,2710
639287,250,16,911,2014,0.0,13708.0,0.506842,0.049545,ANS,AZE,2710
639288,7,19,911,2014,6673486.0,21740.0,0.087775,-0.289459,ARE,BEN,2710
639289,15,19,911,2014,13160.0,0.0,1.7116790000000002,-0.140232,AUT,BEN,2710
639290,18,19,911,2014,1937205.0,2524791.0,1.234156,1.226441,BEL,BEN,2710
639291,21,19,911,2014,96106.0,187722176.0,-0.922401,-0.9554379999999999,BFA,BEN,2710
639292,41,19,911,2014,5384380.0,2683938.0,2.2000919999999997,0.65398,CHE,BEN,2710
639293,43,19,911,2014,450449.0,0.0,1.187557,1.222085,CHN,BEN,2710
639294,44,19,911,2014,9381499.0,3719558.0,-0.737625,-0.768728,CIV,BEN,2710
639295,45,19,911,2014,19427668.0,324451.0,-0.6723520000000001,-0.945084,CMR,BEN,2710
639296,61,19,911,2014,58705.0,0.0,2.052849,-2.888805,DEU,BEN,2710
639297,64,19,911,2014,220263.0,0.0,1.10869,1.245193,DNK,BEN,2710
639298,68,19,911,2014,11859.0,0.0,-0.086866,1.7419669999999998,EGY,BEN,2710
639299,71,19,911,2014,56449.0,0.0,0.842147,2.45692,ESP,BEN,2710
639300,74,19,911,2014,1285321.0,0.0,1.626355,1.002923,FIN,BEN,2710
639301,77,19,911,2014,2786240.0,1320629.0,1.4817790000000002,0.30995,FRA,BEN,2710
639302,80,19,911,2014,0.0,44737.0,-1.625474,-1.135973,GAB,BEN,2710
639303,81,19,911,2014,102033.0,209539.0,1.697964,0.585372,GBR,BEN,2710
639304,83,19,911,2014,1594805.0,346763.0,-1.130226,-0.9909379999999999,GHA,BEN,2710
639305,104,19,911,2014,55711.0,0.0,0.262042,2.6305080000000003,IND,BEN,2710
639306,110,19,911,2014,1686450.0,0.0,1.211141,0.64523,ISR,BEN,2710
639307,111,19,911,2014,149662.0,0.0,1.340136,0.43931099999999995,ITA,BEN,2710
639308,121,19,911,2014,27955.0,0.0,1.817145,0.8394530000000001,KOR,BEN,2710
639309,122,19,911,2014,12703.0,0.0,-0.769616,-1.10667,KWT,BEN,2710
639310,124,19,911,2014,11732.0,0.0,0.308677,1.7564490000000001,LBN,BEN,2710
639311,134,19,911,2014,17268.0,0.0,-0.574034,0.065788,MAR,BEN,2710
639312,141,19,911,2014,0.0,106927.0,-1.199063,-1.05497,MLI,BEN,2710
639313,142,19,911,2014,3438885.0,0.0,0.817013,0.0016309999999999999,MLT,BEN,2710
639314,153,19,911,2014,11729.0,0.0,1.018138,0.774649,MYS,BEN,2710
639315,157,19,911,2014,21667.0,35970.0,-0.7187,-0.80918,NER,BEN,2710
639316,159,19,911,2014,10790355.0,4996467.0,-1.2126430000000001,-1.059697,NGA,BEN,2710
639317,162,19,911,2014,15190216.0,5112226.0,1.179325,1.355071,NLD,BEN,2710
639318,178,19,911,2014,3994241.0,0.0,-0.23883000000000001,-0.009727,PRK,BEN,2710
639319,186,19,911,2014,1113588.0,0.0,0.229422,-0.214856,RUS,BEN,2710
639320,188,19,911,2014,42137.0,0.0,0.5758439999999999,-0.832692,SAU,BEN,2710
639321,191,19,911,2014,104371.0,0.0,-0.502607,-0.08866,SEN,BEN,2710
639322,192,19,911,2014,161285.0,0.0,1.867492,0.626736,SGP,BEN,2710
639323,196,19,911,2014,0.0,5380318.0,-0.9228569999999999,-0.791482,SLE,BEN,2710
639324,208,19,911,2014,610178.0,0.0,1.817752,0.558474,SWE,BEN,2710
639325,215,19,911,2014,14207386.0,3999137.0,-0.524103,-0.537643,TGO,BEN,2710
639326,223,19,911,2014,39511.0,0.0,0.343449,1.118007,TUN,BEN,2710
639327,224,19,911,2014,1530980.0,0.0,0.554761,2.385693,TUR,BEN,2710
639328,231,19,911,2014,477759.0,0.0,1.61227,0.068905,USA,BEN,2710
639329,236,19,911,2014,2551496.0,0.0,-0.582086,-1.081727,VEN,BEN,2710
639330,246,19,911,2014,3381255.0,949.0,0.282927,1.723214,ZAF,BEN,2710
639331,4,23,911,2014,0.0,1040056.0,-0.476024,-0.33978400000000003,ALB,BGR,2710
639332,7,23,911,2014,1606.0,75816528.0,0.087775,-0.289459,ARE,BGR,2710
639333,9,23,911,2014,0.0,539355.0,-0.198322,-0.5918680000000001,ARM,BGR,2710
639334,13,23,911,2014,0.0,79280.0,0.169764,-0.621576,ATG,BGR,2710
639335,14,23,911,2014,0.0,8496.0,-0.398273,-0.17128,AUS,BGR,2710
639336,15,23,911,2014,29270196.0,12490786.0,1.7116790000000002,-0.140232,AUT,BGR,2710
639337,16,23,911,2014,33195.0,9325922.0,-0.909508,-1.165158,AZE,BGR,2710
639338,18,23,911,2014,21511340.0,1329798.0,1.234156,1.226441,BEL,BGR,2710
639339,22,23,911,2014,0.0,16572.0,-1.0341879999999999,-0.9614870000000001,BGD,BGR,2710
639340,24,23,911,2014,0.0,1497.0,0.460168,-0.41671099999999994,BHR,BGR,2710
639341,26,23,911,2014,2571592.0,10451.0,0.5083300000000001,0.711704,BIH,BGR,2710
639342,28,23,911,2014,13468.0,1845625.0,0.874108,0.676231,BLR,BGR,2710
639343,29,23,911,2014,0.0,78166.0,-0.324446,-0.552126,BLZ,BGR,2710
639344,32,23,911,2014,0.0,11142.0,0.218223,0.556921,BRA,BGR,2710
639345,39,23,911,2014,1596.0,0.0,0.671395,1.024683,CAN,BGR,2710
639346,41,23,911,2014,1050224.0,1074253.0,2.2000919999999997,0.65398,CHE,BGR,2710
639347,42,23,911,2014,0.0,2576.0,-0.344671,-0.43380799999999997,CHL,BGR,2710
639348,43,23,911,2014,647043.0,34911.0,1.187557,1.222085,CHN,BGR,2710
639349,48,23,911,2014,0.0,75466.0,0.151329,-0.693285,COK,BGR,2710
639350,50,23,911,2014,0.0,48225.0,-0.19200699999999998,-0.761303,COM,BGR,2710
639351,58,23,911,2014,0.0,1032609.0,0.627467,0.483725,CYP,BGR,2710
639352,59,23,911,2014,1296162.0,1075914.0,1.8105830000000003,0.131131,CZE,BGR,2710
639353,61,23,911,2014,35340704.0,34220080.0,2.052849,-2.888805,DEU,BGR,2710
639354,64,23,911,2014,32199.0,17493.0,1.10869,1.245193,DNK,BGR,2710
639355,66,23,911,2014,0.0,123469088.0,-1.5554649999999999,-1.1657030000000002,DZA,BGR,2710
639356,68,23,911,2014,0.0,42374288.0,-0.086866,1.7419669999999998,EGY,BGR,2710
639357,71,23,911,2014,336623.0,1540621.0,0.842147,2.45692,ESP,BGR,2710
639358,72,23,911,2014,10039831.0,807636.0,0.9147780000000001,1.151556,EST,BGR,2710
639359,74,23,911,2014,31116.0,51066.0,1.626355,1.002923,FIN,BGR,2710
639360,77,23,911,2014,2332616.0,12677177.0,1.4817790000000002,0.30995,FRA,BGR,2710
639361,81,23,911,2014,1061706.0,150055.0,1.697964,0.585372,GBR,BGR,2710
639362,82,23,911,2014,901180.0,146771152.0,-0.254106,-0.646584,GEO,BGR,2710
639363,84,23,911,2014,0.0,216547632.0,0.275796,-0.720217,GIB,BGR,2710
639364,90,23,911,2014,309929888.0,59426504.0,0.149337,0.8560540000000001,GRC,BGR,2710
639365,97,23,911,2014,0.0,66187.0,0.812132,1.722493,HKG,BGR,2710
639366,99,23,911,2014,0.0,15218.0,-0.467004,0.045511,HND,BGR,2710
639367,100,23,911,2014,189462.0,218428.0,0.804401,1.250807,HRV,BGR,2710
639368,102,23,911,2014,17447302.0,4651856.0,1.477093,0.812869,HUN,BGR,2710
639369,103,23,911,2014,0.0,10562.0,-0.088032,1.3966459999999998,IDN,BGR,2710
639370,104,23,911,2014,444825.0,8160.0,0.262042,2.6305080000000003,IND,BGR,2710
639371,106,23,911,2014,3532.0,31092662.0,1.2658399999999999,0.278546,IRL,BGR,2710
639372,107,23,911,2014,0.0,44114.0,-0.361058,-0.312743,IRN,BGR,2710
639373,108,23,911,2014,0.0,1016447.0,-2.9169,-0.882023,IRQ,BGR,2710
639374,109,23,911,2014,0.0,1547.0,0.127891,-0.302014,ISL,BGR,2710
639375,110,23,911,2014,33884004.0,50989364.0,1.211141,0.64523,ISR,BGR,2710
639376,111,23,911,2014,16034461.0,142053760.0,1.340136,0.43931099999999995,ITA,BGR,2710
639377,116,23,911,2014,0.0,89220.0,-0.487058,0.307288,KEN,BGR,2710
639378,117,23,911,2014,46309.0,0.0,-0.31942600000000004,-0.012454,KGZ,BGR,2710
639379,118,23,911,2014,0.0,1473.0,-0.84072,-0.8307040000000001,KHM,BGR,2710
639380,120,23,911,2014,0.0,40484.0,0.9888950000000001,-0.28283800000000003,KNA,BGR,2710
639381,121,23,911,2014,56115.0,3672.0,1.817145,0.8394530000000001,KOR,BGR,2710
639382,124,23,911,2014,0.0,68421416.0,0.308677,1.7564490000000001,LBN,BGR,2710
639383,125,23,911,2014,0.0,544670.0,-1.016828,-1.107983,LBR,BGR,2710
639384,126,23,911,2014,0.0,21254760.0,-1.5943829999999999,-1.189961,LBY,BGR,2710
639385,130,23,911,2014,677733.0,150913.0,0.764495,1.3451540000000002,LTU,BGR,2710
639386,131,23,911,2014,2000.0,0.0,1.243845,1.155474,LUX,BGR,2710
639387,132,23,911,2014,126153.0,102676.0,0.613116,1.1899790000000001,LVA,BGR,2710
639388,134,23,911,2014,0.0,22071686.0,-0.574034,0.065788,MAR,BGR,2710
639389,135,23,911,2014,9627809.0,33948332.0,-0.10438199999999999,-0.093194,MDA,BGR,2710
639390,138,23,911,2014,0.0,8937.0,1.0799729999999998,0.697554,MEX,BGR,2710
639391,139,23,911,2014,0.0,1220663.0,-0.22505,-0.803084,MHL,BGR,2710
639392,140,23,911,2014,128492.0,78270864.0,-0.039799,-0.05545,MKD,BGR,2710
639393,142,23,911,2014,20635994.0,5425726.0,0.817013,0.0016309999999999999,MLT,BGR,2710
639394,144,23,911,2014,0.0,18176.0,-0.17039100000000001,-0.21762399999999998,MNE,BGR,2710
639395,157,23,911,2014,107539.0,0.0,-0.7187,-0.80918,NER,BGR,2710
639396,162,23,911,2014,5618517.0,11694899.0,1.179325,1.355071,NLD,BGR,2710
639397,163,23,911,2014,0.0,2008210.0,0.9187049999999999,0.182685,NOR,BGR,2710
639398,166,23,911,2014,0.0,137639.0,0.272502,0.21628699999999998,NZL,BGR,2710
639399,169,23,911,2014,0.0,507819.0,0.771742,0.9873190000000001,PAN,BGR,2710
639400,173,23,911,2014,0.0,2876.0,-0.557833,0.611826,PER,BGR,2710
639401,174,23,911,2014,0.0,19808.0,0.637442,0.475883,PHL,BGR,2710
639402,177,23,911,2014,11270456.0,5020400.0,1.133102,1.177165,POL,BGR,2710
639403,179,23,911,2014,34643.0,0.0,0.621053,2.349644,PRT,BGR,2710
639404,183,23,911,2014,0.0,414222.0,-0.37535599999999997,-1.0196370000000001,QAT,BGR,2710
639405,185,23,911,2014,314084288.0,36227060.0,0.9112,1.188161,ROU,BGR,2710
639406,186,23,911,2014,339360480.0,11364575.0,0.229422,-0.214856,RUS,BGR,2710
639407,188,23,911,2014,0.0,37926.0,0.5758439999999999,-0.832692,SAU,BGR,2710
639408,190,23,911,2014,0.0,233264.0,-1.442381,-1.1155030000000001,SDN,BGR,2710
639409,192,23,911,2014,0.0,337266240.0,1.867492,0.626736,SGP,BGR,2710
639410,196,23,911,2014,0.0,21957.0,-0.9228569999999999,-0.791482,SLE,BGR,2710
639411,201,23,911,2014,42385232.0,79764048.0,0.551635,1.211535,SRB,BGR,2710
639412,206,23,911,2014,4333106.0,371695.0,1.334959,0.821253,SVK,BGR,2710
639413,207,23,911,2014,4810142.0,3663662.0,1.6558669999999998,0.6814399999999999,SVN,BGR,2710
639414,208,23,911,2014,443398.0,10517409.0,1.817752,0.558474,SWE,BGR,2710
639415,215,23,911,2014,0.0,20428566.0,-0.524103,-0.537643,TGO,BGR,2710
639416,216,23,911,2014,0.0,15312.0,0.977094,1.41283,THA,BGR,2710
639417,217,23,911,2014,0.0,18887.0,-0.706823,-0.993756,TJK,BGR,2710
639418,219,23,911,2014,44995588.0,0.0,-1.217897,-1.184131,TKM,BGR,2710
639419,223,23,911,2014,0.0,52554652.0,0.343449,1.118007,TUN,BGR,2710
639420,224,23,911,2014,3664506.0,649660416.0,0.554761,2.385693,TUR,BGR,2710
639421,226,23,911,2014,0.0,15024.0,-1.054331,0.166345,TZA,BGR,2710
639422,227,23,911,2014,0.0,2904.0,-0.46911800000000003,0.25446599999999997,UGA,BGR,2710
639423,228,23,911,2014,12852044.0,97911224.0,0.566535,0.832267,UKR,BGR,2710
639424,231,23,911,2014,207028.0,9765396.0,1.61227,0.068905,USA,BGR,2710
639425,232,23,911,2014,255928.0,66562.0,-0.407623,-0.37150700000000003,UZB,BGR,2710
639426,234,23,911,2014,0.0,39028.0,0.034024,-0.522492,VCT,BGR,2710
639427,237,23,911,2014,0.0,125409.0,0.484282,-0.082974,VGB,BGR,2710
639428,243,23,911,2014,0.0,3002184.0,-1.2829190000000001,-1.227373,YEM,BGR,2710
639429,249,23,911,2014,1742.0,76520.0,1.9044189999999999,1.0595139999999998,TWN,BGR,2710
639430,250,23,911,2014,0.0,38156236.0,0.506842,0.049545,ANS,BGR,2710
639431,7,24,911,2014,83531736.0,201264624.0,0.087775,-0.289459,ARE,BHR,2710
639432,8,24,911,2014,0.0,113221.0,0.10691500000000001,0.44860600000000006,ARG,BHR,2710
639433,14,24,911,2014,0.0,3476.0,-0.398273,-0.17128,AUS,BHR,2710
639434,15,24,911,2014,31909.0,858523.0,1.7116790000000002,-0.140232,AUT,BHR,2710
639435,17,24,911,2014,0.0,432019.0,-0.242256,-0.8567879999999999,BDI,BHR,2710
639436,18,24,911,2014,1266696.0,82524880.0,1.234156,1.226441,BEL,BHR,2710
639437,23,24,911,2014,1497.0,0.0,0.579058,1.6558110000000001,BGR,BHR,2710
639438,32,24,911,2014,0.0,10693332.0,0.218223,0.556921,BRA,BHR,2710
639439,39,24,911,2014,13564.0,0.0,0.671395,1.024683,CAN,BHR,2710
639440,41,24,911,2014,38448.0,336658.0,2.2000919999999997,0.65398,CHE,BHR,2710
639441,42,24,911,2014,0.0,136900.0,-0.344671,-0.43380799999999997,CHL,BHR,2710
639442,43,24,911,2014,93426.0,25739464.0,1.187557,1.222085,CHN,BHR,2710
639443,59,24,911,2014,18752.0,0.0,1.8105830000000003,0.131131,CZE,BHR,2710
639444,61,24,911,2014,1276098.0,0.0,2.052849,-2.888805,DEU,BHR,2710
639445,64,24,911,2014,0.0,15341983.0,1.10869,1.245193,DNK,BHR,2710
639446,67,24,911,2014,0.0,10715.0,-1.066865,-1.052921,ECU,BHR,2710
639447,68,24,911,2014,93069.0,51125300.0,-0.086866,1.7419669999999998,EGY,BHR,2710
639448,71,24,911,2014,190912.0,0.0,0.842147,2.45692,ESP,BHR,2710
639449,73,24,911,2014,0.0,9296471.0,-1.296535,-1.045942,ETH,BHR,2710
639450,77,24,911,2014,270501.0,158764544.0,1.4817790000000002,0.30995,FRA,BHR,2710
639451,81,24,911,2014,496390.0,138125664.0,1.697964,0.585372,GBR,BHR,2710
639452,90,24,911,2014,0.0,31956108.0,0.149337,0.8560540000000001,GRC,BHR,2710
639453,97,24,911,2014,0.0,124897.0,0.812132,1.722493,HKG,BHR,2710
639454,102,24,911,2014,72822.0,0.0,1.477093,0.812869,HUN,BHR,2710
639455,103,24,911,2014,157491.0,105144304.0,-0.088032,1.3966459999999998,IDN,BHR,2710
639456,104,24,911,2014,5075082.0,57285880.0,0.262042,2.6305080000000003,IND,BHR,2710
639457,106,24,911,2014,1557.0,0.0,1.2658399999999999,0.278546,IRL,BHR,2710
639458,107,24,911,2014,0.0,24881878.0,-0.361058,-0.312743,IRN,BHR,2710
639459,108,24,911,2014,0.0,617430976.0,-2.9169,-0.882023,IRQ,BHR,2710
639460,109,24,911,2014,259436.0,0.0,0.127891,-0.302014,ISL,BHR,2710
639461,111,24,911,2014,48912.0,30073854.0,1.340136,0.43931099999999995,ITA,BHR,2710
639462,113,24,911,2014,0.0,20552224.0,0.210208,0.48732299999999995,JOR,BHR,2710
639463,114,24,911,2014,4819926.0,134930000.0,2.403165,-0.635024,JPN,BHR,2710
639464,116,24,911,2014,0.0,478137056.0,-0.487058,0.307288,KEN,BHR,2710
639465,121,24,911,2014,969816.0,243617488.0,1.817145,0.8394530000000001,KOR,BHR,2710
639466,122,24,911,2014,732842.0,9085.0,-0.769616,-1.10667,KWT,BHR,2710
639467,124,24,911,2014,1108.0,2159676.0,0.308677,1.7564490000000001,LBN,BHR,2710
639468,128,24,911,2014,133394.0,9828300.0,-0.49366899999999997,0.338686,LKA,BHR,2710
639469,134,24,911,2014,0.0,22797.0,-0.574034,0.065788,MAR,BHR,2710
639470,136,24,911,2014,0.0,145339184.0,-1.002122,-0.44446,MDG,BHR,2710
639471,137,24,911,2014,0.0,55021608.0,-0.43265299999999995,-0.82696,MDV,BHR,2710
639472,138,24,911,2014,3276.0,0.0,1.0799729999999998,0.697554,MEX,BHR,2710
639473,143,24,911,2014,0.0,32653.0,-1.5332459999999999,-1.145973,MMR,BHR,2710
639474,147,24,911,2014,5710910.0,613576128.0,-1.1993610000000001,-1.040181,MOZ,BHR,2710
639475,151,24,911,2014,0.0,4548553.0,-0.029891,-0.12431099999999999,MUS,BHR,2710
639476,153,24,911,2014,11118.0,14871090.0,1.018138,0.774649,MYS,BHR,2710
639477,159,24,911,2014,16643082.0,0.0,-1.2126430000000001,-1.059697,NGA,BHR,2710
639478,162,24,911,2014,122387.0,97000904.0,1.179325,1.355071,NLD,BHR,2710
639479,167,24,911,2014,31892944.0,172165264.0,-0.505129,-1.0051370000000002,OMN,BHR,2710
639480,168,24,911,2014,0.0,64847428.0,-0.672924,0.566787,PAK,BHR,2710
639481,169,24,911,2014,0.0,16414.0,0.771742,0.9873190000000001,PAN,BHR,2710
639482,173,24,911,2014,0.0,24297.0,-0.557833,0.611826,PER,BHR,2710
639483,183,24,911,2014,16991848.0,130273224.0,-0.37535599999999997,-1.0196370000000001,QAT,BHR,2710
639484,186,24,911,2014,19384.0,2194750.0,0.229422,-0.214856,RUS,BHR,2710
639485,187,24,911,2014,0.0,409472.0,-0.5692659999999999,-0.447859,RWA,BHR,2710
639486,188,24,911,2014,89301016.0,21245856.0,0.5758439999999999,-0.832692,SAU,BHR,2710
639487,190,24,911,2014,0.0,14998.0,-1.442381,-1.1155030000000001,SDN,BHR,2710
639488,192,24,911,2014,853321.0,83883168.0,1.867492,0.626736,SGP,BHR,2710
639489,201,24,911,2014,0.0,111340.0,0.551635,1.211535,SRB,BHR,2710
639490,208,24,911,2014,10344.0,0.0,1.817752,0.558474,SWE,BHR,2710
639491,209,24,911,2014,5852.0,0.0,0.22972199999999998,-0.365564,SWZ,BHR,2710
639492,215,24,911,2014,0.0,2445.0,-0.524103,-0.537643,TGO,BHR,2710
639493,216,24,911,2014,92670.0,77889048.0,0.977094,1.41283,THA,BHR,2710
639494,224,24,911,2014,2698611.0,114927800.0,0.554761,2.385693,TUR,BHR,2710
639495,226,24,911,2014,0.0,28566696.0,-1.054331,0.166345,TZA,BHR,2710
639496,227,24,911,2014,0.0,50274764.0,-0.46911800000000003,0.25446599999999997,UGA,BHR,2710
639497,228,24,911,2014,12835.0,0.0,0.566535,0.832267,UKR,BHR,2710
639498,230,24,911,2014,0.0,64596.0,0.154034,-0.380899,URY,BHR,2710
639499,231,24,911,2014,2156774.0,101230104.0,1.61227,0.068905,USA,BHR,2710
639500,239,24,911,2014,0.0,157808.0,-0.023765,1.344416,VNM,BHR,2710
639501,240,24,911,2014,0.0,25618.0,-1.21245,-0.941493,VUT,BHR,2710
639502,243,24,911,2014,0.0,21420452.0,-1.2829190000000001,-1.227373,YEM,BHR,2710
639503,246,24,911,2014,46484.0,2182221.0,0.282927,1.723214,ZAF,BHR,2710
639504,249,24,911,2014,2404.0,93692312.0,1.9044189999999999,1.0595139999999998,TWN,BHR,2710
639505,250,24,911,2014,775573.0,30544886.0,0.506842,0.049545,ANS,BHR,2710
639506,4,26,911,2014,0.0,175253.0,-0.476024,-0.33978400000000003,ALB,BIH,2710
639507,7,26,911,2014,75825.0,0.0,0.087775,-0.289459,ARE,BIH,2710
639508,15,26,911,2014,4769730.0,16120881.0,1.7116790000000002,-0.140232,AUT,BIH,2710
639509,16,26,911,2014,1541.0,0.0,-0.909508,-1.165158,AZE,BIH,2710
639510,18,26,911,2014,1572734.0,0.0,1.234156,1.226441,BEL,BIH,2710
639511,23,26,911,2014,10451.0,2571592.0,0.579058,1.6558110000000001,BGR,BIH,2710
639512,32,26,911,2014,0.0,310773.0,0.218223,0.556921,BRA,BIH,2710
639513,39,26,911,2014,5068.0,0.0,0.671395,1.024683,CAN,BIH,2710
639514,41,26,911,2014,457228.0,742.0,2.2000919999999997,0.65398,CHE,BIH,2710
639515,43,26,911,2014,92626.0,0.0,1.187557,1.222085,CHN,BIH,2710
639516,58,26,911,2014,7704.0,0.0,0.627467,0.483725,CYP,BIH,2710
639517,59,26,911,2014,322709.0,24305.0,1.8105830000000003,0.131131,CZE,BIH,2710
639518,61,26,911,2014,5686460.0,3902493.0,2.052849,-2.888805,DEU,BIH,2710
639519,64,26,911,2014,0.0,8744.0,1.10869,1.245193,DNK,BIH,2710
639520,71,26,911,2014,12782.0,0.0,0.842147,2.45692,ESP,BIH,2710
639521,77,26,911,2014,678516.0,2195.0,1.4817790000000002,0.30995,FRA,BIH,2710
639522,81,26,911,2014,92292.0,8359.0,1.697964,0.585372,GBR,BIH,2710
639523,90,26,911,2014,9848.0,135178.0,0.149337,0.8560540000000001,GRC,BIH,2710
639524,100,26,911,2014,491138560.0,54756064.0,0.804401,1.250807,HRV,BIH,2710
639525,102,26,911,2014,28082706.0,715267.0,1.477093,0.812869,HUN,BIH,2710
639526,104,26,911,2014,8869.0,0.0,0.262042,2.6305080000000003,IND,BIH,2710
639527,111,26,911,2014,1630859.0,1993563.0,1.340136,0.43931099999999995,ITA,BIH,2710
639528,114,26,911,2014,1534.0,0.0,2.403165,-0.635024,JPN,BIH,2710
639529,130,26,911,2014,33452.0,0.0,0.764495,1.3451540000000002,LTU,BIH,2710
639530,140,26,911,2014,5158.0,1083539.0,-0.039799,-0.05545,MKD,BIH,2710
639531,144,26,911,2014,248957.0,5364196.0,-0.17039100000000001,-0.21762399999999998,MNE,BIH,2710
639532,155,26,911,2014,526916.0,0.0,-0.428227,-0.5632229999999999,NAM,BIH,2710
639533,162,26,911,2014,301951.0,24503.0,1.179325,1.355071,NLD,BIH,2710
639534,168,26,911,2014,1463.0,0.0,-0.672924,0.566787,PAK,BIH,2710
639535,177,26,911,2014,1241642.0,1194327.0,1.133102,1.177165,POL,BIH,2710
639536,183,26,911,2014,1129.0,0.0,-0.37535599999999997,-1.0196370000000001,QAT,BIH,2710
639537,185,26,911,2014,223031.0,315610.0,0.9112,1.188161,ROU,BIH,2710
639538,186,26,911,2014,1913484.0,0.0,0.229422,-0.214856,RUS,BIH,2710
639539,201,26,911,2014,66186704.0,32400836.0,0.551635,1.211535,SRB,BIH,2710
639540,206,26,911,2014,63611.0,738562.0,1.334959,0.821253,SVK,BIH,2710
639541,207,26,911,2014,45605588.0,1495521.0,1.6558669999999998,0.6814399999999999,SVN,BIH,2710
639542,208,26,911,2014,2476.0,171244.0,1.817752,0.558474,SWE,BIH,2710
639543,224,26,911,2014,1200128.0,40131.0,0.554761,2.385693,TUR,BIH,2710
639544,228,26,911,2014,5056.0,3992022.0,0.566535,0.832267,UKR,BIH,2710
639545,231,26,911,2014,17432.0,3075763.0,1.61227,0.068905,USA,BIH,2710
639546,249,26,911,2014,502.0,0.0,1.9044189999999999,1.0595139999999998,TWN,BIH,2710
639547,7,28,911,2014,1736218.0,588147.0,0.087775,-0.289459,ARE,BLR,2710
639548,9,28,911,2014,535957.0,148927.0,-0.198322,-0.5918680000000001,ARM,BLR,2710
639549,15,28,911,2014,584413.0,1785368.0,1.7116790000000002,-0.140232,AUT,BLR,2710
639550,16,28,911,2014,2963228.0,291056.0,-0.909508,-1.165158,AZE,BLR,2710
639551,18,28,911,2014,2326500.0,71070384.0,1.234156,1.226441,BEL,BLR,2710
639552,23,28,911,2014,1845625.0,13468.0,0.579058,1.6558110000000001,BGR,BLR,2710
639553,41,28,911,2014,224762.0,5054.0,2.2000919999999997,0.65398,CHE,BLR,2710
639554,58,28,911,2014,372817.0,937390.0,0.627467,0.483725,CYP,BLR,2710
639555,59,28,911,2014,889517.0,17776862.0,1.8105830000000003,0.131131,CZE,BLR,2710
639556,61,28,911,2014,24107636.0,30444240.0,2.052849,-2.888805,DEU,BLR,2710
639557,64,28,911,2014,8903.0,791108.0,1.10869,1.245193,DNK,BLR,2710
639558,66,28,911,2014,9509893.0,0.0,-1.5554649999999999,-1.1657030000000002,DZA,BLR,2710
639559,71,28,911,2014,1701837.0,265860.0,0.842147,2.45692,ESP,BLR,2710
639560,72,28,911,2014,638799.0,21655620.0,0.9147780000000001,1.151556,EST,BLR,2710
639561,74,28,911,2014,4727735.0,304010.0,1.626355,1.002923,FIN,BLR,2710
639562,77,28,911,2014,800459.0,168910816.0,1.4817790000000002,0.30995,FRA,BLR,2710
639563,81,28,911,2014,2181043.0,13142269.0,1.697964,0.585372,GBR,BLR,2710
639564,82,28,911,2014,1621598.0,88832.0,-0.254106,-0.646584,GEO,BLR,2710
639565,90,28,911,2014,0.0,60190952.0,0.149337,0.8560540000000001,GRC,BLR,2710
639566,102,28,911,2014,943746.0,6650000.0,1.477093,0.812869,HUN,BLR,2710
639567,104,28,911,2014,21861.0,2932414.0,0.262042,2.6305080000000003,IND,BLR,2710
639568,106,28,911,2014,0.0,1244601.0,1.2658399999999999,0.278546,IRL,BLR,2710
639569,107,28,911,2014,278364.0,4259.0,-0.361058,-0.312743,IRN,BLR,2710
639570,110,28,911,2014,834534.0,3114.0,1.211141,0.64523,ISR,BLR,2710
639571,111,28,911,2014,2486460.0,81690464.0,1.340136,0.43931099999999995,ITA,BLR,2710
639572,114,28,911,2014,12085.0,0.0,2.403165,-0.635024,JPN,BLR,2710
639573,115,28,911,2014,3918806.0,83508968.0,-0.210431,-0.574075,KAZ,BLR,2710
639574,117,28,911,2014,16257.0,23873.0,-0.31942600000000004,-0.012454,KGZ,BLR,2710
639575,121,28,911,2014,120084.0,0.0,1.817145,0.8394530000000001,KOR,BLR,2710
639576,124,28,911,2014,0.0,125768.0,0.308677,1.7564490000000001,LBN,BLR,2710
639577,126,28,911,2014,179779.0,0.0,-1.5943829999999999,-1.189961,LBY,BLR,2710
639578,130,28,911,2014,6827543.0,313357952.0,0.764495,1.3451540000000002,LTU,BLR,2710
639579,131,28,911,2014,0.0,4658.0,1.243845,1.155474,LUX,BLR,2710
639580,132,28,911,2014,1136999.0,265150512.0,0.613116,1.1899790000000001,LVA,BLR,2710
639581,134,28,911,2014,0.0,48990080.0,-0.574034,0.065788,MAR,BLR,2710
639582,135,28,911,2014,0.0,97911000.0,-0.10438199999999999,-0.093194,MDA,BLR,2710
639583,145,28,911,2014,0.0,1456510.0,-1.425524,-1.161949,MNG,BLR,2710
639584,159,28,911,2014,0.0,3112435.0,-1.2126430000000001,-1.059697,NGA,BLR,2710
639585,162,28,911,2014,1355562.0,64525520.0,1.179325,1.355071,NLD,BLR,2710
639586,177,28,911,2014,5262744.0,54684848.0,1.133102,1.177165,POL,BLR,2710
639587,185,28,911,2014,0.0,220006.0,0.9112,1.188161,ROU,BLR,2710
639588,186,28,911,2014,160020368.0,1027722816.0,0.229422,-0.214856,RUS,BLR,2710
639589,188,28,911,2014,0.0,31467120.0,0.5758439999999999,-0.832692,SAU,BLR,2710
639590,190,28,911,2014,0.0,322040.0,-1.442381,-1.1155030000000001,SDN,BLR,2710
639591,192,28,911,2014,61317.0,141951504.0,1.867492,0.626736,SGP,BLR,2710
639592,201,28,911,2014,19416.0,30817066.0,0.551635,1.211535,SRB,BLR,2710
639593,206,28,911,2014,153730.0,3255617.0,1.334959,0.821253,SVK,BLR,2710
639594,207,28,911,2014,18550.0,10138.0,1.6558669999999998,0.6814399999999999,SVN,BLR,2710
639595,208,28,911,2014,389937.0,0.0,1.817752,0.558474,SWE,BLR,2710
639596,217,28,911,2014,0.0,342803.0,-0.706823,-0.993756,TJK,BLR,2710
639597,219,28,911,2014,860348.0,788643.0,-1.217897,-1.184131,TKM,BLR,2710
639598,224,28,911,2014,169199.0,503992.0,0.554761,2.385693,TUR,BLR,2710
639599,228,28,911,2014,298768.0,3112843008.0,0.566535,0.832267,UKR,BLR,2710
639600,231,28,911,2014,15313.0,64722.0,1.61227,0.068905,USA,BLR,2710
639601,232,28,911,2014,323878.0,552849.0,-0.407623,-0.37150700000000003,UZB,BLR,2710
639602,237,28,911,2014,0.0,1418800.0,0.484282,-0.082974,VGB,BLR,2710
639603,250,28,911,2014,0.0,152802256.0,0.506842,0.049545,ANS,BLR,2710
639604,7,38,911,2014,108041.0,0.0,0.087775,-0.289459,ARE,CAF,2710
639605,41,38,911,2014,1352.0,0.0,2.2000919999999997,0.65398,CHE,CAF,2710
639606,43,38,911,2014,14252.0,0.0,1.187557,1.222085,CHN,CAF,2710
639607,45,38,911,2014,2017333.0,0.0,-0.6723520000000001,-0.945084,CMR,CAF,2710
639608,71,38,911,2014,317592.0,0.0,0.842147,2.45692,ESP,CAF,2710
639609,77,38,911,2014,2655.0,4367.0,1.4817790000000002,0.30995,FRA,CAF,2710
639610,102,38,911,2014,145127.0,0.0,1.477093,0.812869,HUN,CAF,2710
639611,124,38,911,2014,2632.0,0.0,0.308677,1.7564490000000001,LBN,CAF,2710
639612,153,38,911,2014,22657.0,0.0,1.018138,0.774649,MYS,CAF,2710
639613,188,38,911,2014,15766.0,0.0,0.5758439999999999,-0.832692,SAU,CAF,2710
639614,190,38,911,2014,0.0,46948.0,-1.442381,-1.1155030000000001,SDN,CAF,2710
639615,213,38,911,2014,6105.0,0.0,0.474182,-0.198892,TCA,CAF,2710
639616,227,38,911,2014,110683.0,0.0,-0.46911800000000003,0.25446599999999997,UGA,CAF,2710
639617,231,38,911,2014,2397.0,0.0,1.61227,0.068905,USA,CAF,2710
639618,2,44,911,2014,2295986.0,142062.0,-1.8184900000000002,-1.149191,AGO,CIV,2710
639619,7,44,911,2014,6136420.0,0.0,0.087775,-0.289459,ARE,CIV,2710
639620,14,44,911,2014,21713.0,0.0,-0.398273,-0.17128,AUS,CIV,2710
639621,15,44,911,2014,7839.0,0.0,1.7116790000000002,-0.140232,AUT,CIV,2710
639622,18,44,911,2014,19482124.0,270393.0,1.234156,1.226441,BEL,CIV,2710
639623,19,44,911,2014,3719558.0,9381499.0,-0.342225,-0.618789,BEN,CIV,2710
639624,21,44,911,2014,589105.0,168061408.0,-0.922401,-0.9554379999999999,BFA,CIV,2710
639625,25,44,911,2014,0.0,9197472.0,0.314465,-0.60458,BHS,CIV,2710
639626,32,44,911,2014,0.0,684304.0,0.218223,0.556921,BRA,CIV,2710
639627,39,44,911,2014,161315.0,0.0,0.671395,1.024683,CAN,CIV,2710
639628,41,44,911,2014,17325.0,86483.0,2.2000919999999997,0.65398,CHE,CIV,2710
639629,43,44,911,2014,461367.0,26103.0,1.187557,1.222085,CHN,CIV,2710
639630,45,44,911,2014,12512518.0,109719488.0,-0.6723520000000001,-0.945084,CMR,CIV,2710
639631,46,44,911,2014,0.0,115387336.0,-1.6680240000000002,-1.1265129999999999,COD,CIV,2710
639632,47,44,911,2014,2612.0,30101700.0,-1.371624,-1.12468,COG,CIV,2710
639633,50,44,911,2014,0.0,19446.0,-0.19200699999999998,-0.761303,COM,CIV,2710
639634,51,44,911,2014,0.0,5508923.0,-0.182368,-0.7136359999999999,CPV,CIV,2710
639635,55,44,911,2014,0.0,7260054.0,-0.00902,-0.683643,CUW,CIV,2710
639636,58,44,911,2014,0.0,171154.0,0.627467,0.483725,CYP,CIV,2710
639637,59,44,911,2014,883.0,0.0,1.8105830000000003,0.131131,CZE,CIV,2710
639638,61,44,911,2014,440957.0,3273590.0,2.052849,-2.888805,DEU,CIV,2710
639639,64,44,911,2014,0.0,18701.0,1.10869,1.245193,DNK,CIV,2710
639640,66,44,911,2014,1296506.0,0.0,-1.5554649999999999,-1.1657030000000002,DZA,CIV,2710
639641,67,44,911,2014,345879.0,0.0,-1.066865,-1.052921,ECU,CIV,2710
639642,68,44,911,2014,447924.0,0.0,-0.086866,1.7419669999999998,EGY,CIV,2710
639643,71,44,911,2014,4402524.0,255009.0,0.842147,2.45692,ESP,CIV,2710
639644,72,44,911,2014,31405.0,0.0,0.9147780000000001,1.151556,EST,CIV,2710
639645,74,44,911,2014,385865.0,0.0,1.626355,1.002923,FIN,CIV,2710
639646,77,44,911,2014,9957259.0,19994356.0,1.4817790000000002,0.30995,FRA,CIV,2710
639647,80,44,911,2014,0.0,5218292.0,-1.625474,-1.135973,GAB,CIV,2710
639648,81,44,911,2014,137651.0,28701.0,1.697964,0.585372,GBR,CIV,2710
639649,83,44,911,2014,88135.0,87306392.0,-1.130226,-0.9909379999999999,GHA,CIV,2710
639650,84,44,911,2014,0.0,29003148.0,0.275796,-0.720217,GIB,CIV,2710
639651,85,44,911,2014,9177.0,5672728.0,-1.628409,-1.202473,GIN,CIV,2710
639652,87,44,911,2014,0.0,12913684.0,-0.905488,-0.7892819999999999,GMB,CIV,2710
639653,89,44,911,2014,12061175.0,103141584.0,-2.043516,-0.844701,GNQ,CIV,2710
639654,90,44,911,2014,36513.0,133309.0,0.149337,0.8560540000000001,GRC,CIV,2710
639655,97,44,911,2014,0.0,134746.0,0.812132,1.722493,HKG,CIV,2710
639656,100,44,911,2014,6305.0,0.0,0.804401,1.250807,HRV,CIV,2710
639657,104,44,911,2014,4112351.0,17237.0,0.262042,2.6305080000000003,IND,CIV,2710
639658,107,44,911,2014,18646.0,0.0,-0.361058,-0.312743,IRN,CIV,2710
639659,110,44,911,2014,24351.0,0.0,1.211141,0.64523,ISR,CIV,2710
639660,111,44,911,2014,13835753.0,754368.0,1.340136,0.43931099999999995,ITA,CIV,2710
639661,114,44,911,2014,6882.0,0.0,2.403165,-0.635024,JPN,CIV,2710
639662,119,44,911,2014,0.0,102959.0,0.708907,-0.540813,KIR,CIV,2710
639663,121,44,911,2014,829481.0,33495.0,1.817145,0.8394530000000001,KOR,CIV,2710
639664,124,44,911,2014,63673.0,0.0,0.308677,1.7564490000000001,LBN,CIV,2710
639665,125,44,911,2014,0.0,51165412.0,-1.016828,-1.107983,LBR,CIV,2710
639666,126,44,911,2014,54088.0,0.0,-1.5943829999999999,-1.189961,LBY,CIV,2710
639667,131,44,911,2014,0.0,87411.0,1.243845,1.155474,LUX,CIV,2710
639668,134,44,911,2014,4234220.0,0.0,-0.574034,0.065788,MAR,CIV,2710
639669,139,44,911,2014,0.0,3780098.0,-0.22505,-0.803084,MHL,CIV,2710
639670,141,44,911,2014,29972.0,131646576.0,-1.199063,-1.05497,MLI,CIV,2710
639671,142,44,911,2014,0.0,436948.0,0.817013,0.0016309999999999999,MLT,CIV,2710
639672,148,44,911,2014,0.0,53153.0,-1.458551,-1.225373,MRT,CIV,2710
639673,153,44,911,2014,4398.0,0.0,1.018138,0.774649,MYS,CIV,2710
639674,157,44,911,2014,1507275.0,1637828.0,-0.7187,-0.80918,NER,CIV,2710
639675,159,44,911,2014,2250672.0,153403552.0,-1.2126430000000001,-1.059697,NGA,CIV,2710
639676,162,44,911,2014,12917905.0,4324497.0,1.179325,1.355071,NLD,CIV,2710
639677,163,44,911,2014,0.0,18788.0,0.9187049999999999,0.182685,NOR,CIV,2710
639678,167,44,911,2014,13459.0,0.0,-0.505129,-1.0051370000000002,OMN,CIV,2710
639679,168,44,911,2014,57017.0,0.0,-0.672924,0.566787,PAK,CIV,2710
639680,169,44,911,2014,0.0,1691524.0,0.771742,0.9873190000000001,PAN,CIV,2710
639681,177,44,911,2014,247795.0,0.0,1.133102,1.177165,POL,CIV,2710
639682,179,44,911,2014,5689.0,64818.0,0.621053,2.349644,PRT,CIV,2710
639683,186,44,911,2014,3186328.0,0.0,0.229422,-0.214856,RUS,CIV,2710
639684,188,44,911,2014,17725.0,0.0,0.5758439999999999,-0.832692,SAU,CIV,2710
639685,191,44,911,2014,652136.0,25628274.0,-0.502607,-0.08866,SEN,CIV,2710
639686,192,44,911,2014,252162.0,235640.0,1.867492,0.626736,SGP,CIV,2710
639687,196,44,911,2014,0.0,14546089.0,-0.9228569999999999,-0.791482,SLE,CIV,2710
639688,208,44,911,2014,11797085.0,17991902.0,1.817752,0.558474,SWE,CIV,2710
639689,215,44,911,2014,843757.0,70041320.0,-0.524103,-0.537643,TGO,CIV,2710
639690,223,44,911,2014,134879.0,0.0,0.343449,1.118007,TUN,CIV,2710
639691,224,44,911,2014,513732.0,130922.0,0.554761,2.385693,TUR,CIV,2710
639692,225,44,911,2014,0.0,194377.0,1.127623,-0.482033,TUV,CIV,2710
639693,227,44,911,2014,5277.0,3579.0,-0.46911800000000003,0.25446599999999997,UGA,CIV,2710
639694,231,44,911,2014,24073706.0,85861456.0,1.61227,0.068905,USA,CIV,2710
639695,234,44,911,2014,0.0,2447518.0,0.034024,-0.522492,VCT,CIV,2710
639696,239,44,911,2014,0.0,37515.0,-0.023765,1.344416,VNM,CIV,2710
639697,240,44,911,2014,0.0,1459577.0,-1.21245,-0.941493,VUT,CIV,2710
639698,246,44,911,2014,590007.0,0.0,0.282927,1.723214,ZAF,CIV,2710
639699,249,44,911,2014,148221.0,0.0,1.9044189999999999,1.0595139999999998,TWN,CIV,2710
639700,250,44,911,2014,194590.0,110641720.0,0.506842,0.049545,ANS,CIV,2710
639701,5,68,911,2014,0.0,124274.0,0.533246,-0.41617,AND,EGY,2710
639702,7,68,911,2014,257404240.0,23896098.0,0.087775,-0.289459,ARE,EGY,2710
639703,8,68,911,2014,0.0,37602.0,0.10691500000000001,0.44860600000000006,ARG,EGY,2710
639704,9,68,911,2014,0.0,658.0,-0.198322,-0.5918680000000001,ARM,EGY,2710
639705,14,68,911,2014,22832.0,249263.0,-0.398273,-0.17128,AUS,EGY,2710
639706,15,68,911,2014,8420.0,0.0,1.7116790000000002,-0.140232,AUT,EGY,2710
639707,16,68,911,2014,13505910.0,0.0,-0.909508,-1.165158,AZE,EGY,2710
639708,17,68,911,2014,0.0,21503.0,-0.242256,-0.8567879999999999,BDI,EGY,2710
639709,18,68,911,2014,18541712.0,0.0,1.234156,1.226441,BEL,EGY,2710
639710,19,68,911,2014,0.0,11859.0,-0.342225,-0.618789,BEN,EGY,2710
639711,23,68,911,2014,42374288.0,0.0,0.579058,1.6558110000000001,BGR,EGY,2710
639712,24,68,911,2014,51125300.0,93069.0,0.460168,-0.41671099999999994,BHR,EGY,2710
639713,39,68,911,2014,423831.0,0.0,0.671395,1.024683,CAN,EGY,2710
639714,41,68,911,2014,3026268.0,0.0,2.2000919999999997,0.65398,CHE,EGY,2710
639715,42,68,911,2014,0.0,21640.0,-0.344671,-0.43380799999999997,CHL,EGY,2710
639716,43,68,911,2014,1691575.0,358058.0,1.187557,1.222085,CHN,EGY,2710
639717,44,68,911,2014,0.0,447924.0,-0.737625,-0.768728,CIV,EGY,2710
639718,45,68,911,2014,0.0,83911.0,-0.6723520000000001,-0.945084,CMR,EGY,2710
639719,47,68,911,2014,0.0,1680.0,-1.371624,-1.12468,COG,EGY,2710
639720,58,68,911,2014,9071961.0,31651094.0,0.627467,0.483725,CYP,EGY,2710
639721,59,68,911,2014,433762.0,0.0,1.8105830000000003,0.131131,CZE,EGY,2710
639722,61,68,911,2014,10191640.0,0.0,2.052849,-2.888805,DEU,EGY,2710
639723,64,68,911,2014,8438.0,0.0,1.10869,1.245193,DNK,EGY,2710
639724,66,68,911,2014,4804.0,36493.0,-1.5554649999999999,-1.1657030000000002,DZA,EGY,2710
639725,71,68,911,2014,125156320.0,0.0,0.842147,2.45692,ESP,EGY,2710
639726,72,68,911,2014,0.0,5377.0,0.9147780000000001,1.151556,EST,EGY,2710
639727,73,68,911,2014,0.0,10667838.0,-1.296535,-1.045942,ETH,EGY,2710
639728,74,68,911,2014,0.0,1116673.0,1.626355,1.002923,FIN,EGY,2710
639729,77,68,911,2014,11077029.0,21902138.0,1.4817790000000002,0.30995,FRA,EGY,2710
639730,81,68,911,2014,19923886.0,28545968.0,1.697964,0.585372,GBR,EGY,2710
639731,82,68,911,2014,22255488.0,0.0,-0.254106,-0.646584,GEO,EGY,2710
639732,90,68,911,2014,592560640.0,0.0,0.149337,0.8560540000000001,GRC,EGY,2710
639733,97,68,911,2014,293996.0,0.0,0.812132,1.722493,HKG,EGY,2710
639734,100,68,911,2014,8317910.0,0.0,0.804401,1.250807,HRV,EGY,2710
639735,102,68,911,2014,2350099.0,0.0,1.477093,0.812869,HUN,EGY,2710
639736,104,68,911,2014,612841344.0,149741.0,0.262042,2.6305080000000003,IND,EGY,2710
639737,106,68,911,2014,3358762.0,0.0,1.2658399999999999,0.278546,IRL,EGY,2710
639738,108,68,911,2014,0.0,43107.0,-2.9169,-0.882023,IRQ,EGY,2710
639739,109,68,911,2014,9676.0,0.0,0.127891,-0.302014,ISL,EGY,2710
639740,111,68,911,2014,554489920.0,275233760.0,1.340136,0.43931099999999995,ITA,EGY,2710
639741,113,68,911,2014,0.0,124332.0,0.210208,0.48732299999999995,JOR,EGY,2710
639742,114,68,911,2014,419831.0,237486096.0,2.403165,-0.635024,JPN,EGY,2710
639743,115,68,911,2014,0.0,199383.0,-0.210431,-0.574075,KAZ,EGY,2710
639744,121,68,911,2014,63430564.0,236742160.0,1.817145,0.8394530000000001,KOR,EGY,2710
639745,122,68,911,2014,888624640.0,423552.0,-0.769616,-1.10667,KWT,EGY,2710
639746,124,68,911,2014,0.0,78814320.0,0.308677,1.7564490000000001,LBN,EGY,2710
639747,126,68,911,2014,0.0,35328.0,-1.5943829999999999,-1.189961,LBY,EGY,2710
639748,130,68,911,2014,95527.0,0.0,0.764495,1.3451540000000002,LTU,EGY,2710
639749,131,68,911,2014,1112.0,0.0,1.243845,1.155474,LUX,EGY,2710
639750,132,68,911,2014,10513.0,0.0,0.613116,1.1899790000000001,LVA,EGY,2710
639751,134,68,911,2014,0.0,479523.0,-0.574034,0.065788,MAR,EGY,2710
639752,136,68,911,2014,23778.0,0.0,-1.002122,-0.44446,MDG,EGY,2710
639753,140,68,911,2014,2900.0,0.0,-0.039799,-0.05545,MKD,EGY,2710
639754,142,68,911,2014,848097088.0,306670848.0,0.817013,0.0016309999999999999,MLT,EGY,2710
639755,147,68,911,2014,0.0,7266.0,-1.1993610000000001,-1.040181,MOZ,EGY,2710
639756,153,68,911,2014,31647.0,22902752.0,1.018138,0.774649,MYS,EGY,2710
639757,159,68,911,2014,0.0,1765318.0,-1.2126430000000001,-1.059697,NGA,EGY,2710
639758,162,68,911,2014,449326048.0,22640698.0,1.179325,1.355071,NLD,EGY,2710
639759,163,68,911,2014,1382.0,78268.0,0.9187049999999999,0.182685,NOR,EGY,2710
639760,164,68,911,2014,0.0,1284.0,-0.11988199999999999,0.655883,NPL,EGY,2710
639761,167,68,911,2014,5496.0,17933892.0,-0.505129,-1.0051370000000002,OMN,EGY,2710
639762,168,68,911,2014,0.0,19680.0,-0.672924,0.566787,PAK,EGY,2710
639763,173,68,911,2014,0.0,3084.0,-0.557833,0.611826,PER,EGY,2710
639764,177,68,911,2014,2688844.0,0.0,1.133102,1.177165,POL,EGY,2710
639765,179,68,911,2014,4065622.0,0.0,0.621053,2.349644,PRT,EGY,2710
639766,181,68,911,2014,0.0,40986.0,0.030643,0.601905,PSE,EGY,2710
639767,183,68,911,2014,9983.0,92393.0,-0.37535599999999997,-1.0196370000000001,QAT,EGY,2710
639768,186,68,911,2014,402414272.0,2060576.0,0.229422,-0.214856,RUS,EGY,2710
639769,187,68,911,2014,0.0,114287.0,-0.5692659999999999,-0.447859,RWA,EGY,2710
639770,188,68,911,2014,343297920.0,6727718.0,0.5758439999999999,-0.832692,SAU,EGY,2710
639771,190,68,911,2014,101441.0,764607.0,-1.442381,-1.1155030000000001,SDN,EGY,2710
639772,191,68,911,2014,0.0,33112.0,-0.502607,-0.08866,SEN,EGY,2710
639773,192,68,911,2014,644909.0,33773148.0,1.867492,0.626736,SGP,EGY,2710
639774,196,68,911,2014,0.0,78927.0,-0.9228569999999999,-0.791482,SLE,EGY,2710
639775,201,68,911,2014,2724.0,0.0,0.551635,1.211535,SRB,EGY,2710
639776,206,68,911,2014,11563.0,0.0,1.334959,0.821253,SVK,EGY,2710
639777,207,68,911,2014,0.0,20880798.0,1.6558669999999998,0.6814399999999999,SVN,EGY,2710
639778,208,68,911,2014,125113.0,0.0,1.817752,0.558474,SWE,EGY,2710
639779,216,68,911,2014,24285.0,166634.0,0.977094,1.41283,THA,EGY,2710
639780,223,68,911,2014,259323.0,40764352.0,0.343449,1.118007,TUN,EGY,2710
639781,224,68,911,2014,812180480.0,28801388.0,0.554761,2.385693,TUR,EGY,2710
639782,226,68,911,2014,0.0,647132.0,-1.054331,0.166345,TZA,EGY,2710
639783,227,68,911,2014,0.0,238243.0,-0.46911800000000003,0.25446599999999997,UGA,EGY,2710
639784,228,68,911,2014,81359.0,271095.0,0.566535,0.832267,UKR,EGY,2710
639785,231,68,911,2014,919547968.0,138741.0,1.61227,0.068905,USA,EGY,2710
639786,239,68,911,2014,0.0,16972.0,-0.023765,1.344416,VNM,EGY,2710
639787,243,68,911,2014,15756410.0,244818.0,-1.2829190000000001,-1.227373,YEM,EGY,2710
639788,246,68,911,2014,0.0,470193.0,0.282927,1.723214,ZAF,EGY,2710
639789,247,68,911,2014,0.0,71364.0,-0.664089,-0.793452,ZMB,EGY,2710
639790,249,68,911,2014,171622672.0,26687082.0,1.9044189999999999,1.0595139999999998,TWN,EGY,2710
639791,250,68,911,2014,0.0,862835264.0,0.506842,0.049545,ANS,EGY,2710
639792,7,82,911,2014,341876.0,0.0,0.087775,-0.289459,ARE,GEO,2710
639793,9,82,911,2014,33414.0,700129.0,-0.198322,-0.5918680000000001,ARM,GEO,2710
639794,14,82,911,2014,0.0,191547.0,-0.398273,-0.17128,AUS,GEO,2710
639795,15,82,911,2014,22546.0,0.0,1.7116790000000002,-0.140232,AUT,GEO,2710
639796,16,82,911,2014,155618720.0,1224623.0,-0.909508,-1.165158,AZE,GEO,2710
639797,18,82,911,2014,6393884.0,0.0,1.234156,1.226441,BEL,GEO,2710
639798,23,82,911,2014,146771152.0,901180.0,0.579058,1.6558110000000001,BGR,GEO,2710
639799,28,82,911,2014,88832.0,1621598.0,0.874108,0.676231,BLR,GEO,2710
639800,39,82,911,2014,0.0,648895.0,0.671395,1.024683,CAN,GEO,2710
639801,41,82,911,2014,0.0,676131.0,2.2000919999999997,0.65398,CHE,GEO,2710
639802,43,82,911,2014,303278.0,0.0,1.187557,1.222085,CHN,GEO,2710
639803,59,82,911,2014,839214.0,0.0,1.8105830000000003,0.131131,CZE,GEO,2710
639804,61,82,911,2014,8293636.0,282232.0,2.052849,-2.888805,DEU,GEO,2710
639805,64,82,911,2014,4056.0,0.0,1.10869,1.245193,DNK,GEO,2710
639806,68,82,911,2014,0.0,22255488.0,-0.086866,1.7419669999999998,EGY,GEO,2710
639807,71,82,911,2014,277014.0,45814236.0,0.842147,2.45692,ESP,GEO,2710
639808,72,82,911,2014,8828.0,0.0,0.9147780000000001,1.151556,EST,GEO,2710
639809,74,82,911,2014,2009.0,0.0,1.626355,1.002923,FIN,GEO,2710
639810,77,82,911,2014,525794.0,0.0,1.4817790000000002,0.30995,FRA,GEO,2710
639811,81,82,911,2014,299693.0,127019.0,1.697964,0.585372,GBR,GEO,2710
639812,90,82,911,2014,146284048.0,0.0,0.149337,0.8560540000000001,GRC,GEO,2710
639813,102,82,911,2014,194499.0,0.0,1.477093,0.812869,HUN,GEO,2710
639814,104,82,911,2014,65046.0,1030045.0,0.262042,2.6305080000000003,IND,GEO,2710
639815,107,82,911,2014,4332464.0,99011.0,-0.361058,-0.312743,IRN,GEO,2710
639816,108,82,911,2014,22995.0,0.0,-2.9169,-0.882023,IRQ,GEO,2710
639817,110,82,911,2014,14678200.0,0.0,1.211141,0.64523,ISR,GEO,2710
639818,111,82,911,2014,348838.0,47882508.0,1.340136,0.43931099999999995,ITA,GEO,2710
639819,114,82,911,2014,371273.0,0.0,2.403165,-0.635024,JPN,GEO,2710
639820,115,82,911,2014,2790142.0,0.0,-0.210431,-0.574075,KAZ,GEO,2710
639821,117,82,911,2014,105264.0,0.0,-0.31942600000000004,-0.012454,KGZ,GEO,2710
639822,121,82,911,2014,1376691.0,8783412.0,1.817145,0.8394530000000001,KOR,GEO,2710
639823,124,82,911,2014,0.0,32016464.0,0.308677,1.7564490000000001,LBN,GEO,2710
639824,130,82,911,2014,628102.0,0.0,0.764495,1.3451540000000002,LTU,GEO,2710
639825,132,82,911,2014,148430.0,924.0,0.613116,1.1899790000000001,LVA,GEO,2710
639826,142,82,911,2014,1328038.0,0.0,0.817013,0.0016309999999999999,MLT,GEO,2710
639827,159,82,911,2014,0.0,5396.0,-1.2126430000000001,-1.059697,NGA,GEO,2710
639828,162,82,911,2014,16104171.0,0.0,1.179325,1.355071,NLD,GEO,2710
639829,169,82,911,2014,0.0,527098.0,0.771742,0.9873190000000001,PAN,GEO,2710
639830,177,82,911,2014,1129247.0,0.0,1.133102,1.177165,POL,GEO,2710
639831,185,82,911,2014,293244896.0,0.0,0.9112,1.188161,ROU,GEO,2710
639832,186,82,911,2014,80385752.0,0.0,0.229422,-0.214856,RUS,GEO,2710
639833,192,82,911,2014,165384.0,0.0,1.867492,0.626736,SGP,GEO,2710
639834,201,82,911,2014,0.0,1608489.0,0.551635,1.211535,SRB,GEO,2710
639835,206,82,911,2014,2360.0,0.0,1.334959,0.821253,SVK,GEO,2710
639836,208,82,911,2014,3580.0,0.0,1.817752,0.558474,SWE,GEO,2710
639837,217,82,911,2014,0.0,22999.0,-0.706823,-0.993756,TJK,GEO,2710
639838,219,82,911,2014,64873020.0,1945.0,-1.217897,-1.184131,TKM,GEO,2710
639839,224,82,911,2014,11569367.0,207012.0,0.554761,2.385693,TUR,GEO,2710
639840,228,82,911,2014,1099635.0,0.0,0.566535,0.832267,UKR,GEO,2710
639841,231,82,911,2014,571672.0,143320144.0,1.61227,0.068905,USA,GEO,2710
639842,232,82,911,2014,331220.0,0.0,-0.407623,-0.37150700000000003,UZB,GEO,2710
639843,1,107,911,2014,0.0,123512536.0,-0.924386,-0.839385,AFG,IRN,2710
639844,7,107,911,2014,47974852.0,377919168.0,0.087775,-0.289459,ARE,IRN,2710
639845,9,107,911,2014,103325.0,9546552.0,-0.198322,-0.5918680000000001,ARM,IRN,2710
639846,15,107,911,2014,406750.0,0.0,1.7116790000000002,-0.140232,AUT,IRN,2710
639847,16,107,911,2014,4095.0,289674.0,-0.909508,-1.165158,AZE,IRN,2710
639848,18,107,911,2014,2696076.0,0.0,1.234156,1.226441,BEL,IRN,2710
639849,21,107,911,2014,0.0,83797.0,-0.922401,-0.9554379999999999,BFA,IRN,2710
639850,22,107,911,2014,0.0,488737.0,-1.0341879999999999,-0.9614870000000001,BGD,IRN,2710
639851,23,107,911,2014,44114.0,0.0,0.579058,1.6558110000000001,BGR,IRN,2710
639852,24,107,911,2014,24881878.0,0.0,0.460168,-0.41671099999999994,BHR,IRN,2710
639853,28,107,911,2014,4259.0,278364.0,0.874108,0.676231,BLR,IRN,2710
639854,41,107,911,2014,5056.0,0.0,2.2000919999999997,0.65398,CHE,IRN,2710
639855,43,107,911,2014,7702228.0,210196240.0,1.187557,1.222085,CHN,IRN,2710
639856,44,107,911,2014,0.0,18646.0,-0.737625,-0.768728,CIV,IRN,2710
639857,45,107,911,2014,0.0,60424.0,-0.6723520000000001,-0.945084,CMR,IRN,2710
639858,47,107,911,2014,0.0,53748.0,-1.371624,-1.12468,COG,IRN,2710
639859,59,107,911,2014,1168.0,0.0,1.8105830000000003,0.131131,CZE,IRN,2710
639860,61,107,911,2014,3252888.0,0.0,2.052849,-2.888805,DEU,IRN,2710
639861,71,107,911,2014,71962.0,0.0,0.842147,2.45692,ESP,IRN,2710
639862,77,107,911,2014,636695.0,6571.0,1.4817790000000002,0.30995,FRA,IRN,2710
639863,81,107,911,2014,12417.0,0.0,1.697964,0.585372,GBR,IRN,2710
639864,82,107,911,2014,99011.0,4332464.0,-0.254106,-0.646584,GEO,IRN,2710
639865,83,107,911,2014,0.0,836499.0,-1.130226,-0.9909379999999999,GHA,IRN,2710
639866,102,107,911,2014,3813612.0,0.0,1.477093,0.812869,HUN,IRN,2710
639867,103,107,911,2014,0.0,4663531.0,-0.088032,1.3966459999999998,IDN,IRN,2710
639868,104,107,911,2014,45170812.0,54334596.0,0.262042,2.6305080000000003,IND,IRN,2710
639869,108,107,911,2014,2772050.0,30481986.0,-2.9169,-0.882023,IRQ,IRN,2710
639870,111,107,911,2014,1667219.0,0.0,1.340136,0.43931099999999995,ITA,IRN,2710
639871,113,107,911,2014,0.0,7362.0,0.210208,0.48732299999999995,JOR,IRN,2710
639872,114,107,911,2014,411909.0,0.0,2.403165,-0.635024,JPN,IRN,2710
639873,115,107,911,2014,0.0,11005.0,-0.210431,-0.574075,KAZ,IRN,2710
639874,116,107,911,2014,0.0,593820.0,-0.487058,0.307288,KEN,IRN,2710
639875,117,107,911,2014,6185.0,146229.0,-0.31942600000000004,-0.012454,KGZ,IRN,2710
639876,121,107,911,2014,4320128.0,37986.0,1.817145,0.8394530000000001,KOR,IRN,2710
639877,122,107,911,2014,16239.0,0.0,-0.769616,-1.10667,KWT,IRN,2710
639878,124,107,911,2014,0.0,20458.0,0.308677,1.7564490000000001,LBN,IRN,2710
639879,128,107,911,2014,0.0,1907.0,-0.49366899999999997,0.338686,LKA,IRN,2710
639880,140,107,911,2014,47100.0,153157.0,-0.039799,-0.05545,MKD,IRN,2710
639881,143,107,911,2014,0.0,2117320.0,-1.5332459999999999,-1.145973,MMR,IRN,2710
639882,144,107,911,2014,0.0,525781.0,-0.17039100000000001,-0.21762399999999998,MNE,IRN,2710
639883,153,107,911,2014,336388.0,143748.0,1.018138,0.774649,MYS,IRN,2710
639884,167,107,911,2014,2938012.0,29833406.0,-0.505129,-1.0051370000000002,OMN,IRN,2710
639885,168,107,911,2014,0.0,7373406.0,-0.672924,0.566787,PAK,IRN,2710
639886,173,107,911,2014,0.0,8411.0,-0.557833,0.611826,PER,IRN,2710
639887,174,107,911,2014,0.0,9187.0,0.637442,0.475883,PHL,IRN,2710
639888,177,107,911,2014,9696.0,0.0,1.133102,1.177165,POL,IRN,2710
639889,186,107,911,2014,8960775.0,0.0,0.229422,-0.214856,RUS,IRN,2710
639890,187,107,911,2014,0.0,28409.0,-0.5692659999999999,-0.447859,RWA,IRN,2710
639891,188,107,911,2014,632866.0,0.0,0.5758439999999999,-0.832692,SAU,IRN,2710
639892,191,107,911,2014,0.0,37146.0,-0.502607,-0.08866,SEN,IRN,2710
639893,192,107,911,2014,5874080.0,0.0,1.867492,0.626736,SGP,IRN,2710
639894,199,107,911,2014,0.0,16292.0,-1.41991,-1.010693,SOM,IRN,2710
639895,201,107,911,2014,1285113.0,410899.0,0.551635,1.211535,SRB,IRN,2710
639896,207,107,911,2014,64895.0,0.0,1.6558669999999998,0.6814399999999999,SVN,IRN,2710
639897,208,107,911,2014,174156.0,0.0,1.817752,0.558474,SWE,IRN,2710
639898,212,107,911,2014,0.0,3600.0,-0.366224,0.9054719999999999,SYR,IRN,2710
639899,216,107,911,2014,0.0,10091.0,0.977094,1.41283,THA,IRN,2710
639900,217,107,911,2014,0.0,1012744.0,-0.706823,-0.993756,TJK,IRN,2710
639901,219,107,911,2014,84205984.0,1105005.0,-1.217897,-1.184131,TKM,IRN,2710
639902,223,107,911,2014,0.0,4657.0,0.343449,1.118007,TUN,IRN,2710
639903,224,107,911,2014,5124192.0,4108280.0,0.554761,2.385693,TUR,IRN,2710
639904,226,107,911,2014,0.0,6226970.0,-1.054331,0.166345,TZA,IRN,2710
639905,227,107,911,2014,0.0,30322.0,-0.46911800000000003,0.25446599999999997,UGA,IRN,2710
639906,228,107,911,2014,37198.0,0.0,0.566535,0.832267,UKR,IRN,2710
639907,231,107,911,2014,30660.0,0.0,1.61227,0.068905,USA,IRN,2710
639908,232,107,911,2014,1014379.0,0.0,-0.407623,-0.37150700000000003,UZB,IRN,2710
639909,239,107,911,2014,0.0,1121962.0,-0.023765,1.344416,VNM,IRN,2710
639910,243,107,911,2014,0.0,951001.0,-1.2829190000000001,-1.227373,YEM,IRN,2710
639911,246,107,911,2014,0.0,11011.0,0.282927,1.723214,ZAF,IRN,2710
639912,249,107,911,2014,24392.0,2340814080.0,1.9044189999999999,1.0595139999999998,TWN,IRN,2710
639913,250,107,911,2014,237909.0,23004978.0,0.506842,0.049545,ANS,IRN,2710
639914,1,115,911,2014,0.0,18370728.0,-0.924386,-0.839385,AFG,KAZ,2710
639915,7,115,911,2014,430849.0,71131.0,0.087775,-0.289459,ARE,KAZ,2710
639916,8,115,911,2014,0.0,8528933.0,0.10691500000000001,0.44860600000000006,ARG,KAZ,2710
639917,14,115,911,2014,4097.0,0.0,-0.398273,-0.17128,AUS,KAZ,2710
639918,15,115,911,2014,168247.0,0.0,1.7116790000000002,-0.140232,AUT,KAZ,2710
639919,16,115,911,2014,1546955.0,6874632.0,-0.909508,-1.165158,AZE,KAZ,2710
639920,18,115,911,2014,11897228.0,0.0,1.234156,1.226441,BEL,KAZ,2710
639921,28,115,911,2014,83508968.0,3918806.0,0.874108,0.676231,BLR,KAZ,2710
639922,39,115,911,2014,958711.0,74747336.0,0.671395,1.024683,CAN,KAZ,2710
639923,41,115,911,2014,17503.0,0.0,2.2000919999999997,0.65398,CHE,KAZ,2710
639924,43,115,911,2014,173430576.0,201896720.0,1.187557,1.222085,CHN,KAZ,2710
639925,59,115,911,2014,31670.0,0.0,1.8105830000000003,0.131131,CZE,KAZ,2710
639926,61,115,911,2014,29580730.0,54176704.0,2.052849,-2.888805,DEU,KAZ,2710
639927,64,115,911,2014,2089.0,0.0,1.10869,1.245193,DNK,KAZ,2710
639928,66,115,911,2014,0.0,15826289.0,-1.5554649999999999,-1.1657030000000002,DZA,KAZ,2710
639929,68,115,911,2014,199383.0,0.0,-0.086866,1.7419669999999998,EGY,KAZ,2710
639930,71,115,911,2014,40022.0,105303752.0,0.842147,2.45692,ESP,KAZ,2710
639931,72,115,911,2014,1662.0,21647236.0,0.9147780000000001,1.151556,EST,KAZ,2710
639932,74,115,911,2014,27172494.0,254442832.0,1.626355,1.002923,FIN,KAZ,2710
639933,77,115,911,2014,4512884.0,6528724.0,1.4817790000000002,0.30995,FRA,KAZ,2710
639934,81,115,911,2014,429807.0,17234518.0,1.697964,0.585372,GBR,KAZ,2710
639935,82,115,911,2014,0.0,2790142.0,-0.254106,-0.646584,GEO,KAZ,2710
639936,90,115,911,2014,18895.0,27999820.0,0.149337,0.8560540000000001,GRC,KAZ,2710
639937,102,115,911,2014,136281.0,0.0,1.477093,0.812869,HUN,KAZ,2710
639938,104,115,911,2014,106463.0,0.0,0.262042,2.6305080000000003,IND,KAZ,2710
639939,106,115,911,2014,3372.0,0.0,1.2658399999999999,0.278546,IRL,KAZ,2710
639940,107,115,911,2014,11005.0,0.0,-0.361058,-0.312743,IRN,KAZ,2710
639941,110,115,911,2014,9336.0,0.0,1.211141,0.64523,ISR,KAZ,2710
639942,111,115,911,2014,13777207.0,162580704.0,1.340136,0.43931099999999995,ITA,KAZ,2710
639943,114,115,911,2014,1282956.0,0.0,2.403165,-0.635024,JPN,KAZ,2710
639944,117,115,911,2014,593060.0,6533508.0,-0.31942600000000004,-0.012454,KGZ,KAZ,2710
639945,121,115,911,2014,10236023.0,0.0,1.817145,0.8394530000000001,KOR,KAZ,2710
639946,130,115,911,2014,10494049.0,110829968.0,0.764495,1.3451540000000002,LTU,KAZ,2710
639947,131,115,911,2014,1657.0,0.0,1.243845,1.155474,LUX,KAZ,2710
639948,132,115,911,2014,1631123.0,37546464.0,0.613116,1.1899790000000001,LVA,KAZ,2710
639949,138,115,911,2014,18562.0,0.0,1.0799729999999998,0.697554,MEX,KAZ,2710
639950,145,115,911,2014,68825.0,0.0,-1.425524,-1.161949,MNG,KAZ,2710
639951,153,115,911,2014,418136.0,4435130.0,1.018138,0.774649,MYS,KAZ,2710
639952,162,115,911,2014,5556290.0,637129920.0,1.179325,1.355071,NLD,KAZ,2710
639953,177,115,911,2014,1386324.0,0.0,1.133102,1.177165,POL,KAZ,2710
639954,179,115,911,2014,0.0,16643038.0,0.621053,2.349644,PRT,KAZ,2710
639955,185,115,911,2014,93594.0,0.0,0.9112,1.188161,ROU,KAZ,2710
639956,186,115,911,2014,1233000960.0,31542784.0,0.229422,-0.214856,RUS,KAZ,2710
639957,188,115,911,2014,14808.0,0.0,0.5758439999999999,-0.832692,SAU,KAZ,2710
639958,192,115,911,2014,716865.0,0.0,1.867492,0.626736,SGP,KAZ,2710
639959,206,115,911,2014,6348.0,0.0,1.334959,0.821253,SVK,KAZ,2710
639960,207,115,911,2014,1957.0,0.0,1.6558669999999998,0.6814399999999999,SVN,KAZ,2710
639961,208,115,911,2014,48886.0,0.0,1.817752,0.558474,SWE,KAZ,2710
639962,215,115,911,2014,0.0,3937620.0,-0.524103,-0.537643,TGO,KAZ,2710
639963,216,115,911,2014,80131.0,0.0,0.977094,1.41283,THA,KAZ,2710
639964,217,115,911,2014,0.0,9134295.0,-0.706823,-0.993756,TJK,KAZ,2710
639965,219,115,911,2014,1966273.0,0.0,-1.217897,-1.184131,TKM,KAZ,2710
639966,224,115,911,2014,18585950.0,1414986.0,0.554761,2.385693,TUR,KAZ,2710
639967,228,115,911,2014,2996160.0,11205.0,0.566535,0.832267,UKR,KAZ,2710
639968,231,115,911,2014,2696136.0,643154880.0,1.61227,0.068905,USA,KAZ,2710
639969,232,115,911,2014,5187816.0,1026313.0,-0.407623,-0.37150700000000003,UZB,KAZ,2710
639970,246,115,911,2014,4885.0,0.0,0.282927,1.723214,ZAF,KAZ,2710
639971,249,115,911,2014,45332.0,0.0,1.9044189999999999,1.0595139999999998,TWN,KAZ,2710
639972,1,117,911,2014,0.0,19808324.0,-0.924386,-0.839385,AFG,KGZ,2710
639973,4,117,911,2014,0.0,28203.0,-0.476024,-0.33978400000000003,ALB,KGZ,2710
639974,7,117,911,2014,47567.0,2833753.0,0.087775,-0.289459,ARE,KGZ,2710
639975,15,117,911,2014,1053.0,0.0,1.7116790000000002,-0.140232,AUT,KGZ,2710
639976,16,117,911,2014,46998.0,134727.0,-0.909508,-1.165158,AZE,KGZ,2710
639977,18,117,911,2014,8168068.0,23906.0,1.234156,1.226441,BEL,KGZ,2710
639978,23,117,911,2014,0.0,46309.0,0.579058,1.6558110000000001,BGR,KGZ,2710
639979,28,117,911,2014,23873.0,16257.0,0.874108,0.676231,BLR,KGZ,2710
639980,39,117,911,2014,20937.0,191.0,0.671395,1.024683,CAN,KGZ,2710
639981,41,117,911,2014,3011.0,32913.0,2.2000919999999997,0.65398,CHE,KGZ,2710
639982,43,117,911,2014,465249.0,5841368.0,1.187557,1.222085,CHN,KGZ,2710
639983,59,117,911,2014,5792.0,38107.0,1.8105830000000003,0.131131,CZE,KGZ,2710
639984,61,117,911,2014,3122062.0,587044.0,2.052849,-2.888805,DEU,KGZ,2710
639985,67,117,911,2014,60679.0,0.0,-1.066865,-1.052921,ECU,KGZ,2710
639986,71,117,911,2014,0.0,52092.0,0.842147,2.45692,ESP,KGZ,2710
639987,72,117,911,2014,897.0,0.0,0.9147780000000001,1.151556,EST,KGZ,2710
639988,74,117,911,2014,3907.0,4930.0,1.626355,1.002923,FIN,KGZ,2710
639989,77,117,911,2014,43835.0,21620.0,1.4817790000000002,0.30995,FRA,KGZ,2710
639990,81,117,911,2014,4033.0,55374.0,1.697964,0.585372,GBR,KGZ,2710
639991,82,117,911,2014,0.0,105264.0,-0.254106,-0.646584,GEO,KGZ,2710
639992,104,117,911,2014,3572.0,218322.0,0.262042,2.6305080000000003,IND,KGZ,2710
639993,107,117,911,2014,146229.0,6185.0,-0.361058,-0.312743,IRN,KGZ,2710
639994,108,117,911,2014,0.0,113224.0,-2.9169,-0.882023,IRQ,KGZ,2710
639995,110,117,911,2014,0.0,119025.0,1.211141,0.64523,ISR,KGZ,2710
639996,111,117,911,2014,8169.0,11905.0,1.340136,0.43931099999999995,ITA,KGZ,2710
639997,113,117,911,2014,0.0,49226.0,0.210208,0.48732299999999995,JOR,KGZ,2710
639998,114,117,911,2014,53445.0,196326.0,2.403165,-0.635024,JPN,KGZ,2710
