2649999,18,231,8148,1996,3590704.0,2473126.0,1.549312,1.273767,BEL,USA,711029
2650000,32,231,8148,1996,0.0,60066.0,0.699658,1.271724,BRA,USA,711029
2650001,33,231,8148,1996,0.0,32413.0,0.9384979999999999,0.147479,BRB,USA,711029
2650002,39,231,8148,1996,3004996.0,15612263.0,1.155706,1.1127049999999998,CAN,USA,711029
2650003,41,231,8148,1996,6235544.0,5461715.0,2.246238,0.603288,CHE,USA,711029
2650004,42,231,8148,1996,0.0,7573.0,-0.052811000000000004,-0.169464,CHL,USA,711029
2650005,43,231,8148,1996,3563602.0,0.0,0.404422,3.061344,CHN,USA,711029
2650006,49,231,8148,1996,0.0,71275.0,0.136487,0.078743,COL,USA,711029
2650007,52,231,8148,1996,0.0,23648.0,-0.34219499999999997,0.12221900000000001,CRI,USA,711029
2650008,58,231,8148,1996,0.0,9152.0,0.20007,0.020590999999999998,CYP,USA,711029
2650009,61,231,8148,1996,92749.0,9685989.0,2.279976,-2.572299,DEU,USA,711029
2650010,64,231,8148,1996,0.0,39243.0,1.443514,1.275684,DNK,USA,711029
2650011,71,231,8148,1996,0.0,74007.0,1.105317,1.9473,ESP,USA,711029
2650012,74,231,8148,1996,0.0,5510.0,2.0584729999999998,1.006908,FIN,USA,711029
2650013,77,231,8148,1996,458968.0,1105049.0,1.69082,0.721312,FRA,USA,711029
2650014,81,231,8148,1996,1614232.0,3813884.0,1.850284,0.883084,GBR,USA,711029
2650015,90,231,8148,1996,0.0,19354.0,0.271386,1.042608,GRC,USA,711029
2650016,97,231,8148,1996,0.0,114209.0,0.54364,2.727659,HKG,USA,711029
2650017,101,231,8148,1996,0.0,6368.0,-0.865218,-0.723441,HTI,USA,711029
2650018,104,231,8148,1996,346046.0,32304.0,0.20685599999999998,2.317622,IND,USA,711029
2650019,106,231,8148,1996,0.0,340217.0,1.386011,0.9232100000000001,IRL,USA,711029
2650020,109,231,8148,1996,0.0,23976.0,0.003558,-0.551796,ISL,USA,711029
2650021,110,231,8148,1996,0.0,400452.0,1.054975,1.072965,ISR,USA,711029
2650022,111,231,8148,1996,24856.0,1752724.0,1.4674690000000001,1.263362,ITA,USA,711029
2650023,114,231,8148,1996,582299.0,4528958.0,2.615364,0.5656939999999999,JPN,USA,711029
2650024,121,231,8148,1996,0.0,317158.0,0.8946940000000001,1.240424,KOR,USA,711029
2650025,124,231,8148,1996,0.0,8011.0,-0.051973,0.002154,LBN,USA,711029
2650026,128,231,8148,1996,0.0,16139.0,-0.812763,-0.188722,LKA,USA,711029
2650027,134,231,8148,1996,0.0,9106.0,-0.67314,-0.241242,MAR,USA,711029
2650028,138,231,8148,1996,16533.0,5136358.0,0.651949,0.9132170000000001,MEX,USA,711029
2650029,141,231,8148,1996,8646.0,0.0,-0.987858,-0.9677040000000001,MLI,USA,711029
2650030,153,231,8148,1996,0.0,43120.0,0.351774,0.347262,MYS,USA,711029
2650031,162,231,8148,1996,3520.0,72217.0,1.256625,1.803132,NLD,USA,711029
2650032,163,231,8148,1996,6427957.0,177181.0,1.204869,0.303062,NOR,USA,711029
2650033,166,231,8148,1996,0.0,128149.0,0.49466099999999996,0.8302879999999999,NZL,USA,711029
2650034,169,231,8148,1996,0.0,1020.0,-0.100537,-0.374129,PAN,USA,711029
2650035,174,231,8148,1996,3008.0,0.0,-0.276548,0.344986,PHL,USA,711029
2650036,179,231,8148,1996,0.0,3058.0,0.39343,1.170144,PRT,USA,711029
2650037,182,231,8148,1996,0.0,809.0,0.845308,-0.31763,PYF,USA,711029
2650038,183,231,8148,1996,0.0,2662.0,-0.48203500000000005,-1.117173,QAT,USA,711029
2650039,186,231,8148,1996,63435936.0,0.0,0.900185,0.47723000000000004,RUS,USA,711029
2650040,192,231,8148,1996,0.0,678437.0,0.8354299999999999,0.41169799999999995,SGP,USA,711029
2650041,197,231,8148,1996,0.0,2978.0,-0.24968800000000002,-0.121995,SLV,USA,711029
2650042,208,231,8148,1996,14292.0,715515.0,2.133781,0.9099889999999999,SWE,USA,711029
2650043,224,231,8148,1996,0.0,2092.0,0.156866,1.554023,TUR,USA,711029
2650044,246,231,8148,1996,354619.0,709167.0,0.456593,1.150786,ZAF,USA,711029
2650045,249,231,8148,1996,0.0,907385.0,1.432225,1.675389,TWN,USA,711029
2650046,61,236,8148,1996,4062.0,0.0,2.279976,-2.572299,DEU,VEN,711029
2650047,41,14,8148,1996,137101.0,0.0,2.246238,0.603288,CHE,AUS,711029
2650048,61,14,8148,1996,514414.0,0.0,2.279976,-2.572299,DEU,AUS,711029
2650049,81,14,8148,1996,2076.0,0.0,1.850284,0.883084,GBR,AUS,711029
2650050,166,14,8148,1996,0.0,23347.0,0.49466099999999996,0.8302879999999999,NZL,AUS,711029
2650051,186,14,8148,1996,24649.0,0.0,0.900185,0.47723000000000004,RUS,AUS,711029
2650052,192,14,8148,1996,5070.0,0.0,0.8354299999999999,0.41169799999999995,SGP,AUS,711029
2650053,228,14,8148,1996,489.0,0.0,0.896537,0.9241459999999999,UKR,AUS,711029
2650054,231,14,8148,1996,250025.0,0.0,1.7110560000000001,1.125141,USA,AUS,711029
2650055,246,14,8148,1996,72967.0,0.0,0.456593,1.150786,ZAF,AUS,711029
2650056,61,23,8148,1996,10811.0,0.0,2.279976,-2.572299,DEU,BGR,711029
2650057,41,39,8148,1996,598341.0,0.0,2.246238,0.603288,CHE,CAN,711029
2650058,61,39,8148,1996,139817.0,0.0,2.279976,-2.572299,DEU,CAN,711029
2650059,81,39,8148,1996,3929156.0,0.0,1.850284,0.883084,GBR,CAN,711029
2650060,114,39,8148,1996,1601.0,0.0,2.615364,0.5656939999999999,JPN,CAN,711029
2650061,138,39,8148,1996,135878.0,0.0,0.651949,0.9132170000000001,MEX,CAN,711029
2650062,157,39,8148,1996,10248.0,0.0,-0.594771,-0.643008,NER,CAN,711029
2650063,179,39,8148,1996,0.0,13324.0,0.39343,1.170144,PRT,CAN,711029
2650064,186,39,8148,1996,690547.0,0.0,0.900185,0.47723000000000004,RUS,CAN,711029
2650065,231,39,8148,1996,15612263.0,3004996.0,1.7110560000000001,1.125141,USA,CAN,711029
2650066,14,41,8148,1996,0.0,137101.0,0.369697,0.78069,AUS,CHE,711029
2650067,15,41,8148,1996,30216.0,214693.0,1.9216669999999998,0.659388,AUT,CHE,711029
2650068,18,41,8148,1996,2936.0,1118737.0,1.549312,1.273767,BEL,CHE,711029
2650069,32,41,8148,1996,0.0,57469.0,0.699658,1.271724,BRA,CHE,711029
2650070,39,41,8148,1996,0.0,598341.0,1.155706,1.1127049999999998,CAN,CHE,711029
2650071,59,41,8148,1996,0.0,2918.0,1.401181,1.3094709999999998,CZE,CHE,711029
2650072,61,41,8148,1996,6248295.0,14803036.0,2.279976,-2.572299,DEU,CHE,711029
2650073,64,41,8148,1996,6905.0,809515.0,1.443514,1.275684,DNK,CHE,711029
2650074,68,41,8148,1996,0.0,8583.0,-0.5446409999999999,-0.229586,EGY,CHE,711029
2650075,71,41,8148,1996,0.0,1774178.0,1.105317,1.9473,ESP,CHE,711029
2650076,74,41,8148,1996,0.0,26571.0,2.0584729999999998,1.006908,FIN,CHE,711029
2650077,77,41,8148,1996,3479046.0,4094628.0,1.69082,0.721312,FRA,CHE,711029
2650078,81,41,8148,1996,1289.0,6027684.0,1.850284,0.883084,GBR,CHE,711029
2650079,90,41,8148,1996,0.0,415690.0,0.271386,1.042608,GRC,CHE,711029
2650080,97,41,8148,1996,0.0,1183750.0,0.54364,2.727659,HKG,CHE,711029
2650081,109,41,8148,1996,0.0,14914.0,0.003558,-0.551796,ISL,CHE,711029
2650082,110,41,8148,1996,0.0,10390.0,1.054975,1.072965,ISR,CHE,711029
2650083,111,41,8148,1996,3650.0,5252294.0,1.4674690000000001,1.263362,ITA,CHE,711029
2650084,114,41,8148,1996,0.0,2412355.0,2.615364,0.5656939999999999,JPN,CHE,711029
2650085,121,41,8148,1996,0.0,154933.0,0.8946940000000001,1.240424,KOR,CHE,711029
2650086,122,41,8148,1996,0.0,151104.0,-0.27174499999999996,-1.098243,KWT,CHE,711029
2650087,124,41,8148,1996,0.0,10405.0,-0.051973,0.002154,LBN,CHE,711029
2650088,162,41,8148,1996,787650.0,174599.0,1.256625,1.803132,NLD,CHE,711029
2650089,163,41,8148,1996,0.0,765444.0,1.204869,0.303062,NOR,CHE,711029
2650090,166,41,8148,1996,0.0,10382.0,0.49466099999999996,0.8302879999999999,NZL,CHE,711029
2650091,188,41,8148,1996,0.0,10256.0,0.215265,-0.8577309999999999,SAU,CHE,711029
2650092,192,41,8148,1996,0.0,1184.0,0.8354299999999999,0.41169799999999995,SGP,CHE,711029
2650093,208,41,8148,1996,0.0,1277664.0,2.133781,0.9099889999999999,SWE,CHE,711029
2650094,216,41,8148,1996,0.0,28920.0,0.10120599999999999,1.351967,THA,CHE,711029
2650095,231,41,8148,1996,5461715.0,6235544.0,1.7110560000000001,1.125141,USA,CHE,711029
2650096,249,41,8148,1996,0.0,207139.0,1.432225,1.675389,TWN,CHE,711029
2650097,61,42,8148,1996,14961.0,11184.0,2.279976,-2.572299,DEU,CHL,711029
2650098,231,42,8148,1996,7573.0,0.0,1.7110560000000001,1.125141,USA,CHL,711029
2650099,15,59,8148,1996,87085.0,0.0,1.9216669999999998,0.659388,AUT,CZE,711029
2650100,41,59,8148,1996,2918.0,0.0,2.246238,0.603288,CHE,CZE,711029
2650101,61,59,8148,1996,34807.0,0.0,2.279976,-2.572299,DEU,CZE,711029
2650102,132,59,8148,1996,87113.0,0.0,0.33418600000000004,0.1615,LVA,CZE,711029
2650103,206,59,8148,1996,257515.0,47985.0,1.189398,1.29167,SVK,CZE,711029
2650104,41,68,8148,1996,8583.0,0.0,2.246238,0.603288,CHE,EGY,711029
2650105,111,68,8148,1996,11792.0,0.0,1.4674690000000001,1.263362,ITA,EGY,711029
2650106,61,72,8148,1996,11848.0,0.0,2.279976,-2.572299,DEU,EST,711029
2650107,15,102,8148,1996,96047.0,0.0,1.9216669999999998,0.659388,AUT,HUN,711029
2650108,61,102,8148,1996,167649.0,0.0,2.279976,-2.572299,DEU,HUN,711029
2650109,81,102,8148,1996,90972.0,0.0,1.850284,0.883084,GBR,HUN,711029
2650110,61,103,8148,1996,28911.0,0.0,2.279976,-2.572299,DEU,IDN,711029
2650111,61,104,8148,1996,29565.0,0.0,2.279976,-2.572299,DEU,IND,711029
2650112,81,104,8148,1996,11113.0,3704.0,1.850284,0.883084,GBR,IND,711029
2650113,97,104,8148,1996,11417.0,0.0,0.54364,2.727659,HKG,IND,711029
2650114,111,104,8148,1996,3068.0,0.0,1.4674690000000001,1.263362,ITA,IND,711029
2650115,114,104,8148,1996,104725.0,0.0,2.615364,0.5656939999999999,JPN,IND,711029
2650116,216,104,8148,1996,926.0,0.0,0.10120599999999999,1.351967,THA,IND,711029
2650117,231,104,8148,1996,32304.0,346046.0,1.7110560000000001,1.125141,USA,IND,711029
2650118,249,104,8148,1996,0.0,3936.0,1.432225,1.675389,TWN,IND,711029
2650119,39,114,8148,1996,0.0,1601.0,1.155706,1.1127049999999998,CAN,JPN,711029
2650120,41,114,8148,1996,2412355.0,0.0,2.246238,0.603288,CHE,JPN,711029
2650121,43,114,8148,1996,171174.0,361757.0,0.404422,3.061344,CHN,JPN,711029
2650122,61,114,8148,1996,4836828.0,0.0,2.279976,-2.572299,DEU,JPN,711029
2650123,77,114,8148,1996,0.0,71780.0,1.69082,0.721312,FRA,JPN,711029
2650124,81,114,8148,1996,359427.0,10169.0,1.850284,0.883084,GBR,JPN,711029
2650125,97,114,8148,1996,8424.0,1410619.0,0.54364,2.727659,HKG,JPN,711029
2650126,104,114,8148,1996,0.0,104725.0,0.20685599999999998,2.317622,IND,JPN,711029
2650127,111,114,8148,1996,0.0,5915.0,1.4674690000000001,1.263362,ITA,JPN,711029
2650128,121,114,8148,1996,0.0,495552.0,0.8946940000000001,1.240424,KOR,JPN,711029
2650129,128,114,8148,1996,0.0,4778.0,-0.812763,-0.188722,LKA,JPN,711029
2650130,153,114,8148,1996,0.0,12655.0,0.351774,0.347262,MYS,JPN,711029
2650131,162,114,8148,1996,1395711.0,5461.0,1.256625,1.803132,NLD,JPN,711029
2650132,178,114,8148,1996,0.0,18968.0,0.725014,1.20189,PRK,JPN,711029
2650133,186,114,8148,1996,384447.0,0.0,0.900185,0.47723000000000004,RUS,JPN,711029
2650134,192,114,8148,1996,0.0,1255692.0,0.8354299999999999,0.41169799999999995,SGP,JPN,711029
2650135,208,114,8148,1996,0.0,57280.0,2.133781,0.9099889999999999,SWE,JPN,711029
2650136,216,114,8148,1996,0.0,199386.0,0.10120599999999999,1.351967,THA,JPN,711029
2650137,231,114,8148,1996,4528958.0,582299.0,1.7110560000000001,1.125141,USA,JPN,711029
2650138,246,114,8148,1996,36285.0,0.0,0.456593,1.150786,ZAF,JPN,711029
2650139,249,114,8148,1996,0.0,1814330.0,1.432225,1.675389,TWN,JPN,711029
2650140,61,130,8148,1996,10756.0,0.0,2.279976,-2.572299,DEU,LTU,711029
2650141,59,132,8148,1996,0.0,87113.0,1.401181,1.3094709999999998,CZE,LVA,711029
2650142,61,132,8148,1996,3015.0,0.0,2.279976,-2.572299,DEU,LVA,711029
2650143,61,177,8148,1996,80388.0,0.0,2.279976,-2.572299,DEU,POL,711029
2650144,81,185,8148,1996,82326.0,0.0,1.850284,0.883084,GBR,ROU,711029
2650145,14,186,8148,1996,0.0,24649.0,0.369697,0.78069,AUS,RUS,711029
2650146,39,186,8148,1996,0.0,690547.0,1.155706,1.1127049999999998,CAN,RUS,711029
2650147,61,186,8148,1996,48258.0,485447.0,2.279976,-2.572299,DEU,RUS,711029
2650148,71,186,8148,1996,0.0,25389.0,1.105317,1.9473,ESP,RUS,711029
2650149,77,186,8148,1996,0.0,669883.0,1.69082,0.721312,FRA,RUS,711029
2650150,81,186,8148,1996,0.0,1261034.0,1.850284,0.883084,GBR,RUS,711029
2650151,90,186,8148,1996,0.0,91732.0,0.271386,1.042608,GRC,RUS,711029
2650152,114,186,8148,1996,0.0,384447.0,2.615364,0.5656939999999999,JPN,RUS,711029
2650153,231,186,8148,1996,0.0,63435936.0,1.7110560000000001,1.125141,USA,RUS,711029
2650154,41,188,8148,1996,10256.0,0.0,2.246238,0.603288,CHE,SAU,711029
2650155,61,188,8148,1996,29092.0,0.0,2.279976,-2.572299,DEU,SAU,711029
2650156,14,192,8148,1996,0.0,5070.0,0.369697,0.78069,AUS,SGP,711029
2650157,41,192,8148,1996,1184.0,0.0,2.246238,0.603288,CHE,SGP,711029
2650158,61,192,8148,1996,80947.0,0.0,2.279976,-2.572299,DEU,SGP,711029
2650159,81,192,8148,1996,33613.0,374641.0,1.850284,0.883084,GBR,SGP,711029
2650160,97,192,8148,1996,533679.0,0.0,0.54364,2.727659,HKG,SGP,711029
2650161,111,192,8148,1996,92391.0,0.0,1.4674690000000001,1.263362,ITA,SGP,711029
2650162,114,192,8148,1996,1255692.0,0.0,2.615364,0.5656939999999999,JPN,SGP,711029
2650163,153,192,8148,1996,0.0,1269.0,0.351774,0.347262,MYS,SGP,711029
2650164,231,192,8148,1996,678437.0,0.0,1.7110560000000001,1.125141,USA,SGP,711029
2650165,246,192,8148,1996,39741.0,0.0,0.456593,1.150786,ZAF,SGP,711029
2650166,15,206,8148,1996,46282.0,0.0,1.9216669999999998,0.659388,AUT,SVK,711029
2650167,59,206,8148,1996,47985.0,257515.0,1.401181,1.3094709999999998,CZE,SVK,711029
2650168,61,206,8148,1996,69973.0,0.0,2.279976,-2.572299,DEU,SVK,711029
2650169,15,207,8148,1996,85850.0,37986.0,1.9216669999999998,0.659388,AUT,SVN,711029
2650170,26,207,8148,1996,0.0,2774.0,0.679466,0.730425,BIH,SVN,711029
2650171,61,207,8148,1996,50212.0,9906.0,2.279976,-2.572299,DEU,SVN,711029
2650172,81,207,8148,1996,1936.0,0.0,1.850284,0.883084,GBR,SVN,711029
2650173,100,207,8148,1996,0.0,270324.0,0.772706,1.1075270000000002,HRV,SVN,711029
2650174,140,207,8148,1996,0.0,21324.0,0.316133,0.933068,MKD,SVN,711029
2650175,14,228,8148,1996,0.0,489.0,0.369697,0.78069,AUS,UKR,711029
2650176,61,228,8148,1996,7880.0,0.0,2.279976,-2.572299,DEU,UKR,711029
2650177,14,246,8148,1996,0.0,72967.0,0.369697,0.78069,AUS,ZAF,711029
2650178,61,246,8148,1996,54289.0,610888.0,2.279976,-2.572299,DEU,ZAF,711029
2650179,81,246,8148,1996,6641.0,10837.0,1.850284,0.883084,GBR,ZAF,711029
2650180,97,246,8148,1996,0.0,131464.0,0.54364,2.727659,HKG,ZAF,711029
2650181,111,246,8148,1996,0.0,411567.0,1.4674690000000001,1.263362,ITA,ZAF,711029
2650182,114,246,8148,1996,0.0,36285.0,2.615364,0.5656939999999999,JPN,ZAF,711029
2650183,192,246,8148,1996,0.0,39741.0,0.8354299999999999,0.41169799999999995,SGP,ZAF,711029
2650184,231,246,8148,1996,709167.0,354619.0,1.7110560000000001,1.125141,USA,ZAF,711029
2650185,162,8,8148,1996,7730.0,0.0,1.256625,1.803132,NLD,ARG,711029
2650186,231,8,8148,1996,16129.0,53182.0,1.7110560000000001,1.125141,USA,ARG,711029
2650187,250,8,8148,1996,1476.0,0.0,1.084978,0.901755,ANS,ARG,711029
2650188,61,58,8148,1996,49761.0,0.0,2.279976,-2.572299,DEU,CYP,711029
2650189,81,58,8148,1996,5046.0,0.0,1.850284,0.883084,GBR,CYP,711029
2650190,111,58,8148,1996,1653.0,0.0,1.4674690000000001,1.263362,ITA,CYP,711029
2650191,231,58,8148,1996,9152.0,0.0,1.7110560000000001,1.125141,USA,CYP,711029
2650192,231,134,8148,1996,9106.0,0.0,1.7110560000000001,1.125141,USA,MAR,711029
2650193,39,157,8148,1996,0.0,10248.0,1.155706,1.1127049999999998,CAN,NER,711029
2650194,14,166,8148,1996,23347.0,0.0,0.369697,0.78069,AUS,NZL,711029
2650195,41,166,8148,1996,10382.0,0.0,2.246238,0.603288,CHE,NZL,711029
2650196,61,166,8148,1996,21952.0,0.0,2.279976,-2.572299,DEU,NZL,711029
2650197,231,166,8148,1996,128149.0,0.0,1.7110560000000001,1.125141,USA,NZL,711029
2650198,15,100,8148,1996,19728.0,0.0,1.9216669999999998,0.659388,AUT,HRV,711029
2650199,207,100,8148,1996,270324.0,0.0,1.409184,1.37245,SVN,HRV,711029
2650200,41,124,8148,1996,10405.0,0.0,2.246238,0.603288,CHE,LBN,711029
2650201,61,124,8148,1996,23907.0,0.0,2.279976,-2.572299,DEU,LBN,711029
2650202,231,124,8148,1996,8011.0,0.0,1.7110560000000001,1.125141,USA,LBN,711029
2650203,114,128,8148,1996,4778.0,0.0,2.615364,0.5656939999999999,JPN,LKA,711029
2650204,231,128,8148,1996,16139.0,0.0,1.7110560000000001,1.125141,USA,LKA,711029
2650205,207,140,8148,1996,21324.0,0.0,1.409184,1.37245,SVN,MKD,711029
2650206,61,189,8148,1996,4277.0,0.0,2.279976,-2.572299,DEU,SCG,711029
2650207,41,249,8148,1996,207139.0,0.0,2.246238,0.603288,CHE,TWN,711029
2650208,43,249,8148,1996,0.0,12609.0,0.404422,3.061344,CHN,TWN,711029
2650209,61,249,8148,1996,83506.0,0.0,2.279976,-2.572299,DEU,TWN,711029
2650210,104,249,8148,1996,3936.0,0.0,0.20685599999999998,2.317622,IND,TWN,711029
2650211,110,249,8148,1996,4007.0,0.0,1.054975,1.072965,ISR,TWN,711029
2650212,114,249,8148,1996,1814330.0,0.0,2.615364,0.5656939999999999,JPN,TWN,711029
2650213,231,249,8148,1996,907385.0,0.0,1.7110560000000001,1.125141,USA,TWN,711029
2650214,8,250,8148,1996,0.0,1476.0,0.167081,0.433612,ARG,ANS,711029
2650215,61,250,8148,1996,3758.0,0.0,2.279976,-2.572299,DEU,ANS,711029
2650216,77,250,8148,1996,0.0,64078.0,1.69082,0.721312,FRA,ANS,711029
2650217,110,250,8148,1996,2002.0,31140.0,1.054975,1.072965,ISR,ANS,711029
2650218,111,250,8148,1996,0.0,7084.0,1.4674690000000001,1.263362,ITA,ANS,711029
2650219,231,141,8148,1996,0.0,8646.0,1.7110560000000001,1.125141,USA,MLI,711029
2650220,114,178,8148,1996,18968.0,0.0,2.615364,0.5656939999999999,JPN,PRK,711029
2650221,231,101,8148,1996,6368.0,0.0,1.7110560000000001,1.125141,USA,HTI,711029
2650222,231,197,8148,1996,2978.0,0.0,1.7110560000000001,1.125141,USA,SLV,711029
2650223,41,109,8148,1996,14914.0,0.0,2.246238,0.603288,CHE,ISL,711029
2650224,61,109,8148,1996,28772.0,0.0,2.279976,-2.572299,DEU,ISL,711029
2650225,208,109,8148,1996,1603.0,0.0,2.133781,0.9099889999999999,SWE,ISL,711029
2650226,231,109,8148,1996,23976.0,0.0,1.7110560000000001,1.125141,USA,ISL,711029
2650227,231,6,8148,1996,2826.0,0.0,1.7110560000000001,1.125141,USA,ANT,711029
2650228,15,7,8148,1996,19769.0,0.0,1.9216669999999998,0.659388,AUT,ARE,711029
2650229,61,7,8148,1996,40278.0,0.0,2.279976,-2.572299,DEU,ARE,711029
2650230,162,7,8148,1996,11887.0,0.0,1.256625,1.803132,NLD,ARE,711029
2650231,207,26,8148,1996,2774.0,0.0,1.409184,1.37245,SVN,BIH,711029
2650232,231,33,8148,1996,32413.0,0.0,1.7110560000000001,1.125141,USA,BRB,711029
2650233,61,116,8148,1996,4154.0,0.0,2.279976,-2.572299,DEU,KEN,711029
2650234,41,122,8148,1996,151104.0,0.0,2.246238,0.603288,CHE,KWT,711029
2650235,61,122,8148,1996,13012.0,0.0,2.279976,-2.572299,DEU,KWT,711029
2650236,231,183,8148,1996,2662.0,0.0,1.7110560000000001,1.125141,USA,QAT,711029
2650237,71,5,8148,1996,1791.0,0.0,1.105317,1.9473,ESP,AND,711029
2650238,106,78,8148,1996,0.0,16330.0,1.386011,0.9232100000000001,IRL,FRO,711029
2650239,231,182,8148,1996,809.0,0.0,1.7110560000000001,1.125141,USA,PYF,711029
2650240,7,15,8158,1996,72134.0,86419.0,-0.245358,-0.726695,ARE,AUT,711319
2650241,8,15,8158,1996,6305.0,0.0,0.167081,0.433612,ARG,AUT,711319
2650242,14,15,8158,1996,12651.0,0.0,0.369697,0.78069,AUS,AUT,711319
2650243,18,15,8158,1996,82070.0,718656.0,1.549312,1.273767,BEL,AUT,711319
2650244,23,15,8158,1996,0.0,6471.0,0.544265,1.523408,BGR,AUT,711319
2650245,26,15,8158,1996,0.0,1752.0,0.679466,0.730425,BIH,AUT,711319
2650246,32,15,8158,1996,3549.0,73372.0,0.699658,1.271724,BRA,AUT,711319
2650247,39,15,8158,1996,0.0,4541.0,1.155706,1.1127049999999998,CAN,AUT,711319
2650248,41,15,8158,1996,3856796.0,3726000.0,2.246238,0.603288,CHE,AUT,711319
2650249,42,15,8158,1996,721.0,0.0,-0.052811000000000004,-0.169464,CHL,AUT,711319
2650250,43,15,8158,1996,5171450.0,112430.0,0.404422,3.061344,CHN,AUT,711319
2650251,49,15,8158,1996,896.0,0.0,0.136487,0.078743,COL,AUT,711319
2650252,58,15,8158,1996,10187.0,13712.0,0.20007,0.020590999999999998,CYP,AUT,711319
2650253,59,15,8158,1996,366751.0,988449.0,1.401181,1.3094709999999998,CZE,AUT,711319
2650254,61,15,8158,1996,71669072.0,9036921.0,2.279976,-2.572299,DEU,AUT,711319
2650255,64,15,8158,1996,0.0,34344.0,1.443514,1.275684,DNK,AUT,711319
2650256,71,15,8158,1996,1941375.0,24783.0,1.105317,1.9473,ESP,AUT,711319
2650257,74,15,8158,1996,185113.0,3810.0,2.0584729999999998,1.006908,FIN,AUT,711319
2650258,77,15,8158,1996,1021129.0,998440.0,1.69082,0.721312,FRA,AUT,711319
2650259,81,15,8158,1996,2353820.0,180970.0,1.850284,0.883084,GBR,AUT,711319
2650260,82,15,8158,1996,0.0,469.0,0.5383020000000001,0.167596,GEO,AUT,711319
2650261,83,15,8158,1996,2540.0,0.0,-1.035244,-0.9834129999999999,GHA,AUT,711319
2650262,84,15,8158,1996,0.0,7063.0,0.932001,-0.20733400000000002,GIB,AUT,711319
2650263,90,15,8158,1996,324365.0,22991.0,0.271386,1.042608,GRC,AUT,711319
2650264,97,15,8158,1996,5406194.0,289047.0,0.54364,2.727659,HKG,AUT,711319
2650265,100,15,8158,1996,0.0,190938.0,0.772706,1.1075270000000002,HRV,AUT,711319
2650266,102,15,8158,1996,617320.0,267240.0,0.790036,1.891534,HUN,AUT,711319
2650267,103,15,8158,1996,32779.0,0.0,-0.43199899999999997,1.22074,IDN,AUT,711319
2650268,104,15,8158,1996,1043973.0,39752.0,0.20685599999999998,2.317622,IND,AUT,711319
2650269,109,15,8158,1996,0.0,1667.0,0.003558,-0.551796,ISL,AUT,711319
2650270,110,15,8158,1996,3668218.0,992662.0,1.054975,1.072965,ISR,AUT,711319
2650271,111,15,8158,1996,57007980.0,1859678.0,1.4674690000000001,1.263362,ITA,AUT,711319
2650272,113,15,8158,1996,14517.0,0.0,0.12203499999999999,-0.41859399999999997,JOR,AUT,711319
2650273,114,15,8158,1996,30642.0,689324.0,2.615364,0.5656939999999999,JPN,AUT,711319
2650274,121,15,8158,1996,0.0,12313.0,0.8946940000000001,1.240424,KOR,AUT,711319
2650275,124,15,8158,1996,80601.0,73614.0,-0.051973,0.002154,LBN,AUT,711319
2650276,134,15,8158,1996,0.0,87942.0,-0.67314,-0.241242,MAR,AUT,711319
2650277,138,15,8158,1996,4283.0,0.0,0.651949,0.9132170000000001,MEX,AUT,711319
2650278,140,15,8158,1996,4576.0,10355.0,0.316133,0.933068,MKD,AUT,711319
2650279,153,15,8158,1996,44901.0,0.0,0.351774,0.347262,MYS,AUT,711319
2650280,162,15,8158,1996,637391.0,530049.0,1.256625,1.803132,NLD,AUT,711319
2650281,163,15,8158,1996,14812.0,22311.0,1.204869,0.303062,NOR,AUT,711319
2650282,169,15,8158,1996,0.0,2442.0,-0.100537,-0.374129,PAN,AUT,711319
2650283,177,15,8158,1996,10013.0,270610.0,0.795489,1.9004729999999999,POL,AUT,711319
2650284,178,15,8158,1996,0.0,1316880.0,0.725014,1.20189,PRK,AUT,711319
2650285,179,15,8158,1996,51120.0,0.0,0.39343,1.170144,PRT,AUT,711319
2650286,185,15,8158,1996,0.0,1072.0,0.612035,0.880964,ROU,AUT,711319
2650287,186,15,8158,1996,0.0,308171.0,0.900185,0.47723000000000004,RUS,AUT,711319
2650288,188,15,8158,1996,54663.0,272830.0,0.215265,-0.8577309999999999,SAU,AUT,711319
2650289,189,15,8158,1996,6061.0,5877.0,0.786293,2.20126,SCG,AUT,711319
2650290,192,15,8158,1996,12174.0,0.0,0.8354299999999999,0.41169799999999995,SGP,AUT,711319
2650291,206,15,8158,1996,0.0,571530.0,1.189398,1.29167,SVK,AUT,711319
2650292,207,15,8158,1996,13917.0,27900.0,1.409184,1.37245,SVN,AUT,711319
2650293,208,15,8158,1996,1875.0,34600.0,2.133781,0.9099889999999999,SWE,AUT,711319
2650294,216,15,8158,1996,1650747.0,25918.0,0.10120599999999999,1.351967,THA,AUT,711319
2650295,223,15,8158,1996,1554.0,0.0,-0.28546,-0.089051,TUN,AUT,711319
2650296,224,15,8158,1996,1342762.0,134564.0,0.156866,1.554023,TUR,AUT,711319
2650297,231,15,8158,1996,2328304.0,599896.0,1.7110560000000001,1.125141,USA,AUT,711319
2650298,246,15,8158,1996,8976.0,0.0,0.456593,1.150786,ZAF,AUT,711319
2650299,249,15,8158,1996,44373.0,15166.0,1.432225,1.675389,TWN,AUT,711319
2650300,5,18,8158,1996,0.0,7951.0,1.0490059999999999,0.6587189999999999,AND,BEL,711319
2650301,6,18,8158,1996,0.0,27597.0,0.29339,-0.572443,ANT,BEL,711319
2650302,7,18,8158,1996,0.0,609861.0,-0.245358,-0.726695,ARE,BEL,711319
2650303,9,18,8158,1996,0.0,104856.0,0.8798090000000001,0.05873300000000001,ARM,BEL,711319
2650304,14,18,8158,1996,27656.0,30104.0,0.369697,0.78069,AUS,BEL,711319
2650305,15,18,8158,1996,718656.0,82070.0,1.9216669999999998,0.659388,AUT,BEL,711319
2650306,17,18,8158,1996,0.0,14638.0,-0.955951,-0.8721180000000001,BDI,BEL,711319
2650307,32,18,8158,1996,2346.0,164799.0,0.699658,1.271724,BRA,BEL,711319
2650308,34,18,8158,1996,0.0,395060.0,-0.848331,-0.779511,BRN,BEL,711319
2650309,38,18,8158,1996,0.0,11279.0,-1.408316,-0.8695579999999999,CAF,BEL,711319
2650310,39,18,8158,1996,32304.0,1674.0,1.155706,1.1127049999999998,CAN,BEL,711319
2650311,41,18,8158,1996,12276453.0,5478664.0,2.246238,0.603288,CHE,BEL,711319
2650312,42,18,8158,1996,26248.0,0.0,-0.052811000000000004,-0.169464,CHL,BEL,711319
2650313,43,18,8158,1996,547778.0,7501.0,0.404422,3.061344,CHN,BEL,711319
2650314,46,18,8158,1996,0.0,7190654.0,-1.2167,-1.086508,COD,BEL,711319
2650315,49,18,8158,1996,0.0,9903.0,0.136487,0.078743,COL,BEL,711319
2650316,58,18,8158,1996,3706.0,0.0,0.20007,0.020590999999999998,CYP,BEL,711319
2650317,59,18,8158,1996,0.0,13946.0,1.401181,1.3094709999999998,CZE,BEL,711319
2650318,61,18,8158,1996,19223626.0,1168170.0,2.279976,-2.572299,DEU,BEL,711319
2650319,62,18,8158,1996,0.0,116959.0,-0.20838099999999998,-0.668964,DJI,BEL,711319
2650320,64,18,8158,1996,2069.0,329470.0,1.443514,1.275684,DNK,BEL,711319
2650321,65,18,8158,1996,0.0,27643.0,-0.596093,-0.5602060000000001,DOM,BEL,711319
2650322,68,18,8158,1996,0.0,109905.0,-0.5446409999999999,-0.229586,EGY,BEL,711319
2650323,71,18,8158,1996,4217714.0,765080.0,1.105317,1.9473,ESP,BEL,711319
2650324,72,18,8158,1996,22138.0,0.0,0.53397,1.0877940000000001,EST,BEL,711319
2650325,74,18,8158,1996,1832.0,183510.0,2.0584729999999998,1.006908,FIN,BEL,711319
2650326,77,18,8158,1996,11726436.0,3789818.0,1.69082,0.721312,FRA,BEL,711319
2650327,81,18,8158,1996,2019146.0,1515117.0,1.850284,0.883084,GBR,BEL,711319
2650328,82,18,8158,1996,0.0,153245.0,0.5383020000000001,0.167596,GEO,BEL,711319
2650329,85,18,8158,1996,0.0,21042.0,-1.2641930000000001,-1.1317409999999999,GIN,BEL,711319
2650330,87,18,8158,1996,0.0,255450.0,-1.028677,-0.8440540000000001,GMB,BEL,711319
2650331,90,18,8158,1996,29170.0,69897.0,0.271386,1.042608,GRC,BEL,711319
2650332,93,18,8158,1996,0.0,19748.0,-0.332901,0.23790300000000003,GTM,BEL,711319
2650333,97,18,8158,1996,1650200.0,1191150.0,0.54364,2.727659,HKG,BEL,711319
2650334,100,18,8158,1996,0.0,13322.0,0.772706,1.1075270000000002,HRV,BEL,711319
2650335,103,18,8158,1996,6994.0,0.0,-0.43199899999999997,1.22074,IDN,BEL,711319
2650336,104,18,8158,1996,2228910.0,465353.0,0.20685599999999998,2.317622,IND,BEL,711319
2650337,109,18,8158,1996,0.0,43955.0,0.003558,-0.551796,ISL,BEL,711319
2650338,110,18,8158,1996,1022126.0,4612269.0,1.054975,1.072965,ISR,BEL,711319
2650339,111,18,8158,1996,63343988.0,2709925.0,1.4674690000000001,1.263362,ITA,BEL,711319
2650340,113,18,8158,1996,0.0,514017.0,0.12203499999999999,-0.41859399999999997,JOR,BEL,711319
2650341,114,18,8158,1996,14307.0,96994.0,2.615364,0.5656939999999999,JPN,BEL,711319
2650342,115,18,8158,1996,12945.0,66531.0,0.48902799999999996,0.154932,KAZ,BEL,711319
2650343,117,18,8158,1996,0.0,177615.0,0.350901,0.529512,KGZ,BEL,711319
2650344,121,18,8158,1996,0.0,180974.0,0.8946940000000001,1.240424,KOR,BEL,711319
2650345,124,18,8158,1996,195193.0,891656.0,-0.051973,0.002154,LBN,BEL,711319
2650346,128,18,8158,1996,48843.0,0.0,-0.812763,-0.188722,LKA,BEL,711319
2650347,134,18,8158,1996,0.0,2702.0,-0.67314,-0.241242,MAR,BEL,711319
2650348,141,18,8158,1996,0.0,79710.0,-0.987858,-0.9677040000000001,MLI,BEL,711319
2650349,142,18,8158,1996,0.0,571551.0,0.8825440000000001,0.066541,MLT,BEL,711319
2650350,143,18,8158,1996,2281.0,0.0,-1.556357,-1.078395,MMR,BEL,711319
2650351,151,18,8158,1996,13778.0,46366.0,-0.538651,-0.746274,MUS,BEL,711319
2650352,153,18,8158,1996,72926.0,0.0,0.351774,0.347262,MYS,BEL,711319
2650353,162,18,8158,1996,2426702.0,7804686.0,1.256625,1.803132,NLD,BEL,711319
2650354,163,18,8158,1996,14135.0,229107.0,1.204869,0.303062,NOR,BEL,711319
2650355,168,18,8158,1996,11213.0,0.0,-0.7543300000000001,-0.393654,PAK,BEL,711319
2650356,174,18,8158,1996,0.0,7996.0,-0.276548,0.344986,PHL,BEL,711319
2650357,177,18,8158,1996,4407.0,0.0,0.795489,1.9004729999999999,POL,BEL,711319
2650358,179,18,8158,1996,27756.0,141508.0,0.39343,1.170144,PRT,BEL,711319
2650359,182,18,8158,1996,0.0,10737.0,0.845308,-0.31763,PYF,BEL,711319
2650360,183,18,8158,1996,3397772.0,4555470.0,-0.48203500000000005,-1.117173,QAT,BEL,711319
2650361,185,18,8158,1996,0.0,31191.0,0.612035,0.880964,ROU,BEL,711319
2650362,186,18,8158,1996,437277.0,2651664.0,0.900185,0.47723000000000004,RUS,BEL,711319
2650363,187,18,8158,1996,0.0,75853.0,0.07343,-0.520246,RWA,BEL,711319
2650364,188,18,8158,1996,5961.0,152731.0,0.215265,-0.8577309999999999,SAU,BEL,711319
2650365,192,18,8158,1996,252155.0,177514.0,0.8354299999999999,0.41169799999999995,SGP,BEL,711319
2650366,196,18,8158,1996,0.0,36425.0,0.208166,-0.386648,SLE,BEL,711319
2650367,208,18,8158,1996,1197.0,358500.0,2.133781,0.9099889999999999,SWE,BEL,711319
2650368,214,18,8158,1996,0.0,12182.0,-0.8289059999999999,-0.688122,TCD,BEL,711319
2650369,216,18,8158,1996,12774458.0,422880.0,0.10120599999999999,1.351967,THA,BEL,711319
2650370,223,18,8158,1996,0.0,20963.0,-0.28546,-0.089051,TUN,BEL,711319
2650371,224,18,8158,1996,75986.0,3111766.0,0.156866,1.554023,TUR,BEL,711319
2650372,231,18,8158,1996,825141.0,3588488.0,1.7110560000000001,1.125141,USA,BEL,711319
2650373,236,18,8158,1996,0.0,23119.0,0.07086100000000001,-0.761307,VEN,BEL,711319
2650374,237,18,8158,1996,4983.0,0.0,0.602529,-0.280171,VGB,BEL,711319
2650375,246,18,8158,1996,3388.0,46489.0,0.456593,1.150786,ZAF,BEL,711319
2650376,247,18,8158,1996,0.0,1393.0,-0.340956,-0.714009,ZMB,BEL,711319
2650377,249,18,8158,1996,185107.0,3109.0,1.432225,1.675389,TWN,BEL,711319
2650378,250,18,8158,1996,240919.0,1170.0,1.084978,0.901755,ANS,BEL,711319
2650379,0,32,8158,1996,0.0,2992.0,-0.681487,-0.70999,ABW,BRA,711319
2650380,6,32,8158,1996,0.0,32680.0,0.29339,-0.572443,ANT,BRA,711319
2650381,8,32,8158,1996,0.0,949594.0,0.167081,0.433612,ARG,BRA,711319
2650382,15,32,8158,1996,73372.0,3549.0,1.9216669999999998,0.659388,AUT,BRA,711319
2650383,18,32,8158,1996,164799.0,2346.0,1.549312,1.273767,BEL,BRA,711319
2650384,31,32,8158,1996,0.0,4084.0,-0.589432,-0.7781,BOL,BRA,711319
2650385,33,32,8158,1996,0.0,224220.0,0.9384979999999999,0.147479,BRB,BRA,711319
2650386,39,32,8158,1996,0.0,2875.0,1.155706,1.1127049999999998,CAN,BRA,711319
2650387,41,32,8158,1996,5251832.0,4102906.0,2.246238,0.603288,CHE,BRA,711319
2650388,42,32,8158,1996,0.0,122740.0,-0.052811000000000004,-0.169464,CHL,BRA,711319
2650389,43,32,8158,1996,0.0,6074.0,0.404422,3.061344,CHN,BRA,711319
2650390,49,32,8158,1996,0.0,91397.0,0.136487,0.078743,COL,BRA,711319
2650391,52,32,8158,1996,0.0,4115.0,-0.34219499999999997,0.12221900000000001,CRI,BRA,711319
2650392,59,32,8158,1996,0.0,4595.0,1.401181,1.3094709999999998,CZE,BRA,711319
2650393,61,32,8158,1996,1999630.0,564582.0,2.279976,-2.572299,DEU,BRA,711319
2650394,67,32,8158,1996,0.0,95441.0,-1.1391200000000001,-0.992735,ECU,BRA,711319
2650395,71,32,8158,1996,539704.0,22438.0,1.105317,1.9473,ESP,BRA,711319
2650396,74,32,8158,1996,0.0,1180.0,2.0584729999999998,1.006908,FIN,BRA,711319
2650397,77,32,8158,1996,1188560.0,359005.0,1.69082,0.721312,FRA,BRA,711319
2650398,81,32,8158,1996,2788824.0,314828.0,1.850284,0.883084,GBR,BRA,711319
2650399,93,32,8158,1996,0.0,761.0,-0.332901,0.23790300000000003,GTM,BRA,711319
2650400,97,32,8158,1996,187690.0,1224265.0,0.54364,2.727659,HKG,BRA,711319
2650401,103,32,8158,1996,3884.0,1528.0,-0.43199899999999997,1.22074,IDN,BRA,711319
2650402,104,32,8158,1996,0.0,1232.0,0.20685599999999998,2.317622,IND,BRA,711319
2650403,110,32,8158,1996,81270.0,0.0,1.054975,1.072965,ISR,BRA,711319
2650404,111,32,8158,1996,27280886.0,79197.0,1.4674690000000001,1.263362,ITA,BRA,711319
2650405,114,32,8158,1996,0.0,407756.0,2.615364,0.5656939999999999,JPN,BRA,711319
2650406,121,32,8158,1996,0.0,9726.0,0.8946940000000001,1.240424,KOR,BRA,711319
2650407,138,32,8158,1996,0.0,8775.0,0.651949,0.9132170000000001,MEX,BRA,711319
2650408,162,32,8158,1996,0.0,12004.0,1.256625,1.803132,NLD,BRA,711319
2650409,166,32,8158,1996,0.0,3106.0,0.49466099999999996,0.8302879999999999,NZL,BRA,711319
2650410,173,32,8158,1996,0.0,233943.0,-0.43761000000000005,-0.28077399999999997,PER,BRA,711319
2650411,179,32,8158,1996,0.0,8873.0,0.39343,1.170144,PRT,BRA,711319
2650412,180,32,8158,1996,0.0,69151.0,-0.506178,-0.712851,PRY,BRA,711319
2650413,186,32,8158,1996,0.0,2263.0,0.900185,0.47723000000000004,RUS,BRA,711319
2650414,187,32,8158,1996,0.0,1124.0,0.07343,-0.520246,RWA,BRA,711319
2650415,192,32,8158,1996,0.0,3043.0,0.8354299999999999,0.41169799999999995,SGP,BRA,711319
2650416,208,32,8158,1996,169685.0,551020.0,2.133781,0.9099889999999999,SWE,BRA,711319
2650417,216,32,8158,1996,434369.0,176116.0,0.10120599999999999,1.351967,THA,BRA,711319
2650418,224,32,8158,1996,0.0,1033.0,0.156866,1.554023,TUR,BRA,711319
2650419,230,32,8158,1996,0.0,130830.0,0.171541,0.313934,URY,BRA,711319
2650420,231,32,8158,1996,468961.0,6295368.0,1.7110560000000001,1.125141,USA,BRA,711319
2650421,236,32,8158,1996,0.0,28439.0,0.07086100000000001,-0.761307,VEN,BRA,711319
2650422,246,32,8158,1996,0.0,2692.0,0.456593,1.150786,ZAF,BRA,711319
2650423,249,32,8158,1996,0.0,6119.0,1.432225,1.675389,TWN,BRA,711319
2650424,250,32,8158,1996,0.0,2101.0,1.084978,0.901755,ANS,BRA,711319
2650425,5,43,8158,1996,0.0,2921.0,1.0490059999999999,0.6587189999999999,AND,CHN,711319
2650426,7,43,8158,1996,0.0,29735.0,-0.245358,-0.726695,ARE,CHN,711319
2650427,14,43,8158,1996,109453.0,2554546.0,0.369697,0.78069,AUS,CHN,711319
2650428,15,43,8158,1996,112430.0,5171450.0,1.9216669999999998,0.659388,AUT,CHN,711319
2650429,18,43,8158,1996,7501.0,547778.0,1.549312,1.273767,BEL,CHN,711319
2650430,32,43,8158,1996,6074.0,0.0,0.699658,1.271724,BRA,CHN,711319
2650431,39,43,8158,1996,0.0,631864.0,1.155706,1.1127049999999998,CAN,CHN,711319
2650432,41,43,8158,1996,9965415.0,1164062.0,2.246238,0.603288,CHE,CHN,711319
2650433,59,43,8158,1996,0.0,2181.0,1.401181,1.3094709999999998,CZE,CHN,711319
2650434,61,43,8158,1996,1821313.0,33945576.0,2.279976,-2.572299,DEU,CHN,711319
2650435,63,43,8158,1996,0.0,52735.0,0.44934399999999997,-0.023771,DMA,CHN,711319
2650436,64,43,8158,1996,1967.0,81707.0,1.443514,1.275684,DNK,CHN,711319
2650437,65,43,8158,1996,0.0,53744.0,-0.596093,-0.5602060000000001,DOM,CHN,711319
2650438,71,43,8158,1996,0.0,654771.0,1.105317,1.9473,ESP,CHN,711319
2650439,74,43,8158,1996,0.0,172188.0,2.0584729999999998,1.006908,FIN,CHN,711319
2650440,77,43,8158,1996,40551.0,23229172.0,1.69082,0.721312,FRA,CHN,711319
2650441,81,43,8158,1996,290652.0,586500.0,1.850284,0.883084,GBR,CHN,711319
2650442,90,43,8158,1996,0.0,90740.0,0.271386,1.042608,GRC,CHN,711319
2650443,97,43,8158,1996,13539813.0,177089424.0,0.54364,2.727659,HKG,CHN,711319
2650444,104,43,8158,1996,15878.0,55855.0,0.20685599999999998,2.317622,IND,CHN,711319
2650445,106,43,8158,1996,0.0,173798.0,1.386011,0.9232100000000001,IRL,CHN,711319
2650446,111,43,8158,1996,519771.0,552367.0,1.4674690000000001,1.263362,ITA,CHN,711319
2650447,114,43,8158,1996,3352462.0,11928638.0,2.615364,0.5656939999999999,JPN,CHN,711319
2650448,121,43,8158,1996,29146.0,1961.0,0.8946940000000001,1.240424,KOR,CHN,711319
2650449,122,43,8158,1996,0.0,247925.0,-0.27174499999999996,-1.098243,KWT,CHN,711319
2650450,128,43,8158,1996,0.0,158735.0,-0.812763,-0.188722,LKA,CHN,711319
2650451,133,43,8158,1996,0.0,369701.0,-0.23007399999999997,-0.34139400000000003,MAC,CHN,711319
2650452,136,43,8158,1996,1676.0,0.0,-1.213619,-0.606686,MDG,CHN,711319
2650453,138,43,8158,1996,0.0,17283.0,0.651949,0.9132170000000001,MEX,CHN,711319
2650454,143,43,8158,1996,882465.0,0.0,-1.556357,-1.078395,MMR,CHN,711319
2650455,151,43,8158,1996,0.0,28406.0,-0.538651,-0.746274,MUS,CHN,711319
2650456,153,43,8158,1996,6722.0,229381.0,0.351774,0.347262,MYS,CHN,711319
2650457,162,43,8158,1996,0.0,381787.0,1.256625,1.803132,NLD,CHN,711319
2650458,163,43,8158,1996,2425.0,170773.0,1.204869,0.303062,NOR,CHN,711319
2650459,166,43,8158,1996,0.0,52944.0,0.49466099999999996,0.8302879999999999,NZL,CHN,711319
2650460,182,43,8158,1996,0.0,4778.0,0.845308,-0.31763,PYF,CHN,711319
2650461,186,43,8158,1996,50424.0,0.0,0.900185,0.47723000000000004,RUS,CHN,711319
2650462,188,43,8158,1996,0.0,18181.0,0.215265,-0.8577309999999999,SAU,CHN,711319
2650463,192,43,8158,1996,3140342.0,69618952.0,0.8354299999999999,0.41169799999999995,SGP,CHN,711319
2650464,208,43,8158,1996,0.0,174271.0,2.133781,0.9099889999999999,SWE,CHN,711319
2650465,216,43,8158,1996,63511.0,403785.0,0.10120599999999999,1.351967,THA,CHN,711319
2650466,230,43,8158,1996,3697.0,0.0,0.171541,0.313934,URY,CHN,711319
2650467,231,43,8158,1996,142422.0,28389434.0,1.7110560000000001,1.125141,USA,CHN,711319
2650468,246,43,8158,1996,2766141.0,3490833.0,0.456593,1.150786,ZAF,CHN,711319
2650469,249,43,8158,1996,118875.0,445036.0,1.432225,1.675389,TWN,CHN,711319
2650470,250,43,8158,1996,59624.0,0.0,1.084978,0.901755,ANS,CHN,711319
2650471,0,49,8158,1996,0.0,176834.0,-0.681487,-0.70999,ABW,COL,711319
2650472,6,49,8158,1996,0.0,42635.0,0.29339,-0.572443,ANT,COL,711319
2650473,14,49,8158,1996,0.0,1391.0,0.369697,0.78069,AUS,COL,711319
2650474,15,49,8158,1996,0.0,896.0,1.9216669999999998,0.659388,AUT,COL,711319
2650475,18,49,8158,1996,9903.0,0.0,1.549312,1.273767,BEL,COL,711319
2650476,31,49,8158,1996,67822.0,0.0,-0.589432,-0.7781,BOL,COL,711319
2650477,32,49,8158,1996,91397.0,0.0,0.699658,1.271724,BRA,COL,711319
2650478,41,49,8158,1996,163071.0,644612.0,2.246238,0.603288,CHE,COL,711319
2650479,52,49,8158,1996,0.0,246758.0,-0.34219499999999997,0.12221900000000001,CRI,COL,711319
2650480,61,49,8158,1996,260157.0,57493.0,2.279976,-2.572299,DEU,COL,711319
2650481,65,49,8158,1996,0.0,98028.0,-0.596093,-0.5602060000000001,DOM,COL,711319
2650482,71,49,8158,1996,860054.0,168414.0,1.105317,1.9473,ESP,COL,711319
2650483,77,49,8158,1996,261777.0,3766.0,1.69082,0.721312,FRA,COL,711319
2650484,81,49,8158,1996,1151.0,0.0,1.850284,0.883084,GBR,COL,711319
2650485,97,49,8158,1996,6196.0,755628.0,0.54364,2.727659,HKG,COL,711319
2650486,103,49,8158,1996,0.0,22582.0,-0.43199899999999997,1.22074,IDN,COL,711319
2650487,110,49,8158,1996,264361.0,0.0,1.054975,1.072965,ISR,COL,711319
2650488,111,49,8158,1996,5750348.0,21313.0,1.4674690000000001,1.263362,ITA,COL,711319
2650489,114,49,8158,1996,0.0,5513.0,2.615364,0.5656939999999999,JPN,COL,711319
2650490,138,49,8158,1996,2934.0,1278.0,0.651949,0.9132170000000001,MEX,COL,711319
2650491,169,49,8158,1996,60745.0,228395.0,-0.100537,-0.374129,PAN,COL,711319
2650492,173,49,8158,1996,4519.0,0.0,-0.43761000000000005,-0.28077399999999997,PER,COL,711319
2650493,231,49,8158,1996,77249.0,2497686.0,1.7110560000000001,1.125141,USA,COL,711319
2650494,236,49,8158,1996,9550.0,38889.0,0.07086100000000001,-0.761307,VEN,COL,711319
2650495,246,49,8158,1996,806.0,0.0,0.456593,1.150786,ZAF,COL,711319
2650496,250,49,8158,1996,1958.0,0.0,1.084978,0.901755,ANS,COL,711319
2650497,32,52,8158,1996,4115.0,0.0,0.699658,1.271724,BRA,CRI,711319
2650498,41,52,8158,1996,11034.0,0.0,2.246238,0.603288,CHE,CRI,711319
2650499,49,52,8158,1996,246758.0,0.0,0.136487,0.078743,COL,CRI,711319
2650500,61,52,8158,1996,0.0,13067.0,2.279976,-2.572299,DEU,CRI,711319
2650501,71,52,8158,1996,154631.0,0.0,1.105317,1.9473,ESP,CRI,711319
2650502,77,52,8158,1996,0.0,102503.0,1.69082,0.721312,FRA,CRI,711319
2650503,93,52,8158,1996,0.0,34711.0,-0.332901,0.23790300000000003,GTM,CRI,711319
2650504,111,52,8158,1996,455845.0,5181.0,1.4674690000000001,1.263362,ITA,CRI,711319
2650505,138,52,8158,1996,11093.0,0.0,0.651949,0.9132170000000001,MEX,CRI,711319
2650506,169,52,8158,1996,20634.0,0.0,-0.100537,-0.374129,PAN,CRI,711319
2650507,216,52,8158,1996,8034.0,0.0,0.10120599999999999,1.351967,THA,CRI,711319
2650508,231,52,8158,1996,4837.0,42122004.0,1.7110560000000001,1.125141,USA,CRI,711319
2650509,250,52,8158,1996,0.0,4149728.0,1.084978,0.901755,ANS,CRI,711319
2650510,0,61,8158,1996,0.0,182506.0,-0.681487,-0.70999,ABW,DEU,711319
2650511,4,61,8158,1996,0.0,1143.0,-0.309992,-0.039541,ALB,DEU,711319
2650512,5,61,8158,1996,0.0,134103.0,1.0490059999999999,0.6587189999999999,AND,DEU,711319
2650513,6,61,8158,1996,0.0,719706.0,0.29339,-0.572443,ANT,DEU,711319
2650514,7,61,8158,1996,5087640.0,17139300.0,-0.245358,-0.726695,ARE,DEU,711319
2650515,8,61,8158,1996,17945.0,35908.0,0.167081,0.433612,ARG,DEU,711319
2650516,13,61,8158,1996,0.0,44095.0,0.408319,-0.21640700000000002,ATG,DEU,711319
2650517,14,61,8158,1996,66088.0,3108100.0,0.369697,0.78069,AUS,DEU,711319
2650518,15,61,8158,1996,9036921.0,71669072.0,1.9216669999999998,0.659388,AUT,DEU,711319
2650519,18,61,8158,1996,1168170.0,19223626.0,1.549312,1.273767,BEL,DEU,711319
2650520,24,61,8158,1996,602454.0,2102012.0,-0.062207000000000005,-0.840398,BHR,DEU,711319
2650521,25,61,8158,1996,1688.0,644018.0,0.363917,-0.380614,BHS,DEU,711319
2650522,28,61,8158,1996,0.0,59987.0,0.7285550000000001,0.660716,BLR,DEU,711319
2650523,30,61,8158,1996,0.0,787305.0,1.037215,-0.408235,BMU,DEU,711319
2650524,31,61,8158,1996,1370.0,148385.0,-0.589432,-0.7781,BOL,DEU,711319
2650525,32,61,8158,1996,564582.0,1999630.0,0.699658,1.271724,BRA,DEU,711319
2650526,33,61,8158,1996,0.0,134605.0,0.9384979999999999,0.147479,BRB,DEU,711319
2650527,39,61,8158,1996,20415.0,547473.0,1.155706,1.1127049999999998,CAN,DEU,711319
2650528,41,61,8158,1996,54112468.0,146603056.0,2.246238,0.603288,CHE,DEU,711319
2650529,42,61,8158,1996,2265.0,259948.0,-0.052811000000000004,-0.169464,CHL,DEU,711319
2650530,43,61,8158,1996,33945576.0,1821313.0,0.404422,3.061344,CHN,DEU,711319
2650531,48,61,8158,1996,0.0,6664.0,0.053446,-0.556272,COK,DEU,711319
2650532,49,61,8158,1996,57493.0,260157.0,0.136487,0.078743,COL,DEU,711319
2650533,52,61,8158,1996,13067.0,0.0,-0.34219499999999997,0.12221900000000001,CRI,DEU,711319
2650534,57,61,8158,1996,0.0,403478.0,0.532622,-0.428501,CYM,DEU,711319
2650535,58,61,8158,1996,1047.0,38774.0,0.20007,0.020590999999999998,CYP,DEU,711319
2650536,59,61,8158,1996,1509629.0,5185782.0,1.401181,1.3094709999999998,CZE,DEU,711319
2650537,63,61,8158,1996,0.0,4807.0,0.44934399999999997,-0.023771,DMA,DEU,711319
2650538,64,61,8158,1996,475356.0,7821226.0,1.443514,1.275684,DNK,DEU,711319
2650539,65,61,8158,1996,2785.0,35155.0,-0.596093,-0.5602060000000001,DOM,DEU,711319
2650540,67,61,8158,1996,1161.0,0.0,-1.1391200000000001,-0.992735,ECU,DEU,711319
2650541,68,61,8158,1996,15240.0,520489.0,-0.5446409999999999,-0.229586,EGY,DEU,711319
2650542,71,61,8158,1996,5715134.0,3787681.0,1.105317,1.9473,ESP,DEU,711319
2650543,72,61,8158,1996,0.0,29308.0,0.53397,1.0877940000000001,EST,DEU,711319
2650544,74,61,8158,1996,3165459.0,3727216.0,2.0584729999999998,1.006908,FIN,DEU,711319
2650545,75,61,8158,1996,0.0,81512.0,-0.7977,-0.9271879999999999,FJI,DEU,711319
2650546,77,61,8158,1996,13574124.0,17516590.0,1.69082,0.721312,FRA,DEU,711319
2650547,81,61,8158,1996,8455981.0,20154936.0,1.850284,0.883084,GBR,DEU,711319
2650548,82,61,8158,1996,0.0,71514.0,0.5383020000000001,0.167596,GEO,DEU,711319
2650549,84,61,8158,1996,0.0,2019.0,0.932001,-0.20733400000000002,GIB,DEU,711319
2650550,90,61,8158,1996,957809.0,1869227.0,0.271386,1.042608,GRC,DEU,711319
2650551,91,61,8158,1996,0.0,14356.0,0.285534,-0.37242600000000003,GRD,DEU,711319
2650552,92,61,8158,1996,0.0,7170.0,-0.8826879999999999,-0.777868,GRL,DEU,711319
2650553,93,61,8158,1996,0.0,57396.0,-0.332901,0.23790300000000003,GTM,DEU,711319
2650554,97,61,8158,1996,36173664.0,23252364.0,0.54364,2.727659,HKG,DEU,711319
2650555,100,61,8158,1996,0.0,109029.0,0.772706,1.1075270000000002,HRV,DEU,711319
2650556,101,61,8158,1996,0.0,96343.0,-0.865218,-0.723441,HTI,DEU,711319
2650557,102,61,8158,1996,347311.0,1425335.0,0.790036,1.891534,HUN,DEU,711319
2650558,103,61,8158,1996,788207.0,39190.0,-0.43199899999999997,1.22074,IDN,DEU,711319
2650559,104,61,8158,1996,17495744.0,1615358.0,0.20685599999999998,2.317622,IND,DEU,711319
2650560,105,61,8158,1996,0.0,10033.0,0.605992,-0.5621970000000001,IOT,DEU,711319
2650561,106,61,8158,1996,25959.0,687121.0,1.386011,0.9232100000000001,IRL,DEU,711319
2650562,107,61,8158,1996,74784.0,9178.0,-0.7496649999999999,-1.1173520000000001,IRN,DEU,711319
2650563,109,61,8158,1996,0.0,1047077.0,0.003558,-0.551796,ISL,DEU,711319
2650564,110,61,8158,1996,14970713.0,6332855.0,1.054975,1.072965,ISR,DEU,711319
2650565,111,61,8158,1996,296603328.0,8461954.0,1.4674690000000001,1.263362,ITA,DEU,711319
2650566,112,61,8158,1996,0.0,267816.0,-0.6344350000000001,-0.814916,JAM,DEU,711319
2650567,114,61,8158,1996,284272.0,17970920.0,2.615364,0.5656939999999999,JPN,DEU,711319
2650568,116,61,8158,1996,0.0,238208.0,-0.468322,-0.017625,KEN,DEU,711319
2650569,118,61,8158,1996,8930.0,0.0,-1.110741,-1.089434,KHM,DEU,711319
2650570,121,61,8158,1996,174152.0,189340.0,0.8946940000000001,1.240424,KOR,DEU,711319
2650571,122,61,8158,1996,0.0,347204.0,-0.27174499999999996,-1.098243,KWT,DEU,711319
2650572,124,61,8158,1996,64416.0,118737.0,-0.051973,0.002154,LBN,DEU,711319
2650573,127,61,8158,1996,0.0,7933.0,0.016224000000000002,-0.664312,LCA,DEU,711319
2650574,128,61,8158,1996,248207.0,43643.0,-0.812763,-0.188722,LKA,DEU,711319
2650575,130,61,8158,1996,15024.0,17480.0,0.40520500000000004,0.9465950000000001,LTU,DEU,711319
2650576,132,61,8158,1996,12786.0,404580.0,0.33418600000000004,0.1615,LVA,DEU,711319
2650577,134,61,8158,1996,0.0,490859.0,-0.67314,-0.241242,MAR,DEU,711319
2650578,137,61,8158,1996,0.0,825.0,-1.107903,-1.016442,MDV,DEU,711319
2650579,138,61,8158,1996,14722.0,750429.0,0.651949,0.9132170000000001,MEX,DEU,711319
2650580,140,61,8158,1996,0.0,24225.0,0.316133,0.933068,MKD,DEU,711319
2650581,142,61,8158,1996,1072880.0,114913.0,0.8825440000000001,0.066541,MLT,DEU,711319
2650582,143,61,8158,1996,2244.0,0.0,-1.556357,-1.078395,MMR,DEU,711319
2650583,149,61,8158,1996,0.0,2989.0,0.659518,-0.540708,MSR,DEU,711319
2650584,151,61,8158,1996,905201.0,2100116.0,-0.538651,-0.746274,MUS,DEU,711319
2650585,153,61,8158,1996,6234656.0,1097573.0,0.351774,0.347262,MYS,DEU,711319
2650586,156,61,8158,1996,0.0,2003.0,-0.951583,-0.785157,NCL,DEU,711319
2650587,159,61,8158,1996,30045.0,0.0,-1.813359,-1.1967,NGA,DEU,711319
2650588,162,61,8158,1996,3981874.0,36746360.0,1.256625,1.803132,NLD,DEU,711319
2650589,163,61,8158,1996,264824.0,11930820.0,1.204869,0.303062,NOR,DEU,711319
2650590,164,61,8158,1996,26848.0,0.0,-0.7390100000000001,-0.647903,NPL,DEU,711319
2650591,166,61,8158,1996,20862.0,173183.0,0.49466099999999996,0.8302879999999999,NZL,DEU,711319
2650592,167,61,8158,1996,11459.0,39278.0,-0.10243499999999998,-0.8425879999999999,OMN,DEU,711319
2650593,168,61,8158,1996,3483.0,0.0,-0.7543300000000001,-0.393654,PAK,DEU,711319
2650594,169,61,8158,1996,0.0,26384.0,-0.100537,-0.374129,PAN,DEU,711319
2650595,173,61,8158,1996,3745.0,242303.0,-0.43761000000000005,-0.28077399999999997,PER,DEU,711319
2650596,174,61,8158,1996,108242.0,45246.0,-0.276548,0.344986,PHL,DEU,711319
2650597,177,61,8158,1996,240220.0,10162362.0,0.795489,1.9004729999999999,POL,DEU,711319
2650598,179,61,8158,1996,334316.0,1949974.0,0.39343,1.170144,PRT,DEU,711319
2650599,180,61,8158,1996,0.0,57573.0,-0.506178,-0.712851,PRY,DEU,711319
2650600,182,61,8158,1996,25655.0,151216.0,0.845308,-0.31763,PYF,DEU,711319
2650601,183,61,8158,1996,0.0,108908.0,-0.48203500000000005,-1.117173,QAT,DEU,711319
2650602,185,61,8158,1996,0.0,158656.0,0.612035,0.880964,ROU,DEU,711319
2650603,186,61,8158,1996,755808.0,12594202.0,0.900185,0.47723000000000004,RUS,DEU,711319
2650604,188,61,8158,1996,263034.0,2427032.0,0.215265,-0.8577309999999999,SAU,DEU,711319
2650605,189,61,8158,1996,107468.0,1221.0,0.786293,2.20126,SCG,DEU,711319
2650606,192,61,8158,1996,1823125.0,3871753.0,0.8354299999999999,0.41169799999999995,SGP,DEU,711319
2650607,197,61,8158,1996,0.0,9230.0,-0.24968800000000002,-0.121995,SLV,DEU,711319
2650608,199,61,8158,1996,0.0,4031.0,-1.622968,-0.912907,SOM,DEU,711319
2650609,206,61,8158,1996,7064.0,381503.0,1.189398,1.29167,SVK,DEU,711319
2650610,207,61,8158,1996,455239.0,1560441.0,1.409184,1.37245,SVN,DEU,711319
2650611,208,61,8158,1996,393308.0,3820175.0,2.133781,0.9099889999999999,SWE,DEU,711319
2650612,216,61,8158,1996,73064880.0,6662466.0,0.10120599999999999,1.351967,THA,DEU,711319
2650613,217,61,8158,1996,0.0,209900.0,-0.035623,-0.723275,TJK,DEU,711319
2650614,222,61,8158,1996,0.0,18203.0,0.19111,-0.488382,TTO,DEU,711319
2650615,223,61,8158,1996,6099.0,0.0,-0.28546,-0.089051,TUN,DEU,711319
2650616,224,61,8158,1996,22853820.0,5608755.0,0.156866,1.554023,TUR,DEU,711319
2650617,227,61,8158,1996,0.0,5247.0,-0.931124,-0.925523,UGA,DEU,711319
2650618,228,61,8158,1996,0.0,143171.0,0.896537,0.9241459999999999,UKR,DEU,711319
2650619,230,61,8158,1996,12377.0,242112.0,0.171541,0.313934,URY,DEU,711319
2650620,231,61,8158,1996,16168562.0,33439914.0,1.7110560000000001,1.125141,USA,DEU,711319
2650621,234,61,8158,1996,0.0,2727.0,-0.123896,-0.5798989999999999,VCT,DEU,711319
2650622,236,61,8158,1996,4692.0,44106.0,0.07086100000000001,-0.761307,VEN,DEU,711319
2650623,237,61,8158,1996,0.0,8616.0,0.602529,-0.280171,VGB,DEU,711319
2650624,239,61,8158,1996,88590.0,0.0,-0.9336469999999999,-0.10985199999999999,VNM,DEU,711319
2650625,240,61,8158,1996,0.0,21963.0,-0.933351,-0.824783,VUT,DEU,711319
2650626,246,61,8158,1996,49269.0,1691321.0,0.456593,1.150786,ZAF,DEU,711319
2650627,249,61,8158,1996,868310.0,1415486.0,1.432225,1.675389,TWN,DEU,711319
2650628,250,61,8158,1996,0.0,527752.0,1.084978,0.901755,ANS,DEU,711319
2650629,7,64,8158,1996,346145.0,21966.0,-0.245358,-0.726695,ARE,DNK,711319
2650630,14,64,8158,1996,11778.0,24212.0,0.369697,0.78069,AUS,DNK,711319
2650631,15,64,8158,1996,34344.0,0.0,1.9216669999999998,0.659388,AUT,DNK,711319
2650632,18,64,8158,1996,329470.0,2069.0,1.549312,1.273767,BEL,DNK,711319
2650633,39,64,8158,1996,0.0,7694.0,1.155706,1.1127049999999998,CAN,DNK,711319
2650634,41,64,8158,1996,179339.0,8603.0,2.246238,0.603288,CHE,DNK,711319
2650635,43,64,8158,1996,81707.0,1967.0,0.404422,3.061344,CHN,DNK,711319
2650636,61,64,8158,1996,7821226.0,475356.0,2.279976,-2.572299,DEU,DNK,711319
2650637,71,64,8158,1996,965830.0,1566.0,1.105317,1.9473,ESP,DNK,711319
2650638,74,64,8158,1996,122418.0,53817.0,2.0584729999999998,1.006908,FIN,DNK,711319
2650639,77,64,8158,1996,356700.0,52927.0,1.69082,0.721312,FRA,DNK,711319
2650640,78,64,8158,1996,0.0,28543.0,-0.252693,-0.714691,FRO,DNK,711319
2650641,81,64,8158,1996,532877.0,59131.0,1.850284,0.883084,GBR,DNK,711319
2650642,90,64,8158,1996,179432.0,0.0,0.271386,1.042608,GRC,DNK,711319
2650643,92,64,8158,1996,0.0,142383.0,-0.8826879999999999,-0.777868,GRL,DNK,711319
2650644,97,64,8158,1996,547620.0,203374.0,0.54364,2.727659,HKG,DNK,711319
2650645,103,64,8158,1996,260397.0,5786.0,-0.43199899999999997,1.22074,IDN,DNK,711319
2650646,104,64,8158,1996,491664.0,0.0,0.20685599999999998,2.317622,IND,DNK,711319
2650647,109,64,8158,1996,0.0,125588.0,0.003558,-0.551796,ISL,DNK,711319
2650648,110,64,8158,1996,175177.0,3073.0,1.054975,1.072965,ISR,DNK,711319
2650649,111,64,8158,1996,1768394.0,99726.0,1.4674690000000001,1.263362,ITA,DNK,711319
2650650,114,64,8158,1996,0.0,337008.0,2.615364,0.5656939999999999,JPN,DNK,711319
2650651,121,64,8158,1996,2421.0,1234.0,0.8946940000000001,1.240424,KOR,DNK,711319
2650652,153,64,8158,1996,16705.0,0.0,0.351774,0.347262,MYS,DNK,711319
2650653,162,64,8158,1996,273430.0,7510.0,1.256625,1.803132,NLD,DNK,711319
2650654,163,64,8158,1996,187350.0,2658803.0,1.204869,0.303062,NOR,DNK,711319
2650655,167,64,8158,1996,80134.0,0.0,-0.10243499999999998,-0.8425879999999999,OMN,DNK,711319
2650656,177,64,8158,1996,16241.0,0.0,0.795489,1.9004729999999999,POL,DNK,711319
2650657,179,64,8158,1996,135471.0,0.0,0.39343,1.170144,PRT,DNK,711319
2650658,192,64,8158,1996,9150.0,55120.0,0.8354299999999999,0.41169799999999995,SGP,DNK,711319
2650659,208,64,8158,1996,1436467.0,1836830.0,2.133781,0.9099889999999999,SWE,DNK,711319
2650660,216,64,8158,1996,1556078.0,839.0,0.10120599999999999,1.351967,THA,DNK,711319
2650661,231,64,8158,1996,187621.0,244784.0,1.7110560000000001,1.125141,USA,DNK,711319
2650662,239,64,8158,1996,1332.0,0.0,-0.9336469999999999,-0.10985199999999999,VNM,DNK,711319
2650663,246,64,8158,1996,6824.0,5039.0,0.456593,1.150786,ZAF,DNK,711319
2650664,249,64,8158,1996,16579.0,291612.0,1.432225,1.675389,TWN,DNK,711319
2650665,250,64,8158,1996,6526.0,0.0,1.084978,0.901755,ANS,DNK,711319
2650666,18,65,8158,1996,27643.0,0.0,1.549312,1.273767,BEL,DOM,711319
2650667,39,65,8158,1996,0.0,2619.0,1.155706,1.1127049999999998,CAN,DOM,711319
2650668,41,65,8158,1996,0.0,763856.0,2.246238,0.603288,CHE,DOM,711319
2650669,43,65,8158,1996,53744.0,0.0,0.404422,3.061344,CHN,DOM,711319
2650670,49,65,8158,1996,98028.0,0.0,0.136487,0.078743,COL,DOM,711319
2650671,61,65,8158,1996,35155.0,2785.0,2.279976,-2.572299,DEU,DOM,711319
2650672,71,65,8158,1996,169307.0,0.0,1.105317,1.9473,ESP,DOM,711319
2650673,81,65,8158,1996,30354.0,0.0,1.850284,0.883084,GBR,DOM,711319
2650674,111,65,8158,1996,1308440.0,17528.0,1.4674690000000001,1.263362,ITA,DOM,711319
2650675,121,65,8158,1996,11304.0,0.0,0.8946940000000001,1.240424,KOR,DOM,711319
2650676,231,65,8158,1996,3854093.0,99215392.0,1.7110560000000001,1.125141,USA,DOM,711319
2650677,32,67,8158,1996,95441.0,0.0,0.699658,1.271724,BRA,ECU,711319
2650678,39,67,8158,1996,0.0,11172.0,1.155706,1.1127049999999998,CAN,ECU,711319
2650679,61,67,8158,1996,0.0,1161.0,2.279976,-2.572299,DEU,ECU,711319
2650680,111,67,8158,1996,26816.0,156196.0,1.4674690000000001,1.263362,ITA,ECU,711319
2650681,169,67,8158,1996,9295.0,0.0,-0.100537,-0.374129,PAN,ECU,711319
2650682,179,67,8158,1996,135463.0,0.0,0.39343,1.170144,PRT,ECU,711319
2650683,216,67,8158,1996,143608.0,0.0,0.10120599999999999,1.351967,THA,ECU,711319
2650684,231,67,8158,1996,0.0,5848066.0,1.7110560000000001,1.125141,USA,ECU,711319
2650685,0,71,8158,1996,0.0,198798.0,-0.681487,-0.70999,ABW,ESP,711319
2650686,5,71,8158,1996,46319.0,3843067.0,1.0490059999999999,0.6587189999999999,AND,ESP,711319
2650687,6,71,8158,1996,0.0,86531.0,0.29339,-0.572443,ANT,ESP,711319
2650688,7,71,8158,1996,0.0,2785206.0,-0.245358,-0.726695,ARE,ESP,711319
2650689,8,71,8158,1996,87709.0,479738.0,0.167081,0.433612,ARG,ESP,711319
2650690,14,71,8158,1996,12882.0,802825.0,0.369697,0.78069,AUS,ESP,711319
2650691,15,71,8158,1996,24783.0,1941375.0,1.9216669999999998,0.659388,AUT,ESP,711319
2650692,18,71,8158,1996,765080.0,4217714.0,1.549312,1.273767,BEL,ESP,711319
2650693,22,71,8158,1996,16578.0,0.0,-1.060876,-1.05104,BGD,ESP,711319
2650694,24,71,8158,1996,0.0,642726.0,-0.062207000000000005,-0.840398,BHR,ESP,711319
2650695,25,71,8158,1996,0.0,118417.0,0.363917,-0.380614,BHS,ESP,711319
2650696,30,71,8158,1996,0.0,155748.0,1.037215,-0.408235,BMU,ESP,711319
2650697,31,71,8158,1996,0.0,57459.0,-0.589432,-0.7781,BOL,ESP,711319
2650698,32,71,8158,1996,22438.0,539704.0,0.699658,1.271724,BRA,ESP,711319
2650699,33,71,8158,1996,0.0,2408.0,0.9384979999999999,0.147479,BRB,ESP,711319
2650700,39,71,8158,1996,15751.0,96920.0,1.155706,1.1127049999999998,CAN,ESP,711319
2650701,41,71,8158,1996,4873336.0,6180018.0,2.246238,0.603288,CHE,ESP,711319
2650702,42,71,8158,1996,0.0,150404.0,-0.052811000000000004,-0.169464,CHL,ESP,711319
2650703,43,71,8158,1996,654771.0,0.0,0.404422,3.061344,CHN,ESP,711319
2650704,44,71,8158,1996,0.0,9360.0,-0.8720459999999999,-0.7904479999999999,CIV,ESP,711319
2650705,49,71,8158,1996,168414.0,860054.0,0.136487,0.078743,COL,ESP,711319
2650706,52,71,8158,1996,0.0,154631.0,-0.34219499999999997,0.12221900000000001,CRI,ESP,711319
2650707,54,71,8158,1996,0.0,474549.0,-0.555246,-1.0420479999999999,CUB,ESP,711319
2650708,57,71,8158,1996,0.0,39945.0,0.532622,-0.428501,CYM,ESP,711319
2650709,59,71,8158,1996,6430.0,65491.0,1.401181,1.3094709999999998,CZE,ESP,711319
2650710,61,71,8158,1996,3787681.0,5715134.0,2.279976,-2.572299,DEU,ESP,711319
2650711,64,71,8158,1996,1566.0,965830.0,1.443514,1.275684,DNK,ESP,711319
2650712,65,71,8158,1996,0.0,169307.0,-0.596093,-0.5602060000000001,DOM,ESP,711319
2650713,66,71,8158,1996,0.0,43214.0,-0.33419699999999997,-1.035736,DZA,ESP,711319
2650714,72,71,8158,1996,0.0,3757.0,0.53397,1.0877940000000001,EST,ESP,711319
2650715,74,71,8158,1996,6134.0,394828.0,2.0584729999999998,1.006908,FIN,ESP,711319
2650716,77,71,8158,1996,5322819.0,19204304.0,1.69082,0.721312,FRA,ESP,711319
2650717,81,71,8158,1996,946561.0,4521634.0,1.850284,0.883084,GBR,ESP,711319
2650718,84,71,8158,1996,0.0,324721.0,0.932001,-0.20733400000000002,GIB,ESP,711319
2650719,90,71,8158,1996,392062.0,330562.0,0.271386,1.042608,GRC,ESP,711319
2650720,93,71,8158,1996,0.0,78154.0,-0.332901,0.23790300000000003,GTM,ESP,711319
2650721,96,71,8158,1996,0.0,4201.0,-0.567617,-0.766822,GUY,ESP,711319
2650722,97,71,8158,1996,1513460.0,1483936.0,0.54364,2.727659,HKG,ESP,711319
2650723,104,71,8158,1996,2656890.0,8545.0,0.20685599999999998,2.317622,IND,ESP,711319
2650724,106,71,8158,1996,0.0,488756.0,1.386011,0.9232100000000001,IRL,ESP,711319
2650725,109,71,8158,1996,0.0,24330.0,0.003558,-0.551796,ISL,ESP,711319
2650726,110,71,8158,1996,1656120.0,189393.0,1.054975,1.072965,ISR,ESP,711319
2650727,111,71,8158,1996,163851360.0,3543938.0,1.4674690000000001,1.263362,ITA,ESP,711319
2650728,112,71,8158,1996,0.0,8265.0,-0.6344350000000001,-0.814916,JAM,ESP,711319
2650729,114,71,8158,1996,44159.0,7571043.0,2.615364,0.5656939999999999,JPN,ESP,711319
2650730,121,71,8158,1996,0.0,134071.0,0.8946940000000001,1.240424,KOR,ESP,711319
2650731,122,71,8158,1996,0.0,341986.0,-0.27174499999999996,-1.098243,KWT,ESP,711319
2650732,134,71,8158,1996,0.0,1544.0,-0.67314,-0.241242,MAR,ESP,711319
2650733,138,71,8158,1996,23142.0,997899.0,0.651949,0.9132170000000001,MEX,ESP,711319
2650734,142,71,8158,1996,0.0,26518.0,0.8825440000000001,0.066541,MLT,ESP,711319
2650735,151,71,8158,1996,0.0,77525.0,-0.538651,-0.746274,MUS,ESP,711319
2650736,153,71,8158,1996,0.0,55100.0,0.351774,0.347262,MYS,ESP,711319
2650737,156,71,8158,1996,2447.0,80157.0,-0.951583,-0.785157,NCL,ESP,711319
2650738,159,71,8158,1996,0.0,4482.0,-1.813359,-1.1967,NGA,ESP,711319
2650739,162,71,8158,1996,6881.0,3621805.0,1.256625,1.803132,NLD,ESP,711319
2650740,163,71,8158,1996,10487.0,2642370.0,1.204869,0.303062,NOR,ESP,711319
2650741,166,71,8158,1996,2467.0,86147.0,0.49466099999999996,0.8302879999999999,NZL,ESP,711319
2650742,169,71,8158,1996,123117.0,984142.0,-0.100537,-0.374129,PAN,ESP,711319
2650743,173,71,8158,1996,0.0,7461.0,-0.43761000000000005,-0.28077399999999997,PER,ESP,711319
2650744,174,71,8158,1996,2142.0,175176.0,-0.276548,0.344986,PHL,ESP,711319
2650745,179,71,8158,1996,78046.0,8435913.0,0.39343,1.170144,PRT,ESP,711319
2650746,180,71,8158,1996,0.0,12606.0,-0.506178,-0.712851,PRY,ESP,711319
2650747,182,71,8158,1996,0.0,80131.0,0.845308,-0.31763,PYF,ESP,711319
2650748,183,71,8158,1996,0.0,257408.0,-0.48203500000000005,-1.117173,QAT,ESP,711319
2650749,186,71,8158,1996,0.0,801708.0,0.900185,0.47723000000000004,RUS,ESP,711319
2650750,188,71,8158,1996,15093.0,758476.0,0.215265,-0.8577309999999999,SAU,ESP,711319
2650751,192,71,8158,1996,143645.0,928888.0,0.8354299999999999,0.41169799999999995,SGP,ESP,711319
2650752,197,71,8158,1996,0.0,16851.0,-0.24968800000000002,-0.121995,SLV,ESP,711319
2650753,206,71,8158,1996,0.0,9000.0,1.189398,1.29167,SVK,ESP,711319
2650754,208,71,8158,1996,21518.0,2612450.0,2.133781,0.9099889999999999,SWE,ESP,711319
2650755,212,71,8158,1996,3484.0,0.0,-1.100666,-0.90038,SYR,ESP,711319
2650756,216,71,8158,1996,3492000.0,4671.0,0.10120599999999999,1.351967,THA,ESP,711319
2650757,224,71,8158,1996,165166.0,6905.0,0.156866,1.554023,TUR,ESP,711319
2650758,230,71,8158,1996,0.0,79690.0,0.171541,0.313934,URY,ESP,711319
2650759,231,71,8158,1996,944121.0,20533498.0,1.7110560000000001,1.125141,USA,ESP,711319
2650760,236,71,8158,1996,4747.0,476548.0,0.07086100000000001,-0.761307,VEN,ESP,711319
2650761,237,71,8158,1996,0.0,25970.0,0.602529,-0.280171,VGB,ESP,711319
2650762,239,71,8158,1996,56910.0,0.0,-0.9336469999999999,-0.10985199999999999,VNM,ESP,711319
2650763,246,71,8158,1996,4315.0,443540.0,0.456593,1.150786,ZAF,ESP,711319
2650764,249,71,8158,1996,50188.0,17483.0,1.432225,1.675389,TWN,ESP,711319
2650765,7,74,8158,1996,12630.0,0.0,-0.245358,-0.726695,ARE,FIN,711319
2650766,15,74,8158,1996,3810.0,185113.0,1.9216669999999998,0.659388,AUT,FIN,711319
2650767,18,74,8158,1996,183510.0,1832.0,1.549312,1.273767,BEL,FIN,711319
2650768,32,74,8158,1996,1180.0,0.0,0.699658,1.271724,BRA,FIN,711319
2650769,39,74,8158,1996,10725.0,5533.0,1.155706,1.1127049999999998,CAN,FIN,711319
2650770,41,74,8158,1996,25785.0,138881.0,2.246238,0.603288,CHE,FIN,711319
2650771,43,74,8158,1996,172188.0,0.0,0.404422,3.061344,CHN,FIN,711319
2650772,59,74,8158,1996,1174.0,0.0,1.401181,1.3094709999999998,CZE,FIN,711319
2650773,61,74,8158,1996,3727216.0,3165459.0,2.279976,-2.572299,DEU,FIN,711319
2650774,63,74,8158,1996,8191.0,0.0,0.44934399999999997,-0.023771,DMA,FIN,711319
2650775,64,74,8158,1996,53817.0,122418.0,1.443514,1.275684,DNK,FIN,711319
2650776,71,74,8158,1996,394828.0,6134.0,1.105317,1.9473,ESP,FIN,711319
2650777,72,74,8158,1996,48115.0,1024261.0,0.53397,1.0877940000000001,EST,FIN,711319
2650778,77,74,8158,1996,258354.0,0.0,1.69082,0.721312,FRA,FIN,711319
2650779,81,74,8158,1996,1034842.0,96554.0,1.850284,0.883084,GBR,FIN,711319
2650780,97,74,8158,1996,246246.0,39827.0,0.54364,2.727659,HKG,FIN,711319
2650781,102,74,8158,1996,0.0,4873.0,0.790036,1.891534,HUN,FIN,711319
2650782,103,74,8158,1996,7647.0,0.0,-0.43199899999999997,1.22074,IDN,FIN,711319
2650783,104,74,8158,1996,144406.0,0.0,0.20685599999999998,2.317622,IND,FIN,711319
2650784,107,74,8158,1996,2625.0,0.0,-0.7496649999999999,-1.1173520000000001,IRN,FIN,711319
2650785,110,74,8158,1996,1858278.0,124655.0,1.054975,1.072965,ISR,FIN,711319
2650786,111,74,8158,1996,13738365.0,112764.0,1.4674690000000001,1.263362,ITA,FIN,711319
2650787,112,74,8158,1996,0.0,9986.0,-0.6344350000000001,-0.814916,JAM,FIN,711319
2650788,114,74,8158,1996,1530.0,612145.0,2.615364,0.5656939999999999,JPN,FIN,711319
2650789,130,74,8158,1996,0.0,50117.0,0.40520500000000004,0.9465950000000001,LTU,FIN,711319
2650790,132,74,8158,1996,0.0,13168.0,0.33418600000000004,0.1615,LVA,FIN,711319
2650791,140,74,8158,1996,0.0,32968.0,0.316133,0.933068,MKD,FIN,711319
2650792,153,74,8158,1996,319949.0,0.0,0.351774,0.347262,MYS,FIN,711319
2650793,162,74,8158,1996,2128.0,632489.0,1.256625,1.803132,NLD,FIN,711319
2650794,163,74,8158,1996,51310.0,1596124.0,1.204869,0.303062,NOR,FIN,711319
2650795,179,74,8158,1996,496035.0,0.0,0.39343,1.170144,PRT,FIN,711319
2650796,185,74,8158,1996,0.0,8261.0,0.612035,0.880964,ROU,FIN,711319
2650797,186,74,8158,1996,0.0,726243.0,0.900185,0.47723000000000004,RUS,FIN,711319
2650798,188,74,8158,1996,6307.0,0.0,0.215265,-0.8577309999999999,SAU,FIN,711319
2650799,192,74,8158,1996,15469.0,5147.0,0.8354299999999999,0.41169799999999995,SGP,FIN,711319
2650800,206,74,8158,1996,5584.0,0.0,1.189398,1.29167,SVK,FIN,711319
2650801,208,74,8158,1996,1433833.0,2507370.0,2.133781,0.9099889999999999,SWE,FIN,711319
2650802,216,74,8158,1996,2016767.0,16425.0,0.10120599999999999,1.351967,THA,FIN,711319
2650803,224,74,8158,1996,3325.0,2551.0,0.156866,1.554023,TUR,FIN,711319
2650804,231,74,8158,1996,845558.0,284550.0,1.7110560000000001,1.125141,USA,FIN,711319
2650805,239,74,8158,1996,6375.0,0.0,-0.9336469999999999,-0.10985199999999999,VNM,FIN,711319
2650806,246,74,8158,1996,0.0,9399.0,0.456593,1.150786,ZAF,FIN,711319
2650807,249,74,8158,1996,67091.0,0.0,1.432225,1.675389,TWN,FIN,711319
2650808,5,77,8158,1996,21388.0,1411254.0,1.0490059999999999,0.6587189999999999,AND,FRA,711319
2650809,6,77,8158,1996,0.0,29335.0,0.29339,-0.572443,ANT,FRA,711319
2650810,7,77,8158,1996,2052.0,3156410.0,-0.245358,-0.726695,ARE,FRA,711319
2650811,8,77,8158,1996,86150.0,32796.0,0.167081,0.433612,ARG,FRA,711319
2650812,9,77,8158,1996,0.0,4889.0,0.8798090000000001,0.05873300000000001,ARM,FRA,711319
2650813,14,77,8158,1996,5082.0,570803.0,0.369697,0.78069,AUS,FRA,711319
2650814,15,77,8158,1996,998440.0,1021129.0,1.9216669999999998,0.659388,AUT,FRA,711319
2650815,18,77,8158,1996,3789818.0,11726436.0,1.549312,1.273767,BEL,FRA,711319
2650816,19,77,8158,1996,0.0,102104.0,-1.0032729999999999,-0.794779,BEN,FRA,711319
2650817,21,77,8158,1996,0.0,7916.0,-0.680996,-0.863442,BFA,FRA,711319
2650818,24,77,8158,1996,3960.0,208722.0,-0.062207000000000005,-0.840398,BHR,FRA,711319
2650819,25,77,8158,1996,0.0,83463.0,0.363917,-0.380614,BHS,FRA,711319
2650820,30,77,8158,1996,0.0,41658.0,1.037215,-0.408235,BMU,FRA,711319
2650821,32,77,8158,1996,359005.0,1188560.0,0.699658,1.271724,BRA,FRA,711319
2650822,33,77,8158,1996,0.0,21442.0,0.9384979999999999,0.147479,BRB,FRA,711319
2650823,34,77,8158,1996,0.0,1973205.0,-0.848331,-0.779511,BRN,FRA,711319
2650824,38,77,8158,1996,0.0,41630.0,-1.408316,-0.8695579999999999,CAF,FRA,711319
2650825,39,77,8158,1996,42035.0,870397.0,1.155706,1.1127049999999998,CAN,FRA,711319
2650826,41,77,8158,1996,145729280.0,124906288.0,2.246238,0.603288,CHE,FRA,711319
2650827,42,77,8158,1996,3096.0,220931.0,-0.052811000000000004,-0.169464,CHL,FRA,711319
2650828,43,77,8158,1996,23229172.0,40551.0,0.404422,3.061344,CHN,FRA,711319
2650829,44,77,8158,1996,4292.0,1778377.0,-0.8720459999999999,-0.7904479999999999,CIV,FRA,711319
2650830,45,77,8158,1996,0.0,612503.0,-1.4036309999999999,-1.090633,CMR,FRA,711319
2650831,46,77,8158,1996,0.0,81292.0,-1.2167,-1.086508,COD,FRA,711319
2650832,47,77,8158,1996,0.0,37856.0,-1.522142,-1.165936,COG,FRA,711319
2650833,49,77,8158,1996,3766.0,261777.0,0.136487,0.078743,COL,FRA,711319
2650834,50,77,8158,1996,0.0,86705.0,-1.007044,-0.833519,COM,FRA,711319
2650835,52,77,8158,1996,102503.0,0.0,-0.34219499999999997,0.12221900000000001,CRI,FRA,711319
2650836,57,77,8158,1996,0.0,66660.0,0.532622,-0.428501,CYM,FRA,711319
2650837,58,77,8158,1996,0.0,1335.0,0.20007,0.020590999999999998,CYP,FRA,711319
2650838,59,77,8158,1996,26528.0,138983.0,1.401181,1.3094709999999998,CZE,FRA,711319
2650839,61,77,8158,1996,17516590.0,13574124.0,2.279976,-2.572299,DEU,FRA,711319
2650840,62,77,8158,1996,0.0,25475.0,-0.20838099999999998,-0.668964,DJI,FRA,711319
2650841,64,77,8158,1996,52927.0,356700.0,1.443514,1.275684,DNK,FRA,711319
2650842,66,77,8158,1996,0.0,803884.0,-0.33419699999999997,-1.035736,DZA,FRA,711319
2650843,68,77,8158,1996,2850.0,1685.0,-0.5446409999999999,-0.229586,EGY,FRA,711319
2650844,71,77,8158,1996,19204304.0,5322819.0,1.105317,1.9473,ESP,FRA,711319
2650845,72,77,8158,1996,0.0,3537.0,0.53397,1.0877940000000001,EST,FRA,711319
2650846,74,77,8158,1996,0.0,258354.0,2.0584729999999998,1.006908,FIN,FRA,711319
2650847,80,77,8158,1996,466796.0,303528.0,-1.693615,-1.174433,GAB,FRA,711319
2650848,81,77,8158,1996,111498936.0,22426116.0,1.850284,0.883084,GBR,FRA,711319
2650849,85,77,8158,1996,0.0,1225.0,-1.2641930000000001,-1.1317409999999999,GIN,FRA,711319
2650850,90,77,8158,1996,461580.0,71233.0,0.271386,1.042608,GRC,FRA,711319
2650851,93,77,8158,1996,0.0,171119.0,-0.332901,0.23790300000000003,GTM,FRA,711319
2650852,97,77,8158,1996,12433221.0,18557842.0,0.54364,2.727659,HKG,FRA,711319
2650853,101,77,8158,1996,0.0,63176.0,-0.865218,-0.723441,HTI,FRA,711319
2650854,102,77,8158,1996,0.0,929.0,0.790036,1.891534,HUN,FRA,711319
2650855,103,77,8158,1996,7171.0,152707.0,-0.43199899999999997,1.22074,IDN,FRA,711319
2650856,104,77,8158,1996,4095334.0,19729.0,0.20685599999999998,2.317622,IND,FRA,711319
2650857,106,77,8158,1996,22078.0,84950.0,1.386011,0.9232100000000001,IRL,FRA,711319
2650858,109,77,8158,1996,0.0,10366.0,0.003558,-0.551796,ISL,FRA,711319
2650859,110,77,8158,1996,5819080.0,790326.0,1.054975,1.072965,ISR,FRA,711319
2650860,111,77,8158,1996,230795344.0,10576059.0,1.4674690000000001,1.263362,ITA,FRA,711319
2650861,112,77,8158,1996,0.0,51569.0,-0.6344350000000001,-0.814916,JAM,FRA,711319
2650862,113,77,8158,1996,228618.0,1268185.0,0.12203499999999999,-0.41859399999999997,JOR,FRA,711319
2650863,114,77,8158,1996,315968.0,63280920.0,2.615364,0.5656939999999999,JPN,FRA,711319
2650864,118,77,8158,1996,19811.0,17593.0,-1.110741,-1.089434,KHM,FRA,711319
2650865,121,77,8158,1996,1860.0,1464390.0,0.8946940000000001,1.240424,KOR,FRA,711319
2650866,122,77,8158,1996,733829.0,2098740.0,-0.27174499999999996,-1.098243,KWT,FRA,711319
2650867,124,77,8158,1996,1507060.0,2011657.0,-0.051973,0.002154,LBN,FRA,711319
2650868,125,77,8158,1996,0.0,46904.0,-0.6975779999999999,-1.0896290000000002,LBR,FRA,711319
2650869,134,77,8158,1996,381822.0,238059.0,-0.67314,-0.241242,MAR,FRA,711319
2650870,136,77,8158,1996,6231.0,338688.0,-1.213619,-0.606686,MDG,FRA,711319
2650871,138,77,8158,1996,0.0,521730.0,0.651949,0.9132170000000001,MEX,FRA,711319
2650872,139,77,8158,1996,0.0,6279.0,-0.035292000000000004,-0.660011,MHL,FRA,711319
2650873,142,77,8158,1996,21429.0,0.0,0.8825440000000001,0.066541,MLT,FRA,711319
2650874,146,77,8158,1996,0.0,2346.0,0.245321,-0.636347,MNP,FRA,711319
2650875,151,77,8158,1996,15121037.0,7975975.0,-0.538651,-0.746274,MUS,FRA,711319
2650876,153,77,8158,1996,1393.0,157892.0,0.351774,0.347262,MYS,FRA,711319
2650877,156,77,8158,1996,2189.0,1152871.0,-0.951583,-0.785157,NCL,FRA,711319
2650878,157,77,8158,1996,0.0,3038.0,-0.594771,-0.643008,NER,FRA,711319
2650879,159,77,8158,1996,0.0,480324.0,-1.813359,-1.1967,NGA,FRA,711319
2650880,162,77,8158,1996,1753234.0,5821787.0,1.256625,1.803132,NLD,FRA,711319
2650881,163,77,8158,1996,12312.0,530642.0,1.204869,0.303062,NOR,FRA,711319
2650882,164,77,8158,1996,11839.0,55554.0,-0.7390100000000001,-0.647903,NPL,FRA,711319
2650883,166,77,8158,1996,1474.0,61086.0,0.49466099999999996,0.8302879999999999,NZL,FRA,711319
2650884,167,77,8158,1996,0.0,772163.0,-0.10243499999999998,-0.8425879999999999,OMN,FRA,711319
2650885,168,77,8158,1996,10474.0,44416.0,-0.7543300000000001,-0.393654,PAK,FRA,711319
2650886,169,77,8158,1996,0.0,51380.0,-0.100537,-0.374129,PAN,FRA,711319
2650887,174,77,8158,1996,0.0,84705.0,-0.276548,0.344986,PHL,FRA,711319
2650888,177,77,8158,1996,382850.0,2622.0,0.795489,1.9004729999999999,POL,FRA,711319
2650889,179,77,8158,1996,4666228.0,4380168.0,0.39343,1.170144,PRT,FRA,711319
2650890,180,77,8158,1996,0.0,10259.0,-0.506178,-0.712851,PRY,FRA,711319
2650891,182,77,8158,1996,9419.0,3706047.0,0.845308,-0.31763,PYF,FRA,711319
2650892,183,77,8158,1996,13953.0,88170.0,-0.48203500000000005,-1.117173,QAT,FRA,711319
2650893,186,77,8158,1996,27948.0,519086.0,0.900185,0.47723000000000004,RUS,FRA,711319
2650894,188,77,8158,1996,240873.0,4609446.0,0.215265,-0.8577309999999999,SAU,FRA,711319
2650895,191,77,8158,1996,10344.0,64488.0,-0.619785,-0.712171,SEN,FRA,711319
2650896,192,77,8158,1996,811307.0,2634086.0,0.8354299999999999,0.41169799999999995,SGP,FRA,711319
2650897,197,77,8158,1996,0.0,17004.0,-0.24968800000000002,-0.121995,SLV,FRA,711319
2650898,200,77,8158,1996,0.0,33066.0,-0.083964,-0.600418,SPM,FRA,711319
2650899,206,77,8158,1996,0.0,7205.0,1.189398,1.29167,SVK,FRA,711319
2650900,208,77,8158,1996,0.0,1092471.0,2.133781,0.9099889999999999,SWE,FRA,711319
2650901,211,77,8158,1996,5747.0,176911.0,0.239125,-0.458433,SYC,FRA,711319
2650902,212,77,8158,1996,56190.0,137771.0,-1.100666,-0.90038,SYR,FRA,711319
2650903,214,77,8158,1996,0.0,135137.0,-0.8289059999999999,-0.688122,TCD,FRA,711319
2650904,215,77,8158,1996,1768.0,120195.0,-0.9070459999999999,-0.7702399999999999,TGO,FRA,711319
2650905,216,77,8158,1996,32496136.0,720168.0,0.10120599999999999,1.351967,THA,FRA,711319
2650906,223,77,8158,1996,0.0,192054.0,-0.28546,-0.089051,TUN,FRA,711319
2650907,224,77,8158,1996,1340225.0,664780.0,0.156866,1.554023,TUR,FRA,711319
2650908,230,77,8158,1996,0.0,89337.0,0.171541,0.313934,URY,FRA,711319
2650909,231,77,8158,1996,30303432.0,28471394.0,1.7110560000000001,1.125141,USA,FRA,711319
2650910,236,77,8158,1996,0.0,29139.0,0.07086100000000001,-0.761307,VEN,FRA,711319
2650911,239,77,8158,1996,8314148.0,1985085.0,-0.9336469999999999,-0.10985199999999999,VNM,FRA,711319
2650912,240,77,8158,1996,9125.0,0.0,-0.933351,-0.824783,VUT,FRA,711319
2650913,241,77,8158,1996,0.0,10229.0,0.9072549999999999,-0.5177430000000001,WLF,FRA,711319
2650914,246,77,8158,1996,17620.0,51627.0,0.456593,1.150786,ZAF,FRA,711319
2650915,249,77,8158,1996,3760695.0,9809463.0,1.432225,1.675389,TWN,FRA,711319
2650916,250,77,8158,1996,172179.0,39483.0,1.084978,0.901755,ANS,FRA,711319
2650917,41,80,8158,1996,2280.0,0.0,2.246238,0.603288,CHE,GAB,711319
2650918,77,80,8158,1996,303528.0,466796.0,1.69082,0.721312,FRA,GAB,711319
2650919,81,80,8158,1996,2519.0,0.0,1.850284,0.883084,GBR,GAB,711319
2650920,111,80,8158,1996,129572.0,0.0,1.4674690000000001,1.263362,ITA,GAB,711319
2650921,246,80,8158,1996,89319.0,0.0,0.456593,1.150786,ZAF,GAB,711319
2650922,2,81,8158,1996,0.0,11466.0,-2.3109900000000003,-1.172849,AGO,GBR,711319
2650923,5,81,8158,1996,0.0,535551.0,1.0490059999999999,0.6587189999999999,AND,GBR,711319
2650924,6,81,8158,1996,0.0,3415.0,0.29339,-0.572443,ANT,GBR,711319
2650925,7,81,8158,1996,70801840.0,62626192.0,-0.245358,-0.726695,ARE,GBR,711319
2650926,8,81,8158,1996,23587.0,1274.0,0.167081,0.433612,ARG,GBR,711319
2650927,13,81,8158,1996,0.0,19005.0,0.408319,-0.21640700000000002,ATG,GBR,711319
2650928,14,81,8158,1996,570467.0,4143140.0,0.369697,0.78069,AUS,GBR,711319
2650929,15,81,8158,1996,180970.0,2353820.0,1.9216669999999998,0.659388,AUT,GBR,711319
2650930,18,81,8158,1996,1515117.0,2019146.0,1.549312,1.273767,BEL,GBR,711319
2650931,21,81,8158,1996,173625.0,0.0,-0.680996,-0.863442,BFA,GBR,711319
2650932,22,81,8158,1996,31514.0,3184.0,-1.060876,-1.05104,BGD,GBR,711319
2650933,24,81,8158,1996,2059745.0,2807826.0,-0.062207000000000005,-0.840398,BHR,GBR,711319
2650934,25,81,8158,1996,2805.0,20473.0,0.363917,-0.380614,BHS,GBR,711319
2650935,26,81,8158,1996,0.0,125966.0,0.679466,0.730425,BIH,GBR,711319
2650936,30,81,8158,1996,2598.0,109253.0,1.037215,-0.408235,BMU,GBR,711319
2650937,32,81,8158,1996,314828.0,2788824.0,0.699658,1.271724,BRA,GBR,711319
2650938,33,81,8158,1996,0.0,14170.0,0.9384979999999999,0.147479,BRB,GBR,711319
2650939,34,81,8158,1996,247453072.0,325509088.0,-0.848331,-0.779511,BRN,GBR,711319
2650940,39,81,8158,1996,348818.0,1713150.0,1.155706,1.1127049999999998,CAN,GBR,711319
2650941,41,81,8158,1996,161512320.0,242092176.0,2.246238,0.603288,CHE,GBR,711319
2650942,42,81,8158,1996,0.0,877282.0,-0.052811000000000004,-0.169464,CHL,GBR,711319
2650943,43,81,8158,1996,586500.0,290652.0,0.404422,3.061344,CHN,GBR,711319
2650944,44,81,8158,1996,227408.0,33767.0,-0.8720459999999999,-0.7904479999999999,CIV,GBR,711319
2650945,48,81,8158,1996,0.0,5072.0,0.053446,-0.556272,COK,GBR,711319
2650946,49,81,8158,1996,0.0,1151.0,0.136487,0.078743,COL,GBR,711319
2650947,54,81,8158,1996,15880.0,15261.0,-0.555246,-1.0420479999999999,CUB,GBR,711319
2650948,57,81,8158,1996,0.0,78378.0,0.532622,-0.428501,CYM,GBR,711319
2650949,58,81,8158,1996,101655.0,180846.0,0.20007,0.020590999999999998,CYP,GBR,711319
2650950,59,81,8158,1996,123763.0,94642.0,1.401181,1.3094709999999998,CZE,GBR,711319
2650951,61,81,8158,1996,20154936.0,8455981.0,2.279976,-2.572299,DEU,GBR,711319
2650952,64,81,8158,1996,59131.0,532877.0,1.443514,1.275684,DNK,GBR,711319
2650953,65,81,8158,1996,0.0,30354.0,-0.596093,-0.5602060000000001,DOM,GBR,711319
2650954,68,81,8158,1996,0.0,65955.0,-0.5446409999999999,-0.229586,EGY,GBR,711319
2650955,71,81,8158,1996,4521634.0,946561.0,1.105317,1.9473,ESP,GBR,711319
2650956,72,81,8158,1996,0.0,16722.0,0.53397,1.0877940000000001,EST,GBR,711319
2650957,74,81,8158,1996,96554.0,1034842.0,2.0584729999999998,1.006908,FIN,GBR,711319
2650958,77,81,8158,1996,22426116.0,111498936.0,1.69082,0.721312,FRA,GBR,711319
2650959,78,81,8158,1996,0.0,698.0,-0.252693,-0.714691,FRO,GBR,711319
2650960,80,81,8158,1996,0.0,2519.0,-1.693615,-1.174433,GAB,GBR,711319
2650961,82,81,8158,1996,0.0,492.0,0.5383020000000001,0.167596,GEO,GBR,711319
2650962,83,81,8158,1996,0.0,3310802.0,-1.035244,-0.9834129999999999,GHA,GBR,711319
2650963,84,81,8158,1996,0.0,255138.0,0.932001,-0.20733400000000002,GIB,GBR,711319
2650964,90,81,8158,1996,803450.0,419922.0,0.271386,1.042608,GRC,GBR,711319
2650965,91,81,8158,1996,0.0,2379.0,0.285534,-0.37242600000000003,GRD,GBR,711319
2650966,92,81,8158,1996,0.0,770.0,-0.8826879999999999,-0.777868,GRL,GBR,711319
2650967,96,81,8158,1996,0.0,1605.0,-0.567617,-0.766822,GUY,GBR,711319
2650968,97,81,8158,1996,119477240.0,38594688.0,0.54364,2.727659,HKG,GBR,711319
2650969,100,81,8158,1996,0.0,46467.0,0.772706,1.1075270000000002,HRV,GBR,711319
2650970,102,81,8158,1996,17544.0,4078.0,0.790036,1.891534,HUN,GBR,711319
2650971,103,81,8158,1996,5973627.0,2643712.0,-0.43199899999999997,1.22074,IDN,GBR,711319
2650972,104,81,8158,1996,55991300.0,1476993.0,0.20685599999999998,2.317622,IND,GBR,711319
2650973,106,81,8158,1996,506436.0,25470030.0,1.386011,0.9232100000000001,IRL,GBR,711319
2650974,107,81,8158,1996,0.0,20909.0,-0.7496649999999999,-1.1173520000000001,IRN,GBR,711319
2650975,109,81,8158,1996,0.0,352617.0,0.003558,-0.551796,ISL,GBR,711319
2650976,110,81,8158,1996,16142674.0,434623.0,1.054975,1.072965,ISR,GBR,711319
2650977,111,81,8158,1996,208708272.0,18577324.0,1.4674690000000001,1.263362,ITA,GBR,711319
2650978,112,81,8158,1996,0.0,10300.0,-0.6344350000000001,-0.814916,JAM,GBR,711319
2650979,114,81,8158,1996,388643.0,6567685.0,2.615364,0.5656939999999999,JPN,GBR,711319
2650980,115,81,8158,1996,0.0,32203.0,0.48902799999999996,0.154932,KAZ,GBR,711319
2650981,116,81,8158,1996,1420.0,654098.0,-0.468322,-0.017625,KEN,GBR,711319
2650982,121,81,8158,1996,263923.0,761210.0,0.8946940000000001,1.240424,KOR,GBR,711319
2650983,122,81,8158,1996,9470286.0,11231373.0,-0.27174499999999996,-1.098243,KWT,GBR,711319
2650984,123,81,8158,1996,0.0,10466.0,-0.751092,-0.8680209999999999,LAO,GBR,711319
2650985,124,81,8158,1996,44192.0,323318.0,-0.051973,0.002154,LBN,GBR,711319
2650986,127,81,8158,1996,0.0,1878.0,0.016224000000000002,-0.664312,LCA,GBR,711319
2650987,128,81,8158,1996,125391.0,17633.0,-0.812763,-0.188722,LKA,GBR,711319
2650988,130,81,8158,1996,0.0,675.0,0.40520500000000004,0.9465950000000001,LTU,GBR,711319
2650989,132,81,8158,1996,16347.0,2953.0,0.33418600000000004,0.1615,LVA,GBR,711319
2650990,138,81,8158,1996,118256.0,1786.0,0.651949,0.9132170000000001,MEX,GBR,711319
2650991,142,81,8158,1996,49002.0,26295.0,0.8825440000000001,0.066541,MLT,GBR,711319
2650992,151,81,8158,1996,68965.0,85857.0,-0.538651,-0.746274,MUS,GBR,711319
2650993,153,81,8158,1996,1630017.0,4905184.0,0.351774,0.347262,MYS,GBR,711319
2650994,156,81,8158,1996,0.0,4104.0,-0.951583,-0.785157,NCL,GBR,711319
2650995,159,81,8158,1996,0.0,170388.0,-1.813359,-1.1967,NGA,GBR,711319
2650996,162,81,8158,1996,2253703.0,4145264.0,1.256625,1.803132,NLD,GBR,711319
2650997,163,81,8158,1996,87371.0,1849207.0,1.204869,0.303062,NOR,GBR,711319
2650998,164,81,8158,1996,3583.0,0.0,-0.7390100000000001,-0.647903,NPL,GBR,711319
2650999,166,81,8158,1996,39134.0,312127.0,0.49466099999999996,0.8302879999999999,NZL,GBR,711319
2651000,167,81,8158,1996,160246.0,71921.0,-0.10243499999999998,-0.8425879999999999,OMN,GBR,711319
2651001,168,81,8158,1996,1514075.0,651987.0,-0.7543300000000001,-0.393654,PAK,GBR,711319
2651002,174,81,8158,1996,0.0,17179.0,-0.276548,0.344986,PHL,GBR,711319
2651003,177,81,8158,1996,54019.0,8386.0,0.795489,1.9004729999999999,POL,GBR,711319
2651004,179,81,8158,1996,479430.0,327578.0,0.39343,1.170144,PRT,GBR,711319
2651005,180,81,8158,1996,0.0,21439.0,-0.506178,-0.712851,PRY,GBR,711319
2651006,182,81,8158,1996,0.0,14747.0,0.845308,-0.31763,PYF,GBR,711319
2651007,183,81,8158,1996,14080.0,12403434.0,-0.48203500000000005,-1.117173,QAT,GBR,711319
2651008,186,81,8158,1996,155833.0,38192.0,0.900185,0.47723000000000004,RUS,GBR,711319
2651009,188,81,8158,1996,756446.0,3946240.0,0.215265,-0.8577309999999999,SAU,GBR,711319
2651010,190,81,8158,1996,0.0,17888.0,-1.4146459999999998,-1.181707,SDN,GBR,711319
2651011,192,81,8158,1996,132189176.0,245493552.0,0.8354299999999999,0.41169799999999995,SGP,GBR,711319
2651012,207,81,8158,1996,74209.0,1322.0,1.409184,1.37245,SVN,GBR,711319
2651013,208,81,8158,1996,200578.0,1321311.0,2.133781,0.9099889999999999,SWE,GBR,711319
2651014,211,81,8158,1996,0.0,24942.0,0.239125,-0.458433,SYC,GBR,711319
2651015,215,81,8158,1996,0.0,9527.0,-0.9070459999999999,-0.7702399999999999,TGO,GBR,711319
2651016,216,81,8158,1996,18552770.0,12965672.0,0.10120599999999999,1.351967,THA,GBR,711319
2651017,222,81,8158,1996,0.0,1309.0,0.19111,-0.488382,TTO,GBR,711319
2651018,223,81,8158,1996,0.0,1196.0,-0.28546,-0.089051,TUN,GBR,711319
2651019,224,81,8158,1996,751826.0,463666.0,0.156866,1.554023,TUR,GBR,711319
2651020,226,81,8158,1996,0.0,81490.0,-1.391534,-0.907436,TZA,GBR,711319
2651021,227,81,8158,1996,0.0,263705.0,-0.931124,-0.925523,UGA,GBR,711319
2651022,228,81,8158,1996,44709.0,95468.0,0.896537,0.9241459999999999,UKR,GBR,711319
2651023,230,81,8158,1996,0.0,2025.0,0.171541,0.313934,URY,GBR,711319
2651024,231,81,8158,1996,37311472.0,45820920.0,1.7110560000000001,1.125141,USA,GBR,711319
2651025,236,81,8158,1996,0.0,184137.0,0.07086100000000001,-0.761307,VEN,GBR,711319
2651026,237,81,8158,1996,0.0,25855.0,0.602529,-0.280171,VGB,GBR,711319
2651027,240,81,8158,1996,0.0,1238.0,-0.933351,-0.824783,VUT,GBR,711319
2651028,246,81,8158,1996,907094.0,418159.0,0.456593,1.150786,ZAF,GBR,711319
2651029,247,81,8158,1996,0.0,161986.0,-0.340956,-0.714009,ZMB,GBR,711319
2651030,248,81,8158,1996,0.0,13865.0,-0.393769,-0.34379,ZWE,GBR,711319
2651031,249,81,8158,1996,58281.0,316330.0,1.432225,1.675389,TWN,GBR,711319
2651032,250,81,8158,1996,0.0,44437.0,1.084978,0.901755,ANS,GBR,711319
2651033,7,90,8158,1996,199787.0,156628.0,-0.245358,-0.726695,ARE,GRC,711319
2651034,14,90,8158,1996,1154.0,64971.0,0.369697,0.78069,AUS,GRC,711319
2651035,15,90,8158,1996,22991.0,324365.0,1.9216669999999998,0.659388,AUT,GRC,711319
2651036,18,90,8158,1996,69897.0,29170.0,1.549312,1.273767,BEL,GRC,711319
2651037,23,90,8158,1996,0.0,18800.0,0.544265,1.523408,BGR,GRC,711319
2651038,25,90,8158,1996,0.0,224201.0,0.363917,-0.380614,BHS,GRC,711319
2651039,39,90,8158,1996,0.0,37220.0,1.155706,1.1127049999999998,CAN,GRC,711319
2651040,41,90,8158,1996,2007499.0,474969.0,2.246238,0.603288,CHE,GRC,711319
2651041,43,90,8158,1996,90740.0,0.0,0.404422,3.061344,CHN,GRC,711319
2651042,58,90,8158,1996,51175.0,294748.0,0.20007,0.020590999999999998,CYP,GRC,711319
2651043,59,90,8158,1996,5103.0,29792.0,1.401181,1.3094709999999998,CZE,GRC,711319
2651044,61,90,8158,1996,1869227.0,957809.0,2.279976,-2.572299,DEU,GRC,711319
2651045,64,90,8158,1996,0.0,179432.0,1.443514,1.275684,DNK,GRC,711319
2651046,68,90,8158,1996,0.0,2285.0,-0.5446409999999999,-0.229586,EGY,GRC,711319
2651047,71,90,8158,1996,330562.0,392062.0,1.105317,1.9473,ESP,GRC,711319
2651048,77,90,8158,1996,71233.0,461580.0,1.69082,0.721312,FRA,GRC,711319
2651049,81,90,8158,1996,419922.0,803450.0,1.850284,0.883084,GBR,GRC,711319
2651050,97,90,8158,1996,252788.0,46300.0,0.54364,2.727659,HKG,GRC,711319
2651051,102,90,8158,1996,2547.0,23947.0,0.790036,1.891534,HUN,GRC,711319
2651052,103,90,8158,1996,4304.0,0.0,-0.43199899999999997,1.22074,IDN,GRC,711319
2651053,104,90,8158,1996,63758.0,0.0,0.20685599999999998,2.317622,IND,GRC,711319
2651054,110,90,8158,1996,424187.0,77875.0,1.054975,1.072965,ISR,GRC,711319
2651055,111,90,8158,1996,29431044.0,398528.0,1.4674690000000001,1.263362,ITA,GRC,711319
2651056,114,90,8158,1996,31489.0,2086756.0,2.615364,0.5656939999999999,JPN,GRC,711319
2651057,121,90,8158,1996,0.0,35982.0,0.8946940000000001,1.240424,KOR,GRC,711319
2651058,138,90,8158,1996,0.0,49001.0,0.651949,0.9132170000000001,MEX,GRC,711319
2651059,153,90,8158,1996,349339.0,0.0,0.351774,0.347262,MYS,GRC,711319
2651060,162,90,8158,1996,52983.0,70283.0,1.256625,1.803132,NLD,GRC,711319
2651061,163,90,8158,1996,0.0,2118.0,1.204869,0.303062,NOR,GRC,711319
2651062,179,90,8158,1996,47951.0,263958.0,0.39343,1.170144,PRT,GRC,711319
2651063,185,90,8158,1996,0.0,39273.0,0.612035,0.880964,ROU,GRC,711319
2651064,188,90,8158,1996,0.0,14144.0,0.215265,-0.8577309999999999,SAU,GRC,711319
2651065,216,90,8158,1996,1640773.0,4208.0,0.10120599999999999,1.351967,THA,GRC,711319
2651066,231,90,8158,1996,501753.0,1706568.0,1.7110560000000001,1.125141,USA,GRC,711319
2651067,243,90,8158,1996,297186.0,312245.0,-1.304556,-1.200523,YEM,GRC,711319
2651068,246,90,8158,1996,1951.0,0.0,0.456593,1.150786,ZAF,GRC,711319
2651069,249,90,8158,1996,0.0,334016.0,1.432225,1.675389,TWN,GRC,711319
2651070,18,93,8158,1996,19748.0,0.0,1.549312,1.273767,BEL,GTM,711319
2651071,32,93,8158,1996,761.0,0.0,0.699658,1.271724,BRA,GTM,711319
2651072,41,93,8158,1996,10558.0,0.0,2.246238,0.603288,CHE,GTM,711319
2651073,52,93,8158,1996,34711.0,0.0,-0.34219499999999997,0.12221900000000001,CRI,GTM,711319
2651074,61,93,8158,1996,57396.0,0.0,2.279976,-2.572299,DEU,GTM,711319
2651075,71,93,8158,1996,78154.0,0.0,1.105317,1.9473,ESP,GTM,711319
2651076,77,93,8158,1996,171119.0,0.0,1.69082,0.721312,FRA,GTM,711319
2651077,111,93,8158,1996,696715.0,0.0,1.4674690000000001,1.263362,ITA,GTM,711319
2651078,138,93,8158,1996,95876.0,0.0,0.651949,0.9132170000000001,MEX,GTM,711319
2651079,169,93,8158,1996,18439.0,0.0,-0.100537,-0.374129,PAN,GTM,711319
2651080,197,93,8158,1996,15975.0,15251.0,-0.24968800000000002,-0.121995,SLV,GTM,711319
2651081,216,93,8158,1996,40854.0,0.0,0.10120599999999999,1.351967,THA,GTM,711319
2651082,231,93,8158,1996,214516.0,9162.0,1.7110560000000001,1.125141,USA,GTM,711319
2651083,0,97,8158,1996,0.0,835153.0,-0.681487,-0.70999,ABW,HKG,711319
2651084,5,97,8158,1996,0.0,162167.0,1.0490059999999999,0.6587189999999999,AND,HKG,711319
2651085,6,97,8158,1996,5412.0,681335.0,0.29339,-0.572443,ANT,HKG,711319
2651086,7,97,8158,1996,6065472.0,10374521.0,-0.245358,-0.726695,ARE,HKG,711319
2651087,8,97,8158,1996,0.0,43426.0,0.167081,0.433612,ARG,HKG,711319
2651088,14,97,8158,1996,2837734.0,5465587.0,0.369697,0.78069,AUS,HKG,711319
2651089,15,97,8158,1996,289047.0,5406194.0,1.9216669999999998,0.659388,AUT,HKG,711319
2651090,18,97,8158,1996,1191150.0,1650200.0,1.549312,1.273767,BEL,HKG,711319
2651091,24,97,8158,1996,2266296.0,445440.0,-0.062207000000000005,-0.840398,BHR,HKG,711319
2651092,25,97,8158,1996,235344.0,6923329.0,0.363917,-0.380614,BHS,HKG,711319
2651093,30,97,8158,1996,32316.0,1193263.0,1.037215,-0.408235,BMU,HKG,711319
2651094,32,97,8158,1996,1224265.0,187690.0,0.699658,1.271724,BRA,HKG,711319
2651095,33,97,8158,1996,0.0,281490.0,0.9384979999999999,0.147479,BRB,HKG,711319
2651096,39,97,8158,1996,690225.0,6579960.0,1.155706,1.1127049999999998,CAN,HKG,711319
2651097,41,97,8158,1996,156913408.0,96572920.0,2.246238,0.603288,CHE,HKG,711319
2651098,42,97,8158,1996,0.0,5121.0,-0.052811000000000004,-0.169464,CHL,HKG,711319
2651099,43,97,8158,1996,177089424.0,13539813.0,0.404422,3.061344,CHN,HKG,711319
2651100,49,97,8158,1996,755628.0,6196.0,0.136487,0.078743,COL,HKG,711319
2651101,58,97,8158,1996,0.0,125843.0,0.20007,0.020590999999999998,CYP,HKG,711319
2651102,59,97,8158,1996,0.0,1296.0,1.401181,1.3094709999999998,CZE,HKG,711319
2651103,61,97,8158,1996,23252364.0,36173664.0,2.279976,-2.572299,DEU,HKG,711319
2651104,64,97,8158,1996,203374.0,547620.0,1.443514,1.275684,DNK,HKG,711319
2651105,71,97,8158,1996,1483936.0,1513460.0,1.105317,1.9473,ESP,HKG,711319
2651106,72,97,8158,1996,0.0,948.0,0.53397,1.0877940000000001,EST,HKG,711319
2651107,74,97,8158,1996,39827.0,246246.0,2.0584729999999998,1.006908,FIN,HKG,711319
2651108,75,97,8158,1996,0.0,79977.0,-0.7977,-0.9271879999999999,FJI,HKG,711319
2651109,77,97,8158,1996,18557842.0,12433221.0,1.69082,0.721312,FRA,HKG,711319
2651110,81,97,8158,1996,38594688.0,119477240.0,1.850284,0.883084,GBR,HKG,711319
2651111,84,97,8158,1996,0.0,108404.0,0.932001,-0.20733400000000002,GIB,HKG,711319
2651112,90,97,8158,1996,46300.0,252788.0,0.271386,1.042608,GRC,HKG,711319
2651113,103,97,8158,1996,11408425.0,2573.0,-0.43199899999999997,1.22074,IDN,HKG,711319
2651114,104,97,8158,1996,33797468.0,1379748.0,0.20685599999999998,2.317622,IND,HKG,711319
2651115,106,97,8158,1996,0.0,140744.0,1.386011,0.9232100000000001,IRL,HKG,711319
2651116,109,97,8158,1996,0.0,17076.0,0.003558,-0.551796,ISL,HKG,711319
2651117,110,97,8158,1996,999909.0,347193.0,1.054975,1.072965,ISR,HKG,711319
2651118,111,97,8158,1996,263796528.0,3000012.0,1.4674690000000001,1.263362,ITA,HKG,711319
2651119,112,97,8158,1996,58907.0,368801.0,-0.6344350000000001,-0.814916,JAM,HKG,711319
2651120,114,97,8158,1996,26999898.0,168898752.0,2.615364,0.5656939999999999,JPN,HKG,711319
2651121,121,97,8158,1996,1431961.0,2268121.0,0.8946940000000001,1.240424,KOR,HKG,711319
2651122,122,97,8158,1996,230922.0,2076757.0,-0.27174499999999996,-1.098243,KWT,HKG,711319
2651123,124,97,8158,1996,94236.0,193946.0,-0.051973,0.002154,LBN,HKG,711319
2651124,128,97,8158,1996,42907.0,3434.0,-0.812763,-0.188722,LKA,HKG,711319
2651125,133,97,8158,1996,256475.0,2069577.0,-0.23007399999999997,-0.34139400000000003,MAC,HKG,711319
2651126,136,97,8158,1996,0.0,29764.0,-1.213619,-0.606686,MDG,HKG,711319
2651127,137,97,8158,1996,21928.0,4160.0,-1.107903,-1.016442,MDV,HKG,711319
2651128,138,97,8158,1996,0.0,154639.0,0.651949,0.9132170000000001,MEX,HKG,711319
2651129,142,97,8158,1996,0.0,159352.0,0.8825440000000001,0.066541,MLT,HKG,711319
2651130,148,97,8158,1996,0.0,76061.0,-1.352902,-1.19204,MRT,HKG,711319
2651131,151,97,8158,1996,63060.0,1364586.0,-0.538651,-0.746274,MUS,HKG,711319
2651132,153,97,8158,1996,21058946.0,3090138.0,0.351774,0.347262,MYS,HKG,711319
2651133,156,97,8158,1996,83164.0,49702.0,-0.951583,-0.785157,NCL,HKG,711319
2651134,162,97,8158,1996,75688.0,6380304.0,1.256625,1.803132,NLD,HKG,711319
2651135,163,97,8158,1996,230377.0,1246038.0,1.204869,0.303062,NOR,HKG,711319
2651136,165,97,8158,1996,0.0,33675.0,1.24021,-0.442279,NRU,HKG,711319
2651137,166,97,8158,1996,160092.0,170845.0,0.49466099999999996,0.8302879999999999,NZL,HKG,711319
2651138,167,97,8158,1996,21412.0,384307.0,-0.10243499999999998,-0.8425879999999999,OMN,HKG,711319
2651139,169,97,8158,1996,100318.0,1571021.0,-0.100537,-0.374129,PAN,HKG,711319
2651140,173,97,8158,1996,0.0,6944.0,-0.43761000000000005,-0.28077399999999997,PER,HKG,711319
2651141,174,97,8158,1996,107993.0,126780.0,-0.276548,0.344986,PHL,HKG,711319
2651142,179,97,8158,1996,0.0,291704.0,0.39343,1.170144,PRT,HKG,711319
2651143,180,97,8158,1996,0.0,8274.0,-0.506178,-0.712851,PRY,HKG,711319
2651144,182,97,8158,1996,47695.0,105028.0,0.845308,-0.31763,PYF,HKG,711319
2651145,183,97,8158,1996,96538.0,828223.0,-0.48203500000000005,-1.117173,QAT,HKG,711319
2651146,186,97,8158,1996,21140.0,4359.0,0.900185,0.47723000000000004,RUS,HKG,711319
2651147,188,97,8158,1996,204350.0,474856.0,0.215265,-0.8577309999999999,SAU,HKG,711319
2651148,192,97,8158,1996,45620104.0,213427376.0,0.8354299999999999,0.41169799999999995,SGP,HKG,711319
2651149,205,97,8158,1996,1981.0,0.0,-0.93463,-0.797197,SUR,HKG,711319
2651150,208,97,8158,1996,12934.0,419917.0,2.133781,0.9099889999999999,SWE,HKG,711319
2651151,216,97,8158,1996,21222828.0,9319210.0,0.10120599999999999,1.351967,THA,HKG,711319
2651152,224,97,8158,1996,177916.0,0.0,0.156866,1.554023,TUR,HKG,711319
2651153,230,97,8158,1996,0.0,29793.0,0.171541,0.313934,URY,HKG,711319
2651154,231,97,8158,1996,100515992.0,335315520.0,1.7110560000000001,1.125141,USA,HKG,711319
2651155,236,97,8158,1996,0.0,13474.0,0.07086100000000001,-0.761307,VEN,HKG,711319
2651156,239,97,8158,1996,1277571.0,0.0,-0.9336469999999999,-0.10985199999999999,VNM,HKG,711319
2651157,246,97,8158,1996,19763.0,1116324.0,0.456593,1.150786,ZAF,HKG,711319
2651158,249,97,8158,1996,7090240.0,41616824.0,1.432225,1.675389,TWN,HKG,711319
2651159,250,97,8158,1996,1150992.0,4846067.0,1.084978,0.901755,ANS,HKG,711319
2651160,169,99,8158,1996,17606.0,0.0,-0.100537,-0.374129,PAN,HND,711319
2651161,231,99,8158,1996,59101.0,3979.0,1.7110560000000001,1.125141,USA,HND,711319
2651162,14,106,8158,1996,2402.0,3128.0,0.369697,0.78069,AUS,IRL,711319
2651163,39,106,8158,1996,5877.0,7691.0,1.155706,1.1127049999999998,CAN,IRL,711319
2651164,41,106,8158,1996,157045.0,269534.0,2.246238,0.603288,CHE,IRL,711319
2651165,43,106,8158,1996,173798.0,0.0,0.404422,3.061344,CHN,IRL,711319
2651166,61,106,8158,1996,687121.0,25959.0,2.279976,-2.572299,DEU,IRL,711319
2651167,71,106,8158,1996,488756.0,0.0,1.105317,1.9473,ESP,IRL,711319
2651168,77,106,8158,1996,84950.0,22078.0,1.69082,0.721312,FRA,IRL,711319
2651169,81,106,8158,1996,25470030.0,506436.0,1.850284,0.883084,GBR,IRL,711319
2651170,97,106,8158,1996,140744.0,0.0,0.54364,2.727659,HKG,IRL,711319
2651171,104,106,8158,1996,7247.0,0.0,0.20685599999999998,2.317622,IND,IRL,711319
2651172,110,106,8158,1996,289703.0,14470.0,1.054975,1.072965,ISR,IRL,711319
2651173,111,106,8158,1996,4588830.0,7137.0,1.4674690000000001,1.263362,ITA,IRL,711319
2651174,121,106,8158,1996,1251.0,0.0,0.8946940000000001,1.240424,KOR,IRL,711319
2651175,128,106,8158,1996,8206.0,0.0,-0.812763,-0.188722,LKA,IRL,711319
2651176,132,106,8158,1996,190420.0,0.0,0.33418600000000004,0.1615,LVA,IRL,711319
2651177,138,106,8158,1996,8916.0,0.0,0.651949,0.9132170000000001,MEX,IRL,711319
2651178,162,106,8158,1996,0.0,73584.0,1.256625,1.803132,NLD,IRL,711319
2651179,163,106,8158,1996,1364.0,0.0,1.204869,0.303062,NOR,IRL,711319
2651180,166,106,8158,1996,1725.0,0.0,0.49466099999999996,0.8302879999999999,NZL,IRL,711319
2651181,179,106,8158,1996,13909.0,0.0,0.39343,1.170144,PRT,IRL,711319
2651182,192,106,8158,1996,8972.0,1262.0,0.8354299999999999,0.41169799999999995,SGP,IRL,711319
2651183,208,106,8158,1996,0.0,2040.0,2.133781,0.9099889999999999,SWE,IRL,711319
2651184,216,106,8158,1996,630693.0,0.0,0.10120599999999999,1.351967,THA,IRL,711319
2651185,231,106,8158,1996,110516.0,1313855.0,1.7110560000000001,1.125141,USA,IRL,711319
2651186,246,106,8158,1996,24472.0,0.0,0.456593,1.150786,ZAF,IRL,711319
2651187,249,106,8158,1996,8767.0,0.0,1.432225,1.675389,TWN,IRL,711319
2651188,6,110,8158,1996,0.0,96000.0,0.29339,-0.572443,ANT,ISR,711319
2651189,8,110,8158,1996,0.0,88748.0,0.167081,0.433612,ARG,ISR,711319
2651190,14,110,8158,1996,17882.0,1466174.0,0.369697,0.78069,AUS,ISR,711319
2651191,15,110,8158,1996,992662.0,3668218.0,1.9216669999999998,0.659388,AUT,ISR,711319
2651192,18,110,8158,1996,4612269.0,1022126.0,1.549312,1.273767,BEL,ISR,711319
2651193,25,110,8158,1996,0.0,82000.0,0.363917,-0.380614,BHS,ISR,711319
2651194,28,110,8158,1996,0.0,329517.0,0.7285550000000001,0.660716,BLR,ISR,711319
2651195,30,110,8158,1996,0.0,13000.0,1.037215,-0.408235,BMU,ISR,711319
2651196,32,110,8158,1996,0.0,81270.0,0.699658,1.271724,BRA,ISR,711319
2651197,33,110,8158,1996,0.0,44000.0,0.9384979999999999,0.147479,BRB,ISR,711319
2651198,39,110,8158,1996,9332.0,595746.0,1.155706,1.1127049999999998,CAN,ISR,711319
2651199,41,110,8158,1996,3131078.0,6973242.0,2.246238,0.603288,CHE,ISR,711319
2651200,44,110,8158,1996,0.0,81654.0,-0.8720459999999999,-0.7904479999999999,CIV,ISR,711319
2651201,49,110,8158,1996,0.0,264361.0,0.136487,0.078743,COL,ISR,711319
2651202,57,110,8158,1996,0.0,69000.0,0.532622,-0.428501,CYM,ISR,711319
2651203,58,110,8158,1996,2906.0,3771.0,0.20007,0.020590999999999998,CYP,ISR,711319
2651204,59,110,8158,1996,166437.0,2379764.0,1.401181,1.3094709999999998,CZE,ISR,711319
2651205,61,110,8158,1996,6332855.0,14970713.0,2.279976,-2.572299,DEU,ISR,711319
2651206,62,110,8158,1996,977612.0,1914000.0,-0.20838099999999998,-0.668964,DJI,ISR,711319
2651207,64,110,8158,1996,3073.0,175177.0,1.443514,1.275684,DNK,ISR,711319
2651208,68,110,8158,1996,0.0,64538.0,-0.5446409999999999,-0.229586,EGY,ISR,711319
2651209,71,110,8158,1996,189393.0,1656120.0,1.105317,1.9473,ESP,ISR,711319
2651210,72,110,8158,1996,0.0,269315.0,0.53397,1.0877940000000001,EST,ISR,711319
2651211,74,110,8158,1996,124655.0,1858278.0,2.0584729999999998,1.006908,FIN,ISR,711319
2651212,77,110,8158,1996,790326.0,5819080.0,1.69082,0.721312,FRA,ISR,711319
2651213,81,110,8158,1996,434623.0,16142674.0,1.850284,0.883084,GBR,ISR,711319
2651214,82,110,8158,1996,0.0,10236.0,0.5383020000000001,0.167596,GEO,ISR,711319
2651215,84,110,8158,1996,0.0,69000.0,0.932001,-0.20733400000000002,GIB,ISR,711319
2651216,90,110,8158,1996,77875.0,424187.0,0.271386,1.042608,GRC,ISR,711319
2651217,97,110,8158,1996,347193.0,999909.0,0.54364,2.727659,HKG,ISR,711319
2651218,100,110,8158,1996,0.0,70863.0,0.772706,1.1075270000000002,HRV,ISR,711319
2651219,102,110,8158,1996,99770.0,2445075.0,0.790036,1.891534,HUN,ISR,711319
2651220,103,110,8158,1996,0.0,121201.0,-0.43199899999999997,1.22074,IDN,ISR,711319
2651221,104,110,8158,1996,397387.0,46737.0,0.20685599999999998,2.317622,IND,ISR,711319
2651222,106,110,8158,1996,14470.0,289703.0,1.386011,0.9232100000000001,IRL,ISR,711319
2651223,111,110,8158,1996,65232880.0,1610825.0,1.4674690000000001,1.263362,ITA,ISR,711319
2651224,112,110,8158,1996,0.0,55586.0,-0.6344350000000001,-0.814916,JAM,ISR,711319
2651225,113,110,8158,1996,67157.0,75509.0,0.12203499999999999,-0.41859399999999997,JOR,ISR,711319
2651226,114,110,8158,1996,19407.0,10052965.0,2.615364,0.5656939999999999,JPN,ISR,711319
2651227,121,110,8158,1996,213321.0,39761.0,0.8946940000000001,1.240424,KOR,ISR,711319
2651228,132,110,8158,1996,0.0,19850.0,0.33418600000000004,0.1615,LVA,ISR,711319
2651229,134,110,8158,1996,0.0,67000.0,-0.67314,-0.241242,MAR,ISR,711319
2651230,135,110,8158,1996,424967.0,294175.0,0.198427,0.026004000000000003,MDA,ISR,711319
2651231,138,110,8158,1996,0.0,33918.0,0.651949,0.9132170000000001,MEX,ISR,711319
2651232,140,110,8158,1996,0.0,30374.0,0.316133,0.933068,MKD,ISR,711319
2651233,142,110,8158,1996,0.0,26049.0,0.8825440000000001,0.066541,MLT,ISR,711319
2651234,159,110,8158,1996,0.0,18731.0,-1.813359,-1.1967,NGA,ISR,711319
2651235,162,110,8158,1996,569122.0,2827854.0,1.256625,1.803132,NLD,ISR,711319
2651236,163,110,8158,1996,7866.0,707074.0,1.204869,0.303062,NOR,ISR,711319
2651237,166,110,8158,1996,0.0,11730.0,0.49466099999999996,0.8302879999999999,NZL,ISR,711319
2651238,169,110,8158,1996,0.0,1906486.0,-0.100537,-0.374129,PAN,ISR,711319
2651239,173,110,8158,1996,0.0,11914.0,-0.43761000000000005,-0.28077399999999997,PER,ISR,711319
2651240,177,110,8158,1996,0.0,98046.0,0.795489,1.9004729999999999,POL,ISR,711319
2651241,179,110,8158,1996,0.0,923696.0,0.39343,1.170144,PRT,ISR,711319
2651242,185,110,8158,1996,8913585.0,8118121.0,0.612035,0.880964,ROU,ISR,711319
2651243,186,110,8158,1996,169002.0,5395498.0,0.900185,0.47723000000000004,RUS,ISR,711319
2651244,192,110,8158,1996,0.0,828732.0,0.8354299999999999,0.41169799999999995,SGP,ISR,711319
2651245,206,110,8158,1996,11665.0,811100.0,1.189398,1.29167,SVK,ISR,711319
2651246,208,110,8158,1996,27169.0,869600.0,2.133781,0.9099889999999999,SWE,ISR,711319
2651247,216,110,8158,1996,18262868.0,1670603.0,0.10120599999999999,1.351967,THA,ISR,711319
2651248,219,110,8158,1996,0.0,69231.0,-0.756087,-1.160548,TKM,ISR,711319
2651249,224,110,8158,1996,40239.0,167755.0,0.156866,1.554023,TUR,ISR,711319
2651250,228,110,8158,1996,0.0,1348385.0,0.896537,0.9241459999999999,UKR,ISR,711319
2651251,231,110,8158,1996,15841361.0,289502432.0,1.7110560000000001,1.125141,USA,ISR,711319
2651252,232,110,8158,1996,0.0,13000.0,-0.17393499999999998,-0.727476,UZB,ISR,711319
2651253,236,110,8158,1996,0.0,11862.0,0.07086100000000001,-0.761307,VEN,ISR,711319
2651254,246,110,8158,1996,9427881.0,1293626.0,0.456593,1.150786,ZAF,ISR,711319
2651255,247,110,8158,1996,0.0,5257860.0,-0.340956,-0.714009,ZMB,ISR,711319
2651256,248,110,8158,1996,14530298.0,11525860.0,-0.393769,-0.34379,ZWE,ISR,711319
2651257,249,110,8158,1996,20466.0,43080.0,1.432225,1.675389,TWN,ISR,711319
2651258,250,110,8158,1996,55163.0,8633256.0,1.084978,0.901755,ANS,ISR,711319
2651259,0,111,8158,1996,16360.0,1181445.0,-0.681487,-0.70999,ABW,ITA,711319
2651260,4,111,8158,1996,0.0,1168542.0,-0.309992,-0.039541,ALB,ITA,711319
2651261,5,111,8158,1996,29257.0,1962157.0,1.0490059999999999,0.6587189999999999,AND,ITA,711319
2651262,6,111,8158,1996,26307.0,64676172.0,0.29339,-0.572443,ANT,ITA,711319
2651263,7,111,8158,1996,3862833.0,271757984.0,-0.245358,-0.726695,ARE,ITA,711319
2651264,8,111,8158,1996,4044636.0,22797088.0,0.167081,0.433612,ARG,ITA,711319
2651265,9,111,8158,1996,0.0,10398.0,0.8798090000000001,0.05873300000000001,ARM,ITA,711319
2651266,13,111,8158,1996,0.0,137338.0,0.408319,-0.21640700000000002,ATG,ITA,711319
2651267,14,111,8158,1996,789029.0,38354656.0,0.369697,0.78069,AUS,ITA,711319
2651268,15,111,8158,1996,1859678.0,57007980.0,1.9216669999999998,0.659388,AUT,ITA,711319
2651269,17,111,8158,1996,0.0,2107.0,-0.955951,-0.8721180000000001,BDI,ITA,711319
2651270,18,111,8158,1996,2709925.0,63343988.0,1.549312,1.273767,BEL,ITA,711319
2651271,19,111,8158,1996,0.0,673704.0,-1.0032729999999999,-0.794779,BEN,ITA,711319
2651272,21,111,8158,1996,0.0,7036.0,-0.680996,-0.863442,BFA,ITA,711319
2651273,23,111,8158,1996,0.0,386574.0,0.544265,1.523408,BGR,ITA,711319
2651274,24,111,8158,1996,794437.0,9519592.0,-0.062207000000000005,-0.840398,BHR,ITA,711319
2651275,25,111,8158,1996,0.0,2055604.0,0.363917,-0.380614,BHS,ITA,711319
2651276,26,111,8158,1996,0.0,48095.0,0.679466,0.730425,BIH,ITA,711319
2651277,28,111,8158,1996,0.0,15838.0,0.7285550000000001,0.660716,BLR,ITA,711319
2651278,29,111,8158,1996,0.0,23487.0,-0.341173,-0.670063,BLZ,ITA,711319
2651279,30,111,8158,1996,0.0,313260.0,1.037215,-0.408235,BMU,ITA,711319
2651280,31,111,8158,1996,560204.0,1174606.0,-0.589432,-0.7781,BOL,ITA,711319
2651281,32,111,8158,1996,79197.0,27280886.0,0.699658,1.271724,BRA,ITA,711319
2651282,33,111,8158,1996,0.0,86034.0,0.9384979999999999,0.147479,BRB,ITA,711319
2651283,34,111,8158,1996,52834.0,116376.0,-0.848331,-0.779511,BRN,ITA,711319
2651284,39,111,8158,1996,110727.0,22874422.0,1.155706,1.1127049999999998,CAN,ITA,711319
2651285,41,111,8158,1996,32623772.0,255274320.0,2.246238,0.603288,CHE,ITA,711319
2651286,42,111,8158,1996,0.0,2122583.0,-0.052811000000000004,-0.169464,CHL,ITA,711319
2651287,43,111,8158,1996,552367.0,519771.0,0.404422,3.061344,CHN,ITA,711319
2651288,44,111,8158,1996,0.0,968125.0,-0.8720459999999999,-0.7904479999999999,CIV,ITA,711319
2651289,45,111,8158,1996,0.0,20828.0,-1.4036309999999999,-1.090633,CMR,ITA,711319
2651290,46,111,8158,1996,0.0,55721.0,-1.2167,-1.086508,COD,ITA,711319
2651291,47,111,8158,1996,0.0,40831.0,-1.522142,-1.165936,COG,ITA,711319
2651292,49,111,8158,1996,21313.0,5750348.0,0.136487,0.078743,COL,ITA,711319
2651293,52,111,8158,1996,5181.0,455845.0,-0.34219499999999997,0.12221900000000001,CRI,ITA,711319
2651294,54,111,8158,1996,0.0,8805.0,-0.555246,-1.0420479999999999,CUB,ITA,711319
2651295,57,111,8158,1996,0.0,474290.0,0.532622,-0.428501,CYM,ITA,711319
2651296,58,111,8158,1996,0.0,159666.0,0.20007,0.020590999999999998,CYP,ITA,711319
2651297,59,111,8158,1996,335074.0,19073440.0,1.401181,1.3094709999999998,CZE,ITA,711319
2651298,61,111,8158,1996,8461954.0,296603328.0,2.279976,-2.572299,DEU,ITA,711319
2651299,63,111,8158,1996,0.0,3983.0,0.44934399999999997,-0.023771,DMA,ITA,711319
2651300,64,111,8158,1996,99726.0,1768394.0,1.443514,1.275684,DNK,ITA,711319
2651301,65,111,8158,1996,17528.0,1308440.0,-0.596093,-0.5602060000000001,DOM,ITA,711319
2651302,66,111,8158,1996,0.0,38734.0,-0.33419699999999997,-1.035736,DZA,ITA,711319
2651303,67,111,8158,1996,156196.0,26816.0,-1.1391200000000001,-0.992735,ECU,ITA,711319
2651304,68,111,8158,1996,171191.0,3110726.0,-0.5446409999999999,-0.229586,EGY,ITA,711319
2651305,71,111,8158,1996,3543938.0,163851360.0,1.105317,1.9473,ESP,ITA,711319
2651306,72,111,8158,1996,0.0,315460.0,0.53397,1.0877940000000001,EST,ITA,711319
2651307,73,111,8158,1996,2091.0,489341.0,-1.265383,-1.131925,ETH,ITA,711319
2651308,74,111,8158,1996,112764.0,13738365.0,2.0584729999999998,1.006908,FIN,ITA,711319
2651309,75,111,8158,1996,0.0,73949.0,-0.7977,-0.9271879999999999,FJI,ITA,711319
2651310,77,111,8158,1996,10576059.0,230795344.0,1.69082,0.721312,FRA,ITA,711319
2651311,80,111,8158,1996,0.0,129572.0,-1.693615,-1.174433,GAB,ITA,711319
2651312,81,111,8158,1996,18577324.0,208708272.0,1.850284,0.883084,GBR,ITA,711319
2651313,84,111,8158,1996,14629.0,1825590.0,0.932001,-0.20733400000000002,GIB,ITA,711319
2651314,85,111,8158,1996,0.0,66653.0,-1.2641930000000001,-1.1317409999999999,GIN,ITA,711319
2651315,90,111,8158,1996,398528.0,29431044.0,0.271386,1.042608,GRC,ITA,711319
2651316,91,111,8158,1996,0.0,2870.0,0.285534,-0.37242600000000003,GRD,ITA,711319
2651317,93,111,8158,1996,0.0,696715.0,-0.332901,0.23790300000000003,GTM,ITA,711319
2651318,97,111,8158,1996,3000012.0,263796528.0,0.54364,2.727659,HKG,ITA,711319
2651319,100,111,8158,1996,0.0,4382336.0,0.772706,1.1075270000000002,HRV,ITA,711319
2651320,101,111,8158,1996,0.0,30135.0,-0.865218,-0.723441,HTI,ITA,711319
2651321,102,111,8158,1996,60056.0,5335050.0,0.790036,1.891534,HUN,ITA,711319
2651322,103,111,8158,1996,74686.0,316463.0,-0.43199899999999997,1.22074,IDN,ITA,711319
2651323,104,111,8158,1996,981772.0,2585511.0,0.20685599999999998,2.317622,IND,ITA,711319
2651324,106,111,8158,1996,7137.0,4588830.0,1.386011,0.9232100000000001,IRL,ITA,711319
2651325,107,111,8158,1996,0.0,152777.0,-0.7496649999999999,-1.1173520000000001,IRN,ITA,711319
2651326,109,111,8158,1996,0.0,320874.0,0.003558,-0.551796,ISL,ITA,711319
2651327,110,111,8158,1996,1610825.0,65232880.0,1.054975,1.072965,ISR,ITA,711319
2651328,112,111,8158,1996,0.0,306202.0,-0.6344350000000001,-0.814916,JAM,ITA,711319
2651329,113,111,8158,1996,0.0,6798674.0,0.12203499999999999,-0.41859399999999997,JOR,ITA,711319
2651330,114,111,8158,1996,1715054.0,188711376.0,2.615364,0.5656939999999999,JPN,ITA,711319
2651331,115,111,8158,1996,0.0,5601.0,0.48902799999999996,0.154932,KAZ,ITA,711319
2651332,116,111,8158,1996,0.0,17977.0,-0.468322,-0.017625,KEN,ITA,711319
2651333,118,111,8158,1996,0.0,439961.0,-1.110741,-1.089434,KHM,ITA,711319
2651334,121,111,8158,1996,40860.0,10098542.0,0.8946940000000001,1.240424,KOR,ITA,711319
2651335,122,111,8158,1996,9121.0,12286658.0,-0.27174499999999996,-1.098243,KWT,ITA,711319
2651336,124,111,8158,1996,578740.0,96169952.0,-0.051973,0.002154,LBN,ITA,711319
2651337,126,111,8158,1996,0.0,20059228.0,-0.588489,-1.138552,LBY,ITA,711319
2651338,128,111,8158,1996,58762.0,10518.0,-0.812763,-0.188722,LKA,ITA,711319
2651339,130,111,8158,1996,18524.0,195244.0,0.40520500000000004,0.9465950000000001,LTU,ITA,711319
2651340,132,111,8158,1996,0.0,43951.0,0.33418600000000004,0.1615,LVA,ITA,711319
2651341,133,111,8158,1996,0.0,16070.0,-0.23007399999999997,-0.34139400000000003,MAC,ITA,711319
2651342,134,111,8158,1996,0.0,79711.0,-0.67314,-0.241242,MAR,ITA,711319
2651343,138,111,8158,1996,144800.0,6613332.0,0.651949,0.9132170000000001,MEX,ITA,711319
2651344,140,111,8158,1996,0.0,188900.0,0.316133,0.933068,MKD,ITA,711319
2651345,141,111,8158,1996,0.0,2336.0,-0.987858,-0.9677040000000001,MLI,ITA,711319
2651346,142,111,8158,1996,183800.0,24474342.0,0.8825440000000001,0.066541,MLT,ITA,711319
2651347,149,111,8158,1996,0.0,21080.0,0.659518,-0.540708,MSR,ITA,711319
2651348,151,111,8158,1996,174413.0,511832.0,-0.538651,-0.746274,MUS,ITA,711319
2651349,153,111,8158,1996,0.0,495010.0,0.351774,0.347262,MYS,ITA,711319
2651350,156,111,8158,1996,0.0,114762.0,-0.951583,-0.785157,NCL,ITA,711319
2651351,159,111,8158,1996,0.0,1508136.0,-1.813359,-1.1967,NGA,ITA,711319
2651352,160,111,8158,1996,0.0,35047.0,-0.767799,-0.737816,NIC,ITA,711319
2651353,162,111,8158,1996,22620.0,47803740.0,1.256625,1.803132,NLD,ITA,711319
2651354,163,111,8158,1996,15438.0,3159529.0,1.204869,0.303062,NOR,ITA,711319
2651355,164,111,8158,1996,5393.0,0.0,-0.7390100000000001,-0.647903,NPL,ITA,711319
2651356,166,111,8158,1996,5286.0,2095148.0,0.49466099999999996,0.8302879999999999,NZL,ITA,711319
2651357,167,111,8158,1996,0.0,112109.0,-0.10243499999999998,-0.8425879999999999,OMN,ITA,711319
2651358,168,111,8158,1996,1412.0,419970.0,-0.7543300000000001,-0.393654,PAK,ITA,711319
2651359,169,111,8158,1996,717405.0,255750752.0,-0.100537,-0.374129,PAN,ITA,711319
2651360,173,111,8158,1996,8421.0,1527447.0,-0.43761000000000005,-0.28077399999999997,PER,ITA,711319
2651361,174,111,8158,1996,29174.0,1758276.0,-0.276548,0.344986,PHL,ITA,711319
2651362,177,111,8158,1996,33456.0,7052182.0,0.795489,1.9004729999999999,POL,ITA,711319
2651363,178,111,8158,1996,0.0,51265.0,0.725014,1.20189,PRK,ITA,711319
2651364,179,111,8158,1996,309753.0,64096392.0,0.39343,1.170144,PRT,ITA,711319
2651365,180,111,8158,1996,246475.0,55885588.0,-0.506178,-0.712851,PRY,ITA,711319
2651366,182,111,8158,1996,0.0,682587.0,0.845308,-0.31763,PYF,ITA,711319
2651367,183,111,8158,1996,2119021.0,4404004.0,-0.48203500000000005,-1.117173,QAT,ITA,711319
2651368,185,111,8158,1996,0.0,575781.0,0.612035,0.880964,ROU,ITA,711319
2651369,186,111,8158,1996,2936439.0,7021978.0,0.900185,0.47723000000000004,RUS,ITA,711319
2651370,188,111,8158,1996,113695.0,26432088.0,0.215265,-0.8577309999999999,SAU,ITA,711319
2651371,189,111,8158,1996,30581.0,82036.0,0.786293,2.20126,SCG,ITA,711319
2651372,190,111,8158,1996,0.0,56815.0,-1.4146459999999998,-1.181707,SDN,ITA,711319
2651373,191,111,8158,1996,0.0,41226.0,-0.619785,-0.712171,SEN,ITA,711319
2651374,192,111,8158,1996,2300968.0,34195224.0,0.8354299999999999,0.41169799999999995,SGP,ITA,711319
2651375,196,111,8158,1996,0.0,55139.0,0.208166,-0.386648,SLE,ITA,711319
2651376,197,111,8158,1996,0.0,4540.0,-0.24968800000000002,-0.121995,SLV,ITA,711319
2651377,200,111,8158,1996,0.0,47750.0,-0.083964,-0.600418,SPM,ITA,711319
2651378,206,111,8158,1996,7858.0,4524308.0,1.189398,1.29167,SVK,ITA,711319
2651379,207,111,8158,1996,115429.0,1628569.0,1.409184,1.37245,SVN,ITA,711319
2651380,208,111,8158,1996,63626.0,21238026.0,2.133781,0.9099889999999999,SWE,ITA,711319
2651381,211,111,8158,1996,8213.0,127719.0,0.239125,-0.458433,SYC,ITA,711319
2651382,212,111,8158,1996,0.0,75290.0,-1.100666,-0.90038,SYR,ITA,711319
2651383,213,111,8158,1996,0.0,9204.0,-0.371632,-0.7145560000000001,TCA,ITA,711319
2651384,216,111,8158,1996,6111019.0,4722339.0,0.10120599999999999,1.351967,THA,ITA,711319
2651385,222,111,8158,1996,0.0,80968.0,0.19111,-0.488382,TTO,ITA,711319
2651386,223,111,8158,1996,0.0,862430.0,-0.28546,-0.089051,TUN,ITA,711319
2651387,224,111,8158,1996,64221.0,20968594.0,0.156866,1.554023,TUR,ITA,711319
2651388,226,111,8158,1996,0.0,9200.0,-1.391534,-0.907436,TZA,ITA,711319
2651389,228,111,8158,1996,90018.0,2824.0,0.896537,0.9241459999999999,UKR,ITA,711319
2651390,230,111,8158,1996,30365.0,25181938.0,0.171541,0.313934,URY,ITA,711319
2651391,231,111,8158,1996,12648290.0,1169997568.0,1.7110560000000001,1.125141,USA,ITA,711319
2651392,232,111,8158,1996,0.0,252188.0,-0.17393499999999998,-0.727476,UZB,ITA,711319
2651393,236,111,8158,1996,0.0,4497036.0,0.07086100000000001,-0.761307,VEN,ITA,711319
2651394,237,111,8158,1996,0.0,14165978.0,0.602529,-0.280171,VGB,ITA,711319
2651395,239,111,8158,1996,0.0,35244.0,-0.9336469999999999,-0.10985199999999999,VNM,ITA,711319
2651396,240,111,8158,1996,0.0,10746.0,-0.933351,-0.824783,VUT,ITA,711319
2651397,246,111,8158,1996,96485.0,21397520.0,0.456593,1.150786,ZAF,ITA,711319
2651398,248,111,8158,1996,24548.0,477242.0,-0.393769,-0.34379,ZWE,ITA,711319
2651399,249,111,8158,1996,218849.0,3457233.0,1.432225,1.675389,TWN,ITA,711319
2651400,250,111,8158,1996,29963.0,1950858.0,1.084978,0.901755,ANS,ITA,711319
2651401,14,121,8158,1996,16290.0,213055.0,0.369697,0.78069,AUS,KOR,711319
2651402,15,121,8158,1996,12313.0,0.0,1.9216669999999998,0.659388,AUT,KOR,711319
2651403,18,121,8158,1996,180974.0,0.0,1.549312,1.273767,BEL,KOR,711319
2651404,32,121,8158,1996,9726.0,0.0,0.699658,1.271724,BRA,KOR,711319
2651405,38,121,8158,1996,0.0,8327.0,-1.408316,-0.8695579999999999,CAF,KOR,711319
2651406,39,121,8158,1996,0.0,28376.0,1.155706,1.1127049999999998,CAN,KOR,711319
2651407,41,121,8158,1996,649260.0,0.0,2.246238,0.603288,CHE,KOR,711319
2651408,43,121,8158,1996,1961.0,29146.0,0.404422,3.061344,CHN,KOR,711319
2651409,61,121,8158,1996,189340.0,174152.0,2.279976,-2.572299,DEU,KOR,711319
2651410,64,121,8158,1996,1234.0,2421.0,1.443514,1.275684,DNK,KOR,711319
2651411,65,121,8158,1996,0.0,11304.0,-0.596093,-0.5602060000000001,DOM,KOR,711319
2651412,71,121,8158,1996,134071.0,0.0,1.105317,1.9473,ESP,KOR,711319
2651413,77,121,8158,1996,1464390.0,1860.0,1.69082,0.721312,FRA,KOR,711319
2651414,81,121,8158,1996,761210.0,263923.0,1.850284,0.883084,GBR,KOR,711319
2651415,83,121,8158,1996,3124.0,0.0,-1.035244,-0.9834129999999999,GHA,KOR,711319
2651416,90,121,8158,1996,35982.0,0.0,0.271386,1.042608,GRC,KOR,711319
2651417,97,121,8158,1996,2268121.0,1431961.0,0.54364,2.727659,HKG,KOR,711319
2651418,104,121,8158,1996,49173.0,0.0,0.20685599999999998,2.317622,IND,KOR,711319
2651419,106,121,8158,1996,0.0,1251.0,1.386011,0.9232100000000001,IRL,KOR,711319
2651420,109,121,8158,1996,0.0,1038.0,0.003558,-0.551796,ISL,KOR,711319
2651421,110,121,8158,1996,39761.0,213321.0,1.054975,1.072965,ISR,KOR,711319
2651422,111,121,8158,1996,10098542.0,40860.0,1.4674690000000001,1.263362,ITA,KOR,711319
2651423,114,121,8158,1996,4675708.0,10980778.0,2.615364,0.5656939999999999,JPN,KOR,711319
2651424,151,121,8158,1996,0.0,1366.0,-0.538651,-0.746274,MUS,KOR,711319
2651425,153,121,8158,1996,0.0,13027.0,0.351774,0.347262,MYS,KOR,711319
2651426,162,121,8158,1996,0.0,9681.0,1.256625,1.803132,NLD,KOR,711319
2651427,163,121,8158,1996,1975.0,0.0,1.204869,0.303062,NOR,KOR,711319
2651428,166,121,8158,1996,7738.0,0.0,0.49466099999999996,0.8302879999999999,NZL,KOR,711319
2651429,174,121,8158,1996,0.0,35534.0,-0.276548,0.344986,PHL,KOR,711319
2651430,188,121,8158,1996,0.0,485229.0,0.215265,-0.8577309999999999,SAU,KOR,711319
2651431,192,121,8158,1996,19452.0,78141.0,0.8354299999999999,0.41169799999999995,SGP,KOR,711319
2651432,208,121,8158,1996,0.0,2227.0,2.133781,0.9099889999999999,SWE,KOR,711319
2651433,216,121,8158,1996,494479.0,9628.0,0.10120599999999999,1.351967,THA,KOR,711319
2651434,231,121,8158,1996,3351136.0,17332124.0,1.7110560000000001,1.125141,USA,KOR,711319
2651435,249,121,8158,1996,2109.0,16250.0,1.432225,1.675389,TWN,KOR,711319
2651436,250,121,8158,1996,10464.0,0.0,1.084978,0.901755,ANS,KOR,711319
2651437,2,138,8158,1996,2297.0,0.0,-2.3109900000000003,-1.172849,AGO,MEX,711319
2651438,14,138,8158,1996,6969.0,21380.0,0.369697,0.78069,AUS,MEX,711319
2651439,15,138,8158,1996,0.0,4283.0,1.9216669999999998,0.659388,AUT,MEX,711319
2651440,31,138,8158,1996,59813.0,2717.0,-0.589432,-0.7781,BOL,MEX,711319
2651441,32,138,8158,1996,8775.0,0.0,0.699658,1.271724,BRA,MEX,711319
2651442,39,138,8158,1996,0.0,182615.0,1.155706,1.1127049999999998,CAN,MEX,711319
2651443,41,138,8158,1996,460666.0,306487.0,2.246238,0.603288,CHE,MEX,711319
2651444,42,138,8158,1996,0.0,23042.0,-0.052811000000000004,-0.169464,CHL,MEX,711319
2651445,43,138,8158,1996,17283.0,0.0,0.404422,3.061344,CHN,MEX,711319
2651446,49,138,8158,1996,1278.0,2934.0,0.136487,0.078743,COL,MEX,711319
2651447,52,138,8158,1996,0.0,11093.0,-0.34219499999999997,0.12221900000000001,CRI,MEX,711319
2651448,59,138,8158,1996,0.0,11766.0,1.401181,1.3094709999999998,CZE,MEX,711319
2651449,61,138,8158,1996,750429.0,14722.0,2.279976,-2.572299,DEU,MEX,711319
2651450,71,138,8158,1996,997899.0,23142.0,1.105317,1.9473,ESP,MEX,711319
2651451,77,138,8158,1996,521730.0,0.0,1.69082,0.721312,FRA,MEX,711319
2651452,81,138,8158,1996,1786.0,118256.0,1.850284,0.883084,GBR,MEX,711319
2651453,90,138,8158,1996,49001.0,0.0,0.271386,1.042608,GRC,MEX,711319
2651454,93,138,8158,1996,0.0,95876.0,-0.332901,0.23790300000000003,GTM,MEX,711319
2651455,97,138,8158,1996,154639.0,0.0,0.54364,2.727659,HKG,MEX,711319
2651456,106,138,8158,1996,0.0,8916.0,1.386011,0.9232100000000001,IRL,MEX,711319
2651457,110,138,8158,1996,33918.0,0.0,1.054975,1.072965,ISR,MEX,711319
2651458,111,138,8158,1996,6613332.0,144800.0,1.4674690000000001,1.263362,ITA,MEX,711319
2651459,114,138,8158,1996,42102.0,10454.0,2.615364,0.5656939999999999,JPN,MEX,711319
2651460,162,138,8158,1996,0.0,24308.0,1.256625,1.803132,NLD,MEX,711319
2651461,166,138,8158,1996,0.0,14577.0,0.49466099999999996,0.8302879999999999,NZL,MEX,711319
2651462,169,138,8158,1996,0.0,113333.0,-0.100537,-0.374129,PAN,MEX,711319
2651463,173,138,8158,1996,984.0,0.0,-0.43761000000000005,-0.28077399999999997,PER,MEX,711319
2651464,174,138,8158,1996,0.0,15322.0,-0.276548,0.344986,PHL,MEX,711319
2651465,177,138,8158,1996,1591.0,0.0,0.795489,1.9004729999999999,POL,MEX,711319
2651466,208,138,8158,1996,0.0,9173.0,2.133781,0.9099889999999999,SWE,MEX,711319
2651467,216,138,8158,1996,150877.0,0.0,0.10120599999999999,1.351967,THA,MEX,711319
2651468,231,138,8158,1996,10590288.0,82880232.0,1.7110560000000001,1.125141,USA,MEX,711319
2651469,236,138,8158,1996,0.0,3231.0,0.07086100000000001,-0.761307,VEN,MEX,711319
2651470,246,138,8158,1996,239882.0,0.0,0.456593,1.150786,ZAF,MEX,711319
2651471,250,138,8158,1996,1241.0,0.0,1.084978,0.901755,ANS,MEX,711319
2651472,7,153,8158,1996,402137.0,109568920.0,-0.245358,-0.726695,ARE,MYS,711319
2651473,14,153,8158,1996,221002.0,153229.0,0.369697,0.78069,AUS,MYS,711319
2651474,15,153,8158,1996,0.0,44901.0,1.9216669999999998,0.659388,AUT,MYS,711319
2651475,18,153,8158,1996,0.0,72926.0,1.549312,1.273767,BEL,MYS,711319
2651476,34,153,8158,1996,0.0,684868.0,-0.848331,-0.779511,BRN,MYS,711319
2651477,39,153,8158,1996,0.0,266526.0,1.155706,1.1127049999999998,CAN,MYS,711319
2651478,41,153,8158,1996,2241358.0,1154410.0,2.246238,0.603288,CHE,MYS,711319
2651479,43,153,8158,1996,229381.0,6722.0,0.404422,3.061344,CHN,MYS,711319
2651480,61,153,8158,1996,1097573.0,6234656.0,2.279976,-2.572299,DEU,MYS,711319
2651481,64,153,8158,1996,0.0,16705.0,1.443514,1.275684,DNK,MYS,711319
2651482,71,153,8158,1996,55100.0,0.0,1.105317,1.9473,ESP,MYS,711319
2651483,74,153,8158,1996,0.0,319949.0,2.0584729999999998,1.006908,FIN,MYS,711319
2651484,77,153,8158,1996,157892.0,1393.0,1.69082,0.721312,FRA,MYS,711319
2651485,81,153,8158,1996,4905184.0,1630017.0,1.850284,0.883084,GBR,MYS,711319
2651486,90,153,8158,1996,0.0,349339.0,0.271386,1.042608,GRC,MYS,711319
2651487,97,153,8158,1996,3090138.0,21058946.0,0.54364,2.727659,HKG,MYS,711319
2651488,102,153,8158,1996,0.0,35109.0,0.790036,1.891534,HUN,MYS,711319
2651489,103,153,8158,1996,2053.0,0.0,-0.43199899999999997,1.22074,IDN,MYS,711319
2651490,104,153,8158,1996,115574.0,180561.0,0.20685599999999998,2.317622,IND,MYS,711319
2651491,111,153,8158,1996,495010.0,0.0,1.4674690000000001,1.263362,ITA,MYS,711319
2651492,113,153,8158,1996,0.0,300668.0,0.12203499999999999,-0.41859399999999997,JOR,MYS,711319
2651493,114,153,8158,1996,25373.0,192824.0,2.615364,0.5656939999999999,JPN,MYS,711319
2651494,121,153,8158,1996,13027.0,0.0,0.8946940000000001,1.240424,KOR,MYS,711319
2651495,122,153,8158,1996,0.0,11243313.0,-0.27174499999999996,-1.098243,KWT,MYS,711319
2651496,126,153,8158,1996,0.0,274525.0,-0.588489,-1.138552,LBY,MYS,711319
2651497,128,153,8158,1996,26491.0,3431.0,-0.812763,-0.188722,LKA,MYS,711319
2651498,162,153,8158,1996,0.0,599322.0,1.256625,1.803132,NLD,MYS,711319
2651499,163,153,8158,1996,0.0,13547.0,1.204869,0.303062,NOR,MYS,711319
2651500,166,153,8158,1996,39094.0,11230.0,0.49466099999999996,0.8302879999999999,NZL,MYS,711319
2651501,167,153,8158,1996,0.0,141591.0,-0.10243499999999998,-0.8425879999999999,OMN,MYS,711319
2651502,174,153,8158,1996,14315.0,13729.0,-0.276548,0.344986,PHL,MYS,711319
2651503,188,153,8158,1996,0.0,24667504.0,0.215265,-0.8577309999999999,SAU,MYS,711319
2651504,192,153,8158,1996,20103736.0,177371360.0,0.8354299999999999,0.41169799999999995,SGP,MYS,711319
2651505,208,153,8158,1996,70019.0,59651.0,2.133781,0.9099889999999999,SWE,MYS,711319
2651506,216,153,8158,1996,1776259.0,22881.0,0.10120599999999999,1.351967,THA,MYS,711319
2651507,228,153,8158,1996,0.0,167293.0,0.896537,0.9241459999999999,UKR,MYS,711319
2651508,231,153,8158,1996,572635.0,28799704.0,1.7110560000000001,1.125141,USA,MYS,711319
2651509,246,153,8158,1996,1328.0,0.0,0.456593,1.150786,ZAF,MYS,711319
2651510,249,153,8158,1996,0.0,477744.0,1.432225,1.675389,TWN,MYS,711319
2651511,250,153,8158,1996,0.0,210790.0,1.084978,0.901755,ANS,MYS,711319
2651512,0,162,8158,1996,0.0,9121.0,-0.681487,-0.70999,ABW,NLD,711319
2651513,6,162,8158,1996,2479.0,70597.0,0.29339,-0.572443,ANT,NLD,711319
2651514,7,162,8158,1996,1778553.0,0.0,-0.245358,-0.726695,ARE,NLD,711319
2651515,8,162,8158,1996,20420.0,0.0,0.167081,0.433612,ARG,NLD,711319
2651516,14,162,8158,1996,3958.0,65744.0,0.369697,0.78069,AUS,NLD,711319
2651517,15,162,8158,1996,530049.0,637391.0,1.9216669999999998,0.659388,AUT,NLD,711319
2651518,18,162,8158,1996,7804686.0,2426702.0,1.549312,1.273767,BEL,NLD,711319
2651519,32,162,8158,1996,12004.0,0.0,0.699658,1.271724,BRA,NLD,711319
2651520,39,162,8158,1996,42965.0,8159.0,1.155706,1.1127049999999998,CAN,NLD,711319
2651521,40,162,8158,1996,7278.0,0.0,0.26213400000000003,-0.584997,CCK,NLD,711319
2651522,41,162,8158,1996,2348818.0,241255.0,2.246238,0.603288,CHE,NLD,711319
2651523,43,162,8158,1996,381787.0,0.0,0.404422,3.061344,CHN,NLD,711319
2651524,58,162,8158,1996,4226.0,0.0,0.20007,0.020590999999999998,CYP,NLD,711319
2651525,59,162,8158,1996,79161.0,25044.0,1.401181,1.3094709999999998,CZE,NLD,711319
2651526,61,162,8158,1996,36746360.0,3981874.0,2.279976,-2.572299,DEU,NLD,711319
2651527,64,162,8158,1996,7510.0,273430.0,1.443514,1.275684,DNK,NLD,711319
2651528,68,162,8158,1996,697.0,0.0,-0.5446409999999999,-0.229586,EGY,NLD,711319
2651529,71,162,8158,1996,3621805.0,6881.0,1.105317,1.9473,ESP,NLD,711319
2651530,74,162,8158,1996,632489.0,2128.0,2.0584729999999998,1.006908,FIN,NLD,711319
2651531,77,162,8158,1996,5821787.0,1753234.0,1.69082,0.721312,FRA,NLD,711319
2651532,81,162,8158,1996,4145264.0,2253703.0,1.850284,0.883084,GBR,NLD,711319
2651533,90,162,8158,1996,70283.0,52983.0,0.271386,1.042608,GRC,NLD,711319
2651534,97,162,8158,1996,6380304.0,75688.0,0.54364,2.727659,HKG,NLD,711319
2651535,103,162,8158,1996,382020.0,0.0,-0.43199899999999997,1.22074,IDN,NLD,711319
2651536,104,162,8158,1996,2950625.0,27028.0,0.20685599999999998,2.317622,IND,NLD,711319
2651537,106,162,8158,1996,73584.0,0.0,1.386011,0.9232100000000001,IRL,NLD,711319
2651538,109,162,8158,1996,0.0,1460.0,0.003558,-0.551796,ISL,NLD,711319
2651539,110,162,8158,1996,2827854.0,569122.0,1.054975,1.072965,ISR,NLD,711319
2651540,111,162,8158,1996,47803740.0,22620.0,1.4674690000000001,1.263362,ITA,NLD,711319
2651541,112,162,8158,1996,0.0,5299.0,-0.6344350000000001,-0.814916,JAM,NLD,711319
2651542,114,162,8158,1996,24363.0,7189.0,2.615364,0.5656939999999999,JPN,NLD,711319
2651543,121,162,8158,1996,9681.0,0.0,0.8946940000000001,1.240424,KOR,NLD,711319
2651544,124,162,8158,1996,72217.0,0.0,-0.051973,0.002154,LBN,NLD,711319
2651545,128,162,8158,1996,11456.0,0.0,-0.812763,-0.188722,LKA,NLD,711319
2651546,138,162,8158,1996,24308.0,0.0,0.651949,0.9132170000000001,MEX,NLD,711319
2651547,142,162,8158,1996,0.0,9961.0,0.8825440000000001,0.066541,MLT,NLD,711319
2651548,153,162,8158,1996,599322.0,0.0,0.351774,0.347262,MYS,NLD,711319
2651549,163,162,8158,1996,67353.0,171949.0,1.204869,0.303062,NOR,NLD,711319
2651550,166,162,8158,1996,1953.0,0.0,0.49466099999999996,0.8302879999999999,NZL,NLD,711319
2651551,173,162,8158,1996,90068.0,0.0,-0.43761000000000005,-0.28077399999999997,PER,NLD,711319
2651552,177,162,8158,1996,254370.0,219906.0,0.795489,1.9004729999999999,POL,NLD,711319
2651553,179,162,8158,1996,54829.0,0.0,0.39343,1.170144,PRT,NLD,711319
2651554,186,162,8158,1996,577045.0,0.0,0.900185,0.47723000000000004,RUS,NLD,711319
2651555,188,162,8158,1996,28626.0,12009.0,0.215265,-0.8577309999999999,SAU,NLD,711319
2651556,192,162,8158,1996,444211.0,68607.0,0.8354299999999999,0.41169799999999995,SGP,NLD,711319
2651557,206,162,8158,1996,0.0,11709.0,1.189398,1.29167,SVK,NLD,711319
2651558,208,162,8158,1996,42800.0,416068.0,2.133781,0.9099889999999999,SWE,NLD,711319
2651559,216,162,8158,1996,4426730.0,7732.0,0.10120599999999999,1.351967,THA,NLD,711319
2651560,224,162,8158,1996,681638.0,0.0,0.156866,1.554023,TUR,NLD,711319
2651561,231,162,8158,1996,772755.0,352316.0,1.7110560000000001,1.125141,USA,NLD,711319
2651562,239,162,8158,1996,53718.0,0.0,-0.9336469999999999,-0.10985199999999999,VNM,NLD,711319
2651563,246,162,8158,1996,4292.0,0.0,0.456593,1.150786,ZAF,NLD,711319
2651564,249,162,8158,1996,95853.0,169081.0,1.432225,1.675389,TWN,NLD,711319
2651565,7,163,8158,1996,298044.0,1545.0,-0.245358,-0.726695,ARE,NOR,711319
2651566,14,163,8158,1996,0.0,3771.0,0.369697,0.78069,AUS,NOR,711319
2651567,15,163,8158,1996,22311.0,14812.0,1.9216669999999998,0.659388,AUT,NOR,711319
2651568,18,163,8158,1996,229107.0,14135.0,1.549312,1.273767,BEL,NOR,711319
2651569,41,163,8158,1996,124257.0,44156.0,2.246238,0.603288,CHE,NOR,711319
2651570,43,163,8158,1996,170773.0,2425.0,0.404422,3.061344,CHN,NOR,711319
2651571,61,163,8158,1996,11930820.0,264824.0,2.279976,-2.572299,DEU,NOR,711319
2651572,64,163,8158,1996,2658803.0,187350.0,1.443514,1.275684,DNK,NOR,711319
2651573,71,163,8158,1996,2642370.0,10487.0,1.105317,1.9473,ESP,NOR,711319
2651574,74,163,8158,1996,1596124.0,51310.0,2.0584729999999998,1.006908,FIN,NOR,711319
2651575,77,163,8158,1996,530642.0,12312.0,1.69082,0.721312,FRA,NOR,711319
2651576,81,163,8158,1996,1849207.0,87371.0,1.850284,0.883084,GBR,NOR,711319
2651577,90,163,8158,1996,2118.0,0.0,0.271386,1.042608,GRC,NOR,711319
2651578,97,163,8158,1996,1246038.0,230377.0,0.54364,2.727659,HKG,NOR,711319
2651579,102,163,8158,1996,15363.0,0.0,0.790036,1.891534,HUN,NOR,711319
2651580,103,163,8158,1996,14946.0,0.0,-0.43199899999999997,1.22074,IDN,NOR,711319
2651581,104,163,8158,1996,455613.0,5081.0,0.20685599999999998,2.317622,IND,NOR,711319
2651582,106,163,8158,1996,0.0,1364.0,1.386011,0.9232100000000001,IRL,NOR,711319
2651583,109,163,8158,1996,5339.0,165984.0,0.003558,-0.551796,ISL,NOR,711319
2651584,110,163,8158,1996,707074.0,7866.0,1.054975,1.072965,ISR,NOR,711319
2651585,111,163,8158,1996,3159529.0,15438.0,1.4674690000000001,1.263362,ITA,NOR,711319
2651586,114,163,8158,1996,2365.0,22988.0,2.615364,0.5656939999999999,JPN,NOR,711319
2651587,121,163,8158,1996,0.0,1975.0,0.8946940000000001,1.240424,KOR,NOR,711319
2651588,124,163,8158,1996,4621.0,0.0,-0.051973,0.002154,LBN,NOR,711319
2651589,153,163,8158,1996,13547.0,0.0,0.351774,0.347262,MYS,NOR,711319
2651590,162,163,8158,1996,171949.0,67353.0,1.256625,1.803132,NLD,NOR,711319
2651591,174,163,8158,1996,38219.0,1963.0,-0.276548,0.344986,PHL,NOR,711319
2651592,177,163,8158,1996,880.0,0.0,0.795489,1.9004729999999999,POL,NOR,711319
2651593,179,163,8158,1996,78361.0,1026.0,0.39343,1.170144,PRT,NOR,711319
2651594,192,163,8158,1996,66902.0,0.0,0.8354299999999999,0.41169799999999995,SGP,NOR,711319
2651595,207,163,8158,1996,10182.0,0.0,1.409184,1.37245,SVN,NOR,711319
2651596,208,163,8158,1996,887328.0,66417.0,2.133781,0.9099889999999999,SWE,NOR,711319
2651597,216,163,8158,1996,870098.0,1418.0,0.10120599999999999,1.351967,THA,NOR,711319
2651598,224,163,8158,1996,3137.0,0.0,0.156866,1.554023,TUR,NOR,711319
2651599,231,163,8158,1996,5831.0,58475.0,1.7110560000000001,1.125141,USA,NOR,711319
2651600,249,163,8158,1996,14716.0,0.0,1.432225,1.675389,TWN,NOR,711319
2651601,15,169,8158,1996,2442.0,0.0,1.9216669999999998,0.659388,AUT,PAN,711319
2651602,31,169,8158,1996,0.0,12501.0,-0.589432,-0.7781,BOL,PAN,711319
2651603,41,169,8158,1996,2728206.0,6729982.0,2.246238,0.603288,CHE,PAN,711319
2651604,42,169,8158,1996,0.0,1975.0,-0.052811000000000004,-0.169464,CHL,PAN,711319
2651605,49,169,8158,1996,228395.0,60745.0,0.136487,0.078743,COL,PAN,711319
2651606,52,169,8158,1996,0.0,20634.0,-0.34219499999999997,0.12221900000000001,CRI,PAN,711319
2651607,61,169,8158,1996,26384.0,0.0,2.279976,-2.572299,DEU,PAN,711319
2651608,67,169,8158,1996,0.0,9295.0,-1.1391200000000001,-0.992735,ECU,PAN,711319
2651609,71,169,8158,1996,984142.0,123117.0,1.105317,1.9473,ESP,PAN,711319
2651610,77,169,8158,1996,51380.0,0.0,1.69082,0.721312,FRA,PAN,711319
2651611,93,169,8158,1996,0.0,18439.0,-0.332901,0.23790300000000003,GTM,PAN,711319
2651612,97,169,8158,1996,1571021.0,100318.0,0.54364,2.727659,HKG,PAN,711319
2651613,99,169,8158,1996,0.0,17606.0,-0.69357,-0.48721400000000004,HND,PAN,711319
2651614,104,169,8158,1996,72395.0,0.0,0.20685599999999998,2.317622,IND,PAN,711319
2651615,110,169,8158,1996,1906486.0,0.0,1.054975,1.072965,ISR,PAN,711319
2651616,111,169,8158,1996,255750752.0,717405.0,1.4674690000000001,1.263362,ITA,PAN,711319
2651617,112,169,8158,1996,0.0,3614.0,-0.6344350000000001,-0.814916,JAM,PAN,711319
2651618,138,169,8158,1996,113333.0,0.0,0.651949,0.9132170000000001,MEX,PAN,711319
2651619,173,169,8158,1996,0.0,15906.0,-0.43761000000000005,-0.28077399999999997,PER,PAN,711319
2651620,192,169,8158,1996,40358.0,0.0,0.8354299999999999,0.41169799999999995,SGP,PAN,711319
2651621,197,169,8158,1996,11747.0,72412.0,-0.24968800000000002,-0.121995,SLV,PAN,711319
2651622,208,169,8158,1996,30348.0,0.0,2.133781,0.9099889999999999,SWE,PAN,711319
2651623,216,169,8158,1996,1365989.0,0.0,0.10120599999999999,1.351967,THA,PAN,711319
2651624,224,169,8158,1996,157864.0,0.0,0.156866,1.554023,TUR,PAN,711319
2651625,230,169,8158,1996,0.0,24758.0,0.171541,0.313934,URY,PAN,711319
2651626,231,169,8158,1996,214150.0,148610.0,1.7110560000000001,1.125141,USA,PAN,711319
2651627,236,169,8158,1996,0.0,41455.0,0.07086100000000001,-0.761307,VEN,PAN,711319
2651628,250,169,8158,1996,811272.0,0.0,1.084978,0.901755,ANS,PAN,711319
2651629,14,173,8158,1996,0.0,20898.0,0.369697,0.78069,AUS,PER,711319
2651630,32,173,8158,1996,233943.0,0.0,0.699658,1.271724,BRA,PER,711319
2651631,39,173,8158,1996,0.0,106493.0,1.155706,1.1127049999999998,CAN,PER,711319
2651632,41,173,8158,1996,7015.0,0.0,2.246238,0.603288,CHE,PER,711319
2651633,49,173,8158,1996,0.0,4519.0,0.136487,0.078743,COL,PER,711319
2651634,61,173,8158,1996,242303.0,3745.0,2.279976,-2.572299,DEU,PER,711319
2651635,71,173,8158,1996,7461.0,0.0,1.105317,1.9473,ESP,PER,711319
2651636,97,173,8158,1996,6944.0,0.0,0.54364,2.727659,HKG,PER,711319
2651637,110,173,8158,1996,11914.0,0.0,1.054975,1.072965,ISR,PER,711319
2651638,111,173,8158,1996,1527447.0,8421.0,1.4674690000000001,1.263362,ITA,PER,711319
2651639,114,173,8158,1996,0.0,1432.0,2.615364,0.5656939999999999,JPN,PER,711319
2651640,138,173,8158,1996,0.0,984.0,0.651949,0.9132170000000001,MEX,PER,711319
2651641,162,173,8158,1996,0.0,90068.0,1.256625,1.803132,NLD,PER,711319
2651642,169,173,8158,1996,15906.0,0.0,-0.100537,-0.374129,PAN,PER,711319
2651643,192,173,8158,1996,0.0,31889.0,0.8354299999999999,0.41169799999999995,SGP,PER,711319
2651644,216,173,8158,1996,38292.0,20450.0,0.10120599999999999,1.351967,THA,PER,711319
2651645,231,173,8158,1996,19462818.0,94050896.0,1.7110560000000001,1.125141,USA,PER,711319
2651646,250,173,8158,1996,0.0,585826.0,1.084978,0.901755,ANS,PER,711319
2651647,7,174,8158,1996,0.0,6927.0,-0.245358,-0.726695,ARE,PHL,711319
2651648,14,174,8158,1996,0.0,1911.0,0.369697,0.78069,AUS,PHL,711319
2651649,18,174,8158,1996,7996.0,0.0,1.549312,1.273767,BEL,PHL,711319
2651650,39,174,8158,1996,5900.0,1780.0,1.155706,1.1127049999999998,CAN,PHL,711319
2651651,41,174,8158,1996,94343.0,53468.0,2.246238,0.603288,CHE,PHL,711319
2651652,61,174,8158,1996,45246.0,108242.0,2.279976,-2.572299,DEU,PHL,711319
2651653,71,174,8158,1996,175176.0,2142.0,1.105317,1.9473,ESP,PHL,711319
2651654,77,174,8158,1996,84705.0,0.0,1.69082,0.721312,FRA,PHL,711319
2651655,81,174,8158,1996,17179.0,0.0,1.850284,0.883084,GBR,PHL,711319
2651656,97,174,8158,1996,126780.0,107993.0,0.54364,2.727659,HKG,PHL,711319
2651657,104,174,8158,1996,26677.0,0.0,0.20685599999999998,2.317622,IND,PHL,711319
2651658,111,174,8158,1996,1758276.0,29174.0,1.4674690000000001,1.263362,ITA,PHL,711319
2651659,114,174,8158,1996,18159.0,97078.0,2.615364,0.5656939999999999,JPN,PHL,711319
2651660,121,174,8158,1996,35534.0,0.0,0.8946940000000001,1.240424,KOR,PHL,711319
2651661,138,174,8158,1996,15322.0,0.0,0.651949,0.9132170000000001,MEX,PHL,711319
2651662,153,174,8158,1996,13729.0,14315.0,0.351774,0.347262,MYS,PHL,711319
2651663,163,174,8158,1996,1963.0,38219.0,1.204869,0.303062,NOR,PHL,711319
2651664,166,174,8158,1996,0.0,1107.0,0.49466099999999996,0.8302879999999999,NZL,PHL,711319
2651665,183,174,8158,1996,0.0,29938.0,-0.48203500000000005,-1.117173,QAT,PHL,711319
2651666,188,174,8158,1996,0.0,3710.0,0.215265,-0.8577309999999999,SAU,PHL,711319
2651667,192,174,8158,1996,2427914.0,0.0,0.8354299999999999,0.41169799999999995,SGP,PHL,711319
2651668,208,174,8158,1996,0.0,1201.0,2.133781,0.9099889999999999,SWE,PHL,711319
2651669,216,174,8158,1996,39489.0,14799.0,0.10120599999999999,1.351967,THA,PHL,711319
2651670,231,174,8158,1996,966707.0,554779.0,1.7110560000000001,1.125141,USA,PHL,711319
2651671,2,179,8158,1996,0.0,267591.0,-2.3109900000000003,-1.172849,AGO,PRT,711319
2651672,7,179,8158,1996,118557.0,138782.0,-0.245358,-0.726695,ARE,PRT,711319
2651673,14,179,8158,1996,0.0,9553.0,0.369697,0.78069,AUS,PRT,711319
2651674,15,179,8158,1996,0.0,51120.0,1.9216669999999998,0.659388,AUT,PRT,711319
2651675,18,179,8158,1996,141508.0,27756.0,1.549312,1.273767,BEL,PRT,711319
2651676,23,179,8158,1996,15308.0,0.0,0.544265,1.523408,BGR,PRT,711319
2651677,32,179,8158,1996,8873.0,0.0,0.699658,1.271724,BRA,PRT,711319
2651678,39,179,8158,1996,0.0,427201.0,1.155706,1.1127049999999998,CAN,PRT,711319
2651679,41,179,8158,1996,299675.0,2136348.0,2.246238,0.603288,CHE,PRT,711319
2651680,42,179,8158,1996,4394.0,0.0,-0.052811000000000004,-0.169464,CHL,PRT,711319
2651681,51,179,8158,1996,0.0,106202.0,0.247925,-0.512776,CPV,PRT,711319
2651682,59,179,8158,1996,0.0,16686.0,1.401181,1.3094709999999998,CZE,PRT,711319
2651683,61,179,8158,1996,1949974.0,334316.0,2.279976,-2.572299,DEU,PRT,711319
2651684,64,179,8158,1996,0.0,135471.0,1.443514,1.275684,DNK,PRT,711319
2651685,67,179,8158,1996,0.0,135463.0,-1.1391200000000001,-0.992735,ECU,PRT,711319
2651686,71,179,8158,1996,8435913.0,78046.0,1.105317,1.9473,ESP,PRT,711319
2651687,72,179,8158,1996,0.0,44543.0,0.53397,1.0877940000000001,EST,PRT,711319
2651688,74,179,8158,1996,0.0,496035.0,2.0584729999999998,1.006908,FIN,PRT,711319
2651689,77,179,8158,1996,4380168.0,4666228.0,1.69082,0.721312,FRA,PRT,711319
2651690,81,179,8158,1996,327578.0,479430.0,1.850284,0.883084,GBR,PRT,711319
2651691,90,179,8158,1996,263958.0,47951.0,0.271386,1.042608,GRC,PRT,711319
2651692,97,179,8158,1996,291704.0,0.0,0.54364,2.727659,HKG,PRT,711319
2651693,104,179,8158,1996,60010.0,0.0,0.20685599999999998,2.317622,IND,PRT,711319
2651694,106,179,8158,1996,0.0,13909.0,1.386011,0.9232100000000001,IRL,PRT,711319
2651695,109,179,8158,1996,0.0,3454.0,0.003558,-0.551796,ISL,PRT,711319
2651696,110,179,8158,1996,923696.0,0.0,1.054975,1.072965,ISR,PRT,711319
2651697,111,179,8158,1996,64096392.0,309753.0,1.4674690000000001,1.263362,ITA,PRT,711319
2651698,114,179,8158,1996,0.0,38388.0,2.615364,0.5656939999999999,JPN,PRT,711319
2651699,133,179,8158,1996,0.0,8296.0,-0.23007399999999997,-0.34139400000000003,MAC,PRT,711319
2651700,142,179,8158,1996,0.0,826.0,0.8825440000000001,0.066541,MLT,PRT,711319
2651701,162,179,8158,1996,0.0,54829.0,1.256625,1.803132,NLD,PRT,711319
2651702,163,179,8158,1996,1026.0,78361.0,1.204869,0.303062,NOR,PRT,711319
2651703,208,179,8158,1996,52682.0,1449348.0,2.133781,0.9099889999999999,SWE,PRT,711319
2651704,216,179,8158,1996,1216525.0,0.0,0.10120599999999999,1.351967,THA,PRT,711319
2651705,224,179,8158,1996,787837.0,7073.0,0.156866,1.554023,TUR,PRT,711319
2651706,231,179,8158,1996,214379.0,5551249.0,1.7110560000000001,1.125141,USA,PRT,711319
2651707,246,179,8158,1996,9536.0,0.0,0.456593,1.150786,ZAF,PRT,711319
2651708,250,179,8158,1996,0.0,90201.0,1.084978,0.901755,ANS,PRT,711319
2651709,8,180,8158,1996,25878.0,0.0,0.167081,0.433612,ARG,PRY,711319
2651710,32,180,8158,1996,69151.0,0.0,0.699658,1.271724,BRA,PRY,711319
2651711,41,180,8158,1996,117459.0,0.0,2.246238,0.603288,CHE,PRY,711319
2651712,42,180,8158,1996,2175.0,0.0,-0.052811000000000004,-0.169464,CHL,PRY,711319
2651713,61,180,8158,1996,57573.0,0.0,2.279976,-2.572299,DEU,PRY,711319
2651714,71,180,8158,1996,12606.0,0.0,1.105317,1.9473,ESP,PRY,711319
2651715,77,180,8158,1996,10259.0,0.0,1.69082,0.721312,FRA,PRY,711319
2651716,81,180,8158,1996,21439.0,0.0,1.850284,0.883084,GBR,PRY,711319
2651717,97,180,8158,1996,8274.0,0.0,0.54364,2.727659,HKG,PRY,711319
2651718,111,180,8158,1996,55885588.0,246475.0,1.4674690000000001,1.263362,ITA,PRY,711319
2651719,114,180,8158,1996,54588.0,0.0,2.615364,0.5656939999999999,JPN,PRY,711319
2651720,216,180,8158,1996,193298.0,0.0,0.10120599999999999,1.351967,THA,PRY,711319
2651721,231,180,8158,1996,0.0,17565.0,1.7110560000000001,1.125141,USA,PRY,711319
2651722,81,190,8158,1996,17888.0,0.0,1.850284,0.883084,GBR,SDN,711319
2651723,111,190,8158,1996,56815.0,0.0,1.4674690000000001,1.263362,ITA,SDN,711319
2651724,114,190,8158,1996,0.0,1607.0,2.615364,0.5656939999999999,JPN,SDN,711319
2651725,246,190,8158,1996,4404.0,0.0,0.456593,1.150786,ZAF,SDN,711319
2651726,97,205,8158,1996,0.0,1981.0,0.54364,2.727659,HKG,SUR,711319
2651727,7,208,8158,1996,476499.0,0.0,-0.245358,-0.726695,ARE,SWE,711319
2651728,14,208,8158,1996,0.0,2193.0,0.369697,0.78069,AUS,SWE,711319
2651729,15,208,8158,1996,34600.0,1875.0,1.9216669999999998,0.659388,AUT,SWE,711319
2651730,18,208,8158,1996,358500.0,1197.0,1.549312,1.273767,BEL,SWE,711319
2651731,26,208,8158,1996,0.0,100887.0,0.679466,0.730425,BIH,SWE,711319
2651732,32,208,8158,1996,551020.0,169685.0,0.699658,1.271724,BRA,SWE,711319
2651733,39,208,8158,1996,0.0,1333.0,1.155706,1.1127049999999998,CAN,SWE,711319
2651734,41,208,8158,1996,216749.0,95943.0,2.246238,0.603288,CHE,SWE,711319
2651735,43,208,8158,1996,174271.0,0.0,0.404422,3.061344,CHN,SWE,711319
2651736,58,208,8158,1996,17567.0,0.0,0.20007,0.020590999999999998,CYP,SWE,711319
2651737,61,208,8158,1996,3820175.0,393308.0,2.279976,-2.572299,DEU,SWE,711319
2651738,64,208,8158,1996,1836830.0,1436467.0,1.443514,1.275684,DNK,SWE,711319
2651739,71,208,8158,1996,2612450.0,21518.0,1.105317,1.9473,ESP,SWE,711319
2651740,72,208,8158,1996,0.0,5624.0,0.53397,1.0877940000000001,EST,SWE,711319
2651741,74,208,8158,1996,2507370.0,1433833.0,2.0584729999999998,1.006908,FIN,SWE,711319
2651742,77,208,8158,1996,1092471.0,0.0,1.69082,0.721312,FRA,SWE,711319
2651743,81,208,8158,1996,1321311.0,200578.0,1.850284,0.883084,GBR,SWE,711319
2651744,97,208,8158,1996,419917.0,12934.0,0.54364,2.727659,HKG,SWE,711319
2651745,100,208,8158,1996,0.0,5874.0,0.772706,1.1075270000000002,HRV,SWE,711319
2651746,102,208,8158,1996,1228.0,3767.0,0.790036,1.891534,HUN,SWE,711319
2651747,103,208,8158,1996,22504.0,0.0,-0.43199899999999997,1.22074,IDN,SWE,711319
2651748,104,208,8158,1996,1100296.0,52361.0,0.20685599999999998,2.317622,IND,SWE,711319
2651749,106,208,8158,1996,2040.0,0.0,1.386011,0.9232100000000001,IRL,SWE,711319
2651750,109,208,8158,1996,0.0,6703.0,0.003558,-0.551796,ISL,SWE,711319
2651751,110,208,8158,1996,869600.0,27169.0,1.054975,1.072965,ISR,SWE,711319
2651752,111,208,8158,1996,21238026.0,63626.0,1.4674690000000001,1.263362,ITA,SWE,711319
2651753,114,208,8158,1996,0.0,8558.0,2.615364,0.5656939999999999,JPN,SWE,711319
2651754,121,208,8158,1996,2227.0,0.0,0.8946940000000001,1.240424,KOR,SWE,711319
2651755,124,208,8158,1996,45175.0,0.0,-0.051973,0.002154,LBN,SWE,711319
2651756,128,208,8158,1996,7200.0,0.0,-0.812763,-0.188722,LKA,SWE,711319
2651757,138,208,8158,1996,9173.0,0.0,0.651949,0.9132170000000001,MEX,SWE,711319
2651758,142,208,8158,1996,168286.0,44212.0,0.8825440000000001,0.066541,MLT,SWE,711319
2651759,151,208,8158,1996,0.0,5167.0,-0.538651,-0.746274,MUS,SWE,711319
2651760,153,208,8158,1996,59651.0,70019.0,0.351774,0.347262,MYS,SWE,711319
2651761,162,208,8158,1996,416068.0,42800.0,1.256625,1.803132,NLD,SWE,711319
2651762,163,208,8158,1996,66417.0,887328.0,1.204869,0.303062,NOR,SWE,711319
2651763,169,208,8158,1996,0.0,30348.0,-0.100537,-0.374129,PAN,SWE,711319
2651764,174,208,8158,1996,1201.0,0.0,-0.276548,0.344986,PHL,SWE,711319
2651765,177,208,8158,1996,4705.0,55004.0,0.795489,1.9004729999999999,POL,SWE,711319
2651766,179,208,8158,1996,1449348.0,52682.0,0.39343,1.170144,PRT,SWE,711319
2651767,186,208,8158,1996,0.0,75939.0,0.900185,0.47723000000000004,RUS,SWE,711319
2651768,188,208,8158,1996,2539.0,10529.0,0.215265,-0.8577309999999999,SAU,SWE,711319
2651769,192,208,8158,1996,7978.0,0.0,0.8354299999999999,0.41169799999999995,SGP,SWE,711319
2651770,207,208,8158,1996,9653.0,0.0,1.409184,1.37245,SVN,SWE,711319
2651771,215,208,8158,1996,0.0,9066.0,-0.9070459999999999,-0.7702399999999999,TGO,SWE,711319
2651772,216,208,8158,1996,8318392.0,325751.0,0.10120599999999999,1.351967,THA,SWE,711319
2651773,224,208,8158,1996,2964.0,0.0,0.156866,1.554023,TUR,SWE,711319
2651774,231,208,8158,1996,296609.0,49271.0,1.7110560000000001,1.125141,USA,SWE,711319
2651775,249,208,8158,1996,48211.0,0.0,1.432225,1.675389,TWN,SWE,711319
2651776,0,216,8158,1996,0.0,9664.0,-0.681487,-0.70999,ABW,THA,711319
2651777,5,216,8158,1996,0.0,1355.0,1.0490059999999999,0.6587189999999999,AND,THA,711319
2651778,6,216,8158,1996,0.0,1232293.0,0.29339,-0.572443,ANT,THA,711319
2651779,7,216,8158,1996,1758961.0,19858202.0,-0.245358,-0.726695,ARE,THA,711319
2651780,8,216,8158,1996,0.0,90298.0,0.167081,0.433612,ARG,THA,711319
2651781,14,216,8158,1996,183551.0,8144729.0,0.369697,0.78069,AUS,THA,711319
2651782,15,216,8158,1996,25918.0,1650747.0,1.9216669999999998,0.659388,AUT,THA,711319
2651783,18,216,8158,1996,422880.0,12774458.0,1.549312,1.273767,BEL,THA,711319
2651784,22,216,8158,1996,0.0,242125.0,-1.060876,-1.05104,BGD,THA,711319
2651785,23,216,8158,1996,0.0,189922.0,0.544265,1.523408,BGR,THA,711319
2651786,24,216,8158,1996,0.0,878393.0,-0.062207000000000005,-0.840398,BHR,THA,711319
2651787,25,216,8158,1996,0.0,84898.0,0.363917,-0.380614,BHS,THA,711319
2651788,29,216,8158,1996,0.0,35196.0,-0.341173,-0.670063,BLZ,THA,711319
2651789,30,216,8158,1996,0.0,13181.0,1.037215,-0.408235,BMU,THA,711319
2651790,32,216,8158,1996,176116.0,434369.0,0.699658,1.271724,BRA,THA,711319
2651791,33,216,8158,1996,0.0,7962.0,0.9384979999999999,0.147479,BRB,THA,711319
2651792,34,216,8158,1996,0.0,200674.0,-0.848331,-0.779511,BRN,THA,711319
2651793,39,216,8158,1996,7460.0,1660269.0,1.155706,1.1127049999999998,CAN,THA,711319
2651794,41,216,8158,1996,9723713.0,44911224.0,2.246238,0.603288,CHE,THA,711319
2651795,42,216,8158,1996,0.0,33397.0,-0.052811000000000004,-0.169464,CHL,THA,711319
2651796,43,216,8158,1996,403785.0,63511.0,0.404422,3.061344,CHN,THA,711319
2651797,45,216,8158,1996,29482.0,0.0,-1.4036309999999999,-1.090633,CMR,THA,711319
2651798,52,216,8158,1996,0.0,8034.0,-0.34219499999999997,0.12221900000000001,CRI,THA,711319
2651799,58,216,8158,1996,8615.0,118460.0,0.20007,0.020590999999999998,CYP,THA,711319
2651800,59,216,8158,1996,0.0,119391.0,1.401181,1.3094709999999998,CZE,THA,711319
2651801,61,216,8158,1996,6662466.0,73064880.0,2.279976,-2.572299,DEU,THA,711319
2651802,64,216,8158,1996,839.0,1556078.0,1.443514,1.275684,DNK,THA,711319
2651803,66,216,8158,1996,0.0,6329.0,-0.33419699999999997,-1.035736,DZA,THA,711319
2651804,67,216,8158,1996,0.0,143608.0,-1.1391200000000001,-0.992735,ECU,THA,711319
2651805,68,216,8158,1996,31469.0,158626.0,-0.5446409999999999,-0.229586,EGY,THA,711319
2651806,71,216,8158,1996,4671.0,3492000.0,1.105317,1.9473,ESP,THA,711319
2651807,72,216,8158,1996,0.0,36430.0,0.53397,1.0877940000000001,EST,THA,711319
2651808,74,216,8158,1996,16425.0,2016767.0,2.0584729999999998,1.006908,FIN,THA,711319
2651809,75,216,8158,1996,0.0,22968.0,-0.7977,-0.9271879999999999,FJI,THA,711319
2651810,77,216,8158,1996,720168.0,32496136.0,1.69082,0.721312,FRA,THA,711319
2651811,81,216,8158,1996,12965672.0,18552770.0,1.850284,0.883084,GBR,THA,711319
2651812,82,216,8158,1996,0.0,127159.0,0.5383020000000001,0.167596,GEO,THA,711319
2651813,90,216,8158,1996,4208.0,1640773.0,0.271386,1.042608,GRC,THA,711319
2651814,93,216,8158,1996,0.0,40854.0,-0.332901,0.23790300000000003,GTM,THA,711319
2651815,97,216,8158,1996,9319210.0,21222828.0,0.54364,2.727659,HKG,THA,711319
2651816,103,216,8158,1996,138980.0,753946.0,-0.43199899999999997,1.22074,IDN,THA,711319
2651817,104,216,8158,1996,588994.0,894618.0,0.20685599999999998,2.317622,IND,THA,711319
2651818,106,216,8158,1996,0.0,630693.0,1.386011,0.9232100000000001,IRL,THA,711319
2651819,109,216,8158,1996,0.0,11921.0,0.003558,-0.551796,ISL,THA,711319
2651820,110,216,8158,1996,1670603.0,18262868.0,1.054975,1.072965,ISR,THA,711319
2651821,111,216,8158,1996,4722339.0,6111019.0,1.4674690000000001,1.263362,ITA,THA,711319
2651822,112,216,8158,1996,0.0,71097.0,-0.6344350000000001,-0.814916,JAM,THA,711319
2651823,113,216,8158,1996,0.0,154760.0,0.12203499999999999,-0.41859399999999997,JOR,THA,711319
2651824,114,216,8158,1996,1631274.0,128439344.0,2.615364,0.5656939999999999,JPN,THA,711319
2651825,116,216,8158,1996,0.0,21531.0,-0.468322,-0.017625,KEN,THA,711319
2651826,117,216,8158,1996,0.0,51572.0,0.350901,0.529512,KGZ,THA,711319
2651827,120,216,8158,1996,0.0,11478.0,0.546384,-0.463373,KNA,THA,711319
2651828,121,216,8158,1996,9628.0,494479.0,0.8946940000000001,1.240424,KOR,THA,711319
2651829,122,216,8158,1996,11952.0,416677.0,-0.27174499999999996,-1.098243,KWT,THA,711319
2651830,124,216,8158,1996,308466.0,865582.0,-0.051973,0.002154,LBN,THA,711319
2651831,128,216,8158,1996,85363.0,407660.0,-0.812763,-0.188722,LKA,THA,711319
2651832,130,216,8158,1996,0.0,6739.0,0.40520500000000004,0.9465950000000001,LTU,THA,711319
2651833,132,216,8158,1996,0.0,7466.0,0.33418600000000004,0.1615,LVA,THA,711319
2651834,137,216,8158,1996,0.0,200569.0,-1.107903,-1.016442,MDV,THA,711319
2651835,138,216,8158,1996,0.0,150877.0,0.651949,0.9132170000000001,MEX,THA,711319
2651836,141,216,8158,1996,0.0,19433.0,-0.987858,-0.9677040000000001,MLI,THA,711319
2651837,142,216,8158,1996,0.0,127335.0,0.8825440000000001,0.066541,MLT,THA,711319
2651838,143,216,8158,1996,0.0,31444.0,-1.556357,-1.078395,MMR,THA,711319
2651839,151,216,8158,1996,0.0,780546.0,-0.538651,-0.746274,MUS,THA,711319
2651840,153,216,8158,1996,22881.0,1776259.0,0.351774,0.347262,MYS,THA,711319
2651841,162,216,8158,1996,7732.0,4426730.0,1.256625,1.803132,NLD,THA,711319
2651842,163,216,8158,1996,1418.0,870098.0,1.204869,0.303062,NOR,THA,711319
2651843,166,216,8158,1996,17410.0,163818.0,0.49466099999999996,0.8302879999999999,NZL,THA,711319
2651844,167,216,8158,1996,0.0,758523.0,-0.10243499999999998,-0.8425879999999999,OMN,THA,711319
2651845,168,216,8158,1996,0.0,12667.0,-0.7543300000000001,-0.393654,PAK,THA,711319
2651846,169,216,8158,1996,0.0,1365989.0,-0.100537,-0.374129,PAN,THA,711319
2651847,173,216,8158,1996,20450.0,38292.0,-0.43761000000000005,-0.28077399999999997,PER,THA,711319
2651848,174,216,8158,1996,14799.0,39489.0,-0.276548,0.344986,PHL,THA,711319
2651849,177,216,8158,1996,0.0,1203.0,0.795489,1.9004729999999999,POL,THA,711319
2651850,179,216,8158,1996,0.0,1216525.0,0.39343,1.170144,PRT,THA,711319
2651851,180,216,8158,1996,0.0,193298.0,-0.506178,-0.712851,PRY,THA,711319
2651852,182,216,8158,1996,0.0,4600.0,0.845308,-0.31763,PYF,THA,711319
2651853,183,216,8158,1996,0.0,499422.0,-0.48203500000000005,-1.117173,QAT,THA,711319
2651854,185,216,8158,1996,0.0,3482.0,0.612035,0.880964,ROU,THA,711319
2651855,186,216,8158,1996,0.0,386258.0,0.900185,0.47723000000000004,RUS,THA,711319
2651856,188,216,8158,1996,26992.0,1591649.0,0.215265,-0.8577309999999999,SAU,THA,711319
2651857,192,216,8158,1996,1110609.0,5087246.0,0.8354299999999999,0.41169799999999995,SGP,THA,711319
2651858,206,216,8158,1996,0.0,5103.0,1.189398,1.29167,SVK,THA,711319
2651859,208,216,8158,1996,325751.0,8318392.0,2.133781,0.9099889999999999,SWE,THA,711319
2651860,222,216,8158,1996,0.0,7856.0,0.19111,-0.488382,TTO,THA,711319
2651861,224,216,8158,1996,0.0,234366.0,0.156866,1.554023,TUR,THA,711319
2651862,226,216,8158,1996,0.0,5691.0,-1.391534,-0.907436,TZA,THA,711319
2651863,228,216,8158,1996,0.0,9536.0,0.896537,0.9241459999999999,UKR,THA,711319
2651864,230,216,8158,1996,0.0,92261.0,0.171541,0.313934,URY,THA,711319
2651865,231,216,8158,1996,43934548.0,189233152.0,1.7110560000000001,1.125141,USA,THA,711319
2651866,237,216,8158,1996,0.0,157567.0,0.602529,-0.280171,VGB,THA,711319
2651867,239,216,8158,1996,0.0,27888.0,-0.9336469999999999,-0.10985199999999999,VNM,THA,711319
2651868,246,216,8158,1996,0.0,178988.0,0.456593,1.150786,ZAF,THA,711319
2651869,249,216,8158,1996,164146.0,3362656.0,1.432225,1.675389,TWN,THA,711319
2651870,250,216,8158,1996,0.0,685075.0,1.084978,0.901755,ANS,THA,711319
2651871,6,222,8158,1996,0.0,17153.0,0.29339,-0.572443,ANT,TTO,711319
2651872,13,222,8158,1996,0.0,2743.0,0.408319,-0.21640700000000002,ATG,TTO,711319
2651873,33,222,8158,1996,0.0,190207.0,0.9384979999999999,0.147479,BRB,TTO,711319
2651874,39,222,8158,1996,3361.0,4301.0,1.155706,1.1127049999999998,CAN,TTO,711319
2651875,61,222,8158,1996,18203.0,0.0,2.279976,-2.572299,DEU,TTO,711319
2651876,81,222,8158,1996,1309.0,0.0,1.850284,0.883084,GBR,TTO,711319
2651877,91,222,8158,1996,0.0,29067.0,0.285534,-0.37242600000000003,GRD,TTO,711319
2651878,104,222,8158,1996,37889.0,0.0,0.20685599999999998,2.317622,IND,TTO,711319
2651879,111,222,8158,1996,80968.0,0.0,1.4674690000000001,1.263362,ITA,TTO,711319
2651880,120,222,8158,1996,0.0,1564.0,0.546384,-0.463373,KNA,TTO,711319
2651881,127,222,8158,1996,0.0,14397.0,0.016224000000000002,-0.664312,LCA,TTO,711319
2651882,216,222,8158,1996,7856.0,0.0,0.10120599999999999,1.351967,THA,TTO,711319
2651883,231,222,8158,1996,7072.0,165942.0,1.7110560000000001,1.125141,USA,TTO,711319
2651884,234,222,8158,1996,0.0,47571.0,-0.123896,-0.5798989999999999,VCT,TTO,711319
2651885,4,224,8158,1996,0.0,15499.0,-0.309992,-0.039541,ALB,TUR,711319
2651886,7,224,8158,1996,325985.0,8212349.0,-0.245358,-0.726695,ARE,TUR,711319
2651887,14,224,8158,1996,0.0,446101.0,0.369697,0.78069,AUS,TUR,711319
2651888,15,224,8158,1996,134564.0,1342762.0,1.9216669999999998,0.659388,AUT,TUR,711319
2651889,18,224,8158,1996,3111766.0,75986.0,1.549312,1.273767,BEL,TUR,711319
2651890,23,224,8158,1996,0.0,223105.0,0.544265,1.523408,BGR,TUR,711319
2651891,24,224,8158,1996,0.0,35647.0,-0.062207000000000005,-0.840398,BHR,TUR,711319
2651892,32,224,8158,1996,1033.0,0.0,0.699658,1.271724,BRA,TUR,711319
2651893,39,224,8158,1996,0.0,162312.0,1.155706,1.1127049999999998,CAN,TUR,711319
2651894,41,224,8158,1996,3939662.0,1314801.0,2.246238,0.603288,CHE,TUR,711319
2651895,58,224,8158,1996,0.0,288730.0,0.20007,0.020590999999999998,CYP,TUR,711319
2651896,59,224,8158,1996,110039.0,333417.0,1.401181,1.3094709999999998,CZE,TUR,711319
2651897,61,224,8158,1996,5608755.0,22853820.0,2.279976,-2.572299,DEU,TUR,711319
2651898,71,224,8158,1996,6905.0,165166.0,1.105317,1.9473,ESP,TUR,711319
2651899,72,224,8158,1996,0.0,23965.0,0.53397,1.0877940000000001,EST,TUR,711319
2651900,74,224,8158,1996,2551.0,3325.0,2.0584729999999998,1.006908,FIN,TUR,711319
2651901,77,224,8158,1996,664780.0,1340225.0,1.69082,0.721312,FRA,TUR,711319
2651902,81,224,8158,1996,463666.0,751826.0,1.850284,0.883084,GBR,TUR,711319
2651903,97,224,8158,1996,0.0,177916.0,0.54364,2.727659,HKG,TUR,711319
2651904,104,224,8158,1996,6057.0,0.0,0.20685599999999998,2.317622,IND,TUR,711319
2651905,110,224,8158,1996,167755.0,40239.0,1.054975,1.072965,ISR,TUR,711319
2651906,111,224,8158,1996,20968594.0,64221.0,1.4674690000000001,1.263362,ITA,TUR,711319
2651907,114,224,8158,1996,0.0,4653962.0,2.615364,0.5656939999999999,JPN,TUR,711319
2651908,122,224,8158,1996,0.0,559640.0,-0.27174499999999996,-1.098243,KWT,TUR,711319
2651909,128,224,8158,1996,2080.0,0.0,-0.812763,-0.188722,LKA,TUR,711319
2651910,130,224,8158,1996,0.0,33362.0,0.40520500000000004,0.9465950000000001,LTU,TUR,711319
2651911,132,224,8158,1996,0.0,23173.0,0.33418600000000004,0.1615,LVA,TUR,711319
2651912,142,224,8158,1996,0.0,98886.0,0.8825440000000001,0.066541,MLT,TUR,711319
2651913,162,224,8158,1996,0.0,681638.0,1.256625,1.803132,NLD,TUR,711319
2651914,163,224,8158,1996,0.0,3137.0,1.204869,0.303062,NOR,TUR,711319
2651915,166,224,8158,1996,0.0,63601.0,0.49466099999999996,0.8302879999999999,NZL,TUR,711319
2651916,169,224,8158,1996,0.0,157864.0,-0.100537,-0.374129,PAN,TUR,711319
2651917,179,224,8158,1996,7073.0,787837.0,0.39343,1.170144,PRT,TUR,711319
2651918,185,224,8158,1996,0.0,1151890.0,0.612035,0.880964,ROU,TUR,711319
2651919,186,224,8158,1996,0.0,158109.0,0.900185,0.47723000000000004,RUS,TUR,711319
2651920,188,224,8158,1996,0.0,84196.0,0.215265,-0.8577309999999999,SAU,TUR,711319
2651921,189,224,8158,1996,0.0,6264.0,0.786293,2.20126,SCG,TUR,711319
2651922,192,224,8158,1996,0.0,1966448.0,0.8354299999999999,0.41169799999999995,SGP,TUR,711319
2651923,206,224,8158,1996,235676.0,689713.0,1.189398,1.29167,SVK,TUR,711319
2651924,207,224,8158,1996,0.0,3234.0,1.409184,1.37245,SVN,TUR,711319
2651925,208,224,8158,1996,0.0,2964.0,2.133781,0.9099889999999999,SWE,TUR,711319
2651926,216,224,8158,1996,234366.0,0.0,0.10120599999999999,1.351967,THA,TUR,711319
2651927,228,224,8158,1996,0.0,17953.0,0.896537,0.9241459999999999,UKR,TUR,711319
2651928,231,224,8158,1996,352249.0,46621692.0,1.7110560000000001,1.125141,USA,TUR,711319
2651929,232,224,8158,1996,0.0,59499.0,-0.17393499999999998,-0.727476,UZB,TUR,711319
2651930,249,224,8158,1996,4770.0,29175.0,1.432225,1.675389,TWN,TUR,711319
2651931,250,224,8158,1996,0.0,596050.0,1.084978,0.901755,ANS,TUR,711319
2651932,6,230,8158,1996,102289.0,0.0,0.29339,-0.572443,ANT,URY,711319
2651933,8,230,8158,1996,137243.0,0.0,0.167081,0.433612,ARG,URY,711319
2651934,32,230,8158,1996,130830.0,0.0,0.699658,1.271724,BRA,URY,711319
2651935,41,230,8158,1996,137536.0,0.0,2.246238,0.603288,CHE,URY,711319
2651936,43,230,8158,1996,0.0,3697.0,0.404422,3.061344,CHN,URY,711319
2651937,61,230,8158,1996,242112.0,12377.0,2.279976,-2.572299,DEU,URY,711319
2651938,71,230,8158,1996,79690.0,0.0,1.105317,1.9473,ESP,URY,711319
2651939,77,230,8158,1996,89337.0,0.0,1.69082,0.721312,FRA,URY,711319
2651940,81,230,8158,1996,2025.0,0.0,1.850284,0.883084,GBR,URY,711319
2651941,97,230,8158,1996,29793.0,0.0,0.54364,2.727659,HKG,URY,711319
2651942,111,230,8158,1996,25181938.0,30365.0,1.4674690000000001,1.263362,ITA,URY,711319
2651943,169,230,8158,1996,24758.0,0.0,-0.100537,-0.374129,PAN,URY,711319
2651944,216,230,8158,1996,92261.0,0.0,0.10120599999999999,1.351967,THA,URY,711319
2651945,231,230,8158,1996,10281.0,17339.0,1.7110560000000001,1.125141,USA,URY,711319
2651946,0,231,8158,1996,5624.0,1868206.0,-0.681487,-0.70999,ABW,USA,711319
2651947,3,231,8158,1996,0.0,18779.0,0.9183969999999999,-0.126271,AIA,USA,711319
2651948,6,231,8158,1996,1886526.0,11372205.0,0.29339,-0.572443,ANT,USA,711319
2651949,7,231,8158,1996,2418604.0,7418790.0,-0.245358,-0.726695,ARE,USA,711319
2651950,8,231,8158,1996,121439.0,50500.0,0.167081,0.433612,ARG,USA,711319
2651951,9,231,8158,1996,0.0,52736.0,0.8798090000000001,0.05873300000000001,ARM,USA,711319
2651952,13,231,8158,1996,2728.0,999235.0,0.408319,-0.21640700000000002,ATG,USA,711319
2651953,14,231,8158,1996,741530.0,3752507.0,0.369697,0.78069,AUS,USA,711319
2651954,15,231,8158,1996,599896.0,2328304.0,1.9216669999999998,0.659388,AUT,USA,711319
2651955,18,231,8158,1996,3588488.0,825141.0,1.549312,1.273767,BEL,USA,711319
2651956,22,231,8158,1996,216608.0,0.0,-1.060876,-1.05104,BGD,USA,711319
2651957,24,231,8158,1996,36413.0,710737.0,-0.062207000000000005,-0.840398,BHR,USA,711319
2651958,25,231,8158,1996,105237.0,3718746.0,0.363917,-0.380614,BHS,USA,711319
2651959,28,231,8158,1996,0.0,3765.0,0.7285550000000001,0.660716,BLR,USA,711319
2651960,30,231,8158,1996,18040.0,1110902.0,1.037215,-0.408235,BMU,USA,711319
2651961,31,231,8158,1996,65744512.0,1224909.0,-0.589432,-0.7781,BOL,USA,711319
2651962,32,231,8158,1996,6295368.0,468961.0,0.699658,1.271724,BRA,USA,711319
2651963,33,231,8158,1996,12552.0,1473524.0,0.9384979999999999,0.147479,BRB,USA,711319
2651964,39,231,8158,1996,94722680.0,59007176.0,1.155706,1.1127049999999998,CAN,USA,711319
2651965,41,231,8158,1996,55516756.0,186382976.0,2.246238,0.603288,CHE,USA,711319
2651966,42,231,8158,1996,1093663.0,23735.0,-0.052811000000000004,-0.169464,CHL,USA,711319
2651967,43,231,8158,1996,28389434.0,142422.0,0.404422,3.061344,CHN,USA,711319
2651968,44,231,8158,1996,44621.0,0.0,-0.8720459999999999,-0.7904479999999999,CIV,USA,711319
2651969,48,231,8158,1996,3986.0,0.0,0.053446,-0.556272,COK,USA,711319
2651970,49,231,8158,1996,2497686.0,77249.0,0.136487,0.078743,COL,USA,711319
2651971,52,231,8158,1996,42122004.0,4837.0,-0.34219499999999997,0.12221900000000001,CRI,USA,711319
2651972,57,231,8158,1996,167893.0,1819102.0,0.532622,-0.428501,CYM,USA,711319
2651973,58,231,8158,1996,0.0,1370.0,0.20007,0.020590999999999998,CYP,USA,711319
2651974,59,231,8158,1996,704476.0,75950.0,1.401181,1.3094709999999998,CZE,USA,711319
2651975,61,231,8158,1996,33439914.0,16168562.0,2.279976,-2.572299,DEU,USA,711319
2651976,63,231,8158,1996,45913.0,2694.0,0.44934399999999997,-0.023771,DMA,USA,711319
2651977,64,231,8158,1996,244784.0,187621.0,1.443514,1.275684,DNK,USA,711319
2651978,65,231,8158,1996,99215392.0,3854093.0,-0.596093,-0.5602060000000001,DOM,USA,711319
2651979,67,231,8158,1996,5848066.0,0.0,-1.1391200000000001,-0.992735,ECU,USA,711319
2651980,68,231,8158,1996,342590.0,6006.0,-0.5446409999999999,-0.229586,EGY,USA,711319
2651981,71,231,8158,1996,20533498.0,944121.0,1.105317,1.9473,ESP,USA,711319
2651982,72,231,8158,1996,1149.0,8751.0,0.53397,1.0877940000000001,EST,USA,711319
2651983,73,231,8158,1996,1706.0,0.0,-1.265383,-1.131925,ETH,USA,711319
2651984,74,231,8158,1996,284550.0,845558.0,2.0584729999999998,1.006908,FIN,USA,711319
2651985,75,231,8158,1996,0.0,8069.0,-0.7977,-0.9271879999999999,FJI,USA,711319
2651986,77,231,8158,1996,28471394.0,30303432.0,1.69082,0.721312,FRA,USA,711319
2651987,81,231,8158,1996,45820920.0,37311472.0,1.850284,0.883084,GBR,USA,711319
2651988,82,231,8158,1996,0.0,9334.0,0.5383020000000001,0.167596,GEO,USA,711319
2651989,83,231,8158,1996,15699.0,3900.0,-1.035244,-0.9834129999999999,GHA,USA,711319
2651990,84,231,8158,1996,12076.0,0.0,0.932001,-0.20733400000000002,GIB,USA,711319
2651991,90,231,8158,1996,1706568.0,501753.0,0.271386,1.042608,GRC,USA,711319
2651992,91,231,8158,1996,0.0,107046.0,0.285534,-0.37242600000000003,GRD,USA,711319
2651993,93,231,8158,1996,9162.0,214516.0,-0.332901,0.23790300000000003,GTM,USA,711319
2651994,97,231,8158,1996,335315520.0,100515992.0,0.54364,2.727659,HKG,USA,711319
2651995,99,231,8158,1996,3979.0,59101.0,-0.69357,-0.48721400000000004,HND,USA,711319
2651996,102,231,8158,1996,43480.0,1371.0,0.790036,1.891534,HUN,USA,711319
2651997,103,231,8158,1996,7119777.0,3662714.0,-0.43199899999999997,1.22074,IDN,USA,711319
2651998,104,231,8158,1996,274004704.0,9181211.0,0.20685599999999998,2.317622,IND,USA,711319
2651999,106,231,8158,1996,1313855.0,110516.0,1.386011,0.9232100000000001,IRL,USA,711319
2652000,109,231,8158,1996,46942.0,4305.0,0.003558,-0.551796,ISL,USA,711319
2652001,110,231,8158,1996,289502432.0,15841361.0,1.054975,1.072965,ISR,USA,711319
2652002,111,231,8158,1996,1169997568.0,12648290.0,1.4674690000000001,1.263362,ITA,USA,711319
2652003,112,231,8158,1996,1836.0,2272074.0,-0.6344350000000001,-0.814916,JAM,USA,711319
2652004,113,231,8158,1996,2808857.0,224528.0,0.12203499999999999,-0.41859399999999997,JOR,USA,711319
2652005,114,231,8158,1996,5924841.0,126704816.0,2.615364,0.5656939999999999,JPN,USA,711319
2652006,116,231,8158,1996,4474.0,0.0,-0.468322,-0.017625,KEN,USA,711319
2652007,120,231,8158,1996,1897.0,165878.0,0.546384,-0.463373,KNA,USA,711319
2652008,121,231,8158,1996,17332124.0,3351136.0,0.8946940000000001,1.240424,KOR,USA,711319
2652009,122,231,8158,1996,21132.0,330933.0,-0.27174499999999996,-1.098243,KWT,USA,711319
2652010,124,231,8158,1996,4993536.0,506745.0,-0.051973,0.002154,LBN,USA,711319
2652011,127,231,8158,1996,6887.0,3320905.0,0.016224000000000002,-0.664312,LCA,USA,711319
2652012,128,231,8158,1996,186005.0,327168.0,-0.812763,-0.188722,LKA,USA,711319
2652013,132,231,8158,1996,0.0,126691.0,0.33418600000000004,0.1615,LVA,USA,711319
2652014,133,231,8158,1996,14892.0,0.0,-0.23007399999999997,-0.34139400000000003,MAC,USA,711319
2652015,135,231,8158,1996,326925.0,0.0,0.198427,0.026004000000000003,MDA,USA,711319
2652016,136,231,8158,1996,3629.0,0.0,-1.213619,-0.606686,MDG,USA,711319
2652017,138,231,8158,1996,82880232.0,10590288.0,0.651949,0.9132170000000001,MEX,USA,711319
2652018,140,231,8158,1996,440543.0,501.0,0.316133,0.933068,MKD,USA,711319
2652019,142,231,8158,1996,24222680.0,5999.0,0.8825440000000001,0.066541,MLT,USA,711319
2652020,143,231,8158,1996,14277.0,0.0,-1.556357,-1.078395,MMR,USA,711319
2652021,151,231,8158,1996,426136.0,703364.0,-0.538651,-0.746274,MUS,USA,711319
2652022,153,231,8158,1996,28799704.0,572635.0,0.351774,0.347262,MYS,USA,711319
2652023,157,231,8158,1996,1101.0,0.0,-0.594771,-0.643008,NER,USA,711319
2652024,160,231,8158,1996,9459950.0,0.0,-0.767799,-0.737816,NIC,USA,711319
2652025,162,231,8158,1996,352316.0,772755.0,1.256625,1.803132,NLD,USA,711319
2652026,163,231,8158,1996,58475.0,5831.0,1.204869,0.303062,NOR,USA,711319
2652027,164,231,8158,1996,301837.0,0.0,-0.7390100000000001,-0.647903,NPL,USA,711319
2652028,166,231,8158,1996,341853.0,49876.0,0.49466099999999996,0.8302879999999999,NZL,USA,711319
2652029,167,231,8158,1996,6494956.0,0.0,-0.10243499999999998,-0.8425879999999999,OMN,USA,711319
2652030,168,231,8158,1996,3024261.0,103827.0,-0.7543300000000001,-0.393654,PAK,USA,711319
2652031,169,231,8158,1996,148610.0,214150.0,-0.100537,-0.374129,PAN,USA,711319
2652032,173,231,8158,1996,94050896.0,19462818.0,-0.43761000000000005,-0.28077399999999997,PER,USA,711319
2652033,174,231,8158,1996,554779.0,966707.0,-0.276548,0.344986,PHL,USA,711319
2652034,177,231,8158,1996,181204.0,3388.0,0.795489,1.9004729999999999,POL,USA,711319
2652035,179,231,8158,1996,5551249.0,214379.0,0.39343,1.170144,PRT,USA,711319
2652036,180,231,8158,1996,17565.0,0.0,-0.506178,-0.712851,PRY,USA,711319
2652037,182,231,8158,1996,207493.0,30934.0,0.845308,-0.31763,PYF,USA,711319
2652038,183,231,8158,1996,0.0,7737.0,-0.48203500000000005,-1.117173,QAT,USA,711319
2652039,186,231,8158,1996,115692.0,511418.0,0.900185,0.47723000000000004,RUS,USA,711319
2652040,188,231,8158,1996,117088.0,241811.0,0.215265,-0.8577309999999999,SAU,USA,711319
2652041,189,231,8158,1996,60248.0,0.0,0.786293,2.20126,SCG,USA,711319
2652042,192,231,8158,1996,2266989.0,26180896.0,0.8354299999999999,0.41169799999999995,SGP,USA,711319
2652043,197,231,8158,1996,0.0,51619.0,-0.24968800000000002,-0.121995,SLV,USA,711319
2652044,206,231,8158,1996,2528.0,26420.0,1.189398,1.29167,SVK,USA,711319
2652045,207,231,8158,1996,3136376.0,25487.0,1.409184,1.37245,SVN,USA,711319
2652046,208,231,8158,1996,49271.0,296609.0,2.133781,0.9099889999999999,SWE,USA,711319
2652047,211,231,8158,1996,0.0,3955.0,0.239125,-0.458433,SYC,USA,711319
2652048,213,231,8158,1996,0.0,195355.0,-0.371632,-0.7145560000000001,TCA,USA,711319
2652049,216,231,8158,1996,189233152.0,43934548.0,0.10120599999999999,1.351967,THA,USA,711319
2652050,222,231,8158,1996,165942.0,7072.0,0.19111,-0.488382,TTO,USA,711319
2652051,223,231,8158,1996,43991.0,3117.0,-0.28546,-0.089051,TUN,USA,711319
2652052,224,231,8158,1996,46621692.0,352249.0,0.156866,1.554023,TUR,USA,711319
2652053,226,231,8158,1996,2208937.0,0.0,-1.391534,-0.907436,TZA,USA,711319
2652054,228,231,8158,1996,21699.0,0.0,0.896537,0.9241459999999999,UKR,USA,711319
2652055,230,231,8158,1996,17339.0,10281.0,0.171541,0.313934,URY,USA,711319
2652056,234,231,8158,1996,2439956.0,0.0,-0.123896,-0.5798989999999999,VCT,USA,711319
2652057,236,231,8158,1996,1357505.0,11248.0,0.07086100000000001,-0.761307,VEN,USA,711319
2652058,237,231,8158,1996,111699.0,236877.0,0.602529,-0.280171,VGB,USA,711319
2652059,239,231,8158,1996,7964.0,0.0,-0.9336469999999999,-0.10985199999999999,VNM,USA,711319
2652060,246,231,8158,1996,3030850.0,228299.0,0.456593,1.150786,ZAF,USA,711319
2652061,248,231,8158,1996,5353230.0,1003092.0,-0.393769,-0.34379,ZWE,USA,711319
2652062,249,231,8158,1996,1104944.0,7330086.0,1.432225,1.675389,TWN,USA,711319
2652063,6,236,8158,1996,312390.0,70105.0,0.29339,-0.572443,ANT,VEN,711319
2652064,8,236,8158,1996,0.0,13924.0,0.167081,0.433612,ARG,VEN,711319
2652065,18,236,8158,1996,23119.0,0.0,1.549312,1.273767,BEL,VEN,711319
2652066,32,236,8158,1996,28439.0,0.0,0.699658,1.271724,BRA,VEN,711319
2652067,41,236,8158,1996,97921.0,0.0,2.246238,0.603288,CHE,VEN,711319
2652068,49,236,8158,1996,38889.0,9550.0,0.136487,0.078743,COL,VEN,711319
2652069,61,236,8158,1996,44106.0,4692.0,2.279976,-2.572299,DEU,VEN,711319
2652070,71,236,8158,1996,476548.0,4747.0,1.105317,1.9473,ESP,VEN,711319
2652071,77,236,8158,1996,29139.0,0.0,1.69082,0.721312,FRA,VEN,711319
2652072,81,236,8158,1996,184137.0,0.0,1.850284,0.883084,GBR,VEN,711319
2652073,97,236,8158,1996,13474.0,0.0,0.54364,2.727659,HKG,VEN,711319
2652074,110,236,8158,1996,11862.0,0.0,1.054975,1.072965,ISR,VEN,711319
2652075,111,236,8158,1996,4497036.0,0.0,1.4674690000000001,1.263362,ITA,VEN,711319
2652076,138,236,8158,1996,3231.0,0.0,0.651949,0.9132170000000001,MEX,VEN,711319
2652077,169,236,8158,1996,41455.0,0.0,-0.100537,-0.374129,PAN,VEN,711319
2652078,231,236,8158,1996,11248.0,1357505.0,1.7110560000000001,1.125141,USA,VEN,711319
2652079,7,14,8158,1996,53551.0,68299.0,-0.245358,-0.726695,ARE,AUS,711319
2652080,8,14,8158,1996,22187.0,0.0,0.167081,0.433612,ARG,AUS,711319
2652081,15,14,8158,1996,0.0,12651.0,1.9216669999999998,0.659388,AUT,AUS,711319
2652082,18,14,8158,1996,30104.0,27656.0,1.549312,1.273767,BEL,AUS,711319
2652083,31,14,8158,1996,2521.0,0.0,-0.589432,-0.7781,BOL,AUS,711319
2652084,39,14,8158,1996,280710.0,7823.0,1.155706,1.1127049999999998,CAN,AUS,711319
2652085,41,14,8158,1996,692403.0,187740.0,2.246238,0.603288,CHE,AUS,711319
2652086,43,14,8158,1996,2554546.0,109453.0,0.404422,3.061344,CHN,AUS,711319
2652087,48,14,8158,1996,0.0,24183.0,0.053446,-0.556272,COK,AUS,711319
2652088,49,14,8158,1996,1391.0,0.0,0.136487,0.078743,COL,AUS,711319
2652089,56,14,8158,1996,0.0,1178.0,0.8724709999999999,-0.499449,CXR,AUS,711319
2652090,58,14,8158,1996,8570.0,0.0,0.20007,0.020590999999999998,CYP,AUS,711319
2652091,59,14,8158,1996,0.0,27135.0,1.401181,1.3094709999999998,CZE,AUS,711319
2652092,61,14,8158,1996,3108100.0,66088.0,2.279976,-2.572299,DEU,AUS,711319
2652093,64,14,8158,1996,24212.0,11778.0,1.443514,1.275684,DNK,AUS,711319
2652094,71,14,8158,1996,802825.0,12882.0,1.105317,1.9473,ESP,AUS,711319
2652095,75,14,8158,1996,64141.0,657520.0,-0.7977,-0.9271879999999999,FJI,AUS,711319
2652096,77,14,8158,1996,570803.0,5082.0,1.69082,0.721312,FRA,AUS,711319
2652097,81,14,8158,1996,4143140.0,570467.0,1.850284,0.883084,GBR,AUS,711319
2652098,90,14,8158,1996,64971.0,1154.0,0.271386,1.042608,GRC,AUS,711319
2652099,97,14,8158,1996,5465587.0,2837734.0,0.54364,2.727659,HKG,AUS,711319
2652100,102,14,8158,1996,1313.0,0.0,0.790036,1.891534,HUN,AUS,711319
2652101,103,14,8158,1996,40317.0,179955.0,-0.43199899999999997,1.22074,IDN,AUS,711319
2652102,104,14,8158,1996,2747515.0,28117.0,0.20685599999999998,2.317622,IND,AUS,711319
2652103,106,14,8158,1996,3128.0,2402.0,1.386011,0.9232100000000001,IRL,AUS,711319
2652104,109,14,8158,1996,1458.0,0.0,0.003558,-0.551796,ISL,AUS,711319
2652105,110,14,8158,1996,1466174.0,17882.0,1.054975,1.072965,ISR,AUS,711319
2652106,111,14,8158,1996,38354656.0,789029.0,1.4674690000000001,1.263362,ITA,AUS,711319
2652107,114,14,8158,1996,267227.0,1603942.0,2.615364,0.5656939999999999,JPN,AUS,711319
2652108,121,14,8158,1996,213055.0,16290.0,0.8946940000000001,1.240424,KOR,AUS,711319
2652109,122,14,8158,1996,0.0,1419.0,-0.27174499999999996,-1.098243,KWT,AUS,711319
2652110,124,14,8158,1996,60560.0,27385.0,-0.051973,0.002154,LBN,AUS,711319
2652111,128,14,8158,1996,26796.0,41988.0,-0.812763,-0.188722,LKA,AUS,711319
2652112,138,14,8158,1996,21380.0,6969.0,0.651949,0.9132170000000001,MEX,AUS,711319
2652113,142,14,8158,1996,23616.0,0.0,0.8825440000000001,0.066541,MLT,AUS,711319
2652114,151,14,8158,1996,0.0,4562.0,-0.538651,-0.746274,MUS,AUS,711319
2652115,153,14,8158,1996,153229.0,221002.0,0.351774,0.347262,MYS,AUS,711319
2652116,156,14,8158,1996,0.0,3270.0,-0.951583,-0.785157,NCL,AUS,711319
2652117,158,14,8158,1996,0.0,31064.0,1.297072,-0.45753299999999997,NFK,AUS,711319
2652118,162,14,8158,1996,65744.0,3958.0,1.256625,1.803132,NLD,AUS,711319
2652119,163,14,8158,1996,3771.0,0.0,1.204869,0.303062,NOR,AUS,711319
2652120,166,14,8158,1996,18840638.0,8471216.0,0.49466099999999996,0.8302879999999999,NZL,AUS,711319
2652121,173,14,8158,1996,20898.0,0.0,-0.43761000000000005,-0.28077399999999997,PER,AUS,711319
2652122,174,14,8158,1996,1911.0,0.0,-0.276548,0.344986,PHL,AUS,711319
2652123,176,14,8158,1996,0.0,93503.0,-2.120746,-1.2199879999999999,PNG,AUS,711319
2652124,177,14,8158,1996,8538.0,0.0,0.795489,1.9004729999999999,POL,AUS,711319
2652125,179,14,8158,1996,9553.0,0.0,0.39343,1.170144,PRT,AUS,711319
2652126,182,14,8158,1996,2996.0,4677.0,0.845308,-0.31763,PYF,AUS,711319
2652127,192,14,8158,1996,385608.0,2874781.0,0.8354299999999999,0.41169799999999995,SGP,AUS,711319
2652128,208,14,8158,1996,2193.0,0.0,2.133781,0.9099889999999999,SWE,AUS,711319
2652129,216,14,8158,1996,8144729.0,183551.0,0.10120599999999999,1.351967,THA,AUS,711319
2652130,224,14,8158,1996,446101.0,0.0,0.156866,1.554023,TUR,AUS,711319
2652131,231,14,8158,1996,3752507.0,741530.0,1.7110560000000001,1.125141,USA,AUS,711319
2652132,239,14,8158,1996,108994.0,0.0,-0.9336469999999999,-0.10985199999999999,VNM,AUS,711319
2652133,240,14,8158,1996,0.0,136525.0,-0.933351,-0.824783,VUT,AUS,711319
2652134,246,14,8158,1996,124965.0,21973.0,0.456593,1.150786,ZAF,AUS,711319
2652135,249,14,8158,1996,140260.0,124612.0,1.432225,1.675389,TWN,AUS,711319
2652136,250,14,8158,1996,498309.0,33527.0,1.084978,0.901755,ANS,AUS,711319
2652137,71,22,8158,1996,0.0,16578.0,1.105317,1.9473,ESP,BGD,711319
2652138,81,22,8158,1996,3184.0,31514.0,1.850284,0.883084,GBR,BGD,711319
2652139,114,22,8158,1996,0.0,17968.0,2.615364,0.5656939999999999,JPN,BGD,711319
2652140,216,22,8158,1996,242125.0,0.0,0.10120599999999999,1.351967,THA,BGD,711319
2652141,231,22,8158,1996,0.0,216608.0,1.7110560000000001,1.125141,USA,BGD,711319
2652142,15,23,8158,1996,6471.0,0.0,1.9216669999999998,0.659388,AUT,BGR,711319
2652143,90,23,8158,1996,18800.0,0.0,0.271386,1.042608,GRC,BGR,711319
2652144,111,23,8158,1996,386574.0,0.0,1.4674690000000001,1.263362,ITA,BGR,711319
2652145,140,23,8158,1996,85931.0,0.0,0.316133,0.933068,MKD,BGR,711319
2652146,179,23,8158,1996,0.0,15308.0,0.39343,1.170144,PRT,BGR,711319
2652147,216,23,8158,1996,189922.0,0.0,0.10120599999999999,1.351967,THA,BGR,711319
2652148,224,23,8158,1996,223105.0,0.0,0.156866,1.554023,TUR,BGR,711319
2652149,6,39,8158,1996,0.0,54181.0,0.29339,-0.572443,ANT,CAN,711319
2652150,7,39,8158,1996,594924.0,190025.0,-0.245358,-0.726695,ARE,CAN,711319
2652151,8,39,8158,1996,943.0,0.0,0.167081,0.433612,ARG,CAN,711319
2652152,14,39,8158,1996,7823.0,280710.0,0.369697,0.78069,AUS,CAN,711319
2652153,15,39,8158,1996,4541.0,0.0,1.9216669999999998,0.659388,AUT,CAN,711319
2652154,18,39,8158,1996,1674.0,32304.0,1.549312,1.273767,BEL,CAN,711319
2652155,25,39,8158,1996,0.0,2646.0,0.363917,-0.380614,BHS,CAN,711319
2652156,30,39,8158,1996,1836.0,0.0,1.037215,-0.408235,BMU,CAN,711319
2652157,31,39,8158,1996,7059.0,0.0,-0.589432,-0.7781,BOL,CAN,711319
2652158,32,39,8158,1996,2875.0,0.0,0.699658,1.271724,BRA,CAN,711319
2652159,41,39,8158,1996,452554.0,8168.0,2.246238,0.603288,CHE,CAN,711319
2652160,43,39,8158,1996,631864.0,0.0,0.404422,3.061344,CHN,CAN,711319
2652161,54,39,8158,1996,23638.0,12220.0,-0.555246,-1.0420479999999999,CUB,CAN,711319
2652162,57,39,8158,1996,0.0,6545.0,0.532622,-0.428501,CYM,CAN,711319
2652163,59,39,8158,1996,16288.0,0.0,1.401181,1.3094709999999998,CZE,CAN,711319
2652164,61,39,8158,1996,547473.0,20415.0,2.279976,-2.572299,DEU,CAN,711319
2652165,64,39,8158,1996,7694.0,0.0,1.443514,1.275684,DNK,CAN,711319
2652166,65,39,8158,1996,2619.0,0.0,-0.596093,-0.5602060000000001,DOM,CAN,711319
2652167,67,39,8158,1996,11172.0,0.0,-1.1391200000000001,-0.992735,ECU,CAN,711319
2652168,68,39,8158,1996,5468.0,0.0,-0.5446409999999999,-0.229586,EGY,CAN,711319
2652169,71,39,8158,1996,96920.0,15751.0,1.105317,1.9473,ESP,CAN,711319
2652170,74,39,8158,1996,5533.0,10725.0,2.0584729999999998,1.006908,FIN,CAN,711319
2652171,77,39,8158,1996,870397.0,42035.0,1.69082,0.721312,FRA,CAN,711319
2652172,81,39,8158,1996,1713150.0,348818.0,1.850284,0.883084,GBR,CAN,711319
2652173,90,39,8158,1996,37220.0,0.0,0.271386,1.042608,GRC,CAN,711319
2652174,97,39,8158,1996,6579960.0,690225.0,0.54364,2.727659,HKG,CAN,711319
2652175,103,39,8158,1996,38048.0,0.0,-0.43199899999999997,1.22074,IDN,CAN,711319
2652176,104,39,8158,1996,3418624.0,112677.0,0.20685599999999998,2.317622,IND,CAN,711319
2652177,106,39,8158,1996,7691.0,5877.0,1.386011,0.9232100000000001,IRL,CAN,711319
2652178,109,39,8158,1996,13261.0,0.0,0.003558,-0.551796,ISL,CAN,711319
2652179,110,39,8158,1996,595746.0,9332.0,1.054975,1.072965,ISR,CAN,711319
2652180,111,39,8158,1996,22874422.0,110727.0,1.4674690000000001,1.263362,ITA,CAN,711319
2652181,112,39,8158,1996,0.0,67791.0,-0.6344350000000001,-0.814916,JAM,CAN,711319
2652182,113,39,8158,1996,0.0,12876.0,0.12203499999999999,-0.41859399999999997,JOR,CAN,711319
2652183,114,39,8158,1996,9920.0,791567.0,2.615364,0.5656939999999999,JPN,CAN,711319
2652184,121,39,8158,1996,28376.0,0.0,0.8946940000000001,1.240424,KOR,CAN,711319
2652185,124,39,8158,1996,6081.0,0.0,-0.051973,0.002154,LBN,CAN,711319
2652186,127,39,8158,1996,0.0,1885.0,0.016224000000000002,-0.664312,LCA,CAN,711319
2652187,128,39,8158,1996,60048.0,0.0,-0.812763,-0.188722,LKA,CAN,711319
2652188,138,39,8158,1996,182615.0,0.0,0.651949,0.9132170000000001,MEX,CAN,711319
2652189,142,39,8158,1996,10181.0,0.0,0.8825440000000001,0.066541,MLT,CAN,711319
2652190,151,39,8158,1996,12126.0,0.0,-0.538651,-0.746274,MUS,CAN,711319
2652191,153,39,8158,1996,266526.0,0.0,0.351774,0.347262,MYS,CAN,711319
2652192,162,39,8158,1996,8159.0,42965.0,1.256625,1.803132,NLD,CAN,711319
2652193,166,39,8158,1996,24668.0,9343.0,0.49466099999999996,0.8302879999999999,NZL,CAN,711319
2652194,168,39,8158,1996,68541.0,0.0,-0.7543300000000001,-0.393654,PAK,CAN,711319
2652195,173,39,8158,1996,106493.0,0.0,-0.43761000000000005,-0.28077399999999997,PER,CAN,711319
2652196,174,39,8158,1996,1780.0,5900.0,-0.276548,0.344986,PHL,CAN,711319
2652197,177,39,8158,1996,21094.0,0.0,0.795489,1.9004729999999999,POL,CAN,711319
2652198,179,39,8158,1996,427201.0,0.0,0.39343,1.170144,PRT,CAN,711319
2652199,186,39,8158,1996,9932.0,0.0,0.900185,0.47723000000000004,RUS,CAN,711319
2652200,192,39,8158,1996,414362.0,212622.0,0.8354299999999999,0.41169799999999995,SGP,CAN,711319
2652201,206,39,8158,1996,3367.0,0.0,1.189398,1.29167,SVK,CAN,711319
2652202,208,39,8158,1996,1333.0,0.0,2.133781,0.9099889999999999,SWE,CAN,711319
2652203,216,39,8158,1996,1660269.0,7460.0,0.10120599999999999,1.351967,THA,CAN,711319
2652204,222,39,8158,1996,4301.0,3361.0,0.19111,-0.488382,TTO,CAN,711319
2652205,224,39,8158,1996,162312.0,0.0,0.156866,1.554023,TUR,CAN,711319
2652206,231,39,8158,1996,59007176.0,94722680.0,1.7110560000000001,1.125141,USA,CAN,711319
2652207,246,39,8158,1996,7198.0,29350.0,0.456593,1.150786,ZAF,CAN,711319
2652208,249,39,8158,1996,208061.0,0.0,1.432225,1.675389,TWN,CAN,711319
2652209,250,39,8158,1996,112661.0,0.0,1.084978,0.901755,ANS,CAN,711319
2652210,4,41,8158,1996,0.0,2934.0,-0.309992,-0.039541,ALB,CHE,711319
2652211,5,41,8158,1996,0.0,7346.0,1.0490059999999999,0.6587189999999999,AND,CHE,711319
2652212,6,41,8158,1996,0.0,1630153.0,0.29339,-0.572443,ANT,CHE,711319
2652213,7,41,8158,1996,6908718.0,92136408.0,-0.245358,-0.726695,ARE,CHE,711319
2652214,8,41,8158,1996,164846.0,424874.0,0.167081,0.433612,ARG,CHE,711319
2652215,14,41,8158,1996,187740.0,692403.0,0.369697,0.78069,AUS,CHE,711319
2652216,15,41,8158,1996,3726000.0,3856796.0,1.9216669999999998,0.659388,AUT,CHE,711319
2652217,18,41,8158,1996,5478664.0,12276453.0,1.549312,1.273767,BEL,CHE,711319
2652218,24,41,8158,1996,10562710.0,10397084.0,-0.062207000000000005,-0.840398,BHR,CHE,711319
2652219,25,41,8158,1996,1245372.0,1016474.0,0.363917,-0.380614,BHS,CHE,711319
2652220,26,41,8158,1996,1460.0,70381.0,0.679466,0.730425,BIH,CHE,711319
2652221,30,41,8158,1996,244655.0,48779.0,1.037215,-0.408235,BMU,CHE,711319
2652222,32,41,8158,1996,4102906.0,5251832.0,0.699658,1.271724,BRA,CHE,711319
2652223,34,41,8158,1996,0.0,67811536.0,-0.848331,-0.779511,BRN,CHE,711319
2652224,39,41,8158,1996,8168.0,452554.0,1.155706,1.1127049999999998,CAN,CHE,711319
2652225,42,41,8158,1996,0.0,39532.0,-0.052811000000000004,-0.169464,CHL,CHE,711319
2652226,43,41,8158,1996,1164062.0,9965415.0,0.404422,3.061344,CHN,CHE,711319
2652227,44,41,8158,1996,0.0,2831.0,-0.8720459999999999,-0.7904479999999999,CIV,CHE,711319
2652228,45,41,8158,1996,0.0,1628.0,-1.4036309999999999,-1.090633,CMR,CHE,711319
2652229,49,41,8158,1996,644612.0,163071.0,0.136487,0.078743,COL,CHE,711319
2652230,52,41,8158,1996,0.0,11034.0,-0.34219499999999997,0.12221900000000001,CRI,CHE,711319
2652231,57,41,8158,1996,56837.0,78514.0,0.532622,-0.428501,CYM,CHE,711319
2652232,58,41,8158,1996,2564.0,131986.0,0.20007,0.020590999999999998,CYP,CHE,711319
2652233,59,41,8158,1996,83682.0,8903.0,1.401181,1.3094709999999998,CZE,CHE,711319
2652234,61,41,8158,1996,146603056.0,54112468.0,2.279976,-2.572299,DEU,CHE,711319
2652235,62,41,8158,1996,0.0,840318.0,-0.20838099999999998,-0.668964,DJI,CHE,711319
2652236,64,41,8158,1996,8603.0,179339.0,1.443514,1.275684,DNK,CHE,711319
2652237,65,41,8158,1996,763856.0,0.0,-0.596093,-0.5602060000000001,DOM,CHE,711319
2652238,68,41,8158,1996,433432.0,302488.0,-0.5446409999999999,-0.229586,EGY,CHE,711319
2652239,71,41,8158,1996,6180018.0,4873336.0,1.105317,1.9473,ESP,CHE,711319
2652240,74,41,8158,1996,138881.0,25785.0,2.0584729999999998,1.006908,FIN,CHE,711319
2652241,77,41,8158,1996,124906288.0,145729280.0,1.69082,0.721312,FRA,CHE,711319
2652242,80,41,8158,1996,0.0,2280.0,-1.693615,-1.174433,GAB,CHE,711319
2652243,81,41,8158,1996,242092176.0,161512320.0,1.850284,0.883084,GBR,CHE,711319
2652244,84,41,8158,1996,20944836.0,5262218.0,0.932001,-0.20733400000000002,GIB,CHE,711319
2652245,90,41,8158,1996,474969.0,2007499.0,0.271386,1.042608,GRC,CHE,711319
2652246,93,41,8158,1996,0.0,10558.0,-0.332901,0.23790300000000003,GTM,CHE,711319
2652247,97,41,8158,1996,96572920.0,156913408.0,0.54364,2.727659,HKG,CHE,711319
2652248,100,41,8158,1996,0.0,695.0,0.772706,1.1075270000000002,HRV,CHE,711319
2652249,102,41,8158,1996,21164.0,19592.0,0.790036,1.891534,HUN,CHE,711319
2652250,103,41,8158,1996,27951.0,2022868.0,-0.43199899999999997,1.22074,IDN,CHE,711319
2652251,104,41,8158,1996,3367766.0,303828.0,0.20685599999999998,2.317622,IND,CHE,711319
2652252,106,41,8158,1996,269534.0,157045.0,1.386011,0.9232100000000001,IRL,CHE,711319
2652253,107,41,8158,1996,10717.0,5067963.0,-0.7496649999999999,-1.1173520000000001,IRN,CHE,711319
2652254,109,41,8158,1996,41240.0,599817.0,0.003558,-0.551796,ISL,CHE,711319
2652255,110,41,8158,1996,6973242.0,3131078.0,1.054975,1.072965,ISR,CHE,711319
2652256,111,41,8158,1996,255274320.0,32623772.0,1.4674690000000001,1.263362,ITA,CHE,711319
2652257,112,41,8158,1996,0.0,264087.0,-0.6344350000000001,-0.814916,JAM,CHE,711319
2652258,113,41,8158,1996,0.0,364290.0,0.12203499999999999,-0.41859399999999997,JOR,CHE,711319
2652259,114,41,8158,1996,1009514.0,74140880.0,2.615364,0.5656939999999999,JPN,CHE,711319
2652260,116,41,8158,1996,0.0,8385.0,-0.468322,-0.017625,KEN,CHE,711319
2652261,121,41,8158,1996,0.0,649260.0,0.8946940000000001,1.240424,KOR,CHE,711319
2652262,122,41,8158,1996,1719234.0,38367260.0,-0.27174499999999996,-1.098243,KWT,CHE,711319
2652263,124,41,8158,1996,67650112.0,33252154.0,-0.051973,0.002154,LBN,CHE,711319
2652264,125,41,8158,1996,0.0,13017.0,-0.6975779999999999,-1.0896290000000002,LBR,CHE,711319
2652265,128,41,8158,1996,37472.0,51089.0,-0.812763,-0.188722,LKA,CHE,711319
2652266,130,41,8158,1996,0.0,5103.0,0.40520500000000004,0.9465950000000001,LTU,CHE,711319
2652267,134,41,8158,1996,4316.0,9020.0,-0.67314,-0.241242,MAR,CHE,711319
2652268,136,41,8158,1996,5933.0,0.0,-1.213619,-0.606686,MDG,CHE,711319
2652269,138,41,8158,1996,306487.0,460666.0,0.651949,0.9132170000000001,MEX,CHE,711319
2652270,140,41,8158,1996,0.0,68678.0,0.316133,0.933068,MKD,CHE,711319
2652271,142,41,8158,1996,0.0,18441.0,0.8825440000000001,0.066541,MLT,CHE,711319
2652272,151,41,8158,1996,22510.0,502018.0,-0.538651,-0.746274,MUS,CHE,711319
2652273,153,41,8158,1996,1154410.0,2241358.0,0.351774,0.347262,MYS,CHE,711319
2652274,156,41,8158,1996,0.0,2598.0,-0.951583,-0.785157,NCL,CHE,711319
2652275,159,41,8158,1996,22906.0,1362546.0,-1.813359,-1.1967,NGA,CHE,711319
2652276,162,41,8158,1996,241255.0,2348818.0,1.256625,1.803132,NLD,CHE,711319
2652277,163,41,8158,1996,44156.0,124257.0,1.204869,0.303062,NOR,CHE,711319
2652278,166,41,8158,1996,86525.0,34883.0,0.49466099999999996,0.8302879999999999,NZL,CHE,711319
2652279,167,41,8158,1996,0.0,16747236.0,-0.10243499999999998,-0.8425879999999999,OMN,CHE,711319
2652280,168,41,8158,1996,0.0,60621.0,-0.7543300000000001,-0.393654,PAK,CHE,711319
2652281,169,41,8158,1996,6729982.0,2728206.0,-0.100537,-0.374129,PAN,CHE,711319
2652282,173,41,8158,1996,0.0,7015.0,-0.43761000000000005,-0.28077399999999997,PER,CHE,711319
2652283,174,41,8158,1996,53468.0,94343.0,-0.276548,0.344986,PHL,CHE,711319
2652284,176,41,8158,1996,0.0,9211.0,-2.120746,-1.2199879999999999,PNG,CHE,711319
2652285,177,41,8158,1996,8153.0,58740.0,0.795489,1.9004729999999999,POL,CHE,711319
2652286,179,41,8158,1996,2136348.0,299675.0,0.39343,1.170144,PRT,CHE,711319
2652287,180,41,8158,1996,0.0,117459.0,-0.506178,-0.712851,PRY,CHE,711319
2652288,182,41,8158,1996,71337.0,0.0,0.845308,-0.31763,PYF,CHE,711319
2652289,183,41,8158,1996,0.0,14062692.0,-0.48203500000000005,-1.117173,QAT,CHE,711319
2652290,186,41,8158,1996,1115371.0,3956621.0,0.900185,0.47723000000000004,RUS,CHE,711319
2652291,188,41,8158,1996,93895504.0,70102464.0,0.215265,-0.8577309999999999,SAU,CHE,711319
2652292,189,41,8158,1996,0.0,23190.0,0.786293,2.20126,SCG,CHE,711319
2652293,191,41,8158,1996,14055.0,119102.0,-0.619785,-0.712171,SEN,CHE,711319
2652294,192,41,8158,1996,16990164.0,55702812.0,0.8354299999999999,0.41169799999999995,SGP,CHE,711319
2652295,206,41,8158,1996,4514.0,10013.0,1.189398,1.29167,SVK,CHE,711319
2652296,207,41,8158,1996,0.0,50525.0,1.409184,1.37245,SVN,CHE,711319
2652297,208,41,8158,1996,95943.0,216749.0,2.133781,0.9099889999999999,SWE,CHE,711319
2652298,212,41,8158,1996,424474.0,53435.0,-1.100666,-0.90038,SYR,CHE,711319
2652299,216,41,8158,1996,44911224.0,9723713.0,0.10120599999999999,1.351967,THA,CHE,711319
2652300,223,41,8158,1996,26923.0,264834.0,-0.28546,-0.089051,TUN,CHE,711319
2652301,224,41,8158,1996,1314801.0,3939662.0,0.156866,1.554023,TUR,CHE,711319
2652302,226,41,8158,1996,4381.0,0.0,-1.391534,-0.907436,TZA,CHE,711319
2652303,228,41,8158,1996,1679.0,111157.0,0.896537,0.9241459999999999,UKR,CHE,711319
2652304,230,41,8158,1996,0.0,137536.0,0.171541,0.313934,URY,CHE,711319
2652305,231,41,8158,1996,186382976.0,55516756.0,1.7110560000000001,1.125141,USA,CHE,711319
2652306,234,41,8158,1996,0.0,136281.0,-0.123896,-0.5798989999999999,VCT,CHE,711319
2652307,236,41,8158,1996,0.0,97921.0,0.07086100000000001,-0.761307,VEN,CHE,711319
2652308,237,41,8158,1996,2820943.0,1736704.0,0.602529,-0.280171,VGB,CHE,711319
2652309,239,41,8158,1996,0.0,321844.0,-0.9336469999999999,-0.10985199999999999,VNM,CHE,711319
2652310,240,41,8158,1996,0.0,20452.0,-0.933351,-0.824783,VUT,CHE,711319
2652311,246,41,8158,1996,5043384.0,186858.0,0.456593,1.150786,ZAF,CHE,711319
2652312,249,41,8158,1996,79302.0,1415438.0,1.432225,1.675389,TWN,CHE,711319
2652313,250,41,8158,1996,21499.0,802038.0,1.084978,0.901755,ANS,CHE,711319
2652314,8,42,8158,1996,4040.0,0.0,0.167081,0.433612,ARG,CHL,711319
2652315,15,42,8158,1996,0.0,721.0,1.9216669999999998,0.659388,AUT,CHL,711319
2652316,18,42,8158,1996,0.0,26248.0,1.549312,1.273767,BEL,CHL,711319
2652317,32,42,8158,1996,122740.0,0.0,0.699658,1.271724,BRA,CHL,711319
2652318,41,42,8158,1996,39532.0,0.0,2.246238,0.603288,CHE,CHL,711319
2652319,61,42,8158,1996,259948.0,2265.0,2.279976,-2.572299,DEU,CHL,711319
2652320,71,42,8158,1996,150404.0,0.0,1.105317,1.9473,ESP,CHL,711319
2652321,77,42,8158,1996,220931.0,3096.0,1.69082,0.721312,FRA,CHL,711319
2652322,81,42,8158,1996,877282.0,0.0,1.850284,0.883084,GBR,CHL,711319
2652323,97,42,8158,1996,5121.0,0.0,0.54364,2.727659,HKG,CHL,711319
2652324,103,42,8158,1996,18864.0,0.0,-0.43199899999999997,1.22074,IDN,CHL,711319
2652325,111,42,8158,1996,2122583.0,0.0,1.4674690000000001,1.263362,ITA,CHL,711319
2652326,138,42,8158,1996,23042.0,0.0,0.651949,0.9132170000000001,MEX,CHL,711319
2652327,169,42,8158,1996,1975.0,0.0,-0.100537,-0.374129,PAN,CHL,711319
2652328,179,42,8158,1996,0.0,4394.0,0.39343,1.170144,PRT,CHL,711319
2652329,180,42,8158,1996,0.0,2175.0,-0.506178,-0.712851,PRY,CHL,711319
2652330,216,42,8158,1996,33397.0,0.0,0.10120599999999999,1.351967,THA,CHL,711319
2652331,231,42,8158,1996,23735.0,1093663.0,1.7110560000000001,1.125141,USA,CHL,711319
2652332,250,42,8158,1996,169921.0,0.0,1.084978,0.901755,ANS,CHL,711319
2652333,7,59,8158,1996,102088.0,5678.0,-0.245358,-0.726695,ARE,CZE,711319
2652334,14,59,8158,1996,27135.0,0.0,0.369697,0.78069,AUS,CZE,711319
2652335,15,59,8158,1996,988449.0,366751.0,1.9216669999999998,0.659388,AUT,CZE,711319
2652336,18,59,8158,1996,13946.0,0.0,1.549312,1.273767,BEL,CZE,711319
2652337,32,59,8158,1996,4595.0,0.0,0.699658,1.271724,BRA,CZE,711319
2652338,39,59,8158,1996,0.0,16288.0,1.155706,1.1127049999999998,CAN,CZE,711319
2652339,41,59,8158,1996,8903.0,83682.0,2.246238,0.603288,CHE,CZE,711319
2652340,43,59,8158,1996,2181.0,0.0,0.404422,3.061344,CHN,CZE,711319
2652341,61,59,8158,1996,5185782.0,1509629.0,2.279976,-2.572299,DEU,CZE,711319
2652342,71,59,8158,1996,65491.0,6430.0,1.105317,1.9473,ESP,CZE,711319
2652343,74,59,8158,1996,0.0,1174.0,2.0584729999999998,1.006908,FIN,CZE,711319
2652344,77,59,8158,1996,138983.0,26528.0,1.69082,0.721312,FRA,CZE,711319
2652345,81,59,8158,1996,94642.0,123763.0,1.850284,0.883084,GBR,CZE,711319
2652346,90,59,8158,1996,29792.0,5103.0,0.271386,1.042608,GRC,CZE,711319
2652347,97,59,8158,1996,1296.0,0.0,0.54364,2.727659,HKG,CZE,711319
2652348,100,59,8158,1996,5347.0,28939.0,0.772706,1.1075270000000002,HRV,CZE,711319
2652349,102,59,8158,1996,5846.0,0.0,0.790036,1.891534,HUN,CZE,711319
2652350,104,59,8158,1996,24305.0,0.0,0.20685599999999998,2.317622,IND,CZE,711319
2652351,110,59,8158,1996,2379764.0,166437.0,1.054975,1.072965,ISR,CZE,711319
2652352,111,59,8158,1996,19073440.0,335074.0,1.4674690000000001,1.263362,ITA,CZE,711319
2652353,130,59,8158,1996,0.0,5679.0,0.40520500000000004,0.9465950000000001,LTU,CZE,711319
2652354,138,59,8158,1996,11766.0,0.0,0.651949,0.9132170000000001,MEX,CZE,711319
2652355,140,59,8158,1996,1686.0,0.0,0.316133,0.933068,MKD,CZE,711319
2652356,162,59,8158,1996,25044.0,79161.0,1.256625,1.803132,NLD,CZE,711319
2652357,177,59,8158,1996,77976.0,49789.0,0.795489,1.9004729999999999,POL,CZE,711319
2652358,179,59,8158,1996,16686.0,0.0,0.39343,1.170144,PRT,CZE,711319
2652359,186,59,8158,1996,0.0,33014.0,0.900185,0.47723000000000004,RUS,CZE,711319
2652360,189,59,8158,1996,23970.0,2957.0,0.786293,2.20126,SCG,CZE,711319
2652361,192,59,8158,1996,893.0,0.0,0.8354299999999999,0.41169799999999995,SGP,CZE,711319
2652362,206,59,8158,1996,3715514.0,4846513.0,1.189398,1.29167,SVK,CZE,711319
2652363,207,59,8158,1996,48351.0,0.0,1.409184,1.37245,SVN,CZE,711319
2652364,216,59,8158,1996,119391.0,0.0,0.10120599999999999,1.351967,THA,CZE,711319
2652365,224,59,8158,1996,333417.0,110039.0,0.156866,1.554023,TUR,CZE,711319
2652366,228,59,8158,1996,0.0,6046.0,0.896537,0.9241459999999999,UKR,CZE,711319
2652367,231,59,8158,1996,75950.0,704476.0,1.7110560000000001,1.125141,USA,CZE,711319
2652368,249,59,8158,1996,6911.0,0.0,1.432225,1.675389,TWN,CZE,711319
2652369,250,59,8158,1996,64844.0,193078.0,1.084978,0.901755,ANS,CZE,711319
2652370,71,66,8158,1996,43214.0,0.0,1.105317,1.9473,ESP,DZA,711319
2652371,77,66,8158,1996,803884.0,0.0,1.69082,0.721312,FRA,DZA,711319
2652372,111,66,8158,1996,38734.0,0.0,1.4674690000000001,1.263362,ITA,DZA,711319
2652373,216,66,8158,1996,6329.0,0.0,0.10120599999999999,1.351967,THA,DZA,711319
2652374,18,68,8158,1996,109905.0,0.0,1.549312,1.273767,BEL,EGY,711319
2652375,39,68,8158,1996,0.0,5468.0,1.155706,1.1127049999999998,CAN,EGY,711319
2652376,41,68,8158,1996,302488.0,433432.0,2.246238,0.603288,CHE,EGY,711319
2652377,58,68,8158,1996,572.0,0.0,0.20007,0.020590999999999998,CYP,EGY,711319
2652378,61,68,8158,1996,520489.0,15240.0,2.279976,-2.572299,DEU,EGY,711319
2652379,77,68,8158,1996,1685.0,2850.0,1.69082,0.721312,FRA,EGY,711319
2652380,81,68,8158,1996,65955.0,0.0,1.850284,0.883084,GBR,EGY,711319
2652381,90,68,8158,1996,2285.0,0.0,0.271386,1.042608,GRC,EGY,711319
2652382,110,68,8158,1996,64538.0,0.0,1.054975,1.072965,ISR,EGY,711319
2652383,111,68,8158,1996,3110726.0,171191.0,1.4674690000000001,1.263362,ITA,EGY,711319
2652384,162,68,8158,1996,0.0,697.0,1.256625,1.803132,NLD,EGY,711319
2652385,216,68,8158,1996,158626.0,31469.0,0.10120599999999999,1.351967,THA,EGY,711319
2652386,231,68,8158,1996,6006.0,342590.0,1.7110560000000001,1.125141,USA,EGY,711319
2652387,246,68,8158,1996,0.0,51158.0,0.456593,1.150786,ZAF,EGY,711319
2652388,18,72,8158,1996,0.0,22138.0,1.549312,1.273767,BEL,EST,711319
2652389,61,72,8158,1996,29308.0,0.0,2.279976,-2.572299,DEU,EST,711319
2652390,71,72,8158,1996,3757.0,0.0,1.105317,1.9473,ESP,EST,711319
2652391,74,72,8158,1996,1024261.0,48115.0,2.0584729999999998,1.006908,FIN,EST,711319
2652392,77,72,8158,1996,3537.0,0.0,1.69082,0.721312,FRA,EST,711319
2652393,81,72,8158,1996,16722.0,0.0,1.850284,0.883084,GBR,EST,711319
2652394,97,72,8158,1996,948.0,0.0,0.54364,2.727659,HKG,EST,711319
2652395,102,72,8158,1996,8803.0,0.0,0.790036,1.891534,HUN,EST,711319
2652396,104,72,8158,1996,23516.0,0.0,0.20685599999999998,2.317622,IND,EST,711319
2652397,110,72,8158,1996,269315.0,0.0,1.054975,1.072965,ISR,EST,711319
2652398,111,72,8158,1996,315460.0,0.0,1.4674690000000001,1.263362,ITA,EST,711319
2652399,114,72,8158,1996,0.0,29790.0,2.615364,0.5656939999999999,JPN,EST,711319
2652400,130,72,8158,1996,13008.0,35007.0,0.40520500000000004,0.9465950000000001,LTU,EST,711319
2652401,132,72,8158,1996,9807.0,1695.0,0.33418600000000004,0.1615,LVA,EST,711319
2652402,179,72,8158,1996,44543.0,0.0,0.39343,1.170144,PRT,EST,711319
2652403,186,72,8158,1996,204479.0,0.0,0.900185,0.47723000000000004,RUS,EST,711319
2652404,208,72,8158,1996,5624.0,0.0,2.133781,0.9099889999999999,SWE,EST,711319
2652405,216,72,8158,1996,36430.0,0.0,0.10120599999999999,1.351967,THA,EST,711319
2652406,224,72,8158,1996,23965.0,0.0,0.156866,1.554023,TUR,EST,711319
2652407,228,72,8158,1996,35567.0,0.0,0.896537,0.9241459999999999,UKR,EST,711319
2652408,231,72,8158,1996,8751.0,1149.0,1.7110560000000001,1.125141,USA,EST,711319
2652409,15,83,8158,1996,0.0,2540.0,1.9216669999999998,0.659388,AUT,GHA,711319
2652410,81,83,8158,1996,3310802.0,0.0,1.850284,0.883084,GBR,GHA,711319
2652411,121,83,8158,1996,0.0,3124.0,0.8946940000000001,1.240424,KOR,GHA,711319
2652412,159,83,8158,1996,0.0,522.0,-1.813359,-1.1967,NGA,GHA,711319
2652413,231,83,8158,1996,3900.0,15699.0,1.7110560000000001,1.125141,USA,GHA,711319
2652414,14,102,8158,1996,0.0,1313.0,0.369697,0.78069,AUS,HUN,711319
2652415,15,102,8158,1996,267240.0,617320.0,1.9216669999999998,0.659388,AUT,HUN,711319
2652416,41,102,8158,1996,19592.0,21164.0,2.246238,0.603288,CHE,HUN,711319
2652417,59,102,8158,1996,0.0,5846.0,1.401181,1.3094709999999998,CZE,HUN,711319
2652418,61,102,8158,1996,1425335.0,347311.0,2.279976,-2.572299,DEU,HUN,711319
2652419,72,102,8158,1996,0.0,8803.0,0.53397,1.0877940000000001,EST,HUN,711319
2652420,74,102,8158,1996,4873.0,0.0,2.0584729999999998,1.006908,FIN,HUN,711319
2652421,77,102,8158,1996,929.0,0.0,1.69082,0.721312,FRA,HUN,711319
2652422,81,102,8158,1996,4078.0,17544.0,1.850284,0.883084,GBR,HUN,711319
2652423,90,102,8158,1996,23947.0,2547.0,0.271386,1.042608,GRC,HUN,711319
2652424,104,102,8158,1996,21312.0,0.0,0.20685599999999998,2.317622,IND,HUN,711319
2652425,110,102,8158,1996,2445075.0,99770.0,1.054975,1.072965,ISR,HUN,711319
2652426,111,102,8158,1996,5335050.0,60056.0,1.4674690000000001,1.263362,ITA,HUN,711319
2652427,115,102,8158,1996,0.0,5979.0,0.48902799999999996,0.154932,KAZ,HUN,711319
2652428,153,102,8158,1996,35109.0,0.0,0.351774,0.347262,MYS,HUN,711319
2652429,163,102,8158,1996,0.0,15363.0,1.204869,0.303062,NOR,HUN,711319
2652430,186,102,8158,1996,0.0,5557.0,0.900185,0.47723000000000004,RUS,HUN,711319
2652431,189,102,8158,1996,184286.0,0.0,0.786293,2.20126,SCG,HUN,711319
2652432,206,102,8158,1996,0.0,1747.0,1.189398,1.29167,SVK,HUN,711319
2652433,208,102,8158,1996,3767.0,1228.0,2.133781,0.9099889999999999,SWE,HUN,711319
2652434,231,102,8158,1996,1371.0,43480.0,1.7110560000000001,1.125141,USA,HUN,711319
2652435,7,103,8158,1996,0.0,21186.0,-0.245358,-0.726695,ARE,IDN,711319
2652436,14,103,8158,1996,179955.0,40317.0,0.369697,0.78069,AUS,IDN,711319
2652437,15,103,8158,1996,0.0,32779.0,1.9216669999999998,0.659388,AUT,IDN,711319
2652438,18,103,8158,1996,0.0,6994.0,1.549312,1.273767,BEL,IDN,711319
2652439,32,103,8158,1996,1528.0,3884.0,0.699658,1.271724,BRA,IDN,711319
2652440,39,103,8158,1996,0.0,38048.0,1.155706,1.1127049999999998,CAN,IDN,711319
2652441,41,103,8158,1996,2022868.0,27951.0,2.246238,0.603288,CHE,IDN,711319
2652442,42,103,8158,1996,0.0,18864.0,-0.052811000000000004,-0.169464,CHL,IDN,711319
2652443,49,103,8158,1996,22582.0,0.0,0.136487,0.078743,COL,IDN,711319
2652444,61,103,8158,1996,39190.0,788207.0,2.279976,-2.572299,DEU,IDN,711319
2652445,64,103,8158,1996,5786.0,260397.0,1.443514,1.275684,DNK,IDN,711319
2652446,74,103,8158,1996,0.0,7647.0,2.0584729999999998,1.006908,FIN,IDN,711319
2652447,77,103,8158,1996,152707.0,7171.0,1.69082,0.721312,FRA,IDN,711319
2652448,81,103,8158,1996,2643712.0,5973627.0,1.850284,0.883084,GBR,IDN,711319
2652449,90,103,8158,1996,0.0,4304.0,0.271386,1.042608,GRC,IDN,711319
2652450,97,103,8158,1996,2573.0,11408425.0,0.54364,2.727659,HKG,IDN,711319
2652451,104,103,8158,1996,37029.0,0.0,0.20685599999999998,2.317622,IND,IDN,711319
2652452,110,103,8158,1996,121201.0,0.0,1.054975,1.072965,ISR,IDN,711319
2652453,111,103,8158,1996,316463.0,74686.0,1.4674690000000001,1.263362,ITA,IDN,711319
2652454,114,103,8158,1996,3436.0,1821832.0,2.615364,0.5656939999999999,JPN,IDN,711319
2652455,142,103,8158,1996,0.0,1260.0,0.8825440000000001,0.066541,MLT,IDN,711319
2652456,153,103,8158,1996,0.0,2053.0,0.351774,0.347262,MYS,IDN,711319
2652457,162,103,8158,1996,0.0,382020.0,1.256625,1.803132,NLD,IDN,711319
2652458,163,103,8158,1996,0.0,14946.0,1.204869,0.303062,NOR,IDN,711319
2652459,188,103,8158,1996,0.0,214442.0,0.215265,-0.8577309999999999,SAU,IDN,711319
2652460,192,103,8158,1996,4308408.0,431693536.0,0.8354299999999999,0.41169799999999995,SGP,IDN,711319
2652461,208,103,8158,1996,0.0,22504.0,2.133781,0.9099889999999999,SWE,IDN,711319
2652462,216,103,8158,1996,753946.0,138980.0,0.10120599999999999,1.351967,THA,IDN,711319
2652463,231,103,8158,1996,3662714.0,7119777.0,1.7110560000000001,1.125141,USA,IDN,711319
2652464,250,103,8158,1996,5737.0,0.0,1.084978,0.901755,ANS,IDN,711319
2652465,6,104,8158,1996,0.0,33836.0,0.29339,-0.572443,ANT,IND,711319
2652466,7,104,8158,1996,3662876.0,68701456.0,-0.245358,-0.726695,ARE,IND,711319
2652467,14,104,8158,1996,28117.0,2747515.0,0.369697,0.78069,AUS,IND,711319
2652468,15,104,8158,1996,39752.0,1043973.0,1.9216669999999998,0.659388,AUT,IND,711319
2652469,18,104,8158,1996,465353.0,2228910.0,1.549312,1.273767,BEL,IND,711319
2652470,24,104,8158,1996,0.0,1888936.0,-0.062207000000000005,-0.840398,BHR,IND,711319
2652471,28,104,8158,1996,0.0,48425.0,0.7285550000000001,0.660716,BLR,IND,711319
2652472,32,104,8158,1996,1232.0,0.0,0.699658,1.271724,BRA,IND,711319
2652473,33,104,8158,1996,0.0,14340.0,0.9384979999999999,0.147479,BRB,IND,711319
2652474,38,104,8158,1996,0.0,10234.0,-1.408316,-0.8695579999999999,CAF,IND,711319
2652475,39,104,8158,1996,112677.0,3418624.0,1.155706,1.1127049999999998,CAN,IND,711319
2652476,41,104,8158,1996,303828.0,3367766.0,2.246238,0.603288,CHE,IND,711319
2652477,43,104,8158,1996,55855.0,15878.0,0.404422,3.061344,CHN,IND,711319
2652478,59,104,8158,1996,0.0,24305.0,1.401181,1.3094709999999998,CZE,IND,711319
2652479,61,104,8158,1996,1615358.0,17495744.0,2.279976,-2.572299,DEU,IND,711319
2652480,64,104,8158,1996,0.0,491664.0,1.443514,1.275684,DNK,IND,711319
2652481,71,104,8158,1996,8545.0,2656890.0,1.105317,1.9473,ESP,IND,711319
2652482,72,104,8158,1996,0.0,23516.0,0.53397,1.0877940000000001,EST,IND,711319
2652483,74,104,8158,1996,0.0,144406.0,2.0584729999999998,1.006908,FIN,IND,711319
2652484,75,104,8158,1996,0.0,18414.0,-0.7977,-0.9271879999999999,FJI,IND,711319
2652485,77,104,8158,1996,19729.0,4095334.0,1.69082,0.721312,FRA,IND,711319
2652486,81,104,8158,1996,1476993.0,55991300.0,1.850284,0.883084,GBR,IND,711319
2652487,90,104,8158,1996,0.0,63758.0,0.271386,1.042608,GRC,IND,711319
2652488,97,104,8158,1996,1379748.0,33797468.0,0.54364,2.727659,HKG,IND,711319
2652489,102,104,8158,1996,0.0,21312.0,0.790036,1.891534,HUN,IND,711319
2652490,103,104,8158,1996,0.0,37029.0,-0.43199899999999997,1.22074,IDN,IND,711319
2652491,106,104,8158,1996,0.0,7247.0,1.386011,0.9232100000000001,IRL,IND,711319
2652492,110,104,8158,1996,46737.0,397387.0,1.054975,1.072965,ISR,IND,711319
2652493,111,104,8158,1996,2585511.0,981772.0,1.4674690000000001,1.263362,ITA,IND,711319
2652494,112,104,8158,1996,0.0,50700.0,-0.6344350000000001,-0.814916,JAM,IND,711319
2652495,114,104,8158,1996,70096.0,16601936.0,2.615364,0.5656939999999999,JPN,IND,711319
2652496,115,104,8158,1996,0.0,101128.0,0.48902799999999996,0.154932,KAZ,IND,711319
2652497,121,104,8158,1996,0.0,49173.0,0.8946940000000001,1.240424,KOR,IND,711319
2652498,122,104,8158,1996,0.0,12950624.0,-0.27174499999999996,-1.098243,KWT,IND,711319
2652499,127,104,8158,1996,0.0,8017.0,0.016224000000000002,-0.664312,LCA,IND,711319
2652500,128,104,8158,1996,3231.0,71080.0,-0.812763,-0.188722,LKA,IND,711319
2652501,136,104,8158,1996,0.0,1225.0,-1.213619,-0.606686,MDG,IND,711319
2652502,137,104,8158,1996,0.0,1238.0,-1.107903,-1.016442,MDV,IND,711319
2652503,142,104,8158,1996,0.0,5473.0,0.8825440000000001,0.066541,MLT,IND,711319
2652504,151,104,8158,1996,0.0,72425.0,-0.538651,-0.746274,MUS,IND,711319
2652505,153,104,8158,1996,180561.0,115574.0,0.351774,0.347262,MYS,IND,711319
2652506,162,104,8158,1996,27028.0,2950625.0,1.256625,1.803132,NLD,IND,711319
2652507,163,104,8158,1996,5081.0,455613.0,1.204869,0.303062,NOR,IND,711319
2652508,166,104,8158,1996,0.0,1435799.0,0.49466099999999996,0.8302879999999999,NZL,IND,711319
2652509,167,104,8158,1996,0.0,1329594.0,-0.10243499999999998,-0.8425879999999999,OMN,IND,711319
2652510,169,104,8158,1996,0.0,72395.0,-0.100537,-0.374129,PAN,IND,711319
2652511,174,104,8158,1996,0.0,26677.0,-0.276548,0.344986,PHL,IND,711319
2652512,179,104,8158,1996,0.0,60010.0,0.39343,1.170144,PRT,IND,711319
2652513,183,104,8158,1996,0.0,760831.0,-0.48203500000000005,-1.117173,QAT,IND,711319
2652514,186,104,8158,1996,0.0,2851201.0,0.900185,0.47723000000000004,RUS,IND,711319
2652515,188,104,8158,1996,27192.0,928359.0,0.215265,-0.8577309999999999,SAU,IND,711319
2652516,192,104,8158,1996,803362.0,22292470.0,0.8354299999999999,0.41169799999999995,SGP,IND,711319
2652517,208,104,8158,1996,52361.0,1100296.0,2.133781,0.9099889999999999,SWE,IND,711319
2652518,216,104,8158,1996,894618.0,588994.0,0.10120599999999999,1.351967,THA,IND,711319
2652519,222,104,8158,1996,0.0,37889.0,0.19111,-0.488382,TTO,IND,711319
2652520,224,104,8158,1996,0.0,6057.0,0.156866,1.554023,TUR,IND,711319
2652521,227,104,8158,1996,0.0,86858.0,-0.931124,-0.925523,UGA,IND,711319
2652522,228,104,8158,1996,0.0,171389.0,0.896537,0.9241459999999999,UKR,IND,711319
2652523,231,104,8158,1996,9181211.0,274004704.0,1.7110560000000001,1.125141,USA,IND,711319
2652524,237,104,8158,1996,0.0,7721.0,0.602529,-0.280171,VGB,IND,711319
2652525,239,104,8158,1996,0.0,51363.0,-0.9336469999999999,-0.10985199999999999,VNM,IND,711319
2652526,246,104,8158,1996,0.0,3044584.0,0.456593,1.150786,ZAF,IND,711319
2652527,247,104,8158,1996,0.0,413875.0,-0.340956,-0.714009,ZMB,IND,711319
2652528,249,104,8158,1996,0.0,213759.0,1.432225,1.675389,TWN,IND,711319
2652529,6,114,8158,1996,0.0,6644.0,0.29339,-0.572443,ANT,JPN,711319
2652530,7,114,8158,1996,1736.0,23324.0,-0.245358,-0.726695,ARE,JPN,711319
2652531,14,114,8158,1996,1603942.0,267227.0,0.369697,0.78069,AUS,JPN,711319
2652532,15,114,8158,1996,689324.0,30642.0,1.9216669999999998,0.659388,AUT,JPN,711319
2652533,18,114,8158,1996,96994.0,14307.0,1.549312,1.273767,BEL,JPN,711319
2652534,22,114,8158,1996,17968.0,0.0,-1.060876,-1.05104,BGD,JPN,711319
2652535,24,114,8158,1996,0.0,1373856.0,-0.062207000000000005,-0.840398,BHR,JPN,711319
2652536,25,114,8158,1996,6319.0,18696.0,0.363917,-0.380614,BHS,JPN,711319
2652537,31,114,8158,1996,3964.0,0.0,-0.589432,-0.7781,BOL,JPN,711319
2652538,32,114,8158,1996,407756.0,0.0,0.699658,1.271724,BRA,JPN,711319
2652539,39,114,8158,1996,791567.0,9920.0,1.155706,1.1127049999999998,CAN,JPN,711319
2652540,41,114,8158,1996,74140880.0,1009514.0,2.246238,0.603288,CHE,JPN,711319
2652541,43,114,8158,1996,11928638.0,3352462.0,0.404422,3.061344,CHN,JPN,711319
2652542,49,114,8158,1996,5513.0,0.0,0.136487,0.078743,COL,JPN,711319
2652543,61,114,8158,1996,17970920.0,284272.0,2.279976,-2.572299,DEU,JPN,711319
2652544,64,114,8158,1996,337008.0,0.0,1.443514,1.275684,DNK,JPN,711319
2652545,71,114,8158,1996,7571043.0,44159.0,1.105317,1.9473,ESP,JPN,711319
2652546,72,114,8158,1996,29790.0,0.0,0.53397,1.0877940000000001,EST,JPN,711319
2652547,74,114,8158,1996,612145.0,1530.0,2.0584729999999998,1.006908,FIN,JPN,711319
2652548,75,114,8158,1996,0.0,4097.0,-0.7977,-0.9271879999999999,FJI,JPN,711319
2652549,77,114,8158,1996,63280920.0,315968.0,1.69082,0.721312,FRA,JPN,711319
2652550,81,114,8158,1996,6567685.0,388643.0,1.850284,0.883084,GBR,JPN,711319
2652551,90,114,8158,1996,2086756.0,31489.0,0.271386,1.042608,GRC,JPN,711319
2652552,97,114,8158,1996,168898752.0,26999898.0,0.54364,2.727659,HKG,JPN,711319
2652553,103,114,8158,1996,1821832.0,3436.0,-0.43199899999999997,1.22074,IDN,JPN,711319
2652554,104,114,8158,1996,16601936.0,70096.0,0.20685599999999998,2.317622,IND,JPN,711319
2652555,109,114,8158,1996,0.0,1068.0,0.003558,-0.551796,ISL,JPN,711319
2652556,110,114,8158,1996,10052965.0,19407.0,1.054975,1.072965,ISR,JPN,711319
2652557,111,114,8158,1996,188711376.0,1715054.0,1.4674690000000001,1.263362,ITA,JPN,711319
2652558,112,114,8158,1996,0.0,1000.0,-0.6344350000000001,-0.814916,JAM,JPN,711319
2652559,121,114,8158,1996,10980778.0,4675708.0,0.8946940000000001,1.240424,KOR,JPN,711319
2652560,128,114,8158,1996,6014778.0,0.0,-0.812763,-0.188722,LKA,JPN,711319
2652561,138,114,8158,1996,10454.0,42102.0,0.651949,0.9132170000000001,MEX,JPN,711319
2652562,146,114,8158,1996,0.0,419713.0,0.245321,-0.636347,MNP,JPN,711319
2652563,153,114,8158,1996,192824.0,25373.0,0.351774,0.347262,MYS,JPN,711319
2652564,162,114,8158,1996,7189.0,24363.0,1.256625,1.803132,NLD,JPN,711319
2652565,163,114,8158,1996,22988.0,2365.0,1.204869,0.303062,NOR,JPN,711319
2652566,166,114,8158,1996,98375.0,10874.0,0.49466099999999996,0.8302879999999999,NZL,JPN,711319
2652567,168,114,8158,1996,2030.0,0.0,-0.7543300000000001,-0.393654,PAK,JPN,711319
2652568,173,114,8158,1996,1432.0,0.0,-0.43761000000000005,-0.28077399999999997,PER,JPN,711319
2652569,174,114,8158,1996,97078.0,18159.0,-0.276548,0.344986,PHL,JPN,711319
2652570,178,114,8158,1996,797649.0,0.0,0.725014,1.20189,PRK,JPN,711319
2652571,179,114,8158,1996,38388.0,0.0,0.39343,1.170144,PRT,JPN,711319
2652572,180,114,8158,1996,0.0,54588.0,-0.506178,-0.712851,PRY,JPN,711319
2652573,182,114,8158,1996,2369.0,4335.0,0.845308,-0.31763,PYF,JPN,711319
2652574,188,114,8158,1996,1092369.0,2102.0,0.215265,-0.8577309999999999,SAU,JPN,711319
2652575,190,114,8158,1996,1607.0,0.0,-1.4146459999999998,-1.181707,SDN,JPN,711319
2652576,192,114,8158,1996,4672592.0,2126767.0,0.8354299999999999,0.41169799999999995,SGP,JPN,711319
2652577,207,114,8158,1996,621263.0,0.0,1.409184,1.37245,SVN,JPN,711319
2652578,208,114,8158,1996,8558.0,0.0,2.133781,0.9099889999999999,SWE,JPN,711319
2652579,216,114,8158,1996,128439344.0,1631274.0,0.10120599999999999,1.351967,THA,JPN,711319
2652580,224,114,8158,1996,4653962.0,0.0,0.156866,1.554023,TUR,JPN,711319
2652581,231,114,8158,1996,126704816.0,5924841.0,1.7110560000000001,1.125141,USA,JPN,711319
2652582,239,114,8158,1996,108607.0,0.0,-0.9336469999999999,-0.10985199999999999,VNM,JPN,711319
2652583,246,114,8158,1996,9146.0,0.0,0.456593,1.150786,ZAF,JPN,711319
2652584,248,114,8158,1996,5614.0,0.0,-0.393769,-0.34379,ZWE,JPN,711319
2652585,249,114,8158,1996,515413.0,7054447.0,1.432225,1.675389,TWN,JPN,711319
2652586,250,114,8158,1996,34825.0,138948.0,1.084978,0.901755,ANS,JPN,711319
2652587,18,117,8158,1996,177615.0,0.0,1.549312,1.273767,BEL,KGZ,711319
2652588,216,117,8158,1996,51572.0,0.0,0.10120599999999999,1.351967,THA,KGZ,711319
2652589,41,130,8158,1996,5103.0,0.0,2.246238,0.603288,CHE,LTU,711319
2652590,59,130,8158,1996,5679.0,0.0,1.401181,1.3094709999999998,CZE,LTU,711319
2652591,61,130,8158,1996,17480.0,15024.0,2.279976,-2.572299,DEU,LTU,711319
2652592,72,130,8158,1996,35007.0,13008.0,0.53397,1.0877940000000001,EST,LTU,711319
2652593,74,130,8158,1996,50117.0,0.0,2.0584729999999998,1.006908,FIN,LTU,711319
2652594,81,130,8158,1996,675.0,0.0,1.850284,0.883084,GBR,LTU,711319
2652595,111,130,8158,1996,195244.0,18524.0,1.4674690000000001,1.263362,ITA,LTU,711319
2652596,132,130,8158,1996,4904.0,0.0,0.33418600000000004,0.1615,LVA,LTU,711319
2652597,177,130,8158,1996,62422.0,0.0,0.795489,1.9004729999999999,POL,LTU,711319
2652598,186,130,8158,1996,93205.0,22595.0,0.900185,0.47723000000000004,RUS,LTU,711319
2652599,216,130,8158,1996,6739.0,0.0,0.10120599999999999,1.351967,THA,LTU,711319
2652600,224,130,8158,1996,33362.0,0.0,0.156866,1.554023,TUR,LTU,711319
2652601,61,132,8158,1996,404580.0,12786.0,2.279976,-2.572299,DEU,LVA,711319
2652602,72,132,8158,1996,1695.0,9807.0,0.53397,1.0877940000000001,EST,LVA,711319
2652603,74,132,8158,1996,13168.0,0.0,2.0584729999999998,1.006908,FIN,LVA,711319
2652604,81,132,8158,1996,2953.0,16347.0,1.850284,0.883084,GBR,LVA,711319
2652605,82,132,8158,1996,4075.0,0.0,0.5383020000000001,0.167596,GEO,LVA,711319
2652606,106,132,8158,1996,0.0,190420.0,1.386011,0.9232100000000001,IRL,LVA,711319
2652607,110,132,8158,1996,19850.0,0.0,1.054975,1.072965,ISR,LVA,711319
2652608,111,132,8158,1996,43951.0,0.0,1.4674690000000001,1.263362,ITA,LVA,711319
2652609,130,132,8158,1996,0.0,4904.0,0.40520500000000004,0.9465950000000001,LTU,LVA,711319
2652610,177,132,8158,1996,1944.0,0.0,0.795489,1.9004729999999999,POL,LVA,711319
2652611,186,132,8158,1996,9586.0,0.0,0.900185,0.47723000000000004,RUS,LVA,711319
2652612,216,132,8158,1996,7466.0,0.0,0.10120599999999999,1.351967,THA,LVA,711319
2652613,224,132,8158,1996,23173.0,0.0,0.156866,1.554023,TUR,LVA,711319
2652614,231,132,8158,1996,126691.0,0.0,1.7110560000000001,1.125141,USA,LVA,711319
2652615,14,142,8158,1996,0.0,23616.0,0.369697,0.78069,AUS,MLT,711319
2652616,18,142,8158,1996,571551.0,0.0,1.549312,1.273767,BEL,MLT,711319
2652617,39,142,8158,1996,0.0,10181.0,1.155706,1.1127049999999998,CAN,MLT,711319
2652618,41,142,8158,1996,18441.0,0.0,2.246238,0.603288,CHE,MLT,711319
2652619,58,142,8158,1996,5196.0,0.0,0.20007,0.020590999999999998,CYP,MLT,711319
2652620,61,142,8158,1996,114913.0,1072880.0,2.279976,-2.572299,DEU,MLT,711319
2652621,71,142,8158,1996,26518.0,0.0,1.105317,1.9473,ESP,MLT,711319
2652622,77,142,8158,1996,0.0,21429.0,1.69082,0.721312,FRA,MLT,711319
2652623,81,142,8158,1996,26295.0,49002.0,1.850284,0.883084,GBR,MLT,711319
2652624,97,142,8158,1996,159352.0,0.0,0.54364,2.727659,HKG,MLT,711319
2652625,103,142,8158,1996,1260.0,0.0,-0.43199899999999997,1.22074,IDN,MLT,711319
2652626,104,142,8158,1996,5473.0,0.0,0.20685599999999998,2.317622,IND,MLT,711319
2652627,110,142,8158,1996,26049.0,0.0,1.054975,1.072965,ISR,MLT,711319
2652628,111,142,8158,1996,24474342.0,183800.0,1.4674690000000001,1.263362,ITA,MLT,711319
2652629,126,142,8158,1996,0.0,5687155.0,-0.588489,-1.138552,LBY,MLT,711319
2652630,162,142,8158,1996,9961.0,0.0,1.256625,1.803132,NLD,MLT,711319
2652631,179,142,8158,1996,826.0,0.0,0.39343,1.170144,PRT,MLT,711319
2652632,208,142,8158,1996,44212.0,168286.0,2.133781,0.9099889999999999,SWE,MLT,711319
2652633,216,142,8158,1996,127335.0,0.0,0.10120599999999999,1.351967,THA,MLT,711319
2652634,224,142,8158,1996,98886.0,0.0,0.156866,1.554023,TUR,MLT,711319
2652635,231,142,8158,1996,5999.0,24222680.0,1.7110560000000001,1.125141,USA,MLT,711319
2652636,41,167,8158,1996,16747236.0,0.0,2.246238,0.603288,CHE,OMN,711319
2652637,61,167,8158,1996,39278.0,11459.0,2.279976,-2.572299,DEU,OMN,711319
2652638,64,167,8158,1996,0.0,80134.0,1.443514,1.275684,DNK,OMN,711319
2652639,77,167,8158,1996,772163.0,0.0,1.69082,0.721312,FRA,OMN,711319
2652640,81,167,8158,1996,71921.0,160246.0,1.850284,0.883084,GBR,OMN,711319
2652641,97,167,8158,1996,384307.0,21412.0,0.54364,2.727659,HKG,OMN,711319
2652642,104,167,8158,1996,1329594.0,0.0,0.20685599999999998,2.317622,IND,OMN,711319
2652643,111,167,8158,1996,112109.0,0.0,1.4674690000000001,1.263362,ITA,OMN,711319
2652644,153,167,8158,1996,141591.0,0.0,0.351774,0.347262,MYS,OMN,711319
2652645,192,167,8158,1996,45171.0,6774.0,0.8354299999999999,0.41169799999999995,SGP,OMN,711319
2652646,216,167,8158,1996,758523.0,0.0,0.10120599999999999,1.351967,THA,OMN,711319
2652647,231,167,8158,1996,0.0,6494956.0,1.7110560000000001,1.125141,USA,OMN,711319
2652648,14,177,8158,1996,0.0,8538.0,0.369697,0.78069,AUS,POL,711319
2652649,15,177,8158,1996,270610.0,10013.0,1.9216669999999998,0.659388,AUT,POL,711319
2652650,18,177,8158,1996,0.0,4407.0,1.549312,1.273767,BEL,POL,711319
2652651,28,177,8158,1996,0.0,101463.0,0.7285550000000001,0.660716,BLR,POL,711319
2652652,39,177,8158,1996,0.0,21094.0,1.155706,1.1127049999999998,CAN,POL,711319
2652653,41,177,8158,1996,58740.0,8153.0,2.246238,0.603288,CHE,POL,711319
2652654,59,177,8158,1996,49789.0,77976.0,1.401181,1.3094709999999998,CZE,POL,711319
2652655,61,177,8158,1996,10162362.0,240220.0,2.279976,-2.572299,DEU,POL,711319
2652656,64,177,8158,1996,0.0,16241.0,1.443514,1.275684,DNK,POL,711319
2652657,77,177,8158,1996,2622.0,382850.0,1.69082,0.721312,FRA,POL,711319
2652658,81,177,8158,1996,8386.0,54019.0,1.850284,0.883084,GBR,POL,711319
2652659,110,177,8158,1996,98046.0,0.0,1.054975,1.072965,ISR,POL,711319
2652660,111,177,8158,1996,7052182.0,33456.0,1.4674690000000001,1.263362,ITA,POL,711319
2652661,130,177,8158,1996,0.0,62422.0,0.40520500000000004,0.9465950000000001,LTU,POL,711319
2652662,132,177,8158,1996,0.0,1944.0,0.33418600000000004,0.1615,LVA,POL,711319
2652663,138,177,8158,1996,0.0,1591.0,0.651949,0.9132170000000001,MEX,POL,711319
2652664,162,177,8158,1996,219906.0,254370.0,1.256625,1.803132,NLD,POL,711319
2652665,163,177,8158,1996,0.0,880.0,1.204869,0.303062,NOR,POL,711319
2652666,186,177,8158,1996,0.0,64782.0,0.900185,0.47723000000000004,RUS,POL,711319
2652667,208,177,8158,1996,55004.0,4705.0,2.133781,0.9099889999999999,SWE,POL,711319
2652668,216,177,8158,1996,1203.0,0.0,0.10120599999999999,1.351967,THA,POL,711319
2652669,231,177,8158,1996,3388.0,181204.0,1.7110560000000001,1.125141,USA,POL,711319
2652670,250,177,8158,1996,98205.0,70021.0,1.084978,0.901755,ANS,POL,711319
2652671,15,185,8158,1996,1072.0,0.0,1.9216669999999998,0.659388,AUT,ROU,711319
2652672,18,185,8158,1996,31191.0,0.0,1.549312,1.273767,BEL,ROU,711319
2652673,61,185,8158,1996,158656.0,0.0,2.279976,-2.572299,DEU,ROU,711319
2652674,74,185,8158,1996,8261.0,0.0,2.0584729999999998,1.006908,FIN,ROU,711319
2652675,90,185,8158,1996,39273.0,0.0,0.271386,1.042608,GRC,ROU,711319
2652676,110,185,8158,1996,8118121.0,8913585.0,1.054975,1.072965,ISR,ROU,711319
2652677,111,185,8158,1996,575781.0,0.0,1.4674690000000001,1.263362,ITA,ROU,711319
2652678,216,185,8158,1996,3482.0,0.0,0.10120599999999999,1.351967,THA,ROU,711319
2652679,224,185,8158,1996,1151890.0,0.0,0.156866,1.554023,TUR,ROU,711319
2652680,15,186,8158,1996,308171.0,0.0,1.9216669999999998,0.659388,AUT,RUS,711319
2652681,18,186,8158,1996,2651664.0,437277.0,1.549312,1.273767,BEL,RUS,711319
2652682,32,186,8158,1996,2263.0,0.0,0.699658,1.271724,BRA,RUS,711319
2652683,39,186,8158,1996,0.0,9932.0,1.155706,1.1127049999999998,CAN,RUS,711319
2652684,41,186,8158,1996,3956621.0,1115371.0,2.246238,0.603288,CHE,RUS,711319
2652685,43,186,8158,1996,0.0,50424.0,0.404422,3.061344,CHN,RUS,711319
2652686,58,186,8158,1996,18347.0,150828.0,0.20007,0.020590999999999998,CYP,RUS,711319
2652687,59,186,8158,1996,33014.0,0.0,1.401181,1.3094709999999998,CZE,RUS,711319
2652688,61,186,8158,1996,12594202.0,755808.0,2.279976,-2.572299,DEU,RUS,711319
2652689,71,186,8158,1996,801708.0,0.0,1.105317,1.9473,ESP,RUS,711319
2652690,72,186,8158,1996,0.0,204479.0,0.53397,1.0877940000000001,EST,RUS,711319
2652691,74,186,8158,1996,726243.0,0.0,2.0584729999999998,1.006908,FIN,RUS,711319
2652692,77,186,8158,1996,519086.0,27948.0,1.69082,0.721312,FRA,RUS,711319
2652693,81,186,8158,1996,38192.0,155833.0,1.850284,0.883084,GBR,RUS,711319
2652694,82,186,8158,1996,35730.0,0.0,0.5383020000000001,0.167596,GEO,RUS,711319
2652695,97,186,8158,1996,4359.0,21140.0,0.54364,2.727659,HKG,RUS,711319
2652696,102,186,8158,1996,5557.0,0.0,0.790036,1.891534,HUN,RUS,711319
2652697,104,186,8158,1996,2851201.0,0.0,0.20685599999999998,2.317622,IND,RUS,711319
2652698,110,186,8158,1996,5395498.0,169002.0,1.054975,1.072965,ISR,RUS,711319
2652699,111,186,8158,1996,7021978.0,2936439.0,1.4674690000000001,1.263362,ITA,RUS,711319
2652700,130,186,8158,1996,22595.0,93205.0,0.40520500000000004,0.9465950000000001,LTU,RUS,711319
2652701,132,186,8158,1996,0.0,9586.0,0.33418600000000004,0.1615,LVA,RUS,711319
2652702,135,186,8158,1996,138137.0,942866.0,0.198427,0.026004000000000003,MDA,RUS,711319
2652703,162,186,8158,1996,0.0,577045.0,1.256625,1.803132,NLD,RUS,711319
2652704,177,186,8158,1996,64782.0,0.0,0.795489,1.9004729999999999,POL,RUS,711319
2652705,192,186,8158,1996,2508.0,0.0,0.8354299999999999,0.41169799999999995,SGP,RUS,711319
2652706,208,186,8158,1996,75939.0,0.0,2.133781,0.9099889999999999,SWE,RUS,711319
2652707,216,186,8158,1996,386258.0,0.0,0.10120599999999999,1.351967,THA,RUS,711319
2652708,224,186,8158,1996,158109.0,0.0,0.156866,1.554023,TUR,RUS,711319
2652709,231,186,8158,1996,511418.0,115692.0,1.7110560000000001,1.125141,USA,RUS,711319
2652710,246,186,8158,1996,0.0,752.0,0.456593,1.150786,ZAF,RUS,711319
2652711,7,188,8158,1996,32770.0,0.0,-0.245358,-0.726695,ARE,SAU,711319
2652712,15,188,8158,1996,272830.0,54663.0,1.9216669999999998,0.659388,AUT,SAU,711319
2652713,18,188,8158,1996,152731.0,5961.0,1.549312,1.273767,BEL,SAU,711319
2652714,41,188,8158,1996,70102464.0,93895504.0,2.246238,0.603288,CHE,SAU,711319
2652715,43,188,8158,1996,18181.0,0.0,0.404422,3.061344,CHN,SAU,711319
2652716,61,188,8158,1996,2427032.0,263034.0,2.279976,-2.572299,DEU,SAU,711319
2652717,71,188,8158,1996,758476.0,15093.0,1.105317,1.9473,ESP,SAU,711319
2652718,74,188,8158,1996,0.0,6307.0,2.0584729999999998,1.006908,FIN,SAU,711319
2652719,77,188,8158,1996,4609446.0,240873.0,1.69082,0.721312,FRA,SAU,711319
2652720,81,188,8158,1996,3946240.0,756446.0,1.850284,0.883084,GBR,SAU,711319
2652721,90,188,8158,1996,14144.0,0.0,0.271386,1.042608,GRC,SAU,711319
2652722,97,188,8158,1996,474856.0,204350.0,0.54364,2.727659,HKG,SAU,711319
2652723,103,188,8158,1996,214442.0,0.0,-0.43199899999999997,1.22074,IDN,SAU,711319
2652724,104,188,8158,1996,928359.0,27192.0,0.20685599999999998,2.317622,IND,SAU,711319
2652725,111,188,8158,1996,26432088.0,113695.0,1.4674690000000001,1.263362,ITA,SAU,711319
2652726,113,188,8158,1996,8728.0,0.0,0.12203499999999999,-0.41859399999999997,JOR,SAU,711319
2652727,114,188,8158,1996,2102.0,1092369.0,2.615364,0.5656939999999999,JPN,SAU,711319
2652728,121,188,8158,1996,485229.0,0.0,0.8946940000000001,1.240424,KOR,SAU,711319
2652729,122,188,8158,1996,43468.0,0.0,-0.27174499999999996,-1.098243,KWT,SAU,711319
2652730,124,188,8158,1996,1043821.0,0.0,-0.051973,0.002154,LBN,SAU,711319
2652731,137,188,8158,1996,0.0,6005.0,-1.107903,-1.016442,MDV,SAU,711319
2652732,153,188,8158,1996,24667504.0,0.0,0.351774,0.347262,MYS,SAU,711319
2652733,157,188,8158,1996,0.0,998.0,-0.594771,-0.643008,NER,SAU,711319
2652734,162,188,8158,1996,12009.0,28626.0,1.256625,1.803132,NLD,SAU,711319
2652735,174,188,8158,1996,3710.0,0.0,-0.276548,0.344986,PHL,SAU,711319
2652736,192,188,8158,1996,109076.0,0.0,0.8354299999999999,0.41169799999999995,SGP,SAU,711319
2652737,208,188,8158,1996,10529.0,2539.0,2.133781,0.9099889999999999,SWE,SAU,711319
2652738,216,188,8158,1996,1591649.0,26992.0,0.10120599999999999,1.351967,THA,SAU,711319
2652739,224,188,8158,1996,84196.0,0.0,0.156866,1.554023,TUR,SAU,711319
2652740,231,188,8158,1996,241811.0,117088.0,1.7110560000000001,1.125141,USA,SAU,711319
2652741,250,188,8158,1996,81982.0,0.0,1.084978,0.901755,ANS,SAU,711319
2652742,6,192,8158,1996,0.0,11332.0,0.29339,-0.572443,ANT,SGP,711319
2652743,7,192,8158,1996,17583646.0,32571422.0,-0.245358,-0.726695,ARE,SGP,711319
2652744,14,192,8158,1996,2874781.0,385608.0,0.369697,0.78069,AUS,SGP,711319
2652745,15,192,8158,1996,0.0,12174.0,1.9216669999999998,0.659388,AUT,SGP,711319
2652746,18,192,8158,1996,177514.0,252155.0,1.549312,1.273767,BEL,SGP,711319
2652747,24,192,8158,1996,0.0,2290974.0,-0.062207000000000005,-0.840398,BHR,SGP,711319
2652748,25,192,8158,1996,0.0,1753180.0,0.363917,-0.380614,BHS,SGP,711319
2652749,28,192,8158,1996,0.0,2246.0,0.7285550000000001,0.660716,BLR,SGP,711319
2652750,32,192,8158,1996,3043.0,0.0,0.699658,1.271724,BRA,SGP,711319
2652751,34,192,8158,1996,2913484.0,487799424.0,-0.848331,-0.779511,BRN,SGP,711319
2652752,39,192,8158,1996,212622.0,414362.0,1.155706,1.1127049999999998,CAN,SGP,711319
2652753,41,192,8158,1996,55702812.0,16990164.0,2.246238,0.603288,CHE,SGP,711319
2652754,43,192,8158,1996,69618952.0,3140342.0,0.404422,3.061344,CHN,SGP,711319
2652755,59,192,8158,1996,0.0,893.0,1.401181,1.3094709999999998,CZE,SGP,711319
2652756,61,192,8158,1996,3871753.0,1823125.0,2.279976,-2.572299,DEU,SGP,711319
2652757,64,192,8158,1996,55120.0,9150.0,1.443514,1.275684,DNK,SGP,711319
2652758,71,192,8158,1996,928888.0,143645.0,1.105317,1.9473,ESP,SGP,711319
2652759,74,192,8158,1996,5147.0,15469.0,2.0584729999999998,1.006908,FIN,SGP,711319
2652760,75,192,8158,1996,30649.0,3973030.0,-0.7977,-0.9271879999999999,FJI,SGP,711319
2652761,77,192,8158,1996,2634086.0,811307.0,1.69082,0.721312,FRA,SGP,711319
2652762,81,192,8158,1996,245493552.0,132189176.0,1.850284,0.883084,GBR,SGP,711319
2652763,97,192,8158,1996,213427376.0,45620104.0,0.54364,2.727659,HKG,SGP,711319
2652764,103,192,8158,1996,431693536.0,4308408.0,-0.43199899999999997,1.22074,IDN,SGP,711319
2652765,104,192,8158,1996,22292470.0,803362.0,0.20685599999999998,2.317622,IND,SGP,711319
2652766,106,192,8158,1996,1262.0,8972.0,1.386011,0.9232100000000001,IRL,SGP,711319
2652767,110,192,8158,1996,828732.0,0.0,1.054975,1.072965,ISR,SGP,711319
2652768,111,192,8158,1996,34195224.0,2300968.0,1.4674690000000001,1.263362,ITA,SGP,711319
2652769,114,192,8158,1996,2126767.0,4672592.0,2.615364,0.5656939999999999,JPN,SGP,711319
2652770,121,192,8158,1996,78141.0,19452.0,0.8946940000000001,1.240424,KOR,SGP,711319
2652771,122,192,8158,1996,0.0,27921.0,-0.27174499999999996,-1.098243,KWT,SGP,711319
2652772,124,192,8158,1996,0.0,255220.0,-0.051973,0.002154,LBN,SGP,711319
2652773,126,192,8158,1996,0.0,3296074.0,-0.588489,-1.138552,LBY,SGP,711319
2652774,128,192,8158,1996,2326378.0,2713997.0,-0.812763,-0.188722,LKA,SGP,711319
2652775,137,192,8158,1996,0.0,1368.0,-1.107903,-1.016442,MDV,SGP,711319
2652776,143,192,8158,1996,53410.0,18509.0,-1.556357,-1.078395,MMR,SGP,711319
2652777,151,192,8158,1996,0.0,102539.0,-0.538651,-0.746274,MUS,SGP,711319
2652778,153,192,8158,1996,177371360.0,20103736.0,0.351774,0.347262,MYS,SGP,711319
2652779,156,192,8158,1996,0.0,3269.0,-0.951583,-0.785157,NCL,SGP,711319
2652780,162,192,8158,1996,68607.0,444211.0,1.256625,1.803132,NLD,SGP,711319
2652781,163,192,8158,1996,0.0,66902.0,1.204869,0.303062,NOR,SGP,711319
2652782,166,192,8158,1996,88936.0,244083.0,0.49466099999999996,0.8302879999999999,NZL,SGP,711319
2652783,167,192,8158,1996,6774.0,45171.0,-0.10243499999999998,-0.8425879999999999,OMN,SGP,711319
2652784,168,192,8158,1996,78401.0,0.0,-0.7543300000000001,-0.393654,PAK,SGP,711319
2652785,169,192,8158,1996,0.0,40358.0,-0.100537,-0.374129,PAN,SGP,711319
2652786,173,192,8158,1996,31889.0,0.0,-0.43761000000000005,-0.28077399999999997,PER,SGP,711319
2652787,174,192,8158,1996,0.0,2427914.0,-0.276548,0.344986,PHL,SGP,711319
2652788,182,192,8158,1996,0.0,974.0,0.845308,-0.31763,PYF,SGP,711319
2652789,186,192,8158,1996,0.0,2508.0,0.900185,0.47723000000000004,RUS,SGP,711319
2652790,188,192,8158,1996,0.0,109076.0,0.215265,-0.8577309999999999,SAU,SGP,711319
2652791,208,192,8158,1996,0.0,7978.0,2.133781,0.9099889999999999,SWE,SGP,711319
2652792,216,192,8158,1996,5087246.0,1110609.0,0.10120599999999999,1.351967,THA,SGP,711319
2652793,224,192,8158,1996,1966448.0,0.0,0.156866,1.554023,TUR,SGP,711319
2652794,231,192,8158,1996,26180896.0,2266989.0,1.7110560000000001,1.125141,USA,SGP,711319
2652795,239,192,8158,1996,0.0,95462.0,-0.9336469999999999,-0.10985199999999999,VNM,SGP,711319
2652796,246,192,8158,1996,0.0,46824.0,0.456593,1.150786,ZAF,SGP,711319
2652797,248,192,8158,1996,59682.0,36283.0,-0.393769,-0.34379,ZWE,SGP,711319
2652798,249,192,8158,1996,3048874.0,975120.0,1.432225,1.675389,TWN,SGP,711319
2652799,250,192,8158,1996,0.0,5511586.0,1.084978,0.901755,ANS,SGP,711319
2652800,15,206,8158,1996,571530.0,0.0,1.9216669999999998,0.659388,AUT,SVK,711319
2652801,39,206,8158,1996,0.0,3367.0,1.155706,1.1127049999999998,CAN,SVK,711319
2652802,41,206,8158,1996,10013.0,4514.0,2.246238,0.603288,CHE,SVK,711319
2652803,59,206,8158,1996,4846513.0,3715514.0,1.401181,1.3094709999999998,CZE,SVK,711319
2652804,61,206,8158,1996,381503.0,7064.0,2.279976,-2.572299,DEU,SVK,711319
2652805,71,206,8158,1996,9000.0,0.0,1.105317,1.9473,ESP,SVK,711319
2652806,74,206,8158,1996,0.0,5584.0,2.0584729999999998,1.006908,FIN,SVK,711319
2652807,77,206,8158,1996,7205.0,0.0,1.69082,0.721312,FRA,SVK,711319
2652808,102,206,8158,1996,1747.0,0.0,0.790036,1.891534,HUN,SVK,711319
2652809,110,206,8158,1996,811100.0,11665.0,1.054975,1.072965,ISR,SVK,711319
2652810,111,206,8158,1996,4524308.0,7858.0,1.4674690000000001,1.263362,ITA,SVK,711319
2652811,162,206,8158,1996,11709.0,0.0,1.256625,1.803132,NLD,SVK,711319
2652812,216,206,8158,1996,5103.0,0.0,0.10120599999999999,1.351967,THA,SVK,711319
2652813,224,206,8158,1996,689713.0,235676.0,0.156866,1.554023,TUR,SVK,711319
2652814,231,206,8158,1996,26420.0,2528.0,1.7110560000000001,1.125141,USA,SVK,711319
2652815,250,206,8158,1996,0.0,12244.0,1.084978,0.901755,ANS,SVK,711319
2652816,15,207,8158,1996,27900.0,13917.0,1.9216669999999998,0.659388,AUT,SVN,711319
2652817,41,207,8158,1996,50525.0,0.0,2.246238,0.603288,CHE,SVN,711319
2652818,59,207,8158,1996,0.0,48351.0,1.401181,1.3094709999999998,CZE,SVN,711319
2652819,61,207,8158,1996,1560441.0,455239.0,2.279976,-2.572299,DEU,SVN,711319
2652820,81,207,8158,1996,1322.0,74209.0,1.850284,0.883084,GBR,SVN,711319
2652821,100,207,8158,1996,13895.0,107758.0,0.772706,1.1075270000000002,HRV,SVN,711319
2652822,111,207,8158,1996,1628569.0,115429.0,1.4674690000000001,1.263362,ITA,SVN,711319
2652823,114,207,8158,1996,0.0,621263.0,2.615364,0.5656939999999999,JPN,SVN,711319
2652824,163,207,8158,1996,0.0,10182.0,1.204869,0.303062,NOR,SVN,711319
2652825,208,207,8158,1996,0.0,9653.0,2.133781,0.9099889999999999,SWE,SVN,711319
2652826,224,207,8158,1996,3234.0,0.0,0.156866,1.554023,TUR,SVN,711319
2652827,231,207,8158,1996,25487.0,3136376.0,1.7110560000000001,1.125141,USA,SVN,711319
2652828,41,228,8158,1996,111157.0,1679.0,2.246238,0.603288,CHE,UKR,711319
2652829,59,228,8158,1996,6046.0,0.0,1.401181,1.3094709999999998,CZE,UKR,711319
2652830,61,228,8158,1996,143171.0,0.0,2.279976,-2.572299,DEU,UKR,711319
2652831,72,228,8158,1996,0.0,35567.0,0.53397,1.0877940000000001,EST,UKR,711319
2652832,81,228,8158,1996,95468.0,44709.0,1.850284,0.883084,GBR,UKR,711319
2652833,104,228,8158,1996,171389.0,0.0,0.20685599999999998,2.317622,IND,UKR,711319
2652834,110,228,8158,1996,1348385.0,0.0,1.054975,1.072965,ISR,UKR,711319
2652835,111,228,8158,1996,2824.0,90018.0,1.4674690000000001,1.263362,ITA,UKR,711319
2652836,135,228,8158,1996,0.0,102139.0,0.198427,0.026004000000000003,MDA,UKR,711319
2652837,153,228,8158,1996,167293.0,0.0,0.351774,0.347262,MYS,UKR,711319
2652838,216,228,8158,1996,9536.0,0.0,0.10120599999999999,1.351967,THA,UKR,711319
2652839,224,228,8158,1996,17953.0,0.0,0.156866,1.554023,TUR,UKR,711319
2652840,231,228,8158,1996,0.0,21699.0,1.7110560000000001,1.125141,USA,UKR,711319
2652841,246,228,8158,1996,0.0,8607.0,0.456593,1.150786,ZAF,UKR,711319
2652842,7,246,8158,1996,17582.0,1021.0,-0.245358,-0.726695,ARE,ZAF,711319
2652843,14,246,8158,1996,21973.0,124965.0,0.369697,0.78069,AUS,ZAF,711319
2652844,15,246,8158,1996,0.0,8976.0,1.9216669999999998,0.659388,AUT,ZAF,711319
2652845,18,246,8158,1996,46489.0,3388.0,1.549312,1.273767,BEL,ZAF,711319
2652846,32,246,8158,1996,2692.0,0.0,0.699658,1.271724,BRA,ZAF,711319
2652847,39,246,8158,1996,29350.0,7198.0,1.155706,1.1127049999999998,CAN,ZAF,711319
2652848,41,246,8158,1996,186858.0,5043384.0,2.246238,0.603288,CHE,ZAF,711319
2652849,43,246,8158,1996,3490833.0,2766141.0,0.404422,3.061344,CHN,ZAF,711319
2652850,45,246,8158,1996,0.0,23342.0,-1.4036309999999999,-1.090633,CMR,ZAF,711319
2652851,49,246,8158,1996,0.0,806.0,0.136487,0.078743,COL,ZAF,711319
2652852,58,246,8158,1996,2670.0,0.0,0.20007,0.020590999999999998,CYP,ZAF,711319
2652853,61,246,8158,1996,1691321.0,49269.0,2.279976,-2.572299,DEU,ZAF,711319
2652854,64,246,8158,1996,5039.0,6824.0,1.443514,1.275684,DNK,ZAF,711319
2652855,68,246,8158,1996,51158.0,0.0,-0.5446409999999999,-0.229586,EGY,ZAF,711319
2652856,71,246,8158,1996,443540.0,4315.0,1.105317,1.9473,ESP,ZAF,711319
2652857,74,246,8158,1996,9399.0,0.0,2.0584729999999998,1.006908,FIN,ZAF,711319
2652858,77,246,8158,1996,51627.0,17620.0,1.69082,0.721312,FRA,ZAF,711319
2652859,80,246,8158,1996,0.0,89319.0,-1.693615,-1.174433,GAB,ZAF,711319
2652860,81,246,8158,1996,418159.0,907094.0,1.850284,0.883084,GBR,ZAF,711319
2652861,82,246,8158,1996,0.0,4028.0,0.5383020000000001,0.167596,GEO,ZAF,711319
2652862,90,246,8158,1996,0.0,1951.0,0.271386,1.042608,GRC,ZAF,711319
2652863,97,246,8158,1996,1116324.0,19763.0,0.54364,2.727659,HKG,ZAF,711319
2652864,104,246,8158,1996,3044584.0,0.0,0.20685599999999998,2.317622,IND,ZAF,711319
2652865,106,246,8158,1996,0.0,24472.0,1.386011,0.9232100000000001,IRL,ZAF,711319
2652866,109,246,8158,1996,18355.0,0.0,0.003558,-0.551796,ISL,ZAF,711319
2652867,110,246,8158,1996,1293626.0,9427881.0,1.054975,1.072965,ISR,ZAF,711319
2652868,111,246,8158,1996,21397520.0,96485.0,1.4674690000000001,1.263362,ITA,ZAF,711319
2652869,114,246,8158,1996,0.0,9146.0,2.615364,0.5656939999999999,JPN,ZAF,711319
2652870,116,246,8158,1996,0.0,4545.0,-0.468322,-0.017625,KEN,ZAF,711319
2652871,138,246,8158,1996,0.0,239882.0,0.651949,0.9132170000000001,MEX,ZAF,711319
2652872,151,246,8158,1996,0.0,180437.0,-0.538651,-0.746274,MUS,ZAF,711319
2652873,153,246,8158,1996,0.0,1328.0,0.351774,0.347262,MYS,ZAF,711319
2652874,162,246,8158,1996,0.0,4292.0,1.256625,1.803132,NLD,ZAF,711319
2652875,166,246,8158,1996,8960.0,5878.0,0.49466099999999996,0.8302879999999999,NZL,ZAF,711319
2652876,179,246,8158,1996,0.0,9536.0,0.39343,1.170144,PRT,ZAF,711319
2652877,186,246,8158,1996,752.0,0.0,0.900185,0.47723000000000004,RUS,ZAF,711319
2652878,190,246,8158,1996,0.0,4404.0,-1.4146459999999998,-1.181707,SDN,ZAF,711319
2652879,192,246,8158,1996,46824.0,0.0,0.8354299999999999,0.41169799999999995,SGP,ZAF,711319
2652880,211,246,8158,1996,0.0,21312.0,0.239125,-0.458433,SYC,ZAF,711319
2652881,216,246,8158,1996,178988.0,0.0,0.10120599999999999,1.351967,THA,ZAF,711319
2652882,228,246,8158,1996,8607.0,0.0,0.896537,0.9241459999999999,UKR,ZAF,711319
2652883,231,246,8158,1996,228299.0,3030850.0,1.7110560000000001,1.125141,USA,ZAF,711319
2652884,247,246,8158,1996,0.0,3828.0,-0.340956,-0.714009,ZMB,ZAF,711319
2652885,248,246,8158,1996,31338.0,15957.0,-0.393769,-0.34379,ZWE,ZAF,711319
2652886,249,246,8158,1996,1599.0,0.0,1.432225,1.675389,TWN,ZAF,711319
2652887,250,246,8158,1996,1137604.0,0.0,1.084978,0.901755,ANS,ZAF,711319
2652888,14,8,8158,1996,0.0,22187.0,0.369697,0.78069,AUS,ARG,711319
2652889,15,8,8158,1996,0.0,6305.0,1.9216669999999998,0.659388,AUT,ARG,711319
2652890,31,8,8158,1996,0.0,6826.0,-0.589432,-0.7781,BOL,ARG,711319
2652891,32,8,8158,1996,949594.0,0.0,0.699658,1.271724,BRA,ARG,711319
2652892,39,8,8158,1996,0.0,943.0,1.155706,1.1127049999999998,CAN,ARG,711319
2652893,41,8,8158,1996,424874.0,164846.0,2.246238,0.603288,CHE,ARG,711319
2652894,42,8,8158,1996,0.0,4040.0,-0.052811000000000004,-0.169464,CHL,ARG,711319
2652895,61,8,8158,1996,35908.0,17945.0,2.279976,-2.572299,DEU,ARG,711319
2652896,71,8,8158,1996,479738.0,87709.0,1.105317,1.9473,ESP,ARG,711319
2652897,77,8,8158,1996,32796.0,86150.0,1.69082,0.721312,FRA,ARG,711319
2652898,81,8,8158,1996,1274.0,23587.0,1.850284,0.883084,GBR,ARG,711319
2652899,97,8,8158,1996,43426.0,0.0,0.54364,2.727659,HKG,ARG,711319
2652900,110,8,8158,1996,88748.0,0.0,1.054975,1.072965,ISR,ARG,711319
2652901,111,8,8158,1996,22797088.0,4044636.0,1.4674690000000001,1.263362,ITA,ARG,711319
2652902,162,8,8158,1996,0.0,20420.0,1.256625,1.803132,NLD,ARG,711319
2652903,180,8,8158,1996,0.0,25878.0,-0.506178,-0.712851,PRY,ARG,711319
2652904,216,8,8158,1996,90298.0,0.0,0.10120599999999999,1.351967,THA,ARG,711319
2652905,230,8,8158,1996,0.0,137243.0,0.171541,0.313934,URY,ARG,711319
2652906,231,8,8158,1996,50500.0,121439.0,1.7110560000000001,1.125141,USA,ARG,711319
2652907,236,8,8158,1996,13924.0,0.0,0.07086100000000001,-0.761307,VEN,ARG,711319
2652908,41,44,8158,1996,2831.0,0.0,2.246238,0.603288,CHE,CIV,711319
2652909,71,44,8158,1996,9360.0,0.0,1.105317,1.9473,ESP,CIV,711319
2652910,77,44,8158,1996,1778377.0,4292.0,1.69082,0.721312,FRA,CIV,711319
2652911,81,44,8158,1996,33767.0,227408.0,1.850284,0.883084,GBR,CIV,711319
2652912,110,44,8158,1996,81654.0,0.0,1.054975,1.072965,ISR,CIV,711319
2652913,111,44,8158,1996,968125.0,0.0,1.4674690000000001,1.263362,ITA,CIV,711319
2652914,231,44,8158,1996,0.0,44621.0,1.7110560000000001,1.125141,USA,CIV,711319
2652915,41,45,8158,1996,1628.0,0.0,2.246238,0.603288,CHE,CMR,711319
2652916,77,45,8158,1996,612503.0,0.0,1.69082,0.721312,FRA,CMR,711319
2652917,111,45,8158,1996,20828.0,0.0,1.4674690000000001,1.263362,ITA,CMR,711319
2652918,216,45,8158,1996,0.0,29482.0,0.10120599999999999,1.351967,THA,CMR,711319
2652919,246,45,8158,1996,23342.0,0.0,0.456593,1.150786,ZAF,CMR,711319
2652920,14,58,8158,1996,0.0,8570.0,0.369697,0.78069,AUS,CYP,711319
2652921,15,58,8158,1996,13712.0,10187.0,1.9216669999999998,0.659388,AUT,CYP,711319
2652922,18,58,8158,1996,0.0,3706.0,1.549312,1.273767,BEL,CYP,711319
2652923,24,58,8158,1996,0.0,126642.0,-0.062207000000000005,-0.840398,BHR,CYP,711319
2652924,41,58,8158,1996,131986.0,2564.0,2.246238,0.603288,CHE,CYP,711319
2652925,61,58,8158,1996,38774.0,1047.0,2.279976,-2.572299,DEU,CYP,711319
2652926,68,58,8158,1996,0.0,572.0,-0.5446409999999999,-0.229586,EGY,CYP,711319
2652927,77,58,8158,1996,1335.0,0.0,1.69082,0.721312,FRA,CYP,711319
2652928,81,58,8158,1996,180846.0,101655.0,1.850284,0.883084,GBR,CYP,711319
2652929,90,58,8158,1996,294748.0,51175.0,0.271386,1.042608,GRC,CYP,711319
2652930,97,58,8158,1996,125843.0,0.0,0.54364,2.727659,HKG,CYP,711319
2652931,110,58,8158,1996,3771.0,2906.0,1.054975,1.072965,ISR,CYP,711319
2652932,111,58,8158,1996,159666.0,0.0,1.4674690000000001,1.263362,ITA,CYP,711319
2652933,113,58,8158,1996,0.0,7941.0,0.12203499999999999,-0.41859399999999997,JOR,CYP,711319
2652934,124,58,8158,1996,30270.0,18010.0,-0.051973,0.002154,LBN,CYP,711319
2652935,142,58,8158,1996,0.0,5196.0,0.8825440000000001,0.066541,MLT,CYP,711319
2652936,162,58,8158,1996,0.0,4226.0,1.256625,1.803132,NLD,CYP,711319
2652937,186,58,8158,1996,150828.0,18347.0,0.900185,0.47723000000000004,RUS,CYP,711319
2652938,208,58,8158,1996,0.0,17567.0,2.133781,0.9099889999999999,SWE,CYP,711319
2652939,216,58,8158,1996,118460.0,8615.0,0.10120599999999999,1.351967,THA,CYP,711319
2652940,224,58,8158,1996,288730.0,0.0,0.156866,1.554023,TUR,CYP,711319
2652941,231,58,8158,1996,1370.0,0.0,1.7110560000000001,1.125141,USA,CYP,711319
2652942,246,58,8158,1996,0.0,2670.0,0.456593,1.150786,ZAF,CYP,711319
2652943,250,58,8158,1996,0.0,1718.0,1.084978,0.901755,ANS,CYP,711319
2652944,15,134,8158,1996,87942.0,0.0,1.9216669999999998,0.659388,AUT,MAR,711319
2652945,18,134,8158,1996,2702.0,0.0,1.549312,1.273767,BEL,MAR,711319
2652946,41,134,8158,1996,9020.0,4316.0,2.246238,0.603288,CHE,MAR,711319
2652947,61,134,8158,1996,490859.0,0.0,2.279976,-2.572299,DEU,MAR,711319
2652948,71,134,8158,1996,1544.0,0.0,1.105317,1.9473,ESP,MAR,711319
2652949,77,134,8158,1996,238059.0,381822.0,1.69082,0.721312,FRA,MAR,711319
2652950,110,134,8158,1996,67000.0,0.0,1.054975,1.072965,ISR,MAR,711319
2652951,111,134,8158,1996,79711.0,0.0,1.4674690000000001,1.263362,ITA,MAR,711319
2652952,215,134,8158,1996,0.0,9711.0,-0.9070459999999999,-0.7702399999999999,TGO,MAR,711319
2652953,250,134,8158,1996,0.0,451838.0,1.084978,0.901755,ANS,MAR,711319
2652954,77,157,8158,1996,3038.0,0.0,1.69082,0.721312,FRA,NER,711319
2652955,188,157,8158,1996,998.0,0.0,0.215265,-0.8577309999999999,SAU,NER,711319
2652956,231,157,8158,1996,0.0,1101.0,1.7110560000000001,1.125141,USA,NER,711319
2652957,7,166,8158,1996,6429.0,0.0,-0.245358,-0.726695,ARE,NZL,711319
2652958,14,166,8158,1996,8471216.0,18840638.0,0.369697,0.78069,AUS,NZL,711319
2652959,32,166,8158,1996,3106.0,0.0,0.699658,1.271724,BRA,NZL,711319
2652960,39,166,8158,1996,9343.0,24668.0,1.155706,1.1127049999999998,CAN,NZL,711319
2652961,41,166,8158,1996,34883.0,86525.0,2.246238,0.603288,CHE,NZL,711319
2652962,43,166,8158,1996,52944.0,0.0,0.404422,3.061344,CHN,NZL,711319
2652963,48,166,8158,1996,0.0,45487.0,0.053446,-0.556272,COK,NZL,711319
2652964,61,166,8158,1996,173183.0,20862.0,2.279976,-2.572299,DEU,NZL,711319
2652965,71,166,8158,1996,86147.0,2467.0,1.105317,1.9473,ESP,NZL,711319
2652966,75,166,8158,1996,0.0,704415.0,-0.7977,-0.9271879999999999,FJI,NZL,711319
2652967,77,166,8158,1996,61086.0,1474.0,1.69082,0.721312,FRA,NZL,711319
2652968,81,166,8158,1996,312127.0,39134.0,1.850284,0.883084,GBR,NZL,711319
2652969,97,166,8158,1996,170845.0,160092.0,0.54364,2.727659,HKG,NZL,711319
2652970,104,166,8158,1996,1435799.0,0.0,0.20685599999999998,2.317622,IND,NZL,711319
2652971,106,166,8158,1996,0.0,1725.0,1.386011,0.9232100000000001,IRL,NZL,711319
2652972,110,166,8158,1996,11730.0,0.0,1.054975,1.072965,ISR,NZL,711319
2652973,111,166,8158,1996,2095148.0,5286.0,1.4674690000000001,1.263362,ITA,NZL,711319
2652974,114,166,8158,1996,10874.0,98375.0,2.615364,0.5656939999999999,JPN,NZL,711319
2652975,121,166,8158,1996,0.0,7738.0,0.8946940000000001,1.240424,KOR,NZL,711319
2652976,138,166,8158,1996,14577.0,0.0,0.651949,0.9132170000000001,MEX,NZL,711319
2652977,153,166,8158,1996,11230.0,39094.0,0.351774,0.347262,MYS,NZL,711319
2652978,158,166,8158,1996,0.0,34198.0,1.297072,-0.45753299999999997,NFK,NZL,711319
2652979,162,166,8158,1996,0.0,1953.0,1.256625,1.803132,NLD,NZL,711319
2652980,164,166,8158,1996,6515.0,0.0,-0.7390100000000001,-0.647903,NPL,NZL,711319
2652981,174,166,8158,1996,1107.0,0.0,-0.276548,0.344986,PHL,NZL,711319
2652982,192,166,8158,1996,244083.0,88936.0,0.8354299999999999,0.41169799999999995,SGP,NZL,711319
2652983,216,166,8158,1996,163818.0,17410.0,0.10120599999999999,1.351967,THA,NZL,711319
2652984,224,166,8158,1996,63601.0,0.0,0.156866,1.554023,TUR,NZL,711319
2652985,231,166,8158,1996,49876.0,341853.0,1.7110560000000001,1.125141,USA,NZL,711319
2652986,240,166,8158,1996,0.0,12817.0,-0.933351,-0.824783,VUT,NZL,711319
2652987,246,166,8158,1996,5878.0,8960.0,0.456593,1.150786,ZAF,NZL,711319
2652988,249,166,8158,1996,56641.0,0.0,1.432225,1.675389,TWN,NZL,711319
2652989,250,166,8158,1996,5639516.0,0.0,1.084978,0.901755,ANS,NZL,711319
2652990,41,191,8158,1996,119102.0,14055.0,2.246238,0.603288,CHE,SEN,711319
2652991,77,191,8158,1996,64488.0,10344.0,1.69082,0.721312,FRA,SEN,711319
2652992,111,191,8158,1996,41226.0,0.0,1.4674690000000001,1.263362,ITA,SEN,711319
2652993,77,215,8158,1996,120195.0,1768.0,1.69082,0.721312,FRA,TGO,711319
2652994,81,215,8158,1996,9527.0,0.0,1.850284,0.883084,GBR,TGO,711319
2652995,134,215,8158,1996,9711.0,0.0,-0.67314,-0.241242,MAR,TGO,711319
2652996,208,215,8158,1996,9066.0,0.0,2.133781,0.9099889999999999,SWE,TGO,711319
2652997,15,223,8158,1996,0.0,1554.0,1.9216669999999998,0.659388,AUT,TUN,711319
2652998,18,223,8158,1996,20963.0,0.0,1.549312,1.273767,BEL,TUN,711319
2652999,41,223,8158,1996,264834.0,26923.0,2.246238,0.603288,CHE,TUN,711319
2653000,61,223,8158,1996,0.0,6099.0,2.279976,-2.572299,DEU,TUN,711319
2653001,77,223,8158,1996,192054.0,0.0,1.69082,0.721312,FRA,TUN,711319
2653002,81,223,8158,1996,1196.0,0.0,1.850284,0.883084,GBR,TUN,711319
2653003,111,223,8158,1996,862430.0,0.0,1.4674690000000001,1.263362,ITA,TUN,711319
2653004,231,223,8158,1996,3117.0,43991.0,1.7110560000000001,1.125141,USA,TUN,711319
2653005,250,223,8158,1996,0.0,9863.0,1.084978,0.901755,ANS,TUN,711319
2653006,18,247,8158,1996,1393.0,0.0,1.549312,1.273767,BEL,ZMB,711319
2653007,81,247,8158,1996,161986.0,0.0,1.850284,0.883084,GBR,ZMB,711319
2653008,104,247,8158,1996,413875.0,0.0,0.20685599999999998,2.317622,IND,ZMB,711319
2653009,110,247,8158,1996,5257860.0,0.0,1.054975,1.072965,ISR,ZMB,711319
2653010,246,247,8158,1996,3828.0,0.0,0.456593,1.150786,ZAF,ZMB,711319
2653011,15,82,8158,1996,469.0,0.0,1.9216669999999998,0.659388,AUT,GEO,711319
2653012,18,82,8158,1996,153245.0,0.0,1.549312,1.273767,BEL,GEO,711319
2653013,61,82,8158,1996,71514.0,0.0,2.279976,-2.572299,DEU,GEO,711319
2653014,81,82,8158,1996,492.0,0.0,1.850284,0.883084,GBR,GEO,711319
2653015,110,82,8158,1996,10236.0,0.0,1.054975,1.072965,ISR,GEO,711319
2653016,132,82,8158,1996,0.0,4075.0,0.33418600000000004,0.1615,LVA,GEO,711319
2653017,186,82,8158,1996,0.0,35730.0,0.900185,0.47723000000000004,RUS,GEO,711319
2653018,216,82,8158,1996,127159.0,0.0,0.10120599999999999,1.351967,THA,GEO,711319
2653019,231,82,8158,1996,9334.0,0.0,1.7110560000000001,1.125141,USA,GEO,711319
2653020,232,82,8158,1996,0.0,9869.0,-0.17393499999999998,-0.727476,UZB,GEO,711319
2653021,246,82,8158,1996,4028.0,0.0,0.456593,1.150786,ZAF,GEO,711319
2653022,6,120,8158,1996,2684.0,0.0,0.29339,-0.572443,ANT,KNA,711319
2653023,216,120,8158,1996,11478.0,0.0,0.10120599999999999,1.351967,THA,KNA,711319
2653024,222,120,8158,1996,1564.0,0.0,0.19111,-0.488382,TTO,KNA,711319
2653025,231,120,8158,1996,165878.0,1897.0,1.7110560000000001,1.125141,USA,KNA,711319
2653026,15,100,8158,1996,190938.0,0.0,1.9216669999999998,0.659388,AUT,HRV,711319
2653027,18,100,8158,1996,13322.0,0.0,1.549312,1.273767,BEL,HRV,711319
2653028,26,100,8158,1996,26831.0,230338.0,0.679466,0.730425,BIH,HRV,711319
2653029,41,100,8158,1996,695.0,0.0,2.246238,0.603288,CHE,HRV,711319
2653030,59,100,8158,1996,28939.0,5347.0,1.401181,1.3094709999999998,CZE,HRV,711319
2653031,61,100,8158,1996,109029.0,0.0,2.279976,-2.572299,DEU,HRV,711319
2653032,81,100,8158,1996,46467.0,0.0,1.850284,0.883084,GBR,HRV,711319
2653033,110,100,8158,1996,70863.0,0.0,1.054975,1.072965,ISR,HRV,711319
2653034,111,100,8158,1996,4382336.0,0.0,1.4674690000000001,1.263362,ITA,HRV,711319
2653035,207,100,8158,1996,107758.0,13895.0,1.409184,1.37245,SVN,HRV,711319
2653036,208,100,8158,1996,5874.0,0.0,2.133781,0.9099889999999999,SWE,HRV,711319
2653037,41,107,8158,1996,5067963.0,10717.0,2.246238,0.603288,CHE,IRN,711319
2653038,61,107,8158,1996,9178.0,74784.0,2.279976,-2.572299,DEU,IRN,711319
2653039,74,107,8158,1996,0.0,2625.0,2.0584729999999998,1.006908,FIN,IRN,711319
2653040,81,107,8158,1996,20909.0,0.0,1.850284,0.883084,GBR,IRN,711319
2653041,111,107,8158,1996,152777.0,0.0,1.4674690000000001,1.263362,ITA,IRN,711319
2653042,15,113,8158,1996,0.0,14517.0,1.9216669999999998,0.659388,AUT,JOR,711319
2653043,18,113,8158,1996,514017.0,0.0,1.549312,1.273767,BEL,JOR,711319
2653044,39,113,8158,1996,12876.0,0.0,1.155706,1.1127049999999998,CAN,JOR,711319
2653045,41,113,8158,1996,364290.0,0.0,2.246238,0.603288,CHE,JOR,711319
2653046,58,113,8158,1996,7941.0,0.0,0.20007,0.020590999999999998,CYP,JOR,711319
2653047,77,113,8158,1996,1268185.0,228618.0,1.69082,0.721312,FRA,JOR,711319
2653048,110,113,8158,1996,75509.0,67157.0,1.054975,1.072965,ISR,JOR,711319
2653049,111,113,8158,1996,6798674.0,0.0,1.4674690000000001,1.263362,ITA,JOR,711319
2653050,153,113,8158,1996,300668.0,0.0,0.351774,0.347262,MYS,JOR,711319
2653051,188,113,8158,1996,0.0,8728.0,0.215265,-0.8577309999999999,SAU,JOR,711319
2653052,216,113,8158,1996,154760.0,0.0,0.10120599999999999,1.351967,THA,JOR,711319
2653053,231,113,8158,1996,224528.0,2808857.0,1.7110560000000001,1.125141,USA,JOR,711319
2653054,14,124,8158,1996,27385.0,60560.0,0.369697,0.78069,AUS,LBN,711319
2653055,15,124,8158,1996,73614.0,80601.0,1.9216669999999998,0.659388,AUT,LBN,711319
2653056,18,124,8158,1996,891656.0,195193.0,1.549312,1.273767,BEL,LBN,711319
2653057,39,124,8158,1996,0.0,6081.0,1.155706,1.1127049999999998,CAN,LBN,711319
2653058,41,124,8158,1996,33252154.0,67650112.0,2.246238,0.603288,CHE,LBN,711319
2653059,58,124,8158,1996,18010.0,30270.0,0.20007,0.020590999999999998,CYP,LBN,711319
2653060,61,124,8158,1996,118737.0,64416.0,2.279976,-2.572299,DEU,LBN,711319
2653061,77,124,8158,1996,2011657.0,1507060.0,1.69082,0.721312,FRA,LBN,711319
2653062,81,124,8158,1996,323318.0,44192.0,1.850284,0.883084,GBR,LBN,711319
2653063,97,124,8158,1996,193946.0,94236.0,0.54364,2.727659,HKG,LBN,711319
2653064,111,124,8158,1996,96169952.0,578740.0,1.4674690000000001,1.263362,ITA,LBN,711319
2653065,162,124,8158,1996,0.0,72217.0,1.256625,1.803132,NLD,LBN,711319
2653066,163,124,8158,1996,0.0,4621.0,1.204869,0.303062,NOR,LBN,711319
2653067,188,124,8158,1996,0.0,1043821.0,0.215265,-0.8577309999999999,SAU,LBN,711319
2653068,192,124,8158,1996,255220.0,0.0,0.8354299999999999,0.41169799999999995,SGP,LBN,711319
2653069,208,124,8158,1996,0.0,45175.0,2.133781,0.9099889999999999,SWE,LBN,711319
2653070,216,124,8158,1996,865582.0,308466.0,0.10120599999999999,1.351967,THA,LBN,711319
2653071,231,124,8158,1996,506745.0,4993536.0,1.7110560000000001,1.125141,USA,LBN,711319
2653072,14,128,8158,1996,41988.0,26796.0,0.369697,0.78069,AUS,LKA,711319
2653073,18,128,8158,1996,0.0,48843.0,1.549312,1.273767,BEL,LKA,711319
2653074,39,128,8158,1996,0.0,60048.0,1.155706,1.1127049999999998,CAN,LKA,711319
2653075,41,128,8158,1996,51089.0,37472.0,2.246238,0.603288,CHE,LKA,711319
2653076,43,128,8158,1996,158735.0,0.0,0.404422,3.061344,CHN,LKA,711319
2653077,61,128,8158,1996,43643.0,248207.0,2.279976,-2.572299,DEU,LKA,711319
2653078,81,128,8158,1996,17633.0,125391.0,1.850284,0.883084,GBR,LKA,711319
2653079,97,128,8158,1996,3434.0,42907.0,0.54364,2.727659,HKG,LKA,711319
2653080,104,128,8158,1996,71080.0,3231.0,0.20685599999999998,2.317622,IND,LKA,711319
2653081,106,128,8158,1996,0.0,8206.0,1.386011,0.9232100000000001,IRL,LKA,711319
2653082,111,128,8158,1996,10518.0,58762.0,1.4674690000000001,1.263362,ITA,LKA,711319
2653083,114,128,8158,1996,0.0,6014778.0,2.615364,0.5656939999999999,JPN,LKA,711319
2653084,137,128,8158,1996,0.0,163185.0,-1.107903,-1.016442,MDV,LKA,711319
2653085,153,128,8158,1996,3431.0,26491.0,0.351774,0.347262,MYS,LKA,711319
2653086,162,128,8158,1996,0.0,11456.0,1.256625,1.803132,NLD,LKA,711319
2653087,192,128,8158,1996,2713997.0,2326378.0,0.8354299999999999,0.41169799999999995,SGP,LKA,711319
2653088,208,128,8158,1996,0.0,7200.0,2.133781,0.9099889999999999,SWE,LKA,711319
2653089,216,128,8158,1996,407660.0,85363.0,0.10120599999999999,1.351967,THA,LKA,711319
2653090,224,128,8158,1996,0.0,2080.0,0.156866,1.554023,TUR,LKA,711319
2653091,231,128,8158,1996,327168.0,186005.0,1.7110560000000001,1.125141,USA,LKA,711319
2653092,110,135,8158,1996,294175.0,424967.0,1.054975,1.072965,ISR,MDA,711319
2653093,186,135,8158,1996,942866.0,138137.0,0.900185,0.47723000000000004,RUS,MDA,711319
2653094,228,135,8158,1996,102139.0,0.0,0.896537,0.9241459999999999,UKR,MDA,711319
2653095,231,135,8158,1996,0.0,326925.0,1.7110560000000001,1.125141,USA,MDA,711319
2653096,15,140,8158,1996,10355.0,4576.0,1.9216669999999998,0.659388,AUT,MKD,711319
2653097,23,140,8158,1996,0.0,85931.0,0.544265,1.523408,BGR,MKD,711319
2653098,41,140,8158,1996,68678.0,0.0,2.246238,0.603288,CHE,MKD,711319
2653099,59,140,8158,1996,0.0,1686.0,1.401181,1.3094709999999998,CZE,MKD,711319
2653100,61,140,8158,1996,24225.0,0.0,2.279976,-2.572299,DEU,MKD,711319
2653101,74,140,8158,1996,32968.0,0.0,2.0584729999999998,1.006908,FIN,MKD,711319
2653102,110,140,8158,1996,30374.0,0.0,1.054975,1.072965,ISR,MKD,711319
2653103,111,140,8158,1996,188900.0,0.0,1.4674690000000001,1.263362,ITA,MKD,711319
2653104,189,140,8158,1996,368035.0,8843.0,0.786293,2.20126,SCG,MKD,711319
2653105,231,140,8158,1996,501.0,440543.0,1.7110560000000001,1.125141,USA,MKD,711319
2653106,4,189,8158,1996,0.0,1582.0,-0.309992,-0.039541,ALB,SCG,711319
2653107,15,189,8158,1996,5877.0,6061.0,1.9216669999999998,0.659388,AUT,SCG,711319
2653108,41,189,8158,1996,23190.0,0.0,2.246238,0.603288,CHE,SCG,711319
2653109,59,189,8158,1996,2957.0,23970.0,1.401181,1.3094709999999998,CZE,SCG,711319
2653110,61,189,8158,1996,1221.0,107468.0,2.279976,-2.572299,DEU,SCG,711319
2653111,102,189,8158,1996,0.0,184286.0,0.790036,1.891534,HUN,SCG,711319
2653112,111,189,8158,1996,82036.0,30581.0,1.4674690000000001,1.263362,ITA,SCG,711319
2653113,140,189,8158,1996,8843.0,368035.0,0.316133,0.933068,MKD,SCG,711319
2653114,224,189,8158,1996,6264.0,0.0,0.156866,1.554023,TUR,SCG,711319
2653115,231,189,8158,1996,0.0,60248.0,1.7110560000000001,1.125141,USA,SCG,711319
2653116,41,212,8158,1996,53435.0,424474.0,2.246238,0.603288,CHE,SYR,711319
2653117,71,212,8158,1996,0.0,3484.0,1.105317,1.9473,ESP,SYR,711319
2653118,77,212,8158,1996,137771.0,56190.0,1.69082,0.721312,FRA,SYR,711319
2653119,111,212,8158,1996,75290.0,0.0,1.4674690000000001,1.263362,ITA,SYR,711319
2653120,14,249,8158,1996,124612.0,140260.0,0.369697,0.78069,AUS,TWN,711319
2653121,15,249,8158,1996,15166.0,44373.0,1.9216669999999998,0.659388,AUT,TWN,711319
2653122,18,249,8158,1996,3109.0,185107.0,1.549312,1.273767,BEL,TWN,711319
2653123,32,249,8158,1996,6119.0,0.0,0.699658,1.271724,BRA,TWN,711319
2653124,39,249,8158,1996,0.0,208061.0,1.155706,1.1127049999999998,CAN,TWN,711319
2653125,41,249,8158,1996,1415438.0,79302.0,2.246238,0.603288,CHE,TWN,711319
2653126,43,249,8158,1996,445036.0,118875.0,0.404422,3.061344,CHN,TWN,711319
2653127,59,249,8158,1996,0.0,6911.0,1.401181,1.3094709999999998,CZE,TWN,711319
2653128,61,249,8158,1996,1415486.0,868310.0,2.279976,-2.572299,DEU,TWN,711319
2653129,64,249,8158,1996,291612.0,16579.0,1.443514,1.275684,DNK,TWN,711319
2653130,71,249,8158,1996,17483.0,50188.0,1.105317,1.9473,ESP,TWN,711319
2653131,74,249,8158,1996,0.0,67091.0,2.0584729999999998,1.006908,FIN,TWN,711319
2653132,77,249,8158,1996,9809463.0,3760695.0,1.69082,0.721312,FRA,TWN,711319
2653133,81,249,8158,1996,316330.0,58281.0,1.850284,0.883084,GBR,TWN,711319
2653134,90,249,8158,1996,334016.0,0.0,0.271386,1.042608,GRC,TWN,711319
2653135,97,249,8158,1996,41616824.0,7090240.0,0.54364,2.727659,HKG,TWN,711319
2653136,104,249,8158,1996,213759.0,0.0,0.20685599999999998,2.317622,IND,TWN,711319
2653137,106,249,8158,1996,0.0,8767.0,1.386011,0.9232100000000001,IRL,TWN,711319
2653138,110,249,8158,1996,43080.0,20466.0,1.054975,1.072965,ISR,TWN,711319
2653139,111,249,8158,1996,3457233.0,218849.0,1.4674690000000001,1.263362,ITA,TWN,711319
2653140,114,249,8158,1996,7054447.0,515413.0,2.615364,0.5656939999999999,JPN,TWN,711319
2653141,121,249,8158,1996,16250.0,2109.0,0.8946940000000001,1.240424,KOR,TWN,711319
2653142,153,249,8158,1996,477744.0,0.0,0.351774,0.347262,MYS,TWN,711319
2653143,162,249,8158,1996,169081.0,95853.0,1.256625,1.803132,NLD,TWN,711319
2653144,163,249,8158,1996,0.0,14716.0,1.204869,0.303062,NOR,TWN,711319
2653145,166,249,8158,1996,0.0,56641.0,0.49466099999999996,0.8302879999999999,NZL,TWN,711319
2653146,192,249,8158,1996,975120.0,3048874.0,0.8354299999999999,0.41169799999999995,SGP,TWN,711319
2653147,208,249,8158,1996,0.0,48211.0,2.133781,0.9099889999999999,SWE,TWN,711319
2653148,216,249,8158,1996,3362656.0,164146.0,0.10120599999999999,1.351967,THA,TWN,711319
2653149,224,249,8158,1996,29175.0,4770.0,0.156866,1.554023,TUR,TWN,711319
2653150,231,249,8158,1996,7330086.0,1104944.0,1.7110560000000001,1.125141,USA,TWN,711319
2653151,246,249,8158,1996,0.0,1599.0,0.456593,1.150786,ZAF,TWN,711319
2653152,14,250,8158,1996,33527.0,498309.0,0.369697,0.78069,AUS,ANS,711319
2653153,18,250,8158,1996,1170.0,240919.0,1.549312,1.273767,BEL,ANS,711319
2653154,32,250,8158,1996,2101.0,0.0,0.699658,1.271724,BRA,ANS,711319
2653155,39,250,8158,1996,0.0,112661.0,1.155706,1.1127049999999998,CAN,ANS,711319
2653156,41,250,8158,1996,802038.0,21499.0,2.246238,0.603288,CHE,ANS,711319
2653157,42,250,8158,1996,0.0,169921.0,-0.052811000000000004,-0.169464,CHL,ANS,711319
2653158,43,250,8158,1996,0.0,59624.0,0.404422,3.061344,CHN,ANS,711319
2653159,49,250,8158,1996,0.0,1958.0,0.136487,0.078743,COL,ANS,711319
2653160,52,250,8158,1996,4149728.0,0.0,-0.34219499999999997,0.12221900000000001,CRI,ANS,711319
2653161,58,250,8158,1996,1718.0,0.0,0.20007,0.020590999999999998,CYP,ANS,711319
2653162,59,250,8158,1996,193078.0,64844.0,1.401181,1.3094709999999998,CZE,ANS,711319
2653163,61,250,8158,1996,527752.0,0.0,2.279976,-2.572299,DEU,ANS,711319
2653164,64,250,8158,1996,0.0,6526.0,1.443514,1.275684,DNK,ANS,711319
2653165,77,250,8158,1996,39483.0,172179.0,1.69082,0.721312,FRA,ANS,711319
2653166,81,250,8158,1996,44437.0,0.0,1.850284,0.883084,GBR,ANS,711319
2653167,97,250,8158,1996,4846067.0,1150992.0,0.54364,2.727659,HKG,ANS,711319
2653168,103,250,8158,1996,0.0,5737.0,-0.43199899999999997,1.22074,IDN,ANS,711319
2653169,110,250,8158,1996,8633256.0,55163.0,1.054975,1.072965,ISR,ANS,711319
2653170,111,250,8158,1996,1950858.0,29963.0,1.4674690000000001,1.263362,ITA,ANS,711319
2653171,114,250,8158,1996,138948.0,34825.0,2.615364,0.5656939999999999,JPN,ANS,711319
2653172,121,250,8158,1996,0.0,10464.0,0.8946940000000001,1.240424,KOR,ANS,711319
2653173,134,250,8158,1996,451838.0,0.0,-0.67314,-0.241242,MAR,ANS,711319
2653174,138,250,8158,1996,0.0,1241.0,0.651949,0.9132170000000001,MEX,ANS,711319
2653175,151,250,8158,1996,44323.0,0.0,-0.538651,-0.746274,MUS,ANS,711319
2653176,153,250,8158,1996,210790.0,0.0,0.351774,0.347262,MYS,ANS,711319
2653177,166,250,8158,1996,0.0,5639516.0,0.49466099999999996,0.8302879999999999,NZL,ANS,711319
2653178,169,250,8158,1996,0.0,811272.0,-0.100537,-0.374129,PAN,ANS,711319
2653179,173,250,8158,1996,585826.0,0.0,-0.43761000000000005,-0.28077399999999997,PER,ANS,711319
2653180,177,250,8158,1996,70021.0,98205.0,0.795489,1.9004729999999999,POL,ANS,711319
2653181,179,250,8158,1996,90201.0,0.0,0.39343,1.170144,PRT,ANS,711319
2653182,188,250,8158,1996,0.0,81982.0,0.215265,-0.8577309999999999,SAU,ANS,711319
2653183,192,250,8158,1996,5511586.0,0.0,0.8354299999999999,0.41169799999999995,SGP,ANS,711319
2653184,206,250,8158,1996,12244.0,0.0,1.189398,1.29167,SVK,ANS,711319
2653185,216,250,8158,1996,685075.0,0.0,0.10120599999999999,1.351967,THA,ANS,711319
2653186,223,250,8158,1996,9863.0,0.0,-0.28546,-0.089051,TUN,ANS,711319
2653187,224,250,8158,1996,596050.0,0.0,0.156866,1.554023,TUR,ANS,711319
2653188,246,250,8158,1996,0.0,1137604.0,0.456593,1.150786,ZAF,ANS,711319
2653189,39,54,8158,1996,12220.0,23638.0,1.155706,1.1127049999999998,CAN,CUB,711319
2653190,71,54,8158,1996,474549.0,0.0,1.105317,1.9473,ESP,CUB,711319
2653191,81,54,8158,1996,15261.0,15880.0,1.850284,0.883084,GBR,CUB,711319
2653192,111,54,8158,1996,8805.0,0.0,1.4674690000000001,1.263362,ITA,CUB,711319
2653193,18,141,8158,1996,79710.0,0.0,1.549312,1.273767,BEL,MLI,711319
2653194,111,141,8158,1996,2336.0,0.0,1.4674690000000001,1.263362,ITA,MLI,711319
2653195,216,141,8158,1996,19433.0,0.0,0.10120599999999999,1.351967,THA,MLI,711319
2653196,18,168,8158,1996,0.0,11213.0,1.549312,1.273767,BEL,PAK,711319
2653197,39,168,8158,1996,0.0,68541.0,1.155706,1.1127049999999998,CAN,PAK,711319
2653198,41,168,8158,1996,60621.0,0.0,2.246238,0.603288,CHE,PAK,711319
2653199,61,168,8158,1996,0.0,3483.0,2.279976,-2.572299,DEU,PAK,711319
2653200,77,168,8158,1996,44416.0,10474.0,1.69082,0.721312,FRA,PAK,711319
2653201,81,168,8158,1996,651987.0,1514075.0,1.850284,0.883084,GBR,PAK,711319
2653202,111,168,8158,1996,419970.0,1412.0,1.4674690000000001,1.263362,ITA,PAK,711319
2653203,114,168,8158,1996,0.0,2030.0,2.615364,0.5656939999999999,JPN,PAK,711319
2653204,192,168,8158,1996,0.0,78401.0,0.8354299999999999,0.41169799999999995,SGP,PAK,711319
2653205,216,168,8158,1996,12667.0,0.0,0.10120599999999999,1.351967,THA,PAK,711319
2653206,231,168,8158,1996,103827.0,3024261.0,1.7110560000000001,1.125141,USA,PAK,711319
2653207,15,178,8158,1996,1316880.0,0.0,1.9216669999999998,0.659388,AUT,PRK,711319
2653208,111,178,8158,1996,51265.0,0.0,1.4674690000000001,1.263362,ITA,PRK,711319
2653209,114,178,8158,1996,0.0,797649.0,2.615364,0.5656939999999999,JPN,PRK,711319
2653210,14,239,8158,1996,0.0,108994.0,0.369697,0.78069,AUS,VNM,711319
2653211,41,239,8158,1996,321844.0,0.0,2.246238,0.603288,CHE,VNM,711319
2653212,61,239,8158,1996,0.0,88590.0,2.279976,-2.572299,DEU,VNM,711319
2653213,64,239,8158,1996,0.0,1332.0,1.443514,1.275684,DNK,VNM,711319
2653214,71,239,8158,1996,0.0,56910.0,1.105317,1.9473,ESP,VNM,711319
2653215,74,239,8158,1996,0.0,6375.0,2.0584729999999998,1.006908,FIN,VNM,711319
2653216,77,239,8158,1996,1985085.0,8314148.0,1.69082,0.721312,FRA,VNM,711319
2653217,97,239,8158,1996,0.0,1277571.0,0.54364,2.727659,HKG,VNM,711319
2653218,104,239,8158,1996,51363.0,0.0,0.20685599999999998,2.317622,IND,VNM,711319
2653219,111,239,8158,1996,35244.0,0.0,1.4674690000000001,1.263362,ITA,VNM,711319
2653220,114,239,8158,1996,0.0,108607.0,2.615364,0.5656939999999999,JPN,VNM,711319
2653221,162,239,8158,1996,0.0,53718.0,1.256625,1.803132,NLD,VNM,711319
2653222,192,239,8158,1996,95462.0,0.0,0.8354299999999999,0.41169799999999995,SGP,VNM,711319
2653223,216,239,8158,1996,27888.0,0.0,0.10120599999999999,1.351967,THA,VNM,711319
2653224,231,239,8158,1996,0.0,7964.0,1.7110560000000001,1.125141,USA,VNM,711319
2653225,111,29,8158,1996,23487.0,0.0,1.4674690000000001,1.263362,ITA,BLZ,711319
2653226,216,29,8158,1996,35196.0,0.0,0.10120599999999999,1.351967,THA,BLZ,711319
2653227,8,31,8158,1996,6826.0,0.0,0.167081,0.433612,ARG,BOL,711319
2653228,14,31,8158,1996,0.0,2521.0,0.369697,0.78069,AUS,BOL,711319
2653229,32,31,8158,1996,4084.0,0.0,0.699658,1.271724,BRA,BOL,711319
2653230,39,31,8158,1996,0.0,7059.0,1.155706,1.1127049999999998,CAN,BOL,711319
2653231,49,31,8158,1996,0.0,67822.0,0.136487,0.078743,COL,BOL,711319
2653232,61,31,8158,1996,148385.0,1370.0,2.279976,-2.572299,DEU,BOL,711319
2653233,71,31,8158,1996,57459.0,0.0,1.105317,1.9473,ESP,BOL,711319
2653234,111,31,8158,1996,1174606.0,560204.0,1.4674690000000001,1.263362,ITA,BOL,711319
2653235,114,31,8158,1996,0.0,3964.0,2.615364,0.5656939999999999,JPN,BOL,711319
2653236,138,31,8158,1996,2717.0,59813.0,0.651949,0.9132170000000001,MEX,BOL,711319
2653237,169,31,8158,1996,12501.0,0.0,-0.100537,-0.374129,PAN,BOL,711319
2653238,231,31,8158,1996,1224909.0,65744512.0,1.7110560000000001,1.125141,USA,BOL,711319
2653239,6,63,8158,1996,5626.0,0.0,0.29339,-0.572443,ANT,DMA,711319
2653240,43,63,8158,1996,52735.0,0.0,0.404422,3.061344,CHN,DMA,711319
2653241,61,63,8158,1996,4807.0,0.0,2.279976,-2.572299,DEU,DMA,711319
2653242,74,63,8158,1996,0.0,8191.0,2.0584729999999998,1.006908,FIN,DMA,711319
2653243,111,63,8158,1996,3983.0,0.0,1.4674690000000001,1.263362,ITA,DMA,711319
2653244,231,63,8158,1996,2694.0,45913.0,1.7110560000000001,1.125141,USA,DMA,711319
2653245,61,91,8158,1996,14356.0,0.0,2.279976,-2.572299,DEU,GRD,711319
2653246,81,91,8158,1996,2379.0,0.0,1.850284,0.883084,GBR,GRD,711319
2653247,111,91,8158,1996,2870.0,0.0,1.4674690000000001,1.263362,ITA,GRD,711319
2653248,222,91,8158,1996,29067.0,0.0,0.19111,-0.488382,TTO,GRD,711319
2653249,231,91,8158,1996,107046.0,0.0,1.7110560000000001,1.125141,USA,GRD,711319
2653250,61,101,8158,1996,96343.0,0.0,2.279976,-2.572299,DEU,HTI,711319
2653251,77,101,8158,1996,63176.0,0.0,1.69082,0.721312,FRA,HTI,711319
2653252,111,101,8158,1996,30135.0,0.0,1.4674690000000001,1.263362,ITA,HTI,711319
2653253,39,112,8158,1996,67791.0,0.0,1.155706,1.1127049999999998,CAN,JAM,711319
2653254,41,112,8158,1996,264087.0,0.0,2.246238,0.603288,CHE,JAM,711319
2653255,61,112,8158,1996,267816.0,0.0,2.279976,-2.572299,DEU,JAM,711319
2653256,71,112,8158,1996,8265.0,0.0,1.105317,1.9473,ESP,JAM,711319
2653257,74,112,8158,1996,9986.0,0.0,2.0584729999999998,1.006908,FIN,JAM,711319
2653258,77,112,8158,1996,51569.0,0.0,1.69082,0.721312,FRA,JAM,711319
2653259,81,112,8158,1996,10300.0,0.0,1.850284,0.883084,GBR,JAM,711319
2653260,97,112,8158,1996,368801.0,58907.0,0.54364,2.727659,HKG,JAM,711319
2653261,104,112,8158,1996,50700.0,0.0,0.20685599999999998,2.317622,IND,JAM,711319
2653262,110,112,8158,1996,55586.0,0.0,1.054975,1.072965,ISR,JAM,711319
2653263,111,112,8158,1996,306202.0,0.0,1.4674690000000001,1.263362,ITA,JAM,711319
2653264,114,112,8158,1996,1000.0,0.0,2.615364,0.5656939999999999,JPN,JAM,711319
2653265,162,112,8158,1996,5299.0,0.0,1.256625,1.803132,NLD,JAM,711319
2653266,169,112,8158,1996,3614.0,0.0,-0.100537,-0.374129,PAN,JAM,711319
2653267,216,112,8158,1996,71097.0,0.0,0.10120599999999999,1.351967,THA,JAM,711319
2653268,231,112,8158,1996,2272074.0,1836.0,1.7110560000000001,1.125141,USA,JAM,711319
2653269,39,127,8158,1996,1885.0,0.0,1.155706,1.1127049999999998,CAN,LCA,711319
2653270,61,127,8158,1996,7933.0,0.0,2.279976,-2.572299,DEU,LCA,711319
2653271,81,127,8158,1996,1878.0,0.0,1.850284,0.883084,GBR,LCA,711319
2653272,96,127,8158,1996,6102.0,0.0,-0.567617,-0.766822,GUY,LCA,711319
2653273,104,127,8158,1996,8017.0,0.0,0.20685599999999998,2.317622,IND,LCA,711319
2653274,222,127,8158,1996,14397.0,0.0,0.19111,-0.488382,TTO,LCA,711319
2653275,231,127,8158,1996,3320905.0,6887.0,1.7110560000000001,1.125141,USA,LCA,711319
2653276,111,160,8158,1996,35047.0,0.0,1.4674690000000001,1.263362,ITA,NIC,711319
2653277,231,160,8158,1996,0.0,9459950.0,1.7110560000000001,1.125141,USA,NIC,711319
2653278,61,197,8158,1996,9230.0,0.0,2.279976,-2.572299,DEU,SLV,711319
2653279,71,197,8158,1996,16851.0,0.0,1.105317,1.9473,ESP,SLV,711319
2653280,77,197,8158,1996,17004.0,0.0,1.69082,0.721312,FRA,SLV,711319
2653281,93,197,8158,1996,15251.0,15975.0,-0.332901,0.23790300000000003,GTM,SLV,711319
2653282,111,197,8158,1996,4540.0,0.0,1.4674690000000001,1.263362,ITA,SLV,711319
2653283,169,197,8158,1996,72412.0,11747.0,-0.100537,-0.374129,PAN,SLV,711319
2653284,231,197,8158,1996,51619.0,0.0,1.7110560000000001,1.125141,USA,SLV,711319
2653285,61,227,8158,1996,5247.0,0.0,2.279976,-2.572299,DEU,UGA,711319
2653286,81,227,8158,1996,263705.0,0.0,1.850284,0.883084,GBR,UGA,711319
2653287,104,227,8158,1996,86858.0,0.0,0.20685599999999998,2.317622,IND,UGA,711319
2653288,41,234,8158,1996,136281.0,0.0,2.246238,0.603288,CHE,VCT,711319
2653289,61,234,8158,1996,2727.0,0.0,2.279976,-2.572299,DEU,VCT,711319
2653290,222,234,8158,1996,47571.0,0.0,0.19111,-0.488382,TTO,VCT,711319
2653291,231,234,8158,1996,0.0,2439956.0,1.7110560000000001,1.125141,USA,VCT,711319
2653292,18,17,8158,1996,14638.0,0.0,1.549312,1.273767,BEL,BDI,711319
2653293,111,17,8158,1996,2107.0,0.0,1.4674690000000001,1.263362,ITA,BDI,711319
2653294,77,50,8158,1996,86705.0,0.0,1.69082,0.721312,FRA,COM,711319
2653295,18,85,8158,1996,21042.0,0.0,1.549312,1.273767,BEL,GIN,711319
2653296,77,85,8158,1996,1225.0,0.0,1.69082,0.721312,FRA,GIN,711319
2653297,111,85,8158,1996,66653.0,0.0,1.4674690000000001,1.263362,ITA,GIN,711319
2653298,18,87,8158,1996,255450.0,0.0,1.549312,1.273767,BEL,GMB,711319
2653299,14,109,8158,1996,0.0,1458.0,0.369697,0.78069,AUS,ISL,711319
2653300,15,109,8158,1996,1667.0,0.0,1.9216669999999998,0.659388,AUT,ISL,711319
2653301,18,109,8158,1996,43955.0,0.0,1.549312,1.273767,BEL,ISL,711319
2653302,39,109,8158,1996,0.0,13261.0,1.155706,1.1127049999999998,CAN,ISL,711319
2653303,41,109,8158,1996,599817.0,41240.0,2.246238,0.603288,CHE,ISL,711319
2653304,61,109,8158,1996,1047077.0,0.0,2.279976,-2.572299,DEU,ISL,711319
2653305,64,109,8158,1996,125588.0,0.0,1.443514,1.275684,DNK,ISL,711319
2653306,71,109,8158,1996,24330.0,0.0,1.105317,1.9473,ESP,ISL,711319
2653307,77,109,8158,1996,10366.0,0.0,1.69082,0.721312,FRA,ISL,711319
2653308,81,109,8158,1996,352617.0,0.0,1.850284,0.883084,GBR,ISL,711319
2653309,97,109,8158,1996,17076.0,0.0,0.54364,2.727659,HKG,ISL,711319
2653310,111,109,8158,1996,320874.0,0.0,1.4674690000000001,1.263362,ITA,ISL,711319
2653311,114,109,8158,1996,1068.0,0.0,2.615364,0.5656939999999999,JPN,ISL,711319
2653312,121,109,8158,1996,1038.0,0.0,0.8946940000000001,1.240424,KOR,ISL,711319
2653313,162,109,8158,1996,1460.0,0.0,1.256625,1.803132,NLD,ISL,711319
2653314,163,109,8158,1996,165984.0,5339.0,1.204869,0.303062,NOR,ISL,711319
2653315,179,109,8158,1996,3454.0,0.0,0.39343,1.170144,PRT,ISL,711319
2653316,208,109,8158,1996,6703.0,0.0,2.133781,0.9099889999999999,SWE,ISL,711319
2653317,216,109,8158,1996,11921.0,0.0,0.10120599999999999,1.351967,THA,ISL,711319
2653318,231,109,8158,1996,4305.0,46942.0,1.7110560000000001,1.125141,USA,ISL,711319
2653319,246,109,8158,1996,0.0,18355.0,0.456593,1.150786,ZAF,ISL,711319
2653320,43,133,8158,1996,369701.0,0.0,0.404422,3.061344,CHN,MAC,711319
2653321,97,133,8158,1996,2069577.0,256475.0,0.54364,2.727659,HKG,MAC,711319
2653322,111,133,8158,1996,16070.0,0.0,1.4674690000000001,1.263362,ITA,MAC,711319
2653323,179,133,8158,1996,8296.0,0.0,0.39343,1.170144,PRT,MAC,711319
2653324,231,133,8158,1996,0.0,14892.0,1.7110560000000001,1.125141,USA,MAC,711319
2653325,41,136,8158,1996,0.0,5933.0,2.246238,0.603288,CHE,MDG,711319
2653326,43,136,8158,1996,0.0,1676.0,0.404422,3.061344,CHN,MDG,711319
2653327,77,136,8158,1996,338688.0,6231.0,1.69082,0.721312,FRA,MDG,711319
2653328,97,136,8158,1996,29764.0,0.0,0.54364,2.727659,HKG,MDG,711319
2653329,104,136,8158,1996,1225.0,0.0,0.20685599999999998,2.317622,IND,MDG,711319
2653330,231,136,8158,1996,0.0,3629.0,1.7110560000000001,1.125141,USA,MDG,711319
2653331,7,137,8158,1996,7873.0,0.0,-0.245358,-0.726695,ARE,MDV,711319
2653332,61,137,8158,1996,825.0,0.0,2.279976,-2.572299,DEU,MDV,711319
2653333,97,137,8158,1996,4160.0,21928.0,0.54364,2.727659,HKG,MDV,711319
2653334,104,137,8158,1996,1238.0,0.0,0.20685599999999998,2.317622,IND,MDV,711319
2653335,128,137,8158,1996,163185.0,0.0,-0.812763,-0.188722,LKA,MDV,711319
2653336,188,137,8158,1996,6005.0,0.0,0.215265,-0.8577309999999999,SAU,MDV,711319
2653337,192,137,8158,1996,1368.0,0.0,0.8354299999999999,0.41169799999999995,SGP,MDV,711319
2653338,216,137,8158,1996,200569.0,0.0,0.10120599999999999,1.351967,THA,MDV,711319
2653339,14,151,8158,1996,4562.0,0.0,0.369697,0.78069,AUS,MUS,711319
2653340,18,151,8158,1996,46366.0,13778.0,1.549312,1.273767,BEL,MUS,711319
2653341,39,151,8158,1996,0.0,12126.0,1.155706,1.1127049999999998,CAN,MUS,711319
2653342,41,151,8158,1996,502018.0,22510.0,2.246238,0.603288,CHE,MUS,711319
2653343,43,151,8158,1996,28406.0,0.0,0.404422,3.061344,CHN,MUS,711319
2653344,61,151,8158,1996,2100116.0,905201.0,2.279976,-2.572299,DEU,MUS,711319
2653345,71,151,8158,1996,77525.0,0.0,1.105317,1.9473,ESP,MUS,711319
2653346,77,151,8158,1996,7975975.0,15121037.0,1.69082,0.721312,FRA,MUS,711319
2653347,81,151,8158,1996,85857.0,68965.0,1.850284,0.883084,GBR,MUS,711319
2653348,97,151,8158,1996,1364586.0,63060.0,0.54364,2.727659,HKG,MUS,711319
2653349,104,151,8158,1996,72425.0,0.0,0.20685599999999998,2.317622,IND,MUS,711319
2653350,111,151,8158,1996,511832.0,174413.0,1.4674690000000001,1.263362,ITA,MUS,711319
2653351,121,151,8158,1996,1366.0,0.0,0.8946940000000001,1.240424,KOR,MUS,711319
2653352,192,151,8158,1996,102539.0,0.0,0.8354299999999999,0.41169799999999995,SGP,MUS,711319
2653353,208,151,8158,1996,5167.0,0.0,2.133781,0.9099889999999999,SWE,MUS,711319
2653354,216,151,8158,1996,780546.0,0.0,0.10120599999999999,1.351967,THA,MUS,711319
2653355,231,151,8158,1996,703364.0,426136.0,1.7110560000000001,1.125141,USA,MUS,711319
2653356,246,151,8158,1996,180437.0,0.0,0.456593,1.150786,ZAF,MUS,711319
2653357,250,151,8158,1996,0.0,44323.0,1.084978,0.901755,ANS,MUS,711319
2653358,41,159,8158,1996,1362546.0,22906.0,2.246238,0.603288,CHE,NGA,711319
2653359,61,159,8158,1996,0.0,30045.0,2.279976,-2.572299,DEU,NGA,711319
2653360,71,159,8158,1996,4482.0,0.0,1.105317,1.9473,ESP,NGA,711319
2653361,77,159,8158,1996,480324.0,0.0,1.69082,0.721312,FRA,NGA,711319
2653362,81,159,8158,1996,170388.0,0.0,1.850284,0.883084,GBR,NGA,711319
2653363,83,159,8158,1996,522.0,0.0,-1.035244,-0.9834129999999999,GHA,NGA,711319
2653364,110,159,8158,1996,18731.0,0.0,1.054975,1.072965,ISR,NGA,711319
2653365,111,159,8158,1996,1508136.0,0.0,1.4674690000000001,1.263362,ITA,NGA,711319
2653366,18,187,8158,1996,75853.0,0.0,1.549312,1.273767,BEL,RWA,711319
2653367,32,187,8158,1996,1124.0,0.0,0.699658,1.271724,BRA,RWA,711319
2653368,7,211,8158,1996,62274.0,0.0,-0.245358,-0.726695,ARE,SYC,711319
2653369,77,211,8158,1996,176911.0,5747.0,1.69082,0.721312,FRA,SYC,711319
2653370,81,211,8158,1996,24942.0,0.0,1.850284,0.883084,GBR,SYC,711319
2653371,111,211,8158,1996,127719.0,8213.0,1.4674690000000001,1.263362,ITA,SYC,711319
2653372,116,211,8158,1996,10703.0,0.0,-0.468322,-0.017625,KEN,SYC,711319
2653373,231,211,8158,1996,3955.0,0.0,1.7110560000000001,1.125141,USA,SYC,711319
2653374,246,211,8158,1996,21312.0,0.0,0.456593,1.150786,ZAF,SYC,711319
2653375,41,226,8158,1996,0.0,4381.0,2.246238,0.603288,CHE,TZA,711319
2653376,81,226,8158,1996,81490.0,0.0,1.850284,0.883084,GBR,TZA,711319
2653377,111,226,8158,1996,9200.0,0.0,1.4674690000000001,1.263362,ITA,TZA,711319
2653378,216,226,8158,1996,5691.0,0.0,0.10120599999999999,1.351967,THA,TZA,711319
2653379,231,226,8158,1996,0.0,2208937.0,1.7110560000000001,1.125141,USA,TZA,711319
2653380,81,2,8158,1996,11466.0,0.0,1.850284,0.883084,GBR,AGO,711319
2653381,138,2,8158,1996,0.0,2297.0,0.651949,0.9132170000000001,MEX,AGO,711319
2653382,179,2,8158,1996,267591.0,0.0,0.39343,1.170144,PRT,AGO,711319
2653383,231,3,8158,1996,18779.0,0.0,1.7110560000000001,1.125141,USA,AIA,711319
2653384,41,4,8158,1996,2934.0,0.0,2.246238,0.603288,CHE,ALB,711319
2653385,61,4,8158,1996,1143.0,0.0,2.279976,-2.572299,DEU,ALB,711319
2653386,111,4,8158,1996,1168542.0,0.0,1.4674690000000001,1.263362,ITA,ALB,711319
2653387,189,4,8158,1996,1582.0,0.0,0.786293,2.20126,SCG,ALB,711319
2653388,224,4,8158,1996,15499.0,0.0,0.156866,1.554023,TUR,ALB,711319
2653389,18,6,8158,1996,27597.0,0.0,1.549312,1.273767,BEL,ANT,711319
2653390,32,6,8158,1996,32680.0,0.0,0.699658,1.271724,BRA,ANT,711319
2653391,39,6,8158,1996,54181.0,0.0,1.155706,1.1127049999999998,CAN,ANT,711319
2653392,41,6,8158,1996,1630153.0,0.0,2.246238,0.603288,CHE,ANT,711319
2653393,49,6,8158,1996,42635.0,0.0,0.136487,0.078743,COL,ANT,711319
2653394,61,6,8158,1996,719706.0,0.0,2.279976,-2.572299,DEU,ANT,711319
2653395,63,6,8158,1996,0.0,5626.0,0.44934399999999997,-0.023771,DMA,ANT,711319
2653396,71,6,8158,1996,86531.0,0.0,1.105317,1.9473,ESP,ANT,711319
2653397,77,6,8158,1996,29335.0,0.0,1.69082,0.721312,FRA,ANT,711319
2653398,81,6,8158,1996,3415.0,0.0,1.850284,0.883084,GBR,ANT,711319
2653399,97,6,8158,1996,681335.0,5412.0,0.54364,2.727659,HKG,ANT,711319
2653400,104,6,8158,1996,33836.0,0.0,0.20685599999999998,2.317622,IND,ANT,711319
2653401,110,6,8158,1996,96000.0,0.0,1.054975,1.072965,ISR,ANT,711319
2653402,111,6,8158,1996,64676172.0,26307.0,1.4674690000000001,1.263362,ITA,ANT,711319
2653403,114,6,8158,1996,6644.0,0.0,2.615364,0.5656939999999999,JPN,ANT,711319
2653404,120,6,8158,1996,0.0,2684.0,0.546384,-0.463373,KNA,ANT,711319
2653405,162,6,8158,1996,70597.0,2479.0,1.256625,1.803132,NLD,ANT,711319
2653406,192,6,8158,1996,11332.0,0.0,0.8354299999999999,0.41169799999999995,SGP,ANT,711319
2653407,216,6,8158,1996,1232293.0,0.0,0.10120599999999999,1.351967,THA,ANT,711319
2653408,222,6,8158,1996,17153.0,0.0,0.19111,-0.488382,TTO,ANT,711319
2653409,230,6,8158,1996,0.0,102289.0,0.171541,0.313934,URY,ANT,711319
2653410,231,6,8158,1996,11372205.0,1886526.0,1.7110560000000001,1.125141,USA,ANT,711319
2653411,236,6,8158,1996,70105.0,312390.0,0.07086100000000001,-0.761307,VEN,ANT,711319
2653412,14,7,8158,1996,68299.0,53551.0,0.369697,0.78069,AUS,ARE,711319
2653413,15,7,8158,1996,86419.0,72134.0,1.9216669999999998,0.659388,AUT,ARE,711319
2653414,18,7,8158,1996,609861.0,0.0,1.549312,1.273767,BEL,ARE,711319
2653415,39,7,8158,1996,190025.0,594924.0,1.155706,1.1127049999999998,CAN,ARE,711319
2653416,41,7,8158,1996,92136408.0,6908718.0,2.246238,0.603288,CHE,ARE,711319
2653417,43,7,8158,1996,29735.0,0.0,0.404422,3.061344,CHN,ARE,711319
2653418,59,7,8158,1996,5678.0,102088.0,1.401181,1.3094709999999998,CZE,ARE,711319
2653419,61,7,8158,1996,17139300.0,5087640.0,2.279976,-2.572299,DEU,ARE,711319
2653420,64,7,8158,1996,21966.0,346145.0,1.443514,1.275684,DNK,ARE,711319
2653421,71,7,8158,1996,2785206.0,0.0,1.105317,1.9473,ESP,ARE,711319
2653422,74,7,8158,1996,0.0,12630.0,2.0584729999999998,1.006908,FIN,ARE,711319
2653423,77,7,8158,1996,3156410.0,2052.0,1.69082,0.721312,FRA,ARE,711319
2653424,81,7,8158,1996,62626192.0,70801840.0,1.850284,0.883084,GBR,ARE,711319
2653425,90,7,8158,1996,156628.0,199787.0,0.271386,1.042608,GRC,ARE,711319
2653426,97,7,8158,1996,10374521.0,6065472.0,0.54364,2.727659,HKG,ARE,711319
2653427,103,7,8158,1996,21186.0,0.0,-0.43199899999999997,1.22074,IDN,ARE,711319
2653428,104,7,8158,1996,68701456.0,3662876.0,0.20685599999999998,2.317622,IND,ARE,711319
2653429,111,7,8158,1996,271757984.0,3862833.0,1.4674690000000001,1.263362,ITA,ARE,711319
2653430,114,7,8158,1996,23324.0,1736.0,2.615364,0.5656939999999999,JPN,ARE,711319
2653431,137,7,8158,1996,0.0,7873.0,-1.107903,-1.016442,MDV,ARE,711319
2653432,153,7,8158,1996,109568920.0,402137.0,0.351774,0.347262,MYS,ARE,711319
2653433,162,7,8158,1996,0.0,1778553.0,1.256625,1.803132,NLD,ARE,711319
2653434,163,7,8158,1996,1545.0,298044.0,1.204869,0.303062,NOR,ARE,711319
2653435,166,7,8158,1996,0.0,6429.0,0.49466099999999996,0.8302879999999999,NZL,ARE,711319
2653436,174,7,8158,1996,6927.0,0.0,-0.276548,0.344986,PHL,ARE,711319
2653437,179,7,8158,1996,138782.0,118557.0,0.39343,1.170144,PRT,ARE,711319
2653438,188,7,8158,1996,0.0,32770.0,0.215265,-0.8577309999999999,SAU,ARE,711319
2653439,192,7,8158,1996,32571422.0,17583646.0,0.8354299999999999,0.41169799999999995,SGP,ARE,711319
2653440,208,7,8158,1996,0.0,476499.0,2.133781,0.9099889999999999,SWE,ARE,711319
2653441,211,7,8158,1996,0.0,62274.0,0.239125,-0.458433,SYC,ARE,711319
2653442,216,7,8158,1996,19858202.0,1758961.0,0.10120599999999999,1.351967,THA,ARE,711319
2653443,224,7,8158,1996,8212349.0,325985.0,0.156866,1.554023,TUR,ARE,711319
2653444,231,7,8158,1996,7418790.0,2418604.0,1.7110560000000001,1.125141,USA,ARE,711319
2653445,246,7,8158,1996,1021.0,17582.0,0.456593,1.150786,ZAF,ARE,711319
2653446,61,13,8158,1996,44095.0,0.0,2.279976,-2.572299,DEU,ATG,711319
2653447,81,13,8158,1996,19005.0,0.0,1.850284,0.883084,GBR,ATG,711319
2653448,111,13,8158,1996,137338.0,0.0,1.4674690000000001,1.263362,ITA,ATG,711319
2653449,222,13,8158,1996,2743.0,0.0,0.19111,-0.488382,TTO,ATG,711319
2653450,231,13,8158,1996,999235.0,2728.0,1.7110560000000001,1.125141,USA,ATG,711319
2653451,77,19,8158,1996,102104.0,0.0,1.69082,0.721312,FRA,BEN,711319
2653452,111,19,8158,1996,673704.0,0.0,1.4674690000000001,1.263362,ITA,BEN,711319
2653453,77,21,8158,1996,7916.0,0.0,1.69082,0.721312,FRA,BFA,711319
2653454,81,21,8158,1996,0.0,173625.0,1.850284,0.883084,GBR,BFA,711319
2653455,111,21,8158,1996,7036.0,0.0,1.4674690000000001,1.263362,ITA,BFA,711319
2653456,41,24,8158,1996,10397084.0,10562710.0,2.246238,0.603288,CHE,BHR,711319
2653457,58,24,8158,1996,126642.0,0.0,0.20007,0.020590999999999998,CYP,BHR,711319
2653458,61,24,8158,1996,2102012.0,602454.0,2.279976,-2.572299,DEU,BHR,711319
2653459,71,24,8158,1996,642726.0,0.0,1.105317,1.9473,ESP,BHR,711319
2653460,77,24,8158,1996,208722.0,3960.0,1.69082,0.721312,FRA,BHR,711319
2653461,81,24,8158,1996,2807826.0,2059745.0,1.850284,0.883084,GBR,BHR,711319
2653462,97,24,8158,1996,445440.0,2266296.0,0.54364,2.727659,HKG,BHR,711319
2653463,104,24,8158,1996,1888936.0,0.0,0.20685599999999998,2.317622,IND,BHR,711319
2653464,111,24,8158,1996,9519592.0,794437.0,1.4674690000000001,1.263362,ITA,BHR,711319
2653465,114,24,8158,1996,1373856.0,0.0,2.615364,0.5656939999999999,JPN,BHR,711319
2653466,192,24,8158,1996,2290974.0,0.0,0.8354299999999999,0.41169799999999995,SGP,BHR,711319
2653467,216,24,8158,1996,878393.0,0.0,0.10120599999999999,1.351967,THA,BHR,711319
2653468,224,24,8158,1996,35647.0,0.0,0.156866,1.554023,TUR,BHR,711319
2653469,231,24,8158,1996,710737.0,36413.0,1.7110560000000001,1.125141,USA,BHR,711319
2653470,39,25,8158,1996,2646.0,0.0,1.155706,1.1127049999999998,CAN,BHS,711319
2653471,41,25,8158,1996,1016474.0,1245372.0,2.246238,0.603288,CHE,BHS,711319
2653472,61,25,8158,1996,644018.0,1688.0,2.279976,-2.572299,DEU,BHS,711319
2653473,71,25,8158,1996,118417.0,0.0,1.105317,1.9473,ESP,BHS,711319
2653474,77,25,8158,1996,83463.0,0.0,1.69082,0.721312,FRA,BHS,711319
2653475,81,25,8158,1996,20473.0,2805.0,1.850284,0.883084,GBR,BHS,711319
2653476,90,25,8158,1996,224201.0,0.0,0.271386,1.042608,GRC,BHS,711319
2653477,97,25,8158,1996,6923329.0,235344.0,0.54364,2.727659,HKG,BHS,711319
2653478,110,25,8158,1996,82000.0,0.0,1.054975,1.072965,ISR,BHS,711319
2653479,111,25,8158,1996,2055604.0,0.0,1.4674690000000001,1.263362,ITA,BHS,711319
2653480,114,25,8158,1996,18696.0,6319.0,2.615364,0.5656939999999999,JPN,BHS,711319
2653481,192,25,8158,1996,1753180.0,0.0,0.8354299999999999,0.41169799999999995,SGP,BHS,711319
2653482,216,25,8158,1996,84898.0,0.0,0.10120599999999999,1.351967,THA,BHS,711319
2653483,231,25,8158,1996,3718746.0,105237.0,1.7110560000000001,1.125141,USA,BHS,711319
2653484,15,26,8158,1996,1752.0,0.0,1.9216669999999998,0.659388,AUT,BIH,711319
2653485,41,26,8158,1996,70381.0,1460.0,2.246238,0.603288,CHE,BIH,711319
2653486,81,26,8158,1996,125966.0,0.0,1.850284,0.883084,GBR,BIH,711319
2653487,100,26,8158,1996,230338.0,26831.0,0.772706,1.1075270000000002,HRV,BIH,711319
2653488,111,26,8158,1996,48095.0,0.0,1.4674690000000001,1.263362,ITA,BIH,711319
2653489,208,26,8158,1996,100887.0,0.0,2.133781,0.9099889999999999,SWE,BIH,711319
2653490,61,28,8158,1996,59987.0,0.0,2.279976,-2.572299,DEU,BLR,711319
2653491,104,28,8158,1996,48425.0,0.0,0.20685599999999998,2.317622,IND,BLR,711319
2653492,110,28,8158,1996,329517.0,0.0,1.054975,1.072965,ISR,BLR,711319
2653493,111,28,8158,1996,15838.0,0.0,1.4674690000000001,1.263362,ITA,BLR,711319
2653494,177,28,8158,1996,101463.0,0.0,0.795489,1.9004729999999999,POL,BLR,711319
2653495,192,28,8158,1996,2246.0,0.0,0.8354299999999999,0.41169799999999995,SGP,BLR,711319
2653496,231,28,8158,1996,3765.0,0.0,1.7110560000000001,1.125141,USA,BLR,711319
2653497,32,33,8158,1996,224220.0,0.0,0.699658,1.271724,BRA,BRB,711319
2653498,61,33,8158,1996,134605.0,0.0,2.279976,-2.572299,DEU,BRB,711319
2653499,71,33,8158,1996,2408.0,0.0,1.105317,1.9473,ESP,BRB,711319
2653500,77,33,8158,1996,21442.0,0.0,1.69082,0.721312,FRA,BRB,711319
2653501,81,33,8158,1996,14170.0,0.0,1.850284,0.883084,GBR,BRB,711319
2653502,97,33,8158,1996,281490.0,0.0,0.54364,2.727659,HKG,BRB,711319
2653503,104,33,8158,1996,14340.0,0.0,0.20685599999999998,2.317622,IND,BRB,711319
2653504,110,33,8158,1996,44000.0,0.0,1.054975,1.072965,ISR,BRB,711319
2653505,111,33,8158,1996,86034.0,0.0,1.4674690000000001,1.263362,ITA,BRB,711319
2653506,216,33,8158,1996,7962.0,0.0,0.10120599999999999,1.351967,THA,BRB,711319
2653507,222,33,8158,1996,190207.0,0.0,0.19111,-0.488382,TTO,BRB,711319
2653508,231,33,8158,1996,1473524.0,12552.0,1.7110560000000001,1.125141,USA,BRB,711319
2653509,18,34,8158,1996,395060.0,0.0,1.549312,1.273767,BEL,BRN,711319
2653510,41,34,8158,1996,67811536.0,0.0,2.246238,0.603288,CHE,BRN,711319
2653511,77,34,8158,1996,1973205.0,0.0,1.69082,0.721312,FRA,BRN,711319
2653512,81,34,8158,1996,325509088.0,247453072.0,1.850284,0.883084,GBR,BRN,711319
2653513,111,34,8158,1996,116376.0,52834.0,1.4674690000000001,1.263362,ITA,BRN,711319
2653514,153,34,8158,1996,684868.0,0.0,0.351774,0.347262,MYS,BRN,711319
2653515,192,34,8158,1996,487799424.0,2913484.0,0.8354299999999999,0.41169799999999995,SGP,BRN,711319
2653516,216,34,8158,1996,200674.0,0.0,0.10120599999999999,1.351967,THA,BRN,711319
2653517,18,46,8158,1996,7190654.0,0.0,1.549312,1.273767,BEL,COD,711319
2653518,77,46,8158,1996,81292.0,0.0,1.69082,0.721312,FRA,COD,711319
2653519,111,46,8158,1996,55721.0,0.0,1.4674690000000001,1.263362,ITA,COD,711319
2653520,77,47,8158,1996,37856.0,0.0,1.69082,0.721312,FRA,COG,711319
2653521,111,47,8158,1996,40831.0,0.0,1.4674690000000001,1.263362,ITA,COG,711319
2653522,179,51,8158,1996,106202.0,0.0,0.39343,1.170144,PRT,CPV,711319
2653523,15,84,8158,1996,7063.0,0.0,1.9216669999999998,0.659388,AUT,GIB,711319
2653524,41,84,8158,1996,5262218.0,20944836.0,2.246238,0.603288,CHE,GIB,711319
2653525,61,84,8158,1996,2019.0,0.0,2.279976,-2.572299,DEU,GIB,711319
2653526,71,84,8158,1996,324721.0,0.0,1.105317,1.9473,ESP,GIB,711319
2653527,81,84,8158,1996,255138.0,0.0,1.850284,0.883084,GBR,GIB,711319
2653528,97,84,8158,1996,108404.0,0.0,0.54364,2.727659,HKG,GIB,711319
2653529,110,84,8158,1996,69000.0,0.0,1.054975,1.072965,ISR,GIB,711319
2653530,111,84,8158,1996,1825590.0,14629.0,1.4674690000000001,1.263362,ITA,GIB,711319
2653531,231,84,8158,1996,0.0,12076.0,1.7110560000000001,1.125141,USA,GIB,711319
2653532,71,96,8158,1996,4201.0,0.0,1.105317,1.9473,ESP,GUY,711319
2653533,81,96,8158,1996,1605.0,0.0,1.850284,0.883084,GBR,GUY,711319
2653534,127,96,8158,1996,0.0,6102.0,0.016224000000000002,-0.664312,LCA,GUY,711319
2653535,18,115,8158,1996,66531.0,12945.0,1.549312,1.273767,BEL,KAZ,711319
2653536,81,115,8158,1996,32203.0,0.0,1.850284,0.883084,GBR,KAZ,711319
2653537,102,115,8158,1996,5979.0,0.0,0.790036,1.891534,HUN,KAZ,711319
2653538,104,115,8158,1996,101128.0,0.0,0.20685599999999998,2.317622,IND,KAZ,711319
2653539,111,115,8158,1996,5601.0,0.0,1.4674690000000001,1.263362,ITA,KAZ,711319
2653540,41,116,8158,1996,8385.0,0.0,2.246238,0.603288,CHE,KEN,711319
2653541,61,116,8158,1996,238208.0,0.0,2.279976,-2.572299,DEU,KEN,711319
2653542,81,116,8158,1996,654098.0,1420.0,1.850284,0.883084,GBR,KEN,711319
2653543,111,116,8158,1996,17977.0,0.0,1.4674690000000001,1.263362,ITA,KEN,711319
2653544,211,116,8158,1996,0.0,10703.0,0.239125,-0.458433,SYC,KEN,711319
2653545,216,116,8158,1996,21531.0,0.0,0.10120599999999999,1.351967,THA,KEN,711319
2653546,231,116,8158,1996,0.0,4474.0,1.7110560000000001,1.125141,USA,KEN,711319
2653547,246,116,8158,1996,4545.0,0.0,0.456593,1.150786,ZAF,KEN,711319
2653548,14,122,8158,1996,1419.0,0.0,0.369697,0.78069,AUS,KWT,711319
2653549,41,122,8158,1996,38367260.0,1719234.0,2.246238,0.603288,CHE,KWT,711319
2653550,43,122,8158,1996,247925.0,0.0,0.404422,3.061344,CHN,KWT,711319
2653551,61,122,8158,1996,347204.0,0.0,2.279976,-2.572299,DEU,KWT,711319
2653552,71,122,8158,1996,341986.0,0.0,1.105317,1.9473,ESP,KWT,711319
2653553,77,122,8158,1996,2098740.0,733829.0,1.69082,0.721312,FRA,KWT,711319
2653554,81,122,8158,1996,11231373.0,9470286.0,1.850284,0.883084,GBR,KWT,711319
2653555,97,122,8158,1996,2076757.0,230922.0,0.54364,2.727659,HKG,KWT,711319
2653556,104,122,8158,1996,12950624.0,0.0,0.20685599999999998,2.317622,IND,KWT,711319
2653557,111,122,8158,1996,12286658.0,9121.0,1.4674690000000001,1.263362,ITA,KWT,711319
2653558,153,122,8158,1996,11243313.0,0.0,0.351774,0.347262,MYS,KWT,711319
2653559,188,122,8158,1996,0.0,43468.0,0.215265,-0.8577309999999999,SAU,KWT,711319
2653560,192,122,8158,1996,27921.0,0.0,0.8354299999999999,0.41169799999999995,SGP,KWT,711319
2653561,216,122,8158,1996,416677.0,11952.0,0.10120599999999999,1.351967,THA,KWT,711319
2653562,224,122,8158,1996,559640.0,0.0,0.156866,1.554023,TUR,KWT,711319
2653563,231,122,8158,1996,330933.0,21132.0,1.7110560000000001,1.125141,USA,KWT,711319
2653564,41,125,8158,1996,13017.0,0.0,2.246238,0.603288,CHE,LBR,711319
2653565,77,125,8158,1996,46904.0,0.0,1.69082,0.721312,FRA,LBR,711319
2653566,111,126,8158,1996,20059228.0,0.0,1.4674690000000001,1.263362,ITA,LBY,711319
2653567,142,126,8158,1996,5687155.0,0.0,0.8825440000000001,0.066541,MLT,LBY,711319
2653568,153,126,8158,1996,274525.0,0.0,0.351774,0.347262,MYS,LBY,711319
2653569,192,126,8158,1996,3296074.0,0.0,0.8354299999999999,0.41169799999999995,SGP,LBY,711319
2653570,97,148,8158,1996,76061.0,0.0,0.54364,2.727659,HKG,MRT,711319
2653571,18,183,8158,1996,4555470.0,3397772.0,1.549312,1.273767,BEL,QAT,711319
2653572,41,183,8158,1996,14062692.0,0.0,2.246238,0.603288,CHE,QAT,711319
2653573,61,183,8158,1996,108908.0,0.0,2.279976,-2.572299,DEU,QAT,711319
2653574,71,183,8158,1996,257408.0,0.0,1.105317,1.9473,ESP,QAT,711319
2653575,77,183,8158,1996,88170.0,13953.0,1.69082,0.721312,FRA,QAT,711319
2653576,81,183,8158,1996,12403434.0,14080.0,1.850284,0.883084,GBR,QAT,711319
2653577,97,183,8158,1996,828223.0,96538.0,0.54364,2.727659,HKG,QAT,711319
2653578,104,183,8158,1996,760831.0,0.0,0.20685599999999998,2.317622,IND,QAT,711319
2653579,111,183,8158,1996,4404004.0,2119021.0,1.4674690000000001,1.263362,ITA,QAT,711319
2653580,174,183,8158,1996,29938.0,0.0,-0.276548,0.344986,PHL,QAT,711319
2653581,216,183,8158,1996,499422.0,0.0,0.10120599999999999,1.351967,THA,QAT,711319
2653582,231,183,8158,1996,7737.0,0.0,1.7110560000000001,1.125141,USA,QAT,711319
2653583,82,232,8158,1996,9869.0,0.0,0.5383020000000001,0.167596,GEO,UZB,711319
2653584,110,232,8158,1996,13000.0,0.0,1.054975,1.072965,ISR,UZB,711319
2653585,111,232,8158,1996,252188.0,0.0,1.4674690000000001,1.263362,ITA,UZB,711319
2653586,224,232,8158,1996,59499.0,0.0,0.156866,1.554023,TUR,UZB,711319
2653587,14,240,8158,1996,136525.0,0.0,0.369697,0.78069,AUS,VUT,711319
2653588,41,240,8158,1996,20452.0,0.0,2.246238,0.603288,CHE,VUT,711319
2653589,61,240,8158,1996,21963.0,0.0,2.279976,-2.572299,DEU,VUT,711319
2653590,77,240,8158,1996,0.0,9125.0,1.69082,0.721312,FRA,VUT,711319
2653591,81,240,8158,1996,1238.0,0.0,1.850284,0.883084,GBR,VUT,711319
2653592,111,240,8158,1996,10746.0,0.0,1.4674690000000001,1.263362,ITA,VUT,711319
2653593,166,240,8158,1996,12817.0,0.0,0.49466099999999996,0.8302879999999999,NZL,VUT,711319
2653594,90,243,8158,1996,312245.0,297186.0,0.271386,1.042608,GRC,YEM,711319
2653595,81,248,8158,1996,13865.0,0.0,1.850284,0.883084,GBR,ZWE,711319
2653596,110,248,8158,1996,11525860.0,14530298.0,1.054975,1.072965,ISR,ZWE,711319
2653597,111,248,8158,1996,477242.0,24548.0,1.4674690000000001,1.263362,ITA,ZWE,711319
2653598,114,248,8158,1996,0.0,5614.0,2.615364,0.5656939999999999,JPN,ZWE,711319
2653599,192,248,8158,1996,36283.0,59682.0,0.8354299999999999,0.41169799999999995,SGP,ZWE,711319
2653600,231,248,8158,1996,1003092.0,5353230.0,1.7110560000000001,1.125141,USA,ZWE,711319
2653601,246,248,8158,1996,15957.0,31338.0,0.456593,1.150786,ZAF,ZWE,711319
2653602,18,5,8158,1996,7951.0,0.0,1.549312,1.273767,BEL,AND,711319
2653603,41,5,8158,1996,7346.0,0.0,2.246238,0.603288,CHE,AND,711319
2653604,43,5,8158,1996,2921.0,0.0,0.404422,3.061344,CHN,AND,711319
2653605,61,5,8158,1996,134103.0,0.0,2.279976,-2.572299,DEU,AND,711319
2653606,71,5,8158,1996,3843067.0,46319.0,1.105317,1.9473,ESP,AND,711319
2653607,77,5,8158,1996,1411254.0,21388.0,1.69082,0.721312,FRA,AND,711319
2653608,81,5,8158,1996,535551.0,0.0,1.850284,0.883084,GBR,AND,711319
2653609,97,5,8158,1996,162167.0,0.0,0.54364,2.727659,HKG,AND,711319
2653610,111,5,8158,1996,1962157.0,29257.0,1.4674690000000001,1.263362,ITA,AND,711319
2653611,216,5,8158,1996,1355.0,0.0,0.10120599999999999,1.351967,THA,AND,711319
2653612,18,9,8158,1996,104856.0,0.0,1.549312,1.273767,BEL,ARM,711319
2653613,77,9,8158,1996,4889.0,0.0,1.69082,0.721312,FRA,ARM,711319
2653614,111,9,8158,1996,10398.0,0.0,1.4674690000000001,1.263362,ITA,ARM,711319
2653615,231,9,8158,1996,52736.0,0.0,1.7110560000000001,1.125141,USA,ARM,711319
2653616,39,30,8158,1996,0.0,1836.0,1.155706,1.1127049999999998,CAN,BMU,711319
2653617,41,30,8158,1996,48779.0,244655.0,2.246238,0.603288,CHE,BMU,711319
2653618,61,30,8158,1996,787305.0,0.0,2.279976,-2.572299,DEU,BMU,711319
2653619,71,30,8158,1996,155748.0,0.0,1.105317,1.9473,ESP,BMU,711319
2653620,77,30,8158,1996,41658.0,0.0,1.69082,0.721312,FRA,BMU,711319
2653621,81,30,8158,1996,109253.0,2598.0,1.850284,0.883084,GBR,BMU,711319
2653622,97,30,8158,1996,1193263.0,32316.0,0.54364,2.727659,HKG,BMU,711319
2653623,110,30,8158,1996,13000.0,0.0,1.054975,1.072965,ISR,BMU,711319
2653624,111,30,8158,1996,313260.0,0.0,1.4674690000000001,1.263362,ITA,BMU,711319
2653625,216,30,8158,1996,13181.0,0.0,0.10120599999999999,1.351967,THA,BMU,711319
2653626,231,30,8158,1996,1110902.0,18040.0,1.7110560000000001,1.125141,USA,BMU,711319
2653627,162,40,8158,1996,0.0,7278.0,1.256625,1.803132,NLD,CCK,711319
2653628,14,48,8158,1996,24183.0,0.0,0.369697,0.78069,AUS,COK,711319
2653629,61,48,8158,1996,6664.0,0.0,2.279976,-2.572299,DEU,COK,711319
2653630,81,48,8158,1996,5072.0,0.0,1.850284,0.883084,GBR,COK,711319
2653631,166,48,8158,1996,45487.0,0.0,0.49466099999999996,0.8302879999999999,NZL,COK,711319
2653632,231,48,8158,1996,0.0,3986.0,1.7110560000000001,1.125141,USA,COK,711319
2653633,14,56,8158,1996,1178.0,0.0,0.369697,0.78069,AUS,CXR,711319
2653634,39,57,8158,1996,6545.0,0.0,1.155706,1.1127049999999998,CAN,CYM,711319
2653635,41,57,8158,1996,78514.0,56837.0,2.246238,0.603288,CHE,CYM,711319
2653636,61,57,8158,1996,403478.0,0.0,2.279976,-2.572299,DEU,CYM,711319
2653637,71,57,8158,1996,39945.0,0.0,1.105317,1.9473,ESP,CYM,711319
2653638,77,57,8158,1996,66660.0,0.0,1.69082,0.721312,FRA,CYM,711319
2653639,81,57,8158,1996,78378.0,0.0,1.850284,0.883084,GBR,CYM,711319
2653640,110,57,8158,1996,69000.0,0.0,1.054975,1.072965,ISR,CYM,711319
2653641,111,57,8158,1996,474290.0,0.0,1.4674690000000001,1.263362,ITA,CYM,711319
2653642,231,57,8158,1996,1819102.0,167893.0,1.7110560000000001,1.125141,USA,CYM,711319
2653643,18,62,8158,1996,116959.0,0.0,1.549312,1.273767,BEL,DJI,711319
2653644,41,62,8158,1996,840318.0,0.0,2.246238,0.603288,CHE,DJI,711319
2653645,77,62,8158,1996,25475.0,0.0,1.69082,0.721312,FRA,DJI,711319
2653646,110,62,8158,1996,1914000.0,977612.0,1.054975,1.072965,ISR,DJI,711319
2653647,111,73,8158,1996,489341.0,2091.0,1.4674690000000001,1.263362,ITA,ETH,711319
2653648,231,73,8158,1996,0.0,1706.0,1.7110560000000001,1.125141,USA,ETH,711319
2653649,14,75,8158,1996,657520.0,64141.0,0.369697,0.78069,AUS,FJI,711319
2653650,61,75,8158,1996,81512.0,0.0,2.279976,-2.572299,DEU,FJI,711319
2653651,97,75,8158,1996,79977.0,0.0,0.54364,2.727659,HKG,FJI,711319
2653652,104,75,8158,1996,18414.0,0.0,0.20685599999999998,2.317622,IND,FJI,711319
2653653,111,75,8158,1996,73949.0,0.0,1.4674690000000001,1.263362,ITA,FJI,711319
2653654,114,75,8158,1996,4097.0,0.0,2.615364,0.5656939999999999,JPN,FJI,711319
2653655,166,75,8158,1996,704415.0,0.0,0.49466099999999996,0.8302879999999999,NZL,FJI,711319
2653656,192,75,8158,1996,3973030.0,30649.0,0.8354299999999999,0.41169799999999995,SGP,FJI,711319
2653657,216,75,8158,1996,22968.0,0.0,0.10120599999999999,1.351967,THA,FJI,711319
2653658,231,75,8158,1996,8069.0,0.0,1.7110560000000001,1.125141,USA,FJI,711319
2653659,64,78,8158,1996,28543.0,0.0,1.443514,1.275684,DNK,FRO,711319
2653660,81,78,8158,1996,698.0,0.0,1.850284,0.883084,GBR,FRO,711319
2653661,61,118,8158,1996,0.0,8930.0,2.279976,-2.572299,DEU,KHM,711319
2653662,77,118,8158,1996,17593.0,19811.0,1.69082,0.721312,FRA,KHM,711319
2653663,111,118,8158,1996,439961.0,0.0,1.4674690000000001,1.263362,ITA,KHM,711319
2653664,81,123,8158,1996,10466.0,0.0,1.850284,0.883084,GBR,LAO,711319
2653665,77,139,8158,1996,6279.0,0.0,1.69082,0.721312,FRA,MHL,711319
2653666,18,143,8158,1996,0.0,2281.0,1.549312,1.273767,BEL,MMR,711319
2653667,43,143,8158,1996,0.0,882465.0,0.404422,3.061344,CHN,MMR,711319
2653668,61,143,8158,1996,0.0,2244.0,2.279976,-2.572299,DEU,MMR,711319
2653669,192,143,8158,1996,18509.0,53410.0,0.8354299999999999,0.41169799999999995,SGP,MMR,711319
2653670,216,143,8158,1996,31444.0,0.0,0.10120599999999999,1.351967,THA,MMR,711319
2653671,231,143,8158,1996,0.0,14277.0,1.7110560000000001,1.125141,USA,MMR,711319
2653672,77,146,8158,1996,2346.0,0.0,1.69082,0.721312,FRA,MNP,711319
2653673,114,146,8158,1996,419713.0,0.0,2.615364,0.5656939999999999,JPN,MNP,711319
2653674,14,156,8158,1996,3270.0,0.0,0.369697,0.78069,AUS,NCL,711319
2653675,41,156,8158,1996,2598.0,0.0,2.246238,0.603288,CHE,NCL,711319
2653676,61,156,8158,1996,2003.0,0.0,2.279976,-2.572299,DEU,NCL,711319
2653677,71,156,8158,1996,80157.0,2447.0,1.105317,1.9473,ESP,NCL,711319
2653678,77,156,8158,1996,1152871.0,2189.0,1.69082,0.721312,FRA,NCL,711319
2653679,81,156,8158,1996,4104.0,0.0,1.850284,0.883084,GBR,NCL,711319
2653680,97,156,8158,1996,49702.0,83164.0,0.54364,2.727659,HKG,NCL,711319
2653681,111,156,8158,1996,114762.0,0.0,1.4674690000000001,1.263362,ITA,NCL,711319
2653682,182,156,8158,1996,231621.0,12527.0,0.845308,-0.31763,PYF,NCL,711319
2653683,192,156,8158,1996,3269.0,0.0,0.8354299999999999,0.41169799999999995,SGP,NCL,711319
2653684,14,158,8158,1996,31064.0,0.0,0.369697,0.78069,AUS,NFK,711319
2653685,166,158,8158,1996,34198.0,0.0,0.49466099999999996,0.8302879999999999,NZL,NFK,711319
2653686,61,164,8158,1996,0.0,26848.0,2.279976,-2.572299,DEU,NPL,711319
2653687,77,164,8158,1996,55554.0,11839.0,1.69082,0.721312,FRA,NPL,711319
2653688,81,164,8158,1996,0.0,3583.0,1.850284,0.883084,GBR,NPL,711319
2653689,111,164,8158,1996,0.0,5393.0,1.4674690000000001,1.263362,ITA,NPL,711319
2653690,166,164,8158,1996,0.0,6515.0,0.49466099999999996,0.8302879999999999,NZL,NPL,711319
2653691,231,164,8158,1996,0.0,301837.0,1.7110560000000001,1.125141,USA,NPL,711319
2653692,97,165,8158,1996,33675.0,0.0,0.54364,2.727659,HKG,NRU,711319
2653693,14,176,8158,1996,93503.0,0.0,0.369697,0.78069,AUS,PNG,711319
2653694,41,176,8158,1996,9211.0,0.0,2.246238,0.603288,CHE,PNG,711319
2653695,14,182,8158,1996,4677.0,2996.0,0.369697,0.78069,AUS,PYF,711319
2653696,18,182,8158,1996,10737.0,0.0,1.549312,1.273767,BEL,PYF,711319
2653697,41,182,8158,1996,0.0,71337.0,2.246238,0.603288,CHE,PYF,711319
2653698,43,182,8158,1996,4778.0,0.0,0.404422,3.061344,CHN,PYF,711319
2653699,61,182,8158,1996,151216.0,25655.0,2.279976,-2.572299,DEU,PYF,711319
2653700,71,182,8158,1996,80131.0,0.0,1.105317,1.9473,ESP,PYF,711319
2653701,77,182,8158,1996,3706047.0,9419.0,1.69082,0.721312,FRA,PYF,711319
2653702,81,182,8158,1996,14747.0,0.0,1.850284,0.883084,GBR,PYF,711319
2653703,97,182,8158,1996,105028.0,47695.0,0.54364,2.727659,HKG,PYF,711319
2653704,111,182,8158,1996,682587.0,0.0,1.4674690000000001,1.263362,ITA,PYF,711319
2653705,114,182,8158,1996,4335.0,2369.0,2.615364,0.5656939999999999,JPN,PYF,711319
2653706,156,182,8158,1996,12527.0,231621.0,-0.951583,-0.785157,NCL,PYF,711319
2653707,192,182,8158,1996,974.0,0.0,0.8354299999999999,0.41169799999999995,SGP,PYF,711319
2653708,216,182,8158,1996,4600.0,0.0,0.10120599999999999,1.351967,THA,PYF,711319
2653709,218,182,8158,1996,0.0,198818.0,0.53157,-0.311626,TKL,PYF,711319
2653710,231,182,8158,1996,30934.0,207493.0,1.7110560000000001,1.125141,USA,PYF,711319
2653711,18,196,8158,1996,36425.0,0.0,1.549312,1.273767,BEL,SLE,711319
2653712,111,196,8158,1996,55139.0,0.0,1.4674690000000001,1.263362,ITA,SLE,711319
2653713,182,218,8158,1996,198818.0,0.0,0.845308,-0.31763,PYF,TKL,711319
2653714,110,219,8158,1996,69231.0,0.0,1.054975,1.072965,ISR,TKM,711319
2653715,77,241,8158,1996,10229.0,0.0,1.69082,0.721312,FRA,WLF,711319
2653716,32,0,8158,1996,2992.0,0.0,0.699658,1.271724,BRA,ABW,711319
2653717,49,0,8158,1996,176834.0,0.0,0.136487,0.078743,COL,ABW,711319
2653718,61,0,8158,1996,182506.0,0.0,2.279976,-2.572299,DEU,ABW,711319
2653719,71,0,8158,1996,198798.0,0.0,1.105317,1.9473,ESP,ABW,711319
2653720,97,0,8158,1996,835153.0,0.0,0.54364,2.727659,HKG,ABW,711319
2653721,111,0,8158,1996,1181445.0,16360.0,1.4674690000000001,1.263362,ITA,ABW,711319
2653722,162,0,8158,1996,9121.0,0.0,1.256625,1.803132,NLD,ABW,711319
2653723,216,0,8158,1996,9664.0,0.0,0.10120599999999999,1.351967,THA,ABW,711319
2653724,231,0,8158,1996,1868206.0,5624.0,1.7110560000000001,1.125141,USA,ABW,711319
2653725,61,92,8158,1996,7170.0,0.0,2.279976,-2.572299,DEU,GRL,711319
2653726,64,92,8158,1996,142383.0,0.0,1.443514,1.275684,DNK,GRL,711319
2653727,81,92,8158,1996,770.0,0.0,1.850284,0.883084,GBR,GRL,711319
2653728,61,199,8158,1996,4031.0,0.0,2.279976,-2.572299,DEU,SOM,711319
2653729,111,213,8158,1996,9204.0,0.0,1.4674690000000001,1.263362,ITA,TCA,711319
2653730,231,213,8158,1996,195355.0,0.0,1.7110560000000001,1.125141,USA,TCA,711319
2653731,18,214,8158,1996,12182.0,0.0,1.549312,1.273767,BEL,TCD,711319
2653732,77,214,8158,1996,135137.0,0.0,1.69082,0.721312,FRA,TCD,711319
2653733,61,217,8158,1996,209900.0,0.0,2.279976,-2.572299,DEU,TJK,711319
2653734,61,105,8158,1996,10033.0,0.0,2.279976,-2.572299,DEU,IOT,711319
2653735,18,237,8158,1996,0.0,4983.0,1.549312,1.273767,BEL,VGB,711319
2653736,41,237,8158,1996,1736704.0,2820943.0,2.246238,0.603288,CHE,VGB,711319
2653737,61,237,8158,1996,8616.0,0.0,2.279976,-2.572299,DEU,VGB,711319
2653738,71,237,8158,1996,25970.0,0.0,1.105317,1.9473,ESP,VGB,711319
2653739,81,237,8158,1996,25855.0,0.0,1.850284,0.883084,GBR,VGB,711319
2653740,104,237,8158,1996,7721.0,0.0,0.20685599999999998,2.317622,IND,VGB,711319
2653741,111,237,8158,1996,14165978.0,0.0,1.4674690000000001,1.263362,ITA,VGB,711319
2653742,216,237,8158,1996,157567.0,0.0,0.10120599999999999,1.351967,THA,VGB,711319
2653743,231,237,8158,1996,236877.0,111699.0,1.7110560000000001,1.125141,USA,VGB,711319
2653744,18,38,8158,1996,11279.0,0.0,1.549312,1.273767,BEL,CAF,711319
2653745,77,38,8158,1996,41630.0,0.0,1.69082,0.721312,FRA,CAF,711319
2653746,104,38,8158,1996,10234.0,0.0,0.20685599999999998,2.317622,IND,CAF,711319
2653747,121,38,8158,1996,8327.0,0.0,0.8946940000000001,1.240424,KOR,CAF,711319
2653748,61,149,8158,1996,2989.0,0.0,2.279976,-2.572299,DEU,MSR,711319
2653749,111,149,8158,1996,21080.0,0.0,1.4674690000000001,1.263362,ITA,MSR,711319
2653750,77,200,8158,1996,33066.0,0.0,1.69082,0.721312,FRA,SPM,711319
2653751,111,200,8158,1996,47750.0,0.0,1.4674690000000001,1.263362,ITA,SPM,711319
2653752,7,15,8169,1996,0.0,18497.0,-0.245358,-0.726695,ARE,AUT,711790
2653753,8,15,8169,1996,0.0,6467.0,0.167081,0.433612,ARG,AUT,711790
2653754,14,15,8169,1996,171948.0,45331.0,0.369697,0.78069,AUS,AUT,711790
2653755,18,15,8169,1996,41840.0,17522.0,1.549312,1.273767,BEL,AUT,711790
2653756,31,15,8169,1996,0.0,674.0,-0.589432,-0.7781,BOL,AUT,711790
2653757,32,15,8169,1996,0.0,4676.0,0.699658,1.271724,BRA,AUT,711790
2653758,39,15,8169,1996,9312.0,3181.0,1.155706,1.1127049999999998,CAN,AUT,711790
2653759,41,15,8169,1996,139502.0,217086.0,2.246238,0.603288,CHE,AUT,711790
2653760,42,15,8169,1996,594.0,3908.0,-0.052811000000000004,-0.169464,CHL,AUT,711790
2653761,43,15,8169,1996,222596.0,7317.0,0.404422,3.061344,CHN,AUT,711790
2653762,49,15,8169,1996,3741.0,0.0,0.136487,0.078743,COL,AUT,711790
2653763,52,15,8169,1996,0.0,4200.0,-0.34219499999999997,0.12221900000000001,CRI,AUT,711790
2653764,59,15,8169,1996,173338.0,33352.0,1.401181,1.3094709999999998,CZE,AUT,711790
2653765,61,15,8169,1996,886883.0,1158990.0,2.279976,-2.572299,DEU,AUT,711790
2653766,64,15,8169,1996,18386.0,12753.0,1.443514,1.275684,DNK,AUT,711790
2653767,67,15,8169,1996,1839.0,0.0,-1.1391200000000001,-0.992735,ECU,AUT,711790
2653768,68,15,8169,1996,904.0,2299.0,-0.5446409999999999,-0.229586,EGY,AUT,711790
2653769,71,15,8169,1996,1347299.0,184362.0,1.105317,1.9473,ESP,AUT,711790
2653770,74,15,8169,1996,2910.0,14581.0,2.0584729999999998,1.006908,FIN,AUT,711790
2653771,77,15,8169,1996,324256.0,203778.0,1.69082,0.721312,FRA,AUT,711790
2653772,81,15,8169,1996,123849.0,13505.0,1.850284,0.883084,GBR,AUT,711790
2653773,83,15,8169,1996,2934.0,0.0,-1.035244,-0.9834129999999999,GHA,AUT,711790
2653774,90,15,8169,1996,3944.0,34146.0,0.271386,1.042608,GRC,AUT,711790
2653775,93,15,8169,1996,12867.0,0.0,-0.332901,0.23790300000000003,GTM,AUT,711790
2653776,97,15,8169,1996,318391.0,131376.0,0.54364,2.727659,HKG,AUT,711790
2653777,100,15,8169,1996,0.0,1222.0,0.772706,1.1075270000000002,HRV,AUT,711790
2653778,102,15,8169,1996,11553.0,1908.0,0.790036,1.891534,HUN,AUT,711790
2653779,103,15,8169,1996,5344.0,0.0,-0.43199899999999997,1.22074,IDN,AUT,711790
2653780,104,15,8169,1996,8605.0,0.0,0.20685599999999998,2.317622,IND,AUT,711790
2653781,106,15,8169,1996,0.0,3904.0,1.386011,0.9232100000000001,IRL,AUT,711790
2653782,110,15,8169,1996,5956.0,36576.0,1.054975,1.072965,ISR,AUT,711790
2653783,111,15,8169,1996,926443.0,273905.0,1.4674690000000001,1.263362,ITA,AUT,711790
2653784,113,15,8169,1996,0.0,6646.0,0.12203499999999999,-0.41859399999999997,JOR,AUT,711790
2653785,114,15,8169,1996,73437.0,356474.0,2.615364,0.5656939999999999,JPN,AUT,711790
2653786,116,15,8169,1996,5236.0,0.0,-0.468322,-0.017625,KEN,AUT,711790
2653787,121,15,8169,1996,9504.0,13029.0,0.8946940000000001,1.240424,KOR,AUT,711790
2653788,138,15,8169,1996,0.0,1133.0,0.651949,0.9132170000000001,MEX,AUT,711790
2653789,142,15,8169,1996,0.0,831.0,0.8825440000000001,0.066541,MLT,AUT,711790
2653790,153,15,8169,1996,118711.0,6264.0,0.351774,0.347262,MYS,AUT,711790
2653791,162,15,8169,1996,57613.0,83401.0,1.256625,1.803132,NLD,AUT,711790
2653792,166,15,8169,1996,1137.0,64574.0,0.49466099999999996,0.8302879999999999,NZL,AUT,711790
2653793,167,15,8169,1996,0.0,4960.0,-0.10243499999999998,-0.8425879999999999,OMN,AUT,711790
2653794,168,15,8169,1996,2066.0,0.0,-0.7543300000000001,-0.393654,PAK,AUT,711790
2653795,173,15,8169,1996,1684.0,1711.0,-0.43761000000000005,-0.28077399999999997,PER,AUT,711790
2653796,174,15,8169,1996,24992.0,0.0,-0.276548,0.344986,PHL,AUT,711790
2653797,177,15,8169,1996,13323.0,4740.0,0.795489,1.9004729999999999,POL,AUT,711790
2653798,179,15,8169,1996,3853.0,10273.0,0.39343,1.170144,PRT,AUT,711790
2653799,185,15,8169,1996,1089.0,0.0,0.612035,0.880964,ROU,AUT,711790
2653800,186,15,8169,1996,0.0,503231.0,0.900185,0.47723000000000004,RUS,AUT,711790
2653801,188,15,8169,1996,0.0,5143.0,0.215265,-0.8577309999999999,SAU,AUT,711790
2653802,189,15,8169,1996,0.0,12152.0,0.786293,2.20126,SCG,AUT,711790
2653803,192,15,8169,1996,1599.0,8199.0,0.8354299999999999,0.41169799999999995,SGP,AUT,711790
2653804,197,15,8169,1996,0.0,2250.0,-0.24968800000000002,-0.121995,SLV,AUT,711790
2653805,206,15,8169,1996,44767.0,69763.0,1.189398,1.29167,SVK,AUT,711790
2653806,207,15,8169,1996,61224.0,17804.0,1.409184,1.37245,SVN,AUT,711790
2653807,208,15,8169,1996,23600.0,12835.0,2.133781,0.9099889999999999,SWE,AUT,711790
2653808,215,15,8169,1996,10314.0,0.0,-0.9070459999999999,-0.7702399999999999,TGO,AUT,711790
2653809,216,15,8169,1996,13848.0,8601.0,0.10120599999999999,1.351967,THA,AUT,711790
2653810,224,15,8169,1996,0.0,6897.0,0.156866,1.554023,TUR,AUT,711790
2653811,231,15,8169,1996,214338.0,314144.0,1.7110560000000001,1.125141,USA,AUT,711790
2653812,246,15,8169,1996,1131.0,0.0,0.456593,1.150786,ZAF,AUT,711790
2653813,249,15,8169,1996,169396.0,0.0,1.432225,1.675389,TWN,AUT,711790
2653814,250,15,8169,1996,1895.0,3698.0,1.084978,0.901755,ANS,AUT,711790
2653815,7,18,8169,1996,0.0,69736.0,-0.245358,-0.726695,ARE,BEL,711790
2653816,14,18,8169,1996,0.0,1858.0,0.369697,0.78069,AUS,BEL,711790
2653817,15,18,8169,1996,17522.0,41840.0,1.9216669999999998,0.659388,AUT,BEL,711790
2653818,16,18,8169,1996,0.0,2423.0,0.500442,-0.280796,AZE,BEL,711790
2653819,17,18,8169,1996,0.0,3026.0,-0.955951,-0.8721180000000001,BDI,BEL,711790
2653820,22,18,8169,1996,5131.0,0.0,-1.060876,-1.05104,BGD,BEL,711790
2653821,23,18,8169,1996,1501.0,4325.0,0.544265,1.523408,BGR,BEL,711790
2653822,24,18,8169,1996,0.0,15810.0,-0.062207000000000005,-0.840398,BHR,BEL,711790
2653823,28,18,8169,1996,0.0,7569.0,0.7285550000000001,0.660716,BLR,BEL,711790
2653824,31,18,8169,1996,0.0,644.0,-0.589432,-0.7781,BOL,BEL,711790
2653825,32,18,8169,1996,5362.0,0.0,0.699658,1.271724,BRA,BEL,711790
2653826,39,18,8169,1996,1617.0,1743.0,1.155706,1.1127049999999998,CAN,BEL,711790
2653827,41,18,8169,1996,46567.0,66988.0,2.246238,0.603288,CHE,BEL,711790
2653828,43,18,8169,1996,398710.0,10261.0,0.404422,3.061344,CHN,BEL,711790
2653829,46,18,8169,1996,3881.0,139141.0,-1.2167,-1.086508,COD,BEL,711790
2653830,49,18,8169,1996,3059.0,0.0,0.136487,0.078743,COL,BEL,711790
2653831,58,18,8169,1996,0.0,26929.0,0.20007,0.020590999999999998,CYP,BEL,711790
2653832,59,18,8169,1996,35280.0,6994.0,1.401181,1.3094709999999998,CZE,BEL,711790
2653833,61,18,8169,1996,417473.0,254956.0,2.279976,-2.572299,DEU,BEL,711790
2653834,64,18,8169,1996,26257.0,82536.0,1.443514,1.275684,DNK,BEL,711790
2653835,65,18,8169,1996,0.0,3075.0,-0.596093,-0.5602060000000001,DOM,BEL,711790
2653836,67,18,8169,1996,4066.0,0.0,-1.1391200000000001,-0.992735,ECU,BEL,711790
2653837,68,18,8169,1996,5576.0,27252.0,-0.5446409999999999,-0.229586,EGY,BEL,711790
2653838,71,18,8169,1996,49359.0,22665.0,1.105317,1.9473,ESP,BEL,711790
2653839,72,18,8169,1996,0.0,17196.0,0.53397,1.0877940000000001,EST,BEL,711790
2653840,74,18,8169,1996,2839.0,3358.0,2.0584729999999998,1.006908,FIN,BEL,711790
2653841,77,18,8169,1996,1418845.0,1392057.0,1.69082,0.721312,FRA,BEL,711790
2653842,80,18,8169,1996,0.0,17812.0,-1.693615,-1.174433,GAB,BEL,711790
2653843,81,18,8169,1996,117534.0,503727.0,1.850284,0.883084,GBR,BEL,711790
2653844,83,18,8169,1996,0.0,8370.0,-1.035244,-0.9834129999999999,GHA,BEL,711790
2653845,90,18,8169,1996,10415.0,144874.0,0.271386,1.042608,GRC,BEL,711790
2653846,97,18,8169,1996,50015.0,116150.0,0.54364,2.727659,HKG,BEL,711790
2653847,100,18,8169,1996,0.0,1740.0,0.772706,1.1075270000000002,HRV,BEL,711790
2653848,102,18,8169,1996,0.0,5024.0,0.790036,1.891534,HUN,BEL,711790
2653849,103,18,8169,1996,12601.0,5193.0,-0.43199899999999997,1.22074,IDN,BEL,711790
2653850,104,18,8169,1996,188732.0,0.0,0.20685599999999998,2.317622,IND,BEL,711790
2653851,106,18,8169,1996,0.0,19342.0,1.386011,0.9232100000000001,IRL,BEL,711790
2653852,107,18,8169,1996,0.0,13394.0,-0.7496649999999999,-1.1173520000000001,IRN,BEL,711790
2653853,109,18,8169,1996,0.0,17998.0,0.003558,-0.551796,ISL,BEL,711790
2653854,110,18,8169,1996,4718.0,32092.0,1.054975,1.072965,ISR,BEL,711790
2653855,111,18,8169,1996,620187.0,16441.0,1.4674690000000001,1.263362,ITA,BEL,711790
2653856,112,18,8169,1996,0.0,5286.0,-0.6344350000000001,-0.814916,JAM,BEL,711790
2653857,114,18,8169,1996,21493.0,83632.0,2.615364,0.5656939999999999,JPN,BEL,711790
2653858,116,18,8169,1996,11759.0,0.0,-0.468322,-0.017625,KEN,BEL,711790
2653859,121,18,8169,1996,35036.0,25556.0,0.8946940000000001,1.240424,KOR,BEL,711790
2653860,122,18,8169,1996,0.0,8938.0,-0.27174499999999996,-1.098243,KWT,BEL,711790
2653861,130,18,8169,1996,0.0,10351.0,0.40520500000000004,0.9465950000000001,LTU,BEL,711790
2653862,132,18,8169,1996,0.0,6001.0,0.33418600000000004,0.1615,LVA,BEL,711790
2653863,134,18,8169,1996,0.0,18721.0,-0.67314,-0.241242,MAR,BEL,711790
2653864,140,18,8169,1996,0.0,2756.0,0.316133,0.933068,MKD,BEL,711790
2653865,151,18,8169,1996,0.0,38262.0,-0.538651,-0.746274,MUS,BEL,711790
2653866,152,18,8169,1996,0.0,1095.0,-1.332586,-1.115859,MWI,BEL,711790
2653867,153,18,8169,1996,0.0,3666.0,0.351774,0.347262,MYS,BEL,711790
2653868,156,18,8169,1996,0.0,1236.0,-0.951583,-0.785157,NCL,BEL,711790
2653869,162,18,8169,1996,2164876.0,539432.0,1.256625,1.803132,NLD,BEL,711790
2653870,163,18,8169,1996,56907.0,11841.0,1.204869,0.303062,NOR,BEL,711790
2653871,166,18,8169,1996,6091.0,0.0,0.49466099999999996,0.8302879999999999,NZL,BEL,711790
2653872,167,18,8169,1996,0.0,1057.0,-0.10243499999999998,-0.8425879999999999,OMN,BEL,711790
2653873,173,18,8169,1996,9056.0,0.0,-0.43761000000000005,-0.28077399999999997,PER,BEL,711790
2653874,174,18,8169,1996,197305.0,9831.0,-0.276548,0.344986,PHL,BEL,711790
2653875,177,18,8169,1996,20114.0,946.0,0.795489,1.9004729999999999,POL,BEL,711790
2653876,179,18,8169,1996,4549.0,98181.0,0.39343,1.170144,PRT,BEL,711790
2653877,183,18,8169,1996,0.0,4090.0,-0.48203500000000005,-1.117173,QAT,BEL,711790
2653878,185,18,8169,1996,0.0,10206.0,0.612035,0.880964,ROU,BEL,711790
2653879,186,18,8169,1996,0.0,99122.0,0.900185,0.47723000000000004,RUS,BEL,711790
2653880,188,18,8169,1996,0.0,11469.0,0.215265,-0.8577309999999999,SAU,BEL,711790
2653881,192,18,8169,1996,2110.0,44907.0,0.8354299999999999,0.41169799999999995,SGP,BEL,711790
2653882,197,18,8169,1996,1292.0,6428.0,-0.24968800000000002,-0.121995,SLV,BEL,711790
2653883,207,18,8169,1996,0.0,13643.0,1.409184,1.37245,SVN,BEL,711790
2653884,208,18,8169,1996,1215.0,34397.0,2.133781,0.9099889999999999,SWE,BEL,711790
2653885,216,18,8169,1996,41449.0,2689.0,0.10120599999999999,1.351967,THA,BEL,711790
2653886,223,18,8169,1996,0.0,4349.0,-0.28546,-0.089051,TUN,BEL,711790
2653887,224,18,8169,1996,0.0,17510.0,0.156866,1.554023,TUR,BEL,711790
2653888,227,18,8169,1996,0.0,4194.0,-0.931124,-0.925523,UGA,BEL,711790
2653889,228,18,8169,1996,0.0,33737.0,0.896537,0.9241459999999999,UKR,BEL,711790
2653890,230,18,8169,1996,1732.0,0.0,0.171541,0.313934,URY,BEL,711790
2653891,231,18,8169,1996,124972.0,11884.0,1.7110560000000001,1.125141,USA,BEL,711790
2653892,236,18,8169,1996,0.0,1223.0,0.07086100000000001,-0.761307,VEN,BEL,711790
2653893,239,18,8169,1996,0.0,14256.0,-0.9336469999999999,-0.10985199999999999,VNM,BEL,711790
2653894,246,18,8169,1996,0.0,37215.0,0.456593,1.150786,ZAF,BEL,711790
2653895,249,18,8169,1996,141124.0,38183.0,1.432225,1.675389,TWN,BEL,711790
2653896,250,18,8169,1996,0.0,6876.0,1.084978,0.901755,ANS,BEL,711790
2653897,8,32,8169,1996,2211.0,7318.0,0.167081,0.433612,ARG,BRA,711790
2653898,14,32,8169,1996,0.0,9224.0,0.369697,0.78069,AUS,BRA,711790
2653899,15,32,8169,1996,4676.0,0.0,1.9216669999999998,0.659388,AUT,BRA,711790
2653900,18,32,8169,1996,0.0,5362.0,1.549312,1.273767,BEL,BRA,711790
2653901,31,32,8169,1996,0.0,8213.0,-0.589432,-0.7781,BOL,BRA,711790
2653902,39,32,8169,1996,0.0,4143.0,1.155706,1.1127049999999998,CAN,BRA,711790
2653903,41,32,8169,1996,6592.0,0.0,2.246238,0.603288,CHE,BRA,711790
2653904,42,32,8169,1996,0.0,32398.0,-0.052811000000000004,-0.169464,CHL,BRA,711790
2653905,43,32,8169,1996,337670.0,41294.0,0.404422,3.061344,CHN,BRA,711790
2653906,49,32,8169,1996,1005.0,14051.0,0.136487,0.078743,COL,BRA,711790
2653907,52,32,8169,1996,9063.0,0.0,-0.34219499999999997,0.12221900000000001,CRI,BRA,711790
2653908,59,32,8169,1996,62377.0,0.0,1.401181,1.3094709999999998,CZE,BRA,711790
2653909,61,32,8169,1996,5676.0,5586.0,2.279976,-2.572299,DEU,BRA,711790
2653910,64,32,8169,1996,1234.0,0.0,1.443514,1.275684,DNK,BRA,711790
2653911,67,32,8169,1996,0.0,1363.0,-1.1391200000000001,-0.992735,ECU,BRA,711790
2653912,71,32,8169,1996,39597.0,5813.0,1.105317,1.9473,ESP,BRA,711790
2653913,74,32,8169,1996,1548.0,0.0,2.0584729999999998,1.006908,FIN,BRA,711790
2653914,77,32,8169,1996,28874.0,77806.0,1.69082,0.721312,FRA,BRA,711790
2653915,81,32,8169,1996,12700.0,43300.0,1.850284,0.883084,GBR,BRA,711790
2653916,90,32,8169,1996,0.0,1514.0,0.271386,1.042608,GRC,BRA,711790
2653917,97,32,8169,1996,145214.0,13083.0,0.54364,2.727659,HKG,BRA,711790
2653918,103,32,8169,1996,8200.0,0.0,-0.43199899999999997,1.22074,IDN,BRA,711790
2653919,104,32,8169,1996,5346.0,0.0,0.20685599999999998,2.317622,IND,BRA,711790
2653920,110,32,8169,1996,28075.0,0.0,1.054975,1.072965,ISR,BRA,711790
2653921,111,32,8169,1996,73709.0,11202.0,1.4674690000000001,1.263362,ITA,BRA,711790
2653922,114,32,8169,1996,6007.0,0.0,2.615364,0.5656939999999999,JPN,BRA,711790
2653923,121,32,8169,1996,135632.0,0.0,0.8946940000000001,1.240424,KOR,BRA,711790
2653924,138,32,8169,1996,16014.0,29260.0,0.651949,0.9132170000000001,MEX,BRA,711790
2653925,159,32,8169,1996,1870.0,0.0,-1.813359,-1.1967,NGA,BRA,711790
2653926,162,32,8169,1996,16499.0,4085.0,1.256625,1.803132,NLD,BRA,711790
2653927,163,32,8169,1996,0.0,1052.0,1.204869,0.303062,NOR,BRA,711790
2653928,166,32,8169,1996,0.0,1717.0,0.49466099999999996,0.8302879999999999,NZL,BRA,711790
2653929,169,32,8169,1996,19640.0,0.0,-0.100537,-0.374129,PAN,BRA,711790
2653930,173,32,8169,1996,0.0,6427.0,-0.43761000000000005,-0.28077399999999997,PER,BRA,711790
2653931,179,32,8169,1996,54951.0,49596.0,0.39343,1.170144,PRT,BRA,711790
2653932,180,32,8169,1996,0.0,7245.0,-0.506178,-0.712851,PRY,BRA,711790
2653933,197,32,8169,1996,0.0,6309.0,-0.24968800000000002,-0.121995,SLV,BRA,711790
2653934,208,32,8169,1996,0.0,1406.0,2.133781,0.9099889999999999,SWE,BRA,711790
2653935,216,32,8169,1996,1502.0,0.0,0.10120599999999999,1.351967,THA,BRA,711790
2653936,230,32,8169,1996,4592.0,1918.0,0.171541,0.313934,URY,BRA,711790
2653937,231,32,8169,1996,783998.0,211859.0,1.7110560000000001,1.125141,USA,BRA,711790
2653938,246,32,8169,1996,0.0,13355.0,0.456593,1.150786,ZAF,BRA,711790
2653939,249,32,8169,1996,219583.0,0.0,1.432225,1.675389,TWN,BRA,711790
2653940,250,32,8169,1996,5790.0,0.0,1.084978,0.901755,ANS,BRA,711790
2653941,1,43,8169,1996,0.0,6751.0,-0.31642600000000004,-0.620458,AFG,CHN,711790
2653942,4,43,8169,1996,0.0,1877.0,-0.309992,-0.039541,ALB,CHN,711790
2653943,7,43,8169,1996,0.0,14151.0,-0.245358,-0.726695,ARE,CHN,711790
2653944,8,43,8169,1996,0.0,211094.0,0.167081,0.433612,ARG,CHN,711790
2653945,14,43,8169,1996,21628.0,1305674.0,0.369697,0.78069,AUS,CHN,711790
2653946,15,43,8169,1996,7317.0,222596.0,1.9216669999999998,0.659388,AUT,CHN,711790
2653947,18,43,8169,1996,10261.0,398710.0,1.549312,1.273767,BEL,CHN,711790
2653948,23,43,8169,1996,0.0,2551.0,0.544265,1.523408,BGR,CHN,711790
2653949,32,43,8169,1996,41294.0,337670.0,0.699658,1.271724,BRA,CHN,711790
2653950,39,43,8169,1996,2687.0,790430.0,1.155706,1.1127049999999998,CAN,CHN,711790
2653951,41,43,8169,1996,19287.0,80011.0,2.246238,0.603288,CHE,CHN,711790
2653952,42,43,8169,1996,0.0,70871.0,-0.052811000000000004,-0.169464,CHL,CHN,711790
2653953,44,43,8169,1996,0.0,7122.0,-0.8720459999999999,-0.7904479999999999,CIV,CHN,711790
2653954,49,43,8169,1996,0.0,24449.0,0.136487,0.078743,COL,CHN,711790
2653955,52,43,8169,1996,0.0,10166.0,-0.34219499999999997,0.12221900000000001,CRI,CHN,711790
2653956,58,43,8169,1996,0.0,6211.0,0.20007,0.020590999999999998,CYP,CHN,711790
2653957,59,43,8169,1996,0.0,86786.0,1.401181,1.3094709999999998,CZE,CHN,711790
2653958,61,43,8169,1996,4407.0,1506638.0,2.279976,-2.572299,DEU,CHN,711790
2653959,64,43,8169,1996,0.0,140663.0,1.443514,1.275684,DNK,CHN,711790
2653960,66,43,8169,1996,0.0,34621.0,-0.33419699999999997,-1.035736,DZA,CHN,711790
2653961,68,43,8169,1996,0.0,170261.0,-0.5446409999999999,-0.229586,EGY,CHN,711790
2653962,71,43,8169,1996,1682.0,871058.0,1.105317,1.9473,ESP,CHN,711790
2653963,72,43,8169,1996,0.0,23683.0,0.53397,1.0877940000000001,EST,CHN,711790
2653964,73,43,8169,1996,0.0,133595.0,-1.265383,-1.131925,ETH,CHN,711790
2653965,74,43,8169,1996,0.0,146522.0,2.0584729999999998,1.006908,FIN,CHN,711790
2653966,77,43,8169,1996,54701.0,2835435.0,1.69082,0.721312,FRA,CHN,711790
2653967,81,43,8169,1996,3771.0,645373.0,1.850284,0.883084,GBR,CHN,711790
2653968,83,43,8169,1996,0.0,3583.0,-1.035244,-0.9834129999999999,GHA,CHN,711790
2653969,90,43,8169,1996,0.0,35935.0,0.271386,1.042608,GRC,CHN,711790
2653970,92,43,8169,1996,0.0,205.0,-0.8826879999999999,-0.777868,GRL,CHN,711790
2653971,97,43,8169,1996,750065.0,20158548.0,0.54364,2.727659,HKG,CHN,711790
2653972,100,43,8169,1996,0.0,7918.0,0.772706,1.1075270000000002,HRV,CHN,711790
2653973,102,43,8169,1996,0.0,29967.0,0.790036,1.891534,HUN,CHN,711790
2653974,103,43,8169,1996,0.0,544346.0,-0.43199899999999997,1.22074,IDN,CHN,711790
2653975,104,43,8169,1996,915.0,922.0,0.20685599999999998,2.317622,IND,CHN,711790
2653976,106,43,8169,1996,0.0,82212.0,1.386011,0.9232100000000001,IRL,CHN,711790
2653977,109,43,8169,1996,0.0,3374.0,0.003558,-0.551796,ISL,CHN,711790
2653978,110,43,8169,1996,0.0,3442.0,1.054975,1.072965,ISR,CHN,711790
2653979,111,43,8169,1996,25071.0,432390.0,1.4674690000000001,1.263362,ITA,CHN,711790
2653980,114,43,8169,1996,99018.0,2747044.0,2.615364,0.5656939999999999,JPN,CHN,711790
2653981,117,43,8169,1996,0.0,1249.0,0.350901,0.529512,KGZ,CHN,711790
2653982,121,43,8169,1996,302794.0,776372.0,0.8946940000000001,1.240424,KOR,CHN,711790
2653983,122,43,8169,1996,0.0,7826.0,-0.27174499999999996,-1.098243,KWT,CHN,711790
2653984,124,43,8169,1996,0.0,11504.0,-0.051973,0.002154,LBN,CHN,711790
2653985,133,43,8169,1996,923.0,625193.0,-0.23007399999999997,-0.34139400000000003,MAC,CHN,711790
2653986,136,43,8169,1996,0.0,2862.0,-1.213619,-0.606686,MDG,CHN,711790
2653987,138,43,8169,1996,0.0,186718.0,0.651949,0.9132170000000001,MEX,CHN,711790
2653988,141,43,8169,1996,0.0,755.0,-0.987858,-0.9677040000000001,MLI,CHN,711790
2653989,142,43,8169,1996,0.0,5170.0,0.8825440000000001,0.066541,MLT,CHN,711790
2653990,151,43,8169,1996,0.0,2380.0,-0.538651,-0.746274,MUS,CHN,711790
2653991,153,43,8169,1996,0.0,13206.0,0.351774,0.347262,MYS,CHN,711790
2653992,162,43,8169,1996,0.0,102116.0,1.256625,1.803132,NLD,CHN,711790
2653993,163,43,8169,1996,0.0,225926.0,1.204869,0.303062,NOR,CHN,711790
2653994,164,43,8169,1996,3583.0,0.0,-0.7390100000000001,-0.647903,NPL,CHN,711790
2653995,166,43,8169,1996,0.0,197719.0,0.49466099999999996,0.8302879999999999,NZL,CHN,711790
2653996,167,43,8169,1996,0.0,1454.0,-0.10243499999999998,-0.8425879999999999,OMN,CHN,711790
2653997,168,43,8169,1996,0.0,178133.0,-0.7543300000000001,-0.393654,PAK,CHN,711790
2653998,169,43,8169,1996,0.0,31213.0,-0.100537,-0.374129,PAN,CHN,711790
2653999,173,43,8169,1996,0.0,191904.0,-0.43761000000000005,-0.28077399999999997,PER,CHN,711790
2654000,174,43,8169,1996,2482.0,20686.0,-0.276548,0.344986,PHL,CHN,711790
2654001,177,43,8169,1996,0.0,140917.0,0.795489,1.9004729999999999,POL,CHN,711790
2654002,179,43,8169,1996,0.0,49680.0,0.39343,1.170144,PRT,CHN,711790
2654003,182,43,8169,1996,0.0,333.0,0.845308,-0.31763,PYF,CHN,711790
2654004,185,43,8169,1996,0.0,5179.0,0.612035,0.880964,ROU,CHN,711790
2654005,186,43,8169,1996,0.0,659353.0,0.900185,0.47723000000000004,RUS,CHN,711790
2654006,188,43,8169,1996,0.0,1063976.0,0.215265,-0.8577309999999999,SAU,CHN,711790
2654007,190,43,8169,1996,0.0,15479.0,-1.4146459999999998,-1.181707,SDN,CHN,711790
2654008,191,43,8169,1996,0.0,31107.0,-0.619785,-0.712171,SEN,CHN,711790
2654009,192,43,8169,1996,2143.0,126682.0,0.8354299999999999,0.41169799999999995,SGP,CHN,711790
2654010,197,43,8169,1996,0.0,15009.0,-0.24968800000000002,-0.121995,SLV,CHN,711790
2654011,205,43,8169,1996,0.0,1741.0,-0.93463,-0.797197,SUR,CHN,711790
2654012,206,43,8169,1996,0.0,7919.0,1.189398,1.29167,SVK,CHN,711790
2654013,207,43,8169,1996,0.0,3195.0,1.409184,1.37245,SVN,CHN,711790
2654014,208,43,8169,1996,0.0,173109.0,2.133781,0.9099889999999999,SWE,CHN,711790
2654015,216,43,8169,1996,12032.0,159108.0,0.10120599999999999,1.351967,THA,CHN,711790
2654016,223,43,8169,1996,0.0,4539.0,-0.28546,-0.089051,TUN,CHN,711790
2654017,224,43,8169,1996,0.0,162877.0,0.156866,1.554023,TUR,CHN,711790
2654018,231,43,8169,1996,126351.0,64073196.0,1.7110560000000001,1.125141,USA,CHN,711790
2654019,246,43,8169,1996,1797.0,185227.0,0.456593,1.150786,ZAF,CHN,711790
2654020,249,43,8169,1996,817094.0,1459749.0,1.432225,1.675389,TWN,CHN,711790
2654021,250,43,8169,1996,192796.0,1402.0,1.084978,0.901755,ANS,CHN,711790
2654022,0,49,8169,1996,0.0,4489.0,-0.681487,-0.70999,ABW,COL,711790
2654023,7,49,8169,1996,0.0,13552.0,-0.245358,-0.726695,ARE,COL,711790
2654024,8,49,8169,1996,11079.0,0.0,0.167081,0.433612,ARG,COL,711790
2654025,15,49,8169,1996,0.0,3741.0,1.9216669999999998,0.659388,AUT,COL,711790
2654026,18,49,8169,1996,0.0,3059.0,1.549312,1.273767,BEL,COL,711790
2654027,31,49,8169,1996,0.0,115129.0,-0.589432,-0.7781,BOL,COL,711790
2654028,32,49,8169,1996,14051.0,1005.0,0.699658,1.271724,BRA,COL,711790
2654029,39,49,8169,1996,0.0,43719.0,1.155706,1.1127049999999998,CAN,COL,711790
2654030,41,49,8169,1996,5369.0,2839.0,2.246238,0.603288,CHE,COL,711790
2654031,42,49,8169,1996,0.0,4732.0,-0.052811000000000004,-0.169464,CHL,COL,711790
2654032,43,49,8169,1996,24449.0,0.0,0.404422,3.061344,CHN,COL,711790
2654033,52,49,8169,1996,0.0,7631.0,-0.34219499999999997,0.12221900000000001,CRI,COL,711790
2654034,54,49,8169,1996,0.0,30527.0,-0.555246,-1.0420479999999999,CUB,COL,711790
2654035,59,49,8169,1996,2648.0,0.0,1.401181,1.3094709999999998,CZE,COL,711790
2654036,61,49,8169,1996,2970.0,4849.0,2.279976,-2.572299,DEU,COL,711790
2654037,65,49,8169,1996,0.0,35748.0,-0.596093,-0.5602060000000001,DOM,COL,711790
2654038,67,49,8169,1996,0.0,32805.0,-1.1391200000000001,-0.992735,ECU,COL,711790
2654039,71,49,8169,1996,89453.0,26015.0,1.105317,1.9473,ESP,COL,711790
2654040,77,49,8169,1996,0.0,22510.0,1.69082,0.721312,FRA,COL,711790
2654041,81,49,8169,1996,3071.0,0.0,1.850284,0.883084,GBR,COL,711790
2654042,90,49,8169,1996,0.0,11420.0,0.271386,1.042608,GRC,COL,711790
2654043,93,49,8169,1996,0.0,36109.0,-0.332901,0.23790300000000003,GTM,COL,711790
2654044,97,49,8169,1996,44964.0,0.0,0.54364,2.727659,HKG,COL,711790
2654045,99,49,8169,1996,0.0,1007.0,-0.69357,-0.48721400000000004,HND,COL,711790
2654046,104,49,8169,1996,3158.0,0.0,0.20685599999999998,2.317622,IND,COL,711790
2654047,110,49,8169,1996,0.0,10734.0,1.054975,1.072965,ISR,COL,711790
2654048,111,49,8169,1996,102409.0,3782.0,1.4674690000000001,1.263362,ITA,COL,711790
2654049,114,49,8169,1996,4584.0,8095.0,2.615364,0.5656939999999999,JPN,COL,711790
2654050,121,49,8169,1996,177327.0,1637.0,0.8946940000000001,1.240424,KOR,COL,711790
2654051,124,49,8169,1996,0.0,4980.0,-0.051973,0.002154,LBN,COL,711790
2654052,138,49,8169,1996,8959.0,55776.0,0.651949,0.9132170000000001,MEX,COL,711790
2654053,162,49,8169,1996,1336.0,0.0,1.256625,1.803132,NLD,COL,711790
2654054,169,49,8169,1996,2215.0,19130.0,-0.100537,-0.374129,PAN,COL,711790
2654055,173,49,8169,1996,133251.0,30814.0,-0.43761000000000005,-0.28077399999999997,PER,COL,711790
2654056,179,49,8169,1996,0.0,13375.0,0.39343,1.170144,PRT,COL,711790
2654057,197,49,8169,1996,0.0,18054.0,-0.24968800000000002,-0.121995,SLV,COL,711790
2654058,216,49,8169,1996,67690.0,0.0,0.10120599999999999,1.351967,THA,COL,711790
2654059,231,49,8169,1996,2784333.0,218632.0,1.7110560000000001,1.125141,USA,COL,711790
2654060,234,49,8169,1996,0.0,2546.0,-0.123896,-0.5798989999999999,VCT,COL,711790
2654061,236,49,8169,1996,26181.0,210114.0,0.07086100000000001,-0.761307,VEN,COL,711790
2654062,249,49,8169,1996,25533.0,0.0,1.432225,1.675389,TWN,COL,711790
2654063,250,49,8169,1996,6378.0,0.0,1.084978,0.901755,ANS,COL,711790
2654064,15,52,8169,1996,4200.0,0.0,1.9216669999999998,0.659388,AUT,CRI,711790
2654065,32,52,8169,1996,0.0,9063.0,0.699658,1.271724,BRA,CRI,711790
2654066,39,52,8169,1996,0.0,10656.0,1.155706,1.1127049999999998,CAN,CRI,711790
2654067,43,52,8169,1996,10166.0,0.0,0.404422,3.061344,CHN,CRI,711790
2654068,49,52,8169,1996,7631.0,0.0,0.136487,0.078743,COL,CRI,711790
2654069,59,52,8169,1996,8148.0,0.0,1.401181,1.3094709999999998,CZE,CRI,711790
2654070,61,52,8169,1996,1973.0,13590.0,2.279976,-2.572299,DEU,CRI,711790
2654071,64,52,8169,1996,0.0,1245.0,1.443514,1.275684,DNK,CRI,711790
2654072,71,52,8169,1996,6555.0,0.0,1.105317,1.9473,ESP,CRI,711790
2654073,77,52,8169,1996,159155.0,7240.0,1.69082,0.721312,FRA,CRI,711790
2654074,93,52,8169,1996,97558.0,0.0,-0.332901,0.23790300000000003,GTM,CRI,711790
2654075,99,52,8169,1996,0.0,4450.0,-0.69357,-0.48721400000000004,HND,CRI,711790
2654076,111,52,8169,1996,59491.0,944.0,1.4674690000000001,1.263362,ITA,CRI,711790
2654077,114,52,8169,1996,0.0,8027.0,2.615364,0.5656939999999999,JPN,CRI,711790
2654078,138,52,8169,1996,14923.0,0.0,0.651949,0.9132170000000001,MEX,CRI,711790
2654079,169,52,8169,1996,13792.0,0.0,-0.100537,-0.374129,PAN,CRI,711790
2654080,173,52,8169,1996,2031.0,0.0,-0.43761000000000005,-0.28077399999999997,PER,CRI,711790
2654081,197,52,8169,1996,0.0,42920.0,-0.24968800000000002,-0.121995,SLV,CRI,711790
2654082,231,52,8169,1996,144365.0,12851.0,1.7110560000000001,1.125141,USA,CRI,711790
2654083,236,52,8169,1996,0.0,7461.0,0.07086100000000001,-0.761307,VEN,CRI,711790
2654084,249,52,8169,1996,6772.0,0.0,1.432225,1.675389,TWN,CRI,711790
2654085,250,52,8169,1996,1923.0,0.0,1.084978,0.901755,ANS,CRI,711790
2654086,5,61,8169,1996,0.0,28102.0,1.0490059999999999,0.6587189999999999,AND,DEU,711790
2654087,6,61,8169,1996,0.0,7701.0,0.29339,-0.572443,ANT,DEU,711790
2654088,7,61,8169,1996,2588.0,3472.0,-0.245358,-0.726695,ARE,DEU,711790
2654089,8,61,8169,1996,0.0,55143.0,0.167081,0.433612,ARG,DEU,711790
2654090,14,61,8169,1996,2503.0,84568.0,0.369697,0.78069,AUS,DEU,711790
2654091,15,61,8169,1996,1158990.0,886883.0,1.9216669999999998,0.659388,AUT,DEU,711790
2654092,18,61,8169,1996,254956.0,417473.0,1.549312,1.273767,BEL,DEU,711790
2654093,19,61,8169,1996,3570.0,0.0,-1.0032729999999999,-0.794779,BEN,DEU,711790
2654094,21,61,8169,1996,3480.0,0.0,-0.680996,-0.863442,BFA,DEU,711790
2654095,22,61,8169,1996,11297.0,0.0,-1.060876,-1.05104,BGD,DEU,711790
2654096,23,61,8169,1996,0.0,15899.0,0.544265,1.523408,BGR,DEU,711790
2654097,24,61,8169,1996,0.0,36162.0,-0.062207000000000005,-0.840398,BHR,DEU,711790
2654098,26,61,8169,1996,0.0,45401.0,0.679466,0.730425,BIH,DEU,711790
2654099,31,61,8169,1996,8676.0,0.0,-0.589432,-0.7781,BOL,DEU,711790
2654100,32,61,8169,1996,5586.0,5676.0,0.699658,1.271724,BRA,DEU,711790
2654101,39,61,8169,1996,14425.0,6471.0,1.155706,1.1127049999999998,CAN,DEU,711790
2654102,41,61,8169,1996,680331.0,2528033.0,2.246238,0.603288,CHE,DEU,711790
2654103,42,61,8169,1996,1770.0,5364.0,-0.052811000000000004,-0.169464,CHL,DEU,711790
2654104,43,61,8169,1996,1506638.0,4407.0,0.404422,3.061344,CHN,DEU,711790
2654105,44,61,8169,1996,1717.0,0.0,-0.8720459999999999,-0.7904479999999999,CIV,DEU,711790
2654106,49,61,8169,1996,4849.0,2970.0,0.136487,0.078743,COL,DEU,711790
2654107,52,61,8169,1996,13590.0,1973.0,-0.34219499999999997,0.12221900000000001,CRI,DEU,711790
2654108,54,61,8169,1996,0.0,8241.0,-0.555246,-1.0420479999999999,CUB,DEU,711790
2654109,58,61,8169,1996,0.0,3231.0,0.20007,0.020590999999999998,CYP,DEU,711790
2654110,59,61,8169,1996,953370.0,258764.0,1.401181,1.3094709999999998,CZE,DEU,711790
2654111,64,61,8169,1996,422605.0,158176.0,1.443514,1.275684,DNK,DEU,711790
2654112,65,61,8169,1996,0.0,2067.0,-0.596093,-0.5602060000000001,DOM,DEU,711790
2654113,67,61,8169,1996,21042.0,1246.0,-1.1391200000000001,-0.992735,ECU,DEU,711790
2654114,68,61,8169,1996,4103.0,59783.0,-0.5446409999999999,-0.229586,EGY,DEU,711790
2654115,71,61,8169,1996,738694.0,126241.0,1.105317,1.9473,ESP,DEU,711790
2654116,72,61,8169,1996,0.0,4365.0,0.53397,1.0877940000000001,EST,DEU,711790
2654117,73,61,8169,1996,1738.0,12187.0,-1.265383,-1.131925,ETH,DEU,711790
2654118,74,61,8169,1996,190785.0,81368.0,2.0584729999999998,1.006908,FIN,DEU,711790
2654119,77,61,8169,1996,1151959.0,999623.0,1.69082,0.721312,FRA,DEU,711790
2654120,78,61,8169,1996,0.0,602.0,-0.252693,-0.714691,FRO,DEU,711790
2654121,80,61,8169,1996,0.0,963.0,-1.693615,-1.174433,GAB,DEU,711790
2654122,81,61,8169,1996,1140569.0,298073.0,1.850284,0.883084,GBR,DEU,711790
2654123,83,61,8169,1996,8722.0,3664.0,-1.035244,-0.9834129999999999,GHA,DEU,711790
2654124,85,61,8169,1996,0.0,845.0,-1.2641930000000001,-1.1317409999999999,GIN,DEU,711790
2654125,90,61,8169,1996,248530.0,42916.0,0.271386,1.042608,GRC,DEU,711790
2654126,93,61,8169,1996,91809.0,0.0,-0.332901,0.23790300000000003,GTM,DEU,711790
2654127,97,61,8169,1996,924591.0,546988.0,0.54364,2.727659,HKG,DEU,711790
2654128,99,61,8169,1996,1059.0,0.0,-0.69357,-0.48721400000000004,HND,DEU,711790
2654129,100,61,8169,1996,0.0,20118.0,0.772706,1.1075270000000002,HRV,DEU,711790
2654130,101,61,8169,1996,5347.0,0.0,-0.865218,-0.723441,HTI,DEU,711790
2654131,102,61,8169,1996,3412.0,18033.0,0.790036,1.891534,HUN,DEU,711790
2654132,103,61,8169,1996,150079.0,19274.0,-0.43199899999999997,1.22074,IDN,DEU,711790
2654133,104,61,8169,1996,350244.0,2015.0,0.20685599999999998,2.317622,IND,DEU,711790
2654134,106,61,8169,1996,10549.0,21231.0,1.386011,0.9232100000000001,IRL,DEU,711790
2654135,107,61,8169,1996,0.0,7059.0,-0.7496649999999999,-1.1173520000000001,IRN,DEU,711790
2654136,109,61,8169,1996,0.0,6880.0,0.003558,-0.551796,ISL,DEU,711790
2654137,110,61,8169,1996,56110.0,50180.0,1.054975,1.072965,ISR,DEU,711790
2654138,111,61,8169,1996,2889533.0,166308.0,1.4674690000000001,1.263362,ITA,DEU,711790
2654139,114,61,8169,1996,58405.0,1243704.0,2.615364,0.5656939999999999,JPN,DEU,711790
2654140,115,61,8169,1996,0.0,15934.0,0.48902799999999996,0.154932,KAZ,DEU,711790
2654141,116,61,8169,1996,38544.0,0.0,-0.468322,-0.017625,KEN,DEU,711790
2654142,121,61,8169,1996,219827.0,195343.0,0.8946940000000001,1.240424,KOR,DEU,711790
2654143,122,61,8169,1996,0.0,6847.0,-0.27174499999999996,-1.098243,KWT,DEU,711790
2654144,124,61,8169,1996,0.0,2390.0,-0.051973,0.002154,LBN,DEU,711790
2654145,130,61,8169,1996,7992.0,2017.0,0.40520500000000004,0.9465950000000001,LTU,DEU,711790
2654146,132,61,8169,1996,0.0,57513.0,0.33418600000000004,0.1615,LVA,DEU,711790
2654147,133,61,8169,1996,0.0,733.0,-0.23007399999999997,-0.34139400000000003,MAC,DEU,711790
2654148,134,61,8169,1996,305882.0,10921.0,-0.67314,-0.241242,MAR,DEU,711790
2654149,138,61,8169,1996,8105.0,160128.0,0.651949,0.9132170000000001,MEX,DEU,711790
2654150,140,61,8169,1996,0.0,2061.0,0.316133,0.933068,MKD,DEU,711790
2654151,141,61,8169,1996,11179.0,0.0,-0.987858,-0.9677040000000001,MLI,DEU,711790
2654152,142,61,8169,1996,0.0,25736.0,0.8825440000000001,0.066541,MLT,DEU,711790
2654153,151,61,8169,1996,7937.0,4879.0,-0.538651,-0.746274,MUS,DEU,711790
2654154,153,61,8169,1996,13007.0,363032.0,0.351774,0.347262,MYS,DEU,711790
2654155,159,61,8169,1996,1733.0,0.0,-1.813359,-1.1967,NGA,DEU,711790
2654156,162,61,8169,1996,2252696.0,577512.0,1.256625,1.803132,NLD,DEU,711790
2654157,163,61,8169,1996,17813.0,83141.0,1.204869,0.303062,NOR,DEU,711790
2654158,164,61,8169,1996,6284.0,0.0,-0.7390100000000001,-0.647903,NPL,DEU,711790
2654159,166,61,8169,1996,8325.0,12196.0,0.49466099999999996,0.8302879999999999,NZL,DEU,711790
2654160,167,61,8169,1996,0.0,16616.0,-0.10243499999999998,-0.8425879999999999,OMN,DEU,711790
2654161,168,61,8169,1996,9869.0,2160.0,-0.7543300000000001,-0.393654,PAK,DEU,711790
2654162,173,61,8169,1996,51574.0,21857.0,-0.43761000000000005,-0.28077399999999997,PER,DEU,711790
2654163,174,61,8169,1996,1311750.0,1292.0,-0.276548,0.344986,PHL,DEU,711790
2654164,177,61,8169,1996,158111.0,168147.0,0.795489,1.9004729999999999,POL,DEU,711790
2654165,179,61,8169,1996,15097.0,182834.0,0.39343,1.170144,PRT,DEU,711790
2654166,183,61,8169,1996,0.0,23775.0,-0.48203500000000005,-1.117173,QAT,DEU,711790
2654167,185,61,8169,1996,0.0,88142.0,0.612035,0.880964,ROU,DEU,711790
2654168,186,61,8169,1996,1197.0,60323.0,0.900185,0.47723000000000004,RUS,DEU,711790
2654169,188,61,8169,1996,0.0,64999.0,0.215265,-0.8577309999999999,SAU,DEU,711790
2654170,192,61,8169,1996,32342.0,48307.0,0.8354299999999999,0.41169799999999995,SGP,DEU,711790
2654171,197,61,8169,1996,0.0,8262.0,-0.24968800000000002,-0.121995,SLV,DEU,711790
2654172,206,61,8169,1996,2569.0,11086.0,1.189398,1.29167,SVK,DEU,711790
2654173,207,61,8169,1996,5801.0,50856.0,1.409184,1.37245,SVN,DEU,711790
2654174,208,61,8169,1996,114463.0,100289.0,2.133781,0.9099889999999999,SWE,DEU,711790
2654175,215,61,8169,1996,19606.0,0.0,-0.9070459999999999,-0.7702399999999999,TGO,DEU,711790
2654176,216,61,8169,1996,236610.0,131328.0,0.10120599999999999,1.351967,THA,DEU,711790
2654177,223,61,8169,1996,0.0,51160.0,-0.28546,-0.089051,TUN,DEU,711790
2654178,224,61,8169,1996,21603.0,22831.0,0.156866,1.554023,TUR,DEU,711790
2654179,226,61,8169,1996,1140.0,6023.0,-1.391534,-0.907436,TZA,DEU,711790
2654180,228,61,8169,1996,0.0,12478.0,0.896537,0.9241459999999999,UKR,DEU,711790
2654181,230,61,8169,1996,0.0,46116.0,0.171541,0.313934,URY,DEU,711790
2654182,231,61,8169,1996,2249489.0,188843.0,1.7110560000000001,1.125141,USA,DEU,711790
2654183,236,61,8169,1996,0.0,1160.0,0.07086100000000001,-0.761307,VEN,DEU,711790
2654184,239,61,8169,1996,9472.0,0.0,-0.9336469999999999,-0.10985199999999999,VNM,DEU,711790
2654185,246,61,8169,1996,70711.0,2784.0,0.456593,1.150786,ZAF,DEU,711790
2654186,249,61,8169,1996,1247046.0,75915.0,1.432225,1.675389,TWN,DEU,711790
2654187,250,61,8169,1996,0.0,17180.0,1.084978,0.901755,ANS,DEU,711790
2654188,15,64,8169,1996,12753.0,18386.0,1.9216669999999998,0.659388,AUT,DNK,711790
2654189,18,64,8169,1996,82536.0,26257.0,1.549312,1.273767,BEL,DNK,711790
2654190,28,64,8169,1996,12910.0,0.0,0.7285550000000001,0.660716,BLR,DNK,711790
2654191,32,64,8169,1996,0.0,1234.0,0.699658,1.271724,BRA,DNK,711790
2654192,39,64,8169,1996,1443.0,2358.0,1.155706,1.1127049999999998,CAN,DNK,711790
2654193,41,64,8169,1996,14077.0,63913.0,2.246238,0.603288,CHE,DNK,711790
2654194,43,64,8169,1996,140663.0,0.0,0.404422,3.061344,CHN,DNK,711790
2654195,52,64,8169,1996,1245.0,0.0,-0.34219499999999997,0.12221900000000001,CRI,DNK,711790
2654196,59,64,8169,1996,155584.0,3519.0,1.401181,1.3094709999999998,CZE,DNK,711790
2654197,61,64,8169,1996,158176.0,422605.0,2.279976,-2.572299,DEU,DNK,711790
2654198,68,64,8169,1996,1262.0,0.0,-0.5446409999999999,-0.229586,EGY,DNK,711790
2654199,71,64,8169,1996,1681.0,16087.0,1.105317,1.9473,ESP,DNK,711790
2654200,72,64,8169,1996,0.0,944.0,0.53397,1.0877940000000001,EST,DNK,711790
2654201,74,64,8169,1996,9960.0,124457.0,2.0584729999999998,1.006908,FIN,DNK,711790
2654202,77,64,8169,1996,29697.0,8030.0,1.69082,0.721312,FRA,DNK,711790
2654203,78,64,8169,1996,0.0,1189.0,-0.252693,-0.714691,FRO,DNK,711790
2654204,81,64,8169,1996,140008.0,35628.0,1.850284,0.883084,GBR,DNK,711790
2654205,90,64,8169,1996,10328.0,9217.0,0.271386,1.042608,GRC,DNK,711790
2654206,92,64,8169,1996,0.0,4467.0,-0.8826879999999999,-0.777868,GRL,DNK,711790
2654207,93,64,8169,1996,80398.0,0.0,-0.332901,0.23790300000000003,GTM,DNK,711790
2654208,97,64,8169,1996,52350.0,280454.0,0.54364,2.727659,HKG,DNK,711790
2654209,102,64,8169,1996,7043.0,3543.0,0.790036,1.891534,HUN,DNK,711790
2654210,103,64,8169,1996,6858.0,0.0,-0.43199899999999997,1.22074,IDN,DNK,711790
2654211,104,64,8169,1996,22306.0,0.0,0.20685599999999998,2.317622,IND,DNK,711790
2654212,109,64,8169,1996,0.0,29489.0,0.003558,-0.551796,ISL,DNK,711790
2654213,110,64,8169,1996,13518.0,2726.0,1.054975,1.072965,ISR,DNK,711790
2654214,111,64,8169,1996,104618.0,4246.0,1.4674690000000001,1.263362,ITA,DNK,711790
2654215,114,64,8169,1996,111725.0,46240.0,2.615364,0.5656939999999999,JPN,DNK,711790
2654216,121,64,8169,1996,53376.0,11169.0,0.8946940000000001,1.240424,KOR,DNK,711790
2654217,130,64,8169,1996,47421.0,0.0,0.40520500000000004,0.9465950000000001,LTU,DNK,711790
2654218,138,64,8169,1996,1480.0,0.0,0.651949,0.9132170000000001,MEX,DNK,711790
2654219,153,64,8169,1996,6776.0,0.0,0.351774,0.347262,MYS,DNK,711790
2654220,162,64,8169,1996,76054.0,79254.0,1.256625,1.803132,NLD,DNK,711790
2654221,163,64,8169,1996,101258.0,284386.0,1.204869,0.303062,NOR,DNK,711790
2654222,164,64,8169,1996,2075.0,0.0,-0.7390100000000001,-0.647903,NPL,DNK,711790
2654223,174,64,8169,1996,35308.0,0.0,-0.276548,0.344986,PHL,DNK,711790
2654224,177,64,8169,1996,92302.0,11471.0,0.795489,1.9004729999999999,POL,DNK,711790
2654225,179,64,8169,1996,10512.0,8820.0,0.39343,1.170144,PRT,DNK,711790
2654226,186,64,8169,1996,0.0,4932.0,0.900185,0.47723000000000004,RUS,DNK,711790
2654227,188,64,8169,1996,0.0,2304.0,0.215265,-0.8577309999999999,SAU,DNK,711790
2654228,192,64,8169,1996,2865.0,8699.0,0.8354299999999999,0.41169799999999995,SGP,DNK,711790
2654229,207,64,8169,1996,0.0,5366.0,1.409184,1.37245,SVN,DNK,711790
2654230,208,64,8169,1996,210283.0,699686.0,2.133781,0.9099889999999999,SWE,DNK,711790
2654231,216,64,8169,1996,38581.0,0.0,0.10120599999999999,1.351967,THA,DNK,711790
2654232,230,64,8169,1996,0.0,2337.0,0.171541,0.313934,URY,DNK,711790
2654233,231,64,8169,1996,131098.0,36036.0,1.7110560000000001,1.125141,USA,DNK,711790
2654234,249,64,8169,1996,247838.0,27534.0,1.432225,1.675389,TWN,DNK,711790
2654235,250,64,8169,1996,51636.0,0.0,1.084978,0.901755,ANS,DNK,711790
2654236,18,65,8169,1996,3075.0,0.0,1.549312,1.273767,BEL,DOM,711790
2654237,49,65,8169,1996,35748.0,0.0,0.136487,0.078743,COL,DOM,711790
2654238,61,65,8169,1996,2067.0,0.0,2.279976,-2.572299,DEU,DOM,711790
2654239,71,65,8169,1996,15373.0,0.0,1.105317,1.9473,ESP,DOM,711790
2654240,77,65,8169,1996,0.0,1617.0,1.69082,0.721312,FRA,DOM,711790
2654241,97,65,8169,1996,133588.0,0.0,0.54364,2.727659,HKG,DOM,711790
2654242,111,65,8169,1996,77813.0,1308.0,1.4674690000000001,1.263362,ITA,DOM,711790
2654243,114,65,8169,1996,0.0,7849.0,2.615364,0.5656939999999999,JPN,DOM,711790
2654244,138,65,8169,1996,16690.0,0.0,0.651949,0.9132170000000001,MEX,DOM,711790
2654245,173,65,8169,1996,2660.0,0.0,-0.43761000000000005,-0.28077399999999997,PER,DOM,711790
2654246,231,65,8169,1996,69504.0,1804130.0,1.7110560000000001,1.125141,USA,DOM,711790
2654247,1,67,8169,1996,1296.0,0.0,-0.31642600000000004,-0.620458,AFG,ECU,711790
2654248,15,67,8169,1996,0.0,1839.0,1.9216669999999998,0.659388,AUT,ECU,711790
2654249,18,67,8169,1996,0.0,4066.0,1.549312,1.273767,BEL,ECU,711790
2654250,32,67,8169,1996,1363.0,0.0,0.699658,1.271724,BRA,ECU,711790
2654251,39,67,8169,1996,0.0,1984.0,1.155706,1.1127049999999998,CAN,ECU,711790
2654252,42,67,8169,1996,4713.0,1407.0,-0.052811000000000004,-0.169464,CHL,ECU,711790
2654253,49,67,8169,1996,32805.0,0.0,0.136487,0.078743,COL,ECU,711790
2654254,59,67,8169,1996,9001.0,0.0,1.401181,1.3094709999999998,CZE,ECU,711790
2654255,61,67,8169,1996,1246.0,21042.0,2.279976,-2.572299,DEU,ECU,711790
2654256,71,67,8169,1996,0.0,18427.0,1.105317,1.9473,ESP,ECU,711790
2654257,77,67,8169,1996,0.0,18221.0,1.69082,0.721312,FRA,ECU,711790
2654258,81,67,8169,1996,0.0,4603.0,1.850284,0.883084,GBR,ECU,711790
2654259,93,67,8169,1996,2196.0,0.0,-0.332901,0.23790300000000003,GTM,ECU,711790
2654260,97,67,8169,1996,14869.0,0.0,0.54364,2.727659,HKG,ECU,711790
2654261,111,67,8169,1996,36102.0,166536.0,1.4674690000000001,1.263362,ITA,ECU,711790
2654262,114,67,8169,1996,3661.0,0.0,2.615364,0.5656939999999999,JPN,ECU,711790
2654263,121,67,8169,1996,11006.0,0.0,0.8946940000000001,1.240424,KOR,ECU,711790
2654264,138,67,8169,1996,15588.0,0.0,0.651949,0.9132170000000001,MEX,ECU,711790
2654265,162,67,8169,1996,0.0,5435.0,1.256625,1.803132,NLD,ECU,711790
2654266,169,67,8169,1996,91240.0,0.0,-0.100537,-0.374129,PAN,ECU,711790
2654267,178,67,8169,1996,10737.0,0.0,0.725014,1.20189,PRK,ECU,711790
2654268,179,67,8169,1996,0.0,1078.0,0.39343,1.170144,PRT,ECU,711790
2654269,192,67,8169,1996,1562.0,0.0,0.8354299999999999,0.41169799999999995,SGP,ECU,711790
2654270,208,67,8169,1996,0.0,823.0,2.133781,0.9099889999999999,SWE,ECU,711790
2654271,231,67,8169,1996,93886.0,6229.0,1.7110560000000001,1.125141,USA,ECU,711790
2654272,236,67,8169,1996,12955.0,2994.0,0.07086100000000001,-0.761307,VEN,ECU,711790
2654273,249,67,8169,1996,5232.0,0.0,1.432225,1.675389,TWN,ECU,711790
2654274,250,67,8169,1996,0.0,2696.0,1.084978,0.901755,ANS,ECU,711790
2654275,0,71,8169,1996,0.0,1151.0,-0.681487,-0.70999,ABW,ESP,711790
2654276,5,71,8169,1996,0.0,26449.0,1.0490059999999999,0.6587189999999999,AND,ESP,711790
2654277,6,71,8169,1996,0.0,1891.0,0.29339,-0.572443,ANT,ESP,711790
2654278,7,71,8169,1996,0.0,40561.0,-0.245358,-0.726695,ARE,ESP,711790
2654279,8,71,8169,1996,6090.0,75270.0,0.167081,0.433612,ARG,ESP,711790
2654280,14,71,8169,1996,6556.0,7787.0,0.369697,0.78069,AUS,ESP,711790
2654281,15,71,8169,1996,184362.0,1347299.0,1.9216669999999998,0.659388,AUT,ESP,711790
2654282,18,71,8169,1996,22665.0,49359.0,1.549312,1.273767,BEL,ESP,711790
2654283,24,71,8169,1996,0.0,14472.0,-0.062207000000000005,-0.840398,BHR,ESP,711790
2654284,25,71,8169,1996,0.0,21428.0,0.363917,-0.380614,BHS,ESP,711790
2654285,31,71,8169,1996,2190.0,9519.0,-0.589432,-0.7781,BOL,ESP,711790
2654286,32,71,8169,1996,5813.0,39597.0,0.699658,1.271724,BRA,ESP,711790
2654287,39,71,8169,1996,11378.0,15450.0,1.155706,1.1127049999999998,CAN,ESP,711790
2654288,41,71,8169,1996,68747.0,79116.0,2.246238,0.603288,CHE,ESP,711790
2654289,42,71,8169,1996,0.0,62839.0,-0.052811000000000004,-0.169464,CHL,ESP,711790
2654290,43,71,8169,1996,871058.0,1682.0,0.404422,3.061344,CHN,ESP,711790
2654291,49,71,8169,1996,26015.0,89453.0,0.136487,0.078743,COL,ESP,711790
2654292,52,71,8169,1996,0.0,6555.0,-0.34219499999999997,0.12221900000000001,CRI,ESP,711790
2654293,54,71,8169,1996,0.0,85705.0,-0.555246,-1.0420479999999999,CUB,ESP,711790
2654294,58,71,8169,1996,0.0,45699.0,0.20007,0.020590999999999998,CYP,ESP,711790
2654295,59,71,8169,1996,83849.0,8774.0,1.401181,1.3094709999999998,CZE,ESP,711790
2654296,61,71,8169,1996,126241.0,738694.0,2.279976,-2.572299,DEU,ESP,711790
2654297,64,71,8169,1996,16087.0,1681.0,1.443514,1.275684,DNK,ESP,711790
2654298,65,71,8169,1996,0.0,15373.0,-0.596093,-0.5602060000000001,DOM,ESP,711790
2654299,66,71,8169,1996,0.0,13022.0,-0.33419699999999997,-1.035736,DZA,ESP,711790
2654300,67,71,8169,1996,18427.0,0.0,-1.1391200000000001,-0.992735,ECU,ESP,711790
2654301,68,71,8169,1996,160996.0,14522.0,-0.5446409999999999,-0.229586,EGY,ESP,711790
2654302,72,71,8169,1996,0.0,1199.0,0.53397,1.0877940000000001,EST,ESP,711790
2654303,74,71,8169,1996,3718.0,7859.0,2.0584729999999998,1.006908,FIN,ESP,711790
2654304,77,71,8169,1996,870894.0,186668.0,1.69082,0.721312,FRA,ESP,711790
2654305,81,71,8169,1996,1053398.0,84400.0,1.850284,0.883084,GBR,ESP,711790
2654306,83,71,8169,1996,1659.0,0.0,-1.035244,-0.9834129999999999,GHA,ESP,711790
2654307,84,71,8169,1996,0.0,5071.0,0.932001,-0.20733400000000002,GIB,ESP,711790
2654308,90,71,8169,1996,52844.0,1726.0,0.271386,1.042608,GRC,ESP,711790
2654309,93,71,8169,1996,12229.0,20965.0,-0.332901,0.23790300000000003,GTM,ESP,711790
2654310,97,71,8169,1996,58221.0,37187.0,0.54364,2.727659,HKG,ESP,711790
2654311,99,71,8169,1996,0.0,39822.0,-0.69357,-0.48721400000000004,HND,ESP,711790
2654312,100,71,8169,1996,0.0,30157.0,0.772706,1.1075270000000002,HRV,ESP,711790
2654313,102,71,8169,1996,0.0,3406.0,0.790036,1.891534,HUN,ESP,711790
2654314,103,71,8169,1996,128042.0,0.0,-0.43199899999999997,1.22074,IDN,ESP,711790
2654315,104,71,8169,1996,142317.0,0.0,0.20685599999999998,2.317622,IND,ESP,711790
2654316,106,71,8169,1996,0.0,2114.0,1.386011,0.9232100000000001,IRL,ESP,711790
2654317,109,71,8169,1996,0.0,2436.0,0.003558,-0.551796,ISL,ESP,711790
2654318,110,71,8169,1996,77004.0,183380.0,1.054975,1.072965,ISR,ESP,711790
2654319,111,71,8169,1996,1008961.0,119112.0,1.4674690000000001,1.263362,ITA,ESP,711790
2654320,113,71,8169,1996,0.0,24266.0,0.12203499999999999,-0.41859399999999997,JOR,ESP,711790
2654321,114,71,8169,1996,21828.0,570240.0,2.615364,0.5656939999999999,JPN,ESP,711790
2654322,121,71,8169,1996,62299.0,16416.0,0.8946940000000001,1.240424,KOR,ESP,711790
2654323,124,71,8169,1996,0.0,9732.0,-0.051973,0.002154,LBN,ESP,711790
2654324,134,71,8169,1996,23079.0,1782.0,-0.67314,-0.241242,MAR,ESP,711790
2654325,138,71,8169,1996,42985.0,6413.0,0.651949,0.9132170000000001,MEX,ESP,711790
2654326,142,71,8169,1996,0.0,7377.0,0.8825440000000001,0.066541,MLT,ESP,711790
2654327,162,71,8169,1996,401518.0,29304.0,1.256625,1.803132,NLD,ESP,711790
2654328,163,71,8169,1996,3023.0,136963.0,1.204869,0.303062,NOR,ESP,711790
2654329,166,71,8169,1996,6156.0,4248.0,0.49466099999999996,0.8302879999999999,NZL,ESP,711790
2654330,167,71,8169,1996,0.0,4571.0,-0.10243499999999998,-0.8425879999999999,OMN,ESP,711790
2654331,169,71,8169,1996,0.0,12194.0,-0.100537,-0.374129,PAN,ESP,711790
2654332,173,71,8169,1996,55814.0,2457.0,-0.43761000000000005,-0.28077399999999997,PER,ESP,711790
2654333,174,71,8169,1996,292050.0,0.0,-0.276548,0.344986,PHL,ESP,711790
2654334,177,71,8169,1996,25521.0,14731.0,0.795489,1.9004729999999999,POL,ESP,711790
2654335,179,71,8169,1996,40732.0,604463.0,0.39343,1.170144,PRT,ESP,711790
2654336,180,71,8169,1996,0.0,3147.0,-0.506178,-0.712851,PRY,ESP,711790
2654337,185,71,8169,1996,0.0,12500.0,0.612035,0.880964,ROU,ESP,711790
2654338,186,71,8169,1996,0.0,170822.0,0.900185,0.47723000000000004,RUS,ESP,711790
2654339,188,71,8169,1996,0.0,16055.0,0.215265,-0.8577309999999999,SAU,ESP,711790
2654340,192,71,8169,1996,6987.0,18128.0,0.8354299999999999,0.41169799999999995,SGP,ESP,711790
2654341,197,71,8169,1996,0.0,5903.0,-0.24968800000000002,-0.121995,SLV,ESP,711790
2654342,206,71,8169,1996,0.0,1320.0,1.189398,1.29167,SVK,ESP,711790
2654343,207,71,8169,1996,0.0,20535.0,1.409184,1.37245,SVN,ESP,711790
2654344,208,71,8169,1996,1108.0,128725.0,2.133781,0.9099889999999999,SWE,ESP,711790
2654345,216,71,8169,1996,82847.0,18366.0,0.10120599999999999,1.351967,THA,ESP,711790
2654346,223,71,8169,1996,0.0,5083.0,-0.28546,-0.089051,TUN,ESP,711790
2654347,224,71,8169,1996,0.0,1944.0,0.156866,1.554023,TUR,ESP,711790
2654348,230,71,8169,1996,0.0,33474.0,0.171541,0.313934,URY,ESP,711790
2654349,231,71,8169,1996,357088.0,615615.0,1.7110560000000001,1.125141,USA,ESP,711790
2654350,236,71,8169,1996,2686.0,41468.0,0.07086100000000001,-0.761307,VEN,ESP,711790
2654351,246,71,8169,1996,1273.0,6093.0,0.456593,1.150786,ZAF,ESP,711790
2654352,249,71,8169,1996,350934.0,27487.0,1.432225,1.675389,TWN,ESP,711790
2654353,15,74,8169,1996,14581.0,2910.0,1.9216669999999998,0.659388,AUT,FIN,711790
2654354,18,74,8169,1996,3358.0,2839.0,1.549312,1.273767,BEL,FIN,711790
2654355,32,74,8169,1996,0.0,1548.0,0.699658,1.271724,BRA,FIN,711790
2654356,39,74,8169,1996,837.0,0.0,1.155706,1.1127049999999998,CAN,FIN,711790
2654357,41,74,8169,1996,0.0,19456.0,2.246238,0.603288,CHE,FIN,711790
2654358,43,74,8169,1996,146522.0,0.0,0.404422,3.061344,CHN,FIN,711790
2654359,59,74,8169,1996,16228.0,0.0,1.401181,1.3094709999999998,CZE,FIN,711790
2654360,61,74,8169,1996,81368.0,190785.0,2.279976,-2.572299,DEU,FIN,711790
2654361,64,74,8169,1996,124457.0,9960.0,1.443514,1.275684,DNK,FIN,711790
2654362,68,74,8169,1996,1059.0,0.0,-0.5446409999999999,-0.229586,EGY,FIN,711790
2654363,71,74,8169,1996,7859.0,3718.0,1.105317,1.9473,ESP,FIN,711790
2654364,72,74,8169,1996,377234.0,32678.0,0.53397,1.0877940000000001,EST,FIN,711790
2654365,77,74,8169,1996,28497.0,1911.0,1.69082,0.721312,FRA,FIN,711790
2654366,81,74,8169,1996,33672.0,4922.0,1.850284,0.883084,GBR,FIN,711790
2654367,90,74,8169,1996,2071.0,0.0,0.271386,1.042608,GRC,FIN,711790
2654368,97,74,8169,1996,43910.0,0.0,0.54364,2.727659,HKG,FIN,711790
2654369,103,74,8169,1996,1396.0,0.0,-0.43199899999999997,1.22074,IDN,FIN,711790
2654370,104,74,8169,1996,17803.0,0.0,0.20685599999999998,2.317622,IND,FIN,711790
2654371,110,74,8169,1996,15996.0,0.0,1.054975,1.072965,ISR,FIN,711790
2654372,111,74,8169,1996,99021.0,0.0,1.4674690000000001,1.263362,ITA,FIN,711790
2654373,114,74,8169,1996,1894.0,13156.0,2.615364,0.5656939999999999,JPN,FIN,711790
2654374,121,74,8169,1996,15609.0,0.0,0.8946940000000001,1.240424,KOR,FIN,711790
2654375,132,74,8169,1996,0.0,12527.0,0.33418600000000004,0.1615,LVA,FIN,711790
2654376,153,74,8169,1996,4548.0,0.0,0.351774,0.347262,MYS,FIN,711790
2654377,162,74,8169,1996,16616.0,20218.0,1.256625,1.803132,NLD,FIN,711790
2654378,163,74,8169,1996,11430.0,20433.0,1.204869,0.303062,NOR,FIN,711790
2654379,173,74,8169,1996,4118.0,0.0,-0.43761000000000005,-0.28077399999999997,PER,FIN,711790
2654380,174,74,8169,1996,53575.0,0.0,-0.276548,0.344986,PHL,FIN,711790
2654381,177,74,8169,1996,1182.0,0.0,0.795489,1.9004729999999999,POL,FIN,711790
2654382,186,74,8169,1996,5173.0,15290.0,0.900185,0.47723000000000004,RUS,FIN,711790
2654383,192,74,8169,1996,0.0,2116.0,0.8354299999999999,0.41169799999999995,SGP,FIN,711790
2654384,208,74,8169,1996,99041.0,68817.0,2.133781,0.9099889999999999,SWE,FIN,711790
2654385,216,74,8169,1996,31059.0,0.0,0.10120599999999999,1.351967,THA,FIN,711790
2654386,223,74,8169,1996,0.0,993.0,-0.28546,-0.089051,TUN,FIN,711790
2654387,231,74,8169,1996,123496.0,16000.0,1.7110560000000001,1.125141,USA,FIN,711790
2654388,249,74,8169,1996,103017.0,0.0,1.432225,1.675389,TWN,FIN,711790
2654389,250,74,8169,1996,2745.0,0.0,1.084978,0.901755,ANS,FIN,711790
2654390,5,77,8169,1996,0.0,32359.0,1.0490059999999999,0.6587189999999999,AND,FRA,711790
2654391,7,77,8169,1996,0.0,178907.0,-0.245358,-0.726695,ARE,FRA,711790
2654392,8,77,8169,1996,9810.0,1682.0,0.167081,0.433612,ARG,FRA,711790
2654393,14,77,8169,1996,13254.0,35276.0,0.369697,0.78069,AUS,FRA,711790
2654394,15,77,8169,1996,203778.0,324256.0,1.9216669999999998,0.659388,AUT,FRA,711790
2654395,18,77,8169,1996,1392057.0,1418845.0,1.549312,1.273767,BEL,FRA,711790
2654396,19,77,8169,1996,0.0,55941.0,-1.0032729999999999,-0.794779,BEN,FRA,711790
2654397,21,77,8169,1996,0.0,2835.0,-0.680996,-0.863442,BFA,FRA,711790
2654398,23,77,8169,1996,0.0,9103.0,0.544265,1.523408,BGR,FRA,711790
2654399,24,77,8169,1996,0.0,26995.0,-0.062207000000000005,-0.840398,BHR,FRA,711790
2654400,25,77,8169,1996,0.0,96364.0,0.363917,-0.380614,BHS,FRA,711790
2654401,31,77,8169,1996,0.0,2464.0,-0.589432,-0.7781,BOL,FRA,711790
2654402,32,77,8169,1996,77806.0,28874.0,0.699658,1.271724,BRA,FRA,711790
2654403,39,77,8169,1996,35625.0,12140.0,1.155706,1.1127049999999998,CAN,FRA,711790
2654404,41,77,8169,1996,196419.0,648933.0,2.246238,0.603288,CHE,FRA,711790
2654405,42,77,8169,1996,2479.0,11636.0,-0.052811000000000004,-0.169464,CHL,FRA,711790
2654406,43,77,8169,1996,2835435.0,54701.0,0.404422,3.061344,CHN,FRA,711790
2654407,44,77,8169,1996,2146.0,8066.0,-0.8720459999999999,-0.7904479999999999,CIV,FRA,711790
2654408,45,77,8169,1996,0.0,21687.0,-1.4036309999999999,-1.090633,CMR,FRA,711790
2654409,46,77,8169,1996,0.0,5891.0,-1.2167,-1.086508,COD,FRA,711790
2654410,47,77,8169,1996,0.0,268.0,-1.522142,-1.165936,COG,FRA,711790
2654411,49,77,8169,1996,22510.0,0.0,0.136487,0.078743,COL,FRA,711790
2654412,50,77,8169,1996,0.0,2109.0,-1.007044,-0.833519,COM,FRA,711790
2654413,52,77,8169,1996,7240.0,159155.0,-0.34219499999999997,0.12221900000000001,CRI,FRA,711790
2654414,58,77,8169,1996,983.0,18328.0,0.20007,0.020590999999999998,CYP,FRA,711790
2654415,59,77,8169,1996,450025.0,77290.0,1.401181,1.3094709999999998,CZE,FRA,711790
2654416,61,77,8169,1996,999623.0,1151959.0,2.279976,-2.572299,DEU,FRA,711790
2654417,62,77,8169,1996,0.0,13913.0,-0.20838099999999998,-0.668964,DJI,FRA,711790
2654418,64,77,8169,1996,8030.0,29697.0,1.443514,1.275684,DNK,FRA,711790
2654419,65,77,8169,1996,1617.0,0.0,-0.596093,-0.5602060000000001,DOM,FRA,711790
2654420,66,77,8169,1996,4938.0,11866.0,-0.33419699999999997,-1.035736,DZA,FRA,711790
2654421,67,77,8169,1996,18221.0,0.0,-1.1391200000000001,-0.992735,ECU,FRA,711790
2654422,68,77,8169,1996,0.0,50354.0,-0.5446409999999999,-0.229586,EGY,FRA,711790
2654423,71,77,8169,1996,186668.0,870894.0,1.105317,1.9473,ESP,FRA,711790
2654424,72,77,8169,1996,0.0,1274.0,0.53397,1.0877940000000001,EST,FRA,711790
2654425,74,77,8169,1996,1911.0,28497.0,2.0584729999999998,1.006908,FIN,FRA,711790
2654426,80,77,8169,1996,0.0,39211.0,-1.693615,-1.174433,GAB,FRA,711790
2654427,81,77,8169,1996,924587.0,1040443.0,1.850284,0.883084,GBR,FRA,711790
2654428,83,77,8169,1996,0.0,6031.0,-1.035244,-0.9834129999999999,GHA,FRA,711790
2654429,90,77,8169,1996,75374.0,138124.0,0.271386,1.042608,GRC,FRA,711790
2654430,93,77,8169,1996,10355.0,4947.0,-0.332901,0.23790300000000003,GTM,FRA,711790
2654431,97,77,8169,1996,633560.0,927476.0,0.54364,2.727659,HKG,FRA,711790
2654432,99,77,8169,1996,0.0,45751.0,-0.69357,-0.48721400000000004,HND,FRA,711790
2654433,100,77,8169,1996,0.0,2999.0,0.772706,1.1075270000000002,HRV,FRA,711790
2654434,102,77,8169,1996,7675.0,29237.0,0.790036,1.891534,HUN,FRA,711790
2654435,103,77,8169,1996,217334.0,19978.0,-0.43199899999999997,1.22074,IDN,FRA,711790
2654436,104,77,8169,1996,533256.0,2401.0,0.20685599999999998,2.317622,IND,FRA,711790
2654437,106,77,8169,1996,20855.0,15869.0,1.386011,0.9232100000000001,IRL,FRA,711790
2654438,109,77,8169,1996,0.0,7176.0,0.003558,-0.551796,ISL,FRA,711790
2654439,110,77,8169,1996,33391.0,247270.0,1.054975,1.072965,ISR,FRA,711790
2654440,111,77,8169,1996,4789161.0,824556.0,1.4674690000000001,1.263362,ITA,FRA,711790
2654441,113,77,8169,1996,0.0,2542.0,0.12203499999999999,-0.41859399999999997,JOR,FRA,711790
2654442,114,77,8169,1996,21748.0,7819152.0,2.615364,0.5656939999999999,JPN,FRA,711790
2654443,115,77,8169,1996,0.0,2741.0,0.48902799999999996,0.154932,KAZ,FRA,711790
2654444,121,77,8169,1996,473203.0,131361.0,0.8946940000000001,1.240424,KOR,FRA,711790
2654445,122,77,8169,1996,0.0,225479.0,-0.27174499999999996,-1.098243,KWT,FRA,711790
2654446,124,77,8169,1996,5163.0,33335.0,-0.051973,0.002154,LBN,FRA,711790
2654447,130,77,8169,1996,3541.0,3677.0,0.40520500000000004,0.9465950000000001,LTU,FRA,711790
2654448,132,77,8169,1996,0.0,1366.0,0.33418600000000004,0.1615,LVA,FRA,711790
2654449,134,77,8169,1996,7974.0,20879.0,-0.67314,-0.241242,MAR,FRA,711790
2654450,136,77,8169,1996,4129.0,4508.0,-1.213619,-0.606686,MDG,FRA,711790
2654451,138,77,8169,1996,17337.0,35047.0,0.651949,0.9132170000000001,MEX,FRA,711790
2654452,140,77,8169,1996,1527.0,0.0,0.316133,0.933068,MKD,FRA,711790
2654453,141,77,8169,1996,0.0,3610.0,-0.987858,-0.9677040000000001,MLI,FRA,711790
2654454,142,77,8169,1996,0.0,2572.0,0.8825440000000001,0.066541,MLT,FRA,711790
2654455,148,77,8169,1996,0.0,4698.0,-1.352902,-1.19204,MRT,FRA,711790
2654456,151,77,8169,1996,71320.0,27622.0,-0.538651,-0.746274,MUS,FRA,711790
2654457,153,77,8169,1996,29770.0,61565.0,0.351774,0.347262,MYS,FRA,711790
2654458,156,77,8169,1996,0.0,33959.0,-0.951583,-0.785157,NCL,FRA,711790
2654459,157,77,8169,1996,0.0,8609.0,-0.594771,-0.643008,NER,FRA,711790
2654460,162,77,8169,1996,261306.0,165563.0,1.256625,1.803132,NLD,FRA,711790
2654461,163,77,8169,1996,0.0,16975.0,1.204869,0.303062,NOR,FRA,711790
2654462,164,77,8169,1996,8171.0,0.0,-0.7390100000000001,-0.647903,NPL,FRA,711790
2654463,166,77,8169,1996,0.0,1591.0,0.49466099999999996,0.8302879999999999,NZL,FRA,711790
2654464,167,77,8169,1996,0.0,65296.0,-0.10243499999999998,-0.8425879999999999,OMN,FRA,711790
2654465,168,77,8169,1996,8785.0,3130.0,-0.7543300000000001,-0.393654,PAK,FRA,711790
2654466,169,77,8169,1996,0.0,11269.0,-0.100537,-0.374129,PAN,FRA,711790
2654467,173,77,8169,1996,90643.0,0.0,-0.43761000000000005,-0.28077399999999997,PER,FRA,711790
2654468,174,77,8169,1996,916863.0,16199.0,-0.276548,0.344986,PHL,FRA,711790
2654469,177,77,8169,1996,112159.0,12172.0,0.795489,1.9004729999999999,POL,FRA,711790
2654470,179,77,8169,1996,17912.0,432669.0,0.39343,1.170144,PRT,FRA,711790
2654471,180,77,8169,1996,0.0,1675.0,-0.506178,-0.712851,PRY,FRA,711790
2654472,182,77,8169,1996,1726.0,42052.0,0.845308,-0.31763,PYF,FRA,711790
2654473,183,77,8169,1996,0.0,29910.0,-0.48203500000000005,-1.117173,QAT,FRA,711790
2654474,186,77,8169,1996,4364.0,185417.0,0.900185,0.47723000000000004,RUS,FRA,711790
2654475,188,77,8169,1996,0.0,237467.0,0.215265,-0.8577309999999999,SAU,FRA,711790
2654476,191,77,8169,1996,0.0,4854.0,-0.619785,-0.712171,SEN,FRA,711790
2654477,192,77,8169,1996,15080.0,118463.0,0.8354299999999999,0.41169799999999995,SGP,FRA,711790
2654478,206,77,8169,1996,0.0,1242.0,1.189398,1.29167,SVK,FRA,711790
2654479,207,77,8169,1996,0.0,5520.0,1.409184,1.37245,SVN,FRA,711790
2654480,208,77,8169,1996,4501.0,40427.0,2.133781,0.9099889999999999,SWE,FRA,711790
2654481,211,77,8169,1996,0.0,1526.0,0.239125,-0.458433,SYC,FRA,711790
2654482,212,77,8169,1996,0.0,30920.0,-1.100666,-0.90038,SYR,FRA,711790
2654483,215,77,8169,1996,2076.0,0.0,-0.9070459999999999,-0.7702399999999999,TGO,FRA,711790
2654484,216,77,8169,1996,1462385.0,41983.0,0.10120599999999999,1.351967,THA,FRA,711790
2654485,223,77,8169,1996,52308.0,86586.0,-0.28546,-0.089051,TUN,FRA,711790
2654486,224,77,8169,1996,4802.0,132558.0,0.156866,1.554023,TUR,FRA,711790
2654487,228,77,8169,1996,0.0,20244.0,0.896537,0.9241459999999999,UKR,FRA,711790
2654488,230,77,8169,1996,0.0,4203.0,0.171541,0.313934,URY,FRA,711790
2654489,231,77,8169,1996,666242.0,813784.0,1.7110560000000001,1.125141,USA,FRA,711790
2654490,236,77,8169,1996,0.0,3280.0,0.07086100000000001,-0.761307,VEN,FRA,711790
2654491,246,77,8169,1996,19549.0,21760.0,0.456593,1.150786,ZAF,FRA,711790
2654492,249,77,8169,1996,479801.0,173998.0,1.432225,1.675389,TWN,FRA,711790
2654493,250,77,8169,1996,25495.0,5864.0,1.084978,0.901755,ANS,FRA,711790
2654494,18,80,8169,1996,17812.0,0.0,1.549312,1.273767,BEL,GAB,711790
2654495,61,80,8169,1996,963.0,0.0,2.279976,-2.572299,DEU,GAB,711790
2654496,77,80,8169,1996,39211.0,0.0,1.69082,0.721312,FRA,GAB,711790
2654497,97,80,8169,1996,2150.0,0.0,0.54364,2.727659,HKG,GAB,711790
2654498,111,80,8169,1996,1582.0,0.0,1.4674690000000001,1.263362,ITA,GAB,711790
2654499,216,80,8169,1996,17965.0,0.0,0.10120599999999999,1.351967,THA,GAB,711790
2654500,231,80,8169,1996,5537.0,0.0,1.7110560000000001,1.125141,USA,GAB,711790
2654501,4,81,8169,1996,607.0,0.0,-0.309992,-0.039541,ALB,GBR,711790
2654502,5,81,8169,1996,0.0,2037.0,1.0490059999999999,0.6587189999999999,AND,GBR,711790
2654503,7,81,8169,1996,13368.0,308440.0,-0.245358,-0.726695,ARE,GBR,711790
2654504,8,81,8169,1996,0.0,21865.0,0.167081,0.433612,ARG,GBR,711790
2654505,14,81,8169,1996,77137.0,88386.0,0.369697,0.78069,AUS,GBR,711790
2654506,15,81,8169,1996,13505.0,123849.0,1.9216669999999998,0.659388,AUT,GBR,711790
2654507,18,81,8169,1996,503727.0,117534.0,1.549312,1.273767,BEL,GBR,711790
2654508,19,81,8169,1996,0.0,24686.0,-1.0032729999999999,-0.794779,BEN,GBR,711790
2654509,23,81,8169,1996,0.0,2928.0,0.544265,1.523408,BGR,GBR,711790
2654510,24,81,8169,1996,0.0,20207.0,-0.062207000000000005,-0.840398,BHR,GBR,711790
2654511,32,81,8169,1996,43300.0,12700.0,0.699658,1.271724,BRA,GBR,711790
2654512,33,81,8169,1996,0.0,3576.0,0.9384979999999999,0.147479,BRB,GBR,711790
2654513,39,81,8169,1996,137464.0,120632.0,1.155706,1.1127049999999998,CAN,GBR,711790
2654514,41,81,8169,1996,236918.0,423621.0,2.246238,0.603288,CHE,GBR,711790
2654515,42,81,8169,1996,2095.0,1103.0,-0.052811000000000004,-0.169464,CHL,GBR,711790
2654516,43,81,8169,1996,645373.0,3771.0,0.404422,3.061344,CHN,GBR,711790
2654517,46,81,8169,1996,0.0,16117.0,-1.2167,-1.086508,COD,GBR,711790
2654518,49,81,8169,1996,0.0,3071.0,0.136487,0.078743,COL,GBR,711790
2654519,58,81,8169,1996,1815.0,171922.0,0.20007,0.020590999999999998,CYP,GBR,711790
2654520,59,81,8169,1996,1336270.0,30789.0,1.401181,1.3094709999999998,CZE,GBR,711790
2654521,61,81,8169,1996,298073.0,1140569.0,2.279976,-2.572299,DEU,GBR,711790
2654522,63,81,8169,1996,0.0,3898.0,0.44934399999999997,-0.023771,DMA,GBR,711790
2654523,64,81,8169,1996,35628.0,140008.0,1.443514,1.275684,DNK,GBR,711790
2654524,67,81,8169,1996,4603.0,0.0,-1.1391200000000001,-0.992735,ECU,GBR,711790
2654525,68,81,8169,1996,29749.0,19061.0,-0.5446409999999999,-0.229586,EGY,GBR,711790
2654526,71,81,8169,1996,84400.0,1053398.0,1.105317,1.9473,ESP,GBR,711790
2654527,72,81,8169,1996,0.0,4507.0,0.53397,1.0877940000000001,EST,GBR,711790
2654528,74,81,8169,1996,4922.0,33672.0,2.0584729999999998,1.006908,FIN,GBR,711790
2654529,77,81,8169,1996,1040443.0,924587.0,1.69082,0.721312,FRA,GBR,711790
2654530,78,81,8169,1996,0.0,3717.0,-0.252693,-0.714691,FRO,GBR,711790
2654531,83,81,8169,1996,740.0,76200.0,-1.035244,-0.9834129999999999,GHA,GBR,711790
2654532,85,81,8169,1996,0.0,16641.0,-1.2641930000000001,-1.1317409999999999,GIN,GBR,711790
2654533,90,81,8169,1996,216877.0,74167.0,0.271386,1.042608,GRC,GBR,711790
2654534,93,81,8169,1996,13148.0,0.0,-0.332901,0.23790300000000003,GTM,GBR,711790
2654535,96,81,8169,1996,0.0,2358.0,-0.567617,-0.766822,GUY,GBR,711790
2654536,97,81,8169,1996,9712682.0,347069.0,0.54364,2.727659,HKG,GBR,711790
2654537,100,81,8169,1996,0.0,1930.0,0.772706,1.1075270000000002,HRV,GBR,711790
2654538,102,81,8169,1996,0.0,3059.0,0.790036,1.891534,HUN,GBR,711790
2654539,103,81,8169,1996,72901.0,0.0,-0.43199899999999997,1.22074,IDN,GBR,711790
2654540,104,81,8169,1996,1052001.0,13043.0,0.20685599999999998,2.317622,IND,GBR,711790
2654541,106,81,8169,1996,68878.0,731572.0,1.386011,0.9232100000000001,IRL,GBR,711790
2654542,109,81,8169,1996,0.0,61496.0,0.003558,-0.551796,ISL,GBR,711790
2654543,110,81,8169,1996,52218.0,63712.0,1.054975,1.072965,ISR,GBR,711790
2654544,111,81,8169,1996,1330046.0,78979.0,1.4674690000000001,1.263362,ITA,GBR,711790
2654545,112,81,8169,1996,0.0,6045.0,-0.6344350000000001,-0.814916,JAM,GBR,711790
2654546,114,81,8169,1996,124508.0,1398044.0,2.615364,0.5656939999999999,JPN,GBR,711790
2654547,116,81,8169,1996,21867.0,6225.0,-0.468322,-0.017625,KEN,GBR,711790
2654548,121,81,8169,1996,539301.0,179468.0,0.8946940000000001,1.240424,KOR,GBR,711790
2654549,122,81,8169,1996,4497.0,50802.0,-0.27174499999999996,-1.098243,KWT,GBR,711790
2654550,124,81,8169,1996,0.0,8973.0,-0.051973,0.002154,LBN,GBR,711790
2654551,128,81,8169,1996,0.0,4490.0,-0.812763,-0.188722,LKA,GBR,711790
2654552,130,81,8169,1996,2370.0,740.0,0.40520500000000004,0.9465950000000001,LTU,GBR,711790
2654553,134,81,8169,1996,2064.0,25118.0,-0.67314,-0.241242,MAR,GBR,711790
2654554,138,81,8169,1996,4759.0,5317.0,0.651949,0.9132170000000001,MEX,GBR,711790
2654555,142,81,8169,1996,0.0,54804.0,0.8825440000000001,0.066541,MLT,GBR,711790
2654556,151,81,8169,1996,55598.0,2619.0,-0.538651,-0.746274,MUS,GBR,711790
2654557,153,81,8169,1996,62633.0,31252.0,0.351774,0.347262,MYS,GBR,711790
2654558,159,81,8169,1996,0.0,579678.0,-1.813359,-1.1967,NGA,GBR,711790
2654559,162,81,8169,1996,211567.0,348792.0,1.256625,1.803132,NLD,GBR,711790
2654560,163,81,8169,1996,2390.0,381568.0,1.204869,0.303062,NOR,GBR,711790
2654561,164,81,8169,1996,19256.0,15939.0,-0.7390100000000001,-0.647903,NPL,GBR,711790
2654562,166,81,8169,1996,26524.0,40771.0,0.49466099999999996,0.8302879999999999,NZL,GBR,711790
2654563,167,81,8169,1996,0.0,6205.0,-0.10243499999999998,-0.8425879999999999,OMN,GBR,711790
2654564,168,81,8169,1996,50647.0,0.0,-0.7543300000000001,-0.393654,PAK,GBR,711790
2654565,173,81,8169,1996,19322.0,1863.0,-0.43761000000000005,-0.28077399999999997,PER,GBR,711790
2654566,174,81,8169,1996,179378.0,5768.0,-0.276548,0.344986,PHL,GBR,711790
2654567,177,81,8169,1996,79778.0,73757.0,0.795489,1.9004729999999999,POL,GBR,711790
2654568,179,81,8169,1996,14892.0,108800.0,0.39343,1.170144,PRT,GBR,711790
2654569,180,81,8169,1996,0.0,901.0,-0.506178,-0.712851,PRY,GBR,711790
2654570,183,81,8169,1996,0.0,2847.0,-0.48203500000000005,-1.117173,QAT,GBR,711790
2654571,185,81,8169,1996,0.0,1272.0,0.612035,0.880964,ROU,GBR,711790
2654572,186,81,8169,1996,1775.0,33848.0,0.900185,0.47723000000000004,RUS,GBR,711790
2654573,188,81,8169,1996,0.0,300167.0,0.215265,-0.8577309999999999,SAU,GBR,711790
2654574,192,81,8169,1996,39239.0,334042.0,0.8354299999999999,0.41169799999999995,SGP,GBR,711790
2654575,194,81,8169,1996,0.0,6333.0,0.500915,-0.40995299999999996,SHN,GBR,711790
2654576,197,81,8169,1996,4975.0,0.0,-0.24968800000000002,-0.121995,SLV,GBR,711790
2654577,207,81,8169,1996,0.0,2487.0,1.409184,1.37245,SVN,GBR,711790
2654578,208,81,8169,1996,15498.0,195725.0,2.133781,0.9099889999999999,SWE,GBR,711790
2654579,211,81,8169,1996,0.0,10996.0,0.239125,-0.458433,SYC,GBR,711790
2654580,215,81,8169,1996,0.0,6087.0,-0.9070459999999999,-0.7702399999999999,TGO,GBR,711790
2654581,216,81,8169,1996,646003.0,6738.0,0.10120599999999999,1.351967,THA,GBR,711790
2654582,221,81,8169,1996,0.0,12344.0,-1.352969,-0.945109,TON,GBR,711790
2654583,222,81,8169,1996,0.0,2569.0,0.19111,-0.488382,TTO,GBR,711790
2654584,223,81,8169,1996,0.0,5878.0,-0.28546,-0.089051,TUN,GBR,711790
2654585,224,81,8169,1996,5033.0,37269.0,0.156866,1.554023,TUR,GBR,711790
2654586,226,81,8169,1996,1658.0,7074.0,-1.391534,-0.907436,TZA,GBR,711790
2654587,227,81,8169,1996,0.0,5746.0,-0.931124,-0.925523,UGA,GBR,711790
2654588,228,81,8169,1996,0.0,2166.0,0.896537,0.9241459999999999,UKR,GBR,711790
2654589,230,81,8169,1996,0.0,1413.0,0.171541,0.313934,URY,GBR,711790
2654590,231,81,8169,1996,4048779.0,1896878.0,1.7110560000000001,1.125141,USA,GBR,711790
2654591,236,81,8169,1996,0.0,1746.0,0.07086100000000001,-0.761307,VEN,GBR,711790
2654592,246,81,8169,1996,122190.0,68408.0,0.456593,1.150786,ZAF,GBR,711790
2654593,247,81,8169,1996,0.0,2556.0,-0.340956,-0.714009,ZMB,GBR,711790
2654594,248,81,8169,1996,3491.0,8314.0,-0.393769,-0.34379,ZWE,GBR,711790
2654595,249,81,8169,1996,3179077.0,186942.0,1.432225,1.675389,TWN,GBR,711790
2654596,250,81,8169,1996,0.0,16274.0,1.084978,0.901755,ANS,GBR,711790
2654597,4,90,8169,1996,0.0,6527.0,-0.309992,-0.039541,ALB,GRC,711790
2654598,7,90,8169,1996,0.0,5107.0,-0.245358,-0.726695,ARE,GRC,711790
2654599,14,90,8169,1996,24844.0,8167.0,0.369697,0.78069,AUS,GRC,711790
2654600,15,90,8169,1996,34146.0,3944.0,1.9216669999999998,0.659388,AUT,GRC,711790
2654601,18,90,8169,1996,144874.0,10415.0,1.549312,1.273767,BEL,GRC,711790
2654602,32,90,8169,1996,1514.0,0.0,0.699658,1.271724,BRA,GRC,711790
2654603,39,90,8169,1996,5935.0,22424.0,1.155706,1.1127049999999998,CAN,GRC,711790
2654604,41,90,8169,1996,5032.0,8549.0,2.246238,0.603288,CHE,GRC,711790
2654605,43,90,8169,1996,35935.0,0.0,0.404422,3.061344,CHN,GRC,711790
2654606,49,90,8169,1996,11420.0,0.0,0.136487,0.078743,COL,GRC,711790
2654607,58,90,8169,1996,0.0,68635.0,0.20007,0.020590999999999998,CYP,GRC,711790
2654608,59,90,8169,1996,36887.0,0.0,1.401181,1.3094709999999998,CZE,GRC,711790
2654609,61,90,8169,1996,42916.0,248530.0,2.279976,-2.572299,DEU,GRC,711790
2654610,64,90,8169,1996,9217.0,10328.0,1.443514,1.275684,DNK,GRC,711790
2654611,71,90,8169,1996,1726.0,52844.0,1.105317,1.9473,ESP,GRC,711790
2654612,74,90,8169,1996,0.0,2071.0,2.0584729999999998,1.006908,FIN,GRC,711790
2654613,77,90,8169,1996,138124.0,75374.0,1.69082,0.721312,FRA,GRC,711790
2654614,81,90,8169,1996,74167.0,216877.0,1.850284,0.883084,GBR,GRC,711790
2654615,97,90,8169,1996,88624.0,0.0,0.54364,2.727659,HKG,GRC,711790
2654616,103,90,8169,1996,53865.0,0.0,-0.43199899999999997,1.22074,IDN,GRC,711790
2654617,104,90,8169,1996,7174.0,0.0,0.20685599999999998,2.317622,IND,GRC,711790
2654618,106,90,8169,1996,0.0,3184.0,1.386011,0.9232100000000001,IRL,GRC,711790
2654619,110,90,8169,1996,0.0,8265.0,1.054975,1.072965,ISR,GRC,711790
2654620,111,90,8169,1996,985664.0,47046.0,1.4674690000000001,1.263362,ITA,GRC,711790
2654621,114,90,8169,1996,0.0,11994.0,2.615364,0.5656939999999999,JPN,GRC,711790
2654622,121,90,8169,1996,53679.0,0.0,0.8946940000000001,1.240424,KOR,GRC,711790
2654623,124,90,8169,1996,0.0,2849.0,-0.051973,0.002154,LBN,GRC,711790
2654624,128,90,8169,1996,7235.0,0.0,-0.812763,-0.188722,LKA,GRC,711790
2654625,162,90,8169,1996,2008.0,28037.0,1.256625,1.803132,NLD,GRC,711790
2654626,163,90,8169,1996,0.0,2357.0,1.204869,0.303062,NOR,GRC,711790
2654627,174,90,8169,1996,42933.0,0.0,-0.276548,0.344986,PHL,GRC,711790
2654628,179,90,8169,1996,11253.0,7548.0,0.39343,1.170144,PRT,GRC,711790
2654629,185,90,8169,1996,0.0,3603.0,0.612035,0.880964,ROU,GRC,711790
2654630,188,90,8169,1996,0.0,2089.0,0.215265,-0.8577309999999999,SAU,GRC,711790
2654631,189,90,8169,1996,0.0,686.0,0.786293,2.20126,SCG,GRC,711790
2654632,192,90,8169,1996,0.0,5609.0,0.8354299999999999,0.41169799999999995,SGP,GRC,711790
2654633,208,90,8169,1996,4461.0,14603.0,2.133781,0.9099889999999999,SWE,GRC,711790
2654634,216,90,8169,1996,99967.0,0.0,0.10120599999999999,1.351967,THA,GRC,711790
2654635,224,90,8169,1996,1675.0,0.0,0.156866,1.554023,TUR,GRC,711790
2654636,231,90,8169,1996,85257.0,500399.0,1.7110560000000001,1.125141,USA,GRC,711790
2654637,248,90,8169,1996,0.0,1046.0,-0.393769,-0.34379,ZWE,GRC,711790
2654638,249,90,8169,1996,28361.0,1260.0,1.432225,1.675389,TWN,GRC,711790
2654639,8,93,8169,1996,0.0,1541.0,0.167081,0.433612,ARG,GTM,711790
2654640,14,93,8169,1996,0.0,1479.0,0.369697,0.78069,AUS,GTM,711790
2654641,15,93,8169,1996,0.0,12867.0,1.9216669999999998,0.659388,AUT,GTM,711790
2654642,39,93,8169,1996,0.0,2116.0,1.155706,1.1127049999999998,CAN,GTM,711790
2654643,49,93,8169,1996,36109.0,0.0,0.136487,0.078743,COL,GTM,711790
2654644,52,93,8169,1996,0.0,97558.0,-0.34219499999999997,0.12221900000000001,CRI,GTM,711790
2654645,61,93,8169,1996,0.0,91809.0,2.279976,-2.572299,DEU,GTM,711790
2654646,64,93,8169,1996,0.0,80398.0,1.443514,1.275684,DNK,GTM,711790
2654647,67,93,8169,1996,0.0,2196.0,-1.1391200000000001,-0.992735,ECU,GTM,711790
2654648,71,93,8169,1996,20965.0,12229.0,1.105317,1.9473,ESP,GTM,711790
2654649,77,93,8169,1996,4947.0,10355.0,1.69082,0.721312,FRA,GTM,711790
2654650,81,93,8169,1996,0.0,13148.0,1.850284,0.883084,GBR,GTM,711790
2654651,97,93,8169,1996,19560.0,0.0,0.54364,2.727659,HKG,GTM,711790
2654652,99,93,8169,1996,29018.0,715017.0,-0.69357,-0.48721400000000004,HND,GTM,711790
2654653,111,93,8169,1996,19554.0,6858.0,1.4674690000000001,1.263362,ITA,GTM,711790
2654654,114,93,8169,1996,1204.0,1750.0,2.615364,0.5656939999999999,JPN,GTM,711790
2654655,121,93,8169,1996,4609.0,1361.0,0.8946940000000001,1.240424,KOR,GTM,711790
2654656,138,93,8169,1996,27804.0,160543.0,0.651949,0.9132170000000001,MEX,GTM,711790
2654657,160,93,8169,1996,0.0,1149.0,-0.767799,-0.737816,NIC,GTM,711790
2654658,162,93,8169,1996,0.0,67046.0,1.256625,1.803132,NLD,GTM,711790
2654659,163,93,8169,1996,0.0,1821.0,1.204869,0.303062,NOR,GTM,711790
2654660,169,93,8169,1996,18713.0,208836.0,-0.100537,-0.374129,PAN,GTM,711790
2654661,179,93,8169,1996,0.0,2319.0,0.39343,1.170144,PRT,GTM,711790
2654662,197,93,8169,1996,1891.0,579966.0,-0.24968800000000002,-0.121995,SLV,GTM,711790
2654663,208,93,8169,1996,0.0,1335.0,2.133781,0.9099889999999999,SWE,GTM,711790
2654664,216,93,8169,1996,5488.0,0.0,0.10120599999999999,1.351967,THA,GTM,711790
2654665,231,93,8169,1996,72205.0,208971.0,1.7110560000000001,1.125141,USA,GTM,711790
2654666,249,93,8169,1996,14286.0,0.0,1.432225,1.675389,TWN,GTM,711790
2654667,250,93,8169,1996,2147.0,2090.0,1.084978,0.901755,ANS,GTM,711790
2654668,0,97,8169,1996,0.0,4779.0,-0.681487,-0.70999,ABW,HKG,711790
2654669,1,97,8169,1996,0.0,36774.0,-0.31642600000000004,-0.620458,AFG,HKG,711790
2654670,6,97,8169,1996,0.0,47140.0,0.29339,-0.572443,ANT,HKG,711790
2654671,7,97,8169,1996,0.0,256124.0,-0.245358,-0.726695,ARE,HKG,711790
2654672,8,97,8169,1996,0.0,148294.0,0.167081,0.433612,ARG,HKG,711790
2654673,14,97,8169,1996,80239.0,394751.0,0.369697,0.78069,AUS,HKG,711790
2654674,15,97,8169,1996,131376.0,318391.0,1.9216669999999998,0.659388,AUT,HKG,711790
2654675,17,97,8169,1996,0.0,2016.0,-0.955951,-0.8721180000000001,BDI,HKG,711790
2654676,18,97,8169,1996,116150.0,50015.0,1.549312,1.273767,BEL,HKG,711790
2654677,19,97,8169,1996,0.0,15918.0,-1.0032729999999999,-0.794779,BEN,HKG,711790
2654678,22,97,8169,1996,0.0,4849.0,-1.060876,-1.05104,BGD,HKG,711790
2654679,24,97,8169,1996,0.0,7237.0,-0.062207000000000005,-0.840398,BHR,HKG,711790
2654680,32,97,8169,1996,13083.0,145214.0,0.699658,1.271724,BRA,HKG,711790
2654681,34,97,8169,1996,0.0,22924.0,-0.848331,-0.779511,BRN,HKG,711790
2654682,39,97,8169,1996,121600.0,362514.0,1.155706,1.1127049999999998,CAN,HKG,711790
2654683,41,97,8169,1996,545571.0,226559.0,2.246238,0.603288,CHE,HKG,711790
2654684,42,97,8169,1996,0.0,28429.0,-0.052811000000000004,-0.169464,CHL,HKG,711790
2654685,43,97,8169,1996,20158548.0,750065.0,0.404422,3.061344,CHN,HKG,711790
2654686,44,97,8169,1996,0.0,2856.0,-0.8720459999999999,-0.7904479999999999,CIV,HKG,711790
2654687,46,97,8169,1996,0.0,38396.0,-1.2167,-1.086508,COD,HKG,711790
2654688,49,97,8169,1996,0.0,44964.0,0.136487,0.078743,COL,HKG,711790
2654689,54,97,8169,1996,0.0,26431.0,-0.555246,-1.0420479999999999,CUB,HKG,711790
2654690,58,97,8169,1996,0.0,94510.0,0.20007,0.020590999999999998,CYP,HKG,711790
2654691,59,97,8169,1996,5822.0,50434.0,1.401181,1.3094709999999998,CZE,HKG,711790
2654692,61,97,8169,1996,546988.0,924591.0,2.279976,-2.572299,DEU,HKG,711790
2654693,62,97,8169,1996,0.0,52271.0,-0.20838099999999998,-0.668964,DJI,HKG,711790
2654694,64,97,8169,1996,280454.0,52350.0,1.443514,1.275684,DNK,HKG,711790
2654695,65,97,8169,1996,0.0,133588.0,-0.596093,-0.5602060000000001,DOM,HKG,711790
2654696,66,97,8169,1996,0.0,30282.0,-0.33419699999999997,-1.035736,DZA,HKG,711790
2654697,67,97,8169,1996,0.0,14869.0,-1.1391200000000001,-0.992735,ECU,HKG,711790
2654698,68,97,8169,1996,525440.0,128715.0,-0.5446409999999999,-0.229586,EGY,HKG,711790
2654699,71,97,8169,1996,37187.0,58221.0,1.105317,1.9473,ESP,HKG,711790
2654700,72,97,8169,1996,0.0,2438.0,0.53397,1.0877940000000001,EST,HKG,711790
2654701,74,97,8169,1996,0.0,43910.0,2.0584729999999998,1.006908,FIN,HKG,711790
2654702,77,97,8169,1996,927476.0,633560.0,1.69082,0.721312,FRA,HKG,711790
2654703,80,97,8169,1996,0.0,2150.0,-1.693615,-1.174433,GAB,HKG,711790
2654704,81,97,8169,1996,347069.0,9712682.0,1.850284,0.883084,GBR,HKG,711790
2654705,83,97,8169,1996,0.0,36849.0,-1.035244,-0.9834129999999999,GHA,HKG,711790
2654706,85,97,8169,1996,0.0,52942.0,-1.2641930000000001,-1.1317409999999999,GIN,HKG,711790
2654707,87,97,8169,1996,0.0,1582.0,-1.028677,-0.8440540000000001,GMB,HKG,711790
2654708,90,97,8169,1996,0.0,88624.0,0.271386,1.042608,GRC,HKG,711790
2654709,93,97,8169,1996,0.0,19560.0,-0.332901,0.23790300000000003,GTM,HKG,711790
2654710,100,97,8169,1996,0.0,7405.0,0.772706,1.1075270000000002,HRV,HKG,711790
2654711,102,97,8169,1996,0.0,191831.0,0.790036,1.891534,HUN,HKG,711790
2654712,103,97,8169,1996,131316.0,119139.0,-0.43199899999999997,1.22074,IDN,HKG,711790
2654713,104,97,8169,1996,331142.0,23745.0,0.20685599999999998,2.317622,IND,HKG,711790
2654714,106,97,8169,1996,66953.0,394892.0,1.386011,0.9232100000000001,IRL,HKG,711790
2654715,107,97,8169,1996,0.0,4166.0,-0.7496649999999999,-1.1173520000000001,IRN,HKG,711790
2654716,109,97,8169,1996,0.0,6218.0,0.003558,-0.551796,ISL,HKG,711790
2654717,110,97,8169,1996,0.0,213829.0,1.054975,1.072965,ISR,HKG,711790
2654718,111,97,8169,1996,243420.0,59009.0,1.4674690000000001,1.263362,ITA,HKG,711790
2654719,113,97,8169,1996,0.0,16406.0,0.12203499999999999,-0.41859399999999997,JOR,HKG,711790
2654720,114,97,8169,1996,315456.0,337552.0,2.615364,0.5656939999999999,JPN,HKG,711790
2654721,116,97,8169,1996,0.0,61276.0,-0.468322,-0.017625,KEN,HKG,711790
2654722,121,97,8169,1996,3787303.0,272645.0,0.8946940000000001,1.240424,KOR,HKG,711790
2654723,122,97,8169,1996,0.0,66723.0,-0.27174499999999996,-1.098243,KWT,HKG,711790
2654724,124,97,8169,1996,0.0,60055.0,-0.051973,0.002154,LBN,HKG,711790
2654725,128,97,8169,1996,0.0,71598.0,-0.812763,-0.188722,LKA,HKG,711790
2654726,130,97,8169,1996,26802.0,0.0,0.40520500000000004,0.9465950000000001,LTU,HKG,711790
2654727,132,97,8169,1996,0.0,1223.0,0.33418600000000004,0.1615,LVA,HKG,711790
2654728,133,97,8169,1996,40580.0,31016.0,-0.23007399999999997,-0.34139400000000003,MAC,HKG,711790
2654729,134,97,8169,1996,0.0,29355.0,-0.67314,-0.241242,MAR,HKG,711790
2654730,138,97,8169,1996,0.0,440927.0,0.651949,0.9132170000000001,MEX,HKG,711790
2654731,140,97,8169,1996,0.0,16800.0,0.316133,0.933068,MKD,HKG,711790
2654732,142,97,8169,1996,0.0,15171.0,0.8825440000000001,0.066541,MLT,HKG,711790
2654733,148,97,8169,1996,0.0,9491.0,-1.352902,-1.19204,MRT,HKG,711790
2654734,151,97,8169,1996,0.0,84912.0,-0.538651,-0.746274,MUS,HKG,711790
2654735,153,97,8169,1996,33761.0,705302.0,0.351774,0.347262,MYS,HKG,711790
2654736,156,97,8169,1996,0.0,4835.0,-0.951583,-0.785157,NCL,HKG,711790
2654737,159,97,8169,1996,0.0,103505.0,-1.813359,-1.1967,NGA,HKG,711790
2654738,162,97,8169,1996,4199.0,998600.0,1.256625,1.803132,NLD,HKG,711790
2654739,163,97,8169,1996,1177.0,2178716.0,1.204869,0.303062,NOR,HKG,711790
2654740,164,97,8169,1996,0.0,184255.0,-0.7390100000000001,-0.647903,NPL,HKG,711790
2654741,166,97,8169,1996,0.0,85281.0,0.49466099999999996,0.8302879999999999,NZL,HKG,711790
2654742,167,97,8169,1996,0.0,19973.0,-0.10243499999999998,-0.8425879999999999,OMN,HKG,711790
2654743,168,97,8169,1996,0.0,37662.0,-0.7543300000000001,-0.393654,PAK,HKG,711790
2654744,169,97,8169,1996,0.0,82421.0,-0.100537,-0.374129,PAN,HKG,711790
2654745,173,97,8169,1996,0.0,8399.0,-0.43761000000000005,-0.28077399999999997,PER,HKG,711790
2654746,174,97,8169,1996,100598.0,164811.0,-0.276548,0.344986,PHL,HKG,711790
2654747,176,97,8169,1996,0.0,2713.0,-2.120746,-1.2199879999999999,PNG,HKG,711790
2654748,177,97,8169,1996,0.0,16661.0,0.795489,1.9004729999999999,POL,HKG,711790
2654749,179,97,8169,1996,0.0,17300.0,0.39343,1.170144,PRT,HKG,711790
2654750,180,97,8169,1996,0.0,19255.0,-0.506178,-0.712851,PRY,HKG,711790
2654751,186,97,8169,1996,0.0,129514.0,0.900185,0.47723000000000004,RUS,HKG,711790
2654752,188,97,8169,1996,8410.0,560840.0,0.215265,-0.8577309999999999,SAU,HKG,711790
2654753,191,97,8169,1996,1611.0,76958.0,-0.619785,-0.712171,SEN,HKG,711790
2654754,192,97,8169,1996,28025.0,1406242.0,0.8354299999999999,0.41169799999999995,SGP,HKG,711790
2654755,197,97,8169,1996,0.0,5023.0,-0.24968800000000002,-0.121995,SLV,HKG,711790
2654756,206,97,8169,1996,4410.0,0.0,1.189398,1.29167,SVK,HKG,711790
2654757,207,97,8169,1996,0.0,7751.0,1.409184,1.37245,SVN,HKG,711790
2654758,208,97,8169,1996,25101.0,489990.0,2.133781,0.9099889999999999,SWE,HKG,711790
2654759,212,97,8169,1996,0.0,1556.0,-1.100666,-0.90038,SYR,HKG,711790
2654760,215,97,8169,1996,1425.0,0.0,-0.9070459999999999,-0.7702399999999999,TGO,HKG,711790
2654761,216,97,8169,1996,328113.0,519632.0,0.10120599999999999,1.351967,THA,HKG,711790
2654762,224,97,8169,1996,0.0,90068.0,0.156866,1.554023,TUR,HKG,711790
2654763,226,97,8169,1996,0.0,6208.0,-1.391534,-0.907436,TZA,HKG,711790
2654764,227,97,8169,1996,0.0,38337.0,-0.931124,-0.925523,UGA,HKG,711790
2654765,230,97,8169,1996,0.0,1508.0,0.171541,0.313934,URY,HKG,711790
2654766,231,97,8169,1996,6453667.0,8063406.0,1.7110560000000001,1.125141,USA,HKG,711790
2654767,236,97,8169,1996,0.0,11132.0,0.07086100000000001,-0.761307,VEN,HKG,711790
2654768,239,97,8169,1996,0.0,35240.0,-0.9336469999999999,-0.10985199999999999,VNM,HKG,711790
2654769,240,97,8169,1996,0.0,3331.0,-0.933351,-0.824783,VUT,HKG,711790
2654770,246,97,8169,1996,1073.0,349145.0,0.456593,1.150786,ZAF,HKG,711790
2654771,249,97,8169,1996,790731.0,1856280.0,1.432225,1.675389,TWN,HKG,711790
2654772,250,97,8169,1996,0.0,57793.0,1.084978,0.901755,ANS,HKG,711790
2654773,41,99,8169,1996,12699.0,0.0,2.246238,0.603288,CHE,HND,711790
2654774,49,99,8169,1996,1007.0,0.0,0.136487,0.078743,COL,HND,711790
2654775,52,99,8169,1996,4450.0,0.0,-0.34219499999999997,0.12221900000000001,CRI,HND,711790
2654776,61,99,8169,1996,0.0,1059.0,2.279976,-2.572299,DEU,HND,711790
2654777,71,99,8169,1996,39822.0,0.0,1.105317,1.9473,ESP,HND,711790
2654778,77,99,8169,1996,45751.0,0.0,1.69082,0.721312,FRA,HND,711790
2654779,93,99,8169,1996,715017.0,29018.0,-0.332901,0.23790300000000003,GTM,HND,711790
2654780,111,99,8169,1996,3683.0,0.0,1.4674690000000001,1.263362,ITA,HND,711790
2654781,138,99,8169,1996,104852.0,0.0,0.651949,0.9132170000000001,MEX,HND,711790
2654782,169,99,8169,1996,25070.0,0.0,-0.100537,-0.374129,PAN,HND,711790
2654783,231,99,8169,1996,19199.0,0.0,1.7110560000000001,1.125141,USA,HND,711790
2654784,14,106,8169,1996,0.0,7473.0,0.369697,0.78069,AUS,IRL,711790
2654785,15,106,8169,1996,3904.0,0.0,1.9216669999999998,0.659388,AUT,IRL,711790
2654786,18,106,8169,1996,19342.0,0.0,1.549312,1.273767,BEL,IRL,711790
2654787,30,106,8169,1996,0.0,4496.0,1.037215,-0.408235,BMU,IRL,711790
2654788,38,106,8169,1996,0.0,18186.0,-1.408316,-0.8695579999999999,CAF,IRL,711790
2654789,39,106,8169,1996,6820.0,3567.0,1.155706,1.1127049999999998,CAN,IRL,711790
2654790,43,106,8169,1996,82212.0,0.0,0.404422,3.061344,CHN,IRL,711790
2654791,58,106,8169,1996,8424.0,1391.0,0.20007,0.020590999999999998,CYP,IRL,711790
2654792,59,106,8169,1996,46530.0,1405.0,1.401181,1.3094709999999998,CZE,IRL,711790
2654793,61,106,8169,1996,21231.0,10549.0,2.279976,-2.572299,DEU,IRL,711790
2654794,71,106,8169,1996,2114.0,0.0,1.105317,1.9473,ESP,IRL,711790
2654795,77,106,8169,1996,15869.0,20855.0,1.69082,0.721312,FRA,IRL,711790
2654796,81,106,8169,1996,731572.0,68878.0,1.850284,0.883084,GBR,IRL,711790
2654797,90,106,8169,1996,3184.0,0.0,0.271386,1.042608,GRC,IRL,711790
2654798,97,106,8169,1996,394892.0,66953.0,0.54364,2.727659,HKG,IRL,711790
2654799,102,106,8169,1996,0.0,47142.0,0.790036,1.891534,HUN,IRL,711790
2654800,103,106,8169,1996,11200.0,0.0,-0.43199899999999997,1.22074,IDN,IRL,711790
2654801,104,106,8169,1996,14606.0,2689.0,0.20685599999999998,2.317622,IND,IRL,711790
2654802,110,106,8169,1996,1895.0,0.0,1.054975,1.072965,ISR,IRL,711790
2654803,111,106,8169,1996,185194.0,0.0,1.4674690000000001,1.263362,ITA,IRL,711790
2654804,114,106,8169,1996,0.0,6765.0,2.615364,0.5656939999999999,JPN,IRL,711790
2654805,121,106,8169,1996,50923.0,0.0,0.8946940000000001,1.240424,KOR,IRL,711790
2654806,138,106,8169,1996,2501.0,0.0,0.651949,0.9132170000000001,MEX,IRL,711790
2654807,162,106,8169,1996,0.0,14830.0,1.256625,1.803132,NLD,IRL,711790
2654808,173,106,8169,1996,22980.0,0.0,-0.43761000000000005,-0.28077399999999997,PER,IRL,711790
2654809,174,106,8169,1996,18407.0,0.0,-0.276548,0.344986,PHL,IRL,711790
2654810,186,106,8169,1996,0.0,18089.0,0.900185,0.47723000000000004,RUS,IRL,711790
2654811,207,106,8169,1996,0.0,29041.0,1.409184,1.37245,SVN,IRL,711790
2654812,216,106,8169,1996,89284.0,0.0,0.10120599999999999,1.351967,THA,IRL,711790
2654813,231,106,8169,1996,270392.0,550103.0,1.7110560000000001,1.125141,USA,IRL,711790
2654814,249,106,8169,1996,31947.0,0.0,1.432225,1.675389,TWN,IRL,711790
2654815,250,106,8169,1996,2448.0,9046.0,1.084978,0.901755,ANS,IRL,711790
2654816,8,110,8169,1996,1393.0,0.0,0.167081,0.433612,ARG,ISR,711790
2654817,14,110,8169,1996,0.0,22624.0,0.369697,0.78069,AUS,ISR,711790
2654818,15,110,8169,1996,36576.0,5956.0,1.9216669999999998,0.659388,AUT,ISR,711790
2654819,18,110,8169,1996,32092.0,4718.0,1.549312,1.273767,BEL,ISR,711790
2654820,32,110,8169,1996,0.0,28075.0,0.699658,1.271724,BRA,ISR,711790
2654821,39,110,8169,1996,0.0,36644.0,1.155706,1.1127049999999998,CAN,ISR,711790
2654822,41,110,8169,1996,7317.0,0.0,2.246238,0.603288,CHE,ISR,711790
2654823,43,110,8169,1996,3442.0,0.0,0.404422,3.061344,CHN,ISR,711790
2654824,49,110,8169,1996,10734.0,0.0,0.136487,0.078743,COL,ISR,711790
2654825,58,110,8169,1996,27221.0,11941.0,0.20007,0.020590999999999998,CYP,ISR,711790
2654826,59,110,8169,1996,14600.0,0.0,1.401181,1.3094709999999998,CZE,ISR,711790
2654827,61,110,8169,1996,50180.0,56110.0,2.279976,-2.572299,DEU,ISR,711790
2654828,64,110,8169,1996,2726.0,13518.0,1.443514,1.275684,DNK,ISR,711790
2654829,68,110,8169,1996,0.0,16115.0,-0.5446409999999999,-0.229586,EGY,ISR,711790
2654830,71,110,8169,1996,183380.0,77004.0,1.105317,1.9473,ESP,ISR,711790
2654831,74,110,8169,1996,0.0,15996.0,2.0584729999999998,1.006908,FIN,ISR,711790
2654832,77,110,8169,1996,247270.0,33391.0,1.69082,0.721312,FRA,ISR,711790
2654833,81,110,8169,1996,63712.0,52218.0,1.850284,0.883084,GBR,ISR,711790
2654834,90,110,8169,1996,8265.0,0.0,0.271386,1.042608,GRC,ISR,711790
2654835,97,110,8169,1996,213829.0,0.0,0.54364,2.727659,HKG,ISR,711790
2654836,104,110,8169,1996,23069.0,2253.0,0.20685599999999998,2.317622,IND,ISR,711790
2654837,106,110,8169,1996,0.0,1895.0,1.386011,0.9232100000000001,IRL,ISR,711790
2654838,111,110,8169,1996,204702.0,8302.0,1.4674690000000001,1.263362,ITA,ISR,711790
2654839,114,110,8169,1996,0.0,31624.0,2.615364,0.5656939999999999,JPN,ISR,711790
2654840,115,110,8169,1996,0.0,98076.0,0.48902799999999996,0.154932,KAZ,ISR,711790
2654841,121,110,8169,1996,3234.0,20995.0,0.8946940000000001,1.240424,KOR,ISR,711790
2654842,132,110,8169,1996,0.0,1753.0,0.33418600000000004,0.1615,LVA,ISR,711790
2654843,138,110,8169,1996,3609.0,0.0,0.651949,0.9132170000000001,MEX,ISR,711790
2654844,162,110,8169,1996,932.0,33150.0,1.256625,1.803132,NLD,ISR,711790
2654845,163,110,8169,1996,0.0,3792.0,1.204869,0.303062,NOR,ISR,711790
2654846,173,110,8169,1996,2813.0,0.0,-0.43761000000000005,-0.28077399999999997,PER,ISR,711790
2654847,174,110,8169,1996,55083.0,0.0,-0.276548,0.344986,PHL,ISR,711790
2654848,179,110,8169,1996,0.0,25556.0,0.39343,1.170144,PRT,ISR,711790
2654849,186,110,8169,1996,0.0,1330282.0,0.900185,0.47723000000000004,RUS,ISR,711790
2654850,192,110,8169,1996,65754.0,0.0,0.8354299999999999,0.41169799999999995,SGP,ISR,711790
2654851,208,110,8169,1996,0.0,17933.0,2.133781,0.9099889999999999,SWE,ISR,711790
2654852,216,110,8169,1996,142470.0,14473.0,0.10120599999999999,1.351967,THA,ISR,711790
2654853,224,110,8169,1996,24796.0,18412.0,0.156866,1.554023,TUR,ISR,711790
2654854,228,110,8169,1996,0.0,381047.0,0.896537,0.9241459999999999,UKR,ISR,711790
2654855,231,110,8169,1996,294138.0,620205.0,1.7110560000000001,1.125141,USA,ISR,711790
2654856,246,110,8169,1996,4704.0,47354.0,0.456593,1.150786,ZAF,ISR,711790
2654857,249,110,8169,1996,3679541.0,1002.0,1.432225,1.675389,TWN,ISR,711790
2654858,250,110,8169,1996,108546.0,13014.0,1.084978,0.901755,ANS,ISR,711790
2654859,4,111,8169,1996,31143.0,51110.0,-0.309992,-0.039541,ALB,ITA,711790
2654860,5,111,8169,1996,0.0,5410.0,1.0490059999999999,0.6587189999999999,AND,ITA,711790
2654861,7,111,8169,1996,0.0,79115.0,-0.245358,-0.726695,ARE,ITA,711790
2654862,8,111,8169,1996,0.0,62334.0,0.167081,0.433612,ARG,ITA,711790
2654863,14,111,8169,1996,0.0,133894.0,0.369697,0.78069,AUS,ITA,711790
2654864,15,111,8169,1996,273905.0,926443.0,1.9216669999999998,0.659388,AUT,ITA,711790
2654865,18,111,8169,1996,16441.0,620187.0,1.549312,1.273767,BEL,ITA,711790
2654866,21,111,8169,1996,0.0,701.0,-0.680996,-0.863442,BFA,ITA,711790
2654867,22,111,8169,1996,4435.0,0.0,-1.060876,-1.05104,BGD,ITA,711790
2654868,23,111,8169,1996,0.0,1639323.0,0.544265,1.523408,BGR,ITA,711790
2654869,26,111,8169,1996,0.0,2842.0,0.679466,0.730425,BIH,ITA,711790
2654870,32,111,8169,1996,11202.0,73709.0,0.699658,1.271724,BRA,ITA,711790
2654871,34,111,8169,1996,0.0,27472.0,-0.848331,-0.779511,BRN,ITA,711790
2654872,38,111,8169,1996,0.0,2062.0,-1.408316,-0.8695579999999999,CAF,ITA,711790
2654873,39,111,8169,1996,7020.0,126076.0,1.155706,1.1127049999999998,CAN,ITA,711790
2654874,41,111,8169,1996,66016.0,1970968.0,2.246238,0.603288,CHE,ITA,711790
2654875,42,111,8169,1996,1213.0,65099.0,-0.052811000000000004,-0.169464,CHL,ITA,711790
2654876,43,111,8169,1996,432390.0,25071.0,0.404422,3.061344,CHN,ITA,711790
2654877,44,111,8169,1996,0.0,6218.0,-0.8720459999999999,-0.7904479999999999,CIV,ITA,711790
2654878,45,111,8169,1996,0.0,28460.0,-1.4036309999999999,-1.090633,CMR,ITA,711790
2654879,49,111,8169,1996,3782.0,102409.0,0.136487,0.078743,COL,ITA,711790
2654880,52,111,8169,1996,944.0,59491.0,-0.34219499999999997,0.12221900000000001,CRI,ITA,711790
2654881,54,111,8169,1996,0.0,15792.0,-0.555246,-1.0420479999999999,CUB,ITA,711790
2654882,58,111,8169,1996,0.0,110691.0,0.20007,0.020590999999999998,CYP,ITA,711790
2654883,59,111,8169,1996,867034.0,18434.0,1.401181,1.3094709999999998,CZE,ITA,711790
2654884,61,111,8169,1996,166308.0,2889533.0,2.279976,-2.572299,DEU,ITA,711790
2654885,62,111,8169,1996,0.0,5190.0,-0.20838099999999998,-0.668964,DJI,ITA,711790
2654886,64,111,8169,1996,4246.0,104618.0,1.443514,1.275684,DNK,ITA,711790
2654887,65,111,8169,1996,1308.0,77813.0,-0.596093,-0.5602060000000001,DOM,ITA,711790
2654888,66,111,8169,1996,0.0,29344.0,-0.33419699999999997,-1.035736,DZA,ITA,711790
2654889,67,111,8169,1996,166536.0,36102.0,-1.1391200000000001,-0.992735,ECU,ITA,711790
2654890,68,111,8169,1996,0.0,122380.0,-0.5446409999999999,-0.229586,EGY,ITA,711790
2654891,71,111,8169,1996,119112.0,1008961.0,1.105317,1.9473,ESP,ITA,711790
2654892,72,111,8169,1996,0.0,2772.0,0.53397,1.0877940000000001,EST,ITA,711790
2654893,73,111,8169,1996,2190.0,46424.0,-1.265383,-1.131925,ETH,ITA,711790
2654894,74,111,8169,1996,0.0,99021.0,2.0584729999999998,1.006908,FIN,ITA,711790
2654895,77,111,8169,1996,824556.0,4789161.0,1.69082,0.721312,FRA,ITA,711790
2654896,80,111,8169,1996,0.0,1582.0,-1.693615,-1.174433,GAB,ITA,711790
2654897,81,111,8169,1996,78979.0,1330046.0,1.850284,0.883084,GBR,ITA,711790
2654898,83,111,8169,1996,0.0,5950.0,-1.035244,-0.9834129999999999,GHA,ITA,711790
2654899,90,111,8169,1996,47046.0,985664.0,0.271386,1.042608,GRC,ITA,711790
2654900,93,111,8169,1996,6858.0,19554.0,-0.332901,0.23790300000000003,GTM,ITA,711790
2654901,97,111,8169,1996,59009.0,243420.0,0.54364,2.727659,HKG,ITA,711790
2654902,99,111,8169,1996,0.0,3683.0,-0.69357,-0.48721400000000004,HND,ITA,711790
2654903,100,111,8169,1996,0.0,333364.0,0.772706,1.1075270000000002,HRV,ITA,711790
2654904,102,111,8169,1996,1258.0,113725.0,0.790036,1.891534,HUN,ITA,711790
2654905,103,111,8169,1996,74276.0,5861.0,-0.43199899999999997,1.22074,IDN,ITA,711790
2654906,104,111,8169,1996,125571.0,0.0,0.20685599999999998,2.317622,IND,ITA,711790
2654907,106,111,8169,1996,0.0,185194.0,1.386011,0.9232100000000001,IRL,ITA,711790
2654908,107,111,8169,1996,0.0,114773.0,-0.7496649999999999,-1.1173520000000001,IRN,ITA,711790
2654909,109,111,8169,1996,0.0,23555.0,0.003558,-0.551796,ISL,ITA,711790
2654910,110,111,8169,1996,8302.0,204702.0,1.054975,1.072965,ISR,ITA,711790
2654911,113,111,8169,1996,0.0,1392.0,0.12203499999999999,-0.41859399999999997,JOR,ITA,711790
2654912,114,111,8169,1996,62452.0,2243003.0,2.615364,0.5656939999999999,JPN,ITA,711790
2654913,116,111,8169,1996,7969.0,1535.0,-0.468322,-0.017625,KEN,ITA,711790
2654914,121,111,8169,1996,46543.0,160094.0,0.8946940000000001,1.240424,KOR,ITA,711790
2654915,122,111,8169,1996,0.0,71559.0,-0.27174499999999996,-1.098243,KWT,ITA,711790
2654916,124,111,8169,1996,0.0,132225.0,-0.051973,0.002154,LBN,ITA,711790
2654917,132,111,8169,1996,0.0,5951.0,0.33418600000000004,0.1615,LVA,ITA,711790
2654918,133,111,8169,1996,2518.0,1804.0,-0.23007399999999997,-0.34139400000000003,MAC,ITA,711790
2654919,134,111,8169,1996,1179.0,62207.0,-0.67314,-0.241242,MAR,ITA,711790
2654920,135,111,8169,1996,0.0,1360.0,0.198427,0.026004000000000003,MDA,ITA,711790
2654921,136,111,8169,1996,0.0,3988.0,-1.213619,-0.606686,MDG,ITA,711790
2654922,138,111,8169,1996,13122.0,54620.0,0.651949,0.9132170000000001,MEX,ITA,711790
2654923,140,111,8169,1996,0.0,1907.0,0.316133,0.933068,MKD,ITA,711790
2654924,142,111,8169,1996,0.0,85154.0,0.8825440000000001,0.066541,MLT,ITA,711790
2654925,151,111,8169,1996,0.0,6485.0,-0.538651,-0.746274,MUS,ITA,711790
2654926,153,111,8169,1996,12745.0,21126.0,0.351774,0.347262,MYS,ITA,711790
2654927,156,111,8169,1996,0.0,11863.0,-0.951583,-0.785157,NCL,ITA,711790
2654928,159,111,8169,1996,0.0,5752.0,-1.813359,-1.1967,NGA,ITA,711790
2654929,162,111,8169,1996,64081.0,561727.0,1.256625,1.803132,NLD,ITA,711790
2654930,163,111,8169,1996,0.0,181145.0,1.204869,0.303062,NOR,ITA,711790
2654931,166,111,8169,1996,0.0,10422.0,0.49466099999999996,0.8302879999999999,NZL,ITA,711790
2654932,167,111,8169,1996,0.0,66218.0,-0.10243499999999998,-0.8425879999999999,OMN,ITA,711790
2654933,168,111,8169,1996,8442.0,0.0,-0.7543300000000001,-0.393654,PAK,ITA,711790
2654934,169,111,8169,1996,0.0,34413.0,-0.100537,-0.374129,PAN,ITA,711790
2654935,173,111,8169,1996,48120.0,11500.0,-0.43761000000000005,-0.28077399999999997,PER,ITA,711790
2654936,174,111,8169,1996,809781.0,48700.0,-0.276548,0.344986,PHL,ITA,711790
2654937,177,111,8169,1996,4859.0,49441.0,0.795489,1.9004729999999999,POL,ITA,711790
2654938,179,111,8169,1996,23109.0,514616.0,0.39343,1.170144,PRT,ITA,711790
2654939,180,111,8169,1996,0.0,29680.0,-0.506178,-0.712851,PRY,ITA,711790
2654940,182,111,8169,1996,0.0,12757.0,0.845308,-0.31763,PYF,ITA,711790
2654941,183,111,8169,1996,0.0,3422.0,-0.48203500000000005,-1.117173,QAT,ITA,711790
2654942,185,111,8169,1996,0.0,36756.0,0.612035,0.880964,ROU,ITA,711790
2654943,186,111,8169,1996,1742.0,91238.0,0.900185,0.47723000000000004,RUS,ITA,711790
2654944,188,111,8169,1996,0.0,111117.0,0.215265,-0.8577309999999999,SAU,ITA,711790
2654945,189,111,8169,1996,0.0,10879.0,0.786293,2.20126,SCG,ITA,711790
2654946,191,111,8169,1996,0.0,8331.0,-0.619785,-0.712171,SEN,ITA,711790
2654947,192,111,8169,1996,0.0,245816.0,0.8354299999999999,0.41169799999999995,SGP,ITA,711790
2654948,197,111,8169,1996,0.0,25057.0,-0.24968800000000002,-0.121995,SLV,ITA,711790
2654949,206,111,8169,1996,38911.0,3726.0,1.189398,1.29167,SVK,ITA,711790
2654950,207,111,8169,1996,16243.0,280519.0,1.409184,1.37245,SVN,ITA,711790
2654951,208,111,8169,1996,1059.0,336459.0,2.133781,0.9099889999999999,SWE,ITA,711790
2654952,212,111,8169,1996,0.0,11137.0,-1.100666,-0.90038,SYR,ITA,711790
2654953,215,111,8169,1996,0.0,979.0,-0.9070459999999999,-0.7702399999999999,TGO,ITA,711790
2654954,216,111,8169,1996,58299.0,8121.0,0.10120599999999999,1.351967,THA,ITA,711790
2654955,223,111,8169,1996,0.0,51772.0,-0.28546,-0.089051,TUN,ITA,711790
2654956,224,111,8169,1996,42549.0,225375.0,0.156866,1.554023,TUR,ITA,711790
2654957,226,111,8169,1996,0.0,922.0,-1.391534,-0.907436,TZA,ITA,711790
2654958,227,111,8169,1996,0.0,1897.0,-0.931124,-0.925523,UGA,ITA,711790
2654959,228,111,8169,1996,0.0,6494.0,0.896537,0.9241459999999999,UKR,ITA,711790
2654960,230,111,8169,1996,0.0,3753.0,0.171541,0.313934,URY,ITA,711790
2654961,231,111,8169,1996,765012.0,3574900.0,1.7110560000000001,1.125141,USA,ITA,711790
2654962,236,111,8169,1996,0.0,74560.0,0.07086100000000001,-0.761307,VEN,ITA,711790
2654963,239,111,8169,1996,14024.0,38601.0,-0.9336469999999999,-0.10985199999999999,VNM,ITA,711790
2654964,246,111,8169,1996,4364.0,47433.0,0.456593,1.150786,ZAF,ITA,711790
2654965,249,111,8169,1996,132855.0,26620.0,1.432225,1.675389,TWN,ITA,711790
2654966,250,111,8169,1996,2451.0,121382.0,1.084978,0.901755,ANS,ITA,711790
2654967,7,121,8169,1996,0.0,6077.0,-0.245358,-0.726695,ARE,KOR,711790
2654968,8,121,8169,1996,0.0,53513.0,0.167081,0.433612,ARG,KOR,711790
2654969,14,121,8169,1996,14537.0,276462.0,0.369697,0.78069,AUS,KOR,711790
2654970,15,121,8169,1996,13029.0,9504.0,1.9216669999999998,0.659388,AUT,KOR,711790
2654971,18,121,8169,1996,25556.0,35036.0,1.549312,1.273767,BEL,KOR,711790
2654972,32,121,8169,1996,0.0,135632.0,0.699658,1.271724,BRA,KOR,711790
2654973,34,121,8169,1996,0.0,82779.0,-0.848331,-0.779511,BRN,KOR,711790
2654974,39,121,8169,1996,2566.0,95491.0,1.155706,1.1127049999999998,CAN,KOR,711790
2654975,41,121,8169,1996,190345.0,23067.0,2.246238,0.603288,CHE,KOR,711790
2654976,42,121,8169,1996,0.0,3610.0,-0.052811000000000004,-0.169464,CHL,KOR,711790
2654977,43,121,8169,1996,776372.0,302794.0,0.404422,3.061344,CHN,KOR,711790
2654978,44,121,8169,1996,0.0,8317.0,-0.8720459999999999,-0.7904479999999999,CIV,KOR,711790
2654979,49,121,8169,1996,1637.0,177327.0,0.136487,0.078743,COL,KOR,711790
2654980,58,121,8169,1996,0.0,34154.0,0.20007,0.020590999999999998,CYP,KOR,711790
2654981,59,121,8169,1996,40215.0,20356.0,1.401181,1.3094709999999998,CZE,KOR,711790
2654982,61,121,8169,1996,195343.0,219827.0,2.279976,-2.572299,DEU,KOR,711790
2654983,64,121,8169,1996,11169.0,53376.0,1.443514,1.275684,DNK,KOR,711790
2654984,66,121,8169,1996,0.0,3918.0,-0.33419699999999997,-1.035736,DZA,KOR,711790
2654985,67,121,8169,1996,0.0,11006.0,-1.1391200000000001,-0.992735,ECU,KOR,711790
2654986,68,121,8169,1996,0.0,19948.0,-0.5446409999999999,-0.229586,EGY,KOR,711790
2654987,71,121,8169,1996,16416.0,62299.0,1.105317,1.9473,ESP,KOR,711790
2654988,74,121,8169,1996,0.0,15609.0,2.0584729999999998,1.006908,FIN,KOR,711790
2654989,77,121,8169,1996,131361.0,473203.0,1.69082,0.721312,FRA,KOR,711790
2654990,81,121,8169,1996,179468.0,539301.0,1.850284,0.883084,GBR,KOR,711790
2654991,83,121,8169,1996,0.0,2232.0,-1.035244,-0.9834129999999999,GHA,KOR,711790
2654992,90,121,8169,1996,0.0,53679.0,0.271386,1.042608,GRC,KOR,711790
2654993,93,121,8169,1996,1361.0,4609.0,-0.332901,0.23790300000000003,GTM,KOR,711790
2654994,97,121,8169,1996,272645.0,3787303.0,0.54364,2.727659,HKG,KOR,711790
2654995,100,121,8169,1996,0.0,6070.0,0.772706,1.1075270000000002,HRV,KOR,711790
2654996,102,121,8169,1996,0.0,39430.0,0.790036,1.891534,HUN,KOR,711790
2654997,103,121,8169,1996,3801.0,1963.0,-0.43199899999999997,1.22074,IDN,KOR,711790
2654998,104,121,8169,1996,12690.0,36197.0,0.20685599999999998,2.317622,IND,KOR,711790
2654999,106,121,8169,1996,0.0,50923.0,1.386011,0.9232100000000001,IRL,KOR,711790
2655000,109,121,8169,1996,0.0,681.0,0.003558,-0.551796,ISL,KOR,711790
2655001,110,121,8169,1996,20995.0,3234.0,1.054975,1.072965,ISR,KOR,711790
2655002,111,121,8169,1996,160094.0,46543.0,1.4674690000000001,1.263362,ITA,KOR,711790
2655003,114,121,8169,1996,246143.0,1159772.0,2.615364,0.5656939999999999,JPN,KOR,711790
2655004,128,121,8169,1996,4376.0,9418.0,-0.812763,-0.188722,LKA,KOR,711790
2655005,130,121,8169,1996,1752.0,0.0,0.40520500000000004,0.9465950000000001,LTU,KOR,711790
2655006,133,121,8169,1996,0.0,1429.0,-0.23007399999999997,-0.34139400000000003,MAC,KOR,711790
2655007,134,121,8169,1996,0.0,2380.0,-0.67314,-0.241242,MAR,KOR,711790
2655008,138,121,8169,1996,2066.0,16400.0,0.651949,0.9132170000000001,MEX,KOR,711790
2655009,142,121,8169,1996,0.0,3779.0,0.8825440000000001,0.066541,MLT,KOR,711790
2655010,153,121,8169,1996,18137.0,9945.0,0.351774,0.347262,MYS,KOR,711790
2655011,162,121,8169,1996,0.0,137191.0,1.256625,1.803132,NLD,KOR,711790
2655012,163,121,8169,1996,0.0,14392.0,1.204869,0.303062,NOR,KOR,711790
2655013,166,121,8169,1996,2052.0,99768.0,0.49466099999999996,0.8302879999999999,NZL,KOR,711790
2655014,167,121,8169,1996,0.0,9148.0,-0.10243499999999998,-0.8425879999999999,OMN,KOR,711790
2655015,173,121,8169,1996,5859.0,48961.0,-0.43761000000000005,-0.28077399999999997,PER,KOR,711790
2655016,174,121,8169,1996,30897.0,6952.0,-0.276548,0.344986,PHL,KOR,711790
2655017,177,121,8169,1996,4897.0,332882.0,0.795489,1.9004729999999999,POL,KOR,711790
2655018,179,121,8169,1996,0.0,42756.0,0.39343,1.170144,PRT,KOR,711790
2655019,180,121,8169,1996,0.0,26503.0,-0.506178,-0.712851,PRY,KOR,711790
2655020,182,121,8169,1996,0.0,545.0,0.845308,-0.31763,PYF,KOR,711790
2655021,186,121,8169,1996,0.0,51439.0,0.900185,0.47723000000000004,RUS,KOR,711790
2655022,188,121,8169,1996,0.0,71588.0,0.215265,-0.8577309999999999,SAU,KOR,711790
2655023,192,121,8169,1996,0.0,101399.0,0.8354299999999999,0.41169799999999995,SGP,KOR,711790
2655024,206,121,8169,1996,0.0,1849.0,1.189398,1.29167,SVK,KOR,711790
2655025,207,121,8169,1996,0.0,41721.0,1.409184,1.37245,SVN,KOR,711790
2655026,208,121,8169,1996,3690.0,85184.0,2.133781,0.9099889999999999,SWE,KOR,711790
2655027,216,121,8169,1996,65608.0,370698.0,0.10120599999999999,1.351967,THA,KOR,711790
2655028,224,121,8169,1996,0.0,26494.0,0.156866,1.554023,TUR,KOR,711790
2655029,231,121,8169,1996,2543244.0,18520814.0,1.7110560000000001,1.125141,USA,KOR,711790
2655030,236,121,8169,1996,0.0,8707.0,0.07086100000000001,-0.761307,VEN,KOR,711790
2655031,239,121,8169,1996,6867.0,0.0,-0.9336469999999999,-0.10985199999999999,VNM,KOR,711790
2655032,246,121,8169,1996,3872.0,19812.0,0.456593,1.150786,ZAF,KOR,711790
2655033,249,121,8169,1996,100260.0,10427.0,1.432225,1.675389,TWN,KOR,711790
2655034,250,121,8169,1996,33478.0,0.0,1.084978,0.901755,ANS,KOR,711790
2655035,8,138,8169,1996,0.0,36294.0,0.167081,0.433612,ARG,MEX,711790
2655036,14,138,8169,1996,0.0,38613.0,0.369697,0.78069,AUS,MEX,711790
2655037,15,138,8169,1996,1133.0,0.0,1.9216669999999998,0.659388,AUT,MEX,711790
2655038,22,138,8169,1996,1252.0,0.0,-1.060876,-1.05104,BGD,MEX,711790
2655039,31,138,8169,1996,0.0,3755.0,-0.589432,-0.7781,BOL,MEX,711790
2655040,32,138,8169,1996,29260.0,16014.0,0.699658,1.271724,BRA,MEX,711790
2655041,39,138,8169,1996,31898.0,71009.0,1.155706,1.1127049999999998,CAN,MEX,711790
2655042,41,138,8169,1996,8380.0,1278.0,2.246238,0.603288,CHE,MEX,711790
2655043,42,138,8169,1996,0.0,16298.0,-0.052811000000000004,-0.169464,CHL,MEX,711790
2655044,43,138,8169,1996,186718.0,0.0,0.404422,3.061344,CHN,MEX,711790
2655045,49,138,8169,1996,55776.0,8959.0,0.136487,0.078743,COL,MEX,711790
2655046,52,138,8169,1996,0.0,14923.0,-0.34219499999999997,0.12221900000000001,CRI,MEX,711790
2655047,54,138,8169,1996,0.0,35095.0,-0.555246,-1.0420479999999999,CUB,MEX,711790
2655048,59,138,8169,1996,31859.0,0.0,1.401181,1.3094709999999998,CZE,MEX,711790
2655049,61,138,8169,1996,160128.0,8105.0,2.279976,-2.572299,DEU,MEX,711790
2655050,64,138,8169,1996,0.0,1480.0,1.443514,1.275684,DNK,MEX,711790
2655051,65,138,8169,1996,0.0,16690.0,-0.596093,-0.5602060000000001,DOM,MEX,711790
2655052,67,138,8169,1996,0.0,15588.0,-1.1391200000000001,-0.992735,ECU,MEX,711790
2655053,71,138,8169,1996,6413.0,42985.0,1.105317,1.9473,ESP,MEX,711790
2655054,77,138,8169,1996,35047.0,17337.0,1.69082,0.721312,FRA,MEX,711790
2655055,81,138,8169,1996,5317.0,4759.0,1.850284,0.883084,GBR,MEX,711790
2655056,93,138,8169,1996,160543.0,27804.0,-0.332901,0.23790300000000003,GTM,MEX,711790
2655057,97,138,8169,1996,440927.0,0.0,0.54364,2.727659,HKG,MEX,711790
2655058,99,138,8169,1996,0.0,104852.0,-0.69357,-0.48721400000000004,HND,MEX,711790
2655059,100,138,8169,1996,0.0,1970.0,0.772706,1.1075270000000002,HRV,MEX,711790
2655060,103,138,8169,1996,4934.0,0.0,-0.43199899999999997,1.22074,IDN,MEX,711790
2655061,104,138,8169,1996,1617.0,0.0,0.20685599999999998,2.317622,IND,MEX,711790
2655062,106,138,8169,1996,0.0,2501.0,1.386011,0.9232100000000001,IRL,MEX,711790
2655063,110,138,8169,1996,0.0,3609.0,1.054975,1.072965,ISR,MEX,711790
2655064,111,138,8169,1996,54620.0,13122.0,1.4674690000000001,1.263362,ITA,MEX,711790
2655065,114,138,8169,1996,6942.0,2838.0,2.615364,0.5656939999999999,JPN,MEX,711790
2655066,121,138,8169,1996,16400.0,2066.0,0.8946940000000001,1.240424,KOR,MEX,711790
2655067,128,138,8169,1996,2310.0,0.0,-0.812763,-0.188722,LKA,MEX,711790
2655068,160,138,8169,1996,0.0,9435.0,-0.767799,-0.737816,NIC,MEX,711790
2655069,162,138,8169,1996,7061.0,29216.0,1.256625,1.803132,NLD,MEX,711790
2655070,163,138,8169,1996,0.0,4457.0,1.204869,0.303062,NOR,MEX,711790
2655071,169,138,8169,1996,0.0,2990.0,-0.100537,-0.374129,PAN,MEX,711790
2655072,173,138,8169,1996,47314.0,318985.0,-0.43761000000000005,-0.28077399999999997,PER,MEX,711790
2655073,174,138,8169,1996,13572.0,0.0,-0.276548,0.344986,PHL,MEX,711790
2655074,178,138,8169,1996,11407.0,0.0,0.725014,1.20189,PRK,MEX,711790
2655075,192,138,8169,1996,0.0,5811.0,0.8354299999999999,0.41169799999999995,SGP,MEX,711790
2655076,197,138,8169,1996,0.0,28267.0,-0.24968800000000002,-0.121995,SLV,MEX,711790
2655077,208,138,8169,1996,0.0,2126.0,2.133781,0.9099889999999999,SWE,MEX,711790
2655078,216,138,8169,1996,3260.0,0.0,0.10120599999999999,1.351967,THA,MEX,711790
2655079,230,138,8169,1996,0.0,2054.0,0.171541,0.313934,URY,MEX,711790
2655080,231,138,8169,1996,1758342.0,1524052.0,1.7110560000000001,1.125141,USA,MEX,711790
2655081,236,138,8169,1996,0.0,12527.0,0.07086100000000001,-0.761307,VEN,MEX,711790
2655082,237,138,8169,1996,0.0,1526.0,0.602529,-0.280171,VGB,MEX,711790
2655083,249,138,8169,1996,157398.0,0.0,1.432225,1.675389,TWN,MEX,711790
2655084,250,138,8169,1996,3060.0,3584.0,1.084978,0.901755,ANS,MEX,711790
2655085,7,153,8169,1996,0.0,18802.0,-0.245358,-0.726695,ARE,MYS,711790
2655086,14,153,8169,1996,3077.0,27043.0,0.369697,0.78069,AUS,MYS,711790
2655087,15,153,8169,1996,6264.0,118711.0,1.9216669999999998,0.659388,AUT,MYS,711790
2655088,18,153,8169,1996,3666.0,0.0,1.549312,1.273767,BEL,MYS,711790
2655089,34,153,8169,1996,0.0,681566.0,-0.848331,-0.779511,BRN,MYS,711790
2655090,39,153,8169,1996,2026.0,3420.0,1.155706,1.1127049999999998,CAN,MYS,711790
2655091,41,153,8169,1996,34769.0,2577.0,2.246238,0.603288,CHE,MYS,711790
2655092,43,153,8169,1996,13206.0,0.0,0.404422,3.061344,CHN,MYS,711790
2655093,61,153,8169,1996,363032.0,13007.0,2.279976,-2.572299,DEU,MYS,711790
2655094,64,153,8169,1996,0.0,6776.0,1.443514,1.275684,DNK,MYS,711790
2655095,74,153,8169,1996,0.0,4548.0,2.0584729999999998,1.006908,FIN,MYS,711790
2655096,77,153,8169,1996,61565.0,29770.0,1.69082,0.721312,FRA,MYS,711790
2655097,81,153,8169,1996,31252.0,62633.0,1.850284,0.883084,GBR,MYS,711790
2655098,97,153,8169,1996,705302.0,33761.0,0.54364,2.727659,HKG,MYS,711790
2655099,103,153,8169,1996,12946.0,24909.0,-0.43199899999999997,1.22074,IDN,MYS,711790
2655100,104,153,8169,1996,124850.0,0.0,0.20685599999999998,2.317622,IND,MYS,711790
2655101,111,153,8169,1996,21126.0,12745.0,1.4674690000000001,1.263362,ITA,MYS,711790
2655102,114,153,8169,1996,4008.0,3682.0,2.615364,0.5656939999999999,JPN,MYS,711790
2655103,116,153,8169,1996,22341.0,0.0,-0.468322,-0.017625,KEN,MYS,711790
2655104,121,153,8169,1996,9945.0,18137.0,0.8946940000000001,1.240424,KOR,MYS,711790
2655105,162,153,8169,1996,20791.0,5939.0,1.256625,1.803132,NLD,MYS,711790
2655106,163,153,8169,1996,0.0,3693.0,1.204869,0.303062,NOR,MYS,711790
2655107,166,153,8169,1996,14320.0,0.0,0.49466099999999996,0.8302879999999999,NZL,MYS,711790
2655108,174,153,8169,1996,19132.0,0.0,-0.276548,0.344986,PHL,MYS,711790
2655109,188,153,8169,1996,0.0,7654.0,0.215265,-0.8577309999999999,SAU,MYS,711790
2655110,192,153,8169,1996,230620.0,44040.0,0.8354299999999999,0.41169799999999995,SGP,MYS,711790
2655111,208,153,8169,1996,1909.0,7093.0,2.133781,0.9099889999999999,SWE,MYS,711790
2655112,216,153,8169,1996,95928.0,116322.0,0.10120599999999999,1.351967,THA,MYS,711790
2655113,231,153,8169,1996,398438.0,180705.0,1.7110560000000001,1.125141,USA,MYS,711790
2655114,232,153,8169,1996,0.0,10343.0,-0.17393499999999998,-0.727476,UZB,MYS,711790
2655115,249,153,8169,1996,585415.0,0.0,1.432225,1.675389,TWN,MYS,711790
2655116,6,162,8169,1996,0.0,4067.0,0.29339,-0.572443,ANT,NLD,711790
2655117,8,162,8169,1996,1994.0,0.0,0.167081,0.433612,ARG,NLD,711790
2655118,14,162,8169,1996,3766.0,16889.0,0.369697,0.78069,AUS,NLD,711790
2655119,15,162,8169,1996,83401.0,57613.0,1.9216669999999998,0.659388,AUT,NLD,711790
2655120,18,162,8169,1996,539432.0,2164876.0,1.549312,1.273767,BEL,NLD,711790
2655121,28,162,8169,1996,0.0,6402.0,0.7285550000000001,0.660716,BLR,NLD,711790
2655122,32,162,8169,1996,4085.0,16499.0,0.699658,1.271724,BRA,NLD,711790
2655123,39,162,8169,1996,20205.0,8376.0,1.155706,1.1127049999999998,CAN,NLD,711790
2655124,41,162,8169,1996,107691.0,28852.0,2.246238,0.603288,CHE,NLD,711790
2655125,42,162,8169,1996,1541.0,0.0,-0.052811000000000004,-0.169464,CHL,NLD,711790
2655126,43,162,8169,1996,102116.0,0.0,0.404422,3.061344,CHN,NLD,711790
2655127,49,162,8169,1996,0.0,1336.0,0.136487,0.078743,COL,NLD,711790
2655128,58,162,8169,1996,0.0,17351.0,0.20007,0.020590999999999998,CYP,NLD,711790
2655129,59,162,8169,1996,141493.0,2357.0,1.401181,1.3094709999999998,CZE,NLD,711790
2655130,61,162,8169,1996,577512.0,2252696.0,2.279976,-2.572299,DEU,NLD,711790
2655131,64,162,8169,1996,79254.0,76054.0,1.443514,1.275684,DNK,NLD,711790
2655132,67,162,8169,1996,5435.0,0.0,-1.1391200000000001,-0.992735,ECU,NLD,711790
2655133,71,162,8169,1996,29304.0,401518.0,1.105317,1.9473,ESP,NLD,711790
2655134,72,162,8169,1996,0.0,4810.0,0.53397,1.0877940000000001,EST,NLD,711790
2655135,74,162,8169,1996,20218.0,16616.0,2.0584729999999998,1.006908,FIN,NLD,711790
2655136,77,162,8169,1996,165563.0,261306.0,1.69082,0.721312,FRA,NLD,711790
2655137,81,162,8169,1996,348792.0,211567.0,1.850284,0.883084,GBR,NLD,711790
2655138,83,162,8169,1996,14889.0,0.0,-1.035244,-0.9834129999999999,GHA,NLD,711790
2655139,90,162,8169,1996,28037.0,2008.0,0.271386,1.042608,GRC,NLD,711790
2655140,93,162,8169,1996,67046.0,0.0,-0.332901,0.23790300000000003,GTM,NLD,711790
2655141,97,162,8169,1996,998600.0,4199.0,0.54364,2.727659,HKG,NLD,711790
2655142,100,162,8169,1996,0.0,3952.0,0.772706,1.1075270000000002,HRV,NLD,711790
2655143,102,162,8169,1996,0.0,17044.0,0.790036,1.891534,HUN,NLD,711790
2655144,103,162,8169,1996,21874.0,0.0,-0.43199899999999997,1.22074,IDN,NLD,711790
2655145,104,162,8169,1996,130830.0,0.0,0.20685599999999998,2.317622,IND,NLD,711790
2655146,106,162,8169,1996,14830.0,0.0,1.386011,0.9232100000000001,IRL,NLD,711790
2655147,109,162,8169,1996,0.0,4231.0,0.003558,-0.551796,ISL,NLD,711790
2655148,110,162,8169,1996,33150.0,932.0,1.054975,1.072965,ISR,NLD,711790
2655149,111,162,8169,1996,561727.0,64081.0,1.4674690000000001,1.263362,ITA,NLD,711790
2655150,114,162,8169,1996,39050.0,6537.0,2.615364,0.5656939999999999,JPN,NLD,711790
2655151,116,162,8169,1996,9884.0,0.0,-0.468322,-0.017625,KEN,NLD,711790
2655152,121,162,8169,1996,137191.0,0.0,0.8946940000000001,1.240424,KOR,NLD,711790
2655153,124,162,8169,1996,0.0,1353.0,-0.051973,0.002154,LBN,NLD,711790
2655154,134,162,8169,1996,912.0,2685.0,-0.67314,-0.241242,MAR,NLD,711790
2655155,138,162,8169,1996,29216.0,7061.0,0.651949,0.9132170000000001,MEX,NLD,711790
2655156,142,162,8169,1996,0.0,1037.0,0.8825440000000001,0.066541,MLT,NLD,711790
2655157,153,162,8169,1996,5939.0,20791.0,0.351774,0.347262,MYS,NLD,711790
2655158,157,162,8169,1996,3153.0,0.0,-0.594771,-0.643008,NER,NLD,711790
2655159,163,162,8169,1996,19139.0,41357.0,1.204869,0.303062,NOR,NLD,711790
2655160,164,162,8169,1996,6406.0,0.0,-0.7390100000000001,-0.647903,NPL,NLD,711790
2655161,167,162,8169,1996,0.0,1169.0,-0.10243499999999998,-0.8425879999999999,OMN,NLD,711790
2655162,168,162,8169,1996,3072.0,0.0,-0.7543300000000001,-0.393654,PAK,NLD,711790
2655163,173,162,8169,1996,9557.0,1437.0,-0.43761000000000005,-0.28077399999999997,PER,NLD,711790
2655164,174,162,8169,1996,413728.0,0.0,-0.276548,0.344986,PHL,NLD,711790
2655165,177,162,8169,1996,12562.0,1353.0,0.795489,1.9004729999999999,POL,NLD,711790
2655166,179,162,8169,1996,4270.0,3183.0,0.39343,1.170144,PRT,NLD,711790
2655167,186,162,8169,1996,0.0,17249.0,0.900185,0.47723000000000004,RUS,NLD,711790
2655168,188,162,8169,1996,0.0,1271.0,0.215265,-0.8577309999999999,SAU,NLD,711790
2655169,192,162,8169,1996,4438.0,6704.0,0.8354299999999999,0.41169799999999995,SGP,NLD,711790
2655170,197,162,8169,1996,0.0,1965.0,-0.24968800000000002,-0.121995,SLV,NLD,711790
2655171,205,162,8169,1996,0.0,4413.0,-0.93463,-0.797197,SUR,NLD,711790
2655172,206,162,8169,1996,0.0,6948.0,1.189398,1.29167,SVK,NLD,711790
2655173,207,162,8169,1996,0.0,1694.0,1.409184,1.37245,SVN,NLD,711790
2655174,208,162,8169,1996,42942.0,16425.0,2.133781,0.9099889999999999,SWE,NLD,711790
2655175,216,162,8169,1996,70238.0,0.0,0.10120599999999999,1.351967,THA,NLD,711790
2655176,224,162,8169,1996,3581.0,19690.0,0.156866,1.554023,TUR,NLD,711790
2655177,231,162,8169,1996,5327030.0,16904.0,1.7110560000000001,1.125141,USA,NLD,711790
2655178,246,162,8169,1996,13699.0,0.0,0.456593,1.150786,ZAF,NLD,711790
2655179,248,162,8169,1996,3749.0,0.0,-0.393769,-0.34379,ZWE,NLD,711790
2655180,249,162,8169,1996,199792.0,72340.0,1.432225,1.675389,TWN,NLD,711790
2655181,14,163,8169,1996,4822.0,0.0,0.369697,0.78069,AUS,NOR,711790
2655182,18,163,8169,1996,11841.0,56907.0,1.549312,1.273767,BEL,NOR,711790
2655183,25,163,8169,1996,0.0,8104.0,0.363917,-0.380614,BHS,NOR,711790
2655184,32,163,8169,1996,1052.0,0.0,0.699658,1.271724,BRA,NOR,711790
2655185,39,163,8169,1996,0.0,1769.0,1.155706,1.1127049999999998,CAN,NOR,711790
2655186,41,163,8169,1996,1165.0,1630.0,2.246238,0.603288,CHE,NOR,711790
2655187,43,163,8169,1996,225926.0,0.0,0.404422,3.061344,CHN,NOR,711790
2655188,59,163,8169,1996,57015.0,0.0,1.401181,1.3094709999999998,CZE,NOR,711790
2655189,61,163,8169,1996,83141.0,17813.0,2.279976,-2.572299,DEU,NOR,711790
2655190,64,163,8169,1996,284386.0,101258.0,1.443514,1.275684,DNK,NOR,711790
2655191,71,163,8169,1996,136963.0,3023.0,1.105317,1.9473,ESP,NOR,711790
2655192,74,163,8169,1996,20433.0,11430.0,2.0584729999999998,1.006908,FIN,NOR,711790
2655193,77,163,8169,1996,16975.0,0.0,1.69082,0.721312,FRA,NOR,711790
2655194,78,163,8169,1996,0.0,1328.0,-0.252693,-0.714691,FRO,NOR,711790
2655195,81,163,8169,1996,381568.0,2390.0,1.850284,0.883084,GBR,NOR,711790
2655196,83,163,8169,1996,1086.0,0.0,-1.035244,-0.9834129999999999,GHA,NOR,711790
2655197,90,163,8169,1996,2357.0,0.0,0.271386,1.042608,GRC,NOR,711790
2655198,93,163,8169,1996,1821.0,0.0,-0.332901,0.23790300000000003,GTM,NOR,711790
2655199,97,163,8169,1996,2178716.0,1177.0,0.54364,2.727659,HKG,NOR,711790
2655200,100,163,8169,1996,0.0,1278.0,0.772706,1.1075270000000002,HRV,NOR,711790
2655201,103,163,8169,1996,23434.0,0.0,-0.43199899999999997,1.22074,IDN,NOR,711790
2655202,104,163,8169,1996,25218.0,0.0,0.20685599999999998,2.317622,IND,NOR,711790
2655203,109,163,8169,1996,0.0,2356.0,0.003558,-0.551796,ISL,NOR,711790
2655204,110,163,8169,1996,3792.0,0.0,1.054975,1.072965,ISR,NOR,711790
2655205,111,163,8169,1996,181145.0,0.0,1.4674690000000001,1.263362,ITA,NOR,711790
2655206,114,163,8169,1996,44529.0,5204.0,2.615364,0.5656939999999999,JPN,NOR,711790
2655207,116,163,8169,1996,1529.0,0.0,-0.468322,-0.017625,KEN,NOR,711790
2655208,121,163,8169,1996,14392.0,0.0,0.8946940000000001,1.240424,KOR,NOR,711790
2655209,130,163,8169,1996,784.0,0.0,0.40520500000000004,0.9465950000000001,LTU,NOR,711790
2655210,134,163,8169,1996,1541.0,0.0,-0.67314,-0.241242,MAR,NOR,711790
2655211,138,163,8169,1996,4457.0,0.0,0.651949,0.9132170000000001,MEX,NOR,711790
2655212,153,163,8169,1996,3693.0,0.0,0.351774,0.347262,MYS,NOR,711790
2655213,162,163,8169,1996,41357.0,19139.0,1.256625,1.803132,NLD,NOR,711790
2655214,168,163,8169,1996,2826.0,0.0,-0.7543300000000001,-0.393654,PAK,NOR,711790
2655215,173,163,8169,1996,3580.0,0.0,-0.43761000000000005,-0.28077399999999997,PER,NOR,711790
2655216,174,163,8169,1996,13737.0,0.0,-0.276548,0.344986,PHL,NOR,711790
2655217,177,163,8169,1996,88088.0,0.0,0.795489,1.9004729999999999,POL,NOR,711790
2655218,179,163,8169,1996,16680.0,0.0,0.39343,1.170144,PRT,NOR,711790
2655219,185,163,8169,1996,5938.0,0.0,0.612035,0.880964,ROU,NOR,711790
2655220,186,163,8169,1996,1538.0,3270.0,0.900185,0.47723000000000004,RUS,NOR,711790
2655221,188,163,8169,1996,1016.0,0.0,0.215265,-0.8577309999999999,SAU,NOR,711790
2655222,208,163,8169,1996,271653.0,117827.0,2.133781,0.9099889999999999,SWE,NOR,711790
2655223,216,163,8169,1996,32370.0,3240.0,0.10120599999999999,1.351967,THA,NOR,711790
2655224,224,163,8169,1996,933.0,0.0,0.156866,1.554023,TUR,NOR,711790
2655225,226,163,8169,1996,3721.0,0.0,-1.391534,-0.907436,TZA,NOR,711790
2655226,231,163,8169,1996,58899.0,13476.0,1.7110560000000001,1.125141,USA,NOR,711790
2655227,249,163,8169,1996,1415545.0,0.0,1.432225,1.675389,TWN,NOR,711790
2655228,250,163,8169,1996,5857.0,0.0,1.084978,0.901755,ANS,NOR,711790
2655229,32,169,8169,1996,0.0,19640.0,0.699658,1.271724,BRA,PAN,711790
2655230,43,169,8169,1996,31213.0,0.0,0.404422,3.061344,CHN,PAN,711790
2655231,49,169,8169,1996,19130.0,2215.0,0.136487,0.078743,COL,PAN,711790
2655232,52,169,8169,1996,0.0,13792.0,-0.34219499999999997,0.12221900000000001,CRI,PAN,711790
2655233,59,169,8169,1996,16012.0,0.0,1.401181,1.3094709999999998,CZE,PAN,711790
2655234,67,169,8169,1996,0.0,91240.0,-1.1391200000000001,-0.992735,ECU,PAN,711790
2655235,71,169,8169,1996,12194.0,0.0,1.105317,1.9473,ESP,PAN,711790
2655236,77,169,8169,1996,11269.0,0.0,1.69082,0.721312,FRA,PAN,711790
2655237,93,169,8169,1996,208836.0,18713.0,-0.332901,0.23790300000000003,GTM,PAN,711790
2655238,97,169,8169,1996,82421.0,0.0,0.54364,2.727659,HKG,PAN,711790
2655239,99,169,8169,1996,0.0,25070.0,-0.69357,-0.48721400000000004,HND,PAN,711790
2655240,104,169,8169,1996,5785.0,0.0,0.20685599999999998,2.317622,IND,PAN,711790
2655241,111,169,8169,1996,34413.0,0.0,1.4674690000000001,1.263362,ITA,PAN,711790
2655242,114,169,8169,1996,2588.0,1769.0,2.615364,0.5656939999999999,JPN,PAN,711790
2655243,138,169,8169,1996,2990.0,0.0,0.651949,0.9132170000000001,MEX,PAN,711790
2655244,160,169,8169,1996,0.0,683.0,-0.767799,-0.737816,NIC,PAN,711790
2655245,173,169,8169,1996,0.0,1291.0,-0.43761000000000005,-0.28077399999999997,PER,PAN,711790
2655246,197,169,8169,1996,0.0,28549.0,-0.24968800000000002,-0.121995,SLV,PAN,711790
2655247,208,169,8169,1996,3602.0,0.0,2.133781,0.9099889999999999,SWE,PAN,711790
2655248,231,169,8169,1996,525738.0,0.0,1.7110560000000001,1.125141,USA,PAN,711790
2655249,236,169,8169,1996,0.0,3194.0,0.07086100000000001,-0.761307,VEN,PAN,711790
2655250,249,169,8169,1996,2440.0,0.0,1.432225,1.675389,TWN,PAN,711790
2655251,250,169,8169,1996,30102.0,0.0,1.084978,0.901755,ANS,PAN,711790
2655252,8,173,8169,1996,0.0,7868.0,0.167081,0.433612,ARG,PER,711790
2655253,14,173,8169,1996,0.0,23593.0,0.369697,0.78069,AUS,PER,711790
2655254,15,173,8169,1996,1711.0,1684.0,1.9216669999999998,0.659388,AUT,PER,711790
2655255,18,173,8169,1996,0.0,9056.0,1.549312,1.273767,BEL,PER,711790
2655256,31,173,8169,1996,0.0,20103.0,-0.589432,-0.7781,BOL,PER,711790
2655257,32,173,8169,1996,6427.0,0.0,0.699658,1.271724,BRA,PER,711790
2655258,39,173,8169,1996,0.0,2126.0,1.155706,1.1127049999999998,CAN,PER,711790
2655259,41,173,8169,1996,0.0,2524.0,2.246238,0.603288,CHE,PER,711790
2655260,42,173,8169,1996,6863.0,192780.0,-0.052811000000000004,-0.169464,CHL,PER,711790
2655261,43,173,8169,1996,191904.0,0.0,0.404422,3.061344,CHN,PER,711790
2655262,49,173,8169,1996,30814.0,133251.0,0.136487,0.078743,COL,PER,711790
2655263,52,173,8169,1996,0.0,2031.0,-0.34219499999999997,0.12221900000000001,CRI,PER,711790
2655264,59,173,8169,1996,7089.0,4744.0,1.401181,1.3094709999999998,CZE,PER,711790
2655265,61,173,8169,1996,21857.0,51574.0,2.279976,-2.572299,DEU,PER,711790
2655266,65,173,8169,1996,0.0,2660.0,-0.596093,-0.5602060000000001,DOM,PER,711790
2655267,71,173,8169,1996,2457.0,55814.0,1.105317,1.9473,ESP,PER,711790
2655268,74,173,8169,1996,0.0,4118.0,2.0584729999999998,1.006908,FIN,PER,711790
2655269,77,173,8169,1996,0.0,90643.0,1.69082,0.721312,FRA,PER,711790
2655270,81,173,8169,1996,1863.0,19322.0,1.850284,0.883084,GBR,PER,711790
2655271,97,173,8169,1996,8399.0,0.0,0.54364,2.727659,HKG,PER,711790
2655272,102,173,8169,1996,0.0,3179.0,0.790036,1.891534,HUN,PER,711790
2655273,104,173,8169,1996,1373.0,0.0,0.20685599999999998,2.317622,IND,PER,711790
2655274,106,173,8169,1996,0.0,22980.0,1.386011,0.9232100000000001,IRL,PER,711790
2655275,110,173,8169,1996,0.0,2813.0,1.054975,1.072965,ISR,PER,711790
2655276,111,173,8169,1996,11500.0,48120.0,1.4674690000000001,1.263362,ITA,PER,711790
2655277,114,173,8169,1996,0.0,22322.0,2.615364,0.5656939999999999,JPN,PER,711790
2655278,121,173,8169,1996,48961.0,5859.0,0.8946940000000001,1.240424,KOR,PER,711790
2655279,138,173,8169,1996,318985.0,47314.0,0.651949,0.9132170000000001,MEX,PER,711790
2655280,162,173,8169,1996,1437.0,9557.0,1.256625,1.803132,NLD,PER,711790
2655281,163,173,8169,1996,0.0,3580.0,1.204869,0.303062,NOR,PER,711790
2655282,166,173,8169,1996,0.0,1971.0,0.49466099999999996,0.8302879999999999,NZL,PER,711790
2655283,169,173,8169,1996,1291.0,0.0,-0.100537,-0.374129,PAN,PER,711790
2655284,177,173,8169,1996,0.0,1942.0,0.795489,1.9004729999999999,POL,PER,711790
2655285,186,173,8169,1996,0.0,2183.0,0.900185,0.47723000000000004,RUS,PER,711790
2655286,231,173,8169,1996,479583.0,1862625.0,1.7110560000000001,1.125141,USA,PER,711790
2655287,236,173,8169,1996,2030.0,6257.0,0.07086100000000001,-0.761307,VEN,PER,711790
2655288,249,173,8169,1996,34569.0,0.0,1.432225,1.675389,TWN,PER,711790
2655289,250,173,8169,1996,0.0,1485.0,1.084978,0.901755,ANS,PER,711790
2655290,7,174,8169,1996,0.0,56609.0,-0.245358,-0.726695,ARE,PHL,711790
2655291,14,174,8169,1996,19511.0,94870.0,0.369697,0.78069,AUS,PHL,711790
2655292,15,174,8169,1996,0.0,24992.0,1.9216669999999998,0.659388,AUT,PHL,711790
2655293,18,174,8169,1996,9831.0,197305.0,1.549312,1.273767,BEL,PHL,711790
2655294,34,174,8169,1996,0.0,1129.0,-0.848331,-0.779511,BRN,PHL,711790
2655295,39,174,8169,1996,0.0,62733.0,1.155706,1.1127049999999998,CAN,PHL,711790
2655296,41,174,8169,1996,0.0,49472.0,2.246238,0.603288,CHE,PHL,711790
2655297,43,174,8169,1996,20686.0,2482.0,0.404422,3.061344,CHN,PHL,711790
2655298,58,174,8169,1996,0.0,1062.0,0.20007,0.020590999999999998,CYP,PHL,711790
2655299,59,174,8169,1996,0.0,72212.0,1.401181,1.3094709999999998,CZE,PHL,711790
2655300,61,174,8169,1996,1292.0,1311750.0,2.279976,-2.572299,DEU,PHL,711790
2655301,64,174,8169,1996,0.0,35308.0,1.443514,1.275684,DNK,PHL,711790
2655302,68,174,8169,1996,0.0,9877.0,-0.5446409999999999,-0.229586,EGY,PHL,711790
2655303,71,174,8169,1996,0.0,292050.0,1.105317,1.9473,ESP,PHL,711790
2655304,74,174,8169,1996,0.0,53575.0,2.0584729999999998,1.006908,FIN,PHL,711790
2655305,75,174,8169,1996,0.0,18551.0,-0.7977,-0.9271879999999999,FJI,PHL,711790
2655306,77,174,8169,1996,16199.0,916863.0,1.69082,0.721312,FRA,PHL,711790
2655307,81,174,8169,1996,5768.0,179378.0,1.850284,0.883084,GBR,PHL,711790
2655308,90,174,8169,1996,0.0,42933.0,0.271386,1.042608,GRC,PHL,711790
2655309,97,174,8169,1996,164811.0,100598.0,0.54364,2.727659,HKG,PHL,711790
2655310,102,174,8169,1996,0.0,3668.0,0.790036,1.891534,HUN,PHL,711790
2655311,103,174,8169,1996,944.0,0.0,-0.43199899999999997,1.22074,IDN,PHL,711790
2655312,106,174,8169,1996,0.0,18407.0,1.386011,0.9232100000000001,IRL,PHL,711790
2655313,109,174,8169,1996,0.0,188.0,0.003558,-0.551796,ISL,PHL,711790
2655314,110,174,8169,1996,0.0,55083.0,1.054975,1.072965,ISR,PHL,711790
2655315,111,174,8169,1996,48700.0,809781.0,1.4674690000000001,1.263362,ITA,PHL,711790
2655316,114,174,8169,1996,13803.0,1165891.0,2.615364,0.5656939999999999,JPN,PHL,711790
2655317,121,174,8169,1996,6952.0,30897.0,0.8946940000000001,1.240424,KOR,PHL,711790
2655318,122,174,8169,1996,0.0,22843.0,-0.27174499999999996,-1.098243,KWT,PHL,711790
2655319,124,174,8169,1996,0.0,7060.0,-0.051973,0.002154,LBN,PHL,711790
2655320,137,174,8169,1996,0.0,4520.0,-1.107903,-1.016442,MDV,PHL,711790
2655321,138,174,8169,1996,0.0,13572.0,0.651949,0.9132170000000001,MEX,PHL,711790
2655322,142,174,8169,1996,0.0,1282.0,0.8825440000000001,0.066541,MLT,PHL,711790
2655323,151,174,8169,1996,0.0,20597.0,-0.538651,-0.746274,MUS,PHL,711790
2655324,153,174,8169,1996,0.0,19132.0,0.351774,0.347262,MYS,PHL,711790
2655325,156,174,8169,1996,0.0,3589.0,-0.951583,-0.785157,NCL,PHL,711790
2655326,162,174,8169,1996,0.0,413728.0,1.256625,1.803132,NLD,PHL,711790
2655327,163,174,8169,1996,0.0,13737.0,1.204869,0.303062,NOR,PHL,711790
2655328,166,174,8169,1996,0.0,41863.0,0.49466099999999996,0.8302879999999999,NZL,PHL,711790
2655329,167,174,8169,1996,0.0,2830.0,-0.10243499999999998,-0.8425879999999999,OMN,PHL,711790
2655330,175,174,8169,1996,0.0,23624.0,-0.095965,-0.703808,PLW,PHL,711790
2655331,177,174,8169,1996,0.0,3716.0,0.795489,1.9004729999999999,POL,PHL,711790
2655332,179,174,8169,1996,0.0,79474.0,0.39343,1.170144,PRT,PHL,711790
2655333,182,174,8169,1996,0.0,1929.0,0.845308,-0.31763,PYF,PHL,711790
2655334,183,174,8169,1996,0.0,20596.0,-0.48203500000000005,-1.117173,QAT,PHL,711790
2655335,188,174,8169,1996,0.0,32877.0,0.215265,-0.8577309999999999,SAU,PHL,711790
2655336,192,174,8169,1996,11661.0,56985.0,0.8354299999999999,0.41169799999999995,SGP,PHL,711790
2655337,206,174,8169,1996,0.0,1211.0,1.189398,1.29167,SVK,PHL,711790
2655338,207,174,8169,1996,0.0,1611.0,1.409184,1.37245,SVN,PHL,711790
2655339,208,174,8169,1996,0.0,51164.0,2.133781,0.9099889999999999,SWE,PHL,711790
2655340,216,174,8169,1996,7649.0,18008.0,0.10120599999999999,1.351967,THA,PHL,711790
2655341,224,174,8169,1996,0.0,16618.0,0.156866,1.554023,TUR,PHL,711790
2655342,231,174,8169,1996,112701.0,3181888.0,1.7110560000000001,1.125141,USA,PHL,711790
2655343,246,174,8169,1996,0.0,4902.0,0.456593,1.150786,ZAF,PHL,711790
2655344,249,174,8169,1996,27527.0,76300.0,1.432225,1.675389,TWN,PHL,711790
2655345,250,174,8169,1996,0.0,96809.0,1.084978,0.901755,ANS,PHL,711790
2655346,2,179,8169,1996,0.0,19005.0,-2.3109900000000003,-1.172849,AGO,PRT,711790
2655347,15,179,8169,1996,10273.0,3853.0,1.9216669999999998,0.659388,AUT,PRT,711790
2655348,18,179,8169,1996,98181.0,4549.0,1.549312,1.273767,BEL,PRT,711790
2655349,32,179,8169,1996,49596.0,54951.0,0.699658,1.271724,BRA,PRT,711790
2655350,39,179,8169,1996,12871.0,4839.0,1.155706,1.1127049999999998,CAN,PRT,711790
2655351,41,179,8169,1996,4479.0,6615.0,2.246238,0.603288,CHE,PRT,711790
2655352,43,179,8169,1996,49680.0,0.0,0.404422,3.061344,CHN,PRT,711790
2655353,47,179,8169,1996,0.0,1073.0,-1.522142,-1.165936,COG,PRT,711790
2655354,49,179,8169,1996,13375.0,0.0,0.136487,0.078743,COL,PRT,711790
2655355,59,179,8169,1996,10088.0,0.0,1.401181,1.3094709999999998,CZE,PRT,711790
2655356,61,179,8169,1996,182834.0,15097.0,2.279976,-2.572299,DEU,PRT,711790
2655357,64,179,8169,1996,8820.0,10512.0,1.443514,1.275684,DNK,PRT,711790
2655358,67,179,8169,1996,1078.0,0.0,-1.1391200000000001,-0.992735,ECU,PRT,711790
2655359,71,179,8169,1996,604463.0,40732.0,1.105317,1.9473,ESP,PRT,711790
2655360,77,179,8169,1996,432669.0,17912.0,1.69082,0.721312,FRA,PRT,711790
2655361,81,179,8169,1996,108800.0,14892.0,1.850284,0.883084,GBR,PRT,711790
2655362,90,179,8169,1996,7548.0,11253.0,0.271386,1.042608,GRC,PRT,711790
2655363,93,179,8169,1996,2319.0,0.0,-0.332901,0.23790300000000003,GTM,PRT,711790
2655364,97,179,8169,1996,17300.0,0.0,0.54364,2.727659,HKG,PRT,711790
2655365,103,179,8169,1996,2509.0,0.0,-0.43199899999999997,1.22074,IDN,PRT,711790
2655366,104,179,8169,1996,4299.0,0.0,0.20685599999999998,2.317622,IND,PRT,711790
2655367,110,179,8169,1996,25556.0,0.0,1.054975,1.072965,ISR,PRT,711790
2655368,111,179,8169,1996,514616.0,23109.0,1.4674690000000001,1.263362,ITA,PRT,711790
2655369,121,179,8169,1996,42756.0,0.0,0.8946940000000001,1.240424,KOR,PRT,711790
2655370,147,179,8169,1996,0.0,79225.0,-1.331264,-1.1260270000000001,MOZ,PRT,711790
2655371,162,179,8169,1996,3183.0,4270.0,1.256625,1.803132,NLD,PRT,711790
2655372,163,179,8169,1996,0.0,16680.0,1.204869,0.303062,NOR,PRT,711790
2655373,164,179,8169,1996,1328.0,0.0,-0.7390100000000001,-0.647903,NPL,PRT,711790
2655374,166,179,8169,1996,1269.0,0.0,0.49466099999999996,0.8302879999999999,NZL,PRT,711790
2655375,174,179,8169,1996,79474.0,0.0,-0.276548,0.344986,PHL,PRT,711790
2655376,177,179,8169,1996,8824.0,0.0,0.795489,1.9004729999999999,POL,PRT,711790
2655377,182,179,8169,1996,0.0,443.0,0.845308,-0.31763,PYF,PRT,711790
2655378,192,179,8169,1996,2979.0,0.0,0.8354299999999999,0.41169799999999995,SGP,PRT,711790
2655379,208,179,8169,1996,3759.0,3018.0,2.133781,0.9099889999999999,SWE,PRT,711790
2655380,216,179,8169,1996,3608.0,0.0,0.10120599999999999,1.351967,THA,PRT,711790
2655381,231,179,8169,1996,18387.0,95834.0,1.7110560000000001,1.125141,USA,PRT,711790
2655382,249,179,8169,1996,23515.0,0.0,1.432225,1.675389,TWN,PRT,711790
2655383,8,180,8169,1996,14665.0,0.0,0.167081,0.433612,ARG,PRY,711790
2655384,31,180,8169,1996,683.0,0.0,-0.589432,-0.7781,BOL,PRY,711790
2655385,32,180,8169,1996,7245.0,0.0,0.699658,1.271724,BRA,PRY,711790
2655386,42,180,8169,1996,3771.0,0.0,-0.052811000000000004,-0.169464,CHL,PRY,711790
2655387,71,180,8169,1996,3147.0,0.0,1.105317,1.9473,ESP,PRY,711790
2655388,77,180,8169,1996,1675.0,0.0,1.69082,0.721312,FRA,PRY,711790
2655389,81,180,8169,1996,901.0,0.0,1.850284,0.883084,GBR,PRY,711790
2655390,97,180,8169,1996,19255.0,0.0,0.54364,2.727659,HKG,PRY,711790
2655391,111,180,8169,1996,29680.0,0.0,1.4674690000000001,1.263362,ITA,PRY,711790
2655392,121,180,8169,1996,26503.0,0.0,0.8946940000000001,1.240424,KOR,PRY,711790
2655393,230,180,8169,1996,0.0,1273.0,0.171541,0.313934,URY,PRY,711790
2655394,231,180,8169,1996,3604.0,0.0,1.7110560000000001,1.125141,USA,PRY,711790
2655395,249,180,8169,1996,33911.0,0.0,1.432225,1.675389,TWN,PRY,711790
2655396,43,190,8169,1996,15479.0,0.0,0.404422,3.061344,CHN,SDN,711790
2655397,68,190,8169,1996,2158.0,0.0,-0.5446409999999999,-0.229586,EGY,SDN,711790
2655398,104,190,8169,1996,36397.0,0.0,0.20685599999999998,2.317622,IND,SDN,711790
2655399,188,190,8169,1996,2716.0,0.0,0.215265,-0.8577309999999999,SAU,SDN,711790
2655400,43,205,8169,1996,1741.0,0.0,0.404422,3.061344,CHN,SUR,711790
2655401,104,205,8169,1996,4874.0,0.0,0.20685599999999998,2.317622,IND,SUR,711790
2655402,162,205,8169,1996,4413.0,0.0,1.256625,1.803132,NLD,SUR,711790
2655403,231,205,8169,1996,5761.0,0.0,1.7110560000000001,1.125141,USA,SUR,711790
2655404,14,208,8169,1996,4553.0,3422.0,0.369697,0.78069,AUS,SWE,711790
2655405,15,208,8169,1996,12835.0,23600.0,1.9216669999999998,0.659388,AUT,SWE,711790
2655406,18,208,8169,1996,34397.0,1215.0,1.549312,1.273767,BEL,SWE,711790
2655407,32,208,8169,1996,1406.0,0.0,0.699658,1.271724,BRA,SWE,711790
2655408,39,208,8169,1996,11552.0,931.0,1.155706,1.1127049999999998,CAN,SWE,711790
2655409,41,208,8169,1996,7470.0,24852.0,2.246238,0.603288,CHE,SWE,711790
2655410,42,208,8169,1996,0.0,1293.0,-0.052811000000000004,-0.169464,CHL,SWE,711790
2655411,43,208,8169,1996,173109.0,0.0,0.404422,3.061344,CHN,SWE,711790
2655412,59,208,8169,1996,82063.0,19490.0,1.401181,1.3094709999999998,CZE,SWE,711790
2655413,61,208,8169,1996,100289.0,114463.0,2.279976,-2.572299,DEU,SWE,711790
2655414,64,208,8169,1996,699686.0,210283.0,1.443514,1.275684,DNK,SWE,711790
2655415,66,208,8169,1996,0.0,2348.0,-0.33419699999999997,-1.035736,DZA,SWE,711790
2655416,67,208,8169,1996,823.0,0.0,-1.1391200000000001,-0.992735,ECU,SWE,711790
2655417,69,208,8169,1996,0.0,5229.0,-0.31049499999999997,-0.656459,ERI,SWE,711790
2655418,71,208,8169,1996,128725.0,1108.0,1.105317,1.9473,ESP,SWE,711790
2655419,72,208,8169,1996,2543.0,3517.0,0.53397,1.0877940000000001,EST,SWE,711790
2655420,73,208,8169,1996,0.0,4386.0,-1.265383,-1.131925,ETH,SWE,711790
2655421,74,208,8169,1996,68817.0,99041.0,2.0584729999999998,1.006908,FIN,SWE,711790
2655422,77,208,8169,1996,40427.0,4501.0,1.69082,0.721312,FRA,SWE,711790
2655423,81,208,8169,1996,195725.0,15498.0,1.850284,0.883084,GBR,SWE,711790
2655424,87,208,8169,1996,0.0,4596.0,-1.028677,-0.8440540000000001,GMB,SWE,711790
2655425,90,208,8169,1996,14603.0,4461.0,0.271386,1.042608,GRC,SWE,711790
2655426,93,208,8169,1996,1335.0,0.0,-0.332901,0.23790300000000003,GTM,SWE,711790
2655427,97,208,8169,1996,489990.0,25101.0,0.54364,2.727659,HKG,SWE,711790
2655428,102,208,8169,1996,2320.0,6837.0,0.790036,1.891534,HUN,SWE,711790
2655429,103,208,8169,1996,7923.0,0.0,-0.43199899999999997,1.22074,IDN,SWE,711790
2655430,104,208,8169,1996,104558.0,0.0,0.20685599999999998,2.317622,IND,SWE,711790
2655431,109,208,8169,1996,0.0,5832.0,0.003558,-0.551796,ISL,SWE,711790
2655432,110,208,8169,1996,17933.0,0.0,1.054975,1.072965,ISR,SWE,711790
2655433,111,208,8169,1996,336459.0,1059.0,1.4674690000000001,1.263362,ITA,SWE,711790
2655434,114,208,8169,1996,272443.0,14530.0,2.615364,0.5656939999999999,JPN,SWE,711790
2655435,116,208,8169,1996,8545.0,0.0,-0.468322,-0.017625,KEN,SWE,711790
2655436,121,208,8169,1996,85184.0,3690.0,0.8946940000000001,1.240424,KOR,SWE,711790
2655437,124,208,8169,1996,0.0,3561.0,-0.051973,0.002154,LBN,SWE,711790
2655438,128,208,8169,1996,1389.0,0.0,-0.812763,-0.188722,LKA,SWE,711790
2655439,130,208,8169,1996,17453.0,1846.0,0.40520500000000004,0.9465950000000001,LTU,SWE,711790
2655440,132,208,8169,1996,0.0,1595.0,0.33418600000000004,0.1615,LVA,SWE,711790
2655441,134,208,8169,1996,5707.0,0.0,-0.67314,-0.241242,MAR,SWE,711790
2655442,138,208,8169,1996,2126.0,0.0,0.651949,0.9132170000000001,MEX,SWE,711790
2655443,141,208,8169,1996,1170.0,0.0,-0.987858,-0.9677040000000001,MLI,SWE,711790
2655444,153,208,8169,1996,7093.0,1909.0,0.351774,0.347262,MYS,SWE,711790
2655445,162,208,8169,1996,16425.0,42942.0,1.256625,1.803132,NLD,SWE,711790
2655446,163,208,8169,1996,117827.0,271653.0,1.204869,0.303062,NOR,SWE,711790
2655447,166,208,8169,1996,4917.0,0.0,0.49466099999999996,0.8302879999999999,NZL,SWE,711790
2655448,168,208,8169,1996,1303.0,0.0,-0.7543300000000001,-0.393654,PAK,SWE,711790
2655449,169,208,8169,1996,0.0,3602.0,-0.100537,-0.374129,PAN,SWE,711790
2655450,174,208,8169,1996,51164.0,0.0,-0.276548,0.344986,PHL,SWE,711790
2655451,177,208,8169,1996,114213.0,2062.0,0.795489,1.9004729999999999,POL,SWE,711790
2655452,179,208,8169,1996,3018.0,3759.0,0.39343,1.170144,PRT,SWE,711790
2655453,186,208,8169,1996,0.0,39600.0,0.900185,0.47723000000000004,RUS,SWE,711790
2655454,188,208,8169,1996,0.0,1033.0,0.215265,-0.8577309999999999,SAU,SWE,711790
2655455,192,208,8169,1996,6200.0,920.0,0.8354299999999999,0.41169799999999995,SGP,SWE,711790
2655456,207,208,8169,1996,0.0,4941.0,1.409184,1.37245,SVN,SWE,711790
2655457,216,208,8169,1996,57566.0,958.0,0.10120599999999999,1.351967,THA,SWE,711790
2655458,224,208,8169,1996,2449.0,0.0,0.156866,1.554023,TUR,SWE,711790
2655459,230,208,8169,1996,1812.0,0.0,0.171541,0.313934,URY,SWE,711790
2655460,231,208,8169,1996,61220.0,31188.0,1.7110560000000001,1.125141,USA,SWE,711790
2655461,246,208,8169,1996,785.0,0.0,0.456593,1.150786,ZAF,SWE,711790
2655462,249,208,8169,1996,463400.0,1604.0,1.432225,1.675389,TWN,SWE,711790
2655463,250,208,8169,1996,4908.0,2628.0,1.084978,0.901755,ANS,SWE,711790
2655464,7,216,8169,1996,0.0,552880.0,-0.245358,-0.726695,ARE,THA,711790
2655465,8,216,8169,1996,0.0,12378.0,0.167081,0.433612,ARG,THA,711790
2655466,14,216,8169,1996,486694.0,446557.0,0.369697,0.78069,AUS,THA,711790
2655467,15,216,8169,1996,8601.0,13848.0,1.9216669999999998,0.659388,AUT,THA,711790
2655468,18,216,8169,1996,2689.0,41449.0,1.549312,1.273767,BEL,THA,711790
2655469,22,216,8169,1996,0.0,38039.0,-1.060876,-1.05104,BGD,THA,711790
2655470,23,216,8169,1996,0.0,9590.0,0.544265,1.523408,BGR,THA,711790
2655471,24,216,8169,1996,0.0,10933.0,-0.062207000000000005,-0.840398,BHR,THA,711790
2655472,31,216,8169,1996,0.0,1257.0,-0.589432,-0.7781,BOL,THA,711790
2655473,32,216,8169,1996,0.0,1502.0,0.699658,1.271724,BRA,THA,711790
2655474,39,216,8169,1996,8366.0,160568.0,1.155706,1.1127049999999998,CAN,THA,711790
2655475,41,216,8169,1996,8395.0,91517.0,2.246238,0.603288,CHE,THA,711790
2655476,42,216,8169,1996,0.0,67210.0,-0.052811000000000004,-0.169464,CHL,THA,711790
2655477,43,216,8169,1996,159108.0,12032.0,0.404422,3.061344,CHN,THA,711790
2655478,46,216,8169,1996,0.0,22425.0,-1.2167,-1.086508,COD,THA,711790
2655479,49,216,8169,1996,0.0,67690.0,0.136487,0.078743,COL,THA,711790
2655480,59,216,8169,1996,2916.0,22406.0,1.401181,1.3094709999999998,CZE,THA,711790
2655481,61,216,8169,1996,131328.0,236610.0,2.279976,-2.572299,DEU,THA,711790
2655482,64,216,8169,1996,0.0,38581.0,1.443514,1.275684,DNK,THA,711790
2655483,66,216,8169,1996,0.0,28828.0,-0.33419699999999997,-1.035736,DZA,THA,711790
2655484,68,216,8169,1996,0.0,7105.0,-0.5446409999999999,-0.229586,EGY,THA,711790
2655485,71,216,8169,1996,18366.0,82847.0,1.105317,1.9473,ESP,THA,711790
2655486,74,216,8169,1996,0.0,31059.0,2.0584729999999998,1.006908,FIN,THA,711790
2655487,75,216,8169,1996,0.0,12153.0,-0.7977,-0.9271879999999999,FJI,THA,711790
2655488,77,216,8169,1996,41983.0,1462385.0,1.69082,0.721312,FRA,THA,711790
2655489,80,216,8169,1996,0.0,17965.0,-1.693615,-1.174433,GAB,THA,711790
2655490,81,216,8169,1996,6738.0,646003.0,1.850284,0.883084,GBR,THA,711790
2655491,90,216,8169,1996,0.0,99967.0,0.271386,1.042608,GRC,THA,711790
2655492,93,216,8169,1996,0.0,5488.0,-0.332901,0.23790300000000003,GTM,THA,711790
2655493,97,216,8169,1996,519632.0,328113.0,0.54364,2.727659,HKG,THA,711790
2655494,102,216,8169,1996,0.0,29621.0,0.790036,1.891534,HUN,THA,711790
2655495,103,216,8169,1996,1779.0,3350.0,-0.43199899999999997,1.22074,IDN,THA,711790
2655496,104,216,8169,1996,11024.0,38481.0,0.20685599999999998,2.317622,IND,THA,711790
2655497,106,216,8169,1996,0.0,89284.0,1.386011,0.9232100000000001,IRL,THA,711790
2655498,110,216,8169,1996,14473.0,142470.0,1.054975,1.072965,ISR,THA,711790
2655499,111,216,8169,1996,8121.0,58299.0,1.4674690000000001,1.263362,ITA,THA,711790
2655500,113,216,8169,1996,0.0,7618.0,0.12203499999999999,-0.41859399999999997,JOR,THA,711790
2655501,114,216,8169,1996,32738.0,164830.0,2.615364,0.5656939999999999,JPN,THA,711790
2655502,116,216,8169,1996,1054.0,1018.0,-0.468322,-0.017625,KEN,THA,711790
2655503,121,216,8169,1996,370698.0,65608.0,0.8946940000000001,1.240424,KOR,THA,711790
2655504,122,216,8169,1996,0.0,43261.0,-0.27174499999999996,-1.098243,KWT,THA,711790
2655505,124,216,8169,1996,0.0,59364.0,-0.051973,0.002154,LBN,THA,711790
2655506,128,216,8169,1996,32953.0,0.0,-0.812763,-0.188722,LKA,THA,711790
2655507,134,216,8169,1996,0.0,2162.0,-0.67314,-0.241242,MAR,THA,711790
2655508,138,216,8169,1996,0.0,3260.0,0.651949,0.9132170000000001,MEX,THA,711790
2655509,142,216,8169,1996,0.0,1828.0,0.8825440000000001,0.066541,MLT,THA,711790
2655510,143,216,8169,1996,0.0,16741.0,-1.556357,-1.078395,MMR,THA,711790
2655511,148,216,8169,1996,0.0,1023.0,-1.352902,-1.19204,MRT,THA,711790
2655512,151,216,8169,1996,0.0,4453.0,-0.538651,-0.746274,MUS,THA,711790
2655513,153,216,8169,1996,116322.0,95928.0,0.351774,0.347262,MYS,THA,711790
2655514,162,216,8169,1996,0.0,70238.0,1.256625,1.803132,NLD,THA,711790
2655515,163,216,8169,1996,3240.0,32370.0,1.204869,0.303062,NOR,THA,711790
2655516,166,216,8169,1996,0.0,19576.0,0.49466099999999996,0.8302879999999999,NZL,THA,711790
2655517,167,216,8169,1996,0.0,3992.0,-0.10243499999999998,-0.8425879999999999,OMN,THA,711790
2655518,168,216,8169,1996,0.0,15252.0,-0.7543300000000001,-0.393654,PAK,THA,711790
2655519,174,216,8169,1996,18008.0,7649.0,-0.276548,0.344986,PHL,THA,711790
2655520,176,216,8169,1996,0.0,6982.0,-2.120746,-1.2199879999999999,PNG,THA,711790
2655521,177,216,8169,1996,0.0,12816.0,0.795489,1.9004729999999999,POL,THA,711790
2655522,178,216,8169,1996,0.0,13293.0,0.725014,1.20189,PRK,THA,711790
2655523,179,216,8169,1996,0.0,3608.0,0.39343,1.170144,PRT,THA,711790
2655524,183,216,8169,1996,0.0,4253.0,-0.48203500000000005,-1.117173,QAT,THA,711790
2655525,186,216,8169,1996,0.0,7874.0,0.900185,0.47723000000000004,RUS,THA,711790
2655526,188,216,8169,1996,0.0,479905.0,0.215265,-0.8577309999999999,SAU,THA,711790
2655527,189,216,8169,1996,0.0,1203.0,0.786293,2.20126,SCG,THA,711790
2655528,192,216,8169,1996,226725.0,294315.0,0.8354299999999999,0.41169799999999995,SGP,THA,711790
2655529,206,216,8169,1996,21285.0,1837.0,1.189398,1.29167,SVK,THA,711790
2655530,208,216,8169,1996,958.0,57566.0,2.133781,0.9099889999999999,SWE,THA,711790
2655531,223,216,8169,1996,0.0,20043.0,-0.28546,-0.089051,TUN,THA,711790
2655532,224,216,8169,1996,0.0,14176.0,0.156866,1.554023,TUR,THA,711790
2655533,231,216,8169,1996,89003.0,1743354.0,1.7110560000000001,1.125141,USA,THA,711790
2655534,243,216,8169,1996,0.0,1944.0,-1.304556,-1.200523,YEM,THA,711790
2655535,246,216,8169,1996,0.0,7507.0,0.456593,1.150786,ZAF,THA,711790
2655536,249,216,8169,1996,200442.0,158173.0,1.432225,1.675389,TWN,THA,711790
2655537,63,222,8169,1996,0.0,2020.0,0.44934399999999997,-0.023771,DMA,TTO,711790
2655538,81,222,8169,1996,2569.0,0.0,1.850284,0.883084,GBR,TTO,711790
2655539,104,222,8169,1996,713.0,0.0,0.20685599999999998,2.317622,IND,TTO,711790
2655540,114,222,8169,1996,2251.0,0.0,2.615364,0.5656939999999999,JPN,TTO,711790
2655541,231,222,8169,1996,0.0,1466.0,1.7110560000000001,1.125141,USA,TTO,711790
2655542,4,224,8169,1996,0.0,1599.0,-0.309992,-0.039541,ALB,TUR,711790
2655543,7,224,8169,1996,11776.0,0.0,-0.245358,-0.726695,ARE,TUR,711790
2655544,8,224,8169,1996,957.0,0.0,0.167081,0.433612,ARG,TUR,711790
2655545,14,224,8169,1996,0.0,5713.0,0.369697,0.78069,AUS,TUR,711790
2655546,15,224,8169,1996,6897.0,0.0,1.9216669999999998,0.659388,AUT,TUR,711790
2655547,18,224,8169,1996,17510.0,0.0,1.549312,1.273767,BEL,TUR,711790
2655548,28,224,8169,1996,0.0,12626.0,0.7285550000000001,0.660716,BLR,TUR,711790
2655549,39,224,8169,1996,0.0,6240.0,1.155706,1.1127049999999998,CAN,TUR,711790
2655550,41,224,8169,1996,2662.0,7431.0,2.246238,0.603288,CHE,TUR,711790
2655551,43,224,8169,1996,162877.0,0.0,0.404422,3.061344,CHN,TUR,711790
2655552,46,224,8169,1996,1716.0,0.0,-1.2167,-1.086508,COD,TUR,711790
2655553,59,224,8169,1996,17810.0,4441.0,1.401181,1.3094709999999998,CZE,TUR,711790
2655554,61,224,8169,1996,22831.0,21603.0,2.279976,-2.572299,DEU,TUR,711790
2655555,66,224,8169,1996,0.0,4649.0,-0.33419699999999997,-1.035736,DZA,TUR,711790
2655556,68,224,8169,1996,4763.0,12077.0,-0.5446409999999999,-0.229586,EGY,TUR,711790
2655557,71,224,8169,1996,1944.0,0.0,1.105317,1.9473,ESP,TUR,711790
2655558,77,224,8169,1996,132558.0,4802.0,1.69082,0.721312,FRA,TUR,711790
2655559,81,224,8169,1996,37269.0,5033.0,1.850284,0.883084,GBR,TUR,711790
2655560,90,224,8169,1996,0.0,1675.0,0.271386,1.042608,GRC,TUR,711790
2655561,97,224,8169,1996,90068.0,0.0,0.54364,2.727659,HKG,TUR,711790
2655562,100,224,8169,1996,0.0,15765.0,0.772706,1.1075270000000002,HRV,TUR,711790
2655563,104,224,8169,1996,3712.0,0.0,0.20685599999999998,2.317622,IND,TUR,711790
2655564,110,224,8169,1996,18412.0,24796.0,1.054975,1.072965,ISR,TUR,711790
2655565,111,224,8169,1996,225375.0,42549.0,1.4674690000000001,1.263362,ITA,TUR,711790
2655566,113,224,8169,1996,0.0,2480.0,0.12203499999999999,-0.41859399999999997,JOR,TUR,711790
2655567,114,224,8169,1996,5174.0,2734.0,2.615364,0.5656939999999999,JPN,TUR,711790
2655568,121,224,8169,1996,26494.0,0.0,0.8946940000000001,1.240424,KOR,TUR,711790
2655569,122,224,8169,1996,0.0,4700.0,-0.27174499999999996,-1.098243,KWT,TUR,711790
2655570,124,224,8169,1996,0.0,12422.0,-0.051973,0.002154,LBN,TUR,711790
2655571,130,224,8169,1996,0.0,2934.0,0.40520500000000004,0.9465950000000001,LTU,TUR,711790
2655572,140,224,8169,1996,0.0,4332.0,0.316133,0.933068,MKD,TUR,711790
2655573,162,224,8169,1996,19690.0,3581.0,1.256625,1.803132,NLD,TUR,711790
2655574,163,224,8169,1996,0.0,933.0,1.204869,0.303062,NOR,TUR,711790
2655575,168,224,8169,1996,12016.0,0.0,-0.7543300000000001,-0.393654,PAK,TUR,711790
2655576,174,224,8169,1996,16618.0,0.0,-0.276548,0.344986,PHL,TUR,711790
2655577,177,224,8169,1996,17531.0,3705.0,0.795489,1.9004729999999999,POL,TUR,711790
2655578,186,224,8169,1996,0.0,5372.0,0.900185,0.47723000000000004,RUS,TUR,711790
2655579,188,224,8169,1996,0.0,6296.0,0.215265,-0.8577309999999999,SAU,TUR,711790
2655580,189,224,8169,1996,0.0,813.0,0.786293,2.20126,SCG,TUR,711790
2655581,206,224,8169,1996,0.0,5379.0,1.189398,1.29167,SVK,TUR,711790
2655582,208,224,8169,1996,0.0,2449.0,2.133781,0.9099889999999999,SWE,TUR,711790
2655583,216,224,8169,1996,14176.0,0.0,0.10120599999999999,1.351967,THA,TUR,711790
2655584,219,224,8169,1996,0.0,1701.0,-0.756087,-1.160548,TKM,TUR,711790
2655585,228,224,8169,1996,8519.0,0.0,0.896537,0.9241459999999999,UKR,TUR,711790
2655586,231,224,8169,1996,15226.0,41381.0,1.7110560000000001,1.125141,USA,TUR,711790
2655587,232,224,8169,1996,0.0,2653.0,-0.17393499999999998,-0.727476,UZB,TUR,711790
2655588,246,224,8169,1996,0.0,2148.0,0.456593,1.150786,ZAF,TUR,711790
2655589,249,224,8169,1996,83667.0,0.0,1.432225,1.675389,TWN,TUR,711790
2655590,250,224,8169,1996,0.0,8285.0,1.084978,0.901755,ANS,TUR,711790
2655591,8,230,8169,1996,10654.0,0.0,0.167081,0.433612,ARG,URY,711790
2655592,18,230,8169,1996,0.0,1732.0,1.549312,1.273767,BEL,URY,711790
2655593,32,230,8169,1996,1918.0,4592.0,0.699658,1.271724,BRA,URY,711790
2655594,41,230,8169,1996,3979.0,0.0,2.246238,0.603288,CHE,URY,711790
2655595,61,230,8169,1996,46116.0,0.0,2.279976,-2.572299,DEU,URY,711790
2655596,64,230,8169,1996,2337.0,0.0,1.443514,1.275684,DNK,URY,711790
2655597,71,230,8169,1996,33474.0,0.0,1.105317,1.9473,ESP,URY,711790
2655598,77,230,8169,1996,4203.0,0.0,1.69082,0.721312,FRA,URY,711790
2655599,81,230,8169,1996,1413.0,0.0,1.850284,0.883084,GBR,URY,711790
2655600,97,230,8169,1996,1508.0,0.0,0.54364,2.727659,HKG,URY,711790
2655601,104,230,8169,1996,1070.0,0.0,0.20685599999999998,2.317622,IND,URY,711790
2655602,111,230,8169,1996,3753.0,0.0,1.4674690000000001,1.263362,ITA,URY,711790
2655603,114,230,8169,1996,4108.0,0.0,2.615364,0.5656939999999999,JPN,URY,711790
2655604,138,230,8169,1996,2054.0,0.0,0.651949,0.9132170000000001,MEX,URY,711790
2655605,180,230,8169,1996,1273.0,0.0,-0.506178,-0.712851,PRY,URY,711790
2655606,208,230,8169,1996,0.0,1812.0,2.133781,0.9099889999999999,SWE,URY,711790
2655607,231,230,8169,1996,3797.0,0.0,1.7110560000000001,1.125141,USA,URY,711790
2655608,249,230,8169,1996,38000.0,0.0,1.432225,1.675389,TWN,URY,711790
2655609,0,231,8169,1996,0.0,109791.0,-0.681487,-0.70999,ABW,USA,711790
2655610,5,231,8169,1996,0.0,543.0,1.0490059999999999,0.6587189999999999,AND,USA,711790
2655611,6,231,8169,1996,0.0,2378470.0,0.29339,-0.572443,ANT,USA,711790
2655612,7,231,8169,1996,0.0,236328.0,-0.245358,-0.726695,ARE,USA,711790
2655613,8,231,8169,1996,1358.0,570456.0,0.167081,0.433612,ARG,USA,711790
2655614,14,231,8169,1996,65205.0,764952.0,0.369697,0.78069,AUS,USA,711790
2655615,15,231,8169,1996,314144.0,214338.0,1.9216669999999998,0.659388,AUT,USA,711790
2655616,18,231,8169,1996,11884.0,124972.0,1.549312,1.273767,BEL,USA,711790
2655617,19,231,8169,1996,2647.0,0.0,-1.0032729999999999,-0.794779,BEN,USA,711790
2655618,21,231,8169,1996,0.0,449.0,-0.680996,-0.863442,BFA,USA,711790
2655619,24,231,8169,1996,0.0,58845.0,-0.062207000000000005,-0.840398,BHR,USA,711790
2655620,25,231,8169,1996,0.0,140305.0,0.363917,-0.380614,BHS,USA,711790
2655621,29,231,8169,1996,0.0,11209.0,-0.341173,-0.670063,BLZ,USA,711790
2655622,30,231,8169,1996,0.0,207881.0,1.037215,-0.408235,BMU,USA,711790
2655623,31,231,8169,1996,0.0,13056.0,-0.589432,-0.7781,BOL,USA,711790
2655624,32,231,8169,1996,211859.0,783998.0,0.699658,1.271724,BRA,USA,711790
2655625,33,231,8169,1996,0.0,66799.0,0.9384979999999999,0.147479,BRB,USA,711790
2655626,39,231,8169,1996,2721394.0,4601118.0,1.155706,1.1127049999999998,CAN,USA,711790
2655627,41,231,8169,1996,497529.0,689488.0,2.246238,0.603288,CHE,USA,711790
2655628,42,231,8169,1996,23563.0,97080.0,-0.052811000000000004,-0.169464,CHL,USA,711790
2655629,43,231,8169,1996,64073196.0,126351.0,0.404422,3.061344,CHN,USA,711790
2655630,44,231,8169,1996,0.0,1691.0,-0.8720459999999999,-0.7904479999999999,CIV,USA,711790
2655631,45,231,8169,1996,1387.0,4468.0,-1.4036309999999999,-1.090633,CMR,USA,711790
2655632,46,231,8169,1996,4215.0,0.0,-1.2167,-1.086508,COD,USA,711790
2655633,49,231,8169,1996,218632.0,2784333.0,0.136487,0.078743,COL,USA,711790
2655634,52,231,8169,1996,12851.0,144365.0,-0.34219499999999997,0.12221900000000001,CRI,USA,711790
2655635,57,231,8169,1996,0.0,111167.0,0.532622,-0.428501,CYM,USA,711790
2655636,58,231,8169,1996,0.0,170294.0,0.20007,0.020590999999999998,CYP,USA,711790
2655637,59,231,8169,1996,2047198.0,38212.0,1.401181,1.3094709999999998,CZE,USA,711790
2655638,61,231,8169,1996,188843.0,2249489.0,2.279976,-2.572299,DEU,USA,711790
2655639,63,231,8169,1996,0.0,7715.0,0.44934399999999997,-0.023771,DMA,USA,711790
2655640,64,231,8169,1996,36036.0,131098.0,1.443514,1.275684,DNK,USA,711790
2655641,65,231,8169,1996,1804130.0,69504.0,-0.596093,-0.5602060000000001,DOM,USA,711790
2655642,66,231,8169,1996,0.0,1211.0,-0.33419699999999997,-1.035736,DZA,USA,711790
2655643,67,231,8169,1996,6229.0,93886.0,-1.1391200000000001,-0.992735,ECU,USA,711790
2655644,68,231,8169,1996,10897.0,18070.0,-0.5446409999999999,-0.229586,EGY,USA,711790
2655645,69,231,8169,1996,1409.0,0.0,-0.31049499999999997,-0.656459,ERI,USA,711790
2655646,71,231,8169,1996,615615.0,357088.0,1.105317,1.9473,ESP,USA,711790
2655647,72,231,8169,1996,1139.0,14703.0,0.53397,1.0877940000000001,EST,USA,711790
2655648,74,231,8169,1996,16000.0,123496.0,2.0584729999999998,1.006908,FIN,USA,711790
2655649,77,231,8169,1996,813784.0,666242.0,1.69082,0.721312,FRA,USA,711790
2655650,80,231,8169,1996,0.0,5537.0,-1.693615,-1.174433,GAB,USA,711790
2655651,81,231,8169,1996,1896878.0,4048779.0,1.850284,0.883084,GBR,USA,711790
2655652,83,231,8169,1996,3882.0,1289.0,-1.035244,-0.9834129999999999,GHA,USA,711790
2655653,85,231,8169,1996,0.0,3211.0,-1.2641930000000001,-1.1317409999999999,GIN,USA,711790
2655654,90,231,8169,1996,500399.0,85257.0,0.271386,1.042608,GRC,USA,711790
2655655,91,231,8169,1996,0.0,1971.0,0.285534,-0.37242600000000003,GRD,USA,711790
2655656,93,231,8169,1996,208971.0,72205.0,-0.332901,0.23790300000000003,GTM,USA,711790
2655657,97,231,8169,1996,8063406.0,6453667.0,0.54364,2.727659,HKG,USA,711790
2655658,99,231,8169,1996,0.0,19199.0,-0.69357,-0.48721400000000004,HND,USA,711790
2655659,101,231,8169,1996,11186.0,3326.0,-0.865218,-0.723441,HTI,USA,711790
2655660,102,231,8169,1996,7856.0,4342.0,0.790036,1.891534,HUN,USA,711790
2655661,103,231,8169,1996,358740.0,18828.0,-0.43199899999999997,1.22074,IDN,USA,711790
2655662,104,231,8169,1996,5954794.0,59066.0,0.20685599999999998,2.317622,IND,USA,711790
2655663,106,231,8169,1996,550103.0,270392.0,1.386011,0.9232100000000001,IRL,USA,711790
2655664,109,231,8169,1996,3686.0,32123.0,0.003558,-0.551796,ISL,USA,711790
2655665,110,231,8169,1996,620205.0,294138.0,1.054975,1.072965,ISR,USA,711790
2655666,111,231,8169,1996,3574900.0,765012.0,1.4674690000000001,1.263362,ITA,USA,711790
2655667,112,231,8169,1996,0.0,42177.0,-0.6344350000000001,-0.814916,JAM,USA,711790
2655668,113,231,8169,1996,0.0,4249.0,0.12203499999999999,-0.41859399999999997,JOR,USA,711790
2655669,114,231,8169,1996,5760478.0,11275816.0,2.615364,0.5656939999999999,JPN,USA,711790
2655670,116,231,8169,1996,119736.0,0.0,-0.468322,-0.017625,KEN,USA,711790
2655671,120,231,8169,1996,0.0,5731.0,0.546384,-0.463373,KNA,USA,711790
2655672,121,231,8169,1996,18520814.0,2543244.0,0.8946940000000001,1.240424,KOR,USA,711790
2655673,122,231,8169,1996,0.0,24134.0,-0.27174499999999996,-1.098243,KWT,USA,711790
2655674,124,231,8169,1996,2014.0,80676.0,-0.051973,0.002154,LBN,USA,711790
2655675,127,231,8169,1996,0.0,3747.0,0.016224000000000002,-0.664312,LCA,USA,711790
2655676,128,231,8169,1996,9096.0,4202.0,-0.812763,-0.188722,LKA,USA,711790
2655677,130,231,8169,1996,1091.0,981.0,0.40520500000000004,0.9465950000000001,LTU,USA,711790
2655678,132,231,8169,1996,0.0,14824.0,0.33418600000000004,0.1615,LVA,USA,711790
2655679,133,231,8169,1996,1519.0,0.0,-0.23007399999999997,-0.34139400000000003,MAC,USA,711790
2655680,134,231,8169,1996,28195.0,4563.0,-0.67314,-0.241242,MAR,USA,711790
2655681,138,231,8169,1996,1524052.0,1758342.0,0.651949,0.9132170000000001,MEX,USA,711790
2655682,142,231,8169,1996,0.0,25988.0,0.8825440000000001,0.066541,MLT,USA,711790
2655683,151,231,8169,1996,14714.0,6034.0,-0.538651,-0.746274,MUS,USA,711790
2655684,153,231,8169,1996,180705.0,398438.0,0.351774,0.347262,MYS,USA,711790
2655685,157,231,8169,1996,2287.0,0.0,-0.594771,-0.643008,NER,USA,711790
2655686,159,231,8169,1996,1331.0,2338.0,-1.813359,-1.1967,NGA,USA,711790
2655687,160,231,8169,1996,0.0,71976.0,-0.767799,-0.737816,NIC,USA,711790
2655688,162,231,8169,1996,16904.0,5327030.0,1.256625,1.803132,NLD,USA,711790
2655689,163,231,8169,1996,13476.0,58899.0,1.204869,0.303062,NOR,USA,711790
2655690,164,231,8169,1996,19378.0,0.0,-0.7390100000000001,-0.647903,NPL,USA,711790
2655691,166,231,8169,1996,16295.0,325640.0,0.49466099999999996,0.8302879999999999,NZL,USA,711790
2655692,167,231,8169,1996,0.0,3694.0,-0.10243499999999998,-0.8425879999999999,OMN,USA,711790
2655693,168,231,8169,1996,20098.0,0.0,-0.7543300000000001,-0.393654,PAK,USA,711790
2655694,169,231,8169,1996,0.0,525738.0,-0.100537,-0.374129,PAN,USA,711790
2655695,173,231,8169,1996,1862625.0,479583.0,-0.43761000000000005,-0.28077399999999997,PER,USA,711790
2655696,174,231,8169,1996,3181888.0,112701.0,-0.276548,0.344986,PHL,USA,711790
2655697,177,231,8169,1996,234730.0,64858.0,0.795489,1.9004729999999999,POL,USA,711790
2655698,179,231,8169,1996,95834.0,18387.0,0.39343,1.170144,PRT,USA,711790
2655699,180,231,8169,1996,0.0,3604.0,-0.506178,-0.712851,PRY,USA,711790
2655700,182,231,8169,1996,8313.0,13696.0,0.845308,-0.31763,PYF,USA,711790
2655701,183,231,8169,1996,0.0,66464.0,-0.48203500000000005,-1.117173,QAT,USA,711790
2655702,185,231,8169,1996,0.0,12948.0,0.612035,0.880964,ROU,USA,711790
2655703,186,231,8169,1996,57969.0,72750.0,0.900185,0.47723000000000004,RUS,USA,711790
2655704,188,231,8169,1996,0.0,59334.0,0.215265,-0.8577309999999999,SAU,USA,711790
2655705,191,231,8169,1996,0.0,24940.0,-0.619785,-0.712171,SEN,USA,711790
2655706,192,231,8169,1996,14169.0,2503561.0,0.8354299999999999,0.41169799999999995,SGP,USA,711790
2655707,197,231,8169,1996,68866.0,16205.0,-0.24968800000000002,-0.121995,SLV,USA,711790
2655708,205,231,8169,1996,0.0,5761.0,-0.93463,-0.797197,SUR,USA,711790
2655709,206,231,8169,1996,177863.0,1923.0,1.189398,1.29167,SVK,USA,711790
2655710,207,231,8169,1996,0.0,2381.0,1.409184,1.37245,SVN,USA,711790
2655711,208,231,8169,1996,31188.0,61220.0,2.133781,0.9099889999999999,SWE,USA,711790
2655712,212,231,8169,1996,1466.0,0.0,-1.100666,-0.90038,SYR,USA,711790
2655713,213,231,8169,1996,0.0,12977.0,-0.371632,-0.7145560000000001,TCA,USA,711790
2655714,216,231,8169,1996,1743354.0,89003.0,0.10120599999999999,1.351967,THA,USA,711790
2655715,222,231,8169,1996,1466.0,0.0,0.19111,-0.488382,TTO,USA,711790
2655716,224,231,8169,1996,41381.0,15226.0,0.156866,1.554023,TUR,USA,711790
2655717,228,231,8169,1996,0.0,9392.0,0.896537,0.9241459999999999,UKR,USA,711790
2655718,230,231,8169,1996,0.0,3797.0,0.171541,0.313934,URY,USA,711790
2655719,232,231,8169,1996,0.0,10117.0,-0.17393499999999998,-0.727476,UZB,USA,711790
2655720,234,231,8169,1996,0.0,8756.0,-0.123896,-0.5798989999999999,VCT,USA,711790
2655721,236,231,8169,1996,22215.0,668862.0,0.07086100000000001,-0.761307,VEN,USA,711790
2655722,239,231,8169,1996,13192.0,4996.0,-0.9336469999999999,-0.10985199999999999,VNM,USA,711790
2655723,246,231,8169,1996,87736.0,268665.0,0.456593,1.150786,ZAF,USA,711790
2655724,248,231,8169,1996,1229.0,25118.0,-0.393769,-0.34379,ZWE,USA,711790
2655725,249,231,8169,1996,17249702.0,3831186.0,1.432225,1.675389,TWN,USA,711790
2655726,0,236,8169,1996,1032.0,0.0,-0.681487,-0.70999,ABW,VEN,711790
2655727,8,236,8169,1996,1930.0,0.0,0.167081,0.433612,ARG,VEN,711790
2655728,18,236,8169,1996,1223.0,0.0,1.549312,1.273767,BEL,VEN,711790
2655729,39,236,8169,1996,4730.0,0.0,1.155706,1.1127049999999998,CAN,VEN,711790
2655730,41,236,8169,1996,1271.0,0.0,2.246238,0.603288,CHE,VEN,711790
2655731,49,236,8169,1996,210114.0,26181.0,0.136487,0.078743,COL,VEN,711790
2655732,52,236,8169,1996,7461.0,0.0,-0.34219499999999997,0.12221900000000001,CRI,VEN,711790
2655733,59,236,8169,1996,25489.0,0.0,1.401181,1.3094709999999998,CZE,VEN,711790
2655734,61,236,8169,1996,1160.0,0.0,2.279976,-2.572299,DEU,VEN,711790
2655735,67,236,8169,1996,2994.0,12955.0,-1.1391200000000001,-0.992735,ECU,VEN,711790
2655736,71,236,8169,1996,41468.0,2686.0,1.105317,1.9473,ESP,VEN,711790
2655737,77,236,8169,1996,3280.0,0.0,1.69082,0.721312,FRA,VEN,711790
2655738,81,236,8169,1996,1746.0,0.0,1.850284,0.883084,GBR,VEN,711790
2655739,97,236,8169,1996,11132.0,0.0,0.54364,2.727659,HKG,VEN,711790
2655740,103,236,8169,1996,4326.0,0.0,-0.43199899999999997,1.22074,IDN,VEN,711790
2655741,104,236,8169,1996,1001.0,0.0,0.20685599999999998,2.317622,IND,VEN,711790
2655742,111,236,8169,1996,74560.0,0.0,1.4674690000000001,1.263362,ITA,VEN,711790
2655743,121,236,8169,1996,8707.0,0.0,0.8946940000000001,1.240424,KOR,VEN,711790
2655744,138,236,8169,1996,12527.0,0.0,0.651949,0.9132170000000001,MEX,VEN,711790
2655745,169,236,8169,1996,3194.0,0.0,-0.100537,-0.374129,PAN,VEN,711790
2655746,173,236,8169,1996,6257.0,2030.0,-0.43761000000000005,-0.28077399999999997,PER,VEN,711790
2655747,231,236,8169,1996,668862.0,22215.0,1.7110560000000001,1.125141,USA,VEN,711790
2655748,249,236,8169,1996,7050.0,0.0,1.432225,1.675389,TWN,VEN,711790
2655749,7,14,8169,1996,0.0,46990.0,-0.245358,-0.726695,ARE,AUS,711790
2655750,15,14,8169,1996,45331.0,171948.0,1.9216669999999998,0.659388,AUT,AUS,711790
2655751,18,14,8169,1996,1858.0,0.0,1.549312,1.273767,BEL,AUS,711790
2655752,24,14,8169,1996,0.0,11641.0,-0.062207000000000005,-0.840398,BHR,AUS,711790
2655753,32,14,8169,1996,9224.0,0.0,0.699658,1.271724,BRA,AUS,711790
2655754,39,14,8169,1996,48556.0,6954.0,1.155706,1.1127049999999998,CAN,AUS,711790
2655755,41,14,8169,1996,15904.0,1214.0,2.246238,0.603288,CHE,AUS,711790
2655756,42,14,8169,1996,990.0,0.0,-0.052811000000000004,-0.169464,CHL,AUS,711790
2655757,43,14,8169,1996,1305674.0,21628.0,0.404422,3.061344,CHN,AUS,711790
2655758,59,14,8169,1996,23522.0,0.0,1.401181,1.3094709999999998,CZE,AUS,711790
2655759,61,14,8169,1996,84568.0,2503.0,2.279976,-2.572299,DEU,AUS,711790
2655760,71,14,8169,1996,7787.0,6556.0,1.105317,1.9473,ESP,AUS,711790
2655761,75,14,8169,1996,0.0,10220.0,-0.7977,-0.9271879999999999,FJI,AUS,711790
2655762,77,14,8169,1996,35276.0,13254.0,1.69082,0.721312,FRA,AUS,711790
2655763,81,14,8169,1996,88386.0,77137.0,1.850284,0.883084,GBR,AUS,711790
2655764,83,14,8169,1996,5222.0,0.0,-1.035244,-0.9834129999999999,GHA,AUS,711790
2655765,90,14,8169,1996,8167.0,24844.0,0.271386,1.042608,GRC,AUS,711790
2655766,93,14,8169,1996,1479.0,0.0,-0.332901,0.23790300000000003,GTM,AUS,711790
2655767,97,14,8169,1996,394751.0,80239.0,0.54364,2.727659,HKG,AUS,711790
2655768,103,14,8169,1996,146354.0,79172.0,-0.43199899999999997,1.22074,IDN,AUS,711790
2655769,104,14,8169,1996,169557.0,80688.0,0.20685599999999998,2.317622,IND,AUS,711790
2655770,106,14,8169,1996,7473.0,0.0,1.386011,0.9232100000000001,IRL,AUS,711790
2655771,110,14,8169,1996,22624.0,0.0,1.054975,1.072965,ISR,AUS,711790
2655772,111,14,8169,1996,133894.0,0.0,1.4674690000000001,1.263362,ITA,AUS,711790
2655773,114,14,8169,1996,156243.0,15259.0,2.615364,0.5656939999999999,JPN,AUS,711790
2655774,116,14,8169,1996,5283.0,0.0,-0.468322,-0.017625,KEN,AUS,711790
2655775,121,14,8169,1996,276462.0,14537.0,0.8946940000000001,1.240424,KOR,AUS,711790
2655776,124,14,8169,1996,29625.0,0.0,-0.051973,0.002154,LBN,AUS,711790
2655777,138,14,8169,1996,38613.0,0.0,0.651949,0.9132170000000001,MEX,AUS,711790
2655778,153,14,8169,1996,27043.0,3077.0,0.351774,0.347262,MYS,AUS,711790
2655779,156,14,8169,1996,0.0,17872.0,-0.951583,-0.785157,NCL,AUS,711790
2655780,158,14,8169,1996,0.0,7092.0,1.297072,-0.45753299999999997,NFK,AUS,711790
2655781,162,14,8169,1996,16889.0,3766.0,1.256625,1.803132,NLD,AUS,711790
2655782,163,14,8169,1996,0.0,4822.0,1.204869,0.303062,NOR,AUS,711790
2655783,164,14,8169,1996,1589.0,0.0,-0.7390100000000001,-0.647903,NPL,AUS,711790
2655784,166,14,8169,1996,395222.0,600679.0,0.49466099999999996,0.8302879999999999,NZL,AUS,711790
2655785,168,14,8169,1996,2935.0,0.0,-0.7543300000000001,-0.393654,PAK,AUS,711790
2655786,173,14,8169,1996,23593.0,0.0,-0.43761000000000005,-0.28077399999999997,PER,AUS,711790
2655787,174,14,8169,1996,94870.0,19511.0,-0.276548,0.344986,PHL,AUS,711790
2655788,176,14,8169,1996,0.0,4951.0,-2.120746,-1.2199879999999999,PNG,AUS,711790
2655789,177,14,8169,1996,9375.0,1398.0,0.795489,1.9004729999999999,POL,AUS,711790
2655790,178,14,8169,1996,23670.0,0.0,0.725014,1.20189,PRK,AUS,711790
2655791,186,14,8169,1996,7800.0,0.0,0.900185,0.47723000000000004,RUS,AUS,711790
2655792,188,14,8169,1996,0.0,41748.0,0.215265,-0.8577309999999999,SAU,AUS,711790
2655793,192,14,8169,1996,4500.0,172587.0,0.8354299999999999,0.41169799999999995,SGP,AUS,711790
2655794,195,14,8169,1996,0.0,3255.0,-1.855104,-0.895618,SLB,AUS,711790
2655795,208,14,8169,1996,3422.0,4553.0,2.133781,0.9099889999999999,SWE,AUS,711790
2655796,216,14,8169,1996,446557.0,486694.0,0.10120599999999999,1.351967,THA,AUS,711790
2655797,224,14,8169,1996,5713.0,0.0,0.156866,1.554023,TUR,AUS,711790
2655798,231,14,8169,1996,764952.0,65205.0,1.7110560000000001,1.125141,USA,AUS,711790
2655799,239,14,8169,1996,11391.0,0.0,-0.9336469999999999,-0.10985199999999999,VNM,AUS,711790
2655800,240,14,8169,1996,0.0,5612.0,-0.933351,-0.824783,VUT,AUS,711790
2655801,246,14,8169,1996,17812.0,6535.0,0.456593,1.150786,ZAF,AUS,711790
2655802,248,14,8169,1996,1569.0,0.0,-0.393769,-0.34379,ZWE,AUS,711790
2655803,249,14,8169,1996,1188443.0,276580.0,1.432225,1.675389,TWN,AUS,711790
2655804,250,14,8169,1996,11017.0,8745.0,1.084978,0.901755,ANS,AUS,711790
2655805,18,16,8169,1996,2423.0,0.0,1.549312,1.273767,BEL,AZE,711790
2655806,18,22,8169,1996,0.0,5131.0,1.549312,1.273767,BEL,BGD,711790
2655807,61,22,8169,1996,0.0,11297.0,2.279976,-2.572299,DEU,BGD,711790
2655808,97,22,8169,1996,4849.0,0.0,0.54364,2.727659,HKG,BGD,711790
2655809,104,22,8169,1996,243236.0,0.0,0.20685599999999998,2.317622,IND,BGD,711790
2655810,111,22,8169,1996,0.0,4435.0,1.4674690000000001,1.263362,ITA,BGD,711790
2655811,138,22,8169,1996,0.0,1252.0,0.651949,0.9132170000000001,MEX,BGD,711790
2655812,178,22,8169,1996,4387.0,0.0,0.725014,1.20189,PRK,BGD,711790
2655813,186,22,8169,1996,0.0,755.0,0.900185,0.47723000000000004,RUS,BGD,711790
2655814,192,22,8169,1996,2447.0,0.0,0.8354299999999999,0.41169799999999995,SGP,BGD,711790
2655815,216,22,8169,1996,38039.0,0.0,0.10120599999999999,1.351967,THA,BGD,711790
2655816,18,23,8169,1996,4325.0,1501.0,1.549312,1.273767,BEL,BGR,711790
2655817,43,23,8169,1996,2551.0,0.0,0.404422,3.061344,CHN,BGR,711790
2655818,59,23,8169,1996,6864.0,0.0,1.401181,1.3094709999999998,CZE,BGR,711790
2655819,61,23,8169,1996,15899.0,0.0,2.279976,-2.572299,DEU,BGR,711790
2655820,68,23,8169,1996,0.0,1966.0,-0.5446409999999999,-0.229586,EGY,BGR,711790
2655821,77,23,8169,1996,9103.0,0.0,1.69082,0.721312,FRA,BGR,711790
2655822,81,23,8169,1996,2928.0,0.0,1.850284,0.883084,GBR,BGR,711790
2655823,104,23,8169,1996,638.0,0.0,0.20685599999999998,2.317622,IND,BGR,711790
2655824,111,23,8169,1996,1639323.0,0.0,1.4674690000000001,1.263362,ITA,BGR,711790
2655825,140,23,8169,1996,0.0,6002.0,0.316133,0.933068,MKD,BGR,711790
2655826,186,23,8169,1996,0.0,7015.0,0.900185,0.47723000000000004,RUS,BGR,711790
2655827,216,23,8169,1996,9590.0,0.0,0.10120599999999999,1.351967,THA,BGR,711790
2655828,246,23,8169,1996,2209.0,0.0,0.456593,1.150786,ZAF,BGR,711790
2655829,7,39,8169,1996,0.0,8411.0,-0.245358,-0.726695,ARE,CAN,711790
2655830,8,39,8169,1996,0.0,944.0,0.167081,0.433612,ARG,CAN,711790
2655831,14,39,8169,1996,6954.0,48556.0,0.369697,0.78069,AUS,CAN,711790
2655832,15,39,8169,1996,3181.0,9312.0,1.9216669999999998,0.659388,AUT,CAN,711790
2655833,18,39,8169,1996,1743.0,1617.0,1.549312,1.273767,BEL,CAN,711790
2655834,32,39,8169,1996,4143.0,0.0,0.699658,1.271724,BRA,CAN,711790
2655835,41,39,8169,1996,15556.0,5959.0,2.246238,0.603288,CHE,CAN,711790
2655836,42,39,8169,1996,0.0,1359.0,-0.052811000000000004,-0.169464,CHL,CAN,711790
2655837,43,39,8169,1996,790430.0,2687.0,0.404422,3.061344,CHN,CAN,711790
2655838,49,39,8169,1996,43719.0,0.0,0.136487,0.078743,COL,CAN,711790
2655839,52,39,8169,1996,10656.0,0.0,-0.34219499999999997,0.12221900000000001,CRI,CAN,711790
2655840,59,39,8169,1996,100574.0,1292.0,1.401181,1.3094709999999998,CZE,CAN,711790
2655841,61,39,8169,1996,6471.0,14425.0,2.279976,-2.572299,DEU,CAN,711790
2655842,64,39,8169,1996,2358.0,1443.0,1.443514,1.275684,DNK,CAN,711790
2655843,67,39,8169,1996,1984.0,0.0,-1.1391200000000001,-0.992735,ECU,CAN,711790
2655844,68,39,8169,1996,2960.0,0.0,-0.5446409999999999,-0.229586,EGY,CAN,711790
2655845,71,39,8169,1996,15450.0,11378.0,1.105317,1.9473,ESP,CAN,711790
2655846,74,39,8169,1996,0.0,837.0,2.0584729999999998,1.006908,FIN,CAN,711790
2655847,77,39,8169,1996,12140.0,35625.0,1.69082,0.721312,FRA,CAN,711790
2655848,81,39,8169,1996,120632.0,137464.0,1.850284,0.883084,GBR,CAN,711790
2655849,90,39,8169,1996,22424.0,5935.0,0.271386,1.042608,GRC,CAN,711790
2655850,92,39,8169,1996,0.0,572.0,-0.8826879999999999,-0.777868,GRL,CAN,711790
2655851,93,39,8169,1996,2116.0,0.0,-0.332901,0.23790300000000003,GTM,CAN,711790
2655852,97,39,8169,1996,362514.0,121600.0,0.54364,2.727659,HKG,CAN,711790
2655853,103,39,8169,1996,16766.0,0.0,-0.43199899999999997,1.22074,IDN,CAN,711790
2655854,104,39,8169,1996,213126.0,22205.0,0.20685599999999998,2.317622,IND,CAN,711790
2655855,106,39,8169,1996,3567.0,6820.0,1.386011,0.9232100000000001,IRL,CAN,711790
2655856,110,39,8169,1996,36644.0,0.0,1.054975,1.072965,ISR,CAN,711790
2655857,111,39,8169,1996,126076.0,7020.0,1.4674690000000001,1.263362,ITA,CAN,711790
2655858,114,39,8169,1996,32941.0,132220.0,2.615364,0.5656939999999999,JPN,CAN,711790
2655859,116,39,8169,1996,2556.0,0.0,-0.468322,-0.017625,KEN,CAN,711790
2655860,121,39,8169,1996,95491.0,2566.0,0.8946940000000001,1.240424,KOR,CAN,711790
2655861,122,39,8169,1996,0.0,48366.0,-0.27174499999999996,-1.098243,KWT,CAN,711790
2655862,128,39,8169,1996,1466.0,0.0,-0.812763,-0.188722,LKA,CAN,711790
2655863,138,39,8169,1996,71009.0,31898.0,0.651949,0.9132170000000001,MEX,CAN,711790
2655864,142,39,8169,1996,0.0,1855.0,0.8825440000000001,0.066541,MLT,CAN,711790
2655865,153,39,8169,1996,3420.0,2026.0,0.351774,0.347262,MYS,CAN,711790
2655866,162,39,8169,1996,8376.0,20205.0,1.256625,1.803132,NLD,CAN,711790
2655867,163,39,8169,1996,1769.0,0.0,1.204869,0.303062,NOR,CAN,711790
2655868,164,39,8169,1996,6942.0,0.0,-0.7390100000000001,-0.647903,NPL,CAN,711790
2655869,166,39,8169,1996,0.0,2477.0,0.49466099999999996,0.8302879999999999,NZL,CAN,711790
2655870,173,39,8169,1996,2126.0,0.0,-0.43761000000000005,-0.28077399999999997,PER,CAN,711790
2655871,174,39,8169,1996,62733.0,0.0,-0.276548,0.344986,PHL,CAN,711790
2655872,177,39,8169,1996,2481.0,0.0,0.795489,1.9004729999999999,POL,CAN,711790
2655873,179,39,8169,1996,4839.0,12871.0,0.39343,1.170144,PRT,CAN,711790
2655874,186,39,8169,1996,2192.0,1365.0,0.900185,0.47723000000000004,RUS,CAN,711790
2655875,188,39,8169,1996,0.0,11238.0,0.215265,-0.8577309999999999,SAU,CAN,711790
2655876,189,39,8169,1996,3403.0,0.0,0.786293,2.20126,SCG,CAN,711790
2655877,192,39,8169,1996,0.0,61774.0,0.8354299999999999,0.41169799999999995,SGP,CAN,711790
2655878,206,39,8169,1996,6477.0,0.0,1.189398,1.29167,SVK,CAN,711790
2655879,208,39,8169,1996,931.0,11552.0,2.133781,0.9099889999999999,SWE,CAN,711790
2655880,216,39,8169,1996,160568.0,8366.0,0.10120599999999999,1.351967,THA,CAN,711790
2655881,224,39,8169,1996,6240.0,0.0,0.156866,1.554023,TUR,CAN,711790
2655882,231,39,8169,1996,4601118.0,2721394.0,1.7110560000000001,1.125141,USA,CAN,711790
2655883,236,39,8169,1996,0.0,4730.0,0.07086100000000001,-0.761307,VEN,CAN,711790
2655884,239,39,8169,1996,1375.0,0.0,-0.9336469999999999,-0.10985199999999999,VNM,CAN,711790
2655885,246,39,8169,1996,7347.0,18567.0,0.456593,1.150786,ZAF,CAN,711790
2655886,249,39,8169,1996,628761.0,0.0,1.432225,1.675389,TWN,CAN,711790
2655887,250,39,8169,1996,12541.0,0.0,1.084978,0.901755,ANS,CAN,711790
2655888,6,41,8169,1996,0.0,18483.0,0.29339,-0.572443,ANT,CHE,711790
2655889,7,41,8169,1996,0.0,62941.0,-0.245358,-0.726695,ARE,CHE,711790
2655890,8,41,8169,1996,0.0,4545.0,0.167081,0.433612,ARG,CHE,711790
2655891,14,41,8169,1996,1214.0,15904.0,0.369697,0.78069,AUS,CHE,711790
2655892,15,41,8169,1996,217086.0,139502.0,1.9216669999999998,0.659388,AUT,CHE,711790
2655893,18,41,8169,1996,66988.0,46567.0,1.549312,1.273767,BEL,CHE,711790
2655894,24,41,8169,1996,0.0,60705.0,-0.062207000000000005,-0.840398,BHR,CHE,711790
2655895,31,41,8169,1996,265.0,0.0,-0.589432,-0.7781,BOL,CHE,711790
2655896,32,41,8169,1996,0.0,6592.0,0.699658,1.271724,BRA,CHE,711790
2655897,39,41,8169,1996,5959.0,15556.0,1.155706,1.1127049999999998,CAN,CHE,711790
2655898,42,41,8169,1996,1678.0,0.0,-0.052811000000000004,-0.169464,CHL,CHE,711790
2655899,43,41,8169,1996,80011.0,19287.0,0.404422,3.061344,CHN,CHE,711790
2655900,45,41,8169,1996,1391.0,0.0,-1.4036309999999999,-1.090633,CMR,CHE,711790
2655901,49,41,8169,1996,2839.0,5369.0,0.136487,0.078743,COL,CHE,711790
2655902,58,41,8169,1996,0.0,2460.0,0.20007,0.020590999999999998,CYP,CHE,711790
2655903,59,41,8169,1996,90038.0,37723.0,1.401181,1.3094709999999998,CZE,CHE,711790
2655904,61,41,8169,1996,2528033.0,680331.0,2.279976,-2.572299,DEU,CHE,711790
2655905,64,41,8169,1996,63913.0,14077.0,1.443514,1.275684,DNK,CHE,711790
2655906,68,41,8169,1996,0.0,6350.0,-0.5446409999999999,-0.229586,EGY,CHE,711790
2655907,71,41,8169,1996,79116.0,68747.0,1.105317,1.9473,ESP,CHE,711790
2655908,72,41,8169,1996,1595.0,1487.0,0.53397,1.0877940000000001,EST,CHE,711790
2655909,74,41,8169,1996,19456.0,0.0,2.0584729999999998,1.006908,FIN,CHE,711790
2655910,77,41,8169,1996,648933.0,196419.0,1.69082,0.721312,FRA,CHE,711790
2655911,81,41,8169,1996,423621.0,236918.0,1.850284,0.883084,GBR,CHE,711790
2655912,82,41,8169,1996,0.0,616.0,0.5383020000000001,0.167596,GEO,CHE,711790
2655913,83,41,8169,1996,0.0,859.0,-1.035244,-0.9834129999999999,GHA,CHE,711790
2655914,90,41,8169,1996,8549.0,5032.0,0.271386,1.042608,GRC,CHE,711790
2655915,97,41,8169,1996,226559.0,545571.0,0.54364,2.727659,HKG,CHE,711790
2655916,99,41,8169,1996,0.0,12699.0,-0.69357,-0.48721400000000004,HND,CHE,711790
2655917,102,41,8169,1996,0.0,7433.0,0.790036,1.891534,HUN,CHE,711790
2655918,103,41,8169,1996,4632.0,30403.0,-0.43199899999999997,1.22074,IDN,CHE,711790
2655919,104,41,8169,1996,47599.0,1347.0,0.20685599999999998,2.317622,IND,CHE,711790
2655920,110,41,8169,1996,0.0,7317.0,1.054975,1.072965,ISR,CHE,711790
2655921,111,41,8169,1996,1970968.0,66016.0,1.4674690000000001,1.263362,ITA,CHE,711790
2655922,113,41,8169,1996,0.0,310143.0,0.12203499999999999,-0.41859399999999997,JOR,CHE,711790
2655923,114,41,8169,1996,13517.0,358772.0,2.615364,0.5656939999999999,JPN,CHE,711790
2655924,116,41,8169,1996,0.0,171508.0,-0.468322,-0.017625,KEN,CHE,711790
2655925,121,41,8169,1996,23067.0,190345.0,0.8946940000000001,1.240424,KOR,CHE,711790
2655926,124,41,8169,1996,0.0,8203.0,-0.051973,0.002154,LBN,CHE,711790
2655927,126,41,8169,1996,0.0,2914.0,-0.588489,-1.138552,LBY,CHE,711790
2655928,132,41,8169,1996,0.0,828.0,0.33418600000000004,0.1615,LVA,CHE,711790
2655929,138,41,8169,1996,1278.0,8380.0,0.651949,0.9132170000000001,MEX,CHE,711790
2655930,140,41,8169,1996,0.0,987.0,0.316133,0.933068,MKD,CHE,711790
2655931,141,41,8169,1996,386.0,0.0,-0.987858,-0.9677040000000001,MLI,CHE,711790
2655932,142,41,8169,1996,0.0,4105.0,0.8825440000000001,0.066541,MLT,CHE,711790
2655933,153,41,8169,1996,2577.0,34769.0,0.351774,0.347262,MYS,CHE,711790
2655934,162,41,8169,1996,28852.0,107691.0,1.256625,1.803132,NLD,CHE,711790
2655935,163,41,8169,1996,1630.0,1165.0,1.204869,0.303062,NOR,CHE,711790
2655936,166,41,8169,1996,4050.0,0.0,0.49466099999999996,0.8302879999999999,NZL,CHE,711790
2655937,167,41,8169,1996,0.0,15647.0,-0.10243499999999998,-0.8425879999999999,OMN,CHE,711790
2655938,173,41,8169,1996,2524.0,0.0,-0.43761000000000005,-0.28077399999999997,PER,CHE,711790
2655939,174,41,8169,1996,49472.0,0.0,-0.276548,0.344986,PHL,CHE,711790
2655940,177,41,8169,1996,10345.0,16576.0,0.795489,1.9004729999999999,POL,CHE,711790
2655941,179,41,8169,1996,6615.0,4479.0,0.39343,1.170144,PRT,CHE,711790
2655942,183,41,8169,1996,0.0,1462.0,-0.48203500000000005,-1.117173,QAT,CHE,711790
2655943,186,41,8169,1996,1340.0,34040.0,0.900185,0.47723000000000004,RUS,CHE,711790
2655944,188,41,8169,1996,0.0,1581.0,0.215265,-0.8577309999999999,SAU,CHE,711790
2655945,189,41,8169,1996,0.0,1551.0,0.786293,2.20126,SCG,CHE,711790
2655946,192,41,8169,1996,10325.0,121674.0,0.8354299999999999,0.41169799999999995,SGP,CHE,711790
2655947,207,41,8169,1996,2960.0,1473.0,1.409184,1.37245,SVN,CHE,711790
2655948,208,41,8169,1996,24852.0,7470.0,2.133781,0.9099889999999999,SWE,CHE,711790
2655949,216,41,8169,1996,91517.0,8395.0,0.10120599999999999,1.351967,THA,CHE,711790
2655950,224,41,8169,1996,7431.0,2662.0,0.156866,1.554023,TUR,CHE,711790
2655951,228,41,8169,1996,0.0,1050.0,0.896537,0.9241459999999999,UKR,CHE,711790
2655952,230,41,8169,1996,0.0,3979.0,0.171541,0.313934,URY,CHE,711790
2655953,231,41,8169,1996,689488.0,497529.0,1.7110560000000001,1.125141,USA,CHE,711790
2655954,236,41,8169,1996,0.0,1271.0,0.07086100000000001,-0.761307,VEN,CHE,711790
2655955,239,41,8169,1996,34888.0,0.0,-0.9336469999999999,-0.10985199999999999,VNM,CHE,711790
2655956,246,41,8169,1996,1947.0,7549.0,0.456593,1.150786,ZAF,CHE,711790
2655957,247,41,8169,1996,359.0,0.0,-0.340956,-0.714009,ZMB,CHE,711790
2655958,249,41,8169,1996,92465.0,21959.0,1.432225,1.675389,TWN,CHE,711790
2655959,250,41,8169,1996,4946.0,0.0,1.084978,0.901755,ANS,CHE,711790
2655960,8,42,8169,1996,5993.0,0.0,0.167081,0.433612,ARG,CHL,711790
2655961,14,42,8169,1996,0.0,990.0,0.369697,0.78069,AUS,CHL,711790
2655962,15,42,8169,1996,3908.0,594.0,1.9216669999999998,0.659388,AUT,CHL,711790
2655963,31,42,8169,1996,1112.0,0.0,-0.589432,-0.7781,BOL,CHL,711790
2655964,32,42,8169,1996,32398.0,0.0,0.699658,1.271724,BRA,CHL,711790
2655965,39,42,8169,1996,1359.0,0.0,1.155706,1.1127049999999998,CAN,CHL,711790
2655966,41,42,8169,1996,0.0,1678.0,2.246238,0.603288,CHE,CHL,711790
2655967,43,42,8169,1996,70871.0,0.0,0.404422,3.061344,CHN,CHL,711790
2655968,49,42,8169,1996,4732.0,0.0,0.136487,0.078743,COL,CHL,711790
2655969,59,42,8169,1996,3606.0,0.0,1.401181,1.3094709999999998,CZE,CHL,711790
2655970,61,42,8169,1996,5364.0,1770.0,2.279976,-2.572299,DEU,CHL,711790
2655971,67,42,8169,1996,1407.0,4713.0,-1.1391200000000001,-0.992735,ECU,CHL,711790
2655972,71,42,8169,1996,62839.0,0.0,1.105317,1.9473,ESP,CHL,711790
2655973,77,42,8169,1996,11636.0,2479.0,1.69082,0.721312,FRA,CHL,711790
2655974,81,42,8169,1996,1103.0,2095.0,1.850284,0.883084,GBR,CHL,711790
2655975,97,42,8169,1996,28429.0,0.0,0.54364,2.727659,HKG,CHL,711790
2655976,103,42,8169,1996,7572.0,0.0,-0.43199899999999997,1.22074,IDN,CHL,711790
2655977,104,42,8169,1996,10285.0,0.0,0.20685599999999998,2.317622,IND,CHL,711790
2655978,111,42,8169,1996,65099.0,1213.0,1.4674690000000001,1.263362,ITA,CHL,711790
2655979,114,42,8169,1996,0.0,1348.0,2.615364,0.5656939999999999,JPN,CHL,711790
2655980,121,42,8169,1996,3610.0,0.0,0.8946940000000001,1.240424,KOR,CHL,711790
2655981,138,42,8169,1996,16298.0,0.0,0.651949,0.9132170000000001,MEX,CHL,711790
2655982,162,42,8169,1996,0.0,1541.0,1.256625,1.803132,NLD,CHL,711790
2655983,166,42,8169,1996,0.0,1084.0,0.49466099999999996,0.8302879999999999,NZL,CHL,711790
2655984,173,42,8169,1996,192780.0,6863.0,-0.43761000000000005,-0.28077399999999997,PER,CHL,711790
2655985,180,42,8169,1996,0.0,3771.0,-0.506178,-0.712851,PRY,CHL,711790
2655986,208,42,8169,1996,1293.0,0.0,2.133781,0.9099889999999999,SWE,CHL,711790
2655987,216,42,8169,1996,67210.0,0.0,0.10120599999999999,1.351967,THA,CHL,711790
2655988,231,42,8169,1996,97080.0,23563.0,1.7110560000000001,1.125141,USA,CHL,711790
2655989,249,42,8169,1996,63185.0,0.0,1.432225,1.675389,TWN,CHL,711790
2655990,250,42,8169,1996,11121.0,1308.0,1.084978,0.901755,ANS,CHL,711790
2655991,1,59,8169,1996,0.0,135062.0,-0.31642600000000004,-0.620458,AFG,CZE,711790
2655992,7,59,8169,1996,0.0,98288.0,-0.245358,-0.726695,ARE,CZE,711790
2655993,8,59,8169,1996,0.0,12963.0,0.167081,0.433612,ARG,CZE,711790
2655994,14,59,8169,1996,0.0,23522.0,0.369697,0.78069,AUS,CZE,711790
2655995,15,59,8169,1996,33352.0,173338.0,1.9216669999999998,0.659388,AUT,CZE,711790
2655996,18,59,8169,1996,6994.0,35280.0,1.549312,1.273767,BEL,CZE,711790
2655997,23,59,8169,1996,0.0,6864.0,0.544265,1.523408,BGR,CZE,711790
2655998,24,59,8169,1996,0.0,13018.0,-0.062207000000000005,-0.840398,BHR,CZE,711790
2655999,26,59,8169,1996,0.0,3988.0,0.679466,0.730425,BIH,CZE,711790
2656000,28,59,8169,1996,0.0,5867.0,0.7285550000000001,0.660716,BLR,CZE,711790
2656001,31,59,8169,1996,0.0,2927.0,-0.589432,-0.7781,BOL,CZE,711790
2656002,32,59,8169,1996,0.0,62377.0,0.699658,1.271724,BRA,CZE,711790
2656003,39,59,8169,1996,1292.0,100574.0,1.155706,1.1127049999999998,CAN,CZE,711790
2656004,41,59,8169,1996,37723.0,90038.0,2.246238,0.603288,CHE,CZE,711790
2656005,42,59,8169,1996,0.0,3606.0,-0.052811000000000004,-0.169464,CHL,CZE,711790
2656006,43,59,8169,1996,86786.0,0.0,0.404422,3.061344,CHN,CZE,711790
2656007,44,59,8169,1996,0.0,898.0,-0.8720459999999999,-0.7904479999999999,CIV,CZE,711790
2656008,49,59,8169,1996,0.0,2648.0,0.136487,0.078743,COL,CZE,711790
2656009,52,59,8169,1996,0.0,8148.0,-0.34219499999999997,0.12221900000000001,CRI,CZE,711790
2656010,58,59,8169,1996,0.0,1769.0,0.20007,0.020590999999999998,CYP,CZE,711790
2656011,61,59,8169,1996,258764.0,953370.0,2.279976,-2.572299,DEU,CZE,711790
2656012,64,59,8169,1996,3519.0,155584.0,1.443514,1.275684,DNK,CZE,711790
2656013,66,59,8169,1996,0.0,5935.0,-0.33419699999999997,-1.035736,DZA,CZE,711790
2656014,67,59,8169,1996,0.0,9001.0,-1.1391200000000001,-0.992735,ECU,CZE,711790
2656015,68,59,8169,1996,0.0,12673.0,-0.5446409999999999,-0.229586,EGY,CZE,711790
2656016,71,59,8169,1996,8774.0,83849.0,1.105317,1.9473,ESP,CZE,711790
2656017,74,59,8169,1996,0.0,16228.0,2.0584729999999998,1.006908,FIN,CZE,711790
2656018,77,59,8169,1996,77290.0,450025.0,1.69082,0.721312,FRA,CZE,711790
2656019,81,59,8169,1996,30789.0,1336270.0,1.850284,0.883084,GBR,CZE,711790
2656020,90,59,8169,1996,0.0,36887.0,0.271386,1.042608,GRC,CZE,711790
2656021,97,59,8169,1996,50434.0,5822.0,0.54364,2.727659,HKG,CZE,711790
2656022,102,59,8169,1996,6787.0,21423.0,0.790036,1.891534,HUN,CZE,711790
2656023,103,59,8169,1996,1068.0,0.0,-0.43199899999999997,1.22074,IDN,CZE,711790
2656024,104,59,8169,1996,2521.0,0.0,0.20685599999999998,2.317622,IND,CZE,711790
2656025,106,59,8169,1996,1405.0,46530.0,1.386011,0.9232100000000001,IRL,CZE,711790
2656026,110,59,8169,1996,0.0,14600.0,1.054975,1.072965,ISR,CZE,711790
2656027,111,59,8169,1996,18434.0,867034.0,1.4674690000000001,1.263362,ITA,CZE,711790
2656028,114,59,8169,1996,0.0,398405.0,2.615364,0.5656939999999999,JPN,CZE,711790
2656029,121,59,8169,1996,20356.0,40215.0,0.8946940000000001,1.240424,KOR,CZE,711790
2656030,122,59,8169,1996,0.0,55639.0,-0.27174499999999996,-1.098243,KWT,CZE,711790
2656031,124,59,8169,1996,0.0,43791.0,-0.051973,0.002154,LBN,CZE,711790
2656032,126,59,8169,1996,0.0,9265.0,-0.588489,-1.138552,LBY,CZE,711790
2656033,130,59,8169,1996,0.0,31714.0,0.40520500000000004,0.9465950000000001,LTU,CZE,711790
2656034,132,59,8169,1996,2803.0,1131.0,0.33418600000000004,0.1615,LVA,CZE,711790
2656035,134,59,8169,1996,0.0,28956.0,-0.67314,-0.241242,MAR,CZE,711790
2656036,138,59,8169,1996,0.0,31859.0,0.651949,0.9132170000000001,MEX,CZE,711790
2656037,162,59,8169,1996,2357.0,141493.0,1.256625,1.803132,NLD,CZE,711790
2656038,163,59,8169,1996,0.0,57015.0,1.204869,0.303062,NOR,CZE,711790
2656039,166,59,8169,1996,0.0,1650.0,0.49466099999999996,0.8302879999999999,NZL,CZE,711790
2656040,169,59,8169,1996,0.0,16012.0,-0.100537,-0.374129,PAN,CZE,711790
2656041,173,59,8169,1996,4744.0,7089.0,-0.43761000000000005,-0.28077399999999997,PER,CZE,711790
2656042,174,59,8169,1996,72212.0,0.0,-0.276548,0.344986,PHL,CZE,711790
2656043,177,59,8169,1996,83605.0,362092.0,0.795489,1.9004729999999999,POL,CZE,711790
2656044,179,59,8169,1996,0.0,10088.0,0.39343,1.170144,PRT,CZE,711790
2656045,183,59,8169,1996,0.0,7381.0,-0.48203500000000005,-1.117173,QAT,CZE,711790
2656046,185,59,8169,1996,0.0,16052.0,0.612035,0.880964,ROU,CZE,711790
2656047,186,59,8169,1996,2393.0,134536.0,0.900185,0.47723000000000004,RUS,CZE,711790
2656048,188,59,8169,1996,0.0,172969.0,0.215265,-0.8577309999999999,SAU,CZE,711790
2656049,189,59,8169,1996,0.0,17927.0,0.786293,2.20126,SCG,CZE,711790
2656050,197,59,8169,1996,0.0,1971.0,-0.24968800000000002,-0.121995,SLV,CZE,711790
2656051,206,59,8169,1996,47757.0,194118.0,1.189398,1.29167,SVK,CZE,711790
2656052,207,59,8169,1996,0.0,6308.0,1.409184,1.37245,SVN,CZE,711790
2656053,208,59,8169,1996,19490.0,82063.0,2.133781,0.9099889999999999,SWE,CZE,711790
2656054,212,59,8169,1996,6565.0,6635.0,-1.100666,-0.90038,SYR,CZE,711790
2656055,216,59,8169,1996,22406.0,2916.0,0.10120599999999999,1.351967,THA,CZE,711790
2656056,223,59,8169,1996,0.0,34166.0,-0.28546,-0.089051,TUN,CZE,711790
2656057,224,59,8169,1996,4441.0,17810.0,0.156866,1.554023,TUR,CZE,711790
2656058,228,59,8169,1996,0.0,703301.0,0.896537,0.9241459999999999,UKR,CZE,711790
2656059,231,59,8169,1996,38212.0,2047198.0,1.7110560000000001,1.125141,USA,CZE,711790
2656060,236,59,8169,1996,0.0,25489.0,0.07086100000000001,-0.761307,VEN,CZE,711790
2656061,246,59,8169,1996,0.0,21637.0,0.456593,1.150786,ZAF,CZE,711790
2656062,249,59,8169,1996,21906.0,6671.0,1.432225,1.675389,TWN,CZE,711790
2656063,250,59,8169,1996,19997.0,3565.0,1.084978,0.901755,ANS,CZE,711790
2656064,7,66,8169,1996,4414.0,0.0,-0.245358,-0.726695,ARE,DZA,711790
2656065,43,66,8169,1996,34621.0,0.0,0.404422,3.061344,CHN,DZA,711790
2656066,59,66,8169,1996,5935.0,0.0,1.401181,1.3094709999999998,CZE,DZA,711790
2656067,68,66,8169,1996,1669.0,0.0,-0.5446409999999999,-0.229586,EGY,DZA,711790
2656068,71,66,8169,1996,13022.0,0.0,1.105317,1.9473,ESP,DZA,711790
2656069,77,66,8169,1996,11866.0,4938.0,1.69082,0.721312,FRA,DZA,711790
2656070,97,66,8169,1996,30282.0,0.0,0.54364,2.727659,HKG,DZA,711790
2656071,111,66,8169,1996,29344.0,0.0,1.4674690000000001,1.263362,ITA,DZA,711790
2656072,121,66,8169,1996,3918.0,0.0,0.8946940000000001,1.240424,KOR,DZA,711790
2656073,208,66,8169,1996,2348.0,0.0,2.133781,0.9099889999999999,SWE,DZA,711790
2656074,212,66,8169,1996,14534.0,0.0,-1.100666,-0.90038,SYR,DZA,711790
2656075,216,66,8169,1996,28828.0,0.0,0.10120599999999999,1.351967,THA,DZA,711790
2656076,217,66,8169,1996,1476.0,0.0,-0.035623,-0.723275,TJK,DZA,711790
2656077,224,66,8169,1996,4649.0,0.0,0.156866,1.554023,TUR,DZA,711790
2656078,231,66,8169,1996,1211.0,0.0,1.7110560000000001,1.125141,USA,DZA,711790
2656079,4,68,8169,1996,0.0,619.0,-0.309992,-0.039541,ALB,EGY,711790
2656080,7,68,8169,1996,5400.0,2448.0,-0.245358,-0.726695,ARE,EGY,711790
2656081,15,68,8169,1996,2299.0,904.0,1.9216669999999998,0.659388,AUT,EGY,711790
2656082,18,68,8169,1996,27252.0,5576.0,1.549312,1.273767,BEL,EGY,711790
2656083,23,68,8169,1996,1966.0,0.0,0.544265,1.523408,BGR,EGY,711790
2656084,39,68,8169,1996,0.0,2960.0,1.155706,1.1127049999999998,CAN,EGY,711790
2656085,41,68,8169,1996,6350.0,0.0,2.246238,0.603288,CHE,EGY,711790
2656086,43,68,8169,1996,170261.0,0.0,0.404422,3.061344,CHN,EGY,711790
2656087,59,68,8169,1996,12673.0,0.0,1.401181,1.3094709999999998,CZE,EGY,711790
2656088,61,68,8169,1996,59783.0,4103.0,2.279976,-2.572299,DEU,EGY,711790
2656089,64,68,8169,1996,0.0,1262.0,1.443514,1.275684,DNK,EGY,711790
2656090,66,68,8169,1996,0.0,1669.0,-0.33419699999999997,-1.035736,DZA,EGY,711790
2656091,71,68,8169,1996,14522.0,160996.0,1.105317,1.9473,ESP,EGY,711790
2656092,73,68,8169,1996,0.0,2678.0,-1.265383,-1.131925,ETH,EGY,711790
2656093,74,68,8169,1996,0.0,1059.0,2.0584729999999998,1.006908,FIN,EGY,711790
2656094,77,68,8169,1996,50354.0,0.0,1.69082,0.721312,FRA,EGY,711790
2656095,81,68,8169,1996,19061.0,29749.0,1.850284,0.883084,GBR,EGY,711790
2656096,97,68,8169,1996,128715.0,525440.0,0.54364,2.727659,HKG,EGY,711790
2656097,103,68,8169,1996,46405.0,0.0,-0.43199899999999997,1.22074,IDN,EGY,711790
2656098,104,68,8169,1996,14923.0,0.0,0.20685599999999998,2.317622,IND,EGY,711790
2656099,110,68,8169,1996,16115.0,0.0,1.054975,1.072965,ISR,EGY,711790
2656100,111,68,8169,1996,122380.0,0.0,1.4674690000000001,1.263362,ITA,EGY,711790
2656101,121,68,8169,1996,19948.0,0.0,0.8946940000000001,1.240424,KOR,EGY,711790
2656102,134,68,8169,1996,0.0,6753.0,-0.67314,-0.241242,MAR,EGY,711790
2656103,159,68,8169,1996,0.0,3209.0,-1.813359,-1.1967,NGA,EGY,711790
2656104,167,68,8169,1996,0.0,23130.0,-0.10243499999999998,-0.8425879999999999,OMN,EGY,711790
2656105,174,68,8169,1996,9877.0,0.0,-0.276548,0.344986,PHL,EGY,711790
2656106,188,68,8169,1996,0.0,32467.0,0.215265,-0.8577309999999999,SAU,EGY,711790
2656107,190,68,8169,1996,0.0,2158.0,-1.4146459999999998,-1.181707,SDN,EGY,711790
2656108,192,68,8169,1996,57148.0,0.0,0.8354299999999999,0.41169799999999995,SGP,EGY,711790
2656109,216,68,8169,1996,7105.0,0.0,0.10120599999999999,1.351967,THA,EGY,711790
2656110,224,68,8169,1996,12077.0,4763.0,0.156866,1.554023,TUR,EGY,711790
2656111,231,68,8169,1996,18070.0,10897.0,1.7110560000000001,1.125141,USA,EGY,711790
2656112,243,68,8169,1996,0.0,11000.0,-1.304556,-1.200523,YEM,EGY,711790
2656113,249,68,8169,1996,32500.0,0.0,1.432225,1.675389,TWN,EGY,711790
2656114,250,68,8169,1996,2079.0,1802.0,1.084978,0.901755,ANS,EGY,711790
2656115,18,72,8169,1996,17196.0,0.0,1.549312,1.273767,BEL,EST,711790
2656116,41,72,8169,1996,1487.0,1595.0,2.246238,0.603288,CHE,EST,711790
2656117,43,72,8169,1996,23683.0,0.0,0.404422,3.061344,CHN,EST,711790
2656118,61,72,8169,1996,4365.0,0.0,2.279976,-2.572299,DEU,EST,711790
2656119,64,72,8169,1996,944.0,0.0,1.443514,1.275684,DNK,EST,711790
2656120,71,72,8169,1996,1199.0,0.0,1.105317,1.9473,ESP,EST,711790
2656121,74,72,8169,1996,32678.0,377234.0,2.0584729999999998,1.006908,FIN,EST,711790
2656122,77,72,8169,1996,1274.0,0.0,1.69082,0.721312,FRA,EST,711790
2656123,81,72,8169,1996,4507.0,0.0,1.850284,0.883084,GBR,EST,711790
2656124,97,72,8169,1996,2438.0,0.0,0.54364,2.727659,HKG,EST,711790
2656125,111,72,8169,1996,2772.0,0.0,1.4674690000000001,1.263362,ITA,EST,711790
2656126,114,72,8169,1996,0.0,1719.0,2.615364,0.5656939999999999,JPN,EST,711790
2656127,130,72,8169,1996,0.0,11626.0,0.40520500000000004,0.9465950000000001,LTU,EST,711790
2656128,132,72,8169,1996,0.0,4672.0,0.33418600000000004,0.1615,LVA,EST,711790
2656129,135,72,8169,1996,0.0,1572.0,0.198427,0.026004000000000003,MDA,EST,711790
2656130,162,72,8169,1996,4810.0,0.0,1.256625,1.803132,NLD,EST,711790
2656131,177,72,8169,1996,2570.0,0.0,0.795489,1.9004729999999999,POL,EST,711790
2656132,208,72,8169,1996,3517.0,2543.0,2.133781,0.9099889999999999,SWE,EST,711790
2656133,228,72,8169,1996,0.0,4506.0,0.896537,0.9241459999999999,UKR,EST,711790
2656134,231,72,8169,1996,14703.0,1139.0,1.7110560000000001,1.125141,USA,EST,711790
2656135,14,83,8169,1996,0.0,5222.0,0.369697,0.78069,AUS,GHA,711790
2656136,15,83,8169,1996,0.0,2934.0,1.9216669999999998,0.659388,AUT,GHA,711790
2656137,18,83,8169,1996,8370.0,0.0,1.549312,1.273767,BEL,GHA,711790
2656138,21,83,8169,1996,0.0,1423.0,-0.680996,-0.863442,BFA,GHA,711790
2656139,41,83,8169,1996,859.0,0.0,2.246238,0.603288,CHE,GHA,711790
2656140,43,83,8169,1996,3583.0,0.0,0.404422,3.061344,CHN,GHA,711790
2656141,61,83,8169,1996,3664.0,8722.0,2.279976,-2.572299,DEU,GHA,711790
2656142,71,83,8169,1996,0.0,1659.0,1.105317,1.9473,ESP,GHA,711790
2656143,77,83,8169,1996,6031.0,0.0,1.69082,0.721312,FRA,GHA,711790
2656144,81,83,8169,1996,76200.0,740.0,1.850284,0.883084,GBR,GHA,711790
2656145,97,83,8169,1996,36849.0,0.0,0.54364,2.727659,HKG,GHA,711790
2656146,104,83,8169,1996,4707.0,0.0,0.20685599999999998,2.317622,IND,GHA,711790
2656147,111,83,8169,1996,5950.0,0.0,1.4674690000000001,1.263362,ITA,GHA,711790
2656148,114,83,8169,1996,0.0,2435.0,2.615364,0.5656939999999999,JPN,GHA,711790
2656149,121,83,8169,1996,2232.0,0.0,0.8946940000000001,1.240424,KOR,GHA,711790
2656150,162,83,8169,1996,0.0,14889.0,1.256625,1.803132,NLD,GHA,711790
2656151,163,83,8169,1996,0.0,1086.0,1.204869,0.303062,NOR,GHA,711790
2656152,231,83,8169,1996,1289.0,3882.0,1.7110560000000001,1.125141,USA,GHA,711790
2656153,246,83,8169,1996,811.0,0.0,0.456593,1.150786,ZAF,GHA,711790
2656154,250,83,8169,1996,1137.0,0.0,1.084978,0.901755,ANS,GHA,711790
2656155,15,102,8169,1996,1908.0,11553.0,1.9216669999999998,0.659388,AUT,HUN,711790
2656156,18,102,8169,1996,5024.0,0.0,1.549312,1.273767,BEL,HUN,711790
2656157,41,102,8169,1996,7433.0,0.0,2.246238,0.603288,CHE,HUN,711790
2656158,43,102,8169,1996,29967.0,0.0,0.404422,3.061344,CHN,HUN,711790
2656159,59,102,8169,1996,21423.0,6787.0,1.401181,1.3094709999999998,CZE,HUN,711790
2656160,61,102,8169,1996,18033.0,3412.0,2.279976,-2.572299,DEU,HUN,711790
2656161,64,102,8169,1996,3543.0,7043.0,1.443514,1.275684,DNK,HUN,711790
2656162,71,102,8169,1996,3406.0,0.0,1.105317,1.9473,ESP,HUN,711790
2656163,77,102,8169,1996,29237.0,7675.0,1.69082,0.721312,FRA,HUN,711790
2656164,81,102,8169,1996,3059.0,0.0,1.850284,0.883084,GBR,HUN,711790
2656165,97,102,8169,1996,191831.0,0.0,0.54364,2.727659,HKG,HUN,711790
2656166,103,102,8169,1996,1299.0,0.0,-0.43199899999999997,1.22074,IDN,HUN,711790
2656167,104,102,8169,1996,12091.0,0.0,0.20685599999999998,2.317622,IND,HUN,711790
2656168,106,102,8169,1996,47142.0,0.0,1.386011,0.9232100000000001,IRL,HUN,711790
2656169,111,102,8169,1996,113725.0,1258.0,1.4674690000000001,1.263362,ITA,HUN,711790
2656170,121,102,8169,1996,39430.0,0.0,0.8946940000000001,1.240424,KOR,HUN,711790
2656171,162,102,8169,1996,17044.0,0.0,1.256625,1.803132,NLD,HUN,711790
2656172,164,102,8169,1996,4673.0,0.0,-0.7390100000000001,-0.647903,NPL,HUN,711790
2656173,173,102,8169,1996,3179.0,0.0,-0.43761000000000005,-0.28077399999999997,PER,HUN,711790
2656174,174,102,8169,1996,3668.0,0.0,-0.276548,0.344986,PHL,HUN,711790
2656175,177,102,8169,1996,2762.0,0.0,0.795489,1.9004729999999999,POL,HUN,711790
2656176,178,102,8169,1996,1754.0,0.0,0.725014,1.20189,PRK,HUN,711790
2656177,186,102,8169,1996,0.0,1369.0,0.900185,0.47723000000000004,RUS,HUN,711790
2656178,189,102,8169,1996,10648.0,0.0,0.786293,2.20126,SCG,HUN,711790
2656179,206,102,8169,1996,1279.0,885.0,1.189398,1.29167,SVK,HUN,711790
2656180,207,102,8169,1996,0.0,2617.0,1.409184,1.37245,SVN,HUN,711790
2656181,208,102,8169,1996,6837.0,2320.0,2.133781,0.9099889999999999,SWE,HUN,711790
2656182,216,102,8169,1996,29621.0,0.0,0.10120599999999999,1.351967,THA,HUN,711790
2656183,231,102,8169,1996,4342.0,7856.0,1.7110560000000001,1.125141,USA,HUN,711790
2656184,249,102,8169,1996,5876.0,0.0,1.432225,1.675389,TWN,HUN,711790
2656185,7,103,8169,1996,0.0,23225.0,-0.245358,-0.726695,ARE,IDN,711790
2656186,8,103,8169,1996,0.0,15448.0,0.167081,0.433612,ARG,IDN,711790
2656187,14,103,8169,1996,79172.0,146354.0,0.369697,0.78069,AUS,IDN,711790
2656188,15,103,8169,1996,0.0,5344.0,1.9216669999999998,0.659388,AUT,IDN,711790
2656189,18,103,8169,1996,5193.0,12601.0,1.549312,1.273767,BEL,IDN,711790
2656190,32,103,8169,1996,0.0,8200.0,0.699658,1.271724,BRA,IDN,711790
2656191,39,103,8169,1996,0.0,16766.0,1.155706,1.1127049999999998,CAN,IDN,711790
2656192,41,103,8169,1996,30403.0,4632.0,2.246238,0.603288,CHE,IDN,711790
2656193,42,103,8169,1996,0.0,7572.0,-0.052811000000000004,-0.169464,CHL,IDN,711790
2656194,43,103,8169,1996,544346.0,0.0,0.404422,3.061344,CHN,IDN,711790
2656195,58,103,8169,1996,0.0,1871.0,0.20007,0.020590999999999998,CYP,IDN,711790
2656196,59,103,8169,1996,0.0,1068.0,1.401181,1.3094709999999998,CZE,IDN,711790
2656197,61,103,8169,1996,19274.0,150079.0,2.279976,-2.572299,DEU,IDN,711790
2656198,64,103,8169,1996,0.0,6858.0,1.443514,1.275684,DNK,IDN,711790
2656199,68,103,8169,1996,0.0,46405.0,-0.5446409999999999,-0.229586,EGY,IDN,711790
2656200,71,103,8169,1996,0.0,128042.0,1.105317,1.9473,ESP,IDN,711790
2656201,74,103,8169,1996,0.0,1396.0,2.0584729999999998,1.006908,FIN,IDN,711790
2656202,77,103,8169,1996,19978.0,217334.0,1.69082,0.721312,FRA,IDN,711790
2656203,81,103,8169,1996,0.0,72901.0,1.850284,0.883084,GBR,IDN,711790
2656204,90,103,8169,1996,0.0,53865.0,0.271386,1.042608,GRC,IDN,711790
2656205,97,103,8169,1996,119139.0,131316.0,0.54364,2.727659,HKG,IDN,711790
2656206,102,103,8169,1996,0.0,1299.0,0.790036,1.891534,HUN,IDN,711790
2656207,104,103,8169,1996,9982.0,13333.0,0.20685599999999998,2.317622,IND,IDN,711790
2656208,106,103,8169,1996,0.0,11200.0,1.386011,0.9232100000000001,IRL,IDN,711790
2656209,111,103,8169,1996,5861.0,74276.0,1.4674690000000001,1.263362,ITA,IDN,711790
2656210,114,103,8169,1996,19538.0,19635.0,2.615364,0.5656939999999999,JPN,IDN,711790
2656211,121,103,8169,1996,1963.0,3801.0,0.8946940000000001,1.240424,KOR,IDN,711790
2656212,128,103,8169,1996,0.0,1199.0,-0.812763,-0.188722,LKA,IDN,711790
2656213,138,103,8169,1996,0.0,4934.0,0.651949,0.9132170000000001,MEX,IDN,711790
2656214,142,103,8169,1996,0.0,1664.0,0.8825440000000001,0.066541,MLT,IDN,711790
2656215,148,103,8169,1996,0.0,1387.0,-1.352902,-1.19204,MRT,IDN,711790
2656216,153,103,8169,1996,24909.0,12946.0,0.351774,0.347262,MYS,IDN,711790
2656217,162,103,8169,1996,0.0,21874.0,1.256625,1.803132,NLD,IDN,711790
2656218,163,103,8169,1996,0.0,23434.0,1.204869,0.303062,NOR,IDN,711790
2656219,166,103,8169,1996,0.0,15842.0,0.49466099999999996,0.8302879999999999,NZL,IDN,711790
2656220,174,103,8169,1996,0.0,944.0,-0.276548,0.344986,PHL,IDN,711790
2656221,179,103,8169,1996,0.0,2509.0,0.39343,1.170144,PRT,IDN,711790
2656222,182,103,8169,1996,0.0,5971.0,0.845308,-0.31763,PYF,IDN,711790
2656223,188,103,8169,1996,0.0,14179.0,0.215265,-0.8577309999999999,SAU,IDN,711790
2656224,192,103,8169,1996,14835.0,4422.0,0.8354299999999999,0.41169799999999995,SGP,IDN,711790
2656225,207,103,8169,1996,0.0,2212.0,1.409184,1.37245,SVN,IDN,711790
2656226,208,103,8169,1996,0.0,7923.0,2.133781,0.9099889999999999,SWE,IDN,711790
2656227,216,103,8169,1996,3350.0,1779.0,0.10120599999999999,1.351967,THA,IDN,711790
2656228,231,103,8169,1996,18828.0,358740.0,1.7110560000000001,1.125141,USA,IDN,711790
2656229,236,103,8169,1996,0.0,4326.0,0.07086100000000001,-0.761307,VEN,IDN,711790
2656230,246,103,8169,1996,0.0,3642.0,0.456593,1.150786,ZAF,IDN,711790
2656231,249,103,8169,1996,45359.0,8340.0,1.432225,1.675389,TWN,IDN,711790
2656232,250,103,8169,1996,0.0,89960.0,1.084978,0.901755,ANS,IDN,711790
2656233,1,104,8169,1996,0.0,113295.0,-0.31642600000000004,-0.620458,AFG,IND,711790
2656234,7,104,8169,1996,0.0,677066.0,-0.245358,-0.726695,ARE,IND,711790
2656235,8,104,8169,1996,0.0,3320.0,0.167081,0.433612,ARG,IND,711790
2656236,14,104,8169,1996,80688.0,169557.0,0.369697,0.78069,AUS,IND,711790
2656237,15,104,8169,1996,0.0,8605.0,1.9216669999999998,0.659388,AUT,IND,711790
2656238,17,104,8169,1996,0.0,758.0,-0.955951,-0.8721180000000001,BDI,IND,711790
2656239,18,104,8169,1996,0.0,188732.0,1.549312,1.273767,BEL,IND,711790
2656240,22,104,8169,1996,0.0,243236.0,-1.060876,-1.05104,BGD,IND,711790
2656241,23,104,8169,1996,0.0,638.0,0.544265,1.523408,BGR,IND,711790
2656242,24,104,8169,1996,0.0,249702.0,-0.062207000000000005,-0.840398,BHR,IND,711790
2656243,32,104,8169,1996,0.0,5346.0,0.699658,1.271724,BRA,IND,711790
2656244,39,104,8169,1996,22205.0,213126.0,1.155706,1.1127049999999998,CAN,IND,711790
2656245,41,104,8169,1996,1347.0,47599.0,2.246238,0.603288,CHE,IND,711790
2656246,42,104,8169,1996,0.0,10285.0,-0.052811000000000004,-0.169464,CHL,IND,711790
2656247,43,104,8169,1996,922.0,915.0,0.404422,3.061344,CHN,IND,711790
2656248,44,104,8169,1996,0.0,2831.0,-0.8720459999999999,-0.7904479999999999,CIV,IND,711790
2656249,46,104,8169,1996,0.0,16898.0,-1.2167,-1.086508,COD,IND,711790
2656250,49,104,8169,1996,0.0,3158.0,0.136487,0.078743,COL,IND,711790
2656251,58,104,8169,1996,0.0,2923.0,0.20007,0.020590999999999998,CYP,IND,711790
2656252,59,104,8169,1996,0.0,2521.0,1.401181,1.3094709999999998,CZE,IND,711790
2656253,61,104,8169,1996,2015.0,350244.0,2.279976,-2.572299,DEU,IND,711790
2656254,64,104,8169,1996,0.0,22306.0,1.443514,1.275684,DNK,IND,711790
2656255,68,104,8169,1996,0.0,14923.0,-0.5446409999999999,-0.229586,EGY,IND,711790
2656256,71,104,8169,1996,0.0,142317.0,1.105317,1.9473,ESP,IND,711790
2656257,73,104,8169,1996,0.0,5157.0,-1.265383,-1.131925,ETH,IND,711790
2656258,74,104,8169,1996,0.0,17803.0,2.0584729999999998,1.006908,FIN,IND,711790
2656259,77,104,8169,1996,2401.0,533256.0,1.69082,0.721312,FRA,IND,711790
2656260,81,104,8169,1996,13043.0,1052001.0,1.850284,0.883084,GBR,IND,711790
2656261,83,104,8169,1996,0.0,4707.0,-1.035244,-0.9834129999999999,GHA,IND,711790
2656262,88,104,8169,1996,0.0,2604.0,-1.853188,-0.8371649999999999,GNB,IND,711790
2656263,90,104,8169,1996,0.0,7174.0,0.271386,1.042608,GRC,IND,711790
2656264,97,104,8169,1996,23745.0,331142.0,0.54364,2.727659,HKG,IND,711790
2656265,100,104,8169,1996,0.0,2519.0,0.772706,1.1075270000000002,HRV,IND,711790
2656266,102,104,8169,1996,0.0,12091.0,0.790036,1.891534,HUN,IND,711790
2656267,103,104,8169,1996,13333.0,9982.0,-0.43199899999999997,1.22074,IDN,IND,711790
2656268,106,104,8169,1996,2689.0,14606.0,1.386011,0.9232100000000001,IRL,IND,711790
2656269,110,104,8169,1996,2253.0,23069.0,1.054975,1.072965,ISR,IND,711790
2656270,111,104,8169,1996,0.0,125571.0,1.4674690000000001,1.263362,ITA,IND,711790
2656271,113,104,8169,1996,0.0,39965.0,0.12203499999999999,-0.41859399999999997,JOR,IND,711790
2656272,114,104,8169,1996,67107.0,352874.0,2.615364,0.5656939999999999,JPN,IND,711790
2656273,116,104,8169,1996,0.0,30928.0,-0.468322,-0.017625,KEN,IND,711790
2656274,121,104,8169,1996,36197.0,12690.0,0.8946940000000001,1.240424,KOR,IND,711790
2656275,122,104,8169,1996,0.0,176428.0,-0.27174499999999996,-1.098243,KWT,IND,711790
2656276,124,104,8169,1996,0.0,3102.0,-0.051973,0.002154,LBN,IND,711790
2656277,128,104,8169,1996,0.0,2715.0,-0.812763,-0.188722,LKA,IND,711790
2656278,132,104,8169,1996,0.0,1088.0,0.33418600000000004,0.1615,LVA,IND,711790
2656279,133,104,8169,1996,0.0,401.0,-0.23007399999999997,-0.34139400000000003,MAC,IND,711790
2656280,134,104,8169,1996,0.0,4900.0,-0.67314,-0.241242,MAR,IND,711790
2656281,136,104,8169,1996,0.0,7813.0,-1.213619,-0.606686,MDG,IND,711790
2656282,137,104,8169,1996,0.0,1171.0,-1.107903,-1.016442,MDV,IND,711790
2656283,138,104,8169,1996,0.0,1617.0,0.651949,0.9132170000000001,MEX,IND,711790
2656284,142,104,8169,1996,0.0,8732.0,0.8825440000000001,0.066541,MLT,IND,711790
2656285,147,104,8169,1996,0.0,3626.0,-1.331264,-1.1260270000000001,MOZ,IND,711790
2656286,151,104,8169,1996,0.0,41954.0,-0.538651,-0.746274,MUS,IND,711790
2656287,153,104,8169,1996,0.0,124850.0,0.351774,0.347262,MYS,IND,711790
2656288,159,104,8169,1996,0.0,55680.0,-1.813359,-1.1967,NGA,IND,711790
2656289,162,104,8169,1996,0.0,130830.0,1.256625,1.803132,NLD,IND,711790
2656290,163,104,8169,1996,0.0,25218.0,1.204869,0.303062,NOR,IND,711790
2656291,164,104,8169,1996,0.0,1119.0,-0.7390100000000001,-0.647903,NPL,IND,711790
2656292,166,104,8169,1996,0.0,21117.0,0.49466099999999996,0.8302879999999999,NZL,IND,711790
2656293,167,104,8169,1996,0.0,31304.0,-0.10243499999999998,-0.8425879999999999,OMN,IND,711790
2656294,169,104,8169,1996,0.0,5785.0,-0.100537,-0.374129,PAN,IND,711790
2656295,173,104,8169,1996,0.0,1373.0,-0.43761000000000005,-0.28077399999999997,PER,IND,711790
2656296,177,104,8169,1996,0.0,66994.0,0.795489,1.9004729999999999,POL,IND,711790
2656297,178,104,8169,1996,3739.0,3612.0,0.725014,1.20189,PRK,IND,711790
2656298,179,104,8169,1996,0.0,4299.0,0.39343,1.170144,PRT,IND,711790
2656299,183,104,8169,1996,0.0,13086.0,-0.48203500000000005,-1.117173,QAT,IND,711790
2656300,186,104,8169,1996,0.0,357888.0,0.900185,0.47723000000000004,RUS,IND,711790
2656301,188,104,8169,1996,0.0,1418565.0,0.215265,-0.8577309999999999,SAU,IND,711790
2656302,190,104,8169,1996,0.0,36397.0,-1.4146459999999998,-1.181707,SDN,IND,711790
2656303,191,104,8169,1996,0.0,2918.0,-0.619785,-0.712171,SEN,IND,711790
2656304,192,104,8169,1996,16517.0,222721.0,0.8354299999999999,0.41169799999999995,SGP,IND,711790
2656305,205,104,8169,1996,0.0,4874.0,-0.93463,-0.797197,SUR,IND,711790
2656306,206,104,8169,1996,0.0,6251.0,1.189398,1.29167,SVK,IND,711790
2656307,207,104,8169,1996,0.0,2059.0,1.409184,1.37245,SVN,IND,711790
2656308,208,104,8169,1996,0.0,104558.0,2.133781,0.9099889999999999,SWE,IND,711790
2656309,212,104,8169,1996,0.0,2217.0,-1.100666,-0.90038,SYR,IND,711790
2656310,215,104,8169,1996,0.0,19910.0,-0.9070459999999999,-0.7702399999999999,TGO,IND,711790
2656311,216,104,8169,1996,38481.0,11024.0,0.10120599999999999,1.351967,THA,IND,711790
2656312,222,104,8169,1996,0.0,713.0,0.19111,-0.488382,TTO,IND,711790
2656313,223,104,8169,1996,0.0,4442.0,-0.28546,-0.089051,TUN,IND,711790
2656314,224,104,8169,1996,0.0,3712.0,0.156866,1.554023,TUR,IND,711790
2656315,226,104,8169,1996,0.0,26025.0,-1.391534,-0.907436,TZA,IND,711790
2656316,227,104,8169,1996,0.0,3562.0,-0.931124,-0.925523,UGA,IND,711790
2656317,230,104,8169,1996,0.0,1070.0,0.171541,0.313934,URY,IND,711790
2656318,231,104,8169,1996,59066.0,5954794.0,1.7110560000000001,1.125141,USA,IND,711790
2656319,232,104,8169,1996,0.0,34535.0,-0.17393499999999998,-0.727476,UZB,IND,711790
2656320,236,104,8169,1996,0.0,1001.0,0.07086100000000001,-0.761307,VEN,IND,711790
2656321,243,104,8169,1996,0.0,60674.0,-1.304556,-1.200523,YEM,IND,711790
2656322,246,104,8169,1996,0.0,45543.0,0.456593,1.150786,ZAF,IND,711790
2656323,247,104,8169,1996,0.0,1122.0,-0.340956,-0.714009,ZMB,IND,711790
2656324,248,104,8169,1996,0.0,1985.0,-0.393769,-0.34379,ZWE,IND,711790
2656325,249,104,8169,1996,1258.0,40806.0,1.432225,1.675389,TWN,IND,711790
2656326,250,104,8169,1996,0.0,1396.0,1.084978,0.901755,ANS,IND,711790
2656327,8,114,8169,1996,0.0,3279.0,0.167081,0.433612,ARG,JPN,711790
2656328,14,114,8169,1996,15259.0,156243.0,0.369697,0.78069,AUS,JPN,711790
2656329,15,114,8169,1996,356474.0,73437.0,1.9216669999999998,0.659388,AUT,JPN,711790
2656330,18,114,8169,1996,83632.0,21493.0,1.549312,1.273767,BEL,JPN,711790
2656331,21,114,8169,1996,5181.0,0.0,-0.680996,-0.863442,BFA,JPN,711790
2656332,32,114,8169,1996,0.0,6007.0,0.699658,1.271724,BRA,JPN,711790
2656333,39,114,8169,1996,132220.0,32941.0,1.155706,1.1127049999999998,CAN,JPN,711790
2656334,41,114,8169,1996,358772.0,13517.0,2.246238,0.603288,CHE,JPN,711790
2656335,42,114,8169,1996,1348.0,0.0,-0.052811000000000004,-0.169464,CHL,JPN,711790
2656336,43,114,8169,1996,2747044.0,99018.0,0.404422,3.061344,CHN,JPN,711790
2656337,49,114,8169,1996,8095.0,4584.0,0.136487,0.078743,COL,JPN,711790
2656338,52,114,8169,1996,8027.0,0.0,-0.34219499999999997,0.12221900000000001,CRI,JPN,711790
2656339,59,114,8169,1996,398405.0,0.0,1.401181,1.3094709999999998,CZE,JPN,711790
2656340,61,114,8169,1996,1243704.0,58405.0,2.279976,-2.572299,DEU,JPN,711790
2656341,64,114,8169,1996,46240.0,111725.0,1.443514,1.275684,DNK,JPN,711790
2656342,65,114,8169,1996,7849.0,0.0,-0.596093,-0.5602060000000001,DOM,JPN,711790
2656343,67,114,8169,1996,0.0,3661.0,-1.1391200000000001,-0.992735,ECU,JPN,711790
2656344,71,114,8169,1996,570240.0,21828.0,1.105317,1.9473,ESP,JPN,711790
2656345,72,114,8169,1996,1719.0,0.0,0.53397,1.0877940000000001,EST,JPN,711790
2656346,74,114,8169,1996,13156.0,1894.0,2.0584729999999998,1.006908,FIN,JPN,711790
2656347,75,114,8169,1996,2559.0,0.0,-0.7977,-0.9271879999999999,FJI,JPN,711790
2656348,77,114,8169,1996,7819152.0,21748.0,1.69082,0.721312,FRA,JPN,711790
2656349,81,114,8169,1996,1398044.0,124508.0,1.850284,0.883084,GBR,JPN,711790
2656350,83,114,8169,1996,2435.0,0.0,-1.035244,-0.9834129999999999,GHA,JPN,711790
2656351,90,114,8169,1996,11994.0,0.0,0.271386,1.042608,GRC,JPN,711790
2656352,93,114,8169,1996,1750.0,1204.0,-0.332901,0.23790300000000003,GTM,JPN,711790
2656353,97,114,8169,1996,337552.0,315456.0,0.54364,2.727659,HKG,JPN,711790
2656354,103,114,8169,1996,19635.0,19538.0,-0.43199899999999997,1.22074,IDN,JPN,711790
2656355,104,114,8169,1996,352874.0,67107.0,0.20685599999999998,2.317622,IND,JPN,711790
2656356,106,114,8169,1996,6765.0,0.0,1.386011,0.9232100000000001,IRL,JPN,711790
2656357,109,114,8169,1996,0.0,7304.0,0.003558,-0.551796,ISL,JPN,711790
2656358,110,114,8169,1996,31624.0,0.0,1.054975,1.072965,ISR,JPN,711790
2656359,111,114,8169,1996,2243003.0,62452.0,1.4674690000000001,1.263362,ITA,JPN,711790
2656360,116,114,8169,1996,22916.0,0.0,-0.468322,-0.017625,KEN,JPN,711790
2656361,117,114,8169,1996,1334.0,0.0,0.350901,0.529512,KGZ,JPN,711790
2656362,121,114,8169,1996,1159772.0,246143.0,0.8946940000000001,1.240424,KOR,JPN,711790
2656363,128,114,8169,1996,1981.0,2091.0,-0.812763,-0.188722,LKA,JPN,711790
2656364,133,114,8169,1996,16608.0,0.0,-0.23007399999999997,-0.34139400000000003,MAC,JPN,711790
2656365,138,114,8169,1996,2838.0,6942.0,0.651949,0.9132170000000001,MEX,JPN,711790
2656366,141,114,8169,1996,5409.0,0.0,-0.987858,-0.9677040000000001,MLI,JPN,711790
2656367,142,114,8169,1996,0.0,1926.0,0.8825440000000001,0.066541,MLT,JPN,711790
2656368,151,114,8169,1996,0.0,5612.0,-0.538651,-0.746274,MUS,JPN,711790
2656369,153,114,8169,1996,3682.0,4008.0,0.351774,0.347262,MYS,JPN,711790
2656370,159,114,8169,1996,0.0,3832.0,-1.813359,-1.1967,NGA,JPN,711790
2656371,162,114,8169,1996,6537.0,39050.0,1.256625,1.803132,NLD,JPN,711790
2656372,163,114,8169,1996,5204.0,44529.0,1.204869,0.303062,NOR,JPN,711790
2656373,164,114,8169,1996,7375.0,0.0,-0.7390100000000001,-0.647903,NPL,JPN,711790
2656374,166,114,8169,1996,7701.0,1679.0,0.49466099999999996,0.8302879999999999,NZL,JPN,711790
2656375,167,114,8169,1996,0.0,12325.0,-0.10243499999999998,-0.8425879999999999,OMN,JPN,711790
2656376,169,114,8169,1996,1769.0,2588.0,-0.100537,-0.374129,PAN,JPN,711790
2656377,173,114,8169,1996,22322.0,0.0,-0.43761000000000005,-0.28077399999999997,PER,JPN,711790
2656378,174,114,8169,1996,1165891.0,13803.0,-0.276548,0.344986,PHL,JPN,711790
2656379,177,114,8169,1996,77061.0,0.0,0.795489,1.9004729999999999,POL,JPN,711790
2656380,186,114,8169,1996,92667.0,53244.0,0.900185,0.47723000000000004,RUS,JPN,711790
2656381,188,114,8169,1996,0.0,58930.0,0.215265,-0.8577309999999999,SAU,JPN,711790
2656382,191,114,8169,1996,1945.0,4181.0,-0.619785,-0.712171,SEN,JPN,711790
2656383,192,114,8169,1996,8308.0,23699.0,0.8354299999999999,0.41169799999999995,SGP,JPN,711790
2656384,206,114,8169,1996,2306.0,0.0,1.189398,1.29167,SVK,JPN,711790
2656385,208,114,8169,1996,14530.0,272443.0,2.133781,0.9099889999999999,SWE,JPN,711790
2656386,216,114,8169,1996,164830.0,32738.0,0.10120599999999999,1.351967,THA,JPN,711790
2656387,222,114,8169,1996,0.0,2251.0,0.19111,-0.488382,TTO,JPN,711790
2656388,223,114,8169,1996,3897.0,0.0,-0.28546,-0.089051,TUN,JPN,711790
2656389,224,114,8169,1996,2734.0,5174.0,0.156866,1.554023,TUR,JPN,711790
2656390,230,114,8169,1996,0.0,4108.0,0.171541,0.313934,URY,JPN,711790
2656391,231,114,8169,1996,11275816.0,5760478.0,1.7110560000000001,1.125141,USA,JPN,711790
2656392,246,114,8169,1996,18558.0,34048.0,0.456593,1.150786,ZAF,JPN,711790
2656393,249,114,8169,1996,1934280.0,54536.0,1.432225,1.675389,TWN,JPN,711790
2656394,250,114,8169,1996,4586.0,6423.0,1.084978,0.901755,ANS,JPN,711790
2656395,43,117,8169,1996,1249.0,0.0,0.404422,3.061344,CHN,KGZ,711790
2656396,114,117,8169,1996,0.0,1334.0,2.615364,0.5656939999999999,JPN,KGZ,711790
2656397,7,130,8169,1996,0.0,1732.0,-0.245358,-0.726695,ARE,LTU,711790
2656398,18,130,8169,1996,10351.0,0.0,1.549312,1.273767,BEL,LTU,711790
2656399,59,130,8169,1996,31714.0,0.0,1.401181,1.3094709999999998,CZE,LTU,711790
2656400,61,130,8169,1996,2017.0,7992.0,2.279976,-2.572299,DEU,LTU,711790
2656401,64,130,8169,1996,0.0,47421.0,1.443514,1.275684,DNK,LTU,711790
2656402,72,130,8169,1996,11626.0,0.0,0.53397,1.0877940000000001,EST,LTU,711790
2656403,77,130,8169,1996,3677.0,3541.0,1.69082,0.721312,FRA,LTU,711790
2656404,81,130,8169,1996,740.0,2370.0,1.850284,0.883084,GBR,LTU,711790
2656405,97,130,8169,1996,0.0,26802.0,0.54364,2.727659,HKG,LTU,711790
2656406,121,130,8169,1996,0.0,1752.0,0.8946940000000001,1.240424,KOR,LTU,711790
2656407,132,130,8169,1996,0.0,6736.0,0.33418600000000004,0.1615,LVA,LTU,711790
2656408,163,130,8169,1996,0.0,784.0,1.204869,0.303062,NOR,LTU,711790
2656409,177,130,8169,1996,15515.0,0.0,0.795489,1.9004729999999999,POL,LTU,711790
2656410,186,130,8169,1996,0.0,14019.0,0.900185,0.47723000000000004,RUS,LTU,711790
2656411,208,130,8169,1996,1846.0,17453.0,2.133781,0.9099889999999999,SWE,LTU,711790
2656412,224,130,8169,1996,2934.0,0.0,0.156866,1.554023,TUR,LTU,711790
2656413,228,130,8169,1996,0.0,867.0,0.896537,0.9241459999999999,UKR,LTU,711790
2656414,231,130,8169,1996,981.0,1091.0,1.7110560000000001,1.125141,USA,LTU,711790
2656415,249,130,8169,1996,0.0,18217.0,1.432225,1.675389,TWN,LTU,711790
2656416,18,132,8169,1996,6001.0,0.0,1.549312,1.273767,BEL,LVA,711790
2656417,41,132,8169,1996,828.0,0.0,2.246238,0.603288,CHE,LVA,711790
2656418,59,132,8169,1996,1131.0,2803.0,1.401181,1.3094709999999998,CZE,LVA,711790
2656419,61,132,8169,1996,57513.0,0.0,2.279976,-2.572299,DEU,LVA,711790
2656420,72,132,8169,1996,4672.0,0.0,0.53397,1.0877940000000001,EST,LVA,711790
2656421,74,132,8169,1996,12527.0,0.0,2.0584729999999998,1.006908,FIN,LVA,711790
2656422,77,132,8169,1996,1366.0,0.0,1.69082,0.721312,FRA,LVA,711790
2656423,97,132,8169,1996,1223.0,0.0,0.54364,2.727659,HKG,LVA,711790
2656424,104,132,8169,1996,1088.0,0.0,0.20685599999999998,2.317622,IND,LVA,711790
2656425,110,132,8169,1996,1753.0,0.0,1.054975,1.072965,ISR,LVA,711790
2656426,111,132,8169,1996,5951.0,0.0,1.4674690000000001,1.263362,ITA,LVA,711790
2656427,130,132,8169,1996,6736.0,0.0,0.40520500000000004,0.9465950000000001,LTU,LVA,711790
2656428,177,132,8169,1996,7517.0,0.0,0.795489,1.9004729999999999,POL,LVA,711790
2656429,186,132,8169,1996,0.0,6642.0,0.900185,0.47723000000000004,RUS,LVA,711790
2656430,208,132,8169,1996,1595.0,0.0,2.133781,0.9099889999999999,SWE,LVA,711790
2656431,231,132,8169,1996,14824.0,0.0,1.7110560000000001,1.125141,USA,LVA,711790
2656432,250,132,8169,1996,6367.0,0.0,1.084978,0.901755,ANS,LVA,711790
2656433,15,142,8169,1996,831.0,0.0,1.9216669999999998,0.659388,AUT,MLT,711790
2656434,39,142,8169,1996,1855.0,0.0,1.155706,1.1127049999999998,CAN,MLT,711790
2656435,41,142,8169,1996,4105.0,0.0,2.246238,0.603288,CHE,MLT,711790
2656436,43,142,8169,1996,5170.0,0.0,0.404422,3.061344,CHN,MLT,711790
2656437,61,142,8169,1996,25736.0,0.0,2.279976,-2.572299,DEU,MLT,711790
2656438,71,142,8169,1996,7377.0,0.0,1.105317,1.9473,ESP,MLT,711790
2656439,77,142,8169,1996,2572.0,0.0,1.69082,0.721312,FRA,MLT,711790
2656440,81,142,8169,1996,54804.0,0.0,1.850284,0.883084,GBR,MLT,711790
2656441,97,142,8169,1996,15171.0,0.0,0.54364,2.727659,HKG,MLT,711790
2656442,103,142,8169,1996,1664.0,0.0,-0.43199899999999997,1.22074,IDN,MLT,711790
2656443,104,142,8169,1996,8732.0,0.0,0.20685599999999998,2.317622,IND,MLT,711790
2656444,111,142,8169,1996,85154.0,0.0,1.4674690000000001,1.263362,ITA,MLT,711790
2656445,114,142,8169,1996,1926.0,0.0,2.615364,0.5656939999999999,JPN,MLT,711790
2656446,121,142,8169,1996,3779.0,0.0,0.8946940000000001,1.240424,KOR,MLT,711790
2656447,162,142,8169,1996,1037.0,0.0,1.256625,1.803132,NLD,MLT,711790
2656448,174,142,8169,1996,1282.0,0.0,-0.276548,0.344986,PHL,MLT,711790
2656449,216,142,8169,1996,1828.0,0.0,0.10120599999999999,1.351967,THA,MLT,711790
2656450,223,142,8169,1996,1107.0,0.0,-0.28546,-0.089051,TUN,MLT,711790
2656451,231,142,8169,1996,25988.0,0.0,1.7110560000000001,1.125141,USA,MLT,711790
2656452,249,142,8169,1996,42103.0,0.0,1.432225,1.675389,TWN,MLT,711790
2656453,7,167,8169,1996,29246.0,75885.0,-0.245358,-0.726695,ARE,OMN,711790
2656454,15,167,8169,1996,4960.0,0.0,1.9216669999999998,0.659388,AUT,OMN,711790
2656455,18,167,8169,1996,1057.0,0.0,1.549312,1.273767,BEL,OMN,711790
2656456,24,167,8169,1996,9408.0,0.0,-0.062207000000000005,-0.840398,BHR,OMN,711790
2656457,41,167,8169,1996,15647.0,0.0,2.246238,0.603288,CHE,OMN,711790
2656458,43,167,8169,1996,1454.0,0.0,0.404422,3.061344,CHN,OMN,711790
2656459,61,167,8169,1996,16616.0,0.0,2.279976,-2.572299,DEU,OMN,711790
2656460,68,167,8169,1996,23130.0,0.0,-0.5446409999999999,-0.229586,EGY,OMN,711790
2656461,71,167,8169,1996,4571.0,0.0,1.105317,1.9473,ESP,OMN,711790
2656462,77,167,8169,1996,65296.0,0.0,1.69082,0.721312,FRA,OMN,711790
2656463,81,167,8169,1996,6205.0,0.0,1.850284,0.883084,GBR,OMN,711790
2656464,97,167,8169,1996,19973.0,0.0,0.54364,2.727659,HKG,OMN,711790
2656465,104,167,8169,1996,31304.0,0.0,0.20685599999999998,2.317622,IND,OMN,711790
2656466,107,167,8169,1996,3314.0,0.0,-0.7496649999999999,-1.1173520000000001,IRN,OMN,711790
2656467,111,167,8169,1996,66218.0,0.0,1.4674690000000001,1.263362,ITA,OMN,711790
2656468,114,167,8169,1996,12325.0,0.0,2.615364,0.5656939999999999,JPN,OMN,711790
2656469,121,167,8169,1996,9148.0,0.0,0.8946940000000001,1.240424,KOR,OMN,711790
2656470,122,167,8169,1996,9434.0,0.0,-0.27174499999999996,-1.098243,KWT,OMN,711790
2656471,162,167,8169,1996,1169.0,0.0,1.256625,1.803132,NLD,OMN,711790
2656472,168,167,8169,1996,10788.0,0.0,-0.7543300000000001,-0.393654,PAK,OMN,711790
2656473,174,167,8169,1996,2830.0,0.0,-0.276548,0.344986,PHL,OMN,711790
2656474,177,167,8169,1996,18038.0,0.0,0.795489,1.9004729999999999,POL,OMN,711790
2656475,183,167,8169,1996,8020.0,0.0,-0.48203500000000005,-1.117173,QAT,OMN,711790
2656476,188,167,8169,1996,5070.0,0.0,0.215265,-0.8577309999999999,SAU,OMN,711790
2656477,192,167,8169,1996,28370.0,0.0,0.8354299999999999,0.41169799999999995,SGP,OMN,711790
2656478,216,167,8169,1996,3992.0,0.0,0.10120599999999999,1.351967,THA,OMN,711790
2656479,231,167,8169,1996,3694.0,0.0,1.7110560000000001,1.125141,USA,OMN,711790
2656480,249,167,8169,1996,21185.0,0.0,1.432225,1.675389,TWN,OMN,711790
2656481,14,177,8169,1996,1398.0,9375.0,0.369697,0.78069,AUS,POL,711790
2656482,15,177,8169,1996,4740.0,13323.0,1.9216669999999998,0.659388,AUT,POL,711790
2656483,18,177,8169,1996,946.0,20114.0,1.549312,1.273767,BEL,POL,711790
2656484,39,177,8169,1996,0.0,2481.0,1.155706,1.1127049999999998,CAN,POL,711790
2656485,41,177,8169,1996,16576.0,10345.0,2.246238,0.603288,CHE,POL,711790
2656486,43,177,8169,1996,140917.0,0.0,0.404422,3.061344,CHN,POL,711790
2656487,59,177,8169,1996,362092.0,83605.0,1.401181,1.3094709999999998,CZE,POL,711790
2656488,61,177,8169,1996,168147.0,158111.0,2.279976,-2.572299,DEU,POL,711790
2656489,64,177,8169,1996,11471.0,92302.0,1.443514,1.275684,DNK,POL,711790
2656490,71,177,8169,1996,14731.0,25521.0,1.105317,1.9473,ESP,POL,711790
2656491,72,177,8169,1996,0.0,2570.0,0.53397,1.0877940000000001,EST,POL,711790
2656492,74,177,8169,1996,0.0,1182.0,2.0584729999999998,1.006908,FIN,POL,711790
2656493,77,177,8169,1996,12172.0,112159.0,1.69082,0.721312,FRA,POL,711790
2656494,81,177,8169,1996,73757.0,79778.0,1.850284,0.883084,GBR,POL,711790
2656495,97,177,8169,1996,16661.0,0.0,0.54364,2.727659,HKG,POL,711790
2656496,102,177,8169,1996,0.0,2762.0,0.790036,1.891534,HUN,POL,711790
2656497,104,177,8169,1996,66994.0,0.0,0.20685599999999998,2.317622,IND,POL,711790
2656498,111,177,8169,1996,49441.0,4859.0,1.4674690000000001,1.263362,ITA,POL,711790
2656499,114,177,8169,1996,0.0,77061.0,2.615364,0.5656939999999999,JPN,POL,711790
2656500,121,177,8169,1996,332882.0,4897.0,0.8946940000000001,1.240424,KOR,POL,711790
2656501,130,177,8169,1996,0.0,15515.0,0.40520500000000004,0.9465950000000001,LTU,POL,711790
2656502,132,177,8169,1996,0.0,7517.0,0.33418600000000004,0.1615,LVA,POL,711790
2656503,135,177,8169,1996,0.0,136863.0,0.198427,0.026004000000000003,MDA,POL,711790
2656504,162,177,8169,1996,1353.0,12562.0,1.256625,1.803132,NLD,POL,711790
2656505,163,177,8169,1996,0.0,88088.0,1.204869,0.303062,NOR,POL,711790
2656506,166,177,8169,1996,0.0,1047.0,0.49466099999999996,0.8302879999999999,NZL,POL,711790
2656507,167,177,8169,1996,0.0,18038.0,-0.10243499999999998,-0.8425879999999999,OMN,POL,711790
2656508,173,177,8169,1996,1942.0,0.0,-0.43761000000000005,-0.28077399999999997,PER,POL,711790
2656509,174,177,8169,1996,3716.0,0.0,-0.276548,0.344986,PHL,POL,711790
2656510,179,177,8169,1996,0.0,8824.0,0.39343,1.170144,PRT,POL,711790
2656511,182,177,8169,1996,0.0,1913.0,0.845308,-0.31763,PYF,POL,711790
2656512,188,177,8169,1996,0.0,1241.0,0.215265,-0.8577309999999999,SAU,POL,711790
2656513,206,177,8169,1996,0.0,8154.0,1.189398,1.29167,SVK,POL,711790
2656514,208,177,8169,1996,2062.0,114213.0,2.133781,0.9099889999999999,SWE,POL,711790
2656515,216,177,8169,1996,12816.0,0.0,0.10120599999999999,1.351967,THA,POL,711790
2656516,224,177,8169,1996,3705.0,17531.0,0.156866,1.554023,TUR,POL,711790
2656517,231,177,8169,1996,64858.0,234730.0,1.7110560000000001,1.125141,USA,POL,711790
2656518,250,177,8169,1996,207708.0,142043.0,1.084978,0.901755,ANS,POL,711790
2656519,15,185,8169,1996,0.0,1089.0,1.9216669999999998,0.659388,AUT,ROU,711790
2656520,18,185,8169,1996,10206.0,0.0,1.549312,1.273767,BEL,ROU,711790
2656521,43,185,8169,1996,5179.0,0.0,0.404422,3.061344,CHN,ROU,711790
2656522,59,185,8169,1996,16052.0,0.0,1.401181,1.3094709999999998,CZE,ROU,711790
2656523,61,185,8169,1996,88142.0,0.0,2.279976,-2.572299,DEU,ROU,711790
2656524,71,185,8169,1996,12500.0,0.0,1.105317,1.9473,ESP,ROU,711790
2656525,81,185,8169,1996,1272.0,0.0,1.850284,0.883084,GBR,ROU,711790
2656526,90,185,8169,1996,3603.0,0.0,0.271386,1.042608,GRC,ROU,711790
2656527,111,185,8169,1996,36756.0,0.0,1.4674690000000001,1.263362,ITA,ROU,711790
2656528,163,185,8169,1996,0.0,5938.0,1.204869,0.303062,NOR,ROU,711790
2656529,192,185,8169,1996,20820.0,0.0,0.8354299999999999,0.41169799999999995,SGP,ROU,711790
2656530,231,185,8169,1996,12948.0,0.0,1.7110560000000001,1.125141,USA,ROU,711790
2656531,9,186,8169,1996,2685.0,3707.0,0.8798090000000001,0.05873300000000001,ARM,RUS,711790
2656532,14,186,8169,1996,0.0,7800.0,0.369697,0.78069,AUS,RUS,711790
2656533,15,186,8169,1996,503231.0,0.0,1.9216669999999998,0.659388,AUT,RUS,711790
2656534,18,186,8169,1996,99122.0,0.0,1.549312,1.273767,BEL,RUS,711790
2656535,22,186,8169,1996,755.0,0.0,-1.060876,-1.05104,BGD,RUS,711790
2656536,23,186,8169,1996,7015.0,0.0,0.544265,1.523408,BGR,RUS,711790
2656537,39,186,8169,1996,1365.0,2192.0,1.155706,1.1127049999999998,CAN,RUS,711790
2656538,41,186,8169,1996,34040.0,1340.0,2.246238,0.603288,CHE,RUS,711790
2656539,43,186,8169,1996,659353.0,0.0,0.404422,3.061344,CHN,RUS,711790
2656540,58,186,8169,1996,1035.0,0.0,0.20007,0.020590999999999998,CYP,RUS,711790
2656541,59,186,8169,1996,134536.0,2393.0,1.401181,1.3094709999999998,CZE,RUS,711790
2656542,61,186,8169,1996,60323.0,1197.0,2.279976,-2.572299,DEU,RUS,711790
2656543,64,186,8169,1996,4932.0,0.0,1.443514,1.275684,DNK,RUS,711790
2656544,71,186,8169,1996,170822.0,0.0,1.105317,1.9473,ESP,RUS,711790
2656545,74,186,8169,1996,15290.0,5173.0,2.0584729999999998,1.006908,FIN,RUS,711790
2656546,77,186,8169,1996,185417.0,4364.0,1.69082,0.721312,FRA,RUS,711790
2656547,81,186,8169,1996,33848.0,1775.0,1.850284,0.883084,GBR,RUS,711790
2656548,97,186,8169,1996,129514.0,0.0,0.54364,2.727659,HKG,RUS,711790
2656549,102,186,8169,1996,1369.0,0.0,0.790036,1.891534,HUN,RUS,711790
2656550,104,186,8169,1996,357888.0,0.0,0.20685599999999998,2.317622,IND,RUS,711790
2656551,106,186,8169,1996,18089.0,0.0,1.386011,0.9232100000000001,IRL,RUS,711790
2656552,110,186,8169,1996,1330282.0,0.0,1.054975,1.072965,ISR,RUS,711790
2656553,111,186,8169,1996,91238.0,1742.0,1.4674690000000001,1.263362,ITA,RUS,711790
2656554,114,186,8169,1996,53244.0,92667.0,2.615364,0.5656939999999999,JPN,RUS,711790
2656555,115,186,8169,1996,0.0,3707.0,0.48902799999999996,0.154932,KAZ,RUS,711790
2656556,121,186,8169,1996,51439.0,0.0,0.8946940000000001,1.240424,KOR,RUS,711790
2656557,130,186,8169,1996,14019.0,0.0,0.40520500000000004,0.9465950000000001,LTU,RUS,711790
2656558,132,186,8169,1996,6642.0,0.0,0.33418600000000004,0.1615,LVA,RUS,711790
2656559,162,186,8169,1996,17249.0,0.0,1.256625,1.803132,NLD,RUS,711790
2656560,163,186,8169,1996,3270.0,1538.0,1.204869,0.303062,NOR,RUS,711790
2656561,173,186,8169,1996,2183.0,0.0,-0.43761000000000005,-0.28077399999999997,PER,RUS,711790
2656562,192,186,8169,1996,0.0,1998.0,0.8354299999999999,0.41169799999999995,SGP,RUS,711790
2656563,208,186,8169,1996,39600.0,0.0,2.133781,0.9099889999999999,SWE,RUS,711790
2656564,216,186,8169,1996,7874.0,0.0,0.10120599999999999,1.351967,THA,RUS,711790
2656565,219,186,8169,1996,0.0,3240.0,-0.756087,-1.160548,TKM,RUS,711790
2656566,224,186,8169,1996,5372.0,0.0,0.156866,1.554023,TUR,RUS,711790
2656567,228,186,8169,1996,0.0,20486.0,0.896537,0.9241459999999999,UKR,RUS,711790
2656568,231,186,8169,1996,72750.0,57969.0,1.7110560000000001,1.125141,USA,RUS,711790
2656569,232,186,8169,1996,9440.0,0.0,-0.17393499999999998,-0.727476,UZB,RUS,711790
2656570,246,186,8169,1996,7453.0,0.0,0.456593,1.150786,ZAF,RUS,711790
2656571,249,186,8169,1996,14593.0,0.0,1.432225,1.675389,TWN,RUS,711790
2656572,7,188,8169,1996,58086.0,3145.0,-0.245358,-0.726695,ARE,SAU,711790
2656573,14,188,8169,1996,41748.0,0.0,0.369697,0.78069,AUS,SAU,711790
2656574,15,188,8169,1996,5143.0,0.0,1.9216669999999998,0.659388,AUT,SAU,711790
2656575,18,188,8169,1996,11469.0,0.0,1.549312,1.273767,BEL,SAU,711790
2656576,28,188,8169,1996,83346.0,0.0,0.7285550000000001,0.660716,BLR,SAU,711790
2656577,39,188,8169,1996,11238.0,0.0,1.155706,1.1127049999999998,CAN,SAU,711790
2656578,41,188,8169,1996,1581.0,0.0,2.246238,0.603288,CHE,SAU,711790
2656579,43,188,8169,1996,1063976.0,0.0,0.404422,3.061344,CHN,SAU,711790
2656580,58,188,8169,1996,4871.0,0.0,0.20007,0.020590999999999998,CYP,SAU,711790
2656581,59,188,8169,1996,172969.0,0.0,1.401181,1.3094709999999998,CZE,SAU,711790
2656582,61,188,8169,1996,64999.0,0.0,2.279976,-2.572299,DEU,SAU,711790
2656583,64,188,8169,1996,2304.0,0.0,1.443514,1.275684,DNK,SAU,711790
2656584,68,188,8169,1996,32467.0,0.0,-0.5446409999999999,-0.229586,EGY,SAU,711790
2656585,71,188,8169,1996,16055.0,0.0,1.105317,1.9473,ESP,SAU,711790
2656586,77,188,8169,1996,237467.0,0.0,1.69082,0.721312,FRA,SAU,711790
2656587,81,188,8169,1996,300167.0,0.0,1.850284,0.883084,GBR,SAU,711790
2656588,90,188,8169,1996,2089.0,0.0,0.271386,1.042608,GRC,SAU,711790
2656589,97,188,8169,1996,560840.0,8410.0,0.54364,2.727659,HKG,SAU,711790
2656590,103,188,8169,1996,14179.0,0.0,-0.43199899999999997,1.22074,IDN,SAU,711790
2656591,104,188,8169,1996,1418565.0,0.0,0.20685599999999998,2.317622,IND,SAU,711790
2656592,107,188,8169,1996,1942.0,0.0,-0.7496649999999999,-1.1173520000000001,IRN,SAU,711790
2656593,111,188,8169,1996,111117.0,0.0,1.4674690000000001,1.263362,ITA,SAU,711790
2656594,114,188,8169,1996,58930.0,0.0,2.615364,0.5656939999999999,JPN,SAU,711790
2656595,121,188,8169,1996,71588.0,0.0,0.8946940000000001,1.240424,KOR,SAU,711790
2656596,122,188,8169,1996,0.0,20260.0,-0.27174499999999996,-1.098243,KWT,SAU,711790
2656597,124,188,8169,1996,7444.0,0.0,-0.051973,0.002154,LBN,SAU,711790
2656598,153,188,8169,1996,7654.0,0.0,0.351774,0.347262,MYS,SAU,711790
2656599,162,188,8169,1996,1271.0,0.0,1.256625,1.803132,NLD,SAU,711790
2656600,163,188,8169,1996,0.0,1016.0,1.204869,0.303062,NOR,SAU,711790
2656601,167,188,8169,1996,0.0,5070.0,-0.10243499999999998,-0.8425879999999999,OMN,SAU,711790
2656602,168,188,8169,1996,5279.0,0.0,-0.7543300000000001,-0.393654,PAK,SAU,711790
2656603,174,188,8169,1996,32877.0,0.0,-0.276548,0.344986,PHL,SAU,711790
2656604,177,188,8169,1996,1241.0,0.0,0.795489,1.9004729999999999,POL,SAU,711790
2656605,178,188,8169,1996,8689.0,0.0,0.725014,1.20189,PRK,SAU,711790
2656606,190,188,8169,1996,0.0,2716.0,-1.4146459999999998,-1.181707,SDN,SAU,711790
2656607,192,188,8169,1996,62037.0,0.0,0.8354299999999999,0.41169799999999995,SGP,SAU,711790
2656608,208,188,8169,1996,1033.0,0.0,2.133781,0.9099889999999999,SWE,SAU,711790
2656609,212,188,8169,1996,1498.0,0.0,-1.100666,-0.90038,SYR,SAU,711790
2656610,216,188,8169,1996,479905.0,0.0,0.10120599999999999,1.351967,THA,SAU,711790
2656611,224,188,8169,1996,6296.0,0.0,0.156866,1.554023,TUR,SAU,711790
2656612,231,188,8169,1996,59334.0,0.0,1.7110560000000001,1.125141,USA,SAU,711790
2656613,249,188,8169,1996,761065.0,0.0,1.432225,1.675389,TWN,SAU,711790
2656614,6,192,8169,1996,0.0,5374.0,0.29339,-0.572443,ANT,SGP,711790
2656615,7,192,8169,1996,43273.0,74497.0,-0.245358,-0.726695,ARE,SGP,711790
2656616,14,192,8169,1996,172587.0,4500.0,0.369697,0.78069,AUS,SGP,711790
2656617,15,192,8169,1996,8199.0,1599.0,1.9216669999999998,0.659388,AUT,SGP,711790
2656618,18,192,8169,1996,44907.0,2110.0,1.549312,1.273767,BEL,SGP,711790
2656619,22,192,8169,1996,0.0,2447.0,-1.060876,-1.05104,BGD,SGP,711790
2656620,24,192,8169,1996,0.0,92394.0,-0.062207000000000005,-0.840398,BHR,SGP,711790
2656621,25,192,8169,1996,1361.0,0.0,0.363917,-0.380614,BHS,SGP,711790
2656622,34,192,8169,1996,0.0,56887.0,-0.848331,-0.779511,BRN,SGP,711790
2656623,39,192,8169,1996,61774.0,0.0,1.155706,1.1127049999999998,CAN,SGP,711790
2656624,41,192,8169,1996,121674.0,10325.0,2.246238,0.603288,CHE,SGP,711790
2656625,43,192,8169,1996,126682.0,2143.0,0.404422,3.061344,CHN,SGP,711790
2656626,58,192,8169,1996,0.0,7842.0,0.20007,0.020590999999999998,CYP,SGP,711790
2656627,61,192,8169,1996,48307.0,32342.0,2.279976,-2.572299,DEU,SGP,711790
2656628,64,192,8169,1996,8699.0,2865.0,1.443514,1.275684,DNK,SGP,711790
2656629,67,192,8169,1996,0.0,1562.0,-1.1391200000000001,-0.992735,ECU,SGP,711790
2656630,68,192,8169,1996,0.0,57148.0,-0.5446409999999999,-0.229586,EGY,SGP,711790
2656631,71,192,8169,1996,18128.0,6987.0,1.105317,1.9473,ESP,SGP,711790
2656632,74,192,8169,1996,2116.0,0.0,2.0584729999999998,1.006908,FIN,SGP,711790
2656633,75,192,8169,1996,0.0,19267.0,-0.7977,-0.9271879999999999,FJI,SGP,711790
2656634,77,192,8169,1996,118463.0,15080.0,1.69082,0.721312,FRA,SGP,711790
2656635,81,192,8169,1996,334042.0,39239.0,1.850284,0.883084,GBR,SGP,711790
2656636,90,192,8169,1996,5609.0,0.0,0.271386,1.042608,GRC,SGP,711790
2656637,97,192,8169,1996,1406242.0,28025.0,0.54364,2.727659,HKG,SGP,711790
2656638,100,192,8169,1996,0.0,1138.0,0.772706,1.1075270000000002,HRV,SGP,711790
2656639,103,192,8169,1996,4422.0,14835.0,-0.43199899999999997,1.22074,IDN,SGP,711790
2656640,104,192,8169,1996,222721.0,16517.0,0.20685599999999998,2.317622,IND,SGP,711790
2656641,110,192,8169,1996,0.0,65754.0,1.054975,1.072965,ISR,SGP,711790
2656642,111,192,8169,1996,245816.0,0.0,1.4674690000000001,1.263362,ITA,SGP,711790
2656643,114,192,8169,1996,23699.0,8308.0,2.615364,0.5656939999999999,JPN,SGP,711790
2656644,121,192,8169,1996,101399.0,0.0,0.8946940000000001,1.240424,KOR,SGP,711790
2656645,122,192,8169,1996,0.0,23900.0,-0.27174499999999996,-1.098243,KWT,SGP,711790
2656646,128,192,8169,1996,13236.0,1769.0,-0.812763,-0.188722,LKA,SGP,711790
2656647,138,192,8169,1996,5811.0,0.0,0.651949,0.9132170000000001,MEX,SGP,711790
2656648,143,192,8169,1996,0.0,19575.0,-1.556357,-1.078395,MMR,SGP,711790
2656649,151,192,8169,1996,0.0,2665.0,-0.538651,-0.746274,MUS,SGP,711790
2656650,153,192,8169,1996,44040.0,230620.0,0.351774,0.347262,MYS,SGP,711790
2656651,162,192,8169,1996,6704.0,4438.0,1.256625,1.803132,NLD,SGP,711790
2656652,166,192,8169,1996,25501.0,0.0,0.49466099999999996,0.8302879999999999,NZL,SGP,711790
2656653,167,192,8169,1996,0.0,28370.0,-0.10243499999999998,-0.8425879999999999,OMN,SGP,711790
2656654,174,192,8169,1996,56985.0,11661.0,-0.276548,0.344986,PHL,SGP,711790
2656655,176,192,8169,1996,0.0,20709.0,-2.120746,-1.2199879999999999,PNG,SGP,711790
2656656,179,192,8169,1996,0.0,2979.0,0.39343,1.170144,PRT,SGP,711790
2656657,182,192,8169,1996,0.0,1251.0,0.845308,-0.31763,PYF,SGP,711790
2656658,183,192,8169,1996,0.0,6842.0,-0.48203500000000005,-1.117173,QAT,SGP,711790
2656659,185,192,8169,1996,0.0,20820.0,0.612035,0.880964,ROU,SGP,711790
2656660,186,192,8169,1996,1998.0,0.0,0.900185,0.47723000000000004,RUS,SGP,711790
2656661,188,192,8169,1996,0.0,62037.0,0.215265,-0.8577309999999999,SAU,SGP,711790
2656662,208,192,8169,1996,920.0,6200.0,2.133781,0.9099889999999999,SWE,SGP,711790
2656663,211,192,8169,1996,330.0,6080.0,0.239125,-0.458433,SYC,SGP,711790
2656664,216,192,8169,1996,294315.0,226725.0,0.10120599999999999,1.351967,THA,SGP,711790
2656665,231,192,8169,1996,2503561.0,14169.0,1.7110560000000001,1.125141,USA,SGP,711790
2656666,239,192,8169,1996,3933.0,1162.0,-0.9336469999999999,-0.10985199999999999,VNM,SGP,711790
2656667,246,192,8169,1996,190588.0,1472.0,0.456593,1.150786,ZAF,SGP,711790
2656668,249,192,8169,1996,511196.0,231033.0,1.432225,1.675389,TWN,SGP,711790
2656669,250,192,8169,1996,0.0,52661.0,1.084978,0.901755,ANS,SGP,711790
2656670,15,206,8169,1996,69763.0,44767.0,1.9216669999999998,0.659388,AUT,SVK,711790
2656671,39,206,8169,1996,0.0,6477.0,1.155706,1.1127049999999998,CAN,SVK,711790
2656672,43,206,8169,1996,7919.0,0.0,0.404422,3.061344,CHN,SVK,711790
2656673,59,206,8169,1996,194118.0,47757.0,1.401181,1.3094709999999998,CZE,SVK,711790
2656674,61,206,8169,1996,11086.0,2569.0,2.279976,-2.572299,DEU,SVK,711790
2656675,71,206,8169,1996,1320.0,0.0,1.105317,1.9473,ESP,SVK,711790
2656676,77,206,8169,1996,1242.0,0.0,1.69082,0.721312,FRA,SVK,711790
2656677,97,206,8169,1996,0.0,4410.0,0.54364,2.727659,HKG,SVK,711790
2656678,100,206,8169,1996,0.0,1021.0,0.772706,1.1075270000000002,HRV,SVK,711790
2656679,102,206,8169,1996,885.0,1279.0,0.790036,1.891534,HUN,SVK,711790
2656680,104,206,8169,1996,6251.0,0.0,0.20685599999999998,2.317622,IND,SVK,711790
2656681,111,206,8169,1996,3726.0,38911.0,1.4674690000000001,1.263362,ITA,SVK,711790
2656682,114,206,8169,1996,0.0,2306.0,2.615364,0.5656939999999999,JPN,SVK,711790
2656683,121,206,8169,1996,1849.0,0.0,0.8946940000000001,1.240424,KOR,SVK,711790
2656684,162,206,8169,1996,6948.0,0.0,1.256625,1.803132,NLD,SVK,711790
2656685,174,206,8169,1996,1211.0,0.0,-0.276548,0.344986,PHL,SVK,711790
2656686,177,206,8169,1996,8154.0,0.0,0.795489,1.9004729999999999,POL,SVK,711790
2656687,216,206,8169,1996,1837.0,21285.0,0.10120599999999999,1.351967,THA,SVK,711790
2656688,224,206,8169,1996,5379.0,0.0,0.156866,1.554023,TUR,SVK,711790
2656689,231,206,8169,1996,1923.0,177863.0,1.7110560000000001,1.125141,USA,SVK,711790
2656690,249,206,8169,1996,1288.0,0.0,1.432225,1.675389,TWN,SVK,711790
2656691,250,206,8169,1996,2541.0,0.0,1.084978,0.901755,ANS,SVK,711790
2656692,8,207,8169,1996,0.0,2852.0,0.167081,0.433612,ARG,SVN,711790
2656693,15,207,8169,1996,17804.0,61224.0,1.9216669999999998,0.659388,AUT,SVN,711790
2656694,18,207,8169,1996,13643.0,0.0,1.549312,1.273767,BEL,SVN,711790
2656695,26,207,8169,1996,0.0,6607.0,0.679466,0.730425,BIH,SVN,711790
2656696,41,207,8169,1996,1473.0,2960.0,2.246238,0.603288,CHE,SVN,711790
2656697,43,207,8169,1996,3195.0,0.0,0.404422,3.061344,CHN,SVN,711790
2656698,59,207,8169,1996,6308.0,0.0,1.401181,1.3094709999999998,CZE,SVN,711790
2656699,61,207,8169,1996,50856.0,5801.0,2.279976,-2.572299,DEU,SVN,711790
2656700,64,207,8169,1996,5366.0,0.0,1.443514,1.275684,DNK,SVN,711790
2656701,71,207,8169,1996,20535.0,0.0,1.105317,1.9473,ESP,SVN,711790
2656702,77,207,8169,1996,5520.0,0.0,1.69082,0.721312,FRA,SVN,711790
2656703,81,207,8169,1996,2487.0,0.0,1.850284,0.883084,GBR,SVN,711790
2656704,97,207,8169,1996,7751.0,0.0,0.54364,2.727659,HKG,SVN,711790
2656705,100,207,8169,1996,2706.0,5414.0,0.772706,1.1075270000000002,HRV,SVN,711790
2656706,102,207,8169,1996,2617.0,0.0,0.790036,1.891534,HUN,SVN,711790
2656707,103,207,8169,1996,2212.0,0.0,-0.43199899999999997,1.22074,IDN,SVN,711790
2656708,104,207,8169,1996,2059.0,0.0,0.20685599999999998,2.317622,IND,SVN,711790
2656709,106,207,8169,1996,29041.0,0.0,1.386011,0.9232100000000001,IRL,SVN,711790
2656710,111,207,8169,1996,280519.0,16243.0,1.4674690000000001,1.263362,ITA,SVN,711790
2656711,121,207,8169,1996,41721.0,0.0,0.8946940000000001,1.240424,KOR,SVN,711790
2656712,140,207,8169,1996,0.0,1774.0,0.316133,0.933068,MKD,SVN,711790
2656713,162,207,8169,1996,1694.0,0.0,1.256625,1.803132,NLD,SVN,711790
2656714,164,207,8169,1996,1874.0,0.0,-0.7390100000000001,-0.647903,NPL,SVN,711790
2656715,174,207,8169,1996,1611.0,0.0,-0.276548,0.344986,PHL,SVN,711790
2656716,189,207,8169,1996,0.0,3620.0,0.786293,2.20126,SCG,SVN,711790
2656717,208,207,8169,1996,4941.0,0.0,2.133781,0.9099889999999999,SWE,SVN,711790
2656718,231,207,8169,1996,2381.0,0.0,1.7110560000000001,1.125141,USA,SVN,711790
2656719,246,207,8169,1996,1452.0,0.0,0.456593,1.150786,ZAF,SVN,711790
2656720,249,207,8169,1996,8800.0,0.0,1.432225,1.675389,TWN,SVN,711790
2656721,18,228,8169,1996,33737.0,0.0,1.549312,1.273767,BEL,UKR,711790
2656722,41,228,8169,1996,1050.0,0.0,2.246238,0.603288,CHE,UKR,711790
2656723,59,228,8169,1996,703301.0,0.0,1.401181,1.3094709999999998,CZE,UKR,711790
2656724,61,228,8169,1996,12478.0,0.0,2.279976,-2.572299,DEU,UKR,711790
2656725,72,228,8169,1996,4506.0,0.0,0.53397,1.0877940000000001,EST,UKR,711790
2656726,77,228,8169,1996,20244.0,0.0,1.69082,0.721312,FRA,UKR,711790
2656727,81,228,8169,1996,2166.0,0.0,1.850284,0.883084,GBR,UKR,711790
2656728,110,228,8169,1996,381047.0,0.0,1.054975,1.072965,ISR,UKR,711790
2656729,111,228,8169,1996,6494.0,0.0,1.4674690000000001,1.263362,ITA,UKR,711790
2656730,130,228,8169,1996,867.0,0.0,0.40520500000000004,0.9465950000000001,LTU,UKR,711790
2656731,186,228,8169,1996,20486.0,0.0,0.900185,0.47723000000000004,RUS,UKR,711790
2656732,224,228,8169,1996,0.0,8519.0,0.156866,1.554023,TUR,UKR,711790
2656733,231,228,8169,1996,9392.0,0.0,1.7110560000000001,1.125141,USA,UKR,711790
2656734,14,246,8169,1996,6535.0,17812.0,0.369697,0.78069,AUS,ZAF,711790
2656735,15,246,8169,1996,0.0,1131.0,1.9216669999999998,0.659388,AUT,ZAF,711790
2656736,18,246,8169,1996,37215.0,0.0,1.549312,1.273767,BEL,ZAF,711790
2656737,23,246,8169,1996,0.0,2209.0,0.544265,1.523408,BGR,ZAF,711790
2656738,24,246,8169,1996,0.0,1273.0,-0.062207000000000005,-0.840398,BHR,ZAF,711790
2656739,32,246,8169,1996,13355.0,0.0,0.699658,1.271724,BRA,ZAF,711790
2656740,39,246,8169,1996,18567.0,7347.0,1.155706,1.1127049999999998,CAN,ZAF,711790
2656741,41,246,8169,1996,7549.0,1947.0,2.246238,0.603288,CHE,ZAF,711790
2656742,43,246,8169,1996,185227.0,1797.0,0.404422,3.061344,CHN,ZAF,711790
2656743,46,246,8169,1996,0.0,1386.0,-1.2167,-1.086508,COD,ZAF,711790
2656744,58,246,8169,1996,0.0,1126.0,0.20007,0.020590999999999998,CYP,ZAF,711790
2656745,59,246,8169,1996,21637.0,0.0,1.401181,1.3094709999999998,CZE,ZAF,711790
2656746,61,246,8169,1996,2784.0,70711.0,2.279976,-2.572299,DEU,ZAF,711790
2656747,71,246,8169,1996,6093.0,1273.0,1.105317,1.9473,ESP,ZAF,711790
2656748,77,246,8169,1996,21760.0,19549.0,1.69082,0.721312,FRA,ZAF,711790
2656749,81,246,8169,1996,68408.0,122190.0,1.850284,0.883084,GBR,ZAF,711790
2656750,83,246,8169,1996,0.0,811.0,-1.035244,-0.9834129999999999,GHA,ZAF,711790
2656751,97,246,8169,1996,349145.0,1073.0,0.54364,2.727659,HKG,ZAF,711790
2656752,103,246,8169,1996,3642.0,0.0,-0.43199899999999997,1.22074,IDN,ZAF,711790
2656753,104,246,8169,1996,45543.0,0.0,0.20685599999999998,2.317622,IND,ZAF,711790
2656754,107,246,8169,1996,1221.0,0.0,-0.7496649999999999,-1.1173520000000001,IRN,ZAF,711790
2656755,110,246,8169,1996,47354.0,4704.0,1.054975,1.072965,ISR,ZAF,711790
2656756,111,246,8169,1996,47433.0,4364.0,1.4674690000000001,1.263362,ITA,ZAF,711790
2656757,114,246,8169,1996,34048.0,18558.0,2.615364,0.5656939999999999,JPN,ZAF,711790
2656758,116,246,8169,1996,0.0,4836.0,-0.468322,-0.017625,KEN,ZAF,711790
2656759,121,246,8169,1996,19812.0,3872.0,0.8946940000000001,1.240424,KOR,ZAF,711790
2656760,147,246,8169,1996,0.0,4208.0,-1.331264,-1.1260270000000001,MOZ,ZAF,711790
2656761,152,246,8169,1996,0.0,11896.0,-1.332586,-1.115859,MWI,ZAF,711790
2656762,162,246,8169,1996,0.0,13699.0,1.256625,1.803132,NLD,ZAF,711790
2656763,166,246,8169,1996,2236.0,4759.0,0.49466099999999996,0.8302879999999999,NZL,ZAF,711790
2656764,174,246,8169,1996,4902.0,0.0,-0.276548,0.344986,PHL,ZAF,711790
2656765,186,246,8169,1996,0.0,7453.0,0.900185,0.47723000000000004,RUS,ZAF,711790
2656766,192,246,8169,1996,1472.0,190588.0,0.8354299999999999,0.41169799999999995,SGP,ZAF,711790
2656767,207,246,8169,1996,0.0,1452.0,1.409184,1.37245,SVN,ZAF,711790
2656768,208,246,8169,1996,0.0,785.0,2.133781,0.9099889999999999,SWE,ZAF,711790
2656769,211,246,8169,1996,0.0,2822.0,0.239125,-0.458433,SYC,ZAF,711790
2656770,216,246,8169,1996,7507.0,0.0,0.10120599999999999,1.351967,THA,ZAF,711790
2656771,224,246,8169,1996,2148.0,0.0,0.156866,1.554023,TUR,ZAF,711790
2656772,226,246,8169,1996,0.0,1194.0,-1.391534,-0.907436,TZA,ZAF,711790
2656773,227,246,8169,1996,0.0,1085.0,-0.931124,-0.925523,UGA,ZAF,711790
2656774,231,246,8169,1996,268665.0,87736.0,1.7110560000000001,1.125141,USA,ZAF,711790
2656775,247,246,8169,1996,0.0,1451.0,-0.340956,-0.714009,ZMB,ZAF,711790
2656776,248,246,8169,1996,0.0,38783.0,-0.393769,-0.34379,ZWE,ZAF,711790
2656777,249,246,8169,1996,281571.0,0.0,1.432225,1.675389,TWN,ZAF,711790
2656778,250,246,8169,1996,7556.0,1511.0,1.084978,0.901755,ANS,ZAF,711790
2656779,15,8,8169,1996,6467.0,0.0,1.9216669999999998,0.659388,AUT,ARG,711790
2656780,32,8,8169,1996,7318.0,2211.0,0.699658,1.271724,BRA,ARG,711790
2656781,39,8,8169,1996,944.0,0.0,1.155706,1.1127049999999998,CAN,ARG,711790
2656782,41,8,8169,1996,4545.0,0.0,2.246238,0.603288,CHE,ARG,711790
2656783,42,8,8169,1996,0.0,5993.0,-0.052811000000000004,-0.169464,CHL,ARG,711790
2656784,43,8,8169,1996,211094.0,0.0,0.404422,3.061344,CHN,ARG,711790
2656785,49,8,8169,1996,0.0,11079.0,0.136487,0.078743,COL,ARG,711790
2656786,59,8,8169,1996,12963.0,0.0,1.401181,1.3094709999999998,CZE,ARG,711790
2656787,61,8,8169,1996,55143.0,0.0,2.279976,-2.572299,DEU,ARG,711790
2656788,71,8,8169,1996,75270.0,6090.0,1.105317,1.9473,ESP,ARG,711790
2656789,77,8,8169,1996,1682.0,9810.0,1.69082,0.721312,FRA,ARG,711790
2656790,81,8,8169,1996,21865.0,0.0,1.850284,0.883084,GBR,ARG,711790
2656791,93,8,8169,1996,1541.0,0.0,-0.332901,0.23790300000000003,GTM,ARG,711790
2656792,97,8,8169,1996,148294.0,0.0,0.54364,2.727659,HKG,ARG,711790
2656793,103,8,8169,1996,15448.0,0.0,-0.43199899999999997,1.22074,IDN,ARG,711790
2656794,104,8,8169,1996,3320.0,0.0,0.20685599999999998,2.317622,IND,ARG,711790
2656795,110,8,8169,1996,0.0,1393.0,1.054975,1.072965,ISR,ARG,711790
2656796,111,8,8169,1996,62334.0,0.0,1.4674690000000001,1.263362,ITA,ARG,711790
2656797,114,8,8169,1996,3279.0,0.0,2.615364,0.5656939999999999,JPN,ARG,711790
2656798,121,8,8169,1996,53513.0,0.0,0.8946940000000001,1.240424,KOR,ARG,711790
2656799,138,8,8169,1996,36294.0,0.0,0.651949,0.9132170000000001,MEX,ARG,711790
2656800,162,8,8169,1996,0.0,1994.0,1.256625,1.803132,NLD,ARG,711790
2656801,173,8,8169,1996,7868.0,0.0,-0.43761000000000005,-0.28077399999999997,PER,ARG,711790
2656802,180,8,8169,1996,0.0,14665.0,-0.506178,-0.712851,PRY,ARG,711790
2656803,207,8,8169,1996,2852.0,0.0,1.409184,1.37245,SVN,ARG,711790
2656804,216,8,8169,1996,12378.0,0.0,0.10120599999999999,1.351967,THA,ARG,711790
2656805,224,8,8169,1996,0.0,957.0,0.156866,1.554023,TUR,ARG,711790
2656806,230,8,8169,1996,0.0,10654.0,0.171541,0.313934,URY,ARG,711790
2656807,231,8,8169,1996,570456.0,1358.0,1.7110560000000001,1.125141,USA,ARG,711790
2656808,236,8,8169,1996,0.0,1930.0,0.07086100000000001,-0.761307,VEN,ARG,711790
2656809,249,8,8169,1996,88484.0,0.0,1.432225,1.675389,TWN,ARG,711790
2656810,250,8,8169,1996,87428.0,1474.0,1.084978,0.901755,ANS,ARG,711790
2656811,43,44,8169,1996,7122.0,0.0,0.404422,3.061344,CHN,CIV,711790
2656812,59,44,8169,1996,898.0,0.0,1.401181,1.3094709999999998,CZE,CIV,711790
2656813,61,44,8169,1996,0.0,1717.0,2.279976,-2.572299,DEU,CIV,711790
2656814,77,44,8169,1996,8066.0,2146.0,1.69082,0.721312,FRA,CIV,711790
2656815,97,44,8169,1996,2856.0,0.0,0.54364,2.727659,HKG,CIV,711790
2656816,104,44,8169,1996,2831.0,0.0,0.20685599999999998,2.317622,IND,CIV,711790
2656817,111,44,8169,1996,6218.0,0.0,1.4674690000000001,1.263362,ITA,CIV,711790
2656818,121,44,8169,1996,8317.0,0.0,0.8946940000000001,1.240424,KOR,CIV,711790
2656819,215,44,8169,1996,754.0,0.0,-0.9070459999999999,-0.7702399999999999,TGO,CIV,711790
2656820,231,44,8169,1996,1691.0,0.0,1.7110560000000001,1.125141,USA,CIV,711790
2656821,41,45,8169,1996,0.0,1391.0,2.246238,0.603288,CHE,CMR,711790
2656822,77,45,8169,1996,21687.0,0.0,1.69082,0.721312,FRA,CMR,711790
2656823,111,45,8169,1996,28460.0,0.0,1.4674690000000001,1.263362,ITA,CMR,711790
2656824,159,45,8169,1996,1217.0,0.0,-1.813359,-1.1967,NGA,CMR,711790
2656825,231,45,8169,1996,4468.0,1387.0,1.7110560000000001,1.125141,USA,CMR,711790
2656826,18,58,8169,1996,26929.0,0.0,1.549312,1.273767,BEL,CYP,711790
2656827,41,58,8169,1996,2460.0,0.0,2.246238,0.603288,CHE,CYP,711790
2656828,43,58,8169,1996,6211.0,0.0,0.404422,3.061344,CHN,CYP,711790
2656829,59,58,8169,1996,1769.0,0.0,1.401181,1.3094709999999998,CZE,CYP,711790
2656830,61,58,8169,1996,3231.0,0.0,2.279976,-2.572299,DEU,CYP,711790
2656831,71,58,8169,1996,45699.0,0.0,1.105317,1.9473,ESP,CYP,711790
2656832,77,58,8169,1996,18328.0,983.0,1.69082,0.721312,FRA,CYP,711790
2656833,81,58,8169,1996,171922.0,1815.0,1.850284,0.883084,GBR,CYP,711790
2656834,90,58,8169,1996,68635.0,0.0,0.271386,1.042608,GRC,CYP,711790
2656835,97,58,8169,1996,94510.0,0.0,0.54364,2.727659,HKG,CYP,711790
2656836,103,58,8169,1996,1871.0,0.0,-0.43199899999999997,1.22074,IDN,CYP,711790
2656837,104,58,8169,1996,2923.0,0.0,0.20685599999999998,2.317622,IND,CYP,711790
2656838,106,58,8169,1996,1391.0,8424.0,1.386011,0.9232100000000001,IRL,CYP,711790
2656839,110,58,8169,1996,11941.0,27221.0,1.054975,1.072965,ISR,CYP,711790
2656840,111,58,8169,1996,110691.0,0.0,1.4674690000000001,1.263362,ITA,CYP,711790
2656841,121,58,8169,1996,34154.0,0.0,0.8946940000000001,1.240424,KOR,CYP,711790
2656842,162,58,8169,1996,17351.0,0.0,1.256625,1.803132,NLD,CYP,711790
2656843,174,58,8169,1996,1062.0,0.0,-0.276548,0.344986,PHL,CYP,711790
2656844,186,58,8169,1996,0.0,1035.0,0.900185,0.47723000000000004,RUS,CYP,711790
2656845,188,58,8169,1996,0.0,4871.0,0.215265,-0.8577309999999999,SAU,CYP,711790
2656846,192,58,8169,1996,7842.0,0.0,0.8354299999999999,0.41169799999999995,SGP,CYP,711790
2656847,231,58,8169,1996,170294.0,0.0,1.7110560000000001,1.125141,USA,CYP,711790
2656848,246,58,8169,1996,1126.0,0.0,0.456593,1.150786,ZAF,CYP,711790
2656849,249,58,8169,1996,7973.0,0.0,1.432225,1.675389,TWN,CYP,711790
2656850,250,58,8169,1996,1388.0,10359.0,1.084978,0.901755,ANS,CYP,711790
2656851,18,134,8169,1996,18721.0,0.0,1.549312,1.273767,BEL,MAR,711790
2656852,59,134,8169,1996,28956.0,0.0,1.401181,1.3094709999999998,CZE,MAR,711790
2656853,61,134,8169,1996,10921.0,305882.0,2.279976,-2.572299,DEU,MAR,711790
2656854,68,134,8169,1996,6753.0,0.0,-0.5446409999999999,-0.229586,EGY,MAR,711790
2656855,71,134,8169,1996,1782.0,23079.0,1.105317,1.9473,ESP,MAR,711790
2656856,77,134,8169,1996,20879.0,7974.0,1.69082,0.721312,FRA,MAR,711790
2656857,81,134,8169,1996,25118.0,2064.0,1.850284,0.883084,GBR,MAR,711790
2656858,97,134,8169,1996,29355.0,0.0,0.54364,2.727659,HKG,MAR,711790
2656859,104,134,8169,1996,4900.0,0.0,0.20685599999999998,2.317622,IND,MAR,711790
2656860,111,134,8169,1996,62207.0,1179.0,1.4674690000000001,1.263362,ITA,MAR,711790
2656861,121,134,8169,1996,2380.0,0.0,0.8946940000000001,1.240424,KOR,MAR,711790
2656862,126,134,8169,1996,0.0,2121.0,-0.588489,-1.138552,LBY,MAR,711790
2656863,162,134,8169,1996,2685.0,912.0,1.256625,1.803132,NLD,MAR,711790
2656864,163,134,8169,1996,0.0,1541.0,1.204869,0.303062,NOR,MAR,711790
2656865,208,134,8169,1996,0.0,5707.0,2.133781,0.9099889999999999,SWE,MAR,711790
2656866,216,134,8169,1996,2162.0,0.0,0.10120599999999999,1.351967,THA,MAR,711790
2656867,223,134,8169,1996,0.0,7643.0,-0.28546,-0.089051,TUN,MAR,711790
2656868,231,134,8169,1996,4563.0,28195.0,1.7110560000000001,1.125141,USA,MAR,711790
2656869,249,134,8169,1996,5572.0,0.0,1.432225,1.675389,TWN,MAR,711790
2656870,19,157,8169,1996,0.0,1643.0,-1.0032729999999999,-0.794779,BEN,NER,711790
2656871,77,157,8169,1996,8609.0,0.0,1.69082,0.721312,FRA,NER,711790
2656872,162,157,8169,1996,0.0,3153.0,1.256625,1.803132,NLD,NER,711790
2656873,231,157,8169,1996,0.0,2287.0,1.7110560000000001,1.125141,USA,NER,711790
2656874,250,157,8169,1996,2025.0,0.0,1.084978,0.901755,ANS,NER,711790
2656875,7,166,8169,1996,0.0,2451.0,-0.245358,-0.726695,ARE,NZL,711790
2656876,14,166,8169,1996,600679.0,395222.0,0.369697,0.78069,AUS,NZL,711790
2656877,15,166,8169,1996,64574.0,1137.0,1.9216669999999998,0.659388,AUT,NZL,711790
2656878,18,166,8169,1996,0.0,6091.0,1.549312,1.273767,BEL,NZL,711790
2656879,32,166,8169,1996,1717.0,0.0,0.699658,1.271724,BRA,NZL,711790
2656880,39,166,8169,1996,2477.0,0.0,1.155706,1.1127049999999998,CAN,NZL,711790
2656881,41,166,8169,1996,0.0,4050.0,2.246238,0.603288,CHE,NZL,711790
2656882,42,166,8169,1996,1084.0,0.0,-0.052811000000000004,-0.169464,CHL,NZL,711790
2656883,43,166,8169,1996,197719.0,0.0,0.404422,3.061344,CHN,NZL,711790
2656884,48,166,8169,1996,5378.0,0.0,0.053446,-0.556272,COK,NZL,711790
2656885,59,166,8169,1996,1650.0,0.0,1.401181,1.3094709999999998,CZE,NZL,711790
2656886,61,166,8169,1996,12196.0,8325.0,2.279976,-2.572299,DEU,NZL,711790
2656887,71,166,8169,1996,4248.0,6156.0,1.105317,1.9473,ESP,NZL,711790
2656888,75,166,8169,1996,0.0,5077.0,-0.7977,-0.9271879999999999,FJI,NZL,711790
2656889,77,166,8169,1996,1591.0,0.0,1.69082,0.721312,FRA,NZL,711790
2656890,81,166,8169,1996,40771.0,26524.0,1.850284,0.883084,GBR,NZL,711790
2656891,97,166,8169,1996,85281.0,0.0,0.54364,2.727659,HKG,NZL,711790
2656892,103,166,8169,1996,15842.0,0.0,-0.43199899999999997,1.22074,IDN,NZL,711790
2656893,104,166,8169,1996,21117.0,0.0,0.20685599999999998,2.317622,IND,NZL,711790
2656894,111,166,8169,1996,10422.0,0.0,1.4674690000000001,1.263362,ITA,NZL,711790
2656895,114,166,8169,1996,1679.0,7701.0,2.615364,0.5656939999999999,JPN,NZL,711790
2656896,116,166,8169,1996,3969.0,0.0,-0.468322,-0.017625,KEN,NZL,711790
2656897,121,166,8169,1996,99768.0,2052.0,0.8946940000000001,1.240424,KOR,NZL,711790
2656898,153,166,8169,1996,0.0,14320.0,0.351774,0.347262,MYS,NZL,711790
2656899,156,166,8169,1996,0.0,2009.0,-0.951583,-0.785157,NCL,NZL,711790
2656900,158,166,8169,1996,0.0,7979.0,1.297072,-0.45753299999999997,NFK,NZL,711790
2656901,164,166,8169,1996,1401.0,0.0,-0.7390100000000001,-0.647903,NPL,NZL,711790
2656902,173,166,8169,1996,1971.0,0.0,-0.43761000000000005,-0.28077399999999997,PER,NZL,711790
2656903,174,166,8169,1996,41863.0,0.0,-0.276548,0.344986,PHL,NZL,711790
2656904,177,166,8169,1996,1047.0,0.0,0.795489,1.9004729999999999,POL,NZL,711790
2656905,179,166,8169,1996,0.0,1269.0,0.39343,1.170144,PRT,NZL,711790
2656906,192,166,8169,1996,0.0,25501.0,0.8354299999999999,0.41169799999999995,SGP,NZL,711790
2656907,208,166,8169,1996,0.0,4917.0,2.133781,0.9099889999999999,SWE,NZL,711790
2656908,216,166,8169,1996,19576.0,0.0,0.10120599999999999,1.351967,THA,NZL,711790
2656909,231,166,8169,1996,325640.0,16295.0,1.7110560000000001,1.125141,USA,NZL,711790
2656910,246,166,8169,1996,4759.0,2236.0,0.456593,1.150786,ZAF,NZL,711790
2656911,249,166,8169,1996,141171.0,0.0,1.432225,1.675389,TWN,NZL,711790
2656912,250,166,8169,1996,3532.0,4086.0,1.084978,0.901755,ANS,NZL,711790
2656913,43,191,8169,1996,31107.0,0.0,0.404422,3.061344,CHN,SEN,711790
2656914,77,191,8169,1996,4854.0,0.0,1.69082,0.721312,FRA,SEN,711790
2656915,97,191,8169,1996,76958.0,1611.0,0.54364,2.727659,HKG,SEN,711790
2656916,104,191,8169,1996,2918.0,0.0,0.20685599999999998,2.317622,IND,SEN,711790
2656917,111,191,8169,1996,8331.0,0.0,1.4674690000000001,1.263362,ITA,SEN,711790
2656918,114,191,8169,1996,4181.0,1945.0,2.615364,0.5656939999999999,JPN,SEN,711790
2656919,215,191,8169,1996,6741.0,0.0,-0.9070459999999999,-0.7702399999999999,TGO,SEN,711790
2656920,231,191,8169,1996,24940.0,0.0,1.7110560000000001,1.125141,USA,SEN,711790
2656921,15,215,8169,1996,0.0,10314.0,1.9216669999999998,0.659388,AUT,TGO,711790
2656922,19,215,8169,1996,0.0,20538.0,-1.0032729999999999,-0.794779,BEN,TGO,711790
2656923,44,215,8169,1996,0.0,754.0,-0.8720459999999999,-0.7904479999999999,CIV,TGO,711790
2656924,61,215,8169,1996,0.0,19606.0,2.279976,-2.572299,DEU,TGO,711790
2656925,73,215,8169,1996,0.0,2165.0,-1.265383,-1.131925,ETH,TGO,711790
2656926,77,215,8169,1996,0.0,2076.0,1.69082,0.721312,FRA,TGO,711790
2656927,81,215,8169,1996,6087.0,0.0,1.850284,0.883084,GBR,TGO,711790
2656928,97,215,8169,1996,0.0,1425.0,0.54364,2.727659,HKG,TGO,711790
2656929,104,215,8169,1996,19910.0,0.0,0.20685599999999998,2.317622,IND,TGO,711790
2656930,111,215,8169,1996,979.0,0.0,1.4674690000000001,1.263362,ITA,TGO,711790
2656931,159,215,8169,1996,0.0,6125.0,-1.813359,-1.1967,NGA,TGO,711790
2656932,191,215,8169,1996,0.0,6741.0,-0.619785,-0.712171,SEN,TGO,711790
2656933,250,215,8169,1996,0.0,25646.0,1.084978,0.901755,ANS,TGO,711790
2656934,18,223,8169,1996,4349.0,0.0,1.549312,1.273767,BEL,TUN,711790
2656935,43,223,8169,1996,4539.0,0.0,0.404422,3.061344,CHN,TUN,711790
2656936,59,223,8169,1996,34166.0,0.0,1.401181,1.3094709999999998,CZE,TUN,711790
2656937,61,223,8169,1996,51160.0,0.0,2.279976,-2.572299,DEU,TUN,711790
2656938,71,223,8169,1996,5083.0,0.0,1.105317,1.9473,ESP,TUN,711790
2656939,74,223,8169,1996,993.0,0.0,2.0584729999999998,1.006908,FIN,TUN,711790
2656940,77,223,8169,1996,86586.0,52308.0,1.69082,0.721312,FRA,TUN,711790
2656941,81,223,8169,1996,5878.0,0.0,1.850284,0.883084,GBR,TUN,711790
2656942,104,223,8169,1996,4442.0,0.0,0.20685599999999998,2.317622,IND,TUN,711790
2656943,111,223,8169,1996,51772.0,0.0,1.4674690000000001,1.263362,ITA,TUN,711790
2656944,113,223,8169,1996,1190.0,0.0,0.12203499999999999,-0.41859399999999997,JOR,TUN,711790
2656945,114,223,8169,1996,0.0,3897.0,2.615364,0.5656939999999999,JPN,TUN,711790
2656946,134,223,8169,1996,7643.0,0.0,-0.67314,-0.241242,MAR,TUN,711790
2656947,142,223,8169,1996,0.0,1107.0,0.8825440000000001,0.066541,MLT,TUN,711790
2656948,216,223,8169,1996,20043.0,0.0,0.10120599999999999,1.351967,THA,TUN,711790
2656949,249,223,8169,1996,6049.0,0.0,1.432225,1.675389,TWN,TUN,711790
2656950,250,223,8169,1996,0.0,43742.0,1.084978,0.901755,ANS,TUN,711790
2656951,41,247,8169,1996,0.0,359.0,2.246238,0.603288,CHE,ZMB,711790
2656952,81,247,8169,1996,2556.0,0.0,1.850284,0.883084,GBR,ZMB,711790
2656953,104,247,8169,1996,1122.0,0.0,0.20685599999999998,2.317622,IND,ZMB,711790
2656954,246,247,8169,1996,1451.0,0.0,0.456593,1.150786,ZAF,ZMB,711790
2656955,250,247,8169,1996,8249.0,0.0,1.084978,0.901755,ANS,ZMB,711790
2656956,41,82,8169,1996,616.0,0.0,2.246238,0.603288,CHE,GEO,711790
2656957,231,120,8169,1996,5731.0,0.0,1.7110560000000001,1.125141,USA,KNA,711790
2656958,15,100,8169,1996,1222.0,0.0,1.9216669999999998,0.659388,AUT,HRV,711790
2656959,18,100,8169,1996,1740.0,0.0,1.549312,1.273767,BEL,HRV,711790
2656960,26,100,8169,1996,0.0,14550.0,0.679466,0.730425,BIH,HRV,711790
2656961,43,100,8169,1996,7918.0,0.0,0.404422,3.061344,CHN,HRV,711790
2656962,61,100,8169,1996,20118.0,0.0,2.279976,-2.572299,DEU,HRV,711790
2656963,71,100,8169,1996,30157.0,0.0,1.105317,1.9473,ESP,HRV,711790
2656964,77,100,8169,1996,2999.0,0.0,1.69082,0.721312,FRA,HRV,711790
2656965,81,100,8169,1996,1930.0,0.0,1.850284,0.883084,GBR,HRV,711790
2656966,97,100,8169,1996,7405.0,0.0,0.54364,2.727659,HKG,HRV,711790
2656967,104,100,8169,1996,2519.0,0.0,0.20685599999999998,2.317622,IND,HRV,711790
2656968,111,100,8169,1996,333364.0,0.0,1.4674690000000001,1.263362,ITA,HRV,711790
2656969,121,100,8169,1996,6070.0,0.0,0.8946940000000001,1.240424,KOR,HRV,711790
2656970,138,100,8169,1996,1970.0,0.0,0.651949,0.9132170000000001,MEX,HRV,711790
2656971,162,100,8169,1996,3952.0,0.0,1.256625,1.803132,NLD,HRV,711790
2656972,163,100,8169,1996,1278.0,0.0,1.204869,0.303062,NOR,HRV,711790
2656973,192,100,8169,1996,1138.0,0.0,0.8354299999999999,0.41169799999999995,SGP,HRV,711790
2656974,206,100,8169,1996,1021.0,0.0,1.189398,1.29167,SVK,HRV,711790
2656975,207,100,8169,1996,5414.0,2706.0,1.409184,1.37245,SVN,HRV,711790
2656976,224,100,8169,1996,15765.0,0.0,0.156866,1.554023,TUR,HRV,711790
2656977,249,100,8169,1996,6035.0,0.0,1.432225,1.675389,TWN,HRV,711790
2656978,18,107,8169,1996,13394.0,0.0,1.549312,1.273767,BEL,IRN,711790
2656979,61,107,8169,1996,7059.0,0.0,2.279976,-2.572299,DEU,IRN,711790
2656980,97,107,8169,1996,4166.0,0.0,0.54364,2.727659,HKG,IRN,711790
2656981,111,107,8169,1996,114773.0,0.0,1.4674690000000001,1.263362,ITA,IRN,711790
2656982,167,107,8169,1996,0.0,3314.0,-0.10243499999999998,-0.8425879999999999,OMN,IRN,711790
2656983,188,107,8169,1996,0.0,1942.0,0.215265,-0.8577309999999999,SAU,IRN,711790
2656984,246,107,8169,1996,0.0,1221.0,0.456593,1.150786,ZAF,IRN,711790
2656985,15,113,8169,1996,6646.0,0.0,1.9216669999999998,0.659388,AUT,JOR,711790
2656986,41,113,8169,1996,310143.0,0.0,2.246238,0.603288,CHE,JOR,711790
2656987,71,113,8169,1996,24266.0,0.0,1.105317,1.9473,ESP,JOR,711790
2656988,77,113,8169,1996,2542.0,0.0,1.69082,0.721312,FRA,JOR,711790
2656989,97,113,8169,1996,16406.0,0.0,0.54364,2.727659,HKG,JOR,711790
2656990,104,113,8169,1996,39965.0,0.0,0.20685599999999998,2.317622,IND,JOR,711790
2656991,111,113,8169,1996,1392.0,0.0,1.4674690000000001,1.263362,ITA,JOR,711790
2656992,216,113,8169,1996,7618.0,0.0,0.10120599999999999,1.351967,THA,JOR,711790
2656993,223,113,8169,1996,0.0,1190.0,-0.28546,-0.089051,TUN,JOR,711790
2656994,224,113,8169,1996,2480.0,0.0,0.156866,1.554023,TUR,JOR,711790
2656995,231,113,8169,1996,4249.0,0.0,1.7110560000000001,1.125141,USA,JOR,711790
2656996,14,124,8169,1996,0.0,29625.0,0.369697,0.78069,AUS,LBN,711790
2656997,41,124,8169,1996,8203.0,0.0,2.246238,0.603288,CHE,LBN,711790
2656998,43,124,8169,1996,11504.0,0.0,0.404422,3.061344,CHN,LBN,711790
2656999,49,124,8169,1996,4980.0,0.0,0.136487,0.078743,COL,LBN,711790
2657000,59,124,8169,1996,43791.0,0.0,1.401181,1.3094709999999998,CZE,LBN,711790
2657001,61,124,8169,1996,2390.0,0.0,2.279976,-2.572299,DEU,LBN,711790
2657002,71,124,8169,1996,9732.0,0.0,1.105317,1.9473,ESP,LBN,711790
2657003,77,124,8169,1996,33335.0,5163.0,1.69082,0.721312,FRA,LBN,711790
2657004,81,124,8169,1996,8973.0,0.0,1.850284,0.883084,GBR,LBN,711790
2657005,90,124,8169,1996,2849.0,0.0,0.271386,1.042608,GRC,LBN,711790
2657006,97,124,8169,1996,60055.0,0.0,0.54364,2.727659,HKG,LBN,711790
2657007,104,124,8169,1996,3102.0,0.0,0.20685599999999998,2.317622,IND,LBN,711790
2657008,111,124,8169,1996,132225.0,0.0,1.4674690000000001,1.263362,ITA,LBN,711790
2657009,162,124,8169,1996,1353.0,0.0,1.256625,1.803132,NLD,LBN,711790
2657010,174,124,8169,1996,7060.0,0.0,-0.276548,0.344986,PHL,LBN,711790
2657011,188,124,8169,1996,0.0,7444.0,0.215265,-0.8577309999999999,SAU,LBN,711790
2657012,208,124,8169,1996,3561.0,0.0,2.133781,0.9099889999999999,SWE,LBN,711790
2657013,216,124,8169,1996,59364.0,0.0,0.10120599999999999,1.351967,THA,LBN,711790
2657014,224,124,8169,1996,12422.0,0.0,0.156866,1.554023,TUR,LBN,711790
2657015,231,124,8169,1996,80676.0,2014.0,1.7110560000000001,1.125141,USA,LBN,711790
2657016,39,128,8169,1996,0.0,1466.0,1.155706,1.1127049999999998,CAN,LKA,711790
2657017,81,128,8169,1996,4490.0,0.0,1.850284,0.883084,GBR,LKA,711790
2657018,90,128,8169,1996,0.0,7235.0,0.271386,1.042608,GRC,LKA,711790
2657019,97,128,8169,1996,71598.0,0.0,0.54364,2.727659,HKG,LKA,711790
2657020,103,128,8169,1996,1199.0,0.0,-0.43199899999999997,1.22074,IDN,LKA,711790
2657021,104,128,8169,1996,2715.0,0.0,0.20685599999999998,2.317622,IND,LKA,711790
2657022,114,128,8169,1996,2091.0,1981.0,2.615364,0.5656939999999999,JPN,LKA,711790
2657023,121,128,8169,1996,9418.0,4376.0,0.8946940000000001,1.240424,KOR,LKA,711790
2657024,138,128,8169,1996,0.0,2310.0,0.651949,0.9132170000000001,MEX,LKA,711790
2657025,192,128,8169,1996,1769.0,13236.0,0.8354299999999999,0.41169799999999995,SGP,LKA,711790
2657026,208,128,8169,1996,0.0,1389.0,2.133781,0.9099889999999999,SWE,LKA,711790
2657027,216,128,8169,1996,0.0,32953.0,0.10120599999999999,1.351967,THA,LKA,711790
2657028,231,128,8169,1996,4202.0,9096.0,1.7110560000000001,1.125141,USA,LKA,711790
2657029,72,135,8169,1996,1572.0,0.0,0.53397,1.0877940000000001,EST,MDA,711790
2657030,111,135,8169,1996,1360.0,0.0,1.4674690000000001,1.263362,ITA,MDA,711790
2657031,177,135,8169,1996,136863.0,0.0,0.795489,1.9004729999999999,POL,MDA,711790
2657032,18,140,8169,1996,2756.0,0.0,1.549312,1.273767,BEL,MKD,711790
2657033,23,140,8169,1996,6002.0,0.0,0.544265,1.523408,BGR,MKD,711790
2657034,41,140,8169,1996,987.0,0.0,2.246238,0.603288,CHE,MKD,711790
2657035,61,140,8169,1996,2061.0,0.0,2.279976,-2.572299,DEU,MKD,711790
2657036,77,140,8169,1996,0.0,1527.0,1.69082,0.721312,FRA,MKD,711790
2657037,97,140,8169,1996,16800.0,0.0,0.54364,2.727659,HKG,MKD,711790
2657038,111,140,8169,1996,1907.0,0.0,1.4674690000000001,1.263362,ITA,MKD,711790
2657039,207,140,8169,1996,1774.0,0.0,1.409184,1.37245,SVN,MKD,711790
2657040,224,140,8169,1996,4332.0,0.0,0.156866,1.554023,TUR,MKD,711790
2657041,250,140,8169,1996,1562.0,0.0,1.084978,0.901755,ANS,MKD,711790
2657042,15,189,8169,1996,12152.0,0.0,1.9216669999999998,0.659388,AUT,SCG,711790
2657043,39,189,8169,1996,0.0,3403.0,1.155706,1.1127049999999998,CAN,SCG,711790
2657044,41,189,8169,1996,1551.0,0.0,2.246238,0.603288,CHE,SCG,711790
2657045,59,189,8169,1996,17927.0,0.0,1.401181,1.3094709999999998,CZE,SCG,711790
2657046,90,189,8169,1996,686.0,0.0,0.271386,1.042608,GRC,SCG,711790
2657047,102,189,8169,1996,0.0,10648.0,0.790036,1.891534,HUN,SCG,711790
2657048,111,189,8169,1996,10879.0,0.0,1.4674690000000001,1.263362,ITA,SCG,711790
2657049,207,189,8169,1996,3620.0,0.0,1.409184,1.37245,SVN,SCG,711790
2657050,216,189,8169,1996,1203.0,0.0,0.10120599999999999,1.351967,THA,SCG,711790
2657051,224,189,8169,1996,813.0,0.0,0.156866,1.554023,TUR,SCG,711790
2657052,59,212,8169,1996,6635.0,6565.0,1.401181,1.3094709999999998,CZE,SYR,711790
2657053,66,212,8169,1996,0.0,14534.0,-0.33419699999999997,-1.035736,DZA,SYR,711790
2657054,77,212,8169,1996,30920.0,0.0,1.69082,0.721312,FRA,SYR,711790
2657055,97,212,8169,1996,1556.0,0.0,0.54364,2.727659,HKG,SYR,711790
2657056,104,212,8169,1996,2217.0,0.0,0.20685599999999998,2.317622,IND,SYR,711790
2657057,111,212,8169,1996,11137.0,0.0,1.4674690000000001,1.263362,ITA,SYR,711790
2657058,188,212,8169,1996,0.0,1498.0,0.215265,-0.8577309999999999,SAU,SYR,711790
2657059,231,212,8169,1996,0.0,1466.0,1.7110560000000001,1.125141,USA,SYR,711790
2657060,8,249,8169,1996,0.0,88484.0,0.167081,0.433612,ARG,TWN,711790
2657061,14,249,8169,1996,276580.0,1188443.0,0.369697,0.78069,AUS,TWN,711790
2657062,15,249,8169,1996,0.0,169396.0,1.9216669999999998,0.659388,AUT,TWN,711790
2657063,18,249,8169,1996,38183.0,141124.0,1.549312,1.273767,BEL,TWN,711790
2657064,32,249,8169,1996,0.0,219583.0,0.699658,1.271724,BRA,TWN,711790
2657065,39,249,8169,1996,0.0,628761.0,1.155706,1.1127049999999998,CAN,TWN,711790
2657066,41,249,8169,1996,21959.0,92465.0,2.246238,0.603288,CHE,TWN,711790
2657067,42,249,8169,1996,0.0,63185.0,-0.052811000000000004,-0.169464,CHL,TWN,711790
2657068,43,249,8169,1996,1459749.0,817094.0,0.404422,3.061344,CHN,TWN,711790
2657069,49,249,8169,1996,0.0,25533.0,0.136487,0.078743,COL,TWN,711790
2657070,52,249,8169,1996,0.0,6772.0,-0.34219499999999997,0.12221900000000001,CRI,TWN,711790
2657071,58,249,8169,1996,0.0,7973.0,0.20007,0.020590999999999998,CYP,TWN,711790
2657072,59,249,8169,1996,6671.0,21906.0,1.401181,1.3094709999999998,CZE,TWN,711790
2657073,61,249,8169,1996,75915.0,1247046.0,2.279976,-2.572299,DEU,TWN,711790
2657074,64,249,8169,1996,27534.0,247838.0,1.443514,1.275684,DNK,TWN,711790
2657075,67,249,8169,1996,0.0,5232.0,-1.1391200000000001,-0.992735,ECU,TWN,711790
2657076,68,249,8169,1996,0.0,32500.0,-0.5446409999999999,-0.229586,EGY,TWN,711790
2657077,71,249,8169,1996,27487.0,350934.0,1.105317,1.9473,ESP,TWN,711790
2657078,74,249,8169,1996,0.0,103017.0,2.0584729999999998,1.006908,FIN,TWN,711790
2657079,77,249,8169,1996,173998.0,479801.0,1.69082,0.721312,FRA,TWN,711790
2657080,78,249,8169,1996,0.0,2984.0,-0.252693,-0.714691,FRO,TWN,711790
2657081,81,249,8169,1996,186942.0,3179077.0,1.850284,0.883084,GBR,TWN,711790
2657082,90,249,8169,1996,1260.0,28361.0,0.271386,1.042608,GRC,TWN,711790
2657083,93,249,8169,1996,0.0,14286.0,-0.332901,0.23790300000000003,GTM,TWN,711790
2657084,97,249,8169,1996,1856280.0,790731.0,0.54364,2.727659,HKG,TWN,711790
2657085,100,249,8169,1996,0.0,6035.0,0.772706,1.1075270000000002,HRV,TWN,711790
2657086,102,249,8169,1996,0.0,5876.0,0.790036,1.891534,HUN,TWN,711790
2657087,103,249,8169,1996,8340.0,45359.0,-0.43199899999999997,1.22074,IDN,TWN,711790
2657088,104,249,8169,1996,40806.0,1258.0,0.20685599999999998,2.317622,IND,TWN,711790
2657089,106,249,8169,1996,0.0,31947.0,1.386011,0.9232100000000001,IRL,TWN,711790
2657090,109,249,8169,1996,0.0,8535.0,0.003558,-0.551796,ISL,TWN,711790
2657091,110,249,8169,1996,1002.0,3679541.0,1.054975,1.072965,ISR,TWN,711790
2657092,111,249,8169,1996,26620.0,132855.0,1.4674690000000001,1.263362,ITA,TWN,711790
2657093,114,249,8169,1996,54536.0,1934280.0,2.615364,0.5656939999999999,JPN,TWN,711790
2657094,121,249,8169,1996,10427.0,100260.0,0.8946940000000001,1.240424,KOR,TWN,711790
2657095,130,249,8169,1996,18217.0,0.0,0.40520500000000004,0.9465950000000001,LTU,TWN,711790
2657096,134,249,8169,1996,0.0,5572.0,-0.67314,-0.241242,MAR,TWN,711790
2657097,138,249,8169,1996,0.0,157398.0,0.651949,0.9132170000000001,MEX,TWN,711790
2657098,142,249,8169,1996,0.0,42103.0,0.8825440000000001,0.066541,MLT,TWN,711790
2657099,151,249,8169,1996,0.0,4214.0,-0.538651,-0.746274,MUS,TWN,711790
2657100,153,249,8169,1996,0.0,585415.0,0.351774,0.347262,MYS,TWN,711790
2657101,160,249,8169,1996,0.0,4669.0,-0.767799,-0.737816,NIC,TWN,711790
2657102,162,249,8169,1996,72340.0,199792.0,1.256625,1.803132,NLD,TWN,711790
2657103,163,249,8169,1996,0.0,1415545.0,1.204869,0.303062,NOR,TWN,711790
2657104,166,249,8169,1996,0.0,141171.0,0.49466099999999996,0.8302879999999999,NZL,TWN,711790
2657105,167,249,8169,1996,0.0,21185.0,-0.10243499999999998,-0.8425879999999999,OMN,TWN,711790
2657106,169,249,8169,1996,0.0,2440.0,-0.100537,-0.374129,PAN,TWN,711790
2657107,173,249,8169,1996,0.0,34569.0,-0.43761000000000005,-0.28077399999999997,PER,TWN,711790
2657108,174,249,8169,1996,76300.0,27527.0,-0.276548,0.344986,PHL,TWN,711790
2657109,179,249,8169,1996,0.0,23515.0,0.39343,1.170144,PRT,TWN,711790
2657110,180,249,8169,1996,0.0,33911.0,-0.506178,-0.712851,PRY,TWN,711790
2657111,182,249,8169,1996,0.0,8589.0,0.845308,-0.31763,PYF,TWN,711790
2657112,186,249,8169,1996,0.0,14593.0,0.900185,0.47723000000000004,RUS,TWN,711790
2657113,188,249,8169,1996,0.0,761065.0,0.215265,-0.8577309999999999,SAU,TWN,711790
2657114,192,249,8169,1996,231033.0,511196.0,0.8354299999999999,0.41169799999999995,SGP,TWN,711790
2657115,197,249,8169,1996,0.0,41701.0,-0.24968800000000002,-0.121995,SLV,TWN,711790
2657116,206,249,8169,1996,0.0,1288.0,1.189398,1.29167,SVK,TWN,711790
2657117,207,249,8169,1996,0.0,8800.0,1.409184,1.37245,SVN,TWN,711790
2657118,208,249,8169,1996,1604.0,463400.0,2.133781,0.9099889999999999,SWE,TWN,711790
2657119,211,249,8169,1996,0.0,2636.0,0.239125,-0.458433,SYC,TWN,711790
2657120,216,249,8169,1996,158173.0,200442.0,0.10120599999999999,1.351967,THA,TWN,711790
2657121,223,249,8169,1996,0.0,6049.0,-0.28546,-0.089051,TUN,TWN,711790
2657122,224,249,8169,1996,0.0,83667.0,0.156866,1.554023,TUR,TWN,711790
2657123,230,249,8169,1996,0.0,38000.0,0.171541,0.313934,URY,TWN,711790
2657124,231,249,8169,1996,3831186.0,17249702.0,1.7110560000000001,1.125141,USA,TWN,711790
2657125,236,249,8169,1996,0.0,7050.0,0.07086100000000001,-0.761307,VEN,TWN,711790
2657126,246,249,8169,1996,0.0,281571.0,0.456593,1.150786,ZAF,TWN,711790
2657127,8,250,8169,1996,1474.0,87428.0,0.167081,0.433612,ARG,ANS,711790
2657128,14,250,8169,1996,8745.0,11017.0,0.369697,0.78069,AUS,ANS,711790
2657129,15,250,8169,1996,3698.0,1895.0,1.9216669999999998,0.659388,AUT,ANS,711790
2657130,18,250,8169,1996,6876.0,0.0,1.549312,1.273767,BEL,ANS,711790
2657131,31,250,8169,1996,23049.0,0.0,-0.589432,-0.7781,BOL,ANS,711790
2657132,32,250,8169,1996,0.0,5790.0,0.699658,1.271724,BRA,ANS,711790
2657133,39,250,8169,1996,0.0,12541.0,1.155706,1.1127049999999998,CAN,ANS,711790
2657134,41,250,8169,1996,0.0,4946.0,2.246238,0.603288,CHE,ANS,711790
2657135,42,250,8169,1996,1308.0,11121.0,-0.052811000000000004,-0.169464,CHL,ANS,711790
2657136,43,250,8169,1996,1402.0,192796.0,0.404422,3.061344,CHN,ANS,711790
2657137,49,250,8169,1996,0.0,6378.0,0.136487,0.078743,COL,ANS,711790
2657138,52,250,8169,1996,0.0,1923.0,-0.34219499999999997,0.12221900000000001,CRI,ANS,711790
2657139,58,250,8169,1996,10359.0,1388.0,0.20007,0.020590999999999998,CYP,ANS,711790
2657140,59,250,8169,1996,3565.0,19997.0,1.401181,1.3094709999999998,CZE,ANS,711790
2657141,61,250,8169,1996,17180.0,0.0,2.279976,-2.572299,DEU,ANS,711790
2657142,64,250,8169,1996,0.0,51636.0,1.443514,1.275684,DNK,ANS,711790
2657143,67,250,8169,1996,2696.0,0.0,-1.1391200000000001,-0.992735,ECU,ANS,711790
2657144,68,250,8169,1996,1802.0,2079.0,-0.5446409999999999,-0.229586,EGY,ANS,711790
2657145,74,250,8169,1996,0.0,2745.0,2.0584729999999998,1.006908,FIN,ANS,711790
2657146,77,250,8169,1996,5864.0,25495.0,1.69082,0.721312,FRA,ANS,711790
2657147,78,250,8169,1996,0.0,3742.0,-0.252693,-0.714691,FRO,ANS,711790
2657148,81,250,8169,1996,16274.0,0.0,1.850284,0.883084,GBR,ANS,711790
2657149,83,250,8169,1996,0.0,1137.0,-1.035244,-0.9834129999999999,GHA,ANS,711790
2657150,93,250,8169,1996,2090.0,2147.0,-0.332901,0.23790300000000003,GTM,ANS,711790
2657151,97,250,8169,1996,57793.0,0.0,0.54364,2.727659,HKG,ANS,711790
2657152,103,250,8169,1996,89960.0,0.0,-0.43199899999999997,1.22074,IDN,ANS,711790
2657153,104,250,8169,1996,1396.0,0.0,0.20685599999999998,2.317622,IND,ANS,711790
2657154,106,250,8169,1996,9046.0,2448.0,1.386011,0.9232100000000001,IRL,ANS,711790
2657155,109,250,8169,1996,0.0,3997.0,0.003558,-0.551796,ISL,ANS,711790
2657156,110,250,8169,1996,13014.0,108546.0,1.054975,1.072965,ISR,ANS,711790
2657157,111,250,8169,1996,121382.0,2451.0,1.4674690000000001,1.263362,ITA,ANS,711790
2657158,114,250,8169,1996,6423.0,4586.0,2.615364,0.5656939999999999,JPN,ANS,711790
2657159,121,250,8169,1996,0.0,33478.0,0.8946940000000001,1.240424,KOR,ANS,711790
2657160,132,250,8169,1996,0.0,6367.0,0.33418600000000004,0.1615,LVA,ANS,711790
2657161,136,250,8169,1996,0.0,1378.0,-1.213619,-0.606686,MDG,ANS,711790
2657162,138,250,8169,1996,3584.0,3060.0,0.651949,0.9132170000000001,MEX,ANS,711790
2657163,140,250,8169,1996,0.0,1562.0,0.316133,0.933068,MKD,ANS,711790
2657164,157,250,8169,1996,0.0,2025.0,-0.594771,-0.643008,NER,ANS,711790
2657165,163,250,8169,1996,0.0,5857.0,1.204869,0.303062,NOR,ANS,711790
2657166,166,250,8169,1996,4086.0,3532.0,0.49466099999999996,0.8302879999999999,NZL,ANS,711790
2657167,169,250,8169,1996,0.0,30102.0,-0.100537,-0.374129,PAN,ANS,711790
2657168,173,250,8169,1996,1485.0,0.0,-0.43761000000000005,-0.28077399999999997,PER,ANS,711790
2657169,174,250,8169,1996,96809.0,0.0,-0.276548,0.344986,PHL,ANS,711790
2657170,177,250,8169,1996,142043.0,207708.0,0.795489,1.9004729999999999,POL,ANS,711790
2657171,182,250,8169,1996,0.0,2399.0,0.845308,-0.31763,PYF,ANS,711790
2657172,192,250,8169,1996,52661.0,0.0,0.8354299999999999,0.41169799999999995,SGP,ANS,711790
2657173,206,250,8169,1996,0.0,2541.0,1.189398,1.29167,SVK,ANS,711790
2657174,208,250,8169,1996,2628.0,4908.0,2.133781,0.9099889999999999,SWE,ANS,711790
2657175,215,250,8169,1996,25646.0,0.0,-0.9070459999999999,-0.7702399999999999,TGO,ANS,711790
2657176,223,250,8169,1996,43742.0,0.0,-0.28546,-0.089051,TUN,ANS,711790
2657177,224,250,8169,1996,8285.0,0.0,0.156866,1.554023,TUR,ANS,711790
2657178,246,250,8169,1996,1511.0,7556.0,0.456593,1.150786,ZAF,ANS,711790
2657179,247,250,8169,1996,0.0,8249.0,-0.340956,-0.714009,ZMB,ANS,711790
2657180,49,54,8169,1996,30527.0,0.0,0.136487,0.078743,COL,CUB,711790
2657181,61,54,8169,1996,8241.0,0.0,2.279976,-2.572299,DEU,CUB,711790
2657182,71,54,8169,1996,85705.0,0.0,1.105317,1.9473,ESP,CUB,711790
2657183,97,54,8169,1996,26431.0,0.0,0.54364,2.727659,HKG,CUB,711790
2657184,111,54,8169,1996,15792.0,0.0,1.4674690000000001,1.263362,ITA,CUB,711790
2657185,138,54,8169,1996,35095.0,0.0,0.651949,0.9132170000000001,MEX,CUB,711790
2657186,41,141,8169,1996,0.0,386.0,2.246238,0.603288,CHE,MLI,711790
2657187,43,141,8169,1996,755.0,0.0,0.404422,3.061344,CHN,MLI,711790
2657188,61,141,8169,1996,0.0,11179.0,2.279976,-2.572299,DEU,MLI,711790
2657189,77,141,8169,1996,3610.0,0.0,1.69082,0.721312,FRA,MLI,711790
2657190,114,141,8169,1996,0.0,5409.0,2.615364,0.5656939999999999,JPN,MLI,711790
2657191,208,141,8169,1996,0.0,1170.0,2.133781,0.9099889999999999,SWE,MLI,711790
2657192,14,168,8169,1996,0.0,2935.0,0.369697,0.78069,AUS,PAK,711790
2657193,15,168,8169,1996,0.0,2066.0,1.9216669999999998,0.659388,AUT,PAK,711790
2657194,43,168,8169,1996,178133.0,0.0,0.404422,3.061344,CHN,PAK,711790
2657195,61,168,8169,1996,2160.0,9869.0,2.279976,-2.572299,DEU,PAK,711790
2657196,77,168,8169,1996,3130.0,8785.0,1.69082,0.721312,FRA,PAK,711790
2657197,81,168,8169,1996,0.0,50647.0,1.850284,0.883084,GBR,PAK,711790
2657198,97,168,8169,1996,37662.0,0.0,0.54364,2.727659,HKG,PAK,711790
2657199,111,168,8169,1996,0.0,8442.0,1.4674690000000001,1.263362,ITA,PAK,711790
2657200,136,168,8169,1996,0.0,7920.0,-1.213619,-0.606686,MDG,PAK,711790
2657201,151,168,8169,1996,0.0,1126.0,-0.538651,-0.746274,MUS,PAK,711790
2657202,162,168,8169,1996,0.0,3072.0,1.256625,1.803132,NLD,PAK,711790
2657203,163,168,8169,1996,0.0,2826.0,1.204869,0.303062,NOR,PAK,711790
2657204,167,168,8169,1996,0.0,10788.0,-0.10243499999999998,-0.8425879999999999,OMN,PAK,711790
2657205,188,168,8169,1996,0.0,5279.0,0.215265,-0.8577309999999999,SAU,PAK,711790
2657206,208,168,8169,1996,0.0,1303.0,2.133781,0.9099889999999999,SWE,PAK,711790
2657207,216,168,8169,1996,15252.0,0.0,0.10120599999999999,1.351967,THA,PAK,711790
2657208,224,168,8169,1996,0.0,12016.0,0.156866,1.554023,TUR,PAK,711790
2657209,231,168,8169,1996,0.0,20098.0,1.7110560000000001,1.125141,USA,PAK,711790
2657210,14,178,8169,1996,0.0,23670.0,0.369697,0.78069,AUS,PRK,711790
2657211,22,178,8169,1996,0.0,4387.0,-1.060876,-1.05104,BGD,PRK,711790
2657212,67,178,8169,1996,0.0,10737.0,-1.1391200000000001,-0.992735,ECU,PRK,711790
2657213,102,178,8169,1996,0.0,1754.0,0.790036,1.891534,HUN,PRK,711790
2657214,104,178,8169,1996,3612.0,3739.0,0.20685599999999998,2.317622,IND,PRK,711790
2657215,138,178,8169,1996,0.0,11407.0,0.651949,0.9132170000000001,MEX,PRK,711790
2657216,188,178,8169,1996,0.0,8689.0,0.215265,-0.8577309999999999,SAU,PRK,711790
2657217,216,178,8169,1996,13293.0,0.0,0.10120599999999999,1.351967,THA,PRK,711790
2657218,14,239,8169,1996,0.0,11391.0,0.369697,0.78069,AUS,VNM,711790
2657219,18,239,8169,1996,14256.0,0.0,1.549312,1.273767,BEL,VNM,711790
2657220,39,239,8169,1996,0.0,1375.0,1.155706,1.1127049999999998,CAN,VNM,711790
2657221,41,239,8169,1996,0.0,34888.0,2.246238,0.603288,CHE,VNM,711790
2657222,61,239,8169,1996,0.0,9472.0,2.279976,-2.572299,DEU,VNM,711790
2657223,97,239,8169,1996,35240.0,0.0,0.54364,2.727659,HKG,VNM,711790
2657224,111,239,8169,1996,38601.0,14024.0,1.4674690000000001,1.263362,ITA,VNM,711790
2657225,121,239,8169,1996,0.0,6867.0,0.8946940000000001,1.240424,KOR,VNM,711790
2657226,192,239,8169,1996,1162.0,3933.0,0.8354299999999999,0.41169799999999995,SGP,VNM,711790
2657227,231,239,8169,1996,4996.0,13192.0,1.7110560000000001,1.125141,USA,VNM,711790
2657228,231,29,8169,1996,11209.0,0.0,1.7110560000000001,1.125141,USA,BLZ,711790
2657229,15,31,8169,1996,674.0,0.0,1.9216669999999998,0.659388,AUT,BOL,711790
2657230,18,31,8169,1996,644.0,0.0,1.549312,1.273767,BEL,BOL,711790
2657231,32,31,8169,1996,8213.0,0.0,0.699658,1.271724,BRA,BOL,711790
2657232,41,31,8169,1996,0.0,265.0,2.246238,0.603288,CHE,BOL,711790
2657233,42,31,8169,1996,0.0,1112.0,-0.052811000000000004,-0.169464,CHL,BOL,711790
2657234,49,31,8169,1996,115129.0,0.0,0.136487,0.078743,COL,BOL,711790
2657235,59,31,8169,1996,2927.0,0.0,1.401181,1.3094709999999998,CZE,BOL,711790
2657236,61,31,8169,1996,0.0,8676.0,2.279976,-2.572299,DEU,BOL,711790
2657237,71,31,8169,1996,9519.0,2190.0,1.105317,1.9473,ESP,BOL,711790
2657238,77,31,8169,1996,2464.0,0.0,1.69082,0.721312,FRA,BOL,711790
2657239,138,31,8169,1996,3755.0,0.0,0.651949,0.9132170000000001,MEX,BOL,711790
2657240,173,31,8169,1996,20103.0,0.0,-0.43761000000000005,-0.28077399999999997,PER,BOL,711790
2657241,180,31,8169,1996,0.0,683.0,-0.506178,-0.712851,PRY,BOL,711790
2657242,216,31,8169,1996,1257.0,0.0,0.10120599999999999,1.351967,THA,BOL,711790
2657243,231,31,8169,1996,13056.0,0.0,1.7110560000000001,1.125141,USA,BOL,711790
2657244,250,31,8169,1996,0.0,23049.0,1.084978,0.901755,ANS,BOL,711790
2657245,81,63,8169,1996,3898.0,0.0,1.850284,0.883084,GBR,DMA,711790
2657246,222,63,8169,1996,2020.0,0.0,0.19111,-0.488382,TTO,DMA,711790
2657247,231,63,8169,1996,7715.0,0.0,1.7110560000000001,1.125141,USA,DMA,711790
2657248,231,91,8169,1996,1971.0,0.0,1.7110560000000001,1.125141,USA,GRD,711790
2657249,61,101,8169,1996,0.0,5347.0,2.279976,-2.572299,DEU,HTI,711790
2657250,231,101,8169,1996,3326.0,11186.0,1.7110560000000001,1.125141,USA,HTI,711790
2657251,18,112,8169,1996,5286.0,0.0,1.549312,1.273767,BEL,JAM,711790
2657252,81,112,8169,1996,6045.0,0.0,1.850284,0.883084,GBR,JAM,711790
2657253,231,112,8169,1996,42177.0,0.0,1.7110560000000001,1.125141,USA,JAM,711790
2657254,231,127,8169,1996,3747.0,0.0,1.7110560000000001,1.125141,USA,LCA,711790
2657255,93,160,8169,1996,1149.0,0.0,-0.332901,0.23790300000000003,GTM,NIC,711790
2657256,138,160,8169,1996,9435.0,0.0,0.651949,0.9132170000000001,MEX,NIC,711790
2657257,169,160,8169,1996,683.0,0.0,-0.100537,-0.374129,PAN,NIC,711790
2657258,197,160,8169,1996,4432.0,0.0,-0.24968800000000002,-0.121995,SLV,NIC,711790
2657259,231,160,8169,1996,71976.0,0.0,1.7110560000000001,1.125141,USA,NIC,711790
2657260,249,160,8169,1996,4669.0,0.0,1.432225,1.675389,TWN,NIC,711790
2657261,15,197,8169,1996,2250.0,0.0,1.9216669999999998,0.659388,AUT,SLV,711790
2657262,18,197,8169,1996,6428.0,1292.0,1.549312,1.273767,BEL,SLV,711790
2657263,32,197,8169,1996,6309.0,0.0,0.699658,1.271724,BRA,SLV,711790
2657264,43,197,8169,1996,15009.0,0.0,0.404422,3.061344,CHN,SLV,711790
2657265,49,197,8169,1996,18054.0,0.0,0.136487,0.078743,COL,SLV,711790
2657266,52,197,8169,1996,42920.0,0.0,-0.34219499999999997,0.12221900000000001,CRI,SLV,711790
2657267,59,197,8169,1996,1971.0,0.0,1.401181,1.3094709999999998,CZE,SLV,711790
2657268,61,197,8169,1996,8262.0,0.0,2.279976,-2.572299,DEU,SLV,711790
2657269,71,197,8169,1996,5903.0,0.0,1.105317,1.9473,ESP,SLV,711790
2657270,81,197,8169,1996,0.0,4975.0,1.850284,0.883084,GBR,SLV,711790
2657271,93,197,8169,1996,579966.0,1891.0,-0.332901,0.23790300000000003,GTM,SLV,711790
2657272,97,197,8169,1996,5023.0,0.0,0.54364,2.727659,HKG,SLV,711790
2657273,111,197,8169,1996,25057.0,0.0,1.4674690000000001,1.263362,ITA,SLV,711790
2657274,138,197,8169,1996,28267.0,0.0,0.651949,0.9132170000000001,MEX,SLV,711790
2657275,160,197,8169,1996,0.0,4432.0,-0.767799,-0.737816,NIC,SLV,711790
2657276,162,197,8169,1996,1965.0,0.0,1.256625,1.803132,NLD,SLV,711790
2657277,169,197,8169,1996,28549.0,0.0,-0.100537,-0.374129,PAN,SLV,711790
2657278,231,197,8169,1996,16205.0,68866.0,1.7110560000000001,1.125141,USA,SLV,711790
2657279,249,197,8169,1996,41701.0,0.0,1.432225,1.675389,TWN,SLV,711790
2657280,18,227,8169,1996,4194.0,0.0,1.549312,1.273767,BEL,UGA,711790
2657281,81,227,8169,1996,5746.0,0.0,1.850284,0.883084,GBR,UGA,711790
2657282,97,227,8169,1996,38337.0,0.0,0.54364,2.727659,HKG,UGA,711790
2657283,104,227,8169,1996,3562.0,0.0,0.20685599999999998,2.317622,IND,UGA,711790
2657284,111,227,8169,1996,1897.0,0.0,1.4674690000000001,1.263362,ITA,UGA,711790
2657285,246,227,8169,1996,1085.0,0.0,0.456593,1.150786,ZAF,UGA,711790
2657286,49,234,8169,1996,2546.0,0.0,0.136487,0.078743,COL,VCT,711790
2657287,231,234,8169,1996,8756.0,0.0,1.7110560000000001,1.125141,USA,VCT,711790
2657288,18,17,8169,1996,3026.0,0.0,1.549312,1.273767,BEL,BDI,711790
2657289,97,17,8169,1996,2016.0,0.0,0.54364,2.727659,HKG,BDI,711790
2657290,104,17,8169,1996,758.0,0.0,0.20685599999999998,2.317622,IND,BDI,711790
2657291,77,50,8169,1996,2109.0,0.0,1.69082,0.721312,FRA,COM,711790
2657292,61,85,8169,1996,845.0,0.0,2.279976,-2.572299,DEU,GIN,711790
2657293,81,85,8169,1996,16641.0,0.0,1.850284,0.883084,GBR,GIN,711790
2657294,97,85,8169,1996,52942.0,0.0,0.54364,2.727659,HKG,GIN,711790
2657295,231,85,8169,1996,3211.0,0.0,1.7110560000000001,1.125141,USA,GIN,711790
2657296,97,87,8169,1996,1582.0,0.0,0.54364,2.727659,HKG,GMB,711790
2657297,208,87,8169,1996,4596.0,0.0,2.133781,0.9099889999999999,SWE,GMB,711790
2657298,18,109,8169,1996,17998.0,0.0,1.549312,1.273767,BEL,ISL,711790
2657299,43,109,8169,1996,3374.0,0.0,0.404422,3.061344,CHN,ISL,711790
2657300,61,109,8169,1996,6880.0,0.0,2.279976,-2.572299,DEU,ISL,711790
2657301,64,109,8169,1996,29489.0,0.0,1.443514,1.275684,DNK,ISL,711790
2657302,71,109,8169,1996,2436.0,0.0,1.105317,1.9473,ESP,ISL,711790
2657303,77,109,8169,1996,7176.0,0.0,1.69082,0.721312,FRA,ISL,711790
2657304,81,109,8169,1996,61496.0,0.0,1.850284,0.883084,GBR,ISL,711790
2657305,97,109,8169,1996,6218.0,0.0,0.54364,2.727659,HKG,ISL,711790
2657306,111,109,8169,1996,23555.0,0.0,1.4674690000000001,1.263362,ITA,ISL,711790
2657307,114,109,8169,1996,7304.0,0.0,2.615364,0.5656939999999999,JPN,ISL,711790
2657308,121,109,8169,1996,681.0,0.0,0.8946940000000001,1.240424,KOR,ISL,711790
2657309,162,109,8169,1996,4231.0,0.0,1.256625,1.803132,NLD,ISL,711790
2657310,163,109,8169,1996,2356.0,0.0,1.204869,0.303062,NOR,ISL,711790
2657311,174,109,8169,1996,188.0,0.0,-0.276548,0.344986,PHL,ISL,711790
2657312,208,109,8169,1996,5832.0,0.0,2.133781,0.9099889999999999,SWE,ISL,711790
2657313,231,109,8169,1996,32123.0,3686.0,1.7110560000000001,1.125141,USA,ISL,711790
2657314,249,109,8169,1996,8535.0,0.0,1.432225,1.675389,TWN,ISL,711790
2657315,250,109,8169,1996,3997.0,0.0,1.084978,0.901755,ANS,ISL,711790
2657316,43,133,8169,1996,625193.0,923.0,0.404422,3.061344,CHN,MAC,711790
2657317,61,133,8169,1996,733.0,0.0,2.279976,-2.572299,DEU,MAC,711790
2657318,97,133,8169,1996,31016.0,40580.0,0.54364,2.727659,HKG,MAC,711790
2657319,104,133,8169,1996,401.0,0.0,0.20685599999999998,2.317622,IND,MAC,711790
2657320,111,133,8169,1996,1804.0,2518.0,1.4674690000000001,1.263362,ITA,MAC,711790
2657321,114,133,8169,1996,0.0,16608.0,2.615364,0.5656939999999999,JPN,MAC,711790
2657322,121,133,8169,1996,1429.0,0.0,0.8946940000000001,1.240424,KOR,MAC,711790
2657323,231,133,8169,1996,0.0,1519.0,1.7110560000000001,1.125141,USA,MAC,711790
2657324,43,136,8169,1996,2862.0,0.0,0.404422,3.061344,CHN,MDG,711790
2657325,77,136,8169,1996,4508.0,4129.0,1.69082,0.721312,FRA,MDG,711790
2657326,104,136,8169,1996,7813.0,0.0,0.20685599999999998,2.317622,IND,MDG,711790
2657327,111,136,8169,1996,3988.0,0.0,1.4674690000000001,1.263362,ITA,MDG,711790
2657328,168,136,8169,1996,7920.0,0.0,-0.7543300000000001,-0.393654,PAK,MDG,711790
2657329,250,136,8169,1996,1378.0,0.0,1.084978,0.901755,ANS,MDG,711790
2657330,104,137,8169,1996,1171.0,0.0,0.20685599999999998,2.317622,IND,MDV,711790
2657331,174,137,8169,1996,4520.0,0.0,-0.276548,0.344986,PHL,MDV,711790
2657332,18,151,8169,1996,38262.0,0.0,1.549312,1.273767,BEL,MUS,711790
2657333,43,151,8169,1996,2380.0,0.0,0.404422,3.061344,CHN,MUS,711790
2657334,61,151,8169,1996,4879.0,7937.0,2.279976,-2.572299,DEU,MUS,711790
2657335,77,151,8169,1996,27622.0,71320.0,1.69082,0.721312,FRA,MUS,711790
2657336,81,151,8169,1996,2619.0,55598.0,1.850284,0.883084,GBR,MUS,711790
2657337,97,151,8169,1996,84912.0,0.0,0.54364,2.727659,HKG,MUS,711790
2657338,104,151,8169,1996,41954.0,0.0,0.20685599999999998,2.317622,IND,MUS,711790
2657339,111,151,8169,1996,6485.0,0.0,1.4674690000000001,1.263362,ITA,MUS,711790
2657340,114,151,8169,1996,5612.0,0.0,2.615364,0.5656939999999999,JPN,MUS,711790
2657341,168,151,8169,1996,1126.0,0.0,-0.7543300000000001,-0.393654,PAK,MUS,711790
2657342,174,151,8169,1996,20597.0,0.0,-0.276548,0.344986,PHL,MUS,711790
2657343,192,151,8169,1996,2665.0,0.0,0.8354299999999999,0.41169799999999995,SGP,MUS,711790
2657344,211,151,8169,1996,0.0,1662.0,0.239125,-0.458433,SYC,MUS,711790
2657345,216,151,8169,1996,4453.0,0.0,0.10120599999999999,1.351967,THA,MUS,711790
2657346,231,151,8169,1996,6034.0,14714.0,1.7110560000000001,1.125141,USA,MUS,711790
2657347,249,151,8169,1996,4214.0,0.0,1.432225,1.675389,TWN,MUS,711790
2657348,18,152,8169,1996,1095.0,0.0,1.549312,1.273767,BEL,MWI,711790
2657349,246,152,8169,1996,11896.0,0.0,0.456593,1.150786,ZAF,MWI,711790
2657350,21,159,8169,1996,0.0,3649.0,-0.680996,-0.863442,BFA,NGA,711790
2657351,32,159,8169,1996,0.0,1870.0,0.699658,1.271724,BRA,NGA,711790
2657352,45,159,8169,1996,0.0,1217.0,-1.4036309999999999,-1.090633,CMR,NGA,711790
2657353,61,159,8169,1996,0.0,1733.0,2.279976,-2.572299,DEU,NGA,711790
2657354,68,159,8169,1996,3209.0,0.0,-0.5446409999999999,-0.229586,EGY,NGA,711790
2657355,81,159,8169,1996,579678.0,0.0,1.850284,0.883084,GBR,NGA,711790
2657356,97,159,8169,1996,103505.0,0.0,0.54364,2.727659,HKG,NGA,711790
2657357,104,159,8169,1996,55680.0,0.0,0.20685599999999998,2.317622,IND,NGA,711790
2657358,111,159,8169,1996,5752.0,0.0,1.4674690000000001,1.263362,ITA,NGA,711790
2657359,114,159,8169,1996,3832.0,0.0,2.615364,0.5656939999999999,JPN,NGA,711790
2657360,116,159,8169,1996,1557.0,0.0,-0.468322,-0.017625,KEN,NGA,711790
2657361,215,159,8169,1996,6125.0,0.0,-0.9070459999999999,-0.7702399999999999,TGO,NGA,711790
2657362,231,159,8169,1996,2338.0,1331.0,1.7110560000000001,1.125141,USA,NGA,711790
2657363,77,211,8169,1996,1526.0,0.0,1.69082,0.721312,FRA,SYC,711790
2657364,81,211,8169,1996,10996.0,0.0,1.850284,0.883084,GBR,SYC,711790
2657365,116,211,8169,1996,1208.0,0.0,-0.468322,-0.017625,KEN,SYC,711790
2657366,151,211,8169,1996,1662.0,0.0,-0.538651,-0.746274,MUS,SYC,711790
2657367,192,211,8169,1996,6080.0,330.0,0.8354299999999999,0.41169799999999995,SGP,SYC,711790
2657368,246,211,8169,1996,2822.0,0.0,0.456593,1.150786,ZAF,SYC,711790
2657369,249,211,8169,1996,2636.0,0.0,1.432225,1.675389,TWN,SYC,711790
2657370,61,226,8169,1996,6023.0,1140.0,2.279976,-2.572299,DEU,TZA,711790
2657371,81,226,8169,1996,7074.0,1658.0,1.850284,0.883084,GBR,TZA,711790
2657372,97,226,8169,1996,6208.0,0.0,0.54364,2.727659,HKG,TZA,711790
2657373,104,226,8169,1996,26025.0,0.0,0.20685599999999998,2.317622,IND,TZA,711790
2657374,111,226,8169,1996,922.0,0.0,1.4674690000000001,1.263362,ITA,TZA,711790
2657375,163,226,8169,1996,0.0,3721.0,1.204869,0.303062,NOR,TZA,711790
2657376,246,226,8169,1996,1194.0,0.0,0.456593,1.150786,ZAF,TZA,711790
2657377,179,2,8169,1996,19005.0,0.0,0.39343,1.170144,PRT,AGO,711790
2657378,43,4,8169,1996,1877.0,0.0,0.404422,3.061344,CHN,ALB,711790
2657379,68,4,8169,1996,619.0,0.0,-0.5446409999999999,-0.229586,EGY,ALB,711790
2657380,81,4,8169,1996,0.0,607.0,1.850284,0.883084,GBR,ALB,711790
2657381,90,4,8169,1996,6527.0,0.0,0.271386,1.042608,GRC,ALB,711790
2657382,111,4,8169,1996,51110.0,31143.0,1.4674690000000001,1.263362,ITA,ALB,711790
2657383,224,4,8169,1996,1599.0,0.0,0.156866,1.554023,TUR,ALB,711790
2657384,41,6,8169,1996,18483.0,0.0,2.246238,0.603288,CHE,ANT,711790
2657385,61,6,8169,1996,7701.0,0.0,2.279976,-2.572299,DEU,ANT,711790
2657386,71,6,8169,1996,1891.0,0.0,1.105317,1.9473,ESP,ANT,711790
2657387,97,6,8169,1996,47140.0,0.0,0.54364,2.727659,HKG,ANT,711790
2657388,162,6,8169,1996,4067.0,0.0,1.256625,1.803132,NLD,ANT,711790
2657389,192,6,8169,1996,5374.0,0.0,0.8354299999999999,0.41169799999999995,SGP,ANT,711790
2657390,231,6,8169,1996,2378470.0,0.0,1.7110560000000001,1.125141,USA,ANT,711790
2657391,14,7,8169,1996,46990.0,0.0,0.369697,0.78069,AUS,ARE,711790
2657392,15,7,8169,1996,18497.0,0.0,1.9216669999999998,0.659388,AUT,ARE,711790
2657393,18,7,8169,1996,69736.0,0.0,1.549312,1.273767,BEL,ARE,711790
2657394,39,7,8169,1996,8411.0,0.0,1.155706,1.1127049999999998,CAN,ARE,711790
2657395,41,7,8169,1996,62941.0,0.0,2.246238,0.603288,CHE,ARE,711790
2657396,43,7,8169,1996,14151.0,0.0,0.404422,3.061344,CHN,ARE,711790
2657397,49,7,8169,1996,13552.0,0.0,0.136487,0.078743,COL,ARE,711790
2657398,59,7,8169,1996,98288.0,0.0,1.401181,1.3094709999999998,CZE,ARE,711790
2657399,61,7,8169,1996,3472.0,2588.0,2.279976,-2.572299,DEU,ARE,711790
2657400,66,7,8169,1996,0.0,4414.0,-0.33419699999999997,-1.035736,DZA,ARE,711790
2657401,68,7,8169,1996,2448.0,5400.0,-0.5446409999999999,-0.229586,EGY,ARE,711790
2657402,71,7,8169,1996,40561.0,0.0,1.105317,1.9473,ESP,ARE,711790
2657403,77,7,8169,1996,178907.0,0.0,1.69082,0.721312,FRA,ARE,711790
2657404,81,7,8169,1996,308440.0,13368.0,1.850284,0.883084,GBR,ARE,711790
2657405,90,7,8169,1996,5107.0,0.0,0.271386,1.042608,GRC,ARE,711790
2657406,97,7,8169,1996,256124.0,0.0,0.54364,2.727659,HKG,ARE,711790
2657407,103,7,8169,1996,23225.0,0.0,-0.43199899999999997,1.22074,IDN,ARE,711790
2657408,104,7,8169,1996,677066.0,0.0,0.20685599999999998,2.317622,IND,ARE,711790
2657409,111,7,8169,1996,79115.0,0.0,1.4674690000000001,1.263362,ITA,ARE,711790
2657410,121,7,8169,1996,6077.0,0.0,0.8946940000000001,1.240424,KOR,ARE,711790
2657411,130,7,8169,1996,1732.0,0.0,0.40520500000000004,0.9465950000000001,LTU,ARE,711790
2657412,153,7,8169,1996,18802.0,0.0,0.351774,0.347262,MYS,ARE,711790
2657413,166,7,8169,1996,2451.0,0.0,0.49466099999999996,0.8302879999999999,NZL,ARE,711790
2657414,167,7,8169,1996,75885.0,29246.0,-0.10243499999999998,-0.8425879999999999,OMN,ARE,711790
2657415,174,7,8169,1996,56609.0,0.0,-0.276548,0.344986,PHL,ARE,711790
2657416,188,7,8169,1996,3145.0,58086.0,0.215265,-0.8577309999999999,SAU,ARE,711790
2657417,192,7,8169,1996,74497.0,43273.0,0.8354299999999999,0.41169799999999995,SGP,ARE,711790
2657418,216,7,8169,1996,552880.0,0.0,0.10120599999999999,1.351967,THA,ARE,711790
2657419,224,7,8169,1996,0.0,11776.0,0.156866,1.554023,TUR,ARE,711790
2657420,231,7,8169,1996,236328.0,0.0,1.7110560000000001,1.125141,USA,ARE,711790
2657421,61,19,8169,1996,0.0,3570.0,2.279976,-2.572299,DEU,BEN,711790
2657422,77,19,8169,1996,55941.0,0.0,1.69082,0.721312,FRA,BEN,711790
2657423,81,19,8169,1996,24686.0,0.0,1.850284,0.883084,GBR,BEN,711790
2657424,97,19,8169,1996,15918.0,0.0,0.54364,2.727659,HKG,BEN,711790
2657425,157,19,8169,1996,1643.0,0.0,-0.594771,-0.643008,NER,BEN,711790
2657426,215,19,8169,1996,20538.0,0.0,-0.9070459999999999,-0.7702399999999999,TGO,BEN,711790
2657427,231,19,8169,1996,0.0,2647.0,1.7110560000000001,1.125141,USA,BEN,711790
2657428,61,21,8169,1996,0.0,3480.0,2.279976,-2.572299,DEU,BFA,711790
2657429,77,21,8169,1996,2835.0,0.0,1.69082,0.721312,FRA,BFA,711790
2657430,83,21,8169,1996,1423.0,0.0,-1.035244,-0.9834129999999999,GHA,BFA,711790
2657431,111,21,8169,1996,701.0,0.0,1.4674690000000001,1.263362,ITA,BFA,711790
2657432,114,21,8169,1996,0.0,5181.0,2.615364,0.5656939999999999,JPN,BFA,711790
2657433,159,21,8169,1996,3649.0,0.0,-1.813359,-1.1967,NGA,BFA,711790
2657434,231,21,8169,1996,449.0,0.0,1.7110560000000001,1.125141,USA,BFA,711790
2657435,14,24,8169,1996,11641.0,0.0,0.369697,0.78069,AUS,BHR,711790
2657436,18,24,8169,1996,15810.0,0.0,1.549312,1.273767,BEL,BHR,711790
2657437,41,24,8169,1996,60705.0,0.0,2.246238,0.603288,CHE,BHR,711790
2657438,59,24,8169,1996,13018.0,0.0,1.401181,1.3094709999999998,CZE,BHR,711790
2657439,61,24,8169,1996,36162.0,0.0,2.279976,-2.572299,DEU,BHR,711790
2657440,71,24,8169,1996,14472.0,0.0,1.105317,1.9473,ESP,BHR,711790
2657441,77,24,8169,1996,26995.0,0.0,1.69082,0.721312,FRA,BHR,711790
2657442,81,24,8169,1996,20207.0,0.0,1.850284,0.883084,GBR,BHR,711790
2657443,97,24,8169,1996,7237.0,0.0,0.54364,2.727659,HKG,BHR,711790
2657444,104,24,8169,1996,249702.0,0.0,0.20685599999999998,2.317622,IND,BHR,711790
2657445,167,24,8169,1996,0.0,9408.0,-0.10243499999999998,-0.8425879999999999,OMN,BHR,711790
2657446,192,24,8169,1996,92394.0,0.0,0.8354299999999999,0.41169799999999995,SGP,BHR,711790
2657447,216,24,8169,1996,10933.0,0.0,0.10120599999999999,1.351967,THA,BHR,711790
2657448,231,24,8169,1996,58845.0,0.0,1.7110560000000001,1.125141,USA,BHR,711790
2657449,246,24,8169,1996,1273.0,0.0,0.456593,1.150786,ZAF,BHR,711790
2657450,71,25,8169,1996,21428.0,0.0,1.105317,1.9473,ESP,BHS,711790
2657451,77,25,8169,1996,96364.0,0.0,1.69082,0.721312,FRA,BHS,711790
2657452,163,25,8169,1996,8104.0,0.0,1.204869,0.303062,NOR,BHS,711790
2657453,192,25,8169,1996,0.0,1361.0,0.8354299999999999,0.41169799999999995,SGP,BHS,711790
2657454,231,25,8169,1996,140305.0,0.0,1.7110560000000001,1.125141,USA,BHS,711790
2657455,59,26,8169,1996,3988.0,0.0,1.401181,1.3094709999999998,CZE,BIH,711790
2657456,61,26,8169,1996,45401.0,0.0,2.279976,-2.572299,DEU,BIH,711790
2657457,100,26,8169,1996,14550.0,0.0,0.772706,1.1075270000000002,HRV,BIH,711790
2657458,111,26,8169,1996,2842.0,0.0,1.4674690000000001,1.263362,ITA,BIH,711790
2657459,207,26,8169,1996,6607.0,0.0,1.409184,1.37245,SVN,BIH,711790
2657460,18,28,8169,1996,7569.0,0.0,1.549312,1.273767,BEL,BLR,711790
2657461,59,28,8169,1996,5867.0,0.0,1.401181,1.3094709999999998,CZE,BLR,711790
2657462,64,28,8169,1996,0.0,12910.0,1.443514,1.275684,DNK,BLR,711790
2657463,162,28,8169,1996,6402.0,0.0,1.256625,1.803132,NLD,BLR,711790
2657464,188,28,8169,1996,0.0,83346.0,0.215265,-0.8577309999999999,SAU,BLR,711790
2657465,224,28,8169,1996,12626.0,0.0,0.156866,1.554023,TUR,BLR,711790
2657466,81,33,8169,1996,3576.0,0.0,1.850284,0.883084,GBR,BRB,711790
2657467,231,33,8169,1996,66799.0,0.0,1.7110560000000001,1.125141,USA,BRB,711790
2657468,97,34,8169,1996,22924.0,0.0,0.54364,2.727659,HKG,BRN,711790
2657469,111,34,8169,1996,27472.0,0.0,1.4674690000000001,1.263362,ITA,BRN,711790
2657470,121,34,8169,1996,82779.0,0.0,0.8946940000000001,1.240424,KOR,BRN,711790
2657471,153,34,8169,1996,681566.0,0.0,0.351774,0.347262,MYS,BRN,711790
2657472,174,34,8169,1996,1129.0,0.0,-0.276548,0.344986,PHL,BRN,711790
2657473,192,34,8169,1996,56887.0,0.0,0.8354299999999999,0.41169799999999995,SGP,BRN,711790
2657474,18,46,8169,1996,139141.0,3881.0,1.549312,1.273767,BEL,COD,711790
2657475,77,46,8169,1996,5891.0,0.0,1.69082,0.721312,FRA,COD,711790
2657476,81,46,8169,1996,16117.0,0.0,1.850284,0.883084,GBR,COD,711790
2657477,97,46,8169,1996,38396.0,0.0,0.54364,2.727659,HKG,COD,711790
2657478,104,46,8169,1996,16898.0,0.0,0.20685599999999998,2.317622,IND,COD,711790
2657479,216,46,8169,1996,22425.0,0.0,0.10120599999999999,1.351967,THA,COD,711790
2657480,224,46,8169,1996,0.0,1716.0,0.156866,1.554023,TUR,COD,711790
2657481,231,46,8169,1996,0.0,4215.0,1.7110560000000001,1.125141,USA,COD,711790
2657482,246,46,8169,1996,1386.0,0.0,0.456593,1.150786,ZAF,COD,711790
2657483,77,47,8169,1996,268.0,0.0,1.69082,0.721312,FRA,COG,711790
2657484,179,47,8169,1996,1073.0,0.0,0.39343,1.170144,PRT,COG,711790
2657485,208,69,8169,1996,5229.0,0.0,2.133781,0.9099889999999999,SWE,ERI,711790
2657486,231,69,8169,1996,0.0,1409.0,1.7110560000000001,1.125141,USA,ERI,711790
2657487,71,84,8169,1996,5071.0,0.0,1.105317,1.9473,ESP,GIB,711790
2657488,81,96,8169,1996,2358.0,0.0,1.850284,0.883084,GBR,GUY,711790
2657489,61,115,8169,1996,15934.0,0.0,2.279976,-2.572299,DEU,KAZ,711790
2657490,77,115,8169,1996,2741.0,0.0,1.69082,0.721312,FRA,KAZ,711790
2657491,110,115,8169,1996,98076.0,0.0,1.054975,1.072965,ISR,KAZ,711790
2657492,186,115,8169,1996,3707.0,0.0,0.900185,0.47723000000000004,RUS,KAZ,711790
2657493,14,116,8169,1996,0.0,5283.0,0.369697,0.78069,AUS,KEN,711790
2657494,15,116,8169,1996,0.0,5236.0,1.9216669999999998,0.659388,AUT,KEN,711790
2657495,18,116,8169,1996,0.0,11759.0,1.549312,1.273767,BEL,KEN,711790
2657496,39,116,8169,1996,0.0,2556.0,1.155706,1.1127049999999998,CAN,KEN,711790
2657497,41,116,8169,1996,171508.0,0.0,2.246238,0.603288,CHE,KEN,711790
2657498,61,116,8169,1996,0.0,38544.0,2.279976,-2.572299,DEU,KEN,711790
2657499,81,116,8169,1996,6225.0,21867.0,1.850284,0.883084,GBR,KEN,711790
2657500,97,116,8169,1996,61276.0,0.0,0.54364,2.727659,HKG,KEN,711790
2657501,104,116,8169,1996,30928.0,0.0,0.20685599999999998,2.317622,IND,KEN,711790
2657502,111,116,8169,1996,1535.0,7969.0,1.4674690000000001,1.263362,ITA,KEN,711790
2657503,114,116,8169,1996,0.0,22916.0,2.615364,0.5656939999999999,JPN,KEN,711790
2657504,153,116,8169,1996,0.0,22341.0,0.351774,0.347262,MYS,KEN,711790
2657505,159,116,8169,1996,0.0,1557.0,-1.813359,-1.1967,NGA,KEN,711790
2657506,162,116,8169,1996,0.0,9884.0,1.256625,1.803132,NLD,KEN,711790
2657507,163,116,8169,1996,0.0,1529.0,1.204869,0.303062,NOR,KEN,711790
2657508,166,116,8169,1996,0.0,3969.0,0.49466099999999996,0.8302879999999999,NZL,KEN,711790
2657509,208,116,8169,1996,0.0,8545.0,2.133781,0.9099889999999999,SWE,KEN,711790
2657510,211,116,8169,1996,0.0,1208.0,0.239125,-0.458433,SYC,KEN,711790
2657511,216,116,8169,1996,1018.0,1054.0,0.10120599999999999,1.351967,THA,KEN,711790
2657512,231,116,8169,1996,0.0,119736.0,1.7110560000000001,1.125141,USA,KEN,711790
2657513,246,116,8169,1996,4836.0,0.0,0.456593,1.150786,ZAF,KEN,711790
2657514,18,122,8169,1996,8938.0,0.0,1.549312,1.273767,BEL,KWT,711790
2657515,39,122,8169,1996,48366.0,0.0,1.155706,1.1127049999999998,CAN,KWT,711790
2657516,43,122,8169,1996,7826.0,0.0,0.404422,3.061344,CHN,KWT,711790
2657517,59,122,8169,1996,55639.0,0.0,1.401181,1.3094709999999998,CZE,KWT,711790
2657518,61,122,8169,1996,6847.0,0.0,2.279976,-2.572299,DEU,KWT,711790
2657519,77,122,8169,1996,225479.0,0.0,1.69082,0.721312,FRA,KWT,711790
2657520,81,122,8169,1996,50802.0,4497.0,1.850284,0.883084,GBR,KWT,711790
2657521,97,122,8169,1996,66723.0,0.0,0.54364,2.727659,HKG,KWT,711790
2657522,104,122,8169,1996,176428.0,0.0,0.20685599999999998,2.317622,IND,KWT,711790
2657523,111,122,8169,1996,71559.0,0.0,1.4674690000000001,1.263362,ITA,KWT,711790
2657524,167,122,8169,1996,0.0,9434.0,-0.10243499999999998,-0.8425879999999999,OMN,KWT,711790
2657525,174,122,8169,1996,22843.0,0.0,-0.276548,0.344986,PHL,KWT,711790
2657526,188,122,8169,1996,20260.0,0.0,0.215265,-0.8577309999999999,SAU,KWT,711790
2657527,192,122,8169,1996,23900.0,0.0,0.8354299999999999,0.41169799999999995,SGP,KWT,711790
2657528,216,122,8169,1996,43261.0,0.0,0.10120599999999999,1.351967,THA,KWT,711790
2657529,224,122,8169,1996,4700.0,0.0,0.156866,1.554023,TUR,KWT,711790
2657530,231,122,8169,1996,24134.0,0.0,1.7110560000000001,1.125141,USA,KWT,711790
2657531,41,126,8169,1996,2914.0,0.0,2.246238,0.603288,CHE,LBY,711790
2657532,59,126,8169,1996,9265.0,0.0,1.401181,1.3094709999999998,CZE,LBY,711790
2657533,134,126,8169,1996,2121.0,0.0,-0.67314,-0.241242,MAR,LBY,711790
2657534,104,147,8169,1996,3626.0,0.0,0.20685599999999998,2.317622,IND,MOZ,711790
2657535,179,147,8169,1996,79225.0,0.0,0.39343,1.170144,PRT,MOZ,711790
2657536,246,147,8169,1996,4208.0,0.0,0.456593,1.150786,ZAF,MOZ,711790
2657537,77,148,8169,1996,4698.0,0.0,1.69082,0.721312,FRA,MRT,711790
2657538,97,148,8169,1996,9491.0,0.0,0.54364,2.727659,HKG,MRT,711790
2657539,103,148,8169,1996,1387.0,0.0,-0.43199899999999997,1.22074,IDN,MRT,711790
2657540,216,148,8169,1996,1023.0,0.0,0.10120599999999999,1.351967,THA,MRT,711790
2657541,18,183,8169,1996,4090.0,0.0,1.549312,1.273767,BEL,QAT,711790
2657542,41,183,8169,1996,1462.0,0.0,2.246238,0.603288,CHE,QAT,711790
2657543,59,183,8169,1996,7381.0,0.0,1.401181,1.3094709999999998,CZE,QAT,711790
2657544,61,183,8169,1996,23775.0,0.0,2.279976,-2.572299,DEU,QAT,711790
2657545,77,183,8169,1996,29910.0,0.0,1.69082,0.721312,FRA,QAT,711790
2657546,81,183,8169,1996,2847.0,0.0,1.850284,0.883084,GBR,QAT,711790
2657547,104,183,8169,1996,13086.0,0.0,0.20685599999999998,2.317622,IND,QAT,711790
2657548,111,183,8169,1996,3422.0,0.0,1.4674690000000001,1.263362,ITA,QAT,711790
2657549,167,183,8169,1996,0.0,8020.0,-0.10243499999999998,-0.8425879999999999,OMN,QAT,711790
2657550,174,183,8169,1996,20596.0,0.0,-0.276548,0.344986,PHL,QAT,711790
2657551,192,183,8169,1996,6842.0,0.0,0.8354299999999999,0.41169799999999995,SGP,QAT,711790
2657552,216,183,8169,1996,4253.0,0.0,0.10120599999999999,1.351967,THA,QAT,711790
2657553,231,183,8169,1996,66464.0,0.0,1.7110560000000001,1.125141,USA,QAT,711790
2657554,104,232,8169,1996,34535.0,0.0,0.20685599999999998,2.317622,IND,UZB,711790
2657555,153,232,8169,1996,10343.0,0.0,0.351774,0.347262,MYS,UZB,711790
2657556,186,232,8169,1996,0.0,9440.0,0.900185,0.47723000000000004,RUS,UZB,711790
2657557,224,232,8169,1996,2653.0,0.0,0.156866,1.554023,TUR,UZB,711790
2657558,231,232,8169,1996,10117.0,0.0,1.7110560000000001,1.125141,USA,UZB,711790
2657559,14,240,8169,1996,5612.0,0.0,0.369697,0.78069,AUS,VUT,711790
2657560,97,240,8169,1996,3331.0,0.0,0.54364,2.727659,HKG,VUT,711790
2657561,68,243,8169,1996,11000.0,0.0,-0.5446409999999999,-0.229586,EGY,YEM,711790
2657562,104,243,8169,1996,60674.0,0.0,0.20685599999999998,2.317622,IND,YEM,711790
2657563,216,243,8169,1996,1944.0,0.0,0.10120599999999999,1.351967,THA,YEM,711790
2657564,14,248,8169,1996,0.0,1569.0,0.369697,0.78069,AUS,ZWE,711790
2657565,81,248,8169,1996,8314.0,3491.0,1.850284,0.883084,GBR,ZWE,711790
2657566,90,248,8169,1996,1046.0,0.0,0.271386,1.042608,GRC,ZWE,711790
2657567,104,248,8169,1996,1985.0,0.0,0.20685599999999998,2.317622,IND,ZWE,711790
2657568,162,248,8169,1996,0.0,3749.0,1.256625,1.803132,NLD,ZWE,711790
2657569,231,248,8169,1996,25118.0,1229.0,1.7110560000000001,1.125141,USA,ZWE,711790
2657570,246,248,8169,1996,38783.0,0.0,0.456593,1.150786,ZAF,ZWE,711790
2657571,43,1,8169,1996,6751.0,0.0,0.404422,3.061344,CHN,AFG,711790
2657572,59,1,8169,1996,135062.0,0.0,1.401181,1.3094709999999998,CZE,AFG,711790
2657573,67,1,8169,1996,0.0,1296.0,-1.1391200000000001,-0.992735,ECU,AFG,711790
2657574,97,1,8169,1996,36774.0,0.0,0.54364,2.727659,HKG,AFG,711790
2657575,104,1,8169,1996,113295.0,0.0,0.20685599999999998,2.317622,IND,AFG,711790
2657576,61,5,8169,1996,28102.0,0.0,2.279976,-2.572299,DEU,AND,711790
2657577,71,5,8169,1996,26449.0,0.0,1.105317,1.9473,ESP,AND,711790
2657578,77,5,8169,1996,32359.0,0.0,1.69082,0.721312,FRA,AND,711790
2657579,81,5,8169,1996,2037.0,0.0,1.850284,0.883084,GBR,AND,711790
2657580,111,5,8169,1996,5410.0,0.0,1.4674690000000001,1.263362,ITA,AND,711790
2657581,231,5,8169,1996,543.0,0.0,1.7110560000000001,1.125141,USA,AND,711790
2657582,186,9,8169,1996,3707.0,2685.0,0.900185,0.47723000000000004,RUS,ARM,711790
2657583,106,30,8169,1996,4496.0,0.0,1.386011,0.9232100000000001,IRL,BMU,711790
2657584,231,30,8169,1996,207881.0,0.0,1.7110560000000001,1.125141,USA,BMU,711790
2657585,166,48,8169,1996,0.0,5378.0,0.49466099999999996,0.8302879999999999,NZL,COK,711790
2657586,231,57,8169,1996,111167.0,0.0,1.7110560000000001,1.125141,USA,CYM,711790
2657587,77,62,8169,1996,13913.0,0.0,1.69082,0.721312,FRA,DJI,711790
2657588,97,62,8169,1996,52271.0,0.0,0.54364,2.727659,HKG,DJI,711790
2657589,111,62,8169,1996,5190.0,0.0,1.4674690000000001,1.263362,ITA,DJI,711790
2657590,43,73,8169,1996,133595.0,0.0,0.404422,3.061344,CHN,ETH,711790
2657591,61,73,8169,1996,12187.0,1738.0,2.279976,-2.572299,DEU,ETH,711790
2657592,68,73,8169,1996,2678.0,0.0,-0.5446409999999999,-0.229586,EGY,ETH,711790
2657593,104,73,8169,1996,5157.0,0.0,0.20685599999999998,2.317622,IND,ETH,711790
2657594,111,73,8169,1996,46424.0,2190.0,1.4674690000000001,1.263362,ITA,ETH,711790
2657595,208,73,8169,1996,4386.0,0.0,2.133781,0.9099889999999999,SWE,ETH,711790
2657596,215,73,8169,1996,2165.0,0.0,-0.9070459999999999,-0.7702399999999999,TGO,ETH,711790
2657597,14,75,8169,1996,10220.0,0.0,0.369697,0.78069,AUS,FJI,711790
2657598,114,75,8169,1996,0.0,2559.0,2.615364,0.5656939999999999,JPN,FJI,711790
2657599,166,75,8169,1996,5077.0,0.0,0.49466099999999996,0.8302879999999999,NZL,FJI,711790
2657600,174,75,8169,1996,18551.0,0.0,-0.276548,0.344986,PHL,FJI,711790
2657601,182,75,8169,1996,0.0,3794.0,0.845308,-0.31763,PYF,FJI,711790
2657602,192,75,8169,1996,19267.0,0.0,0.8354299999999999,0.41169799999999995,SGP,FJI,711790
2657603,216,75,8169,1996,12153.0,0.0,0.10120599999999999,1.351967,THA,FJI,711790
2657604,61,78,8169,1996,602.0,0.0,2.279976,-2.572299,DEU,FRO,711790
2657605,64,78,8169,1996,1189.0,0.0,1.443514,1.275684,DNK,FRO,711790
2657606,81,78,8169,1996,3717.0,0.0,1.850284,0.883084,GBR,FRO,711790
2657607,163,78,8169,1996,1328.0,0.0,1.204869,0.303062,NOR,FRO,711790
2657608,249,78,8169,1996,2984.0,0.0,1.432225,1.675389,TWN,FRO,711790
2657609,250,78,8169,1996,3742.0,0.0,1.084978,0.901755,ANS,FRO,711790
2657610,192,143,8169,1996,19575.0,0.0,0.8354299999999999,0.41169799999999995,SGP,MMR,711790
2657611,216,143,8169,1996,16741.0,0.0,0.10120599999999999,1.351967,THA,MMR,711790
2657612,14,156,8169,1996,17872.0,0.0,0.369697,0.78069,AUS,NCL,711790
2657613,18,156,8169,1996,1236.0,0.0,1.549312,1.273767,BEL,NCL,711790
2657614,77,156,8169,1996,33959.0,0.0,1.69082,0.721312,FRA,NCL,711790
2657615,97,156,8169,1996,4835.0,0.0,0.54364,2.727659,HKG,NCL,711790
2657616,111,156,8169,1996,11863.0,0.0,1.4674690000000001,1.263362,ITA,NCL,711790
2657617,166,156,8169,1996,2009.0,0.0,0.49466099999999996,0.8302879999999999,NZL,NCL,711790
2657618,174,156,8169,1996,3589.0,0.0,-0.276548,0.344986,PHL,NCL,711790
2657619,14,158,8169,1996,7092.0,0.0,0.369697,0.78069,AUS,NFK,711790
2657620,166,158,8169,1996,7979.0,0.0,0.49466099999999996,0.8302879999999999,NZL,NFK,711790
2657621,14,164,8169,1996,0.0,1589.0,0.369697,0.78069,AUS,NPL,711790
2657622,39,164,8169,1996,0.0,6942.0,1.155706,1.1127049999999998,CAN,NPL,711790
2657623,43,164,8169,1996,0.0,3583.0,0.404422,3.061344,CHN,NPL,711790
2657624,61,164,8169,1996,0.0,6284.0,2.279976,-2.572299,DEU,NPL,711790
2657625,64,164,8169,1996,0.0,2075.0,1.443514,1.275684,DNK,NPL,711790
2657626,77,164,8169,1996,0.0,8171.0,1.69082,0.721312,FRA,NPL,711790
2657627,81,164,8169,1996,15939.0,19256.0,1.850284,0.883084,GBR,NPL,711790
2657628,97,164,8169,1996,184255.0,0.0,0.54364,2.727659,HKG,NPL,711790
2657629,102,164,8169,1996,0.0,4673.0,0.790036,1.891534,HUN,NPL,711790
2657630,104,164,8169,1996,1119.0,0.0,0.20685599999999998,2.317622,IND,NPL,711790
2657631,114,164,8169,1996,0.0,7375.0,2.615364,0.5656939999999999,JPN,NPL,711790
2657632,162,164,8169,1996,0.0,6406.0,1.256625,1.803132,NLD,NPL,711790
2657633,166,164,8169,1996,0.0,1401.0,0.49466099999999996,0.8302879999999999,NZL,NPL,711790
2657634,179,164,8169,1996,0.0,1328.0,0.39343,1.170144,PRT,NPL,711790
2657635,207,164,8169,1996,0.0,1874.0,1.409184,1.37245,SVN,NPL,711790
2657636,231,164,8169,1996,0.0,19378.0,1.7110560000000001,1.125141,USA,NPL,711790
2657637,174,175,8169,1996,23624.0,0.0,-0.276548,0.344986,PHL,PLW,711790
2657638,14,176,8169,1996,4951.0,0.0,0.369697,0.78069,AUS,PNG,711790
2657639,97,176,8169,1996,2713.0,0.0,0.54364,2.727659,HKG,PNG,711790
2657640,192,176,8169,1996,20709.0,0.0,0.8354299999999999,0.41169799999999995,SGP,PNG,711790
2657641,216,176,8169,1996,6982.0,0.0,0.10120599999999999,1.351967,THA,PNG,711790
2657642,43,182,8169,1996,333.0,0.0,0.404422,3.061344,CHN,PYF,711790
2657643,75,182,8169,1996,3794.0,0.0,-0.7977,-0.9271879999999999,FJI,PYF,711790
2657644,77,182,8169,1996,42052.0,1726.0,1.69082,0.721312,FRA,PYF,711790
2657645,103,182,8169,1996,5971.0,0.0,-0.43199899999999997,1.22074,IDN,PYF,711790
2657646,111,182,8169,1996,12757.0,0.0,1.4674690000000001,1.263362,ITA,PYF,711790
2657647,121,182,8169,1996,545.0,0.0,0.8946940000000001,1.240424,KOR,PYF,711790
2657648,174,182,8169,1996,1929.0,0.0,-0.276548,0.344986,PHL,PYF,711790
2657649,177,182,8169,1996,1913.0,0.0,0.795489,1.9004729999999999,POL,PYF,711790
2657650,179,182,8169,1996,443.0,0.0,0.39343,1.170144,PRT,PYF,711790
2657651,192,182,8169,1996,1251.0,0.0,0.8354299999999999,0.41169799999999995,SGP,PYF,711790
2657652,231,182,8169,1996,13696.0,8313.0,1.7110560000000001,1.125141,USA,PYF,711790
2657653,249,182,8169,1996,8589.0,0.0,1.432225,1.675389,TWN,PYF,711790
2657654,250,182,8169,1996,2399.0,0.0,1.084978,0.901755,ANS,PYF,711790
2657655,14,195,8169,1996,3255.0,0.0,0.369697,0.78069,AUS,SLB,711790
2657656,186,219,8169,1996,3240.0,0.0,0.900185,0.47723000000000004,RUS,TKM,711790
2657657,224,219,8169,1996,1701.0,0.0,0.156866,1.554023,TUR,TKM,711790
2657658,81,221,8169,1996,12344.0,0.0,1.850284,0.883084,GBR,TON,711790
2657659,49,0,8169,1996,4489.0,0.0,0.136487,0.078743,COL,ABW,711790
2657660,71,0,8169,1996,1151.0,0.0,1.105317,1.9473,ESP,ABW,711790
2657661,97,0,8169,1996,4779.0,0.0,0.54364,2.727659,HKG,ABW,711790
2657662,231,0,8169,1996,109791.0,0.0,1.7110560000000001,1.125141,USA,ABW,711790
2657663,236,0,8169,1996,0.0,1032.0,0.07086100000000001,-0.761307,VEN,ABW,711790
2657664,104,88,8169,1996,2604.0,0.0,0.20685599999999998,2.317622,IND,GNB,711790
2657665,39,92,8169,1996,572.0,0.0,1.155706,1.1127049999999998,CAN,GRL,711790
2657666,43,92,8169,1996,205.0,0.0,0.404422,3.061344,CHN,GRL,711790
2657667,64,92,8169,1996,4467.0,0.0,1.443514,1.275684,DNK,GRL,711790
2657668,231,213,8169,1996,12977.0,0.0,1.7110560000000001,1.125141,USA,TCA,711790
2657669,66,217,8169,1996,0.0,1476.0,-0.33419699999999997,-1.035736,DZA,TJK,711790
2657670,138,237,8169,1996,1526.0,0.0,0.651949,0.9132170000000001,MEX,VGB,711790
2657671,106,38,8169,1996,18186.0,0.0,1.386011,0.9232100000000001,IRL,CAF,711790
2657672,111,38,8169,1996,2062.0,0.0,1.4674690000000001,1.263362,ITA,CAF,711790
2657673,81,194,8169,1996,6333.0,0.0,1.850284,0.883084,GBR,SHN,711790
2657674,7,15,8348,1996,0.0,8612.0,-0.245358,-0.726695,ARE,AUT,722691
2657675,8,15,8348,1996,0.0,38805.0,0.167081,0.433612,ARG,AUT,722691
2657676,14,15,8348,1996,0.0,234572.0,0.369697,0.78069,AUS,AUT,722691
2657677,18,15,8348,1996,13017.0,209539.0,1.549312,1.273767,BEL,AUT,722691
2657678,31,15,8348,1996,0.0,782.0,-0.589432,-0.7781,BOL,AUT,722691
2657679,32,15,8348,1996,0.0,289450.0,0.699658,1.271724,BRA,AUT,722691
2657680,39,15,8348,1996,0.0,104127.0,1.155706,1.1127049999999998,CAN,AUT,722691
2657681,41,15,8348,1996,2151.0,98146.0,2.246238,0.603288,CHE,AUT,722691
2657682,42,15,8348,1996,0.0,105664.0,-0.052811000000000004,-0.169464,CHL,AUT,722691
2657683,49,15,8348,1996,0.0,64531.0,0.136487,0.078743,COL,AUT,722691
2657684,58,15,8348,1996,0.0,6747.0,0.20007,0.020590999999999998,CYP,AUT,722691
2657685,59,15,8348,1996,33299.0,232619.0,1.401181,1.3094709999999998,CZE,AUT,722691
2657686,61,15,8348,1996,9673294.0,12877076.0,2.279976,-2.572299,DEU,AUT,722691
2657687,64,15,8348,1996,0.0,716905.0,1.443514,1.275684,DNK,AUT,722691
2657688,67,15,8348,1996,0.0,16629.0,-1.1391200000000001,-0.992735,ECU,AUT,722691
2657689,68,15,8348,1996,0.0,27137.0,-0.5446409999999999,-0.229586,EGY,AUT,722691
2657690,71,15,8348,1996,0.0,461678.0,1.105317,1.9473,ESP,AUT,722691
2657691,74,15,8348,1996,0.0,577292.0,2.0584729999999998,1.006908,FIN,AUT,722691
2657692,77,15,8348,1996,280863.0,592784.0,1.69082,0.721312,FRA,AUT,722691
2657693,81,15,8348,1996,64370.0,571166.0,1.850284,0.883084,GBR,AUT,722691
2657694,90,15,8348,1996,0.0,20606.0,0.271386,1.042608,GRC,AUT,722691
2657695,97,15,8348,1996,0.0,1091920.0,0.54364,2.727659,HKG,AUT,722691
2657696,100,15,8348,1996,0.0,62246.0,0.772706,1.1075270000000002,HRV,AUT,722691
2657697,102,15,8348,1996,10897.0,111248.0,0.790036,1.891534,HUN,AUT,722691
2657698,103,15,8348,1996,0.0,200228.0,-0.43199899999999997,1.22074,IDN,AUT,722691
2657699,104,15,8348,1996,0.0,180006.0,0.20685599999999998,2.317622,IND,AUT,722691
2657700,107,15,8348,1996,0.0,473569.0,-0.7496649999999999,-1.1173520000000001,IRN,AUT,722691
2657701,110,15,8348,1996,0.0,10511.0,1.054975,1.072965,ISR,AUT,722691
2657702,111,15,8348,1996,12305.0,2117020.0,1.4674690000000001,1.263362,ITA,AUT,722691
2657703,121,15,8348,1996,0.0,1047470.0,0.8946940000000001,1.240424,KOR,AUT,722691
2657704,134,15,8348,1996,0.0,11595.0,-0.67314,-0.241242,MAR,AUT,722691
2657705,138,15,8348,1996,0.0,36262.0,0.651949,0.9132170000000001,MEX,AUT,722691
2657706,140,15,8348,1996,0.0,5018.0,0.316133,0.933068,MKD,AUT,722691
2657707,153,15,8348,1996,0.0,54580.0,0.351774,0.347262,MYS,AUT,722691
2657708,162,15,8348,1996,0.0,200839.0,1.256625,1.803132,NLD,AUT,722691
2657709,163,15,8348,1996,0.0,848861.0,1.204869,0.303062,NOR,AUT,722691
2657710,166,15,8348,1996,0.0,32691.0,0.49466099999999996,0.8302879999999999,NZL,AUT,722691
2657711,168,15,8348,1996,0.0,9069.0,-0.7543300000000001,-0.393654,PAK,AUT,722691
2657712,173,15,8348,1996,0.0,10348.0,-0.43761000000000005,-0.28077399999999997,PER,AUT,722691
2657713,174,15,8348,1996,0.0,50264.0,-0.276548,0.344986,PHL,AUT,722691
2657714,177,15,8348,1996,0.0,31403.0,0.795489,1.9004729999999999,POL,AUT,722691
2657715,178,15,8348,1996,0.0,844649.0,0.725014,1.20189,PRK,AUT,722691
2657716,179,15,8348,1996,0.0,159618.0,0.39343,1.170144,PRT,AUT,722691
2657717,188,15,8348,1996,0.0,28191.0,0.215265,-0.8577309999999999,SAU,AUT,722691
2657718,189,15,8348,1996,0.0,35026.0,0.786293,2.20126,SCG,AUT,722691
2657719,192,15,8348,1996,0.0,3724.0,0.8354299999999999,0.41169799999999995,SGP,AUT,722691
2657720,197,15,8348,1996,0.0,3953.0,-0.24968800000000002,-0.121995,SLV,AUT,722691
2657721,206,15,8348,1996,0.0,3288.0,1.189398,1.29167,SVK,AUT,722691
2657722,207,15,8348,1996,0.0,49842.0,1.409184,1.37245,SVN,AUT,722691
2657723,208,15,8348,1996,615788.0,435262.0,2.133781,0.9099889999999999,SWE,AUT,722691
2657724,212,15,8348,1996,0.0,41863.0,-1.100666,-0.90038,SYR,AUT,722691
2657725,216,15,8348,1996,0.0,203191.0,0.10120599999999999,1.351967,THA,AUT,722691
2657726,223,15,8348,1996,0.0,3601.0,-0.28546,-0.089051,TUN,AUT,722691
2657727,224,15,8348,1996,0.0,765392.0,0.156866,1.554023,TUR,AUT,722691
2657728,230,15,8348,1996,0.0,8123.0,0.171541,0.313934,URY,AUT,722691
2657729,231,15,8348,1996,0.0,2359936.0,1.7110560000000001,1.125141,USA,AUT,722691
2657730,236,15,8348,1996,0.0,47609.0,0.07086100000000001,-0.761307,VEN,AUT,722691
2657731,246,15,8348,1996,0.0,254373.0,0.456593,1.150786,ZAF,AUT,722691
2657732,249,15,8348,1996,0.0,558155.0,1.432225,1.675389,TWN,AUT,722691
2657733,15,18,8348,1996,209539.0,13017.0,1.9216669999999998,0.659388,AUT,BEL,722691
2657734,41,18,8348,1996,2192.0,0.0,2.246238,0.603288,CHE,BEL,722691
2657735,52,18,8348,1996,0.0,1850.0,-0.34219499999999997,0.12221900000000001,CRI,BEL,722691
2657736,59,18,8348,1996,0.0,76894.0,1.401181,1.3094709999999998,CZE,BEL,722691
2657737,61,18,8348,1996,427620.0,497319.0,2.279976,-2.572299,DEU,BEL,722691
2657738,77,18,8348,1996,66720.0,117495.0,1.69082,0.721312,FRA,BEL,722691
2657739,81,18,8348,1996,289712.0,25238.0,1.850284,0.883084,GBR,BEL,722691
2657740,90,18,8348,1996,0.0,10840.0,0.271386,1.042608,GRC,BEL,722691
2657741,97,18,8348,1996,0.0,251343.0,0.54364,2.727659,HKG,BEL,722691
2657742,103,18,8348,1996,0.0,1698.0,-0.43199899999999997,1.22074,IDN,BEL,722691
2657743,104,18,8348,1996,0.0,1765.0,0.20685599999999998,2.317622,IND,BEL,722691
2657744,111,18,8348,1996,0.0,67480.0,1.4674690000000001,1.263362,ITA,BEL,722691
2657745,162,18,8348,1996,9889.0,35269.0,1.256625,1.803132,NLD,BEL,722691
2657746,185,18,8348,1996,0.0,15512.0,0.612035,0.880964,ROU,BEL,722691
2657747,208,18,8348,1996,1558559.0,0.0,2.133781,0.9099889999999999,SWE,BEL,722691
2657748,216,18,8348,1996,0.0,69708.0,0.10120599999999999,1.351967,THA,BEL,722691
2657749,8,32,8348,1996,24662.0,19584.0,0.167081,0.433612,ARG,BRA,722691
2657750,15,32,8348,1996,289450.0,0.0,1.9216669999999998,0.659388,AUT,BRA,722691
2657751,31,32,8348,1996,0.0,31185.0,-0.589432,-0.7781,BOL,BRA,722691
2657752,42,32,8348,1996,0.0,3911.0,-0.052811000000000004,-0.169464,CHL,BRA,722691
2657753,43,32,8348,1996,0.0,79281.0,0.404422,3.061344,CHN,BRA,722691
2657754,61,32,8348,1996,23964.0,0.0,2.279976,-2.572299,DEU,BRA,722691
2657755,71,32,8348,1996,0.0,2374938.0,1.105317,1.9473,ESP,BRA,722691
2657756,77,32,8348,1996,12755.0,0.0,1.69082,0.721312,FRA,BRA,722691
2657757,104,32,8348,1996,0.0,473217.0,0.20685599999999998,2.317622,IND,BRA,722691
2657758,111,32,8348,1996,3756.0,0.0,1.4674690000000001,1.263362,ITA,BRA,722691
2657759,114,32,8348,1996,5938.0,0.0,2.615364,0.5656939999999999,JPN,BRA,722691
2657760,138,32,8348,1996,0.0,17843.0,0.651949,0.9132170000000001,MEX,BRA,722691
2657761,169,32,8348,1996,0.0,1024.0,-0.100537,-0.374129,PAN,BRA,722691
2657762,180,32,8348,1996,0.0,63573.0,-0.506178,-0.712851,PRY,BRA,722691
2657763,208,32,8348,1996,9269.0,0.0,2.133781,0.9099889999999999,SWE,BRA,722691
2657764,231,32,8348,1996,9225.0,0.0,1.7110560000000001,1.125141,USA,BRA,722691
2657765,32,43,8348,1996,79281.0,0.0,0.699658,1.271724,BRA,CHN,722691
2657766,61,43,8348,1996,992585.0,0.0,2.279976,-2.572299,DEU,CHN,722691
2657767,64,43,8348,1996,21964.0,0.0,1.443514,1.275684,DNK,CHN,722691
2657768,97,43,8348,1996,171336.0,6198.0,0.54364,2.727659,HKG,CHN,722691
2657769,103,43,8348,1996,0.0,82142.0,-0.43199899999999997,1.22074,IDN,CHN,722691
2657770,111,43,8348,1996,9173.0,0.0,1.4674690000000001,1.263362,ITA,CHN,722691
2657771,114,43,8348,1996,1100197.0,20732.0,2.615364,0.5656939999999999,JPN,CHN,722691
2657772,121,43,8348,1996,0.0,57366.0,0.8946940000000001,1.240424,KOR,CHN,722691
2657773,153,43,8348,1996,0.0,9111.0,0.351774,0.347262,MYS,CHN,722691
2657774,192,43,8348,1996,16043.0,78780.0,0.8354299999999999,0.41169799999999995,SGP,CHN,722691
2657775,208,43,8348,1996,41262.0,0.0,2.133781,0.9099889999999999,SWE,CHN,722691
2657776,216,43,8348,1996,0.0,87943.0,0.10120599999999999,1.351967,THA,CHN,722691
2657777,231,43,8348,1996,32735.0,1059.0,1.7110560000000001,1.125141,USA,CHN,722691
2657778,239,43,8348,1996,0.0,8810.0,-0.9336469999999999,-0.10985199999999999,VNM,CHN,722691
2657779,249,43,8348,1996,118985.0,3679.0,1.432225,1.675389,TWN,CHN,722691
2657780,15,49,8348,1996,64531.0,0.0,1.9216669999999998,0.659388,AUT,COL,722691
2657781,39,49,8348,1996,7881.0,0.0,1.155706,1.1127049999999998,CAN,COL,722691
2657782,52,49,8348,1996,0.0,35066.0,-0.34219499999999997,0.12221900000000001,CRI,COL,722691
2657783,61,49,8348,1996,33921.0,0.0,2.279976,-2.572299,DEU,COL,722691
2657784,67,49,8348,1996,8946.0,0.0,-1.1391200000000001,-0.992735,ECU,COL,722691
2657785,77,49,8348,1996,5513.0,0.0,1.69082,0.721312,FRA,COL,722691
2657786,81,49,8348,1996,38482.0,0.0,1.850284,0.883084,GBR,COL,722691
2657787,208,49,8348,1996,46988.0,0.0,2.133781,0.9099889999999999,SWE,COL,722691
2657788,231,49,8348,1996,174489.0,0.0,1.7110560000000001,1.125141,USA,COL,722691
2657789,18,52,8348,1996,1850.0,0.0,1.549312,1.273767,BEL,CRI,722691
2657790,49,52,8348,1996,35066.0,0.0,0.136487,0.078743,COL,CRI,722691
2657791,93,52,8348,1996,7090.0,0.0,-0.332901,0.23790300000000003,GTM,CRI,722691
2657792,208,52,8348,1996,7728.0,0.0,2.133781,0.9099889999999999,SWE,CRI,722691
2657793,231,52,8348,1996,37698.0,0.0,1.7110560000000001,1.125141,USA,CRI,722691
2657794,2,61,8348,1996,0.0,23137.0,-2.3109900000000003,-1.172849,AGO,DEU,722691
2657795,7,61,8348,1996,0.0,8333.0,-0.245358,-0.726695,ARE,DEU,722691
2657796,8,61,8348,1996,0.0,2552.0,0.167081,0.433612,ARG,DEU,722691
2657797,14,61,8348,1996,0.0,70593.0,0.369697,0.78069,AUS,DEU,722691
2657798,15,61,8348,1996,12877076.0,9673294.0,1.9216669999999998,0.659388,AUT,DEU,722691
2657799,18,61,8348,1996,497319.0,427620.0,1.549312,1.273767,BEL,DEU,722691
2657800,23,61,8348,1996,0.0,18443.0,0.544265,1.523408,BGR,DEU,722691
2657801,28,61,8348,1996,0.0,58575.0,0.7285550000000001,0.660716,BLR,DEU,722691
2657802,32,61,8348,1996,0.0,23964.0,0.699658,1.271724,BRA,DEU,722691
2657803,39,61,8348,1996,0.0,218729.0,1.155706,1.1127049999999998,CAN,DEU,722691
2657804,41,61,8348,1996,95126.0,4507846.0,2.246238,0.603288,CHE,DEU,722691
2657805,42,61,8348,1996,0.0,125591.0,-0.052811000000000004,-0.169464,CHL,DEU,722691
2657806,43,61,8348,1996,0.0,992585.0,0.404422,3.061344,CHN,DEU,722691
2657807,44,61,8348,1996,0.0,2593.0,-0.8720459999999999,-0.7904479999999999,CIV,DEU,722691
2657808,49,61,8348,1996,0.0,33921.0,0.136487,0.078743,COL,DEU,722691
2657809,58,61,8348,1996,0.0,11174.0,0.20007,0.020590999999999998,CYP,DEU,722691
2657810,59,61,8348,1996,80486.0,674497.0,1.401181,1.3094709999999998,CZE,DEU,722691
2657811,64,61,8348,1996,25698.0,477276.0,1.443514,1.275684,DNK,DEU,722691
2657812,66,61,8348,1996,0.0,1207.0,-0.33419699999999997,-1.035736,DZA,DEU,722691
2657813,67,61,8348,1996,0.0,1703.0,-1.1391200000000001,-0.992735,ECU,DEU,722691
2657814,68,61,8348,1996,0.0,8668.0,-0.5446409999999999,-0.229586,EGY,DEU,722691
2657815,71,61,8348,1996,160573.0,3983852.0,1.105317,1.9473,ESP,DEU,722691
2657816,74,61,8348,1996,136903.0,118581.0,2.0584729999999998,1.006908,FIN,DEU,722691
2657817,77,61,8348,1996,737610.0,6673690.0,1.69082,0.721312,FRA,DEU,722691
2657818,81,61,8348,1996,1491040.0,1741571.0,1.850284,0.883084,GBR,DEU,722691
2657819,90,61,8348,1996,0.0,8174.0,0.271386,1.042608,GRC,DEU,722691
2657820,97,61,8348,1996,0.0,228435.0,0.54364,2.727659,HKG,DEU,722691
2657821,100,61,8348,1996,0.0,7787.0,0.772706,1.1075270000000002,HRV,DEU,722691
2657822,102,61,8348,1996,0.0,29388.0,0.790036,1.891534,HUN,DEU,722691
2657823,103,61,8348,1996,0.0,43046.0,-0.43199899999999997,1.22074,IDN,DEU,722691
2657824,104,61,8348,1996,0.0,31583.0,0.20685599999999998,2.317622,IND,DEU,722691
2657825,107,61,8348,1996,0.0,195556.0,-0.7496649999999999,-1.1173520000000001,IRN,DEU,722691
2657826,111,61,8348,1996,3844022.0,2748891.0,1.4674690000000001,1.263362,ITA,DEU,722691
2657827,114,61,8348,1996,0.0,29619.0,2.615364,0.5656939999999999,JPN,DEU,722691
2657828,121,61,8348,1996,0.0,6010.0,0.8946940000000001,1.240424,KOR,DEU,722691
2657829,126,61,8348,1996,0.0,3879.0,-0.588489,-1.138552,LBY,DEU,722691
2657830,134,61,8348,1996,0.0,45615.0,-0.67314,-0.241242,MAR,DEU,722691
2657831,138,61,8348,1996,0.0,2659069.0,0.651949,0.9132170000000001,MEX,DEU,722691
2657832,153,61,8348,1996,0.0,94607.0,0.351774,0.347262,MYS,DEU,722691
2657833,162,61,8348,1996,12200.0,156490.0,1.256625,1.803132,NLD,DEU,722691
2657834,163,61,8348,1996,0.0,377670.0,1.204869,0.303062,NOR,DEU,722691
2657835,166,61,8348,1996,0.0,150622.0,0.49466099999999996,0.8302879999999999,NZL,DEU,722691
2657836,173,61,8348,1996,0.0,104588.0,-0.43761000000000005,-0.28077399999999997,PER,DEU,722691
2657837,174,61,8348,1996,0.0,16374.0,-0.276548,0.344986,PHL,DEU,722691
2657838,177,61,8348,1996,0.0,42876.0,0.795489,1.9004729999999999,POL,DEU,722691
2657839,179,61,8348,1996,0.0,252068.0,0.39343,1.170144,PRT,DEU,722691
2657840,185,61,8348,1996,0.0,180855.0,0.612035,0.880964,ROU,DEU,722691
2657841,186,61,8348,1996,0.0,16086.0,0.900185,0.47723000000000004,RUS,DEU,722691
2657842,187,61,8348,1996,0.0,1450.0,0.07343,-0.520246,RWA,DEU,722691
2657843,188,61,8348,1996,0.0,7427.0,0.215265,-0.8577309999999999,SAU,DEU,722691
2657844,189,61,8348,1996,0.0,1562.0,0.786293,2.20126,SCG,DEU,722691
2657845,192,61,8348,1996,0.0,107059.0,0.8354299999999999,0.41169799999999995,SGP,DEU,722691
2657846,206,61,8348,1996,13026.0,108907.0,1.189398,1.29167,SVK,DEU,722691
2657847,207,61,8348,1996,28398.0,71456.0,1.409184,1.37245,SVN,DEU,722691
2657848,208,61,8348,1996,1702490.0,3579215.0,2.133781,0.9099889999999999,SWE,DEU,722691
2657849,216,61,8348,1996,0.0,338658.0,0.10120599999999999,1.351967,THA,DEU,722691
2657850,223,61,8348,1996,0.0,2557.0,-0.28546,-0.089051,TUN,DEU,722691
2657851,224,61,8348,1996,0.0,187867.0,0.156866,1.554023,TUR,DEU,722691
2657852,231,61,8348,1996,34822.0,5402093.0,1.7110560000000001,1.125141,USA,DEU,722691
2657853,236,61,8348,1996,0.0,1160.0,0.07086100000000001,-0.761307,VEN,DEU,722691
2657854,246,61,8348,1996,0.0,108620.0,0.456593,1.150786,ZAF,DEU,722691
2657855,249,61,8348,1996,0.0,89719.0,1.432225,1.675389,TWN,DEU,722691
2657856,15,64,8348,1996,716905.0,0.0,1.9216669999999998,0.659388,AUT,DNK,722691
2657857,43,64,8348,1996,0.0,21964.0,0.404422,3.061344,CHN,DNK,722691
2657858,59,64,8348,1996,0.0,867.0,1.401181,1.3094709999999998,CZE,DNK,722691
2657859,61,64,8348,1996,477276.0,25698.0,2.279976,-2.572299,DEU,DNK,722691
2657860,74,64,8348,1996,396801.0,0.0,2.0584729999999998,1.006908,FIN,DNK,722691
2657861,81,64,8348,1996,19630.0,0.0,1.850284,0.883084,GBR,DNK,722691
2657862,109,64,8348,1996,0.0,1732.0,0.003558,-0.551796,ISL,DNK,722691
2657863,163,64,8348,1996,0.0,1219.0,1.204869,0.303062,NOR,DNK,722691
2657864,177,64,8348,1996,0.0,10168.0,0.795489,1.9004729999999999,POL,DNK,722691
2657865,185,64,8348,1996,0.0,4311.0,0.612035,0.880964,ROU,DNK,722691
2657866,208,64,8348,1996,753356.0,0.0,2.133781,0.9099889999999999,SWE,DNK,722691
2657867,231,64,8348,1996,1906.0,0.0,1.7110560000000001,1.125141,USA,DNK,722691
2657868,208,65,8348,1996,2933.0,0.0,2.133781,0.9099889999999999,SWE,DOM,722691
2657869,15,67,8348,1996,16629.0,0.0,1.9216669999999998,0.659388,AUT,ECU,722691
2657870,49,67,8348,1996,0.0,8946.0,0.136487,0.078743,COL,ECU,722691
2657871,61,67,8348,1996,1703.0,0.0,2.279976,-2.572299,DEU,ECU,722691
2657872,208,67,8348,1996,1602.0,0.0,2.133781,0.9099889999999999,SWE,ECU,722691
2657873,8,71,8348,1996,0.0,2802.0,0.167081,0.433612,ARG,ESP,722691
2657874,15,71,8348,1996,461678.0,0.0,1.9216669999999998,0.659388,AUT,ESP,722691
2657875,32,71,8348,1996,2374938.0,0.0,0.699658,1.271724,BRA,ESP,722691
2657876,39,71,8348,1996,0.0,5222.0,1.155706,1.1127049999999998,CAN,ESP,722691
2657877,41,71,8348,1996,4598.0,9769.0,2.246238,0.603288,CHE,ESP,722691
2657878,54,71,8348,1996,0.0,34396.0,-0.555246,-1.0420479999999999,CUB,ESP,722691
2657879,61,71,8348,1996,3983852.0,160573.0,2.279976,-2.572299,DEU,ESP,722691
2657880,77,71,8348,1996,2398362.0,70641.0,1.69082,0.721312,FRA,ESP,722691
2657881,81,71,8348,1996,45619.0,1130320.0,1.850284,0.883084,GBR,ESP,722691
2657882,104,71,8348,1996,0.0,23212.0,0.20685599999999998,2.317622,IND,ESP,722691
2657883,111,71,8348,1996,125048.0,16574.0,1.4674690000000001,1.263362,ITA,ESP,722691
2657884,134,71,8348,1996,0.0,1289.0,-0.67314,-0.241242,MAR,ESP,722691
2657885,138,71,8348,1996,0.0,5202.0,0.651949,0.9132170000000001,MEX,ESP,722691
2657886,162,71,8348,1996,15918.0,0.0,1.256625,1.803132,NLD,ESP,722691
2657887,208,71,8348,1996,524774.0,0.0,2.133781,0.9099889999999999,SWE,ESP,722691
2657888,231,71,8348,1996,8849.0,29493.0,1.7110560000000001,1.125141,USA,ESP,722691
2657889,236,71,8348,1996,0.0,7342.0,0.07086100000000001,-0.761307,VEN,ESP,722691
2657890,15,74,8348,1996,577292.0,0.0,1.9216669999999998,0.659388,AUT,FIN,722691
2657891,41,74,8348,1996,0.0,1593.0,2.246238,0.603288,CHE,FIN,722691
2657892,61,74,8348,1996,118581.0,136903.0,2.279976,-2.572299,DEU,FIN,722691
2657893,64,74,8348,1996,0.0,396801.0,1.443514,1.275684,DNK,FIN,722691
2657894,72,74,8348,1996,0.0,6640.0,0.53397,1.0877940000000001,EST,FIN,722691
2657895,81,74,8348,1996,3308.0,0.0,1.850284,0.883084,GBR,FIN,722691
2657896,102,74,8348,1996,0.0,3481.0,0.790036,1.891534,HUN,FIN,722691
2657897,111,74,8348,1996,12702.0,0.0,1.4674690000000001,1.263362,ITA,FIN,722691
2657898,114,74,8348,1996,0.0,17287.0,2.615364,0.5656939999999999,JPN,FIN,722691
2657899,163,74,8348,1996,0.0,209682.0,1.204869,0.303062,NOR,FIN,722691
2657900,208,74,8348,1996,447367.0,3682.0,2.133781,0.9099889999999999,SWE,FIN,722691
2657901,226,74,8348,1996,0.0,5051.0,-1.391534,-0.907436,TZA,FIN,722691
2657902,231,74,8348,1996,5477.0,0.0,1.7110560000000001,1.125141,USA,FIN,722691
2657903,8,77,8348,1996,0.0,20147.0,0.167081,0.433612,ARG,FRA,722691
2657904,14,77,8348,1996,0.0,6932.0,0.369697,0.78069,AUS,FRA,722691
2657905,15,77,8348,1996,592784.0,280863.0,1.9216669999999998,0.659388,AUT,FRA,722691
2657906,18,77,8348,1996,117495.0,66720.0,1.549312,1.273767,BEL,FRA,722691
2657907,32,77,8348,1996,0.0,12755.0,0.699658,1.271724,BRA,FRA,722691
2657908,39,77,8348,1996,0.0,14554.0,1.155706,1.1127049999999998,CAN,FRA,722691
2657909,41,77,8348,1996,2177.0,566446.0,2.246238,0.603288,CHE,FRA,722691
2657910,44,77,8348,1996,0.0,2438.0,-0.8720459999999999,-0.7904479999999999,CIV,FRA,722691
2657911,49,77,8348,1996,0.0,5513.0,0.136487,0.078743,COL,FRA,722691
2657912,59,77,8348,1996,0.0,8653.0,1.401181,1.3094709999999998,CZE,FRA,722691
2657913,61,77,8348,1996,6673690.0,737610.0,2.279976,-2.572299,DEU,FRA,722691
2657914,66,77,8348,1996,0.0,36212.0,-0.33419699999999997,-1.035736,DZA,FRA,722691
2657915,71,77,8348,1996,70641.0,2398362.0,1.105317,1.9473,ESP,FRA,722691
2657916,81,77,8348,1996,2204506.0,644916.0,1.850284,0.883084,GBR,FRA,722691
2657917,97,77,8348,1996,0.0,97525.0,0.54364,2.727659,HKG,FRA,722691
2657918,102,77,8348,1996,0.0,36498.0,0.790036,1.891534,HUN,FRA,722691
2657919,103,77,8348,1996,0.0,1099.0,-0.43199899999999997,1.22074,IDN,FRA,722691
2657920,104,77,8348,1996,0.0,18837.0,0.20685599999999998,2.317622,IND,FRA,722691
2657921,111,77,8348,1996,1425145.0,5567.0,1.4674690000000001,1.263362,ITA,FRA,722691
2657922,114,77,8348,1996,0.0,2458.0,2.615364,0.5656939999999999,JPN,FRA,722691
2657923,134,77,8348,1996,0.0,12638.0,-0.67314,-0.241242,MAR,FRA,722691
2657924,138,77,8348,1996,0.0,25907.0,0.651949,0.9132170000000001,MEX,FRA,722691
2657925,148,77,8348,1996,0.0,15662.0,-1.352902,-1.19204,MRT,FRA,722691
2657926,162,77,8348,1996,1658.0,8396.0,1.256625,1.803132,NLD,FRA,722691
2657927,163,77,8348,1996,0.0,33414.0,1.204869,0.303062,NOR,FRA,722691
2657928,177,77,8348,1996,0.0,12546.0,0.795489,1.9004729999999999,POL,FRA,722691
2657929,179,77,8348,1996,0.0,4189.0,0.39343,1.170144,PRT,FRA,722691
2657930,191,77,8348,1996,0.0,3294.0,-0.619785,-0.712171,SEN,FRA,722691
2657931,192,77,8348,1996,0.0,26511.0,0.8354299999999999,0.41169799999999995,SGP,FRA,722691
2657932,207,77,8348,1996,15032.0,12696.0,1.409184,1.37245,SVN,FRA,722691
2657933,208,77,8348,1996,1486046.0,0.0,2.133781,0.9099889999999999,SWE,FRA,722691
2657934,216,77,8348,1996,0.0,63023.0,0.10120599999999999,1.351967,THA,FRA,722691
2657935,223,77,8348,1996,0.0,24537.0,-0.28546,-0.089051,TUN,FRA,722691
2657936,224,77,8348,1996,0.0,23922.0,0.156866,1.554023,TUR,FRA,722691
2657937,230,77,8348,1996,0.0,6944.0,0.171541,0.313934,URY,FRA,722691
2657938,231,77,8348,1996,35603.0,379573.0,1.7110560000000001,1.125141,USA,FRA,722691
2657939,246,77,8348,1996,0.0,1820.0,0.456593,1.150786,ZAF,FRA,722691
2657940,14,81,8348,1996,0.0,12087.0,0.369697,0.78069,AUS,GBR,722691
2657941,15,81,8348,1996,571166.0,64370.0,1.9216669999999998,0.659388,AUT,GBR,722691
2657942,18,81,8348,1996,25238.0,289712.0,1.549312,1.273767,BEL,GBR,722691
2657943,39,81,8348,1996,0.0,95378.0,1.155706,1.1127049999999998,CAN,GBR,722691
2657944,41,81,8348,1996,0.0,30690.0,2.246238,0.603288,CHE,GBR,722691
2657945,49,81,8348,1996,0.0,38482.0,0.136487,0.078743,COL,GBR,722691
2657946,61,81,8348,1996,1741571.0,1491040.0,2.279976,-2.572299,DEU,GBR,722691
2657947,64,81,8348,1996,0.0,19630.0,1.443514,1.275684,DNK,GBR,722691
2657948,68,81,8348,1996,0.0,14428.0,-0.5446409999999999,-0.229586,EGY,GBR,722691
2657949,71,81,8348,1996,1130320.0,45619.0,1.105317,1.9473,ESP,GBR,722691
2657950,74,81,8348,1996,0.0,3308.0,2.0584729999999998,1.006908,FIN,GBR,722691
2657951,77,81,8348,1996,644916.0,2204506.0,1.69082,0.721312,FRA,GBR,722691
2657952,83,81,8348,1996,0.0,334438.0,-1.035244,-0.9834129999999999,GHA,GBR,722691
2657953,87,81,8348,1996,0.0,2129.0,-1.028677,-0.8440540000000001,GMB,GBR,722691
2657954,99,81,8348,1996,0.0,138636.0,-0.69357,-0.48721400000000004,HND,GBR,722691
2657955,104,81,8348,1996,16217.0,89707.0,0.20685599999999998,2.317622,IND,GBR,722691
2657956,106,81,8348,1996,0.0,533530.0,1.386011,0.9232100000000001,IRL,GBR,722691
2657957,111,81,8348,1996,474338.0,81301.0,1.4674690000000001,1.263362,ITA,GBR,722691
2657958,112,81,8348,1996,0.0,2226.0,-0.6344350000000001,-0.814916,JAM,GBR,722691
2657959,114,81,8348,1996,16276.0,67080.0,2.615364,0.5656939999999999,JPN,GBR,722691
2657960,121,81,8348,1996,0.0,14149.0,0.8946940000000001,1.240424,KOR,GBR,722691
2657961,126,81,8348,1996,0.0,26923.0,-0.588489,-1.138552,LBY,GBR,722691
2657962,134,81,8348,1996,0.0,4931.0,-0.67314,-0.241242,MAR,GBR,722691
2657963,153,81,8348,1996,0.0,25657.0,0.351774,0.347262,MYS,GBR,722691
2657964,159,81,8348,1996,0.0,5000.0,-1.813359,-1.1967,NGA,GBR,722691
2657965,162,81,8348,1996,2871.0,9766.0,1.256625,1.803132,NLD,GBR,722691
2657966,163,81,8348,1996,76259.0,0.0,1.204869,0.303062,NOR,GBR,722691
2657967,166,81,8348,1996,0.0,5346.0,0.49466099999999996,0.8302879999999999,NZL,GBR,722691
2657968,168,81,8348,1996,0.0,446480.0,-0.7543300000000001,-0.393654,PAK,GBR,722691
2657969,173,81,8348,1996,0.0,3535.0,-0.43761000000000005,-0.28077399999999997,PER,GBR,722691
2657970,179,81,8348,1996,0.0,42308.0,0.39343,1.170144,PRT,GBR,722691
2657971,185,81,8348,1996,0.0,1612.0,0.612035,0.880964,ROU,GBR,722691
2657972,192,81,8348,1996,0.0,53130.0,0.8354299999999999,0.41169799999999995,SGP,GBR,722691
2657973,207,81,8348,1996,28910.0,0.0,1.409184,1.37245,SVN,GBR,722691
2657974,208,81,8348,1996,2507628.0,662872.0,2.133781,0.9099889999999999,SWE,GBR,722691
2657975,216,81,8348,1996,0.0,4921.0,0.10120599999999999,1.351967,THA,GBR,722691
2657976,223,81,8348,1996,0.0,12990.0,-0.28546,-0.089051,TUN,GBR,722691
2657977,231,81,8348,1996,61066.0,2564624.0,1.7110560000000001,1.125141,USA,GBR,722691
2657978,246,81,8348,1996,0.0,43106.0,0.456593,1.150786,ZAF,GBR,722691
2657979,4,90,8348,1996,0.0,10548.0,-0.309992,-0.039541,ALB,GRC,722691
2657980,15,90,8348,1996,20606.0,0.0,1.9216669999999998,0.659388,AUT,GRC,722691
2657981,18,90,8348,1996,10840.0,0.0,1.549312,1.273767,BEL,GRC,722691
2657982,61,90,8348,1996,8174.0,0.0,2.279976,-2.572299,DEU,GRC,722691
2657983,208,90,8348,1996,205350.0,0.0,2.133781,0.9099889999999999,SWE,GRC,722691
2657984,224,90,8348,1996,0.0,1480.0,0.156866,1.554023,TUR,GRC,722691
2657985,29,93,8348,1996,0.0,7035.0,-0.341173,-0.670063,BLZ,GTM,722691
2657986,52,93,8348,1996,0.0,7090.0,-0.34219499999999997,0.12221900000000001,CRI,GTM,722691
2657987,99,93,8348,1996,0.0,277534.0,-0.69357,-0.48721400000000004,HND,GTM,722691
2657988,121,93,8348,1996,280155.0,0.0,0.8946940000000001,1.240424,KOR,GTM,722691
2657989,160,93,8348,1996,0.0,75160.0,-0.767799,-0.737816,NIC,GTM,722691
2657990,197,93,8348,1996,0.0,264323.0,-0.24968800000000002,-0.121995,SLV,GTM,722691
2657991,208,93,8348,1996,17672.0,0.0,2.133781,0.9099889999999999,SWE,GTM,722691
2657992,231,93,8348,1996,2645.0,0.0,1.7110560000000001,1.125141,USA,GTM,722691
2657993,15,97,8348,1996,1091920.0,0.0,1.9216669999999998,0.659388,AUT,HKG,722691
2657994,18,97,8348,1996,251343.0,0.0,1.549312,1.273767,BEL,HKG,722691
2657995,43,97,8348,1996,6198.0,171336.0,0.404422,3.061344,CHN,HKG,722691
2657996,61,97,8348,1996,228435.0,0.0,2.279976,-2.572299,DEU,HKG,722691
2657997,77,97,8348,1996,97525.0,0.0,1.69082,0.721312,FRA,HKG,722691
2657998,114,97,8348,1996,2402434.0,0.0,2.615364,0.5656939999999999,JPN,HKG,722691
2657999,208,97,8348,1996,1152607.0,0.0,2.133781,0.9099889999999999,SWE,HKG,722691
2658000,81,99,8348,1996,138636.0,0.0,1.850284,0.883084,GBR,HND,722691
2658001,93,99,8348,1996,277534.0,0.0,-0.332901,0.23790300000000003,GTM,HND,722691
2658002,81,106,8348,1996,533530.0,0.0,1.850284,0.883084,GBR,IRL,722691
2658003,111,106,8348,1996,79542.0,0.0,1.4674690000000001,1.263362,ITA,IRL,722691
2658004,15,110,8348,1996,10511.0,0.0,1.9216669999999998,0.659388,AUT,ISR,722691
2658005,114,110,8348,1996,18942.0,0.0,2.615364,0.5656939999999999,JPN,ISR,722691
2658006,208,110,8348,1996,23040.0,0.0,2.133781,0.9099889999999999,SWE,ISR,722691
2658007,15,111,8348,1996,2117020.0,12305.0,1.9216669999999998,0.659388,AUT,ITA,722691
2658008,18,111,8348,1996,67480.0,0.0,1.549312,1.273767,BEL,ITA,722691
2658009,32,111,8348,1996,0.0,3756.0,0.699658,1.271724,BRA,ITA,722691
2658010,41,111,8348,1996,10365.0,52808.0,2.246238,0.603288,CHE,ITA,722691
2658011,43,111,8348,1996,0.0,9173.0,0.404422,3.061344,CHN,ITA,722691
2658012,58,111,8348,1996,0.0,242707.0,0.20007,0.020590999999999998,CYP,ITA,722691
2658013,59,111,8348,1996,0.0,5194.0,1.401181,1.3094709999999998,CZE,ITA,722691
2658014,61,111,8348,1996,2748891.0,3844022.0,2.279976,-2.572299,DEU,ITA,722691
2658015,71,111,8348,1996,16574.0,125048.0,1.105317,1.9473,ESP,ITA,722691
2658016,74,111,8348,1996,0.0,12702.0,2.0584729999999998,1.006908,FIN,ITA,722691
2658017,77,111,8348,1996,5567.0,1425145.0,1.69082,0.721312,FRA,ITA,722691
2658018,81,111,8348,1996,81301.0,474338.0,1.850284,0.883084,GBR,ITA,722691
2658019,100,111,8348,1996,0.0,41973.0,0.772706,1.1075270000000002,HRV,ITA,722691
2658020,106,111,8348,1996,0.0,79542.0,1.386011,0.9232100000000001,IRL,ITA,722691
2658021,114,111,8348,1996,0.0,10497.0,2.615364,0.5656939999999999,JPN,ITA,722691
2658022,138,111,8348,1996,0.0,83093.0,0.651949,0.9132170000000001,MEX,ITA,722691
2658023,162,111,8348,1996,0.0,13514.0,1.256625,1.803132,NLD,ITA,722691
2658024,185,111,8348,1996,0.0,32420.0,0.612035,0.880964,ROU,ITA,722691
2658025,188,111,8348,1996,0.0,58612.0,0.215265,-0.8577309999999999,SAU,ITA,722691
2658026,189,111,8348,1996,0.0,55012.0,0.786293,2.20126,SCG,ITA,722691
2658027,197,111,8348,1996,0.0,20602.0,-0.24968800000000002,-0.121995,SLV,ITA,722691
2658028,207,111,8348,1996,172691.0,9329.0,1.409184,1.37245,SVN,ITA,722691
2658029,208,111,8348,1996,1248352.0,15335.0,2.133781,0.9099889999999999,SWE,ITA,722691
2658030,223,111,8348,1996,0.0,4972.0,-0.28546,-0.089051,TUN,ITA,722691
2658031,224,111,8348,1996,885.0,4532.0,0.156866,1.554023,TUR,ITA,722691
2658032,231,111,8348,1996,15603.0,250366.0,1.7110560000000001,1.125141,USA,ITA,722691
2658033,15,121,8348,1996,1047470.0,0.0,1.9216669999999998,0.659388,AUT,KOR,722691
2658034,22,121,8348,1996,0.0,7737.0,-1.060876,-1.05104,BGD,KOR,722691
2658035,39,121,8348,1996,12693.0,0.0,1.155706,1.1127049999999998,CAN,KOR,722691
2658036,43,121,8348,1996,57366.0,0.0,0.404422,3.061344,CHN,KOR,722691
2658037,61,121,8348,1996,6010.0,0.0,2.279976,-2.572299,DEU,KOR,722691
2658038,81,121,8348,1996,14149.0,0.0,1.850284,0.883084,GBR,KOR,722691
2658039,93,121,8348,1996,0.0,280155.0,-0.332901,0.23790300000000003,GTM,KOR,722691
2658040,103,121,8348,1996,0.0,5858149.0,-0.43199899999999997,1.22074,IDN,KOR,722691
2658041,104,121,8348,1996,0.0,7824.0,0.20685599999999998,2.317622,IND,KOR,722691
2658042,107,121,8348,1996,0.0,673413.0,-0.7496649999999999,-1.1173520000000001,IRN,KOR,722691
2658043,114,121,8348,1996,5468696.0,230506.0,2.615364,0.5656939999999999,JPN,KOR,722691
2658044,153,121,8348,1996,0.0,3165685.0,0.351774,0.347262,MYS,KOR,722691
2658045,173,121,8348,1996,0.0,17575.0,-0.43761000000000005,-0.28077399999999997,PER,KOR,722691
2658046,174,121,8348,1996,0.0,926476.0,-0.276548,0.344986,PHL,KOR,722691
2658047,192,121,8348,1996,0.0,118067.0,0.8354299999999999,0.41169799999999995,SGP,KOR,722691
2658048,208,121,8348,1996,29905.0,0.0,2.133781,0.9099889999999999,SWE,KOR,722691
2658049,216,121,8348,1996,0.0,1676897.0,0.10120599999999999,1.351967,THA,KOR,722691
2658050,231,121,8348,1996,476086.0,0.0,1.7110560000000001,1.125141,USA,KOR,722691
2658051,249,121,8348,1996,0.0,75109.0,1.432225,1.675389,TWN,KOR,722691
2658052,14,138,8348,1996,13659.0,0.0,0.369697,0.78069,AUS,MEX,722691
2658053,15,138,8348,1996,36262.0,0.0,1.9216669999999998,0.659388,AUT,MEX,722691
2658054,32,138,8348,1996,17843.0,0.0,0.699658,1.271724,BRA,MEX,722691
2658055,39,138,8348,1996,54950.0,0.0,1.155706,1.1127049999999998,CAN,MEX,722691
2658056,59,138,8348,1996,7360.0,0.0,1.401181,1.3094709999999998,CZE,MEX,722691
2658057,61,138,8348,1996,2659069.0,0.0,2.279976,-2.572299,DEU,MEX,722691
2658058,71,138,8348,1996,5202.0,0.0,1.105317,1.9473,ESP,MEX,722691
2658059,77,138,8348,1996,25907.0,0.0,1.69082,0.721312,FRA,MEX,722691
2658060,111,138,8348,1996,83093.0,0.0,1.4674690000000001,1.263362,ITA,MEX,722691
2658061,114,138,8348,1996,134100.0,0.0,2.615364,0.5656939999999999,JPN,MEX,722691
2658062,186,138,8348,1996,36179.0,0.0,0.900185,0.47723000000000004,RUS,MEX,722691
2658063,197,138,8348,1996,0.0,3907.0,-0.24968800000000002,-0.121995,SLV,MEX,722691
2658064,208,138,8348,1996,81012.0,0.0,2.133781,0.9099889999999999,SWE,MEX,722691
2658065,224,138,8348,1996,42207.0,0.0,0.156866,1.554023,TUR,MEX,722691
2658066,231,138,8348,1996,415994.0,3678.0,1.7110560000000001,1.125141,USA,MEX,722691
2658067,236,138,8348,1996,0.0,1087.0,0.07086100000000001,-0.761307,VEN,MEX,722691
2658068,250,138,8348,1996,15619.0,0.0,1.084978,0.901755,ANS,MEX,722691
2658069,15,153,8348,1996,54580.0,0.0,1.9216669999999998,0.659388,AUT,MYS,722691
2658070,43,153,8348,1996,9111.0,0.0,0.404422,3.061344,CHN,MYS,722691
2658071,61,153,8348,1996,94607.0,0.0,2.279976,-2.572299,DEU,MYS,722691
2658072,81,153,8348,1996,25657.0,0.0,1.850284,0.883084,GBR,MYS,722691
2658073,104,153,8348,1996,0.0,32329.0,0.20685599999999998,2.317622,IND,MYS,722691
2658074,114,153,8348,1996,773500.0,0.0,2.615364,0.5656939999999999,JPN,MYS,722691
2658075,121,153,8348,1996,3165685.0,0.0,0.8946940000000001,1.240424,KOR,MYS,722691
2658076,192,153,8348,1996,94382.0,0.0,0.8354299999999999,0.41169799999999995,SGP,MYS,722691
2658077,208,153,8348,1996,164581.0,0.0,2.133781,0.9099889999999999,SWE,MYS,722691
2658078,216,153,8348,1996,7993.0,0.0,0.10120599999999999,1.351967,THA,MYS,722691
2658079,249,153,8348,1996,37041.0,0.0,1.432225,1.675389,TWN,MYS,722691
2658080,15,162,8348,1996,200839.0,0.0,1.9216669999999998,0.659388,AUT,NLD,722691
2658081,18,162,8348,1996,35269.0,9889.0,1.549312,1.273767,BEL,NLD,722691
2658082,41,162,8348,1996,1170.0,4324.0,2.246238,0.603288,CHE,NLD,722691
2658083,61,162,8348,1996,156490.0,12200.0,2.279976,-2.572299,DEU,NLD,722691
2658084,71,162,8348,1996,0.0,15918.0,1.105317,1.9473,ESP,NLD,722691
2658085,77,162,8348,1996,8396.0,1658.0,1.69082,0.721312,FRA,NLD,722691
2658086,81,162,8348,1996,9766.0,2871.0,1.850284,0.883084,GBR,NLD,722691
2658087,103,162,8348,1996,0.0,4626.0,-0.43199899999999997,1.22074,IDN,NLD,722691
2658088,111,162,8348,1996,13514.0,0.0,1.4674690000000001,1.263362,ITA,NLD,722691
2658089,186,162,8348,1996,4235.0,0.0,0.900185,0.47723000000000004,RUS,NLD,722691
2658090,188,162,8348,1996,0.0,104533.0,0.215265,-0.8577309999999999,SAU,NLD,722691
2658091,208,162,8348,1996,473546.0,0.0,2.133781,0.9099889999999999,SWE,NLD,722691
2658092,224,162,8348,1996,0.0,10097.0,0.156866,1.554023,TUR,NLD,722691
2658093,231,162,8348,1996,26641.0,0.0,1.7110560000000001,1.125141,USA,NLD,722691
2658094,14,163,8348,1996,0.0,30176.0,0.369697,0.78069,AUS,NOR,722691
2658095,15,163,8348,1996,848861.0,0.0,1.9216669999999998,0.659388,AUT,NOR,722691
2658096,61,163,8348,1996,377670.0,0.0,2.279976,-2.572299,DEU,NOR,722691
2658097,64,163,8348,1996,1219.0,0.0,1.443514,1.275684,DNK,NOR,722691
2658098,74,163,8348,1996,209682.0,0.0,2.0584729999999998,1.006908,FIN,NOR,722691
2658099,77,163,8348,1996,33414.0,0.0,1.69082,0.721312,FRA,NOR,722691
2658100,81,163,8348,1996,0.0,76259.0,1.850284,0.883084,GBR,NOR,722691
2658101,208,163,8348,1996,2678152.0,0.0,2.133781,0.9099889999999999,SWE,NOR,722691
2658102,32,169,8348,1996,1024.0,0.0,0.699658,1.271724,BRA,PAN,722691
2658103,231,169,8348,1996,4725.0,0.0,1.7110560000000001,1.125141,USA,PAN,722691
2658104,15,173,8348,1996,10348.0,0.0,1.9216669999999998,0.659388,AUT,PER,722691
2658105,31,173,8348,1996,0.0,7739.0,-0.589432,-0.7781,BOL,PER,722691
2658106,61,173,8348,1996,104588.0,0.0,2.279976,-2.572299,DEU,PER,722691
2658107,81,173,8348,1996,3535.0,0.0,1.850284,0.883084,GBR,PER,722691
2658108,114,173,8348,1996,2560.0,0.0,2.615364,0.5656939999999999,JPN,PER,722691
2658109,121,173,8348,1996,17575.0,0.0,0.8946940000000001,1.240424,KOR,PER,722691
2658110,208,173,8348,1996,5714.0,0.0,2.133781,0.9099889999999999,SWE,PER,722691
2658111,231,173,8348,1996,53461.0,0.0,1.7110560000000001,1.125141,USA,PER,722691
2658112,15,174,8348,1996,50264.0,0.0,1.9216669999999998,0.659388,AUT,PHL,722691
2658113,61,174,8348,1996,16374.0,0.0,2.279976,-2.572299,DEU,PHL,722691
2658114,114,174,8348,1996,62048.0,0.0,2.615364,0.5656939999999999,JPN,PHL,722691
2658115,121,174,8348,1996,926476.0,0.0,0.8946940000000001,1.240424,KOR,PHL,722691
2658116,14,179,8348,1996,0.0,1527.0,0.369697,0.78069,AUS,PRT,722691
2658117,15,179,8348,1996,159618.0,0.0,1.9216669999999998,0.659388,AUT,PRT,722691
2658118,61,179,8348,1996,252068.0,0.0,2.279976,-2.572299,DEU,PRT,722691
2658119,77,179,8348,1996,4189.0,0.0,1.69082,0.721312,FRA,PRT,722691
2658120,81,179,8348,1996,42308.0,0.0,1.850284,0.883084,GBR,PRT,722691
2658121,208,179,8348,1996,375574.0,0.0,2.133781,0.9099889999999999,SWE,PRT,722691
2658122,32,180,8348,1996,63573.0,0.0,0.699658,1.271724,BRA,PRY,722691
2658123,7,208,8348,1996,0.0,43748.0,-0.245358,-0.726695,ARE,SWE,722691
2658124,8,208,8348,1996,0.0,20523.0,0.167081,0.433612,ARG,SWE,722691
2658125,14,208,8348,1996,0.0,220920.0,0.369697,0.78069,AUS,SWE,722691
2658126,15,208,8348,1996,435262.0,615788.0,1.9216669999999998,0.659388,AUT,SWE,722691
2658127,18,208,8348,1996,0.0,1558559.0,1.549312,1.273767,BEL,SWE,722691
2658128,32,208,8348,1996,0.0,9269.0,0.699658,1.271724,BRA,SWE,722691
2658129,39,208,8348,1996,0.0,579855.0,1.155706,1.1127049999999998,CAN,SWE,722691
2658130,41,208,8348,1996,0.0,77884.0,2.246238,0.603288,CHE,SWE,722691
2658131,42,208,8348,1996,0.0,2912.0,-0.052811000000000004,-0.169464,CHL,SWE,722691
2658132,43,208,8348,1996,0.0,41262.0,0.404422,3.061344,CHN,SWE,722691
2658133,49,208,8348,1996,0.0,46988.0,0.136487,0.078743,COL,SWE,722691
2658134,52,208,8348,1996,0.0,7728.0,-0.34219499999999997,0.12221900000000001,CRI,SWE,722691
2658135,59,208,8348,1996,0.0,44827.0,1.401181,1.3094709999999998,CZE,SWE,722691
2658136,61,208,8348,1996,3579215.0,1702490.0,2.279976,-2.572299,DEU,SWE,722691
2658137,64,208,8348,1996,0.0,753356.0,1.443514,1.275684,DNK,SWE,722691
2658138,65,208,8348,1996,0.0,2933.0,-0.596093,-0.5602060000000001,DOM,SWE,722691
2658139,67,208,8348,1996,0.0,1602.0,-1.1391200000000001,-0.992735,ECU,SWE,722691
2658140,68,208,8348,1996,0.0,30743.0,-0.5446409999999999,-0.229586,EGY,SWE,722691
2658141,71,208,8348,1996,0.0,524774.0,1.105317,1.9473,ESP,SWE,722691
2658142,72,208,8348,1996,0.0,65662.0,0.53397,1.0877940000000001,EST,SWE,722691
2658143,74,208,8348,1996,3682.0,447367.0,2.0584729999999998,1.006908,FIN,SWE,722691
2658144,77,208,8348,1996,0.0,1486046.0,1.69082,0.721312,FRA,SWE,722691
2658145,81,208,8348,1996,662872.0,2507628.0,1.850284,0.883084,GBR,SWE,722691
2658146,90,208,8348,1996,0.0,205350.0,0.271386,1.042608,GRC,SWE,722691
2658147,93,208,8348,1996,0.0,17672.0,-0.332901,0.23790300000000003,GTM,SWE,722691
2658148,97,208,8348,1996,0.0,1152607.0,0.54364,2.727659,HKG,SWE,722691
2658149,102,208,8348,1996,0.0,81067.0,0.790036,1.891534,HUN,SWE,722691
2658150,103,208,8348,1996,0.0,98842.0,-0.43199899999999997,1.22074,IDN,SWE,722691
2658151,104,208,8348,1996,0.0,57795.0,0.20685599999999998,2.317622,IND,SWE,722691
2658152,107,208,8348,1996,0.0,124908.0,-0.7496649999999999,-1.1173520000000001,IRN,SWE,722691
2658153,109,208,8348,1996,0.0,17272.0,0.003558,-0.551796,ISL,SWE,722691
2658154,110,208,8348,1996,0.0,23040.0,1.054975,1.072965,ISR,SWE,722691
2658155,111,208,8348,1996,15335.0,1248352.0,1.4674690000000001,1.263362,ITA,SWE,722691
2658156,114,208,8348,1996,0.0,384477.0,2.615364,0.5656939999999999,JPN,SWE,722691
2658157,116,208,8348,1996,0.0,6879.0,-0.468322,-0.017625,KEN,SWE,722691
2658158,121,208,8348,1996,0.0,29905.0,0.8946940000000001,1.240424,KOR,SWE,722691
2658159,138,208,8348,1996,0.0,81012.0,0.651949,0.9132170000000001,MEX,SWE,722691
2658160,153,208,8348,1996,0.0,164581.0,0.351774,0.347262,MYS,SWE,722691
2658161,162,208,8348,1996,0.0,473546.0,1.256625,1.803132,NLD,SWE,722691
2658162,163,208,8348,1996,0.0,2678152.0,1.204869,0.303062,NOR,SWE,722691
2658163,166,208,8348,1996,0.0,121710.0,0.49466099999999996,0.8302879999999999,NZL,SWE,722691
2658164,173,208,8348,1996,0.0,5714.0,-0.43761000000000005,-0.28077399999999997,PER,SWE,722691
2658165,177,208,8348,1996,0.0,31627.0,0.795489,1.9004729999999999,POL,SWE,722691
2658166,179,208,8348,1996,0.0,375574.0,0.39343,1.170144,PRT,SWE,722691
2658167,185,208,8348,1996,0.0,99216.0,0.612035,0.880964,ROU,SWE,722691
2658168,188,208,8348,1996,0.0,5740.0,0.215265,-0.8577309999999999,SAU,SWE,722691
2658169,192,208,8348,1996,0.0,220542.0,0.8354299999999999,0.41169799999999995,SGP,SWE,722691
2658170,197,208,8348,1996,0.0,1215.0,-0.24968800000000002,-0.121995,SLV,SWE,722691
2658171,207,208,8348,1996,0.0,2691.0,1.409184,1.37245,SVN,SWE,722691
2658172,216,208,8348,1996,0.0,144859.0,0.10120599999999999,1.351967,THA,SWE,722691
2658173,222,208,8348,1996,0.0,2551.0,0.19111,-0.488382,TTO,SWE,722691
2658174,223,208,8348,1996,0.0,39762.0,-0.28546,-0.089051,TUN,SWE,722691
2658175,224,208,8348,1996,0.0,169417.0,0.156866,1.554023,TUR,SWE,722691
2658176,231,208,8348,1996,0.0,464501.0,1.7110560000000001,1.125141,USA,SWE,722691
2658177,249,208,8348,1996,0.0,154417.0,1.432225,1.675389,TWN,SWE,722691
2658178,15,216,8348,1996,203191.0,0.0,1.9216669999999998,0.659388,AUT,THA,722691
2658179,18,216,8348,1996,69708.0,0.0,1.549312,1.273767,BEL,THA,722691
2658180,43,216,8348,1996,87943.0,0.0,0.404422,3.061344,CHN,THA,722691
2658181,61,216,8348,1996,338658.0,0.0,2.279976,-2.572299,DEU,THA,722691
2658182,77,216,8348,1996,63023.0,0.0,1.69082,0.721312,FRA,THA,722691
2658183,81,216,8348,1996,4921.0,0.0,1.850284,0.883084,GBR,THA,722691
2658184,104,216,8348,1996,10326.0,0.0,0.20685599999999998,2.317622,IND,THA,722691
2658185,114,216,8348,1996,1735406.0,0.0,2.615364,0.5656939999999999,JPN,THA,722691
2658186,118,216,8348,1996,0.0,3808.0,-1.110741,-1.089434,KHM,THA,722691
2658187,121,216,8348,1996,1676897.0,0.0,0.8946940000000001,1.240424,KOR,THA,722691
2658188,123,216,8348,1996,0.0,2023.0,-0.751092,-0.8680209999999999,LAO,THA,722691
2658189,153,216,8348,1996,0.0,7993.0,0.351774,0.347262,MYS,THA,722691
2658190,192,216,8348,1996,124581.0,0.0,0.8354299999999999,0.41169799999999995,SGP,THA,722691
2658191,208,216,8348,1996,144859.0,0.0,2.133781,0.9099889999999999,SWE,THA,722691
2658192,231,216,8348,1996,39173.0,0.0,1.7110560000000001,1.125141,USA,THA,722691
2658193,249,216,8348,1996,24988.0,0.0,1.432225,1.675389,TWN,THA,722691
2658194,208,222,8348,1996,2551.0,0.0,2.133781,0.9099889999999999,SWE,TTO,722691
2658195,231,222,8348,1996,116738.0,0.0,1.7110560000000001,1.125141,USA,TTO,722691
2658196,15,224,8348,1996,765392.0,0.0,1.9216669999999998,0.659388,AUT,TUR,722691
2658197,59,224,8348,1996,7245.0,0.0,1.401181,1.3094709999999998,CZE,TUR,722691
2658198,61,224,8348,1996,187867.0,0.0,2.279976,-2.572299,DEU,TUR,722691
2658199,68,224,8348,1996,0.0,1191307.0,-0.5446409999999999,-0.229586,EGY,TUR,722691
2658200,77,224,8348,1996,23922.0,0.0,1.69082,0.721312,FRA,TUR,722691
2658201,90,224,8348,1996,1480.0,0.0,0.271386,1.042608,GRC,TUR,722691
2658202,111,224,8348,1996,4532.0,885.0,1.4674690000000001,1.263362,ITA,TUR,722691
2658203,114,224,8348,1996,12361.0,0.0,2.615364,0.5656939999999999,JPN,TUR,722691
2658204,138,224,8348,1996,0.0,42207.0,0.651949,0.9132170000000001,MEX,TUR,722691
2658205,162,224,8348,1996,10097.0,0.0,1.256625,1.803132,NLD,TUR,722691
2658206,185,224,8348,1996,0.0,920.0,0.612035,0.880964,ROU,TUR,722691
2658207,186,224,8348,1996,0.0,8915.0,0.900185,0.47723000000000004,RUS,TUR,722691
2658208,208,224,8348,1996,169417.0,0.0,2.133781,0.9099889999999999,SWE,TUR,722691
2658209,15,230,8348,1996,8123.0,0.0,1.9216669999999998,0.659388,AUT,URY,722691
2658210,77,230,8348,1996,6944.0,0.0,1.69082,0.721312,FRA,URY,722691
2658211,8,231,8348,1996,0.0,33887.0,0.167081,0.433612,ARG,USA,722691
2658212,14,231,8348,1996,1504.0,40226.0,0.369697,0.78069,AUS,USA,722691
2658213,15,231,8348,1996,2359936.0,0.0,1.9216669999999998,0.659388,AUT,USA,722691
2658214,32,231,8348,1996,0.0,9225.0,0.699658,1.271724,BRA,USA,722691
2658215,39,231,8348,1996,21313998.0,7690338.0,1.155706,1.1127049999999998,CAN,USA,722691
2658216,41,231,8348,1996,0.0,19002.0,2.246238,0.603288,CHE,USA,722691
2658217,42,231,8348,1996,0.0,34023.0,-0.052811000000000004,-0.169464,CHL,USA,722691
2658218,43,231,8348,1996,1059.0,32735.0,0.404422,3.061344,CHN,USA,722691
2658219,49,231,8348,1996,0.0,174489.0,0.136487,0.078743,COL,USA,722691
2658220,52,231,8348,1996,0.0,37698.0,-0.34219499999999997,0.12221900000000001,CRI,USA,722691
2658221,61,231,8348,1996,5402093.0,34822.0,2.279976,-2.572299,DEU,USA,722691
2658222,64,231,8348,1996,0.0,1906.0,1.443514,1.275684,DNK,USA,722691
2658223,71,231,8348,1996,29493.0,8849.0,1.105317,1.9473,ESP,USA,722691
2658224,74,231,8348,1996,0.0,5477.0,2.0584729999999998,1.006908,FIN,USA,722691
2658225,77,231,8348,1996,379573.0,35603.0,1.69082,0.721312,FRA,USA,722691
2658226,81,231,8348,1996,2564624.0,61066.0,1.850284,0.883084,GBR,USA,722691
2658227,93,231,8348,1996,0.0,2645.0,-0.332901,0.23790300000000003,GTM,USA,722691
2658228,100,231,8348,1996,0.0,4053.0,0.772706,1.1075270000000002,HRV,USA,722691
2658229,103,231,8348,1996,0.0,578392.0,-0.43199899999999997,1.22074,IDN,USA,722691
2658230,104,231,8348,1996,522181.0,0.0,0.20685599999999998,2.317622,IND,USA,722691
2658231,111,231,8348,1996,250366.0,15603.0,1.4674690000000001,1.263362,ITA,USA,722691
2658232,114,231,8348,1996,2178694.0,51211.0,2.615364,0.5656939999999999,JPN,USA,722691
2658233,121,231,8348,1996,0.0,476086.0,0.8946940000000001,1.240424,KOR,USA,722691
2658234,138,231,8348,1996,3678.0,415994.0,0.651949,0.9132170000000001,MEX,USA,722691
2658235,162,231,8348,1996,0.0,26641.0,1.256625,1.803132,NLD,USA,722691
2658236,166,231,8348,1996,0.0,6916.0,0.49466099999999996,0.8302879999999999,NZL,USA,722691
2658237,169,231,8348,1996,0.0,4725.0,-0.100537,-0.374129,PAN,USA,722691
2658238,173,231,8348,1996,0.0,53461.0,-0.43761000000000005,-0.28077399999999997,PER,USA,722691
2658239,186,231,8348,1996,8360.0,0.0,0.900185,0.47723000000000004,RUS,USA,722691
2658240,192,231,8348,1996,0.0,4384.0,0.8354299999999999,0.41169799999999995,SGP,USA,722691
2658241,207,231,8348,1996,1078580.0,0.0,1.409184,1.37245,SVN,USA,722691
2658242,208,231,8348,1996,464501.0,0.0,2.133781,0.9099889999999999,SWE,USA,722691
2658243,216,231,8348,1996,0.0,39173.0,0.10120599999999999,1.351967,THA,USA,722691
2658244,222,231,8348,1996,0.0,116738.0,0.19111,-0.488382,TTO,USA,722691
2658245,236,231,8348,1996,0.0,29483.0,0.07086100000000001,-0.761307,VEN,USA,722691
2658246,246,231,8348,1996,3781.0,0.0,0.456593,1.150786,ZAF,USA,722691
2658247,15,236,8348,1996,47609.0,0.0,1.9216669999999998,0.659388,AUT,VEN,722691
2658248,61,236,8348,1996,1160.0,0.0,2.279976,-2.572299,DEU,VEN,722691
2658249,71,236,8348,1996,7342.0,0.0,1.105317,1.9473,ESP,VEN,722691
2658250,138,236,8348,1996,1087.0,0.0,0.651949,0.9132170000000001,MEX,VEN,722691
2658251,231,236,8348,1996,29483.0,0.0,1.7110560000000001,1.125141,USA,VEN,722691
2658252,15,14,8348,1996,234572.0,0.0,1.9216669999999998,0.659388,AUT,AUS,722691
2658253,42,14,8348,1996,0.0,118500.0,-0.052811000000000004,-0.169464,CHL,AUS,722691
2658254,61,14,8348,1996,70593.0,0.0,2.279976,-2.572299,DEU,AUS,722691
2658255,77,14,8348,1996,6932.0,0.0,1.69082,0.721312,FRA,AUS,722691
2658256,81,14,8348,1996,12087.0,0.0,1.850284,0.883084,GBR,AUS,722691
2658257,104,14,8348,1996,0.0,14516.0,0.20685599999999998,2.317622,IND,AUS,722691
2658258,114,14,8348,1996,120290.0,0.0,2.615364,0.5656939999999999,JPN,AUS,722691
2658259,138,14,8348,1996,0.0,13659.0,0.651949,0.9132170000000001,MEX,AUS,722691
2658260,163,14,8348,1996,30176.0,0.0,1.204869,0.303062,NOR,AUS,722691
2658261,166,14,8348,1996,0.0,2711.0,0.49466099999999996,0.8302879999999999,NZL,AUS,722691
2658262,179,14,8348,1996,1527.0,0.0,0.39343,1.170144,PRT,AUS,722691
2658263,208,14,8348,1996,220920.0,0.0,2.133781,0.9099889999999999,SWE,AUS,722691
2658264,231,14,8348,1996,40226.0,1504.0,1.7110560000000001,1.125141,USA,AUS,722691
2658265,121,22,8348,1996,7737.0,0.0,0.8946940000000001,1.240424,KOR,BGD,722691
2658266,59,23,8348,1996,24378.0,0.0,1.401181,1.3094709999999998,CZE,BGR,722691
2658267,61,23,8348,1996,18443.0,0.0,2.279976,-2.572299,DEU,BGR,722691
2658268,186,23,8348,1996,8585.0,0.0,0.900185,0.47723000000000004,RUS,BGR,722691
2658269,15,39,8348,1996,104127.0,0.0,1.9216669999999998,0.659388,AUT,CAN,722691
2658270,49,39,8348,1996,0.0,7881.0,0.136487,0.078743,COL,CAN,722691
2658271,61,39,8348,1996,218729.0,0.0,2.279976,-2.572299,DEU,CAN,722691
2658272,71,39,8348,1996,5222.0,0.0,1.105317,1.9473,ESP,CAN,722691
2658273,77,39,8348,1996,14554.0,0.0,1.69082,0.721312,FRA,CAN,722691
2658274,81,39,8348,1996,95378.0,0.0,1.850284,0.883084,GBR,CAN,722691
2658275,114,39,8348,1996,452637.0,0.0,2.615364,0.5656939999999999,JPN,CAN,722691
2658276,121,39,8348,1996,0.0,12693.0,0.8946940000000001,1.240424,KOR,CAN,722691
2658277,138,39,8348,1996,0.0,54950.0,0.651949,0.9132170000000001,MEX,CAN,722691
2658278,208,39,8348,1996,579855.0,0.0,2.133781,0.9099889999999999,SWE,CAN,722691
2658279,231,39,8348,1996,7690338.0,21313998.0,1.7110560000000001,1.125141,USA,CAN,722691
2658280,250,39,8348,1996,2755.0,0.0,1.084978,0.901755,ANS,CAN,722691
2658281,15,41,8348,1996,98146.0,2151.0,1.9216669999999998,0.659388,AUT,CHE,722691
2658282,18,41,8348,1996,0.0,2192.0,1.549312,1.273767,BEL,CHE,722691
2658283,59,41,8348,1996,0.0,3346.0,1.401181,1.3094709999999998,CZE,CHE,722691
2658284,61,41,8348,1996,4507846.0,95126.0,2.279976,-2.572299,DEU,CHE,722691
2658285,71,41,8348,1996,9769.0,4598.0,1.105317,1.9473,ESP,CHE,722691
2658286,74,41,8348,1996,1593.0,0.0,2.0584729999999998,1.006908,FIN,CHE,722691
2658287,77,41,8348,1996,566446.0,2177.0,1.69082,0.721312,FRA,CHE,722691
2658288,81,41,8348,1996,30690.0,0.0,1.850284,0.883084,GBR,CHE,722691
2658289,103,41,8348,1996,0.0,2798.0,-0.43199899999999997,1.22074,IDN,CHE,722691
2658290,104,41,8348,1996,0.0,873.0,0.20685599999999998,2.317622,IND,CHE,722691
2658291,111,41,8348,1996,52808.0,10365.0,1.4674690000000001,1.263362,ITA,CHE,722691
2658292,114,41,8348,1996,0.0,10881.0,2.615364,0.5656939999999999,JPN,CHE,722691
2658293,162,41,8348,1996,4324.0,1170.0,1.256625,1.803132,NLD,CHE,722691
2658294,206,41,8348,1996,0.0,799.0,1.189398,1.29167,SVK,CHE,722691
2658295,208,41,8348,1996,77884.0,0.0,2.133781,0.9099889999999999,SWE,CHE,722691
2658296,231,41,8348,1996,19002.0,0.0,1.7110560000000001,1.125141,USA,CHE,722691
2658297,8,42,8348,1996,0.0,10208.0,0.167081,0.433612,ARG,CHL,722691
2658298,14,42,8348,1996,118500.0,0.0,0.369697,0.78069,AUS,CHL,722691
2658299,15,42,8348,1996,105664.0,0.0,1.9216669999999998,0.659388,AUT,CHL,722691
2658300,32,42,8348,1996,3911.0,0.0,0.699658,1.271724,BRA,CHL,722691
2658301,61,42,8348,1996,125591.0,0.0,2.279976,-2.572299,DEU,CHL,722691
2658302,208,42,8348,1996,2912.0,0.0,2.133781,0.9099889999999999,SWE,CHL,722691
2658303,231,42,8348,1996,34023.0,0.0,1.7110560000000001,1.125141,USA,CHL,722691
2658304,15,59,8348,1996,232619.0,33299.0,1.9216669999999998,0.659388,AUT,CZE,722691
2658305,18,59,8348,1996,76894.0,0.0,1.549312,1.273767,BEL,CZE,722691
2658306,23,59,8348,1996,0.0,24378.0,0.544265,1.523408,BGR,CZE,722691
2658307,41,59,8348,1996,3346.0,0.0,2.246238,0.603288,CHE,CZE,722691
2658308,61,59,8348,1996,674497.0,80486.0,2.279976,-2.572299,DEU,CZE,722691
2658309,64,59,8348,1996,867.0,0.0,1.443514,1.275684,DNK,CZE,722691
2658310,68,59,8348,1996,0.0,3092.0,-0.5446409999999999,-0.229586,EGY,CZE,722691
2658311,77,59,8348,1996,8653.0,0.0,1.69082,0.721312,FRA,CZE,722691
2658312,100,59,8348,1996,0.0,5354.0,0.772706,1.1075270000000002,HRV,CZE,722691
2658313,111,59,8348,1996,5194.0,0.0,1.4674690000000001,1.263362,ITA,CZE,722691
2658314,138,59,8348,1996,0.0,7360.0,0.651949,0.9132170000000001,MEX,CZE,722691
2658315,189,59,8348,1996,0.0,21080.0,0.786293,2.20126,SCG,CZE,722691
2658316,206,59,8348,1996,35638.0,31290.0,1.189398,1.29167,SVK,CZE,722691
2658317,207,59,8348,1996,0.0,15165.0,1.409184,1.37245,SVN,CZE,722691
2658318,208,59,8348,1996,44827.0,0.0,2.133781,0.9099889999999999,SWE,CZE,722691
2658319,224,59,8348,1996,0.0,7245.0,0.156866,1.554023,TUR,CZE,722691
2658320,250,59,8348,1996,6642.0,0.0,1.084978,0.901755,ANS,CZE,722691
2658321,61,66,8348,1996,1207.0,0.0,2.279976,-2.572299,DEU,DZA,722691
2658322,77,66,8348,1996,36212.0,0.0,1.69082,0.721312,FRA,DZA,722691
2658323,15,68,8348,1996,27137.0,0.0,1.9216669999999998,0.659388,AUT,EGY,722691
2658324,59,68,8348,1996,3092.0,0.0,1.401181,1.3094709999999998,CZE,EGY,722691
2658325,61,68,8348,1996,8668.0,0.0,2.279976,-2.572299,DEU,EGY,722691
2658326,81,68,8348,1996,14428.0,0.0,1.850284,0.883084,GBR,EGY,722691
2658327,208,68,8348,1996,30743.0,0.0,2.133781,0.9099889999999999,SWE,EGY,722691
2658328,224,68,8348,1996,1191307.0,0.0,0.156866,1.554023,TUR,EGY,722691
2658329,74,72,8348,1996,6640.0,0.0,2.0584729999999998,1.006908,FIN,EST,722691
2658330,208,72,8348,1996,65662.0,0.0,2.133781,0.9099889999999999,SWE,EST,722691
2658331,81,83,8348,1996,334438.0,0.0,1.850284,0.883084,GBR,GHA,722691
2658332,15,102,8348,1996,111248.0,10897.0,1.9216669999999998,0.659388,AUT,HUN,722691
2658333,61,102,8348,1996,29388.0,0.0,2.279976,-2.572299,DEU,HUN,722691
2658334,74,102,8348,1996,3481.0,0.0,2.0584729999999998,1.006908,FIN,HUN,722691
2658335,77,102,8348,1996,36498.0,0.0,1.69082,0.721312,FRA,HUN,722691
2658336,185,102,8348,1996,0.0,924.0,0.612035,0.880964,ROU,HUN,722691
2658337,189,102,8348,1996,0.0,15094.0,0.786293,2.20126,SCG,HUN,722691
2658338,207,102,8348,1996,14431.0,0.0,1.409184,1.37245,SVN,HUN,722691
2658339,208,102,8348,1996,81067.0,0.0,2.133781,0.9099889999999999,SWE,HUN,722691
2658340,250,102,8348,1996,0.0,4000.0,1.084978,0.901755,ANS,HUN,722691
2658341,15,103,8348,1996,200228.0,0.0,1.9216669999999998,0.659388,AUT,IDN,722691
2658342,18,103,8348,1996,1698.0,0.0,1.549312,1.273767,BEL,IDN,722691
2658343,41,103,8348,1996,2798.0,0.0,2.246238,0.603288,CHE,IDN,722691
2658344,43,103,8348,1996,82142.0,0.0,0.404422,3.061344,CHN,IDN,722691
2658345,61,103,8348,1996,43046.0,0.0,2.279976,-2.572299,DEU,IDN,722691
2658346,77,103,8348,1996,1099.0,0.0,1.69082,0.721312,FRA,IDN,722691
2658347,114,103,8348,1996,416687.0,0.0,2.615364,0.5656939999999999,JPN,IDN,722691
2658348,121,103,8348,1996,5858149.0,0.0,0.8946940000000001,1.240424,KOR,IDN,722691
2658349,162,103,8348,1996,4626.0,0.0,1.256625,1.803132,NLD,IDN,722691
2658350,192,103,8348,1996,15318.0,0.0,0.8354299999999999,0.41169799999999995,SGP,IDN,722691
2658351,208,103,8348,1996,98842.0,0.0,2.133781,0.9099889999999999,SWE,IDN,722691
2658352,231,103,8348,1996,578392.0,0.0,1.7110560000000001,1.125141,USA,IDN,722691
2658353,246,103,8348,1996,204350.0,0.0,0.456593,1.150786,ZAF,IDN,722691
2658354,249,103,8348,1996,18697.0,1565.0,1.432225,1.675389,TWN,IDN,722691
2658355,14,104,8348,1996,14516.0,0.0,0.369697,0.78069,AUS,IND,722691
2658356,15,104,8348,1996,180006.0,0.0,1.9216669999999998,0.659388,AUT,IND,722691
2658357,18,104,8348,1996,1765.0,0.0,1.549312,1.273767,BEL,IND,722691
2658358,32,104,8348,1996,473217.0,0.0,0.699658,1.271724,BRA,IND,722691
2658359,41,104,8348,1996,873.0,0.0,2.246238,0.603288,CHE,IND,722691
2658360,61,104,8348,1996,31583.0,0.0,2.279976,-2.572299,DEU,IND,722691
2658361,71,104,8348,1996,23212.0,0.0,1.105317,1.9473,ESP,IND,722691
2658362,77,104,8348,1996,18837.0,0.0,1.69082,0.721312,FRA,IND,722691
2658363,81,104,8348,1996,89707.0,16217.0,1.850284,0.883084,GBR,IND,722691
2658364,114,104,8348,1996,61964.0,0.0,2.615364,0.5656939999999999,JPN,IND,722691
2658365,116,104,8348,1996,0.0,2187.0,-0.468322,-0.017625,KEN,IND,722691
2658366,121,104,8348,1996,7824.0,0.0,0.8946940000000001,1.240424,KOR,IND,722691
2658367,128,104,8348,1996,0.0,93944.0,-0.812763,-0.188722,LKA,IND,722691
2658368,153,104,8348,1996,32329.0,0.0,0.351774,0.347262,MYS,IND,722691
2658369,159,104,8348,1996,0.0,29934.0,-1.813359,-1.1967,NGA,IND,722691
2658370,164,104,8348,1996,0.0,80973.0,-0.7390100000000001,-0.647903,NPL,IND,722691
2658371,168,104,8348,1996,0.0,7084.0,-0.7543300000000001,-0.393654,PAK,IND,722691
2658372,186,104,8348,1996,1604.0,0.0,0.900185,0.47723000000000004,RUS,IND,722691
2658373,192,104,8348,1996,15155.0,40315.0,0.8354299999999999,0.41169799999999995,SGP,IND,722691
2658374,206,104,8348,1996,9508.0,0.0,1.189398,1.29167,SVK,IND,722691
2658375,208,104,8348,1996,57795.0,0.0,2.133781,0.9099889999999999,SWE,IND,722691
2658376,216,104,8348,1996,0.0,10326.0,0.10120599999999999,1.351967,THA,IND,722691
2658377,228,104,8348,1996,161839.0,0.0,0.896537,0.9241459999999999,UKR,IND,722691
2658378,231,104,8348,1996,0.0,522181.0,1.7110560000000001,1.125141,USA,IND,722691
2658379,249,104,8348,1996,64551.0,0.0,1.432225,1.675389,TWN,IND,722691
2658380,8,114,8348,1996,0.0,22432.0,0.167081,0.433612,ARG,JPN,722691
2658381,14,114,8348,1996,0.0,120290.0,0.369697,0.78069,AUS,JPN,722691
2658382,32,114,8348,1996,0.0,5938.0,0.699658,1.271724,BRA,JPN,722691
2658383,39,114,8348,1996,0.0,452637.0,1.155706,1.1127049999999998,CAN,JPN,722691
2658384,41,114,8348,1996,10881.0,0.0,2.246238,0.603288,CHE,JPN,722691
2658385,43,114,8348,1996,20732.0,1100197.0,0.404422,3.061344,CHN,JPN,722691
2658386,61,114,8348,1996,29619.0,0.0,2.279976,-2.572299,DEU,JPN,722691
2658387,74,114,8348,1996,17287.0,0.0,2.0584729999999998,1.006908,FIN,JPN,722691
2658388,77,114,8348,1996,2458.0,0.0,1.69082,0.721312,FRA,JPN,722691
2658389,81,114,8348,1996,67080.0,16276.0,1.850284,0.883084,GBR,JPN,722691
2658390,97,114,8348,1996,0.0,2402434.0,0.54364,2.727659,HKG,JPN,722691
2658391,103,114,8348,1996,0.0,416687.0,-0.43199899999999997,1.22074,IDN,JPN,722691
2658392,104,114,8348,1996,0.0,61964.0,0.20685599999999998,2.317622,IND,JPN,722691
2658393,110,114,8348,1996,0.0,18942.0,1.054975,1.072965,ISR,JPN,722691
2658394,111,114,8348,1996,10497.0,0.0,1.4674690000000001,1.263362,ITA,JPN,722691
2658395,121,114,8348,1996,230506.0,5468696.0,0.8946940000000001,1.240424,KOR,JPN,722691
2658396,138,114,8348,1996,0.0,134100.0,0.651949,0.9132170000000001,MEX,JPN,722691
2658397,153,114,8348,1996,0.0,773500.0,0.351774,0.347262,MYS,JPN,722691
2658398,166,114,8348,1996,0.0,6829.0,0.49466099999999996,0.8302879999999999,NZL,JPN,722691
2658399,173,114,8348,1996,0.0,2560.0,-0.43761000000000005,-0.28077399999999997,PER,JPN,722691
2658400,174,114,8348,1996,0.0,62048.0,-0.276548,0.344986,PHL,JPN,722691
2658401,188,114,8348,1996,0.0,19520.0,0.215265,-0.8577309999999999,SAU,JPN,722691
2658402,192,114,8348,1996,0.0,6101232.0,0.8354299999999999,0.41169799999999995,SGP,JPN,722691
2658403,208,114,8348,1996,384477.0,0.0,2.133781,0.9099889999999999,SWE,JPN,722691
2658404,216,114,8348,1996,0.0,1735406.0,0.10120599999999999,1.351967,THA,JPN,722691
2658405,224,114,8348,1996,0.0,12361.0,0.156866,1.554023,TUR,JPN,722691
2658406,231,114,8348,1996,51211.0,2178694.0,1.7110560000000001,1.125141,USA,JPN,722691
2658407,239,114,8348,1996,0.0,166899.0,-0.9336469999999999,-0.10985199999999999,VNM,JPN,722691
2658408,246,114,8348,1996,0.0,8939.0,0.456593,1.150786,ZAF,JPN,722691
2658409,249,114,8348,1996,41266.0,17549884.0,1.432225,1.675389,TWN,JPN,722691
2658410,28,130,8348,1996,1000.0,0.0,0.7285550000000001,0.660716,BLR,LTU,722691
2658411,228,130,8348,1996,32621.0,0.0,0.896537,0.9241459999999999,UKR,LTU,722691
2658412,186,132,8348,1996,13809.0,0.0,0.900185,0.47723000000000004,RUS,LVA,722691
2658413,15,177,8348,1996,31403.0,0.0,1.9216669999999998,0.659388,AUT,POL,722691
2658414,61,177,8348,1996,42876.0,0.0,2.279976,-2.572299,DEU,POL,722691
2658415,64,177,8348,1996,10168.0,0.0,1.443514,1.275684,DNK,POL,722691
2658416,77,177,8348,1996,12546.0,0.0,1.69082,0.721312,FRA,POL,722691
2658417,208,177,8348,1996,31627.0,0.0,2.133781,0.9099889999999999,SWE,POL,722691
2658418,250,177,8348,1996,53013.0,0.0,1.084978,0.901755,ANS,POL,722691
2658419,18,185,8348,1996,15512.0,0.0,1.549312,1.273767,BEL,ROU,722691
2658420,61,185,8348,1996,180855.0,0.0,2.279976,-2.572299,DEU,ROU,722691
2658421,64,185,8348,1996,4311.0,0.0,1.443514,1.275684,DNK,ROU,722691
2658422,81,185,8348,1996,1612.0,0.0,1.850284,0.883084,GBR,ROU,722691
2658423,102,185,8348,1996,924.0,0.0,0.790036,1.891534,HUN,ROU,722691
2658424,111,185,8348,1996,32420.0,0.0,1.4674690000000001,1.263362,ITA,ROU,722691
2658425,208,185,8348,1996,99216.0,0.0,2.133781,0.9099889999999999,SWE,ROU,722691
2658426,224,185,8348,1996,920.0,0.0,0.156866,1.554023,TUR,ROU,722691
2658427,23,186,8348,1996,0.0,8585.0,0.544265,1.523408,BGR,RUS,722691
2658428,61,186,8348,1996,16086.0,0.0,2.279976,-2.572299,DEU,RUS,722691
2658429,104,186,8348,1996,0.0,1604.0,0.20685599999999998,2.317622,IND,RUS,722691
2658430,107,186,8348,1996,0.0,550516.0,-0.7496649999999999,-1.1173520000000001,IRN,RUS,722691
2658431,115,186,8348,1996,0.0,154105.0,0.48902799999999996,0.154932,KAZ,RUS,722691
2658432,132,186,8348,1996,0.0,13809.0,0.33418600000000004,0.1615,LVA,RUS,722691
2658433,138,186,8348,1996,0.0,36179.0,0.651949,0.9132170000000001,MEX,RUS,722691
2658434,160,186,8348,1996,0.0,56339.0,-0.767799,-0.737816,NIC,RUS,722691
2658435,162,186,8348,1996,0.0,4235.0,1.256625,1.803132,NLD,RUS,722691
2658436,189,186,8348,1996,0.0,950.0,0.786293,2.20126,SCG,RUS,722691
2658437,224,186,8348,1996,8915.0,0.0,0.156866,1.554023,TUR,RUS,722691
2658438,228,186,8348,1996,275730.0,26060.0,0.896537,0.9241459999999999,UKR,RUS,722691
2658439,231,186,8348,1996,0.0,8360.0,1.7110560000000001,1.125141,USA,RUS,722691
2658440,232,186,8348,1996,0.0,38682.0,-0.17393499999999998,-0.727476,UZB,RUS,722691
2658441,239,186,8348,1996,0.0,1001.0,-0.9336469999999999,-0.10985199999999999,VNM,RUS,722691
2658442,15,188,8348,1996,28191.0,0.0,1.9216669999999998,0.659388,AUT,SAU,722691
2658443,61,188,8348,1996,7427.0,0.0,2.279976,-2.572299,DEU,SAU,722691
2658444,111,188,8348,1996,58612.0,0.0,1.4674690000000001,1.263362,ITA,SAU,722691
2658445,114,188,8348,1996,19520.0,0.0,2.615364,0.5656939999999999,JPN,SAU,722691
2658446,162,188,8348,1996,104533.0,0.0,1.256625,1.803132,NLD,SAU,722691
2658447,208,188,8348,1996,5740.0,0.0,2.133781,0.9099889999999999,SWE,SAU,722691
2658448,15,192,8348,1996,3724.0,0.0,1.9216669999999998,0.659388,AUT,SGP,722691
2658449,34,192,8348,1996,0.0,3283.0,-0.848331,-0.779511,BRN,SGP,722691
2658450,43,192,8348,1996,78780.0,16043.0,0.404422,3.061344,CHN,SGP,722691
2658451,61,192,8348,1996,107059.0,0.0,2.279976,-2.572299,DEU,SGP,722691
2658452,77,192,8348,1996,26511.0,0.0,1.69082,0.721312,FRA,SGP,722691
2658453,81,192,8348,1996,53130.0,0.0,1.850284,0.883084,GBR,SGP,722691
2658454,103,192,8348,1996,0.0,15318.0,-0.43199899999999997,1.22074,IDN,SGP,722691
2658455,104,192,8348,1996,40315.0,15155.0,0.20685599999999998,2.317622,IND,SGP,722691
2658456,114,192,8348,1996,6101232.0,0.0,2.615364,0.5656939999999999,JPN,SGP,722691
2658457,121,192,8348,1996,118067.0,0.0,0.8946940000000001,1.240424,KOR,SGP,722691
2658458,153,192,8348,1996,0.0,94382.0,0.351774,0.347262,MYS,SGP,722691
2658459,176,192,8348,1996,0.0,7854.0,-2.120746,-1.2199879999999999,PNG,SGP,722691
2658460,208,192,8348,1996,220542.0,0.0,2.133781,0.9099889999999999,SWE,SGP,722691
2658461,216,192,8348,1996,0.0,124581.0,0.10120599999999999,1.351967,THA,SGP,722691
2658462,231,192,8348,1996,4384.0,0.0,1.7110560000000001,1.125141,USA,SGP,722691
2658463,249,192,8348,1996,8641.0,0.0,1.432225,1.675389,TWN,SGP,722691
2658464,15,206,8348,1996,3288.0,0.0,1.9216669999999998,0.659388,AUT,SVK,722691
2658465,41,206,8348,1996,799.0,0.0,2.246238,0.603288,CHE,SVK,722691
2658466,59,206,8348,1996,31290.0,35638.0,1.401181,1.3094709999999998,CZE,SVK,722691
2658467,61,206,8348,1996,108907.0,13026.0,2.279976,-2.572299,DEU,SVK,722691
2658468,104,206,8348,1996,0.0,9508.0,0.20685599999999998,2.317622,IND,SVK,722691
2658469,207,206,8348,1996,5790.0,0.0,1.409184,1.37245,SVN,SVK,722691
2658470,246,206,8348,1996,0.0,22972.0,0.456593,1.150786,ZAF,SVK,722691
2658471,15,207,8348,1996,49842.0,0.0,1.9216669999999998,0.659388,AUT,SVN,722691
2658472,26,207,8348,1996,0.0,2301.0,0.679466,0.730425,BIH,SVN,722691
2658473,59,207,8348,1996,15165.0,0.0,1.401181,1.3094709999999998,CZE,SVN,722691
2658474,61,207,8348,1996,71456.0,28398.0,2.279976,-2.572299,DEU,SVN,722691
2658475,77,207,8348,1996,12696.0,15032.0,1.69082,0.721312,FRA,SVN,722691
2658476,81,207,8348,1996,0.0,28910.0,1.850284,0.883084,GBR,SVN,722691
2658477,100,207,8348,1996,6784.0,20004.0,0.772706,1.1075270000000002,HRV,SVN,722691
2658478,102,207,8348,1996,0.0,14431.0,0.790036,1.891534,HUN,SVN,722691
2658479,111,207,8348,1996,9329.0,172691.0,1.4674690000000001,1.263362,ITA,SVN,722691
2658480,140,207,8348,1996,2849.0,3437.0,0.316133,0.933068,MKD,SVN,722691
2658481,206,207,8348,1996,0.0,5790.0,1.189398,1.29167,SVK,SVN,722691
2658482,208,207,8348,1996,2691.0,0.0,2.133781,0.9099889999999999,SWE,SVN,722691
2658483,231,207,8348,1996,0.0,1078580.0,1.7110560000000001,1.125141,USA,SVN,722691
2658484,28,228,8348,1996,3409.0,0.0,0.7285550000000001,0.660716,BLR,UKR,722691
2658485,104,228,8348,1996,0.0,161839.0,0.20685599999999998,2.317622,IND,UKR,722691
2658486,130,228,8348,1996,0.0,32621.0,0.40520500000000004,0.9465950000000001,LTU,UKR,722691
2658487,186,228,8348,1996,26060.0,275730.0,0.900185,0.47723000000000004,RUS,UKR,722691
2658488,15,246,8348,1996,254373.0,0.0,1.9216669999999998,0.659388,AUT,ZAF,722691
2658489,61,246,8348,1996,108620.0,0.0,2.279976,-2.572299,DEU,ZAF,722691
2658490,77,246,8348,1996,1820.0,0.0,1.69082,0.721312,FRA,ZAF,722691
2658491,81,246,8348,1996,43106.0,0.0,1.850284,0.883084,GBR,ZAF,722691
2658492,103,246,8348,1996,0.0,204350.0,-0.43199899999999997,1.22074,IDN,ZAF,722691
2658493,114,246,8348,1996,8939.0,0.0,2.615364,0.5656939999999999,JPN,ZAF,722691
2658494,151,246,8348,1996,0.0,2049.0,-0.538651,-0.746274,MUS,ZAF,722691
2658495,206,246,8348,1996,22972.0,0.0,1.189398,1.29167,SVK,ZAF,722691
2658496,211,246,8348,1996,0.0,12587.0,0.239125,-0.458433,SYC,ZAF,722691
2658497,231,246,8348,1996,0.0,3781.0,1.7110560000000001,1.125141,USA,ZAF,722691
2658498,15,8,8348,1996,38805.0,0.0,1.9216669999999998,0.659388,AUT,ARG,722691
2658499,31,8,8348,1996,0.0,11108.0,-0.589432,-0.7781,BOL,ARG,722691
2658500,32,8,8348,1996,19584.0,24662.0,0.699658,1.271724,BRA,ARG,722691
2658501,42,8,8348,1996,10208.0,0.0,-0.052811000000000004,-0.169464,CHL,ARG,722691
2658502,61,8,8348,1996,2552.0,0.0,2.279976,-2.572299,DEU,ARG,722691
2658503,71,8,8348,1996,2802.0,0.0,1.105317,1.9473,ESP,ARG,722691
2658504,77,8,8348,1996,20147.0,0.0,1.69082,0.721312,FRA,ARG,722691
2658505,114,8,8348,1996,22432.0,0.0,2.615364,0.5656939999999999,JPN,ARG,722691
2658506,208,8,8348,1996,20523.0,0.0,2.133781,0.9099889999999999,SWE,ARG,722691
2658507,231,8,8348,1996,33887.0,0.0,1.7110560000000001,1.125141,USA,ARG,722691
2658508,61,44,8348,1996,2593.0,0.0,2.279976,-2.572299,DEU,CIV,722691
2658509,77,44,8348,1996,2438.0,0.0,1.69082,0.721312,FRA,CIV,722691
2658510,15,58,8348,1996,6747.0,0.0,1.9216669999999998,0.659388,AUT,CYP,722691
2658511,61,58,8348,1996,11174.0,0.0,2.279976,-2.572299,DEU,CYP,722691
2658512,111,58,8348,1996,242707.0,0.0,1.4674690000000001,1.263362,ITA,CYP,722691
2658513,15,134,8348,1996,11595.0,0.0,1.9216669999999998,0.659388,AUT,MAR,722691
2658514,61,134,8348,1996,45615.0,0.0,2.279976,-2.572299,DEU,MAR,722691
2658515,71,134,8348,1996,1289.0,0.0,1.105317,1.9473,ESP,MAR,722691
2658516,77,134,8348,1996,12638.0,0.0,1.69082,0.721312,FRA,MAR,722691
2658517,81,134,8348,1996,4931.0,0.0,1.850284,0.883084,GBR,MAR,722691
2658518,14,166,8348,1996,2711.0,0.0,0.369697,0.78069,AUS,NZL,722691
2658519,15,166,8348,1996,32691.0,0.0,1.9216669999999998,0.659388,AUT,NZL,722691
2658520,61,166,8348,1996,150622.0,0.0,2.279976,-2.572299,DEU,NZL,722691
2658521,81,166,8348,1996,5346.0,0.0,1.850284,0.883084,GBR,NZL,722691
2658522,114,166,8348,1996,6829.0,0.0,2.615364,0.5656939999999999,JPN,NZL,722691
2658523,208,166,8348,1996,121710.0,0.0,2.133781,0.9099889999999999,SWE,NZL,722691
2658524,231,166,8348,1996,6916.0,0.0,1.7110560000000001,1.125141,USA,NZL,722691
2658525,77,191,8348,1996,3294.0,0.0,1.69082,0.721312,FRA,SEN,722691
2658526,15,223,8348,1996,3601.0,0.0,1.9216669999999998,0.659388,AUT,TUN,722691
2658527,61,223,8348,1996,2557.0,0.0,2.279976,-2.572299,DEU,TUN,722691
2658528,77,223,8348,1996,24537.0,0.0,1.69082,0.721312,FRA,TUN,722691
2658529,81,223,8348,1996,12990.0,0.0,1.850284,0.883084,GBR,TUN,722691
2658530,111,223,8348,1996,4972.0,0.0,1.4674690000000001,1.263362,ITA,TUN,722691
2658531,208,223,8348,1996,39762.0,0.0,2.133781,0.9099889999999999,SWE,TUN,722691
2658532,15,100,8348,1996,62246.0,0.0,1.9216669999999998,0.659388,AUT,HRV,722691
2658533,26,100,8348,1996,0.0,4343.0,0.679466,0.730425,BIH,HRV,722691
2658534,59,100,8348,1996,5354.0,0.0,1.401181,1.3094709999999998,CZE,HRV,722691
2658535,61,100,8348,1996,7787.0,0.0,2.279976,-2.572299,DEU,HRV,722691
2658536,111,100,8348,1996,41973.0,0.0,1.4674690000000001,1.263362,ITA,HRV,722691
2658537,207,100,8348,1996,20004.0,6784.0,1.409184,1.37245,SVN,HRV,722691
2658538,231,100,8348,1996,4053.0,0.0,1.7110560000000001,1.125141,USA,HRV,722691
2658539,15,107,8348,1996,473569.0,0.0,1.9216669999999998,0.659388,AUT,IRN,722691
2658540,61,107,8348,1996,195556.0,0.0,2.279976,-2.572299,DEU,IRN,722691
2658541,121,107,8348,1996,673413.0,0.0,0.8946940000000001,1.240424,KOR,IRN,722691
2658542,186,107,8348,1996,550516.0,0.0,0.900185,0.47723000000000004,RUS,IRN,722691
2658543,208,107,8348,1996,124908.0,0.0,2.133781,0.9099889999999999,SWE,IRN,722691
2658544,104,128,8348,1996,93944.0,0.0,0.20685599999999998,2.317622,IND,LKA,722691
2658545,15,140,8348,1996,5018.0,0.0,1.9216669999999998,0.659388,AUT,MKD,722691
2658546,207,140,8348,1996,3437.0,2849.0,1.409184,1.37245,SVN,MKD,722691
2658547,15,189,8348,1996,35026.0,0.0,1.9216669999999998,0.659388,AUT,SCG,722691
2658548,26,189,8348,1996,0.0,26785.0,0.679466,0.730425,BIH,SCG,722691
2658549,59,189,8348,1996,21080.0,0.0,1.401181,1.3094709999999998,CZE,SCG,722691
2658550,61,189,8348,1996,1562.0,0.0,2.279976,-2.572299,DEU,SCG,722691
2658551,102,189,8348,1996,15094.0,0.0,0.790036,1.891534,HUN,SCG,722691
2658552,111,189,8348,1996,55012.0,0.0,1.4674690000000001,1.263362,ITA,SCG,722691
2658553,186,189,8348,1996,950.0,0.0,0.900185,0.47723000000000004,RUS,SCG,722691
2658554,15,212,8348,1996,41863.0,0.0,1.9216669999999998,0.659388,AUT,SYR,722691
2658555,15,249,8348,1996,558155.0,0.0,1.9216669999999998,0.659388,AUT,TWN,722691
2658556,43,249,8348,1996,3679.0,118985.0,0.404422,3.061344,CHN,TWN,722691
2658557,61,249,8348,1996,89719.0,0.0,2.279976,-2.572299,DEU,TWN,722691
2658558,103,249,8348,1996,1565.0,18697.0,-0.43199899999999997,1.22074,IDN,TWN,722691
2658559,104,249,8348,1996,0.0,64551.0,0.20685599999999998,2.317622,IND,TWN,722691
2658560,114,249,8348,1996,17549884.0,41266.0,2.615364,0.5656939999999999,JPN,TWN,722691
2658561,121,249,8348,1996,75109.0,0.0,0.8946940000000001,1.240424,KOR,TWN,722691
2658562,153,249,8348,1996,0.0,37041.0,0.351774,0.347262,MYS,TWN,722691
2658563,192,249,8348,1996,0.0,8641.0,0.8354299999999999,0.41169799999999995,SGP,TWN,722691
2658564,208,249,8348,1996,154417.0,0.0,2.133781,0.9099889999999999,SWE,TWN,722691
2658565,216,249,8348,1996,0.0,24988.0,0.10120599999999999,1.351967,THA,TWN,722691
2658566,39,250,8348,1996,0.0,2755.0,1.155706,1.1127049999999998,CAN,ANS,722691
2658567,59,250,8348,1996,0.0,6642.0,1.401181,1.3094709999999998,CZE,ANS,722691
2658568,102,250,8348,1996,4000.0,0.0,0.790036,1.891534,HUN,ANS,722691
2658569,138,250,8348,1996,0.0,15619.0,0.651949,0.9132170000000001,MEX,ANS,722691
2658570,177,250,8348,1996,0.0,53013.0,0.795489,1.9004729999999999,POL,ANS,722691
2658571,71,54,8348,1996,34396.0,0.0,1.105317,1.9473,ESP,CUB,722691
2658572,15,168,8348,1996,9069.0,0.0,1.9216669999999998,0.659388,AUT,PAK,722691
2658573,81,168,8348,1996,446480.0,0.0,1.850284,0.883084,GBR,PAK,722691
2658574,104,168,8348,1996,7084.0,0.0,0.20685599999999998,2.317622,IND,PAK,722691
2658575,15,178,8348,1996,844649.0,0.0,1.9216669999999998,0.659388,AUT,PRK,722691
2658576,43,239,8348,1996,8810.0,0.0,0.404422,3.061344,CHN,VNM,722691
2658577,114,239,8348,1996,166899.0,0.0,2.615364,0.5656939999999999,JPN,VNM,722691
2658578,186,239,8348,1996,1001.0,0.0,0.900185,0.47723000000000004,RUS,VNM,722691
2658579,93,29,8348,1996,7035.0,0.0,-0.332901,0.23790300000000003,GTM,BLZ,722691
2658580,8,31,8348,1996,11108.0,0.0,0.167081,0.433612,ARG,BOL,722691
2658581,15,31,8348,1996,782.0,0.0,1.9216669999999998,0.659388,AUT,BOL,722691
2658582,32,31,8348,1996,31185.0,0.0,0.699658,1.271724,BRA,BOL,722691
2658583,173,31,8348,1996,7739.0,0.0,-0.43761000000000005,-0.28077399999999997,PER,BOL,722691
2658584,81,112,8348,1996,2226.0,0.0,1.850284,0.883084,GBR,JAM,722691
2658585,93,160,8348,1996,75160.0,0.0,-0.332901,0.23790300000000003,GTM,NIC,722691
2658586,186,160,8348,1996,56339.0,0.0,0.900185,0.47723000000000004,RUS,NIC,722691
2658587,15,197,8348,1996,3953.0,0.0,1.9216669999999998,0.659388,AUT,SLV,722691
2658588,93,197,8348,1996,264323.0,0.0,-0.332901,0.23790300000000003,GTM,SLV,722691
2658589,111,197,8348,1996,20602.0,0.0,1.4674690000000001,1.263362,ITA,SLV,722691
2658590,138,197,8348,1996,3907.0,0.0,0.651949,0.9132170000000001,MEX,SLV,722691
2658591,208,197,8348,1996,1215.0,0.0,2.133781,0.9099889999999999,SWE,SLV,722691
2658592,81,87,8348,1996,2129.0,0.0,1.850284,0.883084,GBR,GMB,722691
2658593,64,109,8348,1996,1732.0,0.0,1.443514,1.275684,DNK,ISL,722691
2658594,208,109,8348,1996,17272.0,0.0,2.133781,0.9099889999999999,SWE,ISL,722691
2658595,246,151,8348,1996,2049.0,0.0,0.456593,1.150786,ZAF,MUS,722691
2658596,81,159,8348,1996,5000.0,0.0,1.850284,0.883084,GBR,NGA,722691
2658597,104,159,8348,1996,29934.0,0.0,0.20685599999999998,2.317622,IND,NGA,722691
2658598,61,187,8348,1996,1450.0,0.0,2.279976,-2.572299,DEU,RWA,722691
2658599,246,211,8348,1996,12587.0,0.0,0.456593,1.150786,ZAF,SYC,722691
2658600,74,226,8348,1996,5051.0,0.0,2.0584729999999998,1.006908,FIN,TZA,722691
2658601,61,2,8348,1996,23137.0,0.0,2.279976,-2.572299,DEU,AGO,722691
2658602,90,4,8348,1996,10548.0,0.0,0.271386,1.042608,GRC,ALB,722691
2658603,15,7,8348,1996,8612.0,0.0,1.9216669999999998,0.659388,AUT,ARE,722691
2658604,61,7,8348,1996,8333.0,0.0,2.279976,-2.572299,DEU,ARE,722691
2658605,208,7,8348,1996,43748.0,0.0,2.133781,0.9099889999999999,SWE,ARE,722691
2658606,100,26,8348,1996,4343.0,0.0,0.772706,1.1075270000000002,HRV,BIH,722691
2658607,189,26,8348,1996,26785.0,0.0,0.786293,2.20126,SCG,BIH,722691
2658608,207,26,8348,1996,2301.0,0.0,1.409184,1.37245,SVN,BIH,722691
2658609,61,28,8348,1996,58575.0,0.0,2.279976,-2.572299,DEU,BLR,722691
2658610,130,28,8348,1996,0.0,1000.0,0.40520500000000004,0.9465950000000001,LTU,BLR,722691
2658611,228,28,8348,1996,0.0,3409.0,0.896537,0.9241459999999999,UKR,BLR,722691
2658612,192,34,8348,1996,3283.0,0.0,0.8354299999999999,0.41169799999999995,SGP,BRN,722691
2658613,186,115,8348,1996,154105.0,0.0,0.900185,0.47723000000000004,RUS,KAZ,722691
2658614,104,116,8348,1996,2187.0,0.0,0.20685599999999998,2.317622,IND,KEN,722691
2658615,208,116,8348,1996,6879.0,0.0,2.133781,0.9099889999999999,SWE,KEN,722691
2658616,61,126,8348,1996,3879.0,0.0,2.279976,-2.572299,DEU,LBY,722691
2658617,81,126,8348,1996,26923.0,0.0,1.850284,0.883084,GBR,LBY,722691
2658618,77,148,8348,1996,15662.0,0.0,1.69082,0.721312,FRA,MRT,722691
2658619,186,232,8348,1996,38682.0,0.0,0.900185,0.47723000000000004,RUS,UZB,722691
2658620,216,118,8348,1996,3808.0,0.0,0.10120599999999999,1.351967,THA,KHM,722691
2658621,216,123,8348,1996,2023.0,0.0,0.10120599999999999,1.351967,THA,LAO,722691
2658622,104,164,8348,1996,80973.0,0.0,0.20685599999999998,2.317622,IND,NPL,722691
2658623,192,176,8348,1996,7854.0,0.0,0.8354299999999999,0.41169799999999995,SGP,PNG,722691
2658624,7,15,8356,1996,0.0,12429.0,-0.245358,-0.726695,ARE,AUT,722830
2658625,8,15,8356,1996,0.0,116812.0,0.167081,0.433612,ARG,AUT,722830
2658626,14,15,8356,1996,42772.0,1442544.0,0.369697,0.78069,AUS,AUT,722830
2658627,18,15,8356,1996,17608.0,625996.0,1.549312,1.273767,BEL,AUT,722830
2658628,23,15,8356,1996,0.0,44940.0,0.544265,1.523408,BGR,AUT,722830
2658629,24,15,8356,1996,0.0,1426.0,-0.062207000000000005,-0.840398,BHR,AUT,722830
2658630,26,15,8356,1996,5952.0,0.0,0.679466,0.730425,BIH,AUT,722830
2658631,32,15,8356,1996,1739.0,708665.0,0.699658,1.271724,BRA,AUT,722830
2658632,39,15,8356,1996,0.0,456942.0,1.155706,1.1127049999999998,CAN,AUT,722830
2658633,41,15,8356,1996,359132.0,1699302.0,2.246238,0.603288,CHE,AUT,722830
2658634,42,15,8356,1996,0.0,100355.0,-0.052811000000000004,-0.169464,CHL,AUT,722830
2658635,43,15,8356,1996,1464.0,0.0,0.404422,3.061344,CHN,AUT,722830
2658636,49,15,8356,1996,0.0,11911.0,0.136487,0.078743,COL,AUT,722830
2658637,52,15,8356,1996,0.0,1782.0,-0.34219499999999997,0.12221900000000001,CRI,AUT,722830
2658638,58,15,8356,1996,0.0,35334.0,0.20007,0.020590999999999998,CYP,AUT,722830
2658639,59,15,8356,1996,533830.0,1587458.0,1.401181,1.3094709999999998,CZE,AUT,722830
2658640,61,15,8356,1996,23659814.0,17007280.0,2.279976,-2.572299,DEU,AUT,722830
2658641,64,15,8356,1996,1685.0,192527.0,1.443514,1.275684,DNK,AUT,722830
2658642,66,15,8356,1996,0.0,11362.0,-0.33419699999999997,-1.035736,DZA,AUT,722830
2658643,67,15,8356,1996,0.0,7659.0,-1.1391200000000001,-0.992735,ECU,AUT,722830
2658644,68,15,8356,1996,0.0,396183.0,-0.5446409999999999,-0.229586,EGY,AUT,722830
2658645,71,15,8356,1996,355633.0,2685456.0,1.105317,1.9473,ESP,AUT,722830
2658646,74,15,8356,1996,137031.0,1565852.0,2.0584729999999998,1.006908,FIN,AUT,722830
2658647,77,15,8356,1996,272924.0,1553627.0,1.69082,0.721312,FRA,AUT,722830
2658648,81,15,8356,1996,30769.0,922483.0,1.850284,0.883084,GBR,AUT,722830
2658649,90,15,8356,1996,0.0,229599.0,0.271386,1.042608,GRC,AUT,722830
2658650,93,15,8356,1996,0.0,9894.0,-0.332901,0.23790300000000003,GTM,AUT,722830
2658651,97,15,8356,1996,0.0,541063.0,0.54364,2.727659,HKG,AUT,722830
2658652,99,15,8356,1996,0.0,2888.0,-0.69357,-0.48721400000000004,HND,AUT,722830
2658653,100,15,8356,1996,0.0,101946.0,0.772706,1.1075270000000002,HRV,AUT,722830
2658654,102,15,8356,1996,1821695.0,1145392.0,0.790036,1.891534,HUN,AUT,722830
2658655,103,15,8356,1996,0.0,596591.0,-0.43199899999999997,1.22074,IDN,AUT,722830
2658656,104,15,8356,1996,0.0,1557372.0,0.20685599999999998,2.317622,IND,AUT,722830
2658657,106,15,8356,1996,0.0,1828.0,1.386011,0.9232100000000001,IRL,AUT,722830
2658658,107,15,8356,1996,0.0,362548.0,-0.7496649999999999,-1.1173520000000001,IRN,AUT,722830
2658659,110,15,8356,1996,0.0,60264.0,1.054975,1.072965,ISR,AUT,722830
2658660,111,15,8356,1996,5344550.0,9538864.0,1.4674690000000001,1.263362,ITA,AUT,722830
2658661,114,15,8356,1996,0.0,11830.0,2.615364,0.5656939999999999,JPN,AUT,722830
2658662,121,15,8356,1996,9028.0,21143.0,0.8946940000000001,1.240424,KOR,AUT,722830
2658663,122,15,8356,1996,0.0,9701.0,-0.27174499999999996,-1.098243,KWT,AUT,722830
2658664,124,15,8356,1996,0.0,27617.0,-0.051973,0.002154,LBN,AUT,722830
2658665,134,15,8356,1996,0.0,39203.0,-0.67314,-0.241242,MAR,AUT,722830
2658666,138,15,8356,1996,0.0,22254.0,0.651949,0.9132170000000001,MEX,AUT,722830
2658667,140,15,8356,1996,0.0,45928.0,0.316133,0.933068,MKD,AUT,722830
2658668,153,15,8356,1996,0.0,21593.0,0.351774,0.347262,MYS,AUT,722830
2658669,162,15,8356,1996,232790.0,544079.0,1.256625,1.803132,NLD,AUT,722830
2658670,163,15,8356,1996,0.0,521555.0,1.204869,0.303062,NOR,AUT,722830
2658671,166,15,8356,1996,0.0,15028.0,0.49466099999999996,0.8302879999999999,NZL,AUT,722830
2658672,168,15,8356,1996,0.0,175578.0,-0.7543300000000001,-0.393654,PAK,AUT,722830
2658673,173,15,8356,1996,0.0,21789.0,-0.43761000000000005,-0.28077399999999997,PER,AUT,722830
2658674,174,15,8356,1996,0.0,159574.0,-0.276548,0.344986,PHL,AUT,722830
2658675,177,15,8356,1996,67776.0,183510.0,0.795489,1.9004729999999999,POL,AUT,722830
2658676,179,15,8356,1996,0.0,626082.0,0.39343,1.170144,PRT,AUT,722830
2658677,185,15,8356,1996,24510.0,51806.0,0.612035,0.880964,ROU,AUT,722830
2658678,186,15,8356,1996,266190.0,208254.0,0.900185,0.47723000000000004,RUS,AUT,722830
2658679,188,15,8356,1996,0.0,32801.0,0.215265,-0.8577309999999999,SAU,AUT,722830
2658680,189,15,8356,1996,0.0,205950.0,0.786293,2.20126,SCG,AUT,722830
2658681,192,15,8356,1996,0.0,9033.0,0.8354299999999999,0.41169799999999995,SGP,AUT,722830
2658682,196,15,8356,1996,18225.0,0.0,0.208166,-0.386648,SLE,AUT,722830
2658683,197,15,8356,1996,0.0,10823.0,-0.24968800000000002,-0.121995,SLV,AUT,722830
2658684,199,15,8356,1996,32973.0,0.0,-1.622968,-0.912907,SOM,AUT,722830
2658685,206,15,8356,1996,8182.0,224474.0,1.189398,1.29167,SVK,AUT,722830
2658686,207,15,8356,1996,2949840.0,748070.0,1.409184,1.37245,SVN,AUT,722830
2658687,208,15,8356,1996,2073990.0,5185240.0,2.133781,0.9099889999999999,SWE,AUT,722830
2658688,212,15,8356,1996,0.0,56571.0,-1.100666,-0.90038,SYR,AUT,722830
2658689,216,15,8356,1996,0.0,238652.0,0.10120599999999999,1.351967,THA,AUT,722830
2658690,223,15,8356,1996,0.0,22152.0,-0.28546,-0.089051,TUN,AUT,722830
2658691,224,15,8356,1996,80564.0,1329233.0,0.156866,1.554023,TUR,AUT,722830
2658692,228,15,8356,1996,5936.0,2010.0,0.896537,0.9241459999999999,UKR,AUT,722830
2658693,230,15,8356,1996,0.0,28429.0,0.171541,0.313934,URY,AUT,722830
2658694,231,15,8356,1996,14824.0,7664662.0,1.7110560000000001,1.125141,USA,AUT,722830
2658695,236,15,8356,1996,0.0,70683.0,0.07086100000000001,-0.761307,VEN,AUT,722830
2658696,246,15,8356,1996,0.0,779001.0,0.456593,1.150786,ZAF,AUT,722830
2658697,249,15,8356,1996,35403.0,820622.0,1.432225,1.675389,TWN,AUT,722830
2658698,8,18,8356,1996,0.0,16780.0,0.167081,0.433612,ARG,BEL,722830
2658699,14,18,8356,1996,97395.0,0.0,0.369697,0.78069,AUS,BEL,722830
2658700,15,18,8356,1996,625996.0,17608.0,1.9216669999999998,0.659388,AUT,BEL,722830
2658701,32,18,8356,1996,616024.0,0.0,0.699658,1.271724,BRA,BEL,722830
2658702,41,18,8356,1996,55205.0,1725.0,2.246238,0.603288,CHE,BEL,722830
2658703,42,18,8356,1996,0.0,37420.0,-0.052811000000000004,-0.169464,CHL,BEL,722830
2658704,43,18,8356,1996,635772.0,0.0,0.404422,3.061344,CHN,BEL,722830
2658705,45,18,8356,1996,0.0,8712.0,-1.4036309999999999,-1.090633,CMR,BEL,722830
2658706,46,18,8356,1996,0.0,15935.0,-1.2167,-1.086508,COD,BEL,722830
2658707,59,18,8356,1996,107885.0,0.0,1.401181,1.3094709999999998,CZE,BEL,722830
2658708,61,18,8356,1996,8377240.0,1026654.0,2.279976,-2.572299,DEU,BEL,722830
2658709,66,18,8356,1996,0.0,13167.0,-0.33419699999999997,-1.035736,DZA,BEL,722830
2658710,67,18,8356,1996,0.0,1498.0,-1.1391200000000001,-0.992735,ECU,BEL,722830
2658711,71,18,8356,1996,1480204.0,8166.0,1.105317,1.9473,ESP,BEL,722830
2658712,74,18,8356,1996,84679.0,44702.0,2.0584729999999998,1.006908,FIN,BEL,722830
2658713,77,18,8356,1996,6924233.0,1916596.0,1.69082,0.721312,FRA,BEL,722830
2658714,81,18,8356,1996,2348086.0,173510.0,1.850284,0.883084,GBR,BEL,722830
2658715,97,18,8356,1996,0.0,62783.0,0.54364,2.727659,HKG,BEL,722830
2658716,102,18,8356,1996,0.0,7947.0,0.790036,1.891534,HUN,BEL,722830
2658717,103,18,8356,1996,0.0,30328.0,-0.43199899999999997,1.22074,IDN,BEL,722830
2658718,104,18,8356,1996,0.0,33900.0,0.20685599999999998,2.317622,IND,BEL,722830
2658719,110,18,8356,1996,0.0,150447.0,1.054975,1.072965,ISR,BEL,722830
2658720,111,18,8356,1996,603336.0,105466.0,1.4674690000000001,1.263362,ITA,BEL,722830
2658721,134,18,8356,1996,0.0,140346.0,-0.67314,-0.241242,MAR,BEL,722830
2658722,148,18,8356,1996,0.0,104997.0,-1.352902,-1.19204,MRT,BEL,722830
2658723,153,18,8356,1996,0.0,12015.0,0.351774,0.347262,MYS,BEL,722830
2658724,162,18,8356,1996,1082372.0,521365.0,1.256625,1.803132,NLD,BEL,722830
2658725,163,18,8356,1996,0.0,8808.0,1.204869,0.303062,NOR,BEL,722830
2658726,173,18,8356,1996,0.0,2853.0,-0.43761000000000005,-0.28077399999999997,PER,BEL,722830
2658727,174,18,8356,1996,0.0,59487.0,-0.276548,0.344986,PHL,BEL,722830
2658728,177,18,8356,1996,51724.0,95027.0,0.795489,1.9004729999999999,POL,BEL,722830
2658729,179,18,8356,1996,0.0,702841.0,0.39343,1.170144,PRT,BEL,722830
2658730,185,18,8356,1996,0.0,22043.0,0.612035,0.880964,ROU,BEL,722830
2658731,186,18,8356,1996,43682.0,0.0,0.900185,0.47723000000000004,RUS,BEL,722830
2658732,188,18,8356,1996,0.0,9154.0,0.215265,-0.8577309999999999,SAU,BEL,722830
2658733,197,18,8356,1996,0.0,2580.0,-0.24968800000000002,-0.121995,SLV,BEL,722830
2658734,206,18,8356,1996,0.0,8653.0,1.189398,1.29167,SVK,BEL,722830
2658735,208,18,8356,1996,716057.0,0.0,2.133781,0.9099889999999999,SWE,BEL,722830
2658736,216,18,8356,1996,0.0,6621.0,0.10120599999999999,1.351967,THA,BEL,722830
2658737,222,18,8356,1996,0.0,6733.0,0.19111,-0.488382,TTO,BEL,722830
2658738,223,18,8356,1996,0.0,25808.0,-0.28546,-0.089051,TUN,BEL,722830
2658739,224,18,8356,1996,270267.0,5755.0,0.156866,1.554023,TUR,BEL,722830
2658740,226,18,8356,1996,0.0,57279.0,-1.391534,-0.907436,TZA,BEL,722830
2658741,228,18,8356,1996,63648.0,0.0,0.896537,0.9241459999999999,UKR,BEL,722830
2658742,231,18,8356,1996,17102.0,0.0,1.7110560000000001,1.125141,USA,BEL,722830
2658743,236,18,8356,1996,0.0,18590.0,0.07086100000000001,-0.761307,VEN,BEL,722830
2658744,246,18,8356,1996,0.0,18184.0,0.456593,1.150786,ZAF,BEL,722830
2658745,8,32,8356,1996,75380.0,4750826.0,0.167081,0.433612,ARG,BRA,722830
2658746,14,32,8356,1996,0.0,66615.0,0.369697,0.78069,AUS,BRA,722830
2658747,15,32,8356,1996,708665.0,1739.0,1.9216669999999998,0.659388,AUT,BRA,722830
2658748,18,32,8356,1996,0.0,616024.0,1.549312,1.273767,BEL,BRA,722830
2658749,31,32,8356,1996,0.0,22520.0,-0.589432,-0.7781,BOL,BRA,722830
2658750,39,32,8356,1996,6254477.0,69856.0,1.155706,1.1127049999999998,CAN,BRA,722830
2658751,42,32,8356,1996,0.0,2136995.0,-0.052811000000000004,-0.169464,CHL,BRA,722830
2658752,49,32,8356,1996,0.0,1639864.0,0.136487,0.078743,COL,BRA,722830
2658753,52,32,8356,1996,0.0,8579.0,-0.34219499999999997,0.12221900000000001,CRI,BRA,722830
2658754,59,32,8356,1996,47083.0,0.0,1.401181,1.3094709999999998,CZE,BRA,722830
2658755,61,32,8356,1996,2663578.0,389684.0,2.279976,-2.572299,DEU,BRA,722830
2658756,65,32,8356,1996,0.0,17386.0,-0.596093,-0.5602060000000001,DOM,BRA,722830
2658757,67,32,8356,1996,0.0,52463.0,-1.1391200000000001,-0.992735,ECU,BRA,722830
2658758,71,32,8356,1996,0.0,19819.0,1.105317,1.9473,ESP,BRA,722830
2658759,77,32,8356,1996,50476.0,1905373.0,1.69082,0.721312,FRA,BRA,722830
2658760,81,32,8356,1996,16737.0,0.0,1.850284,0.883084,GBR,BRA,722830
2658761,93,32,8356,1996,0.0,48134.0,-0.332901,0.23790300000000003,GTM,BRA,722830
2658762,97,32,8356,1996,0.0,25143.0,0.54364,2.727659,HKG,BRA,722830
2658763,102,32,8356,1996,0.0,910082.0,0.790036,1.891534,HUN,BRA,722830
2658764,103,32,8356,1996,0.0,1521414.0,-0.43199899999999997,1.22074,IDN,BRA,722830
2658765,104,32,8356,1996,0.0,150661.0,0.20685599999999998,2.317622,IND,BRA,722830
2658766,107,32,8356,1996,0.0,1968205.0,-0.7496649999999999,-1.1173520000000001,IRN,BRA,722830
2658767,111,32,8356,1996,24324.0,1506793.0,1.4674690000000001,1.263362,ITA,BRA,722830
2658768,114,32,8356,1996,42627.0,0.0,2.615364,0.5656939999999999,JPN,BRA,722830
2658769,138,32,8356,1996,10866.0,1002641.0,0.651949,0.9132170000000001,MEX,BRA,722830
2658770,162,32,8356,1996,51687.0,430131.0,1.256625,1.803132,NLD,BRA,722830
2658771,166,32,8356,1996,0.0,16520.0,0.49466099999999996,0.8302879999999999,NZL,BRA,722830
2658772,168,32,8356,1996,0.0,725578.0,-0.7543300000000001,-0.393654,PAK,BRA,722830
2658773,173,32,8356,1996,0.0,786359.0,-0.43761000000000005,-0.28077399999999997,PER,BRA,722830
2658774,174,32,8356,1996,0.0,490413.0,-0.276548,0.344986,PHL,BRA,722830
2658775,179,32,8356,1996,0.0,185386.0,0.39343,1.170144,PRT,BRA,722830
2658776,180,32,8356,1996,0.0,20374.0,-0.506178,-0.712851,PRY,BRA,722830
2658777,185,32,8356,1996,4565.0,0.0,0.612035,0.880964,ROU,BRA,722830
2658778,189,32,8356,1996,0.0,13249.0,0.786293,2.20126,SCG,BRA,722830
2658779,192,32,8356,1996,0.0,165527.0,0.8354299999999999,0.41169799999999995,SGP,BRA,722830
2658780,197,32,8356,1996,0.0,8859.0,-0.24968800000000002,-0.121995,SLV,BRA,722830
2658781,207,32,8356,1996,0.0,43174.0,1.409184,1.37245,SVN,BRA,722830
2658782,208,32,8356,1996,46794.0,0.0,2.133781,0.9099889999999999,SWE,BRA,722830
2658783,224,32,8356,1996,0.0,17137.0,0.156866,1.554023,TUR,BRA,722830
2658784,230,32,8356,1996,0.0,439946.0,0.171541,0.313934,URY,BRA,722830
2658785,231,32,8356,1996,1903942.0,7753750.0,1.7110560000000001,1.125141,USA,BRA,722830
2658786,236,32,8356,1996,0.0,4072152.0,0.07086100000000001,-0.761307,VEN,BRA,722830
2658787,249,32,8356,1996,0.0,178909.0,1.432225,1.675389,TWN,BRA,722830
2658788,250,32,8356,1996,2703.0,0.0,1.084978,0.901755,ANS,BRA,722830
2658789,14,43,8356,1996,100497.0,66379.0,0.369697,0.78069,AUS,CHN,722830
2658790,15,43,8356,1996,0.0,1464.0,1.9216669999999998,0.659388,AUT,CHN,722830
2658791,18,43,8356,1996,0.0,635772.0,1.549312,1.273767,BEL,CHN,722830
2658792,39,43,8356,1996,0.0,79117.0,1.155706,1.1127049999999998,CAN,CHN,722830
2658793,44,43,8356,1996,0.0,28523.0,-0.8720459999999999,-0.7904479999999999,CIV,CHN,722830
2658794,61,43,8356,1996,2490645.0,134783.0,2.279976,-2.572299,DEU,CHN,722830
2658795,77,43,8356,1996,58854.0,402199.0,1.69082,0.721312,FRA,CHN,722830
2658796,81,43,8356,1996,0.0,897858.0,1.850284,0.883084,GBR,CHN,722830
2658797,97,43,8356,1996,703808.0,271934.0,0.54364,2.727659,HKG,CHN,722830
2658798,103,43,8356,1996,0.0,82438.0,-0.43199899999999997,1.22074,IDN,CHN,722830
2658799,104,43,8356,1996,0.0,327157.0,0.20685599999999998,2.317622,IND,CHN,722830
2658800,111,43,8356,1996,0.0,49022.0,1.4674690000000001,1.263362,ITA,CHN,722830
2658801,114,43,8356,1996,4008776.0,343519.0,2.615364,0.5656939999999999,JPN,CHN,722830
2658802,121,43,8356,1996,549568.0,355316.0,0.8946940000000001,1.240424,KOR,CHN,722830
2658803,138,43,8356,1996,0.0,73922.0,0.651949,0.9132170000000001,MEX,CHN,722830
2658804,143,43,8356,1996,0.0,136810.0,-1.556357,-1.078395,MMR,CHN,722830
2658805,145,43,8356,1996,5804.0,0.0,-0.18177000000000001,-0.8212280000000001,MNG,CHN,722830
2658806,153,43,8356,1996,0.0,50769.0,0.351774,0.347262,MYS,CHN,722830
2658807,162,43,8356,1996,0.0,38130.0,1.256625,1.803132,NLD,CHN,722830
2658808,168,43,8356,1996,0.0,334864.0,-0.7543300000000001,-0.393654,PAK,CHN,722830
2658809,174,43,8356,1996,0.0,31402.0,-0.276548,0.344986,PHL,CHN,722830
2658810,185,43,8356,1996,0.0,1718.0,0.612035,0.880964,ROU,CHN,722830
2658811,186,43,8356,1996,4833023.0,0.0,0.900185,0.47723000000000004,RUS,CHN,722830
2658812,192,43,8356,1996,32321.0,23736.0,0.8354299999999999,0.41169799999999995,SGP,CHN,722830
2658813,208,43,8356,1996,119841.0,0.0,2.133781,0.9099889999999999,SWE,CHN,722830
2658814,216,43,8356,1996,0.0,2730231.0,0.10120599999999999,1.351967,THA,CHN,722830
2658815,228,43,8356,1996,315937.0,0.0,0.896537,0.9241459999999999,UKR,CHN,722830
2658816,231,43,8356,1996,33691.0,2346594.0,1.7110560000000001,1.125141,USA,CHN,722830
2658817,239,43,8356,1996,0.0,250579.0,-0.9336469999999999,-0.10985199999999999,VNM,CHN,722830
2658818,249,43,8356,1996,521736.0,2490071.0,1.432225,1.675389,TWN,CHN,722830
2658819,250,43,8356,1996,23138.0,0.0,1.084978,0.901755,ANS,CHN,722830
2658820,15,49,8356,1996,11911.0,0.0,1.9216669999999998,0.659388,AUT,COL,722830
2658821,32,49,8356,1996,1639864.0,0.0,0.699658,1.271724,BRA,COL,722830
2658822,39,49,8356,1996,0.0,5345.0,1.155706,1.1127049999999998,CAN,COL,722830
2658823,42,49,8356,1996,0.0,65316.0,-0.052811000000000004,-0.169464,CHL,COL,722830
2658824,59,49,8356,1996,37665.0,0.0,1.401181,1.3094709999999998,CZE,COL,722830
2658825,61,49,8356,1996,299363.0,0.0,2.279976,-2.572299,DEU,COL,722830
2658826,67,49,8356,1996,0.0,510802.0,-1.1391200000000001,-0.992735,ECU,COL,722830
2658827,71,49,8356,1996,47273.0,0.0,1.105317,1.9473,ESP,COL,722830
2658828,74,49,8356,1996,18469.0,0.0,2.0584729999999998,1.006908,FIN,COL,722830
2658829,77,49,8356,1996,56180.0,0.0,1.69082,0.721312,FRA,COL,722830
2658830,81,49,8356,1996,453975.0,0.0,1.850284,0.883084,GBR,COL,722830
2658831,104,49,8356,1996,122219.0,0.0,0.20685599999999998,2.317622,IND,COL,722830
2658832,114,49,8356,1996,155119.0,0.0,2.615364,0.5656939999999999,JPN,COL,722830
2658833,138,49,8356,1996,50549.0,18745.0,0.651949,0.9132170000000001,MEX,COL,722830
2658834,162,49,8356,1996,1937.0,0.0,1.256625,1.803132,NLD,COL,722830
2658835,169,49,8356,1996,0.0,2049.0,-0.100537,-0.374129,PAN,COL,722830
2658836,173,49,8356,1996,1630.0,22862.0,-0.43761000000000005,-0.28077399999999997,PER,COL,722830
2658837,177,49,8356,1996,36827.0,0.0,0.795489,1.9004729999999999,POL,COL,722830
2658838,206,49,8356,1996,3569.0,0.0,1.189398,1.29167,SVK,COL,722830
2658839,208,49,8356,1996,213570.0,0.0,2.133781,0.9099889999999999,SWE,COL,722830
2658840,231,49,8356,1996,7535.0,0.0,1.7110560000000001,1.125141,USA,COL,722830
2658841,236,49,8356,1996,347805.0,1654506.0,0.07086100000000001,-0.761307,VEN,COL,722830
2658842,15,52,8356,1996,1782.0,0.0,1.9216669999999998,0.659388,AUT,CRI,722830
2658843,32,52,8356,1996,8579.0,0.0,0.699658,1.271724,BRA,CRI,722830
2658844,99,52,8356,1996,0.0,5442.0,-0.69357,-0.48721400000000004,HND,CRI,722830
2658845,162,52,8356,1996,11008.0,0.0,1.256625,1.803132,NLD,CRI,722830
2658846,208,52,8356,1996,25530.0,0.0,2.133781,0.9099889999999999,SWE,CRI,722830
2658847,231,52,8356,1996,103379.0,0.0,1.7110560000000001,1.125141,USA,CRI,722830
2658848,7,61,8356,1996,0.0,421537.0,-0.245358,-0.726695,ARE,DEU,722830
2658849,8,61,8356,1996,0.0,94897.0,0.167081,0.433612,ARG,DEU,722830
2658850,14,61,8356,1996,35036.0,586875.0,0.369697,0.78069,AUS,DEU,722830
2658851,15,61,8356,1996,17007280.0,23659814.0,1.9216669999999998,0.659388,AUT,DEU,722830
2658852,18,61,8356,1996,1026654.0,8377240.0,1.549312,1.273767,BEL,DEU,722830
2658853,23,61,8356,1996,506393.0,137373.0,0.544265,1.523408,BGR,DEU,722830
2658854,31,61,8356,1996,0.0,3202.0,-0.589432,-0.7781,BOL,DEU,722830
2658855,32,61,8356,1996,389684.0,2663578.0,0.699658,1.271724,BRA,DEU,722830
2658856,39,61,8356,1996,0.0,780465.0,1.155706,1.1127049999999998,CAN,DEU,722830
2658857,41,61,8356,1996,684700.0,11037464.0,2.246238,0.603288,CHE,DEU,722830
2658858,42,61,8356,1996,0.0,239387.0,-0.052811000000000004,-0.169464,CHL,DEU,722830
2658859,43,61,8356,1996,134783.0,2490645.0,0.404422,3.061344,CHN,DEU,722830
2658860,44,61,8356,1996,0.0,5576.0,-0.8720459999999999,-0.7904479999999999,CIV,DEU,722830
2658861,45,61,8356,1996,0.0,16699.0,-1.4036309999999999,-1.090633,CMR,DEU,722830
2658862,49,61,8356,1996,0.0,299363.0,0.136487,0.078743,COL,DEU,722830
2658863,58,61,8356,1996,0.0,5816.0,0.20007,0.020590999999999998,CYP,DEU,722830
2658864,59,61,8356,1996,10292773.0,3750767.0,1.401181,1.3094709999999998,CZE,DEU,722830
2658865,64,61,8356,1996,52038.0,3310097.0,1.443514,1.275684,DNK,DEU,722830
2658866,65,61,8356,1996,0.0,11028.0,-0.596093,-0.5602060000000001,DOM,DEU,722830
2658867,66,61,8356,1996,0.0,148588.0,-0.33419699999999997,-1.035736,DZA,DEU,722830
2658868,67,61,8356,1996,0.0,105587.0,-1.1391200000000001,-0.992735,ECU,DEU,722830
2658869,68,61,8356,1996,0.0,363767.0,-0.5446409999999999,-0.229586,EGY,DEU,722830
2658870,71,61,8356,1996,14678260.0,2874862.0,1.105317,1.9473,ESP,DEU,722830
2658871,72,61,8356,1996,0.0,3172.0,0.53397,1.0877940000000001,EST,DEU,722830
2658872,74,61,8356,1996,17251278.0,2825335.0,2.0584729999999998,1.006908,FIN,DEU,722830
2658873,77,61,8356,1996,78412632.0,44587048.0,1.69082,0.721312,FRA,DEU,722830
2658874,81,61,8356,1996,12686667.0,6044019.0,1.850284,0.883084,GBR,DEU,722830
2658875,83,61,8356,1996,0.0,31405.0,-1.035244,-0.9834129999999999,GHA,DEU,722830
2658876,90,61,8356,1996,0.0,234337.0,0.271386,1.042608,GRC,DEU,722830
2658877,93,61,8356,1996,0.0,10098.0,-0.332901,0.23790300000000003,GTM,DEU,722830
2658878,97,61,8356,1996,50493.0,1721800.0,0.54364,2.727659,HKG,DEU,722830
2658879,100,61,8356,1996,0.0,293990.0,0.772706,1.1075270000000002,HRV,DEU,722830
2658880,102,61,8356,1996,903158.0,907701.0,0.790036,1.891534,HUN,DEU,722830
2658881,103,61,8356,1996,0.0,1241895.0,-0.43199899999999997,1.22074,IDN,DEU,722830
2658882,104,61,8356,1996,341310.0,630287.0,0.20685599999999998,2.317622,IND,DEU,722830
2658883,106,61,8356,1996,0.0,68841.0,1.386011,0.9232100000000001,IRL,DEU,722830
2658884,107,61,8356,1996,0.0,2318436.0,-0.7496649999999999,-1.1173520000000001,IRN,DEU,722830
2658885,109,61,8356,1996,0.0,27521.0,0.003558,-0.551796,ISL,DEU,722830
2658886,110,61,8356,1996,0.0,838654.0,1.054975,1.072965,ISR,DEU,722830
2658887,111,61,8356,1996,23612666.0,11036597.0,1.4674690000000001,1.263362,ITA,DEU,722830
2658888,113,61,8356,1996,0.0,29169.0,0.12203499999999999,-0.41859399999999997,JOR,DEU,722830
2658889,114,61,8356,1996,10156.0,1931.0,2.615364,0.5656939999999999,JPN,DEU,722830
2658890,116,61,8356,1996,0.0,13849.0,-0.468322,-0.017625,KEN,DEU,722830
2658891,121,61,8356,1996,0.0,325341.0,0.8946940000000001,1.240424,KOR,DEU,722830
2658892,122,61,8356,1996,0.0,54785.0,-0.27174499999999996,-1.098243,KWT,DEU,722830
2658893,124,61,8356,1996,0.0,158581.0,-0.051973,0.002154,LBN,DEU,722830
2658894,128,61,8356,1996,0.0,12085.0,-0.812763,-0.188722,LKA,DEU,722830
2658895,130,61,8356,1996,0.0,27564.0,0.40520500000000004,0.9465950000000001,LTU,DEU,722830
2658896,134,61,8356,1996,0.0,14628.0,-0.67314,-0.241242,MAR,DEU,722830
2658897,138,61,8356,1996,0.0,134345.0,0.651949,0.9132170000000001,MEX,DEU,722830
2658898,140,61,8356,1996,0.0,15463.0,0.316133,0.933068,MKD,DEU,722830
2658899,142,61,8356,1996,0.0,2992.0,0.8825440000000001,0.066541,MLT,DEU,722830
2658900,153,61,8356,1996,0.0,728736.0,0.351774,0.347262,MYS,DEU,722830
2658901,159,61,8356,1996,0.0,47059.0,-1.813359,-1.1967,NGA,DEU,722830
2658902,162,61,8356,1996,1318234.0,6607828.0,1.256625,1.803132,NLD,DEU,722830
2658903,163,61,8356,1996,7000.0,447920.0,1.204869,0.303062,NOR,DEU,722830
2658904,166,61,8356,1996,0.0,162817.0,0.49466099999999996,0.8302879999999999,NZL,DEU,722830
2658905,168,61,8356,1996,0.0,185776.0,-0.7543300000000001,-0.393654,PAK,DEU,722830
2658906,173,61,8356,1996,0.0,66198.0,-0.43761000000000005,-0.28077399999999997,PER,DEU,722830
2658907,174,61,8356,1996,0.0,497082.0,-0.276548,0.344986,PHL,DEU,722830
2658908,177,61,8356,1996,6513668.0,1014239.0,0.795489,1.9004729999999999,POL,DEU,722830
2658909,179,61,8356,1996,5720.0,278317.0,0.39343,1.170144,PRT,DEU,722830
2658910,185,61,8356,1996,797152.0,270955.0,0.612035,0.880964,ROU,DEU,722830
2658911,186,61,8356,1996,624666.0,3067.0,0.900185,0.47723000000000004,RUS,DEU,722830
2658912,188,61,8356,1996,0.0,155365.0,0.215265,-0.8577309999999999,SAU,DEU,722830
2658913,189,61,8356,1996,0.0,50713.0,0.786293,2.20126,SCG,DEU,722830
2658914,191,61,8356,1996,0.0,18313.0,-0.619785,-0.712171,SEN,DEU,722830
2658915,192,61,8356,1996,0.0,1667900.0,0.8354299999999999,0.41169799999999995,SGP,DEU,722830
2658916,197,61,8356,1996,0.0,8687.0,-0.24968800000000002,-0.121995,SLV,DEU,722830
2658917,206,61,8356,1996,6430.0,442804.0,1.189398,1.29167,SVK,DEU,722830
2658918,207,61,8356,1996,3649125.0,432598.0,1.409184,1.37245,SVN,DEU,722830
2658919,208,61,8356,1996,33532276.0,3644678.0,2.133781,0.9099889999999999,SWE,DEU,722830
2658920,212,61,8356,1996,0.0,7965.0,-1.100666,-0.90038,SYR,DEU,722830
2658921,216,61,8356,1996,0.0,1529120.0,0.10120599999999999,1.351967,THA,DEU,722830
2658922,223,61,8356,1996,0.0,16627.0,-0.28546,-0.089051,TUN,DEU,722830
2658923,224,61,8356,1996,1725129.0,1711600.0,0.156866,1.554023,TUR,DEU,722830
2658924,228,61,8356,1996,0.0,28896.0,0.896537,0.9241459999999999,UKR,DEU,722830
2658925,230,61,8356,1996,0.0,6917.0,0.171541,0.313934,URY,DEU,722830
2658926,231,61,8356,1996,1554953.0,1609747.0,1.7110560000000001,1.125141,USA,DEU,722830
2658927,236,61,8356,1996,0.0,178169.0,0.07086100000000001,-0.761307,VEN,DEU,722830
2658928,246,61,8356,1996,47840.0,521318.0,0.456593,1.150786,ZAF,DEU,722830
2658929,249,61,8356,1996,1976115.0,2548013.0,1.432225,1.675389,TWN,DEU,722830
2658930,250,61,8356,1996,0.0,19327.0,1.084978,0.901755,ANS,DEU,722830
2658931,15,64,8356,1996,192527.0,1685.0,1.9216669999999998,0.659388,AUT,DNK,722830
2658932,23,64,8356,1996,11772.0,11207.0,0.544265,1.523408,BGR,DNK,722830
2658933,59,64,8356,1996,33824.0,0.0,1.401181,1.3094709999999998,CZE,DNK,722830
2658934,61,64,8356,1996,3310097.0,52038.0,2.279976,-2.572299,DEU,DNK,722830
2658935,71,64,8356,1996,3179.0,0.0,1.105317,1.9473,ESP,DNK,722830
2658936,74,64,8356,1996,2561568.0,2851.0,2.0584729999999998,1.006908,FIN,DNK,722830
2658937,77,64,8356,1996,4541.0,7838.0,1.69082,0.721312,FRA,DNK,722830
2658938,81,64,8356,1996,265880.0,0.0,1.850284,0.883084,GBR,DNK,722830
2658939,109,64,8356,1996,0.0,1614.0,0.003558,-0.551796,ISL,DNK,722830
2658940,111,64,8356,1996,66751.0,0.0,1.4674690000000001,1.263362,ITA,DNK,722830
2658941,162,64,8356,1996,237881.0,0.0,1.256625,1.803132,NLD,DNK,722830
2658942,163,64,8356,1996,0.0,3840.0,1.204869,0.303062,NOR,DNK,722830
2658943,177,64,8356,1996,13551.0,16029.0,0.795489,1.9004729999999999,POL,DNK,722830
2658944,185,64,8356,1996,0.0,3695.0,0.612035,0.880964,ROU,DNK,722830
2658945,186,64,8356,1996,1251.0,5162.0,0.900185,0.47723000000000004,RUS,DNK,722830
2658946,206,64,8356,1996,0.0,847.0,1.189398,1.29167,SVK,DNK,722830
2658947,207,64,8356,1996,33211.0,0.0,1.409184,1.37245,SVN,DNK,722830
2658948,208,64,8356,1996,2783098.0,0.0,2.133781,0.9099889999999999,SWE,DNK,722830
2658949,32,65,8356,1996,17386.0,0.0,0.699658,1.271724,BRA,DOM,722830
2658950,61,65,8356,1996,11028.0,0.0,2.279976,-2.572299,DEU,DOM,722830
2658951,208,65,8356,1996,47808.0,0.0,2.133781,0.9099889999999999,SWE,DOM,722830
2658952,15,67,8356,1996,7659.0,0.0,1.9216669999999998,0.659388,AUT,ECU,722830
2658953,18,67,8356,1996,1498.0,0.0,1.549312,1.273767,BEL,ECU,722830
2658954,32,67,8356,1996,52463.0,0.0,0.699658,1.271724,BRA,ECU,722830
2658955,49,67,8356,1996,510802.0,0.0,0.136487,0.078743,COL,ECU,722830
2658956,59,67,8356,1996,2564.0,0.0,1.401181,1.3094709999999998,CZE,ECU,722830
2658957,61,67,8356,1996,105587.0,0.0,2.279976,-2.572299,DEU,ECU,722830
2658958,138,67,8356,1996,18031.0,0.0,0.651949,0.9132170000000001,MEX,ECU,722830
2658959,162,67,8356,1996,99695.0,0.0,1.256625,1.803132,NLD,ECU,722830
2658960,173,67,8356,1996,7405.0,0.0,-0.43761000000000005,-0.28077399999999997,PER,ECU,722830
2658961,177,67,8356,1996,4458.0,0.0,0.795489,1.9004729999999999,POL,ECU,722830
2658962,208,67,8356,1996,47390.0,0.0,2.133781,0.9099889999999999,SWE,ECU,722830
2658963,231,67,8356,1996,11907.0,0.0,1.7110560000000001,1.125141,USA,ECU,722830
2658964,14,71,8356,1996,0.0,399650.0,0.369697,0.78069,AUS,ESP,722830
2658965,15,71,8356,1996,2685456.0,355633.0,1.9216669999999998,0.659388,AUT,ESP,722830
2658966,18,71,8356,1996,8166.0,1480204.0,1.549312,1.273767,BEL,ESP,722830
2658967,32,71,8356,1996,19819.0,0.0,0.699658,1.271724,BRA,ESP,722830
2658968,39,71,8356,1996,0.0,702232.0,1.155706,1.1127049999999998,CAN,ESP,722830
2658969,41,71,8356,1996,17727.0,456379.0,2.246238,0.603288,CHE,ESP,722830
2658970,42,71,8356,1996,0.0,728001.0,-0.052811000000000004,-0.169464,CHL,ESP,722830
2658971,44,71,8356,1996,0.0,27369.0,-0.8720459999999999,-0.7904479999999999,CIV,ESP,722830
2658972,45,71,8356,1996,0.0,2430.0,-1.4036309999999999,-1.090633,CMR,ESP,722830
2658973,49,71,8356,1996,0.0,47273.0,0.136487,0.078743,COL,ESP,722830
2658974,54,71,8356,1996,0.0,149043.0,-0.555246,-1.0420479999999999,CUB,ESP,722830
2658975,59,71,8356,1996,315090.0,3441.0,1.401181,1.3094709999999998,CZE,ESP,722830
2658976,61,71,8356,1996,2874862.0,14678260.0,2.279976,-2.572299,DEU,ESP,722830
2658977,64,71,8356,1996,0.0,3179.0,1.443514,1.275684,DNK,ESP,722830
2658978,66,71,8356,1996,0.0,4255.0,-0.33419699999999997,-1.035736,DZA,ESP,722830
2658979,74,71,8356,1996,1235745.0,186484.0,2.0584729999999998,1.006908,FIN,ESP,722830
2658980,77,71,8356,1996,10248051.0,14384647.0,1.69082,0.721312,FRA,ESP,722830
2658981,81,71,8356,1996,298014.0,10646540.0,1.850284,0.883084,GBR,ESP,722830
2658982,90,71,8356,1996,0.0,380310.0,0.271386,1.042608,GRC,ESP,722830
2658983,103,71,8356,1996,0.0,204573.0,-0.43199899999999997,1.22074,IDN,ESP,722830
2658984,104,71,8356,1996,11420.0,0.0,0.20685599999999998,2.317622,IND,ESP,722830
2658985,110,71,8356,1996,0.0,387288.0,1.054975,1.072965,ISR,ESP,722830
2658986,111,71,8356,1996,6302107.0,10676755.0,1.4674690000000001,1.263362,ITA,ESP,722830
2658987,134,71,8356,1996,0.0,178556.0,-0.67314,-0.241242,MAR,ESP,722830
2658988,138,71,8356,1996,0.0,112143.0,0.651949,0.9132170000000001,MEX,ESP,722830
2658989,162,71,8356,1996,5802.0,1620402.0,1.256625,1.803132,NLD,ESP,722830
2658990,163,71,8356,1996,0.0,306923.0,1.204869,0.303062,NOR,ESP,722830
2658991,166,71,8356,1996,0.0,145433.0,0.49466099999999996,0.8302879999999999,NZL,ESP,722830
2658992,173,71,8356,1996,0.0,11239.0,-0.43761000000000005,-0.28077399999999997,PER,ESP,722830
2658993,177,71,8356,1996,491773.0,319570.0,0.795489,1.9004729999999999,POL,ESP,722830
2658994,179,71,8356,1996,2839.0,8071835.0,0.39343,1.170144,PRT,ESP,722830
2658995,188,71,8356,1996,0.0,90255.0,0.215265,-0.8577309999999999,SAU,ESP,722830
2658996,192,71,8356,1996,0.0,362489.0,0.8354299999999999,0.41169799999999995,SGP,ESP,722830
2658997,197,71,8356,1996,0.0,10665.0,-0.24968800000000002,-0.121995,SLV,ESP,722830
2658998,208,71,8356,1996,4734120.0,821811.0,2.133781,0.9099889999999999,SWE,ESP,722830
2658999,223,71,8356,1996,0.0,119679.0,-0.28546,-0.089051,TUN,ESP,722830
2659000,224,71,8356,1996,0.0,9531.0,0.156866,1.554023,TUR,ESP,722830
2659001,228,71,8356,1996,5919.0,0.0,0.896537,0.9241459999999999,UKR,ESP,722830
2659002,231,71,8356,1996,0.0,4073569.0,1.7110560000000001,1.125141,USA,ESP,722830
2659003,236,71,8356,1996,0.0,130978.0,0.07086100000000001,-0.761307,VEN,ESP,722830
2659004,249,71,8356,1996,0.0,307638.0,1.432225,1.675389,TWN,ESP,722830
2659005,14,74,8356,1996,0.0,6105.0,0.369697,0.78069,AUS,FIN,722830
2659006,15,74,8356,1996,1565852.0,137031.0,1.9216669999999998,0.659388,AUT,FIN,722830
2659007,18,74,8356,1996,44702.0,84679.0,1.549312,1.273767,BEL,FIN,722830
2659008,39,74,8356,1996,0.0,7486.0,1.155706,1.1127049999999998,CAN,FIN,722830
2659009,49,74,8356,1996,0.0,18469.0,0.136487,0.078743,COL,FIN,722830
2659010,59,74,8356,1996,17551.0,10582.0,1.401181,1.3094709999999998,CZE,FIN,722830
2659011,61,74,8356,1996,2825335.0,17251278.0,2.279976,-2.572299,DEU,FIN,722830
2659012,64,74,8356,1996,2851.0,2561568.0,1.443514,1.275684,DNK,FIN,722830
2659013,68,74,8356,1996,0.0,5249.0,-0.5446409999999999,-0.229586,EGY,FIN,722830
2659014,71,74,8356,1996,186484.0,1235745.0,1.105317,1.9473,ESP,FIN,722830
2659015,72,74,8356,1996,0.0,14762.0,0.53397,1.0877940000000001,EST,FIN,722830
2659016,77,74,8356,1996,761787.0,6417088.0,1.69082,0.721312,FRA,FIN,722830
2659017,81,74,8356,1996,195490.0,11679988.0,1.850284,0.883084,GBR,FIN,722830
2659018,102,74,8356,1996,0.0,73980.0,0.790036,1.891534,HUN,FIN,722830
2659019,111,74,8356,1996,0.0,4206.0,1.4674690000000001,1.263362,ITA,FIN,722830
2659020,121,74,8356,1996,0.0,68816.0,0.8946940000000001,1.240424,KOR,FIN,722830
2659021,138,74,8356,1996,0.0,3212.0,0.651949,0.9132170000000001,MEX,FIN,722830
2659022,162,74,8356,1996,114578.0,88674.0,1.256625,1.803132,NLD,FIN,722830
2659023,163,74,8356,1996,0.0,2193247.0,1.204869,0.303062,NOR,FIN,722830
2659024,177,74,8356,1996,4309.0,47323.0,0.795489,1.9004729999999999,POL,FIN,722830
2659025,185,74,8356,1996,0.0,2239.0,0.612035,0.880964,ROU,FIN,722830
2659026,186,74,8356,1996,0.0,31996.0,0.900185,0.47723000000000004,RUS,FIN,722830
2659027,207,74,8356,1996,234195.0,0.0,1.409184,1.37245,SVN,FIN,722830
2659028,208,74,8356,1996,1779278.0,20665632.0,2.133781,0.9099889999999999,SWE,FIN,722830
2659029,236,74,8356,1996,0.0,2584.0,0.07086100000000001,-0.761307,VEN,FIN,722830
2659030,7,77,8356,1996,0.0,61004.0,-0.245358,-0.726695,ARE,FRA,722830
2659031,8,77,8356,1996,0.0,48867.0,0.167081,0.433612,ARG,FRA,722830
2659032,14,77,8356,1996,0.0,2817472.0,0.369697,0.78069,AUS,FRA,722830
2659033,15,77,8356,1996,1553627.0,272924.0,1.9216669999999998,0.659388,AUT,FRA,722830
2659034,18,77,8356,1996,1916596.0,6924233.0,1.549312,1.273767,BEL,FRA,722830
2659035,21,77,8356,1996,0.0,1318.0,-0.680996,-0.863442,BFA,FRA,722830
2659036,23,77,8356,1996,1339.0,0.0,0.544265,1.523408,BGR,FRA,722830
2659037,32,77,8356,1996,1905373.0,50476.0,0.699658,1.271724,BRA,FRA,722830
2659038,38,77,8356,1996,0.0,18431.0,-1.408316,-0.8695579999999999,CAF,FRA,722830
2659039,39,77,8356,1996,78985.0,6151480.0,1.155706,1.1127049999999998,CAN,FRA,722830
2659040,41,77,8356,1996,635596.0,1828721.0,2.246238,0.603288,CHE,FRA,722830
2659041,42,77,8356,1996,0.0,212715.0,-0.052811000000000004,-0.169464,CHL,FRA,722830
2659042,43,77,8356,1996,402199.0,58854.0,0.404422,3.061344,CHN,FRA,722830
2659043,44,77,8356,1996,0.0,493746.0,-0.8720459999999999,-0.7904479999999999,CIV,FRA,722830
2659044,45,77,8356,1996,0.0,8599.0,-1.4036309999999999,-1.090633,CMR,FRA,722830
2659045,49,77,8356,1996,0.0,56180.0,0.136487,0.078743,COL,FRA,722830
2659046,59,77,8356,1996,1967725.0,191885.0,1.401181,1.3094709999999998,CZE,FRA,722830
2659047,61,77,8356,1996,44587048.0,78412632.0,2.279976,-2.572299,DEU,FRA,722830
2659048,64,77,8356,1996,7838.0,4541.0,1.443514,1.275684,DNK,FRA,722830
2659049,66,77,8356,1996,0.0,497830.0,-0.33419699999999997,-1.035736,DZA,FRA,722830
2659050,68,77,8356,1996,0.0,362436.0,-0.5446409999999999,-0.229586,EGY,FRA,722830
2659051,71,77,8356,1996,14384647.0,10248051.0,1.105317,1.9473,ESP,FRA,722830
2659052,74,77,8356,1996,6417088.0,761787.0,2.0584729999999998,1.006908,FIN,FRA,722830
2659053,80,77,8356,1996,0.0,6032.0,-1.693615,-1.174433,GAB,FRA,722830
2659054,81,77,8356,1996,3073113.0,12300726.0,1.850284,0.883084,GBR,FRA,722830
2659055,85,77,8356,1996,0.0,8927.0,-1.2641930000000001,-1.1317409999999999,GIN,FRA,722830
2659056,90,77,8356,1996,0.0,15964.0,0.271386,1.042608,GRC,FRA,722830
2659057,97,77,8356,1996,0.0,502136.0,0.54364,2.727659,HKG,FRA,722830
2659058,99,77,8356,1996,0.0,35145.0,-0.69357,-0.48721400000000004,HND,FRA,722830
2659059,100,77,8356,1996,0.0,1977.0,0.772706,1.1075270000000002,HRV,FRA,722830
2659060,102,77,8356,1996,0.0,8175.0,0.790036,1.891534,HUN,FRA,722830
2659061,104,77,8356,1996,0.0,335918.0,0.20685599999999998,2.317622,IND,FRA,722830
2659062,106,77,8356,1996,0.0,26702.0,1.386011,0.9232100000000001,IRL,FRA,722830
2659063,107,77,8356,1996,0.0,212312.0,-0.7496649999999999,-1.1173520000000001,IRN,FRA,722830
2659064,110,77,8356,1996,0.0,761756.0,1.054975,1.072965,ISR,FRA,722830
2659065,111,77,8356,1996,8649684.0,24669038.0,1.4674690000000001,1.263362,ITA,FRA,722830
2659066,113,77,8356,1996,0.0,16625.0,0.12203499999999999,-0.41859399999999997,JOR,FRA,722830
2659067,114,77,8356,1996,0.0,644788.0,2.615364,0.5656939999999999,JPN,FRA,722830
2659068,134,77,8356,1996,0.0,96440.0,-0.67314,-0.241242,MAR,FRA,722830
2659069,136,77,8356,1996,0.0,7889.0,-1.213619,-0.606686,MDG,FRA,722830
2659070,138,77,8356,1996,0.0,416482.0,0.651949,0.9132170000000001,MEX,FRA,722830
2659071,141,77,8356,1996,0.0,6235.0,-0.987858,-0.9677040000000001,MLI,FRA,722830
2659072,148,77,8356,1996,0.0,6069.0,-1.352902,-1.19204,MRT,FRA,722830
2659073,153,77,8356,1996,0.0,146302.0,0.351774,0.347262,MYS,FRA,722830
2659074,162,77,8356,1996,144674.0,3315134.0,1.256625,1.803132,NLD,FRA,722830
2659075,163,77,8356,1996,0.0,203519.0,1.204869,0.303062,NOR,FRA,722830
2659076,166,77,8356,1996,0.0,10825.0,0.49466099999999996,0.8302879999999999,NZL,FRA,722830
2659077,173,77,8356,1996,0.0,33483.0,-0.43761000000000005,-0.28077399999999997,PER,FRA,722830
2659078,174,77,8356,1996,0.0,84872.0,-0.276548,0.344986,PHL,FRA,722830
2659079,177,77,8356,1996,60426.0,126110.0,0.795489,1.9004729999999999,POL,FRA,722830
2659080,179,77,8356,1996,76041.0,2760006.0,0.39343,1.170144,PRT,FRA,722830
2659081,182,77,8356,1996,0.0,2416.0,0.845308,-0.31763,PYF,FRA,722830
2659082,185,77,8356,1996,0.0,12785.0,0.612035,0.880964,ROU,FRA,722830
2659083,186,77,8356,1996,54186.0,0.0,0.900185,0.47723000000000004,RUS,FRA,722830
2659084,188,77,8356,1996,0.0,8835.0,0.215265,-0.8577309999999999,SAU,FRA,722830
2659085,189,77,8356,1996,0.0,16984.0,0.786293,2.20126,SCG,FRA,722830
2659086,191,77,8356,1996,0.0,4854.0,-0.619785,-0.712171,SEN,FRA,722830
2659087,192,77,8356,1996,0.0,2307734.0,0.8354299999999999,0.41169799999999995,SGP,FRA,722830
2659088,206,77,8356,1996,0.0,5027.0,1.189398,1.29167,SVK,FRA,722830
2659089,207,77,8356,1996,48568.0,273059.0,1.409184,1.37245,SVN,FRA,722830
2659090,208,77,8356,1996,13836885.0,1760369.0,2.133781,0.9099889999999999,SWE,FRA,722830
2659091,215,77,8356,1996,0.0,3929.0,-0.9070459999999999,-0.7702399999999999,TGO,FRA,722830
2659092,223,77,8356,1996,0.0,1561936.0,-0.28546,-0.089051,TUN,FRA,722830
2659093,224,77,8356,1996,419651.0,1266400.0,0.156866,1.554023,TUR,FRA,722830
2659094,228,77,8356,1996,41478.0,0.0,0.896537,0.9241459999999999,UKR,FRA,722830
2659095,230,77,8356,1996,0.0,15787.0,0.171541,0.313934,URY,FRA,722830
2659096,231,77,8356,1996,142446.0,18152028.0,1.7110560000000001,1.125141,USA,FRA,722830
2659097,236,77,8356,1996,0.0,108831.0,0.07086100000000001,-0.761307,VEN,FRA,722830
2659098,246,77,8356,1996,0.0,909679.0,0.456593,1.150786,ZAF,FRA,722830
2659099,249,77,8356,1996,237061.0,1531535.0,1.432225,1.675389,TWN,FRA,722830
2659100,77,80,8356,1996,6032.0,0.0,1.69082,0.721312,FRA,GAB,722830
2659101,7,81,8356,1996,0.0,285791.0,-0.245358,-0.726695,ARE,GBR,722830
2659102,14,81,8356,1996,0.0,390095.0,0.369697,0.78069,AUS,GBR,722830
2659103,15,81,8356,1996,922483.0,30769.0,1.9216669999999998,0.659388,AUT,GBR,722830
2659104,18,81,8356,1996,173510.0,2348086.0,1.549312,1.273767,BEL,GBR,722830
2659105,23,81,8356,1996,3330.0,0.0,0.544265,1.523408,BGR,GBR,722830
2659106,32,81,8356,1996,0.0,16737.0,0.699658,1.271724,BRA,GBR,722830
2659107,39,81,8356,1996,65146.0,951204.0,1.155706,1.1127049999999998,CAN,GBR,722830
2659108,41,81,8356,1996,18926.0,559612.0,2.246238,0.603288,CHE,GBR,722830
2659109,42,81,8356,1996,0.0,6977.0,-0.052811000000000004,-0.169464,CHL,GBR,722830
2659110,43,81,8356,1996,897858.0,0.0,0.404422,3.061344,CHN,GBR,722830
2659111,44,81,8356,1996,0.0,9724.0,-0.8720459999999999,-0.7904479999999999,CIV,GBR,722830
2659112,49,81,8356,1996,0.0,453975.0,0.136487,0.078743,COL,GBR,722830
2659113,58,81,8356,1996,0.0,4260.0,0.20007,0.020590999999999998,CYP,GBR,722830
2659114,59,81,8356,1996,175833.0,5156.0,1.401181,1.3094709999999998,CZE,GBR,722830
2659115,61,81,8356,1996,6044019.0,12686667.0,2.279976,-2.572299,DEU,GBR,722830
2659116,64,81,8356,1996,0.0,265880.0,1.443514,1.275684,DNK,GBR,722830
2659117,71,81,8356,1996,10646540.0,298014.0,1.105317,1.9473,ESP,GBR,722830
2659118,74,81,8356,1996,11679988.0,195490.0,2.0584729999999998,1.006908,FIN,GBR,722830
2659119,77,81,8356,1996,12300726.0,3073113.0,1.69082,0.721312,FRA,GBR,722830
2659120,90,81,8356,1996,0.0,1155.0,0.271386,1.042608,GRC,GBR,722830
2659121,97,81,8356,1996,0.0,247856.0,0.54364,2.727659,HKG,GBR,722830
2659122,102,81,8356,1996,465269.0,16709.0,0.790036,1.891534,HUN,GBR,722830
2659123,103,81,8356,1996,0.0,38284.0,-0.43199899999999997,1.22074,IDN,GBR,722830
2659124,104,81,8356,1996,41996.0,82977.0,0.20685599999999998,2.317622,IND,GBR,722830
2659125,106,81,8356,1996,253097.0,1864509.0,1.386011,0.9232100000000001,IRL,GBR,722830
2659126,107,81,8356,1996,0.0,150307.0,-0.7496649999999999,-1.1173520000000001,IRN,GBR,722830
2659127,110,81,8356,1996,0.0,77356.0,1.054975,1.072965,ISR,GBR,722830
2659128,111,81,8356,1996,8757787.0,2778960.0,1.4674690000000001,1.263362,ITA,GBR,722830
2659129,113,81,8356,1996,0.0,1645.0,0.12203499999999999,-0.41859399999999997,JOR,GBR,722830
2659130,114,81,8356,1996,241334.0,1036291.0,2.615364,0.5656939999999999,JPN,GBR,722830
2659131,122,81,8356,1996,0.0,37103.0,-0.27174499999999996,-1.098243,KWT,GBR,722830
2659132,124,81,8356,1996,0.0,27988.0,-0.051973,0.002154,LBN,GBR,722830
2659133,126,81,8356,1996,0.0,51268.0,-0.588489,-1.138552,LBY,GBR,722830
2659134,134,81,8356,1996,0.0,172469.0,-0.67314,-0.241242,MAR,GBR,722830
2659135,138,81,8356,1996,0.0,17964.0,0.651949,0.9132170000000001,MEX,GBR,722830
2659136,142,81,8356,1996,0.0,46902.0,0.8825440000000001,0.066541,MLT,GBR,722830
2659137,153,81,8356,1996,0.0,77089.0,0.351774,0.347262,MYS,GBR,722830
2659138,159,81,8356,1996,0.0,4261.0,-1.813359,-1.1967,NGA,GBR,722830
2659139,162,81,8356,1996,179653.0,1023648.0,1.256625,1.803132,NLD,GBR,722830
2659140,163,81,8356,1996,0.0,61079.0,1.204869,0.303062,NOR,GBR,722830
2659141,166,81,8356,1996,0.0,28284.0,0.49466099999999996,0.8302879999999999,NZL,GBR,722830
2659142,167,81,8356,1996,0.0,71768.0,-0.10243499999999998,-0.8425879999999999,OMN,GBR,722830
2659143,168,81,8356,1996,0.0,71201.0,-0.7543300000000001,-0.393654,PAK,GBR,722830
2659144,173,81,8356,1996,0.0,49755.0,-0.43761000000000005,-0.28077399999999997,PER,GBR,722830
2659145,174,81,8356,1996,0.0,6544.0,-0.276548,0.344986,PHL,GBR,722830
2659146,177,81,8356,1996,679820.0,10339.0,0.795489,1.9004729999999999,POL,GBR,722830
2659147,179,81,8356,1996,0.0,13017.0,0.39343,1.170144,PRT,GBR,722830
2659148,183,81,8356,1996,0.0,64366.0,-0.48203500000000005,-1.117173,QAT,GBR,722830
2659149,186,81,8356,1996,92919.0,0.0,0.900185,0.47723000000000004,RUS,GBR,722830
2659150,188,81,8356,1996,0.0,55588.0,0.215265,-0.8577309999999999,SAU,GBR,722830
2659151,190,81,8356,1996,0.0,3281.0,-1.4146459999999998,-1.181707,SDN,GBR,722830
2659152,192,81,8356,1996,0.0,959687.0,0.8354299999999999,0.41169799999999995,SGP,GBR,722830
2659153,194,81,8356,1996,0.0,14367.0,0.500915,-0.40995299999999996,SHN,GBR,722830
2659154,207,81,8356,1996,25818.0,0.0,1.409184,1.37245,SVN,GBR,722830
2659155,208,81,8356,1996,13439277.0,1399564.0,2.133781,0.9099889999999999,SWE,GBR,722830
2659156,212,81,8356,1996,0.0,22317.0,-1.100666,-0.90038,SYR,GBR,722830
2659157,216,81,8356,1996,0.0,185661.0,0.10120599999999999,1.351967,THA,GBR,722830
2659158,223,81,8356,1996,0.0,29470.0,-0.28546,-0.089051,TUN,GBR,722830
2659159,224,81,8356,1996,0.0,46457.0,0.156866,1.554023,TUR,GBR,722830
2659160,227,81,8356,1996,0.0,12130.0,-0.931124,-0.925523,UGA,GBR,722830
2659161,228,81,8356,1996,0.0,3798.0,0.896537,0.9241459999999999,UKR,GBR,722830
2659162,231,81,8356,1996,2601064.0,5513942.0,1.7110560000000001,1.125141,USA,GBR,722830
2659163,236,81,8356,1996,0.0,32489.0,0.07086100000000001,-0.761307,VEN,GBR,722830
2659164,246,81,8356,1996,327856.0,241031.0,0.456593,1.150786,ZAF,GBR,722830
2659165,247,81,8356,1996,0.0,45921.0,-0.340956,-0.714009,ZMB,GBR,722830
2659166,15,90,8356,1996,229599.0,0.0,1.9216669999999998,0.659388,AUT,GRC,722830
2659167,58,90,8356,1996,0.0,3226.0,0.20007,0.020590999999999998,CYP,GRC,722830
2659168,59,90,8356,1996,126448.0,0.0,1.401181,1.3094709999999998,CZE,GRC,722830
2659169,61,90,8356,1996,234337.0,0.0,2.279976,-2.572299,DEU,GRC,722830
2659170,71,90,8356,1996,380310.0,0.0,1.105317,1.9473,ESP,GRC,722830
2659171,77,90,8356,1996,15964.0,0.0,1.69082,0.721312,FRA,GRC,722830
2659172,81,90,8356,1996,1155.0,0.0,1.850284,0.883084,GBR,GRC,722830
2659173,111,90,8356,1996,1003002.0,282627.0,1.4674690000000001,1.263362,ITA,GRC,722830
2659174,185,90,8356,1996,26408.0,0.0,0.612035,0.880964,ROU,GRC,722830
2659175,206,90,8356,1996,4300.0,0.0,1.189398,1.29167,SVK,GRC,722830
2659176,208,90,8356,1996,427768.0,0.0,2.133781,0.9099889999999999,SWE,GRC,722830
2659177,231,90,8356,1996,8134.0,0.0,1.7110560000000001,1.125141,USA,GRC,722830
2659178,15,93,8356,1996,9894.0,0.0,1.9216669999999998,0.659388,AUT,GTM,722830
2659179,32,93,8356,1996,48134.0,0.0,0.699658,1.271724,BRA,GTM,722830
2659180,61,93,8356,1996,10098.0,0.0,2.279976,-2.572299,DEU,GTM,722830
2659181,162,93,8356,1996,59441.0,0.0,1.256625,1.803132,NLD,GTM,722830
2659182,197,93,8356,1996,10908.0,0.0,-0.24968800000000002,-0.121995,SLV,GTM,722830
2659183,208,93,8356,1996,47655.0,0.0,2.133781,0.9099889999999999,SWE,GTM,722830
2659184,14,97,8356,1996,37651.0,0.0,0.369697,0.78069,AUS,HKG,722830
2659185,15,97,8356,1996,541063.0,0.0,1.9216669999999998,0.659388,AUT,HKG,722830
2659186,18,97,8356,1996,62783.0,0.0,1.549312,1.273767,BEL,HKG,722830
2659187,32,97,8356,1996,25143.0,0.0,0.699658,1.271724,BRA,HKG,722830
2659188,39,97,8356,1996,67716.0,0.0,1.155706,1.1127049999999998,CAN,HKG,722830
2659189,41,97,8356,1996,89504.0,0.0,2.246238,0.603288,CHE,HKG,722830
2659190,43,97,8356,1996,271934.0,703808.0,0.404422,3.061344,CHN,HKG,722830
2659191,59,97,8356,1996,12011.0,0.0,1.401181,1.3094709999999998,CZE,HKG,722830
2659192,61,97,8356,1996,1721800.0,50493.0,2.279976,-2.572299,DEU,HKG,722830
2659193,77,97,8356,1996,502136.0,0.0,1.69082,0.721312,FRA,HKG,722830
2659194,81,97,8356,1996,247856.0,0.0,1.850284,0.883084,GBR,HKG,722830
2659195,111,97,8356,1996,16798.0,0.0,1.4674690000000001,1.263362,ITA,HKG,722830
2659196,114,97,8356,1996,5642239.0,0.0,2.615364,0.5656939999999999,JPN,HKG,722830
2659197,121,97,8356,1996,0.0,190918.0,0.8946940000000001,1.240424,KOR,HKG,722830
2659198,133,97,8356,1996,0.0,13553.0,-0.23007399999999997,-0.34139400000000003,MAC,HKG,722830
2659199,153,97,8356,1996,0.0,13978.0,0.351774,0.347262,MYS,HKG,722830
2659200,159,97,8356,1996,0.0,20448.0,-1.813359,-1.1967,NGA,HKG,722830
2659201,173,97,8356,1996,50986.0,0.0,-0.43761000000000005,-0.28077399999999997,PER,HKG,722830
2659202,192,97,8356,1996,642490.0,47358.0,0.8354299999999999,0.41169799999999995,SGP,HKG,722830
2659203,208,97,8356,1996,2365213.0,9597.0,2.133781,0.9099889999999999,SWE,HKG,722830
2659204,216,97,8356,1996,68924.0,46114.0,0.10120599999999999,1.351967,THA,HKG,722830
2659205,224,97,8356,1996,1925722.0,0.0,0.156866,1.554023,TUR,HKG,722830
2659206,231,97,8356,1996,54206.0,0.0,1.7110560000000001,1.125141,USA,HKG,722830
2659207,249,97,8356,1996,758680.0,25460.0,1.432225,1.675389,TWN,HKG,722830
2659208,15,99,8356,1996,2888.0,0.0,1.9216669999999998,0.659388,AUT,HND,722830
2659209,52,99,8356,1996,5442.0,0.0,-0.34219499999999997,0.12221900000000001,CRI,HND,722830
2659210,77,99,8356,1996,35145.0,0.0,1.69082,0.721312,FRA,HND,722830
2659211,138,99,8356,1996,19490.0,0.0,0.651949,0.9132170000000001,MEX,HND,722830
2659212,177,99,8356,1996,4409.0,0.0,0.795489,1.9004729999999999,POL,HND,722830
2659213,231,99,8356,1996,33135.0,0.0,1.7110560000000001,1.125141,USA,HND,722830
2659214,15,106,8356,1996,1828.0,0.0,1.9216669999999998,0.659388,AUT,IRL,722830
2659215,41,106,8356,1996,10168.0,0.0,2.246238,0.603288,CHE,IRL,722830
2659216,61,106,8356,1996,68841.0,0.0,2.279976,-2.572299,DEU,IRL,722830
2659217,77,106,8356,1996,26702.0,0.0,1.69082,0.721312,FRA,IRL,722830
2659218,81,106,8356,1996,1864509.0,253097.0,1.850284,0.883084,GBR,IRL,722830
2659219,111,106,8356,1996,26425.0,0.0,1.4674690000000001,1.263362,ITA,IRL,722830
2659220,208,106,8356,1996,50099.0,0.0,2.133781,0.9099889999999999,SWE,IRL,722830
2659221,231,106,8356,1996,0.0,3272.0,1.7110560000000001,1.125141,USA,IRL,722830
2659222,250,106,8356,1996,1393.0,0.0,1.084978,0.901755,ANS,IRL,722830
2659223,15,110,8356,1996,60264.0,0.0,1.9216669999999998,0.659388,AUT,ISR,722830
2659224,18,110,8356,1996,150447.0,0.0,1.549312,1.273767,BEL,ISR,722830
2659225,59,110,8356,1996,24875.0,0.0,1.401181,1.3094709999999998,CZE,ISR,722830
2659226,61,110,8356,1996,838654.0,0.0,2.279976,-2.572299,DEU,ISR,722830
2659227,71,110,8356,1996,387288.0,0.0,1.105317,1.9473,ESP,ISR,722830
2659228,77,110,8356,1996,761756.0,0.0,1.69082,0.721312,FRA,ISR,722830
2659229,81,110,8356,1996,77356.0,0.0,1.850284,0.883084,GBR,ISR,722830
2659230,111,110,8356,1996,214293.0,26134.0,1.4674690000000001,1.263362,ITA,ISR,722830
2659231,162,110,8356,1996,5709.0,0.0,1.256625,1.803132,NLD,ISR,722830
2659232,177,110,8356,1996,53691.0,0.0,0.795489,1.9004729999999999,POL,ISR,722830
2659233,185,110,8356,1996,0.0,7159.0,0.612035,0.880964,ROU,ISR,722830
2659234,186,110,8356,1996,10597.0,0.0,0.900185,0.47723000000000004,RUS,ISR,722830
2659235,207,110,8356,1996,33474.0,0.0,1.409184,1.37245,SVN,ISR,722830
2659236,208,110,8356,1996,56594.0,0.0,2.133781,0.9099889999999999,SWE,ISR,722830
2659237,224,110,8356,1996,6234.0,0.0,0.156866,1.554023,TUR,ISR,722830
2659238,231,110,8356,1996,1085825.0,0.0,1.7110560000000001,1.125141,USA,ISR,722830
2659239,250,110,8356,1996,33809.0,0.0,1.084978,0.901755,ANS,ISR,722830
2659240,14,111,8356,1996,0.0,4765.0,0.369697,0.78069,AUS,ITA,722830
2659241,15,111,8356,1996,9538864.0,5344550.0,1.9216669999999998,0.659388,AUT,ITA,722830
2659242,18,111,8356,1996,105466.0,603336.0,1.549312,1.273767,BEL,ITA,722830
2659243,23,111,8356,1996,5673.0,161585.0,0.544265,1.523408,BGR,ITA,722830
2659244,32,111,8356,1996,1506793.0,24324.0,0.699658,1.271724,BRA,ITA,722830
2659245,39,111,8356,1996,0.0,205125.0,1.155706,1.1127049999999998,CAN,ITA,722830
2659246,41,111,8356,1996,320487.0,625484.0,2.246238,0.603288,CHE,ITA,722830
2659247,42,111,8356,1996,0.0,12957.0,-0.052811000000000004,-0.169464,CHL,ITA,722830
2659248,43,111,8356,1996,49022.0,0.0,0.404422,3.061344,CHN,ITA,722830
2659249,44,111,8356,1996,0.0,8615.0,-0.8720459999999999,-0.7904479999999999,CIV,ITA,722830
2659250,59,111,8356,1996,914557.0,124818.0,1.401181,1.3094709999999998,CZE,ITA,722830
2659251,61,111,8356,1996,11036597.0,23612666.0,2.279976,-2.572299,DEU,ITA,722830
2659252,64,111,8356,1996,0.0,66751.0,1.443514,1.275684,DNK,ITA,722830
2659253,66,111,8356,1996,0.0,257030.0,-0.33419699999999997,-1.035736,DZA,ITA,722830
2659254,68,111,8356,1996,0.0,17328.0,-0.5446409999999999,-0.229586,EGY,ITA,722830
2659255,71,111,8356,1996,10676755.0,6302107.0,1.105317,1.9473,ESP,ITA,722830
2659256,74,111,8356,1996,4206.0,0.0,2.0584729999999998,1.006908,FIN,ITA,722830
2659257,77,111,8356,1996,24669038.0,8649684.0,1.69082,0.721312,FRA,ITA,722830
2659258,81,111,8356,1996,2778960.0,8757787.0,1.850284,0.883084,GBR,ITA,722830
2659259,90,111,8356,1996,282627.0,1003002.0,0.271386,1.042608,GRC,ITA,722830
2659260,97,111,8356,1996,0.0,16798.0,0.54364,2.727659,HKG,ITA,722830
2659261,100,111,8356,1996,14414.0,132184.0,0.772706,1.1075270000000002,HRV,ITA,722830
2659262,102,111,8356,1996,66633.0,79598.0,0.790036,1.891534,HUN,ITA,722830
2659263,104,111,8356,1996,0.0,101158.0,0.20685599999999998,2.317622,IND,ITA,722830
2659264,106,111,8356,1996,0.0,26425.0,1.386011,0.9232100000000001,IRL,ITA,722830
2659265,107,111,8356,1996,0.0,407681.0,-0.7496649999999999,-1.1173520000000001,IRN,ITA,722830
2659266,110,111,8356,1996,26134.0,214293.0,1.054975,1.072965,ISR,ITA,722830
2659267,114,111,8356,1996,13256.0,0.0,2.615364,0.5656939999999999,JPN,ITA,722830
2659268,126,111,8356,1996,0.0,18934.0,-0.588489,-1.138552,LBY,ITA,722830
2659269,134,111,8356,1996,0.0,26433.0,-0.67314,-0.241242,MAR,ITA,722830
2659270,136,111,8356,1996,0.0,8622.0,-1.213619,-0.606686,MDG,ITA,722830
2659271,138,111,8356,1996,64117.0,311678.0,0.651949,0.9132170000000001,MEX,ITA,722830
2659272,140,111,8356,1996,0.0,51167.0,0.316133,0.933068,MKD,ITA,722830
2659273,153,111,8356,1996,0.0,28648.0,0.351774,0.347262,MYS,ITA,722830
2659274,162,111,8356,1996,56291.0,7861.0,1.256625,1.803132,NLD,ITA,722830
2659275,163,111,8356,1996,0.0,12853.0,1.204869,0.303062,NOR,ITA,722830
2659276,177,111,8356,1996,2715148.0,6601.0,0.795489,1.9004729999999999,POL,ITA,722830
2659277,179,111,8356,1996,0.0,137346.0,0.39343,1.170144,PRT,ITA,722830
2659278,185,111,8356,1996,99732.0,326109.0,0.612035,0.880964,ROU,ITA,722830
2659279,186,111,8356,1996,4825546.0,0.0,0.900185,0.47723000000000004,RUS,ITA,722830
2659280,189,111,8356,1996,0.0,49986.0,0.786293,2.20126,SCG,ITA,722830
2659281,192,111,8356,1996,13859.0,55291.0,0.8354299999999999,0.41169799999999995,SGP,ITA,722830
2659282,206,111,8356,1996,0.0,11862.0,1.189398,1.29167,SVK,ITA,722830
2659283,207,111,8356,1996,5142914.0,299324.0,1.409184,1.37245,SVN,ITA,722830
2659284,208,111,8356,1996,10839622.0,1191210.0,2.133781,0.9099889999999999,SWE,ITA,722830
2659285,223,111,8356,1996,0.0,437096.0,-0.28546,-0.089051,TUN,ITA,722830
2659286,224,111,8356,1996,1194359.0,166470.0,0.156866,1.554023,TUR,ITA,722830
2659287,231,111,8356,1996,27444.0,1494419.0,1.7110560000000001,1.125141,USA,ITA,722830
2659288,236,111,8356,1996,0.0,96144.0,0.07086100000000001,-0.761307,VEN,ITA,722830
2659289,246,111,8356,1996,495981.0,0.0,0.456593,1.150786,ZAF,ITA,722830
2659290,249,111,8356,1996,73185.0,0.0,1.432225,1.675389,TWN,ITA,722830
2659291,14,121,8356,1996,41706.0,70586.0,0.369697,0.78069,AUS,KOR,722830
2659292,15,121,8356,1996,21143.0,9028.0,1.9216669999999998,0.659388,AUT,KOR,722830
2659293,39,121,8356,1996,0.0,4389.0,1.155706,1.1127049999999998,CAN,KOR,722830
2659294,43,121,8356,1996,355316.0,549568.0,0.404422,3.061344,CHN,KOR,722830
2659295,59,121,8356,1996,22769.0,0.0,1.401181,1.3094709999999998,CZE,KOR,722830
2659296,61,121,8356,1996,325341.0,0.0,2.279976,-2.572299,DEU,KOR,722830
2659297,74,121,8356,1996,68816.0,0.0,2.0584729999999998,1.006908,FIN,KOR,722830
2659298,97,121,8356,1996,190918.0,0.0,0.54364,2.727659,HKG,KOR,722830
2659299,103,121,8356,1996,0.0,1078764.0,-0.43199899999999997,1.22074,IDN,KOR,722830
2659300,104,121,8356,1996,55056.0,28349.0,0.20685599999999998,2.317622,IND,KOR,722830
2659301,114,121,8356,1996,18241694.0,4981334.0,2.615364,0.5656939999999999,JPN,KOR,722830
2659302,138,121,8356,1996,0.0,48244.0,0.651949,0.9132170000000001,MEX,KOR,722830
2659303,153,121,8356,1996,0.0,334915.0,0.351774,0.347262,MYS,KOR,722830
2659304,168,121,8356,1996,0.0,144756.0,-0.7543300000000001,-0.393654,PAK,KOR,722830
2659305,174,121,8356,1996,0.0,389893.0,-0.276548,0.344986,PHL,KOR,722830
2659306,188,121,8356,1996,0.0,52505.0,0.215265,-0.8577309999999999,SAU,KOR,722830
2659307,192,121,8356,1996,10999.0,117477.0,0.8354299999999999,0.41169799999999995,SGP,KOR,722830
2659308,208,121,8356,1996,47354.0,0.0,2.133781,0.9099889999999999,SWE,KOR,722830
2659309,216,121,8356,1996,0.0,2276050.0,0.10120599999999999,1.351967,THA,KOR,722830
2659310,231,121,8356,1996,277894.0,136306.0,1.7110560000000001,1.125141,USA,KOR,722830
2659311,239,121,8356,1996,0.0,325388.0,-0.9336469999999999,-0.10985199999999999,VNM,KOR,722830
2659312,249,121,8356,1996,347930.0,5381104.0,1.432225,1.675389,TWN,KOR,722830
2659313,8,138,8356,1996,74397.0,0.0,0.167081,0.433612,ARG,MEX,722830
2659314,15,138,8356,1996,22254.0,0.0,1.9216669999999998,0.659388,AUT,MEX,722830
2659315,29,138,8356,1996,0.0,3180.0,-0.341173,-0.670063,BLZ,MEX,722830
2659316,32,138,8356,1996,1002641.0,10866.0,0.699658,1.271724,BRA,MEX,722830
2659317,39,138,8356,1996,3024406.0,44126.0,1.155706,1.1127049999999998,CAN,MEX,722830
2659318,41,138,8356,1996,18730.0,0.0,2.246238,0.603288,CHE,MEX,722830
2659319,43,138,8356,1996,73922.0,0.0,0.404422,3.061344,CHN,MEX,722830
2659320,49,138,8356,1996,18745.0,50549.0,0.136487,0.078743,COL,MEX,722830
2659321,54,138,8356,1996,0.0,65553.0,-0.555246,-1.0420479999999999,CUB,MEX,722830
2659322,61,138,8356,1996,134345.0,0.0,2.279976,-2.572299,DEU,MEX,722830
2659323,67,138,8356,1996,0.0,18031.0,-1.1391200000000001,-0.992735,ECU,MEX,722830
2659324,71,138,8356,1996,112143.0,0.0,1.105317,1.9473,ESP,MEX,722830
2659325,74,138,8356,1996,3212.0,0.0,2.0584729999999998,1.006908,FIN,MEX,722830
2659326,77,138,8356,1996,416482.0,0.0,1.69082,0.721312,FRA,MEX,722830
2659327,81,138,8356,1996,17964.0,0.0,1.850284,0.883084,GBR,MEX,722830
2659328,99,138,8356,1996,0.0,19490.0,-0.69357,-0.48721400000000004,HND,MEX,722830
2659329,104,138,8356,1996,108804.0,0.0,0.20685599999999998,2.317622,IND,MEX,722830
2659330,111,138,8356,1996,311678.0,64117.0,1.4674690000000001,1.263362,ITA,MEX,722830
2659331,114,138,8356,1996,13448.0,0.0,2.615364,0.5656939999999999,JPN,MEX,722830
2659332,121,138,8356,1996,48244.0,0.0,0.8946940000000001,1.240424,KOR,MEX,722830
2659333,186,138,8356,1996,9007.0,0.0,0.900185,0.47723000000000004,RUS,MEX,722830
2659334,207,138,8356,1996,15153.0,0.0,1.409184,1.37245,SVN,MEX,722830
2659335,208,138,8356,1996,18314.0,0.0,2.133781,0.9099889999999999,SWE,MEX,722830
2659336,224,138,8356,1996,32897.0,0.0,0.156866,1.554023,TUR,MEX,722830
2659337,228,138,8356,1996,3943.0,0.0,0.896537,0.9241459999999999,UKR,MEX,722830
2659338,231,138,8356,1996,69388768.0,913415.0,1.7110560000000001,1.125141,USA,MEX,722830
2659339,236,138,8356,1996,0.0,456852.0,0.07086100000000001,-0.761307,VEN,MEX,722830
2659340,249,138,8356,1996,578944.0,0.0,1.432225,1.675389,TWN,MEX,722830
2659341,14,153,8356,1996,80101.0,0.0,0.369697,0.78069,AUS,MYS,722830
2659342,15,153,8356,1996,21593.0,0.0,1.9216669999999998,0.659388,AUT,MYS,722830
2659343,18,153,8356,1996,12015.0,0.0,1.549312,1.273767,BEL,MYS,722830
2659344,43,153,8356,1996,50769.0,0.0,0.404422,3.061344,CHN,MYS,722830
2659345,59,153,8356,1996,17580.0,0.0,1.401181,1.3094709999999998,CZE,MYS,722830
2659346,61,153,8356,1996,728736.0,0.0,2.279976,-2.572299,DEU,MYS,722830
2659347,77,153,8356,1996,146302.0,0.0,1.69082,0.721312,FRA,MYS,722830
2659348,81,153,8356,1996,77089.0,0.0,1.850284,0.883084,GBR,MYS,722830
2659349,97,153,8356,1996,13978.0,0.0,0.54364,2.727659,HKG,MYS,722830
2659350,102,153,8356,1996,18491.0,0.0,0.790036,1.891534,HUN,MYS,722830
2659351,103,153,8356,1996,57927.0,0.0,-0.43199899999999997,1.22074,IDN,MYS,722830
2659352,104,153,8356,1996,25263.0,0.0,0.20685599999999998,2.317622,IND,MYS,722830
2659353,111,153,8356,1996,28648.0,0.0,1.4674690000000001,1.263362,ITA,MYS,722830
2659354,114,153,8356,1996,5806114.0,15219.0,2.615364,0.5656939999999999,JPN,MYS,722830
2659355,121,153,8356,1996,334915.0,0.0,0.8946940000000001,1.240424,KOR,MYS,722830
2659356,128,153,8356,1996,12437.0,0.0,-0.812763,-0.188722,LKA,MYS,722830
2659357,162,153,8356,1996,177204.0,0.0,1.256625,1.803132,NLD,MYS,722830
2659358,166,153,8356,1996,424664.0,0.0,0.49466099999999996,0.8302879999999999,NZL,MYS,722830
2659359,174,153,8356,1996,0.0,4437.0,-0.276548,0.344986,PHL,MYS,722830
2659360,185,153,8356,1996,62865.0,0.0,0.612035,0.880964,ROU,MYS,722830
2659361,192,153,8356,1996,2176128.0,21451.0,0.8354299999999999,0.41169799999999995,SGP,MYS,722830
2659362,208,153,8356,1996,164709.0,0.0,2.133781,0.9099889999999999,SWE,MYS,722830
2659363,216,153,8356,1996,50925.0,0.0,0.10120599999999999,1.351967,THA,MYS,722830
2659364,224,153,8356,1996,213280.0,0.0,0.156866,1.554023,TUR,MYS,722830
2659365,231,153,8356,1996,25880.0,0.0,1.7110560000000001,1.125141,USA,MYS,722830
2659366,246,153,8356,1996,1404771.0,0.0,0.456593,1.150786,ZAF,MYS,722830
2659367,249,153,8356,1996,79718.0,0.0,1.432225,1.675389,TWN,MYS,722830
2659368,14,162,8356,1996,0.0,56796.0,0.369697,0.78069,AUS,NLD,722830
2659369,15,162,8356,1996,544079.0,232790.0,1.9216669999999998,0.659388,AUT,NLD,722830
2659370,18,162,8356,1996,521365.0,1082372.0,1.549312,1.273767,BEL,NLD,722830
2659371,32,162,8356,1996,430131.0,51687.0,0.699658,1.271724,BRA,NLD,722830
2659372,41,162,8356,1996,28650.0,4900.0,2.246238,0.603288,CHE,NLD,722830
2659373,43,162,8356,1996,38130.0,0.0,0.404422,3.061344,CHN,NLD,722830
2659374,49,162,8356,1996,0.0,1937.0,0.136487,0.078743,COL,NLD,722830
2659375,52,162,8356,1996,0.0,11008.0,-0.34219499999999997,0.12221900000000001,CRI,NLD,722830
2659376,59,162,8356,1996,282793.0,3269.0,1.401181,1.3094709999999998,CZE,NLD,722830
2659377,61,162,8356,1996,6607828.0,1318234.0,2.279976,-2.572299,DEU,NLD,722830
2659378,64,162,8356,1996,0.0,237881.0,1.443514,1.275684,DNK,NLD,722830
2659379,67,162,8356,1996,0.0,99695.0,-1.1391200000000001,-0.992735,ECU,NLD,722830
2659380,68,162,8356,1996,0.0,11747.0,-0.5446409999999999,-0.229586,EGY,NLD,722830
2659381,71,162,8356,1996,1620402.0,5802.0,1.105317,1.9473,ESP,NLD,722830
2659382,74,162,8356,1996,88674.0,114578.0,2.0584729999999998,1.006908,FIN,NLD,722830
2659383,77,162,8356,1996,3315134.0,144674.0,1.69082,0.721312,FRA,NLD,722830
2659384,81,162,8356,1996,1023648.0,179653.0,1.850284,0.883084,GBR,NLD,722830
2659385,83,162,8356,1996,0.0,6272.0,-1.035244,-0.9834129999999999,GHA,NLD,722830
2659386,93,162,8356,1996,0.0,59441.0,-0.332901,0.23790300000000003,GTM,NLD,722830
2659387,103,162,8356,1996,0.0,287010.0,-0.43199899999999997,1.22074,IDN,NLD,722830
2659388,109,162,8356,1996,0.0,6440.0,0.003558,-0.551796,ISL,NLD,722830
2659389,110,162,8356,1996,0.0,5709.0,1.054975,1.072965,ISR,NLD,722830
2659390,111,162,8356,1996,7861.0,56291.0,1.4674690000000001,1.263362,ITA,NLD,722830
2659391,114,162,8356,1996,36706.0,0.0,2.615364,0.5656939999999999,JPN,NLD,722830
2659392,153,162,8356,1996,0.0,177204.0,0.351774,0.347262,MYS,NLD,722830
2659393,163,162,8356,1996,0.0,233027.0,1.204869,0.303062,NOR,NLD,722830
2659394,174,162,8356,1996,0.0,21180.0,-0.276548,0.344986,PHL,NLD,722830
2659395,177,162,8356,1996,864024.0,2439.0,0.795489,1.9004729999999999,POL,NLD,722830
2659396,179,162,8356,1996,0.0,43169.0,0.39343,1.170144,PRT,NLD,722830
2659397,183,162,8356,1996,0.0,6340.0,-0.48203500000000005,-1.117173,QAT,NLD,722830
2659398,186,162,8356,1996,18713.0,0.0,0.900185,0.47723000000000004,RUS,NLD,722830
2659399,188,162,8356,1996,0.0,22051.0,0.215265,-0.8577309999999999,SAU,NLD,722830
2659400,192,162,8356,1996,0.0,20910.0,0.8354299999999999,0.41169799999999995,SGP,NLD,722830
2659401,197,162,8356,1996,0.0,9268.0,-0.24968800000000002,-0.121995,SLV,NLD,722830
2659402,205,162,8356,1996,0.0,2254.0,-0.93463,-0.797197,SUR,NLD,722830
2659403,206,162,8356,1996,0.0,5969.0,1.189398,1.29167,SVK,NLD,722830
2659404,207,162,8356,1996,73689.0,4444.0,1.409184,1.37245,SVN,NLD,722830
2659405,208,162,8356,1996,1077282.0,21169.0,2.133781,0.9099889999999999,SWE,NLD,722830
2659406,216,162,8356,1996,0.0,160416.0,0.10120599999999999,1.351967,THA,NLD,722830
2659407,224,162,8356,1996,4092120.0,0.0,0.156866,1.554023,TUR,NLD,722830
2659408,231,162,8356,1996,1172776.0,0.0,1.7110560000000001,1.125141,USA,NLD,722830
2659409,246,162,8356,1996,0.0,1882.0,0.456593,1.150786,ZAF,NLD,722830
2659410,249,162,8356,1996,61967.0,0.0,1.432225,1.675389,TWN,NLD,722830
2659411,15,163,8356,1996,521555.0,0.0,1.9216669999999998,0.659388,AUT,NOR,722830
2659412,18,163,8356,1996,8808.0,0.0,1.549312,1.273767,BEL,NOR,722830
2659413,39,163,8356,1996,4587.0,0.0,1.155706,1.1127049999999998,CAN,NOR,722830
2659414,59,163,8356,1996,5300.0,0.0,1.401181,1.3094709999999998,CZE,NOR,722830
2659415,61,163,8356,1996,447920.0,7000.0,2.279976,-2.572299,DEU,NOR,722830
2659416,64,163,8356,1996,3840.0,0.0,1.443514,1.275684,DNK,NOR,722830
2659417,71,163,8356,1996,306923.0,0.0,1.105317,1.9473,ESP,NOR,722830
2659418,74,163,8356,1996,2193247.0,0.0,2.0584729999999998,1.006908,FIN,NOR,722830
2659419,77,163,8356,1996,203519.0,0.0,1.69082,0.721312,FRA,NOR,722830
2659420,81,163,8356,1996,61079.0,0.0,1.850284,0.883084,GBR,NOR,722830
2659421,109,163,8356,1996,0.0,1376.0,0.003558,-0.551796,ISL,NOR,722830
2659422,111,163,8356,1996,12853.0,0.0,1.4674690000000001,1.263362,ITA,NOR,722830
2659423,162,163,8356,1996,233027.0,0.0,1.256625,1.803132,NLD,NOR,722830
2659424,177,163,8356,1996,34653.0,0.0,0.795489,1.9004729999999999,POL,NOR,722830
2659425,185,163,8356,1996,2399.0,0.0,0.612035,0.880964,ROU,NOR,722830
2659426,186,163,8356,1996,1011.0,0.0,0.900185,0.47723000000000004,RUS,NOR,722830
2659427,207,163,8356,1996,110525.0,0.0,1.409184,1.37245,SVN,NOR,722830
2659428,208,163,8356,1996,4364765.0,20459.0,2.133781,0.9099889999999999,SWE,NOR,722830
2659429,224,163,8356,1996,8579.0,0.0,0.156866,1.554023,TUR,NOR,722830
2659430,49,169,8356,1996,2049.0,0.0,0.136487,0.078743,COL,PAN,722830
2659431,231,169,8356,1996,2308.0,0.0,1.7110560000000001,1.125141,USA,PAN,722830
2659432,15,173,8356,1996,21789.0,0.0,1.9216669999999998,0.659388,AUT,PER,722830
2659433,18,173,8356,1996,2853.0,0.0,1.549312,1.273767,BEL,PER,722830
2659434,31,173,8356,1996,0.0,1253.0,-0.589432,-0.7781,BOL,PER,722830
2659435,32,173,8356,1996,786359.0,0.0,0.699658,1.271724,BRA,PER,722830
2659436,49,173,8356,1996,22862.0,1630.0,0.136487,0.078743,COL,PER,722830
2659437,61,173,8356,1996,66198.0,0.0,2.279976,-2.572299,DEU,PER,722830
2659438,67,173,8356,1996,0.0,7405.0,-1.1391200000000001,-0.992735,ECU,PER,722830
2659439,71,173,8356,1996,11239.0,0.0,1.105317,1.9473,ESP,PER,722830
2659440,77,173,8356,1996,33483.0,0.0,1.69082,0.721312,FRA,PER,722830
2659441,81,173,8356,1996,49755.0,0.0,1.850284,0.883084,GBR,PER,722830
2659442,97,173,8356,1996,0.0,50986.0,0.54364,2.727659,HKG,PER,722830
2659443,177,173,8356,1996,95740.0,0.0,0.795489,1.9004729999999999,POL,PER,722830
2659444,208,173,8356,1996,41747.0,0.0,2.133781,0.9099889999999999,SWE,PER,722830
2659445,231,173,8356,1996,1115252.0,0.0,1.7110560000000001,1.125141,USA,PER,722830
2659446,236,173,8356,1996,12939.0,0.0,0.07086100000000001,-0.761307,VEN,PER,722830
2659447,14,174,8356,1996,9070.0,0.0,0.369697,0.78069,AUS,PHL,722830
2659448,15,174,8356,1996,159574.0,0.0,1.9216669999999998,0.659388,AUT,PHL,722830
2659449,18,174,8356,1996,59487.0,0.0,1.549312,1.273767,BEL,PHL,722830
2659450,32,174,8356,1996,490413.0,0.0,0.699658,1.271724,BRA,PHL,722830
2659451,39,174,8356,1996,86636.0,0.0,1.155706,1.1127049999999998,CAN,PHL,722830
2659452,43,174,8356,1996,31402.0,0.0,0.404422,3.061344,CHN,PHL,722830
2659453,61,174,8356,1996,497082.0,0.0,2.279976,-2.572299,DEU,PHL,722830
2659454,77,174,8356,1996,84872.0,0.0,1.69082,0.721312,FRA,PHL,722830
2659455,81,174,8356,1996,6544.0,0.0,1.850284,0.883084,GBR,PHL,722830
2659456,104,174,8356,1996,328840.0,0.0,0.20685599999999998,2.317622,IND,PHL,722830
2659457,114,174,8356,1996,5566308.0,0.0,2.615364,0.5656939999999999,JPN,PHL,722830
2659458,121,174,8356,1996,389893.0,0.0,0.8946940000000001,1.240424,KOR,PHL,722830
2659459,153,174,8356,1996,4437.0,0.0,0.351774,0.347262,MYS,PHL,722830
2659460,162,174,8356,1996,21180.0,0.0,1.256625,1.803132,NLD,PHL,722830
2659461,192,174,8356,1996,134306.0,0.0,0.8354299999999999,0.41169799999999995,SGP,PHL,722830
2659462,208,174,8356,1996,1925.0,0.0,2.133781,0.9099889999999999,SWE,PHL,722830
2659463,224,174,8356,1996,677936.0,0.0,0.156866,1.554023,TUR,PHL,722830
2659464,231,174,8356,1996,0.0,13585.0,1.7110560000000001,1.125141,USA,PHL,722830
2659465,246,174,8356,1996,57897.0,0.0,0.456593,1.150786,ZAF,PHL,722830
2659466,249,174,8356,1996,58486.0,0.0,1.432225,1.675389,TWN,PHL,722830
2659467,15,179,8356,1996,626082.0,0.0,1.9216669999999998,0.659388,AUT,PRT,722830
2659468,18,179,8356,1996,702841.0,0.0,1.549312,1.273767,BEL,PRT,722830
2659469,32,179,8356,1996,185386.0,0.0,0.699658,1.271724,BRA,PRT,722830
2659470,39,179,8356,1996,0.0,17381.0,1.155706,1.1127049999999998,CAN,PRT,722830
2659471,59,179,8356,1996,10797.0,0.0,1.401181,1.3094709999999998,CZE,PRT,722830
2659472,61,179,8356,1996,278317.0,5720.0,2.279976,-2.572299,DEU,PRT,722830
2659473,71,179,8356,1996,8071835.0,2839.0,1.105317,1.9473,ESP,PRT,722830
2659474,77,179,8356,1996,2760006.0,76041.0,1.69082,0.721312,FRA,PRT,722830
2659475,81,179,8356,1996,13017.0,0.0,1.850284,0.883084,GBR,PRT,722830
2659476,111,179,8356,1996,137346.0,0.0,1.4674690000000001,1.263362,ITA,PRT,722830
2659477,162,179,8356,1996,43169.0,0.0,1.256625,1.803132,NLD,PRT,722830
2659478,207,179,8356,1996,58158.0,0.0,1.409184,1.37245,SVN,PRT,722830
2659479,208,179,8356,1996,212929.0,0.0,2.133781,0.9099889999999999,SWE,PRT,722830
2659480,223,179,8356,1996,0.0,4160.0,-0.28546,-0.089051,TUN,PRT,722830
2659481,32,180,8356,1996,20374.0,0.0,0.699658,1.271724,BRA,PRY,722830
2659482,81,190,8356,1996,3281.0,0.0,1.850284,0.883084,GBR,SDN,722830
2659483,104,190,8356,1996,7963.0,0.0,0.20685599999999998,2.317622,IND,SDN,722830
2659484,59,205,8356,1996,1259.0,0.0,1.401181,1.3094709999999998,CZE,SUR,722830
2659485,162,205,8356,1996,2254.0,0.0,1.256625,1.803132,NLD,SUR,722830
2659486,231,205,8356,1996,17590.0,0.0,1.7110560000000001,1.125141,USA,SUR,722830
2659487,7,208,8356,1996,0.0,38669.0,-0.245358,-0.726695,ARE,SWE,722830
2659488,8,208,8356,1996,0.0,83777.0,0.167081,0.433612,ARG,SWE,722830
2659489,14,208,8356,1996,0.0,363238.0,0.369697,0.78069,AUS,SWE,722830
2659490,15,208,8356,1996,5185240.0,2073990.0,1.9216669999999998,0.659388,AUT,SWE,722830
2659491,18,208,8356,1996,0.0,716057.0,1.549312,1.273767,BEL,SWE,722830
2659492,23,208,8356,1996,0.0,15827.0,0.544265,1.523408,BGR,SWE,722830
2659493,32,208,8356,1996,0.0,46794.0,0.699658,1.271724,BRA,SWE,722830
2659494,39,208,8356,1996,0.0,608974.0,1.155706,1.1127049999999998,CAN,SWE,722830
2659495,41,208,8356,1996,1012.0,566984.0,2.246238,0.603288,CHE,SWE,722830
2659496,42,208,8356,1996,0.0,8613.0,-0.052811000000000004,-0.169464,CHL,SWE,722830
2659497,43,208,8356,1996,0.0,119841.0,0.404422,3.061344,CHN,SWE,722830
2659498,44,208,8356,1996,0.0,1376.0,-0.8720459999999999,-0.7904479999999999,CIV,SWE,722830
2659499,49,208,8356,1996,0.0,213570.0,0.136487,0.078743,COL,SWE,722830
2659500,52,208,8356,1996,0.0,25530.0,-0.34219499999999997,0.12221900000000001,CRI,SWE,722830
2659501,58,208,8356,1996,0.0,22970.0,0.20007,0.020590999999999998,CYP,SWE,722830
2659502,59,208,8356,1996,213277.0,13823.0,1.401181,1.3094709999999998,CZE,SWE,722830
2659503,61,208,8356,1996,3644678.0,33532276.0,2.279976,-2.572299,DEU,SWE,722830
2659504,64,208,8356,1996,0.0,2783098.0,1.443514,1.275684,DNK,SWE,722830
2659505,65,208,8356,1996,0.0,47808.0,-0.596093,-0.5602060000000001,DOM,SWE,722830
2659506,67,208,8356,1996,0.0,47390.0,-1.1391200000000001,-0.992735,ECU,SWE,722830
2659507,68,208,8356,1996,0.0,59853.0,-0.5446409999999999,-0.229586,EGY,SWE,722830
2659508,71,208,8356,1996,821811.0,4734120.0,1.105317,1.9473,ESP,SWE,722830
2659509,72,208,8356,1996,0.0,21934.0,0.53397,1.0877940000000001,EST,SWE,722830
2659510,74,208,8356,1996,20665632.0,1779278.0,2.0584729999999998,1.006908,FIN,SWE,722830
2659511,77,208,8356,1996,1760369.0,13836885.0,1.69082,0.721312,FRA,SWE,722830
2659512,81,208,8356,1996,1399564.0,13439277.0,1.850284,0.883084,GBR,SWE,722830
2659513,90,208,8356,1996,0.0,427768.0,0.271386,1.042608,GRC,SWE,722830
2659514,93,208,8356,1996,0.0,47655.0,-0.332901,0.23790300000000003,GTM,SWE,722830
2659515,97,208,8356,1996,9597.0,2365213.0,0.54364,2.727659,HKG,SWE,722830
2659516,102,208,8356,1996,0.0,418459.0,0.790036,1.891534,HUN,SWE,722830
2659517,103,208,8356,1996,0.0,340684.0,-0.43199899999999997,1.22074,IDN,SWE,722830
2659518,104,208,8356,1996,0.0,71017.0,0.20685599999999998,2.317622,IND,SWE,722830
2659519,106,208,8356,1996,0.0,50099.0,1.386011,0.9232100000000001,IRL,SWE,722830
2659520,107,208,8356,1996,0.0,185970.0,-0.7496649999999999,-1.1173520000000001,IRN,SWE,722830
2659521,110,208,8356,1996,0.0,56594.0,1.054975,1.072965,ISR,SWE,722830
2659522,111,208,8356,1996,1191210.0,10839622.0,1.4674690000000001,1.263362,ITA,SWE,722830
2659523,113,208,8356,1996,0.0,12875.0,0.12203499999999999,-0.41859399999999997,JOR,SWE,722830
2659524,114,208,8356,1996,2266.0,239955.0,2.615364,0.5656939999999999,JPN,SWE,722830
2659525,116,208,8356,1996,0.0,18102.0,-0.468322,-0.017625,KEN,SWE,722830
2659526,121,208,8356,1996,0.0,47354.0,0.8946940000000001,1.240424,KOR,SWE,722830
2659527,128,208,8356,1996,0.0,2182.0,-0.812763,-0.188722,LKA,SWE,722830
2659528,130,208,8356,1996,0.0,47497.0,0.40520500000000004,0.9465950000000001,LTU,SWE,722830
2659529,138,208,8356,1996,0.0,18314.0,0.651949,0.9132170000000001,MEX,SWE,722830
2659530,153,208,8356,1996,0.0,164709.0,0.351774,0.347262,MYS,SWE,722830
2659531,162,208,8356,1996,21169.0,1077282.0,1.256625,1.803132,NLD,SWE,722830
2659532,163,208,8356,1996,20459.0,4364765.0,1.204869,0.303062,NOR,SWE,722830
2659533,166,208,8356,1996,0.0,20972.0,0.49466099999999996,0.8302879999999999,NZL,SWE,722830
2659534,168,208,8356,1996,0.0,8353.0,-0.7543300000000001,-0.393654,PAK,SWE,722830
2659535,173,208,8356,1996,0.0,41747.0,-0.43761000000000005,-0.28077399999999997,PER,SWE,722830
2659536,174,208,8356,1996,0.0,1925.0,-0.276548,0.344986,PHL,SWE,722830
2659537,177,208,8356,1996,81645.0,1249168.0,0.795489,1.9004729999999999,POL,SWE,722830
2659538,179,208,8356,1996,0.0,212929.0,0.39343,1.170144,PRT,SWE,722830
2659539,185,208,8356,1996,0.0,33890.0,0.612035,0.880964,ROU,SWE,722830
2659540,186,208,8356,1996,0.0,21464.0,0.900185,0.47723000000000004,RUS,SWE,722830
2659541,188,208,8356,1996,0.0,3214.0,0.215265,-0.8577309999999999,SAU,SWE,722830
2659542,192,208,8356,1996,0.0,253563.0,0.8354299999999999,0.41169799999999995,SGP,SWE,722830
2659543,197,208,8356,1996,0.0,27515.0,-0.24968800000000002,-0.121995,SLV,SWE,722830
2659544,206,208,8356,1996,0.0,17951.0,1.189398,1.29167,SVK,SWE,722830
2659545,207,208,8356,1996,0.0,25257.0,1.409184,1.37245,SVN,SWE,722830
2659546,216,208,8356,1996,1732.0,137705.0,0.10120599999999999,1.351967,THA,SWE,722830
2659547,222,208,8356,1996,0.0,6031.0,0.19111,-0.488382,TTO,SWE,722830
2659548,223,208,8356,1996,0.0,50358.0,-0.28546,-0.089051,TUN,SWE,722830
2659549,224,208,8356,1996,0.0,407972.0,0.156866,1.554023,TUR,SWE,722830
2659550,231,208,8356,1996,5393.0,4489908.0,1.7110560000000001,1.125141,USA,SWE,722830
2659551,246,208,8356,1996,0.0,2568.0,0.456593,1.150786,ZAF,SWE,722830
2659552,249,208,8356,1996,0.0,171753.0,1.432225,1.675389,TWN,SWE,722830
2659553,14,216,8356,1996,113162.0,0.0,0.369697,0.78069,AUS,THA,722830
2659554,15,216,8356,1996,238652.0,0.0,1.9216669999999998,0.659388,AUT,THA,722830
2659555,18,216,8356,1996,6621.0,0.0,1.549312,1.273767,BEL,THA,722830
2659556,39,216,8356,1996,31872.0,0.0,1.155706,1.1127049999999998,CAN,THA,722830
2659557,43,216,8356,1996,2730231.0,0.0,0.404422,3.061344,CHN,THA,722830
2659558,59,216,8356,1996,25421.0,0.0,1.401181,1.3094709999999998,CZE,THA,722830
2659559,61,216,8356,1996,1529120.0,0.0,2.279976,-2.572299,DEU,THA,722830
2659560,81,216,8356,1996,185661.0,0.0,1.850284,0.883084,GBR,THA,722830
2659561,97,216,8356,1996,46114.0,68924.0,0.54364,2.727659,HKG,THA,722830
2659562,103,216,8356,1996,0.0,7987.0,-0.43199899999999997,1.22074,IDN,THA,722830
2659563,104,216,8356,1996,4209392.0,0.0,0.20685599999999998,2.317622,IND,THA,722830
2659564,114,216,8356,1996,25737130.0,0.0,2.615364,0.5656939999999999,JPN,THA,722830
2659565,121,216,8356,1996,2276050.0,0.0,0.8946940000000001,1.240424,KOR,THA,722830
2659566,123,216,8356,1996,0.0,95828.0,-0.751092,-0.8680209999999999,LAO,THA,722830
2659567,143,216,8356,1996,0.0,2992.0,-1.556357,-1.078395,MMR,THA,722830
2659568,153,216,8356,1996,0.0,50925.0,0.351774,0.347262,MYS,THA,722830
2659569,162,216,8356,1996,160416.0,0.0,1.256625,1.803132,NLD,THA,722830
2659570,186,216,8356,1996,134652.0,0.0,0.900185,0.47723000000000004,RUS,THA,722830
2659571,192,216,8356,1996,142786.0,0.0,0.8354299999999999,0.41169799999999995,SGP,THA,722830
2659572,208,216,8356,1996,137705.0,1732.0,2.133781,0.9099889999999999,SWE,THA,722830
2659573,228,216,8356,1996,24506.0,0.0,0.896537,0.9241459999999999,UKR,THA,722830
2659574,231,216,8356,1996,60157.0,0.0,1.7110560000000001,1.125141,USA,THA,722830
2659575,246,216,8356,1996,605805.0,0.0,0.456593,1.150786,ZAF,THA,722830
2659576,249,216,8356,1996,421451.0,0.0,1.432225,1.675389,TWN,THA,722830
2659577,18,222,8356,1996,6733.0,0.0,1.549312,1.273767,BEL,TTO,722830
2659578,59,222,8356,1996,687.0,0.0,1.401181,1.3094709999999998,CZE,TTO,722830
2659579,127,222,8356,1996,0.0,13874.0,0.016224000000000002,-0.664312,LCA,TTO,722830
2659580,208,222,8356,1996,6031.0,0.0,2.133781,0.9099889999999999,SWE,TTO,722830
2659581,231,222,8356,1996,5473.0,0.0,1.7110560000000001,1.125141,USA,TTO,722830
2659582,7,224,8356,1996,0.0,324753.0,-0.245358,-0.726695,ARE,TUR,722830
2659583,13,224,8356,1996,0.0,72458.0,0.408319,-0.21640700000000002,ATG,TUR,722830
2659584,14,224,8356,1996,0.0,524315.0,0.369697,0.78069,AUS,TUR,722830
2659585,15,224,8356,1996,1329233.0,80564.0,1.9216669999999998,0.659388,AUT,TUR,722830
2659586,18,224,8356,1996,5755.0,270267.0,1.549312,1.273767,BEL,TUR,722830
2659587,23,224,8356,1996,9523.0,97971.0,0.544265,1.523408,BGR,TUR,722830
2659588,32,224,8356,1996,17137.0,0.0,0.699658,1.271724,BRA,TUR,722830
2659589,41,224,8356,1996,13333.0,0.0,2.246238,0.603288,CHE,TUR,722830
2659590,58,224,8356,1996,0.0,556502.0,0.20007,0.020590999999999998,CYP,TUR,722830
2659591,59,224,8356,1996,165765.0,0.0,1.401181,1.3094709999999998,CZE,TUR,722830
2659592,61,224,8356,1996,1711600.0,1725129.0,2.279976,-2.572299,DEU,TUR,722830
2659593,68,224,8356,1996,0.0,4252311.0,-0.5446409999999999,-0.229586,EGY,TUR,722830
2659594,71,224,8356,1996,9531.0,0.0,1.105317,1.9473,ESP,TUR,722830
2659595,77,224,8356,1996,1266400.0,419651.0,1.69082,0.721312,FRA,TUR,722830
2659596,81,224,8356,1996,46457.0,0.0,1.850284,0.883084,GBR,TUR,722830
2659597,97,224,8356,1996,0.0,1925722.0,0.54364,2.727659,HKG,TUR,722830
2659598,102,224,8356,1996,0.0,5091.0,0.790036,1.891534,HUN,TUR,722830
2659599,104,224,8356,1996,26683.0,585333.0,0.20685599999999998,2.317622,IND,TUR,722830
2659600,107,224,8356,1996,0.0,1460204.0,-0.7496649999999999,-1.1173520000000001,IRN,TUR,722830
2659601,110,224,8356,1996,0.0,6234.0,1.054975,1.072965,ISR,TUR,722830
2659602,111,224,8356,1996,166470.0,1194359.0,1.4674690000000001,1.263362,ITA,TUR,722830
2659603,112,224,8356,1996,0.0,4847356.0,-0.6344350000000001,-0.814916,JAM,TUR,722830
2659604,114,224,8356,1996,302698.0,0.0,2.615364,0.5656939999999999,JPN,TUR,722830
2659605,134,224,8356,1996,0.0,44792.0,-0.67314,-0.241242,MAR,TUR,722830
2659606,138,224,8356,1996,0.0,32897.0,0.651949,0.9132170000000001,MEX,TUR,722830
2659607,140,224,8356,1996,0.0,2917.0,0.316133,0.933068,MKD,TUR,722830
2659608,153,224,8356,1996,0.0,213280.0,0.351774,0.347262,MYS,TUR,722830
2659609,162,224,8356,1996,0.0,4092120.0,1.256625,1.803132,NLD,TUR,722830
2659610,163,224,8356,1996,0.0,8579.0,1.204869,0.303062,NOR,TUR,722830
2659611,168,224,8356,1996,0.0,125600.0,-0.7543300000000001,-0.393654,PAK,TUR,722830
2659612,174,224,8356,1996,0.0,677936.0,-0.276548,0.344986,PHL,TUR,722830
2659613,177,224,8356,1996,0.0,251898.0,0.795489,1.9004729999999999,POL,TUR,722830
2659614,185,224,8356,1996,11529.0,148660.0,0.612035,0.880964,ROU,TUR,722830
2659615,186,224,8356,1996,60697.0,10748.0,0.900185,0.47723000000000004,RUS,TUR,722830
2659616,192,224,8356,1996,0.0,1131827.0,0.8354299999999999,0.41169799999999995,SGP,TUR,722830
2659617,206,224,8356,1996,0.0,12624.0,1.189398,1.29167,SVK,TUR,722830
2659618,208,224,8356,1996,407972.0,0.0,2.133781,0.9099889999999999,SWE,TUR,722830
2659619,212,224,8356,1996,0.0,48116.0,-1.100666,-0.90038,SYR,TUR,722830
2659620,219,224,8356,1996,0.0,179526.0,-0.756087,-1.160548,TKM,TUR,722830
2659621,228,224,8356,1996,19571.0,0.0,0.896537,0.9241459999999999,UKR,TUR,722830
2659622,231,224,8356,1996,4532.0,1243128.0,1.7110560000000001,1.125141,USA,TUR,722830
2659623,243,224,8356,1996,0.0,2301429.0,-1.304556,-1.200523,YEM,TUR,722830
2659624,250,224,8356,1996,0.0,30667.0,1.084978,0.901755,ANS,TUR,722830
2659625,15,230,8356,1996,28429.0,0.0,1.9216669999999998,0.659388,AUT,URY,722830
2659626,32,230,8356,1996,439946.0,0.0,0.699658,1.271724,BRA,URY,722830
2659627,61,230,8356,1996,6917.0,0.0,2.279976,-2.572299,DEU,URY,722830
2659628,77,230,8356,1996,15787.0,0.0,1.69082,0.721312,FRA,URY,722830
2659629,8,231,8356,1996,86746.0,626239.0,0.167081,0.433612,ARG,USA,722830
2659630,14,231,8356,1996,80490.0,26295.0,0.369697,0.78069,AUS,USA,722830
2659631,15,231,8356,1996,7664662.0,14824.0,1.9216669999999998,0.659388,AUT,USA,722830
2659632,18,231,8356,1996,0.0,17102.0,1.549312,1.273767,BEL,USA,722830
2659633,23,231,8356,1996,12930.0,0.0,0.544265,1.523408,BGR,USA,722830
2659634,25,231,8356,1996,0.0,291890.0,0.363917,-0.380614,BHS,USA,722830
2659635,28,231,8356,1996,196447.0,0.0,0.7285550000000001,0.660716,BLR,USA,722830
2659636,29,231,8356,1996,0.0,33718.0,-0.341173,-0.670063,BLZ,USA,722830
2659637,32,231,8356,1996,7753750.0,1903942.0,0.699658,1.271724,BRA,USA,722830
2659638,39,231,8356,1996,136140240.0,42974012.0,1.155706,1.1127049999999998,CAN,USA,722830
2659639,41,231,8356,1996,21072.0,2848.0,2.246238,0.603288,CHE,USA,722830
2659640,42,231,8356,1996,0.0,80315.0,-0.052811000000000004,-0.169464,CHL,USA,722830
2659641,43,231,8356,1996,2346594.0,33691.0,0.404422,3.061344,CHN,USA,722830
2659642,49,231,8356,1996,0.0,7535.0,0.136487,0.078743,COL,USA,722830
2659643,52,231,8356,1996,0.0,103379.0,-0.34219499999999997,0.12221900000000001,CRI,USA,722830
2659644,59,231,8356,1996,555672.0,0.0,1.401181,1.3094709999999998,CZE,USA,722830
2659645,61,231,8356,1996,1609747.0,1554953.0,2.279976,-2.572299,DEU,USA,722830
2659646,66,231,8356,1996,3858.0,3149.0,-0.33419699999999997,-1.035736,DZA,USA,722830
2659647,67,231,8356,1996,0.0,11907.0,-1.1391200000000001,-0.992735,ECU,USA,722830
2659648,68,231,8356,1996,0.0,49592.0,-0.5446409999999999,-0.229586,EGY,USA,722830
2659649,71,231,8356,1996,4073569.0,0.0,1.105317,1.9473,ESP,USA,722830
2659650,77,231,8356,1996,18152028.0,142446.0,1.69082,0.721312,FRA,USA,722830
2659651,81,231,8356,1996,5513942.0,2601064.0,1.850284,0.883084,GBR,USA,722830
2659652,90,231,8356,1996,0.0,8134.0,0.271386,1.042608,GRC,USA,722830
2659653,97,231,8356,1996,0.0,54206.0,0.54364,2.727659,HKG,USA,722830
2659654,99,231,8356,1996,0.0,33135.0,-0.69357,-0.48721400000000004,HND,USA,722830
2659655,102,231,8356,1996,0.0,3700.0,0.790036,1.891534,HUN,USA,722830
2659656,104,231,8356,1996,51095.0,424214.0,0.20685599999999998,2.317622,IND,USA,722830
2659657,106,231,8356,1996,3272.0,0.0,1.386011,0.9232100000000001,IRL,USA,722830
2659658,110,231,8356,1996,0.0,1085825.0,1.054975,1.072965,ISR,USA,722830
2659659,111,231,8356,1996,1494419.0,27444.0,1.4674690000000001,1.263362,ITA,USA,722830
2659660,112,231,8356,1996,0.0,4864.0,-0.6344350000000001,-0.814916,JAM,USA,722830
2659661,114,231,8356,1996,8667749.0,120356.0,2.615364,0.5656939999999999,JPN,USA,722830
2659662,121,231,8356,1996,136306.0,277894.0,0.8946940000000001,1.240424,KOR,USA,722830
2659663,127,231,8356,1996,0.0,1449.0,0.016224000000000002,-0.664312,LCA,USA,722830
2659664,138,231,8356,1996,913415.0,69388768.0,0.651949,0.9132170000000001,MEX,USA,722830
2659665,153,231,8356,1996,0.0,25880.0,0.351774,0.347262,MYS,USA,722830
2659666,162,231,8356,1996,0.0,1172776.0,1.256625,1.803132,NLD,USA,722830
2659667,166,231,8356,1996,0.0,34293.0,0.49466099999999996,0.8302879999999999,NZL,USA,722830
2659668,169,231,8356,1996,0.0,2308.0,-0.100537,-0.374129,PAN,USA,722830
2659669,173,231,8356,1996,0.0,1115252.0,-0.43761000000000005,-0.28077399999999997,PER,USA,722830
2659670,174,231,8356,1996,13585.0,0.0,-0.276548,0.344986,PHL,USA,722830
2659671,177,231,8356,1996,0.0,15655.0,0.795489,1.9004729999999999,POL,USA,722830
2659672,186,231,8356,1996,252075.0,0.0,0.900185,0.47723000000000004,RUS,USA,722830
2659673,188,231,8356,1996,0.0,144580.0,0.215265,-0.8577309999999999,SAU,USA,722830
2659674,192,231,8356,1996,0.0,263126.0,0.8354299999999999,0.41169799999999995,SGP,USA,722830
2659675,197,231,8356,1996,0.0,8941.0,-0.24968800000000002,-0.121995,SLV,USA,722830
2659676,205,231,8356,1996,0.0,17590.0,-0.93463,-0.797197,SUR,USA,722830
2659677,206,231,8356,1996,0.0,14396.0,1.189398,1.29167,SVK,USA,722830
2659678,207,231,8356,1996,4820442.0,0.0,1.409184,1.37245,SVN,USA,722830
2659679,208,231,8356,1996,4489908.0,5393.0,2.133781,0.9099889999999999,SWE,USA,722830
2659680,216,231,8356,1996,0.0,60157.0,0.10120599999999999,1.351967,THA,USA,722830
2659681,222,231,8356,1996,0.0,5473.0,0.19111,-0.488382,TTO,USA,722830
2659682,224,231,8356,1996,1243128.0,4532.0,0.156866,1.554023,TUR,USA,722830
2659683,228,231,8356,1996,514281.0,0.0,0.896537,0.9241459999999999,UKR,USA,722830
2659684,236,231,8356,1996,0.0,7374.0,0.07086100000000001,-0.761307,VEN,USA,722830
2659685,246,231,8356,1996,2588.0,7732.0,0.456593,1.150786,ZAF,USA,722830
2659686,249,231,8356,1996,1561043.0,700746.0,1.432225,1.675389,TWN,USA,722830
2659687,6,236,8356,1996,0.0,17941.0,0.29339,-0.572443,ANT,VEN,722830
2659688,15,236,8356,1996,70683.0,0.0,1.9216669999999998,0.659388,AUT,VEN,722830
2659689,18,236,8356,1996,18590.0,0.0,1.549312,1.273767,BEL,VEN,722830
2659690,32,236,8356,1996,4072152.0,0.0,0.699658,1.271724,BRA,VEN,722830
2659691,39,236,8356,1996,201423.0,0.0,1.155706,1.1127049999999998,CAN,VEN,722830
2659692,49,236,8356,1996,1654506.0,347805.0,0.136487,0.078743,COL,VEN,722830
2659693,59,236,8356,1996,58058.0,0.0,1.401181,1.3094709999999998,CZE,VEN,722830
2659694,61,236,8356,1996,178169.0,0.0,2.279976,-2.572299,DEU,VEN,722830
2659695,71,236,8356,1996,130978.0,0.0,1.105317,1.9473,ESP,VEN,722830
2659696,74,236,8356,1996,2584.0,0.0,2.0584729999999998,1.006908,FIN,VEN,722830
2659697,77,236,8356,1996,108831.0,0.0,1.69082,0.721312,FRA,VEN,722830
2659698,81,236,8356,1996,32489.0,0.0,1.850284,0.883084,GBR,VEN,722830
2659699,111,236,8356,1996,96144.0,0.0,1.4674690000000001,1.263362,ITA,VEN,722830
2659700,112,236,8356,1996,0.0,176686.0,-0.6344350000000001,-0.814916,JAM,VEN,722830
2659701,138,236,8356,1996,456852.0,0.0,0.651949,0.9132170000000001,MEX,VEN,722830
2659702,173,236,8356,1996,0.0,12939.0,-0.43761000000000005,-0.28077399999999997,PER,VEN,722830
2659703,177,236,8356,1996,176286.0,0.0,0.795489,1.9004729999999999,POL,VEN,722830
2659704,231,236,8356,1996,7374.0,0.0,1.7110560000000001,1.125141,USA,VEN,722830
2659705,7,14,8356,1996,0.0,40853.0,-0.245358,-0.726695,ARE,AUS,722830
2659706,15,14,8356,1996,1442544.0,42772.0,1.9216669999999998,0.659388,AUT,AUS,722830
2659707,18,14,8356,1996,0.0,97395.0,1.549312,1.273767,BEL,AUS,722830
2659708,24,14,8356,1996,0.0,217537.0,-0.062207000000000005,-0.840398,BHR,AUS,722830
2659709,32,14,8356,1996,66615.0,0.0,0.699658,1.271724,BRA,AUS,722830
2659710,39,14,8356,1996,4441.0,0.0,1.155706,1.1127049999999998,CAN,AUS,722830
2659711,43,14,8356,1996,66379.0,100497.0,0.404422,3.061344,CHN,AUS,722830
2659712,59,14,8356,1996,127387.0,0.0,1.401181,1.3094709999999998,CZE,AUS,722830
2659713,61,14,8356,1996,586875.0,35036.0,2.279976,-2.572299,DEU,AUS,722830
2659714,71,14,8356,1996,399650.0,0.0,1.105317,1.9473,ESP,AUS,722830
2659715,74,14,8356,1996,6105.0,0.0,2.0584729999999998,1.006908,FIN,AUS,722830
2659716,75,14,8356,1996,0.0,351654.0,-0.7977,-0.9271879999999999,FJI,AUS,722830
2659717,77,14,8356,1996,2817472.0,0.0,1.69082,0.721312,FRA,AUS,722830
2659718,81,14,8356,1996,390095.0,0.0,1.850284,0.883084,GBR,AUS,722830
2659719,97,14,8356,1996,0.0,37651.0,0.54364,2.727659,HKG,AUS,722830
2659720,103,14,8356,1996,0.0,1748005.0,-0.43199899999999997,1.22074,IDN,AUS,722830
2659721,104,14,8356,1996,41485.0,33615.0,0.20685599999999998,2.317622,IND,AUS,722830
2659722,111,14,8356,1996,4765.0,0.0,1.4674690000000001,1.263362,ITA,AUS,722830
2659723,114,14,8356,1996,635865.0,2443.0,2.615364,0.5656939999999999,JPN,AUS,722830
2659724,121,14,8356,1996,70586.0,41706.0,0.8946940000000001,1.240424,KOR,AUS,722830
2659725,153,14,8356,1996,0.0,80101.0,0.351774,0.347262,MYS,AUS,722830
2659726,162,14,8356,1996,56796.0,0.0,1.256625,1.803132,NLD,AUS,722830
2659727,166,14,8356,1996,4183.0,1777755.0,0.49466099999999996,0.8302879999999999,NZL,AUS,722830
2659728,174,14,8356,1996,0.0,9070.0,-0.276548,0.344986,PHL,AUS,722830
2659729,176,14,8356,1996,0.0,2916432.0,-2.120746,-1.2199879999999999,PNG,AUS,722830
2659730,188,14,8356,1996,0.0,10954.0,0.215265,-0.8577309999999999,SAU,AUS,722830
2659731,192,14,8356,1996,14848.0,20327.0,0.8354299999999999,0.41169799999999995,SGP,AUS,722830
2659732,195,14,8356,1996,0.0,64438.0,-1.855104,-0.895618,SLB,AUS,722830
2659733,208,14,8356,1996,363238.0,0.0,2.133781,0.9099889999999999,SWE,AUS,722830
2659734,216,14,8356,1996,0.0,113162.0,0.10120599999999999,1.351967,THA,AUS,722830
2659735,224,14,8356,1996,524315.0,0.0,0.156866,1.554023,TUR,AUS,722830
2659736,231,14,8356,1996,26295.0,80490.0,1.7110560000000001,1.125141,USA,AUS,722830
2659737,246,14,8356,1996,1840753.0,0.0,0.456593,1.150786,ZAF,AUS,722830
2659738,249,14,8356,1996,153372.0,0.0,1.432225,1.675389,TWN,AUS,722830
2659739,250,14,8356,1996,1346490.0,0.0,1.084978,0.901755,ANS,AUS,722830
2659740,82,16,8356,1996,333142.0,0.0,0.5383020000000001,0.167596,GEO,AZE,722830
2659741,186,16,8356,1996,136472.0,0.0,0.900185,0.47723000000000004,RUS,AZE,722830
2659742,228,16,8356,1996,769347.0,0.0,0.896537,0.9241459999999999,UKR,AZE,722830
2659743,104,22,8356,1996,103962.0,0.0,0.20685599999999998,2.317622,IND,BGD,722830
2659744,114,22,8356,1996,293088.0,0.0,2.615364,0.5656939999999999,JPN,BGD,722830
2659745,15,23,8356,1996,44940.0,0.0,1.9216669999999998,0.659388,AUT,BGR,722830
2659746,41,23,8356,1996,2056.0,879.0,2.246238,0.603288,CHE,BGR,722830
2659747,59,23,8356,1996,145871.0,2447.0,1.401181,1.3094709999999998,CZE,BGR,722830
2659748,61,23,8356,1996,137373.0,506393.0,2.279976,-2.572299,DEU,BGR,722830
2659749,64,23,8356,1996,11207.0,11772.0,1.443514,1.275684,DNK,BGR,722830
2659750,66,23,8356,1996,0.0,9599.0,-0.33419699999999997,-1.035736,DZA,BGR,722830
2659751,77,23,8356,1996,0.0,1339.0,1.69082,0.721312,FRA,BGR,722830
2659752,81,23,8356,1996,0.0,3330.0,1.850284,0.883084,GBR,BGR,722830
2659753,111,23,8356,1996,161585.0,5673.0,1.4674690000000001,1.263362,ITA,BGR,722830
2659754,126,23,8356,1996,0.0,13102.0,-0.588489,-1.138552,LBY,BGR,722830
2659755,140,23,8356,1996,0.0,2534.0,0.316133,0.933068,MKD,BGR,722830
2659756,185,23,8356,1996,110745.0,0.0,0.612035,0.880964,ROU,BGR,722830
2659757,186,23,8356,1996,662117.0,1146.0,0.900185,0.47723000000000004,RUS,BGR,722830
2659758,188,23,8356,1996,0.0,33355.0,0.215265,-0.8577309999999999,SAU,BGR,722830
2659759,189,23,8356,1996,22506.0,143186.0,0.786293,2.20126,SCG,BGR,722830
2659760,207,23,8356,1996,39626.0,0.0,1.409184,1.37245,SVN,BGR,722830
2659761,208,23,8356,1996,15827.0,0.0,2.133781,0.9099889999999999,SWE,BGR,722830
2659762,212,23,8356,1996,0.0,15223.0,-1.100666,-0.90038,SYR,BGR,722830
2659763,224,23,8356,1996,97971.0,9523.0,0.156866,1.554023,TUR,BGR,722830
2659764,228,23,8356,1996,187889.0,0.0,0.896537,0.9241459999999999,UKR,BGR,722830
2659765,231,23,8356,1996,0.0,12930.0,1.7110560000000001,1.125141,USA,BGR,722830
2659766,250,23,8356,1996,8357.0,1424.0,1.084978,0.901755,ANS,BGR,722830
2659767,8,39,8356,1996,1696.0,0.0,0.167081,0.433612,ARG,CAN,722830
2659768,14,39,8356,1996,0.0,4441.0,0.369697,0.78069,AUS,CAN,722830
2659769,15,39,8356,1996,456942.0,0.0,1.9216669999999998,0.659388,AUT,CAN,722830
2659770,32,39,8356,1996,69856.0,6254477.0,0.699658,1.271724,BRA,CAN,722830
2659771,42,39,8356,1996,0.0,1301.0,-0.052811000000000004,-0.169464,CHL,CAN,722830
2659772,43,39,8356,1996,79117.0,0.0,0.404422,3.061344,CHN,CAN,722830
2659773,49,39,8356,1996,5345.0,0.0,0.136487,0.078743,COL,CAN,722830
2659774,59,39,8356,1996,1789.0,0.0,1.401181,1.3094709999999998,CZE,CAN,722830
2659775,61,39,8356,1996,780465.0,0.0,2.279976,-2.572299,DEU,CAN,722830
2659776,71,39,8356,1996,702232.0,0.0,1.105317,1.9473,ESP,CAN,722830
2659777,74,39,8356,1996,7486.0,0.0,2.0584729999999998,1.006908,FIN,CAN,722830
2659778,77,39,8356,1996,6151480.0,78985.0,1.69082,0.721312,FRA,CAN,722830
2659779,81,39,8356,1996,951204.0,65146.0,1.850284,0.883084,GBR,CAN,722830
2659780,97,39,8356,1996,0.0,67716.0,0.54364,2.727659,HKG,CAN,722830
2659781,103,39,8356,1996,0.0,22520.0,-0.43199899999999997,1.22074,IDN,CAN,722830
2659782,111,39,8356,1996,205125.0,0.0,1.4674690000000001,1.263362,ITA,CAN,722830
2659783,114,39,8356,1996,57073.0,0.0,2.615364,0.5656939999999999,JPN,CAN,722830
2659784,121,39,8356,1996,4389.0,0.0,0.8946940000000001,1.240424,KOR,CAN,722830
2659785,138,39,8356,1996,44126.0,3024406.0,0.651949,0.9132170000000001,MEX,CAN,722830
2659786,163,39,8356,1996,0.0,4587.0,1.204869,0.303062,NOR,CAN,722830
2659787,166,39,8356,1996,0.0,2820.0,0.49466099999999996,0.8302879999999999,NZL,CAN,722830
2659788,174,39,8356,1996,0.0,86636.0,-0.276548,0.344986,PHL,CAN,722830
2659789,177,39,8356,1996,1542.0,0.0,0.795489,1.9004729999999999,POL,CAN,722830
2659790,179,39,8356,1996,17381.0,0.0,0.39343,1.170144,PRT,CAN,722830
2659791,185,39,8356,1996,0.0,3189.0,0.612035,0.880964,ROU,CAN,722830
2659792,186,39,8356,1996,60285.0,0.0,0.900185,0.47723000000000004,RUS,CAN,722830
2659793,208,39,8356,1996,608974.0,0.0,2.133781,0.9099889999999999,SWE,CAN,722830
2659794,216,39,8356,1996,0.0,31872.0,0.10120599999999999,1.351967,THA,CAN,722830
2659795,228,39,8356,1996,5965.0,0.0,0.896537,0.9241459999999999,UKR,CAN,722830
2659796,231,39,8356,1996,42974012.0,136140240.0,1.7110560000000001,1.125141,USA,CAN,722830
2659797,236,39,8356,1996,0.0,201423.0,0.07086100000000001,-0.761307,VEN,CAN,722830
2659798,246,39,8356,1996,0.0,95048.0,0.456593,1.150786,ZAF,CAN,722830
2659799,249,39,8356,1996,8908.0,0.0,1.432225,1.675389,TWN,CAN,722830
2659800,250,39,8356,1996,269228.0,0.0,1.084978,0.901755,ANS,CAN,722830
2659801,15,41,8356,1996,1699302.0,359132.0,1.9216669999999998,0.659388,AUT,CHE,722830
2659802,18,41,8356,1996,1725.0,55205.0,1.549312,1.273767,BEL,CHE,722830
2659803,23,41,8356,1996,879.0,2056.0,0.544265,1.523408,BGR,CHE,722830
2659804,59,41,8356,1996,101715.0,132567.0,1.401181,1.3094709999999998,CZE,CHE,722830
2659805,61,41,8356,1996,11037464.0,684700.0,2.279976,-2.572299,DEU,CHE,722830
2659806,71,41,8356,1996,456379.0,17727.0,1.105317,1.9473,ESP,CHE,722830
2659807,77,41,8356,1996,1828721.0,635596.0,1.69082,0.721312,FRA,CHE,722830
2659808,81,41,8356,1996,559612.0,18926.0,1.850284,0.883084,GBR,CHE,722830
2659809,97,41,8356,1996,0.0,89504.0,0.54364,2.727659,HKG,CHE,722830
2659810,100,41,8356,1996,0.0,11388.0,0.772706,1.1075270000000002,HRV,CHE,722830
2659811,102,41,8356,1996,0.0,8146.0,0.790036,1.891534,HUN,CHE,722830
2659812,106,41,8356,1996,0.0,10168.0,1.386011,0.9232100000000001,IRL,CHE,722830
2659813,111,41,8356,1996,625484.0,320487.0,1.4674690000000001,1.263362,ITA,CHE,722830
2659814,138,41,8356,1996,0.0,18730.0,0.651949,0.9132170000000001,MEX,CHE,722830
2659815,162,41,8356,1996,4900.0,28650.0,1.256625,1.803132,NLD,CHE,722830
2659816,177,41,8356,1996,298974.0,17350.0,0.795489,1.9004729999999999,POL,CHE,722830
2659817,192,41,8356,1996,0.0,15132.0,0.8354299999999999,0.41169799999999995,SGP,CHE,722830
2659818,207,41,8356,1996,24436.0,0.0,1.409184,1.37245,SVN,CHE,722830
2659819,208,41,8356,1996,566984.0,1012.0,2.133781,0.9099889999999999,SWE,CHE,722830
2659820,224,41,8356,1996,0.0,13333.0,0.156866,1.554023,TUR,CHE,722830
2659821,228,41,8356,1996,945.0,0.0,0.896537,0.9241459999999999,UKR,CHE,722830
2659822,231,41,8356,1996,2848.0,21072.0,1.7110560000000001,1.125141,USA,CHE,722830
2659823,8,42,8356,1996,380029.0,8531.0,0.167081,0.433612,ARG,CHL,722830
2659824,15,42,8356,1996,100355.0,0.0,1.9216669999999998,0.659388,AUT,CHL,722830
2659825,18,42,8356,1996,37420.0,0.0,1.549312,1.273767,BEL,CHL,722830
2659826,31,42,8356,1996,0.0,101923.0,-0.589432,-0.7781,BOL,CHL,722830
2659827,32,42,8356,1996,2136995.0,0.0,0.699658,1.271724,BRA,CHL,722830
2659828,39,42,8356,1996,1301.0,0.0,1.155706,1.1127049999999998,CAN,CHL,722830
2659829,49,42,8356,1996,65316.0,0.0,0.136487,0.078743,COL,CHL,722830
2659830,59,42,8356,1996,8220.0,0.0,1.401181,1.3094709999999998,CZE,CHL,722830
2659831,61,42,8356,1996,239387.0,0.0,2.279976,-2.572299,DEU,CHL,722830
2659832,71,42,8356,1996,728001.0,0.0,1.105317,1.9473,ESP,CHL,722830
2659833,77,42,8356,1996,212715.0,0.0,1.69082,0.721312,FRA,CHL,722830
2659834,81,42,8356,1996,6977.0,0.0,1.850284,0.883084,GBR,CHL,722830
2659835,111,42,8356,1996,12957.0,0.0,1.4674690000000001,1.263362,ITA,CHL,722830
2659836,207,42,8356,1996,3397.0,0.0,1.409184,1.37245,SVN,CHL,722830
2659837,208,42,8356,1996,8613.0,0.0,2.133781,0.9099889999999999,SWE,CHL,722830
2659838,231,42,8356,1996,80315.0,0.0,1.7110560000000001,1.125141,USA,CHL,722830
2659839,246,42,8356,1996,90698.0,0.0,0.456593,1.150786,ZAF,CHL,722830
2659840,250,42,8356,1996,27002.0,0.0,1.084978,0.901755,ANS,CHL,722830
2659841,14,59,8356,1996,0.0,127387.0,0.369697,0.78069,AUS,CZE,722830
2659842,15,59,8356,1996,1587458.0,533830.0,1.9216669999999998,0.659388,AUT,CZE,722830
2659843,18,59,8356,1996,0.0,107885.0,1.549312,1.273767,BEL,CZE,722830
2659844,23,59,8356,1996,2447.0,145871.0,0.544265,1.523408,BGR,CZE,722830
2659845,26,59,8356,1996,0.0,10970.0,0.679466,0.730425,BIH,CZE,722830
2659846,28,59,8356,1996,0.0,114806.0,0.7285550000000001,0.660716,BLR,CZE,722830
2659847,32,59,8356,1996,0.0,47083.0,0.699658,1.271724,BRA,CZE,722830
2659848,39,59,8356,1996,0.0,1789.0,1.155706,1.1127049999999998,CAN,CZE,722830
2659849,41,59,8356,1996,132567.0,101715.0,2.246238,0.603288,CHE,CZE,722830
2659850,42,59,8356,1996,0.0,8220.0,-0.052811000000000004,-0.169464,CHL,CZE,722830
2659851,49,59,8356,1996,0.0,37665.0,0.136487,0.078743,COL,CZE,722830
2659852,61,59,8356,1996,3750767.0,10292773.0,2.279976,-2.572299,DEU,CZE,722830
2659853,64,59,8356,1996,0.0,33824.0,1.443514,1.275684,DNK,CZE,722830
2659854,67,59,8356,1996,0.0,2564.0,-1.1391200000000001,-0.992735,ECU,CZE,722830
2659855,68,59,8356,1996,0.0,230030.0,-0.5446409999999999,-0.229586,EGY,CZE,722830
2659856,71,59,8356,1996,3441.0,315090.0,1.105317,1.9473,ESP,CZE,722830
2659857,74,59,8356,1996,10582.0,17551.0,2.0584729999999998,1.006908,FIN,CZE,722830
2659858,77,59,8356,1996,191885.0,1967725.0,1.69082,0.721312,FRA,CZE,722830
2659859,81,59,8356,1996,5156.0,175833.0,1.850284,0.883084,GBR,CZE,722830
2659860,90,59,8356,1996,0.0,126448.0,0.271386,1.042608,GRC,CZE,722830
2659861,97,59,8356,1996,0.0,12011.0,0.54364,2.727659,HKG,CZE,722830
2659862,100,59,8356,1996,0.0,81597.0,0.772706,1.1075270000000002,HRV,CZE,722830
2659863,102,59,8356,1996,288457.0,66904.0,0.790036,1.891534,HUN,CZE,722830
2659864,103,59,8356,1996,0.0,7811.0,-0.43199899999999997,1.22074,IDN,CZE,722830
2659865,104,59,8356,1996,0.0,60219.0,0.20685599999999998,2.317622,IND,CZE,722830
2659866,107,59,8356,1996,0.0,3154977.0,-0.7496649999999999,-1.1173520000000001,IRN,CZE,722830
2659867,110,59,8356,1996,0.0,24875.0,1.054975,1.072965,ISR,CZE,722830
2659868,111,59,8356,1996,124818.0,914557.0,1.4674690000000001,1.263362,ITA,CZE,722830
2659869,112,59,8356,1996,0.0,3178.0,-0.6344350000000001,-0.814916,JAM,CZE,722830
2659870,121,59,8356,1996,0.0,22769.0,0.8946940000000001,1.240424,KOR,CZE,722830
2659871,126,59,8356,1996,0.0,128099.0,-0.588489,-1.138552,LBY,CZE,722830
2659872,140,59,8356,1996,0.0,3925.0,0.316133,0.933068,MKD,CZE,722830
2659873,153,59,8356,1996,0.0,17580.0,0.351774,0.347262,MYS,CZE,722830
2659874,162,59,8356,1996,3269.0,282793.0,1.256625,1.803132,NLD,CZE,722830
2659875,163,59,8356,1996,0.0,5300.0,1.204869,0.303062,NOR,CZE,722830
2659876,177,59,8356,1996,8330.0,913604.0,0.795489,1.9004729999999999,POL,CZE,722830
2659877,179,59,8356,1996,0.0,10797.0,0.39343,1.170144,PRT,CZE,722830
2659878,185,59,8356,1996,0.0,40869.0,0.612035,0.880964,ROU,CZE,722830
2659879,186,59,8356,1996,656034.0,0.0,0.900185,0.47723000000000004,RUS,CZE,722830
2659880,188,59,8356,1996,0.0,17594.0,0.215265,-0.8577309999999999,SAU,CZE,722830
2659881,189,59,8356,1996,0.0,10149.0,0.786293,2.20126,SCG,CZE,722830
2659882,192,59,8356,1996,0.0,25627.0,0.8354299999999999,0.41169799999999995,SGP,CZE,722830
2659883,205,59,8356,1996,0.0,1259.0,-0.93463,-0.797197,SUR,CZE,722830
2659884,206,59,8356,1996,429267.0,9653210.0,1.189398,1.29167,SVK,CZE,722830
2659885,207,59,8356,1996,112065.0,77370.0,1.409184,1.37245,SVN,CZE,722830
2659886,208,59,8356,1996,13823.0,213277.0,2.133781,0.9099889999999999,SWE,CZE,722830
2659887,212,59,8356,1996,0.0,22118.0,-1.100666,-0.90038,SYR,CZE,722830
2659888,216,59,8356,1996,0.0,25421.0,0.10120599999999999,1.351967,THA,CZE,722830
2659889,222,59,8356,1996,0.0,687.0,0.19111,-0.488382,TTO,CZE,722830
2659890,224,59,8356,1996,0.0,165765.0,0.156866,1.554023,TUR,CZE,722830
2659891,228,59,8356,1996,144949.0,0.0,0.896537,0.9241459999999999,UKR,CZE,722830
2659892,231,59,8356,1996,0.0,555672.0,1.7110560000000001,1.125141,USA,CZE,722830
2659893,236,59,8356,1996,0.0,58058.0,0.07086100000000001,-0.761307,VEN,CZE,722830
2659894,246,59,8356,1996,0.0,4276.0,0.456593,1.150786,ZAF,CZE,722830
2659895,249,59,8356,1996,0.0,104609.0,1.432225,1.675389,TWN,CZE,722830
2659896,250,59,8356,1996,77826.0,1487.0,1.084978,0.901755,ANS,CZE,722830
2659897,15,66,8356,1996,11362.0,0.0,1.9216669999999998,0.659388,AUT,DZA,722830
2659898,18,66,8356,1996,13167.0,0.0,1.549312,1.273767,BEL,DZA,722830
2659899,23,66,8356,1996,9599.0,0.0,0.544265,1.523408,BGR,DZA,722830
2659900,61,66,8356,1996,148588.0,0.0,2.279976,-2.572299,DEU,DZA,722830
2659901,71,66,8356,1996,4255.0,0.0,1.105317,1.9473,ESP,DZA,722830
2659902,77,66,8356,1996,497830.0,0.0,1.69082,0.721312,FRA,DZA,722830
2659903,111,66,8356,1996,257030.0,0.0,1.4674690000000001,1.263362,ITA,DZA,722830
2659904,231,66,8356,1996,3149.0,3858.0,1.7110560000000001,1.125141,USA,DZA,722830
2659905,15,68,8356,1996,396183.0,0.0,1.9216669999999998,0.659388,AUT,EGY,722830
2659906,59,68,8356,1996,230030.0,0.0,1.401181,1.3094709999999998,CZE,EGY,722830
2659907,61,68,8356,1996,363767.0,0.0,2.279976,-2.572299,DEU,EGY,722830
2659908,74,68,8356,1996,5249.0,0.0,2.0584729999999998,1.006908,FIN,EGY,722830
2659909,77,68,8356,1996,362436.0,0.0,1.69082,0.721312,FRA,EGY,722830
2659910,111,68,8356,1996,17328.0,0.0,1.4674690000000001,1.263362,ITA,EGY,722830
2659911,162,68,8356,1996,11747.0,0.0,1.256625,1.803132,NLD,EGY,722830
2659912,177,68,8356,1996,37955.0,0.0,0.795489,1.9004729999999999,POL,EGY,722830
2659913,186,68,8356,1996,182901.0,0.0,0.900185,0.47723000000000004,RUS,EGY,722830
2659914,208,68,8356,1996,59853.0,0.0,2.133781,0.9099889999999999,SWE,EGY,722830
2659915,224,68,8356,1996,4252311.0,0.0,0.156866,1.554023,TUR,EGY,722830
2659916,231,68,8356,1996,49592.0,0.0,1.7110560000000001,1.125141,USA,EGY,722830
2659917,61,72,8356,1996,3172.0,0.0,2.279976,-2.572299,DEU,EST,722830
2659918,74,72,8356,1996,14762.0,0.0,2.0584729999999998,1.006908,FIN,EST,722830
2659919,130,72,8356,1996,15793.0,0.0,0.40520500000000004,0.9465950000000001,LTU,EST,722830
2659920,186,72,8356,1996,49970.0,0.0,0.900185,0.47723000000000004,RUS,EST,722830
2659921,208,72,8356,1996,21934.0,0.0,2.133781,0.9099889999999999,SWE,EST,722830
2659922,228,72,8356,1996,14656.0,0.0,0.896537,0.9241459999999999,UKR,EST,722830
2659923,61,83,8356,1996,31405.0,0.0,2.279976,-2.572299,DEU,GHA,722830
2659924,162,83,8356,1996,6272.0,0.0,1.256625,1.803132,NLD,GHA,722830
2659925,15,102,8356,1996,1145392.0,1821695.0,1.9216669999999998,0.659388,AUT,HUN,722830
2659926,18,102,8356,1996,7947.0,0.0,1.549312,1.273767,BEL,HUN,722830
2659927,32,102,8356,1996,910082.0,0.0,0.699658,1.271724,BRA,HUN,722830
2659928,41,102,8356,1996,8146.0,0.0,2.246238,0.603288,CHE,HUN,722830
2659929,58,102,8356,1996,14996.0,0.0,0.20007,0.020590999999999998,CYP,HUN,722830
2659930,59,102,8356,1996,66904.0,288457.0,1.401181,1.3094709999999998,CZE,HUN,722830
2659931,61,102,8356,1996,907701.0,903158.0,2.279976,-2.572299,DEU,HUN,722830
2659932,74,102,8356,1996,73980.0,0.0,2.0584729999999998,1.006908,FIN,HUN,722830
2659933,77,102,8356,1996,8175.0,0.0,1.69082,0.721312,FRA,HUN,722830
2659934,81,102,8356,1996,16709.0,465269.0,1.850284,0.883084,GBR,HUN,722830
2659935,100,102,8356,1996,0.0,11224.0,0.772706,1.1075270000000002,HRV,HUN,722830
2659936,111,102,8356,1996,79598.0,66633.0,1.4674690000000001,1.263362,ITA,HUN,722830
2659937,114,102,8356,1996,0.0,921.0,2.615364,0.5656939999999999,JPN,HUN,722830
2659938,153,102,8356,1996,0.0,18491.0,0.351774,0.347262,MYS,HUN,722830
2659939,177,102,8356,1996,4603.0,893472.0,0.795489,1.9004729999999999,POL,HUN,722830
2659940,185,102,8356,1996,0.0,1847.0,0.612035,0.880964,ROU,HUN,722830
2659941,186,102,8356,1996,531416.0,0.0,0.900185,0.47723000000000004,RUS,HUN,722830
2659942,189,102,8356,1996,0.0,8667.0,0.786293,2.20126,SCG,HUN,722830
2659943,206,102,8356,1996,30711.0,146044.0,1.189398,1.29167,SVK,HUN,722830
2659944,207,102,8356,1996,1863376.0,316419.0,1.409184,1.37245,SVN,HUN,722830
2659945,208,102,8356,1996,418459.0,0.0,2.133781,0.9099889999999999,SWE,HUN,722830
2659946,212,102,8356,1996,0.0,6000.0,-1.100666,-0.90038,SYR,HUN,722830
2659947,224,102,8356,1996,5091.0,0.0,0.156866,1.554023,TUR,HUN,722830
2659948,228,102,8356,1996,35841.0,0.0,0.896537,0.9241459999999999,UKR,HUN,722830
2659949,231,102,8356,1996,3700.0,0.0,1.7110560000000001,1.125141,USA,HUN,722830
2659950,250,102,8356,1996,0.0,16000.0,1.084978,0.901755,ANS,HUN,722830
2659951,14,103,8356,1996,1748005.0,0.0,0.369697,0.78069,AUS,IDN,722830
2659952,15,103,8356,1996,596591.0,0.0,1.9216669999999998,0.659388,AUT,IDN,722830
2659953,18,103,8356,1996,30328.0,0.0,1.549312,1.273767,BEL,IDN,722830
2659954,32,103,8356,1996,1521414.0,0.0,0.699658,1.271724,BRA,IDN,722830
2659955,39,103,8356,1996,22520.0,0.0,1.155706,1.1127049999999998,CAN,IDN,722830
2659956,43,103,8356,1996,82438.0,0.0,0.404422,3.061344,CHN,IDN,722830
2659957,59,103,8356,1996,7811.0,0.0,1.401181,1.3094709999999998,CZE,IDN,722830
2659958,61,103,8356,1996,1241895.0,0.0,2.279976,-2.572299,DEU,IDN,722830
2659959,71,103,8356,1996,204573.0,0.0,1.105317,1.9473,ESP,IDN,722830
2659960,81,103,8356,1996,38284.0,0.0,1.850284,0.883084,GBR,IDN,722830
2659961,104,103,8356,1996,193918.0,0.0,0.20685599999999998,2.317622,IND,IDN,722830
2659962,114,103,8356,1996,6707536.0,0.0,2.615364,0.5656939999999999,JPN,IDN,722830
2659963,121,103,8356,1996,1078764.0,0.0,0.8946940000000001,1.240424,KOR,IDN,722830
2659964,153,103,8356,1996,0.0,57927.0,0.351774,0.347262,MYS,IDN,722830
2659965,162,103,8356,1996,287010.0,0.0,1.256625,1.803132,NLD,IDN,722830
2659966,192,103,8356,1996,0.0,38154.0,0.8354299999999999,0.41169799999999995,SGP,IDN,722830
2659967,208,103,8356,1996,340684.0,0.0,2.133781,0.9099889999999999,SWE,IDN,722830
2659968,216,103,8356,1996,7987.0,0.0,0.10120599999999999,1.351967,THA,IDN,722830
2659969,7,104,8356,1996,0.0,1933.0,-0.245358,-0.726695,ARE,IND,722830
2659970,14,104,8356,1996,33615.0,41485.0,0.369697,0.78069,AUS,IND,722830
2659971,15,104,8356,1996,1557372.0,0.0,1.9216669999999998,0.659388,AUT,IND,722830
2659972,18,104,8356,1996,33900.0,0.0,1.549312,1.273767,BEL,IND,722830
2659973,22,104,8356,1996,0.0,103962.0,-1.060876,-1.05104,BGD,IND,722830
2659974,24,104,8356,1996,0.0,50221.0,-0.062207000000000005,-0.840398,BHR,IND,722830
2659975,32,104,8356,1996,150661.0,0.0,0.699658,1.271724,BRA,IND,722830
2659976,43,104,8356,1996,327157.0,0.0,0.404422,3.061344,CHN,IND,722830
2659977,49,104,8356,1996,0.0,122219.0,0.136487,0.078743,COL,IND,722830
2659978,59,104,8356,1996,60219.0,0.0,1.401181,1.3094709999999998,CZE,IND,722830
2659979,61,104,8356,1996,630287.0,341310.0,2.279976,-2.572299,DEU,IND,722830
2659980,71,104,8356,1996,0.0,11420.0,1.105317,1.9473,ESP,IND,722830
2659981,77,104,8356,1996,335918.0,0.0,1.69082,0.721312,FRA,IND,722830
2659982,81,104,8356,1996,82977.0,41996.0,1.850284,0.883084,GBR,IND,722830
2659983,103,104,8356,1996,0.0,193918.0,-0.43199899999999997,1.22074,IDN,IND,722830
2659984,111,104,8356,1996,101158.0,0.0,1.4674690000000001,1.263362,ITA,IND,722830
2659985,114,104,8356,1996,1162444.0,1168513.0,2.615364,0.5656939999999999,JPN,IND,722830
2659986,116,104,8356,1996,0.0,8587.0,-0.468322,-0.017625,KEN,IND,722830
2659987,121,104,8356,1996,28349.0,55056.0,0.8946940000000001,1.240424,KOR,IND,722830
2659988,128,104,8356,1996,0.0,101846.0,-0.812763,-0.188722,LKA,IND,722830
2659989,137,104,8356,1996,0.0,2597.0,-1.107903,-1.016442,MDV,IND,722830
2659990,138,104,8356,1996,0.0,108804.0,0.651949,0.9132170000000001,MEX,IND,722830
2659991,143,104,8356,1996,0.0,57266.0,-1.556357,-1.078395,MMR,IND,722830
2659992,153,104,8356,1996,0.0,25263.0,0.351774,0.347262,MYS,IND,722830
2659993,164,104,8356,1996,0.0,68051.0,-0.7390100000000001,-0.647903,NPL,IND,722830
2659994,174,104,8356,1996,0.0,328840.0,-0.276548,0.344986,PHL,IND,722830
2659995,177,104,8356,1996,32852.0,0.0,0.795489,1.9004729999999999,POL,IND,722830
2659996,186,104,8356,1996,0.0,259052.0,0.900185,0.47723000000000004,RUS,IND,722830
2659997,188,104,8356,1996,0.0,19502.0,0.215265,-0.8577309999999999,SAU,IND,722830
2659998,190,104,8356,1996,0.0,7963.0,-1.4146459999999998,-1.181707,SDN,IND,722830
