3729999,246,250,8788,1996,0.0,1868.0,0.456593,1.150786,ZAF,ANS,840910
3730000,71,54,8788,1996,238486.0,0.0,1.105317,1.9473,ESP,CUB,840910
3730001,81,54,8788,1996,28381.0,0.0,1.850284,0.883084,GBR,CUB,840910
3730002,162,54,8788,1996,54051.0,0.0,1.256625,1.803132,NLD,CUB,840910
3730003,71,141,8788,1996,6538.0,0.0,1.105317,1.9473,ESP,MLI,840910
3730004,77,141,8788,1996,7712.0,0.0,1.69082,0.721312,FRA,MLI,840910
3730005,81,141,8788,1996,27927.0,0.0,1.850284,0.883084,GBR,MLI,840910
3730006,43,168,8788,1996,10208.0,0.0,0.404422,3.061344,CHN,PAK,840910
3730007,64,168,8788,1996,1553.0,0.0,1.443514,1.275684,DNK,PAK,840910
3730008,81,168,8788,1996,103404.0,0.0,1.850284,0.883084,GBR,PAK,840910
3730009,111,168,8788,1996,13965.0,0.0,1.4674690000000001,1.263362,ITA,PAK,840910
3730010,121,168,8788,1996,159009.0,0.0,0.8946940000000001,1.240424,KOR,PAK,840910
3730011,186,168,8788,1996,60007.0,0.0,0.900185,0.47723000000000004,RUS,PAK,840910
3730012,231,168,8788,1996,1349507.0,0.0,1.7110560000000001,1.125141,USA,PAK,840910
3730013,106,178,8788,1996,2654067.0,208716.0,1.386011,0.9232100000000001,IRL,PRK,840910
3730014,74,239,8788,1996,39058.0,0.0,2.0584729999999998,1.006908,FIN,VNM,840910
3730015,81,239,8788,1996,21316.0,0.0,1.850284,0.883084,GBR,VNM,840910
3730016,186,239,8788,1996,14156.0,0.0,0.900185,0.47723000000000004,RUS,VNM,840910
3730017,192,239,8788,1996,30819.0,0.0,0.8354299999999999,0.41169799999999995,SGP,VNM,840910
3730018,208,239,8788,1996,34764.0,0.0,2.133781,0.9099889999999999,SWE,VNM,840910
3730019,231,239,8788,1996,2893.0,0.0,1.7110560000000001,1.125141,USA,VNM,840910
3730020,81,29,8788,1996,15048.0,1982.0,1.850284,0.883084,GBR,BLZ,840910
3730021,231,29,8788,1996,22557.0,0.0,1.7110560000000001,1.125141,USA,BLZ,840910
3730022,32,31,8788,1996,7765.0,0.0,0.699658,1.271724,BRA,BOL,840910
3730023,39,31,8788,1996,31244.0,0.0,1.155706,1.1127049999999998,CAN,BOL,840910
3730024,64,31,8788,1996,790.0,0.0,1.443514,1.275684,DNK,BOL,840910
3730025,77,31,8788,1996,59195.0,0.0,1.69082,0.721312,FRA,BOL,840910
3730026,231,31,8788,1996,54070.0,0.0,1.7110560000000001,1.125141,USA,BOL,840910
3730027,231,63,8788,1996,9331.0,0.0,1.7110560000000001,1.125141,USA,DMA,840910
3730028,231,101,8788,1996,85443.0,0.0,1.7110560000000001,1.125141,USA,HTI,840910
3730029,32,112,8788,1996,0.0,2248.0,0.699658,1.271724,BRA,JAM,840910
3730030,81,112,8788,1996,17924.0,2455.0,1.850284,0.883084,GBR,JAM,840910
3730031,162,112,8788,1996,2000.0,0.0,1.256625,1.803132,NLD,JAM,840910
3730032,231,112,8788,1996,230823.0,55750.0,1.7110560000000001,1.125141,USA,JAM,840910
3730033,39,127,8788,1996,16869.0,0.0,1.155706,1.1127049999999998,CAN,LCA,840910
3730034,81,127,8788,1996,6772.0,0.0,1.850284,0.883084,GBR,LCA,840910
3730035,231,127,8788,1996,22053.0,0.0,1.7110560000000001,1.125141,USA,LCA,840910
3730036,32,160,8788,1996,1046.0,0.0,0.699658,1.271724,BRA,NIC,840910
3730037,77,160,8788,1996,1219.0,0.0,1.69082,0.721312,FRA,NIC,840910
3730038,81,160,8788,1996,0.0,34909.0,1.850284,0.883084,GBR,NIC,840910
3730039,114,160,8788,1996,1769.0,0.0,2.615364,0.5656939999999999,JPN,NIC,840910
3730040,169,160,8788,1996,741.0,0.0,-0.100537,-0.374129,PAN,NIC,840910
3730041,177,160,8788,1996,1248.0,0.0,0.795489,1.9004729999999999,POL,NIC,840910
3730042,231,160,8788,1996,20480.0,5193.0,1.7110560000000001,1.125141,USA,NIC,840910
3730043,81,197,8788,1996,2543.0,0.0,1.850284,0.883084,GBR,SLV,840910
3730044,111,197,8788,1996,4161.0,0.0,1.4674690000000001,1.263362,ITA,SLV,840910
3730045,114,197,8788,1996,11705.0,0.0,2.615364,0.5656939999999999,JPN,SLV,840910
3730046,169,197,8788,1996,1849.0,0.0,-0.100537,-0.374129,PAN,SLV,840910
3730047,231,197,8788,1996,241084.0,0.0,1.7110560000000001,1.125141,USA,SLV,840910
3730048,61,227,8788,1996,9279.0,0.0,2.279976,-2.572299,DEU,UGA,840910
3730049,116,227,8788,1996,2386.0,0.0,-0.468322,-0.017625,KEN,UGA,840910
3730050,81,234,8788,1996,18783.0,0.0,1.850284,0.883084,GBR,VCT,840910
3730051,231,234,8788,1996,8494.0,0.0,1.7110560000000001,1.125141,USA,VCT,840910
3730052,18,17,8788,1996,829.0,0.0,1.549312,1.273767,BEL,BDI,840910
3730053,81,17,8788,1996,5315.0,0.0,1.850284,0.883084,GBR,BDI,840910
3730054,208,50,8788,1996,7515.0,0.0,2.133781,0.9099889999999999,SWE,COM,840910
3730055,81,87,8788,1996,4408.0,0.0,1.850284,0.883084,GBR,GMB,840910
3730056,18,109,8788,1996,5642.0,0.0,1.549312,1.273767,BEL,ISL,840910
3730057,64,109,8788,1996,19929.0,0.0,1.443514,1.275684,DNK,ISL,840910
3730058,77,109,8788,1996,1023.0,0.0,1.69082,0.721312,FRA,ISL,840910
3730059,81,109,8788,1996,43949.0,0.0,1.850284,0.883084,GBR,ISL,840910
3730060,106,109,8788,1996,788525.0,0.0,1.386011,0.9232100000000001,IRL,ISL,840910
3730061,208,109,8788,1996,1224.0,0.0,2.133781,0.9099889999999999,SWE,ISL,840910
3730062,231,109,8788,1996,60666.0,0.0,1.7110560000000001,1.125141,USA,ISL,840910
3730063,246,109,8788,1996,0.0,14358.0,0.456593,1.150786,ZAF,ISL,840910
3730064,81,133,8788,1996,934.0,0.0,1.850284,0.883084,GBR,MAC,840910
3730065,192,133,8788,1996,5498.0,441.0,0.8354299999999999,0.41169799999999995,SGP,MAC,840910
3730066,77,136,8788,1996,4869.0,0.0,1.69082,0.721312,FRA,MDG,840910
3730067,211,136,8788,1996,0.0,1071.0,0.239125,-0.458433,SYC,MDG,840910
3730068,231,136,8788,1996,5172.0,0.0,1.7110560000000001,1.125141,USA,MDG,840910
3730069,39,137,8788,1996,9925.0,0.0,1.155706,1.1127049999999998,CAN,MDV,840910
3730070,81,137,8788,1996,4065.0,0.0,1.850284,0.883084,GBR,MDV,840910
3730071,111,137,8788,1996,4695.0,0.0,1.4674690000000001,1.263362,ITA,MDV,840910
3730072,192,137,8788,1996,36049.0,0.0,0.8354299999999999,0.41169799999999995,SGP,MDV,840910
3730073,77,151,8788,1996,8893.0,0.0,1.69082,0.721312,FRA,MUS,840910
3730074,81,151,8788,1996,1550.0,0.0,1.850284,0.883084,GBR,MUS,840910
3730075,111,151,8788,1996,5047.0,0.0,1.4674690000000001,1.263362,ITA,MUS,840910
3730076,192,151,8788,1996,33713.0,0.0,0.8354299999999999,0.41169799999999995,SGP,MUS,840910
3730077,211,151,8788,1996,0.0,1436.0,0.239125,-0.458433,SYC,MUS,840910
3730078,231,151,8788,1996,1895.0,0.0,1.7110560000000001,1.125141,USA,MUS,840910
3730079,231,152,8788,1996,3746.0,0.0,1.7110560000000001,1.125141,USA,MWI,840910
3730080,7,159,8788,1996,6740.0,0.0,-0.245358,-0.726695,ARE,NGA,840910
3730081,41,159,8788,1996,3823.0,0.0,2.246238,0.603288,CHE,NGA,840910
3730082,43,159,8788,1996,14880.0,0.0,0.404422,3.061344,CHN,NGA,840910
3730083,47,159,8788,1996,10968.0,0.0,-1.522142,-1.165936,COG,NGA,840910
3730084,61,159,8788,1996,7810.0,0.0,2.279976,-2.572299,DEU,NGA,840910
3730085,71,159,8788,1996,2565.0,0.0,1.105317,1.9473,ESP,NGA,840910
3730086,77,159,8788,1996,5025.0,0.0,1.69082,0.721312,FRA,NGA,840910
3730087,81,159,8788,1996,152530.0,4373.0,1.850284,0.883084,GBR,NGA,840910
3730088,104,159,8788,1996,134865.0,0.0,0.20685599999999998,2.317622,IND,NGA,840910
3730089,111,159,8788,1996,3331.0,0.0,1.4674690000000001,1.263362,ITA,NGA,840910
3730090,114,159,8788,1996,10074.0,0.0,2.615364,0.5656939999999999,JPN,NGA,840910
3730091,162,159,8788,1996,14187.0,0.0,1.256625,1.803132,NLD,NGA,840910
3730092,231,159,8788,1996,40652.0,0.0,1.7110560000000001,1.125141,USA,NGA,840910
3730093,249,159,8788,1996,304164.0,0.0,1.432225,1.675389,TWN,NGA,840910
3730094,64,211,8788,1996,2166.0,0.0,1.443514,1.275684,DNK,SYC,840910
3730095,77,211,8788,1996,967.0,1441.0,1.69082,0.721312,FRA,SYC,840910
3730096,81,211,8788,1996,20447.0,0.0,1.850284,0.883084,GBR,SYC,840910
3730097,114,211,8788,1996,1177.0,0.0,2.615364,0.5656939999999999,JPN,SYC,840910
3730098,136,211,8788,1996,1071.0,0.0,-1.213619,-0.606686,MDG,SYC,840910
3730099,151,211,8788,1996,1436.0,0.0,-0.538651,-0.746274,MUS,SYC,840910
3730100,162,211,8788,1996,2021.0,0.0,1.256625,1.803132,NLD,SYC,840910
3730101,192,211,8788,1996,12699.0,0.0,0.8354299999999999,0.41169799999999995,SGP,SYC,840910
3730102,231,211,8788,1996,54310.0,605.0,1.7110560000000001,1.125141,USA,SYC,840910
3730103,7,226,8788,1996,3859.0,0.0,-0.245358,-0.726695,ARE,TZA,840910
3730104,64,226,8788,1996,1562.0,0.0,1.443514,1.275684,DNK,TZA,840910
3730105,81,226,8788,1996,170302.0,0.0,1.850284,0.883084,GBR,TZA,840910
3730106,111,226,8788,1996,10103.0,0.0,1.4674690000000001,1.263362,ITA,TZA,840910
3730107,114,226,8788,1996,1676.0,0.0,2.615364,0.5656939999999999,JPN,TZA,840910
3730108,121,226,8788,1996,8387.0,0.0,0.8946940000000001,1.240424,KOR,TZA,840910
3730109,162,226,8788,1996,12092.0,0.0,1.256625,1.803132,NLD,TZA,840910
3730110,231,226,8788,1996,3270.0,0.0,1.7110560000000001,1.125141,USA,TZA,840910
3730111,61,2,8788,1996,32536.0,0.0,2.279976,-2.572299,DEU,AGO,840910
3730112,162,2,8788,1996,17544.0,0.0,1.256625,1.803132,NLD,AGO,840910
3730113,179,2,8788,1996,23195.0,0.0,0.39343,1.170144,PRT,AGO,840910
3730114,81,3,8788,1996,12893.0,0.0,1.850284,0.883084,GBR,AIA,840910
3730115,23,4,8788,1996,4233.0,0.0,0.544265,1.523408,BGR,ALB,840910
3730116,111,4,8788,1996,1972.0,0.0,1.4674690000000001,1.263362,ITA,ALB,840910
3730117,64,6,8788,1996,1957.0,0.0,1.443514,1.275684,DNK,ANT,840910
3730118,71,6,8788,1996,5928.0,0.0,1.105317,1.9473,ESP,ANT,840910
3730119,81,6,8788,1996,41130.0,0.0,1.850284,0.883084,GBR,ANT,840910
3730120,111,6,8788,1996,3438.0,0.0,1.4674690000000001,1.263362,ITA,ANT,840910
3730121,162,6,8788,1996,1073.0,0.0,1.256625,1.803132,NLD,ANT,840910
3730122,231,6,8788,1996,414861.0,0.0,1.7110560000000001,1.125141,USA,ANT,840910
3730123,14,7,8788,1996,37626.0,0.0,0.369697,0.78069,AUS,ARE,840910
3730124,18,7,8788,1996,1005.0,0.0,1.549312,1.273767,BEL,ARE,840910
3730125,39,7,8788,1996,6648.0,0.0,1.155706,1.1127049999999998,CAN,ARE,840910
3730126,61,7,8788,1996,19445.0,0.0,2.279976,-2.572299,DEU,ARE,840910
3730127,71,7,8788,1996,10346.0,0.0,1.105317,1.9473,ESP,ARE,840910
3730128,77,7,8788,1996,18966.0,0.0,1.69082,0.721312,FRA,ARE,840910
3730129,81,7,8788,1996,769658.0,982978.0,1.850284,0.883084,GBR,ARE,840910
3730130,104,7,8788,1996,2839.0,1279.0,0.20685599999999998,2.317622,IND,ARE,840910
3730131,106,7,8788,1996,7190.0,0.0,1.386011,0.9232100000000001,IRL,ARE,840910
3730132,111,7,8788,1996,31287.0,10573.0,1.4674690000000001,1.263362,ITA,ARE,840910
3730133,159,7,8788,1996,0.0,6740.0,-1.813359,-1.1967,NGA,ARE,840910
3730134,162,7,8788,1996,5702.0,0.0,1.256625,1.803132,NLD,ARE,840910
3730135,185,7,8788,1996,21000.0,0.0,0.612035,0.880964,ROU,ARE,840910
3730136,188,7,8788,1996,0.0,4121.0,0.215265,-0.8577309999999999,SAU,ARE,840910
3730137,192,7,8788,1996,42273.0,0.0,0.8354299999999999,0.41169799999999995,SGP,ARE,840910
3730138,208,7,8788,1996,34573.0,3410.0,2.133781,0.9099889999999999,SWE,ARE,840910
3730139,226,7,8788,1996,0.0,3859.0,-1.391534,-0.907436,TZA,ARE,840910
3730140,231,7,8788,1996,1174545.0,0.0,1.7110560000000001,1.125141,USA,ARE,840910
3730141,81,13,8788,1996,13258.0,62896.0,1.850284,0.883084,GBR,ATG,840910
3730142,231,13,8788,1996,16679.0,13564.0,1.7110560000000001,1.125141,USA,ATG,840910
3730143,111,19,8788,1996,3685.0,0.0,1.4674690000000001,1.263362,ITA,BEN,840910
3730144,18,21,8788,1996,3689.0,0.0,1.549312,1.273767,BEL,BFA,840910
3730145,77,21,8788,1996,1005.0,0.0,1.69082,0.721312,FRA,BFA,840910
3730146,231,21,8788,1996,576.0,0.0,1.7110560000000001,1.125141,USA,BFA,840910
3730147,14,24,8788,1996,11710.0,0.0,0.369697,0.78069,AUS,BHR,840910
3730148,71,24,8788,1996,6133.0,0.0,1.105317,1.9473,ESP,BHR,840910
3730149,77,24,8788,1996,6846.0,0.0,1.69082,0.721312,FRA,BHR,840910
3730150,81,24,8788,1996,103085.0,18824.0,1.850284,0.883084,GBR,BHR,840910
3730151,231,24,8788,1996,78766.0,0.0,1.7110560000000001,1.125141,USA,BHR,840910
3730152,15,25,8788,1996,8572.0,0.0,1.9216669999999998,0.659388,AUT,BHS,840910
3730153,32,25,8788,1996,25550.0,0.0,0.699658,1.271724,BRA,BHS,840910
3730154,61,25,8788,1996,10722.0,0.0,2.279976,-2.572299,DEU,BHS,840910
3730155,231,25,8788,1996,114080.0,0.0,1.7110560000000001,1.125141,USA,BHS,840910
3730156,81,26,8788,1996,1274.0,0.0,1.850284,0.883084,GBR,BIH,840910
3730157,100,26,8788,1996,4672.0,0.0,0.772706,1.1075270000000002,HRV,BIH,840910
3730158,111,26,8788,1996,5461.0,0.0,1.4674690000000001,1.263362,ITA,BIH,840910
3730159,189,26,8788,1996,13393.0,0.0,0.786293,2.20126,SCG,BIH,840910
3730160,224,26,8788,1996,3600.0,0.0,0.156866,1.554023,TUR,BIH,840910
3730161,23,28,8788,1996,0.0,15775.0,0.544265,1.523408,BGR,BLR,840910
3730162,72,28,8788,1996,2066.0,0.0,0.53397,1.0877940000000001,EST,BLR,840910
3730163,130,28,8788,1996,90561.0,0.0,0.40520500000000004,0.9465950000000001,LTU,BLR,840910
3730164,206,28,8788,1996,0.0,19371.0,1.189398,1.29167,SVK,BLR,840910
3730165,228,28,8788,1996,9621.0,0.0,0.896537,0.9241459999999999,UKR,BLR,840910
3730166,39,33,8788,1996,0.0,237110.0,1.155706,1.1127049999999998,CAN,BRB,840910
3730167,81,33,8788,1996,5734.0,0.0,1.850284,0.883084,GBR,BRB,840910
3730168,231,33,8788,1996,10776.0,0.0,1.7110560000000001,1.125141,USA,BRB,840910
3730169,14,34,8788,1996,14385.0,0.0,0.369697,0.78069,AUS,BRN,840910
3730170,192,34,8788,1996,2498181.0,0.0,0.8354299999999999,0.41169799999999995,SGP,BRN,840910
3730171,231,34,8788,1996,10747.0,0.0,1.7110560000000001,1.125141,USA,BRN,840910
3730172,18,46,8788,1996,188596.0,0.0,1.549312,1.273767,BEL,COD,840910
3730173,81,46,8788,1996,5486.0,0.0,1.850284,0.883084,GBR,COD,840910
3730174,231,46,8788,1996,28891.0,0.0,1.7110560000000001,1.125141,USA,COD,840910
3730175,77,47,8788,1996,33878.0,0.0,1.69082,0.721312,FRA,COG,840910
3730176,81,47,8788,1996,20486.0,0.0,1.850284,0.883084,GBR,COG,840910
3730177,159,47,8788,1996,0.0,10968.0,-1.813359,-1.1967,NGA,COG,840910
3730178,162,51,8788,1996,153490.0,0.0,1.256625,1.803132,NLD,CPV,840910
3730179,61,84,8788,1996,6731.0,0.0,2.279976,-2.572299,DEU,GIB,840910
3730180,81,84,8788,1996,50391.0,0.0,1.850284,0.883084,GBR,GIB,840910
3730181,111,84,8788,1996,5443.0,0.0,1.4674690000000001,1.263362,ITA,GIB,840910
3730182,32,96,8788,1996,11205.0,0.0,0.699658,1.271724,BRA,GUY,840910
3730183,81,96,8788,1996,73577.0,0.0,1.850284,0.883084,GBR,GUY,840910
3730184,231,96,8788,1996,22151.0,0.0,1.7110560000000001,1.125141,USA,GUY,840910
3730185,81,115,8788,1996,5728.0,0.0,1.850284,0.883084,GBR,KAZ,840910
3730186,111,115,8788,1996,15471.0,0.0,1.4674690000000001,1.263362,ITA,KAZ,840910
3730187,186,115,8788,1996,131075.0,1526.0,0.900185,0.47723000000000004,RUS,KAZ,840910
3730188,206,115,8788,1996,5298.0,0.0,1.189398,1.29167,SVK,KAZ,840910
3730189,39,116,8788,1996,2888.0,0.0,1.155706,1.1127049999999998,CAN,KEN,840910
3730190,81,116,8788,1996,60790.0,0.0,1.850284,0.883084,GBR,KEN,840910
3730191,111,116,8788,1996,110393.0,0.0,1.4674690000000001,1.263362,ITA,KEN,840910
3730192,227,116,8788,1996,0.0,2386.0,-0.931124,-0.925523,UGA,KEN,840910
3730193,231,116,8788,1996,68445.0,0.0,1.7110560000000001,1.125141,USA,KEN,840910
3730194,61,122,8788,1996,10272.0,0.0,2.279976,-2.572299,DEU,KWT,840910
3730195,81,122,8788,1996,149818.0,281110.0,1.850284,0.883084,GBR,KWT,840910
3730196,188,122,8788,1996,0.0,1013.0,0.215265,-0.8577309999999999,SAU,KWT,840910
3730197,192,122,8788,1996,19184.0,0.0,0.8354299999999999,0.41169799999999995,SGP,KWT,840910
3730198,231,122,8788,1996,39647.0,0.0,1.7110560000000001,1.125141,USA,KWT,840910
3730199,18,125,8788,1996,0.0,4314.0,1.549312,1.273767,BEL,LBR,840910
3730200,90,125,8788,1996,5329.0,4524.0,0.271386,1.042608,GRC,LBR,840910
3730201,81,126,8788,1996,231653.0,0.0,1.850284,0.883084,GBR,LBY,840910
3730202,185,126,8788,1996,1000.0,0.0,0.612035,0.880964,ROU,LBY,840910
3730203,179,147,8788,1996,29915.0,0.0,0.39343,1.170144,PRT,MOZ,840910
3730204,246,147,8788,1996,28387.0,0.0,0.456593,1.150786,ZAF,MOZ,840910
3730205,71,148,8788,1996,42233.0,0.0,1.105317,1.9473,ESP,MRT,840910
3730206,61,183,8788,1996,8436.0,0.0,2.279976,-2.572299,DEU,QAT,840910
3730207,81,183,8788,1996,32212.0,0.0,1.850284,0.883084,GBR,QAT,840910
3730208,192,183,8788,1996,79656.0,0.0,0.8354299999999999,0.41169799999999995,SGP,QAT,840910
3730209,231,183,8788,1996,2957.0,0.0,1.7110560000000001,1.125141,USA,QAT,840910
3730210,61,232,8788,1996,7406.0,0.0,2.279976,-2.572299,DEU,UZB,840910
3730211,121,232,8788,1996,0.0,9836.0,0.8946940000000001,1.240424,KOR,UZB,840910
3730212,14,240,8788,1996,7217.0,0.0,0.369697,0.78069,AUS,VUT,840910
3730213,81,243,8788,1996,48964.0,0.0,1.850284,0.883084,GBR,YEM,840910
3730214,111,243,8788,1996,14945.0,0.0,1.4674690000000001,1.263362,ITA,YEM,840910
3730215,61,248,8788,1996,100996.0,0.0,2.279976,-2.572299,DEU,ZWE,840910
3730216,64,248,8788,1996,0.0,7047.0,1.443514,1.275684,DNK,ZWE,840910
3730217,81,248,8788,1996,23039.0,0.0,1.850284,0.883084,GBR,ZWE,840910
3730218,231,248,8788,1996,124462.0,62296.0,1.7110560000000001,1.125141,USA,ZWE,840910
3730219,246,248,8788,1996,40132.0,32265.0,0.456593,1.150786,ZAF,ZWE,840910
3730220,231,1,8788,1996,7656.0,0.0,1.7110560000000001,1.125141,USA,AFG,840910
3730221,42,5,8788,1996,9759.0,0.0,-0.052811000000000004,-0.169464,CHL,AND,840910
3730222,77,5,8788,1996,1064.0,0.0,1.69082,0.721312,FRA,AND,840910
3730223,111,30,8788,1996,6207.0,0.0,1.4674690000000001,1.263362,ITA,BMU,840910
3730224,231,30,8788,1996,22705.0,0.0,1.7110560000000001,1.125141,USA,BMU,840910
3730225,14,40,8788,1996,4110.0,0.0,0.369697,0.78069,AUS,CCK,840910
3730226,14,48,8788,1996,123009.0,0.0,0.369697,0.78069,AUS,COK,840910
3730227,77,57,8788,1996,7428.0,0.0,1.69082,0.721312,FRA,CYM,840910
3730228,81,57,8788,1996,3991.0,0.0,1.850284,0.883084,GBR,CYM,840910
3730229,231,57,8788,1996,22102.0,0.0,1.7110560000000001,1.125141,USA,CYM,840910
3730230,18,73,8788,1996,3619.0,0.0,1.549312,1.273767,BEL,ETH,840910
3730231,81,73,8788,1996,39321.0,0.0,1.850284,0.883084,GBR,ETH,840910
3730232,111,73,8788,1996,105127.0,0.0,1.4674690000000001,1.263362,ITA,ETH,840910
3730233,231,73,8788,1996,4610.0,0.0,1.7110560000000001,1.125141,USA,ETH,840910
3730234,14,75,8788,1996,34031.0,0.0,0.369697,0.78069,AUS,FJI,840910
3730235,81,75,8788,1996,2230.0,0.0,1.850284,0.883084,GBR,FJI,840910
3730236,71,78,8788,1996,606.0,0.0,1.105317,1.9473,ESP,FRO,840910
3730237,81,78,8788,1996,3009.0,0.0,1.850284,0.883084,GBR,FRO,840910
3730238,111,118,8788,1996,5834.0,0.0,1.4674690000000001,1.263362,ITA,KHM,840910
3730239,14,119,8788,1996,17537.0,0.0,0.369697,0.78069,AUS,KIR,840910
3730240,81,123,8788,1996,3202.0,0.0,1.850284,0.883084,GBR,LAO,840910
3730241,231,139,8788,1996,144649.0,0.0,1.7110560000000001,1.125141,USA,MHL,840910
3730242,14,156,8788,1996,30920.0,0.0,0.369697,0.78069,AUS,NCL,840910
3730243,77,156,8788,1996,1374.0,0.0,1.69082,0.721312,FRA,NCL,840910
3730244,231,156,8788,1996,15740.0,0.0,1.7110560000000001,1.125141,USA,NCL,840910
3730245,81,164,8788,1996,13848.0,6638.0,1.850284,0.883084,GBR,NPL,840910
3730246,14,165,8788,1996,10082.0,0.0,0.369697,0.78069,AUS,NRU,840910
3730247,14,176,8788,1996,1809169.0,0.0,0.369697,0.78069,AUS,PNG,840910
3730248,39,176,8788,1996,0.0,2425.0,1.155706,1.1127049999999998,CAN,PNG,840910
3730249,166,176,8788,1996,4251.0,0.0,0.49466099999999996,0.8302879999999999,NZL,PNG,840910
3730250,192,176,8788,1996,10117.0,0.0,0.8354299999999999,0.41169799999999995,SGP,PNG,840910
3730251,231,176,8788,1996,29785.0,0.0,1.7110560000000001,1.125141,USA,PNG,840910
3730252,14,182,8788,1996,19656.0,0.0,0.369697,0.78069,AUS,PYF,840910
3730253,77,182,8788,1996,29495.0,0.0,1.69082,0.721312,FRA,PYF,840910
3730254,81,182,8788,1996,15075.0,0.0,1.850284,0.883084,GBR,PYF,840910
3730255,166,182,8788,1996,0.0,1055.0,0.49466099999999996,0.8302879999999999,NZL,PYF,840910
3730256,231,182,8788,1996,11510.0,3836.0,1.7110560000000001,1.125141,USA,PYF,840910
3730257,14,195,8788,1996,34231.0,0.0,0.369697,0.78069,AUS,SLB,840910
3730258,166,195,8788,1996,2556.0,0.0,0.49466099999999996,0.8302879999999999,NZL,SLB,840910
3730259,18,196,8788,1996,1175.0,0.0,1.549312,1.273767,BEL,SLE,840910
3730260,81,196,8788,1996,4220.0,0.0,1.850284,0.883084,GBR,SLE,840910
3730261,228,219,8788,1996,1783.0,0.0,0.896537,0.9241459999999999,UKR,TKM,840910
3730262,231,219,8788,1996,20456.0,0.0,1.7110560000000001,1.125141,USA,TKM,840910
3730263,14,242,8788,1996,1774.0,0.0,0.369697,0.78069,AUS,WSM,840910
3730264,81,242,8788,1996,11206.0,0.0,1.850284,0.883084,GBR,WSM,840910
3730265,111,0,8788,1996,3959.0,0.0,1.4674690000000001,1.263362,ITA,ABW,840910
3730266,231,0,8788,1996,35314.0,0.0,1.7110560000000001,1.125141,USA,ABW,840910
3730267,81,76,8788,1996,54181.0,2177.0,1.850284,0.883084,GBR,FLK,840910
3730268,111,76,8788,1996,10543.0,0.0,1.4674690000000001,1.263362,ITA,FLK,840910
3730269,231,76,8788,1996,20051.0,0.0,1.7110560000000001,1.125141,USA,FLK,840910
3730270,81,88,8788,1996,5569.0,0.0,1.850284,0.883084,GBR,GNB,840910
3730271,179,88,8788,1996,1607.0,0.0,0.39343,1.170144,PRT,GNB,840910
3730272,64,92,8788,1996,34673.0,1379.0,1.443514,1.275684,DNK,GRL,840910
3730273,114,92,8788,1996,1396.0,0.0,2.615364,0.5656939999999999,JPN,GRL,840910
3730274,179,203,8788,1996,3344.0,0.0,0.39343,1.170144,PRT,STP,840910
3730275,111,214,8788,1996,6248.0,0.0,1.4674690000000001,1.263362,ITA,TCD,840910
3730276,186,217,8788,1996,130134.0,0.0,0.900185,0.47723000000000004,RUS,TJK,840910
3730277,81,237,8788,1996,28513.0,0.0,1.850284,0.883084,GBR,VGB,840910
3730278,77,38,8788,1996,961.0,0.0,1.69082,0.721312,FRA,CAF,840910
3730279,208,38,8788,1996,2271.0,0.0,2.133781,0.9099889999999999,SWE,CAF,840910
3730280,81,149,8788,1996,1348.0,0.0,1.850284,0.883084,GBR,MSR,840910
3730281,81,171,8788,1996,25051.0,0.0,1.850284,0.883084,GBR,PCN,840910
3730282,8,15,8807,1996,0.0,7143.0,0.167081,0.433612,ARG,AUT,841239
3730283,14,15,8807,1996,0.0,70597.0,0.369697,0.78069,AUS,AUT,841239
3730284,18,15,8807,1996,253284.0,3210.0,1.549312,1.273767,BEL,AUT,841239
3730285,23,15,8807,1996,0.0,8839.0,0.544265,1.523408,BGR,AUT,841239
3730286,32,15,8807,1996,0.0,18062.0,0.699658,1.271724,BRA,AUT,841239
3730287,39,15,8807,1996,0.0,2673.0,1.155706,1.1127049999999998,CAN,AUT,841239
3730288,41,15,8807,1996,65517.0,15693.0,2.246238,0.603288,CHE,AUT,841239
3730289,42,15,8807,1996,0.0,3070.0,-0.052811000000000004,-0.169464,CHL,AUT,841239
3730290,44,15,8807,1996,0.0,8440.0,-0.8720459999999999,-0.7904479999999999,CIV,AUT,841239
3730291,49,15,8807,1996,0.0,3805.0,0.136487,0.078743,COL,AUT,841239
3730292,52,15,8807,1996,0.0,43327.0,-0.34219499999999997,0.12221900000000001,CRI,AUT,841239
3730293,59,15,8807,1996,0.0,189051.0,1.401181,1.3094709999999998,CZE,AUT,841239
3730294,61,15,8807,1996,532556.0,746223.0,2.279976,-2.572299,DEU,AUT,841239
3730295,64,15,8807,1996,3962.0,7111.0,1.443514,1.275684,DNK,AUT,841239
3730296,68,15,8807,1996,0.0,6664.0,-0.5446409999999999,-0.229586,EGY,AUT,841239
3730297,71,15,8807,1996,25315.0,8542.0,1.105317,1.9473,ESP,AUT,841239
3730298,74,15,8807,1996,3721.0,0.0,2.0584729999999998,1.006908,FIN,AUT,841239
3730299,77,15,8807,1996,20536.0,43627.0,1.69082,0.721312,FRA,AUT,841239
3730300,81,15,8807,1996,46334.0,128293.0,1.850284,0.883084,GBR,AUT,841239
3730301,90,15,8807,1996,0.0,18408.0,0.271386,1.042608,GRC,AUT,841239
3730302,93,15,8807,1996,0.0,2053.0,-0.332901,0.23790300000000003,GTM,AUT,841239
3730303,97,15,8807,1996,0.0,5227.0,0.54364,2.727659,HKG,AUT,841239
3730304,100,15,8807,1996,4257.0,3787.0,0.772706,1.1075270000000002,HRV,AUT,841239
3730305,102,15,8807,1996,0.0,89554.0,0.790036,1.891534,HUN,AUT,841239
3730306,104,15,8807,1996,0.0,1959.0,0.20685599999999998,2.317622,IND,AUT,841239
3730307,110,15,8807,1996,0.0,12600.0,1.054975,1.072965,ISR,AUT,841239
3730308,111,15,8807,1996,101031.0,65397.0,1.4674690000000001,1.263362,ITA,AUT,841239
3730309,114,15,8807,1996,45977.0,8675.0,2.615364,0.5656939999999999,JPN,AUT,841239
3730310,116,15,8807,1996,0.0,4704.0,-0.468322,-0.017625,KEN,AUT,841239
3730311,121,15,8807,1996,1674.0,2706.0,0.8946940000000001,1.240424,KOR,AUT,841239
3730312,134,15,8807,1996,0.0,3356.0,-0.67314,-0.241242,MAR,AUT,841239
3730313,138,15,8807,1996,0.0,2354.0,0.651949,0.9132170000000001,MEX,AUT,841239
3730314,142,15,8807,1996,0.0,1723.0,0.8825440000000001,0.066541,MLT,AUT,841239
3730315,153,15,8807,1996,0.0,2210.0,0.351774,0.347262,MYS,AUT,841239
3730316,159,15,8807,1996,0.0,1425.0,-1.813359,-1.1967,NGA,AUT,841239
3730317,162,15,8807,1996,98410.0,2505.0,1.256625,1.803132,NLD,AUT,841239
3730318,163,15,8807,1996,0.0,1645.0,1.204869,0.303062,NOR,AUT,841239
3730319,166,15,8807,1996,0.0,13007.0,0.49466099999999996,0.8302879999999999,NZL,AUT,841239
3730320,167,15,8807,1996,0.0,1376.0,-0.10243499999999998,-0.8425879999999999,OMN,AUT,841239
3730321,173,15,8807,1996,0.0,1483.0,-0.43761000000000005,-0.28077399999999997,PER,AUT,841239
3730322,174,15,8807,1996,0.0,802.0,-0.276548,0.344986,PHL,AUT,841239
3730323,177,15,8807,1996,0.0,128353.0,0.795489,1.9004729999999999,POL,AUT,841239
3730324,180,15,8807,1996,0.0,3490.0,-0.506178,-0.712851,PRY,AUT,841239
3730325,185,15,8807,1996,0.0,9812.0,0.612035,0.880964,ROU,AUT,841239
3730326,186,15,8807,1996,0.0,31164.0,0.900185,0.47723000000000004,RUS,AUT,841239
3730327,188,15,8807,1996,0.0,3808.0,0.215265,-0.8577309999999999,SAU,AUT,841239
3730328,189,15,8807,1996,0.0,1427.0,0.786293,2.20126,SCG,AUT,841239
3730329,192,15,8807,1996,0.0,2979.0,0.8354299999999999,0.41169799999999995,SGP,AUT,841239
3730330,205,15,8807,1996,0.0,7652.0,-0.93463,-0.797197,SUR,AUT,841239
3730331,206,15,8807,1996,0.0,34463.0,1.189398,1.29167,SVK,AUT,841239
3730332,207,15,8807,1996,5688.0,82530.0,1.409184,1.37245,SVN,AUT,841239
3730333,208,15,8807,1996,1161.0,31170.0,2.133781,0.9099889999999999,SWE,AUT,841239
3730334,212,15,8807,1996,0.0,8846.0,-1.100666,-0.90038,SYR,AUT,841239
3730335,216,15,8807,1996,0.0,31478.0,0.10120599999999999,1.351967,THA,AUT,841239
3730336,223,15,8807,1996,0.0,1924.0,-0.28546,-0.089051,TUN,AUT,841239
3730337,224,15,8807,1996,0.0,9282.0,0.156866,1.554023,TUR,AUT,841239
3730338,228,15,8807,1996,0.0,2680.0,0.896537,0.9241459999999999,UKR,AUT,841239
3730339,231,15,8807,1996,31936.0,172275.0,1.7110560000000001,1.125141,USA,AUT,841239
3730340,239,15,8807,1996,0.0,3384.0,-0.9336469999999999,-0.10985199999999999,VNM,AUT,841239
3730341,243,15,8807,1996,0.0,6964.0,-1.304556,-1.200523,YEM,AUT,841239
3730342,246,15,8807,1996,0.0,32745.0,0.456593,1.150786,ZAF,AUT,841239
3730343,249,15,8807,1996,0.0,7737.0,1.432225,1.675389,TWN,AUT,841239
3730344,8,18,8807,1996,0.0,4372.0,0.167081,0.433612,ARG,BEL,841239
3730345,14,18,8807,1996,0.0,94566.0,0.369697,0.78069,AUS,BEL,841239
3730346,15,18,8807,1996,3210.0,253284.0,1.9216669999999998,0.659388,AUT,BEL,841239
3730347,32,18,8807,1996,0.0,27008.0,0.699658,1.271724,BRA,BEL,841239
3730348,41,18,8807,1996,11679.0,29718.0,2.246238,0.603288,CHE,BEL,841239
3730349,42,18,8807,1996,0.0,2455.0,-0.052811000000000004,-0.169464,CHL,BEL,841239
3730350,43,18,8807,1996,0.0,10378.0,0.404422,3.061344,CHN,BEL,841239
3730351,46,18,8807,1996,0.0,1379.0,-1.2167,-1.086508,COD,BEL,841239
3730352,59,18,8807,1996,0.0,17388.0,1.401181,1.3094709999999998,CZE,BEL,841239
3730353,61,18,8807,1996,746660.0,3495089.0,2.279976,-2.572299,DEU,BEL,841239
3730354,64,18,8807,1996,3731.0,172890.0,1.443514,1.275684,DNK,BEL,841239
3730355,71,18,8807,1996,55569.0,363002.0,1.105317,1.9473,ESP,BEL,841239
3730356,74,18,8807,1996,0.0,419239.0,2.0584729999999998,1.006908,FIN,BEL,841239
3730357,77,18,8807,1996,182250.0,1983804.0,1.69082,0.721312,FRA,BEL,841239
3730358,81,18,8807,1996,99241.0,2102008.0,1.850284,0.883084,GBR,BEL,841239
3730359,90,18,8807,1996,0.0,18313.0,0.271386,1.042608,GRC,BEL,841239
3730360,97,18,8807,1996,0.0,2733.0,0.54364,2.727659,HKG,BEL,841239
3730361,102,18,8807,1996,0.0,1905.0,0.790036,1.891534,HUN,BEL,841239
3730362,106,18,8807,1996,0.0,40514.0,1.386011,0.9232100000000001,IRL,BEL,841239
3730363,110,18,8807,1996,13452.0,0.0,1.054975,1.072965,ISR,BEL,841239
3730364,111,18,8807,1996,100986.0,2130537.0,1.4674690000000001,1.263362,ITA,BEL,841239
3730365,114,18,8807,1996,85253.0,57645.0,2.615364,0.5656939999999999,JPN,BEL,841239
3730366,121,18,8807,1996,0.0,2213.0,0.8946940000000001,1.240424,KOR,BEL,841239
3730367,134,18,8807,1996,0.0,2395.0,-0.67314,-0.241242,MAR,BEL,841239
3730368,138,18,8807,1996,4673.0,0.0,0.651949,0.9132170000000001,MEX,BEL,841239
3730369,162,18,8807,1996,599189.0,1269044.0,1.256625,1.803132,NLD,BEL,841239
3730370,163,18,8807,1996,1174.0,893.0,1.204869,0.303062,NOR,BEL,841239
3730371,174,18,8807,1996,1405.0,894.0,-0.276548,0.344986,PHL,BEL,841239
3730372,179,18,8807,1996,1141.0,40267.0,0.39343,1.170144,PRT,BEL,841239
3730373,188,18,8807,1996,0.0,2321.0,0.215265,-0.8577309999999999,SAU,BEL,841239
3730374,192,18,8807,1996,0.0,1823.0,0.8354299999999999,0.41169799999999995,SGP,BEL,841239
3730375,208,18,8807,1996,8771946.0,1272575.0,2.133781,0.9099889999999999,SWE,BEL,841239
3730376,212,18,8807,1996,0.0,2285.0,-1.100666,-0.90038,SYR,BEL,841239
3730377,216,18,8807,1996,0.0,16504.0,0.10120599999999999,1.351967,THA,BEL,841239
3730378,223,18,8807,1996,0.0,1719.0,-0.28546,-0.089051,TUN,BEL,841239
3730379,224,18,8807,1996,2672.0,3560.0,0.156866,1.554023,TUR,BEL,841239
3730380,231,18,8807,1996,50201.0,231928.0,1.7110560000000001,1.125141,USA,BEL,841239
3730381,236,18,8807,1996,0.0,2208.0,0.07086100000000001,-0.761307,VEN,BEL,841239
3730382,246,18,8807,1996,10916.0,1307.0,0.456593,1.150786,ZAF,BEL,841239
3730383,2,32,8807,1996,0.0,1152.0,-2.3109900000000003,-1.172849,AGO,BRA,841239
3730384,8,32,8807,1996,2911.0,8633.0,0.167081,0.433612,ARG,BRA,841239
3730385,14,32,8807,1996,3289.0,4297.0,0.369697,0.78069,AUS,BRA,841239
3730386,15,32,8807,1996,18062.0,0.0,1.9216669999999998,0.659388,AUT,BRA,841239
3730387,18,32,8807,1996,27008.0,0.0,1.549312,1.273767,BEL,BRA,841239
3730388,31,32,8807,1996,0.0,1245.0,-0.589432,-0.7781,BOL,BRA,841239
3730389,41,32,8807,1996,91175.0,0.0,2.246238,0.603288,CHE,BRA,841239
3730390,42,32,8807,1996,0.0,2075.0,-0.052811000000000004,-0.169464,CHL,BRA,841239
3730391,61,32,8807,1996,164588.0,5451.0,2.279976,-2.572299,DEU,BRA,841239
3730392,67,32,8807,1996,0.0,2516.0,-1.1391200000000001,-0.992735,ECU,BRA,841239
3730393,71,32,8807,1996,14533.0,0.0,1.105317,1.9473,ESP,BRA,841239
3730394,77,32,8807,1996,6041.0,0.0,1.69082,0.721312,FRA,BRA,841239
3730395,81,32,8807,1996,230907.0,0.0,1.850284,0.883084,GBR,BRA,841239
3730396,85,32,8807,1996,0.0,1921.0,-1.2641930000000001,-1.1317409999999999,GIN,BRA,841239
3730397,103,32,8807,1996,0.0,1353.0,-0.43199899999999997,1.22074,IDN,BRA,841239
3730398,111,32,8807,1996,10117.0,0.0,1.4674690000000001,1.263362,ITA,BRA,841239
3730399,114,32,8807,1996,39814.0,0.0,2.615364,0.5656939999999999,JPN,BRA,841239
3730400,138,32,8807,1996,0.0,924.0,0.651949,0.9132170000000001,MEX,BRA,841239
3730401,163,32,8807,1996,3231.0,0.0,1.204869,0.303062,NOR,BRA,841239
3730402,166,32,8807,1996,3187.0,0.0,0.49466099999999996,0.8302879999999999,NZL,BRA,841239
3730403,173,32,8807,1996,0.0,1958.0,-0.43761000000000005,-0.28077399999999997,PER,BRA,841239
3730404,208,32,8807,1996,20923.0,0.0,2.133781,0.9099889999999999,SWE,BRA,841239
3730405,230,32,8807,1996,0.0,1319.0,0.171541,0.313934,URY,BRA,841239
3730406,231,32,8807,1996,77695.0,18952.0,1.7110560000000001,1.125141,USA,BRA,841239
3730407,236,32,8807,1996,0.0,2590.0,0.07086100000000001,-0.761307,VEN,BRA,841239
3730408,250,32,8807,1996,415.0,0.0,1.084978,0.901755,ANS,BRA,841239
3730409,8,43,8807,1996,0.0,4645.0,0.167081,0.433612,ARG,CHN,841239
3730410,14,43,8807,1996,25935.0,28674.0,0.369697,0.78069,AUS,CHN,841239
3730411,18,43,8807,1996,10378.0,0.0,1.549312,1.273767,BEL,CHN,841239
3730412,41,43,8807,1996,7912.0,0.0,2.246238,0.603288,CHE,CHN,841239
3730413,61,43,8807,1996,209442.0,24808.0,2.279976,-2.572299,DEU,CHN,841239
3730414,77,43,8807,1996,16859.0,0.0,1.69082,0.721312,FRA,CHN,841239
3730415,81,43,8807,1996,49200.0,0.0,1.850284,0.883084,GBR,CHN,841239
3730416,97,43,8807,1996,119957.0,44913.0,0.54364,2.727659,HKG,CHN,841239
3730417,111,43,8807,1996,110239.0,2015.0,1.4674690000000001,1.263362,ITA,CHN,841239
3730418,114,43,8807,1996,510036.0,12248.0,2.615364,0.5656939999999999,JPN,CHN,841239
3730419,121,43,8807,1996,15959.0,6456.0,0.8946940000000001,1.240424,KOR,CHN,841239
3730420,138,43,8807,1996,0.0,8967.0,0.651949,0.9132170000000001,MEX,CHN,841239
3730421,153,43,8807,1996,3849.0,973.0,0.351774,0.347262,MYS,CHN,841239
3730422,162,43,8807,1996,1698.0,0.0,1.256625,1.803132,NLD,CHN,841239
3730423,163,43,8807,1996,220064.0,0.0,1.204869,0.303062,NOR,CHN,841239
3730424,185,43,8807,1996,0.0,5154.0,0.612035,0.880964,ROU,CHN,841239
3730425,186,43,8807,1996,10688.0,0.0,0.900185,0.47723000000000004,RUS,CHN,841239
3730426,192,43,8807,1996,71235.0,37130.0,0.8354299999999999,0.41169799999999995,SGP,CHN,841239
3730427,208,43,8807,1996,2445.0,0.0,2.133781,0.9099889999999999,SWE,CHN,841239
3730428,216,43,8807,1996,0.0,7282.0,0.10120599999999999,1.351967,THA,CHN,841239
3730429,231,43,8807,1996,75890.0,4129.0,1.7110560000000001,1.125141,USA,CHN,841239
3730430,249,43,8807,1996,240545.0,27680.0,1.432225,1.675389,TWN,CHN,841239
3730431,8,49,8807,1996,1194.0,0.0,0.167081,0.433612,ARG,COL,841239
3730432,15,49,8807,1996,3805.0,0.0,1.9216669999999998,0.659388,AUT,COL,841239
3730433,41,49,8807,1996,1522.0,0.0,2.246238,0.603288,CHE,COL,841239
3730434,61,49,8807,1996,5346.0,0.0,2.279976,-2.572299,DEU,COL,841239
3730435,111,49,8807,1996,7988.0,0.0,1.4674690000000001,1.263362,ITA,COL,841239
3730436,114,49,8807,1996,26832.0,0.0,2.615364,0.5656939999999999,JPN,COL,841239
3730437,163,49,8807,1996,7615.0,0.0,1.204869,0.303062,NOR,COL,841239
3730438,231,49,8807,1996,66738.0,0.0,1.7110560000000001,1.125141,USA,COL,841239
3730439,15,52,8807,1996,43327.0,0.0,1.9216669999999998,0.659388,AUT,CRI,841239
3730440,81,52,8807,1996,14272.0,0.0,1.850284,0.883084,GBR,CRI,841239
3730441,208,52,8807,1996,18034.0,0.0,2.133781,0.9099889999999999,SWE,CRI,841239
3730442,231,52,8807,1996,6319.0,0.0,1.7110560000000001,1.125141,USA,CRI,841239
3730443,236,52,8807,1996,709.0,0.0,0.07086100000000001,-0.761307,VEN,CRI,841239
3730444,1,61,8807,1996,0.0,8246.0,-0.31642600000000004,-0.620458,AFG,DEU,841239
3730445,7,61,8807,1996,0.0,22917.0,-0.245358,-0.726695,ARE,DEU,841239
3730446,8,61,8807,1996,0.0,7054.0,0.167081,0.433612,ARG,DEU,841239
3730447,14,61,8807,1996,2838.0,178091.0,0.369697,0.78069,AUS,DEU,841239
3730448,15,61,8807,1996,746223.0,532556.0,1.9216669999999998,0.659388,AUT,DEU,841239
3730449,18,61,8807,1996,3495089.0,746660.0,1.549312,1.273767,BEL,DEU,841239
3730450,22,61,8807,1996,0.0,6554.0,-1.060876,-1.05104,BGD,DEU,841239
3730451,23,61,8807,1996,6809.0,7631.0,0.544265,1.523408,BGR,DEU,841239
3730452,28,61,8807,1996,0.0,2822.0,0.7285550000000001,0.660716,BLR,DEU,841239
3730453,32,61,8807,1996,5451.0,164588.0,0.699658,1.271724,BRA,DEU,841239
3730454,39,61,8807,1996,0.0,60834.0,1.155706,1.1127049999999998,CAN,DEU,841239
3730455,41,61,8807,1996,210564.0,638078.0,2.246238,0.603288,CHE,DEU,841239
3730456,42,61,8807,1996,0.0,4987.0,-0.052811000000000004,-0.169464,CHL,DEU,841239
3730457,43,61,8807,1996,24808.0,209442.0,0.404422,3.061344,CHN,DEU,841239
3730458,44,61,8807,1996,0.0,2069.0,-0.8720459999999999,-0.7904479999999999,CIV,DEU,841239
3730459,49,61,8807,1996,0.0,5346.0,0.136487,0.078743,COL,DEU,841239
3730460,59,61,8807,1996,21186.0,114276.0,1.401181,1.3094709999999998,CZE,DEU,841239
3730461,64,61,8807,1996,2383.0,66420.0,1.443514,1.275684,DNK,DEU,841239
3730462,66,61,8807,1996,0.0,10872.0,-0.33419699999999997,-1.035736,DZA,DEU,841239
3730463,67,61,8807,1996,0.0,3909.0,-1.1391200000000001,-0.992735,ECU,DEU,841239
3730464,68,61,8807,1996,0.0,64813.0,-0.5446409999999999,-0.229586,EGY,DEU,841239
3730465,71,61,8807,1996,196165.0,126930.0,1.105317,1.9473,ESP,DEU,841239
3730466,74,61,8807,1996,53797.0,86161.0,2.0584729999999998,1.006908,FIN,DEU,841239
3730467,77,61,8807,1996,209373.0,393919.0,1.69082,0.721312,FRA,DEU,841239
3730468,78,61,8807,1996,0.0,632.0,-0.252693,-0.714691,FRO,DEU,841239
3730469,81,61,8807,1996,3006007.0,237881.0,1.850284,0.883084,GBR,DEU,841239
3730470,83,61,8807,1996,0.0,5239.0,-1.035244,-0.9834129999999999,GHA,DEU,841239
3730471,90,61,8807,1996,0.0,23842.0,0.271386,1.042608,GRC,DEU,841239
3730472,93,61,8807,1996,0.0,1062.0,-0.332901,0.23790300000000003,GTM,DEU,841239
3730473,97,61,8807,1996,73500.0,122040.0,0.54364,2.727659,HKG,DEU,841239
3730474,100,61,8807,1996,0.0,25959.0,0.772706,1.1075270000000002,HRV,DEU,841239
3730475,102,61,8807,1996,92466.0,5343.0,0.790036,1.891534,HUN,DEU,841239
3730476,103,61,8807,1996,1588.0,36620.0,-0.43199899999999997,1.22074,IDN,DEU,841239
3730477,104,61,8807,1996,0.0,80634.0,0.20685599999999998,2.317622,IND,DEU,841239
3730478,106,61,8807,1996,0.0,39245.0,1.386011,0.9232100000000001,IRL,DEU,841239
3730479,107,61,8807,1996,0.0,6354.0,-0.7496649999999999,-1.1173520000000001,IRN,DEU,841239
3730480,109,61,8807,1996,0.0,3738.0,0.003558,-0.551796,ISL,DEU,841239
3730481,110,61,8807,1996,0.0,31363.0,1.054975,1.072965,ISR,DEU,841239
3730482,111,61,8807,1996,2376250.0,350079.0,1.4674690000000001,1.263362,ITA,DEU,841239
3730483,113,61,8807,1996,0.0,1388.0,0.12203499999999999,-0.41859399999999997,JOR,DEU,841239
3730484,114,61,8807,1996,1115570.0,53454.0,2.615364,0.5656939999999999,JPN,DEU,841239
3730485,121,61,8807,1996,0.0,105355.0,0.8946940000000001,1.240424,KOR,DEU,841239
3730486,122,61,8807,1996,3599.0,0.0,-0.27174499999999996,-1.098243,KWT,DEU,841239
3730487,128,61,8807,1996,0.0,1342.0,-0.812763,-0.188722,LKA,DEU,841239
3730488,134,61,8807,1996,3660.0,14301.0,-0.67314,-0.241242,MAR,DEU,841239
3730489,138,61,8807,1996,28454.0,61744.0,0.651949,0.9132170000000001,MEX,DEU,841239
3730490,142,61,8807,1996,0.0,5386.0,0.8825440000000001,0.066541,MLT,DEU,841239
3730491,153,61,8807,1996,3411.0,30684.0,0.351774,0.347262,MYS,DEU,841239
3730492,162,61,8807,1996,202192.0,923718.0,1.256625,1.803132,NLD,DEU,841239
3730493,163,61,8807,1996,9194.0,494969.0,1.204869,0.303062,NOR,DEU,841239
3730494,166,61,8807,1996,0.0,11856.0,0.49466099999999996,0.8302879999999999,NZL,DEU,841239
3730495,168,61,8807,1996,0.0,3600.0,-0.7543300000000001,-0.393654,PAK,DEU,841239
3730496,173,61,8807,1996,0.0,6244.0,-0.43761000000000005,-0.28077399999999997,PER,DEU,841239
3730497,174,61,8807,1996,0.0,1941.0,-0.276548,0.344986,PHL,DEU,841239
3730498,177,61,8807,1996,44803.0,317538.0,0.795489,1.9004729999999999,POL,DEU,841239
3730499,179,61,8807,1996,0.0,11426.0,0.39343,1.170144,PRT,DEU,841239
3730500,180,61,8807,1996,0.0,21448.0,-0.506178,-0.712851,PRY,DEU,841239
3730501,183,61,8807,1996,0.0,25309.0,-0.48203500000000005,-1.117173,QAT,DEU,841239
3730502,185,61,8807,1996,3219.0,1965.0,0.612035,0.880964,ROU,DEU,841239
3730503,186,61,8807,1996,0.0,9383.0,0.900185,0.47723000000000004,RUS,DEU,841239
3730504,188,61,8807,1996,0.0,76754.0,0.215265,-0.8577309999999999,SAU,DEU,841239
3730505,189,61,8807,1996,0.0,181468.0,0.786293,2.20126,SCG,DEU,841239
3730506,192,61,8807,1996,0.0,67890.0,0.8354299999999999,0.41169799999999995,SGP,DEU,841239
3730507,206,61,8807,1996,0.0,47606.0,1.189398,1.29167,SVK,DEU,841239
3730508,207,61,8807,1996,12451.0,14162.0,1.409184,1.37245,SVN,DEU,841239
3730509,208,61,8807,1996,105160.0,153224.0,2.133781,0.9099889999999999,SWE,DEU,841239
3730510,212,61,8807,1996,0.0,2172.0,-1.100666,-0.90038,SYR,DEU,841239
3730511,216,61,8807,1996,0.0,33157.0,0.10120599999999999,1.351967,THA,DEU,841239
3730512,223,61,8807,1996,0.0,5233.0,-0.28546,-0.089051,TUN,DEU,841239
3730513,224,61,8807,1996,4311.0,41745.0,0.156866,1.554023,TUR,DEU,841239
3730514,230,61,8807,1996,0.0,3458.0,0.171541,0.313934,URY,DEU,841239
3730515,231,61,8807,1996,1330787.0,748586.0,1.7110560000000001,1.125141,USA,DEU,841239
3730516,232,61,8807,1996,0.0,10772.0,-0.17393499999999998,-0.727476,UZB,DEU,841239
3730517,236,61,8807,1996,0.0,29017.0,0.07086100000000001,-0.761307,VEN,DEU,841239
3730518,246,61,8807,1996,0.0,60560.0,0.456593,1.150786,ZAF,DEU,841239
3730519,247,61,8807,1996,0.0,1699.0,-0.340956,-0.714009,ZMB,DEU,841239
3730520,249,61,8807,1996,1670.0,29676.0,1.432225,1.675389,TWN,DEU,841239
3730521,8,64,8807,1996,0.0,1681.0,0.167081,0.433612,ARG,DNK,841239
3730522,14,64,8807,1996,0.0,27927.0,0.369697,0.78069,AUS,DNK,841239
3730523,15,64,8807,1996,7111.0,3962.0,1.9216669999999998,0.659388,AUT,DNK,841239
3730524,18,64,8807,1996,172890.0,3731.0,1.549312,1.273767,BEL,DNK,841239
3730525,41,64,8807,1996,1952.0,8266.0,2.246238,0.603288,CHE,DNK,841239
3730526,42,64,8807,1996,0.0,1603.0,-0.052811000000000004,-0.169464,CHL,DNK,841239
3730527,61,64,8807,1996,66420.0,2383.0,2.279976,-2.572299,DEU,DNK,841239
3730528,71,64,8807,1996,1007.0,32949.0,1.105317,1.9473,ESP,DNK,841239
3730529,74,64,8807,1996,0.0,1509.0,2.0584729999999998,1.006908,FIN,DNK,841239
3730530,77,64,8807,1996,62953.0,1000.0,1.69082,0.721312,FRA,DNK,841239
3730531,81,64,8807,1996,589592.0,3206.0,1.850284,0.883084,GBR,DNK,841239
3730532,109,64,8807,1996,0.0,2415.0,0.003558,-0.551796,ISL,DNK,841239
3730533,110,64,8807,1996,0.0,1009.0,1.054975,1.072965,ISR,DNK,841239
3730534,111,64,8807,1996,47041.0,0.0,1.4674690000000001,1.263362,ITA,DNK,841239
3730535,114,64,8807,1996,7982.0,3065.0,2.615364,0.5656939999999999,JPN,DNK,841239
3730536,121,64,8807,1996,0.0,13196.0,0.8946940000000001,1.240424,KOR,DNK,841239
3730537,138,64,8807,1996,0.0,1012.0,0.651949,0.9132170000000001,MEX,DNK,841239
3730538,153,64,8807,1996,0.0,33739.0,0.351774,0.347262,MYS,DNK,841239
3730539,162,64,8807,1996,28714.0,4813.0,1.256625,1.803132,NLD,DNK,841239
3730540,163,64,8807,1996,13283.0,155018.0,1.204869,0.303062,NOR,DNK,841239
3730541,177,64,8807,1996,0.0,2757.0,0.795489,1.9004729999999999,POL,DNK,841239
3730542,179,64,8807,1996,0.0,8333.0,0.39343,1.170144,PRT,DNK,841239
3730543,182,64,8807,1996,0.0,840.0,0.845308,-0.31763,PYF,DNK,841239
3730544,192,64,8807,1996,0.0,5162.0,0.8354299999999999,0.41169799999999995,SGP,DNK,841239
3730545,208,64,8807,1996,161238.0,4060.0,2.133781,0.9099889999999999,SWE,DNK,841239
3730546,224,64,8807,1996,0.0,2651.0,0.156866,1.554023,TUR,DNK,841239
3730547,231,64,8807,1996,5381.0,40120.0,1.7110560000000001,1.125141,USA,DNK,841239
3730548,8,67,8807,1996,1977.0,0.0,0.167081,0.433612,ARG,ECU,841239
3730549,32,67,8807,1996,2516.0,0.0,0.699658,1.271724,BRA,ECU,841239
3730550,61,67,8807,1996,3909.0,0.0,2.279976,-2.572299,DEU,ECU,841239
3730551,81,67,8807,1996,5044.0,0.0,1.850284,0.883084,GBR,ECU,841239
3730552,114,67,8807,1996,18643.0,0.0,2.615364,0.5656939999999999,JPN,ECU,841239
3730553,231,67,8807,1996,26437.0,0.0,1.7110560000000001,1.125141,USA,ECU,841239
3730554,8,71,8807,1996,0.0,8259.0,0.167081,0.433612,ARG,ESP,841239
3730555,14,71,8807,1996,0.0,90160.0,0.369697,0.78069,AUS,ESP,841239
3730556,15,71,8807,1996,8542.0,25315.0,1.9216669999999998,0.659388,AUT,ESP,841239
3730557,18,71,8807,1996,363002.0,55569.0,1.549312,1.273767,BEL,ESP,841239
3730558,32,71,8807,1996,0.0,14533.0,0.699658,1.271724,BRA,ESP,841239
3730559,39,71,8807,1996,4644.0,58131.0,1.155706,1.1127049999999998,CAN,ESP,841239
3730560,41,71,8807,1996,5269.0,59674.0,2.246238,0.603288,CHE,ESP,841239
3730561,42,71,8807,1996,0.0,3937.0,-0.052811000000000004,-0.169464,CHL,ESP,841239
3730562,59,71,8807,1996,0.0,7675.0,1.401181,1.3094709999999998,CZE,ESP,841239
3730563,61,71,8807,1996,126930.0,196165.0,2.279976,-2.572299,DEU,ESP,841239
3730564,64,71,8807,1996,32949.0,1007.0,1.443514,1.275684,DNK,ESP,841239
3730565,74,71,8807,1996,2540.0,0.0,2.0584729999999998,1.006908,FIN,ESP,841239
3730566,77,71,8807,1996,88105.0,554852.0,1.69082,0.721312,FRA,ESP,841239
3730567,81,71,8807,1996,239519.0,781803.0,1.850284,0.883084,GBR,ESP,841239
3730568,111,71,8807,1996,95974.0,424780.0,1.4674690000000001,1.263362,ITA,ESP,841239
3730569,114,71,8807,1996,128005.0,1843.0,2.615364,0.5656939999999999,JPN,ESP,841239
3730570,121,71,8807,1996,0.0,16157.0,0.8946940000000001,1.240424,KOR,ESP,841239
3730571,134,71,8807,1996,0.0,4266.0,-0.67314,-0.241242,MAR,ESP,841239
3730572,138,71,8807,1996,0.0,36399.0,0.651949,0.9132170000000001,MEX,ESP,841239
3730573,153,71,8807,1996,0.0,31222.0,0.351774,0.347262,MYS,ESP,841239
3730574,162,71,8807,1996,86324.0,24883.0,1.256625,1.803132,NLD,ESP,841239
3730575,163,71,8807,1996,1400.0,33676.0,1.204869,0.303062,NOR,ESP,841239
3730576,179,71,8807,1996,9056.0,55192.0,0.39343,1.170144,PRT,ESP,841239
3730577,188,71,8807,1996,0.0,10303.0,0.215265,-0.8577309999999999,SAU,ESP,841239
3730578,192,71,8807,1996,0.0,15672.0,0.8354299999999999,0.41169799999999995,SGP,ESP,841239
3730579,208,71,8807,1996,13364.0,13165.0,2.133781,0.9099889999999999,SWE,ESP,841239
3730580,231,71,8807,1996,94161.0,68330.0,1.7110560000000001,1.125141,USA,ESP,841239
3730581,236,71,8807,1996,0.0,17399.0,0.07086100000000001,-0.761307,VEN,ESP,841239
3730582,246,71,8807,1996,0.0,2502.0,0.456593,1.150786,ZAF,ESP,841239
3730583,249,71,8807,1996,0.0,3405.0,1.432225,1.675389,TWN,ESP,841239
3730584,250,71,8807,1996,0.0,7887.0,1.084978,0.901755,ANS,ESP,841239
3730585,14,74,8807,1996,0.0,48798.0,0.369697,0.78069,AUS,FIN,841239
3730586,15,74,8807,1996,0.0,3721.0,1.9216669999999998,0.659388,AUT,FIN,841239
3730587,18,74,8807,1996,419239.0,0.0,1.549312,1.273767,BEL,FIN,841239
3730588,39,74,8807,1996,0.0,27075.0,1.155706,1.1127049999999998,CAN,FIN,841239
3730589,41,74,8807,1996,3731.0,11626.0,2.246238,0.603288,CHE,FIN,841239
3730590,42,74,8807,1996,0.0,6932.0,-0.052811000000000004,-0.169464,CHL,FIN,841239
3730591,61,74,8807,1996,86161.0,53797.0,2.279976,-2.572299,DEU,FIN,841239
3730592,64,74,8807,1996,1509.0,0.0,1.443514,1.275684,DNK,FIN,841239
3730593,71,74,8807,1996,0.0,2540.0,1.105317,1.9473,ESP,FIN,841239
3730594,72,74,8807,1996,0.0,6012.0,0.53397,1.0877940000000001,EST,FIN,841239
3730595,77,74,8807,1996,10579.0,13545.0,1.69082,0.721312,FRA,FIN,841239
3730596,81,74,8807,1996,179302.0,22805.0,1.850284,0.883084,GBR,FIN,841239
3730597,102,74,8807,1996,0.0,10922.0,0.790036,1.891534,HUN,FIN,841239
3730598,103,74,8807,1996,0.0,3278.0,-0.43199899999999997,1.22074,IDN,FIN,841239
3730599,104,74,8807,1996,0.0,2784.0,0.20685599999999998,2.317622,IND,FIN,841239
3730600,111,74,8807,1996,337318.0,2119.0,1.4674690000000001,1.263362,ITA,FIN,841239
3730601,114,74,8807,1996,73115.0,16652.0,2.615364,0.5656939999999999,JPN,FIN,841239
3730602,121,74,8807,1996,0.0,13605.0,0.8946940000000001,1.240424,KOR,FIN,841239
3730603,134,74,8807,1996,0.0,1488.0,-0.67314,-0.241242,MAR,FIN,841239
3730604,138,74,8807,1996,0.0,8680.0,0.651949,0.9132170000000001,MEX,FIN,841239
3730605,153,74,8807,1996,0.0,3194.0,0.351774,0.347262,MYS,FIN,841239
3730606,162,74,8807,1996,41375.0,4622.0,1.256625,1.803132,NLD,FIN,841239
3730607,163,74,8807,1996,4281.0,10215.0,1.204869,0.303062,NOR,FIN,841239
3730608,166,74,8807,1996,0.0,2320.0,0.49466099999999996,0.8302879999999999,NZL,FIN,841239
3730609,177,74,8807,1996,0.0,1820.0,0.795489,1.9004729999999999,POL,FIN,841239
3730610,179,74,8807,1996,0.0,5356.0,0.39343,1.170144,PRT,FIN,841239
3730611,186,74,8807,1996,0.0,3606.0,0.900185,0.47723000000000004,RUS,FIN,841239
3730612,192,74,8807,1996,0.0,9570.0,0.8354299999999999,0.41169799999999995,SGP,FIN,841239
3730613,208,74,8807,1996,261514.0,569439.0,2.133781,0.9099889999999999,SWE,FIN,841239
3730614,216,74,8807,1996,0.0,2104.0,0.10120599999999999,1.351967,THA,FIN,841239
3730615,231,74,8807,1996,8305.0,151181.0,1.7110560000000001,1.125141,USA,FIN,841239
3730616,246,74,8807,1996,0.0,10933.0,0.456593,1.150786,ZAF,FIN,841239
3730617,8,77,8807,1996,0.0,6009.0,0.167081,0.433612,ARG,FRA,841239
3730618,14,77,8807,1996,0.0,4713.0,0.369697,0.78069,AUS,FRA,841239
3730619,15,77,8807,1996,43627.0,20536.0,1.9216669999999998,0.659388,AUT,FRA,841239
3730620,18,77,8807,1996,1983804.0,182250.0,1.549312,1.273767,BEL,FRA,841239
3730621,32,77,8807,1996,0.0,6041.0,0.699658,1.271724,BRA,FRA,841239
3730622,39,77,8807,1996,0.0,32392.0,1.155706,1.1127049999999998,CAN,FRA,841239
3730623,41,77,8807,1996,5494.0,71533.0,2.246238,0.603288,CHE,FRA,841239
3730624,42,77,8807,1996,0.0,3389.0,-0.052811000000000004,-0.169464,CHL,FRA,841239
3730625,43,77,8807,1996,0.0,16859.0,0.404422,3.061344,CHN,FRA,841239
3730626,44,77,8807,1996,0.0,5336.0,-0.8720459999999999,-0.7904479999999999,CIV,FRA,841239
3730627,45,77,8807,1996,0.0,1318.0,-1.4036309999999999,-1.090633,CMR,FRA,841239
3730628,47,77,8807,1996,0.0,2726.0,-1.522142,-1.165936,COG,FRA,841239
3730629,61,77,8807,1996,393919.0,209373.0,2.279976,-2.572299,DEU,FRA,841239
3730630,64,77,8807,1996,1000.0,62953.0,1.443514,1.275684,DNK,FRA,841239
3730631,66,77,8807,1996,0.0,17179.0,-0.33419699999999997,-1.035736,DZA,FRA,841239
3730632,68,77,8807,1996,0.0,15725.0,-0.5446409999999999,-0.229586,EGY,FRA,841239
3730633,71,77,8807,1996,554852.0,88105.0,1.105317,1.9473,ESP,FRA,841239
3730634,74,77,8807,1996,13545.0,10579.0,2.0584729999999998,1.006908,FIN,FRA,841239
3730635,80,77,8807,1996,0.0,47131.0,-1.693615,-1.174433,GAB,FRA,841239
3730636,81,77,8807,1996,1237056.0,634304.0,1.850284,0.883084,GBR,FRA,841239
3730637,83,77,8807,1996,0.0,5829.0,-1.035244,-0.9834129999999999,GHA,FRA,841239
3730638,90,77,8807,1996,0.0,1664.0,0.271386,1.042608,GRC,FRA,841239
3730639,102,77,8807,1996,0.0,929.0,0.790036,1.891534,HUN,FRA,841239
3730640,103,77,8807,1996,0.0,24605.0,-0.43199899999999997,1.22074,IDN,FRA,841239
3730641,104,77,8807,1996,0.0,8674.0,0.20685599999999998,2.317622,IND,FRA,841239
3730642,110,77,8807,1996,0.0,26225.0,1.054975,1.072965,ISR,FRA,841239
3730643,111,77,8807,1996,907211.0,424729.0,1.4674690000000001,1.263362,ITA,FRA,841239
3730644,114,77,8807,1996,283618.0,9978.0,2.615364,0.5656939999999999,JPN,FRA,841239
3730645,121,77,8807,1996,3918.0,1447.0,0.8946940000000001,1.240424,KOR,FRA,841239
3730646,134,77,8807,1996,0.0,14558.0,-0.67314,-0.241242,MAR,FRA,841239
3730647,138,77,8807,1996,0.0,8688.0,0.651949,0.9132170000000001,MEX,FRA,841239
3730648,141,77,8807,1996,0.0,1203.0,-0.987858,-0.9677040000000001,MLI,FRA,841239
3730649,153,77,8807,1996,0.0,5756.0,0.351774,0.347262,MYS,FRA,841239
3730650,162,77,8807,1996,34663.0,193233.0,1.256625,1.803132,NLD,FRA,841239
3730651,163,77,8807,1996,2030.0,32145.0,1.204869,0.303062,NOR,FRA,841239
3730652,166,77,8807,1996,0.0,5166.0,0.49466099999999996,0.8302879999999999,NZL,FRA,841239
3730653,177,77,8807,1996,0.0,26790.0,0.795489,1.9004729999999999,POL,FRA,841239
3730654,179,77,8807,1996,0.0,8023.0,0.39343,1.170144,PRT,FRA,841239
3730655,182,77,8807,1996,0.0,1416.0,0.845308,-0.31763,PYF,FRA,841239
3730656,186,77,8807,1996,0.0,36624.0,0.900185,0.47723000000000004,RUS,FRA,841239
3730657,188,77,8807,1996,0.0,2122.0,0.215265,-0.8577309999999999,SAU,FRA,841239
3730658,189,77,8807,1996,0.0,5417.0,0.786293,2.20126,SCG,FRA,841239
3730659,191,77,8807,1996,0.0,8321.0,-0.619785,-0.712171,SEN,FRA,841239
3730660,192,77,8807,1996,0.0,6384.0,0.8354299999999999,0.41169799999999995,SGP,FRA,841239
3730661,207,77,8807,1996,0.0,3184.0,1.409184,1.37245,SVN,FRA,841239
3730662,208,77,8807,1996,28633.0,91999.0,2.133781,0.9099889999999999,SWE,FRA,841239
3730663,216,77,8807,1996,0.0,3170.0,0.10120599999999999,1.351967,THA,FRA,841239
3730664,223,77,8807,1996,0.0,15881.0,-0.28546,-0.089051,TUN,FRA,841239
3730665,224,77,8807,1996,0.0,2602.0,0.156866,1.554023,TUR,FRA,841239
3730666,231,77,8807,1996,953441.0,15643.0,1.7110560000000001,1.125141,USA,FRA,841239
3730667,236,77,8807,1996,0.0,1100.0,0.07086100000000001,-0.761307,VEN,FRA,841239
3730668,239,77,8807,1996,0.0,1955.0,-0.9336469999999999,-0.10985199999999999,VNM,FRA,841239
3730669,246,77,8807,1996,0.0,277605.0,0.456593,1.150786,ZAF,FRA,841239
3730670,250,77,8807,1996,63738.0,0.0,1.084978,0.901755,ANS,FRA,841239
3730671,77,80,8807,1996,47131.0,0.0,1.69082,0.721312,FRA,GAB,841239
3730672,81,80,8807,1996,2309.0,0.0,1.850284,0.883084,GBR,GAB,841239
3730673,7,81,8807,1996,0.0,137134.0,-0.245358,-0.726695,ARE,GBR,841239
3730674,8,81,8807,1996,0.0,24526.0,0.167081,0.433612,ARG,GBR,841239
3730675,14,81,8807,1996,6776.0,226677.0,0.369697,0.78069,AUS,GBR,841239
3730676,15,81,8807,1996,128293.0,46334.0,1.9216669999999998,0.659388,AUT,GBR,841239
3730677,18,81,8807,1996,2102008.0,99241.0,1.549312,1.273767,BEL,GBR,841239
3730678,32,81,8807,1996,0.0,230907.0,0.699658,1.271724,BRA,GBR,841239
3730679,39,81,8807,1996,6438.0,247697.0,1.155706,1.1127049999999998,CAN,GBR,841239
3730680,41,81,8807,1996,13182.0,991241.0,2.246238,0.603288,CHE,GBR,841239
3730681,42,81,8807,1996,0.0,2237.0,-0.052811000000000004,-0.169464,CHL,GBR,841239
3730682,43,81,8807,1996,0.0,49200.0,0.404422,3.061344,CHN,GBR,841239
3730683,44,81,8807,1996,0.0,1527.0,-0.8720459999999999,-0.7904479999999999,CIV,GBR,841239
3730684,52,81,8807,1996,0.0,14272.0,-0.34219499999999997,0.12221900000000001,CRI,GBR,841239
3730685,59,81,8807,1996,0.0,8809.0,1.401181,1.3094709999999998,CZE,GBR,841239
3730686,61,81,8807,1996,237881.0,3006007.0,2.279976,-2.572299,DEU,GBR,841239
3730687,64,81,8807,1996,3206.0,589592.0,1.443514,1.275684,DNK,GBR,841239
3730688,66,81,8807,1996,0.0,3704.0,-0.33419699999999997,-1.035736,DZA,GBR,841239
3730689,67,81,8807,1996,0.0,5044.0,-1.1391200000000001,-0.992735,ECU,GBR,841239
3730690,68,81,8807,1996,0.0,18561.0,-0.5446409999999999,-0.229586,EGY,GBR,841239
3730691,71,81,8807,1996,781803.0,239519.0,1.105317,1.9473,ESP,GBR,841239
3730692,74,81,8807,1996,22805.0,179302.0,2.0584729999999998,1.006908,FIN,GBR,841239
3730693,77,81,8807,1996,634304.0,1237056.0,1.69082,0.721312,FRA,GBR,841239
3730694,80,81,8807,1996,0.0,2309.0,-1.693615,-1.174433,GAB,GBR,841239
3730695,83,81,8807,1996,0.0,49889.0,-1.035244,-0.9834129999999999,GHA,GBR,841239
3730696,90,81,8807,1996,0.0,3913.0,0.271386,1.042608,GRC,GBR,841239
3730697,97,81,8807,1996,0.0,45772.0,0.54364,2.727659,HKG,GBR,841239
3730698,102,81,8807,1996,3408.0,4641.0,0.790036,1.891534,HUN,GBR,841239
3730699,103,81,8807,1996,0.0,18367.0,-0.43199899999999997,1.22074,IDN,GBR,841239
3730700,104,81,8807,1996,24318.0,24891.0,0.20685599999999998,2.317622,IND,GBR,841239
3730701,106,81,8807,1996,140747.0,729101.0,1.386011,0.9232100000000001,IRL,GBR,841239
3730702,109,81,8807,1996,0.0,8666.0,0.003558,-0.551796,ISL,GBR,841239
3730703,110,81,8807,1996,0.0,25844.0,1.054975,1.072965,ISR,GBR,841239
3730704,111,81,8807,1996,350496.0,698570.0,1.4674690000000001,1.263362,ITA,GBR,841239
3730705,114,81,8807,1996,842943.0,242785.0,2.615364,0.5656939999999999,JPN,GBR,841239
3730706,116,81,8807,1996,0.0,24616.0,-0.468322,-0.017625,KEN,GBR,841239
3730707,121,81,8807,1996,0.0,36532.0,0.8946940000000001,1.240424,KOR,GBR,841239
3730708,124,81,8807,1996,0.0,5007.0,-0.051973,0.002154,LBN,GBR,841239
3730709,126,81,8807,1996,0.0,6078.0,-0.588489,-1.138552,LBY,GBR,841239
3730710,134,81,8807,1996,0.0,10972.0,-0.67314,-0.241242,MAR,GBR,841239
3730711,138,81,8807,1996,0.0,13569.0,0.651949,0.9132170000000001,MEX,GBR,841239
3730712,142,81,8807,1996,0.0,6026.0,0.8825440000000001,0.066541,MLT,GBR,841239
3730713,153,81,8807,1996,0.0,4937.0,0.351774,0.347262,MYS,GBR,841239
3730714,159,81,8807,1996,0.0,17577.0,-1.813359,-1.1967,NGA,GBR,841239
3730715,162,81,8807,1996,696024.0,7298318.0,1.256625,1.803132,NLD,GBR,841239
3730716,163,81,8807,1996,38803.0,141034.0,1.204869,0.303062,NOR,GBR,841239
3730717,166,81,8807,1996,0.0,36191.0,0.49466099999999996,0.8302879999999999,NZL,GBR,841239
3730718,168,81,8807,1996,0.0,27914.0,-0.7543300000000001,-0.393654,PAK,GBR,841239
3730719,169,81,8807,1996,0.0,1173.0,-0.100537,-0.374129,PAN,GBR,841239
3730720,174,81,8807,1996,0.0,36632.0,-0.276548,0.344986,PHL,GBR,841239
3730721,177,81,8807,1996,2460.0,2145.0,0.795489,1.9004729999999999,POL,GBR,841239
3730722,179,81,8807,1996,0.0,6985.0,0.39343,1.170144,PRT,GBR,841239
3730723,186,81,8807,1996,0.0,68161.0,0.900185,0.47723000000000004,RUS,GBR,841239
3730724,187,81,8807,1996,0.0,2199.0,0.07343,-0.520246,RWA,GBR,841239
3730725,188,81,8807,1996,0.0,1928.0,0.215265,-0.8577309999999999,SAU,GBR,841239
3730726,192,81,8807,1996,0.0,43389.0,0.8354299999999999,0.41169799999999995,SGP,GBR,841239
3730727,207,81,8807,1996,0.0,13863.0,1.409184,1.37245,SVN,GBR,841239
3730728,208,81,8807,1996,158604.0,1085723.0,2.133781,0.9099889999999999,SWE,GBR,841239
3730729,216,81,8807,1996,0.0,5795.0,0.10120599999999999,1.351967,THA,GBR,841239
3730730,223,81,8807,1996,0.0,14621.0,-0.28546,-0.089051,TUN,GBR,841239
3730731,224,81,8807,1996,0.0,39368.0,0.156866,1.554023,TUR,GBR,841239
3730732,226,81,8807,1996,0.0,2732.0,-1.391534,-0.907436,TZA,GBR,841239
3730733,231,81,8807,1996,1398512.0,6624299.0,1.7110560000000001,1.125141,USA,GBR,841239
3730734,243,81,8807,1996,0.0,4870.0,-1.304556,-1.200523,YEM,GBR,841239
3730735,246,81,8807,1996,24021.0,187727.0,0.456593,1.150786,ZAF,GBR,841239
3730736,247,81,8807,1996,0.0,2574.0,-0.340956,-0.714009,ZMB,GBR,841239
3730737,248,81,8807,1996,0.0,23455.0,-0.393769,-0.34379,ZWE,GBR,841239
3730738,249,81,8807,1996,1923.0,404858.0,1.432225,1.675389,TWN,GBR,841239
3730739,15,90,8807,1996,18408.0,0.0,1.9216669999999998,0.659388,AUT,GRC,841239
3730740,18,90,8807,1996,18313.0,0.0,1.549312,1.273767,BEL,GRC,841239
3730741,61,90,8807,1996,23842.0,0.0,2.279976,-2.572299,DEU,GRC,841239
3730742,77,90,8807,1996,1664.0,0.0,1.69082,0.721312,FRA,GRC,841239
3730743,81,90,8807,1996,3913.0,0.0,1.850284,0.883084,GBR,GRC,841239
3730744,111,90,8807,1996,13811.0,0.0,1.4674690000000001,1.263362,ITA,GRC,841239
3730745,114,90,8807,1996,46600.0,0.0,2.615364,0.5656939999999999,JPN,GRC,841239
3730746,162,90,8807,1996,11920.0,0.0,1.256625,1.803132,NLD,GRC,841239
3730747,231,90,8807,1996,9111.0,0.0,1.7110560000000001,1.125141,USA,GRC,841239
3730748,15,93,8807,1996,2053.0,0.0,1.9216669999999998,0.659388,AUT,GTM,841239
3730749,61,93,8807,1996,1062.0,0.0,2.279976,-2.572299,DEU,GTM,841239
3730750,231,93,8807,1996,15240.0,0.0,1.7110560000000001,1.125141,USA,GTM,841239
3730751,14,97,8807,1996,54186.0,0.0,0.369697,0.78069,AUS,HKG,841239
3730752,15,97,8807,1996,5227.0,0.0,1.9216669999999998,0.659388,AUT,HKG,841239
3730753,18,97,8807,1996,2733.0,0.0,1.549312,1.273767,BEL,HKG,841239
3730754,24,97,8807,1996,0.0,2763.0,-0.062207000000000005,-0.840398,BHR,HKG,841239
3730755,39,97,8807,1996,1948.0,0.0,1.155706,1.1127049999999998,CAN,HKG,841239
3730756,43,97,8807,1996,44913.0,119957.0,0.404422,3.061344,CHN,HKG,841239
3730757,61,97,8807,1996,122040.0,73500.0,2.279976,-2.572299,DEU,HKG,841239
3730758,81,97,8807,1996,45772.0,0.0,1.850284,0.883084,GBR,HKG,841239
3730759,111,97,8807,1996,229933.0,0.0,1.4674690000000001,1.263362,ITA,HKG,841239
3730760,114,97,8807,1996,183932.0,0.0,2.615364,0.5656939999999999,JPN,HKG,841239
3730761,138,97,8807,1996,2070.0,0.0,0.651949,0.9132170000000001,MEX,HKG,841239
3730762,153,97,8807,1996,0.0,14640.0,0.351774,0.347262,MYS,HKG,841239
3730763,162,97,8807,1996,81999.0,0.0,1.256625,1.803132,NLD,HKG,841239
3730764,174,97,8807,1996,0.0,6141.0,-0.276548,0.344986,PHL,HKG,841239
3730765,192,97,8807,1996,119423.0,0.0,0.8354299999999999,0.41169799999999995,SGP,HKG,841239
3730766,208,97,8807,1996,19899.0,0.0,2.133781,0.9099889999999999,SWE,HKG,841239
3730767,231,97,8807,1996,87339.0,0.0,1.7110560000000001,1.125141,USA,HKG,841239
3730768,249,97,8807,1996,19463.0,18186.0,1.432225,1.675389,TWN,HKG,841239
3730769,231,99,8807,1996,63046.0,0.0,1.7110560000000001,1.125141,USA,HND,841239
3730770,18,106,8807,1996,40514.0,0.0,1.549312,1.273767,BEL,IRL,841239
3730771,39,106,8807,1996,4559.0,3413.0,1.155706,1.1127049999999998,CAN,IRL,841239
3730772,41,106,8807,1996,874.0,0.0,2.246238,0.603288,CHE,IRL,841239
3730773,61,106,8807,1996,39245.0,0.0,2.279976,-2.572299,DEU,IRL,841239
3730774,81,106,8807,1996,729101.0,140747.0,1.850284,0.883084,GBR,IRL,841239
3730775,111,106,8807,1996,993.0,0.0,1.4674690000000001,1.263362,ITA,IRL,841239
3730776,163,106,8807,1996,1470.0,0.0,1.204869,0.303062,NOR,IRL,841239
3730777,231,106,8807,1996,171629.0,2696.0,1.7110560000000001,1.125141,USA,IRL,841239
3730778,14,110,8807,1996,0.0,57111.0,0.369697,0.78069,AUS,ISR,841239
3730779,15,110,8807,1996,12600.0,0.0,1.9216669999999998,0.659388,AUT,ISR,841239
3730780,18,110,8807,1996,0.0,13452.0,1.549312,1.273767,BEL,ISR,841239
3730781,61,110,8807,1996,31363.0,0.0,2.279976,-2.572299,DEU,ISR,841239
3730782,64,110,8807,1996,1009.0,0.0,1.443514,1.275684,DNK,ISR,841239
3730783,77,110,8807,1996,26225.0,0.0,1.69082,0.721312,FRA,ISR,841239
3730784,81,110,8807,1996,25844.0,0.0,1.850284,0.883084,GBR,ISR,841239
3730785,111,110,8807,1996,10052.0,0.0,1.4674690000000001,1.263362,ITA,ISR,841239
3730786,114,110,8807,1996,60623.0,0.0,2.615364,0.5656939999999999,JPN,ISR,841239
3730787,231,110,8807,1996,50281.0,12880.0,1.7110560000000001,1.125141,USA,ISR,841239
3730788,246,110,8807,1996,0.0,2189.0,0.456593,1.150786,ZAF,ISR,841239
3730789,250,110,8807,1996,40927.0,0.0,1.084978,0.901755,ANS,ISR,841239
3730790,4,111,8807,1996,0.0,3420.0,-0.309992,-0.039541,ALB,ITA,841239
3730791,7,111,8807,1996,0.0,30011.0,-0.245358,-0.726695,ARE,ITA,841239
3730792,8,111,8807,1996,0.0,86309.0,0.167081,0.433612,ARG,ITA,841239
3730793,14,111,8807,1996,0.0,83279.0,0.369697,0.78069,AUS,ITA,841239
3730794,15,111,8807,1996,65397.0,101031.0,1.9216669999999998,0.659388,AUT,ITA,841239
3730795,18,111,8807,1996,2130537.0,100986.0,1.549312,1.273767,BEL,ITA,841239
3730796,32,111,8807,1996,0.0,10117.0,0.699658,1.271724,BRA,ITA,841239
3730797,39,111,8807,1996,8875.0,4234.0,1.155706,1.1127049999999998,CAN,ITA,841239
3730798,41,111,8807,1996,59613.0,291154.0,2.246238,0.603288,CHE,ITA,841239
3730799,42,111,8807,1996,0.0,24321.0,-0.052811000000000004,-0.169464,CHL,ITA,841239
3730800,43,111,8807,1996,2015.0,110239.0,0.404422,3.061344,CHN,ITA,841239
3730801,44,111,8807,1996,0.0,8976.0,-0.8720459999999999,-0.7904479999999999,CIV,ITA,841239
3730802,49,111,8807,1996,0.0,7988.0,0.136487,0.078743,COL,ITA,841239
3730803,58,111,8807,1996,0.0,1576.0,0.20007,0.020590999999999998,CYP,ITA,841239
3730804,59,111,8807,1996,0.0,168863.0,1.401181,1.3094709999999998,CZE,ITA,841239
3730805,61,111,8807,1996,350079.0,2376250.0,2.279976,-2.572299,DEU,ITA,841239
3730806,64,111,8807,1996,0.0,47041.0,1.443514,1.275684,DNK,ITA,841239
3730807,66,111,8807,1996,0.0,8913.0,-0.33419699999999997,-1.035736,DZA,ITA,841239
3730808,68,111,8807,1996,23463.0,40825.0,-0.5446409999999999,-0.229586,EGY,ITA,841239
3730809,71,111,8807,1996,424780.0,95974.0,1.105317,1.9473,ESP,ITA,841239
3730810,74,111,8807,1996,2119.0,337318.0,2.0584729999999998,1.006908,FIN,ITA,841239
3730811,77,111,8807,1996,424729.0,907211.0,1.69082,0.721312,FRA,ITA,841239
3730812,81,111,8807,1996,698570.0,350496.0,1.850284,0.883084,GBR,ITA,841239
3730813,85,111,8807,1996,0.0,4448.0,-1.2641930000000001,-1.1317409999999999,GIN,ITA,841239
3730814,90,111,8807,1996,0.0,13811.0,0.271386,1.042608,GRC,ITA,841239
3730815,97,111,8807,1996,0.0,229933.0,0.54364,2.727659,HKG,ITA,841239
3730816,100,111,8807,1996,0.0,23337.0,0.772706,1.1075270000000002,HRV,ITA,841239
3730817,102,111,8807,1996,0.0,12568.0,0.790036,1.891534,HUN,ITA,841239
3730818,104,111,8807,1996,0.0,147415.0,0.20685599999999998,2.317622,IND,ITA,841239
3730819,106,111,8807,1996,0.0,993.0,1.386011,0.9232100000000001,IRL,ITA,841239
3730820,109,111,8807,1996,0.0,31233.0,0.003558,-0.551796,ISL,ITA,841239
3730821,110,111,8807,1996,0.0,10052.0,1.054975,1.072965,ISR,ITA,841239
3730822,114,111,8807,1996,525144.0,72503.0,2.615364,0.5656939999999999,JPN,ITA,841239
3730823,121,111,8807,1996,0.0,81856.0,0.8946940000000001,1.240424,KOR,ITA,841239
3730824,134,111,8807,1996,0.0,4258.0,-0.67314,-0.241242,MAR,ITA,841239
3730825,138,111,8807,1996,0.0,4201.0,0.651949,0.9132170000000001,MEX,ITA,841239
3730826,153,111,8807,1996,0.0,14710.0,0.351774,0.347262,MYS,ITA,841239
3730827,156,111,8807,1996,0.0,2657.0,-0.951583,-0.785157,NCL,ITA,841239
3730828,162,111,8807,1996,119344.0,463862.0,1.256625,1.803132,NLD,ITA,841239
3730829,163,111,8807,1996,3148.0,3121.0,1.204869,0.303062,NOR,ITA,841239
3730830,166,111,8807,1996,0.0,7568.0,0.49466099999999996,0.8302879999999999,NZL,ITA,841239
3730831,173,111,8807,1996,0.0,4282.0,-0.43761000000000005,-0.28077399999999997,PER,ITA,841239
3730832,174,111,8807,1996,0.0,2960.0,-0.276548,0.344986,PHL,ITA,841239
3730833,177,111,8807,1996,29287.0,3139.0,0.795489,1.9004729999999999,POL,ITA,841239
3730834,179,111,8807,1996,0.0,5666.0,0.39343,1.170144,PRT,ITA,841239
3730835,185,111,8807,1996,0.0,49122.0,0.612035,0.880964,ROU,ITA,841239
3730836,186,111,8807,1996,0.0,17431.0,0.900185,0.47723000000000004,RUS,ITA,841239
3730837,188,111,8807,1996,0.0,116659.0,0.215265,-0.8577309999999999,SAU,ITA,841239
3730838,192,111,8807,1996,0.0,105225.0,0.8354299999999999,0.41169799999999995,SGP,ITA,841239
3730839,207,111,8807,1996,5628.0,2162.0,1.409184,1.37245,SVN,ITA,841239
3730840,208,111,8807,1996,40971.0,408058.0,2.133781,0.9099889999999999,SWE,ITA,841239
3730841,212,111,8807,1996,0.0,36459.0,-1.100666,-0.90038,SYR,ITA,841239
3730842,216,111,8807,1996,0.0,47187.0,0.10120599999999999,1.351967,THA,ITA,841239
3730843,223,111,8807,1996,0.0,25334.0,-0.28546,-0.089051,TUN,ITA,841239
3730844,224,111,8807,1996,1882.0,22432.0,0.156866,1.554023,TUR,ITA,841239
3730845,230,111,8807,1996,0.0,12336.0,0.171541,0.313934,URY,ITA,841239
3730846,231,111,8807,1996,145829.0,131780.0,1.7110560000000001,1.125141,USA,ITA,841239
3730847,236,111,8807,1996,0.0,1687.0,0.07086100000000001,-0.761307,VEN,ITA,841239
3730848,239,111,8807,1996,0.0,10372.0,-0.9336469999999999,-0.10985199999999999,VNM,ITA,841239
3730849,246,111,8807,1996,0.0,44703.0,0.456593,1.150786,ZAF,ITA,841239
3730850,14,121,8807,1996,207083.0,11023.0,0.369697,0.78069,AUS,KOR,841239
3730851,15,121,8807,1996,2706.0,1674.0,1.9216669999999998,0.659388,AUT,KOR,841239
3730852,18,121,8807,1996,2213.0,0.0,1.549312,1.273767,BEL,KOR,841239
3730853,22,121,8807,1996,0.0,27341.0,-1.060876,-1.05104,BGD,KOR,841239
3730854,41,121,8807,1996,16965.0,0.0,2.246238,0.603288,CHE,KOR,841239
3730855,43,121,8807,1996,6456.0,15959.0,0.404422,3.061344,CHN,KOR,841239
3730856,61,121,8807,1996,105355.0,0.0,2.279976,-2.572299,DEU,KOR,841239
3730857,64,121,8807,1996,13196.0,0.0,1.443514,1.275684,DNK,KOR,841239
3730858,71,121,8807,1996,16157.0,0.0,1.105317,1.9473,ESP,KOR,841239
3730859,74,121,8807,1996,13605.0,0.0,2.0584729999999998,1.006908,FIN,KOR,841239
3730860,77,121,8807,1996,1447.0,3918.0,1.69082,0.721312,FRA,KOR,841239
3730861,81,121,8807,1996,36532.0,0.0,1.850284,0.883084,GBR,KOR,841239
3730862,102,121,8807,1996,3064.0,0.0,0.790036,1.891534,HUN,KOR,841239
3730863,103,121,8807,1996,0.0,6543.0,-0.43199899999999997,1.22074,IDN,KOR,841239
3730864,104,121,8807,1996,0.0,8611.0,0.20685599999999998,2.317622,IND,KOR,841239
3730865,111,121,8807,1996,81856.0,0.0,1.4674690000000001,1.263362,ITA,KOR,841239
3730866,114,121,8807,1996,1715646.0,43176.0,2.615364,0.5656939999999999,JPN,KOR,841239
3730867,153,121,8807,1996,1940.0,30680.0,0.351774,0.347262,MYS,KOR,841239
3730868,162,121,8807,1996,1218.0,0.0,1.256625,1.803132,NLD,KOR,841239
3730869,163,121,8807,1996,2001.0,0.0,1.204869,0.303062,NOR,KOR,841239
3730870,173,121,8807,1996,0.0,2235.0,-0.43761000000000005,-0.28077399999999997,PER,KOR,841239
3730871,174,121,8807,1996,0.0,73007.0,-0.276548,0.344986,PHL,KOR,841239
3730872,208,121,8807,1996,3086.0,0.0,2.133781,0.9099889999999999,SWE,KOR,841239
3730873,216,121,8807,1996,1670.0,6039.0,0.10120599999999999,1.351967,THA,KOR,841239
3730874,231,121,8807,1996,778397.0,1947.0,1.7110560000000001,1.125141,USA,KOR,841239
3730875,239,121,8807,1996,0.0,4946.0,-0.9336469999999999,-0.10985199999999999,VNM,KOR,841239
3730876,246,121,8807,1996,0.0,6285.0,0.456593,1.150786,ZAF,KOR,841239
3730877,250,121,8807,1996,3358.0,0.0,1.084978,0.901755,ANS,KOR,841239
3730878,8,138,8807,1996,190615.0,0.0,0.167081,0.433612,ARG,MEX,841239
3730879,14,138,8807,1996,3262.0,1087.0,0.369697,0.78069,AUS,MEX,841239
3730880,15,138,8807,1996,2354.0,0.0,1.9216669999999998,0.659388,AUT,MEX,841239
3730881,18,138,8807,1996,0.0,4673.0,1.549312,1.273767,BEL,MEX,841239
3730882,32,138,8807,1996,924.0,0.0,0.699658,1.271724,BRA,MEX,841239
3730883,39,138,8807,1996,1132.0,8192.0,1.155706,1.1127049999999998,CAN,MEX,841239
3730884,41,138,8807,1996,982.0,0.0,2.246238,0.603288,CHE,MEX,841239
3730885,43,138,8807,1996,8967.0,0.0,0.404422,3.061344,CHN,MEX,841239
3730886,61,138,8807,1996,61744.0,28454.0,2.279976,-2.572299,DEU,MEX,841239
3730887,64,138,8807,1996,1012.0,0.0,1.443514,1.275684,DNK,MEX,841239
3730888,71,138,8807,1996,36399.0,0.0,1.105317,1.9473,ESP,MEX,841239
3730889,74,138,8807,1996,8680.0,0.0,2.0584729999999998,1.006908,FIN,MEX,841239
3730890,77,138,8807,1996,8688.0,0.0,1.69082,0.721312,FRA,MEX,841239
3730891,81,138,8807,1996,13569.0,0.0,1.850284,0.883084,GBR,MEX,841239
3730892,97,138,8807,1996,0.0,2070.0,0.54364,2.727659,HKG,MEX,841239
3730893,111,138,8807,1996,4201.0,0.0,1.4674690000000001,1.263362,ITA,MEX,841239
3730894,114,138,8807,1996,42462.0,0.0,2.615364,0.5656939999999999,JPN,MEX,841239
3730895,153,138,8807,1996,0.0,2038.0,0.351774,0.347262,MYS,MEX,841239
3730896,162,138,8807,1996,38857.0,0.0,1.256625,1.803132,NLD,MEX,841239
3730897,197,138,8807,1996,0.0,3154.0,-0.24968800000000002,-0.121995,SLV,MEX,841239
3730898,208,138,8807,1996,12234.0,0.0,2.133781,0.9099889999999999,SWE,MEX,841239
3730899,231,138,8807,1996,1807692.0,4860.0,1.7110560000000001,1.125141,USA,MEX,841239
3730900,14,153,8807,1996,9304.0,7090.0,0.369697,0.78069,AUS,MYS,841239
3730901,15,153,8807,1996,2210.0,0.0,1.9216669999999998,0.659388,AUT,MYS,841239
3730902,41,153,8807,1996,17133.0,0.0,2.246238,0.603288,CHE,MYS,841239
3730903,43,153,8807,1996,973.0,3849.0,0.404422,3.061344,CHN,MYS,841239
3730904,61,153,8807,1996,30684.0,3411.0,2.279976,-2.572299,DEU,MYS,841239
3730905,64,153,8807,1996,33739.0,0.0,1.443514,1.275684,DNK,MYS,841239
3730906,71,153,8807,1996,31222.0,0.0,1.105317,1.9473,ESP,MYS,841239
3730907,74,153,8807,1996,3194.0,0.0,2.0584729999999998,1.006908,FIN,MYS,841239
3730908,77,153,8807,1996,5756.0,0.0,1.69082,0.721312,FRA,MYS,841239
3730909,81,153,8807,1996,4937.0,0.0,1.850284,0.883084,GBR,MYS,841239
3730910,97,153,8807,1996,14640.0,0.0,0.54364,2.727659,HKG,MYS,841239
3730911,111,153,8807,1996,14710.0,0.0,1.4674690000000001,1.263362,ITA,MYS,841239
3730912,114,153,8807,1996,285429.0,0.0,2.615364,0.5656939999999999,JPN,MYS,841239
3730913,121,153,8807,1996,30680.0,1940.0,0.8946940000000001,1.240424,KOR,MYS,841239
3730914,138,153,8807,1996,2038.0,0.0,0.651949,0.9132170000000001,MEX,MYS,841239
3730915,166,153,8807,1996,2640.0,0.0,0.49466099999999996,0.8302879999999999,NZL,MYS,841239
3730916,174,153,8807,1996,9166.0,18105.0,-0.276548,0.344986,PHL,MYS,841239
3730917,192,153,8807,1996,604650.0,29809.0,0.8354299999999999,0.41169799999999995,SGP,MYS,841239
3730918,208,153,8807,1996,32435.0,0.0,2.133781,0.9099889999999999,SWE,MYS,841239
3730919,216,153,8807,1996,0.0,50373.0,0.10120599999999999,1.351967,THA,MYS,841239
3730920,224,153,8807,1996,2104.0,0.0,0.156866,1.554023,TUR,MYS,841239
3730921,231,153,8807,1996,199794.0,361964.0,1.7110560000000001,1.125141,USA,MYS,841239
3730922,239,153,8807,1996,0.0,4986.0,-0.9336469999999999,-0.10985199999999999,VNM,MYS,841239
3730923,249,153,8807,1996,237939.0,6799.0,1.432225,1.675389,TWN,MYS,841239
3730924,7,162,8807,1996,0.0,5575.0,-0.245358,-0.726695,ARE,NLD,841239
3730925,14,162,8807,1996,0.0,72393.0,0.369697,0.78069,AUS,NLD,841239
3730926,15,162,8807,1996,2505.0,98410.0,1.9216669999999998,0.659388,AUT,NLD,841239
3730927,18,162,8807,1996,1269044.0,599189.0,1.549312,1.273767,BEL,NLD,841239
3730928,23,162,8807,1996,0.0,3442.0,0.544265,1.523408,BGR,NLD,841239
3730929,39,162,8807,1996,2426.0,176128.0,1.155706,1.1127049999999998,CAN,NLD,841239
3730930,41,162,8807,1996,20086.0,270446.0,2.246238,0.603288,CHE,NLD,841239
3730931,43,162,8807,1996,0.0,1698.0,0.404422,3.061344,CHN,NLD,841239
3730932,58,162,8807,1996,0.0,14994.0,0.20007,0.020590999999999998,CYP,NLD,841239
3730933,59,162,8807,1996,0.0,8251.0,1.401181,1.3094709999999998,CZE,NLD,841239
3730934,61,162,8807,1996,923718.0,202192.0,2.279976,-2.572299,DEU,NLD,841239
3730935,64,162,8807,1996,4813.0,28714.0,1.443514,1.275684,DNK,NLD,841239
3730936,68,162,8807,1996,0.0,4045.0,-0.5446409999999999,-0.229586,EGY,NLD,841239
3730937,71,162,8807,1996,24883.0,86324.0,1.105317,1.9473,ESP,NLD,841239
3730938,74,162,8807,1996,4622.0,41375.0,2.0584729999999998,1.006908,FIN,NLD,841239
3730939,77,162,8807,1996,193233.0,34663.0,1.69082,0.721312,FRA,NLD,841239
3730940,81,162,8807,1996,7298318.0,696024.0,1.850284,0.883084,GBR,NLD,841239
3730941,90,162,8807,1996,0.0,11920.0,0.271386,1.042608,GRC,NLD,841239
3730942,97,162,8807,1996,0.0,81999.0,0.54364,2.727659,HKG,NLD,841239
3730943,100,162,8807,1996,0.0,22705.0,0.772706,1.1075270000000002,HRV,NLD,841239
3730944,102,162,8807,1996,932.0,5145.0,0.790036,1.891534,HUN,NLD,841239
3730945,104,162,8807,1996,0.0,3946.0,0.20685599999999998,2.317622,IND,NLD,841239
3730946,107,162,8807,1996,0.0,5853.0,-0.7496649999999999,-1.1173520000000001,IRN,NLD,841239
3730947,109,162,8807,1996,0.0,848.0,0.003558,-0.551796,ISL,NLD,841239
3730948,111,162,8807,1996,463862.0,119344.0,1.4674690000000001,1.263362,ITA,NLD,841239
3730949,114,162,8807,1996,898255.0,49459.0,2.615364,0.5656939999999999,JPN,NLD,841239
3730950,121,162,8807,1996,0.0,1218.0,0.8946940000000001,1.240424,KOR,NLD,841239
3730951,122,162,8807,1996,0.0,2884.0,-0.27174499999999996,-1.098243,KWT,NLD,841239
3730952,124,162,8807,1996,0.0,1511.0,-0.051973,0.002154,LBN,NLD,841239
3730953,130,162,8807,1996,0.0,106194.0,0.40520500000000004,0.9465950000000001,LTU,NLD,841239
3730954,138,162,8807,1996,0.0,38857.0,0.651949,0.9132170000000001,MEX,NLD,841239
3730955,142,162,8807,1996,0.0,6877.0,0.8825440000000001,0.066541,MLT,NLD,841239
3730956,163,162,8807,1996,22769.0,43205.0,1.204869,0.303062,NOR,NLD,841239
3730957,166,162,8807,1996,0.0,13326.0,0.49466099999999996,0.8302879999999999,NZL,NLD,841239
3730958,177,162,8807,1996,0.0,143477.0,0.795489,1.9004729999999999,POL,NLD,841239
3730959,179,162,8807,1996,0.0,2533.0,0.39343,1.170144,PRT,NLD,841239
3730960,186,162,8807,1996,0.0,3916.0,0.900185,0.47723000000000004,RUS,NLD,841239
3730961,188,162,8807,1996,0.0,2650.0,0.215265,-0.8577309999999999,SAU,NLD,841239
3730962,192,162,8807,1996,2616.0,15815.0,0.8354299999999999,0.41169799999999995,SGP,NLD,841239
3730963,206,162,8807,1996,0.0,4780.0,1.189398,1.29167,SVK,NLD,841239
3730964,207,162,8807,1996,0.0,14345.0,1.409184,1.37245,SVN,NLD,841239
3730965,208,162,8807,1996,391451.0,11774.0,2.133781,0.9099889999999999,SWE,NLD,841239
3730966,216,162,8807,1996,0.0,11718.0,0.10120599999999999,1.351967,THA,NLD,841239
3730967,224,162,8807,1996,0.0,2867.0,0.156866,1.554023,TUR,NLD,841239
3730968,228,162,8807,1996,0.0,1521.0,0.896537,0.9241459999999999,UKR,NLD,841239
3730969,231,162,8807,1996,316852.0,178912.0,1.7110560000000001,1.125141,USA,NLD,841239
3730970,246,162,8807,1996,0.0,1295.0,0.456593,1.150786,ZAF,NLD,841239
3730971,249,162,8807,1996,0.0,106356.0,1.432225,1.675389,TWN,NLD,841239
3730972,8,163,8807,1996,0.0,4820.0,0.167081,0.433612,ARG,NOR,841239
3730973,15,163,8807,1996,1645.0,0.0,1.9216669999999998,0.659388,AUT,NOR,841239
3730974,18,163,8807,1996,893.0,1174.0,1.549312,1.273767,BEL,NOR,841239
3730975,32,163,8807,1996,0.0,3231.0,0.699658,1.271724,BRA,NOR,841239
3730976,39,163,8807,1996,1896.0,27351.0,1.155706,1.1127049999999998,CAN,NOR,841239
3730977,41,163,8807,1996,3348.0,0.0,2.246238,0.603288,CHE,NOR,841239
3730978,43,163,8807,1996,0.0,220064.0,0.404422,3.061344,CHN,NOR,841239
3730979,49,163,8807,1996,0.0,7615.0,0.136487,0.078743,COL,NOR,841239
3730980,61,163,8807,1996,494969.0,9194.0,2.279976,-2.572299,DEU,NOR,841239
3730981,64,163,8807,1996,155018.0,13283.0,1.443514,1.275684,DNK,NOR,841239
3730982,71,163,8807,1996,33676.0,1400.0,1.105317,1.9473,ESP,NOR,841239
3730983,74,163,8807,1996,10215.0,4281.0,2.0584729999999998,1.006908,FIN,NOR,841239
3730984,77,163,8807,1996,32145.0,2030.0,1.69082,0.721312,FRA,NOR,841239
3730985,81,163,8807,1996,141034.0,38803.0,1.850284,0.883084,GBR,NOR,841239
3730986,106,163,8807,1996,0.0,1470.0,1.386011,0.9232100000000001,IRL,NOR,841239
3730987,109,163,8807,1996,0.0,1940.0,0.003558,-0.551796,ISL,NOR,841239
3730988,111,163,8807,1996,3121.0,3148.0,1.4674690000000001,1.263362,ITA,NOR,841239
3730989,114,163,8807,1996,42680.0,2540.0,2.615364,0.5656939999999999,JPN,NOR,841239
3730990,121,163,8807,1996,0.0,2001.0,0.8946940000000001,1.240424,KOR,NOR,841239
3730991,162,163,8807,1996,43205.0,22769.0,1.256625,1.803132,NLD,NOR,841239
3730992,179,163,8807,1996,13116.0,0.0,0.39343,1.170144,PRT,NOR,841239
3730993,208,163,8807,1996,124279.0,7311.0,2.133781,0.9099889999999999,SWE,NOR,841239
3730994,231,163,8807,1996,116015.0,11588.0,1.7110560000000001,1.125141,USA,NOR,841239
3730995,249,163,8807,1996,0.0,5708.0,1.432225,1.675389,TWN,NOR,841239
3730996,81,169,8807,1996,1173.0,0.0,1.850284,0.883084,GBR,PAN,841239
3730997,114,169,8807,1996,25795.0,0.0,2.615364,0.5656939999999999,JPN,PAN,841239
3730998,231,169,8807,1996,11396.0,0.0,1.7110560000000001,1.125141,USA,PAN,841239
3730999,8,173,8807,1996,1644.0,0.0,0.167081,0.433612,ARG,PER,841239
3731000,15,173,8807,1996,1483.0,0.0,1.9216669999999998,0.659388,AUT,PER,841239
3731001,32,173,8807,1996,1958.0,0.0,0.699658,1.271724,BRA,PER,841239
3731002,39,173,8807,1996,17835.0,0.0,1.155706,1.1127049999999998,CAN,PER,841239
3731003,41,173,8807,1996,1148.0,0.0,2.246238,0.603288,CHE,PER,841239
3731004,42,173,8807,1996,887.0,0.0,-0.052811000000000004,-0.169464,CHL,PER,841239
3731005,61,173,8807,1996,6244.0,0.0,2.279976,-2.572299,DEU,PER,841239
3731006,111,173,8807,1996,4282.0,0.0,1.4674690000000001,1.263362,ITA,PER,841239
3731007,114,173,8807,1996,2022.0,0.0,2.615364,0.5656939999999999,JPN,PER,841239
3731008,121,173,8807,1996,2235.0,0.0,0.8946940000000001,1.240424,KOR,PER,841239
3731009,208,173,8807,1996,7357.0,0.0,2.133781,0.9099889999999999,SWE,PER,841239
3731010,231,173,8807,1996,110708.0,0.0,1.7110560000000001,1.125141,USA,PER,841239
3731011,14,174,8807,1996,14690.0,0.0,0.369697,0.78069,AUS,PHL,841239
3731012,15,174,8807,1996,802.0,0.0,1.9216669999999998,0.659388,AUT,PHL,841239
3731013,18,174,8807,1996,894.0,1405.0,1.549312,1.273767,BEL,PHL,841239
3731014,41,174,8807,1996,2931.0,0.0,2.246238,0.603288,CHE,PHL,841239
3731015,61,174,8807,1996,1941.0,0.0,2.279976,-2.572299,DEU,PHL,841239
3731016,81,174,8807,1996,36632.0,0.0,1.850284,0.883084,GBR,PHL,841239
3731017,97,174,8807,1996,6141.0,0.0,0.54364,2.727659,HKG,PHL,841239
3731018,111,174,8807,1996,2960.0,0.0,1.4674690000000001,1.263362,ITA,PHL,841239
3731019,114,174,8807,1996,57392.0,0.0,2.615364,0.5656939999999999,JPN,PHL,841239
3731020,121,174,8807,1996,73007.0,0.0,0.8946940000000001,1.240424,KOR,PHL,841239
3731021,153,174,8807,1996,18105.0,9166.0,0.351774,0.347262,MYS,PHL,841239
3731022,177,174,8807,1996,1191.0,0.0,0.795489,1.9004729999999999,POL,PHL,841239
3731023,192,174,8807,1996,362489.0,0.0,0.8354299999999999,0.41169799999999995,SGP,PHL,841239
3731024,231,174,8807,1996,41049.0,0.0,1.7110560000000001,1.125141,USA,PHL,841239
3731025,249,174,8807,1996,45807.0,0.0,1.432225,1.675389,TWN,PHL,841239
3731026,2,179,8807,1996,0.0,1239.0,-2.3109900000000003,-1.172849,AGO,PRT,841239
3731027,18,179,8807,1996,40267.0,1141.0,1.549312,1.273767,BEL,PRT,841239
3731028,41,179,8807,1996,8568.0,0.0,2.246238,0.603288,CHE,PRT,841239
3731029,61,179,8807,1996,11426.0,0.0,2.279976,-2.572299,DEU,PRT,841239
3731030,64,179,8807,1996,8333.0,0.0,1.443514,1.275684,DNK,PRT,841239
3731031,71,179,8807,1996,55192.0,9056.0,1.105317,1.9473,ESP,PRT,841239
3731032,74,179,8807,1996,5356.0,0.0,2.0584729999999998,1.006908,FIN,PRT,841239
3731033,77,179,8807,1996,8023.0,0.0,1.69082,0.721312,FRA,PRT,841239
3731034,81,179,8807,1996,6985.0,0.0,1.850284,0.883084,GBR,PRT,841239
3731035,111,179,8807,1996,5666.0,0.0,1.4674690000000001,1.263362,ITA,PRT,841239
3731036,162,179,8807,1996,2533.0,0.0,1.256625,1.803132,NLD,PRT,841239
3731037,163,179,8807,1996,0.0,13116.0,1.204869,0.303062,NOR,PRT,841239
3731038,208,179,8807,1996,8388.0,0.0,2.133781,0.9099889999999999,SWE,PRT,841239
3731039,231,179,8807,1996,1073.0,0.0,1.7110560000000001,1.125141,USA,PRT,841239
3731040,15,180,8807,1996,3490.0,0.0,1.9216669999999998,0.659388,AUT,PRY,841239
3731041,61,180,8807,1996,21448.0,0.0,2.279976,-2.572299,DEU,PRY,841239
3731042,15,205,8807,1996,7652.0,0.0,1.9216669999999998,0.659388,AUT,SUR,841239
3731043,231,205,8807,1996,3082.0,0.0,1.7110560000000001,1.125141,USA,SUR,841239
3731044,7,208,8807,1996,0.0,5243.0,-0.245358,-0.726695,ARE,SWE,841239
3731045,14,208,8807,1996,0.0,206064.0,0.369697,0.78069,AUS,SWE,841239
3731046,15,208,8807,1996,31170.0,1161.0,1.9216669999999998,0.659388,AUT,SWE,841239
3731047,18,208,8807,1996,1272575.0,8771946.0,1.549312,1.273767,BEL,SWE,841239
3731048,32,208,8807,1996,0.0,20923.0,0.699658,1.271724,BRA,SWE,841239
3731049,39,208,8807,1996,3407.0,157426.0,1.155706,1.1127049999999998,CAN,SWE,841239
3731050,41,208,8807,1996,13122.0,468272.0,2.246238,0.603288,CHE,SWE,841239
3731051,43,208,8807,1996,0.0,2445.0,0.404422,3.061344,CHN,SWE,841239
3731052,52,208,8807,1996,0.0,18034.0,-0.34219499999999997,0.12221900000000001,CRI,SWE,841239
3731053,59,208,8807,1996,1131.0,20839.0,1.401181,1.3094709999999998,CZE,SWE,841239
3731054,61,208,8807,1996,153224.0,105160.0,2.279976,-2.572299,DEU,SWE,841239
3731055,64,208,8807,1996,4060.0,161238.0,1.443514,1.275684,DNK,SWE,841239
3731056,66,208,8807,1996,0.0,6730.0,-0.33419699999999997,-1.035736,DZA,SWE,841239
3731057,71,208,8807,1996,13165.0,13364.0,1.105317,1.9473,ESP,SWE,841239
3731058,74,208,8807,1996,569439.0,261514.0,2.0584729999999998,1.006908,FIN,SWE,841239
3731059,77,208,8807,1996,91999.0,28633.0,1.69082,0.721312,FRA,SWE,841239
3731060,81,208,8807,1996,1085723.0,158604.0,1.850284,0.883084,GBR,SWE,841239
3731061,97,208,8807,1996,0.0,19899.0,0.54364,2.727659,HKG,SWE,841239
3731062,102,208,8807,1996,3063508.0,1954.0,0.790036,1.891534,HUN,SWE,841239
3731063,104,208,8807,1996,0.0,17752.0,0.20685599999999998,2.317622,IND,SWE,841239
3731064,109,208,8807,1996,0.0,1889.0,0.003558,-0.551796,ISL,SWE,841239
3731065,111,208,8807,1996,408058.0,40971.0,1.4674690000000001,1.263362,ITA,SWE,841239
3731066,114,208,8807,1996,45541.0,6211.0,2.615364,0.5656939999999999,JPN,SWE,841239
3731067,121,208,8807,1996,0.0,3086.0,0.8946940000000001,1.240424,KOR,SWE,841239
3731068,134,208,8807,1996,0.0,2109.0,-0.67314,-0.241242,MAR,SWE,841239
3731069,138,208,8807,1996,0.0,12234.0,0.651949,0.9132170000000001,MEX,SWE,841239
3731070,153,208,8807,1996,0.0,32435.0,0.351774,0.347262,MYS,SWE,841239
3731071,162,208,8807,1996,11774.0,391451.0,1.256625,1.803132,NLD,SWE,841239
3731072,163,208,8807,1996,7311.0,124279.0,1.204869,0.303062,NOR,SWE,841239
3731073,166,208,8807,1996,0.0,21514.0,0.49466099999999996,0.8302879999999999,NZL,SWE,841239
3731074,173,208,8807,1996,0.0,7357.0,-0.43761000000000005,-0.28077399999999997,PER,SWE,841239
3731075,177,208,8807,1996,0.0,93108.0,0.795489,1.9004729999999999,POL,SWE,841239
3731076,179,208,8807,1996,0.0,8388.0,0.39343,1.170144,PRT,SWE,841239
3731077,186,208,8807,1996,0.0,4517.0,0.900185,0.47723000000000004,RUS,SWE,841239
3731078,188,208,8807,1996,1396.0,5018.0,0.215265,-0.8577309999999999,SAU,SWE,841239
3731079,192,208,8807,1996,0.0,100934.0,0.8354299999999999,0.41169799999999995,SGP,SWE,841239
3731080,207,208,8807,1996,0.0,13980.0,1.409184,1.37245,SVN,SWE,841239
3731081,216,208,8807,1996,0.0,29658.0,0.10120599999999999,1.351967,THA,SWE,841239
3731082,223,208,8807,1996,0.0,12665.0,-0.28546,-0.089051,TUN,SWE,841239
3731083,231,208,8807,1996,3870.0,1968362.0,1.7110560000000001,1.125141,USA,SWE,841239
3731084,236,208,8807,1996,0.0,7280.0,0.07086100000000001,-0.761307,VEN,SWE,841239
3731085,246,208,8807,1996,0.0,34311.0,0.456593,1.150786,ZAF,SWE,841239
3731086,250,208,8807,1996,0.0,1617.0,1.084978,0.901755,ANS,SWE,841239
3731087,14,216,8807,1996,7503.0,0.0,0.369697,0.78069,AUS,THA,841239
3731088,15,216,8807,1996,31478.0,0.0,1.9216669999999998,0.659388,AUT,THA,841239
3731089,18,216,8807,1996,16504.0,0.0,1.549312,1.273767,BEL,THA,841239
3731090,39,216,8807,1996,19812.0,0.0,1.155706,1.1127049999999998,CAN,THA,841239
3731091,41,216,8807,1996,16630.0,0.0,2.246238,0.603288,CHE,THA,841239
3731092,43,216,8807,1996,7282.0,0.0,0.404422,3.061344,CHN,THA,841239
3731093,61,216,8807,1996,33157.0,0.0,2.279976,-2.572299,DEU,THA,841239
3731094,74,216,8807,1996,2104.0,0.0,2.0584729999999998,1.006908,FIN,THA,841239
3731095,77,216,8807,1996,3170.0,0.0,1.69082,0.721312,FRA,THA,841239
3731096,81,216,8807,1996,5795.0,0.0,1.850284,0.883084,GBR,THA,841239
3731097,111,216,8807,1996,47187.0,0.0,1.4674690000000001,1.263362,ITA,THA,841239
3731098,114,216,8807,1996,391396.0,0.0,2.615364,0.5656939999999999,JPN,THA,841239
3731099,121,216,8807,1996,6039.0,1670.0,0.8946940000000001,1.240424,KOR,THA,841239
3731100,123,216,8807,1996,0.0,2138.0,-0.751092,-0.8680209999999999,LAO,THA,841239
3731101,153,216,8807,1996,50373.0,0.0,0.351774,0.347262,MYS,THA,841239
3731102,162,216,8807,1996,11718.0,0.0,1.256625,1.803132,NLD,THA,841239
3731103,166,216,8807,1996,0.0,1034.0,0.49466099999999996,0.8302879999999999,NZL,THA,841239
3731104,192,216,8807,1996,18996.0,0.0,0.8354299999999999,0.41169799999999995,SGP,THA,841239
3731105,208,216,8807,1996,29658.0,0.0,2.133781,0.9099889999999999,SWE,THA,841239
3731106,231,216,8807,1996,30317.0,0.0,1.7110560000000001,1.125141,USA,THA,841239
3731107,249,216,8807,1996,3981.0,0.0,1.432225,1.675389,TWN,THA,841239
3731108,14,224,8807,1996,2567.0,0.0,0.369697,0.78069,AUS,TUR,841239
3731109,15,224,8807,1996,9282.0,0.0,1.9216669999999998,0.659388,AUT,TUR,841239
3731110,16,224,8807,1996,0.0,859.0,0.500442,-0.280796,AZE,TUR,841239
3731111,18,224,8807,1996,3560.0,2672.0,1.549312,1.273767,BEL,TUR,841239
3731112,39,224,8807,1996,11420.0,0.0,1.155706,1.1127049999999998,CAN,TUR,841239
3731113,41,224,8807,1996,2057.0,0.0,2.246238,0.603288,CHE,TUR,841239
3731114,61,224,8807,1996,41745.0,4311.0,2.279976,-2.572299,DEU,TUR,841239
3731115,64,224,8807,1996,2651.0,0.0,1.443514,1.275684,DNK,TUR,841239
3731116,77,224,8807,1996,2602.0,0.0,1.69082,0.721312,FRA,TUR,841239
3731117,81,224,8807,1996,39368.0,0.0,1.850284,0.883084,GBR,TUR,841239
3731118,111,224,8807,1996,22432.0,1882.0,1.4674690000000001,1.263362,ITA,TUR,841239
3731119,114,224,8807,1996,25877.0,0.0,2.615364,0.5656939999999999,JPN,TUR,841239
3731120,153,224,8807,1996,0.0,2104.0,0.351774,0.347262,MYS,TUR,841239
3731121,162,224,8807,1996,2867.0,0.0,1.256625,1.803132,NLD,TUR,841239
3731122,192,224,8807,1996,0.0,1378.0,0.8354299999999999,0.41169799999999995,SGP,TUR,841239
3731123,231,224,8807,1996,19053.0,0.0,1.7110560000000001,1.125141,USA,TUR,841239
3731124,246,224,8807,1996,0.0,8195.0,0.456593,1.150786,ZAF,TUR,841239
3731125,250,224,8807,1996,1236.0,0.0,1.084978,0.901755,ANS,TUR,841239
3731126,8,230,8807,1996,4691.0,0.0,0.167081,0.433612,ARG,URY,841239
3731127,32,230,8807,1996,1319.0,0.0,0.699658,1.271724,BRA,URY,841239
3731128,61,230,8807,1996,3458.0,0.0,2.279976,-2.572299,DEU,URY,841239
3731129,111,230,8807,1996,12336.0,0.0,1.4674690000000001,1.263362,ITA,URY,841239
3731130,231,230,8807,1996,5753.0,0.0,1.7110560000000001,1.125141,USA,URY,841239
3731131,8,231,8807,1996,2870.0,340597.0,0.167081,0.433612,ARG,USA,841239
3731132,14,231,8807,1996,58178.0,585629.0,0.369697,0.78069,AUS,USA,841239
3731133,15,231,8807,1996,172275.0,31936.0,1.9216669999999998,0.659388,AUT,USA,841239
3731134,18,231,8807,1996,231928.0,50201.0,1.549312,1.273767,BEL,USA,841239
3731135,31,231,8807,1996,0.0,10709.0,-0.589432,-0.7781,BOL,USA,841239
3731136,32,231,8807,1996,18952.0,77695.0,0.699658,1.271724,BRA,USA,841239
3731137,39,231,8807,1996,2537198.0,11148062.0,1.155706,1.1127049999999998,CAN,USA,841239
3731138,41,231,8807,1996,328293.0,71279.0,2.246238,0.603288,CHE,USA,841239
3731139,42,231,8807,1996,18296.0,74959.0,-0.052811000000000004,-0.169464,CHL,USA,841239
3731140,43,231,8807,1996,4129.0,75890.0,0.404422,3.061344,CHN,USA,841239
3731141,49,231,8807,1996,0.0,66738.0,0.136487,0.078743,COL,USA,841239
3731142,52,231,8807,1996,0.0,6319.0,-0.34219499999999997,0.12221900000000001,CRI,USA,841239
3731143,61,231,8807,1996,748586.0,1330787.0,2.279976,-2.572299,DEU,USA,841239
3731144,64,231,8807,1996,40120.0,5381.0,1.443514,1.275684,DNK,USA,841239
3731145,66,231,8807,1996,11140.0,57792.0,-0.33419699999999997,-1.035736,DZA,USA,841239
3731146,67,231,8807,1996,0.0,26437.0,-1.1391200000000001,-0.992735,ECU,USA,841239
3731147,68,231,8807,1996,0.0,22208.0,-0.5446409999999999,-0.229586,EGY,USA,841239
3731148,71,231,8807,1996,68330.0,94161.0,1.105317,1.9473,ESP,USA,841239
3731149,74,231,8807,1996,151181.0,8305.0,2.0584729999999998,1.006908,FIN,USA,841239
3731150,77,231,8807,1996,15643.0,953441.0,1.69082,0.721312,FRA,USA,841239
3731151,81,231,8807,1996,6624299.0,1398512.0,1.850284,0.883084,GBR,USA,841239
3731152,90,231,8807,1996,0.0,9111.0,0.271386,1.042608,GRC,USA,841239
3731153,93,231,8807,1996,0.0,15240.0,-0.332901,0.23790300000000003,GTM,USA,841239
3731154,97,231,8807,1996,0.0,87339.0,0.54364,2.727659,HKG,USA,841239
3731155,99,231,8807,1996,0.0,63046.0,-0.69357,-0.48721400000000004,HND,USA,841239
3731156,100,231,8807,1996,0.0,13128.0,0.772706,1.1075270000000002,HRV,USA,841239
3731157,102,231,8807,1996,0.0,7538.0,0.790036,1.891534,HUN,USA,841239
3731158,103,231,8807,1996,0.0,9187.0,-0.43199899999999997,1.22074,IDN,USA,841239
3731159,104,231,8807,1996,50182.0,30298.0,0.20685599999999998,2.317622,IND,USA,841239
3731160,106,231,8807,1996,2696.0,171629.0,1.386011,0.9232100000000001,IRL,USA,841239
3731161,109,231,8807,1996,0.0,3175.0,0.003558,-0.551796,ISL,USA,841239
3731162,110,231,8807,1996,12880.0,50281.0,1.054975,1.072965,ISR,USA,841239
3731163,111,231,8807,1996,131780.0,145829.0,1.4674690000000001,1.263362,ITA,USA,841239
3731164,114,231,8807,1996,2282252.0,1098576.0,2.615364,0.5656939999999999,JPN,USA,841239
3731165,121,231,8807,1996,1947.0,778397.0,0.8946940000000001,1.240424,KOR,USA,841239
3731166,122,231,8807,1996,0.0,5396.0,-0.27174499999999996,-1.098243,KWT,USA,841239
3731167,132,231,8807,1996,0.0,20257.0,0.33418600000000004,0.1615,LVA,USA,841239
3731168,134,231,8807,1996,0.0,1935.0,-0.67314,-0.241242,MAR,USA,841239
3731169,138,231,8807,1996,4860.0,1807692.0,0.651949,0.9132170000000001,MEX,USA,841239
3731170,153,231,8807,1996,361964.0,199794.0,0.351774,0.347262,MYS,USA,841239
3731171,159,231,8807,1996,0.0,3821.0,-1.813359,-1.1967,NGA,USA,841239
3731172,162,231,8807,1996,178912.0,316852.0,1.256625,1.803132,NLD,USA,841239
3731173,163,231,8807,1996,11588.0,116015.0,1.204869,0.303062,NOR,USA,841239
3731174,166,231,8807,1996,0.0,5571.0,0.49466099999999996,0.8302879999999999,NZL,USA,841239
3731175,169,231,8807,1996,0.0,11396.0,-0.100537,-0.374129,PAN,USA,841239
3731176,173,231,8807,1996,0.0,110708.0,-0.43761000000000005,-0.28077399999999997,PER,USA,841239
3731177,174,231,8807,1996,0.0,41049.0,-0.276548,0.344986,PHL,USA,841239
3731178,177,231,8807,1996,0.0,36643.0,0.795489,1.9004729999999999,POL,USA,841239
3731179,179,231,8807,1996,0.0,1073.0,0.39343,1.170144,PRT,USA,841239
3731180,186,231,8807,1996,0.0,17401.0,0.900185,0.47723000000000004,RUS,USA,841239
3731181,188,231,8807,1996,0.0,173229.0,0.215265,-0.8577309999999999,SAU,USA,841239
3731182,192,231,8807,1996,1500.0,121753.0,0.8354299999999999,0.41169799999999995,SGP,USA,841239
3731183,197,231,8807,1996,0.0,2608.0,-0.24968800000000002,-0.121995,SLV,USA,841239
3731184,205,231,8807,1996,0.0,3082.0,-0.93463,-0.797197,SUR,USA,841239
3731185,206,231,8807,1996,0.0,1790.0,1.189398,1.29167,SVK,USA,841239
3731186,207,231,8807,1996,0.0,4156.0,1.409184,1.37245,SVN,USA,841239
3731187,208,231,8807,1996,1968362.0,3870.0,2.133781,0.9099889999999999,SWE,USA,841239
3731188,216,231,8807,1996,0.0,30317.0,0.10120599999999999,1.351967,THA,USA,841239
3731189,223,231,8807,1996,0.0,5415.0,-0.28546,-0.089051,TUN,USA,841239
3731190,224,231,8807,1996,0.0,19053.0,0.156866,1.554023,TUR,USA,841239
3731191,230,231,8807,1996,0.0,5753.0,0.171541,0.313934,URY,USA,841239
3731192,236,231,8807,1996,17452.0,275839.0,0.07086100000000001,-0.761307,VEN,USA,841239
3731193,246,231,8807,1996,8263.0,41947.0,0.456593,1.150786,ZAF,USA,841239
3731194,249,231,8807,1996,1207.0,137885.0,1.432225,1.675389,TWN,USA,841239
3731195,8,236,8807,1996,2435.0,0.0,0.167081,0.433612,ARG,VEN,841239
3731196,18,236,8807,1996,2208.0,0.0,1.549312,1.273767,BEL,VEN,841239
3731197,32,236,8807,1996,2590.0,0.0,0.699658,1.271724,BRA,VEN,841239
3731198,39,236,8807,1996,8887.0,0.0,1.155706,1.1127049999999998,CAN,VEN,841239
3731199,41,236,8807,1996,1334.0,0.0,2.246238,0.603288,CHE,VEN,841239
3731200,52,236,8807,1996,0.0,709.0,-0.34219499999999997,0.12221900000000001,CRI,VEN,841239
3731201,61,236,8807,1996,29017.0,0.0,2.279976,-2.572299,DEU,VEN,841239
3731202,71,236,8807,1996,17399.0,0.0,1.105317,1.9473,ESP,VEN,841239
3731203,77,236,8807,1996,1100.0,0.0,1.69082,0.721312,FRA,VEN,841239
3731204,111,236,8807,1996,1687.0,0.0,1.4674690000000001,1.263362,ITA,VEN,841239
3731205,114,236,8807,1996,17345.0,0.0,2.615364,0.5656939999999999,JPN,VEN,841239
3731206,208,236,8807,1996,7280.0,0.0,2.133781,0.9099889999999999,SWE,VEN,841239
3731207,231,236,8807,1996,275839.0,17452.0,1.7110560000000001,1.125141,USA,VEN,841239
3731208,7,14,8807,1996,0.0,16189.0,-0.245358,-0.726695,ARE,AUS,841239
3731209,15,14,8807,1996,70597.0,0.0,1.9216669999999998,0.659388,AUT,AUS,841239
3731210,18,14,8807,1996,94566.0,0.0,1.549312,1.273767,BEL,AUS,841239
3731211,32,14,8807,1996,4297.0,3289.0,0.699658,1.271724,BRA,AUS,841239
3731212,39,14,8807,1996,29007.0,1071.0,1.155706,1.1127049999999998,CAN,AUS,841239
3731213,41,14,8807,1996,20502.0,0.0,2.246238,0.603288,CHE,AUS,841239
3731214,42,14,8807,1996,0.0,1126.0,-0.052811000000000004,-0.169464,CHL,AUS,841239
3731215,43,14,8807,1996,28674.0,25935.0,0.404422,3.061344,CHN,AUS,841239
3731216,61,14,8807,1996,178091.0,2838.0,2.279976,-2.572299,DEU,AUS,841239
3731217,64,14,8807,1996,27927.0,0.0,1.443514,1.275684,DNK,AUS,841239
3731218,71,14,8807,1996,90160.0,0.0,1.105317,1.9473,ESP,AUS,841239
3731219,74,14,8807,1996,48798.0,0.0,2.0584729999999998,1.006908,FIN,AUS,841239
3731220,75,14,8807,1996,0.0,2114.0,-0.7977,-0.9271879999999999,FJI,AUS,841239
3731221,77,14,8807,1996,4713.0,0.0,1.69082,0.721312,FRA,AUS,841239
3731222,81,14,8807,1996,226677.0,6776.0,1.850284,0.883084,GBR,AUS,841239
3731223,97,14,8807,1996,0.0,54186.0,0.54364,2.727659,HKG,AUS,841239
3731224,103,14,8807,1996,0.0,5828.0,-0.43199899999999997,1.22074,IDN,AUS,841239
3731225,104,14,8807,1996,0.0,50090.0,0.20685599999999998,2.317622,IND,AUS,841239
3731226,110,14,8807,1996,57111.0,0.0,1.054975,1.072965,ISR,AUS,841239
3731227,111,14,8807,1996,83279.0,0.0,1.4674690000000001,1.263362,ITA,AUS,841239
3731228,114,14,8807,1996,142725.0,60950.0,2.615364,0.5656939999999999,JPN,AUS,841239
3731229,121,14,8807,1996,11023.0,207083.0,0.8946940000000001,1.240424,KOR,AUS,841239
3731230,138,14,8807,1996,1087.0,3262.0,0.651949,0.9132170000000001,MEX,AUS,841239
3731231,153,14,8807,1996,7090.0,9304.0,0.351774,0.347262,MYS,AUS,841239
3731232,162,14,8807,1996,72393.0,0.0,1.256625,1.803132,NLD,AUS,841239
3731233,166,14,8807,1996,52995.0,698458.0,0.49466099999999996,0.8302879999999999,NZL,AUS,841239
3731234,174,14,8807,1996,0.0,14690.0,-0.276548,0.344986,PHL,AUS,841239
3731235,176,14,8807,1996,0.0,47524.0,-2.120746,-1.2199879999999999,PNG,AUS,841239
3731236,188,14,8807,1996,0.0,3034.0,0.215265,-0.8577309999999999,SAU,AUS,841239
3731237,192,14,8807,1996,25588.0,698754.0,0.8354299999999999,0.41169799999999995,SGP,AUS,841239
3731238,208,14,8807,1996,206064.0,0.0,2.133781,0.9099889999999999,SWE,AUS,841239
3731239,216,14,8807,1996,0.0,7503.0,0.10120599999999999,1.351967,THA,AUS,841239
3731240,224,14,8807,1996,0.0,2567.0,0.156866,1.554023,TUR,AUS,841239
3731241,227,14,8807,1996,0.0,1225.0,-0.931124,-0.925523,UGA,AUS,841239
3731242,231,14,8807,1996,585629.0,58178.0,1.7110560000000001,1.125141,USA,AUS,841239
3731243,246,14,8807,1996,15445.0,7597.0,0.456593,1.150786,ZAF,AUS,841239
3731244,249,14,8807,1996,3114.0,18288.0,1.432225,1.675389,TWN,AUS,841239
3731245,250,14,8807,1996,4221.0,0.0,1.084978,0.901755,ANS,AUS,841239
3731246,224,16,8807,1996,859.0,0.0,0.156866,1.554023,TUR,AZE,841239
3731247,61,22,8807,1996,6554.0,0.0,2.279976,-2.572299,DEU,BGD,841239
3731248,121,22,8807,1996,27341.0,0.0,0.8946940000000001,1.240424,KOR,BGD,841239
3731249,192,22,8807,1996,9237.0,0.0,0.8354299999999999,0.41169799999999995,SGP,BGD,841239
3731250,15,23,8807,1996,8839.0,0.0,1.9216669999999998,0.659388,AUT,BGR,841239
3731251,59,23,8807,1996,1455.0,0.0,1.401181,1.3094709999999998,CZE,BGR,841239
3731252,61,23,8807,1996,7631.0,6809.0,2.279976,-2.572299,DEU,BGR,841239
3731253,68,23,8807,1996,0.0,7962.0,-0.5446409999999999,-0.229586,EGY,BGR,841239
3731254,102,23,8807,1996,7846.0,0.0,0.790036,1.891534,HUN,BGR,841239
3731255,162,23,8807,1996,3442.0,0.0,1.256625,1.803132,NLD,BGR,841239
3731256,185,23,8807,1996,0.0,1922.0,0.612035,0.880964,ROU,BGR,841239
3731257,8,39,8807,1996,0.0,2344.0,0.167081,0.433612,ARG,CAN,841239
3731258,14,39,8807,1996,1071.0,29007.0,0.369697,0.78069,AUS,CAN,841239
3731259,15,39,8807,1996,2673.0,0.0,1.9216669999999998,0.659388,AUT,CAN,841239
3731260,41,39,8807,1996,3005.0,0.0,2.246238,0.603288,CHE,CAN,841239
3731261,42,39,8807,1996,0.0,13762.0,-0.052811000000000004,-0.169464,CHL,CAN,841239
3731262,61,39,8807,1996,60834.0,0.0,2.279976,-2.572299,DEU,CAN,841239
3731263,68,39,8807,1996,0.0,7907.0,-0.5446409999999999,-0.229586,EGY,CAN,841239
3731264,71,39,8807,1996,58131.0,4644.0,1.105317,1.9473,ESP,CAN,841239
3731265,74,39,8807,1996,27075.0,0.0,2.0584729999999998,1.006908,FIN,CAN,841239
3731266,77,39,8807,1996,32392.0,0.0,1.69082,0.721312,FRA,CAN,841239
3731267,81,39,8807,1996,247697.0,6438.0,1.850284,0.883084,GBR,CAN,841239
3731268,97,39,8807,1996,0.0,1948.0,0.54364,2.727659,HKG,CAN,841239
3731269,102,39,8807,1996,0.0,1138.0,0.790036,1.891534,HUN,CAN,841239
3731270,103,39,8807,1996,0.0,4097.0,-0.43199899999999997,1.22074,IDN,CAN,841239
3731271,104,39,8807,1996,0.0,12300.0,0.20685599999999998,2.317622,IND,CAN,841239
3731272,106,39,8807,1996,3413.0,4559.0,1.386011,0.9232100000000001,IRL,CAN,841239
3731273,107,39,8807,1996,2412.0,0.0,-0.7496649999999999,-1.1173520000000001,IRN,CAN,841239
3731274,111,39,8807,1996,4234.0,8875.0,1.4674690000000001,1.263362,ITA,CAN,841239
3731275,114,39,8807,1996,93152.0,22456.0,2.615364,0.5656939999999999,JPN,CAN,841239
3731276,138,39,8807,1996,8192.0,1132.0,0.651949,0.9132170000000001,MEX,CAN,841239
3731277,159,39,8807,1996,12708.0,0.0,-1.813359,-1.1967,NGA,CAN,841239
3731278,162,39,8807,1996,176128.0,2426.0,1.256625,1.803132,NLD,CAN,841239
3731279,163,39,8807,1996,27351.0,1896.0,1.204869,0.303062,NOR,CAN,841239
3731280,168,39,8807,1996,0.0,2749.0,-0.7543300000000001,-0.393654,PAK,CAN,841239
3731281,173,39,8807,1996,0.0,17835.0,-0.43761000000000005,-0.28077399999999997,PER,CAN,841239
3731282,192,39,8807,1996,0.0,8119.0,0.8354299999999999,0.41169799999999995,SGP,CAN,841239
3731283,208,39,8807,1996,157426.0,3407.0,2.133781,0.9099889999999999,SWE,CAN,841239
3731284,216,39,8807,1996,0.0,19812.0,0.10120599999999999,1.351967,THA,CAN,841239
3731285,224,39,8807,1996,0.0,11420.0,0.156866,1.554023,TUR,CAN,841239
3731286,231,39,8807,1996,11148062.0,2537198.0,1.7110560000000001,1.125141,USA,CAN,841239
3731287,236,39,8807,1996,0.0,8887.0,0.07086100000000001,-0.761307,VEN,CAN,841239
3731288,246,39,8807,1996,1037.0,0.0,0.456593,1.150786,ZAF,CAN,841239
3731289,250,39,8807,1996,26020.0,0.0,1.084978,0.901755,ANS,CAN,841239
3731290,8,41,8807,1996,0.0,7491.0,0.167081,0.433612,ARG,CHE,841239
3731291,14,41,8807,1996,0.0,20502.0,0.369697,0.78069,AUS,CHE,841239
3731292,15,41,8807,1996,15693.0,65517.0,1.9216669999999998,0.659388,AUT,CHE,841239
3731293,18,41,8807,1996,29718.0,11679.0,1.549312,1.273767,BEL,CHE,841239
3731294,32,41,8807,1996,0.0,91175.0,0.699658,1.271724,BRA,CHE,841239
3731295,39,41,8807,1996,0.0,3005.0,1.155706,1.1127049999999998,CAN,CHE,841239
3731296,42,41,8807,1996,0.0,2934.0,-0.052811000000000004,-0.169464,CHL,CHE,841239
3731297,43,41,8807,1996,0.0,7912.0,0.404422,3.061344,CHN,CHE,841239
3731298,49,41,8807,1996,0.0,1522.0,0.136487,0.078743,COL,CHE,841239
3731299,58,41,8807,1996,0.0,1235.0,0.20007,0.020590999999999998,CYP,CHE,841239
3731300,59,41,8807,1996,0.0,11944.0,1.401181,1.3094709999999998,CZE,CHE,841239
3731301,61,41,8807,1996,638078.0,210564.0,2.279976,-2.572299,DEU,CHE,841239
3731302,64,41,8807,1996,8266.0,1952.0,1.443514,1.275684,DNK,CHE,841239
3731303,68,41,8807,1996,0.0,1044.0,-0.5446409999999999,-0.229586,EGY,CHE,841239
3731304,71,41,8807,1996,59674.0,5269.0,1.105317,1.9473,ESP,CHE,841239
3731305,74,41,8807,1996,11626.0,3731.0,2.0584729999999998,1.006908,FIN,CHE,841239
3731306,77,41,8807,1996,71533.0,5494.0,1.69082,0.721312,FRA,CHE,841239
3731307,81,41,8807,1996,991241.0,13182.0,1.850284,0.883084,GBR,CHE,841239
3731308,100,41,8807,1996,0.0,2204.0,0.772706,1.1075270000000002,HRV,CHE,841239
3731309,102,41,8807,1996,858.0,5321.0,0.790036,1.891534,HUN,CHE,841239
3731310,103,41,8807,1996,0.0,2599.0,-0.43199899999999997,1.22074,IDN,CHE,841239
3731311,104,41,8807,1996,0.0,7994.0,0.20685599999999998,2.317622,IND,CHE,841239
3731312,106,41,8807,1996,0.0,874.0,1.386011,0.9232100000000001,IRL,CHE,841239
3731313,111,41,8807,1996,291154.0,59613.0,1.4674690000000001,1.263362,ITA,CHE,841239
3731314,114,41,8807,1996,133627.0,0.0,2.615364,0.5656939999999999,JPN,CHE,841239
3731315,121,41,8807,1996,0.0,16965.0,0.8946940000000001,1.240424,KOR,CHE,841239
3731316,138,41,8807,1996,0.0,982.0,0.651949,0.9132170000000001,MEX,CHE,841239
3731317,140,41,8807,1996,0.0,39551.0,0.316133,0.933068,MKD,CHE,841239
3731318,153,41,8807,1996,0.0,17133.0,0.351774,0.347262,MYS,CHE,841239
3731319,162,41,8807,1996,270446.0,20086.0,1.256625,1.803132,NLD,CHE,841239
3731320,163,41,8807,1996,0.0,3348.0,1.204869,0.303062,NOR,CHE,841239
3731321,166,41,8807,1996,0.0,5375.0,0.49466099999999996,0.8302879999999999,NZL,CHE,841239
3731322,173,41,8807,1996,0.0,1148.0,-0.43761000000000005,-0.28077399999999997,PER,CHE,841239
3731323,174,41,8807,1996,0.0,2931.0,-0.276548,0.344986,PHL,CHE,841239
3731324,177,41,8807,1996,0.0,78171.0,0.795489,1.9004729999999999,POL,CHE,841239
3731325,179,41,8807,1996,0.0,8568.0,0.39343,1.170144,PRT,CHE,841239
3731326,186,41,8807,1996,0.0,3719.0,0.900185,0.47723000000000004,RUS,CHE,841239
3731327,188,41,8807,1996,0.0,1200.0,0.215265,-0.8577309999999999,SAU,CHE,841239
3731328,191,41,8807,1996,0.0,776.0,-0.619785,-0.712171,SEN,CHE,841239
3731329,192,41,8807,1996,0.0,17816.0,0.8354299999999999,0.41169799999999995,SGP,CHE,841239
3731330,207,41,8807,1996,0.0,3260.0,1.409184,1.37245,SVN,CHE,841239
3731331,208,41,8807,1996,468272.0,13122.0,2.133781,0.9099889999999999,SWE,CHE,841239
3731332,216,41,8807,1996,0.0,16630.0,0.10120599999999999,1.351967,THA,CHE,841239
3731333,224,41,8807,1996,0.0,2057.0,0.156866,1.554023,TUR,CHE,841239
3731334,228,41,8807,1996,0.0,24091.0,0.896537,0.9241459999999999,UKR,CHE,841239
3731335,231,41,8807,1996,71279.0,328293.0,1.7110560000000001,1.125141,USA,CHE,841239
3731336,236,41,8807,1996,0.0,1334.0,0.07086100000000001,-0.761307,VEN,CHE,841239
3731337,246,41,8807,1996,0.0,2214.0,0.456593,1.150786,ZAF,CHE,841239
3731338,8,42,8807,1996,1713.0,0.0,0.167081,0.433612,ARG,CHL,841239
3731339,14,42,8807,1996,1126.0,0.0,0.369697,0.78069,AUS,CHL,841239
3731340,15,42,8807,1996,3070.0,0.0,1.9216669999999998,0.659388,AUT,CHL,841239
3731341,18,42,8807,1996,2455.0,0.0,1.549312,1.273767,BEL,CHL,841239
3731342,32,42,8807,1996,2075.0,0.0,0.699658,1.271724,BRA,CHL,841239
3731343,39,42,8807,1996,13762.0,0.0,1.155706,1.1127049999999998,CAN,CHL,841239
3731344,41,42,8807,1996,2934.0,0.0,2.246238,0.603288,CHE,CHL,841239
3731345,61,42,8807,1996,4987.0,0.0,2.279976,-2.572299,DEU,CHL,841239
3731346,64,42,8807,1996,1603.0,0.0,1.443514,1.275684,DNK,CHL,841239
3731347,71,42,8807,1996,3937.0,0.0,1.105317,1.9473,ESP,CHL,841239
3731348,74,42,8807,1996,6932.0,0.0,2.0584729999999998,1.006908,FIN,CHL,841239
3731349,77,42,8807,1996,3389.0,0.0,1.69082,0.721312,FRA,CHL,841239
3731350,81,42,8807,1996,2237.0,0.0,1.850284,0.883084,GBR,CHL,841239
3731351,111,42,8807,1996,24321.0,0.0,1.4674690000000001,1.263362,ITA,CHL,841239
3731352,114,42,8807,1996,4251.0,0.0,2.615364,0.5656939999999999,JPN,CHL,841239
3731353,173,42,8807,1996,0.0,887.0,-0.43761000000000005,-0.28077399999999997,PER,CHL,841239
3731354,177,42,8807,1996,8786.0,0.0,0.795489,1.9004729999999999,POL,CHL,841239
3731355,231,42,8807,1996,74959.0,18296.0,1.7110560000000001,1.125141,USA,CHL,841239
3731356,249,42,8807,1996,2233.0,0.0,1.432225,1.675389,TWN,CHL,841239
3731357,15,59,8807,1996,189051.0,0.0,1.9216669999999998,0.659388,AUT,CZE,841239
3731358,18,59,8807,1996,17388.0,0.0,1.549312,1.273767,BEL,CZE,841239
3731359,23,59,8807,1996,0.0,1455.0,0.544265,1.523408,BGR,CZE,841239
3731360,41,59,8807,1996,11944.0,0.0,2.246238,0.603288,CHE,CZE,841239
3731361,61,59,8807,1996,114276.0,21186.0,2.279976,-2.572299,DEU,CZE,841239
3731362,71,59,8807,1996,7675.0,0.0,1.105317,1.9473,ESP,CZE,841239
3731363,81,59,8807,1996,8809.0,0.0,1.850284,0.883084,GBR,CZE,841239
3731364,102,59,8807,1996,43887.0,0.0,0.790036,1.891534,HUN,CZE,841239
3731365,111,59,8807,1996,168863.0,0.0,1.4674690000000001,1.263362,ITA,CZE,841239
3731366,114,59,8807,1996,19594.0,0.0,2.615364,0.5656939999999999,JPN,CZE,841239
3731367,162,59,8807,1996,8251.0,0.0,1.256625,1.803132,NLD,CZE,841239
3731368,177,59,8807,1996,1687.0,0.0,0.795489,1.9004729999999999,POL,CZE,841239
3731369,206,59,8807,1996,0.0,1689.0,1.189398,1.29167,SVK,CZE,841239
3731370,208,59,8807,1996,20839.0,1131.0,2.133781,0.9099889999999999,SWE,CZE,841239
3731371,249,59,8807,1996,4411.0,0.0,1.432225,1.675389,TWN,CZE,841239
3731372,250,59,8807,1996,36639.0,0.0,1.084978,0.901755,ANS,CZE,841239
3731373,61,66,8807,1996,10872.0,0.0,2.279976,-2.572299,DEU,DZA,841239
3731374,77,66,8807,1996,17179.0,0.0,1.69082,0.721312,FRA,DZA,841239
3731375,81,66,8807,1996,3704.0,0.0,1.850284,0.883084,GBR,DZA,841239
3731376,111,66,8807,1996,8913.0,0.0,1.4674690000000001,1.263362,ITA,DZA,841239
3731377,114,66,8807,1996,1623.0,0.0,2.615364,0.5656939999999999,JPN,DZA,841239
3731378,208,66,8807,1996,6730.0,0.0,2.133781,0.9099889999999999,SWE,DZA,841239
3731379,231,66,8807,1996,57792.0,11140.0,1.7110560000000001,1.125141,USA,DZA,841239
3731380,15,68,8807,1996,6664.0,0.0,1.9216669999999998,0.659388,AUT,EGY,841239
3731381,23,68,8807,1996,7962.0,0.0,0.544265,1.523408,BGR,EGY,841239
3731382,39,68,8807,1996,7907.0,0.0,1.155706,1.1127049999999998,CAN,EGY,841239
3731383,41,68,8807,1996,1044.0,0.0,2.246238,0.603288,CHE,EGY,841239
3731384,61,68,8807,1996,64813.0,0.0,2.279976,-2.572299,DEU,EGY,841239
3731385,77,68,8807,1996,15725.0,0.0,1.69082,0.721312,FRA,EGY,841239
3731386,81,68,8807,1996,18561.0,0.0,1.850284,0.883084,GBR,EGY,841239
3731387,111,68,8807,1996,40825.0,23463.0,1.4674690000000001,1.263362,ITA,EGY,841239
3731388,114,68,8807,1996,17129.0,0.0,2.615364,0.5656939999999999,JPN,EGY,841239
3731389,162,68,8807,1996,4045.0,0.0,1.256625,1.803132,NLD,EGY,841239
3731390,231,68,8807,1996,22208.0,0.0,1.7110560000000001,1.125141,USA,EGY,841239
3731391,74,72,8807,1996,6012.0,0.0,2.0584729999999998,1.006908,FIN,EST,841239
3731392,61,83,8807,1996,5239.0,0.0,2.279976,-2.572299,DEU,GHA,841239
3731393,77,83,8807,1996,5829.0,0.0,1.69082,0.721312,FRA,GHA,841239
3731394,81,83,8807,1996,49889.0,0.0,1.850284,0.883084,GBR,GHA,841239
3731395,104,83,8807,1996,1214.0,0.0,0.20685599999999998,2.317622,IND,GHA,841239
3731396,15,102,8807,1996,89554.0,0.0,1.9216669999999998,0.659388,AUT,HUN,841239
3731397,18,102,8807,1996,1905.0,0.0,1.549312,1.273767,BEL,HUN,841239
3731398,23,102,8807,1996,0.0,7846.0,0.544265,1.523408,BGR,HUN,841239
3731399,39,102,8807,1996,1138.0,0.0,1.155706,1.1127049999999998,CAN,HUN,841239
3731400,41,102,8807,1996,5321.0,858.0,2.246238,0.603288,CHE,HUN,841239
3731401,59,102,8807,1996,0.0,43887.0,1.401181,1.3094709999999998,CZE,HUN,841239
3731402,61,102,8807,1996,5343.0,92466.0,2.279976,-2.572299,DEU,HUN,841239
3731403,74,102,8807,1996,10922.0,0.0,2.0584729999999998,1.006908,FIN,HUN,841239
3731404,77,102,8807,1996,929.0,0.0,1.69082,0.721312,FRA,HUN,841239
3731405,81,102,8807,1996,4641.0,3408.0,1.850284,0.883084,GBR,HUN,841239
3731406,111,102,8807,1996,12568.0,0.0,1.4674690000000001,1.263362,ITA,HUN,841239
3731407,114,102,8807,1996,2760.0,0.0,2.615364,0.5656939999999999,JPN,HUN,841239
3731408,121,102,8807,1996,0.0,3064.0,0.8946940000000001,1.240424,KOR,HUN,841239
3731409,130,102,8807,1996,0.0,2799.0,0.40520500000000004,0.9465950000000001,LTU,HUN,841239
3731410,162,102,8807,1996,5145.0,932.0,1.256625,1.803132,NLD,HUN,841239
3731411,185,102,8807,1996,0.0,21241.0,0.612035,0.880964,ROU,HUN,841239
3731412,206,102,8807,1996,930.0,146078.0,1.189398,1.29167,SVK,HUN,841239
3731413,207,102,8807,1996,0.0,32473.0,1.409184,1.37245,SVN,HUN,841239
3731414,208,102,8807,1996,1954.0,3063508.0,2.133781,0.9099889999999999,SWE,HUN,841239
3731415,223,102,8807,1996,0.0,8240.0,-0.28546,-0.089051,TUN,HUN,841239
3731416,228,102,8807,1996,0.0,3572.0,0.896537,0.9241459999999999,UKR,HUN,841239
3731417,231,102,8807,1996,7538.0,0.0,1.7110560000000001,1.125141,USA,HUN,841239
3731418,250,102,8807,1996,0.0,24000.0,1.084978,0.901755,ANS,HUN,841239
3731419,14,103,8807,1996,5828.0,0.0,0.369697,0.78069,AUS,IDN,841239
3731420,32,103,8807,1996,1353.0,0.0,0.699658,1.271724,BRA,IDN,841239
3731421,39,103,8807,1996,4097.0,0.0,1.155706,1.1127049999999998,CAN,IDN,841239
3731422,41,103,8807,1996,2599.0,0.0,2.246238,0.603288,CHE,IDN,841239
3731423,61,103,8807,1996,36620.0,1588.0,2.279976,-2.572299,DEU,IDN,841239
3731424,74,103,8807,1996,3278.0,0.0,2.0584729999999998,1.006908,FIN,IDN,841239
3731425,77,103,8807,1996,24605.0,0.0,1.69082,0.721312,FRA,IDN,841239
3731426,81,103,8807,1996,18367.0,0.0,1.850284,0.883084,GBR,IDN,841239
3731427,114,103,8807,1996,113582.0,0.0,2.615364,0.5656939999999999,JPN,IDN,841239
3731428,121,103,8807,1996,6543.0,0.0,0.8946940000000001,1.240424,KOR,IDN,841239
3731429,231,103,8807,1996,9187.0,0.0,1.7110560000000001,1.125141,USA,IDN,841239
3731430,14,104,8807,1996,50090.0,0.0,0.369697,0.78069,AUS,IND,841239
3731431,15,104,8807,1996,1959.0,0.0,1.9216669999999998,0.659388,AUT,IND,841239
3731432,39,104,8807,1996,12300.0,0.0,1.155706,1.1127049999999998,CAN,IND,841239
3731433,41,104,8807,1996,7994.0,0.0,2.246238,0.603288,CHE,IND,841239
3731434,61,104,8807,1996,80634.0,0.0,2.279976,-2.572299,DEU,IND,841239
3731435,74,104,8807,1996,2784.0,0.0,2.0584729999999998,1.006908,FIN,IND,841239
3731436,77,104,8807,1996,8674.0,0.0,1.69082,0.721312,FRA,IND,841239
3731437,81,104,8807,1996,24891.0,24318.0,1.850284,0.883084,GBR,IND,841239
3731438,83,104,8807,1996,0.0,1214.0,-1.035244,-0.9834129999999999,GHA,IND,841239
3731439,111,104,8807,1996,147415.0,0.0,1.4674690000000001,1.263362,ITA,IND,841239
3731440,114,104,8807,1996,69927.0,0.0,2.615364,0.5656939999999999,JPN,IND,841239
3731441,121,104,8807,1996,8611.0,0.0,0.8946940000000001,1.240424,KOR,IND,841239
3731442,128,104,8807,1996,19158.0,0.0,-0.812763,-0.188722,LKA,IND,841239
3731443,162,104,8807,1996,3946.0,0.0,1.256625,1.803132,NLD,IND,841239
3731444,166,104,8807,1996,0.0,11238.0,0.49466099999999996,0.8302879999999999,NZL,IND,841239
3731445,186,104,8807,1996,2912.0,0.0,0.900185,0.47723000000000004,RUS,IND,841239
3731446,192,104,8807,1996,57733.0,2668.0,0.8354299999999999,0.41169799999999995,SGP,IND,841239
3731447,208,104,8807,1996,17752.0,0.0,2.133781,0.9099889999999999,SWE,IND,841239
3731448,228,104,8807,1996,1442.0,0.0,0.896537,0.9241459999999999,UKR,IND,841239
3731449,231,104,8807,1996,30298.0,50182.0,1.7110560000000001,1.125141,USA,IND,841239
3731450,246,104,8807,1996,0.0,1517.0,0.456593,1.150786,ZAF,IND,841239
3731451,7,114,8807,1996,0.0,9794.0,-0.245358,-0.726695,ARE,JPN,841239
3731452,8,114,8807,1996,0.0,10130.0,0.167081,0.433612,ARG,JPN,841239
3731453,13,114,8807,1996,0.0,7615.0,0.408319,-0.21640700000000002,ATG,JPN,841239
3731454,14,114,8807,1996,60950.0,142725.0,0.369697,0.78069,AUS,JPN,841239
3731455,15,114,8807,1996,8675.0,45977.0,1.9216669999999998,0.659388,AUT,JPN,841239
3731456,18,114,8807,1996,57645.0,85253.0,1.549312,1.273767,BEL,JPN,841239
3731457,25,114,8807,1996,0.0,7276.0,0.363917,-0.380614,BHS,JPN,841239
3731458,30,114,8807,1996,0.0,2573.0,1.037215,-0.408235,BMU,JPN,841239
3731459,32,114,8807,1996,0.0,39814.0,0.699658,1.271724,BRA,JPN,841239
3731460,39,114,8807,1996,22456.0,93152.0,1.155706,1.1127049999999998,CAN,JPN,841239
3731461,41,114,8807,1996,0.0,133627.0,2.246238,0.603288,CHE,JPN,841239
3731462,42,114,8807,1996,0.0,4251.0,-0.052811000000000004,-0.169464,CHL,JPN,841239
3731463,43,114,8807,1996,12248.0,510036.0,0.404422,3.061344,CHN,JPN,841239
3731464,49,114,8807,1996,0.0,26832.0,0.136487,0.078743,COL,JPN,841239
3731465,58,114,8807,1996,0.0,5838.0,0.20007,0.020590999999999998,CYP,JPN,841239
3731466,59,114,8807,1996,0.0,19594.0,1.401181,1.3094709999999998,CZE,JPN,841239
3731467,61,114,8807,1996,53454.0,1115570.0,2.279976,-2.572299,DEU,JPN,841239
3731468,64,114,8807,1996,3065.0,7982.0,1.443514,1.275684,DNK,JPN,841239
3731469,66,114,8807,1996,0.0,1623.0,-0.33419699999999997,-1.035736,DZA,JPN,841239
3731470,67,114,8807,1996,0.0,18643.0,-1.1391200000000001,-0.992735,ECU,JPN,841239
3731471,68,114,8807,1996,0.0,17129.0,-0.5446409999999999,-0.229586,EGY,JPN,841239
3731472,71,114,8807,1996,1843.0,128005.0,1.105317,1.9473,ESP,JPN,841239
3731473,74,114,8807,1996,16652.0,73115.0,2.0584729999999998,1.006908,FIN,JPN,841239
3731474,77,114,8807,1996,9978.0,283618.0,1.69082,0.721312,FRA,JPN,841239
3731475,81,114,8807,1996,242785.0,842943.0,1.850284,0.883084,GBR,JPN,841239
3731476,90,114,8807,1996,0.0,46600.0,0.271386,1.042608,GRC,JPN,841239
3731477,97,114,8807,1996,0.0,183932.0,0.54364,2.727659,HKG,JPN,841239
3731478,100,114,8807,1996,0.0,483.0,0.772706,1.1075270000000002,HRV,JPN,841239
3731479,102,114,8807,1996,0.0,2760.0,0.790036,1.891534,HUN,JPN,841239
3731480,103,114,8807,1996,0.0,113582.0,-0.43199899999999997,1.22074,IDN,JPN,841239
3731481,104,114,8807,1996,0.0,69927.0,0.20685599999999998,2.317622,IND,JPN,841239
3731482,107,114,8807,1996,0.0,8516.0,-0.7496649999999999,-1.1173520000000001,IRN,JPN,841239
3731483,110,114,8807,1996,0.0,60623.0,1.054975,1.072965,ISR,JPN,841239
3731484,111,114,8807,1996,72503.0,525144.0,1.4674690000000001,1.263362,ITA,JPN,841239
3731485,121,114,8807,1996,43176.0,1715646.0,0.8946940000000001,1.240424,KOR,JPN,841239
3731486,122,114,8807,1996,0.0,7103.0,-0.27174499999999996,-1.098243,KWT,JPN,841239
3731487,125,114,8807,1996,0.0,82246.0,-0.6975779999999999,-1.0896290000000002,LBR,JPN,841239
3731488,138,114,8807,1996,0.0,42462.0,0.651949,0.9132170000000001,MEX,JPN,841239
3731489,139,114,8807,1996,0.0,4279.0,-0.035292000000000004,-0.660011,MHL,JPN,841239
3731490,142,114,8807,1996,0.0,8921.0,0.8825440000000001,0.066541,MLT,JPN,841239
3731491,153,114,8807,1996,0.0,285429.0,0.351774,0.347262,MYS,JPN,841239
3731492,162,114,8807,1996,49459.0,898255.0,1.256625,1.803132,NLD,JPN,841239
3731493,163,114,8807,1996,2540.0,42680.0,1.204869,0.303062,NOR,JPN,841239
3731494,166,114,8807,1996,0.0,7296.0,0.49466099999999996,0.8302879999999999,NZL,JPN,841239
3731495,168,114,8807,1996,0.0,5936.0,-0.7543300000000001,-0.393654,PAK,JPN,841239
3731496,169,114,8807,1996,0.0,25795.0,-0.100537,-0.374129,PAN,JPN,841239
3731497,173,114,8807,1996,0.0,2022.0,-0.43761000000000005,-0.28077399999999997,PER,JPN,841239
3731498,174,114,8807,1996,0.0,57392.0,-0.276548,0.344986,PHL,JPN,841239
3731499,177,114,8807,1996,0.0,26345.0,0.795489,1.9004729999999999,POL,JPN,841239
3731500,183,114,8807,1996,0.0,12963.0,-0.48203500000000005,-1.117173,QAT,JPN,841239
3731501,186,114,8807,1996,0.0,6815.0,0.900185,0.47723000000000004,RUS,JPN,841239
3731502,188,114,8807,1996,0.0,18281.0,0.215265,-0.8577309999999999,SAU,JPN,841239
3731503,191,114,8807,1996,0.0,1668.0,-0.619785,-0.712171,SEN,JPN,841239
3731504,192,114,8807,1996,6142.0,502542.0,0.8354299999999999,0.41169799999999995,SGP,JPN,841239
3731505,207,114,8807,1996,0.0,2612.0,1.409184,1.37245,SVN,JPN,841239
3731506,208,114,8807,1996,6211.0,45541.0,2.133781,0.9099889999999999,SWE,JPN,841239
3731507,216,114,8807,1996,0.0,391396.0,0.10120599999999999,1.351967,THA,JPN,841239
3731508,223,114,8807,1996,0.0,1856.0,-0.28546,-0.089051,TUN,JPN,841239
3731509,224,114,8807,1996,0.0,25877.0,0.156866,1.554023,TUR,JPN,841239
3731510,231,114,8807,1996,1098576.0,2282252.0,1.7110560000000001,1.125141,USA,JPN,841239
3731511,234,114,8807,1996,0.0,4782.0,-0.123896,-0.5798989999999999,VCT,JPN,841239
3731512,236,114,8807,1996,0.0,17345.0,0.07086100000000001,-0.761307,VEN,JPN,841239
3731513,239,114,8807,1996,0.0,6463.0,-0.9336469999999999,-0.10985199999999999,VNM,JPN,841239
3731514,240,114,8807,1996,0.0,3955.0,-0.933351,-0.824783,VUT,JPN,841239
3731515,246,114,8807,1996,42558.0,92714.0,0.456593,1.150786,ZAF,JPN,841239
3731516,249,114,8807,1996,8608.0,605641.0,1.432225,1.675389,TWN,JPN,841239
3731517,102,130,8807,1996,2799.0,0.0,0.790036,1.891534,HUN,LTU,841239
3731518,132,130,8807,1996,0.0,9100.0,0.33418600000000004,0.1615,LVA,LTU,841239
3731519,162,130,8807,1996,106194.0,0.0,1.256625,1.803132,NLD,LTU,841239
3731520,228,130,8807,1996,5855.0,0.0,0.896537,0.9241459999999999,UKR,LTU,841239
3731521,130,132,8807,1996,9100.0,0.0,0.40520500000000004,0.9465950000000001,LTU,LVA,841239
3731522,228,132,8807,1996,1030.0,0.0,0.896537,0.9241459999999999,UKR,LVA,841239
3731523,231,132,8807,1996,20257.0,0.0,1.7110560000000001,1.125141,USA,LVA,841239
3731524,15,142,8807,1996,1723.0,0.0,1.9216669999999998,0.659388,AUT,MLT,841239
3731525,61,142,8807,1996,5386.0,0.0,2.279976,-2.572299,DEU,MLT,841239
3731526,81,142,8807,1996,6026.0,0.0,1.850284,0.883084,GBR,MLT,841239
3731527,114,142,8807,1996,8921.0,0.0,2.615364,0.5656939999999999,JPN,MLT,841239
3731528,162,142,8807,1996,6877.0,0.0,1.256625,1.803132,NLD,MLT,841239
3731529,15,167,8807,1996,1376.0,0.0,1.9216669999999998,0.659388,AUT,OMN,841239
3731530,15,177,8807,1996,128353.0,0.0,1.9216669999999998,0.659388,AUT,POL,841239
3731531,28,177,8807,1996,0.0,99392.0,0.7285550000000001,0.660716,BLR,POL,841239
3731532,41,177,8807,1996,78171.0,0.0,2.246238,0.603288,CHE,POL,841239
3731533,42,177,8807,1996,0.0,8786.0,-0.052811000000000004,-0.169464,CHL,POL,841239
3731534,59,177,8807,1996,0.0,1687.0,1.401181,1.3094709999999998,CZE,POL,841239
3731535,61,177,8807,1996,317538.0,44803.0,2.279976,-2.572299,DEU,POL,841239
3731536,64,177,8807,1996,2757.0,0.0,1.443514,1.275684,DNK,POL,841239
3731537,74,177,8807,1996,1820.0,0.0,2.0584729999999998,1.006908,FIN,POL,841239
3731538,77,177,8807,1996,26790.0,0.0,1.69082,0.721312,FRA,POL,841239
3731539,81,177,8807,1996,2145.0,2460.0,1.850284,0.883084,GBR,POL,841239
3731540,111,177,8807,1996,3139.0,29287.0,1.4674690000000001,1.263362,ITA,POL,841239
3731541,114,177,8807,1996,26345.0,0.0,2.615364,0.5656939999999999,JPN,POL,841239
3731542,162,177,8807,1996,143477.0,0.0,1.256625,1.803132,NLD,POL,841239
3731543,174,177,8807,1996,0.0,1191.0,-0.276548,0.344986,PHL,POL,841239
3731544,208,177,8807,1996,93108.0,0.0,2.133781,0.9099889999999999,SWE,POL,841239
3731545,231,177,8807,1996,36643.0,0.0,1.7110560000000001,1.125141,USA,POL,841239
3731546,250,177,8807,1996,171207.0,39512.0,1.084978,0.901755,ANS,POL,841239
3731547,15,185,8807,1996,9812.0,0.0,1.9216669999999998,0.659388,AUT,ROU,841239
3731548,23,185,8807,1996,1922.0,0.0,0.544265,1.523408,BGR,ROU,841239
3731549,43,185,8807,1996,5154.0,0.0,0.404422,3.061344,CHN,ROU,841239
3731550,61,185,8807,1996,1965.0,3219.0,2.279976,-2.572299,DEU,ROU,841239
3731551,102,185,8807,1996,21241.0,0.0,0.790036,1.891534,HUN,ROU,841239
3731552,111,185,8807,1996,49122.0,0.0,1.4674690000000001,1.263362,ITA,ROU,841239
3731553,246,185,8807,1996,0.0,2838.0,0.456593,1.150786,ZAF,ROU,841239
3731554,15,186,8807,1996,31164.0,0.0,1.9216669999999998,0.659388,AUT,RUS,841239
3731555,41,186,8807,1996,3719.0,0.0,2.246238,0.603288,CHE,RUS,841239
3731556,43,186,8807,1996,0.0,10688.0,0.404422,3.061344,CHN,RUS,841239
3731557,54,186,8807,1996,0.0,2938.0,-0.555246,-1.0420479999999999,CUB,RUS,841239
3731558,61,186,8807,1996,9383.0,0.0,2.279976,-2.572299,DEU,RUS,841239
3731559,74,186,8807,1996,3606.0,0.0,2.0584729999999998,1.006908,FIN,RUS,841239
3731560,77,186,8807,1996,36624.0,0.0,1.69082,0.721312,FRA,RUS,841239
3731561,81,186,8807,1996,68161.0,0.0,1.850284,0.883084,GBR,RUS,841239
3731562,104,186,8807,1996,0.0,2912.0,0.20685599999999998,2.317622,IND,RUS,841239
3731563,111,186,8807,1996,17431.0,0.0,1.4674690000000001,1.263362,ITA,RUS,841239
3731564,114,186,8807,1996,6815.0,0.0,2.615364,0.5656939999999999,JPN,RUS,841239
3731565,135,186,8807,1996,1016.0,0.0,0.198427,0.026004000000000003,MDA,RUS,841239
3731566,162,186,8807,1996,3916.0,0.0,1.256625,1.803132,NLD,RUS,841239
3731567,206,186,8807,1996,6885.0,0.0,1.189398,1.29167,SVK,RUS,841239
3731568,208,186,8807,1996,4517.0,0.0,2.133781,0.9099889999999999,SWE,RUS,841239
3731569,228,186,8807,1996,153241.0,452272.0,0.896537,0.9241459999999999,UKR,RUS,841239
3731570,231,186,8807,1996,17401.0,0.0,1.7110560000000001,1.125141,USA,RUS,841239
3731571,232,186,8807,1996,0.0,5822.0,-0.17393499999999998,-0.727476,UZB,RUS,841239
3731572,7,188,8807,1996,0.0,15014.0,-0.245358,-0.726695,ARE,SAU,841239
3731573,14,188,8807,1996,3034.0,0.0,0.369697,0.78069,AUS,SAU,841239
3731574,15,188,8807,1996,3808.0,0.0,1.9216669999999998,0.659388,AUT,SAU,841239
3731575,18,188,8807,1996,2321.0,0.0,1.549312,1.273767,BEL,SAU,841239
3731576,41,188,8807,1996,1200.0,0.0,2.246238,0.603288,CHE,SAU,841239
3731577,61,188,8807,1996,76754.0,0.0,2.279976,-2.572299,DEU,SAU,841239
3731578,69,188,8807,1996,0.0,2565.0,-0.31049499999999997,-0.656459,ERI,SAU,841239
3731579,71,188,8807,1996,10303.0,0.0,1.105317,1.9473,ESP,SAU,841239
3731580,77,188,8807,1996,2122.0,0.0,1.69082,0.721312,FRA,SAU,841239
3731581,81,188,8807,1996,1928.0,0.0,1.850284,0.883084,GBR,SAU,841239
3731582,111,188,8807,1996,116659.0,0.0,1.4674690000000001,1.263362,ITA,SAU,841239
3731583,114,188,8807,1996,18281.0,0.0,2.615364,0.5656939999999999,JPN,SAU,841239
3731584,162,188,8807,1996,2650.0,0.0,1.256625,1.803132,NLD,SAU,841239
3731585,208,188,8807,1996,5018.0,1396.0,2.133781,0.9099889999999999,SWE,SAU,841239
3731586,231,188,8807,1996,173229.0,0.0,1.7110560000000001,1.125141,USA,SAU,841239
3731587,246,188,8807,1996,1245.0,0.0,0.456593,1.150786,ZAF,SAU,841239
3731588,14,192,8807,1996,698754.0,25588.0,0.369697,0.78069,AUS,SGP,841239
3731589,15,192,8807,1996,2979.0,0.0,1.9216669999999998,0.659388,AUT,SGP,841239
3731590,18,192,8807,1996,1823.0,0.0,1.549312,1.273767,BEL,SGP,841239
3731591,22,192,8807,1996,0.0,9237.0,-1.060876,-1.05104,BGD,SGP,841239
3731592,34,192,8807,1996,0.0,11813.0,-0.848331,-0.779511,BRN,SGP,841239
3731593,39,192,8807,1996,8119.0,0.0,1.155706,1.1127049999999998,CAN,SGP,841239
3731594,41,192,8807,1996,17816.0,0.0,2.246238,0.603288,CHE,SGP,841239
3731595,43,192,8807,1996,37130.0,71235.0,0.404422,3.061344,CHN,SGP,841239
3731596,61,192,8807,1996,67890.0,0.0,2.279976,-2.572299,DEU,SGP,841239
3731597,64,192,8807,1996,5162.0,0.0,1.443514,1.275684,DNK,SGP,841239
3731598,71,192,8807,1996,15672.0,0.0,1.105317,1.9473,ESP,SGP,841239
3731599,74,192,8807,1996,9570.0,0.0,2.0584729999999998,1.006908,FIN,SGP,841239
3731600,77,192,8807,1996,6384.0,0.0,1.69082,0.721312,FRA,SGP,841239
3731601,81,192,8807,1996,43389.0,0.0,1.850284,0.883084,GBR,SGP,841239
3731602,97,192,8807,1996,0.0,119423.0,0.54364,2.727659,HKG,SGP,841239
3731603,104,192,8807,1996,2668.0,57733.0,0.20685599999999998,2.317622,IND,SGP,841239
3731604,111,192,8807,1996,105225.0,0.0,1.4674690000000001,1.263362,ITA,SGP,841239
3731605,114,192,8807,1996,502542.0,6142.0,2.615364,0.5656939999999999,JPN,SGP,841239
3731606,118,192,8807,1996,0.0,4310.0,-1.110741,-1.089434,KHM,SGP,841239
3731607,153,192,8807,1996,29809.0,604650.0,0.351774,0.347262,MYS,SGP,841239
3731608,162,192,8807,1996,15815.0,2616.0,1.256625,1.803132,NLD,SGP,841239
3731609,174,192,8807,1996,0.0,362489.0,-0.276548,0.344986,PHL,SGP,841239
3731610,208,192,8807,1996,100934.0,0.0,2.133781,0.9099889999999999,SWE,SGP,841239
3731611,216,192,8807,1996,0.0,18996.0,0.10120599999999999,1.351967,THA,SGP,841239
3731612,224,192,8807,1996,1378.0,0.0,0.156866,1.554023,TUR,SGP,841239
3731613,231,192,8807,1996,121753.0,1500.0,1.7110560000000001,1.125141,USA,SGP,841239
3731614,246,192,8807,1996,4025.0,0.0,0.456593,1.150786,ZAF,SGP,841239
3731615,249,192,8807,1996,0.0,114862.0,1.432225,1.675389,TWN,SGP,841239
3731616,15,206,8807,1996,34463.0,0.0,1.9216669999999998,0.659388,AUT,SVK,841239
3731617,59,206,8807,1996,1689.0,0.0,1.401181,1.3094709999999998,CZE,SVK,841239
3731618,61,206,8807,1996,47606.0,0.0,2.279976,-2.572299,DEU,SVK,841239
3731619,102,206,8807,1996,146078.0,930.0,0.790036,1.891534,HUN,SVK,841239
3731620,162,206,8807,1996,4780.0,0.0,1.256625,1.803132,NLD,SVK,841239
3731621,186,206,8807,1996,0.0,6885.0,0.900185,0.47723000000000004,RUS,SVK,841239
3731622,231,206,8807,1996,1790.0,0.0,1.7110560000000001,1.125141,USA,SVK,841239
3731623,15,207,8807,1996,82530.0,5688.0,1.9216669999999998,0.659388,AUT,SVN,841239
3731624,26,207,8807,1996,0.0,3353.0,0.679466,0.730425,BIH,SVN,841239
3731625,41,207,8807,1996,3260.0,0.0,2.246238,0.603288,CHE,SVN,841239
3731626,61,207,8807,1996,14162.0,12451.0,2.279976,-2.572299,DEU,SVN,841239
3731627,77,207,8807,1996,3184.0,0.0,1.69082,0.721312,FRA,SVN,841239
3731628,81,207,8807,1996,13863.0,0.0,1.850284,0.883084,GBR,SVN,841239
3731629,100,207,8807,1996,3786.0,8722.0,0.772706,1.1075270000000002,HRV,SVN,841239
3731630,102,207,8807,1996,32473.0,0.0,0.790036,1.891534,HUN,SVN,841239
3731631,111,207,8807,1996,2162.0,5628.0,1.4674690000000001,1.263362,ITA,SVN,841239
3731632,114,207,8807,1996,2612.0,0.0,2.615364,0.5656939999999999,JPN,SVN,841239
3731633,162,207,8807,1996,14345.0,0.0,1.256625,1.803132,NLD,SVN,841239
3731634,189,207,8807,1996,5353.0,0.0,0.786293,2.20126,SCG,SVN,841239
3731635,208,207,8807,1996,13980.0,0.0,2.133781,0.9099889999999999,SWE,SVN,841239
3731636,231,207,8807,1996,4156.0,0.0,1.7110560000000001,1.125141,USA,SVN,841239
3731637,15,228,8807,1996,2680.0,0.0,1.9216669999999998,0.659388,AUT,UKR,841239
3731638,28,228,8807,1996,0.0,101095.0,0.7285550000000001,0.660716,BLR,UKR,841239
3731639,41,228,8807,1996,24091.0,0.0,2.246238,0.603288,CHE,UKR,841239
3731640,102,228,8807,1996,3572.0,0.0,0.790036,1.891534,HUN,UKR,841239
3731641,104,228,8807,1996,0.0,1442.0,0.20685599999999998,2.317622,IND,UKR,841239
3731642,115,228,8807,1996,0.0,5923.0,0.48902799999999996,0.154932,KAZ,UKR,841239
3731643,130,228,8807,1996,0.0,5855.0,0.40520500000000004,0.9465950000000001,LTU,UKR,841239
3731644,132,228,8807,1996,0.0,1030.0,0.33418600000000004,0.1615,LVA,UKR,841239
3731645,162,228,8807,1996,1521.0,0.0,1.256625,1.803132,NLD,UKR,841239
3731646,186,228,8807,1996,452272.0,153241.0,0.900185,0.47723000000000004,RUS,UKR,841239
3731647,14,246,8807,1996,7597.0,15445.0,0.369697,0.78069,AUS,ZAF,841239
3731648,15,246,8807,1996,32745.0,0.0,1.9216669999999998,0.659388,AUT,ZAF,841239
3731649,18,246,8807,1996,1307.0,10916.0,1.549312,1.273767,BEL,ZAF,841239
3731650,39,246,8807,1996,0.0,1037.0,1.155706,1.1127049999999998,CAN,ZAF,841239
3731651,41,246,8807,1996,2214.0,0.0,2.246238,0.603288,CHE,ZAF,841239
3731652,44,246,8807,1996,824.0,0.0,-0.8720459999999999,-0.7904479999999999,CIV,ZAF,841239
3731653,61,246,8807,1996,60560.0,0.0,2.279976,-2.572299,DEU,ZAF,841239
3731654,71,246,8807,1996,2502.0,0.0,1.105317,1.9473,ESP,ZAF,841239
3731655,74,246,8807,1996,10933.0,0.0,2.0584729999999998,1.006908,FIN,ZAF,841239
3731656,77,246,8807,1996,277605.0,0.0,1.69082,0.721312,FRA,ZAF,841239
3731657,81,246,8807,1996,187727.0,24021.0,1.850284,0.883084,GBR,ZAF,841239
3731658,104,246,8807,1996,1517.0,0.0,0.20685599999999998,2.317622,IND,ZAF,841239
3731659,110,246,8807,1996,2189.0,0.0,1.054975,1.072965,ISR,ZAF,841239
3731660,111,246,8807,1996,44703.0,0.0,1.4674690000000001,1.263362,ITA,ZAF,841239
3731661,114,246,8807,1996,92714.0,42558.0,2.615364,0.5656939999999999,JPN,ZAF,841239
3731662,116,246,8807,1996,0.0,16385.0,-0.468322,-0.017625,KEN,ZAF,841239
3731663,121,246,8807,1996,6285.0,0.0,0.8946940000000001,1.240424,KOR,ZAF,841239
3731664,147,246,8807,1996,0.0,10560.0,-1.331264,-1.1260270000000001,MOZ,ZAF,841239
3731665,151,246,8807,1996,0.0,4380.0,-0.538651,-0.746274,MUS,ZAF,841239
3731666,152,246,8807,1996,0.0,4341.0,-1.332586,-1.115859,MWI,ZAF,841239
3731667,162,246,8807,1996,1295.0,0.0,1.256625,1.803132,NLD,ZAF,841239
3731668,185,246,8807,1996,2838.0,0.0,0.612035,0.880964,ROU,ZAF,841239
3731669,188,246,8807,1996,0.0,1245.0,0.215265,-0.8577309999999999,SAU,ZAF,841239
3731670,192,246,8807,1996,0.0,4025.0,0.8354299999999999,0.41169799999999995,SGP,ZAF,841239
3731671,208,246,8807,1996,34311.0,0.0,2.133781,0.9099889999999999,SWE,ZAF,841239
3731672,224,246,8807,1996,8195.0,0.0,0.156866,1.554023,TUR,ZAF,841239
3731673,226,246,8807,1996,0.0,4236.0,-1.391534,-0.907436,TZA,ZAF,841239
3731674,231,246,8807,1996,41947.0,8263.0,1.7110560000000001,1.125141,USA,ZAF,841239
3731675,247,246,8807,1996,0.0,2286.0,-0.340956,-0.714009,ZMB,ZAF,841239
3731676,248,246,8807,1996,4326.0,4891.0,-0.393769,-0.34379,ZWE,ZAF,841239
3731677,250,246,8807,1996,4110.0,0.0,1.084978,0.901755,ANS,ZAF,841239
3731678,15,8,8807,1996,7143.0,0.0,1.9216669999999998,0.659388,AUT,ARG,841239
3731679,18,8,8807,1996,4372.0,0.0,1.549312,1.273767,BEL,ARG,841239
3731680,31,8,8807,1996,0.0,2747.0,-0.589432,-0.7781,BOL,ARG,841239
3731681,32,8,8807,1996,8633.0,2911.0,0.699658,1.271724,BRA,ARG,841239
3731682,39,8,8807,1996,2344.0,0.0,1.155706,1.1127049999999998,CAN,ARG,841239
3731683,41,8,8807,1996,7491.0,0.0,2.246238,0.603288,CHE,ARG,841239
3731684,42,8,8807,1996,0.0,1713.0,-0.052811000000000004,-0.169464,CHL,ARG,841239
3731685,43,8,8807,1996,4645.0,0.0,0.404422,3.061344,CHN,ARG,841239
3731686,49,8,8807,1996,0.0,1194.0,0.136487,0.078743,COL,ARG,841239
3731687,61,8,8807,1996,7054.0,0.0,2.279976,-2.572299,DEU,ARG,841239
3731688,64,8,8807,1996,1681.0,0.0,1.443514,1.275684,DNK,ARG,841239
3731689,67,8,8807,1996,0.0,1977.0,-1.1391200000000001,-0.992735,ECU,ARG,841239
3731690,71,8,8807,1996,8259.0,0.0,1.105317,1.9473,ESP,ARG,841239
3731691,77,8,8807,1996,6009.0,0.0,1.69082,0.721312,FRA,ARG,841239
3731692,81,8,8807,1996,24526.0,0.0,1.850284,0.883084,GBR,ARG,841239
3731693,111,8,8807,1996,86309.0,0.0,1.4674690000000001,1.263362,ITA,ARG,841239
3731694,114,8,8807,1996,10130.0,0.0,2.615364,0.5656939999999999,JPN,ARG,841239
3731695,138,8,8807,1996,0.0,190615.0,0.651949,0.9132170000000001,MEX,ARG,841239
3731696,163,8,8807,1996,4820.0,0.0,1.204869,0.303062,NOR,ARG,841239
3731697,173,8,8807,1996,0.0,1644.0,-0.43761000000000005,-0.28077399999999997,PER,ARG,841239
3731698,230,8,8807,1996,0.0,4691.0,0.171541,0.313934,URY,ARG,841239
3731699,231,8,8807,1996,340597.0,2870.0,1.7110560000000001,1.125141,USA,ARG,841239
3731700,236,8,8807,1996,0.0,2435.0,0.07086100000000001,-0.761307,VEN,ARG,841239
3731701,15,44,8807,1996,8440.0,0.0,1.9216669999999998,0.659388,AUT,CIV,841239
3731702,61,44,8807,1996,2069.0,0.0,2.279976,-2.572299,DEU,CIV,841239
3731703,77,44,8807,1996,5336.0,0.0,1.69082,0.721312,FRA,CIV,841239
3731704,81,44,8807,1996,1527.0,0.0,1.850284,0.883084,GBR,CIV,841239
3731705,111,44,8807,1996,8976.0,0.0,1.4674690000000001,1.263362,ITA,CIV,841239
3731706,246,44,8807,1996,0.0,824.0,0.456593,1.150786,ZAF,CIV,841239
3731707,77,45,8807,1996,1318.0,0.0,1.69082,0.721312,FRA,CMR,841239
3731708,41,58,8807,1996,1235.0,0.0,2.246238,0.603288,CHE,CYP,841239
3731709,111,58,8807,1996,1576.0,0.0,1.4674690000000001,1.263362,ITA,CYP,841239
3731710,114,58,8807,1996,5838.0,0.0,2.615364,0.5656939999999999,JPN,CYP,841239
3731711,162,58,8807,1996,14994.0,0.0,1.256625,1.803132,NLD,CYP,841239
3731712,15,134,8807,1996,3356.0,0.0,1.9216669999999998,0.659388,AUT,MAR,841239
3731713,18,134,8807,1996,2395.0,0.0,1.549312,1.273767,BEL,MAR,841239
3731714,61,134,8807,1996,14301.0,3660.0,2.279976,-2.572299,DEU,MAR,841239
3731715,71,134,8807,1996,4266.0,0.0,1.105317,1.9473,ESP,MAR,841239
3731716,74,134,8807,1996,1488.0,0.0,2.0584729999999998,1.006908,FIN,MAR,841239
3731717,77,134,8807,1996,14558.0,0.0,1.69082,0.721312,FRA,MAR,841239
3731718,81,134,8807,1996,10972.0,0.0,1.850284,0.883084,GBR,MAR,841239
3731719,111,134,8807,1996,4258.0,0.0,1.4674690000000001,1.263362,ITA,MAR,841239
3731720,208,134,8807,1996,2109.0,0.0,2.133781,0.9099889999999999,SWE,MAR,841239
3731721,231,134,8807,1996,1935.0,0.0,1.7110560000000001,1.125141,USA,MAR,841239
3731722,14,166,8807,1996,698458.0,52995.0,0.369697,0.78069,AUS,NZL,841239
3731723,15,166,8807,1996,13007.0,0.0,1.9216669999999998,0.659388,AUT,NZL,841239
3731724,32,166,8807,1996,0.0,3187.0,0.699658,1.271724,BRA,NZL,841239
3731725,41,166,8807,1996,5375.0,0.0,2.246238,0.603288,CHE,NZL,841239
3731726,61,166,8807,1996,11856.0,0.0,2.279976,-2.572299,DEU,NZL,841239
3731727,74,166,8807,1996,2320.0,0.0,2.0584729999999998,1.006908,FIN,NZL,841239
3731728,77,166,8807,1996,5166.0,0.0,1.69082,0.721312,FRA,NZL,841239
3731729,81,166,8807,1996,36191.0,0.0,1.850284,0.883084,GBR,NZL,841239
3731730,104,166,8807,1996,11238.0,0.0,0.20685599999999998,2.317622,IND,NZL,841239
3731731,111,166,8807,1996,7568.0,0.0,1.4674690000000001,1.263362,ITA,NZL,841239
3731732,114,166,8807,1996,7296.0,0.0,2.615364,0.5656939999999999,JPN,NZL,841239
3731733,153,166,8807,1996,0.0,2640.0,0.351774,0.347262,MYS,NZL,841239
3731734,162,166,8807,1996,13326.0,0.0,1.256625,1.803132,NLD,NZL,841239
3731735,208,166,8807,1996,21514.0,0.0,2.133781,0.9099889999999999,SWE,NZL,841239
3731736,216,166,8807,1996,1034.0,0.0,0.10120599999999999,1.351967,THA,NZL,841239
3731737,231,166,8807,1996,5571.0,0.0,1.7110560000000001,1.125141,USA,NZL,841239
3731738,41,191,8807,1996,776.0,0.0,2.246238,0.603288,CHE,SEN,841239
3731739,77,191,8807,1996,8321.0,0.0,1.69082,0.721312,FRA,SEN,841239
3731740,114,191,8807,1996,1668.0,0.0,2.615364,0.5656939999999999,JPN,SEN,841239
3731741,15,223,8807,1996,1924.0,0.0,1.9216669999999998,0.659388,AUT,TUN,841239
3731742,18,223,8807,1996,1719.0,0.0,1.549312,1.273767,BEL,TUN,841239
3731743,61,223,8807,1996,5233.0,0.0,2.279976,-2.572299,DEU,TUN,841239
3731744,77,223,8807,1996,15881.0,0.0,1.69082,0.721312,FRA,TUN,841239
3731745,81,223,8807,1996,14621.0,0.0,1.850284,0.883084,GBR,TUN,841239
3731746,102,223,8807,1996,8240.0,0.0,0.790036,1.891534,HUN,TUN,841239
3731747,111,223,8807,1996,25334.0,0.0,1.4674690000000001,1.263362,ITA,TUN,841239
3731748,114,223,8807,1996,1856.0,0.0,2.615364,0.5656939999999999,JPN,TUN,841239
3731749,159,223,8807,1996,0.0,671.0,-1.813359,-1.1967,NGA,TUN,841239
3731750,208,223,8807,1996,12665.0,0.0,2.133781,0.9099889999999999,SWE,TUN,841239
3731751,231,223,8807,1996,5415.0,0.0,1.7110560000000001,1.125141,USA,TUN,841239
3731752,61,247,8807,1996,1699.0,0.0,2.279976,-2.572299,DEU,ZMB,841239
3731753,81,247,8807,1996,2574.0,0.0,1.850284,0.883084,GBR,ZMB,841239
3731754,246,247,8807,1996,2286.0,0.0,0.456593,1.150786,ZAF,ZMB,841239
3731755,15,100,8807,1996,3787.0,4257.0,1.9216669999999998,0.659388,AUT,HRV,841239
3731756,26,100,8807,1996,0.0,3661.0,0.679466,0.730425,BIH,HRV,841239
3731757,41,100,8807,1996,2204.0,0.0,2.246238,0.603288,CHE,HRV,841239
3731758,61,100,8807,1996,25959.0,0.0,2.279976,-2.572299,DEU,HRV,841239
3731759,111,100,8807,1996,23337.0,0.0,1.4674690000000001,1.263362,ITA,HRV,841239
3731760,114,100,8807,1996,483.0,0.0,2.615364,0.5656939999999999,JPN,HRV,841239
3731761,162,100,8807,1996,22705.0,0.0,1.256625,1.803132,NLD,HRV,841239
3731762,207,100,8807,1996,8722.0,3786.0,1.409184,1.37245,SVN,HRV,841239
3731763,231,100,8807,1996,13128.0,0.0,1.7110560000000001,1.125141,USA,HRV,841239
3731764,39,107,8807,1996,0.0,2412.0,1.155706,1.1127049999999998,CAN,IRN,841239
3731765,61,107,8807,1996,6354.0,0.0,2.279976,-2.572299,DEU,IRN,841239
3731766,114,107,8807,1996,8516.0,0.0,2.615364,0.5656939999999999,JPN,IRN,841239
3731767,162,107,8807,1996,5853.0,0.0,1.256625,1.803132,NLD,IRN,841239
3731768,61,113,8807,1996,1388.0,0.0,2.279976,-2.572299,DEU,JOR,841239
3731769,81,124,8807,1996,5007.0,0.0,1.850284,0.883084,GBR,LBN,841239
3731770,162,124,8807,1996,1511.0,0.0,1.256625,1.803132,NLD,LBN,841239
3731771,61,128,8807,1996,1342.0,0.0,2.279976,-2.572299,DEU,LKA,841239
3731772,104,128,8807,1996,0.0,19158.0,0.20685599999999998,2.317622,IND,LKA,841239
3731773,186,135,8807,1996,0.0,1016.0,0.900185,0.47723000000000004,RUS,MDA,841239
3731774,41,140,8807,1996,39551.0,0.0,2.246238,0.603288,CHE,MKD,841239
3731775,189,140,8807,1996,31004.0,0.0,0.786293,2.20126,SCG,MKD,841239
3731776,15,189,8807,1996,1427.0,0.0,1.9216669999999998,0.659388,AUT,SCG,841239
3731777,61,189,8807,1996,181468.0,0.0,2.279976,-2.572299,DEU,SCG,841239
3731778,77,189,8807,1996,5417.0,0.0,1.69082,0.721312,FRA,SCG,841239
3731779,140,189,8807,1996,0.0,31004.0,0.316133,0.933068,MKD,SCG,841239
3731780,207,189,8807,1996,0.0,5353.0,1.409184,1.37245,SVN,SCG,841239
3731781,15,212,8807,1996,8846.0,0.0,1.9216669999999998,0.659388,AUT,SYR,841239
3731782,18,212,8807,1996,2285.0,0.0,1.549312,1.273767,BEL,SYR,841239
3731783,61,212,8807,1996,2172.0,0.0,2.279976,-2.572299,DEU,SYR,841239
3731784,111,212,8807,1996,36459.0,0.0,1.4674690000000001,1.263362,ITA,SYR,841239
3731785,14,249,8807,1996,18288.0,3114.0,0.369697,0.78069,AUS,TWN,841239
3731786,15,249,8807,1996,7737.0,0.0,1.9216669999999998,0.659388,AUT,TWN,841239
3731787,42,249,8807,1996,0.0,2233.0,-0.052811000000000004,-0.169464,CHL,TWN,841239
3731788,43,249,8807,1996,27680.0,240545.0,0.404422,3.061344,CHN,TWN,841239
3731789,59,249,8807,1996,0.0,4411.0,1.401181,1.3094709999999998,CZE,TWN,841239
3731790,61,249,8807,1996,29676.0,1670.0,2.279976,-2.572299,DEU,TWN,841239
3731791,71,249,8807,1996,3405.0,0.0,1.105317,1.9473,ESP,TWN,841239
3731792,81,249,8807,1996,404858.0,1923.0,1.850284,0.883084,GBR,TWN,841239
3731793,97,249,8807,1996,18186.0,19463.0,0.54364,2.727659,HKG,TWN,841239
3731794,114,249,8807,1996,605641.0,8608.0,2.615364,0.5656939999999999,JPN,TWN,841239
3731795,153,249,8807,1996,6799.0,237939.0,0.351774,0.347262,MYS,TWN,841239
3731796,162,249,8807,1996,106356.0,0.0,1.256625,1.803132,NLD,TWN,841239
3731797,163,249,8807,1996,5708.0,0.0,1.204869,0.303062,NOR,TWN,841239
3731798,174,249,8807,1996,0.0,45807.0,-0.276548,0.344986,PHL,TWN,841239
3731799,192,249,8807,1996,114862.0,0.0,0.8354299999999999,0.41169799999999995,SGP,TWN,841239
3731800,216,249,8807,1996,0.0,3981.0,0.10120599999999999,1.351967,THA,TWN,841239
3731801,231,249,8807,1996,137885.0,1207.0,1.7110560000000001,1.125141,USA,TWN,841239
3731802,14,250,8807,1996,0.0,4221.0,0.369697,0.78069,AUS,ANS,841239
3731803,32,250,8807,1996,0.0,415.0,0.699658,1.271724,BRA,ANS,841239
3731804,39,250,8807,1996,0.0,26020.0,1.155706,1.1127049999999998,CAN,ANS,841239
3731805,59,250,8807,1996,0.0,36639.0,1.401181,1.3094709999999998,CZE,ANS,841239
3731806,71,250,8807,1996,7887.0,0.0,1.105317,1.9473,ESP,ANS,841239
3731807,77,250,8807,1996,0.0,63738.0,1.69082,0.721312,FRA,ANS,841239
3731808,102,250,8807,1996,24000.0,0.0,0.790036,1.891534,HUN,ANS,841239
3731809,110,250,8807,1996,0.0,40927.0,1.054975,1.072965,ISR,ANS,841239
3731810,121,250,8807,1996,0.0,3358.0,0.8946940000000001,1.240424,KOR,ANS,841239
3731811,177,250,8807,1996,39512.0,171207.0,0.795489,1.9004729999999999,POL,ANS,841239
3731812,208,250,8807,1996,1617.0,0.0,2.133781,0.9099889999999999,SWE,ANS,841239
3731813,224,250,8807,1996,0.0,1236.0,0.156866,1.554023,TUR,ANS,841239
3731814,246,250,8807,1996,0.0,4110.0,0.456593,1.150786,ZAF,ANS,841239
3731815,186,54,8807,1996,2938.0,0.0,0.900185,0.47723000000000004,RUS,CUB,841239
3731816,77,141,8807,1996,1203.0,0.0,1.69082,0.721312,FRA,MLI,841239
3731817,39,168,8807,1996,2749.0,0.0,1.155706,1.1127049999999998,CAN,PAK,841239
3731818,61,168,8807,1996,3600.0,0.0,2.279976,-2.572299,DEU,PAK,841239
3731819,81,168,8807,1996,27914.0,0.0,1.850284,0.883084,GBR,PAK,841239
3731820,114,168,8807,1996,5936.0,0.0,2.615364,0.5656939999999999,JPN,PAK,841239
3731821,15,239,8807,1996,3384.0,0.0,1.9216669999999998,0.659388,AUT,VNM,841239
3731822,77,239,8807,1996,1955.0,0.0,1.69082,0.721312,FRA,VNM,841239
3731823,111,239,8807,1996,10372.0,0.0,1.4674690000000001,1.263362,ITA,VNM,841239
3731824,114,239,8807,1996,6463.0,0.0,2.615364,0.5656939999999999,JPN,VNM,841239
3731825,121,239,8807,1996,4946.0,0.0,0.8946940000000001,1.240424,KOR,VNM,841239
3731826,153,239,8807,1996,4986.0,0.0,0.351774,0.347262,MYS,VNM,841239
3731827,8,31,8807,1996,2747.0,0.0,0.167081,0.433612,ARG,BOL,841239
3731828,32,31,8807,1996,1245.0,0.0,0.699658,1.271724,BRA,BOL,841239
3731829,231,31,8807,1996,10709.0,0.0,1.7110560000000001,1.125141,USA,BOL,841239
3731830,138,197,8807,1996,3154.0,0.0,0.651949,0.9132170000000001,MEX,SLV,841239
3731831,231,197,8807,1996,2608.0,0.0,1.7110560000000001,1.125141,USA,SLV,841239
3731832,14,227,8807,1996,1225.0,0.0,0.369697,0.78069,AUS,UGA,841239
3731833,114,234,8807,1996,4782.0,0.0,2.615364,0.5656939999999999,JPN,VCT,841239
3731834,32,85,8807,1996,1921.0,0.0,0.699658,1.271724,BRA,GIN,841239
3731835,111,85,8807,1996,4448.0,0.0,1.4674690000000001,1.263362,ITA,GIN,841239
3731836,61,109,8807,1996,3738.0,0.0,2.279976,-2.572299,DEU,ISL,841239
3731837,64,109,8807,1996,2415.0,0.0,1.443514,1.275684,DNK,ISL,841239
3731838,81,109,8807,1996,8666.0,0.0,1.850284,0.883084,GBR,ISL,841239
3731839,111,109,8807,1996,31233.0,0.0,1.4674690000000001,1.263362,ITA,ISL,841239
3731840,162,109,8807,1996,848.0,0.0,1.256625,1.803132,NLD,ISL,841239
3731841,163,109,8807,1996,1940.0,0.0,1.204869,0.303062,NOR,ISL,841239
3731842,208,109,8807,1996,1889.0,0.0,2.133781,0.9099889999999999,SWE,ISL,841239
3731843,231,109,8807,1996,3175.0,0.0,1.7110560000000001,1.125141,USA,ISL,841239
3731844,246,151,8807,1996,4380.0,0.0,0.456593,1.150786,ZAF,MUS,841239
3731845,246,152,8807,1996,4341.0,0.0,0.456593,1.150786,ZAF,MWI,841239
3731846,15,159,8807,1996,1425.0,0.0,1.9216669999999998,0.659388,AUT,NGA,841239
3731847,39,159,8807,1996,0.0,12708.0,1.155706,1.1127049999999998,CAN,NGA,841239
3731848,81,159,8807,1996,17577.0,0.0,1.850284,0.883084,GBR,NGA,841239
3731849,223,159,8807,1996,671.0,0.0,-0.28546,-0.089051,TUN,NGA,841239
3731850,231,159,8807,1996,3821.0,0.0,1.7110560000000001,1.125141,USA,NGA,841239
3731851,81,187,8807,1996,2199.0,0.0,1.850284,0.883084,GBR,RWA,841239
3731852,7,226,8807,1996,2776.0,0.0,-0.245358,-0.726695,ARE,TZA,841239
3731853,81,226,8807,1996,2732.0,0.0,1.850284,0.883084,GBR,TZA,841239
3731854,246,226,8807,1996,4236.0,0.0,0.456593,1.150786,ZAF,TZA,841239
3731855,32,2,8807,1996,1152.0,0.0,0.699658,1.271724,BRA,AGO,841239
3731856,179,2,8807,1996,1239.0,0.0,0.39343,1.170144,PRT,AGO,841239
3731857,111,4,8807,1996,3420.0,0.0,1.4674690000000001,1.263362,ITA,ALB,841239
3731858,14,7,8807,1996,16189.0,0.0,0.369697,0.78069,AUS,ARE,841239
3731859,61,7,8807,1996,22917.0,0.0,2.279976,-2.572299,DEU,ARE,841239
3731860,81,7,8807,1996,137134.0,0.0,1.850284,0.883084,GBR,ARE,841239
3731861,111,7,8807,1996,30011.0,0.0,1.4674690000000001,1.263362,ITA,ARE,841239
3731862,114,7,8807,1996,9794.0,0.0,2.615364,0.5656939999999999,JPN,ARE,841239
3731863,162,7,8807,1996,5575.0,0.0,1.256625,1.803132,NLD,ARE,841239
3731864,188,7,8807,1996,15014.0,0.0,0.215265,-0.8577309999999999,SAU,ARE,841239
3731865,208,7,8807,1996,5243.0,0.0,2.133781,0.9099889999999999,SWE,ARE,841239
3731866,226,7,8807,1996,0.0,2776.0,-1.391534,-0.907436,TZA,ARE,841239
3731867,114,13,8807,1996,7615.0,0.0,2.615364,0.5656939999999999,JPN,ATG,841239
3731868,97,24,8807,1996,2763.0,0.0,0.54364,2.727659,HKG,BHR,841239
3731869,114,25,8807,1996,7276.0,0.0,2.615364,0.5656939999999999,JPN,BHS,841239
3731870,100,26,8807,1996,3661.0,0.0,0.772706,1.1075270000000002,HRV,BIH,841239
3731871,207,26,8807,1996,3353.0,0.0,1.409184,1.37245,SVN,BIH,841239
3731872,61,28,8807,1996,2822.0,0.0,2.279976,-2.572299,DEU,BLR,841239
3731873,177,28,8807,1996,99392.0,0.0,0.795489,1.9004729999999999,POL,BLR,841239
3731874,228,28,8807,1996,101095.0,0.0,0.896537,0.9241459999999999,UKR,BLR,841239
3731875,192,34,8807,1996,11813.0,0.0,0.8354299999999999,0.41169799999999995,SGP,BRN,841239
3731876,18,46,8807,1996,1379.0,0.0,1.549312,1.273767,BEL,COD,841239
3731877,77,47,8807,1996,2726.0,0.0,1.69082,0.721312,FRA,COG,841239
3731878,188,69,8807,1996,2565.0,0.0,0.215265,-0.8577309999999999,SAU,ERI,841239
3731879,228,115,8807,1996,5923.0,0.0,0.896537,0.9241459999999999,UKR,KAZ,841239
3731880,15,116,8807,1996,4704.0,0.0,1.9216669999999998,0.659388,AUT,KEN,841239
3731881,81,116,8807,1996,24616.0,0.0,1.850284,0.883084,GBR,KEN,841239
3731882,246,116,8807,1996,16385.0,0.0,0.456593,1.150786,ZAF,KEN,841239
3731883,61,122,8807,1996,0.0,3599.0,2.279976,-2.572299,DEU,KWT,841239
3731884,114,122,8807,1996,7103.0,0.0,2.615364,0.5656939999999999,JPN,KWT,841239
3731885,162,122,8807,1996,2884.0,0.0,1.256625,1.803132,NLD,KWT,841239
3731886,231,122,8807,1996,5396.0,0.0,1.7110560000000001,1.125141,USA,KWT,841239
3731887,114,125,8807,1996,82246.0,0.0,2.615364,0.5656939999999999,JPN,LBR,841239
3731888,81,126,8807,1996,6078.0,0.0,1.850284,0.883084,GBR,LBY,841239
3731889,246,147,8807,1996,10560.0,0.0,0.456593,1.150786,ZAF,MOZ,841239
3731890,61,183,8807,1996,25309.0,0.0,2.279976,-2.572299,DEU,QAT,841239
3731891,114,183,8807,1996,12963.0,0.0,2.615364,0.5656939999999999,JPN,QAT,841239
3731892,61,232,8807,1996,10772.0,0.0,2.279976,-2.572299,DEU,UZB,841239
3731893,186,232,8807,1996,5822.0,0.0,0.900185,0.47723000000000004,RUS,UZB,841239
3731894,114,240,8807,1996,3955.0,0.0,2.615364,0.5656939999999999,JPN,VUT,841239
3731895,15,243,8807,1996,6964.0,0.0,1.9216669999999998,0.659388,AUT,YEM,841239
3731896,81,243,8807,1996,4870.0,0.0,1.850284,0.883084,GBR,YEM,841239
3731897,81,248,8807,1996,23455.0,0.0,1.850284,0.883084,GBR,ZWE,841239
3731898,246,248,8807,1996,4891.0,4326.0,0.456593,1.150786,ZAF,ZWE,841239
3731899,61,1,8807,1996,8246.0,0.0,2.279976,-2.572299,DEU,AFG,841239
3731900,114,30,8807,1996,2573.0,0.0,2.615364,0.5656939999999999,JPN,BMU,841239
3731901,14,75,8807,1996,2114.0,0.0,0.369697,0.78069,AUS,FJI,841239
3731902,61,78,8807,1996,632.0,0.0,2.279976,-2.572299,DEU,FRO,841239
3731903,192,118,8807,1996,4310.0,0.0,0.8354299999999999,0.41169799999999995,SGP,KHM,841239
3731904,216,123,8807,1996,2138.0,0.0,0.10120599999999999,1.351967,THA,LAO,841239
3731905,114,139,8807,1996,4279.0,0.0,2.615364,0.5656939999999999,JPN,MHL,841239
3731906,111,156,8807,1996,2657.0,0.0,1.4674690000000001,1.263362,ITA,NCL,841239
3731907,14,176,8807,1996,47524.0,0.0,0.369697,0.78069,AUS,PNG,841239
3731908,64,182,8807,1996,840.0,0.0,1.443514,1.275684,DNK,PYF,841239
3731909,77,182,8807,1996,1416.0,0.0,1.69082,0.721312,FRA,PYF,841239
3731910,8,15,8813,1996,0.0,53179.0,0.167081,0.433612,ARG,AUT,841330
3731911,14,15,8813,1996,1929.0,6839.0,0.369697,0.78069,AUS,AUT,841330
3731912,18,15,8813,1996,609810.0,363973.0,1.549312,1.273767,BEL,AUT,841330
3731913,23,15,8813,1996,0.0,20121.0,0.544265,1.523408,BGR,AUT,841330
3731914,24,15,8813,1996,0.0,1617.0,-0.062207000000000005,-0.840398,BHR,AUT,841330
3731915,26,15,8813,1996,0.0,18497.0,0.679466,0.730425,BIH,AUT,841330
3731916,32,15,8813,1996,12963.0,133517.0,0.699658,1.271724,BRA,AUT,841330
3731917,39,15,8813,1996,4470.0,45341.0,1.155706,1.1127049999999998,CAN,AUT,841330
3731918,41,15,8813,1996,104847.0,483889.0,2.246238,0.603288,CHE,AUT,841330
3731919,42,15,8813,1996,0.0,3689.0,-0.052811000000000004,-0.169464,CHL,AUT,841330
3731920,43,15,8813,1996,2064.0,100092.0,0.404422,3.061344,CHN,AUT,841330
3731921,44,15,8813,1996,0.0,1048.0,-0.8720459999999999,-0.7904479999999999,CIV,AUT,841330
3731922,49,15,8813,1996,0.0,857.0,0.136487,0.078743,COL,AUT,841330
3731923,52,15,8813,1996,0.0,1007.0,-0.34219499999999997,0.12221900000000001,CRI,AUT,841330
3731924,58,15,8813,1996,0.0,10988.0,0.20007,0.020590999999999998,CYP,AUT,841330
3731925,59,15,8813,1996,41898.0,1401625.0,1.401181,1.3094709999999998,CZE,AUT,841330
3731926,61,15,8813,1996,56376588.0,49523412.0,2.279976,-2.572299,DEU,AUT,841330
3731927,64,15,8813,1996,77056.0,75280.0,1.443514,1.275684,DNK,AUT,841330
3731928,66,15,8813,1996,0.0,11921.0,-0.33419699999999997,-1.035736,DZA,AUT,841330
3731929,67,15,8813,1996,0.0,2052.0,-1.1391200000000001,-0.992735,ECU,AUT,841330
3731930,71,15,8813,1996,26275.0,127988.0,1.105317,1.9473,ESP,AUT,841330
3731931,74,15,8813,1996,5684.0,2785402.0,2.0584729999999998,1.006908,FIN,AUT,841330
3731932,77,15,8813,1996,853778.0,4525800.0,1.69082,0.721312,FRA,AUT,841330
3731933,81,15,8813,1996,588138.0,4096239.0,1.850284,0.883084,GBR,AUT,841330
3731934,90,15,8813,1996,0.0,1088.0,0.271386,1.042608,GRC,AUT,841330
3731935,97,15,8813,1996,0.0,17850.0,0.54364,2.727659,HKG,AUT,841330
3731936,100,15,8813,1996,0.0,121286.0,0.772706,1.1075270000000002,HRV,AUT,841330
3731937,102,15,8813,1996,21981.0,6734095.0,0.790036,1.891534,HUN,AUT,841330
3731938,104,15,8813,1996,63781.0,29797.0,0.20685599999999998,2.317622,IND,AUT,841330
3731939,106,15,8813,1996,29695.0,5588.0,1.386011,0.9232100000000001,IRL,AUT,841330
3731940,107,15,8813,1996,1539.0,0.0,-0.7496649999999999,-1.1173520000000001,IRN,AUT,841330
3731941,109,15,8813,1996,0.0,2549.0,0.003558,-0.551796,ISL,AUT,841330
3731942,111,15,8813,1996,2502778.0,2056030.0,1.4674690000000001,1.263362,ITA,AUT,841330
3731943,112,15,8813,1996,0.0,697.0,-0.6344350000000001,-0.814916,JAM,AUT,841330
3731944,114,15,8813,1996,328629.0,55206.0,2.615364,0.5656939999999999,JPN,AUT,841330
3731945,121,15,8813,1996,6566.0,7049.0,0.8946940000000001,1.240424,KOR,AUT,841330
3731946,124,15,8813,1996,0.0,6612.0,-0.051973,0.002154,LBN,AUT,841330
3731947,126,15,8813,1996,0.0,134856.0,-0.588489,-1.138552,LBY,AUT,841330
3731948,130,15,8813,1996,0.0,678.0,0.40520500000000004,0.9465950000000001,LTU,AUT,841330
3731949,134,15,8813,1996,0.0,2036.0,-0.67314,-0.241242,MAR,AUT,841330
3731950,136,15,8813,1996,0.0,1566.0,-1.213619,-0.606686,MDG,AUT,841330
3731951,138,15,8813,1996,0.0,7631.0,0.651949,0.9132170000000001,MEX,AUT,841330
3731952,140,15,8813,1996,0.0,1756.0,0.316133,0.933068,MKD,AUT,841330
3731953,142,15,8813,1996,0.0,1873.0,0.8825440000000001,0.066541,MLT,AUT,841330
3731954,159,15,8813,1996,0.0,21754.0,-1.813359,-1.1967,NGA,AUT,841330
3731955,162,15,8813,1996,530924.0,1146284.0,1.256625,1.803132,NLD,AUT,841330
3731956,163,15,8813,1996,15140.0,3352.0,1.204869,0.303062,NOR,AUT,841330
3731957,166,15,8813,1996,1859.0,0.0,0.49466099999999996,0.8302879999999999,NZL,AUT,841330
3731958,173,15,8813,1996,0.0,507.0,-0.43761000000000005,-0.28077399999999997,PER,AUT,841330
3731959,177,15,8813,1996,11254.0,17188.0,0.795489,1.9004729999999999,POL,AUT,841330
3731960,182,15,8813,1996,0.0,4560.0,0.845308,-0.31763,PYF,AUT,841330
3731961,185,15,8813,1996,70887.0,47559.0,0.612035,0.880964,ROU,AUT,841330
3731962,186,15,8813,1996,7445.0,116830.0,0.900185,0.47723000000000004,RUS,AUT,841330
3731963,188,15,8813,1996,0.0,5401.0,0.215265,-0.8577309999999999,SAU,AUT,841330
3731964,189,15,8813,1996,0.0,36099.0,0.786293,2.20126,SCG,AUT,841330
3731965,192,15,8813,1996,0.0,7968.0,0.8354299999999999,0.41169799999999995,SGP,AUT,841330
3731966,206,15,8813,1996,4799.0,144363.0,1.189398,1.29167,SVK,AUT,841330
3731967,207,15,8813,1996,14057.0,181597.0,1.409184,1.37245,SVN,AUT,841330
3731968,208,15,8813,1996,281218.0,615642.0,2.133781,0.9099889999999999,SWE,AUT,841330
3731969,216,15,8813,1996,0.0,23382.0,0.10120599999999999,1.351967,THA,AUT,841330
3731970,219,15,8813,1996,0.0,5559.0,-0.756087,-1.160548,TKM,AUT,841330
3731971,223,15,8813,1996,0.0,864.0,-0.28546,-0.089051,TUN,AUT,841330
3731972,224,15,8813,1996,16026.0,10451.0,0.156866,1.554023,TUR,AUT,841330
3731973,227,15,8813,1996,0.0,538.0,-0.931124,-0.925523,UGA,AUT,841330
3731974,228,15,8813,1996,0.0,2995.0,0.896537,0.9241459999999999,UKR,AUT,841330
3731975,231,15,8813,1996,10832830.0,7392388.0,1.7110560000000001,1.125141,USA,AUT,841330
3731976,232,15,8813,1996,0.0,145708.0,-0.17393499999999998,-0.727476,UZB,AUT,841330
3731977,236,15,8813,1996,0.0,12433.0,0.07086100000000001,-0.761307,VEN,AUT,841330
3731978,246,15,8813,1996,0.0,8493.0,0.456593,1.150786,ZAF,AUT,841330
3731979,248,15,8813,1996,0.0,4673.0,-0.393769,-0.34379,ZWE,AUT,841330
3731980,249,15,8813,1996,0.0,2991.0,1.432225,1.675389,TWN,AUT,841330
3731981,250,15,8813,1996,0.0,2085.0,1.084978,0.901755,ANS,AUT,841330
3731982,2,18,8813,1996,0.0,2554.0,-2.3109900000000003,-1.172849,AGO,BEL,841330
3731983,4,18,8813,1996,0.0,761.0,-0.309992,-0.039541,ALB,BEL,841330
3731984,7,18,8813,1996,0.0,57420.0,-0.245358,-0.726695,ARE,BEL,841330
3731985,8,18,8813,1996,8651.0,4184.0,0.167081,0.433612,ARG,BEL,841330
3731986,14,18,8813,1996,12132.0,336223.0,0.369697,0.78069,AUS,BEL,841330
3731987,15,18,8813,1996,363973.0,609810.0,1.9216669999999998,0.659388,AUT,BEL,841330
3731988,17,18,8813,1996,0.0,8574.0,-0.955951,-0.8721180000000001,BDI,BEL,841330
3731989,21,18,8813,1996,0.0,4835.0,-0.680996,-0.863442,BFA,BEL,841330
3731990,23,18,8813,1996,0.0,8556.0,0.544265,1.523408,BGR,BEL,841330
3731991,24,18,8813,1996,0.0,1632.0,-0.062207000000000005,-0.840398,BHR,BEL,841330
3731992,28,18,8813,1996,0.0,7196.0,0.7285550000000001,0.660716,BLR,BEL,841330
3731993,31,18,8813,1996,0.0,871.0,-0.589432,-0.7781,BOL,BEL,841330
3731994,32,18,8813,1996,9978.0,103879.0,0.699658,1.271724,BRA,BEL,841330
3731995,39,18,8813,1996,548925.0,16823.0,1.155706,1.1127049999999998,CAN,BEL,841330
3731996,41,18,8813,1996,21080.0,30484.0,2.246238,0.603288,CHE,BEL,841330
3731997,42,18,8813,1996,0.0,13707.0,-0.052811000000000004,-0.169464,CHL,BEL,841330
3731998,43,18,8813,1996,26297.0,8380.0,0.404422,3.061344,CHN,BEL,841330
3731999,44,18,8813,1996,0.0,37913.0,-0.8720459999999999,-0.7904479999999999,CIV,BEL,841330
3732000,45,18,8813,1996,0.0,10902.0,-1.4036309999999999,-1.090633,CMR,BEL,841330
3732001,46,18,8813,1996,0.0,40697.0,-1.2167,-1.086508,COD,BEL,841330
3732002,52,18,8813,1996,0.0,1130.0,-0.34219499999999997,0.12221900000000001,CRI,BEL,841330
3732003,54,18,8813,1996,0.0,5429.0,-0.555246,-1.0420479999999999,CUB,BEL,841330
3732004,58,18,8813,1996,0.0,2184.0,0.20007,0.020590999999999998,CYP,BEL,841330
3732005,59,18,8813,1996,9503.0,3387.0,1.401181,1.3094709999999998,CZE,BEL,841330
3732006,61,18,8813,1996,13088637.0,3443019.0,2.279976,-2.572299,DEU,BEL,841330
3732007,64,18,8813,1996,23395.0,759283.0,1.443514,1.275684,DNK,BEL,841330
3732008,66,18,8813,1996,0.0,14814.0,-0.33419699999999997,-1.035736,DZA,BEL,841330
3732009,67,18,8813,1996,0.0,2378.0,-1.1391200000000001,-0.992735,ECU,BEL,841330
3732010,68,18,8813,1996,0.0,48069.0,-0.5446409999999999,-0.229586,EGY,BEL,841330
3732011,71,18,8813,1996,562274.0,1205894.0,1.105317,1.9473,ESP,BEL,841330
3732012,73,18,8813,1996,0.0,23088.0,-1.265383,-1.131925,ETH,BEL,841330
3732013,74,18,8813,1996,5156.0,592970.0,2.0584729999999998,1.006908,FIN,BEL,841330
3732014,77,18,8813,1996,4175733.0,3997508.0,1.69082,0.721312,FRA,BEL,841330
3732015,80,18,8813,1996,0.0,17201.0,-1.693615,-1.174433,GAB,BEL,841330
3732016,81,18,8813,1996,8348488.0,3050728.0,1.850284,0.883084,GBR,BEL,841330
3732017,85,18,8813,1996,0.0,1805.0,-1.2641930000000001,-1.1317409999999999,GIN,BEL,841330
3732018,88,18,8813,1996,0.0,3385.0,-1.853188,-0.8371649999999999,GNB,BEL,841330
3732019,90,18,8813,1996,0.0,139591.0,0.271386,1.042608,GRC,BEL,841330
3732020,92,18,8813,1996,0.0,176.0,-0.8826879999999999,-0.777868,GRL,BEL,841330
3732021,97,18,8813,1996,0.0,73435.0,0.54364,2.727659,HKG,BEL,841330
3732022,100,18,8813,1996,0.0,3966.0,0.772706,1.1075270000000002,HRV,BEL,841330
3732023,102,18,8813,1996,0.0,2701.0,0.790036,1.891534,HUN,BEL,841330
3732024,103,18,8813,1996,0.0,41068.0,-0.43199899999999997,1.22074,IDN,BEL,841330
3732025,104,18,8813,1996,19508.0,7931.0,0.20685599999999998,2.317622,IND,BEL,841330
3732026,106,18,8813,1996,1696.0,195709.0,1.386011,0.9232100000000001,IRL,BEL,841330
3732027,107,18,8813,1996,0.0,68212.0,-0.7496649999999999,-1.1173520000000001,IRN,BEL,841330
3732028,109,18,8813,1996,0.0,7036.0,0.003558,-0.551796,ISL,BEL,841330
3732029,110,18,8813,1996,0.0,240996.0,1.054975,1.072965,ISR,BEL,841330
3732030,111,18,8813,1996,4256708.0,1675805.0,1.4674690000000001,1.263362,ITA,BEL,841330
3732031,113,18,8813,1996,0.0,6804.0,0.12203499999999999,-0.41859399999999997,JOR,BEL,841330
3732032,114,18,8813,1996,11549526.0,72204.0,2.615364,0.5656939999999999,JPN,BEL,841330
3732033,116,18,8813,1996,0.0,16558.0,-0.468322,-0.017625,KEN,BEL,841330
3732034,117,18,8813,1996,0.0,2867.0,0.350901,0.529512,KGZ,BEL,841330
3732035,121,18,8813,1996,27949.0,32076.0,0.8946940000000001,1.240424,KOR,BEL,841330
3732036,122,18,8813,1996,0.0,4173.0,-0.27174499999999996,-1.098243,KWT,BEL,841330
3732037,123,18,8813,1996,0.0,8731.0,-0.751092,-0.8680209999999999,LAO,BEL,841330
3732038,124,18,8813,1996,0.0,3383.0,-0.051973,0.002154,LBN,BEL,841330
3732039,126,18,8813,1996,0.0,9814.0,-0.588489,-1.138552,LBY,BEL,841330
3732040,130,18,8813,1996,0.0,2368.0,0.40520500000000004,0.9465950000000001,LTU,BEL,841330
3732041,132,18,8813,1996,0.0,2467.0,0.33418600000000004,0.1615,LVA,BEL,841330
3732042,134,18,8813,1996,1274.0,53212.0,-0.67314,-0.241242,MAR,BEL,841330
3732043,136,18,8813,1996,0.0,1591.0,-1.213619,-0.606686,MDG,BEL,841330
3732044,138,18,8813,1996,1703.0,48523.0,0.651949,0.9132170000000001,MEX,BEL,841330
3732045,140,18,8813,1996,0.0,11858.0,0.316133,0.933068,MKD,BEL,841330
3732046,141,18,8813,1996,0.0,1593.0,-0.987858,-0.9677040000000001,MLI,BEL,841330
3732047,147,18,8813,1996,0.0,2080.0,-1.331264,-1.1260270000000001,MOZ,BEL,841330
3732048,148,18,8813,1996,0.0,2271.0,-1.352902,-1.19204,MRT,BEL,841330
3732049,153,18,8813,1996,0.0,4941.0,0.351774,0.347262,MYS,BEL,841330
3732050,159,18,8813,1996,0.0,16435.0,-1.813359,-1.1967,NGA,BEL,841330
3732051,162,18,8813,1996,2127894.0,2863402.0,1.256625,1.803132,NLD,BEL,841330
3732052,163,18,8813,1996,4105.0,153353.0,1.204869,0.303062,NOR,BEL,841330
3732053,167,18,8813,1996,3854.0,19337.0,-0.10243499999999998,-0.8425879999999999,OMN,BEL,841330
3732054,168,18,8813,1996,0.0,12177.0,-0.7543300000000001,-0.393654,PAK,BEL,841330
3732055,173,18,8813,1996,0.0,73754.0,-0.43761000000000005,-0.28077399999999997,PER,BEL,841330
3732056,174,18,8813,1996,0.0,12661.0,-0.276548,0.344986,PHL,BEL,841330
3732057,177,18,8813,1996,0.0,109464.0,0.795489,1.9004729999999999,POL,BEL,841330
3732058,179,18,8813,1996,6723.0,495380.0,0.39343,1.170144,PRT,BEL,841330
3732059,180,18,8813,1996,0.0,1377.0,-0.506178,-0.712851,PRY,BEL,841330
3732060,182,18,8813,1996,0.0,893.0,0.845308,-0.31763,PYF,BEL,841330
3732061,183,18,8813,1996,0.0,6412.0,-0.48203500000000005,-1.117173,QAT,BEL,841330
3732062,185,18,8813,1996,0.0,164043.0,0.612035,0.880964,ROU,BEL,841330
3732063,186,18,8813,1996,0.0,72873.0,0.900185,0.47723000000000004,RUS,BEL,841330
3732064,187,18,8813,1996,0.0,9671.0,0.07343,-0.520246,RWA,BEL,841330
3732065,188,18,8813,1996,0.0,46310.0,0.215265,-0.8577309999999999,SAU,BEL,841330
3732066,189,18,8813,1996,0.0,42026.0,0.786293,2.20126,SCG,BEL,841330
3732067,191,18,8813,1996,0.0,15490.0,-0.619785,-0.712171,SEN,BEL,841330
3732068,192,18,8813,1996,936.0,198546.0,0.8354299999999999,0.41169799999999995,SGP,BEL,841330
3732069,206,18,8813,1996,2281.0,0.0,1.189398,1.29167,SVK,BEL,841330
3732070,207,18,8813,1996,0.0,9373.0,1.409184,1.37245,SVN,BEL,841330
3732071,208,18,8813,1996,5640664.0,1496788.0,2.133781,0.9099889999999999,SWE,BEL,841330
3732072,211,18,8813,1996,0.0,992.0,0.239125,-0.458433,SYC,BEL,841330
3732073,212,18,8813,1996,0.0,34038.0,-1.100666,-0.90038,SYR,BEL,841330
3732074,215,18,8813,1996,0.0,920.0,-0.9070459999999999,-0.7702399999999999,TGO,BEL,841330
3732075,216,18,8813,1996,25551.0,7115.0,0.10120599999999999,1.351967,THA,BEL,841330
3732076,217,18,8813,1996,0.0,21649.0,-0.035623,-0.723275,TJK,BEL,841330
3732077,223,18,8813,1996,0.0,147407.0,-0.28546,-0.089051,TUN,BEL,841330
3732078,224,18,8813,1996,8051.0,62690.0,0.156866,1.554023,TUR,BEL,841330
3732079,226,18,8813,1996,0.0,1627.0,-1.391534,-0.907436,TZA,BEL,841330
3732080,227,18,8813,1996,0.0,6513.0,-0.931124,-0.925523,UGA,BEL,841330
3732081,228,18,8813,1996,0.0,24541.0,0.896537,0.9241459999999999,UKR,BEL,841330
3732082,231,18,8813,1996,2427731.0,383117.0,1.7110560000000001,1.125141,USA,BEL,841330
3732083,236,18,8813,1996,0.0,1584.0,0.07086100000000001,-0.761307,VEN,BEL,841330
3732084,243,18,8813,1996,0.0,10877.0,-1.304556,-1.200523,YEM,BEL,841330
3732085,246,18,8813,1996,49314.0,147704.0,0.456593,1.150786,ZAF,BEL,841330
3732086,247,18,8813,1996,0.0,2877.0,-0.340956,-0.714009,ZMB,BEL,841330
3732087,248,18,8813,1996,0.0,3952.0,-0.393769,-0.34379,ZWE,BEL,841330
3732088,249,18,8813,1996,53462.0,23911.0,1.432225,1.675389,TWN,BEL,841330
3732089,250,18,8813,1996,0.0,10389.0,1.084978,0.901755,ANS,BEL,841330
3732090,2,32,8813,1996,0.0,23802.0,-2.3109900000000003,-1.172849,AGO,BRA,841330
3732091,6,32,8813,1996,0.0,4084.0,0.29339,-0.572443,ANT,BRA,841330
3732092,7,32,8813,1996,0.0,41306.0,-0.245358,-0.726695,ARE,BRA,841330
3732093,8,32,8813,1996,3743057.0,18549150.0,0.167081,0.433612,ARG,BRA,841330
3732094,14,32,8813,1996,0.0,68596.0,0.369697,0.78069,AUS,BRA,841330
3732095,15,32,8813,1996,133517.0,12963.0,1.9216669999999998,0.659388,AUT,BRA,841330
3732096,18,32,8813,1996,103879.0,9978.0,1.549312,1.273767,BEL,BRA,841330
3732097,31,32,8813,1996,0.0,309974.0,-0.589432,-0.7781,BOL,BRA,841330
3732098,39,32,8813,1996,10408.0,16612.0,1.155706,1.1127049999999998,CAN,BRA,841330
3732099,41,32,8813,1996,68892.0,0.0,2.246238,0.603288,CHE,BRA,841330
3732100,42,32,8813,1996,0.0,673988.0,-0.052811000000000004,-0.169464,CHL,BRA,841330
3732101,43,32,8813,1996,2648.0,175446.0,0.404422,3.061344,CHN,BRA,841330
3732102,44,32,8813,1996,0.0,28259.0,-0.8720459999999999,-0.7904479999999999,CIV,BRA,841330
3732103,45,32,8813,1996,0.0,3903.0,-1.4036309999999999,-1.090633,CMR,BRA,841330
3732104,46,32,8813,1996,0.0,3705.0,-1.2167,-1.086508,COD,BRA,841330
3732105,49,32,8813,1996,0.0,277953.0,0.136487,0.078743,COL,BRA,841330
3732106,52,32,8813,1996,2154.0,27579.0,-0.34219499999999997,0.12221900000000001,CRI,BRA,841330
3732107,54,32,8813,1996,0.0,30342.0,-0.555246,-1.0420479999999999,CUB,BRA,841330
3732108,58,32,8813,1996,0.0,1681.0,0.20007,0.020590999999999998,CYP,BRA,841330
3732109,59,32,8813,1996,0.0,645.0,1.401181,1.3094709999999998,CZE,BRA,841330
3732110,61,32,8813,1996,8160826.0,41100992.0,2.279976,-2.572299,DEU,BRA,841330
3732111,64,32,8813,1996,37562.0,43917.0,1.443514,1.275684,DNK,BRA,841330
3732112,65,32,8813,1996,0.0,7693.0,-0.596093,-0.5602060000000001,DOM,BRA,841330
3732113,66,32,8813,1996,0.0,15324.0,-0.33419699999999997,-1.035736,DZA,BRA,841330
3732114,67,32,8813,1996,0.0,125733.0,-1.1391200000000001,-0.992735,ECU,BRA,841330
3732115,68,32,8813,1996,0.0,50844.0,-0.5446409999999999,-0.229586,EGY,BRA,841330
3732116,71,32,8813,1996,405107.0,7546.0,1.105317,1.9473,ESP,BRA,841330
3732117,73,32,8813,1996,0.0,2978.0,-1.265383,-1.131925,ETH,BRA,841330
3732118,74,32,8813,1996,34658.0,2191.0,2.0584729999999998,1.006908,FIN,BRA,841330
3732119,77,32,8813,1996,2967815.0,30358.0,1.69082,0.721312,FRA,BRA,841330
3732120,81,32,8813,1996,715960.0,5795042.0,1.850284,0.883084,GBR,BRA,841330
3732121,85,32,8813,1996,0.0,2025.0,-1.2641930000000001,-1.1317409999999999,GIN,BRA,841330
3732122,90,32,8813,1996,0.0,2719.0,0.271386,1.042608,GRC,BRA,841330
3732123,93,32,8813,1996,0.0,35375.0,-0.332901,0.23790300000000003,GTM,BRA,841330
3732124,96,32,8813,1996,0.0,3772.0,-0.567617,-0.766822,GUY,BRA,841330
3732125,97,32,8813,1996,2017.0,101349.0,0.54364,2.727659,HKG,BRA,841330
3732126,99,32,8813,1996,0.0,7158.0,-0.69357,-0.48721400000000004,HND,BRA,841330
3732127,100,32,8813,1996,0.0,4420.0,0.772706,1.1075270000000002,HRV,BRA,841330
3732128,102,32,8813,1996,405994.0,0.0,0.790036,1.891534,HUN,BRA,841330
3732129,103,32,8813,1996,0.0,34200.0,-0.43199899999999997,1.22074,IDN,BRA,841330
3732130,104,32,8813,1996,322619.0,897.0,0.20685599999999998,2.317622,IND,BRA,841330
3732131,106,32,8813,1996,186218.0,0.0,1.386011,0.9232100000000001,IRL,BRA,841330
3732132,107,32,8813,1996,0.0,423008.0,-0.7496649999999999,-1.1173520000000001,IRN,BRA,841330
3732133,109,32,8813,1996,0.0,345.0,0.003558,-0.551796,ISL,BRA,841330
3732134,110,32,8813,1996,0.0,33343.0,1.054975,1.072965,ISR,BRA,841330
3732135,111,32,8813,1996,1618469.0,31869.0,1.4674690000000001,1.263362,ITA,BRA,841330
3732136,112,32,8813,1996,0.0,3407.0,-0.6344350000000001,-0.814916,JAM,BRA,841330
3732137,113,32,8813,1996,0.0,7718.0,0.12203499999999999,-0.41859399999999997,JOR,BRA,841330
3732138,114,32,8813,1996,658558.0,5868.0,2.615364,0.5656939999999999,JPN,BRA,841330
3732139,121,32,8813,1996,38125.0,9099.0,0.8946940000000001,1.240424,KOR,BRA,841330
3732140,124,32,8813,1996,0.0,24605.0,-0.051973,0.002154,LBN,BRA,841330
3732141,134,32,8813,1996,0.0,17656.0,-0.67314,-0.241242,MAR,BRA,841330
3732142,136,32,8813,1996,0.0,1598.0,-1.213619,-0.606686,MDG,BRA,841330
3732143,138,32,8813,1996,1051701.0,358910.0,0.651949,0.9132170000000001,MEX,BRA,841330
3732144,147,32,8813,1996,0.0,3312.0,-1.331264,-1.1260270000000001,MOZ,BRA,841330
3732145,153,32,8813,1996,0.0,16519.0,0.351774,0.347262,MYS,BRA,841330
3732146,159,32,8813,1996,0.0,107819.0,-1.813359,-1.1967,NGA,BRA,841330
3732147,160,32,8813,1996,0.0,2147.0,-0.767799,-0.737816,NIC,BRA,841330
3732148,162,32,8813,1996,10217.0,4899.0,1.256625,1.803132,NLD,BRA,841330
3732149,163,32,8813,1996,20598.0,2637.0,1.204869,0.303062,NOR,BRA,841330
3732150,167,32,8813,1996,0.0,1845.0,-0.10243499999999998,-0.8425879999999999,OMN,BRA,841330
3732151,168,32,8813,1996,0.0,1825.0,-0.7543300000000001,-0.393654,PAK,BRA,841330
3732152,169,32,8813,1996,3516.0,5960.0,-0.100537,-0.374129,PAN,BRA,841330
3732153,173,32,8813,1996,20923.0,272476.0,-0.43761000000000005,-0.28077399999999997,PER,BRA,841330
3732154,174,32,8813,1996,0.0,862.0,-0.276548,0.344986,PHL,BRA,841330
3732155,179,32,8813,1996,0.0,6632.0,0.39343,1.170144,PRT,BRA,841330
3732156,180,32,8813,1996,0.0,639226.0,-0.506178,-0.712851,PRY,BRA,841330
3732157,183,32,8813,1996,0.0,11028.0,-0.48203500000000005,-1.117173,QAT,BRA,841330
3732158,186,32,8813,1996,2515.0,4396.0,0.900185,0.47723000000000004,RUS,BRA,841330
3732159,188,32,8813,1996,0.0,51242.0,0.215265,-0.8577309999999999,SAU,BRA,841330
3732160,191,32,8813,1996,0.0,3511.0,-0.619785,-0.712171,SEN,BRA,841330
3732161,192,32,8813,1996,0.0,98510.0,0.8354299999999999,0.41169799999999995,SGP,BRA,841330
3732162,197,32,8813,1996,0.0,8658.0,-0.24968800000000002,-0.121995,SLV,BRA,841330
3732163,205,32,8813,1996,0.0,5744.0,-0.93463,-0.797197,SUR,BRA,841330
3732164,208,32,8813,1996,79218.0,178081.0,2.133781,0.9099889999999999,SWE,BRA,841330
3732165,212,32,8813,1996,0.0,49622.0,-1.100666,-0.90038,SYR,BRA,841330
3732166,216,32,8813,1996,3006.0,1867.0,0.10120599999999999,1.351967,THA,BRA,841330
3732167,219,32,8813,1996,0.0,2774.0,-0.756087,-1.160548,TKM,BRA,841330
3732168,223,32,8813,1996,0.0,5394.0,-0.28546,-0.089051,TUN,BRA,841330
3732169,224,32,8813,1996,8804.0,920903.0,0.156866,1.554023,TUR,BRA,841330
3732170,226,32,8813,1996,0.0,851.0,-1.391534,-0.907436,TZA,BRA,841330
3732171,230,32,8813,1996,0.0,308568.0,0.171541,0.313934,URY,BRA,841330
3732172,231,32,8813,1996,3669084.0,103093200.0,1.7110560000000001,1.125141,USA,BRA,841330
3732173,236,32,8813,1996,0.0,510439.0,0.07086100000000001,-0.761307,VEN,BRA,841330
3732174,246,32,8813,1996,0.0,483830.0,0.456593,1.150786,ZAF,BRA,841330
3732175,249,32,8813,1996,67523.0,4888.0,1.432225,1.675389,TWN,BRA,841330
3732176,250,32,8813,1996,55748.0,2147.0,1.084978,0.901755,ANS,BRA,841330
3732177,7,43,8813,1996,0.0,25212.0,-0.245358,-0.726695,ARE,CHN,841330
3732178,8,43,8813,1996,0.0,4046.0,0.167081,0.433612,ARG,CHN,841330
3732179,14,43,8813,1996,44311.0,5359.0,0.369697,0.78069,AUS,CHN,841330
3732180,15,43,8813,1996,100092.0,2064.0,1.9216669999999998,0.659388,AUT,CHN,841330
3732181,18,43,8813,1996,8380.0,26297.0,1.549312,1.273767,BEL,CHN,841330
3732182,23,43,8813,1996,0.0,989.0,0.544265,1.523408,BGR,CHN,841330
3732183,32,43,8813,1996,175446.0,2648.0,0.699658,1.271724,BRA,CHN,841330
3732184,39,43,8813,1996,3736.0,37824.0,1.155706,1.1127049999999998,CAN,CHN,841330
3732185,41,43,8813,1996,124255.0,0.0,2.246238,0.603288,CHE,CHN,841330
3732186,42,43,8813,1996,0.0,3293.0,-0.052811000000000004,-0.169464,CHL,CHN,841330
3732187,44,43,8813,1996,0.0,1027.0,-0.8720459999999999,-0.7904479999999999,CIV,CHN,841330
3732188,49,43,8813,1996,0.0,11103.0,0.136487,0.078743,COL,CHN,841330
3732189,59,43,8813,1996,129290.0,0.0,1.401181,1.3094709999999998,CZE,CHN,841330
3732190,61,43,8813,1996,11764755.0,11068.0,2.279976,-2.572299,DEU,CHN,841330
3732191,64,43,8813,1996,11462.0,0.0,1.443514,1.275684,DNK,CHN,841330
3732192,66,43,8813,1996,0.0,14555.0,-0.33419699999999997,-1.035736,DZA,CHN,841330
3732193,68,43,8813,1996,0.0,2971.0,-0.5446409999999999,-0.229586,EGY,CHN,841330
3732194,71,43,8813,1996,17364.0,0.0,1.105317,1.9473,ESP,CHN,841330
3732195,74,43,8813,1996,1945.0,0.0,2.0584729999999998,1.006908,FIN,CHN,841330
3732196,77,43,8813,1996,380867.0,4694.0,1.69082,0.721312,FRA,CHN,841330
3732197,81,43,8813,1996,2689780.0,25329.0,1.850284,0.883084,GBR,CHN,841330
3732198,90,43,8813,1996,24030.0,37285.0,0.271386,1.042608,GRC,CHN,841330
3732199,93,43,8813,1996,0.0,812.0,-0.332901,0.23790300000000003,GTM,CHN,841330
3732200,97,43,8813,1996,535839.0,12196.0,0.54364,2.727659,HKG,CHN,841330
3732201,102,43,8813,1996,0.0,47049.0,0.790036,1.891534,HUN,CHN,841330
3732202,103,43,8813,1996,0.0,462634.0,-0.43199899999999997,1.22074,IDN,CHN,841330
3732203,106,43,8813,1996,1488.0,0.0,1.386011,0.9232100000000001,IRL,CHN,841330
3732204,111,43,8813,1996,577918.0,0.0,1.4674690000000001,1.263362,ITA,CHN,841330
3732205,114,43,8813,1996,20083502.0,31650.0,2.615364,0.5656939999999999,JPN,CHN,841330
3732206,121,43,8813,1996,134562.0,104776.0,0.8946940000000001,1.240424,KOR,CHN,841330
3732207,134,43,8813,1996,0.0,121845.0,-0.67314,-0.241242,MAR,CHN,841330
3732208,138,43,8813,1996,0.0,3505.0,0.651949,0.9132170000000001,MEX,CHN,841330
3732209,153,43,8813,1996,118907.0,163800.0,0.351774,0.347262,MYS,CHN,841330
3732210,159,43,8813,1996,0.0,77837.0,-1.813359,-1.1967,NGA,CHN,841330
3732211,162,43,8813,1996,25937.0,927.0,1.256625,1.803132,NLD,CHN,841330
3732212,163,43,8813,1996,17020.0,0.0,1.204869,0.303062,NOR,CHN,841330
3732213,173,43,8813,1996,0.0,11296.0,-0.43761000000000005,-0.28077399999999997,PER,CHN,841330
3732214,174,43,8813,1996,0.0,2185.0,-0.276548,0.344986,PHL,CHN,841330
3732215,177,43,8813,1996,2490.0,8946.0,0.795489,1.9004729999999999,POL,CHN,841330
3732216,185,43,8813,1996,24860.0,2201858.0,0.612035,0.880964,ROU,CHN,841330
3732217,186,43,8813,1996,220232.0,6329.0,0.900185,0.47723000000000004,RUS,CHN,841330
3732218,191,43,8813,1996,0.0,1515.0,-0.619785,-0.712171,SEN,CHN,841330
3732219,192,43,8813,1996,209180.0,207936.0,0.8354299999999999,0.41169799999999995,SGP,CHN,841330
3732220,206,43,8813,1996,0.0,603.0,1.189398,1.29167,SVK,CHN,841330
3732221,208,43,8813,1996,6894.0,11057.0,2.133781,0.9099889999999999,SWE,CHN,841330
3732222,216,43,8813,1996,0.0,57168.0,0.10120599999999999,1.351967,THA,CHN,841330
3732223,223,43,8813,1996,0.0,5428.0,-0.28546,-0.089051,TUN,CHN,841330
3732224,230,43,8813,1996,0.0,2103.0,0.171541,0.313934,URY,CHN,841330
3732225,231,43,8813,1996,609466.0,3808157.0,1.7110560000000001,1.125141,USA,CHN,841330
3732226,239,43,8813,1996,0.0,7052.0,-0.9336469999999999,-0.10985199999999999,VNM,CHN,841330
3732227,246,43,8813,1996,0.0,22735.0,0.456593,1.150786,ZAF,CHN,841330
3732228,249,43,8813,1996,1258652.0,2774.0,1.432225,1.675389,TWN,CHN,841330
3732229,8,49,8813,1996,401622.0,0.0,0.167081,0.433612,ARG,COL,841330
3732230,15,49,8813,1996,857.0,0.0,1.9216669999999998,0.659388,AUT,COL,841330
3732231,32,49,8813,1996,277953.0,0.0,0.699658,1.271724,BRA,COL,841330
3732232,39,49,8813,1996,20767.0,0.0,1.155706,1.1127049999999998,CAN,COL,841330
3732233,41,49,8813,1996,20812.0,0.0,2.246238,0.603288,CHE,COL,841330
3732234,43,49,8813,1996,11103.0,0.0,0.404422,3.061344,CHN,COL,841330
3732235,59,49,8813,1996,7628.0,0.0,1.401181,1.3094709999999998,CZE,COL,841330
3732236,61,49,8813,1996,58804.0,0.0,2.279976,-2.572299,DEU,COL,841330
3732237,64,49,8813,1996,1071.0,0.0,1.443514,1.275684,DNK,COL,841330
3732238,67,49,8813,1996,0.0,41551.0,-1.1391200000000001,-0.992735,ECU,COL,841330
3732239,71,49,8813,1996,503768.0,0.0,1.105317,1.9473,ESP,COL,841330
3732240,77,49,8813,1996,370703.0,0.0,1.69082,0.721312,FRA,COL,841330
3732241,81,49,8813,1996,25765.0,0.0,1.850284,0.883084,GBR,COL,841330
3732242,104,49,8813,1996,1458.0,0.0,0.20685599999999998,2.317622,IND,COL,841330
3732243,110,49,8813,1996,20287.0,0.0,1.054975,1.072965,ISR,COL,841330
3732244,111,49,8813,1996,79497.0,0.0,1.4674690000000001,1.263362,ITA,COL,841330
3732245,114,49,8813,1996,1737219.0,0.0,2.615364,0.5656939999999999,JPN,COL,841330
3732246,121,49,8813,1996,59752.0,0.0,0.8946940000000001,1.240424,KOR,COL,841330
3732247,138,49,8813,1996,45149.0,1839.0,0.651949,0.9132170000000001,MEX,COL,841330
3732248,162,49,8813,1996,19643.0,4642.0,1.256625,1.803132,NLD,COL,841330
3732249,169,49,8813,1996,1125.0,1001.0,-0.100537,-0.374129,PAN,COL,841330
3732250,173,49,8813,1996,0.0,5502.0,-0.43761000000000005,-0.28077399999999997,PER,COL,841330
3732251,177,49,8813,1996,40870.0,0.0,0.795489,1.9004729999999999,POL,COL,841330
3732252,178,49,8813,1996,3852.0,0.0,0.725014,1.20189,PRK,COL,841330
3732253,185,49,8813,1996,1680.0,0.0,0.612035,0.880964,ROU,COL,841330
3732254,186,49,8813,1996,14007.0,0.0,0.900185,0.47723000000000004,RUS,COL,841330
3732255,192,49,8813,1996,2692.0,0.0,0.8354299999999999,0.41169799999999995,SGP,COL,841330
3732256,197,49,8813,1996,7457.0,0.0,-0.24968800000000002,-0.121995,SLV,COL,841330
3732257,206,49,8813,1996,5194.0,0.0,1.189398,1.29167,SVK,COL,841330
3732258,208,49,8813,1996,80237.0,0.0,2.133781,0.9099889999999999,SWE,COL,841330
3732259,216,49,8813,1996,10083.0,0.0,0.10120599999999999,1.351967,THA,COL,841330
3732260,224,49,8813,1996,1520.0,0.0,0.156866,1.554023,TUR,COL,841330
3732261,231,49,8813,1996,1348027.0,57358.0,1.7110560000000001,1.125141,USA,COL,841330
3732262,236,49,8813,1996,21040.0,2578.0,0.07086100000000001,-0.761307,VEN,COL,841330
3732263,249,49,8813,1996,15364.0,0.0,1.432225,1.675389,TWN,COL,841330
3732264,250,49,8813,1996,484860.0,1743.0,1.084978,0.901755,ANS,COL,841330
3732265,15,52,8813,1996,1007.0,0.0,1.9216669999999998,0.659388,AUT,CRI,841330
3732266,18,52,8813,1996,1130.0,0.0,1.549312,1.273767,BEL,CRI,841330
3732267,32,52,8813,1996,27579.0,2154.0,0.699658,1.271724,BRA,CRI,841330
3732268,39,52,8813,1996,722.0,0.0,1.155706,1.1127049999999998,CAN,CRI,841330
3732269,61,52,8813,1996,72090.0,0.0,2.279976,-2.572299,DEU,CRI,841330
3732270,65,52,8813,1996,1627.0,0.0,-0.596093,-0.5602060000000001,DOM,CRI,841330
3732271,77,52,8813,1996,1948.0,0.0,1.69082,0.721312,FRA,CRI,841330
3732272,81,52,8813,1996,8799.0,0.0,1.850284,0.883084,GBR,CRI,841330
3732273,93,52,8813,1996,2652.0,0.0,-0.332901,0.23790300000000003,GTM,CRI,841330
3732274,111,52,8813,1996,28218.0,0.0,1.4674690000000001,1.263362,ITA,CRI,841330
3732275,114,52,8813,1996,271851.0,0.0,2.615364,0.5656939999999999,JPN,CRI,841330
3732276,121,52,8813,1996,65041.0,0.0,0.8946940000000001,1.240424,KOR,CRI,841330
3732277,138,52,8813,1996,4179.0,0.0,0.651949,0.9132170000000001,MEX,CRI,841330
3732278,162,52,8813,1996,746.0,0.0,1.256625,1.803132,NLD,CRI,841330
3732279,169,52,8813,1996,16649.0,0.0,-0.100537,-0.374129,PAN,CRI,841330
3732280,186,52,8813,1996,1817.0,0.0,0.900185,0.47723000000000004,RUS,CRI,841330
3732281,208,52,8813,1996,4066.0,0.0,2.133781,0.9099889999999999,SWE,CRI,841330
3732282,231,52,8813,1996,304059.0,0.0,1.7110560000000001,1.125141,USA,CRI,841330
3732283,236,52,8813,1996,1767.0,4777.0,0.07086100000000001,-0.761307,VEN,CRI,841330
3732284,249,52,8813,1996,26782.0,0.0,1.432225,1.675389,TWN,CRI,841330
3732285,250,52,8813,1996,1446.0,0.0,1.084978,0.901755,ANS,CRI,841330
3732286,0,61,8813,1996,0.0,2058.0,-0.681487,-0.70999,ABW,DEU,841330
3732287,2,61,8813,1996,0.0,36874.0,-2.3109900000000003,-1.172849,AGO,DEU,841330
3732288,4,61,8813,1996,0.0,2287.0,-0.309992,-0.039541,ALB,DEU,841330
3732289,5,61,8813,1996,0.0,4930.0,1.0490059999999999,0.6587189999999999,AND,DEU,841330
3732290,6,61,8813,1996,0.0,2799.0,0.29339,-0.572443,ANT,DEU,841330
3732291,7,61,8813,1996,25230.0,1788236.0,-0.245358,-0.726695,ARE,DEU,841330
3732292,8,61,8813,1996,5846.0,2287877.0,0.167081,0.433612,ARG,DEU,841330
3732293,14,61,8813,1996,892188.0,5178728.0,0.369697,0.78069,AUS,DEU,841330
3732294,15,61,8813,1996,49523412.0,56376588.0,1.9216669999999998,0.659388,AUT,DEU,841330
3732295,16,61,8813,1996,0.0,6201.0,0.500442,-0.280796,AZE,DEU,841330
3732296,17,61,8813,1996,0.0,1077.0,-0.955951,-0.8721180000000001,BDI,DEU,841330
3732297,18,61,8813,1996,3443019.0,13088637.0,1.549312,1.273767,BEL,DEU,841330
3732298,21,61,8813,1996,0.0,770.0,-0.680996,-0.863442,BFA,DEU,841330
3732299,22,61,8813,1996,0.0,3745.0,-1.060876,-1.05104,BGD,DEU,841330
3732300,23,61,8813,1996,3025.0,170445.0,0.544265,1.523408,BGR,DEU,841330
3732301,24,61,8813,1996,8057.0,194659.0,-0.062207000000000005,-0.840398,BHR,DEU,841330
3732302,26,61,8813,1996,327324.0,23061.0,0.679466,0.730425,BIH,DEU,841330
3732303,28,61,8813,1996,9244.0,50811.0,0.7285550000000001,0.660716,BLR,DEU,841330
3732304,31,61,8813,1996,0.0,5871.0,-0.589432,-0.7781,BOL,DEU,841330
3732305,32,61,8813,1996,41100992.0,8160826.0,0.699658,1.271724,BRA,DEU,841330
3732306,33,61,8813,1996,0.0,2114.0,0.9384979999999999,0.147479,BRB,DEU,841330
3732307,34,61,8813,1996,0.0,41409.0,-0.848331,-0.779511,BRN,DEU,841330
3732308,38,61,8813,1996,0.0,1563.0,-1.408316,-0.8695579999999999,CAF,DEU,841330
3732309,39,61,8813,1996,79744.0,1547315.0,1.155706,1.1127049999999998,CAN,DEU,841330
3732310,41,61,8813,1996,1618752.0,8121217.0,2.246238,0.603288,CHE,DEU,841330
3732311,42,61,8813,1996,1792.0,278046.0,-0.052811000000000004,-0.169464,CHL,DEU,841330
3732312,43,61,8813,1996,11068.0,11764755.0,0.404422,3.061344,CHN,DEU,841330
3732313,44,61,8813,1996,2752.0,146523.0,-0.8720459999999999,-0.7904479999999999,CIV,DEU,841330
3732314,45,61,8813,1996,2228.0,12246.0,-1.4036309999999999,-1.090633,CMR,DEU,841330
3732315,46,61,8813,1996,8097.0,15389.0,-1.2167,-1.086508,COD,DEU,841330
3732316,47,61,8813,1996,0.0,3467.0,-1.522142,-1.165936,COG,DEU,841330
3732317,49,61,8813,1996,0.0,58804.0,0.136487,0.078743,COL,DEU,841330
3732318,51,61,8813,1996,0.0,15759.0,0.247925,-0.512776,CPV,DEU,841330
3732319,52,61,8813,1996,0.0,72090.0,-0.34219499999999997,0.12221900000000001,CRI,DEU,841330
3732320,54,61,8813,1996,0.0,26099.0,-0.555246,-1.0420479999999999,CUB,DEU,841330
3732321,58,61,8813,1996,0.0,107922.0,0.20007,0.020590999999999998,CYP,DEU,841330
3732322,59,61,8813,1996,52976012.0,9071190.0,1.401181,1.3094709999999998,CZE,DEU,841330
3732323,62,61,8813,1996,0.0,26692.0,-0.20838099999999998,-0.668964,DJI,DEU,841330
3732324,64,61,8813,1996,1023270.0,4454989.0,1.443514,1.275684,DNK,DEU,841330
3732325,65,61,8813,1996,0.0,8271.0,-0.596093,-0.5602060000000001,DOM,DEU,841330
3732326,66,61,8813,1996,0.0,192096.0,-0.33419699999999997,-1.035736,DZA,DEU,841330
3732327,67,61,8813,1996,0.0,99343.0,-1.1391200000000001,-0.992735,ECU,DEU,841330
3732328,68,61,8813,1996,0.0,2027165.0,-0.5446409999999999,-0.229586,EGY,DEU,841330
3732329,69,61,8813,1996,0.0,11839.0,-0.31049499999999997,-0.656459,ERI,DEU,841330
3732330,71,61,8813,1996,3692992.0,118478560.0,1.105317,1.9473,ESP,DEU,841330
3732331,72,61,8813,1996,0.0,26189.0,0.53397,1.0877940000000001,EST,DEU,841330
3732332,73,61,8813,1996,0.0,38715.0,-1.265383,-1.131925,ETH,DEU,841330
3732333,74,61,8813,1996,154901.0,13531740.0,2.0584729999999998,1.006908,FIN,DEU,841330
3732334,77,61,8813,1996,74097864.0,414634880.0,1.69082,0.721312,FRA,DEU,841330
3732335,78,61,8813,1996,0.0,1258.0,-0.252693,-0.714691,FRO,DEU,841330
3732336,80,61,8813,1996,0.0,12955.0,-1.693615,-1.174433,GAB,DEU,841330
3732337,81,61,8813,1996,30476986.0,283624032.0,1.850284,0.883084,GBR,DEU,841330
3732338,82,61,8813,1996,0.0,4889.0,0.5383020000000001,0.167596,GEO,DEU,841330
3732339,83,61,8813,1996,6257.0,49725.0,-1.035244,-0.9834129999999999,GHA,DEU,841330
3732340,84,61,8813,1996,0.0,1345.0,0.932001,-0.20733400000000002,GIB,DEU,841330
3732341,87,61,8813,1996,0.0,1967.0,-1.028677,-0.8440540000000001,GMB,DEU,841330
3732342,90,61,8813,1996,16781.0,2692716.0,0.271386,1.042608,GRC,DEU,841330
3732343,92,61,8813,1996,0.0,730.0,-0.8826879999999999,-0.777868,GRL,DEU,841330
3732344,93,61,8813,1996,0.0,14349.0,-0.332901,0.23790300000000003,GTM,DEU,841330
3732345,97,61,8813,1996,4552.0,1770508.0,0.54364,2.727659,HKG,DEU,841330
3732346,99,61,8813,1996,0.0,9316.0,-0.69357,-0.48721400000000004,HND,DEU,841330
3732347,100,61,8813,1996,1369.0,83720.0,0.772706,1.1075270000000002,HRV,DEU,841330
3732348,101,61,8813,1996,0.0,16283.0,-0.865218,-0.723441,HTI,DEU,841330
3732349,102,61,8813,1996,349488.0,4675422.0,0.790036,1.891534,HUN,DEU,841330
3732350,103,61,8813,1996,0.0,416962.0,-0.43199899999999997,1.22074,IDN,DEU,841330
3732351,104,61,8813,1996,11163109.0,986414.0,0.20685599999999998,2.317622,IND,DEU,841330
3732352,106,61,8813,1996,6450.0,348707.0,1.386011,0.9232100000000001,IRL,DEU,841330
3732353,107,61,8813,1996,4187.0,267566.0,-0.7496649999999999,-1.1173520000000001,IRN,DEU,841330
3732354,109,61,8813,1996,15045.0,55043.0,0.003558,-0.551796,ISL,DEU,841330
3732355,110,61,8813,1996,2299.0,1190548.0,1.054975,1.072965,ISR,DEU,841330
3732356,111,61,8813,1996,17037528.0,227029584.0,1.4674690000000001,1.263362,ITA,DEU,841330
3732357,112,61,8813,1996,0.0,18522.0,-0.6344350000000001,-0.814916,JAM,DEU,841330
3732358,113,61,8813,1996,0.0,366016.0,0.12203499999999999,-0.41859399999999997,JOR,DEU,841330
3732359,114,61,8813,1996,7357318.0,4129478.0,2.615364,0.5656939999999999,JPN,DEU,841330
3732360,115,61,8813,1996,0.0,102122.0,0.48902799999999996,0.154932,KAZ,DEU,841330
3732361,116,61,8813,1996,0.0,74093.0,-0.468322,-0.017625,KEN,DEU,841330
3732362,117,61,8813,1996,0.0,8147.0,0.350901,0.529512,KGZ,DEU,841330
3732363,118,61,8813,1996,0.0,2028.0,-1.110741,-1.089434,KHM,DEU,841330
3732364,121,61,8813,1996,988952.0,44977384.0,0.8946940000000001,1.240424,KOR,DEU,841330
3732365,122,61,8813,1996,0.0,840275.0,-0.27174499999999996,-1.098243,KWT,DEU,841330
3732366,124,61,8813,1996,0.0,1640801.0,-0.051973,0.002154,LBN,DEU,841330
3732367,125,61,8813,1996,0.0,1513.0,-0.6975779999999999,-1.0896290000000002,LBR,DEU,841330
3732368,126,61,8813,1996,4340.0,133435.0,-0.588489,-1.138552,LBY,DEU,841330
3732369,127,61,8813,1996,0.0,11741.0,0.016224000000000002,-0.664312,LCA,DEU,841330
3732370,128,61,8813,1996,1707.0,108100.0,-0.812763,-0.188722,LKA,DEU,841330
3732371,130,61,8813,1996,3161.0,506922.0,0.40520500000000004,0.9465950000000001,LTU,DEU,841330
3732372,132,61,8813,1996,0.0,56192.0,0.33418600000000004,0.1615,LVA,DEU,841330
3732373,133,61,8813,1996,0.0,722.0,-0.23007399999999997,-0.34139400000000003,MAC,DEU,841330
3732374,134,61,8813,1996,4880.0,618884.0,-0.67314,-0.241242,MAR,DEU,841330
3732375,135,61,8813,1996,0.0,1261.0,0.198427,0.026004000000000003,MDA,DEU,841330
3732376,136,61,8813,1996,0.0,19986.0,-1.213619,-0.606686,MDG,DEU,841330
3732377,138,61,8813,1996,73863.0,4172156.0,0.651949,0.9132170000000001,MEX,DEU,841330
3732378,140,61,8813,1996,0.0,57005.0,0.316133,0.933068,MKD,DEU,841330
3732379,141,61,8813,1996,0.0,12401.0,-0.987858,-0.9677040000000001,MLI,DEU,841330
3732380,142,61,8813,1996,0.0,25137.0,0.8825440000000001,0.066541,MLT,DEU,841330
3732381,143,61,8813,1996,0.0,305437.0,-1.556357,-1.078395,MMR,DEU,841330
3732382,145,61,8813,1996,0.0,923.0,-0.18177000000000001,-0.8212280000000001,MNG,DEU,841330
3732383,147,61,8813,1996,0.0,11615.0,-1.331264,-1.1260270000000001,MOZ,DEU,841330
3732384,148,61,8813,1996,0.0,12833.0,-1.352902,-1.19204,MRT,DEU,841330
3732385,151,61,8813,1996,1831.0,31022.0,-0.538651,-0.746274,MUS,DEU,841330
3732386,153,61,8813,1996,11496.0,1709336.0,0.351774,0.347262,MYS,DEU,841330
3732387,156,61,8813,1996,0.0,12688.0,-0.951583,-0.785157,NCL,DEU,841330
3732388,157,61,8813,1996,0.0,34287.0,-0.594771,-0.643008,NER,DEU,841330
3732389,159,61,8813,1996,0.0,404323.0,-1.813359,-1.1967,NGA,DEU,841330
3732390,160,61,8813,1996,0.0,4905.0,-0.767799,-0.737816,NIC,DEU,841330
3732391,162,61,8813,1996,2932608.0,50985260.0,1.256625,1.803132,NLD,DEU,841330
3732392,163,61,8813,1996,42888.0,2055955.0,1.204869,0.303062,NOR,DEU,841330
3732393,166,61,8813,1996,0.0,100009.0,0.49466099999999996,0.8302879999999999,NZL,DEU,841330
3732394,167,61,8813,1996,16147.0,1066766.0,-0.10243499999999998,-0.8425879999999999,OMN,DEU,841330
3732395,168,61,8813,1996,0.0,77766.0,-0.7543300000000001,-0.393654,PAK,DEU,841330
3732396,169,61,8813,1996,0.0,111710.0,-0.100537,-0.374129,PAN,DEU,841330
3732397,173,61,8813,1996,3039.0,71194.0,-0.43761000000000005,-0.28077399999999997,PER,DEU,841330
3732398,174,61,8813,1996,2061.0,82737.0,-0.276548,0.344986,PHL,DEU,841330
3732399,176,61,8813,1996,0.0,18613.0,-2.120746,-1.2199879999999999,PNG,DEU,841330
3732400,177,61,8813,1996,527351.0,1366622.0,0.795489,1.9004729999999999,POL,DEU,841330
3732401,178,61,8813,1996,0.0,19820.0,0.725014,1.20189,PRK,DEU,841330
3732402,179,61,8813,1996,101746.0,933821.0,0.39343,1.170144,PRT,DEU,841330
3732403,180,61,8813,1996,0.0,63217.0,-0.506178,-0.712851,PRY,DEU,841330
3732404,182,61,8813,1996,2327.0,52125.0,0.845308,-0.31763,PYF,DEU,841330
3732405,183,61,8813,1996,0.0,156460.0,-0.48203500000000005,-1.117173,QAT,DEU,841330
3732406,185,61,8813,1996,19042.0,158004.0,0.612035,0.880964,ROU,DEU,841330
3732407,186,61,8813,1996,30849.0,796274.0,0.900185,0.47723000000000004,RUS,DEU,841330
3732408,187,61,8813,1996,0.0,3384.0,0.07343,-0.520246,RWA,DEU,841330
3732409,188,61,8813,1996,404850.0,3139489.0,0.215265,-0.8577309999999999,SAU,DEU,841330
3732410,189,61,8813,1996,0.0,46436.0,0.786293,2.20126,SCG,DEU,841330
3732411,190,61,8813,1996,0.0,11077.0,-1.4146459999999998,-1.181707,SDN,DEU,841330
3732412,191,61,8813,1996,0.0,15081.0,-0.619785,-0.712171,SEN,DEU,841330
3732413,192,61,8813,1996,7485.0,3373664.0,0.8354299999999999,0.41169799999999995,SGP,DEU,841330
3732414,196,61,8813,1996,0.0,5743.0,0.208166,-0.386648,SLE,DEU,841330
3732415,197,61,8813,1996,0.0,4343.0,-0.24968800000000002,-0.121995,SLV,DEU,841330
3732416,205,61,8813,1996,0.0,2683.0,-0.93463,-0.797197,SUR,DEU,841330
3732417,206,61,8813,1996,66042.0,100430.0,1.189398,1.29167,SVK,DEU,841330
3732418,207,61,8813,1996,129874.0,198918.0,1.409184,1.37245,SVN,DEU,841330
3732419,208,61,8813,1996,1145882.0,86549288.0,2.133781,0.9099889999999999,SWE,DEU,841330
3732420,211,61,8813,1996,0.0,9976.0,0.239125,-0.458433,SYC,DEU,841330
3732421,212,61,8813,1996,0.0,431559.0,-1.100666,-0.90038,SYR,DEU,841330
3732422,215,61,8813,1996,0.0,3459.0,-0.9070459999999999,-0.7702399999999999,TGO,DEU,841330
3732423,216,61,8813,1996,10158.0,964148.0,0.10120599999999999,1.351967,THA,DEU,841330
3732424,219,61,8813,1996,0.0,1973.0,-0.756087,-1.160548,TKM,DEU,841330
3732425,222,61,8813,1996,0.0,6459.0,0.19111,-0.488382,TTO,DEU,841330
3732426,223,61,8813,1996,0.0,528879.0,-0.28546,-0.089051,TUN,DEU,841330
3732427,224,61,8813,1996,83105.0,6475209.0,0.156866,1.554023,TUR,DEU,841330
3732428,226,61,8813,1996,0.0,36136.0,-1.391534,-0.907436,TZA,DEU,841330
3732429,227,61,8813,1996,0.0,6186.0,-0.931124,-0.925523,UGA,DEU,841330
3732430,228,61,8813,1996,0.0,133320.0,0.896537,0.9241459999999999,UKR,DEU,841330
3732431,230,61,8813,1996,0.0,27094.0,0.171541,0.313934,URY,DEU,841330
3732432,231,61,8813,1996,11217051.0,77174352.0,1.7110560000000001,1.125141,USA,DEU,841330
3732433,232,61,8813,1996,0.0,130611.0,-0.17393499999999998,-0.727476,UZB,DEU,841330
3732434,236,61,8813,1996,0.0,262318.0,0.07086100000000001,-0.761307,VEN,DEU,841330
3732435,239,61,8813,1996,0.0,6145.0,-0.9336469999999999,-0.10985199999999999,VNM,DEU,841330
3732436,243,61,8813,1996,0.0,164907.0,-1.304556,-1.200523,YEM,DEU,841330
3732437,246,61,8813,1996,11218.0,7559607.0,0.456593,1.150786,ZAF,DEU,841330
3732438,247,61,8813,1996,0.0,44758.0,-0.340956,-0.714009,ZMB,DEU,841330
3732439,248,61,8813,1996,0.0,62617.0,-0.393769,-0.34379,ZWE,DEU,841330
3732440,249,61,8813,1996,23392.0,841286.0,1.432225,1.675389,TWN,DEU,841330
3732441,250,61,8813,1996,0.0,3220.0,1.084978,0.901755,ANS,DEU,841330
3732442,2,64,8813,1996,0.0,2869.0,-2.3109900000000003,-1.172849,AGO,DNK,841330
3732443,6,64,8813,1996,0.0,4477.0,0.29339,-0.572443,ANT,DNK,841330
3732444,7,64,8813,1996,0.0,9257.0,-0.245358,-0.726695,ARE,DNK,841330
3732445,8,64,8813,1996,35130.0,16836.0,0.167081,0.433612,ARG,DNK,841330
3732446,14,64,8813,1996,14408.0,7018.0,0.369697,0.78069,AUS,DNK,841330
3732447,15,64,8813,1996,75280.0,77056.0,1.9216669999999998,0.659388,AUT,DNK,841330
3732448,18,64,8813,1996,759283.0,23395.0,1.549312,1.273767,BEL,DNK,841330
3732449,21,64,8813,1996,0.0,2920.0,-0.680996,-0.863442,BFA,DNK,841330
3732450,23,64,8813,1996,0.0,31724.0,0.544265,1.523408,BGR,DNK,841330
3732451,31,64,8813,1996,0.0,1038.0,-0.589432,-0.7781,BOL,DNK,841330
3732452,32,64,8813,1996,43917.0,37562.0,0.699658,1.271724,BRA,DNK,841330
3732453,39,64,8813,1996,33228.0,23126.0,1.155706,1.1127049999999998,CAN,DNK,841330
3732454,41,64,8813,1996,84787.0,38739.0,2.246238,0.603288,CHE,DNK,841330
3732455,42,64,8813,1996,941.0,5121.0,-0.052811000000000004,-0.169464,CHL,DNK,841330
3732456,43,64,8813,1996,0.0,11462.0,0.404422,3.061344,CHN,DNK,841330
3732457,45,64,8813,1996,0.0,694.0,-1.4036309999999999,-1.090633,CMR,DNK,841330
3732458,46,64,8813,1996,0.0,2432.0,-1.2167,-1.086508,COD,DNK,841330
3732459,49,64,8813,1996,0.0,1071.0,0.136487,0.078743,COL,DNK,841330
3732460,58,64,8813,1996,0.0,1763.0,0.20007,0.020590999999999998,CYP,DNK,841330
3732461,59,64,8813,1996,11100.0,2572.0,1.401181,1.3094709999999998,CZE,DNK,841330
3732462,61,64,8813,1996,4454989.0,1023270.0,2.279976,-2.572299,DEU,DNK,841330
3732463,66,64,8813,1996,0.0,5917.0,-0.33419699999999997,-1.035736,DZA,DNK,841330
3732464,67,64,8813,1996,0.0,3244.0,-1.1391200000000001,-0.992735,ECU,DNK,841330
3732465,68,64,8813,1996,0.0,26302.0,-0.5446409999999999,-0.229586,EGY,DNK,841330
3732466,71,64,8813,1996,27523.0,10275.0,1.105317,1.9473,ESP,DNK,841330
3732467,72,64,8813,1996,0.0,20665.0,0.53397,1.0877940000000001,EST,DNK,841330
3732468,74,64,8813,1996,48376.0,41300.0,2.0584729999999998,1.006908,FIN,DNK,841330
3732469,77,64,8813,1996,392540.0,2334.0,1.69082,0.721312,FRA,DNK,841330
3732470,78,64,8813,1996,0.0,3423.0,-0.252693,-0.714691,FRO,DNK,841330
3732471,81,64,8813,1996,736815.0,8145.0,1.850284,0.883084,GBR,DNK,841330
3732472,82,64,8813,1996,0.0,2541.0,0.5383020000000001,0.167596,GEO,DNK,841330
3732473,92,64,8813,1996,2827.0,20037.0,-0.8826879999999999,-0.777868,GRL,DNK,841330
3732474,93,64,8813,1996,0.0,1633.0,-0.332901,0.23790300000000003,GTM,DNK,841330
3732475,97,64,8813,1996,0.0,25791.0,0.54364,2.727659,HKG,DNK,841330
3732476,100,64,8813,1996,0.0,125055.0,0.772706,1.1075270000000002,HRV,DNK,841330
3732477,101,64,8813,1996,0.0,3069.0,-0.865218,-0.723441,HTI,DNK,841330
3732478,102,64,8813,1996,0.0,7795.0,0.790036,1.891534,HUN,DNK,841330
3732479,104,64,8813,1996,0.0,35619.0,0.20685599999999998,2.317622,IND,DNK,841330
3732480,106,64,8813,1996,2637.0,28413.0,1.386011,0.9232100000000001,IRL,DNK,841330
3732481,109,64,8813,1996,0.0,1250.0,0.003558,-0.551796,ISL,DNK,841330
3732482,111,64,8813,1996,1147478.0,44646.0,1.4674690000000001,1.263362,ITA,DNK,841330
3732483,114,64,8813,1996,215463.0,2321666.0,2.615364,0.5656939999999999,JPN,DNK,841330
3732484,121,64,8813,1996,1686.0,1852162.0,0.8946940000000001,1.240424,KOR,DNK,841330
3732485,130,64,8813,1996,0.0,6410.0,0.40520500000000004,0.9465950000000001,LTU,DNK,841330
3732486,134,64,8813,1996,0.0,8590.0,-0.67314,-0.241242,MAR,DNK,841330
3732487,138,64,8813,1996,0.0,1621.0,0.651949,0.9132170000000001,MEX,DNK,841330
3732488,140,64,8813,1996,0.0,3173.0,0.316133,0.933068,MKD,DNK,841330
3732489,142,64,8813,1996,0.0,9570.0,0.8825440000000001,0.066541,MLT,DNK,841330
3732490,147,64,8813,1996,0.0,8255.0,-1.331264,-1.1260270000000001,MOZ,DNK,841330
3732491,153,64,8813,1996,0.0,23184.0,0.351774,0.347262,MYS,DNK,841330
3732492,160,64,8813,1996,0.0,1769.0,-0.767799,-0.737816,NIC,DNK,841330
3732493,162,64,8813,1996,189727.0,83316.0,1.256625,1.803132,NLD,DNK,841330
3732494,163,64,8813,1996,42603.0,20063.0,1.204869,0.303062,NOR,DNK,841330
3732495,166,64,8813,1996,0.0,22039.0,0.49466099999999996,0.8302879999999999,NZL,DNK,841330
3732496,169,64,8813,1996,0.0,1194.0,-0.100537,-0.374129,PAN,DNK,841330
3732497,173,64,8813,1996,0.0,3724.0,-0.43761000000000005,-0.28077399999999997,PER,DNK,841330
3732498,177,64,8813,1996,5940.0,274981.0,0.795489,1.9004729999999999,POL,DNK,841330
3732499,179,64,8813,1996,0.0,4216.0,0.39343,1.170144,PRT,DNK,841330
3732500,182,64,8813,1996,0.0,840.0,0.845308,-0.31763,PYF,DNK,841330
3732501,183,64,8813,1996,0.0,30094.0,-0.48203500000000005,-1.117173,QAT,DNK,841330
3732502,185,64,8813,1996,0.0,67123.0,0.612035,0.880964,ROU,DNK,841330
3732503,186,64,8813,1996,0.0,18209.0,0.900185,0.47723000000000004,RUS,DNK,841330
3732504,188,64,8813,1996,0.0,13059.0,0.215265,-0.8577309999999999,SAU,DNK,841330
3732505,190,64,8813,1996,0.0,4192.0,-1.4146459999999998,-1.181707,SDN,DNK,841330
3732506,192,64,8813,1996,15990.0,201204.0,0.8354299999999999,0.41169799999999995,SGP,DNK,841330
3732507,196,64,8813,1996,0.0,2717.0,0.208166,-0.386648,SLE,DNK,841330
3732508,207,64,8813,1996,0.0,1039.0,1.409184,1.37245,SVN,DNK,841330
3732509,208,64,8813,1996,1333737.0,124350.0,2.133781,0.9099889999999999,SWE,DNK,841330
3732510,216,64,8813,1996,0.0,18354.0,0.10120599999999999,1.351967,THA,DNK,841330
3732511,223,64,8813,1996,0.0,4448.0,-0.28546,-0.089051,TUN,DNK,841330
3732512,224,64,8813,1996,0.0,2651.0,0.156866,1.554023,TUR,DNK,841330
3732513,226,64,8813,1996,0.0,1597.0,-1.391534,-0.907436,TZA,DNK,841330
3732514,227,64,8813,1996,0.0,3304.0,-0.931124,-0.925523,UGA,DNK,841330
3732515,228,64,8813,1996,0.0,1466.0,0.896537,0.9241459999999999,UKR,DNK,841330
3732516,231,64,8813,1996,99493.0,33577.0,1.7110560000000001,1.125141,USA,DNK,841330
3732517,236,64,8813,1996,0.0,4348.0,0.07086100000000001,-0.761307,VEN,DNK,841330
3732518,246,64,8813,1996,0.0,8367.0,0.456593,1.150786,ZAF,DNK,841330
3732519,247,64,8813,1996,0.0,1625.0,-0.340956,-0.714009,ZMB,DNK,841330
3732520,249,64,8813,1996,11995.0,8892.0,1.432225,1.675389,TWN,DNK,841330
3732521,32,65,8813,1996,7693.0,0.0,0.699658,1.271724,BRA,DOM,841330
3732522,52,65,8813,1996,0.0,1627.0,-0.34219499999999997,0.12221900000000001,CRI,DOM,841330
3732523,61,65,8813,1996,8271.0,0.0,2.279976,-2.572299,DEU,DOM,841330
3732524,67,65,8813,1996,0.0,2613.0,-1.1391200000000001,-0.992735,ECU,DOM,841330
3732525,111,65,8813,1996,40675.0,0.0,1.4674690000000001,1.263362,ITA,DOM,841330
3732526,114,65,8813,1996,848478.0,0.0,2.615364,0.5656939999999999,JPN,DOM,841330
3732527,121,65,8813,1996,49638.0,0.0,0.8946940000000001,1.240424,KOR,DOM,841330
3732528,138,65,8813,1996,1317.0,0.0,0.651949,0.9132170000000001,MEX,DOM,841330
3732529,169,65,8813,1996,0.0,568.0,-0.100537,-0.374129,PAN,DOM,841330
3732530,231,65,8813,1996,691094.0,0.0,1.7110560000000001,1.125141,USA,DOM,841330
3732531,8,67,8813,1996,16356.0,0.0,0.167081,0.433612,ARG,ECU,841330
3732532,14,67,8813,1996,2392.0,0.0,0.369697,0.78069,AUS,ECU,841330
3732533,15,67,8813,1996,2052.0,0.0,1.9216669999999998,0.659388,AUT,ECU,841330
3732534,18,67,8813,1996,2378.0,0.0,1.549312,1.273767,BEL,ECU,841330
3732535,32,67,8813,1996,125733.0,0.0,0.699658,1.271724,BRA,ECU,841330
3732536,41,67,8813,1996,25655.0,0.0,2.246238,0.603288,CHE,ECU,841330
3732537,42,67,8813,1996,8044.0,0.0,-0.052811000000000004,-0.169464,CHL,ECU,841330
3732538,49,67,8813,1996,41551.0,0.0,0.136487,0.078743,COL,ECU,841330
3732539,59,67,8813,1996,1203.0,0.0,1.401181,1.3094709999999998,CZE,ECU,841330
3732540,61,67,8813,1996,99343.0,0.0,2.279976,-2.572299,DEU,ECU,841330
3732541,64,67,8813,1996,3244.0,0.0,1.443514,1.275684,DNK,ECU,841330
3732542,65,67,8813,1996,2613.0,0.0,-0.596093,-0.5602060000000001,DOM,ECU,841330
3732543,71,67,8813,1996,2935.0,0.0,1.105317,1.9473,ESP,ECU,841330
3732544,74,67,8813,1996,3022.0,0.0,2.0584729999999998,1.006908,FIN,ECU,841330
3732545,77,67,8813,1996,4181.0,0.0,1.69082,0.721312,FRA,ECU,841330
3732546,81,67,8813,1996,5378.0,0.0,1.850284,0.883084,GBR,ECU,841330
3732547,111,67,8813,1996,23219.0,0.0,1.4674690000000001,1.263362,ITA,ECU,841330
3732548,112,67,8813,1996,1637.0,0.0,-0.6344350000000001,-0.814916,JAM,ECU,841330
3732549,114,67,8813,1996,1211839.0,0.0,2.615364,0.5656939999999999,JPN,ECU,841330
3732550,121,67,8813,1996,4098.0,0.0,0.8946940000000001,1.240424,KOR,ECU,841330
3732551,138,67,8813,1996,8164.0,0.0,0.651949,0.9132170000000001,MEX,ECU,841330
3732552,162,67,8813,1996,25530.0,0.0,1.256625,1.803132,NLD,ECU,841330
3732553,166,67,8813,1996,2207.0,0.0,0.49466099999999996,0.8302879999999999,NZL,ECU,841330
3732554,169,67,8813,1996,18693.0,0.0,-0.100537,-0.374129,PAN,ECU,841330
3732555,177,67,8813,1996,28939.0,0.0,0.795489,1.9004729999999999,POL,ECU,841330
3732556,178,67,8813,1996,4772.0,0.0,0.725014,1.20189,PRK,ECU,841330
3732557,186,67,8813,1996,1029.0,0.0,0.900185,0.47723000000000004,RUS,ECU,841330
3732558,208,67,8813,1996,10373.0,0.0,2.133781,0.9099889999999999,SWE,ECU,841330
3732559,231,67,8813,1996,366773.0,14718.0,1.7110560000000001,1.125141,USA,ECU,841330
3732560,236,67,8813,1996,2184.0,0.0,0.07086100000000001,-0.761307,VEN,ECU,841330
3732561,246,67,8813,1996,0.0,3151.0,0.456593,1.150786,ZAF,ECU,841330
3732562,249,67,8813,1996,4325.0,0.0,1.432225,1.675389,TWN,ECU,841330
3732563,250,67,8813,1996,14802.0,0.0,1.084978,0.901755,ANS,ECU,841330
3732564,2,71,8813,1996,0.0,36867.0,-2.3109900000000003,-1.172849,AGO,ESP,841330
3732565,5,71,8813,1996,0.0,6552.0,1.0490059999999999,0.6587189999999999,AND,ESP,841330
3732566,7,71,8813,1996,0.0,16729.0,-0.245358,-0.726695,ARE,ESP,841330
3732567,8,71,8813,1996,74608.0,1517248.0,0.167081,0.433612,ARG,ESP,841330
3732568,14,71,8813,1996,0.0,4230.0,0.369697,0.78069,AUS,ESP,841330
3732569,15,71,8813,1996,127988.0,26275.0,1.9216669999999998,0.659388,AUT,ESP,841330
3732570,18,71,8813,1996,1205894.0,562274.0,1.549312,1.273767,BEL,ESP,841330
3732571,23,71,8813,1996,0.0,31850.0,0.544265,1.523408,BGR,ESP,841330
3732572,32,71,8813,1996,7546.0,405107.0,0.699658,1.271724,BRA,ESP,841330
3732573,39,71,8813,1996,6754.0,33829.0,1.155706,1.1127049999999998,CAN,ESP,841330
3732574,41,71,8813,1996,55339.0,56191.0,2.246238,0.603288,CHE,ESP,841330
3732575,42,71,8813,1996,2660.0,135486.0,-0.052811000000000004,-0.169464,CHL,ESP,841330
3732576,43,71,8813,1996,0.0,17364.0,0.404422,3.061344,CHN,ESP,841330
3732577,44,71,8813,1996,0.0,51468.0,-0.8720459999999999,-0.7904479999999999,CIV,ESP,841330
3732578,45,71,8813,1996,0.0,1761.0,-1.4036309999999999,-1.090633,CMR,ESP,841330
3732579,49,71,8813,1996,0.0,503768.0,0.136487,0.078743,COL,ESP,841330
3732580,51,71,8813,1996,0.0,1543.0,0.247925,-0.512776,CPV,ESP,841330
3732581,54,71,8813,1996,0.0,395965.0,-0.555246,-1.0420479999999999,CUB,ESP,841330
3732582,58,71,8813,1996,0.0,29071.0,0.20007,0.020590999999999998,CYP,ESP,841330
3732583,59,71,8813,1996,51975.0,12089.0,1.401181,1.3094709999999998,CZE,ESP,841330
3732584,61,71,8813,1996,118478560.0,3692992.0,2.279976,-2.572299,DEU,ESP,841330
3732585,64,71,8813,1996,10275.0,27523.0,1.443514,1.275684,DNK,ESP,841330
3732586,66,71,8813,1996,0.0,352719.0,-0.33419699999999997,-1.035736,DZA,ESP,841330
3732587,67,71,8813,1996,0.0,2935.0,-1.1391200000000001,-0.992735,ECU,ESP,841330
3732588,68,71,8813,1996,0.0,161024.0,-0.5446409999999999,-0.229586,EGY,ESP,841330
3732589,74,71,8813,1996,133919.0,31195.0,2.0584729999999998,1.006908,FIN,ESP,841330
3732590,77,71,8813,1996,34693916.0,181782672.0,1.69082,0.721312,FRA,ESP,841330
3732591,81,71,8813,1996,9310472.0,3744301.0,1.850284,0.883084,GBR,ESP,841330
3732592,89,71,8813,1996,0.0,1117.0,-1.832253,-0.7935300000000001,GNQ,ESP,841330
3732593,90,71,8813,1996,19948.0,212411.0,0.271386,1.042608,GRC,ESP,841330
3732594,93,71,8813,1996,0.0,1589.0,-0.332901,0.23790300000000003,GTM,ESP,841330
3732595,97,71,8813,1996,0.0,78881.0,0.54364,2.727659,HKG,ESP,841330
3732596,99,71,8813,1996,0.0,724.0,-0.69357,-0.48721400000000004,HND,ESP,841330
3732597,100,71,8813,1996,0.0,15988.0,0.772706,1.1075270000000002,HRV,ESP,841330
3732598,102,71,8813,1996,2774.0,127919.0,0.790036,1.891534,HUN,ESP,841330
3732599,103,71,8813,1996,0.0,7234.0,-0.43199899999999997,1.22074,IDN,ESP,841330
3732600,104,71,8813,1996,10091.0,3216.0,0.20685599999999998,2.317622,IND,ESP,841330
3732601,106,71,8813,1996,0.0,27418.0,1.386011,0.9232100000000001,IRL,ESP,841330
3732602,107,71,8813,1996,0.0,3527.0,-0.7496649999999999,-1.1173520000000001,IRN,ESP,841330
3732603,109,71,8813,1996,0.0,807.0,0.003558,-0.551796,ISL,ESP,841330
3732604,110,71,8813,1996,1714.0,183824.0,1.054975,1.072965,ISR,ESP,841330
3732605,111,71,8813,1996,7827607.0,1714605.0,1.4674690000000001,1.263362,ITA,ESP,841330
3732606,112,71,8813,1996,0.0,1176.0,-0.6344350000000001,-0.814916,JAM,ESP,841330
3732607,113,71,8813,1996,0.0,30731.0,0.12203499999999999,-0.41859399999999997,JOR,ESP,841330
3732608,114,71,8813,1996,8726302.0,527743.0,2.615364,0.5656939999999999,JPN,ESP,841330
3732609,121,71,8813,1996,25321.0,83946.0,0.8946940000000001,1.240424,KOR,ESP,841330
3732610,124,71,8813,1996,0.0,100660.0,-0.051973,0.002154,LBN,ESP,841330
3732611,126,71,8813,1996,0.0,33486.0,-0.588489,-1.138552,LBY,ESP,841330
3732612,130,71,8813,1996,74718.0,0.0,0.40520500000000004,0.9465950000000001,LTU,ESP,841330
3732613,134,71,8813,1996,1844.0,882062.0,-0.67314,-0.241242,MAR,ESP,841330
3732614,136,71,8813,1996,0.0,7039.0,-1.213619,-0.606686,MDG,ESP,841330
3732615,138,71,8813,1996,425066.0,637279.0,0.651949,0.9132170000000001,MEX,ESP,841330
3732616,141,71,8813,1996,0.0,13359.0,-0.987858,-0.9677040000000001,MLI,ESP,841330
3732617,142,71,8813,1996,0.0,83520.0,0.8825440000000001,0.066541,MLT,ESP,841330
3732618,148,71,8813,1996,0.0,3977.0,-1.352902,-1.19204,MRT,ESP,841330
3732619,153,71,8813,1996,0.0,43644.0,0.351774,0.347262,MYS,ESP,841330
3732620,157,71,8813,1996,0.0,2166.0,-0.594771,-0.643008,NER,ESP,841330
3732621,159,71,8813,1996,0.0,5718.0,-1.813359,-1.1967,NGA,ESP,841330
3732622,160,71,8813,1996,0.0,76037.0,-0.767799,-0.737816,NIC,ESP,841330
3732623,162,71,8813,1996,491471.0,427049.0,1.256625,1.803132,NLD,ESP,841330
3732624,163,71,8813,1996,63532.0,33290.0,1.204869,0.303062,NOR,ESP,841330
3732625,166,71,8813,1996,0.0,3164.0,0.49466099999999996,0.8302879999999999,NZL,ESP,841330
3732626,168,71,8813,1996,0.0,12171.0,-0.7543300000000001,-0.393654,PAK,ESP,841330
3732627,169,71,8813,1996,0.0,4522.0,-0.100537,-0.374129,PAN,ESP,841330
3732628,173,71,8813,1996,0.0,26112.0,-0.43761000000000005,-0.28077399999999997,PER,ESP,841330
3732629,174,71,8813,1996,0.0,7242.0,-0.276548,0.344986,PHL,ESP,841330
3732630,177,71,8813,1996,26566.0,153369.0,0.795489,1.9004729999999999,POL,ESP,841330
3732631,179,71,8813,1996,4309889.0,4074709.0,0.39343,1.170144,PRT,ESP,841330
3732632,180,71,8813,1996,0.0,1490.0,-0.506178,-0.712851,PRY,ESP,841330
3732633,182,71,8813,1996,0.0,3157.0,0.845308,-0.31763,PYF,ESP,841330
3732634,185,71,8813,1996,69688.0,0.0,0.612035,0.880964,ROU,ESP,841330
3732635,186,71,8813,1996,79863.0,51022.0,0.900185,0.47723000000000004,RUS,ESP,841330
3732636,188,71,8813,1996,0.0,4533.0,0.215265,-0.8577309999999999,SAU,ESP,841330
3732637,191,71,8813,1996,0.0,65676.0,-0.619785,-0.712171,SEN,ESP,841330
3732638,192,71,8813,1996,0.0,42787.0,0.8354299999999999,0.41169799999999995,SGP,ESP,841330
3732639,206,71,8813,1996,0.0,4011.0,1.189398,1.29167,SVK,ESP,841330
3732640,207,71,8813,1996,0.0,5707.0,1.409184,1.37245,SVN,ESP,841330
3732641,208,71,8813,1996,349890.0,11521.0,2.133781,0.9099889999999999,SWE,ESP,841330
3732642,212,71,8813,1996,0.0,57618.0,-1.100666,-0.90038,SYR,ESP,841330
3732643,216,71,8813,1996,0.0,21079.0,0.10120599999999999,1.351967,THA,ESP,841330
3732644,223,71,8813,1996,4427.0,419281.0,-0.28546,-0.089051,TUN,ESP,841330
3732645,224,71,8813,1996,37830.0,245376.0,0.156866,1.554023,TUR,ESP,841330
3732646,230,71,8813,1996,0.0,9634.0,0.171541,0.313934,URY,ESP,841330
3732647,231,71,8813,1996,1445628.0,682435.0,1.7110560000000001,1.125141,USA,ESP,841330
3732648,236,71,8813,1996,0.0,229975.0,0.07086100000000001,-0.761307,VEN,ESP,841330
3732649,246,71,8813,1996,0.0,282306.0,0.456593,1.150786,ZAF,ESP,841330
3732650,249,71,8813,1996,47911.0,127451.0,1.432225,1.675389,TWN,ESP,841330
3732651,250,71,8813,1996,0.0,42372.0,1.084978,0.901755,ANS,ESP,841330
3732652,7,74,8813,1996,0.0,29797.0,-0.245358,-0.726695,ARE,FIN,841330
3732653,14,74,8813,1996,0.0,19642.0,0.369697,0.78069,AUS,FIN,841330
3732654,15,74,8813,1996,2785402.0,5684.0,1.9216669999999998,0.659388,AUT,FIN,841330
3732655,18,74,8813,1996,592970.0,5156.0,1.549312,1.273767,BEL,FIN,841330
3732656,32,74,8813,1996,2191.0,34658.0,0.699658,1.271724,BRA,FIN,841330
3732657,39,74,8813,1996,8770.0,41676.0,1.155706,1.1127049999999998,CAN,FIN,841330
3732658,41,74,8813,1996,4825.0,0.0,2.246238,0.603288,CHE,FIN,841330
3732659,42,74,8813,1996,0.0,46397.0,-0.052811000000000004,-0.169464,CHL,FIN,841330
3732660,43,74,8813,1996,0.0,1945.0,0.404422,3.061344,CHN,FIN,841330
3732661,58,74,8813,1996,0.0,2188.0,0.20007,0.020590999999999998,CYP,FIN,841330
3732662,59,74,8813,1996,24594.0,4067.0,1.401181,1.3094709999999998,CZE,FIN,841330
3732663,61,74,8813,1996,13531740.0,154901.0,2.279976,-2.572299,DEU,FIN,841330
3732664,64,74,8813,1996,41300.0,48376.0,1.443514,1.275684,DNK,FIN,841330
3732665,67,74,8813,1996,0.0,3022.0,-1.1391200000000001,-0.992735,ECU,FIN,841330
3732666,71,74,8813,1996,31195.0,133919.0,1.105317,1.9473,ESP,FIN,841330
3732667,72,74,8813,1996,28223.0,424183.0,0.53397,1.0877940000000001,EST,FIN,841330
3732668,77,74,8813,1996,210199.0,141358.0,1.69082,0.721312,FRA,FIN,841330
3732669,78,74,8813,1996,0.0,145.0,-0.252693,-0.714691,FRO,FIN,841330
3732670,81,74,8813,1996,415201.0,68682.0,1.850284,0.883084,GBR,FIN,841330
3732671,90,74,8813,1996,0.0,9878.0,0.271386,1.042608,GRC,FIN,841330
3732672,93,74,8813,1996,0.0,11366.0,-0.332901,0.23790300000000003,GTM,FIN,841330
3732673,97,74,8813,1996,16222.0,52614.0,0.54364,2.727659,HKG,FIN,841330
3732674,102,74,8813,1996,5154.0,0.0,0.790036,1.891534,HUN,FIN,841330
3732675,103,74,8813,1996,0.0,1778.0,-0.43199899999999997,1.22074,IDN,FIN,841330
3732676,104,74,8813,1996,839173.0,84582.0,0.20685599999999998,2.317622,IND,FIN,841330
3732677,106,74,8813,1996,47825.0,0.0,1.386011,0.9232100000000001,IRL,FIN,841330
3732678,109,74,8813,1996,0.0,33639.0,0.003558,-0.551796,ISL,FIN,841330
3732679,111,74,8813,1996,1493617.0,56547.0,1.4674690000000001,1.263362,ITA,FIN,841330
3732680,112,74,8813,1996,0.0,83769.0,-0.6344350000000001,-0.814916,JAM,FIN,841330
3732681,114,74,8813,1996,667417.0,5737.0,2.615364,0.5656939999999999,JPN,FIN,841330
3732682,121,74,8813,1996,31918.0,71276.0,0.8946940000000001,1.240424,KOR,FIN,841330
3732683,128,74,8813,1996,0.0,5980.0,-0.812763,-0.188722,LKA,FIN,841330
3732684,130,74,8813,1996,819.0,98803.0,0.40520500000000004,0.9465950000000001,LTU,FIN,841330
3732685,132,74,8813,1996,0.0,331228.0,0.33418600000000004,0.1615,LVA,FIN,841330
3732686,134,74,8813,1996,0.0,20490.0,-0.67314,-0.241242,MAR,FIN,841330
3732687,137,74,8813,1996,0.0,2076.0,-1.107903,-1.016442,MDV,FIN,841330
3732688,138,74,8813,1996,1783.0,1822.0,0.651949,0.9132170000000001,MEX,FIN,841330
3732689,142,74,8813,1996,0.0,2741.0,0.8825440000000001,0.066541,MLT,FIN,841330
3732690,153,74,8813,1996,7690.0,2162.0,0.351774,0.347262,MYS,FIN,841330
3732691,162,74,8813,1996,119955.0,95064.0,1.256625,1.803132,NLD,FIN,841330
3732692,163,74,8813,1996,36280.0,77818.0,1.204869,0.303062,NOR,FIN,841330
3732693,166,74,8813,1996,0.0,7903.0,0.49466099999999996,0.8302879999999999,NZL,FIN,841330
3732694,168,74,8813,1996,0.0,9038.0,-0.7543300000000001,-0.393654,PAK,FIN,841330
3732695,169,74,8813,1996,0.0,4980.0,-0.100537,-0.374129,PAN,FIN,841330
3732696,173,74,8813,1996,0.0,27644.0,-0.43761000000000005,-0.28077399999999997,PER,FIN,841330
3732697,174,74,8813,1996,0.0,82484.0,-0.276548,0.344986,PHL,FIN,841330
3732698,177,74,8813,1996,5776.0,81124.0,0.795489,1.9004729999999999,POL,FIN,841330
3732699,179,74,8813,1996,0.0,133316.0,0.39343,1.170144,PRT,FIN,841330
3732700,186,74,8813,1996,6239.0,501190.0,0.900185,0.47723000000000004,RUS,FIN,841330
3732701,188,74,8813,1996,0.0,24451.0,0.215265,-0.8577309999999999,SAU,FIN,841330
3732702,192,74,8813,1996,0.0,70228.0,0.8354299999999999,0.41169799999999995,SGP,FIN,841330
3732703,197,74,8813,1996,0.0,9147.0,-0.24968800000000002,-0.121995,SLV,FIN,841330
3732704,206,74,8813,1996,3534.0,1062.0,1.189398,1.29167,SVK,FIN,841330
3732705,207,74,8813,1996,30530.0,0.0,1.409184,1.37245,SVN,FIN,841330
3732706,208,74,8813,1996,2693567.0,71920.0,2.133781,0.9099889999999999,SWE,FIN,841330
3732707,216,74,8813,1996,0.0,4438.0,0.10120599999999999,1.351967,THA,FIN,841330
3732708,222,74,8813,1996,0.0,4105.0,0.19111,-0.488382,TTO,FIN,841330
3732709,224,74,8813,1996,1558.0,1454.0,0.156866,1.554023,TUR,FIN,841330
3732710,226,74,8813,1996,0.0,136613.0,-1.391534,-0.907436,TZA,FIN,841330
3732711,228,74,8813,1996,0.0,67321.0,0.896537,0.9241459999999999,UKR,FIN,841330
3732712,231,74,8813,1996,395980.0,226684.0,1.7110560000000001,1.125141,USA,FIN,841330
3732713,246,74,8813,1996,4922.0,31164.0,0.456593,1.150786,ZAF,FIN,841330
3732714,247,74,8813,1996,0.0,7434.0,-0.340956,-0.714009,ZMB,FIN,841330
3732715,248,74,8813,1996,0.0,1783.0,-0.393769,-0.34379,ZWE,FIN,841330
3732716,249,74,8813,1996,4414.0,10673.0,1.432225,1.675389,TWN,FIN,841330
3732717,250,74,8813,1996,0.0,2502.0,1.084978,0.901755,ANS,FIN,841330
3732718,2,77,8813,1996,0.0,34013.0,-2.3109900000000003,-1.172849,AGO,FRA,841330
3732719,7,77,8813,1996,0.0,107540.0,-0.245358,-0.726695,ARE,FRA,841330
3732720,8,77,8813,1996,4384899.0,6944560.0,0.167081,0.433612,ARG,FRA,841330
3732721,14,77,8813,1996,7163.0,85610.0,0.369697,0.78069,AUS,FRA,841330
3732722,15,77,8813,1996,4525800.0,853778.0,1.9216669999999998,0.659388,AUT,FRA,841330
3732723,17,77,8813,1996,0.0,1540.0,-0.955951,-0.8721180000000001,BDI,FRA,841330
3732724,18,77,8813,1996,3997508.0,4175733.0,1.549312,1.273767,BEL,FRA,841330
3732725,21,77,8813,1996,0.0,31839.0,-0.680996,-0.863442,BFA,FRA,841330
3732726,22,77,8813,1996,0.0,54733.0,-1.060876,-1.05104,BGD,FRA,841330
3732727,23,77,8813,1996,0.0,1429.0,0.544265,1.523408,BGR,FRA,841330
3732728,24,77,8813,1996,0.0,4108.0,-0.062207000000000005,-0.840398,BHR,FRA,841330
3732729,26,77,8813,1996,0.0,6059.0,0.679466,0.730425,BIH,FRA,841330
3732730,28,77,8813,1996,0.0,3519.0,0.7285550000000001,0.660716,BLR,FRA,841330
3732731,32,77,8813,1996,30358.0,2967815.0,0.699658,1.271724,BRA,FRA,841330
3732732,38,77,8813,1996,0.0,20497.0,-1.408316,-0.8695579999999999,CAF,FRA,841330
3732733,39,77,8813,1996,21759.0,59655.0,1.155706,1.1127049999999998,CAN,FRA,841330
3732734,41,77,8813,1996,500785.0,820483.0,2.246238,0.603288,CHE,FRA,841330
3732735,42,77,8813,1996,23186.0,76755.0,-0.052811000000000004,-0.169464,CHL,FRA,841330
3732736,43,77,8813,1996,4694.0,380867.0,0.404422,3.061344,CHN,FRA,841330
3732737,44,77,8813,1996,1509.0,387041.0,-0.8720459999999999,-0.7904479999999999,CIV,FRA,841330
3732738,45,77,8813,1996,0.0,60026.0,-1.4036309999999999,-1.090633,CMR,FRA,841330
3732739,46,77,8813,1996,0.0,5498.0,-1.2167,-1.086508,COD,FRA,841330
3732740,47,77,8813,1996,0.0,7643.0,-1.522142,-1.165936,COG,FRA,841330
3732741,49,77,8813,1996,0.0,370703.0,0.136487,0.078743,COL,FRA,841330
3732742,50,77,8813,1996,2400.0,29157.0,-1.007044,-0.833519,COM,FRA,841330
3732743,52,77,8813,1996,0.0,1948.0,-0.34219499999999997,0.12221900000000001,CRI,FRA,841330
3732744,54,77,8813,1996,0.0,15245.0,-0.555246,-1.0420479999999999,CUB,FRA,841330
3732745,58,77,8813,1996,0.0,12958.0,0.20007,0.020590999999999998,CYP,FRA,841330
3732746,59,77,8813,1996,3474133.0,32995.0,1.401181,1.3094709999999998,CZE,FRA,841330
3732747,61,77,8813,1996,414634880.0,74097864.0,2.279976,-2.572299,DEU,FRA,841330
3732748,62,77,8813,1996,0.0,4115.0,-0.20838099999999998,-0.668964,DJI,FRA,841330
3732749,64,77,8813,1996,2334.0,392540.0,1.443514,1.275684,DNK,FRA,841330
3732750,66,77,8813,1996,1232.0,997137.0,-0.33419699999999997,-1.035736,DZA,FRA,841330
3732751,67,77,8813,1996,0.0,4181.0,-1.1391200000000001,-0.992735,ECU,FRA,841330
3732752,68,77,8813,1996,0.0,213238.0,-0.5446409999999999,-0.229586,EGY,FRA,841330
3732753,71,77,8813,1996,181782672.0,34693916.0,1.105317,1.9473,ESP,FRA,841330
3732754,73,77,8813,1996,0.0,18969.0,-1.265383,-1.131925,ETH,FRA,841330
3732755,74,77,8813,1996,141358.0,210199.0,2.0584729999999998,1.006908,FIN,FRA,841330
3732756,80,77,8813,1996,0.0,99549.0,-1.693615,-1.174433,GAB,FRA,841330
3732757,81,77,8813,1996,46941380.0,143030432.0,1.850284,0.883084,GBR,FRA,841330
3732758,83,77,8813,1996,0.0,14536.0,-1.035244,-0.9834129999999999,GHA,FRA,841330
3732759,85,77,8813,1996,0.0,83854.0,-1.2641930000000001,-1.1317409999999999,GIN,FRA,841330
3732760,87,77,8813,1996,0.0,10512.0,-1.028677,-0.8440540000000001,GMB,FRA,841330
3732761,88,77,8813,1996,0.0,6847.0,-1.853188,-0.8371649999999999,GNB,FRA,841330
3732762,90,77,8813,1996,0.0,297028.0,0.271386,1.042608,GRC,FRA,841330
3732763,91,77,8813,1996,0.0,1167.0,0.285534,-0.37242600000000003,GRD,FRA,841330
3732764,96,77,8813,1996,0.0,3133.0,-0.567617,-0.766822,GUY,FRA,841330
3732765,97,77,8813,1996,29774.0,248296.0,0.54364,2.727659,HKG,FRA,841330
3732766,99,77,8813,1996,0.0,1188.0,-0.69357,-0.48721400000000004,HND,FRA,841330
3732767,100,77,8813,1996,0.0,2297.0,0.772706,1.1075270000000002,HRV,FRA,841330
3732768,102,77,8813,1996,9056.0,4119871.0,0.790036,1.891534,HUN,FRA,841330
3732769,103,77,8813,1996,0.0,45845.0,-0.43199899999999997,1.22074,IDN,FRA,841330
3732770,104,77,8813,1996,265225.0,129956.0,0.20685599999999998,2.317622,IND,FRA,841330
3732771,106,77,8813,1996,39127.0,164312.0,1.386011,0.9232100000000001,IRL,FRA,841330
3732772,107,77,8813,1996,0.0,82304.0,-0.7496649999999999,-1.1173520000000001,IRN,FRA,841330
3732773,109,77,8813,1996,2334.0,956.0,0.003558,-0.551796,ISL,FRA,841330
3732774,110,77,8813,1996,11636.0,176826.0,1.054975,1.072965,ISR,FRA,841330
3732775,111,77,8813,1996,15884494.0,49740160.0,1.4674690000000001,1.263362,ITA,FRA,841330
3732776,112,77,8813,1996,0.0,2964.0,-0.6344350000000001,-0.814916,JAM,FRA,841330
3732777,113,77,8813,1996,0.0,25622.0,0.12203499999999999,-0.41859399999999997,JOR,FRA,841330
3732778,114,77,8813,1996,2247708.0,381651.0,2.615364,0.5656939999999999,JPN,FRA,841330
3732779,116,77,8813,1996,0.0,25246.0,-0.468322,-0.017625,KEN,FRA,841330
3732780,118,77,8813,1996,0.0,9382.0,-1.110741,-1.089434,KHM,FRA,841330
3732781,121,77,8813,1996,65341.0,31622.0,0.8946940000000001,1.240424,KOR,FRA,841330
3732782,122,77,8813,1996,0.0,2346.0,-0.27174499999999996,-1.098243,KWT,FRA,841330
3732783,124,77,8813,1996,0.0,89023.0,-0.051973,0.002154,LBN,FRA,841330
3732784,126,77,8813,1996,0.0,413402.0,-0.588489,-1.138552,LBY,FRA,841330
3732785,134,77,8813,1996,1665.0,381763.0,-0.67314,-0.241242,MAR,FRA,841330
3732786,136,77,8813,1996,43061.0,134501.0,-1.213619,-0.606686,MDG,FRA,841330
3732787,138,77,8813,1996,54880.0,25744.0,0.651949,0.9132170000000001,MEX,FRA,841330
3732788,140,77,8813,1996,0.0,4083.0,0.316133,0.933068,MKD,FRA,841330
3732789,141,77,8813,1996,6894.0,110437.0,-0.987858,-0.9677040000000001,MLI,FRA,841330
3732790,142,77,8813,1996,5387.0,15350.0,0.8825440000000001,0.066541,MLT,FRA,841330
3732791,148,77,8813,1996,2463.0,1174.0,-1.352902,-1.19204,MRT,FRA,841330
3732792,151,77,8813,1996,0.0,67718.0,-0.538651,-0.746274,MUS,FRA,841330
3732793,153,77,8813,1996,14204.0,74233.0,0.351774,0.347262,MYS,FRA,841330
3732794,156,77,8813,1996,0.0,44167.0,-0.951583,-0.785157,NCL,FRA,841330
3732795,157,77,8813,1996,0.0,1350.0,-0.594771,-0.643008,NER,FRA,841330
3732796,159,77,8813,1996,22665.0,1027756.0,-1.813359,-1.1967,NGA,FRA,841330
3732797,160,77,8813,1996,0.0,1147.0,-0.767799,-0.737816,NIC,FRA,841330
3732798,162,77,8813,1996,1357944.0,3788314.0,1.256625,1.803132,NLD,FRA,841330
3732799,163,77,8813,1996,18538.0,1253540.0,1.204869,0.303062,NOR,FRA,841330
3732800,166,77,8813,1996,0.0,3367.0,0.49466099999999996,0.8302879999999999,NZL,FRA,841330
3732801,169,77,8813,1996,0.0,1145.0,-0.100537,-0.374129,PAN,FRA,841330
3732802,173,77,8813,1996,0.0,30021.0,-0.43761000000000005,-0.28077399999999997,PER,FRA,841330
3732803,174,77,8813,1996,0.0,82409.0,-0.276548,0.344986,PHL,FRA,841330
3732804,177,77,8813,1996,0.0,686025.0,0.795489,1.9004729999999999,POL,FRA,841330
3732805,179,77,8813,1996,97054.0,690767.0,0.39343,1.170144,PRT,FRA,841330
3732806,180,77,8813,1996,0.0,13679.0,-0.506178,-0.712851,PRY,FRA,841330
3732807,182,77,8813,1996,1604.0,7008.0,0.845308,-0.31763,PYF,FRA,841330
3732808,183,77,8813,1996,0.0,21505.0,-0.48203500000000005,-1.117173,QAT,FRA,841330
3732809,185,77,8813,1996,17461.0,14032.0,0.612035,0.880964,ROU,FRA,841330
3732810,186,77,8813,1996,16376.0,366722.0,0.900185,0.47723000000000004,RUS,FRA,841330
3732811,188,77,8813,1996,0.0,48090.0,0.215265,-0.8577309999999999,SAU,FRA,841330
3732812,189,77,8813,1996,0.0,2026.0,0.786293,2.20126,SCG,FRA,841330
3732813,190,77,8813,1996,0.0,6629.0,-1.4146459999999998,-1.181707,SDN,FRA,841330
3732814,191,77,8813,1996,0.0,97608.0,-0.619785,-0.712171,SEN,FRA,841330
3732815,192,77,8813,1996,5797.0,137196.0,0.8354299999999999,0.41169799999999995,SGP,FRA,841330
3732816,196,77,8813,1996,0.0,1174.0,0.208166,-0.386648,SLE,FRA,841330
3732817,206,77,8813,1996,4206.0,2989.0,1.189398,1.29167,SVK,FRA,841330
3732818,207,77,8813,1996,24400.0,2558340.0,1.409184,1.37245,SVN,FRA,841330
3732819,208,77,8813,1996,872331.0,1371314.0,2.133781,0.9099889999999999,SWE,FRA,841330
3732820,211,77,8813,1996,0.0,1254.0,0.239125,-0.458433,SYC,FRA,841330
3732821,212,77,8813,1996,0.0,82388.0,-1.100666,-0.90038,SYR,FRA,841330
3732822,214,77,8813,1996,0.0,9778.0,-0.8289059999999999,-0.688122,TCD,FRA,841330
3732823,215,77,8813,1996,1352.0,12078.0,-0.9070459999999999,-0.7702399999999999,TGO,FRA,841330
3732824,216,77,8813,1996,2325.0,137744.0,0.10120599999999999,1.351967,THA,FRA,841330
3732825,219,77,8813,1996,0.0,3517.0,-0.756087,-1.160548,TKM,FRA,841330
3732826,222,77,8813,1996,0.0,911.0,0.19111,-0.488382,TTO,FRA,841330
3732827,223,77,8813,1996,236918.0,446951.0,-0.28546,-0.089051,TUN,FRA,841330
3732828,224,77,8813,1996,369428.0,1254252.0,0.156866,1.554023,TUR,FRA,841330
3732829,226,77,8813,1996,0.0,1117.0,-1.391534,-0.907436,TZA,FRA,841330
3732830,227,77,8813,1996,0.0,7551.0,-0.931124,-0.925523,UGA,FRA,841330
3732831,228,77,8813,1996,0.0,14222.0,0.896537,0.9241459999999999,UKR,FRA,841330
3732832,230,77,8813,1996,0.0,19618.0,0.171541,0.313934,URY,FRA,841330
3732833,231,77,8813,1996,17152560.0,6702793.0,1.7110560000000001,1.125141,USA,FRA,841330
3732834,232,77,8813,1996,0.0,8209.0,-0.17393499999999998,-0.727476,UZB,FRA,841330
3732835,236,77,8813,1996,0.0,20416.0,0.07086100000000001,-0.761307,VEN,FRA,841330
3732836,239,77,8813,1996,0.0,165032.0,-0.9336469999999999,-0.10985199999999999,VNM,FRA,841330
3732837,243,77,8813,1996,0.0,6454.0,-1.304556,-1.200523,YEM,FRA,841330
3732838,246,77,8813,1996,1207.0,134484.0,0.456593,1.150786,ZAF,FRA,841330
3732839,248,77,8813,1996,0.0,19948.0,-0.393769,-0.34379,ZWE,FRA,841330
3732840,249,77,8813,1996,44134.0,203357.0,1.432225,1.675389,TWN,FRA,841330
3732841,250,77,8813,1996,12917.0,3909.0,1.084978,0.901755,ANS,FRA,841330
3732842,18,80,8813,1996,17201.0,0.0,1.549312,1.273767,BEL,GAB,841330
3732843,45,80,8813,1996,3718.0,1492.0,-1.4036309999999999,-1.090633,CMR,GAB,841330
3732844,61,80,8813,1996,12955.0,0.0,2.279976,-2.572299,DEU,GAB,841330
3732845,77,80,8813,1996,99549.0,0.0,1.69082,0.721312,FRA,GAB,841330
3732846,81,80,8813,1996,12462.0,0.0,1.850284,0.883084,GBR,GAB,841330
3732847,89,80,8813,1996,0.0,26341.0,-1.832253,-0.7935300000000001,GNQ,GAB,841330
3732848,111,80,8813,1996,5591.0,0.0,1.4674690000000001,1.263362,ITA,GAB,841330
3732849,114,80,8813,1996,53271.0,0.0,2.615364,0.5656939999999999,JPN,GAB,841330
3732850,159,80,8813,1996,1341.0,0.0,-1.813359,-1.1967,NGA,GAB,841330
3732851,162,80,8813,1996,51939.0,0.0,1.256625,1.803132,NLD,GAB,841330
3732852,192,80,8813,1996,1225.0,0.0,0.8354299999999999,0.41169799999999995,SGP,GAB,841330
3732853,231,80,8813,1996,112855.0,0.0,1.7110560000000001,1.125141,USA,GAB,841330
3732854,2,81,8813,1996,0.0,1678.0,-2.3109900000000003,-1.172849,AGO,GBR,841330
3732855,7,81,8813,1996,22999.0,41675.0,-0.245358,-0.726695,ARE,GBR,841330
3732856,8,81,8813,1996,20933.0,219946.0,0.167081,0.433612,ARG,GBR,841330
3732857,13,81,8813,1996,4549.0,1599.0,0.408319,-0.21640700000000002,ATG,GBR,841330
3732858,14,81,8813,1996,11928.0,300440.0,0.369697,0.78069,AUS,GBR,841330
3732859,15,81,8813,1996,4096239.0,588138.0,1.9216669999999998,0.659388,AUT,GBR,841330
3732860,18,81,8813,1996,3050728.0,8348488.0,1.549312,1.273767,BEL,GBR,841330
3732861,21,81,8813,1996,0.0,5854.0,-0.680996,-0.863442,BFA,GBR,841330
3732862,22,81,8813,1996,0.0,24398.0,-1.060876,-1.05104,BGD,GBR,841330
3732863,23,81,8813,1996,0.0,26820.0,0.544265,1.523408,BGR,GBR,841330
3732864,24,81,8813,1996,0.0,4653.0,-0.062207000000000005,-0.840398,BHR,GBR,841330
3732865,29,81,8813,1996,0.0,28312.0,-0.341173,-0.670063,BLZ,GBR,841330
3732866,31,81,8813,1996,0.0,1509.0,-0.589432,-0.7781,BOL,GBR,841330
3732867,32,81,8813,1996,5795042.0,715960.0,0.699658,1.271724,BRA,GBR,841330
3732868,33,81,8813,1996,20342.0,7881.0,0.9384979999999999,0.147479,BRB,GBR,841330
3732869,34,81,8813,1996,0.0,43954.0,-0.848331,-0.779511,BRN,GBR,841330
3732870,39,81,8813,1996,8975.0,35403.0,1.155706,1.1127049999999998,CAN,GBR,841330
3732871,41,81,8813,1996,86835.0,148182.0,2.246238,0.603288,CHE,GBR,841330
3732872,42,81,8813,1996,0.0,25245.0,-0.052811000000000004,-0.169464,CHL,GBR,841330
3732873,43,81,8813,1996,25329.0,2689780.0,0.404422,3.061344,CHN,GBR,841330
3732874,44,81,8813,1996,2458.0,26574.0,-0.8720459999999999,-0.7904479999999999,CIV,GBR,841330
3732875,45,81,8813,1996,0.0,62301.0,-1.4036309999999999,-1.090633,CMR,GBR,841330
3732876,49,81,8813,1996,0.0,25765.0,0.136487,0.078743,COL,GBR,841330
3732877,52,81,8813,1996,0.0,8799.0,-0.34219499999999997,0.12221900000000001,CRI,GBR,841330
3732878,57,81,8813,1996,0.0,4003.0,0.532622,-0.428501,CYM,GBR,841330
3732879,58,81,8813,1996,5558.0,24473.0,0.20007,0.020590999999999998,CYP,GBR,841330
3732880,59,81,8813,1996,25071.0,125127.0,1.401181,1.3094709999999998,CZE,GBR,841330
3732881,61,81,8813,1996,283624032.0,30476986.0,2.279976,-2.572299,DEU,GBR,841330
3732882,63,81,8813,1996,0.0,6250.0,0.44934399999999997,-0.023771,DMA,GBR,841330
3732883,64,81,8813,1996,8145.0,736815.0,1.443514,1.275684,DNK,GBR,841330
3732884,66,81,8813,1996,0.0,131458.0,-0.33419699999999997,-1.035736,DZA,GBR,841330
3732885,67,81,8813,1996,0.0,5378.0,-1.1391200000000001,-0.992735,ECU,GBR,841330
3732886,68,81,8813,1996,1160.0,15227.0,-0.5446409999999999,-0.229586,EGY,GBR,841330
3732887,71,81,8813,1996,3744301.0,9310472.0,1.105317,1.9473,ESP,GBR,841330
3732888,72,81,8813,1996,0.0,1865.0,0.53397,1.0877940000000001,EST,GBR,841330
3732889,74,81,8813,1996,68682.0,415201.0,2.0584729999999998,1.006908,FIN,GBR,841330
3732890,76,81,8813,1996,3387.0,0.0,0.7798039999999999,-0.524821,FLK,GBR,841330
3732891,77,81,8813,1996,143030432.0,46941380.0,1.69082,0.721312,FRA,GBR,841330
3732892,78,81,8813,1996,0.0,2201.0,-0.252693,-0.714691,FRO,GBR,841330
3732893,80,81,8813,1996,0.0,12462.0,-1.693615,-1.174433,GAB,GBR,841330
3732894,83,81,8813,1996,46906.0,8878.0,-1.035244,-0.9834129999999999,GHA,GBR,841330
3732895,87,81,8813,1996,0.0,5181.0,-1.028677,-0.8440540000000001,GMB,GBR,841330
3732896,90,81,8813,1996,5984.0,327886.0,0.271386,1.042608,GRC,GBR,841330
3732897,91,81,8813,1996,0.0,14406.0,0.285534,-0.37242600000000003,GRD,GBR,841330
3732898,92,81,8813,1996,0.0,3247.0,-0.8826879999999999,-0.777868,GRL,GBR,841330
3732899,93,81,8813,1996,0.0,5426.0,-0.332901,0.23790300000000003,GTM,GBR,841330
3732900,97,81,8813,1996,5043.0,159551.0,0.54364,2.727659,HKG,GBR,841330
3732901,99,81,8813,1996,0.0,9446.0,-0.69357,-0.48721400000000004,HND,GBR,841330
3732902,100,81,8813,1996,10846.0,24472.0,0.772706,1.1075270000000002,HRV,GBR,841330
3732903,102,81,8813,1996,20889542.0,14890.0,0.790036,1.891534,HUN,GBR,841330
3732904,103,81,8813,1996,0.0,69689.0,-0.43199899999999997,1.22074,IDN,GBR,841330
3732905,104,81,8813,1996,441637.0,67113.0,0.20685599999999998,2.317622,IND,GBR,841330
3732906,106,81,8813,1996,29644.0,2139854.0,1.386011,0.9232100000000001,IRL,GBR,841330
3732907,107,81,8813,1996,0.0,1358800.0,-0.7496649999999999,-1.1173520000000001,IRN,GBR,841330
3732908,109,81,8813,1996,0.0,959.0,0.003558,-0.551796,ISL,GBR,841330
3732909,110,81,8813,1996,5007.0,82786.0,1.054975,1.072965,ISR,GBR,841330
3732910,111,81,8813,1996,9192414.0,6802128.0,1.4674690000000001,1.263362,ITA,GBR,841330
3732911,112,81,8813,1996,12620.0,19965.0,-0.6344350000000001,-0.814916,JAM,GBR,841330
3732912,113,81,8813,1996,0.0,25375.0,0.12203499999999999,-0.41859399999999997,JOR,GBR,841330
3732913,114,81,8813,1996,44768848.0,311763.0,2.615364,0.5656939999999999,JPN,GBR,841330
3732914,116,81,8813,1996,0.0,110832.0,-0.468322,-0.017625,KEN,GBR,841330
3732915,117,81,8813,1996,0.0,2093.0,0.350901,0.529512,KGZ,GBR,841330
3732916,120,81,8813,1996,0.0,7889.0,0.546384,-0.463373,KNA,GBR,841330
3732917,121,81,8813,1996,2127439.0,268461.0,0.8946940000000001,1.240424,KOR,GBR,841330
3732918,122,81,8813,1996,35478.0,0.0,-0.27174499999999996,-1.098243,KWT,GBR,841330
3732919,124,81,8813,1996,0.0,90049.0,-0.051973,0.002154,LBN,GBR,841330
3732920,126,81,8813,1996,43646.0,37610.0,-0.588489,-1.138552,LBY,GBR,841330
3732921,127,81,8813,1996,0.0,28409.0,0.016224000000000002,-0.664312,LCA,GBR,841330
3732922,128,81,8813,1996,0.0,12905.0,-0.812763,-0.188722,LKA,GBR,841330
3732923,130,81,8813,1996,0.0,10336.0,0.40520500000000004,0.9465950000000001,LTU,GBR,841330
3732924,132,81,8813,1996,0.0,1276.0,0.33418600000000004,0.1615,LVA,GBR,841330
3732925,134,81,8813,1996,12821.0,88474.0,-0.67314,-0.241242,MAR,GBR,841330
3732926,136,81,8813,1996,0.0,5469.0,-1.213619,-0.606686,MDG,GBR,841330
3732927,138,81,8813,1996,97909.0,9130.0,0.651949,0.9132170000000001,MEX,GBR,841330
3732928,141,81,8813,1996,0.0,2486.0,-0.987858,-0.9677040000000001,MLI,GBR,841330
3732929,142,81,8813,1996,2180.0,78659.0,0.8825440000000001,0.066541,MLT,GBR,841330
3732930,143,81,8813,1996,0.0,7814.0,-1.556357,-1.078395,MMR,GBR,841330
3732931,147,81,8813,1996,0.0,1985.0,-1.331264,-1.1260270000000001,MOZ,GBR,841330
3732932,149,81,8813,1996,0.0,1328.0,0.659518,-0.540708,MSR,GBR,841330
3732933,151,81,8813,1996,0.0,40073.0,-0.538651,-0.746274,MUS,GBR,841330
3732934,152,81,8813,1996,1009.0,1369.0,-1.332586,-1.115859,MWI,GBR,841330
3732935,153,81,8813,1996,116183.0,39471.0,0.351774,0.347262,MYS,GBR,841330
3732936,156,81,8813,1996,0.0,1071.0,-0.951583,-0.785157,NCL,GBR,841330
3732937,157,81,8813,1996,0.0,1256.0,-0.594771,-0.643008,NER,GBR,841330
3732938,159,81,8813,1996,2357.0,24495.0,-1.813359,-1.1967,NGA,GBR,841330
3732939,160,81,8813,1996,0.0,2405.0,-0.767799,-0.737816,NIC,GBR,841330
3732940,162,81,8813,1996,1969114.0,3299628.0,1.256625,1.803132,NLD,GBR,841330
3732941,163,81,8813,1996,226502.0,558302.0,1.204869,0.303062,NOR,GBR,841330
3732942,166,81,8813,1996,164552.0,100896.0,0.49466099999999996,0.8302879999999999,NZL,GBR,841330
3732943,167,81,8813,1996,0.0,5524.0,-0.10243499999999998,-0.8425879999999999,OMN,GBR,841330
3732944,168,81,8813,1996,0.0,26498.0,-0.7543300000000001,-0.393654,PAK,GBR,841330
3732945,169,81,8813,1996,0.0,2538.0,-0.100537,-0.374129,PAN,GBR,841330
3732946,173,81,8813,1996,0.0,21042.0,-0.43761000000000005,-0.28077399999999997,PER,GBR,841330
3732947,174,81,8813,1996,0.0,7923.0,-0.276548,0.344986,PHL,GBR,841330
3732948,177,81,8813,1996,85248.0,5866.0,0.795489,1.9004729999999999,POL,GBR,841330
3732949,178,81,8813,1996,0.0,7065.0,0.725014,1.20189,PRK,GBR,841330
3732950,179,81,8813,1996,13439.0,839733.0,0.39343,1.170144,PRT,GBR,841330
3732951,180,81,8813,1996,0.0,10057.0,-0.506178,-0.712851,PRY,GBR,841330
3732952,182,81,8813,1996,0.0,28521.0,0.845308,-0.31763,PYF,GBR,841330
3732953,183,81,8813,1996,29048.0,7253.0,-0.48203500000000005,-1.117173,QAT,GBR,841330
3732954,185,81,8813,1996,0.0,472748.0,0.612035,0.880964,ROU,GBR,841330
3732955,186,81,8813,1996,62341.0,13594.0,0.900185,0.47723000000000004,RUS,GBR,841330
3732956,187,81,8813,1996,0.0,819.0,0.07343,-0.520246,RWA,GBR,841330
3732957,188,81,8813,1996,63043.0,66834.0,0.215265,-0.8577309999999999,SAU,GBR,841330
3732958,189,81,8813,1996,0.0,5350.0,0.786293,2.20126,SCG,GBR,841330
3732959,190,81,8813,1996,0.0,35239.0,-1.4146459999999998,-1.181707,SDN,GBR,841330
3732960,191,81,8813,1996,0.0,1641.0,-0.619785,-0.712171,SEN,GBR,841330
3732961,192,81,8813,1996,9432.0,132239.0,0.8354299999999999,0.41169799999999995,SGP,GBR,841330
3732962,194,81,8813,1996,0.0,4064.0,0.500915,-0.40995299999999996,SHN,GBR,841330
3732963,197,81,8813,1996,0.0,5314.0,-0.24968800000000002,-0.121995,SLV,GBR,841330
3732964,205,81,8813,1996,0.0,6350.0,-0.93463,-0.797197,SUR,GBR,841330
3732965,206,81,8813,1996,3373.0,6675.0,1.189398,1.29167,SVK,GBR,841330
3732966,207,81,8813,1996,110069.0,46078.0,1.409184,1.37245,SVN,GBR,841330
3732967,208,81,8813,1996,1987468.0,1354116.0,2.133781,0.9099889999999999,SWE,GBR,841330
3732968,211,81,8813,1996,0.0,15053.0,0.239125,-0.458433,SYC,GBR,841330
3732969,216,81,8813,1996,68633.0,84182.0,0.10120599999999999,1.351967,THA,GBR,841330
3732970,219,81,8813,1996,0.0,98979.0,-0.756087,-1.160548,TKM,GBR,841330
3732971,222,81,8813,1996,921.0,4425.0,0.19111,-0.488382,TTO,GBR,841330
3732972,223,81,8813,1996,0.0,19976.0,-0.28546,-0.089051,TUN,GBR,841330
3732973,224,81,8813,1996,2748020.0,6632158.0,0.156866,1.554023,TUR,GBR,841330
3732974,226,81,8813,1996,0.0,1021.0,-1.391534,-0.907436,TZA,GBR,841330
3732975,227,81,8813,1996,760.0,5155.0,-0.931124,-0.925523,UGA,GBR,841330
3732976,228,81,8813,1996,0.0,35610.0,0.896537,0.9241459999999999,UKR,GBR,841330
3732977,230,81,8813,1996,0.0,5293.0,0.171541,0.313934,URY,GBR,841330
3732978,231,81,8813,1996,22890838.0,29719032.0,1.7110560000000001,1.125141,USA,GBR,841330
3732979,236,81,8813,1996,0.0,25714.0,0.07086100000000001,-0.761307,VEN,GBR,841330
3732980,239,81,8813,1996,0.0,1245.0,-0.9336469999999999,-0.10985199999999999,VNM,GBR,841330
3732981,243,81,8813,1996,0.0,4608.0,-1.304556,-1.200523,YEM,GBR,841330
3732982,246,81,8813,1996,153401.0,641017.0,0.456593,1.150786,ZAF,GBR,841330
3732983,247,81,8813,1996,0.0,12474.0,-0.340956,-0.714009,ZMB,GBR,841330
3732984,248,81,8813,1996,1850.0,0.0,-0.393769,-0.34379,ZWE,GBR,841330
3732985,249,81,8813,1996,899253.0,736781.0,1.432225,1.675389,TWN,GBR,841330
3732986,4,90,8813,1996,0.0,19738.0,-0.309992,-0.039541,ALB,GRC,841330
3732987,14,90,8813,1996,1407.0,0.0,0.369697,0.78069,AUS,GRC,841330
3732988,15,90,8813,1996,1088.0,0.0,1.9216669999999998,0.659388,AUT,GRC,841330
3732989,18,90,8813,1996,139591.0,0.0,1.549312,1.273767,BEL,GRC,841330
3732990,23,90,8813,1996,20059.0,6057.0,0.544265,1.523408,BGR,GRC,841330
3732991,32,90,8813,1996,2719.0,0.0,0.699658,1.271724,BRA,GRC,841330
3732992,39,90,8813,1996,8219.0,0.0,1.155706,1.1127049999999998,CAN,GRC,841330
3732993,41,90,8813,1996,3483.0,0.0,2.246238,0.603288,CHE,GRC,841330
3732994,43,90,8813,1996,37285.0,24030.0,0.404422,3.061344,CHN,GRC,841330
3732995,45,90,8813,1996,3370.0,4000.0,-1.4036309999999999,-1.090633,CMR,GRC,841330
3732996,58,90,8813,1996,0.0,20425.0,0.20007,0.020590999999999998,CYP,GRC,841330
3732997,59,90,8813,1996,26868.0,0.0,1.401181,1.3094709999999998,CZE,GRC,841330
3732998,61,90,8813,1996,2692716.0,16781.0,2.279976,-2.572299,DEU,GRC,841330
3732999,68,90,8813,1996,0.0,7263.0,-0.5446409999999999,-0.229586,EGY,GRC,841330
3733000,71,90,8813,1996,212411.0,19948.0,1.105317,1.9473,ESP,GRC,841330
3733001,74,90,8813,1996,9878.0,0.0,2.0584729999999998,1.006908,FIN,GRC,841330
3733002,77,90,8813,1996,297028.0,0.0,1.69082,0.721312,FRA,GRC,841330
3733003,81,90,8813,1996,327886.0,5984.0,1.850284,0.883084,GBR,GRC,841330
3733004,100,90,8813,1996,40066.0,0.0,0.772706,1.1075270000000002,HRV,GRC,841330
3733005,102,90,8813,1996,5944.0,0.0,0.790036,1.891534,HUN,GRC,841330
3733006,104,90,8813,1996,4805.0,0.0,0.20685599999999998,2.317622,IND,GRC,841330
3733007,106,90,8813,1996,2844.0,0.0,1.386011,0.9232100000000001,IRL,GRC,841330
3733008,111,90,8813,1996,2583758.0,58237.0,1.4674690000000001,1.263362,ITA,GRC,841330
3733009,114,90,8813,1996,1705071.0,0.0,2.615364,0.5656939999999999,JPN,GRC,841330
3733010,121,90,8813,1996,60475.0,0.0,0.8946940000000001,1.240424,KOR,GRC,841330
3733011,130,90,8813,1996,1259.0,0.0,0.40520500000000004,0.9465950000000001,LTU,GRC,841330
3733012,140,90,8813,1996,0.0,5144.0,0.316133,0.933068,MKD,GRC,841330
3733013,153,90,8813,1996,0.0,1545.0,0.351774,0.347262,MYS,GRC,841330
3733014,162,90,8813,1996,56353.0,2334.0,1.256625,1.803132,NLD,GRC,841330
3733015,185,90,8813,1996,22524.0,4138.0,0.612035,0.880964,ROU,GRC,841330
3733016,186,90,8813,1996,6696.0,0.0,0.900185,0.47723000000000004,RUS,GRC,841330
3733017,189,90,8813,1996,0.0,1771.0,0.786293,2.20126,SCG,GRC,841330
3733018,192,90,8813,1996,6733.0,0.0,0.8354299999999999,0.41169799999999995,SGP,GRC,841330
3733019,207,90,8813,1996,7190.0,0.0,1.409184,1.37245,SVN,GRC,841330
3733020,208,90,8813,1996,65968.0,0.0,2.133781,0.9099889999999999,SWE,GRC,841330
3733021,224,90,8813,1996,48370.0,0.0,0.156866,1.554023,TUR,GRC,841330
3733022,231,90,8813,1996,49120.0,14229.0,1.7110560000000001,1.125141,USA,GRC,841330
3733023,249,90,8813,1996,36233.0,0.0,1.432225,1.675389,TWN,GRC,841330
3733024,8,93,8813,1996,1367.0,988.0,0.167081,0.433612,ARG,GTM,841330
3733025,29,93,8813,1996,0.0,1600.0,-0.341173,-0.670063,BLZ,GTM,841330
3733026,32,93,8813,1996,35375.0,0.0,0.699658,1.271724,BRA,GTM,841330
3733027,43,93,8813,1996,812.0,0.0,0.404422,3.061344,CHN,GTM,841330
3733028,52,93,8813,1996,0.0,2652.0,-0.34219499999999997,0.12221900000000001,CRI,GTM,841330
3733029,61,93,8813,1996,14349.0,0.0,2.279976,-2.572299,DEU,GTM,841330
3733030,64,93,8813,1996,1633.0,0.0,1.443514,1.275684,DNK,GTM,841330
3733031,71,93,8813,1996,1589.0,0.0,1.105317,1.9473,ESP,GTM,841330
3733032,74,93,8813,1996,11366.0,0.0,2.0584729999999998,1.006908,FIN,GTM,841330
3733033,81,93,8813,1996,5426.0,0.0,1.850284,0.883084,GBR,GTM,841330
3733034,99,93,8813,1996,0.0,2364.0,-0.69357,-0.48721400000000004,HND,GTM,841330
3733035,111,93,8813,1996,25416.0,0.0,1.4674690000000001,1.263362,ITA,GTM,841330
3733036,114,93,8813,1996,452354.0,0.0,2.615364,0.5656939999999999,JPN,GTM,841330
3733037,121,93,8813,1996,9339.0,0.0,0.8946940000000001,1.240424,KOR,GTM,841330
3733038,138,93,8813,1996,66406.0,17219.0,0.651949,0.9132170000000001,MEX,GTM,841330
3733039,169,93,8813,1996,5002.0,0.0,-0.100537,-0.374129,PAN,GTM,841330
3733040,197,93,8813,1996,0.0,1016.0,-0.24968800000000002,-0.121995,SLV,GTM,841330
3733041,208,93,8813,1996,2802.0,0.0,2.133781,0.9099889999999999,SWE,GTM,841330
3733042,231,93,8813,1996,362302.0,2667.0,1.7110560000000001,1.125141,USA,GTM,841330
3733043,249,93,8813,1996,18642.0,0.0,1.432225,1.675389,TWN,GTM,841330
3733044,7,97,8813,1996,85460.0,0.0,-0.245358,-0.726695,ARE,HKG,841330
3733045,8,97,8813,1996,31673.0,0.0,0.167081,0.433612,ARG,HKG,841330
3733046,14,97,8813,1996,266840.0,1667.0,0.369697,0.78069,AUS,HKG,841330
3733047,15,97,8813,1996,17850.0,0.0,1.9216669999999998,0.659388,AUT,HKG,841330
3733048,18,97,8813,1996,73435.0,0.0,1.549312,1.273767,BEL,HKG,841330
3733049,32,97,8813,1996,101349.0,2017.0,0.699658,1.271724,BRA,HKG,841330
3733050,41,97,8813,1996,6924.0,0.0,2.246238,0.603288,CHE,HKG,841330
3733051,43,97,8813,1996,12196.0,535839.0,0.404422,3.061344,CHN,HKG,841330
3733052,61,97,8813,1996,1770508.0,4552.0,2.279976,-2.572299,DEU,HKG,841330
3733053,64,97,8813,1996,25791.0,0.0,1.443514,1.275684,DNK,HKG,841330
3733054,71,97,8813,1996,78881.0,0.0,1.105317,1.9473,ESP,HKG,841330
3733055,74,97,8813,1996,52614.0,16222.0,2.0584729999999998,1.006908,FIN,HKG,841330
3733056,77,97,8813,1996,248296.0,29774.0,1.69082,0.721312,FRA,HKG,841330
3733057,81,97,8813,1996,159551.0,5043.0,1.850284,0.883084,GBR,HKG,841330
3733058,103,97,8813,1996,0.0,19452.0,-0.43199899999999997,1.22074,IDN,HKG,841330
3733059,111,97,8813,1996,199835.0,0.0,1.4674690000000001,1.263362,ITA,HKG,841330
3733060,114,97,8813,1996,9902038.0,11814.0,2.615364,0.5656939999999999,JPN,HKG,841330
3733061,121,97,8813,1996,124273.0,1423.0,0.8946940000000001,1.240424,KOR,HKG,841330
3733062,133,97,8813,1996,22443.0,6385.0,-0.23007399999999997,-0.34139400000000003,MAC,HKG,841330
3733063,142,97,8813,1996,0.0,1274.0,0.8825440000000001,0.066541,MLT,HKG,841330
3733064,153,97,8813,1996,39051.0,7014.0,0.351774,0.347262,MYS,HKG,841330
3733065,159,97,8813,1996,0.0,3446.0,-1.813359,-1.1967,NGA,HKG,841330
3733066,162,97,8813,1996,3717.0,2674.0,1.256625,1.803132,NLD,HKG,841330
3733067,163,97,8813,1996,0.0,24525.0,1.204869,0.303062,NOR,HKG,841330
3733068,174,97,8813,1996,0.0,17740.0,-0.276548,0.344986,PHL,HKG,841330
3733069,179,97,8813,1996,0.0,1638.0,0.39343,1.170144,PRT,HKG,841330
3733070,192,97,8813,1996,73476.0,32642.0,0.8354299999999999,0.41169799999999995,SGP,HKG,841330
3733071,208,97,8813,1996,123708.0,51222.0,2.133781,0.9099889999999999,SWE,HKG,841330
3733072,216,97,8813,1996,43350.0,15571.0,0.10120599999999999,1.351967,THA,HKG,841330
3733073,230,97,8813,1996,0.0,7619.0,0.171541,0.313934,URY,HKG,841330
3733074,231,97,8813,1996,1514421.0,15877.0,1.7110560000000001,1.125141,USA,HKG,841330
3733075,236,97,8813,1996,0.0,985.0,0.07086100000000001,-0.761307,VEN,HKG,841330
3733076,246,97,8813,1996,0.0,4711.0,0.456593,1.150786,ZAF,HKG,841330
3733077,249,97,8813,1996,950201.0,0.0,1.432225,1.675389,TWN,HKG,841330
3733078,32,99,8813,1996,7158.0,0.0,0.699658,1.271724,BRA,HND,841330
3733079,61,99,8813,1996,9316.0,0.0,2.279976,-2.572299,DEU,HND,841330
3733080,71,99,8813,1996,724.0,0.0,1.105317,1.9473,ESP,HND,841330
3733081,77,99,8813,1996,1188.0,0.0,1.69082,0.721312,FRA,HND,841330
3733082,81,99,8813,1996,9446.0,0.0,1.850284,0.883084,GBR,HND,841330
3733083,93,99,8813,1996,2364.0,0.0,-0.332901,0.23790300000000003,GTM,HND,841330
3733084,111,99,8813,1996,2144.0,0.0,1.4674690000000001,1.263362,ITA,HND,841330
3733085,114,99,8813,1996,72579.0,0.0,2.615364,0.5656939999999999,JPN,HND,841330
3733086,121,99,8813,1996,40738.0,0.0,0.8946940000000001,1.240424,KOR,HND,841330
3733087,138,99,8813,1996,6602.0,0.0,0.651949,0.9132170000000001,MEX,HND,841330
3733088,162,99,8813,1996,11729.0,0.0,1.256625,1.803132,NLD,HND,841330
3733089,169,99,8813,1996,25647.0,0.0,-0.100537,-0.374129,PAN,HND,841330
3733090,178,99,8813,1996,8672.0,0.0,0.725014,1.20189,PRK,HND,841330
3733091,231,99,8813,1996,219107.0,6720.0,1.7110560000000001,1.125141,USA,HND,841330
3733092,249,99,8813,1996,18858.0,0.0,1.432225,1.675389,TWN,HND,841330
3733093,250,99,8813,1996,1405.0,0.0,1.084978,0.901755,ANS,HND,841330
3733094,15,106,8813,1996,5588.0,29695.0,1.9216669999999998,0.659388,AUT,IRL,841330
3733095,18,106,8813,1996,195709.0,1696.0,1.549312,1.273767,BEL,IRL,841330
3733096,32,106,8813,1996,0.0,186218.0,0.699658,1.271724,BRA,IRL,841330
3733097,39,106,8813,1996,1610.0,2674.0,1.155706,1.1127049999999998,CAN,IRL,841330
3733098,41,106,8813,1996,0.0,4950.0,2.246238,0.603288,CHE,IRL,841330
3733099,43,106,8813,1996,0.0,1488.0,0.404422,3.061344,CHN,IRL,841330
3733100,59,106,8813,1996,15185.0,0.0,1.401181,1.3094709999999998,CZE,IRL,841330
3733101,61,106,8813,1996,348707.0,6450.0,2.279976,-2.572299,DEU,IRL,841330
3733102,64,106,8813,1996,28413.0,2637.0,1.443514,1.275684,DNK,IRL,841330
3733103,66,106,8813,1996,0.0,9507.0,-0.33419699999999997,-1.035736,DZA,IRL,841330
3733104,71,106,8813,1996,27418.0,0.0,1.105317,1.9473,ESP,IRL,841330
3733105,74,106,8813,1996,0.0,47825.0,2.0584729999999998,1.006908,FIN,IRL,841330
3733106,77,106,8813,1996,164312.0,39127.0,1.69082,0.721312,FRA,IRL,841330
3733107,81,106,8813,1996,2139854.0,29644.0,1.850284,0.883084,GBR,IRL,841330
3733108,90,106,8813,1996,0.0,2844.0,0.271386,1.042608,GRC,IRL,841330
3733109,102,106,8813,1996,0.0,1507.0,0.790036,1.891534,HUN,IRL,841330
3733110,111,106,8813,1996,218144.0,98547.0,1.4674690000000001,1.263362,ITA,IRL,841330
3733111,114,106,8813,1996,89866.0,0.0,2.615364,0.5656939999999999,JPN,IRL,841330
3733112,121,106,8813,1996,1122.0,0.0,0.8946940000000001,1.240424,KOR,IRL,841330
3733113,153,106,8813,1996,0.0,6014.0,0.351774,0.347262,MYS,IRL,841330
3733114,162,106,8813,1996,55747.0,0.0,1.256625,1.803132,NLD,IRL,841330
3733115,163,106,8813,1996,1423.0,14787.0,1.204869,0.303062,NOR,IRL,841330
3733116,192,106,8813,1996,7407.0,0.0,0.8354299999999999,0.41169799999999995,SGP,IRL,841330
3733117,206,106,8813,1996,9629.0,746.0,1.189398,1.29167,SVK,IRL,841330
3733118,208,106,8813,1996,32147.0,6938.0,2.133781,0.9099889999999999,SWE,IRL,841330
3733119,211,106,8813,1996,0.0,1469.0,0.239125,-0.458433,SYC,IRL,841330
3733120,224,106,8813,1996,7190.0,5961.0,0.156866,1.554023,TUR,IRL,841330
3733121,231,106,8813,1996,32830.0,8725.0,1.7110560000000001,1.125141,USA,IRL,841330
3733122,246,106,8813,1996,0.0,6965.0,0.456593,1.150786,ZAF,IRL,841330
3733123,8,110,8813,1996,29582.0,0.0,0.167081,0.433612,ARG,ISR,841330
3733124,14,110,8813,1996,3865.0,926.0,0.369697,0.78069,AUS,ISR,841330
3733125,18,110,8813,1996,240996.0,0.0,1.549312,1.273767,BEL,ISR,841330
3733126,32,110,8813,1996,33343.0,0.0,0.699658,1.271724,BRA,ISR,841330
3733127,44,110,8813,1996,0.0,1869.0,-0.8720459999999999,-0.7904479999999999,CIV,ISR,841330
3733128,49,110,8813,1996,0.0,20287.0,0.136487,0.078743,COL,ISR,841330
3733129,59,110,8813,1996,34779.0,0.0,1.401181,1.3094709999999998,CZE,ISR,841330
3733130,61,110,8813,1996,1190548.0,2299.0,2.279976,-2.572299,DEU,ISR,841330
3733131,71,110,8813,1996,183824.0,1714.0,1.105317,1.9473,ESP,ISR,841330
3733132,77,110,8813,1996,176826.0,11636.0,1.69082,0.721312,FRA,ISR,841330
3733133,81,110,8813,1996,82786.0,5007.0,1.850284,0.883084,GBR,ISR,841330
3733134,104,110,8813,1996,4594.0,0.0,0.20685599999999998,2.317622,IND,ISR,841330
3733135,111,110,8813,1996,502951.0,5563.0,1.4674690000000001,1.263362,ITA,ISR,841330
3733136,114,110,8813,1996,872121.0,0.0,2.615364,0.5656939999999999,JPN,ISR,841330
3733137,121,110,8813,1996,16570.0,0.0,0.8946940000000001,1.240424,KOR,ISR,841330
3733138,138,110,8813,1996,0.0,2652.0,0.651949,0.9132170000000001,MEX,ISR,841330
3733139,162,110,8813,1996,66199.0,44892.0,1.256625,1.803132,NLD,ISR,841330
3733140,186,110,8813,1996,0.0,3190.0,0.900185,0.47723000000000004,RUS,ISR,841330
3733141,192,110,8813,1996,48568.0,0.0,0.8354299999999999,0.41169799999999995,SGP,ISR,841330
3733142,208,110,8813,1996,38634.0,59140.0,2.133781,0.9099889999999999,SWE,ISR,841330
3733143,216,110,8813,1996,0.0,10983.0,0.10120599999999999,1.351967,THA,ISR,841330
3733144,224,110,8813,1996,26139.0,0.0,0.156866,1.554023,TUR,ISR,841330
3733145,231,110,8813,1996,1072048.0,469867.0,1.7110560000000001,1.125141,USA,ISR,841330
3733146,246,110,8813,1996,1349.0,3369.0,0.456593,1.150786,ZAF,ISR,841330
3733147,249,110,8813,1996,71630.0,0.0,1.432225,1.675389,TWN,ISR,841330
3733148,250,110,8813,1996,45376.0,0.0,1.084978,0.901755,ANS,ISR,841330
3733149,1,111,8813,1996,0.0,206597.0,-0.31642600000000004,-0.620458,AFG,ITA,841330
3733150,2,111,8813,1996,0.0,2611.0,-2.3109900000000003,-1.172849,AGO,ITA,841330
3733151,4,111,8813,1996,0.0,35965.0,-0.309992,-0.039541,ALB,ITA,841330
3733152,7,111,8813,1996,64825.0,354901.0,-0.245358,-0.726695,ARE,ITA,841330
3733153,8,111,8813,1996,202669.0,6590760.0,0.167081,0.433612,ARG,ITA,841330
3733154,14,111,8813,1996,4011.0,299203.0,0.369697,0.78069,AUS,ITA,841330
3733155,15,111,8813,1996,2056030.0,2502778.0,1.9216669999999998,0.659388,AUT,ITA,841330
3733156,17,111,8813,1996,0.0,3082.0,-0.955951,-0.8721180000000001,BDI,ITA,841330
3733157,18,111,8813,1996,1675805.0,4256708.0,1.549312,1.273767,BEL,ITA,841330
3733158,19,111,8813,1996,0.0,12349.0,-1.0032729999999999,-0.794779,BEN,ITA,841330
3733159,21,111,8813,1996,0.0,5812.0,-0.680996,-0.863442,BFA,ITA,841330
3733160,22,111,8813,1996,0.0,7305.0,-1.060876,-1.05104,BGD,ITA,841330
3733161,23,111,8813,1996,0.0,52481.0,0.544265,1.523408,BGR,ITA,841330
3733162,24,111,8813,1996,0.0,14425.0,-0.062207000000000005,-0.840398,BHR,ITA,841330
3733163,26,111,8813,1996,271132.0,24863.0,0.679466,0.730425,BIH,ITA,841330
3733164,28,111,8813,1996,0.0,3246.0,0.7285550000000001,0.660716,BLR,ITA,841330
3733165,31,111,8813,1996,0.0,8033.0,-0.589432,-0.7781,BOL,ITA,841330
3733166,32,111,8813,1996,31869.0,1618469.0,0.699658,1.271724,BRA,ITA,841330
3733167,39,111,8813,1996,0.0,237152.0,1.155706,1.1127049999999998,CAN,ITA,841330
3733168,41,111,8813,1996,86870.0,927942.0,2.246238,0.603288,CHE,ITA,841330
3733169,42,111,8813,1996,0.0,298240.0,-0.052811000000000004,-0.169464,CHL,ITA,841330
3733170,43,111,8813,1996,0.0,577918.0,0.404422,3.061344,CHN,ITA,841330
3733171,44,111,8813,1996,0.0,63277.0,-0.8720459999999999,-0.7904479999999999,CIV,ITA,841330
3733172,45,111,8813,1996,0.0,2806.0,-1.4036309999999999,-1.090633,CMR,ITA,841330
3733173,47,111,8813,1996,0.0,3543.0,-1.522142,-1.165936,COG,ITA,841330
3733174,49,111,8813,1996,0.0,79497.0,0.136487,0.078743,COL,ITA,841330
3733175,52,111,8813,1996,0.0,28218.0,-0.34219499999999997,0.12221900000000001,CRI,ITA,841330
3733176,54,111,8813,1996,0.0,2868.0,-0.555246,-1.0420479999999999,CUB,ITA,841330
3733177,58,111,8813,1996,0.0,59289.0,0.20007,0.020590999999999998,CYP,ITA,841330
3733178,59,111,8813,1996,687676.0,245732.0,1.401181,1.3094709999999998,CZE,ITA,841330
3733179,61,111,8813,1996,227029584.0,17037528.0,2.279976,-2.572299,DEU,ITA,841330
3733180,62,111,8813,1996,1433.0,1621.0,-0.20838099999999998,-0.668964,DJI,ITA,841330
3733181,64,111,8813,1996,44646.0,1147478.0,1.443514,1.275684,DNK,ITA,841330
3733182,65,111,8813,1996,0.0,40675.0,-0.596093,-0.5602060000000001,DOM,ITA,841330
3733183,66,111,8813,1996,0.0,355585.0,-0.33419699999999997,-1.035736,DZA,ITA,841330
3733184,67,111,8813,1996,0.0,23219.0,-1.1391200000000001,-0.992735,ECU,ITA,841330
3733185,68,111,8813,1996,0.0,445037.0,-0.5446409999999999,-0.229586,EGY,ITA,841330
3733186,69,111,8813,1996,0.0,12179.0,-0.31049499999999997,-0.656459,ERI,ITA,841330
3733187,71,111,8813,1996,1714605.0,7827607.0,1.105317,1.9473,ESP,ITA,841330
3733188,72,111,8813,1996,0.0,55013.0,0.53397,1.0877940000000001,EST,ITA,841330
3733189,73,111,8813,1996,0.0,36117.0,-1.265383,-1.131925,ETH,ITA,841330
3733190,74,111,8813,1996,56547.0,1493617.0,2.0584729999999998,1.006908,FIN,ITA,841330
3733191,77,111,8813,1996,49740160.0,15884494.0,1.69082,0.721312,FRA,ITA,841330
3733192,78,111,8813,1996,0.0,226.0,-0.252693,-0.714691,FRO,ITA,841330
3733193,80,111,8813,1996,0.0,5591.0,-1.693615,-1.174433,GAB,ITA,841330
3733194,81,111,8813,1996,6802128.0,9192414.0,1.850284,0.883084,GBR,ITA,841330
3733195,83,111,8813,1996,0.0,10548.0,-1.035244,-0.9834129999999999,GHA,ITA,841330
3733196,85,111,8813,1996,0.0,1050.0,-1.2641930000000001,-1.1317409999999999,GIN,ITA,841330
3733197,90,111,8813,1996,58237.0,2583758.0,0.271386,1.042608,GRC,ITA,841330
3733198,93,111,8813,1996,0.0,25416.0,-0.332901,0.23790300000000003,GTM,ITA,841330
3733199,96,111,8813,1996,0.0,2848.0,-0.567617,-0.766822,GUY,ITA,841330
3733200,97,111,8813,1996,0.0,199835.0,0.54364,2.727659,HKG,ITA,841330
3733201,99,111,8813,1996,0.0,2144.0,-0.69357,-0.48721400000000004,HND,ITA,841330
3733202,100,111,8813,1996,1682.0,528647.0,0.772706,1.1075270000000002,HRV,ITA,841330
3733203,102,111,8813,1996,12321.0,546631.0,0.790036,1.891534,HUN,ITA,841330
3733204,103,111,8813,1996,0.0,19460.0,-0.43199899999999997,1.22074,IDN,ITA,841330
3733205,104,111,8813,1996,41204.0,121515.0,0.20685599999999998,2.317622,IND,ITA,841330
3733206,106,111,8813,1996,98547.0,218144.0,1.386011,0.9232100000000001,IRL,ITA,841330
3733207,109,111,8813,1996,0.0,14178.0,0.003558,-0.551796,ISL,ITA,841330
3733208,110,111,8813,1996,5563.0,502951.0,1.054975,1.072965,ISR,ITA,841330
3733209,112,111,8813,1996,0.0,1847.0,-0.6344350000000001,-0.814916,JAM,ITA,841330
3733210,113,111,8813,1996,0.0,126399.0,0.12203499999999999,-0.41859399999999997,JOR,ITA,841330
3733211,114,111,8813,1996,8824972.0,294606.0,2.615364,0.5656939999999999,JPN,ITA,841330
3733212,116,111,8813,1996,1958.0,126030.0,-0.468322,-0.017625,KEN,ITA,841330
3733213,121,111,8813,1996,166281.0,239006.0,0.8946940000000001,1.240424,KOR,ITA,841330
3733214,122,111,8813,1996,0.0,141450.0,-0.27174499999999996,-1.098243,KWT,ITA,841330
3733215,124,111,8813,1996,0.0,302662.0,-0.051973,0.002154,LBN,ITA,841330
3733216,126,111,8813,1996,0.0,188461.0,-0.588489,-1.138552,LBY,ITA,841330
3733217,128,111,8813,1996,0.0,14416.0,-0.812763,-0.188722,LKA,ITA,841330
3733218,130,111,8813,1996,926.0,60456.0,0.40520500000000004,0.9465950000000001,LTU,ITA,841330
3733219,132,111,8813,1996,0.0,9419.0,0.33418600000000004,0.1615,LVA,ITA,841330
3733220,134,111,8813,1996,0.0,1074727.0,-0.67314,-0.241242,MAR,ITA,841330
3733221,136,111,8813,1996,0.0,5106.0,-1.213619,-0.606686,MDG,ITA,841330
3733222,138,111,8813,1996,0.0,74800.0,0.651949,0.9132170000000001,MEX,ITA,841330
3733223,140,111,8813,1996,0.0,22689.0,0.316133,0.933068,MKD,ITA,841330
3733224,142,111,8813,1996,0.0,248119.0,0.8825440000000001,0.066541,MLT,ITA,841330
3733225,147,111,8813,1996,0.0,1713.0,-1.331264,-1.1260270000000001,MOZ,ITA,841330
3733226,151,111,8813,1996,0.0,15418.0,-0.538651,-0.746274,MUS,ITA,841330
3733227,152,111,8813,1996,0.0,1089.0,-1.332586,-1.115859,MWI,ITA,841330
3733228,153,111,8813,1996,5931.0,276289.0,0.351774,0.347262,MYS,ITA,841330
3733229,156,111,8813,1996,0.0,12604.0,-0.951583,-0.785157,NCL,ITA,841330
3733230,157,111,8813,1996,0.0,2568.0,-0.594771,-0.643008,NER,ITA,841330
3733231,159,111,8813,1996,0.0,53376.0,-1.813359,-1.1967,NGA,ITA,841330
3733232,160,111,8813,1996,0.0,3806.0,-0.767799,-0.737816,NIC,ITA,841330
3733233,162,111,8813,1996,597153.0,2541007.0,1.256625,1.803132,NLD,ITA,841330
3733234,163,111,8813,1996,864.0,1187173.0,1.204869,0.303062,NOR,ITA,841330
3733235,166,111,8813,1996,0.0,33001.0,0.49466099999999996,0.8302879999999999,NZL,ITA,841330
3733236,167,111,8813,1996,0.0,5245.0,-0.10243499999999998,-0.8425879999999999,OMN,ITA,841330
3733237,168,111,8813,1996,0.0,187403.0,-0.7543300000000001,-0.393654,PAK,ITA,841330
3733238,169,111,8813,1996,0.0,6537.0,-0.100537,-0.374129,PAN,ITA,841330
3733239,173,111,8813,1996,0.0,11698.0,-0.43761000000000005,-0.28077399999999997,PER,ITA,841330
3733240,174,111,8813,1996,0.0,51005.0,-0.276548,0.344986,PHL,ITA,841330
3733241,177,111,8813,1996,301378.0,598911.0,0.795489,1.9004729999999999,POL,ITA,841330
3733242,179,111,8813,1996,0.0,1949659.0,0.39343,1.170144,PRT,ITA,841330
3733243,180,111,8813,1996,0.0,2317.0,-0.506178,-0.712851,PRY,ITA,841330
3733244,182,111,8813,1996,0.0,16537.0,0.845308,-0.31763,PYF,ITA,841330
3733245,183,111,8813,1996,0.0,23630.0,-0.48203500000000005,-1.117173,QAT,ITA,841330
3733246,185,111,8813,1996,45459.0,212181.0,0.612035,0.880964,ROU,ITA,841330
3733247,186,111,8813,1996,1325.0,212081.0,0.900185,0.47723000000000004,RUS,ITA,841330
3733248,187,111,8813,1996,0.0,3761.0,0.07343,-0.520246,RWA,ITA,841330
3733249,188,111,8813,1996,0.0,42793.0,0.215265,-0.8577309999999999,SAU,ITA,841330
3733250,189,111,8813,1996,0.0,29679.0,0.786293,2.20126,SCG,ITA,841330
3733251,190,111,8813,1996,0.0,1582.0,-1.4146459999999998,-1.181707,SDN,ITA,841330
3733252,191,111,8813,1996,0.0,6083.0,-0.619785,-0.712171,SEN,ITA,841330
3733253,192,111,8813,1996,0.0,406272.0,0.8354299999999999,0.41169799999999995,SGP,ITA,841330
3733254,196,111,8813,1996,0.0,6266.0,0.208166,-0.386648,SLE,ITA,841330
3733255,197,111,8813,1996,0.0,1684.0,-0.24968800000000002,-0.121995,SLV,ITA,841330
3733256,205,111,8813,1996,0.0,3060.0,-0.93463,-0.797197,SUR,ITA,841330
3733257,206,111,8813,1996,0.0,60004.0,1.189398,1.29167,SVK,ITA,841330
3733258,207,111,8813,1996,22091.0,238795.0,1.409184,1.37245,SVN,ITA,841330
3733259,208,111,8813,1996,1144491.0,2098900.0,2.133781,0.9099889999999999,SWE,ITA,841330
3733260,211,111,8813,1996,0.0,6097.0,0.239125,-0.458433,SYC,ITA,841330
3733261,212,111,8813,1996,0.0,122662.0,-1.100666,-0.90038,SYR,ITA,841330
3733262,215,111,8813,1996,0.0,2131.0,-0.9070459999999999,-0.7702399999999999,TGO,ITA,841330
3733263,216,111,8813,1996,1305.0,235529.0,0.10120599999999999,1.351967,THA,ITA,841330
3733264,223,111,8813,1996,0.0,224286.0,-0.28546,-0.089051,TUN,ITA,841330
3733265,224,111,8813,1996,442920.0,1673618.0,0.156866,1.554023,TUR,ITA,841330
3733266,226,111,8813,1996,0.0,9540.0,-1.391534,-0.907436,TZA,ITA,841330
3733267,227,111,8813,1996,0.0,4167.0,-0.931124,-0.925523,UGA,ITA,841330
3733268,228,111,8813,1996,0.0,46650.0,0.896537,0.9241459999999999,UKR,ITA,841330
3733269,230,111,8813,1996,0.0,89347.0,0.171541,0.313934,URY,ITA,841330
3733270,231,111,8813,1996,937589.0,4115043.0,1.7110560000000001,1.125141,USA,ITA,841330
3733271,236,111,8813,1996,0.0,268962.0,0.07086100000000001,-0.761307,VEN,ITA,841330
3733272,239,111,8813,1996,0.0,1124.0,-0.9336469999999999,-0.10985199999999999,VNM,ITA,841330
3733273,243,111,8813,1996,0.0,2341.0,-1.304556,-1.200523,YEM,ITA,841330
3733274,246,111,8813,1996,1228.0,1971421.0,0.456593,1.150786,ZAF,ITA,841330
3733275,247,111,8813,1996,0.0,20376.0,-0.340956,-0.714009,ZMB,ITA,841330
3733276,248,111,8813,1996,0.0,32458.0,-0.393769,-0.34379,ZWE,ITA,841330
3733277,249,111,8813,1996,45091.0,283029.0,1.432225,1.675389,TWN,ITA,841330
3733278,7,121,8813,1996,0.0,293959.0,-0.245358,-0.726695,ARE,KOR,841330
3733279,8,121,8813,1996,0.0,9173.0,0.167081,0.433612,ARG,KOR,841330
3733280,14,121,8813,1996,133869.0,779300.0,0.369697,0.78069,AUS,KOR,841330
3733281,15,121,8813,1996,7049.0,6566.0,1.9216669999999998,0.659388,AUT,KOR,841330
3733282,18,121,8813,1996,32076.0,27949.0,1.549312,1.273767,BEL,KOR,841330
3733283,22,121,8813,1996,0.0,811.0,-1.060876,-1.05104,BGD,KOR,841330
3733284,23,121,8813,1996,0.0,8721.0,0.544265,1.523408,BGR,KOR,841330
3733285,24,121,8813,1996,0.0,5657.0,-0.062207000000000005,-0.840398,BHR,KOR,841330
3733286,31,121,8813,1996,0.0,4490.0,-0.589432,-0.7781,BOL,KOR,841330
3733287,32,121,8813,1996,9099.0,38125.0,0.699658,1.271724,BRA,KOR,841330
3733288,39,121,8813,1996,56232.0,193839.0,1.155706,1.1127049999999998,CAN,KOR,841330
3733289,41,121,8813,1996,4735.0,12319.0,2.246238,0.603288,CHE,KOR,841330
3733290,42,121,8813,1996,0.0,438410.0,-0.052811000000000004,-0.169464,CHL,KOR,841330
3733291,43,121,8813,1996,104776.0,134562.0,0.404422,3.061344,CHN,KOR,841330
3733292,44,121,8813,1996,0.0,64279.0,-0.8720459999999999,-0.7904479999999999,CIV,KOR,841330
3733293,45,121,8813,1996,0.0,2569.0,-1.4036309999999999,-1.090633,CMR,KOR,841330
3733294,49,121,8813,1996,0.0,59752.0,0.136487,0.078743,COL,KOR,841330
3733295,52,121,8813,1996,0.0,65041.0,-0.34219499999999997,0.12221900000000001,CRI,KOR,841330
3733296,58,121,8813,1996,0.0,2789.0,0.20007,0.020590999999999998,CYP,KOR,841330
3733297,59,121,8813,1996,896.0,9054.0,1.401181,1.3094709999999998,CZE,KOR,841330
3733298,61,121,8813,1996,44977384.0,988952.0,2.279976,-2.572299,DEU,KOR,841330
3733299,64,121,8813,1996,1852162.0,1686.0,1.443514,1.275684,DNK,KOR,841330
3733300,65,121,8813,1996,0.0,49638.0,-0.596093,-0.5602060000000001,DOM,KOR,841330
3733301,66,121,8813,1996,0.0,59992.0,-0.33419699999999997,-1.035736,DZA,KOR,841330
3733302,67,121,8813,1996,0.0,4098.0,-1.1391200000000001,-0.992735,ECU,KOR,841330
3733303,68,121,8813,1996,0.0,133929.0,-0.5446409999999999,-0.229586,EGY,KOR,841330
3733304,71,121,8813,1996,83946.0,25321.0,1.105317,1.9473,ESP,KOR,841330
3733305,73,121,8813,1996,0.0,8999.0,-1.265383,-1.131925,ETH,KOR,841330
3733306,74,121,8813,1996,71276.0,31918.0,2.0584729999999998,1.006908,FIN,KOR,841330
3733307,77,121,8813,1996,31622.0,65341.0,1.69082,0.721312,FRA,KOR,841330
3733308,81,121,8813,1996,268461.0,2127439.0,1.850284,0.883084,GBR,KOR,841330
3733309,83,121,8813,1996,0.0,3233.0,-1.035244,-0.9834129999999999,GHA,KOR,841330
3733310,85,121,8813,1996,0.0,4033.0,-1.2641930000000001,-1.1317409999999999,GIN,KOR,841330
3733311,90,121,8813,1996,0.0,60475.0,0.271386,1.042608,GRC,KOR,841330
3733312,91,121,8813,1996,0.0,1961.0,0.285534,-0.37242600000000003,GRD,KOR,841330
3733313,93,121,8813,1996,0.0,9339.0,-0.332901,0.23790300000000003,GTM,KOR,841330
3733314,97,121,8813,1996,1423.0,124273.0,0.54364,2.727659,HKG,KOR,841330
3733315,99,121,8813,1996,0.0,40738.0,-0.69357,-0.48721400000000004,HND,KOR,841330
3733316,100,121,8813,1996,0.0,98815.0,0.772706,1.1075270000000002,HRV,KOR,841330
3733317,102,121,8813,1996,0.0,8215.0,0.790036,1.891534,HUN,KOR,841330
3733318,103,121,8813,1996,0.0,338184.0,-0.43199899999999997,1.22074,IDN,KOR,841330
3733319,104,121,8813,1996,0.0,211772.0,0.20685599999999998,2.317622,IND,KOR,841330
3733320,106,121,8813,1996,0.0,1122.0,1.386011,0.9232100000000001,IRL,KOR,841330
3733321,109,121,8813,1996,0.0,793.0,0.003558,-0.551796,ISL,KOR,841330
3733322,110,121,8813,1996,0.0,16570.0,1.054975,1.072965,ISR,KOR,841330
3733323,111,121,8813,1996,239006.0,166281.0,1.4674690000000001,1.263362,ITA,KOR,841330
3733324,113,121,8813,1996,0.0,10855.0,0.12203499999999999,-0.41859399999999997,JOR,KOR,841330
3733325,114,121,8813,1996,21890660.0,398095.0,2.615364,0.5656939999999999,JPN,KOR,841330
3733326,124,121,8813,1996,0.0,23301.0,-0.051973,0.002154,LBN,KOR,841330
3733327,126,121,8813,1996,0.0,41418.0,-0.588489,-1.138552,LBY,KOR,841330
3733328,127,121,8813,1996,0.0,12704.0,0.016224000000000002,-0.664312,LCA,KOR,841330
3733329,130,121,8813,1996,0.0,992.0,0.40520500000000004,0.9465950000000001,LTU,KOR,841330
3733330,134,121,8813,1996,0.0,29078.0,-0.67314,-0.241242,MAR,KOR,841330
3733331,138,121,8813,1996,5196.0,68347.0,0.651949,0.9132170000000001,MEX,KOR,841330
3733332,140,121,8813,1996,0.0,5661.0,0.316133,0.933068,MKD,KOR,841330
3733333,142,121,8813,1996,0.0,7918.0,0.8825440000000001,0.066541,MLT,KOR,841330
3733334,145,121,8813,1996,0.0,850.0,-0.18177000000000001,-0.8212280000000001,MNG,KOR,841330
3733335,153,121,8813,1996,27294.0,127247.0,0.351774,0.347262,MYS,KOR,841330
3733336,159,121,8813,1996,0.0,119233.0,-1.813359,-1.1967,NGA,KOR,841330
3733337,160,121,8813,1996,0.0,1441.0,-0.767799,-0.737816,NIC,KOR,841330
3733338,162,121,8813,1996,811932.0,11730.0,1.256625,1.803132,NLD,KOR,841330
3733339,163,121,8813,1996,878678.0,0.0,1.204869,0.303062,NOR,KOR,841330
3733340,166,121,8813,1996,27289.0,100572.0,0.49466099999999996,0.8302879999999999,NZL,KOR,841330
3733341,168,121,8813,1996,0.0,87812.0,-0.7543300000000001,-0.393654,PAK,KOR,841330
3733342,169,121,8813,1996,0.0,74805.0,-0.100537,-0.374129,PAN,KOR,841330
3733343,173,121,8813,1996,0.0,40351.0,-0.43761000000000005,-0.28077399999999997,PER,KOR,841330
3733344,174,121,8813,1996,0.0,131167.0,-0.276548,0.344986,PHL,KOR,841330
3733345,177,121,8813,1996,0.0,17255.0,0.795489,1.9004729999999999,POL,KOR,841330
3733346,179,121,8813,1996,0.0,4685.0,0.39343,1.170144,PRT,KOR,841330
3733347,180,121,8813,1996,0.0,26180.0,-0.506178,-0.712851,PRY,KOR,841330
3733348,182,121,8813,1996,0.0,923.0,0.845308,-0.31763,PYF,KOR,841330
3733349,183,121,8813,1996,0.0,2433.0,-0.48203500000000005,-1.117173,QAT,KOR,841330
3733350,185,121,8813,1996,0.0,44437.0,0.612035,0.880964,ROU,KOR,841330
3733351,186,121,8813,1996,1744.0,61494.0,0.900185,0.47723000000000004,RUS,KOR,841330
3733352,188,121,8813,1996,0.0,202287.0,0.215265,-0.8577309999999999,SAU,KOR,841330
3733353,191,121,8813,1996,0.0,10198.0,-0.619785,-0.712171,SEN,KOR,841330
3733354,192,121,8813,1996,395501.0,405628.0,0.8354299999999999,0.41169799999999995,SGP,KOR,841330
3733355,197,121,8813,1996,0.0,9159.0,-0.24968800000000002,-0.121995,SLV,KOR,841330
3733356,206,121,8813,1996,0.0,16454.0,1.189398,1.29167,SVK,KOR,841330
3733357,207,121,8813,1996,0.0,13306.0,1.409184,1.37245,SVN,KOR,841330
3733358,208,121,8813,1996,306457.0,10702.0,2.133781,0.9099889999999999,SWE,KOR,841330
3733359,212,121,8813,1996,0.0,10364.0,-1.100666,-0.90038,SYR,KOR,841330
3733360,216,121,8813,1996,0.0,28683.0,0.10120599999999999,1.351967,THA,KOR,841330
3733361,222,121,8813,1996,0.0,30071.0,0.19111,-0.488382,TTO,KOR,841330
3733362,223,121,8813,1996,0.0,1744.0,-0.28546,-0.089051,TUN,KOR,841330
3733363,224,121,8813,1996,510143.0,24781.0,0.156866,1.554023,TUR,KOR,841330
3733364,226,121,8813,1996,0.0,30309.0,-1.391534,-0.907436,TZA,KOR,841330
3733365,228,121,8813,1996,0.0,876.0,0.896537,0.9241459999999999,UKR,KOR,841330
3733366,230,121,8813,1996,0.0,12806.0,0.171541,0.313934,URY,KOR,841330
3733367,231,121,8813,1996,8419389.0,15108883.0,1.7110560000000001,1.125141,USA,KOR,841330
3733368,236,121,8813,1996,0.0,77887.0,0.07086100000000001,-0.761307,VEN,KOR,841330
3733369,246,121,8813,1996,7064.0,306497.0,0.456593,1.150786,ZAF,KOR,841330
3733370,247,121,8813,1996,0.0,2880.0,-0.340956,-0.714009,ZMB,KOR,841330
3733371,249,121,8813,1996,117454.0,270086.0,1.432225,1.675389,TWN,KOR,841330
3733372,250,121,8813,1996,23966.0,5145.0,1.084978,0.901755,ANS,KOR,841330
3733373,0,138,8813,1996,0.0,5935.0,-0.681487,-0.70999,ABW,MEX,841330
3733374,8,138,8813,1996,927494.0,268239.0,0.167081,0.433612,ARG,MEX,841330
3733375,14,138,8813,1996,15933.0,1079.0,0.369697,0.78069,AUS,MEX,841330
3733376,15,138,8813,1996,7631.0,0.0,1.9216669999999998,0.659388,AUT,MEX,841330
3733377,18,138,8813,1996,48523.0,1703.0,1.549312,1.273767,BEL,MEX,841330
3733378,25,138,8813,1996,0.0,2521.0,0.363917,-0.380614,BHS,MEX,841330
3733379,31,138,8813,1996,3635.0,12856.0,-0.589432,-0.7781,BOL,MEX,841330
3733380,32,138,8813,1996,358910.0,1051701.0,0.699658,1.271724,BRA,MEX,841330
3733381,39,138,8813,1996,309022.0,1190754.0,1.155706,1.1127049999999998,CAN,MEX,841330
3733382,41,138,8813,1996,68646.0,0.0,2.246238,0.603288,CHE,MEX,841330
3733383,42,138,8813,1996,1334556.0,69436.0,-0.052811000000000004,-0.169464,CHL,MEX,841330
3733384,43,138,8813,1996,3505.0,0.0,0.404422,3.061344,CHN,MEX,841330
3733385,49,138,8813,1996,1839.0,45149.0,0.136487,0.078743,COL,MEX,841330
3733386,52,138,8813,1996,0.0,4179.0,-0.34219499999999997,0.12221900000000001,CRI,MEX,841330
3733387,54,138,8813,1996,0.0,23740.0,-0.555246,-1.0420479999999999,CUB,MEX,841330
3733388,59,138,8813,1996,5458.0,0.0,1.401181,1.3094709999999998,CZE,MEX,841330
3733389,61,138,8813,1996,4172156.0,73863.0,2.279976,-2.572299,DEU,MEX,841330
3733390,64,138,8813,1996,1621.0,0.0,1.443514,1.275684,DNK,MEX,841330
3733391,65,138,8813,1996,0.0,1317.0,-0.596093,-0.5602060000000001,DOM,MEX,841330
3733392,67,138,8813,1996,0.0,8164.0,-1.1391200000000001,-0.992735,ECU,MEX,841330
3733393,68,138,8813,1996,0.0,2994.0,-0.5446409999999999,-0.229586,EGY,MEX,841330
3733394,71,138,8813,1996,637279.0,425066.0,1.105317,1.9473,ESP,MEX,841330
3733395,74,138,8813,1996,1822.0,1783.0,2.0584729999999998,1.006908,FIN,MEX,841330
3733396,77,138,8813,1996,25744.0,54880.0,1.69082,0.721312,FRA,MEX,841330
3733397,81,138,8813,1996,9130.0,97909.0,1.850284,0.883084,GBR,MEX,841330
3733398,93,138,8813,1996,17219.0,66406.0,-0.332901,0.23790300000000003,GTM,MEX,841330
3733399,99,138,8813,1996,0.0,6602.0,-0.69357,-0.48721400000000004,HND,MEX,841330
3733400,101,138,8813,1996,0.0,2577.0,-0.865218,-0.723441,HTI,MEX,841330
3733401,104,138,8813,1996,31127.0,0.0,0.20685599999999998,2.317622,IND,MEX,841330
3733402,110,138,8813,1996,2652.0,0.0,1.054975,1.072965,ISR,MEX,841330
3733403,111,138,8813,1996,74800.0,0.0,1.4674690000000001,1.263362,ITA,MEX,841330
3733404,114,138,8813,1996,7544566.0,36640.0,2.615364,0.5656939999999999,JPN,MEX,841330
3733405,121,138,8813,1996,68347.0,5196.0,0.8946940000000001,1.240424,KOR,MEX,841330
3733406,153,138,8813,1996,2490.0,0.0,0.351774,0.347262,MYS,MEX,841330
3733407,160,138,8813,1996,0.0,1446.0,-0.767799,-0.737816,NIC,MEX,841330
3733408,162,138,8813,1996,17974.0,12618.0,1.256625,1.803132,NLD,MEX,841330
3733409,163,138,8813,1996,22850.0,0.0,1.204869,0.303062,NOR,MEX,841330
3733410,166,138,8813,1996,8500.0,0.0,0.49466099999999996,0.8302879999999999,NZL,MEX,841330
3733411,169,138,8813,1996,0.0,24889.0,-0.100537,-0.374129,PAN,MEX,841330
3733412,173,138,8813,1996,0.0,2178.0,-0.43761000000000005,-0.28077399999999997,PER,MEX,841330
3733413,178,138,8813,1996,3167.0,0.0,0.725014,1.20189,PRK,MEX,841330
3733414,180,138,8813,1996,0.0,6488.0,-0.506178,-0.712851,PRY,MEX,841330
3733415,197,138,8813,1996,0.0,5967.0,-0.24968800000000002,-0.121995,SLV,MEX,841330
3733416,205,138,8813,1996,0.0,1135.0,-0.93463,-0.797197,SUR,MEX,841330
3733417,208,138,8813,1996,2184.0,0.0,2.133781,0.9099889999999999,SWE,MEX,841330
3733418,216,138,8813,1996,707.0,0.0,0.10120599999999999,1.351967,THA,MEX,841330
3733419,224,138,8813,1996,2503.0,0.0,0.156866,1.554023,TUR,MEX,841330
3733420,230,138,8813,1996,0.0,137176.0,0.171541,0.313934,URY,MEX,841330
3733421,231,138,8813,1996,35683908.0,20731450.0,1.7110560000000001,1.125141,USA,MEX,841330
3733422,236,138,8813,1996,0.0,17899.0,0.07086100000000001,-0.761307,VEN,MEX,841330
3733423,249,138,8813,1996,151935.0,1978.0,1.432225,1.675389,TWN,MEX,841330
3733424,250,138,8813,1996,7589.0,1469.0,1.084978,0.901755,ANS,MEX,841330
3733425,7,153,8813,1996,0.0,27402.0,-0.245358,-0.726695,ARE,MYS,841330
3733426,14,153,8813,1996,74514.0,5422.0,0.369697,0.78069,AUS,MYS,841330
3733427,18,153,8813,1996,4941.0,0.0,1.549312,1.273767,BEL,MYS,841330
3733428,32,153,8813,1996,16519.0,0.0,0.699658,1.271724,BRA,MYS,841330
3733429,34,153,8813,1996,0.0,5200.0,-0.848331,-0.779511,BRN,MYS,841330
3733430,39,153,8813,1996,2920.0,1299.0,1.155706,1.1127049999999998,CAN,MYS,841330
3733431,41,153,8813,1996,74864.0,0.0,2.246238,0.603288,CHE,MYS,841330
3733432,42,153,8813,1996,0.0,4138.0,-0.052811000000000004,-0.169464,CHL,MYS,841330
3733433,43,153,8813,1996,163800.0,118907.0,0.404422,3.061344,CHN,MYS,841330
3733434,44,153,8813,1996,0.0,2721.0,-0.8720459999999999,-0.7904479999999999,CIV,MYS,841330
3733435,45,153,8813,1996,0.0,11227.0,-1.4036309999999999,-1.090633,CMR,MYS,841330
3733436,61,153,8813,1996,1709336.0,11496.0,2.279976,-2.572299,DEU,MYS,841330
3733437,64,153,8813,1996,23184.0,0.0,1.443514,1.275684,DNK,MYS,841330
3733438,71,153,8813,1996,43644.0,0.0,1.105317,1.9473,ESP,MYS,841330
3733439,74,153,8813,1996,2162.0,7690.0,2.0584729999999998,1.006908,FIN,MYS,841330
3733440,77,153,8813,1996,74233.0,14204.0,1.69082,0.721312,FRA,MYS,841330
3733441,81,153,8813,1996,39471.0,116183.0,1.850284,0.883084,GBR,MYS,841330
3733442,83,153,8813,1996,0.0,7836.0,-1.035244,-0.9834129999999999,GHA,MYS,841330
3733443,90,153,8813,1996,1545.0,0.0,0.271386,1.042608,GRC,MYS,841330
3733444,97,153,8813,1996,7014.0,39051.0,0.54364,2.727659,HKG,MYS,841330
3733445,103,153,8813,1996,0.0,47084.0,-0.43199899999999997,1.22074,IDN,MYS,841330
3733446,104,153,8813,1996,41793.0,59071.0,0.20685599999999998,2.317622,IND,MYS,841330
3733447,106,153,8813,1996,6014.0,0.0,1.386011,0.9232100000000001,IRL,MYS,841330
3733448,107,153,8813,1996,2747.0,0.0,-0.7496649999999999,-1.1173520000000001,IRN,MYS,841330
3733449,111,153,8813,1996,276289.0,5931.0,1.4674690000000001,1.263362,ITA,MYS,841330
3733450,114,153,8813,1996,16207008.0,91618.0,2.615364,0.5656939999999999,JPN,MYS,841330
3733451,121,153,8813,1996,127247.0,27294.0,0.8946940000000001,1.240424,KOR,MYS,841330
3733452,122,153,8813,1996,0.0,8485.0,-0.27174499999999996,-1.098243,KWT,MYS,841330
3733453,138,153,8813,1996,0.0,2490.0,0.651949,0.9132170000000001,MEX,MYS,841330
3733454,143,153,8813,1996,0.0,5202.0,-1.556357,-1.078395,MMR,MYS,841330
3733455,151,153,8813,1996,0.0,2292.0,-0.538651,-0.746274,MUS,MYS,841330
3733456,162,153,8813,1996,43362.0,145950.0,1.256625,1.803132,NLD,MYS,841330
3733457,164,153,8813,1996,0.0,33211.0,-0.7390100000000001,-0.647903,NPL,MYS,841330
3733458,166,153,8813,1996,8421.0,0.0,0.49466099999999996,0.8302879999999999,NZL,MYS,841330
3733459,168,153,8813,1996,41488.0,0.0,-0.7543300000000001,-0.393654,PAK,MYS,841330
3733460,176,153,8813,1996,0.0,2137.0,-2.120746,-1.2199879999999999,PNG,MYS,841330
3733461,177,153,8813,1996,1703.0,0.0,0.795489,1.9004729999999999,POL,MYS,841330
3733462,192,153,8813,1996,849652.0,219073.0,0.8354299999999999,0.41169799999999995,SGP,MYS,841330
3733463,208,153,8813,1996,102579.0,0.0,2.133781,0.9099889999999999,SWE,MYS,841330
3733464,216,153,8813,1996,200017.0,32290.0,0.10120599999999999,1.351967,THA,MYS,841330
3733465,224,153,8813,1996,43846.0,0.0,0.156866,1.554023,TUR,MYS,841330
3733466,231,153,8813,1996,98674.0,67948.0,1.7110560000000001,1.125141,USA,MYS,841330
3733467,239,153,8813,1996,2179.0,2040.0,-0.9336469999999999,-0.10985199999999999,VNM,MYS,841330
3733468,246,153,8813,1996,0.0,10292.0,0.456593,1.150786,ZAF,MYS,841330
3733469,249,153,8813,1996,298691.0,4895.0,1.432225,1.675389,TWN,MYS,841330
3733470,0,162,8813,1996,0.0,2803.0,-0.681487,-0.70999,ABW,NLD,841330
3733471,2,162,8813,1996,0.0,3155.0,-2.3109900000000003,-1.172849,AGO,NLD,841330
3733472,6,162,8813,1996,2974.0,80549.0,0.29339,-0.572443,ANT,NLD,841330
3733473,7,162,8813,1996,3967.0,10765.0,-0.245358,-0.726695,ARE,NLD,841330
3733474,8,162,8813,1996,4290.0,0.0,0.167081,0.433612,ARG,NLD,841330
3733475,14,162,8813,1996,2817.0,32620.0,0.369697,0.78069,AUS,NLD,841330
3733476,15,162,8813,1996,1146284.0,530924.0,1.9216669999999998,0.659388,AUT,NLD,841330
3733477,18,162,8813,1996,2863402.0,2127894.0,1.549312,1.273767,BEL,NLD,841330
3733478,22,162,8813,1996,0.0,1578.0,-1.060876,-1.05104,BGD,NLD,841330
3733479,23,162,8813,1996,0.0,3611.0,0.544265,1.523408,BGR,NLD,841330
3733480,31,162,8813,1996,0.0,1181.0,-0.589432,-0.7781,BOL,NLD,841330
3733481,32,162,8813,1996,4899.0,10217.0,0.699658,1.271724,BRA,NLD,841330
3733482,35,162,8813,1996,0.0,178185.0,-0.20093699999999998,-0.754797,BTN,NLD,841330
3733483,39,162,8813,1996,26238.0,20025.0,1.155706,1.1127049999999998,CAN,NLD,841330
3733484,41,162,8813,1996,15693.0,355084.0,2.246238,0.603288,CHE,NLD,841330
3733485,42,162,8813,1996,0.0,1008.0,-0.052811000000000004,-0.169464,CHL,NLD,841330
3733486,43,162,8813,1996,927.0,25937.0,0.404422,3.061344,CHN,NLD,841330
3733487,44,162,8813,1996,4336.0,34988.0,-0.8720459999999999,-0.7904479999999999,CIV,NLD,841330
3733488,45,162,8813,1996,0.0,6725.0,-1.4036309999999999,-1.090633,CMR,NLD,841330
3733489,46,162,8813,1996,0.0,3014.0,-1.2167,-1.086508,COD,NLD,841330
3733490,49,162,8813,1996,4642.0,19643.0,0.136487,0.078743,COL,NLD,841330
3733491,52,162,8813,1996,0.0,746.0,-0.34219499999999997,0.12221900000000001,CRI,NLD,841330
3733492,58,162,8813,1996,0.0,4543.0,0.20007,0.020590999999999998,CYP,NLD,841330
3733493,59,162,8813,1996,9965.0,18409.0,1.401181,1.3094709999999998,CZE,NLD,841330
3733494,61,162,8813,1996,50985260.0,2932608.0,2.279976,-2.572299,DEU,NLD,841330
3733495,62,162,8813,1996,0.0,1760.0,-0.20838099999999998,-0.668964,DJI,NLD,841330
3733496,64,162,8813,1996,83316.0,189727.0,1.443514,1.275684,DNK,NLD,841330
3733497,66,162,8813,1996,51856.0,1369.0,-0.33419699999999997,-1.035736,DZA,NLD,841330
3733498,67,162,8813,1996,0.0,25530.0,-1.1391200000000001,-0.992735,ECU,NLD,841330
3733499,68,162,8813,1996,3947.0,16413.0,-0.5446409999999999,-0.229586,EGY,NLD,841330
3733500,71,162,8813,1996,427049.0,491471.0,1.105317,1.9473,ESP,NLD,841330
3733501,72,162,8813,1996,0.0,1850.0,0.53397,1.0877940000000001,EST,NLD,841330
3733502,73,162,8813,1996,0.0,2834.0,-1.265383,-1.131925,ETH,NLD,841330
3733503,74,162,8813,1996,95064.0,119955.0,2.0584729999999998,1.006908,FIN,NLD,841330
3733504,77,162,8813,1996,3788314.0,1357944.0,1.69082,0.721312,FRA,NLD,841330
3733505,80,162,8813,1996,0.0,51939.0,-1.693615,-1.174433,GAB,NLD,841330
3733506,81,162,8813,1996,3299628.0,1969114.0,1.850284,0.883084,GBR,NLD,841330
3733507,83,162,8813,1996,0.0,4749.0,-1.035244,-0.9834129999999999,GHA,NLD,841330
3733508,84,162,8813,1996,0.0,2220.0,0.932001,-0.20733400000000002,GIB,NLD,841330
3733509,90,162,8813,1996,2334.0,56353.0,0.271386,1.042608,GRC,NLD,841330
3733510,97,162,8813,1996,2674.0,3717.0,0.54364,2.727659,HKG,NLD,841330
3733511,99,162,8813,1996,0.0,11729.0,-0.69357,-0.48721400000000004,HND,NLD,841330
3733512,100,162,8813,1996,0.0,2216.0,0.772706,1.1075270000000002,HRV,NLD,841330
3733513,102,162,8813,1996,6543.0,79287.0,0.790036,1.891534,HUN,NLD,841330
3733514,103,162,8813,1996,0.0,106438.0,-0.43199899999999997,1.22074,IDN,NLD,841330
3733515,104,162,8813,1996,130449.0,138509.0,0.20685599999999998,2.317622,IND,NLD,841330
3733516,106,162,8813,1996,0.0,55747.0,1.386011,0.9232100000000001,IRL,NLD,841330
3733517,109,162,8813,1996,0.0,38515.0,0.003558,-0.551796,ISL,NLD,841330
3733518,110,162,8813,1996,44892.0,66199.0,1.054975,1.072965,ISR,NLD,841330
3733519,111,162,8813,1996,2541007.0,597153.0,1.4674690000000001,1.263362,ITA,NLD,841330
3733520,113,162,8813,1996,0.0,2944.0,0.12203499999999999,-0.41859399999999997,JOR,NLD,841330
3733521,114,162,8813,1996,10611801.0,17113.0,2.615364,0.5656939999999999,JPN,NLD,841330
3733522,116,162,8813,1996,0.0,13772.0,-0.468322,-0.017625,KEN,NLD,841330
3733523,121,162,8813,1996,11730.0,811932.0,0.8946940000000001,1.240424,KOR,NLD,841330
3733524,122,162,8813,1996,0.0,15362.0,-0.27174499999999996,-1.098243,KWT,NLD,841330
3733525,124,162,8813,1996,12946.0,0.0,-0.051973,0.002154,LBN,NLD,841330
3733526,128,162,8813,1996,0.0,42453.0,-0.812763,-0.188722,LKA,NLD,841330
3733527,130,162,8813,1996,2335.0,16715.0,0.40520500000000004,0.9465950000000001,LTU,NLD,841330
3733528,134,162,8813,1996,0.0,43313.0,-0.67314,-0.241242,MAR,NLD,841330
3733529,136,162,8813,1996,0.0,5089.0,-1.213619,-0.606686,MDG,NLD,841330
3733530,138,162,8813,1996,12618.0,17974.0,0.651949,0.9132170000000001,MEX,NLD,841330
3733531,142,162,8813,1996,0.0,3972.0,0.8825440000000001,0.066541,MLT,NLD,841330
3733532,152,162,8813,1996,0.0,3230.0,-1.332586,-1.115859,MWI,NLD,841330
3733533,153,162,8813,1996,145950.0,43362.0,0.351774,0.347262,MYS,NLD,841330
3733534,157,162,8813,1996,0.0,3947.0,-0.594771,-0.643008,NER,NLD,841330
3733535,159,162,8813,1996,0.0,48054.0,-1.813359,-1.1967,NGA,NLD,841330
3733536,163,162,8813,1996,42380.0,68298.0,1.204869,0.303062,NOR,NLD,841330
3733537,166,162,8813,1996,0.0,1952.0,0.49466099999999996,0.8302879999999999,NZL,NLD,841330
3733538,167,162,8813,1996,0.0,873.0,-0.10243499999999998,-0.8425879999999999,OMN,NLD,841330
3733539,169,162,8813,1996,1200.0,0.0,-0.100537,-0.374129,PAN,NLD,841330
3733540,174,162,8813,1996,0.0,4568.0,-0.276548,0.344986,PHL,NLD,841330
3733541,177,162,8813,1996,6922.0,144973.0,0.795489,1.9004729999999999,POL,NLD,841330
3733542,179,162,8813,1996,50273.0,253147.0,0.39343,1.170144,PRT,NLD,841330
3733543,182,162,8813,1996,0.0,662.0,0.845308,-0.31763,PYF,NLD,841330
3733544,183,162,8813,1996,0.0,3554.0,-0.48203500000000005,-1.117173,QAT,NLD,841330
3733545,185,162,8813,1996,893.0,54919.0,0.612035,0.880964,ROU,NLD,841330
3733546,186,162,8813,1996,0.0,1867.0,0.900185,0.47723000000000004,RUS,NLD,841330
3733547,188,162,8813,1996,2767.0,26746.0,0.215265,-0.8577309999999999,SAU,NLD,841330
3733548,192,162,8813,1996,20282.0,35651.0,0.8354299999999999,0.41169799999999995,SGP,NLD,841330
3733549,205,162,8813,1996,0.0,2004.0,-0.93463,-0.797197,SUR,NLD,841330
3733550,206,162,8813,1996,0.0,12005.0,1.189398,1.29167,SVK,NLD,841330
3733551,207,162,8813,1996,0.0,3740.0,1.409184,1.37245,SVN,NLD,841330
3733552,208,162,8813,1996,3297302.0,1990189.0,2.133781,0.9099889999999999,SWE,NLD,841330
3733553,216,162,8813,1996,6586.0,89078.0,0.10120599999999999,1.351967,THA,NLD,841330
3733554,223,162,8813,1996,18831.0,36298.0,-0.28546,-0.089051,TUN,NLD,841330
3733555,224,162,8813,1996,138128.0,86347.0,0.156866,1.554023,TUR,NLD,841330
3733556,226,162,8813,1996,0.0,13293.0,-1.391534,-0.907436,TZA,NLD,841330
3733557,228,162,8813,1996,0.0,31657.0,0.896537,0.9241459999999999,UKR,NLD,841330
3733558,231,162,8813,1996,1508793.0,685688.0,1.7110560000000001,1.125141,USA,NLD,841330
3733559,236,162,8813,1996,0.0,81658.0,0.07086100000000001,-0.761307,VEN,NLD,841330
3733560,246,162,8813,1996,31676.0,96507.0,0.456593,1.150786,ZAF,NLD,841330
3733561,247,162,8813,1996,0.0,688.0,-0.340956,-0.714009,ZMB,NLD,841330
3733562,248,162,8813,1996,0.0,38966.0,-0.393769,-0.34379,ZWE,NLD,841330
3733563,249,162,8813,1996,12519.0,0.0,1.432225,1.675389,TWN,NLD,841330
3733564,250,162,8813,1996,2372.0,1481.0,1.084978,0.901755,ANS,NLD,841330
3733565,7,163,8813,1996,0.0,17605.0,-0.245358,-0.726695,ARE,NOR,841330
3733566,8,163,8813,1996,0.0,987.0,0.167081,0.433612,ARG,NOR,841330
3733567,14,163,8813,1996,0.0,57330.0,0.369697,0.78069,AUS,NOR,841330
3733568,15,163,8813,1996,3352.0,15140.0,1.9216669999999998,0.659388,AUT,NOR,841330
3733569,18,163,8813,1996,153353.0,4105.0,1.549312,1.273767,BEL,NOR,841330
3733570,32,163,8813,1996,2637.0,20598.0,0.699658,1.271724,BRA,NOR,841330
3733571,39,163,8813,1996,2837.0,11573.0,1.155706,1.1127049999999998,CAN,NOR,841330
3733572,41,163,8813,1996,4720.0,2198.0,2.246238,0.603288,CHE,NOR,841330
3733573,42,163,8813,1996,0.0,12355.0,-0.052811000000000004,-0.169464,CHL,NOR,841330
3733574,43,163,8813,1996,0.0,17020.0,0.404422,3.061344,CHN,NOR,841330
3733575,45,163,8813,1996,0.0,817.0,-1.4036309999999999,-1.090633,CMR,NOR,841330
3733576,59,163,8813,1996,22745.0,1512.0,1.401181,1.3094709999999998,CZE,NOR,841330
3733577,61,163,8813,1996,2055955.0,42888.0,2.279976,-2.572299,DEU,NOR,841330
3733578,64,163,8813,1996,20063.0,42603.0,1.443514,1.275684,DNK,NOR,841330
3733579,68,163,8813,1996,0.0,7276.0,-0.5446409999999999,-0.229586,EGY,NOR,841330
3733580,71,163,8813,1996,33290.0,63532.0,1.105317,1.9473,ESP,NOR,841330
3733581,74,163,8813,1996,77818.0,36280.0,2.0584729999999998,1.006908,FIN,NOR,841330
3733582,77,163,8813,1996,1253540.0,18538.0,1.69082,0.721312,FRA,NOR,841330
3733583,78,163,8813,1996,0.0,5690.0,-0.252693,-0.714691,FRO,NOR,841330
3733584,81,163,8813,1996,558302.0,226502.0,1.850284,0.883084,GBR,NOR,841330
3733585,92,163,8813,1996,0.0,1290.0,-0.8826879999999999,-0.777868,GRL,NOR,841330
3733586,97,163,8813,1996,24525.0,0.0,0.54364,2.727659,HKG,NOR,841330
3733587,102,163,8813,1996,0.0,3708.0,0.790036,1.891534,HUN,NOR,841330
3733588,104,163,8813,1996,1881.0,0.0,0.20685599999999998,2.317622,IND,NOR,841330
3733589,106,163,8813,1996,14787.0,1423.0,1.386011,0.9232100000000001,IRL,NOR,841330
3733590,107,163,8813,1996,0.0,3919766.0,-0.7496649999999999,-1.1173520000000001,IRN,NOR,841330
3733591,109,163,8813,1996,0.0,3679.0,0.003558,-0.551796,ISL,NOR,841330
3733592,111,163,8813,1996,1187173.0,864.0,1.4674690000000001,1.263362,ITA,NOR,841330
3733593,112,163,8813,1996,0.0,1266.0,-0.6344350000000001,-0.814916,JAM,NOR,841330
3733594,114,163,8813,1996,313113.0,54237.0,2.615364,0.5656939999999999,JPN,NOR,841330
3733595,121,163,8813,1996,0.0,878678.0,0.8946940000000001,1.240424,KOR,NOR,841330
3733596,138,163,8813,1996,0.0,22850.0,0.651949,0.9132170000000001,MEX,NOR,841330
3733597,162,163,8813,1996,68298.0,42380.0,1.256625,1.803132,NLD,NOR,841330
3733598,166,163,8813,1996,4616.0,11070.0,0.49466099999999996,0.8302879999999999,NZL,NOR,841330
3733599,179,163,8813,1996,0.0,10747.0,0.39343,1.170144,PRT,NOR,841330
3733600,186,163,8813,1996,0.0,1447.0,0.900185,0.47723000000000004,RUS,NOR,841330
3733601,206,163,8813,1996,0.0,2161.0,1.189398,1.29167,SVK,NOR,841330
3733602,207,163,8813,1996,3389.0,0.0,1.409184,1.37245,SVN,NOR,841330
3733603,208,163,8813,1996,2560030.0,3021339.0,2.133781,0.9099889999999999,SWE,NOR,841330
3733604,215,163,8813,1996,0.0,480.0,-0.9070459999999999,-0.7702399999999999,TGO,NOR,841330
3733605,216,163,8813,1996,0.0,4941.0,0.10120599999999999,1.351967,THA,NOR,841330
3733606,224,163,8813,1996,4102.0,6471.0,0.156866,1.554023,TUR,NOR,841330
3733607,226,163,8813,1996,0.0,3475.0,-1.391534,-0.907436,TZA,NOR,841330
3733608,228,163,8813,1996,0.0,1510.0,0.896537,0.9241459999999999,UKR,NOR,841330
3733609,231,163,8813,1996,121476.0,695759.0,1.7110560000000001,1.125141,USA,NOR,841330
3733610,246,163,8813,1996,0.0,1681.0,0.456593,1.150786,ZAF,NOR,841330
3733611,247,163,8813,1996,0.0,911.0,-0.340956,-0.714009,ZMB,NOR,841330
3733612,249,163,8813,1996,2218.0,0.0,1.432225,1.675389,TWN,NOR,841330
3733613,29,169,8813,1996,0.0,1227.0,-0.341173,-0.670063,BLZ,PAN,841330
3733614,31,169,8813,1996,0.0,2771.0,-0.589432,-0.7781,BOL,PAN,841330
3733615,32,169,8813,1996,5960.0,3516.0,0.699658,1.271724,BRA,PAN,841330
3733616,41,169,8813,1996,5553.0,0.0,2.246238,0.603288,CHE,PAN,841330
3733617,49,169,8813,1996,1001.0,1125.0,0.136487,0.078743,COL,PAN,841330
3733618,52,169,8813,1996,0.0,16649.0,-0.34219499999999997,0.12221900000000001,CRI,PAN,841330
3733619,61,169,8813,1996,111710.0,0.0,2.279976,-2.572299,DEU,PAN,841330
3733620,64,169,8813,1996,1194.0,0.0,1.443514,1.275684,DNK,PAN,841330
3733621,65,169,8813,1996,568.0,0.0,-0.596093,-0.5602060000000001,DOM,PAN,841330
3733622,67,169,8813,1996,0.0,18693.0,-1.1391200000000001,-0.992735,ECU,PAN,841330
3733623,71,169,8813,1996,4522.0,0.0,1.105317,1.9473,ESP,PAN,841330
3733624,74,169,8813,1996,4980.0,0.0,2.0584729999999998,1.006908,FIN,PAN,841330
3733625,77,169,8813,1996,1145.0,0.0,1.69082,0.721312,FRA,PAN,841330
3733626,81,169,8813,1996,2538.0,0.0,1.850284,0.883084,GBR,PAN,841330
3733627,93,169,8813,1996,0.0,5002.0,-0.332901,0.23790300000000003,GTM,PAN,841330
3733628,99,169,8813,1996,0.0,25647.0,-0.69357,-0.48721400000000004,HND,PAN,841330
3733629,111,169,8813,1996,6537.0,0.0,1.4674690000000001,1.263362,ITA,PAN,841330
3733630,112,169,8813,1996,0.0,22109.0,-0.6344350000000001,-0.814916,JAM,PAN,841330
3733631,114,169,8813,1996,1328936.0,0.0,2.615364,0.5656939999999999,JPN,PAN,841330
3733632,121,169,8813,1996,74805.0,0.0,0.8946940000000001,1.240424,KOR,PAN,841330
3733633,138,169,8813,1996,24889.0,0.0,0.651949,0.9132170000000001,MEX,PAN,841330
3733634,160,169,8813,1996,15073.0,28466.0,-0.767799,-0.737816,NIC,PAN,841330
3733635,162,169,8813,1996,0.0,1200.0,1.256625,1.803132,NLD,PAN,841330
3733636,173,169,8813,1996,10148.0,0.0,-0.43761000000000005,-0.28077399999999997,PER,PAN,841330
3733637,177,169,8813,1996,557910.0,0.0,0.795489,1.9004729999999999,POL,PAN,841330
3733638,186,169,8813,1996,11008.0,0.0,0.900185,0.47723000000000004,RUS,PAN,841330
3733639,197,169,8813,1996,972.0,11794.0,-0.24968800000000002,-0.121995,SLV,PAN,841330
3733640,208,169,8813,1996,38892.0,0.0,2.133781,0.9099889999999999,SWE,PAN,841330
3733641,231,169,8813,1996,82569.0,4420.0,1.7110560000000001,1.125141,USA,PAN,841330
3733642,236,169,8813,1996,2628.0,79658.0,0.07086100000000001,-0.761307,VEN,PAN,841330
3733643,250,169,8813,1996,346787.0,0.0,1.084978,0.901755,ANS,PAN,841330
3733644,8,173,8813,1996,6756.0,0.0,0.167081,0.433612,ARG,PER,841330
3733645,15,173,8813,1996,507.0,0.0,1.9216669999999998,0.659388,AUT,PER,841330
3733646,18,173,8813,1996,73754.0,0.0,1.549312,1.273767,BEL,PER,841330
3733647,31,173,8813,1996,0.0,2005.0,-0.589432,-0.7781,BOL,PER,841330
3733648,32,173,8813,1996,272476.0,20923.0,0.699658,1.271724,BRA,PER,841330
3733649,39,173,8813,1996,99354.0,0.0,1.155706,1.1127049999999998,CAN,PER,841330
3733650,41,173,8813,1996,8027.0,865.0,2.246238,0.603288,CHE,PER,841330
3733651,42,173,8813,1996,11297.0,2428.0,-0.052811000000000004,-0.169464,CHL,PER,841330
3733652,43,173,8813,1996,11296.0,0.0,0.404422,3.061344,CHN,PER,841330
3733653,49,173,8813,1996,5502.0,0.0,0.136487,0.078743,COL,PER,841330
3733654,59,173,8813,1996,9889.0,0.0,1.401181,1.3094709999999998,CZE,PER,841330
3733655,61,173,8813,1996,71194.0,3039.0,2.279976,-2.572299,DEU,PER,841330
3733656,64,173,8813,1996,3724.0,0.0,1.443514,1.275684,DNK,PER,841330
3733657,71,173,8813,1996,26112.0,0.0,1.105317,1.9473,ESP,PER,841330
3733658,74,173,8813,1996,27644.0,0.0,2.0584729999999998,1.006908,FIN,PER,841330
3733659,77,173,8813,1996,30021.0,0.0,1.69082,0.721312,FRA,PER,841330
3733660,81,173,8813,1996,21042.0,0.0,1.850284,0.883084,GBR,PER,841330
3733661,104,173,8813,1996,6909.0,0.0,0.20685599999999998,2.317622,IND,PER,841330
3733662,111,173,8813,1996,11698.0,0.0,1.4674690000000001,1.263362,ITA,PER,841330
3733663,114,173,8813,1996,878213.0,0.0,2.615364,0.5656939999999999,JPN,PER,841330
3733664,121,173,8813,1996,40351.0,0.0,0.8946940000000001,1.240424,KOR,PER,841330
3733665,138,173,8813,1996,2178.0,0.0,0.651949,0.9132170000000001,MEX,PER,841330
3733666,169,173,8813,1996,0.0,10148.0,-0.100537,-0.374129,PAN,PER,841330
3733667,180,173,8813,1996,0.0,15964.0,-0.506178,-0.712851,PRY,PER,841330
3733668,186,173,8813,1996,15290.0,0.0,0.900185,0.47723000000000004,RUS,PER,841330
3733669,208,173,8813,1996,26368.0,0.0,2.133781,0.9099889999999999,SWE,PER,841330
3733670,231,173,8813,1996,316603.0,10588.0,1.7110560000000001,1.125141,USA,PER,841330
3733671,236,173,8813,1996,11377.0,0.0,0.07086100000000001,-0.761307,VEN,PER,841330
3733672,249,173,8813,1996,24183.0,0.0,1.432225,1.675389,TWN,PER,841330
3733673,250,173,8813,1996,2957.0,0.0,1.084978,0.901755,ANS,PER,841330
3733674,14,174,8813,1996,31920.0,0.0,0.369697,0.78069,AUS,PHL,841330
3733675,18,174,8813,1996,12661.0,0.0,1.549312,1.273767,BEL,PHL,841330
3733676,32,174,8813,1996,862.0,0.0,0.699658,1.271724,BRA,PHL,841330
3733677,39,174,8813,1996,4067.0,0.0,1.155706,1.1127049999999998,CAN,PHL,841330
3733678,41,174,8813,1996,20252.0,0.0,2.246238,0.603288,CHE,PHL,841330
3733679,43,174,8813,1996,2185.0,0.0,0.404422,3.061344,CHN,PHL,841330
3733680,61,174,8813,1996,82737.0,2061.0,2.279976,-2.572299,DEU,PHL,841330
3733681,71,174,8813,1996,7242.0,0.0,1.105317,1.9473,ESP,PHL,841330
3733682,74,174,8813,1996,82484.0,0.0,2.0584729999999998,1.006908,FIN,PHL,841330
3733683,77,174,8813,1996,82409.0,0.0,1.69082,0.721312,FRA,PHL,841330
3733684,81,174,8813,1996,7923.0,0.0,1.850284,0.883084,GBR,PHL,841330
3733685,97,174,8813,1996,17740.0,0.0,0.54364,2.727659,HKG,PHL,841330
3733686,103,174,8813,1996,1619.0,0.0,-0.43199899999999997,1.22074,IDN,PHL,841330
3733687,104,174,8813,1996,5677.0,0.0,0.20685599999999998,2.317622,IND,PHL,841330
3733688,111,174,8813,1996,51005.0,0.0,1.4674690000000001,1.263362,ITA,PHL,841330
3733689,114,174,8813,1996,5110904.0,2412.0,2.615364,0.5656939999999999,JPN,PHL,841330
3733690,121,174,8813,1996,131167.0,0.0,0.8946940000000001,1.240424,KOR,PHL,841330
3733691,162,174,8813,1996,4568.0,0.0,1.256625,1.803132,NLD,PHL,841330
3733692,192,174,8813,1996,170245.0,17720.0,0.8354299999999999,0.41169799999999995,SGP,PHL,841330
3733693,208,174,8813,1996,1239.0,0.0,2.133781,0.9099889999999999,SWE,PHL,841330
3733694,216,174,8813,1996,236659.0,0.0,0.10120599999999999,1.351967,THA,PHL,841330
3733695,231,174,8813,1996,265878.0,3398.0,1.7110560000000001,1.125141,USA,PHL,841330
3733696,249,174,8813,1996,95734.0,0.0,1.432225,1.675389,TWN,PHL,841330
3733697,2,179,8813,1996,2245.0,64266.0,-2.3109900000000003,-1.172849,AGO,PRT,841330
3733698,18,179,8813,1996,495380.0,6723.0,1.549312,1.273767,BEL,PRT,841330
3733699,24,179,8813,1996,0.0,1061.0,-0.062207000000000005,-0.840398,BHR,PRT,841330
3733700,28,179,8813,1996,3660.0,0.0,0.7285550000000001,0.660716,BLR,PRT,841330
3733701,32,179,8813,1996,6632.0,0.0,0.699658,1.271724,BRA,PRT,841330
3733702,41,179,8813,1996,44781.0,17350.0,2.246238,0.603288,CHE,PRT,841330
3733703,46,179,8813,1996,0.0,2955.0,-1.2167,-1.086508,COD,PRT,841330
3733704,51,179,8813,1996,2049.0,14658.0,0.247925,-0.512776,CPV,PRT,841330
3733705,61,179,8813,1996,933821.0,101746.0,2.279976,-2.572299,DEU,PRT,841330
3733706,64,179,8813,1996,4216.0,0.0,1.443514,1.275684,DNK,PRT,841330
3733707,71,179,8813,1996,4074709.0,4309889.0,1.105317,1.9473,ESP,PRT,841330
3733708,74,179,8813,1996,133316.0,0.0,2.0584729999999998,1.006908,FIN,PRT,841330
3733709,77,179,8813,1996,690767.0,97054.0,1.69082,0.721312,FRA,PRT,841330
3733710,81,179,8813,1996,839733.0,13439.0,1.850284,0.883084,GBR,PRT,841330
3733711,88,179,8813,1996,0.0,7999.0,-1.853188,-0.8371649999999999,GNB,PRT,841330
3733712,97,179,8813,1996,1638.0,0.0,0.54364,2.727659,HKG,PRT,841330
3733713,111,179,8813,1996,1949659.0,0.0,1.4674690000000001,1.263362,ITA,PRT,841330
3733714,114,179,8813,1996,751598.0,0.0,2.615364,0.5656939999999999,JPN,PRT,841330
3733715,121,179,8813,1996,4685.0,0.0,0.8946940000000001,1.240424,KOR,PRT,841330
3733716,147,179,8813,1996,0.0,3490.0,-1.331264,-1.1260270000000001,MOZ,PRT,841330
3733717,162,179,8813,1996,253147.0,50273.0,1.256625,1.803132,NLD,PRT,841330
3733718,163,179,8813,1996,10747.0,0.0,1.204869,0.303062,NOR,PRT,841330
3733719,208,179,8813,1996,114098.0,0.0,2.133781,0.9099889999999999,SWE,PRT,841330
3733720,224,179,8813,1996,1979.0,28780.0,0.156866,1.554023,TUR,PRT,841330
3733721,231,179,8813,1996,58739.0,0.0,1.7110560000000001,1.125141,USA,PRT,841330
3733722,246,179,8813,1996,12730.0,0.0,0.456593,1.150786,ZAF,PRT,841330
3733723,249,179,8813,1996,3748.0,0.0,1.432225,1.675389,TWN,PRT,841330
3733724,250,179,8813,1996,1822.0,0.0,1.084978,0.901755,ANS,PRT,841330
3733725,8,180,8813,1996,23561.0,0.0,0.167081,0.433612,ARG,PRY,841330
3733726,18,180,8813,1996,1377.0,0.0,1.549312,1.273767,BEL,PRY,841330
3733727,32,180,8813,1996,639226.0,0.0,0.699658,1.271724,BRA,PRY,841330
3733728,39,180,8813,1996,763.0,0.0,1.155706,1.1127049999999998,CAN,PRY,841330
3733729,42,180,8813,1996,28616.0,0.0,-0.052811000000000004,-0.169464,CHL,PRY,841330
3733730,59,180,8813,1996,1181.0,0.0,1.401181,1.3094709999999998,CZE,PRY,841330
3733731,61,180,8813,1996,63217.0,0.0,2.279976,-2.572299,DEU,PRY,841330
3733732,71,180,8813,1996,1490.0,0.0,1.105317,1.9473,ESP,PRY,841330
3733733,77,180,8813,1996,13679.0,0.0,1.69082,0.721312,FRA,PRY,841330
3733734,81,180,8813,1996,10057.0,0.0,1.850284,0.883084,GBR,PRY,841330
3733735,111,180,8813,1996,2317.0,0.0,1.4674690000000001,1.263362,ITA,PRY,841330
3733736,114,180,8813,1996,181474.0,0.0,2.615364,0.5656939999999999,JPN,PRY,841330
3733737,121,180,8813,1996,26180.0,0.0,0.8946940000000001,1.240424,KOR,PRY,841330
3733738,138,180,8813,1996,6488.0,0.0,0.651949,0.9132170000000001,MEX,PRY,841330
3733739,173,180,8813,1996,15964.0,0.0,-0.43761000000000005,-0.28077399999999997,PER,PRY,841330
3733740,208,180,8813,1996,1082.0,0.0,2.133781,0.9099889999999999,SWE,PRY,841330
3733741,231,180,8813,1996,4224.0,0.0,1.7110560000000001,1.125141,USA,PRY,841330
3733742,249,180,8813,1996,2092.0,0.0,1.432225,1.675389,TWN,PRY,841330
3733743,61,190,8813,1996,11077.0,0.0,2.279976,-2.572299,DEU,SDN,841330
3733744,64,190,8813,1996,4192.0,0.0,1.443514,1.275684,DNK,SDN,841330
3733745,77,190,8813,1996,6629.0,0.0,1.69082,0.721312,FRA,SDN,841330
3733746,81,190,8813,1996,35239.0,0.0,1.850284,0.883084,GBR,SDN,841330
3733747,111,190,8813,1996,1582.0,0.0,1.4674690000000001,1.263362,ITA,SDN,841330
3733748,114,190,8813,1996,57954.0,0.0,2.615364,0.5656939999999999,JPN,SDN,841330
3733749,177,190,8813,1996,21340.0,0.0,0.795489,1.9004729999999999,POL,SDN,841330
3733750,188,190,8813,1996,10172.0,0.0,0.215265,-0.8577309999999999,SAU,SDN,841330
3733751,224,190,8813,1996,8121.0,0.0,0.156866,1.554023,TUR,SDN,841330
3733752,231,190,8813,1996,8828.0,0.0,1.7110560000000001,1.125141,USA,SDN,841330
3733753,234,190,8813,1996,1414.0,0.0,-0.123896,-0.5798989999999999,VCT,SDN,841330
3733754,32,205,8813,1996,5744.0,0.0,0.699658,1.271724,BRA,SUR,841330
3733755,39,205,8813,1996,9116.0,1282.0,1.155706,1.1127049999999998,CAN,SUR,841330
3733756,61,205,8813,1996,2683.0,0.0,2.279976,-2.572299,DEU,SUR,841330
3733757,66,205,8813,1996,0.0,2333.0,-0.33419699999999997,-1.035736,DZA,SUR,841330
3733758,81,205,8813,1996,6350.0,0.0,1.850284,0.883084,GBR,SUR,841330
3733759,111,205,8813,1996,3060.0,0.0,1.4674690000000001,1.263362,ITA,SUR,841330
3733760,114,205,8813,1996,25263.0,0.0,2.615364,0.5656939999999999,JPN,SUR,841330
3733761,138,205,8813,1996,1135.0,0.0,0.651949,0.9132170000000001,MEX,SUR,841330
3733762,162,205,8813,1996,2004.0,0.0,1.256625,1.803132,NLD,SUR,841330
3733763,231,205,8813,1996,31959.0,10578.0,1.7110560000000001,1.125141,USA,SUR,841330
3733764,249,205,8813,1996,12854.0,0.0,1.432225,1.675389,TWN,SUR,841330
3733765,2,208,8813,1996,0.0,2142.0,-2.3109900000000003,-1.172849,AGO,SWE,841330
3733766,7,208,8813,1996,1875.0,163033.0,-0.245358,-0.726695,ARE,SWE,841330
3733767,8,208,8813,1996,0.0,7257.0,0.167081,0.433612,ARG,SWE,841330
3733768,14,208,8813,1996,1715.0,691870.0,0.369697,0.78069,AUS,SWE,841330
3733769,15,208,8813,1996,615642.0,281218.0,1.9216669999999998,0.659388,AUT,SWE,841330
3733770,18,208,8813,1996,1496788.0,5640664.0,1.549312,1.273767,BEL,SWE,841330
3733771,23,208,8813,1996,0.0,6579.0,0.544265,1.523408,BGR,SWE,841330
3733772,24,208,8813,1996,0.0,7305.0,-0.062207000000000005,-0.840398,BHR,SWE,841330
3733773,31,208,8813,1996,0.0,9968.0,-0.589432,-0.7781,BOL,SWE,841330
3733774,32,208,8813,1996,178081.0,79218.0,0.699658,1.271724,BRA,SWE,841330
3733775,34,208,8813,1996,0.0,1663.0,-0.848331,-0.779511,BRN,SWE,841330
3733776,39,208,8813,1996,82354.0,236006.0,1.155706,1.1127049999999998,CAN,SWE,841330
3733777,41,208,8813,1996,90489.0,432636.0,2.246238,0.603288,CHE,SWE,841330
3733778,42,208,8813,1996,0.0,9409.0,-0.052811000000000004,-0.169464,CHL,SWE,841330
3733779,43,208,8813,1996,11057.0,6894.0,0.404422,3.061344,CHN,SWE,841330
3733780,45,208,8813,1996,0.0,2126.0,-1.4036309999999999,-1.090633,CMR,SWE,841330
3733781,49,208,8813,1996,0.0,80237.0,0.136487,0.078743,COL,SWE,841330
3733782,50,208,8813,1996,0.0,3149.0,-1.007044,-0.833519,COM,SWE,841330
3733783,52,208,8813,1996,0.0,4066.0,-0.34219499999999997,0.12221900000000001,CRI,SWE,841330
3733784,54,208,8813,1996,0.0,9672.0,-0.555246,-1.0420479999999999,CUB,SWE,841330
3733785,58,208,8813,1996,0.0,8544.0,0.20007,0.020590999999999998,CYP,SWE,841330
3733786,59,208,8813,1996,60955.0,2366.0,1.401181,1.3094709999999998,CZE,SWE,841330
3733787,61,208,8813,1996,86549288.0,1145882.0,2.279976,-2.572299,DEU,SWE,841330
3733788,64,208,8813,1996,124350.0,1333737.0,1.443514,1.275684,DNK,SWE,841330
3733789,66,208,8813,1996,0.0,10068.0,-0.33419699999999997,-1.035736,DZA,SWE,841330
3733790,67,208,8813,1996,0.0,10373.0,-1.1391200000000001,-0.992735,ECU,SWE,841330
3733791,68,208,8813,1996,1795.0,214222.0,-0.5446409999999999,-0.229586,EGY,SWE,841330
3733792,71,208,8813,1996,11521.0,349890.0,1.105317,1.9473,ESP,SWE,841330
3733793,72,208,8813,1996,27624.0,118386.0,0.53397,1.0877940000000001,EST,SWE,841330
3733794,73,208,8813,1996,0.0,20224.0,-1.265383,-1.131925,ETH,SWE,841330
3733795,74,208,8813,1996,71920.0,2693567.0,2.0584729999999998,1.006908,FIN,SWE,841330
3733796,77,208,8813,1996,1371314.0,872331.0,1.69082,0.721312,FRA,SWE,841330
3733797,78,208,8813,1996,0.0,1519.0,-0.252693,-0.714691,FRO,SWE,841330
3733798,81,208,8813,1996,1354116.0,1987468.0,1.850284,0.883084,GBR,SWE,841330
3733799,83,208,8813,1996,0.0,5338.0,-1.035244,-0.9834129999999999,GHA,SWE,841330
3733800,87,208,8813,1996,0.0,3173.0,-1.028677,-0.8440540000000001,GMB,SWE,841330
3733801,90,208,8813,1996,0.0,65968.0,0.271386,1.042608,GRC,SWE,841330
3733802,93,208,8813,1996,0.0,2802.0,-0.332901,0.23790300000000003,GTM,SWE,841330
3733803,97,208,8813,1996,51222.0,123708.0,0.54364,2.727659,HKG,SWE,841330
3733804,100,208,8813,1996,0.0,1629.0,0.772706,1.1075270000000002,HRV,SWE,841330
3733805,102,208,8813,1996,0.0,6008.0,0.790036,1.891534,HUN,SWE,841330
3733806,103,208,8813,1996,0.0,33666.0,-0.43199899999999997,1.22074,IDN,SWE,841330
3733807,104,208,8813,1996,0.0,21945.0,0.20685599999999998,2.317622,IND,SWE,841330
3733808,106,208,8813,1996,6938.0,32147.0,1.386011,0.9232100000000001,IRL,SWE,841330
3733809,107,208,8813,1996,0.0,8676.0,-0.7496649999999999,-1.1173520000000001,IRN,SWE,841330
3733810,109,208,8813,1996,0.0,19720.0,0.003558,-0.551796,ISL,SWE,841330
3733811,110,208,8813,1996,59140.0,38634.0,1.054975,1.072965,ISR,SWE,841330
3733812,111,208,8813,1996,2098900.0,1144491.0,1.4674690000000001,1.263362,ITA,SWE,841330
3733813,112,208,8813,1996,0.0,6449.0,-0.6344350000000001,-0.814916,JAM,SWE,841330
3733814,113,208,8813,1996,0.0,6518.0,0.12203499999999999,-0.41859399999999997,JOR,SWE,841330
3733815,114,208,8813,1996,1996133.0,562905.0,2.615364,0.5656939999999999,JPN,SWE,841330
3733816,116,208,8813,1996,0.0,9774.0,-0.468322,-0.017625,KEN,SWE,841330
3733817,121,208,8813,1996,10702.0,306457.0,0.8946940000000001,1.240424,KOR,SWE,841330
3733818,122,208,8813,1996,0.0,21142.0,-0.27174499999999996,-1.098243,KWT,SWE,841330
3733819,124,208,8813,1996,0.0,34323.0,-0.051973,0.002154,LBN,SWE,841330
3733820,126,208,8813,1996,0.0,20211.0,-0.588489,-1.138552,LBY,SWE,841330
3733821,130,208,8813,1996,0.0,35657.0,0.40520500000000004,0.9465950000000001,LTU,SWE,841330
3733822,132,208,8813,1996,0.0,23551.0,0.33418600000000004,0.1615,LVA,SWE,841330
3733823,134,208,8813,1996,0.0,18271.0,-0.67314,-0.241242,MAR,SWE,841330
3733824,138,208,8813,1996,0.0,2184.0,0.651949,0.9132170000000001,MEX,SWE,841330
3733825,140,208,8813,1996,0.0,7927.0,0.316133,0.933068,MKD,SWE,841330
3733826,142,208,8813,1996,0.0,1432.0,0.8825440000000001,0.066541,MLT,SWE,841330
3733827,143,208,8813,1996,0.0,1228.0,-1.556357,-1.078395,MMR,SWE,841330
3733828,147,208,8813,1996,0.0,10746.0,-1.331264,-1.1260270000000001,MOZ,SWE,841330
3733829,153,208,8813,1996,0.0,102579.0,0.351774,0.347262,MYS,SWE,841330
3733830,159,208,8813,1996,0.0,820.0,-1.813359,-1.1967,NGA,SWE,841330
3733831,160,208,8813,1996,0.0,1219.0,-0.767799,-0.737816,NIC,SWE,841330
3733832,162,208,8813,1996,1990189.0,3297302.0,1.256625,1.803132,NLD,SWE,841330
3733833,163,208,8813,1996,3021339.0,2560030.0,1.204869,0.303062,NOR,SWE,841330
3733834,166,208,8813,1996,11403.0,33751.0,0.49466099999999996,0.8302879999999999,NZL,SWE,841330
3733835,167,208,8813,1996,4420.0,5513.0,-0.10243499999999998,-0.8425879999999999,OMN,SWE,841330
3733836,168,208,8813,1996,0.0,2983.0,-0.7543300000000001,-0.393654,PAK,SWE,841330
3733837,169,208,8813,1996,0.0,38892.0,-0.100537,-0.374129,PAN,SWE,841330
3733838,173,208,8813,1996,0.0,26368.0,-0.43761000000000005,-0.28077399999999997,PER,SWE,841330
3733839,174,208,8813,1996,0.0,1239.0,-0.276548,0.344986,PHL,SWE,841330
3733840,177,208,8813,1996,0.0,42637.0,0.795489,1.9004729999999999,POL,SWE,841330
3733841,179,208,8813,1996,0.0,114098.0,0.39343,1.170144,PRT,SWE,841330
3733842,180,208,8813,1996,0.0,1082.0,-0.506178,-0.712851,PRY,SWE,841330
3733843,182,208,8813,1996,0.0,3873.0,0.845308,-0.31763,PYF,SWE,841330
3733844,183,208,8813,1996,0.0,5908.0,-0.48203500000000005,-1.117173,QAT,SWE,841330
3733845,185,208,8813,1996,3032.0,1319.0,0.612035,0.880964,ROU,SWE,841330
3733846,186,208,8813,1996,0.0,247185.0,0.900185,0.47723000000000004,RUS,SWE,841330
3733847,188,208,8813,1996,0.0,66805.0,0.215265,-0.8577309999999999,SAU,SWE,841330
3733848,189,208,8813,1996,0.0,8930.0,0.786293,2.20126,SCG,SWE,841330
3733849,192,208,8813,1996,10994.0,142450.0,0.8354299999999999,0.41169799999999995,SGP,SWE,841330
3733850,197,208,8813,1996,0.0,1783.0,-0.24968800000000002,-0.121995,SLV,SWE,841330
3733851,206,208,8813,1996,0.0,5412.0,1.189398,1.29167,SVK,SWE,841330
3733852,207,208,8813,1996,3730.0,1069.0,1.409184,1.37245,SVN,SWE,841330
3733853,212,208,8813,1996,0.0,30081.0,-1.100666,-0.90038,SYR,SWE,841330
3733854,216,208,8813,1996,0.0,249392.0,0.10120599999999999,1.351967,THA,SWE,841330
3733855,223,208,8813,1996,0.0,59672.0,-0.28546,-0.089051,TUN,SWE,841330
3733856,224,208,8813,1996,46878.0,44259.0,0.156866,1.554023,TUR,SWE,841330
3733857,226,208,8813,1996,0.0,3984.0,-1.391534,-0.907436,TZA,SWE,841330
3733858,228,208,8813,1996,0.0,6280.0,0.896537,0.9241459999999999,UKR,SWE,841330
3733859,230,208,8813,1996,0.0,4652.0,0.171541,0.313934,URY,SWE,841330
3733860,231,208,8813,1996,681457.0,4663307.0,1.7110560000000001,1.125141,USA,SWE,841330
3733861,246,208,8813,1996,0.0,62529.0,0.456593,1.150786,ZAF,SWE,841330
3733862,247,208,8813,1996,0.0,4071.0,-0.340956,-0.714009,ZMB,SWE,841330
3733863,248,208,8813,1996,0.0,11684.0,-0.393769,-0.34379,ZWE,SWE,841330
3733864,249,208,8813,1996,1507.0,354422.0,1.432225,1.675389,TWN,SWE,841330
3733865,250,208,8813,1996,4908.0,3234.0,1.084978,0.901755,ANS,SWE,841330
3733866,14,216,8813,1996,7883.0,0.0,0.369697,0.78069,AUS,THA,841330
3733867,15,216,8813,1996,23382.0,0.0,1.9216669999999998,0.659388,AUT,THA,841330
3733868,18,216,8813,1996,7115.0,25551.0,1.549312,1.273767,BEL,THA,841330
3733869,32,216,8813,1996,1867.0,3006.0,0.699658,1.271724,BRA,THA,841330
3733870,39,216,8813,1996,48364.0,0.0,1.155706,1.1127049999999998,CAN,THA,841330
3733871,41,216,8813,1996,48808.0,0.0,2.246238,0.603288,CHE,THA,841330
3733872,43,216,8813,1996,57168.0,0.0,0.404422,3.061344,CHN,THA,841330
3733873,49,216,8813,1996,0.0,10083.0,0.136487,0.078743,COL,THA,841330
3733874,59,216,8813,1996,850.0,0.0,1.401181,1.3094709999999998,CZE,THA,841330
3733875,61,216,8813,1996,964148.0,10158.0,2.279976,-2.572299,DEU,THA,841330
3733876,64,216,8813,1996,18354.0,0.0,1.443514,1.275684,DNK,THA,841330
3733877,66,216,8813,1996,0.0,32051.0,-0.33419699999999997,-1.035736,DZA,THA,841330
3733878,71,216,8813,1996,21079.0,0.0,1.105317,1.9473,ESP,THA,841330
3733879,74,216,8813,1996,4438.0,0.0,2.0584729999999998,1.006908,FIN,THA,841330
3733880,77,216,8813,1996,137744.0,2325.0,1.69082,0.721312,FRA,THA,841330
3733881,81,216,8813,1996,84182.0,68633.0,1.850284,0.883084,GBR,THA,841330
3733882,82,216,8813,1996,1320.0,0.0,0.5383020000000001,0.167596,GEO,THA,841330
3733883,97,216,8813,1996,15571.0,43350.0,0.54364,2.727659,HKG,THA,841330
3733884,102,216,8813,1996,3214.0,0.0,0.790036,1.891534,HUN,THA,841330
3733885,103,216,8813,1996,0.0,61949.0,-0.43199899999999997,1.22074,IDN,THA,841330
3733886,104,216,8813,1996,569380.0,23465.0,0.20685599999999998,2.317622,IND,THA,841330
3733887,110,216,8813,1996,10983.0,0.0,1.054975,1.072965,ISR,THA,841330
3733888,111,216,8813,1996,235529.0,1305.0,1.4674690000000001,1.263362,ITA,THA,841330
3733889,114,216,8813,1996,87815672.0,328224.0,2.615364,0.5656939999999999,JPN,THA,841330
3733890,116,216,8813,1996,0.0,6215.0,-0.468322,-0.017625,KEN,THA,841330
3733891,118,216,8813,1996,0.0,4624.0,-1.110741,-1.089434,KHM,THA,841330
3733892,121,216,8813,1996,28683.0,0.0,0.8946940000000001,1.240424,KOR,THA,841330
3733893,138,216,8813,1996,0.0,707.0,0.651949,0.9132170000000001,MEX,THA,841330
3733894,153,216,8813,1996,32290.0,200017.0,0.351774,0.347262,MYS,THA,841330
3733895,159,216,8813,1996,0.0,1864.0,-1.813359,-1.1967,NGA,THA,841330
3733896,162,216,8813,1996,89078.0,6586.0,1.256625,1.803132,NLD,THA,841330
3733897,163,216,8813,1996,4941.0,0.0,1.204869,0.303062,NOR,THA,841330
3733898,166,216,8813,1996,1788.0,0.0,0.49466099999999996,0.8302879999999999,NZL,THA,841330
3733899,167,216,8813,1996,0.0,3651.0,-0.10243499999999998,-0.8425879999999999,OMN,THA,841330
3733900,168,216,8813,1996,0.0,26132.0,-0.7543300000000001,-0.393654,PAK,THA,841330
3733901,174,216,8813,1996,0.0,236659.0,-0.276548,0.344986,PHL,THA,841330
3733902,192,216,8813,1996,404896.0,102001.0,0.8354299999999999,0.41169799999999995,SGP,THA,841330
3733903,206,216,8813,1996,1318.0,0.0,1.189398,1.29167,SVK,THA,841330
3733904,208,216,8813,1996,249392.0,0.0,2.133781,0.9099889999999999,SWE,THA,841330
3733905,226,216,8813,1996,0.0,3587.0,-1.391534,-0.907436,TZA,THA,841330
3733906,231,216,8813,1996,689477.0,55401.0,1.7110560000000001,1.125141,USA,THA,841330
3733907,239,216,8813,1996,0.0,157371.0,-0.9336469999999999,-0.10985199999999999,VNM,THA,841330
3733908,249,216,8813,1996,29339.0,2039.0,1.432225,1.675389,TWN,THA,841330
3733909,39,222,8813,1996,89660.0,0.0,1.155706,1.1127049999999998,CAN,TTO,841330
3733910,61,222,8813,1996,6459.0,0.0,2.279976,-2.572299,DEU,TTO,841330
3733911,63,222,8813,1996,0.0,747.0,0.44934399999999997,-0.023771,DMA,TTO,841330
3733912,74,222,8813,1996,4105.0,0.0,2.0584729999999998,1.006908,FIN,TTO,841330
3733913,77,222,8813,1996,911.0,0.0,1.69082,0.721312,FRA,TTO,841330
3733914,81,222,8813,1996,4425.0,921.0,1.850284,0.883084,GBR,TTO,841330
3733915,96,222,8813,1996,0.0,1642.0,-0.567617,-0.766822,GUY,TTO,841330
3733916,104,222,8813,1996,3846.0,0.0,0.20685599999999998,2.317622,IND,TTO,841330
3733917,114,222,8813,1996,417104.0,0.0,2.615364,0.5656939999999999,JPN,TTO,841330
3733918,121,222,8813,1996,30071.0,0.0,0.8946940000000001,1.240424,KOR,TTO,841330
3733919,231,222,8813,1996,267398.0,5515.0,1.7110560000000001,1.125141,USA,TTO,841330
3733920,250,222,8813,1996,3790.0,0.0,1.084978,0.901755,ANS,TTO,841330
3733921,4,224,8813,1996,0.0,7440.0,-0.309992,-0.039541,ALB,TUR,841330
3733922,7,224,8813,1996,0.0,74966.0,-0.245358,-0.726695,ARE,TUR,841330
3733923,8,224,8813,1996,8691.0,1589.0,0.167081,0.433612,ARG,TUR,841330
3733924,14,224,8813,1996,0.0,77531.0,0.369697,0.78069,AUS,TUR,841330
3733925,15,224,8813,1996,10451.0,16026.0,1.9216669999999998,0.659388,AUT,TUR,841330
3733926,16,224,8813,1996,0.0,275913.0,0.500442,-0.280796,AZE,TUR,841330
3733927,18,224,8813,1996,62690.0,8051.0,1.549312,1.273767,BEL,TUR,841330
3733928,23,224,8813,1996,2454.0,23863.0,0.544265,1.523408,BGR,TUR,841330
3733929,26,224,8813,1996,130036.0,0.0,0.679466,0.730425,BIH,TUR,841330
3733930,28,224,8813,1996,2498.0,0.0,0.7285550000000001,0.660716,BLR,TUR,841330
3733931,32,224,8813,1996,920903.0,8804.0,0.699658,1.271724,BRA,TUR,841330
3733932,39,224,8813,1996,1202.0,1876.0,1.155706,1.1127049999999998,CAN,TUR,841330
3733933,41,224,8813,1996,21620.0,3630.0,2.246238,0.603288,CHE,TUR,841330
3733934,42,224,8813,1996,0.0,2788.0,-0.052811000000000004,-0.169464,CHL,TUR,841330
3733935,49,224,8813,1996,0.0,1520.0,0.136487,0.078743,COL,TUR,841330
3733936,58,224,8813,1996,0.0,97082.0,0.20007,0.020590999999999998,CYP,TUR,841330
3733937,59,224,8813,1996,14353.0,1094.0,1.401181,1.3094709999999998,CZE,TUR,841330
3733938,61,224,8813,1996,6475209.0,83105.0,2.279976,-2.572299,DEU,TUR,841330
3733939,64,224,8813,1996,2651.0,0.0,1.443514,1.275684,DNK,TUR,841330
3733940,66,224,8813,1996,0.0,33551.0,-0.33419699999999997,-1.035736,DZA,TUR,841330
3733941,68,224,8813,1996,0.0,138294.0,-0.5446409999999999,-0.229586,EGY,TUR,841330
3733942,71,224,8813,1996,245376.0,37830.0,1.105317,1.9473,ESP,TUR,841330
3733943,73,224,8813,1996,0.0,33516.0,-1.265383,-1.131925,ETH,TUR,841330
3733944,74,224,8813,1996,1454.0,1558.0,2.0584729999999998,1.006908,FIN,TUR,841330
3733945,77,224,8813,1996,1254252.0,369428.0,1.69082,0.721312,FRA,TUR,841330
3733946,81,224,8813,1996,6632158.0,2748020.0,1.850284,0.883084,GBR,TUR,841330
3733947,90,224,8813,1996,0.0,48370.0,0.271386,1.042608,GRC,TUR,841330
3733948,100,224,8813,1996,2448.0,0.0,0.772706,1.1075270000000002,HRV,TUR,841330
3733949,102,224,8813,1996,13353.0,0.0,0.790036,1.891534,HUN,TUR,841330
3733950,103,224,8813,1996,2042.0,0.0,-0.43199899999999997,1.22074,IDN,TUR,841330
3733951,104,224,8813,1996,4012.0,0.0,0.20685599999999998,2.317622,IND,TUR,841330
3733952,106,224,8813,1996,5961.0,7190.0,1.386011,0.9232100000000001,IRL,TUR,841330
3733953,107,224,8813,1996,65179.0,0.0,-0.7496649999999999,-1.1173520000000001,IRN,TUR,841330
3733954,110,224,8813,1996,0.0,26139.0,1.054975,1.072965,ISR,TUR,841330
3733955,111,224,8813,1996,1673618.0,442920.0,1.4674690000000001,1.263362,ITA,TUR,841330
3733956,113,224,8813,1996,0.0,13963.0,0.12203499999999999,-0.41859399999999997,JOR,TUR,841330
3733957,114,224,8813,1996,864250.0,4743.0,2.615364,0.5656939999999999,JPN,TUR,841330
3733958,116,224,8813,1996,0.0,4363.0,-0.468322,-0.017625,KEN,TUR,841330
3733959,117,224,8813,1996,0.0,51044.0,0.350901,0.529512,KGZ,TUR,841330
3733960,121,224,8813,1996,24781.0,510143.0,0.8946940000000001,1.240424,KOR,TUR,841330
3733961,124,224,8813,1996,0.0,20956.0,-0.051973,0.002154,LBN,TUR,841330
3733962,126,224,8813,1996,0.0,6624.0,-0.588489,-1.138552,LBY,TUR,841330
3733963,134,224,8813,1996,0.0,102441.0,-0.67314,-0.241242,MAR,TUR,841330
3733964,138,224,8813,1996,0.0,2503.0,0.651949,0.9132170000000001,MEX,TUR,841330
3733965,140,224,8813,1996,0.0,29946.0,0.316133,0.933068,MKD,TUR,841330
3733966,153,224,8813,1996,0.0,43846.0,0.351774,0.347262,MYS,TUR,841330
3733967,159,224,8813,1996,0.0,40387.0,-1.813359,-1.1967,NGA,TUR,841330
3733968,162,224,8813,1996,86347.0,138128.0,1.256625,1.803132,NLD,TUR,841330
3733969,163,224,8813,1996,6471.0,4102.0,1.204869,0.303062,NOR,TUR,841330
3733970,166,224,8813,1996,0.0,1372.0,0.49466099999999996,0.8302879999999999,NZL,TUR,841330
3733971,168,224,8813,1996,0.0,29737.0,-0.7543300000000001,-0.393654,PAK,TUR,841330
3733972,177,224,8813,1996,1984.0,177378.0,0.795489,1.9004729999999999,POL,TUR,841330
3733973,179,224,8813,1996,28780.0,1979.0,0.39343,1.170144,PRT,TUR,841330
3733974,185,224,8813,1996,4151.0,20593.0,0.612035,0.880964,ROU,TUR,841330
3733975,186,224,8813,1996,10979.0,54905.0,0.900185,0.47723000000000004,RUS,TUR,841330
3733976,188,224,8813,1996,7748.0,40078.0,0.215265,-0.8577309999999999,SAU,TUR,841330
3733977,190,224,8813,1996,0.0,8121.0,-1.4146459999999998,-1.181707,SDN,TUR,841330
3733978,192,224,8813,1996,0.0,3049.0,0.8354299999999999,0.41169799999999995,SGP,TUR,841330
3733979,208,224,8813,1996,44259.0,46878.0,2.133781,0.9099889999999999,SWE,TUR,841330
3733980,212,224,8813,1996,0.0,42357.0,-1.100666,-0.90038,SYR,TUR,841330
3733981,219,224,8813,1996,0.0,1470.0,-0.756087,-1.160548,TKM,TUR,841330
3733982,223,224,8813,1996,0.0,154968.0,-0.28546,-0.089051,TUN,TUR,841330
3733983,228,224,8813,1996,3721.0,12802.0,0.896537,0.9241459999999999,UKR,TUR,841330
3733984,230,224,8813,1996,0.0,1534.0,0.171541,0.313934,URY,TUR,841330
3733985,231,224,8813,1996,100404.0,278906.0,1.7110560000000001,1.125141,USA,TUR,841330
3733986,232,224,8813,1996,0.0,22190.0,-0.17393499999999998,-0.727476,UZB,TUR,841330
3733987,246,224,8813,1996,0.0,53518.0,0.456593,1.150786,ZAF,TUR,841330
3733988,249,224,8813,1996,14028.0,0.0,1.432225,1.675389,TWN,TUR,841330
3733989,250,224,8813,1996,3396.0,29681.0,1.084978,0.901755,ANS,TUR,841330
3733990,8,230,8813,1996,167687.0,4383.0,0.167081,0.433612,ARG,URY,841330
3733991,32,230,8813,1996,308568.0,0.0,0.699658,1.271724,BRA,URY,841330
3733992,39,230,8813,1996,860.0,0.0,1.155706,1.1127049999999998,CAN,URY,841330
3733993,42,230,8813,1996,1898.0,0.0,-0.052811000000000004,-0.169464,CHL,URY,841330
3733994,43,230,8813,1996,2103.0,0.0,0.404422,3.061344,CHN,URY,841330
3733995,61,230,8813,1996,27094.0,0.0,2.279976,-2.572299,DEU,URY,841330
3733996,71,230,8813,1996,9634.0,0.0,1.105317,1.9473,ESP,URY,841330
3733997,77,230,8813,1996,19618.0,0.0,1.69082,0.721312,FRA,URY,841330
3733998,81,230,8813,1996,5293.0,0.0,1.850284,0.883084,GBR,URY,841330
3733999,97,230,8813,1996,7619.0,0.0,0.54364,2.727659,HKG,URY,841330
3734000,104,230,8813,1996,917.0,0.0,0.20685599999999998,2.317622,IND,URY,841330
3734001,111,230,8813,1996,89347.0,0.0,1.4674690000000001,1.263362,ITA,URY,841330
3734002,114,230,8813,1996,42991.0,0.0,2.615364,0.5656939999999999,JPN,URY,841330
3734003,121,230,8813,1996,12806.0,0.0,0.8946940000000001,1.240424,KOR,URY,841330
3734004,138,230,8813,1996,137176.0,0.0,0.651949,0.9132170000000001,MEX,URY,841330
3734005,208,230,8813,1996,4652.0,0.0,2.133781,0.9099889999999999,SWE,URY,841330
3734006,224,230,8813,1996,1534.0,0.0,0.156866,1.554023,TUR,URY,841330
3734007,231,230,8813,1996,4696.0,0.0,1.7110560000000001,1.125141,USA,URY,841330
3734008,250,230,8813,1996,3217.0,0.0,1.084978,0.901755,ANS,URY,841330
3734009,0,231,8813,1996,0.0,71417.0,-0.681487,-0.70999,ABW,USA,841330
3734010,4,231,8813,1996,0.0,3817.0,-0.309992,-0.039541,ALB,USA,841330
3734011,6,231,8813,1996,0.0,18281.0,0.29339,-0.572443,ANT,USA,841330
3734012,7,231,8813,1996,0.0,1211202.0,-0.245358,-0.726695,ARE,USA,841330
3734013,8,231,8813,1996,71023.0,835930.0,0.167081,0.433612,ARG,USA,841330
3734014,13,231,8813,1996,0.0,8188.0,0.408319,-0.21640700000000002,ATG,USA,841330
3734015,14,231,8813,1996,342919.0,6276918.0,0.369697,0.78069,AUS,USA,841330
3734016,15,231,8813,1996,7392388.0,10832830.0,1.9216669999999998,0.659388,AUT,USA,841330
3734017,18,231,8813,1996,383117.0,2427731.0,1.549312,1.273767,BEL,USA,841330
3734018,21,231,8813,1996,0.0,45424.0,-0.680996,-0.863442,BFA,USA,841330
3734019,22,231,8813,1996,0.0,19733.0,-1.060876,-1.05104,BGD,USA,841330
3734020,23,231,8813,1996,0.0,3127.0,0.544265,1.523408,BGR,USA,841330
3734021,24,231,8813,1996,0.0,54670.0,-0.062207000000000005,-0.840398,BHR,USA,841330
3734022,25,231,8813,1996,1891.0,588270.0,0.363917,-0.380614,BHS,USA,841330
3734023,28,231,8813,1996,11123.0,0.0,0.7285550000000001,0.660716,BLR,USA,841330
3734024,29,231,8813,1996,5795.0,16275.0,-0.341173,-0.670063,BLZ,USA,841330
3734025,30,231,8813,1996,0.0,35186.0,1.037215,-0.408235,BMU,USA,841330
3734026,31,231,8813,1996,0.0,11003.0,-0.589432,-0.7781,BOL,USA,841330
3734027,32,231,8813,1996,103093200.0,3669084.0,0.699658,1.271724,BRA,USA,841330
3734028,33,231,8813,1996,0.0,46857.0,0.9384979999999999,0.147479,BRB,USA,841330
3734029,38,231,8813,1996,0.0,916.0,-1.408316,-0.8695579999999999,CAF,USA,841330
3734030,39,231,8813,1996,38225980.0,122974528.0,1.155706,1.1127049999999998,CAN,USA,841330
3734031,41,231,8813,1996,890090.0,111986.0,2.246238,0.603288,CHE,USA,841330
3734032,42,231,8813,1996,146873.0,1213591.0,-0.052811000000000004,-0.169464,CHL,USA,841330
3734033,43,231,8813,1996,3808157.0,609466.0,0.404422,3.061344,CHN,USA,841330
3734034,44,231,8813,1996,0.0,35510.0,-0.8720459999999999,-0.7904479999999999,CIV,USA,841330
3734035,45,231,8813,1996,1489.0,47913.0,-1.4036309999999999,-1.090633,CMR,USA,841330
3734036,46,231,8813,1996,0.0,5344.0,-1.2167,-1.086508,COD,USA,841330
3734037,49,231,8813,1996,57358.0,1348027.0,0.136487,0.078743,COL,USA,841330
3734038,52,231,8813,1996,0.0,304059.0,-0.34219499999999997,0.12221900000000001,CRI,USA,841330
3734039,57,231,8813,1996,0.0,11366.0,0.532622,-0.428501,CYM,USA,841330
3734040,58,231,8813,1996,0.0,17895.0,0.20007,0.020590999999999998,CYP,USA,841330
3734041,59,231,8813,1996,373402.0,142098.0,1.401181,1.3094709999999998,CZE,USA,841330
3734042,61,231,8813,1996,77174352.0,11217051.0,2.279976,-2.572299,DEU,USA,841330
3734043,63,231,8813,1996,0.0,20961.0,0.44934399999999997,-0.023771,DMA,USA,841330
3734044,64,231,8813,1996,33577.0,99493.0,1.443514,1.275684,DNK,USA,841330
3734045,65,231,8813,1996,0.0,691094.0,-0.596093,-0.5602060000000001,DOM,USA,841330
3734046,66,231,8813,1996,0.0,14974.0,-0.33419699999999997,-1.035736,DZA,USA,841330
3734047,67,231,8813,1996,14718.0,366773.0,-1.1391200000000001,-0.992735,ECU,USA,841330
3734048,68,231,8813,1996,0.0,172759.0,-0.5446409999999999,-0.229586,EGY,USA,841330
3734049,71,231,8813,1996,682435.0,1445628.0,1.105317,1.9473,ESP,USA,841330
3734050,72,231,8813,1996,0.0,9839.0,0.53397,1.0877940000000001,EST,USA,841330
3734051,73,231,8813,1996,0.0,27107.0,-1.265383,-1.131925,ETH,USA,841330
3734052,74,231,8813,1996,226684.0,395980.0,2.0584729999999998,1.006908,FIN,USA,841330
3734053,75,231,8813,1996,0.0,14099.0,-0.7977,-0.9271879999999999,FJI,USA,841330
3734054,77,231,8813,1996,6702793.0,17152560.0,1.69082,0.721312,FRA,USA,841330
3734055,79,231,8813,1996,0.0,4154.0,-1.798209,-1.044117,FSM,USA,841330
3734056,80,231,8813,1996,0.0,112855.0,-1.693615,-1.174433,GAB,USA,841330
3734057,81,231,8813,1996,29719032.0,22890838.0,1.850284,0.883084,GBR,USA,841330
3734058,83,231,8813,1996,0.0,38745.0,-1.035244,-0.9834129999999999,GHA,USA,841330
3734059,89,231,8813,1996,3445.0,0.0,-1.832253,-0.7935300000000001,GNQ,USA,841330
3734060,90,231,8813,1996,14229.0,49120.0,0.271386,1.042608,GRC,USA,841330
3734061,91,231,8813,1996,0.0,18259.0,0.285534,-0.37242600000000003,GRD,USA,841330
3734062,93,231,8813,1996,2667.0,362302.0,-0.332901,0.23790300000000003,GTM,USA,841330
3734063,96,231,8813,1996,65220.0,15238.0,-0.567617,-0.766822,GUY,USA,841330
3734064,97,231,8813,1996,15877.0,1514421.0,0.54364,2.727659,HKG,USA,841330
3734065,99,231,8813,1996,6720.0,219107.0,-0.69357,-0.48721400000000004,HND,USA,841330
3734066,100,231,8813,1996,0.0,18087.0,0.772706,1.1075270000000002,HRV,USA,841330
3734067,101,231,8813,1996,0.0,8660.0,-0.865218,-0.723441,HTI,USA,841330
3734068,102,231,8813,1996,3529086.0,96473.0,0.790036,1.891534,HUN,USA,841330
3734069,103,231,8813,1996,23733.0,120204.0,-0.43199899999999997,1.22074,IDN,USA,841330
3734070,104,231,8813,1996,444785.0,186270.0,0.20685599999999998,2.317622,IND,USA,841330
3734071,106,231,8813,1996,8725.0,32830.0,1.386011,0.9232100000000001,IRL,USA,841330
3734072,109,231,8813,1996,0.0,11261.0,0.003558,-0.551796,ISL,USA,841330
3734073,110,231,8813,1996,469867.0,1072048.0,1.054975,1.072965,ISR,USA,841330
3734074,111,231,8813,1996,4115043.0,937589.0,1.4674690000000001,1.263362,ITA,USA,841330
3734075,112,231,8813,1996,0.0,48596.0,-0.6344350000000001,-0.814916,JAM,USA,841330
3734076,113,231,8813,1996,0.0,41799.0,0.12203499999999999,-0.41859399999999997,JOR,USA,841330
3734077,114,231,8813,1996,174955216.0,9949071.0,2.615364,0.5656939999999999,JPN,USA,841330
3734078,120,231,8813,1996,3179.0,18526.0,0.546384,-0.463373,KNA,USA,841330
3734079,121,231,8813,1996,15108883.0,8419389.0,0.8946940000000001,1.240424,KOR,USA,841330
3734080,122,231,8813,1996,0.0,839221.0,-0.27174499999999996,-1.098243,KWT,USA,841330
3734081,123,231,8813,1996,1345.0,0.0,-0.751092,-0.8680209999999999,LAO,USA,841330
3734082,124,231,8813,1996,0.0,132397.0,-0.051973,0.002154,LBN,USA,841330
3734083,127,231,8813,1996,1891.0,2442.0,0.016224000000000002,-0.664312,LCA,USA,841330
3734084,128,231,8813,1996,0.0,26461.0,-0.812763,-0.188722,LKA,USA,841330
3734085,130,231,8813,1996,0.0,2696.0,0.40520500000000004,0.9465950000000001,LTU,USA,841330
3734086,132,231,8813,1996,0.0,1176.0,0.33418600000000004,0.1615,LVA,USA,841330
3734087,133,231,8813,1996,3078.0,1586.0,-0.23007399999999997,-0.34139400000000003,MAC,USA,841330
3734088,134,231,8813,1996,0.0,13309.0,-0.67314,-0.241242,MAR,USA,841330
3734089,136,231,8813,1996,0.0,35020.0,-1.213619,-0.606686,MDG,USA,841330
3734090,138,231,8813,1996,20731450.0,35683908.0,0.651949,0.9132170000000001,MEX,USA,841330
3734091,139,231,8813,1996,0.0,7756.0,-0.035292000000000004,-0.660011,MHL,USA,841330
3734092,140,231,8813,1996,0.0,9017.0,0.316133,0.933068,MKD,USA,841330
3734093,141,231,8813,1996,0.0,5286.0,-0.987858,-0.9677040000000001,MLI,USA,841330
3734094,142,231,8813,1996,0.0,2178.0,0.8825440000000001,0.066541,MLT,USA,841330
3734095,143,231,8813,1996,0.0,9912.0,-1.556357,-1.078395,MMR,USA,841330
3734096,151,231,8813,1996,8732.0,2316.0,-0.538651,-0.746274,MUS,USA,841330
3734097,153,231,8813,1996,67948.0,98674.0,0.351774,0.347262,MYS,USA,841330
3734098,157,231,8813,1996,0.0,72190.0,-0.594771,-0.643008,NER,USA,841330
3734099,159,231,8813,1996,0.0,41070.0,-1.813359,-1.1967,NGA,USA,841330
3734100,160,231,8813,1996,0.0,87727.0,-0.767799,-0.737816,NIC,USA,841330
3734101,161,231,8813,1996,134549.0,0.0,0.934731,-0.41833100000000006,NIU,USA,841330
3734102,162,231,8813,1996,685688.0,1508793.0,1.256625,1.803132,NLD,USA,841330
3734103,163,231,8813,1996,695759.0,121476.0,1.204869,0.303062,NOR,USA,841330
3734104,166,231,8813,1996,86150.0,309656.0,0.49466099999999996,0.8302879999999999,NZL,USA,841330
3734105,167,231,8813,1996,0.0,93163.0,-0.10243499999999998,-0.8425879999999999,OMN,USA,841330
3734106,168,231,8813,1996,0.0,27210.0,-0.7543300000000001,-0.393654,PAK,USA,841330
3734107,169,231,8813,1996,4420.0,82569.0,-0.100537,-0.374129,PAN,USA,841330
3734108,173,231,8813,1996,10588.0,316603.0,-0.43761000000000005,-0.28077399999999997,PER,USA,841330
3734109,174,231,8813,1996,3398.0,265878.0,-0.276548,0.344986,PHL,USA,841330
3734110,176,231,8813,1996,0.0,2784.0,-2.120746,-1.2199879999999999,PNG,USA,841330
3734111,177,231,8813,1996,91997.0,72094.0,0.795489,1.9004729999999999,POL,USA,841330
3734112,179,231,8813,1996,0.0,58739.0,0.39343,1.170144,PRT,USA,841330
3734113,180,231,8813,1996,0.0,4224.0,-0.506178,-0.712851,PRY,USA,841330
3734114,182,231,8813,1996,18464.0,4694.0,0.845308,-0.31763,PYF,USA,841330
3734115,183,231,8813,1996,0.0,180138.0,-0.48203500000000005,-1.117173,QAT,USA,841330
3734116,185,231,8813,1996,47592.0,32506.0,0.612035,0.880964,ROU,USA,841330
3734117,186,231,8813,1996,20038.0,750702.0,0.900185,0.47723000000000004,RUS,USA,841330
3734118,188,231,8813,1996,1317.0,2890321.0,0.215265,-0.8577309999999999,SAU,USA,841330
3734119,189,231,8813,1996,0.0,1680.0,0.786293,2.20126,SCG,USA,841330
3734120,190,231,8813,1996,0.0,8828.0,-1.4146459999999998,-1.181707,SDN,USA,841330
3734121,191,231,8813,1996,0.0,21664.0,-0.619785,-0.712171,SEN,USA,841330
3734122,192,231,8813,1996,514602.0,2727871.0,0.8354299999999999,0.41169799999999995,SGP,USA,841330
3734123,197,231,8813,1996,4618.0,488531.0,-0.24968800000000002,-0.121995,SLV,USA,841330
3734124,205,231,8813,1996,10578.0,31959.0,-0.93463,-0.797197,SUR,USA,841330
3734125,206,231,8813,1996,0.0,4237.0,1.189398,1.29167,SVK,USA,841330
3734126,207,231,8813,1996,13143.0,4046.0,1.409184,1.37245,SVN,USA,841330
3734127,208,231,8813,1996,4663307.0,681457.0,2.133781,0.9099889999999999,SWE,USA,841330
3734128,212,231,8813,1996,0.0,22678.0,-1.100666,-0.90038,SYR,USA,841330
3734129,215,231,8813,1996,0.0,44470.0,-0.9070459999999999,-0.7702399999999999,TGO,USA,841330
3734130,216,231,8813,1996,55401.0,689477.0,0.10120599999999999,1.351967,THA,USA,841330
3734131,222,231,8813,1996,5515.0,267398.0,0.19111,-0.488382,TTO,USA,841330
3734132,223,231,8813,1996,0.0,322027.0,-0.28546,-0.089051,TUN,USA,841330
3734133,224,231,8813,1996,278906.0,100404.0,0.156866,1.554023,TUR,USA,841330
3734134,226,231,8813,1996,0.0,7469.0,-1.391534,-0.907436,TZA,USA,841330
3734135,227,231,8813,1996,0.0,4691.0,-0.931124,-0.925523,UGA,USA,841330
3734136,228,231,8813,1996,1159.0,21031.0,0.896537,0.9241459999999999,UKR,USA,841330
3734137,230,231,8813,1996,0.0,4696.0,0.171541,0.313934,URY,USA,841330
3734138,232,231,8813,1996,0.0,4220.0,-0.17393499999999998,-0.727476,UZB,USA,841330
3734139,236,231,8813,1996,6596.0,4463886.0,0.07086100000000001,-0.761307,VEN,USA,841330
3734140,239,231,8813,1996,0.0,162705.0,-0.9336469999999999,-0.10985199999999999,VNM,USA,841330
3734141,243,231,8813,1996,0.0,4829.0,-1.304556,-1.200523,YEM,USA,841330
3734142,246,231,8813,1996,101941.0,999256.0,0.456593,1.150786,ZAF,USA,841330
3734143,247,231,8813,1996,0.0,6969.0,-0.340956,-0.714009,ZMB,USA,841330
3734144,249,231,8813,1996,1570609.0,3139210.0,1.432225,1.675389,TWN,USA,841330
3734145,8,236,8813,1996,218005.0,0.0,0.167081,0.433612,ARG,VEN,841330
3734146,15,236,8813,1996,12433.0,0.0,1.9216669999999998,0.659388,AUT,VEN,841330
3734147,18,236,8813,1996,1584.0,0.0,1.549312,1.273767,BEL,VEN,841330
3734148,32,236,8813,1996,510439.0,0.0,0.699658,1.271724,BRA,VEN,841330
3734149,39,236,8813,1996,5636.0,0.0,1.155706,1.1127049999999998,CAN,VEN,841330
3734150,41,236,8813,1996,11364.0,0.0,2.246238,0.603288,CHE,VEN,841330
3734151,42,236,8813,1996,6917.0,0.0,-0.052811000000000004,-0.169464,CHL,VEN,841330
3734152,49,236,8813,1996,2578.0,21040.0,0.136487,0.078743,COL,VEN,841330
3734153,52,236,8813,1996,4777.0,1767.0,-0.34219499999999997,0.12221900000000001,CRI,VEN,841330
3734154,61,236,8813,1996,262318.0,0.0,2.279976,-2.572299,DEU,VEN,841330
3734155,64,236,8813,1996,4348.0,0.0,1.443514,1.275684,DNK,VEN,841330
3734156,67,236,8813,1996,0.0,2184.0,-1.1391200000000001,-0.992735,ECU,VEN,841330
3734157,71,236,8813,1996,229975.0,0.0,1.105317,1.9473,ESP,VEN,841330
3734158,77,236,8813,1996,20416.0,0.0,1.69082,0.721312,FRA,VEN,841330
3734159,81,236,8813,1996,25714.0,0.0,1.850284,0.883084,GBR,VEN,841330
3734160,97,236,8813,1996,985.0,0.0,0.54364,2.727659,HKG,VEN,841330
3734161,111,236,8813,1996,268962.0,0.0,1.4674690000000001,1.263362,ITA,VEN,841330
3734162,112,236,8813,1996,0.0,1069.0,-0.6344350000000001,-0.814916,JAM,VEN,841330
3734163,114,236,8813,1996,890157.0,0.0,2.615364,0.5656939999999999,JPN,VEN,841330
3734164,121,236,8813,1996,77887.0,0.0,0.8946940000000001,1.240424,KOR,VEN,841330
3734165,138,236,8813,1996,17899.0,0.0,0.651949,0.9132170000000001,MEX,VEN,841330
3734166,162,236,8813,1996,81658.0,0.0,1.256625,1.803132,NLD,VEN,841330
3734167,169,236,8813,1996,79658.0,2628.0,-0.100537,-0.374129,PAN,VEN,841330
3734168,173,236,8813,1996,0.0,11377.0,-0.43761000000000005,-0.28077399999999997,PER,VEN,841330
3734169,186,236,8813,1996,1344.0,0.0,0.900185,0.47723000000000004,RUS,VEN,841330
3734170,192,236,8813,1996,0.0,7741.0,0.8354299999999999,0.41169799999999995,SGP,VEN,841330
3734171,231,236,8813,1996,4463886.0,6596.0,1.7110560000000001,1.125141,USA,VEN,841330
3734172,249,236,8813,1996,3829.0,0.0,1.432225,1.675389,TWN,VEN,841330
3734173,2,14,8813,1996,0.0,3127.0,-2.3109900000000003,-1.172849,AGO,AUS,841330
3734174,7,14,8813,1996,0.0,16667.0,-0.245358,-0.726695,ARE,AUS,841330
3734175,15,14,8813,1996,6839.0,1929.0,1.9216669999999998,0.659388,AUT,AUS,841330
3734176,18,14,8813,1996,336223.0,12132.0,1.549312,1.273767,BEL,AUS,841330
3734177,21,14,8813,1996,0.0,1941.0,-0.680996,-0.863442,BFA,AUS,841330
3734178,28,14,8813,1996,1333.0,0.0,0.7285550000000001,0.660716,BLR,AUS,841330
3734179,32,14,8813,1996,68596.0,0.0,0.699658,1.271724,BRA,AUS,841330
3734180,39,14,8813,1996,35844.0,15284.0,1.155706,1.1127049999999998,CAN,AUS,841330
3734181,41,14,8813,1996,50431.0,0.0,2.246238,0.603288,CHE,AUS,841330
3734182,42,14,8813,1996,0.0,3635.0,-0.052811000000000004,-0.169464,CHL,AUS,841330
3734183,43,14,8813,1996,5359.0,44311.0,0.404422,3.061344,CHN,AUS,841330
3734184,56,14,8813,1996,0.0,2972.0,0.8724709999999999,-0.499449,CXR,AUS,841330
3734185,58,14,8813,1996,19643.0,0.0,0.20007,0.020590999999999998,CYP,AUS,841330
3734186,59,14,8813,1996,174638.0,0.0,1.401181,1.3094709999999998,CZE,AUS,841330
3734187,61,14,8813,1996,5178728.0,892188.0,2.279976,-2.572299,DEU,AUS,841330
3734188,64,14,8813,1996,7018.0,14408.0,1.443514,1.275684,DNK,AUS,841330
3734189,67,14,8813,1996,0.0,2392.0,-1.1391200000000001,-0.992735,ECU,AUS,841330
3734190,71,14,8813,1996,4230.0,0.0,1.105317,1.9473,ESP,AUS,841330
3734191,74,14,8813,1996,19642.0,0.0,2.0584729999999998,1.006908,FIN,AUS,841330
3734192,75,14,8813,1996,0.0,14418.0,-0.7977,-0.9271879999999999,FJI,AUS,841330
3734193,77,14,8813,1996,85610.0,7163.0,1.69082,0.721312,FRA,AUS,841330
3734194,81,14,8813,1996,300440.0,11928.0,1.850284,0.883084,GBR,AUS,841330
3734195,90,14,8813,1996,0.0,1407.0,0.271386,1.042608,GRC,AUS,841330
3734196,97,14,8813,1996,1667.0,266840.0,0.54364,2.727659,HKG,AUS,841330
3734197,103,14,8813,1996,1202.0,89280.0,-0.43199899999999997,1.22074,IDN,AUS,841330
3734198,104,14,8813,1996,594200.0,19203.0,0.20685599999999998,2.317622,IND,AUS,841330
3734199,110,14,8813,1996,926.0,3865.0,1.054975,1.072965,ISR,AUS,841330
3734200,111,14,8813,1996,299203.0,4011.0,1.4674690000000001,1.263362,ITA,AUS,841330
3734201,114,14,8813,1996,16013281.0,21924.0,2.615364,0.5656939999999999,JPN,AUS,841330
3734202,119,14,8813,1996,0.0,1828.0,-0.090837,-0.644005,KIR,AUS,841330
3734203,121,14,8813,1996,779300.0,133869.0,0.8946940000000001,1.240424,KOR,AUS,841330
3734204,130,14,8813,1996,995.0,0.0,0.40520500000000004,0.9465950000000001,LTU,AUS,841330
3734205,138,14,8813,1996,1079.0,15933.0,0.651949,0.9132170000000001,MEX,AUS,841330
3734206,142,14,8813,1996,0.0,1555.0,0.8825440000000001,0.066541,MLT,AUS,841330
3734207,143,14,8813,1996,0.0,1487.0,-1.556357,-1.078395,MMR,AUS,841330
3734208,153,14,8813,1996,5422.0,74514.0,0.351774,0.347262,MYS,AUS,841330
3734209,156,14,8813,1996,6052.0,10717.0,-0.951583,-0.785157,NCL,AUS,841330
3734210,162,14,8813,1996,32620.0,2817.0,1.256625,1.803132,NLD,AUS,841330
3734211,163,14,8813,1996,57330.0,0.0,1.204869,0.303062,NOR,AUS,841330
3734212,166,14,8813,1996,188838.0,326851.0,0.49466099999999996,0.8302879999999999,NZL,AUS,841330
3734213,174,14,8813,1996,0.0,31920.0,-0.276548,0.344986,PHL,AUS,841330
3734214,176,14,8813,1996,43762.0,59091.0,-2.120746,-1.2199879999999999,PNG,AUS,841330
3734215,182,14,8813,1996,0.0,1469.0,0.845308,-0.31763,PYF,AUS,841330
3734216,186,14,8813,1996,4220.0,0.0,0.900185,0.47723000000000004,RUS,AUS,841330
3734217,188,14,8813,1996,0.0,234275.0,0.215265,-0.8577309999999999,SAU,AUS,841330
3734218,192,14,8813,1996,27627.0,262800.0,0.8354299999999999,0.41169799999999995,SGP,AUS,841330
3734219,195,14,8813,1996,0.0,37614.0,-1.855104,-0.895618,SLB,AUS,841330
3734220,208,14,8813,1996,691870.0,1715.0,2.133781,0.9099889999999999,SWE,AUS,841330
3734221,216,14,8813,1996,0.0,7883.0,0.10120599999999999,1.351967,THA,AUS,841330
3734222,224,14,8813,1996,77531.0,0.0,0.156866,1.554023,TUR,AUS,841330
3734223,228,14,8813,1996,2325.0,0.0,0.896537,0.9241459999999999,UKR,AUS,841330
3734224,231,14,8813,1996,6276918.0,342919.0,1.7110560000000001,1.125141,USA,AUS,841330
3734225,240,14,8813,1996,3423.0,0.0,-0.933351,-0.824783,VUT,AUS,841330
3734226,246,14,8813,1996,30322.0,15943.0,0.456593,1.150786,ZAF,AUS,841330
3734227,249,14,8813,1996,98377.0,32382.0,1.432225,1.675389,TWN,AUS,841330
3734228,250,14,8813,1996,31598.0,4885.0,1.084978,0.901755,ANS,AUS,841330
3734229,61,16,8813,1996,6201.0,0.0,2.279976,-2.572299,DEU,AZE,841330
3734230,114,16,8813,1996,3583.0,0.0,2.615364,0.5656939999999999,JPN,AZE,841330
3734231,115,16,8813,1996,4036.0,0.0,0.48902799999999996,0.154932,KAZ,AZE,841330
3734232,130,16,8813,1996,83328.0,0.0,0.40520500000000004,0.9465950000000001,LTU,AZE,841330
3734233,177,16,8813,1996,1211.0,0.0,0.795489,1.9004729999999999,POL,AZE,841330
3734234,186,16,8813,1996,63703.0,9887.0,0.900185,0.47723000000000004,RUS,AZE,841330
3734235,224,16,8813,1996,275913.0,0.0,0.156866,1.554023,TUR,AZE,841330
3734236,42,22,8813,1996,349.0,0.0,-0.052811000000000004,-0.169464,CHL,BGD,841330
3734237,61,22,8813,1996,3745.0,0.0,2.279976,-2.572299,DEU,BGD,841330
3734238,77,22,8813,1996,54733.0,0.0,1.69082,0.721312,FRA,BGD,841330
3734239,81,22,8813,1996,24398.0,0.0,1.850284,0.883084,GBR,BGD,841330
3734240,104,22,8813,1996,6476.0,0.0,0.20685599999999998,2.317622,IND,BGD,841330
3734241,111,22,8813,1996,7305.0,0.0,1.4674690000000001,1.263362,ITA,BGD,841330
3734242,114,22,8813,1996,35176.0,0.0,2.615364,0.5656939999999999,JPN,BGD,841330
3734243,121,22,8813,1996,811.0,0.0,0.8946940000000001,1.240424,KOR,BGD,841330
3734244,162,22,8813,1996,1578.0,0.0,1.256625,1.803132,NLD,BGD,841330
3734245,178,22,8813,1996,16292.0,0.0,0.725014,1.20189,PRK,BGD,841330
3734246,186,22,8813,1996,3287.0,0.0,0.900185,0.47723000000000004,RUS,BGD,841330
3734247,188,22,8813,1996,1294.0,0.0,0.215265,-0.8577309999999999,SAU,BGD,841330
3734248,192,22,8813,1996,27464.0,0.0,0.8354299999999999,0.41169799999999995,SGP,BGD,841330
3734249,231,22,8813,1996,19733.0,0.0,1.7110560000000001,1.125141,USA,BGD,841330
3734250,249,22,8813,1996,1947.0,0.0,1.432225,1.675389,TWN,BGD,841330
3734251,250,22,8813,1996,20123.0,0.0,1.084978,0.901755,ANS,BGD,841330
3734252,4,23,8813,1996,0.0,1773.0,-0.309992,-0.039541,ALB,BGR,841330
3734253,9,23,8813,1996,1575.0,0.0,0.8798090000000001,0.05873300000000001,ARM,BGR,841330
3734254,15,23,8813,1996,20121.0,0.0,1.9216669999999998,0.659388,AUT,BGR,841330
3734255,18,23,8813,1996,8556.0,0.0,1.549312,1.273767,BEL,BGR,841330
3734256,28,23,8813,1996,3532.0,0.0,0.7285550000000001,0.660716,BLR,BGR,841330
3734257,41,23,8813,1996,1277.0,0.0,2.246238,0.603288,CHE,BGR,841330
3734258,43,23,8813,1996,989.0,0.0,0.404422,3.061344,CHN,BGR,841330
3734259,59,23,8813,1996,61764.0,3116.0,1.401181,1.3094709999999998,CZE,BGR,841330
3734260,61,23,8813,1996,170445.0,3025.0,2.279976,-2.572299,DEU,BGR,841330
3734261,64,23,8813,1996,31724.0,0.0,1.443514,1.275684,DNK,BGR,841330
3734262,66,23,8813,1996,0.0,7782.0,-0.33419699999999997,-1.035736,DZA,BGR,841330
3734263,71,23,8813,1996,31850.0,0.0,1.105317,1.9473,ESP,BGR,841330
3734264,77,23,8813,1996,1429.0,0.0,1.69082,0.721312,FRA,BGR,841330
3734265,81,23,8813,1996,26820.0,0.0,1.850284,0.883084,GBR,BGR,841330
3734266,90,23,8813,1996,6057.0,20059.0,0.271386,1.042608,GRC,BGR,841330
3734267,102,23,8813,1996,10617.0,29999.0,0.790036,1.891534,HUN,BGR,841330
3734268,109,23,8813,1996,3698.0,0.0,0.003558,-0.551796,ISL,BGR,841330
3734269,111,23,8813,1996,52481.0,0.0,1.4674690000000001,1.263362,ITA,BGR,841330
3734270,114,23,8813,1996,28117.0,0.0,2.615364,0.5656939999999999,JPN,BGR,841330
3734271,121,23,8813,1996,8721.0,0.0,0.8946940000000001,1.240424,KOR,BGR,841330
3734272,124,23,8813,1996,4096.0,0.0,-0.051973,0.002154,LBN,BGR,841330
3734273,130,23,8813,1996,1756.0,0.0,0.40520500000000004,0.9465950000000001,LTU,BGR,841330
3734274,135,23,8813,1996,0.0,6645.0,0.198427,0.026004000000000003,MDA,BGR,841330
3734275,140,23,8813,1996,12236.0,3032.0,0.316133,0.933068,MKD,BGR,841330
3734276,162,23,8813,1996,3611.0,0.0,1.256625,1.803132,NLD,BGR,841330
3734277,177,23,8813,1996,174956.0,1984.0,0.795489,1.9004729999999999,POL,BGR,841330
3734278,185,23,8813,1996,330059.0,15007.0,0.612035,0.880964,ROU,BGR,841330
3734279,186,23,8813,1996,246400.0,87112.0,0.900185,0.47723000000000004,RUS,BGR,841330
3734280,189,23,8813,1996,136668.0,2054.0,0.786293,2.20126,SCG,BGR,841330
3734281,206,23,8813,1996,19818.0,10305.0,1.189398,1.29167,SVK,BGR,841330
3734282,208,23,8813,1996,6579.0,0.0,2.133781,0.9099889999999999,SWE,BGR,841330
3734283,223,23,8813,1996,0.0,4157.0,-0.28546,-0.089051,TUN,BGR,841330
3734284,224,23,8813,1996,23863.0,2454.0,0.156866,1.554023,TUR,BGR,841330
3734285,228,23,8813,1996,53410.0,35200.0,0.896537,0.9241459999999999,UKR,BGR,841330
3734286,231,23,8813,1996,3127.0,0.0,1.7110560000000001,1.125141,USA,BGR,841330
3734287,249,23,8813,1996,4109.0,0.0,1.432225,1.675389,TWN,BGR,841330
3734288,250,23,8813,1996,0.0,3183.0,1.084978,0.901755,ANS,BGR,841330
3734289,8,39,8813,1996,0.0,6787.0,0.167081,0.433612,ARG,CAN,841330
3734290,14,39,8813,1996,15284.0,35844.0,0.369697,0.78069,AUS,CAN,841330
3734291,15,39,8813,1996,45341.0,4470.0,1.9216669999999998,0.659388,AUT,CAN,841330
3734292,18,39,8813,1996,16823.0,548925.0,1.549312,1.273767,BEL,CAN,841330
3734293,21,39,8813,1996,0.0,935.0,-0.680996,-0.863442,BFA,CAN,841330
3734294,25,39,8813,1996,3893.0,0.0,0.363917,-0.380614,BHS,CAN,841330
3734295,29,39,8813,1996,0.0,695.0,-0.341173,-0.670063,BLZ,CAN,841330
3734296,31,39,8813,1996,0.0,1067.0,-0.589432,-0.7781,BOL,CAN,841330
3734297,32,39,8813,1996,16612.0,10408.0,0.699658,1.271724,BRA,CAN,841330
3734298,33,39,8813,1996,17129.0,0.0,0.9384979999999999,0.147479,BRB,CAN,841330
3734299,41,39,8813,1996,16706.0,6158.0,2.246238,0.603288,CHE,CAN,841330
3734300,42,39,8813,1996,6012.0,51926.0,-0.052811000000000004,-0.169464,CHL,CAN,841330
3734301,43,39,8813,1996,37824.0,3736.0,0.404422,3.061344,CHN,CAN,841330
3734302,45,39,8813,1996,0.0,6269.0,-1.4036309999999999,-1.090633,CMR,CAN,841330
3734303,49,39,8813,1996,0.0,20767.0,0.136487,0.078743,COL,CAN,841330
3734304,52,39,8813,1996,0.0,722.0,-0.34219499999999997,0.12221900000000001,CRI,CAN,841330
3734305,54,39,8813,1996,0.0,167275.0,-0.555246,-1.0420479999999999,CUB,CAN,841330
3734306,59,39,8813,1996,57612.0,4562.0,1.401181,1.3094709999999998,CZE,CAN,841330
3734307,61,39,8813,1996,1547315.0,79744.0,2.279976,-2.572299,DEU,CAN,841330
3734308,64,39,8813,1996,23126.0,33228.0,1.443514,1.275684,DNK,CAN,841330
3734309,66,39,8813,1996,0.0,22962.0,-0.33419699999999997,-1.035736,DZA,CAN,841330
3734310,68,39,8813,1996,5310.0,4307.0,-0.5446409999999999,-0.229586,EGY,CAN,841330
3734311,71,39,8813,1996,33829.0,6754.0,1.105317,1.9473,ESP,CAN,841330
3734312,74,39,8813,1996,41676.0,8770.0,2.0584729999999998,1.006908,FIN,CAN,841330
3734313,77,39,8813,1996,59655.0,21759.0,1.69082,0.721312,FRA,CAN,841330
3734314,81,39,8813,1996,35403.0,8975.0,1.850284,0.883084,GBR,CAN,841330
3734315,90,39,8813,1996,0.0,8219.0,0.271386,1.042608,GRC,CAN,841330
3734316,91,39,8813,1996,0.0,1939.0,0.285534,-0.37242600000000003,GRD,CAN,841330
3734317,92,39,8813,1996,0.0,1039.0,-0.8826879999999999,-0.777868,GRL,CAN,841330
3734318,102,39,8813,1996,0.0,1707.0,0.790036,1.891534,HUN,CAN,841330
3734319,104,39,8813,1996,33823.0,797.0,0.20685599999999998,2.317622,IND,CAN,841330
3734320,106,39,8813,1996,2674.0,1610.0,1.386011,0.9232100000000001,IRL,CAN,841330
3734321,111,39,8813,1996,237152.0,0.0,1.4674690000000001,1.263362,ITA,CAN,841330
3734322,112,39,8813,1996,0.0,1540.0,-0.6344350000000001,-0.814916,JAM,CAN,841330
3734323,114,39,8813,1996,8181013.0,204198.0,2.615364,0.5656939999999999,JPN,CAN,841330
3734324,116,39,8813,1996,0.0,2171.0,-0.468322,-0.017625,KEN,CAN,841330
3734325,121,39,8813,1996,193839.0,56232.0,0.8946940000000001,1.240424,KOR,CAN,841330
3734326,126,39,8813,1996,0.0,2625.0,-0.588489,-1.138552,LBY,CAN,841330
3734327,127,39,8813,1996,0.0,569.0,0.016224000000000002,-0.664312,LCA,CAN,841330
3734328,134,39,8813,1996,0.0,8416.0,-0.67314,-0.241242,MAR,CAN,841330
3734329,138,39,8813,1996,1190754.0,309022.0,0.651949,0.9132170000000001,MEX,CAN,841330
3734330,140,39,8813,1996,0.0,2498.0,0.316133,0.933068,MKD,CAN,841330
3734331,141,39,8813,1996,0.0,1172.0,-0.987858,-0.9677040000000001,MLI,CAN,841330
3734332,153,39,8813,1996,1299.0,2920.0,0.351774,0.347262,MYS,CAN,841330
3734333,157,39,8813,1996,0.0,1524.0,-0.594771,-0.643008,NER,CAN,841330
3734334,160,39,8813,1996,0.0,6155.0,-0.767799,-0.737816,NIC,CAN,841330
3734335,162,39,8813,1996,20025.0,26238.0,1.256625,1.803132,NLD,CAN,841330
3734336,163,39,8813,1996,11573.0,2837.0,1.204869,0.303062,NOR,CAN,841330
3734337,166,39,8813,1996,12236.0,2965.0,0.49466099999999996,0.8302879999999999,NZL,CAN,841330
3734338,168,39,8813,1996,0.0,142487.0,-0.7543300000000001,-0.393654,PAK,CAN,841330
3734339,173,39,8813,1996,0.0,99354.0,-0.43761000000000005,-0.28077399999999997,PER,CAN,841330
3734340,174,39,8813,1996,0.0,4067.0,-0.276548,0.344986,PHL,CAN,841330
3734341,176,39,8813,1996,1213.0,0.0,-2.120746,-1.2199879999999999,PNG,CAN,841330
3734342,177,39,8813,1996,25034.0,0.0,0.795489,1.9004729999999999,POL,CAN,841330
3734343,180,39,8813,1996,0.0,763.0,-0.506178,-0.712851,PRY,CAN,841330
3734344,185,39,8813,1996,4258.0,797.0,0.612035,0.880964,ROU,CAN,841330
3734345,186,39,8813,1996,13179.0,2371.0,0.900185,0.47723000000000004,RUS,CAN,841330
3734346,188,39,8813,1996,0.0,19011.0,0.215265,-0.8577309999999999,SAU,CAN,841330
3734347,192,39,8813,1996,0.0,7898.0,0.8354299999999999,0.41169799999999995,SGP,CAN,841330
3734348,197,39,8813,1996,0.0,1084.0,-0.24968800000000002,-0.121995,SLV,CAN,841330
3734349,205,39,8813,1996,1282.0,9116.0,-0.93463,-0.797197,SUR,CAN,841330
3734350,206,39,8813,1996,1172.0,0.0,1.189398,1.29167,SVK,CAN,841330
3734351,207,39,8813,1996,0.0,38814.0,1.409184,1.37245,SVN,CAN,841330
3734352,208,39,8813,1996,236006.0,82354.0,2.133781,0.9099889999999999,SWE,CAN,841330
3734353,216,39,8813,1996,0.0,48364.0,0.10120599999999999,1.351967,THA,CAN,841330
3734354,222,39,8813,1996,0.0,89660.0,0.19111,-0.488382,TTO,CAN,841330
3734355,223,39,8813,1996,0.0,37706.0,-0.28546,-0.089051,TUN,CAN,841330
3734356,224,39,8813,1996,1876.0,1202.0,0.156866,1.554023,TUR,CAN,841330
3734357,226,39,8813,1996,0.0,1783.0,-1.391534,-0.907436,TZA,CAN,841330
3734358,230,39,8813,1996,0.0,860.0,0.171541,0.313934,URY,CAN,841330
3734359,231,39,8813,1996,122974528.0,38225980.0,1.7110560000000001,1.125141,USA,CAN,841330
3734360,236,39,8813,1996,0.0,5636.0,0.07086100000000001,-0.761307,VEN,CAN,841330
3734361,246,39,8813,1996,1054.0,37569.0,0.456593,1.150786,ZAF,CAN,841330
3734362,249,39,8813,1996,454462.0,5533.0,1.432225,1.675389,TWN,CAN,841330
3734363,250,39,8813,1996,247943.0,0.0,1.084978,0.901755,ANS,CAN,841330
3734364,7,41,8813,1996,0.0,5220.0,-0.245358,-0.726695,ARE,CHE,841330
3734365,8,41,8813,1996,0.0,18843.0,0.167081,0.433612,ARG,CHE,841330
3734366,14,41,8813,1996,0.0,50431.0,0.369697,0.78069,AUS,CHE,841330
3734367,15,41,8813,1996,483889.0,104847.0,1.9216669999999998,0.659388,AUT,CHE,841330
3734368,18,41,8813,1996,30484.0,21080.0,1.549312,1.273767,BEL,CHE,841330
3734369,23,41,8813,1996,0.0,1277.0,0.544265,1.523408,BGR,CHE,841330
3734370,31,41,8813,1996,0.0,3414.0,-0.589432,-0.7781,BOL,CHE,841330
3734371,32,41,8813,1996,0.0,68892.0,0.699658,1.271724,BRA,CHE,841330
3734372,39,41,8813,1996,6158.0,16706.0,1.155706,1.1127049999999998,CAN,CHE,841330
3734373,42,41,8813,1996,0.0,3881.0,-0.052811000000000004,-0.169464,CHL,CHE,841330
3734374,43,41,8813,1996,0.0,124255.0,0.404422,3.061344,CHN,CHE,841330
3734375,46,41,8813,1996,0.0,1749.0,-1.2167,-1.086508,COD,CHE,841330
3734376,49,41,8813,1996,0.0,20812.0,0.136487,0.078743,COL,CHE,841330
3734377,58,41,8813,1996,0.0,1171.0,0.20007,0.020590999999999998,CYP,CHE,841330
3734378,59,41,8813,1996,21440.0,138813.0,1.401181,1.3094709999999998,CZE,CHE,841330
3734379,61,41,8813,1996,8121217.0,1618752.0,2.279976,-2.572299,DEU,CHE,841330
3734380,64,41,8813,1996,38739.0,84787.0,1.443514,1.275684,DNK,CHE,841330
3734381,66,41,8813,1996,0.0,6222.0,-0.33419699999999997,-1.035736,DZA,CHE,841330
3734382,67,41,8813,1996,0.0,25655.0,-1.1391200000000001,-0.992735,ECU,CHE,841330
3734383,71,41,8813,1996,56191.0,55339.0,1.105317,1.9473,ESP,CHE,841330
3734384,74,41,8813,1996,0.0,4825.0,2.0584729999999998,1.006908,FIN,CHE,841330
3734385,77,41,8813,1996,820483.0,500785.0,1.69082,0.721312,FRA,CHE,841330
3734386,81,41,8813,1996,148182.0,86835.0,1.850284,0.883084,GBR,CHE,841330
3734387,85,41,8813,1996,0.0,1989.0,-1.2641930000000001,-1.1317409999999999,GIN,CHE,841330
3734388,90,41,8813,1996,0.0,3483.0,0.271386,1.042608,GRC,CHE,841330
3734389,97,41,8813,1996,0.0,6924.0,0.54364,2.727659,HKG,CHE,841330
3734390,100,41,8813,1996,7913.0,7595.0,0.772706,1.1075270000000002,HRV,CHE,841330
3734391,102,41,8813,1996,858.0,7982.0,0.790036,1.891534,HUN,CHE,841330
3734392,104,41,8813,1996,72146.0,5445.0,0.20685599999999998,2.317622,IND,CHE,841330
3734393,106,41,8813,1996,4950.0,0.0,1.386011,0.9232100000000001,IRL,CHE,841330
3734394,109,41,8813,1996,0.0,5442.0,0.003558,-0.551796,ISL,CHE,841330
3734395,111,41,8813,1996,927942.0,86870.0,1.4674690000000001,1.263362,ITA,CHE,841330
3734396,112,41,8813,1996,0.0,3765.0,-0.6344350000000001,-0.814916,JAM,CHE,841330
3734397,114,41,8813,1996,204410.0,266822.0,2.615364,0.5656939999999999,JPN,CHE,841330
3734398,121,41,8813,1996,12319.0,4735.0,0.8946940000000001,1.240424,KOR,CHE,841330
3734399,130,41,8813,1996,594.0,0.0,0.40520500000000004,0.9465950000000001,LTU,CHE,841330
3734400,132,41,8813,1996,0.0,499.0,0.33418600000000004,0.1615,LVA,CHE,841330
3734401,134,41,8813,1996,0.0,1095.0,-0.67314,-0.241242,MAR,CHE,841330
3734402,138,41,8813,1996,0.0,68646.0,0.651949,0.9132170000000001,MEX,CHE,841330
3734403,143,41,8813,1996,0.0,16713.0,-1.556357,-1.078395,MMR,CHE,841330
3734404,151,41,8813,1996,0.0,1437.0,-0.538651,-0.746274,MUS,CHE,841330
3734405,153,41,8813,1996,0.0,74864.0,0.351774,0.347262,MYS,CHE,841330
3734406,162,41,8813,1996,355084.0,15693.0,1.256625,1.803132,NLD,CHE,841330
3734407,163,41,8813,1996,2198.0,4720.0,1.204869,0.303062,NOR,CHE,841330
3734408,166,41,8813,1996,3357.0,11269.0,0.49466099999999996,0.8302879999999999,NZL,CHE,841330
3734409,169,41,8813,1996,0.0,5553.0,-0.100537,-0.374129,PAN,CHE,841330
3734410,173,41,8813,1996,865.0,8027.0,-0.43761000000000005,-0.28077399999999997,PER,CHE,841330
3734411,174,41,8813,1996,0.0,20252.0,-0.276548,0.344986,PHL,CHE,841330
3734412,177,41,8813,1996,0.0,44342.0,0.795489,1.9004729999999999,POL,CHE,841330
3734413,179,41,8813,1996,17350.0,44781.0,0.39343,1.170144,PRT,CHE,841330
3734414,182,41,8813,1996,0.0,2801.0,0.845308,-0.31763,PYF,CHE,841330
3734415,186,41,8813,1996,0.0,59205.0,0.900185,0.47723000000000004,RUS,CHE,841330
3734416,188,41,8813,1996,0.0,4053.0,0.215265,-0.8577309999999999,SAU,CHE,841330
3734417,189,41,8813,1996,0.0,876.0,0.786293,2.20126,SCG,CHE,841330
3734418,191,41,8813,1996,0.0,1197.0,-0.619785,-0.712171,SEN,CHE,841330
3734419,192,41,8813,1996,0.0,7402.0,0.8354299999999999,0.41169799999999995,SGP,CHE,841330
3734420,197,41,8813,1996,0.0,1521.0,-0.24968800000000002,-0.121995,SLV,CHE,841330
3734421,206,41,8813,1996,0.0,4948.0,1.189398,1.29167,SVK,CHE,841330
3734422,207,41,8813,1996,0.0,16617.0,1.409184,1.37245,SVN,CHE,841330
3734423,208,41,8813,1996,432636.0,90489.0,2.133781,0.9099889999999999,SWE,CHE,841330
3734424,211,41,8813,1996,0.0,694.0,0.239125,-0.458433,SYC,CHE,841330
3734425,216,41,8813,1996,0.0,48808.0,0.10120599999999999,1.351967,THA,CHE,841330
3734426,223,41,8813,1996,0.0,37745.0,-0.28546,-0.089051,TUN,CHE,841330
3734427,224,41,8813,1996,3630.0,21620.0,0.156866,1.554023,TUR,CHE,841330
3734428,227,41,8813,1996,0.0,844.0,-0.931124,-0.925523,UGA,CHE,841330
3734429,231,41,8813,1996,111986.0,890090.0,1.7110560000000001,1.125141,USA,CHE,841330
3734430,236,41,8813,1996,0.0,11364.0,0.07086100000000001,-0.761307,VEN,CHE,841330
3734431,246,41,8813,1996,0.0,1948.0,0.456593,1.150786,ZAF,CHE,841330
3734432,249,41,8813,1996,0.0,13838.0,1.432225,1.675389,TWN,CHE,841330
3734433,8,42,8813,1996,283960.0,13976.0,0.167081,0.433612,ARG,CHL,841330
3734434,14,42,8813,1996,3635.0,0.0,0.369697,0.78069,AUS,CHL,841330
3734435,15,42,8813,1996,3689.0,0.0,1.9216669999999998,0.659388,AUT,CHL,841330
3734436,18,42,8813,1996,13707.0,0.0,1.549312,1.273767,BEL,CHL,841330
3734437,22,42,8813,1996,0.0,349.0,-1.060876,-1.05104,BGD,CHL,841330
3734438,31,42,8813,1996,0.0,2743.0,-0.589432,-0.7781,BOL,CHL,841330
3734439,32,42,8813,1996,673988.0,0.0,0.699658,1.271724,BRA,CHL,841330
3734440,39,42,8813,1996,51926.0,6012.0,1.155706,1.1127049999999998,CAN,CHL,841330
3734441,41,42,8813,1996,3881.0,0.0,2.246238,0.603288,CHE,CHL,841330
3734442,43,42,8813,1996,3293.0,0.0,0.404422,3.061344,CHN,CHL,841330
3734443,59,42,8813,1996,10953.0,0.0,1.401181,1.3094709999999998,CZE,CHL,841330
3734444,61,42,8813,1996,278046.0,1792.0,2.279976,-2.572299,DEU,CHL,841330
3734445,64,42,8813,1996,5121.0,941.0,1.443514,1.275684,DNK,CHL,841330
3734446,67,42,8813,1996,0.0,8044.0,-1.1391200000000001,-0.992735,ECU,CHL,841330
3734447,71,42,8813,1996,135486.0,2660.0,1.105317,1.9473,ESP,CHL,841330
3734448,74,42,8813,1996,46397.0,0.0,2.0584729999999998,1.006908,FIN,CHL,841330
3734449,77,42,8813,1996,76755.0,23186.0,1.69082,0.721312,FRA,CHL,841330
3734450,81,42,8813,1996,25245.0,0.0,1.850284,0.883084,GBR,CHL,841330
3734451,111,42,8813,1996,298240.0,0.0,1.4674690000000001,1.263362,ITA,CHL,841330
3734452,114,42,8813,1996,1692006.0,0.0,2.615364,0.5656939999999999,JPN,CHL,841330
3734453,121,42,8813,1996,438410.0,0.0,0.8946940000000001,1.240424,KOR,CHL,841330
3734454,138,42,8813,1996,69436.0,1334556.0,0.651949,0.9132170000000001,MEX,CHL,841330
3734455,153,42,8813,1996,4138.0,0.0,0.351774,0.347262,MYS,CHL,841330
3734456,162,42,8813,1996,1008.0,0.0,1.256625,1.803132,NLD,CHL,841330
3734457,163,42,8813,1996,12355.0,0.0,1.204869,0.303062,NOR,CHL,841330
3734458,166,42,8813,1996,36468.0,0.0,0.49466099999999996,0.8302879999999999,NZL,CHL,841330
3734459,173,42,8813,1996,2428.0,11297.0,-0.43761000000000005,-0.28077399999999997,PER,CHL,841330
3734460,178,42,8813,1996,1213.0,0.0,0.725014,1.20189,PRK,CHL,841330
3734461,180,42,8813,1996,0.0,28616.0,-0.506178,-0.712851,PRY,CHL,841330
3734462,186,42,8813,1996,16342.0,0.0,0.900185,0.47723000000000004,RUS,CHL,841330
3734463,208,42,8813,1996,9409.0,0.0,2.133781,0.9099889999999999,SWE,CHL,841330
3734464,224,42,8813,1996,2788.0,0.0,0.156866,1.554023,TUR,CHL,841330
3734465,230,42,8813,1996,0.0,1898.0,0.171541,0.313934,URY,CHL,841330
3734466,231,42,8813,1996,1213591.0,146873.0,1.7110560000000001,1.125141,USA,CHL,841330
3734467,236,42,8813,1996,0.0,6917.0,0.07086100000000001,-0.761307,VEN,CHL,841330
3734468,246,42,8813,1996,4527.0,0.0,0.456593,1.150786,ZAF,CHL,841330
3734469,249,42,8813,1996,9225.0,0.0,1.432225,1.675389,TWN,CHL,841330
3734470,250,42,8813,1996,58732.0,0.0,1.084978,0.901755,ANS,CHL,841330
3734471,4,59,8813,1996,0.0,1060.0,-0.309992,-0.039541,ALB,CZE,841330
3734472,8,59,8813,1996,0.0,2678.0,0.167081,0.433612,ARG,CZE,841330
3734473,14,59,8813,1996,0.0,174638.0,0.369697,0.78069,AUS,CZE,841330
3734474,15,59,8813,1996,1401625.0,41898.0,1.9216669999999998,0.659388,AUT,CZE,841330
3734475,18,59,8813,1996,3387.0,9503.0,1.549312,1.273767,BEL,CZE,841330
3734476,23,59,8813,1996,3116.0,61764.0,0.544265,1.523408,BGR,CZE,841330
3734477,26,59,8813,1996,0.0,1033.0,0.679466,0.730425,BIH,CZE,841330
3734478,28,59,8813,1996,3587.0,53657.0,0.7285550000000001,0.660716,BLR,CZE,841330
3734479,32,59,8813,1996,645.0,0.0,0.699658,1.271724,BRA,CZE,841330
3734480,39,59,8813,1996,4562.0,57612.0,1.155706,1.1127049999999998,CAN,CZE,841330
3734481,41,59,8813,1996,138813.0,21440.0,2.246238,0.603288,CHE,CZE,841330
3734482,42,59,8813,1996,0.0,10953.0,-0.052811000000000004,-0.169464,CHL,CZE,841330
3734483,43,59,8813,1996,0.0,129290.0,0.404422,3.061344,CHN,CZE,841330
3734484,45,59,8813,1996,0.0,620.0,-1.4036309999999999,-1.090633,CMR,CZE,841330
3734485,49,59,8813,1996,0.0,7628.0,0.136487,0.078743,COL,CZE,841330
3734486,58,59,8813,1996,0.0,9178.0,0.20007,0.020590999999999998,CYP,CZE,841330
3734487,61,59,8813,1996,9071190.0,52976012.0,2.279976,-2.572299,DEU,CZE,841330
3734488,64,59,8813,1996,2572.0,11100.0,1.443514,1.275684,DNK,CZE,841330
3734489,66,59,8813,1996,0.0,20508.0,-0.33419699999999997,-1.035736,DZA,CZE,841330
3734490,67,59,8813,1996,0.0,1203.0,-1.1391200000000001,-0.992735,ECU,CZE,841330
3734491,68,59,8813,1996,0.0,3981.0,-0.5446409999999999,-0.229586,EGY,CZE,841330
3734492,71,59,8813,1996,12089.0,51975.0,1.105317,1.9473,ESP,CZE,841330
3734493,74,59,8813,1996,4067.0,24594.0,2.0584729999999998,1.006908,FIN,CZE,841330
3734494,77,59,8813,1996,32995.0,3474133.0,1.69082,0.721312,FRA,CZE,841330
3734495,81,59,8813,1996,125127.0,25071.0,1.850284,0.883084,GBR,CZE,841330
3734496,90,59,8813,1996,0.0,26868.0,0.271386,1.042608,GRC,CZE,841330
3734497,100,59,8813,1996,0.0,19825.0,0.772706,1.1075270000000002,HRV,CZE,841330
3734498,102,59,8813,1996,9586.0,49962.0,0.790036,1.891534,HUN,CZE,841330
3734499,104,59,8813,1996,3233.0,25985.0,0.20685599999999998,2.317622,IND,CZE,841330
3734500,106,59,8813,1996,0.0,15185.0,1.386011,0.9232100000000001,IRL,CZE,841330
3734501,109,59,8813,1996,0.0,4236.0,0.003558,-0.551796,ISL,CZE,841330
3734502,110,59,8813,1996,0.0,34779.0,1.054975,1.072965,ISR,CZE,841330
3734503,111,59,8813,1996,245732.0,687676.0,1.4674690000000001,1.263362,ITA,CZE,841330
3734504,113,59,8813,1996,0.0,18327.0,0.12203499999999999,-0.41859399999999997,JOR,CZE,841330
3734505,114,59,8813,1996,64163.0,279830.0,2.615364,0.5656939999999999,JPN,CZE,841330
3734506,115,59,8813,1996,0.0,3070.0,0.48902799999999996,0.154932,KAZ,CZE,841330
3734507,121,59,8813,1996,9054.0,896.0,0.8946940000000001,1.240424,KOR,CZE,841330
3734508,130,59,8813,1996,0.0,3548.0,0.40520500000000004,0.9465950000000001,LTU,CZE,841330
3734509,136,59,8813,1996,0.0,1182.0,-1.213619,-0.606686,MDG,CZE,841330
3734510,138,59,8813,1996,0.0,5458.0,0.651949,0.9132170000000001,MEX,CZE,841330
3734511,142,59,8813,1996,0.0,5120.0,0.8825440000000001,0.066541,MLT,CZE,841330
3734512,162,59,8813,1996,18409.0,9965.0,1.256625,1.803132,NLD,CZE,841330
3734513,163,59,8813,1996,1512.0,22745.0,1.204869,0.303062,NOR,CZE,841330
3734514,166,59,8813,1996,0.0,2401.0,0.49466099999999996,0.8302879999999999,NZL,CZE,841330
3734515,173,59,8813,1996,0.0,9889.0,-0.43761000000000005,-0.28077399999999997,PER,CZE,841330
3734516,177,59,8813,1996,157419.0,3102785.0,0.795489,1.9004729999999999,POL,CZE,841330
3734517,180,59,8813,1996,0.0,1181.0,-0.506178,-0.712851,PRY,CZE,841330
3734518,185,59,8813,1996,8517.0,34245.0,0.612035,0.880964,ROU,CZE,841330
3734519,186,59,8813,1996,52571.0,585920.0,0.900185,0.47723000000000004,RUS,CZE,841330
3734520,188,59,8813,1996,0.0,3366.0,0.215265,-0.8577309999999999,SAU,CZE,841330
3734521,189,59,8813,1996,0.0,1707.0,0.786293,2.20126,SCG,CZE,841330
3734522,191,59,8813,1996,0.0,637.0,-0.619785,-0.712171,SEN,CZE,841330
3734523,206,59,8813,1996,417613.0,1858528.0,1.189398,1.29167,SVK,CZE,841330
3734524,207,59,8813,1996,2571.0,19951.0,1.409184,1.37245,SVN,CZE,841330
3734525,208,59,8813,1996,2366.0,60955.0,2.133781,0.9099889999999999,SWE,CZE,841330
3734526,212,59,8813,1996,0.0,19095.0,-1.100666,-0.90038,SYR,CZE,841330
3734527,216,59,8813,1996,0.0,850.0,0.10120599999999999,1.351967,THA,CZE,841330
3734528,223,59,8813,1996,0.0,15896.0,-0.28546,-0.089051,TUN,CZE,841330
3734529,224,59,8813,1996,1094.0,14353.0,0.156866,1.554023,TUR,CZE,841330
3734530,228,59,8813,1996,9215.0,19716.0,0.896537,0.9241459999999999,UKR,CZE,841330
3734531,231,59,8813,1996,142098.0,373402.0,1.7110560000000001,1.125141,USA,CZE,841330
3734532,239,59,8813,1996,0.0,8933.0,-0.9336469999999999,-0.10985199999999999,VNM,CZE,841330
3734533,246,59,8813,1996,0.0,291437.0,0.456593,1.150786,ZAF,CZE,841330
3734534,249,59,8813,1996,0.0,2027.0,1.432225,1.675389,TWN,CZE,841330
3734535,250,59,8813,1996,216115.0,83945.0,1.084978,0.901755,ANS,CZE,841330
3734536,7,66,8813,1996,4267.0,0.0,-0.245358,-0.726695,ARE,DZA,841330
3734537,8,66,8813,1996,19516.0,0.0,0.167081,0.433612,ARG,DZA,841330
3734538,15,66,8813,1996,11921.0,0.0,1.9216669999999998,0.659388,AUT,DZA,841330
3734539,18,66,8813,1996,14814.0,0.0,1.549312,1.273767,BEL,DZA,841330
3734540,23,66,8813,1996,7782.0,0.0,0.544265,1.523408,BGR,DZA,841330
3734541,32,66,8813,1996,15324.0,0.0,0.699658,1.271724,BRA,DZA,841330
3734542,39,66,8813,1996,22962.0,0.0,1.155706,1.1127049999999998,CAN,DZA,841330
3734543,41,66,8813,1996,6222.0,0.0,2.246238,0.603288,CHE,DZA,841330
3734544,43,66,8813,1996,14555.0,0.0,0.404422,3.061344,CHN,DZA,841330
3734545,59,66,8813,1996,20508.0,0.0,1.401181,1.3094709999999998,CZE,DZA,841330
3734546,61,66,8813,1996,192096.0,0.0,2.279976,-2.572299,DEU,DZA,841330
3734547,64,66,8813,1996,5917.0,0.0,1.443514,1.275684,DNK,DZA,841330
3734548,68,66,8813,1996,7743.0,0.0,-0.5446409999999999,-0.229586,EGY,DZA,841330
3734549,71,66,8813,1996,352719.0,0.0,1.105317,1.9473,ESP,DZA,841330
3734550,77,66,8813,1996,997137.0,1232.0,1.69082,0.721312,FRA,DZA,841330
3734551,81,66,8813,1996,131458.0,0.0,1.850284,0.883084,GBR,DZA,841330
3734552,104,66,8813,1996,13287.0,0.0,0.20685599999999998,2.317622,IND,DZA,841330
3734553,106,66,8813,1996,9507.0,0.0,1.386011,0.9232100000000001,IRL,DZA,841330
3734554,111,66,8813,1996,355585.0,0.0,1.4674690000000001,1.263362,ITA,DZA,841330
3734555,114,66,8813,1996,169984.0,0.0,2.615364,0.5656939999999999,JPN,DZA,841330
3734556,121,66,8813,1996,59992.0,0.0,0.8946940000000001,1.240424,KOR,DZA,841330
3734557,162,66,8813,1996,1369.0,51856.0,1.256625,1.803132,NLD,DZA,841330
3734558,185,66,8813,1996,5579.0,0.0,0.612035,0.880964,ROU,DZA,841330
3734559,189,66,8813,1996,1249.0,0.0,0.786293,2.20126,SCG,DZA,841330
3734560,192,66,8813,1996,14405.0,0.0,0.8354299999999999,0.41169799999999995,SGP,DZA,841330
3734561,205,66,8813,1996,2333.0,0.0,-0.93463,-0.797197,SUR,DZA,841330
3734562,208,66,8813,1996,10068.0,0.0,2.133781,0.9099889999999999,SWE,DZA,841330
3734563,216,66,8813,1996,32051.0,0.0,0.10120599999999999,1.351967,THA,DZA,841330
3734564,217,66,8813,1996,16111.0,0.0,-0.035623,-0.723275,TJK,DZA,841330
3734565,223,66,8813,1996,9385.0,675.0,-0.28546,-0.089051,TUN,DZA,841330
3734566,224,66,8813,1996,33551.0,0.0,0.156866,1.554023,TUR,DZA,841330
3734567,231,66,8813,1996,14974.0,0.0,1.7110560000000001,1.125141,USA,DZA,841330
3734568,249,66,8813,1996,60444.0,0.0,1.432225,1.675389,TWN,DZA,841330
3734569,7,68,8813,1996,1955.0,0.0,-0.245358,-0.726695,ARE,EGY,841330
3734570,8,68,8813,1996,35427.0,0.0,0.167081,0.433612,ARG,EGY,841330
3734571,18,68,8813,1996,48069.0,0.0,1.549312,1.273767,BEL,EGY,841330
3734572,26,68,8813,1996,186884.0,0.0,0.679466,0.730425,BIH,EGY,841330
3734573,32,68,8813,1996,50844.0,0.0,0.699658,1.271724,BRA,EGY,841330
3734574,39,68,8813,1996,4307.0,5310.0,1.155706,1.1127049999999998,CAN,EGY,841330
3734575,43,68,8813,1996,2971.0,0.0,0.404422,3.061344,CHN,EGY,841330
3734576,59,68,8813,1996,3981.0,0.0,1.401181,1.3094709999999998,CZE,EGY,841330
3734577,61,68,8813,1996,2027165.0,0.0,2.279976,-2.572299,DEU,EGY,841330
3734578,64,68,8813,1996,26302.0,0.0,1.443514,1.275684,DNK,EGY,841330
3734579,66,68,8813,1996,0.0,7743.0,-0.33419699999999997,-1.035736,DZA,EGY,841330
3734580,71,68,8813,1996,161024.0,0.0,1.105317,1.9473,ESP,EGY,841330
3734581,77,68,8813,1996,213238.0,0.0,1.69082,0.721312,FRA,EGY,841330
3734582,81,68,8813,1996,15227.0,1160.0,1.850284,0.883084,GBR,EGY,841330
3734583,90,68,8813,1996,7263.0,0.0,0.271386,1.042608,GRC,EGY,841330
3734584,100,68,8813,1996,47031.0,0.0,0.772706,1.1075270000000002,HRV,EGY,841330
3734585,102,68,8813,1996,2270.0,0.0,0.790036,1.891534,HUN,EGY,841330
3734586,104,68,8813,1996,80556.0,0.0,0.20685599999999998,2.317622,IND,EGY,841330
3734587,111,68,8813,1996,445037.0,0.0,1.4674690000000001,1.263362,ITA,EGY,841330
3734588,114,68,8813,1996,1562902.0,0.0,2.615364,0.5656939999999999,JPN,EGY,841330
3734589,121,68,8813,1996,133929.0,0.0,0.8946940000000001,1.240424,KOR,EGY,841330
3734590,134,68,8813,1996,0.0,839.0,-0.67314,-0.241242,MAR,EGY,841330
3734591,138,68,8813,1996,2994.0,0.0,0.651949,0.9132170000000001,MEX,EGY,841330
3734592,142,68,8813,1996,431.0,0.0,0.8825440000000001,0.066541,MLT,EGY,841330
3734593,162,68,8813,1996,16413.0,3947.0,1.256625,1.803132,NLD,EGY,841330
3734594,163,68,8813,1996,7276.0,0.0,1.204869,0.303062,NOR,EGY,841330
3734595,177,68,8813,1996,197530.0,0.0,0.795489,1.9004729999999999,POL,EGY,841330
3734596,185,68,8813,1996,208606.0,0.0,0.612035,0.880964,ROU,EGY,841330
3734597,186,68,8813,1996,105903.0,0.0,0.900185,0.47723000000000004,RUS,EGY,841330
3734598,192,68,8813,1996,52743.0,0.0,0.8354299999999999,0.41169799999999995,SGP,EGY,841330
3734599,206,68,8813,1996,6298.0,0.0,1.189398,1.29167,SVK,EGY,841330
3734600,207,68,8813,1996,82481.0,0.0,1.409184,1.37245,SVN,EGY,841330
3734601,208,68,8813,1996,214222.0,1795.0,2.133781,0.9099889999999999,SWE,EGY,841330
3734602,224,68,8813,1996,138294.0,0.0,0.156866,1.554023,TUR,EGY,841330
3734603,228,68,8813,1996,10451.0,0.0,0.896537,0.9241459999999999,UKR,EGY,841330
3734604,231,68,8813,1996,172759.0,0.0,1.7110560000000001,1.125141,USA,EGY,841330
3734605,246,68,8813,1996,0.0,33000.0,0.456593,1.150786,ZAF,EGY,841330
3734606,250,68,8813,1996,84323.0,0.0,1.084978,0.901755,ANS,EGY,841330
3734607,28,72,8813,1996,2171.0,0.0,0.7285550000000001,0.660716,BLR,EST,841330
3734608,61,72,8813,1996,26189.0,0.0,2.279976,-2.572299,DEU,EST,841330
3734609,64,72,8813,1996,20665.0,0.0,1.443514,1.275684,DNK,EST,841330
3734610,74,72,8813,1996,424183.0,28223.0,2.0584729999999998,1.006908,FIN,EST,841330
3734611,81,72,8813,1996,1865.0,0.0,1.850284,0.883084,GBR,EST,841330
3734612,102,72,8813,1996,10272.0,0.0,0.790036,1.891534,HUN,EST,841330
3734613,111,72,8813,1996,55013.0,0.0,1.4674690000000001,1.263362,ITA,EST,841330
3734614,114,72,8813,1996,1171.0,0.0,2.615364,0.5656939999999999,JPN,EST,841330
3734615,130,72,8813,1996,1437.0,2143.0,0.40520500000000004,0.9465950000000001,LTU,EST,841330
3734616,132,72,8813,1996,0.0,3024.0,0.33418600000000004,0.1615,LVA,EST,841330
3734617,162,72,8813,1996,1850.0,0.0,1.256625,1.803132,NLD,EST,841330
3734618,177,72,8813,1996,68063.0,0.0,0.795489,1.9004729999999999,POL,EST,841330
3734619,186,72,8813,1996,7087.0,5357.0,0.900185,0.47723000000000004,RUS,EST,841330
3734620,208,72,8813,1996,118386.0,27624.0,2.133781,0.9099889999999999,SWE,EST,841330
3734621,228,72,8813,1996,6833.0,0.0,0.896537,0.9241459999999999,UKR,EST,841330
3734622,231,72,8813,1996,9839.0,0.0,1.7110560000000001,1.125141,USA,EST,841330
3734623,250,72,8813,1996,5341.0,0.0,1.084978,0.901755,ANS,EST,841330
3734624,44,83,8813,1996,1489.0,0.0,-0.8720459999999999,-0.7904479999999999,CIV,GHA,841330
3734625,61,83,8813,1996,49725.0,6257.0,2.279976,-2.572299,DEU,GHA,841330
3734626,77,83,8813,1996,14536.0,0.0,1.69082,0.721312,FRA,GHA,841330
3734627,81,83,8813,1996,8878.0,46906.0,1.850284,0.883084,GBR,GHA,841330
3734628,104,83,8813,1996,2489.0,0.0,0.20685599999999998,2.317622,IND,GHA,841330
3734629,111,83,8813,1996,10548.0,0.0,1.4674690000000001,1.263362,ITA,GHA,841330
3734630,114,83,8813,1996,113571.0,0.0,2.615364,0.5656939999999999,JPN,GHA,841330
3734631,121,83,8813,1996,3233.0,0.0,0.8946940000000001,1.240424,KOR,GHA,841330
3734632,153,83,8813,1996,7836.0,0.0,0.351774,0.347262,MYS,GHA,841330
3734633,159,83,8813,1996,0.0,59670.0,-1.813359,-1.1967,NGA,GHA,841330
3734634,162,83,8813,1996,4749.0,0.0,1.256625,1.803132,NLD,GHA,841330
3734635,178,83,8813,1996,17671.0,0.0,0.725014,1.20189,PRK,GHA,841330
3734636,185,83,8813,1996,663.0,0.0,0.612035,0.880964,ROU,GHA,841330
3734637,208,83,8813,1996,5338.0,0.0,2.133781,0.9099889999999999,SWE,GHA,841330
3734638,231,83,8813,1996,38745.0,0.0,1.7110560000000001,1.125141,USA,GHA,841330
3734639,7,102,8813,1996,0.0,2000.0,-0.245358,-0.726695,ARE,HUN,841330
3734640,15,102,8813,1996,6734095.0,21981.0,1.9216669999999998,0.659388,AUT,HUN,841330
3734641,18,102,8813,1996,2701.0,0.0,1.549312,1.273767,BEL,HUN,841330
3734642,23,102,8813,1996,29999.0,10617.0,0.544265,1.523408,BGR,HUN,841330
3734643,28,102,8813,1996,30842.0,32000.0,0.7285550000000001,0.660716,BLR,HUN,841330
3734644,32,102,8813,1996,0.0,405994.0,0.699658,1.271724,BRA,HUN,841330
3734645,39,102,8813,1996,1707.0,0.0,1.155706,1.1127049999999998,CAN,HUN,841330
3734646,41,102,8813,1996,7982.0,858.0,2.246238,0.603288,CHE,HUN,841330
3734647,43,102,8813,1996,47049.0,0.0,0.404422,3.061344,CHN,HUN,841330
3734648,59,102,8813,1996,49962.0,9586.0,1.401181,1.3094709999999998,CZE,HUN,841330
3734649,61,102,8813,1996,4675422.0,349488.0,2.279976,-2.572299,DEU,HUN,841330
3734650,64,102,8813,1996,7795.0,0.0,1.443514,1.275684,DNK,HUN,841330
3734651,68,102,8813,1996,0.0,2270.0,-0.5446409999999999,-0.229586,EGY,HUN,841330
3734652,71,102,8813,1996,127919.0,2774.0,1.105317,1.9473,ESP,HUN,841330
3734653,72,102,8813,1996,0.0,10272.0,0.53397,1.0877940000000001,EST,HUN,841330
3734654,74,102,8813,1996,0.0,5154.0,2.0584729999999998,1.006908,FIN,HUN,841330
3734655,77,102,8813,1996,4119871.0,9056.0,1.69082,0.721312,FRA,HUN,841330
3734656,81,102,8813,1996,14890.0,20889542.0,1.850284,0.883084,GBR,HUN,841330
3734657,90,102,8813,1996,0.0,5944.0,0.271386,1.042608,GRC,HUN,841330
3734658,100,102,8813,1996,5896.0,22824.0,0.772706,1.1075270000000002,HRV,HUN,841330
3734659,104,102,8813,1996,10734.0,0.0,0.20685599999999998,2.317622,IND,HUN,841330
3734660,106,102,8813,1996,1507.0,0.0,1.386011,0.9232100000000001,IRL,HUN,841330
3734661,107,102,8813,1996,0.0,1000.0,-0.7496649999999999,-1.1173520000000001,IRN,HUN,841330
3734662,111,102,8813,1996,546631.0,12321.0,1.4674690000000001,1.263362,ITA,HUN,841330
3734663,114,102,8813,1996,734304.0,0.0,2.615364,0.5656939999999999,JPN,HUN,841330
3734664,115,102,8813,1996,0.0,12955.0,0.48902799999999996,0.154932,KAZ,HUN,841330
3734665,121,102,8813,1996,8215.0,0.0,0.8946940000000001,1.240424,KOR,HUN,841330
3734666,126,102,8813,1996,0.0,47000.0,-0.588489,-1.138552,LBY,HUN,841330
3734667,130,102,8813,1996,4442.0,11196.0,0.40520500000000004,0.9465950000000001,LTU,HUN,841330
3734668,135,102,8813,1996,0.0,5301.0,0.198427,0.026004000000000003,MDA,HUN,841330
3734669,140,102,8813,1996,0.0,9278.0,0.316133,0.933068,MKD,HUN,841330
3734670,162,102,8813,1996,79287.0,6543.0,1.256625,1.803132,NLD,HUN,841330
3734671,163,102,8813,1996,3708.0,0.0,1.204869,0.303062,NOR,HUN,841330
3734672,177,102,8813,1996,89189.0,62743.0,0.795489,1.9004729999999999,POL,HUN,841330
3734673,178,102,8813,1996,0.0,2000.0,0.725014,1.20189,PRK,HUN,841330
3734674,185,102,8813,1996,74851.0,46767.0,0.612035,0.880964,ROU,HUN,841330
3734675,186,102,8813,1996,62714.0,255961.0,0.900185,0.47723000000000004,RUS,HUN,841330
3734676,189,102,8813,1996,4914.0,6934.0,0.786293,2.20126,SCG,HUN,841330
3734677,206,102,8813,1996,62922.0,48032.0,1.189398,1.29167,SVK,HUN,841330
3734678,207,102,8813,1996,87139.0,2720.0,1.409184,1.37245,SVN,HUN,841330
3734679,208,102,8813,1996,6008.0,0.0,2.133781,0.9099889999999999,SWE,HUN,841330
3734680,212,102,8813,1996,0.0,3000.0,-1.100666,-0.90038,SYR,HUN,841330
3734681,216,102,8813,1996,0.0,3214.0,0.10120599999999999,1.351967,THA,HUN,841330
3734682,219,102,8813,1996,0.0,3000.0,-0.756087,-1.160548,TKM,HUN,841330
3734683,223,102,8813,1996,0.0,13370.0,-0.28546,-0.089051,TUN,HUN,841330
3734684,224,102,8813,1996,0.0,13353.0,0.156866,1.554023,TUR,HUN,841330
3734685,228,102,8813,1996,34427.0,87009.0,0.896537,0.9241459999999999,UKR,HUN,841330
3734686,231,102,8813,1996,96473.0,3529086.0,1.7110560000000001,1.125141,USA,HUN,841330
3734687,232,102,8813,1996,0.0,134000.0,-0.17393499999999998,-0.727476,UZB,HUN,841330
3734688,250,102,8813,1996,0.0,19000.0,1.084978,0.901755,ANS,HUN,841330
3734689,14,103,8813,1996,89280.0,1202.0,0.369697,0.78069,AUS,IDN,841330
3734690,18,103,8813,1996,41068.0,0.0,1.549312,1.273767,BEL,IDN,841330
3734691,32,103,8813,1996,34200.0,0.0,0.699658,1.271724,BRA,IDN,841330
3734692,43,103,8813,1996,462634.0,0.0,0.404422,3.061344,CHN,IDN,841330
3734693,61,103,8813,1996,416962.0,0.0,2.279976,-2.572299,DEU,IDN,841330
3734694,71,103,8813,1996,7234.0,0.0,1.105317,1.9473,ESP,IDN,841330
3734695,74,103,8813,1996,1778.0,0.0,2.0584729999999998,1.006908,FIN,IDN,841330
3734696,77,103,8813,1996,45845.0,0.0,1.69082,0.721312,FRA,IDN,841330
3734697,81,103,8813,1996,69689.0,0.0,1.850284,0.883084,GBR,IDN,841330
3734698,97,103,8813,1996,19452.0,0.0,0.54364,2.727659,HKG,IDN,841330
3734699,104,103,8813,1996,1705.0,3053.0,0.20685599999999998,2.317622,IND,IDN,841330
3734700,111,103,8813,1996,19460.0,0.0,1.4674690000000001,1.263362,ITA,IDN,841330
3734701,114,103,8813,1996,32609336.0,0.0,2.615364,0.5656939999999999,JPN,IDN,841330
3734702,121,103,8813,1996,338184.0,0.0,0.8946940000000001,1.240424,KOR,IDN,841330
3734703,128,103,8813,1996,2921.0,0.0,-0.812763,-0.188722,LKA,IDN,841330
3734704,143,103,8813,1996,0.0,28986.0,-1.556357,-1.078395,MMR,IDN,841330
3734705,153,103,8813,1996,47084.0,0.0,0.351774,0.347262,MYS,IDN,841330
3734706,162,103,8813,1996,106438.0,0.0,1.256625,1.803132,NLD,IDN,841330
3734707,166,103,8813,1996,11447.0,0.0,0.49466099999999996,0.8302879999999999,NZL,IDN,841330
3734708,174,103,8813,1996,0.0,1619.0,-0.276548,0.344986,PHL,IDN,841330
3734709,178,103,8813,1996,1755.0,0.0,0.725014,1.20189,PRK,IDN,841330
3734710,188,103,8813,1996,2030.0,0.0,0.215265,-0.8577309999999999,SAU,IDN,841330
3734711,192,103,8813,1996,246094.0,0.0,0.8354299999999999,0.41169799999999995,SGP,IDN,841330
3734712,208,103,8813,1996,33666.0,0.0,2.133781,0.9099889999999999,SWE,IDN,841330
3734713,216,103,8813,1996,61949.0,0.0,0.10120599999999999,1.351967,THA,IDN,841330
3734714,224,103,8813,1996,0.0,2042.0,0.156866,1.554023,TUR,IDN,841330
3734715,231,103,8813,1996,120204.0,23733.0,1.7110560000000001,1.125141,USA,IDN,841330
3734716,246,103,8813,1996,15966.0,23198.0,0.456593,1.150786,ZAF,IDN,841330
3734717,249,103,8813,1996,431622.0,0.0,1.432225,1.675389,TWN,IDN,841330
3734718,7,104,8813,1996,10809.0,33047.0,-0.245358,-0.726695,ARE,IND,841330
3734719,8,104,8813,1996,0.0,23151.0,0.167081,0.433612,ARG,IND,841330
3734720,14,104,8813,1996,19203.0,594200.0,0.369697,0.78069,AUS,IND,841330
3734721,15,104,8813,1996,29797.0,63781.0,1.9216669999999998,0.659388,AUT,IND,841330
3734722,18,104,8813,1996,7931.0,19508.0,1.549312,1.273767,BEL,IND,841330
3734723,22,104,8813,1996,0.0,6476.0,-1.060876,-1.05104,BGD,IND,841330
3734724,32,104,8813,1996,897.0,322619.0,0.699658,1.271724,BRA,IND,841330
3734725,39,104,8813,1996,797.0,33823.0,1.155706,1.1127049999999998,CAN,IND,841330
3734726,41,104,8813,1996,5445.0,72146.0,2.246238,0.603288,CHE,IND,841330
3734727,44,104,8813,1996,0.0,2040.0,-0.8720459999999999,-0.7904479999999999,CIV,IND,841330
3734728,49,104,8813,1996,0.0,1458.0,0.136487,0.078743,COL,IND,841330
3734729,59,104,8813,1996,25985.0,3233.0,1.401181,1.3094709999999998,CZE,IND,841330
3734730,61,104,8813,1996,986414.0,11163109.0,2.279976,-2.572299,DEU,IND,841330
3734731,64,104,8813,1996,35619.0,0.0,1.443514,1.275684,DNK,IND,841330
3734732,66,104,8813,1996,0.0,13287.0,-0.33419699999999997,-1.035736,DZA,IND,841330
3734733,68,104,8813,1996,0.0,80556.0,-0.5446409999999999,-0.229586,EGY,IND,841330
3734734,71,104,8813,1996,3216.0,10091.0,1.105317,1.9473,ESP,IND,841330
3734735,74,104,8813,1996,84582.0,839173.0,2.0584729999999998,1.006908,FIN,IND,841330
3734736,77,104,8813,1996,129956.0,265225.0,1.69082,0.721312,FRA,IND,841330
3734737,81,104,8813,1996,67113.0,441637.0,1.850284,0.883084,GBR,IND,841330
3734738,83,104,8813,1996,0.0,2489.0,-1.035244,-0.9834129999999999,GHA,IND,841330
3734739,90,104,8813,1996,0.0,4805.0,0.271386,1.042608,GRC,IND,841330
3734740,100,104,8813,1996,0.0,2246.0,0.772706,1.1075270000000002,HRV,IND,841330
3734741,102,104,8813,1996,0.0,10734.0,0.790036,1.891534,HUN,IND,841330
3734742,103,104,8813,1996,3053.0,1705.0,-0.43199899999999997,1.22074,IDN,IND,841330
3734743,110,104,8813,1996,0.0,4594.0,1.054975,1.072965,ISR,IND,841330
3734744,111,104,8813,1996,121515.0,41204.0,1.4674690000000001,1.263362,ITA,IND,841330
3734745,114,104,8813,1996,5688760.0,18264.0,2.615364,0.5656939999999999,JPN,IND,841330
3734746,121,104,8813,1996,211772.0,0.0,0.8946940000000001,1.240424,KOR,IND,841330
3734747,134,104,8813,1996,0.0,3154.0,-0.67314,-0.241242,MAR,IND,841330
3734748,136,104,8813,1996,0.0,2604.0,-1.213619,-0.606686,MDG,IND,841330
3734749,138,104,8813,1996,0.0,31127.0,0.651949,0.9132170000000001,MEX,IND,841330
3734750,141,104,8813,1996,0.0,1268.0,-0.987858,-0.9677040000000001,MLI,IND,841330
3734751,142,104,8813,1996,0.0,1004.0,0.8825440000000001,0.066541,MLT,IND,841330
3734752,151,104,8813,1996,0.0,2645.0,-0.538651,-0.746274,MUS,IND,841330
3734753,153,104,8813,1996,59071.0,41793.0,0.351774,0.347262,MYS,IND,841330
3734754,159,104,8813,1996,0.0,29002.0,-1.813359,-1.1967,NGA,IND,841330
3734755,162,104,8813,1996,138509.0,130449.0,1.256625,1.803132,NLD,IND,841330
3734756,163,104,8813,1996,0.0,1881.0,1.204869,0.303062,NOR,IND,841330
3734757,164,104,8813,1996,0.0,3983.0,-0.7390100000000001,-0.647903,NPL,IND,841330
3734758,166,104,8813,1996,0.0,7636.0,0.49466099999999996,0.8302879999999999,NZL,IND,841330
3734759,167,104,8813,1996,0.0,12217.0,-0.10243499999999998,-0.8425879999999999,OMN,IND,841330
3734760,173,104,8813,1996,0.0,6909.0,-0.43761000000000005,-0.28077399999999997,PER,IND,841330
3734761,174,104,8813,1996,0.0,5677.0,-0.276548,0.344986,PHL,IND,841330
3734762,177,104,8813,1996,8942.0,0.0,0.795489,1.9004729999999999,POL,IND,841330
3734763,186,104,8813,1996,109963.0,0.0,0.900185,0.47723000000000004,RUS,IND,841330
3734764,188,104,8813,1996,0.0,22322.0,0.215265,-0.8577309999999999,SAU,IND,841330
3734765,191,104,8813,1996,0.0,522.0,-0.619785,-0.712171,SEN,IND,841330
3734766,192,104,8813,1996,116271.0,35045.0,0.8354299999999999,0.41169799999999995,SGP,IND,841330
3734767,207,104,8813,1996,15902.0,0.0,1.409184,1.37245,SVN,IND,841330
3734768,208,104,8813,1996,21945.0,0.0,2.133781,0.9099889999999999,SWE,IND,841330
3734769,216,104,8813,1996,23465.0,569380.0,0.10120599999999999,1.351967,THA,IND,841330
3734770,222,104,8813,1996,0.0,3846.0,0.19111,-0.488382,TTO,IND,841330
3734771,223,104,8813,1996,0.0,1087.0,-0.28546,-0.089051,TUN,IND,841330
3734772,224,104,8813,1996,0.0,4012.0,0.156866,1.554023,TUR,IND,841330
3734773,226,104,8813,1996,0.0,4418.0,-1.391534,-0.907436,TZA,IND,841330
3734774,227,104,8813,1996,0.0,7783.0,-0.931124,-0.925523,UGA,IND,841330
3734775,230,104,8813,1996,0.0,917.0,0.171541,0.313934,URY,IND,841330
3734776,231,104,8813,1996,186270.0,444785.0,1.7110560000000001,1.125141,USA,IND,841330
3734777,246,104,8813,1996,4591.0,63251.0,0.456593,1.150786,ZAF,IND,841330
3734778,247,104,8813,1996,0.0,4329.0,-0.340956,-0.714009,ZMB,IND,841330
3734779,1,114,8813,1996,0.0,22471.0,-0.31642600000000004,-0.620458,AFG,JPN,841330
3734780,2,114,8813,1996,0.0,9437.0,-2.3109900000000003,-1.172849,AGO,JPN,841330
3734781,6,114,8813,1996,0.0,130202.0,0.29339,-0.572443,ANT,JPN,841330
3734782,7,114,8813,1996,11058.0,9114438.0,-0.245358,-0.726695,ARE,JPN,841330
3734783,8,114,8813,1996,0.0,225052.0,0.167081,0.433612,ARG,JPN,841330
3734784,13,114,8813,1996,0.0,10868.0,0.408319,-0.21640700000000002,ATG,JPN,841330
3734785,14,114,8813,1996,21924.0,16013281.0,0.369697,0.78069,AUS,JPN,841330
3734786,15,114,8813,1996,55206.0,328629.0,1.9216669999999998,0.659388,AUT,JPN,841330
3734787,16,114,8813,1996,0.0,3583.0,0.500442,-0.280796,AZE,JPN,841330
3734788,17,114,8813,1996,0.0,4292.0,-0.955951,-0.8721180000000001,BDI,JPN,841330
3734789,18,114,8813,1996,72204.0,11549526.0,1.549312,1.273767,BEL,JPN,841330
3734790,21,114,8813,1996,0.0,3347.0,-0.680996,-0.863442,BFA,JPN,841330
3734791,22,114,8813,1996,0.0,35176.0,-1.060876,-1.05104,BGD,JPN,841330
3734792,23,114,8813,1996,0.0,28117.0,0.544265,1.523408,BGR,JPN,841330
3734793,24,114,8813,1996,0.0,522842.0,-0.062207000000000005,-0.840398,BHR,JPN,841330
3734794,25,114,8813,1996,0.0,44678.0,0.363917,-0.380614,BHS,JPN,841330
3734795,28,114,8813,1996,0.0,7064.0,0.7285550000000001,0.660716,BLR,JPN,841330
3734796,29,114,8813,1996,0.0,2444.0,-0.341173,-0.670063,BLZ,JPN,841330
3734797,30,114,8813,1996,0.0,5698.0,1.037215,-0.408235,BMU,JPN,841330
3734798,31,114,8813,1996,0.0,9870.0,-0.589432,-0.7781,BOL,JPN,841330
3734799,32,114,8813,1996,5868.0,658558.0,0.699658,1.271724,BRA,JPN,841330
3734800,33,114,8813,1996,0.0,69312.0,0.9384979999999999,0.147479,BRB,JPN,841330
3734801,34,114,8813,1996,0.0,6485.0,-0.848331,-0.779511,BRN,JPN,841330
3734802,38,114,8813,1996,0.0,2983.0,-1.408316,-0.8695579999999999,CAF,JPN,841330
3734803,39,114,8813,1996,204198.0,8181013.0,1.155706,1.1127049999999998,CAN,JPN,841330
3734804,41,114,8813,1996,266822.0,204410.0,2.246238,0.603288,CHE,JPN,841330
3734805,42,114,8813,1996,0.0,1692006.0,-0.052811000000000004,-0.169464,CHL,JPN,841330
3734806,43,114,8813,1996,31650.0,20083502.0,0.404422,3.061344,CHN,JPN,841330
3734807,44,114,8813,1996,0.0,112080.0,-0.8720459999999999,-0.7904479999999999,CIV,JPN,841330
3734808,45,114,8813,1996,0.0,47774.0,-1.4036309999999999,-1.090633,CMR,JPN,841330
3734809,46,114,8813,1996,0.0,21216.0,-1.2167,-1.086508,COD,JPN,841330
3734810,47,114,8813,1996,0.0,6784.0,-1.522142,-1.165936,COG,JPN,841330
3734811,49,114,8813,1996,0.0,1737219.0,0.136487,0.078743,COL,JPN,841330
3734812,50,114,8813,1996,0.0,2078.0,-1.007044,-0.833519,COM,JPN,841330
3734813,52,114,8813,1996,0.0,271851.0,-0.34219499999999997,0.12221900000000001,CRI,JPN,841330
3734814,54,114,8813,1996,0.0,26609.0,-0.555246,-1.0420479999999999,CUB,JPN,841330
3734815,57,114,8813,1996,0.0,3181.0,0.532622,-0.428501,CYM,JPN,841330
3734816,58,114,8813,1996,0.0,198442.0,0.20007,0.020590999999999998,CYP,JPN,841330
3734817,59,114,8813,1996,279830.0,64163.0,1.401181,1.3094709999999998,CZE,JPN,841330
3734818,61,114,8813,1996,4129478.0,7357318.0,2.279976,-2.572299,DEU,JPN,841330
3734819,62,114,8813,1996,0.0,1911.0,-0.20838099999999998,-0.668964,DJI,JPN,841330
3734820,63,114,8813,1996,0.0,13394.0,0.44934399999999997,-0.023771,DMA,JPN,841330
3734821,64,114,8813,1996,2321666.0,215463.0,1.443514,1.275684,DNK,JPN,841330
3734822,65,114,8813,1996,0.0,848478.0,-0.596093,-0.5602060000000001,DOM,JPN,841330
3734823,66,114,8813,1996,0.0,169984.0,-0.33419699999999997,-1.035736,DZA,JPN,841330
3734824,67,114,8813,1996,0.0,1211839.0,-1.1391200000000001,-0.992735,ECU,JPN,841330
3734825,68,114,8813,1996,0.0,1562902.0,-0.5446409999999999,-0.229586,EGY,JPN,841330
3734826,69,114,8813,1996,0.0,53376.0,-0.31049499999999997,-0.656459,ERI,JPN,841330
3734827,71,114,8813,1996,527743.0,8726302.0,1.105317,1.9473,ESP,JPN,841330
3734828,72,114,8813,1996,0.0,1171.0,0.53397,1.0877940000000001,EST,JPN,841330
3734829,73,114,8813,1996,0.0,115267.0,-1.265383,-1.131925,ETH,JPN,841330
3734830,74,114,8813,1996,5737.0,667417.0,2.0584729999999998,1.006908,FIN,JPN,841330
3734831,75,114,8813,1996,0.0,48662.0,-0.7977,-0.9271879999999999,FJI,JPN,841330
3734832,77,114,8813,1996,381651.0,2247708.0,1.69082,0.721312,FRA,JPN,841330
3734833,78,114,8813,1996,0.0,12260.0,-0.252693,-0.714691,FRO,JPN,841330
3734834,79,114,8813,1996,0.0,7550.0,-1.798209,-1.044117,FSM,JPN,841330
3734835,80,114,8813,1996,0.0,53271.0,-1.693615,-1.174433,GAB,JPN,841330
3734836,81,114,8813,1996,311763.0,44768848.0,1.850284,0.883084,GBR,JPN,841330
3734837,83,114,8813,1996,0.0,113571.0,-1.035244,-0.9834129999999999,GHA,JPN,841330
3734838,84,114,8813,1996,0.0,1875.0,0.932001,-0.20733400000000002,GIB,JPN,841330
3734839,85,114,8813,1996,0.0,11708.0,-1.2641930000000001,-1.1317409999999999,GIN,JPN,841330
3734840,87,114,8813,1996,0.0,2054.0,-1.028677,-0.8440540000000001,GMB,JPN,841330
3734841,90,114,8813,1996,0.0,1705071.0,0.271386,1.042608,GRC,JPN,841330
3734842,91,114,8813,1996,0.0,5332.0,0.285534,-0.37242600000000003,GRD,JPN,841330
3734843,92,114,8813,1996,0.0,862.0,-0.8826879999999999,-0.777868,GRL,JPN,841330
3734844,93,114,8813,1996,0.0,452354.0,-0.332901,0.23790300000000003,GTM,JPN,841330
3734845,96,114,8813,1996,0.0,1883.0,-0.567617,-0.766822,GUY,JPN,841330
3734846,97,114,8813,1996,11814.0,9902038.0,0.54364,2.727659,HKG,JPN,841330
3734847,99,114,8813,1996,0.0,72579.0,-0.69357,-0.48721400000000004,HND,JPN,841330
3734848,100,114,8813,1996,0.0,1219.0,0.772706,1.1075270000000002,HRV,JPN,841330
3734849,101,114,8813,1996,0.0,57336.0,-0.865218,-0.723441,HTI,JPN,841330
3734850,102,114,8813,1996,0.0,734304.0,0.790036,1.891534,HUN,JPN,841330
3734851,103,114,8813,1996,0.0,32609336.0,-0.43199899999999997,1.22074,IDN,JPN,841330
3734852,104,114,8813,1996,18264.0,5688760.0,0.20685599999999998,2.317622,IND,JPN,841330
3734853,106,114,8813,1996,0.0,89866.0,1.386011,0.9232100000000001,IRL,JPN,841330
3734854,107,114,8813,1996,0.0,155395.0,-0.7496649999999999,-1.1173520000000001,IRN,JPN,841330
3734855,109,114,8813,1996,0.0,5864.0,0.003558,-0.551796,ISL,JPN,841330
3734856,110,114,8813,1996,0.0,872121.0,1.054975,1.072965,ISR,JPN,841330
3734857,111,114,8813,1996,294606.0,8824972.0,1.4674690000000001,1.263362,ITA,JPN,841330
3734858,112,114,8813,1996,0.0,62600.0,-0.6344350000000001,-0.814916,JAM,JPN,841330
3734859,113,114,8813,1996,0.0,943073.0,0.12203499999999999,-0.41859399999999997,JOR,JPN,841330
3734860,115,114,8813,1996,0.0,6065.0,0.48902799999999996,0.154932,KAZ,JPN,841330
3734861,116,114,8813,1996,0.0,376081.0,-0.468322,-0.017625,KEN,JPN,841330
3734862,118,114,8813,1996,0.0,4904.0,-1.110741,-1.089434,KHM,JPN,841330
3734863,119,114,8813,1996,0.0,4406.0,-0.090837,-0.644005,KIR,JPN,841330
3734864,120,114,8813,1996,0.0,1700.0,0.546384,-0.463373,KNA,JPN,841330
3734865,121,114,8813,1996,398095.0,21890660.0,0.8946940000000001,1.240424,KOR,JPN,841330
3734866,122,114,8813,1996,1621.0,1401736.0,-0.27174499999999996,-1.098243,KWT,JPN,841330
3734867,123,114,8813,1996,0.0,3216.0,-0.751092,-0.8680209999999999,LAO,JPN,841330
3734868,124,114,8813,1996,0.0,624309.0,-0.051973,0.002154,LBN,JPN,841330
3734869,125,114,8813,1996,0.0,126425.0,-0.6975779999999999,-1.0896290000000002,LBR,JPN,841330
3734870,126,114,8813,1996,0.0,229382.0,-0.588489,-1.138552,LBY,JPN,841330
3734871,127,114,8813,1996,0.0,32329.0,0.016224000000000002,-0.664312,LCA,JPN,841330
3734872,128,114,8813,1996,0.0,147420.0,-0.812763,-0.188722,LKA,JPN,841330
3734873,130,114,8813,1996,0.0,2104.0,0.40520500000000004,0.9465950000000001,LTU,JPN,841330
3734874,133,114,8813,1996,0.0,1048.0,-0.23007399999999997,-0.34139400000000003,MAC,JPN,841330
3734875,134,114,8813,1996,0.0,225834.0,-0.67314,-0.241242,MAR,JPN,841330
3734876,136,114,8813,1996,0.0,21462.0,-1.213619,-0.606686,MDG,JPN,841330
3734877,137,114,8813,1996,0.0,15687.0,-1.107903,-1.016442,MDV,JPN,841330
3734878,138,114,8813,1996,36640.0,7544566.0,0.651949,0.9132170000000001,MEX,JPN,841330
3734879,139,114,8813,1996,0.0,927.0,-0.035292000000000004,-0.660011,MHL,JPN,841330
3734880,141,114,8813,1996,0.0,12878.0,-0.987858,-0.9677040000000001,MLI,JPN,841330
3734881,142,114,8813,1996,0.0,10320.0,0.8825440000000001,0.066541,MLT,JPN,841330
3734882,143,114,8813,1996,0.0,49794.0,-1.556357,-1.078395,MMR,JPN,841330
3734883,145,114,8813,1996,0.0,80758.0,-0.18177000000000001,-0.8212280000000001,MNG,JPN,841330
3734884,146,114,8813,1996,0.0,16797.0,0.245321,-0.636347,MNP,JPN,841330
3734885,147,114,8813,1996,0.0,14543.0,-1.331264,-1.1260270000000001,MOZ,JPN,841330
3734886,148,114,8813,1996,0.0,15746.0,-1.352902,-1.19204,MRT,JPN,841330
3734887,151,114,8813,1996,0.0,27809.0,-0.538651,-0.746274,MUS,JPN,841330
3734888,152,114,8813,1996,0.0,23491.0,-1.332586,-1.115859,MWI,JPN,841330
3734889,153,114,8813,1996,91618.0,16207008.0,0.351774,0.347262,MYS,JPN,841330
3734890,157,114,8813,1996,0.0,30837.0,-0.594771,-0.643008,NER,JPN,841330
3734891,159,114,8813,1996,0.0,552158.0,-1.813359,-1.1967,NGA,JPN,841330
3734892,160,114,8813,1996,0.0,7550.0,-0.767799,-0.737816,NIC,JPN,841330
3734893,162,114,8813,1996,17113.0,10611801.0,1.256625,1.803132,NLD,JPN,841330
3734894,163,114,8813,1996,54237.0,313113.0,1.204869,0.303062,NOR,JPN,841330
3734895,164,114,8813,1996,0.0,11263.0,-0.7390100000000001,-0.647903,NPL,JPN,841330
3734896,166,114,8813,1996,3038.0,1078125.0,0.49466099999999996,0.8302879999999999,NZL,JPN,841330
3734897,167,114,8813,1996,0.0,4459078.0,-0.10243499999999998,-0.8425879999999999,OMN,JPN,841330
3734898,168,114,8813,1996,0.0,2011393.0,-0.7543300000000001,-0.393654,PAK,JPN,841330
3734899,169,114,8813,1996,0.0,1328936.0,-0.100537,-0.374129,PAN,JPN,841330
3734900,173,114,8813,1996,0.0,878213.0,-0.43761000000000005,-0.28077399999999997,PER,JPN,841330
3734901,174,114,8813,1996,2412.0,5110904.0,-0.276548,0.344986,PHL,JPN,841330
3734902,176,114,8813,1996,0.0,127224.0,-2.120746,-1.2199879999999999,PNG,JPN,841330
3734903,177,114,8813,1996,0.0,44640.0,0.795489,1.9004729999999999,POL,JPN,841330
3734904,178,114,8813,1996,0.0,97406.0,0.725014,1.20189,PRK,JPN,841330
3734905,179,114,8813,1996,0.0,751598.0,0.39343,1.170144,PRT,JPN,841330
3734906,180,114,8813,1996,0.0,181474.0,-0.506178,-0.712851,PRY,JPN,841330
3734907,182,114,8813,1996,0.0,36205.0,0.845308,-0.31763,PYF,JPN,841330
3734908,183,114,8813,1996,0.0,207758.0,-0.48203500000000005,-1.117173,QAT,JPN,841330
3734909,185,114,8813,1996,0.0,1573.0,0.612035,0.880964,ROU,JPN,841330
3734910,186,114,8813,1996,0.0,615210.0,0.900185,0.47723000000000004,RUS,JPN,841330
3734911,187,114,8813,1996,0.0,8147.0,0.07343,-0.520246,RWA,JPN,841330
3734912,188,114,8813,1996,0.0,10988447.0,0.215265,-0.8577309999999999,SAU,JPN,841330
3734913,190,114,8813,1996,0.0,57954.0,-1.4146459999999998,-1.181707,SDN,JPN,841330
3734914,191,114,8813,1996,0.0,12058.0,-0.619785,-0.712171,SEN,JPN,841330
3734915,192,114,8813,1996,84775.0,19008792.0,0.8354299999999999,0.41169799999999995,SGP,JPN,841330
3734916,195,114,8813,1996,0.0,165803.0,-1.855104,-0.895618,SLB,JPN,841330
3734917,196,114,8813,1996,0.0,4556.0,0.208166,-0.386648,SLE,JPN,841330
3734918,197,114,8813,1996,0.0,294151.0,-0.24968800000000002,-0.121995,SLV,JPN,841330
3734919,205,114,8813,1996,0.0,25263.0,-0.93463,-0.797197,SUR,JPN,841330
3734920,206,114,8813,1996,0.0,1020.0,1.189398,1.29167,SVK,JPN,841330
3734921,207,114,8813,1996,0.0,13555.0,1.409184,1.37245,SVN,JPN,841330
3734922,208,114,8813,1996,562905.0,1996133.0,2.133781,0.9099889999999999,SWE,JPN,841330
3734923,211,114,8813,1996,0.0,9477.0,0.239125,-0.458433,SYC,JPN,841330
3734924,212,114,8813,1996,0.0,144006.0,-1.100666,-0.90038,SYR,JPN,841330
3734925,215,114,8813,1996,0.0,1112.0,-0.9070459999999999,-0.7702399999999999,TGO,JPN,841330
3734926,216,114,8813,1996,328224.0,87815672.0,0.10120599999999999,1.351967,THA,JPN,841330
3734927,217,114,8813,1996,0.0,62049.0,-0.035623,-0.723275,TJK,JPN,841330
3734928,222,114,8813,1996,0.0,417104.0,0.19111,-0.488382,TTO,JPN,841330
3734929,223,114,8813,1996,0.0,108179.0,-0.28546,-0.089051,TUN,JPN,841330
3734930,224,114,8813,1996,4743.0,864250.0,0.156866,1.554023,TUR,JPN,841330
3734931,226,114,8813,1996,0.0,32374.0,-1.391534,-0.907436,TZA,JPN,841330
3734932,227,114,8813,1996,0.0,53022.0,-0.931124,-0.925523,UGA,JPN,841330
3734933,228,114,8813,1996,0.0,7279.0,0.896537,0.9241459999999999,UKR,JPN,841330
3734934,230,114,8813,1996,0.0,42991.0,0.171541,0.313934,URY,JPN,841330
3734935,231,114,8813,1996,9949071.0,174955216.0,1.7110560000000001,1.125141,USA,JPN,841330
3734936,232,114,8813,1996,0.0,2179.0,-0.17393499999999998,-0.727476,UZB,JPN,841330
3734937,234,114,8813,1996,1116.0,5627.0,-0.123896,-0.5798989999999999,VCT,JPN,841330
3734938,236,114,8813,1996,0.0,890157.0,0.07086100000000001,-0.761307,VEN,JPN,841330
3734939,239,114,8813,1996,0.0,54619.0,-0.9336469999999999,-0.10985199999999999,VNM,JPN,841330
3734940,240,114,8813,1996,0.0,5657.0,-0.933351,-0.824783,VUT,JPN,841330
3734941,243,114,8813,1996,0.0,514533.0,-1.304556,-1.200523,YEM,JPN,841330
3734942,246,114,8813,1996,3424.0,11027235.0,0.456593,1.150786,ZAF,JPN,841330
3734943,247,114,8813,1996,0.0,24274.0,-0.340956,-0.714009,ZMB,JPN,841330
3734944,248,114,8813,1996,0.0,156104.0,-0.393769,-0.34379,ZWE,JPN,841330
3734945,249,114,8813,1996,82888.0,30074892.0,1.432225,1.675389,TWN,JPN,841330
3734946,250,114,8813,1996,0.0,55059.0,1.084978,0.901755,ANS,JPN,841330
3734947,18,117,8813,1996,2867.0,0.0,1.549312,1.273767,BEL,KGZ,841330
3734948,61,117,8813,1996,8147.0,0.0,2.279976,-2.572299,DEU,KGZ,841330
3734949,81,117,8813,1996,2093.0,0.0,1.850284,0.883084,GBR,KGZ,841330
3734950,130,117,8813,1996,240533.0,0.0,0.40520500000000004,0.9465950000000001,LTU,KGZ,841330
3734951,186,117,8813,1996,116650.0,0.0,0.900185,0.47723000000000004,RUS,KGZ,841330
3734952,224,117,8813,1996,51044.0,0.0,0.156866,1.554023,TUR,KGZ,841330
3734953,228,117,8813,1996,2125.0,4547.0,0.896537,0.9241459999999999,UKR,KGZ,841330
3734954,14,130,8813,1996,0.0,995.0,0.369697,0.78069,AUS,LTU,841330
3734955,15,130,8813,1996,678.0,0.0,1.9216669999999998,0.659388,AUT,LTU,841330
3734956,16,130,8813,1996,0.0,83328.0,0.500442,-0.280796,AZE,LTU,841330
3734957,18,130,8813,1996,2368.0,0.0,1.549312,1.273767,BEL,LTU,841330
3734958,23,130,8813,1996,0.0,1756.0,0.544265,1.523408,BGR,LTU,841330
3734959,28,130,8813,1996,51718.0,1648306.0,0.7285550000000001,0.660716,BLR,LTU,841330
3734960,41,130,8813,1996,0.0,594.0,2.246238,0.603288,CHE,LTU,841330
3734961,59,130,8813,1996,3548.0,0.0,1.401181,1.3094709999999998,CZE,LTU,841330
3734962,61,130,8813,1996,506922.0,3161.0,2.279976,-2.572299,DEU,LTU,841330
3734963,64,130,8813,1996,6410.0,0.0,1.443514,1.275684,DNK,LTU,841330
3734964,71,130,8813,1996,0.0,74718.0,1.105317,1.9473,ESP,LTU,841330
3734965,72,130,8813,1996,2143.0,1437.0,0.53397,1.0877940000000001,EST,LTU,841330
3734966,74,130,8813,1996,98803.0,819.0,2.0584729999999998,1.006908,FIN,LTU,841330
3734967,81,130,8813,1996,10336.0,0.0,1.850284,0.883084,GBR,LTU,841330
3734968,90,130,8813,1996,0.0,1259.0,0.271386,1.042608,GRC,LTU,841330
3734969,102,130,8813,1996,11196.0,4442.0,0.790036,1.891534,HUN,LTU,841330
3734970,111,130,8813,1996,60456.0,926.0,1.4674690000000001,1.263362,ITA,LTU,841330
3734971,114,130,8813,1996,2104.0,0.0,2.615364,0.5656939999999999,JPN,LTU,841330
3734972,115,130,8813,1996,0.0,29375.0,0.48902799999999996,0.154932,KAZ,LTU,841330
3734973,117,130,8813,1996,0.0,240533.0,0.350901,0.529512,KGZ,LTU,841330
3734974,121,130,8813,1996,992.0,0.0,0.8946940000000001,1.240424,KOR,LTU,841330
3734975,132,130,8813,1996,13245.0,20880.0,0.33418600000000004,0.1615,LVA,LTU,841330
3734976,135,130,8813,1996,0.0,32455.0,0.198427,0.026004000000000003,MDA,LTU,841330
3734977,162,130,8813,1996,16715.0,2335.0,1.256625,1.803132,NLD,LTU,841330
3734978,177,130,8813,1996,3626.0,13658.0,0.795489,1.9004729999999999,POL,LTU,841330
3734979,186,130,8813,1996,400206.0,796069.0,0.900185,0.47723000000000004,RUS,LTU,841330
3734980,208,130,8813,1996,35657.0,0.0,2.133781,0.9099889999999999,SWE,LTU,841330
3734981,219,130,8813,1996,0.0,1013910.0,-0.756087,-1.160548,TKM,LTU,841330
3734982,228,130,8813,1996,57987.0,1739445.0,0.896537,0.9241459999999999,UKR,LTU,841330
3734983,231,130,8813,1996,2696.0,0.0,1.7110560000000001,1.125141,USA,LTU,841330
3734984,232,130,8813,1996,0.0,1029937.0,-0.17393499999999998,-0.727476,UZB,LTU,841330
3734985,18,132,8813,1996,2467.0,0.0,1.549312,1.273767,BEL,LVA,841330
3734986,41,132,8813,1996,499.0,0.0,2.246238,0.603288,CHE,LVA,841330
3734987,61,132,8813,1996,56192.0,0.0,2.279976,-2.572299,DEU,LVA,841330
3734988,72,132,8813,1996,3024.0,0.0,0.53397,1.0877940000000001,EST,LVA,841330
3734989,74,132,8813,1996,331228.0,0.0,2.0584729999999998,1.006908,FIN,LVA,841330
3734990,81,132,8813,1996,1276.0,0.0,1.850284,0.883084,GBR,LVA,841330
3734991,111,132,8813,1996,9419.0,0.0,1.4674690000000001,1.263362,ITA,LVA,841330
3734992,130,132,8813,1996,20880.0,13245.0,0.40520500000000004,0.9465950000000001,LTU,LVA,841330
3734993,186,132,8813,1996,76657.0,30237.0,0.900185,0.47723000000000004,RUS,LVA,841330
3734994,206,132,8813,1996,5639.0,0.0,1.189398,1.29167,SVK,LVA,841330
3734995,208,132,8813,1996,23551.0,0.0,2.133781,0.9099889999999999,SWE,LVA,841330
3734996,228,132,8813,1996,27530.0,0.0,0.896537,0.9241459999999999,UKR,LVA,841330
3734997,231,132,8813,1996,1176.0,0.0,1.7110560000000001,1.125141,USA,LVA,841330
3734998,250,132,8813,1996,6524.0,0.0,1.084978,0.901755,ANS,LVA,841330
3734999,14,142,8813,1996,1555.0,0.0,0.369697,0.78069,AUS,MLT,841330
3735000,15,142,8813,1996,1873.0,0.0,1.9216669999999998,0.659388,AUT,MLT,841330
3735001,59,142,8813,1996,5120.0,0.0,1.401181,1.3094709999999998,CZE,MLT,841330
3735002,61,142,8813,1996,25137.0,0.0,2.279976,-2.572299,DEU,MLT,841330
3735003,64,142,8813,1996,9570.0,0.0,1.443514,1.275684,DNK,MLT,841330
3735004,68,142,8813,1996,0.0,431.0,-0.5446409999999999,-0.229586,EGY,MLT,841330
3735005,71,142,8813,1996,83520.0,0.0,1.105317,1.9473,ESP,MLT,841330
3735006,74,142,8813,1996,2741.0,0.0,2.0584729999999998,1.006908,FIN,MLT,841330
3735007,77,142,8813,1996,15350.0,5387.0,1.69082,0.721312,FRA,MLT,841330
3735008,81,142,8813,1996,78659.0,2180.0,1.850284,0.883084,GBR,MLT,841330
3735009,97,142,8813,1996,1274.0,0.0,0.54364,2.727659,HKG,MLT,841330
3735010,104,142,8813,1996,1004.0,0.0,0.20685599999999998,2.317622,IND,MLT,841330
3735011,111,142,8813,1996,248119.0,0.0,1.4674690000000001,1.263362,ITA,MLT,841330
3735012,114,142,8813,1996,10320.0,0.0,2.615364,0.5656939999999999,JPN,MLT,841330
3735013,121,142,8813,1996,7918.0,0.0,0.8946940000000001,1.240424,KOR,MLT,841330
3735014,162,142,8813,1996,3972.0,0.0,1.256625,1.803132,NLD,MLT,841330
3735015,166,142,8813,1996,7565.0,0.0,0.49466099999999996,0.8302879999999999,NZL,MLT,841330
3735016,177,142,8813,1996,1078.0,0.0,0.795489,1.9004729999999999,POL,MLT,841330
3735017,185,142,8813,1996,2790.0,0.0,0.612035,0.880964,ROU,MLT,841330
3735018,208,142,8813,1996,1432.0,0.0,2.133781,0.9099889999999999,SWE,MLT,841330
3735019,231,142,8813,1996,2178.0,0.0,1.7110560000000001,1.125141,USA,MLT,841330
3735020,250,142,8813,1996,3250.0,0.0,1.084978,0.901755,ANS,MLT,841330
3735021,18,167,8813,1996,19337.0,3854.0,1.549312,1.273767,BEL,OMN,841330
3735022,32,167,8813,1996,1845.0,0.0,0.699658,1.271724,BRA,OMN,841330
3735023,61,167,8813,1996,1066766.0,16147.0,2.279976,-2.572299,DEU,OMN,841330
3735024,81,167,8813,1996,5524.0,0.0,1.850284,0.883084,GBR,OMN,841330
3735025,104,167,8813,1996,12217.0,0.0,0.20685599999999998,2.317622,IND,OMN,841330
3735026,111,167,8813,1996,5245.0,0.0,1.4674690000000001,1.263362,ITA,OMN,841330
3735027,114,167,8813,1996,4459078.0,0.0,2.615364,0.5656939999999999,JPN,OMN,841330
3735028,162,167,8813,1996,873.0,0.0,1.256625,1.803132,NLD,OMN,841330
3735029,192,167,8813,1996,2249.0,0.0,0.8354299999999999,0.41169799999999995,SGP,OMN,841330
3735030,208,167,8813,1996,5513.0,4420.0,2.133781,0.9099889999999999,SWE,OMN,841330
3735031,216,167,8813,1996,3651.0,0.0,0.10120599999999999,1.351967,THA,OMN,841330
3735032,231,167,8813,1996,93163.0,0.0,1.7110560000000001,1.125141,USA,OMN,841330
3735033,15,177,8813,1996,17188.0,11254.0,1.9216669999999998,0.659388,AUT,POL,841330
3735034,16,177,8813,1996,0.0,1211.0,0.500442,-0.280796,AZE,POL,841330
3735035,18,177,8813,1996,109464.0,0.0,1.549312,1.273767,BEL,POL,841330
3735036,21,177,8813,1996,0.0,821.0,-0.680996,-0.863442,BFA,POL,841330
3735037,23,177,8813,1996,1984.0,174956.0,0.544265,1.523408,BGR,POL,841330
3735038,28,177,8813,1996,0.0,66261.0,0.7285550000000001,0.660716,BLR,POL,841330
3735039,39,177,8813,1996,0.0,25034.0,1.155706,1.1127049999999998,CAN,POL,841330
3735040,41,177,8813,1996,44342.0,0.0,2.246238,0.603288,CHE,POL,841330
3735041,43,177,8813,1996,8946.0,2490.0,0.404422,3.061344,CHN,POL,841330
3735042,49,177,8813,1996,0.0,40870.0,0.136487,0.078743,COL,POL,841330
3735043,59,177,8813,1996,3102785.0,157419.0,1.401181,1.3094709999999998,CZE,POL,841330
3735044,61,177,8813,1996,1366622.0,527351.0,2.279976,-2.572299,DEU,POL,841330
3735045,64,177,8813,1996,274981.0,5940.0,1.443514,1.275684,DNK,POL,841330
3735046,67,177,8813,1996,0.0,28939.0,-1.1391200000000001,-0.992735,ECU,POL,841330
3735047,68,177,8813,1996,0.0,197530.0,-0.5446409999999999,-0.229586,EGY,POL,841330
3735048,71,177,8813,1996,153369.0,26566.0,1.105317,1.9473,ESP,POL,841330
3735049,72,177,8813,1996,0.0,68063.0,0.53397,1.0877940000000001,EST,POL,841330
3735050,74,177,8813,1996,81124.0,5776.0,2.0584729999999998,1.006908,FIN,POL,841330
3735051,77,177,8813,1996,686025.0,0.0,1.69082,0.721312,FRA,POL,841330
3735052,81,177,8813,1996,5866.0,85248.0,1.850284,0.883084,GBR,POL,841330
3735053,100,177,8813,1996,0.0,20524.0,0.772706,1.1075270000000002,HRV,POL,841330
3735054,102,177,8813,1996,62743.0,89189.0,0.790036,1.891534,HUN,POL,841330
3735055,104,177,8813,1996,0.0,8942.0,0.20685599999999998,2.317622,IND,POL,841330
3735056,111,177,8813,1996,598911.0,301378.0,1.4674690000000001,1.263362,ITA,POL,841330
3735057,114,177,8813,1996,44640.0,0.0,2.615364,0.5656939999999999,JPN,POL,841330
3735058,121,177,8813,1996,17255.0,0.0,0.8946940000000001,1.240424,KOR,POL,841330
3735059,130,177,8813,1996,13658.0,3626.0,0.40520500000000004,0.9465950000000001,LTU,POL,841330
3735060,140,177,8813,1996,0.0,1153.0,0.316133,0.933068,MKD,POL,841330
3735061,142,177,8813,1996,0.0,1078.0,0.8825440000000001,0.066541,MLT,POL,841330
3735062,153,177,8813,1996,0.0,1703.0,0.351774,0.347262,MYS,POL,841330
3735063,162,177,8813,1996,144973.0,6922.0,1.256625,1.803132,NLD,POL,841330
3735064,169,177,8813,1996,0.0,557910.0,-0.100537,-0.374129,PAN,POL,841330
3735065,185,177,8813,1996,18554.0,51572.0,0.612035,0.880964,ROU,POL,841330
3735066,186,177,8813,1996,49035.0,360052.0,0.900185,0.47723000000000004,RUS,POL,841330
3735067,189,177,8813,1996,0.0,4337.0,0.786293,2.20126,SCG,POL,841330
3735068,190,177,8813,1996,0.0,21340.0,-1.4146459999999998,-1.181707,SDN,POL,841330
3735069,206,177,8813,1996,117593.0,112184.0,1.189398,1.29167,SVK,POL,841330
3735070,207,177,8813,1996,0.0,7995.0,1.409184,1.37245,SVN,POL,841330
3735071,208,177,8813,1996,42637.0,0.0,2.133781,0.9099889999999999,SWE,POL,841330
3735072,223,177,8813,1996,0.0,1443.0,-0.28546,-0.089051,TUN,POL,841330
3735073,224,177,8813,1996,177378.0,1984.0,0.156866,1.554023,TUR,POL,841330
3735074,228,177,8813,1996,9867.0,225075.0,0.896537,0.9241459999999999,UKR,POL,841330
3735075,231,177,8813,1996,72094.0,91997.0,1.7110560000000001,1.125141,USA,POL,841330
3735076,250,177,8813,1996,255507.0,230070.0,1.084978,0.901755,ANS,POL,841330
3735077,7,185,8813,1996,11844.0,1000.0,-0.245358,-0.726695,ARE,ROU,841330
3735078,8,185,8813,1996,0.0,1989.0,0.167081,0.433612,ARG,ROU,841330
3735079,15,185,8813,1996,47559.0,70887.0,1.9216669999999998,0.659388,AUT,ROU,841330
3735080,18,185,8813,1996,164043.0,0.0,1.549312,1.273767,BEL,ROU,841330
3735081,23,185,8813,1996,15007.0,330059.0,0.544265,1.523408,BGR,ROU,841330
3735082,28,185,8813,1996,11923.0,3000.0,0.7285550000000001,0.660716,BLR,ROU,841330
3735083,39,185,8813,1996,797.0,4258.0,1.155706,1.1127049999999998,CAN,ROU,841330
3735084,43,185,8813,1996,2201858.0,24860.0,0.404422,3.061344,CHN,ROU,841330
3735085,49,185,8813,1996,0.0,1680.0,0.136487,0.078743,COL,ROU,841330
3735086,59,185,8813,1996,34245.0,8517.0,1.401181,1.3094709999999998,CZE,ROU,841330
3735087,61,185,8813,1996,158004.0,19042.0,2.279976,-2.572299,DEU,ROU,841330
3735088,64,185,8813,1996,67123.0,0.0,1.443514,1.275684,DNK,ROU,841330
3735089,66,185,8813,1996,0.0,5579.0,-0.33419699999999997,-1.035736,DZA,ROU,841330
3735090,68,185,8813,1996,0.0,208606.0,-0.5446409999999999,-0.229586,EGY,ROU,841330
3735091,71,185,8813,1996,0.0,69688.0,1.105317,1.9473,ESP,ROU,841330
3735092,77,185,8813,1996,14032.0,17461.0,1.69082,0.721312,FRA,ROU,841330
3735093,81,185,8813,1996,472748.0,0.0,1.850284,0.883084,GBR,ROU,841330
3735094,83,185,8813,1996,0.0,663.0,-1.035244,-0.9834129999999999,GHA,ROU,841330
3735095,90,185,8813,1996,4138.0,22524.0,0.271386,1.042608,GRC,ROU,841330
3735096,100,185,8813,1996,0.0,2026.0,0.772706,1.1075270000000002,HRV,ROU,841330
3735097,102,185,8813,1996,46767.0,74851.0,0.790036,1.891534,HUN,ROU,841330
3735098,107,185,8813,1996,0.0,118000.0,-0.7496649999999999,-1.1173520000000001,IRN,ROU,841330
3735099,111,185,8813,1996,212181.0,45459.0,1.4674690000000001,1.263362,ITA,ROU,841330
3735100,114,185,8813,1996,1573.0,0.0,2.615364,0.5656939999999999,JPN,ROU,841330
3735101,121,185,8813,1996,44437.0,0.0,0.8946940000000001,1.240424,KOR,ROU,841330
3735102,134,185,8813,1996,0.0,3649.0,-0.67314,-0.241242,MAR,ROU,841330
3735103,135,185,8813,1996,29116.0,11517.0,0.198427,0.026004000000000003,MDA,ROU,841330
3735104,140,185,8813,1996,0.0,803.0,0.316133,0.933068,MKD,ROU,841330
3735105,142,185,8813,1996,0.0,2790.0,0.8825440000000001,0.066541,MLT,ROU,841330
3735106,162,185,8813,1996,54919.0,893.0,1.256625,1.803132,NLD,ROU,841330
3735107,177,185,8813,1996,51572.0,18554.0,0.795489,1.9004729999999999,POL,ROU,841330
3735108,186,185,8813,1996,31533.0,22975.0,0.900185,0.47723000000000004,RUS,ROU,841330
3735109,189,185,8813,1996,0.0,890.0,0.786293,2.20126,SCG,ROU,841330
3735110,206,185,8813,1996,7327.0,3031.0,1.189398,1.29167,SVK,ROU,841330
3735111,207,185,8813,1996,0.0,2667.0,1.409184,1.37245,SVN,ROU,841330
3735112,208,185,8813,1996,1319.0,3032.0,2.133781,0.9099889999999999,SWE,ROU,841330
3735113,212,185,8813,1996,0.0,40000.0,-1.100666,-0.90038,SYR,ROU,841330
3735114,223,185,8813,1996,0.0,2661.0,-0.28546,-0.089051,TUN,ROU,841330
3735115,224,185,8813,1996,20593.0,4151.0,0.156866,1.554023,TUR,ROU,841330
3735116,231,185,8813,1996,32506.0,47592.0,1.7110560000000001,1.125141,USA,ROU,841330
3735117,246,185,8813,1996,0.0,1931.0,0.456593,1.150786,ZAF,ROU,841330
3735118,250,185,8813,1996,2565.0,0.0,1.084978,0.901755,ANS,ROU,841330
3735119,2,186,8813,1996,0.0,324846.0,-2.3109900000000003,-1.172849,AGO,RUS,841330
3735120,8,186,8813,1996,0.0,2646.0,0.167081,0.433612,ARG,RUS,841330
3735121,9,186,8813,1996,42182.0,46441.0,0.8798090000000001,0.05873300000000001,ARM,RUS,841330
3735122,14,186,8813,1996,0.0,4220.0,0.369697,0.78069,AUS,RUS,841330
3735123,15,186,8813,1996,116830.0,7445.0,1.9216669999999998,0.659388,AUT,RUS,841330
3735124,16,186,8813,1996,9887.0,63703.0,0.500442,-0.280796,AZE,RUS,841330
3735125,18,186,8813,1996,72873.0,0.0,1.549312,1.273767,BEL,RUS,841330
3735126,22,186,8813,1996,0.0,3287.0,-1.060876,-1.05104,BGD,RUS,841330
3735127,23,186,8813,1996,87112.0,246400.0,0.544265,1.523408,BGR,RUS,841330
3735128,32,186,8813,1996,4396.0,2515.0,0.699658,1.271724,BRA,RUS,841330
3735129,39,186,8813,1996,2371.0,13179.0,1.155706,1.1127049999999998,CAN,RUS,841330
3735130,41,186,8813,1996,59205.0,0.0,2.246238,0.603288,CHE,RUS,841330
3735131,42,186,8813,1996,0.0,16342.0,-0.052811000000000004,-0.169464,CHL,RUS,841330
3735132,43,186,8813,1996,6329.0,220232.0,0.404422,3.061344,CHN,RUS,841330
3735133,49,186,8813,1996,0.0,14007.0,0.136487,0.078743,COL,RUS,841330
3735134,52,186,8813,1996,0.0,1817.0,-0.34219499999999997,0.12221900000000001,CRI,RUS,841330
3735135,54,186,8813,1996,0.0,818079.0,-0.555246,-1.0420479999999999,CUB,RUS,841330
3735136,59,186,8813,1996,585920.0,52571.0,1.401181,1.3094709999999998,CZE,RUS,841330
3735137,61,186,8813,1996,796274.0,30849.0,2.279976,-2.572299,DEU,RUS,841330
3735138,64,186,8813,1996,18209.0,0.0,1.443514,1.275684,DNK,RUS,841330
3735139,67,186,8813,1996,0.0,1029.0,-1.1391200000000001,-0.992735,ECU,RUS,841330
3735140,68,186,8813,1996,0.0,105903.0,-0.5446409999999999,-0.229586,EGY,RUS,841330
3735141,71,186,8813,1996,51022.0,79863.0,1.105317,1.9473,ESP,RUS,841330
3735142,72,186,8813,1996,5357.0,7087.0,0.53397,1.0877940000000001,EST,RUS,841330
3735143,73,186,8813,1996,0.0,45141.0,-1.265383,-1.131925,ETH,RUS,841330
3735144,74,186,8813,1996,501190.0,6239.0,2.0584729999999998,1.006908,FIN,RUS,841330
3735145,77,186,8813,1996,366722.0,16376.0,1.69082,0.721312,FRA,RUS,841330
3735146,81,186,8813,1996,13594.0,62341.0,1.850284,0.883084,GBR,RUS,841330
3735147,82,186,8813,1996,0.0,34959.0,0.5383020000000001,0.167596,GEO,RUS,841330
3735148,85,186,8813,1996,0.0,1240.0,-1.2641930000000001,-1.1317409999999999,GIN,RUS,841330
3735149,90,186,8813,1996,0.0,6696.0,0.271386,1.042608,GRC,RUS,841330
3735150,100,186,8813,1996,1970.0,1040.0,0.772706,1.1075270000000002,HRV,RUS,841330
3735151,102,186,8813,1996,255961.0,62714.0,0.790036,1.891534,HUN,RUS,841330
3735152,104,186,8813,1996,0.0,109963.0,0.20685599999999998,2.317622,IND,RUS,841330
3735153,109,186,8813,1996,0.0,594.0,0.003558,-0.551796,ISL,RUS,841330
3735154,110,186,8813,1996,3190.0,0.0,1.054975,1.072965,ISR,RUS,841330
3735155,111,186,8813,1996,212081.0,1325.0,1.4674690000000001,1.263362,ITA,RUS,841330
3735156,114,186,8813,1996,615210.0,0.0,2.615364,0.5656939999999999,JPN,RUS,841330
3735157,115,186,8813,1996,18815.0,1761116.0,0.48902799999999996,0.154932,KAZ,RUS,841330
3735158,117,186,8813,1996,0.0,116650.0,0.350901,0.529512,KGZ,RUS,841330
3735159,121,186,8813,1996,61494.0,1744.0,0.8946940000000001,1.240424,KOR,RUS,841330
3735160,130,186,8813,1996,796069.0,400206.0,0.40520500000000004,0.9465950000000001,LTU,RUS,841330
3735161,132,186,8813,1996,30237.0,76657.0,0.33418600000000004,0.1615,LVA,RUS,841330
3735162,135,186,8813,1996,1789.0,102871.0,0.198427,0.026004000000000003,MDA,RUS,841330
3735163,140,186,8813,1996,6203.0,766.0,0.316133,0.933068,MKD,RUS,841330
3735164,143,186,8813,1996,0.0,7111.0,-1.556357,-1.078395,MMR,RUS,841330
3735165,145,186,8813,1996,75639.0,60301.0,-0.18177000000000001,-0.8212280000000001,MNG,RUS,841330
3735166,160,186,8813,1996,0.0,5336.0,-0.767799,-0.737816,NIC,RUS,841330
3735167,162,186,8813,1996,1867.0,0.0,1.256625,1.803132,NLD,RUS,841330
3735168,163,186,8813,1996,1447.0,0.0,1.204869,0.303062,NOR,RUS,841330
3735169,168,186,8813,1996,0.0,1439.0,-0.7543300000000001,-0.393654,PAK,RUS,841330
3735170,169,186,8813,1996,0.0,11008.0,-0.100537,-0.374129,PAN,RUS,841330
3735171,173,186,8813,1996,0.0,15290.0,-0.43761000000000005,-0.28077399999999997,PER,RUS,841330
3735172,177,186,8813,1996,360052.0,49035.0,0.795489,1.9004729999999999,POL,RUS,841330
3735173,185,186,8813,1996,22975.0,31533.0,0.612035,0.880964,ROU,RUS,841330
3735174,189,186,8813,1996,222302.0,14230.0,0.786293,2.20126,SCG,RUS,841330
3735175,192,186,8813,1996,4851.0,2155.0,0.8354299999999999,0.41169799999999995,SGP,RUS,841330
3735176,206,186,8813,1996,89844.0,35869.0,1.189398,1.29167,SVK,RUS,841330
3735177,207,186,8813,1996,28005.0,5638.0,1.409184,1.37245,SVN,RUS,841330
3735178,208,186,8813,1996,247185.0,0.0,2.133781,0.9099889999999999,SWE,RUS,841330
3735179,212,186,8813,1996,0.0,2478.0,-1.100666,-0.90038,SYR,RUS,841330
3735180,217,186,8813,1996,0.0,28616.0,-0.035623,-0.723275,TJK,RUS,841330
3735181,219,186,8813,1996,0.0,377409.0,-0.756087,-1.160548,TKM,RUS,841330
3735182,223,186,8813,1996,0.0,2401.0,-0.28546,-0.089051,TUN,RUS,841330
3735183,224,186,8813,1996,54905.0,10979.0,0.156866,1.554023,TUR,RUS,841330
3735184,228,186,8813,1996,2053339.0,3466274.0,0.896537,0.9241459999999999,UKR,RUS,841330
3735185,231,186,8813,1996,750702.0,20038.0,1.7110560000000001,1.125141,USA,RUS,841330
3735186,232,186,8813,1996,0.0,1365399.0,-0.17393499999999998,-0.727476,UZB,RUS,841330
3735187,236,186,8813,1996,0.0,1344.0,0.07086100000000001,-0.761307,VEN,RUS,841330
3735188,239,186,8813,1996,0.0,64370.0,-0.9336469999999999,-0.10985199999999999,VNM,RUS,841330
3735189,246,186,8813,1996,0.0,9639.0,0.456593,1.150786,ZAF,RUS,841330
3735190,249,186,8813,1996,5831.0,0.0,1.432225,1.675389,TWN,RUS,841330
3735191,250,186,8813,1996,0.0,1654.0,1.084978,0.901755,ANS,RUS,841330
3735192,7,188,8813,1996,12007.0,0.0,-0.245358,-0.726695,ARE,SAU,841330
3735193,14,188,8813,1996,234275.0,0.0,0.369697,0.78069,AUS,SAU,841330
3735194,15,188,8813,1996,5401.0,0.0,1.9216669999999998,0.659388,AUT,SAU,841330
3735195,18,188,8813,1996,46310.0,0.0,1.549312,1.273767,BEL,SAU,841330
3735196,22,188,8813,1996,0.0,1294.0,-1.060876,-1.05104,BGD,SAU,841330
3735197,28,188,8813,1996,1749.0,0.0,0.7285550000000001,0.660716,BLR,SAU,841330
3735198,32,188,8813,1996,51242.0,0.0,0.699658,1.271724,BRA,SAU,841330
3735199,39,188,8813,1996,19011.0,0.0,1.155706,1.1127049999999998,CAN,SAU,841330
3735200,41,188,8813,1996,4053.0,0.0,2.246238,0.603288,CHE,SAU,841330
3735201,59,188,8813,1996,3366.0,0.0,1.401181,1.3094709999999998,CZE,SAU,841330
3735202,61,188,8813,1996,3139489.0,404850.0,2.279976,-2.572299,DEU,SAU,841330
3735203,64,188,8813,1996,13059.0,0.0,1.443514,1.275684,DNK,SAU,841330
3735204,71,188,8813,1996,4533.0,0.0,1.105317,1.9473,ESP,SAU,841330
3735205,74,188,8813,1996,24451.0,0.0,2.0584729999999998,1.006908,FIN,SAU,841330
3735206,77,188,8813,1996,48090.0,0.0,1.69082,0.721312,FRA,SAU,841330
3735207,81,188,8813,1996,66834.0,63043.0,1.850284,0.883084,GBR,SAU,841330
3735208,103,188,8813,1996,0.0,2030.0,-0.43199899999999997,1.22074,IDN,SAU,841330
3735209,104,188,8813,1996,22322.0,0.0,0.20685599999999998,2.317622,IND,SAU,841330
3735210,107,188,8813,1996,16978.0,0.0,-0.7496649999999999,-1.1173520000000001,IRN,SAU,841330
3735211,111,188,8813,1996,42793.0,0.0,1.4674690000000001,1.263362,ITA,SAU,841330
3735212,114,188,8813,1996,10988447.0,0.0,2.615364,0.5656939999999999,JPN,SAU,841330
3735213,121,188,8813,1996,202287.0,0.0,0.8946940000000001,1.240424,KOR,SAU,841330
3735214,122,188,8813,1996,0.0,1335.0,-0.27174499999999996,-1.098243,KWT,SAU,841330
3735215,157,188,8813,1996,0.0,1586.0,-0.594771,-0.643008,NER,SAU,841330
3735216,162,188,8813,1996,26746.0,2767.0,1.256625,1.803132,NLD,SAU,841330
3735217,190,188,8813,1996,0.0,10172.0,-1.4146459999999998,-1.181707,SDN,SAU,841330
3735218,192,188,8813,1996,312535.0,0.0,0.8354299999999999,0.41169799999999995,SGP,SAU,841330
3735219,207,188,8813,1996,19938.0,0.0,1.409184,1.37245,SVN,SAU,841330
3735220,208,188,8813,1996,66805.0,0.0,2.133781,0.9099889999999999,SWE,SAU,841330
3735221,224,188,8813,1996,40078.0,7748.0,0.156866,1.554023,TUR,SAU,841330
3735222,231,188,8813,1996,2890321.0,1317.0,1.7110560000000001,1.125141,USA,SAU,841330
3735223,243,188,8813,1996,0.0,19081.0,-1.304556,-1.200523,YEM,SAU,841330
3735224,249,188,8813,1996,33105.0,0.0,1.432225,1.675389,TWN,SAU,841330
3735225,7,192,8813,1996,10626.0,214492.0,-0.245358,-0.726695,ARE,SGP,841330
3735226,14,192,8813,1996,262800.0,27627.0,0.369697,0.78069,AUS,SGP,841330
3735227,15,192,8813,1996,7968.0,0.0,1.9216669999999998,0.659388,AUT,SGP,841330
3735228,18,192,8813,1996,198546.0,936.0,1.549312,1.273767,BEL,SGP,841330
3735229,22,192,8813,1996,0.0,27464.0,-1.060876,-1.05104,BGD,SGP,841330
3735230,24,192,8813,1996,0.0,3515.0,-0.062207000000000005,-0.840398,BHR,SGP,841330
3735231,32,192,8813,1996,98510.0,0.0,0.699658,1.271724,BRA,SGP,841330
3735232,34,192,8813,1996,0.0,103254.0,-0.848331,-0.779511,BRN,SGP,841330
3735233,39,192,8813,1996,7898.0,0.0,1.155706,1.1127049999999998,CAN,SGP,841330
3735234,41,192,8813,1996,7402.0,0.0,2.246238,0.603288,CHE,SGP,841330
3735235,43,192,8813,1996,207936.0,209180.0,0.404422,3.061344,CHN,SGP,841330
3735236,45,192,8813,1996,0.0,762.0,-1.4036309999999999,-1.090633,CMR,SGP,841330
3735237,49,192,8813,1996,0.0,2692.0,0.136487,0.078743,COL,SGP,841330
3735238,54,192,8813,1996,0.0,1703.0,-0.555246,-1.0420479999999999,CUB,SGP,841330
3735239,61,192,8813,1996,3373664.0,7485.0,2.279976,-2.572299,DEU,SGP,841330
3735240,64,192,8813,1996,201204.0,15990.0,1.443514,1.275684,DNK,SGP,841330
3735241,66,192,8813,1996,0.0,14405.0,-0.33419699999999997,-1.035736,DZA,SGP,841330
3735242,68,192,8813,1996,0.0,52743.0,-0.5446409999999999,-0.229586,EGY,SGP,841330
3735243,71,192,8813,1996,42787.0,0.0,1.105317,1.9473,ESP,SGP,841330
3735244,74,192,8813,1996,70228.0,0.0,2.0584729999999998,1.006908,FIN,SGP,841330
3735245,77,192,8813,1996,137196.0,5797.0,1.69082,0.721312,FRA,SGP,841330
3735246,80,192,8813,1996,0.0,1225.0,-1.693615,-1.174433,GAB,SGP,841330
3735247,81,192,8813,1996,132239.0,9432.0,1.850284,0.883084,GBR,SGP,841330
3735248,90,192,8813,1996,0.0,6733.0,0.271386,1.042608,GRC,SGP,841330
3735249,97,192,8813,1996,32642.0,73476.0,0.54364,2.727659,HKG,SGP,841330
3735250,103,192,8813,1996,0.0,246094.0,-0.43199899999999997,1.22074,IDN,SGP,841330
3735251,104,192,8813,1996,35045.0,116271.0,0.20685599999999998,2.317622,IND,SGP,841330
3735252,106,192,8813,1996,0.0,7407.0,1.386011,0.9232100000000001,IRL,SGP,841330
3735253,107,192,8813,1996,0.0,56867.0,-0.7496649999999999,-1.1173520000000001,IRN,SGP,841330
3735254,110,192,8813,1996,0.0,48568.0,1.054975,1.072965,ISR,SGP,841330
3735255,111,192,8813,1996,406272.0,0.0,1.4674690000000001,1.263362,ITA,SGP,841330
3735256,114,192,8813,1996,19008792.0,84775.0,2.615364,0.5656939999999999,JPN,SGP,841330
3735257,116,192,8813,1996,0.0,9455.0,-0.468322,-0.017625,KEN,SGP,841330
3735258,118,192,8813,1996,0.0,3770.0,-1.110741,-1.089434,KHM,SGP,841330
3735259,121,192,8813,1996,405628.0,395501.0,0.8946940000000001,1.240424,KOR,SGP,841330
3735260,122,192,8813,1996,0.0,47371.0,-0.27174499999999996,-1.098243,KWT,SGP,841330
3735261,123,192,8813,1996,0.0,4231.0,-0.751092,-0.8680209999999999,LAO,SGP,841330
3735262,126,192,8813,1996,0.0,1467.0,-0.588489,-1.138552,LBY,SGP,841330
3735263,128,192,8813,1996,0.0,29031.0,-0.812763,-0.188722,LKA,SGP,841330
3735264,137,192,8813,1996,1175.0,24299.0,-1.107903,-1.016442,MDV,SGP,841330
3735265,143,192,8813,1996,0.0,82305.0,-1.556357,-1.078395,MMR,SGP,841330
3735266,151,192,8813,1996,0.0,1915.0,-0.538651,-0.746274,MUS,SGP,841330
3735267,153,192,8813,1996,219073.0,849652.0,0.351774,0.347262,MYS,SGP,841330
3735268,159,192,8813,1996,0.0,4190.0,-1.813359,-1.1967,NGA,SGP,841330
3735269,162,192,8813,1996,35651.0,20282.0,1.256625,1.803132,NLD,SGP,841330
3735270,166,192,8813,1996,22652.0,15601.0,0.49466099999999996,0.8302879999999999,NZL,SGP,841330
3735271,167,192,8813,1996,0.0,2249.0,-0.10243499999999998,-0.8425879999999999,OMN,SGP,841330
3735272,168,192,8813,1996,0.0,51482.0,-0.7543300000000001,-0.393654,PAK,SGP,841330
3735273,174,192,8813,1996,17720.0,170245.0,-0.276548,0.344986,PHL,SGP,841330
3735274,176,192,8813,1996,0.0,43655.0,-2.120746,-1.2199879999999999,PNG,SGP,841330
3735275,183,192,8813,1996,0.0,2906.0,-0.48203500000000005,-1.117173,QAT,SGP,841330
3735276,186,192,8813,1996,2155.0,4851.0,0.900185,0.47723000000000004,RUS,SGP,841330
3735277,188,192,8813,1996,0.0,312535.0,0.215265,-0.8577309999999999,SAU,SGP,841330
3735278,195,192,8813,1996,0.0,1913.0,-1.855104,-0.895618,SLB,SGP,841330
3735279,208,192,8813,1996,142450.0,10994.0,2.133781,0.9099889999999999,SWE,SGP,841330
3735280,211,192,8813,1996,0.0,4834.0,0.239125,-0.458433,SYC,SGP,841330
3735281,216,192,8813,1996,102001.0,404896.0,0.10120599999999999,1.351967,THA,SGP,841330
3735282,224,192,8813,1996,3049.0,0.0,0.156866,1.554023,TUR,SGP,841330
3735283,226,192,8813,1996,0.0,7875.0,-1.391534,-0.907436,TZA,SGP,841330
3735284,231,192,8813,1996,2727871.0,514602.0,1.7110560000000001,1.125141,USA,SGP,841330
3735285,236,192,8813,1996,7741.0,0.0,0.07086100000000001,-0.761307,VEN,SGP,841330
3735286,239,192,8813,1996,2022.0,174740.0,-0.9336469999999999,-0.10985199999999999,VNM,SGP,841330
3735287,246,192,8813,1996,35555.0,28702.0,0.456593,1.150786,ZAF,SGP,841330
3735288,249,192,8813,1996,421314.0,101584.0,1.432225,1.675389,TWN,SGP,841330
3735289,250,192,8813,1996,0.0,12130.0,1.084978,0.901755,ANS,SGP,841330
3735290,15,206,8813,1996,144363.0,4799.0,1.9216669999999998,0.659388,AUT,SVK,841330
3735291,18,206,8813,1996,0.0,2281.0,1.549312,1.273767,BEL,SVK,841330
3735292,23,206,8813,1996,10305.0,19818.0,0.544265,1.523408,BGR,SVK,841330
3735293,28,206,8813,1996,3696.0,5547.0,0.7285550000000001,0.660716,BLR,SVK,841330
3735294,39,206,8813,1996,0.0,1172.0,1.155706,1.1127049999999998,CAN,SVK,841330
3735295,41,206,8813,1996,4948.0,0.0,2.246238,0.603288,CHE,SVK,841330
3735296,43,206,8813,1996,603.0,0.0,0.404422,3.061344,CHN,SVK,841330
3735297,49,206,8813,1996,0.0,5194.0,0.136487,0.078743,COL,SVK,841330
3735298,59,206,8813,1996,1858528.0,417613.0,1.401181,1.3094709999999998,CZE,SVK,841330
3735299,61,206,8813,1996,100430.0,66042.0,2.279976,-2.572299,DEU,SVK,841330
3735300,68,206,8813,1996,0.0,6298.0,-0.5446409999999999,-0.229586,EGY,SVK,841330
3735301,71,206,8813,1996,4011.0,0.0,1.105317,1.9473,ESP,SVK,841330
3735302,74,206,8813,1996,1062.0,3534.0,2.0584729999999998,1.006908,FIN,SVK,841330
3735303,77,206,8813,1996,2989.0,4206.0,1.69082,0.721312,FRA,SVK,841330
3735304,81,206,8813,1996,6675.0,3373.0,1.850284,0.883084,GBR,SVK,841330
3735305,100,206,8813,1996,0.0,3986.0,0.772706,1.1075270000000002,HRV,SVK,841330
3735306,102,206,8813,1996,48032.0,62922.0,0.790036,1.891534,HUN,SVK,841330
3735307,106,206,8813,1996,746.0,9629.0,1.386011,0.9232100000000001,IRL,SVK,841330
3735308,111,206,8813,1996,60004.0,0.0,1.4674690000000001,1.263362,ITA,SVK,841330
3735309,114,206,8813,1996,1020.0,0.0,2.615364,0.5656939999999999,JPN,SVK,841330
3735310,115,206,8813,1996,0.0,1268.0,0.48902799999999996,0.154932,KAZ,SVK,841330
3735311,121,206,8813,1996,16454.0,0.0,0.8946940000000001,1.240424,KOR,SVK,841330
3735312,132,206,8813,1996,0.0,5639.0,0.33418600000000004,0.1615,LVA,SVK,841330
3735313,140,206,8813,1996,0.0,4572.0,0.316133,0.933068,MKD,SVK,841330
3735314,162,206,8813,1996,12005.0,0.0,1.256625,1.803132,NLD,SVK,841330
3735315,163,206,8813,1996,2161.0,0.0,1.204869,0.303062,NOR,SVK,841330
3735316,177,206,8813,1996,112184.0,117593.0,0.795489,1.9004729999999999,POL,SVK,841330
3735317,185,206,8813,1996,3031.0,7327.0,0.612035,0.880964,ROU,SVK,841330
3735318,186,206,8813,1996,35869.0,89844.0,0.900185,0.47723000000000004,RUS,SVK,841330
3735319,189,206,8813,1996,0.0,1589.0,0.786293,2.20126,SCG,SVK,841330
3735320,207,206,8813,1996,0.0,1870.0,1.409184,1.37245,SVN,SVK,841330
3735321,208,206,8813,1996,5412.0,0.0,2.133781,0.9099889999999999,SWE,SVK,841330
3735322,216,206,8813,1996,0.0,1318.0,0.10120599999999999,1.351967,THA,SVK,841330
3735323,228,206,8813,1996,10341.0,151984.0,0.896537,0.9241459999999999,UKR,SVK,841330
3735324,231,206,8813,1996,4237.0,0.0,1.7110560000000001,1.125141,USA,SVK,841330
3735325,246,206,8813,1996,0.0,11702.0,0.456593,1.150786,ZAF,SVK,841330
3735326,250,206,8813,1996,15154.0,5262.0,1.084978,0.901755,ANS,SVK,841330
3735327,15,207,8813,1996,181597.0,14057.0,1.9216669999999998,0.659388,AUT,SVN,841330
3735328,18,207,8813,1996,9373.0,0.0,1.549312,1.273767,BEL,SVN,841330
3735329,26,207,8813,1996,49826.0,20344.0,0.679466,0.730425,BIH,SVN,841330
3735330,28,207,8813,1996,0.0,6019.0,0.7285550000000001,0.660716,BLR,SVN,841330
3735331,39,207,8813,1996,38814.0,0.0,1.155706,1.1127049999999998,CAN,SVN,841330
3735332,41,207,8813,1996,16617.0,0.0,2.246238,0.603288,CHE,SVN,841330
3735333,59,207,8813,1996,19951.0,2571.0,1.401181,1.3094709999999998,CZE,SVN,841330
3735334,61,207,8813,1996,198918.0,129874.0,2.279976,-2.572299,DEU,SVN,841330
3735335,64,207,8813,1996,1039.0,0.0,1.443514,1.275684,DNK,SVN,841330
3735336,68,207,8813,1996,0.0,82481.0,-0.5446409999999999,-0.229586,EGY,SVN,841330
3735337,71,207,8813,1996,5707.0,0.0,1.105317,1.9473,ESP,SVN,841330
3735338,74,207,8813,1996,0.0,30530.0,2.0584729999999998,1.006908,FIN,SVN,841330
3735339,77,207,8813,1996,2558340.0,24400.0,1.69082,0.721312,FRA,SVN,841330
3735340,81,207,8813,1996,46078.0,110069.0,1.850284,0.883084,GBR,SVN,841330
3735341,90,207,8813,1996,0.0,7190.0,0.271386,1.042608,GRC,SVN,841330
3735342,100,207,8813,1996,126176.0,267250.0,0.772706,1.1075270000000002,HRV,SVN,841330
3735343,102,207,8813,1996,2720.0,87139.0,0.790036,1.891534,HUN,SVN,841330
3735344,104,207,8813,1996,0.0,15902.0,0.20685599999999998,2.317622,IND,SVN,841330
3735345,111,207,8813,1996,238795.0,22091.0,1.4674690000000001,1.263362,ITA,SVN,841330
3735346,114,207,8813,1996,13555.0,0.0,2.615364,0.5656939999999999,JPN,SVN,841330
3735347,121,207,8813,1996,13306.0,0.0,0.8946940000000001,1.240424,KOR,SVN,841330
3735348,140,207,8813,1996,1214.0,33969.0,0.316133,0.933068,MKD,SVN,841330
3735349,162,207,8813,1996,3740.0,0.0,1.256625,1.803132,NLD,SVN,841330
3735350,163,207,8813,1996,0.0,3389.0,1.204869,0.303062,NOR,SVN,841330
3735351,177,207,8813,1996,7995.0,0.0,0.795489,1.9004729999999999,POL,SVN,841330
3735352,185,207,8813,1996,2667.0,0.0,0.612035,0.880964,ROU,SVN,841330
3735353,186,207,8813,1996,5638.0,28005.0,0.900185,0.47723000000000004,RUS,SVN,841330
3735354,188,207,8813,1996,0.0,19938.0,0.215265,-0.8577309999999999,SAU,SVN,841330
3735355,189,207,8813,1996,7120.0,69519.0,0.786293,2.20126,SCG,SVN,841330
3735356,206,207,8813,1996,1870.0,0.0,1.189398,1.29167,SVK,SVN,841330
3735357,208,207,8813,1996,1069.0,3730.0,2.133781,0.9099889999999999,SWE,SVN,841330
3735358,231,207,8813,1996,4046.0,13143.0,1.7110560000000001,1.125141,USA,SVN,841330
3735359,246,207,8813,1996,0.0,24230.0,0.456593,1.150786,ZAF,SVN,841330
3735360,7,228,8813,1996,7797.0,0.0,-0.245358,-0.726695,ARE,UKR,841330
3735361,14,228,8813,1996,0.0,2325.0,0.369697,0.78069,AUS,UKR,841330
3735362,15,228,8813,1996,2995.0,0.0,1.9216669999999998,0.659388,AUT,UKR,841330
3735363,18,228,8813,1996,24541.0,0.0,1.549312,1.273767,BEL,UKR,841330
3735364,23,228,8813,1996,35200.0,53410.0,0.544265,1.523408,BGR,UKR,841330
3735365,25,228,8813,1996,0.0,1591.0,0.363917,-0.380614,BHS,UKR,841330
3735366,28,228,8813,1996,178955.0,317646.0,0.7285550000000001,0.660716,BLR,UKR,841330
3735367,59,228,8813,1996,19716.0,9215.0,1.401181,1.3094709999999998,CZE,UKR,841330
3735368,61,228,8813,1996,133320.0,0.0,2.279976,-2.572299,DEU,UKR,841330
3735369,64,228,8813,1996,1466.0,0.0,1.443514,1.275684,DNK,UKR,841330
3735370,68,228,8813,1996,0.0,10451.0,-0.5446409999999999,-0.229586,EGY,UKR,841330
3735371,72,228,8813,1996,0.0,6833.0,0.53397,1.0877940000000001,EST,UKR,841330
3735372,74,228,8813,1996,67321.0,0.0,2.0584729999999998,1.006908,FIN,UKR,841330
3735373,77,228,8813,1996,14222.0,0.0,1.69082,0.721312,FRA,UKR,841330
3735374,81,228,8813,1996,35610.0,0.0,1.850284,0.883084,GBR,UKR,841330
3735375,102,228,8813,1996,87009.0,34427.0,0.790036,1.891534,HUN,UKR,841330
3735376,111,228,8813,1996,46650.0,0.0,1.4674690000000001,1.263362,ITA,UKR,841330
3735377,112,228,8813,1996,0.0,3271.0,-0.6344350000000001,-0.814916,JAM,UKR,841330
3735378,114,228,8813,1996,7279.0,0.0,2.615364,0.5656939999999999,JPN,UKR,841330
3735379,115,228,8813,1996,2867.0,10721.0,0.48902799999999996,0.154932,KAZ,UKR,841330
3735380,117,228,8813,1996,4547.0,2125.0,0.350901,0.529512,KGZ,UKR,841330
3735381,121,228,8813,1996,876.0,0.0,0.8946940000000001,1.240424,KOR,UKR,841330
3735382,130,228,8813,1996,1739445.0,57987.0,0.40520500000000004,0.9465950000000001,LTU,UKR,841330
3735383,132,228,8813,1996,0.0,27530.0,0.33418600000000004,0.1615,LVA,UKR,841330
3735384,134,228,8813,1996,0.0,2894.0,-0.67314,-0.241242,MAR,UKR,841330
3735385,135,228,8813,1996,3456.0,7100.0,0.198427,0.026004000000000003,MDA,UKR,841330
3735386,140,228,8813,1996,0.0,18867.0,0.316133,0.933068,MKD,UKR,841330
3735387,151,228,8813,1996,0.0,5664.0,-0.538651,-0.746274,MUS,UKR,841330
3735388,162,228,8813,1996,31657.0,0.0,1.256625,1.803132,NLD,UKR,841330
3735389,163,228,8813,1996,1510.0,0.0,1.204869,0.303062,NOR,UKR,841330
3735390,164,228,8813,1996,0.0,2837.0,-0.7390100000000001,-0.647903,NPL,UKR,841330
3735391,177,228,8813,1996,225075.0,9867.0,0.795489,1.9004729999999999,POL,UKR,841330
3735392,186,228,8813,1996,3466274.0,2053339.0,0.900185,0.47723000000000004,RUS,UKR,841330
3735393,206,228,8813,1996,151984.0,10341.0,1.189398,1.29167,SVK,UKR,841330
3735394,208,228,8813,1996,6280.0,0.0,2.133781,0.9099889999999999,SWE,UKR,841330
3735395,212,228,8813,1996,0.0,2050.0,-1.100666,-0.90038,SYR,UKR,841330
3735396,217,228,8813,1996,0.0,3670.0,-0.035623,-0.723275,TJK,UKR,841330
3735397,224,228,8813,1996,12802.0,3721.0,0.156866,1.554023,TUR,UKR,841330
3735398,231,228,8813,1996,21031.0,1159.0,1.7110560000000001,1.125141,USA,UKR,841330
3735399,232,228,8813,1996,0.0,352565.0,-0.17393499999999998,-0.727476,UZB,UKR,841330
3735400,237,228,8813,1996,0.0,5199.0,0.602529,-0.280171,VGB,UKR,841330
3735401,239,228,8813,1996,0.0,45163.0,-0.9336469999999999,-0.10985199999999999,VNM,UKR,841330
3735402,243,228,8813,1996,0.0,16649.0,-1.304556,-1.200523,YEM,UKR,841330
3735403,2,246,8813,1996,0.0,9922.0,-2.3109900000000003,-1.172849,AGO,ZAF,841330
3735404,8,246,8813,1996,124879.0,0.0,0.167081,0.433612,ARG,ZAF,841330
3735405,14,246,8813,1996,15943.0,30322.0,0.369697,0.78069,AUS,ZAF,841330
3735406,15,246,8813,1996,8493.0,0.0,1.9216669999999998,0.659388,AUT,ZAF,841330
3735407,18,246,8813,1996,147704.0,49314.0,1.549312,1.273767,BEL,ZAF,841330
3735408,26,246,8813,1996,120709.0,0.0,0.679466,0.730425,BIH,ZAF,841330
3735409,32,246,8813,1996,483830.0,0.0,0.699658,1.271724,BRA,ZAF,841330
3735410,39,246,8813,1996,37569.0,1054.0,1.155706,1.1127049999999998,CAN,ZAF,841330
3735411,41,246,8813,1996,1948.0,0.0,2.246238,0.603288,CHE,ZAF,841330
3735412,42,246,8813,1996,0.0,4527.0,-0.052811000000000004,-0.169464,CHL,ZAF,841330
3735413,43,246,8813,1996,22735.0,0.0,0.404422,3.061344,CHN,ZAF,841330
3735414,46,246,8813,1996,0.0,99717.0,-1.2167,-1.086508,COD,ZAF,841330
3735415,58,246,8813,1996,595.0,0.0,0.20007,0.020590999999999998,CYP,ZAF,841330
3735416,59,246,8813,1996,291437.0,0.0,1.401181,1.3094709999999998,CZE,ZAF,841330
3735417,61,246,8813,1996,7559607.0,11218.0,2.279976,-2.572299,DEU,ZAF,841330
3735418,64,246,8813,1996,8367.0,0.0,1.443514,1.275684,DNK,ZAF,841330
3735419,67,246,8813,1996,3151.0,0.0,-1.1391200000000001,-0.992735,ECU,ZAF,841330
3735420,68,246,8813,1996,33000.0,0.0,-0.5446409999999999,-0.229586,EGY,ZAF,841330
3735421,71,246,8813,1996,282306.0,0.0,1.105317,1.9473,ESP,ZAF,841330
3735422,74,246,8813,1996,31164.0,4922.0,2.0584729999999998,1.006908,FIN,ZAF,841330
3735423,77,246,8813,1996,134484.0,1207.0,1.69082,0.721312,FRA,ZAF,841330
3735424,81,246,8813,1996,641017.0,153401.0,1.850284,0.883084,GBR,ZAF,841330
3735425,97,246,8813,1996,4711.0,0.0,0.54364,2.727659,HKG,ZAF,841330
3735426,103,246,8813,1996,23198.0,15966.0,-0.43199899999999997,1.22074,IDN,ZAF,841330
3735427,104,246,8813,1996,63251.0,4591.0,0.20685599999999998,2.317622,IND,ZAF,841330
3735428,106,246,8813,1996,6965.0,0.0,1.386011,0.9232100000000001,IRL,ZAF,841330
3735429,107,246,8813,1996,0.0,7547.0,-0.7496649999999999,-1.1173520000000001,IRN,ZAF,841330
3735430,110,246,8813,1996,3369.0,1349.0,1.054975,1.072965,ISR,ZAF,841330
3735431,111,246,8813,1996,1971421.0,1228.0,1.4674690000000001,1.263362,ITA,ZAF,841330
3735432,114,246,8813,1996,11027235.0,3424.0,2.615364,0.5656939999999999,JPN,ZAF,841330
3735433,116,246,8813,1996,0.0,2830.0,-0.468322,-0.017625,KEN,ZAF,841330
3735434,121,246,8813,1996,306497.0,7064.0,0.8946940000000001,1.240424,KOR,ZAF,841330
3735435,136,246,8813,1996,0.0,1444.0,-1.213619,-0.606686,MDG,ZAF,841330
3735436,147,246,8813,1996,0.0,66074.0,-1.331264,-1.1260270000000001,MOZ,ZAF,841330
3735437,151,246,8813,1996,0.0,34155.0,-0.538651,-0.746274,MUS,ZAF,841330
3735438,152,246,8813,1996,0.0,14854.0,-1.332586,-1.115859,MWI,ZAF,841330
3735439,153,246,8813,1996,10292.0,0.0,0.351774,0.347262,MYS,ZAF,841330
3735440,162,246,8813,1996,96507.0,31676.0,1.256625,1.803132,NLD,ZAF,841330
3735441,163,246,8813,1996,1681.0,0.0,1.204869,0.303062,NOR,ZAF,841330
3735442,166,246,8813,1996,1207.0,6433.0,0.49466099999999996,0.8302879999999999,NZL,ZAF,841330
3735443,178,246,8813,1996,2740.0,0.0,0.725014,1.20189,PRK,ZAF,841330
3735444,179,246,8813,1996,0.0,12730.0,0.39343,1.170144,PRT,ZAF,841330
3735445,185,246,8813,1996,1931.0,0.0,0.612035,0.880964,ROU,ZAF,841330
3735446,186,246,8813,1996,9639.0,0.0,0.900185,0.47723000000000004,RUS,ZAF,841330
3735447,192,246,8813,1996,28702.0,35555.0,0.8354299999999999,0.41169799999999995,SGP,ZAF,841330
3735448,203,246,8813,1996,0.0,1228.0,0.728959,-0.374555,STP,ZAF,841330
3735449,206,246,8813,1996,11702.0,0.0,1.189398,1.29167,SVK,ZAF,841330
3735450,207,246,8813,1996,24230.0,0.0,1.409184,1.37245,SVN,ZAF,841330
3735451,208,246,8813,1996,62529.0,0.0,2.133781,0.9099889999999999,SWE,ZAF,841330
3735452,211,246,8813,1996,0.0,15266.0,0.239125,-0.458433,SYC,ZAF,841330
3735453,224,246,8813,1996,53518.0,0.0,0.156866,1.554023,TUR,ZAF,841330
3735454,226,246,8813,1996,0.0,1977.0,-1.391534,-0.907436,TZA,ZAF,841330
3735455,227,246,8813,1996,0.0,1980.0,-0.931124,-0.925523,UGA,ZAF,841330
3735456,231,246,8813,1996,999256.0,101941.0,1.7110560000000001,1.125141,USA,ZAF,841330
3735457,247,246,8813,1996,0.0,127297.0,-0.340956,-0.714009,ZMB,ZAF,841330
3735458,248,246,8813,1996,2819.0,123219.0,-0.393769,-0.34379,ZWE,ZAF,841330
3735459,249,246,8813,1996,41801.0,0.0,1.432225,1.675389,TWN,ZAF,841330
3735460,250,246,8813,1996,2874.0,1017.0,1.084978,0.901755,ANS,ZAF,841330
3735461,15,8,8813,1996,53179.0,0.0,1.9216669999999998,0.659388,AUT,ARG,841330
3735462,18,8,8813,1996,4184.0,8651.0,1.549312,1.273767,BEL,ARG,841330
3735463,31,8,8813,1996,7351.0,4181.0,-0.589432,-0.7781,BOL,ARG,841330
3735464,32,8,8813,1996,18549150.0,3743057.0,0.699658,1.271724,BRA,ARG,841330
3735465,39,8,8813,1996,6787.0,0.0,1.155706,1.1127049999999998,CAN,ARG,841330
3735466,41,8,8813,1996,18843.0,0.0,2.246238,0.603288,CHE,ARG,841330
3735467,42,8,8813,1996,13976.0,283960.0,-0.052811000000000004,-0.169464,CHL,ARG,841330
3735468,43,8,8813,1996,4046.0,0.0,0.404422,3.061344,CHN,ARG,841330
3735469,49,8,8813,1996,0.0,401622.0,0.136487,0.078743,COL,ARG,841330
3735470,54,8,8813,1996,0.0,1201.0,-0.555246,-1.0420479999999999,CUB,ARG,841330
3735471,59,8,8813,1996,2678.0,0.0,1.401181,1.3094709999999998,CZE,ARG,841330
3735472,61,8,8813,1996,2287877.0,5846.0,2.279976,-2.572299,DEU,ARG,841330
3735473,64,8,8813,1996,16836.0,35130.0,1.443514,1.275684,DNK,ARG,841330
3735474,66,8,8813,1996,0.0,19516.0,-0.33419699999999997,-1.035736,DZA,ARG,841330
3735475,67,8,8813,1996,0.0,16356.0,-1.1391200000000001,-0.992735,ECU,ARG,841330
3735476,68,8,8813,1996,0.0,35427.0,-0.5446409999999999,-0.229586,EGY,ARG,841330
3735477,71,8,8813,1996,1517248.0,74608.0,1.105317,1.9473,ESP,ARG,841330
3735478,77,8,8813,1996,6944560.0,4384899.0,1.69082,0.721312,FRA,ARG,841330
3735479,81,8,8813,1996,219946.0,20933.0,1.850284,0.883084,GBR,ARG,841330
3735480,93,8,8813,1996,988.0,1367.0,-0.332901,0.23790300000000003,GTM,ARG,841330
3735481,97,8,8813,1996,0.0,31673.0,0.54364,2.727659,HKG,ARG,841330
3735482,104,8,8813,1996,23151.0,0.0,0.20685599999999998,2.317622,IND,ARG,841330
3735483,110,8,8813,1996,0.0,29582.0,1.054975,1.072965,ISR,ARG,841330
3735484,111,8,8813,1996,6590760.0,202669.0,1.4674690000000001,1.263362,ITA,ARG,841330
3735485,112,8,8813,1996,0.0,7379.0,-0.6344350000000001,-0.814916,JAM,ARG,841330
3735486,114,8,8813,1996,225052.0,0.0,2.615364,0.5656939999999999,JPN,ARG,841330
3735487,116,8,8813,1996,0.0,3761.0,-0.468322,-0.017625,KEN,ARG,841330
3735488,121,8,8813,1996,9173.0,0.0,0.8946940000000001,1.240424,KOR,ARG,841330
3735489,138,8,8813,1996,268239.0,927494.0,0.651949,0.9132170000000001,MEX,ARG,841330
3735490,162,8,8813,1996,0.0,4290.0,1.256625,1.803132,NLD,ARG,841330
3735491,163,8,8813,1996,987.0,0.0,1.204869,0.303062,NOR,ARG,841330
3735492,173,8,8813,1996,0.0,6756.0,-0.43761000000000005,-0.28077399999999997,PER,ARG,841330
3735493,180,8,8813,1996,0.0,23561.0,-0.506178,-0.712851,PRY,ARG,841330
3735494,185,8,8813,1996,1989.0,0.0,0.612035,0.880964,ROU,ARG,841330
3735495,186,8,8813,1996,2646.0,0.0,0.900185,0.47723000000000004,RUS,ARG,841330
3735496,208,8,8813,1996,7257.0,0.0,2.133781,0.9099889999999999,SWE,ARG,841330
3735497,223,8,8813,1996,0.0,14833.0,-0.28546,-0.089051,TUN,ARG,841330
3735498,224,8,8813,1996,1589.0,8691.0,0.156866,1.554023,TUR,ARG,841330
3735499,230,8,8813,1996,4383.0,167687.0,0.171541,0.313934,URY,ARG,841330
3735500,231,8,8813,1996,835930.0,71023.0,1.7110560000000001,1.125141,USA,ARG,841330
3735501,236,8,8813,1996,0.0,218005.0,0.07086100000000001,-0.761307,VEN,ARG,841330
3735502,246,8,8813,1996,0.0,124879.0,0.456593,1.150786,ZAF,ARG,841330
3735503,249,8,8813,1996,21682.0,0.0,1.432225,1.675389,TWN,ARG,841330
3735504,250,8,8813,1996,9212266.0,1432.0,1.084978,0.901755,ANS,ARG,841330
3735505,15,44,8813,1996,1048.0,0.0,1.9216669999999998,0.659388,AUT,CIV,841330
3735506,18,44,8813,1996,37913.0,0.0,1.549312,1.273767,BEL,CIV,841330
3735507,21,44,8813,1996,564.0,5809.0,-0.680996,-0.863442,BFA,CIV,841330
3735508,32,44,8813,1996,28259.0,0.0,0.699658,1.271724,BRA,CIV,841330
3735509,43,44,8813,1996,1027.0,0.0,0.404422,3.061344,CHN,CIV,841330
3735510,61,44,8813,1996,146523.0,2752.0,2.279976,-2.572299,DEU,CIV,841330
3735511,71,44,8813,1996,51468.0,0.0,1.105317,1.9473,ESP,CIV,841330
3735512,77,44,8813,1996,387041.0,1509.0,1.69082,0.721312,FRA,CIV,841330
3735513,81,44,8813,1996,26574.0,2458.0,1.850284,0.883084,GBR,CIV,841330
3735514,83,44,8813,1996,0.0,1489.0,-1.035244,-0.9834129999999999,GHA,CIV,841330
3735515,104,44,8813,1996,2040.0,0.0,0.20685599999999998,2.317622,IND,CIV,841330
3735516,110,44,8813,1996,1869.0,0.0,1.054975,1.072965,ISR,CIV,841330
3735517,111,44,8813,1996,63277.0,0.0,1.4674690000000001,1.263362,ITA,CIV,841330
3735518,114,44,8813,1996,112080.0,0.0,2.615364,0.5656939999999999,JPN,CIV,841330
3735519,121,44,8813,1996,64279.0,0.0,0.8946940000000001,1.240424,KOR,CIV,841330
3735520,124,44,8813,1996,1560.0,0.0,-0.051973,0.002154,LBN,CIV,841330
3735521,141,44,8813,1996,0.0,1092.0,-0.987858,-0.9677040000000001,MLI,CIV,841330
3735522,153,44,8813,1996,2721.0,0.0,0.351774,0.347262,MYS,CIV,841330
3735523,159,44,8813,1996,0.0,6281.0,-1.813359,-1.1967,NGA,CIV,841330
3735524,162,44,8813,1996,34988.0,4336.0,1.256625,1.803132,NLD,CIV,841330
3735525,191,44,8813,1996,0.0,2932.0,-0.619785,-0.712171,SEN,CIV,841330
3735526,231,44,8813,1996,35510.0,0.0,1.7110560000000001,1.125141,USA,CIV,841330
3735527,249,44,8813,1996,1708.0,0.0,1.432225,1.675389,TWN,CIV,841330
3735528,250,44,8813,1996,0.0,1754.0,1.084978,0.901755,ANS,CIV,841330
3735529,18,45,8813,1996,10902.0,0.0,1.549312,1.273767,BEL,CMR,841330
3735530,32,45,8813,1996,3903.0,0.0,0.699658,1.271724,BRA,CMR,841330
3735531,39,45,8813,1996,6269.0,0.0,1.155706,1.1127049999999998,CAN,CMR,841330
3735532,59,45,8813,1996,620.0,0.0,1.401181,1.3094709999999998,CZE,CMR,841330
3735533,61,45,8813,1996,12246.0,2228.0,2.279976,-2.572299,DEU,CMR,841330
3735534,64,45,8813,1996,694.0,0.0,1.443514,1.275684,DNK,CMR,841330
3735535,71,45,8813,1996,1761.0,0.0,1.105317,1.9473,ESP,CMR,841330
3735536,77,45,8813,1996,60026.0,0.0,1.69082,0.721312,FRA,CMR,841330
3735537,80,45,8813,1996,1492.0,3718.0,-1.693615,-1.174433,GAB,CMR,841330
3735538,81,45,8813,1996,62301.0,0.0,1.850284,0.883084,GBR,CMR,841330
3735539,90,45,8813,1996,4000.0,3370.0,0.271386,1.042608,GRC,CMR,841330
3735540,111,45,8813,1996,2806.0,0.0,1.4674690000000001,1.263362,ITA,CMR,841330
3735541,114,45,8813,1996,47774.0,0.0,2.615364,0.5656939999999999,JPN,CMR,841330
3735542,121,45,8813,1996,2569.0,0.0,0.8946940000000001,1.240424,KOR,CMR,841330
3735543,153,45,8813,1996,11227.0,0.0,0.351774,0.347262,MYS,CMR,841330
3735544,162,45,8813,1996,6725.0,0.0,1.256625,1.803132,NLD,CMR,841330
3735545,163,45,8813,1996,817.0,0.0,1.204869,0.303062,NOR,CMR,841330
3735546,192,45,8813,1996,762.0,0.0,0.8354299999999999,0.41169799999999995,SGP,CMR,841330
3735547,208,45,8813,1996,2126.0,0.0,2.133781,0.9099889999999999,SWE,CMR,841330
3735548,231,45,8813,1996,47913.0,1489.0,1.7110560000000001,1.125141,USA,CMR,841330
3735549,250,45,8813,1996,5452.0,0.0,1.084978,0.901755,ANS,CMR,841330
3735550,14,58,8813,1996,0.0,19643.0,0.369697,0.78069,AUS,CYP,841330
3735551,15,58,8813,1996,10988.0,0.0,1.9216669999999998,0.659388,AUT,CYP,841330
3735552,18,58,8813,1996,2184.0,0.0,1.549312,1.273767,BEL,CYP,841330
3735553,32,58,8813,1996,1681.0,0.0,0.699658,1.271724,BRA,CYP,841330
3735554,41,58,8813,1996,1171.0,0.0,2.246238,0.603288,CHE,CYP,841330
3735555,59,58,8813,1996,9178.0,0.0,1.401181,1.3094709999999998,CZE,CYP,841330
3735556,61,58,8813,1996,107922.0,0.0,2.279976,-2.572299,DEU,CYP,841330
3735557,64,58,8813,1996,1763.0,0.0,1.443514,1.275684,DNK,CYP,841330
3735558,71,58,8813,1996,29071.0,0.0,1.105317,1.9473,ESP,CYP,841330
3735559,74,58,8813,1996,2188.0,0.0,2.0584729999999998,1.006908,FIN,CYP,841330
3735560,77,58,8813,1996,12958.0,0.0,1.69082,0.721312,FRA,CYP,841330
3735561,81,58,8813,1996,24473.0,5558.0,1.850284,0.883084,GBR,CYP,841330
3735562,90,58,8813,1996,20425.0,0.0,0.271386,1.042608,GRC,CYP,841330
3735563,111,58,8813,1996,59289.0,0.0,1.4674690000000001,1.263362,ITA,CYP,841330
3735564,114,58,8813,1996,198442.0,0.0,2.615364,0.5656939999999999,JPN,CYP,841330
3735565,121,58,8813,1996,2789.0,0.0,0.8946940000000001,1.240424,KOR,CYP,841330
3735566,162,58,8813,1996,4543.0,0.0,1.256625,1.803132,NLD,CYP,841330
3735567,208,58,8813,1996,8544.0,0.0,2.133781,0.9099889999999999,SWE,CYP,841330
3735568,224,58,8813,1996,97082.0,0.0,0.156866,1.554023,TUR,CYP,841330
3735569,231,58,8813,1996,17895.0,0.0,1.7110560000000001,1.125141,USA,CYP,841330
3735570,246,58,8813,1996,0.0,595.0,0.456593,1.150786,ZAF,CYP,841330
3735571,250,58,8813,1996,1470.0,0.0,1.084978,0.901755,ANS,CYP,841330
3735572,15,134,8813,1996,2036.0,0.0,1.9216669999999998,0.659388,AUT,MAR,841330
3735573,18,134,8813,1996,53212.0,1274.0,1.549312,1.273767,BEL,MAR,841330
3735574,32,134,8813,1996,17656.0,0.0,0.699658,1.271724,BRA,MAR,841330
3735575,39,134,8813,1996,8416.0,0.0,1.155706,1.1127049999999998,CAN,MAR,841330
3735576,41,134,8813,1996,1095.0,0.0,2.246238,0.603288,CHE,MAR,841330
3735577,43,134,8813,1996,121845.0,0.0,0.404422,3.061344,CHN,MAR,841330
3735578,61,134,8813,1996,618884.0,4880.0,2.279976,-2.572299,DEU,MAR,841330
3735579,64,134,8813,1996,8590.0,0.0,1.443514,1.275684,DNK,MAR,841330
3735580,68,134,8813,1996,839.0,0.0,-0.5446409999999999,-0.229586,EGY,MAR,841330
3735581,71,134,8813,1996,882062.0,1844.0,1.105317,1.9473,ESP,MAR,841330
3735582,74,134,8813,1996,20490.0,0.0,2.0584729999999998,1.006908,FIN,MAR,841330
3735583,77,134,8813,1996,381763.0,1665.0,1.69082,0.721312,FRA,MAR,841330
3735584,81,134,8813,1996,88474.0,12821.0,1.850284,0.883084,GBR,MAR,841330
3735585,104,134,8813,1996,3154.0,0.0,0.20685599999999998,2.317622,IND,MAR,841330
3735586,111,134,8813,1996,1074727.0,0.0,1.4674690000000001,1.263362,ITA,MAR,841330
3735587,114,134,8813,1996,225834.0,0.0,2.615364,0.5656939999999999,JPN,MAR,841330
3735588,121,134,8813,1996,29078.0,0.0,0.8946940000000001,1.240424,KOR,MAR,841330
3735589,126,134,8813,1996,0.0,7720.0,-0.588489,-1.138552,LBY,MAR,841330
3735590,162,134,8813,1996,43313.0,0.0,1.256625,1.803132,NLD,MAR,841330
3735591,185,134,8813,1996,3649.0,0.0,0.612035,0.880964,ROU,MAR,841330
3735592,208,134,8813,1996,18271.0,0.0,2.133781,0.9099889999999999,SWE,MAR,841330
3735593,223,134,8813,1996,0.0,871.0,-0.28546,-0.089051,TUN,MAR,841330
3735594,224,134,8813,1996,102441.0,0.0,0.156866,1.554023,TUR,MAR,841330
3735595,228,134,8813,1996,2894.0,0.0,0.896537,0.9241459999999999,UKR,MAR,841330
3735596,231,134,8813,1996,13309.0,0.0,1.7110560000000001,1.125141,USA,MAR,841330
3735597,39,157,8813,1996,1524.0,0.0,1.155706,1.1127049999999998,CAN,NER,841330
3735598,61,157,8813,1996,34287.0,0.0,2.279976,-2.572299,DEU,NER,841330
3735599,71,157,8813,1996,2166.0,0.0,1.105317,1.9473,ESP,NER,841330
3735600,77,157,8813,1996,1350.0,0.0,1.69082,0.721312,FRA,NER,841330
3735601,81,157,8813,1996,1256.0,0.0,1.850284,0.883084,GBR,NER,841330
3735602,111,157,8813,1996,2568.0,0.0,1.4674690000000001,1.263362,ITA,NER,841330
3735603,114,157,8813,1996,30837.0,0.0,2.615364,0.5656939999999999,JPN,NER,841330
3735604,159,157,8813,1996,4050.0,0.0,-1.813359,-1.1967,NGA,NER,841330
3735605,162,157,8813,1996,3947.0,0.0,1.256625,1.803132,NLD,NER,841330
3735606,188,157,8813,1996,1586.0,0.0,0.215265,-0.8577309999999999,SAU,NER,841330
3735607,231,157,8813,1996,72190.0,0.0,1.7110560000000001,1.125141,USA,NER,841330
3735608,250,157,8813,1996,49094.0,0.0,1.084978,0.901755,ANS,NER,841330
3735609,14,166,8813,1996,326851.0,188838.0,0.369697,0.78069,AUS,NZL,841330
3735610,15,166,8813,1996,0.0,1859.0,1.9216669999999998,0.659388,AUT,NZL,841330
3735611,39,166,8813,1996,2965.0,12236.0,1.155706,1.1127049999999998,CAN,NZL,841330
3735612,41,166,8813,1996,11269.0,3357.0,2.246238,0.603288,CHE,NZL,841330
3735613,42,166,8813,1996,0.0,36468.0,-0.052811000000000004,-0.169464,CHL,NZL,841330
3735614,48,166,8813,1996,0.0,1018.0,0.053446,-0.556272,COK,NZL,841330
3735615,59,166,8813,1996,2401.0,0.0,1.401181,1.3094709999999998,CZE,NZL,841330
3735616,61,166,8813,1996,100009.0,0.0,2.279976,-2.572299,DEU,NZL,841330
3735617,64,166,8813,1996,22039.0,0.0,1.443514,1.275684,DNK,NZL,841330
3735618,67,166,8813,1996,0.0,2207.0,-1.1391200000000001,-0.992735,ECU,NZL,841330
3735619,71,166,8813,1996,3164.0,0.0,1.105317,1.9473,ESP,NZL,841330
3735620,74,166,8813,1996,7903.0,0.0,2.0584729999999998,1.006908,FIN,NZL,841330
3735621,75,166,8813,1996,1363.0,21822.0,-0.7977,-0.9271879999999999,FJI,NZL,841330
3735622,77,166,8813,1996,3367.0,0.0,1.69082,0.721312,FRA,NZL,841330
3735623,81,166,8813,1996,100896.0,164552.0,1.850284,0.883084,GBR,NZL,841330
3735624,100,166,8813,1996,0.0,629.0,0.772706,1.1075270000000002,HRV,NZL,841330
3735625,103,166,8813,1996,0.0,11447.0,-0.43199899999999997,1.22074,IDN,NZL,841330
3735626,104,166,8813,1996,7636.0,0.0,0.20685599999999998,2.317622,IND,NZL,841330
3735627,111,166,8813,1996,33001.0,0.0,1.4674690000000001,1.263362,ITA,NZL,841330
3735628,114,166,8813,1996,1078125.0,3038.0,2.615364,0.5656939999999999,JPN,NZL,841330
3735629,119,166,8813,1996,0.0,1416.0,-0.090837,-0.644005,KIR,NZL,841330
3735630,121,166,8813,1996,100572.0,27289.0,0.8946940000000001,1.240424,KOR,NZL,841330
3735631,138,166,8813,1996,0.0,8500.0,0.651949,0.9132170000000001,MEX,NZL,841330
3735632,139,166,8813,1996,0.0,7650.0,-0.035292000000000004,-0.660011,MHL,NZL,841330
3735633,142,166,8813,1996,0.0,7565.0,0.8825440000000001,0.066541,MLT,NZL,841330
3735634,153,166,8813,1996,0.0,8421.0,0.351774,0.347262,MYS,NZL,841330
3735635,156,166,8813,1996,0.0,33161.0,-0.951583,-0.785157,NCL,NZL,841330
3735636,162,166,8813,1996,1952.0,0.0,1.256625,1.803132,NLD,NZL,841330
3735637,163,166,8813,1996,11070.0,4616.0,1.204869,0.303062,NOR,NZL,841330
3735638,182,166,8813,1996,1135.0,1930.0,0.845308,-0.31763,PYF,NZL,841330
3735639,192,166,8813,1996,15601.0,22652.0,0.8354299999999999,0.41169799999999995,SGP,NZL,841330
3735640,195,166,8813,1996,0.0,2716.0,-1.855104,-0.895618,SLB,NZL,841330
3735641,208,166,8813,1996,33751.0,11403.0,2.133781,0.9099889999999999,SWE,NZL,841330
3735642,216,166,8813,1996,0.0,1788.0,0.10120599999999999,1.351967,THA,NZL,841330
3735643,224,166,8813,1996,1372.0,0.0,0.156866,1.554023,TUR,NZL,841330
3735644,231,166,8813,1996,309656.0,86150.0,1.7110560000000001,1.125141,USA,NZL,841330
3735645,240,166,8813,1996,0.0,2678.0,-0.933351,-0.824783,VUT,NZL,841330
3735646,242,166,8813,1996,0.0,14695.0,-0.9626600000000001,-0.838794,WSM,NZL,841330
3735647,246,166,8813,1996,6433.0,1207.0,0.456593,1.150786,ZAF,NZL,841330
3735648,249,166,8813,1996,16786.0,0.0,1.432225,1.675389,TWN,NZL,841330
3735649,250,166,8813,1996,19602.0,2309.0,1.084978,0.901755,ANS,NZL,841330
3735650,18,191,8813,1996,15490.0,0.0,1.549312,1.273767,BEL,SEN,841330
3735651,32,191,8813,1996,3511.0,0.0,0.699658,1.271724,BRA,SEN,841330
3735652,41,191,8813,1996,1197.0,0.0,2.246238,0.603288,CHE,SEN,841330
3735653,43,191,8813,1996,1515.0,0.0,0.404422,3.061344,CHN,SEN,841330
3735654,44,191,8813,1996,2932.0,0.0,-0.8720459999999999,-0.7904479999999999,CIV,SEN,841330
3735655,59,191,8813,1996,637.0,0.0,1.401181,1.3094709999999998,CZE,SEN,841330
3735656,61,191,8813,1996,15081.0,0.0,2.279976,-2.572299,DEU,SEN,841330
3735657,71,191,8813,1996,65676.0,0.0,1.105317,1.9473,ESP,SEN,841330
3735658,77,191,8813,1996,97608.0,0.0,1.69082,0.721312,FRA,SEN,841330
3735659,81,191,8813,1996,1641.0,0.0,1.850284,0.883084,GBR,SEN,841330
3735660,88,191,8813,1996,0.0,5563.0,-1.853188,-0.8371649999999999,GNB,SEN,841330
3735661,104,191,8813,1996,522.0,0.0,0.20685599999999998,2.317622,IND,SEN,841330
3735662,111,191,8813,1996,6083.0,0.0,1.4674690000000001,1.263362,ITA,SEN,841330
3735663,114,191,8813,1996,12058.0,0.0,2.615364,0.5656939999999999,JPN,SEN,841330
3735664,121,191,8813,1996,10198.0,0.0,0.8946940000000001,1.240424,KOR,SEN,841330
3735665,141,191,8813,1996,1973.0,1565.0,-0.987858,-0.9677040000000001,MLI,SEN,841330
3735666,231,191,8813,1996,21664.0,0.0,1.7110560000000001,1.125141,USA,SEN,841330
3735667,18,215,8813,1996,920.0,0.0,1.549312,1.273767,BEL,TGO,841330
3735668,61,215,8813,1996,3459.0,0.0,2.279976,-2.572299,DEU,TGO,841330
3735669,77,215,8813,1996,12078.0,1352.0,1.69082,0.721312,FRA,TGO,841330
3735670,111,215,8813,1996,2131.0,0.0,1.4674690000000001,1.263362,ITA,TGO,841330
3735671,114,215,8813,1996,1112.0,0.0,2.615364,0.5656939999999999,JPN,TGO,841330
3735672,163,215,8813,1996,480.0,0.0,1.204869,0.303062,NOR,TGO,841330
3735673,231,215,8813,1996,44470.0,0.0,1.7110560000000001,1.125141,USA,TGO,841330
3735674,250,215,8813,1996,0.0,1625.0,1.084978,0.901755,ANS,TGO,841330
3735675,8,223,8813,1996,14833.0,0.0,0.167081,0.433612,ARG,TUN,841330
3735676,15,223,8813,1996,864.0,0.0,1.9216669999999998,0.659388,AUT,TUN,841330
3735677,18,223,8813,1996,147407.0,0.0,1.549312,1.273767,BEL,TUN,841330
3735678,23,223,8813,1996,4157.0,0.0,0.544265,1.523408,BGR,TUN,841330
3735679,32,223,8813,1996,5394.0,0.0,0.699658,1.271724,BRA,TUN,841330
3735680,39,223,8813,1996,37706.0,0.0,1.155706,1.1127049999999998,CAN,TUN,841330
3735681,41,223,8813,1996,37745.0,0.0,2.246238,0.603288,CHE,TUN,841330
3735682,43,223,8813,1996,5428.0,0.0,0.404422,3.061344,CHN,TUN,841330
3735683,59,223,8813,1996,15896.0,0.0,1.401181,1.3094709999999998,CZE,TUN,841330
3735684,61,223,8813,1996,528879.0,0.0,2.279976,-2.572299,DEU,TUN,841330
3735685,64,223,8813,1996,4448.0,0.0,1.443514,1.275684,DNK,TUN,841330
3735686,66,223,8813,1996,675.0,9385.0,-0.33419699999999997,-1.035736,DZA,TUN,841330
3735687,71,223,8813,1996,419281.0,4427.0,1.105317,1.9473,ESP,TUN,841330
3735688,77,223,8813,1996,446951.0,236918.0,1.69082,0.721312,FRA,TUN,841330
3735689,81,223,8813,1996,19976.0,0.0,1.850284,0.883084,GBR,TUN,841330
3735690,102,223,8813,1996,13370.0,0.0,0.790036,1.891534,HUN,TUN,841330
3735691,104,223,8813,1996,1087.0,0.0,0.20685599999999998,2.317622,IND,TUN,841330
3735692,111,223,8813,1996,224286.0,0.0,1.4674690000000001,1.263362,ITA,TUN,841330
3735693,114,223,8813,1996,108179.0,0.0,2.615364,0.5656939999999999,JPN,TUN,841330
3735694,121,223,8813,1996,1744.0,0.0,0.8946940000000001,1.240424,KOR,TUN,841330
3735695,126,223,8813,1996,0.0,150267.0,-0.588489,-1.138552,LBY,TUN,841330
3735696,134,223,8813,1996,871.0,0.0,-0.67314,-0.241242,MAR,TUN,841330
3735697,162,223,8813,1996,36298.0,18831.0,1.256625,1.803132,NLD,TUN,841330
3735698,177,223,8813,1996,1443.0,0.0,0.795489,1.9004729999999999,POL,TUN,841330
3735699,185,223,8813,1996,2661.0,0.0,0.612035,0.880964,ROU,TUN,841330
3735700,186,223,8813,1996,2401.0,0.0,0.900185,0.47723000000000004,RUS,TUN,841330
3735701,208,223,8813,1996,59672.0,0.0,2.133781,0.9099889999999999,SWE,TUN,841330
3735702,224,223,8813,1996,154968.0,0.0,0.156866,1.554023,TUR,TUN,841330
3735703,231,223,8813,1996,322027.0,0.0,1.7110560000000001,1.125141,USA,TUN,841330
3735704,249,223,8813,1996,1950.0,0.0,1.432225,1.675389,TWN,TUN,841330
3735705,7,247,8813,1996,4236.0,0.0,-0.245358,-0.726695,ARE,ZMB,841330
3735706,18,247,8813,1996,2877.0,0.0,1.549312,1.273767,BEL,ZMB,841330
3735707,61,247,8813,1996,44758.0,0.0,2.279976,-2.572299,DEU,ZMB,841330
3735708,64,247,8813,1996,1625.0,0.0,1.443514,1.275684,DNK,ZMB,841330
3735709,74,247,8813,1996,7434.0,0.0,2.0584729999999998,1.006908,FIN,ZMB,841330
3735710,81,247,8813,1996,12474.0,0.0,1.850284,0.883084,GBR,ZMB,841330
3735711,104,247,8813,1996,4329.0,0.0,0.20685599999999998,2.317622,IND,ZMB,841330
3735712,111,247,8813,1996,20376.0,0.0,1.4674690000000001,1.263362,ITA,ZMB,841330
3735713,114,247,8813,1996,24274.0,0.0,2.615364,0.5656939999999999,JPN,ZMB,841330
3735714,121,247,8813,1996,2880.0,0.0,0.8946940000000001,1.240424,KOR,ZMB,841330
3735715,159,247,8813,1996,2100.0,0.0,-1.813359,-1.1967,NGA,ZMB,841330
3735716,162,247,8813,1996,688.0,0.0,1.256625,1.803132,NLD,ZMB,841330
3735717,163,247,8813,1996,911.0,0.0,1.204869,0.303062,NOR,ZMB,841330
3735718,208,247,8813,1996,4071.0,0.0,2.133781,0.9099889999999999,SWE,ZMB,841330
3735719,231,247,8813,1996,6969.0,0.0,1.7110560000000001,1.125141,USA,ZMB,841330
3735720,246,247,8813,1996,127297.0,0.0,0.456593,1.150786,ZAF,ZMB,841330
3735721,248,247,8813,1996,203917.0,0.0,-0.393769,-0.34379,ZWE,ZMB,841330
3735722,250,247,8813,1996,6366.0,0.0,1.084978,0.901755,ANS,ZMB,841330
3735723,28,82,8813,1996,12791.0,0.0,0.7285550000000001,0.660716,BLR,GEO,841330
3735724,61,82,8813,1996,4889.0,0.0,2.279976,-2.572299,DEU,GEO,841330
3735725,64,82,8813,1996,2541.0,0.0,1.443514,1.275684,DNK,GEO,841330
3735726,186,82,8813,1996,34959.0,0.0,0.900185,0.47723000000000004,RUS,GEO,841330
3735727,216,82,8813,1996,0.0,1320.0,0.10120599999999999,1.351967,THA,GEO,841330
3735728,6,120,8813,1996,1089.0,0.0,0.29339,-0.572443,ANT,KNA,841330
3735729,81,120,8813,1996,7889.0,0.0,1.850284,0.883084,GBR,KNA,841330
3735730,114,120,8813,1996,1700.0,0.0,2.615364,0.5656939999999999,JPN,KNA,841330
3735731,231,120,8813,1996,18526.0,3179.0,1.7110560000000001,1.125141,USA,KNA,841330
3735732,15,100,8813,1996,121286.0,0.0,1.9216669999999998,0.659388,AUT,HRV,841330
3735733,18,100,8813,1996,3966.0,0.0,1.549312,1.273767,BEL,HRV,841330
3735734,26,100,8813,1996,205420.0,63279.0,0.679466,0.730425,BIH,HRV,841330
3735735,32,100,8813,1996,4420.0,0.0,0.699658,1.271724,BRA,HRV,841330
3735736,41,100,8813,1996,7595.0,7913.0,2.246238,0.603288,CHE,HRV,841330
3735737,59,100,8813,1996,19825.0,0.0,1.401181,1.3094709999999998,CZE,HRV,841330
3735738,61,100,8813,1996,83720.0,1369.0,2.279976,-2.572299,DEU,HRV,841330
3735739,64,100,8813,1996,125055.0,0.0,1.443514,1.275684,DNK,HRV,841330
3735740,68,100,8813,1996,0.0,47031.0,-0.5446409999999999,-0.229586,EGY,HRV,841330
3735741,71,100,8813,1996,15988.0,0.0,1.105317,1.9473,ESP,HRV,841330
3735742,77,100,8813,1996,2297.0,0.0,1.69082,0.721312,FRA,HRV,841330
3735743,81,100,8813,1996,24472.0,10846.0,1.850284,0.883084,GBR,HRV,841330
3735744,90,100,8813,1996,0.0,40066.0,0.271386,1.042608,GRC,HRV,841330
3735745,102,100,8813,1996,22824.0,5896.0,0.790036,1.891534,HUN,HRV,841330
3735746,104,100,8813,1996,2246.0,0.0,0.20685599999999998,2.317622,IND,HRV,841330
3735747,111,100,8813,1996,528647.0,1682.0,1.4674690000000001,1.263362,ITA,HRV,841330
3735748,114,100,8813,1996,1219.0,0.0,2.615364,0.5656939999999999,JPN,HRV,841330
3735749,121,100,8813,1996,98815.0,0.0,0.8946940000000001,1.240424,KOR,HRV,841330
3735750,140,100,8813,1996,0.0,13975.0,0.316133,0.933068,MKD,HRV,841330
3735751,162,100,8813,1996,2216.0,0.0,1.256625,1.803132,NLD,HRV,841330
3735752,166,100,8813,1996,629.0,0.0,0.49466099999999996,0.8302879999999999,NZL,HRV,841330
3735753,177,100,8813,1996,20524.0,0.0,0.795489,1.9004729999999999,POL,HRV,841330
3735754,185,100,8813,1996,2026.0,0.0,0.612035,0.880964,ROU,HRV,841330
3735755,186,100,8813,1996,1040.0,1970.0,0.900185,0.47723000000000004,RUS,HRV,841330
3735756,206,100,8813,1996,3986.0,0.0,1.189398,1.29167,SVK,HRV,841330
3735757,207,100,8813,1996,267250.0,126176.0,1.409184,1.37245,SVN,HRV,841330
3735758,208,100,8813,1996,1629.0,0.0,2.133781,0.9099889999999999,SWE,HRV,841330
3735759,224,100,8813,1996,0.0,2448.0,0.156866,1.554023,TUR,HRV,841330
3735760,231,100,8813,1996,18087.0,0.0,1.7110560000000001,1.125141,USA,HRV,841330
3735761,15,107,8813,1996,0.0,1539.0,1.9216669999999998,0.659388,AUT,IRN,841330
3735762,18,107,8813,1996,68212.0,0.0,1.549312,1.273767,BEL,IRN,841330
3735763,32,107,8813,1996,423008.0,0.0,0.699658,1.271724,BRA,IRN,841330
3735764,61,107,8813,1996,267566.0,4187.0,2.279976,-2.572299,DEU,IRN,841330
3735765,71,107,8813,1996,3527.0,0.0,1.105317,1.9473,ESP,IRN,841330
3735766,77,107,8813,1996,82304.0,0.0,1.69082,0.721312,FRA,IRN,841330
3735767,81,107,8813,1996,1358800.0,0.0,1.850284,0.883084,GBR,IRN,841330
3735768,102,107,8813,1996,1000.0,0.0,0.790036,1.891534,HUN,IRN,841330
3735769,114,107,8813,1996,155395.0,0.0,2.615364,0.5656939999999999,JPN,IRN,841330
3735770,153,107,8813,1996,0.0,2747.0,0.351774,0.347262,MYS,IRN,841330
3735771,163,107,8813,1996,3919766.0,0.0,1.204869,0.303062,NOR,IRN,841330
3735772,185,107,8813,1996,118000.0,0.0,0.612035,0.880964,ROU,IRN,841330
3735773,188,107,8813,1996,0.0,16978.0,0.215265,-0.8577309999999999,SAU,IRN,841330
3735774,192,107,8813,1996,56867.0,0.0,0.8354299999999999,0.41169799999999995,SGP,IRN,841330
3735775,208,107,8813,1996,8676.0,0.0,2.133781,0.9099889999999999,SWE,IRN,841330
3735776,224,107,8813,1996,0.0,65179.0,0.156866,1.554023,TUR,IRN,841330
3735777,246,107,8813,1996,7547.0,0.0,0.456593,1.150786,ZAF,IRN,841330
3735778,18,113,8813,1996,6804.0,0.0,1.549312,1.273767,BEL,JOR,841330
3735779,32,113,8813,1996,7718.0,0.0,0.699658,1.271724,BRA,JOR,841330
3735780,59,113,8813,1996,18327.0,0.0,1.401181,1.3094709999999998,CZE,JOR,841330
3735781,61,113,8813,1996,366016.0,0.0,2.279976,-2.572299,DEU,JOR,841330
3735782,71,113,8813,1996,30731.0,0.0,1.105317,1.9473,ESP,JOR,841330
3735783,77,113,8813,1996,25622.0,0.0,1.69082,0.721312,FRA,JOR,841330
3735784,81,113,8813,1996,25375.0,0.0,1.850284,0.883084,GBR,JOR,841330
3735785,111,113,8813,1996,126399.0,0.0,1.4674690000000001,1.263362,ITA,JOR,841330
3735786,114,113,8813,1996,943073.0,0.0,2.615364,0.5656939999999999,JPN,JOR,841330
3735787,121,113,8813,1996,10855.0,0.0,0.8946940000000001,1.240424,KOR,JOR,841330
3735788,162,113,8813,1996,2944.0,0.0,1.256625,1.803132,NLD,JOR,841330
3735789,208,113,8813,1996,6518.0,0.0,2.133781,0.9099889999999999,SWE,JOR,841330
3735790,224,113,8813,1996,13963.0,0.0,0.156866,1.554023,TUR,JOR,841330
3735791,231,113,8813,1996,41799.0,0.0,1.7110560000000001,1.125141,USA,JOR,841330
3735792,15,124,8813,1996,6612.0,0.0,1.9216669999999998,0.659388,AUT,LBN,841330
3735793,18,124,8813,1996,3383.0,0.0,1.549312,1.273767,BEL,LBN,841330
3735794,23,124,8813,1996,0.0,4096.0,0.544265,1.523408,BGR,LBN,841330
3735795,32,124,8813,1996,24605.0,0.0,0.699658,1.271724,BRA,LBN,841330
3735796,44,124,8813,1996,0.0,1560.0,-0.8720459999999999,-0.7904479999999999,CIV,LBN,841330
3735797,61,124,8813,1996,1640801.0,0.0,2.279976,-2.572299,DEU,LBN,841330
3735798,71,124,8813,1996,100660.0,0.0,1.105317,1.9473,ESP,LBN,841330
3735799,77,124,8813,1996,89023.0,0.0,1.69082,0.721312,FRA,LBN,841330
3735800,81,124,8813,1996,90049.0,0.0,1.850284,0.883084,GBR,LBN,841330
3735801,111,124,8813,1996,302662.0,0.0,1.4674690000000001,1.263362,ITA,LBN,841330
3735802,114,124,8813,1996,624309.0,0.0,2.615364,0.5656939999999999,JPN,LBN,841330
3735803,121,124,8813,1996,23301.0,0.0,0.8946940000000001,1.240424,KOR,LBN,841330
3735804,162,124,8813,1996,0.0,12946.0,1.256625,1.803132,NLD,LBN,841330
3735805,208,124,8813,1996,34323.0,0.0,2.133781,0.9099889999999999,SWE,LBN,841330
3735806,224,124,8813,1996,20956.0,0.0,0.156866,1.554023,TUR,LBN,841330
3735807,231,124,8813,1996,132397.0,0.0,1.7110560000000001,1.125141,USA,LBN,841330
3735808,61,128,8813,1996,108100.0,1707.0,2.279976,-2.572299,DEU,LKA,841330
3735809,74,128,8813,1996,5980.0,0.0,2.0584729999999998,1.006908,FIN,LKA,841330
3735810,81,128,8813,1996,12905.0,0.0,1.850284,0.883084,GBR,LKA,841330
3735811,103,128,8813,1996,0.0,2921.0,-0.43199899999999997,1.22074,IDN,LKA,841330
3735812,111,128,8813,1996,14416.0,0.0,1.4674690000000001,1.263362,ITA,LKA,841330
3735813,114,128,8813,1996,147420.0,0.0,2.615364,0.5656939999999999,JPN,LKA,841330
3735814,162,128,8813,1996,42453.0,0.0,1.256625,1.803132,NLD,LKA,841330
3735815,192,128,8813,1996,29031.0,0.0,0.8354299999999999,0.41169799999999995,SGP,LKA,841330
3735816,231,128,8813,1996,26461.0,0.0,1.7110560000000001,1.125141,USA,LKA,841330
3735817,23,135,8813,1996,6645.0,0.0,0.544265,1.523408,BGR,MDA,841330
3735818,28,135,8813,1996,21307.0,0.0,0.7285550000000001,0.660716,BLR,MDA,841330
3735819,61,135,8813,1996,1261.0,0.0,2.279976,-2.572299,DEU,MDA,841330
3735820,102,135,8813,1996,5301.0,0.0,0.790036,1.891534,HUN,MDA,841330
3735821,130,135,8813,1996,32455.0,0.0,0.40520500000000004,0.9465950000000001,LTU,MDA,841330
3735822,185,135,8813,1996,11517.0,29116.0,0.612035,0.880964,ROU,MDA,841330
3735823,186,135,8813,1996,102871.0,1789.0,0.900185,0.47723000000000004,RUS,MDA,841330
3735824,228,135,8813,1996,7100.0,3456.0,0.896537,0.9241459999999999,UKR,MDA,841330
3735825,15,140,8813,1996,1756.0,0.0,1.9216669999999998,0.659388,AUT,MKD,841330
3735826,18,140,8813,1996,11858.0,0.0,1.549312,1.273767,BEL,MKD,841330
3735827,23,140,8813,1996,3032.0,12236.0,0.544265,1.523408,BGR,MKD,841330
3735828,26,140,8813,1996,74432.0,15967.0,0.679466,0.730425,BIH,MKD,841330
3735829,39,140,8813,1996,2498.0,0.0,1.155706,1.1127049999999998,CAN,MKD,841330
3735830,61,140,8813,1996,57005.0,0.0,2.279976,-2.572299,DEU,MKD,841330
3735831,64,140,8813,1996,3173.0,0.0,1.443514,1.275684,DNK,MKD,841330
3735832,77,140,8813,1996,4083.0,0.0,1.69082,0.721312,FRA,MKD,841330
3735833,90,140,8813,1996,5144.0,0.0,0.271386,1.042608,GRC,MKD,841330
3735834,100,140,8813,1996,13975.0,0.0,0.772706,1.1075270000000002,HRV,MKD,841330
3735835,102,140,8813,1996,9278.0,0.0,0.790036,1.891534,HUN,MKD,841330
3735836,111,140,8813,1996,22689.0,0.0,1.4674690000000001,1.263362,ITA,MKD,841330
3735837,121,140,8813,1996,5661.0,0.0,0.8946940000000001,1.240424,KOR,MKD,841330
3735838,177,140,8813,1996,1153.0,0.0,0.795489,1.9004729999999999,POL,MKD,841330
3735839,185,140,8813,1996,803.0,0.0,0.612035,0.880964,ROU,MKD,841330
3735840,186,140,8813,1996,766.0,6203.0,0.900185,0.47723000000000004,RUS,MKD,841330
3735841,189,140,8813,1996,41077.0,1372.0,0.786293,2.20126,SCG,MKD,841330
3735842,206,140,8813,1996,4572.0,0.0,1.189398,1.29167,SVK,MKD,841330
3735843,207,140,8813,1996,33969.0,1214.0,1.409184,1.37245,SVN,MKD,841330
3735844,208,140,8813,1996,7927.0,0.0,2.133781,0.9099889999999999,SWE,MKD,841330
3735845,224,140,8813,1996,29946.0,0.0,0.156866,1.554023,TUR,MKD,841330
3735846,228,140,8813,1996,18867.0,0.0,0.896537,0.9241459999999999,UKR,MKD,841330
3735847,231,140,8813,1996,9017.0,0.0,1.7110560000000001,1.125141,USA,MKD,841330
3735848,250,140,8813,1996,1649.0,0.0,1.084978,0.901755,ANS,MKD,841330
3735849,15,189,8813,1996,36099.0,0.0,1.9216669999999998,0.659388,AUT,SCG,841330
3735850,18,189,8813,1996,42026.0,0.0,1.549312,1.273767,BEL,SCG,841330
3735851,23,189,8813,1996,2054.0,136668.0,0.544265,1.523408,BGR,SCG,841330
3735852,26,189,8813,1996,3495.0,46359.0,0.679466,0.730425,BIH,SCG,841330
3735853,41,189,8813,1996,876.0,0.0,2.246238,0.603288,CHE,SCG,841330
3735854,59,189,8813,1996,1707.0,0.0,1.401181,1.3094709999999998,CZE,SCG,841330
3735855,61,189,8813,1996,46436.0,0.0,2.279976,-2.572299,DEU,SCG,841330
3735856,66,189,8813,1996,0.0,1249.0,-0.33419699999999997,-1.035736,DZA,SCG,841330
3735857,77,189,8813,1996,2026.0,0.0,1.69082,0.721312,FRA,SCG,841330
3735858,81,189,8813,1996,5350.0,0.0,1.850284,0.883084,GBR,SCG,841330
3735859,90,189,8813,1996,1771.0,0.0,0.271386,1.042608,GRC,SCG,841330
3735860,102,189,8813,1996,6934.0,4914.0,0.790036,1.891534,HUN,SCG,841330
3735861,111,189,8813,1996,29679.0,0.0,1.4674690000000001,1.263362,ITA,SCG,841330
3735862,140,189,8813,1996,1372.0,41077.0,0.316133,0.933068,MKD,SCG,841330
3735863,177,189,8813,1996,4337.0,0.0,0.795489,1.9004729999999999,POL,SCG,841330
3735864,185,189,8813,1996,890.0,0.0,0.612035,0.880964,ROU,SCG,841330
3735865,186,189,8813,1996,14230.0,222302.0,0.900185,0.47723000000000004,RUS,SCG,841330
3735866,206,189,8813,1996,1589.0,0.0,1.189398,1.29167,SVK,SCG,841330
3735867,207,189,8813,1996,69519.0,7120.0,1.409184,1.37245,SVN,SCG,841330
3735868,208,189,8813,1996,8930.0,0.0,2.133781,0.9099889999999999,SWE,SCG,841330
3735869,231,189,8813,1996,1680.0,0.0,1.7110560000000001,1.125141,USA,SCG,841330
3735870,18,212,8813,1996,34038.0,0.0,1.549312,1.273767,BEL,SYR,841330
3735871,32,212,8813,1996,49622.0,0.0,0.699658,1.271724,BRA,SYR,841330
3735872,59,212,8813,1996,19095.0,0.0,1.401181,1.3094709999999998,CZE,SYR,841330
3735873,61,212,8813,1996,431559.0,0.0,2.279976,-2.572299,DEU,SYR,841330
3735874,71,212,8813,1996,57618.0,0.0,1.105317,1.9473,ESP,SYR,841330
3735875,77,212,8813,1996,82388.0,0.0,1.69082,0.721312,FRA,SYR,841330
3735876,102,212,8813,1996,3000.0,0.0,0.790036,1.891534,HUN,SYR,841330
3735877,111,212,8813,1996,122662.0,0.0,1.4674690000000001,1.263362,ITA,SYR,841330
3735878,114,212,8813,1996,144006.0,0.0,2.615364,0.5656939999999999,JPN,SYR,841330
3735879,121,212,8813,1996,10364.0,0.0,0.8946940000000001,1.240424,KOR,SYR,841330
3735880,185,212,8813,1996,40000.0,0.0,0.612035,0.880964,ROU,SYR,841330
3735881,186,212,8813,1996,2478.0,0.0,0.900185,0.47723000000000004,RUS,SYR,841330
3735882,208,212,8813,1996,30081.0,0.0,2.133781,0.9099889999999999,SWE,SYR,841330
3735883,224,212,8813,1996,42357.0,0.0,0.156866,1.554023,TUR,SYR,841330
3735884,228,212,8813,1996,2050.0,0.0,0.896537,0.9241459999999999,UKR,SYR,841330
3735885,231,212,8813,1996,22678.0,0.0,1.7110560000000001,1.125141,USA,SYR,841330
3735886,8,249,8813,1996,0.0,21682.0,0.167081,0.433612,ARG,TWN,841330
3735887,14,249,8813,1996,32382.0,98377.0,0.369697,0.78069,AUS,TWN,841330
3735888,15,249,8813,1996,2991.0,0.0,1.9216669999999998,0.659388,AUT,TWN,841330
3735889,18,249,8813,1996,23911.0,53462.0,1.549312,1.273767,BEL,TWN,841330
3735890,22,249,8813,1996,0.0,1947.0,-1.060876,-1.05104,BGD,TWN,841330
3735891,23,249,8813,1996,0.0,4109.0,0.544265,1.523408,BGR,TWN,841330
3735892,31,249,8813,1996,0.0,1189.0,-0.589432,-0.7781,BOL,TWN,841330
3735893,32,249,8813,1996,4888.0,67523.0,0.699658,1.271724,BRA,TWN,841330
3735894,39,249,8813,1996,5533.0,454462.0,1.155706,1.1127049999999998,CAN,TWN,841330
3735895,41,249,8813,1996,13838.0,0.0,2.246238,0.603288,CHE,TWN,841330
3735896,42,249,8813,1996,0.0,9225.0,-0.052811000000000004,-0.169464,CHL,TWN,841330
3735897,43,249,8813,1996,2774.0,1258652.0,0.404422,3.061344,CHN,TWN,841330
3735898,44,249,8813,1996,0.0,1708.0,-0.8720459999999999,-0.7904479999999999,CIV,TWN,841330
3735899,49,249,8813,1996,0.0,15364.0,0.136487,0.078743,COL,TWN,841330
3735900,52,249,8813,1996,0.0,26782.0,-0.34219499999999997,0.12221900000000001,CRI,TWN,841330
3735901,59,249,8813,1996,2027.0,0.0,1.401181,1.3094709999999998,CZE,TWN,841330
3735902,61,249,8813,1996,841286.0,23392.0,2.279976,-2.572299,DEU,TWN,841330
3735903,64,249,8813,1996,8892.0,11995.0,1.443514,1.275684,DNK,TWN,841330
3735904,66,249,8813,1996,0.0,60444.0,-0.33419699999999997,-1.035736,DZA,TWN,841330
3735905,67,249,8813,1996,0.0,4325.0,-1.1391200000000001,-0.992735,ECU,TWN,841330
3735906,71,249,8813,1996,127451.0,47911.0,1.105317,1.9473,ESP,TWN,841330
3735907,74,249,8813,1996,10673.0,4414.0,2.0584729999999998,1.006908,FIN,TWN,841330
3735908,77,249,8813,1996,203357.0,44134.0,1.69082,0.721312,FRA,TWN,841330
3735909,81,249,8813,1996,736781.0,899253.0,1.850284,0.883084,GBR,TWN,841330
3735910,90,249,8813,1996,0.0,36233.0,0.271386,1.042608,GRC,TWN,841330
3735911,93,249,8813,1996,0.0,18642.0,-0.332901,0.23790300000000003,GTM,TWN,841330
3735912,97,249,8813,1996,0.0,950201.0,0.54364,2.727659,HKG,TWN,841330
3735913,99,249,8813,1996,0.0,18858.0,-0.69357,-0.48721400000000004,HND,TWN,841330
3735914,103,249,8813,1996,0.0,431622.0,-0.43199899999999997,1.22074,IDN,TWN,841330
3735915,110,249,8813,1996,0.0,71630.0,1.054975,1.072965,ISR,TWN,841330
3735916,111,249,8813,1996,283029.0,45091.0,1.4674690000000001,1.263362,ITA,TWN,841330
3735917,114,249,8813,1996,30074892.0,82888.0,2.615364,0.5656939999999999,JPN,TWN,841330
3735918,121,249,8813,1996,270086.0,117454.0,0.8946940000000001,1.240424,KOR,TWN,841330
3735919,138,249,8813,1996,1978.0,151935.0,0.651949,0.9132170000000001,MEX,TWN,841330
3735920,153,249,8813,1996,4895.0,298691.0,0.351774,0.347262,MYS,TWN,841330
3735921,159,249,8813,1996,0.0,4934.0,-1.813359,-1.1967,NGA,TWN,841330
3735922,160,249,8813,1996,0.0,2014.0,-0.767799,-0.737816,NIC,TWN,841330
3735923,162,249,8813,1996,0.0,12519.0,1.256625,1.803132,NLD,TWN,841330
3735924,163,249,8813,1996,0.0,2218.0,1.204869,0.303062,NOR,TWN,841330
3735925,166,249,8813,1996,0.0,16786.0,0.49466099999999996,0.8302879999999999,NZL,TWN,841330
3735926,173,249,8813,1996,0.0,24183.0,-0.43761000000000005,-0.28077399999999997,PER,TWN,841330
3735927,174,249,8813,1996,0.0,95734.0,-0.276548,0.344986,PHL,TWN,841330
3735928,179,249,8813,1996,0.0,3748.0,0.39343,1.170144,PRT,TWN,841330
3735929,180,249,8813,1996,0.0,2092.0,-0.506178,-0.712851,PRY,TWN,841330
3735930,182,249,8813,1996,0.0,1162.0,0.845308,-0.31763,PYF,TWN,841330
3735931,186,249,8813,1996,0.0,5831.0,0.900185,0.47723000000000004,RUS,TWN,841330
3735932,188,249,8813,1996,0.0,33105.0,0.215265,-0.8577309999999999,SAU,TWN,841330
3735933,192,249,8813,1996,101584.0,421314.0,0.8354299999999999,0.41169799999999995,SGP,TWN,841330
3735934,205,249,8813,1996,0.0,12854.0,-0.93463,-0.797197,SUR,TWN,841330
3735935,208,249,8813,1996,354422.0,1507.0,2.133781,0.9099889999999999,SWE,TWN,841330
3735936,216,249,8813,1996,2039.0,29339.0,0.10120599999999999,1.351967,THA,TWN,841330
3735937,223,249,8813,1996,0.0,1950.0,-0.28546,-0.089051,TUN,TWN,841330
3735938,224,249,8813,1996,0.0,14028.0,0.156866,1.554023,TUR,TWN,841330
3735939,231,249,8813,1996,3139210.0,1570609.0,1.7110560000000001,1.125141,USA,TWN,841330
3735940,236,249,8813,1996,0.0,3829.0,0.07086100000000001,-0.761307,VEN,TWN,841330
3735941,246,249,8813,1996,0.0,41801.0,0.456593,1.150786,ZAF,TWN,841330
3735942,8,250,8813,1996,1432.0,9212266.0,0.167081,0.433612,ARG,ANS,841330
3735943,14,250,8813,1996,4885.0,31598.0,0.369697,0.78069,AUS,ANS,841330
3735944,15,250,8813,1996,2085.0,0.0,1.9216669999999998,0.659388,AUT,ANS,841330
3735945,18,250,8813,1996,10389.0,0.0,1.549312,1.273767,BEL,ANS,841330
3735946,21,250,8813,1996,0.0,1106.0,-0.680996,-0.863442,BFA,ANS,841330
3735947,22,250,8813,1996,0.0,20123.0,-1.060876,-1.05104,BGD,ANS,841330
3735948,23,250,8813,1996,3183.0,0.0,0.544265,1.523408,BGR,ANS,841330
3735949,32,250,8813,1996,2147.0,55748.0,0.699658,1.271724,BRA,ANS,841330
3735950,38,250,8813,1996,0.0,2268.0,-1.408316,-0.8695579999999999,CAF,ANS,841330
3735951,39,250,8813,1996,0.0,247943.0,1.155706,1.1127049999999998,CAN,ANS,841330
3735952,42,250,8813,1996,0.0,58732.0,-0.052811000000000004,-0.169464,CHL,ANS,841330
3735953,44,250,8813,1996,1754.0,0.0,-0.8720459999999999,-0.7904479999999999,CIV,ANS,841330
3735954,45,250,8813,1996,0.0,5452.0,-1.4036309999999999,-1.090633,CMR,ANS,841330
3735955,49,250,8813,1996,1743.0,484860.0,0.136487,0.078743,COL,ANS,841330
3735956,52,250,8813,1996,0.0,1446.0,-0.34219499999999997,0.12221900000000001,CRI,ANS,841330
3735957,58,250,8813,1996,0.0,1470.0,0.20007,0.020590999999999998,CYP,ANS,841330
3735958,59,250,8813,1996,83945.0,216115.0,1.401181,1.3094709999999998,CZE,ANS,841330
3735959,61,250,8813,1996,3220.0,0.0,2.279976,-2.572299,DEU,ANS,841330
3735960,67,250,8813,1996,0.0,14802.0,-1.1391200000000001,-0.992735,ECU,ANS,841330
3735961,68,250,8813,1996,0.0,84323.0,-0.5446409999999999,-0.229586,EGY,ANS,841330
3735962,71,250,8813,1996,42372.0,0.0,1.105317,1.9473,ESP,ANS,841330
3735963,72,250,8813,1996,0.0,5341.0,0.53397,1.0877940000000001,EST,ANS,841330
3735964,74,250,8813,1996,2502.0,0.0,2.0584729999999998,1.006908,FIN,ANS,841330
3735965,77,250,8813,1996,3909.0,12917.0,1.69082,0.721312,FRA,ANS,841330
3735966,91,250,8813,1996,0.0,8413.0,0.285534,-0.37242600000000003,GRD,ANS,841330
3735967,99,250,8813,1996,0.0,1405.0,-0.69357,-0.48721400000000004,HND,ANS,841330
3735968,102,250,8813,1996,19000.0,0.0,0.790036,1.891534,HUN,ANS,841330
3735969,110,250,8813,1996,0.0,45376.0,1.054975,1.072965,ISR,ANS,841330
3735970,112,250,8813,1996,0.0,65983.0,-0.6344350000000001,-0.814916,JAM,ANS,841330
3735971,114,250,8813,1996,55059.0,0.0,2.615364,0.5656939999999999,JPN,ANS,841330
3735972,121,250,8813,1996,5145.0,23966.0,0.8946940000000001,1.240424,KOR,ANS,841330
3735973,132,250,8813,1996,0.0,6524.0,0.33418600000000004,0.1615,LVA,ANS,841330
3735974,136,250,8813,1996,0.0,16122.0,-1.213619,-0.606686,MDG,ANS,841330
3735975,138,250,8813,1996,1469.0,7589.0,0.651949,0.9132170000000001,MEX,ANS,841330
3735976,140,250,8813,1996,0.0,1649.0,0.316133,0.933068,MKD,ANS,841330
3735977,141,250,8813,1996,0.0,1623.0,-0.987858,-0.9677040000000001,MLI,ANS,841330
3735978,142,250,8813,1996,0.0,3250.0,0.8825440000000001,0.066541,MLT,ANS,841330
3735979,151,250,8813,1996,0.0,1693.0,-0.538651,-0.746274,MUS,ANS,841330
3735980,157,250,8813,1996,0.0,49094.0,-0.594771,-0.643008,NER,ANS,841330
3735981,159,250,8813,1996,0.0,25386.0,-1.813359,-1.1967,NGA,ANS,841330
3735982,162,250,8813,1996,1481.0,2372.0,1.256625,1.803132,NLD,ANS,841330
3735983,166,250,8813,1996,2309.0,19602.0,0.49466099999999996,0.8302879999999999,NZL,ANS,841330
3735984,169,250,8813,1996,0.0,346787.0,-0.100537,-0.374129,PAN,ANS,841330
3735985,173,250,8813,1996,0.0,2957.0,-0.43761000000000005,-0.28077399999999997,PER,ANS,841330
3735986,177,250,8813,1996,230070.0,255507.0,0.795489,1.9004729999999999,POL,ANS,841330
3735987,179,250,8813,1996,0.0,1822.0,0.39343,1.170144,PRT,ANS,841330
3735988,185,250,8813,1996,0.0,2565.0,0.612035,0.880964,ROU,ANS,841330
3735989,186,250,8813,1996,1654.0,0.0,0.900185,0.47723000000000004,RUS,ANS,841330
3735990,192,250,8813,1996,12130.0,0.0,0.8354299999999999,0.41169799999999995,SGP,ANS,841330
3735991,206,250,8813,1996,5262.0,15154.0,1.189398,1.29167,SVK,ANS,841330
3735992,208,250,8813,1996,3234.0,4908.0,2.133781,0.9099889999999999,SWE,ANS,841330
3735993,215,250,8813,1996,1625.0,0.0,-0.9070459999999999,-0.7702399999999999,TGO,ANS,841330
3735994,222,250,8813,1996,0.0,3790.0,0.19111,-0.488382,TTO,ANS,841330
3735995,224,250,8813,1996,29681.0,3396.0,0.156866,1.554023,TUR,ANS,841330
3735996,226,250,8813,1996,0.0,1254.0,-1.391534,-0.907436,TZA,ANS,841330
3735997,227,250,8813,1996,0.0,5649.0,-0.931124,-0.925523,UGA,ANS,841330
3735998,230,250,8813,1996,0.0,3217.0,0.171541,0.313934,URY,ANS,841330
3735999,246,250,8813,1996,1017.0,2874.0,0.456593,1.150786,ZAF,ANS,841330
3736000,247,250,8813,1996,0.0,6366.0,-0.340956,-0.714009,ZMB,ANS,841330
3736001,8,54,8813,1996,1201.0,0.0,0.167081,0.433612,ARG,CUB,841330
3736002,18,54,8813,1996,5429.0,0.0,1.549312,1.273767,BEL,CUB,841330
3736003,32,54,8813,1996,30342.0,0.0,0.699658,1.271724,BRA,CUB,841330
3736004,39,54,8813,1996,167275.0,0.0,1.155706,1.1127049999999998,CAN,CUB,841330
3736005,61,54,8813,1996,26099.0,0.0,2.279976,-2.572299,DEU,CUB,841330
3736006,71,54,8813,1996,395965.0,0.0,1.105317,1.9473,ESP,CUB,841330
3736007,77,54,8813,1996,15245.0,0.0,1.69082,0.721312,FRA,CUB,841330
3736008,111,54,8813,1996,2868.0,0.0,1.4674690000000001,1.263362,ITA,CUB,841330
3736009,114,54,8813,1996,26609.0,0.0,2.615364,0.5656939999999999,JPN,CUB,841330
3736010,138,54,8813,1996,23740.0,0.0,0.651949,0.9132170000000001,MEX,CUB,841330
3736011,186,54,8813,1996,818079.0,0.0,0.900185,0.47723000000000004,RUS,CUB,841330
3736012,192,54,8813,1996,1703.0,0.0,0.8354299999999999,0.41169799999999995,SGP,CUB,841330
3736013,208,54,8813,1996,9672.0,0.0,2.133781,0.9099889999999999,SWE,CUB,841330
3736014,18,141,8813,1996,1593.0,0.0,1.549312,1.273767,BEL,MLI,841330
3736015,39,141,8813,1996,1172.0,0.0,1.155706,1.1127049999999998,CAN,MLI,841330
3736016,44,141,8813,1996,1092.0,0.0,-0.8720459999999999,-0.7904479999999999,CIV,MLI,841330
3736017,61,141,8813,1996,12401.0,0.0,2.279976,-2.572299,DEU,MLI,841330
3736018,71,141,8813,1996,13359.0,0.0,1.105317,1.9473,ESP,MLI,841330
3736019,77,141,8813,1996,110437.0,6894.0,1.69082,0.721312,FRA,MLI,841330
3736020,81,141,8813,1996,2486.0,0.0,1.850284,0.883084,GBR,MLI,841330
3736021,104,141,8813,1996,1268.0,0.0,0.20685599999999998,2.317622,IND,MLI,841330
3736022,114,141,8813,1996,12878.0,0.0,2.615364,0.5656939999999999,JPN,MLI,841330
3736023,191,141,8813,1996,1565.0,1973.0,-0.619785,-0.712171,SEN,MLI,841330
3736024,231,141,8813,1996,5286.0,0.0,1.7110560000000001,1.125141,USA,MLI,841330
3736025,250,141,8813,1996,1623.0,0.0,1.084978,0.901755,ANS,MLI,841330
3736026,18,168,8813,1996,12177.0,0.0,1.549312,1.273767,BEL,PAK,841330
3736027,32,168,8813,1996,1825.0,0.0,0.699658,1.271724,BRA,PAK,841330
3736028,39,168,8813,1996,142487.0,0.0,1.155706,1.1127049999999998,CAN,PAK,841330
3736029,61,168,8813,1996,77766.0,0.0,2.279976,-2.572299,DEU,PAK,841330
3736030,71,168,8813,1996,12171.0,0.0,1.105317,1.9473,ESP,PAK,841330
3736031,74,168,8813,1996,9038.0,0.0,2.0584729999999998,1.006908,FIN,PAK,841330
3736032,81,168,8813,1996,26498.0,0.0,1.850284,0.883084,GBR,PAK,841330
3736033,111,168,8813,1996,187403.0,0.0,1.4674690000000001,1.263362,ITA,PAK,841330
3736034,114,168,8813,1996,2011393.0,0.0,2.615364,0.5656939999999999,JPN,PAK,841330
3736035,121,168,8813,1996,87812.0,0.0,0.8946940000000001,1.240424,KOR,PAK,841330
3736036,153,168,8813,1996,0.0,41488.0,0.351774,0.347262,MYS,PAK,841330
3736037,186,168,8813,1996,1439.0,0.0,0.900185,0.47723000000000004,RUS,PAK,841330
3736038,192,168,8813,1996,51482.0,0.0,0.8354299999999999,0.41169799999999995,SGP,PAK,841330
3736039,208,168,8813,1996,2983.0,0.0,2.133781,0.9099889999999999,SWE,PAK,841330
3736040,216,168,8813,1996,26132.0,0.0,0.10120599999999999,1.351967,THA,PAK,841330
3736041,224,168,8813,1996,29737.0,0.0,0.156866,1.554023,TUR,PAK,841330
3736042,231,168,8813,1996,27210.0,0.0,1.7110560000000001,1.125141,USA,PAK,841330
3736043,22,178,8813,1996,0.0,16292.0,-1.060876,-1.05104,BGD,PRK,841330
3736044,42,178,8813,1996,0.0,1213.0,-0.052811000000000004,-0.169464,CHL,PRK,841330
3736045,49,178,8813,1996,0.0,3852.0,0.136487,0.078743,COL,PRK,841330
3736046,61,178,8813,1996,19820.0,0.0,2.279976,-2.572299,DEU,PRK,841330
3736047,67,178,8813,1996,0.0,4772.0,-1.1391200000000001,-0.992735,ECU,PRK,841330
3736048,81,178,8813,1996,7065.0,0.0,1.850284,0.883084,GBR,PRK,841330
3736049,83,178,8813,1996,0.0,17671.0,-1.035244,-0.9834129999999999,GHA,PRK,841330
3736050,99,178,8813,1996,0.0,8672.0,-0.69357,-0.48721400000000004,HND,PRK,841330
3736051,102,178,8813,1996,2000.0,0.0,0.790036,1.891534,HUN,PRK,841330
3736052,103,178,8813,1996,0.0,1755.0,-0.43199899999999997,1.22074,IDN,PRK,841330
3736053,112,178,8813,1996,0.0,1486.0,-0.6344350000000001,-0.814916,JAM,PRK,841330
3736054,114,178,8813,1996,97406.0,0.0,2.615364,0.5656939999999999,JPN,PRK,841330
3736055,138,178,8813,1996,0.0,3167.0,0.651949,0.9132170000000001,MEX,PRK,841330
3736056,160,178,8813,1996,0.0,1987.0,-0.767799,-0.737816,NIC,PRK,841330
3736057,246,178,8813,1996,0.0,2740.0,0.456593,1.150786,ZAF,PRK,841330
3736058,43,239,8813,1996,7052.0,0.0,0.404422,3.061344,CHN,VNM,841330
3736059,59,239,8813,1996,8933.0,0.0,1.401181,1.3094709999999998,CZE,VNM,841330
3736060,61,239,8813,1996,6145.0,0.0,2.279976,-2.572299,DEU,VNM,841330
3736061,77,239,8813,1996,165032.0,0.0,1.69082,0.721312,FRA,VNM,841330
3736062,81,239,8813,1996,1245.0,0.0,1.850284,0.883084,GBR,VNM,841330
3736063,111,239,8813,1996,1124.0,0.0,1.4674690000000001,1.263362,ITA,VNM,841330
3736064,114,239,8813,1996,54619.0,0.0,2.615364,0.5656939999999999,JPN,VNM,841330
3736065,153,239,8813,1996,2040.0,2179.0,0.351774,0.347262,MYS,VNM,841330
3736066,186,239,8813,1996,64370.0,0.0,0.900185,0.47723000000000004,RUS,VNM,841330
3736067,192,239,8813,1996,174740.0,2022.0,0.8354299999999999,0.41169799999999995,SGP,VNM,841330
3736068,216,239,8813,1996,157371.0,0.0,0.10120599999999999,1.351967,THA,VNM,841330
3736069,228,239,8813,1996,45163.0,0.0,0.896537,0.9241459999999999,UKR,VNM,841330
3736070,231,239,8813,1996,162705.0,0.0,1.7110560000000001,1.125141,USA,VNM,841330
3736071,39,29,8813,1996,695.0,0.0,1.155706,1.1127049999999998,CAN,BLZ,841330
3736072,81,29,8813,1996,28312.0,0.0,1.850284,0.883084,GBR,BLZ,841330
3736073,93,29,8813,1996,1600.0,0.0,-0.332901,0.23790300000000003,GTM,BLZ,841330
3736074,114,29,8813,1996,2444.0,0.0,2.615364,0.5656939999999999,JPN,BLZ,841330
3736075,169,29,8813,1996,1227.0,0.0,-0.100537,-0.374129,PAN,BLZ,841330
3736076,231,29,8813,1996,16275.0,5795.0,1.7110560000000001,1.125141,USA,BLZ,841330
3736077,8,31,8813,1996,4181.0,7351.0,0.167081,0.433612,ARG,BOL,841330
3736078,18,31,8813,1996,871.0,0.0,1.549312,1.273767,BEL,BOL,841330
3736079,32,31,8813,1996,309974.0,0.0,0.699658,1.271724,BRA,BOL,841330
3736080,39,31,8813,1996,1067.0,0.0,1.155706,1.1127049999999998,CAN,BOL,841330
3736081,41,31,8813,1996,3414.0,0.0,2.246238,0.603288,CHE,BOL,841330
3736082,42,31,8813,1996,2743.0,0.0,-0.052811000000000004,-0.169464,CHL,BOL,841330
3736083,61,31,8813,1996,5871.0,0.0,2.279976,-2.572299,DEU,BOL,841330
3736084,64,31,8813,1996,1038.0,0.0,1.443514,1.275684,DNK,BOL,841330
3736085,81,31,8813,1996,1509.0,0.0,1.850284,0.883084,GBR,BOL,841330
3736086,111,31,8813,1996,8033.0,0.0,1.4674690000000001,1.263362,ITA,BOL,841330
3736087,114,31,8813,1996,9870.0,0.0,2.615364,0.5656939999999999,JPN,BOL,841330
3736088,121,31,8813,1996,4490.0,0.0,0.8946940000000001,1.240424,KOR,BOL,841330
3736089,138,31,8813,1996,12856.0,3635.0,0.651949,0.9132170000000001,MEX,BOL,841330
3736090,162,31,8813,1996,1181.0,0.0,1.256625,1.803132,NLD,BOL,841330
3736091,169,31,8813,1996,2771.0,0.0,-0.100537,-0.374129,PAN,BOL,841330
3736092,173,31,8813,1996,2005.0,0.0,-0.43761000000000005,-0.28077399999999997,PER,BOL,841330
3736093,208,31,8813,1996,9968.0,0.0,2.133781,0.9099889999999999,SWE,BOL,841330
3736094,231,31,8813,1996,11003.0,0.0,1.7110560000000001,1.125141,USA,BOL,841330
3736095,249,31,8813,1996,1189.0,0.0,1.432225,1.675389,TWN,BOL,841330
3736096,81,63,8813,1996,6250.0,0.0,1.850284,0.883084,GBR,DMA,841330
3736097,114,63,8813,1996,13394.0,0.0,2.615364,0.5656939999999999,JPN,DMA,841330
3736098,222,63,8813,1996,747.0,0.0,0.19111,-0.488382,TTO,DMA,841330
3736099,231,63,8813,1996,20961.0,0.0,1.7110560000000001,1.125141,USA,DMA,841330
3736100,39,91,8813,1996,1939.0,0.0,1.155706,1.1127049999999998,CAN,GRD,841330
3736101,77,91,8813,1996,1167.0,0.0,1.69082,0.721312,FRA,GRD,841330
3736102,81,91,8813,1996,14406.0,0.0,1.850284,0.883084,GBR,GRD,841330
3736103,114,91,8813,1996,5332.0,0.0,2.615364,0.5656939999999999,JPN,GRD,841330
3736104,121,91,8813,1996,1961.0,0.0,0.8946940000000001,1.240424,KOR,GRD,841330
3736105,231,91,8813,1996,18259.0,0.0,1.7110560000000001,1.125141,USA,GRD,841330
3736106,250,91,8813,1996,8413.0,0.0,1.084978,0.901755,ANS,GRD,841330
3736107,61,101,8813,1996,16283.0,0.0,2.279976,-2.572299,DEU,HTI,841330
3736108,64,101,8813,1996,3069.0,0.0,1.443514,1.275684,DNK,HTI,841330
3736109,114,101,8813,1996,57336.0,0.0,2.615364,0.5656939999999999,JPN,HTI,841330
3736110,138,101,8813,1996,2577.0,0.0,0.651949,0.9132170000000001,MEX,HTI,841330
3736111,231,101,8813,1996,8660.0,0.0,1.7110560000000001,1.125141,USA,HTI,841330
3736112,8,112,8813,1996,7379.0,0.0,0.167081,0.433612,ARG,JAM,841330
3736113,15,112,8813,1996,697.0,0.0,1.9216669999999998,0.659388,AUT,JAM,841330
3736114,32,112,8813,1996,3407.0,0.0,0.699658,1.271724,BRA,JAM,841330
3736115,39,112,8813,1996,1540.0,0.0,1.155706,1.1127049999999998,CAN,JAM,841330
3736116,41,112,8813,1996,3765.0,0.0,2.246238,0.603288,CHE,JAM,841330
3736117,61,112,8813,1996,18522.0,0.0,2.279976,-2.572299,DEU,JAM,841330
3736118,67,112,8813,1996,0.0,1637.0,-1.1391200000000001,-0.992735,ECU,JAM,841330
3736119,71,112,8813,1996,1176.0,0.0,1.105317,1.9473,ESP,JAM,841330
3736120,74,112,8813,1996,83769.0,0.0,2.0584729999999998,1.006908,FIN,JAM,841330
3736121,77,112,8813,1996,2964.0,0.0,1.69082,0.721312,FRA,JAM,841330
3736122,81,112,8813,1996,19965.0,12620.0,1.850284,0.883084,GBR,JAM,841330
3736123,111,112,8813,1996,1847.0,0.0,1.4674690000000001,1.263362,ITA,JAM,841330
3736124,114,112,8813,1996,62600.0,0.0,2.615364,0.5656939999999999,JPN,JAM,841330
3736125,163,112,8813,1996,1266.0,0.0,1.204869,0.303062,NOR,JAM,841330
3736126,169,112,8813,1996,22109.0,0.0,-0.100537,-0.374129,PAN,JAM,841330
3736127,178,112,8813,1996,1486.0,0.0,0.725014,1.20189,PRK,JAM,841330
3736128,208,112,8813,1996,6449.0,0.0,2.133781,0.9099889999999999,SWE,JAM,841330
3736129,228,112,8813,1996,3271.0,0.0,0.896537,0.9241459999999999,UKR,JAM,841330
3736130,231,112,8813,1996,48596.0,0.0,1.7110560000000001,1.125141,USA,JAM,841330
3736131,236,112,8813,1996,1069.0,0.0,0.07086100000000001,-0.761307,VEN,JAM,841330
3736132,250,112,8813,1996,65983.0,0.0,1.084978,0.901755,ANS,JAM,841330
3736133,39,127,8813,1996,569.0,0.0,1.155706,1.1127049999999998,CAN,LCA,841330
3736134,61,127,8813,1996,11741.0,0.0,2.279976,-2.572299,DEU,LCA,841330
3736135,81,127,8813,1996,28409.0,0.0,1.850284,0.883084,GBR,LCA,841330
3736136,114,127,8813,1996,32329.0,0.0,2.615364,0.5656939999999999,JPN,LCA,841330
3736137,121,127,8813,1996,12704.0,0.0,0.8946940000000001,1.240424,KOR,LCA,841330
3736138,231,127,8813,1996,2442.0,1891.0,1.7110560000000001,1.125141,USA,LCA,841330
3736139,32,160,8813,1996,2147.0,0.0,0.699658,1.271724,BRA,NIC,841330
3736140,39,160,8813,1996,6155.0,0.0,1.155706,1.1127049999999998,CAN,NIC,841330
3736141,61,160,8813,1996,4905.0,0.0,2.279976,-2.572299,DEU,NIC,841330
3736142,64,160,8813,1996,1769.0,0.0,1.443514,1.275684,DNK,NIC,841330
3736143,71,160,8813,1996,76037.0,0.0,1.105317,1.9473,ESP,NIC,841330
3736144,77,160,8813,1996,1147.0,0.0,1.69082,0.721312,FRA,NIC,841330
3736145,81,160,8813,1996,2405.0,0.0,1.850284,0.883084,GBR,NIC,841330
3736146,111,160,8813,1996,3806.0,0.0,1.4674690000000001,1.263362,ITA,NIC,841330
3736147,114,160,8813,1996,7550.0,0.0,2.615364,0.5656939999999999,JPN,NIC,841330
3736148,121,160,8813,1996,1441.0,0.0,0.8946940000000001,1.240424,KOR,NIC,841330
3736149,138,160,8813,1996,1446.0,0.0,0.651949,0.9132170000000001,MEX,NIC,841330
3736150,169,160,8813,1996,28466.0,15073.0,-0.100537,-0.374129,PAN,NIC,841330
3736151,178,160,8813,1996,1987.0,0.0,0.725014,1.20189,PRK,NIC,841330
3736152,186,160,8813,1996,5336.0,0.0,0.900185,0.47723000000000004,RUS,NIC,841330
3736153,208,160,8813,1996,1219.0,0.0,2.133781,0.9099889999999999,SWE,NIC,841330
3736154,231,160,8813,1996,87727.0,0.0,1.7110560000000001,1.125141,USA,NIC,841330
3736155,249,160,8813,1996,2014.0,0.0,1.432225,1.675389,TWN,NIC,841330
3736156,32,197,8813,1996,8658.0,0.0,0.699658,1.271724,BRA,SLV,841330
3736157,39,197,8813,1996,1084.0,0.0,1.155706,1.1127049999999998,CAN,SLV,841330
3736158,41,197,8813,1996,1521.0,0.0,2.246238,0.603288,CHE,SLV,841330
3736159,49,197,8813,1996,0.0,7457.0,0.136487,0.078743,COL,SLV,841330
3736160,61,197,8813,1996,4343.0,0.0,2.279976,-2.572299,DEU,SLV,841330
3736161,74,197,8813,1996,9147.0,0.0,2.0584729999999998,1.006908,FIN,SLV,841330
3736162,81,197,8813,1996,5314.0,0.0,1.850284,0.883084,GBR,SLV,841330
3736163,93,197,8813,1996,1016.0,0.0,-0.332901,0.23790300000000003,GTM,SLV,841330
3736164,111,197,8813,1996,1684.0,0.0,1.4674690000000001,1.263362,ITA,SLV,841330
3736165,114,197,8813,1996,294151.0,0.0,2.615364,0.5656939999999999,JPN,SLV,841330
3736166,121,197,8813,1996,9159.0,0.0,0.8946940000000001,1.240424,KOR,SLV,841330
3736167,138,197,8813,1996,5967.0,0.0,0.651949,0.9132170000000001,MEX,SLV,841330
3736168,169,197,8813,1996,11794.0,972.0,-0.100537,-0.374129,PAN,SLV,841330
3736169,208,197,8813,1996,1783.0,0.0,2.133781,0.9099889999999999,SWE,SLV,841330
3736170,231,197,8813,1996,488531.0,4618.0,1.7110560000000001,1.125141,USA,SLV,841330
3736171,7,227,8813,1996,85643.0,0.0,-0.245358,-0.726695,ARE,UGA,841330
3736172,15,227,8813,1996,538.0,0.0,1.9216669999999998,0.659388,AUT,UGA,841330
3736173,18,227,8813,1996,6513.0,0.0,1.549312,1.273767,BEL,UGA,841330
3736174,41,227,8813,1996,844.0,0.0,2.246238,0.603288,CHE,UGA,841330
3736175,61,227,8813,1996,6186.0,0.0,2.279976,-2.572299,DEU,UGA,841330
3736176,64,227,8813,1996,3304.0,0.0,1.443514,1.275684,DNK,UGA,841330
3736177,77,227,8813,1996,7551.0,0.0,1.69082,0.721312,FRA,UGA,841330
3736178,81,227,8813,1996,5155.0,760.0,1.850284,0.883084,GBR,UGA,841330
3736179,104,227,8813,1996,7783.0,0.0,0.20685599999999998,2.317622,IND,UGA,841330
3736180,111,227,8813,1996,4167.0,0.0,1.4674690000000001,1.263362,ITA,UGA,841330
3736181,114,227,8813,1996,53022.0,0.0,2.615364,0.5656939999999999,JPN,UGA,841330
3736182,231,227,8813,1996,4691.0,0.0,1.7110560000000001,1.125141,USA,UGA,841330
3736183,246,227,8813,1996,1980.0,0.0,0.456593,1.150786,ZAF,UGA,841330
3736184,250,227,8813,1996,5649.0,0.0,1.084978,0.901755,ANS,UGA,841330
3736185,114,234,8813,1996,5627.0,1116.0,2.615364,0.5656939999999999,JPN,VCT,841330
3736186,190,234,8813,1996,0.0,1414.0,-1.4146459999999998,-1.181707,SDN,VCT,841330
3736187,18,17,8813,1996,8574.0,0.0,1.549312,1.273767,BEL,BDI,841330
3736188,61,17,8813,1996,1077.0,0.0,2.279976,-2.572299,DEU,BDI,841330
3736189,77,17,8813,1996,1540.0,0.0,1.69082,0.721312,FRA,BDI,841330
3736190,111,17,8813,1996,3082.0,0.0,1.4674690000000001,1.263362,ITA,BDI,841330
3736191,114,17,8813,1996,4292.0,0.0,2.615364,0.5656939999999999,JPN,BDI,841330
3736192,77,50,8813,1996,29157.0,2400.0,1.69082,0.721312,FRA,COM,841330
3736193,114,50,8813,1996,2078.0,0.0,2.615364,0.5656939999999999,JPN,COM,841330
3736194,208,50,8813,1996,3149.0,0.0,2.133781,0.9099889999999999,SWE,COM,841330
3736195,18,85,8813,1996,1805.0,0.0,1.549312,1.273767,BEL,GIN,841330
3736196,32,85,8813,1996,2025.0,0.0,0.699658,1.271724,BRA,GIN,841330
3736197,41,85,8813,1996,1989.0,0.0,2.246238,0.603288,CHE,GIN,841330
3736198,77,85,8813,1996,83854.0,0.0,1.69082,0.721312,FRA,GIN,841330
3736199,111,85,8813,1996,1050.0,0.0,1.4674690000000001,1.263362,ITA,GIN,841330
3736200,114,85,8813,1996,11708.0,0.0,2.615364,0.5656939999999999,JPN,GIN,841330
3736201,121,85,8813,1996,4033.0,0.0,0.8946940000000001,1.240424,KOR,GIN,841330
3736202,186,85,8813,1996,1240.0,0.0,0.900185,0.47723000000000004,RUS,GIN,841330
3736203,61,87,8813,1996,1967.0,0.0,2.279976,-2.572299,DEU,GMB,841330
3736204,77,87,8813,1996,10512.0,0.0,1.69082,0.721312,FRA,GMB,841330
3736205,81,87,8813,1996,5181.0,0.0,1.850284,0.883084,GBR,GMB,841330
3736206,114,87,8813,1996,2054.0,0.0,2.615364,0.5656939999999999,JPN,GMB,841330
3736207,208,87,8813,1996,3173.0,0.0,2.133781,0.9099889999999999,SWE,GMB,841330
3736208,15,109,8813,1996,2549.0,0.0,1.9216669999999998,0.659388,AUT,ISL,841330
3736209,18,109,8813,1996,7036.0,0.0,1.549312,1.273767,BEL,ISL,841330
3736210,23,109,8813,1996,0.0,3698.0,0.544265,1.523408,BGR,ISL,841330
3736211,32,109,8813,1996,345.0,0.0,0.699658,1.271724,BRA,ISL,841330
3736212,41,109,8813,1996,5442.0,0.0,2.246238,0.603288,CHE,ISL,841330
3736213,59,109,8813,1996,4236.0,0.0,1.401181,1.3094709999999998,CZE,ISL,841330
3736214,61,109,8813,1996,55043.0,15045.0,2.279976,-2.572299,DEU,ISL,841330
3736215,64,109,8813,1996,1250.0,0.0,1.443514,1.275684,DNK,ISL,841330
3736216,71,109,8813,1996,807.0,0.0,1.105317,1.9473,ESP,ISL,841330
3736217,74,109,8813,1996,33639.0,0.0,2.0584729999999998,1.006908,FIN,ISL,841330
3736218,77,109,8813,1996,956.0,2334.0,1.69082,0.721312,FRA,ISL,841330
3736219,81,109,8813,1996,959.0,0.0,1.850284,0.883084,GBR,ISL,841330
3736220,111,109,8813,1996,14178.0,0.0,1.4674690000000001,1.263362,ITA,ISL,841330
3736221,114,109,8813,1996,5864.0,0.0,2.615364,0.5656939999999999,JPN,ISL,841330
3736222,121,109,8813,1996,793.0,0.0,0.8946940000000001,1.240424,KOR,ISL,841330
3736223,162,109,8813,1996,38515.0,0.0,1.256625,1.803132,NLD,ISL,841330
3736224,163,109,8813,1996,3679.0,0.0,1.204869,0.303062,NOR,ISL,841330
3736225,186,109,8813,1996,594.0,0.0,0.900185,0.47723000000000004,RUS,ISL,841330
3736226,208,109,8813,1996,19720.0,0.0,2.133781,0.9099889999999999,SWE,ISL,841330
3736227,231,109,8813,1996,11261.0,0.0,1.7110560000000001,1.125141,USA,ISL,841330
3736228,61,133,8813,1996,722.0,0.0,2.279976,-2.572299,DEU,MAC,841330
3736229,97,133,8813,1996,6385.0,22443.0,0.54364,2.727659,HKG,MAC,841330
3736230,114,133,8813,1996,1048.0,0.0,2.615364,0.5656939999999999,JPN,MAC,841330
3736231,231,133,8813,1996,1586.0,3078.0,1.7110560000000001,1.125141,USA,MAC,841330
3736232,15,136,8813,1996,1566.0,0.0,1.9216669999999998,0.659388,AUT,MDG,841330
3736233,18,136,8813,1996,1591.0,0.0,1.549312,1.273767,BEL,MDG,841330
3736234,32,136,8813,1996,1598.0,0.0,0.699658,1.271724,BRA,MDG,841330
3736235,59,136,8813,1996,1182.0,0.0,1.401181,1.3094709999999998,CZE,MDG,841330
3736236,61,136,8813,1996,19986.0,0.0,2.279976,-2.572299,DEU,MDG,841330
3736237,71,136,8813,1996,7039.0,0.0,1.105317,1.9473,ESP,MDG,841330
3736238,77,136,8813,1996,134501.0,43061.0,1.69082,0.721312,FRA,MDG,841330
3736239,81,136,8813,1996,5469.0,0.0,1.850284,0.883084,GBR,MDG,841330
3736240,104,136,8813,1996,2604.0,0.0,0.20685599999999998,2.317622,IND,MDG,841330
3736241,111,136,8813,1996,5106.0,0.0,1.4674690000000001,1.263362,ITA,MDG,841330
3736242,114,136,8813,1996,21462.0,0.0,2.615364,0.5656939999999999,JPN,MDG,841330
3736243,151,136,8813,1996,1211.0,0.0,-0.538651,-0.746274,MUS,MDG,841330
3736244,162,136,8813,1996,5089.0,0.0,1.256625,1.803132,NLD,MDG,841330
3736245,231,136,8813,1996,35020.0,0.0,1.7110560000000001,1.125141,USA,MDG,841330
3736246,246,136,8813,1996,1444.0,0.0,0.456593,1.150786,ZAF,MDG,841330
3736247,250,136,8813,1996,16122.0,0.0,1.084978,0.901755,ANS,MDG,841330
3736248,74,137,8813,1996,2076.0,0.0,2.0584729999999998,1.006908,FIN,MDV,841330
3736249,114,137,8813,1996,15687.0,0.0,2.615364,0.5656939999999999,JPN,MDV,841330
3736250,192,137,8813,1996,24299.0,1175.0,0.8354299999999999,0.41169799999999995,SGP,MDV,841330
3736251,41,151,8813,1996,1437.0,0.0,2.246238,0.603288,CHE,MUS,841330
3736252,61,151,8813,1996,31022.0,1831.0,2.279976,-2.572299,DEU,MUS,841330
3736253,77,151,8813,1996,67718.0,0.0,1.69082,0.721312,FRA,MUS,841330
3736254,81,151,8813,1996,40073.0,0.0,1.850284,0.883084,GBR,MUS,841330
3736255,104,151,8813,1996,2645.0,0.0,0.20685599999999998,2.317622,IND,MUS,841330
3736256,111,151,8813,1996,15418.0,0.0,1.4674690000000001,1.263362,ITA,MUS,841330
3736257,114,151,8813,1996,27809.0,0.0,2.615364,0.5656939999999999,JPN,MUS,841330
3736258,136,151,8813,1996,0.0,1211.0,-1.213619,-0.606686,MDG,MUS,841330
3736259,153,151,8813,1996,2292.0,0.0,0.351774,0.347262,MYS,MUS,841330
3736260,192,151,8813,1996,1915.0,0.0,0.8354299999999999,0.41169799999999995,SGP,MUS,841330
3736261,228,151,8813,1996,5664.0,0.0,0.896537,0.9241459999999999,UKR,MUS,841330
3736262,231,151,8813,1996,2316.0,8732.0,1.7110560000000001,1.125141,USA,MUS,841330
3736263,246,151,8813,1996,34155.0,0.0,0.456593,1.150786,ZAF,MUS,841330
3736264,250,151,8813,1996,1693.0,0.0,1.084978,0.901755,ANS,MUS,841330
3736265,81,152,8813,1996,1369.0,1009.0,1.850284,0.883084,GBR,MWI,841330
3736266,111,152,8813,1996,1089.0,0.0,1.4674690000000001,1.263362,ITA,MWI,841330
3736267,114,152,8813,1996,23491.0,0.0,2.615364,0.5656939999999999,JPN,MWI,841330
3736268,162,152,8813,1996,3230.0,0.0,1.256625,1.803132,NLD,MWI,841330
3736269,246,152,8813,1996,14854.0,0.0,0.456593,1.150786,ZAF,MWI,841330
3736270,7,159,8813,1996,101401.0,0.0,-0.245358,-0.726695,ARE,NGA,841330
3736271,15,159,8813,1996,21754.0,0.0,1.9216669999999998,0.659388,AUT,NGA,841330
3736272,18,159,8813,1996,16435.0,0.0,1.549312,1.273767,BEL,NGA,841330
3736273,32,159,8813,1996,107819.0,0.0,0.699658,1.271724,BRA,NGA,841330
3736274,43,159,8813,1996,77837.0,0.0,0.404422,3.061344,CHN,NGA,841330
3736275,44,159,8813,1996,6281.0,0.0,-0.8720459999999999,-0.7904479999999999,CIV,NGA,841330
3736276,61,159,8813,1996,404323.0,0.0,2.279976,-2.572299,DEU,NGA,841330
3736277,71,159,8813,1996,5718.0,0.0,1.105317,1.9473,ESP,NGA,841330
3736278,77,159,8813,1996,1027756.0,22665.0,1.69082,0.721312,FRA,NGA,841330
3736279,80,159,8813,1996,0.0,1341.0,-1.693615,-1.174433,GAB,NGA,841330
3736280,81,159,8813,1996,24495.0,2357.0,1.850284,0.883084,GBR,NGA,841330
3736281,83,159,8813,1996,59670.0,0.0,-1.035244,-0.9834129999999999,GHA,NGA,841330
3736282,97,159,8813,1996,3446.0,0.0,0.54364,2.727659,HKG,NGA,841330
3736283,104,159,8813,1996,29002.0,0.0,0.20685599999999998,2.317622,IND,NGA,841330
3736284,111,159,8813,1996,53376.0,0.0,1.4674690000000001,1.263362,ITA,NGA,841330
3736285,114,159,8813,1996,552158.0,0.0,2.615364,0.5656939999999999,JPN,NGA,841330
3736286,121,159,8813,1996,119233.0,0.0,0.8946940000000001,1.240424,KOR,NGA,841330
3736287,157,159,8813,1996,0.0,4050.0,-0.594771,-0.643008,NER,NGA,841330
3736288,162,159,8813,1996,48054.0,0.0,1.256625,1.803132,NLD,NGA,841330
3736289,192,159,8813,1996,4190.0,0.0,0.8354299999999999,0.41169799999999995,SGP,NGA,841330
3736290,208,159,8813,1996,820.0,0.0,2.133781,0.9099889999999999,SWE,NGA,841330
3736291,216,159,8813,1996,1864.0,0.0,0.10120599999999999,1.351967,THA,NGA,841330
3736292,224,159,8813,1996,40387.0,0.0,0.156866,1.554023,TUR,NGA,841330
3736293,231,159,8813,1996,41070.0,0.0,1.7110560000000001,1.125141,USA,NGA,841330
3736294,247,159,8813,1996,0.0,2100.0,-0.340956,-0.714009,ZMB,NGA,841330
3736295,249,159,8813,1996,4934.0,0.0,1.432225,1.675389,TWN,NGA,841330
3736296,250,159,8813,1996,25386.0,0.0,1.084978,0.901755,ANS,NGA,841330
3736297,7,187,8813,1996,10598.0,0.0,-0.245358,-0.726695,ARE,RWA,841330
3736298,18,187,8813,1996,9671.0,0.0,1.549312,1.273767,BEL,RWA,841330
3736299,61,187,8813,1996,3384.0,0.0,2.279976,-2.572299,DEU,RWA,841330
3736300,81,187,8813,1996,819.0,0.0,1.850284,0.883084,GBR,RWA,841330
3736301,111,187,8813,1996,3761.0,0.0,1.4674690000000001,1.263362,ITA,RWA,841330
3736302,114,187,8813,1996,8147.0,0.0,2.615364,0.5656939999999999,JPN,RWA,841330
3736303,18,211,8813,1996,992.0,0.0,1.549312,1.273767,BEL,SYC,841330
3736304,41,211,8813,1996,694.0,0.0,2.246238,0.603288,CHE,SYC,841330
3736305,61,211,8813,1996,9976.0,0.0,2.279976,-2.572299,DEU,SYC,841330
3736306,77,211,8813,1996,1254.0,0.0,1.69082,0.721312,FRA,SYC,841330
3736307,81,211,8813,1996,15053.0,0.0,1.850284,0.883084,GBR,SYC,841330
3736308,106,211,8813,1996,1469.0,0.0,1.386011,0.9232100000000001,IRL,SYC,841330
3736309,111,211,8813,1996,6097.0,0.0,1.4674690000000001,1.263362,ITA,SYC,841330
3736310,114,211,8813,1996,9477.0,0.0,2.615364,0.5656939999999999,JPN,SYC,841330
3736311,192,211,8813,1996,4834.0,0.0,0.8354299999999999,0.41169799999999995,SGP,SYC,841330
3736312,246,211,8813,1996,15266.0,0.0,0.456593,1.150786,ZAF,SYC,841330
3736313,7,226,8813,1996,16007.0,0.0,-0.245358,-0.726695,ARE,TZA,841330
3736314,18,226,8813,1996,1627.0,0.0,1.549312,1.273767,BEL,TZA,841330
3736315,32,226,8813,1996,851.0,0.0,0.699658,1.271724,BRA,TZA,841330
3736316,39,226,8813,1996,1783.0,0.0,1.155706,1.1127049999999998,CAN,TZA,841330
3736317,61,226,8813,1996,36136.0,0.0,2.279976,-2.572299,DEU,TZA,841330
3736318,64,226,8813,1996,1597.0,0.0,1.443514,1.275684,DNK,TZA,841330
3736319,74,226,8813,1996,136613.0,0.0,2.0584729999999998,1.006908,FIN,TZA,841330
3736320,77,226,8813,1996,1117.0,0.0,1.69082,0.721312,FRA,TZA,841330
3736321,81,226,8813,1996,1021.0,0.0,1.850284,0.883084,GBR,TZA,841330
3736322,104,226,8813,1996,4418.0,0.0,0.20685599999999998,2.317622,IND,TZA,841330
3736323,111,226,8813,1996,9540.0,0.0,1.4674690000000001,1.263362,ITA,TZA,841330
3736324,114,226,8813,1996,32374.0,0.0,2.615364,0.5656939999999999,JPN,TZA,841330
3736325,116,226,8813,1996,10606.0,0.0,-0.468322,-0.017625,KEN,TZA,841330
3736326,121,226,8813,1996,30309.0,0.0,0.8946940000000001,1.240424,KOR,TZA,841330
3736327,162,226,8813,1996,13293.0,0.0,1.256625,1.803132,NLD,TZA,841330
3736328,163,226,8813,1996,3475.0,0.0,1.204869,0.303062,NOR,TZA,841330
3736329,192,226,8813,1996,7875.0,0.0,0.8354299999999999,0.41169799999999995,SGP,TZA,841330
3736330,208,226,8813,1996,3984.0,0.0,2.133781,0.9099889999999999,SWE,TZA,841330
3736331,216,226,8813,1996,3587.0,0.0,0.10120599999999999,1.351967,THA,TZA,841330
3736332,231,226,8813,1996,7469.0,0.0,1.7110560000000001,1.125141,USA,TZA,841330
3736333,246,226,8813,1996,1977.0,0.0,0.456593,1.150786,ZAF,TZA,841330
3736334,250,226,8813,1996,1254.0,0.0,1.084978,0.901755,ANS,TZA,841330
3736335,14,2,8813,1996,3127.0,0.0,0.369697,0.78069,AUS,AGO,841330
3736336,18,2,8813,1996,2554.0,0.0,1.549312,1.273767,BEL,AGO,841330
3736337,32,2,8813,1996,23802.0,0.0,0.699658,1.271724,BRA,AGO,841330
3736338,61,2,8813,1996,36874.0,0.0,2.279976,-2.572299,DEU,AGO,841330
3736339,64,2,8813,1996,2869.0,0.0,1.443514,1.275684,DNK,AGO,841330
3736340,71,2,8813,1996,36867.0,0.0,1.105317,1.9473,ESP,AGO,841330
3736341,77,2,8813,1996,34013.0,0.0,1.69082,0.721312,FRA,AGO,841330
3736342,81,2,8813,1996,1678.0,0.0,1.850284,0.883084,GBR,AGO,841330
3736343,111,2,8813,1996,2611.0,0.0,1.4674690000000001,1.263362,ITA,AGO,841330
3736344,114,2,8813,1996,9437.0,0.0,2.615364,0.5656939999999999,JPN,AGO,841330
3736345,162,2,8813,1996,3155.0,0.0,1.256625,1.803132,NLD,AGO,841330
3736346,179,2,8813,1996,64266.0,2245.0,0.39343,1.170144,PRT,AGO,841330
3736347,186,2,8813,1996,324846.0,0.0,0.900185,0.47723000000000004,RUS,AGO,841330
3736348,208,2,8813,1996,2142.0,0.0,2.133781,0.9099889999999999,SWE,AGO,841330
3736349,246,2,8813,1996,9922.0,0.0,0.456593,1.150786,ZAF,AGO,841330
3736350,18,4,8813,1996,761.0,0.0,1.549312,1.273767,BEL,ALB,841330
3736351,23,4,8813,1996,1773.0,0.0,0.544265,1.523408,BGR,ALB,841330
3736352,59,4,8813,1996,1060.0,0.0,1.401181,1.3094709999999998,CZE,ALB,841330
3736353,61,4,8813,1996,2287.0,0.0,2.279976,-2.572299,DEU,ALB,841330
3736354,90,4,8813,1996,19738.0,0.0,0.271386,1.042608,GRC,ALB,841330
3736355,111,4,8813,1996,35965.0,0.0,1.4674690000000001,1.263362,ITA,ALB,841330
3736356,224,4,8813,1996,7440.0,0.0,0.156866,1.554023,TUR,ALB,841330
3736357,231,4,8813,1996,3817.0,0.0,1.7110560000000001,1.125141,USA,ALB,841330
3736358,32,6,8813,1996,4084.0,0.0,0.699658,1.271724,BRA,ANT,841330
3736359,61,6,8813,1996,2799.0,0.0,2.279976,-2.572299,DEU,ANT,841330
3736360,64,6,8813,1996,4477.0,0.0,1.443514,1.275684,DNK,ANT,841330
3736361,114,6,8813,1996,130202.0,0.0,2.615364,0.5656939999999999,JPN,ANT,841330
3736362,120,6,8813,1996,0.0,1089.0,0.546384,-0.463373,KNA,ANT,841330
3736363,162,6,8813,1996,80549.0,2974.0,1.256625,1.803132,NLD,ANT,841330
3736364,231,6,8813,1996,18281.0,0.0,1.7110560000000001,1.125141,USA,ANT,841330
3736365,14,7,8813,1996,16667.0,0.0,0.369697,0.78069,AUS,ARE,841330
3736366,18,7,8813,1996,57420.0,0.0,1.549312,1.273767,BEL,ARE,841330
3736367,32,7,8813,1996,41306.0,0.0,0.699658,1.271724,BRA,ARE,841330
3736368,41,7,8813,1996,5220.0,0.0,2.246238,0.603288,CHE,ARE,841330
3736369,43,7,8813,1996,25212.0,0.0,0.404422,3.061344,CHN,ARE,841330
3736370,61,7,8813,1996,1788236.0,25230.0,2.279976,-2.572299,DEU,ARE,841330
3736371,64,7,8813,1996,9257.0,0.0,1.443514,1.275684,DNK,ARE,841330
3736372,66,7,8813,1996,0.0,4267.0,-0.33419699999999997,-1.035736,DZA,ARE,841330
3736373,68,7,8813,1996,0.0,1955.0,-0.5446409999999999,-0.229586,EGY,ARE,841330
3736374,71,7,8813,1996,16729.0,0.0,1.105317,1.9473,ESP,ARE,841330
3736375,74,7,8813,1996,29797.0,0.0,2.0584729999999998,1.006908,FIN,ARE,841330
3736376,77,7,8813,1996,107540.0,0.0,1.69082,0.721312,FRA,ARE,841330
3736377,81,7,8813,1996,41675.0,22999.0,1.850284,0.883084,GBR,ARE,841330
3736378,97,7,8813,1996,0.0,85460.0,0.54364,2.727659,HKG,ARE,841330
3736379,102,7,8813,1996,2000.0,0.0,0.790036,1.891534,HUN,ARE,841330
3736380,104,7,8813,1996,33047.0,10809.0,0.20685599999999998,2.317622,IND,ARE,841330
3736381,111,7,8813,1996,354901.0,64825.0,1.4674690000000001,1.263362,ITA,ARE,841330
3736382,114,7,8813,1996,9114438.0,11058.0,2.615364,0.5656939999999999,JPN,ARE,841330
3736383,121,7,8813,1996,293959.0,0.0,0.8946940000000001,1.240424,KOR,ARE,841330
3736384,153,7,8813,1996,27402.0,0.0,0.351774,0.347262,MYS,ARE,841330
3736385,159,7,8813,1996,0.0,101401.0,-1.813359,-1.1967,NGA,ARE,841330
3736386,162,7,8813,1996,10765.0,3967.0,1.256625,1.803132,NLD,ARE,841330
3736387,163,7,8813,1996,17605.0,0.0,1.204869,0.303062,NOR,ARE,841330
3736388,185,7,8813,1996,1000.0,11844.0,0.612035,0.880964,ROU,ARE,841330
3736389,187,7,8813,1996,0.0,10598.0,0.07343,-0.520246,RWA,ARE,841330
3736390,188,7,8813,1996,0.0,12007.0,0.215265,-0.8577309999999999,SAU,ARE,841330
3736391,192,7,8813,1996,214492.0,10626.0,0.8354299999999999,0.41169799999999995,SGP,ARE,841330
3736392,208,7,8813,1996,163033.0,1875.0,2.133781,0.9099889999999999,SWE,ARE,841330
3736393,224,7,8813,1996,74966.0,0.0,0.156866,1.554023,TUR,ARE,841330
3736394,226,7,8813,1996,0.0,16007.0,-1.391534,-0.907436,TZA,ARE,841330
3736395,227,7,8813,1996,0.0,85643.0,-0.931124,-0.925523,UGA,ARE,841330
3736396,228,7,8813,1996,0.0,7797.0,0.896537,0.9241459999999999,UKR,ARE,841330
3736397,231,7,8813,1996,1211202.0,0.0,1.7110560000000001,1.125141,USA,ARE,841330
3736398,247,7,8813,1996,0.0,4236.0,-0.340956,-0.714009,ZMB,ARE,841330
3736399,81,13,8813,1996,1599.0,4549.0,1.850284,0.883084,GBR,ATG,841330
3736400,114,13,8813,1996,10868.0,0.0,2.615364,0.5656939999999999,JPN,ATG,841330
3736401,231,13,8813,1996,8188.0,0.0,1.7110560000000001,1.125141,USA,ATG,841330
3736402,111,19,8813,1996,12349.0,0.0,1.4674690000000001,1.263362,ITA,BEN,841330
3736403,14,21,8813,1996,1941.0,0.0,0.369697,0.78069,AUS,BFA,841330
3736404,18,21,8813,1996,4835.0,0.0,1.549312,1.273767,BEL,BFA,841330
3736405,39,21,8813,1996,935.0,0.0,1.155706,1.1127049999999998,CAN,BFA,841330
3736406,44,21,8813,1996,5809.0,564.0,-0.8720459999999999,-0.7904479999999999,CIV,BFA,841330
3736407,61,21,8813,1996,770.0,0.0,2.279976,-2.572299,DEU,BFA,841330
3736408,64,21,8813,1996,2920.0,0.0,1.443514,1.275684,DNK,BFA,841330
3736409,77,21,8813,1996,31839.0,0.0,1.69082,0.721312,FRA,BFA,841330
3736410,81,21,8813,1996,5854.0,0.0,1.850284,0.883084,GBR,BFA,841330
3736411,111,21,8813,1996,5812.0,0.0,1.4674690000000001,1.263362,ITA,BFA,841330
3736412,114,21,8813,1996,3347.0,0.0,2.615364,0.5656939999999999,JPN,BFA,841330
3736413,177,21,8813,1996,821.0,0.0,0.795489,1.9004729999999999,POL,BFA,841330
3736414,231,21,8813,1996,45424.0,0.0,1.7110560000000001,1.125141,USA,BFA,841330
3736415,250,21,8813,1996,1106.0,0.0,1.084978,0.901755,ANS,BFA,841330
3736416,15,24,8813,1996,1617.0,0.0,1.9216669999999998,0.659388,AUT,BHR,841330
3736417,18,24,8813,1996,1632.0,0.0,1.549312,1.273767,BEL,BHR,841330
3736418,61,24,8813,1996,194659.0,8057.0,2.279976,-2.572299,DEU,BHR,841330
3736419,77,24,8813,1996,4108.0,0.0,1.69082,0.721312,FRA,BHR,841330
3736420,81,24,8813,1996,4653.0,0.0,1.850284,0.883084,GBR,BHR,841330
3736421,111,24,8813,1996,14425.0,0.0,1.4674690000000001,1.263362,ITA,BHR,841330
3736422,114,24,8813,1996,522842.0,0.0,2.615364,0.5656939999999999,JPN,BHR,841330
3736423,121,24,8813,1996,5657.0,0.0,0.8946940000000001,1.240424,KOR,BHR,841330
3736424,179,24,8813,1996,1061.0,0.0,0.39343,1.170144,PRT,BHR,841330
3736425,192,24,8813,1996,3515.0,0.0,0.8354299999999999,0.41169799999999995,SGP,BHR,841330
3736426,208,24,8813,1996,7305.0,0.0,2.133781,0.9099889999999999,SWE,BHR,841330
3736427,231,24,8813,1996,54670.0,0.0,1.7110560000000001,1.125141,USA,BHR,841330
3736428,39,25,8813,1996,0.0,3893.0,1.155706,1.1127049999999998,CAN,BHS,841330
3736429,114,25,8813,1996,44678.0,0.0,2.615364,0.5656939999999999,JPN,BHS,841330
3736430,138,25,8813,1996,2521.0,0.0,0.651949,0.9132170000000001,MEX,BHS,841330
3736431,228,25,8813,1996,1591.0,0.0,0.896537,0.9241459999999999,UKR,BHS,841330
3736432,231,25,8813,1996,588270.0,1891.0,1.7110560000000001,1.125141,USA,BHS,841330
3736433,15,26,8813,1996,18497.0,0.0,1.9216669999999998,0.659388,AUT,BIH,841330
3736434,59,26,8813,1996,1033.0,0.0,1.401181,1.3094709999999998,CZE,BIH,841330
3736435,61,26,8813,1996,23061.0,327324.0,2.279976,-2.572299,DEU,BIH,841330
3736436,68,26,8813,1996,0.0,186884.0,-0.5446409999999999,-0.229586,EGY,BIH,841330
3736437,77,26,8813,1996,6059.0,0.0,1.69082,0.721312,FRA,BIH,841330
3736438,100,26,8813,1996,63279.0,205420.0,0.772706,1.1075270000000002,HRV,BIH,841330
3736439,111,26,8813,1996,24863.0,271132.0,1.4674690000000001,1.263362,ITA,BIH,841330
3736440,140,26,8813,1996,15967.0,74432.0,0.316133,0.933068,MKD,BIH,841330
3736441,189,26,8813,1996,46359.0,3495.0,0.786293,2.20126,SCG,BIH,841330
3736442,207,26,8813,1996,20344.0,49826.0,1.409184,1.37245,SVN,BIH,841330
3736443,224,26,8813,1996,0.0,130036.0,0.156866,1.554023,TUR,BIH,841330
3736444,246,26,8813,1996,0.0,120709.0,0.456593,1.150786,ZAF,BIH,841330
3736445,14,28,8813,1996,0.0,1333.0,0.369697,0.78069,AUS,BLR,841330
3736446,18,28,8813,1996,7196.0,0.0,1.549312,1.273767,BEL,BLR,841330
3736447,23,28,8813,1996,0.0,3532.0,0.544265,1.523408,BGR,BLR,841330
3736448,59,28,8813,1996,53657.0,3587.0,1.401181,1.3094709999999998,CZE,BLR,841330
3736449,61,28,8813,1996,50811.0,9244.0,2.279976,-2.572299,DEU,BLR,841330
3736450,72,28,8813,1996,0.0,2171.0,0.53397,1.0877940000000001,EST,BLR,841330
3736451,77,28,8813,1996,3519.0,0.0,1.69082,0.721312,FRA,BLR,841330
3736452,82,28,8813,1996,0.0,12791.0,0.5383020000000001,0.167596,GEO,BLR,841330
3736453,102,28,8813,1996,32000.0,30842.0,0.790036,1.891534,HUN,BLR,841330
3736454,111,28,8813,1996,3246.0,0.0,1.4674690000000001,1.263362,ITA,BLR,841330
3736455,114,28,8813,1996,7064.0,0.0,2.615364,0.5656939999999999,JPN,BLR,841330
3736456,130,28,8813,1996,1648306.0,51718.0,0.40520500000000004,0.9465950000000001,LTU,BLR,841330
3736457,135,28,8813,1996,0.0,21307.0,0.198427,0.026004000000000003,MDA,BLR,841330
3736458,177,28,8813,1996,66261.0,0.0,0.795489,1.9004729999999999,POL,BLR,841330
3736459,179,28,8813,1996,0.0,3660.0,0.39343,1.170144,PRT,BLR,841330
3736460,185,28,8813,1996,3000.0,11923.0,0.612035,0.880964,ROU,BLR,841330
3736461,188,28,8813,1996,0.0,1749.0,0.215265,-0.8577309999999999,SAU,BLR,841330
3736462,206,28,8813,1996,5547.0,3696.0,1.189398,1.29167,SVK,BLR,841330
3736463,207,28,8813,1996,6019.0,0.0,1.409184,1.37245,SVN,BLR,841330
3736464,224,28,8813,1996,0.0,2498.0,0.156866,1.554023,TUR,BLR,841330
3736465,228,28,8813,1996,317646.0,178955.0,0.896537,0.9241459999999999,UKR,BLR,841330
3736466,231,28,8813,1996,0.0,11123.0,1.7110560000000001,1.125141,USA,BLR,841330
3736467,39,33,8813,1996,0.0,17129.0,1.155706,1.1127049999999998,CAN,BRB,841330
3736468,61,33,8813,1996,2114.0,0.0,2.279976,-2.572299,DEU,BRB,841330
3736469,81,33,8813,1996,7881.0,20342.0,1.850284,0.883084,GBR,BRB,841330
3736470,114,33,8813,1996,69312.0,0.0,2.615364,0.5656939999999999,JPN,BRB,841330
3736471,231,33,8813,1996,46857.0,0.0,1.7110560000000001,1.125141,USA,BRB,841330
3736472,61,34,8813,1996,41409.0,0.0,2.279976,-2.572299,DEU,BRN,841330
3736473,81,34,8813,1996,43954.0,0.0,1.850284,0.883084,GBR,BRN,841330
3736474,114,34,8813,1996,6485.0,0.0,2.615364,0.5656939999999999,JPN,BRN,841330
3736475,153,34,8813,1996,5200.0,0.0,0.351774,0.347262,MYS,BRN,841330
3736476,192,34,8813,1996,103254.0,0.0,0.8354299999999999,0.41169799999999995,SGP,BRN,841330
3736477,208,34,8813,1996,1663.0,0.0,2.133781,0.9099889999999999,SWE,BRN,841330
3736478,18,46,8813,1996,40697.0,0.0,1.549312,1.273767,BEL,COD,841330
3736479,32,46,8813,1996,3705.0,0.0,0.699658,1.271724,BRA,COD,841330
3736480,41,46,8813,1996,1749.0,0.0,2.246238,0.603288,CHE,COD,841330
3736481,61,46,8813,1996,15389.0,8097.0,2.279976,-2.572299,DEU,COD,841330
3736482,64,46,8813,1996,2432.0,0.0,1.443514,1.275684,DNK,COD,841330
3736483,77,46,8813,1996,5498.0,0.0,1.69082,0.721312,FRA,COD,841330
3736484,114,46,8813,1996,21216.0,0.0,2.615364,0.5656939999999999,JPN,COD,841330
3736485,162,46,8813,1996,3014.0,0.0,1.256625,1.803132,NLD,COD,841330
3736486,179,46,8813,1996,2955.0,0.0,0.39343,1.170144,PRT,COD,841330
3736487,231,46,8813,1996,5344.0,0.0,1.7110560000000001,1.125141,USA,COD,841330
3736488,246,46,8813,1996,99717.0,0.0,0.456593,1.150786,ZAF,COD,841330
3736489,61,47,8813,1996,3467.0,0.0,2.279976,-2.572299,DEU,COG,841330
3736490,77,47,8813,1996,7643.0,0.0,1.69082,0.721312,FRA,COG,841330
3736491,111,47,8813,1996,3543.0,0.0,1.4674690000000001,1.263362,ITA,COG,841330
3736492,114,47,8813,1996,6784.0,0.0,2.615364,0.5656939999999999,JPN,COG,841330
3736493,61,51,8813,1996,15759.0,0.0,2.279976,-2.572299,DEU,CPV,841330
3736494,71,51,8813,1996,1543.0,0.0,1.105317,1.9473,ESP,CPV,841330
3736495,179,51,8813,1996,14658.0,2049.0,0.39343,1.170144,PRT,CPV,841330
3736496,61,69,8813,1996,11839.0,0.0,2.279976,-2.572299,DEU,ERI,841330
3736497,111,69,8813,1996,12179.0,0.0,1.4674690000000001,1.263362,ITA,ERI,841330
3736498,114,69,8813,1996,53376.0,0.0,2.615364,0.5656939999999999,JPN,ERI,841330
3736499,61,84,8813,1996,1345.0,0.0,2.279976,-2.572299,DEU,GIB,841330
3736500,114,84,8813,1996,1875.0,0.0,2.615364,0.5656939999999999,JPN,GIB,841330
3736501,162,84,8813,1996,2220.0,0.0,1.256625,1.803132,NLD,GIB,841330
3736502,71,89,8813,1996,1117.0,0.0,1.105317,1.9473,ESP,GNQ,841330
3736503,80,89,8813,1996,26341.0,0.0,-1.693615,-1.174433,GAB,GNQ,841330
3736504,231,89,8813,1996,0.0,3445.0,1.7110560000000001,1.125141,USA,GNQ,841330
3736505,32,96,8813,1996,3772.0,0.0,0.699658,1.271724,BRA,GUY,841330
3736506,77,96,8813,1996,3133.0,0.0,1.69082,0.721312,FRA,GUY,841330
3736507,111,96,8813,1996,2848.0,0.0,1.4674690000000001,1.263362,ITA,GUY,841330
3736508,114,96,8813,1996,1883.0,0.0,2.615364,0.5656939999999999,JPN,GUY,841330
3736509,222,96,8813,1996,1642.0,0.0,0.19111,-0.488382,TTO,GUY,841330
3736510,231,96,8813,1996,15238.0,65220.0,1.7110560000000001,1.125141,USA,GUY,841330
3736511,16,115,8813,1996,0.0,4036.0,0.500442,-0.280796,AZE,KAZ,841330
3736512,59,115,8813,1996,3070.0,0.0,1.401181,1.3094709999999998,CZE,KAZ,841330
3736513,61,115,8813,1996,102122.0,0.0,2.279976,-2.572299,DEU,KAZ,841330
3736514,102,115,8813,1996,12955.0,0.0,0.790036,1.891534,HUN,KAZ,841330
3736515,114,115,8813,1996,6065.0,0.0,2.615364,0.5656939999999999,JPN,KAZ,841330
3736516,130,115,8813,1996,29375.0,0.0,0.40520500000000004,0.9465950000000001,LTU,KAZ,841330
3736517,186,115,8813,1996,1761116.0,18815.0,0.900185,0.47723000000000004,RUS,KAZ,841330
3736518,206,115,8813,1996,1268.0,0.0,1.189398,1.29167,SVK,KAZ,841330
3736519,228,115,8813,1996,10721.0,2867.0,0.896537,0.9241459999999999,UKR,KAZ,841330
3736520,8,116,8813,1996,3761.0,0.0,0.167081,0.433612,ARG,KEN,841330
3736521,18,116,8813,1996,16558.0,0.0,1.549312,1.273767,BEL,KEN,841330
3736522,39,116,8813,1996,2171.0,0.0,1.155706,1.1127049999999998,CAN,KEN,841330
3736523,61,116,8813,1996,74093.0,0.0,2.279976,-2.572299,DEU,KEN,841330
3736524,77,116,8813,1996,25246.0,0.0,1.69082,0.721312,FRA,KEN,841330
3736525,81,116,8813,1996,110832.0,0.0,1.850284,0.883084,GBR,KEN,841330
3736526,111,116,8813,1996,126030.0,1958.0,1.4674690000000001,1.263362,ITA,KEN,841330
3736527,114,116,8813,1996,376081.0,0.0,2.615364,0.5656939999999999,JPN,KEN,841330
3736528,162,116,8813,1996,13772.0,0.0,1.256625,1.803132,NLD,KEN,841330
3736529,192,116,8813,1996,9455.0,0.0,0.8354299999999999,0.41169799999999995,SGP,KEN,841330
3736530,208,116,8813,1996,9774.0,0.0,2.133781,0.9099889999999999,SWE,KEN,841330
3736531,216,116,8813,1996,6215.0,0.0,0.10120599999999999,1.351967,THA,KEN,841330
3736532,224,116,8813,1996,4363.0,0.0,0.156866,1.554023,TUR,KEN,841330
3736533,226,116,8813,1996,0.0,10606.0,-1.391534,-0.907436,TZA,KEN,841330
3736534,246,116,8813,1996,2830.0,0.0,0.456593,1.150786,ZAF,KEN,841330
3736535,18,122,8813,1996,4173.0,0.0,1.549312,1.273767,BEL,KWT,841330
3736536,61,122,8813,1996,840275.0,0.0,2.279976,-2.572299,DEU,KWT,841330
3736537,77,122,8813,1996,2346.0,0.0,1.69082,0.721312,FRA,KWT,841330
3736538,81,122,8813,1996,0.0,35478.0,1.850284,0.883084,GBR,KWT,841330
3736539,111,122,8813,1996,141450.0,0.0,1.4674690000000001,1.263362,ITA,KWT,841330
3736540,114,122,8813,1996,1401736.0,1621.0,2.615364,0.5656939999999999,JPN,KWT,841330
3736541,153,122,8813,1996,8485.0,0.0,0.351774,0.347262,MYS,KWT,841330
3736542,162,122,8813,1996,15362.0,0.0,1.256625,1.803132,NLD,KWT,841330
3736543,188,122,8813,1996,1335.0,0.0,0.215265,-0.8577309999999999,SAU,KWT,841330
3736544,192,122,8813,1996,47371.0,0.0,0.8354299999999999,0.41169799999999995,SGP,KWT,841330
3736545,208,122,8813,1996,21142.0,0.0,2.133781,0.9099889999999999,SWE,KWT,841330
3736546,231,122,8813,1996,839221.0,0.0,1.7110560000000001,1.125141,USA,KWT,841330
3736547,61,125,8813,1996,1513.0,0.0,2.279976,-2.572299,DEU,LBR,841330
3736548,114,125,8813,1996,126425.0,0.0,2.615364,0.5656939999999999,JPN,LBR,841330
3736549,15,126,8813,1996,134856.0,0.0,1.9216669999999998,0.659388,AUT,LBY,841330
3736550,18,126,8813,1996,9814.0,0.0,1.549312,1.273767,BEL,LBY,841330
3736551,39,126,8813,1996,2625.0,0.0,1.155706,1.1127049999999998,CAN,LBY,841330
3736552,61,126,8813,1996,133435.0,4340.0,2.279976,-2.572299,DEU,LBY,841330
3736553,71,126,8813,1996,33486.0,0.0,1.105317,1.9473,ESP,LBY,841330
3736554,77,126,8813,1996,413402.0,0.0,1.69082,0.721312,FRA,LBY,841330
3736555,81,126,8813,1996,37610.0,43646.0,1.850284,0.883084,GBR,LBY,841330
3736556,102,126,8813,1996,47000.0,0.0,0.790036,1.891534,HUN,LBY,841330
3736557,111,126,8813,1996,188461.0,0.0,1.4674690000000001,1.263362,ITA,LBY,841330
3736558,114,126,8813,1996,229382.0,0.0,2.615364,0.5656939999999999,JPN,LBY,841330
3736559,121,126,8813,1996,41418.0,0.0,0.8946940000000001,1.240424,KOR,LBY,841330
3736560,134,126,8813,1996,7720.0,0.0,-0.67314,-0.241242,MAR,LBY,841330
3736561,192,126,8813,1996,1467.0,0.0,0.8354299999999999,0.41169799999999995,SGP,LBY,841330
3736562,208,126,8813,1996,20211.0,0.0,2.133781,0.9099889999999999,SWE,LBY,841330
3736563,223,126,8813,1996,150267.0,0.0,-0.28546,-0.089051,TUN,LBY,841330
3736564,224,126,8813,1996,6624.0,0.0,0.156866,1.554023,TUR,LBY,841330
3736565,18,147,8813,1996,2080.0,0.0,1.549312,1.273767,BEL,MOZ,841330
3736566,32,147,8813,1996,3312.0,0.0,0.699658,1.271724,BRA,MOZ,841330
3736567,61,147,8813,1996,11615.0,0.0,2.279976,-2.572299,DEU,MOZ,841330
3736568,64,147,8813,1996,8255.0,0.0,1.443514,1.275684,DNK,MOZ,841330
3736569,81,147,8813,1996,1985.0,0.0,1.850284,0.883084,GBR,MOZ,841330
3736570,111,147,8813,1996,1713.0,0.0,1.4674690000000001,1.263362,ITA,MOZ,841330
3736571,114,147,8813,1996,14543.0,0.0,2.615364,0.5656939999999999,JPN,MOZ,841330
3736572,179,147,8813,1996,3490.0,0.0,0.39343,1.170144,PRT,MOZ,841330
3736573,208,147,8813,1996,10746.0,0.0,2.133781,0.9099889999999999,SWE,MOZ,841330
3736574,246,147,8813,1996,66074.0,0.0,0.456593,1.150786,ZAF,MOZ,841330
3736575,18,148,8813,1996,2271.0,0.0,1.549312,1.273767,BEL,MRT,841330
3736576,61,148,8813,1996,12833.0,0.0,2.279976,-2.572299,DEU,MRT,841330
3736577,71,148,8813,1996,3977.0,0.0,1.105317,1.9473,ESP,MRT,841330
3736578,77,148,8813,1996,1174.0,2463.0,1.69082,0.721312,FRA,MRT,841330
3736579,114,148,8813,1996,15746.0,0.0,2.615364,0.5656939999999999,JPN,MRT,841330
3736580,18,183,8813,1996,6412.0,0.0,1.549312,1.273767,BEL,QAT,841330
3736581,32,183,8813,1996,11028.0,0.0,0.699658,1.271724,BRA,QAT,841330
3736582,61,183,8813,1996,156460.0,0.0,2.279976,-2.572299,DEU,QAT,841330
3736583,64,183,8813,1996,30094.0,0.0,1.443514,1.275684,DNK,QAT,841330
3736584,77,183,8813,1996,21505.0,0.0,1.69082,0.721312,FRA,QAT,841330
3736585,81,183,8813,1996,7253.0,29048.0,1.850284,0.883084,GBR,QAT,841330
3736586,111,183,8813,1996,23630.0,0.0,1.4674690000000001,1.263362,ITA,QAT,841330
3736587,114,183,8813,1996,207758.0,0.0,2.615364,0.5656939999999999,JPN,QAT,841330
3736588,121,183,8813,1996,2433.0,0.0,0.8946940000000001,1.240424,KOR,QAT,841330
3736589,162,183,8813,1996,3554.0,0.0,1.256625,1.803132,NLD,QAT,841330
3736590,192,183,8813,1996,2906.0,0.0,0.8354299999999999,0.41169799999999995,SGP,QAT,841330
3736591,208,183,8813,1996,5908.0,0.0,2.133781,0.9099889999999999,SWE,QAT,841330
3736592,231,183,8813,1996,180138.0,0.0,1.7110560000000001,1.125141,USA,QAT,841330
3736593,15,232,8813,1996,145708.0,0.0,1.9216669999999998,0.659388,AUT,UZB,841330
3736594,61,232,8813,1996,130611.0,0.0,2.279976,-2.572299,DEU,UZB,841330
3736595,77,232,8813,1996,8209.0,0.0,1.69082,0.721312,FRA,UZB,841330
3736596,102,232,8813,1996,134000.0,0.0,0.790036,1.891534,HUN,UZB,841330
3736597,114,232,8813,1996,2179.0,0.0,2.615364,0.5656939999999999,JPN,UZB,841330
3736598,130,232,8813,1996,1029937.0,0.0,0.40520500000000004,0.9465950000000001,LTU,UZB,841330
3736599,186,232,8813,1996,1365399.0,0.0,0.900185,0.47723000000000004,RUS,UZB,841330
3736600,224,232,8813,1996,22190.0,0.0,0.156866,1.554023,TUR,UZB,841330
3736601,228,232,8813,1996,352565.0,0.0,0.896537,0.9241459999999999,UKR,UZB,841330
3736602,231,232,8813,1996,4220.0,0.0,1.7110560000000001,1.125141,USA,UZB,841330
3736603,14,240,8813,1996,0.0,3423.0,0.369697,0.78069,AUS,VUT,841330
3736604,114,240,8813,1996,5657.0,0.0,2.615364,0.5656939999999999,JPN,VUT,841330
3736605,166,240,8813,1996,2678.0,0.0,0.49466099999999996,0.8302879999999999,NZL,VUT,841330
3736606,18,243,8813,1996,10877.0,0.0,1.549312,1.273767,BEL,YEM,841330
3736607,61,243,8813,1996,164907.0,0.0,2.279976,-2.572299,DEU,YEM,841330
3736608,77,243,8813,1996,6454.0,0.0,1.69082,0.721312,FRA,YEM,841330
3736609,81,243,8813,1996,4608.0,0.0,1.850284,0.883084,GBR,YEM,841330
3736610,111,243,8813,1996,2341.0,0.0,1.4674690000000001,1.263362,ITA,YEM,841330
3736611,114,243,8813,1996,514533.0,0.0,2.615364,0.5656939999999999,JPN,YEM,841330
3736612,188,243,8813,1996,19081.0,0.0,0.215265,-0.8577309999999999,SAU,YEM,841330
3736613,228,243,8813,1996,16649.0,0.0,0.896537,0.9241459999999999,UKR,YEM,841330
3736614,231,243,8813,1996,4829.0,0.0,1.7110560000000001,1.125141,USA,YEM,841330
3736615,15,248,8813,1996,4673.0,0.0,1.9216669999999998,0.659388,AUT,ZWE,841330
3736616,18,248,8813,1996,3952.0,0.0,1.549312,1.273767,BEL,ZWE,841330
3736617,61,248,8813,1996,62617.0,0.0,2.279976,-2.572299,DEU,ZWE,841330
3736618,74,248,8813,1996,1783.0,0.0,2.0584729999999998,1.006908,FIN,ZWE,841330
3736619,77,248,8813,1996,19948.0,0.0,1.69082,0.721312,FRA,ZWE,841330
3736620,81,248,8813,1996,0.0,1850.0,1.850284,0.883084,GBR,ZWE,841330
3736621,111,248,8813,1996,32458.0,0.0,1.4674690000000001,1.263362,ITA,ZWE,841330
3736622,114,248,8813,1996,156104.0,0.0,2.615364,0.5656939999999999,JPN,ZWE,841330
3736623,162,248,8813,1996,38966.0,0.0,1.256625,1.803132,NLD,ZWE,841330
3736624,208,248,8813,1996,11684.0,0.0,2.133781,0.9099889999999999,SWE,ZWE,841330
3736625,246,248,8813,1996,123219.0,2819.0,0.456593,1.150786,ZAF,ZWE,841330
3736626,247,248,8813,1996,0.0,203917.0,-0.340956,-0.714009,ZMB,ZWE,841330
3736627,111,1,8813,1996,206597.0,0.0,1.4674690000000001,1.263362,ITA,AFG,841330
3736628,114,1,8813,1996,22471.0,0.0,2.615364,0.5656939999999999,JPN,AFG,841330
3736629,61,5,8813,1996,4930.0,0.0,2.279976,-2.572299,DEU,AND,841330
3736630,71,5,8813,1996,6552.0,0.0,1.105317,1.9473,ESP,AND,841330
3736631,23,9,8813,1996,0.0,1575.0,0.544265,1.523408,BGR,ARM,841330
3736632,186,9,8813,1996,46441.0,42182.0,0.900185,0.47723000000000004,RUS,ARM,841330
3736633,114,30,8813,1996,5698.0,0.0,2.615364,0.5656939999999999,JPN,BMU,841330
3736634,231,30,8813,1996,35186.0,0.0,1.7110560000000001,1.125141,USA,BMU,841330
3736635,162,35,8813,1996,178185.0,0.0,1.256625,1.803132,NLD,BTN,841330
3736636,166,48,8813,1996,1018.0,0.0,0.49466099999999996,0.8302879999999999,NZL,COK,841330
3736637,14,56,8813,1996,2972.0,0.0,0.369697,0.78069,AUS,CXR,841330
3736638,81,57,8813,1996,4003.0,0.0,1.850284,0.883084,GBR,CYM,841330
3736639,114,57,8813,1996,3181.0,0.0,2.615364,0.5656939999999999,JPN,CYM,841330
3736640,231,57,8813,1996,11366.0,0.0,1.7110560000000001,1.125141,USA,CYM,841330
3736641,61,62,8813,1996,26692.0,0.0,2.279976,-2.572299,DEU,DJI,841330
3736642,77,62,8813,1996,4115.0,0.0,1.69082,0.721312,FRA,DJI,841330
3736643,111,62,8813,1996,1621.0,1433.0,1.4674690000000001,1.263362,ITA,DJI,841330
3736644,114,62,8813,1996,1911.0,0.0,2.615364,0.5656939999999999,JPN,DJI,841330
3736645,162,62,8813,1996,1760.0,0.0,1.256625,1.803132,NLD,DJI,841330
3736646,18,73,8813,1996,23088.0,0.0,1.549312,1.273767,BEL,ETH,841330
3736647,32,73,8813,1996,2978.0,0.0,0.699658,1.271724,BRA,ETH,841330
3736648,61,73,8813,1996,38715.0,0.0,2.279976,-2.572299,DEU,ETH,841330
3736649,77,73,8813,1996,18969.0,0.0,1.69082,0.721312,FRA,ETH,841330
3736650,111,73,8813,1996,36117.0,0.0,1.4674690000000001,1.263362,ITA,ETH,841330
3736651,114,73,8813,1996,115267.0,0.0,2.615364,0.5656939999999999,JPN,ETH,841330
3736652,121,73,8813,1996,8999.0,0.0,0.8946940000000001,1.240424,KOR,ETH,841330
3736653,162,73,8813,1996,2834.0,0.0,1.256625,1.803132,NLD,ETH,841330
3736654,186,73,8813,1996,45141.0,0.0,0.900185,0.47723000000000004,RUS,ETH,841330
3736655,208,73,8813,1996,20224.0,0.0,2.133781,0.9099889999999999,SWE,ETH,841330
3736656,224,73,8813,1996,33516.0,0.0,0.156866,1.554023,TUR,ETH,841330
3736657,231,73,8813,1996,27107.0,0.0,1.7110560000000001,1.125141,USA,ETH,841330
3736658,14,75,8813,1996,14418.0,0.0,0.369697,0.78069,AUS,FJI,841330
3736659,114,75,8813,1996,48662.0,0.0,2.615364,0.5656939999999999,JPN,FJI,841330
3736660,166,75,8813,1996,21822.0,1363.0,0.49466099999999996,0.8302879999999999,NZL,FJI,841330
3736661,231,75,8813,1996,14099.0,0.0,1.7110560000000001,1.125141,USA,FJI,841330
3736662,61,78,8813,1996,1258.0,0.0,2.279976,-2.572299,DEU,FRO,841330
3736663,64,78,8813,1996,3423.0,0.0,1.443514,1.275684,DNK,FRO,841330
3736664,74,78,8813,1996,145.0,0.0,2.0584729999999998,1.006908,FIN,FRO,841330
3736665,81,78,8813,1996,2201.0,0.0,1.850284,0.883084,GBR,FRO,841330
3736666,111,78,8813,1996,226.0,0.0,1.4674690000000001,1.263362,ITA,FRO,841330
3736667,114,78,8813,1996,12260.0,0.0,2.615364,0.5656939999999999,JPN,FRO,841330
3736668,163,78,8813,1996,5690.0,0.0,1.204869,0.303062,NOR,FRO,841330
3736669,208,78,8813,1996,1519.0,0.0,2.133781,0.9099889999999999,SWE,FRO,841330
3736670,114,79,8813,1996,7550.0,0.0,2.615364,0.5656939999999999,JPN,FSM,841330
3736671,231,79,8813,1996,4154.0,0.0,1.7110560000000001,1.125141,USA,FSM,841330
3736672,61,118,8813,1996,2028.0,0.0,2.279976,-2.572299,DEU,KHM,841330
3736673,77,118,8813,1996,9382.0,0.0,1.69082,0.721312,FRA,KHM,841330
3736674,114,118,8813,1996,4904.0,0.0,2.615364,0.5656939999999999,JPN,KHM,841330
3736675,192,118,8813,1996,3770.0,0.0,0.8354299999999999,0.41169799999999995,SGP,KHM,841330
3736676,216,118,8813,1996,4624.0,0.0,0.10120599999999999,1.351967,THA,KHM,841330
3736677,14,119,8813,1996,1828.0,0.0,0.369697,0.78069,AUS,KIR,841330
3736678,114,119,8813,1996,4406.0,0.0,2.615364,0.5656939999999999,JPN,KIR,841330
3736679,166,119,8813,1996,1416.0,0.0,0.49466099999999996,0.8302879999999999,NZL,KIR,841330
3736680,18,123,8813,1996,8731.0,0.0,1.549312,1.273767,BEL,LAO,841330
3736681,114,123,8813,1996,3216.0,0.0,2.615364,0.5656939999999999,JPN,LAO,841330
3736682,192,123,8813,1996,4231.0,0.0,0.8354299999999999,0.41169799999999995,SGP,LAO,841330
3736683,231,123,8813,1996,0.0,1345.0,1.7110560000000001,1.125141,USA,LAO,841330
3736684,114,139,8813,1996,927.0,0.0,2.615364,0.5656939999999999,JPN,MHL,841330
3736685,166,139,8813,1996,7650.0,0.0,0.49466099999999996,0.8302879999999999,NZL,MHL,841330
3736686,231,139,8813,1996,7756.0,0.0,1.7110560000000001,1.125141,USA,MHL,841330
3736687,14,143,8813,1996,1487.0,0.0,0.369697,0.78069,AUS,MMR,841330
3736688,41,143,8813,1996,16713.0,0.0,2.246238,0.603288,CHE,MMR,841330
3736689,61,143,8813,1996,305437.0,0.0,2.279976,-2.572299,DEU,MMR,841330
3736690,81,143,8813,1996,7814.0,0.0,1.850284,0.883084,GBR,MMR,841330
3736691,103,143,8813,1996,28986.0,0.0,-0.43199899999999997,1.22074,IDN,MMR,841330
3736692,114,143,8813,1996,49794.0,0.0,2.615364,0.5656939999999999,JPN,MMR,841330
3736693,153,143,8813,1996,5202.0,0.0,0.351774,0.347262,MYS,MMR,841330
3736694,186,143,8813,1996,7111.0,0.0,0.900185,0.47723000000000004,RUS,MMR,841330
3736695,192,143,8813,1996,82305.0,0.0,0.8354299999999999,0.41169799999999995,SGP,MMR,841330
3736696,208,143,8813,1996,1228.0,0.0,2.133781,0.9099889999999999,SWE,MMR,841330
3736697,231,143,8813,1996,9912.0,0.0,1.7110560000000001,1.125141,USA,MMR,841330
3736698,114,146,8813,1996,16797.0,0.0,2.615364,0.5656939999999999,JPN,MNP,841330
3736699,14,156,8813,1996,10717.0,6052.0,0.369697,0.78069,AUS,NCL,841330
3736700,61,156,8813,1996,12688.0,0.0,2.279976,-2.572299,DEU,NCL,841330
3736701,77,156,8813,1996,44167.0,0.0,1.69082,0.721312,FRA,NCL,841330
3736702,81,156,8813,1996,1071.0,0.0,1.850284,0.883084,GBR,NCL,841330
3736703,111,156,8813,1996,12604.0,0.0,1.4674690000000001,1.263362,ITA,NCL,841330
3736704,166,156,8813,1996,33161.0,0.0,0.49466099999999996,0.8302879999999999,NZL,NCL,841330
3736705,182,156,8813,1996,28480.0,0.0,0.845308,-0.31763,PYF,NCL,841330
3736706,231,161,8813,1996,0.0,134549.0,1.7110560000000001,1.125141,USA,NIU,841330
3736707,104,164,8813,1996,3983.0,0.0,0.20685599999999998,2.317622,IND,NPL,841330
3736708,114,164,8813,1996,11263.0,0.0,2.615364,0.5656939999999999,JPN,NPL,841330
3736709,153,164,8813,1996,33211.0,0.0,0.351774,0.347262,MYS,NPL,841330
3736710,228,164,8813,1996,2837.0,0.0,0.896537,0.9241459999999999,UKR,NPL,841330
3736711,14,176,8813,1996,59091.0,43762.0,0.369697,0.78069,AUS,PNG,841330
3736712,39,176,8813,1996,0.0,1213.0,1.155706,1.1127049999999998,CAN,PNG,841330
3736713,61,176,8813,1996,18613.0,0.0,2.279976,-2.572299,DEU,PNG,841330
3736714,114,176,8813,1996,127224.0,0.0,2.615364,0.5656939999999999,JPN,PNG,841330
3736715,153,176,8813,1996,2137.0,0.0,0.351774,0.347262,MYS,PNG,841330
3736716,192,176,8813,1996,43655.0,0.0,0.8354299999999999,0.41169799999999995,SGP,PNG,841330
3736717,231,176,8813,1996,2784.0,0.0,1.7110560000000001,1.125141,USA,PNG,841330
3736718,14,182,8813,1996,1469.0,0.0,0.369697,0.78069,AUS,PYF,841330
3736719,15,182,8813,1996,4560.0,0.0,1.9216669999999998,0.659388,AUT,PYF,841330
3736720,18,182,8813,1996,893.0,0.0,1.549312,1.273767,BEL,PYF,841330
3736721,41,182,8813,1996,2801.0,0.0,2.246238,0.603288,CHE,PYF,841330
3736722,61,182,8813,1996,52125.0,2327.0,2.279976,-2.572299,DEU,PYF,841330
3736723,64,182,8813,1996,840.0,0.0,1.443514,1.275684,DNK,PYF,841330
3736724,71,182,8813,1996,3157.0,0.0,1.105317,1.9473,ESP,PYF,841330
3736725,77,182,8813,1996,7008.0,1604.0,1.69082,0.721312,FRA,PYF,841330
3736726,81,182,8813,1996,28521.0,0.0,1.850284,0.883084,GBR,PYF,841330
3736727,111,182,8813,1996,16537.0,0.0,1.4674690000000001,1.263362,ITA,PYF,841330
3736728,114,182,8813,1996,36205.0,0.0,2.615364,0.5656939999999999,JPN,PYF,841330
3736729,121,182,8813,1996,923.0,0.0,0.8946940000000001,1.240424,KOR,PYF,841330
3736730,156,182,8813,1996,0.0,28480.0,-0.951583,-0.785157,NCL,PYF,841330
3736731,162,182,8813,1996,662.0,0.0,1.256625,1.803132,NLD,PYF,841330
3736732,166,182,8813,1996,1930.0,1135.0,0.49466099999999996,0.8302879999999999,NZL,PYF,841330
3736733,208,182,8813,1996,3873.0,0.0,2.133781,0.9099889999999999,SWE,PYF,841330
3736734,231,182,8813,1996,4694.0,18464.0,1.7110560000000001,1.125141,USA,PYF,841330
3736735,249,182,8813,1996,1162.0,0.0,1.432225,1.675389,TWN,PYF,841330
3736736,14,195,8813,1996,37614.0,0.0,0.369697,0.78069,AUS,SLB,841330
3736737,114,195,8813,1996,165803.0,0.0,2.615364,0.5656939999999999,JPN,SLB,841330
3736738,166,195,8813,1996,2716.0,0.0,0.49466099999999996,0.8302879999999999,NZL,SLB,841330
3736739,192,195,8813,1996,1913.0,0.0,0.8354299999999999,0.41169799999999995,SGP,SLB,841330
3736740,61,196,8813,1996,5743.0,0.0,2.279976,-2.572299,DEU,SLE,841330
3736741,64,196,8813,1996,2717.0,0.0,1.443514,1.275684,DNK,SLE,841330
3736742,77,196,8813,1996,1174.0,0.0,1.69082,0.721312,FRA,SLE,841330
3736743,111,196,8813,1996,6266.0,0.0,1.4674690000000001,1.263362,ITA,SLE,841330
3736744,114,196,8813,1996,4556.0,0.0,2.615364,0.5656939999999999,JPN,SLE,841330
3736745,15,219,8813,1996,5559.0,0.0,1.9216669999999998,0.659388,AUT,TKM,841330
3736746,32,219,8813,1996,2774.0,0.0,0.699658,1.271724,BRA,TKM,841330
3736747,61,219,8813,1996,1973.0,0.0,2.279976,-2.572299,DEU,TKM,841330
3736748,77,219,8813,1996,3517.0,0.0,1.69082,0.721312,FRA,TKM,841330
3736749,81,219,8813,1996,98979.0,0.0,1.850284,0.883084,GBR,TKM,841330
3736750,102,219,8813,1996,3000.0,0.0,0.790036,1.891534,HUN,TKM,841330
3736751,130,219,8813,1996,1013910.0,0.0,0.40520500000000004,0.9465950000000001,LTU,TKM,841330
3736752,186,219,8813,1996,377409.0,0.0,0.900185,0.47723000000000004,RUS,TKM,841330
3736753,224,219,8813,1996,1470.0,0.0,0.156866,1.554023,TUR,TKM,841330
3736754,166,242,8813,1996,14695.0,0.0,0.49466099999999996,0.8302879999999999,NZL,WSM,841330
3736755,61,0,8813,1996,2058.0,0.0,2.279976,-2.572299,DEU,ABW,841330
3736756,138,0,8813,1996,5935.0,0.0,0.651949,0.9132170000000001,MEX,ABW,841330
3736757,162,0,8813,1996,2803.0,0.0,1.256625,1.803132,NLD,ABW,841330
3736758,231,0,8813,1996,71417.0,0.0,1.7110560000000001,1.125141,USA,ABW,841330
3736759,81,76,8813,1996,0.0,3387.0,1.850284,0.883084,GBR,FLK,841330
3736760,18,88,8813,1996,3385.0,0.0,1.549312,1.273767,BEL,GNB,841330
3736761,77,88,8813,1996,6847.0,0.0,1.69082,0.721312,FRA,GNB,841330
3736762,179,88,8813,1996,7999.0,0.0,0.39343,1.170144,PRT,GNB,841330
3736763,191,88,8813,1996,5563.0,0.0,-0.619785,-0.712171,SEN,GNB,841330
3736764,18,92,8813,1996,176.0,0.0,1.549312,1.273767,BEL,GRL,841330
3736765,39,92,8813,1996,1039.0,0.0,1.155706,1.1127049999999998,CAN,GRL,841330
3736766,61,92,8813,1996,730.0,0.0,2.279976,-2.572299,DEU,GRL,841330
3736767,64,92,8813,1996,20037.0,2827.0,1.443514,1.275684,DNK,GRL,841330
3736768,81,92,8813,1996,3247.0,0.0,1.850284,0.883084,GBR,GRL,841330
3736769,114,92,8813,1996,862.0,0.0,2.615364,0.5656939999999999,JPN,GRL,841330
3736770,163,92,8813,1996,1290.0,0.0,1.204869,0.303062,NOR,GRL,841330
3736771,61,145,8813,1996,923.0,0.0,2.279976,-2.572299,DEU,MNG,841330
3736772,114,145,8813,1996,80758.0,0.0,2.615364,0.5656939999999999,JPN,MNG,841330
3736773,121,145,8813,1996,850.0,0.0,0.8946940000000001,1.240424,KOR,MNG,841330
3736774,186,145,8813,1996,60301.0,75639.0,0.900185,0.47723000000000004,RUS,MNG,841330
3736775,246,203,8813,1996,1228.0,0.0,0.456593,1.150786,ZAF,STP,841330
3736776,77,214,8813,1996,9778.0,0.0,1.69082,0.721312,FRA,TCD,841330
3736777,18,217,8813,1996,21649.0,0.0,1.549312,1.273767,BEL,TJK,841330
3736778,66,217,8813,1996,0.0,16111.0,-0.33419699999999997,-1.035736,DZA,TJK,841330
3736779,114,217,8813,1996,62049.0,0.0,2.615364,0.5656939999999999,JPN,TJK,841330
3736780,186,217,8813,1996,28616.0,0.0,0.900185,0.47723000000000004,RUS,TJK,841330
3736781,228,217,8813,1996,3670.0,0.0,0.896537,0.9241459999999999,UKR,TJK,841330
3736782,228,237,8813,1996,5199.0,0.0,0.896537,0.9241459999999999,UKR,VGB,841330
3736783,61,38,8813,1996,1563.0,0.0,2.279976,-2.572299,DEU,CAF,841330
3736784,77,38,8813,1996,20497.0,0.0,1.69082,0.721312,FRA,CAF,841330
3736785,114,38,8813,1996,2983.0,0.0,2.615364,0.5656939999999999,JPN,CAF,841330
3736786,231,38,8813,1996,916.0,0.0,1.7110560000000001,1.125141,USA,CAF,841330
3736787,250,38,8813,1996,2268.0,0.0,1.084978,0.901755,ANS,CAF,841330
3736788,81,149,8813,1996,1328.0,0.0,1.850284,0.883084,GBR,MSR,841330
3736789,81,194,8813,1996,4064.0,0.0,1.850284,0.883084,GBR,SHN,841330
3736790,8,15,8819,1996,0.0,1593.0,0.167081,0.433612,ARG,AUT,841382
3736791,14,15,8819,1996,0.0,8291.0,0.369697,0.78069,AUS,AUT,841382
3736792,18,15,8819,1996,0.0,32635.0,1.549312,1.273767,BEL,AUT,841382
3736793,23,15,8819,1996,0.0,1499.0,0.544265,1.523408,BGR,AUT,841382
3736794,24,15,8819,1996,0.0,4758.0,-0.062207000000000005,-0.840398,BHR,AUT,841382
3736795,26,15,8819,1996,0.0,47313.0,0.679466,0.730425,BIH,AUT,841382
3736796,31,15,8819,1996,0.0,591.0,-0.589432,-0.7781,BOL,AUT,841382
3736797,39,15,8819,1996,59863.0,0.0,1.155706,1.1127049999999998,CAN,AUT,841382
3736798,41,15,8819,1996,16355.0,131791.0,2.246238,0.603288,CHE,AUT,841382
3736799,42,15,8819,1996,0.0,1025.0,-0.052811000000000004,-0.169464,CHL,AUT,841382
3736800,43,15,8819,1996,0.0,11116.0,0.404422,3.061344,CHN,AUT,841382
3736801,59,15,8819,1996,5177.0,75557.0,1.401181,1.3094709999999998,CZE,AUT,841382
3736802,61,15,8819,1996,778403.0,191969.0,2.279976,-2.572299,DEU,AUT,841382
3736803,64,15,8819,1996,4805.0,28108.0,1.443514,1.275684,DNK,AUT,841382
3736804,67,15,8819,1996,0.0,636.0,-1.1391200000000001,-0.992735,ECU,AUT,841382
3736805,71,15,8819,1996,33744.0,5317.0,1.105317,1.9473,ESP,AUT,841382
3736806,77,15,8819,1996,52993.0,16399.0,1.69082,0.721312,FRA,AUT,841382
3736807,81,15,8819,1996,102912.0,26312.0,1.850284,0.883084,GBR,AUT,841382
3736808,90,15,8819,1996,0.0,3251.0,0.271386,1.042608,GRC,AUT,841382
3736809,100,15,8819,1996,0.0,1254685.0,0.772706,1.1075270000000002,HRV,AUT,841382
3736810,102,15,8819,1996,0.0,520556.0,0.790036,1.891534,HUN,AUT,841382
3736811,103,15,8819,1996,0.0,3825.0,-0.43199899999999997,1.22074,IDN,AUT,841382
3736812,110,15,8819,1996,0.0,26712.0,1.054975,1.072965,ISR,AUT,841382
3736813,111,15,8819,1996,105486.0,16453.0,1.4674690000000001,1.263362,ITA,AUT,841382
3736814,114,15,8819,1996,8803.0,0.0,2.615364,0.5656939999999999,JPN,AUT,841382
3736815,121,15,8819,1996,5561.0,0.0,0.8946940000000001,1.240424,KOR,AUT,841382
3736816,140,15,8819,1996,0.0,65235.0,0.316133,0.933068,MKD,AUT,841382
3736817,159,15,8819,1996,0.0,1066.0,-1.813359,-1.1967,NGA,AUT,841382
3736818,162,15,8819,1996,15085.0,24811.0,1.256625,1.803132,NLD,AUT,841382
3736819,163,15,8819,1996,0.0,10503.0,1.204869,0.303062,NOR,AUT,841382
3736820,177,15,8819,1996,0.0,8897.0,0.795489,1.9004729999999999,POL,AUT,841382
3736821,179,15,8819,1996,0.0,2214.0,0.39343,1.170144,PRT,AUT,841382
3736822,185,15,8819,1996,0.0,267354.0,0.612035,0.880964,ROU,AUT,841382
3736823,186,15,8819,1996,0.0,30977.0,0.900185,0.47723000000000004,RUS,AUT,841382
3736824,189,15,8819,1996,0.0,235503.0,0.786293,2.20126,SCG,AUT,841382
3736825,190,15,8819,1996,0.0,54320.0,-1.4146459999999998,-1.181707,SDN,AUT,841382
3736826,206,15,8819,1996,0.0,33596.0,1.189398,1.29167,SVK,AUT,841382
3736827,207,15,8819,1996,0.0,1427992.0,1.409184,1.37245,SVN,AUT,841382
3736828,208,15,8819,1996,5067.0,24709.0,2.133781,0.9099889999999999,SWE,AUT,841382
3736829,216,15,8819,1996,0.0,863.0,0.10120599999999999,1.351967,THA,AUT,841382
3736830,223,15,8819,1996,0.0,1071.0,-0.28546,-0.089051,TUN,AUT,841382
3736831,224,15,8819,1996,249785.0,2897.0,0.156866,1.554023,TUR,AUT,841382
3736832,228,15,8819,1996,0.0,22408.0,0.896537,0.9241459999999999,UKR,AUT,841382
3736833,231,15,8819,1996,91956.0,0.0,1.7110560000000001,1.125141,USA,AUT,841382
3736834,250,15,8819,1996,0.0,1898.0,1.084978,0.901755,ANS,AUT,841382
3736835,15,18,8819,1996,32635.0,0.0,1.9216669999999998,0.659388,AUT,BEL,841382
3736836,32,18,8819,1996,0.0,2530.0,0.699658,1.271724,BRA,BEL,841382
3736837,41,18,8819,1996,15181.0,49748.0,2.246238,0.603288,CHE,BEL,841382
3736838,43,18,8819,1996,0.0,4465.0,0.404422,3.061344,CHN,BEL,841382
3736839,46,18,8819,1996,0.0,113303.0,-1.2167,-1.086508,COD,BEL,841382
3736840,49,18,8819,1996,0.0,14450.0,0.136487,0.078743,COL,BEL,841382
3736841,61,18,8819,1996,55667.0,346227.0,2.279976,-2.572299,DEU,BEL,841382
3736842,64,18,8819,1996,47296.0,1639.0,1.443514,1.275684,DNK,BEL,841382
3736843,66,18,8819,1996,0.0,6093.0,-0.33419699999999997,-1.035736,DZA,BEL,841382
3736844,67,18,8819,1996,0.0,1505.0,-1.1391200000000001,-0.992735,ECU,BEL,841382
3736845,71,18,8819,1996,6615.0,274374.0,1.105317,1.9473,ESP,BEL,841382
3736846,77,18,8819,1996,28329.0,229583.0,1.69082,0.721312,FRA,BEL,841382
3736847,81,18,8819,1996,89700.0,46437.0,1.850284,0.883084,GBR,BEL,841382
3736848,85,18,8819,1996,0.0,5675.0,-1.2641930000000001,-1.1317409999999999,GIN,BEL,841382
3736849,90,18,8819,1996,0.0,7926.0,0.271386,1.042608,GRC,BEL,841382
3736850,100,18,8819,1996,0.0,6341.0,0.772706,1.1075270000000002,HRV,BEL,841382
3736851,103,18,8819,1996,0.0,26959.0,-0.43199899999999997,1.22074,IDN,BEL,841382
3736852,111,18,8819,1996,201030.0,92424.0,1.4674690000000001,1.263362,ITA,BEL,841382
3736853,114,18,8819,1996,2355.0,0.0,2.615364,0.5656939999999999,JPN,BEL,841382
3736854,122,18,8819,1996,0.0,193861.0,-0.27174499999999996,-1.098243,KWT,BEL,841382
3736855,124,18,8819,1996,0.0,31523.0,-0.051973,0.002154,LBN,BEL,841382
3736856,133,18,8819,1996,0.0,592.0,-0.23007399999999997,-0.34139400000000003,MAC,BEL,841382
3736857,138,18,8819,1996,0.0,3613.0,0.651949,0.9132170000000001,MEX,BEL,841382
3736858,148,18,8819,1996,0.0,1938.0,-1.352902,-1.19204,MRT,BEL,841382
3736859,162,18,8819,1996,15975.0,63640.0,1.256625,1.803132,NLD,BEL,841382
3736860,173,18,8819,1996,0.0,3256.0,-0.43761000000000005,-0.28077399999999997,PER,BEL,841382
3736861,174,18,8819,1996,0.0,1939.0,-0.276548,0.344986,PHL,BEL,841382
3736862,179,18,8819,1996,0.0,24512.0,0.39343,1.170144,PRT,BEL,841382
3736863,186,18,8819,1996,0.0,16723.0,0.900185,0.47723000000000004,RUS,BEL,841382
3736864,187,18,8819,1996,0.0,712.0,0.07343,-0.520246,RWA,BEL,841382
3736865,208,18,8819,1996,5319.0,0.0,2.133781,0.9099889999999999,SWE,BEL,841382
3736866,223,18,8819,1996,0.0,2413.0,-0.28546,-0.089051,TUN,BEL,841382
3736867,224,18,8819,1996,0.0,27893.0,0.156866,1.554023,TUR,BEL,841382
3736868,231,18,8819,1996,16724.0,92854.0,1.7110560000000001,1.125141,USA,BEL,841382
3736869,246,18,8819,1996,0.0,201221.0,0.456593,1.150786,ZAF,BEL,841382
3736870,8,32,8819,1996,64046.0,13268.0,0.167081,0.433612,ARG,BRA,841382
3736871,18,32,8819,1996,2530.0,0.0,1.549312,1.273767,BEL,BRA,841382
3736872,31,32,8819,1996,0.0,16094.0,-0.589432,-0.7781,BOL,BRA,841382
3736873,41,32,8819,1996,4480.0,74103.0,2.246238,0.603288,CHE,BRA,841382
3736874,42,32,8819,1996,0.0,994.0,-0.052811000000000004,-0.169464,CHL,BRA,841382
3736875,49,32,8819,1996,0.0,36567.0,0.136487,0.078743,COL,BRA,841382
3736876,52,32,8819,1996,0.0,3478.0,-0.34219499999999997,0.12221900000000001,CRI,BRA,841382
3736877,61,32,8819,1996,1892.0,0.0,2.279976,-2.572299,DEU,BRA,841382
3736878,67,32,8819,1996,0.0,4593.0,-1.1391200000000001,-0.992735,ECU,BRA,841382
3736879,77,32,8819,1996,86949.0,0.0,1.69082,0.721312,FRA,BRA,841382
3736880,81,32,8819,1996,24407.0,0.0,1.850284,0.883084,GBR,BRA,841382
3736881,93,32,8819,1996,0.0,9007.0,-0.332901,0.23790300000000003,GTM,BRA,841382
3736882,103,32,8819,1996,0.0,2118.0,-0.43199899999999997,1.22074,IDN,BRA,841382
3736883,111,32,8819,1996,73599.0,0.0,1.4674690000000001,1.263362,ITA,BRA,841382
3736884,114,32,8819,1996,8028.0,0.0,2.615364,0.5656939999999999,JPN,BRA,841382
3736885,138,32,8819,1996,24843.0,1744.0,0.651949,0.9132170000000001,MEX,BRA,841382
3736886,163,32,8819,1996,12457.0,0.0,1.204869,0.303062,NOR,BRA,841382
3736887,169,32,8819,1996,0.0,10988.0,-0.100537,-0.374129,PAN,BRA,841382
3736888,173,32,8819,1996,0.0,18897.0,-0.43761000000000005,-0.28077399999999997,PER,BRA,841382
3736889,180,32,8819,1996,0.0,30044.0,-0.506178,-0.712851,PRY,BRA,841382
3736890,208,32,8819,1996,9080.0,0.0,2.133781,0.9099889999999999,SWE,BRA,841382
3736891,230,32,8819,1996,0.0,3196.0,0.171541,0.313934,URY,BRA,841382
3736892,231,32,8819,1996,16808.0,0.0,1.7110560000000001,1.125141,USA,BRA,841382
3736893,249,32,8819,1996,50748.0,0.0,1.432225,1.675389,TWN,BRA,841382
3736894,7,43,8819,1996,0.0,6037.0,-0.245358,-0.726695,ARE,CHN,841382
3736895,8,43,8819,1996,0.0,25799.0,0.167081,0.433612,ARG,CHN,841382
3736896,14,43,8819,1996,4179.0,52236.0,0.369697,0.78069,AUS,CHN,841382
3736897,15,43,8819,1996,11116.0,0.0,1.9216669999999998,0.659388,AUT,CHN,841382
3736898,18,43,8819,1996,4465.0,0.0,1.549312,1.273767,BEL,CHN,841382
3736899,39,43,8819,1996,108655.0,0.0,1.155706,1.1127049999999998,CAN,CHN,841382
3736900,42,43,8819,1996,0.0,1533.0,-0.052811000000000004,-0.169464,CHL,CHN,841382
3736901,61,43,8819,1996,23523.0,0.0,2.279976,-2.572299,DEU,CHN,841382
3736902,64,43,8819,1996,47534.0,0.0,1.443514,1.275684,DNK,CHN,841382
3736903,71,43,8819,1996,0.0,1312.0,1.105317,1.9473,ESP,CHN,841382
3736904,74,43,8819,1996,42038.0,0.0,2.0584729999999998,1.006908,FIN,CHN,841382
3736905,77,43,8819,1996,87728.0,21367.0,1.69082,0.721312,FRA,CHN,841382
3736906,81,43,8819,1996,14890.0,0.0,1.850284,0.883084,GBR,CHN,841382
3736907,97,43,8819,1996,85217.0,31664.0,0.54364,2.727659,HKG,CHN,841382
3736908,103,43,8819,1996,0.0,333709.0,-0.43199899999999997,1.22074,IDN,CHN,841382
3736909,111,43,8819,1996,398753.0,4010.0,1.4674690000000001,1.263362,ITA,CHN,841382
3736910,114,43,8819,1996,41077.0,0.0,2.615364,0.5656939999999999,JPN,CHN,841382
3736911,121,43,8819,1996,93004.0,0.0,0.8946940000000001,1.240424,KOR,CHN,841382
3736912,123,43,8819,1996,0.0,1512.0,-0.751092,-0.8680209999999999,LAO,CHN,841382
3736913,133,43,8819,1996,0.0,1020.0,-0.23007399999999997,-0.34139400000000003,MAC,CHN,841382
3736914,138,43,8819,1996,0.0,167778.0,0.651949,0.9132170000000001,MEX,CHN,841382
3736915,145,43,8819,1996,0.0,2911.0,-0.18177000000000001,-0.8212280000000001,MNG,CHN,841382
3736916,162,43,8819,1996,28154.0,0.0,1.256625,1.803132,NLD,CHN,841382
3736917,163,43,8819,1996,54536.0,0.0,1.204869,0.303062,NOR,CHN,841382
3736918,179,43,8819,1996,0.0,4863.0,0.39343,1.170144,PRT,CHN,841382
3736919,186,43,8819,1996,21783.0,0.0,0.900185,0.47723000000000004,RUS,CHN,841382
3736920,190,43,8819,1996,0.0,26865.0,-1.4146459999999998,-1.181707,SDN,CHN,841382
3736921,192,43,8819,1996,13553.0,41621.0,0.8354299999999999,0.41169799999999995,SGP,CHN,841382
3736922,208,43,8819,1996,5815.0,30744.0,2.133781,0.9099889999999999,SWE,CHN,841382
3736923,216,43,8819,1996,2137.0,19334.0,0.10120599999999999,1.351967,THA,CHN,841382
3736924,231,43,8819,1996,583167.0,151770.0,1.7110560000000001,1.125141,USA,CHN,841382
3736925,249,43,8819,1996,327054.0,0.0,1.432225,1.675389,TWN,CHN,841382
3736926,18,49,8819,1996,14450.0,0.0,1.549312,1.273767,BEL,COL,841382
3736927,32,49,8819,1996,36567.0,0.0,0.699658,1.271724,BRA,COL,841382
3736928,39,49,8819,1996,1901.0,0.0,1.155706,1.1127049999999998,CAN,COL,841382
3736929,41,49,8819,1996,21298.0,0.0,2.246238,0.603288,CHE,COL,841382
3736930,52,49,8819,1996,0.0,11495.0,-0.34219499999999997,0.12221900000000001,CRI,COL,841382
3736931,61,49,8819,1996,352815.0,0.0,2.279976,-2.572299,DEU,COL,841382
3736932,64,49,8819,1996,3205.0,0.0,1.443514,1.275684,DNK,COL,841382
3736933,67,49,8819,1996,0.0,19805.0,-1.1391200000000001,-0.992735,ECU,COL,841382
3736934,71,49,8819,1996,3212.0,0.0,1.105317,1.9473,ESP,COL,841382
3736935,77,49,8819,1996,1901.0,0.0,1.69082,0.721312,FRA,COL,841382
3736936,81,49,8819,1996,17349.0,0.0,1.850284,0.883084,GBR,COL,841382
3736937,93,49,8819,1996,0.0,3595.0,-0.332901,0.23790300000000003,GTM,COL,841382
3736938,99,49,8819,1996,0.0,17365.0,-0.69357,-0.48721400000000004,HND,COL,841382
3736939,104,49,8819,1996,2370.0,0.0,0.20685599999999998,2.317622,IND,COL,841382
3736940,111,49,8819,1996,104084.0,0.0,1.4674690000000001,1.263362,ITA,COL,841382
3736941,114,49,8819,1996,157516.0,0.0,2.615364,0.5656939999999999,JPN,COL,841382
3736942,138,49,8819,1996,182602.0,0.0,0.651949,0.9132170000000001,MEX,COL,841382
3736943,160,49,8819,1996,0.0,20939.0,-0.767799,-0.737816,NIC,COL,841382
3736944,169,49,8819,1996,0.0,19685.0,-0.100537,-0.374129,PAN,COL,841382
3736945,197,49,8819,1996,0.0,16199.0,-0.24968800000000002,-0.121995,SLV,COL,841382
3736946,208,49,8819,1996,11593.0,0.0,2.133781,0.9099889999999999,SWE,COL,841382
3736947,231,49,8819,1996,139598.0,0.0,1.7110560000000001,1.125141,USA,COL,841382
3736948,236,49,8819,1996,6000.0,31929.0,0.07086100000000001,-0.761307,VEN,COL,841382
3736949,250,49,8819,1996,194760.0,3755.0,1.084978,0.901755,ANS,COL,841382
3736950,32,52,8819,1996,3478.0,0.0,0.699658,1.271724,BRA,CRI,841382
3736951,41,52,8819,1996,4245.0,0.0,2.246238,0.603288,CHE,CRI,841382
3736952,49,52,8819,1996,11495.0,0.0,0.136487,0.078743,COL,CRI,841382
3736953,59,52,8819,1996,1129.0,0.0,1.401181,1.3094709999999998,CZE,CRI,841382
3736954,61,52,8819,1996,7764.0,0.0,2.279976,-2.572299,DEU,CRI,841382
3736955,71,52,8819,1996,6905.0,0.0,1.105317,1.9473,ESP,CRI,841382
3736956,81,52,8819,1996,9814.0,0.0,1.850284,0.883084,GBR,CRI,841382
3736957,153,52,8819,1996,4317.0,0.0,0.351774,0.347262,MYS,CRI,841382
3736958,169,52,8819,1996,0.0,2510.0,-0.100537,-0.374129,PAN,CRI,841382
3736959,197,52,8819,1996,2933.0,0.0,-0.24968800000000002,-0.121995,SLV,CRI,841382
3736960,231,52,8819,1996,5094.0,0.0,1.7110560000000001,1.125141,USA,CRI,841382
3736961,7,61,8819,1996,3234.0,6250.0,-0.245358,-0.726695,ARE,DEU,841382
3736962,8,61,8819,1996,0.0,191788.0,0.167081,0.433612,ARG,DEU,841382
3736963,14,61,8819,1996,0.0,52897.0,0.369697,0.78069,AUS,DEU,841382
3736964,15,61,8819,1996,191969.0,778403.0,1.9216669999999998,0.659388,AUT,DEU,841382
3736965,18,61,8819,1996,346227.0,55667.0,1.549312,1.273767,BEL,DEU,841382
3736966,21,61,8819,1996,0.0,91206.0,-0.680996,-0.863442,BFA,DEU,841382
3736967,23,61,8819,1996,13645.0,0.0,0.544265,1.523408,BGR,DEU,841382
3736968,28,61,8819,1996,0.0,300638.0,0.7285550000000001,0.660716,BLR,DEU,841382
3736969,32,61,8819,1996,0.0,1892.0,0.699658,1.271724,BRA,DEU,841382
3736970,39,61,8819,1996,0.0,1627.0,1.155706,1.1127049999999998,CAN,DEU,841382
3736971,41,61,8819,1996,211181.0,7871.0,2.246238,0.603288,CHE,DEU,841382
3736972,42,61,8819,1996,0.0,47463.0,-0.052811000000000004,-0.169464,CHL,DEU,841382
3736973,43,61,8819,1996,0.0,23523.0,0.404422,3.061344,CHN,DEU,841382
3736974,45,61,8819,1996,0.0,2203.0,-1.4036309999999999,-1.090633,CMR,DEU,841382
3736975,49,61,8819,1996,0.0,352815.0,0.136487,0.078743,COL,DEU,841382
3736976,52,61,8819,1996,0.0,7764.0,-0.34219499999999997,0.12221900000000001,CRI,DEU,841382
3736977,59,61,8819,1996,19311.0,236433.0,1.401181,1.3094709999999998,CZE,DEU,841382
3736978,64,61,8819,1996,584210.0,18487.0,1.443514,1.275684,DNK,DEU,841382
3736979,66,61,8819,1996,0.0,6773.0,-0.33419699999999997,-1.035736,DZA,DEU,841382
3736980,67,61,8819,1996,0.0,164626.0,-1.1391200000000001,-0.992735,ECU,DEU,841382
3736981,68,61,8819,1996,0.0,4460.0,-0.5446409999999999,-0.229586,EGY,DEU,841382
3736982,71,61,8819,1996,4508.0,2767.0,1.105317,1.9473,ESP,DEU,841382
3736983,74,61,8819,1996,3851.0,19188.0,2.0584729999999998,1.006908,FIN,DEU,841382
3736984,77,61,8819,1996,45253.0,43078.0,1.69082,0.721312,FRA,DEU,841382
3736985,81,61,8819,1996,29589.0,68684.0,1.850284,0.883084,GBR,DEU,841382
3736986,83,61,8819,1996,0.0,5847.0,-1.035244,-0.9834129999999999,GHA,DEU,841382
3736987,90,61,8819,1996,0.0,78510.0,0.271386,1.042608,GRC,DEU,841382
3736988,93,61,8819,1996,0.0,17245.0,-0.332901,0.23790300000000003,GTM,DEU,841382
3736989,97,61,8819,1996,0.0,35673.0,0.54364,2.727659,HKG,DEU,841382
3736990,100,61,8819,1996,0.0,17522.0,0.772706,1.1075270000000002,HRV,DEU,841382
3736991,102,61,8819,1996,0.0,123565.0,0.790036,1.891534,HUN,DEU,841382
3736992,103,61,8819,1996,1350.0,26341.0,-0.43199899999999997,1.22074,IDN,DEU,841382
3736993,104,61,8819,1996,0.0,26497.0,0.20685599999999998,2.317622,IND,DEU,841382
3736994,109,61,8819,1996,0.0,2423.0,0.003558,-0.551796,ISL,DEU,841382
3736995,111,61,8819,1996,6157573.0,1251589.0,1.4674690000000001,1.263362,ITA,DEU,841382
3736996,114,61,8819,1996,5663.0,37333.0,2.615364,0.5656939999999999,JPN,DEU,841382
3736997,115,61,8819,1996,0.0,37662.0,0.48902799999999996,0.154932,KAZ,DEU,841382
3736998,121,61,8819,1996,0.0,222677.0,0.8946940000000001,1.240424,KOR,DEU,841382
3736999,124,61,8819,1996,0.0,565793.0,-0.051973,0.002154,LBN,DEU,841382
3737000,126,61,8819,1996,0.0,76027.0,-0.588489,-1.138552,LBY,DEU,841382
3737001,130,61,8819,1996,0.0,1344.0,0.40520500000000004,0.9465950000000001,LTU,DEU,841382
3737002,132,61,8819,1996,1123.0,33053.0,0.33418600000000004,0.1615,LVA,DEU,841382
3737003,133,61,8819,1996,0.0,572.0,-0.23007399999999997,-0.34139400000000003,MAC,DEU,841382
3737004,134,61,8819,1996,0.0,1205.0,-0.67314,-0.241242,MAR,DEU,841382
3737005,136,61,8819,1996,0.0,65266.0,-1.213619,-0.606686,MDG,DEU,841382
3737006,138,61,8819,1996,1047.0,75600.0,0.651949,0.9132170000000001,MEX,DEU,841382
3737007,140,61,8819,1996,0.0,17676.0,0.316133,0.933068,MKD,DEU,841382
3737008,142,61,8819,1996,0.0,17380.0,0.8825440000000001,0.066541,MLT,DEU,841382
3737009,153,61,8819,1996,0.0,13590.0,0.351774,0.347262,MYS,DEU,841382
3737010,162,61,8819,1996,1449.0,251353.0,1.256625,1.803132,NLD,DEU,841382
3737011,163,61,8819,1996,3984.0,87056.0,1.204869,0.303062,NOR,DEU,841382
3737012,169,61,8819,1996,0.0,4848.0,-0.100537,-0.374129,PAN,DEU,841382
3737013,173,61,8819,1996,0.0,18995.0,-0.43761000000000005,-0.28077399999999997,PER,DEU,841382
3737014,174,61,8819,1996,0.0,9049.0,-0.276548,0.344986,PHL,DEU,841382
3737015,177,61,8819,1996,49416.0,225093.0,0.795489,1.9004729999999999,POL,DEU,841382
3737016,179,61,8819,1996,0.0,3108.0,0.39343,1.170144,PRT,DEU,841382
3737017,180,61,8819,1996,0.0,27553.0,-0.506178,-0.712851,PRY,DEU,841382
3737018,185,61,8819,1996,0.0,122745.0,0.612035,0.880964,ROU,DEU,841382
3737019,186,61,8819,1996,0.0,646130.0,0.900185,0.47723000000000004,RUS,DEU,841382
3737020,188,61,8819,1996,0.0,14857.0,0.215265,-0.8577309999999999,SAU,DEU,841382
3737021,189,61,8819,1996,0.0,57434.0,0.786293,2.20126,SCG,DEU,841382
3737022,190,61,8819,1996,0.0,2915.0,-1.4146459999999998,-1.181707,SDN,DEU,841382
3737023,192,61,8819,1996,0.0,9139.0,0.8354299999999999,0.41169799999999995,SGP,DEU,841382
3737024,197,61,8819,1996,0.0,9432.0,-0.24968800000000002,-0.121995,SLV,DEU,841382
3737025,203,61,8819,1996,0.0,17624.0,0.728959,-0.374555,STP,DEU,841382
3737026,206,61,8819,1996,0.0,65866.0,1.189398,1.29167,SVK,DEU,841382
3737027,207,61,8819,1996,0.0,110724.0,1.409184,1.37245,SVN,DEU,841382
3737028,208,61,8819,1996,6709.0,2090.0,2.133781,0.9099889999999999,SWE,DEU,841382
3737029,212,61,8819,1996,0.0,5068.0,-1.100666,-0.90038,SYR,DEU,841382
3737030,215,61,8819,1996,0.0,11677.0,-0.9070459999999999,-0.7702399999999999,TGO,DEU,841382
3737031,216,61,8819,1996,0.0,65012.0,0.10120599999999999,1.351967,THA,DEU,841382
3737032,223,61,8819,1996,0.0,20969.0,-0.28546,-0.089051,TUN,DEU,841382
3737033,224,61,8819,1996,0.0,156549.0,0.156866,1.554023,TUR,DEU,841382
3737034,226,61,8819,1996,0.0,10123.0,-1.391534,-0.907436,TZA,DEU,841382
3737035,228,61,8819,1996,0.0,28241.0,0.896537,0.9241459999999999,UKR,DEU,841382
3737036,231,61,8819,1996,610763.0,115376.0,1.7110560000000001,1.125141,USA,DEU,841382
3737037,232,61,8819,1996,0.0,22217.0,-0.17393499999999998,-0.727476,UZB,DEU,841382
3737038,236,61,8819,1996,0.0,18252.0,0.07086100000000001,-0.761307,VEN,DEU,841382
3737039,246,61,8819,1996,0.0,17997.0,0.456593,1.150786,ZAF,DEU,841382
3737040,249,61,8819,1996,6683.0,0.0,1.432225,1.675389,TWN,DEU,841382
3737041,8,64,8819,1996,0.0,56950.0,0.167081,0.433612,ARG,DNK,841382
3737042,14,64,8819,1996,0.0,41760.0,0.369697,0.78069,AUS,DNK,841382
3737043,15,64,8819,1996,28108.0,4805.0,1.9216669999999998,0.659388,AUT,DNK,841382
3737044,18,64,8819,1996,1639.0,47296.0,1.549312,1.273767,BEL,DNK,841382
3737045,41,64,8819,1996,0.0,18593.0,2.246238,0.603288,CHE,DNK,841382
3737046,42,64,8819,1996,0.0,2537.0,-0.052811000000000004,-0.169464,CHL,DNK,841382
3737047,43,64,8819,1996,0.0,47534.0,0.404422,3.061344,CHN,DNK,841382
3737048,49,64,8819,1996,0.0,3205.0,0.136487,0.078743,COL,DNK,841382
3737049,61,64,8819,1996,18487.0,584210.0,2.279976,-2.572299,DEU,DNK,841382
3737050,68,64,8819,1996,0.0,36724.0,-0.5446409999999999,-0.229586,EGY,DNK,841382
3737051,71,64,8819,1996,0.0,56631.0,1.105317,1.9473,ESP,DNK,841382
3737052,74,64,8819,1996,0.0,4516.0,2.0584729999999998,1.006908,FIN,DNK,841382
3737053,77,64,8819,1996,0.0,10974.0,1.69082,0.721312,FRA,DNK,841382
3737054,78,64,8819,1996,0.0,967.0,-0.252693,-0.714691,FRO,DNK,841382
3737055,81,64,8819,1996,65435.0,12352.0,1.850284,0.883084,GBR,DNK,841382
3737056,83,64,8819,1996,0.0,7140.0,-1.035244,-0.9834129999999999,GHA,DNK,841382
3737057,93,64,8819,1996,0.0,7235.0,-0.332901,0.23790300000000003,GTM,DNK,841382
3737058,102,64,8819,1996,0.0,1417.0,0.790036,1.891534,HUN,DNK,841382
3737059,103,64,8819,1996,0.0,3008.0,-0.43199899999999997,1.22074,IDN,DNK,841382
3737060,104,64,8819,1996,0.0,16016.0,0.20685599999999998,2.317622,IND,DNK,841382
3737061,109,64,8819,1996,0.0,14872.0,0.003558,-0.551796,ISL,DNK,841382
3737062,111,64,8819,1996,0.0,63488.0,1.4674690000000001,1.263362,ITA,DNK,841382
3737063,114,64,8819,1996,0.0,644965.0,2.615364,0.5656939999999999,JPN,DNK,841382
3737064,121,64,8819,1996,0.0,104103.0,0.8946940000000001,1.240424,KOR,DNK,841382
3737065,138,64,8819,1996,2028.0,4183.0,0.651949,0.9132170000000001,MEX,DNK,841382
3737066,142,64,8819,1996,0.0,4028.0,0.8825440000000001,0.066541,MLT,DNK,841382
3737067,153,64,8819,1996,0.0,37332.0,0.351774,0.347262,MYS,DNK,841382
3737068,162,64,8819,1996,0.0,152926.0,1.256625,1.803132,NLD,DNK,841382
3737069,163,64,8819,1996,65653.0,18149.0,1.204869,0.303062,NOR,DNK,841382
3737070,166,64,8819,1996,0.0,105982.0,0.49466099999999996,0.8302879999999999,NZL,DNK,841382
3737071,177,64,8819,1996,0.0,65516.0,0.795489,1.9004729999999999,POL,DNK,841382
3737072,186,64,8819,1996,0.0,1933.0,0.900185,0.47723000000000004,RUS,DNK,841382
3737073,188,64,8819,1996,0.0,83087.0,0.215265,-0.8577309999999999,SAU,DNK,841382
3737074,190,64,8819,1996,0.0,1161.0,-1.4146459999999998,-1.181707,SDN,DNK,841382
3737075,192,64,8819,1996,0.0,190733.0,0.8354299999999999,0.41169799999999995,SGP,DNK,841382
3737076,208,64,8819,1996,5533.0,2896.0,2.133781,0.9099889999999999,SWE,DNK,841382
3737077,223,64,8819,1996,0.0,461841.0,-0.28546,-0.089051,TUN,DNK,841382
3737078,224,64,8819,1996,0.0,12130.0,0.156866,1.554023,TUR,DNK,841382
3737079,226,64,8819,1996,0.0,3928.0,-1.391534,-0.907436,TZA,DNK,841382
3737080,227,64,8819,1996,0.0,774.0,-0.931124,-0.925523,UGA,DNK,841382
3737081,231,64,8819,1996,0.0,1832.0,1.7110560000000001,1.125141,USA,DNK,841382
3737082,236,64,8819,1996,0.0,177538.0,0.07086100000000001,-0.761307,VEN,DNK,841382
3737083,246,64,8819,1996,0.0,62887.0,0.456593,1.150786,ZAF,DNK,841382
3737084,111,65,8819,1996,110601.0,0.0,1.4674690000000001,1.263362,ITA,DOM,841382
3737085,231,65,8819,1996,8725.0,0.0,1.7110560000000001,1.125141,USA,DOM,841382
3737086,8,67,8819,1996,5500.0,0.0,0.167081,0.433612,ARG,ECU,841382
3737087,15,67,8819,1996,636.0,0.0,1.9216669999999998,0.659388,AUT,ECU,841382
3737088,18,67,8819,1996,1505.0,0.0,1.549312,1.273767,BEL,ECU,841382
3737089,32,67,8819,1996,4593.0,0.0,0.699658,1.271724,BRA,ECU,841382
3737090,42,67,8819,1996,29131.0,0.0,-0.052811000000000004,-0.169464,CHL,ECU,841382
3737091,49,67,8819,1996,19805.0,0.0,0.136487,0.078743,COL,ECU,841382
3737092,59,67,8819,1996,5307.0,0.0,1.401181,1.3094709999999998,CZE,ECU,841382
3737093,61,67,8819,1996,164626.0,0.0,2.279976,-2.572299,DEU,ECU,841382
3737094,71,67,8819,1996,149598.0,0.0,1.105317,1.9473,ESP,ECU,841382
3737095,81,67,8819,1996,5176.0,0.0,1.850284,0.883084,GBR,ECU,841382
3737096,97,67,8819,1996,2562.0,0.0,0.54364,2.727659,HKG,ECU,841382
3737097,111,67,8819,1996,687932.0,0.0,1.4674690000000001,1.263362,ITA,ECU,841382
3737098,138,67,8819,1996,1812.0,0.0,0.651949,0.9132170000000001,MEX,ECU,841382
3737099,169,67,8819,1996,1545.0,0.0,-0.100537,-0.374129,PAN,ECU,841382
3737100,173,67,8819,1996,1441.0,9519.0,-0.43761000000000005,-0.28077399999999997,PER,ECU,841382
3737101,178,67,8819,1996,2491.0,0.0,0.725014,1.20189,PRK,ECU,841382
3737102,231,67,8819,1996,58116.0,0.0,1.7110560000000001,1.125141,USA,ECU,841382
3737103,249,67,8819,1996,3739.0,0.0,1.432225,1.675389,TWN,ECU,841382
3737104,250,67,8819,1996,16050.0,0.0,1.084978,0.901755,ANS,ECU,841382
3737105,5,71,8819,1996,0.0,1951.0,1.0490059999999999,0.6587189999999999,AND,ESP,841382
3737106,8,71,8819,1996,27238.0,3580.0,0.167081,0.433612,ARG,ESP,841382
3737107,14,71,8819,1996,1153.0,16024.0,0.369697,0.78069,AUS,ESP,841382
3737108,15,71,8819,1996,5317.0,33744.0,1.9216669999999998,0.659388,AUT,ESP,841382
3737109,18,71,8819,1996,274374.0,6615.0,1.549312,1.273767,BEL,ESP,841382
3737110,39,71,8819,1996,4831.0,0.0,1.155706,1.1127049999999998,CAN,ESP,841382
3737111,41,71,8819,1996,19240.0,0.0,2.246238,0.603288,CHE,ESP,841382
3737112,42,71,8819,1996,0.0,31018.0,-0.052811000000000004,-0.169464,CHL,ESP,841382
3737113,43,71,8819,1996,1312.0,0.0,0.404422,3.061344,CHN,ESP,841382
3737114,49,71,8819,1996,0.0,3212.0,0.136487,0.078743,COL,ESP,841382
3737115,52,71,8819,1996,0.0,6905.0,-0.34219499999999997,0.12221900000000001,CRI,ESP,841382
3737116,54,71,8819,1996,0.0,514019.0,-0.555246,-1.0420479999999999,CUB,ESP,841382
3737117,58,71,8819,1996,0.0,5207.0,0.20007,0.020590999999999998,CYP,ESP,841382
3737118,61,71,8819,1996,2767.0,4508.0,2.279976,-2.572299,DEU,ESP,841382
3737119,64,71,8819,1996,56631.0,0.0,1.443514,1.275684,DNK,ESP,841382
3737120,66,71,8819,1996,0.0,123510.0,-0.33419699999999997,-1.035736,DZA,ESP,841382
3737121,67,71,8819,1996,0.0,149598.0,-1.1391200000000001,-0.992735,ECU,ESP,841382
3737122,68,71,8819,1996,0.0,64348.0,-0.5446409999999999,-0.229586,EGY,ESP,841382
3737123,77,71,8819,1996,3061.0,83519.0,1.69082,0.721312,FRA,ESP,841382
3737124,81,71,8819,1996,6420.0,0.0,1.850284,0.883084,GBR,ESP,841382
3737125,83,71,8819,1996,0.0,5336.0,-1.035244,-0.9834129999999999,GHA,ESP,841382
3737126,84,71,8819,1996,0.0,1759.0,0.932001,-0.20733400000000002,GIB,ESP,841382
3737127,89,71,8819,1996,0.0,6865.0,-1.832253,-0.7935300000000001,GNQ,ESP,841382
3737128,90,71,8819,1996,0.0,22284.0,0.271386,1.042608,GRC,ESP,841382
3737129,99,71,8819,1996,0.0,8221.0,-0.69357,-0.48721400000000004,HND,ESP,841382
3737130,102,71,8819,1996,0.0,15417.0,0.790036,1.891534,HUN,ESP,841382
3737131,103,71,8819,1996,0.0,3731.0,-0.43199899999999997,1.22074,IDN,ESP,841382
3737132,109,71,8819,1996,0.0,8478.0,0.003558,-0.551796,ISL,ESP,841382
3737133,110,71,8819,1996,4779.0,17324.0,1.054975,1.072965,ISR,ESP,841382
3737134,111,71,8819,1996,387543.0,57122.0,1.4674690000000001,1.263362,ITA,ESP,841382
3737135,112,71,8819,1996,0.0,169280.0,-0.6344350000000001,-0.814916,JAM,ESP,841382
3737136,113,71,8819,1996,0.0,20630.0,0.12203499999999999,-0.41859399999999997,JOR,ESP,841382
3737137,114,71,8819,1996,1258516.0,0.0,2.615364,0.5656939999999999,JPN,ESP,841382
3737138,122,71,8819,1996,0.0,11533.0,-0.27174499999999996,-1.098243,KWT,ESP,841382
3737139,134,71,8819,1996,0.0,279625.0,-0.67314,-0.241242,MAR,ESP,841382
3737140,138,71,8819,1996,0.0,2211.0,0.651949,0.9132170000000001,MEX,ESP,841382
3737141,142,71,8819,1996,0.0,7677.0,0.8825440000000001,0.066541,MLT,ESP,841382
3737142,148,71,8819,1996,0.0,28862.0,-1.352902,-1.19204,MRT,ESP,841382
3737143,153,71,8819,1996,0.0,19277.0,0.351774,0.347262,MYS,ESP,841382
3737144,156,71,8819,1996,0.0,6843.0,-0.951583,-0.785157,NCL,ESP,841382
3737145,159,71,8819,1996,0.0,248275.0,-1.813359,-1.1967,NGA,ESP,841382
3737146,160,71,8819,1996,0.0,13272.0,-0.767799,-0.737816,NIC,ESP,841382
3737147,162,71,8819,1996,18970.0,0.0,1.256625,1.803132,NLD,ESP,841382
3737148,163,71,8819,1996,3525592.0,5171.0,1.204869,0.303062,NOR,ESP,841382
3737149,173,71,8819,1996,0.0,8469.0,-0.43761000000000005,-0.28077399999999997,PER,ESP,841382
3737150,179,71,8819,1996,488030.0,129399.0,0.39343,1.170144,PRT,ESP,841382
3737151,180,71,8819,1996,0.0,3907.0,-0.506178,-0.712851,PRY,ESP,841382
3737152,183,71,8819,1996,0.0,7034.0,-0.48203500000000005,-1.117173,QAT,ESP,841382
3737153,185,71,8819,1996,0.0,30366.0,0.612035,0.880964,ROU,ESP,841382
3737154,190,71,8819,1996,0.0,799.0,-1.4146459999999998,-1.181707,SDN,ESP,841382
3737155,191,71,8819,1996,0.0,3787.0,-0.619785,-0.712171,SEN,ESP,841382
3737156,192,71,8819,1996,0.0,33891.0,0.8354299999999999,0.41169799999999995,SGP,ESP,841382
3737157,196,71,8819,1996,0.0,2798.0,0.208166,-0.386648,SLE,ESP,841382
3737158,197,71,8819,1996,0.0,20605.0,-0.24968800000000002,-0.121995,SLV,ESP,841382
3737159,206,71,8819,1996,0.0,5602.0,1.189398,1.29167,SVK,ESP,841382
3737160,208,71,8819,1996,40941.0,0.0,2.133781,0.9099889999999999,SWE,ESP,841382
3737161,216,71,8819,1996,0.0,1694.0,0.10120599999999999,1.351967,THA,ESP,841382
3737162,223,71,8819,1996,0.0,22992.0,-0.28546,-0.089051,TUN,ESP,841382
3737163,224,71,8819,1996,0.0,720565.0,0.156866,1.554023,TUR,ESP,841382
3737164,226,71,8819,1996,0.0,8375.0,-1.391534,-0.907436,TZA,ESP,841382
3737165,230,71,8819,1996,0.0,18322.0,0.171541,0.313934,URY,ESP,841382
3737166,231,71,8819,1996,49379.0,59205.0,1.7110560000000001,1.125141,USA,ESP,841382
3737167,236,71,8819,1996,0.0,3404.0,0.07086100000000001,-0.761307,VEN,ESP,841382
3737168,246,71,8819,1996,0.0,118249.0,0.456593,1.150786,ZAF,ESP,841382
3737169,249,71,8819,1996,30143.0,0.0,1.432225,1.675389,TWN,ESP,841382
3737170,250,71,8819,1996,1302.0,13548.0,1.084978,0.901755,ANS,ESP,841382
3737171,41,74,8819,1996,3000.0,0.0,2.246238,0.603288,CHE,FIN,841382
3737172,43,74,8819,1996,0.0,42038.0,0.404422,3.061344,CHN,FIN,841382
3737173,61,74,8819,1996,19188.0,3851.0,2.279976,-2.572299,DEU,FIN,841382
3737174,64,74,8819,1996,4516.0,0.0,1.443514,1.275684,DNK,FIN,841382
3737175,72,74,8819,1996,7300.0,0.0,0.53397,1.0877940000000001,EST,FIN,841382
3737176,77,74,8819,1996,1103.0,0.0,1.69082,0.721312,FRA,FIN,841382
3737177,109,74,8819,1996,0.0,3949.0,0.003558,-0.551796,ISL,FIN,841382
3737178,111,74,8819,1996,83875.0,0.0,1.4674690000000001,1.263362,ITA,FIN,841382
3737179,162,74,8819,1996,17905.0,0.0,1.256625,1.803132,NLD,FIN,841382
3737180,163,74,8819,1996,3446.0,25159.0,1.204869,0.303062,NOR,FIN,841382
3737181,186,74,8819,1996,0.0,20011.0,0.900185,0.47723000000000004,RUS,FIN,841382
3737182,192,74,8819,1996,0.0,3566.0,0.8354299999999999,0.41169799999999995,SGP,FIN,841382
3737183,208,74,8819,1996,3157.0,0.0,2.133781,0.9099889999999999,SWE,FIN,841382
3737184,231,74,8819,1996,44187.0,0.0,1.7110560000000001,1.125141,USA,FIN,841382
3737185,2,77,8819,1996,0.0,47891.0,-2.3109900000000003,-1.172849,AGO,FRA,841382
3737186,5,77,8819,1996,74740.0,0.0,1.0490059999999999,0.6587189999999999,AND,FRA,841382
3737187,7,77,8819,1996,0.0,17792.0,-0.245358,-0.726695,ARE,FRA,841382
3737188,8,77,8819,1996,0.0,91037.0,0.167081,0.433612,ARG,FRA,841382
3737189,14,77,8819,1996,0.0,21534.0,0.369697,0.78069,AUS,FRA,841382
3737190,15,77,8819,1996,16399.0,52993.0,1.9216669999999998,0.659388,AUT,FRA,841382
3737191,17,77,8819,1996,0.0,828.0,-0.955951,-0.8721180000000001,BDI,FRA,841382
3737192,18,77,8819,1996,229583.0,28329.0,1.549312,1.273767,BEL,FRA,841382
3737193,19,77,8819,1996,0.0,1760.0,-1.0032729999999999,-0.794779,BEN,FRA,841382
3737194,21,77,8819,1996,0.0,3713.0,-0.680996,-0.863442,BFA,FRA,841382
3737195,23,77,8819,1996,15355.0,0.0,0.544265,1.523408,BGR,FRA,841382
3737196,30,77,8819,1996,0.0,8800.0,1.037215,-0.408235,BMU,FRA,841382
3737197,31,77,8819,1996,0.0,1213.0,-0.589432,-0.7781,BOL,FRA,841382
3737198,32,77,8819,1996,0.0,86949.0,0.699658,1.271724,BRA,FRA,841382
3737199,39,77,8819,1996,0.0,6617.0,1.155706,1.1127049999999998,CAN,FRA,841382
3737200,41,77,8819,1996,20279.0,76056.0,2.246238,0.603288,CHE,FRA,841382
3737201,42,77,8819,1996,0.0,81754.0,-0.052811000000000004,-0.169464,CHL,FRA,841382
3737202,43,77,8819,1996,21367.0,87728.0,0.404422,3.061344,CHN,FRA,841382
3737203,44,77,8819,1996,0.0,60404.0,-0.8720459999999999,-0.7904479999999999,CIV,FRA,841382
3737204,45,77,8819,1996,0.0,27484.0,-1.4036309999999999,-1.090633,CMR,FRA,841382
3737205,47,77,8819,1996,0.0,4380.0,-1.522142,-1.165936,COG,FRA,841382
3737206,49,77,8819,1996,0.0,1901.0,0.136487,0.078743,COL,FRA,841382
3737207,50,77,8819,1996,0.0,3836.0,-1.007044,-0.833519,COM,FRA,841382
3737208,51,77,8819,1996,0.0,14272.0,0.247925,-0.512776,CPV,FRA,841382
3737209,59,77,8819,1996,0.0,3855.0,1.401181,1.3094709999999998,CZE,FRA,841382
3737210,61,77,8819,1996,43078.0,45253.0,2.279976,-2.572299,DEU,FRA,841382
3737211,64,77,8819,1996,10974.0,0.0,1.443514,1.275684,DNK,FRA,841382
3737212,66,77,8819,1996,0.0,60928.0,-0.33419699999999997,-1.035736,DZA,FRA,841382
3737213,68,77,8819,1996,0.0,23026.0,-0.5446409999999999,-0.229586,EGY,FRA,841382
3737214,71,77,8819,1996,83519.0,3061.0,1.105317,1.9473,ESP,FRA,841382
3737215,73,77,8819,1996,0.0,1760.0,-1.265383,-1.131925,ETH,FRA,841382
3737216,74,77,8819,1996,0.0,1103.0,2.0584729999999998,1.006908,FIN,FRA,841382
3737217,80,77,8819,1996,0.0,68244.0,-1.693615,-1.174433,GAB,FRA,841382
3737218,81,77,8819,1996,19569.0,4615.0,1.850284,0.883084,GBR,FRA,841382
3737219,83,77,8819,1996,0.0,3036.0,-1.035244,-0.9834129999999999,GHA,FRA,841382
3737220,85,77,8819,1996,0.0,4552.0,-1.2641930000000001,-1.1317409999999999,GIN,FRA,841382
3737221,90,77,8819,1996,0.0,1355.0,0.271386,1.042608,GRC,FRA,841382
3737222,97,77,8819,1996,0.0,48667.0,0.54364,2.727659,HKG,FRA,841382
3737223,102,77,8819,1996,12975.0,64103.0,0.790036,1.891534,HUN,FRA,841382
3737224,103,77,8819,1996,0.0,252766.0,-0.43199899999999997,1.22074,IDN,FRA,841382
3737225,104,77,8819,1996,33725.0,1327808.0,0.20685599999999998,2.317622,IND,FRA,841382
3737226,106,77,8819,1996,16426.0,0.0,1.386011,0.9232100000000001,IRL,FRA,841382
3737227,109,77,8819,1996,0.0,1116.0,0.003558,-0.551796,ISL,FRA,841382
3737228,110,77,8819,1996,1241.0,2745.0,1.054975,1.072965,ISR,FRA,841382
3737229,111,77,8819,1996,459805.0,216201.0,1.4674690000000001,1.263362,ITA,FRA,841382
3737230,114,77,8819,1996,17900.0,46546.0,2.615364,0.5656939999999999,JPN,FRA,841382
3737231,116,77,8819,1996,0.0,18005.0,-0.468322,-0.017625,KEN,FRA,841382
3737232,121,77,8819,1996,0.0,30805.0,0.8946940000000001,1.240424,KOR,FRA,841382
3737233,122,77,8819,1996,0.0,16426.0,-0.27174499999999996,-1.098243,KWT,FRA,841382
3737234,130,77,8819,1996,0.0,8860.0,0.40520500000000004,0.9465950000000001,LTU,FRA,841382
3737235,134,77,8819,1996,0.0,202974.0,-0.67314,-0.241242,MAR,FRA,841382
3737236,136,77,8819,1996,0.0,3006.0,-1.213619,-0.606686,MDG,FRA,841382
3737237,137,77,8819,1996,0.0,1139.0,-1.107903,-1.016442,MDV,FRA,841382
3737238,138,77,8819,1996,0.0,16586.0,0.651949,0.9132170000000001,MEX,FRA,841382
3737239,141,77,8819,1996,0.0,282566.0,-0.987858,-0.9677040000000001,MLI,FRA,841382
3737240,142,77,8819,1996,0.0,1826.0,0.8825440000000001,0.066541,MLT,FRA,841382
3737241,143,77,8819,1996,0.0,4105.0,-1.556357,-1.078395,MMR,FRA,841382
3737242,148,77,8819,1996,0.0,1566.0,-1.352902,-1.19204,MRT,FRA,841382
3737243,151,77,8819,1996,1479.0,0.0,-0.538651,-0.746274,MUS,FRA,841382
3737244,153,77,8819,1996,2058.0,0.0,0.351774,0.347262,MYS,FRA,841382
3737245,156,77,8819,1996,0.0,5103.0,-0.951583,-0.785157,NCL,FRA,841382
3737246,159,77,8819,1996,60211.0,44083.0,-1.813359,-1.1967,NGA,FRA,841382
3737247,162,77,8819,1996,335607.0,1526.0,1.256625,1.803132,NLD,FRA,841382
3737248,163,77,8819,1996,0.0,10392.0,1.204869,0.303062,NOR,FRA,841382
3737249,173,77,8819,1996,0.0,1101.0,-0.43761000000000005,-0.28077399999999997,PER,FRA,841382
3737250,174,77,8819,1996,0.0,17282.0,-0.276548,0.344986,PHL,FRA,841382
3737251,177,77,8819,1996,0.0,1872.0,0.795489,1.9004729999999999,POL,FRA,841382
3737252,179,77,8819,1996,0.0,31449.0,0.39343,1.170144,PRT,FRA,841382
3737253,180,77,8819,1996,0.0,1440.0,-0.506178,-0.712851,PRY,FRA,841382
3737254,182,77,8819,1996,0.0,20078.0,0.845308,-0.31763,PYF,FRA,841382
3737255,185,77,8819,1996,0.0,620094.0,0.612035,0.880964,ROU,FRA,841382
3737256,186,77,8819,1996,0.0,1683.0,0.900185,0.47723000000000004,RUS,FRA,841382
3737257,187,77,8819,1996,0.0,5186.0,0.07343,-0.520246,RWA,FRA,841382
3737258,188,77,8819,1996,0.0,17329.0,0.215265,-0.8577309999999999,SAU,FRA,841382
3737259,190,77,8819,1996,0.0,5893.0,-1.4146459999999998,-1.181707,SDN,FRA,841382
3737260,191,77,8819,1996,0.0,21323.0,-0.619785,-0.712171,SEN,FRA,841382
3737261,192,77,8819,1996,0.0,230867.0,0.8354299999999999,0.41169799999999995,SGP,FRA,841382
3737262,196,77,8819,1996,0.0,16051.0,0.208166,-0.386648,SLE,FRA,841382
3737263,207,77,8819,1996,0.0,3864.0,1.409184,1.37245,SVN,FRA,841382
3737264,208,77,8819,1996,16172.0,0.0,2.133781,0.9099889999999999,SWE,FRA,841382
3737265,214,77,8819,1996,0.0,21708.0,-0.8289059999999999,-0.688122,TCD,FRA,841382
3737266,215,77,8819,1996,0.0,3929.0,-0.9070459999999999,-0.7702399999999999,TGO,FRA,841382
3737267,216,77,8819,1996,0.0,1265.0,0.10120599999999999,1.351967,THA,FRA,841382
3737268,223,77,8819,1996,0.0,222300.0,-0.28546,-0.089051,TUN,FRA,841382
3737269,224,77,8819,1996,0.0,75581.0,0.156866,1.554023,TUR,FRA,841382
3737270,226,77,8819,1996,0.0,2307.0,-1.391534,-0.907436,TZA,FRA,841382
3737271,227,77,8819,1996,0.0,8676.0,-0.931124,-0.925523,UGA,FRA,841382
3737272,228,77,8819,1996,0.0,1506.0,0.896537,0.9241459999999999,UKR,FRA,841382
3737273,230,77,8819,1996,0.0,12060.0,0.171541,0.313934,URY,FRA,841382
3737274,231,77,8819,1996,772291.0,427035.0,1.7110560000000001,1.125141,USA,FRA,841382
3737275,236,77,8819,1996,0.0,6733.0,0.07086100000000001,-0.761307,VEN,FRA,841382
3737276,246,77,8819,1996,0.0,14572.0,0.456593,1.150786,ZAF,FRA,841382
3737277,248,77,8819,1996,5631.0,0.0,-0.393769,-0.34379,ZWE,FRA,841382
3737278,249,77,8819,1996,0.0,2152.0,1.432225,1.675389,TWN,FRA,841382
3737279,250,77,8819,1996,1190.0,0.0,1.084978,0.901755,ANS,FRA,841382
3737280,77,80,8819,1996,68244.0,0.0,1.69082,0.721312,FRA,GAB,841382
3737281,111,80,8819,1996,29266.0,0.0,1.4674690000000001,1.263362,ITA,GAB,841382
3737282,7,81,8819,1996,2783.0,75923.0,-0.245358,-0.726695,ARE,GBR,841382
3737283,14,81,8819,1996,0.0,5448.0,0.369697,0.78069,AUS,GBR,841382
3737284,15,81,8819,1996,26312.0,102912.0,1.9216669999999998,0.659388,AUT,GBR,841382
3737285,18,81,8819,1996,46437.0,89700.0,1.549312,1.273767,BEL,GBR,841382
3737286,23,81,8819,1996,29170.0,0.0,0.544265,1.523408,BGR,GBR,841382
3737287,24,81,8819,1996,0.0,51076.0,-0.062207000000000005,-0.840398,BHR,GBR,841382
3737288,32,81,8819,1996,0.0,24407.0,0.699658,1.271724,BRA,GBR,841382
3737289,33,81,8819,1996,0.0,8668.0,0.9384979999999999,0.147479,BRB,GBR,841382
3737290,39,81,8819,1996,1891.0,9754.0,1.155706,1.1127049999999998,CAN,GBR,841382
3737291,41,81,8819,1996,6287.0,16493.0,2.246238,0.603288,CHE,GBR,841382
3737292,43,81,8819,1996,0.0,14890.0,0.404422,3.061344,CHN,GBR,841382
3737293,49,81,8819,1996,0.0,17349.0,0.136487,0.078743,COL,GBR,841382
3737294,52,81,8819,1996,0.0,9814.0,-0.34219499999999997,0.12221900000000001,CRI,GBR,841382
3737295,58,81,8819,1996,0.0,18174.0,0.20007,0.020590999999999998,CYP,GBR,841382
3737296,61,81,8819,1996,68684.0,29589.0,2.279976,-2.572299,DEU,GBR,841382
3737297,63,81,8819,1996,0.0,13963.0,0.44934399999999997,-0.023771,DMA,GBR,841382
3737298,64,81,8819,1996,12352.0,65435.0,1.443514,1.275684,DNK,GBR,841382
3737299,67,81,8819,1996,0.0,5176.0,-1.1391200000000001,-0.992735,ECU,GBR,841382
3737300,68,81,8819,1996,0.0,8833.0,-0.5446409999999999,-0.229586,EGY,GBR,841382
3737301,71,81,8819,1996,0.0,6420.0,1.105317,1.9473,ESP,GBR,841382
3737302,77,81,8819,1996,4615.0,19569.0,1.69082,0.721312,FRA,GBR,841382
3737303,78,81,8819,1996,0.0,17567.0,-0.252693,-0.714691,FRO,GBR,841382
3737304,83,81,8819,1996,2856.0,12879.0,-1.035244,-0.9834129999999999,GHA,GBR,841382
3737305,90,81,8819,1996,0.0,20345.0,0.271386,1.042608,GRC,GBR,841382
3737306,93,81,8819,1996,0.0,1831.0,-0.332901,0.23790300000000003,GTM,GBR,841382
3737307,97,81,8819,1996,0.0,173283.0,0.54364,2.727659,HKG,GBR,841382
3737308,102,81,8819,1996,0.0,928.0,0.790036,1.891534,HUN,GBR,841382
3737309,103,81,8819,1996,0.0,4418369.0,-0.43199899999999997,1.22074,IDN,GBR,841382
3737310,104,81,8819,1996,22231.0,1192.0,0.20685599999999998,2.317622,IND,GBR,841382
3737311,106,81,8819,1996,10183.0,23362.0,1.386011,0.9232100000000001,IRL,GBR,841382
3737312,109,81,8819,1996,0.0,1371.0,0.003558,-0.551796,ISL,GBR,841382
3737313,110,81,8819,1996,0.0,15343.0,1.054975,1.072965,ISR,GBR,841382
3737314,111,81,8819,1996,81275.0,21512.0,1.4674690000000001,1.263362,ITA,GBR,841382
3737315,112,81,8819,1996,0.0,293561.0,-0.6344350000000001,-0.814916,JAM,GBR,841382
3737316,113,81,8819,1996,0.0,3269.0,0.12203499999999999,-0.41859399999999997,JOR,GBR,841382
3737317,114,81,8819,1996,25496.0,120993.0,2.615364,0.5656939999999999,JPN,GBR,841382
3737318,115,81,8819,1996,8471.0,541277.0,0.48902799999999996,0.154932,KAZ,GBR,841382
3737319,116,81,8819,1996,0.0,11469.0,-0.468322,-0.017625,KEN,GBR,841382
3737320,117,81,8819,1996,0.0,108827.0,0.350901,0.529512,KGZ,GBR,841382
3737321,118,81,8819,1996,0.0,23036.0,-1.110741,-1.089434,KHM,GBR,841382
3737322,120,81,8819,1996,0.0,6177.0,0.546384,-0.463373,KNA,GBR,841382
3737323,121,81,8819,1996,0.0,31340.0,0.8946940000000001,1.240424,KOR,GBR,841382
3737324,124,81,8819,1996,0.0,4993.0,-0.051973,0.002154,LBN,GBR,841382
3737325,126,81,8819,1996,1636.0,5518116.0,-0.588489,-1.138552,LBY,GBR,841382
3737326,128,81,8819,1996,0.0,14295.0,-0.812763,-0.188722,LKA,GBR,841382
3737327,133,81,8819,1996,0.0,11033.0,-0.23007399999999997,-0.34139400000000003,MAC,GBR,841382
3737328,138,81,8819,1996,0.0,7006.0,0.651949,0.9132170000000001,MEX,GBR,841382
3737329,142,81,8819,1996,0.0,1002.0,0.8825440000000001,0.066541,MLT,GBR,841382
3737330,151,81,8819,1996,0.0,4169.0,-0.538651,-0.746274,MUS,GBR,841382
3737331,153,81,8819,1996,0.0,54856.0,0.351774,0.347262,MYS,GBR,841382
3737332,159,81,8819,1996,0.0,2199.0,-1.813359,-1.1967,NGA,GBR,841382
3737333,162,81,8819,1996,2072.0,53712.0,1.256625,1.803132,NLD,GBR,841382
3737334,163,81,8819,1996,69177.0,2289.0,1.204869,0.303062,NOR,GBR,841382
3737335,166,81,8819,1996,0.0,102860.0,0.49466099999999996,0.8302879999999999,NZL,GBR,841382
3737336,167,81,8819,1996,0.0,16089.0,-0.10243499999999998,-0.8425879999999999,OMN,GBR,841382
3737337,168,81,8819,1996,0.0,70185.0,-0.7543300000000001,-0.393654,PAK,GBR,841382
3737338,169,81,8819,1996,0.0,1082.0,-0.100537,-0.374129,PAN,GBR,841382
3737339,174,81,8819,1996,1169.0,0.0,-0.276548,0.344986,PHL,GBR,841382
3737340,177,81,8819,1996,0.0,41771.0,0.795489,1.9004729999999999,POL,GBR,841382
3737341,183,81,8819,1996,0.0,40812.0,-0.48203500000000005,-1.117173,QAT,GBR,841382
3737342,185,81,8819,1996,0.0,1612.0,0.612035,0.880964,ROU,GBR,841382
3737343,186,81,8819,1996,0.0,24440.0,0.900185,0.47723000000000004,RUS,GBR,841382
3737344,188,81,8819,1996,0.0,11302.0,0.215265,-0.8577309999999999,SAU,GBR,841382
3737345,190,81,8819,1996,0.0,2802.0,-1.4146459999999998,-1.181707,SDN,GBR,841382
3737346,192,81,8819,1996,0.0,48669.0,0.8354299999999999,0.41169799999999995,SGP,GBR,841382
3737347,206,81,8819,1996,0.0,4546.0,1.189398,1.29167,SVK,GBR,841382
3737348,207,81,8819,1996,0.0,920.0,1.409184,1.37245,SVN,GBR,841382
3737349,208,81,8819,1996,4243.0,0.0,2.133781,0.9099889999999999,SWE,GBR,841382
3737350,211,81,8819,1996,0.0,1101.0,0.239125,-0.458433,SYC,GBR,841382
3737351,216,81,8819,1996,0.0,5610.0,0.10120599999999999,1.351967,THA,GBR,841382
3737352,222,81,8819,1996,0.0,502174.0,0.19111,-0.488382,TTO,GBR,841382
3737353,224,81,8819,1996,5104.0,59537.0,0.156866,1.554023,TUR,GBR,841382
3737354,226,81,8819,1996,0.0,61769.0,-1.391534,-0.907436,TZA,GBR,841382
3737355,227,81,8819,1996,0.0,2896.0,-0.931124,-0.925523,UGA,GBR,841382
3737356,228,81,8819,1996,0.0,39667.0,0.896537,0.9241459999999999,UKR,GBR,841382
3737357,231,81,8819,1996,137893.0,174553.0,1.7110560000000001,1.125141,USA,GBR,841382
3737358,246,81,8819,1996,0.0,33666.0,0.456593,1.150786,ZAF,GBR,841382
3737359,247,81,8819,1996,0.0,158035.0,-0.340956,-0.714009,ZMB,GBR,841382
3737360,249,81,8819,1996,72560.0,37816.0,1.432225,1.675389,TWN,GBR,841382
3737361,4,90,8819,1996,0.0,638065.0,-0.309992,-0.039541,ALB,GRC,841382
3737362,15,90,8819,1996,3251.0,0.0,1.9216669999999998,0.659388,AUT,GRC,841382
3737363,18,90,8819,1996,7926.0,0.0,1.549312,1.273767,BEL,GRC,841382
3737364,23,90,8819,1996,0.0,2869.0,0.544265,1.523408,BGR,GRC,841382
3737365,58,90,8819,1996,1628.0,13288.0,0.20007,0.020590999999999998,CYP,GRC,841382
3737366,61,90,8819,1996,78510.0,0.0,2.279976,-2.572299,DEU,GRC,841382
3737367,66,90,8819,1996,0.0,3707.0,-0.33419699999999997,-1.035736,DZA,GRC,841382
3737368,71,90,8819,1996,22284.0,0.0,1.105317,1.9473,ESP,GRC,841382
3737369,77,90,8819,1996,1355.0,0.0,1.69082,0.721312,FRA,GRC,841382
3737370,81,90,8819,1996,20345.0,0.0,1.850284,0.883084,GBR,GRC,841382
3737371,84,90,8819,1996,0.0,2006.0,0.932001,-0.20733400000000002,GIB,GRC,841382
3737372,97,90,8819,1996,0.0,513808.0,0.54364,2.727659,HKG,GRC,841382
3737373,111,90,8819,1996,150067.0,0.0,1.4674690000000001,1.263362,ITA,GRC,841382
3737374,114,90,8819,1996,5441.0,0.0,2.615364,0.5656939999999999,JPN,GRC,841382
3737375,121,90,8819,1996,0.0,30155.0,0.8946940000000001,1.240424,KOR,GRC,841382
3737376,142,90,8819,1996,0.0,1802.0,0.8825440000000001,0.066541,MLT,GRC,841382
3737377,162,90,8819,1996,2625.0,0.0,1.256625,1.803132,NLD,GRC,841382
3737378,188,90,8819,1996,0.0,3208.0,0.215265,-0.8577309999999999,SAU,GRC,841382
3737379,192,90,8819,1996,0.0,14105.0,0.8354299999999999,0.41169799999999995,SGP,GRC,841382
3737380,207,90,8819,1996,0.0,763.0,1.409184,1.37245,SVN,GRC,841382
3737381,216,90,8819,1996,0.0,18981.0,0.10120599999999999,1.351967,THA,GRC,841382
3737382,224,90,8819,1996,0.0,9939.0,0.156866,1.554023,TUR,GRC,841382
3737383,231,90,8819,1996,15623.0,0.0,1.7110560000000001,1.125141,USA,GRC,841382
3737384,249,90,8819,1996,15629.0,0.0,1.432225,1.675389,TWN,GRC,841382
3737385,250,90,8819,1996,0.0,3708.0,1.084978,0.901755,ANS,GRC,841382
3737386,32,93,8819,1996,9007.0,0.0,0.699658,1.271724,BRA,GTM,841382
3737387,49,93,8819,1996,3595.0,0.0,0.136487,0.078743,COL,GTM,841382
3737388,61,93,8819,1996,17245.0,0.0,2.279976,-2.572299,DEU,GTM,841382
3737389,64,93,8819,1996,7235.0,0.0,1.443514,1.275684,DNK,GTM,841382
3737390,81,93,8819,1996,1831.0,0.0,1.850284,0.883084,GBR,GTM,841382
3737391,111,93,8819,1996,5413.0,0.0,1.4674690000000001,1.263362,ITA,GTM,841382
3737392,114,93,8819,1996,3605.0,0.0,2.615364,0.5656939999999999,JPN,GTM,841382
3737393,138,93,8819,1996,15152.0,0.0,0.651949,0.9132170000000001,MEX,GTM,841382
3737394,162,93,8819,1996,2685.0,0.0,1.256625,1.803132,NLD,GTM,841382
3737395,197,93,8819,1996,0.0,2275.0,-0.24968800000000002,-0.121995,SLV,GTM,841382
3737396,231,93,8819,1996,240152.0,0.0,1.7110560000000001,1.125141,USA,GTM,841382
3737397,249,93,8819,1996,2539.0,0.0,1.432225,1.675389,TWN,GTM,841382
3737398,14,97,8819,1996,80194.0,0.0,0.369697,0.78069,AUS,HKG,841382
3737399,41,97,8819,1996,7838.0,0.0,2.246238,0.603288,CHE,HKG,841382
3737400,43,97,8819,1996,31664.0,85217.0,0.404422,3.061344,CHN,HKG,841382
3737401,61,97,8819,1996,35673.0,0.0,2.279976,-2.572299,DEU,HKG,841382
3737402,67,97,8819,1996,0.0,2562.0,-1.1391200000000001,-0.992735,ECU,HKG,841382
3737403,77,97,8819,1996,48667.0,0.0,1.69082,0.721312,FRA,HKG,841382
3737404,81,97,8819,1996,173283.0,0.0,1.850284,0.883084,GBR,HKG,841382
3737405,90,97,8819,1996,513808.0,0.0,0.271386,1.042608,GRC,HKG,841382
3737406,103,97,8819,1996,24776.0,27610.0,-0.43199899999999997,1.22074,IDN,HKG,841382
3737407,104,97,8819,1996,0.0,4969.0,0.20685599999999998,2.317622,IND,HKG,841382
3737408,111,97,8819,1996,68991.0,0.0,1.4674690000000001,1.263362,ITA,HKG,841382
3737409,114,97,8819,1996,79359.0,0.0,2.615364,0.5656939999999999,JPN,HKG,841382
3737410,145,97,8819,1996,0.0,90727.0,-0.18177000000000001,-0.8212280000000001,MNG,HKG,841382
3737411,163,97,8819,1996,15596.0,0.0,1.204869,0.303062,NOR,HKG,841382
3737412,192,97,8819,1996,12181.0,0.0,0.8354299999999999,0.41169799999999995,SGP,HKG,841382
3737413,231,97,8819,1996,47935.0,0.0,1.7110560000000001,1.125141,USA,HKG,841382
3737414,49,99,8819,1996,17365.0,0.0,0.136487,0.078743,COL,HND,841382
3737415,71,99,8819,1996,8221.0,0.0,1.105317,1.9473,ESP,HND,841382
3737416,114,99,8819,1996,22077.0,0.0,2.615364,0.5656939999999999,JPN,HND,841382
3737417,138,99,8819,1996,3621.0,0.0,0.651949,0.9132170000000001,MEX,HND,841382
3737418,160,99,8819,1996,2724.0,0.0,-0.767799,-0.737816,NIC,HND,841382
3737419,169,99,8819,1996,1197.0,0.0,-0.100537,-0.374129,PAN,HND,841382
3737420,197,99,8819,1996,2088.0,0.0,-0.24968800000000002,-0.121995,SLV,HND,841382
3737421,231,99,8819,1996,59713.0,8629.0,1.7110560000000001,1.125141,USA,HND,841382
3737422,68,106,8819,1996,0.0,3572.0,-0.5446409999999999,-0.229586,EGY,IRL,841382
3737423,77,106,8819,1996,0.0,16426.0,1.69082,0.721312,FRA,IRL,841382
3737424,81,106,8819,1996,23362.0,10183.0,1.850284,0.883084,GBR,IRL,841382
3737425,100,106,8819,1996,0.0,1829.0,0.772706,1.1075270000000002,HRV,IRL,841382
3737426,114,106,8819,1996,1870.0,0.0,2.615364,0.5656939999999999,JPN,IRL,841382
3737427,138,106,8819,1996,1297.0,0.0,0.651949,0.9132170000000001,MEX,IRL,841382
3737428,166,106,8819,1996,7702.0,0.0,0.49466099999999996,0.8302879999999999,NZL,IRL,841382
3737429,231,106,8819,1996,12787.0,0.0,1.7110560000000001,1.125141,USA,IRL,841382
3737430,15,110,8819,1996,26712.0,0.0,1.9216669999999998,0.659388,AUT,ISR,841382
3737431,16,110,8819,1996,0.0,9588.0,0.500442,-0.280796,AZE,ISR,841382
3737432,41,110,8819,1996,3676.0,0.0,2.246238,0.603288,CHE,ISR,841382
3737433,68,110,8819,1996,0.0,5581.0,-0.5446409999999999,-0.229586,EGY,ISR,841382
3737434,71,110,8819,1996,17324.0,4779.0,1.105317,1.9473,ESP,ISR,841382
3737435,77,110,8819,1996,2745.0,1241.0,1.69082,0.721312,FRA,ISR,841382
3737436,81,110,8819,1996,15343.0,0.0,1.850284,0.883084,GBR,ISR,841382
3737437,83,110,8819,1996,0.0,1115.0,-1.035244,-0.9834129999999999,GHA,ISR,841382
3737438,111,110,8819,1996,553334.0,3078.0,1.4674690000000001,1.263362,ITA,ISR,841382
3737439,162,110,8819,1996,2463.0,0.0,1.256625,1.803132,NLD,ISR,841382
3737440,186,110,8819,1996,4695.0,0.0,0.900185,0.47723000000000004,RUS,ISR,841382
3737441,231,110,8819,1996,198724.0,0.0,1.7110560000000001,1.125141,USA,ISR,841382
3737442,4,111,8819,1996,0.0,41640.0,-0.309992,-0.039541,ALB,ITA,841382
3737443,7,111,8819,1996,1135723.0,259440.0,-0.245358,-0.726695,ARE,ITA,841382
3737444,8,111,8819,1996,0.0,338233.0,0.167081,0.433612,ARG,ITA,841382
3737445,14,111,8819,1996,0.0,105787.0,0.369697,0.78069,AUS,ITA,841382
3737446,15,111,8819,1996,16453.0,105486.0,1.9216669999999998,0.659388,AUT,ITA,841382
3737447,18,111,8819,1996,92424.0,201030.0,1.549312,1.273767,BEL,ITA,841382
3737448,22,111,8819,1996,0.0,1784.0,-1.060876,-1.05104,BGD,ITA,841382
3737449,23,111,8819,1996,0.0,2175.0,0.544265,1.523408,BGR,ITA,841382
3737450,26,111,8819,1996,0.0,56043.0,0.679466,0.730425,BIH,ITA,841382
3737451,31,111,8819,1996,0.0,29703.0,-0.589432,-0.7781,BOL,ITA,841382
3737452,32,111,8819,1996,0.0,73599.0,0.699658,1.271724,BRA,ITA,841382
3737453,39,111,8819,1996,0.0,44133.0,1.155706,1.1127049999999998,CAN,ITA,841382
3737454,41,111,8819,1996,1188196.0,269241.0,2.246238,0.603288,CHE,ITA,841382
3737455,42,111,8819,1996,0.0,17673.0,-0.052811000000000004,-0.169464,CHL,ITA,841382
3737456,43,111,8819,1996,4010.0,398753.0,0.404422,3.061344,CHN,ITA,841382
3737457,45,111,8819,1996,0.0,26740.0,-1.4036309999999999,-1.090633,CMR,ITA,841382
3737458,49,111,8819,1996,0.0,104084.0,0.136487,0.078743,COL,ITA,841382
3737459,54,111,8819,1996,0.0,4270.0,-0.555246,-1.0420479999999999,CUB,ITA,841382
3737460,58,111,8819,1996,3459.0,39980.0,0.20007,0.020590999999999998,CYP,ITA,841382
3737461,59,111,8819,1996,0.0,123134.0,1.401181,1.3094709999999998,CZE,ITA,841382
3737462,61,111,8819,1996,1251589.0,6157573.0,2.279976,-2.572299,DEU,ITA,841382
3737463,64,111,8819,1996,63488.0,0.0,1.443514,1.275684,DNK,ITA,841382
3737464,65,111,8819,1996,0.0,110601.0,-0.596093,-0.5602060000000001,DOM,ITA,841382
3737465,66,111,8819,1996,0.0,69013.0,-0.33419699999999997,-1.035736,DZA,ITA,841382
3737466,67,111,8819,1996,0.0,687932.0,-1.1391200000000001,-0.992735,ECU,ITA,841382
3737467,68,111,8819,1996,0.0,383666.0,-0.5446409999999999,-0.229586,EGY,ITA,841382
3737468,71,111,8819,1996,57122.0,387543.0,1.105317,1.9473,ESP,ITA,841382
3737469,72,111,8819,1996,0.0,22158.0,0.53397,1.0877940000000001,EST,ITA,841382
3737470,73,111,8819,1996,0.0,14109.0,-1.265383,-1.131925,ETH,ITA,841382
3737471,74,111,8819,1996,0.0,83875.0,2.0584729999999998,1.006908,FIN,ITA,841382
3737472,77,111,8819,1996,216201.0,459805.0,1.69082,0.721312,FRA,ITA,841382
3737473,80,111,8819,1996,0.0,29266.0,-1.693615,-1.174433,GAB,ITA,841382
3737474,81,111,8819,1996,21512.0,81275.0,1.850284,0.883084,GBR,ITA,841382
3737475,82,111,8819,1996,0.0,2210.0,0.5383020000000001,0.167596,GEO,ITA,841382
3737476,83,111,8819,1996,0.0,1224.0,-1.035244,-0.9834129999999999,GHA,ITA,841382
3737477,85,111,8819,1996,0.0,32684.0,-1.2641930000000001,-1.1317409999999999,GIN,ITA,841382
3737478,90,111,8819,1996,0.0,150067.0,0.271386,1.042608,GRC,ITA,841382
3737479,93,111,8819,1996,0.0,5413.0,-0.332901,0.23790300000000003,GTM,ITA,841382
3737480,97,111,8819,1996,0.0,68991.0,0.54364,2.727659,HKG,ITA,841382
3737481,100,111,8819,1996,0.0,160254.0,0.772706,1.1075270000000002,HRV,ITA,841382
3737482,102,111,8819,1996,0.0,69917.0,0.790036,1.891534,HUN,ITA,841382
3737483,103,111,8819,1996,0.0,8552.0,-0.43199899999999997,1.22074,IDN,ITA,841382
3737484,104,111,8819,1996,0.0,5173.0,0.20685599999999998,2.317622,IND,ITA,841382
3737485,107,111,8819,1996,0.0,589825.0,-0.7496649999999999,-1.1173520000000001,IRN,ITA,841382
3737486,109,111,8819,1996,0.0,3115.0,0.003558,-0.551796,ISL,ITA,841382
3737487,110,111,8819,1996,3078.0,553334.0,1.054975,1.072965,ISR,ITA,841382
3737488,113,111,8819,1996,0.0,55612.0,0.12203499999999999,-0.41859399999999997,JOR,ITA,841382
3737489,114,111,8819,1996,211614.0,195672.0,2.615364,0.5656939999999999,JPN,ITA,841382
3737490,116,111,8819,1996,0.0,13836.0,-0.468322,-0.017625,KEN,ITA,841382
3737491,121,111,8819,1996,0.0,251564.0,0.8946940000000001,1.240424,KOR,ITA,841382
3737492,122,111,8819,1996,0.0,33362.0,-0.27174499999999996,-1.098243,KWT,ITA,841382
3737493,124,111,8819,1996,0.0,1234429.0,-0.051973,0.002154,LBN,ITA,841382
3737494,126,111,8819,1996,0.0,8316.0,-0.588489,-1.138552,LBY,ITA,841382
3737495,128,111,8819,1996,0.0,4220.0,-0.812763,-0.188722,LKA,ITA,841382
3737496,130,111,8819,1996,0.0,59224.0,0.40520500000000004,0.9465950000000001,LTU,ITA,841382
3737497,132,111,8819,1996,0.0,57301.0,0.33418600000000004,0.1615,LVA,ITA,841382
3737498,134,111,8819,1996,0.0,2846.0,-0.67314,-0.241242,MAR,ITA,841382
3737499,136,111,8819,1996,0.0,3395.0,-1.213619,-0.606686,MDG,ITA,841382
3737500,138,111,8819,1996,0.0,311043.0,0.651949,0.9132170000000001,MEX,ITA,841382
3737501,140,111,8819,1996,0.0,17310.0,0.316133,0.933068,MKD,ITA,841382
3737502,141,111,8819,1996,0.0,1459.0,-0.987858,-0.9677040000000001,MLI,ITA,841382
3737503,142,111,8819,1996,0.0,8712.0,0.8825440000000001,0.066541,MLT,ITA,841382
3737504,153,111,8819,1996,0.0,210832.0,0.351774,0.347262,MYS,ITA,841382
3737505,157,111,8819,1996,0.0,3374.0,-0.594771,-0.643008,NER,ITA,841382
3737506,159,111,8819,1996,0.0,399854.0,-1.813359,-1.1967,NGA,ITA,841382
3737507,162,111,8819,1996,62186.0,76290.0,1.256625,1.803132,NLD,ITA,841382
3737508,163,111,8819,1996,0.0,40431.0,1.204869,0.303062,NOR,ITA,841382
3737509,166,111,8819,1996,0.0,11803.0,0.49466099999999996,0.8302879999999999,NZL,ITA,841382
3737510,168,111,8819,1996,0.0,30501.0,-0.7543300000000001,-0.393654,PAK,ITA,841382
3737511,169,111,8819,1996,0.0,2180.0,-0.100537,-0.374129,PAN,ITA,841382
3737512,173,111,8819,1996,0.0,237921.0,-0.43761000000000005,-0.28077399999999997,PER,ITA,841382
3737513,174,111,8819,1996,0.0,22994.0,-0.276548,0.344986,PHL,ITA,841382
3737514,177,111,8819,1996,0.0,177685.0,0.795489,1.9004729999999999,POL,ITA,841382
3737515,179,111,8819,1996,0.0,131598.0,0.39343,1.170144,PRT,ITA,841382
3737516,180,111,8819,1996,0.0,66271.0,-0.506178,-0.712851,PRY,ITA,841382
3737517,185,111,8819,1996,34118.0,105902.0,0.612035,0.880964,ROU,ITA,841382
3737518,186,111,8819,1996,0.0,114712.0,0.900185,0.47723000000000004,RUS,ITA,841382
3737519,188,111,8819,1996,0.0,187642.0,0.215265,-0.8577309999999999,SAU,ITA,841382
3737520,189,111,8819,1996,0.0,9109.0,0.786293,2.20126,SCG,ITA,841382
3737521,190,111,8819,1996,0.0,1894.0,-1.4146459999999998,-1.181707,SDN,ITA,841382
3737522,191,111,8819,1996,0.0,2270.0,-0.619785,-0.712171,SEN,ITA,841382
3737523,192,111,8819,1996,6015.0,310381.0,0.8354299999999999,0.41169799999999995,SGP,ITA,841382
3737524,197,111,8819,1996,0.0,15475.0,-0.24968800000000002,-0.121995,SLV,ITA,841382
3737525,205,111,8819,1996,0.0,9666.0,-0.93463,-0.797197,SUR,ITA,841382
3737526,206,111,8819,1996,0.0,38693.0,1.189398,1.29167,SVK,ITA,841382
3737527,207,111,8819,1996,0.0,136812.0,1.409184,1.37245,SVN,ITA,841382
3737528,208,111,8819,1996,1439.0,370261.0,2.133781,0.9099889999999999,SWE,ITA,841382
3737529,212,111,8819,1996,0.0,1316536.0,-1.100666,-0.90038,SYR,ITA,841382
3737530,216,111,8819,1996,0.0,230116.0,0.10120599999999999,1.351967,THA,ITA,841382
3737531,223,111,8819,1996,0.0,145665.0,-0.28546,-0.089051,TUN,ITA,841382
3737532,224,111,8819,1996,0.0,412540.0,0.156866,1.554023,TUR,ITA,841382
3737533,226,111,8819,1996,0.0,11436.0,-1.391534,-0.907436,TZA,ITA,841382
3737534,227,111,8819,1996,0.0,3446.0,-0.931124,-0.925523,UGA,ITA,841382
3737535,228,111,8819,1996,0.0,11854.0,0.896537,0.9241459999999999,UKR,ITA,841382
3737536,230,111,8819,1996,0.0,71638.0,0.171541,0.313934,URY,ITA,841382
3737537,231,111,8819,1996,218172.0,3737879.0,1.7110560000000001,1.125141,USA,ITA,841382
3737538,236,111,8819,1996,0.0,13664.0,0.07086100000000001,-0.761307,VEN,ITA,841382
3737539,243,111,8819,1996,0.0,82825.0,-1.304556,-1.200523,YEM,ITA,841382
3737540,246,111,8819,1996,0.0,48372.0,0.456593,1.150786,ZAF,ITA,841382
3737541,248,111,8819,1996,0.0,1080.0,-0.393769,-0.34379,ZWE,ITA,841382
3737542,249,111,8819,1996,59114.0,152124.0,1.432225,1.675389,TWN,ITA,841382
3737543,8,121,8819,1996,0.0,4208.0,0.167081,0.433612,ARG,KOR,841382
3737544,15,121,8819,1996,0.0,5561.0,1.9216669999999998,0.659388,AUT,KOR,841382
3737545,23,121,8819,1996,1150.0,0.0,0.544265,1.523408,BGR,KOR,841382
3737546,41,121,8819,1996,32627.0,0.0,2.246238,0.603288,CHE,KOR,841382
3737547,42,121,8819,1996,0.0,10083.0,-0.052811000000000004,-0.169464,CHL,KOR,841382
3737548,43,121,8819,1996,0.0,93004.0,0.404422,3.061344,CHN,KOR,841382
3737549,61,121,8819,1996,222677.0,0.0,2.279976,-2.572299,DEU,KOR,841382
3737550,64,121,8819,1996,104103.0,0.0,1.443514,1.275684,DNK,KOR,841382
3737551,77,121,8819,1996,30805.0,0.0,1.69082,0.721312,FRA,KOR,841382
3737552,81,121,8819,1996,31340.0,0.0,1.850284,0.883084,GBR,KOR,841382
3737553,90,121,8819,1996,30155.0,0.0,0.271386,1.042608,GRC,KOR,841382
3737554,103,121,8819,1996,0.0,294024.0,-0.43199899999999997,1.22074,IDN,KOR,841382
3737555,111,121,8819,1996,251564.0,0.0,1.4674690000000001,1.263362,ITA,KOR,841382
3737556,145,121,8819,1996,5083.0,0.0,-0.18177000000000001,-0.8212280000000001,MNG,KOR,841382
3737557,153,121,8819,1996,0.0,7336.0,0.351774,0.347262,MYS,KOR,841382
3737558,180,121,8819,1996,0.0,239845.0,-0.506178,-0.712851,PRY,KOR,841382
3737559,188,121,8819,1996,0.0,12046.0,0.215265,-0.8577309999999999,SAU,KOR,841382
3737560,192,121,8819,1996,0.0,74132.0,0.8354299999999999,0.41169799999999995,SGP,KOR,841382
3737561,231,121,8819,1996,67922.0,23272.0,1.7110560000000001,1.125141,USA,KOR,841382
3737562,8,138,8819,1996,0.0,2390.0,0.167081,0.433612,ARG,MEX,841382
3737563,18,138,8819,1996,3613.0,0.0,1.549312,1.273767,BEL,MEX,841382
3737564,32,138,8819,1996,1744.0,24843.0,0.699658,1.271724,BRA,MEX,841382
3737565,39,138,8819,1996,80030.0,1220.0,1.155706,1.1127049999999998,CAN,MEX,841382
3737566,41,138,8819,1996,19250.0,0.0,2.246238,0.603288,CHE,MEX,841382
3737567,42,138,8819,1996,0.0,33315.0,-0.052811000000000004,-0.169464,CHL,MEX,841382
3737568,43,138,8819,1996,167778.0,0.0,0.404422,3.061344,CHN,MEX,841382
3737569,49,138,8819,1996,0.0,182602.0,0.136487,0.078743,COL,MEX,841382
3737570,54,138,8819,1996,0.0,47378.0,-0.555246,-1.0420479999999999,CUB,MEX,841382
3737571,61,138,8819,1996,75600.0,1047.0,2.279976,-2.572299,DEU,MEX,841382
3737572,64,138,8819,1996,4183.0,2028.0,1.443514,1.275684,DNK,MEX,841382
3737573,67,138,8819,1996,0.0,1812.0,-1.1391200000000001,-0.992735,ECU,MEX,841382
3737574,71,138,8819,1996,2211.0,0.0,1.105317,1.9473,ESP,MEX,841382
3737575,77,138,8819,1996,16586.0,0.0,1.69082,0.721312,FRA,MEX,841382
3737576,81,138,8819,1996,7006.0,0.0,1.850284,0.883084,GBR,MEX,841382
3737577,93,138,8819,1996,0.0,15152.0,-0.332901,0.23790300000000003,GTM,MEX,841382
3737578,99,138,8819,1996,0.0,3621.0,-0.69357,-0.48721400000000004,HND,MEX,841382
3737579,103,138,8819,1996,1402.0,0.0,-0.43199899999999997,1.22074,IDN,MEX,841382
3737580,106,138,8819,1996,0.0,1297.0,1.386011,0.9232100000000001,IRL,MEX,841382
3737581,111,138,8819,1996,311043.0,0.0,1.4674690000000001,1.263362,ITA,MEX,841382
3737582,114,138,8819,1996,104296.0,0.0,2.615364,0.5656939999999999,JPN,MEX,841382
3737583,162,138,8819,1996,12399.0,1338.0,1.256625,1.803132,NLD,MEX,841382
3737584,169,138,8819,1996,0.0,24241.0,-0.100537,-0.374129,PAN,MEX,841382
3737585,173,138,8819,1996,0.0,1527.0,-0.43761000000000005,-0.28077399999999997,PER,MEX,841382
3737586,197,138,8819,1996,0.0,25593.0,-0.24968800000000002,-0.121995,SLV,MEX,841382
3737587,208,138,8819,1996,3000.0,0.0,2.133781,0.9099889999999999,SWE,MEX,841382
3737588,231,138,8819,1996,342011.0,46650.0,1.7110560000000001,1.125141,USA,MEX,841382
3737589,236,138,8819,1996,0.0,4795.0,0.07086100000000001,-0.761307,VEN,MEX,841382
3737590,249,138,8819,1996,8194.0,0.0,1.432225,1.675389,TWN,MEX,841382
3737591,14,153,8819,1996,2141.0,6227.0,0.369697,0.78069,AUS,MYS,841382
3737592,52,153,8819,1996,0.0,4317.0,-0.34219499999999997,0.12221900000000001,CRI,MYS,841382
3737593,61,153,8819,1996,13590.0,0.0,2.279976,-2.572299,DEU,MYS,841382
3737594,64,153,8819,1996,37332.0,0.0,1.443514,1.275684,DNK,MYS,841382
3737595,71,153,8819,1996,19277.0,0.0,1.105317,1.9473,ESP,MYS,841382
3737596,77,153,8819,1996,0.0,2058.0,1.69082,0.721312,FRA,MYS,841382
3737597,81,153,8819,1996,54856.0,0.0,1.850284,0.883084,GBR,MYS,841382
3737598,103,153,8819,1996,510332.0,86222.0,-0.43199899999999997,1.22074,IDN,MYS,841382
3737599,111,153,8819,1996,210832.0,0.0,1.4674690000000001,1.263362,ITA,MYS,841382
3737600,114,153,8819,1996,261035.0,3243.0,2.615364,0.5656939999999999,JPN,MYS,841382
3737601,121,153,8819,1996,7336.0,0.0,0.8946940000000001,1.240424,KOR,MYS,841382
3737602,128,153,8819,1996,0.0,126899.0,-0.812763,-0.188722,LKA,MYS,841382
3737603,162,153,8819,1996,378273.0,95549.0,1.256625,1.803132,NLD,MYS,841382
3737604,192,153,8819,1996,17380.0,126978.0,0.8354299999999999,0.41169799999999995,SGP,MYS,841382
3737605,231,153,8819,1996,59230.0,2713.0,1.7110560000000001,1.125141,USA,MYS,841382
3737606,7,162,8819,1996,0.0,153865.0,-0.245358,-0.726695,ARE,NLD,841382
3737607,8,162,8819,1996,0.0,1755.0,0.167081,0.433612,ARG,NLD,841382
3737608,14,162,8819,1996,0.0,4836.0,0.369697,0.78069,AUS,NLD,841382
3737609,15,162,8819,1996,24811.0,15085.0,1.9216669999999998,0.659388,AUT,NLD,841382
3737610,18,162,8819,1996,63640.0,15975.0,1.549312,1.273767,BEL,NLD,841382
3737611,31,162,8819,1996,0.0,1163.0,-0.589432,-0.7781,BOL,NLD,841382
3737612,39,162,8819,1996,0.0,575568.0,1.155706,1.1127049999999998,CAN,NLD,841382
3737613,41,162,8819,1996,20403.0,352362.0,2.246238,0.603288,CHE,NLD,841382
3737614,43,162,8819,1996,0.0,28154.0,0.404422,3.061344,CHN,NLD,841382
3737615,61,162,8819,1996,251353.0,1449.0,2.279976,-2.572299,DEU,NLD,841382
3737616,64,162,8819,1996,152926.0,0.0,1.443514,1.275684,DNK,NLD,841382
3737617,68,162,8819,1996,0.0,644999.0,-0.5446409999999999,-0.229586,EGY,NLD,841382
3737618,71,162,8819,1996,0.0,18970.0,1.105317,1.9473,ESP,NLD,841382
3737619,74,162,8819,1996,0.0,17905.0,2.0584729999999998,1.006908,FIN,NLD,841382
3737620,77,162,8819,1996,1526.0,335607.0,1.69082,0.721312,FRA,NLD,841382
3737621,81,162,8819,1996,53712.0,2072.0,1.850284,0.883084,GBR,NLD,841382
3737622,83,162,8819,1996,0.0,2632.0,-1.035244,-0.9834129999999999,GHA,NLD,841382
3737623,90,162,8819,1996,0.0,2625.0,0.271386,1.042608,GRC,NLD,841382
3737624,93,162,8819,1996,0.0,2685.0,-0.332901,0.23790300000000003,GTM,NLD,841382
3737625,103,162,8819,1996,0.0,7218.0,-0.43199899999999997,1.22074,IDN,NLD,841382
3737626,104,162,8819,1996,1362.0,0.0,0.20685599999999998,2.317622,IND,NLD,841382
3737627,110,162,8819,1996,0.0,2463.0,1.054975,1.072965,ISR,NLD,841382
3737628,111,162,8819,1996,76290.0,62186.0,1.4674690000000001,1.263362,ITA,NLD,841382
3737629,114,162,8819,1996,30646.0,0.0,2.615364,0.5656939999999999,JPN,NLD,841382
3737630,126,162,8819,1996,0.0,10158.0,-0.588489,-1.138552,LBY,NLD,841382
3737631,138,162,8819,1996,1338.0,12399.0,0.651949,0.9132170000000001,MEX,NLD,841382
3737632,153,162,8819,1996,95549.0,378273.0,0.351774,0.347262,MYS,NLD,841382
3737633,159,162,8819,1996,0.0,5061.0,-1.813359,-1.1967,NGA,NLD,841382
3737634,163,162,8819,1996,57171.0,4334.0,1.204869,0.303062,NOR,NLD,841382
3737635,167,162,8819,1996,0.0,1144.0,-0.10243499999999998,-0.8425879999999999,OMN,NLD,841382
3737636,179,162,8819,1996,0.0,6594.0,0.39343,1.170144,PRT,NLD,841382
3737637,188,162,8819,1996,0.0,2257.0,0.215265,-0.8577309999999999,SAU,NLD,841382
3737638,192,162,8819,1996,0.0,45440.0,0.8354299999999999,0.41169799999999995,SGP,NLD,841382
3737639,197,162,8819,1996,0.0,11351.0,-0.24968800000000002,-0.121995,SLV,NLD,841382
3737640,205,162,8819,1996,0.0,335397.0,-0.93463,-0.797197,SUR,NLD,841382
3737641,206,162,8819,1996,0.0,36883.0,1.189398,1.29167,SVK,NLD,841382
3737642,208,162,8819,1996,0.0,33376.0,2.133781,0.9099889999999999,SWE,NLD,841382
3737643,215,162,8819,1996,0.0,6091.0,-0.9070459999999999,-0.7702399999999999,TGO,NLD,841382
3737644,216,162,8819,1996,0.0,284664.0,0.10120599999999999,1.351967,THA,NLD,841382
3737645,223,162,8819,1996,0.0,5002.0,-0.28546,-0.089051,TUN,NLD,841382
3737646,226,162,8819,1996,0.0,49897.0,-1.391534,-0.907436,TZA,NLD,841382
3737647,231,162,8819,1996,31777.0,634654.0,1.7110560000000001,1.125141,USA,NLD,841382
3737648,236,162,8819,1996,0.0,9998.0,0.07086100000000001,-0.761307,VEN,NLD,841382
3737649,246,162,8819,1996,0.0,10686.0,0.456593,1.150786,ZAF,NLD,841382
3737650,249,162,8819,1996,0.0,610152.0,1.432225,1.675389,TWN,NLD,841382
3737651,7,163,8819,1996,0.0,5081.0,-0.245358,-0.726695,ARE,NOR,841382
3737652,15,163,8819,1996,10503.0,0.0,1.9216669999999998,0.659388,AUT,NOR,841382
3737653,23,163,8819,1996,38627.0,0.0,0.544265,1.523408,BGR,NOR,841382
3737654,32,163,8819,1996,0.0,12457.0,0.699658,1.271724,BRA,NOR,841382
3737655,43,163,8819,1996,0.0,54536.0,0.404422,3.061344,CHN,NOR,841382
3737656,61,163,8819,1996,87056.0,3984.0,2.279976,-2.572299,DEU,NOR,841382
3737657,64,163,8819,1996,18149.0,65653.0,1.443514,1.275684,DNK,NOR,841382
3737658,71,163,8819,1996,5171.0,3525592.0,1.105317,1.9473,ESP,NOR,841382
3737659,74,163,8819,1996,25159.0,3446.0,2.0584729999999998,1.006908,FIN,NOR,841382
3737660,77,163,8819,1996,10392.0,0.0,1.69082,0.721312,FRA,NOR,841382
3737661,81,163,8819,1996,2289.0,69177.0,1.850284,0.883084,GBR,NOR,841382
3737662,97,163,8819,1996,0.0,15596.0,0.54364,2.727659,HKG,NOR,841382
3737663,102,163,8819,1996,19107.0,0.0,0.790036,1.891534,HUN,NOR,841382
3737664,109,163,8819,1996,0.0,227875.0,0.003558,-0.551796,ISL,NOR,841382
3737665,111,163,8819,1996,40431.0,0.0,1.4674690000000001,1.263362,ITA,NOR,841382
3737666,114,163,8819,1996,2622.0,0.0,2.615364,0.5656939999999999,JPN,NOR,841382
3737667,162,163,8819,1996,4334.0,57171.0,1.256625,1.803132,NLD,NOR,841382
3737668,177,163,8819,1996,0.0,108676.0,0.795489,1.9004729999999999,POL,NOR,841382
3737669,188,163,8819,1996,0.0,25436.0,0.215265,-0.8577309999999999,SAU,NOR,841382
3737670,192,163,8819,1996,171718.0,6213.0,0.8354299999999999,0.41169799999999995,SGP,NOR,841382
3737671,208,163,8819,1996,6366.0,206723.0,2.133781,0.9099889999999999,SWE,NOR,841382
3737672,224,163,8819,1996,0.0,35934.0,0.156866,1.554023,TUR,NOR,841382
3737673,231,163,8819,1996,26990.0,0.0,1.7110560000000001,1.125141,USA,NOR,841382
3737674,32,169,8819,1996,10988.0,0.0,0.699658,1.271724,BRA,PAN,841382
3737675,49,169,8819,1996,19685.0,0.0,0.136487,0.078743,COL,PAN,841382
3737676,52,169,8819,1996,2510.0,0.0,-0.34219499999999997,0.12221900000000001,CRI,PAN,841382
3737677,61,169,8819,1996,4848.0,0.0,2.279976,-2.572299,DEU,PAN,841382
3737678,67,169,8819,1996,0.0,1545.0,-1.1391200000000001,-0.992735,ECU,PAN,841382
3737679,81,169,8819,1996,1082.0,0.0,1.850284,0.883084,GBR,PAN,841382
3737680,99,169,8819,1996,0.0,1197.0,-0.69357,-0.48721400000000004,HND,PAN,841382
3737681,103,169,8819,1996,4247.0,0.0,-0.43199899999999997,1.22074,IDN,PAN,841382
3737682,111,169,8819,1996,2180.0,0.0,1.4674690000000001,1.263362,ITA,PAN,841382
3737683,138,169,8819,1996,24241.0,0.0,0.651949,0.9132170000000001,MEX,PAN,841382
3737684,197,169,8819,1996,0.0,4764.0,-0.24968800000000002,-0.121995,SLV,PAN,841382
3737685,231,169,8819,1996,13975.0,0.0,1.7110560000000001,1.125141,USA,PAN,841382
3737686,250,169,8819,1996,8011.0,0.0,1.084978,0.901755,ANS,PAN,841382
3737687,18,173,8819,1996,3256.0,0.0,1.549312,1.273767,BEL,PER,841382
3737688,32,173,8819,1996,18897.0,0.0,0.699658,1.271724,BRA,PER,841382
3737689,39,173,8819,1996,51916.0,0.0,1.155706,1.1127049999999998,CAN,PER,841382
3737690,42,173,8819,1996,2240.0,0.0,-0.052811000000000004,-0.169464,CHL,PER,841382
3737691,61,173,8819,1996,18995.0,0.0,2.279976,-2.572299,DEU,PER,841382
3737692,67,173,8819,1996,9519.0,1441.0,-1.1391200000000001,-0.992735,ECU,PER,841382
3737693,71,173,8819,1996,8469.0,0.0,1.105317,1.9473,ESP,PER,841382
3737694,77,173,8819,1996,1101.0,0.0,1.69082,0.721312,FRA,PER,841382
3737695,111,173,8819,1996,237921.0,0.0,1.4674690000000001,1.263362,ITA,PER,841382
3737696,114,173,8819,1996,8311.0,0.0,2.615364,0.5656939999999999,JPN,PER,841382
3737697,138,173,8819,1996,1527.0,0.0,0.651949,0.9132170000000001,MEX,PER,841382
3737698,231,173,8819,1996,105277.0,0.0,1.7110560000000001,1.125141,USA,PER,841382
3737699,236,173,8819,1996,0.0,4337.0,0.07086100000000001,-0.761307,VEN,PER,841382
3737700,18,174,8819,1996,1939.0,0.0,1.549312,1.273767,BEL,PHL,841382
3737701,61,174,8819,1996,9049.0,0.0,2.279976,-2.572299,DEU,PHL,841382
3737702,77,174,8819,1996,17282.0,0.0,1.69082,0.721312,FRA,PHL,841382
3737703,81,174,8819,1996,0.0,1169.0,1.850284,0.883084,GBR,PHL,841382
3737704,111,174,8819,1996,22994.0,0.0,1.4674690000000001,1.263362,ITA,PHL,841382
3737705,114,174,8819,1996,5031.0,0.0,2.615364,0.5656939999999999,JPN,PHL,841382
3737706,192,174,8819,1996,35598.0,0.0,0.8354299999999999,0.41169799999999995,SGP,PHL,841382
3737707,231,174,8819,1996,683896.0,0.0,1.7110560000000001,1.125141,USA,PHL,841382
3737708,2,179,8819,1996,0.0,171565.0,-2.3109900000000003,-1.172849,AGO,PRT,841382
3737709,15,179,8819,1996,2214.0,0.0,1.9216669999999998,0.659388,AUT,PRT,841382
3737710,18,179,8819,1996,24512.0,0.0,1.549312,1.273767,BEL,PRT,841382
3737711,23,179,8819,1996,14365.0,0.0,0.544265,1.523408,BGR,PRT,841382
3737712,41,179,8819,1996,6309.0,0.0,2.246238,0.603288,CHE,PRT,841382
3737713,43,179,8819,1996,4863.0,0.0,0.404422,3.061344,CHN,PRT,841382
3737714,51,179,8819,1996,0.0,2196.0,0.247925,-0.512776,CPV,PRT,841382
3737715,61,179,8819,1996,3108.0,0.0,2.279976,-2.572299,DEU,PRT,841382
3737716,71,179,8819,1996,129399.0,488030.0,1.105317,1.9473,ESP,PRT,841382
3737717,77,179,8819,1996,31449.0,0.0,1.69082,0.721312,FRA,PRT,841382
3737718,88,179,8819,1996,0.0,2281.0,-1.853188,-0.8371649999999999,GNB,PRT,841382
3737719,111,179,8819,1996,131598.0,0.0,1.4674690000000001,1.263362,ITA,PRT,841382
3737720,162,179,8819,1996,6594.0,0.0,1.256625,1.803132,NLD,PRT,841382
3737721,231,179,8819,1996,30008.0,0.0,1.7110560000000001,1.125141,USA,PRT,841382
3737722,8,180,8819,1996,19869.0,0.0,0.167081,0.433612,ARG,PRY,841382
3737723,32,180,8819,1996,30044.0,0.0,0.699658,1.271724,BRA,PRY,841382
3737724,41,180,8819,1996,2062.0,0.0,2.246238,0.603288,CHE,PRY,841382
3737725,61,180,8819,1996,27553.0,0.0,2.279976,-2.572299,DEU,PRY,841382
3737726,71,180,8819,1996,3907.0,0.0,1.105317,1.9473,ESP,PRY,841382
3737727,77,180,8819,1996,1440.0,0.0,1.69082,0.721312,FRA,PRY,841382
3737728,111,180,8819,1996,66271.0,0.0,1.4674690000000001,1.263362,ITA,PRY,841382
3737729,114,180,8819,1996,11025.0,0.0,2.615364,0.5656939999999999,JPN,PRY,841382
3737730,121,180,8819,1996,239845.0,0.0,0.8946940000000001,1.240424,KOR,PRY,841382
3737731,231,180,8819,1996,59089.0,0.0,1.7110560000000001,1.125141,USA,PRY,841382
3737732,7,190,8819,1996,5701.0,0.0,-0.245358,-0.726695,ARE,SDN,841382
3737733,15,190,8819,1996,54320.0,0.0,1.9216669999999998,0.659388,AUT,SDN,841382
3737734,43,190,8819,1996,26865.0,0.0,0.404422,3.061344,CHN,SDN,841382
3737735,61,190,8819,1996,2915.0,0.0,2.279976,-2.572299,DEU,SDN,841382
3737736,64,190,8819,1996,1161.0,0.0,1.443514,1.275684,DNK,SDN,841382
3737737,68,190,8819,1996,1719.0,0.0,-0.5446409999999999,-0.229586,EGY,SDN,841382
3737738,71,190,8819,1996,799.0,0.0,1.105317,1.9473,ESP,SDN,841382
3737739,77,190,8819,1996,5893.0,0.0,1.69082,0.721312,FRA,SDN,841382
3737740,81,190,8819,1996,2802.0,0.0,1.850284,0.883084,GBR,SDN,841382
3737741,104,190,8819,1996,134945.0,0.0,0.20685599999999998,2.317622,IND,SDN,841382
3737742,111,190,8819,1996,1894.0,0.0,1.4674690000000001,1.263362,ITA,SDN,841382
3737743,113,190,8819,1996,26135.0,0.0,0.12203499999999999,-0.41859399999999997,JOR,SDN,841382
3737744,188,190,8819,1996,26929.0,0.0,0.215265,-0.8577309999999999,SAU,SDN,841382
3737745,212,190,8819,1996,4458.0,0.0,-1.100666,-0.90038,SYR,SDN,841382
3737746,231,190,8819,1996,7983.0,0.0,1.7110560000000001,1.125141,USA,SDN,841382
3737747,111,205,8819,1996,9666.0,0.0,1.4674690000000001,1.263362,ITA,SUR,841382
3737748,162,205,8819,1996,335397.0,0.0,1.256625,1.803132,NLD,SUR,841382
3737749,231,205,8819,1996,55951.0,0.0,1.7110560000000001,1.125141,USA,SUR,841382
3737750,15,208,8819,1996,24709.0,5067.0,1.9216669999999998,0.659388,AUT,SWE,841382
3737751,18,208,8819,1996,0.0,5319.0,1.549312,1.273767,BEL,SWE,841382
3737752,31,208,8819,1996,0.0,50148.0,-0.589432,-0.7781,BOL,SWE,841382
3737753,32,208,8819,1996,0.0,9080.0,0.699658,1.271724,BRA,SWE,841382
3737754,41,208,8819,1996,2050.0,52280.0,2.246238,0.603288,CHE,SWE,841382
3737755,42,208,8819,1996,0.0,30905.0,-0.052811000000000004,-0.169464,CHL,SWE,841382
3737756,43,208,8819,1996,30744.0,5815.0,0.404422,3.061344,CHN,SWE,841382
3737757,49,208,8819,1996,0.0,11593.0,0.136487,0.078743,COL,SWE,841382
3737758,59,208,8819,1996,0.0,2923.0,1.401181,1.3094709999999998,CZE,SWE,841382
3737759,61,208,8819,1996,2090.0,6709.0,2.279976,-2.572299,DEU,SWE,841382
3737760,64,208,8819,1996,2896.0,5533.0,1.443514,1.275684,DNK,SWE,841382
3737761,68,208,8819,1996,0.0,11675.0,-0.5446409999999999,-0.229586,EGY,SWE,841382
3737762,71,208,8819,1996,0.0,40941.0,1.105317,1.9473,ESP,SWE,841382
3737763,72,208,8819,1996,5267.0,37541.0,0.53397,1.0877940000000001,EST,SWE,841382
3737764,74,208,8819,1996,0.0,3157.0,2.0584729999999998,1.006908,FIN,SWE,841382
3737765,77,208,8819,1996,0.0,16172.0,1.69082,0.721312,FRA,SWE,841382
3737766,81,208,8819,1996,0.0,4243.0,1.850284,0.883084,GBR,SWE,841382
3737767,100,208,8819,1996,0.0,1146.0,0.772706,1.1075270000000002,HRV,SWE,841382
3737768,102,208,8819,1996,0.0,1871.0,0.790036,1.891534,HUN,SWE,841382
3737769,103,208,8819,1996,0.0,135529.0,-0.43199899999999997,1.22074,IDN,SWE,841382
3737770,109,208,8819,1996,0.0,5848.0,0.003558,-0.551796,ISL,SWE,841382
3737771,111,208,8819,1996,370261.0,1439.0,1.4674690000000001,1.263362,ITA,SWE,841382
3737772,114,208,8819,1996,7124.0,1307.0,2.615364,0.5656939999999999,JPN,SWE,841382
3737773,138,208,8819,1996,0.0,3000.0,0.651949,0.9132170000000001,MEX,SWE,841382
3737774,162,208,8819,1996,33376.0,0.0,1.256625,1.803132,NLD,SWE,841382
3737775,163,208,8819,1996,206723.0,6366.0,1.204869,0.303062,NOR,SWE,841382
3737776,166,208,8819,1996,16057.0,0.0,0.49466099999999996,0.8302879999999999,NZL,SWE,841382
3737777,177,208,8819,1996,12457.0,18151.0,0.795489,1.9004729999999999,POL,SWE,841382
3737778,188,208,8819,1996,0.0,2612.0,0.215265,-0.8577309999999999,SAU,SWE,841382
3737779,226,208,8819,1996,0.0,1283.0,-1.391534,-0.907436,TZA,SWE,841382
3737780,231,208,8819,1996,136007.0,0.0,1.7110560000000001,1.125141,USA,SWE,841382
3737781,14,216,8819,1996,1489.0,0.0,0.369697,0.78069,AUS,THA,841382
3737782,15,216,8819,1996,863.0,0.0,1.9216669999999998,0.659388,AUT,THA,841382
3737783,41,216,8819,1996,22362.0,0.0,2.246238,0.603288,CHE,THA,841382
3737784,43,216,8819,1996,19334.0,2137.0,0.404422,3.061344,CHN,THA,841382
3737785,61,216,8819,1996,65012.0,0.0,2.279976,-2.572299,DEU,THA,841382
3737786,71,216,8819,1996,1694.0,0.0,1.105317,1.9473,ESP,THA,841382
3737787,77,216,8819,1996,1265.0,0.0,1.69082,0.721312,FRA,THA,841382
3737788,81,216,8819,1996,5610.0,0.0,1.850284,0.883084,GBR,THA,841382
3737789,90,216,8819,1996,18981.0,0.0,0.271386,1.042608,GRC,THA,841382
3737790,103,216,8819,1996,43159.0,53320.0,-0.43199899999999997,1.22074,IDN,THA,841382
3737791,104,216,8819,1996,2001.0,0.0,0.20685599999999998,2.317622,IND,THA,841382
3737792,111,216,8819,1996,230116.0,0.0,1.4674690000000001,1.263362,ITA,THA,841382
3737793,114,216,8819,1996,15876.0,5900.0,2.615364,0.5656939999999999,JPN,THA,841382
3737794,123,216,8819,1996,0.0,4267.0,-0.751092,-0.8680209999999999,LAO,THA,841382
3737795,162,216,8819,1996,284664.0,0.0,1.256625,1.803132,NLD,THA,841382
3737796,192,216,8819,1996,32188.0,42045.0,0.8354299999999999,0.41169799999999995,SGP,THA,841382
3737797,231,216,8819,1996,208733.0,0.0,1.7110560000000001,1.125141,USA,THA,841382
3737798,249,216,8819,1996,13460.0,0.0,1.432225,1.675389,TWN,THA,841382
3737799,39,222,8819,1996,2929.0,0.0,1.155706,1.1127049999999998,CAN,TTO,841382
3737800,81,222,8819,1996,502174.0,0.0,1.850284,0.883084,GBR,TTO,841382
3737801,231,222,8819,1996,151555.0,0.0,1.7110560000000001,1.125141,USA,TTO,841382
3737802,4,224,8819,1996,0.0,2445.0,-0.309992,-0.039541,ALB,TUR,841382
3737803,15,224,8819,1996,2897.0,249785.0,1.9216669999999998,0.659388,AUT,TUR,841382
3737804,16,224,8819,1996,0.0,9668.0,0.500442,-0.280796,AZE,TUR,841382
3737805,18,224,8819,1996,27893.0,0.0,1.549312,1.273767,BEL,TUR,841382
3737806,41,224,8819,1996,2884.0,0.0,2.246238,0.603288,CHE,TUR,841382
3737807,59,224,8819,1996,12392.0,0.0,1.401181,1.3094709999999998,CZE,TUR,841382
3737808,61,224,8819,1996,156549.0,0.0,2.279976,-2.572299,DEU,TUR,841382
3737809,64,224,8819,1996,12130.0,0.0,1.443514,1.275684,DNK,TUR,841382
3737810,68,224,8819,1996,0.0,36097.0,-0.5446409999999999,-0.229586,EGY,TUR,841382
3737811,71,224,8819,1996,720565.0,0.0,1.105317,1.9473,ESP,TUR,841382
3737812,77,224,8819,1996,75581.0,0.0,1.69082,0.721312,FRA,TUR,841382
3737813,81,224,8819,1996,59537.0,5104.0,1.850284,0.883084,GBR,TUR,841382
3737814,90,224,8819,1996,9939.0,0.0,0.271386,1.042608,GRC,TUR,841382
3737815,111,224,8819,1996,412540.0,0.0,1.4674690000000001,1.263362,ITA,TUR,841382
3737816,117,224,8819,1996,0.0,1150.0,0.350901,0.529512,KGZ,TUR,841382
3737817,163,224,8819,1996,35934.0,0.0,1.204869,0.303062,NOR,TUR,841382
3737818,186,224,8819,1996,0.0,19698.0,0.900185,0.47723000000000004,RUS,TUR,841382
3737819,219,224,8819,1996,0.0,21917.0,-0.756087,-1.160548,TKM,TUR,841382
3737820,231,224,8819,1996,15762.0,0.0,1.7110560000000001,1.125141,USA,TUR,841382
3737821,32,230,8819,1996,3196.0,0.0,0.699658,1.271724,BRA,URY,841382
3737822,71,230,8819,1996,18322.0,0.0,1.105317,1.9473,ESP,URY,841382
3737823,77,230,8819,1996,12060.0,0.0,1.69082,0.721312,FRA,URY,841382
3737824,111,230,8819,1996,71638.0,0.0,1.4674690000000001,1.263362,ITA,URY,841382
3737825,231,230,8819,1996,1387.0,0.0,1.7110560000000001,1.125141,USA,URY,841382
3737826,250,230,8819,1996,0.0,1035.0,1.084978,0.901755,ANS,URY,841382
3737827,0,231,8819,1996,0.0,4191.0,-0.681487,-0.70999,ABW,USA,841382
3737828,8,231,8819,1996,0.0,75697.0,0.167081,0.433612,ARG,USA,841382
3737829,14,231,8819,1996,30601.0,113359.0,0.369697,0.78069,AUS,USA,841382
3737830,15,231,8819,1996,0.0,91956.0,1.9216669999999998,0.659388,AUT,USA,841382
3737831,18,231,8819,1996,92854.0,16724.0,1.549312,1.273767,BEL,USA,841382
3737832,29,231,8819,1996,0.0,6220.0,-0.341173,-0.670063,BLZ,USA,841382
3737833,31,231,8819,1996,0.0,34411.0,-0.589432,-0.7781,BOL,USA,841382
3737834,32,231,8819,1996,0.0,16808.0,0.699658,1.271724,BRA,USA,841382
3737835,39,231,8819,1996,67933.0,414755.0,1.155706,1.1127049999999998,CAN,USA,841382
3737836,41,231,8819,1996,73667.0,340065.0,2.246238,0.603288,CHE,USA,841382
3737837,42,231,8819,1996,0.0,157727.0,-0.052811000000000004,-0.169464,CHL,USA,841382
3737838,43,231,8819,1996,151770.0,583167.0,0.404422,3.061344,CHN,USA,841382
3737839,49,231,8819,1996,0.0,139598.0,0.136487,0.078743,COL,USA,841382
3737840,52,231,8819,1996,0.0,5094.0,-0.34219499999999997,0.12221900000000001,CRI,USA,841382
3737841,61,231,8819,1996,115376.0,610763.0,2.279976,-2.572299,DEU,USA,841382
3737842,64,231,8819,1996,1832.0,0.0,1.443514,1.275684,DNK,USA,841382
3737843,65,231,8819,1996,0.0,8725.0,-0.596093,-0.5602060000000001,DOM,USA,841382
3737844,66,231,8819,1996,0.0,25427.0,-0.33419699999999997,-1.035736,DZA,USA,841382
3737845,67,231,8819,1996,0.0,58116.0,-1.1391200000000001,-0.992735,ECU,USA,841382
3737846,68,231,8819,1996,0.0,244958.0,-0.5446409999999999,-0.229586,EGY,USA,841382
3737847,71,231,8819,1996,59205.0,49379.0,1.105317,1.9473,ESP,USA,841382
3737848,74,231,8819,1996,0.0,44187.0,2.0584729999999998,1.006908,FIN,USA,841382
3737849,77,231,8819,1996,427035.0,772291.0,1.69082,0.721312,FRA,USA,841382
3737850,81,231,8819,1996,174553.0,137893.0,1.850284,0.883084,GBR,USA,841382
3737851,83,231,8819,1996,0.0,200846.0,-1.035244,-0.9834129999999999,GHA,USA,841382
3737852,90,231,8819,1996,0.0,15623.0,0.271386,1.042608,GRC,USA,841382
3737853,91,231,8819,1996,0.0,26519.0,0.285534,-0.37242600000000003,GRD,USA,841382
3737854,93,231,8819,1996,0.0,240152.0,-0.332901,0.23790300000000003,GTM,USA,841382
3737855,97,231,8819,1996,0.0,47935.0,0.54364,2.727659,HKG,USA,841382
3737856,99,231,8819,1996,8629.0,59713.0,-0.69357,-0.48721400000000004,HND,USA,841382
3737857,100,231,8819,1996,0.0,22118.0,0.772706,1.1075270000000002,HRV,USA,841382
3737858,102,231,8819,1996,0.0,15839.0,0.790036,1.891534,HUN,USA,841382
3737859,103,231,8819,1996,0.0,297316.0,-0.43199899999999997,1.22074,IDN,USA,841382
3737860,104,231,8819,1996,127449.0,2372.0,0.20685599999999998,2.317622,IND,USA,841382
3737861,106,231,8819,1996,0.0,12787.0,1.386011,0.9232100000000001,IRL,USA,841382
3737862,109,231,8819,1996,0.0,13320.0,0.003558,-0.551796,ISL,USA,841382
3737863,110,231,8819,1996,0.0,198724.0,1.054975,1.072965,ISR,USA,841382
3737864,111,231,8819,1996,3737879.0,218172.0,1.4674690000000001,1.263362,ITA,USA,841382
3737865,112,231,8819,1996,3701.0,122493.0,-0.6344350000000001,-0.814916,JAM,USA,841382
3737866,114,231,8819,1996,9227.0,19789.0,2.615364,0.5656939999999999,JPN,USA,841382
3737867,116,231,8819,1996,0.0,19287.0,-0.468322,-0.017625,KEN,USA,841382
3737868,120,231,8819,1996,0.0,2129.0,0.546384,-0.463373,KNA,USA,841382
3737869,121,231,8819,1996,23272.0,67922.0,0.8946940000000001,1.240424,KOR,USA,841382
3737870,122,231,8819,1996,0.0,161697.0,-0.27174499999999996,-1.098243,KWT,USA,841382
3737871,127,231,8819,1996,0.0,1208.0,0.016224000000000002,-0.664312,LCA,USA,841382
3737872,128,231,8819,1996,0.0,17229.0,-0.812763,-0.188722,LKA,USA,841382
3737873,136,231,8819,1996,0.0,2255.0,-1.213619,-0.606686,MDG,USA,841382
3737874,138,231,8819,1996,46650.0,342011.0,0.651949,0.9132170000000001,MEX,USA,841382
3737875,153,231,8819,1996,2713.0,59230.0,0.351774,0.347262,MYS,USA,841382
3737876,159,231,8819,1996,0.0,39738.0,-1.813359,-1.1967,NGA,USA,841382
3737877,160,231,8819,1996,0.0,33693.0,-0.767799,-0.737816,NIC,USA,841382
3737878,162,231,8819,1996,634654.0,31777.0,1.256625,1.803132,NLD,USA,841382
3737879,163,231,8819,1996,0.0,26990.0,1.204869,0.303062,NOR,USA,841382
3737880,166,231,8819,1996,0.0,5109.0,0.49466099999999996,0.8302879999999999,NZL,USA,841382
3737881,169,231,8819,1996,0.0,13975.0,-0.100537,-0.374129,PAN,USA,841382
3737882,173,231,8819,1996,0.0,105277.0,-0.43761000000000005,-0.28077399999999997,PER,USA,841382
3737883,174,231,8819,1996,0.0,683896.0,-0.276548,0.344986,PHL,USA,841382
3737884,177,231,8819,1996,0.0,18573.0,0.795489,1.9004729999999999,POL,USA,841382
3737885,179,231,8819,1996,0.0,30008.0,0.39343,1.170144,PRT,USA,841382
3737886,180,231,8819,1996,0.0,59089.0,-0.506178,-0.712851,PRY,USA,841382
3737887,186,231,8819,1996,0.0,1410012.0,0.900185,0.47723000000000004,RUS,USA,841382
3737888,188,231,8819,1996,17128.0,170991.0,0.215265,-0.8577309999999999,SAU,USA,841382
3737889,190,231,8819,1996,0.0,7983.0,-1.4146459999999998,-1.181707,SDN,USA,841382
3737890,192,231,8819,1996,5693.0,1559489.0,0.8354299999999999,0.41169799999999995,SGP,USA,841382
3737891,197,231,8819,1996,0.0,44766.0,-0.24968800000000002,-0.121995,SLV,USA,841382
3737892,205,231,8819,1996,0.0,55951.0,-0.93463,-0.797197,SUR,USA,841382
3737893,207,231,8819,1996,0.0,2227.0,1.409184,1.37245,SVN,USA,841382
3737894,208,231,8819,1996,0.0,136007.0,2.133781,0.9099889999999999,SWE,USA,841382
3737895,216,231,8819,1996,0.0,208733.0,0.10120599999999999,1.351967,THA,USA,841382
3737896,222,231,8819,1996,0.0,151555.0,0.19111,-0.488382,TTO,USA,841382
3737897,223,231,8819,1996,0.0,2606.0,-0.28546,-0.089051,TUN,USA,841382
3737898,224,231,8819,1996,0.0,15762.0,0.156866,1.554023,TUR,USA,841382
3737899,226,231,8819,1996,0.0,2242.0,-1.391534,-0.907436,TZA,USA,841382
3737900,227,231,8819,1996,0.0,6244.0,-0.931124,-0.925523,UGA,USA,841382
3737901,230,231,8819,1996,0.0,1387.0,0.171541,0.313934,URY,USA,841382
3737902,236,231,8819,1996,0.0,42782.0,0.07086100000000001,-0.761307,VEN,USA,841382
3737903,239,231,8819,1996,0.0,3380.0,-0.9336469999999999,-0.10985199999999999,VNM,USA,841382
3737904,243,231,8819,1996,0.0,8410.0,-1.304556,-1.200523,YEM,USA,841382
3737905,246,231,8819,1996,0.0,16199.0,0.456593,1.150786,ZAF,USA,841382
3737906,249,231,8819,1996,6990.0,218710.0,1.432225,1.675389,TWN,USA,841382
3737907,39,236,8819,1996,16484.0,0.0,1.155706,1.1127049999999998,CAN,VEN,841382
3737908,42,236,8819,1996,0.0,10702.0,-0.052811000000000004,-0.169464,CHL,VEN,841382
3737909,49,236,8819,1996,31929.0,6000.0,0.136487,0.078743,COL,VEN,841382
3737910,61,236,8819,1996,18252.0,0.0,2.279976,-2.572299,DEU,VEN,841382
3737911,64,236,8819,1996,177538.0,0.0,1.443514,1.275684,DNK,VEN,841382
3737912,71,236,8819,1996,3404.0,0.0,1.105317,1.9473,ESP,VEN,841382
3737913,77,236,8819,1996,6733.0,0.0,1.69082,0.721312,FRA,VEN,841382
3737914,111,236,8819,1996,13664.0,0.0,1.4674690000000001,1.263362,ITA,VEN,841382
3737915,114,236,8819,1996,15845.0,0.0,2.615364,0.5656939999999999,JPN,VEN,841382
3737916,138,236,8819,1996,4795.0,0.0,0.651949,0.9132170000000001,MEX,VEN,841382
3737917,162,236,8819,1996,9998.0,0.0,1.256625,1.803132,NLD,VEN,841382
3737918,173,236,8819,1996,4337.0,0.0,-0.43761000000000005,-0.28077399999999997,PER,VEN,841382
3737919,231,236,8819,1996,42782.0,0.0,1.7110560000000001,1.125141,USA,VEN,841382
3737920,15,14,8819,1996,8291.0,0.0,1.9216669999999998,0.659388,AUT,AUS,841382
3737921,39,14,8819,1996,6460.0,13306.0,1.155706,1.1127049999999998,CAN,AUS,841382
3737922,40,14,8819,1996,0.0,2938.0,0.26213400000000003,-0.584997,CCK,AUS,841382
3737923,41,14,8819,1996,2664.0,0.0,2.246238,0.603288,CHE,AUS,841382
3737924,43,14,8819,1996,52236.0,4179.0,0.404422,3.061344,CHN,AUS,841382
3737925,56,14,8819,1996,0.0,4008.0,0.8724709999999999,-0.499449,CXR,AUS,841382
3737926,61,14,8819,1996,52897.0,0.0,2.279976,-2.572299,DEU,AUS,841382
3737927,64,14,8819,1996,41760.0,0.0,1.443514,1.275684,DNK,AUS,841382
3737928,71,14,8819,1996,16024.0,1153.0,1.105317,1.9473,ESP,AUS,841382
3737929,75,14,8819,1996,0.0,963.0,-0.7977,-0.9271879999999999,FJI,AUS,841382
3737930,77,14,8819,1996,21534.0,0.0,1.69082,0.721312,FRA,AUS,841382
3737931,81,14,8819,1996,5448.0,0.0,1.850284,0.883084,GBR,AUS,841382
3737932,97,14,8819,1996,0.0,80194.0,0.54364,2.727659,HKG,AUS,841382
3737933,103,14,8819,1996,0.0,44925.0,-0.43199899999999997,1.22074,IDN,AUS,841382
3737934,104,14,8819,1996,2487.0,1687.0,0.20685599999999998,2.317622,IND,AUS,841382
3737935,111,14,8819,1996,105787.0,0.0,1.4674690000000001,1.263362,ITA,AUS,841382
3737936,114,14,8819,1996,4669.0,0.0,2.615364,0.5656939999999999,JPN,AUS,841382
3737937,118,14,8819,1996,0.0,4915.0,-1.110741,-1.089434,KHM,AUS,841382
3737938,153,14,8819,1996,6227.0,2141.0,0.351774,0.347262,MYS,AUS,841382
3737939,162,14,8819,1996,4836.0,0.0,1.256625,1.803132,NLD,AUS,841382
3737940,165,14,8819,1996,0.0,6352.0,1.24021,-0.442279,NRU,AUS,841382
3737941,166,14,8819,1996,154949.0,7772.0,0.49466099999999996,0.8302879999999999,NZL,AUS,841382
3737942,176,14,8819,1996,0.0,1622.0,-2.120746,-1.2199879999999999,PNG,AUS,841382
3737943,182,14,8819,1996,0.0,12439.0,0.845308,-0.31763,PYF,AUS,841382
3737944,186,14,8819,1996,0.0,149845.0,0.900185,0.47723000000000004,RUS,AUS,841382
3737945,192,14,8819,1996,1419.0,125289.0,0.8354299999999999,0.41169799999999995,SGP,AUS,841382
3737946,216,14,8819,1996,0.0,1489.0,0.10120599999999999,1.351967,THA,AUS,841382
3737947,231,14,8819,1996,113359.0,30601.0,1.7110560000000001,1.125141,USA,AUS,841382
3737948,242,14,8819,1996,0.0,2584.0,-0.9626600000000001,-0.838794,WSM,AUS,841382
3737949,250,14,8819,1996,0.0,1802.0,1.084978,0.901755,ANS,AUS,841382
3737950,107,16,8819,1996,3945.0,0.0,-0.7496649999999999,-1.1173520000000001,IRN,AZE,841382
3737951,110,16,8819,1996,9588.0,0.0,1.054975,1.072965,ISR,AZE,841382
3737952,186,16,8819,1996,0.0,253979.0,0.900185,0.47723000000000004,RUS,AZE,841382
3737953,224,16,8819,1996,9668.0,0.0,0.156866,1.554023,TUR,AZE,841382
3737954,228,16,8819,1996,0.0,6581.0,0.896537,0.9241459999999999,UKR,AZE,841382
3737955,232,16,8819,1996,0.0,92634.0,-0.17393499999999998,-0.727476,UZB,AZE,841382
3737956,104,22,8819,1996,1684.0,0.0,0.20685599999999998,2.317622,IND,BGD,841382
3737957,111,22,8819,1996,1784.0,0.0,1.4674690000000001,1.263362,ITA,BGD,841382
3737958,192,22,8819,1996,3575.0,0.0,0.8354299999999999,0.41169799999999995,SGP,BGD,841382
3737959,4,23,8819,1996,0.0,5643.0,-0.309992,-0.039541,ALB,BGR,841382
3737960,15,23,8819,1996,1499.0,0.0,1.9216669999999998,0.659388,AUT,BGR,841382
3737961,61,23,8819,1996,0.0,13645.0,2.279976,-2.572299,DEU,BGR,841382
3737962,72,23,8819,1996,3970.0,0.0,0.53397,1.0877940000000001,EST,BGR,841382
3737963,77,23,8819,1996,0.0,15355.0,1.69082,0.721312,FRA,BGR,841382
3737964,81,23,8819,1996,0.0,29170.0,1.850284,0.883084,GBR,BGR,841382
3737965,90,23,8819,1996,2869.0,0.0,0.271386,1.042608,GRC,BGR,841382
3737966,111,23,8819,1996,2175.0,0.0,1.4674690000000001,1.263362,ITA,BGR,841382
3737967,121,23,8819,1996,0.0,1150.0,0.8946940000000001,1.240424,KOR,BGR,841382
3737968,132,23,8819,1996,0.0,1105.0,0.33418600000000004,0.1615,LVA,BGR,841382
3737969,140,23,8819,1996,0.0,1181.0,0.316133,0.933068,MKD,BGR,841382
3737970,163,23,8819,1996,0.0,38627.0,1.204869,0.303062,NOR,BGR,841382
3737971,179,23,8819,1996,0.0,14365.0,0.39343,1.170144,PRT,BGR,841382
3737972,186,23,8819,1996,0.0,6667.0,0.900185,0.47723000000000004,RUS,BGR,841382
3737973,228,23,8819,1996,3607.0,0.0,0.896537,0.9241459999999999,UKR,BGR,841382
3737974,250,23,8819,1996,0.0,2028.0,1.084978,0.901755,ANS,BGR,841382
3737975,8,39,8819,1996,0.0,228272.0,0.167081,0.433612,ARG,CAN,841382
3737976,14,39,8819,1996,13306.0,6460.0,0.369697,0.78069,AUS,CAN,841382
3737977,15,39,8819,1996,0.0,59863.0,1.9216669999999998,0.659388,AUT,CAN,841382
3737978,42,39,8819,1996,0.0,34072.0,-0.052811000000000004,-0.169464,CHL,CAN,841382
3737979,43,39,8819,1996,0.0,108655.0,0.404422,3.061344,CHN,CAN,841382
3737980,49,39,8819,1996,0.0,1901.0,0.136487,0.078743,COL,CAN,841382
3737981,61,39,8819,1996,1627.0,0.0,2.279976,-2.572299,DEU,CAN,841382
3737982,71,39,8819,1996,0.0,4831.0,1.105317,1.9473,ESP,CAN,841382
3737983,77,39,8819,1996,6617.0,0.0,1.69082,0.721312,FRA,CAN,841382
3737984,81,39,8819,1996,9754.0,1891.0,1.850284,0.883084,GBR,CAN,841382
3737985,109,39,8819,1996,2397.0,0.0,0.003558,-0.551796,ISL,CAN,841382
3737986,111,39,8819,1996,44133.0,0.0,1.4674690000000001,1.263362,ITA,CAN,841382
3737987,138,39,8819,1996,1220.0,80030.0,0.651949,0.9132170000000001,MEX,CAN,841382
3737988,160,39,8819,1996,0.0,610.0,-0.767799,-0.737816,NIC,CAN,841382
3737989,162,39,8819,1996,575568.0,0.0,1.256625,1.803132,NLD,CAN,841382
3737990,173,39,8819,1996,0.0,51916.0,-0.43761000000000005,-0.28077399999999997,PER,CAN,841382
3737991,186,39,8819,1996,0.0,76894.0,0.900185,0.47723000000000004,RUS,CAN,841382
3737992,222,39,8819,1996,0.0,2929.0,0.19111,-0.488382,TTO,CAN,841382
3737993,228,39,8819,1996,0.0,5645.0,0.896537,0.9241459999999999,UKR,CAN,841382
3737994,231,39,8819,1996,414755.0,67933.0,1.7110560000000001,1.125141,USA,CAN,841382
3737995,236,39,8819,1996,0.0,16484.0,0.07086100000000001,-0.761307,VEN,CAN,841382
3737996,7,41,8819,1996,0.0,3827.0,-0.245358,-0.726695,ARE,CHE,841382
3737997,8,41,8819,1996,0.0,1682.0,0.167081,0.433612,ARG,CHE,841382
3737998,14,41,8819,1996,0.0,2664.0,0.369697,0.78069,AUS,CHE,841382
3737999,15,41,8819,1996,131791.0,16355.0,1.9216669999999998,0.659388,AUT,CHE,841382
3738000,18,41,8819,1996,49748.0,15181.0,1.549312,1.273767,BEL,CHE,841382
3738001,19,41,8819,1996,0.0,1045.0,-1.0032729999999999,-0.794779,BEN,CHE,841382
3738002,21,41,8819,1996,0.0,6716.0,-0.680996,-0.863442,BFA,CHE,841382
3738003,32,41,8819,1996,74103.0,4480.0,0.699658,1.271724,BRA,CHE,841382
3738004,42,41,8819,1996,0.0,8472.0,-0.052811000000000004,-0.169464,CHL,CHE,841382
3738005,45,41,8819,1996,0.0,2494.0,-1.4036309999999999,-1.090633,CMR,CHE,841382
3738006,49,41,8819,1996,0.0,21298.0,0.136487,0.078743,COL,CHE,841382
3738007,52,41,8819,1996,0.0,4245.0,-0.34219499999999997,0.12221900000000001,CRI,CHE,841382
3738008,58,41,8819,1996,0.0,778.0,0.20007,0.020590999999999998,CYP,CHE,841382
3738009,59,41,8819,1996,0.0,132763.0,1.401181,1.3094709999999998,CZE,CHE,841382
3738010,61,41,8819,1996,7871.0,211181.0,2.279976,-2.572299,DEU,CHE,841382
3738011,64,41,8819,1996,18593.0,0.0,1.443514,1.275684,DNK,CHE,841382
3738012,66,41,8819,1996,0.0,40297.0,-0.33419699999999997,-1.035736,DZA,CHE,841382
3738013,71,41,8819,1996,0.0,19240.0,1.105317,1.9473,ESP,CHE,841382
3738014,74,41,8819,1996,0.0,3000.0,2.0584729999999998,1.006908,FIN,CHE,841382
3738015,77,41,8819,1996,76056.0,20279.0,1.69082,0.721312,FRA,CHE,841382
3738016,81,41,8819,1996,16493.0,6287.0,1.850284,0.883084,GBR,CHE,841382
3738017,97,41,8819,1996,0.0,7838.0,0.54364,2.727659,HKG,CHE,841382
3738018,103,41,8819,1996,0.0,4489.0,-0.43199899999999997,1.22074,IDN,CHE,841382
3738019,104,41,8819,1996,0.0,27332.0,0.20685599999999998,2.317622,IND,CHE,841382
3738020,110,41,8819,1996,0.0,3676.0,1.054975,1.072965,ISR,CHE,841382
3738021,111,41,8819,1996,269241.0,1188196.0,1.4674690000000001,1.263362,ITA,CHE,841382
3738022,113,41,8819,1996,0.0,4575.0,0.12203499999999999,-0.41859399999999997,JOR,CHE,841382
3738023,114,41,8819,1996,0.0,6357.0,2.615364,0.5656939999999999,JPN,CHE,841382
3738024,121,41,8819,1996,0.0,32627.0,0.8946940000000001,1.240424,KOR,CHE,841382
3738025,134,41,8819,1996,0.0,1462.0,-0.67314,-0.241242,MAR,CHE,841382
3738026,138,41,8819,1996,0.0,19250.0,0.651949,0.9132170000000001,MEX,CHE,841382
3738027,162,41,8819,1996,352362.0,20403.0,1.256625,1.803132,NLD,CHE,841382
3738028,179,41,8819,1996,0.0,6309.0,0.39343,1.170144,PRT,CHE,841382
3738029,180,41,8819,1996,0.0,2062.0,-0.506178,-0.712851,PRY,CHE,841382
3738030,186,41,8819,1996,0.0,2813.0,0.900185,0.47723000000000004,RUS,CHE,841382
3738031,188,41,8819,1996,0.0,3436.0,0.215265,-0.8577309999999999,SAU,CHE,841382
3738032,192,41,8819,1996,0.0,5448.0,0.8354299999999999,0.41169799999999995,SGP,CHE,841382
3738033,207,41,8819,1996,13684.0,0.0,1.409184,1.37245,SVN,CHE,841382
3738034,208,41,8819,1996,52280.0,2050.0,2.133781,0.9099889999999999,SWE,CHE,841382
3738035,216,41,8819,1996,0.0,22362.0,0.10120599999999999,1.351967,THA,CHE,841382
3738036,224,41,8819,1996,0.0,2884.0,0.156866,1.554023,TUR,CHE,841382
3738037,226,41,8819,1996,0.0,1515.0,-1.391534,-0.907436,TZA,CHE,841382
3738038,231,41,8819,1996,340065.0,73667.0,1.7110560000000001,1.125141,USA,CHE,841382
3738039,239,41,8819,1996,0.0,7138.0,-0.9336469999999999,-0.10985199999999999,VNM,CHE,841382
3738040,249,41,8819,1996,0.0,19503.0,1.432225,1.675389,TWN,CHE,841382
3738041,8,42,8819,1996,2061.0,5708.0,0.167081,0.433612,ARG,CHL,841382
3738042,15,42,8819,1996,1025.0,0.0,1.9216669999999998,0.659388,AUT,CHL,841382
3738043,31,42,8819,1996,0.0,8302.0,-0.589432,-0.7781,BOL,CHL,841382
3738044,32,42,8819,1996,994.0,0.0,0.699658,1.271724,BRA,CHL,841382
3738045,39,42,8819,1996,34072.0,0.0,1.155706,1.1127049999999998,CAN,CHL,841382
3738046,41,42,8819,1996,8472.0,0.0,2.246238,0.603288,CHE,CHL,841382
3738047,43,42,8819,1996,1533.0,0.0,0.404422,3.061344,CHN,CHL,841382
3738048,61,42,8819,1996,47463.0,0.0,2.279976,-2.572299,DEU,CHL,841382
3738049,64,42,8819,1996,2537.0,0.0,1.443514,1.275684,DNK,CHL,841382
3738050,67,42,8819,1996,0.0,29131.0,-1.1391200000000001,-0.992735,ECU,CHL,841382
3738051,71,42,8819,1996,31018.0,0.0,1.105317,1.9473,ESP,CHL,841382
3738052,77,42,8819,1996,81754.0,0.0,1.69082,0.721312,FRA,CHL,841382
3738053,111,42,8819,1996,17673.0,0.0,1.4674690000000001,1.263362,ITA,CHL,841382
3738054,114,42,8819,1996,369489.0,0.0,2.615364,0.5656939999999999,JPN,CHL,841382
3738055,121,42,8819,1996,10083.0,0.0,0.8946940000000001,1.240424,KOR,CHL,841382
3738056,138,42,8819,1996,33315.0,0.0,0.651949,0.9132170000000001,MEX,CHL,841382
3738057,166,42,8819,1996,1029.0,0.0,0.49466099999999996,0.8302879999999999,NZL,CHL,841382
3738058,173,42,8819,1996,0.0,2240.0,-0.43761000000000005,-0.28077399999999997,PER,CHL,841382
3738059,178,42,8819,1996,1489.0,0.0,0.725014,1.20189,PRK,CHL,841382
3738060,208,42,8819,1996,30905.0,0.0,2.133781,0.9099889999999999,SWE,CHL,841382
3738061,231,42,8819,1996,157727.0,0.0,1.7110560000000001,1.125141,USA,CHL,841382
3738062,236,42,8819,1996,10702.0,0.0,0.07086100000000001,-0.761307,VEN,CHL,841382
3738063,250,42,8819,1996,3286.0,0.0,1.084978,0.901755,ANS,CHL,841382
3738064,15,59,8819,1996,75557.0,5177.0,1.9216669999999998,0.659388,AUT,CZE,841382
3738065,28,59,8819,1996,0.0,1365.0,0.7285550000000001,0.660716,BLR,CZE,841382
3738066,41,59,8819,1996,132763.0,0.0,2.246238,0.603288,CHE,CZE,841382
3738067,52,59,8819,1996,0.0,1129.0,-0.34219499999999997,0.12221900000000001,CRI,CZE,841382
3738068,61,59,8819,1996,236433.0,19311.0,2.279976,-2.572299,DEU,CZE,841382
3738069,67,59,8819,1996,0.0,5307.0,-1.1391200000000001,-0.992735,ECU,CZE,841382
3738070,77,59,8819,1996,3855.0,0.0,1.69082,0.721312,FRA,CZE,841382
3738071,111,59,8819,1996,123134.0,0.0,1.4674690000000001,1.263362,ITA,CZE,841382
3738072,132,59,8819,1996,0.0,1246.0,0.33418600000000004,0.1615,LVA,CZE,841382
3738073,177,59,8819,1996,0.0,4323.0,0.795489,1.9004729999999999,POL,CZE,841382
3738074,186,59,8819,1996,0.0,119502.0,0.900185,0.47723000000000004,RUS,CZE,841382
3738075,206,59,8819,1996,10350.0,14405.0,1.189398,1.29167,SVK,CZE,841382
3738076,208,59,8819,1996,2923.0,0.0,2.133781,0.9099889999999999,SWE,CZE,841382
3738077,224,59,8819,1996,0.0,12392.0,0.156866,1.554023,TUR,CZE,841382
3738078,228,59,8819,1996,4070.0,2998.0,0.896537,0.9241459999999999,UKR,CZE,841382
3738079,250,59,8819,1996,0.0,1112.0,1.084978,0.901755,ANS,CZE,841382
3738080,18,66,8819,1996,6093.0,0.0,1.549312,1.273767,BEL,DZA,841382
3738081,41,66,8819,1996,40297.0,0.0,2.246238,0.603288,CHE,DZA,841382
3738082,61,66,8819,1996,6773.0,0.0,2.279976,-2.572299,DEU,DZA,841382
3738083,71,66,8819,1996,123510.0,0.0,1.105317,1.9473,ESP,DZA,841382
3738084,77,66,8819,1996,60928.0,0.0,1.69082,0.721312,FRA,DZA,841382
3738085,90,66,8819,1996,3707.0,0.0,0.271386,1.042608,GRC,DZA,841382
3738086,111,66,8819,1996,69013.0,0.0,1.4674690000000001,1.263362,ITA,DZA,841382
3738087,114,66,8819,1996,4469.0,0.0,2.615364,0.5656939999999999,JPN,DZA,841382
3738088,231,66,8819,1996,25427.0,0.0,1.7110560000000001,1.125141,USA,DZA,841382
3738089,7,68,8819,1996,18118.0,0.0,-0.245358,-0.726695,ARE,EGY,841382
3738090,61,68,8819,1996,4460.0,0.0,2.279976,-2.572299,DEU,EGY,841382
3738091,64,68,8819,1996,36724.0,0.0,1.443514,1.275684,DNK,EGY,841382
3738092,71,68,8819,1996,64348.0,0.0,1.105317,1.9473,ESP,EGY,841382
3738093,77,68,8819,1996,23026.0,0.0,1.69082,0.721312,FRA,EGY,841382
3738094,81,68,8819,1996,8833.0,0.0,1.850284,0.883084,GBR,EGY,841382
3738095,104,68,8819,1996,27609.0,0.0,0.20685599999999998,2.317622,IND,EGY,841382
3738096,106,68,8819,1996,3572.0,0.0,1.386011,0.9232100000000001,IRL,EGY,841382
3738097,110,68,8819,1996,5581.0,0.0,1.054975,1.072965,ISR,EGY,841382
3738098,111,68,8819,1996,383666.0,0.0,1.4674690000000001,1.263362,ITA,EGY,841382
3738099,122,68,8819,1996,0.0,3182.0,-0.27174499999999996,-1.098243,KWT,EGY,841382
3738100,126,68,8819,1996,0.0,11189.0,-0.588489,-1.138552,LBY,EGY,841382
3738101,162,68,8819,1996,644999.0,0.0,1.256625,1.803132,NLD,EGY,841382
3738102,188,68,8819,1996,5270.0,0.0,0.215265,-0.8577309999999999,SAU,EGY,841382
3738103,190,68,8819,1996,0.0,1719.0,-1.4146459999999998,-1.181707,SDN,EGY,841382
3738104,208,68,8819,1996,11675.0,0.0,2.133781,0.9099889999999999,SWE,EGY,841382
3738105,212,68,8819,1996,0.0,27115.0,-1.100666,-0.90038,SYR,EGY,841382
3738106,224,68,8819,1996,36097.0,0.0,0.156866,1.554023,TUR,EGY,841382
3738107,231,68,8819,1996,244958.0,0.0,1.7110560000000001,1.125141,USA,EGY,841382
3738108,23,72,8819,1996,0.0,3970.0,0.544265,1.523408,BGR,EST,841382
3738109,74,72,8819,1996,0.0,7300.0,2.0584729999999998,1.006908,FIN,EST,841382
3738110,111,72,8819,1996,22158.0,0.0,1.4674690000000001,1.263362,ITA,EST,841382
3738111,132,72,8819,1996,1192.0,0.0,0.33418600000000004,0.1615,LVA,EST,841382
3738112,186,72,8819,1996,37985.0,0.0,0.900185,0.47723000000000004,RUS,EST,841382
3738113,208,72,8819,1996,37541.0,5267.0,2.133781,0.9099889999999999,SWE,EST,841382
3738114,228,72,8819,1996,0.0,6753.0,0.896537,0.9241459999999999,UKR,EST,841382
3738115,61,83,8819,1996,5847.0,0.0,2.279976,-2.572299,DEU,GHA,841382
3738116,64,83,8819,1996,7140.0,0.0,1.443514,1.275684,DNK,GHA,841382
3738117,71,83,8819,1996,5336.0,0.0,1.105317,1.9473,ESP,GHA,841382
3738118,77,83,8819,1996,3036.0,0.0,1.69082,0.721312,FRA,GHA,841382
3738119,81,83,8819,1996,12879.0,2856.0,1.850284,0.883084,GBR,GHA,841382
3738120,110,83,8819,1996,1115.0,0.0,1.054975,1.072965,ISR,GHA,841382
3738121,111,83,8819,1996,1224.0,0.0,1.4674690000000001,1.263362,ITA,GHA,841382
3738122,162,83,8819,1996,2632.0,0.0,1.256625,1.803132,NLD,GHA,841382
3738123,231,83,8819,1996,200846.0,0.0,1.7110560000000001,1.125141,USA,GHA,841382
3738124,15,102,8819,1996,520556.0,0.0,1.9216669999999998,0.659388,AUT,HUN,841382
3738125,61,102,8819,1996,123565.0,0.0,2.279976,-2.572299,DEU,HUN,841382
3738126,64,102,8819,1996,1417.0,0.0,1.443514,1.275684,DNK,HUN,841382
3738127,71,102,8819,1996,15417.0,0.0,1.105317,1.9473,ESP,HUN,841382
3738128,77,102,8819,1996,64103.0,12975.0,1.69082,0.721312,FRA,HUN,841382
3738129,81,102,8819,1996,928.0,0.0,1.850284,0.883084,GBR,HUN,841382
3738130,100,102,8819,1996,1575.0,0.0,0.772706,1.1075270000000002,HRV,HUN,841382
3738131,111,102,8819,1996,69917.0,0.0,1.4674690000000001,1.263362,ITA,HUN,841382
3738132,163,102,8819,1996,0.0,19107.0,1.204869,0.303062,NOR,HUN,841382
3738133,185,102,8819,1996,944.0,0.0,0.612035,0.880964,ROU,HUN,841382
3738134,186,102,8819,1996,1472.0,16408.0,0.900185,0.47723000000000004,RUS,HUN,841382
3738135,189,102,8819,1996,0.0,5200.0,0.786293,2.20126,SCG,HUN,841382
3738136,208,102,8819,1996,1871.0,0.0,2.133781,0.9099889999999999,SWE,HUN,841382
3738137,231,102,8819,1996,15839.0,0.0,1.7110560000000001,1.125141,USA,HUN,841382
3738138,14,103,8819,1996,44925.0,0.0,0.369697,0.78069,AUS,IDN,841382
3738139,15,103,8819,1996,3825.0,0.0,1.9216669999999998,0.659388,AUT,IDN,841382
3738140,18,103,8819,1996,26959.0,0.0,1.549312,1.273767,BEL,IDN,841382
3738141,32,103,8819,1996,2118.0,0.0,0.699658,1.271724,BRA,IDN,841382
3738142,41,103,8819,1996,4489.0,0.0,2.246238,0.603288,CHE,IDN,841382
3738143,43,103,8819,1996,333709.0,0.0,0.404422,3.061344,CHN,IDN,841382
3738144,61,103,8819,1996,26341.0,1350.0,2.279976,-2.572299,DEU,IDN,841382
3738145,64,103,8819,1996,3008.0,0.0,1.443514,1.275684,DNK,IDN,841382
3738146,71,103,8819,1996,3731.0,0.0,1.105317,1.9473,ESP,IDN,841382
3738147,77,103,8819,1996,252766.0,0.0,1.69082,0.721312,FRA,IDN,841382
3738148,81,103,8819,1996,4418369.0,0.0,1.850284,0.883084,GBR,IDN,841382
3738149,97,103,8819,1996,27610.0,24776.0,0.54364,2.727659,HKG,IDN,841382
3738150,104,103,8819,1996,2117.0,0.0,0.20685599999999998,2.317622,IND,IDN,841382
3738151,111,103,8819,1996,8552.0,0.0,1.4674690000000001,1.263362,ITA,IDN,841382
3738152,114,103,8819,1996,2681926.0,0.0,2.615364,0.5656939999999999,JPN,IDN,841382
3738153,121,103,8819,1996,294024.0,0.0,0.8946940000000001,1.240424,KOR,IDN,841382
3738154,128,103,8819,1996,0.0,1706.0,-0.812763,-0.188722,LKA,IDN,841382
3738155,138,103,8819,1996,0.0,1402.0,0.651949,0.9132170000000001,MEX,IDN,841382
3738156,153,103,8819,1996,86222.0,510332.0,0.351774,0.347262,MYS,IDN,841382
3738157,162,103,8819,1996,7218.0,0.0,1.256625,1.803132,NLD,IDN,841382
3738158,169,103,8819,1996,0.0,4247.0,-0.100537,-0.374129,PAN,IDN,841382
3738159,178,103,8819,1996,4577.0,0.0,0.725014,1.20189,PRK,IDN,841382
3738160,188,103,8819,1996,1711.0,0.0,0.215265,-0.8577309999999999,SAU,IDN,841382
3738161,192,103,8819,1996,246964.0,9000.0,0.8354299999999999,0.41169799999999995,SGP,IDN,841382
3738162,208,103,8819,1996,135529.0,0.0,2.133781,0.9099889999999999,SWE,IDN,841382
3738163,216,103,8819,1996,53320.0,43159.0,0.10120599999999999,1.351967,THA,IDN,841382
3738164,231,103,8819,1996,297316.0,0.0,1.7110560000000001,1.125141,USA,IDN,841382
3738165,239,103,8819,1996,0.0,45479.0,-0.9336469999999999,-0.10985199999999999,VNM,IDN,841382
3738166,246,103,8819,1996,5268.0,0.0,0.456593,1.150786,ZAF,IDN,841382
3738167,249,103,8819,1996,642474.0,35221.0,1.432225,1.675389,TWN,IDN,841382
3738168,250,103,8819,1996,1416.0,0.0,1.084978,0.901755,ANS,IDN,841382
3738169,7,104,8819,1996,0.0,18692.0,-0.245358,-0.726695,ARE,IND,841382
3738170,14,104,8819,1996,1687.0,2487.0,0.369697,0.78069,AUS,IND,841382
3738171,22,104,8819,1996,0.0,1684.0,-1.060876,-1.05104,BGD,IND,841382
3738172,41,104,8819,1996,27332.0,0.0,2.246238,0.603288,CHE,IND,841382
3738173,49,104,8819,1996,0.0,2370.0,0.136487,0.078743,COL,IND,841382
3738174,61,104,8819,1996,26497.0,0.0,2.279976,-2.572299,DEU,IND,841382
3738175,64,104,8819,1996,16016.0,0.0,1.443514,1.275684,DNK,IND,841382
3738176,68,104,8819,1996,0.0,27609.0,-0.5446409999999999,-0.229586,EGY,IND,841382
3738177,77,104,8819,1996,1327808.0,33725.0,1.69082,0.721312,FRA,IND,841382
3738178,81,104,8819,1996,1192.0,22231.0,1.850284,0.883084,GBR,IND,841382
3738179,97,104,8819,1996,4969.0,0.0,0.54364,2.727659,HKG,IND,841382
3738180,103,104,8819,1996,0.0,2117.0,-0.43199899999999997,1.22074,IDN,IND,841382
3738181,111,104,8819,1996,5173.0,0.0,1.4674690000000001,1.263362,ITA,IND,841382
3738182,114,104,8819,1996,24435.0,0.0,2.615364,0.5656939999999999,JPN,IND,841382
3738183,116,104,8819,1996,0.0,3060.0,-0.468322,-0.017625,KEN,IND,841382
3738184,162,104,8819,1996,0.0,1362.0,1.256625,1.803132,NLD,IND,841382
3738185,186,104,8819,1996,22741.0,0.0,0.900185,0.47723000000000004,RUS,IND,841382
3738186,188,104,8819,1996,0.0,8684.0,0.215265,-0.8577309999999999,SAU,IND,841382
3738187,190,104,8819,1996,0.0,134945.0,-1.4146459999999998,-1.181707,SDN,IND,841382
3738188,192,104,8819,1996,0.0,1812.0,0.8354299999999999,0.41169799999999995,SGP,IND,841382
3738189,216,104,8819,1996,0.0,2001.0,0.10120599999999999,1.351967,THA,IND,841382
3738190,226,104,8819,1996,0.0,6075.0,-1.391534,-0.907436,TZA,IND,841382
3738191,227,104,8819,1996,0.0,3142.0,-0.931124,-0.925523,UGA,IND,841382
3738192,231,104,8819,1996,2372.0,127449.0,1.7110560000000001,1.125141,USA,IND,841382
3738193,8,114,8819,1996,0.0,39422.0,0.167081,0.433612,ARG,JPN,841382
3738194,14,114,8819,1996,0.0,4669.0,0.369697,0.78069,AUS,JPN,841382
3738195,15,114,8819,1996,0.0,8803.0,1.9216669999999998,0.659388,AUT,JPN,841382
3738196,18,114,8819,1996,0.0,2355.0,1.549312,1.273767,BEL,JPN,841382
3738197,24,114,8819,1996,0.0,7072.0,-0.062207000000000005,-0.840398,BHR,JPN,841382
3738198,31,114,8819,1996,0.0,21779.0,-0.589432,-0.7781,BOL,JPN,841382
3738199,32,114,8819,1996,0.0,8028.0,0.699658,1.271724,BRA,JPN,841382
3738200,41,114,8819,1996,6357.0,0.0,2.246238,0.603288,CHE,JPN,841382
3738201,42,114,8819,1996,0.0,369489.0,-0.052811000000000004,-0.169464,CHL,JPN,841382
3738202,43,114,8819,1996,0.0,41077.0,0.404422,3.061344,CHN,JPN,841382
3738203,49,114,8819,1996,0.0,157516.0,0.136487,0.078743,COL,JPN,841382
3738204,61,114,8819,1996,37333.0,5663.0,2.279976,-2.572299,DEU,JPN,841382
3738205,64,114,8819,1996,644965.0,0.0,1.443514,1.275684,DNK,JPN,841382
3738206,66,114,8819,1996,0.0,4469.0,-0.33419699999999997,-1.035736,DZA,JPN,841382
3738207,71,114,8819,1996,0.0,1258516.0,1.105317,1.9473,ESP,JPN,841382
3738208,77,114,8819,1996,46546.0,17900.0,1.69082,0.721312,FRA,JPN,841382
3738209,81,114,8819,1996,120993.0,25496.0,1.850284,0.883084,GBR,JPN,841382
3738210,90,114,8819,1996,0.0,5441.0,0.271386,1.042608,GRC,JPN,841382
3738211,93,114,8819,1996,0.0,3605.0,-0.332901,0.23790300000000003,GTM,JPN,841382
3738212,97,114,8819,1996,0.0,79359.0,0.54364,2.727659,HKG,JPN,841382
3738213,99,114,8819,1996,0.0,22077.0,-0.69357,-0.48721400000000004,HND,JPN,841382
3738214,103,114,8819,1996,0.0,2681926.0,-0.43199899999999997,1.22074,IDN,JPN,841382
3738215,104,114,8819,1996,0.0,24435.0,0.20685599999999998,2.317622,IND,JPN,841382
3738216,106,114,8819,1996,0.0,1870.0,1.386011,0.9232100000000001,IRL,JPN,841382
3738217,111,114,8819,1996,195672.0,211614.0,1.4674690000000001,1.263362,ITA,JPN,841382
3738218,125,114,8819,1996,0.0,1910.0,-0.6975779999999999,-1.0896290000000002,LBR,JPN,841382
3738219,136,114,8819,1996,0.0,10567.0,-1.213619,-0.606686,MDG,JPN,841382
3738220,138,114,8819,1996,0.0,104296.0,0.651949,0.9132170000000001,MEX,JPN,841382
3738221,142,114,8819,1996,0.0,939.0,0.8825440000000001,0.066541,MLT,JPN,841382
3738222,145,114,8819,1996,0.0,18848.0,-0.18177000000000001,-0.8212280000000001,MNG,JPN,841382
3738223,153,114,8819,1996,3243.0,261035.0,0.351774,0.347262,MYS,JPN,841382
3738224,162,114,8819,1996,0.0,30646.0,1.256625,1.803132,NLD,JPN,841382
3738225,163,114,8819,1996,0.0,2622.0,1.204869,0.303062,NOR,JPN,841382
3738226,173,114,8819,1996,0.0,8311.0,-0.43761000000000005,-0.28077399999999997,PER,JPN,841382
3738227,174,114,8819,1996,0.0,5031.0,-0.276548,0.344986,PHL,JPN,841382
3738228,176,114,8819,1996,0.0,6182.0,-2.120746,-1.2199879999999999,PNG,JPN,841382
3738229,180,114,8819,1996,0.0,11025.0,-0.506178,-0.712851,PRY,JPN,841382
3738230,186,114,8819,1996,0.0,46809.0,0.900185,0.47723000000000004,RUS,JPN,841382
3738231,188,114,8819,1996,0.0,7521401.0,0.215265,-0.8577309999999999,SAU,JPN,841382
3738232,192,114,8819,1996,415850.0,26270.0,0.8354299999999999,0.41169799999999995,SGP,JPN,841382
3738233,195,114,8819,1996,0.0,1879.0,-1.855104,-0.895618,SLB,JPN,841382
3738234,197,114,8819,1996,0.0,149556.0,-0.24968800000000002,-0.121995,SLV,JPN,841382
3738235,208,114,8819,1996,1307.0,7124.0,2.133781,0.9099889999999999,SWE,JPN,841382
3738236,216,114,8819,1996,5900.0,15876.0,0.10120599999999999,1.351967,THA,JPN,841382
3738237,231,114,8819,1996,19789.0,9227.0,1.7110560000000001,1.125141,USA,JPN,841382
3738238,236,114,8819,1996,0.0,15845.0,0.07086100000000001,-0.761307,VEN,JPN,841382
3738239,239,114,8819,1996,0.0,60183.0,-0.9336469999999999,-0.10985199999999999,VNM,JPN,841382
3738240,247,114,8819,1996,0.0,3986.0,-0.340956,-0.714009,ZMB,JPN,841382
3738241,249,114,8819,1996,2101.0,0.0,1.432225,1.675389,TWN,JPN,841382
3738242,81,117,8819,1996,108827.0,0.0,1.850284,0.883084,GBR,KGZ,841382
3738243,224,117,8819,1996,1150.0,0.0,0.156866,1.554023,TUR,KGZ,841382
3738244,228,117,8819,1996,4649.0,0.0,0.896537,0.9241459999999999,UKR,KGZ,841382
3738245,61,130,8819,1996,1344.0,0.0,2.279976,-2.572299,DEU,LTU,841382
3738246,77,130,8819,1996,8860.0,0.0,1.69082,0.721312,FRA,LTU,841382
3738247,111,130,8819,1996,59224.0,0.0,1.4674690000000001,1.263362,ITA,LTU,841382
3738248,132,130,8819,1996,0.0,35583.0,0.33418600000000004,0.1615,LVA,LTU,841382
3738249,177,130,8819,1996,51523.0,0.0,0.795489,1.9004729999999999,POL,LTU,841382
3738250,186,130,8819,1996,7966.0,12091.0,0.900185,0.47723000000000004,RUS,LTU,841382
3738251,228,130,8819,1996,7842.0,0.0,0.896537,0.9241459999999999,UKR,LTU,841382
3738252,23,132,8819,1996,1105.0,0.0,0.544265,1.523408,BGR,LVA,841382
3738253,28,132,8819,1996,1210.0,0.0,0.7285550000000001,0.660716,BLR,LVA,841382
3738254,59,132,8819,1996,1246.0,0.0,1.401181,1.3094709999999998,CZE,LVA,841382
3738255,61,132,8819,1996,33053.0,1123.0,2.279976,-2.572299,DEU,LVA,841382
3738256,72,132,8819,1996,0.0,1192.0,0.53397,1.0877940000000001,EST,LVA,841382
3738257,111,132,8819,1996,57301.0,0.0,1.4674690000000001,1.263362,ITA,LVA,841382
3738258,130,132,8819,1996,35583.0,0.0,0.40520500000000004,0.9465950000000001,LTU,LVA,841382
3738259,186,132,8819,1996,11538.0,11368.0,0.900185,0.47723000000000004,RUS,LVA,841382
3738260,61,142,8819,1996,17380.0,0.0,2.279976,-2.572299,DEU,MLT,841382
3738261,64,142,8819,1996,4028.0,0.0,1.443514,1.275684,DNK,MLT,841382
3738262,71,142,8819,1996,7677.0,0.0,1.105317,1.9473,ESP,MLT,841382
3738263,77,142,8819,1996,1826.0,0.0,1.69082,0.721312,FRA,MLT,841382
3738264,81,142,8819,1996,1002.0,0.0,1.850284,0.883084,GBR,MLT,841382
3738265,90,142,8819,1996,1802.0,0.0,0.271386,1.042608,GRC,MLT,841382
3738266,111,142,8819,1996,8712.0,0.0,1.4674690000000001,1.263362,ITA,MLT,841382
3738267,114,142,8819,1996,939.0,0.0,2.615364,0.5656939999999999,JPN,MLT,841382
3738268,81,167,8819,1996,16089.0,0.0,1.850284,0.883084,GBR,OMN,841382
3738269,162,167,8819,1996,1144.0,0.0,1.256625,1.803132,NLD,OMN,841382
3738270,15,177,8819,1996,8897.0,0.0,1.9216669999999998,0.659388,AUT,POL,841382
3738271,59,177,8819,1996,4323.0,0.0,1.401181,1.3094709999999998,CZE,POL,841382
3738272,61,177,8819,1996,225093.0,49416.0,2.279976,-2.572299,DEU,POL,841382
3738273,64,177,8819,1996,65516.0,0.0,1.443514,1.275684,DNK,POL,841382
3738274,77,177,8819,1996,1872.0,0.0,1.69082,0.721312,FRA,POL,841382
3738275,81,177,8819,1996,41771.0,0.0,1.850284,0.883084,GBR,POL,841382
3738276,111,177,8819,1996,177685.0,0.0,1.4674690000000001,1.263362,ITA,POL,841382
3738277,130,177,8819,1996,0.0,51523.0,0.40520500000000004,0.9465950000000001,LTU,POL,841382
3738278,163,177,8819,1996,108676.0,0.0,1.204869,0.303062,NOR,POL,841382
3738279,186,177,8819,1996,0.0,5060.0,0.900185,0.47723000000000004,RUS,POL,841382
3738280,206,177,8819,1996,16290.0,0.0,1.189398,1.29167,SVK,POL,841382
3738281,208,177,8819,1996,18151.0,12457.0,2.133781,0.9099889999999999,SWE,POL,841382
3738282,231,177,8819,1996,18573.0,0.0,1.7110560000000001,1.125141,USA,POL,841382
3738283,250,177,8819,1996,66919.0,0.0,1.084978,0.901755,ANS,POL,841382
3738284,15,185,8819,1996,267354.0,0.0,1.9216669999999998,0.659388,AUT,ROU,841382
3738285,61,185,8819,1996,122745.0,0.0,2.279976,-2.572299,DEU,ROU,841382
3738286,71,185,8819,1996,30366.0,0.0,1.105317,1.9473,ESP,ROU,841382
3738287,77,185,8819,1996,620094.0,0.0,1.69082,0.721312,FRA,ROU,841382
3738288,81,185,8819,1996,1612.0,0.0,1.850284,0.883084,GBR,ROU,841382
3738289,102,185,8819,1996,0.0,944.0,0.790036,1.891534,HUN,ROU,841382
3738290,111,185,8819,1996,105902.0,34118.0,1.4674690000000001,1.263362,ITA,ROU,841382
3738291,135,185,8819,1996,0.0,39366.0,0.198427,0.026004000000000003,MDA,ROU,841382
3738292,186,185,8819,1996,0.0,6123.0,0.900185,0.47723000000000004,RUS,ROU,841382
3738293,228,185,8819,1996,0.0,9030.0,0.896537,0.9241459999999999,UKR,ROU,841382
3738294,14,186,8819,1996,149845.0,0.0,0.369697,0.78069,AUS,RUS,841382
3738295,15,186,8819,1996,30977.0,0.0,1.9216669999999998,0.659388,AUT,RUS,841382
3738296,16,186,8819,1996,253979.0,0.0,0.500442,-0.280796,AZE,RUS,841382
3738297,18,186,8819,1996,16723.0,0.0,1.549312,1.273767,BEL,RUS,841382
3738298,23,186,8819,1996,6667.0,0.0,0.544265,1.523408,BGR,RUS,841382
3738299,39,186,8819,1996,76894.0,0.0,1.155706,1.1127049999999998,CAN,RUS,841382
3738300,41,186,8819,1996,2813.0,0.0,2.246238,0.603288,CHE,RUS,841382
3738301,43,186,8819,1996,0.0,21783.0,0.404422,3.061344,CHN,RUS,841382
3738302,58,186,8819,1996,4365.0,0.0,0.20007,0.020590999999999998,CYP,RUS,841382
3738303,59,186,8819,1996,119502.0,0.0,1.401181,1.3094709999999998,CZE,RUS,841382
3738304,61,186,8819,1996,646130.0,0.0,2.279976,-2.572299,DEU,RUS,841382
3738305,64,186,8819,1996,1933.0,0.0,1.443514,1.275684,DNK,RUS,841382
3738306,72,186,8819,1996,0.0,37985.0,0.53397,1.0877940000000001,EST,RUS,841382
3738307,74,186,8819,1996,20011.0,0.0,2.0584729999999998,1.006908,FIN,RUS,841382
3738308,77,186,8819,1996,1683.0,0.0,1.69082,0.721312,FRA,RUS,841382
3738309,81,186,8819,1996,24440.0,0.0,1.850284,0.883084,GBR,RUS,841382
3738310,100,186,8819,1996,9566.0,0.0,0.772706,1.1075270000000002,HRV,RUS,841382
3738311,102,186,8819,1996,16408.0,1472.0,0.790036,1.891534,HUN,RUS,841382
3738312,104,186,8819,1996,0.0,22741.0,0.20685599999999998,2.317622,IND,RUS,841382
3738313,110,186,8819,1996,0.0,4695.0,1.054975,1.072965,ISR,RUS,841382
3738314,111,186,8819,1996,114712.0,0.0,1.4674690000000001,1.263362,ITA,RUS,841382
3738315,114,186,8819,1996,46809.0,0.0,2.615364,0.5656939999999999,JPN,RUS,841382
3738316,115,186,8819,1996,168422.0,181373.0,0.48902799999999996,0.154932,KAZ,RUS,841382
3738317,130,186,8819,1996,12091.0,7966.0,0.40520500000000004,0.9465950000000001,LTU,RUS,841382
3738318,132,186,8819,1996,11368.0,11538.0,0.33418600000000004,0.1615,LVA,RUS,841382
3738319,135,186,8819,1996,24120.0,0.0,0.198427,0.026004000000000003,MDA,RUS,841382
3738320,145,186,8819,1996,0.0,20901.0,-0.18177000000000001,-0.8212280000000001,MNG,RUS,841382
3738321,160,186,8819,1996,0.0,1198.0,-0.767799,-0.737816,NIC,RUS,841382
3738322,177,186,8819,1996,5060.0,0.0,0.795489,1.9004729999999999,POL,RUS,841382
3738323,185,186,8819,1996,6123.0,0.0,0.612035,0.880964,ROU,RUS,841382
3738324,189,186,8819,1996,16346.0,0.0,0.786293,2.20126,SCG,RUS,841382
3738325,224,186,8819,1996,19698.0,0.0,0.156866,1.554023,TUR,RUS,841382
3738326,228,186,8819,1996,248353.0,120278.0,0.896537,0.9241459999999999,UKR,RUS,841382
3738327,231,186,8819,1996,1410012.0,0.0,1.7110560000000001,1.125141,USA,RUS,841382
3738328,232,186,8819,1996,0.0,415595.0,-0.17393499999999998,-0.727476,UZB,RUS,841382
3738329,239,186,8819,1996,0.0,12604.0,-0.9336469999999999,-0.10985199999999999,VNM,RUS,841382
3738330,41,188,8819,1996,3436.0,0.0,2.246238,0.603288,CHE,SAU,841382
3738331,61,188,8819,1996,14857.0,0.0,2.279976,-2.572299,DEU,SAU,841382
3738332,64,188,8819,1996,83087.0,0.0,1.443514,1.275684,DNK,SAU,841382
3738333,68,188,8819,1996,0.0,5270.0,-0.5446409999999999,-0.229586,EGY,SAU,841382
3738334,77,188,8819,1996,17329.0,0.0,1.69082,0.721312,FRA,SAU,841382
3738335,81,188,8819,1996,11302.0,0.0,1.850284,0.883084,GBR,SAU,841382
3738336,85,188,8819,1996,0.0,2679.0,-1.2641930000000001,-1.1317409999999999,GIN,SAU,841382
3738337,90,188,8819,1996,3208.0,0.0,0.271386,1.042608,GRC,SAU,841382
3738338,103,188,8819,1996,0.0,1711.0,-0.43199899999999997,1.22074,IDN,SAU,841382
3738339,104,188,8819,1996,8684.0,0.0,0.20685599999999998,2.317622,IND,SAU,841382
3738340,111,188,8819,1996,187642.0,0.0,1.4674690000000001,1.263362,ITA,SAU,841382
3738341,113,188,8819,1996,0.0,18698.0,0.12203499999999999,-0.41859399999999997,JOR,SAU,841382
3738342,114,188,8819,1996,7521401.0,0.0,2.615364,0.5656939999999999,JPN,SAU,841382
3738343,121,188,8819,1996,12046.0,0.0,0.8946940000000001,1.240424,KOR,SAU,841382
3738344,122,188,8819,1996,0.0,29086.0,-0.27174499999999996,-1.098243,KWT,SAU,841382
3738345,162,188,8819,1996,2257.0,0.0,1.256625,1.803132,NLD,SAU,841382
3738346,163,188,8819,1996,25436.0,0.0,1.204869,0.303062,NOR,SAU,841382
3738347,190,188,8819,1996,0.0,26929.0,-1.4146459999999998,-1.181707,SDN,SAU,841382
3738348,208,188,8819,1996,2612.0,0.0,2.133781,0.9099889999999999,SWE,SAU,841382
3738349,231,188,8819,1996,170991.0,17128.0,1.7110560000000001,1.125141,USA,SAU,841382
3738350,243,188,8819,1996,0.0,6893.0,-1.304556,-1.200523,YEM,SAU,841382
3738351,250,188,8819,1996,89291.0,0.0,1.084978,0.901755,ANS,SAU,841382
3738352,14,192,8819,1996,125289.0,1419.0,0.369697,0.78069,AUS,SGP,841382
3738353,19,192,8819,1996,0.0,67585.0,-1.0032729999999999,-0.794779,BEN,SGP,841382
3738354,22,192,8819,1996,0.0,3575.0,-1.060876,-1.05104,BGD,SGP,841382
3738355,41,192,8819,1996,5448.0,0.0,2.246238,0.603288,CHE,SGP,841382
3738356,43,192,8819,1996,41621.0,13553.0,0.404422,3.061344,CHN,SGP,841382
3738357,61,192,8819,1996,9139.0,0.0,2.279976,-2.572299,DEU,SGP,841382
3738358,64,192,8819,1996,190733.0,0.0,1.443514,1.275684,DNK,SGP,841382
3738359,71,192,8819,1996,33891.0,0.0,1.105317,1.9473,ESP,SGP,841382
3738360,74,192,8819,1996,3566.0,0.0,2.0584729999999998,1.006908,FIN,SGP,841382
3738361,77,192,8819,1996,230867.0,0.0,1.69082,0.721312,FRA,SGP,841382
3738362,81,192,8819,1996,48669.0,0.0,1.850284,0.883084,GBR,SGP,841382
3738363,90,192,8819,1996,14105.0,0.0,0.271386,1.042608,GRC,SGP,841382
3738364,97,192,8819,1996,0.0,12181.0,0.54364,2.727659,HKG,SGP,841382
3738365,103,192,8819,1996,9000.0,246964.0,-0.43199899999999997,1.22074,IDN,SGP,841382
3738366,104,192,8819,1996,1812.0,0.0,0.20685599999999998,2.317622,IND,SGP,841382
3738367,111,192,8819,1996,310381.0,6015.0,1.4674690000000001,1.263362,ITA,SGP,841382
3738368,114,192,8819,1996,26270.0,415850.0,2.615364,0.5656939999999999,JPN,SGP,841382
3738369,121,192,8819,1996,74132.0,0.0,0.8946940000000001,1.240424,KOR,SGP,841382
3738370,137,192,8819,1996,0.0,3876.0,-1.107903,-1.016442,MDV,SGP,841382
3738371,153,192,8819,1996,126978.0,17380.0,0.351774,0.347262,MYS,SGP,841382
3738372,162,192,8819,1996,45440.0,0.0,1.256625,1.803132,NLD,SGP,841382
3738373,163,192,8819,1996,6213.0,171718.0,1.204869,0.303062,NOR,SGP,841382
3738374,174,192,8819,1996,0.0,35598.0,-0.276548,0.344986,PHL,SGP,841382
3738375,176,192,8819,1996,0.0,6602.0,-2.120746,-1.2199879999999999,PNG,SGP,841382
3738376,211,192,8819,1996,0.0,2928.0,0.239125,-0.458433,SYC,SGP,841382
3738377,216,192,8819,1996,42045.0,32188.0,0.10120599999999999,1.351967,THA,SGP,841382
3738378,231,192,8819,1996,1559489.0,5693.0,1.7110560000000001,1.125141,USA,SGP,841382
3738379,249,192,8819,1996,118679.0,1077.0,1.432225,1.675389,TWN,SGP,841382
3738380,15,206,8819,1996,33596.0,0.0,1.9216669999999998,0.659388,AUT,SVK,841382
3738381,59,206,8819,1996,14405.0,10350.0,1.401181,1.3094709999999998,CZE,SVK,841382
3738382,61,206,8819,1996,65866.0,0.0,2.279976,-2.572299,DEU,SVK,841382
3738383,71,206,8819,1996,5602.0,0.0,1.105317,1.9473,ESP,SVK,841382
3738384,81,206,8819,1996,4546.0,0.0,1.850284,0.883084,GBR,SVK,841382
3738385,111,206,8819,1996,38693.0,0.0,1.4674690000000001,1.263362,ITA,SVK,841382
3738386,162,206,8819,1996,36883.0,0.0,1.256625,1.803132,NLD,SVK,841382
3738387,177,206,8819,1996,0.0,16290.0,0.795489,1.9004729999999999,POL,SVK,841382
3738388,228,206,8819,1996,0.0,311723.0,0.896537,0.9241459999999999,UKR,SVK,841382
3738389,15,207,8819,1996,1427992.0,0.0,1.9216669999999998,0.659388,AUT,SVN,841382
3738390,26,207,8819,1996,0.0,19382.0,0.679466,0.730425,BIH,SVN,841382
3738391,41,207,8819,1996,0.0,13684.0,2.246238,0.603288,CHE,SVN,841382
3738392,61,207,8819,1996,110724.0,0.0,2.279976,-2.572299,DEU,SVN,841382
3738393,77,207,8819,1996,3864.0,0.0,1.69082,0.721312,FRA,SVN,841382
3738394,81,207,8819,1996,920.0,0.0,1.850284,0.883084,GBR,SVN,841382
3738395,90,207,8819,1996,763.0,0.0,0.271386,1.042608,GRC,SVN,841382
3738396,100,207,8819,1996,5190.0,14128.0,0.772706,1.1075270000000002,HRV,SVN,841382
3738397,111,207,8819,1996,136812.0,0.0,1.4674690000000001,1.263362,ITA,SVN,841382
3738398,140,207,8819,1996,0.0,2147.0,0.316133,0.933068,MKD,SVN,841382
3738399,231,207,8819,1996,2227.0,0.0,1.7110560000000001,1.125141,USA,SVN,841382
3738400,15,228,8819,1996,22408.0,0.0,1.9216669999999998,0.659388,AUT,UKR,841382
3738401,16,228,8819,1996,6581.0,0.0,0.500442,-0.280796,AZE,UKR,841382
3738402,23,228,8819,1996,0.0,3607.0,0.544265,1.523408,BGR,UKR,841382
3738403,28,228,8819,1996,0.0,30942.0,0.7285550000000001,0.660716,BLR,UKR,841382
3738404,39,228,8819,1996,5645.0,0.0,1.155706,1.1127049999999998,CAN,UKR,841382
3738405,59,228,8819,1996,2998.0,4070.0,1.401181,1.3094709999999998,CZE,UKR,841382
3738406,61,228,8819,1996,28241.0,0.0,2.279976,-2.572299,DEU,UKR,841382
3738407,72,228,8819,1996,6753.0,0.0,0.53397,1.0877940000000001,EST,UKR,841382
3738408,77,228,8819,1996,1506.0,0.0,1.69082,0.721312,FRA,UKR,841382
3738409,81,228,8819,1996,39667.0,0.0,1.850284,0.883084,GBR,UKR,841382
3738410,100,228,8819,1996,44107.0,0.0,0.772706,1.1075270000000002,HRV,UKR,841382
3738411,111,228,8819,1996,11854.0,0.0,1.4674690000000001,1.263362,ITA,UKR,841382
3738412,117,228,8819,1996,0.0,4649.0,0.350901,0.529512,KGZ,UKR,841382
3738413,130,228,8819,1996,0.0,7842.0,0.40520500000000004,0.9465950000000001,LTU,UKR,841382
3738414,135,228,8819,1996,6254.0,0.0,0.198427,0.026004000000000003,MDA,UKR,841382
3738415,185,228,8819,1996,9030.0,0.0,0.612035,0.880964,ROU,UKR,841382
3738416,186,228,8819,1996,120278.0,248353.0,0.900185,0.47723000000000004,RUS,UKR,841382
3738417,206,228,8819,1996,311723.0,0.0,1.189398,1.29167,SVK,UKR,841382
3738418,232,228,8819,1996,0.0,725652.0,-0.17393499999999998,-0.727476,UZB,UKR,841382
3738419,239,228,8819,1996,0.0,19366.0,-0.9336469999999999,-0.10985199999999999,VNM,UKR,841382
3738420,2,246,8819,1996,0.0,2624.0,-2.3109900000000003,-1.172849,AGO,ZAF,841382
3738421,18,246,8819,1996,201221.0,0.0,1.549312,1.273767,BEL,ZAF,841382
3738422,61,246,8819,1996,17997.0,0.0,2.279976,-2.572299,DEU,ZAF,841382
3738423,64,246,8819,1996,62887.0,0.0,1.443514,1.275684,DNK,ZAF,841382
3738424,71,246,8819,1996,118249.0,0.0,1.105317,1.9473,ESP,ZAF,841382
3738425,77,246,8819,1996,14572.0,0.0,1.69082,0.721312,FRA,ZAF,841382
3738426,81,246,8819,1996,33666.0,0.0,1.850284,0.883084,GBR,ZAF,841382
3738427,103,246,8819,1996,0.0,5268.0,-0.43199899999999997,1.22074,IDN,ZAF,841382
3738428,111,246,8819,1996,48372.0,0.0,1.4674690000000001,1.263362,ITA,ZAF,841382
3738429,147,246,8819,1996,0.0,9516.0,-1.331264,-1.1260270000000001,MOZ,ZAF,841382
3738430,152,246,8819,1996,3048.0,14188.0,-1.332586,-1.115859,MWI,ZAF,841382
3738431,162,246,8819,1996,10686.0,0.0,1.256625,1.803132,NLD,ZAF,841382
3738432,196,246,8819,1996,0.0,1222.0,0.208166,-0.386648,SLE,ZAF,841382
3738433,226,246,8819,1996,0.0,13430.0,-1.391534,-0.907436,TZA,ZAF,841382
3738434,227,246,8819,1996,0.0,3052.0,-0.931124,-0.925523,UGA,ZAF,841382
3738435,231,246,8819,1996,16199.0,0.0,1.7110560000000001,1.125141,USA,ZAF,841382
3738436,239,246,8819,1996,0.0,33907.0,-0.9336469999999999,-0.10985199999999999,VNM,ZAF,841382
3738437,247,246,8819,1996,0.0,9362.0,-0.340956,-0.714009,ZMB,ZAF,841382
3738438,248,246,8819,1996,0.0,8856.0,-0.393769,-0.34379,ZWE,ZAF,841382
3738439,15,8,8819,1996,1593.0,0.0,1.9216669999999998,0.659388,AUT,ARG,841382
3738440,31,8,8819,1996,0.0,1033.0,-0.589432,-0.7781,BOL,ARG,841382
3738441,32,8,8819,1996,13268.0,64046.0,0.699658,1.271724,BRA,ARG,841382
3738442,39,8,8819,1996,228272.0,0.0,1.155706,1.1127049999999998,CAN,ARG,841382
3738443,41,8,8819,1996,1682.0,0.0,2.246238,0.603288,CHE,ARG,841382
3738444,42,8,8819,1996,5708.0,2061.0,-0.052811000000000004,-0.169464,CHL,ARG,841382
3738445,43,8,8819,1996,25799.0,0.0,0.404422,3.061344,CHN,ARG,841382
3738446,61,8,8819,1996,191788.0,0.0,2.279976,-2.572299,DEU,ARG,841382
3738447,64,8,8819,1996,56950.0,0.0,1.443514,1.275684,DNK,ARG,841382
3738448,67,8,8819,1996,0.0,5500.0,-1.1391200000000001,-0.992735,ECU,ARG,841382
3738449,71,8,8819,1996,3580.0,27238.0,1.105317,1.9473,ESP,ARG,841382
3738450,77,8,8819,1996,91037.0,0.0,1.69082,0.721312,FRA,ARG,841382
3738451,111,8,8819,1996,338233.0,0.0,1.4674690000000001,1.263362,ITA,ARG,841382
3738452,114,8,8819,1996,39422.0,0.0,2.615364,0.5656939999999999,JPN,ARG,841382
3738453,121,8,8819,1996,4208.0,0.0,0.8946940000000001,1.240424,KOR,ARG,841382
3738454,138,8,8819,1996,2390.0,0.0,0.651949,0.9132170000000001,MEX,ARG,841382
3738455,162,8,8819,1996,1755.0,0.0,1.256625,1.803132,NLD,ARG,841382
3738456,180,8,8819,1996,0.0,19869.0,-0.506178,-0.712851,PRY,ARG,841382
3738457,231,8,8819,1996,75697.0,0.0,1.7110560000000001,1.125141,USA,ARG,841382
3738458,250,8,8819,1996,1316.0,0.0,1.084978,0.901755,ANS,ARG,841382
3738459,77,44,8819,1996,60404.0,0.0,1.69082,0.721312,FRA,CIV,841382
3738460,41,45,8819,1996,2494.0,0.0,2.246238,0.603288,CHE,CMR,841382
3738461,61,45,8819,1996,2203.0,0.0,2.279976,-2.572299,DEU,CMR,841382
3738462,77,45,8819,1996,27484.0,0.0,1.69082,0.721312,FRA,CMR,841382
3738463,111,45,8819,1996,26740.0,0.0,1.4674690000000001,1.263362,ITA,CMR,841382
3738464,41,58,8819,1996,778.0,0.0,2.246238,0.603288,CHE,CYP,841382
3738465,71,58,8819,1996,5207.0,0.0,1.105317,1.9473,ESP,CYP,841382
3738466,81,58,8819,1996,18174.0,0.0,1.850284,0.883084,GBR,CYP,841382
3738467,90,58,8819,1996,13288.0,1628.0,0.271386,1.042608,GRC,CYP,841382
3738468,111,58,8819,1996,39980.0,3459.0,1.4674690000000001,1.263362,ITA,CYP,841382
3738469,186,58,8819,1996,0.0,4365.0,0.900185,0.47723000000000004,RUS,CYP,841382
3738470,41,134,8819,1996,1462.0,0.0,2.246238,0.603288,CHE,MAR,841382
3738471,61,134,8819,1996,1205.0,0.0,2.279976,-2.572299,DEU,MAR,841382
3738472,71,134,8819,1996,279625.0,0.0,1.105317,1.9473,ESP,MAR,841382
3738473,77,134,8819,1996,202974.0,0.0,1.69082,0.721312,FRA,MAR,841382
3738474,111,134,8819,1996,2846.0,0.0,1.4674690000000001,1.263362,ITA,MAR,841382
3738475,111,157,8819,1996,3374.0,0.0,1.4674690000000001,1.263362,ITA,NER,841382
3738476,14,166,8819,1996,7772.0,154949.0,0.369697,0.78069,AUS,NZL,841382
3738477,42,166,8819,1996,0.0,1029.0,-0.052811000000000004,-0.169464,CHL,NZL,841382
3738478,48,166,8819,1996,0.0,3692.0,0.053446,-0.556272,COK,NZL,841382
3738479,64,166,8819,1996,105982.0,0.0,1.443514,1.275684,DNK,NZL,841382
3738480,75,166,8819,1996,0.0,1082.0,-0.7977,-0.9271879999999999,FJI,NZL,841382
3738481,81,166,8819,1996,102860.0,0.0,1.850284,0.883084,GBR,NZL,841382
3738482,106,166,8819,1996,0.0,7702.0,1.386011,0.9232100000000001,IRL,NZL,841382
3738483,111,166,8819,1996,11803.0,0.0,1.4674690000000001,1.263362,ITA,NZL,841382
3738484,208,166,8819,1996,0.0,16057.0,2.133781,0.9099889999999999,SWE,NZL,841382
3738485,231,166,8819,1996,5109.0,0.0,1.7110560000000001,1.125141,USA,NZL,841382
3738486,71,191,8819,1996,3787.0,0.0,1.105317,1.9473,ESP,SEN,841382
3738487,77,191,8819,1996,21323.0,0.0,1.69082,0.721312,FRA,SEN,841382
3738488,111,191,8819,1996,2270.0,0.0,1.4674690000000001,1.263362,ITA,SEN,841382
3738489,141,191,8819,1996,0.0,19292.0,-0.987858,-0.9677040000000001,MLI,SEN,841382
3738490,61,215,8819,1996,11677.0,0.0,2.279976,-2.572299,DEU,TGO,841382
3738491,77,215,8819,1996,3929.0,0.0,1.69082,0.721312,FRA,TGO,841382
3738492,162,215,8819,1996,6091.0,0.0,1.256625,1.803132,NLD,TGO,841382
3738493,250,215,8819,1996,0.0,23242.0,1.084978,0.901755,ANS,TGO,841382
3738494,15,223,8819,1996,1071.0,0.0,1.9216669999999998,0.659388,AUT,TUN,841382
3738495,18,223,8819,1996,2413.0,0.0,1.549312,1.273767,BEL,TUN,841382
3738496,61,223,8819,1996,20969.0,0.0,2.279976,-2.572299,DEU,TUN,841382
3738497,64,223,8819,1996,461841.0,0.0,1.443514,1.275684,DNK,TUN,841382
3738498,71,223,8819,1996,22992.0,0.0,1.105317,1.9473,ESP,TUN,841382
3738499,77,223,8819,1996,222300.0,0.0,1.69082,0.721312,FRA,TUN,841382
3738500,111,223,8819,1996,145665.0,0.0,1.4674690000000001,1.263362,ITA,TUN,841382
3738501,162,223,8819,1996,5002.0,0.0,1.256625,1.803132,NLD,TUN,841382
3738502,231,223,8819,1996,2606.0,0.0,1.7110560000000001,1.125141,USA,TUN,841382
3738503,81,247,8819,1996,158035.0,0.0,1.850284,0.883084,GBR,ZMB,841382
3738504,114,247,8819,1996,3986.0,0.0,2.615364,0.5656939999999999,JPN,ZMB,841382
3738505,246,247,8819,1996,9362.0,0.0,0.456593,1.150786,ZAF,ZMB,841382
3738506,111,82,8819,1996,2210.0,0.0,1.4674690000000001,1.263362,ITA,GEO,841382
3738507,81,120,8819,1996,6177.0,0.0,1.850284,0.883084,GBR,KNA,841382
3738508,231,120,8819,1996,2129.0,0.0,1.7110560000000001,1.125141,USA,KNA,841382
3738509,15,100,8819,1996,1254685.0,0.0,1.9216669999999998,0.659388,AUT,HRV,841382
3738510,18,100,8819,1996,6341.0,0.0,1.549312,1.273767,BEL,HRV,841382
3738511,26,100,8819,1996,4935.0,35175.0,0.679466,0.730425,BIH,HRV,841382
3738512,61,100,8819,1996,17522.0,0.0,2.279976,-2.572299,DEU,HRV,841382
3738513,102,100,8819,1996,0.0,1575.0,0.790036,1.891534,HUN,HRV,841382
3738514,106,100,8819,1996,1829.0,0.0,1.386011,0.9232100000000001,IRL,HRV,841382
3738515,111,100,8819,1996,160254.0,0.0,1.4674690000000001,1.263362,ITA,HRV,841382
3738516,186,100,8819,1996,0.0,9566.0,0.900185,0.47723000000000004,RUS,HRV,841382
3738517,207,100,8819,1996,14128.0,5190.0,1.409184,1.37245,SVN,HRV,841382
3738518,208,100,8819,1996,1146.0,0.0,2.133781,0.9099889999999999,SWE,HRV,841382
3738519,228,100,8819,1996,0.0,44107.0,0.896537,0.9241459999999999,UKR,HRV,841382
3738520,231,100,8819,1996,22118.0,0.0,1.7110560000000001,1.125141,USA,HRV,841382
3738521,16,107,8819,1996,0.0,3945.0,0.500442,-0.280796,AZE,IRN,841382
3738522,111,107,8819,1996,589825.0,0.0,1.4674690000000001,1.263362,ITA,IRN,841382
3738523,41,113,8819,1996,4575.0,0.0,2.246238,0.603288,CHE,JOR,841382
3738524,71,113,8819,1996,20630.0,0.0,1.105317,1.9473,ESP,JOR,841382
3738525,81,113,8819,1996,3269.0,0.0,1.850284,0.883084,GBR,JOR,841382
3738526,111,113,8819,1996,55612.0,0.0,1.4674690000000001,1.263362,ITA,JOR,841382
3738527,188,113,8819,1996,18698.0,0.0,0.215265,-0.8577309999999999,SAU,JOR,841382
3738528,190,113,8819,1996,0.0,26135.0,-1.4146459999999998,-1.181707,SDN,JOR,841382
3738529,18,124,8819,1996,31523.0,0.0,1.549312,1.273767,BEL,LBN,841382
3738530,61,124,8819,1996,565793.0,0.0,2.279976,-2.572299,DEU,LBN,841382
3738531,81,124,8819,1996,4993.0,0.0,1.850284,0.883084,GBR,LBN,841382
3738532,85,124,8819,1996,0.0,1308.0,-1.2641930000000001,-1.1317409999999999,GIN,LBN,841382
3738533,111,124,8819,1996,1234429.0,0.0,1.4674690000000001,1.263362,ITA,LBN,841382
3738534,81,128,8819,1996,14295.0,0.0,1.850284,0.883084,GBR,LKA,841382
3738535,103,128,8819,1996,1706.0,0.0,-0.43199899999999997,1.22074,IDN,LKA,841382
3738536,111,128,8819,1996,4220.0,0.0,1.4674690000000001,1.263362,ITA,LKA,841382
3738537,153,128,8819,1996,126899.0,0.0,0.351774,0.347262,MYS,LKA,841382
3738538,231,128,8819,1996,17229.0,0.0,1.7110560000000001,1.125141,USA,LKA,841382
3738539,185,135,8819,1996,39366.0,0.0,0.612035,0.880964,ROU,MDA,841382
3738540,186,135,8819,1996,0.0,24120.0,0.900185,0.47723000000000004,RUS,MDA,841382
3738541,228,135,8819,1996,0.0,6254.0,0.896537,0.9241459999999999,UKR,MDA,841382
3738542,4,140,8819,1996,0.0,998.0,-0.309992,-0.039541,ALB,MKD,841382
3738543,15,140,8819,1996,65235.0,0.0,1.9216669999999998,0.659388,AUT,MKD,841382
3738544,23,140,8819,1996,1181.0,0.0,0.544265,1.523408,BGR,MKD,841382
3738545,61,140,8819,1996,17676.0,0.0,2.279976,-2.572299,DEU,MKD,841382
3738546,111,140,8819,1996,17310.0,0.0,1.4674690000000001,1.263362,ITA,MKD,841382
3738547,189,140,8819,1996,27017.0,6483.0,0.786293,2.20126,SCG,MKD,841382
3738548,207,140,8819,1996,2147.0,0.0,1.409184,1.37245,SVN,MKD,841382
3738549,15,189,8819,1996,235503.0,0.0,1.9216669999999998,0.659388,AUT,SCG,841382
3738550,61,189,8819,1996,57434.0,0.0,2.279976,-2.572299,DEU,SCG,841382
3738551,102,189,8819,1996,5200.0,0.0,0.790036,1.891534,HUN,SCG,841382
3738552,111,189,8819,1996,9109.0,0.0,1.4674690000000001,1.263362,ITA,SCG,841382
3738553,140,189,8819,1996,6483.0,27017.0,0.316133,0.933068,MKD,SCG,841382
3738554,186,189,8819,1996,0.0,16346.0,0.900185,0.47723000000000004,RUS,SCG,841382
3738555,61,212,8819,1996,5068.0,0.0,2.279976,-2.572299,DEU,SYR,841382
3738556,68,212,8819,1996,27115.0,0.0,-0.5446409999999999,-0.229586,EGY,SYR,841382
3738557,111,212,8819,1996,1316536.0,0.0,1.4674690000000001,1.263362,ITA,SYR,841382
3738558,190,212,8819,1996,0.0,4458.0,-1.4146459999999998,-1.181707,SDN,SYR,841382
3738559,32,249,8819,1996,0.0,50748.0,0.699658,1.271724,BRA,TWN,841382
3738560,41,249,8819,1996,19503.0,0.0,2.246238,0.603288,CHE,TWN,841382
3738561,43,249,8819,1996,0.0,327054.0,0.404422,3.061344,CHN,TWN,841382
3738562,61,249,8819,1996,0.0,6683.0,2.279976,-2.572299,DEU,TWN,841382
3738563,67,249,8819,1996,0.0,3739.0,-1.1391200000000001,-0.992735,ECU,TWN,841382
3738564,71,249,8819,1996,0.0,30143.0,1.105317,1.9473,ESP,TWN,841382
3738565,77,249,8819,1996,2152.0,0.0,1.69082,0.721312,FRA,TWN,841382
3738566,81,249,8819,1996,37816.0,72560.0,1.850284,0.883084,GBR,TWN,841382
3738567,90,249,8819,1996,0.0,15629.0,0.271386,1.042608,GRC,TWN,841382
3738568,93,249,8819,1996,0.0,2539.0,-0.332901,0.23790300000000003,GTM,TWN,841382
3738569,103,249,8819,1996,35221.0,642474.0,-0.43199899999999997,1.22074,IDN,TWN,841382
3738570,111,249,8819,1996,152124.0,59114.0,1.4674690000000001,1.263362,ITA,TWN,841382
3738571,114,249,8819,1996,0.0,2101.0,2.615364,0.5656939999999999,JPN,TWN,841382
3738572,138,249,8819,1996,0.0,8194.0,0.651949,0.9132170000000001,MEX,TWN,841382
3738573,162,249,8819,1996,610152.0,0.0,1.256625,1.803132,NLD,TWN,841382
3738574,192,249,8819,1996,1077.0,118679.0,0.8354299999999999,0.41169799999999995,SGP,TWN,841382
3738575,216,249,8819,1996,0.0,13460.0,0.10120599999999999,1.351967,THA,TWN,841382
3738576,231,249,8819,1996,218710.0,6990.0,1.7110560000000001,1.125141,USA,TWN,841382
3738577,8,250,8819,1996,0.0,1316.0,0.167081,0.433612,ARG,ANS,841382
3738578,14,250,8819,1996,1802.0,0.0,0.369697,0.78069,AUS,ANS,841382
3738579,15,250,8819,1996,1898.0,0.0,1.9216669999999998,0.659388,AUT,ANS,841382
3738580,23,250,8819,1996,2028.0,0.0,0.544265,1.523408,BGR,ANS,841382
3738581,42,250,8819,1996,0.0,3286.0,-0.052811000000000004,-0.169464,CHL,ANS,841382
3738582,49,250,8819,1996,3755.0,194760.0,0.136487,0.078743,COL,ANS,841382
3738583,59,250,8819,1996,1112.0,0.0,1.401181,1.3094709999999998,CZE,ANS,841382
3738584,67,250,8819,1996,0.0,16050.0,-1.1391200000000001,-0.992735,ECU,ANS,841382
3738585,71,250,8819,1996,13548.0,1302.0,1.105317,1.9473,ESP,ANS,841382
3738586,77,250,8819,1996,0.0,1190.0,1.69082,0.721312,FRA,ANS,841382
3738587,90,250,8819,1996,3708.0,0.0,0.271386,1.042608,GRC,ANS,841382
3738588,103,250,8819,1996,0.0,1416.0,-0.43199899999999997,1.22074,IDN,ANS,841382
3738589,169,250,8819,1996,0.0,8011.0,-0.100537,-0.374129,PAN,ANS,841382
3738590,177,250,8819,1996,0.0,66919.0,0.795489,1.9004729999999999,POL,ANS,841382
3738591,188,250,8819,1996,0.0,89291.0,0.215265,-0.8577309999999999,SAU,ANS,841382
3738592,215,250,8819,1996,23242.0,0.0,-0.9070459999999999,-0.7702399999999999,TGO,ANS,841382
3738593,230,250,8819,1996,1035.0,0.0,0.171541,0.313934,URY,ANS,841382
3738594,71,54,8819,1996,514019.0,0.0,1.105317,1.9473,ESP,CUB,841382
3738595,111,54,8819,1996,4270.0,0.0,1.4674690000000001,1.263362,ITA,CUB,841382
3738596,138,54,8819,1996,47378.0,0.0,0.651949,0.9132170000000001,MEX,CUB,841382
3738597,77,141,8819,1996,282566.0,0.0,1.69082,0.721312,FRA,MLI,841382
3738598,111,141,8819,1996,1459.0,0.0,1.4674690000000001,1.263362,ITA,MLI,841382
3738599,191,141,8819,1996,19292.0,0.0,-0.619785,-0.712171,SEN,MLI,841382
3738600,81,168,8819,1996,70185.0,0.0,1.850284,0.883084,GBR,PAK,841382
3738601,111,168,8819,1996,30501.0,0.0,1.4674690000000001,1.263362,ITA,PAK,841382
3738602,42,178,8819,1996,0.0,1489.0,-0.052811000000000004,-0.169464,CHL,PRK,841382
3738603,67,178,8819,1996,0.0,2491.0,-1.1391200000000001,-0.992735,ECU,PRK,841382
3738604,103,178,8819,1996,0.0,4577.0,-0.43199899999999997,1.22074,IDN,PRK,841382
3738605,41,239,8819,1996,7138.0,0.0,2.246238,0.603288,CHE,VNM,841382
3738606,103,239,8819,1996,45479.0,0.0,-0.43199899999999997,1.22074,IDN,VNM,841382
3738607,114,239,8819,1996,60183.0,0.0,2.615364,0.5656939999999999,JPN,VNM,841382
3738608,186,239,8819,1996,12604.0,0.0,0.900185,0.47723000000000004,RUS,VNM,841382
3738609,228,239,8819,1996,19366.0,0.0,0.896537,0.9241459999999999,UKR,VNM,841382
3738610,231,239,8819,1996,3380.0,0.0,1.7110560000000001,1.125141,USA,VNM,841382
3738611,246,239,8819,1996,33907.0,0.0,0.456593,1.150786,ZAF,VNM,841382
3738612,231,29,8819,1996,6220.0,0.0,1.7110560000000001,1.125141,USA,BLZ,841382
3738613,8,31,8819,1996,1033.0,0.0,0.167081,0.433612,ARG,BOL,841382
3738614,15,31,8819,1996,591.0,0.0,1.9216669999999998,0.659388,AUT,BOL,841382
3738615,32,31,8819,1996,16094.0,0.0,0.699658,1.271724,BRA,BOL,841382
3738616,42,31,8819,1996,8302.0,0.0,-0.052811000000000004,-0.169464,CHL,BOL,841382
3738617,77,31,8819,1996,1213.0,0.0,1.69082,0.721312,FRA,BOL,841382
3738618,111,31,8819,1996,29703.0,0.0,1.4674690000000001,1.263362,ITA,BOL,841382
3738619,114,31,8819,1996,21779.0,0.0,2.615364,0.5656939999999999,JPN,BOL,841382
3738620,162,31,8819,1996,1163.0,0.0,1.256625,1.803132,NLD,BOL,841382
3738621,208,31,8819,1996,50148.0,0.0,2.133781,0.9099889999999999,SWE,BOL,841382
3738622,231,31,8819,1996,34411.0,0.0,1.7110560000000001,1.125141,USA,BOL,841382
3738623,81,63,8819,1996,13963.0,0.0,1.850284,0.883084,GBR,DMA,841382
3738624,231,91,8819,1996,26519.0,0.0,1.7110560000000001,1.125141,USA,GRD,841382
3738625,71,112,8819,1996,169280.0,0.0,1.105317,1.9473,ESP,JAM,841382
3738626,81,112,8819,1996,293561.0,0.0,1.850284,0.883084,GBR,JAM,841382
3738627,231,112,8819,1996,122493.0,3701.0,1.7110560000000001,1.125141,USA,JAM,841382
3738628,231,127,8819,1996,1208.0,0.0,1.7110560000000001,1.125141,USA,LCA,841382
3738629,39,160,8819,1996,610.0,0.0,1.155706,1.1127049999999998,CAN,NIC,841382
3738630,49,160,8819,1996,20939.0,0.0,0.136487,0.078743,COL,NIC,841382
3738631,71,160,8819,1996,13272.0,0.0,1.105317,1.9473,ESP,NIC,841382
3738632,99,160,8819,1996,0.0,2724.0,-0.69357,-0.48721400000000004,HND,NIC,841382
3738633,186,160,8819,1996,1198.0,0.0,0.900185,0.47723000000000004,RUS,NIC,841382
3738634,197,160,8819,1996,0.0,3819.0,-0.24968800000000002,-0.121995,SLV,NIC,841382
3738635,231,160,8819,1996,33693.0,0.0,1.7110560000000001,1.125141,USA,NIC,841382
3738636,49,197,8819,1996,16199.0,0.0,0.136487,0.078743,COL,SLV,841382
3738637,52,197,8819,1996,0.0,2933.0,-0.34219499999999997,0.12221900000000001,CRI,SLV,841382
3738638,61,197,8819,1996,9432.0,0.0,2.279976,-2.572299,DEU,SLV,841382
3738639,71,197,8819,1996,20605.0,0.0,1.105317,1.9473,ESP,SLV,841382
3738640,93,197,8819,1996,2275.0,0.0,-0.332901,0.23790300000000003,GTM,SLV,841382
3738641,99,197,8819,1996,0.0,2088.0,-0.69357,-0.48721400000000004,HND,SLV,841382
3738642,111,197,8819,1996,15475.0,0.0,1.4674690000000001,1.263362,ITA,SLV,841382
3738643,114,197,8819,1996,149556.0,0.0,2.615364,0.5656939999999999,JPN,SLV,841382
3738644,138,197,8819,1996,25593.0,0.0,0.651949,0.9132170000000001,MEX,SLV,841382
3738645,160,197,8819,1996,3819.0,0.0,-0.767799,-0.737816,NIC,SLV,841382
3738646,162,197,8819,1996,11351.0,0.0,1.256625,1.803132,NLD,SLV,841382
3738647,169,197,8819,1996,4764.0,0.0,-0.100537,-0.374129,PAN,SLV,841382
3738648,231,197,8819,1996,44766.0,0.0,1.7110560000000001,1.125141,USA,SLV,841382
3738649,64,227,8819,1996,774.0,0.0,1.443514,1.275684,DNK,UGA,841382
3738650,77,227,8819,1996,8676.0,0.0,1.69082,0.721312,FRA,UGA,841382
3738651,81,227,8819,1996,2896.0,0.0,1.850284,0.883084,GBR,UGA,841382
3738652,104,227,8819,1996,3142.0,0.0,0.20685599999999998,2.317622,IND,UGA,841382
3738653,111,227,8819,1996,3446.0,0.0,1.4674690000000001,1.263362,ITA,UGA,841382
3738654,231,227,8819,1996,6244.0,0.0,1.7110560000000001,1.125141,USA,UGA,841382
3738655,246,227,8819,1996,3052.0,0.0,0.456593,1.150786,ZAF,UGA,841382
3738656,77,17,8819,1996,828.0,0.0,1.69082,0.721312,FRA,BDI,841382
3738657,77,50,8819,1996,3836.0,0.0,1.69082,0.721312,FRA,COM,841382
3738658,18,85,8819,1996,5675.0,0.0,1.549312,1.273767,BEL,GIN,841382
3738659,77,85,8819,1996,4552.0,0.0,1.69082,0.721312,FRA,GIN,841382
3738660,111,85,8819,1996,32684.0,0.0,1.4674690000000001,1.263362,ITA,GIN,841382
3738661,124,85,8819,1996,1308.0,0.0,-0.051973,0.002154,LBN,GIN,841382
3738662,159,85,8819,1996,1344.0,0.0,-1.813359,-1.1967,NGA,GIN,841382
3738663,188,85,8819,1996,2679.0,0.0,0.215265,-0.8577309999999999,SAU,GIN,841382
3738664,39,109,8819,1996,0.0,2397.0,1.155706,1.1127049999999998,CAN,ISL,841382
3738665,61,109,8819,1996,2423.0,0.0,2.279976,-2.572299,DEU,ISL,841382
3738666,64,109,8819,1996,14872.0,0.0,1.443514,1.275684,DNK,ISL,841382
3738667,71,109,8819,1996,8478.0,0.0,1.105317,1.9473,ESP,ISL,841382
3738668,74,109,8819,1996,3949.0,0.0,2.0584729999999998,1.006908,FIN,ISL,841382
3738669,77,109,8819,1996,1116.0,0.0,1.69082,0.721312,FRA,ISL,841382
3738670,81,109,8819,1996,1371.0,0.0,1.850284,0.883084,GBR,ISL,841382
3738671,111,109,8819,1996,3115.0,0.0,1.4674690000000001,1.263362,ITA,ISL,841382
3738672,163,109,8819,1996,227875.0,0.0,1.204869,0.303062,NOR,ISL,841382
3738673,208,109,8819,1996,5848.0,0.0,2.133781,0.9099889999999999,SWE,ISL,841382
3738674,231,109,8819,1996,13320.0,0.0,1.7110560000000001,1.125141,USA,ISL,841382
3738675,18,133,8819,1996,592.0,0.0,1.549312,1.273767,BEL,MAC,841382
3738676,43,133,8819,1996,1020.0,0.0,0.404422,3.061344,CHN,MAC,841382
3738677,61,133,8819,1996,572.0,0.0,2.279976,-2.572299,DEU,MAC,841382
3738678,81,133,8819,1996,11033.0,0.0,1.850284,0.883084,GBR,MAC,841382
3738679,61,136,8819,1996,65266.0,0.0,2.279976,-2.572299,DEU,MDG,841382
3738680,77,136,8819,1996,3006.0,0.0,1.69082,0.721312,FRA,MDG,841382
3738681,111,136,8819,1996,3395.0,0.0,1.4674690000000001,1.263362,ITA,MDG,841382
3738682,114,136,8819,1996,10567.0,0.0,2.615364,0.5656939999999999,JPN,MDG,841382
3738683,151,136,8819,1996,0.0,3897.0,-0.538651,-0.746274,MUS,MDG,841382
3738684,231,136,8819,1996,2255.0,0.0,1.7110560000000001,1.125141,USA,MDG,841382
3738685,77,137,8819,1996,1139.0,0.0,1.69082,0.721312,FRA,MDV,841382
3738686,192,137,8819,1996,3876.0,0.0,0.8354299999999999,0.41169799999999995,SGP,MDV,841382
3738687,77,151,8819,1996,0.0,1479.0,1.69082,0.721312,FRA,MUS,841382
3738688,81,151,8819,1996,4169.0,0.0,1.850284,0.883084,GBR,MUS,841382
3738689,136,151,8819,1996,3897.0,0.0,-1.213619,-0.606686,MDG,MUS,841382
3738690,147,152,8819,1996,0.0,25404.0,-1.331264,-1.1260270000000001,MOZ,MWI,841382
3738691,246,152,8819,1996,14188.0,3048.0,0.456593,1.150786,ZAF,MWI,841382
3738692,248,152,8819,1996,0.0,3624.0,-0.393769,-0.34379,ZWE,MWI,841382
3738693,15,159,8819,1996,1066.0,0.0,1.9216669999999998,0.659388,AUT,NGA,841382
3738694,71,159,8819,1996,248275.0,0.0,1.105317,1.9473,ESP,NGA,841382
3738695,77,159,8819,1996,44083.0,60211.0,1.69082,0.721312,FRA,NGA,841382
3738696,81,159,8819,1996,2199.0,0.0,1.850284,0.883084,GBR,NGA,841382
3738697,85,159,8819,1996,0.0,1344.0,-1.2641930000000001,-1.1317409999999999,GIN,NGA,841382
3738698,111,159,8819,1996,399854.0,0.0,1.4674690000000001,1.263362,ITA,NGA,841382
3738699,162,159,8819,1996,5061.0,0.0,1.256625,1.803132,NLD,NGA,841382
3738700,231,159,8819,1996,39738.0,0.0,1.7110560000000001,1.125141,USA,NGA,841382
3738701,7,187,8819,1996,1301.0,0.0,-0.245358,-0.726695,ARE,RWA,841382
3738702,18,187,8819,1996,712.0,0.0,1.549312,1.273767,BEL,RWA,841382
3738703,77,187,8819,1996,5186.0,0.0,1.69082,0.721312,FRA,RWA,841382
3738704,116,187,8819,1996,27501.0,0.0,-0.468322,-0.017625,KEN,RWA,841382
3738705,81,211,8819,1996,1101.0,0.0,1.850284,0.883084,GBR,SYC,841382
3738706,192,211,8819,1996,2928.0,0.0,0.8354299999999999,0.41169799999999995,SGP,SYC,841382
3738707,7,226,8819,1996,3526.0,0.0,-0.245358,-0.726695,ARE,TZA,841382
3738708,41,226,8819,1996,1515.0,0.0,2.246238,0.603288,CHE,TZA,841382
3738709,61,226,8819,1996,10123.0,0.0,2.279976,-2.572299,DEU,TZA,841382
3738710,64,226,8819,1996,3928.0,0.0,1.443514,1.275684,DNK,TZA,841382
3738711,71,226,8819,1996,8375.0,0.0,1.105317,1.9473,ESP,TZA,841382
3738712,77,226,8819,1996,2307.0,0.0,1.69082,0.721312,FRA,TZA,841382
3738713,81,226,8819,1996,61769.0,0.0,1.850284,0.883084,GBR,TZA,841382
3738714,104,226,8819,1996,6075.0,0.0,0.20685599999999998,2.317622,IND,TZA,841382
3738715,111,226,8819,1996,11436.0,0.0,1.4674690000000001,1.263362,ITA,TZA,841382
3738716,162,226,8819,1996,49897.0,0.0,1.256625,1.803132,NLD,TZA,841382
3738717,208,226,8819,1996,1283.0,0.0,2.133781,0.9099889999999999,SWE,TZA,841382
3738718,231,226,8819,1996,2242.0,0.0,1.7110560000000001,1.125141,USA,TZA,841382
3738719,246,226,8819,1996,13430.0,0.0,0.456593,1.150786,ZAF,TZA,841382
3738720,77,2,8819,1996,47891.0,0.0,1.69082,0.721312,FRA,AGO,841382
3738721,179,2,8819,1996,171565.0,0.0,0.39343,1.170144,PRT,AGO,841382
3738722,246,2,8819,1996,2624.0,0.0,0.456593,1.150786,ZAF,AGO,841382
3738723,23,4,8819,1996,5643.0,0.0,0.544265,1.523408,BGR,ALB,841382
3738724,90,4,8819,1996,638065.0,0.0,0.271386,1.042608,GRC,ALB,841382
3738725,111,4,8819,1996,41640.0,0.0,1.4674690000000001,1.263362,ITA,ALB,841382
3738726,140,4,8819,1996,998.0,0.0,0.316133,0.933068,MKD,ALB,841382
3738727,224,4,8819,1996,2445.0,0.0,0.156866,1.554023,TUR,ALB,841382
3738728,41,7,8819,1996,3827.0,0.0,2.246238,0.603288,CHE,ARE,841382
3738729,43,7,8819,1996,6037.0,0.0,0.404422,3.061344,CHN,ARE,841382
3738730,61,7,8819,1996,6250.0,3234.0,2.279976,-2.572299,DEU,ARE,841382
3738731,68,7,8819,1996,0.0,18118.0,-0.5446409999999999,-0.229586,EGY,ARE,841382
3738732,77,7,8819,1996,17792.0,0.0,1.69082,0.721312,FRA,ARE,841382
3738733,81,7,8819,1996,75923.0,2783.0,1.850284,0.883084,GBR,ARE,841382
3738734,104,7,8819,1996,18692.0,0.0,0.20685599999999998,2.317622,IND,ARE,841382
3738735,111,7,8819,1996,259440.0,1135723.0,1.4674690000000001,1.263362,ITA,ARE,841382
3738736,162,7,8819,1996,153865.0,0.0,1.256625,1.803132,NLD,ARE,841382
3738737,163,7,8819,1996,5081.0,0.0,1.204869,0.303062,NOR,ARE,841382
3738738,187,7,8819,1996,0.0,1301.0,0.07343,-0.520246,RWA,ARE,841382
3738739,190,7,8819,1996,0.0,5701.0,-1.4146459999999998,-1.181707,SDN,ARE,841382
3738740,226,7,8819,1996,0.0,3526.0,-1.391534,-0.907436,TZA,ARE,841382
3738741,41,19,8819,1996,1045.0,0.0,2.246238,0.603288,CHE,BEN,841382
3738742,77,19,8819,1996,1760.0,0.0,1.69082,0.721312,FRA,BEN,841382
3738743,192,19,8819,1996,67585.0,0.0,0.8354299999999999,0.41169799999999995,SGP,BEN,841382
3738744,41,21,8819,1996,6716.0,0.0,2.246238,0.603288,CHE,BFA,841382
3738745,61,21,8819,1996,91206.0,0.0,2.279976,-2.572299,DEU,BFA,841382
3738746,77,21,8819,1996,3713.0,0.0,1.69082,0.721312,FRA,BFA,841382
3738747,15,24,8819,1996,4758.0,0.0,1.9216669999999998,0.659388,AUT,BHR,841382
3738748,81,24,8819,1996,51076.0,0.0,1.850284,0.883084,GBR,BHR,841382
3738749,114,24,8819,1996,7072.0,0.0,2.615364,0.5656939999999999,JPN,BHR,841382
3738750,15,26,8819,1996,47313.0,0.0,1.9216669999999998,0.659388,AUT,BIH,841382
3738751,100,26,8819,1996,35175.0,4935.0,0.772706,1.1075270000000002,HRV,BIH,841382
3738752,111,26,8819,1996,56043.0,0.0,1.4674690000000001,1.263362,ITA,BIH,841382
3738753,207,26,8819,1996,19382.0,0.0,1.409184,1.37245,SVN,BIH,841382
3738754,59,28,8819,1996,1365.0,0.0,1.401181,1.3094709999999998,CZE,BLR,841382
3738755,61,28,8819,1996,300638.0,0.0,2.279976,-2.572299,DEU,BLR,841382
3738756,132,28,8819,1996,0.0,1210.0,0.33418600000000004,0.1615,LVA,BLR,841382
3738757,228,28,8819,1996,30942.0,0.0,0.896537,0.9241459999999999,UKR,BLR,841382
3738758,81,33,8819,1996,8668.0,0.0,1.850284,0.883084,GBR,BRB,841382
3738759,18,46,8819,1996,113303.0,0.0,1.549312,1.273767,BEL,COD,841382
3738760,77,47,8819,1996,4380.0,0.0,1.69082,0.721312,FRA,COG,841382
3738761,77,51,8819,1996,14272.0,0.0,1.69082,0.721312,FRA,CPV,841382
3738762,179,51,8819,1996,2196.0,0.0,0.39343,1.170144,PRT,CPV,841382
3738763,71,84,8819,1996,1759.0,0.0,1.105317,1.9473,ESP,GIB,841382
3738764,90,84,8819,1996,2006.0,0.0,0.271386,1.042608,GRC,GIB,841382
3738765,71,89,8819,1996,6865.0,0.0,1.105317,1.9473,ESP,GNQ,841382
3738766,61,115,8819,1996,37662.0,0.0,2.279976,-2.572299,DEU,KAZ,841382
3738767,81,115,8819,1996,541277.0,8471.0,1.850284,0.883084,GBR,KAZ,841382
3738768,186,115,8819,1996,181373.0,168422.0,0.900185,0.47723000000000004,RUS,KAZ,841382
3738769,77,116,8819,1996,18005.0,0.0,1.69082,0.721312,FRA,KEN,841382
3738770,81,116,8819,1996,11469.0,0.0,1.850284,0.883084,GBR,KEN,841382
3738771,104,116,8819,1996,3060.0,0.0,0.20685599999999998,2.317622,IND,KEN,841382
3738772,111,116,8819,1996,13836.0,0.0,1.4674690000000001,1.263362,ITA,KEN,841382
3738773,187,116,8819,1996,0.0,27501.0,0.07343,-0.520246,RWA,KEN,841382
3738774,231,116,8819,1996,19287.0,0.0,1.7110560000000001,1.125141,USA,KEN,841382
3738775,18,122,8819,1996,193861.0,0.0,1.549312,1.273767,BEL,KWT,841382
3738776,68,122,8819,1996,3182.0,0.0,-0.5446409999999999,-0.229586,EGY,KWT,841382
3738777,71,122,8819,1996,11533.0,0.0,1.105317,1.9473,ESP,KWT,841382
3738778,77,122,8819,1996,16426.0,0.0,1.69082,0.721312,FRA,KWT,841382
3738779,111,122,8819,1996,33362.0,0.0,1.4674690000000001,1.263362,ITA,KWT,841382
3738780,188,122,8819,1996,29086.0,0.0,0.215265,-0.8577309999999999,SAU,KWT,841382
3738781,231,122,8819,1996,161697.0,0.0,1.7110560000000001,1.125141,USA,KWT,841382
3738782,114,125,8819,1996,1910.0,0.0,2.615364,0.5656939999999999,JPN,LBR,841382
3738783,61,126,8819,1996,76027.0,0.0,2.279976,-2.572299,DEU,LBY,841382
3738784,68,126,8819,1996,11189.0,0.0,-0.5446409999999999,-0.229586,EGY,LBY,841382
3738785,81,126,8819,1996,5518116.0,1636.0,1.850284,0.883084,GBR,LBY,841382
3738786,111,126,8819,1996,8316.0,0.0,1.4674690000000001,1.263362,ITA,LBY,841382
3738787,162,126,8819,1996,10158.0,0.0,1.256625,1.803132,NLD,LBY,841382
3738788,152,147,8819,1996,25404.0,0.0,-1.332586,-1.115859,MWI,MOZ,841382
3738789,246,147,8819,1996,9516.0,0.0,0.456593,1.150786,ZAF,MOZ,841382
3738790,18,148,8819,1996,1938.0,0.0,1.549312,1.273767,BEL,MRT,841382
3738791,71,148,8819,1996,28862.0,0.0,1.105317,1.9473,ESP,MRT,841382
3738792,77,148,8819,1996,1566.0,0.0,1.69082,0.721312,FRA,MRT,841382
3738793,71,183,8819,1996,7034.0,0.0,1.105317,1.9473,ESP,QAT,841382
3738794,81,183,8819,1996,40812.0,0.0,1.850284,0.883084,GBR,QAT,841382
3738795,16,232,8819,1996,92634.0,0.0,0.500442,-0.280796,AZE,UZB,841382
3738796,61,232,8819,1996,22217.0,0.0,2.279976,-2.572299,DEU,UZB,841382
3738797,186,232,8819,1996,415595.0,0.0,0.900185,0.47723000000000004,RUS,UZB,841382
3738798,228,232,8819,1996,725652.0,0.0,0.896537,0.9241459999999999,UKR,UZB,841382
3738799,111,243,8819,1996,82825.0,0.0,1.4674690000000001,1.263362,ITA,YEM,841382
3738800,188,243,8819,1996,6893.0,0.0,0.215265,-0.8577309999999999,SAU,YEM,841382
3738801,231,243,8819,1996,8410.0,0.0,1.7110560000000001,1.125141,USA,YEM,841382
3738802,77,248,8819,1996,0.0,5631.0,1.69082,0.721312,FRA,ZWE,841382
3738803,111,248,8819,1996,1080.0,0.0,1.4674690000000001,1.263362,ITA,ZWE,841382
3738804,152,248,8819,1996,3624.0,0.0,-1.332586,-1.115859,MWI,ZWE,841382
3738805,246,248,8819,1996,8856.0,0.0,0.456593,1.150786,ZAF,ZWE,841382
3738806,71,5,8819,1996,1951.0,0.0,1.105317,1.9473,ESP,AND,841382
3738807,77,5,8819,1996,0.0,74740.0,1.69082,0.721312,FRA,AND,841382
3738808,77,30,8819,1996,8800.0,0.0,1.69082,0.721312,FRA,BMU,841382
3738809,14,40,8819,1996,2938.0,0.0,0.369697,0.78069,AUS,CCK,841382
3738810,166,48,8819,1996,3692.0,0.0,0.49466099999999996,0.8302879999999999,NZL,COK,841382
3738811,14,56,8819,1996,4008.0,0.0,0.369697,0.78069,AUS,CXR,841382
3738812,77,73,8819,1996,1760.0,0.0,1.69082,0.721312,FRA,ETH,841382
3738813,111,73,8819,1996,14109.0,0.0,1.4674690000000001,1.263362,ITA,ETH,841382
3738814,14,75,8819,1996,963.0,0.0,0.369697,0.78069,AUS,FJI,841382
3738815,166,75,8819,1996,1082.0,0.0,0.49466099999999996,0.8302879999999999,NZL,FJI,841382
3738816,64,78,8819,1996,967.0,0.0,1.443514,1.275684,DNK,FRO,841382
3738817,81,78,8819,1996,17567.0,0.0,1.850284,0.883084,GBR,FRO,841382
3738818,14,118,8819,1996,4915.0,0.0,0.369697,0.78069,AUS,KHM,841382
3738819,81,118,8819,1996,23036.0,0.0,1.850284,0.883084,GBR,KHM,841382
3738820,43,123,8819,1996,1512.0,0.0,0.404422,3.061344,CHN,LAO,841382
3738821,216,123,8819,1996,4267.0,0.0,0.10120599999999999,1.351967,THA,LAO,841382
3738822,77,143,8819,1996,4105.0,0.0,1.69082,0.721312,FRA,MMR,841382
3738823,71,156,8819,1996,6843.0,0.0,1.105317,1.9473,ESP,NCL,841382
3738824,77,156,8819,1996,5103.0,0.0,1.69082,0.721312,FRA,NCL,841382
3738825,14,165,8819,1996,6352.0,0.0,0.369697,0.78069,AUS,NRU,841382
3738826,14,176,8819,1996,1622.0,0.0,0.369697,0.78069,AUS,PNG,841382
3738827,114,176,8819,1996,6182.0,0.0,2.615364,0.5656939999999999,JPN,PNG,841382
3738828,192,176,8819,1996,6602.0,0.0,0.8354299999999999,0.41169799999999995,SGP,PNG,841382
3738829,14,182,8819,1996,12439.0,0.0,0.369697,0.78069,AUS,PYF,841382
3738830,77,182,8819,1996,20078.0,0.0,1.69082,0.721312,FRA,PYF,841382
3738831,114,195,8819,1996,1879.0,0.0,2.615364,0.5656939999999999,JPN,SLB,841382
3738832,71,196,8819,1996,2798.0,0.0,1.105317,1.9473,ESP,SLE,841382
3738833,77,196,8819,1996,16051.0,0.0,1.69082,0.721312,FRA,SLE,841382
3738834,246,196,8819,1996,1222.0,0.0,0.456593,1.150786,ZAF,SLE,841382
3738835,224,219,8819,1996,21917.0,0.0,0.156866,1.554023,TUR,TKM,841382
3738836,14,242,8819,1996,2584.0,0.0,0.369697,0.78069,AUS,WSM,841382
3738837,231,0,8819,1996,4191.0,0.0,1.7110560000000001,1.125141,USA,ABW,841382
3738838,179,88,8819,1996,2281.0,0.0,0.39343,1.170144,PRT,GNB,841382
3738839,43,145,8819,1996,2911.0,0.0,0.404422,3.061344,CHN,MNG,841382
3738840,97,145,8819,1996,90727.0,0.0,0.54364,2.727659,HKG,MNG,841382
3738841,114,145,8819,1996,18848.0,0.0,2.615364,0.5656939999999999,JPN,MNG,841382
3738842,121,145,8819,1996,0.0,5083.0,0.8946940000000001,1.240424,KOR,MNG,841382
3738843,186,145,8819,1996,20901.0,0.0,0.900185,0.47723000000000004,RUS,MNG,841382
3738844,61,203,8819,1996,17624.0,0.0,2.279976,-2.572299,DEU,STP,841382
3738845,77,214,8819,1996,21708.0,0.0,1.69082,0.721312,FRA,TCD,841382
3738846,8,15,8862,1996,0.0,8200.0,0.167081,0.433612,ARG,AUT,841950
3738847,14,15,8862,1996,39006.0,3575.0,0.369697,0.78069,AUS,AUT,841950
3738848,18,15,8862,1996,145089.0,541845.0,1.549312,1.273767,BEL,AUT,841950
3738849,23,15,8862,1996,3980.0,465236.0,0.544265,1.523408,BGR,AUT,841950
3738850,26,15,8862,1996,0.0,12071.0,0.679466,0.730425,BIH,AUT,841950
3738851,28,15,8862,1996,0.0,256493.0,0.7285550000000001,0.660716,BLR,AUT,841950
3738852,32,15,8862,1996,1475.0,11025.0,0.699658,1.271724,BRA,AUT,841950
3738853,39,15,8862,1996,0.0,685572.0,1.155706,1.1127049999999998,CAN,AUT,841950
3738854,41,15,8862,1996,3543627.0,2439386.0,2.246238,0.603288,CHE,AUT,841950
3738855,42,15,8862,1996,0.0,65926.0,-0.052811000000000004,-0.169464,CHL,AUT,841950
3738856,43,15,8862,1996,0.0,64716.0,0.404422,3.061344,CHN,AUT,841950
3738857,44,15,8862,1996,0.0,3947.0,-0.8720459999999999,-0.7904479999999999,CIV,AUT,841950
3738858,49,15,8862,1996,0.0,18166.0,0.136487,0.078743,COL,AUT,841950
3738859,59,15,8862,1996,1328718.0,2333760.0,1.401181,1.3094709999999998,CZE,AUT,841950
3738860,61,15,8862,1996,21821930.0,34497644.0,2.279976,-2.572299,DEU,AUT,841950
3738861,64,15,8862,1996,322935.0,3447278.0,1.443514,1.275684,DNK,AUT,841950
3738862,65,15,8862,1996,0.0,5209.0,-0.596093,-0.5602060000000001,DOM,AUT,841950
3738863,68,15,8862,1996,4003.0,0.0,-0.5446409999999999,-0.229586,EGY,AUT,841950
3738864,71,15,8862,1996,265558.0,899966.0,1.105317,1.9473,ESP,AUT,841950
3738865,74,15,8862,1996,0.0,308716.0,2.0584729999999998,1.006908,FIN,AUT,841950
3738866,77,15,8862,1996,1495121.0,2222451.0,1.69082,0.721312,FRA,AUT,841950
3738867,81,15,8862,1996,329082.0,1587833.0,1.850284,0.883084,GBR,AUT,841950
3738868,82,15,8862,1996,13811.0,0.0,0.5383020000000001,0.167596,GEO,AUT,841950
3738869,90,15,8862,1996,28394.0,11913.0,0.271386,1.042608,GRC,AUT,841950
3738870,100,15,8862,1996,464276.0,292659.0,0.772706,1.1075270000000002,HRV,AUT,841950
3738871,102,15,8862,1996,567042.0,1415711.0,0.790036,1.891534,HUN,AUT,841950
3738872,103,15,8862,1996,0.0,34975.0,-0.43199899999999997,1.22074,IDN,AUT,841950
3738873,104,15,8862,1996,0.0,27032.0,0.20685599999999998,2.317622,IND,AUT,841950
3738874,106,15,8862,1996,0.0,256820.0,1.386011,0.9232100000000001,IRL,AUT,841950
3738875,110,15,8862,1996,0.0,51845.0,1.054975,1.072965,ISR,AUT,841950
3738876,111,15,8862,1996,6210341.0,5697650.0,1.4674690000000001,1.263362,ITA,AUT,841950
3738877,113,15,8862,1996,0.0,22732.0,0.12203499999999999,-0.41859399999999997,JOR,AUT,841950
3738878,114,15,8862,1996,15878.0,67156.0,2.615364,0.5656939999999999,JPN,AUT,841950
3738879,121,15,8862,1996,0.0,149209.0,0.8946940000000001,1.240424,KOR,AUT,841950
3738880,126,15,8862,1996,0.0,17808.0,-0.588489,-1.138552,LBY,AUT,841950
3738881,128,15,8862,1996,0.0,9612.0,-0.812763,-0.188722,LKA,AUT,841950
3738882,132,15,8862,1996,0.0,26864.0,0.33418600000000004,0.1615,LVA,AUT,841950
3738883,134,15,8862,1996,0.0,1321.0,-0.67314,-0.241242,MAR,AUT,841950
3738884,138,15,8862,1996,3615.0,1000.0,0.651949,0.9132170000000001,MEX,AUT,841950
3738885,140,15,8862,1996,0.0,3301.0,0.316133,0.933068,MKD,AUT,841950
3738886,142,15,8862,1996,0.0,2704.0,0.8825440000000001,0.066541,MLT,AUT,841950
3738887,153,15,8862,1996,0.0,30549.0,0.351774,0.347262,MYS,AUT,841950
3738888,159,15,8862,1996,0.0,23255.0,-1.813359,-1.1967,NGA,AUT,841950
3738889,162,15,8862,1996,437396.0,1162014.0,1.256625,1.803132,NLD,AUT,841950
3738890,163,15,8862,1996,2879.0,386910.0,1.204869,0.303062,NOR,AUT,841950
3738891,166,15,8862,1996,0.0,23947.0,0.49466099999999996,0.8302879999999999,NZL,AUT,841950
3738892,168,15,8862,1996,0.0,6271.0,-0.7543300000000001,-0.393654,PAK,AUT,841950
3738893,177,15,8862,1996,114234.0,898949.0,0.795489,1.9004729999999999,POL,AUT,841950
3738894,185,15,8862,1996,0.0,51861.0,0.612035,0.880964,ROU,AUT,841950
3738895,186,15,8862,1996,809.0,365629.0,0.900185,0.47723000000000004,RUS,AUT,841950
3738896,188,15,8862,1996,0.0,4141.0,0.215265,-0.8577309999999999,SAU,AUT,841950
3738897,189,15,8862,1996,0.0,36765.0,0.786293,2.20126,SCG,AUT,841950
3738898,192,15,8862,1996,0.0,26682.0,0.8354299999999999,0.41169799999999995,SGP,AUT,841950
3738899,206,15,8862,1996,763186.0,239735.0,1.189398,1.29167,SVK,AUT,841950
3738900,207,15,8862,1996,538143.0,219062.0,1.409184,1.37245,SVN,AUT,841950
3738901,208,15,8862,1996,4565106.0,908789.0,2.133781,0.9099889999999999,SWE,AUT,841950
3738902,216,15,8862,1996,1091.0,4336.0,0.10120599999999999,1.351967,THA,AUT,841950
3738903,223,15,8862,1996,0.0,5152.0,-0.28546,-0.089051,TUN,AUT,841950
3738904,224,15,8862,1996,0.0,30169.0,0.156866,1.554023,TUR,AUT,841950
3738905,228,15,8862,1996,0.0,62584.0,0.896537,0.9241459999999999,UKR,AUT,841950
3738906,231,15,8862,1996,14612.0,136460.0,1.7110560000000001,1.125141,USA,AUT,841950
3738907,236,15,8862,1996,0.0,54259.0,0.07086100000000001,-0.761307,VEN,AUT,841950
3738908,246,15,8862,1996,4110.0,22827.0,0.456593,1.150786,ZAF,AUT,841950
3738909,249,15,8862,1996,0.0,106060.0,1.432225,1.675389,TWN,AUT,841950
3738910,7,18,8862,1996,0.0,377582.0,-0.245358,-0.726695,ARE,BEL,841950
3738911,8,18,8862,1996,0.0,6004.0,0.167081,0.433612,ARG,BEL,841950
3738912,14,18,8862,1996,8194.0,22417.0,0.369697,0.78069,AUS,BEL,841950
3738913,15,18,8862,1996,541845.0,145089.0,1.9216669999999998,0.659388,AUT,BEL,841950
3738914,22,18,8862,1996,0.0,772.0,-1.060876,-1.05104,BGD,BEL,841950
3738915,23,18,8862,1996,0.0,63770.0,0.544265,1.523408,BGR,BEL,841950
3738916,32,18,8862,1996,16074.0,4892848.0,0.699658,1.271724,BRA,BEL,841950
3738917,39,18,8862,1996,427605.0,85893.0,1.155706,1.1127049999999998,CAN,BEL,841950
3738918,41,18,8862,1996,834546.0,174233.0,2.246238,0.603288,CHE,BEL,841950
3738919,42,18,8862,1996,0.0,6882.0,-0.052811000000000004,-0.169464,CHL,BEL,841950
3738920,43,18,8862,1996,0.0,25213.0,0.404422,3.061344,CHN,BEL,841950
3738921,44,18,8862,1996,0.0,13723.0,-0.8720459999999999,-0.7904479999999999,CIV,BEL,841950
3738922,46,18,8862,1996,0.0,12353.0,-1.2167,-1.086508,COD,BEL,841950
3738923,49,18,8862,1996,0.0,52593.0,0.136487,0.078743,COL,BEL,841950
3738924,54,18,8862,1996,0.0,1492.0,-0.555246,-1.0420479999999999,CUB,BEL,841950
3738925,58,18,8862,1996,0.0,10210.0,0.20007,0.020590999999999998,CYP,BEL,841950
3738926,59,18,8862,1996,2015722.0,50949.0,1.401181,1.3094709999999998,CZE,BEL,841950
3738927,61,18,8862,1996,33419992.0,4332204.0,2.279976,-2.572299,DEU,BEL,841950
3738928,64,18,8862,1996,570867.0,298701.0,1.443514,1.275684,DNK,BEL,841950
3738929,66,18,8862,1996,0.0,2966324.0,-0.33419699999999997,-1.035736,DZA,BEL,841950
3738930,67,18,8862,1996,0.0,1598.0,-1.1391200000000001,-0.992735,ECU,BEL,841950
3738931,68,18,8862,1996,0.0,981.0,-0.5446409999999999,-0.229586,EGY,BEL,841950
3738932,71,18,8862,1996,608160.0,90331.0,1.105317,1.9473,ESP,BEL,841950
3738933,74,18,8862,1996,99408.0,51081.0,2.0584729999999998,1.006908,FIN,BEL,841950
3738934,77,18,8862,1996,24215716.0,3011713.0,1.69082,0.721312,FRA,BEL,841950
3738935,80,18,8862,1996,0.0,9911.0,-1.693615,-1.174433,GAB,BEL,841950
3738936,81,18,8862,1996,6146614.0,2268773.0,1.850284,0.883084,GBR,BEL,841950
3738937,90,18,8862,1996,11600.0,522037.0,0.271386,1.042608,GRC,BEL,841950
3738938,93,18,8862,1996,0.0,1037.0,-0.332901,0.23790300000000003,GTM,BEL,841950
3738939,97,18,8862,1996,0.0,1677.0,0.54364,2.727659,HKG,BEL,841950
3738940,99,18,8862,1996,0.0,19853.0,-0.69357,-0.48721400000000004,HND,BEL,841950
3738941,100,18,8862,1996,6962.0,30926.0,0.772706,1.1075270000000002,HRV,BEL,841950
3738942,102,18,8862,1996,203597.0,41318.0,0.790036,1.891534,HUN,BEL,841950
3738943,103,18,8862,1996,0.0,415572.0,-0.43199899999999997,1.22074,IDN,BEL,841950
3738944,104,18,8862,1996,0.0,99248.0,0.20685599999999998,2.317622,IND,BEL,841950
3738945,106,18,8862,1996,1298.0,56687.0,1.386011,0.9232100000000001,IRL,BEL,841950
3738946,109,18,8862,1996,0.0,1983.0,0.003558,-0.551796,ISL,BEL,841950
3738947,110,18,8862,1996,111982.0,7371.0,1.054975,1.072965,ISR,BEL,841950
3738948,111,18,8862,1996,6792127.0,626912.0,1.4674690000000001,1.263362,ITA,BEL,841950
3738949,114,18,8862,1996,310514.0,651252.0,2.615364,0.5656939999999999,JPN,BEL,841950
3738950,121,18,8862,1996,10976.0,369721.0,0.8946940000000001,1.240424,KOR,BEL,841950
3738951,126,18,8862,1996,0.0,6686.0,-0.588489,-1.138552,LBY,BEL,841950
3738952,130,18,8862,1996,0.0,22188.0,0.40520500000000004,0.9465950000000001,LTU,BEL,841950
3738953,132,18,8862,1996,0.0,21479.0,0.33418600000000004,0.1615,LVA,BEL,841950
3738954,134,18,8862,1996,0.0,1343.0,-0.67314,-0.241242,MAR,BEL,841950
3738955,138,18,8862,1996,2157.0,14734.0,0.651949,0.9132170000000001,MEX,BEL,841950
3738956,140,18,8862,1996,0.0,16524.0,0.316133,0.933068,MKD,BEL,841950
3738957,141,18,8862,1996,0.0,26369.0,-0.987858,-0.9677040000000001,MLI,BEL,841950
3738958,153,18,8862,1996,0.0,51048.0,0.351774,0.347262,MYS,BEL,841950
3738959,159,18,8862,1996,2220.0,33421.0,-1.813359,-1.1967,NGA,BEL,841950
3738960,162,18,8862,1996,6166571.0,12892417.0,1.256625,1.803132,NLD,BEL,841950
3738961,163,18,8862,1996,3461.0,570924.0,1.204869,0.303062,NOR,BEL,841950
3738962,166,18,8862,1996,0.0,145505.0,0.49466099999999996,0.8302879999999999,NZL,BEL,841950
3738963,167,18,8862,1996,0.0,1233.0,-0.10243499999999998,-0.8425879999999999,OMN,BEL,841950
3738964,168,18,8862,1996,0.0,38584.0,-0.7543300000000001,-0.393654,PAK,BEL,841950
3738965,173,18,8862,1996,0.0,9304.0,-0.43761000000000005,-0.28077399999999997,PER,BEL,841950
3738966,174,18,8862,1996,0.0,53888.0,-0.276548,0.344986,PHL,BEL,841950
3738967,177,18,8862,1996,1557.0,127579.0,0.795489,1.9004729999999999,POL,BEL,841950
3738968,179,18,8862,1996,0.0,224200.0,0.39343,1.170144,PRT,BEL,841950
3738969,182,18,8862,1996,0.0,13644.0,0.845308,-0.31763,PYF,BEL,841950
3738970,183,18,8862,1996,0.0,419409.0,-0.48203500000000005,-1.117173,QAT,BEL,841950
3738971,185,18,8862,1996,0.0,44065.0,0.612035,0.880964,ROU,BEL,841950
3738972,186,18,8862,1996,0.0,525681.0,0.900185,0.47723000000000004,RUS,BEL,841950
3738973,187,18,8862,1996,0.0,5508.0,0.07343,-0.520246,RWA,BEL,841950
3738974,188,18,8862,1996,0.0,66426.0,0.215265,-0.8577309999999999,SAU,BEL,841950
3738975,189,18,8862,1996,628.0,2337.0,0.786293,2.20126,SCG,BEL,841950
3738976,192,18,8862,1996,0.0,33293.0,0.8354299999999999,0.41169799999999995,SGP,BEL,841950
3738977,197,18,8862,1996,0.0,13938.0,-0.24968800000000002,-0.121995,SLV,BEL,841950
3738978,206,18,8862,1996,0.0,55927.0,1.189398,1.29167,SVK,BEL,841950
3738979,207,18,8862,1996,0.0,2245.0,1.409184,1.37245,SVN,BEL,841950
3738980,208,18,8862,1996,4456464.0,435691.0,2.133781,0.9099889999999999,SWE,BEL,841950
3738981,212,18,8862,1996,0.0,10406.0,-1.100666,-0.90038,SYR,BEL,841950
3738982,216,18,8862,1996,0.0,608261.0,0.10120599999999999,1.351967,THA,BEL,841950
3738983,223,18,8862,1996,0.0,40997.0,-0.28546,-0.089051,TUN,BEL,841950
3738984,224,18,8862,1996,216889.0,3590222.0,0.156866,1.554023,TUR,BEL,841950
3738985,226,18,8862,1996,0.0,1764.0,-1.391534,-0.907436,TZA,BEL,841950
3738986,231,18,8862,1996,712830.0,2088118.0,1.7110560000000001,1.125141,USA,BEL,841950
3738987,236,18,8862,1996,0.0,43661.0,0.07086100000000001,-0.761307,VEN,BEL,841950
3738988,239,18,8862,1996,0.0,4214.0,-0.9336469999999999,-0.10985199999999999,VNM,BEL,841950
3738989,246,18,8862,1996,0.0,4322.0,0.456593,1.150786,ZAF,BEL,841950
3738990,249,18,8862,1996,0.0,1324.0,1.432225,1.675389,TWN,BEL,841950
3738991,250,18,8862,1996,0.0,1366511.0,1.084978,0.901755,ANS,BEL,841950
3738992,7,32,8862,1996,0.0,12300.0,-0.245358,-0.726695,ARE,BRA,841950
3738993,8,32,8862,1996,874554.0,1748477.0,0.167081,0.433612,ARG,BRA,841950
3738994,14,32,8862,1996,0.0,15665.0,0.369697,0.78069,AUS,BRA,841950
3738995,15,32,8862,1996,11025.0,1475.0,1.9216669999999998,0.659388,AUT,BRA,841950
3738996,18,32,8862,1996,4892848.0,16074.0,1.549312,1.273767,BEL,BRA,841950
3738997,31,32,8862,1996,0.0,111289.0,-0.589432,-0.7781,BOL,BRA,841950
3738998,39,32,8862,1996,183474.0,254836.0,1.155706,1.1127049999999998,CAN,BRA,841950
3738999,41,32,8862,1996,44111.0,0.0,2.246238,0.603288,CHE,BRA,841950
3739000,42,32,8862,1996,9620.0,63590.0,-0.052811000000000004,-0.169464,CHL,BRA,841950
3739001,43,32,8862,1996,0.0,6645.0,0.404422,3.061344,CHN,BRA,841950
3739002,44,32,8862,1996,0.0,5374.0,-0.8720459999999999,-0.7904479999999999,CIV,BRA,841950
3739003,49,32,8862,1996,3994.0,315967.0,0.136487,0.078743,COL,BRA,841950
3739004,61,32,8862,1996,10174148.0,114899.0,2.279976,-2.572299,DEU,BRA,841950
3739005,64,32,8862,1996,79389.0,0.0,1.443514,1.275684,DNK,BRA,841950
3739006,67,32,8862,1996,0.0,72340.0,-1.1391200000000001,-0.992735,ECU,BRA,841950
3739007,68,32,8862,1996,0.0,18449.0,-0.5446409999999999,-0.229586,EGY,BRA,841950
3739008,71,32,8862,1996,273024.0,0.0,1.105317,1.9473,ESP,BRA,841950
3739009,74,32,8862,1996,143396.0,14448.0,2.0584729999999998,1.006908,FIN,BRA,841950
3739010,77,32,8862,1996,108808.0,4815.0,1.69082,0.721312,FRA,BRA,841950
3739011,81,32,8862,1996,60333.0,37454.0,1.850284,0.883084,GBR,BRA,841950
3739012,104,32,8862,1996,12454.0,0.0,0.20685599999999998,2.317622,IND,BRA,841950
3739013,107,32,8862,1996,0.0,25509.0,-0.7496649999999999,-1.1173520000000001,IRN,BRA,841950
3739014,111,32,8862,1996,2606794.0,0.0,1.4674690000000001,1.263362,ITA,BRA,841950
3739015,114,32,8862,1996,1824083.0,0.0,2.615364,0.5656939999999999,JPN,BRA,841950
3739016,121,32,8862,1996,1038.0,38198.0,0.8946940000000001,1.240424,KOR,BRA,841950
3739017,138,32,8862,1996,1132400.0,238192.0,0.651949,0.9132170000000001,MEX,BRA,841950
3739018,162,32,8862,1996,54876.0,0.0,1.256625,1.803132,NLD,BRA,841950
3739019,163,32,8862,1996,5312.0,0.0,1.204869,0.303062,NOR,BRA,841950
3739020,173,32,8862,1996,0.0,54881.0,-0.43761000000000005,-0.28077399999999997,PER,BRA,841950
3739021,177,32,8862,1996,302661.0,0.0,0.795489,1.9004729999999999,POL,BRA,841950
3739022,179,32,8862,1996,0.0,9642.0,0.39343,1.170144,PRT,BRA,841950
3739023,180,32,8862,1996,0.0,104650.0,-0.506178,-0.712851,PRY,BRA,841950
3739024,192,32,8862,1996,0.0,8269.0,0.8354299999999999,0.41169799999999995,SGP,BRA,841950
3739025,208,32,8862,1996,999054.0,7517.0,2.133781,0.9099889999999999,SWE,BRA,841950
3739026,216,32,8862,1996,0.0,80915.0,0.10120599999999999,1.351967,THA,BRA,841950
3739027,224,32,8862,1996,0.0,4319.0,0.156866,1.554023,TUR,BRA,841950
3739028,230,32,8862,1996,0.0,151336.0,0.171541,0.313934,URY,BRA,841950
3739029,231,32,8862,1996,2145881.0,86649.0,1.7110560000000001,1.125141,USA,BRA,841950
3739030,236,32,8862,1996,0.0,192808.0,0.07086100000000001,-0.761307,VEN,BRA,841950
3739031,246,32,8862,1996,0.0,35484.0,0.456593,1.150786,ZAF,BRA,841950
3739032,250,32,8862,1996,5181.0,0.0,1.084978,0.901755,ANS,BRA,841950
3739033,14,43,8862,1996,254775.0,2227.0,0.369697,0.78069,AUS,CHN,841950
3739034,15,43,8862,1996,64716.0,0.0,1.9216669999999998,0.659388,AUT,CHN,841950
3739035,18,43,8862,1996,25213.0,0.0,1.549312,1.273767,BEL,CHN,841950
3739036,32,43,8862,1996,6645.0,0.0,0.699658,1.271724,BRA,CHN,841950
3739037,39,43,8862,1996,145229.0,43331.0,1.155706,1.1127049999999998,CAN,CHN,841950
3739038,41,43,8862,1996,1505196.0,0.0,2.246238,0.603288,CHE,CHN,841950
3739039,49,43,8862,1996,0.0,43870.0,0.136487,0.078743,COL,CHN,841950
3739040,59,43,8862,1996,537433.0,0.0,1.401181,1.3094709999999998,CZE,CHN,841950
3739041,61,43,8862,1996,16855554.0,18261.0,2.279976,-2.572299,DEU,CHN,841950
3739042,64,43,8862,1996,1442244.0,0.0,1.443514,1.275684,DNK,CHN,841950
3739043,71,43,8862,1996,357527.0,4434.0,1.105317,1.9473,ESP,CHN,841950
3739044,74,43,8862,1996,351048.0,0.0,2.0584729999999998,1.006908,FIN,CHN,841950
3739045,77,43,8862,1996,6326709.0,0.0,1.69082,0.721312,FRA,CHN,841950
3739046,81,43,8862,1996,566338.0,19997.0,1.850284,0.883084,GBR,CHN,841950
3739047,97,43,8862,1996,1354089.0,320060.0,0.54364,2.727659,HKG,CHN,841950
3739048,102,43,8862,1996,373309.0,0.0,0.790036,1.891534,HUN,CHN,841950
3739049,103,43,8862,1996,55456.0,694623.0,-0.43199899999999997,1.22074,IDN,CHN,841950
3739050,104,43,8862,1996,0.0,129014.0,0.20685599999999998,2.317622,IND,CHN,841950
3739051,110,43,8862,1996,453849.0,96571.0,1.054975,1.072965,ISR,CHN,841950
3739052,111,43,8862,1996,18519926.0,3885.0,1.4674690000000001,1.263362,ITA,CHN,841950
3739053,114,43,8862,1996,19878620.0,1855216.0,2.615364,0.5656939999999999,JPN,CHN,841950
3739054,118,43,8862,1996,0.0,7043.0,-1.110741,-1.089434,KHM,CHN,841950
3739055,121,43,8862,1996,2513065.0,618076.0,0.8946940000000001,1.240424,KOR,CHN,841950
3739056,133,43,8862,1996,0.0,10833.0,-0.23007399999999997,-0.34139400000000003,MAC,CHN,841950
3739057,138,43,8862,1996,4644258.0,0.0,0.651949,0.9132170000000001,MEX,CHN,841950
3739058,143,43,8862,1996,0.0,6101.0,-1.556357,-1.078395,MMR,CHN,841950
3739059,145,43,8862,1996,0.0,25444.0,-0.18177000000000001,-0.8212280000000001,MNG,CHN,841950
3739060,153,43,8862,1996,393607.0,406149.0,0.351774,0.347262,MYS,CHN,841950
3739061,162,43,8862,1996,965111.0,30898.0,1.256625,1.803132,NLD,CHN,841950
3739062,163,43,8862,1996,189080.0,0.0,1.204869,0.303062,NOR,CHN,841950
3739063,166,43,8862,1996,33603.0,0.0,0.49466099999999996,0.8302879999999999,NZL,CHN,841950
3739064,168,43,8862,1996,0.0,414923.0,-0.7543300000000001,-0.393654,PAK,CHN,841950
3739065,173,43,8862,1996,0.0,1376.0,-0.43761000000000005,-0.28077399999999997,PER,CHN,841950
3739066,174,43,8862,1996,0.0,6464.0,-0.276548,0.344986,PHL,CHN,841950
3739067,179,43,8862,1996,35419.0,0.0,0.39343,1.170144,PRT,CHN,841950
3739068,185,43,8862,1996,851887.0,0.0,0.612035,0.880964,ROU,CHN,841950
3739069,186,43,8862,1996,2348758.0,0.0,0.900185,0.47723000000000004,RUS,CHN,841950
3739070,192,43,8862,1996,360484.0,217708.0,0.8354299999999999,0.41169799999999995,SGP,CHN,841950
3739071,208,43,8862,1996,4286444.0,319456.0,2.133781,0.9099889999999999,SWE,CHN,841950
3739072,216,43,8862,1996,305136.0,43481.0,0.10120599999999999,1.351967,THA,CHN,841950
3739073,228,43,8862,1996,24365.0,0.0,0.896537,0.9241459999999999,UKR,CHN,841950
3739074,231,43,8862,1996,4261224.0,113967.0,1.7110560000000001,1.125141,USA,CHN,841950
3739075,236,43,8862,1996,0.0,9699.0,0.07086100000000001,-0.761307,VEN,CHN,841950
3739076,239,43,8862,1996,0.0,198097.0,-0.9336469999999999,-0.10985199999999999,VNM,CHN,841950
3739077,246,43,8862,1996,0.0,2890.0,0.456593,1.150786,ZAF,CHN,841950
3739078,249,43,8862,1996,5801888.0,103820.0,1.432225,1.675389,TWN,CHN,841950
3739079,250,43,8862,1996,45853.0,0.0,1.084978,0.901755,ANS,CHN,841950
3739080,15,49,8862,1996,18166.0,0.0,1.9216669999999998,0.659388,AUT,COL,841950
3739081,18,49,8862,1996,52593.0,0.0,1.549312,1.273767,BEL,COL,841950
3739082,32,49,8862,1996,315967.0,3994.0,0.699658,1.271724,BRA,COL,841950
3739083,39,49,8862,1996,26936.0,0.0,1.155706,1.1127049999999998,CAN,COL,841950
3739084,43,49,8862,1996,43870.0,0.0,0.404422,3.061344,CHN,COL,841950
3739085,61,49,8862,1996,2154315.0,0.0,2.279976,-2.572299,DEU,COL,841950
3739086,64,49,8862,1996,81550.0,0.0,1.443514,1.275684,DNK,COL,841950
3739087,67,49,8862,1996,0.0,12058.0,-1.1391200000000001,-0.992735,ECU,COL,841950
3739088,71,49,8862,1996,29559.0,0.0,1.105317,1.9473,ESP,COL,841950
3739089,77,49,8862,1996,107200.0,0.0,1.69082,0.721312,FRA,COL,841950
3739090,81,49,8862,1996,44419.0,0.0,1.850284,0.883084,GBR,COL,841950
3739091,97,49,8862,1996,13384.0,0.0,0.54364,2.727659,HKG,COL,841950
3739092,111,49,8862,1996,402611.0,0.0,1.4674690000000001,1.263362,ITA,COL,841950
3739093,114,49,8862,1996,224604.0,0.0,2.615364,0.5656939999999999,JPN,COL,841950
3739094,138,49,8862,1996,272093.0,0.0,0.651949,0.9132170000000001,MEX,COL,841950
3739095,169,49,8862,1996,0.0,7592.0,-0.100537,-0.374129,PAN,COL,841950
3739096,173,49,8862,1996,0.0,28692.0,-0.43761000000000005,-0.28077399999999997,PER,COL,841950
3739097,208,49,8862,1996,408678.0,0.0,2.133781,0.9099889999999999,SWE,COL,841950
3739098,231,49,8862,1996,398313.0,0.0,1.7110560000000001,1.125141,USA,COL,841950
3739099,236,49,8862,1996,229368.0,15908.0,0.07086100000000001,-0.761307,VEN,COL,841950
3739100,250,49,8862,1996,7505.0,0.0,1.084978,0.901755,ANS,COL,841950
3739101,8,52,8862,1996,12685.0,0.0,0.167081,0.433612,ARG,CRI,841950
3739102,41,52,8862,1996,8657.0,0.0,2.246238,0.603288,CHE,CRI,841950
3739103,61,52,8862,1996,11006.0,0.0,2.279976,-2.572299,DEU,CRI,841950
3739104,71,52,8862,1996,33317.0,0.0,1.105317,1.9473,ESP,CRI,841950
3739105,114,52,8862,1996,5766.0,0.0,2.615364,0.5656939999999999,JPN,CRI,841950
3739106,138,52,8862,1996,58157.0,0.0,0.651949,0.9132170000000001,MEX,CRI,841950
3739107,231,52,8862,1996,40701.0,0.0,1.7110560000000001,1.125141,USA,CRI,841950
3739108,6,61,8862,1996,0.0,29404.0,0.29339,-0.572443,ANT,DEU,841950
3739109,7,61,8862,1996,1294.0,340980.0,-0.245358,-0.726695,ARE,DEU,841950
3739110,8,61,8862,1996,11084.0,1077258.0,0.167081,0.433612,ARG,DEU,841950
3739111,14,61,8862,1996,5316.0,1903344.0,0.369697,0.78069,AUS,DEU,841950
3739112,15,61,8862,1996,34497644.0,21821930.0,1.9216669999999998,0.659388,AUT,DEU,841950
3739113,16,61,8862,1996,0.0,6201.0,0.500442,-0.280796,AZE,DEU,841950
3739114,18,61,8862,1996,4332204.0,33419992.0,1.549312,1.273767,BEL,DEU,841950
3739115,22,61,8862,1996,0.0,26219.0,-1.060876,-1.05104,BGD,DEU,841950
3739116,23,61,8862,1996,532422.0,99849.0,0.544265,1.523408,BGR,DEU,841950
3739117,24,61,8862,1996,1859.0,34623.0,-0.062207000000000005,-0.840398,BHR,DEU,841950
3739118,26,61,8862,1996,0.0,12972.0,0.679466,0.730425,BIH,DEU,841950
3739119,28,61,8862,1996,0.0,248414.0,0.7285550000000001,0.660716,BLR,DEU,841950
3739120,31,61,8862,1996,0.0,3736.0,-0.589432,-0.7781,BOL,DEU,841950
3739121,32,61,8862,1996,114899.0,10174148.0,0.699658,1.271724,BRA,DEU,841950
3739122,34,61,8862,1996,0.0,22040.0,-0.848331,-0.779511,BRN,DEU,841950
3739123,39,61,8862,1996,118972.0,2769069.0,1.155706,1.1127049999999998,CAN,DEU,841950
3739124,41,61,8862,1996,32434698.0,22017868.0,2.246238,0.603288,CHE,DEU,841950
3739125,42,61,8862,1996,0.0,4710321.0,-0.052811000000000004,-0.169464,CHL,DEU,841950
3739126,43,61,8862,1996,18261.0,16855554.0,0.404422,3.061344,CHN,DEU,841950
3739127,44,61,8862,1996,0.0,17583.0,-0.8720459999999999,-0.7904479999999999,CIV,DEU,841950
3739128,49,61,8862,1996,0.0,2154315.0,0.136487,0.078743,COL,DEU,841950
3739129,52,61,8862,1996,0.0,11006.0,-0.34219499999999997,0.12221900000000001,CRI,DEU,841950
3739130,54,61,8862,1996,0.0,1373.0,-0.555246,-1.0420479999999999,CUB,DEU,841950
3739131,58,61,8862,1996,0.0,191286.0,0.20007,0.020590999999999998,CYP,DEU,841950
3739132,59,61,8862,1996,4109886.0,3847308.0,1.401181,1.3094709999999998,CZE,DEU,841950
3739133,64,61,8862,1996,6090782.0,3021094.0,1.443514,1.275684,DNK,DEU,841950
3739134,65,61,8862,1996,0.0,39290.0,-0.596093,-0.5602060000000001,DOM,DEU,841950
3739135,66,61,8862,1996,0.0,297782.0,-0.33419699999999997,-1.035736,DZA,DEU,841950
3739136,67,61,8862,1996,0.0,11353.0,-1.1391200000000001,-0.992735,ECU,DEU,841950
3739137,68,61,8862,1996,0.0,1488838.0,-0.5446409999999999,-0.229586,EGY,DEU,841950
3739138,69,61,8862,1996,0.0,2219.0,-0.31049499999999997,-0.656459,ERI,DEU,841950
3739139,71,61,8862,1996,3093648.0,8726669.0,1.105317,1.9473,ESP,DEU,841950
3739140,72,61,8862,1996,0.0,17460.0,0.53397,1.0877940000000001,EST,DEU,841950
3739141,74,61,8862,1996,368658.0,3930307.0,2.0584729999999998,1.006908,FIN,DEU,841950
3739142,77,61,8862,1996,40102632.0,29902786.0,1.69082,0.721312,FRA,DEU,841950
3739143,78,61,8862,1996,0.0,471.0,-0.252693,-0.714691,FRO,DEU,841950
3739144,81,61,8862,1996,4762455.0,15007144.0,1.850284,0.883084,GBR,DEU,841950
3739145,83,61,8862,1996,0.0,29835.0,-1.035244,-0.9834129999999999,GHA,DEU,841950
3739146,90,61,8862,1996,423719.0,842642.0,0.271386,1.042608,GRC,DEU,841950
3739147,93,61,8862,1996,0.0,9034.0,-0.332901,0.23790300000000003,GTM,DEU,841950
3739148,97,61,8862,1996,38376.0,1686005.0,0.54364,2.727659,HKG,DEU,841950
3739149,100,61,8862,1996,10382.0,3051527.0,0.772706,1.1075270000000002,HRV,DEU,841950
3739150,102,61,8862,1996,1612026.0,3708940.0,0.790036,1.891534,HUN,DEU,841950
3739151,103,61,8862,1996,0.0,3445559.0,-0.43199899999999997,1.22074,IDN,DEU,841950
3739152,104,61,8862,1996,31672.0,13841377.0,0.20685599999999998,2.317622,IND,DEU,841950
3739153,106,61,8862,1996,45521.0,790066.0,1.386011,0.9232100000000001,IRL,DEU,841950
3739154,107,61,8862,1996,0.0,929775.0,-0.7496649999999999,-1.1173520000000001,IRN,DEU,841950
3739155,109,61,8862,1996,0.0,41283.0,0.003558,-0.551796,ISL,DEU,841950
3739156,110,61,8862,1996,1047489.0,1404446.0,1.054975,1.072965,ISR,DEU,841950
3739157,111,61,8862,1996,36965396.0,32931980.0,1.4674690000000001,1.263362,ITA,DEU,841950
3739158,113,61,8862,1996,0.0,464639.0,0.12203499999999999,-0.41859399999999997,JOR,DEU,841950
3739159,114,61,8862,1996,1566213.0,4479580.0,2.615364,0.5656939999999999,JPN,DEU,841950
3739160,115,61,8862,1996,0.0,115159.0,0.48902799999999996,0.154932,KAZ,DEU,841950
3739161,116,61,8862,1996,0.0,308839.0,-0.468322,-0.017625,KEN,DEU,841950
3739162,117,61,8862,1996,0.0,17314.0,0.350901,0.529512,KGZ,DEU,841950
3739163,121,61,8862,1996,26313.0,15852513.0,0.8946940000000001,1.240424,KOR,DEU,841950
3739164,122,61,8862,1996,0.0,9076627.0,-0.27174499999999996,-1.098243,KWT,DEU,841950
3739165,124,61,8862,1996,0.0,5986256.0,-0.051973,0.002154,LBN,DEU,841950
3739166,126,61,8862,1996,3720.0,301004.0,-0.588489,-1.138552,LBY,DEU,841950
3739167,130,61,8862,1996,3488.0,164716.0,0.40520500000000004,0.9465950000000001,LTU,DEU,841950
3739168,132,61,8862,1996,12378.0,382764.0,0.33418600000000004,0.1615,LVA,DEU,841950
3739169,133,61,8862,1996,0.0,1445.0,-0.23007399999999997,-0.34139400000000003,MAC,DEU,841950
3739170,134,61,8862,1996,0.0,108607.0,-0.67314,-0.241242,MAR,DEU,841950
3739171,135,61,8862,1996,0.0,4416.0,0.198427,0.026004000000000003,MDA,DEU,841950
3739172,136,61,8862,1996,0.0,2701.0,-1.213619,-0.606686,MDG,DEU,841950
3739173,138,61,8862,1996,0.0,930390.0,0.651949,0.9132170000000001,MEX,DEU,841950
3739174,140,61,8862,1996,0.0,173182.0,0.316133,0.933068,MKD,DEU,841950
3739175,141,61,8862,1996,0.0,12738.0,-0.987858,-0.9677040000000001,MLI,DEU,841950
3739176,142,61,8862,1996,11443.0,346535.0,0.8825440000000001,0.066541,MLT,DEU,841950
3739177,151,61,8862,1996,0.0,18835.0,-0.538651,-0.746274,MUS,DEU,841950
3739178,153,61,8862,1996,71559.0,4369863.0,0.351774,0.347262,MYS,DEU,841950
3739179,159,61,8862,1996,0.0,559323.0,-1.813359,-1.1967,NGA,DEU,841950
3739180,162,61,8862,1996,12112216.0,27921468.0,1.256625,1.803132,NLD,DEU,841950
3739181,163,61,8862,1996,266688.0,6944373.0,1.204869,0.303062,NOR,DEU,841950
3739182,166,61,8862,1996,0.0,42076.0,0.49466099999999996,0.8302879999999999,NZL,DEU,841950
3739183,167,61,8862,1996,0.0,1451585.0,-0.10243499999999998,-0.8425879999999999,OMN,DEU,841950
3739184,168,61,8862,1996,0.0,1717354.0,-0.7543300000000001,-0.393654,PAK,DEU,841950
3739185,169,61,8862,1996,0.0,4490.0,-0.100537,-0.374129,PAN,DEU,841950
3739186,173,61,8862,1996,0.0,332238.0,-0.43761000000000005,-0.28077399999999997,PER,DEU,841950
3739187,174,61,8862,1996,0.0,562355.0,-0.276548,0.344986,PHL,DEU,841950
3739188,176,61,8862,1996,0.0,25926.0,-2.120746,-1.2199879999999999,PNG,DEU,841950
3739189,177,61,8862,1996,4776600.0,9397397.0,0.795489,1.9004729999999999,POL,DEU,841950
3739190,179,61,8862,1996,510801.0,347512.0,0.39343,1.170144,PRT,DEU,841950
3739191,180,61,8862,1996,0.0,3386.0,-0.506178,-0.712851,PRY,DEU,841950
3739192,182,61,8862,1996,0.0,1548.0,0.845308,-0.31763,PYF,DEU,841950
3739193,183,61,8862,1996,0.0,285310.0,-0.48203500000000005,-1.117173,QAT,DEU,841950
3739194,185,61,8862,1996,66862.0,3604037.0,0.612035,0.880964,ROU,DEU,841950
3739195,186,61,8862,1996,106707.0,18210928.0,0.900185,0.47723000000000004,RUS,DEU,841950
3739196,188,61,8862,1996,0.0,4162052.0,0.215265,-0.8577309999999999,SAU,DEU,841950
3739197,189,61,8862,1996,0.0,1833.0,0.786293,2.20126,SCG,DEU,841950
3739198,192,61,8862,1996,14127.0,4785662.0,0.8354299999999999,0.41169799999999995,SGP,DEU,841950
3739199,197,61,8862,1996,0.0,370312.0,-0.24968800000000002,-0.121995,SLV,DEU,841950
3739200,206,61,8862,1996,2001258.0,1276244.0,1.189398,1.29167,SVK,DEU,841950
3739201,207,61,8862,1996,1270121.0,1113682.0,1.409184,1.37245,SVN,DEU,841950
3739202,208,61,8862,1996,37611920.0,6724420.0,2.133781,0.9099889999999999,SWE,DEU,841950
3739203,211,61,8862,1996,0.0,9073.0,0.239125,-0.458433,SYC,DEU,841950
3739204,212,61,8862,1996,0.0,112958.0,-1.100666,-0.90038,SYR,DEU,841950
3739205,215,61,8862,1996,0.0,7043.0,-0.9070459999999999,-0.7702399999999999,TGO,DEU,841950
3739206,216,61,8862,1996,2738778.0,8588090.0,0.10120599999999999,1.351967,THA,DEU,841950
3739207,222,61,8862,1996,0.0,14092.0,0.19111,-0.488382,TTO,DEU,841950
3739208,223,61,8862,1996,0.0,92729.0,-0.28546,-0.089051,TUN,DEU,841950
3739209,224,61,8862,1996,59618.0,7141639.0,0.156866,1.554023,TUR,DEU,841950
3739210,226,61,8862,1996,0.0,10950.0,-1.391534,-0.907436,TZA,DEU,841950
3739211,228,61,8862,1996,7844.0,147111.0,0.896537,0.9241459999999999,UKR,DEU,841950
3739212,230,61,8862,1996,0.0,16141.0,0.171541,0.313934,URY,DEU,841950
3739213,231,61,8862,1996,2873022.0,26664002.0,1.7110560000000001,1.125141,USA,DEU,841950
3739214,232,61,8862,1996,0.0,523120.0,-0.17393499999999998,-0.727476,UZB,DEU,841950
3739215,236,61,8862,1996,0.0,989498.0,0.07086100000000001,-0.761307,VEN,DEU,841950
3739216,239,61,8862,1996,0.0,163179.0,-0.9336469999999999,-0.10985199999999999,VNM,DEU,841950
3739217,243,61,8862,1996,0.0,41046.0,-1.304556,-1.200523,YEM,DEU,841950
3739218,246,61,8862,1996,2566225.0,3020049.0,0.456593,1.150786,ZAF,DEU,841950
3739219,248,61,8862,1996,0.0,138702.0,-0.393769,-0.34379,ZWE,DEU,841950
3739220,249,61,8862,1996,47342.0,3727469.0,1.432225,1.675389,TWN,DEU,841950
3739221,250,61,8862,1996,0.0,80532.0,1.084978,0.901755,ANS,DEU,841950
3739222,7,64,8862,1996,0.0,5016.0,-0.245358,-0.726695,ARE,DNK,841950
3739223,8,64,8862,1996,0.0,17640.0,0.167081,0.433612,ARG,DNK,841950
3739224,14,64,8862,1996,0.0,444943.0,0.369697,0.78069,AUS,DNK,841950
3739225,15,64,8862,1996,3447278.0,322935.0,1.9216669999999998,0.659388,AUT,DNK,841950
3739226,18,64,8862,1996,298701.0,570867.0,1.549312,1.273767,BEL,DNK,841950
3739227,23,64,8862,1996,0.0,77289.0,0.544265,1.523408,BGR,DNK,841950
3739228,24,64,8862,1996,0.0,50198.0,-0.062207000000000005,-0.840398,BHR,DNK,841950
3739229,32,64,8862,1996,0.0,79389.0,0.699658,1.271724,BRA,DNK,841950
3739230,39,64,8862,1996,3980.0,20247.0,1.155706,1.1127049999999998,CAN,DNK,841950
3739231,41,64,8862,1996,967412.0,1399122.0,2.246238,0.603288,CHE,DNK,841950
3739232,42,64,8862,1996,0.0,28031.0,-0.052811000000000004,-0.169464,CHL,DNK,841950
3739233,43,64,8862,1996,0.0,1442244.0,0.404422,3.061344,CHN,DNK,841950
3739234,44,64,8862,1996,0.0,1433.0,-0.8720459999999999,-0.7904479999999999,CIV,DNK,841950
3739235,49,64,8862,1996,0.0,81550.0,0.136487,0.078743,COL,DNK,841950
3739236,59,64,8862,1996,11105.0,602434.0,1.401181,1.3094709999999998,CZE,DNK,841950
3739237,61,64,8862,1996,3021094.0,6090782.0,2.279976,-2.572299,DEU,DNK,841950
3739238,66,64,8862,1996,0.0,6316.0,-0.33419699999999997,-1.035736,DZA,DNK,841950
3739239,68,64,8862,1996,0.0,141276.0,-0.5446409999999999,-0.229586,EGY,DNK,841950
3739240,71,64,8862,1996,28619.0,566501.0,1.105317,1.9473,ESP,DNK,841950
3739241,73,64,8862,1996,0.0,12638.0,-1.265383,-1.131925,ETH,DNK,841950
3739242,74,64,8862,1996,29411.0,2156794.0,2.0584729999999998,1.006908,FIN,DNK,841950
3739243,77,64,8862,1996,2362244.0,2665625.0,1.69082,0.721312,FRA,DNK,841950
3739244,78,64,8862,1996,0.0,96592.0,-0.252693,-0.714691,FRO,DNK,841950
3739245,80,64,8862,1996,0.0,1048.0,-1.693615,-1.174433,GAB,DNK,841950
3739246,81,64,8862,1996,1764648.0,1436830.0,1.850284,0.883084,GBR,DNK,841950
3739247,83,64,8862,1996,0.0,10691.0,-1.035244,-0.9834129999999999,GHA,DNK,841950
3739248,90,64,8862,1996,7767.0,4120.0,0.271386,1.042608,GRC,DNK,841950
3739249,92,64,8862,1996,0.0,619479.0,-0.8826879999999999,-0.777868,GRL,DNK,841950
3739250,97,64,8862,1996,0.0,470835.0,0.54364,2.727659,HKG,DNK,841950
3739251,100,64,8862,1996,0.0,371844.0,0.772706,1.1075270000000002,HRV,DNK,841950
3739252,102,64,8862,1996,880.0,195089.0,0.790036,1.891534,HUN,DNK,841950
3739253,103,64,8862,1996,0.0,250527.0,-0.43199899999999997,1.22074,IDN,DNK,841950
3739254,104,64,8862,1996,0.0,11058.0,0.20685599999999998,2.317622,IND,DNK,841950
3739255,106,64,8862,1996,15171.0,98049.0,1.386011,0.9232100000000001,IRL,DNK,841950
3739256,109,64,8862,1996,0.0,33508.0,0.003558,-0.551796,ISL,DNK,841950
3739257,110,64,8862,1996,0.0,141374.0,1.054975,1.072965,ISR,DNK,841950
3739258,111,64,8862,1996,3229072.0,2052766.0,1.4674690000000001,1.263362,ITA,DNK,841950
3739259,114,64,8862,1996,36536.0,3748089.0,2.615364,0.5656939999999999,JPN,DNK,841950
3739260,116,64,8862,1996,0.0,29184.0,-0.468322,-0.017625,KEN,DNK,841950
3739261,121,64,8862,1996,8856.0,1787637.0,0.8946940000000001,1.240424,KOR,DNK,841950
3739262,122,64,8862,1996,0.0,1895.0,-0.27174499999999996,-1.098243,KWT,DNK,841950
3739263,130,64,8862,1996,0.0,5918.0,0.40520500000000004,0.9465950000000001,LTU,DNK,841950
3739264,132,64,8862,1996,0.0,431185.0,0.33418600000000004,0.1615,LVA,DNK,841950
3739265,134,64,8862,1996,0.0,16775.0,-0.67314,-0.241242,MAR,DNK,841950
3739266,138,64,8862,1996,0.0,10519.0,0.651949,0.9132170000000001,MEX,DNK,841950
3739267,140,64,8862,1996,0.0,4235.0,0.316133,0.933068,MKD,DNK,841950
3739268,142,64,8862,1996,0.0,5944.0,0.8825440000000001,0.066541,MLT,DNK,841950
3739269,151,64,8862,1996,0.0,3761.0,-0.538651,-0.746274,MUS,DNK,841950
3739270,153,64,8862,1996,0.0,51706.0,0.351774,0.347262,MYS,DNK,841950
3739271,159,64,8862,1996,0.0,5312.0,-1.813359,-1.1967,NGA,DNK,841950
3739272,162,64,8862,1996,667227.0,2829438.0,1.256625,1.803132,NLD,DNK,841950
3739273,163,64,8862,1996,904868.0,4307259.0,1.204869,0.303062,NOR,DNK,841950
3739274,166,64,8862,1996,0.0,144401.0,0.49466099999999996,0.8302879999999999,NZL,DNK,841950
3739275,168,64,8862,1996,0.0,257024.0,-0.7543300000000001,-0.393654,PAK,DNK,841950
3739276,173,64,8862,1996,0.0,33248.0,-0.43761000000000005,-0.28077399999999997,PER,DNK,841950
3739277,174,64,8862,1996,0.0,22500.0,-0.276548,0.344986,PHL,DNK,841950
3739278,177,64,8862,1996,0.0,1817805.0,0.795489,1.9004729999999999,POL,DNK,841950
3739279,179,64,8862,1996,0.0,126622.0,0.39343,1.170144,PRT,DNK,841950
3739280,183,64,8862,1996,0.0,654922.0,-0.48203500000000005,-1.117173,QAT,DNK,841950
3739281,185,64,8862,1996,0.0,10516.0,0.612035,0.880964,ROU,DNK,841950
3739282,186,64,8862,1996,0.0,246039.0,0.900185,0.47723000000000004,RUS,DNK,841950
3739283,188,64,8862,1996,0.0,67216.0,0.215265,-0.8577309999999999,SAU,DNK,841950
3739284,189,64,8862,1996,0.0,4267.0,0.786293,2.20126,SCG,DNK,841950
3739285,190,64,8862,1996,0.0,1343.0,-1.4146459999999998,-1.181707,SDN,DNK,841950
3739286,191,64,8862,1996,0.0,94210.0,-0.619785,-0.712171,SEN,DNK,841950
3739287,192,64,8862,1996,0.0,698018.0,0.8354299999999999,0.41169799999999995,SGP,DNK,841950
3739288,206,64,8862,1996,21852.0,29634.0,1.189398,1.29167,SVK,DNK,841950
3739289,207,64,8862,1996,12248.0,233197.0,1.409184,1.37245,SVN,DNK,841950
3739290,208,64,8862,1996,12075814.0,2761435.0,2.133781,0.9099889999999999,SWE,DNK,841950
3739291,212,64,8862,1996,0.0,1906.0,-1.100666,-0.90038,SYR,DNK,841950
3739292,216,64,8862,1996,0.0,151688.0,0.10120599999999999,1.351967,THA,DNK,841950
3739293,223,64,8862,1996,0.0,9995.0,-0.28546,-0.089051,TUN,DNK,841950
3739294,224,64,8862,1996,0.0,44364.0,0.156866,1.554023,TUR,DNK,841950
3739295,228,64,8862,1996,0.0,2443.0,0.896537,0.9241459999999999,UKR,DNK,841950
3739296,230,64,8862,1996,0.0,182705.0,0.171541,0.313934,URY,DNK,841950
3739297,231,64,8862,1996,1602727.0,1737771.0,1.7110560000000001,1.125141,USA,DNK,841950
3739298,236,64,8862,1996,0.0,26406.0,0.07086100000000001,-0.761307,VEN,DNK,841950
3739299,246,64,8862,1996,0.0,399405.0,0.456593,1.150786,ZAF,DNK,841950
3739300,248,64,8862,1996,0.0,3808.0,-0.393769,-0.34379,ZWE,DNK,841950
3739301,249,64,8862,1996,0.0,307067.0,1.432225,1.675389,TWN,DNK,841950
3739302,8,65,8862,1996,8435.0,0.0,0.167081,0.433612,ARG,DOM,841950
3739303,15,65,8862,1996,5209.0,0.0,1.9216669999999998,0.659388,AUT,DOM,841950
3739304,61,65,8862,1996,39290.0,0.0,2.279976,-2.572299,DEU,DOM,841950
3739305,71,65,8862,1996,6013.0,0.0,1.105317,1.9473,ESP,DOM,841950
3739306,81,65,8862,1996,36859.0,0.0,1.850284,0.883084,GBR,DOM,841950
3739307,111,65,8862,1996,2531.0,0.0,1.4674690000000001,1.263362,ITA,DOM,841950
3739308,231,65,8862,1996,8245.0,0.0,1.7110560000000001,1.125141,USA,DOM,841950
3739309,8,67,8862,1996,127387.0,0.0,0.167081,0.433612,ARG,ECU,841950
3739310,18,67,8862,1996,1598.0,0.0,1.549312,1.273767,BEL,ECU,841950
3739311,32,67,8862,1996,72340.0,0.0,0.699658,1.271724,BRA,ECU,841950
3739312,39,67,8862,1996,47060.0,0.0,1.155706,1.1127049999999998,CAN,ECU,841950
3739313,42,67,8862,1996,11125.0,0.0,-0.052811000000000004,-0.169464,CHL,ECU,841950
3739314,49,67,8862,1996,12058.0,0.0,0.136487,0.078743,COL,ECU,841950
3739315,61,67,8862,1996,11353.0,0.0,2.279976,-2.572299,DEU,ECU,841950
3739316,71,67,8862,1996,2855536.0,0.0,1.105317,1.9473,ESP,ECU,841950
3739317,77,67,8862,1996,8195.0,0.0,1.69082,0.721312,FRA,ECU,841950
3739318,81,67,8862,1996,17949.0,5744.0,1.850284,0.883084,GBR,ECU,841950
3739319,111,67,8862,1996,20715.0,0.0,1.4674690000000001,1.263362,ITA,ECU,841950
3739320,114,67,8862,1996,10323.0,0.0,2.615364,0.5656939999999999,JPN,ECU,841950
3739321,162,67,8862,1996,1356.0,0.0,1.256625,1.803132,NLD,ECU,841950
3739322,163,67,8862,1996,2323.0,0.0,1.204869,0.303062,NOR,ECU,841950
3739323,173,67,8862,1996,0.0,58854.0,-0.43761000000000005,-0.28077399999999997,PER,ECU,841950
3739324,208,67,8862,1996,6950.0,0.0,2.133781,0.9099889999999999,SWE,ECU,841950
3739325,231,67,8862,1996,482327.0,0.0,1.7110560000000001,1.125141,USA,ECU,841950
3739326,236,67,8862,1996,17990.0,0.0,0.07086100000000001,-0.761307,VEN,ECU,841950
3739327,250,67,8862,1996,20208.0,0.0,1.084978,0.901755,ANS,ECU,841950
3739328,8,71,8862,1996,4273.0,57158.0,0.167081,0.433612,ARG,ESP,841950
3739329,14,71,8862,1996,0.0,16162.0,0.369697,0.78069,AUS,ESP,841950
3739330,15,71,8862,1996,899966.0,265558.0,1.9216669999999998,0.659388,AUT,ESP,841950
3739331,18,71,8862,1996,90331.0,608160.0,1.549312,1.273767,BEL,ESP,841950
3739332,23,71,8862,1996,0.0,220878.0,0.544265,1.523408,BGR,ESP,841950
3739333,32,71,8862,1996,0.0,273024.0,0.699658,1.271724,BRA,ESP,841950
3739334,39,71,8862,1996,35389.0,5117.0,1.155706,1.1127049999999998,CAN,ESP,841950
3739335,41,71,8862,1996,676175.0,126978.0,2.246238,0.603288,CHE,ESP,841950
3739336,42,71,8862,1996,0.0,1603111.0,-0.052811000000000004,-0.169464,CHL,ESP,841950
3739337,43,71,8862,1996,4434.0,357527.0,0.404422,3.061344,CHN,ESP,841950
3739338,44,71,8862,1996,0.0,25898.0,-0.8720459999999999,-0.7904479999999999,CIV,ESP,841950
3739339,49,71,8862,1996,0.0,29559.0,0.136487,0.078743,COL,ESP,841950
3739340,52,71,8862,1996,0.0,33317.0,-0.34219499999999997,0.12221900000000001,CRI,ESP,841950
3739341,54,71,8862,1996,0.0,187145.0,-0.555246,-1.0420479999999999,CUB,ESP,841950
3739342,58,71,8862,1996,0.0,242196.0,0.20007,0.020590999999999998,CYP,ESP,841950
3739343,59,71,8862,1996,0.0,9822.0,1.401181,1.3094709999999998,CZE,ESP,841950
3739344,61,71,8862,1996,8726669.0,3093648.0,2.279976,-2.572299,DEU,ESP,841950
3739345,64,71,8862,1996,566501.0,28619.0,1.443514,1.275684,DNK,ESP,841950
3739346,65,71,8862,1996,0.0,6013.0,-0.596093,-0.5602060000000001,DOM,ESP,841950
3739347,66,71,8862,1996,0.0,6072.0,-0.33419699999999997,-1.035736,DZA,ESP,841950
3739348,67,71,8862,1996,0.0,2855536.0,-1.1391200000000001,-0.992735,ECU,ESP,841950
3739349,68,71,8862,1996,0.0,36301.0,-0.5446409999999999,-0.229586,EGY,ESP,841950
3739350,74,71,8862,1996,1430.0,212859.0,2.0584729999999998,1.006908,FIN,ESP,841950
3739351,77,71,8862,1996,8856549.0,2309024.0,1.69082,0.721312,FRA,ESP,841950
3739352,81,71,8862,1996,784067.0,439522.0,1.850284,0.883084,GBR,ESP,841950
3739353,90,71,8862,1996,0.0,1418.0,0.271386,1.042608,GRC,ESP,841950
3739354,97,71,8862,1996,0.0,8001.0,0.54364,2.727659,HKG,ESP,841950
3739355,99,71,8862,1996,0.0,67209.0,-0.69357,-0.48721400000000004,HND,ESP,841950
3739356,100,71,8862,1996,0.0,29640.0,0.772706,1.1075270000000002,HRV,ESP,841950
3739357,102,71,8862,1996,0.0,42008.0,0.790036,1.891534,HUN,ESP,841950
3739358,103,71,8862,1996,0.0,14828000.0,-0.43199899999999997,1.22074,IDN,ESP,841950
3739359,104,71,8862,1996,0.0,1657460.0,0.20685599999999998,2.317622,IND,ESP,841950
3739360,106,71,8862,1996,45935.0,131070.0,1.386011,0.9232100000000001,IRL,ESP,841950
3739361,109,71,8862,1996,0.0,1947.0,0.003558,-0.551796,ISL,ESP,841950
3739362,110,71,8862,1996,4681.0,200099.0,1.054975,1.072965,ISR,ESP,841950
3739363,111,71,8862,1996,10319771.0,2412762.0,1.4674690000000001,1.263362,ITA,ESP,841950
3739364,114,71,8862,1996,1477285.0,906954.0,2.615364,0.5656939999999999,JPN,ESP,841950
3739365,121,71,8862,1996,0.0,1360132.0,0.8946940000000001,1.240424,KOR,ESP,841950
3739366,124,71,8862,1996,0.0,11206.0,-0.051973,0.002154,LBN,ESP,841950
3739367,133,71,8862,1996,0.0,15639.0,-0.23007399999999997,-0.34139400000000003,MAC,ESP,841950
3739368,134,71,8862,1996,0.0,178952.0,-0.67314,-0.241242,MAR,ESP,841950
3739369,138,71,8862,1996,0.0,584200.0,0.651949,0.9132170000000001,MEX,ESP,841950
3739370,151,71,8862,1996,0.0,849.0,-0.538651,-0.746274,MUS,ESP,841950
3739371,153,71,8862,1996,0.0,30827.0,0.351774,0.347262,MYS,ESP,841950
3739372,159,71,8862,1996,0.0,12911.0,-1.813359,-1.1967,NGA,ESP,841950
3739373,160,71,8862,1996,0.0,1605.0,-0.767799,-0.737816,NIC,ESP,841950
3739374,162,71,8862,1996,164121.0,888748.0,1.256625,1.803132,NLD,ESP,841950
3739375,163,71,8862,1996,22701.0,972.0,1.204869,0.303062,NOR,ESP,841950
3739376,166,71,8862,1996,0.0,102103.0,0.49466099999999996,0.8302879999999999,NZL,ESP,841950
3739377,168,71,8862,1996,0.0,83496.0,-0.7543300000000001,-0.393654,PAK,ESP,841950
3739378,173,71,8862,1996,0.0,183489.0,-0.43761000000000005,-0.28077399999999997,PER,ESP,841950
3739379,177,71,8862,1996,2018.0,58573.0,0.795489,1.9004729999999999,POL,ESP,841950
3739380,179,71,8862,1996,1330313.0,1295394.0,0.39343,1.170144,PRT,ESP,841950
3739381,185,71,8862,1996,63836.0,596942.0,0.612035,0.880964,ROU,ESP,841950
3739382,186,71,8862,1996,0.0,40675.0,0.900185,0.47723000000000004,RUS,ESP,841950
3739383,188,71,8862,1996,0.0,429395.0,0.215265,-0.8577309999999999,SAU,ESP,841950
3739384,191,71,8862,1996,0.0,75198.0,-0.619785,-0.712171,SEN,ESP,841950
3739385,192,71,8862,1996,0.0,2412115.0,0.8354299999999999,0.41169799999999995,SGP,ESP,841950
3739386,206,71,8862,1996,0.0,19483.0,1.189398,1.29167,SVK,ESP,841950
3739387,207,71,8862,1996,0.0,1543.0,1.409184,1.37245,SVN,ESP,841950
3739388,208,71,8862,1996,5660090.0,130244.0,2.133781,0.9099889999999999,SWE,ESP,841950
3739389,216,71,8862,1996,0.0,32805.0,0.10120599999999999,1.351967,THA,ESP,841950
3739390,223,71,8862,1996,0.0,10070.0,-0.28546,-0.089051,TUN,ESP,841950
3739391,224,71,8862,1996,0.0,72963.0,0.156866,1.554023,TUR,ESP,841950
3739392,228,71,8862,1996,105087.0,0.0,0.896537,0.9241459999999999,UKR,ESP,841950
3739393,230,71,8862,1996,0.0,2424.0,0.171541,0.313934,URY,ESP,841950
3739394,231,71,8862,1996,851218.0,540921.0,1.7110560000000001,1.125141,USA,ESP,841950
3739395,236,71,8862,1996,0.0,3101.0,0.07086100000000001,-0.761307,VEN,ESP,841950
3739396,246,71,8862,1996,0.0,45229.0,0.456593,1.150786,ZAF,ESP,841950
3739397,250,71,8862,1996,0.0,75784.0,1.084978,0.901755,ANS,ESP,841950
3739398,8,74,8862,1996,0.0,2369.0,0.167081,0.433612,ARG,FIN,841950
3739399,14,74,8862,1996,0.0,22964.0,0.369697,0.78069,AUS,FIN,841950
3739400,15,74,8862,1996,308716.0,0.0,1.9216669999999998,0.659388,AUT,FIN,841950
3739401,18,74,8862,1996,51081.0,99408.0,1.549312,1.273767,BEL,FIN,841950
3739402,25,74,8862,1996,0.0,5817.0,0.363917,-0.380614,BHS,FIN,841950
3739403,26,74,8862,1996,0.0,75238.0,0.679466,0.730425,BIH,FIN,841950
3739404,28,74,8862,1996,0.0,59485.0,0.7285550000000001,0.660716,BLR,FIN,841950
3739405,32,74,8862,1996,14448.0,143396.0,0.699658,1.271724,BRA,FIN,841950
3739406,39,74,8862,1996,30787.0,9568.0,1.155706,1.1127049999999998,CAN,FIN,841950
3739407,41,74,8862,1996,195970.0,57244.0,2.246238,0.603288,CHE,FIN,841950
3739408,42,74,8862,1996,0.0,2723.0,-0.052811000000000004,-0.169464,CHL,FIN,841950
3739409,43,74,8862,1996,0.0,351048.0,0.404422,3.061344,CHN,FIN,841950
3739410,59,74,8862,1996,18017.0,185890.0,1.401181,1.3094709999999998,CZE,FIN,841950
3739411,61,74,8862,1996,3930307.0,368658.0,2.279976,-2.572299,DEU,FIN,841950
3739412,64,74,8862,1996,2156794.0,29411.0,1.443514,1.275684,DNK,FIN,841950
3739413,71,74,8862,1996,212859.0,1430.0,1.105317,1.9473,ESP,FIN,841950
3739414,72,74,8862,1996,113085.0,2432426.0,0.53397,1.0877940000000001,EST,FIN,841950
3739415,77,74,8862,1996,2319986.0,23142.0,1.69082,0.721312,FRA,FIN,841950
3739416,81,74,8862,1996,786187.0,510565.0,1.850284,0.883084,GBR,FIN,841950
3739417,97,74,8862,1996,0.0,4552.0,0.54364,2.727659,HKG,FIN,841950
3739418,102,74,8862,1996,129408.0,23088.0,0.790036,1.891534,HUN,FIN,841950
3739419,103,74,8862,1996,0.0,14825.0,-0.43199899999999997,1.22074,IDN,FIN,841950
3739420,104,74,8862,1996,0.0,19297.0,0.20685599999999998,2.317622,IND,FIN,841950
3739421,109,74,8862,1996,0.0,20148.0,0.003558,-0.551796,ISL,FIN,841950
3739422,111,74,8862,1996,1840204.0,142641.0,1.4674690000000001,1.263362,ITA,FIN,841950
3739423,114,74,8862,1996,126672.0,12531.0,2.615364,0.5656939999999999,JPN,FIN,841950
3739424,115,74,8862,1996,0.0,9148.0,0.48902799999999996,0.154932,KAZ,FIN,841950
3739425,121,74,8862,1996,0.0,547448.0,0.8946940000000001,1.240424,KOR,FIN,841950
3739426,128,74,8862,1996,0.0,40266.0,-0.812763,-0.188722,LKA,FIN,841950
3739427,130,74,8862,1996,0.0,94842.0,0.40520500000000004,0.9465950000000001,LTU,FIN,841950
3739428,132,74,8862,1996,1248.0,850563.0,0.33418600000000004,0.1615,LVA,FIN,841950
3739429,134,74,8862,1996,0.0,5989.0,-0.67314,-0.241242,MAR,FIN,841950
3739430,138,74,8862,1996,0.0,19047.0,0.651949,0.9132170000000001,MEX,FIN,841950
3739431,153,74,8862,1996,3557.0,84619.0,0.351774,0.347262,MYS,FIN,841950
3739432,159,74,8862,1996,0.0,6782.0,-1.813359,-1.1967,NGA,FIN,841950
3739433,162,74,8862,1996,1201733.0,444217.0,1.256625,1.803132,NLD,FIN,841950
3739434,163,74,8862,1996,932962.0,4611552.0,1.204869,0.303062,NOR,FIN,841950
3739435,173,74,8862,1996,0.0,842.0,-0.43761000000000005,-0.28077399999999997,PER,FIN,841950
3739436,174,74,8862,1996,0.0,75009.0,-0.276548,0.344986,PHL,FIN,841950
3739437,177,74,8862,1996,0.0,827671.0,0.795489,1.9004729999999999,POL,FIN,841950
3739438,179,74,8862,1996,2724.0,12770.0,0.39343,1.170144,PRT,FIN,841950
3739439,185,74,8862,1996,0.0,1324175.0,0.612035,0.880964,ROU,FIN,841950
3739440,186,74,8862,1996,0.0,4765329.0,0.900185,0.47723000000000004,RUS,FIN,841950
3739441,189,74,8862,1996,0.0,6305.0,0.786293,2.20126,SCG,FIN,841950
3739442,191,74,8862,1996,0.0,781.0,-0.619785,-0.712171,SEN,FIN,841950
3739443,192,74,8862,1996,0.0,47198.0,0.8354299999999999,0.41169799999999995,SGP,FIN,841950
3739444,207,74,8862,1996,9355.0,0.0,1.409184,1.37245,SVN,FIN,841950
3739445,208,74,8862,1996,13228271.0,4988454.0,2.133781,0.9099889999999999,SWE,FIN,841950
3739446,216,74,8862,1996,0.0,208289.0,0.10120599999999999,1.351967,THA,FIN,841950
3739447,224,74,8862,1996,0.0,1363.0,0.156866,1.554023,TUR,FIN,841950
3739448,228,74,8862,1996,0.0,133446.0,0.896537,0.9241459999999999,UKR,FIN,841950
3739449,231,74,8862,1996,160500.0,143695.0,1.7110560000000001,1.125141,USA,FIN,841950
3739450,236,74,8862,1996,0.0,4815.0,0.07086100000000001,-0.761307,VEN,FIN,841950
3739451,246,74,8862,1996,0.0,13515.0,0.456593,1.150786,ZAF,FIN,841950
3739452,249,74,8862,1996,0.0,7377.0,1.432225,1.675389,TWN,FIN,841950
3739453,2,77,8862,1996,0.0,10360.0,-2.3109900000000003,-1.172849,AGO,FRA,841950
3739454,5,77,8862,1996,0.0,12207.0,1.0490059999999999,0.6587189999999999,AND,FRA,841950
3739455,7,77,8862,1996,0.0,2939569.0,-0.245358,-0.726695,ARE,FRA,841950
3739456,8,77,8862,1996,0.0,2741348.0,0.167081,0.433612,ARG,FRA,841950
3739457,14,77,8862,1996,62365.0,267520.0,0.369697,0.78069,AUS,FRA,841950
3739458,15,77,8862,1996,2222451.0,1495121.0,1.9216669999999998,0.659388,AUT,FRA,841950
3739459,18,77,8862,1996,3011713.0,24215716.0,1.549312,1.273767,BEL,FRA,841950
3739460,19,77,8862,1996,0.0,3129.0,-1.0032729999999999,-0.794779,BEN,FRA,841950
3739461,21,77,8862,1996,0.0,46300.0,-0.680996,-0.863442,BFA,FRA,841950
3739462,22,77,8862,1996,0.0,10899.0,-1.060876,-1.05104,BGD,FRA,841950
3739463,23,77,8862,1996,0.0,71922.0,0.544265,1.523408,BGR,FRA,841950
3739464,24,77,8862,1996,0.0,21322.0,-0.062207000000000005,-0.840398,BHR,FRA,841950
3739465,28,77,8862,1996,0.0,207874.0,0.7285550000000001,0.660716,BLR,FRA,841950
3739466,32,77,8862,1996,4815.0,108808.0,0.699658,1.271724,BRA,FRA,841950
3739467,39,77,8862,1996,158815.0,2098163.0,1.155706,1.1127049999999998,CAN,FRA,841950
3739468,41,77,8862,1996,4472177.0,4554998.0,2.246238,0.603288,CHE,FRA,841950
3739469,42,77,8862,1996,0.0,258304.0,-0.052811000000000004,-0.169464,CHL,FRA,841950
3739470,43,77,8862,1996,0.0,6326709.0,0.404422,3.061344,CHN,FRA,841950
3739471,44,77,8862,1996,0.0,695997.0,-0.8720459999999999,-0.7904479999999999,CIV,FRA,841950
3739472,45,77,8862,1996,0.0,61137.0,-1.4036309999999999,-1.090633,CMR,FRA,841950
3739473,46,77,8862,1996,0.0,6282.0,-1.2167,-1.086508,COD,FRA,841950
3739474,47,77,8862,1996,29006.0,2950.0,-1.522142,-1.165936,COG,FRA,841950
3739475,49,77,8862,1996,0.0,107200.0,0.136487,0.078743,COL,FRA,841950
3739476,50,77,8862,1996,0.0,23786.0,-1.007044,-0.833519,COM,FRA,841950
3739477,58,77,8862,1996,0.0,31237.0,0.20007,0.020590999999999998,CYP,FRA,841950
3739478,59,77,8862,1996,9841.0,802330.0,1.401181,1.3094709999999998,CZE,FRA,841950
3739479,61,77,8862,1996,29902786.0,40102632.0,2.279976,-2.572299,DEU,FRA,841950
3739480,64,77,8862,1996,2665625.0,2362244.0,1.443514,1.275684,DNK,FRA,841950
3739481,66,77,8862,1996,0.0,3844990.0,-0.33419699999999997,-1.035736,DZA,FRA,841950
3739482,67,77,8862,1996,0.0,8195.0,-1.1391200000000001,-0.992735,ECU,FRA,841950
3739483,68,77,8862,1996,0.0,510309.0,-0.5446409999999999,-0.229586,EGY,FRA,841950
3739484,71,77,8862,1996,2309024.0,8856549.0,1.105317,1.9473,ESP,FRA,841950
3739485,72,77,8862,1996,0.0,177170.0,0.53397,1.0877940000000001,EST,FRA,841950
3739486,73,77,8862,1996,0.0,12320.0,-1.265383,-1.131925,ETH,FRA,841950
3739487,74,77,8862,1996,23142.0,2319986.0,2.0584729999999998,1.006908,FIN,FRA,841950
3739488,80,77,8862,1996,0.0,182682.0,-1.693615,-1.174433,GAB,FRA,841950
3739489,81,77,8862,1996,10288176.0,10966946.0,1.850284,0.883084,GBR,FRA,841950
3739490,83,77,8862,1996,0.0,5724.0,-1.035244,-0.9834129999999999,GHA,FRA,841950
3739491,85,77,8862,1996,19595.0,57417.0,-1.2641930000000001,-1.1317409999999999,GIN,FRA,841950
3739492,90,77,8862,1996,32168.0,109617.0,0.271386,1.042608,GRC,FRA,841950
3739493,96,77,8862,1996,0.0,2351.0,-0.567617,-0.766822,GUY,FRA,841950
3739494,97,77,8862,1996,0.0,294333.0,0.54364,2.727659,HKG,FRA,841950
3739495,100,77,8862,1996,0.0,632078.0,0.772706,1.1075270000000002,HRV,FRA,841950
3739496,101,77,8862,1996,0.0,10170.0,-0.865218,-0.723441,HTI,FRA,841950
3739497,102,77,8862,1996,134243.0,681331.0,0.790036,1.891534,HUN,FRA,841950
3739498,103,77,8862,1996,0.0,8598270.0,-0.43199899999999997,1.22074,IDN,FRA,841950
3739499,104,77,8862,1996,16691.0,8272360.0,0.20685599999999998,2.317622,IND,FRA,841950
3739500,106,77,8862,1996,2399.0,267065.0,1.386011,0.9232100000000001,IRL,FRA,841950
3739501,107,77,8862,1996,0.0,1008777.0,-0.7496649999999999,-1.1173520000000001,IRN,FRA,841950
3739502,109,77,8862,1996,0.0,29664.0,0.003558,-0.551796,ISL,FRA,841950
3739503,110,77,8862,1996,55699.0,1226225.0,1.054975,1.072965,ISR,FRA,841950
3739504,111,77,8862,1996,26332176.0,18201908.0,1.4674690000000001,1.263362,ITA,FRA,841950
3739505,113,77,8862,1996,0.0,1826195.0,0.12203499999999999,-0.41859399999999997,JOR,FRA,841950
3739506,114,77,8862,1996,58491.0,4628616.0,2.615364,0.5656939999999999,JPN,FRA,841950
3739507,115,77,8862,1996,0.0,213195.0,0.48902799999999996,0.154932,KAZ,FRA,841950
3739508,116,77,8862,1996,0.0,10764.0,-0.468322,-0.017625,KEN,FRA,841950
3739509,121,77,8862,1996,0.0,11995505.0,0.8946940000000001,1.240424,KOR,FRA,841950
3739510,122,77,8862,1996,0.0,1791713.0,-0.27174499999999996,-1.098243,KWT,FRA,841950
3739511,124,77,8862,1996,0.0,803761.0,-0.051973,0.002154,LBN,FRA,841950
3739512,126,77,8862,1996,0.0,444480.0,-0.588489,-1.138552,LBY,FRA,841950
3739513,128,77,8862,1996,0.0,30499.0,-0.812763,-0.188722,LKA,FRA,841950
3739514,130,77,8862,1996,0.0,1075880.0,0.40520500000000004,0.9465950000000001,LTU,FRA,841950
3739515,132,77,8862,1996,0.0,13871.0,0.33418600000000004,0.1615,LVA,FRA,841950
3739516,133,77,8862,1996,0.0,98628.0,-0.23007399999999997,-0.34139400000000003,MAC,FRA,841950
3739517,134,77,8862,1996,0.0,754077.0,-0.67314,-0.241242,MAR,FRA,841950
3739518,136,77,8862,1996,0.0,12759.0,-1.213619,-0.606686,MDG,FRA,841950
3739519,138,77,8862,1996,0.0,165079.0,0.651949,0.9132170000000001,MEX,FRA,841950
3739520,140,77,8862,1996,0.0,41660.0,0.316133,0.933068,MKD,FRA,841950
3739521,141,77,8862,1996,0.0,77617.0,-0.987858,-0.9677040000000001,MLI,FRA,841950
3739522,142,77,8862,1996,2791.0,2433.0,0.8825440000000001,0.066541,MLT,FRA,841950
3739523,148,77,8862,1996,0.0,158971.0,-1.352902,-1.19204,MRT,FRA,841950
3739524,151,77,8862,1996,0.0,1318286.0,-0.538651,-0.746274,MUS,FRA,841950
3739525,153,77,8862,1996,114236.0,5333646.0,0.351774,0.347262,MYS,FRA,841950
3739526,156,77,8862,1996,0.0,223782.0,-0.951583,-0.785157,NCL,FRA,841950
3739527,157,77,8862,1996,0.0,5738.0,-0.594771,-0.643008,NER,FRA,841950
3739528,159,77,8862,1996,0.0,14744.0,-1.813359,-1.1967,NGA,FRA,841950
3739529,162,77,8862,1996,3786951.0,7093042.0,1.256625,1.803132,NLD,FRA,841950
3739530,163,77,8862,1996,192502.0,475942.0,1.204869,0.303062,NOR,FRA,841950
3739531,166,77,8862,1996,11739.0,75390.0,0.49466099999999996,0.8302879999999999,NZL,FRA,841950
3739532,167,77,8862,1996,0.0,18239.0,-0.10243499999999998,-0.8425879999999999,OMN,FRA,841950
3739533,168,77,8862,1996,0.0,1736541.0,-0.7543300000000001,-0.393654,PAK,FRA,841950
3739534,173,77,8862,1996,0.0,79838.0,-0.43761000000000005,-0.28077399999999997,PER,FRA,841950
3739535,174,77,8862,1996,0.0,59728.0,-0.276548,0.344986,PHL,FRA,841950
3739536,177,77,8862,1996,3554.0,6257304.0,0.795489,1.9004729999999999,POL,FRA,841950
3739537,179,77,8862,1996,608839.0,4034495.0,0.39343,1.170144,PRT,FRA,841950
3739538,182,77,8862,1996,0.0,14396.0,0.845308,-0.31763,PYF,FRA,841950
3739539,183,77,8862,1996,0.0,2758098.0,-0.48203500000000005,-1.117173,QAT,FRA,841950
3739540,185,77,8862,1996,0.0,3773950.0,0.612035,0.880964,ROU,FRA,841950
3739541,186,77,8862,1996,19848.0,721587.0,0.900185,0.47723000000000004,RUS,FRA,841950
3739542,188,77,8862,1996,0.0,5377854.0,0.215265,-0.8577309999999999,SAU,FRA,841950
3739543,189,77,8862,1996,0.0,29794.0,0.786293,2.20126,SCG,FRA,841950
3739544,191,77,8862,1996,0.0,200756.0,-0.619785,-0.712171,SEN,FRA,841950
3739545,192,77,8862,1996,0.0,1667221.0,0.8354299999999999,0.41169799999999995,SGP,FRA,841950
3739546,200,77,8862,1996,0.0,99800.0,-0.083964,-0.600418,SPM,FRA,841950
3739547,206,77,8862,1996,6662.0,161530.0,1.189398,1.29167,SVK,FRA,841950
3739548,207,77,8862,1996,16849.0,144252.0,1.409184,1.37245,SVN,FRA,841950
3739549,208,77,8862,1996,13021882.0,4714912.0,2.133781,0.9099889999999999,SWE,FRA,841950
3739550,212,77,8862,1996,0.0,83367.0,-1.100666,-0.90038,SYR,FRA,841950
3739551,214,77,8862,1996,0.0,29530.0,-0.8289059999999999,-0.688122,TCD,FRA,841950
3739552,215,77,8862,1996,0.0,12374.0,-0.9070459999999999,-0.7702399999999999,TGO,FRA,841950
3739553,216,77,8862,1996,3256.0,571287.0,0.10120599999999999,1.351967,THA,FRA,841950
3739554,223,77,8862,1996,0.0,1700736.0,-0.28546,-0.089051,TUN,FRA,841950
3739555,224,77,8862,1996,252241.0,3483792.0,0.156866,1.554023,TUR,FRA,841950
3739556,226,77,8862,1996,0.0,118446.0,-1.391534,-0.907436,TZA,FRA,841950
3739557,228,77,8862,1996,0.0,93352.0,0.896537,0.9241459999999999,UKR,FRA,841950
3739558,230,77,8862,1996,0.0,6313.0,0.171541,0.313934,URY,FRA,841950
3739559,231,77,8862,1996,2042762.0,9378882.0,1.7110560000000001,1.125141,USA,FRA,841950
3739560,232,77,8862,1996,0.0,1113093.0,-0.17393499999999998,-0.727476,UZB,FRA,841950
3739561,234,77,8862,1996,0.0,3127.0,-0.123896,-0.5798989999999999,VCT,FRA,841950
3739562,236,77,8862,1996,0.0,176813.0,0.07086100000000001,-0.761307,VEN,FRA,841950
3739563,237,77,8862,1996,0.0,31289.0,0.602529,-0.280171,VGB,FRA,841950
3739564,239,77,8862,1996,0.0,640968.0,-0.9336469999999999,-0.10985199999999999,VNM,FRA,841950
3739565,240,77,8862,1996,0.0,2354.0,-0.933351,-0.824783,VUT,FRA,841950
3739566,243,77,8862,1996,0.0,1564.0,-1.304556,-1.200523,YEM,FRA,841950
3739567,246,77,8862,1996,0.0,542068.0,0.456593,1.150786,ZAF,FRA,841950
3739568,247,77,8862,1996,0.0,52199.0,-0.340956,-0.714009,ZMB,FRA,841950
3739569,248,77,8862,1996,0.0,19361.0,-0.393769,-0.34379,ZWE,FRA,841950
3739570,249,77,8862,1996,1785.0,7303224.0,1.432225,1.675389,TWN,FRA,841950
3739571,250,77,8862,1996,9008.0,0.0,1.084978,0.901755,ANS,FRA,841950
3739572,18,80,8862,1996,9911.0,0.0,1.549312,1.273767,BEL,GAB,841950
3739573,64,80,8862,1996,1048.0,0.0,1.443514,1.275684,DNK,GAB,841950
3739574,77,80,8862,1996,182682.0,0.0,1.69082,0.721312,FRA,GAB,841950
3739575,114,80,8862,1996,0.0,1261.0,2.615364,0.5656939999999999,JPN,GAB,841950
3739576,231,80,8862,1996,2191.0,0.0,1.7110560000000001,1.125141,USA,GAB,841950
3739577,0,81,8862,1996,0.0,2234.0,-0.681487,-0.70999,ABW,GBR,841950
3739578,6,81,8862,1996,0.0,5205.0,0.29339,-0.572443,ANT,GBR,841950
3739579,7,81,8862,1996,544822.0,359278.0,-0.245358,-0.726695,ARE,GBR,841950
3739580,8,81,8862,1996,0.0,81102.0,0.167081,0.433612,ARG,GBR,841950
3739581,14,81,8862,1996,31980.0,1718867.0,0.369697,0.78069,AUS,GBR,841950
3739582,15,81,8862,1996,1587833.0,329082.0,1.9216669999999998,0.659388,AUT,GBR,841950
3739583,16,81,8862,1996,0.0,9817.0,0.500442,-0.280796,AZE,GBR,841950
3739584,17,81,8862,1996,0.0,31198.0,-0.955951,-0.8721180000000001,BDI,GBR,841950
3739585,18,81,8862,1996,2268773.0,6146614.0,1.549312,1.273767,BEL,GBR,841950
3739586,22,81,8862,1996,0.0,1056.0,-1.060876,-1.05104,BGD,GBR,841950
3739587,23,81,8862,1996,0.0,18819.0,0.544265,1.523408,BGR,GBR,841950
3739588,24,81,8862,1996,0.0,176475.0,-0.062207000000000005,-0.840398,BHR,GBR,841950
3739589,32,81,8862,1996,37454.0,60333.0,0.699658,1.271724,BRA,GBR,841950
3739590,34,81,8862,1996,0.0,1960.0,-0.848331,-0.779511,BRN,GBR,841950
3739591,39,81,8862,1996,866760.0,3047558.0,1.155706,1.1127049999999998,CAN,GBR,841950
3739592,41,81,8862,1996,2058147.0,707593.0,2.246238,0.603288,CHE,GBR,841950
3739593,42,81,8862,1996,10553.0,43262.0,-0.052811000000000004,-0.169464,CHL,GBR,841950
3739594,43,81,8862,1996,19997.0,566338.0,0.404422,3.061344,CHN,GBR,841950
3739595,47,81,8862,1996,0.0,9892.0,-1.522142,-1.165936,COG,GBR,841950
3739596,49,81,8862,1996,0.0,44419.0,0.136487,0.078743,COL,GBR,841950
3739597,58,81,8862,1996,0.0,32939.0,0.20007,0.020590999999999998,CYP,GBR,841950
3739598,59,81,8862,1996,71636.0,2186395.0,1.401181,1.3094709999999998,CZE,GBR,841950
3739599,61,81,8862,1996,15007144.0,4762455.0,2.279976,-2.572299,DEU,GBR,841950
3739600,64,81,8862,1996,1436830.0,1764648.0,1.443514,1.275684,DNK,GBR,841950
3739601,65,81,8862,1996,0.0,36859.0,-0.596093,-0.5602060000000001,DOM,GBR,841950
3739602,66,81,8862,1996,0.0,8645.0,-0.33419699999999997,-1.035736,DZA,GBR,841950
3739603,67,81,8862,1996,5744.0,17949.0,-1.1391200000000001,-0.992735,ECU,GBR,841950
3739604,68,81,8862,1996,617736.0,1049078.0,-0.5446409999999999,-0.229586,EGY,GBR,841950
3739605,71,81,8862,1996,439522.0,784067.0,1.105317,1.9473,ESP,GBR,841950
3739606,72,81,8862,1996,0.0,5634.0,0.53397,1.0877940000000001,EST,GBR,841950
3739607,74,81,8862,1996,510565.0,786187.0,2.0584729999999998,1.006908,FIN,GBR,841950
3739608,75,81,8862,1996,0.0,12792.0,-0.7977,-0.9271879999999999,FJI,GBR,841950
3739609,76,81,8862,1996,10227.0,6122.0,0.7798039999999999,-0.524821,FLK,GBR,841950
3739610,77,81,8862,1996,10966946.0,10288176.0,1.69082,0.721312,FRA,GBR,841950
3739611,78,81,8862,1996,0.0,1171.0,-0.252693,-0.714691,FRO,GBR,841950
3739612,82,81,8862,1996,0.0,934.0,0.5383020000000001,0.167596,GEO,GBR,841950
3739613,83,81,8862,1996,0.0,41949.0,-1.035244,-0.9834129999999999,GHA,GBR,841950
3739614,84,81,8862,1996,0.0,5161.0,0.932001,-0.20733400000000002,GIB,GBR,841950
3739615,87,81,8862,1996,0.0,4944.0,-1.028677,-0.8440540000000001,GMB,GBR,841950
3739616,90,81,8862,1996,97268.0,562897.0,0.271386,1.042608,GRC,GBR,841950
3739617,91,81,8862,1996,0.0,2311.0,0.285534,-0.37242600000000003,GRD,GBR,841950
3739618,96,81,8862,1996,0.0,176953.0,-0.567617,-0.766822,GUY,GBR,841950
3739619,97,81,8862,1996,47097.0,500998.0,0.54364,2.727659,HKG,GBR,841950
3739620,100,81,8862,1996,0.0,49007.0,0.772706,1.1075270000000002,HRV,GBR,841950
3739621,102,81,8862,1996,0.0,16185.0,0.790036,1.891534,HUN,GBR,841950
3739622,103,81,8862,1996,5806.0,1876481.0,-0.43199899999999997,1.22074,IDN,GBR,841950
3739623,104,81,8862,1996,186067.0,880429.0,0.20685599999999998,2.317622,IND,GBR,841950
3739624,106,81,8862,1996,161884.0,1605414.0,1.386011,0.9232100000000001,IRL,GBR,841950
3739625,107,81,8862,1996,0.0,862989.0,-0.7496649999999999,-1.1173520000000001,IRN,GBR,841950
3739626,109,81,8862,1996,0.0,73765.0,0.003558,-0.551796,ISL,GBR,841950
3739627,110,81,8862,1996,115257.0,282657.0,1.054975,1.072965,ISR,GBR,841950
3739628,111,81,8862,1996,15933771.0,2063599.0,1.4674690000000001,1.263362,ITA,GBR,841950
3739629,112,81,8862,1996,0.0,258537.0,-0.6344350000000001,-0.814916,JAM,GBR,841950
3739630,113,81,8862,1996,0.0,8154.0,0.12203499999999999,-0.41859399999999997,JOR,GBR,841950
3739631,114,81,8862,1996,4703758.0,1953882.0,2.615364,0.5656939999999999,JPN,GBR,841950
3739632,116,81,8862,1996,0.0,65604.0,-0.468322,-0.017625,KEN,GBR,841950
3739633,118,81,8862,1996,0.0,19855.0,-1.110741,-1.089434,KHM,GBR,841950
3739634,121,81,8862,1996,713238.0,1384336.0,0.8946940000000001,1.240424,KOR,GBR,841950
3739635,122,81,8862,1996,0.0,24194.0,-0.27174499999999996,-1.098243,KWT,GBR,841950
3739636,124,81,8862,1996,0.0,2193.0,-0.051973,0.002154,LBN,GBR,841950
3739637,126,81,8862,1996,0.0,503392.0,-0.588489,-1.138552,LBY,GBR,841950
3739638,128,81,8862,1996,0.0,1472.0,-0.812763,-0.188722,LKA,GBR,841950
3739639,130,81,8862,1996,0.0,2545.0,0.40520500000000004,0.9465950000000001,LTU,GBR,841950
3739640,132,81,8862,1996,0.0,7013.0,0.33418600000000004,0.1615,LVA,GBR,841950
3739641,133,81,8862,1996,0.0,304.0,-0.23007399999999997,-0.34139400000000003,MAC,GBR,841950
3739642,134,81,8862,1996,27340.0,3604.0,-0.67314,-0.241242,MAR,GBR,841950
3739643,137,81,8862,1996,0.0,856.0,-1.107903,-1.016442,MDV,GBR,841950
3739644,138,81,8862,1996,4858.0,1964.0,0.651949,0.9132170000000001,MEX,GBR,841950
3739645,139,81,8862,1996,0.0,3387.0,-0.035292000000000004,-0.660011,MHL,GBR,841950
3739646,141,81,8862,1996,0.0,3868.0,-0.987858,-0.9677040000000001,MLI,GBR,841950
3739647,142,81,8862,1996,34028.0,57712.0,0.8825440000000001,0.066541,MLT,GBR,841950
3739648,143,81,8862,1996,0.0,6674.0,-1.556357,-1.078395,MMR,GBR,841950
3739649,151,81,8862,1996,0.0,1842.0,-0.538651,-0.746274,MUS,GBR,841950
3739650,153,81,8862,1996,192415.0,368384.0,0.351774,0.347262,MYS,GBR,841950
3739651,159,81,8862,1996,23368.0,73835.0,-1.813359,-1.1967,NGA,GBR,841950
3739652,162,81,8862,1996,4618947.0,6592484.0,1.256625,1.803132,NLD,GBR,841950
3739653,163,81,8862,1996,180027.0,787273.0,1.204869,0.303062,NOR,GBR,841950
3739654,166,81,8862,1996,58546.0,44674.0,0.49466099999999996,0.8302879999999999,NZL,GBR,841950
3739655,167,81,8862,1996,28378.0,43201.0,-0.10243499999999998,-0.8425879999999999,OMN,GBR,841950
3739656,168,81,8862,1996,0.0,2530636.0,-0.7543300000000001,-0.393654,PAK,GBR,841950
3739657,169,81,8862,1996,0.0,16796.0,-0.100537,-0.374129,PAN,GBR,841950
3739658,173,81,8862,1996,0.0,129751.0,-0.43761000000000005,-0.28077399999999997,PER,GBR,841950
3739659,174,81,8862,1996,78152.0,199557.0,-0.276548,0.344986,PHL,GBR,841950
3739660,177,81,8862,1996,100947.0,438288.0,0.795489,1.9004729999999999,POL,GBR,841950
3739661,178,81,8862,1996,0.0,19608.0,0.725014,1.20189,PRK,GBR,841950
3739662,179,81,8862,1996,625607.0,162477.0,0.39343,1.170144,PRT,GBR,841950
3739663,182,81,8862,1996,0.0,614.0,0.845308,-0.31763,PYF,GBR,841950
3739664,183,81,8862,1996,11912.0,32655.0,-0.48203500000000005,-1.117173,QAT,GBR,841950
3739665,185,81,8862,1996,0.0,683350.0,0.612035,0.880964,ROU,GBR,841950
3739666,186,81,8862,1996,0.0,275387.0,0.900185,0.47723000000000004,RUS,GBR,841950
3739667,188,81,8862,1996,82688.0,624871.0,0.215265,-0.8577309999999999,SAU,GBR,841950
3739668,190,81,8862,1996,0.0,236282.0,-1.4146459999999998,-1.181707,SDN,GBR,841950
3739669,192,81,8862,1996,17568.0,7836270.0,0.8354299999999999,0.41169799999999995,SGP,GBR,841950
3739670,206,81,8862,1996,65329.0,113653.0,1.189398,1.29167,SVK,GBR,841950
3739671,207,81,8862,1996,11970.0,1372.0,1.409184,1.37245,SVN,GBR,841950
3739672,208,81,8862,1996,14665974.0,1640310.0,2.133781,0.9099889999999999,SWE,GBR,841950
3739673,211,81,8862,1996,6224.0,0.0,0.239125,-0.458433,SYC,GBR,841950
3739674,212,81,8862,1996,0.0,18246.0,-1.100666,-0.90038,SYR,GBR,841950
3739675,216,81,8862,1996,0.0,549335.0,0.10120599999999999,1.351967,THA,GBR,841950
3739676,219,81,8862,1996,0.0,108804.0,-0.756087,-1.160548,TKM,GBR,841950
3739677,222,81,8862,1996,0.0,9728.0,0.19111,-0.488382,TTO,GBR,841950
3739678,223,81,8862,1996,59072.0,47504.0,-0.28546,-0.089051,TUN,GBR,841950
3739679,224,81,8862,1996,28142.0,136170.0,0.156866,1.554023,TUR,GBR,841950
3739680,226,81,8862,1996,0.0,4033.0,-1.391534,-0.907436,TZA,GBR,841950
3739681,227,81,8862,1996,649.0,6480.0,-0.931124,-0.925523,UGA,GBR,841950
3739682,228,81,8862,1996,0.0,120890.0,0.896537,0.9241459999999999,UKR,GBR,841950
3739683,230,81,8862,1996,0.0,16128.0,0.171541,0.313934,URY,GBR,841950
3739684,231,81,8862,1996,8065975.0,10109053.0,1.7110560000000001,1.125141,USA,GBR,841950
3739685,236,81,8862,1996,0.0,17296.0,0.07086100000000001,-0.761307,VEN,GBR,841950
3739686,239,81,8862,1996,4366.0,0.0,-0.9336469999999999,-0.10985199999999999,VNM,GBR,841950
3739687,246,81,8862,1996,140451.0,4862434.0,0.456593,1.150786,ZAF,GBR,841950
3739688,248,81,8862,1996,8603.0,2915.0,-0.393769,-0.34379,ZWE,GBR,841950
3739689,249,81,8862,1996,227315.0,4565441.0,1.432225,1.675389,TWN,GBR,841950
3739690,250,81,8862,1996,0.0,1775.0,1.084978,0.901755,ANS,GBR,841950
3739691,4,90,8862,1996,0.0,6888.0,-0.309992,-0.039541,ALB,GRC,841950
3739692,7,90,8862,1996,0.0,72354.0,-0.245358,-0.726695,ARE,GRC,841950
3739693,14,90,8862,1996,285681.0,0.0,0.369697,0.78069,AUS,GRC,841950
3739694,15,90,8862,1996,11913.0,28394.0,1.9216669999999998,0.659388,AUT,GRC,841950
3739695,18,90,8862,1996,522037.0,11600.0,1.549312,1.273767,BEL,GRC,841950
3739696,23,90,8862,1996,31289.0,0.0,0.544265,1.523408,BGR,GRC,841950
3739697,39,90,8862,1996,12153.0,0.0,1.155706,1.1127049999999998,CAN,GRC,841950
3739698,41,90,8862,1996,74468.0,0.0,2.246238,0.603288,CHE,GRC,841950
3739699,58,90,8862,1996,0.0,74500.0,0.20007,0.020590999999999998,CYP,GRC,841950
3739700,61,90,8862,1996,842642.0,423719.0,2.279976,-2.572299,DEU,GRC,841950
3739701,64,90,8862,1996,4120.0,7767.0,1.443514,1.275684,DNK,GRC,841950
3739702,71,90,8862,1996,1418.0,0.0,1.105317,1.9473,ESP,GRC,841950
3739703,77,90,8862,1996,109617.0,32168.0,1.69082,0.721312,FRA,GRC,841950
3739704,81,90,8862,1996,562897.0,97268.0,1.850284,0.883084,GBR,GRC,841950
3739705,102,90,8862,1996,0.0,16795.0,0.790036,1.891534,HUN,GRC,841950
3739706,110,90,8862,1996,69427.0,0.0,1.054975,1.072965,ISR,GRC,841950
3739707,111,90,8862,1996,5107690.0,5914.0,1.4674690000000001,1.263362,ITA,GRC,841950
3739708,114,90,8862,1996,35500.0,0.0,2.615364,0.5656939999999999,JPN,GRC,841950
3739709,124,90,8862,1996,0.0,12887.0,-0.051973,0.002154,LBN,GRC,841950
3739710,159,90,8862,1996,0.0,43864.0,-1.813359,-1.1967,NGA,GRC,841950
3739711,162,90,8862,1996,18665.0,30514.0,1.256625,1.803132,NLD,GRC,841950
3739712,167,90,8862,1996,0.0,8312.0,-0.10243499999999998,-0.8425879999999999,OMN,GRC,841950
3739713,179,90,8862,1996,26619.0,0.0,0.39343,1.170144,PRT,GRC,841950
3739714,185,90,8862,1996,0.0,101745.0,0.612035,0.880964,ROU,GRC,841950
3739715,189,90,8862,1996,0.0,14195.0,0.786293,2.20126,SCG,GRC,841950
3739716,207,90,8862,1996,0.0,31595.0,1.409184,1.37245,SVN,GRC,841950
3739717,208,90,8862,1996,704097.0,9065.0,2.133781,0.9099889999999999,SWE,GRC,841950
3739718,224,90,8862,1996,0.0,14913.0,0.156866,1.554023,TUR,GRC,841950
3739719,231,90,8862,1996,51382.0,0.0,1.7110560000000001,1.125141,USA,GRC,841950
3739720,18,93,8862,1996,1037.0,0.0,1.549312,1.273767,BEL,GTM,841950
3739721,41,93,8862,1996,5581.0,0.0,2.246238,0.603288,CHE,GTM,841950
3739722,61,93,8862,1996,9034.0,0.0,2.279976,-2.572299,DEU,GTM,841950
3739723,138,93,8862,1996,1171.0,0.0,0.651949,0.9132170000000001,MEX,GTM,841950
3739724,231,93,8862,1996,41972.0,0.0,1.7110560000000001,1.125141,USA,GTM,841950
3739725,14,97,8862,1996,26586.0,18104.0,0.369697,0.78069,AUS,HKG,841950
3739726,18,97,8862,1996,1677.0,0.0,1.549312,1.273767,BEL,HKG,841950
3739727,22,97,8862,1996,0.0,30130.0,-1.060876,-1.05104,BGD,HKG,841950
3739728,39,97,8862,1996,0.0,17617.0,1.155706,1.1127049999999998,CAN,HKG,841950
3739729,41,97,8862,1996,22872.0,0.0,2.246238,0.603288,CHE,HKG,841950
3739730,42,97,8862,1996,0.0,44263.0,-0.052811000000000004,-0.169464,CHL,HKG,841950
3739731,43,97,8862,1996,320060.0,1354089.0,0.404422,3.061344,CHN,HKG,841950
3739732,49,97,8862,1996,0.0,13384.0,0.136487,0.078743,COL,HKG,841950
3739733,61,97,8862,1996,1686005.0,38376.0,2.279976,-2.572299,DEU,HKG,841950
3739734,64,97,8862,1996,470835.0,0.0,1.443514,1.275684,DNK,HKG,841950
3739735,71,97,8862,1996,8001.0,0.0,1.105317,1.9473,ESP,HKG,841950
3739736,74,97,8862,1996,4552.0,0.0,2.0584729999999998,1.006908,FIN,HKG,841950
3739737,77,97,8862,1996,294333.0,0.0,1.69082,0.721312,FRA,HKG,841950
3739738,81,97,8862,1996,500998.0,47097.0,1.850284,0.883084,GBR,HKG,841950
3739739,103,97,8862,1996,63630.0,58281.0,-0.43199899999999997,1.22074,IDN,HKG,841950
3739740,111,97,8862,1996,780021.0,22463.0,1.4674690000000001,1.263362,ITA,HKG,841950
3739741,114,97,8862,1996,1929719.0,171226.0,2.615364,0.5656939999999999,JPN,HKG,841950
3739742,128,97,8862,1996,0.0,2774.0,-0.812763,-0.188722,LKA,HKG,841950
3739743,133,97,8862,1996,0.0,200568.0,-0.23007399999999997,-0.34139400000000003,MAC,HKG,841950
3739744,153,97,8862,1996,158360.0,183172.0,0.351774,0.347262,MYS,HKG,841950
3739745,159,97,8862,1996,0.0,41694.0,-1.813359,-1.1967,NGA,HKG,841950
3739746,162,97,8862,1996,2650.0,0.0,1.256625,1.803132,NLD,HKG,841950
3739747,163,97,8862,1996,50955.0,0.0,1.204869,0.303062,NOR,HKG,841950
3739748,166,97,8862,1996,2139.0,0.0,0.49466099999999996,0.8302879999999999,NZL,HKG,841950
3739749,174,97,8862,1996,0.0,32491.0,-0.276548,0.344986,PHL,HKG,841950
3739750,192,97,8862,1996,18680.0,9577.0,0.8354299999999999,0.41169799999999995,SGP,HKG,841950
3739751,208,97,8862,1996,1080511.0,0.0,2.133781,0.9099889999999999,SWE,HKG,841950
3739752,216,97,8862,1996,8951.0,7121.0,0.10120599999999999,1.351967,THA,HKG,841950
3739753,226,97,8862,1996,0.0,2153.0,-1.391534,-0.907436,TZA,HKG,841950
3739754,231,97,8862,1996,1477609.0,27487.0,1.7110560000000001,1.125141,USA,HKG,841950
3739755,246,97,8862,1996,0.0,5006.0,0.456593,1.150786,ZAF,HKG,841950
3739756,249,97,8862,1996,179193.0,2728.0,1.432225,1.675389,TWN,HKG,841950
3739757,18,99,8862,1996,19853.0,0.0,1.549312,1.273767,BEL,HND,841950
3739758,71,99,8862,1996,67209.0,0.0,1.105317,1.9473,ESP,HND,841950
3739759,138,99,8862,1996,11238.0,0.0,0.651949,0.9132170000000001,MEX,HND,841950
3739760,216,99,8862,1996,47198.0,0.0,0.10120599999999999,1.351967,THA,HND,841950
3739761,231,99,8862,1996,60299.0,0.0,1.7110560000000001,1.125141,USA,HND,841950
3739762,15,106,8862,1996,256820.0,0.0,1.9216669999999998,0.659388,AUT,IRL,841950
3739763,18,106,8862,1996,56687.0,1298.0,1.549312,1.273767,BEL,IRL,841950
3739764,39,106,8862,1996,439863.0,0.0,1.155706,1.1127049999999998,CAN,IRL,841950
3739765,41,106,8862,1996,7938.0,11793.0,2.246238,0.603288,CHE,IRL,841950
3739766,61,106,8862,1996,790066.0,45521.0,2.279976,-2.572299,DEU,IRL,841950
3739767,64,106,8862,1996,98049.0,15171.0,1.443514,1.275684,DNK,IRL,841950
3739768,71,106,8862,1996,131070.0,45935.0,1.105317,1.9473,ESP,IRL,841950
3739769,77,106,8862,1996,267065.0,2399.0,1.69082,0.721312,FRA,IRL,841950
3739770,81,106,8862,1996,1605414.0,161884.0,1.850284,0.883084,GBR,IRL,841950
3739771,100,106,8862,1996,0.0,11692.0,0.772706,1.1075270000000002,HRV,IRL,841950
3739772,104,106,8862,1996,0.0,1023.0,0.20685599999999998,2.317622,IND,IRL,841950
3739773,110,106,8862,1996,145849.0,0.0,1.054975,1.072965,ISR,IRL,841950
3739774,111,106,8862,1996,687460.0,65914.0,1.4674690000000001,1.263362,ITA,IRL,841950
3739775,114,106,8862,1996,3505.0,0.0,2.615364,0.5656939999999999,JPN,IRL,841950
3739776,162,106,8862,1996,1045748.0,2099034.0,1.256625,1.803132,NLD,IRL,841950
3739777,174,106,8862,1996,0.0,6801.0,-0.276548,0.344986,PHL,IRL,841950
3739778,179,106,8862,1996,28896.0,0.0,0.39343,1.170144,PRT,IRL,841950
3739779,186,106,8862,1996,0.0,279889.0,0.900185,0.47723000000000004,RUS,IRL,841950
3739780,206,106,8862,1996,0.0,857.0,1.189398,1.29167,SVK,IRL,841950
3739781,208,106,8862,1996,276980.0,4217.0,2.133781,0.9099889999999999,SWE,IRL,841950
3739782,231,106,8862,1996,675483.0,18438.0,1.7110560000000001,1.125141,USA,IRL,841950
3739783,14,110,8862,1996,0.0,33296.0,0.369697,0.78069,AUS,ISR,841950
3739784,15,110,8862,1996,51845.0,0.0,1.9216669999999998,0.659388,AUT,ISR,841950
3739785,18,110,8862,1996,7371.0,111982.0,1.549312,1.273767,BEL,ISR,841950
3739786,39,110,8862,1996,155446.0,39058.0,1.155706,1.1127049999999998,CAN,ISR,841950
3739787,41,110,8862,1996,43219.0,0.0,2.246238,0.603288,CHE,ISR,841950
3739788,43,110,8862,1996,96571.0,453849.0,0.404422,3.061344,CHN,ISR,841950
3739789,58,110,8862,1996,0.0,5297.0,0.20007,0.020590999999999998,CYP,ISR,841950
3739790,61,110,8862,1996,1404446.0,1047489.0,2.279976,-2.572299,DEU,ISR,841950
3739791,64,110,8862,1996,141374.0,0.0,1.443514,1.275684,DNK,ISR,841950
3739792,71,110,8862,1996,200099.0,4681.0,1.105317,1.9473,ESP,ISR,841950
3739793,77,110,8862,1996,1226225.0,55699.0,1.69082,0.721312,FRA,ISR,841950
3739794,81,110,8862,1996,282657.0,115257.0,1.850284,0.883084,GBR,ISR,841950
3739795,90,110,8862,1996,0.0,69427.0,0.271386,1.042608,GRC,ISR,841950
3739796,106,110,8862,1996,0.0,145849.0,1.386011,0.9232100000000001,IRL,ISR,841950
3739797,111,110,8862,1996,1730147.0,44540.0,1.4674690000000001,1.263362,ITA,ISR,841950
3739798,162,110,8862,1996,174829.0,145018.0,1.256625,1.803132,NLD,ISR,841950
3739799,174,110,8862,1996,0.0,354636.0,-0.276548,0.344986,PHL,ISR,841950
3739800,185,110,8862,1996,0.0,22129.0,0.612035,0.880964,ROU,ISR,841950
3739801,186,110,8862,1996,0.0,11573.0,0.900185,0.47723000000000004,RUS,ISR,841950
3739802,208,110,8862,1996,990750.0,0.0,2.133781,0.9099889999999999,SWE,ISR,841950
3739803,224,110,8862,1996,0.0,80337.0,0.156866,1.554023,TUR,ISR,841950
3739804,231,110,8862,1996,1271066.0,380229.0,1.7110560000000001,1.125141,USA,ISR,841950
3739805,249,110,8862,1996,34109.0,0.0,1.432225,1.675389,TWN,ISR,841950
3739806,250,110,8862,1996,247342.0,2002.0,1.084978,0.901755,ANS,ISR,841950
3739807,4,111,8862,1996,0.0,10943.0,-0.309992,-0.039541,ALB,ITA,841950
3739808,6,111,8862,1996,0.0,1061.0,0.29339,-0.572443,ANT,ITA,841950
3739809,7,111,8862,1996,0.0,1361053.0,-0.245358,-0.726695,ARE,ITA,841950
3739810,8,111,8862,1996,0.0,1353988.0,0.167081,0.433612,ARG,ITA,841950
3739811,14,111,8862,1996,855926.0,667168.0,0.369697,0.78069,AUS,ITA,841950
3739812,15,111,8862,1996,5697650.0,6210341.0,1.9216669999999998,0.659388,AUT,ITA,841950
3739813,16,111,8862,1996,0.0,5836.0,0.500442,-0.280796,AZE,ITA,841950
3739814,18,111,8862,1996,626912.0,6792127.0,1.549312,1.273767,BEL,ITA,841950
3739815,22,111,8862,1996,0.0,7625.0,-1.060876,-1.05104,BGD,ITA,841950
3739816,23,111,8862,1996,56749.0,36348.0,0.544265,1.523408,BGR,ITA,841950
3739817,24,111,8862,1996,0.0,2130.0,-0.062207000000000005,-0.840398,BHR,ITA,841950
3739818,31,111,8862,1996,0.0,8722.0,-0.589432,-0.7781,BOL,ITA,841950
3739819,32,111,8862,1996,0.0,2606794.0,0.699658,1.271724,BRA,ITA,841950
3739820,39,111,8862,1996,15609.0,2123244.0,1.155706,1.1127049999999998,CAN,ITA,841950
3739821,41,111,8862,1996,2628944.0,7832519.0,2.246238,0.603288,CHE,ITA,841950
3739822,42,111,8862,1996,0.0,1853382.0,-0.052811000000000004,-0.169464,CHL,ITA,841950
3739823,43,111,8862,1996,3885.0,18519926.0,0.404422,3.061344,CHN,ITA,841950
3739824,44,111,8862,1996,0.0,134558.0,-0.8720459999999999,-0.7904479999999999,CIV,ITA,841950
3739825,45,111,8862,1996,0.0,3730.0,-1.4036309999999999,-1.090633,CMR,ITA,841950
3739826,49,111,8862,1996,0.0,402611.0,0.136487,0.078743,COL,ITA,841950
3739827,54,111,8862,1996,0.0,18510.0,-0.555246,-1.0420479999999999,CUB,ITA,841950
3739828,58,111,8862,1996,0.0,411344.0,0.20007,0.020590999999999998,CYP,ITA,841950
3739829,59,111,8862,1996,0.0,402407.0,1.401181,1.3094709999999998,CZE,ITA,841950
3739830,61,111,8862,1996,32931980.0,36965396.0,2.279976,-2.572299,DEU,ITA,841950
3739831,64,111,8862,1996,2052766.0,3229072.0,1.443514,1.275684,DNK,ITA,841950
3739832,65,111,8862,1996,0.0,2531.0,-0.596093,-0.5602060000000001,DOM,ITA,841950
3739833,66,111,8862,1996,0.0,10963.0,-0.33419699999999997,-1.035736,DZA,ITA,841950
3739834,67,111,8862,1996,0.0,20715.0,-1.1391200000000001,-0.992735,ECU,ITA,841950
3739835,68,111,8862,1996,136116.0,1223742.0,-0.5446409999999999,-0.229586,EGY,ITA,841950
3739836,71,111,8862,1996,2412762.0,10319771.0,1.105317,1.9473,ESP,ITA,841950
3739837,72,111,8862,1996,0.0,1087.0,0.53397,1.0877940000000001,EST,ITA,841950
3739838,73,111,8862,1996,0.0,6035.0,-1.265383,-1.131925,ETH,ITA,841950
3739839,74,111,8862,1996,142641.0,1840204.0,2.0584729999999998,1.006908,FIN,ITA,841950
3739840,75,111,8862,1996,0.0,31779.0,-0.7977,-0.9271879999999999,FJI,ITA,841950
3739841,77,111,8862,1996,18201908.0,26332176.0,1.69082,0.721312,FRA,ITA,841950
3739842,81,111,8862,1996,2063599.0,15933771.0,1.850284,0.883084,GBR,ITA,841950
3739843,83,111,8862,1996,0.0,8851.0,-1.035244,-0.9834129999999999,GHA,ITA,841950
3739844,90,111,8862,1996,5914.0,5107690.0,0.271386,1.042608,GRC,ITA,841950
3739845,97,111,8862,1996,22463.0,780021.0,0.54364,2.727659,HKG,ITA,841950
3739846,100,111,8862,1996,4767.0,778833.0,0.772706,1.1075270000000002,HRV,ITA,841950
3739847,102,111,8862,1996,33899.0,394371.0,0.790036,1.891534,HUN,ITA,841950
3739848,103,111,8862,1996,0.0,15277351.0,-0.43199899999999997,1.22074,IDN,ITA,841950
3739849,104,111,8862,1996,2231.0,16817652.0,0.20685599999999998,2.317622,IND,ITA,841950
3739850,106,111,8862,1996,65914.0,687460.0,1.386011,0.9232100000000001,IRL,ITA,841950
3739851,107,111,8862,1996,0.0,6346258.0,-0.7496649999999999,-1.1173520000000001,IRN,ITA,841950
3739852,109,111,8862,1996,0.0,83710.0,0.003558,-0.551796,ISL,ITA,841950
3739853,110,111,8862,1996,44540.0,1730147.0,1.054975,1.072965,ISR,ITA,841950
3739854,113,111,8862,1996,0.0,3680220.0,0.12203499999999999,-0.41859399999999997,JOR,ITA,841950
3739855,114,111,8862,1996,731599.0,1955738.0,2.615364,0.5656939999999999,JPN,ITA,841950
3739856,116,111,8862,1996,0.0,21775.0,-0.468322,-0.017625,KEN,ITA,841950
3739857,121,111,8862,1996,40733.0,20445292.0,0.8946940000000001,1.240424,KOR,ITA,841950
3739858,122,111,8862,1996,0.0,20535712.0,-0.27174499999999996,-1.098243,KWT,ITA,841950
3739859,124,111,8862,1996,0.0,133668.0,-0.051973,0.002154,LBN,ITA,841950
3739860,126,111,8862,1996,49293.0,1163052.0,-0.588489,-1.138552,LBY,ITA,841950
3739861,130,111,8862,1996,0.0,1471.0,0.40520500000000004,0.9465950000000001,LTU,ITA,841950
3739862,132,111,8862,1996,0.0,39221.0,0.33418600000000004,0.1615,LVA,ITA,841950
3739863,134,111,8862,1996,0.0,117095.0,-0.67314,-0.241242,MAR,ITA,841950
3739864,135,111,8862,1996,0.0,105519.0,0.198427,0.026004000000000003,MDA,ITA,841950
3739865,137,111,8862,1996,0.0,2443.0,-1.107903,-1.016442,MDV,ITA,841950
3739866,138,111,8862,1996,117720.0,1259989.0,0.651949,0.9132170000000001,MEX,ITA,841950
3739867,140,111,8862,1996,0.0,74941.0,0.316133,0.933068,MKD,ITA,841950
3739868,142,111,8862,1996,8527.0,24366.0,0.8825440000000001,0.066541,MLT,ITA,841950
3739869,151,111,8862,1996,0.0,5212.0,-0.538651,-0.746274,MUS,ITA,841950
3739870,153,111,8862,1996,30171.0,8080667.0,0.351774,0.347262,MYS,ITA,841950
3739871,156,111,8862,1996,0.0,5157.0,-0.951583,-0.785157,NCL,ITA,841950
3739872,159,111,8862,1996,0.0,1024288.0,-1.813359,-1.1967,NGA,ITA,841950
3739873,162,111,8862,1996,1640340.0,26136134.0,1.256625,1.803132,NLD,ITA,841950
3739874,163,111,8862,1996,134467.0,4810430.0,1.204869,0.303062,NOR,ITA,841950
3739875,166,111,8862,1996,0.0,820614.0,0.49466099999999996,0.8302879999999999,NZL,ITA,841950
3739876,167,111,8862,1996,0.0,231652.0,-0.10243499999999998,-0.8425879999999999,OMN,ITA,841950
3739877,168,111,8862,1996,0.0,6343118.0,-0.7543300000000001,-0.393654,PAK,ITA,841950
3739878,173,111,8862,1996,0.0,38208.0,-0.43761000000000005,-0.28077399999999997,PER,ITA,841950
3739879,174,111,8862,1996,0.0,8427.0,-0.276548,0.344986,PHL,ITA,841950
3739880,177,111,8862,1996,0.0,15460889.0,0.795489,1.9004729999999999,POL,ITA,841950
3739881,178,111,8862,1996,0.0,150993.0,0.725014,1.20189,PRK,ITA,841950
3739882,179,111,8862,1996,121836.0,1197269.0,0.39343,1.170144,PRT,ITA,841950
3739883,183,111,8862,1996,0.0,18082628.0,-0.48203500000000005,-1.117173,QAT,ITA,841950
3739884,185,111,8862,1996,115168.0,1022130.0,0.612035,0.880964,ROU,ITA,841950
3739885,186,111,8862,1996,0.0,5249694.0,0.900185,0.47723000000000004,RUS,ITA,841950
3739886,187,111,8862,1996,0.0,19921.0,0.07343,-0.520246,RWA,ITA,841950
3739887,188,111,8862,1996,0.0,15682094.0,0.215265,-0.8577309999999999,SAU,ITA,841950
3739888,189,111,8862,1996,0.0,69187.0,0.786293,2.20126,SCG,ITA,841950
3739889,191,111,8862,1996,0.0,49021.0,-0.619785,-0.712171,SEN,ITA,841950
3739890,192,111,8862,1996,304369.0,10226733.0,0.8354299999999999,0.41169799999999995,SGP,ITA,841950
3739891,197,111,8862,1996,0.0,7778.0,-0.24968800000000002,-0.121995,SLV,ITA,841950
3739892,206,111,8862,1996,25791.0,106748.0,1.189398,1.29167,SVK,ITA,841950
3739893,207,111,8862,1996,4852.0,432596.0,1.409184,1.37245,SVN,ITA,841950
3739894,208,111,8862,1996,10138998.0,9890629.0,2.133781,0.9099889999999999,SWE,ITA,841950
3739895,211,111,8862,1996,0.0,58830.0,0.239125,-0.458433,SYC,ITA,841950
3739896,212,111,8862,1996,0.0,62604.0,-1.100666,-0.90038,SYR,ITA,841950
3739897,215,111,8862,1996,0.0,5287.0,-0.9070459999999999,-0.7702399999999999,TGO,ITA,841950
3739898,216,111,8862,1996,1531.0,8704740.0,0.10120599999999999,1.351967,THA,ITA,841950
3739899,223,111,8862,1996,18912.0,3173567.0,-0.28546,-0.089051,TUN,ITA,841950
3739900,224,111,8862,1996,83461.0,5011760.0,0.156866,1.554023,TUR,ITA,841950
3739901,228,111,8862,1996,0.0,132918.0,0.896537,0.9241459999999999,UKR,ITA,841950
3739902,230,111,8862,1996,0.0,79975.0,0.171541,0.313934,URY,ITA,841950
3739903,231,111,8862,1996,1497162.0,13665878.0,1.7110560000000001,1.125141,USA,ITA,841950
3739904,232,111,8862,1996,0.0,55806.0,-0.17393499999999998,-0.727476,UZB,ITA,841950
3739905,236,111,8862,1996,0.0,368873.0,0.07086100000000001,-0.761307,VEN,ITA,841950
3739906,246,111,8862,1996,6272.0,148868.0,0.456593,1.150786,ZAF,ITA,841950
3739907,249,111,8862,1996,732713.0,5850708.0,1.432225,1.675389,TWN,ITA,841950
3739908,250,111,8862,1996,3626.0,15042.0,1.084978,0.901755,ANS,ITA,841950
3739909,14,121,8862,1996,97384.0,1473085.0,0.369697,0.78069,AUS,KOR,841950
3739910,15,121,8862,1996,149209.0,0.0,1.9216669999999998,0.659388,AUT,KOR,841950
3739911,18,121,8862,1996,369721.0,10976.0,1.549312,1.273767,BEL,KOR,841950
3739912,22,121,8862,1996,0.0,3060.0,-1.060876,-1.05104,BGD,KOR,841950
3739913,24,121,8862,1996,0.0,102069.0,-0.062207000000000005,-0.840398,BHR,KOR,841950
3739914,32,121,8862,1996,38198.0,1038.0,0.699658,1.271724,BRA,KOR,841950
3739915,39,121,8862,1996,1865601.0,0.0,1.155706,1.1127049999999998,CAN,KOR,841950
3739916,41,121,8862,1996,153287.0,6952.0,2.246238,0.603288,CHE,KOR,841950
3739917,42,121,8862,1996,0.0,41127.0,-0.052811000000000004,-0.169464,CHL,KOR,841950
3739918,43,121,8862,1996,618076.0,2513065.0,0.404422,3.061344,CHN,KOR,841950
3739919,61,121,8862,1996,15852513.0,26313.0,2.279976,-2.572299,DEU,KOR,841950
3739920,64,121,8862,1996,1787637.0,8856.0,1.443514,1.275684,DNK,KOR,841950
3739921,71,121,8862,1996,1360132.0,0.0,1.105317,1.9473,ESP,KOR,841950
3739922,74,121,8862,1996,547448.0,0.0,2.0584729999999998,1.006908,FIN,KOR,841950
3739923,77,121,8862,1996,11995505.0,0.0,1.69082,0.721312,FRA,KOR,841950
3739924,81,121,8862,1996,1384336.0,713238.0,1.850284,0.883084,GBR,KOR,841950
3739925,103,121,8862,1996,298862.0,3062010.0,-0.43199899999999997,1.22074,IDN,KOR,841950
3739926,104,121,8862,1996,0.0,355861.0,0.20685599999999998,2.317622,IND,KOR,841950
3739927,111,121,8862,1996,20445292.0,40733.0,1.4674690000000001,1.263362,ITA,KOR,841950
3739928,114,121,8862,1996,45159848.0,5158310.0,2.615364,0.5656939999999999,JPN,KOR,841950
3739929,115,121,8862,1996,0.0,5658.0,0.48902799999999996,0.154932,KAZ,KOR,841950
3739930,153,121,8862,1996,677274.0,171526.0,0.351774,0.347262,MYS,KOR,841950
3739931,162,121,8862,1996,841362.0,4291973.0,1.256625,1.803132,NLD,KOR,841950
3739932,163,121,8862,1996,427283.0,0.0,1.204869,0.303062,NOR,KOR,841950
3739933,168,121,8862,1996,0.0,315701.0,-0.7543300000000001,-0.393654,PAK,KOR,841950
3739934,174,121,8862,1996,0.0,257206.0,-0.276548,0.344986,PHL,KOR,841950
3739935,177,121,8862,1996,470030.0,0.0,0.795489,1.9004729999999999,POL,KOR,841950
3739936,186,121,8862,1996,2255.0,557171.0,0.900185,0.47723000000000004,RUS,KOR,841950
3739937,188,121,8862,1996,0.0,1039.0,0.215265,-0.8577309999999999,SAU,KOR,841950
3739938,192,121,8862,1996,140228.0,635672.0,0.8354299999999999,0.41169799999999995,SGP,KOR,841950
3739939,208,121,8862,1996,666541.0,14281.0,2.133781,0.9099889999999999,SWE,KOR,841950
3739940,216,121,8862,1996,0.0,19511978.0,0.10120599999999999,1.351967,THA,KOR,841950
3739941,224,121,8862,1996,0.0,8480.0,0.156866,1.554023,TUR,KOR,841950
3739942,231,121,8862,1996,24448428.0,24807.0,1.7110560000000001,1.125141,USA,KOR,841950
3739943,239,121,8862,1996,0.0,103457.0,-0.9336469999999999,-0.10985199999999999,VNM,KOR,841950
3739944,249,121,8862,1996,4889.0,124209.0,1.432225,1.675389,TWN,KOR,841950
3739945,8,138,8862,1996,14664.0,709536.0,0.167081,0.433612,ARG,MEX,841950
3739946,14,138,8862,1996,3479.0,87965.0,0.369697,0.78069,AUS,MEX,841950
3739947,15,138,8862,1996,1000.0,3615.0,1.9216669999999998,0.659388,AUT,MEX,841950
3739948,18,138,8862,1996,14734.0,2157.0,1.549312,1.273767,BEL,MEX,841950
3739949,29,138,8862,1996,254.0,0.0,-0.341173,-0.670063,BLZ,MEX,841950
3739950,32,138,8862,1996,238192.0,1132400.0,0.699658,1.271724,BRA,MEX,841950
3739951,39,138,8862,1996,77707.0,63534.0,1.155706,1.1127049999999998,CAN,MEX,841950
3739952,41,138,8862,1996,9059.0,0.0,2.246238,0.603288,CHE,MEX,841950
3739953,42,138,8862,1996,37592.0,2461.0,-0.052811000000000004,-0.169464,CHL,MEX,841950
3739954,43,138,8862,1996,0.0,4644258.0,0.404422,3.061344,CHN,MEX,841950
3739955,49,138,8862,1996,0.0,272093.0,0.136487,0.078743,COL,MEX,841950
3739956,52,138,8862,1996,0.0,58157.0,-0.34219499999999997,0.12221900000000001,CRI,MEX,841950
3739957,54,138,8862,1996,0.0,18140.0,-0.555246,-1.0420479999999999,CUB,MEX,841950
3739958,61,138,8862,1996,930390.0,0.0,2.279976,-2.572299,DEU,MEX,841950
3739959,64,138,8862,1996,10519.0,0.0,1.443514,1.275684,DNK,MEX,841950
3739960,71,138,8862,1996,584200.0,0.0,1.105317,1.9473,ESP,MEX,841950
3739961,74,138,8862,1996,19047.0,0.0,2.0584729999999998,1.006908,FIN,MEX,841950
3739962,77,138,8862,1996,165079.0,0.0,1.69082,0.721312,FRA,MEX,841950
3739963,81,138,8862,1996,1964.0,4858.0,1.850284,0.883084,GBR,MEX,841950
3739964,93,138,8862,1996,0.0,1171.0,-0.332901,0.23790300000000003,GTM,MEX,841950
3739965,99,138,8862,1996,0.0,11238.0,-0.69357,-0.48721400000000004,HND,MEX,841950
3739966,111,138,8862,1996,1259989.0,117720.0,1.4674690000000001,1.263362,ITA,MEX,841950
3739967,114,138,8862,1996,239366.0,0.0,2.615364,0.5656939999999999,JPN,MEX,841950
3739968,162,138,8862,1996,0.0,36923.0,1.256625,1.803132,NLD,MEX,841950
3739969,169,138,8862,1996,0.0,14858.0,-0.100537,-0.374129,PAN,MEX,841950
3739970,208,138,8862,1996,945531.0,0.0,2.133781,0.9099889999999999,SWE,MEX,841950
3739971,216,138,8862,1996,1176.0,0.0,0.10120599999999999,1.351967,THA,MEX,841950
3739972,222,138,8862,1996,0.0,32574.0,0.19111,-0.488382,TTO,MEX,841950
3739973,231,138,8862,1996,12007933.0,1542351.0,1.7110560000000001,1.125141,USA,MEX,841950
3739974,236,138,8862,1996,2935.0,140379.0,0.07086100000000001,-0.761307,VEN,MEX,841950
3739975,250,138,8862,1996,17048.0,0.0,1.084978,0.901755,ANS,MEX,841950
3739976,7,153,8862,1996,0.0,28402.0,-0.245358,-0.726695,ARE,MYS,841950
3739977,14,153,8862,1996,192100.0,1591461.0,0.369697,0.78069,AUS,MYS,841950
3739978,15,153,8862,1996,30549.0,0.0,1.9216669999999998,0.659388,AUT,MYS,841950
3739979,18,153,8862,1996,51048.0,0.0,1.549312,1.273767,BEL,MYS,841950
3739980,22,153,8862,1996,0.0,64376.0,-1.060876,-1.05104,BGD,MYS,841950
3739981,39,153,8862,1996,217507.0,0.0,1.155706,1.1127049999999998,CAN,MYS,841950
3739982,41,153,8862,1996,46613.0,0.0,2.246238,0.603288,CHE,MYS,841950
3739983,43,153,8862,1996,406149.0,393607.0,0.404422,3.061344,CHN,MYS,841950
3739984,61,153,8862,1996,4369863.0,71559.0,2.279976,-2.572299,DEU,MYS,841950
3739985,64,153,8862,1996,51706.0,0.0,1.443514,1.275684,DNK,MYS,841950
3739986,68,153,8862,1996,0.0,19358.0,-0.5446409999999999,-0.229586,EGY,MYS,841950
3739987,71,153,8862,1996,30827.0,0.0,1.105317,1.9473,ESP,MYS,841950
3739988,74,153,8862,1996,84619.0,3557.0,2.0584729999999998,1.006908,FIN,MYS,841950
3739989,77,153,8862,1996,5333646.0,114236.0,1.69082,0.721312,FRA,MYS,841950
3739990,81,153,8862,1996,368384.0,192415.0,1.850284,0.883084,GBR,MYS,841950
3739991,97,153,8862,1996,183172.0,158360.0,0.54364,2.727659,HKG,MYS,841950
3739992,103,153,8862,1996,87239.0,643189.0,-0.43199899999999997,1.22074,IDN,MYS,841950
3739993,104,153,8862,1996,186149.0,102470.0,0.20685599999999998,2.317622,IND,MYS,841950
3739994,111,153,8862,1996,8080667.0,30171.0,1.4674690000000001,1.263362,ITA,MYS,841950
3739995,114,153,8862,1996,13663315.0,25754.0,2.615364,0.5656939999999999,JPN,MYS,841950
3739996,118,153,8862,1996,0.0,63744.0,-1.110741,-1.089434,KHM,MYS,841950
3739997,121,153,8862,1996,171526.0,677274.0,0.8946940000000001,1.240424,KOR,MYS,841950
3739998,128,153,8862,1996,0.0,51240.0,-0.812763,-0.188722,LKA,MYS,841950
