2089999,223,121,1279,1995,0.0,58489.0,-0.253792,-0.044331,TUN,KOR,5503
2090000,224,121,1279,1995,0.0,10664013.0,0.166794,1.209066,TUR,KOR,5503
2090001,226,121,1279,1995,0.0,43397.0,-1.219949,-0.8698969999999999,TZA,KOR,5503
2090002,231,121,1279,1995,11167339.0,121259978.0,1.771648,1.184,USA,KOR,5503
2090003,236,121,1279,1995,0.0,160213.0,0.299294,-0.635474,VEN,KOR,5503
2090004,239,121,1279,1995,0.0,20620748.0,-1.0462069999999999,-0.269063,VNM,KOR,5503
2090005,246,121,1279,1995,0.0,3925069.0,0.468112,1.039817,ZAF,KOR,5503
2090006,247,121,1279,1995,0.0,6167.0,-0.214763,-0.721675,ZMB,KOR,5503
2090007,249,121,1279,1995,102782.0,7684820.0,1.345205,1.9337389999999999,TWN,KOR,5503
2090008,250,121,1279,1995,2172.0,1107.0,1.034518,0.9735149999999999,ANS,KOR,5503
2090009,0,138,1279,1995,31660.0,0.0,-0.502999,-0.713013,ABW,MEX,5503
2090010,7,138,1279,1995,0.0,805386.0,-0.205166,-0.6132380000000001,ARE,MEX,5503
2090011,8,138,1279,1995,0.0,661066.0,0.245885,0.5489850000000001,ARG,MEX,5503
2090012,14,138,1279,1995,0.0,93498.0,0.44442,0.789292,AUS,MEX,5503
2090013,18,138,1279,1995,9795.0,222122.0,1.615588,1.394102,BEL,MEX,5503
2090014,31,138,1279,1995,0.0,988607.0,-0.440583,-0.688389,BOL,MEX,5503
2090015,32,138,1279,1995,45373.0,10404845.0,0.687171,1.188647,BRA,MEX,5503
2090016,39,138,1279,1995,3232956.0,706237.0,1.077804,1.0724200000000002,CAN,MEX,5503
2090017,41,138,1279,1995,40420.0,481296.0,2.1893029999999998,0.82765,CHE,MEX,5503
2090018,42,138,1279,1995,0.0,1732896.0,-0.073436,-0.192675,CHL,MEX,5503
2090019,43,138,1279,1995,0.0,17232208.0,0.387897,3.2147919999999996,CHN,MEX,5503
2090020,49,138,1279,1995,0.0,536141.0,0.094335,0.13047999999999998,COL,MEX,5503
2090021,52,138,1279,1995,0.0,375214.0,-0.30094699999999996,-0.046285,CRI,MEX,5503
2090022,54,138,1279,1995,0.0,1222800.0,-0.315644,-0.8812110000000001,CUB,MEX,5503
2090023,57,138,1279,1995,0.0,3012.0,1.277032,0.064205,CYM,MEX,5503
2090024,61,138,1279,1995,116869.0,144121.0,2.325385,-2.2238189999999998,DEU,MEX,5503
2090025,63,138,1279,1995,0.0,16134.0,0.803902,0.307064,DMA,MEX,5503
2090026,64,138,1279,1995,703763.0,0.0,1.3800270000000001,1.489036,DNK,MEX,5503
2090027,66,138,1279,1995,0.0,1157585.0,-0.555409,-1.037972,DZA,MEX,5503
2090028,67,138,1279,1995,0.0,1587359.0,-0.948154,-0.9595790000000001,ECU,MEX,5503
2090029,68,138,1279,1995,0.0,261969.0,-0.340042,-0.085601,EGY,MEX,5503
2090030,71,138,1279,1995,511487.0,616412.0,1.144247,1.933844,ESP,MEX,5503
2090031,77,138,1279,1995,42084.0,0.0,1.768484,0.765537,FRA,MEX,5503
2090032,81,138,1279,1995,33954.0,94832.0,1.8656979999999999,1.107121,GBR,MEX,5503
2090033,93,138,1279,1995,853.0,1577757.0,-0.241468,0.170932,GTM,MEX,5503
2090034,97,138,1279,1995,0.0,360470.0,0.5244449999999999,2.682738,HKG,MEX,5503
2090035,99,138,1279,1995,0.0,61943.0,-0.765536,-0.668834,HND,MEX,5503
2090036,103,138,1279,1995,0.0,229806.0,-0.391727,1.174727,IDN,MEX,5503
2090037,104,138,1279,1995,0.0,733300.0,0.156183,1.9617380000000002,IND,MEX,5503
2090038,106,138,1279,1995,0.0,688033.0,1.349192,0.992099,IRL,MEX,5503
2090039,107,138,1279,1995,0.0,1965212.0,-0.821991,-1.071013,IRN,MEX,5503
2090040,110,138,1279,1995,0.0,10157.0,1.205368,1.189434,ISR,MEX,5503
2090041,111,138,1279,1995,30083.0,1664892.0,1.503379,1.449094,ITA,MEX,5503
2090042,114,138,1279,1995,1073897.0,0.0,2.56822,0.927307,JPN,MEX,5503
2090043,116,138,1279,1995,0.0,257816.0,-0.303773,0.111305,KEN,MEX,5503
2090044,121,138,1279,1995,32524.0,3462381.0,0.845175,1.2761799999999999,KOR,MEX,5503
2090045,134,138,1279,1995,0.0,787073.0,-0.6481210000000001,-0.22345,MAR,MEX,5503
2090046,142,138,1279,1995,0.0,45472.0,0.842519,0.11882899999999999,MLT,MEX,5503
2090047,162,138,1279,1995,3005.0,181379.0,1.304391,1.8819119999999998,NLD,MEX,5503
2090048,173,138,1279,1995,23679.0,747255.0,-0.263859,-0.21032800000000001,PER,MEX,5503
2090049,177,138,1279,1995,0.0,215501.0,0.76393,1.802648,POL,MEX,5503
2090050,188,138,1279,1995,0.0,14720.0,0.401573,-0.6676529999999999,SAU,MEX,5503
2090051,192,138,1279,1995,27369.0,24224.0,0.747684,0.4745,SGP,MEX,5503
2090052,197,138,1279,1995,0.0,3626612.0,-0.17119600000000001,0.027889999999999998,SLV,MEX,5503
2090053,208,138,1279,1995,0.0,6037.0,2.246997,1.060171,SWE,MEX,5503
2090054,216,138,1279,1995,0.0,208169.0,0.174522,1.608058,THA,MEX,5503
2090055,223,138,1279,1995,0.0,817770.0,-0.253792,-0.044331,TUN,MEX,5503
2090056,224,138,1279,1995,0.0,300710.0,0.166794,1.209066,TUR,MEX,5503
2090057,230,138,1279,1995,0.0,173320.0,0.45133900000000005,0.50831,URY,MEX,5503
2090058,231,138,1279,1995,34477930.0,108913658.0,1.771648,1.184,USA,MEX,5503
2090059,236,138,1279,1995,0.0,2569954.0,0.299294,-0.635474,VEN,MEX,5503
2090060,246,138,1279,1995,0.0,71766.0,0.468112,1.039817,ZAF,MEX,5503
2090061,249,138,1279,1995,1661.0,0.0,1.345205,1.9337389999999999,TWN,MEX,5503
2090062,14,153,1279,1995,12956.0,276968.0,0.44442,0.789292,AUS,MYS,5503
2090063,15,153,1279,1995,66675.0,0.0,2.000295,0.661255,AUT,MYS,5503
2090064,18,153,1279,1995,524662.0,0.0,1.615588,1.394102,BEL,MYS,5503
2090065,32,153,1279,1995,19692.0,340360.0,0.687171,1.188647,BRA,MYS,5503
2090066,34,153,1279,1995,0.0,15328.0,-0.979701,-0.85456,BRN,MYS,5503
2090067,39,153,1279,1995,394850.0,0.0,1.077804,1.0724200000000002,CAN,MYS,5503
2090068,43,153,1279,1995,108200.0,14122021.0,0.387897,3.2147919999999996,CHN,MYS,5503
2090069,61,153,1279,1995,48568.0,32481.0,2.325385,-2.2238189999999998,DEU,MYS,5503
2090070,64,153,1279,1995,104420.0,0.0,1.3800270000000001,1.489036,DNK,MYS,5503
2090071,77,153,1279,1995,121354.0,9997.0,1.768484,0.765537,FRA,MYS,5503
2090072,81,153,1279,1995,480188.0,0.0,1.8656979999999999,1.107121,GBR,MYS,5503
2090073,97,153,1279,1995,251679.0,7188396.0,0.5244449999999999,2.682738,HKG,MYS,5503
2090074,103,153,1279,1995,986466.0,18008488.0,-0.391727,1.174727,IDN,MYS,5503
2090075,104,153,1279,1995,367454.0,1196883.0,0.156183,1.9617380000000002,IND,MYS,5503
2090076,111,153,1279,1995,0.0,203572.0,1.503379,1.449094,ITA,MYS,5503
2090077,114,153,1279,1995,35602269.0,2738.0,2.56822,0.927307,JPN,MYS,5503
2090078,121,153,1279,1995,1334135.0,0.0,0.845175,1.2761799999999999,KOR,MYS,5503
2090079,133,153,1279,1995,0.0,45134.0,-0.149794,-0.26961799999999997,MAC,MYS,5503
2090080,151,153,1279,1995,0.0,3062.0,-0.432644,-0.574298,MUS,MYS,5503
2090081,162,153,1279,1995,34624.0,0.0,1.304391,1.8819119999999998,NLD,MYS,5503
2090082,174,153,1279,1995,0.0,3487192.0,-0.480548,0.076564,PHL,MYS,5503
2090083,188,153,1279,1995,0.0,172390.0,0.401573,-0.6676529999999999,SAU,MYS,5503
2090084,192,153,1279,1995,1379816.0,1205343.0,0.747684,0.4745,SGP,MYS,5503
2090085,216,153,1279,1995,62284.0,1990764.0,0.174522,1.608058,THA,MYS,5503
2090086,231,153,1279,1995,917570.0,298689.0,1.771648,1.184,USA,MYS,5503
2090087,239,153,1279,1995,0.0,1879270.0,-1.0462069999999999,-0.269063,VNM,MYS,5503
2090088,246,153,1279,1995,61847.0,232501.0,0.468112,1.039817,ZAF,MYS,5503
2090089,249,153,1279,1995,40769514.0,0.0,1.345205,1.9337389999999999,TWN,MYS,5503
2090090,14,162,1279,1995,0.0,481578.0,0.44442,0.789292,AUS,NLD,5503
2090091,15,162,1279,1995,3097488.0,1831043.0,2.000295,0.661255,AUT,NLD,5503
2090092,18,162,1279,1995,11478955.0,3906933.0,1.615588,1.394102,BEL,NLD,5503
2090093,28,162,1279,1995,2560412.0,0.0,0.5290279999999999,0.27031700000000003,BLR,NLD,5503
2090094,32,162,1279,1995,0.0,1007.0,0.687171,1.188647,BRA,NLD,5503
2090095,39,162,1279,1995,0.0,1304548.0,1.077804,1.0724200000000002,CAN,NLD,5503
2090096,41,162,1279,1995,652788.0,183449.0,2.1893029999999998,0.82765,CHE,NLD,5503
2090097,43,162,1279,1995,8860.0,610150.0,0.387897,3.2147919999999996,CHN,NLD,5503
2090098,58,162,1279,1995,0.0,32768.0,0.263764,0.030358999999999997,CYP,NLD,5503
2090099,59,162,1279,1995,9796.0,504976.0,1.375091,1.628069,CZE,NLD,5503
2090100,61,162,1279,1995,29739007.0,39273469.0,2.325385,-2.2238189999999998,DEU,NLD,5503
2090101,64,162,1279,1995,15459958.0,1174220.0,1.3800270000000001,1.489036,DNK,NLD,5503
2090102,68,162,1279,1995,112734.0,0.0,-0.340042,-0.085601,EGY,NLD,5503
2090103,71,162,1279,1995,1646986.0,1156592.0,1.144247,1.933844,ESP,NLD,5503
2090104,72,162,1279,1995,10262.0,155339.0,0.530041,1.134288,EST,NLD,5503
2090105,74,162,1279,1995,0.0,2285206.0,2.0085740000000003,1.126816,FIN,NLD,5503
2090106,77,162,1279,1995,2813113.0,4409643.0,1.768484,0.765537,FRA,NLD,5503
2090107,81,162,1279,1995,1659836.0,5091897.0,1.8656979999999999,1.107121,GBR,NLD,5503
2090108,90,162,1279,1995,0.0,130260.0,0.17369,0.885756,GRC,NLD,5503
2090109,97,162,1279,1995,0.0,294663.0,0.5244449999999999,2.682738,HKG,NLD,5503
2090110,100,162,1279,1995,23650.0,23281.0,0.75325,1.395715,HRV,NLD,5503
2090111,102,162,1279,1995,1836.0,208856.0,0.878711,1.8200060000000002,HUN,NLD,5503
2090112,104,162,1279,1995,5795.0,242554.0,0.156183,1.9617380000000002,IND,NLD,5503
2090113,106,162,1279,1995,2148523.0,98863.0,1.349192,0.992099,IRL,NLD,5503
2090114,110,162,1279,1995,0.0,463672.0,1.205368,1.189434,ISR,NLD,5503
2090115,111,162,1279,1995,5703188.0,3135353.0,1.503379,1.449094,ITA,NLD,5503
2090116,113,162,1279,1995,64098.0,0.0,0.666542,0.326785,JOR,NLD,5503
2090117,114,162,1279,1995,7398518.0,839662.0,2.56822,0.927307,JPN,NLD,5503
2090118,121,162,1279,1995,682272.0,221505.0,0.845175,1.2761799999999999,KOR,NLD,5503
2090119,130,162,1279,1995,0.0,34957.0,0.41220500000000004,0.966966,LTU,NLD,5503
2090120,132,162,1279,1995,149734.0,0.0,0.25453400000000004,0.174809,LVA,NLD,5503
2090121,134,162,1279,1995,2099.0,529906.0,-0.6481210000000001,-0.22345,MAR,NLD,5503
2090122,138,162,1279,1995,181379.0,3005.0,0.6414300000000001,0.9697520000000001,MEX,NLD,5503
2090123,140,162,1279,1995,0.0,1590.0,0.34174,0.648467,MKD,NLD,5503
2090124,153,162,1279,1995,0.0,34624.0,0.357745,0.374284,MYS,NLD,5503
2090125,159,162,1279,1995,182282.0,0.0,-2.108206,-1.2017520000000002,NGA,NLD,5503
2090126,163,162,1279,1995,4722.0,694279.0,1.019741,0.394241,NOR,NLD,5503
2090127,166,162,1279,1995,0.0,112616.0,0.5558270000000001,0.773271,NZL,NLD,5503
2090128,177,162,1279,1995,0.0,31338.0,0.76393,1.802648,POL,NLD,5503
2090129,179,162,1279,1995,7392.0,717419.0,0.412677,1.254009,PRT,NLD,5503
2090130,185,162,1279,1995,28715.0,9134.0,0.621468,1.038729,ROU,NLD,5503
2090131,186,162,1279,1995,242197.0,0.0,0.364437,0.171494,RUS,NLD,5503
2090132,188,162,1279,1995,0.0,44701.0,0.401573,-0.6676529999999999,SAU,NLD,5503
2090133,192,162,1279,1995,0.0,657398.0,0.747684,0.4745,SGP,NLD,5503
2090134,206,162,1279,1995,13789.0,0.0,1.2249780000000001,1.405585,SVK,NLD,5503
2090135,207,162,1279,1995,0.0,2323.0,1.424606,1.490521,SVN,NLD,5503
2090136,208,162,1279,1995,2619074.0,1044522.0,2.246997,1.060171,SWE,NLD,5503
2090137,216,162,1279,1995,164212.0,0.0,0.174522,1.608058,THA,NLD,5503
2090138,223,162,1279,1995,0.0,247670.0,-0.253792,-0.044331,TUN,NLD,5503
2090139,224,162,1279,1995,81896.0,36848.0,0.166794,1.209066,TUR,NLD,5503
2090140,231,162,1279,1995,3156561.0,748813.0,1.771648,1.184,USA,NLD,5503
2090141,236,162,1279,1995,0.0,4994.0,0.299294,-0.635474,VEN,NLD,5503
2090142,246,162,1279,1995,0.0,105961.0,0.468112,1.039817,ZAF,NLD,5503
2090143,249,162,1279,1995,679919.0,0.0,1.345205,1.9337389999999999,TWN,NLD,5503
2090144,14,163,1279,1995,5314.0,0.0,0.44442,0.789292,AUS,NOR,5503
2090145,15,163,1279,1995,427836.0,23876.0,2.000295,0.661255,AUT,NOR,5503
2090146,18,163,1279,1995,16629.0,0.0,1.615588,1.394102,BEL,NOR,5503
2090147,41,163,1279,1995,24306.0,0.0,2.1893029999999998,0.82765,CHE,NOR,5503
2090148,43,163,1279,1995,0.0,108447.0,0.387897,3.2147919999999996,CHN,NOR,5503
2090149,59,163,1279,1995,6589.0,0.0,1.375091,1.628069,CZE,NOR,5503
2090150,61,163,1279,1995,2181564.0,12820.0,2.325385,-2.2238189999999998,DEU,NOR,5503
2090151,64,163,1279,1995,320479.0,56796.0,1.3800270000000001,1.489036,DNK,NOR,5503
2090152,71,163,1279,1995,8198.0,0.0,1.144247,1.933844,ESP,NOR,5503
2090153,74,163,1279,1995,0.0,5129.0,2.0085740000000003,1.126816,FIN,NOR,5503
2090154,77,163,1279,1995,12049.0,4147.0,1.768484,0.765537,FRA,NOR,5503
2090155,78,163,1279,1995,0.0,1694.0,-0.8247260000000001,-0.791759,FRO,NOR,5503
2090156,81,163,1279,1995,1688479.0,121062.0,1.8656979999999999,1.107121,GBR,NOR,5503
2090157,106,163,1279,1995,41851.0,0.0,1.349192,0.992099,IRL,NOR,5503
2090158,107,163,1279,1995,3105.0,0.0,-0.821991,-1.071013,IRN,NOR,5503
2090159,111,163,1279,1995,200237.0,0.0,1.503379,1.449094,ITA,NOR,5503
2090160,114,163,1279,1995,587853.0,0.0,2.56822,0.927307,JPN,NOR,5503
2090161,121,163,1279,1995,434114.0,0.0,0.845175,1.2761799999999999,KOR,NOR,5503
2090162,162,163,1279,1995,694279.0,4722.0,1.304391,1.8819119999999998,NLD,NOR,5503
2090163,206,163,1279,1995,42015.0,0.0,1.2249780000000001,1.405585,SVK,NOR,5503
2090164,208,163,1279,1995,58667.0,25932.0,2.246997,1.060171,SWE,NOR,5503
2090165,216,163,1279,1995,19659.0,0.0,0.174522,1.608058,THA,NOR,5503
2090166,231,163,1279,1995,101201.0,0.0,1.771648,1.184,USA,NOR,5503
2090167,246,163,1279,1995,37794.0,0.0,0.468112,1.039817,ZAF,NOR,5503
2090168,249,163,1279,1995,1397183.0,0.0,1.345205,1.9337389999999999,TWN,NOR,5503
2090169,49,169,1279,1995,2476.0,0.0,0.094335,0.13047999999999998,COL,PAN,5503
2090170,67,169,1279,1995,0.0,7078.0,-0.948154,-0.9595790000000001,ECU,PAN,5503
2090171,87,169,1279,1995,0.0,30517.0,-0.605221,-0.700982,GMB,PAN,5503
2090172,197,169,1279,1995,1258.0,0.0,-0.17119600000000001,0.027889999999999998,SLV,PAN,5503
2090173,231,169,1279,1995,58110.0,0.0,1.771648,1.184,USA,PAN,5503
2090174,31,173,1279,1995,0.0,422580.0,-0.440583,-0.688389,BOL,PER,5503
2090175,32,173,1279,1995,29709.0,0.0,0.687171,1.188647,BRA,PER,5503
2090176,42,173,1279,1995,0.0,1681216.0,-0.073436,-0.192675,CHL,PER,5503
2090177,43,173,1279,1995,0.0,2882102.0,0.387897,3.2147919999999996,CHN,PER,5503
2090178,49,173,1279,1995,9418062.0,2451845.0,0.094335,0.13047999999999998,COL,PER,5503
2090179,52,173,1279,1995,0.0,41043.0,-0.30094699999999996,-0.046285,CRI,PER,5503
2090180,61,173,1279,1995,220107.0,990.0,2.325385,-2.2238189999999998,DEU,PER,5503
2090181,67,173,1279,1995,0.0,536540.0,-0.948154,-0.9595790000000001,ECU,PER,5503
2090182,71,173,1279,1995,23184.0,0.0,1.144247,1.933844,ESP,PER,5503
2090183,81,173,1279,1995,101346.0,0.0,1.8656979999999999,1.107121,GBR,PER,5503
2090184,93,173,1279,1995,0.0,27008.0,-0.241468,0.170932,GTM,PER,5503
2090185,97,173,1279,1995,8185.0,544542.0,0.5244449999999999,2.682738,HKG,PER,5503
2090186,111,173,1279,1995,118715.0,0.0,1.503379,1.449094,ITA,PER,5503
2090187,121,173,1279,1995,53939.0,0.0,0.845175,1.2761799999999999,KOR,PER,5503
2090188,138,173,1279,1995,747255.0,23679.0,0.6414300000000001,0.9697520000000001,MEX,PER,5503
2090189,179,173,1279,1995,151200.0,0.0,0.412677,1.254009,PRT,PER,5503
2090190,231,173,1279,1995,68278.0,0.0,1.771648,1.184,USA,PER,5503
2090191,236,173,1279,1995,112703.0,1149478.0,0.299294,-0.635474,VEN,PER,5503
2090192,249,173,1279,1995,83585.0,0.0,1.345205,1.9337389999999999,TWN,PER,5503
2090193,15,177,1279,1995,176979.0,0.0,2.000295,0.661255,AUT,POL,5503
2090194,18,177,1279,1995,36269.0,2049054.0,1.615588,1.394102,BEL,POL,5503
2090195,28,177,1279,1995,5937912.0,0.0,0.5290279999999999,0.27031700000000003,BLR,POL,5503
2090196,41,177,1279,1995,130484.0,0.0,2.1893029999999998,0.82765,CHE,POL,5503
2090197,59,177,1279,1995,1391633.0,591715.0,1.375091,1.628069,CZE,POL,5503
2090198,61,177,1279,1995,3229659.0,6237302.0,2.325385,-2.2238189999999998,DEU,POL,5503
2090199,64,177,1279,1995,0.0,1135854.0,1.3800270000000001,1.489036,DNK,POL,5503
2090200,71,177,1279,1995,180660.0,66340.0,1.144247,1.933844,ESP,POL,5503
2090201,77,177,1279,1995,112049.0,27504.0,1.768484,0.765537,FRA,POL,5503
2090202,81,177,1279,1995,525169.0,9005470.0,1.8656979999999999,1.107121,GBR,POL,5503
2090203,102,177,1279,1995,4567216.0,555786.0,0.878711,1.8200060000000002,HUN,POL,5503
2090204,106,177,1279,1995,524282.0,352053.0,1.349192,0.992099,IRL,POL,5503
2090205,111,177,1279,1995,4930314.0,846436.0,1.503379,1.449094,ITA,POL,5503
2090206,114,177,1279,1995,245443.0,0.0,2.56822,0.927307,JPN,POL,5503
2090207,121,177,1279,1995,185701.0,0.0,0.845175,1.2761799999999999,KOR,POL,5503
2090208,130,177,1279,1995,113886.0,129286.0,0.41220500000000004,0.966966,LTU,POL,5503
2090209,132,177,1279,1995,691.0,0.0,0.25453400000000004,0.174809,LVA,POL,5503
2090210,138,177,1279,1995,215501.0,0.0,0.6414300000000001,0.9697520000000001,MEX,POL,5503
2090211,162,177,1279,1995,31338.0,0.0,1.304391,1.8819119999999998,NLD,POL,5503
2090212,179,177,1279,1995,0.0,1186.0,0.412677,1.254009,PRT,POL,5503
2090213,185,177,1279,1995,0.0,133416.0,0.621468,1.038729,ROU,POL,5503
2090214,186,177,1279,1995,129463.0,0.0,0.364437,0.171494,RUS,POL,5503
2090215,206,177,1279,1995,752063.0,80918.0,1.2249780000000001,1.405585,SVK,POL,5503
2090216,207,177,1279,1995,0.0,91397.0,1.424606,1.490521,SVN,POL,5503
2090217,208,177,1279,1995,2615.0,75324.0,2.246997,1.060171,SWE,POL,5503
2090218,216,177,1279,1995,2987.0,0.0,0.174522,1.608058,THA,POL,5503
2090219,224,177,1279,1995,184355.0,212513.0,0.166794,1.209066,TUR,POL,5503
2090220,231,177,1279,1995,968994.0,0.0,1.771648,1.184,USA,POL,5503
2090221,250,177,1279,1995,490993.0,85710.0,1.034518,0.9735149999999999,ANS,POL,5503
2090222,2,179,1279,1995,0.0,3960.0,-2.2342459999999997,-1.1147639999999999,AGO,PRT,5503
2090223,14,179,1279,1995,0.0,156128.0,0.44442,0.789292,AUS,PRT,5503
2090224,15,179,1279,1995,214288.0,0.0,2.000295,0.661255,AUT,PRT,5503
2090225,18,179,1279,1995,1029167.0,17350.0,1.615588,1.394102,BEL,PRT,5503
2090226,28,179,1279,1995,31494.0,0.0,0.5290279999999999,0.27031700000000003,BLR,PRT,5503
2090227,41,179,1279,1995,153387.0,54774.0,2.1893029999999998,0.82765,CHE,PRT,5503
2090228,42,179,1279,1995,0.0,506982.0,-0.073436,-0.192675,CHL,PRT,5503
2090229,43,179,1279,1995,46835.0,567470.0,0.387897,3.2147919999999996,CHN,PRT,5503
2090230,45,179,1279,1995,0.0,251521.0,-1.121716,-0.9758020000000001,CMR,PRT,5503
2090231,61,179,1279,1995,3206854.0,64177.0,2.325385,-2.2238189999999998,DEU,PRT,5503
2090232,64,179,1279,1995,63612.0,346125.0,1.3800270000000001,1.489036,DNK,PRT,5503
2090233,66,179,1279,1995,0.0,890974.0,-0.555409,-1.037972,DZA,PRT,5503
2090234,68,179,1279,1995,0.0,98636.0,-0.340042,-0.085601,EGY,PRT,5503
2090235,71,179,1279,1995,4182671.0,2051118.0,1.144247,1.933844,ESP,PRT,5503
2090236,74,179,1279,1995,9064.0,0.0,2.0085740000000003,1.126816,FIN,PRT,5503
2090237,77,179,1279,1995,742987.0,551933.0,1.768484,0.765537,FRA,PRT,5503
2090238,81,179,1279,1995,443638.0,101519.0,1.8656979999999999,1.107121,GBR,PRT,5503
2090239,90,179,1279,1995,0.0,1134044.0,0.17369,0.885756,GRC,PRT,5503
2090240,97,179,1279,1995,0.0,30716.0,0.5244449999999999,2.682738,HKG,PRT,5503
2090241,103,179,1279,1995,0.0,6457.0,-0.391727,1.174727,IDN,PRT,5503
2090242,104,179,1279,1995,29479.0,36772.0,0.156183,1.9617380000000002,IND,PRT,5503
2090243,106,179,1279,1995,2332449.0,0.0,1.349192,0.992099,IRL,PRT,5503
2090244,109,179,1279,1995,0.0,63788.0,0.161331,-0.45210100000000003,ISL,PRT,5503
2090245,110,179,1279,1995,0.0,975457.0,1.205368,1.189434,ISR,PRT,5503
2090246,111,179,1279,1995,3932234.0,874047.0,1.503379,1.449094,ITA,PRT,5503
2090247,114,179,1279,1995,194566.0,0.0,2.56822,0.927307,JPN,PRT,5503
2090248,116,179,1279,1995,0.0,138856.0,-0.303773,0.111305,KEN,PRT,5503
2090249,121,179,1279,1995,176251.0,0.0,0.845175,1.2761799999999999,KOR,PRT,5503
2090250,134,179,1279,1995,0.0,2313169.0,-0.6481210000000001,-0.22345,MAR,PRT,5503
2090251,139,179,1279,1995,0.0,96024.0,-0.423338,-0.72302,MHL,PRT,5503
2090252,162,179,1279,1995,717419.0,7392.0,1.304391,1.8819119999999998,NLD,PRT,5503
2090253,168,179,1279,1995,0.0,232248.0,-0.707965,-0.324784,PAK,PRT,5503
2090254,173,179,1279,1995,0.0,151200.0,-0.263859,-0.21032800000000001,PER,PRT,5503
2090255,177,179,1279,1995,1186.0,0.0,0.76393,1.802648,POL,PRT,5503
2090256,207,179,1279,1995,956.0,0.0,1.424606,1.490521,SVN,PRT,5503
2090257,224,179,1279,1995,27933.0,2115516.0,0.166794,1.209066,TUR,PRT,5503
2090258,231,179,1279,1995,688155.0,0.0,1.771648,1.184,USA,PRT,5503
2090259,246,179,1279,1995,0.0,926953.0,0.468112,1.039817,ZAF,PRT,5503
2090260,248,179,1279,1995,0.0,2717659.0,-0.054752999999999996,0.326737,ZWE,PRT,5503
2090261,249,179,1279,1995,69634.0,0.0,1.345205,1.9337389999999999,TWN,PRT,5503
2090262,7,216,1279,1995,0.0,488146.0,-0.205166,-0.6132380000000001,ARE,THA,5503
2090263,8,216,1279,1995,0.0,29361.0,0.245885,0.5489850000000001,ARG,THA,5503
2090264,14,216,1279,1995,5542.0,361924.0,0.44442,0.789292,AUS,THA,5503
2090265,15,216,1279,1995,141174.0,0.0,2.000295,0.661255,AUT,THA,5503
2090266,18,216,1279,1995,172406.0,298480.0,1.615588,1.394102,BEL,THA,5503
2090267,22,216,1279,1995,0.0,45901.0,-1.037175,-0.983195,BGD,THA,5503
2090268,39,216,1279,1995,399340.0,871687.0,1.077804,1.0724200000000002,CAN,THA,5503
2090269,41,216,1279,1995,0.0,718173.0,2.1893029999999998,0.82765,CHE,THA,5503
2090270,43,216,1279,1995,23792.0,31736469.0,0.387897,3.2147919999999996,CHN,THA,5503
2090271,45,216,1279,1995,0.0,684779.0,-1.121716,-0.9758020000000001,CMR,THA,5503
2090272,61,216,1279,1995,136001.0,367396.0,2.325385,-2.2238189999999998,DEU,THA,5503
2090273,64,216,1279,1995,83715.0,15293.0,1.3800270000000001,1.489036,DNK,THA,5503
2090274,67,216,1279,1995,0.0,322943.0,-0.948154,-0.9595790000000001,ECU,THA,5503
2090275,71,216,1279,1995,15070.0,13335.0,1.144247,1.933844,ESP,THA,5503
2090276,74,216,1279,1995,21130.0,0.0,2.0085740000000003,1.126816,FIN,THA,5503
2090277,77,216,1279,1995,85205.0,302109.0,1.768484,0.765537,FRA,THA,5503
2090278,81,216,1279,1995,111008.0,2973460.0,1.8656979999999999,1.107121,GBR,THA,5503
2090279,90,216,1279,1995,0.0,13282.0,0.17369,0.885756,GRC,THA,5503
2090280,97,216,1279,1995,24453.0,22192552.0,0.5244449999999999,2.682738,HKG,THA,5503
2090281,103,216,1279,1995,198645.0,9596780.0,-0.391727,1.174727,IDN,THA,5503
2090282,104,216,1279,1995,0.0,15986036.0,0.156183,1.9617380000000002,IND,THA,5503
2090283,106,216,1279,1995,515034.0,0.0,1.349192,0.992099,IRL,THA,5503
2090284,107,216,1279,1995,0.0,333835.0,-0.821991,-1.071013,IRN,THA,5503
2090285,109,216,1279,1995,20176.0,0.0,0.161331,-0.45210100000000003,ISL,THA,5503
2090286,111,216,1279,1995,706766.0,47520.0,1.503379,1.449094,ITA,THA,5503
2090287,114,216,1279,1995,27806351.0,805205.0,2.56822,0.927307,JPN,THA,5503
2090288,118,216,1279,1995,0.0,213444.0,-1.275951,-1.144633,KHM,THA,5503
2090289,121,216,1279,1995,4499131.0,200757.0,0.845175,1.2761799999999999,KOR,THA,5503
2090290,123,216,1279,1995,0.0,397693.0,-1.305146,-1.1964299999999999,LAO,THA,5503
2090291,128,216,1279,1995,0.0,88753.0,-0.8358030000000001,-0.29397199999999996,LKA,THA,5503
2090292,134,216,1279,1995,0.0,204079.0,-0.6481210000000001,-0.22345,MAR,THA,5503
2090293,138,216,1279,1995,208169.0,0.0,0.6414300000000001,0.9697520000000001,MEX,THA,5503
2090294,143,216,1279,1995,0.0,39899.0,-1.5669309999999999,-1.124558,MMR,THA,5503
2090295,153,216,1279,1995,1990764.0,62284.0,0.357745,0.374284,MYS,THA,5503
2090296,162,216,1279,1995,0.0,164212.0,1.304391,1.8819119999999998,NLD,THA,5503
2090297,163,216,1279,1995,0.0,19659.0,1.019741,0.394241,NOR,THA,5503
2090298,164,216,1279,1995,0.0,337697.0,-0.779984,-0.7621479999999999,NPL,THA,5503
2090299,167,216,1279,1995,0.0,20100.0,-0.328853,-0.946069,OMN,THA,5503
2090300,168,216,1279,1995,0.0,4140211.0,-0.707965,-0.324784,PAK,THA,5503
2090301,174,216,1279,1995,0.0,666815.0,-0.480548,0.076564,PHL,THA,5503
2090302,177,216,1279,1995,0.0,2987.0,0.76393,1.802648,POL,THA,5503
2090303,188,216,1279,1995,0.0,2291632.0,0.401573,-0.6676529999999999,SAU,THA,5503
2090304,192,216,1279,1995,20388.0,797920.0,0.747684,0.4745,SGP,THA,5503
2090305,197,216,1279,1995,0.0,135034.0,-0.17119600000000001,0.027889999999999998,SLV,THA,5503
2090306,207,216,1279,1995,0.0,1909.0,1.424606,1.490521,SVN,THA,5503
2090307,208,216,1279,1995,1337.0,0.0,2.246997,1.060171,SWE,THA,5503
2090308,231,216,1279,1995,2513026.0,577270.0,1.771648,1.184,USA,THA,5503
2090309,239,216,1279,1995,0.0,1817314.0,-1.0462069999999999,-0.269063,VNM,THA,5503
2090310,246,216,1279,1995,0.0,1276.0,0.468112,1.039817,ZAF,THA,5503
2090311,249,216,1279,1995,25263093.0,139753.0,1.345205,1.9337389999999999,TWN,THA,5503
2090312,231,222,1279,1995,9231.0,0.0,1.771648,1.184,USA,TTO,5503
2090313,7,231,1279,1995,0.0,18107.0,-0.205166,-0.6132380000000001,ARE,USA,5503
2090314,8,231,1279,1995,0.0,7956976.0,0.245885,0.5489850000000001,ARG,USA,5503
2090315,14,231,1279,1995,4452.0,3449990.0,0.44442,0.789292,AUS,USA,5503
2090316,15,231,1279,1995,2515685.0,45914.0,2.000295,0.661255,AUT,USA,5503
2090317,18,231,1279,1995,637863.0,20608836.0,1.615588,1.394102,BEL,USA,5503
2090318,22,231,1279,1995,0.0,897655.0,-1.037175,-0.983195,BGD,USA,5503
2090319,28,231,1279,1995,122767.0,0.0,0.5290279999999999,0.27031700000000003,BLR,USA,5503
2090320,31,231,1279,1995,0.0,179979.0,-0.440583,-0.688389,BOL,USA,5503
2090321,32,231,1279,1995,0.0,34759504.0,0.687171,1.188647,BRA,USA,5503
2090322,34,231,1279,1995,0.0,6818.0,-0.979701,-0.85456,BRN,USA,5503
2090323,39,231,1279,1995,72623708.0,126666415.0,1.077804,1.0724200000000002,CAN,USA,5503
2090324,41,231,1279,1995,12384417.0,1270771.0,2.1893029999999998,0.82765,CHE,USA,5503
2090325,42,231,1279,1995,0.0,9200707.0,-0.073436,-0.192675,CHL,USA,5503
2090326,43,231,1279,1995,5103613.0,54475825.0,0.387897,3.2147919999999996,CHN,USA,5503
2090327,49,231,1279,1995,0.0,6046998.0,0.094335,0.13047999999999998,COL,USA,5503
2090328,52,231,1279,1995,0.0,1502122.0,-0.30094699999999996,-0.046285,CRI,USA,5503
2090329,58,231,1279,1995,0.0,17561.0,0.263764,0.030358999999999997,CYP,USA,5503
2090330,59,231,1279,1995,47694.0,68255.0,1.375091,1.628069,CZE,USA,5503
2090331,61,231,1279,1995,39472121.0,6226477.0,2.325385,-2.2238189999999998,DEU,USA,5503
2090332,64,231,1279,1995,1542188.0,40438.0,1.3800270000000001,1.489036,DNK,USA,5503
2090333,65,231,1279,1995,0.0,49459.0,-0.635482,-0.746526,DOM,USA,5503
2090334,66,231,1279,1995,0.0,4357.0,-0.555409,-1.037972,DZA,USA,5503
2090335,67,231,1279,1995,0.0,7510753.0,-0.948154,-0.9595790000000001,ECU,USA,5503
2090336,68,231,1279,1995,0.0,246779.0,-0.340042,-0.085601,EGY,USA,5503
2090337,71,231,1279,1995,250083.0,5604795.0,1.144247,1.933844,ESP,USA,5503
2090338,74,231,1279,1995,55269.0,254288.0,2.0085740000000003,1.126816,FIN,USA,5503
2090339,77,231,1279,1995,584343.0,2044409.0,1.768484,0.765537,FRA,USA,5503
2090340,81,231,1279,1995,3565594.0,8584169.0,1.8656979999999999,1.107121,GBR,USA,5503
2090341,90,231,1279,1995,0.0,9398.0,0.17369,0.885756,GRC,USA,5503
2090342,93,231,1279,1995,0.0,3501287.0,-0.241468,0.170932,GTM,USA,5503
2090343,96,231,1279,1995,0.0,7535.0,-0.8856,-0.8413700000000001,GUY,USA,5503
2090344,97,231,1279,1995,11818.0,16674482.0,0.5244449999999999,2.682738,HKG,USA,5503
2090345,99,231,1279,1995,0.0,1709164.0,-0.765536,-0.668834,HND,USA,5503
2090346,102,231,1279,1995,244278.0,0.0,0.878711,1.8200060000000002,HUN,USA,5503
2090347,103,231,1279,1995,81758.0,1677655.0,-0.391727,1.174727,IDN,USA,5503
2090348,104,231,1279,1995,686129.0,1256378.0,0.156183,1.9617380000000002,IND,USA,5503
2090349,106,231,1279,1995,1942069.0,635084.0,1.349192,0.992099,IRL,USA,5503
2090350,109,231,1279,1995,0.0,11733.0,0.161331,-0.45210100000000003,ISL,USA,5503
2090351,110,231,1279,1995,0.0,4437419.0,1.205368,1.189434,ISR,USA,5503
2090352,111,231,1279,1995,7782368.0,7166625.0,1.503379,1.449094,ITA,USA,5503
2090353,112,231,1279,1995,0.0,93246.0,-0.873925,-0.952304,JAM,USA,5503
2090354,113,231,1279,1995,0.0,256530.0,0.666542,0.326785,JOR,USA,5503
2090355,114,231,1279,1995,48004555.0,13670364.0,2.56822,0.927307,JPN,USA,5503
2090356,116,231,1279,1995,0.0,22179.0,-0.303773,0.111305,KEN,USA,5503
2090357,121,231,1279,1995,121259978.0,11167339.0,0.845175,1.2761799999999999,KOR,USA,5503
2090358,122,231,1279,1995,0.0,7218.0,-0.226273,-1.02354,KWT,USA,5503
2090359,134,231,1279,1995,0.0,2233189.0,-0.6481210000000001,-0.22345,MAR,USA,5503
2090360,138,231,1279,1995,108913658.0,34477930.0,0.6414300000000001,0.9697520000000001,MEX,USA,5503
2090361,151,231,1279,1995,0.0,2930.0,-0.432644,-0.574298,MUS,USA,5503
2090362,153,231,1279,1995,298689.0,917570.0,0.357745,0.374284,MYS,USA,5503
2090363,159,231,1279,1995,0.0,15915.0,-2.108206,-1.2017520000000002,NGA,USA,5503
2090364,160,231,1279,1995,0.0,8932.0,-0.395096,-0.559934,NIC,USA,5503
2090365,162,231,1279,1995,748813.0,3156561.0,1.304391,1.8819119999999998,NLD,USA,5503
2090366,163,231,1279,1995,0.0,101201.0,1.019741,0.394241,NOR,USA,5503
2090367,164,231,1279,1995,183051.0,0.0,-0.779984,-0.7621479999999999,NPL,USA,5503
2090368,166,231,1279,1995,0.0,933834.0,0.5558270000000001,0.773271,NZL,USA,5503
2090369,167,231,1279,1995,0.0,35049.0,-0.328853,-0.946069,OMN,USA,5503
2090370,168,231,1279,1995,0.0,7034001.0,-0.707965,-0.324784,PAK,USA,5503
2090371,169,231,1279,1995,0.0,58110.0,-0.019815,0.050906,PAN,USA,5503
2090372,173,231,1279,1995,0.0,68278.0,-0.263859,-0.21032800000000001,PER,USA,5503
2090373,174,231,1279,1995,0.0,1383763.0,-0.480548,0.076564,PHL,USA,5503
2090374,177,231,1279,1995,0.0,968994.0,0.76393,1.802648,POL,USA,5503
2090375,179,231,1279,1995,0.0,688155.0,0.412677,1.254009,PRT,USA,5503
2090376,185,231,1279,1995,238471.0,0.0,0.621468,1.038729,ROU,USA,5503
2090377,186,231,1279,1995,0.0,5366.0,0.364437,0.171494,RUS,USA,5503
2090378,188,231,1279,1995,0.0,7205768.0,0.401573,-0.6676529999999999,SAU,USA,5503
2090379,192,231,1279,1995,0.0,605232.0,0.747684,0.4745,SGP,USA,5503
2090380,197,231,1279,1995,0.0,2058741.0,-0.17119600000000001,0.027889999999999998,SLV,USA,5503
2090381,207,231,1279,1995,0.0,45187.0,1.424606,1.490521,SVN,USA,5503
2090382,208,231,1279,1995,70938.0,163199.0,2.246997,1.060171,SWE,USA,5503
2090383,212,231,1279,1995,0.0,29023.0,-0.8829469999999999,-0.809407,SYR,USA,5503
2090384,216,231,1279,1995,577270.0,2513026.0,0.174522,1.608058,THA,USA,5503
2090385,222,231,1279,1995,0.0,9231.0,0.254658,-0.496058,TTO,USA,5503
2090386,223,231,1279,1995,0.0,612298.0,-0.253792,-0.044331,TUN,USA,5503
2090387,224,231,1279,1995,3454914.0,800857.0,0.166794,1.209066,TUR,USA,5503
2090388,230,231,1279,1995,0.0,200531.0,0.45133900000000005,0.50831,URY,USA,5503
2090389,234,231,1279,1995,0.0,4030.0,-0.369315,-0.751156,VCT,USA,5503
2090390,236,231,1279,1995,0.0,5476451.0,0.299294,-0.635474,VEN,USA,5503
2090391,239,231,1279,1995,0.0,3890461.0,-1.0462069999999999,-0.269063,VNM,USA,5503
2090392,246,231,1279,1995,109602.0,1768576.0,0.468112,1.039817,ZAF,USA,5503
2090393,249,231,1279,1995,35776492.0,5901929.0,1.345205,1.9337389999999999,TWN,USA,5503
2090394,15,14,1279,1995,422347.0,0.0,2.000295,0.661255,AUT,AUS,5503
2090395,18,14,1279,1995,682769.0,0.0,1.615588,1.394102,BEL,AUS,5503
2090396,39,14,1279,1995,73246.0,0.0,1.077804,1.0724200000000002,CAN,AUS,5503
2090397,41,14,1279,1995,566253.0,0.0,2.1893029999999998,0.82765,CHE,AUS,5503
2090398,43,14,1279,1995,97731.0,4527.0,0.387897,3.2147919999999996,CHN,AUS,5503
2090399,61,14,1279,1995,1473189.0,0.0,2.325385,-2.2238189999999998,DEU,AUS,5503
2090400,64,14,1279,1995,67708.0,0.0,1.3800270000000001,1.489036,DNK,AUS,5503
2090401,71,14,1279,1995,83998.0,0.0,1.144247,1.933844,ESP,AUS,5503
2090402,77,14,1279,1995,147136.0,5249.0,1.768484,0.765537,FRA,AUS,5503
2090403,81,14,1279,1995,2097448.0,2685.0,1.8656979999999999,1.107121,GBR,AUS,5503
2090404,97,14,1279,1995,25659.0,31781.0,0.5244449999999999,2.682738,HKG,AUS,5503
2090405,103,14,1279,1995,2809643.0,92881.0,-0.391727,1.174727,IDN,AUS,5503
2090406,104,14,1279,1995,22305.0,2884.0,0.156183,1.9617380000000002,IND,AUS,5503
2090407,106,14,1279,1995,1569862.0,1038.0,1.349192,0.992099,IRL,AUS,5503
2090408,111,14,1279,1995,321220.0,53683.0,1.503379,1.449094,ITA,AUS,5503
2090409,114,14,1279,1995,1381203.0,47107.0,2.56822,0.927307,JPN,AUS,5503
2090410,121,14,1279,1995,9289932.0,5381.0,0.845175,1.2761799999999999,KOR,AUS,5503
2090411,138,14,1279,1995,93498.0,0.0,0.6414300000000001,0.9697520000000001,MEX,AUS,5503
2090412,151,14,1279,1995,0.0,15922.0,-0.432644,-0.574298,MUS,AUS,5503
2090413,153,14,1279,1995,276968.0,12956.0,0.357745,0.374284,MYS,AUS,5503
2090414,162,14,1279,1995,481578.0,0.0,1.304391,1.8819119999999998,NLD,AUS,5503
2090415,163,14,1279,1995,0.0,5314.0,1.019741,0.394241,NOR,AUS,5503
2090416,166,14,1279,1995,72640.0,204003.0,0.5558270000000001,0.773271,NZL,AUS,5503
2090417,174,14,1279,1995,0.0,65129.0,-0.480548,0.076564,PHL,AUS,5503
2090418,179,14,1279,1995,156128.0,0.0,0.412677,1.254009,PRT,AUS,5503
2090419,192,14,1279,1995,0.0,3454.0,0.747684,0.4745,SGP,AUS,5503
2090420,216,14,1279,1995,361924.0,5542.0,0.174522,1.608058,THA,AUS,5503
2090421,231,14,1279,1995,3449990.0,4452.0,1.771648,1.184,USA,AUS,5503
2090422,246,14,1279,1995,948861.0,26047.0,0.468112,1.039817,ZAF,AUS,5503
2090423,249,14,1279,1995,15086534.0,2142.0,1.345205,1.9337389999999999,TWN,AUS,5503
2090424,250,14,1279,1995,212062.0,0.0,1.034518,0.9735149999999999,ANS,AUS,5503
2090425,43,22,1279,1995,31557.0,0.0,0.387897,3.2147919999999996,CHN,BGD,5503
2090426,81,22,1279,1995,22351.0,0.0,1.8656979999999999,1.107121,GBR,BGD,5503
2090427,103,22,1279,1995,43653.0,0.0,-0.391727,1.174727,IDN,BGD,5503
2090428,104,22,1279,1995,129165.0,0.0,0.156183,1.9617380000000002,IND,BGD,5503
2090429,121,22,1279,1995,14259723.0,0.0,0.845175,1.2761799999999999,KOR,BGD,5503
2090430,192,22,1279,1995,772002.0,0.0,0.747684,0.4745,SGP,BGD,5503
2090431,216,22,1279,1995,45901.0,0.0,0.174522,1.608058,THA,BGD,5503
2090432,231,22,1279,1995,897655.0,0.0,1.771648,1.184,USA,BGD,5503
2090433,249,22,1279,1995,2402332.0,0.0,1.345205,1.9337389999999999,TWN,BGD,5503
2090434,250,22,1279,1995,431236.0,0.0,1.034518,0.9735149999999999,ANS,BGD,5503
2090435,8,39,1279,1995,0.0,256147.0,0.245885,0.5489850000000001,ARG,CAN,5503
2090436,14,39,1279,1995,0.0,73246.0,0.44442,0.789292,AUS,CAN,5503
2090437,15,39,1279,1995,362253.0,0.0,2.000295,0.661255,AUT,CAN,5503
2090438,18,39,1279,1995,0.0,21823.0,1.615588,1.394102,BEL,CAN,5503
2090439,32,39,1279,1995,62468.0,841846.0,0.687171,1.188647,BRA,CAN,5503
2090440,41,39,1279,1995,527242.0,0.0,2.1893029999999998,0.82765,CHE,CAN,5503
2090441,43,39,1279,1995,68376.0,526296.0,0.387897,3.2147919999999996,CHN,CAN,5503
2090442,61,39,1279,1995,1203935.0,68107.0,2.325385,-2.2238189999999998,DEU,CAN,5503
2090443,64,39,1279,1995,500038.0,1818.0,1.3800270000000001,1.489036,DNK,CAN,5503
2090444,67,39,1279,1995,0.0,29102.0,-0.948154,-0.9595790000000001,ECU,CAN,5503
2090445,68,39,1279,1995,0.0,140073.0,-0.340042,-0.085601,EGY,CAN,5503
2090446,71,39,1279,1995,468073.0,0.0,1.144247,1.933844,ESP,CAN,5503
2090447,74,39,1279,1995,0.0,19429.0,2.0085740000000003,1.126816,FIN,CAN,5503
2090448,77,39,1279,1995,1975249.0,2742.0,1.768484,0.765537,FRA,CAN,5503
2090449,81,39,1279,1995,1685741.0,8659.0,1.8656979999999999,1.107121,GBR,CAN,5503
2090450,90,39,1279,1995,0.0,4112.0,0.17369,0.885756,GRC,CAN,5503
2090451,97,39,1279,1995,0.0,25487.0,0.5244449999999999,2.682738,HKG,CAN,5503
2090452,103,39,1279,1995,0.0,180818.0,-0.391727,1.174727,IDN,CAN,5503
2090453,106,39,1279,1995,566538.0,4141.0,1.349192,0.992099,IRL,CAN,5503
2090454,107,39,1279,1995,22317.0,0.0,-0.821991,-1.071013,IRN,CAN,5503
2090455,110,39,1279,1995,0.0,1116314.0,1.205368,1.189434,ISR,CAN,5503
2090456,111,39,1279,1995,24365.0,1516012.0,1.503379,1.449094,ITA,CAN,5503
2090457,113,39,1279,1995,0.0,371411.0,0.666542,0.326785,JOR,CAN,5503
2090458,114,39,1279,1995,3594057.0,9721.0,2.56822,0.927307,JPN,CAN,5503
2090459,121,39,1279,1995,6375654.0,0.0,0.845175,1.2761799999999999,KOR,CAN,5503
2090460,138,39,1279,1995,706237.0,3232956.0,0.6414300000000001,0.9697520000000001,MEX,CAN,5503
2090461,153,39,1279,1995,0.0,394850.0,0.357745,0.374284,MYS,CAN,5503
2090462,162,39,1279,1995,1304548.0,0.0,1.304391,1.8819119999999998,NLD,CAN,5503
2090463,208,39,1279,1995,3092.0,0.0,2.246997,1.060171,SWE,CAN,5503
2090464,216,39,1279,1995,871687.0,399340.0,0.174522,1.608058,THA,CAN,5503
2090465,224,39,1279,1995,319550.0,0.0,0.166794,1.209066,TUR,CAN,5503
2090466,231,39,1279,1995,126666415.0,72623708.0,1.771648,1.184,USA,CAN,5503
2090467,246,39,1279,1995,6902.0,0.0,0.468112,1.039817,ZAF,CAN,5503
2090468,249,39,1279,1995,3367632.0,3633757.0,1.345205,1.9337389999999999,TWN,CAN,5503
2090469,8,41,1279,1995,0.0,39074.0,0.245885,0.5489850000000001,ARG,CHE,5503
2090470,14,41,1279,1995,0.0,566253.0,0.44442,0.789292,AUS,CHE,5503
2090471,15,41,1279,1995,3151386.0,1715821.0,2.000295,0.661255,AUT,CHE,5503
2090472,18,41,1279,1995,479904.0,858011.0,1.615588,1.394102,BEL,CHE,5503
2090473,23,41,1279,1995,0.0,10468.0,0.436138,1.086561,BGR,CHE,5503
2090474,32,41,1279,1995,940.0,521255.0,0.687171,1.188647,BRA,CHE,5503
2090475,39,41,1279,1995,0.0,527242.0,1.077804,1.0724200000000002,CAN,CHE,5503
2090476,42,41,1279,1995,0.0,1625.0,-0.073436,-0.192675,CHL,CHE,5503
2090477,43,41,1279,1995,96579.0,14542.0,0.387897,3.2147919999999996,CHN,CHE,5503
2090478,59,41,1279,1995,20346.0,144449.0,1.375091,1.628069,CZE,CHE,5503
2090479,61,41,1279,1995,6214396.0,26024146.0,2.325385,-2.2238189999999998,DEU,CHE,5503
2090480,64,41,1279,1995,166144.0,3345.0,1.3800270000000001,1.489036,DNK,CHE,5503
2090481,68,41,1279,1995,0.0,64350.0,-0.340042,-0.085601,EGY,CHE,5503
2090482,71,41,1279,1995,65763.0,2570661.0,1.144247,1.933844,ESP,CHE,5503
2090483,74,41,1279,1995,10806.0,2182605.0,2.0085740000000003,1.126816,FIN,CHE,5503
2090484,77,41,1279,1995,477715.0,7913319.0,1.768484,0.765537,FRA,CHE,5503
2090485,81,41,1279,1995,1715178.0,1713607.0,1.8656979999999999,1.107121,GBR,CHE,5503
2090486,97,41,1279,1995,0.0,79904.0,0.5244449999999999,2.682738,HKG,CHE,5503
2090487,100,41,1279,1995,0.0,8043.0,0.75325,1.395715,HRV,CHE,5503
2090488,102,41,1279,1995,269299.0,89602.0,0.878711,1.8200060000000002,HUN,CHE,5503
2090489,104,41,1279,1995,0.0,316702.0,0.156183,1.9617380000000002,IND,CHE,5503
2090490,106,41,1279,1995,746129.0,0.0,1.349192,0.992099,IRL,CHE,5503
2090491,107,41,1279,1995,109613.0,0.0,-0.821991,-1.071013,IRN,CHE,5503
2090492,110,41,1279,1995,0.0,624735.0,1.205368,1.189434,ISR,CHE,5503
2090493,111,41,1279,1995,1905689.0,13167359.0,1.503379,1.449094,ITA,CHE,5503
2090494,113,41,1279,1995,0.0,63241.0,0.666542,0.326785,JOR,CHE,5503
2090495,114,41,1279,1995,1906721.0,58003.0,2.56822,0.927307,JPN,CHE,5503
2090496,121,41,1279,1995,23165.0,35436.0,0.845175,1.2761799999999999,KOR,CHE,5503
2090497,134,41,1279,1995,0.0,34259.0,-0.6481210000000001,-0.22345,MAR,CHE,5503
2090498,138,41,1279,1995,481296.0,40420.0,0.6414300000000001,0.9697520000000001,MEX,CHE,5503
2090499,140,41,1279,1995,5775.0,0.0,0.34174,0.648467,MKD,CHE,5503
2090500,162,41,1279,1995,183449.0,652788.0,1.304391,1.8819119999999998,NLD,CHE,5503
2090501,163,41,1279,1995,0.0,24306.0,1.019741,0.394241,NOR,CHE,5503
2090502,166,41,1279,1995,0.0,2517.0,0.5558270000000001,0.773271,NZL,CHE,5503
2090503,177,41,1279,1995,0.0,130484.0,0.76393,1.802648,POL,CHE,5503
2090504,179,41,1279,1995,54774.0,153387.0,0.412677,1.254009,PRT,CHE,5503
2090505,185,41,1279,1995,0.0,1186.0,0.621468,1.038729,ROU,CHE,5503
2090506,197,41,1279,1995,0.0,2267.0,-0.17119600000000001,0.027889999999999998,SLV,CHE,5503
2090507,206,41,1279,1995,0.0,4411.0,1.2249780000000001,1.405585,SVK,CHE,5503
2090508,207,41,1279,1995,0.0,102456.0,1.424606,1.490521,SVN,CHE,5503
2090509,208,41,1279,1995,5291.0,3347400.0,2.246997,1.060171,SWE,CHE,5503
2090510,216,41,1279,1995,718173.0,0.0,0.174522,1.608058,THA,CHE,5503
2090511,223,41,1279,1995,0.0,27859.0,-0.253792,-0.044331,TUN,CHE,5503
2090512,224,41,1279,1995,380992.0,9416.0,0.166794,1.209066,TUR,CHE,5503
2090513,231,41,1279,1995,1270771.0,12384417.0,1.771648,1.184,USA,CHE,5503
2090514,236,41,1279,1995,0.0,1273.0,0.299294,-0.635474,VEN,CHE,5503
2090515,246,41,1279,1995,19548.0,79999.0,0.468112,1.039817,ZAF,CHE,5503
2090516,249,41,1279,1995,18339.0,0.0,1.345205,1.9337389999999999,TWN,CHE,5503
2090517,8,42,1279,1995,634521.0,3367.0,0.245885,0.5489850000000001,ARG,CHL,5503
2090518,18,42,1279,1995,492794.0,0.0,1.615588,1.394102,BEL,CHL,5503
2090519,31,42,1279,1995,0.0,72890.0,-0.440583,-0.688389,BOL,CHL,5503
2090520,32,42,1279,1995,1038152.0,45508.0,0.687171,1.188647,BRA,CHL,5503
2090521,41,42,1279,1995,1625.0,0.0,2.1893029999999998,0.82765,CHE,CHL,5503
2090522,43,42,1279,1995,165211.0,0.0,0.387897,3.2147919999999996,CHN,CHL,5503
2090523,49,42,1279,1995,768932.0,0.0,0.094335,0.13047999999999998,COL,CHL,5503
2090524,52,42,1279,1995,0.0,2138.0,-0.30094699999999996,-0.046285,CRI,CHL,5503
2090525,61,42,1279,1995,716549.0,0.0,2.325385,-2.2238189999999998,DEU,CHL,5503
2090526,71,42,1279,1995,803533.0,0.0,1.144247,1.933844,ESP,CHL,5503
2090527,81,42,1279,1995,463070.0,0.0,1.8656979999999999,1.107121,GBR,CHL,5503
2090528,103,42,1279,1995,26610.0,0.0,-0.391727,1.174727,IDN,CHL,5503
2090529,111,42,1279,1995,145217.0,0.0,1.503379,1.449094,ITA,CHL,5503
2090530,114,42,1279,1995,38940.0,0.0,2.56822,0.927307,JPN,CHL,5503
2090531,121,42,1279,1995,692366.0,0.0,0.845175,1.2761799999999999,KOR,CHL,5503
2090532,138,42,1279,1995,1732896.0,0.0,0.6414300000000001,0.9697520000000001,MEX,CHL,5503
2090533,173,42,1279,1995,1681216.0,0.0,-0.263859,-0.21032800000000001,PER,CHL,5503
2090534,179,42,1279,1995,506982.0,0.0,0.412677,1.254009,PRT,CHL,5503
2090535,230,42,1279,1995,14647.0,0.0,0.45133900000000005,0.50831,URY,CHL,5503
2090536,231,42,1279,1995,9200707.0,0.0,1.771648,1.184,USA,CHL,5503
2090537,236,42,1279,1995,34051.0,0.0,0.299294,-0.635474,VEN,CHL,5503
2090538,239,42,1279,1995,22361.0,0.0,-1.0462069999999999,-0.269063,VNM,CHL,5503
2090539,246,42,1279,1995,149557.0,0.0,0.468112,1.039817,ZAF,CHL,5503
2090540,249,42,1279,1995,1218974.0,0.0,1.345205,1.9337389999999999,TWN,CHL,5503
2090541,15,59,1279,1995,876534.0,356968.0,2.000295,0.661255,AUT,CZE,5503
2090542,18,59,1279,1995,475791.0,33409.0,1.615588,1.394102,BEL,CZE,5503
2090543,28,59,1279,1995,40199.0,0.0,0.5290279999999999,0.27031700000000003,BLR,CZE,5503
2090544,41,59,1279,1995,144449.0,20346.0,2.1893029999999998,0.82765,CHE,CZE,5503
2090545,61,59,1279,1995,4504084.0,1877969.0,2.325385,-2.2238189999999998,DEU,CZE,5503
2090546,64,59,1279,1995,15534.0,5758.0,1.3800270000000001,1.489036,DNK,CZE,5503
2090547,71,59,1279,1995,29128.0,4514984.0,1.144247,1.933844,ESP,CZE,5503
2090548,74,59,1279,1995,0.0,13177.0,2.0085740000000003,1.126816,FIN,CZE,5503
2090549,77,59,1279,1995,64113.0,393370.0,1.768484,0.765537,FRA,CZE,5503
2090550,81,59,1279,1995,170791.0,611102.0,1.8656979999999999,1.107121,GBR,CZE,5503
2090551,102,59,1279,1995,1279329.0,119550.0,0.878711,1.8200060000000002,HUN,CZE,5503
2090552,104,59,1279,1995,0.0,232637.0,0.156183,1.9617380000000002,IND,CZE,5503
2090553,106,59,1279,1995,40784.0,0.0,1.349192,0.992099,IRL,CZE,5503
2090554,110,59,1279,1995,0.0,280800.0,1.205368,1.189434,ISR,CZE,5503
2090555,111,59,1279,1995,343945.0,1101755.0,1.503379,1.449094,ITA,CZE,5503
2090556,114,59,1279,1995,57843.0,1318.0,2.56822,0.927307,JPN,CZE,5503
2090557,135,59,1279,1995,0.0,25351.0,0.394058,0.124474,MDA,CZE,5503
2090558,140,59,1279,1995,235373.0,0.0,0.34174,0.648467,MKD,CZE,5503
2090559,162,59,1279,1995,504976.0,9796.0,1.304391,1.8819119999999998,NLD,CZE,5503
2090560,163,59,1279,1995,0.0,6589.0,1.019741,0.394241,NOR,CZE,5503
2090561,177,59,1279,1995,591715.0,1391633.0,0.76393,1.802648,POL,CZE,5503
2090562,185,59,1279,1995,0.0,76358.0,0.621468,1.038729,ROU,CZE,5503
2090563,186,59,1279,1995,0.0,1055.0,0.364437,0.171494,RUS,CZE,5503
2090564,206,59,1279,1995,5649392.0,635791.0,1.2249780000000001,1.405585,SVK,CZE,5503
2090565,207,59,1279,1995,1354.0,17131.0,1.424606,1.490521,SVN,CZE,5503
2090566,208,59,1279,1995,0.0,37491.0,2.246997,1.060171,SWE,CZE,5503
2090567,223,59,1279,1995,0.0,58512.0,-0.253792,-0.044331,TUN,CZE,5503
2090568,224,59,1279,1995,0.0,75206.0,0.166794,1.209066,TUR,CZE,5503
2090569,228,59,1279,1995,0.0,1566.0,0.428875,0.20489899999999997,UKR,CZE,5503
2090570,231,59,1279,1995,68255.0,47694.0,1.771648,1.184,USA,CZE,5503
2090571,249,59,1279,1995,25335.0,0.0,1.345205,1.9337389999999999,TWN,CZE,5503
2090572,250,59,1279,1995,6414.0,0.0,1.034518,0.9735149999999999,ANS,CZE,5503
2090573,15,68,1279,1995,159392.0,0.0,2.000295,0.661255,AUT,EGY,5503
2090574,18,68,1279,1995,111145.0,1498.0,1.615588,1.394102,BEL,EGY,5503
2090575,32,68,1279,1995,0.0,95040.0,0.687171,1.188647,BRA,EGY,5503
2090576,39,68,1279,1995,140073.0,0.0,1.077804,1.0724200000000002,CAN,EGY,5503
2090577,41,68,1279,1995,64350.0,0.0,2.1893029999999998,0.82765,CHE,EGY,5503
2090578,43,68,1279,1995,886303.0,0.0,0.387897,3.2147919999999996,CHN,EGY,5503
2090579,61,68,1279,1995,6212506.0,12747.0,2.325385,-2.2238189999999998,DEU,EGY,5503
2090580,71,68,1279,1995,23386213.0,0.0,1.144247,1.933844,ESP,EGY,5503
2090581,77,68,1279,1995,147893.0,8511.0,1.768484,0.765537,FRA,EGY,5503
2090582,81,68,1279,1995,2271414.0,0.0,1.8656979999999999,1.107121,GBR,EGY,5503
2090583,97,68,1279,1995,0.0,35947.0,0.5244449999999999,2.682738,HKG,EGY,5503
2090584,104,68,1279,1995,0.0,18691.0,0.156183,1.9617380000000002,IND,EGY,5503
2090585,107,68,1279,1995,2489206.0,0.0,-0.821991,-1.071013,IRN,EGY,5503
2090586,111,68,1279,1995,6756818.0,117220.0,1.503379,1.449094,ITA,EGY,5503
2090587,114,68,1279,1995,1199144.0,0.0,2.56822,0.927307,JPN,EGY,5503
2090588,121,68,1279,1995,8419801.0,0.0,0.845175,1.2761799999999999,KOR,EGY,5503
2090589,138,68,1279,1995,261969.0,0.0,0.6414300000000001,0.9697520000000001,MEX,EGY,5503
2090590,162,68,1279,1995,0.0,112734.0,1.304391,1.8819119999999998,NLD,EGY,5503
2090591,179,68,1279,1995,98636.0,0.0,0.412677,1.254009,PRT,EGY,5503
2090592,185,68,1279,1995,2524486.0,0.0,0.621468,1.038729,ROU,EGY,5503
2090593,186,68,1279,1995,2772482.0,0.0,0.364437,0.171494,RUS,EGY,5503
2090594,188,68,1279,1995,0.0,129311.0,0.401573,-0.6676529999999999,SAU,EGY,5503
2090595,206,68,1279,1995,0.0,4456.0,1.2249780000000001,1.405585,SVK,EGY,5503
2090596,212,68,1279,1995,0.0,341368.0,-0.8829469999999999,-0.809407,SYR,EGY,5503
2090597,224,68,1279,1995,2271880.0,0.0,0.166794,1.209066,TUR,EGY,5503
2090598,228,68,1279,1995,66490.0,0.0,0.428875,0.20489899999999997,UKR,EGY,5503
2090599,231,68,1279,1995,246779.0,0.0,1.771648,1.184,USA,EGY,5503
2090600,246,68,1279,1995,212904.0,0.0,0.468112,1.039817,ZAF,EGY,5503
2090601,249,68,1279,1995,1417844.0,0.0,1.345205,1.9337389999999999,TWN,EGY,5503
2090602,250,68,1279,1995,0.0,139515.0,1.034518,0.9735149999999999,ANS,EGY,5503
2090603,15,72,1279,1995,1824.0,0.0,2.000295,0.661255,AUT,EST,5503
2090604,18,72,1279,1995,1441722.0,0.0,1.615588,1.394102,BEL,EST,5503
2090605,28,72,1279,1995,357995.0,0.0,0.5290279999999999,0.27031700000000003,BLR,EST,5503
2090606,61,72,1279,1995,138084.0,0.0,2.325385,-2.2238189999999998,DEU,EST,5503
2090607,74,72,1279,1995,41376.0,2167.0,2.0085740000000003,1.126816,FIN,EST,5503
2090608,81,72,1279,1995,20186.0,0.0,1.8656979999999999,1.107121,GBR,EST,5503
2090609,102,72,1279,1995,54859.0,0.0,0.878711,1.8200060000000002,HUN,EST,5503
2090610,106,72,1279,1995,30460.0,0.0,1.349192,0.992099,IRL,EST,5503
2090611,111,72,1279,1995,1534.0,0.0,1.503379,1.449094,ITA,EST,5503
2090612,130,72,1279,1995,135751.0,0.0,0.41220500000000004,0.966966,LTU,EST,5503
2090613,132,72,1279,1995,328328.0,12261.0,0.25453400000000004,0.174809,LVA,EST,5503
2090614,162,72,1279,1995,155339.0,10262.0,1.304391,1.8819119999999998,NLD,EST,5503
2090615,186,72,1279,1995,91858.0,17776.0,0.364437,0.171494,RUS,EST,5503
2090616,206,72,1279,1995,16231.0,0.0,1.2249780000000001,1.405585,SVK,EST,5503
2090617,208,72,1279,1995,15048.0,0.0,2.246997,1.060171,SWE,EST,5503
2090618,7,103,1279,1995,10815.0,42038.0,-0.205166,-0.6132380000000001,ARE,IDN,5503
2090619,14,103,1279,1995,92881.0,2809643.0,0.44442,0.789292,AUS,IDN,5503
2090620,15,103,1279,1995,0.0,4164.0,2.000295,0.661255,AUT,IDN,5503
2090621,18,103,1279,1995,2236944.0,71062.0,1.615588,1.394102,BEL,IDN,5503
2090622,22,103,1279,1995,0.0,43653.0,-1.037175,-0.983195,BGD,IDN,5503
2090623,39,103,1279,1995,180818.0,0.0,1.077804,1.0724200000000002,CAN,IDN,5503
2090624,42,103,1279,1995,0.0,26610.0,-0.073436,-0.192675,CHL,IDN,5503
2090625,43,103,1279,1995,500557.0,2276176.0,0.387897,3.2147919999999996,CHN,IDN,5503
2090626,61,103,1279,1995,2209988.0,37955.0,2.325385,-2.2238189999999998,DEU,IDN,5503
2090627,64,103,1279,1995,178994.0,21354.0,1.3800270000000001,1.489036,DNK,IDN,5503
2090628,71,103,1279,1995,260707.0,430040.0,1.144247,1.933844,ESP,IDN,5503
2090629,74,103,1279,1995,0.0,11354.0,2.0085740000000003,1.126816,FIN,IDN,5503
2090630,77,103,1279,1995,1199.0,64577.0,1.768484,0.765537,FRA,IDN,5503
2090631,81,103,1279,1995,27652.0,2078685.0,1.8656979999999999,1.107121,GBR,IDN,5503
2090632,97,103,1279,1995,278774.0,4658602.0,0.5244449999999999,2.682738,HKG,IDN,5503
2090633,104,103,1279,1995,123859.0,2397153.0,0.156183,1.9617380000000002,IND,IDN,5503
2090634,107,103,1279,1995,0.0,357010.0,-0.821991,-1.071013,IRN,IDN,5503
2090635,111,103,1279,1995,9339908.0,520098.0,1.503379,1.449094,ITA,IDN,5503
2090636,113,103,1279,1995,0.0,61938.0,0.666542,0.326785,JOR,IDN,5503
2090637,114,103,1279,1995,53598778.0,179068.0,2.56822,0.927307,JPN,IDN,5503
2090638,116,103,1279,1995,0.0,61954.0,-0.303773,0.111305,KEN,IDN,5503
2090639,121,103,1279,1995,48085640.0,0.0,0.845175,1.2761799999999999,KOR,IDN,5503
2090640,128,103,1279,1995,0.0,3102564.0,-0.8358030000000001,-0.29397199999999996,LKA,IDN,5503
2090641,138,103,1279,1995,229806.0,0.0,0.6414300000000001,0.9697520000000001,MEX,IDN,5503
2090642,153,103,1279,1995,18008488.0,986466.0,0.357745,0.374284,MYS,IDN,5503
2090643,166,103,1279,1995,0.0,74619.0,0.5558270000000001,0.773271,NZL,IDN,5503
2090644,168,103,1279,1995,0.0,598528.0,-0.707965,-0.324784,PAK,IDN,5503
2090645,174,103,1279,1995,0.0,387375.0,-0.480548,0.076564,PHL,IDN,5503
2090646,178,103,1279,1995,66327.0,0.0,0.46509799999999996,0.645496,PRK,IDN,5503
2090647,179,103,1279,1995,6457.0,0.0,0.412677,1.254009,PRT,IDN,5503
2090648,188,103,1279,1995,0.0,2979928.0,0.401573,-0.6676529999999999,SAU,IDN,5503
2090649,192,103,1279,1995,921159.0,76685.0,0.747684,0.4745,SGP,IDN,5503
2090650,212,103,1279,1995,206671.0,39177.0,-0.8829469999999999,-0.809407,SYR,IDN,5503
2090651,216,103,1279,1995,9596780.0,198645.0,0.174522,1.608058,THA,IDN,5503
2090652,224,103,1279,1995,1861875.0,438446.0,0.166794,1.209066,TUR,IDN,5503
2090653,231,103,1279,1995,1677655.0,81758.0,1.771648,1.184,USA,IDN,5503
2090654,246,103,1279,1995,83865.0,0.0,0.468112,1.039817,ZAF,IDN,5503
2090655,248,103,1279,1995,0.0,146063.0,-0.054752999999999996,0.326737,ZWE,IDN,5503
2090656,249,103,1279,1995,32455618.0,578952.0,1.345205,1.9337389999999999,TWN,IDN,5503
2090657,250,103,1279,1995,101382.0,3669.0,1.034518,0.9735149999999999,ANS,IDN,5503
2090658,7,104,1279,1995,0.0,527671.0,-0.205166,-0.6132380000000001,ARE,IND,5503
2090659,14,104,1279,1995,2884.0,22305.0,0.44442,0.789292,AUS,IND,5503
2090660,18,104,1279,1995,389931.0,808134.0,1.615588,1.394102,BEL,IND,5503
2090661,22,104,1279,1995,0.0,129165.0,-1.037175,-0.983195,BGD,IND,5503
2090662,32,104,1279,1995,0.0,122540.0,0.687171,1.188647,BRA,IND,5503
2090663,41,104,1279,1995,316702.0,0.0,2.1893029999999998,0.82765,CHE,IND,5503
2090664,43,104,1279,1995,3224149.0,1824913.0,0.387897,3.2147919999999996,CHN,IND,5503
2090665,59,104,1279,1995,232637.0,0.0,1.375091,1.628069,CZE,IND,5503
2090666,61,104,1279,1995,1706335.0,533213.0,2.325385,-2.2238189999999998,DEU,IND,5503
2090667,68,104,1279,1995,18691.0,0.0,-0.340042,-0.085601,EGY,IND,5503
2090668,71,104,1279,1995,767847.0,337009.0,1.144247,1.933844,ESP,IND,5503
2090669,77,104,1279,1995,83061.0,891535.0,1.768484,0.765537,FRA,IND,5503
2090670,81,104,1279,1995,242219.0,817753.0,1.8656979999999999,1.107121,GBR,IND,5503
2090671,97,104,1279,1995,2897.0,1358241.0,0.5244449999999999,2.682738,HKG,IND,5503
2090672,103,104,1279,1995,2397153.0,123859.0,-0.391727,1.174727,IDN,IND,5503
2090673,107,104,1279,1995,0.0,157427.0,-0.821991,-1.071013,IRN,IND,5503
2090674,111,104,1279,1995,50210.0,680925.0,1.503379,1.449094,ITA,IND,5503
2090675,113,104,1279,1995,0.0,12354.0,0.666542,0.326785,JOR,IND,5503
2090676,114,104,1279,1995,22108493.0,512336.0,2.56822,0.927307,JPN,IND,5503
2090677,116,104,1279,1995,0.0,289273.0,-0.303773,0.111305,KEN,IND,5503
2090678,121,104,1279,1995,23674763.0,151565.0,0.845175,1.2761799999999999,KOR,IND,5503
2090679,122,104,1279,1995,0.0,29615.0,-0.226273,-1.02354,KWT,IND,5503
2090680,134,104,1279,1995,0.0,25177.0,-0.6481210000000001,-0.22345,MAR,IND,5503
2090681,138,104,1279,1995,733300.0,0.0,0.6414300000000001,0.9697520000000001,MEX,IND,5503
2090682,153,104,1279,1995,1196883.0,367454.0,0.357745,0.374284,MYS,IND,5503
2090683,159,104,1279,1995,0.0,44483.0,-2.108206,-1.2017520000000002,NGA,IND,5503
2090684,162,104,1279,1995,242554.0,5795.0,1.304391,1.8819119999999998,NLD,IND,5503
2090685,164,104,1279,1995,0.0,53337.0,-0.779984,-0.7621479999999999,NPL,IND,5503
2090686,166,104,1279,1995,0.0,28273.0,0.5558270000000001,0.773271,NZL,IND,5503
2090687,174,104,1279,1995,0.0,1286612.0,-0.480548,0.076564,PHL,IND,5503
2090688,178,104,1279,1995,914698.0,0.0,0.46509799999999996,0.645496,PRK,IND,5503
2090689,179,104,1279,1995,36772.0,29479.0,0.412677,1.254009,PRT,IND,5503
2090690,185,104,1279,1995,68229.0,0.0,0.621468,1.038729,ROU,IND,5503
2090691,186,104,1279,1995,325308.0,4762.0,0.364437,0.171494,RUS,IND,5503
2090692,188,104,1279,1995,0.0,803526.0,0.401573,-0.6676529999999999,SAU,IND,5503
2090693,192,104,1279,1995,514704.0,862285.0,0.747684,0.4745,SGP,IND,5503
2090694,208,104,1279,1995,11580.0,0.0,2.246997,1.060171,SWE,IND,5503
2090695,216,104,1279,1995,15986036.0,0.0,0.174522,1.608058,THA,IND,5503
2090696,224,104,1279,1995,216131.0,499886.0,0.166794,1.209066,TUR,IND,5503
2090697,227,104,1279,1995,0.0,3037.0,-1.053037,-1.001752,UGA,IND,5503
2090698,231,104,1279,1995,1256378.0,686129.0,1.771648,1.184,USA,IND,5503
2090699,239,104,1279,1995,0.0,396733.0,-1.0462069999999999,-0.269063,VNM,IND,5503
2090700,243,104,1279,1995,0.0,138802.0,-1.302346,-1.135961,YEM,IND,5503
2090701,246,104,1279,1995,256846.0,0.0,0.468112,1.039817,ZAF,IND,5503
2090702,249,104,1279,1995,12951389.0,123471.0,1.345205,1.9337389999999999,TWN,IND,5503
2090703,7,113,1279,1995,0.0,20304.0,-0.205166,-0.6132380000000001,ARE,JOR,5503
2090704,23,113,1279,1995,0.0,88545.0,0.436138,1.086561,BGR,JOR,5503
2090705,39,113,1279,1995,371411.0,0.0,1.077804,1.0724200000000002,CAN,JOR,5503
2090706,41,113,1279,1995,63241.0,0.0,2.1893029999999998,0.82765,CHE,JOR,5503
2090707,43,113,1279,1995,33596.0,0.0,0.387897,3.2147919999999996,CHN,JOR,5503
2090708,61,113,1279,1995,2109762.0,0.0,2.325385,-2.2238189999999998,DEU,JOR,5503
2090709,64,113,1279,1995,379814.0,0.0,1.3800270000000001,1.489036,DNK,JOR,5503
2090710,81,113,1279,1995,12448.0,0.0,1.8656979999999999,1.107121,GBR,JOR,5503
2090711,103,113,1279,1995,61938.0,0.0,-0.391727,1.174727,IDN,JOR,5503
2090712,104,113,1279,1995,12354.0,0.0,0.156183,1.9617380000000002,IND,JOR,5503
2090713,111,113,1279,1995,281087.0,0.0,1.503379,1.449094,ITA,JOR,5503
2090714,121,113,1279,1995,126178.0,0.0,0.845175,1.2761799999999999,KOR,JOR,5503
2090715,124,113,1279,1995,0.0,380617.0,0.027416000000000003,0.327795,LBN,JOR,5503
2090716,162,113,1279,1995,0.0,64098.0,1.304391,1.8819119999999998,NLD,JOR,5503
2090717,183,113,1279,1995,0.0,17167.0,-0.721352,-1.0827799999999999,QAT,JOR,5503
2090718,185,113,1279,1995,390452.0,0.0,0.621468,1.038729,ROU,JOR,5503
2090719,188,113,1279,1995,31497.0,82153.0,0.401573,-0.6676529999999999,SAU,JOR,5503
2090720,212,113,1279,1995,0.0,84178.0,-0.8829469999999999,-0.809407,SYR,JOR,5503
2090721,224,113,1279,1995,385061.0,0.0,0.166794,1.209066,TUR,JOR,5503
2090722,231,113,1279,1995,256530.0,0.0,1.771648,1.184,USA,JOR,5503
2090723,236,113,1279,1995,167892.0,0.0,0.299294,-0.635474,VEN,JOR,5503
2090724,249,113,1279,1995,3374.0,0.0,1.345205,1.9337389999999999,TWN,JOR,5503
2090725,250,113,1279,1995,0.0,534137.0,1.034518,0.9735149999999999,ANS,JOR,5503
2090726,7,114,1279,1995,0.0,982768.0,-0.205166,-0.6132380000000001,ARE,JPN,5503
2090727,8,114,1279,1995,0.0,49452.0,0.245885,0.5489850000000001,ARG,JPN,5503
2090728,14,114,1279,1995,47107.0,1381203.0,0.44442,0.789292,AUS,JPN,5503
2090729,15,114,1279,1995,632119.0,3752561.0,2.000295,0.661255,AUT,JPN,5503
2090730,18,114,1279,1995,111420.0,7729461.0,1.615588,1.394102,BEL,JPN,5503
2090731,31,114,1279,1995,0.0,11310.0,-0.440583,-0.688389,BOL,JPN,5503
2090732,32,114,1279,1995,0.0,645859.0,0.687171,1.188647,BRA,JPN,5503
2090733,39,114,1279,1995,9721.0,3594057.0,1.077804,1.0724200000000002,CAN,JPN,5503
2090734,41,114,1279,1995,58003.0,1906721.0,2.1893029999999998,0.82765,CHE,JPN,5503
2090735,42,114,1279,1995,0.0,38940.0,-0.073436,-0.192675,CHL,JPN,5503
2090736,43,114,1279,1995,1280467.0,247479347.0,0.387897,3.2147919999999996,CHN,JPN,5503
2090737,45,114,1279,1995,0.0,70332.0,-1.121716,-0.9758020000000001,CMR,JPN,5503
2090738,59,114,1279,1995,1318.0,57843.0,1.375091,1.628069,CZE,JPN,5503
2090739,61,114,1279,1995,2230210.0,23376601.0,2.325385,-2.2238189999999998,DEU,JPN,5503
2090740,64,114,1279,1995,1381343.0,0.0,1.3800270000000001,1.489036,DNK,JPN,5503
2090741,66,114,1279,1995,0.0,207910.0,-0.555409,-1.037972,DZA,JPN,5503
2090742,67,114,1279,1995,0.0,145092.0,-0.948154,-0.9595790000000001,ECU,JPN,5503
2090743,68,114,1279,1995,0.0,1199144.0,-0.340042,-0.085601,EGY,JPN,5503
2090744,69,114,1279,1995,0.0,173698.0,0.567988,-0.30390500000000004,ERI,JPN,5503
2090745,71,114,1279,1995,59213.0,1820108.0,1.144247,1.933844,ESP,JPN,5503
2090746,74,114,1279,1995,0.0,293434.0,2.0085740000000003,1.126816,FIN,JPN,5503
2090747,77,114,1279,1995,1206459.0,1913699.0,1.768484,0.765537,FRA,JPN,5503
2090748,81,114,1279,1995,4365914.0,15520955.0,1.8656979999999999,1.107121,GBR,JPN,5503
2090749,90,114,1279,1995,0.0,96860.0,0.17369,0.885756,GRC,JPN,5503
2090750,93,114,1279,1995,0.0,54171.0,-0.241468,0.170932,GTM,JPN,5503
2090751,97,114,1279,1995,128255.0,30476304.0,0.5244449999999999,2.682738,HKG,JPN,5503
2090752,102,114,1279,1995,0.0,1194982.0,0.878711,1.8200060000000002,HUN,JPN,5503
2090753,103,114,1279,1995,179068.0,53598778.0,-0.391727,1.174727,IDN,JPN,5503
2090754,104,114,1279,1995,512336.0,22108493.0,0.156183,1.9617380000000002,IND,JPN,5503
2090755,106,114,1279,1995,9323.0,1064616.0,1.349192,0.992099,IRL,JPN,5503
2090756,107,114,1279,1995,0.0,35889720.0,-0.821991,-1.071013,IRN,JPN,5503
2090757,110,114,1279,1995,0.0,121335.0,1.205368,1.189434,ISR,JPN,5503
2090758,111,114,1279,1995,515598.0,21114307.0,1.503379,1.449094,ITA,JPN,5503
2090759,116,114,1279,1995,0.0,164927.0,-0.303773,0.111305,KEN,JPN,5503
2090760,117,114,1279,1995,0.0,27146.0,0.361272,0.047797000000000006,KGZ,JPN,5503
2090761,121,114,1279,1995,5153843.0,44924135.0,0.845175,1.2761799999999999,KOR,JPN,5503
2090762,124,114,1279,1995,0.0,68119.0,0.027416000000000003,0.327795,LBN,JPN,5503
2090763,128,114,1279,1995,0.0,274991.0,-0.8358030000000001,-0.29397199999999996,LKA,JPN,5503
2090764,133,114,1279,1995,0.0,48798.0,-0.149794,-0.26961799999999997,MAC,JPN,5503
2090765,134,114,1279,1995,0.0,189570.0,-0.6481210000000001,-0.22345,MAR,JPN,5503
2090766,138,114,1279,1995,0.0,1073897.0,0.6414300000000001,0.9697520000000001,MEX,JPN,5503
2090767,143,114,1279,1995,0.0,574310.0,-1.5669309999999999,-1.124558,MMR,JPN,5503
2090768,153,114,1279,1995,2738.0,35602269.0,0.357745,0.374284,MYS,JPN,5503
2090769,162,114,1279,1995,839662.0,7398518.0,1.304391,1.8819119999999998,NLD,JPN,5503
2090770,163,114,1279,1995,0.0,587853.0,1.019741,0.394241,NOR,JPN,5503
2090771,166,114,1279,1995,0.0,526866.0,0.5558270000000001,0.773271,NZL,JPN,5503
2090772,168,114,1279,1995,0.0,18910537.0,-0.707965,-0.324784,PAK,JPN,5503
2090773,174,114,1279,1995,0.0,9427036.0,-0.480548,0.076564,PHL,JPN,5503
2090774,177,114,1279,1995,0.0,245443.0,0.76393,1.802648,POL,JPN,5503
2090775,178,114,1279,1995,0.0,4116.0,0.46509799999999996,0.645496,PRK,JPN,5503
2090776,179,114,1279,1995,0.0,194566.0,0.412677,1.254009,PRT,JPN,5503
2090777,186,114,1279,1995,0.0,127601.0,0.364437,0.171494,RUS,JPN,5503
2090778,188,114,1279,1995,0.0,3900953.0,0.401573,-0.6676529999999999,SAU,JPN,5503
2090779,192,114,1279,1995,0.0,981008.0,0.747684,0.4745,SGP,JPN,5503
2090780,197,114,1279,1995,0.0,142314.0,-0.17119600000000001,0.027889999999999998,SLV,JPN,5503
2090781,208,114,1279,1995,0.0,1708120.0,2.246997,1.060171,SWE,JPN,5503
2090782,216,114,1279,1995,805205.0,27806351.0,0.174522,1.608058,THA,JPN,5503
2090783,223,114,1279,1995,0.0,7355.0,-0.253792,-0.044331,TUN,JPN,5503
2090784,224,114,1279,1995,0.0,472439.0,0.166794,1.209066,TUR,JPN,5503
2090785,231,114,1279,1995,13670364.0,48004555.0,1.771648,1.184,USA,JPN,5503
2090786,239,114,1279,1995,0.0,1751179.0,-1.0462069999999999,-0.269063,VNM,JPN,5503
2090787,246,114,1279,1995,3156.0,7469362.0,0.468112,1.039817,ZAF,JPN,5503
2090788,248,114,1279,1995,0.0,388507.0,-0.054752999999999996,0.326737,ZWE,JPN,5503
2090789,249,114,1279,1995,4485523.0,50836657.0,1.345205,1.9337389999999999,TWN,JPN,5503
2090790,28,117,1279,1995,99072.0,0.0,0.5290279999999999,0.27031700000000003,BLR,KGZ,5503
2090791,114,117,1279,1995,27146.0,0.0,2.56822,0.927307,JPN,KGZ,5503
2090792,132,117,1279,1995,147424.0,0.0,0.25453400000000004,0.174809,LVA,KGZ,5503
2090793,186,117,1279,1995,571510.0,56758.0,0.364437,0.171494,RUS,KGZ,5503
2090794,23,132,1279,1995,0.0,30740.0,0.436138,1.086561,BGR,LVA,5503
2090795,28,132,1279,1995,35239.0,0.0,0.5290279999999999,0.27031700000000003,BLR,LVA,5503
2090796,61,132,1279,1995,61961.0,47007.0,2.325385,-2.2238189999999998,DEU,LVA,5503
2090797,72,132,1279,1995,12261.0,328328.0,0.530041,1.134288,EST,LVA,5503
2090798,77,132,1279,1995,2136.0,0.0,1.768484,0.765537,FRA,LVA,5503
2090799,81,132,1279,1995,0.0,390555.0,1.8656979999999999,1.107121,GBR,LVA,5503
2090800,111,132,1279,1995,35818.0,0.0,1.503379,1.449094,ITA,LVA,5503
2090801,117,132,1279,1995,0.0,147424.0,0.361272,0.047797000000000006,KGZ,LVA,5503
2090802,130,132,1279,1995,0.0,887970.0,0.41220500000000004,0.966966,LTU,LVA,5503
2090803,135,132,1279,1995,0.0,186974.0,0.394058,0.124474,MDA,LVA,5503
2090804,162,132,1279,1995,0.0,149734.0,1.304391,1.8819119999999998,NLD,LVA,5503
2090805,177,132,1279,1995,0.0,691.0,0.76393,1.802648,POL,LVA,5503
2090806,228,132,1279,1995,0.0,18657.0,0.428875,0.20489899999999997,UKR,LVA,5503
2090807,61,142,1279,1995,72122.0,0.0,2.325385,-2.2238189999999998,DEU,MLT,5503
2090808,81,142,1279,1995,4850.0,0.0,1.8656979999999999,1.107121,GBR,MLT,5503
2090809,106,142,1279,1995,10046.0,0.0,1.349192,0.992099,IRL,MLT,5503
2090810,111,142,1279,1995,298610.0,0.0,1.503379,1.449094,ITA,MLT,5503
2090811,138,142,1279,1995,45472.0,0.0,0.6414300000000001,0.9697520000000001,MEX,MLT,5503
2090812,186,142,1279,1995,5399.0,0.0,0.364437,0.171494,RUS,MLT,5503
2090813,224,142,1279,1995,103590.0,0.0,0.166794,1.209066,TUR,MLT,5503
2090814,14,166,1279,1995,204003.0,72640.0,0.44442,0.789292,AUS,NZL,5503
2090815,18,166,1279,1995,75450.0,0.0,1.615588,1.394102,BEL,NZL,5503
2090816,41,166,1279,1995,2517.0,0.0,2.1893029999999998,0.82765,CHE,NZL,5503
2090817,61,166,1279,1995,544746.0,0.0,2.325385,-2.2238189999999998,DEU,NZL,5503
2090818,77,166,1279,1995,6071.0,0.0,1.768484,0.765537,FRA,NZL,5503
2090819,81,166,1279,1995,966248.0,18830.0,1.8656979999999999,1.107121,GBR,NZL,5503
2090820,103,166,1279,1995,74619.0,0.0,-0.391727,1.174727,IDN,NZL,5503
2090821,104,166,1279,1995,28273.0,0.0,0.156183,1.9617380000000002,IND,NZL,5503
2090822,106,166,1279,1995,526182.0,0.0,1.349192,0.992099,IRL,NZL,5503
2090823,111,166,1279,1995,1489.0,0.0,1.503379,1.449094,ITA,NZL,5503
2090824,114,166,1279,1995,526866.0,0.0,2.56822,0.927307,JPN,NZL,5503
2090825,121,166,1279,1995,1158457.0,0.0,0.845175,1.2761799999999999,KOR,NZL,5503
2090826,162,166,1279,1995,112616.0,0.0,1.304391,1.8819119999999998,NLD,NZL,5503
2090827,192,166,1279,1995,0.0,3399.0,0.747684,0.4745,SGP,NZL,5503
2090828,231,166,1279,1995,933834.0,0.0,1.771648,1.184,USA,NZL,5503
2090829,246,166,1279,1995,255865.0,0.0,0.468112,1.039817,ZAF,NZL,5503
2090830,249,166,1279,1995,2214783.0,0.0,1.345205,1.9337389999999999,TWN,NZL,5503
2090831,250,166,1279,1995,1231.0,0.0,1.034518,0.9735149999999999,ANS,NZL,5503
2090832,7,167,1279,1995,16016.0,0.0,-0.205166,-0.6132380000000001,ARE,OMN,5503
2090833,77,167,1279,1995,1145.0,0.0,1.768484,0.765537,FRA,OMN,5503
2090834,106,167,1279,1995,203771.0,0.0,1.349192,0.992099,IRL,OMN,5503
2090835,216,167,1279,1995,20100.0,0.0,0.174522,1.608058,THA,OMN,5503
2090836,231,167,1279,1995,35049.0,0.0,1.771648,1.184,USA,OMN,5503
2090837,15,185,1279,1995,0.0,65438.0,2.000295,0.661255,AUT,ROU,5503
2090838,18,185,1279,1995,21647.0,245506.0,1.615588,1.394102,BEL,ROU,5503
2090839,23,185,1279,1995,0.0,328000.0,0.436138,1.086561,BGR,ROU,5503
2090840,28,185,1279,1995,224148.0,0.0,0.5290279999999999,0.27031700000000003,BLR,ROU,5503
2090841,32,185,1279,1995,0.0,339490.0,0.687171,1.188647,BRA,ROU,5503
2090842,41,185,1279,1995,1186.0,0.0,2.1893029999999998,0.82765,CHE,ROU,5503
2090843,43,185,1279,1995,2532.0,553929.0,0.387897,3.2147919999999996,CHN,ROU,5503
2090844,59,185,1279,1995,76358.0,0.0,1.375091,1.628069,CZE,ROU,5503
2090845,61,185,1279,1995,339811.0,1016458.0,2.325385,-2.2238189999999998,DEU,ROU,5503
2090846,68,185,1279,1995,0.0,2524486.0,-0.340042,-0.085601,EGY,ROU,5503
2090847,71,185,1279,1995,0.0,110295.0,1.144247,1.933844,ESP,ROU,5503
2090848,74,185,1279,1995,0.0,28614.0,2.0085740000000003,1.126816,FIN,ROU,5503
2090849,77,185,1279,1995,5210.0,151337.0,1.768484,0.765537,FRA,ROU,5503
2090850,81,185,1279,1995,4462.0,0.0,1.8656979999999999,1.107121,GBR,ROU,5503
2090851,83,185,1279,1995,0.0,230000.0,-1.247755,-1.070455,GHA,ROU,5503
2090852,100,185,1279,1995,0.0,20801.0,0.75325,1.395715,HRV,ROU,5503
2090853,102,185,1279,1995,134556.0,18593.0,0.878711,1.8200060000000002,HUN,ROU,5503
2090854,104,185,1279,1995,0.0,68229.0,0.156183,1.9617380000000002,IND,ROU,5503
2090855,107,185,1279,1995,0.0,480000.0,-0.821991,-1.071013,IRN,ROU,5503
2090856,110,185,1279,1995,0.0,27160.0,1.205368,1.189434,ISR,ROU,5503
2090857,111,185,1279,1995,4086567.0,1795573.0,1.503379,1.449094,ITA,ROU,5503
2090858,113,185,1279,1995,0.0,390452.0,0.666542,0.326785,JOR,ROU,5503
2090859,134,185,1279,1995,0.0,2142017.0,-0.6481210000000001,-0.22345,MAR,ROU,5503
2090860,135,185,1279,1995,4730.0,954748.0,0.394058,0.124474,MDA,ROU,5503
2090861,140,185,1279,1995,0.0,114672.0,0.34174,0.648467,MKD,ROU,5503
2090862,162,185,1279,1995,9134.0,28715.0,1.304391,1.8819119999999998,NLD,ROU,5503
2090863,168,185,1279,1995,0.0,11960000.0,-0.707965,-0.324784,PAK,ROU,5503
2090864,177,185,1279,1995,133416.0,0.0,0.76393,1.802648,POL,ROU,5503
2090865,189,185,1279,1995,25255.0,556000.0,1.032118,1.180409,SCG,ROU,5503
2090866,207,185,1279,1995,0.0,4435.0,1.424606,1.490521,SVN,ROU,5503
2090867,208,185,1279,1995,46669.0,28692.0,2.246997,1.060171,SWE,ROU,5503
2090868,212,185,1279,1995,0.0,32000.0,-0.8829469999999999,-0.809407,SYR,ROU,5503
2090869,224,185,1279,1995,5421.0,5042937.0,0.166794,1.209066,TUR,ROU,5503
2090870,231,185,1279,1995,0.0,238471.0,1.771648,1.184,USA,ROU,5503
2090871,18,188,1279,1995,378782.0,0.0,1.615588,1.394102,BEL,SAU,5503
2090872,43,188,1279,1995,4070268.0,0.0,0.387897,3.2147919999999996,CHN,SAU,5503
2090873,61,188,1279,1995,682909.0,0.0,2.325385,-2.2238189999999998,DEU,SAU,5503
2090874,68,188,1279,1995,129311.0,0.0,-0.340042,-0.085601,EGY,SAU,5503
2090875,71,188,1279,1995,2410422.0,0.0,1.144247,1.933844,ESP,SAU,5503
2090876,73,188,1279,1995,0.0,12284.0,-1.3387120000000001,-1.123621,ETH,SAU,5503
2090877,77,188,1279,1995,21722.0,15063.0,1.768484,0.765537,FRA,SAU,5503
2090878,81,188,1279,1995,368366.0,0.0,1.8656979999999999,1.107121,GBR,SAU,5503
2090879,97,188,1279,1995,10494.0,0.0,0.5244449999999999,2.682738,HKG,SAU,5503
2090880,103,188,1279,1995,2979928.0,0.0,-0.391727,1.174727,IDN,SAU,5503
2090881,104,188,1279,1995,803526.0,0.0,0.156183,1.9617380000000002,IND,SAU,5503
2090882,106,188,1279,1995,82507.0,0.0,1.349192,0.992099,IRL,SAU,5503
2090883,111,188,1279,1995,4008988.0,0.0,1.503379,1.449094,ITA,SAU,5503
2090884,113,188,1279,1995,82153.0,31497.0,0.666542,0.326785,JOR,SAU,5503
2090885,114,188,1279,1995,3900953.0,0.0,2.56822,0.927307,JPN,SAU,5503
2090886,121,188,1279,1995,4145751.0,0.0,0.845175,1.2761799999999999,KOR,SAU,5503
2090887,138,188,1279,1995,14720.0,0.0,0.6414300000000001,0.9697520000000001,MEX,SAU,5503
2090888,153,188,1279,1995,172390.0,0.0,0.357745,0.374284,MYS,SAU,5503
2090889,162,188,1279,1995,44701.0,0.0,1.304391,1.8819119999999998,NLD,SAU,5503
2090890,168,188,1279,1995,460749.0,0.0,-0.707965,-0.324784,PAK,SAU,5503
2090891,178,188,1279,1995,1297318.0,0.0,0.46509799999999996,0.645496,PRK,SAU,5503
2090892,192,188,1279,1995,196058.0,0.0,0.747684,0.4745,SGP,SAU,5503
2090893,216,188,1279,1995,2291632.0,0.0,0.174522,1.608058,THA,SAU,5503
2090894,224,188,1279,1995,209300.0,28541.0,0.166794,1.209066,TUR,SAU,5503
2090895,231,188,1279,1995,7205768.0,0.0,1.771648,1.184,USA,SAU,5503
2090896,249,188,1279,1995,2944009.0,0.0,1.345205,1.9337389999999999,TWN,SAU,5503
2090897,14,192,1279,1995,3454.0,0.0,0.44442,0.789292,AUS,SGP,5503
2090898,18,192,1279,1995,3855.0,0.0,1.615588,1.394102,BEL,SGP,5503
2090899,22,192,1279,1995,0.0,772002.0,-1.037175,-0.983195,BGD,SGP,5503
2090900,43,192,1279,1995,14117.0,1592181.0,0.387897,3.2147919999999996,CHN,SGP,5503
2090901,61,192,1279,1995,41315.0,44366.0,2.325385,-2.2238189999999998,DEU,SGP,5503
2090902,71,192,1279,1995,0.0,19437.0,1.144247,1.933844,ESP,SGP,5503
2090903,81,192,1279,1995,154373.0,27954.0,1.8656979999999999,1.107121,GBR,SGP,5503
2090904,97,192,1279,1995,24797.0,170603.0,0.5244449999999999,2.682738,HKG,SGP,5503
2090905,103,192,1279,1995,76685.0,921159.0,-0.391727,1.174727,IDN,SGP,5503
2090906,104,192,1279,1995,862285.0,514704.0,0.156183,1.9617380000000002,IND,SGP,5503
2090907,110,192,1279,1995,0.0,43866.0,1.205368,1.189434,ISR,SGP,5503
2090908,111,192,1279,1995,1092.0,0.0,1.503379,1.449094,ITA,SGP,5503
2090909,114,192,1279,1995,981008.0,0.0,2.56822,0.927307,JPN,SGP,5503
2090910,121,192,1279,1995,411533.0,0.0,0.845175,1.2761799999999999,KOR,SGP,5503
2090911,128,192,1279,1995,0.0,48215.0,-0.8358030000000001,-0.29397199999999996,LKA,SGP,5503
2090912,134,192,1279,1995,0.0,20724.0,-0.6481210000000001,-0.22345,MAR,SGP,5503
2090913,138,192,1279,1995,24224.0,27369.0,0.6414300000000001,0.9697520000000001,MEX,SGP,5503
2090914,153,192,1279,1995,1205343.0,1379816.0,0.357745,0.374284,MYS,SGP,5503
2090915,162,192,1279,1995,657398.0,0.0,1.304391,1.8819119999999998,NLD,SGP,5503
2090916,166,192,1279,1995,3399.0,0.0,0.5558270000000001,0.773271,NZL,SGP,5503
2090917,174,192,1279,1995,0.0,1367561.0,-0.480548,0.076564,PHL,SGP,5503
2090918,188,192,1279,1995,0.0,196058.0,0.401573,-0.6676529999999999,SAU,SGP,5503
2090919,211,192,1279,1995,0.0,5915.0,-0.103343,-0.57371,SYC,SGP,5503
2090920,216,192,1279,1995,797920.0,20388.0,0.174522,1.608058,THA,SGP,5503
2090921,231,192,1279,1995,605232.0,0.0,1.771648,1.184,USA,SGP,5503
2090922,239,192,1279,1995,0.0,38647.0,-1.0462069999999999,-0.269063,VNM,SGP,5503
2090923,246,192,1279,1995,22210.0,134818.0,0.468112,1.039817,ZAF,SGP,5503
2090924,247,192,1279,1995,0.0,2663.0,-0.214763,-0.721675,ZMB,SGP,5503
2090925,249,192,1279,1995,4103620.0,487735.0,1.345205,1.9337389999999999,TWN,SGP,5503
2090926,15,206,1279,1995,0.0,51230.0,2.000295,0.661255,AUT,SVK,5503
2090927,18,206,1279,1995,53760.0,18445.0,1.615588,1.394102,BEL,SVK,5503
2090928,23,206,1279,1995,24592.0,188873.0,0.436138,1.086561,BGR,SVK,5503
2090929,28,206,1279,1995,101926.0,0.0,0.5290279999999999,0.27031700000000003,BLR,SVK,5503
2090930,41,206,1279,1995,4411.0,0.0,2.1893029999999998,0.82765,CHE,SVK,5503
2090931,59,206,1279,1995,635791.0,5649392.0,1.375091,1.628069,CZE,SVK,5503
2090932,61,206,1279,1995,156581.0,2531682.0,2.325385,-2.2238189999999998,DEU,SVK,5503
2090933,64,206,1279,1995,0.0,19897.0,1.3800270000000001,1.489036,DNK,SVK,5503
2090934,68,206,1279,1995,4456.0,0.0,-0.340042,-0.085601,EGY,SVK,5503
2090935,71,206,1279,1995,9375.0,0.0,1.144247,1.933844,ESP,SVK,5503
2090936,72,206,1279,1995,0.0,16231.0,0.530041,1.134288,EST,SVK,5503
2090937,81,206,1279,1995,16788.0,0.0,1.8656979999999999,1.107121,GBR,SVK,5503
2090938,102,206,1279,1995,148088.0,13230.0,0.878711,1.8200060000000002,HUN,SVK,5503
2090939,106,206,1279,1995,4023.0,0.0,1.349192,0.992099,IRL,SVK,5503
2090940,107,206,1279,1995,0.0,14477.0,-0.821991,-1.071013,IRN,SVK,5503
2090941,111,206,1279,1995,0.0,304948.0,1.503379,1.449094,ITA,SVK,5503
2090942,162,206,1279,1995,0.0,13789.0,1.304391,1.8819119999999998,NLD,SVK,5503
2090943,163,206,1279,1995,0.0,42015.0,1.019741,0.394241,NOR,SVK,5503
2090944,177,206,1279,1995,80918.0,752063.0,0.76393,1.802648,POL,SVK,5503
2090945,186,206,1279,1995,0.0,363825.0,0.364437,0.171494,RUS,SVK,5503
2090946,207,206,1279,1995,0.0,315490.0,1.424606,1.490521,SVN,SVK,5503
2090947,224,206,1279,1995,0.0,265463.0,0.166794,1.209066,TUR,SVK,5503
2090948,228,206,1279,1995,54872.0,124643.0,0.428875,0.20489899999999997,UKR,SVK,5503
2090949,249,206,1279,1995,202119.0,0.0,1.345205,1.9337389999999999,TWN,SVK,5503
2090950,15,207,1279,1995,963832.0,0.0,2.000295,0.661255,AUT,SVN,5503
2090951,18,207,1279,1995,45889.0,11227.0,1.615588,1.394102,BEL,SVN,5503
2090952,23,207,1279,1995,0.0,8508.0,0.436138,1.086561,BGR,SVN,5503
2090953,26,207,1279,1995,0.0,1334.0,0.208931,0.053763,BIH,SVN,5503
2090954,28,207,1279,1995,852040.0,0.0,0.5290279999999999,0.27031700000000003,BLR,SVN,5503
2090955,41,207,1279,1995,102456.0,0.0,2.1893029999999998,0.82765,CHE,SVN,5503
2090956,59,207,1279,1995,17131.0,1354.0,1.375091,1.628069,CZE,SVN,5503
2090957,61,207,1279,1995,2890597.0,29761.0,2.325385,-2.2238189999999998,DEU,SVN,5503
2090958,64,207,1279,1995,100205.0,0.0,1.3800270000000001,1.489036,DNK,SVN,5503
2090959,71,207,1279,1995,3778.0,0.0,1.144247,1.933844,ESP,SVN,5503
2090960,77,207,1279,1995,24213.0,0.0,1.768484,0.765537,FRA,SVN,5503
2090961,81,207,1279,1995,74710.0,0.0,1.8656979999999999,1.107121,GBR,SVN,5503
2090962,100,207,1279,1995,103390.0,70145.0,0.75325,1.395715,HRV,SVN,5503
2090963,102,207,1279,1995,35075.0,0.0,0.878711,1.8200060000000002,HUN,SVN,5503
2090964,106,207,1279,1995,323807.0,0.0,1.349192,0.992099,IRL,SVN,5503
2090965,111,207,1279,1995,5019932.0,18184.0,1.503379,1.449094,ITA,SVN,5503
2090966,121,207,1279,1995,14949.0,0.0,0.845175,1.2761799999999999,KOR,SVN,5503
2090967,140,207,1279,1995,624532.0,0.0,0.34174,0.648467,MKD,SVN,5503
2090968,162,207,1279,1995,2323.0,0.0,1.304391,1.8819119999999998,NLD,SVN,5503
2090969,177,207,1279,1995,91397.0,0.0,0.76393,1.802648,POL,SVN,5503
2090970,179,207,1279,1995,0.0,956.0,0.412677,1.254009,PRT,SVN,5503
2090971,185,207,1279,1995,4435.0,0.0,0.621468,1.038729,ROU,SVN,5503
2090972,186,207,1279,1995,316853.0,0.0,0.364437,0.171494,RUS,SVN,5503
2090973,206,207,1279,1995,315490.0,0.0,1.2249780000000001,1.405585,SVK,SVN,5503
2090974,216,207,1279,1995,1909.0,0.0,0.174522,1.608058,THA,SVN,5503
2090975,224,207,1279,1995,0.0,134476.0,0.166794,1.209066,TUR,SVN,5503
2090976,231,207,1279,1995,45187.0,0.0,1.771648,1.184,USA,SVN,5503
2090977,15,208,1279,1995,302563.0,1402.0,2.000295,0.661255,AUT,SWE,5503
2090978,18,208,1279,1995,638219.0,4869.0,1.615588,1.394102,BEL,SWE,5503
2090979,39,208,1279,1995,0.0,3092.0,1.077804,1.0724200000000002,CAN,SWE,5503
2090980,41,208,1279,1995,3347400.0,5291.0,2.1893029999999998,0.82765,CHE,SWE,5503
2090981,59,208,1279,1995,37491.0,0.0,1.375091,1.628069,CZE,SWE,5503
2090982,61,208,1279,1995,10324998.0,115745.0,2.325385,-2.2238189999999998,DEU,SWE,5503
2090983,64,208,1279,1995,394856.0,10320.0,1.3800270000000001,1.489036,DNK,SWE,5503
2090984,71,208,1279,1995,327816.0,9084.0,1.144247,1.933844,ESP,SWE,5503
2090985,72,208,1279,1995,0.0,15048.0,0.530041,1.134288,EST,SWE,5503
2090986,74,208,1279,1995,2559.0,564891.0,2.0085740000000003,1.126816,FIN,SWE,5503
2090987,77,208,1279,1995,47965.0,10941.0,1.768484,0.765537,FRA,SWE,5503
2090988,81,208,1279,1995,3281164.0,4260.0,1.8656979999999999,1.107121,GBR,SWE,5503
2090989,104,208,1279,1995,0.0,11580.0,0.156183,1.9617380000000002,IND,SWE,5503
2090990,106,208,1279,1995,1664731.0,0.0,1.349192,0.992099,IRL,SWE,5503
2090991,109,208,1279,1995,0.0,2414.0,0.161331,-0.45210100000000003,ISL,SWE,5503
2090992,111,208,1279,1995,234123.0,1890.0,1.503379,1.449094,ITA,SWE,5503
2090993,114,208,1279,1995,1708120.0,0.0,2.56822,0.927307,JPN,SWE,5503
2090994,121,208,1279,1995,393399.0,0.0,0.845175,1.2761799999999999,KOR,SWE,5503
2090995,138,208,1279,1995,6037.0,0.0,0.6414300000000001,0.9697520000000001,MEX,SWE,5503
2090996,162,208,1279,1995,1044522.0,2619074.0,1.304391,1.8819119999999998,NLD,SWE,5503
2090997,163,208,1279,1995,25932.0,58667.0,1.019741,0.394241,NOR,SWE,5503
2090998,177,208,1279,1995,75324.0,2615.0,0.76393,1.802648,POL,SWE,5503
2090999,185,208,1279,1995,28692.0,46669.0,0.621468,1.038729,ROU,SWE,5503
2091000,186,208,1279,1995,0.0,9241.0,0.364437,0.171494,RUS,SWE,5503
2091001,216,208,1279,1995,0.0,1337.0,0.174522,1.608058,THA,SWE,5503
2091002,224,208,1279,1995,499830.0,0.0,0.166794,1.209066,TUR,SWE,5503
2091003,231,208,1279,1995,163199.0,70938.0,1.771648,1.184,USA,SWE,5503
2091004,249,208,1279,1995,589353.0,0.0,1.345205,1.9337389999999999,TWN,SWE,5503
2091005,15,224,1279,1995,23370.0,1416.0,2.000295,0.661255,AUT,TUR,5503
2091006,18,224,1279,1995,443998.0,104469.0,1.615588,1.394102,BEL,TUR,5503
2091007,23,224,1279,1995,3773346.0,0.0,0.436138,1.086561,BGR,TUR,5503
2091008,28,224,1279,1995,86315.0,0.0,0.5290279999999999,0.27031700000000003,BLR,TUR,5503
2091009,32,224,1279,1995,0.0,942925.0,0.687171,1.188647,BRA,TUR,5503
2091010,39,224,1279,1995,0.0,319550.0,1.077804,1.0724200000000002,CAN,TUR,5503
2091011,41,224,1279,1995,9416.0,380992.0,2.1893029999999998,0.82765,CHE,TUR,5503
2091012,43,224,1279,1995,0.0,8330827.0,0.387897,3.2147919999999996,CHN,TUR,5503
2091013,49,224,1279,1995,0.0,13345.0,0.094335,0.13047999999999998,COL,TUR,5503
2091014,58,224,1279,1995,0.0,22311.0,0.263764,0.030358999999999997,CYP,TUR,5503
2091015,59,224,1279,1995,75206.0,0.0,1.375091,1.628069,CZE,TUR,5503
2091016,61,224,1279,1995,16593741.0,291381.0,2.325385,-2.2238189999999998,DEU,TUR,5503
2091017,64,224,1279,1995,55221.0,17607.0,1.3800270000000001,1.489036,DNK,TUR,5503
2091018,66,224,1279,1995,0.0,588138.0,-0.555409,-1.037972,DZA,TUR,5503
2091019,68,224,1279,1995,0.0,2271880.0,-0.340042,-0.085601,EGY,TUR,5503
2091020,71,224,1279,1995,2663112.0,2356327.0,1.144247,1.933844,ESP,TUR,5503
2091021,77,224,1279,1995,59799.0,3369397.0,1.768484,0.765537,FRA,TUR,5503
2091022,80,224,1279,1995,11748.0,0.0,-1.445673,-1.099128,GAB,TUR,5503
2091023,81,224,1279,1995,591412.0,1956709.0,1.8656979999999999,1.107121,GBR,TUR,5503
2091024,90,224,1279,1995,0.0,445360.0,0.17369,0.885756,GRC,TUR,5503
2091025,97,224,1279,1995,0.0,2689088.0,0.5244449999999999,2.682738,HKG,TUR,5503
2091026,100,224,1279,1995,66200.0,0.0,0.75325,1.395715,HRV,TUR,5503
2091027,102,224,1279,1995,222072.0,0.0,0.878711,1.8200060000000002,HUN,TUR,5503
2091028,103,224,1279,1995,438446.0,1861875.0,-0.391727,1.174727,IDN,TUR,5503
2091029,104,224,1279,1995,499886.0,216131.0,0.156183,1.9617380000000002,IND,TUR,5503
2091030,106,224,1279,1995,656758.0,85563.0,1.349192,0.992099,IRL,TUR,5503
2091031,107,224,1279,1995,0.0,370336.0,-0.821991,-1.071013,IRN,TUR,5503
2091032,110,224,1279,1995,0.0,439247.0,1.205368,1.189434,ISR,TUR,5503
2091033,111,224,1279,1995,19038933.0,6313021.0,1.503379,1.449094,ITA,TUR,5503
2091034,113,224,1279,1995,0.0,385061.0,0.666542,0.326785,JOR,TUR,5503
2091035,114,224,1279,1995,472439.0,0.0,2.56822,0.927307,JPN,TUR,5503
2091036,121,224,1279,1995,10664013.0,0.0,0.845175,1.2761799999999999,KOR,TUR,5503
2091037,122,224,1279,1995,0.0,123430.0,-0.226273,-1.02354,KWT,TUR,5503
2091038,124,224,1279,1995,0.0,1093.0,0.027416000000000003,0.327795,LBN,TUR,5503
2091039,134,224,1279,1995,0.0,1241757.0,-0.6481210000000001,-0.22345,MAR,TUR,5503
2091040,138,224,1279,1995,300710.0,0.0,0.6414300000000001,0.9697520000000001,MEX,TUR,5503
2091041,140,224,1279,1995,5697854.0,34325.0,0.34174,0.648467,MKD,TUR,5503
2091042,142,224,1279,1995,0.0,103590.0,0.842519,0.11882899999999999,MLT,TUR,5503
2091043,162,224,1279,1995,36848.0,81896.0,1.304391,1.8819119999999998,NLD,TUR,5503
2091044,168,224,1279,1995,0.0,4416783.0,-0.707965,-0.324784,PAK,TUR,5503
2091045,177,224,1279,1995,212513.0,184355.0,0.76393,1.802648,POL,TUR,5503
2091046,179,224,1279,1995,2115516.0,27933.0,0.412677,1.254009,PRT,TUR,5503
2091047,185,224,1279,1995,5042937.0,5421.0,0.621468,1.038729,ROU,TUR,5503
2091048,186,224,1279,1995,2981829.0,1728.0,0.364437,0.171494,RUS,TUR,5503
2091049,188,224,1279,1995,28541.0,209300.0,0.401573,-0.6676529999999999,SAU,TUR,5503
2091050,206,224,1279,1995,265463.0,0.0,1.2249780000000001,1.405585,SVK,TUR,5503
2091051,207,224,1279,1995,134476.0,0.0,1.424606,1.490521,SVN,TUR,5503
2091052,208,224,1279,1995,0.0,499830.0,2.246997,1.060171,SWE,TUR,5503
2091053,212,224,1279,1995,0.0,860369.0,-0.8829469999999999,-0.809407,SYR,TUR,5503
2091054,223,224,1279,1995,0.0,12623.0,-0.253792,-0.044331,TUN,TUR,5503
2091055,231,224,1279,1995,800857.0,3454914.0,1.771648,1.184,USA,TUR,5503
2091056,232,224,1279,1995,16420.0,0.0,-0.29740900000000003,-0.9456190000000001,UZB,TUR,5503
2091057,246,224,1279,1995,276907.0,246509.0,0.468112,1.039817,ZAF,TUR,5503
2091058,248,224,1279,1995,0.0,66664.0,-0.054752999999999996,0.326737,ZWE,TUR,5503
2091059,249,224,1279,1995,36690.0,0.0,1.345205,1.9337389999999999,TWN,TUR,5503
2091060,250,224,1279,1995,99319.0,1088788.0,1.034518,0.9735149999999999,ANS,TUR,5503
2091061,7,246,1279,1995,0.0,2646.0,-0.205166,-0.6132380000000001,ARE,ZAF,5503
2091062,14,246,1279,1995,26047.0,948861.0,0.44442,0.789292,AUS,ZAF,5503
2091063,18,246,1279,1995,38026.0,2372021.0,1.615588,1.394102,BEL,ZAF,5503
2091064,32,246,1279,1995,13757.0,36935.0,0.687171,1.188647,BRA,ZAF,5503
2091065,39,246,1279,1995,0.0,6902.0,1.077804,1.0724200000000002,CAN,ZAF,5503
2091066,41,246,1279,1995,79999.0,19548.0,2.1893029999999998,0.82765,CHE,ZAF,5503
2091067,42,246,1279,1995,0.0,149557.0,-0.073436,-0.192675,CHL,ZAF,5503
2091068,43,246,1279,1995,29806.0,120341.0,0.387897,3.2147919999999996,CHN,ZAF,5503
2091069,45,246,1279,1995,0.0,290539.0,-1.121716,-0.9758020000000001,CMR,ZAF,5503
2091070,61,246,1279,1995,5135339.0,72498.0,2.325385,-2.2238189999999998,DEU,ZAF,5503
2091071,64,246,1279,1995,134585.0,0.0,1.3800270000000001,1.489036,DNK,ZAF,5503
2091072,67,246,1279,1995,0.0,3219.0,-0.948154,-0.9595790000000001,ECU,ZAF,5503
2091073,68,246,1279,1995,0.0,212904.0,-0.340042,-0.085601,EGY,ZAF,5503
2091074,71,246,1279,1995,292281.0,579313.0,1.144247,1.933844,ESP,ZAF,5503
2091075,77,246,1279,1995,141550.0,0.0,1.768484,0.765537,FRA,ZAF,5503
2091076,81,246,1279,1995,1481517.0,159768.0,1.8656979999999999,1.107121,GBR,ZAF,5503
2091077,97,246,1279,1995,7333.0,0.0,0.5244449999999999,2.682738,HKG,ZAF,5503
2091078,103,246,1279,1995,0.0,83865.0,-0.391727,1.174727,IDN,ZAF,5503
2091079,104,246,1279,1995,0.0,256846.0,0.156183,1.9617380000000002,IND,ZAF,5503
2091080,106,246,1279,1995,507303.0,0.0,1.349192,0.992099,IRL,ZAF,5503
2091081,107,246,1279,1995,0.0,1518562.0,-0.821991,-1.071013,IRN,ZAF,5503
2091082,110,246,1279,1995,0.0,144427.0,1.205368,1.189434,ISR,ZAF,5503
2091083,111,246,1279,1995,5722971.0,345606.0,1.503379,1.449094,ITA,ZAF,5503
2091084,114,246,1279,1995,7469362.0,3156.0,2.56822,0.927307,JPN,ZAF,5503
2091085,116,246,1279,1995,20745.0,3524404.0,-0.303773,0.111305,KEN,ZAF,5503
2091086,121,246,1279,1995,3925069.0,0.0,0.845175,1.2761799999999999,KOR,ZAF,5503
2091087,136,246,1279,1995,0.0,203524.0,-1.178074,-0.6167,MDG,ZAF,5503
2091088,138,246,1279,1995,71766.0,0.0,0.6414300000000001,0.9697520000000001,MEX,ZAF,5503
2091089,147,246,1279,1995,0.0,11152.0,-1.031627,-1.02484,MOZ,ZAF,5503
2091090,151,246,1279,1995,0.0,5717.0,-0.432644,-0.574298,MUS,ZAF,5503
2091091,152,246,1279,1995,0.0,15966.0,-1.1277709999999999,-1.0603049999999998,MWI,ZAF,5503
2091092,153,246,1279,1995,232501.0,61847.0,0.357745,0.374284,MYS,ZAF,5503
2091093,159,246,1279,1995,0.0,790589.0,-2.108206,-1.2017520000000002,NGA,ZAF,5503
2091094,162,246,1279,1995,105961.0,0.0,1.304391,1.8819119999999998,NLD,ZAF,5503
2091095,163,246,1279,1995,0.0,37794.0,1.019741,0.394241,NOR,ZAF,5503
2091096,166,246,1279,1995,0.0,255865.0,0.5558270000000001,0.773271,NZL,ZAF,5503
2091097,168,246,1279,1995,0.0,19921670.0,-0.707965,-0.324784,PAK,ZAF,5503
2091098,174,246,1279,1995,0.0,8538.0,-0.480548,0.076564,PHL,ZAF,5503
2091099,179,246,1279,1995,926953.0,0.0,0.412677,1.254009,PRT,ZAF,5503
2091100,184,246,1279,1995,0.0,14563.0,0.728825,-0.178569,REU,ZAF,5503
2091101,192,246,1279,1995,134818.0,22210.0,0.747684,0.4745,SGP,ZAF,5503
2091102,216,246,1279,1995,1276.0,0.0,0.174522,1.608058,THA,ZAF,5503
2091103,218,246,1279,1995,0.0,395451.0,0.677934,-0.432701,TKL,ZAF,5503
2091104,224,246,1279,1995,246509.0,276907.0,0.166794,1.209066,TUR,ZAF,5503
2091105,226,246,1279,1995,0.0,29324.0,-1.219949,-0.8698969999999999,TZA,ZAF,5503
2091106,231,246,1279,1995,1768576.0,109602.0,1.771648,1.184,USA,ZAF,5503
2091107,247,246,1279,1995,0.0,283034.0,-0.214763,-0.721675,ZMB,ZAF,5503
2091108,248,246,1279,1995,0.0,494350.0,-0.054752999999999996,0.326737,ZWE,ZAF,5503
2091109,249,246,1279,1995,2618366.0,0.0,1.345205,1.9337389999999999,TWN,ZAF,5503
2091110,15,8,1279,1995,1084.0,0.0,2.000295,0.661255,AUT,ARG,5503
2091111,31,8,1279,1995,0.0,10774.0,-0.440583,-0.688389,BOL,ARG,5503
2091112,32,8,1279,1995,5273357.0,7278169.0,0.687171,1.188647,BRA,ARG,5503
2091113,39,8,1279,1995,256147.0,0.0,1.077804,1.0724200000000002,CAN,ARG,5503
2091114,41,8,1279,1995,39074.0,0.0,2.1893029999999998,0.82765,CHE,ARG,5503
2091115,42,8,1279,1995,3367.0,634521.0,-0.073436,-0.192675,CHL,ARG,5503
2091116,49,8,1279,1995,0.0,501348.0,0.094335,0.13047999999999998,COL,ARG,5503
2091117,61,8,1279,1995,456645.0,0.0,2.325385,-2.2238189999999998,DEU,ARG,5503
2091118,71,8,1279,1995,2162805.0,0.0,1.144247,1.933844,ESP,ARG,5503
2091119,77,8,1279,1995,2261.0,0.0,1.768484,0.765537,FRA,ARG,5503
2091120,81,8,1279,1995,127633.0,0.0,1.8656979999999999,1.107121,GBR,ARG,5503
2091121,97,8,1279,1995,21961.0,0.0,0.5244449999999999,2.682738,HKG,ARG,5503
2091122,114,8,1279,1995,49452.0,0.0,2.56822,0.927307,JPN,ARG,5503
2091123,121,8,1279,1995,91175.0,0.0,0.845175,1.2761799999999999,KOR,ARG,5503
2091124,138,8,1279,1995,661066.0,0.0,0.6414300000000001,0.9697520000000001,MEX,ARG,5503
2091125,216,8,1279,1995,29361.0,0.0,0.174522,1.608058,THA,ARG,5503
2091126,230,8,1279,1995,402269.0,82155.0,0.45133900000000005,0.50831,URY,ARG,5503
2091127,231,8,1279,1995,7956976.0,0.0,1.771648,1.184,USA,ARG,5503
2091128,250,8,1279,1995,9773.0,0.0,1.034518,0.9735149999999999,ANS,ARG,5503
2091129,43,44,1279,1995,31277.0,0.0,0.387897,3.2147919999999996,CHN,CIV,5503
2091130,77,44,1279,1995,70708.0,0.0,1.768484,0.765537,FRA,CIV,5503
2091131,215,44,1279,1995,2853.0,0.0,-0.962727,-0.873151,TGO,CIV,5503
2091132,249,44,1279,1995,29326.0,0.0,1.345205,1.9337389999999999,TWN,CIV,5503
2091133,114,45,1279,1995,70332.0,0.0,2.56822,0.927307,JPN,CMR,5503
2091134,121,45,1279,1995,3978.0,0.0,0.845175,1.2761799999999999,KOR,CMR,5503
2091135,159,45,1279,1995,4698.0,0.0,-2.108206,-1.2017520000000002,NGA,CMR,5503
2091136,179,45,1279,1995,251521.0,0.0,0.412677,1.254009,PRT,CMR,5503
2091137,191,45,1279,1995,14859.0,0.0,-0.94962,-0.970988,SEN,CMR,5503
2091138,216,45,1279,1995,684779.0,0.0,0.174522,1.608058,THA,CMR,5503
2091139,246,45,1279,1995,290539.0,0.0,0.468112,1.039817,ZAF,CMR,5503
2091140,18,47,1279,1995,2580.0,0.0,1.615588,1.394102,BEL,COG,5503
2091141,15,90,1279,1995,35453.0,389961.0,2.000295,0.661255,AUT,GRC,5503
2091142,18,90,1279,1995,285656.0,57245.0,1.615588,1.394102,BEL,GRC,5503
2091143,23,90,1279,1995,1817.0,0.0,0.436138,1.086561,BGR,GRC,5503
2091144,28,90,1279,1995,12708.0,0.0,0.5290279999999999,0.27031700000000003,BLR,GRC,5503
2091145,39,90,1279,1995,4112.0,0.0,1.077804,1.0724200000000002,CAN,GRC,5503
2091146,58,90,1279,1995,3808.0,0.0,0.263764,0.030358999999999997,CYP,GRC,5503
2091147,61,90,1279,1995,4885958.0,252022.0,2.325385,-2.2238189999999998,DEU,GRC,5503
2091148,71,90,1279,1995,1053895.0,0.0,1.144247,1.933844,ESP,GRC,5503
2091149,77,90,1279,1995,113911.0,0.0,1.768484,0.765537,FRA,GRC,5503
2091150,81,90,1279,1995,272524.0,0.0,1.8656979999999999,1.107121,GBR,GRC,5503
2091151,97,90,1279,1995,0.0,215094.0,0.5244449999999999,2.682738,HKG,GRC,5503
2091152,102,90,1279,1995,1211.0,0.0,0.878711,1.8200060000000002,HUN,GRC,5503
2091153,106,90,1279,1995,1478239.0,14888.0,1.349192,0.992099,IRL,GRC,5503
2091154,111,90,1279,1995,8778588.0,12105.0,1.503379,1.449094,ITA,GRC,5503
2091155,114,90,1279,1995,96860.0,0.0,2.56822,0.927307,JPN,GRC,5503
2091156,121,90,1279,1995,111656.0,121376.0,0.845175,1.2761799999999999,KOR,GRC,5503
2091157,140,90,1279,1995,16667.0,0.0,0.34174,0.648467,MKD,GRC,5503
2091158,162,90,1279,1995,130260.0,0.0,1.304391,1.8819119999999998,NLD,GRC,5503
2091159,179,90,1279,1995,1134044.0,0.0,0.412677,1.254009,PRT,GRC,5503
2091160,216,90,1279,1995,13282.0,0.0,0.174522,1.608058,THA,GRC,5503
2091161,224,90,1279,1995,445360.0,0.0,0.166794,1.209066,TUR,GRC,5503
2091162,231,90,1279,1995,9398.0,0.0,1.771648,1.184,USA,GRC,5503
2091163,15,102,1279,1995,595992.0,217720.0,2.000295,0.661255,AUT,HUN,5503
2091164,18,102,1279,1995,2288.0,792594.0,1.615588,1.394102,BEL,HUN,5503
2091165,23,102,1279,1995,0.0,95000.0,0.436138,1.086561,BGR,HUN,5503
2091166,28,102,1279,1995,1899564.0,0.0,0.5290279999999999,0.27031700000000003,BLR,HUN,5503
2091167,41,102,1279,1995,89602.0,269299.0,2.1893029999999998,0.82765,CHE,HUN,5503
2091168,43,102,1279,1995,358254.0,146358.0,0.387897,3.2147919999999996,CHN,HUN,5503
2091169,59,102,1279,1995,119550.0,1279329.0,1.375091,1.628069,CZE,HUN,5503
2091170,61,102,1279,1995,3060924.0,947221.0,2.325385,-2.2238189999999998,DEU,HUN,5503
2091171,71,102,1279,1995,2564.0,899.0,1.144247,1.933844,ESP,HUN,5503
2091172,72,102,1279,1995,0.0,54859.0,0.530041,1.134288,EST,HUN,5503
2091173,77,102,1279,1995,19581.0,221018.0,1.768484,0.765537,FRA,HUN,5503
2091174,81,102,1279,1995,77333.0,0.0,1.8656979999999999,1.107121,GBR,HUN,5503
2091175,90,102,1279,1995,0.0,1211.0,0.17369,0.885756,GRC,HUN,5503
2091176,100,102,1279,1995,0.0,3912.0,0.75325,1.395715,HRV,HUN,5503
2091177,106,102,1279,1995,14861.0,0.0,1.349192,0.992099,IRL,HUN,5503
2091178,111,102,1279,1995,2546467.0,308712.0,1.503379,1.449094,ITA,HUN,5503
2091179,114,102,1279,1995,1194982.0,0.0,2.56822,0.927307,JPN,HUN,5503
2091180,121,102,1279,1995,14335.0,0.0,0.845175,1.2761799999999999,KOR,HUN,5503
2091181,134,102,1279,1995,0.0,40412.0,-0.6481210000000001,-0.22345,MAR,HUN,5503
2091182,140,102,1279,1995,0.0,267883.0,0.34174,0.648467,MKD,HUN,5503
2091183,162,102,1279,1995,208856.0,1836.0,1.304391,1.8819119999999998,NLD,HUN,5503
2091184,177,102,1279,1995,555786.0,4567216.0,0.76393,1.802648,POL,HUN,5503
2091185,185,102,1279,1995,18593.0,134556.0,0.621468,1.038729,ROU,HUN,5503
2091186,189,102,1279,1995,0.0,46000.0,1.032118,1.180409,SCG,HUN,5503
2091187,206,102,1279,1995,13230.0,148088.0,1.2249780000000001,1.405585,SVK,HUN,5503
2091188,207,102,1279,1995,0.0,35075.0,1.424606,1.490521,SVN,HUN,5503
2091189,224,102,1279,1995,0.0,222072.0,0.166794,1.209066,TUR,HUN,5503
2091190,231,102,1279,1995,0.0,244278.0,1.771648,1.184,USA,HUN,5503
2091191,243,102,1279,1995,0.0,20000.0,-1.302346,-1.135961,YEM,HUN,5503
2091192,249,102,1279,1995,0.0,226000.0,1.345205,1.9337389999999999,TWN,HUN,5503
2091193,250,102,1279,1995,0.0,83000.0,1.034518,0.9735149999999999,ANS,HUN,5503
2091194,18,134,1279,1995,869.0,0.0,1.615588,1.394102,BEL,MAR,5503
2091195,28,134,1279,1995,832763.0,0.0,0.5290279999999999,0.27031700000000003,BLR,MAR,5503
2091196,41,134,1279,1995,34259.0,0.0,2.1893029999999998,0.82765,CHE,MAR,5503
2091197,43,134,1279,1995,102945.0,0.0,0.387897,3.2147919999999996,CHN,MAR,5503
2091198,61,134,1279,1995,5885928.0,0.0,2.325385,-2.2238189999999998,DEU,MAR,5503
2091199,71,134,1279,1995,9330674.0,262310.0,1.144247,1.933844,ESP,MAR,5503
2091200,77,134,1279,1995,1515538.0,0.0,1.768484,0.765537,FRA,MAR,5503
2091201,81,134,1279,1995,1018210.0,0.0,1.8656979999999999,1.107121,GBR,MAR,5503
2091202,102,134,1279,1995,40412.0,0.0,0.878711,1.8200060000000002,HUN,MAR,5503
2091203,104,134,1279,1995,25177.0,0.0,0.156183,1.9617380000000002,IND,MAR,5503
2091204,106,134,1279,1995,171303.0,0.0,1.349192,0.992099,IRL,MAR,5503
2091205,111,134,1279,1995,457709.0,0.0,1.503379,1.449094,ITA,MAR,5503
2091206,114,134,1279,1995,189570.0,0.0,2.56822,0.927307,JPN,MAR,5503
2091207,121,134,1279,1995,1568806.0,0.0,0.845175,1.2761799999999999,KOR,MAR,5503
2091208,138,134,1279,1995,787073.0,0.0,0.6414300000000001,0.9697520000000001,MEX,MAR,5503
2091209,162,134,1279,1995,529906.0,2099.0,1.304391,1.8819119999999998,NLD,MAR,5503
2091210,179,134,1279,1995,2313169.0,0.0,0.412677,1.254009,PRT,MAR,5503
2091211,185,134,1279,1995,2142017.0,0.0,0.621468,1.038729,ROU,MAR,5503
2091212,186,134,1279,1995,102974.0,0.0,0.364437,0.171494,RUS,MAR,5503
2091213,192,134,1279,1995,20724.0,0.0,0.747684,0.4745,SGP,MAR,5503
2091214,216,134,1279,1995,204079.0,0.0,0.174522,1.608058,THA,MAR,5503
2091215,224,134,1279,1995,1241757.0,0.0,0.166794,1.209066,TUR,MAR,5503
2091216,231,134,1279,1995,2233189.0,0.0,1.771648,1.184,USA,MAR,5503
2091217,249,134,1279,1995,1309047.0,0.0,1.345205,1.9337389999999999,TWN,MAR,5503
2091218,250,134,1279,1995,0.0,4404.0,1.034518,0.9735149999999999,ANS,MAR,5503
2091219,44,215,1279,1995,0.0,2853.0,-0.781656,-0.74293,CIV,TGO,5503
2091220,83,215,1279,1995,0.0,2748.0,-1.247755,-1.070455,GHA,TGO,5503
2091221,121,215,1279,1995,78321.0,0.0,0.845175,1.2761799999999999,KOR,TGO,5503
2091222,159,215,1279,1995,0.0,22226.0,-2.108206,-1.2017520000000002,NGA,TGO,5503
2091223,178,215,1279,1995,15279.0,0.0,0.46509799999999996,0.645496,PRK,TGO,5503
2091224,18,223,1279,1995,42846.0,0.0,1.615588,1.394102,BEL,TUN,5503
2091225,41,223,1279,1995,27859.0,0.0,2.1893029999999998,0.82765,CHE,TUN,5503
2091226,59,223,1279,1995,58512.0,0.0,1.375091,1.628069,CZE,TUN,5503
2091227,61,223,1279,1995,637785.0,0.0,2.325385,-2.2238189999999998,DEU,TUN,5503
2091228,66,223,1279,1995,0.0,5056.0,-0.555409,-1.037972,DZA,TUN,5503
2091229,71,223,1279,1995,750814.0,11165.0,1.144247,1.933844,ESP,TUN,5503
2091230,77,223,1279,1995,272018.0,11609.0,1.768484,0.765537,FRA,TUN,5503
2091231,81,223,1279,1995,38920.0,0.0,1.8656979999999999,1.107121,GBR,TUN,5503
2091232,111,223,1279,1995,4318771.0,0.0,1.503379,1.449094,ITA,TUN,5503
2091233,114,223,1279,1995,7355.0,0.0,2.56822,0.927307,JPN,TUN,5503
2091234,121,223,1279,1995,58489.0,0.0,0.845175,1.2761799999999999,KOR,TUN,5503
2091235,138,223,1279,1995,817770.0,0.0,0.6414300000000001,0.9697520000000001,MEX,TUN,5503
2091236,162,223,1279,1995,247670.0,0.0,1.304391,1.8819119999999998,NLD,TUN,5503
2091237,224,223,1279,1995,12623.0,0.0,0.166794,1.209066,TUR,TUN,5503
2091238,231,223,1279,1995,612298.0,0.0,1.771648,1.184,USA,TUN,5503
2091239,8,230,1279,1995,82155.0,402269.0,0.245885,0.5489850000000001,ARG,URY,5503
2091240,32,230,1279,1995,154736.0,5148219.0,0.687171,1.188647,BRA,URY,5503
2091241,42,230,1279,1995,0.0,14647.0,-0.073436,-0.192675,CHL,URY,5503
2091242,71,230,1279,1995,458377.0,0.0,1.144247,1.933844,ESP,URY,5503
2091243,77,230,1279,1995,12156.0,0.0,1.768484,0.765537,FRA,URY,5503
2091244,81,230,1279,1995,3605.0,0.0,1.8656979999999999,1.107121,GBR,URY,5503
2091245,138,230,1279,1995,173320.0,0.0,0.6414300000000001,0.9697520000000001,MEX,URY,5503
2091246,231,230,1279,1995,200531.0,0.0,1.771648,1.184,USA,URY,5503
2091247,250,230,1279,1995,32314.0,0.0,1.034518,0.9735149999999999,ANS,URY,5503
2091248,81,247,1279,1995,36358.0,0.0,1.8656979999999999,1.107121,GBR,ZMB,5503
2091249,111,247,1279,1995,58562.0,0.0,1.503379,1.449094,ITA,ZMB,5503
2091250,121,247,1279,1995,6167.0,0.0,0.845175,1.2761799999999999,KOR,ZMB,5503
2091251,192,247,1279,1995,2663.0,0.0,0.747684,0.4745,SGP,ZMB,5503
2091252,246,247,1279,1995,283034.0,0.0,0.468112,1.039817,ZAF,ZMB,5503
2091253,248,247,1279,1995,4009.0,524.0,-0.054752999999999996,0.326737,ZWE,ZMB,5503
2091254,18,248,1279,1995,1773.0,0.0,1.615588,1.394102,BEL,ZWE,5503
2091255,81,248,1279,1995,20137.0,0.0,1.8656979999999999,1.107121,GBR,ZWE,5503
2091256,97,248,1279,1995,86168.0,0.0,0.5244449999999999,2.682738,HKG,ZWE,5503
2091257,103,248,1279,1995,146063.0,0.0,-0.391727,1.174727,IDN,ZWE,5503
2091258,106,248,1279,1995,26846.0,0.0,1.349192,0.992099,IRL,ZWE,5503
2091259,111,248,1279,1995,10074.0,0.0,1.503379,1.449094,ITA,ZWE,5503
2091260,114,248,1279,1995,388507.0,0.0,2.56822,0.927307,JPN,ZWE,5503
2091261,147,248,1279,1995,0.0,3384.0,-1.031627,-1.02484,MOZ,ZWE,5503
2091262,179,248,1279,1995,2717659.0,0.0,0.412677,1.254009,PRT,ZWE,5503
2091263,224,248,1279,1995,66664.0,0.0,0.166794,1.209066,TUR,ZWE,5503
2091264,246,248,1279,1995,494350.0,0.0,0.468112,1.039817,ZAF,ZWE,5503
2091265,247,248,1279,1995,524.0,4009.0,-0.214763,-0.721675,ZMB,ZWE,5503
2091266,32,236,1279,1995,27956.0,0.0,0.687171,1.188647,BRA,VEN,5503
2091267,41,236,1279,1995,1273.0,0.0,2.1893029999999998,0.82765,CHE,VEN,5503
2091268,42,236,1279,1995,0.0,34051.0,-0.073436,-0.192675,CHL,VEN,5503
2091269,49,236,1279,1995,86766.0,364066.0,0.094335,0.13047999999999998,COL,VEN,5503
2091270,61,236,1279,1995,18598.0,0.0,2.325385,-2.2238189999999998,DEU,VEN,5503
2091271,64,236,1279,1995,72508.0,0.0,1.3800270000000001,1.489036,DNK,VEN,5503
2091272,67,236,1279,1995,0.0,554750.0,-0.948154,-0.9595790000000001,ECU,VEN,5503
2091273,71,236,1279,1995,594553.0,0.0,1.144247,1.933844,ESP,VEN,5503
2091274,110,236,1279,1995,17214.0,0.0,1.205368,1.189434,ISR,VEN,5503
2091275,111,236,1279,1995,224250.0,236880.0,1.503379,1.449094,ITA,VEN,5503
2091276,113,236,1279,1995,0.0,167892.0,0.666542,0.326785,JOR,VEN,5503
2091277,121,236,1279,1995,160213.0,0.0,0.845175,1.2761799999999999,KOR,VEN,5503
2091278,138,236,1279,1995,2569954.0,0.0,0.6414300000000001,0.9697520000000001,MEX,VEN,5503
2091279,162,236,1279,1995,4994.0,0.0,1.304391,1.8819119999999998,NLD,VEN,5503
2091280,173,236,1279,1995,1149478.0,112703.0,-0.263859,-0.21032800000000001,PER,VEN,5503
2091281,231,236,1279,1995,5476451.0,0.0,1.771648,1.184,USA,VEN,5503
2091282,249,236,1279,1995,14118.0,0.0,1.345205,1.9337389999999999,TWN,VEN,5503
2091283,15,58,1279,1995,16971.0,0.0,2.000295,0.661255,AUT,CYP,5503
2091284,18,58,1279,1995,16215.0,0.0,1.615588,1.394102,BEL,CYP,5503
2091285,61,58,1279,1995,218336.0,0.0,2.325385,-2.2238189999999998,DEU,CYP,5503
2091286,77,58,1279,1995,2679.0,0.0,1.768484,0.765537,FRA,CYP,5503
2091287,81,58,1279,1995,112135.0,17149.0,1.8656979999999999,1.107121,GBR,CYP,5503
2091288,90,58,1279,1995,0.0,3808.0,0.17369,0.885756,GRC,CYP,5503
2091289,106,58,1279,1995,213807.0,0.0,1.349192,0.992099,IRL,CYP,5503
2091290,111,58,1279,1995,19891.0,0.0,1.503379,1.449094,ITA,CYP,5503
2091291,130,58,1279,1995,0.0,51996.0,0.41220500000000004,0.966966,LTU,CYP,5503
2091292,162,58,1279,1995,32768.0,0.0,1.304391,1.8819119999999998,NLD,CYP,5503
2091293,224,58,1279,1995,22311.0,0.0,0.166794,1.209066,TUR,CYP,5503
2091294,231,58,1279,1995,17561.0,0.0,1.771648,1.184,USA,CYP,5503
2091295,249,58,1279,1995,81071.0,0.0,1.345205,1.9337389999999999,TWN,CYP,5503
2091296,15,100,1279,1995,138185.0,0.0,2.000295,0.661255,AUT,HRV,5503
2091297,18,100,1279,1995,157414.0,0.0,1.615588,1.394102,BEL,HRV,5503
2091298,26,100,1279,1995,0.0,10605.0,0.208931,0.053763,BIH,HRV,5503
2091299,28,100,1279,1995,479441.0,0.0,0.5290279999999999,0.27031700000000003,BLR,HRV,5503
2091300,41,100,1279,1995,8043.0,0.0,2.1893029999999998,0.82765,CHE,HRV,5503
2091301,61,100,1279,1995,280223.0,218929.0,2.325385,-2.2238189999999998,DEU,HRV,5503
2091302,64,100,1279,1995,9905.0,0.0,1.3800270000000001,1.489036,DNK,HRV,5503
2091303,71,100,1279,1995,298901.0,28927.0,1.144247,1.933844,ESP,HRV,5503
2091304,77,100,1279,1995,50751.0,54282.0,1.768484,0.765537,FRA,HRV,5503
2091305,81,100,1279,1995,0.0,73650.0,1.8656979999999999,1.107121,GBR,HRV,5503
2091306,102,100,1279,1995,3912.0,0.0,0.878711,1.8200060000000002,HUN,HRV,5503
2091307,106,100,1279,1995,4645.0,0.0,1.349192,0.992099,IRL,HRV,5503
2091308,111,100,1279,1995,376249.0,2310057.0,1.503379,1.449094,ITA,HRV,5503
2091309,140,100,1279,1995,180351.0,0.0,0.34174,0.648467,MKD,HRV,5503
2091310,162,100,1279,1995,23281.0,23650.0,1.304391,1.8819119999999998,NLD,HRV,5503
2091311,185,100,1279,1995,20801.0,0.0,0.621468,1.038729,ROU,HRV,5503
2091312,186,100,1279,1995,116097.0,0.0,0.364437,0.171494,RUS,HRV,5503
2091313,207,100,1279,1995,70145.0,103390.0,1.424606,1.490521,SVN,HRV,5503
2091314,224,100,1279,1995,0.0,66200.0,0.166794,1.209066,TUR,HRV,5503
2091315,28,135,1279,1995,291041.0,0.0,0.5290279999999999,0.27031700000000003,BLR,MDA,5503
2091316,59,135,1279,1995,25351.0,0.0,1.375091,1.628069,CZE,MDA,5503
2091317,111,135,1279,1995,0.0,105796.0,1.503379,1.449094,ITA,MDA,5503
2091318,132,135,1279,1995,186974.0,0.0,0.25453400000000004,0.174809,LVA,MDA,5503
2091319,185,135,1279,1995,954748.0,4730.0,0.621468,1.038729,ROU,MDA,5503
2091320,186,135,1279,1995,369719.0,0.0,0.364437,0.171494,RUS,MDA,5503
2091321,228,135,1279,1995,50928.0,0.0,0.428875,0.20489899999999997,UKR,MDA,5503
2091322,4,140,1279,1995,2528.0,0.0,-0.39273,-0.47259300000000004,ALB,MKD,5503
2091323,7,140,1279,1995,2590.0,0.0,-0.205166,-0.6132380000000001,ARE,MKD,5503
2091324,23,140,1279,1995,903374.0,738051.0,0.436138,1.086561,BGR,MKD,5503
2091325,26,140,1279,1995,0.0,52642.0,0.208931,0.053763,BIH,MKD,5503
2091326,41,140,1279,1995,0.0,5775.0,2.1893029999999998,0.82765,CHE,MKD,5503
2091327,59,140,1279,1995,0.0,235373.0,1.375091,1.628069,CZE,MKD,5503
2091328,61,140,1279,1995,275413.0,100023.0,2.325385,-2.2238189999999998,DEU,MKD,5503
2091329,77,140,1279,1995,0.0,427525.0,1.768484,0.765537,FRA,MKD,5503
2091330,90,140,1279,1995,0.0,16667.0,0.17369,0.885756,GRC,MKD,5503
2091331,100,140,1279,1995,0.0,180351.0,0.75325,1.395715,HRV,MKD,5503
2091332,102,140,1279,1995,267883.0,0.0,0.878711,1.8200060000000002,HUN,MKD,5503
2091333,107,140,1279,1995,0.0,337915.0,-0.821991,-1.071013,IRN,MKD,5503
2091334,111,140,1279,1995,416844.0,0.0,1.503379,1.449094,ITA,MKD,5503
2091335,162,140,1279,1995,1590.0,0.0,1.304391,1.8819119999999998,NLD,MKD,5503
2091336,185,140,1279,1995,114672.0,0.0,0.621468,1.038729,ROU,MKD,5503
2091337,189,140,1279,1995,0.0,645599.0,1.032118,1.180409,SCG,MKD,5503
2091338,207,140,1279,1995,0.0,624532.0,1.424606,1.490521,SVN,MKD,5503
2091339,224,140,1279,1995,34325.0,5697854.0,0.166794,1.209066,TUR,MKD,5503
2091340,228,140,1279,1995,200144.0,0.0,0.428875,0.20489899999999997,UKR,MKD,5503
2091341,41,197,1279,1995,2267.0,0.0,2.1893029999999998,0.82765,CHE,SLV,5503
2091342,71,197,1279,1995,21545.0,0.0,1.144247,1.933844,ESP,SLV,5503
2091343,93,197,1279,1995,133932.0,26621.0,-0.241468,0.170932,GTM,SLV,5503
2091344,97,197,1279,1995,158561.0,0.0,0.5244449999999999,2.682738,HKG,SLV,5503
2091345,99,197,1279,1995,0.0,57554.0,-0.765536,-0.668834,HND,SLV,5503
2091346,114,197,1279,1995,142314.0,0.0,2.56822,0.927307,JPN,SLV,5503
2091347,121,197,1279,1995,1054624.0,0.0,0.845175,1.2761799999999999,KOR,SLV,5503
2091348,138,197,1279,1995,3626612.0,0.0,0.6414300000000001,0.9697520000000001,MEX,SLV,5503
2091349,169,197,1279,1995,0.0,1258.0,-0.019815,0.050906,PAN,SLV,5503
2091350,216,197,1279,1995,135034.0,0.0,0.174522,1.608058,THA,SLV,5503
2091351,231,197,1279,1995,2058741.0,0.0,1.771648,1.184,USA,SLV,5503
2091352,71,54,1279,1995,134681.0,0.0,1.144247,1.933844,ESP,CUB,5503
2091353,138,54,1279,1995,1222800.0,0.0,0.6414300000000001,0.9697520000000001,MEX,CUB,5503
2091354,81,65,1279,1995,24838.0,0.0,1.8656979999999999,1.107121,GBR,DOM,5503
2091355,121,65,1279,1995,20001.0,0.0,0.845175,1.2761799999999999,KOR,DOM,5503
2091356,231,65,1279,1995,49459.0,0.0,1.771648,1.184,USA,DOM,5503
2091357,32,67,1279,1995,345768.0,0.0,0.687171,1.188647,BRA,ECU,5503
2091358,39,67,1279,1995,29102.0,0.0,1.077804,1.0724200000000002,CAN,ECU,5503
2091359,49,67,1279,1995,3174938.0,0.0,0.094335,0.13047999999999998,COL,ECU,5503
2091360,61,67,1279,1995,52281.0,0.0,2.325385,-2.2238189999999998,DEU,ECU,5503
2091361,71,67,1279,1995,905554.0,0.0,1.144247,1.933844,ESP,ECU,5503
2091362,81,67,1279,1995,241383.0,0.0,1.8656979999999999,1.107121,GBR,ECU,5503
2091363,114,67,1279,1995,145092.0,0.0,2.56822,0.927307,JPN,ECU,5503
2091364,121,67,1279,1995,95403.0,0.0,0.845175,1.2761799999999999,KOR,ECU,5503
2091365,138,67,1279,1995,1587359.0,0.0,0.6414300000000001,0.9697520000000001,MEX,ECU,5503
2091366,169,67,1279,1995,7078.0,0.0,-0.019815,0.050906,PAN,ECU,5503
2091367,173,67,1279,1995,536540.0,0.0,-0.263859,-0.21032800000000001,PER,ECU,5503
2091368,216,67,1279,1995,322943.0,0.0,0.174522,1.608058,THA,ECU,5503
2091369,231,67,1279,1995,7510753.0,0.0,1.771648,1.184,USA,ECU,5503
2091370,236,67,1279,1995,554750.0,0.0,0.299294,-0.635474,VEN,ECU,5503
2091371,246,67,1279,1995,3219.0,0.0,0.468112,1.039817,ZAF,ECU,5503
2091372,250,67,1279,1995,109331.0,0.0,1.034518,0.9735149999999999,ANS,ECU,5503
2091373,15,107,1279,1995,0.0,97586.0,2.000295,0.661255,AUT,IRN,5503
2091374,18,107,1279,1995,1401369.0,0.0,1.615588,1.394102,BEL,IRN,5503
2091375,39,107,1279,1995,0.0,22317.0,1.077804,1.0724200000000002,CAN,IRN,5503
2091376,41,107,1279,1995,0.0,109613.0,2.1893029999999998,0.82765,CHE,IRN,5503
2091377,61,107,1279,1995,516454.0,0.0,2.325385,-2.2238189999999998,DEU,IRN,5503
2091378,68,107,1279,1995,0.0,2489206.0,-0.340042,-0.085601,EGY,IRN,5503
2091379,71,107,1279,1995,1248742.0,0.0,1.144247,1.933844,ESP,IRN,5503
2091380,77,107,1279,1995,432738.0,0.0,1.768484,0.765537,FRA,IRN,5503
2091381,81,107,1279,1995,148133.0,0.0,1.8656979999999999,1.107121,GBR,IRN,5503
2091382,103,107,1279,1995,357010.0,0.0,-0.391727,1.174727,IDN,IRN,5503
2091383,104,107,1279,1995,157427.0,0.0,0.156183,1.9617380000000002,IND,IRN,5503
2091384,111,107,1279,1995,528543.0,0.0,1.503379,1.449094,ITA,IRN,5503
2091385,114,107,1279,1995,35889720.0,0.0,2.56822,0.927307,JPN,IRN,5503
2091386,121,107,1279,1995,1586441.0,0.0,0.845175,1.2761799999999999,KOR,IRN,5503
2091387,138,107,1279,1995,1965212.0,0.0,0.6414300000000001,0.9697520000000001,MEX,IRN,5503
2091388,140,107,1279,1995,337915.0,0.0,0.34174,0.648467,MKD,IRN,5503
2091389,163,107,1279,1995,0.0,3105.0,1.019741,0.394241,NOR,IRN,5503
2091390,185,107,1279,1995,480000.0,0.0,0.621468,1.038729,ROU,IRN,5503
2091391,206,107,1279,1995,14477.0,0.0,1.2249780000000001,1.405585,SVK,IRN,5503
2091392,216,107,1279,1995,333835.0,0.0,0.174522,1.608058,THA,IRN,5503
2091393,224,107,1279,1995,370336.0,0.0,0.166794,1.209066,TUR,IRN,5503
2091394,246,107,1279,1995,1518562.0,0.0,0.468112,1.039817,ZAF,IRN,5503
2091395,18,168,1279,1995,47989.0,0.0,1.615588,1.394102,BEL,PAK,5503
2091396,61,168,1279,1995,34458.0,0.0,2.325385,-2.2238189999999998,DEU,PAK,5503
2091397,81,168,1279,1995,88197.0,0.0,1.8656979999999999,1.107121,GBR,PAK,5503
2091398,103,168,1279,1995,598528.0,0.0,-0.391727,1.174727,IDN,PAK,5503
2091399,106,168,1279,1995,16662.0,0.0,1.349192,0.992099,IRL,PAK,5503
2091400,111,168,1279,1995,7566.0,0.0,1.503379,1.449094,ITA,PAK,5503
2091401,114,168,1279,1995,18910537.0,0.0,2.56822,0.927307,JPN,PAK,5503
2091402,121,168,1279,1995,53938014.0,250317.0,0.845175,1.2761799999999999,KOR,PAK,5503
2091403,179,168,1279,1995,232248.0,0.0,0.412677,1.254009,PRT,PAK,5503
2091404,185,168,1279,1995,11960000.0,0.0,0.621468,1.038729,ROU,PAK,5503
2091405,188,168,1279,1995,0.0,460749.0,0.401573,-0.6676529999999999,SAU,PAK,5503
2091406,216,168,1279,1995,4140211.0,0.0,0.174522,1.608058,THA,PAK,5503
2091407,224,168,1279,1995,4416783.0,0.0,0.166794,1.209066,TUR,PAK,5503
2091408,226,168,1279,1995,0.0,1873.0,-1.219949,-0.8698969999999999,TZA,PAK,5503
2091409,231,168,1279,1995,7034001.0,0.0,1.771648,1.184,USA,PAK,5503
2091410,246,168,1279,1995,19921670.0,0.0,0.468112,1.039817,ZAF,PAK,5503
2091411,14,174,1279,1995,65129.0,0.0,0.44442,0.789292,AUS,PHL,5503
2091412,18,174,1279,1995,302656.0,0.0,1.615588,1.394102,BEL,PHL,5503
2091413,43,174,1279,1995,612691.0,2555946.0,0.387897,3.2147919999999996,CHN,PHL,5503
2091414,61,174,1279,1995,9432.0,0.0,2.325385,-2.2238189999999998,DEU,PHL,5503
2091415,77,174,1279,1995,69621.0,0.0,1.768484,0.765537,FRA,PHL,5503
2091416,81,174,1279,1995,106180.0,0.0,1.8656979999999999,1.107121,GBR,PHL,5503
2091417,97,174,1279,1995,0.0,2815584.0,0.5244449999999999,2.682738,HKG,PHL,5503
2091418,103,174,1279,1995,387375.0,0.0,-0.391727,1.174727,IDN,PHL,5503
2091419,104,174,1279,1995,1286612.0,0.0,0.156183,1.9617380000000002,IND,PHL,5503
2091420,111,174,1279,1995,4738.0,0.0,1.503379,1.449094,ITA,PHL,5503
2091421,114,174,1279,1995,9427036.0,0.0,2.56822,0.927307,JPN,PHL,5503
2091422,121,174,1279,1995,1815194.0,0.0,0.845175,1.2761799999999999,KOR,PHL,5503
2091423,153,174,1279,1995,3487192.0,0.0,0.357745,0.374284,MYS,PHL,5503
2091424,192,174,1279,1995,1367561.0,0.0,0.747684,0.4745,SGP,PHL,5503
2091425,216,174,1279,1995,666815.0,0.0,0.174522,1.608058,THA,PHL,5503
2091426,231,174,1279,1995,1383763.0,0.0,1.771648,1.184,USA,PHL,5503
2091427,246,174,1279,1995,8538.0,0.0,0.468112,1.039817,ZAF,PHL,5503
2091428,18,186,1279,1995,157729.0,0.0,1.615588,1.394102,BEL,RUS,5503
2091429,43,186,1279,1995,1024.0,2258979.0,0.387897,3.2147919999999996,CHN,RUS,5503
2091430,59,186,1279,1995,1055.0,0.0,1.375091,1.628069,CZE,RUS,5503
2091431,61,186,1279,1995,0.0,468473.0,2.325385,-2.2238189999999998,DEU,RUS,5503
2091432,68,186,1279,1995,0.0,2772482.0,-0.340042,-0.085601,EGY,RUS,5503
2091433,72,186,1279,1995,17776.0,91858.0,0.530041,1.134288,EST,RUS,5503
2091434,77,186,1279,1995,0.0,287796.0,1.768484,0.765537,FRA,RUS,5503
2091435,81,186,1279,1995,0.0,173927.0,1.8656979999999999,1.107121,GBR,RUS,5503
2091436,97,186,1279,1995,0.0,33272.0,0.5244449999999999,2.682738,HKG,RUS,5503
2091437,100,186,1279,1995,0.0,116097.0,0.75325,1.395715,HRV,RUS,5503
2091438,104,186,1279,1995,4762.0,325308.0,0.156183,1.9617380000000002,IND,RUS,5503
2091439,106,186,1279,1995,61547.0,0.0,1.349192,0.992099,IRL,RUS,5503
2091440,111,186,1279,1995,0.0,20474.0,1.503379,1.449094,ITA,RUS,5503
2091441,114,186,1279,1995,127601.0,0.0,2.56822,0.927307,JPN,RUS,5503
2091442,117,186,1279,1995,56758.0,571510.0,0.361272,0.047797000000000006,KGZ,RUS,5503
2091443,121,186,1279,1995,19946.0,0.0,0.845175,1.2761799999999999,KOR,RUS,5503
2091444,130,186,1279,1995,20907.0,231912.0,0.41220500000000004,0.966966,LTU,RUS,5503
2091445,134,186,1279,1995,0.0,102974.0,-0.6481210000000001,-0.22345,MAR,RUS,5503
2091446,135,186,1279,1995,0.0,369719.0,0.394058,0.124474,MDA,RUS,5503
2091447,142,186,1279,1995,0.0,5399.0,0.842519,0.11882899999999999,MLT,RUS,5503
2091448,162,186,1279,1995,0.0,242197.0,1.304391,1.8819119999999998,NLD,RUS,5503
2091449,177,186,1279,1995,0.0,129463.0,0.76393,1.802648,POL,RUS,5503
2091450,206,186,1279,1995,363825.0,0.0,1.2249780000000001,1.405585,SVK,RUS,5503
2091451,207,186,1279,1995,0.0,316853.0,1.424606,1.490521,SVN,RUS,5503
2091452,208,186,1279,1995,9241.0,0.0,2.246997,1.060171,SWE,RUS,5503
2091453,224,186,1279,1995,1728.0,2981829.0,0.166794,1.209066,TUR,RUS,5503
2091454,231,186,1279,1995,5366.0,0.0,1.771648,1.184,USA,RUS,5503
2091455,71,226,1279,1995,30672.0,0.0,1.144247,1.933844,ESP,TZA,5503
2091456,81,226,1279,1995,1668.0,0.0,1.8656979999999999,1.107121,GBR,TZA,5503
2091457,121,226,1279,1995,43397.0,0.0,0.845175,1.2761799999999999,KOR,TZA,5503
2091458,168,226,1279,1995,1873.0,0.0,-0.707965,-0.324784,PAK,TZA,5503
2091459,246,226,1279,1995,29324.0,0.0,0.468112,1.039817,ZAF,TZA,5503
2091460,249,226,1279,1995,187602.0,0.0,1.345205,1.9337389999999999,TWN,TZA,5503
2091461,18,228,1279,1995,19091.0,27613.0,1.615588,1.394102,BEL,UKR,5503
2091462,59,228,1279,1995,1566.0,0.0,1.375091,1.628069,CZE,UKR,5503
2091463,61,228,1279,1995,10176.0,0.0,2.325385,-2.2238189999999998,DEU,UKR,5503
2091464,68,228,1279,1995,0.0,66490.0,-0.340042,-0.085601,EGY,UKR,5503
2091465,111,228,1279,1995,95710.0,45235.0,1.503379,1.449094,ITA,UKR,5503
2091466,130,228,1279,1995,50811.0,0.0,0.41220500000000004,0.966966,LTU,UKR,5503
2091467,132,228,1279,1995,18657.0,0.0,0.25453400000000004,0.174809,LVA,UKR,5503
2091468,135,228,1279,1995,0.0,50928.0,0.394058,0.124474,MDA,UKR,5503
2091469,140,228,1279,1995,0.0,200144.0,0.34174,0.648467,MKD,UKR,5503
2091470,206,228,1279,1995,124643.0,54872.0,1.2249780000000001,1.405585,SVK,UKR,5503
2091471,42,239,1279,1995,0.0,22361.0,-0.073436,-0.192675,CHL,VNM,5503
2091472,43,239,1279,1995,0.0,20196.0,0.387897,3.2147919999999996,CHN,VNM,5503
2091473,61,239,1279,1995,1040.0,0.0,2.325385,-2.2238189999999998,DEU,VNM,5503
2091474,97,239,1279,1995,553835.0,0.0,0.5244449999999999,2.682738,HKG,VNM,5503
2091475,104,239,1279,1995,396733.0,0.0,0.156183,1.9617380000000002,IND,VNM,5503
2091476,114,239,1279,1995,1751179.0,0.0,2.56822,0.927307,JPN,VNM,5503
2091477,121,239,1279,1995,20620748.0,0.0,0.845175,1.2761799999999999,KOR,VNM,5503
2091478,153,239,1279,1995,1879270.0,0.0,0.357745,0.374284,MYS,VNM,5503
2091479,192,239,1279,1995,38647.0,0.0,0.747684,0.4745,SGP,VNM,5503
2091480,216,239,1279,1995,1817314.0,0.0,0.174522,1.608058,THA,VNM,5503
2091481,231,239,1279,1995,3890461.0,0.0,1.771648,1.184,USA,VNM,5503
2091482,14,249,1279,1995,2142.0,15086534.0,0.44442,0.789292,AUS,TWN,5503
2091483,15,249,1279,1995,0.0,4069.0,2.000295,0.661255,AUT,TWN,5503
2091484,18,249,1279,1995,644131.0,1156659.0,1.615588,1.394102,BEL,TWN,5503
2091485,22,249,1279,1995,0.0,2402332.0,-1.037175,-0.983195,BGD,TWN,5503
2091486,32,249,1279,1995,0.0,647639.0,0.687171,1.188647,BRA,TWN,5503
2091487,39,249,1279,1995,3633757.0,3367632.0,1.077804,1.0724200000000002,CAN,TWN,5503
2091488,41,249,1279,1995,0.0,18339.0,2.1893029999999998,0.82765,CHE,TWN,5503
2091489,42,249,1279,1995,0.0,1218974.0,-0.073436,-0.192675,CHL,TWN,5503
2091490,43,249,1279,1995,186834.0,178252139.0,0.387897,3.2147919999999996,CHN,TWN,5503
2091491,44,249,1279,1995,0.0,29326.0,-0.781656,-0.74293,CIV,TWN,5503
2091492,58,249,1279,1995,0.0,81071.0,0.263764,0.030358999999999997,CYP,TWN,5503
2091493,59,249,1279,1995,0.0,25335.0,1.375091,1.628069,CZE,TWN,5503
2091494,61,249,1279,1995,275688.0,2629124.0,2.325385,-2.2238189999999998,DEU,TWN,5503
2091495,64,249,1279,1995,0.0,91270.0,1.3800270000000001,1.489036,DNK,TWN,5503
2091496,68,249,1279,1995,0.0,1417844.0,-0.340042,-0.085601,EGY,TWN,5503
2091497,71,249,1279,1995,289244.0,513383.0,1.144247,1.933844,ESP,TWN,5503
2091498,74,249,1279,1995,0.0,1669021.0,2.0085740000000003,1.126816,FIN,TWN,5503
2091499,77,249,1279,1995,68593.0,972984.0,1.768484,0.765537,FRA,TWN,5503
2091500,81,249,1279,1995,650127.0,10282209.0,1.8656979999999999,1.107121,GBR,TWN,5503
2091501,85,249,1279,1995,0.0,30381.0,-1.304768,-1.077826,GIN,TWN,5503
2091502,97,249,1279,1995,722616.0,202318153.0,0.5244449999999999,2.682738,HKG,TWN,5503
2091503,102,249,1279,1995,226000.0,0.0,0.878711,1.8200060000000002,HUN,TWN,5503
2091504,103,249,1279,1995,578952.0,32455618.0,-0.391727,1.174727,IDN,TWN,5503
2091505,104,249,1279,1995,123471.0,12951389.0,0.156183,1.9617380000000002,IND,TWN,5503
2091506,106,249,1279,1995,0.0,163952.0,1.349192,0.992099,IRL,TWN,5503
2091507,110,249,1279,1995,0.0,307634.0,1.205368,1.189434,ISR,TWN,5503
2091508,111,249,1279,1995,42305.0,397945.0,1.503379,1.449094,ITA,TWN,5503
2091509,113,249,1279,1995,0.0,3374.0,0.666542,0.326785,JOR,TWN,5503
2091510,114,249,1279,1995,50836657.0,4485523.0,2.56822,0.927307,JPN,TWN,5503
2091511,121,249,1279,1995,7684820.0,102782.0,0.845175,1.2761799999999999,KOR,TWN,5503
2091512,133,249,1279,1995,0.0,30115.0,-0.149794,-0.26961799999999997,MAC,TWN,5503
2091513,134,249,1279,1995,0.0,1309047.0,-0.6481210000000001,-0.22345,MAR,TWN,5503
2091514,136,249,1279,1995,0.0,774037.0,-1.178074,-0.6167,MDG,TWN,5503
2091515,138,249,1279,1995,0.0,1661.0,0.6414300000000001,0.9697520000000001,MEX,TWN,5503
2091516,153,249,1279,1995,0.0,40769514.0,0.357745,0.374284,MYS,TWN,5503
2091517,162,249,1279,1995,0.0,679919.0,1.304391,1.8819119999999998,NLD,TWN,5503
2091518,163,249,1279,1995,0.0,1397183.0,1.019741,0.394241,NOR,TWN,5503
2091519,166,249,1279,1995,0.0,2214783.0,0.5558270000000001,0.773271,NZL,TWN,5503
2091520,173,249,1279,1995,0.0,83585.0,-0.263859,-0.21032800000000001,PER,TWN,5503
2091521,179,249,1279,1995,0.0,69634.0,0.412677,1.254009,PRT,TWN,5503
2091522,188,249,1279,1995,0.0,2944009.0,0.401573,-0.6676529999999999,SAU,TWN,5503
2091523,192,249,1279,1995,487735.0,4103620.0,0.747684,0.4745,SGP,TWN,5503
2091524,206,249,1279,1995,0.0,202119.0,1.2249780000000001,1.405585,SVK,TWN,5503
2091525,208,249,1279,1995,0.0,589353.0,2.246997,1.060171,SWE,TWN,5503
2091526,216,249,1279,1995,139753.0,25263093.0,0.174522,1.608058,THA,TWN,5503
2091527,224,249,1279,1995,0.0,36690.0,0.166794,1.209066,TUR,TWN,5503
2091528,226,249,1279,1995,0.0,187602.0,-1.219949,-0.8698969999999999,TZA,TWN,5503
2091529,231,249,1279,1995,5901929.0,35776492.0,1.771648,1.184,USA,TWN,5503
2091530,236,249,1279,1995,0.0,14118.0,0.299294,-0.635474,VEN,TWN,5503
2091531,246,249,1279,1995,0.0,2618366.0,0.468112,1.039817,ZAF,TWN,5503
2091532,8,250,1279,1995,0.0,9773.0,0.245885,0.5489850000000001,ARG,ANS,5503
2091533,14,250,1279,1995,0.0,212062.0,0.44442,0.789292,AUS,ANS,5503
2091534,15,250,1279,1995,10283422.0,0.0,2.000295,0.661255,AUT,ANS,5503
2091535,22,250,1279,1995,0.0,431236.0,-1.037175,-0.983195,BGD,ANS,5503
2091536,32,250,1279,1995,0.0,966066.0,0.687171,1.188647,BRA,ANS,5503
2091537,43,250,1279,1995,0.0,1183251.0,0.387897,3.2147919999999996,CHN,ANS,5503
2091538,59,250,1279,1995,0.0,6414.0,1.375091,1.628069,CZE,ANS,5503
2091539,61,250,1279,1995,2329.0,7671252.0,2.325385,-2.2238189999999998,DEU,ANS,5503
2091540,67,250,1279,1995,0.0,109331.0,-0.948154,-0.9595790000000001,ECU,ANS,5503
2091541,68,250,1279,1995,139515.0,0.0,-0.340042,-0.085601,EGY,ANS,5503
2091542,71,250,1279,1995,0.0,4676.0,1.144247,1.933844,ESP,ANS,5503
2091543,77,250,1279,1995,0.0,1055205.0,1.768484,0.765537,FRA,ANS,5503
2091544,81,250,1279,1995,55800.0,0.0,1.8656979999999999,1.107121,GBR,ANS,5503
2091545,102,250,1279,1995,83000.0,0.0,0.878711,1.8200060000000002,HUN,ANS,5503
2091546,103,250,1279,1995,3669.0,101382.0,-0.391727,1.174727,IDN,ANS,5503
2091547,106,250,1279,1995,17678.0,0.0,1.349192,0.992099,IRL,ANS,5503
2091548,110,250,1279,1995,0.0,123232.0,1.205368,1.189434,ISR,ANS,5503
2091549,113,250,1279,1995,534137.0,0.0,0.666542,0.326785,JOR,ANS,5503
2091550,121,250,1279,1995,1107.0,2172.0,0.845175,1.2761799999999999,KOR,ANS,5503
2091551,134,250,1279,1995,4404.0,0.0,-0.6481210000000001,-0.22345,MAR,ANS,5503
2091552,166,250,1279,1995,0.0,1231.0,0.5558270000000001,0.773271,NZL,ANS,5503
2091553,177,250,1279,1995,85710.0,490993.0,0.76393,1.802648,POL,ANS,5503
2091554,224,250,1279,1995,1088788.0,99319.0,0.166794,1.209066,TUR,ANS,5503
2091555,230,250,1279,1995,0.0,32314.0,0.45133900000000005,0.50831,URY,ANS,5503
2091556,8,31,1279,1995,10774.0,0.0,0.245885,0.5489850000000001,ARG,BOL,5503
2091557,32,31,1279,1995,28819.0,0.0,0.687171,1.188647,BRA,BOL,5503
2091558,42,31,1279,1995,72890.0,0.0,-0.073436,-0.192675,CHL,BOL,5503
2091559,49,31,1279,1995,104835.0,0.0,0.094335,0.13047999999999998,COL,BOL,5503
2091560,61,31,1279,1995,871.0,0.0,2.325385,-2.2238189999999998,DEU,BOL,5503
2091561,71,31,1279,1995,34308.0,0.0,1.144247,1.933844,ESP,BOL,5503
2091562,111,31,1279,1995,12786.0,0.0,1.503379,1.449094,ITA,BOL,5503
2091563,114,31,1279,1995,11310.0,0.0,2.56822,0.927307,JPN,BOL,5503
2091564,121,31,1279,1995,15961.0,0.0,0.845175,1.2761799999999999,KOR,BOL,5503
2091565,138,31,1279,1995,988607.0,0.0,0.6414300000000001,0.9697520000000001,MEX,BOL,5503
2091566,173,31,1279,1995,422580.0,0.0,-0.263859,-0.21032800000000001,PER,BOL,5503
2091567,231,31,1279,1995,179979.0,0.0,1.771648,1.184,USA,BOL,5503
2091568,138,63,1279,1995,16134.0,0.0,0.6414300000000001,0.9697520000000001,MEX,DMA,5503
2091569,18,73,1279,1995,13584.0,0.0,1.615588,1.394102,BEL,ETH,5503
2091570,61,73,1279,1995,13923.0,0.0,2.325385,-2.2238189999999998,DEU,ETH,5503
2091571,62,73,1279,1995,114945.0,0.0,0.7627109999999999,0.696162,DJI,ETH,5503
2091572,111,73,1279,1995,48418.0,0.0,1.503379,1.449094,ITA,ETH,5503
2091573,121,73,1279,1995,655072.0,0.0,0.845175,1.2761799999999999,KOR,ETH,5503
2091574,188,73,1279,1995,12284.0,0.0,0.401573,-0.6676529999999999,SAU,ETH,5503
2091575,246,152,1279,1995,15966.0,0.0,0.468112,1.039817,ZAF,MWI,5503
2091576,231,160,1279,1995,8932.0,0.0,1.771648,1.184,USA,NIC,5503
2091577,7,227,1279,1995,1082.0,0.0,-0.205166,-0.6132380000000001,ARE,UGA,5503
2091578,104,227,1279,1995,3037.0,0.0,0.156183,1.9617380000000002,IND,UGA,5503
2091579,116,227,1279,1995,139426.0,0.0,-0.303773,0.111305,KEN,UGA,5503
2091580,231,234,1279,1995,4030.0,0.0,1.771648,1.184,USA,VCT,5503
2091581,18,66,1279,1995,377861.0,0.0,1.615588,1.394102,BEL,DZA,5503
2091582,61,66,1279,1995,14473.0,0.0,2.325385,-2.2238189999999998,DEU,DZA,5503
2091583,71,66,1279,1995,33296375.0,0.0,1.144247,1.933844,ESP,DZA,5503
2091584,77,66,1279,1995,67389.0,0.0,1.768484,0.765537,FRA,DZA,5503
2091585,111,66,1279,1995,107562.0,0.0,1.503379,1.449094,ITA,DZA,5503
2091586,114,66,1279,1995,207910.0,0.0,2.56822,0.927307,JPN,DZA,5503
2091587,121,66,1279,1995,834.0,0.0,0.845175,1.2761799999999999,KOR,DZA,5503
2091588,126,66,1279,1995,0.0,13711.0,-0.353547,-1.019464,LBY,DZA,5503
2091589,138,66,1279,1995,1157585.0,0.0,0.6414300000000001,0.9697520000000001,MEX,DZA,5503
2091590,179,66,1279,1995,890974.0,0.0,0.412677,1.254009,PRT,DZA,5503
2091591,223,66,1279,1995,5056.0,0.0,-0.253792,-0.044331,TUN,DZA,5503
2091592,224,66,1279,1995,588138.0,0.0,0.166794,1.209066,TUR,DZA,5503
2091593,231,66,1279,1995,4357.0,0.0,1.771648,1.184,USA,DZA,5503
2091594,121,85,1279,1995,16566.0,0.0,0.845175,1.2761799999999999,KOR,GIN,5503
2091595,249,85,1279,1995,30381.0,0.0,1.345205,1.9337389999999999,TWN,GIN,5503
2091596,18,130,1279,1995,14072.0,0.0,1.615588,1.394102,BEL,LTU,5503
2091597,28,130,1279,1995,11456673.0,26810.0,0.5290279999999999,0.27031700000000003,BLR,LTU,5503
2091598,58,130,1279,1995,51996.0,0.0,0.263764,0.030358999999999997,CYP,LTU,5503
2091599,61,130,1279,1995,275053.0,0.0,2.325385,-2.2238189999999998,DEU,LTU,5503
2091600,71,130,1279,1995,30964.0,0.0,1.144247,1.933844,ESP,LTU,5503
2091601,72,130,1279,1995,0.0,135751.0,0.530041,1.134288,EST,LTU,5503
2091602,74,130,1279,1995,0.0,3853.0,2.0085740000000003,1.126816,FIN,LTU,5503
2091603,77,130,1279,1995,96534.0,1008.0,1.768484,0.765537,FRA,LTU,5503
2091604,81,130,1279,1995,3330.0,0.0,1.8656979999999999,1.107121,GBR,LTU,5503
2091605,111,130,1279,1995,821750.0,274934.0,1.503379,1.449094,ITA,LTU,5503
2091606,121,130,1279,1995,23215.0,0.0,0.845175,1.2761799999999999,KOR,LTU,5503
2091607,132,130,1279,1995,887970.0,0.0,0.25453400000000004,0.174809,LVA,LTU,5503
2091608,162,130,1279,1995,34957.0,0.0,1.304391,1.8819119999999998,NLD,LTU,5503
2091609,177,130,1279,1995,129286.0,113886.0,0.76393,1.802648,POL,LTU,5503
2091610,186,130,1279,1995,231912.0,20907.0,0.364437,0.171494,RUS,LTU,5503
2091611,228,130,1279,1995,0.0,50811.0,0.428875,0.20489899999999997,UKR,LTU,5503
2091612,43,133,1279,1995,13613.0,677762.0,0.387897,3.2147919999999996,CHN,MAC,5503
2091613,77,133,1279,1995,19979.0,0.0,1.768484,0.765537,FRA,MAC,5503
2091614,81,133,1279,1995,16880.0,0.0,1.8656979999999999,1.107121,GBR,MAC,5503
2091615,97,133,1279,1995,511173.0,7091.0,0.5244449999999999,2.682738,HKG,MAC,5503
2091616,114,133,1279,1995,48798.0,0.0,2.56822,0.927307,JPN,MAC,5503
2091617,153,133,1279,1995,45134.0,0.0,0.357745,0.374284,MYS,MAC,5503
2091618,249,133,1279,1995,30115.0,0.0,1.345205,1.9337389999999999,TWN,MAC,5503
2091619,18,136,1279,1995,37572.0,0.0,1.615588,1.394102,BEL,MDG,5503
2091620,61,136,1279,1995,122245.0,0.0,2.325385,-2.2238189999999998,DEU,MDG,5503
2091621,77,136,1279,1995,298758.0,0.0,1.768484,0.765537,FRA,MDG,5503
2091622,111,136,1279,1995,28429.0,0.0,1.503379,1.449094,ITA,MDG,5503
2091623,246,136,1279,1995,203524.0,0.0,0.468112,1.039817,ZAF,MDG,5503
2091624,249,136,1279,1995,774037.0,0.0,1.345205,1.9337389999999999,TWN,MDG,5503
2091625,14,151,1279,1995,15922.0,0.0,0.44442,0.789292,AUS,MUS,5503
2091626,61,151,1279,1995,126133.0,0.0,2.325385,-2.2238189999999998,DEU,MUS,5503
2091627,77,151,1279,1995,62516.0,77565.0,1.768484,0.765537,FRA,MUS,5503
2091628,81,151,1279,1995,214178.0,0.0,1.8656979999999999,1.107121,GBR,MUS,5503
2091629,97,151,1279,1995,3652.0,0.0,0.5244449999999999,2.682738,HKG,MUS,5503
2091630,111,151,1279,1995,20536.0,0.0,1.503379,1.449094,ITA,MUS,5503
2091631,121,151,1279,1995,129764.0,0.0,0.845175,1.2761799999999999,KOR,MUS,5503
2091632,153,151,1279,1995,3062.0,0.0,0.357745,0.374284,MYS,MUS,5503
2091633,231,151,1279,1995,2930.0,0.0,1.771648,1.184,USA,MUS,5503
2091634,246,151,1279,1995,5717.0,0.0,0.468112,1.039817,ZAF,MUS,5503
2091635,77,184,1279,1995,78443.0,0.0,1.768484,0.765537,FRA,REU,5503
2091636,246,184,1279,1995,14563.0,0.0,0.468112,1.039817,ZAF,REU,5503
2091637,81,211,1279,1995,11445.0,0.0,1.8656979999999999,1.107121,GBR,SYC,5503
2091638,192,211,1279,1995,5915.0,0.0,0.747684,0.4745,SGP,SYC,5503
2091639,179,2,1279,1995,3960.0,0.0,0.412677,1.254009,PRT,AGO,5503
2091640,140,4,1279,1995,0.0,2528.0,0.34174,0.648467,MKD,ALB,5503
2091641,71,7,1279,1995,5920.0,0.0,1.144247,1.933844,ESP,ARE,5503
2091642,77,7,1279,1995,9892.0,0.0,1.768484,0.765537,FRA,ARE,5503
2091643,81,7,1279,1995,140795.0,59681.0,1.8656979999999999,1.107121,GBR,ARE,5503
2091644,97,7,1279,1995,51313.0,0.0,0.5244449999999999,2.682738,HKG,ARE,5503
2091645,103,7,1279,1995,42038.0,10815.0,-0.391727,1.174727,IDN,ARE,5503
2091646,104,7,1279,1995,527671.0,0.0,0.156183,1.9617380000000002,IND,ARE,5503
2091647,106,7,1279,1995,17007.0,0.0,1.349192,0.992099,IRL,ARE,5503
2091648,113,7,1279,1995,20304.0,0.0,0.666542,0.326785,JOR,ARE,5503
2091649,114,7,1279,1995,982768.0,0.0,2.56822,0.927307,JPN,ARE,5503
2091650,121,7,1279,1995,1989685.0,0.0,0.845175,1.2761799999999999,KOR,ARE,5503
2091651,138,7,1279,1995,805386.0,0.0,0.6414300000000001,0.9697520000000001,MEX,ARE,5503
2091652,140,7,1279,1995,0.0,2590.0,0.34174,0.648467,MKD,ARE,5503
2091653,167,7,1279,1995,0.0,16016.0,-0.328853,-0.946069,OMN,ARE,5503
2091654,216,7,1279,1995,488146.0,0.0,0.174522,1.608058,THA,ARE,5503
2091655,227,7,1279,1995,0.0,1082.0,-1.053037,-1.001752,UGA,ARE,5503
2091656,231,7,1279,1995,18107.0,0.0,1.771648,1.184,USA,ARE,5503
2091657,246,7,1279,1995,2646.0,0.0,0.468112,1.039817,ZAF,ARE,5503
2091658,81,19,1279,1995,124059.0,0.0,1.8656979999999999,1.107121,GBR,BEN,5503
2091659,111,19,1279,1995,0.0,45025.0,1.503379,1.449094,ITA,BEN,5503
2091660,157,19,1279,1995,0.0,1164.0,-0.288248,-0.592174,NER,BEN,5503
2091661,15,23,1279,1995,0.0,7397.0,2.000295,0.661255,AUT,BGR,5503
2091662,18,23,1279,1995,27112.0,1639894.0,1.615588,1.394102,BEL,BGR,5503
2091663,41,23,1279,1995,10468.0,0.0,2.1893029999999998,0.82765,CHE,BGR,5503
2091664,61,23,1279,1995,0.0,913706.0,2.325385,-2.2238189999999998,DEU,BGR,5503
2091665,71,23,1279,1995,0.0,97029.0,1.144247,1.933844,ESP,BGR,5503
2091666,74,23,1279,1995,0.0,1130.0,2.0085740000000003,1.126816,FIN,BGR,5503
2091667,77,23,1279,1995,33908.0,38294.0,1.768484,0.765537,FRA,BGR,5503
2091668,81,23,1279,1995,0.0,726545.0,1.8656979999999999,1.107121,GBR,BGR,5503
2091669,90,23,1279,1995,0.0,1817.0,0.17369,0.885756,GRC,BGR,5503
2091670,102,23,1279,1995,95000.0,0.0,0.878711,1.8200060000000002,HUN,BGR,5503
2091671,111,23,1279,1995,0.0,1363820.0,1.503379,1.449094,ITA,BGR,5503
2091672,113,23,1279,1995,88545.0,0.0,0.666542,0.326785,JOR,BGR,5503
2091673,132,23,1279,1995,30740.0,0.0,0.25453400000000004,0.174809,LVA,BGR,5503
2091674,140,23,1279,1995,738051.0,903374.0,0.34174,0.648467,MKD,BGR,5503
2091675,185,23,1279,1995,328000.0,0.0,0.621468,1.038729,ROU,BGR,5503
2091676,206,23,1279,1995,188873.0,24592.0,1.2249780000000001,1.405585,SVK,BGR,5503
2091677,207,23,1279,1995,8508.0,0.0,1.424606,1.490521,SVN,BGR,5503
2091678,224,23,1279,1995,0.0,3773346.0,0.166794,1.209066,TUR,BGR,5503
2091679,81,24,1279,1995,3237.0,0.0,1.8656979999999999,1.107121,GBR,BHR,5503
2091680,15,28,1279,1995,0.0,556690.0,2.000295,0.661255,AUT,BLR,5503
2091681,18,28,1279,1995,0.0,2206926.0,1.615588,1.394102,BEL,BLR,5503
2091682,43,28,1279,1995,0.0,277373.0,0.387897,3.2147919999999996,CHN,BLR,5503
2091683,59,28,1279,1995,0.0,40199.0,1.375091,1.628069,CZE,BLR,5503
2091684,61,28,1279,1995,0.0,21695409.0,2.325385,-2.2238189999999998,DEU,BLR,5503
2091685,71,28,1279,1995,0.0,290701.0,1.144247,1.933844,ESP,BLR,5503
2091686,72,28,1279,1995,0.0,357995.0,0.530041,1.134288,EST,BLR,5503
2091687,74,28,1279,1995,0.0,80369.0,2.0085740000000003,1.126816,FIN,BLR,5503
2091688,77,28,1279,1995,0.0,3991651.0,1.768484,0.765537,FRA,BLR,5503
2091689,81,28,1279,1995,0.0,89893.0,1.8656979999999999,1.107121,GBR,BLR,5503
2091690,90,28,1279,1995,0.0,12708.0,0.17369,0.885756,GRC,BLR,5503
2091691,100,28,1279,1995,0.0,479441.0,0.75325,1.395715,HRV,BLR,5503
2091692,102,28,1279,1995,0.0,1899564.0,0.878711,1.8200060000000002,HUN,BLR,5503
2091693,111,28,1279,1995,0.0,15676742.0,1.503379,1.449094,ITA,BLR,5503
2091694,117,28,1279,1995,0.0,99072.0,0.361272,0.047797000000000006,KGZ,BLR,5503
2091695,130,28,1279,1995,26810.0,11456673.0,0.41220500000000004,0.966966,LTU,BLR,5503
2091696,132,28,1279,1995,0.0,35239.0,0.25453400000000004,0.174809,LVA,BLR,5503
2091697,134,28,1279,1995,0.0,832763.0,-0.6481210000000001,-0.22345,MAR,BLR,5503
2091698,135,28,1279,1995,0.0,291041.0,0.394058,0.124474,MDA,BLR,5503
2091699,162,28,1279,1995,0.0,2560412.0,1.304391,1.8819119999999998,NLD,BLR,5503
2091700,177,28,1279,1995,0.0,5937912.0,0.76393,1.802648,POL,BLR,5503
2091701,179,28,1279,1995,0.0,31494.0,0.412677,1.254009,PRT,BLR,5503
2091702,185,28,1279,1995,0.0,224148.0,0.621468,1.038729,ROU,BLR,5503
2091703,206,28,1279,1995,0.0,101926.0,1.2249780000000001,1.405585,SVK,BLR,5503
2091704,207,28,1279,1995,0.0,852040.0,1.424606,1.490521,SVN,BLR,5503
2091705,224,28,1279,1995,0.0,86315.0,0.166794,1.209066,TUR,BLR,5503
2091706,231,28,1279,1995,0.0,122767.0,1.771648,1.184,USA,BLR,5503
2091707,153,34,1279,1995,15328.0,0.0,0.357745,0.374284,MYS,BRN,5503
2091708,231,34,1279,1995,6818.0,0.0,1.771648,1.184,USA,BRN,5503
2091709,224,80,1279,1995,0.0,11748.0,0.166794,1.209066,TUR,GAB,5503
2091710,49,83,1279,1995,75735.0,0.0,0.094335,0.13047999999999998,COL,GHA,5503
2091711,81,83,1279,1995,24552.0,0.0,1.8656979999999999,1.107121,GBR,GHA,5503
2091712,121,83,1279,1995,240440.0,0.0,0.845175,1.2761799999999999,KOR,GHA,5503
2091713,185,83,1279,1995,230000.0,0.0,0.621468,1.038729,ROU,GHA,5503
2091714,215,83,1279,1995,2748.0,0.0,-0.962727,-0.873151,TGO,GHA,5503
2091715,74,109,1279,1995,0.0,11875.0,2.0085740000000003,1.126816,FIN,ISL,5503
2091716,81,109,1279,1995,29165.0,0.0,1.8656979999999999,1.107121,GBR,ISL,5503
2091717,106,109,1279,1995,2842.0,0.0,1.349192,0.992099,IRL,ISL,5503
2091718,111,109,1279,1995,2678.0,0.0,1.503379,1.449094,ITA,ISL,5503
2091719,179,109,1279,1995,63788.0,0.0,0.412677,1.254009,PRT,ISL,5503
2091720,208,109,1279,1995,2414.0,0.0,2.246997,1.060171,SWE,ISL,5503
2091721,216,109,1279,1995,0.0,20176.0,0.174522,1.608058,THA,ISL,5503
2091722,231,109,1279,1995,11733.0,0.0,1.771648,1.184,USA,ISL,5503
2091723,231,112,1279,1995,93246.0,0.0,1.771648,1.184,USA,JAM,5503
2091724,71,116,1279,1995,452839.0,0.0,1.144247,1.933844,ESP,KEN,5503
2091725,77,116,1279,1995,895912.0,0.0,1.768484,0.765537,FRA,KEN,5503
2091726,81,116,1279,1995,42963.0,0.0,1.8656979999999999,1.107121,GBR,KEN,5503
2091727,103,116,1279,1995,61954.0,0.0,-0.391727,1.174727,IDN,KEN,5503
2091728,104,116,1279,1995,289273.0,0.0,0.156183,1.9617380000000002,IND,KEN,5503
2091729,111,116,1279,1995,19670.0,0.0,1.503379,1.449094,ITA,KEN,5503
2091730,114,116,1279,1995,164927.0,0.0,2.56822,0.927307,JPN,KEN,5503
2091731,121,116,1279,1995,1020553.0,0.0,0.845175,1.2761799999999999,KOR,KEN,5503
2091732,138,116,1279,1995,257816.0,0.0,0.6414300000000001,0.9697520000000001,MEX,KEN,5503
2091733,179,116,1279,1995,138856.0,0.0,0.412677,1.254009,PRT,KEN,5503
2091734,227,116,1279,1995,0.0,139426.0,-1.053037,-1.001752,UGA,KEN,5503
2091735,231,116,1279,1995,22179.0,0.0,1.771648,1.184,USA,KEN,5503
2091736,246,116,1279,1995,3524404.0,20745.0,0.468112,1.039817,ZAF,KEN,5503
2091737,104,122,1279,1995,29615.0,0.0,0.156183,1.9617380000000002,IND,KWT,5503
2091738,106,122,1279,1995,92852.0,0.0,1.349192,0.992099,IRL,KWT,5503
2091739,111,122,1279,1995,111364.0,0.0,1.503379,1.449094,ITA,KWT,5503
2091740,224,122,1279,1995,123430.0,0.0,0.166794,1.209066,TUR,KWT,5503
2091741,231,122,1279,1995,7218.0,0.0,1.771648,1.184,USA,KWT,5503
2091742,18,124,1279,1995,13968.0,0.0,1.615588,1.394102,BEL,LBN,5503
2091743,71,124,1279,1995,525811.0,0.0,1.144247,1.933844,ESP,LBN,5503
2091744,77,124,1279,1995,30705.0,0.0,1.768484,0.765537,FRA,LBN,5503
2091745,81,124,1279,1995,174338.0,0.0,1.8656979999999999,1.107121,GBR,LBN,5503
2091746,113,124,1279,1995,380617.0,0.0,0.666542,0.326785,JOR,LBN,5503
2091747,114,124,1279,1995,68119.0,0.0,2.56822,0.927307,JPN,LBN,5503
2091748,121,124,1279,1995,335511.0,0.0,0.845175,1.2761799999999999,KOR,LBN,5503
2091749,224,124,1279,1995,1093.0,0.0,0.166794,1.209066,TUR,LBN,5503
2091750,18,126,1279,1995,84175.0,0.0,1.615588,1.394102,BEL,LBY,5503
2091751,66,126,1279,1995,13711.0,0.0,-0.555409,-1.037972,DZA,LBY,5503
2091752,71,126,1279,1995,424288.0,0.0,1.144247,1.933844,ESP,LBY,5503
2091753,61,128,1279,1995,1031.0,0.0,2.325385,-2.2238189999999998,DEU,LKA,5503
2091754,97,128,1279,1995,2629.0,0.0,0.5244449999999999,2.682738,HKG,LKA,5503
2091755,103,128,1279,1995,3102564.0,0.0,-0.391727,1.174727,IDN,LKA,5503
2091756,114,128,1279,1995,274991.0,0.0,2.56822,0.927307,JPN,LKA,5503
2091757,121,128,1279,1995,6378726.0,0.0,0.845175,1.2761799999999999,KOR,LKA,5503
2091758,192,128,1279,1995,48215.0,0.0,0.747684,0.4745,SGP,LKA,5503
2091759,216,128,1279,1995,88753.0,0.0,0.174522,1.608058,THA,LKA,5503
2091760,246,147,1279,1995,11152.0,0.0,0.468112,1.039817,ZAF,MOZ,5503
2091761,248,147,1279,1995,3384.0,0.0,-0.054752999999999996,0.326737,ZWE,MOZ,5503
2091762,45,159,1279,1995,0.0,4698.0,-1.121716,-0.9758020000000001,CMR,NGA,5503
2091763,61,159,1279,1995,55000.0,0.0,2.325385,-2.2238189999999998,DEU,NGA,5503
2091764,81,159,1279,1995,156555.0,37056.0,1.8656979999999999,1.107121,GBR,NGA,5503
2091765,104,159,1279,1995,44483.0,0.0,0.156183,1.9617380000000002,IND,NGA,5503
2091766,106,159,1279,1995,20842.0,0.0,1.349192,0.992099,IRL,NGA,5503
2091767,121,159,1279,1995,148566.0,0.0,0.845175,1.2761799999999999,KOR,NGA,5503
2091768,157,159,1279,1995,0.0,1097.0,-0.288248,-0.592174,NER,NGA,5503
2091769,162,159,1279,1995,0.0,182282.0,1.304391,1.8819119999999998,NLD,NGA,5503
2091770,215,159,1279,1995,22226.0,0.0,-0.962727,-0.873151,TGO,NGA,5503
2091771,231,159,1279,1995,15915.0,0.0,1.771648,1.184,USA,NGA,5503
2091772,246,159,1279,1995,790589.0,0.0,0.468112,1.039817,ZAF,NGA,5503
2091773,81,164,1279,1995,18252.0,0.0,1.8656979999999999,1.107121,GBR,NPL,5503
2091774,104,164,1279,1995,53337.0,0.0,0.156183,1.9617380000000002,IND,NPL,5503
2091775,216,164,1279,1995,337697.0,0.0,0.174522,1.608058,THA,NPL,5503
2091776,231,164,1279,1995,0.0,183051.0,1.771648,1.184,USA,NPL,5503
2091777,32,180,1279,1995,45083.0,0.0,0.687171,1.188647,BRA,PRY,5503
2091778,81,183,1279,1995,1068.0,0.0,1.8656979999999999,1.107121,GBR,QAT,5503
2091779,113,183,1279,1995,17167.0,0.0,0.666542,0.326785,JOR,QAT,5503
2091780,102,189,1279,1995,46000.0,0.0,0.878711,1.8200060000000002,HUN,SCG,5503
2091781,140,189,1279,1995,645599.0,0.0,0.34174,0.648467,MKD,SCG,5503
2091782,185,189,1279,1995,556000.0,25255.0,0.621468,1.038729,ROU,SCG,5503
2091783,45,191,1279,1995,0.0,14859.0,-1.121716,-0.9758020000000001,CMR,SEN,5503
2091784,71,191,1279,1995,7407.0,0.0,1.144247,1.933844,ESP,SEN,5503
2091785,121,191,1279,1995,150320.0,0.0,0.845175,1.2761799999999999,KOR,SEN,5503
2091786,18,212,1279,1995,243778.0,0.0,1.615588,1.394102,BEL,SYR,5503
2091787,61,212,1279,1995,40370.0,2759.0,2.325385,-2.2238189999999998,DEU,SYR,5503
2091788,68,212,1279,1995,341368.0,0.0,-0.340042,-0.085601,EGY,SYR,5503
2091789,77,212,1279,1995,88942.0,0.0,1.768484,0.765537,FRA,SYR,5503
2091790,81,212,1279,1995,25472.0,0.0,1.8656979999999999,1.107121,GBR,SYR,5503
2091791,103,212,1279,1995,39177.0,206671.0,-0.391727,1.174727,IDN,SYR,5503
2091792,111,212,1279,1995,58483.0,0.0,1.503379,1.449094,ITA,SYR,5503
2091793,113,212,1279,1995,84178.0,0.0,0.666542,0.326785,JOR,SYR,5503
2091794,121,212,1279,1995,149606.0,0.0,0.845175,1.2761799999999999,KOR,SYR,5503
2091795,185,212,1279,1995,32000.0,0.0,0.621468,1.038729,ROU,SYR,5503
2091796,224,212,1279,1995,860369.0,0.0,0.166794,1.209066,TUR,SYR,5503
2091797,231,212,1279,1995,29023.0,0.0,1.771648,1.184,USA,SYR,5503
2091798,43,232,1279,1995,0.0,616668.0,0.387897,3.2147919999999996,CHN,UZB,5503
2091799,61,232,1279,1995,0.0,62082.0,2.325385,-2.2238189999999998,DEU,UZB,5503
2091800,111,232,1279,1995,0.0,66643.0,1.503379,1.449094,ITA,UZB,5503
2091801,224,232,1279,1995,0.0,16420.0,0.166794,1.209066,TUR,UZB,5503
2091802,102,243,1279,1995,20000.0,0.0,0.878711,1.8200060000000002,HUN,YEM,5503
2091803,104,243,1279,1995,138802.0,0.0,0.156183,1.9617380000000002,IND,YEM,5503
2091804,111,16,1279,1995,0.0,27580.0,1.503379,1.449094,ITA,AZE,5503
2091805,100,26,1279,1995,10605.0,0.0,0.75325,1.395715,HRV,BIH,5503
2091806,140,26,1279,1995,52642.0,0.0,0.34174,0.648467,MKD,BIH,5503
2091807,207,26,1279,1995,1334.0,0.0,1.424606,1.490521,SVN,BIH,5503
2091808,138,57,1279,1995,3012.0,0.0,0.6414300000000001,0.9697520000000001,MEX,CYM,5503
2091809,73,62,1279,1995,0.0,114945.0,-1.3387120000000001,-1.123621,ETH,DJI,5503
2091810,111,82,1279,1995,0.0,38842.0,1.503379,1.449094,ITA,GEO,5503
2091811,231,96,1279,1995,7535.0,0.0,1.771648,1.184,USA,GUY,5503
2091812,216,118,1279,1995,213444.0,0.0,0.174522,1.608058,THA,KHM,5503
2091813,121,119,1279,1995,40510.0,0.0,0.845175,1.2761799999999999,KOR,KIR,5503
2091814,216,123,1279,1995,397693.0,0.0,0.174522,1.608058,THA,LAO,5503
2091815,179,139,1279,1995,96024.0,0.0,0.412677,1.254009,PRT,MHL,5503
2091816,114,143,1279,1995,574310.0,0.0,2.56822,0.927307,JPN,MMR,5503
2091817,121,143,1279,1995,1080413.0,0.0,0.845175,1.2761799999999999,KOR,MMR,5503
2091818,216,143,1279,1995,39899.0,0.0,0.174522,1.608058,THA,MMR,5503
2091819,19,157,1279,1995,1164.0,0.0,-1.142708,-0.9045280000000001,BEN,NER,5503
2091820,159,157,1279,1995,1097.0,0.0,-2.108206,-1.2017520000000002,NGA,NER,5503
2091821,43,178,1279,1995,8174322.0,45830.0,0.387897,3.2147919999999996,CHN,PRK,5503
2091822,61,178,1279,1995,37396.0,0.0,2.325385,-2.2238189999999998,DEU,PRK,5503
2091823,97,178,1279,1995,320767.0,0.0,0.5244449999999999,2.682738,HKG,PRK,5503
2091824,103,178,1279,1995,0.0,66327.0,-0.391727,1.174727,IDN,PRK,5503
2091825,104,178,1279,1995,0.0,914698.0,0.156183,1.9617380000000002,IND,PRK,5503
2091826,114,178,1279,1995,4116.0,0.0,2.56822,0.927307,JPN,PRK,5503
2091827,188,178,1279,1995,0.0,1297318.0,0.401573,-0.6676529999999999,SAU,PRK,5503
2091828,215,178,1279,1995,0.0,15279.0,-0.962727,-0.873151,TGO,PRK,5503
2091829,81,196,1279,1995,21195.0,0.0,1.8656979999999999,1.107121,GBR,SLE,5503
2091830,138,0,1279,1995,0.0,31660.0,0.6414300000000001,0.9697520000000001,MEX,ABW,5503
2091831,61,5,1279,1995,51665.0,0.0,2.325385,-2.2238189999999998,DEU,AND,5503
2091832,71,5,1279,1995,1302.0,0.0,1.144247,1.933844,ESP,AND,5503
2091833,114,69,1279,1995,173698.0,0.0,2.56822,0.927307,JPN,ERI,5503
2091834,169,87,1279,1995,30517.0,0.0,-0.019815,0.050906,PAN,GMB,5503
2091835,121,145,1279,1995,1156.0,0.0,0.845175,1.2761799999999999,KOR,MNG,5503
2091836,64,78,1279,1995,20285.0,0.0,1.3800270000000001,1.489036,DNK,FRO,5503
2091837,163,78,1279,1995,1694.0,0.0,1.019741,0.394241,NOR,FRO,5503
2091838,77,200,1279,1995,1882.0,0.0,1.768484,0.765537,FRA,SPM,5503
2091839,246,218,1279,1995,395451.0,0.0,0.468112,1.039817,ZAF,TKL,5503
2091840,8,15,1280,1995,0.0,493317.0,0.245885,0.5489850000000001,ARG,AUT,5504
2091841,18,15,1280,1995,9141.0,5712426.0,1.615588,1.394102,BEL,AUT,5504
2091842,32,15,1280,1995,0.0,510026.0,0.687171,1.188647,BRA,AUT,5504
2091843,39,15,1280,1995,0.0,244037.0,1.077804,1.0724200000000002,CAN,AUT,5504
2091844,41,15,1280,1995,68735.0,1860853.0,2.1893029999999998,0.82765,CHE,AUT,5504
2091845,42,15,1280,1995,0.0,2416040.0,-0.073436,-0.192675,CHL,AUT,5504
2091846,49,15,1280,1995,0.0,540001.0,0.094335,0.13047999999999998,COL,AUT,5504
2091847,59,15,1280,1995,47660.0,65764.0,1.375091,1.628069,CZE,AUT,5504
2091848,61,15,1280,1995,5727206.0,23387814.0,2.325385,-2.2238189999999998,DEU,AUT,5504
2091849,64,15,1280,1995,0.0,45476.0,1.3800270000000001,1.489036,DNK,AUT,5504
2091850,71,15,1280,1995,0.0,8535591.0,1.144247,1.933844,ESP,AUT,5504
2091851,74,15,1280,1995,14783.0,4497114.0,2.0085740000000003,1.126816,FIN,AUT,5504
2091852,77,15,1280,1995,181098.0,21432714.0,1.768484,0.765537,FRA,AUT,5504
2091853,81,15,1280,1995,49573.0,2577.0,1.8656979999999999,1.107121,GBR,AUT,5504
2091854,90,15,1280,1995,0.0,1921427.0,0.17369,0.885756,GRC,AUT,5504
2091855,100,15,1280,1995,0.0,255082.0,0.75325,1.395715,HRV,AUT,5504
2091856,102,15,1280,1995,0.0,496559.0,0.878711,1.8200060000000002,HUN,AUT,5504
2091857,103,15,1280,1995,0.0,1367050.0,-0.391727,1.174727,IDN,AUT,5504
2091858,104,15,1280,1995,0.0,60820.0,0.156183,1.9617380000000002,IND,AUT,5504
2091859,110,15,1280,1995,0.0,296358.0,1.205368,1.189434,ISR,AUT,5504
2091860,111,15,1280,1995,51026.0,35274793.0,1.503379,1.449094,ITA,AUT,5504
2091861,114,15,1280,1995,0.0,5088776.0,2.56822,0.927307,JPN,AUT,5504
2091862,121,15,1280,1995,0.0,8019426.0,0.845175,1.2761799999999999,KOR,AUT,5504
2091863,134,15,1280,1995,0.0,28282.0,-0.6481210000000001,-0.22345,MAR,AUT,5504
2091864,136,15,1280,1995,0.0,297631.0,-1.178074,-0.6167,MDG,AUT,5504
2091865,138,15,1280,1995,0.0,19926.0,0.6414300000000001,0.9697520000000001,MEX,AUT,5504
2091866,162,15,1280,1995,39806.0,5713682.0,1.304391,1.8819119999999998,NLD,AUT,5504
2091867,163,15,1280,1995,0.0,190135.0,1.019741,0.394241,NOR,AUT,5504
2091868,173,15,1280,1995,0.0,473336.0,-0.263859,-0.21032800000000001,PER,AUT,5504
2091869,177,15,1280,1995,0.0,1483972.0,0.76393,1.802648,POL,AUT,5504
2091870,179,15,1280,1995,0.0,4415630.0,0.412677,1.254009,PRT,AUT,5504
2091871,185,15,1280,1995,368427.0,0.0,0.621468,1.038729,ROU,AUT,5504
2091872,192,15,1280,1995,0.0,1028.0,0.747684,0.4745,SGP,AUT,5504
2091873,206,15,1280,1995,0.0,3358.0,1.2249780000000001,1.405585,SVK,AUT,5504
2091874,207,15,1280,1995,0.0,848646.0,1.424606,1.490521,SVN,AUT,5504
2091875,208,15,1280,1995,0.0,1279364.0,2.246997,1.060171,SWE,AUT,5504
2091876,216,15,1280,1995,0.0,25608.0,0.174522,1.608058,THA,AUT,5504
2091877,223,15,1280,1995,0.0,197080.0,-0.253792,-0.044331,TUN,AUT,5504
2091878,224,15,1280,1995,0.0,12406297.0,0.166794,1.209066,TUR,AUT,5504
2091879,230,15,1280,1995,0.0,61255.0,0.45133900000000005,0.50831,URY,AUT,5504
2091880,231,15,1280,1995,1409665.0,11821207.0,1.771648,1.184,USA,AUT,5504
2091881,236,15,1280,1995,0.0,342441.0,0.299294,-0.635474,VEN,AUT,5504
2091882,246,15,1280,1995,0.0,3102480.0,0.468112,1.039817,ZAF,AUT,5504
2091883,15,18,1280,1995,5712426.0,9141.0,2.000295,0.661255,AUT,BEL,5504
2091884,41,18,1280,1995,0.0,4815.0,2.1893029999999998,0.82765,CHE,BEL,5504
2091885,46,18,1280,1995,0.0,62271.0,-1.4672459999999998,-1.0777139999999998,COD,BEL,5504
2091886,54,18,1280,1995,0.0,225928.0,-0.315644,-0.8812110000000001,CUB,BEL,5504
2091887,59,18,1280,1995,180874.0,15794.0,1.375091,1.628069,CZE,BEL,5504
2091888,61,18,1280,1995,48896350.0,240152.0,2.325385,-2.2238189999999998,DEU,BEL,5504
2091889,66,18,1280,1995,0.0,34957.0,-0.555409,-1.037972,DZA,BEL,5504
2091890,68,18,1280,1995,0.0,525089.0,-0.340042,-0.085601,EGY,BEL,5504
2091891,71,18,1280,1995,15042.0,112302.0,1.144247,1.933844,ESP,BEL,5504
2091892,72,18,1280,1995,0.0,935.0,0.530041,1.134288,EST,BEL,5504
2091893,74,18,1280,1995,5367586.0,0.0,2.0085740000000003,1.126816,FIN,BEL,5504
2091894,77,18,1280,1995,897719.0,381359.0,1.768484,0.765537,FRA,BEL,5504
2091895,81,18,1280,1995,3059994.0,851716.0,1.8656979999999999,1.107121,GBR,BEL,5504
2091896,103,18,1280,1995,47268.0,0.0,-0.391727,1.174727,IDN,BEL,5504
2091897,104,18,1280,1995,29298.0,567561.0,0.156183,1.9617380000000002,IND,BEL,5504
2091898,106,18,1280,1995,7245.0,0.0,1.349192,0.992099,IRL,BEL,5504
2091899,111,18,1280,1995,25602.0,69006.0,1.503379,1.449094,ITA,BEL,5504
2091900,114,18,1280,1995,8277.0,2410.0,2.56822,0.927307,JPN,BEL,5504
2091901,121,18,1280,1995,0.0,15744.0,0.845175,1.2761799999999999,KOR,BEL,5504
2091902,162,18,1280,1995,57622.0,60788.0,1.304391,1.8819119999999998,NLD,BEL,5504
2091903,163,18,1280,1995,40324.0,0.0,1.019741,0.394241,NOR,BEL,5504
2091904,166,18,1280,1995,0.0,5152.0,0.5558270000000001,0.773271,NZL,BEL,5504
2091905,168,18,1280,1995,0.0,14238.0,-0.707965,-0.324784,PAK,BEL,5504
2091906,179,18,1280,1995,0.0,332858.0,0.412677,1.254009,PRT,BEL,5504
2091907,185,18,1280,1995,13832.0,0.0,0.621468,1.038729,ROU,BEL,5504
2091908,208,18,1280,1995,696499.0,0.0,2.246997,1.060171,SWE,BEL,5504
2091909,224,18,1280,1995,111818.0,4309.0,0.166794,1.209066,TUR,BEL,5504
2091910,231,18,1280,1995,139532.0,76134.0,1.771648,1.184,USA,BEL,5504
2091911,231,30,1280,1995,20992.0,0.0,1.771648,1.184,USA,BMU,5504
2091912,8,32,1280,1995,87410.0,2378464.0,0.245885,0.5489850000000001,ARG,BRA,5504
2091913,15,32,1280,1995,510026.0,0.0,2.000295,0.661255,AUT,BRA,5504
2091914,41,32,1280,1995,0.0,372481.0,2.1893029999999998,0.82765,CHE,BRA,5504
2091915,42,32,1280,1995,0.0,588639.0,-0.073436,-0.192675,CHL,BRA,5504
2091916,43,32,1280,1995,60433.0,559930.0,0.387897,3.2147919999999996,CHN,BRA,5504
2091917,49,32,1280,1995,95130.0,31466.0,0.094335,0.13047999999999998,COL,BRA,5504
2091918,61,32,1280,1995,2019803.0,0.0,2.325385,-2.2238189999999998,DEU,BRA,5504
2091919,77,32,1280,1995,3637.0,0.0,1.768484,0.765537,FRA,BRA,5504
2091920,81,32,1280,1995,0.0,180267.0,1.8656979999999999,1.107121,GBR,BRA,5504
2091921,97,32,1280,1995,0.0,721644.0,0.5244449999999999,2.682738,HKG,BRA,5504
2091922,103,32,1280,1995,0.0,1041912.0,-0.391727,1.174727,IDN,BRA,5504
2091923,104,32,1280,1995,0.0,1935205.0,0.156183,1.9617380000000002,IND,BRA,5504
2091924,114,32,1280,1995,0.0,1874722.0,2.56822,0.927307,JPN,BRA,5504
2091925,121,32,1280,1995,78102.0,105705.0,0.845175,1.2761799999999999,KOR,BRA,5504
2091926,134,32,1280,1995,0.0,90317.0,-0.6481210000000001,-0.22345,MAR,BRA,5504
2091927,168,32,1280,1995,0.0,233798.0,-0.707965,-0.324784,PAK,BRA,5504
2091928,173,32,1280,1995,0.0,31182.0,-0.263859,-0.21032800000000001,PER,BRA,5504
2091929,224,32,1280,1995,0.0,61212.0,0.166794,1.209066,TUR,BRA,5504
2091930,230,32,1280,1995,0.0,1617330.0,0.45133900000000005,0.50831,URY,BRA,5504
2091931,231,32,1280,1995,1496507.0,13756.0,1.771648,1.184,USA,BRA,5504
2091932,236,32,1280,1995,0.0,875674.0,0.299294,-0.635474,VEN,BRA,5504
2091933,246,32,1280,1995,0.0,15693.0,0.468112,1.039817,ZAF,BRA,5504
2091934,14,43,1280,1995,42564.0,7735.0,0.44442,0.789292,AUS,CHN,5504
2091935,32,43,1280,1995,559930.0,60433.0,0.687171,1.188647,BRA,CHN,5504
2091936,61,43,1280,1995,21490323.0,0.0,2.325385,-2.2238189999999998,DEU,CHN,5504
2091937,74,43,1280,1995,393763.0,0.0,2.0085740000000003,1.126816,FIN,CHN,5504
2091938,77,43,1280,1995,47734.0,0.0,1.768484,0.765537,FRA,CHN,5504
2091939,81,43,1280,1995,752292.0,0.0,1.8656979999999999,1.107121,GBR,CHN,5504
2091940,97,43,1280,1995,2171944.0,1525472.0,0.5244449999999999,2.682738,HKG,CHN,5504
2091941,102,43,1280,1995,0.0,50421.0,0.878711,1.8200060000000002,HUN,CHN,5504
2091942,103,43,1280,1995,5470552.0,13292.0,-0.391727,1.174727,IDN,CHN,5504
2091943,104,43,1280,1995,0.0,107148.0,0.156183,1.9617380000000002,IND,CHN,5504
2091944,107,43,1280,1995,0.0,64208.0,-0.821991,-1.071013,IRN,CHN,5504
2091945,111,43,1280,1995,0.0,401593.0,1.503379,1.449094,ITA,CHN,5504
2091946,114,43,1280,1995,9262351.0,59103.0,2.56822,0.927307,JPN,CHN,5504
2091947,115,43,1280,1995,15303.0,0.0,0.280262,-0.285508,KAZ,CHN,5504
2091948,121,43,1280,1995,1479419.0,449062.0,0.845175,1.2761799999999999,KOR,CHN,5504
2091949,153,43,1280,1995,91985.0,430871.0,0.357745,0.374284,MYS,CHN,5504
2091950,162,43,1280,1995,0.0,7337.0,1.304391,1.8819119999999998,NLD,CHN,5504
2091951,167,43,1280,1995,0.0,5087.0,-0.328853,-0.946069,OMN,CHN,5504
2091952,173,43,1280,1995,167829.0,21122.0,-0.263859,-0.21032800000000001,PER,CHN,5504
2091953,174,43,1280,1995,0.0,13170.0,-0.480548,0.076564,PHL,CHN,5504
2091954,178,43,1280,1995,23159.0,202972.0,0.46509799999999996,0.645496,PRK,CHN,5504
2091955,186,43,1280,1995,6072798.0,0.0,0.364437,0.171494,RUS,CHN,5504
2091956,192,43,1280,1995,976408.0,0.0,0.747684,0.4745,SGP,CHN,5504
2091957,212,43,1280,1995,0.0,34156.0,-0.8829469999999999,-0.809407,SYR,CHN,5504
2091958,216,43,1280,1995,10323574.0,1518.0,0.174522,1.608058,THA,CHN,5504
2091959,224,43,1280,1995,0.0,68832.0,0.166794,1.209066,TUR,CHN,5504
2091960,230,43,1280,1995,0.0,4692.0,0.45133900000000005,0.50831,URY,CHN,5504
2091961,231,43,1280,1995,1154344.0,1320156.0,1.771648,1.184,USA,CHN,5504
2091962,232,43,1280,1995,46370.0,0.0,-0.29740900000000003,-0.9456190000000001,UZB,CHN,5504
2091963,249,43,1280,1995,9838647.0,0.0,1.345205,1.9337389999999999,TWN,CHN,5504
2091964,250,43,1280,1995,150363.0,0.0,1.034518,0.9735149999999999,ANS,CHN,5504
2091965,15,49,1280,1995,540001.0,0.0,2.000295,0.661255,AUT,COL,5504
2091966,32,49,1280,1995,31466.0,95130.0,0.687171,1.188647,BRA,COL,5504
2091967,61,49,1280,1995,165558.0,0.0,2.325385,-2.2238189999999998,DEU,COL,5504
2091968,77,49,1280,1995,16232.0,0.0,1.768484,0.765537,FRA,COL,5504
2091969,81,49,1280,1995,1158386.0,0.0,1.8656979999999999,1.107121,GBR,COL,5504
2091970,138,49,1280,1995,20618.0,0.0,0.6414300000000001,0.9697520000000001,MEX,COL,5504
2091971,208,49,1280,1995,506802.0,0.0,2.246997,1.060171,SWE,COL,5504
2091972,231,49,1280,1995,2859290.0,0.0,1.771648,1.184,USA,COL,5504
2091973,231,52,1280,1995,38838.0,0.0,1.771648,1.184,USA,CRI,5504
2091974,236,52,1280,1995,1360.0,0.0,0.299294,-0.635474,VEN,CRI,5504
2091975,7,61,1280,1995,0.0,466390.0,-0.205166,-0.6132380000000001,ARE,DEU,5504
2091976,8,61,1280,1995,0.0,39438.0,0.245885,0.5489850000000001,ARG,DEU,5504
2091977,14,61,1280,1995,0.0,6610438.0,0.44442,0.789292,AUS,DEU,5504
2091978,15,61,1280,1995,23387814.0,5727206.0,2.000295,0.661255,AUT,DEU,5504
2091979,18,61,1280,1995,240152.0,48896350.0,1.615588,1.394102,BEL,DEU,5504
2091980,21,61,1280,1995,0.0,2822.0,-0.695354,-0.902185,BFA,DEU,5504
2091981,23,61,1280,1995,0.0,703833.0,0.436138,1.086561,BGR,DEU,5504
2091982,24,61,1280,1995,0.0,3174.0,-0.239166,-0.8627950000000001,BHR,DEU,5504
2091983,28,61,1280,1995,67924.0,11074.0,0.5290279999999999,0.27031700000000003,BLR,DEU,5504
2091984,32,61,1280,1995,0.0,2019803.0,0.687171,1.188647,BRA,DEU,5504
2091985,34,61,1280,1995,0.0,1030.0,-0.979701,-0.85456,BRN,DEU,5504
2091986,39,61,1280,1995,0.0,5099728.0,1.077804,1.0724200000000002,CAN,DEU,5504
2091987,41,61,1280,1995,102270.0,8317717.0,2.1893029999999998,0.82765,CHE,DEU,5504
2091988,42,61,1280,1995,0.0,1185717.0,-0.073436,-0.192675,CHL,DEU,5504
2091989,43,61,1280,1995,0.0,21490323.0,0.387897,3.2147919999999996,CHN,DEU,5504
2091990,45,61,1280,1995,0.0,1770.0,-1.121716,-0.9758020000000001,CMR,DEU,5504
2091991,49,61,1280,1995,0.0,165558.0,0.094335,0.13047999999999998,COL,DEU,5504
2091992,58,61,1280,1995,0.0,237642.0,0.263764,0.030358999999999997,CYP,DEU,5504
2091993,59,61,1280,1995,6490358.0,7388240.0,1.375091,1.628069,CZE,DEU,5504
2091994,64,61,1280,1995,121231.0,2646453.0,1.3800270000000001,1.489036,DNK,DEU,5504
2091995,66,61,1280,1995,0.0,2271414.0,-0.555409,-1.037972,DZA,DEU,5504
2091996,67,61,1280,1995,0.0,145301.0,-0.948154,-0.9595790000000001,ECU,DEU,5504
2091997,68,61,1280,1995,0.0,1576181.0,-0.340042,-0.085601,EGY,DEU,5504
2091998,71,61,1280,1995,634765.0,54327961.0,1.144247,1.933844,ESP,DEU,5504
2091999,72,61,1280,1995,0.0,362608.0,0.530041,1.134288,EST,DEU,5504
2092000,74,61,1280,1995,8322679.0,22739314.0,2.0085740000000003,1.126816,FIN,DEU,5504
2092001,77,61,1280,1995,683343.0,96684423.0,1.768484,0.765537,FRA,DEU,5504
2092002,81,61,1280,1995,2622077.0,43881156.0,1.8656979999999999,1.107121,GBR,DEU,5504
2092003,83,61,1280,1995,0.0,223216.0,-1.247755,-1.070455,GHA,DEU,5504
2092004,84,61,1280,1995,0.0,1010.0,0.784189,-0.224741,GIB,DEU,5504
2092005,85,61,1280,1995,0.0,2807.0,-1.304768,-1.077826,GIN,DEU,5504
2092006,86,61,1280,1995,0.0,758.0,0.563491,-0.18852,GLP,DEU,5504
2092007,90,61,1280,1995,83671.0,7271315.0,0.17369,0.885756,GRC,DEU,5504
2092008,97,61,1280,1995,0.0,1478408.0,0.5244449999999999,2.682738,HKG,DEU,5504
2092009,100,61,1280,1995,0.0,1430082.0,0.75325,1.395715,HRV,DEU,5504
2092010,102,61,1280,1995,0.0,4762772.0,0.878711,1.8200060000000002,HUN,DEU,5504
2092011,103,61,1280,1995,64206.0,3117167.0,-0.391727,1.174727,IDN,DEU,5504
2092012,104,61,1280,1995,13986.0,6330184.0,0.156183,1.9617380000000002,IND,DEU,5504
2092013,106,61,1280,1995,0.0,3239099.0,1.349192,0.992099,IRL,DEU,5504
2092014,107,61,1280,1995,0.0,31823430.0,-0.821991,-1.071013,IRN,DEU,5504
2092015,109,61,1280,1995,0.0,43077.0,0.161331,-0.45210100000000003,ISL,DEU,5504
2092016,110,61,1280,1995,0.0,4560678.0,1.205368,1.189434,ISR,DEU,5504
2092017,111,61,1280,1995,268306.0,137453294.0,1.503379,1.449094,ITA,DEU,5504
2092018,113,61,1280,1995,0.0,43505.0,0.666542,0.326785,JOR,DEU,5504
2092019,114,61,1280,1995,1271597.0,2100270.0,2.56822,0.927307,JPN,DEU,5504
2092020,116,61,1280,1995,0.0,45061.0,-0.303773,0.111305,KEN,DEU,5504
2092021,121,61,1280,1995,0.0,1055948.0,0.845175,1.2761799999999999,KOR,DEU,5504
2092022,122,61,1280,1995,0.0,8365.0,-0.226273,-1.02354,KWT,DEU,5504
2092023,124,61,1280,1995,0.0,243772.0,0.027416000000000003,0.327795,LBN,DEU,5504
2092024,126,61,1280,1995,0.0,1159.0,-0.353547,-1.019464,LBY,DEU,5504
2092025,127,61,1280,1995,0.0,1486.0,0.194177,-0.359444,LCA,DEU,5504
2092026,128,61,1280,1995,0.0,5156.0,-0.8358030000000001,-0.29397199999999996,LKA,DEU,5504
2092027,130,61,1280,1995,40352.0,61810.0,0.41220500000000004,0.966966,LTU,DEU,5504
2092028,132,61,1280,1995,0.0,161670.0,0.25453400000000004,0.174809,LVA,DEU,5504
2092029,134,61,1280,1995,0.0,8948885.0,-0.6481210000000001,-0.22345,MAR,DEU,5504
2092030,135,61,1280,1995,0.0,949.0,0.394058,0.124474,MDA,DEU,5504
2092031,136,61,1280,1995,0.0,144415.0,-1.178074,-0.6167,MDG,DEU,5504
2092032,138,61,1280,1995,0.0,2012.0,0.6414300000000001,0.9697520000000001,MEX,DEU,5504
2092033,140,61,1280,1995,59261.0,301253.0,0.34174,0.648467,MKD,DEU,5504
2092034,142,61,1280,1995,0.0,20420.0,0.842519,0.11882899999999999,MLT,DEU,5504
2092035,145,61,1280,1995,0.0,1065.0,-0.653135,-1.023557,MNG,DEU,5504
2092036,151,61,1280,1995,0.0,164796.0,-0.432644,-0.574298,MUS,DEU,5504
2092037,153,61,1280,1995,0.0,3826.0,0.357745,0.374284,MYS,DEU,5504
2092038,159,61,1280,1995,0.0,79000.0,-2.108206,-1.2017520000000002,NGA,DEU,5504
2092039,162,61,1280,1995,20083.0,29366256.0,1.304391,1.8819119999999998,NLD,DEU,5504
2092040,163,61,1280,1995,0.0,3881757.0,1.019741,0.394241,NOR,DEU,5504
2092041,164,61,1280,1995,0.0,1018.0,-0.779984,-0.7621479999999999,NPL,DEU,5504
2092042,166,61,1280,1995,0.0,883903.0,0.5558270000000001,0.773271,NZL,DEU,5504
2092043,167,61,1280,1995,0.0,1450.0,-0.328853,-0.946069,OMN,DEU,5504
2092044,168,61,1280,1995,0.0,4142726.0,-0.707965,-0.324784,PAK,DEU,5504
2092045,173,61,1280,1995,0.0,685555.0,-0.263859,-0.21032800000000001,PER,DEU,5504
2092046,174,61,1280,1995,0.0,167681.0,-0.480548,0.076564,PHL,DEU,5504
2092047,177,61,1280,1995,2135280.0,8189417.0,0.76393,1.802648,POL,DEU,5504
2092048,178,61,1280,1995,0.0,1011.0,0.46509799999999996,0.645496,PRK,DEU,5504
2092049,179,61,1280,1995,0.0,6359405.0,0.412677,1.254009,PRT,DEU,5504
2092050,185,61,1280,1995,183776.0,1635458.0,0.621468,1.038729,ROU,DEU,5504
2092051,186,61,1280,1995,67720.0,210947.0,0.364437,0.171494,RUS,DEU,5504
2092052,188,61,1280,1995,0.0,32722.0,0.401573,-0.6676529999999999,SAU,DEU,5504
2092053,189,61,1280,1995,0.0,40316.0,1.032118,1.180409,SCG,DEU,5504
2092054,190,61,1280,1995,0.0,3374.0,-0.776567,-0.963823,SDN,DEU,5504
2092055,191,61,1280,1995,0.0,1025.0,-0.94962,-0.970988,SEN,DEU,5504
2092056,192,61,1280,1995,0.0,81494.0,0.747684,0.4745,SGP,DEU,5504
2092057,206,61,1280,1995,16868.0,614207.0,1.2249780000000001,1.405585,SVK,DEU,5504
2092058,207,61,1280,1995,0.0,8871505.0,1.424606,1.490521,SVN,DEU,5504
2092059,208,61,1280,1995,8854549.0,8251765.0,2.246997,1.060171,SWE,DEU,5504
2092060,212,61,1280,1995,0.0,433451.0,-0.8829469999999999,-0.809407,SYR,DEU,5504
2092061,215,61,1280,1995,0.0,1686.0,-0.962727,-0.873151,TGO,DEU,5504
2092062,216,61,1280,1995,0.0,96267.0,0.174522,1.608058,THA,DEU,5504
2092063,223,61,1280,1995,0.0,1102119.0,-0.253792,-0.044331,TUN,DEU,5504
2092064,224,61,1280,1995,13095.0,28248868.0,0.166794,1.209066,TUR,DEU,5504
2092065,228,61,1280,1995,39003.0,106284.0,0.428875,0.20489899999999997,UKR,DEU,5504
2092066,230,61,1280,1995,0.0,429905.0,0.45133900000000005,0.50831,URY,DEU,5504
2092067,231,61,1280,1995,876681.0,37790496.0,1.771648,1.184,USA,DEU,5504
2092068,236,61,1280,1995,0.0,16596.0,0.299294,-0.635474,VEN,DEU,5504
2092069,239,61,1280,1995,0.0,30167.0,-1.0462069999999999,-0.269063,VNM,DEU,5504
2092070,246,61,1280,1995,2387.0,10980066.0,0.468112,1.039817,ZAF,DEU,5504
2092071,248,61,1280,1995,0.0,6516.0,-0.054752999999999996,0.326737,ZWE,DEU,5504
2092072,249,61,1280,1995,62158.0,4452684.0,1.345205,1.9337389999999999,TWN,DEU,5504
2092073,250,61,1280,1995,0.0,134306.0,1.034518,0.9735149999999999,ANS,DEU,5504
2092074,15,64,1280,1995,45476.0,0.0,2.000295,0.661255,AUT,DNK,5504
2092075,41,64,1280,1995,12497.0,0.0,2.1893029999999998,0.82765,CHE,DNK,5504
2092076,61,64,1280,1995,2646453.0,121231.0,2.325385,-2.2238189999999998,DEU,DNK,5504
2092077,71,64,1280,1995,55478.0,0.0,1.144247,1.933844,ESP,DNK,5504
2092078,104,64,1280,1995,0.0,6498.0,0.156183,1.9617380000000002,IND,DNK,5504
2092079,111,64,1280,1995,2313.0,0.0,1.503379,1.449094,ITA,DNK,5504
2092080,162,64,1280,1995,0.0,174898.0,1.304391,1.8819119999999998,NLD,DNK,5504
2092081,177,64,1280,1995,0.0,60841.0,0.76393,1.802648,POL,DNK,5504
2092082,179,64,1280,1995,5617.0,0.0,0.412677,1.254009,PRT,DNK,5504
2092083,208,64,1280,1995,13492.0,0.0,2.246997,1.060171,SWE,DNK,5504
2092084,8,71,1280,1995,0.0,66233.0,0.245885,0.5489850000000001,ARG,ESP,5504
2092085,15,71,1280,1995,8535591.0,0.0,2.000295,0.661255,AUT,ESP,5504
2092086,18,71,1280,1995,112302.0,15042.0,1.615588,1.394102,BEL,ESP,5504
2092087,39,71,1280,1995,0.0,22729.0,1.077804,1.0724200000000002,CAN,ESP,5504
2092088,41,71,1280,1995,21330.0,0.0,2.1893029999999998,0.82765,CHE,ESP,5504
2092089,42,71,1280,1995,0.0,7435.0,-0.073436,-0.192675,CHL,ESP,5504
2092090,58,71,1280,1995,0.0,7652.0,0.263764,0.030358999999999997,CYP,ESP,5504
2092091,59,71,1280,1995,1554581.0,0.0,1.375091,1.628069,CZE,ESP,5504
2092092,61,71,1280,1995,54327961.0,634765.0,2.325385,-2.2238189999999998,DEU,ESP,5504
2092093,64,71,1280,1995,0.0,55478.0,1.3800270000000001,1.489036,DNK,ESP,5504
2092094,66,71,1280,1995,0.0,168036.0,-0.555409,-1.037972,DZA,ESP,5504
2092095,67,71,1280,1995,0.0,6146.0,-0.948154,-0.9595790000000001,ECU,ESP,5504
2092096,68,71,1280,1995,0.0,1645657.0,-0.340042,-0.085601,EGY,ESP,5504
2092097,74,71,1280,1995,5889680.0,0.0,2.0085740000000003,1.126816,FIN,ESP,5504
2092098,77,71,1280,1995,258733.0,2385546.0,1.768484,0.765537,FRA,ESP,5504
2092099,81,71,1280,1995,11473435.0,2541934.0,1.8656979999999999,1.107121,GBR,ESP,5504
2092100,90,71,1280,1995,0.0,7593.0,0.17369,0.885756,GRC,ESP,5504
2092101,100,71,1280,1995,0.0,785801.0,0.75325,1.395715,HRV,ESP,5504
2092102,103,71,1280,1995,54154.0,248609.0,-0.391727,1.174727,IDN,ESP,5504
2092103,104,71,1280,1995,84275.0,3485883.0,0.156183,1.9617380000000002,IND,ESP,5504
2092104,107,71,1280,1995,0.0,67410.0,-0.821991,-1.071013,IRN,ESP,5504
2092105,110,71,1280,1995,0.0,1090998.0,1.205368,1.189434,ISR,ESP,5504
2092106,111,71,1280,1995,457661.0,16370788.0,1.503379,1.449094,ITA,ESP,5504
2092107,114,71,1280,1995,3443.0,0.0,2.56822,0.927307,JPN,ESP,5504
2092108,121,71,1280,1995,0.0,70336.0,0.845175,1.2761799999999999,KOR,ESP,5504
2092109,134,71,1280,1995,0.0,1965122.0,-0.6481210000000001,-0.22345,MAR,ESP,5504
2092110,138,71,1280,1995,78808.0,0.0,0.6414300000000001,0.9697520000000001,MEX,ESP,5504
2092111,162,71,1280,1995,4460.0,3942.0,1.304391,1.8819119999999998,NLD,ESP,5504
2092112,163,71,1280,1995,0.0,4110.0,1.019741,0.394241,NOR,ESP,5504
2092113,168,71,1280,1995,0.0,156683.0,-0.707965,-0.324784,PAK,ESP,5504
2092114,177,71,1280,1995,3175396.0,0.0,0.76393,1.802648,POL,ESP,5504
2092115,179,71,1280,1995,0.0,276551.0,0.412677,1.254009,PRT,ESP,5504
2092116,207,71,1280,1995,0.0,42151.0,1.424606,1.490521,SVN,ESP,5504
2092117,208,71,1280,1995,627098.0,18400.0,2.246997,1.060171,SWE,ESP,5504
2092118,216,71,1280,1995,30055.0,0.0,0.174522,1.608058,THA,ESP,5504
2092119,223,71,1280,1995,0.0,46802.0,-0.253792,-0.044331,TUN,ESP,5504
2092120,224,71,1280,1995,0.0,5009.0,0.166794,1.209066,TUR,ESP,5504
2092121,231,71,1280,1995,707069.0,115133.0,1.771648,1.184,USA,ESP,5504
2092122,246,71,1280,1995,0.0,50704.0,0.468112,1.039817,ZAF,ESP,5504
2092123,249,71,1280,1995,0.0,1051523.0,1.345205,1.9337389999999999,TWN,ESP,5504
2092124,15,74,1280,1995,4497114.0,14783.0,2.000295,0.661255,AUT,FIN,5504
2092125,18,74,1280,1995,0.0,5367586.0,1.615588,1.394102,BEL,FIN,5504
2092126,41,74,1280,1995,16526.0,12492.0,2.1893029999999998,0.82765,CHE,FIN,5504
2092127,43,74,1280,1995,0.0,393763.0,0.387897,3.2147919999999996,CHN,FIN,5504
2092128,61,74,1280,1995,22739314.0,8322679.0,2.325385,-2.2238189999999998,DEU,FIN,5504
2092129,67,74,1280,1995,0.0,18616.0,-0.948154,-0.9595790000000001,ECU,FIN,5504
2092130,71,74,1280,1995,0.0,5889680.0,1.144247,1.933844,ESP,FIN,5504
2092131,72,74,1280,1995,8376.0,42269.0,0.530041,1.134288,EST,FIN,5504
2092132,77,74,1280,1995,11471.0,16979704.0,1.768484,0.765537,FRA,FIN,5504
2092133,81,74,1280,1995,3838167.0,0.0,1.8656979999999999,1.107121,GBR,FIN,5504
2092134,90,74,1280,1995,0.0,884825.0,0.17369,0.885756,GRC,FIN,5504
2092135,102,74,1280,1995,0.0,586645.0,0.878711,1.8200060000000002,HUN,FIN,5504
2092136,104,74,1280,1995,0.0,1311183.0,0.156183,1.9617380000000002,IND,FIN,5504
2092137,111,74,1280,1995,3408.0,3434050.0,1.503379,1.449094,ITA,FIN,5504
2092138,114,74,1280,1995,0.0,3466.0,2.56822,0.927307,JPN,FIN,5504
2092139,132,74,1280,1995,0.0,29971.0,0.25453400000000004,0.174809,LVA,FIN,5504
2092140,134,74,1280,1995,0.0,476675.0,-0.6481210000000001,-0.22345,MAR,FIN,5504
2092141,138,74,1280,1995,0.0,1785416.0,0.6414300000000001,0.9697520000000001,MEX,FIN,5504
2092142,162,74,1280,1995,0.0,4241929.0,1.304391,1.8819119999999998,NLD,FIN,5504
2092143,173,74,1280,1995,0.0,391372.0,-0.263859,-0.21032800000000001,PER,FIN,5504
2092144,177,74,1280,1995,0.0,292604.0,0.76393,1.802648,POL,FIN,5504
2092145,179,74,1280,1995,0.0,4779494.0,0.412677,1.254009,PRT,FIN,5504
2092146,185,74,1280,1995,0.0,205522.0,0.621468,1.038729,ROU,FIN,5504
2092147,207,74,1280,1995,0.0,101454.0,1.424606,1.490521,SVN,FIN,5504
2092148,208,74,1280,1995,45728.0,6133340.0,2.246997,1.060171,SWE,FIN,5504
2092149,224,74,1280,1995,0.0,10536086.0,0.166794,1.209066,TUR,FIN,5504
2092150,231,74,1280,1995,161315.0,3678928.0,1.771648,1.184,USA,FIN,5504
2092151,250,74,1280,1995,0.0,91773600.0,1.034518,0.9735149999999999,ANS,FIN,5504
2092152,15,77,1280,1995,21432714.0,181098.0,2.000295,0.661255,AUT,FRA,5504
2092153,18,77,1280,1995,381359.0,897719.0,1.615588,1.394102,BEL,FRA,5504
2092154,32,77,1280,1995,0.0,3637.0,0.687171,1.188647,BRA,FRA,5504
2092155,39,77,1280,1995,0.0,489280.0,1.077804,1.0724200000000002,CAN,FRA,5504
2092156,41,77,1280,1995,3271.0,1694.0,2.1893029999999998,0.82765,CHE,FRA,5504
2092157,42,77,1280,1995,0.0,1820.0,-0.073436,-0.192675,CHL,FRA,5504
2092158,43,77,1280,1995,0.0,47734.0,0.387897,3.2147919999999996,CHN,FRA,5504
2092159,45,77,1280,1995,0.0,10851.0,-1.121716,-0.9758020000000001,CMR,FRA,5504
2092160,49,77,1280,1995,0.0,16232.0,0.094335,0.13047999999999998,COL,FRA,5504
2092161,59,77,1280,1995,1923762.0,2453.0,1.375091,1.628069,CZE,FRA,5504
2092162,61,77,1280,1995,96684423.0,683343.0,2.325385,-2.2238189999999998,DEU,FRA,5504
2092163,66,77,1280,1995,0.0,73664.0,-0.555409,-1.037972,DZA,FRA,5504
2092164,68,77,1280,1995,0.0,1460.0,-0.340042,-0.085601,EGY,FRA,5504
2092165,71,77,1280,1995,2385546.0,258733.0,1.144247,1.933844,ESP,FRA,5504
2092166,74,77,1280,1995,16979704.0,11471.0,2.0085740000000003,1.126816,FIN,FRA,5504
2092167,81,77,1280,1995,5583294.0,100872.0,1.8656979999999999,1.107121,GBR,FRA,5504
2092168,86,77,1280,1995,0.0,4827.0,0.563491,-0.18852,GLP,FRA,5504
2092169,90,77,1280,1995,28794.0,51793.0,0.17369,0.885756,GRC,FRA,5504
2092170,100,77,1280,1995,0.0,8408.0,0.75325,1.395715,HRV,FRA,5504
2092171,111,77,1280,1995,527331.0,1123275.0,1.503379,1.449094,ITA,FRA,5504
2092172,114,77,1280,1995,0.0,7724.0,2.56822,0.927307,JPN,FRA,5504
2092173,121,77,1280,1995,0.0,104072.0,0.845175,1.2761799999999999,KOR,FRA,5504
2092174,132,77,1280,1995,0.0,11903.0,0.25453400000000004,0.174809,LVA,FRA,5504
2092175,134,77,1280,1995,0.0,123532.0,-0.6481210000000001,-0.22345,MAR,FRA,5504
2092176,153,77,1280,1995,19290.0,0.0,0.357745,0.374284,MYS,FRA,5504
2092177,157,77,1280,1995,0.0,12604.0,-0.288248,-0.592174,NER,FRA,5504
2092178,162,77,1280,1995,251265.0,235916.0,1.304391,1.8819119999999998,NLD,FRA,5504
2092179,166,77,1280,1995,0.0,36053.0,0.5558270000000001,0.773271,NZL,FRA,5504
2092180,168,77,1280,1995,0.0,80198.0,-0.707965,-0.324784,PAK,FRA,5504
2092181,177,77,1280,1995,158491.0,2120.0,0.76393,1.802648,POL,FRA,5504
2092182,179,77,1280,1995,20573.0,28948.0,0.412677,1.254009,PRT,FRA,5504
2092183,185,77,1280,1995,561549.0,0.0,0.621468,1.038729,ROU,FRA,5504
2092184,186,77,1280,1995,36043.0,182971.0,0.364437,0.171494,RUS,FRA,5504
2092185,208,77,1280,1995,4326574.0,0.0,2.246997,1.060171,SWE,FRA,5504
2092186,216,77,1280,1995,0.0,56808.0,0.174522,1.608058,THA,FRA,5504
2092187,223,77,1280,1995,0.0,9134.0,-0.253792,-0.044331,TUN,FRA,5504
2092188,224,77,1280,1995,0.0,14426.0,0.166794,1.209066,TUR,FRA,5504
2092189,231,77,1280,1995,296916.0,108328.0,1.771648,1.184,USA,FRA,5504
2092190,249,77,1280,1995,0.0,208029.0,1.345205,1.9337389999999999,TWN,FRA,5504
2092191,250,77,1280,1995,7676.0,0.0,1.034518,0.9735149999999999,ANS,FRA,5504
2092192,8,81,1280,1995,0.0,17567.0,0.245885,0.5489850000000001,ARG,GBR,5504
2092193,14,81,1280,1995,0.0,4671099.0,0.44442,0.789292,AUS,GBR,5504
2092194,15,81,1280,1995,2577.0,49573.0,2.000295,0.661255,AUT,GBR,5504
2092195,18,81,1280,1995,851716.0,3059994.0,1.615588,1.394102,BEL,GBR,5504
2092196,32,81,1280,1995,180267.0,0.0,0.687171,1.188647,BRA,GBR,5504
2092197,39,81,1280,1995,0.0,217578.0,1.077804,1.0724200000000002,CAN,GBR,5504
2092198,41,81,1280,1995,0.0,921354.0,2.1893029999999998,0.82765,CHE,GBR,5504
2092199,43,81,1280,1995,0.0,752292.0,0.387897,3.2147919999999996,CHN,GBR,5504
2092200,49,81,1280,1995,0.0,1158386.0,0.094335,0.13047999999999998,COL,GBR,5504
2092201,59,81,1280,1995,240814.0,0.0,1.375091,1.628069,CZE,GBR,5504
2092202,61,81,1280,1995,43881156.0,2622077.0,2.325385,-2.2238189999999998,DEU,GBR,5504
2092203,68,81,1280,1995,0.0,279474.0,-0.340042,-0.085601,EGY,GBR,5504
2092204,71,81,1280,1995,2541934.0,11473435.0,1.144247,1.933844,ESP,GBR,5504
2092205,72,81,1280,1995,0.0,2672.0,0.530041,1.134288,EST,GBR,5504
2092206,74,81,1280,1995,0.0,3838167.0,2.0085740000000003,1.126816,FIN,GBR,5504
2092207,77,81,1280,1995,100872.0,5583294.0,1.768484,0.765537,FRA,GBR,5504
2092208,90,81,1280,1995,0.0,21365.0,0.17369,0.885756,GRC,GBR,5504
2092209,99,81,1280,1995,0.0,37496.0,-0.765536,-0.668834,HND,GBR,5504
2092210,100,81,1280,1995,0.0,45974.0,0.75325,1.395715,HRV,GBR,5504
2092211,102,81,1280,1995,0.0,332975.0,0.878711,1.8200060000000002,HUN,GBR,5504
2092212,103,81,1280,1995,1424942.0,0.0,-0.391727,1.174727,IDN,GBR,5504
2092213,104,81,1280,1995,424100.0,846483.0,0.156183,1.9617380000000002,IND,GBR,5504
2092214,106,81,1280,1995,0.0,3688045.0,1.349192,0.992099,IRL,GBR,5504
2092215,110,81,1280,1995,0.0,2864928.0,1.205368,1.189434,ISR,GBR,5504
2092216,111,81,1280,1995,85191.0,5537933.0,1.503379,1.449094,ITA,GBR,5504
2092217,114,81,1280,1995,0.0,1674090.0,2.56822,0.927307,JPN,GBR,5504
2092218,121,81,1280,1995,0.0,315234.0,0.845175,1.2761799999999999,KOR,GBR,5504
2092219,134,81,1280,1995,0.0,1668207.0,-0.6481210000000001,-0.22345,MAR,GBR,5504
2092220,138,81,1280,1995,0.0,211171.0,0.6414300000000001,0.9697520000000001,MEX,GBR,5504
2092221,151,81,1280,1995,0.0,48290.0,-0.432644,-0.574298,MUS,GBR,5504
2092222,153,81,1280,1995,0.0,87916.0,0.357745,0.374284,MYS,GBR,5504
2092223,162,81,1280,1995,0.0,4143541.0,1.304391,1.8819119999999998,NLD,GBR,5504
2092224,163,81,1280,1995,0.0,14422.0,1.019741,0.394241,NOR,GBR,5504
2092225,166,81,1280,1995,0.0,335233.0,0.5558270000000001,0.773271,NZL,GBR,5504
2092226,177,81,1280,1995,1268357.0,392033.0,0.76393,1.802648,POL,GBR,5504
2092227,179,81,1280,1995,0.0,1215968.0,0.412677,1.254009,PRT,GBR,5504
2092228,185,81,1280,1995,30131.0,598683.0,0.621468,1.038729,ROU,GBR,5504
2092229,188,81,1280,1995,0.0,30420.0,0.401573,-0.6676529999999999,SAU,GBR,5504
2092230,207,81,1280,1995,0.0,473028.0,1.424606,1.490521,SVN,GBR,5504
2092231,208,81,1280,1995,5552884.0,37841.0,2.246997,1.060171,SWE,GBR,5504
2092232,223,81,1280,1995,0.0,385000.0,-0.253792,-0.044331,TUN,GBR,5504
2092233,224,81,1280,1995,0.0,15756392.0,0.166794,1.209066,TUR,GBR,5504
2092234,230,81,1280,1995,0.0,5409.0,0.45133900000000005,0.50831,URY,GBR,5504
2092235,231,81,1280,1995,27493555.0,2617435.0,1.771648,1.184,USA,GBR,5504
2092236,236,81,1280,1995,0.0,25664.0,0.299294,-0.635474,VEN,GBR,5504
2092237,246,81,1280,1995,0.0,2519763.0,0.468112,1.039817,ZAF,GBR,5504
2092238,248,81,1280,1995,0.0,4125.0,-0.054752999999999996,0.326737,ZWE,GBR,5504
2092239,61,86,1280,1995,758.0,0.0,2.325385,-2.2238189999999998,DEU,GLP,5504
2092240,77,86,1280,1995,4827.0,0.0,1.768484,0.765537,FRA,GLP,5504
2092241,138,93,1280,1995,894.0,0.0,0.6414300000000001,0.9697520000000001,MEX,GTM,5504
2092242,197,93,1280,1995,0.0,2879.0,-0.17119600000000001,0.027889999999999998,SLV,GTM,5504
2092243,22,97,1280,1995,0.0,32978.0,-1.037175,-0.983195,BGD,HKG,5504
2092244,32,97,1280,1995,721644.0,0.0,0.687171,1.188647,BRA,HKG,5504
2092245,43,97,1280,1995,1525472.0,2171944.0,0.387897,3.2147919999999996,CHN,HKG,5504
2092246,61,97,1280,1995,1478408.0,0.0,2.325385,-2.2238189999999998,DEU,HKG,5504
2092247,103,97,1280,1995,1479480.0,0.0,-0.391727,1.174727,IDN,HKG,5504
2092248,104,97,1280,1995,0.0,37636.0,0.156183,1.9617380000000002,IND,HKG,5504
2092249,111,97,1280,1995,2431.0,0.0,1.503379,1.449094,ITA,HKG,5504
2092250,114,97,1280,1995,2618127.0,0.0,2.56822,0.927307,JPN,HKG,5504
2092251,121,97,1280,1995,347638.0,0.0,0.845175,1.2761799999999999,KOR,HKG,5504
2092252,153,97,1280,1995,0.0,45212.0,0.357745,0.374284,MYS,HKG,5504
2092253,186,97,1280,1995,227999.0,0.0,0.364437,0.171494,RUS,HKG,5504
2092254,211,97,1280,1995,0.0,4858.0,-0.103343,-0.57371,SYC,HKG,5504
2092255,224,97,1280,1995,0.0,6959.0,0.166794,1.209066,TUR,HKG,5504
2092256,231,97,1280,1995,568642.0,0.0,1.771648,1.184,USA,HKG,5504
2092257,249,97,1280,1995,70629.0,264726.0,1.345205,1.9337389999999999,TWN,HKG,5504
2092258,81,99,1280,1995,37496.0,0.0,1.8656979999999999,1.107121,GBR,HND,5504
2092259,169,99,1280,1995,0.0,2228.0,-0.019815,0.050906,PAN,HND,5504
2092260,231,99,1280,1995,3077.0,0.0,1.771648,1.184,USA,HND,5504
2092261,18,106,1280,1995,0.0,7245.0,1.615588,1.394102,BEL,IRL,5504
2092262,61,106,1280,1995,3239099.0,0.0,2.325385,-2.2238189999999998,DEU,IRL,5504
2092263,81,106,1280,1995,3688045.0,0.0,1.8656979999999999,1.107121,GBR,IRL,5504
2092264,162,106,1280,1995,0.0,4139.0,1.304391,1.8819119999999998,NLD,IRL,5504
2092265,208,106,1280,1995,207372.0,0.0,2.246997,1.060171,SWE,IRL,5504
2092266,231,106,1280,1995,172420.0,0.0,1.771648,1.184,USA,IRL,5504
2092267,15,110,1280,1995,296358.0,0.0,2.000295,0.661255,AUT,ISR,5504
2092268,61,110,1280,1995,4560678.0,0.0,2.325385,-2.2238189999999998,DEU,ISR,5504
2092269,71,110,1280,1995,1090998.0,0.0,1.144247,1.933844,ESP,ISR,5504
2092270,81,110,1280,1995,2864928.0,0.0,1.8656979999999999,1.107121,GBR,ISR,5504
2092271,111,110,1280,1995,62209.0,0.0,1.503379,1.449094,ITA,ISR,5504
2092272,208,110,1280,1995,682714.0,0.0,2.246997,1.060171,SWE,ISR,5504
2092273,231,110,1280,1995,22900.0,0.0,1.771648,1.184,USA,ISR,5504
2092274,250,110,1280,1995,38455.0,0.0,1.034518,0.9735149999999999,ANS,ISR,5504
2092275,7,111,1280,1995,0.0,113169.0,-0.205166,-0.6132380000000001,ARE,ITA,5504
2092276,8,111,1280,1995,0.0,3947.0,0.245885,0.5489850000000001,ARG,ITA,5504
2092277,14,111,1280,1995,123287.0,29302.0,0.44442,0.789292,AUS,ITA,5504
2092278,15,111,1280,1995,35274793.0,51026.0,2.000295,0.661255,AUT,ITA,5504
2092279,18,111,1280,1995,69006.0,25602.0,1.615588,1.394102,BEL,ITA,5504
2092280,41,111,1280,1995,6916.0,25811.0,2.1893029999999998,0.82765,CHE,ITA,5504
2092281,43,111,1280,1995,401593.0,0.0,0.387897,3.2147919999999996,CHN,ITA,5504
2092282,59,111,1280,1995,1506724.0,366183.0,1.375091,1.628069,CZE,ITA,5504
2092283,61,111,1280,1995,137453294.0,268306.0,2.325385,-2.2238189999999998,DEU,ITA,5504
2092284,64,111,1280,1995,0.0,2313.0,1.3800270000000001,1.489036,DNK,ITA,5504
2092285,66,111,1280,1995,0.0,18042.0,-0.555409,-1.037972,DZA,ITA,5504
2092286,68,111,1280,1995,0.0,239636.0,-0.340042,-0.085601,EGY,ITA,5504
2092287,71,111,1280,1995,16370788.0,457661.0,1.144247,1.933844,ESP,ITA,5504
2092288,73,111,1280,1995,0.0,14438.0,-1.3387120000000001,-1.123621,ETH,ITA,5504
2092289,74,111,1280,1995,3434050.0,3408.0,2.0085740000000003,1.126816,FIN,ITA,5504
2092290,77,111,1280,1995,1123275.0,527331.0,1.768484,0.765537,FRA,ITA,5504
2092291,81,111,1280,1995,5537933.0,85191.0,1.8656979999999999,1.107121,GBR,ITA,5504
2092292,90,111,1280,1995,0.0,58713.0,0.17369,0.885756,GRC,ITA,5504
2092293,97,111,1280,1995,0.0,2431.0,0.5244449999999999,2.682738,HKG,ITA,5504
2092294,100,111,1280,1995,0.0,1006688.0,0.75325,1.395715,HRV,ITA,5504
2092295,102,111,1280,1995,0.0,166356.0,0.878711,1.8200060000000002,HUN,ITA,5504
2092296,103,111,1280,1995,14151.0,61214.0,-0.391727,1.174727,IDN,ITA,5504
2092297,104,111,1280,1995,411378.0,14478.0,0.156183,1.9617380000000002,IND,ITA,5504
2092298,107,111,1280,1995,0.0,51816.0,-0.821991,-1.071013,IRN,ITA,5504
2092299,110,111,1280,1995,0.0,62209.0,1.205368,1.189434,ISR,ITA,5504
2092300,114,111,1280,1995,1546788.0,7569.0,2.56822,0.927307,JPN,ITA,5504
2092301,121,111,1280,1995,339882.0,112853.0,0.845175,1.2761799999999999,KOR,ITA,5504
2092302,124,111,1280,1995,0.0,624300.0,0.027416000000000003,0.327795,LBN,ITA,5504
2092303,134,111,1280,1995,0.0,8428.0,-0.6481210000000001,-0.22345,MAR,ITA,5504
2092304,138,111,1280,1995,192162.0,0.0,0.6414300000000001,0.9697520000000001,MEX,ITA,5504
2092305,140,111,1280,1995,24188.0,17024.0,0.34174,0.648467,MKD,ITA,5504
2092306,159,111,1280,1995,0.0,19698.0,-2.108206,-1.2017520000000002,NGA,ITA,5504
2092307,162,111,1280,1995,17514.0,32079.0,1.304391,1.8819119999999998,NLD,ITA,5504
2092308,168,111,1280,1995,0.0,32110.0,-0.707965,-0.324784,PAK,ITA,5504
2092309,173,111,1280,1995,0.0,3824.0,-0.263859,-0.21032800000000001,PER,ITA,5504
2092310,177,111,1280,1995,446827.0,173663.0,0.76393,1.802648,POL,ITA,5504
2092311,179,111,1280,1995,29325.0,88771.0,0.412677,1.254009,PRT,ITA,5504
2092312,185,111,1280,1995,131041.0,18896.0,0.621468,1.038729,ROU,ITA,5504
2092313,186,111,1280,1995,10026.0,0.0,0.364437,0.171494,RUS,ITA,5504
2092314,188,111,1280,1995,0.0,7412.0,0.401573,-0.6676529999999999,SAU,ITA,5504
2092315,206,111,1280,1995,27349.0,0.0,1.2249780000000001,1.405585,SVK,ITA,5504
2092316,207,111,1280,1995,17238.0,201241.0,1.424606,1.490521,SVN,ITA,5504
2092317,208,111,1280,1995,6299535.0,1652.0,2.246997,1.060171,SWE,ITA,5504
2092318,216,111,1280,1995,0.0,2106.0,0.174522,1.608058,THA,ITA,5504
2092319,223,111,1280,1995,0.0,76994.0,-0.253792,-0.044331,TUN,ITA,5504
2092320,224,111,1280,1995,0.0,60781.0,0.166794,1.209066,TUR,ITA,5504
2092321,226,111,1280,1995,0.0,28062.0,-1.219949,-0.8698969999999999,TZA,ITA,5504
2092322,231,111,1280,1995,379057.0,234304.0,1.771648,1.184,USA,ITA,5504
2092323,246,111,1280,1995,0.0,11819.0,0.468112,1.039817,ZAF,ITA,5504
2092324,7,121,1280,1995,0.0,15074.0,-0.205166,-0.6132380000000001,ARE,KOR,5504
2092325,14,121,1280,1995,39920.0,32383.0,0.44442,0.789292,AUS,KOR,5504
2092326,15,121,1280,1995,8019426.0,0.0,2.000295,0.661255,AUT,KOR,5504
2092327,18,121,1280,1995,15744.0,0.0,1.615588,1.394102,BEL,KOR,5504
2092328,22,121,1280,1995,0.0,3561.0,-1.037175,-0.983195,BGD,KOR,5504
2092329,32,121,1280,1995,105705.0,78102.0,0.687171,1.188647,BRA,KOR,5504
2092330,39,121,1280,1995,0.0,3367.0,1.077804,1.0724200000000002,CAN,KOR,5504
2092331,42,121,1280,1995,0.0,55479.0,-0.073436,-0.192675,CHL,KOR,5504
2092332,43,121,1280,1995,449062.0,1479419.0,0.387897,3.2147919999999996,CHN,KOR,5504
2092333,59,121,1280,1995,60383.0,0.0,1.375091,1.628069,CZE,KOR,5504
2092334,61,121,1280,1995,1055948.0,0.0,2.325385,-2.2238189999999998,DEU,KOR,5504
2092335,71,121,1280,1995,70336.0,0.0,1.144247,1.933844,ESP,KOR,5504
2092336,77,121,1280,1995,104072.0,0.0,1.768484,0.765537,FRA,KOR,5504
2092337,81,121,1280,1995,315234.0,0.0,1.8656979999999999,1.107121,GBR,KOR,5504
2092338,97,121,1280,1995,0.0,347638.0,0.5244449999999999,2.682738,HKG,KOR,5504
2092339,103,121,1280,1995,529827.0,0.0,-0.391727,1.174727,IDN,KOR,5504
2092340,104,121,1280,1995,117644.0,141366.0,0.156183,1.9617380000000002,IND,KOR,5504
2092341,111,121,1280,1995,112853.0,339882.0,1.503379,1.449094,ITA,KOR,5504
2092342,114,121,1280,1995,56631841.0,340107.0,2.56822,0.927307,JPN,KOR,5504
2092343,128,121,1280,1995,0.0,28366.0,-0.8358030000000001,-0.29397199999999996,LKA,KOR,5504
2092344,130,121,1280,1995,0.0,25721.0,0.41220500000000004,0.966966,LTU,KOR,5504
2092345,138,121,1280,1995,0.0,6370.0,0.6414300000000001,0.9697520000000001,MEX,KOR,5504
2092346,166,121,1280,1995,0.0,19404.0,0.5558270000000001,0.773271,NZL,KOR,5504
2092347,177,121,1280,1995,5622984.0,0.0,0.76393,1.802648,POL,KOR,5504
2092348,186,121,1280,1995,10209790.0,0.0,0.364437,0.171494,RUS,KOR,5504
2092349,188,121,1280,1995,0.0,118988.0,0.401573,-0.6676529999999999,SAU,KOR,5504
2092350,208,121,1280,1995,14309.0,0.0,2.246997,1.060171,SWE,KOR,5504
2092351,216,121,1280,1995,2017077.0,0.0,0.174522,1.608058,THA,KOR,5504
2092352,231,121,1280,1995,11640437.0,158955.0,1.771648,1.184,USA,KOR,5504
2092353,246,121,1280,1995,0.0,29428.0,0.468112,1.039817,ZAF,KOR,5504
2092354,249,121,1280,1995,3319136.0,0.0,1.345205,1.9337389999999999,TWN,KOR,5504
2092355,15,138,1280,1995,19926.0,0.0,2.000295,0.661255,AUT,MEX,5504
2092356,42,138,1280,1995,0.0,3169.0,-0.073436,-0.192675,CHL,MEX,5504
2092357,49,138,1280,1995,0.0,20618.0,0.094335,0.13047999999999998,COL,MEX,5504
2092358,61,138,1280,1995,2012.0,0.0,2.325385,-2.2238189999999998,DEU,MEX,5504
2092359,71,138,1280,1995,0.0,78808.0,1.144247,1.933844,ESP,MEX,5504
2092360,74,138,1280,1995,1785416.0,0.0,2.0085740000000003,1.126816,FIN,MEX,5504
2092361,81,138,1280,1995,211171.0,0.0,1.8656979999999999,1.107121,GBR,MEX,5504
2092362,93,138,1280,1995,0.0,894.0,-0.241468,0.170932,GTM,MEX,5504
2092363,111,138,1280,1995,0.0,192162.0,1.503379,1.449094,ITA,MEX,5504
2092364,114,138,1280,1995,153887.0,0.0,2.56822,0.927307,JPN,MEX,5504
2092365,121,138,1280,1995,6370.0,0.0,0.845175,1.2761799999999999,KOR,MEX,5504
2092366,134,138,1280,1995,0.0,28460.0,-0.6481210000000001,-0.22345,MAR,MEX,5504
2092367,179,138,1280,1995,0.0,3033.0,0.412677,1.254009,PRT,MEX,5504
2092368,212,138,1280,1995,0.0,127000.0,-0.8829469999999999,-0.809407,SYR,MEX,5504
2092369,216,138,1280,1995,6438414.0,0.0,0.174522,1.608058,THA,MEX,5504
2092370,231,138,1280,1995,5174890.0,143044.0,1.771648,1.184,USA,MEX,5504
2092371,43,153,1280,1995,430871.0,91985.0,0.387897,3.2147919999999996,CHN,MYS,5504
2092372,61,153,1280,1995,3826.0,0.0,2.325385,-2.2238189999999998,DEU,MYS,5504
2092373,77,153,1280,1995,0.0,19290.0,1.768484,0.765537,FRA,MYS,5504
2092374,81,153,1280,1995,87916.0,0.0,1.8656979999999999,1.107121,GBR,MYS,5504
2092375,97,153,1280,1995,45212.0,0.0,0.5244449999999999,2.682738,HKG,MYS,5504
2092376,103,153,1280,1995,175402.0,0.0,-0.391727,1.174727,IDN,MYS,5504
2092377,104,153,1280,1995,30170.0,66415.0,0.156183,1.9617380000000002,IND,MYS,5504
2092378,114,153,1280,1995,326109.0,3606.0,2.56822,0.927307,JPN,MYS,5504
2092379,192,153,1280,1995,48478.0,8575.0,0.747684,0.4745,SGP,MYS,5504
2092380,216,153,1280,1995,2091160.0,0.0,0.174522,1.608058,THA,MYS,5504
2092381,231,153,1280,1995,283871.0,0.0,1.771648,1.184,USA,MYS,5504
2092382,249,153,1280,1995,37266.0,0.0,1.345205,1.9337389999999999,TWN,MYS,5504
2092383,15,162,1280,1995,5713682.0,39806.0,2.000295,0.661255,AUT,NLD,5504
2092384,18,162,1280,1995,60788.0,57622.0,1.615588,1.394102,BEL,NLD,5504
2092385,41,162,1280,1995,23604.0,0.0,2.1893029999999998,0.82765,CHE,NLD,5504
2092386,43,162,1280,1995,7337.0,0.0,0.387897,3.2147919999999996,CHN,NLD,5504
2092387,58,162,1280,1995,0.0,5399.0,0.263764,0.030358999999999997,CYP,NLD,5504
2092388,61,162,1280,1995,29366256.0,20083.0,2.325385,-2.2238189999999998,DEU,NLD,5504
2092389,64,162,1280,1995,174898.0,0.0,1.3800270000000001,1.489036,DNK,NLD,5504
2092390,67,162,1280,1995,0.0,8448.0,-0.948154,-0.9595790000000001,ECU,NLD,5504
2092391,71,162,1280,1995,3942.0,4460.0,1.144247,1.933844,ESP,NLD,5504
2092392,74,162,1280,1995,4241929.0,0.0,2.0085740000000003,1.126816,FIN,NLD,5504
2092393,77,162,1280,1995,235916.0,251265.0,1.768484,0.765537,FRA,NLD,5504
2092394,81,162,1280,1995,4143541.0,0.0,1.8656979999999999,1.107121,GBR,NLD,5504
2092395,90,162,1280,1995,153166.0,0.0,0.17369,0.885756,GRC,NLD,5504
2092396,102,162,1280,1995,4058.0,0.0,0.878711,1.8200060000000002,HUN,NLD,5504
2092397,103,162,1280,1995,91603.0,362576.0,-0.391727,1.174727,IDN,NLD,5504
2092398,104,162,1280,1995,0.0,415196.0,0.156183,1.9617380000000002,IND,NLD,5504
2092399,106,162,1280,1995,4139.0,0.0,1.349192,0.992099,IRL,NLD,5504
2092400,111,162,1280,1995,32079.0,17514.0,1.503379,1.449094,ITA,NLD,5504
2092401,113,162,1280,1995,0.0,7053.0,0.666542,0.326785,JOR,NLD,5504
2092402,114,162,1280,1995,21804.0,0.0,2.56822,0.927307,JPN,NLD,5504
2092403,134,162,1280,1995,0.0,30652.0,-0.6481210000000001,-0.22345,MAR,NLD,5504
2092404,177,162,1280,1995,0.0,20840.0,0.76393,1.802648,POL,NLD,5504
2092405,179,162,1280,1995,0.0,839373.0,0.412677,1.254009,PRT,NLD,5504
2092406,190,162,1280,1995,0.0,7516.0,-0.776567,-0.963823,SDN,NLD,5504
2092407,192,162,1280,1995,0.0,26343.0,0.747684,0.4745,SGP,NLD,5504
2092408,207,162,1280,1995,0.0,5736.0,1.424606,1.490521,SVN,NLD,5504
2092409,208,162,1280,1995,914854.0,0.0,2.246997,1.060171,SWE,NLD,5504
2092410,224,162,1280,1995,102060.0,4185.0,0.166794,1.209066,TUR,NLD,5504
2092411,231,162,1280,1995,17292.0,26306.0,1.771648,1.184,USA,NLD,5504
2092412,14,163,1280,1995,0.0,33862.0,0.44442,0.789292,AUS,NOR,5504
2092413,15,163,1280,1995,190135.0,0.0,2.000295,0.661255,AUT,NOR,5504
2092414,18,163,1280,1995,0.0,40324.0,1.615588,1.394102,BEL,NOR,5504
2092415,41,163,1280,1995,949.0,0.0,2.1893029999999998,0.82765,CHE,NOR,5504
2092416,61,163,1280,1995,3881757.0,0.0,2.325385,-2.2238189999999998,DEU,NOR,5504
2092417,71,163,1280,1995,4110.0,0.0,1.144247,1.933844,ESP,NOR,5504
2092418,81,163,1280,1995,14422.0,0.0,1.8656979999999999,1.107121,GBR,NOR,5504
2092419,179,163,1280,1995,1320.0,0.0,0.412677,1.254009,PRT,NOR,5504
2092420,208,163,1280,1995,2025928.0,16463.0,2.246997,1.060171,SWE,NOR,5504
2092421,99,169,1280,1995,2228.0,0.0,-0.765536,-0.668834,HND,PAN,5504
2092422,208,169,1280,1995,104125.0,0.0,2.246997,1.060171,SWE,PAN,5504
2092423,14,173,1280,1995,37678.0,0.0,0.44442,0.789292,AUS,PER,5504
2092424,15,173,1280,1995,473336.0,0.0,2.000295,0.661255,AUT,PER,5504
2092425,32,173,1280,1995,31182.0,0.0,0.687171,1.188647,BRA,PER,5504
2092426,39,173,1280,1995,30291.0,0.0,1.077804,1.0724200000000002,CAN,PER,5504
2092427,43,173,1280,1995,21122.0,167829.0,0.387897,3.2147919999999996,CHN,PER,5504
2092428,61,173,1280,1995,685555.0,0.0,2.325385,-2.2238189999999998,DEU,PER,5504
2092429,74,173,1280,1995,391372.0,0.0,2.0085740000000003,1.126816,FIN,PER,5504
2092430,103,173,1280,1995,14895.0,0.0,-0.391727,1.174727,IDN,PER,5504
2092431,111,173,1280,1995,3824.0,0.0,1.503379,1.449094,ITA,PER,5504
2092432,231,173,1280,1995,488320.0,0.0,1.771648,1.184,USA,PER,5504
2092433,15,177,1280,1995,1483972.0,0.0,2.000295,0.661255,AUT,POL,5504
2092434,28,177,1280,1995,120809.0,0.0,0.5290279999999999,0.27031700000000003,BLR,POL,5504
2092435,41,177,1280,1995,151502.0,0.0,2.1893029999999998,0.82765,CHE,POL,5504
2092436,59,177,1280,1995,615589.0,0.0,1.375091,1.628069,CZE,POL,5504
2092437,61,177,1280,1995,8189417.0,2135280.0,2.325385,-2.2238189999999998,DEU,POL,5504
2092438,64,177,1280,1995,60841.0,0.0,1.3800270000000001,1.489036,DNK,POL,5504
2092439,71,177,1280,1995,0.0,3175396.0,1.144247,1.933844,ESP,POL,5504
2092440,74,177,1280,1995,292604.0,0.0,2.0085740000000003,1.126816,FIN,POL,5504
2092441,77,177,1280,1995,2120.0,158491.0,1.768484,0.765537,FRA,POL,5504
2092442,81,177,1280,1995,392033.0,1268357.0,1.8656979999999999,1.107121,GBR,POL,5504
2092443,100,177,1280,1995,0.0,9826.0,0.75325,1.395715,HRV,POL,5504
2092444,102,177,1280,1995,0.0,346531.0,0.878711,1.8200060000000002,HUN,POL,5504
2092445,104,177,1280,1995,0.0,1691346.0,0.156183,1.9617380000000002,IND,POL,5504
2092446,111,177,1280,1995,173663.0,446827.0,1.503379,1.449094,ITA,POL,5504
2092447,114,177,1280,1995,0.0,979585.0,2.56822,0.927307,JPN,POL,5504
2092448,121,177,1280,1995,0.0,5622984.0,0.845175,1.2761799999999999,KOR,POL,5504
2092449,128,177,1280,1995,0.0,200585.0,-0.8358030000000001,-0.29397199999999996,LKA,POL,5504
2092450,130,177,1280,1995,481018.0,44581.0,0.41220500000000004,0.966966,LTU,POL,5504
2092451,162,177,1280,1995,20840.0,0.0,1.304391,1.8819119999999998,NLD,POL,5504
2092452,186,177,1280,1995,8466298.0,0.0,0.364437,0.171494,RUS,POL,5504
2092453,206,177,1280,1995,583579.0,2888298.0,1.2249780000000001,1.405585,SVK,POL,5504
2092454,207,177,1280,1995,0.0,54929.0,1.424606,1.490521,SVN,POL,5504
2092455,224,177,1280,1995,176852.0,0.0,0.166794,1.209066,TUR,POL,5504
2092456,228,177,1280,1995,2327514.0,0.0,0.428875,0.20489899999999997,UKR,POL,5504
2092457,231,177,1280,1995,631559.0,66419.0,1.771648,1.184,USA,POL,5504
2092458,246,177,1280,1995,0.0,55707.0,0.468112,1.039817,ZAF,POL,5504
2092459,250,177,1280,1995,110623.0,96491.0,1.034518,0.9735149999999999,ANS,POL,5504
2092460,15,179,1280,1995,4415630.0,0.0,2.000295,0.661255,AUT,PRT,5504
2092461,18,179,1280,1995,332858.0,0.0,1.615588,1.394102,BEL,PRT,5504
2092462,61,179,1280,1995,6359405.0,0.0,2.325385,-2.2238189999999998,DEU,PRT,5504
2092463,64,179,1280,1995,0.0,5617.0,1.3800270000000001,1.489036,DNK,PRT,5504
2092464,71,179,1280,1995,276551.0,0.0,1.144247,1.933844,ESP,PRT,5504
2092465,74,179,1280,1995,4779494.0,0.0,2.0085740000000003,1.126816,FIN,PRT,5504
2092466,77,179,1280,1995,28948.0,20573.0,1.768484,0.765537,FRA,PRT,5504
2092467,81,179,1280,1995,1215968.0,0.0,1.8656979999999999,1.107121,GBR,PRT,5504
2092468,111,179,1280,1995,88771.0,29325.0,1.503379,1.449094,ITA,PRT,5504
2092469,138,179,1280,1995,3033.0,0.0,0.6414300000000001,0.9697520000000001,MEX,PRT,5504
2092470,162,179,1280,1995,839373.0,0.0,1.304391,1.8819119999999998,NLD,PRT,5504
2092471,163,179,1280,1995,0.0,1320.0,1.019741,0.394241,NOR,PRT,5504
2092472,216,179,1280,1995,74631.0,0.0,0.174522,1.608058,THA,PRT,5504
2092473,14,216,1280,1995,0.0,1546294.0,0.44442,0.789292,AUS,THA,5504
2092474,15,216,1280,1995,25608.0,0.0,2.000295,0.661255,AUT,THA,5504
2092475,22,216,1280,1995,0.0,67216.0,-1.037175,-0.983195,BGD,THA,5504
2092476,39,216,1280,1995,0.0,1383210.0,1.077804,1.0724200000000002,CAN,THA,5504
2092477,43,216,1280,1995,1518.0,10323574.0,0.387897,3.2147919999999996,CHN,THA,5504
2092478,59,216,1280,1995,184925.0,0.0,1.375091,1.628069,CZE,THA,5504
2092479,61,216,1280,1995,96267.0,0.0,2.325385,-2.2238189999999998,DEU,THA,5504
2092480,67,216,1280,1995,0.0,39695.0,-0.948154,-0.9595790000000001,ECU,THA,5504
2092481,71,216,1280,1995,0.0,30055.0,1.144247,1.933844,ESP,THA,5504
2092482,77,216,1280,1995,56808.0,0.0,1.768484,0.765537,FRA,THA,5504
2092483,103,216,1280,1995,128321.0,1753834.0,-0.391727,1.174727,IDN,THA,5504
2092484,104,216,1280,1995,0.0,3890160.0,0.156183,1.9617380000000002,IND,THA,5504
2092485,107,216,1280,1995,0.0,165421.0,-0.821991,-1.071013,IRN,THA,5504
2092486,111,216,1280,1995,2106.0,0.0,1.503379,1.449094,ITA,THA,5504
2092487,114,216,1280,1995,866517.0,27560.0,2.56822,0.927307,JPN,THA,5504
2092488,121,216,1280,1995,0.0,2017077.0,0.845175,1.2761799999999999,KOR,THA,5504
2092489,138,216,1280,1995,0.0,6438414.0,0.6414300000000001,0.9697520000000001,MEX,THA,5504
2092490,153,216,1280,1995,0.0,2091160.0,0.357745,0.374284,MYS,THA,5504
2092491,159,216,1280,1995,0.0,83303.0,-2.108206,-1.2017520000000002,NGA,THA,5504
2092492,168,216,1280,1995,0.0,13924991.0,-0.707965,-0.324784,PAK,THA,5504
2092493,174,216,1280,1995,0.0,2500958.0,-0.480548,0.076564,PHL,THA,5504
2092494,178,216,1280,1995,0.0,210327.0,0.46509799999999996,0.645496,PRK,THA,5504
2092495,179,216,1280,1995,0.0,74631.0,0.412677,1.254009,PRT,THA,5504
2092496,192,216,1280,1995,0.0,2321.0,0.747684,0.4745,SGP,THA,5504
2092497,226,216,1280,1995,0.0,22517.0,-1.219949,-0.8698969999999999,TZA,THA,5504
2092498,231,216,1280,1995,22981.0,2620442.0,1.771648,1.184,USA,THA,5504
2092499,239,216,1280,1995,0.0,192534.0,-1.0462069999999999,-0.269063,VNM,THA,5504
2092500,246,216,1280,1995,0.0,201684.0,0.468112,1.039817,ZAF,THA,5504
2092501,249,216,1280,1995,9482.0,0.0,1.345205,1.9337389999999999,TWN,THA,5504
2092502,8,231,1280,1995,0.0,108126.0,0.245885,0.5489850000000001,ARG,USA,5504
2092503,14,231,1280,1995,22320.0,260560.0,0.44442,0.789292,AUS,USA,5504
2092504,15,231,1280,1995,11821207.0,1409665.0,2.000295,0.661255,AUT,USA,5504
2092505,18,231,1280,1995,76134.0,139532.0,1.615588,1.394102,BEL,USA,5504
2092506,22,231,1280,1995,0.0,206288.0,-1.037175,-0.983195,BGD,USA,5504
2092507,23,231,1280,1995,0.0,13405.0,0.436138,1.086561,BGR,USA,5504
2092508,30,231,1280,1995,0.0,20992.0,0.897532,-0.394633,BMU,USA,5504
2092509,32,231,1280,1995,13756.0,1496507.0,0.687171,1.188647,BRA,USA,5504
2092510,39,231,1280,1995,33546.0,8177173.0,1.077804,1.0724200000000002,CAN,USA,5504
2092511,41,231,1280,1995,2821.0,1344387.0,2.1893029999999998,0.82765,CHE,USA,5504
2092512,42,231,1280,1995,0.0,82618.0,-0.073436,-0.192675,CHL,USA,5504
2092513,43,231,1280,1995,1320156.0,1154344.0,0.387897,3.2147919999999996,CHN,USA,5504
2092514,49,231,1280,1995,0.0,2859290.0,0.094335,0.13047999999999998,COL,USA,5504
2092515,52,231,1280,1995,0.0,38838.0,-0.30094699999999996,-0.046285,CRI,USA,5504
2092516,59,231,1280,1995,51642.0,0.0,1.375091,1.628069,CZE,USA,5504
2092517,61,231,1280,1995,37790496.0,876681.0,2.325385,-2.2238189999999998,DEU,USA,5504
2092518,67,231,1280,1995,0.0,177920.0,-0.948154,-0.9595790000000001,ECU,USA,5504
2092519,68,231,1280,1995,0.0,433073.0,-0.340042,-0.085601,EGY,USA,5504
2092520,71,231,1280,1995,115133.0,707069.0,1.144247,1.933844,ESP,USA,5504
2092521,74,231,1280,1995,3678928.0,161315.0,2.0085740000000003,1.126816,FIN,USA,5504
2092522,77,231,1280,1995,108328.0,296916.0,1.768484,0.765537,FRA,USA,5504
2092523,81,231,1280,1995,2617435.0,27493555.0,1.8656979999999999,1.107121,GBR,USA,5504
2092524,97,231,1280,1995,0.0,568642.0,0.5244449999999999,2.682738,HKG,USA,5504
2092525,99,231,1280,1995,0.0,3077.0,-0.765536,-0.668834,HND,USA,5504
2092526,103,231,1280,1995,0.0,456094.0,-0.391727,1.174727,IDN,USA,5504
2092527,104,231,1280,1995,0.0,5546105.0,0.156183,1.9617380000000002,IND,USA,5504
2092528,106,231,1280,1995,0.0,172420.0,1.349192,0.992099,IRL,USA,5504
2092529,107,231,1280,1995,0.0,300329.0,-0.821991,-1.071013,IRN,USA,5504
2092530,110,231,1280,1995,0.0,22900.0,1.205368,1.189434,ISR,USA,5504
2092531,111,231,1280,1995,234304.0,379057.0,1.503379,1.449094,ITA,USA,5504
2092532,114,231,1280,1995,590864.0,24947486.0,2.56822,0.927307,JPN,USA,5504
2092533,121,231,1280,1995,158955.0,11640437.0,0.845175,1.2761799999999999,KOR,USA,5504
2092534,124,231,1280,1995,0.0,64504.0,0.027416000000000003,0.327795,LBN,USA,5504
2092535,134,231,1280,1995,0.0,531403.0,-0.6481210000000001,-0.22345,MAR,USA,5504
2092536,136,231,1280,1995,0.0,473943.0,-1.178074,-0.6167,MDG,USA,5504
2092537,138,231,1280,1995,143044.0,5174890.0,0.6414300000000001,0.9697520000000001,MEX,USA,5504
2092538,153,231,1280,1995,0.0,283871.0,0.357745,0.374284,MYS,USA,5504
2092539,162,231,1280,1995,26306.0,17292.0,1.304391,1.8819119999999998,NLD,USA,5504
2092540,168,231,1280,1995,0.0,2208671.0,-0.707965,-0.324784,PAK,USA,5504
2092541,173,231,1280,1995,0.0,488320.0,-0.263859,-0.21032800000000001,PER,USA,5504
2092542,174,231,1280,1995,0.0,9697.0,-0.480548,0.076564,PHL,USA,5504
2092543,177,231,1280,1995,66419.0,631559.0,0.76393,1.802648,POL,USA,5504
2092544,185,231,1280,1995,0.0,17571.0,0.621468,1.038729,ROU,USA,5504
2092545,186,231,1280,1995,519839.0,0.0,0.364437,0.171494,RUS,USA,5504
2092546,188,231,1280,1995,0.0,194088.0,0.401573,-0.6676529999999999,SAU,USA,5504
2092547,191,231,1280,1995,0.0,79429.0,-0.94962,-0.970988,SEN,USA,5504
2092548,192,231,1280,1995,0.0,19533.0,0.747684,0.4745,SGP,USA,5504
2092549,197,231,1280,1995,32534.0,842004.0,-0.17119600000000001,0.027889999999999998,SLV,USA,5504
2092550,207,231,1280,1995,0.0,12098.0,1.424606,1.490521,SVN,USA,5504
2092551,208,231,1280,1995,6027064.0,0.0,2.246997,1.060171,SWE,USA,5504
2092552,216,231,1280,1995,2620442.0,22981.0,0.174522,1.608058,THA,USA,5504
2092553,224,231,1280,1995,0.0,4604979.0,0.166794,1.209066,TUR,USA,5504
2092554,228,231,1280,1995,24517.0,0.0,0.428875,0.20489899999999997,UKR,USA,5504
2092555,230,231,1280,1995,0.0,294573.0,0.45133900000000005,0.50831,URY,USA,5504
2092556,236,231,1280,1995,0.0,2990588.0,0.299294,-0.635474,VEN,USA,5504
2092557,249,231,1280,1995,1339964.0,2674403.0,1.345205,1.9337389999999999,TWN,USA,5504
2092558,43,14,1280,1995,7735.0,42564.0,0.387897,3.2147919999999996,CHN,AUS,5504
2092559,61,14,1280,1995,6610438.0,0.0,2.325385,-2.2238189999999998,DEU,AUS,5504
2092560,81,14,1280,1995,4671099.0,0.0,1.8656979999999999,1.107121,GBR,AUS,5504
2092561,103,14,1280,1995,1322590.0,3357.0,-0.391727,1.174727,IDN,AUS,5504
2092562,111,14,1280,1995,29302.0,123287.0,1.503379,1.449094,ITA,AUS,5504
2092563,114,14,1280,1995,82992.0,0.0,2.56822,0.927307,JPN,AUS,5504
2092564,121,14,1280,1995,32383.0,39920.0,0.845175,1.2761799999999999,KOR,AUS,5504
2092565,163,14,1280,1995,33862.0,0.0,1.019741,0.394241,NOR,AUS,5504
2092566,166,14,1280,1995,3839.0,2626.0,0.5558270000000001,0.773271,NZL,AUS,5504
2092567,173,14,1280,1995,0.0,37678.0,-0.263859,-0.21032800000000001,PER,AUS,5504
2092568,208,14,1280,1995,381057.0,0.0,2.246997,1.060171,SWE,AUS,5504
2092569,216,14,1280,1995,1546294.0,0.0,0.174522,1.608058,THA,AUS,5504
2092570,224,14,1280,1995,0.0,219409.0,0.166794,1.209066,TUR,AUS,5504
2092571,231,14,1280,1995,260560.0,22320.0,1.771648,1.184,USA,AUS,5504
2092572,249,14,1280,1995,72547.0,0.0,1.345205,1.9337389999999999,TWN,AUS,5504
2092573,97,22,1280,1995,32978.0,0.0,0.5244449999999999,2.682738,HKG,BGD,5504
2092574,103,22,1280,1995,111430.0,0.0,-0.391727,1.174727,IDN,BGD,5504
2092575,104,22,1280,1995,139520.0,0.0,0.156183,1.9617380000000002,IND,BGD,5504
2092576,114,22,1280,1995,38915.0,0.0,2.56822,0.927307,JPN,BGD,5504
2092577,121,22,1280,1995,3561.0,0.0,0.845175,1.2761799999999999,KOR,BGD,5504
2092578,216,22,1280,1995,67216.0,0.0,0.174522,1.608058,THA,BGD,5504
2092579,231,22,1280,1995,206288.0,0.0,1.771648,1.184,USA,BGD,5504
2092580,249,22,1280,1995,15714.0,0.0,1.345205,1.9337389999999999,TWN,BGD,5504
2092581,250,22,1280,1995,26877.0,0.0,1.034518,0.9735149999999999,ANS,BGD,5504
2092582,15,39,1280,1995,244037.0,0.0,2.000295,0.661255,AUT,CAN,5504
2092583,41,39,1280,1995,3544.0,0.0,2.1893029999999998,0.82765,CHE,CAN,5504
2092584,61,39,1280,1995,5099728.0,0.0,2.325385,-2.2238189999999998,DEU,CAN,5504
2092585,71,39,1280,1995,22729.0,0.0,1.144247,1.933844,ESP,CAN,5504
2092586,77,39,1280,1995,489280.0,0.0,1.768484,0.765537,FRA,CAN,5504
2092587,81,39,1280,1995,217578.0,0.0,1.8656979999999999,1.107121,GBR,CAN,5504
2092588,114,39,1280,1995,82737.0,0.0,2.56822,0.927307,JPN,CAN,5504
2092589,121,39,1280,1995,3367.0,0.0,0.845175,1.2761799999999999,KOR,CAN,5504
2092590,173,39,1280,1995,0.0,30291.0,-0.263859,-0.21032800000000001,PER,CAN,5504
2092591,208,39,1280,1995,17516.0,0.0,2.246997,1.060171,SWE,CAN,5504
2092592,216,39,1280,1995,1383210.0,0.0,0.174522,1.608058,THA,CAN,5504
2092593,231,39,1280,1995,8177173.0,33546.0,1.771648,1.184,USA,CAN,5504
2092594,15,41,1280,1995,1860853.0,68735.0,2.000295,0.661255,AUT,CHE,5504
2092595,18,41,1280,1995,4815.0,0.0,1.615588,1.394102,BEL,CHE,5504
2092596,24,41,1280,1995,0.0,3249.0,-0.239166,-0.8627950000000001,BHR,CHE,5504
2092597,32,41,1280,1995,372481.0,0.0,0.687171,1.188647,BRA,CHE,5504
2092598,39,41,1280,1995,0.0,3544.0,1.077804,1.0724200000000002,CAN,CHE,5504
2092599,59,41,1280,1995,29590.0,87961.0,1.375091,1.628069,CZE,CHE,5504
2092600,61,41,1280,1995,8317717.0,102270.0,2.325385,-2.2238189999999998,DEU,CHE,5504
2092601,63,41,1280,1995,3547.0,0.0,0.803902,0.307064,DMA,CHE,5504
2092602,64,41,1280,1995,0.0,12497.0,1.3800270000000001,1.489036,DNK,CHE,5504
2092603,68,41,1280,1995,0.0,58712.0,-0.340042,-0.085601,EGY,CHE,5504
2092604,71,41,1280,1995,0.0,21330.0,1.144247,1.933844,ESP,CHE,5504
2092605,74,41,1280,1995,12492.0,16526.0,2.0085740000000003,1.126816,FIN,CHE,5504
2092606,77,41,1280,1995,1694.0,3271.0,1.768484,0.765537,FRA,CHE,5504
2092607,81,41,1280,1995,921354.0,0.0,1.8656979999999999,1.107121,GBR,CHE,5504
2092608,90,41,1280,1995,0.0,45127.0,0.17369,0.885756,GRC,CHE,5504
2092609,100,41,1280,1995,0.0,40409.0,0.75325,1.395715,HRV,CHE,5504
2092610,102,41,1280,1995,0.0,31903.0,0.878711,1.8200060000000002,HUN,CHE,5504
2092611,111,41,1280,1995,25811.0,6916.0,1.503379,1.449094,ITA,CHE,5504
2092612,114,41,1280,1995,12417.0,0.0,2.56822,0.927307,JPN,CHE,5504
2092613,159,41,1280,1995,0.0,40722.0,-2.108206,-1.2017520000000002,NGA,CHE,5504
2092614,162,41,1280,1995,0.0,23604.0,1.304391,1.8819119999999998,NLD,CHE,5504
2092615,163,41,1280,1995,0.0,949.0,1.019741,0.394241,NOR,CHE,5504
2092616,166,41,1280,1995,0.0,1554.0,0.5558270000000001,0.773271,NZL,CHE,5504
2092617,177,41,1280,1995,0.0,151502.0,0.76393,1.802648,POL,CHE,5504
2092618,185,41,1280,1995,402506.0,0.0,0.621468,1.038729,ROU,CHE,5504
2092619,191,41,1280,1995,0.0,3859.0,-0.94962,-0.970988,SEN,CHE,5504
2092620,206,41,1280,1995,0.0,20859.0,1.2249780000000001,1.405585,SVK,CHE,5504
2092621,224,41,1280,1995,0.0,407582.0,0.166794,1.209066,TUR,CHE,5504
2092622,231,41,1280,1995,1344387.0,2821.0,1.771648,1.184,USA,CHE,5504
2092623,246,41,1280,1995,0.0,5221.0,0.468112,1.039817,ZAF,CHE,5504
2092624,15,42,1280,1995,2416040.0,0.0,2.000295,0.661255,AUT,CHL,5504
2092625,32,42,1280,1995,588639.0,0.0,0.687171,1.188647,BRA,CHL,5504
2092626,61,42,1280,1995,1185717.0,0.0,2.325385,-2.2238189999999998,DEU,CHL,5504
2092627,71,42,1280,1995,7435.0,0.0,1.144247,1.933844,ESP,CHL,5504
2092628,77,42,1280,1995,1820.0,0.0,1.768484,0.765537,FRA,CHL,5504
2092629,121,42,1280,1995,55479.0,0.0,0.845175,1.2761799999999999,KOR,CHL,5504
2092630,138,42,1280,1995,3169.0,0.0,0.6414300000000001,0.9697520000000001,MEX,CHL,5504
2092631,231,42,1280,1995,82618.0,0.0,1.771648,1.184,USA,CHL,5504
2092632,7,59,1280,1995,0.0,598429.0,-0.205166,-0.6132380000000001,ARE,CZE,5504
2092633,15,59,1280,1995,65764.0,47660.0,2.000295,0.661255,AUT,CZE,5504
2092634,18,59,1280,1995,15794.0,180874.0,1.615588,1.394102,BEL,CZE,5504
2092635,23,59,1280,1995,0.0,459707.0,0.436138,1.086561,BGR,CZE,5504
2092636,41,59,1280,1995,87961.0,29590.0,2.1893029999999998,0.82765,CHE,CZE,5504
2092637,61,59,1280,1995,7388240.0,6490358.0,2.325385,-2.2238189999999998,DEU,CZE,5504
2092638,68,59,1280,1995,0.0,79189.0,-0.340042,-0.085601,EGY,CZE,5504
2092639,71,59,1280,1995,0.0,1554581.0,1.144247,1.933844,ESP,CZE,5504
2092640,77,59,1280,1995,2453.0,1923762.0,1.768484,0.765537,FRA,CZE,5504
2092641,81,59,1280,1995,0.0,240814.0,1.8656979999999999,1.107121,GBR,CZE,5504
2092642,100,59,1280,1995,0.0,163108.0,0.75325,1.395715,HRV,CZE,5504
2092643,103,59,1280,1995,0.0,1511006.0,-0.391727,1.174727,IDN,CZE,5504
2092644,104,59,1280,1995,0.0,1726886.0,0.156183,1.9617380000000002,IND,CZE,5504
2092645,107,59,1280,1995,0.0,131588.0,-0.821991,-1.071013,IRN,CZE,5504
2092646,111,59,1280,1995,366183.0,1506724.0,1.503379,1.449094,ITA,CZE,5504
2092647,115,59,1280,1995,66524.0,0.0,0.280262,-0.285508,KAZ,CZE,5504
2092648,121,59,1280,1995,0.0,60383.0,0.845175,1.2761799999999999,KOR,CZE,5504
2092649,134,59,1280,1995,0.0,199389.0,-0.6481210000000001,-0.22345,MAR,CZE,5504
2092650,136,59,1280,1995,0.0,4360.0,-1.178074,-0.6167,MDG,CZE,5504
2092651,177,59,1280,1995,0.0,615589.0,0.76393,1.802648,POL,CZE,5504
2092652,185,59,1280,1995,1795757.0,0.0,0.621468,1.038729,ROU,CZE,5504
2092653,186,59,1280,1995,236872.0,2249.0,0.364437,0.171494,RUS,CZE,5504
2092654,192,59,1280,1995,0.0,1177592.0,0.747684,0.4745,SGP,CZE,5504
2092655,206,59,1280,1995,231748.0,855906.0,1.2249780000000001,1.405585,SVK,CZE,5504
2092656,207,59,1280,1995,0.0,55136.0,1.424606,1.490521,SVN,CZE,5504
2092657,216,59,1280,1995,0.0,184925.0,0.174522,1.608058,THA,CZE,5504
2092658,223,59,1280,1995,0.0,273688.0,-0.253792,-0.044331,TUN,CZE,5504
2092659,224,59,1280,1995,0.0,1061320.0,0.166794,1.209066,TUR,CZE,5504
2092660,228,59,1280,1995,87644.0,0.0,0.428875,0.20489899999999997,UKR,CZE,5504
2092661,231,59,1280,1995,0.0,51642.0,1.771648,1.184,USA,CZE,5504
2092662,249,59,1280,1995,0.0,6759256.0,1.345205,1.9337389999999999,TWN,CZE,5504
2092663,18,68,1280,1995,525089.0,0.0,1.615588,1.394102,BEL,EGY,5504
2092664,41,68,1280,1995,58712.0,0.0,2.1893029999999998,0.82765,CHE,EGY,5504
2092665,59,68,1280,1995,79189.0,0.0,1.375091,1.628069,CZE,EGY,5504
2092666,61,68,1280,1995,1576181.0,0.0,2.325385,-2.2238189999999998,DEU,EGY,5504
2092667,71,68,1280,1995,1645657.0,0.0,1.144247,1.933844,ESP,EGY,5504
2092668,77,68,1280,1995,1460.0,0.0,1.768484,0.765537,FRA,EGY,5504
2092669,81,68,1280,1995,279474.0,0.0,1.8656979999999999,1.107121,GBR,EGY,5504
2092670,103,68,1280,1995,427266.0,0.0,-0.391727,1.174727,IDN,EGY,5504
2092671,111,68,1280,1995,239636.0,0.0,1.503379,1.449094,ITA,EGY,5504
2092672,113,68,1280,1995,0.0,12570.0,0.666542,0.326785,JOR,EGY,5504
2092673,114,68,1280,1995,209690.0,0.0,2.56822,0.927307,JPN,EGY,5504
2092674,183,68,1280,1995,0.0,3194.0,-0.721352,-1.0827799999999999,QAT,EGY,5504
2092675,185,68,1280,1995,1850979.0,0.0,0.621468,1.038729,ROU,EGY,5504
2092676,186,68,1280,1995,390270.0,0.0,0.364437,0.171494,RUS,EGY,5504
2092677,190,68,1280,1995,0.0,4145.0,-0.776567,-0.963823,SDN,EGY,5504
2092678,224,68,1280,1995,1268781.0,0.0,0.166794,1.209066,TUR,EGY,5504
2092679,231,68,1280,1995,433073.0,0.0,1.771648,1.184,USA,EGY,5504
2092680,249,68,1280,1995,50781.0,0.0,1.345205,1.9337389999999999,TWN,EGY,5504
2092681,18,72,1280,1995,935.0,0.0,1.615588,1.394102,BEL,EST,5504
2092682,28,72,1280,1995,55888.0,0.0,0.5290279999999999,0.27031700000000003,BLR,EST,5504
2092683,61,72,1280,1995,362608.0,0.0,2.325385,-2.2238189999999998,DEU,EST,5504
2092684,74,72,1280,1995,42269.0,8376.0,2.0085740000000003,1.126816,FIN,EST,5504
2092685,81,72,1280,1995,2672.0,0.0,1.8656979999999999,1.107121,GBR,EST,5504
2092686,130,72,1280,1995,14765.0,0.0,0.41220500000000004,0.966966,LTU,EST,5504
2092687,208,72,1280,1995,31778.0,0.0,2.246997,1.060171,SWE,EST,5504
2092688,7,103,1280,1995,0.0,36551.0,-0.205166,-0.6132380000000001,ARE,IDN,5504
2092689,14,103,1280,1995,3357.0,1322590.0,0.44442,0.789292,AUS,IDN,5504
2092690,15,103,1280,1995,1367050.0,0.0,2.000295,0.661255,AUT,IDN,5504
2092691,18,103,1280,1995,0.0,47268.0,1.615588,1.394102,BEL,IDN,5504
2092692,22,103,1280,1995,0.0,111430.0,-1.037175,-0.983195,BGD,IDN,5504
2092693,32,103,1280,1995,1041912.0,0.0,0.687171,1.188647,BRA,IDN,5504
2092694,43,103,1280,1995,13292.0,5470552.0,0.387897,3.2147919999999996,CHN,IDN,5504
2092695,59,103,1280,1995,1511006.0,0.0,1.375091,1.628069,CZE,IDN,5504
2092696,61,103,1280,1995,3117167.0,64206.0,2.325385,-2.2238189999999998,DEU,IDN,5504
2092697,68,103,1280,1995,0.0,427266.0,-0.340042,-0.085601,EGY,IDN,5504
2092698,71,103,1280,1995,248609.0,54154.0,1.144247,1.933844,ESP,IDN,5504
2092699,81,103,1280,1995,0.0,1424942.0,1.8656979999999999,1.107121,GBR,IDN,5504
2092700,97,103,1280,1995,0.0,1479480.0,0.5244449999999999,2.682738,HKG,IDN,5504
2092701,104,103,1280,1995,4040.0,8554614.0,0.156183,1.9617380000000002,IND,IDN,5504
2092702,107,103,1280,1995,0.0,75989.0,-0.821991,-1.071013,IRN,IDN,5504
2092703,111,103,1280,1995,61214.0,14151.0,1.503379,1.449094,ITA,IDN,5504
2092704,114,103,1280,1995,5123122.0,0.0,2.56822,0.927307,JPN,IDN,5504
2092705,121,103,1280,1995,0.0,529827.0,0.845175,1.2761799999999999,KOR,IDN,5504
2092706,123,103,1280,1995,0.0,14800.0,-1.305146,-1.1964299999999999,LAO,IDN,5504
2092707,128,103,1280,1995,0.0,3168601.0,-0.8358030000000001,-0.29397199999999996,LKA,IDN,5504
2092708,153,103,1280,1995,0.0,175402.0,0.357745,0.374284,MYS,IDN,5504
2092709,162,103,1280,1995,362576.0,91603.0,1.304391,1.8819119999999998,NLD,IDN,5504
2092710,166,103,1280,1995,0.0,25864.0,0.5558270000000001,0.773271,NZL,IDN,5504
2092711,168,103,1280,1995,0.0,19286612.0,-0.707965,-0.324784,PAK,IDN,5504
2092712,173,103,1280,1995,0.0,14895.0,-0.263859,-0.21032800000000001,PER,IDN,5504
2092713,174,103,1280,1995,0.0,4506694.0,-0.480548,0.076564,PHL,IDN,5504
2092714,178,103,1280,1995,0.0,25542.0,0.46509799999999996,0.645496,PRK,IDN,5504
2092715,186,103,1280,1995,1787092.0,0.0,0.364437,0.171494,RUS,IDN,5504
2092716,188,103,1280,1995,0.0,63563.0,0.401573,-0.6676529999999999,SAU,IDN,5504
2092717,192,103,1280,1995,86749.0,900842.0,0.747684,0.4745,SGP,IDN,5504
2092718,216,103,1280,1995,1753834.0,128321.0,0.174522,1.608058,THA,IDN,5504
2092719,224,103,1280,1995,0.0,52225.0,0.166794,1.209066,TUR,IDN,5504
2092720,231,103,1280,1995,456094.0,0.0,1.771648,1.184,USA,IDN,5504
2092721,239,103,1280,1995,0.0,56620.0,-1.0462069999999999,-0.269063,VNM,IDN,5504
2092722,246,103,1280,1995,0.0,79761.0,0.468112,1.039817,ZAF,IDN,5504
2092723,249,103,1280,1995,2642331.0,0.0,1.345205,1.9337389999999999,TWN,IDN,5504
2092724,1,104,1280,1995,0.0,2894.0,-0.44388199999999994,-0.631151,AFG,IND,5504
2092725,7,104,1280,1995,0.0,298082.0,-0.205166,-0.6132380000000001,ARE,IND,5504
2092726,15,104,1280,1995,60820.0,0.0,2.000295,0.661255,AUT,IND,5504
2092727,18,104,1280,1995,567561.0,29298.0,1.615588,1.394102,BEL,IND,5504
2092728,22,104,1280,1995,0.0,139520.0,-1.037175,-0.983195,BGD,IND,5504
2092729,32,104,1280,1995,1935205.0,0.0,0.687171,1.188647,BRA,IND,5504
2092730,43,104,1280,1995,107148.0,0.0,0.387897,3.2147919999999996,CHN,IND,5504
2092731,59,104,1280,1995,1726886.0,0.0,1.375091,1.628069,CZE,IND,5504
2092732,61,104,1280,1995,6330184.0,13986.0,2.325385,-2.2238189999999998,DEU,IND,5504
2092733,64,104,1280,1995,6498.0,0.0,1.3800270000000001,1.489036,DNK,IND,5504
2092734,71,104,1280,1995,3485883.0,84275.0,1.144247,1.933844,ESP,IND,5504
2092735,74,104,1280,1995,1311183.0,0.0,2.0085740000000003,1.126816,FIN,IND,5504
2092736,81,104,1280,1995,846483.0,424100.0,1.8656979999999999,1.107121,GBR,IND,5504
2092737,97,104,1280,1995,37636.0,0.0,0.5244449999999999,2.682738,HKG,IND,5504
2092738,103,104,1280,1995,8554614.0,4040.0,-0.391727,1.174727,IDN,IND,5504
2092739,111,104,1280,1995,14478.0,411378.0,1.503379,1.449094,ITA,IND,5504
2092740,114,104,1280,1995,6928043.0,0.0,2.56822,0.927307,JPN,IND,5504
2092741,116,104,1280,1995,0.0,132325.0,-0.303773,0.111305,KEN,IND,5504
2092742,121,104,1280,1995,141366.0,117644.0,0.845175,1.2761799999999999,KOR,IND,5504
2092743,134,104,1280,1995,0.0,44289.0,-0.6481210000000001,-0.22345,MAR,IND,5504
2092744,151,104,1280,1995,0.0,40055.0,-0.432644,-0.574298,MUS,IND,5504
2092745,153,104,1280,1995,66415.0,30170.0,0.357745,0.374284,MYS,IND,5504
2092746,162,104,1280,1995,415196.0,0.0,1.304391,1.8819119999999998,NLD,IND,5504
2092747,167,104,1280,1995,0.0,9481.0,-0.328853,-0.946069,OMN,IND,5504
2092748,168,104,1280,1995,0.0,51165.0,-0.707965,-0.324784,PAK,IND,5504
2092749,177,104,1280,1995,1691346.0,0.0,0.76393,1.802648,POL,IND,5504
2092750,185,104,1280,1995,735485.0,0.0,0.621468,1.038729,ROU,IND,5504
2092751,186,104,1280,1995,627208.0,0.0,0.364437,0.171494,RUS,IND,5504
2092752,188,104,1280,1995,0.0,27073.0,0.401573,-0.6676529999999999,SAU,IND,5504
2092753,192,104,1280,1995,748267.0,35126.0,0.747684,0.4745,SGP,IND,5504
2092754,207,104,1280,1995,0.0,9393.0,1.424606,1.490521,SVN,IND,5504
2092755,208,104,1280,1995,930992.0,0.0,2.246997,1.060171,SWE,IND,5504
2092756,216,104,1280,1995,3890160.0,0.0,0.174522,1.608058,THA,IND,5504
2092757,224,104,1280,1995,0.0,27804.0,0.166794,1.209066,TUR,IND,5504
2092758,226,104,1280,1995,0.0,14148.0,-1.219949,-0.8698969999999999,TZA,IND,5504
2092759,231,104,1280,1995,5546105.0,0.0,1.771648,1.184,USA,IND,5504
2092760,246,104,1280,1995,0.0,56783.0,0.468112,1.039817,ZAF,IND,5504
2092761,249,104,1280,1995,200844.0,2217.0,1.345205,1.9337389999999999,TWN,IND,5504
2092762,61,113,1280,1995,43505.0,0.0,2.325385,-2.2238189999999998,DEU,JOR,5504
2092763,68,113,1280,1995,12570.0,0.0,-0.340042,-0.085601,EGY,JOR,5504
2092764,162,113,1280,1995,7053.0,0.0,1.304391,1.8819119999999998,NLD,JOR,5504
2092765,224,113,1280,1995,34181.0,0.0,0.166794,1.209066,TUR,JOR,5504
2092766,14,114,1280,1995,0.0,82992.0,0.44442,0.789292,AUS,JPN,5504
2092767,15,114,1280,1995,5088776.0,0.0,2.000295,0.661255,AUT,JPN,5504
2092768,18,114,1280,1995,2410.0,8277.0,1.615588,1.394102,BEL,JPN,5504
2092769,22,114,1280,1995,0.0,38915.0,-1.037175,-0.983195,BGD,JPN,5504
2092770,32,114,1280,1995,1874722.0,0.0,0.687171,1.188647,BRA,JPN,5504
2092771,39,114,1280,1995,0.0,82737.0,1.077804,1.0724200000000002,CAN,JPN,5504
2092772,41,114,1280,1995,0.0,12417.0,2.1893029999999998,0.82765,CHE,JPN,5504
2092773,43,114,1280,1995,59103.0,9262351.0,0.387897,3.2147919999999996,CHN,JPN,5504
2092774,61,114,1280,1995,2100270.0,1271597.0,2.325385,-2.2238189999999998,DEU,JPN,5504
2092775,66,114,1280,1995,0.0,458290.0,-0.555409,-1.037972,DZA,JPN,5504
2092776,68,114,1280,1995,0.0,209690.0,-0.340042,-0.085601,EGY,JPN,5504
2092777,71,114,1280,1995,0.0,3443.0,1.144247,1.933844,ESP,JPN,5504
2092778,74,114,1280,1995,3466.0,0.0,2.0085740000000003,1.126816,FIN,JPN,5504
2092779,77,114,1280,1995,7724.0,0.0,1.768484,0.765537,FRA,JPN,5504
2092780,81,114,1280,1995,1674090.0,0.0,1.8656979999999999,1.107121,GBR,JPN,5504
2092781,97,114,1280,1995,0.0,2618127.0,0.5244449999999999,2.682738,HKG,JPN,5504
2092782,103,114,1280,1995,0.0,5123122.0,-0.391727,1.174727,IDN,JPN,5504
2092783,104,114,1280,1995,0.0,6928043.0,0.156183,1.9617380000000002,IND,JPN,5504
2092784,107,114,1280,1995,0.0,3900652.0,-0.821991,-1.071013,IRN,JPN,5504
2092785,111,114,1280,1995,7569.0,1546788.0,1.503379,1.449094,ITA,JPN,5504
2092786,121,114,1280,1995,340107.0,56631841.0,0.845175,1.2761799999999999,KOR,JPN,5504
2092787,128,114,1280,1995,0.0,2876716.0,-0.8358030000000001,-0.29397199999999996,LKA,JPN,5504
2092788,138,114,1280,1995,0.0,153887.0,0.6414300000000001,0.9697520000000001,MEX,JPN,5504
2092789,153,114,1280,1995,3606.0,326109.0,0.357745,0.374284,MYS,JPN,5504
2092790,162,114,1280,1995,0.0,21804.0,1.304391,1.8819119999999998,NLD,JPN,5504
2092791,166,114,1280,1995,0.0,171641.0,0.5558270000000001,0.773271,NZL,JPN,5504
2092792,168,114,1280,1995,0.0,10646136.0,-0.707965,-0.324784,PAK,JPN,5504
2092793,174,114,1280,1995,0.0,72965.0,-0.480548,0.076564,PHL,JPN,5504
2092794,177,114,1280,1995,979585.0,0.0,0.76393,1.802648,POL,JPN,5504
2092795,188,114,1280,1995,0.0,4560.0,0.401573,-0.6676529999999999,SAU,JPN,5504
2092796,192,114,1280,1995,1404.0,23048.0,0.747684,0.4745,SGP,JPN,5504
2092797,197,114,1280,1995,0.0,694904.0,-0.17119600000000001,0.027889999999999998,SLV,JPN,5504
2092798,216,114,1280,1995,27560.0,866517.0,0.174522,1.608058,THA,JPN,5504
2092799,231,114,1280,1995,24947486.0,590864.0,1.771648,1.184,USA,JPN,5504
2092800,246,114,1280,1995,0.0,87227.0,0.468112,1.039817,ZAF,JPN,5504
2092801,249,114,1280,1995,0.0,6701536.0,1.345205,1.9337389999999999,TWN,JPN,5504
2092802,186,117,1280,1995,175942.0,0.0,0.364437,0.171494,RUS,KGZ,5504
2092803,232,117,1280,1995,255888.0,0.0,-0.29740900000000003,-0.9456190000000001,UZB,KGZ,5504
2092804,61,132,1280,1995,161670.0,0.0,2.325385,-2.2238189999999998,DEU,LVA,5504
2092805,74,132,1280,1995,29971.0,0.0,2.0085740000000003,1.126816,FIN,LVA,5504
2092806,77,132,1280,1995,11903.0,0.0,1.768484,0.765537,FRA,LVA,5504
2092807,130,132,1280,1995,0.0,57467.0,0.41220500000000004,0.966966,LTU,LVA,5504
2092808,61,142,1280,1995,20420.0,0.0,2.325385,-2.2238189999999998,DEU,MLT,5504
2092809,14,166,1280,1995,2626.0,3839.0,0.44442,0.789292,AUS,NZL,5504
2092810,18,166,1280,1995,5152.0,0.0,1.615588,1.394102,BEL,NZL,5504
2092811,41,166,1280,1995,1554.0,0.0,2.1893029999999998,0.82765,CHE,NZL,5504
2092812,61,166,1280,1995,883903.0,0.0,2.325385,-2.2238189999999998,DEU,NZL,5504
2092813,77,166,1280,1995,36053.0,0.0,1.768484,0.765537,FRA,NZL,5504
2092814,81,166,1280,1995,335233.0,0.0,1.8656979999999999,1.107121,GBR,NZL,5504
2092815,103,166,1280,1995,25864.0,0.0,-0.391727,1.174727,IDN,NZL,5504
2092816,114,166,1280,1995,171641.0,0.0,2.56822,0.927307,JPN,NZL,5504
2092817,121,166,1280,1995,19404.0,0.0,0.845175,1.2761799999999999,KOR,NZL,5504
2092818,208,166,1280,1995,32251.0,0.0,2.246997,1.060171,SWE,NZL,5504
2092819,43,167,1280,1995,5087.0,0.0,0.387897,3.2147919999999996,CHN,OMN,5504
2092820,61,167,1280,1995,1450.0,0.0,2.325385,-2.2238189999999998,DEU,OMN,5504
2092821,104,167,1280,1995,9481.0,0.0,0.156183,1.9617380000000002,IND,OMN,5504
2092822,168,167,1280,1995,96807.0,0.0,-0.707965,-0.324784,PAK,OMN,5504
2092823,15,185,1280,1995,0.0,368427.0,2.000295,0.661255,AUT,ROU,5504
2092824,18,185,1280,1995,0.0,13832.0,1.615588,1.394102,BEL,ROU,5504
2092825,23,185,1280,1995,0.0,348000.0,0.436138,1.086561,BGR,ROU,5504
2092826,41,185,1280,1995,0.0,402506.0,2.1893029999999998,0.82765,CHE,ROU,5504
2092827,59,185,1280,1995,0.0,1795757.0,1.375091,1.628069,CZE,ROU,5504
2092828,61,185,1280,1995,1635458.0,183776.0,2.325385,-2.2238189999999998,DEU,ROU,5504
2092829,68,185,1280,1995,0.0,1850979.0,-0.340042,-0.085601,EGY,ROU,5504
2092830,74,185,1280,1995,205522.0,0.0,2.0085740000000003,1.126816,FIN,ROU,5504
2092831,77,185,1280,1995,0.0,561549.0,1.768484,0.765537,FRA,ROU,5504
2092832,81,185,1280,1995,598683.0,30131.0,1.8656979999999999,1.107121,GBR,ROU,5504
2092833,102,185,1280,1995,60645.0,85368.0,0.878711,1.8200060000000002,HUN,ROU,5504
2092834,104,185,1280,1995,0.0,735485.0,0.156183,1.9617380000000002,IND,ROU,5504
2092835,109,185,1280,1995,19738.0,0.0,0.161331,-0.45210100000000003,ISL,ROU,5504
2092836,111,185,1280,1995,18896.0,131041.0,1.503379,1.449094,ITA,ROU,5504
2092837,134,185,1280,1995,0.0,1774333.0,-0.6481210000000001,-0.22345,MAR,ROU,5504
2092838,140,185,1280,1995,312007.0,0.0,0.34174,0.648467,MKD,ROU,5504
2092839,186,185,1280,1995,63653.0,0.0,0.364437,0.171494,RUS,ROU,5504
2092840,189,185,1280,1995,477226.0,0.0,1.032118,1.180409,SCG,ROU,5504
2092841,206,185,1280,1995,0.0,2600566.0,1.2249780000000001,1.405585,SVK,ROU,5504
2092842,207,185,1280,1995,0.0,13363.0,1.424606,1.490521,SVN,ROU,5504
2092843,212,185,1280,1995,0.0,69000.0,-0.8829469999999999,-0.809407,SYR,ROU,5504
2092844,224,185,1280,1995,0.0,181963.0,0.166794,1.209066,TUR,ROU,5504
2092845,228,185,1280,1995,180000.0,0.0,0.428875,0.20489899999999997,UKR,ROU,5504
2092846,231,185,1280,1995,17571.0,0.0,1.771648,1.184,USA,ROU,5504
2092847,61,188,1280,1995,32722.0,0.0,2.325385,-2.2238189999999998,DEU,SAU,5504
2092848,73,188,1280,1995,0.0,32675.0,-1.3387120000000001,-1.123621,ETH,SAU,5504
2092849,81,188,1280,1995,30420.0,0.0,1.8656979999999999,1.107121,GBR,SAU,5504
2092850,103,188,1280,1995,63563.0,0.0,-0.391727,1.174727,IDN,SAU,5504
2092851,104,188,1280,1995,27073.0,0.0,0.156183,1.9617380000000002,IND,SAU,5504
2092852,111,188,1280,1995,7412.0,0.0,1.503379,1.449094,ITA,SAU,5504
2092853,114,188,1280,1995,4560.0,0.0,2.56822,0.927307,JPN,SAU,5504
2092854,121,188,1280,1995,118988.0,0.0,0.845175,1.2761799999999999,KOR,SAU,5504
2092855,168,188,1280,1995,28900.0,0.0,-0.707965,-0.324784,PAK,SAU,5504
2092856,231,188,1280,1995,194088.0,0.0,1.771648,1.184,USA,SAU,5504
2092857,15,192,1280,1995,1028.0,0.0,2.000295,0.661255,AUT,SGP,5504
2092858,43,192,1280,1995,0.0,976408.0,0.387897,3.2147919999999996,CHN,SGP,5504
2092859,59,192,1280,1995,1177592.0,0.0,1.375091,1.628069,CZE,SGP,5504
2092860,61,192,1280,1995,81494.0,0.0,2.325385,-2.2238189999999998,DEU,SGP,5504
2092861,103,192,1280,1995,900842.0,86749.0,-0.391727,1.174727,IDN,SGP,5504
2092862,104,192,1280,1995,35126.0,748267.0,0.156183,1.9617380000000002,IND,SGP,5504
2092863,114,192,1280,1995,23048.0,1404.0,2.56822,0.927307,JPN,SGP,5504
2092864,128,192,1280,1995,0.0,41081.0,-0.8358030000000001,-0.29397199999999996,LKA,SGP,5504
2092865,151,192,1280,1995,0.0,3359.0,-0.432644,-0.574298,MUS,SGP,5504
2092866,153,192,1280,1995,8575.0,48478.0,0.357745,0.374284,MYS,SGP,5504
2092867,162,192,1280,1995,26343.0,0.0,1.304391,1.8819119999999998,NLD,SGP,5504
2092868,211,192,1280,1995,0.0,1615.0,-0.103343,-0.57371,SYC,SGP,5504
2092869,216,192,1280,1995,2321.0,0.0,0.174522,1.608058,THA,SGP,5504
2092870,231,192,1280,1995,19533.0,0.0,1.771648,1.184,USA,SGP,5504
2092871,15,206,1280,1995,3358.0,0.0,2.000295,0.661255,AUT,SVK,5504
2092872,41,206,1280,1995,20859.0,0.0,2.1893029999999998,0.82765,CHE,SVK,5504
2092873,58,206,1280,1995,29446.0,0.0,0.263764,0.030358999999999997,CYP,SVK,5504
2092874,59,206,1280,1995,855906.0,231748.0,1.375091,1.628069,CZE,SVK,5504
2092875,61,206,1280,1995,614207.0,16868.0,2.325385,-2.2238189999999998,DEU,SVK,5504
2092876,102,206,1280,1995,5870.0,22252.0,0.878711,1.8200060000000002,HUN,SVK,5504
2092877,111,206,1280,1995,0.0,27349.0,1.503379,1.449094,ITA,SVK,5504
2092878,177,206,1280,1995,2888298.0,583579.0,0.76393,1.802648,POL,SVK,5504
2092879,185,206,1280,1995,2600566.0,0.0,0.621468,1.038729,ROU,SVK,5504
2092880,186,206,1280,1995,605442.0,0.0,0.364437,0.171494,RUS,SVK,5504
2092881,228,206,1280,1995,378925.0,0.0,0.428875,0.20489899999999997,UKR,SVK,5504
2092882,232,206,1280,1995,30783.0,0.0,-0.29740900000000003,-0.9456190000000001,UZB,SVK,5504
2092883,15,207,1280,1995,848646.0,0.0,2.000295,0.661255,AUT,SVN,5504
2092884,26,207,1280,1995,0.0,10367.0,0.208931,0.053763,BIH,SVN,5504
2092885,59,207,1280,1995,55136.0,0.0,1.375091,1.628069,CZE,SVN,5504
2092886,61,207,1280,1995,8871505.0,0.0,2.325385,-2.2238189999999998,DEU,SVN,5504
2092887,71,207,1280,1995,42151.0,0.0,1.144247,1.933844,ESP,SVN,5504
2092888,74,207,1280,1995,101454.0,0.0,2.0085740000000003,1.126816,FIN,SVN,5504
2092889,81,207,1280,1995,473028.0,0.0,1.8656979999999999,1.107121,GBR,SVN,5504
2092890,100,207,1280,1995,0.0,1023.0,0.75325,1.395715,HRV,SVN,5504
2092891,104,207,1280,1995,9393.0,0.0,0.156183,1.9617380000000002,IND,SVN,5504
2092892,111,207,1280,1995,201241.0,17238.0,1.503379,1.449094,ITA,SVN,5504
2092893,140,207,1280,1995,0.0,19391.0,0.34174,0.648467,MKD,SVN,5504
2092894,162,207,1280,1995,5736.0,0.0,1.304391,1.8819119999999998,NLD,SVN,5504
2092895,177,207,1280,1995,54929.0,0.0,0.76393,1.802648,POL,SVN,5504
2092896,185,207,1280,1995,13363.0,0.0,0.621468,1.038729,ROU,SVN,5504
2092897,228,207,1280,1995,47303.0,0.0,0.428875,0.20489899999999997,UKR,SVN,5504
2092898,231,207,1280,1995,12098.0,0.0,1.771648,1.184,USA,SVN,5504
2092899,14,208,1280,1995,0.0,381057.0,0.44442,0.789292,AUS,SWE,5504
2092900,15,208,1280,1995,1279364.0,0.0,2.000295,0.661255,AUT,SWE,5504
2092901,18,208,1280,1995,0.0,696499.0,1.615588,1.394102,BEL,SWE,5504
2092902,39,208,1280,1995,0.0,17516.0,1.077804,1.0724200000000002,CAN,SWE,5504
2092903,49,208,1280,1995,0.0,506802.0,0.094335,0.13047999999999998,COL,SWE,5504
2092904,61,208,1280,1995,8251765.0,8854549.0,2.325385,-2.2238189999999998,DEU,SWE,5504
2092905,64,208,1280,1995,0.0,13492.0,1.3800270000000001,1.489036,DNK,SWE,5504
2092906,67,208,1280,1995,0.0,37421.0,-0.948154,-0.9595790000000001,ECU,SWE,5504
2092907,71,208,1280,1995,18400.0,627098.0,1.144247,1.933844,ESP,SWE,5504
2092908,72,208,1280,1995,0.0,31778.0,0.530041,1.134288,EST,SWE,5504
2092909,74,208,1280,1995,6133340.0,45728.0,2.0085740000000003,1.126816,FIN,SWE,5504
2092910,77,208,1280,1995,0.0,4326574.0,1.768484,0.765537,FRA,SWE,5504
2092911,81,208,1280,1995,37841.0,5552884.0,1.8656979999999999,1.107121,GBR,SWE,5504
2092912,90,208,1280,1995,0.0,497219.0,0.17369,0.885756,GRC,SWE,5504
2092913,91,208,1280,1995,0.0,13817.0,0.15883699999999998,-0.514984,GRD,SWE,5504
2092914,102,208,1280,1995,0.0,43164.0,0.878711,1.8200060000000002,HUN,SWE,5504
2092915,104,208,1280,1995,0.0,930992.0,0.156183,1.9617380000000002,IND,SWE,5504
2092916,106,208,1280,1995,0.0,207372.0,1.349192,0.992099,IRL,SWE,5504
2092917,107,208,1280,1995,0.0,451539.0,-0.821991,-1.071013,IRN,SWE,5504
2092918,110,208,1280,1995,0.0,682714.0,1.205368,1.189434,ISR,SWE,5504
2092919,111,208,1280,1995,1652.0,6299535.0,1.503379,1.449094,ITA,SWE,5504
2092920,121,208,1280,1995,0.0,14309.0,0.845175,1.2761799999999999,KOR,SWE,5504
2092921,134,208,1280,1995,0.0,191450.0,-0.6481210000000001,-0.22345,MAR,SWE,5504
2092922,159,208,1280,1995,0.0,6778.0,-2.108206,-1.2017520000000002,NGA,SWE,5504
2092923,162,208,1280,1995,0.0,914854.0,1.304391,1.8819119999999998,NLD,SWE,5504
2092924,163,208,1280,1995,16463.0,2025928.0,1.019741,0.394241,NOR,SWE,5504
2092925,166,208,1280,1995,0.0,32251.0,0.5558270000000001,0.773271,NZL,SWE,5504
2092926,168,208,1280,1995,0.0,4699288.0,-0.707965,-0.324784,PAK,SWE,5504
2092927,169,208,1280,1995,0.0,104125.0,-0.019815,0.050906,PAN,SWE,5504
2092928,224,208,1280,1995,0.0,376864.0,0.166794,1.209066,TUR,SWE,5504
2092929,231,208,1280,1995,0.0,6027064.0,1.771648,1.184,USA,SWE,5504
2092930,14,224,1280,1995,219409.0,0.0,0.44442,0.789292,AUS,TUR,5504
2092931,15,224,1280,1995,12406297.0,0.0,2.000295,0.661255,AUT,TUR,5504
2092932,18,224,1280,1995,4309.0,111818.0,1.615588,1.394102,BEL,TUR,5504
2092933,23,224,1280,1995,59862.0,0.0,0.436138,1.086561,BGR,TUR,5504
2092934,32,224,1280,1995,61212.0,0.0,0.687171,1.188647,BRA,TUR,5504
2092935,41,224,1280,1995,407582.0,0.0,2.1893029999999998,0.82765,CHE,TUR,5504
2092936,43,224,1280,1995,68832.0,0.0,0.387897,3.2147919999999996,CHN,TUR,5504
2092937,59,224,1280,1995,1061320.0,0.0,1.375091,1.628069,CZE,TUR,5504
2092938,61,224,1280,1995,28248868.0,13095.0,2.325385,-2.2238189999999998,DEU,TUR,5504
2092939,68,224,1280,1995,0.0,1268781.0,-0.340042,-0.085601,EGY,TUR,5504
2092940,71,224,1280,1995,5009.0,0.0,1.144247,1.933844,ESP,TUR,5504
2092941,74,224,1280,1995,10536086.0,0.0,2.0085740000000003,1.126816,FIN,TUR,5504
2092942,77,224,1280,1995,14426.0,0.0,1.768484,0.765537,FRA,TUR,5504
2092943,81,224,1280,1995,15756392.0,0.0,1.8656979999999999,1.107121,GBR,TUR,5504
2092944,97,224,1280,1995,6959.0,0.0,0.5244449999999999,2.682738,HKG,TUR,5504
2092945,103,224,1280,1995,52225.0,0.0,-0.391727,1.174727,IDN,TUR,5504
2092946,104,224,1280,1995,27804.0,0.0,0.156183,1.9617380000000002,IND,TUR,5504
2092947,111,224,1280,1995,60781.0,0.0,1.503379,1.449094,ITA,TUR,5504
2092948,113,224,1280,1995,0.0,34181.0,0.666542,0.326785,JOR,TUR,5504
2092949,140,224,1280,1995,53222.0,0.0,0.34174,0.648467,MKD,TUR,5504
2092950,162,224,1280,1995,4185.0,102060.0,1.304391,1.8819119999999998,NLD,TUR,5504
2092951,177,224,1280,1995,0.0,176852.0,0.76393,1.802648,POL,TUR,5504
2092952,185,224,1280,1995,181963.0,0.0,0.621468,1.038729,ROU,TUR,5504
2092953,186,224,1280,1995,27278456.0,0.0,0.364437,0.171494,RUS,TUR,5504
2092954,208,224,1280,1995,376864.0,0.0,2.246997,1.060171,SWE,TUR,5504
2092955,228,224,1280,1995,454604.0,0.0,0.428875,0.20489899999999997,UKR,TUR,5504
2092956,231,224,1280,1995,4604979.0,0.0,1.771648,1.184,USA,TUR,5504
2092957,8,246,1280,1995,133707.0,0.0,0.245885,0.5489850000000001,ARG,ZAF,5504
2092958,15,246,1280,1995,3102480.0,0.0,2.000295,0.661255,AUT,ZAF,5504
2092959,32,246,1280,1995,15693.0,0.0,0.687171,1.188647,BRA,ZAF,5504
2092960,41,246,1280,1995,5221.0,0.0,2.1893029999999998,0.82765,CHE,ZAF,5504
2092961,61,246,1280,1995,10980066.0,2387.0,2.325385,-2.2238189999999998,DEU,ZAF,5504
2092962,71,246,1280,1995,50704.0,0.0,1.144247,1.933844,ESP,ZAF,5504
2092963,81,246,1280,1995,2519763.0,0.0,1.8656979999999999,1.107121,GBR,ZAF,5504
2092964,103,246,1280,1995,79761.0,0.0,-0.391727,1.174727,IDN,ZAF,5504
2092965,104,246,1280,1995,56783.0,0.0,0.156183,1.9617380000000002,IND,ZAF,5504
2092966,111,246,1280,1995,11819.0,0.0,1.503379,1.449094,ITA,ZAF,5504
2092967,114,246,1280,1995,87227.0,0.0,2.56822,0.927307,JPN,ZAF,5504
2092968,121,246,1280,1995,29428.0,0.0,0.845175,1.2761799999999999,KOR,ZAF,5504
2092969,147,246,1280,1995,0.0,7179.0,-1.031627,-1.02484,MOZ,ZAF,5504
2092970,177,246,1280,1995,55707.0,0.0,0.76393,1.802648,POL,ZAF,5504
2092971,216,246,1280,1995,201684.0,0.0,0.174522,1.608058,THA,ZAF,5504
2092972,15,8,1280,1995,493317.0,0.0,2.000295,0.661255,AUT,ARG,5504
2092973,32,8,1280,1995,2378464.0,87410.0,0.687171,1.188647,BRA,ARG,5504
2092974,61,8,1280,1995,39438.0,0.0,2.325385,-2.2238189999999998,DEU,ARG,5504
2092975,71,8,1280,1995,66233.0,0.0,1.144247,1.933844,ESP,ARG,5504
2092976,81,8,1280,1995,17567.0,0.0,1.8656979999999999,1.107121,GBR,ARG,5504
2092977,111,8,1280,1995,3947.0,0.0,1.503379,1.449094,ITA,ARG,5504
2092978,231,8,1280,1995,108126.0,0.0,1.771648,1.184,USA,ARG,5504
2092979,246,8,1280,1995,0.0,133707.0,0.468112,1.039817,ZAF,ARG,5504
2092980,21,44,1280,1995,0.0,33543.0,-0.695354,-0.902185,BFA,CIV,5504
2092981,61,45,1280,1995,1770.0,0.0,2.325385,-2.2238189999999998,DEU,CMR,5504
2092982,77,45,1280,1995,10851.0,0.0,1.768484,0.765537,FRA,CMR,5504
2092983,15,90,1280,1995,1921427.0,0.0,2.000295,0.661255,AUT,GRC,5504
2092984,41,90,1280,1995,45127.0,0.0,2.1893029999999998,0.82765,CHE,GRC,5504
2092985,61,90,1280,1995,7271315.0,83671.0,2.325385,-2.2238189999999998,DEU,GRC,5504
2092986,71,90,1280,1995,7593.0,0.0,1.144247,1.933844,ESP,GRC,5504
2092987,74,90,1280,1995,884825.0,0.0,2.0085740000000003,1.126816,FIN,GRC,5504
2092988,77,90,1280,1995,51793.0,28794.0,1.768484,0.765537,FRA,GRC,5504
2092989,81,90,1280,1995,21365.0,0.0,1.8656979999999999,1.107121,GBR,GRC,5504
2092990,111,90,1280,1995,58713.0,0.0,1.503379,1.449094,ITA,GRC,5504
2092991,162,90,1280,1995,0.0,153166.0,1.304391,1.8819119999999998,NLD,GRC,5504
2092992,208,90,1280,1995,497219.0,0.0,2.246997,1.060171,SWE,GRC,5504
2092993,15,102,1280,1995,496559.0,0.0,2.000295,0.661255,AUT,HUN,5504
2092994,41,102,1280,1995,31903.0,0.0,2.1893029999999998,0.82765,CHE,HUN,5504
2092995,43,102,1280,1995,50421.0,0.0,0.387897,3.2147919999999996,CHN,HUN,5504
2092996,61,102,1280,1995,4762772.0,0.0,2.325385,-2.2238189999999998,DEU,HUN,5504
2092997,74,102,1280,1995,586645.0,0.0,2.0085740000000003,1.126816,FIN,HUN,5504
2092998,81,102,1280,1995,332975.0,0.0,1.8656979999999999,1.107121,GBR,HUN,5504
2092999,111,102,1280,1995,166356.0,0.0,1.503379,1.449094,ITA,HUN,5504
2093000,162,102,1280,1995,0.0,4058.0,1.304391,1.8819119999999998,NLD,HUN,5504
2093001,177,102,1280,1995,346531.0,0.0,0.76393,1.802648,POL,HUN,5504
2093002,185,102,1280,1995,85368.0,60645.0,0.621468,1.038729,ROU,HUN,5504
2093003,186,102,1280,1995,667430.0,0.0,0.364437,0.171494,RUS,HUN,5504
2093004,206,102,1280,1995,22252.0,5870.0,1.2249780000000001,1.405585,SVK,HUN,5504
2093005,208,102,1280,1995,43164.0,0.0,2.246997,1.060171,SWE,HUN,5504
2093006,228,102,1280,1995,145000.0,0.0,0.428875,0.20489899999999997,UKR,HUN,5504
2093007,232,102,1280,1995,10748.0,0.0,-0.29740900000000003,-0.9456190000000001,UZB,HUN,5504
2093008,15,134,1280,1995,28282.0,0.0,2.000295,0.661255,AUT,MAR,5504
2093009,32,134,1280,1995,90317.0,0.0,0.687171,1.188647,BRA,MAR,5504
2093010,59,134,1280,1995,199389.0,0.0,1.375091,1.628069,CZE,MAR,5504
2093011,61,134,1280,1995,8948885.0,0.0,2.325385,-2.2238189999999998,DEU,MAR,5504
2093012,71,134,1280,1995,1965122.0,0.0,1.144247,1.933844,ESP,MAR,5504
2093013,74,134,1280,1995,476675.0,0.0,2.0085740000000003,1.126816,FIN,MAR,5504
2093014,77,134,1280,1995,123532.0,0.0,1.768484,0.765537,FRA,MAR,5504
2093015,81,134,1280,1995,1668207.0,0.0,1.8656979999999999,1.107121,GBR,MAR,5504
2093016,104,134,1280,1995,44289.0,0.0,0.156183,1.9617380000000002,IND,MAR,5504
2093017,111,134,1280,1995,8428.0,0.0,1.503379,1.449094,ITA,MAR,5504
2093018,138,134,1280,1995,28460.0,0.0,0.6414300000000001,0.9697520000000001,MEX,MAR,5504
2093019,162,134,1280,1995,30652.0,0.0,1.304391,1.8819119999999998,NLD,MAR,5504
2093020,185,134,1280,1995,1774333.0,0.0,0.621468,1.038729,ROU,MAR,5504
2093021,208,134,1280,1995,191450.0,0.0,2.246997,1.060171,SWE,MAR,5504
2093022,231,134,1280,1995,531403.0,0.0,1.771648,1.184,USA,MAR,5504
2093023,249,134,1280,1995,101686.0,0.0,1.345205,1.9337389999999999,TWN,MAR,5504
2093024,61,215,1280,1995,1686.0,0.0,2.325385,-2.2238189999999998,DEU,TGO,5504
2093025,15,223,1280,1995,197080.0,0.0,2.000295,0.661255,AUT,TUN,5504
2093026,59,223,1280,1995,273688.0,0.0,1.375091,1.628069,CZE,TUN,5504
2093027,61,223,1280,1995,1102119.0,0.0,2.325385,-2.2238189999999998,DEU,TUN,5504
2093028,71,223,1280,1995,46802.0,0.0,1.144247,1.933844,ESP,TUN,5504
2093029,77,223,1280,1995,9134.0,0.0,1.768484,0.765537,FRA,TUN,5504
2093030,81,223,1280,1995,385000.0,0.0,1.8656979999999999,1.107121,GBR,TUN,5504
2093031,111,223,1280,1995,76994.0,0.0,1.503379,1.449094,ITA,TUN,5504
2093032,15,230,1280,1995,61255.0,0.0,2.000295,0.661255,AUT,URY,5504
2093033,32,230,1280,1995,1617330.0,0.0,0.687171,1.188647,BRA,URY,5504
2093034,43,230,1280,1995,4692.0,0.0,0.387897,3.2147919999999996,CHN,URY,5504
2093035,61,230,1280,1995,429905.0,0.0,2.325385,-2.2238189999999998,DEU,URY,5504
2093036,81,230,1280,1995,5409.0,0.0,1.8656979999999999,1.107121,GBR,URY,5504
2093037,231,230,1280,1995,294573.0,0.0,1.771648,1.184,USA,URY,5504
2093038,61,248,1280,1995,6516.0,0.0,2.325385,-2.2238189999999998,DEU,ZWE,5504
2093039,81,248,1280,1995,4125.0,0.0,1.8656979999999999,1.107121,GBR,ZWE,5504
2093040,15,236,1280,1995,342441.0,0.0,2.000295,0.661255,AUT,VEN,5504
2093041,32,236,1280,1995,875674.0,0.0,0.687171,1.188647,BRA,VEN,5504
2093042,52,236,1280,1995,0.0,1360.0,-0.30094699999999996,-0.046285,CRI,VEN,5504
2093043,61,236,1280,1995,16596.0,0.0,2.325385,-2.2238189999999998,DEU,VEN,5504
2093044,81,236,1280,1995,25664.0,0.0,1.8656979999999999,1.107121,GBR,VEN,5504
2093045,231,236,1280,1995,2990588.0,0.0,1.771648,1.184,USA,VEN,5504
2093046,61,58,1280,1995,237642.0,0.0,2.325385,-2.2238189999999998,DEU,CYP,5504
2093047,71,58,1280,1995,7652.0,0.0,1.144247,1.933844,ESP,CYP,5504
2093048,162,58,1280,1995,5399.0,0.0,1.304391,1.8819119999999998,NLD,CYP,5504
2093049,206,58,1280,1995,0.0,29446.0,1.2249780000000001,1.405585,SVK,CYP,5504
2093050,15,100,1280,1995,255082.0,0.0,2.000295,0.661255,AUT,HRV,5504
2093051,26,100,1280,1995,0.0,5140.0,0.208931,0.053763,BIH,HRV,5504
2093052,41,100,1280,1995,40409.0,0.0,2.1893029999999998,0.82765,CHE,HRV,5504
2093053,59,100,1280,1995,163108.0,0.0,1.375091,1.628069,CZE,HRV,5504
2093054,61,100,1280,1995,1430082.0,0.0,2.325385,-2.2238189999999998,DEU,HRV,5504
2093055,71,100,1280,1995,785801.0,0.0,1.144247,1.933844,ESP,HRV,5504
2093056,77,100,1280,1995,8408.0,0.0,1.768484,0.765537,FRA,HRV,5504
2093057,81,100,1280,1995,45974.0,0.0,1.8656979999999999,1.107121,GBR,HRV,5504
2093058,111,100,1280,1995,1006688.0,0.0,1.503379,1.449094,ITA,HRV,5504
2093059,140,100,1280,1995,32321.0,0.0,0.34174,0.648467,MKD,HRV,5504
2093060,177,100,1280,1995,9826.0,0.0,0.76393,1.802648,POL,HRV,5504
2093061,186,100,1280,1995,300577.0,0.0,0.364437,0.171494,RUS,HRV,5504
2093062,207,100,1280,1995,1023.0,0.0,1.424606,1.490521,SVN,HRV,5504
2093063,228,100,1280,1995,28700.0,0.0,0.428875,0.20489899999999997,UKR,HRV,5504
2093064,61,135,1280,1995,949.0,0.0,2.325385,-2.2238189999999998,DEU,MDA,5504
2093065,7,140,1280,1995,1117.0,0.0,-0.205166,-0.6132380000000001,ARE,MKD,5504
2093066,23,140,1280,1995,0.0,771750.0,0.436138,1.086561,BGR,MKD,5504
2093067,61,140,1280,1995,301253.0,59261.0,2.325385,-2.2238189999999998,DEU,MKD,5504
2093068,100,140,1280,1995,0.0,32321.0,0.75325,1.395715,HRV,MKD,5504
2093069,111,140,1280,1995,17024.0,24188.0,1.503379,1.449094,ITA,MKD,5504
2093070,185,140,1280,1995,0.0,312007.0,0.621468,1.038729,ROU,MKD,5504
2093071,189,140,1280,1995,31876.0,0.0,1.032118,1.180409,SCG,MKD,5504
2093072,207,140,1280,1995,19391.0,0.0,1.424606,1.490521,SVN,MKD,5504
2093073,224,140,1280,1995,0.0,53222.0,0.166794,1.209066,TUR,MKD,5504
2093074,61,190,1280,1995,3374.0,0.0,2.325385,-2.2238189999999998,DEU,SDN,5504
2093075,68,190,1280,1995,4145.0,0.0,-0.340042,-0.085601,EGY,SDN,5504
2093076,162,190,1280,1995,7516.0,0.0,1.304391,1.8819119999999998,NLD,SDN,5504
2093077,93,197,1280,1995,2879.0,0.0,-0.241468,0.170932,GTM,SLV,5504
2093078,114,197,1280,1995,694904.0,0.0,2.56822,0.927307,JPN,SLV,5504
2093079,231,197,1280,1995,842004.0,32534.0,1.771648,1.184,USA,SLV,5504
2093080,18,46,1280,1995,62271.0,0.0,1.615588,1.394102,BEL,COD,5504
2093081,18,54,1280,1995,225928.0,0.0,1.615588,1.394102,BEL,CUB,5504
2093082,61,67,1280,1995,145301.0,0.0,2.325385,-2.2238189999999998,DEU,ECU,5504
2093083,71,67,1280,1995,6146.0,0.0,1.144247,1.933844,ESP,ECU,5504
2093084,74,67,1280,1995,18616.0,0.0,2.0085740000000003,1.126816,FIN,ECU,5504
2093085,162,67,1280,1995,8448.0,0.0,1.304391,1.8819119999999998,NLD,ECU,5504
2093086,208,67,1280,1995,37421.0,0.0,2.246997,1.060171,SWE,ECU,5504
2093087,216,67,1280,1995,39695.0,0.0,0.174522,1.608058,THA,ECU,5504
2093088,231,67,1280,1995,177920.0,0.0,1.771648,1.184,USA,ECU,5504
2093089,43,107,1280,1995,64208.0,0.0,0.387897,3.2147919999999996,CHN,IRN,5504
2093090,59,107,1280,1995,131588.0,0.0,1.375091,1.628069,CZE,IRN,5504
2093091,61,107,1280,1995,31823430.0,0.0,2.325385,-2.2238189999999998,DEU,IRN,5504
2093092,71,107,1280,1995,67410.0,0.0,1.144247,1.933844,ESP,IRN,5504
2093093,103,107,1280,1995,75989.0,0.0,-0.391727,1.174727,IDN,IRN,5504
2093094,111,107,1280,1995,51816.0,0.0,1.503379,1.449094,ITA,IRN,5504
2093095,114,107,1280,1995,3900652.0,0.0,2.56822,0.927307,JPN,IRN,5504
2093096,208,107,1280,1995,451539.0,0.0,2.246997,1.060171,SWE,IRN,5504
2093097,216,107,1280,1995,165421.0,0.0,0.174522,1.608058,THA,IRN,5504
2093098,231,107,1280,1995,300329.0,0.0,1.771648,1.184,USA,IRN,5504
2093099,18,168,1280,1995,14238.0,0.0,1.615588,1.394102,BEL,PAK,5504
2093100,32,168,1280,1995,233798.0,0.0,0.687171,1.188647,BRA,PAK,5504
2093101,61,168,1280,1995,4142726.0,0.0,2.325385,-2.2238189999999998,DEU,PAK,5504
2093102,71,168,1280,1995,156683.0,0.0,1.144247,1.933844,ESP,PAK,5504
2093103,77,168,1280,1995,80198.0,0.0,1.768484,0.765537,FRA,PAK,5504
2093104,103,168,1280,1995,19286612.0,0.0,-0.391727,1.174727,IDN,PAK,5504
2093105,104,168,1280,1995,51165.0,0.0,0.156183,1.9617380000000002,IND,PAK,5504
2093106,111,168,1280,1995,32110.0,0.0,1.503379,1.449094,ITA,PAK,5504
2093107,114,168,1280,1995,10646136.0,0.0,2.56822,0.927307,JPN,PAK,5504
2093108,167,168,1280,1995,0.0,96807.0,-0.328853,-0.946069,OMN,PAK,5504
2093109,188,168,1280,1995,0.0,28900.0,0.401573,-0.6676529999999999,SAU,PAK,5504
2093110,208,168,1280,1995,4699288.0,0.0,2.246997,1.060171,SWE,PAK,5504
2093111,216,168,1280,1995,13924991.0,0.0,0.174522,1.608058,THA,PAK,5504
2093112,231,168,1280,1995,2208671.0,0.0,1.771648,1.184,USA,PAK,5504
2093113,43,174,1280,1995,13170.0,0.0,0.387897,3.2147919999999996,CHN,PHL,5504
2093114,61,174,1280,1995,167681.0,0.0,2.325385,-2.2238189999999998,DEU,PHL,5504
2093115,103,174,1280,1995,4506694.0,0.0,-0.391727,1.174727,IDN,PHL,5504
2093116,114,174,1280,1995,72965.0,0.0,2.56822,0.927307,JPN,PHL,5504
2093117,216,174,1280,1995,2500958.0,0.0,0.174522,1.608058,THA,PHL,5504
2093118,231,174,1280,1995,9697.0,0.0,1.771648,1.184,USA,PHL,5504
2093119,43,186,1280,1995,0.0,6072798.0,0.387897,3.2147919999999996,CHN,RUS,5504
2093120,59,186,1280,1995,2249.0,236872.0,1.375091,1.628069,CZE,RUS,5504
2093121,61,186,1280,1995,210947.0,67720.0,2.325385,-2.2238189999999998,DEU,RUS,5504
2093122,68,186,1280,1995,0.0,390270.0,-0.340042,-0.085601,EGY,RUS,5504
2093123,77,186,1280,1995,182971.0,36043.0,1.768484,0.765537,FRA,RUS,5504
2093124,97,186,1280,1995,0.0,227999.0,0.5244449999999999,2.682738,HKG,RUS,5504
2093125,100,186,1280,1995,0.0,300577.0,0.75325,1.395715,HRV,RUS,5504
2093126,102,186,1280,1995,0.0,667430.0,0.878711,1.8200060000000002,HUN,RUS,5504
2093127,103,186,1280,1995,0.0,1787092.0,-0.391727,1.174727,IDN,RUS,5504
2093128,104,186,1280,1995,0.0,627208.0,0.156183,1.9617380000000002,IND,RUS,5504
2093129,111,186,1280,1995,0.0,10026.0,1.503379,1.449094,ITA,RUS,5504
2093130,117,186,1280,1995,0.0,175942.0,0.361272,0.047797000000000006,KGZ,RUS,5504
2093131,121,186,1280,1995,0.0,10209790.0,0.845175,1.2761799999999999,KOR,RUS,5504
2093132,130,186,1280,1995,0.0,290816.0,0.41220500000000004,0.966966,LTU,RUS,5504
2093133,136,186,1280,1995,0.0,56981.0,-1.178074,-0.6167,MDG,RUS,5504
2093134,177,186,1280,1995,0.0,8466298.0,0.76393,1.802648,POL,RUS,5504
2093135,185,186,1280,1995,0.0,63653.0,0.621468,1.038729,ROU,RUS,5504
2093136,206,186,1280,1995,0.0,605442.0,1.2249780000000001,1.405585,SVK,RUS,5504
2093137,224,186,1280,1995,0.0,27278456.0,0.166794,1.209066,TUR,RUS,5504
2093138,231,186,1280,1995,0.0,519839.0,1.771648,1.184,USA,RUS,5504
2093139,104,226,1280,1995,14148.0,0.0,0.156183,1.9617380000000002,IND,TZA,5504
2093140,111,226,1280,1995,28062.0,0.0,1.503379,1.449094,ITA,TZA,5504
2093141,216,226,1280,1995,22517.0,0.0,0.174522,1.608058,THA,TZA,5504
2093142,59,228,1280,1995,0.0,87644.0,1.375091,1.628069,CZE,UKR,5504
2093143,61,228,1280,1995,106284.0,39003.0,2.325385,-2.2238189999999998,DEU,UKR,5504
2093144,100,228,1280,1995,0.0,28700.0,0.75325,1.395715,HRV,UKR,5504
2093145,102,228,1280,1995,0.0,145000.0,0.878711,1.8200060000000002,HUN,UKR,5504
2093146,130,228,1280,1995,0.0,15258.0,0.41220500000000004,0.966966,LTU,UKR,5504
2093147,177,228,1280,1995,0.0,2327514.0,0.76393,1.802648,POL,UKR,5504
2093148,185,228,1280,1995,0.0,180000.0,0.621468,1.038729,ROU,UKR,5504
2093149,206,228,1280,1995,0.0,378925.0,1.2249780000000001,1.405585,SVK,UKR,5504
2093150,207,228,1280,1995,0.0,47303.0,1.424606,1.490521,SVN,UKR,5504
2093151,224,228,1280,1995,0.0,454604.0,0.166794,1.209066,TUR,UKR,5504
2093152,231,228,1280,1995,0.0,24517.0,1.771648,1.184,USA,UKR,5504
2093153,61,239,1280,1995,30167.0,0.0,2.325385,-2.2238189999999998,DEU,VNM,5504
2093154,103,239,1280,1995,56620.0,0.0,-0.391727,1.174727,IDN,VNM,5504
2093155,216,239,1280,1995,192534.0,0.0,0.174522,1.608058,THA,VNM,5504
2093156,14,249,1280,1995,0.0,72547.0,0.44442,0.789292,AUS,TWN,5504
2093157,22,249,1280,1995,0.0,15714.0,-1.037175,-0.983195,BGD,TWN,5504
2093158,43,249,1280,1995,0.0,9838647.0,0.387897,3.2147919999999996,CHN,TWN,5504
2093159,59,249,1280,1995,6759256.0,0.0,1.375091,1.628069,CZE,TWN,5504
2093160,61,249,1280,1995,4452684.0,62158.0,2.325385,-2.2238189999999998,DEU,TWN,5504
2093161,68,249,1280,1995,0.0,50781.0,-0.340042,-0.085601,EGY,TWN,5504
2093162,71,249,1280,1995,1051523.0,0.0,1.144247,1.933844,ESP,TWN,5504
2093163,77,249,1280,1995,208029.0,0.0,1.768484,0.765537,FRA,TWN,5504
2093164,97,249,1280,1995,264726.0,70629.0,0.5244449999999999,2.682738,HKG,TWN,5504
2093165,103,249,1280,1995,0.0,2642331.0,-0.391727,1.174727,IDN,TWN,5504
2093166,104,249,1280,1995,2217.0,200844.0,0.156183,1.9617380000000002,IND,TWN,5504
2093167,114,249,1280,1995,6701536.0,0.0,2.56822,0.927307,JPN,TWN,5504
2093168,121,249,1280,1995,0.0,3319136.0,0.845175,1.2761799999999999,KOR,TWN,5504
2093169,134,249,1280,1995,0.0,101686.0,-0.6481210000000001,-0.22345,MAR,TWN,5504
2093170,153,249,1280,1995,0.0,37266.0,0.357745,0.374284,MYS,TWN,5504
2093171,216,249,1280,1995,0.0,9482.0,0.174522,1.608058,THA,TWN,5504
2093172,231,249,1280,1995,2674403.0,1339964.0,1.771648,1.184,USA,TWN,5504
2093173,22,250,1280,1995,0.0,26877.0,-1.037175,-0.983195,BGD,ANS,5504
2093174,43,250,1280,1995,0.0,150363.0,0.387897,3.2147919999999996,CHN,ANS,5504
2093175,61,250,1280,1995,134306.0,0.0,2.325385,-2.2238189999999998,DEU,ANS,5504
2093176,74,250,1280,1995,91773600.0,0.0,2.0085740000000003,1.126816,FIN,ANS,5504
2093177,77,250,1280,1995,0.0,7676.0,1.768484,0.765537,FRA,ANS,5504
2093178,110,250,1280,1995,0.0,38455.0,1.205368,1.189434,ISR,ANS,5504
2093179,177,250,1280,1995,96491.0,110623.0,0.76393,1.802648,POL,ANS,5504
2093180,41,63,1280,1995,0.0,3547.0,2.1893029999999998,0.82765,CHE,DMA,5504
2093181,62,73,1280,1995,46383.0,0.0,0.7627109999999999,0.696162,DJI,ETH,5504
2093182,111,73,1280,1995,14438.0,0.0,1.503379,1.449094,ITA,ETH,5504
2093183,188,73,1280,1995,32675.0,0.0,0.401573,-0.6676529999999999,SAU,ETH,5504
2093184,208,91,1280,1995,13817.0,0.0,2.246997,1.060171,SWE,GRD,5504
2093185,61,127,1280,1995,1486.0,0.0,2.325385,-2.2238189999999998,DEU,LCA,5504
2093186,7,227,1280,1995,5436.0,0.0,-0.205166,-0.6132380000000001,ARE,UGA,5504
2093187,148,227,1280,1995,1153.0,0.0,-1.935629,-1.178304,MRT,UGA,5504
2093188,18,66,1280,1995,34957.0,0.0,1.615588,1.394102,BEL,DZA,5504
2093189,61,66,1280,1995,2271414.0,0.0,2.325385,-2.2238189999999998,DEU,DZA,5504
2093190,71,66,1280,1995,168036.0,0.0,1.144247,1.933844,ESP,DZA,5504
2093191,77,66,1280,1995,73664.0,0.0,1.768484,0.765537,FRA,DZA,5504
2093192,111,66,1280,1995,18042.0,0.0,1.503379,1.449094,ITA,DZA,5504
2093193,114,66,1280,1995,458290.0,0.0,2.56822,0.927307,JPN,DZA,5504
2093194,61,85,1280,1995,2807.0,0.0,2.325385,-2.2238189999999998,DEU,GIN,5504
2093195,28,130,1280,1995,10404.0,16806.0,0.5290279999999999,0.27031700000000003,BLR,LTU,5504
2093196,61,130,1280,1995,61810.0,40352.0,2.325385,-2.2238189999999998,DEU,LTU,5504
2093197,72,130,1280,1995,0.0,14765.0,0.530041,1.134288,EST,LTU,5504
2093198,121,130,1280,1995,25721.0,0.0,0.845175,1.2761799999999999,KOR,LTU,5504
2093199,132,130,1280,1995,57467.0,0.0,0.25453400000000004,0.174809,LVA,LTU,5504
2093200,177,130,1280,1995,44581.0,481018.0,0.76393,1.802648,POL,LTU,5504
2093201,186,130,1280,1995,290816.0,0.0,0.364437,0.171494,RUS,LTU,5504
2093202,228,130,1280,1995,15258.0,0.0,0.428875,0.20489899999999997,UKR,LTU,5504
2093203,15,136,1280,1995,297631.0,0.0,2.000295,0.661255,AUT,MDG,5504
2093204,59,136,1280,1995,4360.0,0.0,1.375091,1.628069,CZE,MDG,5504
2093205,61,136,1280,1995,144415.0,0.0,2.325385,-2.2238189999999998,DEU,MDG,5504
2093206,186,136,1280,1995,56981.0,0.0,0.364437,0.171494,RUS,MDG,5504
2093207,231,136,1280,1995,473943.0,0.0,1.771648,1.184,USA,MDG,5504
2093208,61,151,1280,1995,164796.0,0.0,2.325385,-2.2238189999999998,DEU,MUS,5504
2093209,81,151,1280,1995,48290.0,0.0,1.8656979999999999,1.107121,GBR,MUS,5504
2093210,104,151,1280,1995,40055.0,0.0,0.156183,1.9617380000000002,IND,MUS,5504
2093211,192,151,1280,1995,3359.0,0.0,0.747684,0.4745,SGP,MUS,5504
2093212,97,211,1280,1995,4858.0,0.0,0.5244449999999999,2.682738,HKG,SYC,5504
2093213,192,211,1280,1995,1615.0,0.0,0.747684,0.4745,SGP,SYC,5504
2093214,59,7,1280,1995,598429.0,0.0,1.375091,1.628069,CZE,ARE,5504
2093215,61,7,1280,1995,466390.0,0.0,2.325385,-2.2238189999999998,DEU,ARE,5504
2093216,103,7,1280,1995,36551.0,0.0,-0.391727,1.174727,IDN,ARE,5504
2093217,104,7,1280,1995,298082.0,0.0,0.156183,1.9617380000000002,IND,ARE,5504
2093218,111,7,1280,1995,113169.0,0.0,1.503379,1.449094,ITA,ARE,5504
2093219,121,7,1280,1995,15074.0,0.0,0.845175,1.2761799999999999,KOR,ARE,5504
2093220,140,7,1280,1995,0.0,1117.0,0.34174,0.648467,MKD,ARE,5504
2093221,227,7,1280,1995,0.0,5436.0,-1.053037,-1.001752,UGA,ARE,5504
2093222,59,23,1280,1995,459707.0,0.0,1.375091,1.628069,CZE,BGR,5504
2093223,61,23,1280,1995,703833.0,0.0,2.325385,-2.2238189999999998,DEU,BGR,5504
2093224,140,23,1280,1995,771750.0,0.0,0.34174,0.648467,MKD,BGR,5504
2093225,185,23,1280,1995,348000.0,0.0,0.621468,1.038729,ROU,BGR,5504
2093226,224,23,1280,1995,0.0,59862.0,0.166794,1.209066,TUR,BGR,5504
2093227,231,23,1280,1995,13405.0,0.0,1.771648,1.184,USA,BGR,5504
2093228,41,24,1280,1995,3249.0,0.0,2.1893029999999998,0.82765,CHE,BHR,5504
2093229,61,24,1280,1995,3174.0,0.0,2.325385,-2.2238189999999998,DEU,BHR,5504
2093230,61,28,1280,1995,11074.0,67924.0,2.325385,-2.2238189999999998,DEU,BLR,5504
2093231,72,28,1280,1995,0.0,55888.0,0.530041,1.134288,EST,BLR,5504
2093232,130,28,1280,1995,16806.0,10404.0,0.41220500000000004,0.966966,LTU,BLR,5504
2093233,177,28,1280,1995,0.0,120809.0,0.76393,1.802648,POL,BLR,5504
2093234,61,34,1280,1995,1030.0,0.0,2.325385,-2.2238189999999998,DEU,BRN,5504
2093235,61,83,1280,1995,223216.0,0.0,2.325385,-2.2238189999999998,DEU,GHA,5504
2093236,61,84,1280,1995,1010.0,0.0,2.325385,-2.2238189999999998,DEU,GIB,5504
2093237,61,109,1280,1995,43077.0,0.0,2.325385,-2.2238189999999998,DEU,ISL,5504
2093238,185,109,1280,1995,0.0,19738.0,0.621468,1.038729,ROU,ISL,5504
2093239,43,115,1280,1995,0.0,15303.0,0.387897,3.2147919999999996,CHN,KAZ,5504
2093240,59,115,1280,1995,0.0,66524.0,1.375091,1.628069,CZE,KAZ,5504
2093241,61,116,1280,1995,45061.0,0.0,2.325385,-2.2238189999999998,DEU,KEN,5504
2093242,104,116,1280,1995,132325.0,0.0,0.156183,1.9617380000000002,IND,KEN,5504
2093243,61,122,1280,1995,8365.0,0.0,2.325385,-2.2238189999999998,DEU,KWT,5504
2093244,61,124,1280,1995,243772.0,0.0,2.325385,-2.2238189999999998,DEU,LBN,5504
2093245,111,124,1280,1995,624300.0,0.0,1.503379,1.449094,ITA,LBN,5504
2093246,231,124,1280,1995,64504.0,0.0,1.771648,1.184,USA,LBN,5504
2093247,61,126,1280,1995,1159.0,0.0,2.325385,-2.2238189999999998,DEU,LBY,5504
2093248,61,128,1280,1995,5156.0,0.0,2.325385,-2.2238189999999998,DEU,LKA,5504
2093249,103,128,1280,1995,3168601.0,0.0,-0.391727,1.174727,IDN,LKA,5504
2093250,114,128,1280,1995,2876716.0,0.0,2.56822,0.927307,JPN,LKA,5504
2093251,121,128,1280,1995,28366.0,0.0,0.845175,1.2761799999999999,KOR,LKA,5504
2093252,177,128,1280,1995,200585.0,0.0,0.76393,1.802648,POL,LKA,5504
2093253,192,128,1280,1995,41081.0,0.0,0.747684,0.4745,SGP,LKA,5504
2093254,246,147,1280,1995,7179.0,0.0,0.468112,1.039817,ZAF,MOZ,5504
2093255,41,159,1280,1995,40722.0,0.0,2.1893029999999998,0.82765,CHE,NGA,5504
2093256,61,159,1280,1995,79000.0,0.0,2.325385,-2.2238189999999998,DEU,NGA,5504
2093257,111,159,1280,1995,19698.0,0.0,1.503379,1.449094,ITA,NGA,5504
2093258,208,159,1280,1995,6778.0,0.0,2.246997,1.060171,SWE,NGA,5504
2093259,216,159,1280,1995,83303.0,0.0,0.174522,1.608058,THA,NGA,5504
2093260,61,164,1280,1995,1018.0,0.0,2.325385,-2.2238189999999998,DEU,NPL,5504
2093261,68,183,1280,1995,3194.0,0.0,-0.340042,-0.085601,EGY,QAT,5504
2093262,61,189,1280,1995,40316.0,0.0,2.325385,-2.2238189999999998,DEU,SCG,5504
2093263,140,189,1280,1995,0.0,31876.0,0.34174,0.648467,MKD,SCG,5504
2093264,185,189,1280,1995,0.0,477226.0,0.621468,1.038729,ROU,SCG,5504
2093265,41,191,1280,1995,3859.0,0.0,2.1893029999999998,0.82765,CHE,SEN,5504
2093266,61,191,1280,1995,1025.0,0.0,2.325385,-2.2238189999999998,DEU,SEN,5504
2093267,231,191,1280,1995,79429.0,0.0,1.771648,1.184,USA,SEN,5504
2093268,43,212,1280,1995,34156.0,0.0,0.387897,3.2147919999999996,CHN,SYR,5504
2093269,61,212,1280,1995,433451.0,0.0,2.325385,-2.2238189999999998,DEU,SYR,5504
2093270,138,212,1280,1995,127000.0,0.0,0.6414300000000001,0.9697520000000001,MEX,SYR,5504
2093271,185,212,1280,1995,69000.0,0.0,0.621468,1.038729,ROU,SYR,5504
2093272,43,232,1280,1995,0.0,46370.0,0.387897,3.2147919999999996,CHN,UZB,5504
2093273,102,232,1280,1995,0.0,10748.0,0.878711,1.8200060000000002,HUN,UZB,5504
2093274,117,232,1280,1995,0.0,255888.0,0.361272,0.047797000000000006,KGZ,UZB,5504
2093275,206,232,1280,1995,0.0,30783.0,1.2249780000000001,1.405585,SVK,UZB,5504
2093276,104,1,1280,1995,2894.0,0.0,0.156183,1.9617380000000002,IND,AFG,5504
2093277,44,21,1280,1995,33543.0,0.0,-0.781656,-0.74293,CIV,BFA,5504
2093278,61,21,1280,1995,2822.0,0.0,2.325385,-2.2238189999999998,DEU,BFA,5504
2093279,100,26,1280,1995,5140.0,0.0,0.75325,1.395715,HRV,BIH,5504
2093280,207,26,1280,1995,10367.0,0.0,1.424606,1.490521,SVN,BIH,5504
2093281,73,62,1280,1995,0.0,46383.0,-1.3387120000000001,-1.123621,ETH,DJI,5504
2093282,103,123,1280,1995,14800.0,0.0,-0.391727,1.174727,IDN,LAO,5504
2093283,227,148,1280,1995,0.0,1153.0,-1.053037,-1.001752,UGA,MRT,5504
2093284,77,157,1280,1995,12604.0,0.0,1.768484,0.765537,FRA,NER,5504
2093285,43,178,1280,1995,202972.0,23159.0,0.387897,3.2147919999999996,CHN,PRK,5504
2093286,61,178,1280,1995,1011.0,0.0,2.325385,-2.2238189999999998,DEU,PRK,5504
2093287,103,178,1280,1995,25542.0,0.0,-0.391727,1.174727,IDN,PRK,5504
2093288,216,178,1280,1995,210327.0,0.0,0.174522,1.608058,THA,PRK,5504
2093289,61,145,1280,1995,1065.0,0.0,2.325385,-2.2238189999999998,DEU,MNG,5504
2093290,8,15,1281,1995,543.0,0.0,0.245885,0.5489850000000001,ARG,AUT,5505
2093291,18,15,1281,1995,546896.0,9387.0,1.615588,1.394102,BEL,AUT,5505
2093292,41,15,1281,1995,21274.0,29922.0,2.1893029999999998,0.82765,CHE,AUT,5505
2093293,59,15,1281,1995,8272.0,549132.0,1.375091,1.628069,CZE,AUT,5505
2093294,61,15,1281,1995,198507.0,904327.0,2.325385,-2.2238189999999998,DEU,AUT,5505
2093295,71,15,1281,1995,0.0,12760.0,1.144247,1.933844,ESP,AUT,5505
2093296,77,15,1281,1995,33637.0,64587.0,1.768484,0.765537,FRA,AUT,5505
2093297,81,15,1281,1995,31980.0,0.0,1.8656979999999999,1.107121,GBR,AUT,5505
2093298,97,15,1281,1995,0.0,19089.0,0.5244449999999999,2.682738,HKG,AUT,5505
2093299,100,15,1281,1995,0.0,29268.0,0.75325,1.395715,HRV,AUT,5505
2093300,102,15,1281,1995,67780.0,1966.0,0.878711,1.8200060000000002,HUN,AUT,5505
2093301,103,15,1281,1995,83284.0,0.0,-0.391727,1.174727,IDN,AUT,5505
2093302,106,15,1281,1995,0.0,4052.0,1.349192,0.992099,IRL,AUT,5505
2093303,111,15,1281,1995,40048.0,1105085.0,1.503379,1.449094,ITA,AUT,5505
2093304,114,15,1281,1995,994.0,0.0,2.56822,0.927307,JPN,AUT,5505
2093305,121,15,1281,1995,1804.0,0.0,0.845175,1.2761799999999999,KOR,AUT,5505
2093306,162,15,1281,1995,0.0,79427.0,1.304391,1.8819119999999998,NLD,AUT,5505
2093307,185,15,1281,1995,14025.0,0.0,0.621468,1.038729,ROU,AUT,5505
2093308,186,15,1281,1995,237193.0,0.0,0.364437,0.171494,RUS,AUT,5505
2093309,206,15,1281,1995,56941.0,2178.0,1.2249780000000001,1.405585,SVK,AUT,5505
2093310,207,15,1281,1995,75919.0,0.0,1.424606,1.490521,SVN,AUT,5505
2093311,231,15,1281,1995,2969.0,0.0,1.771648,1.184,USA,AUT,5505
2093312,246,15,1281,1995,18745.0,4331.0,0.468112,1.039817,ZAF,AUT,5505
2093313,250,15,1281,1995,0.0,105608.0,1.034518,0.9735149999999999,ANS,AUT,5505
2093314,8,18,1281,1995,52578.0,0.0,0.245885,0.5489850000000001,ARG,BEL,5505
2093315,15,18,1281,1995,9387.0,546896.0,2.000295,0.661255,AUT,BEL,5505
2093316,17,18,1281,1995,0.0,50709.0,-1.435347,-0.9015,BDI,BEL,5505
2093317,22,18,1281,1995,11356.0,0.0,-1.037175,-0.983195,BGD,BEL,5505
2093318,31,18,1281,1995,0.0,17045.0,-0.440583,-0.688389,BOL,BEL,5505
2093319,32,18,1281,1995,33419.0,0.0,0.687171,1.188647,BRA,BEL,5505
2093320,39,18,1281,1995,0.0,7539.0,1.077804,1.0724200000000002,CAN,BEL,5505
2093321,41,18,1281,1995,118111.0,272664.0,2.1893029999999998,0.82765,CHE,BEL,5505
2093322,42,18,1281,1995,0.0,198628.0,-0.073436,-0.192675,CHL,BEL,5505
2093323,44,18,1281,1995,0.0,9202.0,-0.781656,-0.74293,CIV,BEL,5505
2093324,59,18,1281,1995,0.0,29045.0,1.375091,1.628069,CZE,BEL,5505
2093325,61,18,1281,1995,4960729.0,7509588.0,2.325385,-2.2238189999999998,DEU,BEL,5505
2093326,64,18,1281,1995,3186.0,49213.0,1.3800270000000001,1.489036,DNK,BEL,5505
2093327,68,18,1281,1995,1005.0,193774.0,-0.340042,-0.085601,EGY,BEL,5505
2093328,71,18,1281,1995,42109.0,321201.0,1.144247,1.933844,ESP,BEL,5505
2093329,73,18,1281,1995,0.0,226668.0,-1.3387120000000001,-1.123621,ETH,BEL,5505
2093330,77,18,1281,1995,3799346.0,5269280.0,1.768484,0.765537,FRA,BEL,5505
2093331,81,18,1281,1995,547246.0,1584913.0,1.8656979999999999,1.107121,GBR,BEL,5505
2093332,90,18,1281,1995,0.0,27130.0,0.17369,0.885756,GRC,BEL,5505
2093333,97,18,1281,1995,16963.0,0.0,0.5244449999999999,2.682738,HKG,BEL,5505
2093334,103,18,1281,1995,60408.0,0.0,-0.391727,1.174727,IDN,BEL,5505
2093335,104,18,1281,1995,10951.0,58245.0,0.156183,1.9617380000000002,IND,BEL,5505
2093336,106,18,1281,1995,0.0,79083.0,1.349192,0.992099,IRL,BEL,5505
2093337,110,18,1281,1995,0.0,17293.0,1.205368,1.189434,ISR,BEL,5505
2093338,111,18,1281,1995,72994.0,6892248.0,1.503379,1.449094,ITA,BEL,5505
2093339,121,18,1281,1995,102751.0,0.0,0.845175,1.2761799999999999,KOR,BEL,5505
2093340,124,18,1281,1995,0.0,59242.0,0.027416000000000003,0.327795,LBN,BEL,5505
2093341,128,18,1281,1995,0.0,45069.0,-0.8358030000000001,-0.29397199999999996,LKA,BEL,5505
2093342,134,18,1281,1995,0.0,1562.0,-0.6481210000000001,-0.22345,MAR,BEL,5505
2093343,140,18,1281,1995,1807.0,0.0,0.34174,0.648467,MKD,BEL,5505
2093344,162,18,1281,1995,554400.0,4295507.0,1.304391,1.8819119999999998,NLD,BEL,5505
2093345,177,18,1281,1995,74702.0,30249.0,0.76393,1.802648,POL,BEL,5505
2093346,179,18,1281,1995,143778.0,659094.0,0.412677,1.254009,PRT,BEL,5505
2093347,185,18,1281,1995,14461.0,0.0,0.621468,1.038729,ROU,BEL,5505
2093348,188,18,1281,1995,0.0,1603.0,0.401573,-0.6676529999999999,SAU,BEL,5505
2093349,206,18,1281,1995,55314.0,0.0,1.2249780000000001,1.405585,SVK,BEL,5505
2093350,207,18,1281,1995,14397.0,17503.0,1.424606,1.490521,SVN,BEL,5505
2093351,208,18,1281,1995,2369.0,1304.0,2.246997,1.060171,SWE,BEL,5505
2093352,212,18,1281,1995,0.0,3558.0,-0.8829469999999999,-0.809407,SYR,BEL,5505
2093353,224,18,1281,1995,31215.0,53807.0,0.166794,1.209066,TUR,BEL,5505
2093354,231,18,1281,1995,2786656.0,16052.0,1.771648,1.184,USA,BEL,5505
2093355,239,18,1281,1995,0.0,28597.0,-1.0462069999999999,-0.269063,VNM,BEL,5505
2093356,246,18,1281,1995,68844.0,3774.0,0.468112,1.039817,ZAF,BEL,5505
2093357,8,32,1281,1995,249145.0,72146.0,0.245885,0.5489850000000001,ARG,BRA,5505
2093358,18,32,1281,1995,0.0,33419.0,1.615588,1.394102,BEL,BRA,5505
2093359,61,32,1281,1995,0.0,34520.0,2.325385,-2.2238189999999998,DEU,BRA,5505
2093360,71,32,1281,1995,13572.0,0.0,1.144247,1.933844,ESP,BRA,5505
2093361,99,32,1281,1995,0.0,44738.0,-0.765536,-0.668834,HND,BRA,5505
2093362,111,32,1281,1995,47839.0,0.0,1.503379,1.449094,ITA,BRA,5505
2093363,121,32,1281,1995,7874.0,0.0,0.845175,1.2761799999999999,KOR,BRA,5505
2093364,173,32,1281,1995,0.0,2045.0,-0.263859,-0.21032800000000001,PER,BRA,5505
2093365,231,32,1281,1995,1636042.0,228370.0,1.771648,1.184,USA,BRA,5505
2093366,14,43,1281,1995,0.0,15514.0,0.44442,0.789292,AUS,CHN,5505
2093367,39,43,1281,1995,64023.0,0.0,1.077804,1.0724200000000002,CAN,CHN,5505
2093368,61,43,1281,1995,0.0,33564.0,2.325385,-2.2238189999999998,DEU,CHN,5505
2093369,81,43,1281,1995,1132.0,26282.0,1.8656979999999999,1.107121,GBR,CHN,5505
2093370,97,43,1281,1995,231674.0,93213.0,0.5244449999999999,2.682738,HKG,CHN,5505
2093371,103,43,1281,1995,54837.0,0.0,-0.391727,1.174727,IDN,CHN,5505
2093372,104,43,1281,1995,0.0,20078.0,0.156183,1.9617380000000002,IND,CHN,5505
2093373,111,43,1281,1995,0.0,28581.0,1.503379,1.449094,ITA,CHN,5505
2093374,114,43,1281,1995,799965.0,0.0,2.56822,0.927307,JPN,CHN,5505
2093375,121,43,1281,1995,342539.0,0.0,0.845175,1.2761799999999999,KOR,CHN,5505
2093376,153,43,1281,1995,3240.0,0.0,0.357745,0.374284,MYS,CHN,5505
2093377,162,43,1281,1995,66136.0,0.0,1.304391,1.8819119999999998,NLD,CHN,5505
2093378,186,43,1281,1995,113054.0,0.0,0.364437,0.171494,RUS,CHN,5505
2093379,188,43,1281,1995,0.0,4956.0,0.401573,-0.6676529999999999,SAU,CHN,5505
2093380,216,43,1281,1995,37788.0,0.0,0.174522,1.608058,THA,CHN,5505
2093381,231,43,1281,1995,207277.0,63080.0,1.771648,1.184,USA,CHN,5505
2093382,249,43,1281,1995,297041.0,48009.0,1.345205,1.9337389999999999,TWN,CHN,5505
2093383,250,43,1281,1995,25157.0,0.0,1.034518,0.9735149999999999,ANS,CHN,5505
2093384,8,49,1281,1995,0.0,9772.0,0.245885,0.5489850000000001,ARG,COL,5505
2093385,67,49,1281,1995,3099.0,0.0,-0.948154,-0.9595790000000001,ECU,COL,5505
2093386,81,49,1281,1995,58330.0,0.0,1.8656979999999999,1.107121,GBR,COL,5505
2093387,106,49,1281,1995,53277.0,0.0,1.349192,0.992099,IRL,COL,5505
2093388,138,49,1281,1995,96529.0,0.0,0.6414300000000001,0.9697520000000001,MEX,COL,5505
2093389,231,49,1281,1995,402549.0,3539.0,1.771648,1.184,USA,COL,5505
2093390,236,49,1281,1995,55476.0,0.0,0.299294,-0.635474,VEN,COL,5505
2093391,249,49,1281,1995,0.0,132847.0,1.345205,1.9337389999999999,TWN,COL,5505
2093392,179,52,1281,1995,4917.0,0.0,0.412677,1.254009,PRT,CRI,5505
2093393,231,52,1281,1995,2190692.0,15659.0,1.771648,1.184,USA,CRI,5505
2093394,8,61,1281,1995,63691.0,0.0,0.245885,0.5489850000000001,ARG,DEU,5505
2093395,14,61,1281,1995,0.0,955.0,0.44442,0.789292,AUS,DEU,5505
2093396,15,61,1281,1995,904327.0,198507.0,2.000295,0.661255,AUT,DEU,5505
2093397,18,61,1281,1995,7509588.0,4960729.0,1.615588,1.394102,BEL,DEU,5505
2093398,23,61,1281,1995,0.0,1029.0,0.436138,1.086561,BGR,DEU,5505
2093399,28,61,1281,1995,510582.0,0.0,0.5290279999999999,0.27031700000000003,BLR,DEU,5505
2093400,32,61,1281,1995,34520.0,0.0,0.687171,1.188647,BRA,DEU,5505
2093401,39,61,1281,1995,0.0,8729.0,1.077804,1.0724200000000002,CAN,DEU,5505
2093402,41,61,1281,1995,1666920.0,331721.0,2.1893029999999998,0.82765,CHE,DEU,5505
2093403,43,61,1281,1995,33564.0,0.0,0.387897,3.2147919999999996,CHN,DEU,5505
2093404,59,61,1281,1995,257827.0,166226.0,1.375091,1.628069,CZE,DEU,5505
2093405,64,61,1281,1995,163005.0,468320.0,1.3800270000000001,1.489036,DNK,DEU,5505
2093406,68,61,1281,1995,74217.0,29364.0,-0.340042,-0.085601,EGY,DEU,5505
2093407,71,61,1281,1995,91631.0,588038.0,1.144247,1.933844,ESP,DEU,5505
2093408,72,61,1281,1995,0.0,177439.0,0.530041,1.134288,EST,DEU,5505
2093409,74,61,1281,1995,4400418.0,400937.0,2.0085740000000003,1.126816,FIN,DEU,5505
2093410,77,61,1281,1995,2067662.0,502153.0,1.768484,0.765537,FRA,DEU,5505
2093411,81,61,1281,1995,1966073.0,2428588.0,1.8656979999999999,1.107121,GBR,DEU,5505
2093412,90,61,1281,1995,47015.0,527955.0,0.17369,0.885756,GRC,DEU,5505
2093413,97,61,1281,1995,980.0,3791.0,0.5244449999999999,2.682738,HKG,DEU,5505
2093414,100,61,1281,1995,0.0,89933.0,0.75325,1.395715,HRV,DEU,5505
2093415,102,61,1281,1995,83149.0,18041.0,0.878711,1.8200060000000002,HUN,DEU,5505
2093416,103,61,1281,1995,100394.0,0.0,-0.391727,1.174727,IDN,DEU,5505
2093417,104,61,1281,1995,78482.0,30687.0,0.156183,1.9617380000000002,IND,DEU,5505
2093418,106,61,1281,1995,2053.0,4387116.0,1.349192,0.992099,IRL,DEU,5505
2093419,110,61,1281,1995,131514.0,179489.0,1.205368,1.189434,ISR,DEU,5505
2093420,111,61,1281,1995,899531.0,16991188.0,1.503379,1.449094,ITA,DEU,5505
2093421,114,61,1281,1995,118313.0,0.0,2.56822,0.927307,JPN,DEU,5505
2093422,121,61,1281,1995,156507.0,0.0,0.845175,1.2761799999999999,KOR,DEU,5505
2093423,132,61,1281,1995,1220434.0,0.0,0.25453400000000004,0.174809,LVA,DEU,5505
2093424,134,61,1281,1995,0.0,100536.0,-0.6481210000000001,-0.22345,MAR,DEU,5505
2093425,138,61,1281,1995,239539.0,0.0,0.6414300000000001,0.9697520000000001,MEX,DEU,5505
2093426,142,61,1281,1995,33223.0,1306.0,0.842519,0.11882899999999999,MLT,DEU,5505
2093427,153,61,1281,1995,17480.0,0.0,0.357745,0.374284,MYS,DEU,5505
2093428,162,61,1281,1995,6013174.0,6898627.0,1.304391,1.8819119999999998,NLD,DEU,5505
2093429,163,61,1281,1995,0.0,1003.0,1.019741,0.394241,NOR,DEU,5505
2093430,168,61,1281,1995,0.0,10004.0,-0.707965,-0.324784,PAK,DEU,5505
2093431,177,61,1281,1995,672357.0,85949.0,0.76393,1.802648,POL,DEU,5505
2093432,179,61,1281,1995,0.0,69460.0,0.412677,1.254009,PRT,DEU,5505
2093433,185,61,1281,1995,58195.0,994.0,0.621468,1.038729,ROU,DEU,5505
2093434,186,61,1281,1995,272735.0,24381.0,0.364437,0.171494,RUS,DEU,5505
2093435,206,61,1281,1995,244207.0,9784.0,1.2249780000000001,1.405585,SVK,DEU,5505
2093436,207,61,1281,1995,11792.0,8693.0,1.424606,1.490521,SVN,DEU,5505
2093437,208,61,1281,1995,406979.0,9184.0,2.246997,1.060171,SWE,DEU,5505
2093438,216,61,1281,1995,50076.0,15494.0,0.174522,1.608058,THA,DEU,5505
2093439,223,61,1281,1995,0.0,188520.0,-0.253792,-0.044331,TUN,DEU,5505
2093440,224,61,1281,1995,569778.0,237884.0,0.166794,1.209066,TUR,DEU,5505
2093441,228,61,1281,1995,87757.0,0.0,0.428875,0.20489899999999997,UKR,DEU,5505
2093442,231,61,1281,1995,3591959.0,270645.0,1.771648,1.184,USA,DEU,5505
2093443,232,61,1281,1995,21285.0,0.0,-0.29740900000000003,-0.9456190000000001,UZB,DEU,5505
2093444,246,61,1281,1995,134143.0,45061.0,0.468112,1.039817,ZAF,DEU,5505
2093445,247,61,1281,1995,53026.0,0.0,-0.214763,-0.721675,ZMB,DEU,5505
2093446,249,61,1281,1995,5040.0,0.0,1.345205,1.9337389999999999,TWN,DEU,5505
2093447,250,61,1281,1995,0.0,776.0,1.034518,0.9735149999999999,ANS,DEU,5505
2093448,18,64,1281,1995,49213.0,3186.0,1.615588,1.394102,BEL,DNK,5505
2093449,59,64,1281,1995,12456.0,0.0,1.375091,1.628069,CZE,DNK,5505
2093450,61,64,1281,1995,468320.0,163005.0,2.325385,-2.2238189999999998,DEU,DNK,5505
2093451,74,64,1281,1995,0.0,2419.0,2.0085740000000003,1.126816,FIN,DNK,5505
2093452,77,64,1281,1995,79692.0,0.0,1.768484,0.765537,FRA,DNK,5505
2093453,81,64,1281,1995,72475.0,220449.0,1.8656979999999999,1.107121,GBR,DNK,5505
2093454,111,64,1281,1995,0.0,35987.0,1.503379,1.449094,ITA,DNK,5505
2093455,113,64,1281,1995,0.0,106313.0,0.666542,0.326785,JOR,DNK,5505
2093456,162,64,1281,1995,29694.0,102515.0,1.304391,1.8819119999999998,NLD,DNK,5505
2093457,163,64,1281,1995,10892.0,24476.0,1.019741,0.394241,NOR,DNK,5505
2093458,208,64,1281,1995,3103.0,121325.0,2.246997,1.060171,SWE,DNK,5505
2093459,231,64,1281,1995,105810.0,0.0,1.771648,1.184,USA,DNK,5505
2093460,8,71,1281,1995,0.0,2078.0,0.245885,0.5489850000000001,ARG,ESP,5505
2093461,15,71,1281,1995,12760.0,0.0,2.000295,0.661255,AUT,ESP,5505
2093462,18,71,1281,1995,321201.0,42109.0,1.615588,1.394102,BEL,ESP,5505
2093463,32,71,1281,1995,0.0,13572.0,0.687171,1.188647,BRA,ESP,5505
2093464,39,71,1281,1995,72543.0,0.0,1.077804,1.0724200000000002,CAN,ESP,5505
2093465,41,71,1281,1995,65185.0,0.0,2.1893029999999998,0.82765,CHE,ESP,5505
2093466,42,71,1281,1995,0.0,133577.0,-0.073436,-0.192675,CHL,ESP,5505
2093467,61,71,1281,1995,588038.0,91631.0,2.325385,-2.2238189999999998,DEU,ESP,5505
2093468,67,71,1281,1995,3049.0,0.0,-0.948154,-0.9595790000000001,ECU,ESP,5505
2093469,77,71,1281,1995,1172884.0,266859.0,1.768484,0.765537,FRA,ESP,5505
2093470,81,71,1281,1995,779126.0,93880.0,1.8656979999999999,1.107121,GBR,ESP,5505
2093471,90,71,1281,1995,0.0,2437.0,0.17369,0.885756,GRC,ESP,5505
2093472,104,71,1281,1995,219718.0,8614.0,0.156183,1.9617380000000002,IND,ESP,5505
2093473,106,71,1281,1995,0.0,423643.0,1.349192,0.992099,IRL,ESP,5505
2093474,110,71,1281,1995,0.0,980.0,1.205368,1.189434,ISR,ESP,5505
2093475,111,71,1281,1995,175132.0,32313.0,1.503379,1.449094,ITA,ESP,5505
2093476,121,71,1281,1995,16048.0,6578.0,0.845175,1.2761799999999999,KOR,ESP,5505
2093477,134,71,1281,1995,14115.0,1148257.0,-0.6481210000000001,-0.22345,MAR,ESP,5505
2093478,138,71,1281,1995,449759.0,9033.0,0.6414300000000001,0.9697520000000001,MEX,ESP,5505
2093479,151,71,1281,1995,1484.0,0.0,-0.432644,-0.574298,MUS,ESP,5505
2093480,162,71,1281,1995,205123.0,0.0,1.304391,1.8819119999999998,NLD,ESP,5505
2093481,168,71,1281,1995,29242.0,0.0,-0.707965,-0.324784,PAK,ESP,5505
2093482,179,71,1281,1995,117496.0,212681.0,0.412677,1.254009,PRT,ESP,5505
2093483,188,71,1281,1995,0.0,92976.0,0.401573,-0.6676529999999999,SAU,ESP,5505
2093484,208,71,1281,1995,34500.0,0.0,2.246997,1.060171,SWE,ESP,5505
2093485,224,71,1281,1995,13320.0,0.0,0.166794,1.209066,TUR,ESP,5505
2093486,231,71,1281,1995,2796051.0,0.0,1.771648,1.184,USA,ESP,5505
2093487,236,71,1281,1995,6114.0,0.0,0.299294,-0.635474,VEN,ESP,5505
2093488,246,71,1281,1995,416569.0,0.0,0.468112,1.039817,ZAF,ESP,5505
2093489,41,74,1281,1995,1791.0,0.0,2.1893029999999998,0.82765,CHE,FIN,5505
2093490,61,74,1281,1995,400937.0,4400418.0,2.325385,-2.2238189999999998,DEU,FIN,5505
2093491,64,74,1281,1995,2419.0,0.0,1.3800270000000001,1.489036,DNK,FIN,5505
2093492,72,74,1281,1995,0.0,1390.0,0.530041,1.134288,EST,FIN,5505
2093493,77,74,1281,1995,0.0,38019.0,1.768484,0.765537,FRA,FIN,5505
2093494,81,74,1281,1995,1302.0,93708.0,1.8656979999999999,1.107121,GBR,FIN,5505
2093495,111,74,1281,1995,0.0,12696.0,1.503379,1.449094,ITA,FIN,5505
2093496,162,74,1281,1995,0.0,78688.0,1.304391,1.8819119999999998,NLD,FIN,5505
2093497,163,74,1281,1995,1658.0,0.0,1.019741,0.394241,NOR,FIN,5505
2093498,177,74,1281,1995,0.0,230482.0,0.76393,1.802648,POL,FIN,5505
2093499,179,74,1281,1995,0.0,96998.0,0.412677,1.254009,PRT,FIN,5505
2093500,208,74,1281,1995,3118.0,167465.0,2.246997,1.060171,SWE,FIN,5505
2093501,231,74,1281,1995,288800.0,0.0,1.771648,1.184,USA,FIN,5505
2093502,246,74,1281,1995,0.0,32998.0,0.468112,1.039817,ZAF,FIN,5505
2093503,250,74,1281,1995,0.0,7148577.0,1.034518,0.9735149999999999,ANS,FIN,5505
2093504,15,77,1281,1995,64587.0,33637.0,2.000295,0.661255,AUT,FRA,5505
2093505,18,77,1281,1995,5269280.0,3799346.0,1.615588,1.394102,BEL,FRA,5505
2093506,28,77,1281,1995,44690.0,0.0,0.5290279999999999,0.27031700000000003,BLR,FRA,5505
2093507,39,77,1281,1995,0.0,51120.0,1.077804,1.0724200000000002,CAN,FRA,5505
2093508,41,77,1281,1995,86948.0,156851.0,2.1893029999999998,0.82765,CHE,FRA,5505
2093509,42,77,1281,1995,0.0,14476.0,-0.073436,-0.192675,CHL,FRA,5505
2093510,44,77,1281,1995,0.0,27770.0,-0.781656,-0.74293,CIV,FRA,5505
2093511,61,77,1281,1995,502153.0,2067662.0,2.325385,-2.2238189999999998,DEU,FRA,5505
2093512,64,77,1281,1995,0.0,79692.0,1.3800270000000001,1.489036,DNK,FRA,5505
2093513,66,77,1281,1995,0.0,74047.0,-0.555409,-1.037972,DZA,FRA,5505
2093514,71,77,1281,1995,266859.0,1172884.0,1.144247,1.933844,ESP,FRA,5505
2093515,74,77,1281,1995,38019.0,0.0,2.0085740000000003,1.126816,FIN,FRA,5505
2093516,81,77,1281,1995,286501.0,381693.0,1.8656979999999999,1.107121,GBR,FRA,5505
2093517,90,77,1281,1995,0.0,74459.0,0.17369,0.885756,GRC,FRA,5505
2093518,97,77,1281,1995,0.0,2166.0,0.5244449999999999,2.682738,HKG,FRA,5505
2093519,100,77,1281,1995,121920.0,888.0,0.75325,1.395715,HRV,FRA,5505
2093520,102,77,1281,1995,1721.0,2430.0,0.878711,1.8200060000000002,HUN,FRA,5505
2093521,103,77,1281,1995,50261.0,0.0,-0.391727,1.174727,IDN,FRA,5505
2093522,104,77,1281,1995,0.0,11117.0,0.156183,1.9617380000000002,IND,FRA,5505
2093523,106,77,1281,1995,2790.0,207822.0,1.349192,0.992099,IRL,FRA,5505
2093524,110,77,1281,1995,64068.0,0.0,1.205368,1.189434,ISR,FRA,5505
2093525,111,77,1281,1995,130357.0,1947566.0,1.503379,1.449094,ITA,FRA,5505
2093526,121,77,1281,1995,156349.0,0.0,0.845175,1.2761799999999999,KOR,FRA,5505
2093527,124,77,1281,1995,0.0,34746.0,0.027416000000000003,0.327795,LBN,FRA,5505
2093528,130,77,1281,1995,0.0,66308.0,0.41220500000000004,0.966966,LTU,FRA,5505
2093529,134,77,1281,1995,0.0,221311.0,-0.6481210000000001,-0.22345,MAR,FRA,5505
2093530,136,77,1281,1995,0.0,275845.0,-1.178074,-0.6167,MDG,FRA,5505
2093531,162,77,1281,1995,440042.0,653342.0,1.304391,1.8819119999999998,NLD,FRA,5505
2093532,177,77,1281,1995,11001.0,0.0,0.76393,1.802648,POL,FRA,5505
2093533,179,77,1281,1995,0.0,59786.0,0.412677,1.254009,PRT,FRA,5505
2093534,184,77,1281,1995,0.0,1812.0,0.728825,-0.178569,REU,FRA,5505
2093535,185,77,1281,1995,15529.0,0.0,0.621468,1.038729,ROU,FRA,5505
2093536,206,77,1281,1995,11978.0,0.0,1.2249780000000001,1.405585,SVK,FRA,5505
2093537,208,77,1281,1995,0.0,3589.0,2.246997,1.060171,SWE,FRA,5505
2093538,224,77,1281,1995,14263.0,104266.0,0.166794,1.209066,TUR,FRA,5505
2093539,231,77,1281,1995,607728.0,26030.0,1.771648,1.184,USA,FRA,5505
2093540,250,77,1281,1995,35940.0,0.0,1.034518,0.9735149999999999,ANS,FRA,5505
2093541,4,81,1281,1995,0.0,5932.0,-0.39273,-0.47259300000000004,ALB,GBR,5505
2093542,7,81,1281,1995,0.0,5552.0,-0.205166,-0.6132380000000001,ARE,GBR,5505
2093543,13,81,1281,1995,0.0,2550.0,-0.06877,-0.550291,ATG,GBR,5505
2093544,14,81,1281,1995,0.0,92164.0,0.44442,0.789292,AUS,GBR,5505
2093545,15,81,1281,1995,0.0,31980.0,2.000295,0.661255,AUT,GBR,5505
2093546,18,81,1281,1995,1584913.0,547246.0,1.615588,1.394102,BEL,GBR,5505
2093547,23,81,1281,1995,0.0,27051.0,0.436138,1.086561,BGR,GBR,5505
2093548,31,81,1281,1995,0.0,13072.0,-0.440583,-0.688389,BOL,GBR,5505
2093549,39,81,1281,1995,515449.0,374151.0,1.077804,1.0724200000000002,CAN,GBR,5505
2093550,41,81,1281,1995,119288.0,5962.0,2.1893029999999998,0.82765,CHE,GBR,5505
2093551,42,81,1281,1995,0.0,400930.0,-0.073436,-0.192675,CHL,GBR,5505
2093552,43,81,1281,1995,26282.0,1132.0,0.387897,3.2147919999999996,CHN,GBR,5505
2093553,44,81,1281,1995,0.0,1636.0,-0.781656,-0.74293,CIV,GBR,5505
2093554,49,81,1281,1995,0.0,58330.0,0.094335,0.13047999999999998,COL,GBR,5505
2093555,58,81,1281,1995,41618.0,4378.0,0.263764,0.030358999999999997,CYP,GBR,5505
2093556,61,81,1281,1995,2428588.0,1966073.0,2.325385,-2.2238189999999998,DEU,GBR,5505
2093557,64,81,1281,1995,220449.0,72475.0,1.3800270000000001,1.489036,DNK,GBR,5505
2093558,66,81,1281,1995,0.0,19559.0,-0.555409,-1.037972,DZA,GBR,5505
2093559,67,81,1281,1995,0.0,83307.0,-0.948154,-0.9595790000000001,ECU,GBR,5505
2093560,68,81,1281,1995,5287.0,3751.0,-0.340042,-0.085601,EGY,GBR,5505
2093561,71,81,1281,1995,93880.0,779126.0,1.144247,1.933844,ESP,GBR,5505
2093562,73,81,1281,1995,0.0,438236.0,-1.3387120000000001,-1.123621,ETH,GBR,5505
2093563,74,81,1281,1995,93708.0,1302.0,2.0085740000000003,1.126816,FIN,GBR,5505
2093564,77,81,1281,1995,381693.0,286501.0,1.768484,0.765537,FRA,GBR,5505
2093565,90,81,1281,1995,28324.0,0.0,0.17369,0.885756,GRC,GBR,5505
2093566,93,81,1281,1995,0.0,11094.0,-0.241468,0.170932,GTM,GBR,5505
2093567,97,81,1281,1995,63248.0,65249.0,0.5244449999999999,2.682738,HKG,GBR,5505
2093568,102,81,1281,1995,4161.0,0.0,0.878711,1.8200060000000002,HUN,GBR,5505
2093569,103,81,1281,1995,2063068.0,0.0,-0.391727,1.174727,IDN,GBR,5505
2093570,104,81,1281,1995,109264.0,1405408.0,0.156183,1.9617380000000002,IND,GBR,5505
2093571,106,81,1281,1995,1015281.0,2129927.0,1.349192,0.992099,IRL,GBR,5505
2093572,109,81,1281,1995,0.0,4225.0,0.161331,-0.45210100000000003,ISL,GBR,5505
2093573,110,81,1281,1995,161880.0,330873.0,1.205368,1.189434,ISR,GBR,5505
2093574,111,81,1281,1995,555397.0,1621890.0,1.503379,1.449094,ITA,GBR,5505
2093575,113,81,1281,1995,0.0,4763.0,0.666542,0.326785,JOR,GBR,5505
2093576,114,81,1281,1995,87456.0,26145.0,2.56822,0.927307,JPN,GBR,5505
2093577,116,81,1281,1995,0.0,689318.0,-0.303773,0.111305,KEN,GBR,5505
2093578,121,81,1281,1995,503051.0,32243.0,0.845175,1.2761799999999999,KOR,GBR,5505
2093579,124,81,1281,1995,0.0,43033.0,0.027416000000000003,0.327795,LBN,GBR,5505
2093580,133,81,1281,1995,0.0,36132.0,-0.149794,-0.26961799999999997,MAC,GBR,5505
2093581,134,81,1281,1995,1501.0,2006862.0,-0.6481210000000001,-0.22345,MAR,GBR,5505
2093582,138,81,1281,1995,61049.0,0.0,0.6414300000000001,0.9697520000000001,MEX,GBR,5505
2093583,142,81,1281,1995,65477.0,19253.0,0.842519,0.11882899999999999,MLT,GBR,5505
2093584,151,81,1281,1995,318097.0,42309.0,-0.432644,-0.574298,MUS,GBR,5505
2093585,152,81,1281,1995,0.0,69019.0,-1.1277709999999999,-1.0603049999999998,MWI,GBR,5505
2093586,153,81,1281,1995,0.0,21347.0,0.357745,0.374284,MYS,GBR,5505
2093587,159,81,1281,1995,46826.0,188493.0,-2.108206,-1.2017520000000002,NGA,GBR,5505
2093588,162,81,1281,1995,1752470.0,667145.0,1.304391,1.8819119999999998,NLD,GBR,5505
2093589,163,81,1281,1995,0.0,23479.0,1.019741,0.394241,NOR,GBR,5505
2093590,166,81,1281,1995,0.0,118008.0,0.5558270000000001,0.773271,NZL,GBR,5505
2093591,168,81,1281,1995,0.0,644875.0,-0.707965,-0.324784,PAK,GBR,5505
2093592,169,81,1281,1995,0.0,10469.0,-0.019815,0.050906,PAN,GBR,5505
2093593,173,81,1281,1995,0.0,129277.0,-0.263859,-0.21032800000000001,PER,GBR,5505
2093594,177,81,1281,1995,13891.0,0.0,0.76393,1.802648,POL,GBR,5505
2093595,179,81,1281,1995,0.0,274241.0,0.412677,1.254009,PRT,GBR,5505
2093596,186,81,1281,1995,0.0,4157.0,0.364437,0.171494,RUS,GBR,5505
2093597,188,81,1281,1995,0.0,34674.0,0.401573,-0.6676529999999999,SAU,GBR,5505
2093598,192,81,1281,1995,982.0,0.0,0.747684,0.4745,SGP,GBR,5505
2093599,212,81,1281,1995,7059.0,0.0,-0.8829469999999999,-0.809407,SYR,GBR,5505
2093600,216,81,1281,1995,37394.0,49411.0,0.174522,1.608058,THA,GBR,5505
2093601,223,81,1281,1995,0.0,72876.0,-0.253792,-0.044331,TUN,GBR,5505
2093602,224,81,1281,1995,23595.0,202909.0,0.166794,1.209066,TUR,GBR,5505
2093603,227,81,1281,1995,0.0,27299.0,-1.053037,-1.001752,UGA,GBR,5505
2093604,231,81,1281,1995,5835244.0,500351.0,1.771648,1.184,USA,GBR,5505
2093605,246,81,1281,1995,20897.0,2215297.0,0.468112,1.039817,ZAF,GBR,5505
2093606,247,81,1281,1995,0.0,143199.0,-0.214763,-0.721675,ZMB,GBR,5505
2093607,248,81,1281,1995,0.0,670645.0,-0.054752999999999996,0.326737,ZWE,GBR,5505
2093608,249,81,1281,1995,448353.0,20308.0,1.345205,1.9337389999999999,TWN,GBR,5505
2093609,81,93,1281,1995,11094.0,0.0,1.8656979999999999,1.107121,GBR,GTM,5505
2093610,99,93,1281,1995,15923.0,0.0,-0.765536,-0.668834,HND,GTM,5505
2093611,231,93,1281,1995,1042374.0,0.0,1.771648,1.184,USA,GTM,5505
2093612,8,97,1281,1995,190518.0,0.0,0.245885,0.5489850000000001,ARG,HKG,5505
2093613,14,97,1281,1995,9813.0,0.0,0.44442,0.789292,AUS,HKG,5505
2093614,15,97,1281,1995,19089.0,0.0,2.000295,0.661255,AUT,HKG,5505
2093615,18,97,1281,1995,0.0,16963.0,1.615588,1.394102,BEL,HKG,5505
2093616,22,97,1281,1995,3987.0,50636.0,-1.037175,-0.983195,BGD,HKG,5505
2093617,43,97,1281,1995,93213.0,231674.0,0.387897,3.2147919999999996,CHN,HKG,5505
2093618,61,97,1281,1995,3791.0,980.0,2.325385,-2.2238189999999998,DEU,HKG,5505
2093619,68,97,1281,1995,22265.0,0.0,-0.340042,-0.085601,EGY,HKG,5505
2093620,77,97,1281,1995,2166.0,0.0,1.768484,0.765537,FRA,HKG,5505
2093621,81,97,1281,1995,65249.0,63248.0,1.8656979999999999,1.107121,GBR,HKG,5505
2093622,103,97,1281,1995,179552.0,0.0,-0.391727,1.174727,IDN,HKG,5505
2093623,104,97,1281,1995,17383.0,0.0,0.156183,1.9617380000000002,IND,HKG,5505
2093624,111,97,1281,1995,2176.0,0.0,1.503379,1.449094,ITA,HKG,5505
2093625,114,97,1281,1995,1488523.0,0.0,2.56822,0.927307,JPN,HKG,5505
2093626,121,97,1281,1995,135601.0,0.0,0.845175,1.2761799999999999,KOR,HKG,5505
2093627,133,97,1281,1995,0.0,1788.0,-0.149794,-0.26961799999999997,MAC,HKG,5505
2093628,153,97,1281,1995,1510369.0,13658.0,0.357745,0.374284,MYS,HKG,5505
2093629,162,97,1281,1995,71570.0,26753.0,1.304391,1.8819119999999998,NLD,HKG,5505
2093630,168,97,1281,1995,507155.0,0.0,-0.707965,-0.324784,PAK,HKG,5505
2093631,192,97,1281,1995,1569.0,0.0,0.747684,0.4745,SGP,HKG,5505
2093632,216,97,1281,1995,252865.0,0.0,0.174522,1.608058,THA,HKG,5505
2093633,231,97,1281,1995,6794800.0,0.0,1.771648,1.184,USA,HKG,5505
2093634,246,97,1281,1995,47782.0,0.0,0.468112,1.039817,ZAF,HKG,5505
2093635,249,97,1281,1995,906646.0,0.0,1.345205,1.9337389999999999,TWN,HKG,5505
2093636,32,99,1281,1995,44738.0,0.0,0.687171,1.188647,BRA,HND,5505
2093637,93,99,1281,1995,0.0,15923.0,-0.241468,0.170932,GTM,HND,5505
2093638,197,99,1281,1995,0.0,6807.0,-0.17119600000000001,0.027889999999999998,SLV,HND,5505
2093639,231,99,1281,1995,1271935.0,0.0,1.771648,1.184,USA,HND,5505
2093640,15,106,1281,1995,4052.0,0.0,2.000295,0.661255,AUT,IRL,5505
2093641,18,106,1281,1995,79083.0,0.0,1.615588,1.394102,BEL,IRL,5505
2093642,41,106,1281,1995,394005.0,0.0,2.1893029999999998,0.82765,CHE,IRL,5505
2093643,49,106,1281,1995,0.0,53277.0,0.094335,0.13047999999999998,COL,IRL,5505
2093644,59,106,1281,1995,0.0,10545.0,1.375091,1.628069,CZE,IRL,5505
2093645,61,106,1281,1995,4387116.0,2053.0,2.325385,-2.2238189999999998,DEU,IRL,5505
2093646,66,106,1281,1995,0.0,343731.0,-0.555409,-1.037972,DZA,IRL,5505
2093647,68,106,1281,1995,126758.0,0.0,-0.340042,-0.085601,EGY,IRL,5505
2093648,71,106,1281,1995,423643.0,0.0,1.144247,1.933844,ESP,IRL,5505
2093649,77,106,1281,1995,207822.0,2790.0,1.768484,0.765537,FRA,IRL,5505
2093650,81,106,1281,1995,2129927.0,1015281.0,1.8656979999999999,1.107121,GBR,IRL,5505
2093651,90,106,1281,1995,8149.0,0.0,0.17369,0.885756,GRC,IRL,5505
2093652,103,106,1281,1995,264006.0,0.0,-0.391727,1.174727,IDN,IRL,5505
2093653,104,106,1281,1995,59743.0,0.0,0.156183,1.9617380000000002,IND,IRL,5505
2093654,107,106,1281,1995,600543.0,0.0,-0.821991,-1.071013,IRN,IRL,5505
2093655,111,106,1281,1995,100972.0,0.0,1.503379,1.449094,ITA,IRL,5505
2093656,134,106,1281,1995,137298.0,0.0,-0.6481210000000001,-0.22345,MAR,IRL,5505
2093657,138,106,1281,1995,207068.0,0.0,0.6414300000000001,0.9697520000000001,MEX,IRL,5505
2093658,153,106,1281,1995,41658.0,0.0,0.357745,0.374284,MYS,IRL,5505
2093659,162,106,1281,1995,976768.0,15831.0,1.304391,1.8819119999999998,NLD,IRL,5505
2093660,168,106,1281,1995,160035.0,0.0,-0.707965,-0.324784,PAK,IRL,5505
2093661,177,106,1281,1995,493859.0,0.0,0.76393,1.802648,POL,IRL,5505
2093662,179,106,1281,1995,176358.0,0.0,0.412677,1.254009,PRT,IRL,5505
2093663,185,106,1281,1995,132835.0,0.0,0.621468,1.038729,ROU,IRL,5505
2093664,216,106,1281,1995,60770.0,0.0,0.174522,1.608058,THA,IRL,5505
2093665,224,106,1281,1995,568904.0,0.0,0.166794,1.209066,TUR,IRL,5505
2093666,231,106,1281,1995,188880.0,0.0,1.771648,1.184,USA,IRL,5505
2093667,236,106,1281,1995,217916.0,0.0,0.299294,-0.635474,VEN,IRL,5505
2093668,237,106,1281,1995,16257.0,0.0,0.799784,-0.287329,VGB,IRL,5505
2093669,246,106,1281,1995,39056.0,0.0,0.468112,1.039817,ZAF,IRL,5505
2093670,249,106,1281,1995,309455.0,0.0,1.345205,1.9337389999999999,TWN,IRL,5505
2093671,18,110,1281,1995,17293.0,0.0,1.615588,1.394102,BEL,ISR,5505
2093672,61,110,1281,1995,179489.0,131514.0,2.325385,-2.2238189999999998,DEU,ISR,5505
2093673,71,110,1281,1995,980.0,0.0,1.144247,1.933844,ESP,ISR,5505
2093674,77,110,1281,1995,0.0,64068.0,1.768484,0.765537,FRA,ISR,5505
2093675,81,110,1281,1995,330873.0,161880.0,1.8656979999999999,1.107121,GBR,ISR,5505
2093676,111,110,1281,1995,0.0,12550.0,1.503379,1.449094,ITA,ISR,5505
2093677,162,110,1281,1995,30083.0,0.0,1.304391,1.8819119999999998,NLD,ISR,5505
2093678,185,110,1281,1995,0.0,15970.0,0.621468,1.038729,ROU,ISR,5505
2093679,231,110,1281,1995,711934.0,224722.0,1.771648,1.184,USA,ISR,5505
2093680,250,110,1281,1995,23598.0,0.0,1.034518,0.9735149999999999,ANS,ISR,5505
2093681,14,111,1281,1995,81195.0,0.0,0.44442,0.789292,AUS,ITA,5505
2093682,15,111,1281,1995,1105085.0,40048.0,2.000295,0.661255,AUT,ITA,5505
2093683,18,111,1281,1995,6892248.0,72994.0,1.615588,1.394102,BEL,ITA,5505
2093684,22,111,1281,1995,133021.0,0.0,-1.037175,-0.983195,BGD,ITA,5505
2093685,28,111,1281,1995,117572.0,0.0,0.5290279999999999,0.27031700000000003,BLR,ITA,5505
2093686,32,111,1281,1995,0.0,47839.0,0.687171,1.188647,BRA,ITA,5505
2093687,39,111,1281,1995,187889.0,24661.0,1.077804,1.0724200000000002,CAN,ITA,5505
2093688,41,111,1281,1995,1244115.0,89689.0,2.1893029999999998,0.82765,CHE,ITA,5505
2093689,42,111,1281,1995,0.0,20167.0,-0.073436,-0.192675,CHL,ITA,5505
2093690,43,111,1281,1995,28581.0,0.0,0.387897,3.2147919999999996,CHN,ITA,5505
2093691,58,111,1281,1995,8937.0,25480.0,0.263764,0.030358999999999997,CYP,ITA,5505
2093692,59,111,1281,1995,395602.0,0.0,1.375091,1.628069,CZE,ITA,5505
2093693,61,111,1281,1995,16991188.0,899531.0,2.325385,-2.2238189999999998,DEU,ITA,5505
2093694,64,111,1281,1995,35987.0,0.0,1.3800270000000001,1.489036,DNK,ITA,5505
2093695,68,111,1281,1995,46991.0,10653.0,-0.340042,-0.085601,EGY,ITA,5505
2093696,71,111,1281,1995,32313.0,175132.0,1.144247,1.933844,ESP,ITA,5505
2093697,73,111,1281,1995,0.0,37224.0,-1.3387120000000001,-1.123621,ETH,ITA,5505
2093698,74,111,1281,1995,12696.0,0.0,2.0085740000000003,1.126816,FIN,ITA,5505
2093699,77,111,1281,1995,1947566.0,130357.0,1.768484,0.765537,FRA,ITA,5505
2093700,81,111,1281,1995,1621890.0,555397.0,1.8656979999999999,1.107121,GBR,ITA,5505
2093701,90,111,1281,1995,522215.0,25107.0,0.17369,0.885756,GRC,ITA,5505
2093702,97,111,1281,1995,0.0,2176.0,0.5244449999999999,2.682738,HKG,ITA,5505
2093703,100,111,1281,1995,44405.0,116449.0,0.75325,1.395715,HRV,ITA,5505
2093704,102,111,1281,1995,2363.0,8987.0,0.878711,1.8200060000000002,HUN,ITA,5505
2093705,103,111,1281,1995,8439.0,17229.0,-0.391727,1.174727,IDN,ITA,5505
2093706,104,111,1281,1995,520163.0,61953.0,0.156183,1.9617380000000002,IND,ITA,5505
2093707,106,111,1281,1995,0.0,100972.0,1.349192,0.992099,IRL,ITA,5505
2093708,110,111,1281,1995,12550.0,0.0,1.205368,1.189434,ISR,ITA,5505
2093709,114,111,1281,1995,10700.0,0.0,2.56822,0.927307,JPN,ITA,5505
2093710,116,111,1281,1995,0.0,2337074.0,-0.303773,0.111305,KEN,ITA,5505
2093711,121,111,1281,1995,63880.0,0.0,0.845175,1.2761799999999999,KOR,ITA,5505
2093712,124,111,1281,1995,0.0,1342.0,0.027416000000000003,0.327795,LBN,ITA,5505
2093713,130,111,1281,1995,18424.0,0.0,0.41220500000000004,0.966966,LTU,ITA,5505
2093714,132,111,1281,1995,57133.0,0.0,0.25453400000000004,0.174809,LVA,ITA,5505
2093715,134,111,1281,1995,0.0,124957.0,-0.6481210000000001,-0.22345,MAR,ITA,5505
2093716,138,111,1281,1995,546717.0,0.0,0.6414300000000001,0.9697520000000001,MEX,ITA,5505
2093717,140,111,1281,1995,469766.0,63316.0,0.34174,0.648467,MKD,ITA,5505
2093718,142,111,1281,1995,221035.0,11504.0,0.842519,0.11882899999999999,MLT,ITA,5505
2093719,152,111,1281,1995,0.0,30348.0,-1.1277709999999999,-1.0603049999999998,MWI,ITA,5505
2093720,159,111,1281,1995,0.0,85059.0,-2.108206,-1.2017520000000002,NGA,ITA,5505
2093721,162,111,1281,1995,1593112.0,84182.0,1.304391,1.8819119999999998,NLD,ITA,5505
2093722,168,111,1281,1995,30269.0,0.0,-0.707965,-0.324784,PAK,ITA,5505
2093723,173,111,1281,1995,0.0,265895.0,-0.263859,-0.21032800000000001,PER,ITA,5505
2093724,177,111,1281,1995,982572.0,64793.0,0.76393,1.802648,POL,ITA,5505
2093725,184,111,1281,1995,0.0,9687.0,0.728825,-0.178569,REU,ITA,5505
2093726,185,111,1281,1995,483787.0,12194.0,0.621468,1.038729,ROU,ITA,5505
2093727,186,111,1281,1995,147080.0,45256.0,0.364437,0.171494,RUS,ITA,5505
2093728,206,111,1281,1995,39478.0,2723.0,1.2249780000000001,1.405585,SVK,ITA,5505
2093729,207,111,1281,1995,611710.0,17950.0,1.424606,1.490521,SVN,ITA,5505
2093730,212,111,1281,1995,0.0,18254.0,-0.8829469999999999,-0.809407,SYR,ITA,5505
2093731,216,111,1281,1995,24083.0,0.0,0.174522,1.608058,THA,ITA,5505
2093732,223,111,1281,1995,12613.0,6897.0,-0.253792,-0.044331,TUN,ITA,5505
2093733,224,111,1281,1995,343938.0,80615.0,0.166794,1.209066,TUR,ITA,5505
2093734,231,111,1281,1995,14886891.0,12768.0,1.771648,1.184,USA,ITA,5505
2093735,246,111,1281,1995,5661.0,53398.0,0.468112,1.039817,ZAF,ITA,5505
2093736,248,111,1281,1995,0.0,160399.0,-0.054752999999999996,0.326737,ZWE,ITA,5505
2093737,15,121,1281,1995,0.0,1804.0,2.000295,0.661255,AUT,KOR,5505
2093738,18,121,1281,1995,0.0,102751.0,1.615588,1.394102,BEL,KOR,5505
2093739,22,121,1281,1995,38525.0,4625.0,-1.037175,-0.983195,BGD,KOR,5505
2093740,32,121,1281,1995,0.0,7874.0,0.687171,1.188647,BRA,KOR,5505
2093741,39,121,1281,1995,0.0,884920.0,1.077804,1.0724200000000002,CAN,KOR,5505
2093742,42,121,1281,1995,0.0,26525.0,-0.073436,-0.192675,CHL,KOR,5505
2093743,43,121,1281,1995,0.0,342539.0,0.387897,3.2147919999999996,CHN,KOR,5505
2093744,61,121,1281,1995,0.0,156507.0,2.325385,-2.2238189999999998,DEU,KOR,5505
2093745,68,121,1281,1995,47958.0,0.0,-0.340042,-0.085601,EGY,KOR,5505
2093746,71,121,1281,1995,6578.0,16048.0,1.144247,1.933844,ESP,KOR,5505
2093747,77,121,1281,1995,0.0,156349.0,1.768484,0.765537,FRA,KOR,5505
2093748,81,121,1281,1995,32243.0,503051.0,1.8656979999999999,1.107121,GBR,KOR,5505
2093749,90,121,1281,1995,52404.0,33280.0,0.17369,0.885756,GRC,KOR,5505
2093750,97,121,1281,1995,0.0,135601.0,0.5244449999999999,2.682738,HKG,KOR,5505
2093751,103,121,1281,1995,106277.0,0.0,-0.391727,1.174727,IDN,KOR,5505
2093752,104,121,1281,1995,0.0,1793893.0,0.156183,1.9617380000000002,IND,KOR,5505
2093753,111,121,1281,1995,0.0,63880.0,1.503379,1.449094,ITA,KOR,5505
2093754,114,121,1281,1995,223508.0,191007.0,2.56822,0.927307,JPN,KOR,5505
2093755,128,121,1281,1995,149874.0,0.0,-0.8358030000000001,-0.29397199999999996,LKA,KOR,5505
2093756,138,121,1281,1995,40625.0,0.0,0.6414300000000001,0.9697520000000001,MEX,KOR,5505
2093757,151,121,1281,1995,0.0,17768.0,-0.432644,-0.574298,MUS,KOR,5505
2093758,162,121,1281,1995,87543.0,0.0,1.304391,1.8819119999999998,NLD,KOR,5505
2093759,168,121,1281,1995,120906.0,0.0,-0.707965,-0.324784,PAK,KOR,5505
2093760,174,121,1281,1995,0.0,69237.0,-0.480548,0.076564,PHL,KOR,5505
2093761,188,121,1281,1995,0.0,10651.0,0.401573,-0.6676529999999999,SAU,KOR,5505
2093762,216,121,1281,1995,40122.0,0.0,0.174522,1.608058,THA,KOR,5505
2093763,224,121,1281,1995,0.0,6898.0,0.166794,1.209066,TUR,KOR,5505
2093764,231,121,1281,1995,473290.0,2059215.0,1.771648,1.184,USA,KOR,5505
2093765,246,121,1281,1995,24369.0,353966.0,0.468112,1.039817,ZAF,KOR,5505
2093766,249,121,1281,1995,84804.0,107514.0,1.345205,1.9337389999999999,TWN,KOR,5505
2093767,39,138,1281,1995,0.0,73280.0,1.077804,1.0724200000000002,CAN,MEX,5505
2093768,42,138,1281,1995,0.0,10207.0,-0.073436,-0.192675,CHL,MEX,5505
2093769,49,138,1281,1995,0.0,96529.0,0.094335,0.13047999999999998,COL,MEX,5505
2093770,57,138,1281,1995,0.0,315537.0,1.277032,0.064205,CYM,MEX,5505
2093771,61,138,1281,1995,0.0,239539.0,2.325385,-2.2238189999999998,DEU,MEX,5505
2093772,71,138,1281,1995,9033.0,449759.0,1.144247,1.933844,ESP,MEX,5505
2093773,81,138,1281,1995,0.0,61049.0,1.8656979999999999,1.107121,GBR,MEX,5505
2093774,104,138,1281,1995,0.0,24137.0,0.156183,1.9617380000000002,IND,MEX,5505
2093775,106,138,1281,1995,0.0,207068.0,1.349192,0.992099,IRL,MEX,5505
2093776,111,138,1281,1995,0.0,546717.0,1.503379,1.449094,ITA,MEX,5505
2093777,121,138,1281,1995,0.0,40625.0,0.845175,1.2761799999999999,KOR,MEX,5505
2093778,162,138,1281,1995,0.0,12667.0,1.304391,1.8819119999999998,NLD,MEX,5505
2093779,173,138,1281,1995,0.0,88274.0,-0.263859,-0.21032800000000001,PER,MEX,5505
2093780,197,138,1281,1995,0.0,866.0,-0.17119600000000001,0.027889999999999998,SLV,MEX,5505
2093781,231,138,1281,1995,3341412.0,3823805.0,1.771648,1.184,USA,MEX,5505
2093782,237,138,1281,1995,0.0,138000.0,0.799784,-0.287329,VGB,MEX,5505
2093783,246,138,1281,1995,0.0,30334.0,0.468112,1.039817,ZAF,MEX,5505
2093784,43,153,1281,1995,0.0,3240.0,0.387897,3.2147919999999996,CHN,MYS,5505
2093785,61,153,1281,1995,0.0,17480.0,2.325385,-2.2238189999999998,DEU,MYS,5505
2093786,81,153,1281,1995,21347.0,0.0,1.8656979999999999,1.107121,GBR,MYS,5505
2093787,97,153,1281,1995,13658.0,1510369.0,0.5244449999999999,2.682738,HKG,MYS,5505
2093788,103,153,1281,1995,3798.0,0.0,-0.391727,1.174727,IDN,MYS,5505
2093789,104,153,1281,1995,13831.0,89053.0,0.156183,1.9617380000000002,IND,MYS,5505
2093790,106,153,1281,1995,0.0,41658.0,1.349192,0.992099,IRL,MYS,5505
2093791,113,153,1281,1995,0.0,23032.0,0.666542,0.326785,JOR,MYS,5505
2093792,114,153,1281,1995,0.0,40879.0,2.56822,0.927307,JPN,MYS,5505
2093793,168,153,1281,1995,219860.0,0.0,-0.707965,-0.324784,PAK,MYS,5505
2093794,192,153,1281,1995,36972.0,54998.0,0.747684,0.4745,SGP,MYS,5505
2093795,216,153,1281,1995,167032.0,106095.0,0.174522,1.608058,THA,MYS,5505
2093796,224,153,1281,1995,3025.0,0.0,0.166794,1.209066,TUR,MYS,5505
2093797,249,153,1281,1995,89836.0,22844.0,1.345205,1.9337389999999999,TWN,MYS,5505
2093798,15,162,1281,1995,79427.0,0.0,2.000295,0.661255,AUT,NLD,5505
2093799,18,162,1281,1995,4295507.0,554400.0,1.615588,1.394102,BEL,NLD,5505
2093800,28,162,1281,1995,185734.0,0.0,0.5290279999999999,0.27031700000000003,BLR,NLD,5505
2093801,39,162,1281,1995,7190.0,0.0,1.077804,1.0724200000000002,CAN,NLD,5505
2093802,41,162,1281,1995,23172.0,29583.0,2.1893029999999998,0.82765,CHE,NLD,5505
2093803,43,162,1281,1995,0.0,66136.0,0.387897,3.2147919999999996,CHN,NLD,5505
2093804,59,162,1281,1995,13752.0,31333.0,1.375091,1.628069,CZE,NLD,5505
2093805,61,162,1281,1995,6898627.0,6013174.0,2.325385,-2.2238189999999998,DEU,NLD,5505
2093806,64,162,1281,1995,102515.0,29694.0,1.3800270000000001,1.489036,DNK,NLD,5505
2093807,68,162,1281,1995,103129.0,33438.0,-0.340042,-0.085601,EGY,NLD,5505
2093808,71,162,1281,1995,0.0,205123.0,1.144247,1.933844,ESP,NLD,5505
2093809,72,162,1281,1995,1193.0,0.0,0.530041,1.134288,EST,NLD,5505
2093810,74,162,1281,1995,78688.0,0.0,2.0085740000000003,1.126816,FIN,NLD,5505
2093811,77,162,1281,1995,653342.0,440042.0,1.768484,0.765537,FRA,NLD,5505
2093812,81,162,1281,1995,667145.0,1752470.0,1.8656979999999999,1.107121,GBR,NLD,5505
2093813,90,162,1281,1995,8467.0,20354.0,0.17369,0.885756,GRC,NLD,5505
2093814,97,162,1281,1995,26753.0,71570.0,0.5244449999999999,2.682738,HKG,NLD,5505
2093815,100,162,1281,1995,0.0,62577.0,0.75325,1.395715,HRV,NLD,5505
2093816,102,162,1281,1995,2107.0,3129.0,0.878711,1.8200060000000002,HUN,NLD,5505
2093817,103,162,1281,1995,93247.0,0.0,-0.391727,1.174727,IDN,NLD,5505
2093818,104,162,1281,1995,137948.0,13363.0,0.156183,1.9617380000000002,IND,NLD,5505
2093819,106,162,1281,1995,15831.0,976768.0,1.349192,0.992099,IRL,NLD,5505
2093820,110,162,1281,1995,0.0,30083.0,1.205368,1.189434,ISR,NLD,5505
2093821,111,162,1281,1995,84182.0,1593112.0,1.503379,1.449094,ITA,NLD,5505
2093822,114,162,1281,1995,12103.0,0.0,2.56822,0.927307,JPN,NLD,5505
2093823,121,162,1281,1995,0.0,87543.0,0.845175,1.2761799999999999,KOR,NLD,5505
2093824,130,162,1281,1995,11141.0,0.0,0.41220500000000004,0.966966,LTU,NLD,5505
2093825,132,162,1281,1995,145048.0,0.0,0.25453400000000004,0.174809,LVA,NLD,5505
2093826,134,162,1281,1995,0.0,107362.0,-0.6481210000000001,-0.22345,MAR,NLD,5505
2093827,136,162,1281,1995,0.0,33645.0,-1.178074,-0.6167,MDG,NLD,5505
2093828,138,162,1281,1995,12667.0,0.0,0.6414300000000001,0.9697520000000001,MEX,NLD,5505
2093829,159,162,1281,1995,0.0,108409.0,-2.108206,-1.2017520000000002,NGA,NLD,5505
2093830,163,162,1281,1995,0.0,6815.0,1.019741,0.394241,NOR,NLD,5505
2093831,177,162,1281,1995,152461.0,16263.0,0.76393,1.802648,POL,NLD,5505
2093832,178,162,1281,1995,0.0,9357.0,0.46509799999999996,0.645496,PRK,NLD,5505
2093833,185,162,1281,1995,3596.0,4795.0,0.621468,1.038729,ROU,NLD,5505
2093834,186,162,1281,1995,128724.0,0.0,0.364437,0.171494,RUS,NLD,5505
2093835,192,162,1281,1995,0.0,84356.0,0.747684,0.4745,SGP,NLD,5505
2093836,206,162,1281,1995,175151.0,0.0,1.2249780000000001,1.405585,SVK,NLD,5505
2093837,207,162,1281,1995,99968.0,1626.0,1.424606,1.490521,SVN,NLD,5505
2093838,224,162,1281,1995,126641.0,99156.0,0.166794,1.209066,TUR,NLD,5505
2093839,228,162,1281,1995,74141.0,0.0,0.428875,0.20489899999999997,UKR,NLD,5505
2093840,231,162,1281,1995,1230179.0,178373.0,1.771648,1.184,USA,NLD,5505
2093841,246,162,1281,1995,42149.0,292546.0,0.468112,1.039817,ZAF,NLD,5505
2093842,61,163,1281,1995,1003.0,0.0,2.325385,-2.2238189999999998,DEU,NOR,5505
2093843,64,163,1281,1995,24476.0,10892.0,1.3800270000000001,1.489036,DNK,NOR,5505
2093844,74,163,1281,1995,0.0,1658.0,2.0085740000000003,1.126816,FIN,NOR,5505
2093845,81,163,1281,1995,23479.0,0.0,1.8656979999999999,1.107121,GBR,NOR,5505
2093846,130,163,1281,1995,0.0,32196.0,0.41220500000000004,0.966966,LTU,NOR,5505
2093847,162,163,1281,1995,6815.0,0.0,1.304391,1.8819119999999998,NLD,NOR,5505
2093848,208,163,1281,1995,12463.0,0.0,2.246997,1.060171,SWE,NOR,5505
2093849,231,163,1281,1995,5475.0,0.0,1.771648,1.184,USA,NOR,5505
2093850,81,169,1281,1995,10469.0,0.0,1.8656979999999999,1.107121,GBR,PAN,5505
2093851,103,169,1281,1995,15532.0,0.0,-0.391727,1.174727,IDN,PAN,5505
2093852,197,169,1281,1995,0.0,10155.0,-0.17119600000000001,0.027889999999999998,SLV,PAN,5505
2093853,231,169,1281,1995,501345.0,0.0,1.771648,1.184,USA,PAN,5505
2093854,250,169,1281,1995,2403.0,0.0,1.034518,0.9735149999999999,ANS,PAN,5505
2093855,31,173,1281,1995,0.0,6029.0,-0.440583,-0.688389,BOL,PER,5505
2093856,32,173,1281,1995,2045.0,0.0,0.687171,1.188647,BRA,PER,5505
2093857,42,173,1281,1995,2151.0,0.0,-0.073436,-0.192675,CHL,PER,5505
2093858,81,173,1281,1995,129277.0,0.0,1.8656979999999999,1.107121,GBR,PER,5505
2093859,111,173,1281,1995,265895.0,0.0,1.503379,1.449094,ITA,PER,5505
2093860,138,173,1281,1995,88274.0,0.0,0.6414300000000001,0.9697520000000001,MEX,PER,5505
2093861,231,173,1281,1995,438111.0,0.0,1.771648,1.184,USA,PER,5505
2093862,18,177,1281,1995,30249.0,74702.0,1.615588,1.394102,BEL,POL,5505
2093863,28,177,1281,1995,476129.0,0.0,0.5290279999999999,0.27031700000000003,BLR,POL,5505
2093864,41,177,1281,1995,0.0,25468.0,2.1893029999999998,0.82765,CHE,POL,5505
2093865,59,177,1281,1995,2857.0,3582.0,1.375091,1.628069,CZE,POL,5505
2093866,61,177,1281,1995,85949.0,672357.0,2.325385,-2.2238189999999998,DEU,POL,5505
2093867,74,177,1281,1995,230482.0,0.0,2.0085740000000003,1.126816,FIN,POL,5505
2093868,77,177,1281,1995,0.0,11001.0,1.768484,0.765537,FRA,POL,5505
2093869,81,177,1281,1995,0.0,13891.0,1.8656979999999999,1.107121,GBR,POL,5505
2093870,106,177,1281,1995,0.0,493859.0,1.349192,0.992099,IRL,POL,5505
2093871,111,177,1281,1995,64793.0,982572.0,1.503379,1.449094,ITA,POL,5505
2093872,130,177,1281,1995,103617.0,27686.0,0.41220500000000004,0.966966,LTU,POL,5505
2093873,162,177,1281,1995,16263.0,152461.0,1.304391,1.8819119999999998,NLD,POL,5505
2093874,231,177,1281,1995,81737.0,0.0,1.771648,1.184,USA,POL,5505
2093875,250,177,1281,1995,52758.0,42046.0,1.034518,0.9735149999999999,ANS,POL,5505
2093876,18,179,1281,1995,659094.0,143778.0,1.615588,1.394102,BEL,PRT,5505
2093877,41,179,1281,1995,0.0,2870.0,2.1893029999999998,0.82765,CHE,PRT,5505
2093878,52,179,1281,1995,0.0,4917.0,-0.30094699999999996,-0.046285,CRI,PRT,5505
2093879,61,179,1281,1995,69460.0,0.0,2.325385,-2.2238189999999998,DEU,PRT,5505
2093880,71,179,1281,1995,212681.0,117496.0,1.144247,1.933844,ESP,PRT,5505
2093881,74,179,1281,1995,96998.0,0.0,2.0085740000000003,1.126816,FIN,PRT,5505
2093882,77,179,1281,1995,59786.0,0.0,1.768484,0.765537,FRA,PRT,5505
2093883,81,179,1281,1995,274241.0,0.0,1.8656979999999999,1.107121,GBR,PRT,5505
2093884,104,179,1281,1995,0.0,14518.0,0.156183,1.9617380000000002,IND,PRT,5505
2093885,106,179,1281,1995,0.0,176358.0,1.349192,0.992099,IRL,PRT,5505
2093886,134,179,1281,1995,0.0,12862.0,-0.6481210000000001,-0.22345,MAR,PRT,5505
2093887,231,179,1281,1995,478779.0,0.0,1.771648,1.184,USA,PRT,5505
2093888,231,205,1281,1995,28057.0,0.0,1.771648,1.184,USA,SUR,5505
2093889,43,216,1281,1995,0.0,37788.0,0.387897,3.2147919999999996,CHN,THA,5505
2093890,61,216,1281,1995,15494.0,50076.0,2.325385,-2.2238189999999998,DEU,THA,5505
2093891,81,216,1281,1995,49411.0,37394.0,1.8656979999999999,1.107121,GBR,THA,5505
2093892,97,216,1281,1995,0.0,252865.0,0.5244449999999999,2.682738,HKG,THA,5505
2093893,103,216,1281,1995,49419.0,0.0,-0.391727,1.174727,IDN,THA,5505
2093894,104,216,1281,1995,0.0,168124.0,0.156183,1.9617380000000002,IND,THA,5505
2093895,106,216,1281,1995,0.0,60770.0,1.349192,0.992099,IRL,THA,5505
2093896,111,216,1281,1995,0.0,24083.0,1.503379,1.449094,ITA,THA,5505
2093897,114,216,1281,1995,140604.0,1441.0,2.56822,0.927307,JPN,THA,5505
2093898,118,216,1281,1995,0.0,44161.0,-1.275951,-1.144633,KHM,THA,5505
2093899,121,216,1281,1995,0.0,40122.0,0.845175,1.2761799999999999,KOR,THA,5505
2093900,128,216,1281,1995,0.0,89227.0,-0.8358030000000001,-0.29397199999999996,LKA,THA,5505
2093901,153,216,1281,1995,106095.0,167032.0,0.357745,0.374284,MYS,THA,5505
2093902,168,216,1281,1995,78133.0,0.0,-0.707965,-0.324784,PAK,THA,5505
2093903,174,216,1281,1995,0.0,16959.0,-0.480548,0.076564,PHL,THA,5505
2093904,192,216,1281,1995,0.0,113918.0,0.747684,0.4745,SGP,THA,5505
2093905,231,216,1281,1995,13125.0,0.0,1.771648,1.184,USA,THA,5505
2093906,246,216,1281,1995,0.0,167788.0,0.468112,1.039817,ZAF,THA,5505
2093907,249,216,1281,1995,60452.0,1216237.0,1.345205,1.9337389999999999,TWN,THA,5505
2093908,39,222,1281,1995,42867.0,0.0,1.077804,1.0724200000000002,CAN,TTO,5505
2093909,231,222,1281,1995,38664.0,0.0,1.771648,1.184,USA,TTO,5505
2093910,0,231,1281,1995,0.0,39781.0,-0.502999,-0.713013,ABW,USA,5505
2093911,2,231,1281,1995,0.0,26711.0,-2.2342459999999997,-1.1147639999999999,AGO,USA,5505
2093912,6,231,1281,1995,0.0,15848.0,-0.020759,-0.653863,ANT,USA,5505
2093913,7,231,1281,1995,0.0,194915.0,-0.205166,-0.6132380000000001,ARE,USA,5505
2093914,8,231,1281,1995,175488.0,542797.0,0.245885,0.5489850000000001,ARG,USA,5505
2093915,14,231,1281,1995,253144.0,101041.0,0.44442,0.789292,AUS,USA,5505
2093916,15,231,1281,1995,0.0,2969.0,2.000295,0.661255,AUT,USA,5505
2093917,18,231,1281,1995,16052.0,2786656.0,1.615588,1.394102,BEL,USA,5505
2093918,19,231,1281,1995,0.0,262520.0,-1.142708,-0.9045280000000001,BEN,USA,5505
2093919,21,231,1281,1995,0.0,91395.0,-0.695354,-0.902185,BFA,USA,5505
2093920,22,231,1281,1995,0.0,939233.0,-1.037175,-0.983195,BGD,USA,5505
2093921,31,231,1281,1995,0.0,1395086.0,-0.440583,-0.688389,BOL,USA,5505
2093922,32,231,1281,1995,228370.0,1636042.0,0.687171,1.188647,BRA,USA,5505
2093923,38,231,1281,1995,0.0,40456.0,-0.378162,-0.6538010000000001,CAF,USA,5505
2093924,39,231,1281,1995,2523696.0,10732541.0,1.077804,1.0724200000000002,CAN,USA,5505
2093925,41,231,1281,1995,28005.0,173207.0,2.1893029999999998,0.82765,CHE,USA,5505
2093926,42,231,1281,1995,0.0,5137049.0,-0.073436,-0.192675,CHL,USA,5505
2093927,43,231,1281,1995,63080.0,207277.0,0.387897,3.2147919999999996,CHN,USA,5505
2093928,44,231,1281,1995,0.0,249664.0,-0.781656,-0.74293,CIV,USA,5505
2093929,45,231,1281,1995,0.0,51384.0,-1.121716,-0.9758020000000001,CMR,USA,5505
2093930,46,231,1281,1995,0.0,189185.0,-1.4672459999999998,-1.0777139999999998,COD,USA,5505
2093931,49,231,1281,1995,3539.0,402549.0,0.094335,0.13047999999999998,COL,USA,5505
2093932,52,231,1281,1995,15659.0,2190692.0,-0.30094699999999996,-0.046285,CRI,USA,5505
2093933,58,231,1281,1995,0.0,3613.0,0.263764,0.030358999999999997,CYP,USA,5505
2093934,59,231,1281,1995,0.0,1059.0,1.375091,1.628069,CZE,USA,5505
2093935,61,231,1281,1995,270645.0,3591959.0,2.325385,-2.2238189999999998,DEU,USA,5505
2093936,64,231,1281,1995,0.0,105810.0,1.3800270000000001,1.489036,DNK,USA,5505
2093937,65,231,1281,1995,0.0,502714.0,-0.635482,-0.746526,DOM,USA,5505
2093938,67,231,1281,1995,0.0,618927.0,-0.948154,-0.9595790000000001,ECU,USA,5505
2093939,68,231,1281,1995,0.0,193007.0,-0.340042,-0.085601,EGY,USA,5505
2093940,71,231,1281,1995,0.0,2796051.0,1.144247,1.933844,ESP,USA,5505
2093941,74,231,1281,1995,0.0,288800.0,2.0085740000000003,1.126816,FIN,USA,5505
2093942,77,231,1281,1995,26030.0,607728.0,1.768484,0.765537,FRA,USA,5505
2093943,81,231,1281,1995,500351.0,5835244.0,1.8656979999999999,1.107121,GBR,USA,5505
2093944,83,231,1281,1995,0.0,31774.0,-1.247755,-1.070455,GHA,USA,5505
2093945,90,231,1281,1995,0.0,310703.0,0.17369,0.885756,GRC,USA,5505
2093946,93,231,1281,1995,0.0,1042374.0,-0.241468,0.170932,GTM,USA,5505
2093947,96,231,1281,1995,0.0,30147.0,-0.8856,-0.8413700000000001,GUY,USA,5505
2093948,97,231,1281,1995,0.0,6794800.0,0.5244449999999999,2.682738,HKG,USA,5505
2093949,99,231,1281,1995,0.0,1271935.0,-0.765536,-0.668834,HND,USA,5505
2093950,101,231,1281,1995,0.0,176688.0,-0.761827,-0.6020310000000001,HTI,USA,5505
2093951,103,231,1281,1995,308729.0,85129.0,-0.391727,1.174727,IDN,USA,5505
2093952,104,231,1281,1995,24840.0,5742263.0,0.156183,1.9617380000000002,IND,USA,5505
2093953,106,231,1281,1995,0.0,188880.0,1.349192,0.992099,IRL,USA,5505
2093954,107,231,1281,1995,0.0,62680.0,-0.821991,-1.071013,IRN,USA,5505
2093955,110,231,1281,1995,224722.0,711934.0,1.205368,1.189434,ISR,USA,5505
2093956,111,231,1281,1995,12768.0,14886891.0,1.503379,1.449094,ITA,USA,5505
2093957,112,231,1281,1995,0.0,26245.0,-0.873925,-0.952304,JAM,USA,5505
2093958,113,231,1281,1995,0.0,17479.0,0.666542,0.326785,JOR,USA,5505
2093959,114,231,1281,1995,326133.0,397197.0,2.56822,0.927307,JPN,USA,5505
2093960,121,231,1281,1995,2059215.0,473290.0,0.845175,1.2761799999999999,KOR,USA,5505
2093961,124,231,1281,1995,0.0,3496.0,0.027416000000000003,0.327795,LBN,USA,5505
2093962,127,231,1281,1995,0.0,9059.0,0.194177,-0.359444,LCA,USA,5505
2093963,128,231,1281,1995,0.0,20428.0,-0.8358030000000001,-0.29397199999999996,LKA,USA,5505
2093964,134,231,1281,1995,0.0,1540863.0,-0.6481210000000001,-0.22345,MAR,USA,5505
2093965,138,231,1281,1995,3823805.0,3341412.0,0.6414300000000001,0.9697520000000001,MEX,USA,5505
2093966,141,231,1281,1995,0.0,4604.0,-0.807662,-0.952101,MLI,USA,5505
2093967,159,231,1281,1995,0.0,1213977.0,-2.108206,-1.2017520000000002,NGA,USA,5505
2093968,160,231,1281,1995,0.0,506754.0,-0.395096,-0.559934,NIC,USA,5505
2093969,162,231,1281,1995,178373.0,1230179.0,1.304391,1.8819119999999998,NLD,USA,5505
2093970,163,231,1281,1995,0.0,5475.0,1.019741,0.394241,NOR,USA,5505
2093971,166,231,1281,1995,0.0,118279.0,0.5558270000000001,0.773271,NZL,USA,5505
2093972,168,231,1281,1995,0.0,1904930.0,-0.707965,-0.324784,PAK,USA,5505
2093973,169,231,1281,1995,0.0,501345.0,-0.019815,0.050906,PAN,USA,5505
2093974,173,231,1281,1995,0.0,438111.0,-0.263859,-0.21032800000000001,PER,USA,5505
2093975,174,231,1281,1995,0.0,94207.0,-0.480548,0.076564,PHL,USA,5505
2093976,177,231,1281,1995,0.0,81737.0,0.76393,1.802648,POL,USA,5505
2093977,179,231,1281,1995,0.0,478779.0,0.412677,1.254009,PRT,USA,5505
2093978,180,231,1281,1995,0.0,1061.0,-0.283544,-0.640898,PRY,USA,5505
2093979,185,231,1281,1995,0.0,22240.0,0.621468,1.038729,ROU,USA,5505
2093980,188,231,1281,1995,0.0,1114394.0,0.401573,-0.6676529999999999,SAU,USA,5505
2093981,191,231,1281,1995,0.0,115062.0,-0.94962,-0.970988,SEN,USA,5505
2093982,192,231,1281,1995,0.0,58200.0,0.747684,0.4745,SGP,USA,5505
2093983,197,231,1281,1995,0.0,251978.0,-0.17119600000000001,0.027889999999999998,SLV,USA,5505
2093984,205,231,1281,1995,0.0,28057.0,-0.75729,-0.8253459999999999,SUR,USA,5505
2093985,208,231,1281,1995,0.0,659070.0,2.246997,1.060171,SWE,USA,5505
2093986,212,231,1281,1995,0.0,1283718.0,-0.8829469999999999,-0.809407,SYR,USA,5505
2093987,215,231,1281,1995,0.0,29651.0,-0.962727,-0.873151,TGO,USA,5505
2093988,216,231,1281,1995,0.0,13125.0,0.174522,1.608058,THA,USA,5505
2093989,218,231,1281,1995,0.0,14000.0,0.677934,-0.432701,TKL,USA,5505
2093990,222,231,1281,1995,0.0,38664.0,0.254658,-0.496058,TTO,USA,5505
2093991,223,231,1281,1995,0.0,89378.0,-0.253792,-0.044331,TUN,USA,5505
2093992,224,231,1281,1995,0.0,3895623.0,0.166794,1.209066,TUR,USA,5505
2093993,227,231,1281,1995,0.0,67108.0,-1.053037,-1.001752,UGA,USA,5505
2093994,230,231,1281,1995,0.0,136766.0,0.45133900000000005,0.50831,URY,USA,5505
2093995,236,231,1281,1995,0.0,707400.0,0.299294,-0.635474,VEN,USA,5505
2093996,246,231,1281,1995,307220.0,2673443.0,0.468112,1.039817,ZAF,USA,5505
2093997,247,231,1281,1995,0.0,438853.0,-0.214763,-0.721675,ZMB,USA,5505
2093998,248,231,1281,1995,0.0,971419.0,-0.054752999999999996,0.326737,ZWE,USA,5505
2093999,249,231,1281,1995,127366.0,1374579.0,1.345205,1.9337389999999999,TWN,USA,5505
2094000,43,14,1281,1995,15514.0,0.0,0.387897,3.2147919999999996,CHN,AUS,5505
2094001,61,14,1281,1995,955.0,0.0,2.325385,-2.2238189999999998,DEU,AUS,5505
2094002,81,14,1281,1995,92164.0,0.0,1.8656979999999999,1.107121,GBR,AUS,5505
2094003,97,14,1281,1995,0.0,9813.0,0.5244449999999999,2.682738,HKG,AUS,5505
2094004,103,14,1281,1995,222629.0,0.0,-0.391727,1.174727,IDN,AUS,5505
2094005,104,14,1281,1995,0.0,19377.0,0.156183,1.9617380000000002,IND,AUS,5505
2094006,111,14,1281,1995,0.0,81195.0,1.503379,1.449094,ITA,AUS,5505
2094007,166,14,1281,1995,0.0,5050.0,0.5558270000000001,0.773271,NZL,AUS,5505
2094008,231,14,1281,1995,101041.0,253144.0,1.771648,1.184,USA,AUS,5505
2094009,246,14,1281,1995,66978.0,0.0,0.468112,1.039817,ZAF,AUS,5505
2094010,18,22,1281,1995,0.0,11356.0,1.615588,1.394102,BEL,BGD,5505
2094011,97,22,1281,1995,50636.0,3987.0,0.5244449999999999,2.682738,HKG,BGD,5505
2094012,104,22,1281,1995,25853.0,2711.0,0.156183,1.9617380000000002,IND,BGD,5505
2094013,111,22,1281,1995,0.0,133021.0,1.503379,1.449094,ITA,BGD,5505
2094014,121,22,1281,1995,4625.0,38525.0,0.845175,1.2761799999999999,KOR,BGD,5505
2094015,168,22,1281,1995,39315.0,0.0,-0.707965,-0.324784,PAK,BGD,5505
2094016,192,22,1281,1995,36661.0,0.0,0.747684,0.4745,SGP,BGD,5505
2094017,231,22,1281,1995,939233.0,0.0,1.771648,1.184,USA,BGD,5505
2094018,249,22,1281,1995,12190.0,0.0,1.345205,1.9337389999999999,TWN,BGD,5505
2094019,231,38,1281,1995,40456.0,0.0,1.771648,1.184,USA,CAF,5505
2094020,18,39,1281,1995,7539.0,0.0,1.615588,1.394102,BEL,CAN,5505
2094021,31,39,1281,1995,0.0,4155.0,-0.440583,-0.688389,BOL,CAN,5505
2094022,43,39,1281,1995,0.0,64023.0,0.387897,3.2147919999999996,CHN,CAN,5505
2094023,61,39,1281,1995,8729.0,0.0,2.325385,-2.2238189999999998,DEU,CAN,5505
2094024,71,39,1281,1995,0.0,72543.0,1.144247,1.933844,ESP,CAN,5505
2094025,77,39,1281,1995,51120.0,0.0,1.768484,0.765537,FRA,CAN,5505
2094026,81,39,1281,1995,374151.0,515449.0,1.8656979999999999,1.107121,GBR,CAN,5505
2094027,104,39,1281,1995,0.0,27293.0,0.156183,1.9617380000000002,IND,CAN,5505
2094028,111,39,1281,1995,24661.0,187889.0,1.503379,1.449094,ITA,CAN,5505
2094029,114,39,1281,1995,61258.0,0.0,2.56822,0.927307,JPN,CAN,5505
2094030,116,39,1281,1995,0.0,11256.0,-0.303773,0.111305,KEN,CAN,5505
2094031,121,39,1281,1995,884920.0,0.0,0.845175,1.2761799999999999,KOR,CAN,5505
2094032,138,39,1281,1995,73280.0,0.0,0.6414300000000001,0.9697520000000001,MEX,CAN,5505
2094033,162,39,1281,1995,0.0,7190.0,1.304391,1.8819119999999998,NLD,CAN,5505
2094034,222,39,1281,1995,0.0,42867.0,0.254658,-0.496058,TTO,CAN,5505
2094035,230,39,1281,1995,11535.0,0.0,0.45133900000000005,0.50831,URY,CAN,5505
2094036,231,39,1281,1995,10732541.0,2523696.0,1.771648,1.184,USA,CAN,5505
2094037,249,39,1281,1995,0.0,21753.0,1.345205,1.9337389999999999,TWN,CAN,5505
2094038,15,41,1281,1995,29922.0,21274.0,2.000295,0.661255,AUT,CHE,5505
2094039,18,41,1281,1995,272664.0,118111.0,1.615588,1.394102,BEL,CHE,5505
2094040,61,41,1281,1995,331721.0,1666920.0,2.325385,-2.2238189999999998,DEU,CHE,5505
2094041,71,41,1281,1995,0.0,65185.0,1.144247,1.933844,ESP,CHE,5505
2094042,74,41,1281,1995,0.0,1791.0,2.0085740000000003,1.126816,FIN,CHE,5505
2094043,77,41,1281,1995,156851.0,86948.0,1.768484,0.765537,FRA,CHE,5505
2094044,81,41,1281,1995,5962.0,119288.0,1.8656979999999999,1.107121,GBR,CHE,5505
2094045,100,41,1281,1995,0.0,4537.0,0.75325,1.395715,HRV,CHE,5505
2094046,104,41,1281,1995,0.0,2532.0,0.156183,1.9617380000000002,IND,CHE,5505
2094047,106,41,1281,1995,0.0,394005.0,1.349192,0.992099,IRL,CHE,5505
2094048,111,41,1281,1995,89689.0,1244115.0,1.503379,1.449094,ITA,CHE,5505
2094049,162,41,1281,1995,29583.0,23172.0,1.304391,1.8819119999999998,NLD,CHE,5505
2094050,177,41,1281,1995,25468.0,0.0,0.76393,1.802648,POL,CHE,5505
2094051,179,41,1281,1995,2870.0,0.0,0.412677,1.254009,PRT,CHE,5505
2094052,207,41,1281,1995,31119.0,0.0,1.424606,1.490521,SVN,CHE,5505
2094053,223,41,1281,1995,0.0,984.0,-0.253792,-0.044331,TUN,CHE,5505
2094054,231,41,1281,1995,173207.0,28005.0,1.771648,1.184,USA,CHE,5505
2094055,8,42,1281,1995,1613.0,0.0,0.245885,0.5489850000000001,ARG,CHL,5505
2094056,18,42,1281,1995,198628.0,0.0,1.615588,1.394102,BEL,CHL,5505
2094057,71,42,1281,1995,133577.0,0.0,1.144247,1.933844,ESP,CHL,5505
2094058,77,42,1281,1995,14476.0,0.0,1.768484,0.765537,FRA,CHL,5505
2094059,81,42,1281,1995,400930.0,0.0,1.8656979999999999,1.107121,GBR,CHL,5505
2094060,111,42,1281,1995,20167.0,0.0,1.503379,1.449094,ITA,CHL,5505
2094061,121,42,1281,1995,26525.0,0.0,0.845175,1.2761799999999999,KOR,CHL,5505
2094062,138,42,1281,1995,10207.0,0.0,0.6414300000000001,0.9697520000000001,MEX,CHL,5505
2094063,173,42,1281,1995,0.0,2151.0,-0.263859,-0.21032800000000001,PER,CHL,5505
2094064,231,42,1281,1995,5137049.0,0.0,1.771648,1.184,USA,CHL,5505
2094065,15,59,1281,1995,549132.0,8272.0,2.000295,0.661255,AUT,CZE,5505
2094066,18,59,1281,1995,29045.0,0.0,1.615588,1.394102,BEL,CZE,5505
2094067,28,59,1281,1995,41657.0,0.0,0.5290279999999999,0.27031700000000003,BLR,CZE,5505
2094068,61,59,1281,1995,166226.0,257827.0,2.325385,-2.2238189999999998,DEU,CZE,5505
2094069,64,59,1281,1995,0.0,12456.0,1.3800270000000001,1.489036,DNK,CZE,5505
2094070,100,59,1281,1995,0.0,2244.0,0.75325,1.395715,HRV,CZE,5505
2094071,102,59,1281,1995,498324.0,0.0,0.878711,1.8200060000000002,HUN,CZE,5505
2094072,104,59,1281,1995,0.0,4287.0,0.156183,1.9617380000000002,IND,CZE,5505
2094073,106,59,1281,1995,10545.0,0.0,1.349192,0.992099,IRL,CZE,5505
2094074,111,59,1281,1995,0.0,395602.0,1.503379,1.449094,ITA,CZE,5505
2094075,162,59,1281,1995,31333.0,13752.0,1.304391,1.8819119999999998,NLD,CZE,5505
2094076,177,59,1281,1995,3582.0,2857.0,0.76393,1.802648,POL,CZE,5505
2094077,185,59,1281,1995,24431.0,0.0,0.621468,1.038729,ROU,CZE,5505
2094078,206,59,1281,1995,691601.0,39013.0,1.2249780000000001,1.405585,SVK,CZE,5505
2094079,231,59,1281,1995,1059.0,0.0,1.771648,1.184,USA,CZE,5505
2094080,18,68,1281,1995,193774.0,1005.0,1.615588,1.394102,BEL,EGY,5505
2094081,61,68,1281,1995,29364.0,74217.0,2.325385,-2.2238189999999998,DEU,EGY,5505
2094082,81,68,1281,1995,3751.0,5287.0,1.8656979999999999,1.107121,GBR,EGY,5505
2094083,97,68,1281,1995,0.0,22265.0,0.5244449999999999,2.682738,HKG,EGY,5505
2094084,106,68,1281,1995,0.0,126758.0,1.349192,0.992099,IRL,EGY,5505
2094085,111,68,1281,1995,10653.0,46991.0,1.503379,1.449094,ITA,EGY,5505
2094086,113,68,1281,1995,0.0,20045.0,0.666542,0.326785,JOR,EGY,5505
2094087,121,68,1281,1995,0.0,47958.0,0.845175,1.2761799999999999,KOR,EGY,5505
2094088,134,68,1281,1995,0.0,44085.0,-0.6481210000000001,-0.22345,MAR,EGY,5505
2094089,162,68,1281,1995,33438.0,103129.0,1.304391,1.8819119999999998,NLD,EGY,5505
2094090,188,68,1281,1995,0.0,3093.0,0.401573,-0.6676529999999999,SAU,EGY,5505
2094091,224,68,1281,1995,0.0,325811.0,0.166794,1.209066,TUR,EGY,5505
2094092,231,68,1281,1995,193007.0,0.0,1.771648,1.184,USA,EGY,5505
2094093,250,68,1281,1995,0.0,10015.0,1.034518,0.9735149999999999,ANS,EGY,5505
2094094,61,72,1281,1995,177439.0,0.0,2.325385,-2.2238189999999998,DEU,EST,5505
2094095,74,72,1281,1995,1390.0,0.0,2.0085740000000003,1.126816,FIN,EST,5505
2094096,104,72,1281,1995,0.0,50931.0,0.156183,1.9617380000000002,IND,EST,5505
2094097,162,72,1281,1995,0.0,1193.0,1.304391,1.8819119999999998,NLD,EST,5505
2094098,14,103,1281,1995,0.0,222629.0,0.44442,0.789292,AUS,IDN,5505
2094099,15,103,1281,1995,0.0,83284.0,2.000295,0.661255,AUT,IDN,5505
2094100,18,103,1281,1995,0.0,60408.0,1.615588,1.394102,BEL,IDN,5505
2094101,43,103,1281,1995,0.0,54837.0,0.387897,3.2147919999999996,CHN,IDN,5505
2094102,61,103,1281,1995,0.0,100394.0,2.325385,-2.2238189999999998,DEU,IDN,5505
2094103,77,103,1281,1995,0.0,50261.0,1.768484,0.765537,FRA,IDN,5505
2094104,81,103,1281,1995,0.0,2063068.0,1.8656979999999999,1.107121,GBR,IDN,5505
2094105,97,103,1281,1995,0.0,179552.0,0.5244449999999999,2.682738,HKG,IDN,5505
2094106,104,103,1281,1995,0.0,134498.0,0.156183,1.9617380000000002,IND,IDN,5505
2094107,106,103,1281,1995,0.0,264006.0,1.349192,0.992099,IRL,IDN,5505
2094108,111,103,1281,1995,17229.0,8439.0,1.503379,1.449094,ITA,IDN,5505
2094109,114,103,1281,1995,77058.0,0.0,2.56822,0.927307,JPN,IDN,5505
2094110,121,103,1281,1995,0.0,106277.0,0.845175,1.2761799999999999,KOR,IDN,5505
2094111,153,103,1281,1995,0.0,3798.0,0.357745,0.374284,MYS,IDN,5505
2094112,162,103,1281,1995,0.0,93247.0,1.304391,1.8819119999999998,NLD,IDN,5505
2094113,169,103,1281,1995,0.0,15532.0,-0.019815,0.050906,PAN,IDN,5505
2094114,192,103,1281,1995,0.0,50950.0,0.747684,0.4745,SGP,IDN,5505
2094115,216,103,1281,1995,0.0,49419.0,0.174522,1.608058,THA,IDN,5505
2094116,231,103,1281,1995,85129.0,308729.0,1.771648,1.184,USA,IDN,5505
2094117,249,103,1281,1995,3662.0,93780.0,1.345205,1.9337389999999999,TWN,IDN,5505
2094118,7,104,1281,1995,0.0,128153.0,-0.205166,-0.6132380000000001,ARE,IND,5505
2094119,14,104,1281,1995,19377.0,0.0,0.44442,0.789292,AUS,IND,5505
2094120,18,104,1281,1995,58245.0,10951.0,1.615588,1.394102,BEL,IND,5505
2094121,22,104,1281,1995,2711.0,25853.0,-1.037175,-0.983195,BGD,IND,5505
2094122,39,104,1281,1995,27293.0,0.0,1.077804,1.0724200000000002,CAN,IND,5505
2094123,41,104,1281,1995,2532.0,0.0,2.1893029999999998,0.82765,CHE,IND,5505
2094124,43,104,1281,1995,20078.0,0.0,0.387897,3.2147919999999996,CHN,IND,5505
2094125,59,104,1281,1995,4287.0,0.0,1.375091,1.628069,CZE,IND,5505
2094126,61,104,1281,1995,30687.0,78482.0,2.325385,-2.2238189999999998,DEU,IND,5505
2094127,71,104,1281,1995,8614.0,219718.0,1.144247,1.933844,ESP,IND,5505
2094128,72,104,1281,1995,50931.0,0.0,0.530041,1.134288,EST,IND,5505
2094129,77,104,1281,1995,11117.0,0.0,1.768484,0.765537,FRA,IND,5505
2094130,81,104,1281,1995,1405408.0,109264.0,1.8656979999999999,1.107121,GBR,IND,5505
2094131,90,104,1281,1995,0.0,15853.0,0.17369,0.885756,GRC,IND,5505
2094132,97,104,1281,1995,0.0,17383.0,0.5244449999999999,2.682738,HKG,IND,5505
2094133,103,104,1281,1995,134498.0,0.0,-0.391727,1.174727,IDN,IND,5505
2094134,106,104,1281,1995,0.0,59743.0,1.349192,0.992099,IRL,IND,5505
2094135,111,104,1281,1995,61953.0,520163.0,1.503379,1.449094,ITA,IND,5505
2094136,114,104,1281,1995,37828.0,11400.0,2.56822,0.927307,JPN,IND,5505
2094137,116,104,1281,1995,0.0,11932.0,-0.303773,0.111305,KEN,IND,5505
2094138,121,104,1281,1995,1793893.0,0.0,0.845175,1.2761799999999999,KOR,IND,5505
2094139,128,104,1281,1995,0.0,6563.0,-0.8358030000000001,-0.29397199999999996,LKA,IND,5505
2094140,138,104,1281,1995,24137.0,0.0,0.6414300000000001,0.9697520000000001,MEX,IND,5505
2094141,153,104,1281,1995,89053.0,13831.0,0.357745,0.374284,MYS,IND,5505
2094142,159,104,1281,1995,0.0,24070.0,-2.108206,-1.2017520000000002,NGA,IND,5505
2094143,162,104,1281,1995,13363.0,137948.0,1.304391,1.8819119999999998,NLD,IND,5505
2094144,174,104,1281,1995,5286.0,0.0,-0.480548,0.076564,PHL,IND,5505
2094145,178,104,1281,1995,129368.0,0.0,0.46509799999999996,0.645496,PRK,IND,5505
2094146,179,104,1281,1995,14518.0,0.0,0.412677,1.254009,PRT,IND,5505
2094147,188,104,1281,1995,3632.0,59440.0,0.401573,-0.6676529999999999,SAU,IND,5505
2094148,192,104,1281,1995,79978.0,0.0,0.747684,0.4745,SGP,IND,5505
2094149,216,104,1281,1995,168124.0,0.0,0.174522,1.608058,THA,IND,5505
2094150,226,104,1281,1995,0.0,41403.0,-1.219949,-0.8698969999999999,TZA,IND,5505
2094151,231,104,1281,1995,5742263.0,24840.0,1.771648,1.184,USA,IND,5505
2094152,246,104,1281,1995,28924.0,0.0,0.468112,1.039817,ZAF,IND,5505
2094153,249,104,1281,1995,442629.0,0.0,1.345205,1.9337389999999999,TWN,IND,5505
2094154,58,113,1281,1995,10626.0,0.0,0.263764,0.030358999999999997,CYP,JOR,5505
2094155,64,113,1281,1995,106313.0,0.0,1.3800270000000001,1.489036,DNK,JOR,5505
2094156,68,113,1281,1995,20045.0,0.0,-0.340042,-0.085601,EGY,JOR,5505
2094157,81,113,1281,1995,4763.0,0.0,1.8656979999999999,1.107121,GBR,JOR,5505
2094158,153,113,1281,1995,23032.0,0.0,0.357745,0.374284,MYS,JOR,5505
2094159,224,113,1281,1995,3910.0,38007.0,0.166794,1.209066,TUR,JOR,5505
2094160,231,113,1281,1995,17479.0,0.0,1.771648,1.184,USA,JOR,5505
2094161,15,114,1281,1995,0.0,994.0,2.000295,0.661255,AUT,JPN,5505
2094162,39,114,1281,1995,0.0,61258.0,1.077804,1.0724200000000002,CAN,JPN,5505
2094163,43,114,1281,1995,0.0,799965.0,0.387897,3.2147919999999996,CHN,JPN,5505
2094164,61,114,1281,1995,0.0,118313.0,2.325385,-2.2238189999999998,DEU,JPN,5505
2094165,81,114,1281,1995,26145.0,87456.0,1.8656979999999999,1.107121,GBR,JPN,5505
2094166,97,114,1281,1995,0.0,1488523.0,0.5244449999999999,2.682738,HKG,JPN,5505
2094167,103,114,1281,1995,0.0,77058.0,-0.391727,1.174727,IDN,JPN,5505
2094168,104,114,1281,1995,11400.0,37828.0,0.156183,1.9617380000000002,IND,JPN,5505
2094169,111,114,1281,1995,0.0,10700.0,1.503379,1.449094,ITA,JPN,5505
2094170,121,114,1281,1995,191007.0,223508.0,0.845175,1.2761799999999999,KOR,JPN,5505
2094171,153,114,1281,1995,40879.0,0.0,0.357745,0.374284,MYS,JPN,5505
2094172,162,114,1281,1995,0.0,12103.0,1.304391,1.8819119999999998,NLD,JPN,5505
2094173,174,114,1281,1995,0.0,17380.0,-0.480548,0.076564,PHL,JPN,5505
2094174,216,114,1281,1995,1441.0,140604.0,0.174522,1.608058,THA,JPN,5505
2094175,231,114,1281,1995,397197.0,326133.0,1.771648,1.184,USA,JPN,5505
2094176,246,114,1281,1995,0.0,64554.0,0.468112,1.039817,ZAF,JPN,5505
2094177,248,114,1281,1995,0.0,6378.0,-0.054752999999999996,0.326737,ZWE,JPN,5505
2094178,249,114,1281,1995,263060.0,3897956.0,1.345205,1.9337389999999999,TWN,JPN,5505
2094179,23,132,1281,1995,0.0,21443.0,0.436138,1.086561,BGR,LVA,5505
2094180,28,132,1281,1995,32092.0,0.0,0.5290279999999999,0.27031700000000003,BLR,LVA,5505
2094181,61,132,1281,1995,0.0,1220434.0,2.325385,-2.2238189999999998,DEU,LVA,5505
2094182,111,132,1281,1995,0.0,57133.0,1.503379,1.449094,ITA,LVA,5505
2094183,130,132,1281,1995,8708.0,32446.0,0.41220500000000004,0.966966,LTU,LVA,5505
2094184,162,132,1281,1995,0.0,145048.0,1.304391,1.8819119999999998,NLD,LVA,5505
2094185,186,132,1281,1995,14836.0,0.0,0.364437,0.171494,RUS,LVA,5505
2094186,61,142,1281,1995,1306.0,33223.0,2.325385,-2.2238189999999998,DEU,MLT,5505
2094187,81,142,1281,1995,19253.0,65477.0,1.8656979999999999,1.107121,GBR,MLT,5505
2094188,111,142,1281,1995,11504.0,221035.0,1.503379,1.449094,ITA,MLT,5505
2094189,14,166,1281,1995,5050.0,0.0,0.44442,0.789292,AUS,NZL,5505
2094190,81,166,1281,1995,118008.0,0.0,1.8656979999999999,1.107121,GBR,NZL,5505
2094191,231,166,1281,1995,118279.0,0.0,1.771648,1.184,USA,NZL,5505
2094192,15,185,1281,1995,0.0,14025.0,2.000295,0.661255,AUT,ROU,5505
2094193,18,185,1281,1995,0.0,14461.0,1.615588,1.394102,BEL,ROU,5505
2094194,59,185,1281,1995,0.0,24431.0,1.375091,1.628069,CZE,ROU,5505
2094195,61,185,1281,1995,994.0,58195.0,2.325385,-2.2238189999999998,DEU,ROU,5505
2094196,77,185,1281,1995,0.0,15529.0,1.768484,0.765537,FRA,ROU,5505
2094197,90,185,1281,1995,0.0,4336.0,0.17369,0.885756,GRC,ROU,5505
2094198,106,185,1281,1995,0.0,132835.0,1.349192,0.992099,IRL,ROU,5505
2094199,110,185,1281,1995,15970.0,0.0,1.205368,1.189434,ISR,ROU,5505
2094200,111,185,1281,1995,12194.0,483787.0,1.503379,1.449094,ITA,ROU,5505
2094201,134,185,1281,1995,0.0,49294.0,-0.6481210000000001,-0.22345,MAR,ROU,5505
2094202,162,185,1281,1995,4795.0,3596.0,1.304391,1.8819119999999998,NLD,ROU,5505
2094203,224,185,1281,1995,1807.0,307958.0,0.166794,1.209066,TUR,ROU,5505
2094204,231,185,1281,1995,22240.0,0.0,1.771648,1.184,USA,ROU,5505
2094205,18,188,1281,1995,1603.0,0.0,1.615588,1.394102,BEL,SAU,5505
2094206,43,188,1281,1995,4956.0,0.0,0.387897,3.2147919999999996,CHN,SAU,5505
2094207,68,188,1281,1995,3093.0,0.0,-0.340042,-0.085601,EGY,SAU,5505
2094208,71,188,1281,1995,92976.0,0.0,1.144247,1.933844,ESP,SAU,5505
2094209,81,188,1281,1995,34674.0,0.0,1.8656979999999999,1.107121,GBR,SAU,5505
2094210,104,188,1281,1995,59440.0,3632.0,0.156183,1.9617380000000002,IND,SAU,5505
2094211,116,188,1281,1995,15858.0,0.0,-0.303773,0.111305,KEN,SAU,5505
2094212,121,188,1281,1995,10651.0,0.0,0.845175,1.2761799999999999,KOR,SAU,5505
2094213,122,188,1281,1995,0.0,5864.0,-0.226273,-1.02354,KWT,SAU,5505
2094214,224,188,1281,1995,0.0,85667.0,0.166794,1.209066,TUR,SAU,5505
2094215,231,188,1281,1995,1114394.0,0.0,1.771648,1.184,USA,SAU,5505
2094216,249,188,1281,1995,58374.0,0.0,1.345205,1.9337389999999999,TWN,SAU,5505
2094217,22,192,1281,1995,0.0,36661.0,-1.037175,-0.983195,BGD,SGP,5505
2094218,81,192,1281,1995,0.0,982.0,1.8656979999999999,1.107121,GBR,SGP,5505
2094219,97,192,1281,1995,0.0,1569.0,0.5244449999999999,2.682738,HKG,SGP,5505
2094220,103,192,1281,1995,50950.0,0.0,-0.391727,1.174727,IDN,SGP,5505
2094221,104,192,1281,1995,0.0,79978.0,0.156183,1.9617380000000002,IND,SGP,5505
2094222,153,192,1281,1995,54998.0,36972.0,0.357745,0.374284,MYS,SGP,5505
2094223,162,192,1281,1995,84356.0,0.0,1.304391,1.8819119999999998,NLD,SGP,5505
2094224,216,192,1281,1995,113918.0,0.0,0.174522,1.608058,THA,SGP,5505
2094225,231,192,1281,1995,58200.0,0.0,1.771648,1.184,USA,SGP,5505
2094226,15,206,1281,1995,2178.0,56941.0,2.000295,0.661255,AUT,SVK,5505
2094227,18,206,1281,1995,0.0,55314.0,1.615588,1.394102,BEL,SVK,5505
2094228,59,206,1281,1995,39013.0,691601.0,1.375091,1.628069,CZE,SVK,5505
2094229,61,206,1281,1995,9784.0,244207.0,2.325385,-2.2238189999999998,DEU,SVK,5505
2094230,77,206,1281,1995,0.0,11978.0,1.768484,0.765537,FRA,SVK,5505
2094231,102,206,1281,1995,0.0,21007.0,0.878711,1.8200060000000002,HUN,SVK,5505
2094232,111,206,1281,1995,2723.0,39478.0,1.503379,1.449094,ITA,SVK,5505
2094233,162,206,1281,1995,0.0,175151.0,1.304391,1.8819119999999998,NLD,SVK,5505
2094234,228,206,1281,1995,22505.0,0.0,0.428875,0.20489899999999997,UKR,SVK,5505
2094235,15,207,1281,1995,0.0,75919.0,2.000295,0.661255,AUT,SVN,5505
2094236,18,207,1281,1995,17503.0,14397.0,1.615588,1.394102,BEL,SVN,5505
2094237,41,207,1281,1995,0.0,31119.0,2.1893029999999998,0.82765,CHE,SVN,5505
2094238,61,207,1281,1995,8693.0,11792.0,2.325385,-2.2238189999999998,DEU,SVN,5505
2094239,100,207,1281,1995,13569.0,35427.0,0.75325,1.395715,HRV,SVN,5505
2094240,111,207,1281,1995,17950.0,611710.0,1.503379,1.449094,ITA,SVN,5505
2094241,162,207,1281,1995,1626.0,99968.0,1.304391,1.8819119999999998,NLD,SVN,5505
2094242,18,208,1281,1995,1304.0,2369.0,1.615588,1.394102,BEL,SWE,5505
2094243,61,208,1281,1995,9184.0,406979.0,2.325385,-2.2238189999999998,DEU,SWE,5505
2094244,64,208,1281,1995,121325.0,3103.0,1.3800270000000001,1.489036,DNK,SWE,5505
2094245,71,208,1281,1995,0.0,34500.0,1.144247,1.933844,ESP,SWE,5505
2094246,74,208,1281,1995,167465.0,3118.0,2.0085740000000003,1.126816,FIN,SWE,5505
2094247,77,208,1281,1995,3589.0,0.0,1.768484,0.765537,FRA,SWE,5505
2094248,163,208,1281,1995,0.0,12463.0,1.019741,0.394241,NOR,SWE,5505
2094249,231,208,1281,1995,659070.0,0.0,1.771648,1.184,USA,SWE,5505
2094250,16,224,1281,1995,9400.0,0.0,-0.084566,-0.839039,AZE,TUR,5505
2094251,18,224,1281,1995,53807.0,31215.0,1.615588,1.394102,BEL,TUR,5505
2094252,23,224,1281,1995,621634.0,0.0,0.436138,1.086561,BGR,TUR,5505
2094253,28,224,1281,1995,162843.0,0.0,0.5290279999999999,0.27031700000000003,BLR,TUR,5505
2094254,61,224,1281,1995,237884.0,569778.0,2.325385,-2.2238189999999998,DEU,TUR,5505
2094255,68,224,1281,1995,325811.0,0.0,-0.340042,-0.085601,EGY,TUR,5505
2094256,71,224,1281,1995,0.0,13320.0,1.144247,1.933844,ESP,TUR,5505
2094257,77,224,1281,1995,104266.0,14263.0,1.768484,0.765537,FRA,TUR,5505
2094258,81,224,1281,1995,202909.0,23595.0,1.8656979999999999,1.107121,GBR,TUR,5505
2094259,82,224,1281,1995,65814.0,0.0,1.082754,0.059275,GEO,TUR,5505
2094260,90,224,1281,1995,6106.0,0.0,0.17369,0.885756,GRC,TUR,5505
2094261,102,224,1281,1995,45931.0,0.0,0.878711,1.8200060000000002,HUN,TUR,5505
2094262,106,224,1281,1995,0.0,568904.0,1.349192,0.992099,IRL,TUR,5505
2094263,107,224,1281,1995,2931395.0,0.0,-0.821991,-1.071013,IRN,TUR,5505
2094264,111,224,1281,1995,80615.0,343938.0,1.503379,1.449094,ITA,TUR,5505
2094265,113,224,1281,1995,38007.0,3910.0,0.666542,0.326785,JOR,TUR,5505
2094266,121,224,1281,1995,6898.0,0.0,0.845175,1.2761799999999999,KOR,TUR,5505
2094267,134,224,1281,1995,0.0,45395.0,-0.6481210000000001,-0.22345,MAR,TUR,5505
2094268,140,224,1281,1995,30503.0,5868.0,0.34174,0.648467,MKD,TUR,5505
2094269,153,224,1281,1995,0.0,3025.0,0.357745,0.374284,MYS,TUR,5505
2094270,162,224,1281,1995,99156.0,126641.0,1.304391,1.8819119999999998,NLD,TUR,5505
2094271,185,224,1281,1995,307958.0,1807.0,0.621468,1.038729,ROU,TUR,5505
2094272,186,224,1281,1995,359719.0,87620.0,0.364437,0.171494,RUS,TUR,5505
2094273,188,224,1281,1995,85667.0,0.0,0.401573,-0.6676529999999999,SAU,TUR,5505
2094274,231,224,1281,1995,3895623.0,0.0,1.771648,1.184,USA,TUR,5505
2094275,246,224,1281,1995,46016.0,0.0,0.468112,1.039817,ZAF,TUR,5505
2094276,14,246,1281,1995,0.0,66978.0,0.44442,0.789292,AUS,ZAF,5505
2094277,15,246,1281,1995,4331.0,18745.0,2.000295,0.661255,AUT,ZAF,5505
2094278,18,246,1281,1995,3774.0,68844.0,1.615588,1.394102,BEL,ZAF,5505
2094279,61,246,1281,1995,45061.0,134143.0,2.325385,-2.2238189999999998,DEU,ZAF,5505
2094280,71,246,1281,1995,0.0,416569.0,1.144247,1.933844,ESP,ZAF,5505
2094281,74,246,1281,1995,32998.0,0.0,2.0085740000000003,1.126816,FIN,ZAF,5505
2094282,81,246,1281,1995,2215297.0,20897.0,1.8656979999999999,1.107121,GBR,ZAF,5505
2094283,97,246,1281,1995,0.0,47782.0,0.5244449999999999,2.682738,HKG,ZAF,5505
2094284,104,246,1281,1995,0.0,28924.0,0.156183,1.9617380000000002,IND,ZAF,5505
2094285,106,246,1281,1995,0.0,39056.0,1.349192,0.992099,IRL,ZAF,5505
2094286,111,246,1281,1995,53398.0,5661.0,1.503379,1.449094,ITA,ZAF,5505
2094287,114,246,1281,1995,64554.0,0.0,2.56822,0.927307,JPN,ZAF,5505
2094288,116,246,1281,1995,0.0,17098.0,-0.303773,0.111305,KEN,ZAF,5505
2094289,121,246,1281,1995,353966.0,24369.0,0.845175,1.2761799999999999,KOR,ZAF,5505
2094290,138,246,1281,1995,30334.0,0.0,0.6414300000000001,0.9697520000000001,MEX,ZAF,5505
2094291,147,246,1281,1995,0.0,6819.0,-1.031627,-1.02484,MOZ,ZAF,5505
2094292,151,246,1281,1995,1748.0,2964.0,-0.432644,-0.574298,MUS,ZAF,5505
2094293,152,246,1281,1995,0.0,466454.0,-1.1277709999999999,-1.0603049999999998,MWI,ZAF,5505
2094294,162,246,1281,1995,292546.0,42149.0,1.304391,1.8819119999999998,NLD,ZAF,5505
2094295,216,246,1281,1995,167788.0,0.0,0.174522,1.608058,THA,ZAF,5505
2094296,224,246,1281,1995,0.0,46016.0,0.166794,1.209066,TUR,ZAF,5505
2094297,231,246,1281,1995,2673443.0,307220.0,1.771648,1.184,USA,ZAF,5505
2094298,248,246,1281,1995,0.0,499895.0,-0.054752999999999996,0.326737,ZWE,ZAF,5505
2094299,15,8,1281,1995,0.0,543.0,2.000295,0.661255,AUT,ARG,5505
2094300,18,8,1281,1995,0.0,52578.0,1.615588,1.394102,BEL,ARG,5505
2094301,32,8,1281,1995,72146.0,249145.0,0.687171,1.188647,BRA,ARG,5505
2094302,42,8,1281,1995,0.0,1613.0,-0.073436,-0.192675,CHL,ARG,5505
2094303,49,8,1281,1995,9772.0,0.0,0.094335,0.13047999999999998,COL,ARG,5505
2094304,61,8,1281,1995,0.0,63691.0,2.325385,-2.2238189999999998,DEU,ARG,5505
2094305,71,8,1281,1995,2078.0,0.0,1.144247,1.933844,ESP,ARG,5505
2094306,97,8,1281,1995,0.0,190518.0,0.5244449999999999,2.682738,HKG,ARG,5505
2094307,230,8,1281,1995,14639.0,0.0,0.45133900000000005,0.50831,URY,ARG,5505
2094308,231,8,1281,1995,542797.0,175488.0,1.771648,1.184,USA,ARG,5505
2094309,250,8,1281,1995,45856.0,0.0,1.034518,0.9735149999999999,ANS,ARG,5505
2094310,18,44,1281,1995,9202.0,0.0,1.615588,1.394102,BEL,CIV,5505
2094311,77,44,1281,1995,27770.0,0.0,1.768484,0.765537,FRA,CIV,5505
2094312,81,44,1281,1995,1636.0,0.0,1.8656979999999999,1.107121,GBR,CIV,5505
2094313,231,44,1281,1995,249664.0,0.0,1.771648,1.184,USA,CIV,5505
2094314,231,45,1281,1995,51384.0,0.0,1.771648,1.184,USA,CMR,5505
2094315,18,90,1281,1995,27130.0,0.0,1.615588,1.394102,BEL,GRC,5505
2094316,61,90,1281,1995,527955.0,47015.0,2.325385,-2.2238189999999998,DEU,GRC,5505
2094317,71,90,1281,1995,2437.0,0.0,1.144247,1.933844,ESP,GRC,5505
2094318,77,90,1281,1995,74459.0,0.0,1.768484,0.765537,FRA,GRC,5505
2094319,81,90,1281,1995,0.0,28324.0,1.8656979999999999,1.107121,GBR,GRC,5505
2094320,104,90,1281,1995,15853.0,0.0,0.156183,1.9617380000000002,IND,GRC,5505
2094321,106,90,1281,1995,0.0,8149.0,1.349192,0.992099,IRL,GRC,5505
2094322,111,90,1281,1995,25107.0,522215.0,1.503379,1.449094,ITA,GRC,5505
2094323,121,90,1281,1995,33280.0,52404.0,0.845175,1.2761799999999999,KOR,GRC,5505
2094324,162,90,1281,1995,20354.0,8467.0,1.304391,1.8819119999999998,NLD,GRC,5505
2094325,185,90,1281,1995,4336.0,0.0,0.621468,1.038729,ROU,GRC,5505
2094326,224,90,1281,1995,0.0,6106.0,0.166794,1.209066,TUR,GRC,5505
2094327,231,90,1281,1995,310703.0,0.0,1.771648,1.184,USA,GRC,5505
2094328,15,102,1281,1995,1966.0,67780.0,2.000295,0.661255,AUT,HUN,5505
2094329,59,102,1281,1995,0.0,498324.0,1.375091,1.628069,CZE,HUN,5505
2094330,61,102,1281,1995,18041.0,83149.0,2.325385,-2.2238189999999998,DEU,HUN,5505
2094331,77,102,1281,1995,2430.0,1721.0,1.768484,0.765537,FRA,HUN,5505
2094332,81,102,1281,1995,0.0,4161.0,1.8656979999999999,1.107121,GBR,HUN,5505
2094333,111,102,1281,1995,8987.0,2363.0,1.503379,1.449094,ITA,HUN,5505
2094334,162,102,1281,1995,3129.0,2107.0,1.304391,1.8819119999999998,NLD,HUN,5505
2094335,206,102,1281,1995,21007.0,0.0,1.2249780000000001,1.405585,SVK,HUN,5505
2094336,224,102,1281,1995,0.0,45931.0,0.166794,1.209066,TUR,HUN,5505
2094337,18,134,1281,1995,1562.0,0.0,1.615588,1.394102,BEL,MAR,5505
2094338,61,134,1281,1995,100536.0,0.0,2.325385,-2.2238189999999998,DEU,MAR,5505
2094339,68,134,1281,1995,44085.0,0.0,-0.340042,-0.085601,EGY,MAR,5505
2094340,71,134,1281,1995,1148257.0,14115.0,1.144247,1.933844,ESP,MAR,5505
2094341,77,134,1281,1995,221311.0,0.0,1.768484,0.765537,FRA,MAR,5505
2094342,81,134,1281,1995,2006862.0,1501.0,1.8656979999999999,1.107121,GBR,MAR,5505
2094343,106,134,1281,1995,0.0,137298.0,1.349192,0.992099,IRL,MAR,5505
2094344,111,134,1281,1995,124957.0,0.0,1.503379,1.449094,ITA,MAR,5505
2094345,162,134,1281,1995,107362.0,0.0,1.304391,1.8819119999999998,NLD,MAR,5505
2094346,179,134,1281,1995,12862.0,0.0,0.412677,1.254009,PRT,MAR,5505
2094347,185,134,1281,1995,49294.0,0.0,0.621468,1.038729,ROU,MAR,5505
2094348,223,134,1281,1995,170717.0,0.0,-0.253792,-0.044331,TUN,MAR,5505
2094349,224,134,1281,1995,45395.0,0.0,0.166794,1.209066,TUR,MAR,5505
2094350,231,134,1281,1995,1540863.0,0.0,1.771648,1.184,USA,MAR,5505
2094351,231,215,1281,1995,29651.0,0.0,1.771648,1.184,USA,TGO,5505
2094352,41,223,1281,1995,984.0,0.0,2.1893029999999998,0.82765,CHE,TUN,5505
2094353,61,223,1281,1995,188520.0,0.0,2.325385,-2.2238189999999998,DEU,TUN,5505
2094354,81,223,1281,1995,72876.0,0.0,1.8656979999999999,1.107121,GBR,TUN,5505
2094355,111,223,1281,1995,6897.0,12613.0,1.503379,1.449094,ITA,TUN,5505
2094356,134,223,1281,1995,0.0,170717.0,-0.6481210000000001,-0.22345,MAR,TUN,5505
2094357,231,223,1281,1995,89378.0,0.0,1.771648,1.184,USA,TUN,5505
2094358,8,230,1281,1995,0.0,14639.0,0.245885,0.5489850000000001,ARG,URY,5505
2094359,39,230,1281,1995,0.0,11535.0,1.077804,1.0724200000000002,CAN,URY,5505
2094360,231,230,1281,1995,136766.0,0.0,1.771648,1.184,USA,URY,5505
2094361,61,247,1281,1995,0.0,53026.0,2.325385,-2.2238189999999998,DEU,ZMB,5505
2094362,81,247,1281,1995,143199.0,0.0,1.8656979999999999,1.107121,GBR,ZMB,5505
2094363,231,247,1281,1995,438853.0,0.0,1.771648,1.184,USA,ZMB,5505
2094364,248,247,1281,1995,964.0,0.0,-0.054752999999999996,0.326737,ZWE,ZMB,5505
2094365,81,248,1281,1995,670645.0,0.0,1.8656979999999999,1.107121,GBR,ZWE,5505
2094366,111,248,1281,1995,160399.0,0.0,1.503379,1.449094,ITA,ZWE,5505
2094367,114,248,1281,1995,6378.0,0.0,2.56822,0.927307,JPN,ZWE,5505
2094368,231,248,1281,1995,971419.0,0.0,1.771648,1.184,USA,ZWE,5505
2094369,246,248,1281,1995,499895.0,0.0,0.468112,1.039817,ZAF,ZWE,5505
2094370,247,248,1281,1995,0.0,964.0,-0.214763,-0.721675,ZMB,ZWE,5505
2094371,249,248,1281,1995,1312.0,0.0,1.345205,1.9337389999999999,TWN,ZWE,5505
2094372,49,236,1281,1995,0.0,55476.0,0.094335,0.13047999999999998,COL,VEN,5505
2094373,71,236,1281,1995,0.0,6114.0,1.144247,1.933844,ESP,VEN,5505
2094374,106,236,1281,1995,0.0,217916.0,1.349192,0.992099,IRL,VEN,5505
2094375,231,236,1281,1995,707400.0,0.0,1.771648,1.184,USA,VEN,5505
2094376,81,58,1281,1995,4378.0,41618.0,1.8656979999999999,1.107121,GBR,CYP,5505
2094377,111,58,1281,1995,25480.0,8937.0,1.503379,1.449094,ITA,CYP,5505
2094378,113,58,1281,1995,0.0,10626.0,0.666542,0.326785,JOR,CYP,5505
2094379,231,58,1281,1995,3613.0,0.0,1.771648,1.184,USA,CYP,5505
2094380,15,100,1281,1995,29268.0,0.0,2.000295,0.661255,AUT,HRV,5505
2094381,26,100,1281,1995,0.0,1447.0,0.208931,0.053763,BIH,HRV,5505
2094382,28,100,1281,1995,8109.0,0.0,0.5290279999999999,0.27031700000000003,BLR,HRV,5505
2094383,41,100,1281,1995,4537.0,0.0,2.1893029999999998,0.82765,CHE,HRV,5505
2094384,59,100,1281,1995,2244.0,0.0,1.375091,1.628069,CZE,HRV,5505
2094385,61,100,1281,1995,89933.0,0.0,2.325385,-2.2238189999999998,DEU,HRV,5505
2094386,77,100,1281,1995,888.0,121920.0,1.768484,0.765537,FRA,HRV,5505
2094387,111,100,1281,1995,116449.0,44405.0,1.503379,1.449094,ITA,HRV,5505
2094388,162,100,1281,1995,62577.0,0.0,1.304391,1.8819119999999998,NLD,HRV,5505
2094389,207,100,1281,1995,35427.0,13569.0,1.424606,1.490521,SVN,HRV,5505
2094390,28,135,1281,1995,1836.0,0.0,0.5290279999999999,0.27031700000000003,BLR,MDA,5505
2094391,4,140,1281,1995,0.0,12108.0,-0.39273,-0.47259300000000004,ALB,MKD,5505
2094392,18,140,1281,1995,0.0,1807.0,1.615588,1.394102,BEL,MKD,5505
2094393,23,140,1281,1995,0.0,6000.0,0.436138,1.086561,BGR,MKD,5505
2094394,111,140,1281,1995,63316.0,469766.0,1.503379,1.449094,ITA,MKD,5505
2094395,189,140,1281,1995,0.0,38730.0,1.032118,1.180409,SCG,MKD,5505
2094396,224,140,1281,1995,5868.0,30503.0,0.166794,1.209066,TUR,MKD,5505
2094397,99,197,1281,1995,6807.0,0.0,-0.765536,-0.668834,HND,SLV,5505
2094398,138,197,1281,1995,866.0,0.0,0.6414300000000001,0.9697520000000001,MEX,SLV,5505
2094399,169,197,1281,1995,10155.0,0.0,-0.019815,0.050906,PAN,SLV,5505
2094400,231,197,1281,1995,251978.0,0.0,1.771648,1.184,USA,SLV,5505
2094401,231,46,1281,1995,189185.0,0.0,1.771648,1.184,USA,COD,5505
2094402,231,65,1281,1995,502714.0,0.0,1.771648,1.184,USA,DOM,5505
2094403,49,67,1281,1995,0.0,3099.0,0.094335,0.13047999999999998,COL,ECU,5505
2094404,71,67,1281,1995,0.0,3049.0,1.144247,1.933844,ESP,ECU,5505
2094405,81,67,1281,1995,83307.0,0.0,1.8656979999999999,1.107121,GBR,ECU,5505
2094406,231,67,1281,1995,618927.0,0.0,1.771648,1.184,USA,ECU,5505
2094407,106,107,1281,1995,0.0,600543.0,1.349192,0.992099,IRL,IRN,5505
2094408,224,107,1281,1995,0.0,2931395.0,0.166794,1.209066,TUR,IRN,5505
2094409,231,107,1281,1995,62680.0,0.0,1.771648,1.184,USA,IRN,5505
2094410,22,168,1281,1995,0.0,39315.0,-1.037175,-0.983195,BGD,PAK,5505
2094411,61,168,1281,1995,10004.0,0.0,2.325385,-2.2238189999999998,DEU,PAK,5505
2094412,71,168,1281,1995,0.0,29242.0,1.144247,1.933844,ESP,PAK,5505
2094413,81,168,1281,1995,644875.0,0.0,1.8656979999999999,1.107121,GBR,PAK,5505
2094414,97,168,1281,1995,0.0,507155.0,0.5244449999999999,2.682738,HKG,PAK,5505
2094415,106,168,1281,1995,0.0,160035.0,1.349192,0.992099,IRL,PAK,5505
2094416,111,168,1281,1995,0.0,30269.0,1.503379,1.449094,ITA,PAK,5505
2094417,121,168,1281,1995,0.0,120906.0,0.845175,1.2761799999999999,KOR,PAK,5505
2094418,153,168,1281,1995,0.0,219860.0,0.357745,0.374284,MYS,PAK,5505
2094419,216,168,1281,1995,0.0,78133.0,0.174522,1.608058,THA,PAK,5505
2094420,231,168,1281,1995,1904930.0,0.0,1.771648,1.184,USA,PAK,5505
2094421,104,174,1281,1995,0.0,5286.0,0.156183,1.9617380000000002,IND,PHL,5505
2094422,114,174,1281,1995,17380.0,0.0,2.56822,0.927307,JPN,PHL,5505
2094423,121,174,1281,1995,69237.0,0.0,0.845175,1.2761799999999999,KOR,PHL,5505
2094424,216,174,1281,1995,16959.0,0.0,0.174522,1.608058,THA,PHL,5505
2094425,231,174,1281,1995,94207.0,0.0,1.771648,1.184,USA,PHL,5505
2094426,15,186,1281,1995,0.0,237193.0,2.000295,0.661255,AUT,RUS,5505
2094427,43,186,1281,1995,0.0,113054.0,0.387897,3.2147919999999996,CHN,RUS,5505
2094428,61,186,1281,1995,24381.0,272735.0,2.325385,-2.2238189999999998,DEU,RUS,5505
2094429,81,186,1281,1995,4157.0,0.0,1.8656979999999999,1.107121,GBR,RUS,5505
2094430,111,186,1281,1995,45256.0,147080.0,1.503379,1.449094,ITA,RUS,5505
2094431,132,186,1281,1995,0.0,14836.0,0.25453400000000004,0.174809,LVA,RUS,5505
2094432,162,186,1281,1995,0.0,128724.0,1.304391,1.8819119999999998,NLD,RUS,5505
2094433,224,186,1281,1995,87620.0,359719.0,0.166794,1.209066,TUR,RUS,5505
2094434,104,226,1281,1995,41403.0,0.0,0.156183,1.9617380000000002,IND,TZA,5505
2094435,61,228,1281,1995,0.0,87757.0,2.325385,-2.2238189999999998,DEU,UKR,5505
2094436,162,228,1281,1995,0.0,74141.0,1.304391,1.8819119999999998,NLD,UKR,5505
2094437,206,228,1281,1995,0.0,22505.0,1.2249780000000001,1.405585,SVK,UKR,5505
2094438,18,239,1281,1995,28597.0,0.0,1.615588,1.394102,BEL,VNM,5505
2094439,22,249,1281,1995,0.0,12190.0,-1.037175,-0.983195,BGD,TWN,5505
2094440,39,249,1281,1995,21753.0,0.0,1.077804,1.0724200000000002,CAN,TWN,5505
2094441,43,249,1281,1995,48009.0,297041.0,0.387897,3.2147919999999996,CHN,TWN,5505
2094442,49,249,1281,1995,132847.0,0.0,0.094335,0.13047999999999998,COL,TWN,5505
2094443,61,249,1281,1995,0.0,5040.0,2.325385,-2.2238189999999998,DEU,TWN,5505
2094444,81,249,1281,1995,20308.0,448353.0,1.8656979999999999,1.107121,GBR,TWN,5505
2094445,97,249,1281,1995,0.0,906646.0,0.5244449999999999,2.682738,HKG,TWN,5505
2094446,103,249,1281,1995,93780.0,3662.0,-0.391727,1.174727,IDN,TWN,5505
2094447,104,249,1281,1995,0.0,442629.0,0.156183,1.9617380000000002,IND,TWN,5505
2094448,106,249,1281,1995,0.0,309455.0,1.349192,0.992099,IRL,TWN,5505
2094449,114,249,1281,1995,3897956.0,263060.0,2.56822,0.927307,JPN,TWN,5505
2094450,121,249,1281,1995,107514.0,84804.0,0.845175,1.2761799999999999,KOR,TWN,5505
2094451,153,249,1281,1995,22844.0,89836.0,0.357745,0.374284,MYS,TWN,5505
2094452,188,249,1281,1995,0.0,58374.0,0.401573,-0.6676529999999999,SAU,TWN,5505
2094453,216,249,1281,1995,1216237.0,60452.0,0.174522,1.608058,THA,TWN,5505
2094454,231,249,1281,1995,1374579.0,127366.0,1.771648,1.184,USA,TWN,5505
2094455,248,249,1281,1995,0.0,1312.0,-0.054752999999999996,0.326737,ZWE,TWN,5505
2094456,8,250,1281,1995,0.0,45856.0,0.245885,0.5489850000000001,ARG,ANS,5505
2094457,15,250,1281,1995,105608.0,0.0,2.000295,0.661255,AUT,ANS,5505
2094458,43,250,1281,1995,0.0,25157.0,0.387897,3.2147919999999996,CHN,ANS,5505
2094459,61,250,1281,1995,776.0,0.0,2.325385,-2.2238189999999998,DEU,ANS,5505
2094460,68,250,1281,1995,10015.0,0.0,-0.340042,-0.085601,EGY,ANS,5505
2094461,74,250,1281,1995,7148577.0,0.0,2.0085740000000003,1.126816,FIN,ANS,5505
2094462,77,250,1281,1995,0.0,35940.0,1.768484,0.765537,FRA,ANS,5505
2094463,110,250,1281,1995,0.0,23598.0,1.205368,1.189434,ISR,ANS,5505
2094464,169,250,1281,1995,0.0,2403.0,-0.019815,0.050906,PAN,ANS,5505
2094465,177,250,1281,1995,42046.0,52758.0,0.76393,1.802648,POL,ANS,5505
2094466,18,31,1281,1995,17045.0,0.0,1.615588,1.394102,BEL,BOL,5505
2094467,39,31,1281,1995,4155.0,0.0,1.077804,1.0724200000000002,CAN,BOL,5505
2094468,81,31,1281,1995,13072.0,0.0,1.8656979999999999,1.107121,GBR,BOL,5505
2094469,173,31,1281,1995,6029.0,0.0,-0.263859,-0.21032800000000001,PER,BOL,5505
2094470,231,31,1281,1995,1395086.0,0.0,1.771648,1.184,USA,BOL,5505
2094471,18,73,1281,1995,226668.0,0.0,1.615588,1.394102,BEL,ETH,5505
2094472,81,73,1281,1995,438236.0,0.0,1.8656979999999999,1.107121,GBR,ETH,5505
2094473,111,73,1281,1995,37224.0,0.0,1.503379,1.449094,ITA,ETH,5505
2094474,231,101,1281,1995,176688.0,0.0,1.771648,1.184,USA,HTI,5505
2094475,231,127,1281,1995,9059.0,0.0,1.771648,1.184,USA,LCA,5505
2094476,81,152,1281,1995,69019.0,0.0,1.8656979999999999,1.107121,GBR,MWI,5505
2094477,111,152,1281,1995,30348.0,0.0,1.503379,1.449094,ITA,MWI,5505
2094478,246,152,1281,1995,466454.0,0.0,0.468112,1.039817,ZAF,MWI,5505
2094479,231,160,1281,1995,506754.0,0.0,1.771648,1.184,USA,NIC,5505
2094480,81,227,1281,1995,27299.0,0.0,1.8656979999999999,1.107121,GBR,UGA,5505
2094481,231,227,1281,1995,67108.0,0.0,1.771648,1.184,USA,UGA,5505
2094482,18,17,1281,1995,50709.0,0.0,1.615588,1.394102,BEL,BDI,5505
2094483,77,66,1281,1995,74047.0,0.0,1.768484,0.765537,FRA,DZA,5505
2094484,81,66,1281,1995,19559.0,0.0,1.8656979999999999,1.107121,GBR,DZA,5505
2094485,106,66,1281,1995,343731.0,0.0,1.349192,0.992099,IRL,DZA,5505
2094486,28,130,1281,1995,28613.0,3900.0,0.5290279999999999,0.27031700000000003,BLR,LTU,5505
2094487,77,130,1281,1995,66308.0,0.0,1.768484,0.765537,FRA,LTU,5505
2094488,111,130,1281,1995,0.0,18424.0,1.503379,1.449094,ITA,LTU,5505
2094489,132,130,1281,1995,32446.0,8708.0,0.25453400000000004,0.174809,LVA,LTU,5505
2094490,162,130,1281,1995,0.0,11141.0,1.304391,1.8819119999999998,NLD,LTU,5505
2094491,163,130,1281,1995,32196.0,0.0,1.019741,0.394241,NOR,LTU,5505
2094492,177,130,1281,1995,27686.0,103617.0,0.76393,1.802648,POL,LTU,5505
2094493,81,133,1281,1995,36132.0,0.0,1.8656979999999999,1.107121,GBR,MAC,5505
2094494,97,133,1281,1995,1788.0,0.0,0.5244449999999999,2.682738,HKG,MAC,5505
2094495,77,136,1281,1995,275845.0,0.0,1.768484,0.765537,FRA,MDG,5505
2094496,151,136,1281,1995,11224.0,0.0,-0.432644,-0.574298,MUS,MDG,5505
2094497,162,136,1281,1995,33645.0,0.0,1.304391,1.8819119999999998,NLD,MDG,5505
2094498,71,151,1281,1995,0.0,1484.0,1.144247,1.933844,ESP,MUS,5505
2094499,81,151,1281,1995,42309.0,318097.0,1.8656979999999999,1.107121,GBR,MUS,5505
2094500,116,151,1281,1995,0.0,3563.0,-0.303773,0.111305,KEN,MUS,5505
2094501,121,151,1281,1995,17768.0,0.0,0.845175,1.2761799999999999,KOR,MUS,5505
2094502,136,151,1281,1995,0.0,11224.0,-1.178074,-0.6167,MDG,MUS,5505
2094503,246,151,1281,1995,2964.0,1748.0,0.468112,1.039817,ZAF,MUS,5505
2094504,77,184,1281,1995,1812.0,0.0,1.768484,0.765537,FRA,REU,5505
2094505,111,184,1281,1995,9687.0,0.0,1.503379,1.449094,ITA,REU,5505
2094506,231,2,1281,1995,26711.0,0.0,1.771648,1.184,USA,AGO,5505
2094507,81,4,1281,1995,5932.0,0.0,1.8656979999999999,1.107121,GBR,ALB,5505
2094508,140,4,1281,1995,12108.0,0.0,0.34174,0.648467,MKD,ALB,5505
2094509,231,6,1281,1995,15848.0,0.0,1.771648,1.184,USA,ANT,5505
2094510,81,7,1281,1995,5552.0,0.0,1.8656979999999999,1.107121,GBR,ARE,5505
2094511,104,7,1281,1995,128153.0,0.0,0.156183,1.9617380000000002,IND,ARE,5505
2094512,231,7,1281,1995,194915.0,0.0,1.771648,1.184,USA,ARE,5505
2094513,81,13,1281,1995,2550.0,0.0,1.8656979999999999,1.107121,GBR,ATG,5505
2094514,231,19,1281,1995,262520.0,0.0,1.771648,1.184,USA,BEN,5505
2094515,61,23,1281,1995,1029.0,0.0,2.325385,-2.2238189999999998,DEU,BGR,5505
2094516,81,23,1281,1995,27051.0,0.0,1.8656979999999999,1.107121,GBR,BGR,5505
2094517,132,23,1281,1995,21443.0,0.0,0.25453400000000004,0.174809,LVA,BGR,5505
2094518,140,23,1281,1995,6000.0,0.0,0.34174,0.648467,MKD,BGR,5505
2094519,224,23,1281,1995,0.0,621634.0,0.166794,1.209066,TUR,BGR,5505
2094520,59,28,1281,1995,0.0,41657.0,1.375091,1.628069,CZE,BLR,5505
2094521,61,28,1281,1995,0.0,510582.0,2.325385,-2.2238189999999998,DEU,BLR,5505
2094522,77,28,1281,1995,0.0,44690.0,1.768484,0.765537,FRA,BLR,5505
2094523,100,28,1281,1995,0.0,8109.0,0.75325,1.395715,HRV,BLR,5505
2094524,111,28,1281,1995,0.0,117572.0,1.503379,1.449094,ITA,BLR,5505
2094525,130,28,1281,1995,3900.0,28613.0,0.41220500000000004,0.966966,LTU,BLR,5505
2094526,132,28,1281,1995,0.0,32092.0,0.25453400000000004,0.174809,LVA,BLR,5505
2094527,135,28,1281,1995,0.0,1836.0,0.394058,0.124474,MDA,BLR,5505
2094528,162,28,1281,1995,0.0,185734.0,1.304391,1.8819119999999998,NLD,BLR,5505
2094529,177,28,1281,1995,0.0,476129.0,0.76393,1.802648,POL,BLR,5505
2094530,224,28,1281,1995,0.0,162843.0,0.166794,1.209066,TUR,BLR,5505
2094531,231,83,1281,1995,31774.0,0.0,1.771648,1.184,USA,GHA,5505
2094532,81,109,1281,1995,4225.0,0.0,1.8656979999999999,1.107121,GBR,ISL,5505
2094533,231,112,1281,1995,26245.0,0.0,1.771648,1.184,USA,JAM,5505
2094534,39,116,1281,1995,11256.0,0.0,1.077804,1.0724200000000002,CAN,KEN,5505
2094535,81,116,1281,1995,689318.0,0.0,1.8656979999999999,1.107121,GBR,KEN,5505
2094536,104,116,1281,1995,11932.0,0.0,0.156183,1.9617380000000002,IND,KEN,5505
2094537,111,116,1281,1995,2337074.0,0.0,1.503379,1.449094,ITA,KEN,5505
2094538,151,116,1281,1995,3563.0,0.0,-0.432644,-0.574298,MUS,KEN,5505
2094539,188,116,1281,1995,0.0,15858.0,0.401573,-0.6676529999999999,SAU,KEN,5505
2094540,246,116,1281,1995,17098.0,0.0,0.468112,1.039817,ZAF,KEN,5505
2094541,188,122,1281,1995,5864.0,0.0,0.401573,-0.6676529999999999,SAU,KWT,5505
2094542,18,124,1281,1995,59242.0,0.0,1.615588,1.394102,BEL,LBN,5505
2094543,77,124,1281,1995,34746.0,0.0,1.768484,0.765537,FRA,LBN,5505
2094544,81,124,1281,1995,43033.0,0.0,1.8656979999999999,1.107121,GBR,LBN,5505
2094545,111,124,1281,1995,1342.0,0.0,1.503379,1.449094,ITA,LBN,5505
2094546,231,124,1281,1995,3496.0,0.0,1.771648,1.184,USA,LBN,5505
2094547,18,128,1281,1995,45069.0,0.0,1.615588,1.394102,BEL,LKA,5505
2094548,104,128,1281,1995,6563.0,0.0,0.156183,1.9617380000000002,IND,LKA,5505
2094549,121,128,1281,1995,0.0,149874.0,0.845175,1.2761799999999999,KOR,LKA,5505
2094550,216,128,1281,1995,89227.0,0.0,0.174522,1.608058,THA,LKA,5505
2094551,231,128,1281,1995,20428.0,0.0,1.771648,1.184,USA,LKA,5505
2094552,246,147,1281,1995,6819.0,0.0,0.468112,1.039817,ZAF,MOZ,5505
2094553,81,159,1281,1995,188493.0,46826.0,1.8656979999999999,1.107121,GBR,NGA,5505
2094554,104,159,1281,1995,24070.0,0.0,0.156183,1.9617380000000002,IND,NGA,5505
2094555,111,159,1281,1995,85059.0,0.0,1.503379,1.449094,ITA,NGA,5505
2094556,157,159,1281,1995,0.0,4258.0,-0.288248,-0.592174,NER,NGA,5505
2094557,162,159,1281,1995,108409.0,0.0,1.304391,1.8819119999999998,NLD,NGA,5505
2094558,231,159,1281,1995,1213977.0,0.0,1.771648,1.184,USA,NGA,5505
2094559,231,180,1281,1995,1061.0,0.0,1.771648,1.184,USA,PRY,5505
2094560,140,189,1281,1995,38730.0,0.0,0.34174,0.648467,MKD,SCG,5505
2094561,231,191,1281,1995,115062.0,0.0,1.771648,1.184,USA,SEN,5505
2094562,18,212,1281,1995,3558.0,0.0,1.615588,1.394102,BEL,SYR,5505
2094563,81,212,1281,1995,0.0,7059.0,1.8656979999999999,1.107121,GBR,SYR,5505
2094564,111,212,1281,1995,18254.0,0.0,1.503379,1.449094,ITA,SYR,5505
2094565,231,212,1281,1995,1283718.0,0.0,1.771648,1.184,USA,SYR,5505
2094566,61,232,1281,1995,0.0,21285.0,2.325385,-2.2238189999999998,DEU,UZB,5505
2094567,224,16,1281,1995,0.0,9400.0,0.166794,1.209066,TUR,AZE,5505
2094568,231,21,1281,1995,91395.0,0.0,1.771648,1.184,USA,BFA,5505
2094569,100,26,1281,1995,1447.0,0.0,0.75325,1.395715,HRV,BIH,5505
2094570,138,57,1281,1995,315537.0,0.0,0.6414300000000001,0.9697520000000001,MEX,CYM,5505
2094571,224,82,1281,1995,0.0,65814.0,0.166794,1.209066,TUR,GEO,5505
2094572,231,96,1281,1995,30147.0,0.0,1.771648,1.184,USA,GUY,5505
2094573,216,118,1281,1995,44161.0,0.0,0.174522,1.608058,THA,KHM,5505
2094574,231,141,1281,1995,4604.0,0.0,1.771648,1.184,USA,MLI,5505
2094575,159,157,1281,1995,4258.0,0.0,-2.108206,-1.2017520000000002,NGA,NER,5505
2094576,104,178,1281,1995,0.0,129368.0,0.156183,1.9617380000000002,IND,PRK,5505
2094577,162,178,1281,1995,9357.0,0.0,1.304391,1.8819119999999998,NLD,PRK,5505
2094578,231,0,1281,1995,39781.0,0.0,1.771648,1.184,USA,ABW,5505
2094579,106,237,1281,1995,0.0,16257.0,1.349192,0.992099,IRL,VGB,5505
2094580,138,237,1281,1995,138000.0,0.0,0.6414300000000001,0.9697520000000001,MEX,VGB,5505
2094581,231,218,1281,1995,14000.0,0.0,1.771648,1.184,USA,TKL,5505
2094582,8,15,1295,1995,0.0,13685.0,0.245885,0.5489850000000001,ARG,AUT,5603
2094583,14,15,1295,1995,0.0,140887.0,0.44442,0.789292,AUS,AUT,5603
2094584,18,15,1295,1995,4151742.0,273128.0,1.615588,1.394102,BEL,AUT,5603
2094585,26,15,1295,1995,4695.0,0.0,0.208931,0.053763,BIH,AUT,5603
2094586,32,15,1295,1995,0.0,54689.0,0.687171,1.188647,BRA,AUT,5603
2094587,39,15,1295,1995,10873.0,113530.0,1.077804,1.0724200000000002,CAN,AUT,5603
2094588,41,15,1295,1995,1641063.0,345053.0,2.1893029999999998,0.82765,CHE,AUT,5603
2094589,42,15,1295,1995,0.0,16438.0,-0.073436,-0.192675,CHL,AUT,5603
2094590,43,15,1295,1995,36394.0,1168.0,0.387897,3.2147919999999996,CHN,AUT,5603
2094591,59,15,1295,1995,2059361.0,2228588.0,1.375091,1.628069,CZE,AUT,5603
2094592,61,15,1295,1995,31901330.0,4689336.0,2.325385,-2.2238189999999998,DEU,AUT,5603
2094593,64,15,1295,1995,26276.0,5270.0,1.3800270000000001,1.489036,DNK,AUT,5603
2094594,67,15,1295,1995,1003.0,0.0,-0.948154,-0.9595790000000001,ECU,AUT,5603
2094595,71,15,1295,1995,34003.0,12495.0,1.144247,1.933844,ESP,AUT,5603
2094596,74,15,1295,1995,15287.0,76319.0,2.0085740000000003,1.126816,FIN,AUT,5603
2094597,77,15,1295,1995,523910.0,137204.0,1.768484,0.765537,FRA,AUT,5603
2094598,81,15,1295,1995,430676.0,372007.0,1.8656979999999999,1.107121,GBR,AUT,5603
2094599,97,15,1295,1995,72776.0,533436.0,0.5244449999999999,2.682738,HKG,AUT,5603
2094600,100,15,1295,1995,286717.0,150938.0,0.75325,1.395715,HRV,AUT,5603
2094601,102,15,1295,1995,285608.0,2080639.0,0.878711,1.8200060000000002,HUN,AUT,5603
2094602,103,15,1295,1995,0.0,205993.0,-0.391727,1.174727,IDN,AUT,5603
2094603,104,15,1295,1995,0.0,91530.0,0.156183,1.9617380000000002,IND,AUT,5603
2094604,106,15,1295,1995,16174.0,0.0,1.349192,0.992099,IRL,AUT,5603
2094605,111,15,1295,1995,8422954.0,741372.0,1.503379,1.449094,ITA,AUT,5603
2094606,114,15,1295,1995,495674.0,0.0,2.56822,0.927307,JPN,AUT,5603
2094607,121,15,1295,1995,20910.0,15946.0,0.845175,1.2761799999999999,KOR,AUT,5603
2094608,138,15,1295,1995,58407.0,0.0,0.6414300000000001,0.9697520000000001,MEX,AUT,5603
2094609,153,15,1295,1995,1550.0,0.0,0.357745,0.374284,MYS,AUT,5603
2094610,157,15,1295,1995,7567.0,0.0,-0.288248,-0.592174,NER,AUT,5603
2094611,162,15,1295,1995,6053836.0,83597.0,1.304391,1.8819119999999998,NLD,AUT,5603
2094612,163,15,1295,1995,1301.0,3099.0,1.019741,0.394241,NOR,AUT,5603
2094613,177,15,1295,1995,195439.0,503506.0,0.76393,1.802648,POL,AUT,5603
2094614,179,15,1295,1995,55808.0,38461.0,0.412677,1.254009,PRT,AUT,5603
2094615,185,15,1295,1995,0.0,211876.0,0.621468,1.038729,ROU,AUT,5603
2094616,206,15,1295,1995,6442.0,470057.0,1.2249780000000001,1.405585,SVK,AUT,5603
2094617,207,15,1295,1995,564881.0,242655.0,1.424606,1.490521,SVN,AUT,5603
2094618,208,15,1295,1995,558133.0,26495.0,2.246997,1.060171,SWE,AUT,5603
2094619,216,15,1295,1995,0.0,338824.0,0.174522,1.608058,THA,AUT,5603
2094620,223,15,1295,1995,0.0,12094.0,-0.253792,-0.044331,TUN,AUT,5603
2094621,224,15,1295,1995,0.0,5242.0,0.166794,1.209066,TUR,AUT,5603
2094622,231,15,1295,1995,1553507.0,69523.0,1.771648,1.184,USA,AUT,5603
2094623,246,15,1295,1995,0.0,58226.0,0.468112,1.039817,ZAF,AUT,5603
2094624,249,15,1295,1995,7142.0,0.0,1.345205,1.9337389999999999,TWN,AUT,5603
2094625,250,15,1295,1995,0.0,3335508.0,1.034518,0.9735149999999999,ANS,AUT,5603
2094626,2,18,1295,1995,0.0,3393.0,-2.2342459999999997,-1.1147639999999999,AGO,BEL,5603
2094627,7,18,1295,1995,0.0,1375452.0,-0.205166,-0.6132380000000001,ARE,BEL,5603
2094628,8,18,1295,1995,0.0,422697.0,0.245885,0.5489850000000001,ARG,BEL,5603
2094629,14,18,1295,1995,0.0,852569.0,0.44442,0.789292,AUS,BEL,5603
2094630,15,18,1295,1995,273128.0,4151742.0,2.000295,0.661255,AUT,BEL,5603
2094631,22,18,1295,1995,0.0,18840.0,-1.037175,-0.983195,BGD,BEL,5603
2094632,23,18,1295,1995,0.0,1105234.0,0.436138,1.086561,BGR,BEL,5603
2094633,24,18,1295,1995,0.0,17146.0,-0.239166,-0.8627950000000001,BHR,BEL,5603
2094634,32,18,1295,1995,5913.0,154517.0,0.687171,1.188647,BRA,BEL,5603
2094635,39,18,1295,1995,48819.0,3429045.0,1.077804,1.0724200000000002,CAN,BEL,5603
2094636,41,18,1295,1995,400610.0,3450295.0,2.1893029999999998,0.82765,CHE,BEL,5603
2094637,42,18,1295,1995,0.0,9166.0,-0.073436,-0.192675,CHL,BEL,5603
2094638,43,18,1295,1995,6432.0,21602318.0,0.387897,3.2147919999999996,CHN,BEL,5603
2094639,46,18,1295,1995,0.0,1652.0,-1.4672459999999998,-1.0777139999999998,COD,BEL,5603
2094640,49,18,1295,1995,0.0,28507.0,0.094335,0.13047999999999998,COL,BEL,5603
2094641,58,18,1295,1995,0.0,10862.0,0.263764,0.030358999999999997,CYP,BEL,5603
2094642,59,18,1295,1995,32451.0,286920.0,1.375091,1.628069,CZE,BEL,5603
2094643,61,18,1295,1995,47976824.0,82218096.0,2.325385,-2.2238189999999998,DEU,BEL,5603
2094644,64,18,1295,1995,58047.0,2921482.0,1.3800270000000001,1.489036,DNK,BEL,5603
2094645,65,18,1295,1995,0.0,359276.0,-0.635482,-0.746526,DOM,BEL,5603
2094646,66,18,1295,1995,0.0,138150.0,-0.555409,-1.037972,DZA,BEL,5603
2094647,68,18,1295,1995,82680.0,204264.0,-0.340042,-0.085601,EGY,BEL,5603
2094648,71,18,1295,1995,1742765.0,10088082.0,1.144247,1.933844,ESP,BEL,5603
2094649,72,18,1295,1995,0.0,7716.0,0.530041,1.134288,EST,BEL,5603
2094650,74,18,1295,1995,43492.0,1927492.0,2.0085740000000003,1.126816,FIN,BEL,5603
2094651,77,18,1295,1995,16195300.0,55354576.0,1.768484,0.765537,FRA,BEL,5603
2094652,81,18,1295,1995,4888686.0,49319508.0,1.8656979999999999,1.107121,GBR,BEL,5603
2094653,83,18,1295,1995,0.0,43393.0,-1.247755,-1.070455,GHA,BEL,5603
2094654,90,18,1295,1995,0.0,636292.0,0.17369,0.885756,GRC,BEL,5603
2094655,97,18,1295,1995,0.0,1664261.0,0.5244449999999999,2.682738,HKG,BEL,5603
2094656,100,18,1295,1995,0.0,27887.0,0.75325,1.395715,HRV,BEL,5603
2094657,102,18,1295,1995,11523.0,146983.0,0.878711,1.8200060000000002,HUN,BEL,5603
2094658,103,18,1295,1995,0.0,191612.0,-0.391727,1.174727,IDN,BEL,5603
2094659,104,18,1295,1995,0.0,739840.0,0.156183,1.9617380000000002,IND,BEL,5603
2094660,106,18,1295,1995,36772.0,2133577.0,1.349192,0.992099,IRL,BEL,5603
2094661,109,18,1295,1995,0.0,13699.0,0.161331,-0.45210100000000003,ISL,BEL,5603
2094662,110,18,1295,1995,1359293.0,443802.0,1.205368,1.189434,ISR,BEL,5603
2094663,111,18,1295,1995,18280818.0,18998910.0,1.503379,1.449094,ITA,BEL,5603
2094664,112,18,1295,1995,0.0,14302.0,-0.873925,-0.952304,JAM,BEL,5603
2094665,113,18,1295,1995,0.0,2474.0,0.666542,0.326785,JOR,BEL,5603
2094666,114,18,1295,1995,2849415.0,29326346.0,2.56822,0.927307,JPN,BEL,5603
2094667,116,18,1295,1995,0.0,15785.0,-0.303773,0.111305,KEN,BEL,5603
2094668,121,18,1295,1995,1498.0,1243700.0,0.845175,1.2761799999999999,KOR,BEL,5603
2094669,122,18,1295,1995,0.0,42634.0,-0.226273,-1.02354,KWT,BEL,5603
2094670,124,18,1295,1995,0.0,42890.0,0.027416000000000003,0.327795,LBN,BEL,5603
2094671,128,18,1295,1995,0.0,334979.0,-0.8358030000000001,-0.29397199999999996,LKA,BEL,5603
2094672,130,18,1295,1995,1227.0,38413.0,0.41220500000000004,0.966966,LTU,BEL,5603
2094673,132,18,1295,1995,0.0,2228.0,0.25453400000000004,0.174809,LVA,BEL,5603
2094674,134,18,1295,1995,0.0,360160.0,-0.6481210000000001,-0.22345,MAR,BEL,5603
2094675,138,18,1295,1995,84975.0,85901.0,0.6414300000000001,0.9697520000000001,MEX,BEL,5603
2094676,140,18,1295,1995,0.0,29113.0,0.34174,0.648467,MKD,BEL,5603
2094677,142,18,1295,1995,0.0,4584.0,0.842519,0.11882899999999999,MLT,BEL,5603
2094678,151,18,1295,1995,0.0,54600.0,-0.432644,-0.574298,MUS,BEL,5603
2094679,153,18,1295,1995,0.0,2045520.0,0.357745,0.374284,MYS,BEL,5603
2094680,159,18,1295,1995,0.0,4387.0,-2.108206,-1.2017520000000002,NGA,BEL,5603
2094681,162,18,1295,1995,23566008.0,25030918.0,1.304391,1.8819119999999998,NLD,BEL,5603
2094682,163,18,1295,1995,10186.0,1274416.0,1.019741,0.394241,NOR,BEL,5603
2094683,166,18,1295,1995,10180.0,574032.0,0.5558270000000001,0.773271,NZL,BEL,5603
2094684,168,18,1295,1995,0.0,37779.0,-0.707965,-0.324784,PAK,BEL,5603
2094685,174,18,1295,1995,0.0,50121.0,-0.480548,0.076564,PHL,BEL,5603
2094686,177,18,1295,1995,6593.0,1166975.0,0.76393,1.802648,POL,BEL,5603
2094687,178,18,1295,1995,0.0,1176.0,0.46509799999999996,0.645496,PRK,BEL,5603
2094688,179,18,1295,1995,10014.0,761919.0,0.412677,1.254009,PRT,BEL,5603
2094689,183,18,1295,1995,0.0,8826.0,-0.721352,-1.0827799999999999,QAT,BEL,5603
2094690,185,18,1295,1995,867.0,121578.0,0.621468,1.038729,ROU,BEL,5603
2094691,186,18,1295,1995,0.0,130729.0,0.364437,0.171494,RUS,BEL,5603
2094692,188,18,1295,1995,0.0,1743924.0,0.401573,-0.6676529999999999,SAU,BEL,5603
2094693,192,18,1295,1995,0.0,1379811.0,0.747684,0.4745,SGP,BEL,5603
2094694,205,18,1295,1995,0.0,1721.0,-0.75729,-0.8253459999999999,SUR,BEL,5603
2094695,206,18,1295,1995,53732.0,9425.0,1.2249780000000001,1.405585,SVK,BEL,5603
2094696,207,18,1295,1995,0.0,21206.0,1.424606,1.490521,SVN,BEL,5603
2094697,208,18,1295,1995,5737412.0,9220084.0,2.246997,1.060171,SWE,BEL,5603
2094698,212,18,1295,1995,0.0,31274.0,-0.8829469999999999,-0.809407,SYR,BEL,5603
2094699,216,18,1295,1995,0.0,185965.0,0.174522,1.608058,THA,BEL,5603
2094700,223,18,1295,1995,1148.0,2604692.0,-0.253792,-0.044331,TUN,BEL,5603
2094701,224,18,1295,1995,0.0,396917.0,0.166794,1.209066,TUR,BEL,5603
2094702,230,18,1295,1995,0.0,10978.0,0.45133900000000005,0.50831,URY,BEL,5603
2094703,231,18,1295,1995,60398948.0,47938892.0,1.771648,1.184,USA,BEL,5603
2094704,236,18,1295,1995,0.0,4133.0,0.299294,-0.635474,VEN,BEL,5603
2094705,246,18,1295,1995,0.0,978951.0,0.468112,1.039817,ZAF,BEL,5603
2094706,249,18,1295,1995,12219.0,2738430.0,1.345205,1.9337389999999999,TWN,BEL,5603
2094707,231,30,1295,1995,16613.0,0.0,1.771648,1.184,USA,BMU,5603
2094708,7,32,1295,1995,0.0,816228.0,-0.205166,-0.6132380000000001,ARE,BRA,5603
2094709,8,32,1295,1995,4396456.0,8509592.0,0.245885,0.5489850000000001,ARG,BRA,5603
2094710,15,32,1295,1995,54689.0,0.0,2.000295,0.661255,AUT,BRA,5603
2094711,18,32,1295,1995,154517.0,5913.0,1.615588,1.394102,BEL,BRA,5603
2094712,31,32,1295,1995,0.0,1143499.0,-0.440583,-0.688389,BOL,BRA,5603
2094713,39,32,1295,1995,13352.0,103255.0,1.077804,1.0724200000000002,CAN,BRA,5603
2094714,41,32,1295,1995,31919.0,0.0,2.1893029999999998,0.82765,CHE,BRA,5603
2094715,42,32,1295,1995,299714.0,3643826.0,-0.073436,-0.192675,CHL,BRA,5603
2094716,43,32,1295,1995,76818.0,43899.0,0.387897,3.2147919999999996,CHN,BRA,5603
2094717,49,32,1295,1995,0.0,426895.0,0.094335,0.13047999999999998,COL,BRA,5603
2094718,52,32,1295,1995,0.0,41202.0,-0.30094699999999996,-0.046285,CRI,BRA,5603
2094719,61,32,1295,1995,1482554.0,11577.0,2.325385,-2.2238189999999998,DEU,BRA,5603
2094720,65,32,1295,1995,0.0,57861.0,-0.635482,-0.746526,DOM,BRA,5603
2094721,67,32,1295,1995,0.0,456520.0,-0.948154,-0.9595790000000001,ECU,BRA,5603
2094722,71,32,1295,1995,589308.0,3381.0,1.144247,1.933844,ESP,BRA,5603
2094723,77,32,1295,1995,684426.0,0.0,1.768484,0.765537,FRA,BRA,5603
2094724,81,32,1295,1995,227427.0,0.0,1.8656979999999999,1.107121,GBR,BRA,5603
2094725,85,32,1295,1995,0.0,7305.0,-1.304768,-1.077826,GIN,BRA,5603
2094726,93,32,1295,1995,0.0,37445.0,-0.241468,0.170932,GTM,BRA,5603
2094727,102,32,1295,1995,3382.0,0.0,0.878711,1.8200060000000002,HUN,BRA,5603
2094728,106,32,1295,1995,17180.0,0.0,1.349192,0.992099,IRL,BRA,5603
2094729,110,32,1295,1995,527977.0,0.0,1.205368,1.189434,ISR,BRA,5603
2094730,111,32,1295,1995,12906815.0,71402.0,1.503379,1.449094,ITA,BRA,5603
2094731,113,32,1295,1995,0.0,50515.0,0.666542,0.326785,JOR,BRA,5603
2094732,114,32,1295,1995,12429057.0,25015.0,2.56822,0.927307,JPN,BRA,5603
2094733,121,32,1295,1995,3563482.0,0.0,0.845175,1.2761799999999999,KOR,BRA,5603
2094734,138,32,1295,1995,61867.0,286987.0,0.6414300000000001,0.9697520000000001,MEX,BRA,5603
2094735,160,32,1295,1995,0.0,25164.0,-0.395096,-0.559934,NIC,BRA,5603
2094736,162,32,1295,1995,802559.0,0.0,1.304391,1.8819119999999998,NLD,BRA,5603
2094737,163,32,1295,1995,0.0,11444.0,1.019741,0.394241,NOR,BRA,5603
2094738,169,32,1295,1995,0.0,1703.0,-0.019815,0.050906,PAN,BRA,5603
2094739,173,32,1295,1995,5590.0,531282.0,-0.263859,-0.21032800000000001,PER,BRA,5603
2094740,179,32,1295,1995,2268.0,0.0,0.412677,1.254009,PRT,BRA,5603
2094741,180,32,1295,1995,0.0,533999.0,-0.283544,-0.640898,PRY,BRA,5603
2094742,188,32,1295,1995,0.0,54612.0,0.401573,-0.6676529999999999,SAU,BRA,5603
2094743,208,32,1295,1995,1299.0,20025.0,2.246997,1.060171,SWE,BRA,5603
2094744,222,32,1295,1995,0.0,63164.0,0.254658,-0.496058,TTO,BRA,5603
2094745,230,32,1295,1995,110168.0,707238.0,0.45133900000000005,0.50831,URY,BRA,5603
2094746,231,32,1295,1995,7845767.0,769801.0,1.771648,1.184,USA,BRA,5603
2094747,236,32,1295,1995,0.0,691910.0,0.299294,-0.635474,VEN,BRA,5603
2094748,246,32,1295,1995,164682.0,50260.0,0.468112,1.039817,ZAF,BRA,5603
2094749,249,32,1295,1995,1175700.0,0.0,1.345205,1.9337389999999999,TWN,BRA,5603
2094750,4,43,1295,1995,0.0,27080.0,-0.39273,-0.47259300000000004,ALB,CHN,5603
2094751,7,43,1295,1995,0.0,821248.0,-0.205166,-0.6132380000000001,ARE,CHN,5603
2094752,8,43,1295,1995,0.0,19562.0,0.245885,0.5489850000000001,ARG,CHN,5603
2094753,14,43,1295,1995,58967.0,75312.0,0.44442,0.789292,AUS,CHN,5603
2094754,15,43,1295,1995,1168.0,36394.0,2.000295,0.661255,AUT,CHN,5603
2094755,16,43,1295,1995,0.0,1543.0,-0.084566,-0.839039,AZE,CHN,5603
2094756,18,43,1295,1995,21602318.0,6432.0,1.615588,1.394102,BEL,CHN,5603
2094757,22,43,1295,1995,6956.0,2460.0,-1.037175,-0.983195,BGD,CHN,5603
2094758,24,43,1295,1995,0.0,5203.0,-0.239166,-0.8627950000000001,BHR,CHN,5603
2094759,32,43,1295,1995,43899.0,76818.0,0.687171,1.188647,BRA,CHN,5603
2094760,39,43,1295,1995,22975.0,112209.0,1.077804,1.0724200000000002,CAN,CHN,5603
2094761,41,43,1295,1995,34730.0,9127.0,2.1893029999999998,0.82765,CHE,CHN,5603
2094762,42,43,1295,1995,0.0,9107.0,-0.073436,-0.192675,CHL,CHN,5603
2094763,44,43,1295,1995,0.0,16103.0,-0.781656,-0.74293,CIV,CHN,5603
2094764,54,43,1295,1995,0.0,688115.0,-0.315644,-0.8812110000000001,CUB,CHN,5603
2094765,59,43,1295,1995,804.0,898.0,1.375091,1.628069,CZE,CHN,5603
2094766,61,43,1295,1995,3241161.0,304974.0,2.325385,-2.2238189999999998,DEU,CHN,5603
2094767,64,43,1295,1995,49343.0,48636.0,1.3800270000000001,1.489036,DNK,CHN,5603
2094768,67,43,1295,1995,0.0,54992.0,-0.948154,-0.9595790000000001,ECU,CHN,5603
2094769,68,43,1295,1995,0.0,649723.0,-0.340042,-0.085601,EGY,CHN,5603
2094770,71,43,1295,1995,13129.0,105059.0,1.144247,1.933844,ESP,CHN,5603
2094771,74,43,1295,1995,12939.0,0.0,2.0085740000000003,1.126816,FIN,CHN,5603
2094772,77,43,1295,1995,754046.0,8782.0,1.768484,0.765537,FRA,CHN,5603
2094773,81,43,1295,1995,126776.0,18200.0,1.8656979999999999,1.107121,GBR,CHN,5603
2094774,83,43,1295,1995,0.0,12492.0,-1.247755,-1.070455,GHA,CHN,5603
2094775,90,43,1295,1995,0.0,26643.0,0.17369,0.885756,GRC,CHN,5603
2094776,97,43,1295,1995,31001544.0,20495474.0,0.5244449999999999,2.682738,HKG,CHN,5603
2094777,99,43,1295,1995,0.0,6736.0,-0.765536,-0.668834,HND,CHN,5603
2094778,103,43,1295,1995,37190.0,786338.0,-0.391727,1.174727,IDN,CHN,5603
2094779,104,43,1295,1995,18864.0,170294.0,0.156183,1.9617380000000002,IND,CHN,5603
2094780,106,43,1295,1995,0.0,1879.0,1.349192,0.992099,IRL,CHN,5603
2094781,107,43,1295,1995,4769.0,0.0,-0.821991,-1.071013,IRN,CHN,5603
2094782,110,43,1295,1995,0.0,94937.0,1.205368,1.189434,ISR,CHN,5603
2094783,111,43,1295,1995,600498.0,455496.0,1.503379,1.449094,ITA,CHN,5603
2094784,113,43,1295,1995,0.0,46227.0,0.666542,0.326785,JOR,CHN,5603
2094785,114,43,1295,1995,65063728.0,1059441.0,2.56822,0.927307,JPN,CHN,5603
2094786,115,43,1295,1995,0.0,6059.0,0.280262,-0.285508,KAZ,CHN,5603
2094787,116,43,1295,1995,0.0,118277.0,-0.303773,0.111305,KEN,CHN,5603
2094788,118,43,1295,1995,0.0,4660.0,-1.275951,-1.144633,KHM,CHN,5603
2094789,121,43,1295,1995,49286904.0,2821284.0,0.845175,1.2761799999999999,KOR,CHN,5603
2094790,122,43,1295,1995,0.0,78592.0,-0.226273,-1.02354,KWT,CHN,5603
2094791,124,43,1295,1995,0.0,3571.0,0.027416000000000003,0.327795,LBN,CHN,5603
2094792,128,43,1295,1995,1615.0,117727.0,-0.8358030000000001,-0.29397199999999996,LKA,CHN,5603
2094793,133,43,1295,1995,104505.0,20212.0,-0.149794,-0.26961799999999997,MAC,CHN,5603
2094794,134,43,1295,1995,0.0,15029.0,-0.6481210000000001,-0.22345,MAR,CHN,5603
2094795,138,43,1295,1995,0.0,32707.0,0.6414300000000001,0.9697520000000001,MEX,CHN,5603
2094796,142,43,1295,1995,0.0,916.0,0.842519,0.11882899999999999,MLT,CHN,5603
2094797,143,43,1295,1995,0.0,9229.0,-1.5669309999999999,-1.124558,MMR,CHN,5603
2094798,145,43,1295,1995,0.0,33494.0,-0.653135,-1.023557,MNG,CHN,5603
2094799,151,43,1295,1995,0.0,8293.0,-0.432644,-0.574298,MUS,CHN,5603
2094800,152,43,1295,1995,0.0,18432.0,-1.1277709999999999,-1.0603049999999998,MWI,CHN,5603
2094801,153,43,1295,1995,285269.0,124758.0,0.357745,0.374284,MYS,CHN,5603
2094802,159,43,1295,1995,0.0,14364.0,-2.108206,-1.2017520000000002,NGA,CHN,5603
2094803,162,43,1295,1995,216248.0,935.0,1.304391,1.8819119999999998,NLD,CHN,5603
2094804,166,43,1295,1995,0.0,4543.0,0.5558270000000001,0.773271,NZL,CHN,5603
2094805,168,43,1295,1995,0.0,83134.0,-0.707965,-0.324784,PAK,CHN,5603
2094806,174,43,1295,1995,2072.0,149628.0,-0.480548,0.076564,PHL,CHN,5603
2094807,176,43,1295,1995,0.0,3056.0,-2.387352,-1.200933,PNG,CHN,5603
2094808,177,43,1295,1995,0.0,249715.0,0.76393,1.802648,POL,CHN,5603
2094809,178,43,1295,1995,0.0,146274.0,0.46509799999999996,0.645496,PRK,CHN,5603
2094810,179,43,1295,1995,0.0,16592.0,0.412677,1.254009,PRT,CHN,5603
2094811,180,43,1295,1995,1839.0,0.0,-0.283544,-0.640898,PRY,CHN,5603
2094812,183,43,1295,1995,0.0,12511.0,-0.721352,-1.0827799999999999,QAT,CHN,5603
2094813,186,43,1295,1995,0.0,7894.0,0.364437,0.171494,RUS,CHN,5603
2094814,188,43,1295,1995,0.0,58015.0,0.401573,-0.6676529999999999,SAU,CHN,5603
2094815,192,43,1295,1995,80085.0,264405.0,0.747684,0.4745,SGP,CHN,5603
2094816,197,43,1295,1995,0.0,1220.0,-0.17119600000000001,0.027889999999999998,SLV,CHN,5603
2094817,208,43,1295,1995,770755.0,17068.0,2.246997,1.060171,SWE,CHN,5603
2094818,215,43,1295,1995,0.0,25588.0,-0.962727,-0.873151,TGO,CHN,5603
2094819,216,43,1295,1995,100010.0,500313.0,0.174522,1.608058,THA,CHN,5603
2094820,222,43,1295,1995,0.0,5290.0,0.254658,-0.496058,TTO,CHN,5603
2094821,223,43,1295,1995,0.0,14024.0,-0.253792,-0.044331,TUN,CHN,5603
2094822,224,43,1295,1995,0.0,13685.0,0.166794,1.209066,TUR,CHN,5603
2094823,226,43,1295,1995,0.0,2785.0,-1.219949,-0.8698969999999999,TZA,CHN,5603
2094824,231,43,1295,1995,3514768.0,748551.0,1.771648,1.184,USA,CHN,5603
2094825,239,43,1295,1995,0.0,161381.0,-1.0462069999999999,-0.269063,VNM,CHN,5603
2094826,246,43,1295,1995,31725.0,60871.0,0.468112,1.039817,ZAF,CHN,5603
2094827,248,43,1295,1995,0.0,16689.0,-0.054752999999999996,0.326737,ZWE,CHN,5603
2094828,249,43,1295,1995,54341364.0,490246.0,1.345205,1.9337389999999999,TWN,CHN,5603
2094829,250,43,1295,1995,2228098.0,0.0,1.034518,0.9735149999999999,ANS,CHN,5603
2094830,8,49,1295,1995,76646.0,2046.0,0.245885,0.5489850000000001,ARG,COL,5603
2094831,18,49,1295,1995,28507.0,0.0,1.615588,1.394102,BEL,COL,5603
2094832,32,49,1295,1995,426895.0,0.0,0.687171,1.188647,BRA,COL,5603
2094833,39,49,1295,1995,1504.0,0.0,1.077804,1.0724200000000002,CAN,COL,5603
2094834,41,49,1295,1995,1663.0,0.0,2.1893029999999998,0.82765,CHE,COL,5603
2094835,42,49,1295,1995,0.0,905639.0,-0.073436,-0.192675,CHL,COL,5603
2094836,52,49,1295,1995,713.0,6278.0,-0.30094699999999996,-0.046285,CRI,COL,5603
2094837,54,49,1295,1995,0.0,39318.0,-0.315644,-0.8812110000000001,CUB,COL,5603
2094838,61,49,1295,1995,560903.0,0.0,2.325385,-2.2238189999999998,DEU,COL,5603
2094839,65,49,1295,1995,0.0,55897.0,-0.635482,-0.746526,DOM,COL,5603
2094840,67,49,1295,1995,70572.0,1239838.0,-0.948154,-0.9595790000000001,ECU,COL,5603
2094841,71,49,1295,1995,33321.0,0.0,1.144247,1.933844,ESP,COL,5603
2094842,77,49,1295,1995,2429.0,0.0,1.768484,0.765537,FRA,COL,5603
2094843,81,49,1295,1995,4297.0,0.0,1.8656979999999999,1.107121,GBR,COL,5603
2094844,93,49,1295,1995,0.0,94511.0,-0.241468,0.170932,GTM,COL,5603
2094845,97,49,1295,1995,11716.0,0.0,0.5244449999999999,2.682738,HKG,COL,5603
2094846,101,49,1295,1995,0.0,1750.0,-0.761827,-0.6020310000000001,HTI,COL,5603
2094847,111,49,1295,1995,482576.0,0.0,1.503379,1.449094,ITA,COL,5603
2094848,114,49,1295,1995,752142.0,0.0,2.56822,0.927307,JPN,COL,5603
2094849,121,49,1295,1995,175476.0,0.0,0.845175,1.2761799999999999,KOR,COL,5603
2094850,138,49,1295,1995,676885.0,539245.0,0.6414300000000001,0.9697520000000001,MEX,COL,5603
2094851,142,49,1295,1995,0.0,3740.0,0.842519,0.11882899999999999,MLT,COL,5603
2094852,162,49,1295,1995,42025.0,0.0,1.304391,1.8819119999999998,NLD,COL,5603
2094853,169,49,1295,1995,0.0,10051.0,-0.019815,0.050906,PAN,COL,5603
2094854,173,49,1295,1995,0.0,1158831.0,-0.263859,-0.21032800000000001,PER,COL,5603
2094855,178,49,1295,1995,5713.0,0.0,0.46509799999999996,0.645496,PRK,COL,5603
2094856,197,49,1295,1995,0.0,1213.0,-0.17119600000000001,0.027889999999999998,SLV,COL,5603
2094857,205,49,1295,1995,0.0,7114.0,-0.75729,-0.8253459999999999,SUR,COL,5603
2094858,224,49,1295,1995,0.0,27423.0,0.166794,1.209066,TUR,COL,5603
2094859,230,49,1295,1995,0.0,279346.0,0.45133900000000005,0.50831,URY,COL,5603
2094860,231,49,1295,1995,3009800.0,64369.0,1.771648,1.184,USA,COL,5603
2094861,236,49,1295,1995,681965.0,1724039.0,0.299294,-0.635474,VEN,COL,5603
2094862,249,49,1295,1995,10346.0,0.0,1.345205,1.9337389999999999,TWN,COL,5603
2094863,250,49,1295,1995,6356.0,4708.0,1.034518,0.9735149999999999,ANS,COL,5603
2094864,32,52,1295,1995,41202.0,0.0,0.687171,1.188647,BRA,CRI,5603
2094865,39,52,1295,1995,23221.0,0.0,1.077804,1.0724200000000002,CAN,CRI,5603
2094866,41,52,1295,1995,2198.0,0.0,2.1893029999999998,0.82765,CHE,CRI,5603
2094867,49,52,1295,1995,6278.0,713.0,0.094335,0.13047999999999998,COL,CRI,5603
2094868,61,52,1295,1995,7680.0,0.0,2.325385,-2.2238189999999998,DEU,CRI,5603
2094869,81,52,1295,1995,19601.0,0.0,1.8656979999999999,1.107121,GBR,CRI,5603
2094870,93,52,1295,1995,1855.0,0.0,-0.241468,0.170932,GTM,CRI,5603
2094871,97,52,1295,1995,21288.0,0.0,0.5244449999999999,2.682738,HKG,CRI,5603
2094872,111,52,1295,1995,177140.0,0.0,1.503379,1.449094,ITA,CRI,5603
2094873,121,52,1295,1995,74590.0,0.0,0.845175,1.2761799999999999,KOR,CRI,5603
2094874,138,52,1295,1995,81079.0,0.0,0.6414300000000001,0.9697520000000001,MEX,CRI,5603
2094875,160,52,1295,1995,0.0,2780.0,-0.395096,-0.559934,NIC,CRI,5603
2094876,169,52,1295,1995,1134.0,124026.0,-0.019815,0.050906,PAN,CRI,5603
2094877,197,52,1295,1995,3717.0,4164.0,-0.17119600000000001,0.027889999999999998,SLV,CRI,5603
2094878,231,52,1295,1995,2770432.0,0.0,1.771648,1.184,USA,CRI,5603
2094879,249,52,1295,1995,30959.0,0.0,1.345205,1.9337389999999999,TWN,CRI,5603
2094880,2,61,1295,1995,0.0,4279.0,-2.2342459999999997,-1.1147639999999999,AGO,DEU,5603
2094881,4,61,1295,1995,0.0,312194.0,-0.39273,-0.47259300000000004,ALB,DEU,5603
2094882,5,61,1295,1995,0.0,5247.0,1.126269,0.577384,AND,DEU,5603
2094883,6,61,1295,1995,0.0,16208.0,-0.020759,-0.653863,ANT,DEU,5603
2094884,7,61,1295,1995,0.0,2121532.0,-0.205166,-0.6132380000000001,ARE,DEU,5603
2094885,8,61,1295,1995,1389.0,862301.0,0.245885,0.5489850000000001,ARG,DEU,5603
2094886,14,61,1295,1995,3963.0,7201849.0,0.44442,0.789292,AUS,DEU,5603
2094887,15,61,1295,1995,4689336.0,31901330.0,2.000295,0.661255,AUT,DEU,5603
2094888,16,61,1295,1995,12833.0,0.0,-0.084566,-0.839039,AZE,DEU,5603
2094889,17,61,1295,1995,0.0,38423.0,-1.435347,-0.9015,BDI,DEU,5603
2094890,18,61,1295,1995,82218096.0,47976824.0,1.615588,1.394102,BEL,DEU,5603
2094891,21,61,1295,1995,0.0,52918.0,-0.695354,-0.902185,BFA,DEU,5603
2094892,22,61,1295,1995,0.0,78501.0,-1.037175,-0.983195,BGD,DEU,5603
2094893,23,61,1295,1995,13667.0,2730956.0,0.436138,1.086561,BGR,DEU,5603
2094894,24,61,1295,1995,0.0,2116.0,-0.239166,-0.8627950000000001,BHR,DEU,5603
2094895,26,61,1295,1995,0.0,96230.0,0.208931,0.053763,BIH,DEU,5603
2094896,28,61,1295,1995,0.0,1700994.0,0.5290279999999999,0.27031700000000003,BLR,DEU,5603
2094897,31,61,1295,1995,0.0,3319.0,-0.440583,-0.688389,BOL,DEU,5603
2094898,32,61,1295,1995,11577.0,1482554.0,0.687171,1.188647,BRA,DEU,5603
2094899,39,61,1295,1995,69489.0,980519.0,1.077804,1.0724200000000002,CAN,DEU,5603
2094900,41,61,1295,1995,9147593.0,23897570.0,2.1893029999999998,0.82765,CHE,DEU,5603
2094901,42,61,1295,1995,0.0,2321956.0,-0.073436,-0.192675,CHL,DEU,5603
2094902,43,61,1295,1995,304974.0,3241161.0,0.387897,3.2147919999999996,CHN,DEU,5603
2094903,44,61,1295,1995,0.0,130289.0,-0.781656,-0.74293,CIV,DEU,5603
2094904,46,61,1295,1995,0.0,19486.0,-1.4672459999999998,-1.0777139999999998,COD,DEU,5603
2094905,49,61,1295,1995,0.0,560903.0,0.094335,0.13047999999999998,COL,DEU,5603
2094906,52,61,1295,1995,0.0,7680.0,-0.30094699999999996,-0.046285,CRI,DEU,5603
2094907,58,61,1295,1995,12360.0,909494.0,0.263764,0.030358999999999997,CYP,DEU,5603
2094908,59,61,1295,1995,4376076.0,14781186.0,1.375091,1.628069,CZE,DEU,5603
2094909,63,61,1295,1995,0.0,22041.0,0.803902,0.307064,DMA,DEU,5603
2094910,64,61,1295,1995,429187.0,22128840.0,1.3800270000000001,1.489036,DNK,DEU,5603
2094911,66,61,1295,1995,0.0,13749.0,-0.555409,-1.037972,DZA,DEU,5603
2094912,67,61,1295,1995,0.0,25952.0,-0.948154,-0.9595790000000001,ECU,DEU,5603
2094913,68,61,1295,1995,8560.0,1414206.0,-0.340042,-0.085601,EGY,DEU,5603
2094914,71,61,1295,1995,14249963.0,49835432.0,1.144247,1.933844,ESP,DEU,5603
2094915,72,61,1295,1995,43853.0,643576.0,0.530041,1.134288,EST,DEU,5603
2094916,73,61,1295,1995,0.0,9976.0,-1.3387120000000001,-1.123621,ETH,DEU,5603
2094917,74,61,1295,1995,9293104.0,9021220.0,2.0085740000000003,1.126816,FIN,DEU,5603
2094918,75,61,1295,1995,0.0,36879.0,-0.998257,-0.9565629999999999,FJI,DEU,5603
2094919,77,61,1295,1995,37968528.0,94246520.0,1.768484,0.765537,FRA,DEU,5603
2094920,78,61,1295,1995,0.0,14455.0,-0.8247260000000001,-0.791759,FRO,DEU,5603
2094921,81,61,1295,1995,31407186.0,96376848.0,1.8656979999999999,1.107121,GBR,DEU,5603
2094922,82,61,1295,1995,0.0,46838.0,1.082754,0.059275,GEO,DEU,5603
2094923,83,61,1295,1995,0.0,18315.0,-1.247755,-1.070455,GHA,DEU,5603
2094924,86,61,1295,1995,0.0,1241.0,0.563491,-0.18852,GLP,DEU,5603
2094925,90,61,1295,1995,86103.0,9535629.0,0.17369,0.885756,GRC,DEU,5603
2094926,93,61,1295,1995,0.0,69733.0,-0.241468,0.170932,GTM,DEU,5603
2094927,94,61,1295,1995,0.0,1966.0,1.1777959999999998,-0.052863,GUF,DEU,5603
2094928,97,61,1295,1995,13805.0,19726242.0,0.5244449999999999,2.682738,HKG,DEU,5603
2094929,100,61,1295,1995,1430688.0,13569068.0,0.75325,1.395715,HRV,DEU,5603
2094930,101,61,1295,1995,0.0,9204.0,-0.761827,-0.6020310000000001,HTI,DEU,5603
2094931,102,61,1295,1995,358169.0,10870574.0,0.878711,1.8200060000000002,HUN,DEU,5603
2094932,103,61,1295,1995,31506.0,3647330.0,-0.391727,1.174727,IDN,DEU,5603
2094933,104,61,1295,1995,10213.0,3786075.0,0.156183,1.9617380000000002,IND,DEU,5603
2094934,106,61,1295,1995,328835.0,1032211.0,1.349192,0.992099,IRL,DEU,5603
2094935,107,61,1295,1995,0.0,173616.0,-0.821991,-1.071013,IRN,DEU,5603
2094936,108,61,1295,1995,0.0,41468.0,-0.813404,-0.7444390000000001,IRQ,DEU,5603
2094937,109,61,1295,1995,0.0,188463.0,0.161331,-0.45210100000000003,ISL,DEU,5603
2094938,110,61,1295,1995,1109612.0,4309626.0,1.205368,1.189434,ISR,DEU,5603
2094939,111,61,1295,1995,71762176.0,50918048.0,1.503379,1.449094,ITA,DEU,5603
2094940,113,61,1295,1995,0.0,217524.0,0.666542,0.326785,JOR,DEU,5603
2094941,114,61,1295,1995,29370428.0,12343237.0,2.56822,0.927307,JPN,DEU,5603
2094942,115,61,1295,1995,3410.0,4301.0,0.280262,-0.285508,KAZ,DEU,5603
2094943,116,61,1295,1995,0.0,32486.0,-0.303773,0.111305,KEN,DEU,5603
2094944,117,61,1295,1995,0.0,4167.0,0.361272,0.047797000000000006,KGZ,DEU,5603
2094945,118,61,1295,1995,0.0,63326.0,-1.275951,-1.144633,KHM,DEU,5603
2094946,121,61,1295,1995,1305550.0,3783029.0,0.845175,1.2761799999999999,KOR,DEU,5603
2094947,122,61,1295,1995,0.0,220633.0,-0.226273,-1.02354,KWT,DEU,5603
2094948,124,61,1295,1995,0.0,307460.0,0.027416000000000003,0.327795,LBN,DEU,5603
2094949,126,61,1295,1995,0.0,26649.0,-0.353547,-1.019464,LBY,DEU,5603
2094950,127,61,1295,1995,0.0,2229.0,0.194177,-0.359444,LCA,DEU,5603
2094951,128,61,1295,1995,19151.0,4954354.0,-0.8358030000000001,-0.29397199999999996,LKA,DEU,5603
2094952,130,61,1295,1995,1225.0,1513338.0,0.41220500000000004,0.966966,LTU,DEU,5603
2094953,132,61,1295,1995,4456.0,1540117.0,0.25453400000000004,0.174809,LVA,DEU,5603
2094954,134,61,1295,1995,1548616.0,5448847.0,-0.6481210000000001,-0.22345,MAR,DEU,5603
2094955,135,61,1295,1995,0.0,1927487.0,0.394058,0.124474,MDA,DEU,5603
2094956,136,61,1295,1995,0.0,6996.0,-1.178074,-0.6167,MDG,DEU,5603
2094957,138,61,1295,1995,3477040.0,1226442.0,0.6414300000000001,0.9697520000000001,MEX,DEU,5603
2094958,140,61,1295,1995,0.0,1945891.0,0.34174,0.648467,MKD,DEU,5603
2094959,141,61,1295,1995,0.0,2139.0,-0.807662,-0.952101,MLI,DEU,5603
2094960,142,61,1295,1995,6483.0,837237.0,0.842519,0.11882899999999999,MLT,DEU,5603
2094961,151,61,1295,1995,0.0,100620.0,-0.432644,-0.574298,MUS,DEU,5603
2094962,153,61,1295,1995,0.0,468731.0,0.357745,0.374284,MYS,DEU,5603
2094963,157,61,1295,1995,0.0,961.0,-0.288248,-0.592174,NER,DEU,5603
2094964,159,61,1295,1995,0.0,48000.0,-2.108206,-1.2017520000000002,NGA,DEU,5603
2094965,162,61,1295,1995,71575976.0,56954872.0,1.304391,1.8819119999999998,NLD,DEU,5603
2094966,163,61,1295,1995,41313.0,7667564.0,1.019741,0.394241,NOR,DEU,5603
2094967,166,61,1295,1995,0.0,612388.0,0.5558270000000001,0.773271,NZL,DEU,5603
2094968,167,61,1295,1995,0.0,164578.0,-0.328853,-0.946069,OMN,DEU,5603
2094969,168,61,1295,1995,0.0,30012.0,-0.707965,-0.324784,PAK,DEU,5603
2094970,169,61,1295,1995,0.0,15662.0,-0.019815,0.050906,PAN,DEU,5603
2094971,173,61,1295,1995,1009.0,25648.0,-0.263859,-0.21032800000000001,PER,DEU,5603
2094972,174,61,1295,1995,0.0,1007133.0,-0.480548,0.076564,PHL,DEU,5603
2094973,177,61,1295,1995,1924539.0,53787744.0,0.76393,1.802648,POL,DEU,5603
2094974,178,61,1295,1995,0.0,858093.0,0.46509799999999996,0.645496,PRK,DEU,5603
2094975,179,61,1295,1995,523690.0,11982842.0,0.412677,1.254009,PRT,DEU,5603
2094976,183,61,1295,1995,0.0,10000.0,-0.721352,-1.0827799999999999,QAT,DEU,5603
2094977,185,61,1295,1995,79208.0,24055004.0,0.621468,1.038729,ROU,DEU,5603
2094978,186,61,1295,1995,1855.0,8785571.0,0.364437,0.171494,RUS,DEU,5603
2094979,188,61,1295,1995,0.0,7256622.0,0.401573,-0.6676529999999999,SAU,DEU,5603
2094980,189,61,1295,1995,0.0,51213.0,1.032118,1.180409,SCG,DEU,5603
2094981,191,61,1295,1995,0.0,74791.0,-0.94962,-0.970988,SEN,DEU,5603
2094982,192,61,1295,1995,0.0,2534358.0,0.747684,0.4745,SGP,DEU,5603
2094983,197,61,1295,1995,0.0,16309.0,-0.17119600000000001,0.027889999999999998,SLV,DEU,5603
2094984,205,61,1295,1995,0.0,13497.0,-0.75729,-0.8253459999999999,SUR,DEU,5603
2094985,206,61,1295,1995,26955.0,3199510.0,1.2249780000000001,1.405585,SVK,DEU,5603
2094986,207,61,1295,1995,6934434.0,11562316.0,1.424606,1.490521,SVN,DEU,5603
2094987,208,61,1295,1995,20997404.0,23769142.0,2.246997,1.060171,SWE,DEU,5603
2094988,212,61,1295,1995,0.0,98801.0,-0.8829469999999999,-0.809407,SYR,DEU,5603
2094989,216,61,1295,1995,25278.0,4102521.0,0.174522,1.608058,THA,DEU,5603
2094990,222,61,1295,1995,0.0,1940.0,0.254658,-0.496058,TTO,DEU,5603
2094991,223,61,1295,1995,0.0,5612108.0,-0.253792,-0.044331,TUN,DEU,5603
2094992,224,61,1295,1995,411537.0,16138936.0,0.166794,1.209066,TUR,DEU,5603
2094993,228,61,1295,1995,0.0,4003740.0,0.428875,0.20489899999999997,UKR,DEU,5603
2094994,230,61,1295,1995,0.0,12377.0,0.45133900000000005,0.50831,URY,DEU,5603
2094995,231,61,1295,1995,20146700.0,13427420.0,1.771648,1.184,USA,DEU,5603
2094996,236,61,1295,1995,0.0,17633.0,0.299294,-0.635474,VEN,DEU,5603
2094997,239,61,1295,1995,0.0,12165780.0,-1.0462069999999999,-0.269063,VNM,DEU,5603
2094998,243,61,1295,1995,0.0,34134.0,-1.302346,-1.135961,YEM,DEU,5603
2094999,246,61,1295,1995,0.0,7091061.0,0.468112,1.039817,ZAF,DEU,5603
2095000,247,61,1295,1995,0.0,6842.0,-0.214763,-0.721675,ZMB,DEU,5603
2095001,248,61,1295,1995,0.0,4887.0,-0.054752999999999996,0.326737,ZWE,DEU,5603
2095002,249,61,1295,1995,1926064.0,3168276.0,1.345205,1.9337389999999999,TWN,DEU,5603
2095003,250,61,1295,1995,0.0,121109.0,1.034518,0.9735149999999999,ANS,DEU,5603
2095004,4,64,1295,1995,0.0,2598.0,-0.39273,-0.47259300000000004,ALB,DNK,5603
2095005,15,64,1295,1995,5270.0,26276.0,2.000295,0.661255,AUT,DNK,5603
2095006,18,64,1295,1995,2921482.0,58047.0,1.615588,1.394102,BEL,DNK,5603
2095007,23,64,1295,1995,0.0,2807.0,0.436138,1.086561,BGR,DNK,5603
2095008,28,64,1295,1995,0.0,12323.0,0.5290279999999999,0.27031700000000003,BLR,DNK,5603
2095009,41,64,1295,1995,148109.0,8343.0,2.1893029999999998,0.82765,CHE,DNK,5603
2095010,43,64,1295,1995,48636.0,49343.0,0.387897,3.2147919999999996,CHN,DNK,5603
2095011,59,64,1295,1995,29827.0,2330.0,1.375091,1.628069,CZE,DNK,5603
2095012,61,64,1295,1995,22128840.0,429187.0,2.325385,-2.2238189999999998,DEU,DNK,5603
2095013,71,64,1295,1995,31924.0,110700.0,1.144247,1.933844,ESP,DNK,5603
2095014,72,64,1295,1995,0.0,24967.0,0.530041,1.134288,EST,DNK,5603
2095015,74,64,1295,1995,376440.0,44994.0,2.0085740000000003,1.126816,FIN,DNK,5603
2095016,77,64,1295,1995,3168080.0,35924.0,1.768484,0.765537,FRA,DNK,5603
2095017,78,64,1295,1995,0.0,33955.0,-0.8247260000000001,-0.791759,FRO,DNK,5603
2095018,81,64,1295,1995,2151603.0,27823.0,1.8656979999999999,1.107121,GBR,DNK,5603
2095019,90,64,1295,1995,0.0,67578.0,0.17369,0.885756,GRC,DNK,5603
2095020,92,64,1295,1995,0.0,4647.0,-0.723404,-0.794883,GRL,DNK,5603
2095021,97,64,1295,1995,0.0,804118.0,0.5244449999999999,2.682738,HKG,DNK,5603
2095022,102,64,1295,1995,139518.0,16797.0,0.878711,1.8200060000000002,HUN,DNK,5603
2095023,104,64,1295,1995,0.0,2375.0,0.156183,1.9617380000000002,IND,DNK,5603
2095024,109,64,1295,1995,0.0,17186.0,0.161331,-0.45210100000000003,ISL,DNK,5603
2095025,110,64,1295,1995,0.0,13450.0,1.205368,1.189434,ISR,DNK,5603
2095026,111,64,1295,1995,4239838.0,86553.0,1.503379,1.449094,ITA,DNK,5603
2095027,114,64,1295,1995,1806927.0,1441.0,2.56822,0.927307,JPN,DNK,5603
2095028,121,64,1295,1995,44915.0,92570.0,0.845175,1.2761799999999999,KOR,DNK,5603
2095029,130,64,1295,1995,1793.0,8829.0,0.41220500000000004,0.966966,LTU,DNK,5603
2095030,132,64,1295,1995,0.0,8310.0,0.25453400000000004,0.174809,LVA,DNK,5603
2095031,162,64,1295,1995,3099270.0,235855.0,1.304391,1.8819119999999998,NLD,DNK,5603
2095032,163,64,1295,1995,22064.0,717260.0,1.019741,0.394241,NOR,DNK,5603
2095033,177,64,1295,1995,0.0,800470.0,0.76393,1.802648,POL,DNK,5603
2095034,179,64,1295,1995,2835.0,31649.0,0.412677,1.254009,PRT,DNK,5603
2095035,185,64,1295,1995,0.0,13098.0,0.621468,1.038729,ROU,DNK,5603
2095036,186,64,1295,1995,0.0,17193.0,0.364437,0.171494,RUS,DNK,5603
2095037,192,64,1295,1995,0.0,46139.0,0.747684,0.4745,SGP,DNK,5603
2095038,206,64,1295,1995,33856.0,0.0,1.2249780000000001,1.405585,SVK,DNK,5603
2095039,207,64,1295,1995,0.0,2424.0,1.424606,1.490521,SVN,DNK,5603
2095040,208,64,1295,1995,2456626.0,223656.0,2.246997,1.060171,SWE,DNK,5603
2095041,215,64,1295,1995,0.0,12272.0,-0.962727,-0.873151,TGO,DNK,5603
2095042,223,64,1295,1995,0.0,17899.0,-0.253792,-0.044331,TUN,DNK,5603
2095043,224,64,1295,1995,0.0,1308.0,0.166794,1.209066,TUR,DNK,5603
2095044,228,64,1295,1995,0.0,15381.0,0.428875,0.20489899999999997,UKR,DNK,5603
2095045,231,64,1295,1995,171145.0,744444.0,1.771648,1.184,USA,DNK,5603
2095046,246,64,1295,1995,0.0,42703.0,0.468112,1.039817,ZAF,DNK,5603
2095047,248,64,1295,1995,0.0,10958.0,-0.054752999999999996,0.326737,ZWE,DNK,5603
2095048,249,64,1295,1995,122921.0,0.0,1.345205,1.9337389999999999,TWN,DNK,5603
2095049,250,64,1295,1995,2640.0,0.0,1.034518,0.9735149999999999,ANS,DNK,5603
2095050,5,71,1295,1995,0.0,43221.0,1.126269,0.577384,AND,ESP,5603
2095051,7,71,1295,1995,0.0,10046.0,-0.205166,-0.6132380000000001,ARE,ESP,5603
2095052,8,71,1295,1995,0.0,451582.0,0.245885,0.5489850000000001,ARG,ESP,5603
2095053,14,71,1295,1995,3655.0,20110.0,0.44442,0.789292,AUS,ESP,5603
2095054,15,71,1295,1995,12495.0,34003.0,2.000295,0.661255,AUT,ESP,5603
2095055,18,71,1295,1995,10088082.0,1742765.0,1.615588,1.394102,BEL,ESP,5603
2095056,24,71,1295,1995,0.0,1003.0,-0.239166,-0.8627950000000001,BHR,ESP,5603
2095057,32,71,1295,1995,3381.0,589308.0,0.687171,1.188647,BRA,ESP,5603
2095058,39,71,1295,1995,18387.0,127359.0,1.077804,1.0724200000000002,CAN,ESP,5603
2095059,41,71,1295,1995,249534.0,11955.0,2.1893029999999998,0.82765,CHE,ESP,5603
2095060,42,71,1295,1995,0.0,155926.0,-0.073436,-0.192675,CHL,ESP,5603
2095061,43,71,1295,1995,105059.0,13129.0,0.387897,3.2147919999999996,CHN,ESP,5603
2095062,49,71,1295,1995,0.0,33321.0,0.094335,0.13047999999999998,COL,ESP,5603
2095063,54,71,1295,1995,0.0,15360.0,-0.315644,-0.8812110000000001,CUB,ESP,5603
2095064,58,71,1295,1995,0.0,78170.0,0.263764,0.030358999999999997,CYP,ESP,5603
2095065,59,71,1295,1995,139950.0,478215.0,1.375091,1.628069,CZE,ESP,5603
2095066,61,71,1295,1995,49835432.0,14249963.0,2.325385,-2.2238189999999998,DEU,ESP,5603
2095067,64,71,1295,1995,110700.0,31924.0,1.3800270000000001,1.489036,DNK,ESP,5603
2095068,65,71,1295,1995,0.0,48252.0,-0.635482,-0.746526,DOM,ESP,5603
2095069,66,71,1295,1995,0.0,328411.0,-0.555409,-1.037972,DZA,ESP,5603
2095070,67,71,1295,1995,0.0,15617.0,-0.948154,-0.9595790000000001,ECU,ESP,5603
2095071,68,71,1295,1995,0.0,21918.0,-0.340042,-0.085601,EGY,ESP,5603
2095072,72,71,1295,1995,0.0,768.0,0.530041,1.134288,EST,ESP,5603
2095073,74,71,1295,1995,20279588.0,21351.0,2.0085740000000003,1.126816,FIN,ESP,5603
2095074,77,71,1295,1995,10089042.0,4418212.0,1.768484,0.765537,FRA,ESP,5603
2095075,81,71,1295,1995,2958636.0,1354802.0,1.8656979999999999,1.107121,GBR,ESP,5603
2095076,83,71,1295,1995,0.0,34095.0,-1.247755,-1.070455,GHA,ESP,5603
2095077,90,71,1295,1995,0.0,589357.0,0.17369,0.885756,GRC,ESP,5603
2095078,93,71,1295,1995,0.0,15482.0,-0.241468,0.170932,GTM,ESP,5603
2095079,97,71,1295,1995,50039.0,1424050.0,0.5244449999999999,2.682738,HKG,ESP,5603
2095080,102,71,1295,1995,637832.0,12611.0,0.878711,1.8200060000000002,HUN,ESP,5603
2095081,103,71,1295,1995,0.0,98073.0,-0.391727,1.174727,IDN,ESP,5603
2095082,104,71,1295,1995,0.0,1277.0,0.156183,1.9617380000000002,IND,ESP,5603
2095083,106,71,1295,1995,232208.0,82795.0,1.349192,0.992099,IRL,ESP,5603
2095084,110,71,1295,1995,94088.0,345835.0,1.205368,1.189434,ISR,ESP,5603
2095085,111,71,1295,1995,24480858.0,4958496.0,1.503379,1.449094,ITA,ESP,5603
2095086,113,71,1295,1995,0.0,161832.0,0.666542,0.326785,JOR,ESP,5603
2095087,114,71,1295,1995,960340.0,225633.0,2.56822,0.927307,JPN,ESP,5603
2095088,121,71,1295,1995,1874552.0,14824.0,0.845175,1.2761799999999999,KOR,ESP,5603
2095089,124,71,1295,1995,0.0,41127.0,0.027416000000000003,0.327795,LBN,ESP,5603
2095090,134,71,1295,1995,518133.0,4021308.0,-0.6481210000000001,-0.22345,MAR,ESP,5603
2095091,138,71,1295,1995,124652.0,413126.0,0.6414300000000001,0.9697520000000001,MEX,ESP,5603
2095092,153,71,1295,1995,0.0,6365.0,0.357745,0.374284,MYS,ESP,5603
2095093,162,71,1295,1995,4670174.0,819887.0,1.304391,1.8819119999999998,NLD,ESP,5603
2095094,163,71,1295,1995,13496.0,56596.0,1.019741,0.394241,NOR,ESP,5603
2095095,167,71,1295,1995,0.0,1738.0,-0.328853,-0.946069,OMN,ESP,5603
2095096,168,71,1295,1995,0.0,48271.0,-0.707965,-0.324784,PAK,ESP,5603
2095097,173,71,1295,1995,0.0,41083.0,-0.263859,-0.21032800000000001,PER,ESP,5603
2095098,177,71,1295,1995,0.0,1286877.0,0.76393,1.802648,POL,ESP,5603
2095099,179,71,1295,1995,1098312.0,8126047.0,0.412677,1.254009,PRT,ESP,5603
2095100,185,71,1295,1995,0.0,1455.0,0.621468,1.038729,ROU,ESP,5603
2095101,188,71,1295,1995,0.0,124079.0,0.401573,-0.6676529999999999,SAU,ESP,5603
2095102,192,71,1295,1995,0.0,96832.0,0.747684,0.4745,SGP,ESP,5603
2095103,206,71,1295,1995,0.0,4523.0,1.2249780000000001,1.405585,SVK,ESP,5603
2095104,207,71,1295,1995,0.0,8407.0,1.424606,1.490521,SVN,ESP,5603
2095105,208,71,1295,1995,2961588.0,50654.0,2.246997,1.060171,SWE,ESP,5603
2095106,212,71,1295,1995,1407.0,45424.0,-0.8829469999999999,-0.809407,SYR,ESP,5603
2095107,216,71,1295,1995,0.0,195496.0,0.174522,1.608058,THA,ESP,5603
2095108,223,71,1295,1995,0.0,214129.0,-0.253792,-0.044331,TUN,ESP,5603
2095109,224,71,1295,1995,0.0,187140.0,0.166794,1.209066,TUR,ESP,5603
2095110,230,71,1295,1995,0.0,10408.0,0.45133900000000005,0.50831,URY,ESP,5603
2095111,231,71,1295,1995,1059306.0,266904.0,1.771648,1.184,USA,ESP,5603
2095112,246,71,1295,1995,0.0,29882.0,0.468112,1.039817,ZAF,ESP,5603
2095113,249,71,1295,1995,28645.0,155649.0,1.345205,1.9337389999999999,TWN,ESP,5603
2095114,250,71,1295,1995,0.0,1468.0,1.034518,0.9735149999999999,ANS,ESP,5603
2095115,14,74,1295,1995,0.0,200171.0,0.44442,0.789292,AUS,FIN,5603
2095116,15,74,1295,1995,76319.0,15287.0,2.000295,0.661255,AUT,FIN,5603
2095117,18,74,1295,1995,1927492.0,43492.0,1.615588,1.394102,BEL,FIN,5603
2095118,39,74,1295,1995,0.0,2111.0,1.077804,1.0724200000000002,CAN,FIN,5603
2095119,41,74,1295,1995,90944.0,90208.0,2.1893029999999998,0.82765,CHE,FIN,5603
2095120,42,74,1295,1995,0.0,201244.0,-0.073436,-0.192675,CHL,FIN,5603
2095121,43,74,1295,1995,0.0,12939.0,0.387897,3.2147919999999996,CHN,FIN,5603
2095122,59,74,1295,1995,175348.0,2186.0,1.375091,1.628069,CZE,FIN,5603
2095123,61,74,1295,1995,9021220.0,9293104.0,2.325385,-2.2238189999999998,DEU,FIN,5603
2095124,64,74,1295,1995,44994.0,376440.0,1.3800270000000001,1.489036,DNK,FIN,5603
2095125,67,74,1295,1995,0.0,58606.0,-0.948154,-0.9595790000000001,ECU,FIN,5603
2095126,68,74,1295,1995,0.0,52234.0,-0.340042,-0.085601,EGY,FIN,5603
2095127,71,74,1295,1995,21351.0,20279588.0,1.144247,1.933844,ESP,FIN,5603
2095128,72,74,1295,1995,23253.0,293033.0,0.530041,1.134288,EST,FIN,5603
2095129,77,74,1295,1995,2194744.0,1509006.0,1.768484,0.765537,FRA,FIN,5603
2095130,81,74,1295,1995,1494550.0,1054256.0,1.8656979999999999,1.107121,GBR,FIN,5603
2095131,90,74,1295,1995,0.0,34222.0,0.17369,0.885756,GRC,FIN,5603
2095132,97,74,1295,1995,0.0,23752.0,0.5244449999999999,2.682738,HKG,FIN,5603
2095133,100,74,1295,1995,0.0,18981.0,0.75325,1.395715,HRV,FIN,5603
2095134,102,74,1295,1995,304392.0,28283.0,0.878711,1.8200060000000002,HUN,FIN,5603
2095135,103,74,1295,1995,0.0,86666.0,-0.391727,1.174727,IDN,FIN,5603
2095136,104,74,1295,1995,3017.0,3763.0,0.156183,1.9617380000000002,IND,FIN,5603
2095137,106,74,1295,1995,0.0,8619.0,1.349192,0.992099,IRL,FIN,5603
2095138,110,74,1295,1995,70339.0,126322.0,1.205368,1.189434,ISR,FIN,5603
2095139,111,74,1295,1995,2868995.0,3747490.0,1.503379,1.449094,ITA,FIN,5603
2095140,113,74,1295,1995,0.0,37523.0,0.666542,0.326785,JOR,FIN,5603
2095141,114,74,1295,1995,63394.0,1967736.0,2.56822,0.927307,JPN,FIN,5603
2095142,121,74,1295,1995,102240.0,224129.0,0.845175,1.2761799999999999,KOR,FIN,5603
2095143,130,74,1295,1995,0.0,44737.0,0.41220500000000004,0.966966,LTU,FIN,5603
2095144,132,74,1295,1995,0.0,10559.0,0.25453400000000004,0.174809,LVA,FIN,5603
2095145,134,74,1295,1995,0.0,12959.0,-0.6481210000000001,-0.22345,MAR,FIN,5603
2095146,153,74,1295,1995,0.0,5263.0,0.357745,0.374284,MYS,FIN,5603
2095147,162,74,1295,1995,1529791.0,1135655.0,1.304391,1.8819119999999998,NLD,FIN,5603
2095148,163,74,1295,1995,41687.0,23497.0,1.019741,0.394241,NOR,FIN,5603
2095149,166,74,1295,1995,0.0,37640.0,0.5558270000000001,0.773271,NZL,FIN,5603
2095150,173,74,1295,1995,0.0,114084.0,-0.263859,-0.21032800000000001,PER,FIN,5603
2095151,177,74,1295,1995,0.0,103033.0,0.76393,1.802648,POL,FIN,5603
2095152,179,74,1295,1995,0.0,75427.0,0.412677,1.254009,PRT,FIN,5603
2095153,186,74,1295,1995,0.0,121519.0,0.364437,0.171494,RUS,FIN,5603
2095154,188,74,1295,1995,0.0,117723.0,0.401573,-0.6676529999999999,SAU,FIN,5603
2095155,192,74,1295,1995,0.0,280370.0,0.747684,0.4745,SGP,FIN,5603
2095156,206,74,1295,1995,1398.0,58695.0,1.2249780000000001,1.405585,SVK,FIN,5603
2095157,207,74,1295,1995,2723.0,0.0,1.424606,1.490521,SVN,FIN,5603
2095158,208,74,1295,1995,3446520.0,594196.0,2.246997,1.060171,SWE,FIN,5603
2095159,216,74,1295,1995,0.0,22509.0,0.174522,1.608058,THA,FIN,5603
2095160,222,74,1295,1995,0.0,183930.0,0.254658,-0.496058,TTO,FIN,5603
2095161,223,74,1295,1995,0.0,43342.0,-0.253792,-0.044331,TUN,FIN,5603
2095162,224,74,1295,1995,0.0,4873.0,0.166794,1.209066,TUR,FIN,5603
2095163,231,74,1295,1995,1556565.0,1588941.0,1.771648,1.184,USA,FIN,5603
2095164,246,74,1295,1995,0.0,26651.0,0.468112,1.039817,ZAF,FIN,5603
2095165,250,74,1295,1995,0.0,101983160.0,1.034518,0.9735149999999999,ANS,FIN,5603
2095166,5,77,1295,1995,0.0,8675.0,1.126269,0.577384,AND,FRA,5603
2095167,7,77,1295,1995,0.0,727511.0,-0.205166,-0.6132380000000001,ARE,FRA,5603
2095168,8,77,1295,1995,0.0,571924.0,0.245885,0.5489850000000001,ARG,FRA,5603
2095169,14,77,1295,1995,71107.0,1109285.0,0.44442,0.789292,AUS,FRA,5603
2095170,15,77,1295,1995,137204.0,523910.0,2.000295,0.661255,AUT,FRA,5603
2095171,18,77,1295,1995,55354576.0,16195300.0,1.615588,1.394102,BEL,FRA,5603
2095172,19,77,1295,1995,0.0,564082.0,-1.142708,-0.9045280000000001,BEN,FRA,5603
2095173,21,77,1295,1995,0.0,82446.0,-0.695354,-0.902185,BFA,FRA,5603
2095174,22,77,1295,1995,0.0,106387.0,-1.037175,-0.983195,BGD,FRA,5603
2095175,23,77,1295,1995,0.0,828415.0,0.436138,1.086561,BGR,FRA,5603
2095176,24,77,1295,1995,0.0,5839.0,-0.239166,-0.8627950000000001,BHR,FRA,5603
2095177,28,77,1295,1995,0.0,100649.0,0.5290279999999999,0.27031700000000003,BLR,FRA,5603
2095178,31,77,1295,1995,0.0,204534.0,-0.440583,-0.688389,BOL,FRA,5603
2095179,32,77,1295,1995,0.0,684426.0,0.687171,1.188647,BRA,FRA,5603
2095180,33,77,1295,1995,0.0,29984.0,1.055447,0.422738,BRB,FRA,5603
2095181,38,77,1295,1995,0.0,4572.0,-0.378162,-0.6538010000000001,CAF,FRA,5603
2095182,39,77,1295,1995,330370.0,1436048.0,1.077804,1.0724200000000002,CAN,FRA,5603
2095183,41,77,1295,1995,2110322.0,6371341.0,2.1893029999999998,0.82765,CHE,FRA,5603
2095184,42,77,1295,1995,0.0,439216.0,-0.073436,-0.192675,CHL,FRA,5603
2095185,43,77,1295,1995,8782.0,754046.0,0.387897,3.2147919999999996,CHN,FRA,5603
2095186,44,77,1295,1995,0.0,587934.0,-0.781656,-0.74293,CIV,FRA,5603
2095187,45,77,1295,1995,0.0,102791.0,-1.121716,-0.9758020000000001,CMR,FRA,5603
2095188,47,77,1295,1995,0.0,93882.0,-0.648521,-1.0392190000000001,COG,FRA,5603
2095189,49,77,1295,1995,0.0,2429.0,0.094335,0.13047999999999998,COL,FRA,5603
2095190,50,77,1295,1995,0.0,8443.0,-0.125195,-0.6788930000000001,COM,FRA,5603
2095191,58,77,1295,1995,0.0,741274.0,0.263764,0.030358999999999997,CYP,FRA,5603
2095192,59,77,1295,1995,141631.0,578928.0,1.375091,1.628069,CZE,FRA,5603
2095193,61,77,1295,1995,94246520.0,37968528.0,2.325385,-2.2238189999999998,DEU,FRA,5603
2095194,64,77,1295,1995,35924.0,3168080.0,1.3800270000000001,1.489036,DNK,FRA,5603
2095195,65,77,1295,1995,0.0,125986.0,-0.635482,-0.746526,DOM,FRA,5603
2095196,66,77,1295,1995,0.0,349568.0,-0.555409,-1.037972,DZA,FRA,5603
2095197,67,77,1295,1995,0.0,36157.0,-0.948154,-0.9595790000000001,ECU,FRA,5603
2095198,68,77,1295,1995,8413.0,83318.0,-0.340042,-0.085601,EGY,FRA,5603
2095199,71,77,1295,1995,4418212.0,10089042.0,1.144247,1.933844,ESP,FRA,5603
2095200,72,77,1295,1995,0.0,65487.0,0.530041,1.134288,EST,FRA,5603
2095201,74,77,1295,1995,1509006.0,2194744.0,2.0085740000000003,1.126816,FIN,FRA,5603
2095202,80,77,1295,1995,0.0,97654.0,-1.445673,-1.099128,GAB,FRA,5603
2095203,81,77,1295,1995,10432735.0,14003211.0,1.8656979999999999,1.107121,GBR,FRA,5603
2095204,83,77,1295,1995,0.0,4777.0,-1.247755,-1.070455,GHA,FRA,5603
2095205,86,77,1295,1995,0.0,70012.0,0.563491,-0.18852,GLP,FRA,5603
2095206,90,77,1295,1995,6416.0,1498790.0,0.17369,0.885756,GRC,FRA,5603
2095207,93,77,1295,1995,0.0,42767.0,-0.241468,0.170932,GTM,FRA,5603
2095208,94,77,1295,1995,0.0,49314.0,1.1777959999999998,-0.052863,GUF,FRA,5603
2095209,97,77,1295,1995,9980.0,2920070.0,0.5244449999999999,2.682738,HKG,FRA,5603
2095210,100,77,1295,1995,6877.0,35917.0,0.75325,1.395715,HRV,FRA,5603
2095211,102,77,1295,1995,207684.0,857329.0,0.878711,1.8200060000000002,HUN,FRA,5603
2095212,103,77,1295,1995,0.0,87138.0,-0.391727,1.174727,IDN,FRA,5603
2095213,104,77,1295,1995,111505.0,489317.0,0.156183,1.9617380000000002,IND,FRA,5603
2095214,106,77,1295,1995,142924.0,377931.0,1.349192,0.992099,IRL,FRA,5603
2095215,107,77,1295,1995,0.0,247861.0,-0.821991,-1.071013,IRN,FRA,5603
2095216,109,77,1295,1995,0.0,10798.0,0.161331,-0.45210100000000003,ISL,FRA,5603
2095217,110,77,1295,1995,4002292.0,1091353.0,1.205368,1.189434,ISR,FRA,5603
2095218,111,77,1295,1995,86572080.0,28305316.0,1.503379,1.449094,ITA,FRA,5603
2095219,113,77,1295,1995,0.0,564548.0,0.666542,0.326785,JOR,FRA,5603
2095220,114,77,1295,1995,3534886.0,2103409.0,2.56822,0.927307,JPN,FRA,5603
2095221,116,77,1295,1995,0.0,72951.0,-0.303773,0.111305,KEN,FRA,5603
2095222,121,77,1295,1995,23208.0,412679.0,0.845175,1.2761799999999999,KOR,FRA,5603
2095223,122,77,1295,1995,0.0,169300.0,-0.226273,-1.02354,KWT,FRA,5603
2095224,124,77,1295,1995,0.0,296561.0,0.027416000000000003,0.327795,LBN,FRA,5603
2095225,126,77,1295,1995,0.0,104736.0,-0.353547,-1.019464,LBY,FRA,5603
2095226,128,77,1295,1995,0.0,50538.0,-0.8358030000000001,-0.29397199999999996,LKA,FRA,5603
2095227,130,77,1295,1995,0.0,28286.0,0.41220500000000004,0.966966,LTU,FRA,5603
2095228,132,77,1295,1995,0.0,95056.0,0.25453400000000004,0.174809,LVA,FRA,5603
2095229,134,77,1295,1995,338878.0,2040968.0,-0.6481210000000001,-0.22345,MAR,FRA,5603
2095230,135,77,1295,1995,0.0,6336.0,0.394058,0.124474,MDA,FRA,5603
2095231,136,77,1295,1995,0.0,43872.0,-1.178074,-0.6167,MDG,FRA,5603
2095232,138,77,1295,1995,67474.0,69566.0,0.6414300000000001,0.9697520000000001,MEX,FRA,5603
2095233,140,77,1295,1995,0.0,207488.0,0.34174,0.648467,MKD,FRA,5603
2095234,141,77,1295,1995,0.0,95525.0,-0.807662,-0.952101,MLI,FRA,5603
2095235,142,77,1295,1995,0.0,72988.0,0.842519,0.11882899999999999,MLT,FRA,5603
2095236,148,77,1295,1995,0.0,58419.0,-1.935629,-1.178304,MRT,FRA,5603
2095237,150,77,1295,1995,0.0,188366.0,0.68423,-0.22968200000000003,MTQ,FRA,5603
2095238,151,77,1295,1995,0.0,125624.0,-0.432644,-0.574298,MUS,FRA,5603
2095239,153,77,1295,1995,754203.0,191616.0,0.357745,0.374284,MYS,FRA,5603
2095240,156,77,1295,1995,0.0,76935.0,-1.326035,-0.826058,NCL,FRA,5603
2095241,162,77,1295,1995,23180756.0,25405748.0,1.304391,1.8819119999999998,NLD,FRA,5603
2095242,163,77,1295,1995,33737.0,789830.0,1.019741,0.394241,NOR,FRA,5603
2095243,166,77,1295,1995,0.0,117863.0,0.5558270000000001,0.773271,NZL,FRA,5603
2095244,167,77,1295,1995,0.0,173676.0,-0.328853,-0.946069,OMN,FRA,5603
2095245,173,77,1295,1995,0.0,916.0,-0.263859,-0.21032800000000001,PER,FRA,5603
2095246,177,77,1295,1995,1649.0,4260614.0,0.76393,1.802648,POL,FRA,5603
2095247,179,77,1295,1995,1306611.0,3309737.0,0.412677,1.254009,PRT,FRA,5603
2095248,182,77,1295,1995,0.0,49065.0,-0.33641,-0.696238,PYF,FRA,5603
2095249,183,77,1295,1995,0.0,4237.0,-0.721352,-1.0827799999999999,QAT,FRA,5603
2095250,184,77,1295,1995,0.0,141777.0,0.728825,-0.178569,REU,FRA,5603
2095251,185,77,1295,1995,1842.0,398016.0,0.621468,1.038729,ROU,FRA,5603
2095252,186,77,1295,1995,0.0,2492370.0,0.364437,0.171494,RUS,FRA,5603
2095253,188,77,1295,1995,0.0,3932037.0,0.401573,-0.6676529999999999,SAU,FRA,5603
2095254,190,77,1295,1995,0.0,1283.0,-0.776567,-0.963823,SDN,FRA,5603
2095255,191,77,1295,1995,0.0,498237.0,-0.94962,-0.970988,SEN,FRA,5603
2095256,192,77,1295,1995,0.0,767331.0,0.747684,0.4745,SGP,FRA,5603
2095257,200,77,1295,1995,0.0,3136.0,0.430471,-0.47626,SPM,FRA,5603
2095258,206,77,1295,1995,93864.0,60441.0,1.2249780000000001,1.405585,SVK,FRA,5603
2095259,207,77,1295,1995,576486.0,414220.0,1.424606,1.490521,SVN,FRA,5603
2095260,208,77,1295,1995,4293239.0,3127118.0,2.246997,1.060171,SWE,FRA,5603
2095261,211,77,1295,1995,0.0,6025.0,-0.103343,-0.57371,SYC,FRA,5603
2095262,212,77,1295,1995,0.0,25171.0,-0.8829469999999999,-0.809407,SYR,FRA,5603
2095263,214,77,1295,1995,0.0,1506.0,-0.6866180000000001,-0.752698,TCD,FRA,5603
2095264,215,77,1295,1995,0.0,35740.0,-0.962727,-0.873151,TGO,FRA,5603
2095265,216,77,1295,1995,1314.0,269359.0,0.174522,1.608058,THA,FRA,5603
2095266,222,77,1295,1995,0.0,8145.0,0.254658,-0.496058,TTO,FRA,5603
2095267,223,77,1295,1995,858486.0,4304956.0,-0.253792,-0.044331,TUN,FRA,5603
2095268,224,77,1295,1995,720563.0,2350755.0,0.166794,1.209066,TUR,FRA,5603
2095269,228,77,1295,1995,0.0,47766.0,0.428875,0.20489899999999997,UKR,FRA,5603
2095270,230,77,1295,1995,0.0,50086.0,0.45133900000000005,0.50831,URY,FRA,5603
2095271,231,77,1295,1995,7024584.0,4188251.0,1.771648,1.184,USA,FRA,5603
2095272,239,77,1295,1995,0.0,20635.0,-1.0462069999999999,-0.269063,VNM,FRA,5603
2095273,246,77,1295,1995,47353.0,543169.0,0.468112,1.039817,ZAF,FRA,5603
2095274,248,77,1295,1995,0.0,2294.0,-0.054752999999999996,0.326737,ZWE,FRA,5603
2095275,249,77,1295,1995,331157.0,955672.0,1.345205,1.9337389999999999,TWN,FRA,5603
2095276,250,77,1295,1995,238329.0,0.0,1.034518,0.9735149999999999,ANS,FRA,5603
2095277,7,81,1295,1995,0.0,3093099.0,-0.205166,-0.6132380000000001,ARE,GBR,5603
2095278,8,81,1295,1995,0.0,100600.0,0.245885,0.5489850000000001,ARG,GBR,5603
2095279,14,81,1295,1995,97489.0,794841.0,0.44442,0.789292,AUS,GBR,5603
2095280,15,81,1295,1995,372007.0,430676.0,2.000295,0.661255,AUT,GBR,5603
2095281,18,81,1295,1995,49319508.0,4888686.0,1.615588,1.394102,BEL,GBR,5603
2095282,23,81,1295,1995,1140.0,212316.0,0.436138,1.086561,BGR,GBR,5603
2095283,24,81,1295,1995,0.0,70647.0,-0.239166,-0.8627950000000001,BHR,GBR,5603
2095284,28,81,1295,1995,0.0,4211.0,0.5290279999999999,0.27031700000000003,BLR,GBR,5603
2095285,32,81,1295,1995,0.0,227427.0,0.687171,1.188647,BRA,GBR,5603
2095286,34,81,1295,1995,0.0,178455.0,-0.979701,-0.85456,BRN,GBR,5603
2095287,39,81,1295,1995,514031.0,470061.0,1.077804,1.0724200000000002,CAN,GBR,5603
2095288,41,81,1295,1995,463400.0,1413117.0,2.1893029999999998,0.82765,CHE,GBR,5603
2095289,42,81,1295,1995,0.0,507418.0,-0.073436,-0.192675,CHL,GBR,5603
2095290,43,81,1295,1995,18200.0,126776.0,0.387897,3.2147919999999996,CHN,GBR,5603
2095291,49,81,1295,1995,0.0,4297.0,0.094335,0.13047999999999998,COL,GBR,5603
2095292,52,81,1295,1995,0.0,19601.0,-0.30094699999999996,-0.046285,CRI,GBR,5603
2095293,58,81,1295,1995,29795.0,305835.0,0.263764,0.030358999999999997,CYP,GBR,5603
2095294,59,81,1295,1995,1198200.0,432736.0,1.375091,1.628069,CZE,GBR,5603
2095295,61,81,1295,1995,96376848.0,31407186.0,2.325385,-2.2238189999999998,DEU,GBR,5603
2095296,64,81,1295,1995,27823.0,2151603.0,1.3800270000000001,1.489036,DNK,GBR,5603
2095297,65,81,1295,1995,32382.0,0.0,-0.635482,-0.746526,DOM,GBR,5603
2095298,68,81,1295,1995,0.0,269584.0,-0.340042,-0.085601,EGY,GBR,5603
2095299,71,81,1295,1995,1354802.0,2958636.0,1.144247,1.933844,ESP,GBR,5603
2095300,72,81,1295,1995,0.0,117863.0,0.530041,1.134288,EST,GBR,5603
2095301,73,81,1295,1995,0.0,11459.0,-1.3387120000000001,-1.123621,ETH,GBR,5603
2095302,74,81,1295,1995,1054256.0,1494550.0,2.0085740000000003,1.126816,FIN,GBR,5603
2095303,75,81,1295,1995,0.0,6310.0,-0.998257,-0.9565629999999999,FJI,GBR,5603
2095304,76,81,1295,1995,0.0,33107.0,1.0650549999999999,-0.45996800000000004,FLK,GBR,5603
2095305,77,81,1295,1995,14003211.0,10432735.0,1.768484,0.765537,FRA,GBR,5603
2095306,87,81,1295,1995,0.0,13173.0,-0.605221,-0.700982,GMB,GBR,5603
2095307,90,81,1295,1995,21955.0,719067.0,0.17369,0.885756,GRC,GBR,5603
2095308,97,81,1295,1995,131304.0,5720039.0,0.5244449999999999,2.682738,HKG,GBR,5603
2095309,100,81,1295,1995,132721.0,0.0,0.75325,1.395715,HRV,GBR,5603
2095310,101,81,1295,1995,0.0,45839.0,-0.761827,-0.6020310000000001,HTI,GBR,5603
2095311,102,81,1295,1995,129824.0,568648.0,0.878711,1.8200060000000002,HUN,GBR,5603
2095312,103,81,1295,1995,0.0,56297.0,-0.391727,1.174727,IDN,GBR,5603
2095313,104,81,1295,1995,18039.0,1057558.0,0.156183,1.9617380000000002,IND,GBR,5603
2095314,106,81,1295,1995,1055837.0,5114638.0,1.349192,0.992099,IRL,GBR,5603
2095315,107,81,1295,1995,0.0,3481.0,-0.821991,-1.071013,IRN,GBR,5603
2095316,109,81,1295,1995,0.0,37826.0,0.161331,-0.45210100000000003,ISL,GBR,5603
2095317,110,81,1295,1995,1363772.0,1383675.0,1.205368,1.189434,ISR,GBR,5603
2095318,111,81,1295,1995,20370834.0,6235240.0,1.503379,1.449094,ITA,GBR,5603
2095319,112,81,1295,1995,0.0,26303.0,-0.873925,-0.952304,JAM,GBR,5603
2095320,113,81,1295,1995,0.0,80180.0,0.666542,0.326785,JOR,GBR,5603
2095321,114,81,1295,1995,5938920.0,3040178.0,2.56822,0.927307,JPN,GBR,5603
2095322,116,81,1295,1995,0.0,46254.0,-0.303773,0.111305,KEN,GBR,5603
2095323,121,81,1295,1995,96297.0,808502.0,0.845175,1.2761799999999999,KOR,GBR,5603
2095324,122,81,1295,1995,0.0,81284.0,-0.226273,-1.02354,KWT,GBR,5603
2095325,124,81,1295,1995,0.0,15645.0,0.027416000000000003,0.327795,LBN,GBR,5603
2095326,126,81,1295,1995,0.0,2895.0,-0.353547,-1.019464,LBY,GBR,5603
2095327,128,81,1295,1995,0.0,471076.0,-0.8358030000000001,-0.29397199999999996,LKA,GBR,5603
2095328,130,81,1295,1995,25145.0,52165.0,0.41220500000000004,0.966966,LTU,GBR,5603
2095329,132,81,1295,1995,0.0,5850.0,0.25453400000000004,0.174809,LVA,GBR,5603
2095330,133,81,1295,1995,0.0,7591.0,-0.149794,-0.26961799999999997,MAC,GBR,5603
2095331,134,81,1295,1995,169573.0,365619.0,-0.6481210000000001,-0.22345,MAR,GBR,5603
2095332,138,81,1295,1995,1703374.0,10665.0,0.6414300000000001,0.9697520000000001,MEX,GBR,5603
2095333,140,81,1295,1995,0.0,3190.0,0.34174,0.648467,MKD,GBR,5603
2095334,142,81,1295,1995,3070.0,227696.0,0.842519,0.11882899999999999,MLT,GBR,5603
2095335,150,81,1295,1995,0.0,14010.0,0.68423,-0.22968200000000003,MTQ,GBR,5603
2095336,151,81,1295,1995,0.0,23730.0,-0.432644,-0.574298,MUS,GBR,5603
2095337,153,81,1295,1995,0.0,416845.0,0.357745,0.374284,MYS,GBR,5603
2095338,159,81,1295,1995,0.0,93676.0,-2.108206,-1.2017520000000002,NGA,GBR,5603
2095339,162,81,1295,1995,29208312.0,5678840.0,1.304391,1.8819119999999998,NLD,GBR,5603
2095340,163,81,1295,1995,2847.0,934186.0,1.019741,0.394241,NOR,GBR,5603
2095341,164,81,1295,1995,0.0,30147.0,-0.779984,-0.7621479999999999,NPL,GBR,5603
2095342,165,81,1295,1995,0.0,8108.0,0.9604870000000001,-0.513994,NRU,GBR,5603
2095343,166,81,1295,1995,1845.0,212942.0,0.5558270000000001,0.773271,NZL,GBR,5603
2095344,167,81,1295,1995,0.0,57333.0,-0.328853,-0.946069,OMN,GBR,5603
2095345,168,81,1295,1995,0.0,156734.0,-0.707965,-0.324784,PAK,GBR,5603
2095346,173,81,1295,1995,0.0,177963.0,-0.263859,-0.21032800000000001,PER,GBR,5603
2095347,174,81,1295,1995,0.0,305404.0,-0.480548,0.076564,PHL,GBR,5603
2095348,177,81,1295,1995,290582.0,1690137.0,0.76393,1.802648,POL,GBR,5603
2095349,179,81,1295,1995,117761.0,4095068.0,0.412677,1.254009,PRT,GBR,5603
2095350,183,81,1295,1995,0.0,130072.0,-0.721352,-1.0827799999999999,QAT,GBR,5603
2095351,185,81,1295,1995,1722.0,265432.0,0.621468,1.038729,ROU,GBR,5603
2095352,186,81,1295,1995,0.0,474300.0,0.364437,0.171494,RUS,GBR,5603
2095353,188,81,1295,1995,0.0,141002.0,0.401573,-0.6676529999999999,SAU,GBR,5603
2095354,191,81,1295,1995,0.0,240051.0,-0.94962,-0.970988,SEN,GBR,5603
2095355,192,81,1295,1995,0.0,364883.0,0.747684,0.4745,SGP,GBR,5603
2095356,206,81,1295,1995,2457.0,178600.0,1.2249780000000001,1.405585,SVK,GBR,5603
2095357,207,81,1295,1995,1722.0,73142.0,1.424606,1.490521,SVN,GBR,5603
2095358,208,81,1295,1995,11812801.0,4195158.0,2.246997,1.060171,SWE,GBR,5603
2095359,216,81,1295,1995,0.0,1591784.0,0.174522,1.608058,THA,GBR,5603
2095360,222,81,1295,1995,0.0,19844.0,0.254658,-0.496058,TTO,GBR,5603
2095361,223,81,1295,1995,50176.0,170022.0,-0.253792,-0.044331,TUN,GBR,5603
2095362,224,81,1295,1995,338334.0,1317949.0,0.166794,1.209066,TUR,GBR,5603
2095363,231,81,1295,1995,39949300.0,5761680.0,1.771648,1.184,USA,GBR,5603
2095364,236,81,1295,1995,0.0,121233.0,0.299294,-0.635474,VEN,GBR,5603
2095365,243,81,1295,1995,0.0,17754.0,-1.302346,-1.135961,YEM,GBR,5603
2095366,246,81,1295,1995,1659.0,455049.0,0.468112,1.039817,ZAF,GBR,5603
2095367,248,81,1295,1995,0.0,17113.0,-0.054752999999999996,0.326737,ZWE,GBR,5603
2095368,249,81,1295,1995,550566.0,2014008.0,1.345205,1.9337389999999999,TWN,GBR,5603
2095369,61,86,1295,1995,1241.0,0.0,2.325385,-2.2238189999999998,DEU,GLP,5603
2095370,77,86,1295,1995,70012.0,0.0,1.768484,0.765537,FRA,GLP,5603
2095371,111,86,1295,1995,6175.0,0.0,1.503379,1.449094,ITA,GLP,5603
2095372,150,86,1295,1995,3675.0,0.0,0.68423,-0.22968200000000003,MTQ,GLP,5603
2095373,32,93,1295,1995,37445.0,0.0,0.687171,1.188647,BRA,GTM,5603
2095374,39,93,1295,1995,1709.0,0.0,1.077804,1.0724200000000002,CAN,GTM,5603
2095375,49,93,1295,1995,94511.0,0.0,0.094335,0.13047999999999998,COL,GTM,5603
2095376,52,93,1295,1995,0.0,1855.0,-0.30094699999999996,-0.046285,CRI,GTM,5603
2095377,61,93,1295,1995,69733.0,0.0,2.325385,-2.2238189999999998,DEU,GTM,5603
2095378,71,93,1295,1995,15482.0,0.0,1.144247,1.933844,ESP,GTM,5603
2095379,77,93,1295,1995,42767.0,0.0,1.768484,0.765537,FRA,GTM,5603
2095380,97,93,1295,1995,4011.0,0.0,0.5244449999999999,2.682738,HKG,GTM,5603
2095381,114,93,1295,1995,53818.0,0.0,2.56822,0.927307,JPN,GTM,5603
2095382,121,93,1295,1995,734788.0,0.0,0.845175,1.2761799999999999,KOR,GTM,5603
2095383,138,93,1295,1995,306581.0,0.0,0.6414300000000001,0.9697520000000001,MEX,GTM,5603
2095384,169,93,1295,1995,92421.0,0.0,-0.019815,0.050906,PAN,GTM,5603
2095385,197,93,1295,1995,82478.0,6459.0,-0.17119600000000001,0.027889999999999998,SLV,GTM,5603
2095386,231,93,1295,1995,1142453.0,0.0,1.771648,1.184,USA,GTM,5603
2095387,249,93,1295,1995,6188.0,0.0,1.345205,1.9337389999999999,TWN,GTM,5603
2095388,7,97,1295,1995,6500.0,660078.0,-0.205166,-0.6132380000000001,ARE,HKG,5603
2095389,14,97,1295,1995,1154676.0,199786.0,0.44442,0.789292,AUS,HKG,5603
2095390,15,97,1295,1995,533436.0,72776.0,2.000295,0.661255,AUT,HKG,5603
2095391,18,97,1295,1995,1664261.0,0.0,1.615588,1.394102,BEL,HKG,5603
2095392,19,97,1295,1995,0.0,21603.0,-1.142708,-0.9045280000000001,BEN,HKG,5603
2095393,22,97,1295,1995,20546.0,3118162.0,-1.037175,-0.983195,BGD,HKG,5603
2095394,24,97,1295,1995,0.0,56827.0,-0.239166,-0.8627950000000001,BHR,HKG,5603
2095395,28,97,1295,1995,0.0,64098.0,0.5290279999999999,0.27031700000000003,BLR,HKG,5603
2095396,34,97,1295,1995,0.0,32181.0,-0.979701,-0.85456,BRN,HKG,5603
2095397,39,97,1295,1995,30340.0,21902.0,1.077804,1.0724200000000002,CAN,HKG,5603
2095398,41,97,1295,1995,38564.0,31544.0,2.1893029999999998,0.82765,CHE,HKG,5603
2095399,42,97,1295,1995,0.0,2355.0,-0.073436,-0.192675,CHL,HKG,5603
2095400,43,97,1295,1995,20495474.0,31001544.0,0.387897,3.2147919999999996,CHN,HKG,5603
2095401,44,97,1295,1995,0.0,6645.0,-0.781656,-0.74293,CIV,HKG,5603
2095402,49,97,1295,1995,0.0,11716.0,0.094335,0.13047999999999998,COL,HKG,5603
2095403,52,97,1295,1995,0.0,21288.0,-0.30094699999999996,-0.046285,CRI,HKG,5603
2095404,61,97,1295,1995,19726242.0,13805.0,2.325385,-2.2238189999999998,DEU,HKG,5603
2095405,64,97,1295,1995,804118.0,0.0,1.3800270000000001,1.489036,DNK,HKG,5603
2095406,67,97,1295,1995,0.0,1219.0,-0.948154,-0.9595790000000001,ECU,HKG,5603
2095407,68,97,1295,1995,0.0,145900.0,-0.340042,-0.085601,EGY,HKG,5603
2095408,71,97,1295,1995,1424050.0,50039.0,1.144247,1.933844,ESP,HKG,5603
2095409,74,97,1295,1995,23752.0,0.0,2.0085740000000003,1.126816,FIN,HKG,5603
2095410,75,97,1295,1995,0.0,35318.0,-0.998257,-0.9565629999999999,FJI,HKG,5603
2095411,77,97,1295,1995,2920070.0,9980.0,1.768484,0.765537,FRA,HKG,5603
2095412,81,97,1295,1995,5720039.0,131304.0,1.8656979999999999,1.107121,GBR,HKG,5603
2095413,83,97,1295,1995,0.0,112770.0,-1.247755,-1.070455,GHA,HKG,5603
2095414,85,97,1295,1995,0.0,76232.0,-1.304768,-1.077826,GIN,HKG,5603
2095415,93,97,1295,1995,0.0,4011.0,-0.241468,0.170932,GTM,HKG,5603
2095416,99,97,1295,1995,1819.0,40530.0,-0.765536,-0.668834,HND,HKG,5603
2095417,102,97,1295,1995,337646.0,0.0,0.878711,1.8200060000000002,HUN,HKG,5603
2095418,103,97,1295,1995,139939.0,1393065.0,-0.391727,1.174727,IDN,HKG,5603
2095419,104,97,1295,1995,7967.0,517141.0,0.156183,1.9617380000000002,IND,HKG,5603
2095420,106,97,1295,1995,4698.0,0.0,1.349192,0.992099,IRL,HKG,5603
2095421,110,97,1295,1995,0.0,15726.0,1.205368,1.189434,ISR,HKG,5603
2095422,111,97,1295,1995,3109060.0,0.0,1.503379,1.449094,ITA,HKG,5603
2095423,112,97,1295,1995,0.0,12280.0,-0.873925,-0.952304,JAM,HKG,5603
2095424,113,97,1295,1995,0.0,102117.0,0.666542,0.326785,JOR,HKG,5603
2095425,114,97,1295,1995,87527520.0,83004.0,2.56822,0.927307,JPN,HKG,5603
2095426,116,97,1295,1995,0.0,132329.0,-0.303773,0.111305,KEN,HKG,5603
2095427,118,97,1295,1995,0.0,20456.0,-1.275951,-1.144633,KHM,HKG,5603
2095428,121,97,1295,1995,42016312.0,500380.0,0.845175,1.2761799999999999,KOR,HKG,5603
2095429,123,97,1295,1995,0.0,69628.0,-1.305146,-1.1964299999999999,LAO,HKG,5603
2095430,124,97,1295,1995,0.0,8302.0,0.027416000000000003,0.327795,LBN,HKG,5603
2095431,128,97,1295,1995,138219.0,6773996.0,-0.8358030000000001,-0.29397199999999996,LKA,HKG,5603
2095432,132,97,1295,1995,0.0,5109.0,0.25453400000000004,0.174809,LVA,HKG,5603
2095433,133,97,1295,1995,29402.0,382215.0,-0.149794,-0.26961799999999997,MAC,HKG,5603
2095434,134,97,1295,1995,0.0,4442.0,-0.6481210000000001,-0.22345,MAR,HKG,5603
2095435,136,97,1295,1995,0.0,6760.0,-1.178074,-0.6167,MDG,HKG,5603
2095436,137,97,1295,1995,0.0,2898.0,-1.258938,-0.9818629999999999,MDV,HKG,5603
2095437,138,97,1295,1995,104909.0,894.0,0.6414300000000001,0.9697520000000001,MEX,HKG,5603
2095438,143,97,1295,1995,0.0,333738.0,-1.5669309999999999,-1.124558,MMR,HKG,5603
2095439,145,97,1295,1995,0.0,19348.0,-0.653135,-1.023557,MNG,HKG,5603
2095440,151,97,1295,1995,4617.0,202217.0,-0.432644,-0.574298,MUS,HKG,5603
2095441,152,97,1295,1995,0.0,26224.0,-1.1277709999999999,-1.0603049999999998,MWI,HKG,5603
2095442,153,97,1295,1995,3613002.0,464535.0,0.357745,0.374284,MYS,HKG,5603
2095443,159,97,1295,1995,0.0,48036.0,-2.108206,-1.2017520000000002,NGA,HKG,5603
2095444,162,97,1295,1995,1230631.0,36040.0,1.304391,1.8819119999999998,NLD,HKG,5603
2095445,163,97,1295,1995,10792.0,0.0,1.019741,0.394241,NOR,HKG,5603
2095446,164,97,1295,1995,0.0,49377.0,-0.779984,-0.7621479999999999,NPL,HKG,5603
2095447,166,97,1295,1995,0.0,22023.0,0.5558270000000001,0.773271,NZL,HKG,5603
2095448,167,97,1295,1995,0.0,8045.0,-0.328853,-0.946069,OMN,HKG,5603
2095449,168,97,1295,1995,0.0,26190.0,-0.707965,-0.324784,PAK,HKG,5603
2095450,169,97,1295,1995,0.0,7916.0,-0.019815,0.050906,PAN,HKG,5603
2095451,174,97,1295,1995,27260.0,4364738.0,-0.480548,0.076564,PHL,HKG,5603
2095452,176,97,1295,1995,0.0,2829.0,-2.387352,-1.200933,PNG,HKG,5603
2095453,177,97,1295,1995,0.0,30279.0,0.76393,1.802648,POL,HKG,5603
2095454,178,97,1295,1995,0.0,142402.0,0.46509799999999996,0.645496,PRK,HKG,5603
2095455,179,97,1295,1995,7869.0,2192.0,0.412677,1.254009,PRT,HKG,5603
2095456,183,97,1295,1995,0.0,96381.0,-0.721352,-1.0827799999999999,QAT,HKG,5603
2095457,185,97,1295,1995,0.0,166888.0,0.621468,1.038729,ROU,HKG,5603
2095458,186,97,1295,1995,75479.0,217622.0,0.364437,0.171494,RUS,HKG,5603
2095459,188,97,1295,1995,0.0,43963.0,0.401573,-0.6676529999999999,SAU,HKG,5603
2095460,190,97,1295,1995,0.0,940.0,-0.776567,-0.963823,SDN,HKG,5603
2095461,191,97,1295,1995,0.0,1297.0,-0.94962,-0.970988,SEN,HKG,5603
2095462,192,97,1295,1995,2122998.0,1474742.0,0.747684,0.4745,SGP,HKG,5603
2095463,196,97,1295,1995,0.0,3815.0,-0.176843,-0.565979,SLE,HKG,5603
2095464,197,97,1295,1995,0.0,9831.0,-0.17119600000000001,0.027889999999999998,SLV,HKG,5603
2095465,207,97,1295,1995,6966.0,0.0,1.424606,1.490521,SVN,HKG,5603
2095466,208,97,1295,1995,599841.0,0.0,2.246997,1.060171,SWE,HKG,5603
2095467,216,97,1295,1995,2490897.0,1246404.0,0.174522,1.608058,THA,HKG,5603
2095468,224,97,1295,1995,0.0,26181.0,0.166794,1.209066,TUR,HKG,5603
2095469,227,97,1295,1995,0.0,2131.0,-1.053037,-1.001752,UGA,HKG,5603
2095470,228,97,1295,1995,0.0,39245.0,0.428875,0.20489899999999997,UKR,HKG,5603
2095471,231,97,1295,1995,21408226.0,11133.0,1.771648,1.184,USA,HKG,5603
2095472,236,97,1295,1995,0.0,13702.0,0.299294,-0.635474,VEN,HKG,5603
2095473,239,97,1295,1995,72516.0,4352958.0,-1.0462069999999999,-0.269063,VNM,HKG,5603
2095474,246,97,1295,1995,1010029.0,279805.0,0.468112,1.039817,ZAF,HKG,5603
2095475,247,97,1295,1995,0.0,3785.0,-0.214763,-0.721675,ZMB,HKG,5603
2095476,248,97,1295,1995,0.0,9000.0,-0.054752999999999996,0.326737,ZWE,HKG,5603
2095477,249,97,1295,1995,54326100.0,3227528.0,1.345205,1.9337389999999999,TWN,HKG,5603
2095478,250,97,1295,1995,14429.0,223501.0,1.034518,0.9735149999999999,ANS,HKG,5603
2095479,42,99,1295,1995,17150.0,0.0,-0.073436,-0.192675,CHL,HND,5603
2095480,43,99,1295,1995,6736.0,0.0,0.387897,3.2147919999999996,CHN,HND,5603
2095481,97,99,1295,1995,40530.0,1819.0,0.5244449999999999,2.682738,HKG,HND,5603
2095482,111,99,1295,1995,10940.0,0.0,1.503379,1.449094,ITA,HND,5603
2095483,121,99,1295,1995,177449.0,0.0,0.845175,1.2761799999999999,KOR,HND,5603
2095484,138,99,1295,1995,44702.0,0.0,0.6414300000000001,0.9697520000000001,MEX,HND,5603
2095485,162,99,1295,1995,324.0,0.0,1.304391,1.8819119999999998,NLD,HND,5603
2095486,197,99,1295,1995,20338.0,3045.0,-0.17119600000000001,0.027889999999999998,SLV,HND,5603
2095487,231,99,1295,1995,796018.0,0.0,1.771648,1.184,USA,HND,5603
2095488,249,99,1295,1995,11560.0,0.0,1.345205,1.9337389999999999,TWN,HND,5603
2095489,250,99,1295,1995,8615.0,0.0,1.034518,0.9735149999999999,ANS,HND,5603
2095490,15,106,1295,1995,0.0,16174.0,2.000295,0.661255,AUT,IRL,5603
2095491,18,106,1295,1995,2133577.0,36772.0,1.615588,1.394102,BEL,IRL,5603
2095492,32,106,1295,1995,0.0,17180.0,0.687171,1.188647,BRA,IRL,5603
2095493,43,106,1295,1995,1879.0,0.0,0.387897,3.2147919999999996,CHN,IRL,5603
2095494,59,106,1295,1995,3713.0,0.0,1.375091,1.628069,CZE,IRL,5603
2095495,61,106,1295,1995,1032211.0,328835.0,2.325385,-2.2238189999999998,DEU,IRL,5603
2095496,71,106,1295,1995,82795.0,232208.0,1.144247,1.933844,ESP,IRL,5603
2095497,74,106,1295,1995,8619.0,0.0,2.0085740000000003,1.126816,FIN,IRL,5603
2095498,77,106,1295,1995,377931.0,142924.0,1.768484,0.765537,FRA,IRL,5603
2095499,81,106,1295,1995,5114638.0,1055837.0,1.8656979999999999,1.107121,GBR,IRL,5603
2095500,90,106,1295,1995,0.0,4387.0,0.17369,0.885756,GRC,IRL,5603
2095501,97,106,1295,1995,0.0,4698.0,0.5244449999999999,2.682738,HKG,IRL,5603
2095502,103,106,1295,1995,0.0,22967.0,-0.391727,1.174727,IDN,IRL,5603
2095503,109,106,1295,1995,0.0,2817.0,0.161331,-0.45210100000000003,ISL,IRL,5603
2095504,111,106,1295,1995,1972242.0,7187.0,1.503379,1.449094,ITA,IRL,5603
2095505,114,106,1295,1995,12248.0,0.0,2.56822,0.927307,JPN,IRL,5603
2095506,121,106,1295,1995,18932.0,838.0,0.845175,1.2761799999999999,KOR,IRL,5603
2095507,138,106,1295,1995,3550.0,0.0,0.6414300000000001,0.9697520000000001,MEX,IRL,5603
2095508,142,106,1295,1995,3223.0,0.0,0.842519,0.11882899999999999,MLT,IRL,5603
2095509,162,106,1295,1995,2062983.0,100966.0,1.304391,1.8819119999999998,NLD,IRL,5603
2095510,163,106,1295,1995,26618.0,10509.0,1.019741,0.394241,NOR,IRL,5603
2095511,179,106,1295,1995,246885.0,46835.0,0.412677,1.254009,PRT,IRL,5603
2095512,186,106,1295,1995,0.0,30820.0,0.364437,0.171494,RUS,IRL,5603
2095513,188,106,1295,1995,0.0,94338.0,0.401573,-0.6676529999999999,SAU,IRL,5603
2095514,192,106,1295,1995,0.0,3018.0,0.747684,0.4745,SGP,IRL,5603
2095515,206,106,1295,1995,0.0,1248.0,1.2249780000000001,1.405585,SVK,IRL,5603
2095516,208,106,1295,1995,368038.0,37133.0,2.246997,1.060171,SWE,IRL,5603
2095517,216,106,1295,1995,10044.0,0.0,0.174522,1.608058,THA,IRL,5603
2095518,224,106,1295,1995,0.0,2511.0,0.166794,1.209066,TUR,IRL,5603
2095519,231,106,1295,1995,455201.0,120329.0,1.771648,1.184,USA,IRL,5603
2095520,250,106,1295,1995,137404.0,0.0,1.034518,0.9735149999999999,ANS,IRL,5603
2095521,14,110,1295,1995,0.0,230950.0,0.44442,0.789292,AUS,ISR,5603
2095522,18,110,1295,1995,443802.0,1359293.0,1.615588,1.394102,BEL,ISR,5603
2095523,32,110,1295,1995,0.0,527977.0,0.687171,1.188647,BRA,ISR,5603
2095524,39,110,1295,1995,0.0,54221.0,1.077804,1.0724200000000002,CAN,ISR,5603
2095525,41,110,1295,1995,11602.0,0.0,2.1893029999999998,0.82765,CHE,ISR,5603
2095526,43,110,1295,1995,94937.0,0.0,0.387897,3.2147919999999996,CHN,ISR,5603
2095527,58,110,1295,1995,0.0,37409.0,0.263764,0.030358999999999997,CYP,ISR,5603
2095528,59,110,1295,1995,161087.0,97444.0,1.375091,1.628069,CZE,ISR,5603
2095529,61,110,1295,1995,4309626.0,1109612.0,2.325385,-2.2238189999999998,DEU,ISR,5603
2095530,64,110,1295,1995,13450.0,0.0,1.3800270000000001,1.489036,DNK,ISR,5603
2095531,68,110,1295,1995,0.0,139770.0,-0.340042,-0.085601,EGY,ISR,5603
2095532,71,110,1295,1995,345835.0,94088.0,1.144247,1.933844,ESP,ISR,5603
2095533,74,110,1295,1995,126322.0,70339.0,2.0085740000000003,1.126816,FIN,ISR,5603
2095534,77,110,1295,1995,1091353.0,4002292.0,1.768484,0.765537,FRA,ISR,5603
2095535,81,110,1295,1995,1383675.0,1363772.0,1.8656979999999999,1.107121,GBR,ISR,5603
2095536,90,110,1295,1995,0.0,29492.0,0.17369,0.885756,GRC,ISR,5603
2095537,97,110,1295,1995,15726.0,0.0,0.5244449999999999,2.682738,HKG,ISR,5603
2095538,104,110,1295,1995,19437.0,0.0,0.156183,1.9617380000000002,IND,ISR,5603
2095539,111,110,1295,1995,6034844.0,357385.0,1.503379,1.449094,ITA,ISR,5603
2095540,113,110,1295,1995,0.0,5000.0,0.666542,0.326785,JOR,ISR,5603
2095541,114,110,1295,1995,281107.0,31119.0,2.56822,0.927307,JPN,ISR,5603
2095542,121,110,1295,1995,152571.0,130413.0,0.845175,1.2761799999999999,KOR,ISR,5603
2095543,138,110,1295,1995,0.0,98143.0,0.6414300000000001,0.9697520000000001,MEX,ISR,5603
2095544,162,110,1295,1995,969876.0,1025883.0,1.304391,1.8819119999999998,NLD,ISR,5603
2095545,166,110,1295,1995,0.0,14004.0,0.5558270000000001,0.773271,NZL,ISR,5603
2095546,177,110,1295,1995,0.0,9538.0,0.76393,1.802648,POL,ISR,5603
2095547,192,110,1295,1995,0.0,1007462.0,0.747684,0.4745,SGP,ISR,5603
2095548,208,110,1295,1995,0.0,59735.0,2.246997,1.060171,SWE,ISR,5603
2095549,216,110,1295,1995,0.0,6582.0,0.174522,1.608058,THA,ISR,5603
2095550,222,110,1295,1995,0.0,235587.0,0.254658,-0.496058,TTO,ISR,5603
2095551,224,110,1295,1995,34454.0,0.0,0.166794,1.209066,TUR,ISR,5603
2095552,228,110,1295,1995,0.0,88385.0,0.428875,0.20489899999999997,UKR,ISR,5603
2095553,231,110,1295,1995,846447.0,15597859.0,1.771648,1.184,USA,ISR,5603
2095554,236,110,1295,1995,0.0,211687.0,0.299294,-0.635474,VEN,ISR,5603
2095555,246,110,1295,1995,0.0,1602435.0,0.468112,1.039817,ZAF,ISR,5603
2095556,249,110,1295,1995,29744.0,82299.0,1.345205,1.9337389999999999,TWN,ISR,5603
2095557,250,110,1295,1995,117114.0,1197.0,1.034518,0.9735149999999999,ANS,ISR,5603
2095558,4,111,1295,1995,0.0,99931.0,-0.39273,-0.47259300000000004,ALB,ITA,5603
2095559,7,111,1295,1995,0.0,580043.0,-0.205166,-0.6132380000000001,ARE,ITA,5603
2095560,8,111,1295,1995,1507.0,1259485.0,0.245885,0.5489850000000001,ARG,ITA,5603
2095561,14,111,1295,1995,0.0,380684.0,0.44442,0.789292,AUS,ITA,5603
2095562,15,111,1295,1995,741372.0,8422954.0,2.000295,0.661255,AUT,ITA,5603
2095563,17,111,1295,1995,0.0,11622.0,-1.435347,-0.9015,BDI,ITA,5603
2095564,18,111,1295,1995,18998910.0,18280818.0,1.615588,1.394102,BEL,ITA,5603
2095565,22,111,1295,1995,0.0,5379.0,-1.037175,-0.983195,BGD,ITA,5603
2095566,23,111,1295,1995,74607.0,3310309.0,0.436138,1.086561,BGR,ITA,5603
2095567,24,111,1295,1995,0.0,38656.0,-0.239166,-0.8627950000000001,BHR,ITA,5603
2095568,26,111,1295,1995,0.0,14007.0,0.208931,0.053763,BIH,ITA,5603
2095569,28,111,1295,1995,0.0,10017.0,0.5290279999999999,0.27031700000000003,BLR,ITA,5603
2095570,32,111,1295,1995,71402.0,12906815.0,0.687171,1.188647,BRA,ITA,5603
2095571,39,111,1295,1995,35957.0,1269263.0,1.077804,1.0724200000000002,CAN,ITA,5603
2095572,41,111,1295,1995,1483054.0,6228369.0,2.1893029999999998,0.82765,CHE,ITA,5603
2095573,42,111,1295,1995,0.0,757118.0,-0.073436,-0.192675,CHL,ITA,5603
2095574,43,111,1295,1995,455496.0,600498.0,0.387897,3.2147919999999996,CHN,ITA,5603
2095575,44,111,1295,1995,0.0,931.0,-0.781656,-0.74293,CIV,ITA,5603
2095576,45,111,1295,1995,0.0,115723.0,-1.121716,-0.9758020000000001,CMR,ITA,5603
2095577,49,111,1295,1995,0.0,482576.0,0.094335,0.13047999999999998,COL,ITA,5603
2095578,52,111,1295,1995,0.0,177140.0,-0.30094699999999996,-0.046285,CRI,ITA,5603
2095579,54,111,1295,1995,0.0,64634.0,-0.315644,-0.8812110000000001,CUB,ITA,5603
2095580,58,111,1295,1995,10027.0,1041120.0,0.263764,0.030358999999999997,CYP,ITA,5603
2095581,59,111,1295,1995,1358167.0,1072928.0,1.375091,1.628069,CZE,ITA,5603
2095582,61,111,1295,1995,50918048.0,71762176.0,2.325385,-2.2238189999999998,DEU,ITA,5603
2095583,62,111,1295,1995,0.0,21305.0,0.7627109999999999,0.696162,DJI,ITA,5603
2095584,64,111,1295,1995,86553.0,4239838.0,1.3800270000000001,1.489036,DNK,ITA,5603
2095585,65,111,1295,1995,0.0,66609.0,-0.635482,-0.746526,DOM,ITA,5603
2095586,66,111,1295,1995,0.0,935274.0,-0.555409,-1.037972,DZA,ITA,5603
2095587,67,111,1295,1995,0.0,18619.0,-0.948154,-0.9595790000000001,ECU,ITA,5603
2095588,68,111,1295,1995,67468.0,2363433.0,-0.340042,-0.085601,EGY,ITA,5603
2095589,69,111,1295,1995,0.0,26127.0,0.567988,-0.30390500000000004,ERI,ITA,5603
2095590,71,111,1295,1995,4958496.0,24480858.0,1.144247,1.933844,ESP,ITA,5603
2095591,72,111,1295,1995,1331.0,468242.0,0.530041,1.134288,EST,ITA,5603
2095592,73,111,1295,1995,0.0,68313.0,-1.3387120000000001,-1.123621,ETH,ITA,5603
2095593,74,111,1295,1995,3747490.0,2868995.0,2.0085740000000003,1.126816,FIN,ITA,5603
2095594,77,111,1295,1995,28305316.0,86572080.0,1.768484,0.765537,FRA,ITA,5603
2095595,80,111,1295,1995,0.0,141212.0,-1.445673,-1.099128,GAB,ITA,5603
2095596,81,111,1295,1995,6235240.0,20370834.0,1.8656979999999999,1.107121,GBR,ITA,5603
2095597,83,111,1295,1995,0.0,70474.0,-1.247755,-1.070455,GHA,ITA,5603
2095598,86,111,1295,1995,0.0,6175.0,0.563491,-0.18852,GLP,ITA,5603
2095599,90,111,1295,1995,69133.0,10138719.0,0.17369,0.885756,GRC,ITA,5603
2095600,97,111,1295,1995,0.0,3109060.0,0.5244449999999999,2.682738,HKG,ITA,5603
2095601,99,111,1295,1995,0.0,10940.0,-0.765536,-0.668834,HND,ITA,5603
2095602,100,111,1295,1995,207163.0,1160773.0,0.75325,1.395715,HRV,ITA,5603
2095603,102,111,1295,1995,374210.0,1090038.0,0.878711,1.8200060000000002,HUN,ITA,5603
2095604,103,111,1295,1995,0.0,232259.0,-0.391727,1.174727,IDN,ITA,5603
2095605,104,111,1295,1995,73587.0,433205.0,0.156183,1.9617380000000002,IND,ITA,5603
2095606,106,111,1295,1995,7187.0,1972242.0,1.349192,0.992099,IRL,ITA,5603
2095607,107,111,1295,1995,0.0,357753.0,-0.821991,-1.071013,IRN,ITA,5603
2095608,110,111,1295,1995,357385.0,6034844.0,1.205368,1.189434,ISR,ITA,5603
2095609,112,111,1295,1995,0.0,31933.0,-0.873925,-0.952304,JAM,ITA,5603
2095610,113,111,1295,1995,0.0,180710.0,0.666542,0.326785,JOR,ITA,5603
2095611,114,111,1295,1995,13586123.0,632827.0,2.56822,0.927307,JPN,ITA,5603
2095612,121,111,1295,1995,1069923.0,1861230.0,0.845175,1.2761799999999999,KOR,ITA,5603
2095613,122,111,1295,1995,0.0,447180.0,-0.226273,-1.02354,KWT,ITA,5603
2095614,124,111,1295,1995,0.0,1172158.0,0.027416000000000003,0.327795,LBN,ITA,5603
2095615,126,111,1295,1995,0.0,185171.0,-0.353547,-1.019464,LBY,ITA,5603
2095616,128,111,1295,1995,9214.0,93419.0,-0.8358030000000001,-0.29397199999999996,LKA,ITA,5603
2095617,130,111,1295,1995,0.0,7435.0,0.41220500000000004,0.966966,LTU,ITA,5603
2095618,132,111,1295,1995,6142.0,1916.0,0.25453400000000004,0.174809,LVA,ITA,5603
2095619,134,111,1295,1995,0.0,1712915.0,-0.6481210000000001,-0.22345,MAR,ITA,5603
2095620,135,111,1295,1995,0.0,23498.0,0.394058,0.124474,MDA,ITA,5603
2095621,136,111,1295,1995,0.0,26649.0,-1.178074,-0.6167,MDG,ITA,5603
2095622,137,111,1295,1995,0.0,2409.0,-1.258938,-0.9818629999999999,MDV,ITA,5603
2095623,138,111,1295,1995,5221.0,1175480.0,0.6414300000000001,0.9697520000000001,MEX,ITA,5603
2095624,140,111,1295,1995,0.0,266795.0,0.34174,0.648467,MKD,ITA,5603
2095625,142,111,1295,1995,0.0,227547.0,0.842519,0.11882899999999999,MLT,ITA,5603
2095626,150,111,1295,1995,0.0,63159.0,0.68423,-0.22968200000000003,MTQ,ITA,5603
2095627,151,111,1295,1995,0.0,388070.0,-0.432644,-0.574298,MUS,ITA,5603
2095628,153,111,1295,1995,495290.0,128420.0,0.357745,0.374284,MYS,ITA,5603
2095629,156,111,1295,1995,0.0,8757.0,-1.326035,-0.826058,NCL,ITA,5603
2095630,159,111,1295,1995,0.0,15272.0,-2.108206,-1.2017520000000002,NGA,ITA,5603
2095631,162,111,1295,1995,24719506.0,11039406.0,1.304391,1.8819119999999998,NLD,ITA,5603
2095632,163,111,1295,1995,715.0,407766.0,1.019741,0.394241,NOR,ITA,5603
2095633,166,111,1295,1995,0.0,168072.0,0.5558270000000001,0.773271,NZL,ITA,5603
2095634,167,111,1295,1995,0.0,162575.0,-0.328853,-0.946069,OMN,ITA,5603
2095635,168,111,1295,1995,0.0,48918.0,-0.707965,-0.324784,PAK,ITA,5603
2095636,173,111,1295,1995,0.0,48387.0,-0.263859,-0.21032800000000001,PER,ITA,5603
2095637,174,111,1295,1995,0.0,23644.0,-0.480548,0.076564,PHL,ITA,5603
2095638,177,111,1295,1995,104375.0,5055394.0,0.76393,1.802648,POL,ITA,5603
2095639,179,111,1295,1995,85605.0,6443910.0,0.412677,1.254009,PRT,ITA,5603
2095640,182,111,1295,1995,0.0,33021.0,-0.33641,-0.696238,PYF,ITA,5603
2095641,184,111,1295,1995,0.0,63725.0,0.728825,-0.178569,REU,ITA,5603
2095642,185,111,1295,1995,158847.0,7139712.0,0.621468,1.038729,ROU,ITA,5603
2095643,186,111,1295,1995,1791.0,428295.0,0.364437,0.171494,RUS,ITA,5603
2095644,187,111,1295,1995,0.0,39471.0,-0.18641,-0.6206729999999999,RWA,ITA,5603
2095645,188,111,1295,1995,0.0,2537406.0,0.401573,-0.6676529999999999,SAU,ITA,5603
2095646,192,111,1295,1995,0.0,362150.0,0.747684,0.4745,SGP,ITA,5603
2095647,197,111,1295,1995,0.0,8026.0,-0.17119600000000001,0.027889999999999998,SLV,ITA,5603
2095648,206,111,1295,1995,193916.0,3957777.0,1.2249780000000001,1.405585,SVK,ITA,5603
2095649,207,111,1295,1995,1659028.0,1022771.0,1.424606,1.490521,SVN,ITA,5603
2095650,208,111,1295,1995,7366816.0,4018051.0,2.246997,1.060171,SWE,ITA,5603
2095651,212,111,1295,1995,0.0,395871.0,-0.8829469999999999,-0.809407,SYR,ITA,5603
2095652,216,111,1295,1995,0.0,367931.0,0.174522,1.608058,THA,ITA,5603
2095653,223,111,1295,1995,0.0,1635388.0,-0.253792,-0.044331,TUN,ITA,5603
2095654,224,111,1295,1995,75127.0,9818652.0,0.166794,1.209066,TUR,ITA,5603
2095655,228,111,1295,1995,0.0,131688.0,0.428875,0.20489899999999997,UKR,ITA,5603
2095656,230,111,1295,1995,0.0,111535.0,0.45133900000000005,0.50831,URY,ITA,5603
2095657,231,111,1295,1995,7812444.0,5226785.0,1.771648,1.184,USA,ITA,5603
2095658,236,111,1295,1995,8804.0,678115.0,0.299294,-0.635474,VEN,ITA,5603
2095659,239,111,1295,1995,0.0,184739.0,-1.0462069999999999,-0.269063,VNM,ITA,5603
2095660,243,111,1295,1995,0.0,89695.0,-1.302346,-1.135961,YEM,ITA,5603
2095661,246,111,1295,1995,733.0,2175458.0,0.468112,1.039817,ZAF,ITA,5603
2095662,248,111,1295,1995,0.0,66245.0,-0.054752999999999996,0.326737,ZWE,ITA,5603
2095663,249,111,1295,1995,773844.0,384986.0,1.345205,1.9337389999999999,TWN,ITA,5603
2095664,7,121,1295,1995,0.0,382395.0,-0.205166,-0.6132380000000001,ARE,KOR,5603
2095665,8,121,1295,1995,0.0,1319548.0,0.245885,0.5489850000000001,ARG,KOR,5603
2095666,14,121,1295,1995,143254.0,3788446.0,0.44442,0.789292,AUS,KOR,5603
2095667,15,121,1295,1995,15946.0,20910.0,2.000295,0.661255,AUT,KOR,5603
2095668,18,121,1295,1995,1243700.0,1498.0,1.615588,1.394102,BEL,KOR,5603
2095669,22,121,1295,1995,0.0,4634660.0,-1.037175,-0.983195,BGD,KOR,5603
2095670,23,121,1295,1995,0.0,139762.0,0.436138,1.086561,BGR,KOR,5603
2095671,24,121,1295,1995,0.0,19526.0,-0.239166,-0.8627950000000001,BHR,KOR,5603
2095672,31,121,1295,1995,0.0,1332.0,-0.440583,-0.688389,BOL,KOR,5603
2095673,32,121,1295,1995,0.0,3563482.0,0.687171,1.188647,BRA,KOR,5603
2095674,39,121,1295,1995,50510.0,718605.0,1.077804,1.0724200000000002,CAN,KOR,5603
2095675,41,121,1295,1995,50714.0,11650.0,2.1893029999999998,0.82765,CHE,KOR,5603
2095676,42,121,1295,1995,0.0,319409.0,-0.073436,-0.192675,CHL,KOR,5603
2095677,43,121,1295,1995,2821284.0,49286904.0,0.387897,3.2147919999999996,CHN,KOR,5603
2095678,49,121,1295,1995,0.0,175476.0,0.094335,0.13047999999999998,COL,KOR,5603
2095679,52,121,1295,1995,0.0,74590.0,-0.30094699999999996,-0.046285,CRI,KOR,5603
2095680,59,121,1295,1995,1095632.0,163834.0,1.375091,1.628069,CZE,KOR,5603
2095681,61,121,1295,1995,3783029.0,1305550.0,2.325385,-2.2238189999999998,DEU,KOR,5603
2095682,63,121,1295,1995,0.0,120360.0,0.803902,0.307064,DMA,KOR,5603
2095683,64,121,1295,1995,92570.0,44915.0,1.3800270000000001,1.489036,DNK,KOR,5603
2095684,65,121,1295,1995,0.0,439461.0,-0.635482,-0.746526,DOM,KOR,5603
2095685,67,121,1295,1995,0.0,71487.0,-0.948154,-0.9595790000000001,ECU,KOR,5603
2095686,68,121,1295,1995,0.0,276876.0,-0.340042,-0.085601,EGY,KOR,5603
2095687,71,121,1295,1995,14824.0,1874552.0,1.144247,1.933844,ESP,KOR,5603
2095688,74,121,1295,1995,224129.0,102240.0,2.0085740000000003,1.126816,FIN,KOR,5603
2095689,75,121,1295,1995,0.0,46357.0,-0.998257,-0.9565629999999999,FJI,KOR,5603
2095690,77,121,1295,1995,412679.0,23208.0,1.768484,0.765537,FRA,KOR,5603
2095691,81,121,1295,1995,808502.0,96297.0,1.8656979999999999,1.107121,GBR,KOR,5603
2095692,83,121,1295,1995,0.0,51759.0,-1.247755,-1.070455,GHA,KOR,5603
2095693,90,121,1295,1995,0.0,6556.0,0.17369,0.885756,GRC,KOR,5603
2095694,93,121,1295,1995,0.0,734788.0,-0.241468,0.170932,GTM,KOR,5603
2095695,97,121,1295,1995,500380.0,42016312.0,0.5244449999999999,2.682738,HKG,KOR,5603
2095696,99,121,1295,1995,0.0,177449.0,-0.765536,-0.668834,HND,KOR,5603
2095697,100,121,1295,1995,0.0,846.0,0.75325,1.395715,HRV,KOR,5603
2095698,102,121,1295,1995,133151.0,20075.0,0.878711,1.8200060000000002,HUN,KOR,5603
2095699,103,121,1295,1995,18863.0,61326400.0,-0.391727,1.174727,IDN,KOR,5603
2095700,104,121,1295,1995,0.0,1442251.0,0.156183,1.9617380000000002,IND,KOR,5603
2095701,106,121,1295,1995,838.0,18932.0,1.349192,0.992099,IRL,KOR,5603
2095702,107,121,1295,1995,0.0,23867.0,-0.821991,-1.071013,IRN,KOR,5603
2095703,110,121,1295,1995,130413.0,152571.0,1.205368,1.189434,ISR,KOR,5603
2095704,111,121,1295,1995,1861230.0,1069923.0,1.503379,1.449094,ITA,KOR,5603
2095705,112,121,1295,1995,0.0,255384.0,-0.873925,-0.952304,JAM,KOR,5603
2095706,113,121,1295,1995,0.0,28152.0,0.666542,0.326785,JOR,KOR,5603
2095707,114,121,1295,1995,55533640.0,6321718.0,2.56822,0.927307,JPN,KOR,5603
2095708,119,121,1295,1995,0.0,4033.0,-0.610582,-0.748798,KIR,KOR,5603
2095709,122,121,1295,1995,0.0,180878.0,-0.226273,-1.02354,KWT,KOR,5603
2095710,124,121,1295,1995,0.0,11987.0,0.027416000000000003,0.327795,LBN,KOR,5603
2095711,126,121,1295,1995,0.0,293788.0,-0.353547,-1.019464,LBY,KOR,5603
2095712,128,121,1295,1995,43008.0,3589435.0,-0.8358030000000001,-0.29397199999999996,LKA,KOR,5603
2095713,133,121,1295,1995,0.0,19375.0,-0.149794,-0.26961799999999997,MAC,KOR,5603
2095714,134,121,1295,1995,0.0,27890.0,-0.6481210000000001,-0.22345,MAR,KOR,5603
2095715,138,121,1295,1995,0.0,138921.0,0.6414300000000001,0.9697520000000001,MEX,KOR,5603
2095716,140,121,1295,1995,0.0,12131.0,0.34174,0.648467,MKD,KOR,5603
2095717,142,121,1295,1995,0.0,176610.0,0.842519,0.11882899999999999,MLT,KOR,5603
2095718,143,121,1295,1995,0.0,550389.0,-1.5669309999999999,-1.124558,MMR,KOR,5603
2095719,145,121,1295,1995,0.0,535915.0,-0.653135,-1.023557,MNG,KOR,5603
2095720,151,121,1295,1995,0.0,26049.0,-0.432644,-0.574298,MUS,KOR,5603
2095721,153,121,1295,1995,653087.0,2422743.0,0.357745,0.374284,MYS,KOR,5603
2095722,159,121,1295,1995,0.0,75596.0,-2.108206,-1.2017520000000002,NGA,KOR,5603
2095723,160,121,1295,1995,0.0,52515.0,-0.395096,-0.559934,NIC,KOR,5603
2095724,162,121,1295,1995,1699469.0,306610.0,1.304391,1.8819119999999998,NLD,KOR,5603
2095725,164,121,1295,1995,0.0,6734.0,-0.779984,-0.7621479999999999,NPL,KOR,5603
2095726,166,121,1295,1995,0.0,376387.0,0.5558270000000001,0.773271,NZL,KOR,5603
2095727,167,121,1295,1995,0.0,395874.0,-0.328853,-0.946069,OMN,KOR,5603
2095728,168,121,1295,1995,11907.0,2231563.0,-0.707965,-0.324784,PAK,KOR,5603
2095729,173,121,1295,1995,0.0,1063.0,-0.263859,-0.21032800000000001,PER,KOR,5603
2095730,174,121,1295,1995,15075.0,4763746.0,-0.480548,0.076564,PHL,KOR,5603
2095731,178,121,1295,1995,0.0,66552.0,0.46509799999999996,0.645496,PRK,KOR,5603
2095732,180,121,1295,1995,0.0,82968.0,-0.283544,-0.640898,PRY,KOR,5603
2095733,185,121,1295,1995,0.0,135077.0,0.621468,1.038729,ROU,KOR,5603
2095734,186,121,1295,1995,0.0,205627.0,0.364437,0.171494,RUS,KOR,5603
2095735,188,121,1295,1995,212504.0,396201.0,0.401573,-0.6676529999999999,SAU,KOR,5603
2095736,192,121,1295,1995,0.0,551487.0,0.747684,0.4745,SGP,KOR,5603
2095737,197,121,1295,1995,0.0,294569.0,-0.17119600000000001,0.027889999999999998,SLV,KOR,5603
2095738,207,121,1295,1995,0.0,49133.0,1.424606,1.490521,SVN,KOR,5603
2095739,208,121,1295,1995,14732.0,4483.0,2.246997,1.060171,SWE,KOR,5603
2095740,212,121,1295,1995,0.0,3612.0,-0.8829469999999999,-0.809407,SYR,KOR,5603
2095741,216,121,1295,1995,1529987.0,13499668.0,0.174522,1.608058,THA,KOR,5603
2095742,222,121,1295,1995,0.0,2358.0,0.254658,-0.496058,TTO,KOR,5603
2095743,224,121,1295,1995,0.0,462357.0,0.166794,1.209066,TUR,KOR,5603
2095744,228,121,1295,1995,0.0,365111.0,0.428875,0.20489899999999997,UKR,KOR,5603
2095745,230,121,1295,1995,0.0,37021.0,0.45133900000000005,0.50831,URY,KOR,5603
2095746,231,121,1295,1995,11771551.0,329574.0,1.771648,1.184,USA,KOR,5603
2095747,236,121,1295,1995,0.0,80662.0,0.299294,-0.635474,VEN,KOR,5603
2095748,239,121,1295,1995,0.0,8037554.0,-1.0462069999999999,-0.269063,VNM,KOR,5603
2095749,246,121,1295,1995,0.0,612983.0,0.468112,1.039817,ZAF,KOR,5603
2095750,248,121,1295,1995,0.0,15511.0,-0.054752999999999996,0.326737,ZWE,KOR,5603
2095751,249,121,1295,1995,6146182.0,3192536.0,1.345205,1.9337389999999999,TWN,KOR,5603
2095752,250,121,1295,1995,319396.0,159732.0,1.034518,0.9735149999999999,ANS,KOR,5603
2095753,8,138,1295,1995,0.0,300125.0,0.245885,0.5489850000000001,ARG,MEX,5603
2095754,14,138,1295,1995,0.0,1827.0,0.44442,0.789292,AUS,MEX,5603
2095755,15,138,1295,1995,0.0,58407.0,2.000295,0.661255,AUT,MEX,5603
2095756,18,138,1295,1995,85901.0,84975.0,1.615588,1.394102,BEL,MEX,5603
2095757,32,138,1295,1995,286987.0,61867.0,0.687171,1.188647,BRA,MEX,5603
2095758,39,138,1295,1995,124276.0,212379.0,1.077804,1.0724200000000002,CAN,MEX,5603
2095759,41,138,1295,1995,12679.0,0.0,2.1893029999999998,0.82765,CHE,MEX,5603
2095760,42,138,1295,1995,0.0,769094.0,-0.073436,-0.192675,CHL,MEX,5603
2095761,43,138,1295,1995,32707.0,0.0,0.387897,3.2147919999999996,CHN,MEX,5603
2095762,49,138,1295,1995,539245.0,676885.0,0.094335,0.13047999999999998,COL,MEX,5603
2095763,52,138,1295,1995,0.0,81079.0,-0.30094699999999996,-0.046285,CRI,MEX,5603
2095764,54,138,1295,1995,0.0,29019.0,-0.315644,-0.8812110000000001,CUB,MEX,5603
2095765,61,138,1295,1995,1226442.0,3477040.0,2.325385,-2.2238189999999998,DEU,MEX,5603
2095766,67,138,1295,1995,0.0,175297.0,-0.948154,-0.9595790000000001,ECU,MEX,5603
2095767,71,138,1295,1995,413126.0,124652.0,1.144247,1.933844,ESP,MEX,5603
2095768,77,138,1295,1995,69566.0,67474.0,1.768484,0.765537,FRA,MEX,5603
2095769,81,138,1295,1995,10665.0,1703374.0,1.8656979999999999,1.107121,GBR,MEX,5603
2095770,93,138,1295,1995,0.0,306581.0,-0.241468,0.170932,GTM,MEX,5603
2095771,97,138,1295,1995,894.0,104909.0,0.5244449999999999,2.682738,HKG,MEX,5603
2095772,99,138,1295,1995,0.0,44702.0,-0.765536,-0.668834,HND,MEX,5603
2095773,103,138,1295,1995,10017.0,14353.0,-0.391727,1.174727,IDN,MEX,5603
2095774,106,138,1295,1995,0.0,3550.0,1.349192,0.992099,IRL,MEX,5603
2095775,110,138,1295,1995,98143.0,0.0,1.205368,1.189434,ISR,MEX,5603
2095776,111,138,1295,1995,1175480.0,5221.0,1.503379,1.449094,ITA,MEX,5603
2095777,114,138,1295,1995,358329.0,2039.0,2.56822,0.927307,JPN,MEX,5603
2095778,121,138,1295,1995,138921.0,0.0,0.845175,1.2761799999999999,KOR,MEX,5603
2095779,124,138,1295,1995,0.0,17387.0,0.027416000000000003,0.327795,LBN,MEX,5603
2095780,160,138,1295,1995,0.0,15212.0,-0.395096,-0.559934,NIC,MEX,5603
2095781,162,138,1295,1995,652033.0,192539.0,1.304391,1.8819119999999998,NLD,MEX,5603
2095782,169,138,1295,1995,0.0,64936.0,-0.019815,0.050906,PAN,MEX,5603
2095783,173,138,1295,1995,0.0,272628.0,-0.263859,-0.21032800000000001,PER,MEX,5603
2095784,178,138,1295,1995,2470.0,0.0,0.46509799999999996,0.645496,PRK,MEX,5603
2095785,179,138,1295,1995,6514.0,0.0,0.412677,1.254009,PRT,MEX,5603
2095786,185,138,1295,1995,0.0,29465.0,0.621468,1.038729,ROU,MEX,5603
2095787,197,138,1295,1995,0.0,206881.0,-0.17119600000000001,0.027889999999999998,SLV,MEX,5603
2095788,208,138,1295,1995,0.0,90993.0,2.246997,1.060171,SWE,MEX,5603
2095789,222,138,1295,1995,0.0,88111.0,0.254658,-0.496058,TTO,MEX,5603
2095790,231,138,1295,1995,143124864.0,5130214.0,1.771648,1.184,USA,MEX,5603
2095791,236,138,1295,1995,0.0,1368024.0,0.299294,-0.635474,VEN,MEX,5603
2095792,246,138,1295,1995,0.0,14595.0,0.468112,1.039817,ZAF,MEX,5603
2095793,249,138,1295,1995,706722.0,0.0,1.345205,1.9337389999999999,TWN,MEX,5603
2095794,77,150,1295,1995,188366.0,0.0,1.768484,0.765537,FRA,MTQ,5603
2095795,81,150,1295,1995,14010.0,0.0,1.8656979999999999,1.107121,GBR,MTQ,5603
2095796,86,150,1295,1995,0.0,3675.0,0.563491,-0.18852,GLP,MTQ,5603
2095797,111,150,1295,1995,63159.0,0.0,1.503379,1.449094,ITA,MTQ,5603
2095798,127,150,1295,1995,0.0,801.0,0.194177,-0.359444,LCA,MTQ,5603
2095799,162,150,1295,1995,3935.0,0.0,1.304391,1.8819119999999998,NLD,MTQ,5603
2095800,14,153,1295,1995,163485.0,0.0,0.44442,0.789292,AUS,MYS,5603
2095801,15,153,1295,1995,0.0,1550.0,2.000295,0.661255,AUT,MYS,5603
2095802,18,153,1295,1995,2045520.0,0.0,1.615588,1.394102,BEL,MYS,5603
2095803,22,153,1295,1995,0.0,2737.0,-1.037175,-0.983195,BGD,MYS,5603
2095804,34,153,1295,1995,0.0,96878.0,-0.979701,-0.85456,BRN,MYS,5603
2095805,41,153,1295,1995,40232.0,0.0,2.1893029999999998,0.82765,CHE,MYS,5603
2095806,43,153,1295,1995,124758.0,285269.0,0.387897,3.2147919999999996,CHN,MYS,5603
2095807,61,153,1295,1995,468731.0,0.0,2.325385,-2.2238189999999998,DEU,MYS,5603
2095808,71,153,1295,1995,6365.0,0.0,1.144247,1.933844,ESP,MYS,5603
2095809,74,153,1295,1995,5263.0,0.0,2.0085740000000003,1.126816,FIN,MYS,5603
2095810,77,153,1295,1995,191616.0,754203.0,1.768484,0.765537,FRA,MYS,5603
2095811,81,153,1295,1995,416845.0,0.0,1.8656979999999999,1.107121,GBR,MYS,5603
2095812,97,153,1295,1995,464535.0,3613002.0,0.5244449999999999,2.682738,HKG,MYS,5603
2095813,102,153,1295,1995,46239.0,0.0,0.878711,1.8200060000000002,HUN,MYS,5603
2095814,103,153,1295,1995,31252.0,93677.0,-0.391727,1.174727,IDN,MYS,5603
2095815,104,153,1295,1995,1621.0,14000.0,0.156183,1.9617380000000002,IND,MYS,5603
2095816,111,153,1295,1995,128420.0,495290.0,1.503379,1.449094,ITA,MYS,5603
2095817,114,153,1295,1995,7127214.0,119725.0,2.56822,0.927307,JPN,MYS,5603
2095818,121,153,1295,1995,2422743.0,653087.0,0.845175,1.2761799999999999,KOR,MYS,5603
2095819,128,153,1295,1995,4598.0,0.0,-0.8358030000000001,-0.29397199999999996,LKA,MYS,5603
2095820,133,153,1295,1995,0.0,3829.0,-0.149794,-0.26961799999999997,MAC,MYS,5603
2095821,151,153,1295,1995,0.0,13845.0,-0.432644,-0.574298,MUS,MYS,5603
2095822,152,153,1295,1995,0.0,426.0,-1.1277709999999999,-1.0603049999999998,MWI,MYS,5603
2095823,162,153,1295,1995,2875555.0,0.0,1.304391,1.8819119999999998,NLD,MYS,5603
2095824,163,153,1295,1995,84989.0,0.0,1.019741,0.394241,NOR,MYS,5603
2095825,166,153,1295,1995,0.0,2346.0,0.5558270000000001,0.773271,NZL,MYS,5603
2095826,168,153,1295,1995,101849.0,0.0,-0.707965,-0.324784,PAK,MYS,5603
2095827,174,153,1295,1995,85949.0,286546.0,-0.480548,0.076564,PHL,MYS,5603
2095828,189,153,1295,1995,6632.0,0.0,1.032118,1.180409,SCG,MYS,5603
2095829,192,153,1295,1995,2565799.0,761598.0,0.747684,0.4745,SGP,MYS,5603
2095830,208,153,1295,1995,5741.0,0.0,2.246997,1.060171,SWE,MYS,5603
2095831,216,153,1295,1995,299118.0,43191.0,0.174522,1.608058,THA,MYS,5603
2095832,231,153,1295,1995,2731124.0,5673.0,1.771648,1.184,USA,MYS,5603
2095833,239,153,1295,1995,0.0,146248.0,-1.0462069999999999,-0.269063,VNM,MYS,5603
2095834,246,153,1295,1995,29790.0,0.0,0.468112,1.039817,ZAF,MYS,5603
2095835,249,153,1295,1995,2634444.0,0.0,1.345205,1.9337389999999999,TWN,MYS,5603
2095836,0,162,1295,1995,0.0,10308.0,-0.502999,-0.713013,ABW,NLD,5603
2095837,2,162,1295,1995,0.0,13058.0,-2.2342459999999997,-1.1147639999999999,AGO,NLD,5603
2095838,5,162,1295,1995,0.0,1768.0,1.126269,0.577384,AND,NLD,5603
2095839,6,162,1295,1995,0.0,53697.0,-0.020759,-0.653863,ANT,NLD,5603
2095840,7,162,1295,1995,0.0,386019.0,-0.205166,-0.6132380000000001,ARE,NLD,5603
2095841,8,162,1295,1995,0.0,52256.0,0.245885,0.5489850000000001,ARG,NLD,5603
2095842,14,162,1295,1995,370997.0,2315730.0,0.44442,0.789292,AUS,NLD,5603
2095843,15,162,1295,1995,83597.0,6053836.0,2.000295,0.661255,AUT,NLD,5603
2095844,18,162,1295,1995,25030918.0,23566008.0,1.615588,1.394102,BEL,NLD,5603
2095845,23,162,1295,1995,0.0,377674.0,0.436138,1.086561,BGR,NLD,5603
2095846,24,162,1295,1995,0.0,10141.0,-0.239166,-0.8627950000000001,BHR,NLD,5603
2095847,28,162,1295,1995,0.0,409378.0,0.5290279999999999,0.27031700000000003,BLR,NLD,5603
2095848,32,162,1295,1995,0.0,802559.0,0.687171,1.188647,BRA,NLD,5603
2095849,39,162,1295,1995,307686.0,580132.0,1.077804,1.0724200000000002,CAN,NLD,5603
2095850,40,162,1295,1995,0.0,31748.0,-0.13755,-0.5880850000000001,CCK,NLD,5603
2095851,41,162,1295,1995,427899.0,9591886.0,2.1893029999999998,0.82765,CHE,NLD,5603
2095852,42,162,1295,1995,0.0,300310.0,-0.073436,-0.192675,CHL,NLD,5603
2095853,43,162,1295,1995,935.0,216248.0,0.387897,3.2147919999999996,CHN,NLD,5603
2095854,44,162,1295,1995,0.0,28168.0,-0.781656,-0.74293,CIV,NLD,5603
2095855,49,162,1295,1995,0.0,42025.0,0.094335,0.13047999999999998,COL,NLD,5603
2095856,54,162,1295,1995,0.0,100566.0,-0.315644,-0.8812110000000001,CUB,NLD,5603
2095857,58,162,1295,1995,0.0,93236.0,0.263764,0.030358999999999997,CYP,NLD,5603
2095858,59,162,1295,1995,527466.0,459071.0,1.375091,1.628069,CZE,NLD,5603
2095859,61,162,1295,1995,56954872.0,71575976.0,2.325385,-2.2238189999999998,DEU,NLD,5603
2095860,64,162,1295,1995,235855.0,3099270.0,1.3800270000000001,1.489036,DNK,NLD,5603
2095861,65,162,1295,1995,0.0,452095.0,-0.635482,-0.746526,DOM,NLD,5603
2095862,66,162,1295,1995,0.0,11662.0,-0.555409,-1.037972,DZA,NLD,5603
2095863,67,162,1295,1995,0.0,28928.0,-0.948154,-0.9595790000000001,ECU,NLD,5603
2095864,68,162,1295,1995,0.0,452005.0,-0.340042,-0.085601,EGY,NLD,5603
2095865,71,162,1295,1995,819887.0,4670174.0,1.144247,1.933844,ESP,NLD,5603
2095866,72,162,1295,1995,1468.0,52176.0,0.530041,1.134288,EST,NLD,5603
2095867,73,162,1295,1995,0.0,17301.0,-1.3387120000000001,-1.123621,ETH,NLD,5603
2095868,74,162,1295,1995,1135655.0,1529791.0,2.0085740000000003,1.126816,FIN,NLD,5603
2095869,77,162,1295,1995,25405748.0,23180756.0,1.768484,0.765537,FRA,NLD,5603
2095870,81,162,1295,1995,5678840.0,29208312.0,1.8656979999999999,1.107121,GBR,NLD,5603
2095871,83,162,1295,1995,0.0,61099.0,-1.247755,-1.070455,GHA,NLD,5603
2095872,90,162,1295,1995,0.0,3186269.0,0.17369,0.885756,GRC,NLD,5603
2095873,97,162,1295,1995,36040.0,1230631.0,0.5244449999999999,2.682738,HKG,NLD,5603
2095874,99,162,1295,1995,0.0,324.0,-0.765536,-0.668834,HND,NLD,5603
2095875,100,162,1295,1995,78471.0,439318.0,0.75325,1.395715,HRV,NLD,5603
2095876,102,162,1295,1995,647658.0,1595074.0,0.878711,1.8200060000000002,HUN,NLD,5603
2095877,103,162,1295,1995,44552.0,5180634.0,-0.391727,1.174727,IDN,NLD,5603
2095878,104,162,1295,1995,5279.0,238246.0,0.156183,1.9617380000000002,IND,NLD,5603
2095879,106,162,1295,1995,100966.0,2062983.0,1.349192,0.992099,IRL,NLD,5603
2095880,109,162,1295,1995,0.0,54024.0,0.161331,-0.45210100000000003,ISL,NLD,5603
2095881,110,162,1295,1995,1025883.0,969876.0,1.205368,1.189434,ISR,NLD,5603
2095882,111,162,1295,1995,11039406.0,24719506.0,1.503379,1.449094,ITA,NLD,5603
2095883,113,162,1295,1995,0.0,81591.0,0.666542,0.326785,JOR,NLD,5603
2095884,114,162,1295,1995,1030168.0,9521579.0,2.56822,0.927307,JPN,NLD,5603
2095885,116,162,1295,1995,0.0,40611.0,-0.303773,0.111305,KEN,NLD,5603
2095886,121,162,1295,1995,306610.0,1699469.0,0.845175,1.2761799999999999,KOR,NLD,5603
2095887,122,162,1295,1995,0.0,510792.0,-0.226273,-1.02354,KWT,NLD,5603
2095888,124,162,1295,1995,0.0,64618.0,0.027416000000000003,0.327795,LBN,NLD,5603
2095889,128,162,1295,1995,0.0,65197.0,-0.8358030000000001,-0.29397199999999996,LKA,NLD,5603
2095890,130,162,1295,1995,7759.0,119447.0,0.41220500000000004,0.966966,LTU,NLD,5603
2095891,132,162,1295,1995,19583.0,3911.0,0.25453400000000004,0.174809,LVA,NLD,5603
2095892,134,162,1295,1995,51045.0,1251789.0,-0.6481210000000001,-0.22345,MAR,NLD,5603
2095893,135,162,1295,1995,0.0,29973.0,0.394058,0.124474,MDA,NLD,5603
2095894,136,162,1295,1995,0.0,54675.0,-1.178074,-0.6167,MDG,NLD,5603
2095895,138,162,1295,1995,192539.0,652033.0,0.6414300000000001,0.9697520000000001,MEX,NLD,5603
2095896,140,162,1295,1995,27712.0,268974.0,0.34174,0.648467,MKD,NLD,5603
2095897,142,162,1295,1995,0.0,214799.0,0.842519,0.11882899999999999,MLT,NLD,5603
2095898,148,162,1295,1995,0.0,6554.0,-1.935629,-1.178304,MRT,NLD,5603
2095899,150,162,1295,1995,0.0,3935.0,0.68423,-0.22968200000000003,MTQ,NLD,5603
2095900,151,162,1295,1995,0.0,25002.0,-0.432644,-0.574298,MUS,NLD,5603
2095901,153,162,1295,1995,0.0,2875555.0,0.357745,0.374284,MYS,NLD,5603
2095902,163,162,1295,1995,15657.0,968586.0,1.019741,0.394241,NOR,NLD,5603
2095903,164,162,1295,1995,0.0,4966.0,-0.779984,-0.7621479999999999,NPL,NLD,5603
2095904,166,162,1295,1995,0.0,355736.0,0.5558270000000001,0.773271,NZL,NLD,5603
2095905,167,162,1295,1995,0.0,23197.0,-0.328853,-0.946069,OMN,NLD,5603
2095906,168,162,1295,1995,0.0,54543.0,-0.707965,-0.324784,PAK,NLD,5603
2095907,173,162,1295,1995,0.0,17083.0,-0.263859,-0.21032800000000001,PER,NLD,5603
2095908,174,162,1295,1995,0.0,85207.0,-0.480548,0.076564,PHL,NLD,5603
2095909,176,162,1295,1995,0.0,22389.0,-2.387352,-1.200933,PNG,NLD,5603
2095910,177,162,1295,1995,358116.0,4629648.0,0.76393,1.802648,POL,NLD,5603
2095911,179,162,1295,1995,53128.0,1657940.0,0.412677,1.254009,PRT,NLD,5603
2095912,185,162,1295,1995,1798.0,898585.0,0.621468,1.038729,ROU,NLD,5603
2095913,186,162,1295,1995,0.0,1071850.0,0.364437,0.171494,RUS,NLD,5603
2095914,188,162,1295,1995,0.0,785370.0,0.401573,-0.6676529999999999,SAU,NLD,5603
2095915,191,162,1295,1995,0.0,6435.0,-0.94962,-0.970988,SEN,NLD,5603
2095916,192,162,1295,1995,0.0,1416296.0,0.747684,0.4745,SGP,NLD,5603
2095917,205,162,1295,1995,0.0,7833.0,-0.75729,-0.8253459999999999,SUR,NLD,5603
2095918,206,162,1295,1995,2734.0,404493.0,1.2249780000000001,1.405585,SVK,NLD,5603
2095919,207,162,1295,1995,91285.0,101747.0,1.424606,1.490521,SVN,NLD,5603
2095920,208,162,1295,1995,12309495.0,10267635.0,2.246997,1.060171,SWE,NLD,5603
2095921,212,162,1295,1995,0.0,107018.0,-0.8829469999999999,-0.809407,SYR,NLD,5603
2095922,213,162,1295,1995,0.0,31680.0,-0.23597100000000001,-0.665011,TCA,NLD,5603
2095923,215,162,1295,1995,0.0,9417.0,-0.962727,-0.873151,TGO,NLD,5603
2095924,216,162,1295,1995,0.0,1497813.0,0.174522,1.608058,THA,NLD,5603
2095925,222,162,1295,1995,0.0,31127.0,0.254658,-0.496058,TTO,NLD,5603
2095926,223,162,1295,1995,0.0,293916.0,-0.253792,-0.044331,TUN,NLD,5603
2095927,224,162,1295,1995,17080.0,2539238.0,0.166794,1.209066,TUR,NLD,5603
2095928,226,162,1295,1995,0.0,11403.0,-1.219949,-0.8698969999999999,TZA,NLD,5603
2095929,228,162,1295,1995,0.0,70347.0,0.428875,0.20489899999999997,UKR,NLD,5603
2095930,230,162,1295,1995,0.0,32958.0,0.45133900000000005,0.50831,URY,NLD,5603
2095931,231,162,1295,1995,8302138.0,9130008.0,1.771648,1.184,USA,NLD,5603
2095932,232,162,1295,1995,0.0,1497.0,-0.29740900000000003,-0.9456190000000001,UZB,NLD,5603
2095933,239,162,1295,1995,0.0,41333.0,-1.0462069999999999,-0.269063,VNM,NLD,5603
2095934,243,162,1295,1995,0.0,8299.0,-1.302346,-1.135961,YEM,NLD,5603
2095935,246,162,1295,1995,0.0,1412995.0,0.468112,1.039817,ZAF,NLD,5603
2095936,247,162,1295,1995,747.0,0.0,-0.214763,-0.721675,ZMB,NLD,5603
2095937,248,162,1295,1995,0.0,27099.0,-0.054752999999999996,0.326737,ZWE,NLD,5603
2095938,249,162,1295,1995,0.0,2958036.0,1.345205,1.9337389999999999,TWN,NLD,5603
2095939,14,163,1295,1995,0.0,30300.0,0.44442,0.789292,AUS,NOR,5603
2095940,15,163,1295,1995,3099.0,1301.0,2.000295,0.661255,AUT,NOR,5603
2095941,18,163,1295,1995,1274416.0,10186.0,1.615588,1.394102,BEL,NOR,5603
2095942,23,163,1295,1995,0.0,64503.0,0.436138,1.086561,BGR,NOR,5603
2095943,25,163,1295,1995,0.0,27152.0,0.501206,-0.32106799999999996,BHS,NOR,5603
2095944,31,163,1295,1995,0.0,1654.0,-0.440583,-0.688389,BOL,NOR,5603
2095945,32,163,1295,1995,11444.0,0.0,0.687171,1.188647,BRA,NOR,5603
2095946,39,163,1295,1995,0.0,67413.0,1.077804,1.0724200000000002,CAN,NOR,5603
2095947,41,163,1295,1995,78048.0,3140.0,2.1893029999999998,0.82765,CHE,NOR,5603
2095948,57,163,1295,1995,0.0,5109.0,1.277032,0.064205,CYM,NOR,5603
2095949,58,163,1295,1995,0.0,6754.0,0.263764,0.030358999999999997,CYP,NOR,5603
2095950,59,163,1295,1995,27130.0,128038.0,1.375091,1.628069,CZE,NOR,5603
2095951,61,163,1295,1995,7667564.0,41313.0,2.325385,-2.2238189999999998,DEU,NOR,5603
2095952,64,163,1295,1995,717260.0,22064.0,1.3800270000000001,1.489036,DNK,NOR,5603
2095953,71,163,1295,1995,56596.0,13496.0,1.144247,1.933844,ESP,NOR,5603
2095954,72,163,1295,1995,4314.0,6674.0,0.530041,1.134288,EST,NOR,5603
2095955,74,163,1295,1995,23497.0,41687.0,2.0085740000000003,1.126816,FIN,NOR,5603
2095956,77,163,1295,1995,789830.0,33737.0,1.768484,0.765537,FRA,NOR,5603
2095957,81,163,1295,1995,934186.0,2847.0,1.8656979999999999,1.107121,GBR,NOR,5603
2095958,97,163,1295,1995,0.0,10792.0,0.5244449999999999,2.682738,HKG,NOR,5603
2095959,102,163,1295,1995,532366.0,12578.0,0.878711,1.8200060000000002,HUN,NOR,5603
2095960,106,163,1295,1995,10509.0,26618.0,1.349192,0.992099,IRL,NOR,5603
2095961,109,163,1295,1995,0.0,3791.0,0.161331,-0.45210100000000003,ISL,NOR,5603
2095962,111,163,1295,1995,407766.0,715.0,1.503379,1.449094,ITA,NOR,5603
2095963,114,163,1295,1995,35332.0,5458.0,2.56822,0.927307,JPN,NOR,5603
2095964,130,163,1295,1995,0.0,3143.0,0.41220500000000004,0.966966,LTU,NOR,5603
2095965,132,163,1295,1995,0.0,5674.0,0.25453400000000004,0.174809,LVA,NOR,5603
2095966,153,163,1295,1995,0.0,84989.0,0.357745,0.374284,MYS,NOR,5603
2095967,162,163,1295,1995,968586.0,15657.0,1.304391,1.8819119999999998,NLD,NOR,5603
2095968,169,163,1295,1995,0.0,1685.0,-0.019815,0.050906,PAN,NOR,5603
2095969,177,163,1295,1995,0.0,72945.0,0.76393,1.802648,POL,NOR,5603
2095970,179,163,1295,1995,5223.0,0.0,0.412677,1.254009,PRT,NOR,5603
2095971,186,163,1295,1995,0.0,59766.0,0.364437,0.171494,RUS,NOR,5603
2095972,192,163,1295,1995,0.0,3701.0,0.747684,0.4745,SGP,NOR,5603
2095973,206,163,1295,1995,0.0,23227.0,1.2249780000000001,1.405585,SVK,NOR,5603
2095974,208,163,1295,1995,4510752.0,58696.0,2.246997,1.060171,SWE,NOR,5603
2095975,216,163,1295,1995,0.0,1055.0,0.174522,1.608058,THA,NOR,5603
2095976,231,163,1295,1995,144608.0,101079.0,1.771648,1.184,USA,NOR,5603
2095977,32,169,1295,1995,1703.0,0.0,0.687171,1.188647,BRA,PAN,5603
2095978,39,169,1295,1995,3219.0,0.0,1.077804,1.0724200000000002,CAN,PAN,5603
2095979,49,169,1295,1995,10051.0,0.0,0.094335,0.13047999999999998,COL,PAN,5603
2095980,52,169,1295,1995,124026.0,1134.0,-0.30094699999999996,-0.046285,CRI,PAN,5603
2095981,61,169,1295,1995,15662.0,0.0,2.325385,-2.2238189999999998,DEU,PAN,5603
2095982,90,169,1295,1995,26568.0,0.0,0.17369,0.885756,GRC,PAN,5603
2095983,93,169,1295,1995,0.0,92421.0,-0.241468,0.170932,GTM,PAN,5603
2095984,97,169,1295,1995,7916.0,0.0,0.5244449999999999,2.682738,HKG,PAN,5603
2095985,114,169,1295,1995,214811.0,0.0,2.56822,0.927307,JPN,PAN,5603
2095986,138,169,1295,1995,64936.0,0.0,0.6414300000000001,0.9697520000000001,MEX,PAN,5603
2095987,163,169,1295,1995,1685.0,0.0,1.019741,0.394241,NOR,PAN,5603
2095988,197,169,1295,1995,27310.0,11374.0,-0.17119600000000001,0.027889999999999998,SLV,PAN,5603
2095989,231,169,1295,1995,339773.0,0.0,1.771648,1.184,USA,PAN,5603
2095990,236,169,1295,1995,0.0,3049.0,0.299294,-0.635474,VEN,PAN,5603
2095991,249,169,1295,1995,68657.0,0.0,1.345205,1.9337389999999999,TWN,PAN,5603
2095992,250,169,1295,1995,432782.0,0.0,1.034518,0.9735149999999999,ANS,PAN,5603
2095993,8,173,1295,1995,36885.0,0.0,0.245885,0.5489850000000001,ARG,PER,5603
2095994,32,173,1295,1995,531282.0,5590.0,0.687171,1.188647,BRA,PER,5603
2095995,42,173,1295,1995,74226.0,0.0,-0.073436,-0.192675,CHL,PER,5603
2095996,49,173,1295,1995,1158831.0,0.0,0.094335,0.13047999999999998,COL,PER,5603
2095997,61,173,1295,1995,25648.0,1009.0,2.325385,-2.2238189999999998,DEU,PER,5603
2095998,71,173,1295,1995,41083.0,0.0,1.144247,1.933844,ESP,PER,5603
2095999,74,173,1295,1995,114084.0,0.0,2.0085740000000003,1.126816,FIN,PER,5603
2096000,77,173,1295,1995,916.0,0.0,1.768484,0.765537,FRA,PER,5603
2096001,81,173,1295,1995,177963.0,0.0,1.8656979999999999,1.107121,GBR,PER,5603
2096002,102,173,1295,1995,5597.0,0.0,0.878711,1.8200060000000002,HUN,PER,5603
2096003,111,173,1295,1995,48387.0,0.0,1.503379,1.449094,ITA,PER,5603
2096004,114,173,1295,1995,25272.0,0.0,2.56822,0.927307,JPN,PER,5603
2096005,121,173,1295,1995,1063.0,0.0,0.845175,1.2761799999999999,KOR,PER,5603
2096006,138,173,1295,1995,272628.0,0.0,0.6414300000000001,0.9697520000000001,MEX,PER,5603
2096007,162,173,1295,1995,17083.0,0.0,1.304391,1.8819119999999998,NLD,PER,5603
2096008,207,173,1295,1995,16491.0,0.0,1.424606,1.490521,SVN,PER,5603
2096009,231,173,1295,1995,277845.0,0.0,1.771648,1.184,USA,PER,5603
2096010,236,173,1295,1995,39687.0,0.0,0.299294,-0.635474,VEN,PER,5603
2096011,249,173,1295,1995,154010.0,0.0,1.345205,1.9337389999999999,TWN,PER,5603
2096012,15,177,1295,1995,503506.0,195439.0,2.000295,0.661255,AUT,POL,5603
2096013,18,177,1295,1995,1166975.0,6593.0,1.615588,1.394102,BEL,POL,5603
2096014,28,177,1295,1995,0.0,999941.0,0.5290279999999999,0.27031700000000003,BLR,POL,5603
2096015,41,177,1295,1995,59825.0,1899.0,2.1893029999999998,0.82765,CHE,POL,5603
2096016,43,177,1295,1995,249715.0,0.0,0.387897,3.2147919999999996,CHN,POL,5603
2096017,59,177,1295,1995,4427930.0,30626.0,1.375091,1.628069,CZE,POL,5603
2096018,61,177,1295,1995,53787744.0,1924539.0,2.325385,-2.2238189999999998,DEU,POL,5603
2096019,64,177,1295,1995,800470.0,0.0,1.3800270000000001,1.489036,DNK,POL,5603
2096020,71,177,1295,1995,1286877.0,0.0,1.144247,1.933844,ESP,POL,5603
2096021,72,177,1295,1995,43510.0,0.0,0.530041,1.134288,EST,POL,5603
2096022,74,177,1295,1995,103033.0,0.0,2.0085740000000003,1.126816,FIN,POL,5603
2096023,77,177,1295,1995,4260614.0,1649.0,1.768484,0.765537,FRA,POL,5603
2096024,81,177,1295,1995,1690137.0,290582.0,1.8656979999999999,1.107121,GBR,POL,5603
2096025,97,177,1295,1995,30279.0,0.0,0.5244449999999999,2.682738,HKG,POL,5603
2096026,100,177,1295,1995,0.0,4724.0,0.75325,1.395715,HRV,POL,5603
2096027,102,177,1295,1995,689330.0,108738.0,0.878711,1.8200060000000002,HUN,POL,5603
2096028,110,177,1295,1995,9538.0,0.0,1.205368,1.189434,ISR,POL,5603
2096029,111,177,1295,1995,5055394.0,104375.0,1.503379,1.449094,ITA,POL,5603
2096030,114,177,1295,1995,5506125.0,0.0,2.56822,0.927307,JPN,POL,5603
2096031,130,177,1295,1995,8737.0,90441.0,0.41220500000000004,0.966966,LTU,POL,5603
2096032,132,177,1295,1995,0.0,58609.0,0.25453400000000004,0.174809,LVA,POL,5603
2096033,140,177,1295,1995,0.0,270866.0,0.34174,0.648467,MKD,POL,5603
2096034,162,177,1295,1995,4629648.0,358116.0,1.304391,1.8819119999999998,NLD,POL,5603
2096035,163,177,1295,1995,72945.0,0.0,1.019741,0.394241,NOR,POL,5603
2096036,185,177,1295,1995,0.0,81883.0,0.621468,1.038729,ROU,POL,5603
2096037,186,177,1295,1995,0.0,869541.0,0.364437,0.171494,RUS,POL,5603
2096038,192,177,1295,1995,81782.0,0.0,0.747684,0.4745,SGP,POL,5603
2096039,206,177,1295,1995,33803.0,5075.0,1.2249780000000001,1.405585,SVK,POL,5603
2096040,207,177,1295,1995,0.0,8182.0,1.424606,1.490521,SVN,POL,5603
2096041,208,177,1295,1995,2227557.0,19850.0,2.246997,1.060171,SWE,POL,5603
2096042,224,177,1295,1995,25399.0,440905.0,0.166794,1.209066,TUR,POL,5603
2096043,228,177,1295,1995,0.0,253299.0,0.428875,0.20489899999999997,UKR,POL,5603
2096044,231,177,1295,1995,449764.0,28243.0,1.771648,1.184,USA,POL,5603
2096045,249,177,1295,1995,196280.0,0.0,1.345205,1.9337389999999999,TWN,POL,5603
2096046,250,177,1295,1995,524180.0,369252.0,1.034518,0.9735149999999999,ANS,POL,5603
2096047,2,179,1295,1995,0.0,24383.0,-2.2342459999999997,-1.1147639999999999,AGO,PRT,5603
2096048,15,179,1295,1995,38461.0,55808.0,2.000295,0.661255,AUT,PRT,5603
2096049,18,179,1295,1995,761919.0,10014.0,1.615588,1.394102,BEL,PRT,5603
2096050,28,179,1295,1995,55305.0,0.0,0.5290279999999999,0.27031700000000003,BLR,PRT,5603
2096051,32,179,1295,1995,0.0,2268.0,0.687171,1.188647,BRA,PRT,5603
2096052,41,179,1295,1995,715784.0,70643.0,2.1893029999999998,0.82765,CHE,PRT,5603
2096053,43,179,1295,1995,16592.0,0.0,0.387897,3.2147919999999996,CHN,PRT,5603
2096054,51,179,1295,1995,0.0,3646.0,0.302241,-0.532841,CPV,PRT,5603
2096055,61,179,1295,1995,11982842.0,523690.0,2.325385,-2.2238189999999998,DEU,PRT,5603
2096056,64,179,1295,1995,31649.0,2835.0,1.3800270000000001,1.489036,DNK,PRT,5603
2096057,65,179,1295,1995,1831.0,0.0,-0.635482,-0.746526,DOM,PRT,5603
2096058,68,179,1295,1995,0.0,18734.0,-0.340042,-0.085601,EGY,PRT,5603
2096059,71,179,1295,1995,8126047.0,1098312.0,1.144247,1.933844,ESP,PRT,5603
2096060,74,179,1295,1995,75427.0,0.0,2.0085740000000003,1.126816,FIN,PRT,5603
2096061,77,179,1295,1995,3309737.0,1306611.0,1.768484,0.765537,FRA,PRT,5603
2096062,81,179,1295,1995,4095068.0,117761.0,1.8656979999999999,1.107121,GBR,PRT,5603
2096063,90,179,1295,1995,0.0,14136.0,0.17369,0.885756,GRC,PRT,5603
2096064,97,179,1295,1995,2192.0,7869.0,0.5244449999999999,2.682738,HKG,PRT,5603
2096065,100,179,1295,1995,1107.0,0.0,0.75325,1.395715,HRV,PRT,5603
2096066,102,179,1295,1995,219214.0,0.0,0.878711,1.8200060000000002,HUN,PRT,5603
2096067,104,179,1295,1995,0.0,3294.0,0.156183,1.9617380000000002,IND,PRT,5603
2096068,106,179,1295,1995,46835.0,246885.0,1.349192,0.992099,IRL,PRT,5603
2096069,109,179,1295,1995,0.0,10197.0,0.161331,-0.45210100000000003,ISL,PRT,5603
2096070,111,179,1295,1995,6443910.0,85605.0,1.503379,1.449094,ITA,PRT,5603
2096071,114,179,1295,1995,432351.0,127742.0,2.56822,0.927307,JPN,PRT,5603
2096072,124,179,1295,1995,0.0,56200.0,0.027416000000000003,0.327795,LBN,PRT,5603
2096073,134,179,1295,1995,0.0,233857.0,-0.6481210000000001,-0.22345,MAR,PRT,5603
2096074,138,179,1295,1995,0.0,6514.0,0.6414300000000001,0.9697520000000001,MEX,PRT,5603
2096075,147,179,1295,1995,0.0,2453.0,-1.031627,-1.02484,MOZ,PRT,5603
2096076,162,179,1295,1995,1657940.0,53128.0,1.304391,1.8819119999999998,NLD,PRT,5603
2096077,163,179,1295,1995,0.0,5223.0,1.019741,0.394241,NOR,PRT,5603
2096078,207,179,1295,1995,81628.0,0.0,1.424606,1.490521,SVN,PRT,5603
2096079,208,179,1295,1995,30707.0,24570.0,2.246997,1.060171,SWE,PRT,5603
2096080,223,179,1295,1995,0.0,9336.0,-0.253792,-0.044331,TUN,PRT,5603
2096081,231,179,1295,1995,128284.0,1888.0,1.771648,1.184,USA,PRT,5603
2096082,236,179,1295,1995,0.0,989.0,0.299294,-0.635474,VEN,PRT,5603
2096083,246,179,1295,1995,0.0,26144.0,0.468112,1.039817,ZAF,PRT,5603
2096084,249,179,1295,1995,20156.0,257638.0,1.345205,1.9337389999999999,TWN,PRT,5603
2096085,250,179,1295,1995,2311.0,67818.0,1.034518,0.9735149999999999,ANS,PRT,5603
2096086,18,205,1295,1995,1721.0,0.0,1.615588,1.394102,BEL,SUR,5603
2096087,49,205,1295,1995,7114.0,0.0,0.094335,0.13047999999999998,COL,SUR,5603
2096088,61,205,1295,1995,13497.0,0.0,2.325385,-2.2238189999999998,DEU,SUR,5603
2096089,162,205,1295,1995,7833.0,0.0,1.304391,1.8819119999999998,NLD,SUR,5603
2096090,231,205,1295,1995,2514.0,0.0,1.771648,1.184,USA,SUR,5603
2096091,249,205,1295,1995,3961.0,0.0,1.345205,1.9337389999999999,TWN,SUR,5603
2096092,7,216,1295,1995,0.0,20756.0,-0.205166,-0.6132380000000001,ARE,THA,5603
2096093,14,216,1295,1995,138885.0,980982.0,0.44442,0.789292,AUS,THA,5603
2096094,15,216,1295,1995,338824.0,0.0,2.000295,0.661255,AUT,THA,5603
2096095,18,216,1295,1995,185965.0,0.0,1.615588,1.394102,BEL,THA,5603
2096096,22,216,1295,1995,0.0,65644.0,-1.037175,-0.983195,BGD,THA,5603
2096097,39,216,1295,1995,20392.0,0.0,1.077804,1.0724200000000002,CAN,THA,5603
2096098,41,216,1295,1995,49090.0,0.0,2.1893029999999998,0.82765,CHE,THA,5603
2096099,43,216,1295,1995,500313.0,100010.0,0.387897,3.2147919999999996,CHN,THA,5603
2096100,61,216,1295,1995,4102521.0,25278.0,2.325385,-2.2238189999999998,DEU,THA,5603
2096101,71,216,1295,1995,195496.0,0.0,1.144247,1.933844,ESP,THA,5603
2096102,74,216,1295,1995,22509.0,0.0,2.0085740000000003,1.126816,FIN,THA,5603
2096103,77,216,1295,1995,269359.0,1314.0,1.768484,0.765537,FRA,THA,5603
2096104,81,216,1295,1995,1591784.0,0.0,1.8656979999999999,1.107121,GBR,THA,5603
2096105,97,216,1295,1995,1246404.0,2490897.0,0.5244449999999999,2.682738,HKG,THA,5603
2096106,102,216,1295,1995,72222.0,0.0,0.878711,1.8200060000000002,HUN,THA,5603
2096107,103,216,1295,1995,159516.0,479999.0,-0.391727,1.174727,IDN,THA,5603
2096108,104,216,1295,1995,9085.0,100658.0,0.156183,1.9617380000000002,IND,THA,5603
2096109,106,216,1295,1995,0.0,10044.0,1.349192,0.992099,IRL,THA,5603
2096110,109,216,1295,1995,0.0,4657.0,0.161331,-0.45210100000000003,ISL,THA,5603
2096111,110,216,1295,1995,6582.0,0.0,1.205368,1.189434,ISR,THA,5603
2096112,111,216,1295,1995,367931.0,0.0,1.503379,1.449094,ITA,THA,5603
2096113,114,216,1295,1995,14817218.0,4724372.0,2.56822,0.927307,JPN,THA,5603
2096114,118,216,1295,1995,0.0,10617.0,-1.275951,-1.144633,KHM,THA,5603
2096115,121,216,1295,1995,13499668.0,1529987.0,0.845175,1.2761799999999999,KOR,THA,5603
2096116,123,216,1295,1995,0.0,404383.0,-1.305146,-1.1964299999999999,LAO,THA,5603
2096117,128,216,1295,1995,1105.0,35445.0,-0.8358030000000001,-0.29397199999999996,LKA,THA,5603
2096118,142,216,1295,1995,9126.0,0.0,0.842519,0.11882899999999999,MLT,THA,5603
2096119,143,216,1295,1995,0.0,9062.0,-1.5669309999999999,-1.124558,MMR,THA,5603
2096120,153,216,1295,1995,43191.0,299118.0,0.357745,0.374284,MYS,THA,5603
2096121,162,216,1295,1995,1497813.0,0.0,1.304391,1.8819119999999998,NLD,THA,5603
2096122,163,216,1295,1995,1055.0,0.0,1.019741,0.394241,NOR,THA,5603
2096123,168,216,1295,1995,0.0,22015.0,-0.707965,-0.324784,PAK,THA,5603
2096124,174,216,1295,1995,0.0,478724.0,-0.480548,0.076564,PHL,THA,5603
2096125,185,216,1295,1995,3862.0,0.0,0.621468,1.038729,ROU,THA,5603
2096126,188,216,1295,1995,1060.0,127273.0,0.401573,-0.6676529999999999,SAU,THA,5603
2096127,192,216,1295,1995,289379.0,48226.0,0.747684,0.4745,SGP,THA,5603
2096128,208,216,1295,1995,210509.0,0.0,2.246997,1.060171,SWE,THA,5603
2096129,231,216,1295,1995,2913692.0,0.0,1.771648,1.184,USA,THA,5603
2096130,239,216,1295,1995,0.0,635961.0,-1.0462069999999999,-0.269063,VNM,THA,5603
2096131,246,216,1295,1995,73206.0,24265.0,0.468112,1.039817,ZAF,THA,5603
2096132,249,216,1295,1995,4606464.0,524641.0,1.345205,1.9337389999999999,TWN,THA,5603
2096133,250,216,1295,1995,0.0,1199.0,1.034518,0.9735149999999999,ANS,THA,5603
2096134,32,222,1295,1995,63164.0,0.0,0.687171,1.188647,BRA,TTO,5603
2096135,39,222,1295,1995,5116.0,0.0,1.077804,1.0724200000000002,CAN,TTO,5603
2096136,43,222,1295,1995,5290.0,0.0,0.387897,3.2147919999999996,CHN,TTO,5603
2096137,61,222,1295,1995,1940.0,0.0,2.325385,-2.2238189999999998,DEU,TTO,5603
2096138,74,222,1295,1995,183930.0,0.0,2.0085740000000003,1.126816,FIN,TTO,5603
2096139,77,222,1295,1995,8145.0,0.0,1.768484,0.765537,FRA,TTO,5603
2096140,81,222,1295,1995,19844.0,0.0,1.8656979999999999,1.107121,GBR,TTO,5603
2096141,110,222,1295,1995,235587.0,0.0,1.205368,1.189434,ISR,TTO,5603
2096142,121,222,1295,1995,2358.0,0.0,0.845175,1.2761799999999999,KOR,TTO,5603
2096143,138,222,1295,1995,88111.0,0.0,0.6414300000000001,0.9697520000000001,MEX,TTO,5603
2096144,162,222,1295,1995,31127.0,0.0,1.304391,1.8819119999999998,NLD,TTO,5603
2096145,231,222,1295,1995,1158865.0,0.0,1.771648,1.184,USA,TTO,5603
2096146,236,222,1295,1995,11401.0,0.0,0.299294,-0.635474,VEN,TTO,5603
2096147,249,222,1295,1995,10433.0,0.0,1.345205,1.9337389999999999,TWN,TTO,5603
2096148,250,222,1295,1995,0.0,2924.0,1.034518,0.9735149999999999,ANS,TTO,5603
2096149,0,231,1295,1995,0.0,91341.0,-0.502999,-0.713013,ABW,USA,5603
2096150,6,231,1295,1995,0.0,80051.0,-0.020759,-0.653863,ANT,USA,5603
2096151,7,231,1295,1995,0.0,2142356.0,-0.205166,-0.6132380000000001,ARE,USA,5603
2096152,8,231,1295,1995,12278.0,3236437.0,0.245885,0.5489850000000001,ARG,USA,5603
2096153,13,231,1295,1995,0.0,33250.0,-0.06877,-0.550291,ATG,USA,5603
2096154,14,231,1295,1995,2146054.0,6126654.0,0.44442,0.789292,AUS,USA,5603
2096155,15,231,1295,1995,69523.0,1553507.0,2.000295,0.661255,AUT,USA,5603
2096156,18,231,1295,1995,47938892.0,60398948.0,1.615588,1.394102,BEL,USA,5603
2096157,19,231,1295,1995,0.0,3022.0,-1.142708,-0.9045280000000001,BEN,USA,5603
2096158,22,231,1295,1995,0.0,22795.0,-1.037175,-0.983195,BGD,USA,5603
2096159,23,231,1295,1995,0.0,120665.0,0.436138,1.086561,BGR,USA,5603
2096160,24,231,1295,1995,0.0,27865.0,-0.239166,-0.8627950000000001,BHR,USA,5603
2096161,25,231,1295,1995,0.0,266193.0,0.501206,-0.32106799999999996,BHS,USA,5603
2096162,29,231,1295,1995,768.0,49867.0,0.019916999999999997,-0.570529,BLZ,USA,5603
2096163,30,231,1295,1995,0.0,16613.0,0.897532,-0.394633,BMU,USA,5603
2096164,31,231,1295,1995,0.0,54729.0,-0.440583,-0.688389,BOL,USA,5603
2096165,32,231,1295,1995,769801.0,7845767.0,0.687171,1.188647,BRA,USA,5603
2096166,33,231,1295,1995,0.0,138500.0,1.055447,0.422738,BRB,USA,5603
2096167,34,231,1295,1995,0.0,411890.0,-0.979701,-0.85456,BRN,USA,5603
2096168,38,231,1295,1995,0.0,8170.0,-0.378162,-0.6538010000000001,CAF,USA,5603
2096169,39,231,1295,1995,39315732.0,127341144.0,1.077804,1.0724200000000002,CAN,USA,5603
2096170,41,231,1295,1995,331863.0,1510706.0,2.1893029999999998,0.82765,CHE,USA,5603
2096171,42,231,1295,1995,1352.0,2292289.0,-0.073436,-0.192675,CHL,USA,5603
2096172,43,231,1295,1995,748551.0,3514768.0,0.387897,3.2147919999999996,CHN,USA,5603
2096173,44,231,1295,1995,0.0,5608.0,-0.781656,-0.74293,CIV,USA,5603
2096174,45,231,1295,1995,0.0,1275.0,-1.121716,-0.9758020000000001,CMR,USA,5603
2096175,49,231,1295,1995,64369.0,3009800.0,0.094335,0.13047999999999998,COL,USA,5603
2096176,52,231,1295,1995,0.0,2770432.0,-0.30094699999999996,-0.046285,CRI,USA,5603
2096177,57,231,1295,1995,0.0,115335.0,1.277032,0.064205,CYM,USA,5603
2096178,58,231,1295,1995,0.0,45040.0,0.263764,0.030358999999999997,CYP,USA,5603
2096179,59,231,1295,1995,3598.0,84895.0,1.375091,1.628069,CZE,USA,5603
2096180,61,231,1295,1995,13427420.0,20146700.0,2.325385,-2.2238189999999998,DEU,USA,5603
2096181,64,231,1295,1995,744444.0,171145.0,1.3800270000000001,1.489036,DNK,USA,5603
2096182,65,231,1295,1995,0.0,1085682.0,-0.635482,-0.746526,DOM,USA,5603
2096183,66,231,1295,1995,0.0,3588.0,-0.555409,-1.037972,DZA,USA,5603
2096184,67,231,1295,1995,0.0,330033.0,-0.948154,-0.9595790000000001,ECU,USA,5603
2096185,68,231,1295,1995,0.0,285538.0,-0.340042,-0.085601,EGY,USA,5603
2096186,71,231,1295,1995,266904.0,1059306.0,1.144247,1.933844,ESP,USA,5603
2096187,72,231,1295,1995,0.0,2604.0,0.530041,1.134288,EST,USA,5603
2096188,74,231,1295,1995,1588941.0,1556565.0,2.0085740000000003,1.126816,FIN,USA,5603
2096189,77,231,1295,1995,4188251.0,7024584.0,1.768484,0.765537,FRA,USA,5603
2096190,81,231,1295,1995,5761680.0,39949300.0,1.8656979999999999,1.107121,GBR,USA,5603
2096191,83,231,1295,1995,0.0,54453.0,-1.247755,-1.070455,GHA,USA,5603
2096192,90,231,1295,1995,4856.0,1268186.0,0.17369,0.885756,GRC,USA,5603
2096193,93,231,1295,1995,0.0,1142453.0,-0.241468,0.170932,GTM,USA,5603
2096194,96,231,1295,1995,0.0,13724.0,-0.8856,-0.8413700000000001,GUY,USA,5603
2096195,97,231,1295,1995,11133.0,21408226.0,0.5244449999999999,2.682738,HKG,USA,5603
2096196,99,231,1295,1995,0.0,796018.0,-0.765536,-0.668834,HND,USA,5603
2096197,100,231,1295,1995,0.0,3545.0,0.75325,1.395715,HRV,USA,5603
2096198,101,231,1295,1995,0.0,288082.0,-0.761827,-0.6020310000000001,HTI,USA,5603
2096199,102,231,1295,1995,646760.0,40115.0,0.878711,1.8200060000000002,HUN,USA,5603
2096200,103,231,1295,1995,0.0,481442.0,-0.391727,1.174727,IDN,USA,5603
2096201,104,231,1295,1995,60010.0,1353660.0,0.156183,1.9617380000000002,IND,USA,5603
2096202,106,231,1295,1995,120329.0,455201.0,1.349192,0.992099,IRL,USA,5603
2096203,109,231,1295,1995,0.0,20027.0,0.161331,-0.45210100000000003,ISL,USA,5603
2096204,110,231,1295,1995,15597859.0,846447.0,1.205368,1.189434,ISR,USA,5603
2096205,111,231,1295,1995,5226785.0,7812444.0,1.503379,1.449094,ITA,USA,5603
2096206,112,231,1295,1995,0.0,246871.0,-0.873925,-0.952304,JAM,USA,5603
2096207,113,231,1295,1995,0.0,28383.0,0.666542,0.326785,JOR,USA,5603
2096208,114,231,1295,1995,73575744.0,24726380.0,2.56822,0.927307,JPN,USA,5603
2096209,116,231,1295,1995,0.0,14640.0,-0.303773,0.111305,KEN,USA,5603
2096210,119,231,1295,1995,0.0,34958.0,-0.610582,-0.748798,KIR,USA,5603
2096211,120,231,1295,1995,0.0,1937.0,0.45250200000000007,-0.45284399999999997,KNA,USA,5603
2096212,121,231,1295,1995,329574.0,11771551.0,0.845175,1.2761799999999999,KOR,USA,5603
2096213,122,231,1295,1995,0.0,11670.0,-0.226273,-1.02354,KWT,USA,5603
2096214,124,231,1295,1995,0.0,73865.0,0.027416000000000003,0.327795,LBN,USA,5603
2096215,128,231,1295,1995,0.0,53552.0,-0.8358030000000001,-0.29397199999999996,LKA,USA,5603
2096216,130,231,1295,1995,0.0,11528.0,0.41220500000000004,0.966966,LTU,USA,5603
2096217,132,231,1295,1995,0.0,4990.0,0.25453400000000004,0.174809,LVA,USA,5603
2096218,134,231,1295,1995,0.0,11537.0,-0.6481210000000001,-0.22345,MAR,USA,5603
2096219,135,231,1295,1995,0.0,1089.0,0.394058,0.124474,MDA,USA,5603
2096220,138,231,1295,1995,5130214.0,143124864.0,0.6414300000000001,0.9697520000000001,MEX,USA,5603
2096221,140,231,1295,1995,0.0,12796.0,0.34174,0.648467,MKD,USA,5603
2096222,142,231,1295,1995,0.0,9253.0,0.842519,0.11882899999999999,MLT,USA,5603
2096223,151,231,1295,1995,0.0,2883.0,-0.432644,-0.574298,MUS,USA,5603
2096224,153,231,1295,1995,5673.0,2731124.0,0.357745,0.374284,MYS,USA,5603
2096225,159,231,1295,1995,0.0,279779.0,-2.108206,-1.2017520000000002,NGA,USA,5603
2096226,160,231,1295,1995,0.0,11911.0,-0.395096,-0.559934,NIC,USA,5603
2096227,162,231,1295,1995,9130008.0,8302138.0,1.304391,1.8819119999999998,NLD,USA,5603
2096228,163,231,1295,1995,101079.0,144608.0,1.019741,0.394241,NOR,USA,5603
2096229,166,231,1295,1995,0.0,1429789.0,0.5558270000000001,0.773271,NZL,USA,5603
2096230,168,231,1295,1995,0.0,87728.0,-0.707965,-0.324784,PAK,USA,5603
2096231,169,231,1295,1995,0.0,339773.0,-0.019815,0.050906,PAN,USA,5603
2096232,173,231,1295,1995,0.0,277845.0,-0.263859,-0.21032800000000001,PER,USA,5603
2096233,174,231,1295,1995,1819.0,1604614.0,-0.480548,0.076564,PHL,USA,5603
2096234,176,231,1295,1995,0.0,30715.0,-2.387352,-1.200933,PNG,USA,5603
2096235,177,231,1295,1995,28243.0,449764.0,0.76393,1.802648,POL,USA,5603
2096236,179,231,1295,1995,1888.0,128284.0,0.412677,1.254009,PRT,USA,5603
2096237,182,231,1295,1995,0.0,30696.0,-0.33641,-0.696238,PYF,USA,5603
2096238,185,231,1295,1995,0.0,84810.0,0.621468,1.038729,ROU,USA,5603
2096239,186,231,1295,1995,0.0,2092665.0,0.364437,0.171494,RUS,USA,5603
2096240,188,231,1295,1995,0.0,5095858.0,0.401573,-0.6676529999999999,SAU,USA,5603
2096241,192,231,1295,1995,7550.0,5991024.0,0.747684,0.4745,SGP,USA,5603
2096242,197,231,1295,1995,0.0,297380.0,-0.17119600000000001,0.027889999999999998,SLV,USA,5603
2096243,205,231,1295,1995,0.0,2514.0,-0.75729,-0.8253459999999999,SUR,USA,5603
2096244,206,231,1295,1995,0.0,66163.0,1.2249780000000001,1.405585,SVK,USA,5603
2096245,207,231,1295,1995,260659.0,149185.0,1.424606,1.490521,SVN,USA,5603
2096246,208,231,1295,1995,206277.0,4137327.0,2.246997,1.060171,SWE,USA,5603
2096247,212,231,1295,1995,0.0,67707.0,-0.8829469999999999,-0.809407,SYR,USA,5603
2096248,216,231,1295,1995,0.0,2913692.0,0.174522,1.608058,THA,USA,5603
2096249,222,231,1295,1995,0.0,1158865.0,0.254658,-0.496058,TTO,USA,5603
2096250,223,231,1295,1995,0.0,686811.0,-0.253792,-0.044331,TUN,USA,5603
2096251,224,231,1295,1995,0.0,899919.0,0.166794,1.209066,TUR,USA,5603
2096252,226,231,1295,1995,0.0,14106.0,-1.219949,-0.8698969999999999,TZA,USA,5603
2096253,230,231,1295,1995,0.0,34177.0,0.45133900000000005,0.50831,URY,USA,5603
2096254,236,231,1295,1995,1399443.0,1298412.0,0.299294,-0.635474,VEN,USA,5603
2096255,237,231,1295,1995,0.0,4113.0,0.799784,-0.287329,VGB,USA,5603
2096256,243,231,1295,1995,0.0,79859.0,-1.302346,-1.135961,YEM,USA,5603
2096257,246,231,1295,1995,0.0,427457.0,0.468112,1.039817,ZAF,USA,5603
2096258,247,231,1295,1995,0.0,2203.0,-0.214763,-0.721675,ZMB,USA,5603
2096259,248,231,1295,1995,0.0,22712.0,-0.054752999999999996,0.326737,ZWE,USA,5603
2096260,249,231,1295,1995,2563534.0,7338568.0,1.345205,1.9337389999999999,TWN,USA,5603
2096261,7,14,1295,1995,0.0,135077.0,-0.205166,-0.6132380000000001,ARE,AUS,5603
2096262,15,14,1295,1995,140887.0,0.0,2.000295,0.661255,AUT,AUS,5603
2096263,18,14,1295,1995,852569.0,0.0,1.615588,1.394102,BEL,AUS,5603
2096264,22,14,1295,1995,0.0,2900.0,-1.037175,-0.983195,BGD,AUS,5603
2096265,39,14,1295,1995,16053.0,8250.0,1.077804,1.0724200000000002,CAN,AUS,5603
2096266,41,14,1295,1995,92975.0,7791.0,2.1893029999999998,0.82765,CHE,AUS,5603
2096267,43,14,1295,1995,75312.0,58967.0,0.387897,3.2147919999999996,CHN,AUS,5603
2096268,59,14,1295,1995,2311.0,0.0,1.375091,1.628069,CZE,AUS,5603
2096269,61,14,1295,1995,7201849.0,3963.0,2.325385,-2.2238189999999998,DEU,AUS,5603
2096270,68,14,1295,1995,0.0,13784.0,-0.340042,-0.085601,EGY,AUS,5603
2096271,71,14,1295,1995,20110.0,3655.0,1.144247,1.933844,ESP,AUS,5603
2096272,74,14,1295,1995,200171.0,0.0,2.0085740000000003,1.126816,FIN,AUS,5603
2096273,75,14,1295,1995,0.0,599238.0,-0.998257,-0.9565629999999999,FJI,AUS,5603
2096274,77,14,1295,1995,1109285.0,71107.0,1.768484,0.765537,FRA,AUS,5603
2096275,81,14,1295,1995,794841.0,97489.0,1.8656979999999999,1.107121,GBR,AUS,5603
2096276,97,14,1295,1995,199786.0,1154676.0,0.5244449999999999,2.682738,HKG,AUS,5603
2096277,102,14,1295,1995,317367.0,0.0,0.878711,1.8200060000000002,HUN,AUS,5603
2096278,103,14,1295,1995,309616.0,54096.0,-0.391727,1.174727,IDN,AUS,5603
2096279,104,14,1295,1995,2618.0,20576.0,0.156183,1.9617380000000002,IND,AUS,5603
2096280,110,14,1295,1995,230950.0,0.0,1.205368,1.189434,ISR,AUS,5603
2096281,111,14,1295,1995,380684.0,0.0,1.503379,1.449094,ITA,AUS,5603
2096282,114,14,1295,1995,2912466.0,2029232.0,2.56822,0.927307,JPN,AUS,5603
2096283,121,14,1295,1995,3788446.0,143254.0,0.845175,1.2761799999999999,KOR,AUS,5603
2096284,128,14,1295,1995,0.0,119653.0,-0.8358030000000001,-0.29397199999999996,LKA,AUS,5603
2096285,138,14,1295,1995,1827.0,0.0,0.6414300000000001,0.9697520000000001,MEX,AUS,5603
2096286,151,14,1295,1995,0.0,27331.0,-0.432644,-0.574298,MUS,AUS,5603
2096287,153,14,1295,1995,0.0,163485.0,0.357745,0.374284,MYS,AUS,5603
2096288,156,14,1295,1995,0.0,2962.0,-1.326035,-0.826058,NCL,AUS,5603
2096289,162,14,1295,1995,2315730.0,370997.0,1.304391,1.8819119999999998,NLD,AUS,5603
2096290,163,14,1295,1995,30300.0,0.0,1.019741,0.394241,NOR,AUS,5603
2096291,166,14,1295,1995,52643.0,3047452.0,0.5558270000000001,0.773271,NZL,AUS,5603
2096292,167,14,1295,1995,0.0,1156.0,-0.328853,-0.946069,OMN,AUS,5603
2096293,168,14,1295,1995,0.0,29973.0,-0.707965,-0.324784,PAK,AUS,5603
2096294,174,14,1295,1995,6160.0,12694.0,-0.480548,0.076564,PHL,AUS,5603
2096295,176,14,1295,1995,0.0,41778.0,-2.387352,-1.200933,PNG,AUS,5603
2096296,188,14,1295,1995,0.0,37152.0,0.401573,-0.6676529999999999,SAU,AUS,5603
2096297,192,14,1295,1995,6214.0,228661.0,0.747684,0.4745,SGP,AUS,5603
2096298,207,14,1295,1995,51962.0,0.0,1.424606,1.490521,SVN,AUS,5603
2096299,208,14,1295,1995,24333.0,10821.0,2.246997,1.060171,SWE,AUS,5603
2096300,216,14,1295,1995,980982.0,138885.0,0.174522,1.608058,THA,AUS,5603
2096301,231,14,1295,1995,6126654.0,2146054.0,1.771648,1.184,USA,AUS,5603
2096302,239,14,1295,1995,0.0,39537.0,-1.0462069999999999,-0.269063,VNM,AUS,5603
2096303,240,14,1295,1995,0.0,2923.0,-1.168901,-0.8590540000000001,VUT,AUS,5603
2096304,246,14,1295,1995,0.0,1702437.0,0.468112,1.039817,ZAF,AUS,5603
2096305,249,14,1295,1995,3694081.0,30798.0,1.345205,1.9337389999999999,TWN,AUS,5603
2096306,250,14,1295,1995,0.0,18569.0,1.034518,0.9735149999999999,ANS,AUS,5603
2096307,14,22,1295,1995,2900.0,0.0,0.44442,0.789292,AUS,BGD,5603
2096308,18,22,1295,1995,18840.0,0.0,1.615588,1.394102,BEL,BGD,5603
2096309,43,22,1295,1995,2460.0,6956.0,0.387897,3.2147919999999996,CHN,BGD,5603
2096310,61,22,1295,1995,78501.0,0.0,2.325385,-2.2238189999999998,DEU,BGD,5603
2096311,77,22,1295,1995,106387.0,0.0,1.768484,0.765537,FRA,BGD,5603
2096312,97,22,1295,1995,3118162.0,20546.0,0.5244449999999999,2.682738,HKG,BGD,5603
2096313,103,22,1295,1995,211854.0,0.0,-0.391727,1.174727,IDN,BGD,5603
2096314,104,22,1295,1995,29372.0,0.0,0.156183,1.9617380000000002,IND,BGD,5603
2096315,111,22,1295,1995,5379.0,0.0,1.503379,1.449094,ITA,BGD,5603
2096316,114,22,1295,1995,13305.0,0.0,2.56822,0.927307,JPN,BGD,5603
2096317,121,22,1295,1995,4634660.0,0.0,0.845175,1.2761799999999999,KOR,BGD,5603
2096318,153,22,1295,1995,2737.0,0.0,0.357745,0.374284,MYS,BGD,5603
2096319,192,22,1295,1995,34926.0,0.0,0.747684,0.4745,SGP,BGD,5603
2096320,216,22,1295,1995,65644.0,0.0,0.174522,1.608058,THA,BGD,5603
2096321,231,22,1295,1995,22795.0,0.0,1.771648,1.184,USA,BGD,5603
2096322,249,22,1295,1995,3136.0,0.0,1.345205,1.9337389999999999,TWN,BGD,5603
2096323,250,22,1295,1995,7174.0,0.0,1.034518,0.9735149999999999,ANS,BGD,5603
2096324,45,38,1295,1995,5345.0,0.0,-1.121716,-0.9758020000000001,CMR,CAF,5603
2096325,77,38,1295,1995,4572.0,0.0,1.768484,0.765537,FRA,CAF,5603
2096326,231,38,1295,1995,8170.0,0.0,1.771648,1.184,USA,CAF,5603
2096327,8,39,1295,1995,0.0,5965.0,0.245885,0.5489850000000001,ARG,CAN,5603
2096328,14,39,1295,1995,8250.0,16053.0,0.44442,0.789292,AUS,CAN,5603
2096329,15,39,1295,1995,113530.0,10873.0,2.000295,0.661255,AUT,CAN,5603
2096330,18,39,1295,1995,3429045.0,48819.0,1.615588,1.394102,BEL,CAN,5603
2096331,32,39,1295,1995,103255.0,13352.0,0.687171,1.188647,BRA,CAN,5603
2096332,41,39,1295,1995,5556.0,36628.0,2.1893029999999998,0.82765,CHE,CAN,5603
2096333,42,39,1295,1995,0.0,4336.0,-0.073436,-0.192675,CHL,CAN,5603
2096334,43,39,1295,1995,112209.0,22975.0,0.387897,3.2147919999999996,CHN,CAN,5603
2096335,49,39,1295,1995,0.0,1504.0,0.094335,0.13047999999999998,COL,CAN,5603
2096336,52,39,1295,1995,0.0,23221.0,-0.30094699999999996,-0.046285,CRI,CAN,5603
2096337,61,39,1295,1995,980519.0,69489.0,2.325385,-2.2238189999999998,DEU,CAN,5603
2096338,71,39,1295,1995,127359.0,18387.0,1.144247,1.933844,ESP,CAN,5603
2096339,74,39,1295,1995,2111.0,0.0,2.0085740000000003,1.126816,FIN,CAN,5603
2096340,77,39,1295,1995,1436048.0,330370.0,1.768484,0.765537,FRA,CAN,5603
2096341,81,39,1295,1995,470061.0,514031.0,1.8656979999999999,1.107121,GBR,CAN,5603
2096342,93,39,1295,1995,0.0,1709.0,-0.241468,0.170932,GTM,CAN,5603
2096343,97,39,1295,1995,21902.0,30340.0,0.5244449999999999,2.682738,HKG,CAN,5603
2096344,100,39,1295,1995,16029.0,0.0,0.75325,1.395715,HRV,CAN,5603
2096345,102,39,1295,1995,26769.0,148892.0,0.878711,1.8200060000000002,HUN,CAN,5603
2096346,103,39,1295,1995,0.0,6317.0,-0.391727,1.174727,IDN,CAN,5603
2096347,104,39,1295,1995,5585.0,38589.0,0.156183,1.9617380000000002,IND,CAN,5603
2096348,110,39,1295,1995,54221.0,0.0,1.205368,1.189434,ISR,CAN,5603
2096349,111,39,1295,1995,1269263.0,35957.0,1.503379,1.449094,ITA,CAN,5603
2096350,114,39,1295,1995,2529758.0,9206.0,2.56822,0.927307,JPN,CAN,5603
2096351,121,39,1295,1995,718605.0,50510.0,0.845175,1.2761799999999999,KOR,CAN,5603
2096352,133,39,1295,1995,0.0,1033.0,-0.149794,-0.26961799999999997,MAC,CAN,5603
2096353,138,39,1295,1995,212379.0,124276.0,0.6414300000000001,0.9697520000000001,MEX,CAN,5603
2096354,162,39,1295,1995,580132.0,307686.0,1.304391,1.8819119999999998,NLD,CAN,5603
2096355,163,39,1295,1995,67413.0,0.0,1.019741,0.394241,NOR,CAN,5603
2096356,166,39,1295,1995,0.0,1333.0,0.5558270000000001,0.773271,NZL,CAN,5603
2096357,169,39,1295,1995,0.0,3219.0,-0.019815,0.050906,PAN,CAN,5603
2096358,185,39,1295,1995,0.0,10124.0,0.621468,1.038729,ROU,CAN,5603
2096359,186,39,1295,1995,0.0,1693.0,0.364437,0.171494,RUS,CAN,5603
2096360,192,39,1295,1995,1495.0,66002.0,0.747684,0.4745,SGP,CAN,5603
2096361,208,39,1295,1995,20733.0,0.0,2.246997,1.060171,SWE,CAN,5603
2096362,216,39,1295,1995,0.0,20392.0,0.174522,1.608058,THA,CAN,5603
2096363,222,39,1295,1995,0.0,5116.0,0.254658,-0.496058,TTO,CAN,5603
2096364,223,39,1295,1995,0.0,24072.0,-0.253792,-0.044331,TUN,CAN,5603
2096365,231,39,1295,1995,127341144.0,39315732.0,1.771648,1.184,USA,CAN,5603
2096366,236,39,1295,1995,32653.0,27308.0,0.299294,-0.635474,VEN,CAN,5603
2096367,239,39,1295,1995,0.0,15409.0,-1.0462069999999999,-0.269063,VNM,CAN,5603
2096368,249,39,1295,1995,1056698.0,0.0,1.345205,1.9337389999999999,TWN,CAN,5603
2096369,250,39,1295,1995,14669.0,0.0,1.034518,0.9735149999999999,ANS,CAN,5603
2096370,8,41,1295,1995,0.0,4450.0,0.245885,0.5489850000000001,ARG,CHE,5603
2096371,14,41,1295,1995,7791.0,92975.0,0.44442,0.789292,AUS,CHE,5603
2096372,15,41,1295,1995,345053.0,1641063.0,2.000295,0.661255,AUT,CHE,5603
2096373,18,41,1295,1995,3450295.0,400610.0,1.615588,1.394102,BEL,CHE,5603
2096374,23,41,1295,1995,0.0,6969.0,0.436138,1.086561,BGR,CHE,5603
2096375,32,41,1295,1995,0.0,31919.0,0.687171,1.188647,BRA,CHE,5603
2096376,39,41,1295,1995,36628.0,5556.0,1.077804,1.0724200000000002,CAN,CHE,5603
2096377,42,41,1295,1995,0.0,4929.0,-0.073436,-0.192675,CHL,CHE,5603
2096378,43,41,1295,1995,9127.0,34730.0,0.387897,3.2147919999999996,CHN,CHE,5603
2096379,49,41,1295,1995,0.0,1663.0,0.094335,0.13047999999999998,COL,CHE,5603
2096380,52,41,1295,1995,0.0,2198.0,-0.30094699999999996,-0.046285,CRI,CHE,5603
2096381,58,41,1295,1995,0.0,19308.0,0.263764,0.030358999999999997,CYP,CHE,5603
2096382,59,41,1295,1995,187041.0,134867.0,1.375091,1.628069,CZE,CHE,5603
2096383,61,41,1295,1995,23897570.0,9147593.0,2.325385,-2.2238189999999998,DEU,CHE,5603
2096384,64,41,1295,1995,8343.0,148109.0,1.3800270000000001,1.489036,DNK,CHE,5603
2096385,66,41,1295,1995,0.0,1155.0,-0.555409,-1.037972,DZA,CHE,5603
2096386,68,41,1295,1995,0.0,36463.0,-0.340042,-0.085601,EGY,CHE,5603
2096387,71,41,1295,1995,11955.0,249534.0,1.144247,1.933844,ESP,CHE,5603
2096388,74,41,1295,1995,90208.0,90944.0,2.0085740000000003,1.126816,FIN,CHE,5603
2096389,77,41,1295,1995,6371341.0,2110322.0,1.768484,0.765537,FRA,CHE,5603
2096390,81,41,1295,1995,1413117.0,463400.0,1.8656979999999999,1.107121,GBR,CHE,5603
2096391,90,41,1295,1995,4644.0,61050.0,0.17369,0.885756,GRC,CHE,5603
2096392,97,41,1295,1995,31544.0,38564.0,0.5244449999999999,2.682738,HKG,CHE,5603
2096393,100,41,1295,1995,0.0,1621.0,0.75325,1.395715,HRV,CHE,5603
2096394,102,41,1295,1995,132785.0,66871.0,0.878711,1.8200060000000002,HUN,CHE,5603
2096395,103,41,1295,1995,0.0,9871.0,-0.391727,1.174727,IDN,CHE,5603
2096396,104,41,1295,1995,0.0,57587.0,0.156183,1.9617380000000002,IND,CHE,5603
2096397,107,41,1295,1995,0.0,17871.0,-0.821991,-1.071013,IRN,CHE,5603
2096398,110,41,1295,1995,0.0,11602.0,1.205368,1.189434,ISR,CHE,5603
2096399,111,41,1295,1995,6228369.0,1483054.0,1.503379,1.449094,ITA,CHE,5603
2096400,114,41,1295,1995,1092755.0,257145.0,2.56822,0.927307,JPN,CHE,5603
2096401,121,41,1295,1995,11650.0,50714.0,0.845175,1.2761799999999999,KOR,CHE,5603
2096402,122,41,1295,1995,0.0,29069.0,-0.226273,-1.02354,KWT,CHE,5603
2096403,124,41,1295,1995,0.0,7905.0,0.027416000000000003,0.327795,LBN,CHE,5603
2096404,126,41,1295,1995,0.0,51361.0,-0.353547,-1.019464,LBY,CHE,5603
2096405,134,41,1295,1995,0.0,16681.0,-0.6481210000000001,-0.22345,MAR,CHE,5603
2096406,136,41,1295,1995,0.0,2112.0,-1.178074,-0.6167,MDG,CHE,5603
2096407,138,41,1295,1995,0.0,12679.0,0.6414300000000001,0.9697520000000001,MEX,CHE,5603
2096408,153,41,1295,1995,0.0,40232.0,0.357745,0.374284,MYS,CHE,5603
2096409,162,41,1295,1995,9591886.0,427899.0,1.304391,1.8819119999999998,NLD,CHE,5603
2096410,163,41,1295,1995,3140.0,78048.0,1.019741,0.394241,NOR,CHE,5603
2096411,166,41,1295,1995,0.0,8094.0,0.5558270000000001,0.773271,NZL,CHE,5603
2096412,168,41,1295,1995,0.0,6857.0,-0.707965,-0.324784,PAK,CHE,5603
2096413,174,41,1295,1995,0.0,1451.0,-0.480548,0.076564,PHL,CHE,5603
2096414,177,41,1295,1995,1899.0,59825.0,0.76393,1.802648,POL,CHE,5603
2096415,179,41,1295,1995,70643.0,715784.0,0.412677,1.254009,PRT,CHE,5603
2096416,183,41,1295,1995,0.0,3812.0,-0.721352,-1.0827799999999999,QAT,CHE,5603
2096417,185,41,1295,1995,0.0,236557.0,0.621468,1.038729,ROU,CHE,5603
2096418,188,41,1295,1995,0.0,14964.0,0.401573,-0.6676529999999999,SAU,CHE,5603
2096419,192,41,1295,1995,0.0,6787.0,0.747684,0.4745,SGP,CHE,5603
2096420,206,41,1295,1995,0.0,4490.0,1.2249780000000001,1.405585,SVK,CHE,5603
2096421,207,41,1295,1995,162299.0,8590.0,1.424606,1.490521,SVN,CHE,5603
2096422,208,41,1295,1995,420286.0,1168600.0,2.246997,1.060171,SWE,CHE,5603
2096423,216,41,1295,1995,0.0,49090.0,0.174522,1.608058,THA,CHE,5603
2096424,223,41,1295,1995,0.0,1843.0,-0.253792,-0.044331,TUN,CHE,5603
2096425,224,41,1295,1995,358868.0,226027.0,0.166794,1.209066,TUR,CHE,5603
2096426,230,41,1295,1995,0.0,1791.0,0.45133900000000005,0.50831,URY,CHE,5603
2096427,231,41,1295,1995,1510706.0,331863.0,1.771648,1.184,USA,CHE,5603
2096428,236,41,1295,1995,0.0,16705.0,0.299294,-0.635474,VEN,CHE,5603
2096429,246,41,1295,1995,0.0,151451.0,0.468112,1.039817,ZAF,CHE,5603
2096430,249,41,1295,1995,8626.0,37202.0,1.345205,1.9337389999999999,TWN,CHE,5603
2096431,250,41,1295,1995,0.0,1652.0,1.034518,0.9735149999999999,ANS,CHE,5603
2096432,8,42,1295,1995,651719.0,212991.0,0.245885,0.5489850000000001,ARG,CHL,5603
2096433,15,42,1295,1995,16438.0,0.0,2.000295,0.661255,AUT,CHL,5603
2096434,18,42,1295,1995,9166.0,0.0,1.615588,1.394102,BEL,CHL,5603
2096435,31,42,1295,1995,0.0,77062.0,-0.440583,-0.688389,BOL,CHL,5603
2096436,32,42,1295,1995,3643826.0,299714.0,0.687171,1.188647,BRA,CHL,5603
2096437,39,42,1295,1995,4336.0,0.0,1.077804,1.0724200000000002,CAN,CHL,5603
2096438,41,42,1295,1995,4929.0,0.0,2.1893029999999998,0.82765,CHE,CHL,5603
2096439,43,42,1295,1995,9107.0,0.0,0.387897,3.2147919999999996,CHN,CHL,5603
2096440,49,42,1295,1995,905639.0,0.0,0.094335,0.13047999999999998,COL,CHL,5603
2096441,61,42,1295,1995,2321956.0,0.0,2.325385,-2.2238189999999998,DEU,CHL,5603
2096442,68,42,1295,1995,16739.0,0.0,-0.340042,-0.085601,EGY,CHL,5603
2096443,71,42,1295,1995,155926.0,0.0,1.144247,1.933844,ESP,CHL,5603
2096444,74,42,1295,1995,201244.0,0.0,2.0085740000000003,1.126816,FIN,CHL,5603
2096445,77,42,1295,1995,439216.0,0.0,1.768484,0.765537,FRA,CHL,5603
2096446,81,42,1295,1995,507418.0,0.0,1.8656979999999999,1.107121,GBR,CHL,5603
2096447,97,42,1295,1995,2355.0,0.0,0.5244449999999999,2.682738,HKG,CHL,5603
2096448,99,42,1295,1995,0.0,17150.0,-0.765536,-0.668834,HND,CHL,5603
2096449,102,42,1295,1995,76791.0,0.0,0.878711,1.8200060000000002,HUN,CHL,5603
2096450,104,42,1295,1995,1386.0,0.0,0.156183,1.9617380000000002,IND,CHL,5603
2096451,111,42,1295,1995,757118.0,0.0,1.503379,1.449094,ITA,CHL,5603
2096452,114,42,1295,1995,142787.0,0.0,2.56822,0.927307,JPN,CHL,5603
2096453,121,42,1295,1995,319409.0,0.0,0.845175,1.2761799999999999,KOR,CHL,5603
2096454,138,42,1295,1995,769094.0,0.0,0.6414300000000001,0.9697520000000001,MEX,CHL,5603
2096455,160,42,1295,1995,0.0,3136.0,-0.395096,-0.559934,NIC,CHL,5603
2096456,162,42,1295,1995,300310.0,0.0,1.304391,1.8819119999999998,NLD,CHL,5603
2096457,173,42,1295,1995,0.0,74226.0,-0.263859,-0.21032800000000001,PER,CHL,5603
2096458,180,42,1295,1995,0.0,24566.0,-0.283544,-0.640898,PRY,CHL,5603
2096459,230,42,1295,1995,0.0,18746.0,0.45133900000000005,0.50831,URY,CHL,5603
2096460,231,42,1295,1995,2292289.0,1352.0,1.771648,1.184,USA,CHL,5603
2096461,236,42,1295,1995,699450.0,0.0,0.299294,-0.635474,VEN,CHL,5603
2096462,249,42,1295,1995,273270.0,0.0,1.345205,1.9337389999999999,TWN,CHL,5603
2096463,250,42,1295,1995,6919.0,0.0,1.034518,0.9735149999999999,ANS,CHL,5603
2096464,14,59,1295,1995,0.0,2311.0,0.44442,0.789292,AUS,CZE,5603
2096465,15,59,1295,1995,2228588.0,2059361.0,2.000295,0.661255,AUT,CZE,5603
2096466,18,59,1295,1995,286920.0,32451.0,1.615588,1.394102,BEL,CZE,5603
2096467,23,59,1295,1995,2084.0,7495.0,0.436138,1.086561,BGR,CZE,5603
2096468,28,59,1295,1995,550874.0,311444.0,0.5290279999999999,0.27031700000000003,BLR,CZE,5603
2096469,41,59,1295,1995,134867.0,187041.0,2.1893029999999998,0.82765,CHE,CZE,5603
2096470,43,59,1295,1995,898.0,804.0,0.387897,3.2147919999999996,CHN,CZE,5603
2096471,58,59,1295,1995,0.0,2982.0,0.263764,0.030358999999999997,CYP,CZE,5603
2096472,61,59,1295,1995,14781186.0,4376076.0,2.325385,-2.2238189999999998,DEU,CZE,5603
2096473,64,59,1295,1995,2330.0,29827.0,1.3800270000000001,1.489036,DNK,CZE,5603
2096474,68,59,1295,1995,0.0,42979.0,-0.340042,-0.085601,EGY,CZE,5603
2096475,71,59,1295,1995,478215.0,139950.0,1.144247,1.933844,ESP,CZE,5603
2096476,74,59,1295,1995,2186.0,175348.0,2.0085740000000003,1.126816,FIN,CZE,5603
2096477,77,59,1295,1995,578928.0,141631.0,1.768484,0.765537,FRA,CZE,5603
2096478,81,59,1295,1995,432736.0,1198200.0,1.8656979999999999,1.107121,GBR,CZE,5603
2096479,90,59,1295,1995,0.0,117967.0,0.17369,0.885756,GRC,CZE,5603
2096480,102,59,1295,1995,599402.0,1826790.0,0.878711,1.8200060000000002,HUN,CZE,5603
2096481,104,59,1295,1995,0.0,71432.0,0.156183,1.9617380000000002,IND,CZE,5603
2096482,106,59,1295,1995,0.0,3713.0,1.349192,0.992099,IRL,CZE,5603
2096483,109,59,1295,1995,0.0,2294.0,0.161331,-0.45210100000000003,ISL,CZE,5603
2096484,110,59,1295,1995,97444.0,161087.0,1.205368,1.189434,ISR,CZE,5603
2096485,111,59,1295,1995,1072928.0,1358167.0,1.503379,1.449094,ITA,CZE,5603
2096486,113,59,1295,1995,0.0,12649.0,0.666542,0.326785,JOR,CZE,5603
2096487,114,59,1295,1995,36133.0,94827.0,2.56822,0.927307,JPN,CZE,5603
2096488,121,59,1295,1995,163834.0,1095632.0,0.845175,1.2761799999999999,KOR,CZE,5603
2096489,130,59,1295,1995,0.0,27792.0,0.41220500000000004,0.966966,LTU,CZE,5603
2096490,140,59,1295,1995,0.0,2276.0,0.34174,0.648467,MKD,CZE,5603
2096491,142,59,1295,1995,0.0,52927.0,0.842519,0.11882899999999999,MLT,CZE,5603
2096492,162,59,1295,1995,459071.0,527466.0,1.304391,1.8819119999999998,NLD,CZE,5603
2096493,163,59,1295,1995,128038.0,27130.0,1.019741,0.394241,NOR,CZE,5603
2096494,177,59,1295,1995,30626.0,4427930.0,0.76393,1.802648,POL,CZE,5603
2096495,185,59,1295,1995,0.0,7899.0,0.621468,1.038729,ROU,CZE,5603
2096496,186,59,1295,1995,154521.0,119635.0,0.364437,0.171494,RUS,CZE,5603
2096497,188,59,1295,1995,0.0,27162.0,0.401573,-0.6676529999999999,SAU,CZE,5603
2096498,206,59,1295,1995,1371913.0,4076427.0,1.2249780000000001,1.405585,SVK,CZE,5603
2096499,207,59,1295,1995,0.0,13709.0,1.424606,1.490521,SVN,CZE,5603
2096500,208,59,1295,1995,1048375.0,338888.0,2.246997,1.060171,SWE,CZE,5603
2096501,224,59,1295,1995,43376.0,7906.0,0.166794,1.209066,TUR,CZE,5603
2096502,228,59,1295,1995,4763.0,31182.0,0.428875,0.20489899999999997,UKR,CZE,5603
2096503,230,59,1295,1995,3856.0,7578.0,0.45133900000000005,0.50831,URY,CZE,5603
2096504,231,59,1295,1995,84895.0,3598.0,1.771648,1.184,USA,CZE,5603
2096505,232,59,1295,1995,4582.0,0.0,-0.29740900000000003,-0.9456190000000001,UZB,CZE,5603
2096506,246,59,1295,1995,0.0,23306.0,0.468112,1.039817,ZAF,CZE,5603
2096507,250,59,1295,1995,188273.0,169113.0,1.034518,0.9735149999999999,ANS,CZE,5603
2096508,14,68,1295,1995,13784.0,0.0,0.44442,0.789292,AUS,EGY,5603
2096509,18,68,1295,1995,204264.0,82680.0,1.615588,1.394102,BEL,EGY,5603
2096510,41,68,1295,1995,36463.0,0.0,2.1893029999999998,0.82765,CHE,EGY,5603
2096511,42,68,1295,1995,0.0,16739.0,-0.073436,-0.192675,CHL,EGY,5603
2096512,43,68,1295,1995,649723.0,0.0,0.387897,3.2147919999999996,CHN,EGY,5603
2096513,58,68,1295,1995,4737.0,0.0,0.263764,0.030358999999999997,CYP,EGY,5603
2096514,59,68,1295,1995,42979.0,0.0,1.375091,1.628069,CZE,EGY,5603
2096515,61,68,1295,1995,1414206.0,8560.0,2.325385,-2.2238189999999998,DEU,EGY,5603
2096516,71,68,1295,1995,21918.0,0.0,1.144247,1.933844,ESP,EGY,5603
2096517,74,68,1295,1995,52234.0,0.0,2.0085740000000003,1.126816,FIN,EGY,5603
2096518,77,68,1295,1995,83318.0,8413.0,1.768484,0.765537,FRA,EGY,5603
2096519,81,68,1295,1995,269584.0,0.0,1.8656979999999999,1.107121,GBR,EGY,5603
2096520,97,68,1295,1995,145900.0,0.0,0.5244449999999999,2.682738,HKG,EGY,5603
2096521,103,68,1295,1995,8200.0,1142.0,-0.391727,1.174727,IDN,EGY,5603
2096522,110,68,1295,1995,139770.0,0.0,1.205368,1.189434,ISR,EGY,5603
2096523,111,68,1295,1995,2363433.0,67468.0,1.503379,1.449094,ITA,EGY,5603
2096524,113,68,1295,1995,202845.0,0.0,0.666542,0.326785,JOR,EGY,5603
2096525,114,68,1295,1995,48754.0,0.0,2.56822,0.927307,JPN,EGY,5603
2096526,121,68,1295,1995,276876.0,0.0,0.845175,1.2761799999999999,KOR,EGY,5603
2096527,162,68,1295,1995,452005.0,0.0,1.304391,1.8819119999999998,NLD,EGY,5603
2096528,179,68,1295,1995,18734.0,0.0,0.412677,1.254009,PRT,EGY,5603
2096529,208,68,1295,1995,27741.0,0.0,2.246997,1.060171,SWE,EGY,5603
2096530,224,68,1295,1995,16530.0,0.0,0.166794,1.209066,TUR,EGY,5603
2096531,231,68,1295,1995,285538.0,0.0,1.771648,1.184,USA,EGY,5603
2096532,249,68,1295,1995,166042.0,0.0,1.345205,1.9337389999999999,TWN,EGY,5603
2096533,18,72,1295,1995,7716.0,0.0,1.615588,1.394102,BEL,EST,5603
2096534,28,72,1295,1995,35380.0,0.0,0.5290279999999999,0.27031700000000003,BLR,EST,5603
2096535,61,72,1295,1995,643576.0,43853.0,2.325385,-2.2238189999999998,DEU,EST,5603
2096536,64,72,1295,1995,24967.0,0.0,1.3800270000000001,1.489036,DNK,EST,5603
2096537,71,72,1295,1995,768.0,0.0,1.144247,1.933844,ESP,EST,5603
2096538,74,72,1295,1995,293033.0,23253.0,2.0085740000000003,1.126816,FIN,EST,5603
2096539,77,72,1295,1995,65487.0,0.0,1.768484,0.765537,FRA,EST,5603
2096540,81,72,1295,1995,117863.0,0.0,1.8656979999999999,1.107121,GBR,EST,5603
2096541,102,72,1295,1995,731.0,0.0,0.878711,1.8200060000000002,HUN,EST,5603
2096542,111,72,1295,1995,468242.0,1331.0,1.503379,1.449094,ITA,EST,5603
2096543,115,72,1295,1995,0.0,34653.0,0.280262,-0.285508,KAZ,EST,5603
2096544,130,72,1295,1995,16706.0,11012.0,0.41220500000000004,0.966966,LTU,EST,5603
2096545,132,72,1295,1995,2249.0,51803.0,0.25453400000000004,0.174809,LVA,EST,5603
2096546,162,72,1295,1995,52176.0,1468.0,1.304391,1.8819119999999998,NLD,EST,5603
2096547,163,72,1295,1995,6674.0,4314.0,1.019741,0.394241,NOR,EST,5603
2096548,177,72,1295,1995,0.0,43510.0,0.76393,1.802648,POL,EST,5603
2096549,186,72,1295,1995,41998.0,3230207.0,0.364437,0.171494,RUS,EST,5603
2096550,208,72,1295,1995,223392.0,2819.0,2.246997,1.060171,SWE,EST,5603
2096551,228,72,1295,1995,0.0,19661.0,0.428875,0.20489899999999997,UKR,EST,5603
2096552,231,72,1295,1995,2604.0,0.0,1.771648,1.184,USA,EST,5603
2096553,7,103,1295,1995,0.0,55902.0,-0.205166,-0.6132380000000001,ARE,IDN,5603
2096554,14,103,1295,1995,54096.0,309616.0,0.44442,0.789292,AUS,IDN,5603
2096555,15,103,1295,1995,205993.0,0.0,2.000295,0.661255,AUT,IDN,5603
2096556,18,103,1295,1995,191612.0,0.0,1.615588,1.394102,BEL,IDN,5603
2096557,22,103,1295,1995,0.0,211854.0,-1.037175,-0.983195,BGD,IDN,5603
2096558,39,103,1295,1995,6317.0,0.0,1.077804,1.0724200000000002,CAN,IDN,5603
2096559,41,103,1295,1995,9871.0,0.0,2.1893029999999998,0.82765,CHE,IDN,5603
2096560,43,103,1295,1995,786338.0,37190.0,0.387897,3.2147919999999996,CHN,IDN,5603
2096561,61,103,1295,1995,3647330.0,31506.0,2.325385,-2.2238189999999998,DEU,IDN,5603
2096562,68,103,1295,1995,1142.0,8200.0,-0.340042,-0.085601,EGY,IDN,5603
2096563,71,103,1295,1995,98073.0,0.0,1.144247,1.933844,ESP,IDN,5603
2096564,74,103,1295,1995,86666.0,0.0,2.0085740000000003,1.126816,FIN,IDN,5603
2096565,77,103,1295,1995,87138.0,0.0,1.768484,0.765537,FRA,IDN,5603
2096566,81,103,1295,1995,56297.0,0.0,1.8656979999999999,1.107121,GBR,IDN,5603
2096567,83,103,1295,1995,0.0,266657.0,-1.247755,-1.070455,GHA,IDN,5603
2096568,90,103,1295,1995,0.0,26323.0,0.17369,0.885756,GRC,IDN,5603
2096569,97,103,1295,1995,1393065.0,139939.0,0.5244449999999999,2.682738,HKG,IDN,5603
2096570,102,103,1295,1995,71089.0,0.0,0.878711,1.8200060000000002,HUN,IDN,5603
2096571,104,103,1295,1995,7588.0,408879.0,0.156183,1.9617380000000002,IND,IDN,5603
2096572,106,103,1295,1995,22967.0,0.0,1.349192,0.992099,IRL,IDN,5603
2096573,111,103,1295,1995,232259.0,0.0,1.503379,1.449094,ITA,IDN,5603
2096574,113,103,1295,1995,0.0,4066.0,0.666542,0.326785,JOR,IDN,5603
2096575,114,103,1295,1995,13913969.0,8014.0,2.56822,0.927307,JPN,IDN,5603
2096576,121,103,1295,1995,61326400.0,18863.0,0.845175,1.2761799999999999,KOR,IDN,5603
2096577,124,103,1295,1995,0.0,24594.0,0.027416000000000003,0.327795,LBN,IDN,5603
2096578,128,103,1295,1995,0.0,366921.0,-0.8358030000000001,-0.29397199999999996,LKA,IDN,5603
2096579,138,103,1295,1995,14353.0,10017.0,0.6414300000000001,0.9697520000000001,MEX,IDN,5603
2096580,153,103,1295,1995,93677.0,31252.0,0.357745,0.374284,MYS,IDN,5603
2096581,157,103,1295,1995,0.0,13773.0,-0.288248,-0.592174,NER,IDN,5603
2096582,159,103,1295,1995,0.0,534222.0,-2.108206,-1.2017520000000002,NGA,IDN,5603
2096583,162,103,1295,1995,5180634.0,44552.0,1.304391,1.8819119999999998,NLD,IDN,5603
2096584,166,103,1295,1995,0.0,7542.0,0.5558270000000001,0.773271,NZL,IDN,5603
2096585,168,103,1295,1995,0.0,28135.0,-0.707965,-0.324784,PAK,IDN,5603
2096586,174,103,1295,1995,25594.0,33267.0,-0.480548,0.076564,PHL,IDN,5603
2096587,178,103,1295,1995,27665.0,0.0,0.46509799999999996,0.645496,PRK,IDN,5603
2096588,188,103,1295,1995,0.0,489670.0,0.401573,-0.6676529999999999,SAU,IDN,5603
2096589,189,103,1295,1995,18270.0,0.0,1.032118,1.180409,SCG,IDN,5603
2096590,192,103,1295,1995,505975.0,543066.0,0.747684,0.4745,SGP,IDN,5603
2096591,207,103,1295,1995,14115.0,0.0,1.424606,1.490521,SVN,IDN,5603
2096592,208,103,1295,1995,3504.0,0.0,2.246997,1.060171,SWE,IDN,5603
2096593,216,103,1295,1995,479999.0,159516.0,0.174522,1.608058,THA,IDN,5603
2096594,231,103,1295,1995,481442.0,0.0,1.771648,1.184,USA,IDN,5603
2096595,239,103,1295,1995,32476.0,0.0,-1.0462069999999999,-0.269063,VNM,IDN,5603
2096596,243,103,1295,1995,1909.0,0.0,-1.302346,-1.135961,YEM,IDN,5603
2096597,249,103,1295,1995,16057104.0,0.0,1.345205,1.9337389999999999,TWN,IDN,5603
2096598,250,103,1295,1995,92254.0,135932.0,1.034518,0.9735149999999999,ANS,IDN,5603
2096599,7,104,1295,1995,51252.0,56138.0,-0.205166,-0.6132380000000001,ARE,IND,5603
2096600,14,104,1295,1995,20576.0,2618.0,0.44442,0.789292,AUS,IND,5603
2096601,15,104,1295,1995,91530.0,0.0,2.000295,0.661255,AUT,IND,5603
2096602,18,104,1295,1995,739840.0,0.0,1.615588,1.394102,BEL,IND,5603
2096603,22,104,1295,1995,0.0,29372.0,-1.037175,-0.983195,BGD,IND,5603
2096604,39,104,1295,1995,38589.0,5585.0,1.077804,1.0724200000000002,CAN,IND,5603
2096605,41,104,1295,1995,57587.0,0.0,2.1893029999999998,0.82765,CHE,IND,5603
2096606,42,104,1295,1995,0.0,1386.0,-0.073436,-0.192675,CHL,IND,5603
2096607,43,104,1295,1995,170294.0,18864.0,0.387897,3.2147919999999996,CHN,IND,5603
2096608,59,104,1295,1995,71432.0,0.0,1.375091,1.628069,CZE,IND,5603
2096609,61,104,1295,1995,3786075.0,10213.0,2.325385,-2.2238189999999998,DEU,IND,5603
2096610,64,104,1295,1995,2375.0,0.0,1.3800270000000001,1.489036,DNK,IND,5603
2096611,71,104,1295,1995,1277.0,0.0,1.144247,1.933844,ESP,IND,5603
2096612,74,104,1295,1995,3763.0,3017.0,2.0085740000000003,1.126816,FIN,IND,5603
2096613,77,104,1295,1995,489317.0,111505.0,1.768484,0.765537,FRA,IND,5603
2096614,81,104,1295,1995,1057558.0,18039.0,1.8656979999999999,1.107121,GBR,IND,5603
2096615,90,104,1295,1995,0.0,77009.0,0.17369,0.885756,GRC,IND,5603
2096616,97,104,1295,1995,517141.0,7967.0,0.5244449999999999,2.682738,HKG,IND,5603
2096617,103,104,1295,1995,408879.0,7588.0,-0.391727,1.174727,IDN,IND,5603
2096618,110,104,1295,1995,0.0,19437.0,1.205368,1.189434,ISR,IND,5603
2096619,111,104,1295,1995,433205.0,73587.0,1.503379,1.449094,ITA,IND,5603
2096620,113,104,1295,1995,0.0,32279.0,0.666542,0.326785,JOR,IND,5603
2096621,114,104,1295,1995,1151425.0,0.0,2.56822,0.927307,JPN,IND,5603
2096622,121,104,1295,1995,1442251.0,0.0,0.845175,1.2761799999999999,KOR,IND,5603
2096623,153,104,1295,1995,14000.0,1621.0,0.357745,0.374284,MYS,IND,5603
2096624,162,104,1295,1995,238246.0,5279.0,1.304391,1.8819119999999998,NLD,IND,5603
2096625,164,104,1295,1995,0.0,2887.0,-0.779984,-0.7621479999999999,NPL,IND,5603
2096626,166,104,1295,1995,0.0,2385.0,0.5558270000000001,0.773271,NZL,IND,5603
2096627,174,104,1295,1995,2051.0,0.0,-0.480548,0.076564,PHL,IND,5603
2096628,178,104,1295,1995,18879.0,0.0,0.46509799999999996,0.645496,PRK,IND,5603
2096629,179,104,1295,1995,3294.0,0.0,0.412677,1.254009,PRT,IND,5603
2096630,186,104,1295,1995,29926.0,0.0,0.364437,0.171494,RUS,IND,5603
2096631,188,104,1295,1995,0.0,157918.0,0.401573,-0.6676529999999999,SAU,IND,5603
2096632,192,104,1295,1995,157847.0,8470.0,0.747684,0.4745,SGP,IND,5603
2096633,208,104,1295,1995,2964.0,11233.0,2.246997,1.060171,SWE,IND,5603
2096634,216,104,1295,1995,100658.0,9085.0,0.174522,1.608058,THA,IND,5603
2096635,231,104,1295,1995,1353660.0,60010.0,1.771648,1.184,USA,IND,5603
2096636,249,104,1295,1995,447329.0,10274.0,1.345205,1.9337389999999999,TWN,IND,5603
2096637,7,113,1295,1995,1404.0,579495.0,-0.205166,-0.6132380000000001,ARE,JOR,5603
2096638,18,113,1295,1995,2474.0,0.0,1.615588,1.394102,BEL,JOR,5603
2096639,32,113,1295,1995,50515.0,0.0,0.687171,1.188647,BRA,JOR,5603
2096640,43,113,1295,1995,46227.0,0.0,0.387897,3.2147919999999996,CHN,JOR,5603
2096641,58,113,1295,1995,1851.0,0.0,0.263764,0.030358999999999997,CYP,JOR,5603
2096642,59,113,1295,1995,12649.0,0.0,1.375091,1.628069,CZE,JOR,5603
2096643,61,113,1295,1995,217524.0,0.0,2.325385,-2.2238189999999998,DEU,JOR,5603
2096644,68,113,1295,1995,0.0,202845.0,-0.340042,-0.085601,EGY,JOR,5603
2096645,71,113,1295,1995,161832.0,0.0,1.144247,1.933844,ESP,JOR,5603
2096646,74,113,1295,1995,37523.0,0.0,2.0085740000000003,1.126816,FIN,JOR,5603
2096647,77,113,1295,1995,564548.0,0.0,1.768484,0.765537,FRA,JOR,5603
2096648,81,113,1295,1995,80180.0,0.0,1.8656979999999999,1.107121,GBR,JOR,5603
2096649,97,113,1295,1995,102117.0,0.0,0.5244449999999999,2.682738,HKG,JOR,5603
2096650,102,113,1295,1995,2908.0,0.0,0.878711,1.8200060000000002,HUN,JOR,5603
2096651,103,113,1295,1995,4066.0,0.0,-0.391727,1.174727,IDN,JOR,5603
2096652,104,113,1295,1995,32279.0,0.0,0.156183,1.9617380000000002,IND,JOR,5603
2096653,107,113,1295,1995,0.0,12827.0,-0.821991,-1.071013,IRN,JOR,5603
2096654,110,113,1295,1995,5000.0,0.0,1.205368,1.189434,ISR,JOR,5603
2096655,111,113,1295,1995,180710.0,0.0,1.503379,1.449094,ITA,JOR,5603
2096656,114,113,1295,1995,51819.0,0.0,2.56822,0.927307,JPN,JOR,5603
2096657,121,113,1295,1995,28152.0,0.0,0.845175,1.2761799999999999,KOR,JOR,5603
2096658,124,113,1295,1995,1871.0,29809.0,0.027416000000000003,0.327795,LBN,JOR,5603
2096659,162,113,1295,1995,81591.0,0.0,1.304391,1.8819119999999998,NLD,JOR,5603
2096660,167,113,1295,1995,0.0,29028.0,-0.328853,-0.946069,OMN,JOR,5603
2096661,168,113,1295,1995,54914.0,0.0,-0.707965,-0.324784,PAK,JOR,5603
2096662,186,113,1295,1995,57847.0,0.0,0.364437,0.171494,RUS,JOR,5603
2096663,188,113,1295,1995,0.0,428944.0,0.401573,-0.6676529999999999,SAU,JOR,5603
2096664,192,113,1295,1995,1148.0,0.0,0.747684,0.4745,SGP,JOR,5603
2096665,208,113,1295,1995,24966.0,0.0,2.246997,1.060171,SWE,JOR,5603
2096666,212,113,1295,1995,0.0,160073.0,-0.8829469999999999,-0.809407,SYR,JOR,5603
2096667,224,113,1295,1995,33750.0,0.0,0.166794,1.209066,TUR,JOR,5603
2096668,231,113,1295,1995,28383.0,0.0,1.771648,1.184,USA,JOR,5603
2096669,243,113,1295,1995,0.0,42774.0,-1.302346,-1.135961,YEM,JOR,5603
2096670,249,113,1295,1995,386875.0,0.0,1.345205,1.9337389999999999,TWN,JOR,5603
2096671,250,113,1295,1995,0.0,40842.0,1.034518,0.9735149999999999,ANS,JOR,5603
2096672,6,114,1295,1995,0.0,2491.0,-0.020759,-0.653863,ANT,JPN,5603
2096673,7,114,1295,1995,0.0,483971.0,-0.205166,-0.6132380000000001,ARE,JPN,5603
2096674,8,114,1295,1995,0.0,1645338.0,0.245885,0.5489850000000001,ARG,JPN,5603
2096675,14,114,1295,1995,2029232.0,2912466.0,0.44442,0.789292,AUS,JPN,5603
2096676,15,114,1295,1995,0.0,495674.0,2.000295,0.661255,AUT,JPN,5603
2096677,18,114,1295,1995,29326346.0,2849415.0,1.615588,1.394102,BEL,JPN,5603
2096678,22,114,1295,1995,0.0,13305.0,-1.037175,-0.983195,BGD,JPN,5603
2096679,24,114,1295,1995,0.0,11618.0,-0.239166,-0.8627950000000001,BHR,JPN,5603
2096680,31,114,1295,1995,0.0,60506.0,-0.440583,-0.688389,BOL,JPN,5603
2096681,32,114,1295,1995,25015.0,12429057.0,0.687171,1.188647,BRA,JPN,5603
2096682,34,114,1295,1995,0.0,32707.0,-0.979701,-0.85456,BRN,JPN,5603
2096683,39,114,1295,1995,9206.0,2529758.0,1.077804,1.0724200000000002,CAN,JPN,5603
2096684,41,114,1295,1995,257145.0,1092755.0,2.1893029999999998,0.82765,CHE,JPN,5603
2096685,42,114,1295,1995,0.0,142787.0,-0.073436,-0.192675,CHL,JPN,5603
2096686,43,114,1295,1995,1059441.0,65063728.0,0.387897,3.2147919999999996,CHN,JPN,5603
2096687,49,114,1295,1995,0.0,752142.0,0.094335,0.13047999999999998,COL,JPN,5603
2096688,59,114,1295,1995,94827.0,36133.0,1.375091,1.628069,CZE,JPN,5603
2096689,61,114,1295,1995,12343237.0,29370428.0,2.325385,-2.2238189999999998,DEU,JPN,5603
2096690,64,114,1295,1995,1441.0,1806927.0,1.3800270000000001,1.489036,DNK,JPN,5603
2096691,65,114,1295,1995,0.0,23699.0,-0.635482,-0.746526,DOM,JPN,5603
2096692,66,114,1295,1995,0.0,46979.0,-0.555409,-1.037972,DZA,JPN,5603
2096693,67,114,1295,1995,1798.0,8500.0,-0.948154,-0.9595790000000001,ECU,JPN,5603
2096694,68,114,1295,1995,0.0,48754.0,-0.340042,-0.085601,EGY,JPN,5603
2096695,71,114,1295,1995,225633.0,960340.0,1.144247,1.933844,ESP,JPN,5603
2096696,74,114,1295,1995,1967736.0,63394.0,2.0085740000000003,1.126816,FIN,JPN,5603
2096697,77,114,1295,1995,2103409.0,3534886.0,1.768484,0.765537,FRA,JPN,5603
2096698,81,114,1295,1995,3040178.0,5938920.0,1.8656979999999999,1.107121,GBR,JPN,5603
2096699,85,114,1295,1995,0.0,45306.0,-1.304768,-1.077826,GIN,JPN,5603
2096700,90,114,1295,1995,0.0,207461.0,0.17369,0.885756,GRC,JPN,5603
2096701,91,114,1295,1995,0.0,10024.0,0.15883699999999998,-0.514984,GRD,JPN,5603
2096702,93,114,1295,1995,0.0,53818.0,-0.241468,0.170932,GTM,JPN,5603
2096703,97,114,1295,1995,83004.0,87527520.0,0.5244449999999999,2.682738,HKG,JPN,5603
2096704,100,114,1295,1995,0.0,4455.0,0.75325,1.395715,HRV,JPN,5603
2096705,102,114,1295,1995,238221.0,11179.0,0.878711,1.8200060000000002,HUN,JPN,5603
2096706,103,114,1295,1995,8014.0,13913969.0,-0.391727,1.174727,IDN,JPN,5603
2096707,104,114,1295,1995,0.0,1151425.0,0.156183,1.9617380000000002,IND,JPN,5603
2096708,106,114,1295,1995,0.0,12248.0,1.349192,0.992099,IRL,JPN,5603
2096709,110,114,1295,1995,31119.0,281107.0,1.205368,1.189434,ISR,JPN,5603
2096710,111,114,1295,1995,632827.0,13586123.0,1.503379,1.449094,ITA,JPN,5603
2096711,113,114,1295,1995,0.0,51819.0,0.666542,0.326785,JOR,JPN,5603
2096712,121,114,1295,1995,6321718.0,55533640.0,0.845175,1.2761799999999999,KOR,JPN,5603
2096713,122,114,1295,1995,0.0,39840.0,-0.226273,-1.02354,KWT,JPN,5603
2096714,128,114,1295,1995,322144.0,588319.0,-0.8358030000000001,-0.29397199999999996,LKA,JPN,5603
2096715,133,114,1295,1995,0.0,16011.0,-0.149794,-0.26961799999999997,MAC,JPN,5603
2096716,134,114,1295,1995,0.0,29971.0,-0.6481210000000001,-0.22345,MAR,JPN,5603
2096717,138,114,1295,1995,2039.0,358329.0,0.6414300000000001,0.9697520000000001,MEX,JPN,5603
2096718,146,114,1295,1995,0.0,925934.0,0.1683,-0.642753,MNP,JPN,5603
2096719,151,114,1295,1995,0.0,1565.0,-0.432644,-0.574298,MUS,JPN,5603
2096720,153,114,1295,1995,119725.0,7127214.0,0.357745,0.374284,MYS,JPN,5603
2096721,162,114,1295,1995,9521579.0,1030168.0,1.304391,1.8819119999999998,NLD,JPN,5603
2096722,163,114,1295,1995,5458.0,35332.0,1.019741,0.394241,NOR,JPN,5603
2096723,164,114,1295,1995,0.0,2579.0,-0.779984,-0.7621479999999999,NPL,JPN,5603
2096724,166,114,1295,1995,23283.0,584729.0,0.5558270000000001,0.773271,NZL,JPN,5603
2096725,168,114,1295,1995,0.0,5215009.0,-0.707965,-0.324784,PAK,JPN,5603
2096726,169,114,1295,1995,0.0,214811.0,-0.019815,0.050906,PAN,JPN,5603
2096727,173,114,1295,1995,0.0,25272.0,-0.263859,-0.21032800000000001,PER,JPN,5603
2096728,174,114,1295,1995,2589652.0,2826822.0,-0.480548,0.076564,PHL,JPN,5603
2096729,175,114,1295,1995,0.0,5761.0,-0.7866810000000001,-0.810771,PLW,JPN,5603
2096730,177,114,1295,1995,0.0,5506125.0,0.76393,1.802648,POL,JPN,5603
2096731,178,114,1295,1995,0.0,2405408.0,0.46509799999999996,0.645496,PRK,JPN,5603
2096732,179,114,1295,1995,127742.0,432351.0,0.412677,1.254009,PRT,JPN,5603
2096733,186,114,1295,1995,0.0,24100.0,0.364437,0.171494,RUS,JPN,5603
2096734,188,114,1295,1995,0.0,180770.0,0.401573,-0.6676529999999999,SAU,JPN,5603
2096735,192,114,1295,1995,108645.0,9622319.0,0.747684,0.4745,SGP,JPN,5603
2096736,197,114,1295,1995,0.0,4001.0,-0.17119600000000001,0.027889999999999998,SLV,JPN,5603
2096737,207,114,1295,1995,0.0,1379.0,1.424606,1.490521,SVN,JPN,5603
2096738,208,114,1295,1995,65142.0,355440.0,2.246997,1.060171,SWE,JPN,5603
2096739,212,114,1295,1995,0.0,82444.0,-0.8829469999999999,-0.809407,SYR,JPN,5603
2096740,216,114,1295,1995,4724372.0,14817218.0,0.174522,1.608058,THA,JPN,5603
2096741,223,114,1295,1995,0.0,8597.0,-0.253792,-0.044331,TUN,JPN,5603
2096742,224,114,1295,1995,0.0,205668.0,0.166794,1.209066,TUR,JPN,5603
2096743,230,114,1295,1995,0.0,89762.0,0.45133900000000005,0.50831,URY,JPN,5603
2096744,231,114,1295,1995,24726380.0,73575744.0,1.771648,1.184,USA,JPN,5603
2096745,236,114,1295,1995,0.0,44497.0,0.299294,-0.635474,VEN,JPN,5603
2096746,239,114,1295,1995,0.0,8080788.0,-1.0462069999999999,-0.269063,VNM,JPN,5603
2096747,246,114,1295,1995,0.0,355767.0,0.468112,1.039817,ZAF,JPN,5603
2096748,249,114,1295,1995,17897904.0,26278166.0,1.345205,1.9337389999999999,TWN,JPN,5603
2096749,250,114,1295,1995,0.0,26576.0,1.034518,0.9735149999999999,ANS,JPN,5603
2096750,28,117,1295,1995,0.0,131500.0,0.5290279999999999,0.27031700000000003,BLR,KGZ,5603
2096751,61,117,1295,1995,4167.0,0.0,2.325385,-2.2238189999999998,DEU,KGZ,5603
2096752,107,117,1295,1995,0.0,2600.0,-0.821991,-1.071013,IRN,KGZ,5603
2096753,115,117,1295,1995,6862.0,3285.0,0.280262,-0.285508,KAZ,KGZ,5603
2096754,186,117,1295,1995,198480.0,711507.0,0.364437,0.171494,RUS,KGZ,5603
2096755,232,117,1295,1995,10202.0,0.0,-0.29740900000000003,-0.9456190000000001,UZB,KGZ,5603
2096756,18,132,1295,1995,2228.0,0.0,1.615588,1.394102,BEL,LVA,5603
2096757,28,132,1295,1995,0.0,7985.0,0.5290279999999999,0.27031700000000003,BLR,LVA,5603
2096758,61,132,1295,1995,1540117.0,4456.0,2.325385,-2.2238189999999998,DEU,LVA,5603
2096759,64,132,1295,1995,8310.0,0.0,1.3800270000000001,1.489036,DNK,LVA,5603
2096760,72,132,1295,1995,51803.0,2249.0,0.530041,1.134288,EST,LVA,5603
2096761,74,132,1295,1995,10559.0,0.0,2.0085740000000003,1.126816,FIN,LVA,5603
2096762,77,132,1295,1995,95056.0,0.0,1.768484,0.765537,FRA,LVA,5603
2096763,81,132,1295,1995,5850.0,0.0,1.8656979999999999,1.107121,GBR,LVA,5603
2096764,97,132,1295,1995,5109.0,0.0,0.5244449999999999,2.682738,HKG,LVA,5603
2096765,102,132,1295,1995,2575.0,0.0,0.878711,1.8200060000000002,HUN,LVA,5603
2096766,111,132,1295,1995,1916.0,6142.0,1.503379,1.449094,ITA,LVA,5603
2096767,115,132,1295,1995,0.0,1338.0,0.280262,-0.285508,KAZ,LVA,5603
2096768,130,132,1295,1995,86634.0,37035.0,0.41220500000000004,0.966966,LTU,LVA,5603
2096769,162,132,1295,1995,3911.0,19583.0,1.304391,1.8819119999999998,NLD,LVA,5603
2096770,163,132,1295,1995,5674.0,0.0,1.019741,0.394241,NOR,LVA,5603
2096771,177,132,1295,1995,58609.0,0.0,0.76393,1.802648,POL,LVA,5603
2096772,186,132,1295,1995,100720.0,168884.0,0.364437,0.171494,RUS,LVA,5603
2096773,208,132,1295,1995,195911.0,23761.0,2.246997,1.060171,SWE,LVA,5603
2096774,228,132,1295,1995,0.0,34363.0,0.428875,0.20489899999999997,UKR,LVA,5603
2096775,231,132,1295,1995,4990.0,0.0,1.771648,1.184,USA,LVA,5603
2096776,249,132,1295,1995,5324.0,0.0,1.345205,1.9337389999999999,TWN,LVA,5603
2096777,18,142,1295,1995,4584.0,0.0,1.615588,1.394102,BEL,MLT,5603
2096778,43,142,1295,1995,916.0,0.0,0.387897,3.2147919999999996,CHN,MLT,5603
2096779,49,142,1295,1995,3740.0,0.0,0.094335,0.13047999999999998,COL,MLT,5603
2096780,59,142,1295,1995,52927.0,0.0,1.375091,1.628069,CZE,MLT,5603
2096781,61,142,1295,1995,837237.0,6483.0,2.325385,-2.2238189999999998,DEU,MLT,5603
2096782,77,142,1295,1995,72988.0,0.0,1.768484,0.765537,FRA,MLT,5603
2096783,81,142,1295,1995,227696.0,3070.0,1.8656979999999999,1.107121,GBR,MLT,5603
2096784,102,142,1295,1995,21823.0,0.0,0.878711,1.8200060000000002,HUN,MLT,5603
2096785,106,142,1295,1995,0.0,3223.0,1.349192,0.992099,IRL,MLT,5603
2096786,111,142,1295,1995,227547.0,0.0,1.503379,1.449094,ITA,MLT,5603
2096787,121,142,1295,1995,176610.0,0.0,0.845175,1.2761799999999999,KOR,MLT,5603
2096788,162,142,1295,1995,214799.0,0.0,1.304391,1.8819119999999998,NLD,MLT,5603
2096789,216,142,1295,1995,0.0,9126.0,0.174522,1.608058,THA,MLT,5603
2096790,231,142,1295,1995,9253.0,0.0,1.771648,1.184,USA,MLT,5603
2096791,249,142,1295,1995,22774.0,0.0,1.345205,1.9337389999999999,TWN,MLT,5603
2096792,14,166,1295,1995,3047452.0,52643.0,0.44442,0.789292,AUS,NZL,5603
2096793,18,166,1295,1995,574032.0,10180.0,1.615588,1.394102,BEL,NZL,5603
2096794,39,166,1295,1995,1333.0,0.0,1.077804,1.0724200000000002,CAN,NZL,5603
2096795,41,166,1295,1995,8094.0,0.0,2.1893029999999998,0.82765,CHE,NZL,5603
2096796,43,166,1295,1995,4543.0,0.0,0.387897,3.2147919999999996,CHN,NZL,5603
2096797,61,166,1295,1995,612388.0,0.0,2.325385,-2.2238189999999998,DEU,NZL,5603
2096798,74,166,1295,1995,37640.0,0.0,2.0085740000000003,1.126816,FIN,NZL,5603
2096799,75,166,1295,1995,0.0,117769.0,-0.998257,-0.9565629999999999,FJI,NZL,5603
2096800,77,166,1295,1995,117863.0,0.0,1.768484,0.765537,FRA,NZL,5603
2096801,81,166,1295,1995,212942.0,1845.0,1.8656979999999999,1.107121,GBR,NZL,5603
2096802,97,166,1295,1995,22023.0,0.0,0.5244449999999999,2.682738,HKG,NZL,5603
2096803,102,166,1295,1995,8987.0,0.0,0.878711,1.8200060000000002,HUN,NZL,5603
2096804,103,166,1295,1995,7542.0,0.0,-0.391727,1.174727,IDN,NZL,5603
2096805,104,166,1295,1995,2385.0,0.0,0.156183,1.9617380000000002,IND,NZL,5603
2096806,110,166,1295,1995,14004.0,0.0,1.205368,1.189434,ISR,NZL,5603
2096807,111,166,1295,1995,168072.0,0.0,1.503379,1.449094,ITA,NZL,5603
2096808,114,166,1295,1995,584729.0,23283.0,2.56822,0.927307,JPN,NZL,5603
2096809,121,166,1295,1995,376387.0,0.0,0.845175,1.2761799999999999,KOR,NZL,5603
2096810,153,166,1295,1995,2346.0,0.0,0.357745,0.374284,MYS,NZL,5603
2096811,156,166,1295,1995,0.0,3282.0,-1.326035,-0.826058,NCL,NZL,5603
2096812,162,166,1295,1995,355736.0,0.0,1.304391,1.8819119999999998,NLD,NZL,5603
2096813,192,166,1295,1995,42880.0,0.0,0.747684,0.4745,SGP,NZL,5603
2096814,208,166,1295,1995,37709.0,0.0,2.246997,1.060171,SWE,NZL,5603
2096815,221,166,1295,1995,2294.0,0.0,-0.9463799999999999,-0.845484,TON,NZL,5603
2096816,231,166,1295,1995,1429789.0,0.0,1.771648,1.184,USA,NZL,5603
2096817,242,166,1295,1995,0.0,41256.0,-1.238049,-0.877899,WSM,NZL,5603
2096818,246,166,1295,1995,1761.0,0.0,0.468112,1.039817,ZAF,NZL,5603
2096819,249,166,1295,1995,382309.0,0.0,1.345205,1.9337389999999999,TWN,NZL,5603
2096820,7,167,1295,1995,4647.0,0.0,-0.205166,-0.6132380000000001,ARE,OMN,5603
2096821,14,167,1295,1995,1156.0,0.0,0.44442,0.789292,AUS,OMN,5603
2096822,61,167,1295,1995,164578.0,0.0,2.325385,-2.2238189999999998,DEU,OMN,5603
2096823,71,167,1295,1995,1738.0,0.0,1.144247,1.933844,ESP,OMN,5603
2096824,77,167,1295,1995,173676.0,0.0,1.768484,0.765537,FRA,OMN,5603
2096825,81,167,1295,1995,57333.0,0.0,1.8656979999999999,1.107121,GBR,OMN,5603
2096826,97,167,1295,1995,8045.0,0.0,0.5244449999999999,2.682738,HKG,OMN,5603
2096827,111,167,1295,1995,162575.0,0.0,1.503379,1.449094,ITA,OMN,5603
2096828,113,167,1295,1995,29028.0,0.0,0.666542,0.326785,JOR,OMN,5603
2096829,121,167,1295,1995,395874.0,0.0,0.845175,1.2761799999999999,KOR,OMN,5603
2096830,162,167,1295,1995,23197.0,0.0,1.304391,1.8819119999999998,NLD,OMN,5603
2096831,188,167,1295,1995,10641.0,0.0,0.401573,-0.6676529999999999,SAU,OMN,5603
2096832,192,167,1295,1995,6869.0,0.0,0.747684,0.4745,SGP,OMN,5603
2096833,208,167,1295,1995,10048.0,0.0,2.246997,1.060171,SWE,OMN,5603
2096834,250,167,1295,1995,19772.0,0.0,1.034518,0.9735149999999999,ANS,OMN,5603
2096835,15,185,1295,1995,211876.0,0.0,2.000295,0.661255,AUT,ROU,5603
2096836,18,185,1295,1995,121578.0,867.0,1.615588,1.394102,BEL,ROU,5603
2096837,23,185,1295,1995,9000.0,83000.0,0.436138,1.086561,BGR,ROU,5603
2096838,39,185,1295,1995,10124.0,0.0,1.077804,1.0724200000000002,CAN,ROU,5603
2096839,41,185,1295,1995,236557.0,0.0,2.1893029999999998,0.82765,CHE,ROU,5603
2096840,58,185,1295,1995,10196.0,0.0,0.263764,0.030358999999999997,CYP,ROU,5603
2096841,59,185,1295,1995,7899.0,0.0,1.375091,1.628069,CZE,ROU,5603
2096842,61,185,1295,1995,24055004.0,79208.0,2.325385,-2.2238189999999998,DEU,ROU,5603
2096843,64,185,1295,1995,13098.0,0.0,1.3800270000000001,1.489036,DNK,ROU,5603
2096844,71,185,1295,1995,1455.0,0.0,1.144247,1.933844,ESP,ROU,5603
2096845,77,185,1295,1995,398016.0,1842.0,1.768484,0.765537,FRA,ROU,5603
2096846,81,185,1295,1995,265432.0,1722.0,1.8656979999999999,1.107121,GBR,ROU,5603
2096847,90,185,1295,1995,52989.0,31723.0,0.17369,0.885756,GRC,ROU,5603
2096848,97,185,1295,1995,166888.0,0.0,0.5244449999999999,2.682738,HKG,ROU,5603
2096849,102,185,1295,1995,104726.0,3585.0,0.878711,1.8200060000000002,HUN,ROU,5603
2096850,111,185,1295,1995,7139712.0,158847.0,1.503379,1.449094,ITA,ROU,5603
2096851,121,185,1295,1995,135077.0,0.0,0.845175,1.2761799999999999,KOR,ROU,5603
2096852,135,185,1295,1995,0.0,4685.0,0.394058,0.124474,MDA,ROU,5603
2096853,138,185,1295,1995,29465.0,0.0,0.6414300000000001,0.9697520000000001,MEX,ROU,5603
2096854,162,185,1295,1995,898585.0,1798.0,1.304391,1.8819119999999998,NLD,ROU,5603
2096855,177,185,1295,1995,81883.0,0.0,0.76393,1.802648,POL,ROU,5603
2096856,207,185,1295,1995,134089.0,0.0,1.424606,1.490521,SVN,ROU,5603
2096857,208,185,1295,1995,285318.0,0.0,2.246997,1.060171,SWE,ROU,5603
2096858,216,185,1295,1995,0.0,3862.0,0.174522,1.608058,THA,ROU,5603
2096859,224,185,1295,1995,16027.0,82166.0,0.166794,1.209066,TUR,ROU,5603
2096860,231,185,1295,1995,84810.0,0.0,1.771648,1.184,USA,ROU,5603
2096861,249,185,1295,1995,33781.0,0.0,1.345205,1.9337389999999999,TWN,ROU,5603
2096862,250,185,1295,1995,2560.0,0.0,1.034518,0.9735149999999999,ANS,ROU,5603
2096863,9,188,1295,1995,28643.0,0.0,0.254546,-0.851535,ARM,SAU,5603
2096864,14,188,1295,1995,37152.0,0.0,0.44442,0.789292,AUS,SAU,5603
2096865,18,188,1295,1995,1743924.0,0.0,1.615588,1.394102,BEL,SAU,5603
2096866,32,188,1295,1995,54612.0,0.0,0.687171,1.188647,BRA,SAU,5603
2096867,41,188,1295,1995,14964.0,0.0,2.1893029999999998,0.82765,CHE,SAU,5603
2096868,43,188,1295,1995,58015.0,0.0,0.387897,3.2147919999999996,CHN,SAU,5603
2096869,58,188,1295,1995,4813.0,0.0,0.263764,0.030358999999999997,CYP,SAU,5603
2096870,59,188,1295,1995,27162.0,0.0,1.375091,1.628069,CZE,SAU,5603
2096871,61,188,1295,1995,7256622.0,0.0,2.325385,-2.2238189999999998,DEU,SAU,5603
2096872,71,188,1295,1995,124079.0,0.0,1.144247,1.933844,ESP,SAU,5603
2096873,74,188,1295,1995,117723.0,0.0,2.0085740000000003,1.126816,FIN,SAU,5603
2096874,77,188,1295,1995,3932037.0,0.0,1.768484,0.765537,FRA,SAU,5603
2096875,81,188,1295,1995,141002.0,0.0,1.8656979999999999,1.107121,GBR,SAU,5603
2096876,97,188,1295,1995,43963.0,0.0,0.5244449999999999,2.682738,HKG,SAU,5603
2096877,102,188,1295,1995,47266.0,0.0,0.878711,1.8200060000000002,HUN,SAU,5603
2096878,103,188,1295,1995,489670.0,0.0,-0.391727,1.174727,IDN,SAU,5603
2096879,104,188,1295,1995,157918.0,0.0,0.156183,1.9617380000000002,IND,SAU,5603
2096880,106,188,1295,1995,94338.0,0.0,1.349192,0.992099,IRL,SAU,5603
2096881,111,188,1295,1995,2537406.0,0.0,1.503379,1.449094,ITA,SAU,5603
2096882,113,188,1295,1995,428944.0,0.0,0.666542,0.326785,JOR,SAU,5603
2096883,114,188,1295,1995,180770.0,0.0,2.56822,0.927307,JPN,SAU,5603
2096884,121,188,1295,1995,396201.0,212504.0,0.845175,1.2761799999999999,KOR,SAU,5603
2096885,162,188,1295,1995,785370.0,0.0,1.304391,1.8819119999999998,NLD,SAU,5603
2096886,167,188,1295,1995,0.0,10641.0,-0.328853,-0.946069,OMN,SAU,5603
2096887,168,188,1295,1995,19198.0,0.0,-0.707965,-0.324784,PAK,SAU,5603
2096888,174,188,1295,1995,2441.0,0.0,-0.480548,0.076564,PHL,SAU,5603
2096889,178,188,1295,1995,24549.0,0.0,0.46509799999999996,0.645496,PRK,SAU,5603
2096890,183,188,1295,1995,0.0,3819.0,-0.721352,-1.0827799999999999,QAT,SAU,5603
2096891,192,188,1295,1995,47512.0,0.0,0.747684,0.4745,SGP,SAU,5603
2096892,208,188,1295,1995,3746747.0,0.0,2.246997,1.060171,SWE,SAU,5603
2096893,216,188,1295,1995,127273.0,1060.0,0.174522,1.608058,THA,SAU,5603
2096894,224,188,1295,1995,2488.0,0.0,0.166794,1.209066,TUR,SAU,5603
2096895,231,188,1295,1995,5095858.0,0.0,1.771648,1.184,USA,SAU,5603
2096896,249,188,1295,1995,78306.0,0.0,1.345205,1.9337389999999999,TWN,SAU,5603
2096897,7,192,1295,1995,0.0,1075640.0,-0.205166,-0.6132380000000001,ARE,SGP,5603
2096898,14,192,1295,1995,228661.0,6214.0,0.44442,0.789292,AUS,SGP,5603
2096899,18,192,1295,1995,1379811.0,0.0,1.615588,1.394102,BEL,SGP,5603
2096900,22,192,1295,1995,0.0,34926.0,-1.037175,-0.983195,BGD,SGP,5603
2096901,34,192,1295,1995,0.0,386288.0,-0.979701,-0.85456,BRN,SGP,5603
2096902,39,192,1295,1995,66002.0,1495.0,1.077804,1.0724200000000002,CAN,SGP,5603
2096903,41,192,1295,1995,6787.0,0.0,2.1893029999999998,0.82765,CHE,SGP,5603
2096904,43,192,1295,1995,264405.0,80085.0,0.387897,3.2147919999999996,CHN,SGP,5603
2096905,61,192,1295,1995,2534358.0,0.0,2.325385,-2.2238189999999998,DEU,SGP,5603
2096906,64,192,1295,1995,46139.0,0.0,1.3800270000000001,1.489036,DNK,SGP,5603
2096907,71,192,1295,1995,96832.0,0.0,1.144247,1.933844,ESP,SGP,5603
2096908,74,192,1295,1995,280370.0,0.0,2.0085740000000003,1.126816,FIN,SGP,5603
2096909,75,192,1295,1995,0.0,31467.0,-0.998257,-0.9565629999999999,FJI,SGP,5603
2096910,77,192,1295,1995,767331.0,0.0,1.768484,0.765537,FRA,SGP,5603
2096911,81,192,1295,1995,364883.0,0.0,1.8656979999999999,1.107121,GBR,SGP,5603
2096912,97,192,1295,1995,1474742.0,2122998.0,0.5244449999999999,2.682738,HKG,SGP,5603
2096913,102,192,1295,1995,61646.0,0.0,0.878711,1.8200060000000002,HUN,SGP,5603
2096914,103,192,1295,1995,543066.0,505975.0,-0.391727,1.174727,IDN,SGP,5603
2096915,104,192,1295,1995,8470.0,157847.0,0.156183,1.9617380000000002,IND,SGP,5603
2096916,106,192,1295,1995,3018.0,0.0,1.349192,0.992099,IRL,SGP,5603
2096917,107,192,1295,1995,8817.0,0.0,-0.821991,-1.071013,IRN,SGP,5603
2096918,110,192,1295,1995,1007462.0,0.0,1.205368,1.189434,ISR,SGP,5603
2096919,111,192,1295,1995,362150.0,0.0,1.503379,1.449094,ITA,SGP,5603
2096920,113,192,1295,1995,0.0,1148.0,0.666542,0.326785,JOR,SGP,5603
2096921,114,192,1295,1995,9622319.0,108645.0,2.56822,0.927307,JPN,SGP,5603
2096922,118,192,1295,1995,0.0,31798.0,-1.275951,-1.144633,KHM,SGP,5603
2096923,121,192,1295,1995,551487.0,0.0,0.845175,1.2761799999999999,KOR,SGP,5603
2096924,128,192,1295,1995,0.0,709892.0,-0.8358030000000001,-0.29397199999999996,LKA,SGP,5603
2096925,134,192,1295,1995,0.0,38238.0,-0.6481210000000001,-0.22345,MAR,SGP,5603
2096926,137,192,1295,1995,0.0,8744.0,-1.258938,-0.9818629999999999,MDV,SGP,5603
2096927,143,192,1295,1995,0.0,18140.0,-1.5669309999999999,-1.124558,MMR,SGP,5603
2096928,151,192,1295,1995,0.0,81572.0,-0.432644,-0.574298,MUS,SGP,5603
2096929,153,192,1295,1995,761598.0,2565799.0,0.357745,0.374284,MYS,SGP,5603
2096930,156,192,1295,1995,0.0,1873.0,-1.326035,-0.826058,NCL,SGP,5603
2096931,162,192,1295,1995,1416296.0,0.0,1.304391,1.8819119999999998,NLD,SGP,5603
2096932,163,192,1295,1995,3701.0,0.0,1.019741,0.394241,NOR,SGP,5603
2096933,166,192,1295,1995,0.0,42880.0,0.5558270000000001,0.773271,NZL,SGP,5603
2096934,167,192,1295,1995,0.0,6869.0,-0.328853,-0.946069,OMN,SGP,5603
2096935,168,192,1295,1995,0.0,453414.0,-0.707965,-0.324784,PAK,SGP,5603
2096936,174,192,1295,1995,1911.0,145470.0,-0.480548,0.076564,PHL,SGP,5603
2096937,177,192,1295,1995,0.0,81782.0,0.76393,1.802648,POL,SGP,5603
2096938,186,192,1295,1995,0.0,4544.0,0.364437,0.171494,RUS,SGP,5603
2096939,188,192,1295,1995,0.0,47512.0,0.401573,-0.6676529999999999,SAU,SGP,5603
2096940,208,192,1295,1995,154539.0,0.0,2.246997,1.060171,SWE,SGP,5603
2096941,211,192,1295,1995,0.0,2443.0,-0.103343,-0.57371,SYC,SGP,5603
2096942,216,192,1295,1995,48226.0,289379.0,0.174522,1.608058,THA,SGP,5603
2096943,224,192,1295,1995,4759.0,0.0,0.166794,1.209066,TUR,SGP,5603
2096944,226,192,1295,1995,0.0,68904.0,-1.219949,-0.8698969999999999,TZA,SGP,5603
2096945,231,192,1295,1995,5991024.0,7550.0,1.771648,1.184,USA,SGP,5603
2096946,239,192,1295,1995,0.0,205586.0,-1.0462069999999999,-0.269063,VNM,SGP,5603
2096947,246,192,1295,1995,2671.0,8464.0,0.468112,1.039817,ZAF,SGP,5603
2096948,249,192,1295,1995,2568130.0,542200.0,1.345205,1.9337389999999999,TWN,SGP,5603
2096949,250,192,1295,1995,25099.0,32499.0,1.034518,0.9735149999999999,ANS,SGP,5603
2096950,15,206,1295,1995,470057.0,6442.0,2.000295,0.661255,AUT,SVK,5603
2096951,18,206,1295,1995,9425.0,53732.0,1.615588,1.394102,BEL,SVK,5603
2096952,26,206,1295,1995,0.0,32049.0,0.208931,0.053763,BIH,SVK,5603
2096953,28,206,1295,1995,0.0,11320.0,0.5290279999999999,0.27031700000000003,BLR,SVK,5603
2096954,41,206,1295,1995,4490.0,0.0,2.1893029999999998,0.82765,CHE,SVK,5603
2096955,59,206,1295,1995,4076427.0,1371913.0,1.375091,1.628069,CZE,SVK,5603
2096956,61,206,1295,1995,3199510.0,26955.0,2.325385,-2.2238189999999998,DEU,SVK,5603
2096957,64,206,1295,1995,0.0,33856.0,1.3800270000000001,1.489036,DNK,SVK,5603
2096958,71,206,1295,1995,4523.0,0.0,1.144247,1.933844,ESP,SVK,5603
2096959,74,206,1295,1995,58695.0,1398.0,2.0085740000000003,1.126816,FIN,SVK,5603
2096960,77,206,1295,1995,60441.0,93864.0,1.768484,0.765537,FRA,SVK,5603
2096961,81,206,1295,1995,178600.0,2457.0,1.8656979999999999,1.107121,GBR,SVK,5603
2096962,90,206,1295,1995,907.0,0.0,0.17369,0.885756,GRC,SVK,5603
2096963,102,206,1295,1995,360592.0,340134.0,0.878711,1.8200060000000002,HUN,SVK,5603
2096964,106,206,1295,1995,1248.0,0.0,1.349192,0.992099,IRL,SVK,5603
2096965,111,206,1295,1995,3957777.0,193916.0,1.503379,1.449094,ITA,SVK,5603
2096966,135,206,1295,1995,0.0,13714.0,0.394058,0.124474,MDA,SVK,5603
2096967,162,206,1295,1995,404493.0,2734.0,1.304391,1.8819119999999998,NLD,SVK,5603
2096968,163,206,1295,1995,23227.0,0.0,1.019741,0.394241,NOR,SVK,5603
2096969,177,206,1295,1995,5075.0,33803.0,0.76393,1.802648,POL,SVK,5603
2096970,186,206,1295,1995,0.0,232066.0,0.364437,0.171494,RUS,SVK,5603
2096971,207,206,1295,1995,0.0,176199.0,1.424606,1.490521,SVN,SVK,5603
2096972,208,206,1295,1995,0.0,11445.0,2.246997,1.060171,SWE,SVK,5603
2096973,224,206,1295,1995,897.0,20489.0,0.166794,1.209066,TUR,SVK,5603
2096974,228,206,1295,1995,0.0,27713.0,0.428875,0.20489899999999997,UKR,SVK,5603
2096975,231,206,1295,1995,66163.0,0.0,1.771648,1.184,USA,SVK,5603
2096976,246,206,1295,1995,0.0,13330.0,0.468112,1.039817,ZAF,SVK,5603
2096977,249,206,1295,1995,3507.0,0.0,1.345205,1.9337389999999999,TWN,SVK,5603
2096978,250,206,1295,1995,1860.0,0.0,1.034518,0.9735149999999999,ANS,SVK,5603
2096979,14,207,1295,1995,0.0,51962.0,0.44442,0.789292,AUS,SVN,5603
2096980,15,207,1295,1995,242655.0,564881.0,2.000295,0.661255,AUT,SVN,5603
2096981,18,207,1295,1995,21206.0,0.0,1.615588,1.394102,BEL,SVN,5603
2096982,23,207,1295,1995,0.0,6778.0,0.436138,1.086561,BGR,SVN,5603
2096983,26,207,1295,1995,0.0,41401.0,0.208931,0.053763,BIH,SVN,5603
2096984,41,207,1295,1995,8590.0,162299.0,2.1893029999999998,0.82765,CHE,SVN,5603
2096985,58,207,1295,1995,0.0,3093.0,0.263764,0.030358999999999997,CYP,SVN,5603
2096986,59,207,1295,1995,13709.0,0.0,1.375091,1.628069,CZE,SVN,5603
2096987,61,207,1295,1995,11562316.0,6934434.0,2.325385,-2.2238189999999998,DEU,SVN,5603
2096988,64,207,1295,1995,2424.0,0.0,1.3800270000000001,1.489036,DNK,SVN,5603
2096989,71,207,1295,1995,8407.0,0.0,1.144247,1.933844,ESP,SVN,5603
2096990,74,207,1295,1995,0.0,2723.0,2.0085740000000003,1.126816,FIN,SVN,5603
2096991,77,207,1295,1995,414220.0,576486.0,1.768484,0.765537,FRA,SVN,5603
2096992,81,207,1295,1995,73142.0,1722.0,1.8656979999999999,1.107121,GBR,SVN,5603
2096993,90,207,1295,1995,5203.0,4024.0,0.17369,0.885756,GRC,SVN,5603
2096994,97,207,1295,1995,0.0,6966.0,0.5244449999999999,2.682738,HKG,SVN,5603
2096995,100,207,1295,1995,117485.0,1160730.0,0.75325,1.395715,HRV,SVN,5603
2096996,102,207,1295,1995,54351.0,76112.0,0.878711,1.8200060000000002,HUN,SVN,5603
2096997,103,207,1295,1995,0.0,14115.0,-0.391727,1.174727,IDN,SVN,5603
2096998,111,207,1295,1995,1022771.0,1659028.0,1.503379,1.449094,ITA,SVN,5603
2096999,114,207,1295,1995,1379.0,0.0,2.56822,0.927307,JPN,SVN,5603
2097000,121,207,1295,1995,49133.0,0.0,0.845175,1.2761799999999999,KOR,SVN,5603
2097001,134,207,1295,1995,0.0,88222.0,-0.6481210000000001,-0.22345,MAR,SVN,5603
2097002,140,207,1295,1995,0.0,201455.0,0.34174,0.648467,MKD,SVN,5603
2097003,162,207,1295,1995,101747.0,91285.0,1.304391,1.8819119999999998,NLD,SVN,5603
2097004,173,207,1295,1995,0.0,16491.0,-0.263859,-0.21032800000000001,PER,SVN,5603
2097005,177,207,1295,1995,8182.0,0.0,0.76393,1.802648,POL,SVN,5603
2097006,179,207,1295,1995,0.0,81628.0,0.412677,1.254009,PRT,SVN,5603
2097007,185,207,1295,1995,0.0,134089.0,0.621468,1.038729,ROU,SVN,5603
2097008,186,207,1295,1995,0.0,9663.0,0.364437,0.171494,RUS,SVN,5603
2097009,206,207,1295,1995,176199.0,0.0,1.2249780000000001,1.405585,SVK,SVN,5603
2097010,208,207,1295,1995,30944.0,23934.0,2.246997,1.060171,SWE,SVN,5603
2097011,224,207,1295,1995,0.0,111805.0,0.166794,1.209066,TUR,SVN,5603
2097012,228,207,1295,1995,0.0,2477.0,0.428875,0.20489899999999997,UKR,SVN,5603
2097013,231,207,1295,1995,149185.0,260659.0,1.771648,1.184,USA,SVN,5603
2097014,246,207,1295,1995,0.0,40520.0,0.468112,1.039817,ZAF,SVN,5603
2097015,8,208,1295,1995,0.0,26697.0,0.245885,0.5489850000000001,ARG,SWE,5603
2097016,14,208,1295,1995,10821.0,24333.0,0.44442,0.789292,AUS,SWE,5603
2097017,15,208,1295,1995,26495.0,558133.0,2.000295,0.661255,AUT,SWE,5603
2097018,18,208,1295,1995,9220084.0,5737412.0,1.615588,1.394102,BEL,SWE,5603
2097019,23,208,1295,1995,0.0,25341.0,0.436138,1.086561,BGR,SWE,5603
2097020,24,208,1295,1995,0.0,1730.0,-0.239166,-0.8627950000000001,BHR,SWE,5603
2097021,32,208,1295,1995,20025.0,1299.0,0.687171,1.188647,BRA,SWE,5603
2097022,39,208,1295,1995,0.0,20733.0,1.077804,1.0724200000000002,CAN,SWE,5603
2097023,41,208,1295,1995,1168600.0,420286.0,2.1893029999999998,0.82765,CHE,SWE,5603
2097024,43,208,1295,1995,17068.0,770755.0,0.387897,3.2147919999999996,CHN,SWE,5603
2097025,45,208,1295,1995,0.0,52076.0,-1.121716,-0.9758020000000001,CMR,SWE,5603
2097026,58,208,1295,1995,0.0,196504.0,0.263764,0.030358999999999997,CYP,SWE,5603
2097027,59,208,1295,1995,338888.0,1048375.0,1.375091,1.628069,CZE,SWE,5603
2097028,61,208,1295,1995,23769142.0,20997404.0,2.325385,-2.2238189999999998,DEU,SWE,5603
2097029,64,208,1295,1995,223656.0,2456626.0,1.3800270000000001,1.489036,DNK,SWE,5603
2097030,68,208,1295,1995,0.0,27741.0,-0.340042,-0.085601,EGY,SWE,5603
2097031,71,208,1295,1995,50654.0,2961588.0,1.144247,1.933844,ESP,SWE,5603
2097032,72,208,1295,1995,2819.0,223392.0,0.530041,1.134288,EST,SWE,5603
2097033,74,208,1295,1995,594196.0,3446520.0,2.0085740000000003,1.126816,FIN,SWE,5603
2097034,77,208,1295,1995,3127118.0,4293239.0,1.768484,0.765537,FRA,SWE,5603
2097035,81,208,1295,1995,4195158.0,11812801.0,1.8656979999999999,1.107121,GBR,SWE,5603
2097036,90,208,1295,1995,0.0,156224.0,0.17369,0.885756,GRC,SWE,5603
2097037,97,208,1295,1995,0.0,599841.0,0.5244449999999999,2.682738,HKG,SWE,5603
2097038,102,208,1295,1995,41812.0,452112.0,0.878711,1.8200060000000002,HUN,SWE,5603
2097039,103,208,1295,1995,0.0,3504.0,-0.391727,1.174727,IDN,SWE,5603
2097040,104,208,1295,1995,11233.0,2964.0,0.156183,1.9617380000000002,IND,SWE,5603
2097041,106,208,1295,1995,37133.0,368038.0,1.349192,0.992099,IRL,SWE,5603
2097042,109,208,1295,1995,0.0,94171.0,0.161331,-0.45210100000000003,ISL,SWE,5603
2097043,110,208,1295,1995,59735.0,0.0,1.205368,1.189434,ISR,SWE,5603
2097044,111,208,1295,1995,4018051.0,7366816.0,1.503379,1.449094,ITA,SWE,5603
2097045,113,208,1295,1995,0.0,24966.0,0.666542,0.326785,JOR,SWE,5603
2097046,114,208,1295,1995,355440.0,65142.0,2.56822,0.927307,JPN,SWE,5603
2097047,121,208,1295,1995,4483.0,14732.0,0.845175,1.2761799999999999,KOR,SWE,5603
2097048,130,208,1295,1995,202992.0,209595.0,0.41220500000000004,0.966966,LTU,SWE,5603
2097049,132,208,1295,1995,23761.0,195911.0,0.25453400000000004,0.174809,LVA,SWE,5603
2097050,138,208,1295,1995,90993.0,0.0,0.6414300000000001,0.9697520000000001,MEX,SWE,5603
2097051,140,208,1295,1995,0.0,16279.0,0.34174,0.648467,MKD,SWE,5603
2097052,153,208,1295,1995,0.0,5741.0,0.357745,0.374284,MYS,SWE,5603
2097053,162,208,1295,1995,10267635.0,12309495.0,1.304391,1.8819119999999998,NLD,SWE,5603
2097054,163,208,1295,1995,58696.0,4510752.0,1.019741,0.394241,NOR,SWE,5603
2097055,166,208,1295,1995,0.0,37709.0,0.5558270000000001,0.773271,NZL,SWE,5603
2097056,167,208,1295,1995,0.0,10048.0,-0.328853,-0.946069,OMN,SWE,5603
2097057,177,208,1295,1995,19850.0,2227557.0,0.76393,1.802648,POL,SWE,5603
2097058,179,208,1295,1995,24570.0,30707.0,0.412677,1.254009,PRT,SWE,5603
2097059,185,208,1295,1995,0.0,285318.0,0.621468,1.038729,ROU,SWE,5603
2097060,186,208,1295,1995,0.0,64990.0,0.364437,0.171494,RUS,SWE,5603
2097061,188,208,1295,1995,0.0,3746747.0,0.401573,-0.6676529999999999,SAU,SWE,5603
2097062,192,208,1295,1995,0.0,154539.0,0.747684,0.4745,SGP,SWE,5603
2097063,206,208,1295,1995,11445.0,0.0,1.2249780000000001,1.405585,SVK,SWE,5603
2097064,207,208,1295,1995,23934.0,30944.0,1.424606,1.490521,SVN,SWE,5603
2097065,216,208,1295,1995,0.0,210509.0,0.174522,1.608058,THA,SWE,5603
2097066,223,208,1295,1995,0.0,29292.0,-0.253792,-0.044331,TUN,SWE,5603
2097067,224,208,1295,1995,0.0,1219582.0,0.166794,1.209066,TUR,SWE,5603
2097068,231,208,1295,1995,4137327.0,206277.0,1.771648,1.184,USA,SWE,5603
2097069,246,208,1295,1995,0.0,16315.0,0.468112,1.039817,ZAF,SWE,5603
2097070,249,208,1295,1995,18957.0,0.0,1.345205,1.9337389999999999,TWN,SWE,5603
2097071,250,208,1295,1995,0.0,2275.0,1.034518,0.9735149999999999,ANS,SWE,5603
2097072,77,214,1295,1995,1506.0,0.0,1.768484,0.765537,FRA,TCD,5603
2097073,4,224,1295,1995,0.0,3772.0,-0.39273,-0.47259300000000004,ALB,TUR,5603
2097074,15,224,1295,1995,5242.0,0.0,2.000295,0.661255,AUT,TUR,5603
2097075,18,224,1295,1995,396917.0,0.0,1.615588,1.394102,BEL,TUR,5603
2097076,23,224,1295,1995,32847.0,88464.0,0.436138,1.086561,BGR,TUR,5603
2097077,41,224,1295,1995,226027.0,358868.0,2.1893029999999998,0.82765,CHE,TUR,5603
2097078,43,224,1295,1995,13685.0,0.0,0.387897,3.2147919999999996,CHN,TUR,5603
2097079,49,224,1295,1995,27423.0,0.0,0.094335,0.13047999999999998,COL,TUR,5603
2097080,58,224,1295,1995,0.0,102119.0,0.263764,0.030358999999999997,CYP,TUR,5603
2097081,59,224,1295,1995,7906.0,43376.0,1.375091,1.628069,CZE,TUR,5603
2097082,61,224,1295,1995,16138936.0,411537.0,2.325385,-2.2238189999999998,DEU,TUR,5603
2097083,64,224,1295,1995,1308.0,0.0,1.3800270000000001,1.489036,DNK,TUR,5603
2097084,66,224,1295,1995,0.0,155703.0,-0.555409,-1.037972,DZA,TUR,5603
2097085,68,224,1295,1995,0.0,16530.0,-0.340042,-0.085601,EGY,TUR,5603
2097086,71,224,1295,1995,187140.0,0.0,1.144247,1.933844,ESP,TUR,5603
2097087,74,224,1295,1995,4873.0,0.0,2.0085740000000003,1.126816,FIN,TUR,5603
2097088,77,224,1295,1995,2350755.0,720563.0,1.768484,0.765537,FRA,TUR,5603
2097089,81,224,1295,1995,1317949.0,338334.0,1.8656979999999999,1.107121,GBR,TUR,5603
2097090,90,224,1295,1995,25943.0,0.0,0.17369,0.885756,GRC,TUR,5603
2097091,97,224,1295,1995,26181.0,0.0,0.5244449999999999,2.682738,HKG,TUR,5603
2097092,100,224,1295,1995,0.0,1097.0,0.75325,1.395715,HRV,TUR,5603
2097093,102,224,1295,1995,1156498.0,1080.0,0.878711,1.8200060000000002,HUN,TUR,5603
2097094,106,224,1295,1995,2511.0,0.0,1.349192,0.992099,IRL,TUR,5603
2097095,107,224,1295,1995,0.0,9825.0,-0.821991,-1.071013,IRN,TUR,5603
2097096,110,224,1295,1995,0.0,34454.0,1.205368,1.189434,ISR,TUR,5603
2097097,111,224,1295,1995,9818652.0,75127.0,1.503379,1.449094,ITA,TUR,5603
2097098,113,224,1295,1995,0.0,33750.0,0.666542,0.326785,JOR,TUR,5603
2097099,114,224,1295,1995,205668.0,0.0,2.56822,0.927307,JPN,TUR,5603
2097100,115,224,1295,1995,0.0,9646.0,0.280262,-0.285508,KAZ,TUR,5603
2097101,121,224,1295,1995,462357.0,0.0,0.845175,1.2761799999999999,KOR,TUR,5603
2097102,135,224,1295,1995,0.0,1104.0,0.394058,0.124474,MDA,TUR,5603
2097103,140,224,1295,1995,0.0,15168.0,0.34174,0.648467,MKD,TUR,5603
2097104,162,224,1295,1995,2539238.0,17080.0,1.304391,1.8819119999999998,NLD,TUR,5603
2097105,177,224,1295,1995,440905.0,25399.0,0.76393,1.802648,POL,TUR,5603
2097106,185,224,1295,1995,82166.0,16027.0,0.621468,1.038729,ROU,TUR,5603
2097107,186,224,1295,1995,4978.0,464495.0,0.364437,0.171494,RUS,TUR,5603
2097108,188,224,1295,1995,0.0,2488.0,0.401573,-0.6676529999999999,SAU,TUR,5603
2097109,192,224,1295,1995,0.0,4759.0,0.747684,0.4745,SGP,TUR,5603
2097110,206,224,1295,1995,20489.0,897.0,1.2249780000000001,1.405585,SVK,TUR,5603
2097111,207,224,1295,1995,111805.0,0.0,1.424606,1.490521,SVN,TUR,5603
2097112,208,224,1295,1995,1219582.0,0.0,2.246997,1.060171,SWE,TUR,5603
2097113,212,224,1295,1995,0.0,107174.0,-0.8829469999999999,-0.809407,SYR,TUR,5603
2097114,219,224,1295,1995,6826.0,3057.0,-0.882984,-1.088854,TKM,TUR,5603
2097115,223,224,1295,1995,0.0,32873.0,-0.253792,-0.044331,TUN,TUR,5603
2097116,231,224,1295,1995,899919.0,0.0,1.771648,1.184,USA,TUR,5603
2097117,232,224,1295,1995,0.0,22757.0,-0.29740900000000003,-0.9456190000000001,UZB,TUR,5603
2097118,246,224,1295,1995,0.0,148706.0,0.468112,1.039817,ZAF,TUR,5603
2097119,249,224,1295,1995,411175.0,0.0,1.345205,1.9337389999999999,TWN,TUR,5603
2097120,250,224,1295,1995,1014367.0,1136774.0,1.034518,0.9735149999999999,ANS,TUR,5603
2097121,14,246,1295,1995,1702437.0,0.0,0.44442,0.789292,AUS,ZAF,5603
2097122,15,246,1295,1995,58226.0,0.0,2.000295,0.661255,AUT,ZAF,5603
2097123,18,246,1295,1995,978951.0,0.0,1.615588,1.394102,BEL,ZAF,5603
2097124,32,246,1295,1995,50260.0,164682.0,0.687171,1.188647,BRA,ZAF,5603
2097125,41,246,1295,1995,151451.0,0.0,2.1893029999999998,0.82765,CHE,ZAF,5603
2097126,43,246,1295,1995,60871.0,31725.0,0.387897,3.2147919999999996,CHN,ZAF,5603
2097127,58,246,1295,1995,0.0,932.0,0.263764,0.030358999999999997,CYP,ZAF,5603
2097128,59,246,1295,1995,23306.0,0.0,1.375091,1.628069,CZE,ZAF,5603
2097129,61,246,1295,1995,7091061.0,0.0,2.325385,-2.2238189999999998,DEU,ZAF,5603
2097130,63,246,1295,1995,6289.0,0.0,0.803902,0.307064,DMA,ZAF,5603
2097131,64,246,1295,1995,42703.0,0.0,1.3800270000000001,1.489036,DNK,ZAF,5603
2097132,71,246,1295,1995,29882.0,0.0,1.144247,1.933844,ESP,ZAF,5603
2097133,74,246,1295,1995,26651.0,0.0,2.0085740000000003,1.126816,FIN,ZAF,5603
2097134,77,246,1295,1995,543169.0,47353.0,1.768484,0.765537,FRA,ZAF,5603
2097135,81,246,1295,1995,455049.0,1659.0,1.8656979999999999,1.107121,GBR,ZAF,5603
2097136,97,246,1295,1995,279805.0,1010029.0,0.5244449999999999,2.682738,HKG,ZAF,5603
2097137,102,246,1295,1995,243122.0,0.0,0.878711,1.8200060000000002,HUN,ZAF,5603
2097138,110,246,1295,1995,1602435.0,0.0,1.205368,1.189434,ISR,ZAF,5603
2097139,111,246,1295,1995,2175458.0,733.0,1.503379,1.449094,ITA,ZAF,5603
2097140,114,246,1295,1995,355767.0,0.0,2.56822,0.927307,JPN,ZAF,5603
2097141,121,246,1295,1995,612983.0,0.0,0.845175,1.2761799999999999,KOR,ZAF,5603
2097142,136,246,1295,1995,0.0,5391.0,-1.178074,-0.6167,MDG,ZAF,5603
2097143,138,246,1295,1995,14595.0,0.0,0.6414300000000001,0.9697520000000001,MEX,ZAF,5603
2097144,147,246,1295,1995,0.0,21621.0,-1.031627,-1.02484,MOZ,ZAF,5603
2097145,151,246,1295,1995,3250.0,161351.0,-0.432644,-0.574298,MUS,ZAF,5603
2097146,152,246,1295,1995,0.0,31114.0,-1.1277709999999999,-1.0603049999999998,MWI,ZAF,5603
2097147,153,246,1295,1995,0.0,29790.0,0.357745,0.374284,MYS,ZAF,5603
2097148,162,246,1295,1995,1412995.0,0.0,1.304391,1.8819119999999998,NLD,ZAF,5603
2097149,166,246,1295,1995,0.0,1761.0,0.5558270000000001,0.773271,NZL,ZAF,5603
2097150,179,246,1295,1995,26144.0,0.0,0.412677,1.254009,PRT,ZAF,5603
2097151,189,246,1295,1995,134736.0,0.0,1.032118,1.180409,SCG,ZAF,5603
2097152,192,246,1295,1995,8464.0,2671.0,0.747684,0.4745,SGP,ZAF,5603
2097153,206,246,1295,1995,13330.0,0.0,1.2249780000000001,1.405585,SVK,ZAF,5603
2097154,207,246,1295,1995,40520.0,0.0,1.424606,1.490521,SVN,ZAF,5603
2097155,208,246,1295,1995,16315.0,0.0,2.246997,1.060171,SWE,ZAF,5603
2097156,216,246,1295,1995,24265.0,73206.0,0.174522,1.608058,THA,ZAF,5603
2097157,224,246,1295,1995,148706.0,0.0,0.166794,1.209066,TUR,ZAF,5603
2097158,226,246,1295,1995,0.0,948.0,-1.219949,-0.8698969999999999,TZA,ZAF,5603
2097159,231,246,1295,1995,427457.0,0.0,1.771648,1.184,USA,ZAF,5603
2097160,247,246,1295,1995,0.0,39640.0,-0.214763,-0.721675,ZMB,ZAF,5603
2097161,248,246,1295,1995,0.0,1330232.0,-0.054752999999999996,0.326737,ZWE,ZAF,5603
2097162,249,246,1295,1995,1747209.0,0.0,1.345205,1.9337389999999999,TWN,ZAF,5603
2097163,250,246,1295,1995,0.0,2004.0,1.034518,0.9735149999999999,ANS,ZAF,5603
2097164,15,8,1295,1995,13685.0,0.0,2.000295,0.661255,AUT,ARG,5603
2097165,18,8,1295,1995,422697.0,0.0,1.615588,1.394102,BEL,ARG,5603
2097166,31,8,1295,1995,0.0,33122.0,-0.440583,-0.688389,BOL,ARG,5603
2097167,32,8,1295,1995,8509592.0,4396456.0,0.687171,1.188647,BRA,ARG,5603
2097168,39,8,1295,1995,5965.0,0.0,1.077804,1.0724200000000002,CAN,ARG,5603
2097169,41,8,1295,1995,4450.0,0.0,2.1893029999999998,0.82765,CHE,ARG,5603
2097170,42,8,1295,1995,212991.0,651719.0,-0.073436,-0.192675,CHL,ARG,5603
2097171,43,8,1295,1995,19562.0,0.0,0.387897,3.2147919999999996,CHN,ARG,5603
2097172,49,8,1295,1995,2046.0,76646.0,0.094335,0.13047999999999998,COL,ARG,5603
2097173,61,8,1295,1995,862301.0,1389.0,2.325385,-2.2238189999999998,DEU,ARG,5603
2097174,71,8,1295,1995,451582.0,0.0,1.144247,1.933844,ESP,ARG,5603
2097175,77,8,1295,1995,571924.0,0.0,1.768484,0.765537,FRA,ARG,5603
2097176,81,8,1295,1995,100600.0,0.0,1.8656979999999999,1.107121,GBR,ARG,5603
2097177,111,8,1295,1995,1259485.0,1507.0,1.503379,1.449094,ITA,ARG,5603
2097178,114,8,1295,1995,1645338.0,0.0,2.56822,0.927307,JPN,ARG,5603
2097179,121,8,1295,1995,1319548.0,0.0,0.845175,1.2761799999999999,KOR,ARG,5603
2097180,138,8,1295,1995,300125.0,0.0,0.6414300000000001,0.9697520000000001,MEX,ARG,5603
2097181,162,8,1295,1995,52256.0,0.0,1.304391,1.8819119999999998,NLD,ARG,5603
2097182,173,8,1295,1995,0.0,36885.0,-0.263859,-0.21032800000000001,PER,ARG,5603
2097183,180,8,1295,1995,0.0,27051.0,-0.283544,-0.640898,PRY,ARG,5603
2097184,208,8,1295,1995,26697.0,0.0,2.246997,1.060171,SWE,ARG,5603
2097185,230,8,1295,1995,95987.0,815989.0,0.45133900000000005,0.50831,URY,ARG,5603
2097186,231,8,1295,1995,3236437.0,12278.0,1.771648,1.184,USA,ARG,5603
2097187,236,8,1295,1995,95882.0,16976.0,0.299294,-0.635474,VEN,ARG,5603
2097188,248,8,1295,1995,0.0,808.0,-0.054752999999999996,0.326737,ZWE,ARG,5603
2097189,249,8,1295,1995,87347.0,0.0,1.345205,1.9337389999999999,TWN,ARG,5603
2097190,21,44,1295,1995,0.0,10155.0,-0.695354,-0.902185,BFA,CIV,5603
2097191,43,44,1295,1995,16103.0,0.0,0.387897,3.2147919999999996,CHN,CIV,5603
2097192,61,44,1295,1995,130289.0,0.0,2.325385,-2.2238189999999998,DEU,CIV,5603
2097193,77,44,1295,1995,587934.0,0.0,1.768484,0.765537,FRA,CIV,5603
2097194,85,44,1295,1995,0.0,211891.0,-1.304768,-1.077826,GIN,CIV,5603
2097195,87,44,1295,1995,0.0,11746.0,-0.605221,-0.700982,GMB,CIV,5603
2097196,97,44,1295,1995,6645.0,0.0,0.5244449999999999,2.682738,HKG,CIV,5603
2097197,111,44,1295,1995,931.0,0.0,1.503379,1.449094,ITA,CIV,5603
2097198,162,44,1295,1995,28168.0,0.0,1.304391,1.8819119999999998,NLD,CIV,5603
2097199,191,44,1295,1995,0.0,48164.0,-0.94962,-0.970988,SEN,CIV,5603
2097200,215,44,1295,1995,1017.0,0.0,-0.962727,-0.873151,TGO,CIV,5603
2097201,231,44,1295,1995,5608.0,0.0,1.771648,1.184,USA,CIV,5603
2097202,249,44,1295,1995,125843.0,0.0,1.345205,1.9337389999999999,TWN,CIV,5603
2097203,38,45,1295,1995,0.0,5345.0,-0.378162,-0.6538010000000001,CAF,CMR,5603
2097204,77,45,1295,1995,102791.0,0.0,1.768484,0.765537,FRA,CMR,5603
2097205,111,45,1295,1995,115723.0,0.0,1.503379,1.449094,ITA,CMR,5603
2097206,208,45,1295,1995,52076.0,0.0,2.246997,1.060171,SWE,CMR,5603
2097207,231,45,1295,1995,1275.0,0.0,1.771648,1.184,USA,CMR,5603
2097208,77,47,1295,1995,93882.0,0.0,1.768484,0.765537,FRA,COG,5603
2097209,159,47,1295,1995,4097.0,0.0,-2.108206,-1.2017520000000002,NGA,COG,5603
2097210,4,90,1295,1995,0.0,46216.0,-0.39273,-0.47259300000000004,ALB,GRC,5603
2097211,18,90,1295,1995,636292.0,0.0,1.615588,1.394102,BEL,GRC,5603
2097212,23,90,1295,1995,16381.0,128766.0,0.436138,1.086561,BGR,GRC,5603
2097213,41,90,1295,1995,61050.0,4644.0,2.1893029999999998,0.82765,CHE,GRC,5603
2097214,43,90,1295,1995,26643.0,0.0,0.387897,3.2147919999999996,CHN,GRC,5603
2097215,58,90,1295,1995,3420.0,61186.0,0.263764,0.030358999999999997,CYP,GRC,5603
2097216,59,90,1295,1995,117967.0,0.0,1.375091,1.628069,CZE,GRC,5603
2097217,61,90,1295,1995,9535629.0,86103.0,2.325385,-2.2238189999999998,DEU,GRC,5603
2097218,64,90,1295,1995,67578.0,0.0,1.3800270000000001,1.489036,DNK,GRC,5603
2097219,71,90,1295,1995,589357.0,0.0,1.144247,1.933844,ESP,GRC,5603
2097220,74,90,1295,1995,34222.0,0.0,2.0085740000000003,1.126816,FIN,GRC,5603
2097221,77,90,1295,1995,1498790.0,6416.0,1.768484,0.765537,FRA,GRC,5603
2097222,81,90,1295,1995,719067.0,21955.0,1.8656979999999999,1.107121,GBR,GRC,5603
2097223,100,90,1295,1995,0.0,12136.0,0.75325,1.395715,HRV,GRC,5603
2097224,102,90,1295,1995,14853.0,0.0,0.878711,1.8200060000000002,HUN,GRC,5603
2097225,103,90,1295,1995,26323.0,0.0,-0.391727,1.174727,IDN,GRC,5603
2097226,104,90,1295,1995,77009.0,0.0,0.156183,1.9617380000000002,IND,GRC,5603
2097227,106,90,1295,1995,4387.0,0.0,1.349192,0.992099,IRL,GRC,5603
2097228,110,90,1295,1995,29492.0,0.0,1.205368,1.189434,ISR,GRC,5603
2097229,111,90,1295,1995,10138719.0,69133.0,1.503379,1.449094,ITA,GRC,5603
2097230,114,90,1295,1995,207461.0,0.0,2.56822,0.927307,JPN,GRC,5603
2097231,121,90,1295,1995,6556.0,0.0,0.845175,1.2761799999999999,KOR,GRC,5603
2097232,124,90,1295,1995,0.0,18346.0,0.027416000000000003,0.327795,LBN,GRC,5603
2097233,162,90,1295,1995,3186269.0,0.0,1.304391,1.8819119999999998,NLD,GRC,5603
2097234,169,90,1295,1995,0.0,26568.0,-0.019815,0.050906,PAN,GRC,5603
2097235,179,90,1295,1995,14136.0,0.0,0.412677,1.254009,PRT,GRC,5603
2097236,185,90,1295,1995,31723.0,52989.0,0.621468,1.038729,ROU,GRC,5603
2097237,206,90,1295,1995,0.0,907.0,1.2249780000000001,1.405585,SVK,GRC,5603
2097238,207,90,1295,1995,4024.0,5203.0,1.424606,1.490521,SVN,GRC,5603
2097239,208,90,1295,1995,156224.0,0.0,2.246997,1.060171,SWE,GRC,5603
2097240,224,90,1295,1995,0.0,25943.0,0.166794,1.209066,TUR,GRC,5603
2097241,231,90,1295,1995,1268186.0,4856.0,1.771648,1.184,USA,GRC,5603
2097242,248,90,1295,1995,0.0,6676.0,-0.054752999999999996,0.326737,ZWE,GRC,5603
2097243,249,90,1295,1995,186275.0,0.0,1.345205,1.9337389999999999,TWN,GRC,5603
2097244,14,102,1295,1995,0.0,317367.0,0.44442,0.789292,AUS,HUN,5603
2097245,15,102,1295,1995,2080639.0,285608.0,2.000295,0.661255,AUT,HUN,5603
2097246,18,102,1295,1995,146983.0,11523.0,1.615588,1.394102,BEL,HUN,5603
2097247,23,102,1295,1995,0.0,5000.0,0.436138,1.086561,BGR,HUN,5603
2097248,28,102,1295,1995,0.0,31000.0,0.5290279999999999,0.27031700000000003,BLR,HUN,5603
2097249,32,102,1295,1995,0.0,3382.0,0.687171,1.188647,BRA,HUN,5603
2097250,39,102,1295,1995,148892.0,26769.0,1.077804,1.0724200000000002,CAN,HUN,5603
2097251,41,102,1295,1995,66871.0,132785.0,2.1893029999999998,0.82765,CHE,HUN,5603
2097252,42,102,1295,1995,0.0,76791.0,-0.073436,-0.192675,CHL,HUN,5603
2097253,59,102,1295,1995,1826790.0,599402.0,1.375091,1.628069,CZE,HUN,5603
2097254,61,102,1295,1995,10870574.0,358169.0,2.325385,-2.2238189999999998,DEU,HUN,5603
2097255,64,102,1295,1995,16797.0,139518.0,1.3800270000000001,1.489036,DNK,HUN,5603
2097256,66,102,1295,1995,0.0,31401.0,-0.555409,-1.037972,DZA,HUN,5603
2097257,71,102,1295,1995,12611.0,637832.0,1.144247,1.933844,ESP,HUN,5603
2097258,72,102,1295,1995,0.0,731.0,0.530041,1.134288,EST,HUN,5603
2097259,74,102,1295,1995,28283.0,304392.0,2.0085740000000003,1.126816,FIN,HUN,5603
2097260,77,102,1295,1995,857329.0,207684.0,1.768484,0.765537,FRA,HUN,5603
2097261,81,102,1295,1995,568648.0,129824.0,1.8656979999999999,1.107121,GBR,HUN,5603
2097262,90,102,1295,1995,0.0,14853.0,0.17369,0.885756,GRC,HUN,5603
2097263,97,102,1295,1995,0.0,337646.0,0.5244449999999999,2.682738,HKG,HUN,5603
2097264,100,102,1295,1995,25652.0,35520.0,0.75325,1.395715,HRV,HUN,5603
2097265,103,102,1295,1995,0.0,71089.0,-0.391727,1.174727,IDN,HUN,5603
2097266,111,102,1295,1995,1090038.0,374210.0,1.503379,1.449094,ITA,HUN,5603
2097267,113,102,1295,1995,0.0,2908.0,0.666542,0.326785,JOR,HUN,5603
2097268,114,102,1295,1995,11179.0,238221.0,2.56822,0.927307,JPN,HUN,5603
2097269,121,102,1295,1995,20075.0,133151.0,0.845175,1.2761799999999999,KOR,HUN,5603
2097270,122,102,1295,1995,0.0,27000.0,-0.226273,-1.02354,KWT,HUN,5603
2097271,132,102,1295,1995,0.0,2575.0,0.25453400000000004,0.174809,LVA,HUN,5603
2097272,134,102,1295,1995,0.0,370818.0,-0.6481210000000001,-0.22345,MAR,HUN,5603
2097273,142,102,1295,1995,0.0,21823.0,0.842519,0.11882899999999999,MLT,HUN,5603
2097274,153,102,1295,1995,0.0,46239.0,0.357745,0.374284,MYS,HUN,5603
2097275,162,102,1295,1995,1595074.0,647658.0,1.304391,1.8819119999999998,NLD,HUN,5603
2097276,163,102,1295,1995,12578.0,532366.0,1.019741,0.394241,NOR,HUN,5603
2097277,166,102,1295,1995,0.0,8987.0,0.5558270000000001,0.773271,NZL,HUN,5603
2097278,173,102,1295,1995,0.0,5597.0,-0.263859,-0.21032800000000001,PER,HUN,5603
2097279,177,102,1295,1995,108738.0,689330.0,0.76393,1.802648,POL,HUN,5603
2097280,179,102,1295,1995,0.0,219214.0,0.412677,1.254009,PRT,HUN,5603
2097281,185,102,1295,1995,3585.0,104726.0,0.621468,1.038729,ROU,HUN,5603
2097282,186,102,1295,1995,0.0,105000.0,0.364437,0.171494,RUS,HUN,5603
2097283,188,102,1295,1995,0.0,47266.0,0.401573,-0.6676529999999999,SAU,HUN,5603
2097284,191,102,1295,1995,0.0,18000.0,-0.94962,-0.970988,SEN,HUN,5603
2097285,192,102,1295,1995,0.0,61646.0,0.747684,0.4745,SGP,HUN,5603
2097286,206,102,1295,1995,340134.0,360592.0,1.2249780000000001,1.405585,SVK,HUN,5603
2097287,207,102,1295,1995,76112.0,54351.0,1.424606,1.490521,SVN,HUN,5603
2097288,208,102,1295,1995,452112.0,41812.0,2.246997,1.060171,SWE,HUN,5603
2097289,216,102,1295,1995,0.0,72222.0,0.174522,1.608058,THA,HUN,5603
2097290,224,102,1295,1995,1080.0,1156498.0,0.166794,1.209066,TUR,HUN,5603
2097291,228,102,1295,1995,0.0,188000.0,0.428875,0.20489899999999997,UKR,HUN,5603
2097292,231,102,1295,1995,40115.0,646760.0,1.771648,1.184,USA,HUN,5603
2097293,246,102,1295,1995,0.0,243122.0,0.468112,1.039817,ZAF,HUN,5603
2097294,250,102,1295,1995,0.0,135000.0,1.034518,0.9735149999999999,ANS,HUN,5603
2097295,18,134,1295,1995,360160.0,0.0,1.615588,1.394102,BEL,MAR,5603
2097296,41,134,1295,1995,16681.0,0.0,2.1893029999999998,0.82765,CHE,MAR,5603
2097297,43,134,1295,1995,15029.0,0.0,0.387897,3.2147919999999996,CHN,MAR,5603
2097298,61,134,1295,1995,5448847.0,1548616.0,2.325385,-2.2238189999999998,DEU,MAR,5603
2097299,71,134,1295,1995,4021308.0,518133.0,1.144247,1.933844,ESP,MAR,5603
2097300,74,134,1295,1995,12959.0,0.0,2.0085740000000003,1.126816,FIN,MAR,5603
2097301,77,134,1295,1995,2040968.0,338878.0,1.768484,0.765537,FRA,MAR,5603
2097302,81,134,1295,1995,365619.0,169573.0,1.8656979999999999,1.107121,GBR,MAR,5603
2097303,97,134,1295,1995,4442.0,0.0,0.5244449999999999,2.682738,HKG,MAR,5603
2097304,102,134,1295,1995,370818.0,0.0,0.878711,1.8200060000000002,HUN,MAR,5603
2097305,111,134,1295,1995,1712915.0,0.0,1.503379,1.449094,ITA,MAR,5603
2097306,114,134,1295,1995,29971.0,0.0,2.56822,0.927307,JPN,MAR,5603
2097307,121,134,1295,1995,27890.0,0.0,0.845175,1.2761799999999999,KOR,MAR,5603
2097308,126,134,1295,1995,0.0,12578.0,-0.353547,-1.019464,LBY,MAR,5603
2097309,136,134,1295,1995,16593.0,0.0,-1.178074,-0.6167,MDG,MAR,5603
2097310,162,134,1295,1995,1251789.0,51045.0,1.304391,1.8819119999999998,NLD,MAR,5603
2097311,179,134,1295,1995,233857.0,0.0,0.412677,1.254009,PRT,MAR,5603
2097312,191,134,1295,1995,21793.0,4279.0,-0.94962,-0.970988,SEN,MAR,5603
2097313,192,134,1295,1995,38238.0,0.0,0.747684,0.4745,SGP,MAR,5603
2097314,207,134,1295,1995,88222.0,0.0,1.424606,1.490521,SVN,MAR,5603
2097315,231,134,1295,1995,11537.0,0.0,1.771648,1.184,USA,MAR,5603
2097316,249,134,1295,1995,44253.0,0.0,1.345205,1.9337389999999999,TWN,MAR,5603
2097317,250,134,1295,1995,77078.0,30959.0,1.034518,0.9735149999999999,ANS,MAR,5603
2097318,43,215,1295,1995,25588.0,0.0,0.387897,3.2147919999999996,CHN,TGO,5603
2097319,44,215,1295,1995,0.0,1017.0,-0.781656,-0.74293,CIV,TGO,5603
2097320,64,215,1295,1995,12272.0,0.0,1.3800270000000001,1.489036,DNK,TGO,5603
2097321,77,215,1295,1995,35740.0,0.0,1.768484,0.765537,FRA,TGO,5603
2097322,162,215,1295,1995,9417.0,0.0,1.304391,1.8819119999999998,NLD,TGO,5603
2097323,15,223,1295,1995,12094.0,0.0,2.000295,0.661255,AUT,TUN,5603
2097324,18,223,1295,1995,2604692.0,1148.0,1.615588,1.394102,BEL,TUN,5603
2097325,39,223,1295,1995,24072.0,0.0,1.077804,1.0724200000000002,CAN,TUN,5603
2097326,41,223,1295,1995,1843.0,0.0,2.1893029999999998,0.82765,CHE,TUN,5603
2097327,43,223,1295,1995,14024.0,0.0,0.387897,3.2147919999999996,CHN,TUN,5603
2097328,61,223,1295,1995,5612108.0,0.0,2.325385,-2.2238189999999998,DEU,TUN,5603
2097329,64,223,1295,1995,17899.0,0.0,1.3800270000000001,1.489036,DNK,TUN,5603
2097330,71,223,1295,1995,214129.0,0.0,1.144247,1.933844,ESP,TUN,5603
2097331,74,223,1295,1995,43342.0,0.0,2.0085740000000003,1.126816,FIN,TUN,5603
2097332,77,223,1295,1995,4304956.0,858486.0,1.768484,0.765537,FRA,TUN,5603
2097333,81,223,1295,1995,170022.0,50176.0,1.8656979999999999,1.107121,GBR,TUN,5603
2097334,111,223,1295,1995,1635388.0,0.0,1.503379,1.449094,ITA,TUN,5603
2097335,114,223,1295,1995,8597.0,0.0,2.56822,0.927307,JPN,TUN,5603
2097336,126,223,1295,1995,0.0,9528.0,-0.353547,-1.019464,LBY,TUN,5603
2097337,162,223,1295,1995,293916.0,0.0,1.304391,1.8819119999999998,NLD,TUN,5603
2097338,179,223,1295,1995,9336.0,0.0,0.412677,1.254009,PRT,TUN,5603
2097339,208,223,1295,1995,29292.0,0.0,2.246997,1.060171,SWE,TUN,5603
2097340,224,223,1295,1995,32873.0,0.0,0.166794,1.209066,TUR,TUN,5603
2097341,231,223,1295,1995,686811.0,0.0,1.771648,1.184,USA,TUN,5603
2097342,248,223,1295,1995,19201.0,0.0,-0.054752999999999996,0.326737,ZWE,TUN,5603
2097343,249,223,1295,1995,206771.0,0.0,1.345205,1.9337389999999999,TWN,TUN,5603
2097344,250,223,1295,1995,0.0,10419.0,1.034518,0.9735149999999999,ANS,TUN,5603
2097345,8,230,1295,1995,815989.0,95987.0,0.245885,0.5489850000000001,ARG,URY,5603
2097346,18,230,1295,1995,10978.0,0.0,1.615588,1.394102,BEL,URY,5603
2097347,32,230,1295,1995,707238.0,110168.0,0.687171,1.188647,BRA,URY,5603
2097348,41,230,1295,1995,1791.0,0.0,2.1893029999999998,0.82765,CHE,URY,5603
2097349,42,230,1295,1995,18746.0,0.0,-0.073436,-0.192675,CHL,URY,5603
2097350,49,230,1295,1995,279346.0,0.0,0.094335,0.13047999999999998,COL,URY,5603
2097351,59,230,1295,1995,7578.0,3856.0,1.375091,1.628069,CZE,URY,5603
2097352,61,230,1295,1995,12377.0,0.0,2.325385,-2.2238189999999998,DEU,URY,5603
2097353,71,230,1295,1995,10408.0,0.0,1.144247,1.933844,ESP,URY,5603
2097354,77,230,1295,1995,50086.0,0.0,1.768484,0.765537,FRA,URY,5603
2097355,111,230,1295,1995,111535.0,0.0,1.503379,1.449094,ITA,URY,5603
2097356,114,230,1295,1995,89762.0,0.0,2.56822,0.927307,JPN,URY,5603
2097357,121,230,1295,1995,37021.0,0.0,0.845175,1.2761799999999999,KOR,URY,5603
2097358,162,230,1295,1995,32958.0,0.0,1.304391,1.8819119999999998,NLD,URY,5603
2097359,180,230,1295,1995,0.0,2096.0,-0.283544,-0.640898,PRY,URY,5603
2097360,231,230,1295,1995,34177.0,0.0,1.771648,1.184,USA,URY,5603
2097361,236,230,1295,1995,0.0,8298.0,0.299294,-0.635474,VEN,URY,5603
2097362,61,247,1295,1995,6842.0,0.0,2.325385,-2.2238189999999998,DEU,ZMB,5603
2097363,97,247,1295,1995,3785.0,0.0,0.5244449999999999,2.682738,HKG,ZMB,5603
2097364,162,247,1295,1995,0.0,747.0,1.304391,1.8819119999999998,NLD,ZMB,5603
2097365,231,247,1295,1995,2203.0,0.0,1.771648,1.184,USA,ZMB,5603
2097366,246,247,1295,1995,39640.0,0.0,0.468112,1.039817,ZAF,ZMB,5603
2097367,248,247,1295,1995,930.0,0.0,-0.054752999999999996,0.326737,ZWE,ZMB,5603
2097368,8,248,1295,1995,808.0,0.0,0.245885,0.5489850000000001,ARG,ZWE,5603
2097369,43,248,1295,1995,16689.0,0.0,0.387897,3.2147919999999996,CHN,ZWE,5603
2097370,61,248,1295,1995,4887.0,0.0,2.325385,-2.2238189999999998,DEU,ZWE,5603
2097371,64,248,1295,1995,10958.0,0.0,1.3800270000000001,1.489036,DNK,ZWE,5603
2097372,77,248,1295,1995,2294.0,0.0,1.768484,0.765537,FRA,ZWE,5603
2097373,81,248,1295,1995,17113.0,0.0,1.8656979999999999,1.107121,GBR,ZWE,5603
2097374,90,248,1295,1995,6676.0,0.0,0.17369,0.885756,GRC,ZWE,5603
2097375,97,248,1295,1995,9000.0,0.0,0.5244449999999999,2.682738,HKG,ZWE,5603
2097376,111,248,1295,1995,66245.0,0.0,1.503379,1.449094,ITA,ZWE,5603
2097377,121,248,1295,1995,15511.0,0.0,0.845175,1.2761799999999999,KOR,ZWE,5603
2097378,162,248,1295,1995,27099.0,0.0,1.304391,1.8819119999999998,NLD,ZWE,5603
2097379,223,248,1295,1995,0.0,19201.0,-0.253792,-0.044331,TUN,ZWE,5603
2097380,231,248,1295,1995,22712.0,0.0,1.771648,1.184,USA,ZWE,5603
2097381,246,248,1295,1995,1330232.0,0.0,0.468112,1.039817,ZAF,ZWE,5603
2097382,247,248,1295,1995,0.0,930.0,-0.214763,-0.721675,ZMB,ZWE,5603
2097383,249,248,1295,1995,96220.0,0.0,1.345205,1.9337389999999999,TWN,ZWE,5603
2097384,231,120,1295,1995,1937.0,0.0,1.771648,1.184,USA,KNA,5603
2097385,3,236,1295,1995,0.0,310.0,1.39062,-0.102344,AIA,VEN,5603
2097386,8,236,1295,1995,16976.0,95882.0,0.245885,0.5489850000000001,ARG,VEN,5603
2097387,18,236,1295,1995,4133.0,0.0,1.615588,1.394102,BEL,VEN,5603
2097388,32,236,1295,1995,691910.0,0.0,0.687171,1.188647,BRA,VEN,5603
2097389,39,236,1295,1995,27308.0,32653.0,1.077804,1.0724200000000002,CAN,VEN,5603
2097390,41,236,1295,1995,16705.0,0.0,2.1893029999999998,0.82765,CHE,VEN,5603
2097391,42,236,1295,1995,0.0,699450.0,-0.073436,-0.192675,CHL,VEN,5603
2097392,49,236,1295,1995,1724039.0,681965.0,0.094335,0.13047999999999998,COL,VEN,5603
2097393,61,236,1295,1995,17633.0,0.0,2.325385,-2.2238189999999998,DEU,VEN,5603
2097394,65,236,1295,1995,0.0,172297.0,-0.635482,-0.746526,DOM,VEN,5603
2097395,67,236,1295,1995,0.0,32691.0,-0.948154,-0.9595790000000001,ECU,VEN,5603
2097396,81,236,1295,1995,121233.0,0.0,1.8656979999999999,1.107121,GBR,VEN,5603
2097397,97,236,1295,1995,13702.0,0.0,0.5244449999999999,2.682738,HKG,VEN,5603
2097398,110,236,1295,1995,211687.0,0.0,1.205368,1.189434,ISR,VEN,5603
2097399,111,236,1295,1995,678115.0,8804.0,1.503379,1.449094,ITA,VEN,5603
2097400,114,236,1295,1995,44497.0,0.0,2.56822,0.927307,JPN,VEN,5603
2097401,121,236,1295,1995,80662.0,0.0,0.845175,1.2761799999999999,KOR,VEN,5603
2097402,138,236,1295,1995,1368024.0,0.0,0.6414300000000001,0.9697520000000001,MEX,VEN,5603
2097403,169,236,1295,1995,3049.0,0.0,-0.019815,0.050906,PAN,VEN,5603
2097404,173,236,1295,1995,0.0,39687.0,-0.263859,-0.21032800000000001,PER,VEN,5603
2097405,179,236,1295,1995,989.0,0.0,0.412677,1.254009,PRT,VEN,5603
2097406,222,236,1295,1995,0.0,11401.0,0.254658,-0.496058,TTO,VEN,5603
2097407,230,236,1295,1995,8298.0,0.0,0.45133900000000005,0.50831,URY,VEN,5603
2097408,231,236,1295,1995,1298412.0,1399443.0,1.771648,1.184,USA,VEN,5603
2097409,249,236,1295,1995,13404.0,0.0,1.345205,1.9337389999999999,TWN,VEN,5603
2097410,18,58,1295,1995,10862.0,0.0,1.615588,1.394102,BEL,CYP,5603
2097411,41,58,1295,1995,19308.0,0.0,2.1893029999999998,0.82765,CHE,CYP,5603
2097412,59,58,1295,1995,2982.0,0.0,1.375091,1.628069,CZE,CYP,5603
2097413,61,58,1295,1995,909494.0,12360.0,2.325385,-2.2238189999999998,DEU,CYP,5603
2097414,68,58,1295,1995,0.0,4737.0,-0.340042,-0.085601,EGY,CYP,5603
2097415,71,58,1295,1995,78170.0,0.0,1.144247,1.933844,ESP,CYP,5603
2097416,77,58,1295,1995,741274.0,0.0,1.768484,0.765537,FRA,CYP,5603
2097417,81,58,1295,1995,305835.0,29795.0,1.8656979999999999,1.107121,GBR,CYP,5603
2097418,90,58,1295,1995,61186.0,3420.0,0.17369,0.885756,GRC,CYP,5603
2097419,110,58,1295,1995,37409.0,0.0,1.205368,1.189434,ISR,CYP,5603
2097420,111,58,1295,1995,1041120.0,10027.0,1.503379,1.449094,ITA,CYP,5603
2097421,113,58,1295,1995,0.0,1851.0,0.666542,0.326785,JOR,CYP,5603
2097422,140,58,1295,1995,1141.0,0.0,0.34174,0.648467,MKD,CYP,5603
2097423,162,58,1295,1995,93236.0,0.0,1.304391,1.8819119999999998,NLD,CYP,5603
2097424,163,58,1295,1995,6754.0,0.0,1.019741,0.394241,NOR,CYP,5603
2097425,185,58,1295,1995,0.0,10196.0,0.621468,1.038729,ROU,CYP,5603
2097426,188,58,1295,1995,0.0,4813.0,0.401573,-0.6676529999999999,SAU,CYP,5603
2097427,189,58,1295,1995,0.0,1558.0,1.032118,1.180409,SCG,CYP,5603
2097428,207,58,1295,1995,3093.0,0.0,1.424606,1.490521,SVN,CYP,5603
2097429,208,58,1295,1995,196504.0,0.0,2.246997,1.060171,SWE,CYP,5603
2097430,212,58,1295,1995,0.0,359907.0,-0.8829469999999999,-0.809407,SYR,CYP,5603
2097431,224,58,1295,1995,102119.0,0.0,0.166794,1.209066,TUR,CYP,5603
2097432,231,58,1295,1995,45040.0,0.0,1.771648,1.184,USA,CYP,5603
2097433,246,58,1295,1995,932.0,0.0,0.468112,1.039817,ZAF,CYP,5603
2097434,249,58,1295,1995,2180.0,0.0,1.345205,1.9337389999999999,TWN,CYP,5603
2097435,15,100,1295,1995,150938.0,286717.0,2.000295,0.661255,AUT,HRV,5603
2097436,18,100,1295,1995,27887.0,0.0,1.615588,1.394102,BEL,HRV,5603
2097437,26,100,1295,1995,0.0,247119.0,0.208931,0.053763,BIH,HRV,5603
2097438,39,100,1295,1995,0.0,16029.0,1.077804,1.0724200000000002,CAN,HRV,5603
2097439,41,100,1295,1995,1621.0,0.0,2.1893029999999998,0.82765,CHE,HRV,5603
2097440,61,100,1295,1995,13569068.0,1430688.0,2.325385,-2.2238189999999998,DEU,HRV,5603
2097441,74,100,1295,1995,18981.0,0.0,2.0085740000000003,1.126816,FIN,HRV,5603
2097442,77,100,1295,1995,35917.0,6877.0,1.768484,0.765537,FRA,HRV,5603
2097443,81,100,1295,1995,0.0,132721.0,1.8656979999999999,1.107121,GBR,HRV,5603
2097444,90,100,1295,1995,12136.0,0.0,0.17369,0.885756,GRC,HRV,5603
2097445,102,100,1295,1995,35520.0,25652.0,0.878711,1.8200060000000002,HUN,HRV,5603
2097446,111,100,1295,1995,1160773.0,207163.0,1.503379,1.449094,ITA,HRV,5603
2097447,114,100,1295,1995,4455.0,0.0,2.56822,0.927307,JPN,HRV,5603
2097448,121,100,1295,1995,846.0,0.0,0.845175,1.2761799999999999,KOR,HRV,5603
2097449,140,100,1295,1995,0.0,26976.0,0.34174,0.648467,MKD,HRV,5603
2097450,162,100,1295,1995,439318.0,78471.0,1.304391,1.8819119999999998,NLD,HRV,5603
2097451,177,100,1295,1995,4724.0,0.0,0.76393,1.802648,POL,HRV,5603
2097452,179,100,1295,1995,0.0,1107.0,0.412677,1.254009,PRT,HRV,5603
2097453,207,100,1295,1995,1160730.0,117485.0,1.424606,1.490521,SVN,HRV,5603
2097454,224,100,1295,1995,1097.0,0.0,0.166794,1.209066,TUR,HRV,5603
2097455,231,100,1295,1995,3545.0,0.0,1.771648,1.184,USA,HRV,5603
2097456,249,100,1295,1995,1116.0,0.0,1.345205,1.9337389999999999,TWN,HRV,5603
2097457,28,135,1295,1995,12277.0,12523.0,0.5290279999999999,0.27031700000000003,BLR,MDA,5603
2097458,61,135,1295,1995,1927487.0,0.0,2.325385,-2.2238189999999998,DEU,MDA,5603
2097459,77,135,1295,1995,6336.0,0.0,1.768484,0.765537,FRA,MDA,5603
2097460,111,135,1295,1995,23498.0,0.0,1.503379,1.449094,ITA,MDA,5603
2097461,162,135,1295,1995,29973.0,0.0,1.304391,1.8819119999999998,NLD,MDA,5603
2097462,185,135,1295,1995,4685.0,0.0,0.621468,1.038729,ROU,MDA,5603
2097463,186,135,1295,1995,36795.0,0.0,0.364437,0.171494,RUS,MDA,5603
2097464,206,135,1295,1995,13714.0,0.0,1.2249780000000001,1.405585,SVK,MDA,5603
2097465,219,135,1295,1995,46222.0,0.0,-0.882984,-1.088854,TKM,MDA,5603
2097466,224,135,1295,1995,1104.0,0.0,0.166794,1.209066,TUR,MDA,5603
2097467,228,135,1295,1995,29187.0,0.0,0.428875,0.20489899999999997,UKR,MDA,5603
2097468,231,135,1295,1995,1089.0,0.0,1.771648,1.184,USA,MDA,5603
2097469,18,140,1295,1995,29113.0,0.0,1.615588,1.394102,BEL,MKD,5603
2097470,23,140,1295,1995,23590.0,0.0,0.436138,1.086561,BGR,MKD,5603
2097471,58,140,1295,1995,0.0,1141.0,0.263764,0.030358999999999997,CYP,MKD,5603
2097472,59,140,1295,1995,2276.0,0.0,1.375091,1.628069,CZE,MKD,5603
2097473,61,140,1295,1995,1945891.0,0.0,2.325385,-2.2238189999999998,DEU,MKD,5603
2097474,77,140,1295,1995,207488.0,0.0,1.768484,0.765537,FRA,MKD,5603
2097475,81,140,1295,1995,3190.0,0.0,1.8656979999999999,1.107121,GBR,MKD,5603
2097476,100,140,1295,1995,26976.0,0.0,0.75325,1.395715,HRV,MKD,5603
2097477,111,140,1295,1995,266795.0,0.0,1.503379,1.449094,ITA,MKD,5603
2097478,121,140,1295,1995,12131.0,0.0,0.845175,1.2761799999999999,KOR,MKD,5603
2097479,162,140,1295,1995,268974.0,27712.0,1.304391,1.8819119999999998,NLD,MKD,5603
2097480,177,140,1295,1995,270866.0,0.0,0.76393,1.802648,POL,MKD,5603
2097481,189,140,1295,1995,0.0,50038.0,1.032118,1.180409,SCG,MKD,5603
2097482,207,140,1295,1995,201455.0,0.0,1.424606,1.490521,SVN,MKD,5603
2097483,208,140,1295,1995,16279.0,0.0,2.246997,1.060171,SWE,MKD,5603
2097484,224,140,1295,1995,15168.0,0.0,0.166794,1.209066,TUR,MKD,5603
2097485,231,140,1295,1995,12796.0,0.0,1.771648,1.184,USA,MKD,5603
2097486,77,190,1295,1995,1283.0,0.0,1.768484,0.765537,FRA,SDN,5603
2097487,97,190,1295,1995,940.0,0.0,0.5244449999999999,2.682738,HKG,SDN,5603
2097488,43,197,1295,1995,1220.0,0.0,0.387897,3.2147919999999996,CHN,SLV,5603
2097489,49,197,1295,1995,1213.0,0.0,0.094335,0.13047999999999998,COL,SLV,5603
2097490,52,197,1295,1995,4164.0,3717.0,-0.30094699999999996,-0.046285,CRI,SLV,5603
2097491,61,197,1295,1995,16309.0,0.0,2.325385,-2.2238189999999998,DEU,SLV,5603
2097492,93,197,1295,1995,6459.0,82478.0,-0.241468,0.170932,GTM,SLV,5603
2097493,97,197,1295,1995,9831.0,0.0,0.5244449999999999,2.682738,HKG,SLV,5603
2097494,99,197,1295,1995,3045.0,20338.0,-0.765536,-0.668834,HND,SLV,5603
2097495,111,197,1295,1995,8026.0,0.0,1.503379,1.449094,ITA,SLV,5603
2097496,114,197,1295,1995,4001.0,0.0,2.56822,0.927307,JPN,SLV,5603
2097497,121,197,1295,1995,294569.0,0.0,0.845175,1.2761799999999999,KOR,SLV,5603
2097498,138,197,1295,1995,206881.0,0.0,0.6414300000000001,0.9697520000000001,MEX,SLV,5603
2097499,160,197,1295,1995,0.0,21089.0,-0.395096,-0.559934,NIC,SLV,5603
2097500,169,197,1295,1995,11374.0,27310.0,-0.019815,0.050906,PAN,SLV,5603
2097501,231,197,1295,1995,297380.0,0.0,1.771648,1.184,USA,SLV,5603
2097502,249,197,1295,1995,347288.0,0.0,1.345205,1.9337389999999999,TWN,SLV,5603
2097503,18,46,1295,1995,1652.0,0.0,1.615588,1.394102,BEL,COD,5603
2097504,61,46,1295,1995,19486.0,0.0,2.325385,-2.2238189999999998,DEU,COD,5603
2097505,227,46,1295,1995,5894.0,0.0,-1.053037,-1.001752,UGA,COD,5603
2097506,43,54,1295,1995,688115.0,0.0,0.387897,3.2147919999999996,CHN,CUB,5603
2097507,49,54,1295,1995,39318.0,0.0,0.094335,0.13047999999999998,COL,CUB,5603
2097508,71,54,1295,1995,15360.0,0.0,1.144247,1.933844,ESP,CUB,5603
2097509,111,54,1295,1995,64634.0,0.0,1.503379,1.449094,ITA,CUB,5603
2097510,138,54,1295,1995,29019.0,0.0,0.6414300000000001,0.9697520000000001,MEX,CUB,5603
2097511,162,54,1295,1995,100566.0,0.0,1.304391,1.8819119999999998,NLD,CUB,5603
2097512,18,65,1295,1995,359276.0,0.0,1.615588,1.394102,BEL,DOM,5603
2097513,32,65,1295,1995,57861.0,0.0,0.687171,1.188647,BRA,DOM,5603
2097514,49,65,1295,1995,55897.0,0.0,0.094335,0.13047999999999998,COL,DOM,5603
2097515,71,65,1295,1995,48252.0,0.0,1.144247,1.933844,ESP,DOM,5603
2097516,77,65,1295,1995,125986.0,0.0,1.768484,0.765537,FRA,DOM,5603
2097517,81,65,1295,1995,0.0,32382.0,1.8656979999999999,1.107121,GBR,DOM,5603
2097518,111,65,1295,1995,66609.0,0.0,1.503379,1.449094,ITA,DOM,5603
2097519,114,65,1295,1995,23699.0,0.0,2.56822,0.927307,JPN,DOM,5603
2097520,121,65,1295,1995,439461.0,0.0,0.845175,1.2761799999999999,KOR,DOM,5603
2097521,162,65,1295,1995,452095.0,0.0,1.304391,1.8819119999999998,NLD,DOM,5603
2097522,179,65,1295,1995,0.0,1831.0,0.412677,1.254009,PRT,DOM,5603
2097523,231,65,1295,1995,1085682.0,0.0,1.771648,1.184,USA,DOM,5603
2097524,236,65,1295,1995,172297.0,0.0,0.299294,-0.635474,VEN,DOM,5603
2097525,15,67,1295,1995,0.0,1003.0,2.000295,0.661255,AUT,ECU,5603
2097526,32,67,1295,1995,456520.0,0.0,0.687171,1.188647,BRA,ECU,5603
2097527,43,67,1295,1995,54992.0,0.0,0.387897,3.2147919999999996,CHN,ECU,5603
2097528,49,67,1295,1995,1239838.0,70572.0,0.094335,0.13047999999999998,COL,ECU,5603
2097529,61,67,1295,1995,25952.0,0.0,2.325385,-2.2238189999999998,DEU,ECU,5603
2097530,71,67,1295,1995,15617.0,0.0,1.144247,1.933844,ESP,ECU,5603
2097531,74,67,1295,1995,58606.0,0.0,2.0085740000000003,1.126816,FIN,ECU,5603
2097532,77,67,1295,1995,36157.0,0.0,1.768484,0.765537,FRA,ECU,5603
2097533,97,67,1295,1995,1219.0,0.0,0.5244449999999999,2.682738,HKG,ECU,5603
2097534,111,67,1295,1995,18619.0,0.0,1.503379,1.449094,ITA,ECU,5603
2097535,114,67,1295,1995,8500.0,1798.0,2.56822,0.927307,JPN,ECU,5603
2097536,121,67,1295,1995,71487.0,0.0,0.845175,1.2761799999999999,KOR,ECU,5603
2097537,138,67,1295,1995,175297.0,0.0,0.6414300000000001,0.9697520000000001,MEX,ECU,5603
2097538,162,67,1295,1995,28928.0,0.0,1.304391,1.8819119999999998,NLD,ECU,5603
2097539,231,67,1295,1995,330033.0,0.0,1.771648,1.184,USA,ECU,5603
2097540,236,67,1295,1995,32691.0,0.0,0.299294,-0.635474,VEN,ECU,5603
2097541,249,67,1295,1995,22248.0,0.0,1.345205,1.9337389999999999,TWN,ECU,5603
2097542,41,107,1295,1995,17871.0,0.0,2.1893029999999998,0.82765,CHE,IRN,5603
2097543,43,107,1295,1995,0.0,4769.0,0.387897,3.2147919999999996,CHN,IRN,5603
2097544,61,107,1295,1995,173616.0,0.0,2.325385,-2.2238189999999998,DEU,IRN,5603
2097545,77,107,1295,1995,247861.0,0.0,1.768484,0.765537,FRA,IRN,5603
2097546,81,107,1295,1995,3481.0,0.0,1.8656979999999999,1.107121,GBR,IRN,5603
2097547,111,107,1295,1995,357753.0,0.0,1.503379,1.449094,ITA,IRN,5603
2097548,113,107,1295,1995,12827.0,0.0,0.666542,0.326785,JOR,IRN,5603
2097549,117,107,1295,1995,2600.0,0.0,0.361272,0.047797000000000006,KGZ,IRN,5603
2097550,121,107,1295,1995,23867.0,0.0,0.845175,1.2761799999999999,KOR,IRN,5603
2097551,192,107,1295,1995,0.0,8817.0,0.747684,0.4745,SGP,IRN,5603
2097552,224,107,1295,1995,9825.0,0.0,0.166794,1.209066,TUR,IRN,5603
2097553,14,168,1295,1995,29973.0,0.0,0.44442,0.789292,AUS,PAK,5603
2097554,18,168,1295,1995,37779.0,0.0,1.615588,1.394102,BEL,PAK,5603
2097555,41,168,1295,1995,6857.0,0.0,2.1893029999999998,0.82765,CHE,PAK,5603
2097556,43,168,1295,1995,83134.0,0.0,0.387897,3.2147919999999996,CHN,PAK,5603
2097557,61,168,1295,1995,30012.0,0.0,2.325385,-2.2238189999999998,DEU,PAK,5603
2097558,71,168,1295,1995,48271.0,0.0,1.144247,1.933844,ESP,PAK,5603
2097559,81,168,1295,1995,156734.0,0.0,1.8656979999999999,1.107121,GBR,PAK,5603
2097560,97,168,1295,1995,26190.0,0.0,0.5244449999999999,2.682738,HKG,PAK,5603
2097561,103,168,1295,1995,28135.0,0.0,-0.391727,1.174727,IDN,PAK,5603
2097562,111,168,1295,1995,48918.0,0.0,1.503379,1.449094,ITA,PAK,5603
2097563,113,168,1295,1995,0.0,54914.0,0.666542,0.326785,JOR,PAK,5603
2097564,114,168,1295,1995,5215009.0,0.0,2.56822,0.927307,JPN,PAK,5603
2097565,121,168,1295,1995,2231563.0,11907.0,0.845175,1.2761799999999999,KOR,PAK,5603
2097566,153,168,1295,1995,0.0,101849.0,0.357745,0.374284,MYS,PAK,5603
2097567,162,168,1295,1995,54543.0,0.0,1.304391,1.8819119999999998,NLD,PAK,5603
2097568,188,168,1295,1995,0.0,19198.0,0.401573,-0.6676529999999999,SAU,PAK,5603
2097569,192,168,1295,1995,453414.0,0.0,0.747684,0.4745,SGP,PAK,5603
2097570,216,168,1295,1995,22015.0,0.0,0.174522,1.608058,THA,PAK,5603
2097571,231,168,1295,1995,87728.0,0.0,1.771648,1.184,USA,PAK,5603
2097572,14,174,1295,1995,12694.0,6160.0,0.44442,0.789292,AUS,PHL,5603
2097573,18,174,1295,1995,50121.0,0.0,1.615588,1.394102,BEL,PHL,5603
2097574,41,174,1295,1995,1451.0,0.0,2.1893029999999998,0.82765,CHE,PHL,5603
2097575,43,174,1295,1995,149628.0,2072.0,0.387897,3.2147919999999996,CHN,PHL,5603
2097576,61,174,1295,1995,1007133.0,0.0,2.325385,-2.2238189999999998,DEU,PHL,5603
2097577,81,174,1295,1995,305404.0,0.0,1.8656979999999999,1.107121,GBR,PHL,5603
2097578,97,174,1295,1995,4364738.0,27260.0,0.5244449999999999,2.682738,HKG,PHL,5603
2097579,103,174,1295,1995,33267.0,25594.0,-0.391727,1.174727,IDN,PHL,5603
2097580,104,174,1295,1995,0.0,2051.0,0.156183,1.9617380000000002,IND,PHL,5603
2097581,111,174,1295,1995,23644.0,0.0,1.503379,1.449094,ITA,PHL,5603
2097582,114,174,1295,1995,2826822.0,2589652.0,2.56822,0.927307,JPN,PHL,5603
2097583,121,174,1295,1995,4763746.0,15075.0,0.845175,1.2761799999999999,KOR,PHL,5603
2097584,153,174,1295,1995,286546.0,85949.0,0.357745,0.374284,MYS,PHL,5603
2097585,162,174,1295,1995,85207.0,0.0,1.304391,1.8819119999999998,NLD,PHL,5603
2097586,188,174,1295,1995,0.0,2441.0,0.401573,-0.6676529999999999,SAU,PHL,5603
2097587,192,174,1295,1995,145470.0,1911.0,0.747684,0.4745,SGP,PHL,5603
2097588,216,174,1295,1995,478724.0,0.0,0.174522,1.608058,THA,PHL,5603
2097589,231,174,1295,1995,1604614.0,1819.0,1.771648,1.184,USA,PHL,5603
2097590,18,186,1295,1995,130729.0,0.0,1.615588,1.394102,BEL,RUS,5603
2097591,39,186,1295,1995,1693.0,0.0,1.077804,1.0724200000000002,CAN,RUS,5603
2097592,43,186,1295,1995,7894.0,0.0,0.387897,3.2147919999999996,CHN,RUS,5603
2097593,59,186,1295,1995,119635.0,154521.0,1.375091,1.628069,CZE,RUS,5603
2097594,61,186,1295,1995,8785571.0,1855.0,2.325385,-2.2238189999999998,DEU,RUS,5603
2097595,64,186,1295,1995,17193.0,0.0,1.3800270000000001,1.489036,DNK,RUS,5603
2097596,72,186,1295,1995,3230207.0,41998.0,0.530041,1.134288,EST,RUS,5603
2097597,74,186,1295,1995,121519.0,0.0,2.0085740000000003,1.126816,FIN,RUS,5603
2097598,77,186,1295,1995,2492370.0,0.0,1.768484,0.765537,FRA,RUS,5603
2097599,81,186,1295,1995,474300.0,0.0,1.8656979999999999,1.107121,GBR,RUS,5603
2097600,97,186,1295,1995,217622.0,75479.0,0.5244449999999999,2.682738,HKG,RUS,5603
2097601,102,186,1295,1995,105000.0,0.0,0.878711,1.8200060000000002,HUN,RUS,5603
2097602,104,186,1295,1995,0.0,29926.0,0.156183,1.9617380000000002,IND,RUS,5603
2097603,106,186,1295,1995,30820.0,0.0,1.349192,0.992099,IRL,RUS,5603
2097604,111,186,1295,1995,428295.0,1791.0,1.503379,1.449094,ITA,RUS,5603
2097605,113,186,1295,1995,0.0,57847.0,0.666542,0.326785,JOR,RUS,5603
2097606,114,186,1295,1995,24100.0,0.0,2.56822,0.927307,JPN,RUS,5603
2097607,117,186,1295,1995,711507.0,198480.0,0.361272,0.047797000000000006,KGZ,RUS,5603
2097608,121,186,1295,1995,205627.0,0.0,0.845175,1.2761799999999999,KOR,RUS,5603
2097609,130,186,1295,1995,358638.0,100806.0,0.41220500000000004,0.966966,LTU,RUS,5603
2097610,132,186,1295,1995,168884.0,100720.0,0.25453400000000004,0.174809,LVA,RUS,5603
2097611,135,186,1295,1995,0.0,36795.0,0.394058,0.124474,MDA,RUS,5603
2097612,162,186,1295,1995,1071850.0,0.0,1.304391,1.8819119999999998,NLD,RUS,5603
2097613,163,186,1295,1995,59766.0,0.0,1.019741,0.394241,NOR,RUS,5603
2097614,177,186,1295,1995,869541.0,0.0,0.76393,1.802648,POL,RUS,5603
2097615,192,186,1295,1995,4544.0,0.0,0.747684,0.4745,SGP,RUS,5603
2097616,206,186,1295,1995,232066.0,0.0,1.2249780000000001,1.405585,SVK,RUS,5603
2097617,207,186,1295,1995,9663.0,0.0,1.424606,1.490521,SVN,RUS,5603
2097618,208,186,1295,1995,64990.0,0.0,2.246997,1.060171,SWE,RUS,5603
2097619,224,186,1295,1995,464495.0,4978.0,0.166794,1.209066,TUR,RUS,5603
2097620,231,186,1295,1995,2092665.0,0.0,1.771648,1.184,USA,RUS,5603
2097621,43,226,1295,1995,2785.0,0.0,0.387897,3.2147919999999996,CHN,TZA,5603
2097622,162,226,1295,1995,11403.0,0.0,1.304391,1.8819119999999998,NLD,TZA,5603
2097623,192,226,1295,1995,68904.0,0.0,0.747684,0.4745,SGP,TZA,5603
2097624,231,226,1295,1995,14106.0,0.0,1.771648,1.184,USA,TZA,5603
2097625,246,226,1295,1995,948.0,0.0,0.468112,1.039817,ZAF,TZA,5603
2097626,59,228,1295,1995,31182.0,4763.0,1.375091,1.628069,CZE,UKR,5603
2097627,61,228,1295,1995,4003740.0,0.0,2.325385,-2.2238189999999998,DEU,UKR,5603
2097628,64,228,1295,1995,15381.0,0.0,1.3800270000000001,1.489036,DNK,UKR,5603
2097629,72,228,1295,1995,19661.0,0.0,0.530041,1.134288,EST,UKR,5603
2097630,77,228,1295,1995,47766.0,0.0,1.768484,0.765537,FRA,UKR,5603
2097631,97,228,1295,1995,39245.0,0.0,0.5244449999999999,2.682738,HKG,UKR,5603
2097632,102,228,1295,1995,188000.0,0.0,0.878711,1.8200060000000002,HUN,UKR,5603
2097633,110,228,1295,1995,88385.0,0.0,1.205368,1.189434,ISR,UKR,5603
2097634,111,228,1295,1995,131688.0,0.0,1.503379,1.449094,ITA,UKR,5603
2097635,121,228,1295,1995,365111.0,0.0,0.845175,1.2761799999999999,KOR,UKR,5603
2097636,130,228,1295,1995,1900920.0,2094.0,0.41220500000000004,0.966966,LTU,UKR,5603
2097637,132,228,1295,1995,34363.0,0.0,0.25453400000000004,0.174809,LVA,UKR,5603
2097638,135,228,1295,1995,0.0,29187.0,0.394058,0.124474,MDA,UKR,5603
2097639,162,228,1295,1995,70347.0,0.0,1.304391,1.8819119999999998,NLD,UKR,5603
2097640,177,228,1295,1995,253299.0,0.0,0.76393,1.802648,POL,UKR,5603
2097641,206,228,1295,1995,27713.0,0.0,1.2249780000000001,1.405585,SVK,UKR,5603
2097642,207,228,1295,1995,2477.0,0.0,1.424606,1.490521,SVN,UKR,5603
2097643,14,239,1295,1995,39537.0,0.0,0.44442,0.789292,AUS,VNM,5603
2097644,39,239,1295,1995,15409.0,0.0,1.077804,1.0724200000000002,CAN,VNM,5603
2097645,43,239,1295,1995,161381.0,0.0,0.387897,3.2147919999999996,CHN,VNM,5603
2097646,61,239,1295,1995,12165780.0,0.0,2.325385,-2.2238189999999998,DEU,VNM,5603
2097647,77,239,1295,1995,20635.0,0.0,1.768484,0.765537,FRA,VNM,5603
2097648,97,239,1295,1995,4352958.0,72516.0,0.5244449999999999,2.682738,HKG,VNM,5603
2097649,103,239,1295,1995,0.0,32476.0,-0.391727,1.174727,IDN,VNM,5603
2097650,111,239,1295,1995,184739.0,0.0,1.503379,1.449094,ITA,VNM,5603
2097651,114,239,1295,1995,8080788.0,0.0,2.56822,0.927307,JPN,VNM,5603
2097652,121,239,1295,1995,8037554.0,0.0,0.845175,1.2761799999999999,KOR,VNM,5603
2097653,153,239,1295,1995,146248.0,0.0,0.357745,0.374284,MYS,VNM,5603
2097654,162,239,1295,1995,41333.0,0.0,1.304391,1.8819119999999998,NLD,VNM,5603
2097655,192,239,1295,1995,205586.0,0.0,0.747684,0.4745,SGP,VNM,5603
2097656,216,239,1295,1995,635961.0,0.0,0.174522,1.608058,THA,VNM,5603
2097657,8,249,1295,1995,0.0,87347.0,0.245885,0.5489850000000001,ARG,TWN,5603
2097658,14,249,1295,1995,30798.0,3694081.0,0.44442,0.789292,AUS,TWN,5603
2097659,15,249,1295,1995,0.0,7142.0,2.000295,0.661255,AUT,TWN,5603
2097660,18,249,1295,1995,2738430.0,12219.0,1.615588,1.394102,BEL,TWN,5603
2097661,22,249,1295,1995,0.0,3136.0,-1.037175,-0.983195,BGD,TWN,5603
2097662,32,249,1295,1995,0.0,1175700.0,0.687171,1.188647,BRA,TWN,5603
2097663,39,249,1295,1995,0.0,1056698.0,1.077804,1.0724200000000002,CAN,TWN,5603
2097664,41,249,1295,1995,37202.0,8626.0,2.1893029999999998,0.82765,CHE,TWN,5603
2097665,42,249,1295,1995,0.0,273270.0,-0.073436,-0.192675,CHL,TWN,5603
2097666,43,249,1295,1995,490246.0,54341364.0,0.387897,3.2147919999999996,CHN,TWN,5603
2097667,44,249,1295,1995,0.0,125843.0,-0.781656,-0.74293,CIV,TWN,5603
2097668,49,249,1295,1995,0.0,10346.0,0.094335,0.13047999999999998,COL,TWN,5603
2097669,52,249,1295,1995,0.0,30959.0,-0.30094699999999996,-0.046285,CRI,TWN,5603
2097670,58,249,1295,1995,0.0,2180.0,0.263764,0.030358999999999997,CYP,TWN,5603
2097671,61,249,1295,1995,3168276.0,1926064.0,2.325385,-2.2238189999999998,DEU,TWN,5603
2097672,64,249,1295,1995,0.0,122921.0,1.3800270000000001,1.489036,DNK,TWN,5603
2097673,66,249,1295,1995,0.0,28284.0,-0.555409,-1.037972,DZA,TWN,5603
2097674,67,249,1295,1995,0.0,22248.0,-0.948154,-0.9595790000000001,ECU,TWN,5603
2097675,68,249,1295,1995,0.0,166042.0,-0.340042,-0.085601,EGY,TWN,5603
2097676,71,249,1295,1995,155649.0,28645.0,1.144247,1.933844,ESP,TWN,5603
2097677,73,249,1295,1995,0.0,22781.0,-1.3387120000000001,-1.123621,ETH,TWN,5603
2097678,77,249,1295,1995,955672.0,331157.0,1.768484,0.765537,FRA,TWN,5603
2097679,81,249,1295,1995,2014008.0,550566.0,1.8656979999999999,1.107121,GBR,TWN,5603
2097680,90,249,1295,1995,0.0,186275.0,0.17369,0.885756,GRC,TWN,5603
2097681,93,249,1295,1995,0.0,6188.0,-0.241468,0.170932,GTM,TWN,5603
2097682,97,249,1295,1995,3227528.0,54326100.0,0.5244449999999999,2.682738,HKG,TWN,5603
2097683,99,249,1295,1995,0.0,11560.0,-0.765536,-0.668834,HND,TWN,5603
2097684,100,249,1295,1995,0.0,1116.0,0.75325,1.395715,HRV,TWN,5603
2097685,103,249,1295,1995,0.0,16057104.0,-0.391727,1.174727,IDN,TWN,5603
2097686,104,249,1295,1995,10274.0,447329.0,0.156183,1.9617380000000002,IND,TWN,5603
2097687,110,249,1295,1995,82299.0,29744.0,1.205368,1.189434,ISR,TWN,5603
2097688,111,249,1295,1995,384986.0,773844.0,1.503379,1.449094,ITA,TWN,5603
2097689,113,249,1295,1995,0.0,386875.0,0.666542,0.326785,JOR,TWN,5603
2097690,114,249,1295,1995,26278166.0,17897904.0,2.56822,0.927307,JPN,TWN,5603
2097691,121,249,1295,1995,3192536.0,6146182.0,0.845175,1.2761799999999999,KOR,TWN,5603
2097692,132,249,1295,1995,0.0,5324.0,0.25453400000000004,0.174809,LVA,TWN,5603
2097693,133,249,1295,1995,0.0,74834.0,-0.149794,-0.26961799999999997,MAC,TWN,5603
2097694,134,249,1295,1995,0.0,44253.0,-0.6481210000000001,-0.22345,MAR,TWN,5603
2097695,138,249,1295,1995,0.0,706722.0,0.6414300000000001,0.9697520000000001,MEX,TWN,5603
2097696,142,249,1295,1995,0.0,22774.0,0.842519,0.11882899999999999,MLT,TWN,5603
2097697,151,249,1295,1995,0.0,166159.0,-0.432644,-0.574298,MUS,TWN,5603
2097698,153,249,1295,1995,0.0,2634444.0,0.357745,0.374284,MYS,TWN,5603
2097699,162,249,1295,1995,2958036.0,0.0,1.304391,1.8819119999999998,NLD,TWN,5603
2097700,166,249,1295,1995,0.0,382309.0,0.5558270000000001,0.773271,NZL,TWN,5603
2097701,169,249,1295,1995,0.0,68657.0,-0.019815,0.050906,PAN,TWN,5603
2097702,173,249,1295,1995,0.0,154010.0,-0.263859,-0.21032800000000001,PER,TWN,5603
2097703,177,249,1295,1995,0.0,196280.0,0.76393,1.802648,POL,TWN,5603
2097704,179,249,1295,1995,257638.0,20156.0,0.412677,1.254009,PRT,TWN,5603
2097705,185,249,1295,1995,0.0,33781.0,0.621468,1.038729,ROU,TWN,5603
2097706,188,249,1295,1995,0.0,78306.0,0.401573,-0.6676529999999999,SAU,TWN,5603
2097707,192,249,1295,1995,542200.0,2568130.0,0.747684,0.4745,SGP,TWN,5603
2097708,197,249,1295,1995,0.0,347288.0,-0.17119600000000001,0.027889999999999998,SLV,TWN,5603
2097709,205,249,1295,1995,0.0,3961.0,-0.75729,-0.8253459999999999,SUR,TWN,5603
2097710,206,249,1295,1995,0.0,3507.0,1.2249780000000001,1.405585,SVK,TWN,5603
2097711,208,249,1295,1995,0.0,18957.0,2.246997,1.060171,SWE,TWN,5603
2097712,216,249,1295,1995,524641.0,4606464.0,0.174522,1.608058,THA,TWN,5603
2097713,222,249,1295,1995,0.0,10433.0,0.254658,-0.496058,TTO,TWN,5603
2097714,223,249,1295,1995,0.0,206771.0,-0.253792,-0.044331,TUN,TWN,5603
2097715,224,249,1295,1995,0.0,411175.0,0.166794,1.209066,TUR,TWN,5603
2097716,231,249,1295,1995,7338568.0,2563534.0,1.771648,1.184,USA,TWN,5603
2097717,236,249,1295,1995,0.0,13404.0,0.299294,-0.635474,VEN,TWN,5603
2097718,246,249,1295,1995,0.0,1747209.0,0.468112,1.039817,ZAF,TWN,5603
2097719,248,249,1295,1995,0.0,96220.0,-0.054752999999999996,0.326737,ZWE,TWN,5603
2097720,14,250,1295,1995,18569.0,0.0,0.44442,0.789292,AUS,ANS,5603
2097721,15,250,1295,1995,3335508.0,0.0,2.000295,0.661255,AUT,ANS,5603
2097722,22,250,1295,1995,0.0,7174.0,-1.037175,-0.983195,BGD,ANS,5603
2097723,39,250,1295,1995,0.0,14669.0,1.077804,1.0724200000000002,CAN,ANS,5603
2097724,41,250,1295,1995,1652.0,0.0,2.1893029999999998,0.82765,CHE,ANS,5603
2097725,42,250,1295,1995,0.0,6919.0,-0.073436,-0.192675,CHL,ANS,5603
2097726,43,250,1295,1995,0.0,2228098.0,0.387897,3.2147919999999996,CHN,ANS,5603
2097727,49,250,1295,1995,4708.0,6356.0,0.094335,0.13047999999999998,COL,ANS,5603
2097728,59,250,1295,1995,169113.0,188273.0,1.375091,1.628069,CZE,ANS,5603
2097729,61,250,1295,1995,121109.0,0.0,2.325385,-2.2238189999999998,DEU,ANS,5603
2097730,64,250,1295,1995,0.0,2640.0,1.3800270000000001,1.489036,DNK,ANS,5603
2097731,71,250,1295,1995,1468.0,0.0,1.144247,1.933844,ESP,ANS,5603
2097732,74,250,1295,1995,101983160.0,0.0,2.0085740000000003,1.126816,FIN,ANS,5603
2097733,77,250,1295,1995,0.0,238329.0,1.768484,0.765537,FRA,ANS,5603
2097734,97,250,1295,1995,223501.0,14429.0,0.5244449999999999,2.682738,HKG,ANS,5603
2097735,99,250,1295,1995,0.0,8615.0,-0.765536,-0.668834,HND,ANS,5603
2097736,102,250,1295,1995,135000.0,0.0,0.878711,1.8200060000000002,HUN,ANS,5603
2097737,103,250,1295,1995,135932.0,92254.0,-0.391727,1.174727,IDN,ANS,5603
2097738,106,250,1295,1995,0.0,137404.0,1.349192,0.992099,IRL,ANS,5603
2097739,110,250,1295,1995,1197.0,117114.0,1.205368,1.189434,ISR,ANS,5603
2097740,113,250,1295,1995,40842.0,0.0,0.666542,0.326785,JOR,ANS,5603
2097741,114,250,1295,1995,26576.0,0.0,2.56822,0.927307,JPN,ANS,5603
2097742,121,250,1295,1995,159732.0,319396.0,0.845175,1.2761799999999999,KOR,ANS,5603
2097743,134,250,1295,1995,30959.0,77078.0,-0.6481210000000001,-0.22345,MAR,ANS,5603
2097744,136,250,1295,1995,0.0,14410.0,-1.178074,-0.6167,MDG,ANS,5603
2097745,167,250,1295,1995,0.0,19772.0,-0.328853,-0.946069,OMN,ANS,5603
2097746,169,250,1295,1995,0.0,432782.0,-0.019815,0.050906,PAN,ANS,5603
2097747,177,250,1295,1995,369252.0,524180.0,0.76393,1.802648,POL,ANS,5603
2097748,179,250,1295,1995,67818.0,2311.0,0.412677,1.254009,PRT,ANS,5603
2097749,185,250,1295,1995,0.0,2560.0,0.621468,1.038729,ROU,ANS,5603
2097750,192,250,1295,1995,32499.0,25099.0,0.747684,0.4745,SGP,ANS,5603
2097751,206,250,1295,1995,0.0,1860.0,1.2249780000000001,1.405585,SVK,ANS,5603
2097752,208,250,1295,1995,2275.0,0.0,2.246997,1.060171,SWE,ANS,5603
2097753,216,250,1295,1995,1199.0,0.0,0.174522,1.608058,THA,ANS,5603
2097754,222,250,1295,1995,2924.0,0.0,0.254658,-0.496058,TTO,ANS,5603
2097755,223,250,1295,1995,10419.0,0.0,-0.253792,-0.044331,TUN,ANS,5603
2097756,224,250,1295,1995,1136774.0,1014367.0,0.166794,1.209066,TUR,ANS,5603
2097757,246,250,1295,1995,2004.0,0.0,0.468112,1.039817,ZAF,ANS,5603
2097758,231,29,1295,1995,49867.0,768.0,1.771648,1.184,USA,BLZ,5603
2097759,8,31,1295,1995,33122.0,0.0,0.245885,0.5489850000000001,ARG,BOL,5603
2097760,32,31,1295,1995,1143499.0,0.0,0.687171,1.188647,BRA,BOL,5603
2097761,42,31,1295,1995,77062.0,0.0,-0.073436,-0.192675,CHL,BOL,5603
2097762,61,31,1295,1995,3319.0,0.0,2.325385,-2.2238189999999998,DEU,BOL,5603
2097763,77,31,1295,1995,204534.0,0.0,1.768484,0.765537,FRA,BOL,5603
2097764,114,31,1295,1995,60506.0,0.0,2.56822,0.927307,JPN,BOL,5603
2097765,121,31,1295,1995,1332.0,0.0,0.845175,1.2761799999999999,KOR,BOL,5603
2097766,163,31,1295,1995,1654.0,0.0,1.019741,0.394241,NOR,BOL,5603
2097767,231,31,1295,1995,54729.0,0.0,1.771648,1.184,USA,BOL,5603
2097768,61,63,1295,1995,22041.0,0.0,2.325385,-2.2238189999999998,DEU,DMA,5603
2097769,121,63,1295,1995,120360.0,0.0,0.845175,1.2761799999999999,KOR,DMA,5603
2097770,246,63,1295,1995,0.0,6289.0,0.468112,1.039817,ZAF,DMA,5603
2097771,61,73,1295,1995,9976.0,0.0,2.325385,-2.2238189999999998,DEU,ETH,5603
2097772,81,73,1295,1995,11459.0,0.0,1.8656979999999999,1.107121,GBR,ETH,5603
2097773,111,73,1295,1995,68313.0,0.0,1.503379,1.449094,ITA,ETH,5603
2097774,162,73,1295,1995,17301.0,0.0,1.304391,1.8819119999999998,NLD,ETH,5603
2097775,249,73,1295,1995,22781.0,0.0,1.345205,1.9337389999999999,TWN,ETH,5603
2097776,114,91,1295,1995,10024.0,0.0,2.56822,0.927307,JPN,GRD,5603
2097777,61,94,1295,1995,1966.0,0.0,2.325385,-2.2238189999999998,DEU,GUF,5603
2097778,77,94,1295,1995,49314.0,0.0,1.768484,0.765537,FRA,GUF,5603
2097779,49,101,1295,1995,1750.0,0.0,0.094335,0.13047999999999998,COL,HTI,5603
2097780,61,101,1295,1995,9204.0,0.0,2.325385,-2.2238189999999998,DEU,HTI,5603
2097781,81,101,1295,1995,45839.0,0.0,1.8656979999999999,1.107121,GBR,HTI,5603
2097782,231,101,1295,1995,288082.0,0.0,1.771648,1.184,USA,HTI,5603
2097783,61,127,1295,1995,2229.0,0.0,2.325385,-2.2238189999999998,DEU,LCA,5603
2097784,150,127,1295,1995,801.0,0.0,0.68423,-0.22968200000000003,MTQ,LCA,5603
2097785,43,152,1295,1995,18432.0,0.0,0.387897,3.2147919999999996,CHN,MWI,5603
2097786,97,152,1295,1995,26224.0,0.0,0.5244449999999999,2.682738,HKG,MWI,5603
2097787,153,152,1295,1995,426.0,0.0,0.357745,0.374284,MYS,MWI,5603
2097788,246,152,1295,1995,31114.0,0.0,0.468112,1.039817,ZAF,MWI,5603
2097789,32,160,1295,1995,25164.0,0.0,0.687171,1.188647,BRA,NIC,5603
2097790,42,160,1295,1995,3136.0,0.0,-0.073436,-0.192675,CHL,NIC,5603
2097791,52,160,1295,1995,2780.0,0.0,-0.30094699999999996,-0.046285,CRI,NIC,5603
2097792,121,160,1295,1995,52515.0,0.0,0.845175,1.2761799999999999,KOR,NIC,5603
2097793,138,160,1295,1995,15212.0,0.0,0.6414300000000001,0.9697520000000001,MEX,NIC,5603
2097794,197,160,1295,1995,21089.0,0.0,-0.17119600000000001,0.027889999999999998,SLV,NIC,5603
2097795,231,160,1295,1995,11911.0,0.0,1.771648,1.184,USA,NIC,5603
2097796,7,227,1295,1995,2897.0,0.0,-0.205166,-0.6132380000000001,ARE,UGA,5603
2097797,46,227,1295,1995,0.0,5894.0,-1.4672459999999998,-1.0777139999999998,COD,UGA,5603
2097798,97,227,1295,1995,2131.0,0.0,0.5244449999999999,2.682738,HKG,UGA,5603
2097799,116,227,1295,1995,33151.0,0.0,-0.303773,0.111305,KEN,UGA,5603
2097800,61,17,1295,1995,38423.0,0.0,2.325385,-2.2238189999999998,DEU,BDI,5603
2097801,111,17,1295,1995,11622.0,0.0,1.503379,1.449094,ITA,BDI,5603
2097802,77,50,1295,1995,8443.0,0.0,1.768484,0.765537,FRA,COM,5603
2097803,184,50,1295,1995,1126.0,0.0,0.728825,-0.178569,REU,COM,5603
2097804,18,66,1295,1995,138150.0,0.0,1.615588,1.394102,BEL,DZA,5603
2097805,41,66,1295,1995,1155.0,0.0,2.1893029999999998,0.82765,CHE,DZA,5603
2097806,61,66,1295,1995,13749.0,0.0,2.325385,-2.2238189999999998,DEU,DZA,5603
2097807,71,66,1295,1995,328411.0,0.0,1.144247,1.933844,ESP,DZA,5603
2097808,77,66,1295,1995,349568.0,0.0,1.768484,0.765537,FRA,DZA,5603
2097809,102,66,1295,1995,31401.0,0.0,0.878711,1.8200060000000002,HUN,DZA,5603
2097810,111,66,1295,1995,935274.0,0.0,1.503379,1.449094,ITA,DZA,5603
2097811,114,66,1295,1995,46979.0,0.0,2.56822,0.927307,JPN,DZA,5603
2097812,162,66,1295,1995,11662.0,0.0,1.304391,1.8819119999999998,NLD,DZA,5603
2097813,189,66,1295,1995,30615.0,0.0,1.032118,1.180409,SCG,DZA,5603
2097814,212,66,1295,1995,1177.0,0.0,-0.8829469999999999,-0.809407,SYR,DZA,5603
2097815,217,66,1295,1995,1126.0,0.0,0.0068189999999999995,-0.7594350000000001,TJK,DZA,5603
2097816,224,66,1295,1995,155703.0,0.0,0.166794,1.209066,TUR,DZA,5603
2097817,231,66,1295,1995,3588.0,0.0,1.771648,1.184,USA,DZA,5603
2097818,249,66,1295,1995,28284.0,0.0,1.345205,1.9337389999999999,TWN,DZA,5603
2097819,32,85,1295,1995,7305.0,0.0,0.687171,1.188647,BRA,GIN,5603
2097820,44,85,1295,1995,211891.0,0.0,-0.781656,-0.74293,CIV,GIN,5603
2097821,97,85,1295,1995,76232.0,0.0,0.5244449999999999,2.682738,HKG,GIN,5603
2097822,114,85,1295,1995,45306.0,0.0,2.56822,0.927307,JPN,GIN,5603
2097823,18,130,1295,1995,38413.0,1227.0,1.615588,1.394102,BEL,LTU,5603
2097824,28,130,1295,1995,66330.0,287506.0,0.5290279999999999,0.27031700000000003,BLR,LTU,5603
2097825,59,130,1295,1995,27792.0,0.0,1.375091,1.628069,CZE,LTU,5603
2097826,61,130,1295,1995,1513338.0,1225.0,2.325385,-2.2238189999999998,DEU,LTU,5603
2097827,64,130,1295,1995,8829.0,1793.0,1.3800270000000001,1.489036,DNK,LTU,5603
2097828,72,130,1295,1995,11012.0,16706.0,0.530041,1.134288,EST,LTU,5603
2097829,74,130,1295,1995,44737.0,0.0,2.0085740000000003,1.126816,FIN,LTU,5603
2097830,77,130,1295,1995,28286.0,0.0,1.768484,0.765537,FRA,LTU,5603
2097831,81,130,1295,1995,52165.0,25145.0,1.8656979999999999,1.107121,GBR,LTU,5603
2097832,111,130,1295,1995,7435.0,0.0,1.503379,1.449094,ITA,LTU,5603
2097833,132,130,1295,1995,37035.0,86634.0,0.25453400000000004,0.174809,LVA,LTU,5603
2097834,162,130,1295,1995,119447.0,7759.0,1.304391,1.8819119999999998,NLD,LTU,5603
2097835,163,130,1295,1995,3143.0,0.0,1.019741,0.394241,NOR,LTU,5603
2097836,177,130,1295,1995,90441.0,8737.0,0.76393,1.802648,POL,LTU,5603
2097837,186,130,1295,1995,100806.0,358638.0,0.364437,0.171494,RUS,LTU,5603
2097838,208,130,1295,1995,209595.0,202992.0,2.246997,1.060171,SWE,LTU,5603
2097839,228,130,1295,1995,2094.0,1900920.0,0.428875,0.20489899999999997,UKR,LTU,5603
2097840,231,130,1295,1995,11528.0,0.0,1.771648,1.184,USA,LTU,5603
2097841,39,133,1295,1995,1033.0,0.0,1.077804,1.0724200000000002,CAN,MAC,5603
2097842,43,133,1295,1995,20212.0,104505.0,0.387897,3.2147919999999996,CHN,MAC,5603
2097843,81,133,1295,1995,7591.0,0.0,1.8656979999999999,1.107121,GBR,MAC,5603
2097844,97,133,1295,1995,382215.0,29402.0,0.5244449999999999,2.682738,HKG,MAC,5603
2097845,114,133,1295,1995,16011.0,0.0,2.56822,0.927307,JPN,MAC,5603
2097846,121,133,1295,1995,19375.0,0.0,0.845175,1.2761799999999999,KOR,MAC,5603
2097847,153,133,1295,1995,3829.0,0.0,0.357745,0.374284,MYS,MAC,5603
2097848,249,133,1295,1995,74834.0,0.0,1.345205,1.9337389999999999,TWN,MAC,5603
2097849,41,136,1295,1995,2112.0,0.0,2.1893029999999998,0.82765,CHE,MDG,5603
2097850,61,136,1295,1995,6996.0,0.0,2.325385,-2.2238189999999998,DEU,MDG,5603
2097851,77,136,1295,1995,43872.0,0.0,1.768484,0.765537,FRA,MDG,5603
2097852,97,136,1295,1995,6760.0,0.0,0.5244449999999999,2.682738,HKG,MDG,5603
2097853,111,136,1295,1995,26649.0,0.0,1.503379,1.449094,ITA,MDG,5603
2097854,134,136,1295,1995,0.0,16593.0,-0.6481210000000001,-0.22345,MAR,MDG,5603
2097855,162,136,1295,1995,54675.0,0.0,1.304391,1.8819119999999998,NLD,MDG,5603
2097856,246,136,1295,1995,5391.0,0.0,0.468112,1.039817,ZAF,MDG,5603
2097857,250,136,1295,1995,14410.0,0.0,1.034518,0.9735149999999999,ANS,MDG,5603
2097858,97,137,1295,1995,2898.0,0.0,0.5244449999999999,2.682738,HKG,MDV,5603
2097859,111,137,1295,1995,2409.0,0.0,1.503379,1.449094,ITA,MDV,5603
2097860,192,137,1295,1995,8744.0,0.0,0.747684,0.4745,SGP,MDV,5603
2097861,14,151,1295,1995,27331.0,0.0,0.44442,0.789292,AUS,MUS,5603
2097862,18,151,1295,1995,54600.0,0.0,1.615588,1.394102,BEL,MUS,5603
2097863,43,151,1295,1995,8293.0,0.0,0.387897,3.2147919999999996,CHN,MUS,5603
2097864,61,151,1295,1995,100620.0,0.0,2.325385,-2.2238189999999998,DEU,MUS,5603
2097865,77,151,1295,1995,125624.0,0.0,1.768484,0.765537,FRA,MUS,5603
2097866,81,151,1295,1995,23730.0,0.0,1.8656979999999999,1.107121,GBR,MUS,5603
2097867,97,151,1295,1995,202217.0,4617.0,0.5244449999999999,2.682738,HKG,MUS,5603
2097868,111,151,1295,1995,388070.0,0.0,1.503379,1.449094,ITA,MUS,5603
2097869,114,151,1295,1995,1565.0,0.0,2.56822,0.927307,JPN,MUS,5603
2097870,121,151,1295,1995,26049.0,0.0,0.845175,1.2761799999999999,KOR,MUS,5603
2097871,153,151,1295,1995,13845.0,0.0,0.357745,0.374284,MYS,MUS,5603
2097872,162,151,1295,1995,25002.0,0.0,1.304391,1.8819119999999998,NLD,MUS,5603
2097873,178,151,1295,1995,121014.0,0.0,0.46509799999999996,0.645496,PRK,MUS,5603
2097874,192,151,1295,1995,81572.0,0.0,0.747684,0.4745,SGP,MUS,5603
2097875,231,151,1295,1995,2883.0,0.0,1.771648,1.184,USA,MUS,5603
2097876,246,151,1295,1995,161351.0,3250.0,0.468112,1.039817,ZAF,MUS,5603
2097877,249,151,1295,1995,166159.0,0.0,1.345205,1.9337389999999999,TWN,MUS,5603
2097878,50,184,1295,1995,0.0,1126.0,-0.125195,-0.6788930000000001,COM,REU,5603
2097879,77,184,1295,1995,141777.0,0.0,1.768484,0.765537,FRA,REU,5603
2097880,111,184,1295,1995,63725.0,0.0,1.503379,1.449094,ITA,REU,5603
2097881,77,211,1295,1995,6025.0,0.0,1.768484,0.765537,FRA,SYC,5603
2097882,192,211,1295,1995,2443.0,0.0,0.747684,0.4745,SGP,SYC,5603
2097883,18,2,1295,1995,3393.0,0.0,1.615588,1.394102,BEL,AGO,5603
2097884,61,2,1295,1995,4279.0,0.0,2.325385,-2.2238189999999998,DEU,AGO,5603
2097885,162,2,1295,1995,13058.0,0.0,1.304391,1.8819119999999998,NLD,AGO,5603
2097886,179,2,1295,1995,24383.0,0.0,0.412677,1.254009,PRT,AGO,5603
2097887,43,4,1295,1995,27080.0,0.0,0.387897,3.2147919999999996,CHN,ALB,5603
2097888,61,4,1295,1995,312194.0,0.0,2.325385,-2.2238189999999998,DEU,ALB,5603
2097889,64,4,1295,1995,2598.0,0.0,1.3800270000000001,1.489036,DNK,ALB,5603
2097890,90,4,1295,1995,46216.0,0.0,0.17369,0.885756,GRC,ALB,5603
2097891,111,4,1295,1995,99931.0,0.0,1.503379,1.449094,ITA,ALB,5603
2097892,224,4,1295,1995,3772.0,0.0,0.166794,1.209066,TUR,ALB,5603
2097893,61,6,1295,1995,16208.0,0.0,2.325385,-2.2238189999999998,DEU,ANT,5603
2097894,114,6,1295,1995,2491.0,0.0,2.56822,0.927307,JPN,ANT,5603
2097895,162,6,1295,1995,53697.0,0.0,1.304391,1.8819119999999998,NLD,ANT,5603
2097896,231,6,1295,1995,80051.0,0.0,1.771648,1.184,USA,ANT,5603
2097897,14,7,1295,1995,135077.0,0.0,0.44442,0.789292,AUS,ARE,5603
2097898,18,7,1295,1995,1375452.0,0.0,1.615588,1.394102,BEL,ARE,5603
2097899,32,7,1295,1995,816228.0,0.0,0.687171,1.188647,BRA,ARE,5603
2097900,43,7,1295,1995,821248.0,0.0,0.387897,3.2147919999999996,CHN,ARE,5603
2097901,61,7,1295,1995,2121532.0,0.0,2.325385,-2.2238189999999998,DEU,ARE,5603
2097902,71,7,1295,1995,10046.0,0.0,1.144247,1.933844,ESP,ARE,5603
2097903,77,7,1295,1995,727511.0,0.0,1.768484,0.765537,FRA,ARE,5603
2097904,81,7,1295,1995,3093099.0,0.0,1.8656979999999999,1.107121,GBR,ARE,5603
2097905,97,7,1295,1995,660078.0,6500.0,0.5244449999999999,2.682738,HKG,ARE,5603
2097906,103,7,1295,1995,55902.0,0.0,-0.391727,1.174727,IDN,ARE,5603
2097907,104,7,1295,1995,56138.0,51252.0,0.156183,1.9617380000000002,IND,ARE,5603
2097908,111,7,1295,1995,580043.0,0.0,1.503379,1.449094,ITA,ARE,5603
2097909,113,7,1295,1995,579495.0,1404.0,0.666542,0.326785,JOR,ARE,5603
2097910,114,7,1295,1995,483971.0,0.0,2.56822,0.927307,JPN,ARE,5603
2097911,121,7,1295,1995,382395.0,0.0,0.845175,1.2761799999999999,KOR,ARE,5603
2097912,162,7,1295,1995,386019.0,0.0,1.304391,1.8819119999999998,NLD,ARE,5603
2097913,167,7,1295,1995,0.0,4647.0,-0.328853,-0.946069,OMN,ARE,5603
2097914,192,7,1295,1995,1075640.0,0.0,0.747684,0.4745,SGP,ARE,5603
2097915,216,7,1295,1995,20756.0,0.0,0.174522,1.608058,THA,ARE,5603
2097916,227,7,1295,1995,0.0,2897.0,-1.053037,-1.001752,UGA,ARE,5603
2097917,231,7,1295,1995,2142356.0,0.0,1.771648,1.184,USA,ARE,5603
2097918,231,13,1295,1995,33250.0,0.0,1.771648,1.184,USA,ATG,5603
2097919,77,19,1295,1995,564082.0,0.0,1.768484,0.765537,FRA,BEN,5603
2097920,97,19,1295,1995,21603.0,0.0,0.5244449999999999,2.682738,HKG,BEN,5603
2097921,231,19,1295,1995,3022.0,0.0,1.771648,1.184,USA,BEN,5603
2097922,18,23,1295,1995,1105234.0,0.0,1.615588,1.394102,BEL,BGR,5603
2097923,41,23,1295,1995,6969.0,0.0,2.1893029999999998,0.82765,CHE,BGR,5603
2097924,59,23,1295,1995,7495.0,2084.0,1.375091,1.628069,CZE,BGR,5603
2097925,61,23,1295,1995,2730956.0,13667.0,2.325385,-2.2238189999999998,DEU,BGR,5603
2097926,64,23,1295,1995,2807.0,0.0,1.3800270000000001,1.489036,DNK,BGR,5603
2097927,77,23,1295,1995,828415.0,0.0,1.768484,0.765537,FRA,BGR,5603
2097928,81,23,1295,1995,212316.0,1140.0,1.8656979999999999,1.107121,GBR,BGR,5603
2097929,90,23,1295,1995,128766.0,16381.0,0.17369,0.885756,GRC,BGR,5603
2097930,102,23,1295,1995,5000.0,0.0,0.878711,1.8200060000000002,HUN,BGR,5603
2097931,111,23,1295,1995,3310309.0,74607.0,1.503379,1.449094,ITA,BGR,5603
2097932,121,23,1295,1995,139762.0,0.0,0.845175,1.2761799999999999,KOR,BGR,5603
2097933,140,23,1295,1995,0.0,23590.0,0.34174,0.648467,MKD,BGR,5603
2097934,162,23,1295,1995,377674.0,0.0,1.304391,1.8819119999999998,NLD,BGR,5603
2097935,163,23,1295,1995,64503.0,0.0,1.019741,0.394241,NOR,BGR,5603
2097936,185,23,1295,1995,83000.0,9000.0,0.621468,1.038729,ROU,BGR,5603
2097937,207,23,1295,1995,6778.0,0.0,1.424606,1.490521,SVN,BGR,5603
2097938,208,23,1295,1995,25341.0,0.0,2.246997,1.060171,SWE,BGR,5603
2097939,224,23,1295,1995,88464.0,32847.0,0.166794,1.209066,TUR,BGR,5603
2097940,231,23,1295,1995,120665.0,0.0,1.771648,1.184,USA,BGR,5603
2097941,18,24,1295,1995,17146.0,0.0,1.615588,1.394102,BEL,BHR,5603
2097942,43,24,1295,1995,5203.0,0.0,0.387897,3.2147919999999996,CHN,BHR,5603
2097943,61,24,1295,1995,2116.0,0.0,2.325385,-2.2238189999999998,DEU,BHR,5603
2097944,71,24,1295,1995,1003.0,0.0,1.144247,1.933844,ESP,BHR,5603
2097945,77,24,1295,1995,5839.0,0.0,1.768484,0.765537,FRA,BHR,5603
2097946,81,24,1295,1995,70647.0,0.0,1.8656979999999999,1.107121,GBR,BHR,5603
2097947,97,24,1295,1995,56827.0,0.0,0.5244449999999999,2.682738,HKG,BHR,5603
2097948,111,24,1295,1995,38656.0,0.0,1.503379,1.449094,ITA,BHR,5603
2097949,114,24,1295,1995,11618.0,0.0,2.56822,0.927307,JPN,BHR,5603
2097950,121,24,1295,1995,19526.0,0.0,0.845175,1.2761799999999999,KOR,BHR,5603
2097951,162,24,1295,1995,10141.0,0.0,1.304391,1.8819119999999998,NLD,BHR,5603
2097952,208,24,1295,1995,1730.0,0.0,2.246997,1.060171,SWE,BHR,5603
2097953,231,24,1295,1995,27865.0,0.0,1.771648,1.184,USA,BHR,5603
2097954,163,25,1295,1995,27152.0,0.0,1.019741,0.394241,NOR,BHS,5603
2097955,231,25,1295,1995,266193.0,0.0,1.771648,1.184,USA,BHS,5603
2097956,59,28,1295,1995,311444.0,550874.0,1.375091,1.628069,CZE,BLR,5603
2097957,61,28,1295,1995,1700994.0,0.0,2.325385,-2.2238189999999998,DEU,BLR,5603
2097958,64,28,1295,1995,12323.0,0.0,1.3800270000000001,1.489036,DNK,BLR,5603
2097959,72,28,1295,1995,0.0,35380.0,0.530041,1.134288,EST,BLR,5603
2097960,77,28,1295,1995,100649.0,0.0,1.768484,0.765537,FRA,BLR,5603
2097961,81,28,1295,1995,4211.0,0.0,1.8656979999999999,1.107121,GBR,BLR,5603
2097962,97,28,1295,1995,64098.0,0.0,0.5244449999999999,2.682738,HKG,BLR,5603
2097963,102,28,1295,1995,31000.0,0.0,0.878711,1.8200060000000002,HUN,BLR,5603
2097964,111,28,1295,1995,10017.0,0.0,1.503379,1.449094,ITA,BLR,5603
2097965,117,28,1295,1995,131500.0,0.0,0.361272,0.047797000000000006,KGZ,BLR,5603
2097966,130,28,1295,1995,287506.0,66330.0,0.41220500000000004,0.966966,LTU,BLR,5603
2097967,132,28,1295,1995,7985.0,0.0,0.25453400000000004,0.174809,LVA,BLR,5603
2097968,135,28,1295,1995,12523.0,12277.0,0.394058,0.124474,MDA,BLR,5603
2097969,162,28,1295,1995,409378.0,0.0,1.304391,1.8819119999999998,NLD,BLR,5603
2097970,177,28,1295,1995,999941.0,0.0,0.76393,1.802648,POL,BLR,5603
2097971,179,28,1295,1995,0.0,55305.0,0.412677,1.254009,PRT,BLR,5603
2097972,206,28,1295,1995,11320.0,0.0,1.2249780000000001,1.405585,SVK,BLR,5603
2097973,77,33,1295,1995,29984.0,0.0,1.768484,0.765537,FRA,BRB,5603
2097974,231,33,1295,1995,138500.0,0.0,1.771648,1.184,USA,BRB,5603
2097975,81,34,1295,1995,178455.0,0.0,1.8656979999999999,1.107121,GBR,BRN,5603
2097976,97,34,1295,1995,32181.0,0.0,0.5244449999999999,2.682738,HKG,BRN,5603
2097977,114,34,1295,1995,32707.0,0.0,2.56822,0.927307,JPN,BRN,5603
2097978,153,34,1295,1995,96878.0,0.0,0.357745,0.374284,MYS,BRN,5603
2097979,192,34,1295,1995,386288.0,0.0,0.747684,0.4745,SGP,BRN,5603
2097980,231,34,1295,1995,411890.0,0.0,1.771648,1.184,USA,BRN,5603
2097981,179,51,1295,1995,3646.0,0.0,0.412677,1.254009,PRT,CPV,5603
2097982,77,80,1295,1995,97654.0,0.0,1.768484,0.765537,FRA,GAB,5603
2097983,111,80,1295,1995,141212.0,0.0,1.503379,1.449094,ITA,GAB,5603
2097984,18,83,1295,1995,43393.0,0.0,1.615588,1.394102,BEL,GHA,5603
2097985,43,83,1295,1995,12492.0,0.0,0.387897,3.2147919999999996,CHN,GHA,5603
2097986,61,83,1295,1995,18315.0,0.0,2.325385,-2.2238189999999998,DEU,GHA,5603
2097987,71,83,1295,1995,34095.0,0.0,1.144247,1.933844,ESP,GHA,5603
2097988,77,83,1295,1995,4777.0,0.0,1.768484,0.765537,FRA,GHA,5603
2097989,97,83,1295,1995,112770.0,0.0,0.5244449999999999,2.682738,HKG,GHA,5603
2097990,103,83,1295,1995,266657.0,0.0,-0.391727,1.174727,IDN,GHA,5603
2097991,111,83,1295,1995,70474.0,0.0,1.503379,1.449094,ITA,GHA,5603
2097992,121,83,1295,1995,51759.0,0.0,0.845175,1.2761799999999999,KOR,GHA,5603
2097993,162,83,1295,1995,61099.0,0.0,1.304391,1.8819119999999998,NLD,GHA,5603
2097994,231,83,1295,1995,54453.0,0.0,1.771648,1.184,USA,GHA,5603
2097995,18,109,1295,1995,13699.0,0.0,1.615588,1.394102,BEL,ISL,5603
2097996,59,109,1295,1995,2294.0,0.0,1.375091,1.628069,CZE,ISL,5603
2097997,61,109,1295,1995,188463.0,0.0,2.325385,-2.2238189999999998,DEU,ISL,5603
2097998,64,109,1295,1995,17186.0,0.0,1.3800270000000001,1.489036,DNK,ISL,5603
2097999,77,109,1295,1995,10798.0,0.0,1.768484,0.765537,FRA,ISL,5603
2098000,81,109,1295,1995,37826.0,0.0,1.8656979999999999,1.107121,GBR,ISL,5603
2098001,106,109,1295,1995,2817.0,0.0,1.349192,0.992099,IRL,ISL,5603
2098002,162,109,1295,1995,54024.0,0.0,1.304391,1.8819119999999998,NLD,ISL,5603
2098003,163,109,1295,1995,3791.0,0.0,1.019741,0.394241,NOR,ISL,5603
2098004,179,109,1295,1995,10197.0,0.0,0.412677,1.254009,PRT,ISL,5603
2098005,208,109,1295,1995,94171.0,0.0,2.246997,1.060171,SWE,ISL,5603
2098006,216,109,1295,1995,4657.0,0.0,0.174522,1.608058,THA,ISL,5603
2098007,231,109,1295,1995,20027.0,0.0,1.771648,1.184,USA,ISL,5603
2098008,18,112,1295,1995,14302.0,0.0,1.615588,1.394102,BEL,JAM,5603
2098009,81,112,1295,1995,26303.0,0.0,1.8656979999999999,1.107121,GBR,JAM,5603
2098010,97,112,1295,1995,12280.0,0.0,0.5244449999999999,2.682738,HKG,JAM,5603
2098011,111,112,1295,1995,31933.0,0.0,1.503379,1.449094,ITA,JAM,5603
2098012,121,112,1295,1995,255384.0,0.0,0.845175,1.2761799999999999,KOR,JAM,5603
2098013,231,112,1295,1995,246871.0,0.0,1.771648,1.184,USA,JAM,5603
2098014,43,115,1295,1995,6059.0,0.0,0.387897,3.2147919999999996,CHN,KAZ,5603
2098015,61,115,1295,1995,4301.0,3410.0,2.325385,-2.2238189999999998,DEU,KAZ,5603
2098016,72,115,1295,1995,34653.0,0.0,0.530041,1.134288,EST,KAZ,5603
2098017,117,115,1295,1995,3285.0,6862.0,0.361272,0.047797000000000006,KGZ,KAZ,5603
2098018,132,115,1295,1995,1338.0,0.0,0.25453400000000004,0.174809,LVA,KAZ,5603
2098019,224,115,1295,1995,9646.0,0.0,0.166794,1.209066,TUR,KAZ,5603
2098020,18,116,1295,1995,15785.0,0.0,1.615588,1.394102,BEL,KEN,5603
2098021,43,116,1295,1995,118277.0,0.0,0.387897,3.2147919999999996,CHN,KEN,5603
2098022,61,116,1295,1995,32486.0,0.0,2.325385,-2.2238189999999998,DEU,KEN,5603
2098023,77,116,1295,1995,72951.0,0.0,1.768484,0.765537,FRA,KEN,5603
2098024,81,116,1295,1995,46254.0,0.0,1.8656979999999999,1.107121,GBR,KEN,5603
2098025,97,116,1295,1995,132329.0,0.0,0.5244449999999999,2.682738,HKG,KEN,5603
2098026,162,116,1295,1995,40611.0,0.0,1.304391,1.8819119999999998,NLD,KEN,5603
2098027,227,116,1295,1995,0.0,33151.0,-1.053037,-1.001752,UGA,KEN,5603
2098028,231,116,1295,1995,14640.0,0.0,1.771648,1.184,USA,KEN,5603
2098029,18,122,1295,1995,42634.0,0.0,1.615588,1.394102,BEL,KWT,5603
2098030,41,122,1295,1995,29069.0,0.0,2.1893029999999998,0.82765,CHE,KWT,5603
2098031,43,122,1295,1995,78592.0,0.0,0.387897,3.2147919999999996,CHN,KWT,5603
2098032,61,122,1295,1995,220633.0,0.0,2.325385,-2.2238189999999998,DEU,KWT,5603
2098033,77,122,1295,1995,169300.0,0.0,1.768484,0.765537,FRA,KWT,5603
2098034,81,122,1295,1995,81284.0,0.0,1.8656979999999999,1.107121,GBR,KWT,5603
2098035,102,122,1295,1995,27000.0,0.0,0.878711,1.8200060000000002,HUN,KWT,5603
2098036,111,122,1295,1995,447180.0,0.0,1.503379,1.449094,ITA,KWT,5603
2098037,114,122,1295,1995,39840.0,0.0,2.56822,0.927307,JPN,KWT,5603
2098038,121,122,1295,1995,180878.0,0.0,0.845175,1.2761799999999999,KOR,KWT,5603
2098039,162,122,1295,1995,510792.0,0.0,1.304391,1.8819119999999998,NLD,KWT,5603
2098040,231,122,1295,1995,11670.0,0.0,1.771648,1.184,USA,KWT,5603
2098041,18,124,1295,1995,42890.0,0.0,1.615588,1.394102,BEL,LBN,5603
2098042,41,124,1295,1995,7905.0,0.0,2.1893029999999998,0.82765,CHE,LBN,5603
2098043,43,124,1295,1995,3571.0,0.0,0.387897,3.2147919999999996,CHN,LBN,5603
2098044,61,124,1295,1995,307460.0,0.0,2.325385,-2.2238189999999998,DEU,LBN,5603
2098045,71,124,1295,1995,41127.0,0.0,1.144247,1.933844,ESP,LBN,5603
2098046,77,124,1295,1995,296561.0,0.0,1.768484,0.765537,FRA,LBN,5603
2098047,81,124,1295,1995,15645.0,0.0,1.8656979999999999,1.107121,GBR,LBN,5603
2098048,90,124,1295,1995,18346.0,0.0,0.17369,0.885756,GRC,LBN,5603
2098049,97,124,1295,1995,8302.0,0.0,0.5244449999999999,2.682738,HKG,LBN,5603
2098050,103,124,1295,1995,24594.0,0.0,-0.391727,1.174727,IDN,LBN,5603
2098051,111,124,1295,1995,1172158.0,0.0,1.503379,1.449094,ITA,LBN,5603
2098052,113,124,1295,1995,29809.0,1871.0,0.666542,0.326785,JOR,LBN,5603
2098053,121,124,1295,1995,11987.0,0.0,0.845175,1.2761799999999999,KOR,LBN,5603
2098054,138,124,1295,1995,17387.0,0.0,0.6414300000000001,0.9697520000000001,MEX,LBN,5603
2098055,162,124,1295,1995,64618.0,0.0,1.304391,1.8819119999999998,NLD,LBN,5603
2098056,179,124,1295,1995,56200.0,0.0,0.412677,1.254009,PRT,LBN,5603
2098057,231,124,1295,1995,73865.0,0.0,1.771648,1.184,USA,LBN,5603
2098058,41,126,1295,1995,51361.0,0.0,2.1893029999999998,0.82765,CHE,LBY,5603
2098059,61,126,1295,1995,26649.0,0.0,2.325385,-2.2238189999999998,DEU,LBY,5603
2098060,77,126,1295,1995,104736.0,0.0,1.768484,0.765537,FRA,LBY,5603
2098061,81,126,1295,1995,2895.0,0.0,1.8656979999999999,1.107121,GBR,LBY,5603
2098062,111,126,1295,1995,185171.0,0.0,1.503379,1.449094,ITA,LBY,5603
2098063,121,126,1295,1995,293788.0,0.0,0.845175,1.2761799999999999,KOR,LBY,5603
2098064,134,126,1295,1995,12578.0,0.0,-0.6481210000000001,-0.22345,MAR,LBY,5603
2098065,223,126,1295,1995,9528.0,0.0,-0.253792,-0.044331,TUN,LBY,5603
2098066,14,128,1295,1995,119653.0,0.0,0.44442,0.789292,AUS,LKA,5603
2098067,18,128,1295,1995,334979.0,0.0,1.615588,1.394102,BEL,LKA,5603
2098068,43,128,1295,1995,117727.0,1615.0,0.387897,3.2147919999999996,CHN,LKA,5603
2098069,61,128,1295,1995,4954354.0,19151.0,2.325385,-2.2238189999999998,DEU,LKA,5603
2098070,77,128,1295,1995,50538.0,0.0,1.768484,0.765537,FRA,LKA,5603
2098071,81,128,1295,1995,471076.0,0.0,1.8656979999999999,1.107121,GBR,LKA,5603
2098072,97,128,1295,1995,6773996.0,138219.0,0.5244449999999999,2.682738,HKG,LKA,5603
2098073,103,128,1295,1995,366921.0,0.0,-0.391727,1.174727,IDN,LKA,5603
2098074,111,128,1295,1995,93419.0,9214.0,1.503379,1.449094,ITA,LKA,5603
2098075,114,128,1295,1995,588319.0,322144.0,2.56822,0.927307,JPN,LKA,5603
2098076,121,128,1295,1995,3589435.0,43008.0,0.845175,1.2761799999999999,KOR,LKA,5603
2098077,153,128,1295,1995,0.0,4598.0,0.357745,0.374284,MYS,LKA,5603
2098078,162,128,1295,1995,65197.0,0.0,1.304391,1.8819119999999998,NLD,LKA,5603
2098079,192,128,1295,1995,709892.0,0.0,0.747684,0.4745,SGP,LKA,5603
2098080,216,128,1295,1995,35445.0,1105.0,0.174522,1.608058,THA,LKA,5603
2098081,231,128,1295,1995,53552.0,0.0,1.771648,1.184,USA,LKA,5603
2098082,179,147,1295,1995,2453.0,0.0,0.412677,1.254009,PRT,MOZ,5603
2098083,246,147,1295,1995,21621.0,0.0,0.468112,1.039817,ZAF,MOZ,5603
2098084,18,159,1295,1995,4387.0,0.0,1.615588,1.394102,BEL,NGA,5603
2098085,43,159,1295,1995,14364.0,0.0,0.387897,3.2147919999999996,CHN,NGA,5603
2098086,47,159,1295,1995,0.0,4097.0,-0.648521,-1.0392190000000001,COG,NGA,5603
2098087,61,159,1295,1995,48000.0,0.0,2.325385,-2.2238189999999998,DEU,NGA,5603
2098088,81,159,1295,1995,93676.0,0.0,1.8656979999999999,1.107121,GBR,NGA,5603
2098089,97,159,1295,1995,48036.0,0.0,0.5244449999999999,2.682738,HKG,NGA,5603
2098090,103,159,1295,1995,534222.0,0.0,-0.391727,1.174727,IDN,NGA,5603
2098091,111,159,1295,1995,15272.0,0.0,1.503379,1.449094,ITA,NGA,5603
2098092,121,159,1295,1995,75596.0,0.0,0.845175,1.2761799999999999,KOR,NGA,5603
2098093,231,159,1295,1995,279779.0,0.0,1.771648,1.184,USA,NGA,5603
2098094,81,164,1295,1995,30147.0,0.0,1.8656979999999999,1.107121,GBR,NPL,5603
2098095,97,164,1295,1995,49377.0,0.0,0.5244449999999999,2.682738,HKG,NPL,5603
2098096,104,164,1295,1995,2887.0,0.0,0.156183,1.9617380000000002,IND,NPL,5603
2098097,114,164,1295,1995,2579.0,0.0,2.56822,0.927307,JPN,NPL,5603
2098098,121,164,1295,1995,6734.0,0.0,0.845175,1.2761799999999999,KOR,NPL,5603
2098099,162,164,1295,1995,4966.0,0.0,1.304391,1.8819119999999998,NLD,NPL,5603
2098100,8,180,1295,1995,27051.0,0.0,0.245885,0.5489850000000001,ARG,PRY,5603
2098101,32,180,1295,1995,533999.0,0.0,0.687171,1.188647,BRA,PRY,5603
2098102,42,180,1295,1995,24566.0,0.0,-0.073436,-0.192675,CHL,PRY,5603
2098103,43,180,1295,1995,0.0,1839.0,0.387897,3.2147919999999996,CHN,PRY,5603
2098104,121,180,1295,1995,82968.0,0.0,0.845175,1.2761799999999999,KOR,PRY,5603
2098105,230,180,1295,1995,2096.0,0.0,0.45133900000000005,0.50831,URY,PRY,5603
2098106,18,183,1295,1995,8826.0,0.0,1.615588,1.394102,BEL,QAT,5603
2098107,41,183,1295,1995,3812.0,0.0,2.1893029999999998,0.82765,CHE,QAT,5603
2098108,43,183,1295,1995,12511.0,0.0,0.387897,3.2147919999999996,CHN,QAT,5603
2098109,61,183,1295,1995,10000.0,0.0,2.325385,-2.2238189999999998,DEU,QAT,5603
2098110,77,183,1295,1995,4237.0,0.0,1.768484,0.765537,FRA,QAT,5603
2098111,81,183,1295,1995,130072.0,0.0,1.8656979999999999,1.107121,GBR,QAT,5603
2098112,97,183,1295,1995,96381.0,0.0,0.5244449999999999,2.682738,HKG,QAT,5603
2098113,188,183,1295,1995,3819.0,0.0,0.401573,-0.6676529999999999,SAU,QAT,5603
2098114,58,189,1295,1995,1558.0,0.0,0.263764,0.030358999999999997,CYP,SCG,5603
2098115,61,189,1295,1995,51213.0,0.0,2.325385,-2.2238189999999998,DEU,SCG,5603
2098116,66,189,1295,1995,0.0,30615.0,-0.555409,-1.037972,DZA,SCG,5603
2098117,103,189,1295,1995,0.0,18270.0,-0.391727,1.174727,IDN,SCG,5603
2098118,140,189,1295,1995,50038.0,0.0,0.34174,0.648467,MKD,SCG,5603
2098119,153,189,1295,1995,0.0,6632.0,0.357745,0.374284,MYS,SCG,5603
2098120,246,189,1295,1995,0.0,134736.0,0.468112,1.039817,ZAF,SCG,5603
2098121,44,191,1295,1995,48164.0,0.0,-0.781656,-0.74293,CIV,SEN,5603
2098122,61,191,1295,1995,74791.0,0.0,2.325385,-2.2238189999999998,DEU,SEN,5603
2098123,77,191,1295,1995,498237.0,0.0,1.768484,0.765537,FRA,SEN,5603
2098124,81,191,1295,1995,240051.0,0.0,1.8656979999999999,1.107121,GBR,SEN,5603
2098125,97,191,1295,1995,1297.0,0.0,0.5244449999999999,2.682738,HKG,SEN,5603
2098126,102,191,1295,1995,18000.0,0.0,0.878711,1.8200060000000002,HUN,SEN,5603
2098127,134,191,1295,1995,4279.0,21793.0,-0.6481210000000001,-0.22345,MAR,SEN,5603
2098128,162,191,1295,1995,6435.0,0.0,1.304391,1.8819119999999998,NLD,SEN,5603
2098129,18,212,1295,1995,31274.0,0.0,1.615588,1.394102,BEL,SYR,5603
2098130,58,212,1295,1995,359907.0,0.0,0.263764,0.030358999999999997,CYP,SYR,5603
2098131,61,212,1295,1995,98801.0,0.0,2.325385,-2.2238189999999998,DEU,SYR,5603
2098132,66,212,1295,1995,0.0,1177.0,-0.555409,-1.037972,DZA,SYR,5603
2098133,71,212,1295,1995,45424.0,1407.0,1.144247,1.933844,ESP,SYR,5603
2098134,77,212,1295,1995,25171.0,0.0,1.768484,0.765537,FRA,SYR,5603
2098135,111,212,1295,1995,395871.0,0.0,1.503379,1.449094,ITA,SYR,5603
2098136,113,212,1295,1995,160073.0,0.0,0.666542,0.326785,JOR,SYR,5603
2098137,114,212,1295,1995,82444.0,0.0,2.56822,0.927307,JPN,SYR,5603
2098138,121,212,1295,1995,3612.0,0.0,0.845175,1.2761799999999999,KOR,SYR,5603
2098139,162,212,1295,1995,107018.0,0.0,1.304391,1.8819119999999998,NLD,SYR,5603
2098140,224,212,1295,1995,107174.0,0.0,0.166794,1.209066,TUR,SYR,5603
2098141,231,212,1295,1995,67707.0,0.0,1.771648,1.184,USA,SYR,5603
2098142,135,219,1295,1995,0.0,46222.0,0.394058,0.124474,MDA,TKM,5603
2098143,224,219,1295,1995,3057.0,6826.0,0.166794,1.209066,TUR,TKM,5603
2098144,59,232,1295,1995,0.0,4582.0,1.375091,1.628069,CZE,UZB,5603
2098145,117,232,1295,1995,0.0,10202.0,0.361272,0.047797000000000006,KGZ,UZB,5603
2098146,162,232,1295,1995,1497.0,0.0,1.304391,1.8819119999999998,NLD,UZB,5603
2098147,224,232,1295,1995,22757.0,0.0,0.166794,1.209066,TUR,UZB,5603
2098148,61,243,1295,1995,34134.0,0.0,2.325385,-2.2238189999999998,DEU,YEM,5603
2098149,81,243,1295,1995,17754.0,0.0,1.8656979999999999,1.107121,GBR,YEM,5603
2098150,103,243,1295,1995,0.0,1909.0,-0.391727,1.174727,IDN,YEM,5603
2098151,111,243,1295,1995,89695.0,0.0,1.503379,1.449094,ITA,YEM,5603
2098152,113,243,1295,1995,42774.0,0.0,0.666542,0.326785,JOR,YEM,5603
2098153,162,243,1295,1995,8299.0,0.0,1.304391,1.8819119999999998,NLD,YEM,5603
2098154,231,243,1295,1995,79859.0,0.0,1.771648,1.184,USA,YEM,5603
2098155,43,16,1295,1995,1543.0,0.0,0.387897,3.2147919999999996,CHN,AZE,5603
2098156,61,16,1295,1995,0.0,12833.0,2.325385,-2.2238189999999998,DEU,AZE,5603
2098157,44,21,1295,1995,10155.0,0.0,-0.781656,-0.74293,CIV,BFA,5603
2098158,61,21,1295,1995,52918.0,0.0,2.325385,-2.2238189999999998,DEU,BFA,5603
2098159,77,21,1295,1995,82446.0,0.0,1.768484,0.765537,FRA,BFA,5603
2098160,15,26,1295,1995,0.0,4695.0,2.000295,0.661255,AUT,BIH,5603
2098161,61,26,1295,1995,96230.0,0.0,2.325385,-2.2238189999999998,DEU,BIH,5603
2098162,100,26,1295,1995,247119.0,0.0,0.75325,1.395715,HRV,BIH,5603
2098163,111,26,1295,1995,14007.0,0.0,1.503379,1.449094,ITA,BIH,5603
2098164,206,26,1295,1995,32049.0,0.0,1.2249780000000001,1.405585,SVK,BIH,5603
2098165,207,26,1295,1995,41401.0,0.0,1.424606,1.490521,SVN,BIH,5603
2098166,162,40,1295,1995,31748.0,0.0,1.304391,1.8819119999999998,NLD,CCK,5603
2098167,163,57,1295,1995,5109.0,0.0,1.019741,0.394241,NOR,CYM,5603
2098168,231,57,1295,1995,115335.0,0.0,1.771648,1.184,USA,CYM,5603
2098169,111,62,1295,1995,21305.0,0.0,1.503379,1.449094,ITA,DJI,5603
2098170,14,75,1295,1995,599238.0,0.0,0.44442,0.789292,AUS,FJI,5603
2098171,61,75,1295,1995,36879.0,0.0,2.325385,-2.2238189999999998,DEU,FJI,5603
2098172,81,75,1295,1995,6310.0,0.0,1.8656979999999999,1.107121,GBR,FJI,5603
2098173,97,75,1295,1995,35318.0,0.0,0.5244449999999999,2.682738,HKG,FJI,5603
2098174,121,75,1295,1995,46357.0,0.0,0.845175,1.2761799999999999,KOR,FJI,5603
2098175,166,75,1295,1995,117769.0,0.0,0.5558270000000001,0.773271,NZL,FJI,5603
2098176,192,75,1295,1995,31467.0,0.0,0.747684,0.4745,SGP,FJI,5603
2098177,61,82,1295,1995,46838.0,0.0,2.325385,-2.2238189999999998,DEU,GEO,5603
2098178,64,92,1295,1995,4647.0,0.0,1.3800270000000001,1.489036,DNK,GRL,5603
2098179,231,96,1295,1995,13724.0,0.0,1.771648,1.184,USA,GUY,5603
2098180,43,118,1295,1995,4660.0,0.0,0.387897,3.2147919999999996,CHN,KHM,5603
2098181,61,118,1295,1995,63326.0,0.0,2.325385,-2.2238189999999998,DEU,KHM,5603
2098182,97,118,1295,1995,20456.0,0.0,0.5244449999999999,2.682738,HKG,KHM,5603
2098183,192,118,1295,1995,31798.0,0.0,0.747684,0.4745,SGP,KHM,5603
2098184,216,118,1295,1995,10617.0,0.0,0.174522,1.608058,THA,KHM,5603
2098185,121,119,1295,1995,4033.0,0.0,0.845175,1.2761799999999999,KOR,KIR,5603
2098186,231,119,1295,1995,34958.0,0.0,1.771648,1.184,USA,KIR,5603
2098187,97,123,1295,1995,69628.0,0.0,0.5244449999999999,2.682738,HKG,LAO,5603
2098188,216,123,1295,1995,404383.0,0.0,0.174522,1.608058,THA,LAO,5603
2098189,61,141,1295,1995,2139.0,0.0,2.325385,-2.2238189999999998,DEU,MLI,5603
2098190,77,141,1295,1995,95525.0,0.0,1.768484,0.765537,FRA,MLI,5603
2098191,43,143,1295,1995,9229.0,0.0,0.387897,3.2147919999999996,CHN,MMR,5603
2098192,97,143,1295,1995,333738.0,0.0,0.5244449999999999,2.682738,HKG,MMR,5603
2098193,121,143,1295,1995,550389.0,0.0,0.845175,1.2761799999999999,KOR,MMR,5603
2098194,192,143,1295,1995,18140.0,0.0,0.747684,0.4745,SGP,MMR,5603
2098195,216,143,1295,1995,9062.0,0.0,0.174522,1.608058,THA,MMR,5603
2098196,114,146,1295,1995,925934.0,0.0,2.56822,0.927307,JPN,MNP,5603
2098197,77,148,1295,1995,58419.0,0.0,1.768484,0.765537,FRA,MRT,5603
2098198,162,148,1295,1995,6554.0,0.0,1.304391,1.8819119999999998,NLD,MRT,5603
2098199,14,156,1295,1995,2962.0,0.0,0.44442,0.789292,AUS,NCL,5603
2098200,77,156,1295,1995,76935.0,0.0,1.768484,0.765537,FRA,NCL,5603
2098201,111,156,1295,1995,8757.0,0.0,1.503379,1.449094,ITA,NCL,5603
2098202,166,156,1295,1995,3282.0,0.0,0.5558270000000001,0.773271,NZL,NCL,5603
2098203,192,156,1295,1995,1873.0,0.0,0.747684,0.4745,SGP,NCL,5603
2098204,15,157,1295,1995,0.0,7567.0,2.000295,0.661255,AUT,NER,5603
2098205,61,157,1295,1995,961.0,0.0,2.325385,-2.2238189999999998,DEU,NER,5603
2098206,103,157,1295,1995,13773.0,0.0,-0.391727,1.174727,IDN,NER,5603
2098207,81,165,1295,1995,8108.0,0.0,1.8656979999999999,1.107121,GBR,NRU,5603
2098208,114,175,1295,1995,5761.0,0.0,2.56822,0.927307,JPN,PLW,5603
2098209,14,176,1295,1995,41778.0,0.0,0.44442,0.789292,AUS,PNG,5603
2098210,43,176,1295,1995,3056.0,0.0,0.387897,3.2147919999999996,CHN,PNG,5603
2098211,97,176,1295,1995,2829.0,0.0,0.5244449999999999,2.682738,HKG,PNG,5603
2098212,162,176,1295,1995,22389.0,0.0,1.304391,1.8819119999999998,NLD,PNG,5603
2098213,231,176,1295,1995,30715.0,0.0,1.771648,1.184,USA,PNG,5603
2098214,18,178,1295,1995,1176.0,0.0,1.615588,1.394102,BEL,PRK,5603
2098215,43,178,1295,1995,146274.0,0.0,0.387897,3.2147919999999996,CHN,PRK,5603
2098216,49,178,1295,1995,0.0,5713.0,0.094335,0.13047999999999998,COL,PRK,5603
2098217,61,178,1295,1995,858093.0,0.0,2.325385,-2.2238189999999998,DEU,PRK,5603
2098218,97,178,1295,1995,142402.0,0.0,0.5244449999999999,2.682738,HKG,PRK,5603
2098219,103,178,1295,1995,0.0,27665.0,-0.391727,1.174727,IDN,PRK,5603
2098220,104,178,1295,1995,0.0,18879.0,0.156183,1.9617380000000002,IND,PRK,5603
2098221,114,178,1295,1995,2405408.0,0.0,2.56822,0.927307,JPN,PRK,5603
2098222,121,178,1295,1995,66552.0,0.0,0.845175,1.2761799999999999,KOR,PRK,5603
2098223,138,178,1295,1995,0.0,2470.0,0.6414300000000001,0.9697520000000001,MEX,PRK,5603
2098224,151,178,1295,1995,0.0,121014.0,-0.432644,-0.574298,MUS,PRK,5603
2098225,188,178,1295,1995,0.0,24549.0,0.401573,-0.6676529999999999,SAU,PRK,5603
2098226,77,182,1295,1995,49065.0,0.0,1.768484,0.765537,FRA,PYF,5603
2098227,111,182,1295,1995,33021.0,0.0,1.503379,1.449094,ITA,PYF,5603
2098228,231,182,1295,1995,30696.0,0.0,1.771648,1.184,USA,PYF,5603
2098229,111,187,1295,1995,39471.0,0.0,1.503379,1.449094,ITA,RWA,5603
2098230,97,196,1295,1995,3815.0,0.0,0.5244449999999999,2.682738,HKG,SLE,5603
2098231,66,217,1295,1995,0.0,1126.0,-0.555409,-1.037972,DZA,TJK,5603
2098232,166,221,1295,1995,0.0,2294.0,0.5558270000000001,0.773271,NZL,TON,5603
2098233,14,240,1295,1995,2923.0,0.0,0.44442,0.789292,AUS,VUT,5603
2098234,166,242,1295,1995,41256.0,0.0,0.5558270000000001,0.773271,NZL,WSM,5603
2098235,162,0,1295,1995,10308.0,0.0,1.304391,1.8819119999999998,NLD,ABW,5603
2098236,231,0,1295,1995,91341.0,0.0,1.771648,1.184,USA,ABW,5603
2098237,236,3,1295,1995,310.0,0.0,0.299294,-0.635474,VEN,AIA,5603
2098238,61,5,1295,1995,5247.0,0.0,2.325385,-2.2238189999999998,DEU,AND,5603
2098239,71,5,1295,1995,43221.0,0.0,1.144247,1.933844,ESP,AND,5603
2098240,77,5,1295,1995,8675.0,0.0,1.768484,0.765537,FRA,AND,5603
2098241,162,5,1295,1995,1768.0,0.0,1.304391,1.8819119999999998,NLD,AND,5603
2098242,188,9,1295,1995,0.0,28643.0,0.401573,-0.6676529999999999,SAU,ARM,5603
2098243,111,69,1295,1995,26127.0,0.0,1.503379,1.449094,ITA,ERI,5603
2098244,44,87,1295,1995,11746.0,0.0,-0.781656,-0.74293,CIV,GMB,5603
2098245,81,87,1295,1995,13173.0,0.0,1.8656979999999999,1.107121,GBR,GMB,5603
2098246,61,108,1295,1995,41468.0,0.0,2.325385,-2.2238189999999998,DEU,IRQ,5603
2098247,43,145,1295,1995,33494.0,0.0,0.387897,3.2147919999999996,CHN,MNG,5603
2098248,97,145,1295,1995,19348.0,0.0,0.5244449999999999,2.682738,HKG,MNG,5603
2098249,121,145,1295,1995,535915.0,0.0,0.845175,1.2761799999999999,KOR,MNG,5603
2098250,61,78,1295,1995,14455.0,0.0,2.325385,-2.2238189999999998,DEU,FRO,5603
2098251,64,78,1295,1995,33955.0,0.0,1.3800270000000001,1.489036,DNK,FRO,5603
2098252,77,200,1295,1995,3136.0,0.0,1.768484,0.765537,FRA,SPM,5603
2098253,162,213,1295,1995,31680.0,0.0,1.304391,1.8819119999999998,NLD,TCA,5603
2098254,231,237,1295,1995,4113.0,0.0,1.771648,1.184,USA,VGB,5603
2098255,81,76,1295,1995,33107.0,0.0,1.8656979999999999,1.107121,GBR,FLK,5603
2098256,8,15,1296,1995,0.0,3762.0,0.245885,0.5489850000000001,ARG,AUT,5604
2098257,18,15,1296,1995,13386.0,56606.0,1.615588,1.394102,BEL,AUT,5604
2098258,32,15,1296,1995,0.0,2883.0,0.687171,1.188647,BRA,AUT,5604
2098259,41,15,1296,1995,291165.0,104152.0,2.1893029999999998,0.82765,CHE,AUT,5604
2098260,43,15,1296,1995,25445.0,0.0,0.387897,3.2147919999999996,CHN,AUT,5604
2098261,58,15,1296,1995,0.0,3265.0,0.263764,0.030358999999999997,CYP,AUT,5604
2098262,59,15,1296,1995,156472.0,315283.0,1.375091,1.628069,CZE,AUT,5604
2098263,61,15,1296,1995,45279012.0,918346.0,2.325385,-2.2238189999999998,DEU,AUT,5604
2098264,64,15,1296,1995,0.0,38996.0,1.3800270000000001,1.489036,DNK,AUT,5604
2098265,71,15,1296,1995,23602.0,0.0,1.144247,1.933844,ESP,AUT,5604
2098266,72,15,1296,1995,0.0,2960.0,0.530041,1.134288,EST,AUT,5604
2098267,74,15,1296,1995,0.0,938.0,2.0085740000000003,1.126816,FIN,AUT,5604
2098268,77,15,1296,1995,12317.0,295326.0,1.768484,0.765537,FRA,AUT,5604
2098269,81,15,1296,1995,23453.0,336180.0,1.8656979999999999,1.107121,GBR,AUT,5604
2098270,90,15,1296,1995,0.0,27127.0,0.17369,0.885756,GRC,AUT,5604
2098271,100,15,1296,1995,0.0,13493.0,0.75325,1.395715,HRV,AUT,5604
2098272,102,15,1296,1995,0.0,153630.0,0.878711,1.8200060000000002,HUN,AUT,5604
2098273,106,15,1296,1995,40978.0,0.0,1.349192,0.992099,IRL,AUT,5604
2098274,111,15,1296,1995,134495.0,90686.0,1.503379,1.449094,ITA,AUT,5604
2098275,114,15,1296,1995,297981.0,0.0,2.56822,0.927307,JPN,AUT,5604
2098276,121,15,1296,1995,6091.0,0.0,0.845175,1.2761799999999999,KOR,AUT,5604
2098277,138,15,1296,1995,0.0,1423.0,0.6414300000000001,0.9697520000000001,MEX,AUT,5604
2098278,140,15,1296,1995,0.0,4989.0,0.34174,0.648467,MKD,AUT,5604
2098279,162,15,1296,1995,15899.0,1442950.0,1.304391,1.8819119999999998,NLD,AUT,5604
2098280,163,15,1296,1995,0.0,9631.0,1.019741,0.394241,NOR,AUT,5604
2098281,174,15,1296,1995,0.0,1658.0,-0.480548,0.076564,PHL,AUT,5604
2098282,177,15,1296,1995,14461.0,2370.0,0.76393,1.802648,POL,AUT,5604
2098283,185,15,1296,1995,1793.0,2436.0,0.621468,1.038729,ROU,AUT,5604
2098284,206,15,1296,1995,0.0,16428.0,1.2249780000000001,1.405585,SVK,AUT,5604
2098285,207,15,1296,1995,9514.0,22666.0,1.424606,1.490521,SVN,AUT,5604
2098286,208,15,1296,1995,33897.0,3945863.0,2.246997,1.060171,SWE,AUT,5604
2098287,223,15,1296,1995,0.0,2464.0,-0.253792,-0.044331,TUN,AUT,5604
2098288,231,15,1296,1995,4724.0,29309.0,1.771648,1.184,USA,AUT,5604
2098289,249,15,1296,1995,32471.0,0.0,1.345205,1.9337389999999999,TWN,AUT,5604
2098290,15,18,1296,1995,56606.0,13386.0,2.000295,0.661255,AUT,BEL,5604
2098291,32,18,1296,1995,0.0,11254.0,0.687171,1.188647,BRA,BEL,5604
2098292,41,18,1296,1995,3486.0,13530.0,2.1893029999999998,0.82765,CHE,BEL,5604
2098293,43,18,1296,1995,2505.0,1675.0,0.387897,3.2147919999999996,CHN,BEL,5604
2098294,47,18,1296,1995,0.0,24035.0,-0.648521,-1.0392190000000001,COG,BEL,5604
2098295,59,18,1296,1995,1511.0,4684.0,1.375091,1.628069,CZE,BEL,5604
2098296,61,18,1296,1995,57963260.0,0.0,2.325385,-2.2238189999999998,DEU,BEL,5604
2098297,71,18,1296,1995,19623.0,336818.0,1.144247,1.933844,ESP,BEL,5604
2098298,77,18,1296,1995,169129.0,128100.0,1.768484,0.765537,FRA,BEL,5604
2098299,81,18,1296,1995,29810.0,102702.0,1.8656979999999999,1.107121,GBR,BEL,5604
2098300,85,18,1296,1995,0.0,1129.0,-1.304768,-1.077826,GIN,BEL,5604
2098301,102,18,1296,1995,0.0,8660.0,0.878711,1.8200060000000002,HUN,BEL,5604
2098302,106,18,1296,1995,0.0,4303.0,1.349192,0.992099,IRL,BEL,5604
2098303,111,18,1296,1995,65149.0,0.0,1.503379,1.449094,ITA,BEL,5604
2098304,114,18,1296,1995,77857.0,0.0,2.56822,0.927307,JPN,BEL,5604
2098305,121,18,1296,1995,0.0,15652.0,0.845175,1.2761799999999999,KOR,BEL,5604
2098306,134,18,1296,1995,0.0,2363.0,-0.6481210000000001,-0.22345,MAR,BEL,5604
2098307,153,18,1296,1995,99948.0,0.0,0.357745,0.374284,MYS,BEL,5604
2098308,162,18,1296,1995,291776.0,257345.0,1.304391,1.8819119999999998,NLD,BEL,5604
2098309,163,18,1296,1995,0.0,6307.0,1.019741,0.394241,NOR,BEL,5604
2098310,177,18,1296,1995,0.0,202495.0,0.76393,1.802648,POL,BEL,5604
2098311,185,18,1296,1995,0.0,6230.0,0.621468,1.038729,ROU,BEL,5604
2098312,188,18,1296,1995,0.0,6108120.0,0.401573,-0.6676529999999999,SAU,BEL,5604
2098313,192,18,1296,1995,98762.0,0.0,0.747684,0.4745,SGP,BEL,5604
2098314,208,18,1296,1995,30272.0,2868.0,2.246997,1.060171,SWE,BEL,5604
2098315,216,18,1296,1995,142011.0,0.0,0.174522,1.608058,THA,BEL,5604
2098316,223,18,1296,1995,0.0,672987.0,-0.253792,-0.044331,TUN,BEL,5604
2098317,224,18,1296,1995,17386.0,0.0,0.166794,1.209066,TUR,BEL,5604
2098318,231,18,1296,1995,894094.0,0.0,1.771648,1.184,USA,BEL,5604
2098319,239,18,1296,1995,30669.0,0.0,-1.0462069999999999,-0.269063,VNM,BEL,5604
2098320,249,18,1296,1995,7540.0,0.0,1.345205,1.9337389999999999,TWN,BEL,5604
2098321,61,30,1296,1995,1602.0,0.0,2.325385,-2.2238189999999998,DEU,BMU,5604
2098322,8,32,1296,1995,42538.0,178702.0,0.245885,0.5489850000000001,ARG,BRA,5604
2098323,15,32,1296,1995,2883.0,0.0,2.000295,0.661255,AUT,BRA,5604
2098324,18,32,1296,1995,11254.0,0.0,1.615588,1.394102,BEL,BRA,5604
2098325,31,32,1296,1995,0.0,3696.0,-0.440583,-0.688389,BOL,BRA,5604
2098326,41,32,1296,1995,13386.0,0.0,2.1893029999999998,0.82765,CHE,BRA,5604
2098327,43,32,1296,1995,5063.0,0.0,0.387897,3.2147919999999996,CHN,BRA,5604
2098328,61,32,1296,1995,4024702.0,0.0,2.325385,-2.2238189999999998,DEU,BRA,5604
2098329,71,32,1296,1995,17464.0,0.0,1.144247,1.933844,ESP,BRA,5604
2098330,77,32,1296,1995,7385.0,0.0,1.768484,0.765537,FRA,BRA,5604
2098331,81,32,1296,1995,309357.0,0.0,1.8656979999999999,1.107121,GBR,BRA,5604
2098332,104,32,1296,1995,24525.0,0.0,0.156183,1.9617380000000002,IND,BRA,5604
2098333,111,32,1296,1995,102718.0,0.0,1.503379,1.449094,ITA,BRA,5604
2098334,121,32,1296,1995,194568.0,0.0,0.845175,1.2761799999999999,KOR,BRA,5604
2098335,153,32,1296,1995,56260.0,0.0,0.357745,0.374284,MYS,BRA,5604
2098336,179,32,1296,1995,164505.0,0.0,0.412677,1.254009,PRT,BRA,5604
2098337,180,32,1296,1995,0.0,47192.0,-0.283544,-0.640898,PRY,BRA,5604
2098338,222,32,1296,1995,0.0,56108.0,0.254658,-0.496058,TTO,BRA,5604
2098339,230,32,1296,1995,0.0,69831.0,0.45133900000000005,0.50831,URY,BRA,5604
2098340,231,32,1296,1995,236102.0,6894.0,1.771648,1.184,USA,BRA,5604
2098341,236,32,1296,1995,0.0,107020.0,0.299294,-0.635474,VEN,BRA,5604
2098342,246,32,1296,1995,34441.0,0.0,0.468112,1.039817,ZAF,BRA,5604
2098343,249,32,1296,1995,2082.0,0.0,1.345205,1.9337389999999999,TWN,BRA,5604
2098344,8,43,1296,1995,0.0,17375.0,0.245885,0.5489850000000001,ARG,CHN,5604
2098345,14,43,1296,1995,30028.0,59626.0,0.44442,0.789292,AUS,CHN,5604
2098346,15,43,1296,1995,0.0,25445.0,2.000295,0.661255,AUT,CHN,5604
2098347,18,43,1296,1995,1675.0,2505.0,1.615588,1.394102,BEL,CHN,5604
2098348,22,43,1296,1995,0.0,47813.0,-1.037175,-0.983195,BGD,CHN,5604
2098349,32,43,1296,1995,0.0,5063.0,0.687171,1.188647,BRA,CHN,5604
2098350,39,43,1296,1995,5820.0,72818.0,1.077804,1.0724200000000002,CAN,CHN,5604
2098351,52,43,1296,1995,0.0,19562.0,-0.30094699999999996,-0.046285,CRI,CHN,5604
2098352,61,43,1296,1995,503707.0,168795.0,2.325385,-2.2238189999999998,DEU,CHN,5604
2098353,64,43,1296,1995,0.0,1068.0,1.3800270000000001,1.489036,DNK,CHN,5604
2098354,67,43,1296,1995,0.0,5296.0,-0.948154,-0.9595790000000001,ECU,CHN,5604
2098355,71,43,1296,1995,0.0,37898.0,1.144247,1.933844,ESP,CHN,5604
2098356,73,43,1296,1995,0.0,26086.0,-1.3387120000000001,-1.123621,ETH,CHN,5604
2098357,74,43,1296,1995,2052.0,22465.0,2.0085740000000003,1.126816,FIN,CHN,5604
2098358,77,43,1296,1995,75430.0,287078.0,1.768484,0.765537,FRA,CHN,5604
2098359,81,43,1296,1995,5474.0,125424.0,1.8656979999999999,1.107121,GBR,CHN,5604
2098360,90,43,1296,1995,0.0,34118.0,0.17369,0.885756,GRC,CHN,5604
2098361,93,43,1296,1995,0.0,13312.0,-0.241468,0.170932,GTM,CHN,5604
2098362,97,43,1296,1995,4190974.0,10365402.0,0.5244449999999999,2.682738,HKG,CHN,5604
2098363,103,43,1296,1995,10263.0,96190.0,-0.391727,1.174727,IDN,CHN,5604
2098364,104,43,1296,1995,2844.0,211168.0,0.156183,1.9617380000000002,IND,CHN,5604
2098365,111,43,1296,1995,30046.0,256371.0,1.503379,1.449094,ITA,CHN,5604
2098366,113,43,1296,1995,0.0,56177.0,0.666542,0.326785,JOR,CHN,5604
2098367,114,43,1296,1995,2754958.0,316802.0,2.56822,0.927307,JPN,CHN,5604
2098368,115,43,1296,1995,0.0,11429.0,0.280262,-0.285508,KAZ,CHN,5604
2098369,121,43,1296,1995,1816853.0,557154.0,0.845175,1.2761799999999999,KOR,CHN,5604
2098370,127,43,1296,1995,0.0,2499.0,0.194177,-0.359444,LCA,CHN,5604
2098371,133,43,1296,1995,80312.0,48149.0,-0.149794,-0.26961799999999997,MAC,CHN,5604
2098372,138,43,1296,1995,0.0,8736.0,0.6414300000000001,0.9697520000000001,MEX,CHN,5604
2098373,145,43,1296,1995,0.0,5457.0,-0.653135,-1.023557,MNG,CHN,5604
2098374,151,43,1296,1995,0.0,12327.0,-0.432644,-0.574298,MUS,CHN,5604
2098375,152,43,1296,1995,0.0,2029.0,-1.1277709999999999,-1.0603049999999998,MWI,CHN,5604
2098376,153,43,1296,1995,212177.0,79960.0,0.357745,0.374284,MYS,CHN,5604
2098377,162,43,1296,1995,0.0,164905.0,1.304391,1.8819119999999998,NLD,CHN,5604
2098378,163,43,1296,1995,0.0,34057.0,1.019741,0.394241,NOR,CHN,5604
2098379,166,43,1296,1995,0.0,7423.0,0.5558270000000001,0.773271,NZL,CHN,5604
2098380,168,43,1296,1995,5229.0,87501.0,-0.707965,-0.324784,PAK,CHN,5604
2098381,169,43,1296,1995,0.0,1646.0,-0.019815,0.050906,PAN,CHN,5604
2098382,174,43,1296,1995,0.0,20943.0,-0.480548,0.076564,PHL,CHN,5604
2098383,177,43,1296,1995,0.0,32602.0,0.76393,1.802648,POL,CHN,5604
2098384,178,43,1296,1995,0.0,5954.0,0.46509799999999996,0.645496,PRK,CHN,5604
2098385,179,43,1296,1995,0.0,14585.0,0.412677,1.254009,PRT,CHN,5604
2098386,185,43,1296,1995,0.0,1688.0,0.621468,1.038729,ROU,CHN,5604
2098387,188,43,1296,1995,0.0,108804.0,0.401573,-0.6676529999999999,SAU,CHN,5604
2098388,191,43,1296,1995,0.0,14432.0,-0.94962,-0.970988,SEN,CHN,5604
2098389,192,43,1296,1995,71713.0,47117.0,0.747684,0.4745,SGP,CHN,5604
2098390,208,43,1296,1995,0.0,5867.0,2.246997,1.060171,SWE,CHN,5604
2098391,216,43,1296,1995,255435.0,73345.0,0.174522,1.608058,THA,CHN,5604
2098392,222,43,1296,1995,0.0,3052.0,0.254658,-0.496058,TTO,CHN,5604
2098393,227,43,1296,1995,0.0,18991.0,-1.053037,-1.001752,UGA,CHN,5604
2098394,231,43,1296,1995,55755.0,547684.0,1.771648,1.184,USA,CHN,5604
2098395,243,43,1296,1995,0.0,13756.0,-1.302346,-1.135961,YEM,CHN,5604
2098396,246,43,1296,1995,0.0,2856067.0,0.468112,1.039817,ZAF,CHN,5604
2098397,249,43,1296,1995,4612325.0,769232.0,1.345205,1.9337389999999999,TWN,CHN,5604
2098398,250,43,1296,1995,495899.0,1298.0,1.034518,0.9735149999999999,ANS,CHN,5604
2098399,41,49,1296,1995,6042.0,0.0,2.1893029999999998,0.82765,CHE,COL,5604
2098400,42,49,1296,1995,0.0,80697.0,-0.073436,-0.192675,CHL,COL,5604
2098401,52,49,1296,1995,0.0,68995.0,-0.30094699999999996,-0.046285,CRI,COL,5604
2098402,61,49,1296,1995,519285.0,0.0,2.325385,-2.2238189999999998,DEU,COL,5604
2098403,67,49,1296,1995,9279.0,17001.0,-0.948154,-0.9595790000000001,ECU,COL,5604
2098404,81,49,1296,1995,83498.0,0.0,1.8656979999999999,1.107121,GBR,COL,5604
2098405,111,49,1296,1995,2787.0,0.0,1.503379,1.449094,ITA,COL,5604
2098406,114,49,1296,1995,23479.0,0.0,2.56822,0.927307,JPN,COL,5604
2098407,121,49,1296,1995,161055.0,0.0,0.845175,1.2761799999999999,KOR,COL,5604
2098408,162,49,1296,1995,5325.0,0.0,1.304391,1.8819119999999998,NLD,COL,5604
2098409,169,49,1296,1995,8830.0,90942.0,-0.019815,0.050906,PAN,COL,5604
2098410,173,49,1296,1995,6603.0,1916.0,-0.263859,-0.21032800000000001,PER,COL,5604
2098411,231,49,1296,1995,600044.0,0.0,1.771648,1.184,USA,COL,5604
2098412,236,49,1296,1995,26619.0,129210.0,0.299294,-0.635474,VEN,COL,5604
2098413,249,49,1296,1995,10682.0,0.0,1.345205,1.9337389999999999,TWN,COL,5604
2098414,250,49,1296,1995,0.0,98303.0,1.034518,0.9735149999999999,ANS,COL,5604
2098415,43,52,1296,1995,19562.0,0.0,0.387897,3.2147919999999996,CHN,CRI,5604
2098416,49,52,1296,1995,68995.0,0.0,0.094335,0.13047999999999998,COL,CRI,5604
2098417,61,52,1296,1995,1626.0,0.0,2.325385,-2.2238189999999998,DEU,CRI,5604
2098418,71,52,1296,1995,10972.0,0.0,1.144247,1.933844,ESP,CRI,5604
2098419,93,52,1296,1995,10304.0,0.0,-0.241468,0.170932,GTM,CRI,5604
2098420,99,52,1296,1995,93576.0,0.0,-0.765536,-0.668834,HND,CRI,5604
2098421,111,52,1296,1995,9361.0,0.0,1.503379,1.449094,ITA,CRI,5604
2098422,121,52,1296,1995,97606.0,0.0,0.845175,1.2761799999999999,KOR,CRI,5604
2098423,138,52,1296,1995,44639.0,0.0,0.6414300000000001,0.9697520000000001,MEX,CRI,5604
2098424,160,52,1296,1995,0.0,4327.0,-0.395096,-0.559934,NIC,CRI,5604
2098425,169,52,1296,1995,0.0,5295.0,-0.019815,0.050906,PAN,CRI,5604
2098426,197,52,1296,1995,14241.0,0.0,-0.17119600000000001,0.027889999999999998,SLV,CRI,5604
2098427,231,52,1296,1995,762411.0,0.0,1.771648,1.184,USA,CRI,5604
2098428,249,52,1296,1995,3413.0,0.0,1.345205,1.9337389999999999,TWN,CRI,5604
2098429,5,61,1296,1995,0.0,17210.0,1.126269,0.577384,AND,DEU,5604
2098430,6,61,1296,1995,0.0,3039.0,-0.020759,-0.653863,ANT,DEU,5604
2098431,7,61,1296,1995,0.0,712600.0,-0.205166,-0.6132380000000001,ARE,DEU,5604
2098432,8,61,1296,1995,0.0,298586.0,0.245885,0.5489850000000001,ARG,DEU,5604
2098433,14,61,1296,1995,0.0,2258006.0,0.44442,0.789292,AUS,DEU,5604
2098434,15,61,1296,1995,918346.0,45279012.0,2.000295,0.661255,AUT,DEU,5604
2098435,18,61,1296,1995,0.0,57963260.0,1.615588,1.394102,BEL,DEU,5604
2098436,22,61,1296,1995,0.0,123582.0,-1.037175,-0.983195,BGD,DEU,5604
2098437,23,61,1296,1995,0.0,204770.0,0.436138,1.086561,BGR,DEU,5604
2098438,28,61,1296,1995,0.0,2214.0,0.5290279999999999,0.27031700000000003,BLR,DEU,5604
2098439,30,61,1296,1995,0.0,1602.0,0.897532,-0.394633,BMU,DEU,5604
2098440,31,61,1296,1995,0.0,19692.0,-0.440583,-0.688389,BOL,DEU,5604
2098441,32,61,1296,1995,0.0,4024702.0,0.687171,1.188647,BRA,DEU,5604
2098442,39,61,1296,1995,8760.0,4738550.0,1.077804,1.0724200000000002,CAN,DEU,5604
2098443,41,61,1296,1995,140287.0,21439645.0,2.1893029999999998,0.82765,CHE,DEU,5604
2098444,42,61,1296,1995,0.0,303880.0,-0.073436,-0.192675,CHL,DEU,5604
2098445,43,61,1296,1995,168795.0,503707.0,0.387897,3.2147919999999996,CHN,DEU,5604
2098446,49,61,1296,1995,0.0,519285.0,0.094335,0.13047999999999998,COL,DEU,5604
2098447,52,61,1296,1995,0.0,1626.0,-0.30094699999999996,-0.046285,CRI,DEU,5604
2098448,58,61,1296,1995,0.0,284583.0,0.263764,0.030358999999999997,CYP,DEU,5604
2098449,59,61,1296,1995,85859.0,2383900.0,1.375091,1.628069,CZE,DEU,5604
2098450,63,61,1296,1995,0.0,1727.0,0.803902,0.307064,DMA,DEU,5604
2098451,64,61,1296,1995,70918.0,6124754.0,1.3800270000000001,1.489036,DNK,DEU,5604
2098452,66,61,1296,1995,0.0,473899.0,-0.555409,-1.037972,DZA,DEU,5604
2098453,68,61,1296,1995,0.0,921507.0,-0.340042,-0.085601,EGY,DEU,5604
2098454,71,61,1296,1995,0.0,20408993.0,1.144247,1.933844,ESP,DEU,5604
2098455,72,61,1296,1995,0.0,45020.0,0.530041,1.134288,EST,DEU,5604
2098456,74,61,1296,1995,0.0,12769316.0,2.0085740000000003,1.126816,FIN,DEU,5604
2098457,75,61,1296,1995,0.0,2049.0,-0.998257,-0.9565629999999999,FJI,DEU,5604
2098458,77,61,1296,1995,565451.0,150696450.0,1.768484,0.765537,FRA,DEU,5604
2098459,81,61,1296,1995,683848.0,79592740.0,1.8656979999999999,1.107121,GBR,DEU,5604
2098460,86,61,1296,1995,0.0,1516.0,0.563491,-0.18852,GLP,DEU,5604
2098461,90,61,1296,1995,0.0,5161077.0,0.17369,0.885756,GRC,DEU,5604
2098462,93,61,1296,1995,0.0,584935.0,-0.241468,0.170932,GTM,DEU,5604
2098463,94,61,1296,1995,0.0,1966.0,1.1777959999999998,-0.052863,GUF,DEU,5604
2098464,97,61,1296,1995,0.0,743396.0,0.5244449999999999,2.682738,HKG,DEU,5604
2098465,100,61,1296,1995,9694.0,437932.0,0.75325,1.395715,HRV,DEU,5604
2098466,102,61,1296,1995,1995.0,3251338.0,0.878711,1.8200060000000002,HUN,DEU,5604
2098467,103,61,1296,1995,0.0,6777595.0,-0.391727,1.174727,IDN,DEU,5604
2098468,104,61,1296,1995,0.0,733118.0,0.156183,1.9617380000000002,IND,DEU,5604
2098469,106,61,1296,1995,0.0,558029.0,1.349192,0.992099,IRL,DEU,5604
2098470,107,61,1296,1995,0.0,34064.0,-0.821991,-1.071013,IRN,DEU,5604
2098471,109,61,1296,1995,0.0,515132.0,0.161331,-0.45210100000000003,ISL,DEU,5604
2098472,110,61,1296,1995,3468.0,1368962.0,1.205368,1.189434,ISR,DEU,5604
2098473,111,61,1296,1995,2847761.0,179502308.0,1.503379,1.449094,ITA,DEU,5604
2098474,113,61,1296,1995,0.0,60767.0,0.666542,0.326785,JOR,DEU,5604
2098475,114,61,1296,1995,314061.0,6224285.0,2.56822,0.927307,JPN,DEU,5604
2098476,116,61,1296,1995,0.0,1048.0,-0.303773,0.111305,KEN,DEU,5604
2098477,121,61,1296,1995,2116.0,586868.0,0.845175,1.2761799999999999,KOR,DEU,5604
2098478,122,61,1296,1995,0.0,6274.0,-0.226273,-1.02354,KWT,DEU,5604
2098479,124,61,1296,1995,0.0,225105.0,0.027416000000000003,0.327795,LBN,DEU,5604
2098480,128,61,1296,1995,3482.0,54659.0,-0.8358030000000001,-0.29397199999999996,LKA,DEU,5604
2098481,130,61,1296,1995,0.0,40874.0,0.41220500000000004,0.966966,LTU,DEU,5604
2098482,132,61,1296,1995,0.0,559666.0,0.25453400000000004,0.174809,LVA,DEU,5604
2098483,133,61,1296,1995,0.0,5414.0,-0.149794,-0.26961799999999997,MAC,DEU,5604
2098484,134,61,1296,1995,0.0,2576790.0,-0.6481210000000001,-0.22345,MAR,DEU,5604
2098485,135,61,1296,1995,0.0,6643.0,0.394058,0.124474,MDA,DEU,5604
2098486,138,61,1296,1995,0.0,2012.0,0.6414300000000001,0.9697520000000001,MEX,DEU,5604
2098487,140,61,1296,1995,7317.0,1582963.0,0.34174,0.648467,MKD,DEU,5604
2098488,142,61,1296,1995,0.0,27523.0,0.842519,0.11882899999999999,MLT,DEU,5604
2098489,150,61,1296,1995,0.0,2624.0,0.68423,-0.22968200000000003,MTQ,DEU,5604
2098490,151,61,1296,1995,0.0,1585.0,-0.432644,-0.574298,MUS,DEU,5604
2098491,153,61,1296,1995,54272.0,205023.0,0.357745,0.374284,MYS,DEU,5604
2098492,156,61,1296,1995,0.0,1024.0,-1.326035,-0.826058,NCL,DEU,5604
2098493,160,61,1296,1995,0.0,3069.0,-0.395096,-0.559934,NIC,DEU,5604
2098494,162,61,1296,1995,366111.0,38285531.0,1.304391,1.8819119999999998,NLD,DEU,5604
2098495,163,61,1296,1995,0.0,2640256.0,1.019741,0.394241,NOR,DEU,5604
2098496,166,61,1296,1995,0.0,121745.0,0.5558270000000001,0.773271,NZL,DEU,5604
2098497,168,61,1296,1995,0.0,3137889.0,-0.707965,-0.324784,PAK,DEU,5604
2098498,169,61,1296,1995,0.0,885.0,-0.019815,0.050906,PAN,DEU,5604
2098499,173,61,1296,1995,0.0,586648.0,-0.263859,-0.21032800000000001,PER,DEU,5604
2098500,174,61,1296,1995,0.0,67072.0,-0.480548,0.076564,PHL,DEU,5604
2098501,177,61,1296,1995,136292.0,7390602.0,0.76393,1.802648,POL,DEU,5604
2098502,178,61,1296,1995,0.0,6064.0,0.46509799999999996,0.645496,PRK,DEU,5604
2098503,179,61,1296,1995,6694.0,26922133.0,0.412677,1.254009,PRT,DEU,5604
2098504,182,61,1296,1995,0.0,15537.0,-0.33641,-0.696238,PYF,DEU,5604
2098505,184,61,1296,1995,0.0,8800.0,0.728825,-0.178569,REU,DEU,5604
2098506,185,61,1296,1995,0.0,148046.0,0.621468,1.038729,ROU,DEU,5604
2098507,186,61,1296,1995,0.0,47702.0,0.364437,0.171494,RUS,DEU,5604
2098508,188,61,1296,1995,2016.0,4481.0,0.401573,-0.6676529999999999,SAU,DEU,5604
2098509,189,61,1296,1995,0.0,20703.0,1.032118,1.180409,SCG,DEU,5604
2098510,191,61,1296,1995,0.0,33810.0,-0.94962,-0.970988,SEN,DEU,5604
2098511,192,61,1296,1995,0.0,33254.0,0.747684,0.4745,SGP,DEU,5604
2098512,206,61,1296,1995,29767.0,325821.0,1.2249780000000001,1.405585,SVK,DEU,5604
2098513,207,61,1296,1995,0.0,5304507.0,1.424606,1.490521,SVN,DEU,5604
2098514,208,61,1296,1995,931523.0,17892805.0,2.246997,1.060171,SWE,DEU,5604
2098515,212,61,1296,1995,0.0,1988775.0,-0.8829469999999999,-0.809407,SYR,DEU,5604
2098516,216,61,1296,1995,0.0,1362207.0,0.174522,1.608058,THA,DEU,5604
2098517,222,61,1296,1995,0.0,2783.0,0.254658,-0.496058,TTO,DEU,5604
2098518,223,61,1296,1995,0.0,766648.0,-0.253792,-0.044331,TUN,DEU,5604
2098519,224,61,1296,1995,71674.0,32564160.0,0.166794,1.209066,TUR,DEU,5604
2098520,228,61,1296,1995,0.0,137943.0,0.428875,0.20489899999999997,UKR,DEU,5604
2098521,231,61,1296,1995,364209.0,73342621.0,1.771648,1.184,USA,DEU,5604
2098522,236,61,1296,1995,0.0,16596.0,0.299294,-0.635474,VEN,DEU,5604
2098523,239,61,1296,1995,0.0,12483.0,-1.0462069999999999,-0.269063,VNM,DEU,5604
2098524,243,61,1296,1995,0.0,1034.0,-1.302346,-1.135961,YEM,DEU,5604
2098525,246,61,1296,1995,0.0,8833089.0,0.468112,1.039817,ZAF,DEU,5604
2098526,247,61,1296,1995,0.0,10543.0,-0.214763,-0.721675,ZMB,DEU,5604
2098527,248,61,1296,1995,0.0,49683.0,-0.054752999999999996,0.326737,ZWE,DEU,5604
2098528,249,61,1296,1995,35279.0,2165968.0,1.345205,1.9337389999999999,TWN,DEU,5604
2098529,250,61,1296,1995,1471.0,53567.0,1.034518,0.9735149999999999,ANS,DEU,5604
2098530,15,64,1296,1995,38996.0,0.0,2.000295,0.661255,AUT,DNK,5604
2098531,41,64,1296,1995,16037.0,4926.0,2.1893029999999998,0.82765,CHE,DNK,5604
2098532,43,64,1296,1995,1068.0,0.0,0.387897,3.2147919999999996,CHN,DNK,5604
2098533,59,64,1296,1995,6778.0,0.0,1.375091,1.628069,CZE,DNK,5604
2098534,61,64,1296,1995,6124754.0,70918.0,2.325385,-2.2238189999999998,DEU,DNK,5604
2098535,71,64,1296,1995,146781.0,9175.0,1.144247,1.933844,ESP,DNK,5604
2098536,72,64,1296,1995,4541.0,0.0,0.530041,1.134288,EST,DNK,5604
2098537,74,64,1296,1995,0.0,4607.0,2.0085740000000003,1.126816,FIN,DNK,5604
2098538,77,64,1296,1995,172229.0,32308.0,1.768484,0.765537,FRA,DNK,5604
2098539,81,64,1296,1995,43767.0,51099.0,1.8656979999999999,1.107121,GBR,DNK,5604
2098540,92,64,1296,1995,0.0,6984.0,-0.723404,-0.794883,GRL,DNK,5604
2098541,97,64,1296,1995,0.0,48588.0,0.5244449999999999,2.682738,HKG,DNK,5604
2098542,100,64,1296,1995,0.0,1137.0,0.75325,1.395715,HRV,DNK,5604
2098543,103,64,1296,1995,0.0,3883.0,-0.391727,1.174727,IDN,DNK,5604
2098544,106,64,1296,1995,54630.0,35616.0,1.349192,0.992099,IRL,DNK,5604
2098545,109,64,1296,1995,0.0,45102.0,0.161331,-0.45210100000000003,ISL,DNK,5604
2098546,111,64,1296,1995,66701.0,0.0,1.503379,1.449094,ITA,DNK,5604
2098547,114,64,1296,1995,22229.0,0.0,2.56822,0.927307,JPN,DNK,5604
2098548,116,64,1296,1995,0.0,4199.0,-0.303773,0.111305,KEN,DNK,5604
2098549,130,64,1296,1995,0.0,39686.0,0.41220500000000004,0.966966,LTU,DNK,5604
2098550,153,64,1296,1995,0.0,1464.0,0.357745,0.374284,MYS,DNK,5604
2098551,162,64,1296,1995,22763.0,16565.0,1.304391,1.8819119999999998,NLD,DNK,5604
2098552,163,64,1296,1995,30636.0,54382.0,1.019741,0.394241,NOR,DNK,5604
2098553,177,64,1296,1995,0.0,88300.0,0.76393,1.802648,POL,DNK,5604
2098554,186,64,1296,1995,0.0,12223.0,0.364437,0.171494,RUS,DNK,5604
2098555,188,64,1296,1995,0.0,1091.0,0.401573,-0.6676529999999999,SAU,DNK,5604
2098556,207,64,1296,1995,4585.0,0.0,1.424606,1.490521,SVN,DNK,5604
2098557,208,64,1296,1995,84409.0,271897.0,2.246997,1.060171,SWE,DNK,5604
2098558,224,64,1296,1995,275483.0,0.0,0.166794,1.209066,TUR,DNK,5604
2098559,231,64,1296,1995,36629.0,0.0,1.771648,1.184,USA,DNK,5604
2098560,249,64,1296,1995,6361.0,0.0,1.345205,1.9337389999999999,TWN,DNK,5604
2098561,8,71,1296,1995,0.0,2778.0,0.245885,0.5489850000000001,ARG,ESP,5604
2098562,15,71,1296,1995,0.0,23602.0,2.000295,0.661255,AUT,ESP,5604
2098563,18,71,1296,1995,336818.0,19623.0,1.615588,1.394102,BEL,ESP,5604
2098564,32,71,1296,1995,0.0,17464.0,0.687171,1.188647,BRA,ESP,5604
2098565,41,71,1296,1995,0.0,573679.0,2.1893029999999998,0.82765,CHE,ESP,5604
2098566,42,71,1296,1995,0.0,4228.0,-0.073436,-0.192675,CHL,ESP,5604
2098567,43,71,1296,1995,37898.0,0.0,0.387897,3.2147919999999996,CHN,ESP,5604
2098568,52,71,1296,1995,0.0,10972.0,-0.30094699999999996,-0.046285,CRI,ESP,5604
2098569,58,71,1296,1995,0.0,5813.0,0.263764,0.030358999999999997,CYP,ESP,5604
2098570,59,71,1296,1995,0.0,18574.0,1.375091,1.628069,CZE,ESP,5604
2098571,61,71,1296,1995,20408993.0,0.0,2.325385,-2.2238189999999998,DEU,ESP,5604
2098572,64,71,1296,1995,9175.0,146781.0,1.3800270000000001,1.489036,DNK,ESP,5604
2098573,66,71,1296,1995,0.0,4466.0,-0.555409,-1.037972,DZA,ESP,5604
2098574,74,71,1296,1995,5442.0,2277.0,2.0085740000000003,1.126816,FIN,ESP,5604
2098575,77,71,1296,1995,866844.0,663742.0,1.768484,0.765537,FRA,ESP,5604
2098576,81,71,1296,1995,17354.0,26702.0,1.8656979999999999,1.107121,GBR,ESP,5604
2098577,84,71,1296,1995,0.0,22509.0,0.784189,-0.224741,GIB,ESP,5604
2098578,90,71,1296,1995,0.0,40789.0,0.17369,0.885756,GRC,ESP,5604
2098579,99,71,1296,1995,0.0,10033.0,-0.765536,-0.668834,HND,ESP,5604
2098580,103,71,1296,1995,0.0,2158.0,-0.391727,1.174727,IDN,ESP,5604
2098581,104,71,1296,1995,26299.0,0.0,0.156183,1.9617380000000002,IND,ESP,5604
2098582,110,71,1296,1995,0.0,5789.0,1.205368,1.189434,ISR,ESP,5604
2098583,111,71,1296,1995,882101.0,97324.0,1.503379,1.449094,ITA,ESP,5604
2098584,114,71,1296,1995,6547.0,0.0,2.56822,0.927307,JPN,ESP,5604
2098585,134,71,1296,1995,0.0,52176.0,-0.6481210000000001,-0.22345,MAR,ESP,5604
2098586,138,71,1296,1995,0.0,20988.0,0.6414300000000001,0.9697520000000001,MEX,ESP,5604
2098587,142,71,1296,1995,0.0,8709.0,0.842519,0.11882899999999999,MLT,ESP,5604
2098588,153,71,1296,1995,39244.0,26935.0,0.357745,0.374284,MYS,ESP,5604
2098589,162,71,1296,1995,19683.0,27627.0,1.304391,1.8819119999999998,NLD,ESP,5604
2098590,163,71,1296,1995,0.0,2242.0,1.019741,0.394241,NOR,ESP,5604
2098591,174,71,1296,1995,99398.0,0.0,-0.480548,0.076564,PHL,ESP,5604
2098592,179,71,1296,1995,47462.0,162528.0,0.412677,1.254009,PRT,ESP,5604
2098593,180,71,1296,1995,0.0,10934.0,-0.283544,-0.640898,PRY,ESP,5604
2098594,188,71,1296,1995,0.0,565433.0,0.401573,-0.6676529999999999,SAU,ESP,5604
2098595,206,71,1296,1995,0.0,5913.0,1.2249780000000001,1.405585,SVK,ESP,5604
2098596,208,71,1296,1995,3912.0,1208.0,2.246997,1.060171,SWE,ESP,5604
2098597,223,71,1296,1995,0.0,10522.0,-0.253792,-0.044331,TUN,ESP,5604
2098598,230,71,1296,1995,0.0,946.0,0.45133900000000005,0.50831,URY,ESP,5604
2098599,231,71,1296,1995,27172.0,20900.0,1.771648,1.184,USA,ESP,5604
2098600,236,71,1296,1995,0.0,10153.0,0.299294,-0.635474,VEN,ESP,5604
2098601,249,71,1296,1995,16287.0,0.0,1.345205,1.9337389999999999,TWN,ESP,5604
2098602,15,74,1296,1995,938.0,0.0,2.000295,0.661255,AUT,FIN,5604
2098603,41,74,1296,1995,42437.0,0.0,2.1893029999999998,0.82765,CHE,FIN,5604
2098604,43,74,1296,1995,22465.0,2052.0,0.387897,3.2147919999999996,CHN,FIN,5604
2098605,61,74,1296,1995,12769316.0,0.0,2.325385,-2.2238189999999998,DEU,FIN,5604
2098606,64,74,1296,1995,4607.0,0.0,1.3800270000000001,1.489036,DNK,FIN,5604
2098607,71,74,1296,1995,2277.0,5442.0,1.144247,1.933844,ESP,FIN,5604
2098608,72,74,1296,1995,27828.0,71981.0,0.530041,1.134288,EST,FIN,5604
2098609,77,74,1296,1995,8141.0,13489.0,1.768484,0.765537,FRA,FIN,5604
2098610,81,74,1296,1995,59138.0,0.0,1.8656979999999999,1.107121,GBR,FIN,5604
2098611,90,74,1296,1995,0.0,13045.0,0.17369,0.885756,GRC,FIN,5604
2098612,97,74,1296,1995,9347.0,0.0,0.5244449999999999,2.682738,HKG,FIN,5604
2098613,99,74,1296,1995,0.0,7214.0,-0.765536,-0.668834,HND,FIN,5604
2098614,102,74,1296,1995,0.0,1749.0,0.878711,1.8200060000000002,HUN,FIN,5604
2098615,106,74,1296,1995,2492.0,3461.0,1.349192,0.992099,IRL,FIN,5604
2098616,111,74,1296,1995,41726.0,93219.0,1.503379,1.449094,ITA,FIN,5604
2098617,114,74,1296,1995,13918.0,0.0,2.56822,0.927307,JPN,FIN,5604
2098618,130,74,1296,1995,0.0,8421.0,0.41220500000000004,0.966966,LTU,FIN,5604
2098619,162,74,1296,1995,13847.0,0.0,1.304391,1.8819119999999998,NLD,FIN,5604
2098620,163,74,1296,1995,5059.0,0.0,1.019741,0.394241,NOR,FIN,5604
2098621,186,74,1296,1995,0.0,1570.0,0.364437,0.171494,RUS,FIN,5604
2098622,208,74,1296,1995,74180.0,2988.0,2.246997,1.060171,SWE,FIN,5604
2098623,216,74,1296,1995,4995.0,0.0,0.174522,1.608058,THA,FIN,5604
2098624,231,74,1296,1995,5897.0,0.0,1.771648,1.184,USA,FIN,5604
2098625,7,77,1296,1995,0.0,5770.0,-0.205166,-0.6132380000000001,ARE,FRA,5604
2098626,8,77,1296,1995,0.0,1440.0,0.245885,0.5489850000000001,ARG,FRA,5604
2098627,14,77,1296,1995,3790.0,0.0,0.44442,0.789292,AUS,FRA,5604
2098628,15,77,1296,1995,295326.0,12317.0,2.000295,0.661255,AUT,FRA,5604
2098629,18,77,1296,1995,128100.0,169129.0,1.615588,1.394102,BEL,FRA,5604
2098630,21,77,1296,1995,0.0,178766.0,-0.695354,-0.902185,BFA,FRA,5604
2098631,23,77,1296,1995,0.0,48120.0,0.436138,1.086561,BGR,FRA,5604
2098632,32,77,1296,1995,0.0,7385.0,0.687171,1.188647,BRA,FRA,5604
2098633,39,77,1296,1995,0.0,680508.0,1.077804,1.0724200000000002,CAN,FRA,5604
2098634,41,77,1296,1995,170577.0,24257.0,2.1893029999999998,0.82765,CHE,FRA,5604
2098635,43,77,1296,1995,287078.0,75430.0,0.387897,3.2147919999999996,CHN,FRA,5604
2098636,44,77,1296,1995,0.0,12457.0,-0.781656,-0.74293,CIV,FRA,5604
2098637,45,77,1296,1995,0.0,2997.0,-1.121716,-0.9758020000000001,CMR,FRA,5604
2098638,50,77,1296,1995,0.0,8058.0,-0.125195,-0.6788930000000001,COM,FRA,5604
2098639,59,77,1296,1995,1948.0,6210.0,1.375091,1.628069,CZE,FRA,5604
2098640,61,77,1296,1995,150696450.0,565451.0,2.325385,-2.2238189999999998,DEU,FRA,5604
2098641,64,77,1296,1995,32308.0,172229.0,1.3800270000000001,1.489036,DNK,FRA,5604
2098642,66,77,1296,1995,0.0,18051.0,-0.555409,-1.037972,DZA,FRA,5604
2098643,71,77,1296,1995,663742.0,866844.0,1.144247,1.933844,ESP,FRA,5604
2098644,72,77,1296,1995,0.0,6255.0,0.530041,1.134288,EST,FRA,5604
2098645,74,77,1296,1995,13489.0,8141.0,2.0085740000000003,1.126816,FIN,FRA,5604
2098646,80,77,1296,1995,0.0,8876.0,-1.445673,-1.099128,GAB,FRA,5604
2098647,81,77,1296,1995,836126.0,1521586.0,1.8656979999999999,1.107121,GBR,FRA,5604
2098648,86,77,1296,1995,0.0,45867.0,0.563491,-0.18852,GLP,FRA,5604
2098649,90,77,1296,1995,589743.0,47936.0,0.17369,0.885756,GRC,FRA,5604
2098650,94,77,1296,1995,0.0,18567.0,1.1777959999999998,-0.052863,GUF,FRA,5604
2098651,102,77,1296,1995,0.0,129931.0,0.878711,1.8200060000000002,HUN,FRA,5604
2098652,103,77,1296,1995,0.0,2354.0,-0.391727,1.174727,IDN,FRA,5604
2098653,104,77,1296,1995,0.0,3112.0,0.156183,1.9617380000000002,IND,FRA,5604
2098654,106,77,1296,1995,0.0,2337.0,1.349192,0.992099,IRL,FRA,5604
2098655,109,77,1296,1995,0.0,2913.0,0.161331,-0.45210100000000003,ISL,FRA,5604
2098656,110,77,1296,1995,0.0,1496.0,1.205368,1.189434,ISR,FRA,5604
2098657,111,77,1296,1995,1116172.0,2228177.0,1.503379,1.449094,ITA,FRA,5604
2098658,114,77,1296,1995,196968.0,186545.0,2.56822,0.927307,JPN,FRA,5604
2098659,121,77,1296,1995,37825.0,0.0,0.845175,1.2761799999999999,KOR,FRA,5604
2098660,134,77,1296,1995,48796.0,231858.0,-0.6481210000000001,-0.22345,MAR,FRA,5604
2098661,136,77,1296,1995,0.0,6331.0,-1.178074,-0.6167,MDG,FRA,5604
2098662,148,77,1296,1995,0.0,1813.0,-1.935629,-1.178304,MRT,FRA,5604
2098663,150,77,1296,1995,0.0,14458.0,0.68423,-0.22968200000000003,MTQ,FRA,5604
2098664,151,77,1296,1995,0.0,3352.0,-0.432644,-0.574298,MUS,FRA,5604
2098665,153,77,1296,1995,27986.0,2203.0,0.357745,0.374284,MYS,FRA,5604
2098666,156,77,1296,1995,0.0,8705.0,-1.326035,-0.826058,NCL,FRA,5604
2098667,162,77,1296,1995,18363.0,440553.0,1.304391,1.8819119999999998,NLD,FRA,5604
2098668,163,77,1296,1995,0.0,48283.0,1.019741,0.394241,NOR,FRA,5604
2098669,177,77,1296,1995,0.0,83624.0,0.76393,1.802648,POL,FRA,5604
2098670,179,77,1296,1995,127403.0,10035.0,0.412677,1.254009,PRT,FRA,5604
2098671,180,77,1296,1995,0.0,7878.0,-0.283544,-0.640898,PRY,FRA,5604
2098672,182,77,1296,1995,0.0,2422.0,-0.33641,-0.696238,PYF,FRA,5604
2098673,184,77,1296,1995,0.0,1812.0,0.728825,-0.178569,REU,FRA,5604
2098674,185,77,1296,1995,0.0,57468.0,0.621468,1.038729,ROU,FRA,5604
2098675,186,77,1296,1995,0.0,4655.0,0.364437,0.171494,RUS,FRA,5604
2098676,191,77,1296,1995,0.0,1828.0,-0.94962,-0.970988,SEN,FRA,5604
2098677,192,77,1296,1995,0.0,7723.0,0.747684,0.4745,SGP,FRA,5604
2098678,208,77,1296,1995,10180.0,10830.0,2.246997,1.060171,SWE,FRA,5604
2098679,212,77,1296,1995,0.0,31674.0,-0.8829469999999999,-0.809407,SYR,FRA,5604
2098680,214,77,1296,1995,0.0,7151.0,-0.6866180000000001,-0.752698,TCD,FRA,5604
2098681,215,77,1296,1995,0.0,9975.0,-0.962727,-0.873151,TGO,FRA,5604
2098682,216,77,1296,1995,69663.0,2668.0,0.174522,1.608058,THA,FRA,5604
2098683,223,77,1296,1995,958.0,96693.0,-0.253792,-0.044331,TUN,FRA,5604
2098684,224,77,1296,1995,0.0,37463.0,0.166794,1.209066,TUR,FRA,5604
2098685,231,77,1296,1995,138106.0,1153995.0,1.771648,1.184,USA,FRA,5604
2098686,246,77,1296,1995,0.0,6889.0,0.468112,1.039817,ZAF,FRA,5604
2098687,249,77,1296,1995,189233.0,10787.0,1.345205,1.9337389999999999,TWN,FRA,5604
2098688,250,77,1296,1995,32452.0,0.0,1.034518,0.9735149999999999,ANS,FRA,5604
2098689,7,81,1296,1995,0.0,72449.0,-0.205166,-0.6132380000000001,ARE,GBR,5604
2098690,14,81,1296,1995,8395.0,104490.0,0.44442,0.789292,AUS,GBR,5604
2098691,15,81,1296,1995,336180.0,23453.0,2.000295,0.661255,AUT,GBR,5604
2098692,18,81,1296,1995,102702.0,29810.0,1.615588,1.394102,BEL,GBR,5604
2098693,23,81,1296,1995,0.0,7575.0,0.436138,1.086561,BGR,GBR,5604
2098694,32,81,1296,1995,0.0,309357.0,0.687171,1.188647,BRA,GBR,5604
2098695,33,81,1296,1995,0.0,1510.0,1.055447,0.422738,BRB,GBR,5604
2098696,39,81,1296,1995,0.0,67489.0,1.077804,1.0724200000000002,CAN,GBR,5604
2098697,41,81,1296,1995,326924.0,41675.0,2.1893029999999998,0.82765,CHE,GBR,5604
2098698,43,81,1296,1995,125424.0,5474.0,0.387897,3.2147919999999996,CHN,GBR,5604
2098699,44,81,1296,1995,0.0,2138.0,-0.781656,-0.74293,CIV,GBR,5604
2098700,45,81,1296,1995,0.0,2826.0,-1.121716,-0.9758020000000001,CMR,GBR,5604
2098701,49,81,1296,1995,0.0,83498.0,0.094335,0.13047999999999998,COL,GBR,5604
2098702,58,81,1296,1995,0.0,24456.0,0.263764,0.030358999999999997,CYP,GBR,5604
2098703,59,81,1296,1995,14672.0,83849.0,1.375091,1.628069,CZE,GBR,5604
2098704,61,81,1296,1995,79592740.0,683848.0,2.325385,-2.2238189999999998,DEU,GBR,5604
2098705,63,81,1296,1995,0.0,3992.0,0.803902,0.307064,DMA,GBR,5604
2098706,64,81,1296,1995,51099.0,43767.0,1.3800270000000001,1.489036,DNK,GBR,5604
2098707,68,81,1296,1995,21296.0,39677.0,-0.340042,-0.085601,EGY,GBR,5604
2098708,71,81,1296,1995,26702.0,17354.0,1.144247,1.933844,ESP,GBR,5604
2098709,72,81,1296,1995,0.0,971.0,0.530041,1.134288,EST,GBR,5604
2098710,73,81,1296,1995,0.0,57555.0,-1.3387120000000001,-1.123621,ETH,GBR,5604
2098711,74,81,1296,1995,0.0,59138.0,2.0085740000000003,1.126816,FIN,GBR,5604
2098712,77,81,1296,1995,1521586.0,836126.0,1.768484,0.765537,FRA,GBR,5604
2098713,78,81,1296,1995,0.0,1439.0,-0.8247260000000001,-0.791759,FRO,GBR,5604
2098714,84,81,1296,1995,0.0,63185.0,0.784189,-0.224741,GIB,GBR,5604
2098715,90,81,1296,1995,0.0,78934.0,0.17369,0.885756,GRC,GBR,5604
2098716,97,81,1296,1995,277735.0,122310.0,0.5244449999999999,2.682738,HKG,GBR,5604
2098717,100,81,1296,1995,0.0,3722.0,0.75325,1.395715,HRV,GBR,5604
2098718,102,81,1296,1995,2703.0,69703.0,0.878711,1.8200060000000002,HUN,GBR,5604
2098719,103,81,1296,1995,0.0,809.0,-0.391727,1.174727,IDN,GBR,5604
2098720,104,81,1296,1995,58071.0,41739.0,0.156183,1.9617380000000002,IND,GBR,5604
2098721,106,81,1296,1995,2705180.0,1391951.0,1.349192,0.992099,IRL,GBR,5604
2098722,109,81,1296,1995,0.0,1941.0,0.161331,-0.45210100000000003,ISL,GBR,5604
2098723,110,81,1296,1995,0.0,39704.0,1.205368,1.189434,ISR,GBR,5604
2098724,111,81,1296,1995,4058058.0,93500.0,1.503379,1.449094,ITA,GBR,5604
2098725,112,81,1296,1995,0.0,1711.0,-0.873925,-0.952304,JAM,GBR,5604
2098726,113,81,1296,1995,1246.0,13243.0,0.666542,0.326785,JOR,GBR,5604
2098727,114,81,1296,1995,114769.0,22707.0,2.56822,0.927307,JPN,GBR,5604
2098728,116,81,1296,1995,0.0,1220.0,-0.303773,0.111305,KEN,GBR,5604
2098729,121,81,1296,1995,45283.0,7825.0,0.845175,1.2761799999999999,KOR,GBR,5604
2098730,122,81,1296,1995,0.0,12880.0,-0.226273,-1.02354,KWT,GBR,5604
2098731,124,81,1296,1995,0.0,2764.0,0.027416000000000003,0.327795,LBN,GBR,5604
2098732,127,81,1296,1995,0.0,13628.0,0.194177,-0.359444,LCA,GBR,5604
2098733,128,81,1296,1995,20055.0,176203.0,-0.8358030000000001,-0.29397199999999996,LKA,GBR,5604
2098734,130,81,1296,1995,0.0,14313.0,0.41220500000000004,0.966966,LTU,GBR,5604
2098735,134,81,1296,1995,38498.0,35835.0,-0.6481210000000001,-0.22345,MAR,GBR,5604
2098736,138,81,1296,1995,22488.0,82680.0,0.6414300000000001,0.9697520000000001,MEX,GBR,5604
2098737,142,81,1296,1995,0.0,30650.0,0.842519,0.11882899999999999,MLT,GBR,5604
2098738,150,81,1296,1995,0.0,1674.0,0.68423,-0.22968200000000003,MTQ,GBR,5604
2098739,151,81,1296,1995,0.0,20069.0,-0.432644,-0.574298,MUS,GBR,5604
2098740,153,81,1296,1995,0.0,43833.0,0.357745,0.374284,MYS,GBR,5604
2098741,159,81,1296,1995,0.0,52472.0,-2.108206,-1.2017520000000002,NGA,GBR,5604
2098742,160,81,1296,1995,0.0,1457.0,-0.395096,-0.559934,NIC,GBR,5604
2098743,162,81,1296,1995,95577.0,580642.0,1.304391,1.8819119999999998,NLD,GBR,5604
2098744,163,81,1296,1995,0.0,12842.0,1.019741,0.394241,NOR,GBR,5604
2098745,166,81,1296,1995,0.0,60963.0,0.5558270000000001,0.773271,NZL,GBR,5604
2098746,174,81,1296,1995,19878.0,1266.0,-0.480548,0.076564,PHL,GBR,5604
2098747,177,81,1296,1995,12154.0,13701.0,0.76393,1.802648,POL,GBR,5604
2098748,179,81,1296,1995,5554.0,81844.0,0.412677,1.254009,PRT,GBR,5604
2098749,183,81,1296,1995,0.0,1906.0,-0.721352,-1.0827799999999999,QAT,GBR,5604
2098750,185,81,1296,1995,0.0,13499.0,0.621468,1.038729,ROU,GBR,5604
2098751,186,81,1296,1995,0.0,32919.0,0.364437,0.171494,RUS,GBR,5604
2098752,188,81,1296,1995,0.0,45008.0,0.401573,-0.6676529999999999,SAU,GBR,5604
2098753,192,81,1296,1995,0.0,429737.0,0.747684,0.4745,SGP,GBR,5604
2098754,207,81,1296,1995,0.0,3655.0,1.424606,1.490521,SVN,GBR,5604
2098755,208,81,1296,1995,4148.0,95509.0,2.246997,1.060171,SWE,GBR,5604
2098756,216,81,1296,1995,0.0,41862.0,0.174522,1.608058,THA,GBR,5604
2098757,223,81,1296,1995,0.0,3940.0,-0.253792,-0.044331,TUN,GBR,5604
2098758,224,81,1296,1995,522589.0,88795.0,0.166794,1.209066,TUR,GBR,5604
2098759,227,81,1296,1995,0.0,2470.0,-1.053037,-1.001752,UGA,GBR,5604
2098760,231,81,1296,1995,1083338.0,176917.0,1.771648,1.184,USA,GBR,5604
2098761,243,81,1296,1995,0.0,8326.0,-1.302346,-1.135961,YEM,GBR,5604
2098762,246,81,1296,1995,1249.0,133497.0,0.468112,1.039817,ZAF,GBR,5604
2098763,248,81,1296,1995,0.0,9801.0,-0.054752999999999996,0.326737,ZWE,GBR,5604
2098764,249,81,1296,1995,159098.0,27016.0,1.345205,1.9337389999999999,TWN,GBR,5604
2098765,250,81,1296,1995,0.0,1152.0,1.034518,0.9735149999999999,ANS,GBR,5604
2098766,61,86,1296,1995,1516.0,0.0,2.325385,-2.2238189999999998,DEU,GLP,5604
2098767,77,86,1296,1995,45867.0,0.0,1.768484,0.765537,FRA,GLP,5604
2098768,179,86,1296,1995,6936.0,0.0,0.412677,1.254009,PRT,GLP,5604
2098769,43,93,1296,1995,13312.0,0.0,0.387897,3.2147919999999996,CHN,GTM,5604
2098770,52,93,1296,1995,0.0,10304.0,-0.30094699999999996,-0.046285,CRI,GTM,5604
2098771,61,93,1296,1995,584935.0,0.0,2.325385,-2.2238189999999998,DEU,GTM,5604
2098772,99,93,1296,1995,2620.0,0.0,-0.765536,-0.668834,HND,GTM,5604
2098773,138,93,1296,1995,173159.0,0.0,0.6414300000000001,0.9697520000000001,MEX,GTM,5604
2098774,197,93,1296,1995,143697.0,2380.0,-0.17119600000000001,0.027889999999999998,SLV,GTM,5604
2098775,231,93,1296,1995,494777.0,0.0,1.771648,1.184,USA,GTM,5604
2098776,14,97,1296,1995,278854.0,7538.0,0.44442,0.789292,AUS,HKG,5604
2098777,22,97,1296,1995,0.0,42372.0,-1.037175,-0.983195,BGD,HKG,5604
2098778,39,97,1296,1995,0.0,65513.0,1.077804,1.0724200000000002,CAN,HKG,5604
2098779,43,97,1296,1995,10365402.0,4190974.0,0.387897,3.2147919999999996,CHN,HKG,5604
2098780,45,97,1296,1995,0.0,4196.0,-1.121716,-0.9758020000000001,CMR,HKG,5604
2098781,61,97,1296,1995,743396.0,0.0,2.325385,-2.2238189999999998,DEU,HKG,5604
2098782,64,97,1296,1995,48588.0,0.0,1.3800270000000001,1.489036,DNK,HKG,5604
2098783,74,97,1296,1995,0.0,9347.0,2.0085740000000003,1.126816,FIN,HKG,5604
2098784,81,97,1296,1995,122310.0,277735.0,1.8656979999999999,1.107121,GBR,HKG,5604
2098785,103,97,1296,1995,28590.0,1469.0,-0.391727,1.174727,IDN,HKG,5604
2098786,104,97,1296,1995,0.0,17753.0,0.156183,1.9617380000000002,IND,HKG,5604
2098787,106,97,1296,1995,4693.0,0.0,1.349192,0.992099,IRL,HKG,5604
2098788,110,97,1296,1995,0.0,21532.0,1.205368,1.189434,ISR,HKG,5604
2098789,111,97,1296,1995,81969.0,1515.0,1.503379,1.449094,ITA,HKG,5604
2098790,114,97,1296,1995,1122825.0,24116.0,2.56822,0.927307,JPN,HKG,5604
2098791,121,97,1296,1995,476919.0,8128.0,0.845175,1.2761799999999999,KOR,HKG,5604
2098792,128,97,1296,1995,0.0,22090.0,-0.8358030000000001,-0.29397199999999996,LKA,HKG,5604
2098793,133,97,1296,1995,0.0,90196.0,-0.149794,-0.26961799999999997,MAC,HKG,5604
2098794,137,97,1296,1995,0.0,1696.0,-1.258938,-0.9818629999999999,MDV,HKG,5604
2098795,151,97,1296,1995,0.0,25355.0,-0.432644,-0.574298,MUS,HKG,5604
2098796,153,97,1296,1995,71802.0,5617.0,0.357745,0.374284,MYS,HKG,5604
2098797,162,97,1296,1995,4320.0,453684.0,1.304391,1.8819119999999998,NLD,HKG,5604
2098798,163,97,1296,1995,5656.0,0.0,1.019741,0.394241,NOR,HKG,5604
2098799,166,97,1296,1995,0.0,9545.0,0.5558270000000001,0.773271,NZL,HKG,5604
2098800,174,97,1296,1995,0.0,36934.0,-0.480548,0.076564,PHL,HKG,5604
2098801,188,97,1296,1995,0.0,8081.0,0.401573,-0.6676529999999999,SAU,HKG,5604
2098802,192,97,1296,1995,63190.0,45395.0,0.747684,0.4745,SGP,HKG,5604
2098803,208,97,1296,1995,0.0,26042.0,2.246997,1.060171,SWE,HKG,5604
2098804,216,97,1296,1995,183022.0,17388.0,0.174522,1.608058,THA,HKG,5604
2098805,223,97,1296,1995,0.0,56630.0,-0.253792,-0.044331,TUN,HKG,5604
2098806,231,97,1296,1995,803794.0,33322.0,1.771648,1.184,USA,HKG,5604
2098807,249,97,1296,1995,617519.0,35132.0,1.345205,1.9337389999999999,TWN,HKG,5604
2098808,52,99,1296,1995,0.0,93576.0,-0.30094699999999996,-0.046285,CRI,HND,5604
2098809,71,99,1296,1995,10033.0,0.0,1.144247,1.933844,ESP,HND,5604
2098810,74,99,1296,1995,7214.0,0.0,2.0085740000000003,1.126816,FIN,HND,5604
2098811,93,99,1296,1995,0.0,2620.0,-0.241468,0.170932,GTM,HND,5604
2098812,178,99,1296,1995,3146.0,0.0,0.46509799999999996,0.645496,PRK,HND,5604
2098813,197,99,1296,1995,143057.0,0.0,-0.17119600000000001,0.027889999999999998,SLV,HND,5604
2098814,231,99,1296,1995,2284089.0,0.0,1.771648,1.184,USA,HND,5604
2098815,249,99,1296,1995,6957.0,0.0,1.345205,1.9337389999999999,TWN,HND,5604
2098816,15,106,1296,1995,0.0,40978.0,2.000295,0.661255,AUT,IRL,5604
2098817,18,106,1296,1995,4303.0,0.0,1.615588,1.394102,BEL,IRL,5604
2098818,61,106,1296,1995,558029.0,0.0,2.325385,-2.2238189999999998,DEU,IRL,5604
2098819,64,106,1296,1995,35616.0,54630.0,1.3800270000000001,1.489036,DNK,IRL,5604
2098820,74,106,1296,1995,3461.0,2492.0,2.0085740000000003,1.126816,FIN,IRL,5604
2098821,77,106,1296,1995,2337.0,0.0,1.768484,0.765537,FRA,IRL,5604
2098822,81,106,1296,1995,1391951.0,2705180.0,1.8656979999999999,1.107121,GBR,IRL,5604
2098823,97,106,1296,1995,0.0,4693.0,0.5244449999999999,2.682738,HKG,IRL,5604
2098824,109,106,1296,1995,2178.0,4678.0,0.161331,-0.45210100000000003,ISL,IRL,5604
2098825,110,106,1296,1995,0.0,6945.0,1.205368,1.189434,ISR,IRL,5604
2098826,111,106,1296,1995,17241.0,0.0,1.503379,1.449094,ITA,IRL,5604
2098827,114,106,1296,1995,17897.0,0.0,2.56822,0.927307,JPN,IRL,5604
2098828,134,106,1296,1995,0.0,2279.0,-0.6481210000000001,-0.22345,MAR,IRL,5604
2098829,142,106,1296,1995,1515.0,0.0,0.842519,0.11882899999999999,MLT,IRL,5604
2098830,162,106,1296,1995,7013.0,0.0,1.304391,1.8819119999999998,NLD,IRL,5604
2098831,163,106,1296,1995,0.0,2265.0,1.019741,0.394241,NOR,IRL,5604
2098832,173,106,1296,1995,49177.0,0.0,-0.263859,-0.21032800000000001,PER,IRL,5604
2098833,188,106,1296,1995,0.0,15357.0,0.401573,-0.6676529999999999,SAU,IRL,5604
2098834,192,106,1296,1995,180113.0,0.0,0.747684,0.4745,SGP,IRL,5604
2098835,216,106,1296,1995,0.0,9438.0,0.174522,1.608058,THA,IRL,5604
2098836,231,106,1296,1995,106583.0,377737.0,1.771648,1.184,USA,IRL,5604
2098837,249,106,1296,1995,5740.0,0.0,1.345205,1.9337389999999999,TWN,IRL,5604
2098838,58,110,1296,1995,0.0,4953.0,0.263764,0.030358999999999997,CYP,ISR,5604
2098839,61,110,1296,1995,1368962.0,3468.0,2.325385,-2.2238189999999998,DEU,ISR,5604
2098840,71,110,1296,1995,5789.0,0.0,1.144247,1.933844,ESP,ISR,5604
2098841,77,110,1296,1995,1496.0,0.0,1.768484,0.765537,FRA,ISR,5604
2098842,81,110,1296,1995,39704.0,0.0,1.8656979999999999,1.107121,GBR,ISR,5604
2098843,90,110,1296,1995,10126.0,0.0,0.17369,0.885756,GRC,ISR,5604
2098844,97,110,1296,1995,21532.0,0.0,0.5244449999999999,2.682738,HKG,ISR,5604
2098845,106,110,1296,1995,6945.0,0.0,1.349192,0.992099,IRL,ISR,5604
2098846,111,110,1296,1995,70409.0,0.0,1.503379,1.449094,ITA,ISR,5604
2098847,114,110,1296,1995,12673.0,0.0,2.56822,0.927307,JPN,ISR,5604
2098848,162,110,1296,1995,3844.0,0.0,1.304391,1.8819119999999998,NLD,ISR,5604
2098849,224,110,1296,1995,54675.0,0.0,0.166794,1.209066,TUR,ISR,5604
2098850,231,110,1296,1995,212080.0,372768.0,1.771648,1.184,USA,ISR,5604
2098851,246,110,1296,1995,0.0,1450.0,0.468112,1.039817,ZAF,ISR,5604
2098852,250,110,1296,1995,8740.0,0.0,1.034518,0.9735149999999999,ANS,ISR,5604
2098853,4,111,1296,1995,0.0,6013.0,-0.39273,-0.47259300000000004,ALB,ITA,5604
2098854,8,111,1296,1995,0.0,10895.0,0.245885,0.5489850000000001,ARG,ITA,5604
2098855,14,111,1296,1995,0.0,25887.0,0.44442,0.789292,AUS,ITA,5604
2098856,15,111,1296,1995,90686.0,134495.0,2.000295,0.661255,AUT,ITA,5604
2098857,18,111,1296,1995,0.0,65149.0,1.615588,1.394102,BEL,ITA,5604
2098858,22,111,1296,1995,38822.0,7203.0,-1.037175,-0.983195,BGD,ITA,5604
2098859,23,111,1296,1995,0.0,136705.0,0.436138,1.086561,BGR,ITA,5604
2098860,28,111,1296,1995,0.0,2674.0,0.5290279999999999,0.27031700000000003,BLR,ITA,5604
2098861,32,111,1296,1995,0.0,102718.0,0.687171,1.188647,BRA,ITA,5604
2098862,39,111,1296,1995,0.0,34562.0,1.077804,1.0724200000000002,CAN,ITA,5604
2098863,41,111,1296,1995,20692.0,213749.0,2.1893029999999998,0.82765,CHE,ITA,5604
2098864,42,111,1296,1995,0.0,1365.0,-0.073436,-0.192675,CHL,ITA,5604
2098865,43,111,1296,1995,256371.0,30046.0,0.387897,3.2147919999999996,CHN,ITA,5604
2098866,44,111,1296,1995,0.0,15749.0,-0.781656,-0.74293,CIV,ITA,5604
2098867,45,111,1296,1995,0.0,5799.0,-1.121716,-0.9758020000000001,CMR,ITA,5604
2098868,49,111,1296,1995,0.0,2787.0,0.094335,0.13047999999999998,COL,ITA,5604
2098869,52,111,1296,1995,0.0,9361.0,-0.30094699999999996,-0.046285,CRI,ITA,5604
2098870,58,111,1296,1995,0.0,18850.0,0.263764,0.030358999999999997,CYP,ITA,5604
2098871,59,111,1296,1995,92418.0,156429.0,1.375091,1.628069,CZE,ITA,5604
2098872,61,111,1296,1995,179502308.0,2847761.0,2.325385,-2.2238189999999998,DEU,ITA,5604
2098873,64,111,1296,1995,0.0,66701.0,1.3800270000000001,1.489036,DNK,ITA,5604
2098874,66,111,1296,1995,0.0,59378.0,-0.555409,-1.037972,DZA,ITA,5604
2098875,68,111,1296,1995,23603.0,30712.0,-0.340042,-0.085601,EGY,ITA,5604
2098876,71,111,1296,1995,97324.0,882101.0,1.144247,1.933844,ESP,ITA,5604
2098877,73,111,1296,1995,0.0,27902.0,-1.3387120000000001,-1.123621,ETH,ITA,5604
2098878,74,111,1296,1995,93219.0,41726.0,2.0085740000000003,1.126816,FIN,ITA,5604
2098879,77,111,1296,1995,2228177.0,1116172.0,1.768484,0.765537,FRA,ITA,5604
2098880,81,111,1296,1995,93500.0,4058058.0,1.8656979999999999,1.107121,GBR,ITA,5604
2098881,90,111,1296,1995,10859.0,3719885.0,0.17369,0.885756,GRC,ITA,5604
2098882,97,111,1296,1995,1515.0,81969.0,0.5244449999999999,2.682738,HKG,ITA,5604
2098883,100,111,1296,1995,1501.0,44420.0,0.75325,1.395715,HRV,ITA,5604
2098884,102,111,1296,1995,0.0,206752.0,0.878711,1.8200060000000002,HUN,ITA,5604
2098885,103,111,1296,1995,0.0,18248.0,-0.391727,1.174727,IDN,ITA,5604
2098886,104,111,1296,1995,0.0,3906.0,0.156183,1.9617380000000002,IND,ITA,5604
2098887,106,111,1296,1995,0.0,17241.0,1.349192,0.992099,IRL,ITA,5604
2098888,109,111,1296,1995,0.0,2319.0,0.161331,-0.45210100000000003,ISL,ITA,5604
2098889,110,111,1296,1995,0.0,70409.0,1.205368,1.189434,ISR,ITA,5604
2098890,113,111,1296,1995,0.0,99042.0,0.666542,0.326785,JOR,ITA,5604
2098891,114,111,1296,1995,753785.0,11984.0,2.56822,0.927307,JPN,ITA,5604
2098892,116,111,1296,1995,0.0,26551.0,-0.303773,0.111305,KEN,ITA,5604
2098893,121,111,1296,1995,21155.0,51433.0,0.845175,1.2761799999999999,KOR,ITA,5604
2098894,122,111,1296,1995,0.0,17747.0,-0.226273,-1.02354,KWT,ITA,5604
2098895,124,111,1296,1995,0.0,37806.0,0.027416000000000003,0.327795,LBN,ITA,5604
2098896,132,111,1296,1995,0.0,36774.0,0.25453400000000004,0.174809,LVA,ITA,5604
2098897,134,111,1296,1995,0.0,13725.0,-0.6481210000000001,-0.22345,MAR,ITA,5604
2098898,138,111,1296,1995,0.0,3588.0,0.6414300000000001,0.9697520000000001,MEX,ITA,5604
2098899,140,111,1296,1995,257906.0,19692.0,0.34174,0.648467,MKD,ITA,5604
2098900,142,111,1296,1995,0.0,33763.0,0.842519,0.11882899999999999,MLT,ITA,5604
2098901,151,111,1296,1995,0.0,15950.0,-0.432644,-0.574298,MUS,ITA,5604
2098902,153,111,1296,1995,960621.0,4938.0,0.357745,0.374284,MYS,ITA,5604
2098903,156,111,1296,1995,0.0,6464.0,-1.326035,-0.826058,NCL,ITA,5604
2098904,162,111,1296,1995,33068.0,127568.0,1.304391,1.8819119999999998,NLD,ITA,5604
2098905,163,111,1296,1995,0.0,3649.0,1.019741,0.394241,NOR,ITA,5604
2098906,166,111,1296,1995,0.0,20049.0,0.5558270000000001,0.773271,NZL,ITA,5604
2098907,177,111,1296,1995,0.0,14753.0,0.76393,1.802648,POL,ITA,5604
2098908,179,111,1296,1995,0.0,837233.0,0.412677,1.254009,PRT,ITA,5604
2098909,185,111,1296,1995,0.0,67206.0,0.621468,1.038729,ROU,ITA,5604
2098910,186,111,1296,1995,0.0,98622.0,0.364437,0.171494,RUS,ITA,5604
2098911,188,111,1296,1995,0.0,5902444.0,0.401573,-0.6676529999999999,SAU,ITA,5604
2098912,191,111,1296,1995,0.0,3070.0,-0.94962,-0.970988,SEN,ITA,5604
2098913,192,111,1296,1995,0.0,108719.0,0.747684,0.4745,SGP,ITA,5604
2098914,206,111,1296,1995,0.0,486035.0,1.2249780000000001,1.405585,SVK,ITA,5604
2098915,207,111,1296,1995,2858.0,198734.0,1.424606,1.490521,SVN,ITA,5604
2098916,208,111,1296,1995,18736.0,555178.0,2.246997,1.060171,SWE,ITA,5604
2098917,216,111,1296,1995,0.0,6968.0,0.174522,1.608058,THA,ITA,5604
2098918,223,111,1296,1995,0.0,153695.0,-0.253792,-0.044331,TUN,ITA,5604
2098919,224,111,1296,1995,0.0,236461.0,0.166794,1.209066,TUR,ITA,5604
2098920,228,111,1296,1995,0.0,2302.0,0.428875,0.20489899999999997,UKR,ITA,5604
2098921,230,111,1296,1995,0.0,9382.0,0.45133900000000005,0.50831,URY,ITA,5604
2098922,231,111,1296,1995,115592.0,264485.0,1.771648,1.184,USA,ITA,5604
2098923,236,111,1296,1995,0.0,4336.0,0.299294,-0.635474,VEN,ITA,5604
2098924,246,111,1296,1995,0.0,22649.0,0.468112,1.039817,ZAF,ITA,5604
2098925,249,111,1296,1995,28733.0,0.0,1.345205,1.9337389999999999,TWN,ITA,5604
2098926,8,121,1296,1995,0.0,23263.0,0.245885,0.5489850000000001,ARG,KOR,5604
2098927,14,121,1296,1995,3223.0,19295.0,0.44442,0.789292,AUS,KOR,5604
2098928,15,121,1296,1995,0.0,6091.0,2.000295,0.661255,AUT,KOR,5604
2098929,18,121,1296,1995,15652.0,0.0,1.615588,1.394102,BEL,KOR,5604
2098930,22,121,1296,1995,0.0,246701.0,-1.037175,-0.983195,BGD,KOR,5604
2098931,23,121,1296,1995,0.0,5928.0,0.436138,1.086561,BGR,KOR,5604
2098932,31,121,1296,1995,0.0,3474.0,-0.440583,-0.688389,BOL,KOR,5604
2098933,32,121,1296,1995,0.0,194568.0,0.687171,1.188647,BRA,KOR,5604
2098934,39,121,1296,1995,0.0,6919.0,1.077804,1.0724200000000002,CAN,KOR,5604
2098935,41,121,1296,1995,0.0,998.0,2.1893029999999998,0.82765,CHE,KOR,5604
2098936,43,121,1296,1995,557154.0,1816853.0,0.387897,3.2147919999999996,CHN,KOR,5604
2098937,45,121,1296,1995,0.0,1239.0,-1.121716,-0.9758020000000001,CMR,KOR,5604
2098938,49,121,1296,1995,0.0,161055.0,0.094335,0.13047999999999998,COL,KOR,5604
2098939,52,121,1296,1995,0.0,97606.0,-0.30094699999999996,-0.046285,CRI,KOR,5604
2098940,59,121,1296,1995,0.0,3277.0,1.375091,1.628069,CZE,KOR,5604
2098941,61,121,1296,1995,586868.0,2116.0,2.325385,-2.2238189999999998,DEU,KOR,5604
2098942,68,121,1296,1995,0.0,5627.0,-0.340042,-0.085601,EGY,KOR,5604
2098943,77,121,1296,1995,0.0,37825.0,1.768484,0.765537,FRA,KOR,5604
2098944,81,121,1296,1995,7825.0,45283.0,1.8656979999999999,1.107121,GBR,KOR,5604
2098945,97,121,1296,1995,8128.0,476919.0,0.5244449999999999,2.682738,HKG,KOR,5604
2098946,102,121,1296,1995,0.0,1719.0,0.878711,1.8200060000000002,HUN,KOR,5604
2098947,103,121,1296,1995,0.0,110602.0,-0.391727,1.174727,IDN,KOR,5604
2098948,104,121,1296,1995,0.0,185512.0,0.156183,1.9617380000000002,IND,KOR,5604
2098949,111,121,1296,1995,51433.0,21155.0,1.503379,1.449094,ITA,KOR,5604
2098950,114,121,1296,1995,869115.0,411636.0,2.56822,0.927307,JPN,KOR,5604
2098951,124,121,1296,1995,0.0,320955.0,0.027416000000000003,0.327795,LBN,KOR,5604
2098952,128,121,1296,1995,0.0,72722.0,-0.8358030000000001,-0.29397199999999996,LKA,KOR,5604
2098953,134,121,1296,1995,0.0,7769.0,-0.6481210000000001,-0.22345,MAR,KOR,5604
2098954,138,121,1296,1995,0.0,140004.0,0.6414300000000001,0.9697520000000001,MEX,KOR,5604
2098955,153,121,1296,1995,0.0,37216.0,0.357745,0.374284,MYS,KOR,5604
2098956,162,121,1296,1995,10844.0,0.0,1.304391,1.8819119999999998,NLD,KOR,5604
2098957,163,121,1296,1995,2299.0,0.0,1.019741,0.394241,NOR,KOR,5604
2098958,174,121,1296,1995,0.0,75088.0,-0.480548,0.076564,PHL,KOR,5604
2098959,176,121,1296,1995,0.0,3002.0,-2.387352,-1.200933,PNG,KOR,5604
2098960,188,121,1296,1995,0.0,117455.0,0.401573,-0.6676529999999999,SAU,KOR,5604
2098961,190,121,1296,1995,0.0,56452.0,-0.776567,-0.963823,SDN,KOR,5604
2098962,192,121,1296,1995,0.0,248794.0,0.747684,0.4745,SGP,KOR,5604
2098963,216,121,1296,1995,0.0,36533.0,0.174522,1.608058,THA,KOR,5604
2098964,231,121,1296,1995,254952.0,58982.0,1.771648,1.184,USA,KOR,5604
2098965,232,121,1296,1995,0.0,1185.0,-0.29740900000000003,-0.9456190000000001,UZB,KOR,5604
2098966,239,121,1296,1995,0.0,237034.0,-1.0462069999999999,-0.269063,VNM,KOR,5604
2098967,249,121,1296,1995,142288.0,625850.0,1.345205,1.9337389999999999,TWN,KOR,5604
2098968,250,121,1296,1995,4241.0,4598.0,1.034518,0.9735149999999999,ANS,KOR,5604
2098969,8,138,1296,1995,0.0,7808.0,0.245885,0.5489850000000001,ARG,MEX,5604
2098970,15,138,1296,1995,1423.0,0.0,2.000295,0.661255,AUT,MEX,5604
2098971,39,138,1296,1995,96511.0,23677.0,1.077804,1.0724200000000002,CAN,MEX,5604
2098972,43,138,1296,1995,8736.0,0.0,0.387897,3.2147919999999996,CHN,MEX,5604
2098973,52,138,1296,1995,0.0,44639.0,-0.30094699999999996,-0.046285,CRI,MEX,5604
2098974,54,138,1296,1995,0.0,6004.0,-0.315644,-0.8812110000000001,CUB,MEX,5604
2098975,61,138,1296,1995,2012.0,0.0,2.325385,-2.2238189999999998,DEU,MEX,5604
2098976,71,138,1296,1995,20988.0,0.0,1.144247,1.933844,ESP,MEX,5604
2098977,81,138,1296,1995,82680.0,22488.0,1.8656979999999999,1.107121,GBR,MEX,5604
2098978,93,138,1296,1995,0.0,173159.0,-0.241468,0.170932,GTM,MEX,5604
2098979,111,138,1296,1995,3588.0,0.0,1.503379,1.449094,ITA,MEX,5604
2098980,114,138,1296,1995,66243.0,0.0,2.56822,0.927307,JPN,MEX,5604
2098981,121,138,1296,1995,140004.0,0.0,0.845175,1.2761799999999999,KOR,MEX,5604
2098982,160,138,1296,1995,0.0,2402.0,-0.395096,-0.559934,NIC,MEX,5604
2098983,162,138,1296,1995,57091.0,0.0,1.304391,1.8819119999999998,NLD,MEX,5604
2098984,169,138,1296,1995,0.0,23710.0,-0.019815,0.050906,PAN,MEX,5604
2098985,174,138,1296,1995,2441.0,0.0,-0.480548,0.076564,PHL,MEX,5604
2098986,208,138,1296,1995,9178.0,0.0,2.246997,1.060171,SWE,MEX,5604
2098987,231,138,1296,1995,4122062.0,187881.0,1.771648,1.184,USA,MEX,5604
2098988,249,138,1296,1995,147821.0,0.0,1.345205,1.9337389999999999,TWN,MEX,5604
2098989,61,150,1296,1995,2624.0,0.0,2.325385,-2.2238189999999998,DEU,MTQ,5604
2098990,77,150,1296,1995,14458.0,0.0,1.768484,0.765537,FRA,MTQ,5604
2098991,81,150,1296,1995,1674.0,0.0,1.8656979999999999,1.107121,GBR,MTQ,5604
2098992,231,150,1296,1995,3312.0,0.0,1.771648,1.184,USA,MTQ,5604
2098993,7,153,1296,1995,0.0,9013.0,-0.205166,-0.6132380000000001,ARE,MYS,5604
2098994,8,153,1296,1995,0.0,2441.0,0.245885,0.5489850000000001,ARG,MYS,5604
2098995,14,153,1296,1995,122523.0,162470.0,0.44442,0.789292,AUS,MYS,5604
2098996,18,153,1296,1995,0.0,99948.0,1.615588,1.394102,BEL,MYS,5604
2098997,22,153,1296,1995,0.0,2861.0,-1.037175,-0.983195,BGD,MYS,5604
2098998,32,153,1296,1995,0.0,56260.0,0.687171,1.188647,BRA,MYS,5604
2098999,34,153,1296,1995,0.0,8229.0,-0.979701,-0.85456,BRN,MYS,5604
2099000,42,153,1296,1995,0.0,63865.0,-0.073436,-0.192675,CHL,MYS,5604
2099001,43,153,1296,1995,79960.0,212177.0,0.387897,3.2147919999999996,CHN,MYS,5604
2099002,59,153,1296,1995,0.0,105240.0,1.375091,1.628069,CZE,MYS,5604
2099003,61,153,1296,1995,205023.0,54272.0,2.325385,-2.2238189999999998,DEU,MYS,5604
2099004,64,153,1296,1995,1464.0,0.0,1.3800270000000001,1.489036,DNK,MYS,5604
2099005,71,153,1296,1995,26935.0,39244.0,1.144247,1.933844,ESP,MYS,5604
2099006,77,153,1296,1995,2203.0,27986.0,1.768484,0.765537,FRA,MYS,5604
2099007,81,153,1296,1995,43833.0,0.0,1.8656979999999999,1.107121,GBR,MYS,5604
2099008,97,153,1296,1995,5617.0,71802.0,0.5244449999999999,2.682738,HKG,MYS,5604
2099009,103,153,1296,1995,38578.0,2771.0,-0.391727,1.174727,IDN,MYS,5604
2099010,104,153,1296,1995,11327.0,54075.0,0.156183,1.9617380000000002,IND,MYS,5604
2099011,111,153,1296,1995,4938.0,960621.0,1.503379,1.449094,ITA,MYS,5604
2099012,114,153,1296,1995,320055.0,741116.0,2.56822,0.927307,JPN,MYS,5604
2099013,118,153,1296,1995,0.0,218000.0,-1.275951,-1.144633,KHM,MYS,5604
2099014,121,153,1296,1995,37216.0,0.0,0.845175,1.2761799999999999,KOR,MYS,5604
2099015,128,153,1296,1995,0.0,35011.0,-0.8358030000000001,-0.29397199999999996,LKA,MYS,5604
2099016,162,153,1296,1995,0.0,259925.0,1.304391,1.8819119999999998,NLD,MYS,5604
2099017,163,153,1296,1995,0.0,2301.0,1.019741,0.394241,NOR,MYS,5604
2099018,166,153,1296,1995,0.0,11902.0,0.5558270000000001,0.773271,NZL,MYS,5604
2099019,168,153,1296,1995,0.0,2657.0,-0.707965,-0.324784,PAK,MYS,5604
2099020,169,153,1296,1995,0.0,4120.0,-0.019815,0.050906,PAN,MYS,5604
2099021,174,153,1296,1995,0.0,28104.0,-0.480548,0.076564,PHL,MYS,5604
2099022,177,153,1296,1995,0.0,36636.0,0.76393,1.802648,POL,MYS,5604
2099023,179,153,1296,1995,2754.0,0.0,0.412677,1.254009,PRT,MYS,5604
2099024,188,153,1296,1995,0.0,7752.0,0.401573,-0.6676529999999999,SAU,MYS,5604
2099025,192,153,1296,1995,273519.0,1172975.0,0.747684,0.4745,SGP,MYS,5604
2099026,197,153,1296,1995,0.0,39777.0,-0.17119600000000001,0.027889999999999998,SLV,MYS,5604
2099027,216,153,1296,1995,28307.0,0.0,0.174522,1.608058,THA,MYS,5604
2099028,231,153,1296,1995,61866.0,225371.0,1.771648,1.184,USA,MYS,5604
2099029,236,153,1296,1995,0.0,14573.0,0.299294,-0.635474,VEN,MYS,5604
2099030,239,153,1296,1995,0.0,2184.0,-1.0462069999999999,-0.269063,VNM,MYS,5604
2099031,249,153,1296,1995,1039835.0,22203.0,1.345205,1.9337389999999999,TWN,MYS,5604
2099032,6,162,1296,1995,0.0,7272.0,-0.020759,-0.653863,ANT,NLD,5604
2099033,7,162,1296,1995,0.0,38762.0,-0.205166,-0.6132380000000001,ARE,NLD,5604
2099034,15,162,1296,1995,1442950.0,15899.0,2.000295,0.661255,AUT,NLD,5604
2099035,18,162,1296,1995,257345.0,291776.0,1.615588,1.394102,BEL,NLD,5604
2099036,28,162,1296,1995,0.0,6517.0,0.5290279999999999,0.27031700000000003,BLR,NLD,5604
2099037,39,162,1296,1995,0.0,3541.0,1.077804,1.0724200000000002,CAN,NLD,5604
2099038,41,162,1296,1995,0.0,27726.0,2.1893029999999998,0.82765,CHE,NLD,5604
2099039,43,162,1296,1995,164905.0,0.0,0.387897,3.2147919999999996,CHN,NLD,5604
2099040,49,162,1296,1995,0.0,5325.0,0.094335,0.13047999999999998,COL,NLD,5604
2099041,59,162,1296,1995,2301.0,7363.0,1.375091,1.628069,CZE,NLD,5604
2099042,61,162,1296,1995,38285531.0,366111.0,2.325385,-2.2238189999999998,DEU,NLD,5604
2099043,64,162,1296,1995,16565.0,22763.0,1.3800270000000001,1.489036,DNK,NLD,5604
2099044,71,162,1296,1995,27627.0,19683.0,1.144247,1.933844,ESP,NLD,5604
2099045,74,162,1296,1995,0.0,13847.0,2.0085740000000003,1.126816,FIN,NLD,5604
2099046,77,162,1296,1995,440553.0,18363.0,1.768484,0.765537,FRA,NLD,5604
2099047,81,162,1296,1995,580642.0,95577.0,1.8656979999999999,1.107121,GBR,NLD,5604
2099048,97,162,1296,1995,453684.0,4320.0,0.5244449999999999,2.682738,HKG,NLD,5604
2099049,102,162,1296,1995,0.0,17089.0,0.878711,1.8200060000000002,HUN,NLD,5604
2099050,104,162,1296,1995,0.0,3461.0,0.156183,1.9617380000000002,IND,NLD,5604
2099051,106,162,1296,1995,0.0,7013.0,1.349192,0.992099,IRL,NLD,5604
2099052,109,162,1296,1995,0.0,2452.0,0.161331,-0.45210100000000003,ISL,NLD,5604
2099053,110,162,1296,1995,0.0,3844.0,1.205368,1.189434,ISR,NLD,5604
2099054,111,162,1296,1995,127568.0,33068.0,1.503379,1.449094,ITA,NLD,5604
2099055,114,162,1296,1995,179566.0,13307.0,2.56822,0.927307,JPN,NLD,5604
2099056,121,162,1296,1995,0.0,10844.0,0.845175,1.2761799999999999,KOR,NLD,5604
2099057,138,162,1296,1995,0.0,57091.0,0.6414300000000001,0.9697520000000001,MEX,NLD,5604
2099058,153,162,1296,1995,259925.0,0.0,0.357745,0.374284,MYS,NLD,5604
2099059,163,162,1296,1995,0.0,2118.0,1.019741,0.394241,NOR,NLD,5604
2099060,166,162,1296,1995,0.0,10038.0,0.5558270000000001,0.773271,NZL,NLD,5604
2099061,177,162,1296,1995,0.0,31070.0,0.76393,1.802648,POL,NLD,5604
2099062,179,162,1296,1995,0.0,14006.0,0.412677,1.254009,PRT,NLD,5604
2099063,185,162,1296,1995,0.0,4983.0,0.621468,1.038729,ROU,NLD,5604
2099064,188,162,1296,1995,0.0,211213.0,0.401573,-0.6676529999999999,SAU,NLD,5604
2099065,192,162,1296,1995,25261.0,0.0,0.747684,0.4745,SGP,NLD,5604
2099066,206,162,1296,1995,0.0,9782.0,1.2249780000000001,1.405585,SVK,NLD,5604
2099067,208,162,1296,1995,31897.0,26445.0,2.246997,1.060171,SWE,NLD,5604
2099068,216,162,1296,1995,2358.0,9528.0,0.174522,1.608058,THA,NLD,5604
2099069,223,162,1296,1995,0.0,19652.0,-0.253792,-0.044331,TUN,NLD,5604
2099070,224,162,1296,1995,0.0,5069.0,0.166794,1.209066,TUR,NLD,5604
2099071,226,162,1296,1995,0.0,5493.0,-1.219949,-0.8698969999999999,TZA,NLD,5604
2099072,231,162,1296,1995,286269.0,187645.0,1.771648,1.184,USA,NLD,5604
2099073,246,162,1296,1995,11260.0,1279.0,0.468112,1.039817,ZAF,NLD,5604
2099074,249,162,1296,1995,8423.0,4686.0,1.345205,1.9337389999999999,TWN,NLD,5604
2099075,15,163,1296,1995,9631.0,0.0,2.000295,0.661255,AUT,NOR,5604
2099076,18,163,1296,1995,6307.0,0.0,1.615588,1.394102,BEL,NOR,5604
2099077,39,163,1296,1995,40087.0,0.0,1.077804,1.0724200000000002,CAN,NOR,5604
2099078,43,163,1296,1995,34057.0,0.0,0.387897,3.2147919999999996,CHN,NOR,5604
2099079,59,163,1296,1995,9487.0,0.0,1.375091,1.628069,CZE,NOR,5604
2099080,61,163,1296,1995,2640256.0,0.0,2.325385,-2.2238189999999998,DEU,NOR,5604
2099081,64,163,1296,1995,54382.0,30636.0,1.3800270000000001,1.489036,DNK,NOR,5604
2099082,71,163,1296,1995,2242.0,0.0,1.144247,1.933844,ESP,NOR,5604
2099083,72,163,1296,1995,1040.0,7181.0,0.530041,1.134288,EST,NOR,5604
2099084,74,163,1296,1995,0.0,5059.0,2.0085740000000003,1.126816,FIN,NOR,5604
2099085,77,163,1296,1995,48283.0,0.0,1.768484,0.765537,FRA,NOR,5604
2099086,81,163,1296,1995,12842.0,0.0,1.8656979999999999,1.107121,GBR,NOR,5604
2099087,97,163,1296,1995,0.0,5656.0,0.5244449999999999,2.682738,HKG,NOR,5604
2099088,106,163,1296,1995,2265.0,0.0,1.349192,0.992099,IRL,NOR,5604
2099089,111,163,1296,1995,3649.0,0.0,1.503379,1.449094,ITA,NOR,5604
2099090,121,163,1296,1995,0.0,2299.0,0.845175,1.2761799999999999,KOR,NOR,5604
2099091,130,163,1296,1995,0.0,19383.0,0.41220500000000004,0.966966,LTU,NOR,5604
2099092,153,163,1296,1995,2301.0,0.0,0.357745,0.374284,MYS,NOR,5604
2099093,162,163,1296,1995,2118.0,0.0,1.304391,1.8819119999999998,NLD,NOR,5604
2099094,177,163,1296,1995,0.0,13481.0,0.76393,1.802648,POL,NOR,5604
2099095,186,163,1296,1995,0.0,46004.0,0.364437,0.171494,RUS,NOR,5604
2099096,208,163,1296,1995,97228.0,5536.0,2.246997,1.060171,SWE,NOR,5604
2099097,231,163,1296,1995,51432.0,0.0,1.771648,1.184,USA,NOR,5604
2099098,249,163,1296,1995,2455.0,0.0,1.345205,1.9337389999999999,TWN,NOR,5604
2099099,43,169,1296,1995,1646.0,0.0,0.387897,3.2147919999999996,CHN,PAN,5604
2099100,49,169,1296,1995,90942.0,8830.0,0.094335,0.13047999999999998,COL,PAN,5604
2099101,52,169,1296,1995,5295.0,0.0,-0.30094699999999996,-0.046285,CRI,PAN,5604
2099102,61,169,1296,1995,885.0,0.0,2.325385,-2.2238189999999998,DEU,PAN,5604
2099103,114,169,1296,1995,10643.0,0.0,2.56822,0.927307,JPN,PAN,5604
2099104,138,169,1296,1995,23710.0,0.0,0.6414300000000001,0.9697520000000001,MEX,PAN,5604
2099105,153,169,1296,1995,4120.0,0.0,0.357745,0.374284,MYS,PAN,5604
2099106,173,169,1296,1995,5324.0,0.0,-0.263859,-0.21032800000000001,PER,PAN,5604
2099107,231,169,1296,1995,664702.0,0.0,1.771648,1.184,USA,PAN,5604
2099108,236,169,1296,1995,4369.0,0.0,0.299294,-0.635474,VEN,PAN,5604
2099109,249,169,1296,1995,37477.0,0.0,1.345205,1.9337389999999999,TWN,PAN,5604
2099110,250,169,1296,1995,12623.0,0.0,1.034518,0.9735149999999999,ANS,PAN,5604
2099111,31,173,1296,1995,0.0,266865.0,-0.440583,-0.688389,BOL,PER,5604
2099112,42,173,1296,1995,0.0,11221.0,-0.073436,-0.192675,CHL,PER,5604
2099113,49,173,1296,1995,1916.0,6603.0,0.094335,0.13047999999999998,COL,PER,5604
2099114,61,173,1296,1995,586648.0,0.0,2.325385,-2.2238189999999998,DEU,PER,5604
2099115,67,173,1296,1995,0.0,4669.0,-0.948154,-0.9595790000000001,ECU,PER,5604
2099116,106,173,1296,1995,0.0,49177.0,1.349192,0.992099,IRL,PER,5604
2099117,169,173,1296,1995,0.0,5324.0,-0.019815,0.050906,PAN,PER,5604
2099118,231,173,1296,1995,59264.0,0.0,1.771648,1.184,USA,PER,5604
2099119,236,173,1296,1995,31128.0,0.0,0.299294,-0.635474,VEN,PER,5604
2099120,15,177,1296,1995,2370.0,14461.0,2.000295,0.661255,AUT,POL,5604
2099121,18,177,1296,1995,202495.0,0.0,1.615588,1.394102,BEL,POL,5604
2099122,43,177,1296,1995,32602.0,0.0,0.387897,3.2147919999999996,CHN,POL,5604
2099123,58,177,1296,1995,0.0,3216.0,0.263764,0.030358999999999997,CYP,POL,5604
2099124,59,177,1296,1995,90833.0,21465.0,1.375091,1.628069,CZE,POL,5604
2099125,61,177,1296,1995,7390602.0,136292.0,2.325385,-2.2238189999999998,DEU,POL,5604
2099126,64,177,1296,1995,88300.0,0.0,1.3800270000000001,1.489036,DNK,POL,5604
2099127,77,177,1296,1995,83624.0,0.0,1.768484,0.765537,FRA,POL,5604
2099128,81,177,1296,1995,13701.0,12154.0,1.8656979999999999,1.107121,GBR,POL,5604
2099129,102,177,1296,1995,0.0,76619.0,0.878711,1.8200060000000002,HUN,POL,5604
2099130,111,177,1296,1995,14753.0,0.0,1.503379,1.449094,ITA,POL,5604
2099131,130,177,1296,1995,0.0,2264.0,0.41220500000000004,0.966966,LTU,POL,5604
2099132,132,177,1296,1995,0.0,3514.0,0.25453400000000004,0.174809,LVA,POL,5604
2099133,153,177,1296,1995,36636.0,0.0,0.357745,0.374284,MYS,POL,5604
2099134,162,177,1296,1995,31070.0,0.0,1.304391,1.8819119999999998,NLD,POL,5604
2099135,163,177,1296,1995,13481.0,0.0,1.019741,0.394241,NOR,POL,5604
2099136,206,177,1296,1995,0.0,69920.0,1.2249780000000001,1.405585,SVK,POL,5604
2099137,208,177,1296,1995,79756.0,156143.0,2.246997,1.060171,SWE,POL,5604
2099138,224,177,1296,1995,232745.0,0.0,0.166794,1.209066,TUR,POL,5604
2099139,231,177,1296,1995,2959.0,0.0,1.771648,1.184,USA,POL,5604
2099140,250,177,1296,1995,335271.0,17250.0,1.034518,0.9735149999999999,ANS,POL,5604
2099141,2,179,1296,1995,0.0,42185.0,-2.2342459999999997,-1.1147639999999999,AGO,PRT,5604
2099142,24,179,1296,1995,0.0,1099.0,-0.239166,-0.8627950000000001,BHR,PRT,5604
2099143,32,179,1296,1995,0.0,164505.0,0.687171,1.188647,BRA,PRT,5604
2099144,39,179,1296,1995,0.0,49078.0,1.077804,1.0724200000000002,CAN,PRT,5604
2099145,41,179,1296,1995,10166.0,0.0,2.1893029999999998,0.82765,CHE,PRT,5604
2099146,43,179,1296,1995,14585.0,0.0,0.387897,3.2147919999999996,CHN,PRT,5604
2099147,61,179,1296,1995,26922133.0,6694.0,2.325385,-2.2238189999999998,DEU,PRT,5604
2099148,71,179,1296,1995,162528.0,47462.0,1.144247,1.933844,ESP,PRT,5604
2099149,77,179,1296,1995,10035.0,127403.0,1.768484,0.765537,FRA,PRT,5604
2099150,81,179,1296,1995,81844.0,5554.0,1.8656979999999999,1.107121,GBR,PRT,5604
2099151,86,179,1296,1995,0.0,6936.0,0.563491,-0.18852,GLP,PRT,5604
2099152,111,179,1296,1995,837233.0,0.0,1.503379,1.449094,ITA,PRT,5604
2099153,114,179,1296,1995,14468.0,0.0,2.56822,0.927307,JPN,PRT,5604
2099154,130,179,1296,1995,0.0,27515.0,0.41220500000000004,0.966966,LTU,PRT,5604
2099155,147,179,1296,1995,0.0,8577.0,-1.031627,-1.02484,MOZ,PRT,5604
2099156,153,179,1296,1995,0.0,2754.0,0.357745,0.374284,MYS,PRT,5604
2099157,162,179,1296,1995,14006.0,0.0,1.304391,1.8819119999999998,NLD,PRT,5604
2099158,186,179,1296,1995,0.0,36557.0,0.364437,0.171494,RUS,PRT,5604
2099159,231,179,1296,1995,7323.0,0.0,1.771648,1.184,USA,PRT,5604
2099160,114,205,1296,1995,5725.0,0.0,2.56822,0.927307,JPN,SUR,5604
2099161,14,216,1296,1995,1239.0,24893.0,0.44442,0.789292,AUS,THA,5604
2099162,18,216,1296,1995,0.0,142011.0,1.615588,1.394102,BEL,THA,5604
2099163,22,216,1296,1995,0.0,5529.0,-1.037175,-0.983195,BGD,THA,5604
2099164,39,216,1296,1995,0.0,4629.0,1.077804,1.0724200000000002,CAN,THA,5604
2099165,43,216,1296,1995,73345.0,255435.0,0.387897,3.2147919999999996,CHN,THA,5604
2099166,61,216,1296,1995,1362207.0,0.0,2.325385,-2.2238189999999998,DEU,THA,5604
2099167,68,216,1296,1995,0.0,22938.0,-0.340042,-0.085601,EGY,THA,5604
2099168,74,216,1296,1995,0.0,4995.0,2.0085740000000003,1.126816,FIN,THA,5604
2099169,77,216,1296,1995,2668.0,69663.0,1.768484,0.765537,FRA,THA,5604
2099170,81,216,1296,1995,41862.0,0.0,1.8656979999999999,1.107121,GBR,THA,5604
2099171,97,216,1296,1995,17388.0,183022.0,0.5244449999999999,2.682738,HKG,THA,5604
2099172,100,216,1296,1995,0.0,2913.0,0.75325,1.395715,HRV,THA,5604
2099173,103,216,1296,1995,8188.0,41836.0,-0.391727,1.174727,IDN,THA,5604
2099174,104,216,1296,1995,0.0,33649.0,0.156183,1.9617380000000002,IND,THA,5604
2099175,106,216,1296,1995,9438.0,0.0,1.349192,0.992099,IRL,THA,5604
2099176,111,216,1296,1995,6968.0,0.0,1.503379,1.449094,ITA,THA,5604
2099177,114,216,1296,1995,1250061.0,1023681.0,2.56822,0.927307,JPN,THA,5604
2099178,118,216,1296,1995,0.0,74489.0,-1.275951,-1.144633,KHM,THA,5604
2099179,121,216,1296,1995,36533.0,0.0,0.845175,1.2761799999999999,KOR,THA,5604
2099180,128,216,1296,1995,0.0,10997.0,-0.8358030000000001,-0.29397199999999996,LKA,THA,5604
2099181,137,216,1296,1995,0.0,917.0,-1.258938,-0.9818629999999999,MDV,THA,5604
2099182,143,216,1296,1995,0.0,22790.0,-1.5669309999999999,-1.124558,MMR,THA,5604
2099183,153,216,1296,1995,0.0,28307.0,0.357745,0.374284,MYS,THA,5604
2099184,162,216,1296,1995,9528.0,2358.0,1.304391,1.8819119999999998,NLD,THA,5604
2099185,164,216,1296,1995,0.0,291307.0,-0.779984,-0.7621479999999999,NPL,THA,5604
2099186,188,216,1296,1995,0.0,2239.0,0.401573,-0.6676529999999999,SAU,THA,5604
2099187,192,216,1296,1995,1140.0,2414243.0,0.747684,0.4745,SGP,THA,5604
2099188,231,216,1296,1995,306339.0,8723.0,1.771648,1.184,USA,THA,5604
2099189,239,216,1296,1995,0.0,13986.0,-1.0462069999999999,-0.269063,VNM,THA,5604
2099190,249,216,1296,1995,370581.0,0.0,1.345205,1.9337389999999999,TWN,THA,5604
2099191,32,222,1296,1995,56108.0,0.0,0.687171,1.188647,BRA,TTO,5604
2099192,39,222,1296,1995,23342.0,0.0,1.077804,1.0724200000000002,CAN,TTO,5604
2099193,43,222,1296,1995,3052.0,0.0,0.387897,3.2147919999999996,CHN,TTO,5604
2099194,61,222,1296,1995,2783.0,0.0,2.325385,-2.2238189999999998,DEU,TTO,5604
2099195,96,222,1296,1995,0.0,1821.0,-0.8856,-0.8413700000000001,GUY,TTO,5604
2099196,231,222,1296,1995,61734.0,0.0,1.771648,1.184,USA,TTO,5604
2099197,249,222,1296,1995,18571.0,0.0,1.345205,1.9337389999999999,TWN,TTO,5604
2099198,7,231,1296,1995,0.0,213493.0,-0.205166,-0.6132380000000001,ARE,USA,5604
2099199,8,231,1296,1995,0.0,141390.0,0.245885,0.5489850000000001,ARG,USA,5604
2099200,14,231,1296,1995,7661.0,130459.0,0.44442,0.789292,AUS,USA,5604
2099201,15,231,1296,1995,29309.0,4724.0,2.000295,0.661255,AUT,USA,5604
2099202,18,231,1296,1995,0.0,894094.0,1.615588,1.394102,BEL,USA,5604
2099203,24,231,1296,1995,0.0,6454.0,-0.239166,-0.8627950000000001,BHR,USA,5604
2099204,25,231,1296,1995,0.0,9789.0,0.501206,-0.32106799999999996,BHS,USA,5604
2099205,31,231,1296,1995,0.0,3520.0,-0.440583,-0.688389,BOL,USA,5604
2099206,32,231,1296,1995,6894.0,236102.0,0.687171,1.188647,BRA,USA,5604
2099207,33,231,1296,1995,0.0,4298.0,1.055447,0.422738,BRB,USA,5604
2099208,34,231,1296,1995,0.0,19945.0,-0.979701,-0.85456,BRN,USA,5604
2099209,39,231,1296,1995,101156.0,2627851.0,1.077804,1.0724200000000002,CAN,USA,5604
2099210,41,231,1296,1995,87900.0,0.0,2.1893029999999998,0.82765,CHE,USA,5604
2099211,42,231,1296,1995,0.0,404561.0,-0.073436,-0.192675,CHL,USA,5604
2099212,43,231,1296,1995,547684.0,55755.0,0.387897,3.2147919999999996,CHN,USA,5604
2099213,49,231,1296,1995,0.0,600044.0,0.094335,0.13047999999999998,COL,USA,5604
2099214,52,231,1296,1995,0.0,762411.0,-0.30094699999999996,-0.046285,CRI,USA,5604
2099215,61,231,1296,1995,73342621.0,364209.0,2.325385,-2.2238189999999998,DEU,USA,5604
2099216,64,231,1296,1995,0.0,36629.0,1.3800270000000001,1.489036,DNK,USA,5604
2099217,65,231,1296,1995,0.0,639697.0,-0.635482,-0.746526,DOM,USA,5604
2099218,66,231,1296,1995,0.0,1222.0,-0.555409,-1.037972,DZA,USA,5604
2099219,67,231,1296,1995,0.0,228818.0,-0.948154,-0.9595790000000001,ECU,USA,5604
2099220,68,231,1296,1995,0.0,75220.0,-0.340042,-0.085601,EGY,USA,5604
2099221,71,231,1296,1995,20900.0,27172.0,1.144247,1.933844,ESP,USA,5604
2099222,72,231,1296,1995,0.0,1090.0,0.530041,1.134288,EST,USA,5604
2099223,74,231,1296,1995,0.0,5897.0,2.0085740000000003,1.126816,FIN,USA,5604
2099224,77,231,1296,1995,1153995.0,138106.0,1.768484,0.765537,FRA,USA,5604
2099225,81,231,1296,1995,176917.0,1083338.0,1.8656979999999999,1.107121,GBR,USA,5604
2099226,90,231,1296,1995,59266.0,67149.0,0.17369,0.885756,GRC,USA,5604
2099227,93,231,1296,1995,0.0,494777.0,-0.241468,0.170932,GTM,USA,5604
2099228,97,231,1296,1995,33322.0,803794.0,0.5244449999999999,2.682738,HKG,USA,5604
2099229,99,231,1296,1995,0.0,2284089.0,-0.765536,-0.668834,HND,USA,5604
2099230,101,231,1296,1995,0.0,13206.0,-0.761827,-0.6020310000000001,HTI,USA,5604
2099231,102,231,1296,1995,6636.0,2895.0,0.878711,1.8200060000000002,HUN,USA,5604
2099232,103,231,1296,1995,0.0,51163.0,-0.391727,1.174727,IDN,USA,5604
2099233,104,231,1296,1995,113304.0,81444.0,0.156183,1.9617380000000002,IND,USA,5604
2099234,106,231,1296,1995,377737.0,106583.0,1.349192,0.992099,IRL,USA,5604
2099235,109,231,1296,1995,0.0,22548.0,0.161331,-0.45210100000000003,ISL,USA,5604
2099236,110,231,1296,1995,372768.0,212080.0,1.205368,1.189434,ISR,USA,5604
2099237,111,231,1296,1995,264485.0,115592.0,1.503379,1.449094,ITA,USA,5604
2099238,112,231,1296,1995,0.0,925956.0,-0.873925,-0.952304,JAM,USA,5604
2099239,113,231,1296,1995,0.0,17451.0,0.666542,0.326785,JOR,USA,5604
2099240,114,231,1296,1995,3024279.0,548435.0,2.56822,0.927307,JPN,USA,5604
2099241,120,231,1296,1995,0.0,819.0,0.45250200000000007,-0.45284399999999997,KNA,USA,5604
2099242,121,231,1296,1995,58982.0,254952.0,0.845175,1.2761799999999999,KOR,USA,5604
2099243,124,231,1296,1995,0.0,19254.0,0.027416000000000003,0.327795,LBN,USA,5604
2099244,127,231,1296,1995,4979.0,102349.0,0.194177,-0.359444,LCA,USA,5604
2099245,130,231,1296,1995,0.0,5730.0,0.41220500000000004,0.966966,LTU,USA,5604
2099246,132,231,1296,1995,0.0,8289.0,0.25453400000000004,0.174809,LVA,USA,5604
2099247,138,231,1296,1995,187881.0,4122062.0,0.6414300000000001,0.9697520000000001,MEX,USA,5604
2099248,140,231,1296,1995,0.0,3832.0,0.34174,0.648467,MKD,USA,5604
2099249,150,231,1296,1995,0.0,3312.0,0.68423,-0.22968200000000003,MTQ,USA,5604
2099250,153,231,1296,1995,225371.0,61866.0,0.357745,0.374284,MYS,USA,5604
2099251,157,231,1296,1995,0.0,101086.0,-0.288248,-0.592174,NER,USA,5604
2099252,159,231,1296,1995,0.0,327545.0,-2.108206,-1.2017520000000002,NGA,USA,5604
2099253,160,231,1296,1995,0.0,82404.0,-0.395096,-0.559934,NIC,USA,5604
2099254,162,231,1296,1995,187645.0,286269.0,1.304391,1.8819119999999998,NLD,USA,5604
2099255,163,231,1296,1995,0.0,51432.0,1.019741,0.394241,NOR,USA,5604
2099256,166,231,1296,1995,8009.0,183671.0,0.5558270000000001,0.773271,NZL,USA,5604
2099257,169,231,1296,1995,0.0,664702.0,-0.019815,0.050906,PAN,USA,5604
2099258,173,231,1296,1995,0.0,59264.0,-0.263859,-0.21032800000000001,PER,USA,5604
2099259,174,231,1296,1995,16719.0,3019.0,-0.480548,0.076564,PHL,USA,5604
2099260,177,231,1296,1995,0.0,2959.0,0.76393,1.802648,POL,USA,5604
2099261,179,231,1296,1995,0.0,7323.0,0.412677,1.254009,PRT,USA,5604
2099262,180,231,1296,1995,0.0,4909.0,-0.283544,-0.640898,PRY,USA,5604
2099263,185,231,1296,1995,0.0,9957.0,0.621468,1.038729,ROU,USA,5604
2099264,186,231,1296,1995,0.0,25835.0,0.364437,0.171494,RUS,USA,5604
2099265,188,231,1296,1995,0.0,164155.0,0.401573,-0.6676529999999999,SAU,USA,5604
2099266,192,231,1296,1995,132732.0,58777.0,0.747684,0.4745,SGP,USA,5604
2099267,197,231,1296,1995,0.0,137756.0,-0.17119600000000001,0.027889999999999998,SLV,USA,5604
2099268,206,231,1296,1995,0.0,38162.0,1.2249780000000001,1.405585,SVK,USA,5604
2099269,208,231,1296,1995,109967.0,14481.0,2.246997,1.060171,SWE,USA,5604
2099270,212,231,1296,1995,0.0,35265.0,-0.8829469999999999,-0.809407,SYR,USA,5604
2099271,216,231,1296,1995,8723.0,306339.0,0.174522,1.608058,THA,USA,5604
2099272,222,231,1296,1995,0.0,61734.0,0.254658,-0.496058,TTO,USA,5604
2099273,224,231,1296,1995,13195.0,84331.0,0.166794,1.209066,TUR,USA,5604
2099274,230,231,1296,1995,0.0,1914.0,0.45133900000000005,0.50831,URY,USA,5604
2099275,234,231,1296,1995,0.0,9069.0,-0.369315,-0.751156,VCT,USA,5604
2099276,236,231,1296,1995,0.0,142165.0,0.299294,-0.635474,VEN,USA,5604
2099277,239,231,1296,1995,0.0,8448.0,-1.0462069999999999,-0.269063,VNM,USA,5604
2099278,246,231,1296,1995,0.0,196360.0,0.468112,1.039817,ZAF,USA,5604
2099279,248,231,1296,1995,0.0,5029.0,-0.054752999999999996,0.326737,ZWE,USA,5604
2099280,249,231,1296,1995,209399.0,181447.0,1.345205,1.9337389999999999,TWN,USA,5604
2099281,41,14,1296,1995,0.0,3355.0,2.1893029999999998,0.82765,CHE,AUS,5604
2099282,43,14,1296,1995,59626.0,30028.0,0.387897,3.2147919999999996,CHN,AUS,5604
2099283,59,14,1296,1995,0.0,1883.0,1.375091,1.628069,CZE,AUS,5604
2099284,61,14,1296,1995,2258006.0,0.0,2.325385,-2.2238189999999998,DEU,AUS,5604
2099285,75,14,1296,1995,0.0,35793.0,-0.998257,-0.9565629999999999,FJI,AUS,5604
2099286,77,14,1296,1995,0.0,3790.0,1.768484,0.765537,FRA,AUS,5604
2099287,81,14,1296,1995,104490.0,8395.0,1.8656979999999999,1.107121,GBR,AUS,5604
2099288,90,14,1296,1995,0.0,4117.0,0.17369,0.885756,GRC,AUS,5604
2099289,97,14,1296,1995,7538.0,278854.0,0.5244449999999999,2.682738,HKG,AUS,5604
2099290,103,14,1296,1995,83451.0,5726.0,-0.391727,1.174727,IDN,AUS,5604
2099291,111,14,1296,1995,25887.0,0.0,1.503379,1.449094,ITA,AUS,5604
2099292,114,14,1296,1995,196840.0,0.0,2.56822,0.927307,JPN,AUS,5604
2099293,121,14,1296,1995,19295.0,3223.0,0.845175,1.2761799999999999,KOR,AUS,5604
2099294,128,14,1296,1995,0.0,68914.0,-0.8358030000000001,-0.29397199999999996,LKA,AUS,5604
2099295,153,14,1296,1995,162470.0,122523.0,0.357745,0.374284,MYS,AUS,5604
2099296,166,14,1296,1995,213232.0,141718.0,0.5558270000000001,0.773271,NZL,AUS,5604
2099297,174,14,1296,1995,1485.0,0.0,-0.480548,0.076564,PHL,AUS,5604
2099298,188,14,1296,1995,0.0,12291.0,0.401573,-0.6676529999999999,SAU,AUS,5604
2099299,192,14,1296,1995,23196.0,4274.0,0.747684,0.4745,SGP,AUS,5604
2099300,216,14,1296,1995,24893.0,1239.0,0.174522,1.608058,THA,AUS,5604
2099301,231,14,1296,1995,130459.0,7661.0,1.771648,1.184,USA,AUS,5604
2099302,249,14,1296,1995,114530.0,0.0,1.345205,1.9337389999999999,TWN,AUS,5604
2099303,43,22,1296,1995,47813.0,0.0,0.387897,3.2147919999999996,CHN,BGD,5604
2099304,61,22,1296,1995,123582.0,0.0,2.325385,-2.2238189999999998,DEU,BGD,5604
2099305,97,22,1296,1995,42372.0,0.0,0.5244449999999999,2.682738,HKG,BGD,5604
2099306,103,22,1296,1995,135600.0,0.0,-0.391727,1.174727,IDN,BGD,5604
2099307,104,22,1296,1995,21173.0,0.0,0.156183,1.9617380000000002,IND,BGD,5604
2099308,111,22,1296,1995,7203.0,38822.0,1.503379,1.449094,ITA,BGD,5604
2099309,114,22,1296,1995,29004.0,0.0,2.56822,0.927307,JPN,BGD,5604
2099310,121,22,1296,1995,246701.0,0.0,0.845175,1.2761799999999999,KOR,BGD,5604
2099311,153,22,1296,1995,2861.0,0.0,0.357745,0.374284,MYS,BGD,5604
2099312,192,22,1296,1995,8429.0,0.0,0.747684,0.4745,SGP,BGD,5604
2099313,208,22,1296,1995,528.0,0.0,2.246997,1.060171,SWE,BGD,5604
2099314,216,22,1296,1995,5529.0,0.0,0.174522,1.608058,THA,BGD,5604
2099315,249,22,1296,1995,151918.0,0.0,1.345205,1.9337389999999999,TWN,BGD,5604
2099316,250,22,1296,1995,1289.0,0.0,1.034518,0.9735149999999999,ANS,BGD,5604
2099317,41,39,1296,1995,1386.0,0.0,2.1893029999999998,0.82765,CHE,CAN,5604
2099318,43,39,1296,1995,72818.0,5820.0,0.387897,3.2147919999999996,CHN,CAN,5604
2099319,61,39,1296,1995,4738550.0,8760.0,2.325385,-2.2238189999999998,DEU,CAN,5604
2099320,65,39,1296,1995,0.0,16145.0,-0.635482,-0.746526,DOM,CAN,5604
2099321,77,39,1296,1995,680508.0,0.0,1.768484,0.765537,FRA,CAN,5604
2099322,81,39,1296,1995,67489.0,0.0,1.8656979999999999,1.107121,GBR,CAN,5604
2099323,97,39,1296,1995,65513.0,0.0,0.5244449999999999,2.682738,HKG,CAN,5604
2099324,104,39,1296,1995,2197.0,0.0,0.156183,1.9617380000000002,IND,CAN,5604
2099325,111,39,1296,1995,34562.0,0.0,1.503379,1.449094,ITA,CAN,5604
2099326,114,39,1296,1995,74479.0,0.0,2.56822,0.927307,JPN,CAN,5604
2099327,120,39,1296,1995,0.0,836.0,0.45250200000000007,-0.45284399999999997,KNA,CAN,5604
2099328,121,39,1296,1995,6919.0,0.0,0.845175,1.2761799999999999,KOR,CAN,5604
2099329,138,39,1296,1995,23677.0,96511.0,0.6414300000000001,0.9697520000000001,MEX,CAN,5604
2099330,162,39,1296,1995,3541.0,0.0,1.304391,1.8819119999999998,NLD,CAN,5604
2099331,163,39,1296,1995,0.0,40087.0,1.019741,0.394241,NOR,CAN,5604
2099332,166,39,1296,1995,2280.0,48701.0,0.5558270000000001,0.773271,NZL,CAN,5604
2099333,179,39,1296,1995,49078.0,0.0,0.412677,1.254009,PRT,CAN,5604
2099334,188,39,1296,1995,0.0,27372.0,0.401573,-0.6676529999999999,SAU,CAN,5604
2099335,216,39,1296,1995,4629.0,0.0,0.174522,1.608058,THA,CAN,5604
2099336,222,39,1296,1995,0.0,23342.0,0.254658,-0.496058,TTO,CAN,5604
2099337,223,39,1296,1995,0.0,12296.0,-0.253792,-0.044331,TUN,CAN,5604
2099338,231,39,1296,1995,2627851.0,101156.0,1.771648,1.184,USA,CAN,5604
2099339,249,39,1296,1995,51938.0,0.0,1.345205,1.9337389999999999,TWN,CAN,5604
2099340,14,41,1296,1995,3355.0,0.0,0.44442,0.789292,AUS,CHE,5604
2099341,15,41,1296,1995,104152.0,291165.0,2.000295,0.661255,AUT,CHE,5604
2099342,18,41,1296,1995,13530.0,3486.0,1.615588,1.394102,BEL,CHE,5604
2099343,32,41,1296,1995,0.0,13386.0,0.687171,1.188647,BRA,CHE,5604
2099344,39,41,1296,1995,0.0,1386.0,1.077804,1.0724200000000002,CAN,CHE,5604
2099345,49,41,1296,1995,0.0,6042.0,0.094335,0.13047999999999998,COL,CHE,5604
2099346,59,41,1296,1995,0.0,8141.0,1.375091,1.628069,CZE,CHE,5604
2099347,61,41,1296,1995,21439645.0,140287.0,2.325385,-2.2238189999999998,DEU,CHE,5604
2099348,64,41,1296,1995,4926.0,16037.0,1.3800270000000001,1.489036,DNK,CHE,5604
2099349,71,41,1296,1995,573679.0,0.0,1.144247,1.933844,ESP,CHE,5604
2099350,74,41,1296,1995,0.0,42437.0,2.0085740000000003,1.126816,FIN,CHE,5604
2099351,77,41,1296,1995,24257.0,170577.0,1.768484,0.765537,FRA,CHE,5604
2099352,81,41,1296,1995,41675.0,326924.0,1.8656979999999999,1.107121,GBR,CHE,5604
2099353,102,41,1296,1995,0.0,15823.0,0.878711,1.8200060000000002,HUN,CHE,5604
2099354,111,41,1296,1995,213749.0,20692.0,1.503379,1.449094,ITA,CHE,5604
2099355,114,41,1296,1995,12690.0,0.0,2.56822,0.927307,JPN,CHE,5604
2099356,121,41,1296,1995,998.0,0.0,0.845175,1.2761799999999999,KOR,CHE,5604
2099357,140,41,1296,1995,0.0,1234.0,0.34174,0.648467,MKD,CHE,5604
2099358,151,41,1296,1995,0.0,3846.0,-0.432644,-0.574298,MUS,CHE,5604
2099359,162,41,1296,1995,27726.0,0.0,1.304391,1.8819119999999998,NLD,CHE,5604
2099360,179,41,1296,1995,0.0,10166.0,0.412677,1.254009,PRT,CHE,5604
2099361,188,41,1296,1995,0.0,38590.0,0.401573,-0.6676529999999999,SAU,CHE,5604
2099362,208,41,1296,1995,1511.0,18648.0,2.246997,1.060171,SWE,CHE,5604
2099363,231,41,1296,1995,0.0,87900.0,1.771648,1.184,USA,CHE,5604
2099364,249,41,1296,1995,7365.0,0.0,1.345205,1.9337389999999999,TWN,CHE,5604
2099365,31,42,1296,1995,0.0,36250.0,-0.440583,-0.688389,BOL,CHL,5604
2099366,49,42,1296,1995,80697.0,0.0,0.094335,0.13047999999999998,COL,CHL,5604
2099367,61,42,1296,1995,303880.0,0.0,2.325385,-2.2238189999999998,DEU,CHL,5604
2099368,71,42,1296,1995,4228.0,0.0,1.144247,1.933844,ESP,CHL,5604
2099369,111,42,1296,1995,1365.0,0.0,1.503379,1.449094,ITA,CHL,5604
2099370,114,42,1296,1995,45490.0,0.0,2.56822,0.927307,JPN,CHL,5604
2099371,153,42,1296,1995,63865.0,0.0,0.357745,0.374284,MYS,CHL,5604
2099372,173,42,1296,1995,11221.0,0.0,-0.263859,-0.21032800000000001,PER,CHL,5604
2099373,231,42,1296,1995,404561.0,0.0,1.771648,1.184,USA,CHL,5604
2099374,249,42,1296,1995,32474.0,0.0,1.345205,1.9337389999999999,TWN,CHL,5604
2099375,14,59,1296,1995,1883.0,0.0,0.44442,0.789292,AUS,CZE,5604
2099376,15,59,1296,1995,315283.0,156472.0,2.000295,0.661255,AUT,CZE,5604
2099377,18,59,1296,1995,4684.0,1511.0,1.615588,1.394102,BEL,CZE,5604
2099378,23,59,1296,1995,0.0,11452.0,0.436138,1.086561,BGR,CZE,5604
2099379,41,59,1296,1995,8141.0,0.0,2.1893029999999998,0.82765,CHE,CZE,5604
2099380,58,59,1296,1995,0.0,915.0,0.263764,0.030358999999999997,CYP,CZE,5604
2099381,61,59,1296,1995,2383900.0,85859.0,2.325385,-2.2238189999999998,DEU,CZE,5604
2099382,64,59,1296,1995,0.0,6778.0,1.3800270000000001,1.489036,DNK,CZE,5604
2099383,71,59,1296,1995,18574.0,0.0,1.144247,1.933844,ESP,CZE,5604
2099384,77,59,1296,1995,6210.0,1948.0,1.768484,0.765537,FRA,CZE,5604
2099385,81,59,1296,1995,83849.0,14672.0,1.8656979999999999,1.107121,GBR,CZE,5604
2099386,100,59,1296,1995,0.0,845.0,0.75325,1.395715,HRV,CZE,5604
2099387,102,59,1296,1995,0.0,12718.0,0.878711,1.8200060000000002,HUN,CZE,5604
2099388,111,59,1296,1995,156429.0,92418.0,1.503379,1.449094,ITA,CZE,5604
2099389,121,59,1296,1995,3277.0,0.0,0.845175,1.2761799999999999,KOR,CZE,5604
2099390,143,59,1296,1995,25079.0,0.0,-1.5669309999999999,-1.124558,MMR,CZE,5604
2099391,153,59,1296,1995,105240.0,0.0,0.357745,0.374284,MYS,CZE,5604
2099392,162,59,1296,1995,7363.0,2301.0,1.304391,1.8819119999999998,NLD,CZE,5604
2099393,163,59,1296,1995,0.0,9487.0,1.019741,0.394241,NOR,CZE,5604
2099394,177,59,1296,1995,21465.0,90833.0,0.76393,1.802648,POL,CZE,5604
2099395,206,59,1296,1995,3769.0,326312.0,1.2249780000000001,1.405585,SVK,CZE,5604
2099396,207,59,1296,1995,0.0,20832.0,1.424606,1.490521,SVN,CZE,5604
2099397,208,59,1296,1995,363009.0,22159.0,2.246997,1.060171,SWE,CZE,5604
2099398,228,59,1296,1995,2069.0,19421.0,0.428875,0.20489899999999997,UKR,CZE,5604
2099399,250,59,1296,1995,3657.0,0.0,1.034518,0.9735149999999999,ANS,CZE,5604
2099400,58,68,1296,1995,2114.0,0.0,0.263764,0.030358999999999997,CYP,EGY,5604
2099401,61,68,1296,1995,921507.0,0.0,2.325385,-2.2238189999999998,DEU,EGY,5604
2099402,81,68,1296,1995,39677.0,21296.0,1.8656979999999999,1.107121,GBR,EGY,5604
2099403,111,68,1296,1995,30712.0,23603.0,1.503379,1.449094,ITA,EGY,5604
2099404,113,68,1296,1995,0.0,2633.0,0.666542,0.326785,JOR,EGY,5604
2099405,114,68,1296,1995,2040.0,0.0,2.56822,0.927307,JPN,EGY,5604
2099406,121,68,1296,1995,5627.0,0.0,0.845175,1.2761799999999999,KOR,EGY,5604
2099407,216,68,1296,1995,22938.0,0.0,0.174522,1.608058,THA,EGY,5604
2099408,224,68,1296,1995,1198.0,0.0,0.166794,1.209066,TUR,EGY,5604
2099409,231,68,1296,1995,75220.0,0.0,1.771648,1.184,USA,EGY,5604
2099410,15,72,1296,1995,2960.0,0.0,2.000295,0.661255,AUT,EST,5604
2099411,61,72,1296,1995,45020.0,0.0,2.325385,-2.2238189999999998,DEU,EST,5604
2099412,64,72,1296,1995,0.0,4541.0,1.3800270000000001,1.489036,DNK,EST,5604
2099413,74,72,1296,1995,71981.0,27828.0,2.0085740000000003,1.126816,FIN,EST,5604
2099414,77,72,1296,1995,6255.0,0.0,1.768484,0.765537,FRA,EST,5604
2099415,81,72,1296,1995,971.0,0.0,1.8656979999999999,1.107121,GBR,EST,5604
2099416,130,72,1296,1995,14817.0,8926.0,0.41220500000000004,0.966966,LTU,EST,5604
2099417,132,72,1296,1995,89059.0,3443.0,0.25453400000000004,0.174809,LVA,EST,5604
2099418,163,72,1296,1995,7181.0,1040.0,1.019741,0.394241,NOR,EST,5604
2099419,186,72,1296,1995,32228.0,3646.0,0.364437,0.171494,RUS,EST,5604
2099420,208,72,1296,1995,32766.0,0.0,2.246997,1.060171,SWE,EST,5604
2099421,231,72,1296,1995,1090.0,0.0,1.771648,1.184,USA,EST,5604
2099422,7,103,1296,1995,0.0,44206.0,-0.205166,-0.6132380000000001,ARE,IDN,5604
2099423,14,103,1296,1995,5726.0,83451.0,0.44442,0.789292,AUS,IDN,5604
2099424,22,103,1296,1995,0.0,135600.0,-1.037175,-0.983195,BGD,IDN,5604
2099425,43,103,1296,1995,96190.0,10263.0,0.387897,3.2147919999999996,CHN,IDN,5604
2099426,61,103,1296,1995,6777595.0,0.0,2.325385,-2.2238189999999998,DEU,IDN,5604
2099427,64,103,1296,1995,3883.0,0.0,1.3800270000000001,1.489036,DNK,IDN,5604
2099428,71,103,1296,1995,2158.0,0.0,1.144247,1.933844,ESP,IDN,5604
2099429,77,103,1296,1995,2354.0,0.0,1.768484,0.765537,FRA,IDN,5604
2099430,81,103,1296,1995,809.0,0.0,1.8656979999999999,1.107121,GBR,IDN,5604
2099431,97,103,1296,1995,1469.0,28590.0,0.5244449999999999,2.682738,HKG,IDN,5604
2099432,104,103,1296,1995,50543.0,14216.0,0.156183,1.9617380000000002,IND,IDN,5604
2099433,111,103,1296,1995,18248.0,0.0,1.503379,1.449094,ITA,IDN,5604
2099434,114,103,1296,1995,174271.0,1410.0,2.56822,0.927307,JPN,IDN,5604
2099435,121,103,1296,1995,110602.0,0.0,0.845175,1.2761799999999999,KOR,IDN,5604
2099436,126,103,1296,1995,0.0,20233.0,-0.353547,-1.019464,LBY,IDN,5604
2099437,128,103,1296,1995,0.0,3960.0,-0.8358030000000001,-0.29397199999999996,LKA,IDN,5604
2099438,137,103,1296,1995,0.0,1166.0,-1.258938,-0.9818629999999999,MDV,IDN,5604
2099439,153,103,1296,1995,2771.0,38578.0,0.357745,0.374284,MYS,IDN,5604
2099440,166,103,1296,1995,0.0,1321.0,0.5558270000000001,0.773271,NZL,IDN,5604
2099441,188,103,1296,1995,0.0,90968.0,0.401573,-0.6676529999999999,SAU,IDN,5604
2099442,192,103,1296,1995,2338.0,0.0,0.747684,0.4745,SGP,IDN,5604
2099443,216,103,1296,1995,41836.0,8188.0,0.174522,1.608058,THA,IDN,5604
2099444,231,103,1296,1995,51163.0,0.0,1.771648,1.184,USA,IDN,5604
2099445,249,103,1296,1995,262316.0,0.0,1.345205,1.9337389999999999,TWN,IDN,5604
2099446,250,103,1296,1995,0.0,1508.0,1.034518,0.9735149999999999,ANS,IDN,5604
2099447,22,104,1296,1995,0.0,21173.0,-1.037175,-0.983195,BGD,IND,5604
2099448,32,104,1296,1995,0.0,24525.0,0.687171,1.188647,BRA,IND,5604
2099449,39,104,1296,1995,0.0,2197.0,1.077804,1.0724200000000002,CAN,IND,5604
2099450,43,104,1296,1995,211168.0,2844.0,0.387897,3.2147919999999996,CHN,IND,5604
2099451,61,104,1296,1995,733118.0,0.0,2.325385,-2.2238189999999998,DEU,IND,5604
2099452,71,104,1296,1995,0.0,26299.0,1.144247,1.933844,ESP,IND,5604
2099453,77,104,1296,1995,3112.0,0.0,1.768484,0.765537,FRA,IND,5604
2099454,81,104,1296,1995,41739.0,58071.0,1.8656979999999999,1.107121,GBR,IND,5604
2099455,97,104,1296,1995,17753.0,0.0,0.5244449999999999,2.682738,HKG,IND,5604
2099456,103,104,1296,1995,14216.0,50543.0,-0.391727,1.174727,IDN,IND,5604
2099457,111,104,1296,1995,3906.0,0.0,1.503379,1.449094,ITA,IND,5604
2099458,113,104,1296,1995,0.0,8970.0,0.666542,0.326785,JOR,IND,5604
2099459,114,104,1296,1995,260481.0,0.0,2.56822,0.927307,JPN,IND,5604
2099460,121,104,1296,1995,185512.0,0.0,0.845175,1.2761799999999999,KOR,IND,5604
2099461,128,104,1296,1995,0.0,14728.0,-0.8358030000000001,-0.29397199999999996,LKA,IND,5604
2099462,151,104,1296,1995,0.0,879.0,-0.432644,-0.574298,MUS,IND,5604
2099463,153,104,1296,1995,54075.0,11327.0,0.357745,0.374284,MYS,IND,5604
2099464,162,104,1296,1995,3461.0,0.0,1.304391,1.8819119999999998,NLD,IND,5604
2099465,178,104,1296,1995,4503.0,0.0,0.46509799999999996,0.645496,PRK,IND,5604
2099466,188,104,1296,1995,9117.0,13265.0,0.401573,-0.6676529999999999,SAU,IND,5604
2099467,192,104,1296,1995,96881.0,0.0,0.747684,0.4745,SGP,IND,5604
2099468,216,104,1296,1995,33649.0,0.0,0.174522,1.608058,THA,IND,5604
2099469,223,104,1296,1995,0.0,48041.0,-0.253792,-0.044331,TUN,IND,5604
2099470,224,104,1296,1995,28047.0,0.0,0.166794,1.209066,TUR,IND,5604
2099471,226,104,1296,1995,0.0,6811.0,-1.219949,-0.8698969999999999,TZA,IND,5604
2099472,231,104,1296,1995,81444.0,113304.0,1.771648,1.184,USA,IND,5604
2099473,249,104,1296,1995,211393.0,0.0,1.345205,1.9337389999999999,TWN,IND,5604
2099474,7,113,1296,1995,0.0,3398.0,-0.205166,-0.6132380000000001,ARE,JOR,5604
2099475,43,113,1296,1995,56177.0,0.0,0.387897,3.2147919999999996,CHN,JOR,5604
2099476,61,113,1296,1995,60767.0,0.0,2.325385,-2.2238189999999998,DEU,JOR,5604
2099477,68,113,1296,1995,2633.0,0.0,-0.340042,-0.085601,EGY,JOR,5604
2099478,81,113,1296,1995,13243.0,1246.0,1.8656979999999999,1.107121,GBR,JOR,5604
2099479,104,113,1296,1995,8970.0,0.0,0.156183,1.9617380000000002,IND,JOR,5604
2099480,111,113,1296,1995,99042.0,0.0,1.503379,1.449094,ITA,JOR,5604
2099481,185,113,1296,1995,1101.0,0.0,0.621468,1.038729,ROU,JOR,5604
2099482,224,113,1296,1995,829.0,0.0,0.166794,1.209066,TUR,JOR,5604
2099483,231,113,1296,1995,17451.0,0.0,1.771648,1.184,USA,JOR,5604
2099484,249,113,1296,1995,169430.0,0.0,1.345205,1.9337389999999999,TWN,JOR,5604
2099485,250,113,1296,1995,0.0,22820.0,1.034518,0.9735149999999999,ANS,JOR,5604
2099486,7,114,1296,1995,0.0,32971.0,-0.205166,-0.6132380000000001,ARE,JPN,5604
2099487,8,114,1296,1995,0.0,52347.0,0.245885,0.5489850000000001,ARG,JPN,5604
2099488,14,114,1296,1995,0.0,196840.0,0.44442,0.789292,AUS,JPN,5604
2099489,15,114,1296,1995,0.0,297981.0,2.000295,0.661255,AUT,JPN,5604
2099490,18,114,1296,1995,0.0,77857.0,1.615588,1.394102,BEL,JPN,5604
2099491,22,114,1296,1995,0.0,29004.0,-1.037175,-0.983195,BGD,JPN,5604
2099492,39,114,1296,1995,0.0,74479.0,1.077804,1.0724200000000002,CAN,JPN,5604
2099493,41,114,1296,1995,0.0,12690.0,2.1893029999999998,0.82765,CHE,JPN,5604
2099494,42,114,1296,1995,0.0,45490.0,-0.073436,-0.192675,CHL,JPN,5604
2099495,43,114,1296,1995,316802.0,2754958.0,0.387897,3.2147919999999996,CHN,JPN,5604
2099496,49,114,1296,1995,0.0,23479.0,0.094335,0.13047999999999998,COL,JPN,5604
2099497,61,114,1296,1995,6224285.0,314061.0,2.325385,-2.2238189999999998,DEU,JPN,5604
2099498,64,114,1296,1995,0.0,22229.0,1.3800270000000001,1.489036,DNK,JPN,5604
2099499,68,114,1296,1995,0.0,2040.0,-0.340042,-0.085601,EGY,JPN,5604
2099500,71,114,1296,1995,0.0,6547.0,1.144247,1.933844,ESP,JPN,5604
2099501,74,114,1296,1995,0.0,13918.0,2.0085740000000003,1.126816,FIN,JPN,5604
2099502,77,114,1296,1995,186545.0,196968.0,1.768484,0.765537,FRA,JPN,5604
2099503,79,114,1296,1995,0.0,2894.0,-1.764116,-0.971993,FSM,JPN,5604
2099504,81,114,1296,1995,22707.0,114769.0,1.8656979999999999,1.107121,GBR,JPN,5604
2099505,90,114,1296,1995,0.0,8469.0,0.17369,0.885756,GRC,JPN,5604
2099506,97,114,1296,1995,24116.0,1122825.0,0.5244449999999999,2.682738,HKG,JPN,5604
2099507,102,114,1296,1995,0.0,2084.0,0.878711,1.8200060000000002,HUN,JPN,5604
2099508,103,114,1296,1995,1410.0,174271.0,-0.391727,1.174727,IDN,JPN,5604
2099509,104,114,1296,1995,0.0,260481.0,0.156183,1.9617380000000002,IND,JPN,5604
2099510,106,114,1296,1995,0.0,17897.0,1.349192,0.992099,IRL,JPN,5604
2099511,110,114,1296,1995,0.0,12673.0,1.205368,1.189434,ISR,JPN,5604
2099512,111,114,1296,1995,11984.0,753785.0,1.503379,1.449094,ITA,JPN,5604
2099513,116,114,1296,1995,0.0,8688.0,-0.303773,0.111305,KEN,JPN,5604
2099514,121,114,1296,1995,411636.0,869115.0,0.845175,1.2761799999999999,KOR,JPN,5604
2099515,122,114,1296,1995,0.0,6158.0,-0.226273,-1.02354,KWT,JPN,5604
2099516,128,114,1296,1995,0.0,6046.0,-0.8358030000000001,-0.29397199999999996,LKA,JPN,5604
2099517,133,114,1296,1995,0.0,39965.0,-0.149794,-0.26961799999999997,MAC,JPN,5604
2099518,138,114,1296,1995,0.0,66243.0,0.6414300000000001,0.9697520000000001,MEX,JPN,5604
2099519,146,114,1296,1995,0.0,14158.0,0.1683,-0.642753,MNP,JPN,5604
2099520,153,114,1296,1995,741116.0,320055.0,0.357745,0.374284,MYS,JPN,5604
2099521,162,114,1296,1995,13307.0,179566.0,1.304391,1.8819119999999998,NLD,JPN,5604
2099522,166,114,1296,1995,0.0,31599.0,0.5558270000000001,0.773271,NZL,JPN,5604
2099523,168,114,1296,1995,0.0,6315.0,-0.707965,-0.324784,PAK,JPN,5604
2099524,169,114,1296,1995,0.0,10643.0,-0.019815,0.050906,PAN,JPN,5604
2099525,174,114,1296,1995,110156.0,316308.0,-0.480548,0.076564,PHL,JPN,5604
2099526,178,114,1296,1995,0.0,13523.0,0.46509799999999996,0.645496,PRK,JPN,5604
2099527,179,114,1296,1995,0.0,14468.0,0.412677,1.254009,PRT,JPN,5604
2099528,184,114,1296,1995,0.0,3575.0,0.728825,-0.178569,REU,JPN,5604
2099529,188,114,1296,1995,0.0,147026.0,0.401573,-0.6676529999999999,SAU,JPN,5604
2099530,192,114,1296,1995,7844.0,1901576.0,0.747684,0.4745,SGP,JPN,5604
2099531,205,114,1296,1995,0.0,5725.0,-0.75729,-0.8253459999999999,SUR,JPN,5604
2099532,206,114,1296,1995,0.0,265.0,1.2249780000000001,1.405585,SVK,JPN,5604
2099533,207,114,1296,1995,0.0,36364.0,1.424606,1.490521,SVN,JPN,5604
2099534,208,114,1296,1995,0.0,62836.0,2.246997,1.060171,SWE,JPN,5604
2099535,216,114,1296,1995,1023681.0,1250061.0,0.174522,1.608058,THA,JPN,5604
2099536,231,114,1296,1995,548435.0,3024279.0,1.771648,1.184,USA,JPN,5604
2099537,236,114,1296,1995,0.0,2550.0,0.299294,-0.635474,VEN,JPN,5604
2099538,239,114,1296,1995,57310.0,169684.0,-1.0462069999999999,-0.269063,VNM,JPN,5604
2099539,246,114,1296,1995,0.0,109045.0,0.468112,1.039817,ZAF,JPN,5604
2099540,249,114,1296,1995,391412.0,850733.0,1.345205,1.9337389999999999,TWN,JPN,5604
2099541,61,132,1296,1995,559666.0,0.0,2.325385,-2.2238189999999998,DEU,LVA,5604
2099542,72,132,1296,1995,3443.0,89059.0,0.530041,1.134288,EST,LVA,5604
2099543,111,132,1296,1995,36774.0,0.0,1.503379,1.449094,ITA,LVA,5604
2099544,177,132,1296,1995,3514.0,0.0,0.76393,1.802648,POL,LVA,5604
2099545,186,132,1296,1995,64392.0,0.0,0.364437,0.171494,RUS,LVA,5604
2099546,224,132,1296,1995,930.0,0.0,0.166794,1.209066,TUR,LVA,5604
2099547,231,132,1296,1995,8289.0,0.0,1.771648,1.184,USA,LVA,5604
2099548,61,142,1296,1995,27523.0,0.0,2.325385,-2.2238189999999998,DEU,MLT,5604
2099549,71,142,1296,1995,8709.0,0.0,1.144247,1.933844,ESP,MLT,5604
2099550,81,142,1296,1995,30650.0,0.0,1.8656979999999999,1.107121,GBR,MLT,5604
2099551,106,142,1296,1995,0.0,1515.0,1.349192,0.992099,IRL,MLT,5604
2099552,111,142,1296,1995,33763.0,0.0,1.503379,1.449094,ITA,MLT,5604
2099553,249,142,1296,1995,1473.0,0.0,1.345205,1.9337389999999999,TWN,MLT,5604
2099554,14,166,1296,1995,141718.0,213232.0,0.44442,0.789292,AUS,NZL,5604
2099555,39,166,1296,1995,48701.0,2280.0,1.077804,1.0724200000000002,CAN,NZL,5604
2099556,43,166,1296,1995,7423.0,0.0,0.387897,3.2147919999999996,CHN,NZL,5604
2099557,61,166,1296,1995,121745.0,0.0,2.325385,-2.2238189999999998,DEU,NZL,5604
2099558,75,166,1296,1995,0.0,2734.0,-0.998257,-0.9565629999999999,FJI,NZL,5604
2099559,81,166,1296,1995,60963.0,0.0,1.8656979999999999,1.107121,GBR,NZL,5604
2099560,97,166,1296,1995,9545.0,0.0,0.5244449999999999,2.682738,HKG,NZL,5604
2099561,103,166,1296,1995,1321.0,0.0,-0.391727,1.174727,IDN,NZL,5604
2099562,111,166,1296,1995,20049.0,0.0,1.503379,1.449094,ITA,NZL,5604
2099563,114,166,1296,1995,31599.0,0.0,2.56822,0.927307,JPN,NZL,5604
2099564,153,166,1296,1995,11902.0,0.0,0.357745,0.374284,MYS,NZL,5604
2099565,158,166,1296,1995,0.0,2616.0,0.948257,-0.678177,NFK,NZL,5604
2099566,162,166,1296,1995,10038.0,0.0,1.304391,1.8819119999999998,NLD,NZL,5604
2099567,192,166,1296,1995,1409.0,0.0,0.747684,0.4745,SGP,NZL,5604
2099568,231,166,1296,1995,183671.0,8009.0,1.771648,1.184,USA,NZL,5604
2099569,242,166,1296,1995,0.0,1147.0,-1.238049,-0.877899,WSM,NZL,5604
2099570,246,166,1296,1995,2658.0,0.0,0.468112,1.039817,ZAF,NZL,5604
2099571,249,166,1296,1995,61553.0,0.0,1.345205,1.9337389999999999,TWN,NZL,5604
2099572,192,167,1296,1995,1425.0,0.0,0.747684,0.4745,SGP,OMN,5604
2099573,15,185,1296,1995,2436.0,1793.0,2.000295,0.661255,AUT,ROU,5604
2099574,18,185,1296,1995,6230.0,0.0,1.615588,1.394102,BEL,ROU,5604
2099575,43,185,1296,1995,1688.0,0.0,0.387897,3.2147919999999996,CHN,ROU,5604
2099576,61,185,1296,1995,148046.0,0.0,2.325385,-2.2238189999999998,DEU,ROU,5604
2099577,77,185,1296,1995,57468.0,0.0,1.768484,0.765537,FRA,ROU,5604
2099578,81,185,1296,1995,13499.0,0.0,1.8656979999999999,1.107121,GBR,ROU,5604
2099579,102,185,1296,1995,4247.0,0.0,0.878711,1.8200060000000002,HUN,ROU,5604
2099580,107,185,1296,1995,1855.0,0.0,-0.821991,-1.071013,IRN,ROU,5604
2099581,111,185,1296,1995,67206.0,0.0,1.503379,1.449094,ITA,ROU,5604
2099582,113,185,1296,1995,0.0,1101.0,0.666542,0.326785,JOR,ROU,5604
2099583,162,185,1296,1995,4983.0,0.0,1.304391,1.8819119999999998,NLD,ROU,5604
2099584,224,185,1296,1995,903.0,0.0,0.166794,1.209066,TUR,ROU,5604
2099585,231,185,1296,1995,9957.0,0.0,1.771648,1.184,USA,ROU,5604
2099586,7,188,1296,1995,8095.0,24983.0,-0.205166,-0.6132380000000001,ARE,SAU,5604
2099587,8,188,1296,1995,1989.0,0.0,0.245885,0.5489850000000001,ARG,SAU,5604
2099588,14,188,1296,1995,12291.0,0.0,0.44442,0.789292,AUS,SAU,5604
2099589,18,188,1296,1995,6108120.0,0.0,1.615588,1.394102,BEL,SAU,5604
2099590,39,188,1296,1995,27372.0,0.0,1.077804,1.0724200000000002,CAN,SAU,5604
2099591,41,188,1296,1995,38590.0,0.0,2.1893029999999998,0.82765,CHE,SAU,5604
2099592,43,188,1296,1995,108804.0,0.0,0.387897,3.2147919999999996,CHN,SAU,5604
2099593,61,188,1296,1995,4481.0,2016.0,2.325385,-2.2238189999999998,DEU,SAU,5604
2099594,64,188,1296,1995,1091.0,0.0,1.3800270000000001,1.489036,DNK,SAU,5604
2099595,71,188,1296,1995,565433.0,0.0,1.144247,1.933844,ESP,SAU,5604
2099596,81,188,1296,1995,45008.0,0.0,1.8656979999999999,1.107121,GBR,SAU,5604
2099597,97,188,1296,1995,8081.0,0.0,0.5244449999999999,2.682738,HKG,SAU,5604
2099598,103,188,1296,1995,90968.0,0.0,-0.391727,1.174727,IDN,SAU,5604
2099599,104,188,1296,1995,13265.0,9117.0,0.156183,1.9617380000000002,IND,SAU,5604
2099600,106,188,1296,1995,15357.0,0.0,1.349192,0.992099,IRL,SAU,5604
2099601,111,188,1296,1995,5902444.0,0.0,1.503379,1.449094,ITA,SAU,5604
2099602,114,188,1296,1995,147026.0,0.0,2.56822,0.927307,JPN,SAU,5604
2099603,121,188,1296,1995,117455.0,0.0,0.845175,1.2761799999999999,KOR,SAU,5604
2099604,122,188,1296,1995,0.0,35411.0,-0.226273,-1.02354,KWT,SAU,5604
2099605,124,188,1296,1995,1795.0,0.0,0.027416000000000003,0.327795,LBN,SAU,5604
2099606,153,188,1296,1995,7752.0,0.0,0.357745,0.374284,MYS,SAU,5604
2099607,162,188,1296,1995,211213.0,0.0,1.304391,1.8819119999999998,NLD,SAU,5604
2099608,168,188,1296,1995,45262.0,0.0,-0.707965,-0.324784,PAK,SAU,5604
2099609,212,188,1296,1995,9322.0,0.0,-0.8829469999999999,-0.809407,SYR,SAU,5604
2099610,216,188,1296,1995,2239.0,0.0,0.174522,1.608058,THA,SAU,5604
2099611,224,188,1296,1995,12046.0,0.0,0.166794,1.209066,TUR,SAU,5604
2099612,231,188,1296,1995,164155.0,0.0,1.771648,1.184,USA,SAU,5604
2099613,249,188,1296,1995,92390.0,0.0,1.345205,1.9337389999999999,TWN,SAU,5604
2099614,7,192,1296,1995,0.0,2516.0,-0.205166,-0.6132380000000001,ARE,SGP,5604
2099615,14,192,1296,1995,4274.0,23196.0,0.44442,0.789292,AUS,SGP,5604
2099616,18,192,1296,1995,0.0,98762.0,1.615588,1.394102,BEL,SGP,5604
2099617,22,192,1296,1995,0.0,8429.0,-1.037175,-0.983195,BGD,SGP,5604
2099618,34,192,1296,1995,0.0,4192.0,-0.979701,-0.85456,BRN,SGP,5604
2099619,43,192,1296,1995,47117.0,71713.0,0.387897,3.2147919999999996,CHN,SGP,5604
2099620,61,192,1296,1995,33254.0,0.0,2.325385,-2.2238189999999998,DEU,SGP,5604
2099621,75,192,1296,1995,0.0,7951.0,-0.998257,-0.9565629999999999,FJI,SGP,5604
2099622,77,192,1296,1995,7723.0,0.0,1.768484,0.765537,FRA,SGP,5604
2099623,81,192,1296,1995,429737.0,0.0,1.8656979999999999,1.107121,GBR,SGP,5604
2099624,97,192,1296,1995,45395.0,63190.0,0.5244449999999999,2.682738,HKG,SGP,5604
2099625,103,192,1296,1995,0.0,2338.0,-0.391727,1.174727,IDN,SGP,5604
2099626,104,192,1296,1995,0.0,96881.0,0.156183,1.9617380000000002,IND,SGP,5604
2099627,106,192,1296,1995,0.0,180113.0,1.349192,0.992099,IRL,SGP,5604
2099628,111,192,1296,1995,108719.0,0.0,1.503379,1.449094,ITA,SGP,5604
2099629,114,192,1296,1995,1901576.0,7844.0,2.56822,0.927307,JPN,SGP,5604
2099630,118,192,1296,1995,0.0,266154.0,-1.275951,-1.144633,KHM,SGP,5604
2099631,121,192,1296,1995,248794.0,0.0,0.845175,1.2761799999999999,KOR,SGP,5604
2099632,128,192,1296,1995,0.0,9454.0,-0.8358030000000001,-0.29397199999999996,LKA,SGP,5604
2099633,137,192,1296,1995,0.0,8086.0,-1.258938,-0.9818629999999999,MDV,SGP,5604
2099634,143,192,1296,1995,0.0,4282.0,-1.5669309999999999,-1.124558,MMR,SGP,5604
2099635,151,192,1296,1995,2147.0,19907.0,-0.432644,-0.574298,MUS,SGP,5604
2099636,153,192,1296,1995,1172975.0,273519.0,0.357745,0.374284,MYS,SGP,5604
2099637,162,192,1296,1995,0.0,25261.0,1.304391,1.8819119999999998,NLD,SGP,5604
2099638,166,192,1296,1995,0.0,1409.0,0.5558270000000001,0.773271,NZL,SGP,5604
2099639,167,192,1296,1995,0.0,1425.0,-0.328853,-0.946069,OMN,SGP,5604
2099640,168,192,1296,1995,0.0,8569.0,-0.707965,-0.324784,PAK,SGP,5604
2099641,186,192,1296,1995,0.0,2339.0,0.364437,0.171494,RUS,SGP,5604
2099642,211,192,1296,1995,0.0,3912.0,-0.103343,-0.57371,SYC,SGP,5604
2099643,216,192,1296,1995,2414243.0,1140.0,0.174522,1.608058,THA,SGP,5604
2099644,224,192,1296,1995,22057.0,0.0,0.166794,1.209066,TUR,SGP,5604
2099645,231,192,1296,1995,58777.0,132732.0,1.771648,1.184,USA,SGP,5604
2099646,249,192,1296,1995,31062.0,20014.0,1.345205,1.9337389999999999,TWN,SGP,5604
2099647,15,206,1296,1995,16428.0,0.0,2.000295,0.661255,AUT,SVK,5604
2099648,59,206,1296,1995,326312.0,3769.0,1.375091,1.628069,CZE,SVK,5604
2099649,61,206,1296,1995,325821.0,29767.0,2.325385,-2.2238189999999998,DEU,SVK,5604
2099650,71,206,1296,1995,5913.0,0.0,1.144247,1.933844,ESP,SVK,5604
2099651,102,206,1296,1995,0.0,9791.0,0.878711,1.8200060000000002,HUN,SVK,5604
2099652,111,206,1296,1995,486035.0,0.0,1.503379,1.449094,ITA,SVK,5604
2099653,114,206,1296,1995,265.0,0.0,2.56822,0.927307,JPN,SVK,5604
2099654,162,206,1296,1995,9782.0,0.0,1.304391,1.8819119999999998,NLD,SVK,5604
2099655,177,206,1296,1995,69920.0,0.0,0.76393,1.802648,POL,SVK,5604
2099656,208,206,1296,1995,5729.0,0.0,2.246997,1.060171,SWE,SVK,5604
2099657,228,206,1296,1995,0.0,1389.0,0.428875,0.20489899999999997,UKR,SVK,5604
2099658,231,206,1296,1995,38162.0,0.0,1.771648,1.184,USA,SVK,5604
2099659,15,207,1296,1995,22666.0,9514.0,2.000295,0.661255,AUT,SVN,5604
2099660,26,207,1296,1995,0.0,1411.0,0.208931,0.053763,BIH,SVN,5604
2099661,59,207,1296,1995,20832.0,0.0,1.375091,1.628069,CZE,SVN,5604
2099662,61,207,1296,1995,5304507.0,0.0,2.325385,-2.2238189999999998,DEU,SVN,5604
2099663,64,207,1296,1995,0.0,4585.0,1.3800270000000001,1.489036,DNK,SVN,5604
2099664,81,207,1296,1995,3655.0,0.0,1.8656979999999999,1.107121,GBR,SVN,5604
2099665,100,207,1296,1995,20377.0,37934.0,0.75325,1.395715,HRV,SVN,5604
2099666,102,207,1296,1995,0.0,43223.0,0.878711,1.8200060000000002,HUN,SVN,5604
2099667,111,207,1296,1995,198734.0,2858.0,1.503379,1.449094,ITA,SVN,5604
2099668,114,207,1296,1995,36364.0,0.0,2.56822,0.927307,JPN,SVN,5604
2099669,140,207,1296,1995,0.0,38044.0,0.34174,0.648467,MKD,SVN,5604
2099670,224,207,1296,1995,1127.0,0.0,0.166794,1.209066,TUR,SVN,5604
2099671,15,208,1296,1995,3945863.0,33897.0,2.000295,0.661255,AUT,SWE,5604
2099672,18,208,1296,1995,2868.0,30272.0,1.615588,1.394102,BEL,SWE,5604
2099673,22,208,1296,1995,0.0,528.0,-1.037175,-0.983195,BGD,SWE,5604
2099674,41,208,1296,1995,18648.0,1511.0,2.1893029999999998,0.82765,CHE,SWE,5604
2099675,43,208,1296,1995,5867.0,0.0,0.387897,3.2147919999999996,CHN,SWE,5604
2099676,59,208,1296,1995,22159.0,363009.0,1.375091,1.628069,CZE,SWE,5604
2099677,61,208,1296,1995,17892805.0,931523.0,2.325385,-2.2238189999999998,DEU,SWE,5604
2099678,64,208,1296,1995,271897.0,84409.0,1.3800270000000001,1.489036,DNK,SWE,5604
2099679,71,208,1296,1995,1208.0,3912.0,1.144247,1.933844,ESP,SWE,5604
2099680,72,208,1296,1995,0.0,32766.0,0.530041,1.134288,EST,SWE,5604
2099681,74,208,1296,1995,2988.0,74180.0,2.0085740000000003,1.126816,FIN,SWE,5604
2099682,77,208,1296,1995,10830.0,10180.0,1.768484,0.765537,FRA,SWE,5604
2099683,81,208,1296,1995,95509.0,4148.0,1.8656979999999999,1.107121,GBR,SWE,5604
2099684,97,208,1296,1995,26042.0,0.0,0.5244449999999999,2.682738,HKG,SWE,5604
2099685,102,208,1296,1995,1785.0,39941.0,0.878711,1.8200060000000002,HUN,SWE,5604
2099686,111,208,1296,1995,555178.0,18736.0,1.503379,1.449094,ITA,SWE,5604
2099687,114,208,1296,1995,62836.0,0.0,2.56822,0.927307,JPN,SWE,5604
2099688,130,208,1296,1995,2458.0,2670.0,0.41220500000000004,0.966966,LTU,SWE,5604
2099689,138,208,1296,1995,0.0,9178.0,0.6414300000000001,0.9697520000000001,MEX,SWE,5604
2099690,162,208,1296,1995,26445.0,31897.0,1.304391,1.8819119999999998,NLD,SWE,5604
2099691,163,208,1296,1995,5536.0,97228.0,1.019741,0.394241,NOR,SWE,5604
2099692,177,208,1296,1995,156143.0,79756.0,0.76393,1.802648,POL,SWE,5604
2099693,206,208,1296,1995,0.0,5729.0,1.2249780000000001,1.405585,SVK,SWE,5604
2099694,223,208,1296,1995,0.0,3097.0,-0.253792,-0.044331,TUN,SWE,5604
2099695,231,208,1296,1995,14481.0,109967.0,1.771648,1.184,USA,SWE,5604
2099696,249,208,1296,1995,6872.0,0.0,1.345205,1.9337389999999999,TWN,SWE,5604
2099697,250,208,1296,1995,0.0,1861.0,1.034518,0.9735149999999999,ANS,SWE,5604
2099698,77,214,1296,1995,7151.0,0.0,1.768484,0.765537,FRA,TCD,5604
2099699,16,224,1296,1995,0.0,5563.0,-0.084566,-0.839039,AZE,TUR,5604
2099700,18,224,1296,1995,0.0,17386.0,1.615588,1.394102,BEL,TUR,5604
2099701,23,224,1296,1995,0.0,1218.0,0.436138,1.086561,BGR,TUR,5604
2099702,58,224,1296,1995,0.0,5263.0,0.263764,0.030358999999999997,CYP,TUR,5604
2099703,61,224,1296,1995,32564160.0,71674.0,2.325385,-2.2238189999999998,DEU,TUR,5604
2099704,64,224,1296,1995,0.0,275483.0,1.3800270000000001,1.489036,DNK,TUR,5604
2099705,68,224,1296,1995,0.0,1198.0,-0.340042,-0.085601,EGY,TUR,5604
2099706,77,224,1296,1995,37463.0,0.0,1.768484,0.765537,FRA,TUR,5604
2099707,81,224,1296,1995,88795.0,522589.0,1.8656979999999999,1.107121,GBR,TUR,5604
2099708,100,224,1296,1995,0.0,64061.0,0.75325,1.395715,HRV,TUR,5604
2099709,104,224,1296,1995,0.0,28047.0,0.156183,1.9617380000000002,IND,TUR,5604
2099710,107,224,1296,1995,0.0,276655.0,-0.821991,-1.071013,IRN,TUR,5604
2099711,110,224,1296,1995,0.0,54675.0,1.205368,1.189434,ISR,TUR,5604
2099712,111,224,1296,1995,236461.0,0.0,1.503379,1.449094,ITA,TUR,5604
2099713,113,224,1296,1995,0.0,829.0,0.666542,0.326785,JOR,TUR,5604
2099714,130,224,1296,1995,0.0,9135.0,0.41220500000000004,0.966966,LTU,TUR,5604
2099715,132,224,1296,1995,0.0,930.0,0.25453400000000004,0.174809,LVA,TUR,5604
2099716,140,224,1296,1995,0.0,88475.0,0.34174,0.648467,MKD,TUR,5604
2099717,159,224,1296,1995,0.0,36151.0,-2.108206,-1.2017520000000002,NGA,TUR,5604
2099718,162,224,1296,1995,5069.0,0.0,1.304391,1.8819119999999998,NLD,TUR,5604
2099719,177,224,1296,1995,0.0,232745.0,0.76393,1.802648,POL,TUR,5604
2099720,185,224,1296,1995,0.0,903.0,0.621468,1.038729,ROU,TUR,5604
2099721,186,224,1296,1995,304765.0,25921.0,0.364437,0.171494,RUS,TUR,5604
2099722,188,224,1296,1995,0.0,12046.0,0.401573,-0.6676529999999999,SAU,TUR,5604
2099723,192,224,1296,1995,0.0,22057.0,0.747684,0.4745,SGP,TUR,5604
2099724,207,224,1296,1995,0.0,1127.0,1.424606,1.490521,SVN,TUR,5604
2099725,219,224,1296,1995,0.0,9755.0,-0.882984,-1.088854,TKM,TUR,5604
2099726,231,224,1296,1995,84331.0,13195.0,1.771648,1.184,USA,TUR,5604
2099727,232,224,1296,1995,0.0,18036.0,-0.29740900000000003,-0.9456190000000001,UZB,TUR,5604
2099728,249,224,1296,1995,6822.0,0.0,1.345205,1.9337389999999999,TWN,TUR,5604
2099729,250,224,1296,1995,0.0,1371.0,1.034518,0.9735149999999999,ANS,TUR,5604
2099730,32,246,1296,1995,0.0,34441.0,0.687171,1.188647,BRA,ZAF,5604
2099731,43,246,1296,1995,2856067.0,0.0,0.387897,3.2147919999999996,CHN,ZAF,5604
2099732,61,246,1296,1995,8833089.0,0.0,2.325385,-2.2238189999999998,DEU,ZAF,5604
2099733,77,246,1296,1995,6889.0,0.0,1.768484,0.765537,FRA,ZAF,5604
2099734,81,246,1296,1995,133497.0,1249.0,1.8656979999999999,1.107121,GBR,ZAF,5604
2099735,110,246,1296,1995,1450.0,0.0,1.205368,1.189434,ISR,ZAF,5604
2099736,111,246,1296,1995,22649.0,0.0,1.503379,1.449094,ITA,ZAF,5604
2099737,114,246,1296,1995,109045.0,0.0,2.56822,0.927307,JPN,ZAF,5604
2099738,116,246,1296,1995,0.0,10829.0,-0.303773,0.111305,KEN,ZAF,5604
2099739,151,246,1296,1995,0.0,18082.0,-0.432644,-0.574298,MUS,ZAF,5604
2099740,152,246,1296,1995,0.0,27120.0,-1.1277709999999999,-1.0603049999999998,MWI,ZAF,5604
2099741,162,246,1296,1995,1279.0,11260.0,1.304391,1.8819119999999998,NLD,ZAF,5604
2099742,166,246,1296,1995,0.0,2658.0,0.5558270000000001,0.773271,NZL,ZAF,5604
2099743,231,246,1296,1995,196360.0,0.0,1.771648,1.184,USA,ZAF,5604
2099744,247,246,1296,1995,0.0,21331.0,-0.214763,-0.721675,ZMB,ZAF,5604
2099745,248,246,1296,1995,0.0,67596.0,-0.054752999999999996,0.326737,ZWE,ZAF,5604
2099746,249,246,1296,1995,36721.0,0.0,1.345205,1.9337389999999999,TWN,ZAF,5604
2099747,15,8,1296,1995,3762.0,0.0,2.000295,0.661255,AUT,ARG,5604
2099748,31,8,1296,1995,0.0,7933.0,-0.440583,-0.688389,BOL,ARG,5604
2099749,32,8,1296,1995,178702.0,42538.0,0.687171,1.188647,BRA,ARG,5604
2099750,43,8,1296,1995,17375.0,0.0,0.387897,3.2147919999999996,CHN,ARG,5604
2099751,61,8,1296,1995,298586.0,0.0,2.325385,-2.2238189999999998,DEU,ARG,5604
2099752,71,8,1296,1995,2778.0,0.0,1.144247,1.933844,ESP,ARG,5604
2099753,77,8,1296,1995,1440.0,0.0,1.768484,0.765537,FRA,ARG,5604
2099754,111,8,1296,1995,10895.0,0.0,1.503379,1.449094,ITA,ARG,5604
2099755,114,8,1296,1995,52347.0,0.0,2.56822,0.927307,JPN,ARG,5604
2099756,121,8,1296,1995,23263.0,0.0,0.845175,1.2761799999999999,KOR,ARG,5604
2099757,138,8,1296,1995,7808.0,0.0,0.6414300000000001,0.9697520000000001,MEX,ARG,5604
2099758,152,8,1296,1995,0.0,1127.0,-1.1277709999999999,-1.0603049999999998,MWI,ARG,5604
2099759,153,8,1296,1995,2441.0,0.0,0.357745,0.374284,MYS,ARG,5604
2099760,180,8,1296,1995,0.0,5227.0,-0.283544,-0.640898,PRY,ARG,5604
2099761,188,8,1296,1995,0.0,1989.0,0.401573,-0.6676529999999999,SAU,ARG,5604
2099762,230,8,1296,1995,0.0,11506.0,0.45133900000000005,0.50831,URY,ARG,5604
2099763,231,8,1296,1995,141390.0,0.0,1.771648,1.184,USA,ARG,5604
2099764,249,8,1296,1995,27909.0,0.0,1.345205,1.9337389999999999,TWN,ARG,5604
2099765,250,8,1296,1995,1601.0,0.0,1.034518,0.9735149999999999,ANS,ARG,5604
2099766,21,44,1296,1995,0.0,912.0,-0.695354,-0.902185,BFA,CIV,5604
2099767,77,44,1296,1995,12457.0,0.0,1.768484,0.765537,FRA,CIV,5604
2099768,81,44,1296,1995,2138.0,0.0,1.8656979999999999,1.107121,GBR,CIV,5604
2099769,85,44,1296,1995,0.0,524.0,-1.304768,-1.077826,GIN,CIV,5604
2099770,111,44,1296,1995,15749.0,0.0,1.503379,1.449094,ITA,CIV,5604
2099771,77,45,1296,1995,2997.0,0.0,1.768484,0.765537,FRA,CMR,5604
2099772,81,45,1296,1995,2826.0,0.0,1.8656979999999999,1.107121,GBR,CMR,5604
2099773,97,45,1296,1995,4196.0,0.0,0.5244449999999999,2.682738,HKG,CMR,5604
2099774,111,45,1296,1995,5799.0,0.0,1.503379,1.449094,ITA,CMR,5604
2099775,121,45,1296,1995,1239.0,0.0,0.845175,1.2761799999999999,KOR,CMR,5604
2099776,18,47,1296,1995,24035.0,0.0,1.615588,1.394102,BEL,COG,5604
2099777,14,90,1296,1995,4117.0,0.0,0.44442,0.789292,AUS,GRC,5604
2099778,15,90,1296,1995,27127.0,0.0,2.000295,0.661255,AUT,GRC,5604
2099779,23,90,1296,1995,0.0,10914.0,0.436138,1.086561,BGR,GRC,5604
2099780,43,90,1296,1995,34118.0,0.0,0.387897,3.2147919999999996,CHN,GRC,5604
2099781,58,90,1296,1995,0.0,1377.0,0.263764,0.030358999999999997,CYP,GRC,5604
2099782,61,90,1296,1995,5161077.0,0.0,2.325385,-2.2238189999999998,DEU,GRC,5604
2099783,71,90,1296,1995,40789.0,0.0,1.144247,1.933844,ESP,GRC,5604
2099784,74,90,1296,1995,13045.0,0.0,2.0085740000000003,1.126816,FIN,GRC,5604
2099785,77,90,1296,1995,47936.0,589743.0,1.768484,0.765537,FRA,GRC,5604
2099786,81,90,1296,1995,78934.0,0.0,1.8656979999999999,1.107121,GBR,GRC,5604
2099787,110,90,1296,1995,0.0,10126.0,1.205368,1.189434,ISR,GRC,5604
2099788,111,90,1296,1995,3719885.0,10859.0,1.503379,1.449094,ITA,GRC,5604
2099789,114,90,1296,1995,8469.0,0.0,2.56822,0.927307,JPN,GRC,5604
2099790,124,90,1296,1995,0.0,3115.0,0.027416000000000003,0.327795,LBN,GRC,5604
2099791,231,90,1296,1995,67149.0,59266.0,1.771648,1.184,USA,GRC,5604
2099792,15,102,1296,1995,153630.0,0.0,2.000295,0.661255,AUT,HUN,5604
2099793,18,102,1296,1995,8660.0,0.0,1.615588,1.394102,BEL,HUN,5604
2099794,23,102,1296,1995,0.0,1000.0,0.436138,1.086561,BGR,HUN,5604
2099795,41,102,1296,1995,15823.0,0.0,2.1893029999999998,0.82765,CHE,HUN,5604
2099796,59,102,1296,1995,12718.0,0.0,1.375091,1.628069,CZE,HUN,5604
2099797,61,102,1296,1995,3251338.0,1995.0,2.325385,-2.2238189999999998,DEU,HUN,5604
2099798,74,102,1296,1995,1749.0,0.0,2.0085740000000003,1.126816,FIN,HUN,5604
2099799,77,102,1296,1995,129931.0,0.0,1.768484,0.765537,FRA,HUN,5604
2099800,81,102,1296,1995,69703.0,2703.0,1.8656979999999999,1.107121,GBR,HUN,5604
2099801,100,102,1296,1995,0.0,3820.0,0.75325,1.395715,HRV,HUN,5604
2099802,111,102,1296,1995,206752.0,0.0,1.503379,1.449094,ITA,HUN,5604
2099803,114,102,1296,1995,2084.0,0.0,2.56822,0.927307,JPN,HUN,5604
2099804,121,102,1296,1995,1719.0,0.0,0.845175,1.2761799999999999,KOR,HUN,5604
2099805,162,102,1296,1995,17089.0,0.0,1.304391,1.8819119999999998,NLD,HUN,5604
2099806,177,102,1296,1995,76619.0,0.0,0.76393,1.802648,POL,HUN,5604
2099807,185,102,1296,1995,0.0,4247.0,0.621468,1.038729,ROU,HUN,5604
2099808,206,102,1296,1995,9791.0,0.0,1.2249780000000001,1.405585,SVK,HUN,5604
2099809,207,102,1296,1995,43223.0,0.0,1.424606,1.490521,SVN,HUN,5604
2099810,208,102,1296,1995,39941.0,1785.0,2.246997,1.060171,SWE,HUN,5604
2099811,228,102,1296,1995,0.0,5000.0,0.428875,0.20489899999999997,UKR,HUN,5604
2099812,231,102,1296,1995,2895.0,6636.0,1.771648,1.184,USA,HUN,5604
2099813,249,102,1296,1995,29411.0,0.0,1.345205,1.9337389999999999,TWN,HUN,5604
2099814,18,134,1296,1995,2363.0,0.0,1.615588,1.394102,BEL,MAR,5604
2099815,61,134,1296,1995,2576790.0,0.0,2.325385,-2.2238189999999998,DEU,MAR,5604
2099816,66,134,1296,1995,0.0,5718.0,-0.555409,-1.037972,DZA,MAR,5604
2099817,71,134,1296,1995,52176.0,0.0,1.144247,1.933844,ESP,MAR,5604
2099818,77,134,1296,1995,231858.0,48796.0,1.768484,0.765537,FRA,MAR,5604
2099819,81,134,1296,1995,35835.0,38498.0,1.8656979999999999,1.107121,GBR,MAR,5604
2099820,106,134,1296,1995,2279.0,0.0,1.349192,0.992099,IRL,MAR,5604
2099821,111,134,1296,1995,13725.0,0.0,1.503379,1.449094,ITA,MAR,5604
2099822,121,134,1296,1995,7769.0,0.0,0.845175,1.2761799999999999,KOR,MAR,5604
2099823,77,215,1296,1995,9975.0,0.0,1.768484,0.765537,FRA,TGO,5604
2099824,141,215,1296,1995,0.0,1329.0,-0.807662,-0.952101,MLI,TGO,5604
2099825,6,223,1296,1995,2229.0,0.0,-0.020759,-0.653863,ANT,TUN,5604
2099826,15,223,1296,1995,2464.0,0.0,2.000295,0.661255,AUT,TUN,5604
2099827,18,223,1296,1995,672987.0,0.0,1.615588,1.394102,BEL,TUN,5604
2099828,39,223,1296,1995,12296.0,0.0,1.077804,1.0724200000000002,CAN,TUN,5604
2099829,61,223,1296,1995,766648.0,0.0,2.325385,-2.2238189999999998,DEU,TUN,5604
2099830,66,223,1296,1995,0.0,4125.0,-0.555409,-1.037972,DZA,TUN,5604
2099831,71,223,1296,1995,10522.0,0.0,1.144247,1.933844,ESP,TUN,5604
2099832,77,223,1296,1995,96693.0,958.0,1.768484,0.765537,FRA,TUN,5604
2099833,81,223,1296,1995,3940.0,0.0,1.8656979999999999,1.107121,GBR,TUN,5604
2099834,97,223,1296,1995,56630.0,0.0,0.5244449999999999,2.682738,HKG,TUN,5604
2099835,104,223,1296,1995,48041.0,0.0,0.156183,1.9617380000000002,IND,TUN,5604
2099836,111,223,1296,1995,153695.0,0.0,1.503379,1.449094,ITA,TUN,5604
2099837,162,223,1296,1995,19652.0,0.0,1.304391,1.8819119999999998,NLD,TUN,5604
2099838,208,223,1296,1995,3097.0,0.0,2.246997,1.060171,SWE,TUN,5604
2099839,249,223,1296,1995,10109.0,0.0,1.345205,1.9337389999999999,TWN,TUN,5604
2099840,250,223,1296,1995,6571.0,17181.0,1.034518,0.9735149999999999,ANS,TUN,5604
2099841,8,230,1296,1995,11506.0,0.0,0.245885,0.5489850000000001,ARG,URY,5604
2099842,32,230,1296,1995,69831.0,0.0,0.687171,1.188647,BRA,URY,5604
2099843,71,230,1296,1995,946.0,0.0,1.144247,1.933844,ESP,URY,5604
2099844,111,230,1296,1995,9382.0,0.0,1.503379,1.449094,ITA,URY,5604
2099845,231,230,1296,1995,1914.0,0.0,1.771648,1.184,USA,URY,5604
2099846,249,230,1296,1995,11249.0,0.0,1.345205,1.9337389999999999,TWN,URY,5604
2099847,61,247,1296,1995,10543.0,0.0,2.325385,-2.2238189999999998,DEU,ZMB,5604
2099848,246,247,1296,1995,21331.0,0.0,0.468112,1.039817,ZAF,ZMB,5604
2099849,61,248,1296,1995,49683.0,0.0,2.325385,-2.2238189999999998,DEU,ZWE,5604
2099850,81,248,1296,1995,9801.0,0.0,1.8656979999999999,1.107121,GBR,ZWE,5604
2099851,152,248,1296,1995,2476.0,0.0,-1.1277709999999999,-1.0603049999999998,MWI,ZWE,5604
2099852,231,248,1296,1995,5029.0,0.0,1.771648,1.184,USA,ZWE,5604
2099853,246,248,1296,1995,67596.0,0.0,0.468112,1.039817,ZAF,ZWE,5604
2099854,249,248,1296,1995,51842.0,0.0,1.345205,1.9337389999999999,TWN,ZWE,5604
2099855,39,120,1296,1995,836.0,0.0,1.077804,1.0724200000000002,CAN,KNA,5604
2099856,231,120,1296,1995,819.0,0.0,1.771648,1.184,USA,KNA,5604
2099857,249,120,1296,1995,1377.0,0.0,1.345205,1.9337389999999999,TWN,KNA,5604
2099858,32,236,1296,1995,107020.0,0.0,0.687171,1.188647,BRA,VEN,5604
2099859,49,236,1296,1995,129210.0,26619.0,0.094335,0.13047999999999998,COL,VEN,5604
2099860,54,236,1296,1995,0.0,12103.0,-0.315644,-0.8812110000000001,CUB,VEN,5604
2099861,61,236,1296,1995,16596.0,0.0,2.325385,-2.2238189999999998,DEU,VEN,5604
2099862,67,236,1296,1995,0.0,7665.0,-0.948154,-0.9595790000000001,ECU,VEN,5604
2099863,71,236,1296,1995,10153.0,0.0,1.144247,1.933844,ESP,VEN,5604
2099864,111,236,1296,1995,4336.0,0.0,1.503379,1.449094,ITA,VEN,5604
2099865,114,236,1296,1995,2550.0,0.0,2.56822,0.927307,JPN,VEN,5604
2099866,153,236,1296,1995,14573.0,0.0,0.357745,0.374284,MYS,VEN,5604
2099867,169,236,1296,1995,0.0,4369.0,-0.019815,0.050906,PAN,VEN,5604
2099868,173,236,1296,1995,0.0,31128.0,-0.263859,-0.21032800000000001,PER,VEN,5604
2099869,231,236,1296,1995,142165.0,0.0,1.771648,1.184,USA,VEN,5604
2099870,249,236,1296,1995,41644.0,0.0,1.345205,1.9337389999999999,TWN,VEN,5604
2099871,15,58,1296,1995,3265.0,0.0,2.000295,0.661255,AUT,CYP,5604
2099872,59,58,1296,1995,915.0,0.0,1.375091,1.628069,CZE,CYP,5604
2099873,61,58,1296,1995,284583.0,0.0,2.325385,-2.2238189999999998,DEU,CYP,5604
2099874,68,58,1296,1995,0.0,2114.0,-0.340042,-0.085601,EGY,CYP,5604
2099875,71,58,1296,1995,5813.0,0.0,1.144247,1.933844,ESP,CYP,5604
2099876,81,58,1296,1995,24456.0,0.0,1.8656979999999999,1.107121,GBR,CYP,5604
2099877,90,58,1296,1995,1377.0,0.0,0.17369,0.885756,GRC,CYP,5604
2099878,110,58,1296,1995,4953.0,0.0,1.205368,1.189434,ISR,CYP,5604
2099879,111,58,1296,1995,18850.0,0.0,1.503379,1.449094,ITA,CYP,5604
2099880,124,58,1296,1995,17499.0,0.0,0.027416000000000003,0.327795,LBN,CYP,5604
2099881,177,58,1296,1995,3216.0,0.0,0.76393,1.802648,POL,CYP,5604
2099882,224,58,1296,1995,5263.0,0.0,0.166794,1.209066,TUR,CYP,5604
2099883,15,100,1296,1995,13493.0,0.0,2.000295,0.661255,AUT,HRV,5604
2099884,26,100,1296,1995,0.0,67686.0,0.208931,0.053763,BIH,HRV,5604
2099885,59,100,1296,1995,845.0,0.0,1.375091,1.628069,CZE,HRV,5604
2099886,61,100,1296,1995,437932.0,9694.0,2.325385,-2.2238189999999998,DEU,HRV,5604
2099887,64,100,1296,1995,1137.0,0.0,1.3800270000000001,1.489036,DNK,HRV,5604
2099888,81,100,1296,1995,3722.0,0.0,1.8656979999999999,1.107121,GBR,HRV,5604
2099889,102,100,1296,1995,3820.0,0.0,0.878711,1.8200060000000002,HUN,HRV,5604
2099890,111,100,1296,1995,44420.0,1501.0,1.503379,1.449094,ITA,HRV,5604
2099891,140,100,1296,1995,0.0,11462.0,0.34174,0.648467,MKD,HRV,5604
2099892,207,100,1296,1995,37934.0,20377.0,1.424606,1.490521,SVN,HRV,5604
2099893,216,100,1296,1995,2913.0,0.0,0.174522,1.608058,THA,HRV,5604
2099894,224,100,1296,1995,64061.0,0.0,0.166794,1.209066,TUR,HRV,5604
2099895,249,100,1296,1995,29149.0,0.0,1.345205,1.9337389999999999,TWN,HRV,5604
2099896,61,135,1296,1995,6643.0,0.0,2.325385,-2.2238189999999998,DEU,MDA,5604
2099897,186,135,1296,1995,0.0,1789.0,0.364437,0.171494,RUS,MDA,5604
2099898,15,140,1296,1995,4989.0,0.0,2.000295,0.661255,AUT,MKD,5604
2099899,23,140,1296,1995,11553.0,0.0,0.436138,1.086561,BGR,MKD,5604
2099900,41,140,1296,1995,1234.0,0.0,2.1893029999999998,0.82765,CHE,MKD,5604
2099901,61,140,1296,1995,1582963.0,7317.0,2.325385,-2.2238189999999998,DEU,MKD,5604
2099902,100,140,1296,1995,11462.0,0.0,0.75325,1.395715,HRV,MKD,5604
2099903,111,140,1296,1995,19692.0,257906.0,1.503379,1.449094,ITA,MKD,5604
2099904,207,140,1296,1995,38044.0,0.0,1.424606,1.490521,SVN,MKD,5604
2099905,224,140,1296,1995,88475.0,0.0,0.166794,1.209066,TUR,MKD,5604
2099906,231,140,1296,1995,3832.0,0.0,1.771648,1.184,USA,MKD,5604
2099907,121,190,1296,1995,56452.0,0.0,0.845175,1.2761799999999999,KOR,SDN,5604
2099908,52,197,1296,1995,0.0,14241.0,-0.30094699999999996,-0.046285,CRI,SLV,5604
2099909,93,197,1296,1995,2380.0,143697.0,-0.241468,0.170932,GTM,SLV,5604
2099910,99,197,1296,1995,0.0,143057.0,-0.765536,-0.668834,HND,SLV,5604
2099911,153,197,1296,1995,39777.0,0.0,0.357745,0.374284,MYS,SLV,5604
2099912,160,197,1296,1995,0.0,7434.0,-0.395096,-0.559934,NIC,SLV,5604
2099913,231,197,1296,1995,137756.0,0.0,1.771648,1.184,USA,SLV,5604
2099914,249,197,1296,1995,3128.0,0.0,1.345205,1.9337389999999999,TWN,SLV,5604
2099915,227,46,1296,1995,1629.0,0.0,-1.053037,-1.001752,UGA,COD,5604
2099916,138,54,1296,1995,6004.0,0.0,0.6414300000000001,0.9697520000000001,MEX,CUB,5604
2099917,236,54,1296,1995,12103.0,0.0,0.299294,-0.635474,VEN,CUB,5604
2099918,39,65,1296,1995,16145.0,0.0,1.077804,1.0724200000000002,CAN,DOM,5604
2099919,231,65,1296,1995,639697.0,0.0,1.771648,1.184,USA,DOM,5604
2099920,43,67,1296,1995,5296.0,0.0,0.387897,3.2147919999999996,CHN,ECU,5604
2099921,49,67,1296,1995,17001.0,9279.0,0.094335,0.13047999999999998,COL,ECU,5604
2099922,173,67,1296,1995,4669.0,0.0,-0.263859,-0.21032800000000001,PER,ECU,5604
2099923,231,67,1296,1995,228818.0,0.0,1.771648,1.184,USA,ECU,5604
2099924,236,67,1296,1995,7665.0,0.0,0.299294,-0.635474,VEN,ECU,5604
2099925,61,107,1296,1995,34064.0,0.0,2.325385,-2.2238189999999998,DEU,IRN,5604
2099926,185,107,1296,1995,0.0,1855.0,0.621468,1.038729,ROU,IRN,5604
2099927,224,107,1296,1995,276655.0,0.0,0.166794,1.209066,TUR,IRN,5604
2099928,43,168,1296,1995,87501.0,5229.0,0.387897,3.2147919999999996,CHN,PAK,5604
2099929,61,168,1296,1995,3137889.0,0.0,2.325385,-2.2238189999999998,DEU,PAK,5604
2099930,114,168,1296,1995,6315.0,0.0,2.56822,0.927307,JPN,PAK,5604
2099931,153,168,1296,1995,2657.0,0.0,0.357745,0.374284,MYS,PAK,5604
2099932,188,168,1296,1995,0.0,45262.0,0.401573,-0.6676529999999999,SAU,PAK,5604
2099933,192,168,1296,1995,8569.0,0.0,0.747684,0.4745,SGP,PAK,5604
2099934,14,174,1296,1995,0.0,1485.0,0.44442,0.789292,AUS,PHL,5604
2099935,15,174,1296,1995,1658.0,0.0,2.000295,0.661255,AUT,PHL,5604
2099936,43,174,1296,1995,20943.0,0.0,0.387897,3.2147919999999996,CHN,PHL,5604
2099937,61,174,1296,1995,67072.0,0.0,2.325385,-2.2238189999999998,DEU,PHL,5604
2099938,71,174,1296,1995,0.0,99398.0,1.144247,1.933844,ESP,PHL,5604
2099939,81,174,1296,1995,1266.0,19878.0,1.8656979999999999,1.107121,GBR,PHL,5604
2099940,97,174,1296,1995,36934.0,0.0,0.5244449999999999,2.682738,HKG,PHL,5604
2099941,114,174,1296,1995,316308.0,110156.0,2.56822,0.927307,JPN,PHL,5604
2099942,121,174,1296,1995,75088.0,0.0,0.845175,1.2761799999999999,KOR,PHL,5604
2099943,138,174,1296,1995,0.0,2441.0,0.6414300000000001,0.9697520000000001,MEX,PHL,5604
2099944,153,174,1296,1995,28104.0,0.0,0.357745,0.374284,MYS,PHL,5604
2099945,231,174,1296,1995,3019.0,16719.0,1.771648,1.184,USA,PHL,5604
2099946,61,186,1296,1995,47702.0,0.0,2.325385,-2.2238189999999998,DEU,RUS,5604
2099947,64,186,1296,1995,12223.0,0.0,1.3800270000000001,1.489036,DNK,RUS,5604
2099948,72,186,1296,1995,3646.0,32228.0,0.530041,1.134288,EST,RUS,5604
2099949,74,186,1296,1995,1570.0,0.0,2.0085740000000003,1.126816,FIN,RUS,5604
2099950,77,186,1296,1995,4655.0,0.0,1.768484,0.765537,FRA,RUS,5604
2099951,81,186,1296,1995,32919.0,0.0,1.8656979999999999,1.107121,GBR,RUS,5604
2099952,111,186,1296,1995,98622.0,0.0,1.503379,1.449094,ITA,RUS,5604
2099953,132,186,1296,1995,0.0,64392.0,0.25453400000000004,0.174809,LVA,RUS,5604
2099954,135,186,1296,1995,1789.0,0.0,0.394058,0.124474,MDA,RUS,5604
2099955,163,186,1296,1995,46004.0,0.0,1.019741,0.394241,NOR,RUS,5604
2099956,179,186,1296,1995,36557.0,0.0,0.412677,1.254009,PRT,RUS,5604
2099957,192,186,1296,1995,2339.0,0.0,0.747684,0.4745,SGP,RUS,5604
2099958,224,186,1296,1995,25921.0,304765.0,0.166794,1.209066,TUR,RUS,5604
2099959,231,186,1296,1995,25835.0,0.0,1.771648,1.184,USA,RUS,5604
2099960,104,226,1296,1995,6811.0,0.0,0.156183,1.9617380000000002,IND,TZA,5604
2099961,162,226,1296,1995,5493.0,0.0,1.304391,1.8819119999999998,NLD,TZA,5604
2099962,59,228,1296,1995,19421.0,2069.0,1.375091,1.628069,CZE,UKR,5604
2099963,61,228,1296,1995,137943.0,0.0,2.325385,-2.2238189999999998,DEU,UKR,5604
2099964,102,228,1296,1995,5000.0,0.0,0.878711,1.8200060000000002,HUN,UKR,5604
2099965,111,228,1296,1995,2302.0,0.0,1.503379,1.449094,ITA,UKR,5604
2099966,130,228,1296,1995,0.0,17450.0,0.41220500000000004,0.966966,LTU,UKR,5604
2099967,206,228,1296,1995,1389.0,0.0,1.2249780000000001,1.405585,SVK,UKR,5604
2099968,18,239,1296,1995,0.0,30669.0,1.615588,1.394102,BEL,VNM,5604
2099969,61,239,1296,1995,12483.0,0.0,2.325385,-2.2238189999999998,DEU,VNM,5604
2099970,114,239,1296,1995,169684.0,57310.0,2.56822,0.927307,JPN,VNM,5604
2099971,121,239,1296,1995,237034.0,0.0,0.845175,1.2761799999999999,KOR,VNM,5604
2099972,153,239,1296,1995,2184.0,0.0,0.357745,0.374284,MYS,VNM,5604
2099973,216,239,1296,1995,13986.0,0.0,0.174522,1.608058,THA,VNM,5604
2099974,231,239,1296,1995,8448.0,0.0,1.771648,1.184,USA,VNM,5604
2099975,8,249,1296,1995,0.0,27909.0,0.245885,0.5489850000000001,ARG,TWN,5604
2099976,14,249,1296,1995,0.0,114530.0,0.44442,0.789292,AUS,TWN,5604
2099977,15,249,1296,1995,0.0,32471.0,2.000295,0.661255,AUT,TWN,5604
2099978,18,249,1296,1995,0.0,7540.0,1.615588,1.394102,BEL,TWN,5604
2099979,22,249,1296,1995,0.0,151918.0,-1.037175,-0.983195,BGD,TWN,5604
2099980,32,249,1296,1995,0.0,2082.0,0.687171,1.188647,BRA,TWN,5604
2099981,39,249,1296,1995,0.0,51938.0,1.077804,1.0724200000000002,CAN,TWN,5604
2099982,41,249,1296,1995,0.0,7365.0,2.1893029999999998,0.82765,CHE,TWN,5604
2099983,42,249,1296,1995,0.0,32474.0,-0.073436,-0.192675,CHL,TWN,5604
2099984,43,249,1296,1995,769232.0,4612325.0,0.387897,3.2147919999999996,CHN,TWN,5604
2099985,49,249,1296,1995,0.0,10682.0,0.094335,0.13047999999999998,COL,TWN,5604
2099986,52,249,1296,1995,0.0,3413.0,-0.30094699999999996,-0.046285,CRI,TWN,5604
2099987,61,249,1296,1995,2165968.0,35279.0,2.325385,-2.2238189999999998,DEU,TWN,5604
2099988,64,249,1296,1995,0.0,6361.0,1.3800270000000001,1.489036,DNK,TWN,5604
2099989,71,249,1296,1995,0.0,16287.0,1.144247,1.933844,ESP,TWN,5604
2099990,77,249,1296,1995,10787.0,189233.0,1.768484,0.765537,FRA,TWN,5604
2099991,81,249,1296,1995,27016.0,159098.0,1.8656979999999999,1.107121,GBR,TWN,5604
2099992,87,249,1296,1995,0.0,1213.0,-0.605221,-0.700982,GMB,TWN,5604
2099993,97,249,1296,1995,35132.0,617519.0,0.5244449999999999,2.682738,HKG,TWN,5604
2099994,99,249,1296,1995,0.0,6957.0,-0.765536,-0.668834,HND,TWN,5604
2099995,100,249,1296,1995,0.0,29149.0,0.75325,1.395715,HRV,TWN,5604
2099996,102,249,1296,1995,0.0,29411.0,0.878711,1.8200060000000002,HUN,TWN,5604
2099997,103,249,1296,1995,0.0,262316.0,-0.391727,1.174727,IDN,TWN,5604
2099998,104,249,1296,1995,0.0,211393.0,0.156183,1.9617380000000002,IND,TWN,5604
