3799999,39,246,8689,2014,99180.0,615131.0,0.671395,1.024683,CAN,ZAF,820711
3800000,41,246,8689,2014,104358.0,662.0,2.2000919999999997,0.65398,CHE,ZAF,820711
3800001,42,246,8689,2014,3089.0,72677.0,-0.344671,-0.43380799999999997,CHL,ZAF,820711
3800002,43,246,8689,2014,3504724.0,46895.0,1.187557,1.222085,CHN,ZAF,820711
3800003,44,246,8689,2014,0.0,3275.0,-0.737625,-0.768728,CIV,ZAF,820711
3800004,45,246,8689,2014,0.0,30734.0,-0.6723520000000001,-0.945084,CMR,ZAF,820711
3800005,46,246,8689,2014,1231.0,1961435.0,-1.6680240000000002,-1.1265129999999999,COD,ZAF,820711
3800006,47,246,8689,2014,0.0,32572.0,-1.371624,-1.12468,COG,ZAF,820711
3800007,49,246,8689,2014,0.0,887.0,0.19864500000000002,-0.378364,COL,ZAF,820711
3800008,59,246,8689,2014,1717.0,53240.0,1.8105830000000003,0.131131,CZE,ZAF,820711
3800009,61,246,8689,2014,1229398.0,267781.0,2.052849,-2.888805,DEU,ZAF,820711
3800010,66,246,8689,2014,0.0,17859.0,-1.5554649999999999,-1.1657030000000002,DZA,ZAF,820711
3800011,68,246,8689,2014,4761.0,0.0,-0.086866,1.7419669999999998,EGY,ZAF,820711
3800012,69,246,8689,2014,0.0,28244.0,-2.345215,-1.051413,ERI,ZAF,820711
3800013,71,246,8689,2014,3395.0,4586.0,0.842147,2.45692,ESP,ZAF,820711
3800014,73,246,8689,2014,0.0,18078.0,-1.296535,-1.045942,ETH,ZAF,820711
3800015,74,246,8689,2014,1361929.0,82825.0,1.626355,1.002923,FIN,ZAF,820711
3800016,77,246,8689,2014,2154.0,217888.0,1.4817790000000002,0.30995,FRA,ZAF,820711
3800017,80,246,8689,2014,0.0,148443.0,-1.625474,-1.135973,GAB,ZAF,820711
3800018,81,246,8689,2014,701086.0,13963.0,1.697964,0.585372,GBR,ZAF,820711
3800019,83,246,8689,2014,2870.0,125291.0,-1.130226,-0.9909379999999999,GHA,ZAF,820711
3800020,90,246,8689,2014,0.0,37664.0,0.149337,0.8560540000000001,GRC,ZAF,820711
3800021,97,246,8689,2014,180573.0,1801.0,0.812132,1.722493,HKG,ZAF,820711
3800022,102,246,8689,2014,1395.0,9700.0,1.477093,0.812869,HUN,ZAF,820711
3800023,103,246,8689,2014,0.0,15843.0,-0.088032,1.3966459999999998,IDN,ZAF,820711
3800024,104,246,8689,2014,552448.0,4575.0,0.262042,2.6305080000000003,IND,ZAF,820711
3800025,106,246,8689,2014,1401748.0,130569.0,1.2658399999999999,0.278546,IRL,ZAF,820711
3800026,107,246,8689,2014,76296.0,4071.0,-0.361058,-0.312743,IRN,ZAF,820711
3800027,110,246,8689,2014,3804.0,62966.0,1.211141,0.64523,ISR,ZAF,820711
3800028,111,246,8689,2014,1385.0,1599.0,1.340136,0.43931099999999995,ITA,ZAF,820711
3800029,114,246,8689,2014,11610.0,0.0,2.403165,-0.635024,JPN,ZAF,820711
3800030,116,246,8689,2014,0.0,72119.0,-0.487058,0.307288,KEN,ZAF,820711
3800031,121,246,8689,2014,60063.0,87868.0,1.817145,0.8394530000000001,KOR,ZAF,820711
3800032,125,246,8689,2014,0.0,53639.0,-1.016828,-1.107983,LBR,ZAF,820711
3800033,128,246,8689,2014,0.0,8078.0,-0.49366899999999997,0.338686,LKA,ZAF,820711
3800034,129,246,8689,2014,1013.0,184816.0,-0.59647,-0.58713,LSO,ZAF,820711
3800035,134,246,8689,2014,0.0,7013.0,-0.574034,0.065788,MAR,ZAF,820711
3800036,136,246,8689,2014,0.0,24736.0,-1.002122,-0.44446,MDG,ZAF,820711
3800037,138,246,8689,2014,1162344.0,241124.0,1.0799729999999998,0.697554,MEX,ZAF,820711
3800038,141,246,8689,2014,0.0,17624.0,-1.199063,-1.05497,MLI,ZAF,820711
3800039,147,246,8689,2014,53891.0,690385.0,-1.1993610000000001,-1.040181,MOZ,ZAF,820711
3800040,148,246,8689,2014,1452.0,37367.0,-1.458551,-1.225373,MRT,ZAF,820711
3800041,151,246,8689,2014,0.0,93740.0,-0.029891,-0.12431099999999999,MUS,ZAF,820711
3800042,152,246,8689,2014,0.0,276853.0,-0.494204,-0.751903,MWI,ZAF,820711
3800043,153,246,8689,2014,0.0,3568.0,1.018138,0.774649,MYS,ZAF,820711
3800044,155,246,8689,2014,51162.0,2004863.0,-0.428227,-0.5632229999999999,NAM,ZAF,820711
3800045,159,246,8689,2014,3891.0,43671.0,-1.2126430000000001,-1.059697,NGA,ZAF,820711
3800046,160,246,8689,2014,0.0,398.0,-0.938269,-0.839066,NIC,ZAF,820711
3800047,162,246,8689,2014,1481.0,50289.0,1.179325,1.355071,NLD,ZAF,820711
3800048,163,246,8689,2014,0.0,3110.0,0.9187049999999999,0.182685,NOR,ZAF,820711
3800049,164,246,8689,2014,0.0,626.0,-0.11988199999999999,0.655883,NPL,ZAF,820711
3800050,166,246,8689,2014,2155.0,9376.0,0.272502,0.21628699999999998,NZL,ZAF,820711
3800051,168,246,8689,2014,0.0,35953.0,-0.672924,0.566787,PAK,ZAF,820711
3800052,173,246,8689,2014,2840.0,167177.0,-0.557833,0.611826,PER,ZAF,820711
3800053,174,246,8689,2014,0.0,6705.0,0.637442,0.475883,PHL,ZAF,820711
3800054,177,246,8689,2014,266139.0,1782.0,1.133102,1.177165,POL,ZAF,820711
3800055,179,246,8689,2014,14592.0,2594.0,0.621053,2.349644,PRT,ZAF,820711
3800056,183,246,8689,2014,0.0,2354.0,-0.37535599999999997,-1.0196370000000001,QAT,ZAF,820711
3800057,186,246,8689,2014,0.0,371413.0,0.229422,-0.214856,RUS,ZAF,820711
3800058,187,246,8689,2014,0.0,24161.0,-0.5692659999999999,-0.447859,RWA,ZAF,820711
3800059,188,246,8689,2014,0.0,37630.0,0.5758439999999999,-0.832692,SAU,ZAF,820711
3800060,191,246,8689,2014,0.0,667.0,-0.502607,-0.08866,SEN,ZAF,820711
3800061,192,246,8689,2014,203004.0,127916.0,1.867492,0.626736,SGP,ZAF,820711
3800062,194,246,8689,2014,0.0,1956.0,1.125419,-0.183407,SHN,ZAF,820711
3800063,196,246,8689,2014,0.0,8127.0,-0.9228569999999999,-0.791482,SLE,ZAF,820711
3800064,201,246,8689,2014,0.0,1668.0,0.551635,1.211535,SRB,ZAF,820711
3800065,208,246,8689,2014,19770972.0,1316466.0,1.817752,0.558474,SWE,ZAF,820711
3800066,209,246,8689,2014,53880.0,258699.0,0.22972199999999998,-0.365564,SWZ,ZAF,820711
3800067,211,246,8689,2014,0.0,9607.0,0.358111,-0.484879,SYC,ZAF,820711
3800068,214,246,8689,2014,0.0,1232.0,-2.012048,-0.921558,TCD,ZAF,820711
3800069,216,246,8689,2014,0.0,2987.0,0.977094,1.41283,THA,ZAF,820711
3800070,224,246,8689,2014,4445.0,21385.0,0.554761,2.385693,TUR,ZAF,820711
3800071,226,246,8689,2014,2824.0,811162.0,-1.054331,0.166345,TZA,ZAF,820711
3800072,227,246,8689,2014,0.0,2551.0,-0.46911800000000003,0.25446599999999997,UGA,ZAF,820711
3800073,231,246,8689,2014,10625151.0,118341.0,1.61227,0.068905,USA,ZAF,820711
3800074,236,246,8689,2014,0.0,25533.0,-0.582086,-1.081727,VEN,ZAF,820711
3800075,247,246,8689,2014,31656.0,4017826.0,-0.664089,-0.793452,ZMB,ZAF,820711
3800076,248,246,8689,2014,12260.0,3619226.0,-0.821369,-0.864232,ZWE,ZAF,820711
3800077,249,246,8689,2014,40834.0,0.0,1.9044189999999999,1.0595139999999998,TWN,ZAF,820711
3800078,250,246,8689,2014,7345.0,12940.0,0.506842,0.049545,ANS,ZAF,820711
3800079,7,249,8689,2014,0.0,5289.0,0.087775,-0.289459,ARE,TWN,820711
3800080,39,249,8689,2014,0.0,2437.0,0.671395,1.024683,CAN,TWN,820711
3800081,43,249,8689,2014,221870.0,3853.0,1.187557,1.222085,CHN,TWN,820711
3800082,44,249,8689,2014,0.0,1393.0,-0.737625,-0.768728,CIV,TWN,820711
3800083,45,249,8689,2014,0.0,657.0,-0.6723520000000001,-0.945084,CMR,TWN,820711
3800084,49,249,8689,2014,0.0,13607.0,0.19864500000000002,-0.378364,COL,TWN,820711
3800085,61,249,8689,2014,2360843.0,6355.0,2.052849,-2.888805,DEU,TWN,820711
3800086,66,249,8689,2014,0.0,35519.0,-1.5554649999999999,-1.1657030000000002,DZA,TWN,820711
3800087,67,249,8689,2014,0.0,3804.0,-1.066865,-1.052921,ECU,TWN,820711
3800088,68,249,8689,2014,0.0,6860.0,-0.086866,1.7419669999999998,EGY,TWN,820711
3800089,74,249,8689,2014,5115.0,0.0,1.626355,1.002923,FIN,TWN,820711
3800090,81,249,8689,2014,104613.0,4003.0,1.697964,0.585372,GBR,TWN,820711
3800091,104,249,8689,2014,0.0,387767.0,0.262042,2.6305080000000003,IND,TWN,820711
3800092,111,249,8689,2014,5769.0,247097.0,1.340136,0.43931099999999995,ITA,TWN,820711
3800093,113,249,8689,2014,0.0,3868.0,0.210208,0.48732299999999995,JOR,TWN,820711
3800094,114,249,8689,2014,195628.0,0.0,2.403165,-0.635024,JPN,TWN,820711
3800095,130,249,8689,2014,0.0,4941.0,0.764495,1.3451540000000002,LTU,TWN,820711
3800096,138,249,8689,2014,0.0,2392.0,1.0799729999999998,0.697554,MEX,TWN,820711
3800097,153,249,8689,2014,0.0,4324.0,1.018138,0.774649,MYS,TWN,820711
3800098,163,249,8689,2014,0.0,2894.0,0.9187049999999999,0.182685,NOR,TWN,820711
3800099,173,249,8689,2014,0.0,19463.0,-0.557833,0.611826,PER,TWN,820711
3800100,192,249,8689,2014,16019.0,169630.0,1.867492,0.626736,SGP,TWN,820711
3800101,208,249,8689,2014,143529.0,10058.0,1.817752,0.558474,SWE,TWN,820711
3800102,216,249,8689,2014,0.0,8911.0,0.977094,1.41283,THA,TWN,820711
3800103,224,249,8689,2014,0.0,5027.0,0.554761,2.385693,TUR,TWN,820711
3800104,231,249,8689,2014,2859.0,28045.0,1.61227,0.068905,USA,TWN,820711
3800105,246,249,8689,2014,0.0,40834.0,0.282927,1.723214,ZAF,TWN,820711
3800106,250,249,8689,2014,1707.0,0.0,0.506842,0.049545,ANS,TWN,820711
3800107,0,250,8689,2014,0.0,2047.0,0.779539,-0.32255700000000004,ABW,ANS,820711
3800108,7,250,8689,2014,57356.0,0.0,0.087775,-0.289459,ARE,ANS,820711
3800109,42,250,8689,2014,2033.0,60965.0,-0.344671,-0.43380799999999997,CHL,ANS,820711
3800110,44,250,8689,2014,0.0,4351.0,-0.737625,-0.768728,CIV,ANS,820711
3800111,67,250,8689,2014,4037.0,0.0,-1.066865,-1.052921,ECU,ANS,820711
3800112,71,250,8689,2014,0.0,390486.0,0.842147,2.45692,ESP,ANS,820711
3800113,72,250,8689,2014,0.0,25551.0,0.9147780000000001,1.151556,EST,ANS,820711
3800114,77,250,8689,2014,0.0,1081.0,1.4817790000000002,0.30995,FRA,ANS,820711
3800115,106,250,8689,2014,0.0,39734.0,1.2658399999999999,0.278546,IRL,ANS,820711
3800116,107,250,8689,2014,0.0,72895.0,-0.361058,-0.312743,IRN,ANS,820711
3800117,113,250,8689,2014,435999.0,0.0,0.210208,0.48732299999999995,JOR,ANS,820711
3800118,131,250,8689,2014,0.0,1860.0,1.243845,1.155474,LUX,ANS,820711
3800119,169,250,8689,2014,66543.0,0.0,0.771742,0.9873190000000001,PAN,ANS,820711
3800120,177,250,8689,2014,0.0,1328.0,1.133102,1.177165,POL,ANS,820711
3800121,224,250,8689,2014,3613.0,0.0,0.554761,2.385693,TUR,ANS,820711
3800122,243,250,8689,2014,0.0,52869.0,-1.2829190000000001,-1.227373,YEM,ANS,820711
3800123,246,250,8689,2014,12940.0,7345.0,0.282927,1.723214,ZAF,ANS,820711
3800124,249,250,8689,2014,0.0,1707.0,1.9044189999999999,1.0595139999999998,TWN,ANS,820711
3800125,43,9,8689,2014,17365.0,0.0,1.187557,1.222085,CHN,ARM,820711
3800126,61,9,8689,2014,23678.0,0.0,2.052849,-2.888805,DEU,ARM,820711
3800127,74,9,8689,2014,55978.0,0.0,1.626355,1.002923,FIN,ARM,820711
3800128,81,9,8689,2014,1116.0,0.0,1.697964,0.585372,GBR,ARM,820711
3800129,177,9,8689,2014,1433.0,0.0,1.133102,1.177165,POL,ARM,820711
3800130,186,9,8689,2014,134774.0,0.0,0.229422,-0.214856,RUS,ARM,820711
3800131,192,9,8689,2014,5327.0,0.0,1.867492,0.626736,SGP,ARM,820711
3800132,208,9,8689,2014,157856.0,5178.0,1.817752,0.558474,SWE,ARM,820711
3800133,231,9,8689,2014,11250.0,0.0,1.61227,0.068905,USA,ARM,820711
3800134,246,9,8689,2014,5532.0,0.0,0.282927,1.723214,ZAF,ARM,820711
3800135,7,14,8689,2014,0.0,9429.0,0.087775,-0.289459,ARE,AUS,820711
3800136,8,14,8689,2014,0.0,2091994.0,0.10691500000000001,0.44860600000000006,ARG,AUS,820711
3800137,15,14,8689,2014,0.0,1182.0,1.7116790000000002,-0.140232,AUT,AUS,820711
3800138,18,14,8689,2014,3741.0,3043.0,1.234156,1.226441,BEL,AUS,820711
3800139,23,14,8689,2014,0.0,8521.0,0.579058,1.6558110000000001,BGR,AUS,820711
3800140,32,14,8689,2014,0.0,183066.0,0.218223,0.556921,BRA,AUS,820711
3800141,37,14,8689,2014,0.0,1287.0,-0.60221,-1.104578,BWA,AUS,820711
3800142,39,14,8689,2014,439502.0,499799.0,0.671395,1.024683,CAN,AUS,820711
3800143,42,14,8689,2014,26418.0,545112.0,-0.344671,-0.43380799999999997,CHL,AUS,820711
3800144,43,14,8689,2014,1197343.0,59865.0,1.187557,1.222085,CHN,AUS,820711
3800145,44,14,8689,2014,0.0,1748.0,-0.737625,-0.768728,CIV,AUS,820711
3800146,46,14,8689,2014,0.0,62231.0,-1.6680240000000002,-1.1265129999999999,COD,AUS,820711
3800147,61,14,8689,2014,12578429.0,49798.0,2.052849,-2.888805,DEU,AUS,820711
3800148,65,14,8689,2014,0.0,12733.0,-0.180845,0.508512,DOM,AUS,820711
3800149,66,14,8689,2014,0.0,1041.0,-1.5554649999999999,-1.1657030000000002,DZA,AUS,820711
3800150,67,14,8689,2014,0.0,37770.0,-1.066865,-1.052921,ECU,AUS,820711
3800151,71,14,8689,2014,0.0,1697.0,0.842147,2.45692,ESP,AUS,820711
3800152,73,14,8689,2014,0.0,521.0,-1.296535,-1.045942,ETH,AUS,820711
3800153,74,14,8689,2014,581544.0,26108.0,1.626355,1.002923,FIN,AUS,820711
3800154,75,14,8689,2014,0.0,30480.0,-0.306346,-0.07688500000000001,FJI,AUS,820711
3800155,77,14,8689,2014,20898.0,66080.0,1.4817790000000002,0.30995,FRA,AUS,820711
3800156,81,14,8689,2014,3869250.0,4688.0,1.697964,0.585372,GBR,AUS,820711
3800157,83,14,8689,2014,0.0,141862.0,-1.130226,-0.9909379999999999,GHA,AUS,820711
3800158,97,14,8689,2014,3039.0,8022.0,0.812132,1.722493,HKG,AUS,820711
3800159,103,14,8689,2014,33301.0,107007.0,-0.088032,1.3966459999999998,IDN,AUS,820711
3800160,104,14,8689,2014,3557229.0,36702.0,0.262042,2.6305080000000003,IND,AUS,820711
3800161,106,14,8689,2014,1676.0,0.0,1.2658399999999999,0.278546,IRL,AUS,820711
3800162,110,14,8689,2014,1652.0,0.0,1.211141,0.64523,ISR,AUS,820711
3800163,111,14,8689,2014,7860.0,3554.0,1.340136,0.43931099999999995,ITA,AUS,820711
3800164,114,14,8689,2014,40851.0,14746.0,2.403165,-0.635024,JPN,AUS,820711
3800165,115,14,8689,2014,0.0,25894.0,-0.210431,-0.574075,KAZ,AUS,820711
3800166,116,14,8689,2014,0.0,5654.0,-0.487058,0.307288,KEN,AUS,820711
3800167,121,14,8689,2014,53999.0,14594.0,1.817145,0.8394530000000001,KOR,AUS,820711
3800168,136,14,8689,2014,0.0,6650.0,-1.002122,-0.44446,MDG,AUS,820711
3800169,138,14,8689,2014,4211224.0,9471.0,1.0799729999999998,0.697554,MEX,AUS,820711
3800170,141,14,8689,2014,0.0,19580.0,-1.199063,-1.05497,MLI,AUS,820711
3800171,142,14,8689,2014,0.0,5293.0,0.817013,0.0016309999999999999,MLT,AUS,820711
3800172,145,14,8689,2014,359.0,14161.0,-1.425524,-1.161949,MNG,AUS,820711
3800173,152,14,8689,2014,0.0,1867.0,-0.494204,-0.751903,MWI,AUS,820711
3800174,153,14,8689,2014,10827.0,45500.0,1.018138,0.774649,MYS,AUS,820711
3800175,156,14,8689,2014,0.0,76856.0,-0.509789,-0.767484,NCL,AUS,820711
3800176,159,14,8689,2014,0.0,4444.0,-1.2126430000000001,-1.059697,NGA,AUS,820711
3800177,162,14,8689,2014,0.0,340224.0,1.179325,1.355071,NLD,AUS,820711
3800178,163,14,8689,2014,5180.0,2789.0,0.9187049999999999,0.182685,NOR,AUS,820711
3800179,166,14,8689,2014,333889.0,314864.0,0.272502,0.21628699999999998,NZL,AUS,820711
3800180,173,14,8689,2014,0.0,6982.0,-0.557833,0.611826,PER,AUS,820711
3800181,174,14,8689,2014,0.0,15815.0,0.637442,0.475883,PHL,AUS,820711
3800182,176,14,8689,2014,22120.0,45500.0,-1.564904,-1.146255,PNG,AUS,820711
3800183,177,14,8689,2014,24592.0,0.0,1.133102,1.177165,POL,AUS,820711
3800184,179,14,8689,2014,949.0,9906.0,0.621053,2.349644,PRT,AUS,820711
3800185,182,14,8689,2014,0.0,33516.0,0.008831,-0.6268279999999999,PYF,AUS,820711
3800186,183,14,8689,2014,0.0,8991.0,-0.37535599999999997,-1.0196370000000001,QAT,AUS,820711
3800187,186,14,8689,2014,0.0,38016.0,0.229422,-0.214856,RUS,AUS,820711
3800188,187,14,8689,2014,0.0,5855.0,-0.5692659999999999,-0.447859,RWA,AUS,820711
3800189,188,14,8689,2014,10409.0,0.0,0.5758439999999999,-0.832692,SAU,AUS,820711
3800190,190,14,8689,2014,0.0,5937.0,-1.442381,-1.1155030000000001,SDN,AUS,820711
3800191,191,14,8689,2014,0.0,4350.0,-0.502607,-0.08866,SEN,AUS,820711
3800192,192,14,8689,2014,410454.0,405403.0,1.867492,0.626736,SGP,AUS,820711
3800193,196,14,8689,2014,0.0,7739.0,-0.9228569999999999,-0.791482,SLE,AUS,820711
3800194,201,14,8689,2014,0.0,3575.0,0.551635,1.211535,SRB,AUS,820711
3800195,208,14,8689,2014,21429096.0,239882.0,1.817752,0.558474,SWE,AUS,820711
3800196,216,14,8689,2014,0.0,14298.0,0.977094,1.41283,THA,AUS,820711
3800197,224,14,8689,2014,3906.0,43419.0,0.554761,2.385693,TUR,AUS,820711
3800198,226,14,8689,2014,0.0,32299.0,-1.054331,0.166345,TZA,AUS,820711
3800199,227,14,8689,2014,0.0,26659.0,-0.46911800000000003,0.25446599999999997,UGA,AUS,820711
3800200,228,14,8689,2014,0.0,3312.0,0.566535,0.832267,UKR,AUS,820711
3800201,231,14,8689,2014,10623790.0,2235983.0,1.61227,0.068905,USA,AUS,820711
3800202,239,14,8689,2014,3829.0,36237.0,-0.023765,1.344416,VNM,AUS,820711
3800203,243,14,8689,2014,0.0,17360.0,-1.2829190000000001,-1.227373,YEM,AUS,820711
3800204,246,14,8689,2014,314247.0,933262.0,0.282927,1.723214,ZAF,AUS,820711
3800205,247,14,8689,2014,0.0,10397.0,-0.664089,-0.793452,ZMB,AUS,820711
3800206,7,16,8689,2014,4428.0,0.0,0.087775,-0.289459,ARE,AZE,820711
3800207,39,16,8689,2014,4641.0,0.0,0.671395,1.024683,CAN,AZE,820711
3800208,41,16,8689,2014,10687.0,0.0,2.2000919999999997,0.65398,CHE,AZE,820711
3800209,43,16,8689,2014,2573.0,0.0,1.187557,1.222085,CHN,AZE,820711
3800210,61,16,8689,2014,110283.0,0.0,2.052849,-2.888805,DEU,AZE,820711
3800211,74,16,8689,2014,65791.0,0.0,1.626355,1.002923,FIN,AZE,820711
3800212,81,16,8689,2014,30286.0,0.0,1.697964,0.585372,GBR,AZE,820711
3800213,106,16,8689,2014,12790.0,0.0,1.2658399999999999,0.278546,IRL,AZE,820711
3800214,107,16,8689,2014,0.0,9692.0,-0.361058,-0.312743,IRN,AZE,820711
3800215,186,16,8689,2014,114438.0,0.0,0.229422,-0.214856,RUS,AZE,820711
3800216,208,16,8689,2014,4310.0,830.0,1.817752,0.558474,SWE,AZE,820711
3800217,224,16,8689,2014,285837.0,0.0,0.554761,2.385693,TUR,AZE,820711
3800218,231,16,8689,2014,6220.0,0.0,1.61227,0.068905,USA,AZE,820711
3800219,61,19,8689,2014,2536.0,0.0,2.052849,-2.888805,DEU,BEN,820711
3800220,208,19,8689,2014,3023.0,0.0,1.817752,0.558474,SWE,BEN,820711
3800221,231,19,8689,2014,41644.0,0.0,1.61227,0.068905,USA,BEN,820711
3800222,14,23,8689,2014,8521.0,0.0,-0.398273,-0.17128,AUS,BGR,820711
3800223,42,23,8689,2014,0.0,1400.0,-0.344671,-0.43380799999999997,CHL,BGR,820711
3800224,43,23,8689,2014,15282.0,0.0,1.187557,1.222085,CHN,BGR,820711
3800225,59,23,8689,2014,3471.0,0.0,1.8105830000000003,0.131131,CZE,BGR,820711
3800226,61,23,8689,2014,189917.0,0.0,2.052849,-2.888805,DEU,BGR,820711
3800227,74,23,8689,2014,73293.0,0.0,1.626355,1.002923,FIN,BGR,820711
3800228,77,23,8689,2014,3413.0,0.0,1.4817790000000002,0.30995,FRA,BGR,820711
3800229,81,23,8689,2014,102098.0,0.0,1.697964,0.585372,GBR,BGR,820711
3800230,90,23,8689,2014,2991.0,0.0,0.149337,0.8560540000000001,GRC,BGR,820711
3800231,97,23,8689,2014,1426.0,0.0,0.812132,1.722493,HKG,BGR,820711
3800232,106,23,8689,2014,107177.0,0.0,1.2658399999999999,0.278546,IRL,BGR,820711
3800233,110,23,8689,2014,4927.0,0.0,1.211141,0.64523,ISR,BGR,820711
3800234,111,23,8689,2014,6103.0,70107.0,1.340136,0.43931099999999995,ITA,BGR,820711
3800235,140,23,8689,2014,0.0,82494.0,-0.039799,-0.05545,MKD,BGR,820711
3800236,162,23,8689,2014,59107.0,0.0,1.179325,1.355071,NLD,BGR,820711
3800237,185,23,8689,2014,25023.0,0.0,0.9112,1.188161,ROU,BGR,820711
3800238,186,23,8689,2014,4297.0,0.0,0.229422,-0.214856,RUS,BGR,820711
3800239,201,23,8689,2014,0.0,3484.0,0.551635,1.211535,SRB,BGR,820711
3800240,208,23,8689,2014,304045.0,0.0,1.817752,0.558474,SWE,BGR,820711
3800241,231,23,8689,2014,26868.0,0.0,1.61227,0.068905,USA,BGR,820711
3800242,246,23,8689,2014,0.0,1094.0,0.282927,1.723214,ZAF,BGR,820711
3800243,7,24,8689,2014,176571.0,0.0,0.087775,-0.289459,ARE,BHR,820711
3800244,41,24,8689,2014,0.0,3137.0,2.2000919999999997,0.65398,CHE,BHR,820711
3800245,61,24,8689,2014,11729.0,0.0,2.052849,-2.888805,DEU,BHR,820711
3800246,81,24,8689,2014,33072.0,0.0,1.697964,0.585372,GBR,BHR,820711
3800247,122,24,8689,2014,0.0,4944.0,-0.769616,-1.10667,KWT,BHR,820711
3800248,183,24,8689,2014,0.0,1144.0,-0.37535599999999997,-1.0196370000000001,QAT,BHR,820711
3800249,188,24,8689,2014,0.0,609733.0,0.5758439999999999,-0.832692,SAU,BHR,820711
3800250,231,24,8689,2014,865354.0,0.0,1.61227,0.068905,USA,BHR,820711
3800251,43,26,8689,2014,967.0,0.0,1.187557,1.222085,CHN,BIH,820711
3800252,49,26,8689,2014,0.0,33493.0,0.19864500000000002,-0.378364,COL,BIH,820711
3800253,59,26,8689,2014,5117.0,0.0,1.8105830000000003,0.131131,CZE,BIH,820711
3800254,61,26,8689,2014,67268.0,0.0,2.052849,-2.888805,DEU,BIH,820711
3800255,71,26,8689,2014,23211.0,0.0,0.842147,2.45692,ESP,BIH,820711
3800256,74,26,8689,2014,15809.0,0.0,1.626355,1.002923,FIN,BIH,820711
3800257,77,26,8689,2014,5131.0,0.0,1.4817790000000002,0.30995,FRA,BIH,820711
3800258,81,26,8689,2014,1794.0,0.0,1.697964,0.585372,GBR,BIH,820711
3800259,100,26,8689,2014,4871.0,0.0,0.804401,1.250807,HRV,BIH,820711
3800260,102,26,8689,2014,1168.0,0.0,1.477093,0.812869,HUN,BIH,820711
3800261,104,26,8689,2014,15715.0,0.0,0.262042,2.6305080000000003,IND,BIH,820711
3800262,138,26,8689,2014,0.0,1064.0,1.0799729999999998,0.697554,MEX,BIH,820711
3800263,177,26,8689,2014,1277.0,0.0,1.133102,1.177165,POL,BIH,820711
3800264,185,26,8689,2014,10002.0,0.0,0.9112,1.188161,ROU,BIH,820711
3800265,201,26,8689,2014,40079.0,0.0,0.551635,1.211535,SRB,BIH,820711
3800266,206,26,8689,2014,1868.0,0.0,1.334959,0.821253,SVK,BIH,820711
3800267,207,26,8689,2014,61973.0,0.0,1.6558669999999998,0.6814399999999999,SVN,BIH,820711
3800268,208,26,8689,2014,41877.0,0.0,1.817752,0.558474,SWE,BIH,820711
3800269,246,26,8689,2014,2389.0,0.0,0.282927,1.723214,ZAF,BIH,820711
3800270,43,28,8689,2014,9645.0,0.0,1.187557,1.222085,CHN,BLR,820711
3800271,61,28,8689,2014,654143.0,0.0,2.052849,-2.888805,DEU,BLR,820711
3800272,81,28,8689,2014,2539.0,0.0,1.697964,0.585372,GBR,BLR,820711
3800273,111,28,8689,2014,7932.0,0.0,1.340136,0.43931099999999995,ITA,BLR,820711
3800274,130,28,8689,2014,38664.0,0.0,0.764495,1.3451540000000002,LTU,BLR,820711
3800275,132,28,8689,2014,3280.0,0.0,0.613116,1.1899790000000001,LVA,BLR,820711
3800276,186,28,8689,2014,71524.0,195664.0,0.229422,-0.214856,RUS,BLR,820711
3800277,219,28,8689,2014,0.0,5802.0,-1.217897,-1.184131,TKM,BLR,820711
3800278,232,28,8689,2014,0.0,27007.0,-0.407623,-0.37150700000000003,UZB,BLR,820711
3800279,14,44,8689,2014,1748.0,0.0,-0.398273,-0.17128,AUS,CIV,820711
3800280,39,44,8689,2014,40811.0,0.0,0.671395,1.024683,CAN,CIV,820711
3800281,43,44,8689,2014,127054.0,0.0,1.187557,1.222085,CHN,CIV,820711
3800282,47,44,8689,2014,753.0,0.0,-1.371624,-1.12468,COG,CIV,820711
3800283,61,44,8689,2014,6256.0,0.0,2.052849,-2.888805,DEU,CIV,820711
3800284,77,44,8689,2014,8805.0,0.0,1.4817790000000002,0.30995,FRA,CIV,820711
3800285,81,44,8689,2014,15347.0,17895.0,1.697964,0.585372,GBR,CIV,820711
3800286,83,44,8689,2014,2824.0,0.0,-1.130226,-0.9909379999999999,GHA,CIV,820711
3800287,104,44,8689,2014,7682.0,0.0,0.262042,2.6305080000000003,IND,CIV,820711
3800288,111,44,8689,2014,14748.0,0.0,1.340136,0.43931099999999995,ITA,CIV,820711
3800289,114,44,8689,2014,1180.0,0.0,2.403165,-0.635024,JPN,CIV,820711
3800290,121,44,8689,2014,3980.0,0.0,1.817145,0.8394530000000001,KOR,CIV,820711
3800291,141,44,8689,2014,9421.0,0.0,-1.199063,-1.05497,MLI,CIV,820711
3800292,192,44,8689,2014,883.0,0.0,1.867492,0.626736,SGP,CIV,820711
3800293,208,44,8689,2014,112395.0,0.0,1.817752,0.558474,SWE,CIV,820711
3800294,231,44,8689,2014,352751.0,0.0,1.61227,0.068905,USA,CIV,820711
3800295,246,44,8689,2014,3275.0,0.0,0.282927,1.723214,ZAF,CIV,820711
3800296,249,44,8689,2014,1393.0,0.0,1.9044189999999999,1.0595139999999998,TWN,CIV,820711
3800297,250,44,8689,2014,4351.0,0.0,0.506842,0.049545,ANS,CIV,820711
3800298,7,68,8689,2014,4442.0,0.0,0.087775,-0.289459,ARE,EGY,820711
3800299,31,68,8689,2014,4516.0,0.0,-1.129494,-1.030198,BOL,EGY,820711
3800300,39,68,8689,2014,5995.0,0.0,0.671395,1.024683,CAN,EGY,820711
3800301,41,68,8689,2014,12535.0,0.0,2.2000919999999997,0.65398,CHE,EGY,820711
3800302,43,68,8689,2014,121922.0,0.0,1.187557,1.222085,CHN,EGY,820711
3800303,45,68,8689,2014,8969.0,0.0,-0.6723520000000001,-0.945084,CMR,EGY,820711
3800304,59,68,8689,2014,4118.0,0.0,1.8105830000000003,0.131131,CZE,EGY,820711
3800305,61,68,8689,2014,471568.0,0.0,2.052849,-2.888805,DEU,EGY,820711
3800306,71,68,8689,2014,20879.0,0.0,0.842147,2.45692,ESP,EGY,820711
3800307,77,68,8689,2014,269053.0,0.0,1.4817790000000002,0.30995,FRA,EGY,820711
3800308,81,68,8689,2014,128973.0,0.0,1.697964,0.585372,GBR,EGY,820711
3800309,97,68,8689,2014,5144.0,0.0,0.812132,1.722493,HKG,EGY,820711
3800310,111,68,8689,2014,71725.0,0.0,1.340136,0.43931099999999995,ITA,EGY,820711
3800311,114,68,8689,2014,4345.0,0.0,2.403165,-0.635024,JPN,EGY,820711
3800312,121,68,8689,2014,34717.0,0.0,1.817145,0.8394530000000001,KOR,EGY,820711
3800313,138,68,8689,2014,110616.0,0.0,1.0799729999999998,0.697554,MEX,EGY,820711
3800314,153,68,8689,2014,8817.0,0.0,1.018138,0.774649,MYS,EGY,820711
3800315,162,68,8689,2014,135765.0,0.0,1.179325,1.355071,NLD,EGY,820711
3800316,163,68,8689,2014,33106.0,0.0,0.9187049999999999,0.182685,NOR,EGY,820711
3800317,179,68,8689,2014,3137.0,0.0,0.621053,2.349644,PRT,EGY,820711
3800318,186,68,8689,2014,4859.0,0.0,0.229422,-0.214856,RUS,EGY,820711
3800319,192,68,8689,2014,3481.0,0.0,1.867492,0.626736,SGP,EGY,820711
3800320,208,68,8689,2014,455856.0,0.0,1.817752,0.558474,SWE,EGY,820711
3800321,224,68,8689,2014,31129.0,0.0,0.554761,2.385693,TUR,EGY,820711
3800322,231,68,8689,2014,1654280.0,0.0,1.61227,0.068905,USA,EGY,820711
3800323,239,68,8689,2014,20656.0,0.0,-0.023765,1.344416,VNM,EGY,820711
3800324,246,68,8689,2014,0.0,4761.0,0.282927,1.723214,ZAF,EGY,820711
3800325,249,68,8689,2014,6860.0,0.0,1.9044189999999999,1.0595139999999998,TWN,EGY,820711
3800326,61,82,8689,2014,74685.0,0.0,2.052849,-2.888805,DEU,GEO,820711
3800327,81,82,8689,2014,6951.0,0.0,1.697964,0.585372,GBR,GEO,820711
3800328,208,82,8689,2014,915.0,0.0,1.817752,0.558474,SWE,GEO,820711
3800329,224,82,8689,2014,155535.0,0.0,0.554761,2.385693,TUR,GEO,820711
3800330,231,82,8689,2014,110475.0,0.0,1.61227,0.068905,USA,GEO,820711
3800331,7,107,8689,2014,443031.0,31664.0,0.087775,-0.289459,ARE,IRN,820711
3800332,16,107,8689,2014,9692.0,0.0,-0.909508,-1.165158,AZE,IRN,820711
3800333,43,107,8689,2014,347637.0,0.0,1.187557,1.222085,CHN,IRN,820711
3800334,61,107,8689,2014,93345.0,0.0,2.052849,-2.888805,DEU,IRN,820711
3800335,77,107,8689,2014,10851.0,1061.0,1.4817790000000002,0.30995,FRA,IRN,820711
3800336,81,107,8689,2014,53745.0,0.0,1.697964,0.585372,GBR,IRN,820711
3800337,104,107,8689,2014,27990.0,0.0,0.262042,2.6305080000000003,IND,IRN,820711
3800338,114,107,8689,2014,30405.0,0.0,2.403165,-0.635024,JPN,IRN,820711
3800339,115,107,8689,2014,28416.0,0.0,-0.210431,-0.574075,KAZ,IRN,820711
3800340,121,107,8689,2014,2595.0,0.0,1.817145,0.8394530000000001,KOR,IRN,820711
3800341,153,107,8689,2014,9527.0,0.0,1.018138,0.774649,MYS,IRN,820711
3800342,162,107,8689,2014,492.0,0.0,1.179325,1.355071,NLD,IRN,820711
3800343,163,107,8689,2014,97920.0,0.0,0.9187049999999999,0.182685,NOR,IRN,820711
3800344,186,107,8689,2014,45693.0,0.0,0.229422,-0.214856,RUS,IRN,820711
3800345,224,107,8689,2014,17374.0,0.0,0.554761,2.385693,TUR,IRN,820711
3800346,246,107,8689,2014,4071.0,76296.0,0.282927,1.723214,ZAF,IRN,820711
3800347,250,107,8689,2014,72895.0,0.0,0.506842,0.049545,ANS,IRN,820711
3800348,14,115,8689,2014,25894.0,0.0,-0.398273,-0.17128,AUS,KAZ,820711
3800349,39,115,8689,2014,7223.0,0.0,0.671395,1.024683,CAN,KAZ,820711
3800350,43,115,8689,2014,557056.0,8181.0,1.187557,1.222085,CHN,KAZ,820711
3800351,47,115,8689,2014,380918.0,0.0,-1.371624,-1.12468,COG,KAZ,820711
3800352,61,115,8689,2014,289299.0,0.0,2.052849,-2.888805,DEU,KAZ,820711
3800353,74,115,8689,2014,66687.0,0.0,1.626355,1.002923,FIN,KAZ,820711
3800354,77,115,8689,2014,42579.0,0.0,1.4817790000000002,0.30995,FRA,KAZ,820711
3800355,81,115,8689,2014,26855.0,0.0,1.697964,0.585372,GBR,KAZ,820711
3800356,104,115,8689,2014,54055.0,0.0,0.262042,2.6305080000000003,IND,KAZ,820711
3800357,107,115,8689,2014,0.0,28416.0,-0.361058,-0.312743,IRN,KAZ,820711
3800358,111,115,8689,2014,0.0,8323.0,1.340136,0.43931099999999995,ITA,KAZ,820711
3800359,114,115,8689,2014,132869.0,0.0,2.403165,-0.635024,JPN,KAZ,820711
3800360,117,115,8689,2014,0.0,2175.0,-0.31942600000000004,-0.012454,KGZ,KAZ,820711
3800361,162,115,8689,2014,0.0,11661.0,1.179325,1.355071,NLD,KAZ,820711
3800362,166,115,8689,2014,92064.0,0.0,0.272502,0.21628699999999998,NZL,KAZ,820711
3800363,186,115,8689,2014,1701932.0,0.0,0.229422,-0.214856,RUS,KAZ,820711
3800364,192,115,8689,2014,17114.0,0.0,1.867492,0.626736,SGP,KAZ,820711
3800365,208,115,8689,2014,1288103.0,8133.0,1.817752,0.558474,SWE,KAZ,820711
3800366,224,115,8689,2014,1510.0,0.0,0.554761,2.385693,TUR,KAZ,820711
3800367,228,115,8689,2014,17098.0,6598.0,0.566535,0.832267,UKR,KAZ,820711
3800368,231,115,8689,2014,766714.0,6967.0,1.61227,0.068905,USA,KAZ,820711
3800369,43,117,8689,2014,4765.0,0.0,1.187557,1.222085,CHN,KGZ,820711
3800370,61,117,8689,2014,57560.0,25838.0,2.052849,-2.888805,DEU,KGZ,820711
3800371,104,117,8689,2014,12781.0,0.0,0.262042,2.6305080000000003,IND,KGZ,820711
3800372,115,117,8689,2014,2175.0,0.0,-0.210431,-0.574075,KAZ,KGZ,820711
3800373,186,117,8689,2014,17536.0,0.0,0.229422,-0.214856,RUS,KGZ,820711
3800374,208,117,8689,2014,43271.0,0.0,1.817752,0.558474,SWE,KGZ,820711
3800375,231,117,8689,2014,320013.0,0.0,1.61227,0.068905,USA,KGZ,820711
3800376,2,124,8689,2014,0.0,1131.0,-1.8184900000000002,-1.149191,AGO,LBN,820711
3800377,43,124,8689,2014,1195.0,0.0,1.187557,1.222085,CHN,LBN,820711
3800378,61,124,8689,2014,37028.0,0.0,2.052849,-2.888805,DEU,LBN,820711
3800379,74,124,8689,2014,1600.0,0.0,1.626355,1.002923,FIN,LBN,820711
3800380,77,124,8689,2014,2429.0,0.0,1.4817790000000002,0.30995,FRA,LBN,820711
3800381,81,124,8689,2014,46806.0,0.0,1.697964,0.585372,GBR,LBN,820711
3800382,104,124,8689,2014,3504.0,0.0,0.262042,2.6305080000000003,IND,LBN,820711
3800383,208,124,8689,2014,54524.0,0.0,1.817752,0.558474,SWE,LBN,820711
3800384,15,128,8689,2014,5057.0,0.0,1.7116790000000002,-0.140232,AUT,LKA,820711
3800385,43,128,8689,2014,95263.0,0.0,1.187557,1.222085,CHN,LKA,820711
3800386,61,128,8689,2014,2427.0,0.0,2.052849,-2.888805,DEU,LKA,820711
3800387,81,128,8689,2014,7495.0,0.0,1.697964,0.585372,GBR,LKA,820711
3800388,104,128,8689,2014,35387.0,0.0,0.262042,2.6305080000000003,IND,LKA,820711
3800389,121,128,8689,2014,3607.0,0.0,1.817145,0.8394530000000001,KOR,LKA,820711
3800390,208,128,8689,2014,24136.0,0.0,1.817752,0.558474,SWE,LKA,820711
3800391,246,128,8689,2014,8078.0,0.0,0.282927,1.723214,ZAF,LKA,820711
3800392,28,130,8689,2014,0.0,38664.0,0.874108,0.676231,BLR,LTU,820711
3800393,43,130,8689,2014,22729.0,0.0,1.187557,1.222085,CHN,LTU,820711
3800394,61,130,8689,2014,284636.0,12218.0,2.052849,-2.888805,DEU,LTU,820711
3800395,71,130,8689,2014,0.0,24221.0,0.842147,2.45692,ESP,LTU,820711
3800396,72,130,8689,2014,14442.0,1258.0,0.9147780000000001,1.151556,EST,LTU,820711
3800397,77,130,8689,2014,9991.0,6128.0,1.4817790000000002,0.30995,FRA,LTU,820711
3800398,81,130,8689,2014,57043.0,0.0,1.697964,0.585372,GBR,LTU,820711
3800399,111,130,8689,2014,12950.0,0.0,1.340136,0.43931099999999995,ITA,LTU,820711
3800400,132,130,8689,2014,1149.0,2214.0,0.613116,1.1899790000000001,LVA,LTU,820711
3800401,162,130,8689,2014,411078.0,0.0,1.179325,1.355071,NLD,LTU,820711
3800402,163,130,8689,2014,2079.0,0.0,0.9187049999999999,0.182685,NOR,LTU,820711
3800403,177,130,8689,2014,47022.0,34002.0,1.133102,1.177165,POL,LTU,820711
3800404,186,130,8689,2014,217344.0,0.0,0.229422,-0.214856,RUS,LTU,820711
3800405,228,130,8689,2014,0.0,83890.0,0.566535,0.832267,UKR,LTU,820711
3800406,231,130,8689,2014,9084.0,0.0,1.61227,0.068905,USA,LTU,820711
3800407,249,130,8689,2014,4941.0,0.0,1.9044189999999999,1.0595139999999998,TWN,LTU,820711
3800408,18,131,8689,2014,24064.0,0.0,1.234156,1.226441,BEL,LUX,820711
3800409,61,131,8689,2014,109330.0,0.0,2.052849,-2.888805,DEU,LUX,820711
3800410,74,131,8689,2014,9468.0,0.0,1.626355,1.002923,FIN,LUX,820711
3800411,77,131,8689,2014,33343.0,4421.0,1.4817790000000002,0.30995,FRA,LUX,820711
3800412,81,131,8689,2014,117162.0,1145.0,1.697964,0.585372,GBR,LUX,820711
3800413,121,131,8689,2014,7574.0,0.0,1.817145,0.8394530000000001,KOR,LUX,820711
3800414,162,131,8689,2014,4811.0,0.0,1.179325,1.355071,NLD,LUX,820711
3800415,250,131,8689,2014,1860.0,0.0,0.506842,0.049545,ANS,LUX,820711
3800416,18,132,8689,2014,2575.0,0.0,1.234156,1.226441,BEL,LVA,820711
3800417,28,132,8689,2014,0.0,3280.0,0.874108,0.676231,BLR,LVA,820711
3800418,61,132,8689,2014,223555.0,0.0,2.052849,-2.888805,DEU,LVA,820711
3800419,72,132,8689,2014,58159.0,5135.0,0.9147780000000001,1.151556,EST,LVA,820711
3800420,74,132,8689,2014,26506.0,0.0,1.626355,1.002923,FIN,LVA,820711
3800421,110,132,8689,2014,1860.0,0.0,1.211141,0.64523,ISR,LVA,820711
3800422,130,132,8689,2014,2214.0,1149.0,0.764495,1.3451540000000002,LTU,LVA,820711
3800423,177,132,8689,2014,5888.0,0.0,1.133102,1.177165,POL,LVA,820711
3800424,186,132,8689,2014,34217.0,0.0,0.229422,-0.214856,RUS,LVA,820711
3800425,206,132,8689,2014,41691.0,0.0,1.334959,0.821253,SVK,LVA,820711
3800426,208,132,8689,2014,1378.0,0.0,1.817752,0.558474,SWE,LVA,820711
3800427,18,140,8689,2014,8151.0,0.0,1.234156,1.226441,BEL,MKD,820711
3800428,23,140,8689,2014,82494.0,0.0,0.579058,1.6558110000000001,BGR,MKD,820711
3800429,43,140,8689,2014,1806.0,0.0,1.187557,1.222085,CHN,MKD,820711
3800430,61,140,8689,2014,5081.0,0.0,2.052849,-2.888805,DEU,MKD,820711
3800431,74,140,8689,2014,1274.0,0.0,1.626355,1.002923,FIN,MKD,820711
3800432,81,140,8689,2014,5548.0,0.0,1.697964,0.585372,GBR,MKD,820711
3800433,90,140,8689,2014,9133.0,0.0,0.149337,0.8560540000000001,GRC,MKD,820711
3800434,104,140,8689,2014,22027.0,0.0,0.262042,2.6305080000000003,IND,MKD,820711
3800435,111,140,8689,2014,7803.0,0.0,1.340136,0.43931099999999995,ITA,MKD,820711
3800436,162,140,8689,2014,3594.0,0.0,1.179325,1.355071,NLD,MKD,820711
3800437,201,140,8689,2014,3971.0,0.0,0.551635,1.211535,SRB,MKD,820711
3800438,207,140,8689,2014,27702.0,0.0,1.6558669999999998,0.6814399999999999,SVN,MKD,820711
3800439,208,140,8689,2014,230454.0,0.0,1.817752,0.558474,SWE,MKD,820711
3800440,231,140,8689,2014,721.0,0.0,1.61227,0.068905,USA,MKD,820711
3800441,43,147,8689,2014,132519.0,0.0,1.187557,1.222085,CHN,MOZ,820711
3800442,61,147,8689,2014,5808.0,0.0,2.052849,-2.888805,DEU,MOZ,820711
3800443,104,147,8689,2014,1194.0,0.0,0.262042,2.6305080000000003,IND,MOZ,820711
3800444,188,147,8689,2014,52898.0,0.0,0.5758439999999999,-0.832692,SAU,MOZ,820711
3800445,192,147,8689,2014,11853.0,0.0,1.867492,0.626736,SGP,MOZ,820711
3800446,231,147,8689,2014,123516.0,0.0,1.61227,0.068905,USA,MOZ,820711
3800447,246,147,8689,2014,690385.0,53891.0,0.282927,1.723214,ZAF,MOZ,820711
3800448,43,164,8689,2014,6205.0,0.0,1.187557,1.222085,CHN,NPL,820711
3800449,104,164,8689,2014,21153.0,1252.0,0.262042,2.6305080000000003,IND,NPL,820711
3800450,192,164,8689,2014,9435.0,0.0,1.867492,0.626736,SGP,NPL,820711
3800451,208,164,8689,2014,4638.0,0.0,1.817752,0.558474,SWE,NPL,820711
3800452,246,164,8689,2014,626.0,0.0,0.282927,1.723214,ZAF,NPL,820711
3800453,7,168,8689,2014,11519.0,1780.0,0.087775,-0.289459,ARE,PAK,820711
3800454,39,168,8689,2014,58869.0,0.0,0.671395,1.024683,CAN,PAK,820711
3800455,43,168,8689,2014,1936.0,0.0,1.187557,1.222085,CHN,PAK,820711
3800456,61,168,8689,2014,47831.0,0.0,2.052849,-2.888805,DEU,PAK,820711
3800457,73,168,8689,2014,37846.0,0.0,-1.296535,-1.045942,ETH,PAK,820711
3800458,74,168,8689,2014,7587.0,0.0,1.626355,1.002923,FIN,PAK,820711
3800459,81,168,8689,2014,51083.0,0.0,1.697964,0.585372,GBR,PAK,820711
3800460,111,168,8689,2014,0.0,1543.0,1.340136,0.43931099999999995,ITA,PAK,820711
3800461,114,168,8689,2014,15999.0,0.0,2.403165,-0.635024,JPN,PAK,820711
3800462,122,168,8689,2014,25070.0,0.0,-0.769616,-1.10667,KWT,PAK,820711
3800463,167,168,8689,2014,55336.0,0.0,-0.505129,-1.0051370000000002,OMN,PAK,820711
3800464,186,168,8689,2014,6115.0,0.0,0.229422,-0.214856,RUS,PAK,820711
3800465,192,168,8689,2014,90290.0,0.0,1.867492,0.626736,SGP,PAK,820711
3800466,208,168,8689,2014,237037.0,0.0,1.817752,0.558474,SWE,PAK,820711
3800467,231,168,8689,2014,2610383.0,0.0,1.61227,0.068905,USA,PAK,820711
3800468,246,168,8689,2014,35953.0,0.0,0.282927,1.723214,ZAF,PAK,820711
3800469,7,183,8689,2014,106841.0,18655.0,0.087775,-0.289459,ARE,QAT,820711
3800470,14,183,8689,2014,8991.0,0.0,-0.398273,-0.17128,AUS,QAT,820711
3800471,15,183,8689,2014,1281.0,0.0,1.7116790000000002,-0.140232,AUT,QAT,820711
3800472,18,183,8689,2014,6002.0,0.0,1.234156,1.226441,BEL,QAT,820711
3800473,24,183,8689,2014,1144.0,0.0,0.460168,-0.41671099999999994,BHR,QAT,820711
3800474,39,183,8689,2014,4035.0,0.0,0.671395,1.024683,CAN,QAT,820711
3800475,43,183,8689,2014,30567.0,0.0,1.187557,1.222085,CHN,QAT,820711
3800476,61,183,8689,2014,2498474.0,0.0,2.052849,-2.888805,DEU,QAT,820711
3800477,71,183,8689,2014,30202.0,0.0,0.842147,2.45692,ESP,QAT,820711
3800478,77,183,8689,2014,35412.0,0.0,1.4817790000000002,0.30995,FRA,QAT,820711
3800479,81,183,8689,2014,434005.0,0.0,1.697964,0.585372,GBR,QAT,820711
3800480,102,183,8689,2014,1337.0,0.0,1.477093,0.812869,HUN,QAT,820711
3800481,104,183,8689,2014,21103.0,0.0,0.262042,2.6305080000000003,IND,QAT,820711
3800482,106,183,8689,2014,0.0,612.0,1.2658399999999999,0.278546,IRL,QAT,820711
3800483,111,183,8689,2014,26190.0,0.0,1.340136,0.43931099999999995,ITA,QAT,820711
3800484,114,183,8689,2014,112723.0,0.0,2.403165,-0.635024,JPN,QAT,820711
3800485,121,183,8689,2014,27889.0,0.0,1.817145,0.8394530000000001,KOR,QAT,820711
3800486,122,183,8689,2014,13205.0,0.0,-0.769616,-1.10667,KWT,QAT,820711
3800487,138,183,8689,2014,2823.0,0.0,1.0799729999999998,0.697554,MEX,QAT,820711
3800488,162,183,8689,2014,4343.0,0.0,1.179325,1.355071,NLD,QAT,820711
3800489,167,183,8689,2014,0.0,14132.0,-0.505129,-1.0051370000000002,OMN,QAT,820711
3800490,186,183,8689,2014,9539.0,0.0,0.229422,-0.214856,RUS,QAT,820711
3800491,192,183,8689,2014,112187.0,0.0,1.867492,0.626736,SGP,QAT,820711
3800492,208,183,8689,2014,40501.0,0.0,1.817752,0.558474,SWE,QAT,820711
3800493,224,183,8689,2014,18152.0,0.0,0.554761,2.385693,TUR,QAT,820711
3800494,231,183,8689,2014,1872062.0,0.0,1.61227,0.068905,USA,QAT,820711
3800495,246,183,8689,2014,2354.0,0.0,0.282927,1.723214,ZAF,QAT,820711
3800496,4,185,8689,2014,0.0,58553.0,-0.476024,-0.33978400000000003,ALB,ROU,820711
3800497,7,185,8689,2014,15901.0,2954.0,0.087775,-0.289459,ARE,ROU,820711
3800498,8,185,8689,2014,5554.0,0.0,0.10691500000000001,0.44860600000000006,ARG,ROU,820711
3800499,15,185,8689,2014,10771.0,0.0,1.7116790000000002,-0.140232,AUT,ROU,820711
3800500,23,185,8689,2014,0.0,25023.0,0.579058,1.6558110000000001,BGR,ROU,820711
3800501,26,185,8689,2014,0.0,10002.0,0.5083300000000001,0.711704,BIH,ROU,820711
3800502,39,185,8689,2014,3304.0,0.0,0.671395,1.024683,CAN,ROU,820711
3800503,43,185,8689,2014,2274.0,0.0,1.187557,1.222085,CHN,ROU,820711
3800504,59,185,8689,2014,18953.0,0.0,1.8105830000000003,0.131131,CZE,ROU,820711
3800505,61,185,8689,2014,1208640.0,36930.0,2.052849,-2.888805,DEU,ROU,820711
3800506,71,185,8689,2014,5727.0,0.0,0.842147,2.45692,ESP,ROU,820711
3800507,74,185,8689,2014,27241.0,0.0,1.626355,1.002923,FIN,ROU,820711
3800508,77,185,8689,2014,19409.0,0.0,1.4817790000000002,0.30995,FRA,ROU,820711
3800509,81,185,8689,2014,67211.0,0.0,1.697964,0.585372,GBR,ROU,820711
3800510,90,185,8689,2014,0.0,24088.0,0.149337,0.8560540000000001,GRC,ROU,820711
3800511,102,185,8689,2014,2340.0,5249.0,1.477093,0.812869,HUN,ROU,820711
3800512,104,185,8689,2014,11839.0,0.0,0.262042,2.6305080000000003,IND,ROU,820711
3800513,106,185,8689,2014,33806.0,0.0,1.2658399999999999,0.278546,IRL,ROU,820711
3800514,110,185,8689,2014,629890.0,0.0,1.211141,0.64523,ISR,ROU,820711
3800515,111,185,8689,2014,7646.0,4672.0,1.340136,0.43931099999999995,ITA,ROU,820711
3800516,162,185,8689,2014,462709.0,22036.0,1.179325,1.355071,NLD,ROU,820711
3800517,163,185,8689,2014,10259.0,0.0,0.9187049999999999,0.182685,NOR,ROU,820711
3800518,208,185,8689,2014,72644.0,1304.0,1.817752,0.558474,SWE,ROU,820711
3800519,231,185,8689,2014,426137.0,0.0,1.61227,0.068905,USA,ROU,820711
3800520,7,186,8689,2014,106396.0,7167.0,0.087775,-0.289459,ARE,RUS,820711
3800521,8,186,8689,2014,0.0,8921.0,0.10691500000000001,0.44860600000000006,ARG,RUS,820711
3800522,9,186,8689,2014,0.0,134774.0,-0.198322,-0.5918680000000001,ARM,RUS,820711
3800523,14,186,8689,2014,38016.0,0.0,-0.398273,-0.17128,AUS,RUS,820711
3800524,15,186,8689,2014,198638.0,0.0,1.7116790000000002,-0.140232,AUT,RUS,820711
3800525,16,186,8689,2014,0.0,114438.0,-0.909508,-1.165158,AZE,RUS,820711
3800526,18,186,8689,2014,364536.0,0.0,1.234156,1.226441,BEL,RUS,820711
3800527,23,186,8689,2014,0.0,4297.0,0.579058,1.6558110000000001,BGR,RUS,820711
3800528,28,186,8689,2014,195664.0,71524.0,0.874108,0.676231,BLR,RUS,820711
3800529,39,186,8689,2014,59061.0,16545.0,0.671395,1.024683,CAN,RUS,820711
3800530,42,186,8689,2014,1499.0,1653.0,-0.344671,-0.43380799999999997,CHL,RUS,820711
3800531,43,186,8689,2014,943491.0,0.0,1.187557,1.222085,CHN,RUS,820711
3800532,49,186,8689,2014,0.0,15562.0,0.19864500000000002,-0.378364,COL,RUS,820711
3800533,59,186,8689,2014,8157.0,0.0,1.8105830000000003,0.131131,CZE,RUS,820711
3800534,61,186,8689,2014,9698954.0,17487.0,2.052849,-2.888805,DEU,RUS,820711
3800535,68,186,8689,2014,0.0,4859.0,-0.086866,1.7419669999999998,EGY,RUS,820711
3800536,71,186,8689,2014,36506.0,0.0,0.842147,2.45692,ESP,RUS,820711
3800537,72,186,8689,2014,197542.0,113930.0,0.9147780000000001,1.151556,EST,RUS,820711
3800538,74,186,8689,2014,2283106.0,709886.0,1.626355,1.002923,FIN,RUS,820711
3800539,77,186,8689,2014,185814.0,59091.0,1.4817790000000002,0.30995,FRA,RUS,820711
3800540,81,186,8689,2014,92859.0,868341.0,1.697964,0.585372,GBR,RUS,820711
3800541,85,186,8689,2014,0.0,11891.0,-1.628409,-1.202473,GIN,RUS,820711
3800542,89,186,8689,2014,0.0,40267.0,-2.043516,-0.844701,GNQ,RUS,820711
3800543,97,186,8689,2014,41379.0,0.0,0.812132,1.722493,HKG,RUS,820711
3800544,104,186,8689,2014,581303.0,0.0,0.262042,2.6305080000000003,IND,RUS,820711
3800545,107,186,8689,2014,0.0,45693.0,-0.361058,-0.312743,IRN,RUS,820711
3800546,111,186,8689,2014,20571.0,0.0,1.340136,0.43931099999999995,ITA,RUS,820711
3800547,114,186,8689,2014,160409.0,0.0,2.403165,-0.635024,JPN,RUS,820711
3800548,115,186,8689,2014,0.0,1701932.0,-0.210431,-0.574075,KAZ,RUS,820711
3800549,117,186,8689,2014,0.0,17536.0,-0.31942600000000004,-0.012454,KGZ,RUS,820711
3800550,121,186,8689,2014,42365.0,0.0,1.817145,0.8394530000000001,KOR,RUS,820711
3800551,130,186,8689,2014,0.0,217344.0,0.764495,1.3451540000000002,LTU,RUS,820711
3800552,132,186,8689,2014,0.0,34217.0,0.613116,1.1899790000000001,LVA,RUS,820711
3800553,135,186,8689,2014,0.0,3676.0,-0.10438199999999999,-0.093194,MDA,RUS,820711
3800554,138,186,8689,2014,2430334.0,11833.0,1.0799729999999998,0.697554,MEX,RUS,820711
3800555,162,186,8689,2014,276709.0,162953.0,1.179325,1.355071,NLD,RUS,820711
3800556,163,186,8689,2014,0.0,10976.0,0.9187049999999999,0.182685,NOR,RUS,820711
3800557,166,186,8689,2014,1215504.0,3587.0,0.272502,0.21628699999999998,NZL,RUS,820711
3800558,167,186,8689,2014,6634.0,0.0,-0.505129,-1.0051370000000002,OMN,RUS,820711
3800559,168,186,8689,2014,0.0,6115.0,-0.672924,0.566787,PAK,RUS,820711
3800560,173,186,8689,2014,0.0,341286.0,-0.557833,0.611826,PER,RUS,820711
3800561,177,186,8689,2014,274778.0,1695.0,1.133102,1.177165,POL,RUS,820711
3800562,183,186,8689,2014,0.0,9539.0,-0.37535599999999997,-1.0196370000000001,QAT,RUS,820711
3800563,188,186,8689,2014,64734.0,12215.0,0.5758439999999999,-0.832692,SAU,RUS,820711
3800564,192,186,8689,2014,65156.0,18262.0,1.867492,0.626736,SGP,RUS,820711
3800565,208,186,8689,2014,6481694.0,98904.0,1.817752,0.558474,SWE,RUS,820711
3800566,217,186,8689,2014,0.0,65272.0,-0.706823,-0.993756,TJK,RUS,820711
3800567,219,186,8689,2014,0.0,20703.0,-1.217897,-1.184131,TKM,RUS,820711
3800568,224,186,8689,2014,8260.0,10906.0,0.554761,2.385693,TUR,RUS,820711
3800569,228,186,8689,2014,75074.0,829617.0,0.566535,0.832267,UKR,RUS,820711
3800570,231,186,8689,2014,4170730.0,22762.0,1.61227,0.068905,USA,RUS,820711
3800571,232,186,8689,2014,0.0,2649504.0,-0.407623,-0.37150700000000003,UZB,RUS,820711
3800572,239,186,8689,2014,0.0,74946.0,-0.023765,1.344416,VNM,RUS,820711
3800573,246,186,8689,2014,371413.0,0.0,0.282927,1.723214,ZAF,RUS,820711
3800574,14,201,8689,2014,3575.0,0.0,-0.398273,-0.17128,AUS,SRB,820711
3800575,15,201,8689,2014,2446.0,0.0,1.7116790000000002,-0.140232,AUT,SRB,820711
3800576,18,201,8689,2014,8253.0,0.0,1.234156,1.226441,BEL,SRB,820711
3800577,23,201,8689,2014,3484.0,0.0,0.579058,1.6558110000000001,BGR,SRB,820711
3800578,26,201,8689,2014,0.0,40079.0,0.5083300000000001,0.711704,BIH,SRB,820711
3800579,39,201,8689,2014,2027.0,0.0,0.671395,1.024683,CAN,SRB,820711
3800580,43,201,8689,2014,6066.0,0.0,1.187557,1.222085,CHN,SRB,820711
3800581,59,201,8689,2014,3652.0,0.0,1.8105830000000003,0.131131,CZE,SRB,820711
3800582,61,201,8689,2014,139924.0,0.0,2.052849,-2.888805,DEU,SRB,820711
3800583,71,201,8689,2014,4544.0,0.0,0.842147,2.45692,ESP,SRB,820711
3800584,74,201,8689,2014,19932.0,0.0,1.626355,1.002923,FIN,SRB,820711
3800585,77,201,8689,2014,1838.0,0.0,1.4817790000000002,0.30995,FRA,SRB,820711
3800586,81,201,8689,2014,18823.0,0.0,1.697964,0.585372,GBR,SRB,820711
3800587,90,201,8689,2014,21308.0,0.0,0.149337,0.8560540000000001,GRC,SRB,820711
3800588,100,201,8689,2014,0.0,3449.0,0.804401,1.250807,HRV,SRB,820711
3800589,104,201,8689,2014,3058.0,0.0,0.262042,2.6305080000000003,IND,SRB,820711
3800590,111,201,8689,2014,54614.0,0.0,1.340136,0.43931099999999995,ITA,SRB,820711
3800591,140,201,8689,2014,0.0,3971.0,-0.039799,-0.05545,MKD,SRB,820711
3800592,144,201,8689,2014,0.0,16840.0,-0.17039100000000001,-0.21762399999999998,MNE,SRB,820711
3800593,207,201,8689,2014,7475.0,1719.0,1.6558669999999998,0.6814399999999999,SVN,SRB,820711
3800594,208,201,8689,2014,470088.0,13625.0,1.817752,0.558474,SWE,SRB,820711
3800595,231,201,8689,2014,48040.0,0.0,1.61227,0.068905,USA,SRB,820711
3800596,246,201,8689,2014,1668.0,0.0,0.282927,1.723214,ZAF,SRB,820711
3800597,7,211,8689,2014,2348.0,0.0,0.087775,-0.289459,ARE,SYC,820711
3800598,43,211,8689,2014,3522.0,0.0,1.187557,1.222085,CHN,SYC,820711
3800599,61,211,8689,2014,1148.0,0.0,2.052849,-2.888805,DEU,SYC,820711
3800600,74,211,8689,2014,13965.0,0.0,1.626355,1.002923,FIN,SYC,820711
3800601,81,211,8689,2014,72524.0,0.0,1.697964,0.585372,GBR,SYC,820711
3800602,114,211,8689,2014,7329.0,0.0,2.403165,-0.635024,JPN,SYC,820711
3800603,151,211,8689,2014,1430.0,0.0,-0.029891,-0.12431099999999999,MUS,SYC,820711
3800604,208,211,8689,2014,2745.0,0.0,1.817752,0.558474,SWE,SYC,820711
3800605,246,211,8689,2014,9607.0,0.0,0.282927,1.723214,ZAF,SYC,820711
3800606,59,4,8689,2014,873.0,0.0,1.8105830000000003,0.131131,CZE,ALB,820711
3800607,90,4,8689,2014,5515.0,0.0,0.149337,0.8560540000000001,GRC,ALB,820711
3800608,111,4,8689,2014,6050.0,25002.0,1.340136,0.43931099999999995,ITA,ALB,820711
3800609,163,4,8689,2014,23758.0,0.0,0.9187049999999999,0.182685,NOR,ALB,820711
3800610,185,4,8689,2014,58553.0,0.0,0.9112,1.188161,ROU,ALB,820711
3800611,191,4,8689,2014,0.0,4995.0,-0.502607,-0.08866,SEN,ALB,820711
3800612,207,4,8689,2014,731.0,0.0,1.6558669999999998,0.6814399999999999,SVN,ALB,820711
3800613,208,4,8689,2014,1886.0,0.0,1.817752,0.558474,SWE,ALB,820711
3800614,224,4,8689,2014,88333.0,0.0,0.554761,2.385693,TUR,ALB,820711
3800615,81,13,8689,2014,3040.0,0.0,1.697964,0.585372,GBR,ATG,820711
3800616,18,21,8689,2014,23599.0,0.0,1.234156,1.226441,BEL,BFA,820711
3800617,39,21,8689,2014,21816.0,0.0,0.671395,1.024683,CAN,BFA,820711
3800618,77,21,8689,2014,5369.0,0.0,1.4817790000000002,0.30995,FRA,BFA,820711
3800619,83,21,8689,2014,47495.0,0.0,-1.130226,-0.9909379999999999,GHA,BFA,820711
3800620,104,21,8689,2014,7247.0,0.0,0.262042,2.6305080000000003,IND,BFA,820711
3800621,141,21,8689,2014,27696.0,0.0,-1.199063,-1.05497,MLI,BFA,820711
3800622,191,21,8689,2014,7337.0,0.0,-0.502607,-0.08866,SEN,BFA,820711
3800623,208,21,8689,2014,387491.0,0.0,1.817752,0.558474,SWE,BFA,820711
3800624,231,21,8689,2014,3900.0,0.0,1.61227,0.068905,USA,BFA,820711
3800625,246,21,8689,2014,4069.0,0.0,0.282927,1.723214,ZAF,BFA,820711
3800626,77,22,8689,2014,74355.0,0.0,1.4817790000000002,0.30995,FRA,BGD,820711
3800627,208,22,8689,2014,43849.0,0.0,1.817752,0.558474,SWE,BGD,820711
3800628,39,29,8689,2014,6243.0,0.0,0.671395,1.024683,CAN,BLZ,820711
3800629,138,29,8689,2014,733.0,0.0,1.0799729999999998,0.697554,MEX,BLZ,820711
3800630,15,31,8689,2014,63877.0,0.0,1.7116790000000002,-0.140232,AUT,BOL,820711
3800631,18,31,8689,2014,3084.0,0.0,1.234156,1.226441,BEL,BOL,820711
3800632,32,31,8689,2014,21433.0,0.0,0.218223,0.556921,BRA,BOL,820711
3800633,39,31,8689,2014,27862.0,0.0,0.671395,1.024683,CAN,BOL,820711
3800634,41,31,8689,2014,15835.0,0.0,2.2000919999999997,0.65398,CHE,BOL,820711
3800635,42,31,8689,2014,48639.0,4103.0,-0.344671,-0.43380799999999997,CHL,BOL,820711
3800636,43,31,8689,2014,139783.0,0.0,1.187557,1.222085,CHN,BOL,820711
3800637,49,31,8689,2014,2228.0,0.0,0.19864500000000002,-0.378364,COL,BOL,820711
3800638,61,31,8689,2014,52163.0,0.0,2.052849,-2.888805,DEU,BOL,820711
3800639,68,31,8689,2014,0.0,4516.0,-0.086866,1.7419669999999998,EGY,BOL,820711
3800640,71,31,8689,2014,5073.0,0.0,0.842147,2.45692,ESP,BOL,820711
3800641,74,31,8689,2014,6803.0,0.0,1.626355,1.002923,FIN,BOL,820711
3800642,77,31,8689,2014,3246.0,0.0,1.4817790000000002,0.30995,FRA,BOL,820711
3800643,81,31,8689,2014,1057.0,0.0,1.697964,0.585372,GBR,BOL,820711
3800644,114,31,8689,2014,23074.0,0.0,2.403165,-0.635024,JPN,BOL,820711
3800645,138,31,8689,2014,54181.0,0.0,1.0799729999999998,0.697554,MEX,BOL,820711
3800646,163,31,8689,2014,7412.0,0.0,0.9187049999999999,0.182685,NOR,BOL,820711
3800647,173,31,8689,2014,25059.0,0.0,-0.557833,0.611826,PER,BOL,820711
3800648,208,31,8689,2014,1391276.0,0.0,1.817752,0.558474,SWE,BOL,820711
3800649,231,31,8689,2014,262569.0,0.0,1.61227,0.068905,USA,BOL,820711
3800650,236,31,8689,2014,3447.0,0.0,-0.582086,-1.081727,VEN,BOL,820711
3800651,246,31,8689,2014,1331.0,0.0,0.282927,1.723214,ZAF,BOL,820711
3800652,104,35,8689,2014,66630.0,0.0,0.262042,2.6305080000000003,IND,BTN,820711
3800653,14,37,8689,2014,1287.0,0.0,-0.398273,-0.17128,AUS,BWA,820711
3800654,43,37,8689,2014,54793.0,0.0,1.187557,1.222085,CHN,BWA,820711
3800655,104,37,8689,2014,1807.0,0.0,0.262042,2.6305080000000003,IND,BWA,820711
3800656,106,37,8689,2014,1949.0,0.0,1.2658399999999999,0.278546,IRL,BWA,820711
3800657,231,37,8689,2014,3767.0,0.0,1.61227,0.068905,USA,BWA,820711
3800658,246,37,8689,2014,3317551.0,16709.0,0.282927,1.723214,ZAF,BWA,820711
3800659,247,37,8689,2014,7125.0,15933.0,-0.664089,-0.793452,ZMB,BWA,820711
3800660,248,37,8689,2014,0.0,79497.0,-0.821369,-0.864232,ZWE,BWA,820711
3800661,7,45,8689,2014,21046.0,0.0,0.087775,-0.289459,ARE,CMR,820711
3800662,43,45,8689,2014,68494.0,0.0,1.187557,1.222085,CHN,CMR,820711
3800663,47,45,8689,2014,0.0,28167.0,-1.371624,-1.12468,COG,CMR,820711
3800664,61,45,8689,2014,1842.0,0.0,2.052849,-2.888805,DEU,CMR,820711
3800665,68,45,8689,2014,0.0,8969.0,-0.086866,1.7419669999999998,EGY,CMR,820711
3800666,71,45,8689,2014,33684.0,0.0,0.842147,2.45692,ESP,CMR,820711
3800667,74,45,8689,2014,1571.0,0.0,1.626355,1.002923,FIN,CMR,820711
3800668,77,45,8689,2014,10934.0,0.0,1.4817790000000002,0.30995,FRA,CMR,820711
3800669,81,45,8689,2014,4515.0,0.0,1.697964,0.585372,GBR,CMR,820711
3800670,90,45,8689,2014,3650.0,0.0,0.149337,0.8560540000000001,GRC,CMR,820711
3800671,208,45,8689,2014,106700.0,0.0,1.817752,0.558474,SWE,CMR,820711
3800672,224,45,8689,2014,12505.0,0.0,0.554761,2.385693,TUR,CMR,820711
3800673,231,45,8689,2014,646520.0,0.0,1.61227,0.068905,USA,CMR,820711
3800674,246,45,8689,2014,30734.0,0.0,0.282927,1.723214,ZAF,CMR,820711
3800675,249,45,8689,2014,657.0,0.0,1.9044189999999999,1.0595139999999998,TWN,CMR,820711
3800676,14,46,8689,2014,62231.0,0.0,-0.398273,-0.17128,AUS,COD,820711
3800677,18,46,8689,2014,5717.0,0.0,1.234156,1.226441,BEL,COD,820711
3800678,74,46,8689,2014,3819.0,0.0,1.626355,1.002923,FIN,COD,820711
3800679,77,46,8689,2014,25880.0,0.0,1.4817790000000002,0.30995,FRA,COD,820711
3800680,104,46,8689,2014,26765.0,0.0,0.262042,2.6305080000000003,IND,COD,820711
3800681,155,46,8689,2014,0.0,453637.0,-0.428227,-0.5632229999999999,NAM,COD,820711
3800682,208,46,8689,2014,386162.0,0.0,1.817752,0.558474,SWE,COD,820711
3800683,224,46,8689,2014,1122.0,0.0,0.554761,2.385693,TUR,COD,820711
3800684,231,46,8689,2014,91893.0,0.0,1.61227,0.068905,USA,COD,820711
3800685,246,46,8689,2014,1961435.0,1231.0,0.282927,1.723214,ZAF,COD,820711
3800686,247,46,8689,2014,593142.0,0.0,-0.664089,-0.793452,ZMB,COD,820711
3800687,248,46,8689,2014,0.0,204723.0,-0.821369,-0.864232,ZWE,COD,820711
3800688,41,47,8689,2014,51797.0,0.0,2.2000919999999997,0.65398,CHE,COG,820711
3800689,43,47,8689,2014,3402.0,0.0,1.187557,1.222085,CHN,COG,820711
3800690,44,47,8689,2014,0.0,753.0,-0.737625,-0.768728,CIV,COG,820711
3800691,45,47,8689,2014,28167.0,0.0,-0.6723520000000001,-0.945084,CMR,COG,820711
3800692,61,47,8689,2014,21748.0,0.0,2.052849,-2.888805,DEU,COG,820711
3800693,64,47,8689,2014,514.0,0.0,1.10869,1.245193,DNK,COG,820711
3800694,77,47,8689,2014,135072.0,0.0,1.4817790000000002,0.30995,FRA,COG,820711
3800695,81,47,8689,2014,3990.0,0.0,1.697964,0.585372,GBR,COG,820711
3800696,103,47,8689,2014,2808.0,0.0,-0.088032,1.3966459999999998,IDN,COG,820711
3800697,104,47,8689,2014,8844.0,0.0,0.262042,2.6305080000000003,IND,COG,820711
3800698,111,47,8689,2014,19592.0,0.0,1.340136,0.43931099999999995,ITA,COG,820711
3800699,115,47,8689,2014,0.0,380918.0,-0.210431,-0.574075,KAZ,COG,820711
3800700,121,47,8689,2014,60091.0,0.0,1.817145,0.8394530000000001,KOR,COG,820711
3800701,166,47,8689,2014,1388.0,0.0,0.272502,0.21628699999999998,NZL,COG,820711
3800702,188,47,8689,2014,12143.0,0.0,0.5758439999999999,-0.832692,SAU,COG,820711
3800703,208,47,8689,2014,58839.0,0.0,1.817752,0.558474,SWE,COG,820711
3800704,231,47,8689,2014,259624.0,0.0,1.61227,0.068905,USA,COG,820711
3800705,246,47,8689,2014,32572.0,0.0,0.282927,1.723214,ZAF,COG,820711
3800706,61,54,8689,2014,224871.0,0.0,2.052849,-2.888805,DEU,CUB,820711
3800707,71,54,8689,2014,3253.0,0.0,0.842147,2.45692,ESP,CUB,820711
3800708,208,54,8689,2014,5996.0,0.0,1.817752,0.558474,SWE,CUB,820711
3800709,14,66,8689,2014,1041.0,0.0,-0.398273,-0.17128,AUS,DZA,820711
3800710,18,66,8689,2014,4556.0,0.0,1.234156,1.226441,BEL,DZA,820711
3800711,39,66,8689,2014,34321.0,0.0,0.671395,1.024683,CAN,DZA,820711
3800712,42,66,8689,2014,5971.0,0.0,-0.344671,-0.43380799999999997,CHL,DZA,820711
3800713,43,66,8689,2014,37349.0,0.0,1.187557,1.222085,CHN,DZA,820711
3800714,61,66,8689,2014,183340.0,0.0,2.052849,-2.888805,DEU,DZA,820711
3800715,74,66,8689,2014,11844.0,0.0,1.626355,1.002923,FIN,DZA,820711
3800716,77,66,8689,2014,334482.0,0.0,1.4817790000000002,0.30995,FRA,DZA,820711
3800717,81,66,8689,2014,29708.0,0.0,1.697964,0.585372,GBR,DZA,820711
3800718,104,66,8689,2014,4712.0,0.0,0.262042,2.6305080000000003,IND,DZA,820711
3800719,106,66,8689,2014,20759.0,0.0,1.2658399999999999,0.278546,IRL,DZA,820711
3800720,111,66,8689,2014,60644.0,0.0,1.340136,0.43931099999999995,ITA,DZA,820711
3800721,121,66,8689,2014,57201.0,0.0,1.817145,0.8394530000000001,KOR,DZA,820711
3800722,138,66,8689,2014,2000623.0,0.0,1.0799729999999998,0.697554,MEX,DZA,820711
3800723,162,66,8689,2014,16119.0,0.0,1.179325,1.355071,NLD,DZA,820711
3800724,179,66,8689,2014,1403.0,0.0,0.621053,2.349644,PRT,DZA,820711
3800725,208,66,8689,2014,344539.0,0.0,1.817752,0.558474,SWE,DZA,820711
3800726,224,66,8689,2014,4922.0,0.0,0.554761,2.385693,TUR,DZA,820711
3800727,231,66,8689,2014,2895830.0,0.0,1.61227,0.068905,USA,DZA,820711
3800728,246,66,8689,2014,17859.0,0.0,0.282927,1.723214,ZAF,DZA,820711
3800729,249,66,8689,2014,35519.0,0.0,1.9044189999999999,1.0595139999999998,TWN,DZA,820711
3800730,7,73,8689,2014,5409.0,35676.0,0.087775,-0.289459,ARE,ETH,820711
3800731,14,73,8689,2014,521.0,0.0,-0.398273,-0.17128,AUS,ETH,820711
3800732,39,73,8689,2014,9685.0,0.0,0.671395,1.024683,CAN,ETH,820711
3800733,43,73,8689,2014,49559.0,0.0,1.187557,1.222085,CHN,ETH,820711
3800734,61,73,8689,2014,2887.0,0.0,2.052849,-2.888805,DEU,ETH,820711
3800735,74,73,8689,2014,652.0,0.0,1.626355,1.002923,FIN,ETH,820711
3800736,77,73,8689,2014,0.0,87677.0,1.4817790000000002,0.30995,FRA,ETH,820711
3800737,81,73,8689,2014,4461.0,0.0,1.697964,0.585372,GBR,ETH,820711
3800738,104,73,8689,2014,107820.0,0.0,0.262042,2.6305080000000003,IND,ETH,820711
3800739,111,73,8689,2014,757974.0,0.0,1.340136,0.43931099999999995,ITA,ETH,820711
3800740,114,73,8689,2014,2127.0,0.0,2.403165,-0.635024,JPN,ETH,820711
3800741,162,73,8689,2014,1713.0,0.0,1.179325,1.355071,NLD,ETH,820711
3800742,166,73,8689,2014,70188.0,0.0,0.272502,0.21628699999999998,NZL,ETH,820711
3800743,168,73,8689,2014,0.0,37846.0,-0.672924,0.566787,PAK,ETH,820711
3800744,208,73,8689,2014,395024.0,0.0,1.817752,0.558474,SWE,ETH,820711
3800745,224,73,8689,2014,7135.0,0.0,0.554761,2.385693,TUR,ETH,820711
3800746,231,73,8689,2014,105506.0,218369.0,1.61227,0.068905,USA,ETH,820711
3800747,246,73,8689,2014,18078.0,0.0,0.282927,1.723214,ZAF,ETH,820711
3800748,77,80,8689,2014,5259.0,0.0,1.4817790000000002,0.30995,FRA,GAB,820711
3800749,81,80,8689,2014,1572.0,0.0,1.697964,0.585372,GBR,GAB,820711
3800750,134,80,8689,2014,14654.0,0.0,-0.574034,0.065788,MAR,GAB,820711
3800751,228,80,8689,2014,9084.0,0.0,0.566535,0.832267,UKR,GAB,820711
3800752,231,80,8689,2014,246307.0,0.0,1.61227,0.068905,USA,GAB,820711
3800753,246,80,8689,2014,148443.0,0.0,0.282927,1.723214,ZAF,GAB,820711
3800754,14,83,8689,2014,141862.0,0.0,-0.398273,-0.17128,AUS,GHA,820711
3800755,21,83,8689,2014,0.0,47495.0,-0.922401,-0.9554379999999999,BFA,GHA,820711
3800756,39,83,8689,2014,29868.0,0.0,0.671395,1.024683,CAN,GHA,820711
3800757,43,83,8689,2014,61292.0,0.0,1.187557,1.222085,CHN,GHA,820711
3800758,44,83,8689,2014,0.0,2824.0,-0.737625,-0.768728,CIV,GHA,820711
3800759,61,83,8689,2014,74670.0,0.0,2.052849,-2.888805,DEU,GHA,820711
3800760,74,83,8689,2014,46993.0,0.0,1.626355,1.002923,FIN,GHA,820711
3800761,81,83,8689,2014,475784.0,0.0,1.697964,0.585372,GBR,GHA,820711
3800762,104,83,8689,2014,22419.0,0.0,0.262042,2.6305080000000003,IND,GHA,820711
3800763,111,83,8689,2014,2124.0,0.0,1.340136,0.43931099999999995,ITA,GHA,820711
3800764,162,83,8689,2014,0.0,51014.0,1.179325,1.355071,NLD,GHA,820711
3800765,163,83,8689,2014,296258.0,0.0,0.9187049999999999,0.182685,NOR,GHA,820711
3800766,166,83,8689,2014,5752.0,0.0,0.272502,0.21628699999999998,NZL,GHA,820711
3800767,208,83,8689,2014,5326565.0,294124.0,1.817752,0.558474,SWE,GHA,820711
3800768,224,83,8689,2014,2567.0,0.0,0.554761,2.385693,TUR,GHA,820711
3800769,231,83,8689,2014,170633.0,0.0,1.61227,0.068905,USA,GHA,820711
3800770,246,83,8689,2014,125291.0,2870.0,0.282927,1.723214,ZAF,GHA,820711
3800771,81,84,8689,2014,8025.0,0.0,1.697964,0.585372,GBR,GIB,820711
3800772,18,85,8689,2014,2543.0,0.0,1.234156,1.226441,BEL,GIN,820711
3800773,43,85,8689,2014,3489.0,0.0,1.187557,1.222085,CHN,GIN,820711
3800774,61,85,8689,2014,57231.0,0.0,2.052849,-2.888805,DEU,GIN,820711
3800775,77,85,8689,2014,116843.0,0.0,1.4817790000000002,0.30995,FRA,GIN,820711
3800776,81,85,8689,2014,2281.0,0.0,1.697964,0.585372,GBR,GIN,820711
3800777,134,85,8689,2014,1863.0,0.0,-0.574034,0.065788,MAR,GIN,820711
3800778,186,85,8689,2014,11891.0,0.0,0.229422,-0.214856,RUS,GIN,820711
3800779,208,85,8689,2014,116467.0,0.0,1.817752,0.558474,SWE,GIN,820711
3800780,32,89,8689,2014,5833.0,0.0,0.218223,0.556921,BRA,GNQ,820711
3800781,134,89,8689,2014,2201.0,0.0,-0.574034,0.065788,MAR,GNQ,820711
3800782,186,89,8689,2014,40267.0,0.0,0.229422,-0.214856,RUS,GNQ,820711
3800783,208,89,8689,2014,263092.0,0.0,1.817752,0.558474,SWE,GNQ,820711
3800784,224,89,8689,2014,16896.0,0.0,0.554761,2.385693,TUR,GNQ,820711
3800785,231,89,8689,2014,205821.0,0.0,1.61227,0.068905,USA,GNQ,820711
3800786,26,100,8689,2014,0.0,4871.0,0.5083300000000001,0.711704,BIH,HRV,820711
3800787,59,100,8689,2014,2964.0,0.0,1.8105830000000003,0.131131,CZE,HRV,820711
3800788,61,100,8689,2014,84233.0,0.0,2.052849,-2.888805,DEU,HRV,820711
3800789,111,100,8689,2014,9052.0,0.0,1.340136,0.43931099999999995,ITA,HRV,820711
3800790,162,100,8689,2014,6649.0,0.0,1.179325,1.355071,NLD,HRV,820711
3800791,173,100,8689,2014,0.0,1522.0,-0.557833,0.611826,PER,HRV,820711
3800792,177,100,8689,2014,5805.0,0.0,1.133102,1.177165,POL,HRV,820711
3800793,201,100,8689,2014,3449.0,0.0,0.551635,1.211535,SRB,HRV,820711
3800794,207,100,8689,2014,9350.0,1471.0,1.6558669999999998,0.6814399999999999,SVN,HRV,820711
3800795,208,100,8689,2014,28455.0,0.0,1.817752,0.558474,SWE,HRV,820711
3800796,7,108,8689,2014,9268.0,15898.0,0.087775,-0.289459,ARE,IRQ,820711
3800797,43,108,8689,2014,535059.0,0.0,1.187557,1.222085,CHN,IRQ,820711
3800798,61,108,8689,2014,282320.0,0.0,2.052849,-2.888805,DEU,IRQ,820711
3800799,81,108,8689,2014,369434.0,0.0,1.697964,0.585372,GBR,IRQ,820711
3800800,122,108,8689,2014,22817.0,0.0,-0.769616,-1.10667,KWT,IRQ,820711
3800801,208,108,8689,2014,253467.0,6776.0,1.817752,0.558474,SWE,IRQ,820711
3800802,212,108,8689,2014,6000.0,0.0,-0.366224,0.9054719999999999,SYR,IRQ,820711
3800803,224,108,8689,2014,15085.0,0.0,0.554761,2.385693,TUR,IRQ,820711
3800804,231,108,8689,2014,4298983.0,0.0,1.61227,0.068905,USA,IRQ,820711
3800805,15,109,8689,2014,1254.0,0.0,1.7116790000000002,-0.140232,AUT,ISL,820711
3800806,61,109,8689,2014,8260.0,0.0,2.052849,-2.888805,DEU,ISL,820711
3800807,74,109,8689,2014,58418.0,5164.0,1.626355,1.002923,FIN,ISL,820711
3800808,81,109,8689,2014,79019.0,0.0,1.697964,0.585372,GBR,ISL,820711
3800809,104,109,8689,2014,1636.0,0.0,0.262042,2.6305080000000003,IND,ISL,820711
3800810,163,109,8689,2014,30622.0,0.0,0.9187049999999999,0.182685,NOR,ISL,820711
3800811,208,109,8689,2014,17270.0,0.0,1.817752,0.558474,SWE,ISL,820711
3800812,231,109,8689,2014,35471.0,0.0,1.61227,0.068905,USA,ISL,820711
3800813,14,116,8689,2014,5654.0,0.0,-0.398273,-0.17128,AUS,KEN,820711
3800814,61,116,8689,2014,5049.0,0.0,2.052849,-2.888805,DEU,KEN,820711
3800815,81,116,8689,2014,27111.0,0.0,1.697964,0.585372,GBR,KEN,820711
3800816,104,116,8689,2014,32898.0,0.0,0.262042,2.6305080000000003,IND,KEN,820711
3800817,163,116,8689,2014,8989.0,0.0,0.9187049999999999,0.182685,NOR,KEN,820711
3800818,208,116,8689,2014,329422.0,9221.0,1.817752,0.558474,SWE,KEN,820711
3800819,226,116,8689,2014,0.0,19637.0,-1.054331,0.166345,TZA,KEN,820711
3800820,231,116,8689,2014,130974.0,0.0,1.61227,0.068905,USA,KEN,820711
3800821,246,116,8689,2014,72119.0,0.0,0.282927,1.723214,ZAF,KEN,820711
3800822,43,118,8689,2014,7509.0,0.0,1.187557,1.222085,CHN,KHM,820711
3800823,192,118,8689,2014,11962.0,0.0,1.867492,0.626736,SGP,KHM,820711
3800824,208,118,8689,2014,6287.0,0.0,1.817752,0.558474,SWE,KHM,820711
3800825,81,123,8689,2014,3041.0,0.0,1.697964,0.585372,GBR,LAO,820711
3800826,192,123,8689,2014,254114.0,2316.0,1.867492,0.626736,SGP,LAO,820711
3800827,208,123,8689,2014,1240.0,0.0,1.817752,0.558474,SWE,LAO,820711
3800828,216,123,8689,2014,429732.0,0.0,0.977094,1.41283,THA,LAO,820711
3800829,81,125,8689,2014,1528.0,0.0,1.697964,0.585372,GBR,LBR,820711
3800830,114,125,8689,2014,41445.0,0.0,2.403165,-0.635024,JPN,LBR,820711
3800831,208,125,8689,2014,3804.0,0.0,1.817752,0.558474,SWE,LBR,820711
3800832,224,125,8689,2014,21498.0,0.0,0.554761,2.385693,TUR,LBR,820711
3800833,231,125,8689,2014,64064.0,0.0,1.61227,0.068905,USA,LBR,820711
3800834,246,125,8689,2014,53639.0,0.0,0.282927,1.723214,ZAF,LBR,820711
3800835,8,126,8689,2014,14768.0,0.0,0.10691500000000001,0.44860600000000006,ARG,LBY,820711
3800836,61,126,8689,2014,46094.0,0.0,2.052849,-2.888805,DEU,LBY,820711
3800837,77,126,8689,2014,7220.0,0.0,1.4817790000000002,0.30995,FRA,LBY,820711
3800838,81,126,8689,2014,2129.0,0.0,1.697964,0.585372,GBR,LBY,820711
3800839,208,126,8689,2014,11985.0,0.0,1.817752,0.558474,SWE,LBY,820711
3800840,224,126,8689,2014,2776.0,0.0,0.554761,2.385693,TUR,LBY,820711
3800841,231,126,8689,2014,71900.0,0.0,1.61227,0.068905,USA,LBY,820711
3800842,43,133,8689,2014,48745.0,0.0,1.187557,1.222085,CHN,MAC,820711
3800843,81,133,8689,2014,1923.0,0.0,1.697964,0.585372,GBR,MAC,820711
3800844,97,133,8689,2014,9379.0,0.0,0.812132,1.722493,HKG,MAC,820711
3800845,14,136,8689,2014,6650.0,0.0,-0.398273,-0.17128,AUS,MDG,820711
3800846,61,136,8689,2014,986.0,0.0,2.052849,-2.888805,DEU,MDG,820711
3800847,77,136,8689,2014,1762.0,0.0,1.4817790000000002,0.30995,FRA,MDG,820711
3800848,246,136,8689,2014,24736.0,0.0,0.282927,1.723214,ZAF,MDG,820711
3800849,14,141,8689,2014,19580.0,0.0,-0.398273,-0.17128,AUS,MLI,820711
3800850,18,141,8689,2014,45040.0,0.0,1.234156,1.226441,BEL,MLI,820711
3800851,21,141,8689,2014,0.0,27696.0,-0.922401,-0.9554379999999999,BFA,MLI,820711
3800852,39,141,8689,2014,26024.0,0.0,0.671395,1.024683,CAN,MLI,820711
3800853,44,141,8689,2014,0.0,9421.0,-0.737625,-0.768728,CIV,MLI,820711
3800854,166,141,8689,2014,52734.0,0.0,0.272502,0.21628699999999998,NZL,MLI,820711
3800855,191,141,8689,2014,0.0,1012.0,-0.502607,-0.08866,SEN,MLI,820711
3800856,192,141,8689,2014,55843.0,0.0,1.867492,0.626736,SGP,MLI,820711
3800857,208,141,8689,2014,2812996.0,6688.0,1.817752,0.558474,SWE,MLI,820711
3800858,231,141,8689,2014,2703.0,0.0,1.61227,0.068905,USA,MLI,820711
3800859,246,141,8689,2014,17624.0,0.0,0.282927,1.723214,ZAF,MLI,820711
3800860,14,142,8689,2014,5293.0,0.0,-0.398273,-0.17128,AUS,MLT,820711
3800861,43,142,8689,2014,42245.0,0.0,1.187557,1.222085,CHN,MLT,820711
3800862,61,142,8689,2014,31838.0,0.0,2.052849,-2.888805,DEU,MLT,820711
3800863,77,142,8689,2014,21045.0,0.0,1.4817790000000002,0.30995,FRA,MLT,820711
3800864,81,142,8689,2014,251327.0,0.0,1.697964,0.585372,GBR,MLT,820711
3800865,111,142,8689,2014,1199.0,0.0,1.340136,0.43931099999999995,ITA,MLT,820711
3800866,231,142,8689,2014,98253.0,0.0,1.61227,0.068905,USA,MLT,820711
3800867,18,148,8689,2014,865564.0,0.0,1.234156,1.226441,BEL,MRT,820711
3800868,39,148,8689,2014,352740.0,0.0,0.671395,1.024683,CAN,MRT,820711
3800869,43,148,8689,2014,7517.0,0.0,1.187557,1.222085,CHN,MRT,820711
3800870,77,148,8689,2014,60919.0,0.0,1.4817790000000002,0.30995,FRA,MRT,820711
3800871,134,148,8689,2014,11248.0,0.0,-0.574034,0.065788,MAR,MRT,820711
3800872,191,148,8689,2014,4346.0,0.0,-0.502607,-0.08866,SEN,MRT,820711
3800873,208,148,8689,2014,2888.0,0.0,1.817752,0.558474,SWE,MRT,820711
3800874,246,148,8689,2014,37367.0,1452.0,0.282927,1.723214,ZAF,MRT,820711
3800875,43,151,8689,2014,2326.0,0.0,1.187557,1.222085,CHN,MUS,820711
3800876,61,151,8689,2014,2774.0,0.0,2.052849,-2.888805,DEU,MUS,820711
3800877,77,151,8689,2014,5675.0,0.0,1.4817790000000002,0.30995,FRA,MUS,820711
3800878,81,151,8689,2014,61301.0,0.0,1.697964,0.585372,GBR,MUS,820711
3800879,208,151,8689,2014,1763.0,0.0,1.817752,0.558474,SWE,MUS,820711
3800880,211,151,8689,2014,0.0,1430.0,0.358111,-0.484879,SYC,MUS,820711
3800881,246,151,8689,2014,93740.0,0.0,0.282927,1.723214,ZAF,MUS,820711
3800882,2,155,8689,2014,0.0,33241.0,-1.8184900000000002,-1.149191,AGO,NAM,820711
3800883,18,155,8689,2014,10722.0,0.0,1.234156,1.226441,BEL,NAM,820711
3800884,39,155,8689,2014,0.0,540.0,0.671395,1.024683,CAN,NAM,820711
3800885,42,155,8689,2014,3391.0,0.0,-0.344671,-0.43380799999999997,CHL,NAM,820711
3800886,43,155,8689,2014,8721.0,0.0,1.187557,1.222085,CHN,NAM,820711
3800887,46,155,8689,2014,453637.0,0.0,-1.6680240000000002,-1.1265129999999999,COD,NAM,820711
3800888,61,155,8689,2014,5286.0,0.0,2.052849,-2.888805,DEU,NAM,820711
3800889,104,155,8689,2014,2605.0,0.0,0.262042,2.6305080000000003,IND,NAM,820711
3800890,111,155,8689,2014,1058.0,0.0,1.340136,0.43931099999999995,ITA,NAM,820711
3800891,192,155,8689,2014,26330.0,0.0,1.867492,0.626736,SGP,NAM,820711
3800892,194,155,8689,2014,0.0,1204.0,1.125419,-0.183407,SHN,NAM,820711
3800893,231,155,8689,2014,133982.0,0.0,1.61227,0.068905,USA,NAM,820711
3800894,246,155,8689,2014,2004863.0,51162.0,0.282927,1.723214,ZAF,NAM,820711
3800895,247,155,8689,2014,15823.0,0.0,-0.664089,-0.793452,ZMB,NAM,820711
3800896,7,159,8689,2014,54118.0,2847343.0,0.087775,-0.289459,ARE,NGA,820711
3800897,14,159,8689,2014,4444.0,0.0,-0.398273,-0.17128,AUS,NGA,820711
3800898,18,159,8689,2014,35534.0,0.0,1.234156,1.226441,BEL,NGA,820711
3800899,39,159,8689,2014,678986.0,0.0,0.671395,1.024683,CAN,NGA,820711
3800900,43,159,8689,2014,57403.0,0.0,1.187557,1.222085,CHN,NGA,820711
3800901,61,159,8689,2014,426479.0,0.0,2.052849,-2.888805,DEU,NGA,820711
3800902,74,159,8689,2014,2552.0,0.0,1.626355,1.002923,FIN,NGA,820711
3800903,81,159,8689,2014,193309.0,0.0,1.697964,0.585372,GBR,NGA,820711
3800904,97,159,8689,2014,1734.0,0.0,0.812132,1.722493,HKG,NGA,820711
3800905,104,159,8689,2014,37787.0,0.0,0.262042,2.6305080000000003,IND,NGA,820711
3800906,111,159,8689,2014,71774.0,0.0,1.340136,0.43931099999999995,ITA,NGA,820711
3800907,121,159,8689,2014,16199.0,0.0,1.817145,0.8394530000000001,KOR,NGA,820711
3800908,162,159,8689,2014,2525.0,0.0,1.179325,1.355071,NLD,NGA,820711
3800909,163,159,8689,2014,5653.0,0.0,0.9187049999999999,0.182685,NOR,NGA,820711
3800910,188,159,8689,2014,109268.0,0.0,0.5758439999999999,-0.832692,SAU,NGA,820711
3800911,208,159,8689,2014,394619.0,0.0,1.817752,0.558474,SWE,NGA,820711
3800912,231,159,8689,2014,1124114.0,0.0,1.61227,0.068905,USA,NGA,820711
3800913,246,159,8689,2014,43671.0,3891.0,0.282927,1.723214,ZAF,NGA,820711
3800914,192,165,8689,2014,0.0,2862.0,1.867492,0.626736,SGP,NRU,820711
3800915,7,167,8689,2014,240610.0,12697.0,0.087775,-0.289459,ARE,OMN,820711
3800916,18,167,8689,2014,21571.0,0.0,1.234156,1.226441,BEL,OMN,820711
3800917,39,167,8689,2014,0.0,6221.0,0.671395,1.024683,CAN,OMN,820711
3800918,43,167,8689,2014,22430.0,0.0,1.187557,1.222085,CHN,OMN,820711
3800919,61,167,8689,2014,14538.0,0.0,2.052849,-2.888805,DEU,OMN,820711
3800920,77,167,8689,2014,15669.0,0.0,1.4817790000000002,0.30995,FRA,OMN,820711
3800921,81,167,8689,2014,215487.0,0.0,1.697964,0.585372,GBR,OMN,820711
3800922,103,167,8689,2014,6793.0,0.0,-0.088032,1.3966459999999998,IDN,OMN,820711
3800923,104,167,8689,2014,47855.0,0.0,0.262042,2.6305080000000003,IND,OMN,820711
3800924,111,167,8689,2014,4979.0,0.0,1.340136,0.43931099999999995,ITA,OMN,820711
3800925,162,167,8689,2014,44604.0,0.0,1.179325,1.355071,NLD,OMN,820711
3800926,163,167,8689,2014,13652.0,0.0,0.9187049999999999,0.182685,NOR,OMN,820711
3800927,168,167,8689,2014,0.0,55336.0,-0.672924,0.566787,PAK,OMN,820711
3800928,183,167,8689,2014,14132.0,0.0,-0.37535599999999997,-1.0196370000000001,QAT,OMN,820711
3800929,186,167,8689,2014,0.0,6634.0,0.229422,-0.214856,RUS,OMN,820711
3800930,208,167,8689,2014,193532.0,0.0,1.817752,0.558474,SWE,OMN,820711
3800931,231,167,8689,2014,3713169.0,11846.0,1.61227,0.068905,USA,OMN,820711
3800932,43,178,8689,2014,4325.0,0.0,1.187557,1.222085,CHN,PRK,820711
3800933,231,209,8689,2014,14977.0,0.0,1.61227,0.068905,USA,SWZ,820711
3800934,246,209,8689,2014,258699.0,53880.0,0.282927,1.723214,ZAF,SWZ,820711
3800935,108,212,8689,2014,0.0,6000.0,-2.9169,-0.882023,IRQ,SYR,820711
3800936,243,212,8689,2014,6756.0,7310.0,-1.2829190000000001,-1.227373,YEM,SYR,820711
3800937,61,215,8689,2014,27367.0,0.0,2.052849,-2.888805,DEU,TGO,820711
3800938,77,215,8689,2014,5270.0,0.0,1.4817790000000002,0.30995,FRA,TGO,820711
3800939,81,215,8689,2014,11274.0,0.0,1.697964,0.585372,GBR,TGO,820711
3800940,162,215,8689,2014,3521.0,0.0,1.179325,1.355071,NLD,TGO,820711
3800941,208,215,8689,2014,2598.0,0.0,1.817752,0.558474,SWE,TGO,820711
3800942,231,215,8689,2014,41259.0,0.0,1.61227,0.068905,USA,TGO,820711
3800943,7,223,8689,2014,0.0,5070.0,0.087775,-0.289459,ARE,TUN,820711
3800944,43,223,8689,2014,46513.0,0.0,1.187557,1.222085,CHN,TUN,820711
3800945,61,223,8689,2014,14416.0,0.0,2.052849,-2.888805,DEU,TUN,820711
3800946,71,223,8689,2014,2526.0,0.0,0.842147,2.45692,ESP,TUN,820711
3800947,77,223,8689,2014,31246.0,0.0,1.4817790000000002,0.30995,FRA,TUN,820711
3800948,81,223,8689,2014,30176.0,0.0,1.697964,0.585372,GBR,TUN,820711
3800949,104,223,8689,2014,4295.0,0.0,0.262042,2.6305080000000003,IND,TUN,820711
3800950,111,223,8689,2014,5046.0,0.0,1.340136,0.43931099999999995,ITA,TUN,820711
3800951,163,223,8689,2014,17810.0,0.0,0.9187049999999999,0.182685,NOR,TUN,820711
3800952,208,223,8689,2014,59874.0,0.0,1.817752,0.558474,SWE,TUN,820711
3800953,231,223,8689,2014,106668.0,0.0,1.61227,0.068905,USA,TUN,820711
3800954,7,226,8689,2014,3461.0,0.0,0.087775,-0.289459,ARE,TZA,820711
3800955,14,226,8689,2014,32299.0,0.0,-0.398273,-0.17128,AUS,TZA,820711
3800956,18,226,8689,2014,3227.0,0.0,1.234156,1.226441,BEL,TZA,820711
3800957,39,226,8689,2014,1726.0,0.0,0.671395,1.024683,CAN,TZA,820711
3800958,43,226,8689,2014,17687.0,0.0,1.187557,1.222085,CHN,TZA,820711
3800959,61,226,8689,2014,10835.0,0.0,2.052849,-2.888805,DEU,TZA,820711
3800960,74,226,8689,2014,29854.0,0.0,1.626355,1.002923,FIN,TZA,820711
3800961,81,226,8689,2014,31365.0,0.0,1.697964,0.585372,GBR,TZA,820711
3800962,104,226,8689,2014,14378.0,0.0,0.262042,2.6305080000000003,IND,TZA,820711
3800963,106,226,8689,2014,31550.0,0.0,1.2658399999999999,0.278546,IRL,TZA,820711
3800964,111,226,8689,2014,1101.0,0.0,1.340136,0.43931099999999995,ITA,TZA,820711
3800965,114,226,8689,2014,6838.0,0.0,2.403165,-0.635024,JPN,TZA,820711
3800966,116,226,8689,2014,19637.0,0.0,-0.487058,0.307288,KEN,TZA,820711
3800967,162,226,8689,2014,204026.0,0.0,1.179325,1.355071,NLD,TZA,820711
3800968,163,226,8689,2014,3057.0,0.0,0.9187049999999999,0.182685,NOR,TZA,820711
3800969,188,226,8689,2014,70790.0,0.0,0.5758439999999999,-0.832692,SAU,TZA,820711
3800970,192,226,8689,2014,36470.0,0.0,1.867492,0.626736,SGP,TZA,820711
3800971,208,226,8689,2014,1536128.0,0.0,1.817752,0.558474,SWE,TZA,820711
3800972,227,226,8689,2014,58312.0,0.0,-0.46911800000000003,0.25446599999999997,UGA,TZA,820711
3800973,231,226,8689,2014,44213.0,0.0,1.61227,0.068905,USA,TZA,820711
3800974,246,226,8689,2014,811162.0,2824.0,0.282927,1.723214,ZAF,TZA,820711
3800975,14,227,8689,2014,26659.0,0.0,-0.398273,-0.17128,AUS,UGA,820711
3800976,43,227,8689,2014,887.0,0.0,1.187557,1.222085,CHN,UGA,820711
3800977,61,227,8689,2014,27988.0,0.0,2.052849,-2.888805,DEU,UGA,820711
3800978,74,227,8689,2014,4489.0,0.0,1.626355,1.002923,FIN,UGA,820711
3800979,81,227,8689,2014,4353.0,0.0,1.697964,0.585372,GBR,UGA,820711
3800980,104,227,8689,2014,4298.0,0.0,0.262042,2.6305080000000003,IND,UGA,820711
3800981,208,227,8689,2014,88279.0,0.0,1.817752,0.558474,SWE,UGA,820711
3800982,226,227,8689,2014,0.0,58312.0,-1.054331,0.166345,TZA,UGA,820711
3800983,231,227,8689,2014,276032.0,0.0,1.61227,0.068905,USA,UGA,820711
3800984,246,227,8689,2014,2551.0,0.0,0.282927,1.723214,ZAF,UGA,820711
3800985,81,234,8689,2014,5693.0,0.0,1.697964,0.585372,GBR,VCT,820711
3800986,14,239,8689,2014,36237.0,3829.0,-0.398273,-0.17128,AUS,VNM,820711
3800987,43,239,8689,2014,12491.0,0.0,1.187557,1.222085,CHN,VNM,820711
3800988,49,239,8689,2014,0.0,21114.0,0.19864500000000002,-0.378364,COL,VNM,820711
3800989,61,239,8689,2014,26372.0,0.0,2.052849,-2.888805,DEU,VNM,820711
3800990,68,239,8689,2014,0.0,20656.0,-0.086866,1.7419669999999998,EGY,VNM,820711
3800991,74,239,8689,2014,111408.0,0.0,1.626355,1.002923,FIN,VNM,820711
3800992,77,239,8689,2014,7804.0,10927.0,1.4817790000000002,0.30995,FRA,VNM,820711
3800993,81,239,8689,2014,726294.0,0.0,1.697964,0.585372,GBR,VNM,820711
3800994,97,239,8689,2014,0.0,10450.0,0.812132,1.722493,HKG,VNM,820711
3800995,103,239,8689,2014,0.0,86282.0,-0.088032,1.3966459999999998,IDN,VNM,820711
3800996,111,239,8689,2014,45681.0,0.0,1.340136,0.43931099999999995,ITA,VNM,820711
3800997,121,239,8689,2014,13151.0,0.0,1.817145,0.8394530000000001,KOR,VNM,820711
3800998,138,239,8689,2014,0.0,15691.0,1.0799729999999998,0.697554,MEX,VNM,820711
3800999,153,239,8689,2014,0.0,18027.0,1.018138,0.774649,MYS,VNM,820711
3801000,163,239,8689,2014,13342.0,2562.0,0.9187049999999999,0.182685,NOR,VNM,820711
3801001,166,239,8689,2014,41671.0,0.0,0.272502,0.21628699999999998,NZL,VNM,820711
3801002,186,239,8689,2014,74946.0,0.0,0.229422,-0.214856,RUS,VNM,820711
3801003,188,239,8689,2014,25556.0,0.0,0.5758439999999999,-0.832692,SAU,VNM,820711
3801004,192,239,8689,2014,306484.0,19924.0,1.867492,0.626736,SGP,VNM,820711
3801005,208,239,8689,2014,417156.0,0.0,1.817752,0.558474,SWE,VNM,820711
3801006,216,239,8689,2014,0.0,64788.0,0.977094,1.41283,THA,VNM,820711
3801007,231,239,8689,2014,938146.0,0.0,1.61227,0.068905,USA,VNM,820711
3801008,166,242,8689,2014,906.0,0.0,0.272502,0.21628699999999998,NZL,WSM,820711
3801009,5,247,8689,2014,10954.0,0.0,0.533246,-0.41617,AND,ZMB,820711
3801010,14,247,8689,2014,10397.0,0.0,-0.398273,-0.17128,AUS,ZMB,820711
3801011,30,247,8689,2014,7850.0,0.0,1.217808,-0.16376300000000002,BMU,ZMB,820711
3801012,37,247,8689,2014,15933.0,7125.0,-0.60221,-1.104578,BWA,ZMB,820711
3801013,39,247,8689,2014,57677.0,0.0,0.671395,1.024683,CAN,ZMB,820711
3801014,42,247,8689,2014,3846.0,0.0,-0.344671,-0.43380799999999997,CHL,ZMB,820711
3801015,43,247,8689,2014,62981.0,0.0,1.187557,1.222085,CHN,ZMB,820711
3801016,46,247,8689,2014,0.0,593142.0,-1.6680240000000002,-1.1265129999999999,COD,ZMB,820711
3801017,74,247,8689,2014,59732.0,0.0,1.626355,1.002923,FIN,ZMB,820711
3801018,81,247,8689,2014,61112.0,1075.0,1.697964,0.585372,GBR,ZMB,820711
3801019,104,247,8689,2014,14511.0,0.0,0.262042,2.6305080000000003,IND,ZMB,820711
3801020,106,247,8689,2014,775374.0,0.0,1.2658399999999999,0.278546,IRL,ZMB,820711
3801021,111,247,8689,2014,137492.0,0.0,1.340136,0.43931099999999995,ITA,ZMB,820711
3801022,153,247,8689,2014,2770.0,0.0,1.018138,0.774649,MYS,ZMB,820711
3801023,155,247,8689,2014,0.0,15823.0,-0.428227,-0.5632229999999999,NAM,ZMB,820711
3801024,162,247,8689,2014,1588.0,0.0,1.179325,1.355071,NLD,ZMB,820711
3801025,173,247,8689,2014,9319.0,0.0,-0.557833,0.611826,PER,ZMB,820711
3801026,192,247,8689,2014,1277.0,0.0,1.867492,0.626736,SGP,ZMB,820711
3801027,208,247,8689,2014,1178719.0,18521.0,1.817752,0.558474,SWE,ZMB,820711
3801028,231,247,8689,2014,89598.0,0.0,1.61227,0.068905,USA,ZMB,820711
3801029,246,247,8689,2014,4017826.0,31656.0,0.282927,1.723214,ZAF,ZMB,820711
3801030,248,247,8689,2014,0.0,26079.0,-0.821369,-0.864232,ZWE,ZMB,820711
3801031,7,248,8689,2014,1334.0,0.0,0.087775,-0.289459,ARE,ZWE,820711
3801032,37,248,8689,2014,79497.0,0.0,-0.60221,-1.104578,BWA,ZWE,820711
3801033,39,248,8689,2014,737.0,0.0,0.671395,1.024683,CAN,ZWE,820711
3801034,43,248,8689,2014,27393.0,0.0,1.187557,1.222085,CHN,ZWE,820711
3801035,46,248,8689,2014,204723.0,0.0,-1.6680240000000002,-1.1265129999999999,COD,ZWE,820711
3801036,74,248,8689,2014,469358.0,0.0,1.626355,1.002923,FIN,ZWE,820711
3801037,106,248,8689,2014,143253.0,0.0,1.2658399999999999,0.278546,IRL,ZWE,820711
3801038,111,248,8689,2014,6022.0,0.0,1.340136,0.43931099999999995,ITA,ZWE,820711
3801039,166,248,8689,2014,5687.0,0.0,0.272502,0.21628699999999998,NZL,ZWE,820711
3801040,208,248,8689,2014,60596.0,0.0,1.817752,0.558474,SWE,ZWE,820711
3801041,246,248,8689,2014,3619226.0,12260.0,0.282927,1.723214,ZAF,ZWE,820711
3801042,247,248,8689,2014,26079.0,0.0,-0.664089,-0.793452,ZMB,ZWE,820711
3801043,81,96,8689,2014,1737.0,0.0,1.697964,0.585372,GBR,GUY,820711
3801044,231,96,8689,2014,22626.0,0.0,1.61227,0.068905,USA,GUY,820711
3801045,7,2,8689,2014,48301.0,0.0,0.087775,-0.289459,ARE,AGO,820711
3801046,32,2,8689,2014,33768.0,0.0,0.218223,0.556921,BRA,AGO,820711
3801047,42,2,8689,2014,879.0,0.0,-0.344671,-0.43380799999999997,CHL,AGO,820711
3801048,43,2,8689,2014,434204.0,0.0,1.187557,1.222085,CHN,AGO,820711
3801049,61,2,8689,2014,3802.0,0.0,2.052849,-2.888805,DEU,AGO,820711
3801050,77,2,8689,2014,5315.0,0.0,1.4817790000000002,0.30995,FRA,AGO,820711
3801051,81,2,8689,2014,12083.0,0.0,1.697964,0.585372,GBR,AGO,820711
3801052,97,2,8689,2014,1310.0,0.0,0.812132,1.722493,HKG,AGO,820711
3801053,104,2,8689,2014,2382.0,0.0,0.262042,2.6305080000000003,IND,AGO,820711
3801054,110,2,8689,2014,4169.0,0.0,1.211141,0.64523,ISR,AGO,820711
3801055,124,2,8689,2014,1131.0,0.0,0.308677,1.7564490000000001,LBN,AGO,820711
3801056,155,2,8689,2014,33241.0,0.0,-0.428227,-0.5632229999999999,NAM,AGO,820711
3801057,162,2,8689,2014,6026.0,0.0,1.179325,1.355071,NLD,AGO,820711
3801058,179,2,8689,2014,208625.0,0.0,0.621053,2.349644,PRT,AGO,820711
3801059,208,2,8689,2014,124775.0,4260.0,1.817752,0.558474,SWE,AGO,820711
3801060,231,2,8689,2014,1953704.0,0.0,1.61227,0.068905,USA,AGO,820711
3801061,246,2,8689,2014,210113.0,31310.0,0.282927,1.723214,ZAF,AGO,820711
3801062,231,57,8689,2014,2941.0,3018.0,1.61227,0.068905,USA,CYM,820711
3801063,111,135,8689,2014,1824.0,0.0,1.340136,0.43931099999999995,ITA,MDA,820711
3801064,186,135,8689,2014,3676.0,0.0,0.229422,-0.214856,RUS,MDA,820711
3801065,224,135,8689,2014,1607.0,0.0,0.554761,2.385693,TUR,MDA,820711
3801066,61,144,8689,2014,1195.0,0.0,2.052849,-2.888805,DEU,MNE,820711
3801067,81,144,8689,2014,9983.0,0.0,1.697964,0.585372,GBR,MNE,820711
3801068,111,144,8689,2014,4403.0,0.0,1.340136,0.43931099999999995,ITA,MNE,820711
3801069,201,144,8689,2014,16840.0,0.0,0.551635,1.211535,SRB,MNE,820711
3801070,207,144,8689,2014,4432.0,0.0,1.6558669999999998,0.6814399999999999,SVN,MNE,820711
3801071,14,145,8689,2014,14161.0,359.0,-0.398273,-0.17128,AUS,MNG,820711
3801072,39,145,8689,2014,13753.0,1104.0,0.671395,1.024683,CAN,MNG,820711
3801073,43,145,8689,2014,20327.0,0.0,1.187557,1.222085,CHN,MNG,820711
3801074,61,145,8689,2014,3551.0,0.0,2.052849,-2.888805,DEU,MNG,820711
3801075,104,145,8689,2014,55148.0,0.0,0.262042,2.6305080000000003,IND,MNG,820711
3801076,114,145,8689,2014,8414.0,0.0,2.403165,-0.635024,JPN,MNG,820711
3801077,138,145,8689,2014,13528.0,0.0,1.0799729999999998,0.697554,MEX,MNG,820711
3801078,166,145,8689,2014,14023.0,0.0,0.272502,0.21628699999999998,NZL,MNG,820711
3801079,192,145,8689,2014,32892.0,2236.0,1.867492,0.626736,SGP,MNG,820711
3801080,208,145,8689,2014,734158.0,4876.0,1.817752,0.558474,SWE,MNG,820711
3801081,231,145,8689,2014,343917.0,0.0,1.61227,0.068905,USA,MNG,820711
3801082,14,196,8689,2014,7739.0,0.0,-0.398273,-0.17128,AUS,SLE,820711
3801083,18,196,8689,2014,77848.0,0.0,1.234156,1.226441,BEL,SLE,820711
3801084,77,196,8689,2014,0.0,21456.0,1.4817790000000002,0.30995,FRA,SLE,820711
3801085,81,196,8689,2014,13169.0,0.0,1.697964,0.585372,GBR,SLE,820711
3801086,104,196,8689,2014,3179.0,0.0,0.262042,2.6305080000000003,IND,SLE,820711
3801087,166,196,8689,2014,12585.0,0.0,0.272502,0.21628699999999998,NZL,SLE,820711
3801088,208,196,8689,2014,171309.0,0.0,1.817752,0.558474,SWE,SLE,820711
3801089,246,196,8689,2014,8127.0,0.0,0.282927,1.723214,ZAF,SLE,820711
3801090,64,198,8689,2014,0.0,6741.0,1.10869,1.245193,DNK,SMR,820711
3801091,81,198,8689,2014,0.0,11948.0,1.697964,0.585372,GBR,SMR,820711
3801092,162,198,8689,2014,0.0,7541.0,1.179325,1.355071,NLD,SMR,820711
3801093,186,217,8689,2014,65272.0,0.0,0.229422,-0.214856,RUS,TJK,820711
3801094,7,219,8689,2014,538083.0,0.0,0.087775,-0.289459,ARE,TKM,820711
3801095,28,219,8689,2014,5802.0,0.0,0.874108,0.676231,BLR,TKM,820711
3801096,61,219,8689,2014,8927.0,0.0,2.052849,-2.888805,DEU,TKM,820711
3801097,186,219,8689,2014,20703.0,0.0,0.229422,-0.214856,RUS,TKM,820711
3801098,224,219,8689,2014,19394.0,0.0,0.554761,2.385693,TUR,TKM,820711
3801099,231,219,8689,2014,63008.0,0.0,1.61227,0.068905,USA,TKM,820711
3801100,43,50,8689,2014,4320.0,0.0,1.187557,1.222085,CHN,COM,820711
3801101,14,75,8689,2014,30480.0,0.0,-0.398273,-0.17128,AUS,FJI,820711
3801102,121,75,8689,2014,2402.0,0.0,1.817145,0.8394530000000001,KOR,FJI,820711
3801103,166,75,8689,2014,30623.0,0.0,0.272502,0.21628699999999998,NZL,FJI,820711
3801104,231,75,8689,2014,2679.0,0.0,1.61227,0.068905,USA,FJI,820711
3801105,114,175,8689,2014,1846.0,0.0,2.403165,-0.635024,JPN,PLW,820711
3801106,138,0,8689,2014,1307.0,0.0,1.0799729999999998,0.697554,MEX,ABW,820711
3801107,162,0,8689,2014,11935.0,0.0,1.179325,1.355071,NLD,ABW,820711
3801108,231,0,8689,2014,5869.0,0.0,1.61227,0.068905,USA,ABW,820711
3801109,250,0,8689,2014,2047.0,0.0,0.506842,0.049545,ANS,ABW,820711
3801110,7,1,8689,2014,70776.0,0.0,0.087775,-0.289459,ARE,AFG,820711
3801111,61,1,8689,2014,9295.0,0.0,2.052849,-2.888805,DEU,AFG,820711
3801112,71,5,8689,2014,6016.0,1181.0,0.842147,2.45692,ESP,AND,820711
3801113,247,5,8689,2014,0.0,10954.0,-0.664089,-0.793452,ZMB,AND,820711
3801114,246,17,8689,2014,0.0,4925.0,0.282927,1.723214,ZAF,BDI,820711
3801115,246,30,8689,2014,4598.0,0.0,0.282927,1.723214,ZAF,BMU,820711
3801116,247,30,8689,2014,0.0,7850.0,-0.664089,-0.793452,ZMB,BMU,820711
3801117,43,34,8689,2014,86750.0,0.0,1.187557,1.222085,CHN,BRN,820711
3801118,81,34,8689,2014,23339.0,0.0,1.697964,0.585372,GBR,BRN,820711
3801119,163,34,8689,2014,12208.0,0.0,0.9187049999999999,0.182685,NOR,BRN,820711
3801120,192,34,8689,2014,104339.0,0.0,1.867492,0.626736,SGP,BRN,820711
3801121,231,34,8689,2014,37811.0,0.0,1.61227,0.068905,USA,BRN,820711
3801122,231,63,8689,2014,3437.0,0.0,1.61227,0.068905,USA,DMA,820711
3801123,18,69,8689,2014,200916.0,0.0,1.234156,1.226441,BEL,ERI,820711
3801124,208,69,8689,2014,261871.0,0.0,1.817752,0.558474,SWE,ERI,820711
3801125,246,69,8689,2014,28244.0,0.0,0.282927,1.723214,ZAF,ERI,820711
3801126,81,78,8689,2014,12981.0,0.0,1.697964,0.585372,GBR,FRO,820711
3801127,163,78,8689,2014,91698.0,0.0,0.9187049999999999,0.182685,NOR,FRO,820711
3801128,111,88,8689,2014,4317.0,0.0,1.340136,0.43931099999999995,ITA,GNB,820711
3801129,43,129,8689,2014,45870.0,0.0,1.187557,1.222085,CHN,LSO,820711
3801130,81,129,8689,2014,2675.0,0.0,1.697964,0.585372,GBR,LSO,820711
3801131,246,129,8689,2014,184816.0,1013.0,0.282927,1.723214,ZAF,LSO,820711
3801132,104,137,8689,2014,15285.0,0.0,0.262042,2.6305080000000003,IND,MDV,820711
3801133,43,143,8689,2014,50710.0,0.0,1.187557,1.222085,CHN,MMR,820711
3801134,114,143,8689,2014,44448.0,0.0,2.403165,-0.635024,JPN,MMR,820711
3801135,192,143,8689,2014,507884.0,0.0,1.867492,0.626736,SGP,MMR,820711
3801136,216,143,8689,2014,36973.0,0.0,0.977094,1.41283,THA,MMR,820711
3801137,231,143,8689,2014,18339.0,0.0,1.61227,0.068905,USA,MMR,820711
3801138,14,152,8689,2014,1867.0,0.0,-0.398273,-0.17128,AUS,MWI,820711
3801139,43,152,8689,2014,1588.0,0.0,1.187557,1.222085,CHN,MWI,820711
3801140,179,152,8689,2014,15351.0,11603.0,0.621053,2.349644,PRT,MWI,820711
3801141,208,152,8689,2014,443.0,0.0,1.817752,0.558474,SWE,MWI,820711
3801142,231,152,8689,2014,10261.0,0.0,1.61227,0.068905,USA,MWI,820711
3801143,246,152,8689,2014,276853.0,0.0,0.282927,1.723214,ZAF,MWI,820711
3801144,14,156,8689,2014,76856.0,0.0,-0.398273,-0.17128,AUS,NCL,820711
3801145,39,156,8689,2014,4250.0,0.0,0.671395,1.024683,CAN,NCL,820711
3801146,77,156,8689,2014,40267.0,0.0,1.4817790000000002,0.30995,FRA,NCL,820711
3801147,104,156,8689,2014,2210.0,0.0,0.262042,2.6305080000000003,IND,NCL,820711
3801148,166,156,8689,2014,2981.0,0.0,0.272502,0.21628699999999998,NZL,NCL,820711
3801149,77,157,8689,2014,8016.0,0.0,1.4817790000000002,0.30995,FRA,NER,820711
3801150,134,157,8689,2014,1798.0,0.0,-0.574034,0.065788,MAR,NER,820711
3801151,208,157,8689,2014,2925.0,0.0,1.817752,0.558474,SWE,NER,820711
3801152,14,176,8689,2014,45500.0,22120.0,-0.398273,-0.17128,AUS,PNG,820711
3801153,43,176,8689,2014,1548.0,0.0,1.187557,1.222085,CHN,PNG,820711
3801154,97,176,8689,2014,73346.0,0.0,0.812132,1.722493,HKG,PNG,820711
3801155,208,176,8689,2014,37142.0,0.0,1.817752,0.558474,SWE,PNG,820711
3801156,7,187,8689,2014,1950.0,0.0,0.087775,-0.289459,ARE,RWA,820711
3801157,14,187,8689,2014,5855.0,0.0,-0.398273,-0.17128,AUS,RWA,820711
3801158,43,187,8689,2014,1026.0,0.0,1.187557,1.222085,CHN,RWA,820711
3801159,246,187,8689,2014,24161.0,0.0,0.282927,1.723214,ZAF,RWA,820711
3801160,155,194,8689,2014,1204.0,0.0,-0.428227,-0.5632229999999999,NAM,SHN,820711
3801161,246,194,8689,2014,1956.0,0.0,0.282927,1.723214,ZAF,SHN,820711
3801162,39,214,8689,2014,1033.0,0.0,0.671395,1.024683,CAN,TCD,820711
3801163,61,214,8689,2014,3323.0,0.0,2.052849,-2.888805,DEU,TCD,820711
3801164,77,214,8689,2014,21943.0,0.0,1.4817790000000002,0.30995,FRA,TCD,820711
3801165,104,214,8689,2014,1981.0,0.0,0.262042,2.6305080000000003,IND,TCD,820711
3801166,111,214,8689,2014,49560.0,0.0,1.340136,0.43931099999999995,ITA,TCD,820711
3801167,166,214,8689,2014,5351.0,0.0,0.272502,0.21628699999999998,NZL,TCD,820711
3801168,208,214,8689,2014,8790.0,0.0,1.817752,0.558474,SWE,TCD,820711
3801169,231,214,8689,2014,181117.0,0.0,1.61227,0.068905,USA,TCD,820711
3801170,246,214,8689,2014,1232.0,0.0,0.282927,1.723214,ZAF,TCD,820711
3801171,28,232,8689,2014,27007.0,0.0,0.874108,0.676231,BLR,UZB,820711
3801172,61,232,8689,2014,144839.0,0.0,2.052849,-2.888805,DEU,UZB,820711
3801173,74,232,8689,2014,680114.0,0.0,1.626355,1.002923,FIN,UZB,820711
3801174,186,232,8689,2014,2649504.0,0.0,0.229422,-0.214856,RUS,UZB,820711
3801175,208,232,8689,2014,137771.0,0.0,1.817752,0.558474,SWE,UZB,820711
3801176,14,182,8689,2014,33516.0,0.0,-0.398273,-0.17128,AUS,PYF,820711
3801177,77,182,8689,2014,6842.0,0.0,1.4817790000000002,0.30995,FRA,PYF,820711
3801178,163,182,8689,2014,504.0,0.0,0.9187049999999999,0.182685,NOR,PYF,820711
3801179,166,10,8689,2014,25855.0,0.0,0.272502,0.21628699999999998,NZL,ASM,820711
3801180,39,92,8689,2014,31523.0,0.0,0.671395,1.024683,CAN,GRL,820711
3801181,64,92,8689,2014,3222.0,0.0,1.10869,1.245193,DNK,GRL,820711
3801182,231,92,8689,2014,6296.0,0.0,1.61227,0.068905,USA,GRL,820711
3801183,81,3,8689,2014,2758.0,0.0,1.697964,0.585372,GBR,AIA,820711
3801184,1,7,8690,2014,0.0,511055.0,-0.924386,-0.839385,AFG,ARE,820712
3801185,2,7,8690,2014,0.0,1551.0,-1.8184900000000002,-1.149191,AGO,ARE,820712
3801186,8,7,8690,2014,35042.0,8538.0,0.10691500000000001,0.44860600000000006,ARG,ARE,820712
3801187,14,7,8690,2014,2546113.0,344733.0,-0.398273,-0.17128,AUS,ARE,820712
3801188,15,7,8690,2014,31151.0,142933.0,1.7116790000000002,-0.140232,AUT,ARE,820712
3801189,16,7,8690,2014,6310.0,170292.0,-0.909508,-1.165158,AZE,ARE,820712
3801190,17,7,8690,2014,0.0,3231.0,-0.242256,-0.8567879999999999,BDI,ARE,820712
3801191,18,7,8690,2014,374819.0,0.0,1.234156,1.226441,BEL,ARE,820712
3801192,24,7,8690,2014,1447879.0,21855.0,0.460168,-0.41671099999999994,BHR,ARE,820712
3801193,32,7,8690,2014,111267.0,7076.0,0.218223,0.556921,BRA,ARE,820712
3801194,34,7,8690,2014,0.0,12764.0,0.191357,-0.683567,BRN,ARE,820712
3801195,39,7,8690,2014,929345.0,808745.0,0.671395,1.024683,CAN,ARE,820712
3801196,41,7,8690,2014,0.0,1524.0,2.2000919999999997,0.65398,CHE,ARE,820712
3801197,43,7,8690,2014,3826228.0,2566.0,1.187557,1.222085,CHN,ARE,820712
3801198,44,7,8690,2014,0.0,7164.0,-0.737625,-0.768728,CIV,ARE,820712
3801199,45,7,8690,2014,0.0,61018.0,-0.6723520000000001,-0.945084,CMR,ARE,820712
3801200,47,7,8690,2014,0.0,16797.0,-1.371624,-1.12468,COG,ARE,820712
3801201,49,7,8690,2014,4021.0,4906.0,0.19864500000000002,-0.378364,COL,ARE,820712
3801202,50,7,8690,2014,0.0,915.0,-0.19200699999999998,-0.761303,COM,ARE,820712
3801203,61,7,8690,2014,1713781.0,13020.0,2.052849,-2.888805,DEU,ARE,820712
3801204,62,7,8690,2014,0.0,109001.0,-0.394602,-0.74178,DJI,ARE,820712
3801205,66,7,8690,2014,0.0,22597.0,-1.5554649999999999,-1.1657030000000002,DZA,ARE,820712
3801206,67,7,8690,2014,0.0,31414.0,-1.066865,-1.052921,ECU,ARE,820712
3801207,68,7,8690,2014,57304.0,132214.0,-0.086866,1.7419669999999998,EGY,ARE,820712
3801208,71,7,8690,2014,77805.0,0.0,0.842147,2.45692,ESP,ARE,820712
3801209,73,7,8690,2014,265094.0,2819.0,-1.296535,-1.045942,ETH,ARE,820712
3801210,74,7,8690,2014,12408.0,0.0,1.626355,1.002923,FIN,ARE,820712
3801211,77,7,8690,2014,3729800.0,86210.0,1.4817790000000002,0.30995,FRA,ARE,820712
3801212,80,7,8690,2014,0.0,20567.0,-1.625474,-1.135973,GAB,ARE,820712
3801213,81,7,8690,2014,8727540.0,20707.0,1.697964,0.585372,GBR,ARE,820712
3801214,97,7,8690,2014,0.0,88019.0,0.812132,1.722493,HKG,ARE,820712
3801215,102,7,8690,2014,33657.0,0.0,1.477093,0.812869,HUN,ARE,820712
3801216,103,7,8690,2014,43223.0,29047.0,-0.088032,1.3966459999999998,IDN,ARE,820712
3801217,104,7,8690,2014,1136715.0,59998.0,0.262042,2.6305080000000003,IND,ARE,820712
3801218,106,7,8690,2014,1580382.0,0.0,1.2658399999999999,0.278546,IRL,ARE,820712
3801219,107,7,8690,2014,0.0,1273894.0,-0.361058,-0.312743,IRN,ARE,820712
3801220,108,7,8690,2014,0.0,429169.0,-2.9169,-0.882023,IRQ,ARE,820712
3801221,111,7,8690,2014,17849524.0,117560.0,1.340136,0.43931099999999995,ITA,ARE,820712
3801222,113,7,8690,2014,17143.0,0.0,0.210208,0.48732299999999995,JOR,ARE,820712
3801223,114,7,8690,2014,4684214.0,0.0,2.403165,-0.635024,JPN,ARE,820712
3801224,115,7,8690,2014,47476.0,119879.0,-0.210431,-0.574075,KAZ,ARE,820712
3801225,121,7,8690,2014,185454.0,0.0,1.817145,0.8394530000000001,KOR,ARE,820712
3801226,122,7,8690,2014,283486.0,140308.0,-0.769616,-1.10667,KWT,ARE,820712
3801227,124,7,8690,2014,0.0,8031.0,0.308677,1.7564490000000001,LBN,ARE,820712
3801228,126,7,8690,2014,0.0,23944.0,-1.5943829999999999,-1.189961,LBY,ARE,820712
3801229,128,7,8690,2014,31635.0,28827.0,-0.49366899999999997,0.338686,LKA,ARE,820712
3801230,138,7,8690,2014,703856.0,102440.0,1.0799729999999998,0.697554,MEX,ARE,820712
3801231,142,7,8690,2014,0.0,56105.0,0.817013,0.0016309999999999999,MLT,ARE,820712
3801232,148,7,8690,2014,0.0,120398.0,-1.458551,-1.225373,MRT,ARE,820712
3801233,151,7,8690,2014,0.0,31513.0,-0.029891,-0.12431099999999999,MUS,ARE,820712
3801234,153,7,8690,2014,255630.0,378518.0,1.018138,0.774649,MYS,ARE,820712
3801235,159,7,8690,2014,0.0,67561.0,-1.2126430000000001,-1.059697,NGA,ARE,820712
3801236,162,7,8690,2014,396265.0,75242.0,1.179325,1.355071,NLD,ARE,820712
3801237,163,7,8690,2014,1256968.0,21541.0,0.9187049999999999,0.182685,NOR,ARE,820712
3801238,166,7,8690,2014,19325.0,2670.0,0.272502,0.21628699999999998,NZL,ARE,820712
3801239,167,7,8690,2014,226694.0,1771954.0,-0.505129,-1.0051370000000002,OMN,ARE,820712
3801240,168,7,8690,2014,2089669.0,310624.0,-0.672924,0.566787,PAK,ARE,820712
3801241,174,7,8690,2014,0.0,4869.0,0.637442,0.475883,PHL,ARE,820712
3801242,176,7,8690,2014,0.0,80771.0,-1.564904,-1.146255,PNG,ARE,820712
3801243,177,7,8690,2014,10227.0,0.0,1.133102,1.177165,POL,ARE,820712
3801244,183,7,8690,2014,9438.0,171306.0,-0.37535599999999997,-1.0196370000000001,QAT,ARE,820712
3801245,185,7,8690,2014,42442.0,502794.0,0.9112,1.188161,ROU,ARE,820712
3801246,186,7,8690,2014,1011752.0,163451.0,0.229422,-0.214856,RUS,ARE,820712
3801247,188,7,8690,2014,2275234.0,2077054.0,0.5758439999999999,-0.832692,SAU,ARE,820712
3801248,190,7,8690,2014,0.0,295929.0,-1.442381,-1.1155030000000001,SDN,ARE,820712
3801249,192,7,8690,2014,10143785.0,271224.0,1.867492,0.626736,SGP,ARE,820712
3801250,201,7,8690,2014,0.0,270205.0,0.551635,1.211535,SRB,ARE,820712
3801251,208,7,8690,2014,1281.0,0.0,1.817752,0.558474,SWE,ARE,820712
3801252,211,7,8690,2014,0.0,11025.0,0.358111,-0.484879,SYC,ARE,820712
3801253,216,7,8690,2014,233004.0,3821.0,0.977094,1.41283,THA,ARE,820712
3801254,219,7,8690,2014,0.0,28026.0,-1.217897,-1.184131,TKM,ARE,820712
3801255,223,7,8690,2014,237896.0,0.0,0.343449,1.118007,TUN,ARE,820712
3801256,224,7,8690,2014,28387.0,83611.0,0.554761,2.385693,TUR,ARE,820712
3801257,226,7,8690,2014,0.0,74210.0,-1.054331,0.166345,TZA,ARE,820712
3801258,227,7,8690,2014,0.0,5399.0,-0.46911800000000003,0.25446599999999997,UGA,ARE,820712
3801259,228,7,8690,2014,0.0,11455.0,0.566535,0.832267,UKR,ARE,820712
3801260,231,7,8690,2014,52481968.0,1686954.0,1.61227,0.068905,USA,ARE,820712
3801261,232,7,8690,2014,0.0,3632612.0,-0.407623,-0.37150700000000003,UZB,ARE,820712
3801262,239,7,8690,2014,0.0,6236.0,-0.023765,1.344416,VNM,ARE,820712
3801263,243,7,8690,2014,16137.0,753658.0,-1.2829190000000001,-1.227373,YEM,ARE,820712
3801264,246,7,8690,2014,3375710.0,80252.0,0.282927,1.723214,ZAF,ARE,820712
3801265,247,7,8690,2014,0.0,1418.0,-0.664089,-0.793452,ZMB,ARE,820712
3801266,248,7,8690,2014,0.0,2900.0,-0.821369,-0.864232,ZWE,ARE,820712
3801267,249,7,8690,2014,13975.0,0.0,1.9044189999999999,1.0595139999999998,TWN,ARE,820712
3801268,250,7,8690,2014,0.0,235086.0,0.506842,0.049545,ANS,ARE,820712
3801269,7,8,8690,2014,8538.0,35042.0,0.087775,-0.289459,ARE,ARG,820712
3801270,14,8,8690,2014,84224.0,25074.0,-0.398273,-0.17128,AUS,ARG,820712
3801271,15,8,8690,2014,394018.0,0.0,1.7116790000000002,-0.140232,AUT,ARG,820712
3801272,18,8,8690,2014,7141.0,8428.0,1.234156,1.226441,BEL,ARG,820712
3801273,31,8,8690,2014,226118.0,95618.0,-1.129494,-1.030198,BOL,ARG,820712
3801274,32,8,8690,2014,699307.0,51480.0,0.218223,0.556921,BRA,ARG,820712
3801275,39,8,8690,2014,213141.0,61680.0,0.671395,1.024683,CAN,ARG,820712
3801276,42,8,8690,2014,856391.0,1147403.0,-0.344671,-0.43380799999999997,CHL,ARG,820712
3801277,43,8,8690,2014,835885.0,33606.0,1.187557,1.222085,CHN,ARG,820712
3801278,49,8,8690,2014,114082.0,312327.0,0.19864500000000002,-0.378364,COL,ARG,820712
3801279,61,8,8690,2014,173503.0,0.0,2.052849,-2.888805,DEU,ARG,820712
3801280,67,8,8690,2014,23549.0,0.0,-1.066865,-1.052921,ECU,ARG,820712
3801281,71,8,8690,2014,10900.0,0.0,0.842147,2.45692,ESP,ARG,820712
3801282,74,8,8690,2014,47478.0,0.0,1.626355,1.002923,FIN,ARG,820712
3801283,77,8,8690,2014,895.0,0.0,1.4817790000000002,0.30995,FRA,ARG,820712
3801284,81,8,8690,2014,676377.0,0.0,1.697964,0.585372,GBR,ARG,820712
3801285,100,8,8690,2014,8540.0,0.0,0.804401,1.250807,HRV,ARG,820712
3801286,103,8,8690,2014,48728.0,0.0,-0.088032,1.3966459999999998,IDN,ARG,820712
3801287,104,8,8690,2014,309061.0,0.0,0.262042,2.6305080000000003,IND,ARG,820712
3801288,106,8,8690,2014,476127.0,0.0,1.2658399999999999,0.278546,IRL,ARG,820712
3801289,111,8,8690,2014,632863.0,0.0,1.340136,0.43931099999999995,ITA,ARG,820712
3801290,114,8,8690,2014,4237.0,0.0,2.403165,-0.635024,JPN,ARG,820712
3801291,121,8,8690,2014,7129.0,0.0,1.817145,0.8394530000000001,KOR,ARG,820712
3801292,138,8,8690,2014,141687.0,19422.0,1.0799729999999998,0.697554,MEX,ARG,820712
3801293,159,8,8690,2014,0.0,12505.0,-1.2126430000000001,-1.059697,NGA,ARG,820712
3801294,162,8,8690,2014,147010.0,11482.0,1.179325,1.355071,NLD,ARG,820712
3801295,163,8,8690,2014,838997.0,0.0,0.9187049999999999,0.182685,NOR,ARG,820712
3801296,167,8,8690,2014,33490.0,2852.0,-0.505129,-1.0051370000000002,OMN,ARG,820712
3801297,173,8,8690,2014,84262.0,51915.0,-0.557833,0.611826,PER,ARG,820712
3801298,177,8,8690,2014,6455.0,0.0,1.133102,1.177165,POL,ARG,820712
3801299,180,8,8690,2014,9371.0,28923.0,-0.608509,-0.930679,PRY,ARG,820712
3801300,186,8,8690,2014,333237.0,18517.0,0.229422,-0.214856,RUS,ARG,820712
3801301,188,8,8690,2014,117913.0,73457.0,0.5758439999999999,-0.832692,SAU,ARG,820712
3801302,192,8,8690,2014,293333.0,12393.0,1.867492,0.626736,SGP,ARG,820712
3801303,208,8,8690,2014,19729.0,1747.0,1.817752,0.558474,SWE,ARG,820712
3801304,216,8,8690,2014,5948.0,0.0,0.977094,1.41283,THA,ARG,820712
3801305,224,8,8690,2014,0.0,16896.0,0.554761,2.385693,TUR,ARG,820712
3801306,228,8,8690,2014,56115.0,0.0,0.566535,0.832267,UKR,ARG,820712
3801307,230,8,8690,2014,0.0,4192.0,0.154034,-0.380899,URY,ARG,820712
3801308,231,8,8690,2014,22316466.0,169953.0,1.61227,0.068905,USA,ARG,820712
3801309,236,8,8690,2014,34042.0,1992.0,-0.582086,-1.081727,VEN,ARG,820712
3801310,239,8,8690,2014,29923.0,0.0,-0.023765,1.344416,VNM,ARG,820712
3801311,246,8,8690,2014,63610.0,5750.0,0.282927,1.723214,ZAF,ARG,820712
3801312,2,15,8690,2014,0.0,2540.0,-1.8184900000000002,-1.149191,AGO,AUT,820712
3801313,4,15,8690,2014,59075.0,0.0,-0.476024,-0.33978400000000003,ALB,AUT,820712
3801314,7,15,8690,2014,142933.0,31151.0,0.087775,-0.289459,ARE,AUT,820712
3801315,8,15,8690,2014,0.0,394018.0,0.10691500000000001,0.44860600000000006,ARG,AUT,820712
3801316,14,15,8690,2014,11362.0,291777.0,-0.398273,-0.17128,AUS,AUT,820712
3801317,16,15,8690,2014,0.0,7049.0,-0.909508,-1.165158,AZE,AUT,820712
3801318,18,15,8690,2014,18618.0,102117.0,1.234156,1.226441,BEL,AUT,820712
3801319,21,15,8690,2014,0.0,5491.0,-0.922401,-0.9554379999999999,BFA,AUT,820712
3801320,23,15,8690,2014,221487.0,133623.0,0.579058,1.6558110000000001,BGR,AUT,820712
3801321,24,15,8690,2014,0.0,55517.0,0.460168,-0.41671099999999994,BHR,AUT,820712
3801322,26,15,8690,2014,1650.0,33269.0,0.5083300000000001,0.711704,BIH,AUT,820712
3801323,31,15,8690,2014,0.0,26608.0,-1.129494,-1.030198,BOL,AUT,820712
3801324,32,15,8690,2014,0.0,18213.0,0.218223,0.556921,BRA,AUT,820712
3801325,34,15,8690,2014,0.0,2318.0,0.191357,-0.683567,BRN,AUT,820712
3801326,39,15,8690,2014,80869.0,176335.0,0.671395,1.024683,CAN,AUT,820712
3801327,41,15,8690,2014,76043.0,509561.0,2.2000919999999997,0.65398,CHE,AUT,820712
3801328,42,15,8690,2014,0.0,220508.0,-0.344671,-0.43380799999999997,CHL,AUT,820712
3801329,43,15,8690,2014,883212.0,93357.0,1.187557,1.222085,CHN,AUT,820712
3801330,44,15,8690,2014,0.0,8943.0,-0.737625,-0.768728,CIV,AUT,820712
3801331,49,15,8690,2014,0.0,24155.0,0.19864500000000002,-0.378364,COL,AUT,820712
3801332,52,15,8690,2014,0.0,14755.0,0.065938,-0.687971,CRI,AUT,820712
3801333,58,15,8690,2014,0.0,1454.0,0.627467,0.483725,CYP,AUT,820712
3801334,59,15,8690,2014,38009.0,586071.0,1.8105830000000003,0.131131,CZE,AUT,820712
3801335,61,15,8690,2014,14689255.0,9449792.0,2.052849,-2.888805,DEU,AUT,820712
3801336,64,15,8690,2014,0.0,1394.0,1.10869,1.245193,DNK,AUT,820712
3801337,66,15,8690,2014,0.0,93334.0,-1.5554649999999999,-1.1657030000000002,DZA,AUT,820712
3801338,67,15,8690,2014,0.0,18794.0,-1.066865,-1.052921,ECU,AUT,820712
3801339,68,15,8690,2014,0.0,17669.0,-0.086866,1.7419669999999998,EGY,AUT,820712
3801340,71,15,8690,2014,6611.0,728788.0,0.842147,2.45692,ESP,AUT,820712
3801341,72,15,8690,2014,0.0,5927.0,0.9147780000000001,1.151556,EST,AUT,820712
3801342,74,15,8690,2014,11103.0,13928.0,1.626355,1.002923,FIN,AUT,820712
3801343,75,15,8690,2014,0.0,7690.0,-0.306346,-0.07688500000000001,FJI,AUT,820712
3801344,77,15,8690,2014,93565.0,1159462.0,1.4817790000000002,0.30995,FRA,AUT,820712
3801345,81,15,8690,2014,114984.0,62337.0,1.697964,0.585372,GBR,AUT,820712
3801346,82,15,8690,2014,0.0,9721.0,-0.254106,-0.646584,GEO,AUT,820712
3801347,89,15,8690,2014,0.0,222207.0,-2.043516,-0.844701,GNQ,AUT,820712
3801348,90,15,8690,2014,3741.0,29350.0,0.149337,0.8560540000000001,GRC,AUT,820712
3801349,97,15,8690,2014,0.0,23822.0,0.812132,1.722493,HKG,AUT,820712
3801350,100,15,8690,2014,46698.0,82165.0,0.804401,1.250807,HRV,AUT,820712
3801351,102,15,8690,2014,8805.0,9891.0,1.477093,0.812869,HUN,AUT,820712
3801352,103,15,8690,2014,0.0,2501.0,-0.088032,1.3966459999999998,IDN,AUT,820712
3801353,104,15,8690,2014,1774.0,22159.0,0.262042,2.6305080000000003,IND,AUT,820712
3801354,106,15,8690,2014,1158637.0,2796.0,1.2658399999999999,0.278546,IRL,AUT,820712
3801355,107,15,8690,2014,0.0,62284.0,-0.361058,-0.312743,IRN,AUT,820712
3801356,109,15,8690,2014,0.0,2958.0,0.127891,-0.302014,ISL,AUT,820712
3801357,110,15,8690,2014,0.0,65840.0,1.211141,0.64523,ISR,AUT,820712
3801358,111,15,8690,2014,63390.0,2444953.0,1.340136,0.43931099999999995,ITA,AUT,820712
3801359,114,15,8690,2014,343317.0,0.0,2.403165,-0.635024,JPN,AUT,820712
3801360,115,15,8690,2014,0.0,124692.0,-0.210431,-0.574075,KAZ,AUT,820712
3801361,116,15,8690,2014,0.0,8886.0,-0.487058,0.307288,KEN,AUT,820712
3801362,121,15,8690,2014,13685.0,2228.0,1.817145,0.8394530000000001,KOR,AUT,820712
3801363,122,15,8690,2014,0.0,14201.0,-0.769616,-1.10667,KWT,AUT,820712
3801364,124,15,8690,2014,0.0,20168.0,0.308677,1.7564490000000001,LBN,AUT,820712
3801365,128,15,8690,2014,0.0,29071.0,-0.49366899999999997,0.338686,LKA,AUT,820712
3801366,130,15,8690,2014,0.0,13948.0,0.764495,1.3451540000000002,LTU,AUT,820712
3801367,131,15,8690,2014,6539.0,20337.0,1.243845,1.155474,LUX,AUT,820712
3801368,132,15,8690,2014,0.0,47594.0,0.613116,1.1899790000000001,LVA,AUT,820712
3801369,134,15,8690,2014,0.0,41822.0,-0.574034,0.065788,MAR,AUT,820712
3801370,136,15,8690,2014,0.0,1711.0,-1.002122,-0.44446,MDG,AUT,820712
3801371,138,15,8690,2014,22285.0,234912.0,1.0799729999999998,0.697554,MEX,AUT,820712
3801372,140,15,8690,2014,37477.0,21230.0,-0.039799,-0.05545,MKD,AUT,820712
3801373,141,15,8690,2014,0.0,7929.0,-1.199063,-1.05497,MLI,AUT,820712
3801374,144,15,8690,2014,0.0,3112.0,-0.17039100000000001,-0.21762399999999998,MNE,AUT,820712
3801375,145,15,8690,2014,0.0,7333.0,-1.425524,-1.161949,MNG,AUT,820712
3801376,153,15,8690,2014,0.0,43718.0,1.018138,0.774649,MYS,AUT,820712
3801377,156,15,8690,2014,0.0,963.0,-0.509789,-0.767484,NCL,AUT,820712
3801378,159,15,8690,2014,0.0,81016.0,-1.2126430000000001,-1.059697,NGA,AUT,820712
3801379,162,15,8690,2014,1125718.0,46090.0,1.179325,1.355071,NLD,AUT,820712
3801380,163,15,8690,2014,21321.0,200710.0,0.9187049999999999,0.182685,NOR,AUT,820712
3801381,166,15,8690,2014,0.0,27143.0,0.272502,0.21628699999999998,NZL,AUT,820712
3801382,167,15,8690,2014,0.0,25269.0,-0.505129,-1.0051370000000002,OMN,AUT,820712
3801383,168,15,8690,2014,0.0,43528.0,-0.672924,0.566787,PAK,AUT,820712
3801384,169,15,8690,2014,0.0,140541.0,0.771742,0.9873190000000001,PAN,AUT,820712
3801385,173,15,8690,2014,630.0,146404.0,-0.557833,0.611826,PER,AUT,820712
3801386,174,15,8690,2014,0.0,112334.0,0.637442,0.475883,PHL,AUT,820712
3801387,176,15,8690,2014,0.0,12978.0,-1.564904,-1.146255,PNG,AUT,820712
3801388,177,15,8690,2014,198064.0,422784.0,1.133102,1.177165,POL,AUT,820712
3801389,179,15,8690,2014,0.0,75721.0,0.621053,2.349644,PRT,AUT,820712
3801390,183,15,8690,2014,0.0,2014.0,-0.37535599999999997,-1.0196370000000001,QAT,AUT,820712
3801391,185,15,8690,2014,96559.0,161486.0,0.9112,1.188161,ROU,AUT,820712
3801392,186,15,8690,2014,0.0,25351.0,0.229422,-0.214856,RUS,AUT,820712
3801393,188,15,8690,2014,0.0,78857.0,0.5758439999999999,-0.832692,SAU,AUT,820712
3801394,192,15,8690,2014,0.0,262738.0,1.867492,0.626736,SGP,AUT,820712
3801395,201,15,8690,2014,0.0,23173.0,0.551635,1.211535,SRB,AUT,820712
3801396,206,15,8690,2014,0.0,152829.0,1.334959,0.821253,SVK,AUT,820712
3801397,207,15,8690,2014,2515522.0,221281.0,1.6558669999999998,0.6814399999999999,SVN,AUT,820712
3801398,208,15,8690,2014,10083.0,1199500.0,1.817752,0.558474,SWE,AUT,820712
3801399,216,15,8690,2014,3888.0,15329.0,0.977094,1.41283,THA,AUT,820712
3801400,223,15,8690,2014,0.0,33758.0,0.343449,1.118007,TUN,AUT,820712
3801401,224,15,8690,2014,14835.0,900978.0,0.554761,2.385693,TUR,AUT,820712
3801402,228,15,8690,2014,0.0,95906.0,0.566535,0.832267,UKR,AUT,820712
3801403,230,15,8690,2014,0.0,81040.0,0.154034,-0.380899,URY,AUT,820712
3801404,231,15,8690,2014,1518231.0,842617.0,1.61227,0.068905,USA,AUT,820712
3801405,232,15,8690,2014,0.0,20478.0,-0.407623,-0.37150700000000003,UZB,AUT,820712
3801406,239,15,8690,2014,0.0,1508.0,-0.023765,1.344416,VNM,AUT,820712
3801407,246,15,8690,2014,69093.0,290030.0,0.282927,1.723214,ZAF,AUT,820712
3801408,249,15,8690,2014,0.0,13020.0,1.9044189999999999,1.0595139999999998,TWN,AUT,820712
3801409,2,18,8690,2014,0.0,1035128.0,-1.8184900000000002,-1.149191,AGO,BEL,820712
3801410,7,18,8690,2014,0.0,374819.0,0.087775,-0.289459,ARE,BEL,820712
3801411,8,18,8690,2014,8428.0,7141.0,0.10691500000000001,0.44860600000000006,ARG,BEL,820712
3801412,9,18,8690,2014,1712.0,0.0,-0.198322,-0.5918680000000001,ARM,BEL,820712
3801413,14,18,8690,2014,87366.0,678390.0,-0.398273,-0.17128,AUS,BEL,820712
3801414,15,18,8690,2014,102117.0,18618.0,1.7116790000000002,-0.140232,AUT,BEL,820712
3801415,16,18,8690,2014,80078.0,1077735.0,-0.909508,-1.165158,AZE,BEL,820712
3801416,19,18,8690,2014,0.0,5000.0,-0.342225,-0.618789,BEN,BEL,820712
3801417,21,18,8690,2014,2648.0,278964.0,-0.922401,-0.9554379999999999,BFA,BEL,820712
3801418,23,18,8690,2014,0.0,21095.0,0.579058,1.6558110000000001,BGR,BEL,820712
3801419,24,18,8690,2014,0.0,365971.0,0.460168,-0.41671099999999994,BHR,BEL,820712
3801420,26,18,8690,2014,0.0,11634.0,0.5083300000000001,0.711704,BIH,BEL,820712
3801421,28,18,8690,2014,0.0,13678.0,0.874108,0.676231,BLR,BEL,820712
3801422,31,18,8690,2014,0.0,49870.0,-1.129494,-1.030198,BOL,BEL,820712
3801423,32,18,8690,2014,0.0,249197.0,0.218223,0.556921,BRA,BEL,820712
3801424,34,18,8690,2014,0.0,129862.0,0.191357,-0.683567,BRN,BEL,820712
3801425,37,18,8690,2014,0.0,6478.0,-0.60221,-1.104578,BWA,BEL,820712
3801426,39,18,8690,2014,160716.0,253651.0,0.671395,1.024683,CAN,BEL,820712
3801427,41,18,8690,2014,3737.0,90284.0,2.2000919999999997,0.65398,CHE,BEL,820712
3801428,42,18,8690,2014,63244.0,22062.0,-0.344671,-0.43380799999999997,CHL,BEL,820712
3801429,43,18,8690,2014,3466328.0,249300.0,1.187557,1.222085,CHN,BEL,820712
3801430,44,18,8690,2014,0.0,194075.0,-0.737625,-0.768728,CIV,BEL,820712
3801431,45,18,8690,2014,0.0,273265.0,-0.6723520000000001,-0.945084,CMR,BEL,820712
3801432,46,18,8690,2014,0.0,85919.0,-1.6680240000000002,-1.1265129999999999,COD,BEL,820712
3801433,47,18,8690,2014,2787.0,270922.0,-1.371624,-1.12468,COG,BEL,820712
3801434,49,18,8690,2014,24693.0,713303.0,0.19864500000000002,-0.378364,COL,BEL,820712
3801435,52,18,8690,2014,0.0,9126.0,0.065938,-0.687971,CRI,BEL,820712
3801436,58,18,8690,2014,0.0,3767.0,0.627467,0.483725,CYP,BEL,820712
3801437,59,18,8690,2014,1138.0,224155.0,1.8105830000000003,0.131131,CZE,BEL,820712
3801438,61,18,8690,2014,6391230.0,767607.0,2.052849,-2.888805,DEU,BEL,820712
3801439,64,18,8690,2014,0.0,120793.0,1.10869,1.245193,DNK,BEL,820712
3801440,66,18,8690,2014,0.0,1001735.0,-1.5554649999999999,-1.1657030000000002,DZA,BEL,820712
3801441,67,18,8690,2014,70959.0,140608.0,-1.066865,-1.052921,ECU,BEL,820712
3801442,68,18,8690,2014,121356.0,465313.0,-0.086866,1.7419669999999998,EGY,BEL,820712
3801443,71,18,8690,2014,137142.0,167313.0,0.842147,2.45692,ESP,BEL,820712
3801444,74,18,8690,2014,3151.0,182021.0,1.626355,1.002923,FIN,BEL,820712
3801445,77,18,8690,2014,239619.0,514797.0,1.4817790000000002,0.30995,FRA,BEL,820712
3801446,80,18,8690,2014,0.0,357157.0,-1.625474,-1.135973,GAB,BEL,820712
3801447,81,18,8690,2014,174636.0,974531.0,1.697964,0.585372,GBR,BEL,820712
3801448,82,18,8690,2014,0.0,1491.0,-0.254106,-0.646584,GEO,BEL,820712
3801449,83,18,8690,2014,0.0,9460.0,-1.130226,-0.9909379999999999,GHA,BEL,820712
3801450,85,18,8690,2014,0.0,192190.0,-1.628409,-1.202473,GIN,BEL,820712
3801451,89,18,8690,2014,0.0,132693.0,-2.043516,-0.844701,GNQ,BEL,820712
3801452,90,18,8690,2014,0.0,4181.0,0.149337,0.8560540000000001,GRC,BEL,820712
3801453,93,18,8690,2014,0.0,134433.0,-0.36547199999999996,0.548894,GTM,BEL,820712
3801454,97,18,8690,2014,9829.0,7649.0,0.812132,1.722493,HKG,BEL,820712
3801455,100,18,8690,2014,1904.0,1893.0,0.804401,1.250807,HRV,BEL,820712
3801456,102,18,8690,2014,10423.0,29892.0,1.477093,0.812869,HUN,BEL,820712
3801457,103,18,8690,2014,28042.0,167038.0,-0.088032,1.3966459999999998,IDN,BEL,820712
3801458,104,18,8690,2014,5945.0,598051.0,0.262042,2.6305080000000003,IND,BEL,820712
3801459,106,18,8690,2014,0.0,205574.0,1.2658399999999999,0.278546,IRL,BEL,820712
3801460,107,18,8690,2014,0.0,1207.0,-0.361058,-0.312743,IRN,BEL,820712
3801461,108,18,8690,2014,15853.0,64875.0,-2.9169,-0.882023,IRQ,BEL,820712
3801462,110,18,8690,2014,1913.0,20521.0,1.211141,0.64523,ISR,BEL,820712
3801463,111,18,8690,2014,747935.0,834466.0,1.340136,0.43931099999999995,ITA,BEL,820712
3801464,113,18,8690,2014,0.0,148044.0,0.210208,0.48732299999999995,JOR,BEL,820712
3801465,114,18,8690,2014,10053.0,38696.0,2.403165,-0.635024,JPN,BEL,820712
3801466,115,18,8690,2014,228322.0,27013.0,-0.210431,-0.574075,KAZ,BEL,820712
3801467,116,18,8690,2014,0.0,233734.0,-0.487058,0.307288,KEN,BEL,820712
3801468,121,18,8690,2014,70784.0,12137.0,1.817145,0.8394530000000001,KOR,BEL,820712
3801469,123,18,8690,2014,0.0,57115.0,-1.054294,-0.869916,LAO,BEL,820712
3801470,124,18,8690,2014,0.0,5102.0,0.308677,1.7564490000000001,LBN,BEL,820712
3801471,126,18,8690,2014,58489.0,435479.0,-1.5943829999999999,-1.189961,LBY,BEL,820712
3801472,130,18,8690,2014,2542.0,8634.0,0.764495,1.3451540000000002,LTU,BEL,820712
3801473,131,18,8690,2014,2573.0,20243.0,1.243845,1.155474,LUX,BEL,820712
3801474,134,18,8690,2014,2763.0,5552.0,-0.574034,0.065788,MAR,BEL,820712
3801475,136,18,8690,2014,0.0,14354.0,-1.002122,-0.44446,MDG,BEL,820712
3801476,138,18,8690,2014,0.0,2141078.0,1.0799729999999998,0.697554,MEX,BEL,820712
3801477,140,18,8690,2014,0.0,5087.0,-0.039799,-0.05545,MKD,BEL,820712
3801478,143,18,8690,2014,0.0,67598.0,-1.5332459999999999,-1.145973,MMR,BEL,820712
3801479,147,18,8690,2014,0.0,189080.0,-1.1993610000000001,-1.040181,MOZ,BEL,820712
3801480,148,18,8690,2014,0.0,1902206.0,-1.458551,-1.225373,MRT,BEL,820712
3801481,153,18,8690,2014,151333.0,464944.0,1.018138,0.774649,MYS,BEL,820712
3801482,155,18,8690,2014,0.0,3832.0,-0.428227,-0.5632229999999999,NAM,BEL,820712
3801483,159,18,8690,2014,0.0,105113.0,-1.2126430000000001,-1.059697,NGA,BEL,820712
3801484,162,18,8690,2014,3182922.0,1875626.0,1.179325,1.355071,NLD,BEL,820712
3801485,163,18,8690,2014,1939498.0,7883740.0,0.9187049999999999,0.182685,NOR,BEL,820712
3801486,166,18,8690,2014,2887.0,1266.0,0.272502,0.21628699999999998,NZL,BEL,820712
3801487,167,18,8690,2014,0.0,243209.0,-0.505129,-1.0051370000000002,OMN,BEL,820712
3801488,168,18,8690,2014,0.0,103718.0,-0.672924,0.566787,PAK,BEL,820712
3801489,173,18,8690,2014,29372.0,1599.0,-0.557833,0.611826,PER,BEL,820712
3801490,174,18,8690,2014,0.0,167121.0,0.637442,0.475883,PHL,BEL,820712
3801491,177,18,8690,2014,5129.0,508900.0,1.133102,1.177165,POL,BEL,820712
3801492,179,18,8690,2014,1747.0,50027.0,0.621053,2.349644,PRT,BEL,820712
3801493,183,18,8690,2014,0.0,287855.0,-0.37535599999999997,-1.0196370000000001,QAT,BEL,820712
3801494,185,18,8690,2014,1299.0,191243.0,0.9112,1.188161,ROU,BEL,820712
3801495,186,18,8690,2014,3765.0,489037.0,0.229422,-0.214856,RUS,BEL,820712
3801496,187,18,8690,2014,0.0,4184.0,-0.5692659999999999,-0.447859,RWA,BEL,820712
3801497,188,18,8690,2014,0.0,444108.0,0.5758439999999999,-0.832692,SAU,BEL,820712
3801498,191,18,8690,2014,0.0,681762.0,-0.502607,-0.08866,SEN,BEL,820712
3801499,192,18,8690,2014,265166.0,4582897.0,1.867492,0.626736,SGP,BEL,820712
3801500,201,18,8690,2014,0.0,69317.0,0.551635,1.211535,SRB,BEL,820712
3801501,206,18,8690,2014,0.0,22486.0,1.334959,0.821253,SVK,BEL,820712
3801502,207,18,8690,2014,0.0,1955.0,1.6558669999999998,0.6814399999999999,SVN,BEL,820712
3801503,208,18,8690,2014,0.0,58916.0,1.817752,0.558474,SWE,BEL,820712
3801504,216,18,8690,2014,0.0,36686.0,0.977094,1.41283,THA,BEL,820712
3801505,222,18,8690,2014,0.0,34873.0,-0.57362,-1.117545,TTO,BEL,820712
3801506,223,18,8690,2014,0.0,222705.0,0.343449,1.118007,TUN,BEL,820712
3801507,224,18,8690,2014,26503.0,94955.0,0.554761,2.385693,TUR,BEL,820712
3801508,226,18,8690,2014,0.0,7528.0,-1.054331,0.166345,TZA,BEL,820712
3801509,228,18,8690,2014,0.0,68502.0,0.566535,0.832267,UKR,BEL,820712
3801510,231,18,8690,2014,3660704.0,5753092.0,1.61227,0.068905,USA,BEL,820712
3801511,236,18,8690,2014,0.0,1024957.0,-0.582086,-1.081727,VEN,BEL,820712
3801512,239,18,8690,2014,35001.0,172895.0,-0.023765,1.344416,VNM,BEL,820712
3801513,246,18,8690,2014,20902.0,155312.0,0.282927,1.723214,ZAF,BEL,820712
3801514,247,18,8690,2014,0.0,16694.0,-0.664089,-0.793452,ZMB,BEL,820712
3801515,249,18,8690,2014,20364.0,2389.0,1.9044189999999999,1.0595139999999998,TWN,BEL,820712
3801516,43,25,8690,2014,2065.0,0.0,1.187557,1.222085,CHN,BHS,820712
3801517,231,25,8690,2014,87587.0,85234.0,1.61227,0.068905,USA,BHS,820712
3801518,250,25,8690,2014,3023.0,0.0,0.506842,0.049545,ANS,BHS,820712
3801519,2,32,8690,2014,0.0,561746.0,-1.8184900000000002,-1.149191,AGO,BRA,820712
3801520,7,32,8690,2014,7076.0,111267.0,0.087775,-0.289459,ARE,BRA,820712
3801521,8,32,8690,2014,51480.0,699307.0,0.10691500000000001,0.44860600000000006,ARG,BRA,820712
3801522,14,32,8690,2014,252796.0,43009.0,-0.398273,-0.17128,AUS,BRA,820712
3801523,15,32,8690,2014,18213.0,0.0,1.7116790000000002,-0.140232,AUT,BRA,820712
3801524,16,32,8690,2014,0.0,4178.0,-0.909508,-1.165158,AZE,BRA,820712
3801525,18,32,8690,2014,249197.0,0.0,1.234156,1.226441,BEL,BRA,820712
3801526,31,32,8690,2014,0.0,164564.0,-1.129494,-1.030198,BOL,BRA,820712
3801527,34,32,8690,2014,0.0,43894.0,0.191357,-0.683567,BRN,BRA,820712
3801528,39,32,8690,2014,2351340.0,384360.0,0.671395,1.024683,CAN,BRA,820712
3801529,41,32,8690,2014,27893.0,0.0,2.2000919999999997,0.65398,CHE,BRA,820712
3801530,42,32,8690,2014,1287580.0,395769.0,-0.344671,-0.43380799999999997,CHL,BRA,820712
3801531,43,32,8690,2014,5117169.0,14735.0,1.187557,1.222085,CHN,BRA,820712
3801532,44,32,8690,2014,0.0,56977.0,-0.737625,-0.768728,CIV,BRA,820712
3801533,46,32,8690,2014,0.0,1189.0,-1.6680240000000002,-1.1265129999999999,COD,BRA,820712
3801534,47,32,8690,2014,0.0,66146.0,-1.371624,-1.12468,COG,BRA,820712
3801535,49,32,8690,2014,51798.0,488886.0,0.19864500000000002,-0.378364,COL,BRA,820712
3801536,52,32,8690,2014,7750.0,6089.0,0.065938,-0.687971,CRI,BRA,820712
3801537,54,32,8690,2014,0.0,3795.0,-0.476786,-0.952291,CUB,BRA,820712
3801538,55,32,8690,2014,1746.0,0.0,-0.00902,-0.683643,CUW,BRA,820712
3801539,59,32,8690,2014,1079.0,0.0,1.8105830000000003,0.131131,CZE,BRA,820712
3801540,61,32,8690,2014,462587.0,75401.0,2.052849,-2.888805,DEU,BRA,820712
3801541,64,32,8690,2014,11327.0,0.0,1.10869,1.245193,DNK,BRA,820712
3801542,65,32,8690,2014,0.0,6200.0,-0.180845,0.508512,DOM,BRA,820712
3801543,66,32,8690,2014,54369.0,267593.0,-1.5554649999999999,-1.1657030000000002,DZA,BRA,820712
3801544,67,32,8690,2014,0.0,378105.0,-1.066865,-1.052921,ECU,BRA,820712
3801545,68,32,8690,2014,0.0,62070.0,-0.086866,1.7419669999999998,EGY,BRA,820712
3801546,71,32,8690,2014,224785.0,727408.0,0.842147,2.45692,ESP,BRA,820712
3801547,74,32,8690,2014,64961.0,0.0,1.626355,1.002923,FIN,BRA,820712
3801548,77,32,8690,2014,329206.0,5166.0,1.4817790000000002,0.30995,FRA,BRA,820712
3801549,80,32,8690,2014,0.0,47051.0,-1.625474,-1.135973,GAB,BRA,820712
3801550,81,32,8690,2014,769538.0,21652.0,1.697964,0.585372,GBR,BRA,820712
3801551,83,32,8690,2014,0.0,47798.0,-1.130226,-0.9909379999999999,GHA,BRA,820712
3801552,89,32,8690,2014,0.0,94822.0,-2.043516,-0.844701,GNQ,BRA,820712
3801553,93,32,8690,2014,0.0,5232.0,-0.36547199999999996,0.548894,GTM,BRA,820712
3801554,96,32,8690,2014,0.0,4773.0,-1.068777,-1.038227,GUY,BRA,820712
3801555,99,32,8690,2014,0.0,1167.0,-0.467004,0.045511,HND,BRA,820712
3801556,100,32,8690,2014,58288.0,74790.0,0.804401,1.250807,HRV,BRA,820712
3801557,103,32,8690,2014,0.0,23457.0,-0.088032,1.3966459999999998,IDN,BRA,820712
3801558,104,32,8690,2014,1895775.0,141409.0,0.262042,2.6305080000000003,IND,BRA,820712
3801559,106,32,8690,2014,7589.0,0.0,1.2658399999999999,0.278546,IRL,BRA,820712
3801560,108,32,8690,2014,0.0,4235.0,-2.9169,-0.882023,IRQ,BRA,820712
3801561,110,32,8690,2014,1223.0,0.0,1.211141,0.64523,ISR,BRA,820712
3801562,111,32,8690,2014,847022.0,0.0,1.340136,0.43931099999999995,ITA,BRA,820712
3801563,114,32,8690,2014,688781.0,0.0,2.403165,-0.635024,JPN,BRA,820712
3801564,121,32,8690,2014,466379.0,0.0,1.817145,0.8394530000000001,KOR,BRA,820712
3801565,122,32,8690,2014,0.0,9973.0,-0.769616,-1.10667,KWT,BRA,820712
3801566,123,32,8690,2014,0.0,7507.0,-1.054294,-0.869916,LAO,BRA,820712
3801567,126,32,8690,2014,0.0,17897.0,-1.5943829999999999,-1.189961,LBY,BRA,820712
3801568,138,32,8690,2014,1644217.0,564152.0,1.0799729999999998,0.697554,MEX,BRA,820712
3801569,147,32,8690,2014,0.0,1393.0,-1.1993610000000001,-1.040181,MOZ,BRA,820712
3801570,159,32,8690,2014,0.0,47606.0,-1.2126430000000001,-1.059697,NGA,BRA,820712
3801571,162,32,8690,2014,67067.0,143799.0,1.179325,1.355071,NLD,BRA,820712
3801572,163,32,8690,2014,47972.0,24574.0,0.9187049999999999,0.182685,NOR,BRA,820712
3801573,166,32,8690,2014,2048.0,5960.0,0.272502,0.21628699999999998,NZL,BRA,820712
3801574,168,32,8690,2014,0.0,59808.0,-0.672924,0.566787,PAK,BRA,820712
3801575,169,32,8690,2014,0.0,135314.0,0.771742,0.9873190000000001,PAN,BRA,820712
3801576,173,32,8690,2014,302734.0,189474.0,-0.557833,0.611826,PER,BRA,820712
3801577,177,32,8690,2014,1584.0,0.0,1.133102,1.177165,POL,BRA,820712
3801578,179,32,8690,2014,854476.0,0.0,0.621053,2.349644,PRT,BRA,820712
3801579,180,32,8690,2014,0.0,51192.0,-0.608509,-0.930679,PRY,BRA,820712
3801580,183,32,8690,2014,0.0,1728.0,-0.37535599999999997,-1.0196370000000001,QAT,BRA,820712
3801581,185,32,8690,2014,0.0,1348.0,0.9112,1.188161,ROU,BRA,820712
3801582,186,32,8690,2014,0.0,14716.0,0.229422,-0.214856,RUS,BRA,820712
3801583,188,32,8690,2014,0.0,6485.0,0.5758439999999999,-0.832692,SAU,BRA,820712
3801584,191,32,8690,2014,0.0,8374.0,-0.502607,-0.08866,SEN,BRA,820712
3801585,192,32,8690,2014,241598.0,77959.0,1.867492,0.626736,SGP,BRA,820712
3801586,208,32,8690,2014,528371.0,393070.0,1.817752,0.558474,SWE,BRA,820712
3801587,216,32,8690,2014,92585.0,0.0,0.977094,1.41283,THA,BRA,820712
3801588,222,32,8690,2014,0.0,19536.0,-0.57362,-1.117545,TTO,BRA,820712
3801589,223,32,8690,2014,0.0,51086.0,0.343449,1.118007,TUN,BRA,820712
3801590,224,32,8690,2014,5217.0,112538.0,0.554761,2.385693,TUR,BRA,820712
3801591,228,32,8690,2014,8064.0,0.0,0.566535,0.832267,UKR,BRA,820712
3801592,230,32,8690,2014,0.0,22397.0,0.154034,-0.380899,URY,BRA,820712
3801593,231,32,8690,2014,21200190.0,2519568.0,1.61227,0.068905,USA,BRA,820712
3801594,236,32,8690,2014,0.0,97776.0,-0.582086,-1.081727,VEN,BRA,820712
3801595,239,32,8690,2014,8341.0,2071.0,-0.023765,1.344416,VNM,BRA,820712
3801596,246,32,8690,2014,205179.0,16288.0,0.282927,1.723214,ZAF,BRA,820712
3801597,249,32,8690,2014,69671.0,0.0,1.9044189999999999,1.0595139999999998,TWN,BRA,820712
3801598,61,33,8690,2014,1669.0,0.0,2.052849,-2.888805,DEU,BRB,820712
3801599,81,33,8690,2014,5621.0,0.0,1.697964,0.585372,GBR,BRB,820712
3801600,231,33,8690,2014,33657.0,0.0,1.61227,0.068905,USA,BRB,820712
3801601,2,39,8690,2014,0.0,24879.0,-1.8184900000000002,-1.149191,AGO,CAN,820712
3801602,4,39,8690,2014,15354.0,1624813.0,-0.476024,-0.33978400000000003,ALB,CAN,820712
3801603,7,39,8690,2014,808745.0,929345.0,0.087775,-0.289459,ARE,CAN,820712
3801604,8,39,8690,2014,61680.0,213141.0,0.10691500000000001,0.44860600000000006,ARG,CAN,820712
3801605,9,39,8690,2014,8126.0,30698.0,-0.198322,-0.5918680000000001,ARM,CAN,820712
3801606,14,39,8690,2014,782284.0,7326553.0,-0.398273,-0.17128,AUS,CAN,820712
3801607,15,39,8690,2014,176335.0,80869.0,1.7116790000000002,-0.140232,AUT,CAN,820712
3801608,16,39,8690,2014,0.0,12640.0,-0.909508,-1.165158,AZE,CAN,820712
3801609,18,39,8690,2014,253651.0,160716.0,1.234156,1.226441,BEL,CAN,820712
3801610,19,39,8690,2014,0.0,4234.0,-0.342225,-0.618789,BEN,CAN,820712
3801611,21,39,8690,2014,0.0,603732.0,-0.922401,-0.9554379999999999,BFA,CAN,820712
3801612,23,39,8690,2014,46848.0,73976.0,0.579058,1.6558110000000001,BGR,CAN,820712
3801613,24,39,8690,2014,0.0,14691.0,0.460168,-0.41671099999999994,BHR,CAN,820712
3801614,26,39,8690,2014,0.0,820.0,0.5083300000000001,0.711704,BIH,CAN,820712
3801615,31,39,8690,2014,5078.0,9831.0,-1.129494,-1.030198,BOL,CAN,820712
3801616,32,39,8690,2014,384360.0,2351340.0,0.218223,0.556921,BRA,CAN,820712
3801617,34,39,8690,2014,0.0,21729.0,0.191357,-0.683567,BRN,CAN,820712
3801618,41,39,8690,2014,13708.0,48188.0,2.2000919999999997,0.65398,CHE,CAN,820712
3801619,42,39,8690,2014,316350.0,3819467.0,-0.344671,-0.43380799999999997,CHL,CAN,820712
3801620,43,39,8690,2014,17776824.0,404159.0,1.187557,1.222085,CHN,CAN,820712
3801621,44,39,8690,2014,0.0,73297.0,-0.737625,-0.768728,CIV,CAN,820712
3801622,45,39,8690,2014,0.0,418913.0,-0.6723520000000001,-0.945084,CMR,CAN,820712
3801623,47,39,8690,2014,0.0,2458.0,-1.371624,-1.12468,COG,CAN,820712
3801624,49,39,8690,2014,84675.0,1724541.0,0.19864500000000002,-0.378364,COL,CAN,820712
3801625,51,39,8690,2014,0.0,22970.0,-0.182368,-0.7136359999999999,CPV,CAN,820712
3801626,52,39,8690,2014,0.0,65072.0,0.065938,-0.687971,CRI,CAN,820712
3801627,54,39,8690,2014,0.0,2027570.0,-0.476786,-0.952291,CUB,CAN,820712
3801628,58,39,8690,2014,0.0,8155.0,0.627467,0.483725,CYP,CAN,820712
3801629,59,39,8690,2014,6662.0,41047.0,1.8105830000000003,0.131131,CZE,CAN,820712
3801630,61,39,8690,2014,693992.0,464765.0,2.052849,-2.888805,DEU,CAN,820712
3801631,64,39,8690,2014,0.0,13472.0,1.10869,1.245193,DNK,CAN,820712
3801632,65,39,8690,2014,0.0,15671.0,-0.180845,0.508512,DOM,CAN,820712
3801633,66,39,8690,2014,0.0,17628.0,-1.5554649999999999,-1.1657030000000002,DZA,CAN,820712
3801634,67,39,8690,2014,0.0,534560.0,-1.066865,-1.052921,ECU,CAN,820712
3801635,68,39,8690,2014,0.0,1475283.0,-0.086866,1.7419669999999998,EGY,CAN,820712
3801636,69,39,8690,2014,0.0,26824.0,-2.345215,-1.051413,ERI,CAN,820712
3801637,71,39,8690,2014,27908.0,963672.0,0.842147,2.45692,ESP,CAN,820712
3801638,72,39,8690,2014,896.0,0.0,0.9147780000000001,1.151556,EST,CAN,820712
3801639,73,39,8690,2014,0.0,281236.0,-1.296535,-1.045942,ETH,CAN,820712
3801640,74,39,8690,2014,184358.0,1925153.0,1.626355,1.002923,FIN,CAN,820712
3801641,77,39,8690,2014,709582.0,2801491.0,1.4817790000000002,0.30995,FRA,CAN,820712
3801642,80,39,8690,2014,0.0,1063772.0,-1.625474,-1.135973,GAB,CAN,820712
3801643,81,39,8690,2014,4286032.0,472134.0,1.697964,0.585372,GBR,CAN,820712
3801644,83,39,8690,2014,2976.0,1239370.0,-1.130226,-0.9909379999999999,GHA,CAN,820712
3801645,85,39,8690,2014,1041.0,0.0,-1.628409,-1.202473,GIN,CAN,820712
3801646,89,39,8690,2014,0.0,2676.0,-2.043516,-0.844701,GNQ,CAN,820712
3801647,90,39,8690,2014,0.0,22512.0,0.149337,0.8560540000000001,GRC,CAN,820712
3801648,92,39,8690,2014,0.0,3694.0,-1.168495,-0.93096,GRL,CAN,820712
3801649,93,39,8690,2014,0.0,853265.0,-0.36547199999999996,0.548894,GTM,CAN,820712
3801650,96,39,8690,2014,0.0,39971.0,-1.068777,-1.038227,GUY,CAN,820712
3801651,97,39,8690,2014,16901.0,592385.0,0.812132,1.722493,HKG,CAN,820712
3801652,99,39,8690,2014,0.0,210091.0,-0.467004,0.045511,HND,CAN,820712
3801653,100,39,8690,2014,12625.0,1049.0,0.804401,1.250807,HRV,CAN,820712
3801654,102,39,8690,2014,1044.0,0.0,1.477093,0.812869,HUN,CAN,820712
3801655,103,39,8690,2014,40006.0,247474.0,-0.088032,1.3966459999999998,IDN,CAN,820712
3801656,104,39,8690,2014,584621.0,549490.0,0.262042,2.6305080000000003,IND,CAN,820712
3801657,106,39,8690,2014,494993.0,115334.0,1.2658399999999999,0.278546,IRL,CAN,820712
3801658,108,39,8690,2014,0.0,74655.0,-2.9169,-0.882023,IRQ,CAN,820712
3801659,109,39,8690,2014,0.0,42846.0,0.127891,-0.302014,ISL,CAN,820712
3801660,110,39,8690,2014,59801.0,1905.0,1.211141,0.64523,ISR,CAN,820712
3801661,111,39,8690,2014,361670.0,236877.0,1.340136,0.43931099999999995,ITA,CAN,820712
3801662,112,39,8690,2014,0.0,73828.0,-0.42745299999999997,-0.7750130000000001,JAM,CAN,820712
3801663,114,39,8690,2014,154861.0,192131.0,2.403165,-0.635024,JPN,CAN,820712
3801664,115,39,8690,2014,7779.0,345416.0,-0.210431,-0.574075,KAZ,CAN,820712
3801665,116,39,8690,2014,6701.0,0.0,-0.487058,0.307288,KEN,CAN,820712
3801666,117,39,8690,2014,0.0,7715.0,-0.31942600000000004,-0.012454,KGZ,CAN,820712
3801667,121,39,8690,2014,1315404.0,53028.0,1.817145,0.8394530000000001,KOR,CAN,820712
3801668,122,39,8690,2014,11605.0,2737.0,-0.769616,-1.10667,KWT,CAN,820712
3801669,123,39,8690,2014,0.0,6220.0,-1.054294,-0.869916,LAO,CAN,820712
3801670,124,39,8690,2014,0.0,3501.0,0.308677,1.7564490000000001,LBN,CAN,820712
3801671,125,39,8690,2014,0.0,10683.0,-1.016828,-1.107983,LBR,CAN,820712
3801672,130,39,8690,2014,59265.0,0.0,0.764495,1.3451540000000002,LTU,CAN,820712
3801673,132,39,8690,2014,0.0,11792.0,0.613116,1.1899790000000001,LVA,CAN,820712
3801674,133,39,8690,2014,0.0,107759.0,0.704535,0.5856140000000001,MAC,CAN,820712
3801675,134,39,8690,2014,32154.0,760333.0,-0.574034,0.065788,MAR,CAN,820712
3801676,136,39,8690,2014,0.0,37199.0,-1.002122,-0.44446,MDG,CAN,820712
3801677,138,39,8690,2014,1970966.0,8574080.0,1.0799729999999998,0.697554,MEX,CAN,820712
3801678,140,39,8690,2014,0.0,7240.0,-0.039799,-0.05545,MKD,CAN,820712
3801679,141,39,8690,2014,0.0,66046.0,-1.199063,-1.05497,MLI,CAN,820712
3801680,143,39,8690,2014,0.0,78836.0,-1.5332459999999999,-1.145973,MMR,CAN,820712
3801681,145,39,8690,2014,16870.0,68842.0,-1.425524,-1.161949,MNG,CAN,820712
3801682,147,39,8690,2014,0.0,97747.0,-1.1993610000000001,-1.040181,MOZ,CAN,820712
3801683,148,39,8690,2014,0.0,106422.0,-1.458551,-1.225373,MRT,CAN,820712
3801684,153,39,8690,2014,34385.0,213672.0,1.018138,0.774649,MYS,CAN,820712
3801685,156,39,8690,2014,0.0,3073.0,-0.509789,-0.767484,NCL,CAN,820712
3801686,157,39,8690,2014,0.0,5751.0,-0.7187,-0.80918,NER,CAN,820712
3801687,159,39,8690,2014,0.0,53586.0,-1.2126430000000001,-1.059697,NGA,CAN,820712
3801688,160,39,8690,2014,0.0,522169.0,-0.938269,-0.839066,NIC,CAN,820712
3801689,162,39,8690,2014,63420.0,151516.0,1.179325,1.355071,NLD,CAN,820712
3801690,163,39,8690,2014,124208.0,127873.0,0.9187049999999999,0.182685,NOR,CAN,820712
3801691,166,39,8690,2014,68558.0,70063.0,0.272502,0.21628699999999998,NZL,CAN,820712
3801692,167,39,8690,2014,0.0,171345.0,-0.505129,-1.0051370000000002,OMN,CAN,820712
3801693,168,39,8690,2014,964.0,61802.0,-0.672924,0.566787,PAK,CAN,820712
3801694,169,39,8690,2014,0.0,91379.0,0.771742,0.9873190000000001,PAN,CAN,820712
3801695,173,39,8690,2014,18313.0,2244914.0,-0.557833,0.611826,PER,CAN,820712
3801696,174,39,8690,2014,0.0,23959.0,0.637442,0.475883,PHL,CAN,820712
3801697,176,39,8690,2014,0.0,86676.0,-1.564904,-1.146255,PNG,CAN,820712
3801698,177,39,8690,2014,0.0,5651.0,1.133102,1.177165,POL,CAN,820712
3801699,179,39,8690,2014,38355.0,251288.0,0.621053,2.349644,PRT,CAN,820712
3801700,180,39,8690,2014,0.0,4978.0,-0.608509,-0.930679,PRY,CAN,820712
3801701,183,39,8690,2014,0.0,63075.0,-0.37535599999999997,-1.0196370000000001,QAT,CAN,820712
3801702,185,39,8690,2014,0.0,37782.0,0.9112,1.188161,ROU,CAN,820712
3801703,186,39,8690,2014,512841.0,1308060.0,0.229422,-0.214856,RUS,CAN,820712
3801704,188,39,8690,2014,0.0,560647.0,0.5758439999999999,-0.832692,SAU,CAN,820712
3801705,190,39,8690,2014,0.0,22022.0,-1.442381,-1.1155030000000001,SDN,CAN,820712
3801706,191,39,8690,2014,0.0,78242.0,-0.502607,-0.08866,SEN,CAN,820712
3801707,192,39,8690,2014,3009272.0,1034003.0,1.867492,0.626736,SGP,CAN,820712
3801708,196,39,8690,2014,0.0,20302.0,-0.9228569999999999,-0.791482,SLE,CAN,820712
3801709,197,39,8690,2014,0.0,1946.0,0.08653999999999999,0.29088600000000003,SLV,CAN,820712
3801710,199,39,8690,2014,0.0,37230.0,-1.41991,-1.010693,SOM,CAN,820712
3801711,200,39,8690,2014,0.0,5301.0,0.783898,-0.540244,SPM,CAN,820712
3801712,201,39,8690,2014,0.0,25675.0,0.551635,1.211535,SRB,CAN,820712
3801713,205,39,8690,2014,0.0,113538.0,-0.6333989999999999,-0.857643,SUR,CAN,820712
3801714,208,39,8690,2014,587542.0,432990.0,1.817752,0.558474,SWE,CAN,820712
3801715,211,39,8690,2014,0.0,1233.0,0.358111,-0.484879,SYC,CAN,820712
3801716,214,39,8690,2014,0.0,3001.0,-2.012048,-0.921558,TCD,CAN,820712
3801717,215,39,8690,2014,0.0,43470.0,-0.524103,-0.537643,TGO,CAN,820712
3801718,216,39,8690,2014,1238157.0,57693.0,0.977094,1.41283,THA,CAN,820712
3801719,222,39,8690,2014,0.0,37427.0,-0.57362,-1.117545,TTO,CAN,820712
3801720,223,39,8690,2014,0.0,66972.0,0.343449,1.118007,TUN,CAN,820712
3801721,224,39,8690,2014,2399.0,1502332.0,0.554761,2.385693,TUR,CAN,820712
3801722,226,39,8690,2014,0.0,257318.0,-1.054331,0.166345,TZA,CAN,820712
3801723,227,39,8690,2014,0.0,1603.0,-0.46911800000000003,0.25446599999999997,UGA,CAN,820712
3801724,228,39,8690,2014,82911.0,86002.0,0.566535,0.832267,UKR,CAN,820712
3801725,230,39,8690,2014,0.0,9703.0,0.154034,-0.380899,URY,CAN,820712
3801726,231,39,8690,2014,219740864.0,23299048.0,1.61227,0.068905,USA,CAN,820712
3801727,232,39,8690,2014,0.0,17852.0,-0.407623,-0.37150700000000003,UZB,CAN,820712
3801728,236,39,8690,2014,0.0,26455.0,-0.582086,-1.081727,VEN,CAN,820712
3801729,239,39,8690,2014,17052.0,1580.0,-0.023765,1.344416,VNM,CAN,820712
3801730,246,39,8690,2014,77599.0,4809211.0,0.282927,1.723214,ZAF,CAN,820712
3801731,247,39,8690,2014,3713.0,460818.0,-0.664089,-0.793452,ZMB,CAN,820712
3801732,249,39,8690,2014,40328.0,0.0,1.9044189999999999,1.0595139999999998,TWN,CAN,820712
3801733,2,41,8690,2014,0.0,465.0,-1.8184900000000002,-1.149191,AGO,CHE,820712
3801734,7,41,8690,2014,1524.0,0.0,0.087775,-0.289459,ARE,CHE,820712
3801735,14,41,8690,2014,1685.0,8310.0,-0.398273,-0.17128,AUS,CHE,820712
3801736,15,41,8690,2014,509561.0,76043.0,1.7116790000000002,-0.140232,AUT,CHE,820712
3801737,18,41,8690,2014,90284.0,3737.0,1.234156,1.226441,BEL,CHE,820712
3801738,23,41,8690,2014,5877.0,0.0,0.579058,1.6558110000000001,BGR,CHE,820712
3801739,24,41,8690,2014,50403.0,0.0,0.460168,-0.41671099999999994,BHR,CHE,820712
3801740,26,41,8690,2014,0.0,10696.0,0.5083300000000001,0.711704,BIH,CHE,820712
3801741,31,41,8690,2014,0.0,12647.0,-1.129494,-1.030198,BOL,CHE,820712
3801742,32,41,8690,2014,0.0,27893.0,0.218223,0.556921,BRA,CHE,820712
3801743,39,41,8690,2014,48188.0,13708.0,0.671395,1.024683,CAN,CHE,820712
3801744,42,41,8690,2014,31148.0,0.0,-0.344671,-0.43380799999999997,CHL,CHE,820712
3801745,43,41,8690,2014,120165.0,6889.0,1.187557,1.222085,CHN,CHE,820712
3801746,49,41,8690,2014,0.0,5873.0,0.19864500000000002,-0.378364,COL,CHE,820712
3801747,59,41,8690,2014,37110.0,17534.0,1.8105830000000003,0.131131,CZE,CHE,820712
3801748,61,41,8690,2014,7633776.0,981734.0,2.052849,-2.888805,DEU,CHE,820712
3801749,64,41,8690,2014,2949.0,9778.0,1.10869,1.245193,DNK,CHE,820712
3801750,66,41,8690,2014,0.0,6759.0,-1.5554649999999999,-1.1657030000000002,DZA,CHE,820712
3801751,67,41,8690,2014,0.0,949.0,-1.066865,-1.052921,ECU,CHE,820712
3801752,68,41,8690,2014,0.0,14866.0,-0.086866,1.7419669999999998,EGY,CHE,820712
3801753,71,41,8690,2014,29902.0,37998.0,0.842147,2.45692,ESP,CHE,820712
3801754,73,41,8690,2014,0.0,101570.0,-1.296535,-1.045942,ETH,CHE,820712
3801755,74,41,8690,2014,708.0,14251.0,1.626355,1.002923,FIN,CHE,820712
3801756,77,41,8690,2014,602733.0,245295.0,1.4817790000000002,0.30995,FRA,CHE,820712
3801757,81,41,8690,2014,185032.0,131838.0,1.697964,0.585372,GBR,CHE,820712
3801758,102,41,8690,2014,0.0,246924.0,1.477093,0.812869,HUN,CHE,820712
3801759,104,41,8690,2014,6418.0,47000.0,0.262042,2.6305080000000003,IND,CHE,820712
3801760,106,41,8690,2014,70203.0,0.0,1.2658399999999999,0.278546,IRL,CHE,820712
3801761,111,41,8690,2014,795208.0,363055.0,1.340136,0.43931099999999995,ITA,CHE,820712
3801762,114,41,8690,2014,49408.0,6927.0,2.403165,-0.635024,JPN,CHE,820712
3801763,115,41,8690,2014,1334.0,29933.0,-0.210431,-0.574075,KAZ,CHE,820712
3801764,121,41,8690,2014,32295.0,100384.0,1.817145,0.8394530000000001,KOR,CHE,820712
3801765,122,41,8690,2014,32494.0,0.0,-0.769616,-1.10667,KWT,CHE,820712
3801766,124,41,8690,2014,0.0,4658.0,0.308677,1.7564490000000001,LBN,CHE,820712
3801767,128,41,8690,2014,0.0,42693.0,-0.49366899999999997,0.338686,LKA,CHE,820712
3801768,138,41,8690,2014,26394.0,47891.0,1.0799729999999998,0.697554,MEX,CHE,820712
3801769,151,41,8690,2014,0.0,1602.0,-0.029891,-0.12431099999999999,MUS,CHE,820712
3801770,153,41,8690,2014,0.0,78825.0,1.018138,0.774649,MYS,CHE,820712
3801771,160,41,8690,2014,0.0,5272.0,-0.938269,-0.839066,NIC,CHE,820712
3801772,162,41,8690,2014,280363.0,17311.0,1.179325,1.355071,NLD,CHE,820712
3801773,163,41,8690,2014,0.0,107719.0,0.9187049999999999,0.182685,NOR,CHE,820712
3801774,168,41,8690,2014,0.0,1893.0,-0.672924,0.566787,PAK,CHE,820712
3801775,173,41,8690,2014,22829.0,22388.0,-0.557833,0.611826,PER,CHE,820712
3801776,177,41,8690,2014,114750.0,10717.0,1.133102,1.177165,POL,CHE,820712
3801777,179,41,8690,2014,7879.0,2836.0,0.621053,2.349644,PRT,CHE,820712
3801778,183,41,8690,2014,0.0,3315.0,-0.37535599999999997,-1.0196370000000001,QAT,CHE,820712
3801779,186,41,8690,2014,147261.0,6765.0,0.229422,-0.214856,RUS,CHE,820712
3801780,188,41,8690,2014,0.0,168530.0,0.5758439999999999,-0.832692,SAU,CHE,820712
3801781,206,41,8690,2014,3189.0,0.0,1.334959,0.821253,SVK,CHE,820712
3801782,207,41,8690,2014,2626968.0,11754.0,1.6558669999999998,0.6814399999999999,SVN,CHE,820712
3801783,208,41,8690,2014,237795.0,3498.0,1.817752,0.558474,SWE,CHE,820712
3801784,216,41,8690,2014,1719.0,1933.0,0.977094,1.41283,THA,CHE,820712
3801785,224,41,8690,2014,137435.0,24624.0,0.554761,2.385693,TUR,CHE,820712
3801786,230,41,8690,2014,0.0,1172.0,0.154034,-0.380899,URY,CHE,820712
3801787,231,41,8690,2014,314219.0,118719.0,1.61227,0.068905,USA,CHE,820712
3801788,246,41,8690,2014,5155.0,2511.0,0.282927,1.723214,ZAF,CHE,820712
3801789,247,41,8690,2014,209.0,0.0,-0.664089,-0.793452,ZMB,CHE,820712
3801790,249,41,8690,2014,1948.0,0.0,1.9044189999999999,1.0595139999999998,TWN,CHE,820712
3801791,2,42,8690,2014,0.0,1480.0,-1.8184900000000002,-1.149191,AGO,CHL,820712
3801792,8,42,8690,2014,1147403.0,856391.0,0.10691500000000001,0.44860600000000006,ARG,CHL,820712
3801793,14,42,8690,2014,506384.0,31282.0,-0.398273,-0.17128,AUS,CHL,820712
3801794,15,42,8690,2014,220508.0,0.0,1.7116790000000002,-0.140232,AUT,CHL,820712
3801795,18,42,8690,2014,22062.0,63244.0,1.234156,1.226441,BEL,CHL,820712
3801796,23,42,8690,2014,5731.0,0.0,0.579058,1.6558110000000001,BGR,CHL,820712
3801797,29,42,8690,2014,0.0,49304.0,-0.324446,-0.552126,BLZ,CHL,820712
3801798,31,42,8690,2014,11513.0,248039.0,-1.129494,-1.030198,BOL,CHL,820712
3801799,32,42,8690,2014,395769.0,1287580.0,0.218223,0.556921,BRA,CHL,820712
3801800,39,42,8690,2014,3819467.0,316350.0,0.671395,1.024683,CAN,CHL,820712
3801801,41,42,8690,2014,0.0,31148.0,2.2000919999999997,0.65398,CHE,CHL,820712
3801802,43,42,8690,2014,7496837.0,11568.0,1.187557,1.222085,CHN,CHL,820712
3801803,49,42,8690,2014,59205.0,34134.0,0.19864500000000002,-0.378364,COL,CHL,820712
3801804,52,42,8690,2014,13071.0,0.0,0.065938,-0.687971,CRI,CHL,820712
3801805,61,42,8690,2014,271799.0,0.0,2.052849,-2.888805,DEU,CHL,820712
3801806,64,42,8690,2014,1454.0,0.0,1.10869,1.245193,DNK,CHL,820712
3801807,65,42,8690,2014,0.0,10533.0,-0.180845,0.508512,DOM,CHL,820712
3801808,66,42,8690,2014,0.0,4974.0,-1.5554649999999999,-1.1657030000000002,DZA,CHL,820712
3801809,67,42,8690,2014,0.0,145993.0,-1.066865,-1.052921,ECU,CHL,820712
3801810,71,42,8690,2014,189962.0,36822.0,0.842147,2.45692,ESP,CHL,820712
3801811,74,42,8690,2014,22309.0,72245.0,1.626355,1.002923,FIN,CHL,820712
3801812,77,42,8690,2014,10403.0,19528.0,1.4817790000000002,0.30995,FRA,CHL,820712
3801813,81,42,8690,2014,2184828.0,0.0,1.697964,0.585372,GBR,CHL,820712
3801814,83,42,8690,2014,0.0,72979.0,-1.130226,-0.9909379999999999,GHA,CHL,820712
3801815,93,42,8690,2014,0.0,4131.0,-0.36547199999999996,0.548894,GTM,CHL,820712
3801816,104,42,8690,2014,1408892.0,0.0,0.262042,2.6305080000000003,IND,CHL,820712
3801817,106,42,8690,2014,141053.0,0.0,1.2658399999999999,0.278546,IRL,CHL,820712
3801818,111,42,8690,2014,48361.0,379604.0,1.340136,0.43931099999999995,ITA,CHL,820712
3801819,114,42,8690,2014,79451.0,0.0,2.403165,-0.635024,JPN,CHL,820712
3801820,121,42,8690,2014,526180.0,0.0,1.817145,0.8394530000000001,KOR,CHL,820712
3801821,138,42,8690,2014,204357.0,768860.0,1.0799729999999998,0.697554,MEX,CHL,820712
3801822,147,42,8690,2014,0.0,727.0,-1.1993610000000001,-1.040181,MOZ,CHL,820712
3801823,153,42,8690,2014,4220.0,15954.0,1.018138,0.774649,MYS,CHL,820712
3801824,162,42,8690,2014,4699.0,98872.0,1.179325,1.355071,NLD,CHL,820712
3801825,163,42,8690,2014,4225.0,0.0,0.9187049999999999,0.182685,NOR,CHL,820712
3801826,166,42,8690,2014,5256.0,0.0,0.272502,0.21628699999999998,NZL,CHL,820712
3801827,169,42,8690,2014,760.0,0.0,0.771742,0.9873190000000001,PAN,CHL,820712
3801828,173,42,8690,2014,526924.0,1084254.0,-0.557833,0.611826,PER,CHL,820712
3801829,177,42,8690,2014,48978.0,0.0,1.133102,1.177165,POL,CHL,820712
3801830,179,42,8690,2014,3237.0,0.0,0.621053,2.349644,PRT,CHL,820712
3801831,180,42,8690,2014,0.0,19964.0,-0.608509,-0.930679,PRY,CHL,820712
3801832,186,42,8690,2014,1324493.0,60135.0,0.229422,-0.214856,RUS,CHL,820712
3801833,192,42,8690,2014,70694.0,3200.0,1.867492,0.626736,SGP,CHL,820712
3801834,208,42,8690,2014,41866.0,15458.0,1.817752,0.558474,SWE,CHL,820712
3801835,216,42,8690,2014,37737.0,0.0,0.977094,1.41283,THA,CHL,820712
3801836,224,42,8690,2014,92161.0,0.0,0.554761,2.385693,TUR,CHL,820712
3801837,230,42,8690,2014,0.0,293701.0,0.154034,-0.380899,URY,CHL,820712
3801838,231,42,8690,2014,13031312.0,1340449.0,1.61227,0.068905,USA,CHL,820712
3801839,246,42,8690,2014,74328.0,676586.0,0.282927,1.723214,ZAF,CHL,820712
3801840,249,42,8690,2014,6281.0,0.0,1.9044189999999999,1.0595139999999998,TWN,CHL,820712
3801841,250,42,8690,2014,176483.0,11577.0,0.506842,0.049545,ANS,CHL,820712
3801842,1,43,8690,2014,0.0,14539.0,-0.924386,-0.839385,AFG,CHN,820712
3801843,2,43,8690,2014,0.0,164096.0,-1.8184900000000002,-1.149191,AGO,CHN,820712
3801844,4,43,8690,2014,0.0,29605.0,-0.476024,-0.33978400000000003,ALB,CHN,820712
3801845,7,43,8690,2014,2566.0,3826228.0,0.087775,-0.289459,ARE,CHN,820712
3801846,8,43,8690,2014,33606.0,835885.0,0.10691500000000001,0.44860600000000006,ARG,CHN,820712
3801847,9,43,8690,2014,0.0,2317.0,-0.198322,-0.5918680000000001,ARM,CHN,820712
3801848,14,43,8690,2014,368781.0,28085900.0,-0.398273,-0.17128,AUS,CHN,820712
3801849,15,43,8690,2014,93357.0,883212.0,1.7116790000000002,-0.140232,AUT,CHN,820712
3801850,16,43,8690,2014,0.0,84489.0,-0.909508,-1.165158,AZE,CHN,820712
3801851,17,43,8690,2014,0.0,2518.0,-0.242256,-0.8567879999999999,BDI,CHN,820712
3801852,18,43,8690,2014,249300.0,3466328.0,1.234156,1.226441,BEL,CHN,820712
3801853,19,43,8690,2014,0.0,386137.0,-0.342225,-0.618789,BEN,CHN,820712
3801854,22,43,8690,2014,0.0,49389.0,-1.0341879999999999,-0.9614870000000001,BGD,CHN,820712
3801855,23,43,8690,2014,0.0,165101.0,0.579058,1.6558110000000001,BGR,CHN,820712
3801856,24,43,8690,2014,0.0,16753.0,0.460168,-0.41671099999999994,BHR,CHN,820712
3801857,25,43,8690,2014,0.0,2065.0,0.314465,-0.60458,BHS,CHN,820712
3801858,26,43,8690,2014,0.0,23891.0,0.5083300000000001,0.711704,BIH,CHN,820712
3801859,28,43,8690,2014,0.0,5855.0,0.874108,0.676231,BLR,CHN,820712
3801860,31,43,8690,2014,0.0,97748.0,-1.129494,-1.030198,BOL,CHN,820712
3801861,32,43,8690,2014,14735.0,5117169.0,0.218223,0.556921,BRA,CHN,820712
3801862,34,43,8690,2014,0.0,223510.0,0.191357,-0.683567,BRN,CHN,820712
3801863,39,43,8690,2014,404159.0,17776824.0,0.671395,1.024683,CAN,CHN,820712
3801864,41,43,8690,2014,6889.0,120165.0,2.2000919999999997,0.65398,CHE,CHN,820712
3801865,42,43,8690,2014,11568.0,7496837.0,-0.344671,-0.43380799999999997,CHL,CHN,820712
3801866,44,43,8690,2014,0.0,271616.0,-0.737625,-0.768728,CIV,CHN,820712
3801867,45,43,8690,2014,0.0,24525.0,-0.6723520000000001,-0.945084,CMR,CHN,820712
3801868,46,43,8690,2014,0.0,229544.0,-1.6680240000000002,-1.1265129999999999,COD,CHN,820712
3801869,47,43,8690,2014,0.0,235784.0,-1.371624,-1.12468,COG,CHN,820712
3801870,49,43,8690,2014,68446.0,732137.0,0.19864500000000002,-0.378364,COL,CHN,820712
3801871,50,43,8690,2014,0.0,29048.0,-0.19200699999999998,-0.761303,COM,CHN,820712
3801872,52,43,8690,2014,0.0,37861.0,0.065938,-0.687971,CRI,CHN,820712
3801873,54,43,8690,2014,0.0,1264690.0,-0.476786,-0.952291,CUB,CHN,820712
3801874,55,43,8690,2014,0.0,1261.0,-0.00902,-0.683643,CUW,CHN,820712
3801875,58,43,8690,2014,0.0,23898.0,0.627467,0.483725,CYP,CHN,820712
3801876,59,43,8690,2014,1329.0,345722.0,1.8105830000000003,0.131131,CZE,CHN,820712
3801877,61,43,8690,2014,2274884.0,4780410.0,2.052849,-2.888805,DEU,CHN,820712
3801878,62,43,8690,2014,0.0,137380.0,-0.394602,-0.74178,DJI,CHN,820712
3801879,64,43,8690,2014,12141.0,32238.0,1.10869,1.245193,DNK,CHN,820712
3801880,65,43,8690,2014,0.0,13194.0,-0.180845,0.508512,DOM,CHN,820712
3801881,66,43,8690,2014,0.0,1013204.0,-1.5554649999999999,-1.1657030000000002,DZA,CHN,820712
3801882,67,43,8690,2014,0.0,1520640.0,-1.066865,-1.052921,ECU,CHN,820712
3801883,68,43,8690,2014,0.0,526350.0,-0.086866,1.7419669999999998,EGY,CHN,820712
3801884,69,43,8690,2014,0.0,61043.0,-2.345215,-1.051413,ERI,CHN,820712
3801885,71,43,8690,2014,6403.0,1485374.0,0.842147,2.45692,ESP,CHN,820712
3801886,72,43,8690,2014,0.0,92611.0,0.9147780000000001,1.151556,EST,CHN,820712
3801887,73,43,8690,2014,0.0,207538.0,-1.296535,-1.045942,ETH,CHN,820712
3801888,74,43,8690,2014,67150.0,1293498.0,1.626355,1.002923,FIN,CHN,820712
3801889,75,43,8690,2014,0.0,10549.0,-0.306346,-0.07688500000000001,FJI,CHN,820712
3801890,77,43,8690,2014,527944.0,1728103.0,1.4817790000000002,0.30995,FRA,CHN,820712
3801891,80,43,8690,2014,0.0,379800.0,-1.625474,-1.135973,GAB,CHN,820712
3801892,81,43,8690,2014,2912666.0,12985777.0,1.697964,0.585372,GBR,CHN,820712
3801893,82,43,8690,2014,0.0,231699.0,-0.254106,-0.646584,GEO,CHN,820712
3801894,83,43,8690,2014,0.0,187577.0,-1.130226,-0.9909379999999999,GHA,CHN,820712
3801895,85,43,8690,2014,0.0,168790.0,-1.628409,-1.202473,GIN,CHN,820712
3801896,89,43,8690,2014,0.0,536758.0,-2.043516,-0.844701,GNQ,CHN,820712
3801897,90,43,8690,2014,0.0,293411.0,0.149337,0.8560540000000001,GRC,CHN,820712
3801898,91,43,8690,2014,0.0,4885.0,-0.184151,-0.7291270000000001,GRD,CHN,820712
3801899,93,43,8690,2014,0.0,37267.0,-0.36547199999999996,0.548894,GTM,CHN,820712
3801900,96,43,8690,2014,0.0,10809.0,-1.068777,-1.038227,GUY,CHN,820712
3801901,97,43,8690,2014,274203.0,38193652.0,0.812132,1.722493,HKG,CHN,820712
3801902,99,43,8690,2014,0.0,7800.0,-0.467004,0.045511,HND,CHN,820712
3801903,100,43,8690,2014,0.0,101568.0,0.804401,1.250807,HRV,CHN,820712
3801904,101,43,8690,2014,0.0,8461.0,-1.10887,-1.032108,HTI,CHN,820712
3801905,102,43,8690,2014,19931.0,60770.0,1.477093,0.812869,HUN,CHN,820712
3801906,103,43,8690,2014,368385.0,3541774.0,-0.088032,1.3966459999999998,IDN,CHN,820712
3801907,104,43,8690,2014,2417659.0,9214485.0,0.262042,2.6305080000000003,IND,CHN,820712
3801908,106,43,8690,2014,1173688.0,229384.0,1.2658399999999999,0.278546,IRL,CHN,820712
3801909,107,43,8690,2014,0.0,43476900.0,-0.361058,-0.312743,IRN,CHN,820712
3801910,108,43,8690,2014,0.0,6330573.0,-2.9169,-0.882023,IRQ,CHN,820712
3801911,109,43,8690,2014,0.0,1388.0,0.127891,-0.302014,ISL,CHN,820712
3801912,110,43,8690,2014,18898.0,481635.0,1.211141,0.64523,ISR,CHN,820712
3801913,111,43,8690,2014,3055515.0,602642.0,1.340136,0.43931099999999995,ITA,CHN,820712
3801914,112,43,8690,2014,0.0,34892.0,-0.42745299999999997,-0.7750130000000001,JAM,CHN,820712
3801915,113,43,8690,2014,0.0,218051.0,0.210208,0.48732299999999995,JOR,CHN,820712
3801916,114,43,8690,2014,1075424.0,15689244.0,2.403165,-0.635024,JPN,CHN,820712
3801917,115,43,8690,2014,67252.0,11261774.0,-0.210431,-0.574075,KAZ,CHN,820712
3801918,116,43,8690,2014,0.0,924604.0,-0.487058,0.307288,KEN,CHN,820712
3801919,117,43,8690,2014,0.0,562731.0,-0.31942600000000004,-0.012454,KGZ,CHN,820712
3801920,118,43,8690,2014,0.0,46890.0,-0.84072,-0.8307040000000001,KHM,CHN,820712
3801921,121,43,8690,2014,1375550.0,6660288.0,1.817145,0.8394530000000001,KOR,CHN,820712
3801922,122,43,8690,2014,0.0,125675.0,-0.769616,-1.10667,KWT,CHN,820712
3801923,123,43,8690,2014,0.0,290315.0,-1.054294,-0.869916,LAO,CHN,820712
3801924,124,43,8690,2014,0.0,426399.0,0.308677,1.7564490000000001,LBN,CHN,820712
3801925,125,43,8690,2014,0.0,382298.0,-1.016828,-1.107983,LBR,CHN,820712
3801926,126,43,8690,2014,0.0,224218.0,-1.5943829999999999,-1.189961,LBY,CHN,820712
3801927,128,43,8690,2014,0.0,950622.0,-0.49366899999999997,0.338686,LKA,CHN,820712
3801928,130,43,8690,2014,0.0,29549.0,0.764495,1.3451540000000002,LTU,CHN,820712
3801929,131,43,8690,2014,0.0,192520.0,1.243845,1.155474,LUX,CHN,820712
3801930,132,43,8690,2014,0.0,92946.0,0.613116,1.1899790000000001,LVA,CHN,820712
3801931,133,43,8690,2014,0.0,7103.0,0.704535,0.5856140000000001,MAC,CHN,820712
3801932,134,43,8690,2014,0.0,523424.0,-0.574034,0.065788,MAR,CHN,820712
3801933,135,43,8690,2014,0.0,2086.0,-0.10438199999999999,-0.093194,MDA,CHN,820712
3801934,136,43,8690,2014,0.0,30909.0,-1.002122,-0.44446,MDG,CHN,820712
3801935,138,43,8690,2014,4320.0,2647688.0,1.0799729999999998,0.697554,MEX,CHN,820712
3801936,140,43,8690,2014,0.0,28298.0,-0.039799,-0.05545,MKD,CHN,820712
3801937,141,43,8690,2014,0.0,88744.0,-1.199063,-1.05497,MLI,CHN,820712
3801938,142,43,8690,2014,0.0,52503.0,0.817013,0.0016309999999999999,MLT,CHN,820712
3801939,143,43,8690,2014,0.0,791132.0,-1.5332459999999999,-1.145973,MMR,CHN,820712
3801940,145,43,8690,2014,5172.0,430332.0,-1.425524,-1.161949,MNG,CHN,820712
3801941,147,43,8690,2014,0.0,194066.0,-1.1993610000000001,-1.040181,MOZ,CHN,820712
3801942,148,43,8690,2014,0.0,142099.0,-1.458551,-1.225373,MRT,CHN,820712
3801943,151,43,8690,2014,0.0,37877.0,-0.029891,-0.12431099999999999,MUS,CHN,820712
3801944,152,43,8690,2014,0.0,924.0,-0.494204,-0.751903,MWI,CHN,820712
3801945,153,43,8690,2014,99790.0,3645388.0,1.018138,0.774649,MYS,CHN,820712
3801946,155,43,8690,2014,0.0,54335.0,-0.428227,-0.5632229999999999,NAM,CHN,820712
3801947,156,43,8690,2014,0.0,1195.0,-0.509789,-0.767484,NCL,CHN,820712
3801948,157,43,8690,2014,0.0,1007037.0,-0.7187,-0.80918,NER,CHN,820712
3801949,159,43,8690,2014,0.0,1941214.0,-1.2126430000000001,-1.059697,NGA,CHN,820712
3801950,160,43,8690,2014,0.0,6505.0,-0.938269,-0.839066,NIC,CHN,820712
3801951,162,43,8690,2014,104171.0,2768507.0,1.179325,1.355071,NLD,CHN,820712
3801952,163,43,8690,2014,55417.0,845873.0,0.9187049999999999,0.182685,NOR,CHN,820712
3801953,164,43,8690,2014,0.0,377617.0,-0.11988199999999999,0.655883,NPL,CHN,820712
3801954,166,43,8690,2014,0.0,411717.0,0.272502,0.21628699999999998,NZL,CHN,820712
3801955,167,43,8690,2014,0.0,142808.0,-0.505129,-1.0051370000000002,OMN,CHN,820712
3801956,168,43,8690,2014,0.0,1360596.0,-0.672924,0.566787,PAK,CHN,820712
3801957,169,43,8690,2014,0.0,44194.0,0.771742,0.9873190000000001,PAN,CHN,820712
3801958,173,43,8690,2014,0.0,8138483.0,-0.557833,0.611826,PER,CHN,820712
3801959,174,43,8690,2014,0.0,455248.0,0.637442,0.475883,PHL,CHN,820712
3801960,176,43,8690,2014,0.0,54138.0,-1.564904,-1.146255,PNG,CHN,820712
3801961,177,43,8690,2014,1845.0,1072903.0,1.133102,1.177165,POL,CHN,820712
3801962,178,43,8690,2014,0.0,1099458.0,-0.23883000000000001,-0.009727,PRK,CHN,820712
3801963,179,43,8690,2014,33408.0,163534.0,0.621053,2.349644,PRT,CHN,820712
3801964,180,43,8690,2014,0.0,48929.0,-0.608509,-0.930679,PRY,CHN,820712
3801965,181,43,8690,2014,0.0,2061.0,0.030643,0.601905,PSE,CHN,820712
3801966,183,43,8690,2014,0.0,398949.0,-0.37535599999999997,-1.0196370000000001,QAT,CHN,820712
3801967,185,43,8690,2014,0.0,130969.0,0.9112,1.188161,ROU,CHN,820712
3801968,186,43,8690,2014,4574.0,18717768.0,0.229422,-0.214856,RUS,CHN,820712
3801969,187,43,8690,2014,0.0,45396.0,-0.5692659999999999,-0.447859,RWA,CHN,820712
3801970,188,43,8690,2014,120970.0,4911368.0,0.5758439999999999,-0.832692,SAU,CHN,820712
3801971,190,43,8690,2014,0.0,3267728.0,-1.442381,-1.1155030000000001,SDN,CHN,820712
3801972,191,43,8690,2014,0.0,78478.0,-0.502607,-0.08866,SEN,CHN,820712
3801973,192,43,8690,2014,1469000.0,14677511.0,1.867492,0.626736,SGP,CHN,820712
3801974,196,43,8690,2014,0.0,12148.0,-0.9228569999999999,-0.791482,SLE,CHN,820712
3801975,197,43,8690,2014,0.0,4708.0,0.08653999999999999,0.29088600000000003,SLV,CHN,820712
3801976,201,43,8690,2014,0.0,162251.0,0.551635,1.211535,SRB,CHN,820712
3801977,202,43,8690,2014,0.0,697668.0,-2.824279,-0.8767969999999999,SSD,CHN,820712
3801978,205,43,8690,2014,0.0,77564.0,-0.6333989999999999,-0.857643,SUR,CHN,820712
3801979,206,43,8690,2014,0.0,15655.0,1.334959,0.821253,SVK,CHN,820712
3801980,207,43,8690,2014,0.0,112564.0,1.6558669999999998,0.6814399999999999,SVN,CHN,820712
3801981,208,43,8690,2014,649836.0,2277066.0,1.817752,0.558474,SWE,CHN,820712
3801982,211,43,8690,2014,0.0,716.0,0.358111,-0.484879,SYC,CHN,820712
3801983,212,43,8690,2014,0.0,90959.0,-0.366224,0.9054719999999999,SYR,CHN,820712
3801984,214,43,8690,2014,0.0,1449916.0,-2.012048,-0.921558,TCD,CHN,820712
3801985,215,43,8690,2014,0.0,1845.0,-0.524103,-0.537643,TGO,CHN,820712
3801986,216,43,8690,2014,154479.0,9024020.0,0.977094,1.41283,THA,CHN,820712
3801987,217,43,8690,2014,0.0,48370.0,-0.706823,-0.993756,TJK,CHN,820712
3801988,219,43,8690,2014,0.0,2792088.0,-1.217897,-1.184131,TKM,CHN,820712
3801989,220,43,8690,2014,0.0,40655.0,-1.365212,-0.896716,TLS,CHN,820712
3801990,222,43,8690,2014,0.0,286821.0,-0.57362,-1.117545,TTO,CHN,820712
3801991,223,43,8690,2014,0.0,120194.0,0.343449,1.118007,TUN,CHN,820712
3801992,224,43,8690,2014,0.0,6918878.0,0.554761,2.385693,TUR,CHN,820712
3801993,226,43,8690,2014,0.0,553215.0,-1.054331,0.166345,TZA,CHN,820712
3801994,227,43,8690,2014,0.0,156270.0,-0.46911800000000003,0.25446599999999997,UGA,CHN,820712
3801995,228,43,8690,2014,0.0,2040996.0,0.566535,0.832267,UKR,CHN,820712
3801996,230,43,8690,2014,0.0,148862.0,0.154034,-0.380899,URY,CHN,820712
3801997,231,43,8690,2014,29769704.0,44079224.0,1.61227,0.068905,USA,CHN,820712
3801998,232,43,8690,2014,0.0,8380504.0,-0.407623,-0.37150700000000003,UZB,CHN,820712
3801999,236,43,8690,2014,0.0,103427.0,-0.582086,-1.081727,VEN,CHN,820712
3802000,239,43,8690,2014,55878.0,5165894.0,-0.023765,1.344416,VNM,CHN,820712
3802001,240,43,8690,2014,0.0,2632.0,-1.21245,-0.941493,VUT,CHN,820712
3802002,243,43,8690,2014,141271.0,364024.0,-1.2829190000000001,-1.227373,YEM,CHN,820712
3802003,246,43,8690,2014,665019.0,10672150.0,0.282927,1.723214,ZAF,CHN,820712
3802004,247,43,8690,2014,0.0,447346.0,-0.664089,-0.793452,ZMB,CHN,820712
3802005,248,43,8690,2014,0.0,52432.0,-0.821369,-0.864232,ZWE,CHN,820712
3802006,249,43,8690,2014,224409.0,1653408.0,1.9044189999999999,1.0595139999999998,TWN,CHN,820712
3802007,2,49,8690,2014,0.0,1591.0,-1.8184900000000002,-1.149191,AGO,COL,820712
3802008,7,49,8690,2014,4906.0,4021.0,0.087775,-0.289459,ARE,COL,820712
3802009,8,49,8690,2014,312327.0,114082.0,0.10691500000000001,0.44860600000000006,ARG,COL,820712
3802010,14,49,8690,2014,107501.0,8301.0,-0.398273,-0.17128,AUS,COL,820712
3802011,15,49,8690,2014,24155.0,0.0,1.7116790000000002,-0.140232,AUT,COL,820712
3802012,18,49,8690,2014,713303.0,24693.0,1.234156,1.226441,BEL,COL,820712
3802013,26,49,8690,2014,4884.0,0.0,0.5083300000000001,0.711704,BIH,COL,820712
3802014,31,49,8690,2014,56546.0,34788.0,-1.129494,-1.030198,BOL,COL,820712
3802015,32,49,8690,2014,488886.0,51798.0,0.218223,0.556921,BRA,COL,820712
3802016,39,49,8690,2014,1724541.0,84675.0,0.671395,1.024683,CAN,COL,820712
3802017,41,49,8690,2014,5873.0,0.0,2.2000919999999997,0.65398,CHE,COL,820712
3802018,42,49,8690,2014,34134.0,59205.0,-0.344671,-0.43380799999999997,CHL,COL,820712
3802019,43,49,8690,2014,732137.0,68446.0,1.187557,1.222085,CHN,COL,820712
3802020,61,49,8690,2014,321004.0,8546.0,2.052849,-2.888805,DEU,COL,820712
3802021,65,49,8690,2014,0.0,993.0,-0.180845,0.508512,DOM,COL,820712
3802022,67,49,8690,2014,66667.0,1348099.0,-1.066865,-1.052921,ECU,COL,820712
3802023,71,49,8690,2014,134219.0,0.0,0.842147,2.45692,ESP,COL,820712
3802024,74,49,8690,2014,3986.0,0.0,1.626355,1.002923,FIN,COL,820712
3802025,77,49,8690,2014,24782.0,0.0,1.4817790000000002,0.30995,FRA,COL,820712
3802026,81,49,8690,2014,1550519.0,0.0,1.697964,0.585372,GBR,COL,820712
3802027,93,49,8690,2014,0.0,5488.0,-0.36547199999999996,0.548894,GTM,COL,820712
3802028,97,49,8690,2014,26435.0,17921.0,0.812132,1.722493,HKG,COL,820712
3802029,99,49,8690,2014,0.0,4848.0,-0.467004,0.045511,HND,COL,820712
3802030,100,49,8690,2014,24641.0,0.0,0.804401,1.250807,HRV,COL,820712
3802031,102,49,8690,2014,67074.0,0.0,1.477093,0.812869,HUN,COL,820712
3802032,103,49,8690,2014,1947.0,0.0,-0.088032,1.3966459999999998,IDN,COL,820712
3802033,104,49,8690,2014,747522.0,0.0,0.262042,2.6305080000000003,IND,COL,820712
3802034,106,49,8690,2014,517307.0,0.0,1.2658399999999999,0.278546,IRL,COL,820712
3802035,110,49,8690,2014,1255.0,0.0,1.211141,0.64523,ISR,COL,820712
3802036,111,49,8690,2014,43713.0,50630.0,1.340136,0.43931099999999995,ITA,COL,820712
3802037,114,49,8690,2014,15790.0,0.0,2.403165,-0.635024,JPN,COL,820712
3802038,115,49,8690,2014,8377.0,0.0,-0.210431,-0.574075,KAZ,COL,820712
3802039,121,49,8690,2014,8604.0,0.0,1.817145,0.8394530000000001,KOR,COL,820712
3802040,122,49,8690,2014,0.0,13095.0,-0.769616,-1.10667,KWT,COL,820712
3802041,138,49,8690,2014,568960.0,222133.0,1.0799729999999998,0.697554,MEX,COL,820712
3802042,153,49,8690,2014,0.0,34936.0,1.018138,0.774649,MYS,COL,820712
3802043,160,49,8690,2014,0.0,32814.0,-0.938269,-0.839066,NIC,COL,820712
3802044,162,49,8690,2014,455322.0,2299.0,1.179325,1.355071,NLD,COL,820712
3802045,163,49,8690,2014,68198.0,18849.0,0.9187049999999999,0.182685,NOR,COL,820712
3802046,166,49,8690,2014,0.0,21750.0,0.272502,0.21628699999999998,NZL,COL,820712
3802047,169,49,8690,2014,450.0,0.0,0.771742,0.9873190000000001,PAN,COL,820712
3802048,173,49,8690,2014,215588.0,209696.0,-0.557833,0.611826,PER,COL,820712
3802049,177,49,8690,2014,13622.0,0.0,1.133102,1.177165,POL,COL,820712
3802050,179,49,8690,2014,2378.0,0.0,0.621053,2.349644,PRT,COL,820712
3802051,185,49,8690,2014,0.0,163837.0,0.9112,1.188161,ROU,COL,820712
3802052,186,49,8690,2014,36214.0,0.0,0.229422,-0.214856,RUS,COL,820712
3802053,188,49,8690,2014,130696.0,7398.0,0.5758439999999999,-0.832692,SAU,COL,820712
3802054,192,49,8690,2014,284249.0,112362.0,1.867492,0.626736,SGP,COL,820712
3802055,205,49,8690,2014,0.0,2126.0,-0.6333989999999999,-0.857643,SUR,COL,820712
3802056,208,49,8690,2014,1890332.0,6800.0,1.817752,0.558474,SWE,COL,820712
3802057,222,49,8690,2014,6516.0,0.0,-0.57362,-1.117545,TTO,COL,820712
3802058,223,49,8690,2014,0.0,5776.0,0.343449,1.118007,TUN,COL,820712
3802059,224,49,8690,2014,102820.0,0.0,0.554761,2.385693,TUR,COL,820712
3802060,226,49,8690,2014,1214.0,0.0,-1.054331,0.166345,TZA,COL,820712
3802061,231,49,8690,2014,22140594.0,29007.0,1.61227,0.068905,USA,COL,820712
3802062,236,49,8690,2014,71504.0,124324.0,-0.582086,-1.081727,VEN,COL,820712
3802063,239,49,8690,2014,14729.0,0.0,-0.023765,1.344416,VNM,COL,820712
3802064,246,49,8690,2014,0.0,1186.0,0.282927,1.723214,ZAF,COL,820712
3802065,249,49,8690,2014,19005.0,0.0,1.9044189999999999,1.0595139999999998,TWN,COL,820712
3802066,14,52,8690,2014,1028.0,0.0,-0.398273,-0.17128,AUS,CRI,820712
3802067,15,52,8690,2014,14755.0,0.0,1.7116790000000002,-0.140232,AUT,CRI,820712
3802068,18,52,8690,2014,9126.0,0.0,1.234156,1.226441,BEL,CRI,820712
3802069,32,52,8690,2014,6089.0,7750.0,0.218223,0.556921,BRA,CRI,820712
3802070,39,52,8690,2014,65072.0,0.0,0.671395,1.024683,CAN,CRI,820712
3802071,42,52,8690,2014,0.0,13071.0,-0.344671,-0.43380799999999997,CHL,CRI,820712
3802072,43,52,8690,2014,37861.0,0.0,1.187557,1.222085,CHN,CRI,820712
3802073,59,52,8690,2014,1359.0,0.0,1.8105830000000003,0.131131,CZE,CRI,820712
3802074,61,52,8690,2014,10634.0,0.0,2.052849,-2.888805,DEU,CRI,820712
3802075,64,52,8690,2014,2910.0,0.0,1.10869,1.245193,DNK,CRI,820712
3802076,65,52,8690,2014,0.0,924.0,-0.180845,0.508512,DOM,CRI,820712
3802077,67,52,8690,2014,0.0,1290.0,-1.066865,-1.052921,ECU,CRI,820712
3802078,71,52,8690,2014,10136.0,0.0,0.842147,2.45692,ESP,CRI,820712
3802079,74,52,8690,2014,5917.0,0.0,1.626355,1.002923,FIN,CRI,820712
3802080,81,52,8690,2014,29597.0,0.0,1.697964,0.585372,GBR,CRI,820712
3802081,93,52,8690,2014,66569.0,67831.0,-0.36547199999999996,0.548894,GTM,CRI,820712
3802082,97,52,8690,2014,21005.0,0.0,0.812132,1.722493,HKG,CRI,820712
3802083,99,52,8690,2014,0.0,6288.0,-0.467004,0.045511,HND,CRI,820712
3802084,100,52,8690,2014,1640.0,0.0,0.804401,1.250807,HRV,CRI,820712
3802085,104,52,8690,2014,10579.0,0.0,0.262042,2.6305080000000003,IND,CRI,820712
3802086,110,52,8690,2014,16969.0,0.0,1.211141,0.64523,ISR,CRI,820712
3802087,111,52,8690,2014,1554.0,0.0,1.340136,0.43931099999999995,ITA,CRI,820712
3802088,121,52,8690,2014,5959.0,0.0,1.817145,0.8394530000000001,KOR,CRI,820712
3802089,138,52,8690,2014,10244.0,13673.0,1.0799729999999998,0.697554,MEX,CRI,820712
3802090,160,52,8690,2014,1973.0,16395.0,-0.938269,-0.839066,NIC,CRI,820712
3802091,169,52,8690,2014,28442.0,1551.0,0.771742,0.9873190000000001,PAN,CRI,820712
3802092,173,52,8690,2014,1833.0,0.0,-0.557833,0.611826,PER,CRI,820712
3802093,177,52,8690,2014,9858.0,0.0,1.133102,1.177165,POL,CRI,820712
3802094,179,52,8690,2014,4096.0,0.0,0.621053,2.349644,PRT,CRI,820712
3802095,197,52,8690,2014,0.0,14236.0,0.08653999999999999,0.29088600000000003,SLV,CRI,820712
3802096,206,52,8690,2014,63752.0,0.0,1.334959,0.821253,SVK,CRI,820712
3802097,208,52,8690,2014,4238.0,0.0,1.817752,0.558474,SWE,CRI,820712
3802098,231,52,8690,2014,459066.0,5626.0,1.61227,0.068905,USA,CRI,820712
3802099,239,52,8690,2014,0.0,1081.0,-0.023765,1.344416,VNM,CRI,820712
3802100,32,55,8690,2014,0.0,1746.0,0.218223,0.556921,BRA,CUW,820712
3802101,43,55,8690,2014,1261.0,0.0,1.187557,1.222085,CHN,CUW,820712
3802102,61,55,8690,2014,9088.0,0.0,2.052849,-2.888805,DEU,CUW,820712
3802103,162,55,8690,2014,27121.0,0.0,1.179325,1.355071,NLD,CUW,820712
3802104,169,55,8690,2014,1967.0,0.0,0.771742,0.9873190000000001,PAN,CUW,820712
3802105,231,55,8690,2014,14256.0,0.0,1.61227,0.068905,USA,CUW,820712
3802106,15,58,8690,2014,1454.0,0.0,1.7116790000000002,-0.140232,AUT,CYP,820712
3802107,18,58,8690,2014,3767.0,0.0,1.234156,1.226441,BEL,CYP,820712
3802108,39,58,8690,2014,8155.0,0.0,0.671395,1.024683,CAN,CYP,820712
3802109,43,58,8690,2014,23898.0,0.0,1.187557,1.222085,CHN,CYP,820712
3802110,61,58,8690,2014,215255.0,0.0,2.052849,-2.888805,DEU,CYP,820712
3802111,71,58,8690,2014,3692.0,0.0,0.842147,2.45692,ESP,CYP,820712
3802112,77,58,8690,2014,8674.0,0.0,1.4817790000000002,0.30995,FRA,CYP,820712
3802113,81,58,8690,2014,326157.0,0.0,1.697964,0.585372,GBR,CYP,820712
3802114,90,58,8690,2014,6011.0,0.0,0.149337,0.8560540000000001,GRC,CYP,820712
3802115,102,58,8690,2014,11778.0,0.0,1.477093,0.812869,HUN,CYP,820712
3802116,111,58,8690,2014,234604.0,0.0,1.340136,0.43931099999999995,ITA,CYP,820712
3802117,121,58,8690,2014,2620.0,0.0,1.817145,0.8394530000000001,KOR,CYP,820712
3802118,162,58,8690,2014,46502.0,0.0,1.179325,1.355071,NLD,CYP,820712
3802119,163,58,8690,2014,2170.0,0.0,0.9187049999999999,0.182685,NOR,CYP,820712
3802120,167,58,8690,2014,0.0,52046.0,-0.505129,-1.0051370000000002,OMN,CYP,820712
3802121,185,58,8690,2014,2541504.0,0.0,0.9112,1.188161,ROU,CYP,820712
3802122,222,58,8690,2014,10701.0,0.0,-0.57362,-1.117545,TTO,CYP,820712
3802123,231,58,8690,2014,732854.0,0.0,1.61227,0.068905,USA,CYP,820712
3802124,15,59,8690,2014,586071.0,38009.0,1.7116790000000002,-0.140232,AUT,CZE,820712
3802125,18,59,8690,2014,224155.0,1138.0,1.234156,1.226441,BEL,CZE,820712
3802126,23,59,8690,2014,0.0,3819.0,0.579058,1.6558110000000001,BGR,CZE,820712
3802127,26,59,8690,2014,0.0,1748.0,0.5083300000000001,0.711704,BIH,CZE,820712
3802128,31,59,8690,2014,0.0,884.0,-1.129494,-1.030198,BOL,CZE,820712
3802129,32,59,8690,2014,0.0,1079.0,0.218223,0.556921,BRA,CZE,820712
3802130,39,59,8690,2014,41047.0,6662.0,0.671395,1.024683,CAN,CZE,820712
3802131,41,59,8690,2014,17534.0,37110.0,2.2000919999999997,0.65398,CHE,CZE,820712
3802132,43,59,8690,2014,345722.0,1329.0,1.187557,1.222085,CHN,CZE,820712
3802133,44,59,8690,2014,0.0,1387.0,-0.737625,-0.768728,CIV,CZE,820712
3802134,52,59,8690,2014,0.0,1359.0,0.065938,-0.687971,CRI,CZE,820712
3802135,61,59,8690,2014,1577614.0,100316.0,2.052849,-2.888805,DEU,CZE,820712
3802136,71,59,8690,2014,4125.0,2611.0,0.842147,2.45692,ESP,CZE,820712
3802137,72,59,8690,2014,0.0,27842.0,0.9147780000000001,1.151556,EST,CZE,820712
3802138,74,59,8690,2014,2038.0,20181.0,1.626355,1.002923,FIN,CZE,820712
3802139,77,59,8690,2014,8834.0,249086.0,1.4817790000000002,0.30995,FRA,CZE,820712
3802140,81,59,8690,2014,451973.0,1261.0,1.697964,0.585372,GBR,CZE,820712
3802141,90,59,8690,2014,0.0,14845.0,0.149337,0.8560540000000001,GRC,CZE,820712
3802142,100,59,8690,2014,30949.0,7772.0,0.804401,1.250807,HRV,CZE,820712
3802143,102,59,8690,2014,221366.0,184834.0,1.477093,0.812869,HUN,CZE,820712
3802144,104,59,8690,2014,162174.0,0.0,0.262042,2.6305080000000003,IND,CZE,820712
3802145,106,59,8690,2014,12462.0,0.0,1.2658399999999999,0.278546,IRL,CZE,820712
3802146,109,59,8690,2014,0.0,8231.0,0.127891,-0.302014,ISL,CZE,820712
3802147,111,59,8690,2014,29784.0,29028.0,1.340136,0.43931099999999995,ITA,CZE,820712
3802148,114,59,8690,2014,17934.0,0.0,2.403165,-0.635024,JPN,CZE,820712
3802149,115,59,8690,2014,0.0,2399.0,-0.210431,-0.574075,KAZ,CZE,820712
3802150,121,59,8690,2014,14375.0,1539.0,1.817145,0.8394530000000001,KOR,CZE,820712
3802151,122,59,8690,2014,0.0,5296.0,-0.769616,-1.10667,KWT,CZE,820712
3802152,130,59,8690,2014,5319.0,1885.0,0.764495,1.3451540000000002,LTU,CZE,820712
3802153,138,59,8690,2014,0.0,5292.0,1.0799729999999998,0.697554,MEX,CZE,820712
3802154,144,59,8690,2014,0.0,2835.0,-0.17039100000000001,-0.21762399999999998,MNE,CZE,820712
3802155,162,59,8690,2014,67475.0,3251.0,1.179325,1.355071,NLD,CZE,820712
3802156,163,59,8690,2014,12303.0,2230.0,0.9187049999999999,0.182685,NOR,CZE,820712
3802157,166,59,8690,2014,0.0,2016.0,0.272502,0.21628699999999998,NZL,CZE,820712
3802158,177,59,8690,2014,2576989.0,499361.0,1.133102,1.177165,POL,CZE,820712
3802159,185,59,8690,2014,0.0,12194.0,0.9112,1.188161,ROU,CZE,820712
3802160,186,59,8690,2014,167326.0,107363.0,0.229422,-0.214856,RUS,CZE,820712
3802161,192,59,8690,2014,0.0,410011.0,1.867492,0.626736,SGP,CZE,820712
3802162,201,59,8690,2014,0.0,47591.0,0.551635,1.211535,SRB,CZE,820712
3802163,206,59,8690,2014,16563.0,279529.0,1.334959,0.821253,SVK,CZE,820712
3802164,207,59,8690,2014,1862.0,1427.0,1.6558669999999998,0.6814399999999999,SVN,CZE,820712
3802165,208,59,8690,2014,310148.0,0.0,1.817752,0.558474,SWE,CZE,820712
3802166,224,59,8690,2014,32204.0,0.0,0.554761,2.385693,TUR,CZE,820712
3802167,228,59,8690,2014,0.0,1703.0,0.566535,0.832267,UKR,CZE,820712
3802168,231,59,8690,2014,69318.0,0.0,1.61227,0.068905,USA,CZE,820712
3802169,249,59,8690,2014,9498.0,6824.0,1.9044189999999999,1.0595139999999998,TWN,CZE,820712
3802170,250,59,8690,2014,9283.0,0.0,0.506842,0.049545,ANS,CZE,820712
3802171,2,61,8690,2014,32317.0,561689.0,-1.8184900000000002,-1.149191,AGO,DEU,820712
3802172,4,61,8690,2014,0.0,756982.0,-0.476024,-0.33978400000000003,ALB,DEU,820712
3802173,5,61,8690,2014,0.0,2399.0,0.533246,-0.41617,AND,DEU,820712
3802174,7,61,8690,2014,13020.0,1713781.0,0.087775,-0.289459,ARE,DEU,820712
3802175,8,61,8690,2014,0.0,173503.0,0.10691500000000001,0.44860600000000006,ARG,DEU,820712
3802176,9,61,8690,2014,0.0,17088.0,-0.198322,-0.5918680000000001,ARM,DEU,820712
3802177,14,61,8690,2014,498813.0,1444443.0,-0.398273,-0.17128,AUS,DEU,820712
3802178,15,61,8690,2014,9449792.0,14689255.0,1.7116790000000002,-0.140232,AUT,DEU,820712
3802179,16,61,8690,2014,35557.0,1155573.0,-0.909508,-1.165158,AZE,DEU,820712
3802180,18,61,8690,2014,767607.0,6391230.0,1.234156,1.226441,BEL,DEU,820712
3802181,19,61,8690,2014,0.0,21726.0,-0.342225,-0.618789,BEN,DEU,820712
3802182,21,61,8690,2014,0.0,2268.0,-0.922401,-0.9554379999999999,BFA,DEU,820712
3802183,23,61,8690,2014,23356.0,492544.0,0.579058,1.6558110000000001,BGR,DEU,820712
3802184,24,61,8690,2014,0.0,1724.0,0.460168,-0.41671099999999994,BHR,DEU,820712
3802185,26,61,8690,2014,5742.0,106651.0,0.5083300000000001,0.711704,BIH,DEU,820712
3802186,28,61,8690,2014,153074.0,1064895.0,0.874108,0.676231,BLR,DEU,820712
3802187,31,61,8690,2014,0.0,154159.0,-1.129494,-1.030198,BOL,DEU,820712
3802188,32,61,8690,2014,75401.0,462587.0,0.218223,0.556921,BRA,DEU,820712
3802189,33,61,8690,2014,0.0,1669.0,0.44968400000000003,-0.15268900000000002,BRB,DEU,820712
3802190,34,61,8690,2014,0.0,121167.0,0.191357,-0.683567,BRN,DEU,820712
3802191,35,61,8690,2014,0.0,728333.0,-0.24597199999999997,-0.758838,BTN,DEU,820712
3802192,37,61,8690,2014,13451.0,2525.0,-0.60221,-1.104578,BWA,DEU,820712
3802193,39,61,8690,2014,464765.0,693992.0,0.671395,1.024683,CAN,DEU,820712
3802194,41,61,8690,2014,981734.0,7633776.0,2.2000919999999997,0.65398,CHE,DEU,820712
3802195,42,61,8690,2014,0.0,271799.0,-0.344671,-0.43380799999999997,CHL,DEU,820712
3802196,43,61,8690,2014,4780410.0,2274884.0,1.187557,1.222085,CHN,DEU,820712
3802197,44,61,8690,2014,50464.0,10539.0,-0.737625,-0.768728,CIV,DEU,820712
3802198,45,61,8690,2014,31543.0,30751.0,-0.6723520000000001,-0.945084,CMR,DEU,820712
3802199,46,61,8690,2014,0.0,1236.0,-1.6680240000000002,-1.1265129999999999,COD,DEU,820712
3802200,47,61,8690,2014,78691.0,36782.0,-1.371624,-1.12468,COG,DEU,820712
3802201,49,61,8690,2014,8546.0,321004.0,0.19864500000000002,-0.378364,COL,DEU,820712
3802202,52,61,8690,2014,0.0,10634.0,0.065938,-0.687971,CRI,DEU,820712
3802203,54,61,8690,2014,0.0,8084.0,-0.476786,-0.952291,CUB,DEU,820712
3802204,55,61,8690,2014,0.0,9088.0,-0.00902,-0.683643,CUW,DEU,820712
3802205,58,61,8690,2014,0.0,215255.0,0.627467,0.483725,CYP,DEU,820712
3802206,59,61,8690,2014,100316.0,1577614.0,1.8105830000000003,0.131131,CZE,DEU,820712
3802207,64,61,8690,2014,350611.0,1728350.0,1.10869,1.245193,DNK,DEU,820712
3802208,65,61,8690,2014,1466.0,36617.0,-0.180845,0.508512,DOM,DEU,820712
3802209,66,61,8690,2014,0.0,555244.0,-1.5554649999999999,-1.1657030000000002,DZA,DEU,820712
3802210,67,61,8690,2014,0.0,71248.0,-1.066865,-1.052921,ECU,DEU,820712
3802211,68,61,8690,2014,0.0,837601.0,-0.086866,1.7419669999999998,EGY,DEU,820712
3802212,71,61,8690,2014,553820.0,2454988.0,0.842147,2.45692,ESP,DEU,820712
3802213,72,61,8690,2014,0.0,327720.0,0.9147780000000001,1.151556,EST,DEU,820712
3802214,73,61,8690,2014,0.0,249119.0,-1.296535,-1.045942,ETH,DEU,820712
3802215,74,61,8690,2014,89479.0,1295761.0,1.626355,1.002923,FIN,DEU,820712
3802216,75,61,8690,2014,0.0,10364.0,-0.306346,-0.07688500000000001,FJI,DEU,820712
3802217,77,61,8690,2014,576937.0,6249466.0,1.4817790000000002,0.30995,FRA,DEU,820712
3802218,80,61,8690,2014,0.0,165669.0,-1.625474,-1.135973,GAB,DEU,820712
3802219,81,61,8690,2014,1505114.0,5454990.0,1.697964,0.585372,GBR,DEU,820712
3802220,82,61,8690,2014,3485.0,201458.0,-0.254106,-0.646584,GEO,DEU,820712
3802221,83,61,8690,2014,0.0,9674.0,-1.130226,-0.9909379999999999,GHA,DEU,820712
3802222,89,61,8690,2014,0.0,4376.0,-2.043516,-0.844701,GNQ,DEU,820712
3802223,90,61,8690,2014,3213.0,304512.0,0.149337,0.8560540000000001,GRC,DEU,820712
3802224,93,61,8690,2014,0.0,21850.0,-0.36547199999999996,0.548894,GTM,DEU,820712
3802225,97,61,8690,2014,4634.0,704663.0,0.812132,1.722493,HKG,DEU,820712
3802226,99,61,8690,2014,0.0,7676.0,-0.467004,0.045511,HND,DEU,820712
3802227,100,61,8690,2014,1289089.0,132078.0,0.804401,1.250807,HRV,DEU,820712
3802228,102,61,8690,2014,193506.0,1170905.0,1.477093,0.812869,HUN,DEU,820712
3802229,103,61,8690,2014,41859.0,416734.0,-0.088032,1.3966459999999998,IDN,DEU,820712
3802230,104,61,8690,2014,415791.0,569419.0,0.262042,2.6305080000000003,IND,DEU,820712
3802231,106,61,8690,2014,284546.0,319226.0,1.2658399999999999,0.278546,IRL,DEU,820712
3802232,107,61,8690,2014,0.0,35011.0,-0.361058,-0.312743,IRN,DEU,820712
3802233,108,61,8690,2014,0.0,641699.0,-2.9169,-0.882023,IRQ,DEU,820712
3802234,109,61,8690,2014,0.0,6873.0,0.127891,-0.302014,ISL,DEU,820712
3802235,110,61,8690,2014,114773.0,499714.0,1.211141,0.64523,ISR,DEU,820712
3802236,111,61,8690,2014,5658008.0,15694952.0,1.340136,0.43931099999999995,ITA,DEU,820712
3802237,113,61,8690,2014,0.0,47660.0,0.210208,0.48732299999999995,JOR,DEU,820712
3802238,114,61,8690,2014,150489.0,705034.0,2.403165,-0.635024,JPN,DEU,820712
3802239,115,61,8690,2014,880487.0,2196876.0,-0.210431,-0.574075,KAZ,DEU,820712
3802240,116,61,8690,2014,0.0,20020.0,-0.487058,0.307288,KEN,DEU,820712
3802241,117,61,8690,2014,28063.0,249155.0,-0.31942600000000004,-0.012454,KGZ,DEU,820712
3802242,121,61,8690,2014,110556.0,38483.0,1.817145,0.8394530000000001,KOR,DEU,820712
3802243,122,61,8690,2014,21746.0,110574.0,-0.769616,-1.10667,KWT,DEU,820712
3802244,124,61,8690,2014,0.0,59149.0,0.308677,1.7564490000000001,LBN,DEU,820712
3802245,126,61,8690,2014,0.0,274405.0,-1.5943829999999999,-1.189961,LBY,DEU,820712
3802246,128,61,8690,2014,0.0,639986.0,-0.49366899999999997,0.338686,LKA,DEU,820712
3802247,130,61,8690,2014,60097.0,354100.0,0.764495,1.3451540000000002,LTU,DEU,820712
3802248,131,61,8690,2014,78730.0,407053.0,1.243845,1.155474,LUX,DEU,820712
3802249,132,61,8690,2014,0.0,331158.0,0.613116,1.1899790000000001,LVA,DEU,820712
3802250,134,61,8690,2014,0.0,1013498.0,-0.574034,0.065788,MAR,DEU,820712
3802251,135,61,8690,2014,0.0,15111.0,-0.10438199999999999,-0.093194,MDA,DEU,820712
3802252,136,61,8690,2014,0.0,5054.0,-1.002122,-0.44446,MDG,DEU,820712
3802253,138,61,8690,2014,223172.0,307653.0,1.0799729999999998,0.697554,MEX,DEU,820712
3802254,140,61,8690,2014,0.0,49240.0,-0.039799,-0.05545,MKD,DEU,820712
3802255,141,61,8690,2014,0.0,15736.0,-1.199063,-1.05497,MLI,DEU,820712
3802256,142,61,8690,2014,0.0,65599.0,0.817013,0.0016309999999999999,MLT,DEU,820712
3802257,143,61,8690,2014,0.0,28027.0,-1.5332459999999999,-1.145973,MMR,DEU,820712
3802258,144,61,8690,2014,0.0,5761.0,-0.17039100000000001,-0.21762399999999998,MNE,DEU,820712
3802259,145,61,8690,2014,0.0,34867.0,-1.425524,-1.161949,MNG,DEU,820712
3802260,147,61,8690,2014,0.0,328868.0,-1.1993610000000001,-1.040181,MOZ,DEU,820712
3802261,148,61,8690,2014,200003.0,148340.0,-1.458551,-1.225373,MRT,DEU,820712
3802262,151,61,8690,2014,0.0,924791.0,-0.029891,-0.12431099999999999,MUS,DEU,820712
3802263,153,61,8690,2014,127506.0,90343.0,1.018138,0.774649,MYS,DEU,820712
3802264,155,61,8690,2014,0.0,15785.0,-0.428227,-0.5632229999999999,NAM,DEU,820712
3802265,159,61,8690,2014,0.0,639387.0,-1.2126430000000001,-1.059697,NGA,DEU,820712
3802266,160,61,8690,2014,0.0,11289.0,-0.938269,-0.839066,NIC,DEU,820712
3802267,162,61,8690,2014,1314120.0,4287272.0,1.179325,1.355071,NLD,DEU,820712
3802268,163,61,8690,2014,94261.0,3933558.0,0.9187049999999999,0.182685,NOR,DEU,820712
3802269,164,61,8690,2014,0.0,11306.0,-0.11988199999999999,0.655883,NPL,DEU,820712
3802270,166,61,8690,2014,0.0,235773.0,0.272502,0.21628699999999998,NZL,DEU,820712
3802271,167,61,8690,2014,0.0,88268.0,-0.505129,-1.0051370000000002,OMN,DEU,820712
3802272,168,61,8690,2014,52438.0,163410.0,-0.672924,0.566787,PAK,DEU,820712
3802273,169,61,8690,2014,0.0,285191.0,0.771742,0.9873190000000001,PAN,DEU,820712
3802274,173,61,8690,2014,24388.0,765892.0,-0.557833,0.611826,PER,DEU,820712
3802275,174,61,8690,2014,0.0,505167.0,0.637442,0.475883,PHL,DEU,820712
3802276,177,61,8690,2014,9841386.0,5573780.0,1.133102,1.177165,POL,DEU,820712
3802277,179,61,8690,2014,74669.0,1047354.0,0.621053,2.349644,PRT,DEU,820712
3802278,180,61,8690,2014,0.0,14293.0,-0.608509,-0.930679,PRY,DEU,820712
3802279,182,61,8690,2014,0.0,1358.0,0.008831,-0.6268279999999999,PYF,DEU,820712
3802280,183,61,8690,2014,0.0,2256952.0,-0.37535599999999997,-1.0196370000000001,QAT,DEU,820712
3802281,185,61,8690,2014,356181.0,1849004.0,0.9112,1.188161,ROU,DEU,820712
3802282,186,61,8690,2014,444317.0,6898362.0,0.229422,-0.214856,RUS,DEU,820712
3802283,188,61,8690,2014,35769.0,3331784.0,0.5758439999999999,-0.832692,SAU,DEU,820712
3802284,190,61,8690,2014,0.0,68984.0,-1.442381,-1.1155030000000001,SDN,DEU,820712
3802285,191,61,8690,2014,0.0,37874.0,-0.502607,-0.08866,SEN,DEU,820712
3802286,192,61,8690,2014,17008.0,544898.0,1.867492,0.626736,SGP,DEU,820712
3802287,198,61,8690,2014,5327.0,0.0,0.9675090000000001,0.582902,SMR,DEU,820712
3802288,201,61,8690,2014,1472.0,1609272.0,0.551635,1.211535,SRB,DEU,820712
3802289,205,61,8690,2014,0.0,2711.0,-0.6333989999999999,-0.857643,SUR,DEU,820712
3802290,206,61,8690,2014,90152.0,152275.0,1.334959,0.821253,SVK,DEU,820712
3802291,207,61,8690,2014,551694.0,265697.0,1.6558669999999998,0.6814399999999999,SVN,DEU,820712
3802292,208,61,8690,2014,84604.0,2230967.0,1.817752,0.558474,SWE,DEU,820712
3802293,216,61,8690,2014,18300.0,211135.0,0.977094,1.41283,THA,DEU,820712
3802294,219,61,8690,2014,0.0,283303.0,-1.217897,-1.184131,TKM,DEU,820712
3802295,222,61,8690,2014,0.0,63900.0,-0.57362,-1.117545,TTO,DEU,820712
3802296,223,61,8690,2014,12225.0,82824.0,0.343449,1.118007,TUN,DEU,820712
3802297,224,61,8690,2014,3198797.0,8710955.0,0.554761,2.385693,TUR,DEU,820712
3802298,226,61,8690,2014,0.0,8621.0,-1.054331,0.166345,TZA,DEU,820712
3802299,227,61,8690,2014,0.0,40206.0,-0.46911800000000003,0.25446599999999997,UGA,DEU,820712
3802300,228,61,8690,2014,39894.0,527540.0,0.566535,0.832267,UKR,DEU,820712
3802301,230,61,8690,2014,0.0,9281.0,0.154034,-0.380899,URY,DEU,820712
3802302,231,61,8690,2014,13276998.0,26644434.0,1.61227,0.068905,USA,DEU,820712
3802303,232,61,8690,2014,0.0,105313.0,-0.407623,-0.37150700000000003,UZB,DEU,820712
3802304,236,61,8690,2014,0.0,541137.0,-0.582086,-1.081727,VEN,DEU,820712
3802305,239,61,8690,2014,4276.0,114864.0,-0.023765,1.344416,VNM,DEU,820712
3802306,246,61,8690,2014,354629.0,548752.0,0.282927,1.723214,ZAF,DEU,820712
3802307,249,61,8690,2014,124494.0,2573.0,1.9044189999999999,1.0595139999999998,TWN,DEU,820712
3802308,2,64,8690,2014,0.0,20856.0,-1.8184900000000002,-1.149191,AGO,DNK,820712
3802309,14,64,8690,2014,0.0,1853.0,-0.398273,-0.17128,AUS,DNK,820712
3802310,15,64,8690,2014,1394.0,0.0,1.7116790000000002,-0.140232,AUT,DNK,820712
3802311,18,64,8690,2014,120793.0,0.0,1.234156,1.226441,BEL,DNK,820712
3802312,26,64,8690,2014,3214.0,0.0,0.5083300000000001,0.711704,BIH,DNK,820712
3802313,32,64,8690,2014,0.0,11327.0,0.218223,0.556921,BRA,DNK,820712
3802314,39,64,8690,2014,13472.0,0.0,0.671395,1.024683,CAN,DNK,820712
3802315,41,64,8690,2014,9778.0,2949.0,2.2000919999999997,0.65398,CHE,DNK,820712
3802316,42,64,8690,2014,0.0,1454.0,-0.344671,-0.43380799999999997,CHL,DNK,820712
3802317,43,64,8690,2014,32238.0,12141.0,1.187557,1.222085,CHN,DNK,820712
3802318,52,64,8690,2014,0.0,2910.0,0.065938,-0.687971,CRI,DNK,820712
3802319,61,64,8690,2014,1728350.0,350611.0,2.052849,-2.888805,DEU,DNK,820712
3802320,71,64,8690,2014,2768.0,1836.0,0.842147,2.45692,ESP,DNK,820712
3802321,72,64,8690,2014,3170.0,1742.0,0.9147780000000001,1.151556,EST,DNK,820712
3802322,74,64,8690,2014,27545.0,24754.0,1.626355,1.002923,FIN,DNK,820712
3802323,77,64,8690,2014,25544.0,10763.0,1.4817790000000002,0.30995,FRA,DNK,820712
3802324,78,64,8690,2014,0.0,21980.0,-0.703929,-0.86265,FRO,DNK,820712
3802325,81,64,8690,2014,492436.0,5828.0,1.697964,0.585372,GBR,DNK,820712
3802326,92,64,8690,2014,0.0,58756.0,-1.168495,-0.93096,GRL,DNK,820712
3802327,102,64,8690,2014,2473.0,0.0,1.477093,0.812869,HUN,DNK,820712
3802328,104,64,8690,2014,0.0,5155.0,0.262042,2.6305080000000003,IND,DNK,820712
3802329,106,64,8690,2014,0.0,14158.0,1.2658399999999999,0.278546,IRL,DNK,820712
3802330,110,64,8690,2014,11375.0,0.0,1.211141,0.64523,ISR,DNK,820712
3802331,111,64,8690,2014,415865.0,22587.0,1.340136,0.43931099999999995,ITA,DNK,820712
3802332,114,64,8690,2014,9465.0,0.0,2.403165,-0.635024,JPN,DNK,820712
3802333,121,64,8690,2014,23223.0,0.0,1.817145,0.8394530000000001,KOR,DNK,820712
3802334,130,64,8690,2014,31737.0,1592.0,0.764495,1.3451540000000002,LTU,DNK,820712
3802335,132,64,8690,2014,1676.0,0.0,0.613116,1.1899790000000001,LVA,DNK,820712
3802336,134,64,8690,2014,2644.0,0.0,-0.574034,0.065788,MAR,DNK,820712
3802337,138,64,8690,2014,0.0,2617.0,1.0799729999999998,0.697554,MEX,DNK,820712
3802338,162,64,8690,2014,323391.0,51500.0,1.179325,1.355071,NLD,DNK,820712
3802339,163,64,8690,2014,616628.0,869089.0,0.9187049999999999,0.182685,NOR,DNK,820712
3802340,166,64,8690,2014,0.0,1242.0,0.272502,0.21628699999999998,NZL,DNK,820712
3802341,177,64,8690,2014,41783.0,0.0,1.133102,1.177165,POL,DNK,820712
3802342,179,64,8690,2014,0.0,10183.0,0.621053,2.349644,PRT,DNK,820712
3802343,183,64,8690,2014,0.0,14089.0,-0.37535599999999997,-1.0196370000000001,QAT,DNK,820712
3802344,185,64,8690,2014,0.0,42080.0,0.9112,1.188161,ROU,DNK,820712
3802345,188,64,8690,2014,10444.0,0.0,0.5758439999999999,-0.832692,SAU,DNK,820712
3802346,192,64,8690,2014,36420.0,11057.0,1.867492,0.626736,SGP,DNK,820712
3802347,205,64,8690,2014,3669.0,0.0,-0.6333989999999999,-0.857643,SUR,DNK,820712
3802348,206,64,8690,2014,0.0,886.0,1.334959,0.821253,SVK,DNK,820712
3802349,208,64,8690,2014,174888.0,17505.0,1.817752,0.558474,SWE,DNK,820712
3802350,231,64,8690,2014,426193.0,6262.0,1.61227,0.068905,USA,DNK,820712
3802351,239,64,8690,2014,0.0,1783.0,-0.023765,1.344416,VNM,DNK,820712
3802352,249,64,8690,2014,9828.0,0.0,1.9044189999999999,1.0595139999999998,TWN,DNK,820712
3802353,32,65,8690,2014,6200.0,0.0,0.218223,0.556921,BRA,DOM,820712
3802354,39,65,8690,2014,15671.0,0.0,0.671395,1.024683,CAN,DOM,820712
3802355,42,65,8690,2014,10533.0,0.0,-0.344671,-0.43380799999999997,CHL,DOM,820712
3802356,43,65,8690,2014,13194.0,0.0,1.187557,1.222085,CHN,DOM,820712
3802357,49,65,8690,2014,993.0,0.0,0.19864500000000002,-0.378364,COL,DOM,820712
3802358,52,65,8690,2014,924.0,0.0,0.065938,-0.687971,CRI,DOM,820712
3802359,61,65,8690,2014,36617.0,1466.0,2.052849,-2.888805,DEU,DOM,820712
3802360,71,65,8690,2014,3849.0,0.0,0.842147,2.45692,ESP,DOM,820712
3802361,101,65,8690,2014,0.0,1678.0,-1.10887,-1.032108,HTI,DOM,820712
3802362,104,65,8690,2014,7877.0,0.0,0.262042,2.6305080000000003,IND,DOM,820712
3802363,111,65,8690,2014,1554.0,0.0,1.340136,0.43931099999999995,ITA,DOM,820712
3802364,114,65,8690,2014,5675.0,0.0,2.403165,-0.635024,JPN,DOM,820712
3802365,138,65,8690,2014,9281.0,0.0,1.0799729999999998,0.697554,MEX,DOM,820712
3802366,169,65,8690,2014,8437.0,1667.0,0.771742,0.9873190000000001,PAN,DOM,820712
3802367,173,65,8690,2014,58568.0,0.0,-0.557833,0.611826,PER,DOM,820712
3802368,197,65,8690,2014,965.0,0.0,0.08653999999999999,0.29088600000000003,SLV,DOM,820712
3802369,208,65,8690,2014,2721.0,0.0,1.817752,0.558474,SWE,DOM,820712
3802370,231,65,8690,2014,196581.0,17718.0,1.61227,0.068905,USA,DOM,820712
3802371,7,67,8690,2014,31414.0,0.0,0.087775,-0.289459,ARE,ECU,820712
3802372,8,67,8690,2014,0.0,23549.0,0.10691500000000001,0.44860600000000006,ARG,ECU,820712
3802373,15,67,8690,2014,18794.0,0.0,1.7116790000000002,-0.140232,AUT,ECU,820712
3802374,18,67,8690,2014,140608.0,70959.0,1.234156,1.226441,BEL,ECU,820712
3802375,31,67,8690,2014,6302.0,0.0,-1.129494,-1.030198,BOL,ECU,820712
3802376,32,67,8690,2014,378105.0,0.0,0.218223,0.556921,BRA,ECU,820712
3802377,39,67,8690,2014,534560.0,0.0,0.671395,1.024683,CAN,ECU,820712
3802378,41,67,8690,2014,949.0,0.0,2.2000919999999997,0.65398,CHE,ECU,820712
3802379,42,67,8690,2014,145993.0,0.0,-0.344671,-0.43380799999999997,CHL,ECU,820712
3802380,43,67,8690,2014,1520640.0,0.0,1.187557,1.222085,CHN,ECU,820712
3802381,49,67,8690,2014,1348099.0,66667.0,0.19864500000000002,-0.378364,COL,ECU,820712
3802382,52,67,8690,2014,1290.0,0.0,0.065938,-0.687971,CRI,ECU,820712
3802383,61,67,8690,2014,71248.0,0.0,2.052849,-2.888805,DEU,ECU,820712
3802384,71,67,8690,2014,1543.0,0.0,0.842147,2.45692,ESP,ECU,820712
3802385,74,67,8690,2014,14127.0,0.0,1.626355,1.002923,FIN,ECU,820712
3802386,77,67,8690,2014,25888.0,3389.0,1.4817790000000002,0.30995,FRA,ECU,820712
3802387,81,67,8690,2014,635654.0,0.0,1.697964,0.585372,GBR,ECU,820712
3802388,97,67,8690,2014,886.0,0.0,0.812132,1.722493,HKG,ECU,820712
3802389,100,67,8690,2014,1212.0,0.0,0.804401,1.250807,HRV,ECU,820712
3802390,103,67,8690,2014,48498.0,66089.0,-0.088032,1.3966459999999998,IDN,ECU,820712
3802391,104,67,8690,2014,33480.0,0.0,0.262042,2.6305080000000003,IND,ECU,820712
3802392,111,67,8690,2014,17484.0,1797.0,1.340136,0.43931099999999995,ITA,ECU,820712
3802393,114,67,8690,2014,3206.0,0.0,2.403165,-0.635024,JPN,ECU,820712
3802394,121,67,8690,2014,51427.0,0.0,1.817145,0.8394530000000001,KOR,ECU,820712
3802395,138,67,8690,2014,72489.0,22666.0,1.0799729999999998,0.697554,MEX,ECU,820712
3802396,153,67,8690,2014,27766.0,0.0,1.018138,0.774649,MYS,ECU,820712
3802397,162,67,8690,2014,97601.0,0.0,1.179325,1.355071,NLD,ECU,820712
3802398,163,67,8690,2014,654.0,0.0,0.9187049999999999,0.182685,NOR,ECU,820712
3802399,166,67,8690,2014,17878.0,70467.0,0.272502,0.21628699999999998,NZL,ECU,820712
3802400,167,67,8690,2014,6350.0,0.0,-0.505129,-1.0051370000000002,OMN,ECU,820712
3802401,173,67,8690,2014,321795.0,150599.0,-0.557833,0.611826,PER,ECU,820712
3802402,188,67,8690,2014,52964.0,0.0,0.5758439999999999,-0.832692,SAU,ECU,820712
3802403,192,67,8690,2014,230300.0,0.0,1.867492,0.626736,SGP,ECU,820712
3802404,197,67,8690,2014,4132.0,2165.0,0.08653999999999999,0.29088600000000003,SLV,ECU,820712
3802405,208,67,8690,2014,1308712.0,33270.0,1.817752,0.558474,SWE,ECU,820712
3802406,222,67,8690,2014,2327.0,0.0,-0.57362,-1.117545,TTO,ECU,820712
3802407,223,67,8690,2014,5163.0,0.0,0.343449,1.118007,TUN,ECU,820712
3802408,229,67,8690,2014,14309.0,0.0,1.530519,0.44350600000000007,UMI,ECU,820712
3802409,231,67,8690,2014,15837176.0,2788642.0,1.61227,0.068905,USA,ECU,820712
3802410,246,67,8690,2014,574555.0,0.0,0.282927,1.723214,ZAF,ECU,820712
3802411,249,67,8690,2014,76785.0,0.0,1.9044189999999999,1.0595139999999998,TWN,ECU,820712
3802412,1,71,8690,2014,0.0,1727.0,-0.924386,-0.839385,AFG,ESP,820712
3802413,5,71,8690,2014,0.0,30283.0,0.533246,-0.41617,AND,ESP,820712
3802414,7,71,8690,2014,0.0,77805.0,0.087775,-0.289459,ARE,ESP,820712
3802415,8,71,8690,2014,0.0,10900.0,0.10691500000000001,0.44860600000000006,ARG,ESP,820712
3802416,14,71,8690,2014,0.0,3956.0,-0.398273,-0.17128,AUS,ESP,820712
3802417,15,71,8690,2014,728788.0,6611.0,1.7116790000000002,-0.140232,AUT,ESP,820712
3802418,18,71,8690,2014,167313.0,137142.0,1.234156,1.226441,BEL,ESP,820712
3802419,19,71,8690,2014,0.0,20237.0,-0.342225,-0.618789,BEN,ESP,820712
3802420,24,71,8690,2014,0.0,38334.0,0.460168,-0.41671099999999994,BHR,ESP,820712
3802421,26,71,8690,2014,0.0,1203.0,0.5083300000000001,0.711704,BIH,ESP,820712
3802422,31,71,8690,2014,0.0,12974.0,-1.129494,-1.030198,BOL,ESP,820712
3802423,32,71,8690,2014,727408.0,224785.0,0.218223,0.556921,BRA,ESP,820712
3802424,39,71,8690,2014,963672.0,27908.0,0.671395,1.024683,CAN,ESP,820712
3802425,41,71,8690,2014,37998.0,29902.0,2.2000919999999997,0.65398,CHE,ESP,820712
3802426,42,71,8690,2014,36822.0,189962.0,-0.344671,-0.43380799999999997,CHL,ESP,820712
3802427,43,71,8690,2014,1485374.0,6403.0,1.187557,1.222085,CHN,ESP,820712
3802428,44,71,8690,2014,0.0,4960.0,-0.737625,-0.768728,CIV,ESP,820712
3802429,47,71,8690,2014,0.0,14689.0,-1.371624,-1.12468,COG,ESP,820712
3802430,49,71,8690,2014,0.0,134219.0,0.19864500000000002,-0.378364,COL,ESP,820712
3802431,51,71,8690,2014,0.0,18587.0,-0.182368,-0.7136359999999999,CPV,ESP,820712
3802432,52,71,8690,2014,0.0,10136.0,0.065938,-0.687971,CRI,ESP,820712
3802433,54,71,8690,2014,0.0,88401.0,-0.476786,-0.952291,CUB,ESP,820712
3802434,58,71,8690,2014,0.0,3692.0,0.627467,0.483725,CYP,ESP,820712
3802435,59,71,8690,2014,2611.0,4125.0,1.8105830000000003,0.131131,CZE,ESP,820712
3802436,61,71,8690,2014,2454988.0,553820.0,2.052849,-2.888805,DEU,ESP,820712
3802437,64,71,8690,2014,1836.0,2768.0,1.10869,1.245193,DNK,ESP,820712
3802438,65,71,8690,2014,0.0,3849.0,-0.180845,0.508512,DOM,ESP,820712
3802439,66,71,8690,2014,0.0,431131.0,-1.5554649999999999,-1.1657030000000002,DZA,ESP,820712
3802440,67,71,8690,2014,0.0,1543.0,-1.066865,-1.052921,ECU,ESP,820712
3802441,68,71,8690,2014,0.0,7774.0,-0.086866,1.7419669999999998,EGY,ESP,820712
3802442,72,71,8690,2014,0.0,994.0,0.9147780000000001,1.151556,EST,ESP,820712
3802443,74,71,8690,2014,24379.0,50598.0,1.626355,1.002923,FIN,ESP,820712
3802444,77,71,8690,2014,232793.0,872392.0,1.4817790000000002,0.30995,FRA,ESP,820712
3802445,81,71,8690,2014,863153.0,1542145.0,1.697964,0.585372,GBR,ESP,820712
3802446,84,71,8690,2014,0.0,1681.0,0.275796,-0.720217,GIB,ESP,820712
3802447,89,71,8690,2014,0.0,165930.0,-2.043516,-0.844701,GNQ,ESP,820712
3802448,93,71,8690,2014,0.0,100967.0,-0.36547199999999996,0.548894,GTM,ESP,820712
3802449,97,71,8690,2014,7169.0,6791.0,0.812132,1.722493,HKG,ESP,820712
3802450,99,71,8690,2014,0.0,7819.0,-0.467004,0.045511,HND,ESP,820712
3802451,100,71,8690,2014,0.0,5780.0,0.804401,1.250807,HRV,ESP,820712
3802452,102,71,8690,2014,0.0,9473.0,1.477093,0.812869,HUN,ESP,820712
3802453,103,71,8690,2014,0.0,4620.0,-0.088032,1.3966459999999998,IDN,ESP,820712
3802454,104,71,8690,2014,69011.0,12695.0,0.262042,2.6305080000000003,IND,ESP,820712
3802455,106,71,8690,2014,3553.0,6084.0,1.2658399999999999,0.278546,IRL,ESP,820712
3802456,107,71,8690,2014,0.0,15585.0,-0.361058,-0.312743,IRN,ESP,820712
3802457,109,71,8690,2014,0.0,763.0,0.127891,-0.302014,ISL,ESP,820712
3802458,110,71,8690,2014,2976.0,1944.0,1.211141,0.64523,ISR,ESP,820712
3802459,111,71,8690,2014,3367901.0,104935.0,1.340136,0.43931099999999995,ITA,ESP,820712
3802460,114,71,8690,2014,11264.0,0.0,2.403165,-0.635024,JPN,ESP,820712
3802461,115,71,8690,2014,0.0,137514.0,-0.210431,-0.574075,KAZ,ESP,820712
3802462,121,71,8690,2014,87642.0,1492.0,1.817145,0.8394530000000001,KOR,ESP,820712
3802463,124,71,8690,2014,0.0,6723.0,0.308677,1.7564490000000001,LBN,ESP,820712
3802464,126,71,8690,2014,0.0,1859.0,-1.5943829999999999,-1.189961,LBY,ESP,820712
3802465,130,71,8690,2014,61669.0,3988.0,0.764495,1.3451540000000002,LTU,ESP,820712
3802466,131,71,8690,2014,14236.0,0.0,1.243845,1.155474,LUX,ESP,820712
3802467,132,71,8690,2014,0.0,1197.0,0.613116,1.1899790000000001,LVA,ESP,820712
3802468,134,71,8690,2014,3179.0,806698.0,-0.574034,0.065788,MAR,ESP,820712
3802469,138,71,8690,2014,1002.0,546944.0,1.0799729999999998,0.697554,MEX,ESP,820712
3802470,141,71,8690,2014,0.0,9260.0,-1.199063,-1.05497,MLI,ESP,820712
3802471,148,71,8690,2014,19786.0,4944.0,-1.458551,-1.225373,MRT,ESP,820712
3802472,153,71,8690,2014,0.0,3012.0,1.018138,0.774649,MYS,ESP,820712
3802473,162,71,8690,2014,583777.0,23705.0,1.179325,1.355071,NLD,ESP,820712
3802474,163,71,8690,2014,0.0,48834.0,0.9187049999999999,0.182685,NOR,ESP,820712
3802475,169,71,8690,2014,0.0,13062.0,0.771742,0.9873190000000001,PAN,ESP,820712
3802476,173,71,8690,2014,60080.0,262727.0,-0.557833,0.611826,PER,ESP,820712
3802477,174,71,8690,2014,0.0,31690.0,0.637442,0.475883,PHL,ESP,820712
3802478,177,71,8690,2014,307765.0,639959.0,1.133102,1.177165,POL,ESP,820712
3802479,179,71,8690,2014,733311.0,882012.0,0.621053,2.349644,PRT,ESP,820712
3802480,180,71,8690,2014,0.0,4432.0,-0.608509,-0.930679,PRY,ESP,820712
3802481,183,71,8690,2014,0.0,18373.0,-0.37535599999999997,-1.0196370000000001,QAT,ESP,820712
3802482,185,71,8690,2014,0.0,17300.0,0.9112,1.188161,ROU,ESP,820712
3802483,186,71,8690,2014,0.0,183934.0,0.229422,-0.214856,RUS,ESP,820712
3802484,188,71,8690,2014,136989.0,232466.0,0.5758439999999999,-0.832692,SAU,ESP,820712
3802485,190,71,8690,2014,0.0,1696.0,-1.442381,-1.1155030000000001,SDN,ESP,820712
3802486,191,71,8690,2014,0.0,7177.0,-0.502607,-0.08866,SEN,ESP,820712
3802487,192,71,8690,2014,53779.0,1704.0,1.867492,0.626736,SGP,ESP,820712
3802488,197,71,8690,2014,0.0,7638.0,0.08653999999999999,0.29088600000000003,SLV,ESP,820712
3802489,201,71,8690,2014,0.0,7575.0,0.551635,1.211535,SRB,ESP,820712
3802490,206,71,8690,2014,0.0,6788.0,1.334959,0.821253,SVK,ESP,820712
3802491,207,71,8690,2014,0.0,4193.0,1.6558669999999998,0.6814399999999999,SVN,ESP,820712
3802492,208,71,8690,2014,13878.0,15073.0,1.817752,0.558474,SWE,ESP,820712
3802493,215,71,8690,2014,0.0,77632.0,-0.524103,-0.537643,TGO,ESP,820712
3802494,216,71,8690,2014,2270.0,0.0,0.977094,1.41283,THA,ESP,820712
3802495,223,71,8690,2014,0.0,25533.0,0.343449,1.118007,TUN,ESP,820712
3802496,224,71,8690,2014,375090.0,20303.0,0.554761,2.385693,TUR,ESP,820712
3802497,228,71,8690,2014,0.0,4135.0,0.566535,0.832267,UKR,ESP,820712
3802498,230,71,8690,2014,0.0,11092.0,0.154034,-0.380899,URY,ESP,820712
3802499,231,71,8690,2014,871877.0,7688.0,1.61227,0.068905,USA,ESP,820712
3802500,246,71,8690,2014,121913.0,46882.0,0.282927,1.723214,ZAF,ESP,820712
3802501,248,71,8690,2014,0.0,1328.0,-0.821369,-0.864232,ZWE,ESP,820712
3802502,249,71,8690,2014,24288.0,0.0,1.9044189999999999,1.0595139999999998,TWN,ESP,820712
3802503,250,71,8690,2014,17813.0,273882.0,0.506842,0.049545,ANS,ESP,820712
3802504,15,72,8690,2014,5927.0,0.0,1.7116790000000002,-0.140232,AUT,EST,820712
3802505,39,72,8690,2014,0.0,896.0,0.671395,1.024683,CAN,EST,820712
3802506,43,72,8690,2014,92611.0,0.0,1.187557,1.222085,CHN,EST,820712
3802507,59,72,8690,2014,27842.0,0.0,1.8105830000000003,0.131131,CZE,EST,820712
3802508,61,72,8690,2014,327720.0,0.0,2.052849,-2.888805,DEU,EST,820712
3802509,64,72,8690,2014,1742.0,3170.0,1.10869,1.245193,DNK,EST,820712
3802510,71,72,8690,2014,994.0,0.0,0.842147,2.45692,ESP,EST,820712
3802511,74,72,8690,2014,19300.0,59319.0,1.626355,1.002923,FIN,EST,820712
3802512,81,72,8690,2014,1658.0,0.0,1.697964,0.585372,GBR,EST,820712
3802513,102,72,8690,2014,3112.0,0.0,1.477093,0.812869,HUN,EST,820712
3802514,111,72,8690,2014,82942.0,0.0,1.340136,0.43931099999999995,ITA,EST,820712
3802515,121,72,8690,2014,73366.0,0.0,1.817145,0.8394530000000001,KOR,EST,820712
3802516,130,72,8690,2014,5027.0,28647.0,0.764495,1.3451540000000002,LTU,EST,820712
3802517,132,72,8690,2014,0.0,57715.0,0.613116,1.1899790000000001,LVA,EST,820712
3802518,138,72,8690,2014,70052.0,0.0,1.0799729999999998,0.697554,MEX,EST,820712
3802519,162,72,8690,2014,2724.0,0.0,1.179325,1.355071,NLD,EST,820712
3802520,177,72,8690,2014,426112.0,16069.0,1.133102,1.177165,POL,EST,820712
3802521,186,72,8690,2014,131298.0,115791.0,0.229422,-0.214856,RUS,EST,820712
3802522,208,72,8690,2014,315313.0,13330.0,1.817752,0.558474,SWE,EST,820712
3802523,224,72,8690,2014,1532.0,0.0,0.554761,2.385693,TUR,EST,820712
3802524,231,72,8690,2014,114591.0,0.0,1.61227,0.068905,USA,EST,820712
3802525,250,72,8690,2014,22001.0,0.0,0.506842,0.049545,ANS,EST,820712
3802526,7,74,8690,2014,0.0,12408.0,0.087775,-0.289459,ARE,FIN,820712
3802527,8,74,8690,2014,0.0,47478.0,0.10691500000000001,0.44860600000000006,ARG,FIN,820712
3802528,14,74,8690,2014,72457.0,147412.0,-0.398273,-0.17128,AUS,FIN,820712
3802529,15,74,8690,2014,13928.0,11103.0,1.7116790000000002,-0.140232,AUT,FIN,820712
3802530,18,74,8690,2014,182021.0,3151.0,1.234156,1.226441,BEL,FIN,820712
3802531,23,74,8690,2014,7613.0,0.0,0.579058,1.6558110000000001,BGR,FIN,820712
3802532,31,74,8690,2014,0.0,1983.0,-1.129494,-1.030198,BOL,FIN,820712
3802533,32,74,8690,2014,0.0,64961.0,0.218223,0.556921,BRA,FIN,820712
3802534,39,74,8690,2014,1925153.0,184358.0,0.671395,1.024683,CAN,FIN,820712
3802535,41,74,8690,2014,14251.0,708.0,2.2000919999999997,0.65398,CHE,FIN,820712
3802536,42,74,8690,2014,72245.0,22309.0,-0.344671,-0.43380799999999997,CHL,FIN,820712
3802537,43,74,8690,2014,1293498.0,67150.0,1.187557,1.222085,CHN,FIN,820712
3802538,49,74,8690,2014,0.0,3986.0,0.19864500000000002,-0.378364,COL,FIN,820712
3802539,52,74,8690,2014,0.0,5917.0,0.065938,-0.687971,CRI,FIN,820712
3802540,59,74,8690,2014,20181.0,2038.0,1.8105830000000003,0.131131,CZE,FIN,820712
3802541,61,74,8690,2014,1295761.0,89479.0,2.052849,-2.888805,DEU,FIN,820712
3802542,64,74,8690,2014,24754.0,27545.0,1.10869,1.245193,DNK,FIN,820712
3802543,66,74,8690,2014,0.0,21729.0,-1.5554649999999999,-1.1657030000000002,DZA,FIN,820712
3802544,67,74,8690,2014,0.0,14127.0,-1.066865,-1.052921,ECU,FIN,820712
3802545,71,74,8690,2014,50598.0,24379.0,0.842147,2.45692,ESP,FIN,820712
3802546,72,74,8690,2014,59319.0,19300.0,0.9147780000000001,1.151556,EST,FIN,820712
3802547,73,74,8690,2014,0.0,454.0,-1.296535,-1.045942,ETH,FIN,820712
3802548,77,74,8690,2014,70960.0,252226.0,1.4817790000000002,0.30995,FRA,FIN,820712
3802549,81,74,8690,2014,1128282.0,5853.0,1.697964,0.585372,GBR,FIN,820712
3802550,83,74,8690,2014,0.0,113772.0,-1.130226,-0.9909379999999999,GHA,FIN,820712
3802551,90,74,8690,2014,0.0,1203.0,0.149337,0.8560540000000001,GRC,FIN,820712
3802552,92,74,8690,2014,0.0,834.0,-1.168495,-0.93096,GRL,FIN,820712
3802553,97,74,8690,2014,0.0,718068.0,0.812132,1.722493,HKG,FIN,820712
3802554,99,74,8690,2014,0.0,3207.0,-0.467004,0.045511,HND,FIN,820712
3802555,100,74,8690,2014,1811.0,0.0,0.804401,1.250807,HRV,FIN,820712
3802556,103,74,8690,2014,0.0,9848.0,-0.088032,1.3966459999999998,IDN,FIN,820712
3802557,104,74,8690,2014,23733.0,3001.0,0.262042,2.6305080000000003,IND,FIN,820712
3802558,109,74,8690,2014,0.0,11373.0,0.127891,-0.302014,ISL,FIN,820712
3802559,111,74,8690,2014,20516.0,135046.0,1.340136,0.43931099999999995,ITA,FIN,820712
3802560,114,74,8690,2014,960.0,66232.0,2.403165,-0.635024,JPN,FIN,820712
3802561,115,74,8690,2014,0.0,31461.0,-0.210431,-0.574075,KAZ,FIN,820712
3802562,121,74,8690,2014,1442657.0,13430.0,1.817145,0.8394530000000001,KOR,FIN,820712
3802563,122,74,8690,2014,0.0,1679.0,-0.769616,-1.10667,KWT,FIN,820712
3802564,123,74,8690,2014,0.0,99403.0,-1.054294,-0.869916,LAO,FIN,820712
3802565,130,74,8690,2014,0.0,8211.0,0.764495,1.3451540000000002,LTU,FIN,820712
3802566,132,74,8690,2014,0.0,2377.0,0.613116,1.1899790000000001,LVA,FIN,820712
3802567,134,74,8690,2014,0.0,25490.0,-0.574034,0.065788,MAR,FIN,820712
3802568,138,74,8690,2014,0.0,54725.0,1.0799729999999998,0.697554,MEX,FIN,820712
3802569,140,74,8690,2014,0.0,3672.0,-0.039799,-0.05545,MKD,FIN,820712
3802570,147,74,8690,2014,0.0,2568.0,-1.1993610000000001,-1.040181,MOZ,FIN,820712
3802571,159,74,8690,2014,0.0,47173.0,-1.2126430000000001,-1.059697,NGA,FIN,820712
3802572,160,74,8690,2014,0.0,10981.0,-0.938269,-0.839066,NIC,FIN,820712
3802573,162,74,8690,2014,184687.0,93487.0,1.179325,1.355071,NLD,FIN,820712
3802574,163,74,8690,2014,20298.0,240292.0,0.9187049999999999,0.182685,NOR,FIN,820712
3802575,166,74,8690,2014,0.0,147295.0,0.272502,0.21628699999999998,NZL,FIN,820712
3802576,169,74,8690,2014,0.0,5276.0,0.771742,0.9873190000000001,PAN,FIN,820712
3802577,173,74,8690,2014,49641.0,101952.0,-0.557833,0.611826,PER,FIN,820712
3802578,177,74,8690,2014,137890.0,13743.0,1.133102,1.177165,POL,FIN,820712
3802579,179,74,8690,2014,0.0,45642.0,0.621053,2.349644,PRT,FIN,820712
3802580,180,74,8690,2014,0.0,4180.0,-0.608509,-0.930679,PRY,FIN,820712
3802581,185,74,8690,2014,0.0,141660.0,0.9112,1.188161,ROU,FIN,820712
3802582,186,74,8690,2014,2817.0,532964.0,0.229422,-0.214856,RUS,FIN,820712
3802583,192,74,8690,2014,1989.0,0.0,1.867492,0.626736,SGP,FIN,820712
3802584,201,74,8690,2014,0.0,4374.0,0.551635,1.211535,SRB,FIN,820712
3802585,207,74,8690,2014,0.0,1030.0,1.6558669999999998,0.6814399999999999,SVN,FIN,820712
3802586,208,74,8690,2014,648918.0,1272362.0,1.817752,0.558474,SWE,FIN,820712
3802587,216,74,8690,2014,0.0,53771.0,0.977094,1.41283,THA,FIN,820712
3802588,217,74,8690,2014,0.0,29071.0,-0.706823,-0.993756,TJK,FIN,820712
3802589,224,74,8690,2014,14107.0,10251.0,0.554761,2.385693,TUR,FIN,820712
3802590,228,74,8690,2014,0.0,69796.0,0.566535,0.832267,UKR,FIN,820712
3802591,230,74,8690,2014,0.0,38974.0,0.154034,-0.380899,URY,FIN,820712
3802592,231,74,8690,2014,106050.0,676044.0,1.61227,0.068905,USA,FIN,820712
3802593,232,74,8690,2014,0.0,59815.0,-0.407623,-0.37150700000000003,UZB,FIN,820712
3802594,236,74,8690,2014,0.0,13045.0,-0.582086,-1.081727,VEN,FIN,820712
3802595,239,74,8690,2014,0.0,61898.0,-0.023765,1.344416,VNM,FIN,820712
3802596,246,74,8690,2014,8358.0,137632.0,0.282927,1.723214,ZAF,FIN,820712
3802597,247,74,8690,2014,0.0,7732.0,-0.664089,-0.793452,ZMB,FIN,820712
3802598,248,74,8690,2014,0.0,85397.0,-0.821369,-0.864232,ZWE,FIN,820712
3802599,249,74,8690,2014,0.0,4416.0,1.9044189999999999,1.0595139999999998,TWN,FIN,820712
3802600,2,77,8690,2014,0.0,2435499.0,-1.8184900000000002,-1.149191,AGO,FRA,820712
3802601,4,77,8690,2014,40025.0,0.0,-0.476024,-0.33978400000000003,ALB,FRA,820712
3802602,7,77,8690,2014,86210.0,3729800.0,0.087775,-0.289459,ARE,FRA,820712
3802603,8,77,8690,2014,0.0,895.0,0.10691500000000001,0.44860600000000006,ARG,FRA,820712
3802604,14,77,8690,2014,65159.0,335801.0,-0.398273,-0.17128,AUS,FRA,820712
3802605,15,77,8690,2014,1159462.0,93565.0,1.7116790000000002,-0.140232,AUT,FRA,820712
3802606,18,77,8690,2014,514797.0,239619.0,1.234156,1.226441,BEL,FRA,820712
3802607,19,77,8690,2014,0.0,43320.0,-0.342225,-0.618789,BEN,FRA,820712
3802608,21,77,8690,2014,0.0,129948.0,-0.922401,-0.9554379999999999,BFA,FRA,820712
3802609,22,77,8690,2014,0.0,20382.0,-1.0341879999999999,-0.9614870000000001,BGD,FRA,820712
3802610,23,77,8690,2014,20626.0,1384.0,0.579058,1.6558110000000001,BGR,FRA,820712
3802611,24,77,8690,2014,0.0,3757.0,0.460168,-0.41671099999999994,BHR,FRA,820712
3802612,26,77,8690,2014,0.0,27132.0,0.5083300000000001,0.711704,BIH,FRA,820712
3802613,28,77,8690,2014,0.0,2127.0,0.874108,0.676231,BLR,FRA,820712
3802614,31,77,8690,2014,0.0,46144.0,-1.129494,-1.030198,BOL,FRA,820712
3802615,32,77,8690,2014,5166.0,329206.0,0.218223,0.556921,BRA,FRA,820712
3802616,39,77,8690,2014,2801491.0,709582.0,0.671395,1.024683,CAN,FRA,820712
3802617,41,77,8690,2014,245295.0,602733.0,2.2000919999999997,0.65398,CHE,FRA,820712
3802618,42,77,8690,2014,19528.0,10403.0,-0.344671,-0.43380799999999997,CHL,FRA,820712
3802619,43,77,8690,2014,1728103.0,527944.0,1.187557,1.222085,CHN,FRA,820712
3802620,44,77,8690,2014,120426.0,674278.0,-0.737625,-0.768728,CIV,FRA,820712
3802621,45,77,8690,2014,0.0,476489.0,-0.6723520000000001,-0.945084,CMR,FRA,820712
3802622,46,77,8690,2014,0.0,254796.0,-1.6680240000000002,-1.1265129999999999,COD,FRA,820712
3802623,47,77,8690,2014,16790.0,1344620.0,-1.371624,-1.12468,COG,FRA,820712
3802624,49,77,8690,2014,0.0,24782.0,0.19864500000000002,-0.378364,COL,FRA,820712
3802625,58,77,8690,2014,0.0,8674.0,0.627467,0.483725,CYP,FRA,820712
3802626,59,77,8690,2014,249086.0,8834.0,1.8105830000000003,0.131131,CZE,FRA,820712
3802627,61,77,8690,2014,6249466.0,576937.0,2.052849,-2.888805,DEU,FRA,820712
3802628,64,77,8690,2014,10763.0,25544.0,1.10869,1.245193,DNK,FRA,820712
3802629,66,77,8690,2014,172990.0,8753180.0,-1.5554649999999999,-1.1657030000000002,DZA,FRA,820712
3802630,67,77,8690,2014,3389.0,25888.0,-1.066865,-1.052921,ECU,FRA,820712
3802631,68,77,8690,2014,0.0,1759094.0,-0.086866,1.7419669999999998,EGY,FRA,820712
3802632,71,77,8690,2014,872392.0,232793.0,0.842147,2.45692,ESP,FRA,820712
3802633,73,77,8690,2014,213028.0,60678.0,-1.296535,-1.045942,ETH,FRA,820712
3802634,74,77,8690,2014,252226.0,70960.0,1.626355,1.002923,FIN,FRA,820712
3802635,75,77,8690,2014,0.0,80625.0,-0.306346,-0.07688500000000001,FJI,FRA,820712
3802636,80,77,8690,2014,46094.0,1118056.0,-1.625474,-1.135973,GAB,FRA,820712
3802637,81,77,8690,2014,890616.0,2043560.0,1.697964,0.585372,GBR,FRA,820712
3802638,82,77,8690,2014,0.0,2062.0,-0.254106,-0.646584,GEO,FRA,820712
3802639,83,77,8690,2014,3553.0,275418.0,-1.130226,-0.9909379999999999,GHA,FRA,820712
3802640,85,77,8690,2014,0.0,11309.0,-1.628409,-1.202473,GIN,FRA,820712
3802641,89,77,8690,2014,0.0,29743.0,-2.043516,-0.844701,GNQ,FRA,820712
3802642,90,77,8690,2014,10372.0,52332.0,0.149337,0.8560540000000001,GRC,FRA,820712
3802643,93,77,8690,2014,0.0,82774.0,-0.36547199999999996,0.548894,GTM,FRA,820712
3802644,97,77,8690,2014,17567.0,15949.0,0.812132,1.722493,HKG,FRA,820712
3802645,100,77,8690,2014,104771.0,4032.0,0.804401,1.250807,HRV,FRA,820712
3802646,101,77,8690,2014,0.0,26033.0,-1.10887,-1.032108,HTI,FRA,820712
3802647,102,77,8690,2014,0.0,63914.0,1.477093,0.812869,HUN,FRA,820712
3802648,103,77,8690,2014,14443.0,2537283.0,-0.088032,1.3966459999999998,IDN,FRA,820712
3802649,104,77,8690,2014,630046.0,186455.0,0.262042,2.6305080000000003,IND,FRA,820712
3802650,107,77,8690,2014,0.0,4146.0,-0.361058,-0.312743,IRN,FRA,820712
3802651,108,77,8690,2014,119350.0,1127342.0,-2.9169,-0.882023,IRQ,FRA,820712
3802652,110,77,8690,2014,15009.0,275260.0,1.211141,0.64523,ISR,FRA,820712
3802653,111,77,8690,2014,1301016.0,1643216.0,1.340136,0.43931099999999995,ITA,FRA,820712
3802654,112,77,8690,2014,0.0,2671.0,-0.42745299999999997,-0.7750130000000001,JAM,FRA,820712
3802655,113,77,8690,2014,0.0,30626.0,0.210208,0.48732299999999995,JOR,FRA,820712
3802656,114,77,8690,2014,97939.0,74702.0,2.403165,-0.635024,JPN,FRA,820712
3802657,115,77,8690,2014,5735.0,730636.0,-0.210431,-0.574075,KAZ,FRA,820712
3802658,116,77,8690,2014,0.0,269785.0,-0.487058,0.307288,KEN,FRA,820712
3802659,117,77,8690,2014,6605.0,1273.0,-0.31942600000000004,-0.012454,KGZ,FRA,820712
3802660,121,77,8690,2014,491999.0,3622.0,1.817145,0.8394530000000001,KOR,FRA,820712
3802661,122,77,8690,2014,30543.0,1779359.0,-0.769616,-1.10667,KWT,FRA,820712
3802662,124,77,8690,2014,0.0,124797.0,0.308677,1.7564490000000001,LBN,FRA,820712
3802663,126,77,8690,2014,0.0,768829.0,-1.5943829999999999,-1.189961,LBY,FRA,820712
3802664,130,77,8690,2014,110971.0,21785.0,0.764495,1.3451540000000002,LTU,FRA,820712
3802665,131,77,8690,2014,81726.0,141917.0,1.243845,1.155474,LUX,FRA,820712
3802666,132,77,8690,2014,0.0,2919.0,0.613116,1.1899790000000001,LVA,FRA,820712
3802667,134,77,8690,2014,1429.0,570508.0,-0.574034,0.065788,MAR,FRA,820712
3802668,136,77,8690,2014,0.0,111766.0,-1.002122,-0.44446,MDG,FRA,820712
3802669,138,77,8690,2014,4563565.0,233269.0,1.0799729999999998,0.697554,MEX,FRA,820712
3802670,140,77,8690,2014,0.0,3082.0,-0.039799,-0.05545,MKD,FRA,820712
3802671,141,77,8690,2014,0.0,14006.0,-1.199063,-1.05497,MLI,FRA,820712
3802672,143,77,8690,2014,0.0,34842.0,-1.5332459999999999,-1.145973,MMR,FRA,820712
3802673,147,77,8690,2014,0.0,5789.0,-1.1993610000000001,-1.040181,MOZ,FRA,820712
3802674,148,77,8690,2014,0.0,369570.0,-1.458551,-1.225373,MRT,FRA,820712
3802675,151,77,8690,2014,0.0,1891.0,-0.029891,-0.12431099999999999,MUS,FRA,820712
3802676,153,77,8690,2014,0.0,698189.0,1.018138,0.774649,MYS,FRA,820712
3802677,156,77,8690,2014,0.0,184576.0,-0.509789,-0.767484,NCL,FRA,820712
3802678,157,77,8690,2014,0.0,984531.0,-0.7187,-0.80918,NER,FRA,820712
3802679,159,77,8690,2014,32539.0,770120.0,-1.2126430000000001,-1.059697,NGA,FRA,820712
3802680,162,77,8690,2014,264254.0,2164245.0,1.179325,1.355071,NLD,FRA,820712
3802681,163,77,8690,2014,27098.0,295067.0,0.9187049999999999,0.182685,NOR,FRA,820712
3802682,166,77,8690,2014,0.0,9394.0,0.272502,0.21628699999999998,NZL,FRA,820712
3802683,167,77,8690,2014,0.0,244395.0,-0.505129,-1.0051370000000002,OMN,FRA,820712
3802684,168,77,8690,2014,0.0,1009443.0,-0.672924,0.566787,PAK,FRA,820712
3802685,173,77,8690,2014,0.0,74430.0,-0.557833,0.611826,PER,FRA,820712
3802686,174,77,8690,2014,0.0,169106.0,0.637442,0.475883,PHL,FRA,820712
3802687,177,77,8690,2014,518631.0,395245.0,1.133102,1.177165,POL,FRA,820712
3802688,179,77,8690,2014,370853.0,599117.0,0.621053,2.349644,PRT,FRA,820712
3802689,182,77,8690,2014,0.0,39079.0,0.008831,-0.6268279999999999,PYF,FRA,820712
3802690,183,77,8690,2014,0.0,1016781.0,-0.37535599999999997,-1.0196370000000001,QAT,FRA,820712
3802691,185,77,8690,2014,1047.0,118269.0,0.9112,1.188161,ROU,FRA,820712
3802692,186,77,8690,2014,166380.0,1642637.0,0.229422,-0.214856,RUS,FRA,820712
3802693,187,77,8690,2014,0.0,4773.0,-0.5692659999999999,-0.447859,RWA,FRA,820712
3802694,188,77,8690,2014,277083.0,8091998.0,0.5758439999999999,-0.832692,SAU,FRA,820712
3802695,190,77,8690,2014,0.0,1356743.0,-1.442381,-1.1155030000000001,SDN,FRA,820712
3802696,191,77,8690,2014,0.0,128343.0,-0.502607,-0.08866,SEN,FRA,820712
3802697,192,77,8690,2014,166332.0,651266.0,1.867492,0.626736,SGP,FRA,820712
3802698,196,77,8690,2014,0.0,11005.0,-0.9228569999999999,-0.791482,SLE,FRA,820712
3802699,201,77,8690,2014,0.0,190985.0,0.551635,1.211535,SRB,FRA,820712
3802700,206,77,8690,2014,0.0,16020.0,1.334959,0.821253,SVK,FRA,820712
3802701,207,77,8690,2014,0.0,66389.0,1.6558669999999998,0.6814399999999999,SVN,FRA,820712
3802702,208,77,8690,2014,72783.0,23612.0,1.817752,0.558474,SWE,FRA,820712
3802703,214,77,8690,2014,0.0,256702.0,-2.012048,-0.921558,TCD,FRA,820712
3802704,215,77,8690,2014,0.0,304640.0,-0.524103,-0.537643,TGO,FRA,820712
3802705,216,77,8690,2014,76893.0,190288.0,0.977094,1.41283,THA,FRA,820712
3802706,217,77,8690,2014,0.0,2442.0,-0.706823,-0.993756,TJK,FRA,820712
3802707,223,77,8690,2014,5792.0,639942.0,0.343449,1.118007,TUN,FRA,820712
3802708,224,77,8690,2014,14952.0,1557879.0,0.554761,2.385693,TUR,FRA,820712
3802709,226,77,8690,2014,0.0,4495.0,-1.054331,0.166345,TZA,FRA,820712
3802710,227,77,8690,2014,113412.0,83728.0,-0.46911800000000003,0.25446599999999997,UGA,FRA,820712
3802711,228,77,8690,2014,0.0,225506.0,0.566535,0.832267,UKR,FRA,820712
3802712,231,77,8690,2014,11729301.0,806906.0,1.61227,0.068905,USA,FRA,820712
3802713,239,77,8690,2014,0.0,130811.0,-0.023765,1.344416,VNM,FRA,820712
3802714,243,77,8690,2014,0.0,2431.0,-1.2829190000000001,-1.227373,YEM,FRA,820712
3802715,246,77,8690,2014,366575.0,83075.0,0.282927,1.723214,ZAF,FRA,820712
3802716,247,77,8690,2014,0.0,189234.0,-0.664089,-0.793452,ZMB,FRA,820712
3802717,248,77,8690,2014,34304.0,6788.0,-0.821369,-0.864232,ZWE,FRA,820712
3802718,249,77,8690,2014,91606.0,0.0,1.9044189999999999,1.0595139999999998,TWN,FRA,820712
3802719,250,77,8690,2014,95572.0,0.0,0.506842,0.049545,ANS,FRA,820712
3802720,2,81,8690,2014,0.0,1317962.0,-1.8184900000000002,-1.149191,AGO,GBR,820712
3802721,7,81,8690,2014,20707.0,8727540.0,0.087775,-0.289459,ARE,GBR,820712
3802722,8,81,8690,2014,0.0,676377.0,0.10691500000000001,0.44860600000000006,ARG,GBR,820712
3802723,9,81,8690,2014,0.0,43772.0,-0.198322,-0.5918680000000001,ARM,GBR,820712
3802724,14,81,8690,2014,384234.0,4689950.0,-0.398273,-0.17128,AUS,GBR,820712
3802725,15,81,8690,2014,62337.0,114984.0,1.7116790000000002,-0.140232,AUT,GBR,820712
3802726,16,81,8690,2014,190346.0,127771.0,-0.909508,-1.165158,AZE,GBR,820712
3802727,18,81,8690,2014,974531.0,174636.0,1.234156,1.226441,BEL,GBR,820712
3802728,19,81,8690,2014,84.0,9072.0,-0.342225,-0.618789,BEN,GBR,820712
3802729,21,81,8690,2014,0.0,132819.0,-0.922401,-0.9554379999999999,BFA,GBR,820712
3802730,22,81,8690,2014,0.0,71544.0,-1.0341879999999999,-0.9614870000000001,BGD,GBR,820712
3802731,23,81,8690,2014,0.0,6975.0,0.579058,1.6558110000000001,BGR,GBR,820712
3802732,24,81,8690,2014,0.0,292276.0,0.460168,-0.41671099999999994,BHR,GBR,820712
3802733,28,81,8690,2014,0.0,1413.0,0.874108,0.676231,BLR,GBR,820712
3802734,31,81,8690,2014,0.0,169381.0,-1.129494,-1.030198,BOL,GBR,820712
3802735,32,81,8690,2014,21652.0,769538.0,0.218223,0.556921,BRA,GBR,820712
3802736,33,81,8690,2014,0.0,5621.0,0.44968400000000003,-0.15268900000000002,BRB,GBR,820712
3802737,34,81,8690,2014,0.0,117370.0,0.191357,-0.683567,BRN,GBR,820712
3802738,39,81,8690,2014,472134.0,4286032.0,0.671395,1.024683,CAN,GBR,820712
3802739,41,81,8690,2014,131838.0,185032.0,2.2000919999999997,0.65398,CHE,GBR,820712
3802740,42,81,8690,2014,0.0,2184828.0,-0.344671,-0.43380799999999997,CHL,GBR,820712
3802741,43,81,8690,2014,12985777.0,2912666.0,1.187557,1.222085,CHN,GBR,820712
3802742,44,81,8690,2014,2625122.0,92608.0,-0.737625,-0.768728,CIV,GBR,820712
3802743,45,81,8690,2014,382499.0,428592.0,-0.6723520000000001,-0.945084,CMR,GBR,820712
3802744,47,81,8690,2014,215284.0,529740.0,-1.371624,-1.12468,COG,GBR,820712
3802745,49,81,8690,2014,0.0,1550519.0,0.19864500000000002,-0.378364,COL,GBR,820712
3802746,52,81,8690,2014,0.0,29597.0,0.065938,-0.687971,CRI,GBR,820712
3802747,56,81,8690,2014,0.0,806454.0,0.738877,-0.520547,CXR,GBR,820712
3802748,58,81,8690,2014,0.0,326157.0,0.627467,0.483725,CYP,GBR,820712
3802749,59,81,8690,2014,1261.0,451973.0,1.8105830000000003,0.131131,CZE,GBR,820712
3802750,61,81,8690,2014,5454990.0,1505114.0,2.052849,-2.888805,DEU,GBR,820712
3802751,64,81,8690,2014,5828.0,492436.0,1.10869,1.245193,DNK,GBR,820712
3802752,66,81,8690,2014,0.0,6118645.0,-1.5554649999999999,-1.1657030000000002,DZA,GBR,820712
3802753,67,81,8690,2014,0.0,635654.0,-1.066865,-1.052921,ECU,GBR,820712
3802754,68,81,8690,2014,37166.0,1708093.0,-0.086866,1.7419669999999998,EGY,GBR,820712
3802755,69,81,8690,2014,0.0,46887.0,-2.345215,-1.051413,ERI,GBR,820712
3802756,71,81,8690,2014,1542145.0,863153.0,0.842147,2.45692,ESP,GBR,820712
3802757,72,81,8690,2014,0.0,1658.0,0.9147780000000001,1.151556,EST,GBR,820712
3802758,73,81,8690,2014,0.0,22464.0,-1.296535,-1.045942,ETH,GBR,820712
3802759,74,81,8690,2014,5853.0,1128282.0,1.626355,1.002923,FIN,GBR,820712
3802760,76,81,8690,2014,0.0,42253.0,-0.558974,-0.8402059999999999,FLK,GBR,820712
3802761,77,81,8690,2014,2043560.0,890616.0,1.4817790000000002,0.30995,FRA,GBR,820712
3802762,80,81,8690,2014,0.0,533933.0,-1.625474,-1.135973,GAB,GBR,820712
3802763,82,81,8690,2014,0.0,25549.0,-0.254106,-0.646584,GEO,GBR,820712
3802764,83,81,8690,2014,0.0,334861.0,-1.130226,-0.9909379999999999,GHA,GBR,820712
3802765,84,81,8690,2014,0.0,2447.0,0.275796,-0.720217,GIB,GBR,820712
3802766,85,81,8690,2014,0.0,5366.0,-1.628409,-1.202473,GIN,GBR,820712
3802767,89,81,8690,2014,0.0,119563.0,-2.043516,-0.844701,GNQ,GBR,820712
3802768,90,81,8690,2014,0.0,97998.0,0.149337,0.8560540000000001,GRC,GBR,820712
3802769,93,81,8690,2014,0.0,25704.0,-0.36547199999999996,0.548894,GTM,GBR,820712
3802770,97,81,8690,2014,64956.0,2579179.0,0.812132,1.722493,HKG,GBR,820712
3802771,99,81,8690,2014,0.0,7297.0,-0.467004,0.045511,HND,GBR,820712
3802772,100,81,8690,2014,6088.0,4685.0,0.804401,1.250807,HRV,GBR,820712
3802773,101,81,8690,2014,0.0,113234.0,-1.10887,-1.032108,HTI,GBR,820712
3802774,102,81,8690,2014,18180.0,25919.0,1.477093,0.812869,HUN,GBR,820712
3802775,103,81,8690,2014,18555.0,2430738.0,-0.088032,1.3966459999999998,IDN,GBR,820712
3802776,104,81,8690,2014,292215.0,1301318.0,0.262042,2.6305080000000003,IND,GBR,820712
3802777,106,81,8690,2014,144014.0,2506267.0,1.2658399999999999,0.278546,IRL,GBR,820712
3802778,108,81,8690,2014,0.0,2229437.0,-2.9169,-0.882023,IRQ,GBR,820712
3802779,109,81,8690,2014,0.0,46474.0,0.127891,-0.302014,ISL,GBR,820712
3802780,110,81,8690,2014,4081.0,268481.0,1.211141,0.64523,ISR,GBR,820712
3802781,111,81,8690,2014,2739758.0,1545164.0,1.340136,0.43931099999999995,ITA,GBR,820712
3802782,112,81,8690,2014,0.0,13736.0,-0.42745299999999997,-0.7750130000000001,JAM,GBR,820712
3802783,113,81,8690,2014,0.0,72742.0,0.210208,0.48732299999999995,JOR,GBR,820712
3802784,114,81,8690,2014,9472.0,308077.0,2.403165,-0.635024,JPN,GBR,820712
3802785,115,81,8690,2014,43857.0,537726.0,-0.210431,-0.574075,KAZ,GBR,820712
3802786,116,81,8690,2014,0.0,1688990.0,-0.487058,0.307288,KEN,GBR,820712
3802787,117,81,8690,2014,0.0,1224.0,-0.31942600000000004,-0.012454,KGZ,GBR,820712
3802788,121,81,8690,2014,73616.0,157173.0,1.817145,0.8394530000000001,KOR,GBR,820712
3802789,122,81,8690,2014,48743.0,1043744.0,-0.769616,-1.10667,KWT,GBR,820712
3802790,124,81,8690,2014,0.0,18418.0,0.308677,1.7564490000000001,LBN,GBR,820712
3802791,125,81,8690,2014,0.0,8957.0,-1.016828,-1.107983,LBR,GBR,820712
3802792,128,81,8690,2014,0.0,21558.0,-0.49366899999999997,0.338686,LKA,GBR,820712
3802793,130,81,8690,2014,0.0,16982.0,0.764495,1.3451540000000002,LTU,GBR,820712
3802794,131,81,8690,2014,3877.0,108271.0,1.243845,1.155474,LUX,GBR,820712
3802795,132,81,8690,2014,2896.0,0.0,0.613116,1.1899790000000001,LVA,GBR,820712
3802796,134,81,8690,2014,0.0,287280.0,-0.574034,0.065788,MAR,GBR,820712
3802797,136,81,8690,2014,0.0,677.0,-1.002122,-0.44446,MDG,GBR,820712
3802798,137,81,8690,2014,0.0,2560.0,-0.43265299999999995,-0.82696,MDV,GBR,820712
3802799,138,81,8690,2014,47703.0,1457185.0,1.0799729999999998,0.697554,MEX,GBR,820712
3802800,142,81,8690,2014,0.0,1158240.0,0.817013,0.0016309999999999999,MLT,GBR,820712
3802801,143,81,8690,2014,0.0,15098.0,-1.5332459999999999,-1.145973,MMR,GBR,820712
3802802,144,81,8690,2014,0.0,3539.0,-0.17039100000000001,-0.21762399999999998,MNE,GBR,820712
3802803,147,81,8690,2014,0.0,33643.0,-1.1993610000000001,-1.040181,MOZ,GBR,820712
3802804,148,81,8690,2014,0.0,10693860.0,-1.458551,-1.225373,MRT,GBR,820712
3802805,151,81,8690,2014,0.0,15158.0,-0.029891,-0.12431099999999999,MUS,GBR,820712
3802806,153,81,8690,2014,12898.0,473461.0,1.018138,0.774649,MYS,GBR,820712
3802807,155,81,8690,2014,0.0,7684.0,-0.428227,-0.5632229999999999,NAM,GBR,820712
3802808,156,81,8690,2014,0.0,8887.0,-0.509789,-0.767484,NCL,GBR,820712
3802809,159,81,8690,2014,0.0,1200692.0,-1.2126430000000001,-1.059697,NGA,GBR,820712
3802810,160,81,8690,2014,0.0,2764.0,-0.938269,-0.839066,NIC,GBR,820712
3802811,162,81,8690,2014,992080.0,2831763.0,1.179325,1.355071,NLD,GBR,820712
3802812,163,81,8690,2014,721996.0,3911482.0,0.9187049999999999,0.182685,NOR,GBR,820712
3802813,166,81,8690,2014,0.0,217472.0,0.272502,0.21628699999999998,NZL,GBR,820712
3802814,167,81,8690,2014,116724.0,2180405.0,-0.505129,-1.0051370000000002,OMN,GBR,820712
3802815,168,81,8690,2014,0.0,1392301.0,-0.672924,0.566787,PAK,GBR,820712
3802816,169,81,8690,2014,0.0,36271.0,0.771742,0.9873190000000001,PAN,GBR,820712
3802817,173,81,8690,2014,0.0,494376.0,-0.557833,0.611826,PER,GBR,820712
3802818,174,81,8690,2014,0.0,24938.0,0.637442,0.475883,PHL,GBR,820712
3802819,177,81,8690,2014,11696.0,309016.0,1.133102,1.177165,POL,GBR,820712
3802820,179,81,8690,2014,20002.0,176861.0,0.621053,2.349644,PRT,GBR,820712
3802821,182,81,8690,2014,0.0,60609.0,0.008831,-0.6268279999999999,PYF,GBR,820712
3802822,183,81,8690,2014,0.0,1460531.0,-0.37535599999999997,-1.0196370000000001,QAT,GBR,820712
3802823,185,81,8690,2014,34415.0,401709.0,0.9112,1.188161,ROU,GBR,820712
3802824,186,81,8690,2014,7340.0,4069361.0,0.229422,-0.214856,RUS,GBR,820712
3802825,187,81,8690,2014,0.0,416.0,-0.5692659999999999,-0.447859,RWA,GBR,820712
3802826,188,81,8690,2014,85566.0,13988074.0,0.5758439999999999,-0.832692,SAU,GBR,820712
3802827,190,81,8690,2014,0.0,18749.0,-1.442381,-1.1155030000000001,SDN,GBR,820712
3802828,191,81,8690,2014,14897.0,84803.0,-0.502607,-0.08866,SEN,GBR,820712
3802829,192,81,8690,2014,488380.0,3564593.0,1.867492,0.626736,SGP,GBR,820712
3802830,196,81,8690,2014,0.0,1427010.0,-0.9228569999999999,-0.791482,SLE,GBR,820712
3802831,197,81,8690,2014,0.0,2696.0,0.08653999999999999,0.29088600000000003,SLV,GBR,820712
3802832,198,81,8690,2014,8498.0,0.0,0.9675090000000001,0.582902,SMR,GBR,820712
3802833,201,81,8690,2014,5881.0,27428.0,0.551635,1.211535,SRB,GBR,820712
3802834,206,81,8690,2014,0.0,11328.0,1.334959,0.821253,SVK,GBR,820712
3802835,207,81,8690,2014,6039.0,43589.0,1.6558669999999998,0.6814399999999999,SVN,GBR,820712
3802836,208,81,8690,2014,89605.0,128443.0,1.817752,0.558474,SWE,GBR,820712
3802837,211,81,8690,2014,0.0,67618.0,0.358111,-0.484879,SYC,GBR,820712
3802838,214,81,8690,2014,0.0,12459.0,-2.012048,-0.921558,TCD,GBR,820712
3802839,215,81,8690,2014,0.0,9101.0,-0.524103,-0.537643,TGO,GBR,820712
3802840,216,81,8690,2014,16983.0,1411088.0,0.977094,1.41283,THA,GBR,820712
3802841,219,81,8690,2014,0.0,379463.0,-1.217897,-1.184131,TKM,GBR,820712
3802842,222,81,8690,2014,0.0,59092.0,-0.57362,-1.117545,TTO,GBR,820712
3802843,223,81,8690,2014,221328.0,171400.0,0.343449,1.118007,TUN,GBR,820712
3802844,224,81,8690,2014,119035.0,635518.0,0.554761,2.385693,TUR,GBR,820712
3802845,226,81,8690,2014,120823.0,281418.0,-1.054331,0.166345,TZA,GBR,820712
3802846,227,81,8690,2014,0.0,35701.0,-0.46911800000000003,0.25446599999999997,UGA,GBR,820712
3802847,228,81,8690,2014,0.0,38725.0,0.566535,0.832267,UKR,GBR,820712
3802848,230,81,8690,2014,0.0,24528.0,0.154034,-0.380899,URY,GBR,820712
3802849,231,81,8690,2014,15088030.0,13675505.0,1.61227,0.068905,USA,GBR,820712
3802850,236,81,8690,2014,0.0,879683.0,-0.582086,-1.081727,VEN,GBR,820712
3802851,239,81,8690,2014,0.0,1236423.0,-0.023765,1.344416,VNM,GBR,820712
3802852,243,81,8690,2014,0.0,3162.0,-1.2829190000000001,-1.227373,YEM,GBR,820712
3802853,246,81,8690,2014,154836.0,156652.0,0.282927,1.723214,ZAF,GBR,820712
3802854,247,81,8690,2014,497255.0,7540.0,-0.664089,-0.793452,ZMB,GBR,820712
3802855,248,81,8690,2014,0.0,1184.0,-0.821369,-0.864232,ZWE,GBR,820712
3802856,249,81,8690,2014,44359.0,42680.0,1.9044189999999999,1.0595139999999998,TWN,GBR,820712
3802857,15,90,8690,2014,29350.0,3741.0,1.7116790000000002,-0.140232,AUT,GRC,820712
3802858,18,90,8690,2014,4181.0,0.0,1.234156,1.226441,BEL,GRC,820712
3802859,23,90,8690,2014,11502.0,131176.0,0.579058,1.6558110000000001,BGR,GRC,820712
3802860,39,90,8690,2014,22512.0,0.0,0.671395,1.024683,CAN,GRC,820712
3802861,43,90,8690,2014,293411.0,0.0,1.187557,1.222085,CHN,GRC,820712
3802862,58,90,8690,2014,0.0,6011.0,0.627467,0.483725,CYP,GRC,820712
3802863,59,90,8690,2014,14845.0,0.0,1.8105830000000003,0.131131,CZE,GRC,820712
3802864,61,90,8690,2014,304512.0,3213.0,2.052849,-2.888805,DEU,GRC,820712
3802865,74,90,8690,2014,1203.0,0.0,1.626355,1.002923,FIN,GRC,820712
3802866,77,90,8690,2014,52332.0,10372.0,1.4817790000000002,0.30995,FRA,GRC,820712
3802867,81,90,8690,2014,97998.0,0.0,1.697964,0.585372,GBR,GRC,820712
3802868,100,90,8690,2014,0.0,39555.0,0.804401,1.250807,HRV,GRC,820712
3802869,104,90,8690,2014,28906.0,0.0,0.262042,2.6305080000000003,IND,GRC,820712
3802870,111,90,8690,2014,72450.0,0.0,1.340136,0.43931099999999995,ITA,GRC,820712
3802871,121,90,8690,2014,8298.0,0.0,1.817145,0.8394530000000001,KOR,GRC,820712
3802872,130,90,8690,2014,72243.0,0.0,0.764495,1.3451540000000002,LTU,GRC,820712
3802873,140,90,8690,2014,0.0,86802.0,-0.039799,-0.05545,MKD,GRC,820712
3802874,142,90,8690,2014,0.0,19820.0,0.817013,0.0016309999999999999,MLT,GRC,820712
3802875,148,90,8690,2014,0.0,145223.0,-1.458551,-1.225373,MRT,GRC,820712
3802876,162,90,8690,2014,52642.0,0.0,1.179325,1.355071,NLD,GRC,820712
3802877,177,90,8690,2014,3819.0,0.0,1.133102,1.177165,POL,GRC,820712
3802878,201,90,8690,2014,24278.0,17896.0,0.551635,1.211535,SRB,GRC,820712
3802879,207,90,8690,2014,0.0,708966.0,1.6558669999999998,0.6814399999999999,SVN,GRC,820712
3802880,208,90,8690,2014,1856.0,0.0,1.817752,0.558474,SWE,GRC,820712
3802881,224,90,8690,2014,2068.0,0.0,0.554761,2.385693,TUR,GRC,820712
3802882,231,90,8690,2014,5267.0,0.0,1.61227,0.068905,USA,GRC,820712
3802883,239,90,8690,2014,0.0,1283.0,-0.023765,1.344416,VNM,GRC,820712
3802884,249,90,8690,2014,2470.0,0.0,1.9044189999999999,1.0595139999999998,TWN,GRC,820712
3802885,14,93,8690,2014,1828.0,0.0,-0.398273,-0.17128,AUS,GTM,820712
3802886,18,93,8690,2014,134433.0,0.0,1.234156,1.226441,BEL,GTM,820712
3802887,32,93,8690,2014,5232.0,0.0,0.218223,0.556921,BRA,GTM,820712
3802888,39,93,8690,2014,853265.0,0.0,0.671395,1.024683,CAN,GTM,820712
3802889,42,93,8690,2014,4131.0,0.0,-0.344671,-0.43380799999999997,CHL,GTM,820712
3802890,43,93,8690,2014,37267.0,0.0,1.187557,1.222085,CHN,GTM,820712
3802891,49,93,8690,2014,5488.0,0.0,0.19864500000000002,-0.378364,COL,GTM,820712
3802892,52,93,8690,2014,67831.0,66569.0,0.065938,-0.687971,CRI,GTM,820712
3802893,61,93,8690,2014,21850.0,0.0,2.052849,-2.888805,DEU,GTM,820712
3802894,71,93,8690,2014,100967.0,0.0,0.842147,2.45692,ESP,GTM,820712
3802895,77,93,8690,2014,82774.0,0.0,1.4817790000000002,0.30995,FRA,GTM,820712
3802896,81,93,8690,2014,25704.0,0.0,1.697964,0.585372,GBR,GTM,820712
3802897,97,93,8690,2014,351849.0,0.0,0.812132,1.722493,HKG,GTM,820712
3802898,99,93,8690,2014,2875.0,5360.0,-0.467004,0.045511,HND,GTM,820712
3802899,104,93,8690,2014,483252.0,0.0,0.262042,2.6305080000000003,IND,GTM,820712
3802900,106,93,8690,2014,46243.0,0.0,1.2658399999999999,0.278546,IRL,GTM,820712
3802901,111,93,8690,2014,26301.0,0.0,1.340136,0.43931099999999995,ITA,GTM,820712
3802902,121,93,8690,2014,1087.0,0.0,1.817145,0.8394530000000001,KOR,GTM,820712
3802903,138,93,8690,2014,645186.0,42035.0,1.0799729999999998,0.697554,MEX,GTM,820712
3802904,160,93,8690,2014,2980.0,23190.0,-0.938269,-0.839066,NIC,GTM,820712
3802905,162,93,8690,2014,10860.0,0.0,1.179325,1.355071,NLD,GTM,820712
3802906,169,93,8690,2014,154537.0,21728.0,0.771742,0.9873190000000001,PAN,GTM,820712
3802907,173,93,8690,2014,44394.0,65735.0,-0.557833,0.611826,PER,GTM,820712
3802908,179,93,8690,2014,5561.0,0.0,0.621053,2.349644,PRT,GTM,820712
3802909,192,93,8690,2014,1364.0,0.0,1.867492,0.626736,SGP,GTM,820712
3802910,197,93,8690,2014,30161.0,28025.0,0.08653999999999999,0.29088600000000003,SLV,GTM,820712
3802911,208,93,8690,2014,658680.0,0.0,1.817752,0.558474,SWE,GTM,820712
3802912,231,93,8690,2014,983930.0,22334.0,1.61227,0.068905,USA,GTM,820712
3802913,7,97,8690,2014,88019.0,0.0,0.087775,-0.289459,ARE,HKG,820712
3802914,14,97,8690,2014,16924.0,54202.0,-0.398273,-0.17128,AUS,HKG,820712
3802915,15,97,8690,2014,23822.0,0.0,1.7116790000000002,-0.140232,AUT,HKG,820712
3802916,16,97,8690,2014,135320.0,0.0,-0.909508,-1.165158,AZE,HKG,820712
3802917,18,97,8690,2014,7649.0,9829.0,1.234156,1.226441,BEL,HKG,820712
3802918,23,97,8690,2014,0.0,13093.0,0.579058,1.6558110000000001,BGR,HKG,820712
3802919,31,97,8690,2014,0.0,34265.0,-1.129494,-1.030198,BOL,HKG,820712
3802920,34,97,8690,2014,0.0,736.0,0.191357,-0.683567,BRN,HKG,820712
3802921,39,97,8690,2014,592385.0,16901.0,0.671395,1.024683,CAN,HKG,820712
3802922,43,97,8690,2014,38193652.0,274203.0,1.187557,1.222085,CHN,HKG,820712
3802923,46,97,8690,2014,0.0,22131.0,-1.6680240000000002,-1.1265129999999999,COD,HKG,820712
3802924,49,97,8690,2014,17921.0,26435.0,0.19864500000000002,-0.378364,COL,HKG,820712
3802925,52,97,8690,2014,0.0,21005.0,0.065938,-0.687971,CRI,HKG,820712
3802926,61,97,8690,2014,704663.0,4634.0,2.052849,-2.888805,DEU,HKG,820712
3802927,67,97,8690,2014,0.0,886.0,-1.066865,-1.052921,ECU,HKG,820712
3802928,68,97,8690,2014,0.0,12552.0,-0.086866,1.7419669999999998,EGY,HKG,820712
3802929,71,97,8690,2014,6791.0,7169.0,0.842147,2.45692,ESP,HKG,820712
3802930,73,97,8690,2014,0.0,1229.0,-1.296535,-1.045942,ETH,HKG,820712
3802931,74,97,8690,2014,718068.0,0.0,1.626355,1.002923,FIN,HKG,820712
3802932,75,97,8690,2014,13623.0,0.0,-0.306346,-0.07688500000000001,FJI,HKG,820712
3802933,77,97,8690,2014,15949.0,17567.0,1.4817790000000002,0.30995,FRA,HKG,820712
3802934,81,97,8690,2014,2579179.0,64956.0,1.697964,0.585372,GBR,HKG,820712
3802935,93,97,8690,2014,0.0,351849.0,-0.36547199999999996,0.548894,GTM,HKG,820712
3802936,103,97,8690,2014,15305.0,32939.0,-0.088032,1.3966459999999998,IDN,HKG,820712
3802937,104,97,8690,2014,599582.0,23842.0,0.262042,2.6305080000000003,IND,HKG,820712
3802938,106,97,8690,2014,2730308.0,31218.0,1.2658399999999999,0.278546,IRL,HKG,820712
3802939,110,97,8690,2014,0.0,3890.0,1.211141,0.64523,ISR,HKG,820712
3802940,111,97,8690,2014,126647.0,4317.0,1.340136,0.43931099999999995,ITA,HKG,820712
3802941,114,97,8690,2014,803223.0,0.0,2.403165,-0.635024,JPN,HKG,820712
3802942,121,97,8690,2014,3843056.0,61879.0,1.817145,0.8394530000000001,KOR,HKG,820712
3802943,126,97,8690,2014,0.0,33940.0,-1.5943829999999999,-1.189961,LBY,HKG,820712
3802944,133,97,8690,2014,109285.0,126163.0,0.704535,0.5856140000000001,MAC,HKG,820712
3802945,134,97,8690,2014,17183.0,0.0,-0.574034,0.065788,MAR,HKG,820712
3802946,138,97,8690,2014,0.0,1403.0,1.0799729999999998,0.697554,MEX,HKG,820712
3802947,145,97,8690,2014,0.0,3916.0,-1.425524,-1.161949,MNG,HKG,820712
3802948,153,97,8690,2014,65122.0,50923.0,1.018138,0.774649,MYS,HKG,820712
3802949,159,97,8690,2014,0.0,27318.0,-1.2126430000000001,-1.059697,NGA,HKG,820712
3802950,162,97,8690,2014,16134.0,0.0,1.179325,1.355071,NLD,HKG,820712
3802951,163,97,8690,2014,20307.0,4234.0,0.9187049999999999,0.182685,NOR,HKG,820712
3802952,166,97,8690,2014,1172.0,1517.0,0.272502,0.21628699999999998,NZL,HKG,820712
3802953,169,97,8690,2014,28582.0,14954.0,0.771742,0.9873190000000001,PAN,HKG,820712
3802954,174,97,8690,2014,0.0,3815.0,0.637442,0.475883,PHL,HKG,820712
3802955,177,97,8690,2014,0.0,5449.0,1.133102,1.177165,POL,HKG,820712
3802956,180,97,8690,2014,0.0,10498.0,-0.608509,-0.930679,PRY,HKG,820712
3802957,186,97,8690,2014,0.0,107765.0,0.229422,-0.214856,RUS,HKG,820712
3802958,188,97,8690,2014,29017.0,3979.0,0.5758439999999999,-0.832692,SAU,HKG,820712
3802959,192,97,8690,2014,2035502.0,792089.0,1.867492,0.626736,SGP,HKG,820712
3802960,208,97,8690,2014,4564.0,1398.0,1.817752,0.558474,SWE,HKG,820712
3802961,216,97,8690,2014,148193.0,4167.0,0.977094,1.41283,THA,HKG,820712
3802962,226,97,8690,2014,6307.0,0.0,-1.054331,0.166345,TZA,HKG,820712
3802963,227,97,8690,2014,0.0,3780.0,-0.46911800000000003,0.25446599999999997,UGA,HKG,820712
3802964,231,97,8690,2014,1015504.0,291022.0,1.61227,0.068905,USA,HKG,820712
3802965,239,97,8690,2014,0.0,15666.0,-0.023765,1.344416,VNM,HKG,820712
3802966,243,97,8690,2014,33083.0,0.0,-1.2829190000000001,-1.227373,YEM,HKG,820712
3802967,246,97,8690,2014,0.0,3046.0,0.282927,1.723214,ZAF,HKG,820712
3802968,247,97,8690,2014,0.0,818.0,-0.664089,-0.793452,ZMB,HKG,820712
3802969,248,97,8690,2014,0.0,16987.0,-0.821369,-0.864232,ZWE,HKG,820712
3802970,249,97,8690,2014,14611.0,0.0,1.9044189999999999,1.0595139999999998,TWN,HKG,820712
3802971,32,99,8690,2014,1167.0,0.0,0.218223,0.556921,BRA,HND,820712
3802972,39,99,8690,2014,210091.0,0.0,0.671395,1.024683,CAN,HND,820712
3802973,43,99,8690,2014,7800.0,0.0,1.187557,1.222085,CHN,HND,820712
3802974,49,99,8690,2014,4848.0,0.0,0.19864500000000002,-0.378364,COL,HND,820712
3802975,52,99,8690,2014,6288.0,0.0,0.065938,-0.687971,CRI,HND,820712
3802976,61,99,8690,2014,7676.0,0.0,2.052849,-2.888805,DEU,HND,820712
3802977,71,99,8690,2014,7819.0,0.0,0.842147,2.45692,ESP,HND,820712
3802978,74,99,8690,2014,3207.0,0.0,1.626355,1.002923,FIN,HND,820712
3802979,81,99,8690,2014,7297.0,0.0,1.697964,0.585372,GBR,HND,820712
3802980,93,99,8690,2014,5360.0,2875.0,-0.36547199999999996,0.548894,GTM,HND,820712
3802981,104,99,8690,2014,7417.0,0.0,0.262042,2.6305080000000003,IND,HND,820712
3802982,111,99,8690,2014,6701.0,0.0,1.340136,0.43931099999999995,ITA,HND,820712
3802983,114,99,8690,2014,3962.0,0.0,2.403165,-0.635024,JPN,HND,820712
3802984,138,99,8690,2014,2228.0,0.0,1.0799729999999998,0.697554,MEX,HND,820712
3802985,163,99,8690,2014,5275.0,0.0,0.9187049999999999,0.182685,NOR,HND,820712
3802986,197,99,8690,2014,30574.0,0.0,0.08653999999999999,0.29088600000000003,SLV,HND,820712
3802987,208,99,8690,2014,51803.0,0.0,1.817752,0.558474,SWE,HND,820712
3802988,231,99,8690,2014,107617.0,1921.0,1.61227,0.068905,USA,HND,820712
3802989,246,99,8690,2014,4754.0,0.0,0.282927,1.723214,ZAF,HND,820712
3802990,7,102,8690,2014,0.0,33657.0,0.087775,-0.289459,ARE,HUN,820712
3802991,14,102,8690,2014,0.0,3043.0,-0.398273,-0.17128,AUS,HUN,820712
3802992,15,102,8690,2014,9891.0,8805.0,1.7116790000000002,-0.140232,AUT,HUN,820712
3802993,18,102,8690,2014,29892.0,10423.0,1.234156,1.226441,BEL,HUN,820712
3802994,39,102,8690,2014,0.0,1044.0,0.671395,1.024683,CAN,HUN,820712
3802995,41,102,8690,2014,246924.0,0.0,2.2000919999999997,0.65398,CHE,HUN,820712
3802996,43,102,8690,2014,60770.0,19931.0,1.187557,1.222085,CHN,HUN,820712
3802997,49,102,8690,2014,0.0,67074.0,0.19864500000000002,-0.378364,COL,HUN,820712
3802998,58,102,8690,2014,0.0,11778.0,0.627467,0.483725,CYP,HUN,820712
3802999,59,102,8690,2014,184834.0,221366.0,1.8105830000000003,0.131131,CZE,HUN,820712
3803000,61,102,8690,2014,1170905.0,193506.0,2.052849,-2.888805,DEU,HUN,820712
3803001,64,102,8690,2014,0.0,2473.0,1.10869,1.245193,DNK,HUN,820712
3803002,66,102,8690,2014,0.0,5337.0,-1.5554649999999999,-1.1657030000000002,DZA,HUN,820712
3803003,71,102,8690,2014,9473.0,0.0,0.842147,2.45692,ESP,HUN,820712
3803004,72,102,8690,2014,0.0,3112.0,0.9147780000000001,1.151556,EST,HUN,820712
3803005,77,102,8690,2014,63914.0,0.0,1.4817790000000002,0.30995,FRA,HUN,820712
3803006,81,102,8690,2014,25919.0,18180.0,1.697964,0.585372,GBR,HUN,820712
3803007,100,102,8690,2014,0.0,1365.0,0.804401,1.250807,HRV,HUN,820712
3803008,111,102,8690,2014,287588.0,0.0,1.340136,0.43931099999999995,ITA,HUN,820712
3803009,130,102,8690,2014,0.0,6427.0,0.764495,1.3451540000000002,LTU,HUN,820712
3803010,132,102,8690,2014,0.0,3002.0,0.613116,1.1899790000000001,LVA,HUN,820712
3803011,136,102,8690,2014,0.0,1377.0,-1.002122,-0.44446,MDG,HUN,820712
3803012,138,102,8690,2014,0.0,8194.0,1.0799729999999998,0.697554,MEX,HUN,820712
3803013,144,102,8690,2014,0.0,1172.0,-0.17039100000000001,-0.21762399999999998,MNE,HUN,820712
3803014,162,102,8690,2014,546212.0,0.0,1.179325,1.355071,NLD,HUN,820712
3803015,173,102,8690,2014,0.0,6022.0,-0.557833,0.611826,PER,HUN,820712
3803016,177,102,8690,2014,114204.0,0.0,1.133102,1.177165,POL,HUN,820712
3803017,185,102,8690,2014,6686.0,5150.0,0.9112,1.188161,ROU,HUN,820712
3803018,201,102,8690,2014,2459.0,11700.0,0.551635,1.211535,SRB,HUN,820712
3803019,206,102,8690,2014,11329.0,1052.0,1.334959,0.821253,SVK,HUN,820712
3803020,208,102,8690,2014,8040.0,0.0,1.817752,0.558474,SWE,HUN,820712
3803021,231,102,8690,2014,35626.0,23855.0,1.61227,0.068905,USA,HUN,820712
3803022,2,103,8690,2014,0.0,46267.0,-1.8184900000000002,-1.149191,AGO,IDN,820712
3803023,7,103,8690,2014,29047.0,43223.0,0.087775,-0.289459,ARE,IDN,820712
3803024,8,103,8690,2014,0.0,48728.0,0.10691500000000001,0.44860600000000006,ARG,IDN,820712
3803025,14,103,8690,2014,584356.0,177247.0,-0.398273,-0.17128,AUS,IDN,820712
3803026,15,103,8690,2014,2501.0,0.0,1.7116790000000002,-0.140232,AUT,IDN,820712
3803027,16,103,8690,2014,2651.0,0.0,-0.909508,-1.165158,AZE,IDN,820712
3803028,18,103,8690,2014,167038.0,28042.0,1.234156,1.226441,BEL,IDN,820712
3803029,31,103,8690,2014,0.0,2023.0,-1.129494,-1.030198,BOL,IDN,820712
3803030,32,103,8690,2014,23457.0,0.0,0.218223,0.556921,BRA,IDN,820712
3803031,34,103,8690,2014,37142.0,75977.0,0.191357,-0.683567,BRN,IDN,820712
3803032,39,103,8690,2014,247474.0,40006.0,0.671395,1.024683,CAN,IDN,820712
3803033,43,103,8690,2014,3541774.0,368385.0,1.187557,1.222085,CHN,IDN,820712
3803034,45,103,8690,2014,18398.0,0.0,-0.6723520000000001,-0.945084,CMR,IDN,820712
3803035,47,103,8690,2014,0.0,17075.0,-1.371624,-1.12468,COG,IDN,820712
3803036,49,103,8690,2014,0.0,1947.0,0.19864500000000002,-0.378364,COL,IDN,820712
3803037,61,103,8690,2014,416734.0,41859.0,2.052849,-2.888805,DEU,IDN,820712
3803038,66,103,8690,2014,0.0,28440.0,-1.5554649999999999,-1.1657030000000002,DZA,IDN,820712
3803039,67,103,8690,2014,66089.0,48498.0,-1.066865,-1.052921,ECU,IDN,820712
3803040,68,103,8690,2014,0.0,49154.0,-0.086866,1.7419669999999998,EGY,IDN,820712
3803041,71,103,8690,2014,4620.0,0.0,0.842147,2.45692,ESP,IDN,820712
3803042,74,103,8690,2014,9848.0,0.0,1.626355,1.002923,FIN,IDN,820712
3803043,77,103,8690,2014,2537283.0,14443.0,1.4817790000000002,0.30995,FRA,IDN,820712
3803044,81,103,8690,2014,2430738.0,18555.0,1.697964,0.585372,GBR,IDN,820712
3803045,89,103,8690,2014,0.0,2049.0,-2.043516,-0.844701,GNQ,IDN,820712
3803046,97,103,8690,2014,32939.0,15305.0,0.812132,1.722493,HKG,IDN,820712
3803047,104,103,8690,2014,1070724.0,119101.0,0.262042,2.6305080000000003,IND,IDN,820712
3803048,108,103,8690,2014,23687.0,2982.0,-2.9169,-0.882023,IRQ,IDN,820712
3803049,111,103,8690,2014,1495875.0,1450.0,1.340136,0.43931099999999995,ITA,IDN,820712
3803050,114,103,8690,2014,532199.0,1728961.0,2.403165,-0.635024,JPN,IDN,820712
3803051,115,103,8690,2014,10359.0,925.0,-0.210431,-0.574075,KAZ,IDN,820712
3803052,116,103,8690,2014,0.0,45902.0,-0.487058,0.307288,KEN,IDN,820712
3803053,118,103,8690,2014,0.0,1623.0,-0.84072,-0.8307040000000001,KHM,IDN,820712
3803054,121,103,8690,2014,431753.0,0.0,1.817145,0.8394530000000001,KOR,IDN,820712
3803055,123,103,8690,2014,0.0,8109.0,-1.054294,-0.869916,LAO,IDN,820712
3803056,126,103,8690,2014,0.0,11486.0,-1.5943829999999999,-1.189961,LBY,IDN,820712
3803057,138,103,8690,2014,408129.0,9939.0,1.0799729999999998,0.697554,MEX,IDN,820712
3803058,142,103,8690,2014,0.0,15155.0,0.817013,0.0016309999999999999,MLT,IDN,820712
3803059,143,103,8690,2014,0.0,17985.0,-1.5332459999999999,-1.145973,MMR,IDN,820712
3803060,145,103,8690,2014,10562.0,0.0,-1.425524,-1.161949,MNG,IDN,820712
3803061,153,103,8690,2014,462963.0,125051.0,1.018138,0.774649,MYS,IDN,820712
3803062,155,103,8690,2014,0.0,9002.0,-0.428227,-0.5632229999999999,NAM,IDN,820712
3803063,162,103,8690,2014,33714.0,23648.0,1.179325,1.355071,NLD,IDN,820712
3803064,163,103,8690,2014,58807.0,2745.0,0.9187049999999999,0.182685,NOR,IDN,820712
3803065,166,103,8690,2014,22740.0,6618.0,0.272502,0.21628699999999998,NZL,IDN,820712
3803066,167,103,8690,2014,29090.0,60952.0,-0.505129,-1.0051370000000002,OMN,IDN,820712
3803067,168,103,8690,2014,0.0,16119.0,-0.672924,0.566787,PAK,IDN,820712
3803068,174,103,8690,2014,4411.0,23306.0,0.637442,0.475883,PHL,IDN,820712
3803069,176,103,8690,2014,44545.0,0.0,-1.564904,-1.146255,PNG,IDN,820712
3803070,183,103,8690,2014,1180.0,28251.0,-0.37535599999999997,-1.0196370000000001,QAT,IDN,820712
3803071,186,103,8690,2014,52694.0,52528.0,0.229422,-0.214856,RUS,IDN,820712
3803072,188,103,8690,2014,851532.0,39676.0,0.5758439999999999,-0.832692,SAU,IDN,820712
3803073,192,103,8690,2014,7695782.0,2592774.0,1.867492,0.626736,SGP,IDN,820712
3803074,208,103,8690,2014,2706.0,220080.0,1.817752,0.558474,SWE,IDN,820712
3803075,216,103,8690,2014,231493.0,6085.0,0.977094,1.41283,THA,IDN,820712
3803076,224,103,8690,2014,4150.0,0.0,0.554761,2.385693,TUR,IDN,820712
3803077,226,103,8690,2014,0.0,18714.0,-1.054331,0.166345,TZA,IDN,820712
3803078,228,103,8690,2014,0.0,9817.0,0.566535,0.832267,UKR,IDN,820712
3803079,231,103,8690,2014,13429746.0,76986.0,1.61227,0.068905,USA,IDN,820712
3803080,236,103,8690,2014,0.0,31021.0,-0.582086,-1.081727,VEN,IDN,820712
3803081,239,103,8690,2014,1210.0,10475.0,-0.023765,1.344416,VNM,IDN,820712
3803082,243,103,8690,2014,16255.0,0.0,-1.2829190000000001,-1.227373,YEM,IDN,820712
3803083,246,103,8690,2014,5691.0,6450.0,0.282927,1.723214,ZAF,IDN,820712
3803084,247,103,8690,2014,3970.0,0.0,-0.664089,-0.793452,ZMB,IDN,820712
3803085,249,103,8690,2014,68938.0,0.0,1.9044189999999999,1.0595139999999998,TWN,IDN,820712
3803086,2,104,8690,2014,0.0,19440.0,-1.8184900000000002,-1.149191,AGO,IND,820712
3803087,7,104,8690,2014,59998.0,1136715.0,0.087775,-0.289459,ARE,IND,820712
3803088,8,104,8690,2014,0.0,309061.0,0.10691500000000001,0.44860600000000006,ARG,IND,820712
3803089,14,104,8690,2014,55151.0,10417925.0,-0.398273,-0.17128,AUS,IND,820712
3803090,15,104,8690,2014,22159.0,1774.0,1.7116790000000002,-0.140232,AUT,IND,820712
3803091,18,104,8690,2014,598051.0,5945.0,1.234156,1.226441,BEL,IND,820712
3803092,21,104,8690,2014,0.0,3992.0,-0.922401,-0.9554379999999999,BFA,IND,820712
3803093,22,104,8690,2014,0.0,12164.0,-1.0341879999999999,-0.9614870000000001,BGD,IND,820712
3803094,23,104,8690,2014,0.0,185230.0,0.579058,1.6558110000000001,BGR,IND,820712
3803095,24,104,8690,2014,0.0,11392.0,0.460168,-0.41671099999999994,BHR,IND,820712
3803096,26,104,8690,2014,0.0,1076.0,0.5083300000000001,0.711704,BIH,IND,820712
3803097,31,104,8690,2014,0.0,842.0,-1.129494,-1.030198,BOL,IND,820712
3803098,32,104,8690,2014,141409.0,1895775.0,0.218223,0.556921,BRA,IND,820712
3803099,35,104,8690,2014,0.0,5351.0,-0.24597199999999997,-0.758838,BTN,IND,820712
3803100,37,104,8690,2014,0.0,1014.0,-0.60221,-1.104578,BWA,IND,820712
3803101,39,104,8690,2014,549490.0,584621.0,0.671395,1.024683,CAN,IND,820712
3803102,41,104,8690,2014,47000.0,6418.0,2.2000919999999997,0.65398,CHE,IND,820712
3803103,42,104,8690,2014,0.0,1408892.0,-0.344671,-0.43380799999999997,CHL,IND,820712
3803104,43,104,8690,2014,9214485.0,2417659.0,1.187557,1.222085,CHN,IND,820712
3803105,44,104,8690,2014,0.0,58237.0,-0.737625,-0.768728,CIV,IND,820712
3803106,46,104,8690,2014,0.0,426487.0,-1.6680240000000002,-1.1265129999999999,COD,IND,820712
3803107,47,104,8690,2014,0.0,36808.0,-1.371624,-1.12468,COG,IND,820712
3803108,49,104,8690,2014,0.0,747522.0,0.19864500000000002,-0.378364,COL,IND,820712
3803109,52,104,8690,2014,0.0,10579.0,0.065938,-0.687971,CRI,IND,820712
3803110,59,104,8690,2014,0.0,162174.0,1.8105830000000003,0.131131,CZE,IND,820712
3803111,61,104,8690,2014,569419.0,415791.0,2.052849,-2.888805,DEU,IND,820712
3803112,64,104,8690,2014,5155.0,0.0,1.10869,1.245193,DNK,IND,820712
3803113,65,104,8690,2014,0.0,7877.0,-0.180845,0.508512,DOM,IND,820712
3803114,66,104,8690,2014,0.0,321461.0,-1.5554649999999999,-1.1657030000000002,DZA,IND,820712
3803115,67,104,8690,2014,0.0,33480.0,-1.066865,-1.052921,ECU,IND,820712
3803116,68,104,8690,2014,0.0,137071.0,-0.086866,1.7419669999999998,EGY,IND,820712
3803117,71,104,8690,2014,12695.0,69011.0,0.842147,2.45692,ESP,IND,820712
3803118,73,104,8690,2014,0.0,59791.0,-1.296535,-1.045942,ETH,IND,820712
3803119,74,104,8690,2014,3001.0,23733.0,1.626355,1.002923,FIN,IND,820712
3803120,75,104,8690,2014,0.0,1266.0,-0.306346,-0.07688500000000001,FJI,IND,820712
3803121,77,104,8690,2014,186455.0,630046.0,1.4817790000000002,0.30995,FRA,IND,820712
3803122,80,104,8690,2014,0.0,11065.0,-1.625474,-1.135973,GAB,IND,820712
3803123,81,104,8690,2014,1301318.0,292215.0,1.697964,0.585372,GBR,IND,820712
3803124,82,104,8690,2014,0.0,2152.0,-0.254106,-0.646584,GEO,IND,820712
3803125,83,104,8690,2014,0.0,822551.0,-1.130226,-0.9909379999999999,GHA,IND,820712
3803126,85,104,8690,2014,0.0,5035.0,-1.628409,-1.202473,GIN,IND,820712
3803127,89,104,8690,2014,0.0,5608.0,-2.043516,-0.844701,GNQ,IND,820712
3803128,90,104,8690,2014,0.0,28906.0,0.149337,0.8560540000000001,GRC,IND,820712
3803129,93,104,8690,2014,0.0,483252.0,-0.36547199999999996,0.548894,GTM,IND,820712
3803130,97,104,8690,2014,23842.0,599582.0,0.812132,1.722493,HKG,IND,820712
3803131,99,104,8690,2014,0.0,7417.0,-0.467004,0.045511,HND,IND,820712
3803132,100,104,8690,2014,0.0,2248.0,0.804401,1.250807,HRV,IND,820712
3803133,103,104,8690,2014,119101.0,1070724.0,-0.088032,1.3966459999999998,IDN,IND,820712
3803134,106,104,8690,2014,25054.0,0.0,1.2658399999999999,0.278546,IRL,IND,820712
3803135,107,104,8690,2014,0.0,129470.0,-0.361058,-0.312743,IRN,IND,820712
3803136,108,104,8690,2014,0.0,32932.0,-2.9169,-0.882023,IRQ,IND,820712
3803137,110,104,8690,2014,0.0,58332.0,1.211141,0.64523,ISR,IND,820712
3803138,111,104,8690,2014,427780.0,2185640.0,1.340136,0.43931099999999995,ITA,IND,820712
3803139,113,104,8690,2014,0.0,163287.0,0.210208,0.48732299999999995,JOR,IND,820712
3803140,114,104,8690,2014,288150.0,129450.0,2.403165,-0.635024,JPN,IND,820712
3803141,115,104,8690,2014,4369.0,41846.0,-0.210431,-0.574075,KAZ,IND,820712
3803142,116,104,8690,2014,0.0,567650.0,-0.487058,0.307288,KEN,IND,820712
3803143,117,104,8690,2014,0.0,4556.0,-0.31942600000000004,-0.012454,KGZ,IND,820712
3803144,121,104,8690,2014,269935.0,1958916.0,1.817145,0.8394530000000001,KOR,IND,820712
3803145,122,104,8690,2014,10280.0,18116.0,-0.769616,-1.10667,KWT,IND,820712
3803146,124,104,8690,2014,0.0,45404.0,0.308677,1.7564490000000001,LBN,IND,820712
3803147,125,104,8690,2014,0.0,20899.0,-1.016828,-1.107983,LBR,IND,820712
3803148,128,104,8690,2014,1707318.0,444628.0,-0.49366899999999997,0.338686,LKA,IND,820712
3803149,130,104,8690,2014,28185.0,0.0,0.764495,1.3451540000000002,LTU,IND,820712
3803150,131,104,8690,2014,1433.0,0.0,1.243845,1.155474,LUX,IND,820712
3803151,134,104,8690,2014,0.0,110440.0,-0.574034,0.065788,MAR,IND,820712
3803152,136,104,8690,2014,0.0,3161.0,-1.002122,-0.44446,MDG,IND,820712
3803153,138,104,8690,2014,66153.0,2312030.0,1.0799729999999998,0.697554,MEX,IND,820712
3803154,140,104,8690,2014,0.0,64911.0,-0.039799,-0.05545,MKD,IND,820712
3803155,141,104,8690,2014,0.0,106111.0,-1.199063,-1.05497,MLI,IND,820712
3803156,143,104,8690,2014,0.0,9816.0,-1.5332459999999999,-1.145973,MMR,IND,820712
3803157,145,104,8690,2014,0.0,3152.0,-1.425524,-1.161949,MNG,IND,820712
3803158,147,104,8690,2014,0.0,67742.0,-1.1993610000000001,-1.040181,MOZ,IND,820712
3803159,152,104,8690,2014,0.0,11391.0,-0.494204,-0.751903,MWI,IND,820712
3803160,153,104,8690,2014,2831.0,176891.0,1.018138,0.774649,MYS,IND,820712
3803161,155,104,8690,2014,0.0,18146.0,-0.428227,-0.5632229999999999,NAM,IND,820712
3803162,156,104,8690,2014,0.0,76798.0,-0.509789,-0.767484,NCL,IND,820712
3803163,159,104,8690,2014,0.0,244872.0,-1.2126430000000001,-1.059697,NGA,IND,820712
3803164,160,104,8690,2014,0.0,3716.0,-0.938269,-0.839066,NIC,IND,820712
3803165,162,104,8690,2014,146693.0,3492829.0,1.179325,1.355071,NLD,IND,820712
3803166,163,104,8690,2014,0.0,8331.0,0.9187049999999999,0.182685,NOR,IND,820712
3803167,164,104,8690,2014,0.0,81211.0,-0.11988199999999999,0.655883,NPL,IND,820712
3803168,166,104,8690,2014,0.0,13345.0,0.272502,0.21628699999999998,NZL,IND,820712
3803169,167,104,8690,2014,22811.0,64071.0,-0.505129,-1.0051370000000002,OMN,IND,820712
3803170,168,104,8690,2014,0.0,11352.0,-0.672924,0.566787,PAK,IND,820712
3803171,169,104,8690,2014,0.0,11747.0,0.771742,0.9873190000000001,PAN,IND,820712
3803172,173,104,8690,2014,11346.0,5182680.0,-0.557833,0.611826,PER,IND,820712
3803173,174,104,8690,2014,0.0,1906.0,0.637442,0.475883,PHL,IND,820712
3803174,177,104,8690,2014,0.0,13579.0,1.133102,1.177165,POL,IND,820712
3803175,178,104,8690,2014,0.0,60217.0,-0.23883000000000001,-0.009727,PRK,IND,820712
3803176,179,104,8690,2014,184318.0,55937.0,0.621053,2.349644,PRT,IND,820712
3803177,183,104,8690,2014,0.0,100693.0,-0.37535599999999997,-1.0196370000000001,QAT,IND,820712
3803178,185,104,8690,2014,10285.0,10037.0,0.9112,1.188161,ROU,IND,820712
3803179,186,104,8690,2014,38114.0,4518640.0,0.229422,-0.214856,RUS,IND,820712
3803180,187,104,8690,2014,0.0,1067.0,-0.5692659999999999,-0.447859,RWA,IND,820712
3803181,188,104,8690,2014,324706.0,269775.0,0.5758439999999999,-0.832692,SAU,IND,820712
3803182,190,104,8690,2014,0.0,919379.0,-1.442381,-1.1155030000000001,SDN,IND,820712
3803183,191,104,8690,2014,0.0,2025.0,-0.502607,-0.08866,SEN,IND,820712
3803184,192,104,8690,2014,1274821.0,8307556.0,1.867492,0.626736,SGP,IND,820712
3803185,196,104,8690,2014,0.0,1359.0,-0.9228569999999999,-0.791482,SLE,IND,820712
3803186,201,104,8690,2014,0.0,54167.0,0.551635,1.211535,SRB,IND,820712
3803187,207,104,8690,2014,0.0,3507.0,1.6558669999999998,0.6814399999999999,SVN,IND,820712
3803188,208,104,8690,2014,68486.0,5614643.0,1.817752,0.558474,SWE,IND,820712
3803189,212,104,8690,2014,0.0,5842.0,-0.366224,0.9054719999999999,SYR,IND,820712
3803190,214,104,8690,2014,0.0,1359.0,-2.012048,-0.921558,TCD,IND,820712
3803191,216,104,8690,2014,86380.0,474626.0,0.977094,1.41283,THA,IND,820712
3803192,223,104,8690,2014,0.0,15381.0,0.343449,1.118007,TUN,IND,820712
3803193,224,104,8690,2014,33088.0,879226.0,0.554761,2.385693,TUR,IND,820712
3803194,226,104,8690,2014,0.0,299269.0,-1.054331,0.166345,TZA,IND,820712
3803195,227,104,8690,2014,0.0,199404.0,-0.46911800000000003,0.25446599999999997,UGA,IND,820712
3803196,228,104,8690,2014,0.0,320603.0,0.566535,0.832267,UKR,IND,820712
3803197,231,104,8690,2014,11275932.0,9100617.0,1.61227,0.068905,USA,IND,820712
3803198,239,104,8690,2014,0.0,38205.0,-0.023765,1.344416,VNM,IND,820712
3803199,246,104,8690,2014,37402.0,9875830.0,0.282927,1.723214,ZAF,IND,820712
3803200,247,104,8690,2014,0.0,1118725.0,-0.664089,-0.793452,ZMB,IND,820712
3803201,248,104,8690,2014,0.0,56869.0,-0.821369,-0.864232,ZWE,IND,820712
3803202,249,104,8690,2014,25525.0,1386.0,1.9044189999999999,1.0595139999999998,TWN,IND,820712
3803203,7,106,8690,2014,0.0,1580382.0,0.087775,-0.289459,ARE,IRL,820712
3803204,8,106,8690,2014,0.0,476127.0,0.10691500000000001,0.44860600000000006,ARG,IRL,820712
3803205,14,106,8690,2014,0.0,172376.0,-0.398273,-0.17128,AUS,IRL,820712
3803206,15,106,8690,2014,2796.0,1158637.0,1.7116790000000002,-0.140232,AUT,IRL,820712
3803207,18,106,8690,2014,205574.0,0.0,1.234156,1.226441,BEL,IRL,820712
3803208,32,106,8690,2014,0.0,7589.0,0.218223,0.556921,BRA,IRL,820712
3803209,39,106,8690,2014,115334.0,494993.0,0.671395,1.024683,CAN,IRL,820712
3803210,41,106,8690,2014,0.0,70203.0,2.2000919999999997,0.65398,CHE,IRL,820712
3803211,42,106,8690,2014,0.0,141053.0,-0.344671,-0.43380799999999997,CHL,IRL,820712
3803212,43,106,8690,2014,229384.0,1173688.0,1.187557,1.222085,CHN,IRL,820712
3803213,49,106,8690,2014,0.0,517307.0,0.19864500000000002,-0.378364,COL,IRL,820712
3803214,59,106,8690,2014,0.0,12462.0,1.8105830000000003,0.131131,CZE,IRL,820712
3803215,61,106,8690,2014,319226.0,284546.0,2.052849,-2.888805,DEU,IRL,820712
3803216,64,106,8690,2014,14158.0,0.0,1.10869,1.245193,DNK,IRL,820712
3803217,71,106,8690,2014,6084.0,3553.0,0.842147,2.45692,ESP,IRL,820712
3803218,81,106,8690,2014,2506267.0,144014.0,1.697964,0.585372,GBR,IRL,820712
3803219,82,106,8690,2014,0.0,948.0,-0.254106,-0.646584,GEO,IRL,820712
3803220,93,106,8690,2014,0.0,46243.0,-0.36547199999999996,0.548894,GTM,IRL,820712
3803221,97,106,8690,2014,31218.0,2730308.0,0.812132,1.722493,HKG,IRL,820712
3803222,104,106,8690,2014,0.0,25054.0,0.262042,2.6305080000000003,IND,IRL,820712
3803223,110,106,8690,2014,0.0,9712.0,1.211141,0.64523,ISR,IRL,820712
3803224,111,106,8690,2014,30813.0,35609.0,1.340136,0.43931099999999995,ITA,IRL,820712
3803225,114,106,8690,2014,134776.0,79237.0,2.403165,-0.635024,JPN,IRL,820712
3803226,115,106,8690,2014,0.0,149596.0,-0.210431,-0.574075,KAZ,IRL,820712
3803227,121,106,8690,2014,48975.0,0.0,1.817145,0.8394530000000001,KOR,IRL,820712
3803228,130,106,8690,2014,0.0,206942.0,0.764495,1.3451540000000002,LTU,IRL,820712
3803229,131,106,8690,2014,0.0,10794.0,1.243845,1.155474,LUX,IRL,820712
3803230,134,106,8690,2014,0.0,4464.0,-0.574034,0.065788,MAR,IRL,820712
3803231,138,106,8690,2014,0.0,421382.0,1.0799729999999998,0.697554,MEX,IRL,820712
3803232,145,106,8690,2014,0.0,1237.0,-1.425524,-1.161949,MNG,IRL,820712
3803233,153,106,8690,2014,6482.0,0.0,1.018138,0.774649,MYS,IRL,820712
3803234,162,106,8690,2014,22236.0,0.0,1.179325,1.355071,NLD,IRL,820712
3803235,163,106,8690,2014,7884.0,125333.0,0.9187049999999999,0.182685,NOR,IRL,820712
3803236,173,106,8690,2014,9762.0,4366.0,-0.557833,0.611826,PER,IRL,820712
3803237,177,106,8690,2014,31783.0,332904.0,1.133102,1.177165,POL,IRL,820712
3803238,179,106,8690,2014,0.0,3763.0,0.621053,2.349644,PRT,IRL,820712
3803239,185,106,8690,2014,0.0,11918.0,0.9112,1.188161,ROU,IRL,820712
3803240,186,106,8690,2014,0.0,2044146.0,0.229422,-0.214856,RUS,IRL,820712
3803241,188,106,8690,2014,0.0,910368.0,0.5758439999999999,-0.832692,SAU,IRL,820712
3803242,192,106,8690,2014,0.0,68801.0,1.867492,0.626736,SGP,IRL,820712
3803243,206,106,8690,2014,0.0,1088.0,1.334959,0.821253,SVK,IRL,820712
3803244,208,106,8690,2014,265131.0,295575.0,1.817752,0.558474,SWE,IRL,820712
3803245,216,106,8690,2014,0.0,14294.0,0.977094,1.41283,THA,IRL,820712
3803246,224,106,8690,2014,6880.0,0.0,0.554761,2.385693,TUR,IRL,820712
3803247,226,106,8690,2014,0.0,6693.0,-1.054331,0.166345,TZA,IRL,820712
3803248,231,106,8690,2014,94511.0,3788922.0,1.61227,0.068905,USA,IRL,820712
3803249,243,106,8690,2014,0.0,3827.0,-1.2829190000000001,-1.227373,YEM,IRL,820712
3803250,246,106,8690,2014,12892890.0,766843.0,0.282927,1.723214,ZAF,IRL,820712
3803251,247,106,8690,2014,0.0,105550.0,-0.664089,-0.793452,ZMB,IRL,820712
3803252,248,106,8690,2014,0.0,1363.0,-0.821369,-0.864232,ZWE,IRL,820712
3803253,249,106,8690,2014,0.0,48335.0,1.9044189999999999,1.0595139999999998,TWN,IRL,820712
3803254,250,106,8690,2014,306624.0,37669.0,0.506842,0.049545,ANS,IRL,820712
3803255,2,110,8690,2014,0.0,22294.0,-1.8184900000000002,-1.149191,AGO,ISR,820712
3803256,14,110,8690,2014,9775.0,0.0,-0.398273,-0.17128,AUS,ISR,820712
3803257,15,110,8690,2014,65840.0,0.0,1.7116790000000002,-0.140232,AUT,ISR,820712
3803258,18,110,8690,2014,20521.0,1913.0,1.234156,1.226441,BEL,ISR,820712
3803259,23,110,8690,2014,854.0,0.0,0.579058,1.6558110000000001,BGR,ISR,820712
3803260,32,110,8690,2014,0.0,1223.0,0.218223,0.556921,BRA,ISR,820712
3803261,39,110,8690,2014,1905.0,59801.0,0.671395,1.024683,CAN,ISR,820712
3803262,43,110,8690,2014,481635.0,18898.0,1.187557,1.222085,CHN,ISR,820712
3803263,49,110,8690,2014,0.0,1255.0,0.19864500000000002,-0.378364,COL,ISR,820712
3803264,52,110,8690,2014,0.0,16969.0,0.065938,-0.687971,CRI,ISR,820712
3803265,61,110,8690,2014,499714.0,114773.0,2.052849,-2.888805,DEU,ISR,820712
3803266,64,110,8690,2014,0.0,11375.0,1.10869,1.245193,DNK,ISR,820712
3803267,71,110,8690,2014,1944.0,2976.0,0.842147,2.45692,ESP,ISR,820712
3803268,77,110,8690,2014,275260.0,15009.0,1.4817790000000002,0.30995,FRA,ISR,820712
3803269,81,110,8690,2014,268481.0,4081.0,1.697964,0.585372,GBR,ISR,820712
3803270,97,110,8690,2014,3890.0,0.0,0.812132,1.722493,HKG,ISR,820712
3803271,104,110,8690,2014,58332.0,0.0,0.262042,2.6305080000000003,IND,ISR,820712
3803272,106,110,8690,2014,9712.0,0.0,1.2658399999999999,0.278546,IRL,ISR,820712
3803273,111,110,8690,2014,319032.0,67384.0,1.340136,0.43931099999999995,ITA,ISR,820712
3803274,114,110,8690,2014,4071.0,0.0,2.403165,-0.635024,JPN,ISR,820712
3803275,121,110,8690,2014,143591.0,22498.0,1.817145,0.8394530000000001,KOR,ISR,820712
3803276,132,110,8690,2014,0.0,4511.0,0.613116,1.1899790000000001,LVA,ISR,820712
3803277,138,110,8690,2014,0.0,12833.0,1.0799729999999998,0.697554,MEX,ISR,820712
3803278,162,110,8690,2014,27025.0,0.0,1.179325,1.355071,NLD,ISR,820712
3803279,163,110,8690,2014,0.0,9576.0,0.9187049999999999,0.182685,NOR,ISR,820712
3803280,173,110,8690,2014,0.0,11700.0,-0.557833,0.611826,PER,ISR,820712
3803281,177,110,8690,2014,18981.0,3685.0,1.133102,1.177165,POL,ISR,820712
3803282,179,110,8690,2014,1633.0,0.0,0.621053,2.349644,PRT,ISR,820712
3803283,181,110,8690,2014,0.0,12283.0,0.030643,0.601905,PSE,ISR,820712
3803284,197,110,8690,2014,0.0,1757.0,0.08653999999999999,0.29088600000000003,SLV,ISR,820712
3803285,208,110,8690,2014,952.0,0.0,1.817752,0.558474,SWE,ISR,820712
3803286,216,110,8690,2014,11646.0,0.0,0.977094,1.41283,THA,ISR,820712
3803287,224,110,8690,2014,512306.0,0.0,0.554761,2.385693,TUR,ISR,820712
3803288,231,110,8690,2014,1135708.0,50436.0,1.61227,0.068905,USA,ISR,820712
3803289,246,110,8690,2014,0.0,14877.0,0.282927,1.723214,ZAF,ISR,820712
3803290,248,110,8690,2014,166.0,0.0,-0.821369,-0.864232,ZWE,ISR,820712
3803291,2,111,8690,2014,3021.0,621033.0,-1.8184900000000002,-1.149191,AGO,ITA,820712
3803292,4,111,8690,2014,211607.0,489001.0,-0.476024,-0.33978400000000003,ALB,ITA,820712
3803293,7,111,8690,2014,117560.0,17849524.0,0.087775,-0.289459,ARE,ITA,820712
3803294,8,111,8690,2014,0.0,632863.0,0.10691500000000001,0.44860600000000006,ARG,ITA,820712
3803295,14,111,8690,2014,74991.0,1827559.0,-0.398273,-0.17128,AUS,ITA,820712
3803296,15,111,8690,2014,2444953.0,63390.0,1.7116790000000002,-0.140232,AUT,ITA,820712
3803297,16,111,8690,2014,0.0,13915.0,-0.909508,-1.165158,AZE,ITA,820712
3803298,18,111,8690,2014,834466.0,747935.0,1.234156,1.226441,BEL,ITA,820712
3803299,19,111,8690,2014,0.0,36366.0,-0.342225,-0.618789,BEN,ITA,820712
3803300,21,111,8690,2014,0.0,3438.0,-0.922401,-0.9554379999999999,BFA,ITA,820712
3803301,23,111,8690,2014,1297.0,164389.0,0.579058,1.6558110000000001,BGR,ITA,820712
3803302,24,111,8690,2014,0.0,318028.0,0.460168,-0.41671099999999994,BHR,ITA,820712
3803303,26,111,8690,2014,0.0,58618.0,0.5083300000000001,0.711704,BIH,ITA,820712
3803304,28,111,8690,2014,0.0,7464.0,0.874108,0.676231,BLR,ITA,820712
3803305,31,111,8690,2014,21348.0,427796.0,-1.129494,-1.030198,BOL,ITA,820712
3803306,32,111,8690,2014,0.0,847022.0,0.218223,0.556921,BRA,ITA,820712
3803307,34,111,8690,2014,0.0,19251.0,0.191357,-0.683567,BRN,ITA,820712
3803308,39,111,8690,2014,236877.0,361670.0,0.671395,1.024683,CAN,ITA,820712
3803309,41,111,8690,2014,363055.0,795208.0,2.2000919999999997,0.65398,CHE,ITA,820712
3803310,42,111,8690,2014,379604.0,48361.0,-0.344671,-0.43380799999999997,CHL,ITA,820712
3803311,43,111,8690,2014,602642.0,3055515.0,1.187557,1.222085,CHN,ITA,820712
3803312,44,111,8690,2014,0.0,83889.0,-0.737625,-0.768728,CIV,ITA,820712
3803313,45,111,8690,2014,0.0,14109.0,-0.6723520000000001,-0.945084,CMR,ITA,820712
3803314,47,111,8690,2014,12045.0,297782.0,-1.371624,-1.12468,COG,ITA,820712
3803315,49,111,8690,2014,50630.0,43713.0,0.19864500000000002,-0.378364,COL,ITA,820712
3803316,52,111,8690,2014,0.0,1554.0,0.065938,-0.687971,CRI,ITA,820712
3803317,54,111,8690,2014,0.0,7615.0,-0.476786,-0.952291,CUB,ITA,820712
3803318,58,111,8690,2014,0.0,234604.0,0.627467,0.483725,CYP,ITA,820712
3803319,59,111,8690,2014,29028.0,29784.0,1.8105830000000003,0.131131,CZE,ITA,820712
3803320,61,111,8690,2014,15694952.0,5658008.0,2.052849,-2.888805,DEU,ITA,820712
3803321,64,111,8690,2014,22587.0,415865.0,1.10869,1.245193,DNK,ITA,820712
3803322,65,111,8690,2014,0.0,1554.0,-0.180845,0.508512,DOM,ITA,820712
3803323,66,111,8690,2014,0.0,4080086.0,-1.5554649999999999,-1.1657030000000002,DZA,ITA,820712
3803324,67,111,8690,2014,1797.0,17484.0,-1.066865,-1.052921,ECU,ITA,820712
3803325,68,111,8690,2014,0.0,1155784.0,-0.086866,1.7419669999999998,EGY,ITA,820712
3803326,69,111,8690,2014,0.0,38819.0,-2.345215,-1.051413,ERI,ITA,820712
3803327,71,111,8690,2014,104935.0,3367901.0,0.842147,2.45692,ESP,ITA,820712
3803328,72,111,8690,2014,0.0,82942.0,0.9147780000000001,1.151556,EST,ITA,820712
3803329,73,111,8690,2014,0.0,714382.0,-1.296535,-1.045942,ETH,ITA,820712
3803330,74,111,8690,2014,135046.0,20516.0,1.626355,1.002923,FIN,ITA,820712
3803331,77,111,8690,2014,1643216.0,1301016.0,1.4817790000000002,0.30995,FRA,ITA,820712
3803332,80,111,8690,2014,0.0,177456.0,-1.625474,-1.135973,GAB,ITA,820712
3803333,81,111,8690,2014,1545164.0,2739758.0,1.697964,0.585372,GBR,ITA,820712
3803334,82,111,8690,2014,0.0,40139.0,-0.254106,-0.646584,GEO,ITA,820712
3803335,83,111,8690,2014,0.0,116974.0,-1.130226,-0.9909379999999999,GHA,ITA,820712
3803336,89,111,8690,2014,0.0,152114.0,-2.043516,-0.844701,GNQ,ITA,820712
3803337,90,111,8690,2014,0.0,72450.0,0.149337,0.8560540000000001,GRC,ITA,820712
3803338,93,111,8690,2014,0.0,26301.0,-0.36547199999999996,0.548894,GTM,ITA,820712
3803339,97,111,8690,2014,4317.0,126647.0,0.812132,1.722493,HKG,ITA,820712
3803340,99,111,8690,2014,0.0,6701.0,-0.467004,0.045511,HND,ITA,820712
3803341,100,111,8690,2014,0.0,53101.0,0.804401,1.250807,HRV,ITA,820712
3803342,102,111,8690,2014,0.0,287588.0,1.477093,0.812869,HUN,ITA,820712
3803343,103,111,8690,2014,1450.0,1495875.0,-0.088032,1.3966459999999998,IDN,ITA,820712
3803344,104,111,8690,2014,2185640.0,427780.0,0.262042,2.6305080000000003,IND,ITA,820712
3803345,106,111,8690,2014,35609.0,30813.0,1.2658399999999999,0.278546,IRL,ITA,820712
3803346,107,111,8690,2014,0.0,106162.0,-0.361058,-0.312743,IRN,ITA,820712
3803347,108,111,8690,2014,0.0,472828.0,-2.9169,-0.882023,IRQ,ITA,820712
3803348,109,111,8690,2014,0.0,1239.0,0.127891,-0.302014,ISL,ITA,820712
3803349,110,111,8690,2014,67384.0,319032.0,1.211141,0.64523,ISR,ITA,820712
3803350,113,111,8690,2014,0.0,35806.0,0.210208,0.48732299999999995,JOR,ITA,820712
3803351,114,111,8690,2014,54689.0,73488.0,2.403165,-0.635024,JPN,ITA,820712
3803352,115,111,8690,2014,55372.0,549847.0,-0.210431,-0.574075,KAZ,ITA,820712
3803353,116,111,8690,2014,0.0,8782.0,-0.487058,0.307288,KEN,ITA,820712
3803354,121,111,8690,2014,107015.0,70730.0,1.817145,0.8394530000000001,KOR,ITA,820712
3803355,122,111,8690,2014,0.0,7700.0,-0.769616,-1.10667,KWT,ITA,820712
3803356,124,111,8690,2014,0.0,2715.0,0.308677,1.7564490000000001,LBN,ITA,820712
3803357,126,111,8690,2014,0.0,142685.0,-1.5943829999999999,-1.189961,LBY,ITA,820712
3803358,128,111,8690,2014,0.0,6476.0,-0.49366899999999997,0.338686,LKA,ITA,820712
3803359,130,111,8690,2014,78758.0,569202.0,0.764495,1.3451540000000002,LTU,ITA,820712
3803360,131,111,8690,2014,0.0,30274.0,1.243845,1.155474,LUX,ITA,820712
3803361,132,111,8690,2014,0.0,1469.0,0.613116,1.1899790000000001,LVA,ITA,820712
3803362,134,111,8690,2014,0.0,106957.0,-0.574034,0.065788,MAR,ITA,820712
3803363,135,111,8690,2014,0.0,7801.0,-0.10438199999999999,-0.093194,MDA,ITA,820712
3803364,136,111,8690,2014,0.0,6886.0,-1.002122,-0.44446,MDG,ITA,820712
3803365,138,111,8690,2014,0.0,2643148.0,1.0799729999999998,0.697554,MEX,ITA,820712
3803366,140,111,8690,2014,0.0,2741.0,-0.039799,-0.05545,MKD,ITA,820712
3803367,142,111,8690,2014,66176.0,41949.0,0.817013,0.0016309999999999999,MLT,ITA,820712
3803368,143,111,8690,2014,0.0,31805.0,-1.5332459999999999,-1.145973,MMR,ITA,820712
3803369,147,111,8690,2014,0.0,22634.0,-1.1993610000000001,-1.040181,MOZ,ITA,820712
3803370,153,111,8690,2014,0.0,75796.0,1.018138,0.774649,MYS,ITA,820712
3803371,155,111,8690,2014,0.0,8123.0,-0.428227,-0.5632229999999999,NAM,ITA,820712
3803372,159,111,8690,2014,0.0,513363.0,-1.2126430000000001,-1.059697,NGA,ITA,820712
3803373,160,111,8690,2014,0.0,2228.0,-0.938269,-0.839066,NIC,ITA,820712
3803374,162,111,8690,2014,755937.0,954031.0,1.179325,1.355071,NLD,ITA,820712
3803375,163,111,8690,2014,6932.0,472828.0,0.9187049999999999,0.182685,NOR,ITA,820712
3803376,166,111,8690,2014,0.0,24147.0,0.272502,0.21628699999999998,NZL,ITA,820712
3803377,167,111,8690,2014,0.0,206695.0,-0.505129,-1.0051370000000002,OMN,ITA,820712
3803378,168,111,8690,2014,40188.0,9988.0,-0.672924,0.566787,PAK,ITA,820712
3803379,169,111,8690,2014,0.0,23109.0,0.771742,0.9873190000000001,PAN,ITA,820712
3803380,173,111,8690,2014,0.0,13374.0,-0.557833,0.611826,PER,ITA,820712
3803381,174,111,8690,2014,0.0,9575.0,0.637442,0.475883,PHL,ITA,820712
3803382,176,111,8690,2014,0.0,8592.0,-1.564904,-1.146255,PNG,ITA,820712
3803383,177,111,8690,2014,170228.0,244211.0,1.133102,1.177165,POL,ITA,820712
3803384,179,111,8690,2014,18098.0,69040.0,0.621053,2.349644,PRT,ITA,820712
3803385,180,111,8690,2014,0.0,68130.0,-0.608509,-0.930679,PRY,ITA,820712
3803386,181,111,8690,2014,0.0,700.0,0.030643,0.601905,PSE,ITA,820712
3803387,182,111,8690,2014,0.0,2827.0,0.008831,-0.6268279999999999,PYF,ITA,820712
3803388,183,111,8690,2014,0.0,97602.0,-0.37535599999999997,-1.0196370000000001,QAT,ITA,820712
3803389,185,111,8690,2014,225159.0,1777254.0,0.9112,1.188161,ROU,ITA,820712
3803390,186,111,8690,2014,76351.0,2909777.0,0.229422,-0.214856,RUS,ITA,820712
3803391,188,111,8690,2014,160332.0,230276.0,0.5758439999999999,-0.832692,SAU,ITA,820712
3803392,191,111,8690,2014,0.0,64625.0,-0.502607,-0.08866,SEN,ITA,820712
3803393,192,111,8690,2014,61150.0,3063263.0,1.867492,0.626736,SGP,ITA,820712
3803394,197,111,8690,2014,0.0,998.0,0.08653999999999999,0.29088600000000003,SLV,ITA,820712
3803395,201,111,8690,2014,0.0,29983.0,0.551635,1.211535,SRB,ITA,820712
3803396,205,111,8690,2014,0.0,1584.0,-0.6333989999999999,-0.857643,SUR,ITA,820712
3803397,206,111,8690,2014,2214.0,22018.0,1.334959,0.821253,SVK,ITA,820712
3803398,207,111,8690,2014,3820.0,88805.0,1.6558669999999998,0.6814399999999999,SVN,ITA,820712
3803399,208,111,8690,2014,92603.0,856798.0,1.817752,0.558474,SWE,ITA,820712
3803400,211,111,8690,2014,0.0,9500.0,0.358111,-0.484879,SYC,ITA,820712
3803401,214,111,8690,2014,0.0,354489.0,-2.012048,-0.921558,TCD,ITA,820712
3803402,216,111,8690,2014,0.0,105527.0,0.977094,1.41283,THA,ITA,820712
3803403,219,111,8690,2014,0.0,97337.0,-1.217897,-1.184131,TKM,ITA,820712
3803404,222,111,8690,2014,0.0,2991.0,-0.57362,-1.117545,TTO,ITA,820712
3803405,223,111,8690,2014,46100.0,177682.0,0.343449,1.118007,TUN,ITA,820712
3803406,224,111,8690,2014,416000.0,5392001.0,0.554761,2.385693,TUR,ITA,820712
3803407,226,111,8690,2014,6338.0,33270.0,-1.054331,0.166345,TZA,ITA,820712
3803408,227,111,8690,2014,0.0,15355.0,-0.46911800000000003,0.25446599999999997,UGA,ITA,820712
3803409,228,111,8690,2014,0.0,243119.0,0.566535,0.832267,UKR,ITA,820712
3803410,230,111,8690,2014,0.0,7828.0,0.154034,-0.380899,URY,ITA,820712
3803411,231,111,8690,2014,7199896.0,15652386.0,1.61227,0.068905,USA,ITA,820712
3803412,234,111,8690,2014,0.0,1230.0,0.034024,-0.522492,VCT,ITA,820712
3803413,236,111,8690,2014,0.0,1537826.0,-0.582086,-1.081727,VEN,ITA,820712
3803414,239,111,8690,2014,20000.0,572743.0,-0.023765,1.344416,VNM,ITA,820712
3803415,246,111,8690,2014,6632.0,103530.0,0.282927,1.723214,ZAF,ITA,820712
3803416,247,111,8690,2014,0.0,971.0,-0.664089,-0.793452,ZMB,ITA,820712
3803417,248,111,8690,2014,0.0,5819.0,-0.821369,-0.864232,ZWE,ITA,820712
3803418,249,111,8690,2014,118867.0,72219.0,1.9044189999999999,1.0595139999999998,TWN,ITA,820712
3803419,250,111,8690,2014,13235.0,0.0,0.506842,0.049545,ANS,ITA,820712
3803420,39,112,8690,2014,73828.0,0.0,0.671395,1.024683,CAN,JAM,820712
3803421,43,112,8690,2014,34892.0,0.0,1.187557,1.222085,CHN,JAM,820712
3803422,77,112,8690,2014,2671.0,0.0,1.4817790000000002,0.30995,FRA,JAM,820712
3803423,81,112,8690,2014,13736.0,0.0,1.697964,0.585372,GBR,JAM,820712
3803424,173,112,8690,2014,64941.0,0.0,-0.557833,0.611826,PER,JAM,820712
3803425,231,112,8690,2014,14146.0,0.0,1.61227,0.068905,USA,JAM,820712
3803426,7,113,8690,2014,0.0,17143.0,0.087775,-0.289459,ARE,JOR,820712
3803427,18,113,8690,2014,148044.0,0.0,1.234156,1.226441,BEL,JOR,820712
3803428,23,113,8690,2014,5357.0,0.0,0.579058,1.6558110000000001,BGR,JOR,820712
3803429,43,113,8690,2014,218051.0,0.0,1.187557,1.222085,CHN,JOR,820712
3803430,61,113,8690,2014,47660.0,0.0,2.052849,-2.888805,DEU,JOR,820712
3803431,68,113,8690,2014,0.0,27886.0,-0.086866,1.7419669999999998,EGY,JOR,820712
3803432,77,113,8690,2014,30626.0,0.0,1.4817790000000002,0.30995,FRA,JOR,820712
3803433,81,113,8690,2014,72742.0,0.0,1.697964,0.585372,GBR,JOR,820712
3803434,104,113,8690,2014,163287.0,0.0,0.262042,2.6305080000000003,IND,JOR,820712
3803435,111,113,8690,2014,35806.0,0.0,1.340136,0.43931099999999995,ITA,JOR,820712
3803436,121,113,8690,2014,88801.0,0.0,1.817145,0.8394530000000001,KOR,JOR,820712
3803437,183,113,8690,2014,0.0,3038.0,-0.37535599999999997,-1.0196370000000001,QAT,JOR,820712
3803438,186,113,8690,2014,73790.0,0.0,0.229422,-0.214856,RUS,JOR,820712
3803439,188,113,8690,2014,24659.0,19041.0,0.5758439999999999,-0.832692,SAU,JOR,820712
3803440,192,113,8690,2014,141201.0,0.0,1.867492,0.626736,SGP,JOR,820712
3803441,208,113,8690,2014,981.0,0.0,1.817752,0.558474,SWE,JOR,820712
3803442,224,113,8690,2014,3403.0,0.0,0.554761,2.385693,TUR,JOR,820712
3803443,228,113,8690,2014,71807.0,0.0,0.566535,0.832267,UKR,JOR,820712
3803444,231,113,8690,2014,82766.0,0.0,1.61227,0.068905,USA,JOR,820712
3803445,250,113,8690,2014,114872.0,2043954.0,0.506842,0.049545,ANS,JOR,820712
3803446,2,114,8690,2014,0.0,9590.0,-1.8184900000000002,-1.149191,AGO,JPN,820712
3803447,7,114,8690,2014,0.0,4684214.0,0.087775,-0.289459,ARE,JPN,820712
3803448,8,114,8690,2014,0.0,4237.0,0.10691500000000001,0.44860600000000006,ARG,JPN,820712
3803449,14,114,8690,2014,346176.0,4492001.0,-0.398273,-0.17128,AUS,JPN,820712
3803450,15,114,8690,2014,0.0,343317.0,1.7116790000000002,-0.140232,AUT,JPN,820712
3803451,18,114,8690,2014,38696.0,10053.0,1.234156,1.226441,BEL,JPN,820712
3803452,24,114,8690,2014,0.0,9530.0,0.460168,-0.41671099999999994,BHR,JPN,820712
3803453,31,114,8690,2014,0.0,7953.0,-1.129494,-1.030198,BOL,JPN,820712
3803454,32,114,8690,2014,0.0,688781.0,0.218223,0.556921,BRA,JPN,820712
3803455,34,114,8690,2014,0.0,10419.0,0.191357,-0.683567,BRN,JPN,820712
3803456,35,114,8690,2014,0.0,11870.0,-0.24597199999999997,-0.758838,BTN,JPN,820712
3803457,39,114,8690,2014,192131.0,154861.0,0.671395,1.024683,CAN,JPN,820712
3803458,41,114,8690,2014,6927.0,49408.0,2.2000919999999997,0.65398,CHE,JPN,820712
3803459,42,114,8690,2014,0.0,79451.0,-0.344671,-0.43380799999999997,CHL,JPN,820712
3803460,43,114,8690,2014,15689244.0,1075424.0,1.187557,1.222085,CHN,JPN,820712
3803461,44,114,8690,2014,0.0,9727.0,-0.737625,-0.768728,CIV,JPN,820712
3803462,45,114,8690,2014,0.0,2104.0,-0.6723520000000001,-0.945084,CMR,JPN,820712
3803463,49,114,8690,2014,0.0,15790.0,0.19864500000000002,-0.378364,COL,JPN,820712
3803464,54,114,8690,2014,0.0,665080.0,-0.476786,-0.952291,CUB,JPN,820712
3803465,59,114,8690,2014,0.0,17934.0,1.8105830000000003,0.131131,CZE,JPN,820712
3803466,61,114,8690,2014,705034.0,150489.0,2.052849,-2.888805,DEU,JPN,820712
3803467,64,114,8690,2014,0.0,9465.0,1.10869,1.245193,DNK,JPN,820712
3803468,65,114,8690,2014,0.0,5675.0,-0.180845,0.508512,DOM,JPN,820712
3803469,66,114,8690,2014,0.0,105218.0,-1.5554649999999999,-1.1657030000000002,DZA,JPN,820712
3803470,67,114,8690,2014,0.0,3206.0,-1.066865,-1.052921,ECU,JPN,820712
3803471,68,114,8690,2014,0.0,50841.0,-0.086866,1.7419669999999998,EGY,JPN,820712
3803472,71,114,8690,2014,0.0,11264.0,0.842147,2.45692,ESP,JPN,820712
3803473,73,114,8690,2014,0.0,39824.0,-1.296535,-1.045942,ETH,JPN,820712
3803474,74,114,8690,2014,66232.0,960.0,1.626355,1.002923,FIN,JPN,820712
3803475,77,114,8690,2014,74702.0,97939.0,1.4817790000000002,0.30995,FRA,JPN,820712
3803476,81,114,8690,2014,308077.0,9472.0,1.697964,0.585372,GBR,JPN,820712
3803477,97,114,8690,2014,0.0,803223.0,0.812132,1.722493,HKG,JPN,820712
3803478,99,114,8690,2014,0.0,3962.0,-0.467004,0.045511,HND,JPN,820712
3803479,103,114,8690,2014,1728961.0,532199.0,-0.088032,1.3966459999999998,IDN,JPN,820712
3803480,104,114,8690,2014,129450.0,288150.0,0.262042,2.6305080000000003,IND,JPN,820712
3803481,106,114,8690,2014,79237.0,134776.0,1.2658399999999999,0.278546,IRL,JPN,820712
3803482,107,114,8690,2014,0.0,290878.0,-0.361058,-0.312743,IRN,JPN,820712
3803483,110,114,8690,2014,0.0,4071.0,1.211141,0.64523,ISR,JPN,820712
3803484,111,114,8690,2014,73488.0,54689.0,1.340136,0.43931099999999995,ITA,JPN,820712
3803485,115,114,8690,2014,0.0,23145.0,-0.210431,-0.574075,KAZ,JPN,820712
3803486,116,114,8690,2014,0.0,2247.0,-0.487058,0.307288,KEN,JPN,820712
3803487,118,114,8690,2014,0.0,161155.0,-0.84072,-0.8307040000000001,KHM,JPN,820712
3803488,121,114,8690,2014,5966602.0,2664674.0,1.817145,0.8394530000000001,KOR,JPN,820712
3803489,123,114,8690,2014,0.0,996.0,-1.054294,-0.869916,LAO,JPN,820712
3803490,125,114,8690,2014,0.0,11417.0,-1.016828,-1.107983,LBR,JPN,820712
3803491,128,114,8690,2014,0.0,96876.0,-0.49366899999999997,0.338686,LKA,JPN,820712
3803492,130,114,8690,2014,0.0,7334.0,0.764495,1.3451540000000002,LTU,JPN,820712
3803493,131,114,8690,2014,0.0,3891.0,1.243845,1.155474,LUX,JPN,820712
3803494,133,114,8690,2014,0.0,17302.0,0.704535,0.5856140000000001,MAC,JPN,820712
3803495,134,114,8690,2014,0.0,27859.0,-0.574034,0.065788,MAR,JPN,820712
3803496,138,114,8690,2014,55637.0,641218.0,1.0799729999999998,0.697554,MEX,JPN,820712
3803497,143,114,8690,2014,0.0,198037.0,-1.5332459999999999,-1.145973,MMR,JPN,820712
3803498,145,114,8690,2014,0.0,21604.0,-1.425524,-1.161949,MNG,JPN,820712
3803499,152,114,8690,2014,0.0,992.0,-0.494204,-0.751903,MWI,JPN,820712
3803500,153,114,8690,2014,14001.0,1603768.0,1.018138,0.774649,MYS,JPN,820712
3803501,156,114,8690,2014,0.0,2304.0,-0.509789,-0.767484,NCL,JPN,820712
3803502,159,114,8690,2014,0.0,2222.0,-1.2126430000000001,-1.059697,NGA,JPN,820712
3803503,160,114,8690,2014,0.0,3477.0,-0.938269,-0.839066,NIC,JPN,820712
3803504,162,114,8690,2014,117994.0,5259154.0,1.179325,1.355071,NLD,JPN,820712
3803505,163,114,8690,2014,252409.0,37176.0,0.9187049999999999,0.182685,NOR,JPN,820712
3803506,164,114,8690,2014,0.0,3442.0,-0.11988199999999999,0.655883,NPL,JPN,820712
3803507,166,114,8690,2014,6686.0,44334.0,0.272502,0.21628699999999998,NZL,JPN,820712
3803508,167,114,8690,2014,0.0,45433.0,-0.505129,-1.0051370000000002,OMN,JPN,820712
3803509,168,114,8690,2014,0.0,1750.0,-0.672924,0.566787,PAK,JPN,820712
3803510,169,114,8690,2014,0.0,78807.0,0.771742,0.9873190000000001,PAN,JPN,820712
3803511,173,114,8690,2014,0.0,157760.0,-0.557833,0.611826,PER,JPN,820712
3803512,174,114,8690,2014,0.0,262163.0,0.637442,0.475883,PHL,JPN,820712
3803513,176,114,8690,2014,0.0,5231.0,-1.564904,-1.146255,PNG,JPN,820712
3803514,177,114,8690,2014,1730.0,3466.0,1.133102,1.177165,POL,JPN,820712
3803515,179,114,8690,2014,0.0,40707.0,0.621053,2.349644,PRT,JPN,820712
3803516,180,114,8690,2014,0.0,158932.0,-0.608509,-0.930679,PRY,JPN,820712
3803517,183,114,8690,2014,0.0,9574.0,-0.37535599999999997,-1.0196370000000001,QAT,JPN,820712
3803518,185,114,8690,2014,0.0,1593.0,0.9112,1.188161,ROU,JPN,820712
3803519,186,114,8690,2014,0.0,238689.0,0.229422,-0.214856,RUS,JPN,820712
3803520,188,114,8690,2014,0.0,3296708.0,0.5758439999999999,-0.832692,SAU,JPN,820712
3803521,192,114,8690,2014,52737.0,1655971.0,1.867492,0.626736,SGP,JPN,820712
3803522,197,114,8690,2014,0.0,1012982.0,0.08653999999999999,0.29088600000000003,SLV,JPN,820712
3803523,201,114,8690,2014,0.0,408.0,0.551635,1.211535,SRB,JPN,820712
3803524,206,114,8690,2014,0.0,34912.0,1.334959,0.821253,SVK,JPN,820712
3803525,207,114,8690,2014,0.0,5230.0,1.6558669999999998,0.6814399999999999,SVN,JPN,820712
3803526,208,114,8690,2014,41762.0,113110.0,1.817752,0.558474,SWE,JPN,820712
3803527,216,114,8690,2014,8626985.0,969171.0,0.977094,1.41283,THA,JPN,820712
3803528,220,114,8690,2014,0.0,3881.0,-1.365212,-0.896716,TLS,JPN,820712
3803529,222,114,8690,2014,0.0,5443.0,-0.57362,-1.117545,TTO,JPN,820712
3803530,224,114,8690,2014,47360.0,360542.0,0.554761,2.385693,TUR,JPN,820712
3803531,228,114,8690,2014,0.0,2816.0,0.566535,0.832267,UKR,JPN,820712
3803532,231,114,8690,2014,3589880.0,1825020.0,1.61227,0.068905,USA,JPN,820712
3803533,239,114,8690,2014,433825.0,795332.0,-0.023765,1.344416,VNM,JPN,820712
3803534,246,114,8690,2014,28972.0,28214.0,0.282927,1.723214,ZAF,JPN,820712
3803535,247,114,8690,2014,0.0,15447.0,-0.664089,-0.793452,ZMB,JPN,820712
3803536,249,114,8690,2014,131653.0,1300596.0,1.9044189999999999,1.0595139999999998,TWN,JPN,820712
3803537,2,121,8690,2014,0.0,44915.0,-1.8184900000000002,-1.149191,AGO,KOR,820712
3803538,7,121,8690,2014,0.0,185454.0,0.087775,-0.289459,ARE,KOR,820712
3803539,8,121,8690,2014,0.0,7129.0,0.10691500000000001,0.44860600000000006,ARG,KOR,820712
3803540,9,121,8690,2014,0.0,1148.0,-0.198322,-0.5918680000000001,ARM,KOR,820712
3803541,14,121,8690,2014,125195.0,781234.0,-0.398273,-0.17128,AUS,KOR,820712
3803542,15,121,8690,2014,2228.0,13685.0,1.7116790000000002,-0.140232,AUT,KOR,820712
3803543,16,121,8690,2014,0.0,6649.0,-0.909508,-1.165158,AZE,KOR,820712
3803544,18,121,8690,2014,12137.0,70784.0,1.234156,1.226441,BEL,KOR,820712
3803545,24,121,8690,2014,0.0,2154.0,0.460168,-0.41671099999999994,BHR,KOR,820712
3803546,31,121,8690,2014,0.0,5241.0,-1.129494,-1.030198,BOL,KOR,820712
3803547,32,121,8690,2014,0.0,466379.0,0.218223,0.556921,BRA,KOR,820712
3803548,34,121,8690,2014,0.0,3809.0,0.191357,-0.683567,BRN,KOR,820712
3803549,39,121,8690,2014,53028.0,1315404.0,0.671395,1.024683,CAN,KOR,820712
3803550,41,121,8690,2014,100384.0,32295.0,2.2000919999999997,0.65398,CHE,KOR,820712
3803551,42,121,8690,2014,0.0,526180.0,-0.344671,-0.43380799999999997,CHL,KOR,820712
3803552,43,121,8690,2014,6660288.0,1375550.0,1.187557,1.222085,CHN,KOR,820712
3803553,44,121,8690,2014,0.0,1297.0,-0.737625,-0.768728,CIV,KOR,820712
3803554,45,121,8690,2014,0.0,24910.0,-0.6723520000000001,-0.945084,CMR,KOR,820712
3803555,47,121,8690,2014,0.0,619508.0,-1.371624,-1.12468,COG,KOR,820712
3803556,49,121,8690,2014,0.0,8604.0,0.19864500000000002,-0.378364,COL,KOR,820712
3803557,52,121,8690,2014,0.0,5959.0,0.065938,-0.687971,CRI,KOR,820712
3803558,58,121,8690,2014,0.0,2620.0,0.627467,0.483725,CYP,KOR,820712
3803559,59,121,8690,2014,1539.0,14375.0,1.8105830000000003,0.131131,CZE,KOR,820712
3803560,61,121,8690,2014,38483.0,110556.0,2.052849,-2.888805,DEU,KOR,820712
3803561,62,121,8690,2014,0.0,5311.0,-0.394602,-0.74178,DJI,KOR,820712
3803562,64,121,8690,2014,0.0,23223.0,1.10869,1.245193,DNK,KOR,820712
3803563,66,121,8690,2014,0.0,315189.0,-1.5554649999999999,-1.1657030000000002,DZA,KOR,820712
3803564,67,121,8690,2014,0.0,51427.0,-1.066865,-1.052921,ECU,KOR,820712
3803565,68,121,8690,2014,0.0,399685.0,-0.086866,1.7419669999999998,EGY,KOR,820712
3803566,71,121,8690,2014,1492.0,87642.0,0.842147,2.45692,ESP,KOR,820712
3803567,72,121,8690,2014,0.0,73366.0,0.9147780000000001,1.151556,EST,KOR,820712
3803568,73,121,8690,2014,0.0,1730.0,-1.296535,-1.045942,ETH,KOR,820712
3803569,74,121,8690,2014,13430.0,1442657.0,1.626355,1.002923,FIN,KOR,820712
3803570,75,121,8690,2014,0.0,2241.0,-0.306346,-0.07688500000000001,FJI,KOR,820712
3803571,77,121,8690,2014,3622.0,491999.0,1.4817790000000002,0.30995,FRA,KOR,820712
3803572,81,121,8690,2014,157173.0,73616.0,1.697964,0.585372,GBR,KOR,820712
3803573,83,121,8690,2014,0.0,234827.0,-1.130226,-0.9909379999999999,GHA,KOR,820712
3803574,85,121,8690,2014,0.0,23112.0,-1.628409,-1.202473,GIN,KOR,820712
3803575,90,121,8690,2014,0.0,8298.0,0.149337,0.8560540000000001,GRC,KOR,820712
3803576,93,121,8690,2014,0.0,1087.0,-0.36547199999999996,0.548894,GTM,KOR,820712
3803577,97,121,8690,2014,61879.0,3843056.0,0.812132,1.722493,HKG,KOR,820712
3803578,100,121,8690,2014,0.0,5541.0,0.804401,1.250807,HRV,KOR,820712
3803579,103,121,8690,2014,0.0,431753.0,-0.088032,1.3966459999999998,IDN,KOR,820712
3803580,104,121,8690,2014,1958916.0,269935.0,0.262042,2.6305080000000003,IND,KOR,820712
3803581,106,121,8690,2014,0.0,48975.0,1.2658399999999999,0.278546,IRL,KOR,820712
3803582,107,121,8690,2014,0.0,659879.0,-0.361058,-0.312743,IRN,KOR,820712
3803583,110,121,8690,2014,22498.0,143591.0,1.211141,0.64523,ISR,KOR,820712
3803584,111,121,8690,2014,70730.0,107015.0,1.340136,0.43931099999999995,ITA,KOR,820712
3803585,113,121,8690,2014,0.0,88801.0,0.210208,0.48732299999999995,JOR,KOR,820712
3803586,114,121,8690,2014,2664674.0,5966602.0,2.403165,-0.635024,JPN,KOR,820712
3803587,115,121,8690,2014,0.0,50200.0,-0.210431,-0.574075,KAZ,KOR,820712
3803588,116,121,8690,2014,0.0,3942.0,-0.487058,0.307288,KEN,KOR,820712
3803589,123,121,8690,2014,0.0,129016.0,-1.054294,-0.869916,LAO,KOR,820712
3803590,124,121,8690,2014,0.0,20404.0,0.308677,1.7564490000000001,LBN,KOR,820712
3803591,126,121,8690,2014,0.0,257646.0,-1.5943829999999999,-1.189961,LBY,KOR,820712
3803592,128,121,8690,2014,0.0,129263.0,-0.49366899999999997,0.338686,LKA,KOR,820712
3803593,131,121,8690,2014,0.0,9272.0,1.243845,1.155474,LUX,KOR,820712
3803594,133,121,8690,2014,0.0,633.0,0.704535,0.5856140000000001,MAC,KOR,820712
3803595,134,121,8690,2014,0.0,410147.0,-0.574034,0.065788,MAR,KOR,820712
3803596,138,121,8690,2014,9673.0,397816.0,1.0799729999999998,0.697554,MEX,KOR,820712
3803597,140,121,8690,2014,0.0,1835.0,-0.039799,-0.05545,MKD,KOR,820712
3803598,143,121,8690,2014,0.0,25668.0,-1.5332459999999999,-1.145973,MMR,KOR,820712
3803599,145,121,8690,2014,0.0,137826.0,-1.425524,-1.161949,MNG,KOR,820712
3803600,147,121,8690,2014,3759.0,90753.0,-1.1993610000000001,-1.040181,MOZ,KOR,820712
3803601,151,121,8690,2014,0.0,1602.0,-0.029891,-0.12431099999999999,MUS,KOR,820712
3803602,153,121,8690,2014,51443.0,582616.0,1.018138,0.774649,MYS,KOR,820712
3803603,156,121,8690,2014,0.0,78829.0,-0.509789,-0.767484,NCL,KOR,820712
3803604,159,121,8690,2014,0.0,33734.0,-1.2126430000000001,-1.059697,NGA,KOR,820712
3803605,160,121,8690,2014,0.0,48111.0,-0.938269,-0.839066,NIC,KOR,820712
3803606,162,121,8690,2014,10140.0,197647.0,1.179325,1.355071,NLD,KOR,820712
3803607,163,121,8690,2014,8018.0,203770.0,0.9187049999999999,0.182685,NOR,KOR,820712
3803608,166,121,8690,2014,0.0,19401.0,0.272502,0.21628699999999998,NZL,KOR,820712
3803609,167,121,8690,2014,0.0,69174.0,-0.505129,-1.0051370000000002,OMN,KOR,820712
3803610,168,121,8690,2014,0.0,88299.0,-0.672924,0.566787,PAK,KOR,820712
3803611,169,121,8690,2014,0.0,1974.0,0.771742,0.9873190000000001,PAN,KOR,820712
3803612,173,121,8690,2014,0.0,435399.0,-0.557833,0.611826,PER,KOR,820712
3803613,174,121,8690,2014,26472.0,64020.0,0.637442,0.475883,PHL,KOR,820712
3803614,177,121,8690,2014,1617.0,34045.0,1.133102,1.177165,POL,KOR,820712
3803615,179,121,8690,2014,0.0,16550.0,0.621053,2.349644,PRT,KOR,820712
3803616,180,121,8690,2014,0.0,85752.0,-0.608509,-0.930679,PRY,KOR,820712
3803617,183,121,8690,2014,0.0,531164.0,-0.37535599999999997,-1.0196370000000001,QAT,KOR,820712
3803618,185,121,8690,2014,0.0,7520.0,0.9112,1.188161,ROU,KOR,820712
3803619,186,121,8690,2014,29175.0,562449.0,0.229422,-0.214856,RUS,KOR,820712
3803620,188,121,8690,2014,0.0,2409755.0,0.5758439999999999,-0.832692,SAU,KOR,820712
3803621,190,121,8690,2014,0.0,28329.0,-1.442381,-1.1155030000000001,SDN,KOR,820712
3803622,192,121,8690,2014,81690.0,763341.0,1.867492,0.626736,SGP,KOR,820712
3803623,196,121,8690,2014,0.0,100725.0,-0.9228569999999999,-0.791482,SLE,KOR,820712
3803624,197,121,8690,2014,0.0,12553.0,0.08653999999999999,0.29088600000000003,SLV,KOR,820712
3803625,201,121,8690,2014,0.0,9105.0,0.551635,1.211535,SRB,KOR,820712
3803626,206,121,8690,2014,214879.0,367641.0,1.334959,0.821253,SVK,KOR,820712
3803627,208,121,8690,2014,254334.0,281773.0,1.817752,0.558474,SWE,KOR,820712
3803628,212,121,8690,2014,0.0,5356.0,-0.366224,0.9054719999999999,SYR,KOR,820712
3803629,216,121,8690,2014,1180445.0,484279.0,0.977094,1.41283,THA,KOR,820712
3803630,217,121,8690,2014,0.0,1308.0,-0.706823,-0.993756,TJK,KOR,820712
3803631,219,121,8690,2014,0.0,3312.0,-1.217897,-1.184131,TKM,KOR,820712
3803632,223,121,8690,2014,0.0,759.0,0.343449,1.118007,TUN,KOR,820712
3803633,224,121,8690,2014,19712.0,810935.0,0.554761,2.385693,TUR,KOR,820712
3803634,227,121,8690,2014,0.0,260.0,-0.46911800000000003,0.25446599999999997,UGA,KOR,820712
3803635,228,121,8690,2014,0.0,43423.0,0.566535,0.832267,UKR,KOR,820712
3803636,230,121,8690,2014,0.0,57317.0,0.154034,-0.380899,URY,KOR,820712
3803637,231,121,8690,2014,1107702.0,4518089.0,1.61227,0.068905,USA,KOR,820712
3803638,232,121,8690,2014,0.0,79958.0,-0.407623,-0.37150700000000003,UZB,KOR,820712
3803639,236,121,8690,2014,0.0,9113.0,-0.582086,-1.081727,VEN,KOR,820712
3803640,239,121,8690,2014,2206.0,852208.0,-0.023765,1.344416,VNM,KOR,820712
3803641,243,121,8690,2014,0.0,307331.0,-1.2829190000000001,-1.227373,YEM,KOR,820712
3803642,246,121,8690,2014,166542.0,1863823.0,0.282927,1.723214,ZAF,KOR,820712
3803643,247,121,8690,2014,0.0,14499.0,-0.664089,-0.793452,ZMB,KOR,820712
3803644,248,121,8690,2014,0.0,41800.0,-0.821369,-0.864232,ZWE,KOR,820712
3803645,249,121,8690,2014,248438.0,358327.0,1.9044189999999999,1.0595139999999998,TWN,KOR,820712
3803646,7,122,8690,2014,140308.0,283486.0,0.087775,-0.289459,ARE,KWT,820712
3803647,14,122,8690,2014,23487.0,0.0,-0.398273,-0.17128,AUS,KWT,820712
3803648,15,122,8690,2014,14201.0,0.0,1.7116790000000002,-0.140232,AUT,KWT,820712
3803649,16,122,8690,2014,0.0,20784.0,-0.909508,-1.165158,AZE,KWT,820712
3803650,24,122,8690,2014,77597.0,0.0,0.460168,-0.41671099999999994,BHR,KWT,820712
3803651,32,122,8690,2014,9973.0,0.0,0.218223,0.556921,BRA,KWT,820712
3803652,39,122,8690,2014,2737.0,11605.0,0.671395,1.024683,CAN,KWT,820712
3803653,41,122,8690,2014,0.0,32494.0,2.2000919999999997,0.65398,CHE,KWT,820712
3803654,43,122,8690,2014,125675.0,0.0,1.187557,1.222085,CHN,KWT,820712
3803655,49,122,8690,2014,13095.0,0.0,0.19864500000000002,-0.378364,COL,KWT,820712
3803656,59,122,8690,2014,5296.0,0.0,1.8105830000000003,0.131131,CZE,KWT,820712
3803657,61,122,8690,2014,110574.0,21746.0,2.052849,-2.888805,DEU,KWT,820712
3803658,68,122,8690,2014,9490.0,344153.0,-0.086866,1.7419669999999998,EGY,KWT,820712
3803659,74,122,8690,2014,1679.0,0.0,1.626355,1.002923,FIN,KWT,820712
3803660,77,122,8690,2014,1779359.0,30543.0,1.4817790000000002,0.30995,FRA,KWT,820712
3803661,81,122,8690,2014,1043744.0,48743.0,1.697964,0.585372,GBR,KWT,820712
3803662,104,122,8690,2014,18116.0,10280.0,0.262042,2.6305080000000003,IND,KWT,820712
3803663,108,122,8690,2014,0.0,40485.0,-2.9169,-0.882023,IRQ,KWT,820712
3803664,111,122,8690,2014,7700.0,0.0,1.340136,0.43931099999999995,ITA,KWT,820712
3803665,115,122,8690,2014,0.0,13914.0,-0.210431,-0.574075,KAZ,KWT,820712
3803666,128,122,8690,2014,14032.0,0.0,-0.49366899999999997,0.338686,LKA,KWT,820712
3803667,138,122,8690,2014,763514.0,0.0,1.0799729999999998,0.697554,MEX,KWT,820712
3803668,153,122,8690,2014,0.0,21842.0,1.018138,0.774649,MYS,KWT,820712
3803669,162,122,8690,2014,22222.0,0.0,1.179325,1.355071,NLD,KWT,820712
3803670,163,122,8690,2014,11244.0,1610.0,0.9187049999999999,0.182685,NOR,KWT,820712
3803671,167,122,8690,2014,0.0,33367.0,-0.505129,-1.0051370000000002,OMN,KWT,820712
3803672,168,122,8690,2014,273686.0,75396.0,-0.672924,0.566787,PAK,KWT,820712
3803673,173,122,8690,2014,3095.0,0.0,-0.557833,0.611826,PER,KWT,820712
3803674,183,122,8690,2014,0.0,346324.0,-0.37535599999999997,-1.0196370000000001,QAT,KWT,820712
3803675,185,122,8690,2014,0.0,55812.0,0.9112,1.188161,ROU,KWT,820712
3803676,186,122,8690,2014,9282.0,22107.0,0.229422,-0.214856,RUS,KWT,820712
3803677,188,122,8690,2014,363214.0,125784.0,0.5758439999999999,-0.832692,SAU,KWT,820712
3803678,192,122,8690,2014,870131.0,3973.0,1.867492,0.626736,SGP,KWT,820712
3803679,224,122,8690,2014,16490.0,0.0,0.554761,2.385693,TUR,KWT,820712
3803680,231,122,8690,2014,10866423.0,125656.0,1.61227,0.068905,USA,KWT,820712
3803681,239,122,8690,2014,68709.0,22728.0,-0.023765,1.344416,VNM,KWT,820712
3803682,249,122,8690,2014,1104.0,0.0,1.9044189999999999,1.0595139999999998,TWN,KWT,820712
3803683,14,134,8690,2014,694.0,0.0,-0.398273,-0.17128,AUS,MAR,820712
3803684,15,134,8690,2014,41822.0,0.0,1.7116790000000002,-0.140232,AUT,MAR,820712
3803685,18,134,8690,2014,5552.0,2763.0,1.234156,1.226441,BEL,MAR,820712
3803686,39,134,8690,2014,760333.0,32154.0,0.671395,1.024683,CAN,MAR,820712
3803687,43,134,8690,2014,523424.0,0.0,1.187557,1.222085,CHN,MAR,820712
3803688,61,134,8690,2014,1013498.0,0.0,2.052849,-2.888805,DEU,MAR,820712
3803689,64,134,8690,2014,0.0,2644.0,1.10869,1.245193,DNK,MAR,820712
3803690,71,134,8690,2014,806698.0,3179.0,0.842147,2.45692,ESP,MAR,820712
3803691,74,134,8690,2014,25490.0,0.0,1.626355,1.002923,FIN,MAR,820712
3803692,77,134,8690,2014,570508.0,1429.0,1.4817790000000002,0.30995,FRA,MAR,820712
3803693,80,134,8690,2014,0.0,410749.0,-1.625474,-1.135973,GAB,MAR,820712
3803694,81,134,8690,2014,287280.0,0.0,1.697964,0.585372,GBR,MAR,820712
3803695,89,134,8690,2014,0.0,49567.0,-2.043516,-0.844701,GNQ,MAR,820712
3803696,97,134,8690,2014,0.0,17183.0,0.812132,1.722493,HKG,MAR,820712
3803697,104,134,8690,2014,110440.0,0.0,0.262042,2.6305080000000003,IND,MAR,820712
3803698,106,134,8690,2014,4464.0,0.0,1.2658399999999999,0.278546,IRL,MAR,820712
3803699,111,134,8690,2014,106957.0,0.0,1.340136,0.43931099999999995,ITA,MAR,820712
3803700,114,134,8690,2014,27859.0,0.0,2.403165,-0.635024,JPN,MAR,820712
3803701,121,134,8690,2014,410147.0,0.0,1.817145,0.8394530000000001,KOR,MAR,820712
3803702,148,134,8690,2014,0.0,1050856.0,-1.458551,-1.225373,MRT,MAR,820712
3803703,162,134,8690,2014,108192.0,0.0,1.179325,1.355071,NLD,MAR,820712
3803704,163,134,8690,2014,26226.0,0.0,0.9187049999999999,0.182685,NOR,MAR,820712
3803705,177,134,8690,2014,86334.0,0.0,1.133102,1.177165,POL,MAR,820712
3803706,179,134,8690,2014,241134.0,7425.0,0.621053,2.349644,PRT,MAR,820712
3803707,185,134,8690,2014,88201.0,0.0,0.9112,1.188161,ROU,MAR,820712
3803708,192,134,8690,2014,30198.0,0.0,1.867492,0.626736,SGP,MAR,820712
3803709,208,134,8690,2014,89994.0,0.0,1.817752,0.558474,SWE,MAR,820712
3803710,216,134,8690,2014,26265.0,0.0,0.977094,1.41283,THA,MAR,820712
3803711,223,134,8690,2014,21030.0,0.0,0.343449,1.118007,TUN,MAR,820712
3803712,224,134,8690,2014,2668.0,0.0,0.554761,2.385693,TUR,MAR,820712
3803713,231,134,8690,2014,823363.0,0.0,1.61227,0.068905,USA,MAR,820712
3803714,246,134,8690,2014,6234.0,0.0,0.282927,1.723214,ZAF,MAR,820712
3803715,2,138,8690,2014,0.0,187730.0,-1.8184900000000002,-1.149191,AGO,MEX,820712
3803716,7,138,8690,2014,102440.0,703856.0,0.087775,-0.289459,ARE,MEX,820712
3803717,8,138,8690,2014,19422.0,141687.0,0.10691500000000001,0.44860600000000006,ARG,MEX,820712
3803718,14,138,8690,2014,274043.0,12481.0,-0.398273,-0.17128,AUS,MEX,820712
3803719,15,138,8690,2014,234912.0,22285.0,1.7116790000000002,-0.140232,AUT,MEX,820712
3803720,18,138,8690,2014,2141078.0,0.0,1.234156,1.226441,BEL,MEX,820712
3803721,26,138,8690,2014,3012.0,0.0,0.5083300000000001,0.711704,BIH,MEX,820712
3803722,29,138,8690,2014,0.0,5256.0,-0.324446,-0.552126,BLZ,MEX,820712
3803723,31,138,8690,2014,21751.0,223087.0,-1.129494,-1.030198,BOL,MEX,820712
3803724,32,138,8690,2014,564152.0,1644217.0,0.218223,0.556921,BRA,MEX,820712
3803725,34,138,8690,2014,0.0,2412.0,0.191357,-0.683567,BRN,MEX,820712
3803726,39,138,8690,2014,8574080.0,1970966.0,0.671395,1.024683,CAN,MEX,820712
3803727,41,138,8690,2014,47891.0,26394.0,2.2000919999999997,0.65398,CHE,MEX,820712
3803728,42,138,8690,2014,768860.0,204357.0,-0.344671,-0.43380799999999997,CHL,MEX,820712
3803729,43,138,8690,2014,2647688.0,4320.0,1.187557,1.222085,CHN,MEX,820712
3803730,44,138,8690,2014,0.0,25671.0,-0.737625,-0.768728,CIV,MEX,820712
3803731,47,138,8690,2014,0.0,65058.0,-1.371624,-1.12468,COG,MEX,820712
3803732,49,138,8690,2014,222133.0,568960.0,0.19864500000000002,-0.378364,COL,MEX,820712
3803733,52,138,8690,2014,13673.0,10244.0,0.065938,-0.687971,CRI,MEX,820712
3803734,54,138,8690,2014,0.0,4144.0,-0.476786,-0.952291,CUB,MEX,820712
3803735,59,138,8690,2014,5292.0,0.0,1.8105830000000003,0.131131,CZE,MEX,820712
3803736,61,138,8690,2014,307653.0,223172.0,2.052849,-2.888805,DEU,MEX,820712
3803737,64,138,8690,2014,2617.0,0.0,1.10869,1.245193,DNK,MEX,820712
3803738,65,138,8690,2014,0.0,9281.0,-0.180845,0.508512,DOM,MEX,820712
3803739,66,138,8690,2014,0.0,378547.0,-1.5554649999999999,-1.1657030000000002,DZA,MEX,820712
3803740,67,138,8690,2014,22666.0,72489.0,-1.066865,-1.052921,ECU,MEX,820712
3803741,68,138,8690,2014,0.0,86574.0,-0.086866,1.7419669999999998,EGY,MEX,820712
3803742,71,138,8690,2014,546944.0,1002.0,0.842147,2.45692,ESP,MEX,820712
3803743,72,138,8690,2014,0.0,70052.0,0.9147780000000001,1.151556,EST,MEX,820712
3803744,73,138,8690,2014,0.0,12220.0,-1.296535,-1.045942,ETH,MEX,820712
3803745,74,138,8690,2014,54725.0,0.0,1.626355,1.002923,FIN,MEX,820712
3803746,77,138,8690,2014,233269.0,4563565.0,1.4817790000000002,0.30995,FRA,MEX,820712
3803747,81,138,8690,2014,1457185.0,47703.0,1.697964,0.585372,GBR,MEX,820712
3803748,93,138,8690,2014,42035.0,645186.0,-0.36547199999999996,0.548894,GTM,MEX,820712
3803749,97,138,8690,2014,1403.0,0.0,0.812132,1.722493,HKG,MEX,820712
3803750,99,138,8690,2014,0.0,2228.0,-0.467004,0.045511,HND,MEX,820712
3803751,102,138,8690,2014,8194.0,0.0,1.477093,0.812869,HUN,MEX,820712
3803752,103,138,8690,2014,9939.0,408129.0,-0.088032,1.3966459999999998,IDN,MEX,820712
3803753,104,138,8690,2014,2312030.0,66153.0,0.262042,2.6305080000000003,IND,MEX,820712
3803754,106,138,8690,2014,421382.0,0.0,1.2658399999999999,0.278546,IRL,MEX,820712
3803755,109,138,8690,2014,0.0,189.0,0.127891,-0.302014,ISL,MEX,820712
3803756,110,138,8690,2014,12833.0,0.0,1.211141,0.64523,ISR,MEX,820712
3803757,111,138,8690,2014,2643148.0,0.0,1.340136,0.43931099999999995,ITA,MEX,820712
3803758,114,138,8690,2014,641218.0,55637.0,2.403165,-0.635024,JPN,MEX,820712
3803759,115,138,8690,2014,2341.0,0.0,-0.210431,-0.574075,KAZ,MEX,820712
3803760,117,138,8690,2014,0.0,835717.0,-0.31942600000000004,-0.012454,KGZ,MEX,820712
3803761,121,138,8690,2014,397816.0,9673.0,1.817145,0.8394530000000001,KOR,MEX,820712
3803762,122,138,8690,2014,0.0,763514.0,-0.769616,-1.10667,KWT,MEX,820712
3803763,145,138,8690,2014,0.0,37297.0,-1.425524,-1.161949,MNG,MEX,820712
3803764,153,138,8690,2014,0.0,24770.0,1.018138,0.774649,MYS,MEX,820712
3803765,160,138,8690,2014,16928.0,5220.0,-0.938269,-0.839066,NIC,MEX,820712
3803766,162,138,8690,2014,327099.0,704493.0,1.179325,1.355071,NLD,MEX,820712
3803767,163,138,8690,2014,113129.0,0.0,0.9187049999999999,0.182685,NOR,MEX,820712
3803768,166,138,8690,2014,0.0,8803.0,0.272502,0.21628699999999998,NZL,MEX,820712
3803769,167,138,8690,2014,19218.0,0.0,-0.505129,-1.0051370000000002,OMN,MEX,820712
3803770,168,138,8690,2014,0.0,426676.0,-0.672924,0.566787,PAK,MEX,820712
3803771,169,138,8690,2014,0.0,15212.0,0.771742,0.9873190000000001,PAN,MEX,820712
3803772,173,138,8690,2014,351305.0,836236.0,-0.557833,0.611826,PER,MEX,820712
3803773,177,138,8690,2014,20137.0,44711.0,1.133102,1.177165,POL,MEX,820712
3803774,179,138,8690,2014,225454.0,0.0,0.621053,2.349644,PRT,MEX,820712
3803775,183,138,8690,2014,0.0,60162.0,-0.37535599999999997,-1.0196370000000001,QAT,MEX,820712
3803776,186,138,8690,2014,159900.0,9580.0,0.229422,-0.214856,RUS,MEX,820712
3803777,188,138,8690,2014,0.0,7905288.0,0.5758439999999999,-0.832692,SAU,MEX,820712
3803778,192,138,8690,2014,632268.0,1845947.0,1.867492,0.626736,SGP,MEX,820712
3803779,197,138,8690,2014,25414.0,1380.0,0.08653999999999999,0.29088600000000003,SLV,MEX,820712
3803780,201,138,8690,2014,0.0,54296.0,0.551635,1.211535,SRB,MEX,820712
3803781,208,138,8690,2014,240469.0,378805.0,1.817752,0.558474,SWE,MEX,820712
3803782,216,138,8690,2014,3818.0,8182.0,0.977094,1.41283,THA,MEX,820712
3803783,222,138,8690,2014,0.0,28117.0,-0.57362,-1.117545,TTO,MEX,820712
3803784,223,138,8690,2014,0.0,21309.0,0.343449,1.118007,TUN,MEX,820712
3803785,224,138,8690,2014,30225.0,115215.0,0.554761,2.385693,TUR,MEX,820712
3803786,228,138,8690,2014,0.0,2071.0,0.566535,0.832267,UKR,MEX,820712
3803787,231,138,8690,2014,99928088.0,45586340.0,1.61227,0.068905,USA,MEX,820712
3803788,239,138,8690,2014,0.0,391914.0,-0.023765,1.344416,VNM,MEX,820712
3803789,246,138,8690,2014,91044.0,44985.0,0.282927,1.723214,ZAF,MEX,820712
3803790,249,138,8690,2014,42402.0,0.0,1.9044189999999999,1.0595139999999998,TWN,MEX,820712
3803791,250,138,8690,2014,4870.0,0.0,0.506842,0.049545,ANS,MEX,820712
3803792,7,153,8690,2014,378518.0,255630.0,0.087775,-0.289459,ARE,MYS,820712
3803793,14,153,8690,2014,552870.0,325665.0,-0.398273,-0.17128,AUS,MYS,820712
3803794,15,153,8690,2014,43718.0,0.0,1.7116790000000002,-0.140232,AUT,MYS,820712
3803795,18,153,8690,2014,464944.0,151333.0,1.234156,1.226441,BEL,MYS,820712
3803796,34,153,8690,2014,72622.0,330736.0,0.191357,-0.683567,BRN,MYS,820712
3803797,39,153,8690,2014,213672.0,34385.0,0.671395,1.024683,CAN,MYS,820712
3803798,41,153,8690,2014,78825.0,0.0,2.2000919999999997,0.65398,CHE,MYS,820712
3803799,42,153,8690,2014,15954.0,4220.0,-0.344671,-0.43380799999999997,CHL,MYS,820712
3803800,43,153,8690,2014,3645388.0,99790.0,1.187557,1.222085,CHN,MYS,820712
3803801,49,153,8690,2014,34936.0,0.0,0.19864500000000002,-0.378364,COL,MYS,820712
3803802,61,153,8690,2014,90343.0,127506.0,2.052849,-2.888805,DEU,MYS,820712
3803803,67,153,8690,2014,0.0,27766.0,-1.066865,-1.052921,ECU,MYS,820712
3803804,71,153,8690,2014,3012.0,0.0,0.842147,2.45692,ESP,MYS,820712
3803805,77,153,8690,2014,698189.0,0.0,1.4817790000000002,0.30995,FRA,MYS,820712
3803806,80,153,8690,2014,0.0,21470.0,-1.625474,-1.135973,GAB,MYS,820712
3803807,81,153,8690,2014,473461.0,12898.0,1.697964,0.585372,GBR,MYS,820712
3803808,97,153,8690,2014,50923.0,65122.0,0.812132,1.722493,HKG,MYS,820712
3803809,103,153,8690,2014,125051.0,462963.0,-0.088032,1.3966459999999998,IDN,MYS,820712
3803810,104,153,8690,2014,176891.0,2831.0,0.262042,2.6305080000000003,IND,MYS,820712
3803811,106,153,8690,2014,0.0,6482.0,1.2658399999999999,0.278546,IRL,MYS,820712
3803812,107,153,8690,2014,0.0,91908.0,-0.361058,-0.312743,IRN,MYS,820712
3803813,108,153,8690,2014,0.0,3000.0,-2.9169,-0.882023,IRQ,MYS,820712
3803814,111,153,8690,2014,75796.0,0.0,1.340136,0.43931099999999995,ITA,MYS,820712
3803815,114,153,8690,2014,1603768.0,14001.0,2.403165,-0.635024,JPN,MYS,820712
3803816,115,153,8690,2014,0.0,10330.0,-0.210431,-0.574075,KAZ,MYS,820712
3803817,121,153,8690,2014,582616.0,51443.0,1.817145,0.8394530000000001,KOR,MYS,820712
3803818,122,153,8690,2014,21842.0,0.0,-0.769616,-1.10667,KWT,MYS,820712
3803819,126,153,8690,2014,0.0,45189.0,-1.5943829999999999,-1.189961,LBY,MYS,820712
3803820,128,153,8690,2014,0.0,77531.0,-0.49366899999999997,0.338686,LKA,MYS,820712
3803821,137,153,8690,2014,0.0,1442.0,-0.43265299999999995,-0.82696,MDV,MYS,820712
3803822,138,153,8690,2014,24770.0,0.0,1.0799729999999998,0.697554,MEX,MYS,820712
3803823,142,153,8690,2014,0.0,41985.0,0.817013,0.0016309999999999999,MLT,MYS,820712
3803824,143,153,8690,2014,0.0,608878.0,-1.5332459999999999,-1.145973,MMR,MYS,820712
3803825,145,153,8690,2014,1067.0,0.0,-1.425524,-1.161949,MNG,MYS,820712
3803826,147,153,8690,2014,0.0,76200.0,-1.1993610000000001,-1.040181,MOZ,MYS,820712
3803827,148,153,8690,2014,0.0,2666.0,-1.458551,-1.225373,MRT,MYS,820712
3803828,159,153,8690,2014,0.0,55824.0,-1.2126430000000001,-1.059697,NGA,MYS,820712
3803829,162,153,8690,2014,105122.0,82115.0,1.179325,1.355071,NLD,MYS,820712
3803830,163,153,8690,2014,522014.0,25879.0,0.9187049999999999,0.182685,NOR,MYS,820712
3803831,166,153,8690,2014,10961.0,14295.0,0.272502,0.21628699999999998,NZL,MYS,820712
3803832,167,153,8690,2014,26249.0,2117.0,-0.505129,-1.0051370000000002,OMN,MYS,820712
3803833,168,153,8690,2014,0.0,13910.0,-0.672924,0.566787,PAK,MYS,820712
3803834,174,153,8690,2014,3704.0,125825.0,0.637442,0.475883,PHL,MYS,820712
3803835,176,153,8690,2014,0.0,10985.0,-1.564904,-1.146255,PNG,MYS,820712
3803836,183,153,8690,2014,0.0,15814.0,-0.37535599999999997,-1.0196370000000001,QAT,MYS,820712
3803837,185,153,8690,2014,2810.0,15317.0,0.9112,1.188161,ROU,MYS,820712
3803838,186,153,8690,2014,0.0,37024.0,0.229422,-0.214856,RUS,MYS,820712
3803839,188,153,8690,2014,89150.0,169030.0,0.5758439999999999,-0.832692,SAU,MYS,820712
3803840,192,153,8690,2014,10186197.0,6060317.0,1.867492,0.626736,SGP,MYS,820712
3803841,208,153,8690,2014,4605.0,122391.0,1.817752,0.558474,SWE,MYS,820712
3803842,216,153,8690,2014,513900.0,477105.0,0.977094,1.41283,THA,MYS,820712
3803843,222,153,8690,2014,0.0,11741.0,-0.57362,-1.117545,TTO,MYS,820712
3803844,223,153,8690,2014,5856.0,0.0,0.343449,1.118007,TUN,MYS,820712
3803845,224,153,8690,2014,27798.0,1516.0,0.554761,2.385693,TUR,MYS,820712
3803846,226,153,8690,2014,0.0,22109.0,-1.054331,0.166345,TZA,MYS,820712
3803847,227,153,8690,2014,0.0,14446.0,-0.46911800000000003,0.25446599999999997,UGA,MYS,820712
3803848,231,153,8690,2014,3191955.0,111615.0,1.61227,0.068905,USA,MYS,820712
3803849,239,153,8690,2014,87727.0,258093.0,-0.023765,1.344416,VNM,MYS,820712
3803850,246,153,8690,2014,0.0,4588.0,0.282927,1.723214,ZAF,MYS,820712
3803851,247,153,8690,2014,0.0,9284.0,-0.664089,-0.793452,ZMB,MYS,820712
3803852,249,153,8690,2014,99503.0,0.0,1.9044189999999999,1.0595139999999998,TWN,MYS,820712
3803853,39,160,8690,2014,522169.0,0.0,0.671395,1.024683,CAN,NIC,820712
3803854,41,160,8690,2014,5272.0,0.0,2.2000919999999997,0.65398,CHE,NIC,820712
3803855,43,160,8690,2014,6505.0,0.0,1.187557,1.222085,CHN,NIC,820712
3803856,49,160,8690,2014,32814.0,0.0,0.19864500000000002,-0.378364,COL,NIC,820712
3803857,52,160,8690,2014,16395.0,1973.0,0.065938,-0.687971,CRI,NIC,820712
3803858,61,160,8690,2014,11289.0,0.0,2.052849,-2.888805,DEU,NIC,820712
3803859,74,160,8690,2014,10981.0,0.0,1.626355,1.002923,FIN,NIC,820712
3803860,81,160,8690,2014,2764.0,0.0,1.697964,0.585372,GBR,NIC,820712
3803861,93,160,8690,2014,23190.0,2980.0,-0.36547199999999996,0.548894,GTM,NIC,820712
3803862,104,160,8690,2014,3716.0,0.0,0.262042,2.6305080000000003,IND,NIC,820712
3803863,111,160,8690,2014,2228.0,0.0,1.340136,0.43931099999999995,ITA,NIC,820712
3803864,114,160,8690,2014,3477.0,0.0,2.403165,-0.635024,JPN,NIC,820712
3803865,121,160,8690,2014,48111.0,0.0,1.817145,0.8394530000000001,KOR,NIC,820712
3803866,138,160,8690,2014,5220.0,16928.0,1.0799729999999998,0.697554,MEX,NIC,820712
3803867,169,160,8690,2014,1539.0,4119.0,0.771742,0.9873190000000001,PAN,NIC,820712
3803868,173,160,8690,2014,33861.0,0.0,-0.557833,0.611826,PER,NIC,820712
3803869,197,160,8690,2014,1148.0,457888.0,0.08653999999999999,0.29088600000000003,SLV,NIC,820712
3803870,208,160,8690,2014,29430.0,0.0,1.817752,0.558474,SWE,NIC,820712
3803871,231,160,8690,2014,167123.0,1707.0,1.61227,0.068905,USA,NIC,820712
3803872,249,160,8690,2014,1181.0,0.0,1.9044189999999999,1.0595139999999998,TWN,NIC,820712
3803873,0,162,8690,2014,0.0,6409.0,0.779539,-0.32255700000000004,ABW,NLD,820712
3803874,2,162,8690,2014,0.0,1065436.0,-1.8184900000000002,-1.149191,AGO,NLD,820712
3803875,7,162,8690,2014,75242.0,396265.0,0.087775,-0.289459,ARE,NLD,820712
3803876,8,162,8690,2014,11482.0,147010.0,0.10691500000000001,0.44860600000000006,ARG,NLD,820712
3803877,14,162,8690,2014,1018471.0,228231.0,-0.398273,-0.17128,AUS,NLD,820712
3803878,15,162,8690,2014,46090.0,1125718.0,1.7116790000000002,-0.140232,AUT,NLD,820712
3803879,16,162,8690,2014,20682.0,12723.0,-0.909508,-1.165158,AZE,NLD,820712
3803880,18,162,8690,2014,1875626.0,3182922.0,1.234156,1.226441,BEL,NLD,820712
3803881,19,162,8690,2014,3088.0,0.0,-0.342225,-0.618789,BEN,NLD,820712
3803882,23,162,8690,2014,0.0,30183.0,0.579058,1.6558110000000001,BGR,NLD,820712
3803883,24,162,8690,2014,0.0,5304.0,0.460168,-0.41671099999999994,BHR,NLD,820712
3803884,28,162,8690,2014,0.0,2218.0,0.874108,0.676231,BLR,NLD,820712
3803885,32,162,8690,2014,143799.0,67067.0,0.218223,0.556921,BRA,NLD,820712
3803886,34,162,8690,2014,0.0,10015.0,0.191357,-0.683567,BRN,NLD,820712
3803887,39,162,8690,2014,151516.0,63420.0,0.671395,1.024683,CAN,NLD,820712
3803888,41,162,8690,2014,17311.0,280363.0,2.2000919999999997,0.65398,CHE,NLD,820712
3803889,42,162,8690,2014,98872.0,4699.0,-0.344671,-0.43380799999999997,CHL,NLD,820712
3803890,43,162,8690,2014,2768507.0,104171.0,1.187557,1.222085,CHN,NLD,820712
3803891,44,162,8690,2014,0.0,54426.0,-0.737625,-0.768728,CIV,NLD,820712
3803892,45,162,8690,2014,156071.0,40084.0,-0.6723520000000001,-0.945084,CMR,NLD,820712
3803893,47,162,8690,2014,0.0,3093.0,-1.371624,-1.12468,COG,NLD,820712
3803894,49,162,8690,2014,2299.0,455322.0,0.19864500000000002,-0.378364,COL,NLD,820712
3803895,55,162,8690,2014,0.0,27121.0,-0.00902,-0.683643,CUW,NLD,820712
3803896,58,162,8690,2014,0.0,46502.0,0.627467,0.483725,CYP,NLD,820712
3803897,59,162,8690,2014,3251.0,67475.0,1.8105830000000003,0.131131,CZE,NLD,820712
3803898,61,162,8690,2014,4287272.0,1314120.0,2.052849,-2.888805,DEU,NLD,820712
3803899,64,162,8690,2014,51500.0,323391.0,1.10869,1.245193,DNK,NLD,820712
3803900,67,162,8690,2014,0.0,97601.0,-1.066865,-1.052921,ECU,NLD,820712
3803901,68,162,8690,2014,15543.0,1372820.0,-0.086866,1.7419669999999998,EGY,NLD,820712
3803902,71,162,8690,2014,23705.0,583777.0,0.842147,2.45692,ESP,NLD,820712
3803903,72,162,8690,2014,0.0,2724.0,0.9147780000000001,1.151556,EST,NLD,820712
3803904,74,162,8690,2014,93487.0,184687.0,1.626355,1.002923,FIN,NLD,820712
3803905,77,162,8690,2014,2164245.0,264254.0,1.4817790000000002,0.30995,FRA,NLD,820712
3803906,81,162,8690,2014,2831763.0,992080.0,1.697964,0.585372,GBR,NLD,820712
3803907,83,162,8690,2014,0.0,40033.0,-1.130226,-0.9909379999999999,GHA,NLD,820712
3803908,90,162,8690,2014,0.0,52642.0,0.149337,0.8560540000000001,GRC,NLD,820712
3803909,93,162,8690,2014,0.0,10860.0,-0.36547199999999996,0.548894,GTM,NLD,820712
3803910,97,162,8690,2014,0.0,16134.0,0.812132,1.722493,HKG,NLD,820712
3803911,102,162,8690,2014,0.0,546212.0,1.477093,0.812869,HUN,NLD,820712
3803912,103,162,8690,2014,23648.0,33714.0,-0.088032,1.3966459999999998,IDN,NLD,820712
3803913,104,162,8690,2014,3492829.0,146693.0,0.262042,2.6305080000000003,IND,NLD,820712
3803914,106,162,8690,2014,0.0,22236.0,1.2658399999999999,0.278546,IRL,NLD,820712
3803915,108,162,8690,2014,0.0,152563.0,-2.9169,-0.882023,IRQ,NLD,820712
3803916,110,162,8690,2014,0.0,27025.0,1.211141,0.64523,ISR,NLD,820712
3803917,111,162,8690,2014,954031.0,755937.0,1.340136,0.43931099999999995,ITA,NLD,820712
3803918,114,162,8690,2014,5259154.0,117994.0,2.403165,-0.635024,JPN,NLD,820712
3803919,115,162,8690,2014,22477.0,216494.0,-0.210431,-0.574075,KAZ,NLD,820712
3803920,121,162,8690,2014,197647.0,10140.0,1.817145,0.8394530000000001,KOR,NLD,820712
3803921,122,162,8690,2014,0.0,22222.0,-0.769616,-1.10667,KWT,NLD,820712
3803922,130,162,8690,2014,1245.0,666267.0,0.764495,1.3451540000000002,LTU,NLD,820712
3803923,131,162,8690,2014,0.0,25335.0,1.243845,1.155474,LUX,NLD,820712
3803924,132,162,8690,2014,0.0,41286.0,0.613116,1.1899790000000001,LVA,NLD,820712
3803925,134,162,8690,2014,0.0,108192.0,-0.574034,0.065788,MAR,NLD,820712
3803926,135,162,8690,2014,0.0,2946.0,-0.10438199999999999,-0.093194,MDA,NLD,820712
3803927,138,162,8690,2014,704493.0,327099.0,1.0799729999999998,0.697554,MEX,NLD,820712
3803928,147,162,8690,2014,15973.0,0.0,-1.1993610000000001,-1.040181,MOZ,NLD,820712
3803929,148,162,8690,2014,0.0,5976.0,-1.458551,-1.225373,MRT,NLD,820712
3803930,153,162,8690,2014,82115.0,105122.0,1.018138,0.774649,MYS,NLD,820712
3803931,159,162,8690,2014,141120.0,17540.0,-1.2126430000000001,-1.059697,NGA,NLD,820712
3803932,163,162,8690,2014,445868.0,425202.0,0.9187049999999999,0.182685,NOR,NLD,820712
3803933,166,162,8690,2014,11855.0,25064.0,0.272502,0.21628699999999998,NZL,NLD,820712
3803934,167,162,8690,2014,70638.0,4454.0,-0.505129,-1.0051370000000002,OMN,NLD,820712
3803935,168,162,8690,2014,0.0,40640.0,-0.672924,0.566787,PAK,NLD,820712
3803936,173,162,8690,2014,142508.0,82124.0,-0.557833,0.611826,PER,NLD,820712
3803937,177,162,8690,2014,109908.0,2959022.0,1.133102,1.177165,POL,NLD,820712
3803938,179,162,8690,2014,0.0,427182.0,0.621053,2.349644,PRT,NLD,820712
3803939,183,162,8690,2014,0.0,196623.0,-0.37535599999999997,-1.0196370000000001,QAT,NLD,820712
3803940,185,162,8690,2014,823648.0,1048686.0,0.9112,1.188161,ROU,NLD,820712
3803941,186,162,8690,2014,180475.0,277502.0,0.229422,-0.214856,RUS,NLD,820712
3803942,188,162,8690,2014,125183.0,131213.0,0.5758439999999999,-0.832692,SAU,NLD,820712
3803943,191,162,8690,2014,0.0,71472.0,-0.502607,-0.08866,SEN,NLD,820712
3803944,192,162,8690,2014,1455975.0,238912.0,1.867492,0.626736,SGP,NLD,820712
3803945,198,162,8690,2014,20927.0,0.0,0.9675090000000001,0.582902,SMR,NLD,820712
3803946,201,162,8690,2014,0.0,7086.0,0.551635,1.211535,SRB,NLD,820712
3803947,205,162,8690,2014,21659.0,5287.0,-0.6333989999999999,-0.857643,SUR,NLD,820712
3803948,206,162,8690,2014,0.0,1318.0,1.334959,0.821253,SVK,NLD,820712
3803949,207,162,8690,2014,0.0,13970.0,1.6558669999999998,0.6814399999999999,SVN,NLD,820712
3803950,208,162,8690,2014,7208.0,1894613.0,1.817752,0.558474,SWE,NLD,820712
3803951,210,162,8690,2014,0.0,1946.0,0.6489020000000001,-0.646605,SXM,NLD,820712
3803952,214,162,8690,2014,0.0,57936.0,-2.012048,-0.921558,TCD,NLD,820712
3803953,216,162,8690,2014,1450444.0,5155.0,0.977094,1.41283,THA,NLD,820712
3803954,223,162,8690,2014,67917.0,19342.0,0.343449,1.118007,TUN,NLD,820712
3803955,224,162,8690,2014,45235.0,320476.0,0.554761,2.385693,TUR,NLD,820712
3803956,226,162,8690,2014,2799.0,44732.0,-1.054331,0.166345,TZA,NLD,820712
3803957,228,162,8690,2014,10532.0,51214.0,0.566535,0.832267,UKR,NLD,820712
3803958,230,162,8690,2014,5283.0,0.0,0.154034,-0.380899,URY,NLD,820712
3803959,231,162,8690,2014,8980475.0,60092.0,1.61227,0.068905,USA,NLD,820712
3803960,232,162,8690,2014,0.0,4933.0,-0.407623,-0.37150700000000003,UZB,NLD,820712
3803961,236,162,8690,2014,0.0,249816.0,-0.582086,-1.081727,VEN,NLD,820712
3803962,239,162,8690,2014,57513.0,1813.0,-0.023765,1.344416,VNM,NLD,820712
3803963,246,162,8690,2014,35568.0,0.0,0.282927,1.723214,ZAF,NLD,820712
3803964,247,162,8690,2014,0.0,6647.0,-0.664089,-0.793452,ZMB,NLD,820712
3803965,249,162,8690,2014,41101.0,0.0,1.9044189999999999,1.0595139999999998,TWN,NLD,820712
3803966,250,162,8690,2014,243457.0,133619.0,0.506842,0.049545,ANS,NLD,820712
3803967,2,163,8690,2014,95745.0,214776.0,-1.8184900000000002,-1.149191,AGO,NOR,820712
3803968,7,163,8690,2014,21541.0,1256968.0,0.087775,-0.289459,ARE,NOR,820712
3803969,8,163,8690,2014,0.0,838997.0,0.10691500000000001,0.44860600000000006,ARG,NOR,820712
3803970,14,163,8690,2014,658949.0,76472.0,-0.398273,-0.17128,AUS,NOR,820712
3803971,15,163,8690,2014,200710.0,21321.0,1.7116790000000002,-0.140232,AUT,NOR,820712
3803972,16,163,8690,2014,0.0,99235.0,-0.909508,-1.165158,AZE,NOR,820712
3803973,18,163,8690,2014,7883740.0,1939498.0,1.234156,1.226441,BEL,NOR,820712
3803974,19,163,8690,2014,0.0,115177.0,-0.342225,-0.618789,BEN,NOR,820712
3803975,31,163,8690,2014,49591.0,36816.0,-1.129494,-1.030198,BOL,NOR,820712
3803976,32,163,8690,2014,24574.0,47972.0,0.218223,0.556921,BRA,NOR,820712
3803977,34,163,8690,2014,911.0,0.0,0.191357,-0.683567,BRN,NOR,820712
3803978,39,163,8690,2014,127873.0,124208.0,0.671395,1.024683,CAN,NOR,820712
3803979,41,163,8690,2014,107719.0,0.0,2.2000919999999997,0.65398,CHE,NOR,820712
3803980,42,163,8690,2014,0.0,4225.0,-0.344671,-0.43380799999999997,CHL,NOR,820712
3803981,43,163,8690,2014,845873.0,55417.0,1.187557,1.222085,CHN,NOR,820712
3803982,44,163,8690,2014,255429.0,4692.0,-0.737625,-0.768728,CIV,NOR,820712
3803983,45,163,8690,2014,0.0,27928.0,-0.6723520000000001,-0.945084,CMR,NOR,820712
3803984,47,163,8690,2014,0.0,251379.0,-1.371624,-1.12468,COG,NOR,820712
3803985,49,163,8690,2014,18849.0,68198.0,0.19864500000000002,-0.378364,COL,NOR,820712
3803986,54,163,8690,2014,6161.0,476477.0,-0.476786,-0.952291,CUB,NOR,820712
3803987,58,163,8690,2014,0.0,2170.0,0.627467,0.483725,CYP,NOR,820712
3803988,59,163,8690,2014,2230.0,12303.0,1.8105830000000003,0.131131,CZE,NOR,820712
3803989,61,163,8690,2014,3933558.0,94261.0,2.052849,-2.888805,DEU,NOR,820712
3803990,64,163,8690,2014,869089.0,616628.0,1.10869,1.245193,DNK,NOR,820712
3803991,66,163,8690,2014,0.0,61819.0,-1.5554649999999999,-1.1657030000000002,DZA,NOR,820712
3803992,67,163,8690,2014,0.0,654.0,-1.066865,-1.052921,ECU,NOR,820712
3803993,68,163,8690,2014,0.0,471725.0,-0.086866,1.7419669999999998,EGY,NOR,820712
3803994,71,163,8690,2014,48834.0,0.0,0.842147,2.45692,ESP,NOR,820712
3803995,74,163,8690,2014,240292.0,20298.0,1.626355,1.002923,FIN,NOR,820712
3803996,77,163,8690,2014,295067.0,27098.0,1.4817790000000002,0.30995,FRA,NOR,820712
3803997,78,163,8690,2014,0.0,533231.0,-0.703929,-0.86265,FRO,NOR,820712
3803998,80,163,8690,2014,0.0,68811.0,-1.625474,-1.135973,GAB,NOR,820712
3803999,81,163,8690,2014,3911482.0,721996.0,1.697964,0.585372,GBR,NOR,820712
3804000,83,163,8690,2014,11157.0,0.0,-1.130226,-0.9909379999999999,GHA,NOR,820712
3804001,97,163,8690,2014,4234.0,20307.0,0.812132,1.722493,HKG,NOR,820712
3804002,99,163,8690,2014,0.0,5275.0,-0.467004,0.045511,HND,NOR,820712
3804003,100,163,8690,2014,9075.0,0.0,0.804401,1.250807,HRV,NOR,820712
3804004,103,163,8690,2014,2745.0,58807.0,-0.088032,1.3966459999999998,IDN,NOR,820712
3804005,104,163,8690,2014,8331.0,0.0,0.262042,2.6305080000000003,IND,NOR,820712
3804006,106,163,8690,2014,125333.0,7884.0,1.2658399999999999,0.278546,IRL,NOR,820712
3804007,108,163,8690,2014,0.0,29063.0,-2.9169,-0.882023,IRQ,NOR,820712
3804008,109,163,8690,2014,0.0,1274.0,0.127891,-0.302014,ISL,NOR,820712
3804009,110,163,8690,2014,9576.0,0.0,1.211141,0.64523,ISR,NOR,820712
3804010,111,163,8690,2014,472828.0,6932.0,1.340136,0.43931099999999995,ITA,NOR,820712
3804011,114,163,8690,2014,37176.0,252409.0,2.403165,-0.635024,JPN,NOR,820712
3804012,115,163,8690,2014,11833.0,4556.0,-0.210431,-0.574075,KAZ,NOR,820712
3804013,116,163,8690,2014,0.0,28724.0,-0.487058,0.307288,KEN,NOR,820712
3804014,121,163,8690,2014,203770.0,8018.0,1.817145,0.8394530000000001,KOR,NOR,820712
3804015,122,163,8690,2014,1610.0,11244.0,-0.769616,-1.10667,KWT,NOR,820712
3804016,126,163,8690,2014,0.0,19035.0,-1.5943829999999999,-1.189961,LBY,NOR,820712
3804017,134,163,8690,2014,0.0,26226.0,-0.574034,0.065788,MAR,NOR,820712
3804018,138,163,8690,2014,0.0,113129.0,1.0799729999999998,0.697554,MEX,NOR,820712
3804019,148,163,8690,2014,13845.0,1042.0,-1.458551,-1.225373,MRT,NOR,820712
3804020,153,163,8690,2014,25879.0,522014.0,1.018138,0.774649,MYS,NOR,820712
3804021,159,163,8690,2014,0.0,13932.0,-1.2126430000000001,-1.059697,NGA,NOR,820712
3804022,162,163,8690,2014,425202.0,445868.0,1.179325,1.355071,NLD,NOR,820712
3804023,166,163,8690,2014,0.0,18896.0,0.272502,0.21628699999999998,NZL,NOR,820712
3804024,167,163,8690,2014,11336.0,34710.0,-0.505129,-1.0051370000000002,OMN,NOR,820712
3804025,168,163,8690,2014,0.0,4090.0,-0.672924,0.566787,PAK,NOR,820712
3804026,169,163,8690,2014,4658.0,3183.0,0.771742,0.9873190000000001,PAN,NOR,820712
3804027,173,163,8690,2014,34597.0,4909.0,-0.557833,0.611826,PER,NOR,820712
3804028,174,163,8690,2014,0.0,3758.0,0.637442,0.475883,PHL,NOR,820712
3804029,176,163,8690,2014,0.0,6664.0,-1.564904,-1.146255,PNG,NOR,820712
3804030,177,163,8690,2014,554720.0,6912.0,1.133102,1.177165,POL,NOR,820712
3804031,179,163,8690,2014,92886.0,11632.0,0.621053,2.349644,PRT,NOR,820712
3804032,183,163,8690,2014,0.0,47264.0,-0.37535599999999997,-1.0196370000000001,QAT,NOR,820712
3804033,185,163,8690,2014,78509.0,340319.0,0.9112,1.188161,ROU,NOR,820712
3804034,186,163,8690,2014,231970.0,1022497.0,0.229422,-0.214856,RUS,NOR,820712
3804035,188,163,8690,2014,0.0,111196.0,0.5758439999999999,-0.832692,SAU,NOR,820712
3804036,192,163,8690,2014,614103.0,3359153.0,1.867492,0.626736,SGP,NOR,820712
3804037,201,163,8690,2014,0.0,4073.0,0.551635,1.211535,SRB,NOR,820712
3804038,208,163,8690,2014,3630169.0,103446.0,1.817752,0.558474,SWE,NOR,820712
3804039,215,163,8690,2014,0.0,5317.0,-0.524103,-0.537643,TGO,NOR,820712
3804040,222,163,8690,2014,0.0,30968.0,-0.57362,-1.117545,TTO,NOR,820712
3804041,223,163,8690,2014,10860.0,413767.0,0.343449,1.118007,TUN,NOR,820712
3804042,224,163,8690,2014,24151.0,0.0,0.554761,2.385693,TUR,NOR,820712
3804043,226,163,8690,2014,0.0,50289.0,-1.054331,0.166345,TZA,NOR,820712
3804044,228,163,8690,2014,12922.0,8577.0,0.566535,0.832267,UKR,NOR,820712
3804045,231,163,8690,2014,22399214.0,98160.0,1.61227,0.068905,USA,NOR,820712
3804046,239,163,8690,2014,0.0,121460.0,-0.023765,1.344416,VNM,NOR,820712
3804047,246,163,8690,2014,6778.0,6244.0,0.282927,1.723214,ZAF,NOR,820712
3804048,249,163,8690,2014,11475.0,0.0,1.9044189999999999,1.0595139999999998,TWN,NOR,820712
3804049,2,166,8690,2014,0.0,7543.0,-1.8184900000000002,-1.149191,AGO,NZL,820712
3804050,7,166,8690,2014,2670.0,19325.0,0.087775,-0.289459,ARE,NZL,820712
3804051,14,166,8690,2014,5630312.0,175249.0,-0.398273,-0.17128,AUS,NZL,820712
3804052,15,166,8690,2014,27143.0,0.0,1.7116790000000002,-0.140232,AUT,NZL,820712
3804053,18,166,8690,2014,1266.0,2887.0,1.234156,1.226441,BEL,NZL,820712
3804054,32,166,8690,2014,5960.0,2048.0,0.218223,0.556921,BRA,NZL,820712
3804055,39,166,8690,2014,70063.0,68558.0,0.671395,1.024683,CAN,NZL,820712
3804056,42,166,8690,2014,0.0,5256.0,-0.344671,-0.43380799999999997,CHL,NZL,820712
3804057,43,166,8690,2014,411717.0,0.0,1.187557,1.222085,CHN,NZL,820712
3804058,48,166,8690,2014,0.0,1385.0,0.151329,-0.693285,COK,NZL,820712
3804059,49,166,8690,2014,21750.0,0.0,0.19864500000000002,-0.378364,COL,NZL,820712
3804060,59,166,8690,2014,2016.0,0.0,1.8105830000000003,0.131131,CZE,NZL,820712
3804061,61,166,8690,2014,235773.0,0.0,2.052849,-2.888805,DEU,NZL,820712
3804062,64,166,8690,2014,1242.0,0.0,1.10869,1.245193,DNK,NZL,820712
3804063,67,166,8690,2014,70467.0,17878.0,-1.066865,-1.052921,ECU,NZL,820712
3804064,74,166,8690,2014,147295.0,0.0,1.626355,1.002923,FIN,NZL,820712
3804065,75,166,8690,2014,21648.0,28179.0,-0.306346,-0.07688500000000001,FJI,NZL,820712
3804066,77,166,8690,2014,9394.0,0.0,1.4817790000000002,0.30995,FRA,NZL,820712
3804067,81,166,8690,2014,217472.0,0.0,1.697964,0.585372,GBR,NZL,820712
3804068,97,166,8690,2014,1517.0,1172.0,0.812132,1.722493,HKG,NZL,820712
3804069,103,166,8690,2014,6618.0,22740.0,-0.088032,1.3966459999999998,IDN,NZL,820712
3804070,104,166,8690,2014,13345.0,0.0,0.262042,2.6305080000000003,IND,NZL,820712
3804071,111,166,8690,2014,24147.0,0.0,1.340136,0.43931099999999995,ITA,NZL,820712
3804072,114,166,8690,2014,44334.0,6686.0,2.403165,-0.635024,JPN,NZL,820712
3804073,121,166,8690,2014,19401.0,0.0,1.817145,0.8394530000000001,KOR,NZL,820712
3804074,138,166,8690,2014,8803.0,0.0,1.0799729999999998,0.697554,MEX,NZL,820712
3804075,148,166,8690,2014,0.0,4273.0,-1.458551,-1.225373,MRT,NZL,820712
3804076,153,166,8690,2014,14295.0,10961.0,1.018138,0.774649,MYS,NZL,820712
3804077,156,166,8690,2014,0.0,42888.0,-0.509789,-0.767484,NCL,NZL,820712
3804078,162,166,8690,2014,25064.0,11855.0,1.179325,1.355071,NLD,NZL,820712
3804079,163,166,8690,2014,18896.0,0.0,0.9187049999999999,0.182685,NOR,NZL,820712
3804080,176,166,8690,2014,0.0,69641.0,-1.564904,-1.146255,PNG,NZL,820712
3804081,188,166,8690,2014,106501.0,0.0,0.5758439999999999,-0.832692,SAU,NZL,820712
3804082,192,166,8690,2014,49017.0,37880.0,1.867492,0.626736,SGP,NZL,820712
3804083,208,166,8690,2014,1826.0,0.0,1.817752,0.558474,SWE,NZL,820712
3804084,216,166,8690,2014,1870.0,0.0,0.977094,1.41283,THA,NZL,820712
3804085,221,166,8690,2014,0.0,2940.0,-0.11129100000000001,-0.523176,TON,NZL,820712
3804086,224,166,8690,2014,0.0,82091.0,0.554761,2.385693,TUR,NZL,820712
3804087,231,166,8690,2014,1628244.0,41876.0,1.61227,0.068905,USA,NZL,820712
3804088,239,166,8690,2014,0.0,1439.0,-0.023765,1.344416,VNM,NZL,820712
3804089,246,166,8690,2014,8286.0,0.0,0.282927,1.723214,ZAF,NZL,820712
3804090,249,166,8690,2014,287256.0,0.0,1.9044189999999999,1.0595139999999998,TWN,NZL,820712
3804091,15,169,8690,2014,140541.0,0.0,1.7116790000000002,-0.140232,AUT,PAN,820712
3804092,16,169,8690,2014,0.0,3346.0,-0.909508,-1.165158,AZE,PAN,820712
3804093,32,169,8690,2014,135314.0,0.0,0.218223,0.556921,BRA,PAN,820712
3804094,39,169,8690,2014,91379.0,0.0,0.671395,1.024683,CAN,PAN,820712
3804095,42,169,8690,2014,0.0,760.0,-0.344671,-0.43380799999999997,CHL,PAN,820712
3804096,43,169,8690,2014,44194.0,0.0,1.187557,1.222085,CHN,PAN,820712
3804097,49,169,8690,2014,0.0,450.0,0.19864500000000002,-0.378364,COL,PAN,820712
3804098,52,169,8690,2014,1551.0,28442.0,0.065938,-0.687971,CRI,PAN,820712
3804099,54,169,8690,2014,0.0,16207.0,-0.476786,-0.952291,CUB,PAN,820712
3804100,55,169,8690,2014,0.0,1967.0,-0.00902,-0.683643,CUW,PAN,820712
3804101,61,169,8690,2014,285191.0,0.0,2.052849,-2.888805,DEU,PAN,820712
3804102,65,169,8690,2014,1667.0,8437.0,-0.180845,0.508512,DOM,PAN,820712
3804103,71,169,8690,2014,13062.0,0.0,0.842147,2.45692,ESP,PAN,820712
3804104,74,169,8690,2014,5276.0,0.0,1.626355,1.002923,FIN,PAN,820712
3804105,81,169,8690,2014,36271.0,0.0,1.697964,0.585372,GBR,PAN,820712
3804106,93,169,8690,2014,21728.0,154537.0,-0.36547199999999996,0.548894,GTM,PAN,820712
3804107,97,169,8690,2014,14954.0,28582.0,0.812132,1.722493,HKG,PAN,820712
3804108,104,169,8690,2014,11747.0,0.0,0.262042,2.6305080000000003,IND,PAN,820712
3804109,111,169,8690,2014,23109.0,0.0,1.340136,0.43931099999999995,ITA,PAN,820712
3804110,114,169,8690,2014,78807.0,0.0,2.403165,-0.635024,JPN,PAN,820712
3804111,121,169,8690,2014,1974.0,0.0,1.817145,0.8394530000000001,KOR,PAN,820712
3804112,138,169,8690,2014,15212.0,0.0,1.0799729999999998,0.697554,MEX,PAN,820712
3804113,160,169,8690,2014,4119.0,1539.0,-0.938269,-0.839066,NIC,PAN,820712
3804114,163,169,8690,2014,3183.0,4658.0,0.9187049999999999,0.182685,NOR,PAN,820712
3804115,173,169,8690,2014,27386.0,0.0,-0.557833,0.611826,PER,PAN,820712
3804116,205,169,8690,2014,0.0,1789.0,-0.6333989999999999,-0.857643,SUR,PAN,820712
3804117,222,169,8690,2014,0.0,31408.0,-0.57362,-1.117545,TTO,PAN,820712
3804118,231,169,8690,2014,643096.0,0.0,1.61227,0.068905,USA,PAN,820712
3804119,236,169,8690,2014,0.0,331603.0,-0.582086,-1.081727,VEN,PAN,820712
3804120,250,169,8690,2014,3834.0,6825.0,0.506842,0.049545,ANS,PAN,820712
3804121,4,173,8690,2014,2637.0,0.0,-0.476024,-0.33978400000000003,ALB,PER,820712
3804122,8,173,8690,2014,51915.0,84262.0,0.10691500000000001,0.44860600000000006,ARG,PER,820712
3804123,14,173,8690,2014,65717.0,68246.0,-0.398273,-0.17128,AUS,PER,820712
3804124,15,173,8690,2014,146404.0,630.0,1.7116790000000002,-0.140232,AUT,PER,820712
3804125,18,173,8690,2014,1599.0,29372.0,1.234156,1.226441,BEL,PER,820712
3804126,31,173,8690,2014,15409.0,407910.0,-1.129494,-1.030198,BOL,PER,820712
3804127,32,173,8690,2014,189474.0,302734.0,0.218223,0.556921,BRA,PER,820712
3804128,39,173,8690,2014,2244914.0,18313.0,0.671395,1.024683,CAN,PER,820712
3804129,41,173,8690,2014,22388.0,22829.0,2.2000919999999997,0.65398,CHE,PER,820712
3804130,42,173,8690,2014,1084254.0,526924.0,-0.344671,-0.43380799999999997,CHL,PER,820712
3804131,43,173,8690,2014,8138483.0,0.0,1.187557,1.222085,CHN,PER,820712
3804132,49,173,8690,2014,209696.0,215588.0,0.19864500000000002,-0.378364,COL,PER,820712
3804133,52,173,8690,2014,0.0,1833.0,0.065938,-0.687971,CRI,PER,820712
3804134,61,173,8690,2014,765892.0,24388.0,2.052849,-2.888805,DEU,PER,820712
3804135,65,173,8690,2014,0.0,58568.0,-0.180845,0.508512,DOM,PER,820712
3804136,67,173,8690,2014,150599.0,321795.0,-1.066865,-1.052921,ECU,PER,820712
3804137,71,173,8690,2014,262727.0,60080.0,0.842147,2.45692,ESP,PER,820712
3804138,74,173,8690,2014,101952.0,49641.0,1.626355,1.002923,FIN,PER,820712
3804139,77,173,8690,2014,74430.0,0.0,1.4817790000000002,0.30995,FRA,PER,820712
3804140,81,173,8690,2014,494376.0,0.0,1.697964,0.585372,GBR,PER,820712
3804141,93,173,8690,2014,65735.0,44394.0,-0.36547199999999996,0.548894,GTM,PER,820712
3804142,96,173,8690,2014,0.0,17463.0,-1.068777,-1.038227,GUY,PER,820712
3804143,100,173,8690,2014,1623.0,0.0,0.804401,1.250807,HRV,PER,820712
3804144,102,173,8690,2014,6022.0,0.0,1.477093,0.812869,HUN,PER,820712
3804145,104,173,8690,2014,5182680.0,11346.0,0.262042,2.6305080000000003,IND,PER,820712
3804146,106,173,8690,2014,4366.0,9762.0,1.2658399999999999,0.278546,IRL,PER,820712
3804147,110,173,8690,2014,11700.0,0.0,1.211141,0.64523,ISR,PER,820712
3804148,111,173,8690,2014,13374.0,0.0,1.340136,0.43931099999999995,ITA,PER,820712
3804149,112,173,8690,2014,0.0,64941.0,-0.42745299999999997,-0.7750130000000001,JAM,PER,820712
3804150,114,173,8690,2014,157760.0,0.0,2.403165,-0.635024,JPN,PER,820712
3804151,121,173,8690,2014,435399.0,0.0,1.817145,0.8394530000000001,KOR,PER,820712
3804152,122,173,8690,2014,0.0,3095.0,-0.769616,-1.10667,KWT,PER,820712
3804153,138,173,8690,2014,836236.0,351305.0,1.0799729999999998,0.697554,MEX,PER,820712
3804154,151,173,8690,2014,0.0,7412.0,-0.029891,-0.12431099999999999,MUS,PER,820712
3804155,160,173,8690,2014,0.0,33861.0,-0.938269,-0.839066,NIC,PER,820712
3804156,162,173,8690,2014,82124.0,142508.0,1.179325,1.355071,NLD,PER,820712
3804157,163,173,8690,2014,4909.0,34597.0,0.9187049999999999,0.182685,NOR,PER,820712
3804158,167,173,8690,2014,8881.0,0.0,-0.505129,-1.0051370000000002,OMN,PER,820712
3804159,169,173,8690,2014,0.0,27386.0,0.771742,0.9873190000000001,PAN,PER,820712
3804160,177,173,8690,2014,849.0,0.0,1.133102,1.177165,POL,PER,820712
3804161,179,173,8690,2014,12080.0,0.0,0.621053,2.349644,PRT,PER,820712
3804162,180,173,8690,2014,0.0,16498.0,-0.608509,-0.930679,PRY,PER,820712
3804163,186,173,8690,2014,48412.0,64137.0,0.229422,-0.214856,RUS,PER,820712
3804164,188,173,8690,2014,105782.0,10448.0,0.5758439999999999,-0.832692,SAU,PER,820712
3804165,192,173,8690,2014,134617.0,37033.0,1.867492,0.626736,SGP,PER,820712
3804166,197,173,8690,2014,0.0,4458.0,0.08653999999999999,0.29088600000000003,SLV,PER,820712
3804167,201,173,8690,2014,37623.0,0.0,0.551635,1.211535,SRB,PER,820712
3804168,205,173,8690,2014,0.0,5653.0,-0.6333989999999999,-0.857643,SUR,PER,820712
3804169,208,173,8690,2014,444028.0,344179.0,1.817752,0.558474,SWE,PER,820712
3804170,216,173,8690,2014,23276.0,0.0,0.977094,1.41283,THA,PER,820712
3804171,222,173,8690,2014,67853.0,0.0,-0.57362,-1.117545,TTO,PER,820712
3804172,223,173,8690,2014,3750.0,0.0,0.343449,1.118007,TUN,PER,820712
3804173,231,173,8690,2014,10749039.0,69355.0,1.61227,0.068905,USA,PER,820712
3804174,236,173,8690,2014,0.0,8226.0,-0.582086,-1.081727,VEN,PER,820712
3804175,239,173,8690,2014,0.0,9299.0,-0.023765,1.344416,VNM,PER,820712
3804176,246,173,8690,2014,212763.0,22462.0,0.282927,1.723214,ZAF,PER,820712
3804177,249,173,8690,2014,37915.0,0.0,1.9044189999999999,1.0595139999999998,TWN,PER,820712
3804178,7,174,8690,2014,4869.0,0.0,0.087775,-0.289459,ARE,PHL,820712
3804179,14,174,8690,2014,281444.0,12483.0,-0.398273,-0.17128,AUS,PHL,820712
3804180,15,174,8690,2014,112334.0,0.0,1.7116790000000002,-0.140232,AUT,PHL,820712
3804181,18,174,8690,2014,167121.0,0.0,1.234156,1.226441,BEL,PHL,820712
3804182,39,174,8690,2014,23959.0,0.0,0.671395,1.024683,CAN,PHL,820712
3804183,43,174,8690,2014,455248.0,0.0,1.187557,1.222085,CHN,PHL,820712
3804184,61,174,8690,2014,505167.0,0.0,2.052849,-2.888805,DEU,PHL,820712
3804185,71,174,8690,2014,31690.0,0.0,0.842147,2.45692,ESP,PHL,820712
3804186,77,174,8690,2014,169106.0,0.0,1.4817790000000002,0.30995,FRA,PHL,820712
3804187,81,174,8690,2014,24938.0,0.0,1.697964,0.585372,GBR,PHL,820712
3804188,97,174,8690,2014,3815.0,0.0,0.812132,1.722493,HKG,PHL,820712
3804189,103,174,8690,2014,23306.0,4411.0,-0.088032,1.3966459999999998,IDN,PHL,820712
3804190,104,174,8690,2014,1906.0,0.0,0.262042,2.6305080000000003,IND,PHL,820712
3804191,111,174,8690,2014,9575.0,0.0,1.340136,0.43931099999999995,ITA,PHL,820712
3804192,114,174,8690,2014,262163.0,0.0,2.403165,-0.635024,JPN,PHL,820712
3804193,121,174,8690,2014,64020.0,26472.0,1.817145,0.8394530000000001,KOR,PHL,820712
3804194,128,174,8690,2014,0.0,3289.0,-0.49366899999999997,0.338686,LKA,PHL,820712
3804195,145,174,8690,2014,831.0,0.0,-1.425524,-1.161949,MNG,PHL,820712
3804196,153,174,8690,2014,125825.0,3704.0,1.018138,0.774649,MYS,PHL,820712
3804197,163,174,8690,2014,3758.0,0.0,0.9187049999999999,0.182685,NOR,PHL,820712
3804198,179,174,8690,2014,2585.0,0.0,0.621053,2.349644,PRT,PHL,820712
3804199,192,174,8690,2014,1049106.0,39453.0,1.867492,0.626736,SGP,PHL,820712
3804200,208,174,8690,2014,101579.0,0.0,1.817752,0.558474,SWE,PHL,820712
3804201,216,174,8690,2014,3742.0,28044.0,0.977094,1.41283,THA,PHL,820712
3804202,231,174,8690,2014,832107.0,0.0,1.61227,0.068905,USA,PHL,820712
3804203,249,174,8690,2014,1864.0,274432.0,1.9044189999999999,1.0595139999999998,TWN,PHL,820712
3804204,2,177,8690,2014,0.0,3676.0,-1.8184900000000002,-1.149191,AGO,POL,820712
3804205,7,177,8690,2014,0.0,10227.0,0.087775,-0.289459,ARE,POL,820712
3804206,8,177,8690,2014,0.0,6455.0,0.10691500000000001,0.44860600000000006,ARG,POL,820712
3804207,14,177,8690,2014,5295.0,329740.0,-0.398273,-0.17128,AUS,POL,820712
3804208,15,177,8690,2014,422784.0,198064.0,1.7116790000000002,-0.140232,AUT,POL,820712
3804209,18,177,8690,2014,508900.0,5129.0,1.234156,1.226441,BEL,POL,820712
3804210,23,177,8690,2014,0.0,151954.0,0.579058,1.6558110000000001,BGR,POL,820712
3804211,26,177,8690,2014,0.0,3063.0,0.5083300000000001,0.711704,BIH,POL,820712
3804212,28,177,8690,2014,0.0,123665.0,0.874108,0.676231,BLR,POL,820712
3804213,31,177,8690,2014,0.0,968.0,-1.129494,-1.030198,BOL,POL,820712
3804214,32,177,8690,2014,0.0,1584.0,0.218223,0.556921,BRA,POL,820712
3804215,39,177,8690,2014,5651.0,0.0,0.671395,1.024683,CAN,POL,820712
3804216,41,177,8690,2014,10717.0,114750.0,2.2000919999999997,0.65398,CHE,POL,820712
3804217,42,177,8690,2014,0.0,48978.0,-0.344671,-0.43380799999999997,CHL,POL,820712
3804218,43,177,8690,2014,1072903.0,1845.0,1.187557,1.222085,CHN,POL,820712
3804219,49,177,8690,2014,0.0,13622.0,0.19864500000000002,-0.378364,COL,POL,820712
3804220,52,177,8690,2014,0.0,9858.0,0.065938,-0.687971,CRI,POL,820712
3804221,54,177,8690,2014,0.0,13291.0,-0.476786,-0.952291,CUB,POL,820712
3804222,59,177,8690,2014,499361.0,2576989.0,1.8105830000000003,0.131131,CZE,POL,820712
3804223,61,177,8690,2014,5573780.0,9841386.0,2.052849,-2.888805,DEU,POL,820712
3804224,64,177,8690,2014,0.0,41783.0,1.10869,1.245193,DNK,POL,820712
3804225,66,177,8690,2014,0.0,1772.0,-1.5554649999999999,-1.1657030000000002,DZA,POL,820712
3804226,71,177,8690,2014,639959.0,307765.0,0.842147,2.45692,ESP,POL,820712
3804227,72,177,8690,2014,16069.0,426112.0,0.9147780000000001,1.151556,EST,POL,820712
3804228,73,177,8690,2014,0.0,57817.0,-1.296535,-1.045942,ETH,POL,820712
3804229,74,177,8690,2014,13743.0,137890.0,1.626355,1.002923,FIN,POL,820712
3804230,77,177,8690,2014,395245.0,518631.0,1.4817790000000002,0.30995,FRA,POL,820712
3804231,81,177,8690,2014,309016.0,11696.0,1.697964,0.585372,GBR,POL,820712
3804232,90,177,8690,2014,0.0,3819.0,0.149337,0.8560540000000001,GRC,POL,820712
3804233,97,177,8690,2014,5449.0,0.0,0.812132,1.722493,HKG,POL,820712
3804234,100,177,8690,2014,63040.0,103942.0,0.804401,1.250807,HRV,POL,820712
3804235,102,177,8690,2014,0.0,114204.0,1.477093,0.812869,HUN,POL,820712
3804236,104,177,8690,2014,13579.0,0.0,0.262042,2.6305080000000003,IND,POL,820712
3804237,106,177,8690,2014,332904.0,31783.0,1.2658399999999999,0.278546,IRL,POL,820712
3804238,110,177,8690,2014,3685.0,18981.0,1.211141,0.64523,ISR,POL,820712
3804239,111,177,8690,2014,244211.0,170228.0,1.340136,0.43931099999999995,ITA,POL,820712
3804240,114,177,8690,2014,3466.0,1730.0,2.403165,-0.635024,JPN,POL,820712
3804241,115,177,8690,2014,0.0,349644.0,-0.210431,-0.574075,KAZ,POL,820712
3804242,121,177,8690,2014,34045.0,1617.0,1.817145,0.8394530000000001,KOR,POL,820712
3804243,123,177,8690,2014,0.0,2439.0,-1.054294,-0.869916,LAO,POL,820712
3804244,130,177,8690,2014,47693.0,23228.0,0.764495,1.3451540000000002,LTU,POL,820712
3804245,132,177,8690,2014,0.0,52620.0,0.613116,1.1899790000000001,LVA,POL,820712
3804246,134,177,8690,2014,0.0,86334.0,-0.574034,0.065788,MAR,POL,820712
3804247,135,177,8690,2014,0.0,4061.0,-0.10438199999999999,-0.093194,MDA,POL,820712
3804248,138,177,8690,2014,44711.0,20137.0,1.0799729999999998,0.697554,MEX,POL,820712
3804249,145,177,8690,2014,0.0,2073.0,-1.425524,-1.161949,MNG,POL,820712
3804250,159,177,8690,2014,0.0,59976.0,-1.2126430000000001,-1.059697,NGA,POL,820712
3804251,162,177,8690,2014,2959022.0,109908.0,1.179325,1.355071,NLD,POL,820712
3804252,163,177,8690,2014,6912.0,554720.0,0.9187049999999999,0.182685,NOR,POL,820712
3804253,173,177,8690,2014,0.0,849.0,-0.557833,0.611826,PER,POL,820712
3804254,179,177,8690,2014,9004.0,0.0,0.621053,2.349644,PRT,POL,820712
3804255,180,177,8690,2014,0.0,725.0,-0.608509,-0.930679,PRY,POL,820712
3804256,183,177,8690,2014,0.0,179849.0,-0.37535599999999997,-1.0196370000000001,QAT,POL,820712
3804257,185,177,8690,2014,0.0,59730.0,0.9112,1.188161,ROU,POL,820712
3804258,186,177,8690,2014,1091.0,265368.0,0.229422,-0.214856,RUS,POL,820712
3804259,188,177,8690,2014,0.0,722099.0,0.5758439999999999,-0.832692,SAU,POL,820712
3804260,192,177,8690,2014,0.0,13542.0,1.867492,0.626736,SGP,POL,820712
3804261,201,177,8690,2014,0.0,17014.0,0.551635,1.211535,SRB,POL,820712
3804262,206,177,8690,2014,0.0,50349.0,1.334959,0.821253,SVK,POL,820712
3804263,207,177,8690,2014,0.0,3479.0,1.6558669999999998,0.6814399999999999,SVN,POL,820712
3804264,208,177,8690,2014,20903.0,51230.0,1.817752,0.558474,SWE,POL,820712
3804265,224,177,8690,2014,13188.0,2909316.0,0.554761,2.385693,TUR,POL,820712
3804266,228,177,8690,2014,6249.0,321194.0,0.566535,0.832267,UKR,POL,820712
3804267,231,177,8690,2014,1777560.0,341364.0,1.61227,0.068905,USA,POL,820712
3804268,246,177,8690,2014,3893.0,85484.0,0.282927,1.723214,ZAF,POL,820712
3804269,249,177,8690,2014,17103.0,0.0,1.9044189999999999,1.0595139999999998,TWN,POL,820712
3804270,250,177,8690,2014,40735.0,0.0,0.506842,0.049545,ANS,POL,820712
3804271,2,179,8690,2014,0.0,436077.0,-1.8184900000000002,-1.149191,AGO,PRT,820712
3804272,14,179,8690,2014,917408.0,2245.0,-0.398273,-0.17128,AUS,PRT,820712
3804273,15,179,8690,2014,75721.0,0.0,1.7116790000000002,-0.140232,AUT,PRT,820712
3804274,18,179,8690,2014,50027.0,1747.0,1.234156,1.226441,BEL,PRT,820712
3804275,23,179,8690,2014,0.0,49258.0,0.579058,1.6558110000000001,BGR,PRT,820712
3804276,32,179,8690,2014,0.0,854476.0,0.218223,0.556921,BRA,PRT,820712
3804277,39,179,8690,2014,251288.0,38355.0,0.671395,1.024683,CAN,PRT,820712
3804278,41,179,8690,2014,2836.0,7879.0,2.2000919999999997,0.65398,CHE,PRT,820712
3804279,42,179,8690,2014,0.0,3237.0,-0.344671,-0.43380799999999997,CHL,PRT,820712
3804280,43,179,8690,2014,163534.0,33408.0,1.187557,1.222085,CHN,PRT,820712
3804281,45,179,8690,2014,0.0,1033.0,-0.6723520000000001,-0.945084,CMR,PRT,820712
3804282,49,179,8690,2014,0.0,2378.0,0.19864500000000002,-0.378364,COL,PRT,820712
3804283,51,179,8690,2014,0.0,26136.0,-0.182368,-0.7136359999999999,CPV,PRT,820712
3804284,52,179,8690,2014,0.0,4096.0,0.065938,-0.687971,CRI,PRT,820712
3804285,61,179,8690,2014,1047354.0,74669.0,2.052849,-2.888805,DEU,PRT,820712
3804286,64,179,8690,2014,10183.0,0.0,1.10869,1.245193,DNK,PRT,820712
3804287,66,179,8690,2014,0.0,15520.0,-1.5554649999999999,-1.1657030000000002,DZA,PRT,820712
3804288,68,179,8690,2014,0.0,5048.0,-0.086866,1.7419669999999998,EGY,PRT,820712
3804289,71,179,8690,2014,882012.0,733311.0,0.842147,2.45692,ESP,PRT,820712
3804290,74,179,8690,2014,45642.0,0.0,1.626355,1.002923,FIN,PRT,820712
3804291,77,179,8690,2014,599117.0,370853.0,1.4817790000000002,0.30995,FRA,PRT,820712
3804292,81,179,8690,2014,176861.0,20002.0,1.697964,0.585372,GBR,PRT,820712
3804293,83,179,8690,2014,0.0,1395.0,-1.130226,-0.9909379999999999,GHA,PRT,820712
3804294,89,179,8690,2014,0.0,4952.0,-2.043516,-0.844701,GNQ,PRT,820712
3804295,93,179,8690,2014,0.0,5561.0,-0.36547199999999996,0.548894,GTM,PRT,820712
3804296,104,179,8690,2014,55937.0,184318.0,0.262042,2.6305080000000003,IND,PRT,820712
3804297,106,179,8690,2014,3763.0,0.0,1.2658399999999999,0.278546,IRL,PRT,820712
3804298,109,179,8690,2014,0.0,1284.0,0.127891,-0.302014,ISL,PRT,820712
3804299,110,179,8690,2014,0.0,1633.0,1.211141,0.64523,ISR,PRT,820712
3804300,111,179,8690,2014,69040.0,18098.0,1.340136,0.43931099999999995,ITA,PRT,820712
3804301,114,179,8690,2014,40707.0,0.0,2.403165,-0.635024,JPN,PRT,820712
3804302,121,179,8690,2014,16550.0,0.0,1.817145,0.8394530000000001,KOR,PRT,820712
3804303,124,179,8690,2014,0.0,2381.0,0.308677,1.7564490000000001,LBN,PRT,820712
3804304,131,179,8690,2014,0.0,1456.0,1.243845,1.155474,LUX,PRT,820712
3804305,134,179,8690,2014,7425.0,241134.0,-0.574034,0.065788,MAR,PRT,820712
3804306,138,179,8690,2014,0.0,225454.0,1.0799729999999998,0.697554,MEX,PRT,820712
3804307,142,179,8690,2014,11029.0,0.0,0.817013,0.0016309999999999999,MLT,PRT,820712
3804308,147,179,8690,2014,0.0,66268.0,-1.1993610000000001,-1.040181,MOZ,PRT,820712
3804309,152,179,8690,2014,0.0,73672.0,-0.494204,-0.751903,MWI,PRT,820712
3804310,159,179,8690,2014,6995.0,8235.0,-1.2126430000000001,-1.059697,NGA,PRT,820712
3804311,162,179,8690,2014,427182.0,0.0,1.179325,1.355071,NLD,PRT,820712
3804312,163,179,8690,2014,11632.0,92886.0,0.9187049999999999,0.182685,NOR,PRT,820712
3804313,168,179,8690,2014,0.0,1537.0,-0.672924,0.566787,PAK,PRT,820712
3804314,173,179,8690,2014,0.0,12080.0,-0.557833,0.611826,PER,PRT,820712
3804315,174,179,8690,2014,0.0,2585.0,0.637442,0.475883,PHL,PRT,820712
3804316,177,179,8690,2014,0.0,9004.0,1.133102,1.177165,POL,PRT,820712
3804317,180,179,8690,2014,0.0,32552.0,-0.608509,-0.930679,PRY,PRT,820712
3804318,185,179,8690,2014,0.0,651087.0,0.9112,1.188161,ROU,PRT,820712
3804319,186,179,8690,2014,0.0,6192.0,0.229422,-0.214856,RUS,PRT,820712
3804320,192,179,8690,2014,0.0,1218.0,1.867492,0.626736,SGP,PRT,820712
3804321,203,179,8690,2014,0.0,1069.0,1.172431,-0.024141,STP,PRT,820712
3804322,206,179,8690,2014,0.0,13139.0,1.334959,0.821253,SVK,PRT,820712
3804323,208,179,8690,2014,72472.0,0.0,1.817752,0.558474,SWE,PRT,820712
3804324,216,179,8690,2014,0.0,881.0,0.977094,1.41283,THA,PRT,820712
3804325,223,179,8690,2014,0.0,85376.0,0.343449,1.118007,TUN,PRT,820712
3804326,224,179,8690,2014,59626.0,160786.0,0.554761,2.385693,TUR,PRT,820712
3804327,228,179,8690,2014,0.0,100483.0,0.566535,0.832267,UKR,PRT,820712
3804328,230,179,8690,2014,0.0,35882.0,0.154034,-0.380899,URY,PRT,820712
3804329,231,179,8690,2014,107641.0,177158.0,1.61227,0.068905,USA,PRT,820712
3804330,236,179,8690,2014,0.0,4956.0,-0.582086,-1.081727,VEN,PRT,820712
3804331,246,179,8690,2014,1652.0,27199.0,0.282927,1.723214,ZAF,PRT,820712
3804332,249,179,8690,2014,41796.0,777.0,1.9044189999999999,1.0595139999999998,TWN,PRT,820712
3804333,8,180,8690,2014,28923.0,9371.0,0.10691500000000001,0.44860600000000006,ARG,PRY,820712
3804334,31,180,8690,2014,2999.0,2570.0,-1.129494,-1.030198,BOL,PRY,820712
3804335,32,180,8690,2014,51192.0,0.0,0.218223,0.556921,BRA,PRY,820712
3804336,39,180,8690,2014,4978.0,0.0,0.671395,1.024683,CAN,PRY,820712
3804337,42,180,8690,2014,19964.0,0.0,-0.344671,-0.43380799999999997,CHL,PRY,820712
3804338,43,180,8690,2014,48929.0,0.0,1.187557,1.222085,CHN,PRY,820712
3804339,61,180,8690,2014,14293.0,0.0,2.052849,-2.888805,DEU,PRY,820712
3804340,71,180,8690,2014,4432.0,0.0,0.842147,2.45692,ESP,PRY,820712
3804341,74,180,8690,2014,4180.0,0.0,1.626355,1.002923,FIN,PRY,820712
3804342,97,180,8690,2014,10498.0,0.0,0.812132,1.722493,HKG,PRY,820712
3804343,111,180,8690,2014,68130.0,0.0,1.340136,0.43931099999999995,ITA,PRY,820712
3804344,114,180,8690,2014,158932.0,0.0,2.403165,-0.635024,JPN,PRY,820712
3804345,121,180,8690,2014,85752.0,0.0,1.817145,0.8394530000000001,KOR,PRY,820712
3804346,173,180,8690,2014,16498.0,0.0,-0.557833,0.611826,PER,PRY,820712
3804347,177,180,8690,2014,725.0,0.0,1.133102,1.177165,POL,PRY,820712
3804348,179,180,8690,2014,32552.0,0.0,0.621053,2.349644,PRT,PRY,820712
3804349,208,180,8690,2014,6464.0,0.0,1.817752,0.558474,SWE,PRY,820712
3804350,230,180,8690,2014,8945.0,0.0,0.154034,-0.380899,URY,PRY,820712
3804351,231,180,8690,2014,932386.0,0.0,1.61227,0.068905,USA,PRY,820712
3804352,43,181,8690,2014,2061.0,0.0,1.187557,1.222085,CHN,PSE,820712
3804353,110,181,8690,2014,12283.0,0.0,1.211141,0.64523,ISR,PSE,820712
3804354,111,181,8690,2014,700.0,0.0,1.340136,0.43931099999999995,ITA,PSE,820712
3804355,2,188,8690,2014,0.0,303296.0,-1.8184900000000002,-1.149191,AGO,SAU,820712
3804356,7,188,8690,2014,2077054.0,2275234.0,0.087775,-0.289459,ARE,SAU,820712
3804357,8,188,8690,2014,73457.0,117913.0,0.10691500000000001,0.44860600000000006,ARG,SAU,820712
3804358,14,188,8690,2014,584437.0,1417215.0,-0.398273,-0.17128,AUS,SAU,820712
3804359,15,188,8690,2014,78857.0,0.0,1.7116790000000002,-0.140232,AUT,SAU,820712
3804360,18,188,8690,2014,444108.0,0.0,1.234156,1.226441,BEL,SAU,820712
3804361,24,188,8690,2014,51333.0,693019.0,0.460168,-0.41671099999999994,BHR,SAU,820712
3804362,32,188,8690,2014,6485.0,0.0,0.218223,0.556921,BRA,SAU,820712
3804363,34,188,8690,2014,0.0,12107.0,0.191357,-0.683567,BRN,SAU,820712
3804364,39,188,8690,2014,560647.0,0.0,0.671395,1.024683,CAN,SAU,820712
3804365,41,188,8690,2014,168530.0,0.0,2.2000919999999997,0.65398,CHE,SAU,820712
3804366,43,188,8690,2014,4911368.0,120970.0,1.187557,1.222085,CHN,SAU,820712
3804367,46,188,8690,2014,0.0,60566.0,-1.6680240000000002,-1.1265129999999999,COD,SAU,820712
3804368,47,188,8690,2014,0.0,341756.0,-1.371624,-1.12468,COG,SAU,820712
3804369,49,188,8690,2014,7398.0,130696.0,0.19864500000000002,-0.378364,COL,SAU,820712
3804370,61,188,8690,2014,3331784.0,35769.0,2.052849,-2.888805,DEU,SAU,820712
3804371,64,188,8690,2014,0.0,10444.0,1.10869,1.245193,DNK,SAU,820712
3804372,66,188,8690,2014,0.0,2136132.0,-1.5554649999999999,-1.1657030000000002,DZA,SAU,820712
3804373,67,188,8690,2014,0.0,52964.0,-1.066865,-1.052921,ECU,SAU,820712
3804374,68,188,8690,2014,0.0,553332.0,-0.086866,1.7419669999999998,EGY,SAU,820712
3804375,71,188,8690,2014,232466.0,136989.0,0.842147,2.45692,ESP,SAU,820712
3804376,77,188,8690,2014,8091998.0,277083.0,1.4817790000000002,0.30995,FRA,SAU,820712
3804377,80,188,8690,2014,0.0,94984.0,-1.625474,-1.135973,GAB,SAU,820712
3804378,81,188,8690,2014,13988074.0,85566.0,1.697964,0.585372,GBR,SAU,820712
3804379,97,188,8690,2014,3979.0,29017.0,0.812132,1.722493,HKG,SAU,820712
3804380,103,188,8690,2014,39676.0,851532.0,-0.088032,1.3966459999999998,IDN,SAU,820712
3804381,104,188,8690,2014,269775.0,324706.0,0.262042,2.6305080000000003,IND,SAU,820712
3804382,106,188,8690,2014,910368.0,0.0,1.2658399999999999,0.278546,IRL,SAU,820712
3804383,108,188,8690,2014,0.0,660508.0,-2.9169,-0.882023,IRQ,SAU,820712
3804384,111,188,8690,2014,230276.0,160332.0,1.340136,0.43931099999999995,ITA,SAU,820712
3804385,113,188,8690,2014,19041.0,24659.0,0.210208,0.48732299999999995,JOR,SAU,820712
3804386,114,188,8690,2014,3296708.0,0.0,2.403165,-0.635024,JPN,SAU,820712
3804387,115,188,8690,2014,26092.0,74515.0,-0.210431,-0.574075,KAZ,SAU,820712
3804388,121,188,8690,2014,2409755.0,0.0,1.817145,0.8394530000000001,KOR,SAU,820712
3804389,122,188,8690,2014,125784.0,363214.0,-0.769616,-1.10667,KWT,SAU,820712
3804390,126,188,8690,2014,0.0,82444.0,-1.5943829999999999,-1.189961,LBY,SAU,820712
3804391,138,188,8690,2014,7905288.0,0.0,1.0799729999999998,0.697554,MEX,SAU,820712
3804392,153,188,8690,2014,169030.0,89150.0,1.018138,0.774649,MYS,SAU,820712
3804393,155,188,8690,2014,0.0,44897.0,-0.428227,-0.5632229999999999,NAM,SAU,820712
3804394,159,188,8690,2014,0.0,785914.0,-1.2126430000000001,-1.059697,NGA,SAU,820712
3804395,162,188,8690,2014,131213.0,125183.0,1.179325,1.355071,NLD,SAU,820712
3804396,163,188,8690,2014,111196.0,0.0,0.9187049999999999,0.182685,NOR,SAU,820712
3804397,166,188,8690,2014,0.0,106501.0,0.272502,0.21628699999999998,NZL,SAU,820712
3804398,167,188,8690,2014,29286.0,1808343.0,-0.505129,-1.0051370000000002,OMN,SAU,820712
3804399,168,188,8690,2014,0.0,443251.0,-0.672924,0.566787,PAK,SAU,820712
3804400,173,188,8690,2014,10448.0,105782.0,-0.557833,0.611826,PER,SAU,820712
3804401,177,188,8690,2014,722099.0,0.0,1.133102,1.177165,POL,SAU,820712
3804402,183,188,8690,2014,0.0,551509.0,-0.37535599999999997,-1.0196370000000001,QAT,SAU,820712
3804403,185,188,8690,2014,0.0,51261.0,0.9112,1.188161,ROU,SAU,820712
3804404,186,188,8690,2014,20876.0,2551577.0,0.229422,-0.214856,RUS,SAU,820712
3804405,191,188,8690,2014,0.0,25636.0,-0.502607,-0.08866,SEN,SAU,820712
3804406,192,188,8690,2014,2820477.0,862206.0,1.867492,0.626736,SGP,SAU,820712
3804407,216,188,8690,2014,36080.0,2026282.0,0.977094,1.41283,THA,SAU,820712
3804408,223,188,8690,2014,0.0,237730.0,0.343449,1.118007,TUN,SAU,820712
3804409,224,188,8690,2014,331951.0,7260.0,0.554761,2.385693,TUR,SAU,820712
3804410,226,188,8690,2014,24530.0,620510.0,-1.054331,0.166345,TZA,SAU,820712
3804411,231,188,8690,2014,36305084.0,324907.0,1.61227,0.068905,USA,SAU,820712
3804412,239,188,8690,2014,0.0,178362.0,-0.023765,1.344416,VNM,SAU,820712
3804413,246,188,8690,2014,2107986.0,106081.0,0.282927,1.723214,ZAF,SAU,820712
3804414,249,188,8690,2014,93559.0,0.0,1.9044189999999999,1.0595139999999998,TWN,SAU,820712
3804415,0,190,8690,2014,45632.0,0.0,0.779539,-0.32255700000000004,ABW,SDN,820712
3804416,7,190,8690,2014,295929.0,0.0,0.087775,-0.289459,ARE,SDN,820712
3804417,14,190,8690,2014,9814.0,0.0,-0.398273,-0.17128,AUS,SDN,820712
3804418,39,190,8690,2014,22022.0,0.0,0.671395,1.024683,CAN,SDN,820712
3804419,43,190,8690,2014,3267728.0,0.0,1.187557,1.222085,CHN,SDN,820712
3804420,61,190,8690,2014,68984.0,0.0,2.052849,-2.888805,DEU,SDN,820712
3804421,68,190,8690,2014,0.0,5419.0,-0.086866,1.7419669999999998,EGY,SDN,820712
3804422,71,190,8690,2014,1696.0,0.0,0.842147,2.45692,ESP,SDN,820712
3804423,77,190,8690,2014,1356743.0,0.0,1.4817790000000002,0.30995,FRA,SDN,820712
3804424,81,190,8690,2014,18749.0,0.0,1.697964,0.585372,GBR,SDN,820712
3804425,104,190,8690,2014,919379.0,0.0,0.262042,2.6305080000000003,IND,SDN,820712
3804426,121,190,8690,2014,28329.0,0.0,1.817145,0.8394530000000001,KOR,SDN,820712
3804427,185,190,8690,2014,21712.0,0.0,0.9112,1.188161,ROU,SDN,820712
3804428,224,190,8690,2014,4502.0,0.0,0.554761,2.385693,TUR,SDN,820712
3804429,234,190,8690,2014,7935.0,0.0,0.034024,-0.522492,VCT,SDN,820712
3804430,2,191,8690,2014,14339.0,0.0,-1.8184900000000002,-1.149191,AGO,SEN,820712
3804431,14,191,8690,2014,8494.0,0.0,-0.398273,-0.17128,AUS,SEN,820712
3804432,18,191,8690,2014,681762.0,0.0,1.234156,1.226441,BEL,SEN,820712
3804433,21,191,8690,2014,0.0,79803.0,-0.922401,-0.9554379999999999,BFA,SEN,820712
3804434,32,191,8690,2014,8374.0,0.0,0.218223,0.556921,BRA,SEN,820712
3804435,39,191,8690,2014,78242.0,0.0,0.671395,1.024683,CAN,SEN,820712
3804436,43,191,8690,2014,78478.0,0.0,1.187557,1.222085,CHN,SEN,820712
3804437,44,191,8690,2014,122700.0,27426.0,-0.737625,-0.768728,CIV,SEN,820712
3804438,61,191,8690,2014,37874.0,0.0,2.052849,-2.888805,DEU,SEN,820712
3804439,71,191,8690,2014,7177.0,0.0,0.842147,2.45692,ESP,SEN,820712
3804440,77,191,8690,2014,128343.0,0.0,1.4817790000000002,0.30995,FRA,SEN,820712
3804441,81,191,8690,2014,84803.0,14897.0,1.697964,0.585372,GBR,SEN,820712
3804442,104,191,8690,2014,2025.0,0.0,0.262042,2.6305080000000003,IND,SEN,820712
3804443,111,191,8690,2014,64625.0,0.0,1.340136,0.43931099999999995,ITA,SEN,820712
3804444,124,191,8690,2014,7803.0,0.0,0.308677,1.7564490000000001,LBN,SEN,820712
3804445,141,191,8690,2014,0.0,66679.0,-1.199063,-1.05497,MLI,SEN,820712
3804446,148,191,8690,2014,0.0,30846.0,-1.458551,-1.225373,MRT,SEN,820712
3804447,162,191,8690,2014,71472.0,0.0,1.179325,1.355071,NLD,SEN,820712
3804448,188,191,8690,2014,25636.0,0.0,0.5758439999999999,-0.832692,SAU,SEN,820712
3804449,192,191,8690,2014,62669.0,0.0,1.867492,0.626736,SGP,SEN,820712
3804450,196,191,8690,2014,10439.0,0.0,-0.9228569999999999,-0.791482,SLE,SEN,820712
3804451,208,191,8690,2014,26597.0,0.0,1.817752,0.558474,SWE,SEN,820712
3804452,223,191,8690,2014,27470.0,44836.0,0.343449,1.118007,TUN,SEN,820712
3804453,224,191,8690,2014,1946.0,0.0,0.554761,2.385693,TUR,SEN,820712
3804454,231,191,8690,2014,589818.0,0.0,1.61227,0.068905,USA,SEN,820712
3804455,246,191,8690,2014,4248.0,0.0,0.282927,1.723214,ZAF,SEN,820712
3804456,2,192,8690,2014,40079.0,364226.0,-1.8184900000000002,-1.149191,AGO,SGP,820712
3804457,5,192,8690,2014,0.0,18474.0,0.533246,-0.41617,AND,SGP,820712
3804458,7,192,8690,2014,271224.0,10143785.0,0.087775,-0.289459,ARE,SGP,820712
3804459,8,192,8690,2014,12393.0,293333.0,0.10691500000000001,0.44860600000000006,ARG,SGP,820712
3804460,14,192,8690,2014,2569216.0,1621108.0,-0.398273,-0.17128,AUS,SGP,820712
3804461,15,192,8690,2014,262738.0,0.0,1.7116790000000002,-0.140232,AUT,SGP,820712
3804462,16,192,8690,2014,12249.0,531368.0,-0.909508,-1.165158,AZE,SGP,820712
3804463,18,192,8690,2014,4582897.0,265166.0,1.234156,1.226441,BEL,SGP,820712
3804464,22,192,8690,2014,32193.0,486726.0,-1.0341879999999999,-0.9614870000000001,BGD,SGP,820712
3804465,24,192,8690,2014,0.0,73615.0,0.460168,-0.41671099999999994,BHR,SGP,820712
3804466,31,192,8690,2014,3287.0,32757.0,-1.129494,-1.030198,BOL,SGP,820712
3804467,32,192,8690,2014,77959.0,241598.0,0.218223,0.556921,BRA,SGP,820712
3804468,34,192,8690,2014,20083.0,1184920.0,0.191357,-0.683567,BRN,SGP,820712
3804469,37,192,8690,2014,0.0,42694.0,-0.60221,-1.104578,BWA,SGP,820712
3804470,39,192,8690,2014,1034003.0,3009272.0,0.671395,1.024683,CAN,SGP,820712
3804471,42,192,8690,2014,3200.0,70694.0,-0.344671,-0.43380799999999997,CHL,SGP,820712
3804472,43,192,8690,2014,14677511.0,1469000.0,1.187557,1.222085,CHN,SGP,820712
3804473,44,192,8690,2014,30087.0,17516.0,-0.737625,-0.768728,CIV,SGP,820712
3804474,45,192,8690,2014,27419.0,244449.0,-0.6723520000000001,-0.945084,CMR,SGP,820712
3804475,47,192,8690,2014,3699.0,45055.0,-1.371624,-1.12468,COG,SGP,820712
3804476,49,192,8690,2014,112362.0,284249.0,0.19864500000000002,-0.378364,COL,SGP,820712
3804477,59,192,8690,2014,410011.0,0.0,1.8105830000000003,0.131131,CZE,SGP,820712
3804478,61,192,8690,2014,544898.0,17008.0,2.052849,-2.888805,DEU,SGP,820712
3804479,64,192,8690,2014,11057.0,36420.0,1.10869,1.245193,DNK,SGP,820712
3804480,66,192,8690,2014,3110.0,445578.0,-1.5554649999999999,-1.1657030000000002,DZA,SGP,820712
3804481,67,192,8690,2014,0.0,230300.0,-1.066865,-1.052921,ECU,SGP,820712
3804482,68,192,8690,2014,653.0,204861.0,-0.086866,1.7419669999999998,EGY,SGP,820712
3804483,71,192,8690,2014,1704.0,53779.0,0.842147,2.45692,ESP,SGP,820712
3804484,73,192,8690,2014,0.0,37451.0,-1.296535,-1.045942,ETH,SGP,820712
3804485,74,192,8690,2014,0.0,1989.0,1.626355,1.002923,FIN,SGP,820712
3804486,77,192,8690,2014,651266.0,166332.0,1.4817790000000002,0.30995,FRA,SGP,820712
3804487,80,192,8690,2014,0.0,170251.0,-1.625474,-1.135973,GAB,SGP,820712
3804488,81,192,8690,2014,3564593.0,488380.0,1.697964,0.585372,GBR,SGP,820712
3804489,83,192,8690,2014,0.0,14791.0,-1.130226,-0.9909379999999999,GHA,SGP,820712
3804490,89,192,8690,2014,0.0,25804.0,-2.043516,-0.844701,GNQ,SGP,820712
3804491,93,192,8690,2014,0.0,1364.0,-0.36547199999999996,0.548894,GTM,SGP,820712
3804492,97,192,8690,2014,792089.0,2035502.0,0.812132,1.722493,HKG,SGP,820712
3804493,103,192,8690,2014,2592774.0,7695782.0,-0.088032,1.3966459999999998,IDN,SGP,820712
3804494,104,192,8690,2014,8307556.0,1274821.0,0.262042,2.6305080000000003,IND,SGP,820712
3804495,106,192,8690,2014,68801.0,0.0,1.2658399999999999,0.278546,IRL,SGP,820712
3804496,108,192,8690,2014,0.0,246674.0,-2.9169,-0.882023,IRQ,SGP,820712
3804497,109,192,8690,2014,0.0,15565.0,0.127891,-0.302014,ISL,SGP,820712
3804498,111,192,8690,2014,3063263.0,61150.0,1.340136,0.43931099999999995,ITA,SGP,820712
3804499,113,192,8690,2014,0.0,141201.0,0.210208,0.48732299999999995,JOR,SGP,820712
3804500,114,192,8690,2014,1655971.0,52737.0,2.403165,-0.635024,JPN,SGP,820712
3804501,115,192,8690,2014,613.0,1079635.0,-0.210431,-0.574075,KAZ,SGP,820712
3804502,116,192,8690,2014,0.0,3013874.0,-0.487058,0.307288,KEN,SGP,820712
3804503,121,192,8690,2014,763341.0,81690.0,1.817145,0.8394530000000001,KOR,SGP,820712
3804504,122,192,8690,2014,3973.0,870131.0,-0.769616,-1.10667,KWT,SGP,820712
3804505,123,192,8690,2014,0.0,1274.0,-1.054294,-0.869916,LAO,SGP,820712
3804506,128,192,8690,2014,2912.0,551762.0,-0.49366899999999997,0.338686,LKA,SGP,820712
3804507,131,192,8690,2014,1083.0,0.0,1.243845,1.155474,LUX,SGP,820712
3804508,134,192,8690,2014,0.0,30198.0,-0.574034,0.065788,MAR,SGP,820712
3804509,136,192,8690,2014,0.0,2573.0,-1.002122,-0.44446,MDG,SGP,820712
3804510,138,192,8690,2014,1845947.0,632268.0,1.0799729999999998,0.697554,MEX,SGP,820712
3804511,142,192,8690,2014,4024.0,0.0,0.817013,0.0016309999999999999,MLT,SGP,820712
3804512,143,192,8690,2014,20443.0,3217090.0,-1.5332459999999999,-1.145973,MMR,SGP,820712
3804513,145,192,8690,2014,1200.0,0.0,-1.425524,-1.161949,MNG,SGP,820712
3804514,147,192,8690,2014,0.0,76135.0,-1.1993610000000001,-1.040181,MOZ,SGP,820712
3804515,148,192,8690,2014,0.0,897.0,-1.458551,-1.225373,MRT,SGP,820712
3804516,151,192,8690,2014,0.0,18850.0,-0.029891,-0.12431099999999999,MUS,SGP,820712
3804517,153,192,8690,2014,6060317.0,10186197.0,1.018138,0.774649,MYS,SGP,820712
3804518,159,192,8690,2014,0.0,252101.0,-1.2126430000000001,-1.059697,NGA,SGP,820712
3804519,162,192,8690,2014,238912.0,1455975.0,1.179325,1.355071,NLD,SGP,820712
3804520,163,192,8690,2014,3359153.0,614103.0,0.9187049999999999,0.182685,NOR,SGP,820712
3804521,166,192,8690,2014,37880.0,49017.0,0.272502,0.21628699999999998,NZL,SGP,820712
3804522,167,192,8690,2014,920.0,1060597.0,-0.505129,-1.0051370000000002,OMN,SGP,820712
3804523,168,192,8690,2014,0.0,476259.0,-0.672924,0.566787,PAK,SGP,820712
3804524,173,192,8690,2014,37033.0,134617.0,-0.557833,0.611826,PER,SGP,820712
3804525,174,192,8690,2014,39453.0,1049106.0,0.637442,0.475883,PHL,SGP,820712
3804526,176,192,8690,2014,0.0,503510.0,-1.564904,-1.146255,PNG,SGP,820712
3804527,177,192,8690,2014,13542.0,0.0,1.133102,1.177165,POL,SGP,820712
3804528,179,192,8690,2014,1218.0,0.0,0.621053,2.349644,PRT,SGP,820712
3804529,183,192,8690,2014,0.0,357743.0,-0.37535599999999997,-1.0196370000000001,QAT,SGP,820712
3804530,185,192,8690,2014,34134.0,4237.0,0.9112,1.188161,ROU,SGP,820712
3804531,186,192,8690,2014,0.0,2932713.0,0.229422,-0.214856,RUS,SGP,820712
3804532,188,192,8690,2014,862206.0,2820477.0,0.5758439999999999,-0.832692,SAU,SGP,820712
3804533,191,192,8690,2014,0.0,62669.0,-0.502607,-0.08866,SEN,SGP,820712
3804534,208,192,8690,2014,226807.0,64983.0,1.817752,0.558474,SWE,SGP,820712
3804535,211,192,8690,2014,0.0,3965.0,0.358111,-0.484879,SYC,SGP,820712
3804536,216,192,8690,2014,2449317.0,741252.0,0.977094,1.41283,THA,SGP,820712
3804537,219,192,8690,2014,0.0,90456.0,-1.217897,-1.184131,TKM,SGP,820712
3804538,222,192,8690,2014,2835.0,17086.0,-0.57362,-1.117545,TTO,SGP,820712
3804539,223,192,8690,2014,0.0,106850.0,0.343449,1.118007,TUN,SGP,820712
3804540,224,192,8690,2014,564335.0,895664.0,0.554761,2.385693,TUR,SGP,820712
3804541,226,192,8690,2014,0.0,37216.0,-1.054331,0.166345,TZA,SGP,820712
3804542,228,192,8690,2014,24954.0,36182.0,0.566535,0.832267,UKR,SGP,820712
3804543,231,192,8690,2014,35142528.0,11119657.0,1.61227,0.068905,USA,SGP,820712
3804544,236,192,8690,2014,0.0,112631.0,-0.582086,-1.081727,VEN,SGP,820712
3804545,239,192,8690,2014,1202980.0,3867258.0,-0.023765,1.344416,VNM,SGP,820712
3804546,243,192,8690,2014,0.0,1255915.0,-1.2829190000000001,-1.227373,YEM,SGP,820712
3804547,246,192,8690,2014,86127.0,25462.0,0.282927,1.723214,ZAF,SGP,820712
3804548,247,192,8690,2014,0.0,5397.0,-0.664089,-0.793452,ZMB,SGP,820712
3804549,249,192,8690,2014,33339.0,234446.0,1.9044189999999999,1.0595139999999998,TWN,SGP,820712
3804550,39,197,8690,2014,1946.0,0.0,0.671395,1.024683,CAN,SLV,820712
3804551,43,197,8690,2014,4708.0,0.0,1.187557,1.222085,CHN,SLV,820712
3804552,52,197,8690,2014,14236.0,0.0,0.065938,-0.687971,CRI,SLV,820712
3804553,65,197,8690,2014,0.0,965.0,-0.180845,0.508512,DOM,SLV,820712
3804554,67,197,8690,2014,2165.0,4132.0,-1.066865,-1.052921,ECU,SLV,820712
3804555,71,197,8690,2014,7638.0,0.0,0.842147,2.45692,ESP,SLV,820712
3804556,81,197,8690,2014,2696.0,0.0,1.697964,0.585372,GBR,SLV,820712
3804557,93,197,8690,2014,28025.0,30161.0,-0.36547199999999996,0.548894,GTM,SLV,820712
3804558,99,197,8690,2014,0.0,30574.0,-0.467004,0.045511,HND,SLV,820712
3804559,110,197,8690,2014,1757.0,0.0,1.211141,0.64523,ISR,SLV,820712
3804560,111,197,8690,2014,998.0,0.0,1.340136,0.43931099999999995,ITA,SLV,820712
3804561,114,197,8690,2014,1012982.0,0.0,2.403165,-0.635024,JPN,SLV,820712
3804562,121,197,8690,2014,12553.0,0.0,1.817145,0.8394530000000001,KOR,SLV,820712
3804563,138,197,8690,2014,1380.0,25414.0,1.0799729999999998,0.697554,MEX,SLV,820712
3804564,160,197,8690,2014,457888.0,1148.0,-0.938269,-0.839066,NIC,SLV,820712
3804565,173,197,8690,2014,4458.0,0.0,-0.557833,0.611826,PER,SLV,820712
3804566,208,197,8690,2014,3250.0,0.0,1.817752,0.558474,SWE,SLV,820712
3804567,231,197,8690,2014,51902.0,0.0,1.61227,0.068905,USA,SLV,820712
3804568,246,197,8690,2014,1031.0,0.0,0.282927,1.723214,ZAF,SLV,820712
3804569,39,205,8690,2014,113538.0,0.0,0.671395,1.024683,CAN,SUR,820712
3804570,43,205,8690,2014,77564.0,0.0,1.187557,1.222085,CHN,SUR,820712
3804571,49,205,8690,2014,2126.0,0.0,0.19864500000000002,-0.378364,COL,SUR,820712
3804572,61,205,8690,2014,2711.0,0.0,2.052849,-2.888805,DEU,SUR,820712
3804573,64,205,8690,2014,0.0,3669.0,1.10869,1.245193,DNK,SUR,820712
3804574,111,205,8690,2014,1584.0,0.0,1.340136,0.43931099999999995,ITA,SUR,820712
3804575,162,205,8690,2014,5287.0,21659.0,1.179325,1.355071,NLD,SUR,820712
3804576,169,205,8690,2014,1789.0,0.0,0.771742,0.9873190000000001,PAN,SUR,820712
3804577,173,205,8690,2014,5653.0,0.0,-0.557833,0.611826,PER,SUR,820712
3804578,222,205,8690,2014,91711.0,0.0,-0.57362,-1.117545,TTO,SUR,820712
3804579,231,205,8690,2014,69824.0,1291.0,1.61227,0.068905,USA,SUR,820712
3804580,15,206,8690,2014,152829.0,0.0,1.7116790000000002,-0.140232,AUT,SVK,820712
3804581,18,206,8690,2014,22486.0,0.0,1.234156,1.226441,BEL,SVK,820712
3804582,26,206,8690,2014,0.0,1929.0,0.5083300000000001,0.711704,BIH,SVK,820712
3804583,41,206,8690,2014,0.0,3189.0,2.2000919999999997,0.65398,CHE,SVK,820712
3804584,43,206,8690,2014,15655.0,0.0,1.187557,1.222085,CHN,SVK,820712
3804585,52,206,8690,2014,0.0,63752.0,0.065938,-0.687971,CRI,SVK,820712
3804586,59,206,8690,2014,279529.0,16563.0,1.8105830000000003,0.131131,CZE,SVK,820712
3804587,61,206,8690,2014,152275.0,90152.0,2.052849,-2.888805,DEU,SVK,820712
3804588,64,206,8690,2014,886.0,0.0,1.10869,1.245193,DNK,SVK,820712
3804589,71,206,8690,2014,6788.0,0.0,0.842147,2.45692,ESP,SVK,820712
3804590,77,206,8690,2014,16020.0,0.0,1.4817790000000002,0.30995,FRA,SVK,820712
3804591,81,206,8690,2014,11328.0,0.0,1.697964,0.585372,GBR,SVK,820712
3804592,100,206,8690,2014,7212.0,0.0,0.804401,1.250807,HRV,SVK,820712
3804593,102,206,8690,2014,1052.0,11329.0,1.477093,0.812869,HUN,SVK,820712
3804594,106,206,8690,2014,1088.0,0.0,1.2658399999999999,0.278546,IRL,SVK,820712
3804595,111,206,8690,2014,22018.0,2214.0,1.340136,0.43931099999999995,ITA,SVK,820712
3804596,114,206,8690,2014,34912.0,0.0,2.403165,-0.635024,JPN,SVK,820712
3804597,121,206,8690,2014,367641.0,214879.0,1.817145,0.8394530000000001,KOR,SVK,820712
3804598,162,206,8690,2014,1318.0,0.0,1.179325,1.355071,NLD,SVK,820712
3804599,177,206,8690,2014,50349.0,0.0,1.133102,1.177165,POL,SVK,820712
3804600,179,206,8690,2014,13139.0,0.0,0.621053,2.349644,PRT,SVK,820712
3804601,185,206,8690,2014,7340977.0,0.0,0.9112,1.188161,ROU,SVK,820712
3804602,186,206,8690,2014,0.0,87456.0,0.229422,-0.214856,RUS,SVK,820712
3804603,208,206,8690,2014,223968.0,0.0,1.817752,0.558474,SWE,SVK,820712
3804604,224,206,8690,2014,6164.0,0.0,0.554761,2.385693,TUR,SVK,820712
3804605,231,206,8690,2014,3663.0,62713.0,1.61227,0.068905,USA,SVK,820712
3804606,250,206,8690,2014,153541.0,0.0,0.506842,0.049545,ANS,SVK,820712
3804607,15,207,8690,2014,221281.0,2515522.0,1.7116790000000002,-0.140232,AUT,SVN,820712
3804608,18,207,8690,2014,1955.0,0.0,1.234156,1.226441,BEL,SVN,820712
3804609,26,207,8690,2014,13498.0,131507.0,0.5083300000000001,0.711704,BIH,SVN,820712
3804610,41,207,8690,2014,11754.0,2626968.0,2.2000919999999997,0.65398,CHE,SVN,820712
3804611,43,207,8690,2014,112564.0,0.0,1.187557,1.222085,CHN,SVN,820712
3804612,59,207,8690,2014,1427.0,1862.0,1.8105830000000003,0.131131,CZE,SVN,820712
3804613,61,207,8690,2014,265697.0,551694.0,2.052849,-2.888805,DEU,SVN,820712
3804614,66,207,8690,2014,0.0,986.0,-1.5554649999999999,-1.1657030000000002,DZA,SVN,820712
3804615,71,207,8690,2014,4193.0,0.0,0.842147,2.45692,ESP,SVN,820712
3804616,74,207,8690,2014,1030.0,0.0,1.626355,1.002923,FIN,SVN,820712
3804617,77,207,8690,2014,66389.0,0.0,1.4817790000000002,0.30995,FRA,SVN,820712
3804618,81,207,8690,2014,43589.0,6039.0,1.697964,0.585372,GBR,SVN,820712
3804619,90,207,8690,2014,708966.0,0.0,0.149337,0.8560540000000001,GRC,SVN,820712
3804620,100,207,8690,2014,226176.0,1635428.0,0.804401,1.250807,HRV,SVN,820712
3804621,104,207,8690,2014,3507.0,0.0,0.262042,2.6305080000000003,IND,SVN,820712
3804622,111,207,8690,2014,88805.0,3820.0,1.340136,0.43931099999999995,ITA,SVN,820712
3804623,114,207,8690,2014,5230.0,0.0,2.403165,-0.635024,JPN,SVN,820712
3804624,132,207,8690,2014,0.0,1740.0,0.613116,1.1899790000000001,LVA,SVN,820712
3804625,140,207,8690,2014,0.0,27696.0,-0.039799,-0.05545,MKD,SVN,820712
3804626,144,207,8690,2014,0.0,2734.0,-0.17039100000000001,-0.21762399999999998,MNE,SVN,820712
3804627,162,207,8690,2014,13970.0,0.0,1.179325,1.355071,NLD,SVN,820712
3804628,177,207,8690,2014,3479.0,0.0,1.133102,1.177165,POL,SVN,820712
3804629,185,207,8690,2014,133491.0,0.0,0.9112,1.188161,ROU,SVN,820712
3804630,201,207,8690,2014,1510.0,16224.0,0.551635,1.211535,SRB,SVN,820712
3804631,224,207,8690,2014,11390.0,0.0,0.554761,2.385693,TUR,SVN,820712
3804632,231,207,8690,2014,26773.0,11473.0,1.61227,0.068905,USA,SVN,820712
3804633,7,208,8690,2014,0.0,1281.0,0.087775,-0.289459,ARE,SWE,820712
3804634,8,208,8690,2014,1747.0,19729.0,0.10691500000000001,0.44860600000000006,ARG,SWE,820712
3804635,9,208,8690,2014,0.0,9360.0,-0.198322,-0.5918680000000001,ARM,SWE,820712
3804636,14,208,8690,2014,33085.0,974380.0,-0.398273,-0.17128,AUS,SWE,820712
3804637,15,208,8690,2014,1199500.0,10083.0,1.7116790000000002,-0.140232,AUT,SWE,820712
3804638,16,208,8690,2014,0.0,903.0,-0.909508,-1.165158,AZE,SWE,820712
3804639,18,208,8690,2014,58916.0,0.0,1.234156,1.226441,BEL,SWE,820712
3804640,21,208,8690,2014,0.0,129635.0,-0.922401,-0.9554379999999999,BFA,SWE,820712
3804641,23,208,8690,2014,0.0,8210.0,0.579058,1.6558110000000001,BGR,SWE,820712
3804642,26,208,8690,2014,0.0,20367.0,0.5083300000000001,0.711704,BIH,SWE,820712
3804643,31,208,8690,2014,0.0,966693.0,-1.129494,-1.030198,BOL,SWE,820712
3804644,32,208,8690,2014,393070.0,528371.0,0.218223,0.556921,BRA,SWE,820712
3804645,39,208,8690,2014,432990.0,587542.0,0.671395,1.024683,CAN,SWE,820712
3804646,41,208,8690,2014,3498.0,237795.0,2.2000919999999997,0.65398,CHE,SWE,820712
3804647,42,208,8690,2014,15458.0,41866.0,-0.344671,-0.43380799999999997,CHL,SWE,820712
3804648,43,208,8690,2014,2277066.0,649836.0,1.187557,1.222085,CHN,SWE,820712
3804649,44,208,8690,2014,0.0,188414.0,-0.737625,-0.768728,CIV,SWE,820712
3804650,45,208,8690,2014,0.0,124188.0,-0.6723520000000001,-0.945084,CMR,SWE,820712
3804651,47,208,8690,2014,0.0,499.0,-1.371624,-1.12468,COG,SWE,820712
3804652,49,208,8690,2014,6800.0,1890332.0,0.19864500000000002,-0.378364,COL,SWE,820712
3804653,52,208,8690,2014,0.0,4238.0,0.065938,-0.687971,CRI,SWE,820712
3804654,59,208,8690,2014,0.0,310148.0,1.8105830000000003,0.131131,CZE,SWE,820712
3804655,61,208,8690,2014,2230967.0,84604.0,2.052849,-2.888805,DEU,SWE,820712
3804656,64,208,8690,2014,17505.0,174888.0,1.10869,1.245193,DNK,SWE,820712
3804657,65,208,8690,2014,0.0,2721.0,-0.180845,0.508512,DOM,SWE,820712
3804658,66,208,8690,2014,0.0,13852.0,-1.5554649999999999,-1.1657030000000002,DZA,SWE,820712
3804659,67,208,8690,2014,33270.0,1308712.0,-1.066865,-1.052921,ECU,SWE,820712
3804660,68,208,8690,2014,0.0,23749.0,-0.086866,1.7419669999999998,EGY,SWE,820712
3804661,69,208,8690,2014,0.0,18873.0,-2.345215,-1.051413,ERI,SWE,820712
3804662,71,208,8690,2014,15073.0,13878.0,0.842147,2.45692,ESP,SWE,820712
3804663,72,208,8690,2014,13330.0,315313.0,0.9147780000000001,1.151556,EST,SWE,820712
3804664,73,208,8690,2014,0.0,30891.0,-1.296535,-1.045942,ETH,SWE,820712
3804665,74,208,8690,2014,1272362.0,648918.0,1.626355,1.002923,FIN,SWE,820712
3804666,77,208,8690,2014,23612.0,72783.0,1.4817790000000002,0.30995,FRA,SWE,820712
3804667,78,208,8690,2014,0.0,20073.0,-0.703929,-0.86265,FRO,SWE,820712
3804668,81,208,8690,2014,128443.0,89605.0,1.697964,0.585372,GBR,SWE,820712
3804669,82,208,8690,2014,0.0,2034.0,-0.254106,-0.646584,GEO,SWE,820712
3804670,85,208,8690,2014,0.0,64498.0,-1.628409,-1.202473,GIN,SWE,820712
3804671,90,208,8690,2014,0.0,1856.0,0.149337,0.8560540000000001,GRC,SWE,820712
3804672,92,208,8690,2014,0.0,34009.0,-1.168495,-0.93096,GRL,SWE,820712
3804673,93,208,8690,2014,0.0,658680.0,-0.36547199999999996,0.548894,GTM,SWE,820712
3804674,97,208,8690,2014,1398.0,4564.0,0.812132,1.722493,HKG,SWE,820712
3804675,99,208,8690,2014,0.0,51803.0,-0.467004,0.045511,HND,SWE,820712
3804676,100,208,8690,2014,0.0,2270.0,0.804401,1.250807,HRV,SWE,820712
3804677,102,208,8690,2014,0.0,8040.0,1.477093,0.812869,HUN,SWE,820712
3804678,103,208,8690,2014,220080.0,2706.0,-0.088032,1.3966459999999998,IDN,SWE,820712
3804679,104,208,8690,2014,5614643.0,68486.0,0.262042,2.6305080000000003,IND,SWE,820712
3804680,106,208,8690,2014,295575.0,265131.0,1.2658399999999999,0.278546,IRL,SWE,820712
3804681,109,208,8690,2014,0.0,9238.0,0.127891,-0.302014,ISL,SWE,820712
3804682,110,208,8690,2014,0.0,952.0,1.211141,0.64523,ISR,SWE,820712
3804683,111,208,8690,2014,856798.0,92603.0,1.340136,0.43931099999999995,ITA,SWE,820712
3804684,113,208,8690,2014,0.0,981.0,0.210208,0.48732299999999995,JOR,SWE,820712
3804685,114,208,8690,2014,113110.0,41762.0,2.403165,-0.635024,JPN,SWE,820712
3804686,115,208,8690,2014,49224.0,1201048.0,-0.210431,-0.574075,KAZ,SWE,820712
3804687,117,208,8690,2014,0.0,2908.0,-0.31942600000000004,-0.012454,KGZ,SWE,820712
3804688,121,208,8690,2014,281773.0,254334.0,1.817145,0.8394530000000001,KOR,SWE,820712
3804689,128,208,8690,2014,0.0,166125.0,-0.49366899999999997,0.338686,LKA,SWE,820712
3804690,132,208,8690,2014,273721.0,10314.0,0.613116,1.1899790000000001,LVA,SWE,820712
3804691,134,208,8690,2014,0.0,89994.0,-0.574034,0.065788,MAR,SWE,820712
3804692,136,208,8690,2014,0.0,2471.0,-1.002122,-0.44446,MDG,SWE,820712
3804693,138,208,8690,2014,378805.0,240469.0,1.0799729999999998,0.697554,MEX,SWE,820712
3804694,140,208,8690,2014,0.0,9156.0,-0.039799,-0.05545,MKD,SWE,820712
3804695,141,208,8690,2014,11271.0,0.0,-1.199063,-1.05497,MLI,SWE,820712
3804696,145,208,8690,2014,0.0,156827.0,-1.425524,-1.161949,MNG,SWE,820712
3804697,151,208,8690,2014,0.0,996.0,-0.029891,-0.12431099999999999,MUS,SWE,820712
3804698,153,208,8690,2014,122391.0,4605.0,1.018138,0.774649,MYS,SWE,820712
3804699,159,208,8690,2014,0.0,122052.0,-1.2126430000000001,-1.059697,NGA,SWE,820712
3804700,160,208,8690,2014,0.0,29430.0,-0.938269,-0.839066,NIC,SWE,820712
3804701,162,208,8690,2014,1894613.0,7208.0,1.179325,1.355071,NLD,SWE,820712
3804702,163,208,8690,2014,103446.0,3630169.0,0.9187049999999999,0.182685,NOR,SWE,820712
3804703,166,208,8690,2014,0.0,1826.0,0.272502,0.21628699999999998,NZL,SWE,820712
3804704,168,208,8690,2014,0.0,489733.0,-0.672924,0.566787,PAK,SWE,820712
3804705,173,208,8690,2014,344179.0,444028.0,-0.557833,0.611826,PER,SWE,820712
3804706,174,208,8690,2014,0.0,101579.0,0.637442,0.475883,PHL,SWE,820712
3804707,177,208,8690,2014,51230.0,20903.0,1.133102,1.177165,POL,SWE,820712
3804708,179,208,8690,2014,0.0,72472.0,0.621053,2.349644,PRT,SWE,820712
3804709,180,208,8690,2014,0.0,6464.0,-0.608509,-0.930679,PRY,SWE,820712
3804710,183,208,8690,2014,0.0,7934.0,-0.37535599999999997,-1.0196370000000001,QAT,SWE,820712
3804711,185,208,8690,2014,1245.0,7959.0,0.9112,1.188161,ROU,SWE,820712
3804712,186,208,8690,2014,3290.0,150308.0,0.229422,-0.214856,RUS,SWE,820712
3804713,191,208,8690,2014,0.0,26597.0,-0.502607,-0.08866,SEN,SWE,820712
3804714,192,208,8690,2014,64983.0,226807.0,1.867492,0.626736,SGP,SWE,820712
3804715,197,208,8690,2014,0.0,3250.0,0.08653999999999999,0.29088600000000003,SLV,SWE,820712
3804716,206,208,8690,2014,0.0,223968.0,1.334959,0.821253,SVK,SWE,820712
3804717,214,208,8690,2014,0.0,1758.0,-2.012048,-0.921558,TCD,SWE,820712
3804718,216,208,8690,2014,0.0,64905.0,0.977094,1.41283,THA,SWE,820712
3804719,217,208,8690,2014,0.0,26514.0,-0.706823,-0.993756,TJK,SWE,820712
3804720,223,208,8690,2014,0.0,8300.0,0.343449,1.118007,TUN,SWE,820712
3804721,224,208,8690,2014,29152.0,11058.0,0.554761,2.385693,TUR,SWE,820712
3804722,226,208,8690,2014,0.0,23024.0,-1.054331,0.166345,TZA,SWE,820712
3804723,228,208,8690,2014,34142.0,80513.0,0.566535,0.832267,UKR,SWE,820712
3804724,230,208,8690,2014,0.0,9056.0,0.154034,-0.380899,URY,SWE,820712
3804725,231,208,8690,2014,7017791.0,3171290.0,1.61227,0.068905,USA,SWE,820712
3804726,239,208,8690,2014,0.0,324391.0,-0.023765,1.344416,VNM,SWE,820712
3804727,246,208,8690,2014,14329.0,373567.0,0.282927,1.723214,ZAF,SWE,820712
3804728,247,208,8690,2014,31540.0,12841.0,-0.664089,-0.793452,ZMB,SWE,820712
3804729,248,208,8690,2014,0.0,11156.0,-0.821369,-0.864232,ZWE,SWE,820712
3804730,249,208,8690,2014,38277.0,311012.0,1.9044189999999999,1.0595139999999998,TWN,SWE,820712
3804731,2,216,8690,2014,0.0,14906.0,-1.8184900000000002,-1.149191,AGO,THA,820712
3804732,7,216,8690,2014,3821.0,233004.0,0.087775,-0.289459,ARE,THA,820712
3804733,8,216,8690,2014,0.0,5948.0,0.10691500000000001,0.44860600000000006,ARG,THA,820712
3804734,14,216,8690,2014,928854.0,2491512.0,-0.398273,-0.17128,AUS,THA,820712
3804735,15,216,8690,2014,15329.0,3888.0,1.7116790000000002,-0.140232,AUT,THA,820712
3804736,18,216,8690,2014,36686.0,0.0,1.234156,1.226441,BEL,THA,820712
3804737,22,216,8690,2014,0.0,3327.0,-1.0341879999999999,-0.9614870000000001,BGD,THA,820712
3804738,31,216,8690,2014,0.0,1240.0,-1.129494,-1.030198,BOL,THA,820712
3804739,32,216,8690,2014,0.0,92585.0,0.218223,0.556921,BRA,THA,820712
3804740,34,216,8690,2014,0.0,1708.0,0.191357,-0.683567,BRN,THA,820712
3804741,35,216,8690,2014,0.0,6527.0,-0.24597199999999997,-0.758838,BTN,THA,820712
3804742,39,216,8690,2014,57693.0,1238157.0,0.671395,1.024683,CAN,THA,820712
3804743,41,216,8690,2014,1933.0,1719.0,2.2000919999999997,0.65398,CHE,THA,820712
3804744,42,216,8690,2014,0.0,37737.0,-0.344671,-0.43380799999999997,CHL,THA,820712
3804745,43,216,8690,2014,9024020.0,154479.0,1.187557,1.222085,CHN,THA,820712
3804746,44,216,8690,2014,0.0,7154.0,-0.737625,-0.768728,CIV,THA,820712
3804747,61,216,8690,2014,211135.0,18300.0,2.052849,-2.888805,DEU,THA,820712
3804748,66,216,8690,2014,0.0,18631.0,-1.5554649999999999,-1.1657030000000002,DZA,THA,820712
3804749,68,216,8690,2014,0.0,17447.0,-0.086866,1.7419669999999998,EGY,THA,820712
3804750,71,216,8690,2014,0.0,2270.0,0.842147,2.45692,ESP,THA,820712
3804751,73,216,8690,2014,0.0,4436.0,-1.296535,-1.045942,ETH,THA,820712
3804752,74,216,8690,2014,53771.0,0.0,1.626355,1.002923,FIN,THA,820712
3804753,77,216,8690,2014,190288.0,76893.0,1.4817790000000002,0.30995,FRA,THA,820712
3804754,81,216,8690,2014,1411088.0,16983.0,1.697964,0.585372,GBR,THA,820712
3804755,97,216,8690,2014,4167.0,148193.0,0.812132,1.722493,HKG,THA,820712
3804756,101,216,8690,2014,0.0,1437.0,-1.10887,-1.032108,HTI,THA,820712
3804757,103,216,8690,2014,6085.0,231493.0,-0.088032,1.3966459999999998,IDN,THA,820712
3804758,104,216,8690,2014,474626.0,86380.0,0.262042,2.6305080000000003,IND,THA,820712
3804759,106,216,8690,2014,14294.0,0.0,1.2658399999999999,0.278546,IRL,THA,820712
3804760,110,216,8690,2014,0.0,11646.0,1.211141,0.64523,ISR,THA,820712
3804761,111,216,8690,2014,105527.0,0.0,1.340136,0.43931099999999995,ITA,THA,820712
3804762,114,216,8690,2014,969171.0,8626985.0,2.403165,-0.635024,JPN,THA,820712
3804763,115,216,8690,2014,17361.0,15426.0,-0.210431,-0.574075,KAZ,THA,820712
3804764,116,216,8690,2014,0.0,47637.0,-0.487058,0.307288,KEN,THA,820712
3804765,118,216,8690,2014,0.0,434016.0,-0.84072,-0.8307040000000001,KHM,THA,820712
3804766,121,216,8690,2014,484279.0,1180445.0,1.817145,0.8394530000000001,KOR,THA,820712
3804767,123,216,8690,2014,16867.0,786470.0,-1.054294,-0.869916,LAO,THA,820712
3804768,124,216,8690,2014,0.0,2124.0,0.308677,1.7564490000000001,LBN,THA,820712
3804769,128,216,8690,2014,0.0,2045.0,-0.49366899999999997,0.338686,LKA,THA,820712
3804770,130,216,8690,2014,0.0,19661.0,0.764495,1.3451540000000002,LTU,THA,820712
3804771,134,216,8690,2014,0.0,26265.0,-0.574034,0.065788,MAR,THA,820712
3804772,138,216,8690,2014,8182.0,3818.0,1.0799729999999998,0.697554,MEX,THA,820712
3804773,140,216,8690,2014,0.0,396.0,-0.039799,-0.05545,MKD,THA,820712
3804774,142,216,8690,2014,0.0,10185.0,0.817013,0.0016309999999999999,MLT,THA,820712
3804775,143,216,8690,2014,0.0,2551602.0,-1.5332459999999999,-1.145973,MMR,THA,820712
3804776,147,216,8690,2014,0.0,12651.0,-1.1993610000000001,-1.040181,MOZ,THA,820712
3804777,151,216,8690,2014,0.0,2438.0,-0.029891,-0.12431099999999999,MUS,THA,820712
3804778,153,216,8690,2014,477105.0,513900.0,1.018138,0.774649,MYS,THA,820712
3804779,159,216,8690,2014,0.0,32144.0,-1.2126430000000001,-1.059697,NGA,THA,820712
3804780,162,216,8690,2014,5155.0,1450444.0,1.179325,1.355071,NLD,THA,820712
3804781,166,216,8690,2014,0.0,1870.0,0.272502,0.21628699999999998,NZL,THA,820712
3804782,167,216,8690,2014,0.0,13324.0,-0.505129,-1.0051370000000002,OMN,THA,820712
3804783,168,216,8690,2014,0.0,28488.0,-0.672924,0.566787,PAK,THA,820712
3804784,173,216,8690,2014,0.0,23276.0,-0.557833,0.611826,PER,THA,820712
3804785,174,216,8690,2014,28044.0,3742.0,0.637442,0.475883,PHL,THA,820712
3804786,179,216,8690,2014,881.0,0.0,0.621053,2.349644,PRT,THA,820712
3804787,186,216,8690,2014,0.0,52734.0,0.229422,-0.214856,RUS,THA,820712
3804788,188,216,8690,2014,2026282.0,36080.0,0.5758439999999999,-0.832692,SAU,THA,820712
3804789,192,216,8690,2014,741252.0,2449317.0,1.867492,0.626736,SGP,THA,820712
3804790,208,216,8690,2014,64905.0,0.0,1.817752,0.558474,SWE,THA,820712
3804791,224,216,8690,2014,1341.0,174086.0,0.554761,2.385693,TUR,THA,820712
3804792,226,216,8690,2014,0.0,1479.0,-1.054331,0.166345,TZA,THA,820712
3804793,227,216,8690,2014,0.0,1426.0,-0.46911800000000003,0.25446599999999997,UGA,THA,820712
3804794,228,216,8690,2014,0.0,21480.0,0.566535,0.832267,UKR,THA,820712
3804795,231,216,8690,2014,7441782.0,2504538.0,1.61227,0.068905,USA,THA,820712
3804796,236,216,8690,2014,1477.0,0.0,-0.582086,-1.081727,VEN,THA,820712
3804797,239,216,8690,2014,21036.0,1981644.0,-0.023765,1.344416,VNM,THA,820712
3804798,246,216,8690,2014,1582.0,0.0,0.282927,1.723214,ZAF,THA,820712
3804799,249,216,8690,2014,487456.0,8197.0,1.9044189999999999,1.0595139999999998,TWN,THA,820712
3804800,14,222,8690,2014,18886.0,0.0,-0.398273,-0.17128,AUS,TTO,820712
3804801,16,222,8690,2014,0.0,16075.0,-0.909508,-1.165158,AZE,TTO,820712
3804802,18,222,8690,2014,34873.0,0.0,1.234156,1.226441,BEL,TTO,820712
3804803,31,222,8690,2014,11787.0,0.0,-1.129494,-1.030198,BOL,TTO,820712
3804804,32,222,8690,2014,19536.0,0.0,0.218223,0.556921,BRA,TTO,820712
3804805,39,222,8690,2014,37427.0,0.0,0.671395,1.024683,CAN,TTO,820712
3804806,43,222,8690,2014,286821.0,0.0,1.187557,1.222085,CHN,TTO,820712
3804807,49,222,8690,2014,0.0,6516.0,0.19864500000000002,-0.378364,COL,TTO,820712
3804808,58,222,8690,2014,0.0,10701.0,0.627467,0.483725,CYP,TTO,820712
3804809,61,222,8690,2014,63900.0,0.0,2.052849,-2.888805,DEU,TTO,820712
3804810,67,222,8690,2014,0.0,2327.0,-1.066865,-1.052921,ECU,TTO,820712
3804811,68,222,8690,2014,86386.0,0.0,-0.086866,1.7419669999999998,EGY,TTO,820712
3804812,81,222,8690,2014,59092.0,0.0,1.697964,0.585372,GBR,TTO,820712
3804813,111,222,8690,2014,2991.0,0.0,1.340136,0.43931099999999995,ITA,TTO,820712
3804814,114,222,8690,2014,5443.0,0.0,2.403165,-0.635024,JPN,TTO,820712
3804815,138,222,8690,2014,28117.0,0.0,1.0799729999999998,0.697554,MEX,TTO,820712
3804816,153,222,8690,2014,11741.0,0.0,1.018138,0.774649,MYS,TTO,820712
3804817,163,222,8690,2014,30968.0,0.0,0.9187049999999999,0.182685,NOR,TTO,820712
3804818,169,222,8690,2014,31408.0,0.0,0.771742,0.9873190000000001,PAN,TTO,820712
3804819,173,222,8690,2014,0.0,67853.0,-0.557833,0.611826,PER,TTO,820712
3804820,192,222,8690,2014,17086.0,2835.0,1.867492,0.626736,SGP,TTO,820712
3804821,205,222,8690,2014,0.0,91711.0,-0.6333989999999999,-0.857643,SUR,TTO,820712
3804822,231,222,8690,2014,2068719.0,80680.0,1.61227,0.068905,USA,TTO,820712
3804823,1,224,8690,2014,0.0,2682.0,-0.924386,-0.839385,AFG,TUR,820712
3804824,4,224,8690,2014,0.0,140100.0,-0.476024,-0.33978400000000003,ALB,TUR,820712
3804825,7,224,8690,2014,83611.0,28387.0,0.087775,-0.289459,ARE,TUR,820712
3804826,8,224,8690,2014,16896.0,0.0,0.10691500000000001,0.44860600000000006,ARG,TUR,820712
3804827,14,224,8690,2014,15640.0,155134.0,-0.398273,-0.17128,AUS,TUR,820712
3804828,15,224,8690,2014,900978.0,14835.0,1.7116790000000002,-0.140232,AUT,TUR,820712
3804829,16,224,8690,2014,3833.0,182046.0,-0.909508,-1.165158,AZE,TUR,820712
3804830,18,224,8690,2014,94955.0,26503.0,1.234156,1.226441,BEL,TUR,820712
3804831,23,224,8690,2014,30372.0,93535.0,0.579058,1.6558110000000001,BGR,TUR,820712
3804832,26,224,8690,2014,0.0,4662.0,0.5083300000000001,0.711704,BIH,TUR,820712
3804833,28,224,8690,2014,40185.0,1254.0,0.874108,0.676231,BLR,TUR,820712
3804834,32,224,8690,2014,112538.0,5217.0,0.218223,0.556921,BRA,TUR,820712
3804835,39,224,8690,2014,1502332.0,2399.0,0.671395,1.024683,CAN,TUR,820712
3804836,41,224,8690,2014,24624.0,137435.0,2.2000919999999997,0.65398,CHE,TUR,820712
3804837,42,224,8690,2014,0.0,92161.0,-0.344671,-0.43380799999999997,CHL,TUR,820712
3804838,43,224,8690,2014,6918878.0,0.0,1.187557,1.222085,CHN,TUR,820712
3804839,44,224,8690,2014,0.0,24619.0,-0.737625,-0.768728,CIV,TUR,820712
3804840,45,224,8690,2014,0.0,9228.0,-0.6723520000000001,-0.945084,CMR,TUR,820712
3804841,47,224,8690,2014,0.0,2024.0,-1.371624,-1.12468,COG,TUR,820712
3804842,49,224,8690,2014,0.0,102820.0,0.19864500000000002,-0.378364,COL,TUR,820712
3804843,59,224,8690,2014,0.0,32204.0,1.8105830000000003,0.131131,CZE,TUR,820712
3804844,61,224,8690,2014,8710955.0,3198797.0,2.052849,-2.888805,DEU,TUR,820712
3804845,66,224,8690,2014,0.0,113224.0,-1.5554649999999999,-1.1657030000000002,DZA,TUR,820712
3804846,68,224,8690,2014,61638.0,34475.0,-0.086866,1.7419669999999998,EGY,TUR,820712
3804847,71,224,8690,2014,20303.0,375090.0,0.842147,2.45692,ESP,TUR,820712
3804848,72,224,8690,2014,0.0,1532.0,0.9147780000000001,1.151556,EST,TUR,820712
3804849,73,224,8690,2014,0.0,73867.0,-1.296535,-1.045942,ETH,TUR,820712
3804850,74,224,8690,2014,10251.0,14107.0,1.626355,1.002923,FIN,TUR,820712
3804851,77,224,8690,2014,1557879.0,14952.0,1.4817790000000002,0.30995,FRA,TUR,820712
3804852,80,224,8690,2014,0.0,1275.0,-1.625474,-1.135973,GAB,TUR,820712
3804853,81,224,8690,2014,635518.0,119035.0,1.697964,0.585372,GBR,TUR,820712
3804854,82,224,8690,2014,2700.0,165943.0,-0.254106,-0.646584,GEO,TUR,820712
3804855,83,224,8690,2014,0.0,1249.0,-1.130226,-0.9909379999999999,GHA,TUR,820712
3804856,90,224,8690,2014,0.0,2068.0,0.149337,0.8560540000000001,GRC,TUR,820712
3804857,100,224,8690,2014,0.0,95874.0,0.804401,1.250807,HRV,TUR,820712
3804858,103,224,8690,2014,0.0,4150.0,-0.088032,1.3966459999999998,IDN,TUR,820712
3804859,104,224,8690,2014,879226.0,33088.0,0.262042,2.6305080000000003,IND,TUR,820712
3804860,106,224,8690,2014,0.0,6880.0,1.2658399999999999,0.278546,IRL,TUR,820712
3804861,107,224,8690,2014,0.0,74932.0,-0.361058,-0.312743,IRN,TUR,820712
3804862,108,224,8690,2014,0.0,283648.0,-2.9169,-0.882023,IRQ,TUR,820712
3804863,110,224,8690,2014,0.0,512306.0,1.211141,0.64523,ISR,TUR,820712
3804864,111,224,8690,2014,5392001.0,416000.0,1.340136,0.43931099999999995,ITA,TUR,820712
3804865,113,224,8690,2014,0.0,3403.0,0.210208,0.48732299999999995,JOR,TUR,820712
3804866,114,224,8690,2014,360542.0,47360.0,2.403165,-0.635024,JPN,TUR,820712
3804867,115,224,8690,2014,7373.0,73103.0,-0.210431,-0.574075,KAZ,TUR,820712
3804868,116,224,8690,2014,0.0,7093.0,-0.487058,0.307288,KEN,TUR,820712
3804869,117,224,8690,2014,0.0,3026.0,-0.31942600000000004,-0.012454,KGZ,TUR,820712
3804870,121,224,8690,2014,810935.0,19712.0,1.817145,0.8394530000000001,KOR,TUR,820712
3804871,122,224,8690,2014,0.0,16490.0,-0.769616,-1.10667,KWT,TUR,820712
3804872,124,224,8690,2014,0.0,206840.0,0.308677,1.7564490000000001,LBN,TUR,820712
3804873,126,224,8690,2014,0.0,3286.0,-1.5943829999999999,-1.189961,LBY,TUR,820712
3804874,130,224,8690,2014,0.0,64263.0,0.764495,1.3451540000000002,LTU,TUR,820712
3804875,134,224,8690,2014,0.0,2668.0,-0.574034,0.065788,MAR,TUR,820712
3804876,135,224,8690,2014,0.0,1023.0,-0.10438199999999999,-0.093194,MDA,TUR,820712
3804877,138,224,8690,2014,115215.0,30225.0,1.0799729999999998,0.697554,MEX,TUR,820712
3804878,140,224,8690,2014,0.0,1175.0,-0.039799,-0.05545,MKD,TUR,820712
3804879,142,224,8690,2014,0.0,7327.0,0.817013,0.0016309999999999999,MLT,TUR,820712
3804880,144,224,8690,2014,0.0,5327.0,-0.17039100000000001,-0.21762399999999998,MNE,TUR,820712
3804881,145,224,8690,2014,0.0,7971.0,-1.425524,-1.161949,MNG,TUR,820712
3804882,148,224,8690,2014,0.0,3782.0,-1.458551,-1.225373,MRT,TUR,820712
3804883,151,224,8690,2014,0.0,3152.0,-0.029891,-0.12431099999999999,MUS,TUR,820712
3804884,153,224,8690,2014,1516.0,27798.0,1.018138,0.774649,MYS,TUR,820712
3804885,159,224,8690,2014,0.0,26235.0,-1.2126430000000001,-1.059697,NGA,TUR,820712
3804886,162,224,8690,2014,320476.0,45235.0,1.179325,1.355071,NLD,TUR,820712
3804887,163,224,8690,2014,0.0,24151.0,0.9187049999999999,0.182685,NOR,TUR,820712
3804888,166,224,8690,2014,82091.0,0.0,0.272502,0.21628699999999998,NZL,TUR,820712
3804889,167,224,8690,2014,0.0,4235.0,-0.505129,-1.0051370000000002,OMN,TUR,820712
3804890,177,224,8690,2014,2909316.0,13188.0,1.133102,1.177165,POL,TUR,820712
3804891,179,224,8690,2014,160786.0,59626.0,0.621053,2.349644,PRT,TUR,820712
3804892,183,224,8690,2014,0.0,241251.0,-0.37535599999999997,-1.0196370000000001,QAT,TUR,820712
3804893,185,224,8690,2014,45200.0,70789.0,0.9112,1.188161,ROU,TUR,820712
3804894,186,224,8690,2014,282056.0,66353.0,0.229422,-0.214856,RUS,TUR,820712
3804895,188,224,8690,2014,7260.0,331951.0,0.5758439999999999,-0.832692,SAU,TUR,820712
3804896,190,224,8690,2014,0.0,4502.0,-1.442381,-1.1155030000000001,SDN,TUR,820712
3804897,191,224,8690,2014,0.0,1946.0,-0.502607,-0.08866,SEN,TUR,820712
3804898,192,224,8690,2014,895664.0,564335.0,1.867492,0.626736,SGP,TUR,820712
3804899,201,224,8690,2014,0.0,1738.0,0.551635,1.211535,SRB,TUR,820712
3804900,206,224,8690,2014,0.0,6164.0,1.334959,0.821253,SVK,TUR,820712
3804901,207,224,8690,2014,0.0,11390.0,1.6558669999999998,0.6814399999999999,SVN,TUR,820712
3804902,208,224,8690,2014,11058.0,29152.0,1.817752,0.558474,SWE,TUR,820712
3804903,216,224,8690,2014,174086.0,1341.0,0.977094,1.41283,THA,TUR,820712
3804904,217,224,8690,2014,0.0,1528.0,-0.706823,-0.993756,TJK,TUR,820712
3804905,219,224,8690,2014,0.0,235160.0,-1.217897,-1.184131,TKM,TUR,820712
3804906,223,224,8690,2014,0.0,7999.0,0.343449,1.118007,TUN,TUR,820712
3804907,226,224,8690,2014,0.0,5005.0,-1.054331,0.166345,TZA,TUR,820712
3804908,228,224,8690,2014,513137.0,104128.0,0.566535,0.832267,UKR,TUR,820712
3804909,231,224,8690,2014,8063706.0,448591.0,1.61227,0.068905,USA,TUR,820712
3804910,236,224,8690,2014,17342.0,0.0,-0.582086,-1.081727,VEN,TUR,820712
3804911,239,224,8690,2014,0.0,4593.0,-0.023765,1.344416,VNM,TUR,820712
3804912,243,224,8690,2014,0.0,2151.0,-1.2829190000000001,-1.227373,YEM,TUR,820712
3804913,246,224,8690,2014,0.0,61099.0,0.282927,1.723214,ZAF,TUR,820712
3804914,247,224,8690,2014,0.0,8771.0,-0.664089,-0.793452,ZMB,TUR,820712
3804915,249,224,8690,2014,22664.0,1164.0,1.9044189999999999,1.0595139999999998,TWN,TUR,820712
3804916,250,224,8690,2014,0.0,135795.0,0.506842,0.049545,ANS,TUR,820712
3804917,7,228,8690,2014,11455.0,0.0,0.087775,-0.289459,ARE,UKR,820712
3804918,8,228,8690,2014,0.0,56115.0,0.10691500000000001,0.44860600000000006,ARG,UKR,820712
3804919,14,228,8690,2014,4460.0,0.0,-0.398273,-0.17128,AUS,UKR,820712
3804920,15,228,8690,2014,95906.0,0.0,1.7116790000000002,-0.140232,AUT,UKR,820712
3804921,16,228,8690,2014,0.0,1561037.0,-0.909508,-1.165158,AZE,UKR,820712
3804922,18,228,8690,2014,68502.0,0.0,1.234156,1.226441,BEL,UKR,820712
3804923,28,228,8690,2014,1647256.0,18831.0,0.874108,0.676231,BLR,UKR,820712
3804924,32,228,8690,2014,0.0,8064.0,0.218223,0.556921,BRA,UKR,820712
3804925,39,228,8690,2014,86002.0,82911.0,0.671395,1.024683,CAN,UKR,820712
3804926,43,228,8690,2014,2040996.0,0.0,1.187557,1.222085,CHN,UKR,820712
3804927,44,228,8690,2014,2256.0,0.0,-0.737625,-0.768728,CIV,UKR,820712
3804928,59,228,8690,2014,1703.0,0.0,1.8105830000000003,0.131131,CZE,UKR,820712
3804929,61,228,8690,2014,527540.0,39894.0,2.052849,-2.888805,DEU,UKR,820712
3804930,68,228,8690,2014,17119.0,0.0,-0.086866,1.7419669999999998,EGY,UKR,820712
3804931,71,228,8690,2014,4135.0,0.0,0.842147,2.45692,ESP,UKR,820712
3804932,73,228,8690,2014,0.0,9170.0,-1.296535,-1.045942,ETH,UKR,820712
3804933,74,228,8690,2014,69796.0,0.0,1.626355,1.002923,FIN,UKR,820712
3804934,77,228,8690,2014,225506.0,0.0,1.4817790000000002,0.30995,FRA,UKR,820712
3804935,81,228,8690,2014,38725.0,0.0,1.697964,0.585372,GBR,UKR,820712
3804936,82,228,8690,2014,0.0,16867.0,-0.254106,-0.646584,GEO,UKR,820712
3804937,85,228,8690,2014,0.0,957.0,-1.628409,-1.202473,GIN,UKR,820712
3804938,89,228,8690,2014,0.0,10293.0,-2.043516,-0.844701,GNQ,UKR,820712
3804939,100,228,8690,2014,1278.0,0.0,0.804401,1.250807,HRV,UKR,820712
3804940,103,228,8690,2014,9817.0,0.0,-0.088032,1.3966459999999998,IDN,UKR,820712
3804941,104,228,8690,2014,320603.0,0.0,0.262042,2.6305080000000003,IND,UKR,820712
3804942,111,228,8690,2014,243119.0,0.0,1.340136,0.43931099999999995,ITA,UKR,820712
3804943,113,228,8690,2014,0.0,71807.0,0.210208,0.48732299999999995,JOR,UKR,820712
3804944,114,228,8690,2014,2816.0,0.0,2.403165,-0.635024,JPN,UKR,820712
3804945,115,228,8690,2014,12073.0,234639.0,-0.210431,-0.574075,KAZ,UKR,820712
3804946,121,228,8690,2014,43423.0,0.0,1.817145,0.8394530000000001,KOR,UKR,820712
3804947,128,228,8690,2014,0.0,27679.0,-0.49366899999999997,0.338686,LKA,UKR,820712
3804948,130,228,8690,2014,17216.0,22197.0,0.764495,1.3451540000000002,LTU,UKR,820712
3804949,132,228,8690,2014,0.0,9499.0,0.613116,1.1899790000000001,LVA,UKR,820712
3804950,135,228,8690,2014,0.0,12638.0,-0.10438199999999999,-0.093194,MDA,UKR,820712
3804951,138,228,8690,2014,2071.0,0.0,1.0799729999999998,0.697554,MEX,UKR,820712
3804952,162,228,8690,2014,51214.0,10532.0,1.179325,1.355071,NLD,UKR,820712
3804953,163,228,8690,2014,8577.0,12922.0,0.9187049999999999,0.182685,NOR,UKR,820712
3804954,168,228,8690,2014,0.0,2140.0,-0.672924,0.566787,PAK,UKR,820712
3804955,177,228,8690,2014,321194.0,6249.0,1.133102,1.177165,POL,UKR,820712
3804956,179,228,8690,2014,100483.0,0.0,0.621053,2.349644,PRT,UKR,820712
3804957,185,228,8690,2014,4308.0,39757.0,0.9112,1.188161,ROU,UKR,820712
3804958,186,228,8690,2014,6839245.0,1357890.0,0.229422,-0.214856,RUS,UKR,820712
3804959,192,228,8690,2014,36182.0,24954.0,1.867492,0.626736,SGP,UKR,820712
3804960,208,228,8690,2014,80513.0,34142.0,1.817752,0.558474,SWE,UKR,820712
3804961,216,228,8690,2014,21480.0,0.0,0.977094,1.41283,THA,UKR,820712
3804962,219,228,8690,2014,0.0,411778.0,-1.217897,-1.184131,TKM,UKR,820712
3804963,224,228,8690,2014,104128.0,513137.0,0.554761,2.385693,TUR,UKR,820712
3804964,231,228,8690,2014,1194687.0,372280.0,1.61227,0.068905,USA,UKR,820712
3804965,246,228,8690,2014,70986.0,0.0,0.282927,1.723214,ZAF,UKR,820712
3804966,8,230,8690,2014,4192.0,0.0,0.10691500000000001,0.44860600000000006,ARG,URY,820712
3804967,15,230,8690,2014,81040.0,0.0,1.7116790000000002,-0.140232,AUT,URY,820712
3804968,32,230,8690,2014,22397.0,0.0,0.218223,0.556921,BRA,URY,820712
3804969,39,230,8690,2014,9703.0,0.0,0.671395,1.024683,CAN,URY,820712
3804970,41,230,8690,2014,1172.0,0.0,2.2000919999999997,0.65398,CHE,URY,820712
3804971,42,230,8690,2014,293701.0,0.0,-0.344671,-0.43380799999999997,CHL,URY,820712
3804972,43,230,8690,2014,148862.0,0.0,1.187557,1.222085,CHN,URY,820712
3804973,61,230,8690,2014,9281.0,0.0,2.052849,-2.888805,DEU,URY,820712
3804974,71,230,8690,2014,11092.0,0.0,0.842147,2.45692,ESP,URY,820712
3804975,74,230,8690,2014,38974.0,0.0,1.626355,1.002923,FIN,URY,820712
3804976,81,230,8690,2014,24528.0,0.0,1.697964,0.585372,GBR,URY,820712
3804977,100,230,8690,2014,847.0,0.0,0.804401,1.250807,HRV,URY,820712
3804978,111,230,8690,2014,7828.0,0.0,1.340136,0.43931099999999995,ITA,URY,820712
3804979,121,230,8690,2014,57317.0,0.0,1.817145,0.8394530000000001,KOR,URY,820712
3804980,162,230,8690,2014,0.0,5283.0,1.179325,1.355071,NLD,URY,820712
3804981,179,230,8690,2014,35882.0,0.0,0.621053,2.349644,PRT,URY,820712
3804982,180,230,8690,2014,0.0,8945.0,-0.608509,-0.930679,PRY,URY,820712
3804983,208,230,8690,2014,9056.0,0.0,1.817752,0.558474,SWE,URY,820712
3804984,231,230,8690,2014,167278.0,0.0,1.61227,0.068905,USA,URY,820712
3804985,0,231,8690,2014,0.0,17635.0,0.779539,-0.32255700000000004,ABW,USA,820712
3804986,1,231,8690,2014,0.0,2755.0,-0.924386,-0.839385,AFG,USA,820712
3804987,2,231,8690,2014,0.0,19101616.0,-1.8184900000000002,-1.149191,AGO,USA,820712
3804988,4,231,8690,2014,0.0,172283.0,-0.476024,-0.33978400000000003,ALB,USA,820712
3804989,7,231,8690,2014,1686954.0,52481968.0,0.087775,-0.289459,ARE,USA,820712
3804990,8,231,8690,2014,169953.0,22316466.0,0.10691500000000001,0.44860600000000006,ARG,USA,820712
3804991,9,231,8690,2014,0.0,9480.0,-0.198322,-0.5918680000000001,ARM,USA,820712
3804992,13,231,8690,2014,0.0,19029.0,0.169764,-0.621576,ATG,USA,820712
3804993,14,231,8690,2014,3020756.0,49242620.0,-0.398273,-0.17128,AUS,USA,820712
3804994,15,231,8690,2014,842617.0,1518231.0,1.7116790000000002,-0.140232,AUT,USA,820712
3804995,16,231,8690,2014,300484.0,5047598.0,-0.909508,-1.165158,AZE,USA,820712
3804996,18,231,8690,2014,5753092.0,3660704.0,1.234156,1.226441,BEL,USA,820712
3804997,19,231,8690,2014,140401.0,374453.0,-0.342225,-0.618789,BEN,USA,820712
3804998,21,231,8690,2014,0.0,2532.0,-0.922401,-0.9554379999999999,BFA,USA,820712
3804999,23,231,8690,2014,18475.0,631953.0,0.579058,1.6558110000000001,BGR,USA,820712
3805000,24,231,8690,2014,0.0,816217.0,0.460168,-0.41671099999999994,BHR,USA,820712
3805001,25,231,8690,2014,85234.0,87587.0,0.314465,-0.60458,BHS,USA,820712
3805002,26,231,8690,2014,0.0,7846.0,0.5083300000000001,0.711704,BIH,USA,820712
3805003,28,231,8690,2014,0.0,33886.0,0.874108,0.676231,BLR,USA,820712
3805004,29,231,8690,2014,0.0,1384.0,-0.324446,-0.552126,BLZ,USA,820712
3805005,31,231,8690,2014,1063290.0,3992625.0,-1.129494,-1.030198,BOL,USA,820712
3805006,32,231,8690,2014,2519568.0,21200190.0,0.218223,0.556921,BRA,USA,820712
3805007,33,231,8690,2014,0.0,33657.0,0.44968400000000003,-0.15268900000000002,BRB,USA,820712
3805008,34,231,8690,2014,18748.0,3514524.0,0.191357,-0.683567,BRN,USA,820712
3805009,37,231,8690,2014,97489.0,2743.0,-0.60221,-1.104578,BWA,USA,820712
3805010,39,231,8690,2014,23299048.0,219740864.0,0.671395,1.024683,CAN,USA,820712
3805011,41,231,8690,2014,118719.0,314219.0,2.2000919999999997,0.65398,CHE,USA,820712
3805012,42,231,8690,2014,1340449.0,13031312.0,-0.344671,-0.43380799999999997,CHL,USA,820712
3805013,43,231,8690,2014,44079224.0,29769704.0,1.187557,1.222085,CHN,USA,820712
3805014,44,231,8690,2014,8272.0,2075064.0,-0.737625,-0.768728,CIV,USA,820712
3805015,45,231,8690,2014,220741.0,4216402.0,-0.6723520000000001,-0.945084,CMR,USA,820712
3805016,46,231,8690,2014,0.0,48984.0,-1.6680240000000002,-1.1265129999999999,COD,USA,820712
3805017,47,231,8690,2014,5351.0,3528116.0,-1.371624,-1.12468,COG,USA,820712
3805018,49,231,8690,2014,29007.0,22140594.0,0.19864500000000002,-0.378364,COL,USA,820712
3805019,52,231,8690,2014,5626.0,459066.0,0.065938,-0.687971,CRI,USA,820712
3805020,55,231,8690,2014,0.0,14256.0,-0.00902,-0.683643,CUW,USA,820712
3805021,58,231,8690,2014,0.0,732854.0,0.627467,0.483725,CYP,USA,820712
3805022,59,231,8690,2014,0.0,69318.0,1.8105830000000003,0.131131,CZE,USA,820712
3805023,61,231,8690,2014,26644434.0,13276998.0,2.052849,-2.888805,DEU,USA,820712
3805024,63,231,8690,2014,0.0,2874.0,0.294596,-0.310069,DMA,USA,820712
3805025,64,231,8690,2014,6262.0,426193.0,1.10869,1.245193,DNK,USA,820712
3805026,65,231,8690,2014,17718.0,196581.0,-0.180845,0.508512,DOM,USA,820712
3805027,66,231,8690,2014,209254.0,9151125.0,-1.5554649999999999,-1.1657030000000002,DZA,USA,820712
3805028,67,231,8690,2014,2788642.0,15837176.0,-1.066865,-1.052921,ECU,USA,820712
3805029,68,231,8690,2014,7691.0,20995594.0,-0.086866,1.7419669999999998,EGY,USA,820712
3805030,69,231,8690,2014,0.0,8564.0,-2.345215,-1.051413,ERI,USA,820712
3805031,71,231,8690,2014,7688.0,871877.0,0.842147,2.45692,ESP,USA,820712
3805032,72,231,8690,2014,0.0,114591.0,0.9147780000000001,1.151556,EST,USA,820712
3805033,73,231,8690,2014,244786.0,467932.0,-1.296535,-1.045942,ETH,USA,820712
3805034,74,231,8690,2014,676044.0,106050.0,1.626355,1.002923,FIN,USA,820712
3805035,75,231,8690,2014,0.0,14530.0,-0.306346,-0.07688500000000001,FJI,USA,820712
3805036,77,231,8690,2014,806906.0,11729301.0,1.4817790000000002,0.30995,FRA,USA,820712
3805037,80,231,8690,2014,13435.0,4333499.0,-1.625474,-1.135973,GAB,USA,820712
3805038,81,231,8690,2014,13675505.0,15088030.0,1.697964,0.585372,GBR,USA,820712
3805039,82,231,8690,2014,3449.0,214954.0,-0.254106,-0.646584,GEO,USA,820712
3805040,83,231,8690,2014,0.0,5134863.0,-1.130226,-0.9909379999999999,GHA,USA,820712
3805041,89,231,8690,2014,0.0,2609928.0,-2.043516,-0.844701,GNQ,USA,820712
3805042,90,231,8690,2014,0.0,5267.0,0.149337,0.8560540000000001,GRC,USA,820712
3805043,93,231,8690,2014,22334.0,983930.0,-0.36547199999999996,0.548894,GTM,USA,820712
3805044,96,231,8690,2014,0.0,17927.0,-1.068777,-1.038227,GUY,USA,820712
3805045,97,231,8690,2014,291022.0,1015504.0,0.812132,1.722493,HKG,USA,820712
3805046,99,231,8690,2014,1921.0,107617.0,-0.467004,0.045511,HND,USA,820712
3805047,100,231,8690,2014,59143.0,2338.0,0.804401,1.250807,HRV,USA,820712
3805048,102,231,8690,2014,23855.0,35626.0,1.477093,0.812869,HUN,USA,820712
3805049,103,231,8690,2014,76986.0,13429746.0,-0.088032,1.3966459999999998,IDN,USA,820712
3805050,104,231,8690,2014,9100617.0,11275932.0,0.262042,2.6305080000000003,IND,USA,820712
3805051,106,231,8690,2014,3788922.0,94511.0,1.2658399999999999,0.278546,IRL,USA,820712
3805052,108,231,8690,2014,0.0,8267519.0,-2.9169,-0.882023,IRQ,USA,820712
3805053,109,231,8690,2014,0.0,68552.0,0.127891,-0.302014,ISL,USA,820712
3805054,110,231,8690,2014,50436.0,1135708.0,1.211141,0.64523,ISR,USA,820712
3805055,111,231,8690,2014,15652386.0,7199896.0,1.340136,0.43931099999999995,ITA,USA,820712
3805056,112,231,8690,2014,0.0,14146.0,-0.42745299999999997,-0.7750130000000001,JAM,USA,820712
3805057,113,231,8690,2014,0.0,82766.0,0.210208,0.48732299999999995,JOR,USA,820712
3805058,114,231,8690,2014,1825020.0,3589880.0,2.403165,-0.635024,JPN,USA,820712
3805059,115,231,8690,2014,637640.0,3382635.0,-0.210431,-0.574075,KAZ,USA,820712
3805060,116,231,8690,2014,0.0,1235017.0,-0.487058,0.307288,KEN,USA,820712
3805061,117,231,8690,2014,0.0,724207.0,-0.31942600000000004,-0.012454,KGZ,USA,820712
3805062,118,231,8690,2014,0.0,4114.0,-0.84072,-0.8307040000000001,KHM,USA,820712
3805063,120,231,8690,2014,0.0,1879.0,0.9888950000000001,-0.28283800000000003,KNA,USA,820712
3805064,121,231,8690,2014,4518089.0,1107702.0,1.817145,0.8394530000000001,KOR,USA,820712
3805065,122,231,8690,2014,125656.0,10866423.0,-0.769616,-1.10667,KWT,USA,820712
3805066,123,231,8690,2014,6736.0,126798.0,-1.054294,-0.869916,LAO,USA,820712
3805067,124,231,8690,2014,0.0,7421.0,0.308677,1.7564490000000001,LBN,USA,820712
3805068,125,231,8690,2014,0.0,28500.0,-1.016828,-1.107983,LBR,USA,820712
3805069,126,231,8690,2014,0.0,632687.0,-1.5943829999999999,-1.189961,LBY,USA,820712
3805070,128,231,8690,2014,0.0,4131523.0,-0.49366899999999997,0.338686,LKA,USA,820712
3805071,130,231,8690,2014,184751.0,64923.0,0.764495,1.3451540000000002,LTU,USA,820712
3805072,131,231,8690,2014,3559.0,758.0,1.243845,1.155474,LUX,USA,820712
3805073,133,231,8690,2014,0.0,2200.0,0.704535,0.5856140000000001,MAC,USA,820712
3805074,134,231,8690,2014,0.0,823363.0,-0.574034,0.065788,MAR,USA,820712
3805075,135,231,8690,2014,0.0,12756.0,-0.10438199999999999,-0.093194,MDA,USA,820712
3805076,136,231,8690,2014,0.0,3739.0,-1.002122,-0.44446,MDG,USA,820712
3805077,138,231,8690,2014,45586340.0,99928088.0,1.0799729999999998,0.697554,MEX,USA,820712
3805078,140,231,8690,2014,0.0,3174.0,-0.039799,-0.05545,MKD,USA,820712
3805079,141,231,8690,2014,0.0,218317.0,-1.199063,-1.05497,MLI,USA,820712
3805080,142,231,8690,2014,63393.0,344121.0,0.817013,0.0016309999999999999,MLT,USA,820712
3805081,143,231,8690,2014,0.0,210821.0,-1.5332459999999999,-1.145973,MMR,USA,820712
3805082,145,231,8690,2014,0.0,49178.0,-1.425524,-1.161949,MNG,USA,820712
3805083,147,231,8690,2014,59083.0,2868397.0,-1.1993610000000001,-1.040181,MOZ,USA,820712
3805084,148,231,8690,2014,0.0,235249.0,-1.458551,-1.225373,MRT,USA,820712
3805085,151,231,8690,2014,3072.0,0.0,-0.029891,-0.12431099999999999,MUS,USA,820712
3805086,152,231,8690,2014,0.0,16153.0,-0.494204,-0.751903,MWI,USA,820712
3805087,153,231,8690,2014,111615.0,3191955.0,1.018138,0.774649,MYS,USA,820712
3805088,155,231,8690,2014,425810.0,392050.0,-0.428227,-0.5632229999999999,NAM,USA,820712
3805089,156,231,8690,2014,0.0,17101.0,-0.509789,-0.767484,NCL,USA,820712
3805090,157,231,8690,2014,0.0,8676.0,-0.7187,-0.80918,NER,USA,820712
3805091,159,231,8690,2014,0.0,6592777.0,-1.2126430000000001,-1.059697,NGA,USA,820712
3805092,160,231,8690,2014,1707.0,167123.0,-0.938269,-0.839066,NIC,USA,820712
3805093,162,231,8690,2014,60092.0,8980475.0,1.179325,1.355071,NLD,USA,820712
3805094,163,231,8690,2014,98160.0,22399214.0,0.9187049999999999,0.182685,NOR,USA,820712
3805095,166,231,8690,2014,41876.0,1628244.0,0.272502,0.21628699999999998,NZL,USA,820712
3805096,167,231,8690,2014,9934.0,26857038.0,-0.505129,-1.0051370000000002,OMN,USA,820712
3805097,168,231,8690,2014,6894.0,3180739.0,-0.672924,0.566787,PAK,USA,820712
3805098,169,231,8690,2014,0.0,643096.0,0.771742,0.9873190000000001,PAN,USA,820712
3805099,173,231,8690,2014,69355.0,10749039.0,-0.557833,0.611826,PER,USA,820712
3805100,174,231,8690,2014,0.0,832107.0,0.637442,0.475883,PHL,USA,820712
3805101,176,231,8690,2014,0.0,609902.0,-1.564904,-1.146255,PNG,USA,820712
3805102,177,231,8690,2014,341364.0,1777560.0,1.133102,1.177165,POL,USA,820712
3805103,179,231,8690,2014,177158.0,107641.0,0.621053,2.349644,PRT,USA,820712
3805104,180,231,8690,2014,0.0,932386.0,-0.608509,-0.930679,PRY,USA,820712
3805105,183,231,8690,2014,0.0,3755378.0,-0.37535599999999997,-1.0196370000000001,QAT,USA,820712
3805106,185,231,8690,2014,123902.0,4509709.0,0.9112,1.188161,ROU,USA,820712
3805107,186,231,8690,2014,4081326.0,30524802.0,0.229422,-0.214856,RUS,USA,820712
3805108,188,231,8690,2014,324907.0,36305084.0,0.5758439999999999,-0.832692,SAU,USA,820712
3805109,191,231,8690,2014,0.0,589818.0,-0.502607,-0.08866,SEN,USA,820712
3805110,192,231,8690,2014,11119657.0,35142528.0,1.867492,0.626736,SGP,USA,820712
3805111,196,231,8690,2014,0.0,9731.0,-0.9228569999999999,-0.791482,SLE,USA,820712
3805112,197,231,8690,2014,0.0,51902.0,0.08653999999999999,0.29088600000000003,SLV,USA,820712
3805113,201,231,8690,2014,0.0,30099.0,0.551635,1.211535,SRB,USA,820712
3805114,205,231,8690,2014,1291.0,69824.0,-0.6333989999999999,-0.857643,SUR,USA,820712
3805115,206,231,8690,2014,62713.0,3663.0,1.334959,0.821253,SVK,USA,820712
3805116,207,231,8690,2014,11473.0,26773.0,1.6558669999999998,0.6814399999999999,SVN,USA,820712
3805117,208,231,8690,2014,3171290.0,7017791.0,1.817752,0.558474,SWE,USA,820712
3805118,209,231,8690,2014,6818.0,0.0,0.22972199999999998,-0.365564,SWZ,USA,820712
3805119,210,231,8690,2014,0.0,4600.0,0.6489020000000001,-0.646605,SXM,USA,820712
3805120,214,231,8690,2014,0.0,1555693.0,-2.012048,-0.921558,TCD,USA,820712
3805121,215,231,8690,2014,0.0,124811.0,-0.524103,-0.537643,TGO,USA,820712
3805122,216,231,8690,2014,2504538.0,7441782.0,0.977094,1.41283,THA,USA,820712
3805123,219,231,8690,2014,0.0,1693543.0,-1.217897,-1.184131,TKM,USA,820712
3805124,222,231,8690,2014,80680.0,2068719.0,-0.57362,-1.117545,TTO,USA,820712
3805125,223,231,8690,2014,212207.0,674937.0,0.343449,1.118007,TUN,USA,820712
3805126,224,231,8690,2014,448591.0,8063706.0,0.554761,2.385693,TUR,USA,820712
3805127,226,231,8690,2014,0.0,1886136.0,-1.054331,0.166345,TZA,USA,820712
3805128,227,231,8690,2014,0.0,29150.0,-0.46911800000000003,0.25446599999999997,UGA,USA,820712
3805129,228,231,8690,2014,372280.0,1194687.0,0.566535,0.832267,UKR,USA,820712
3805130,230,231,8690,2014,0.0,167278.0,0.154034,-0.380899,URY,USA,820712
3805131,236,231,8690,2014,39052.0,29823668.0,-0.582086,-1.081727,VEN,USA,820712
3805132,237,231,8690,2014,0.0,66063.0,0.484282,-0.082974,VGB,USA,820712
3805133,239,231,8690,2014,40425.0,6666694.0,-0.023765,1.344416,VNM,USA,820712
3805134,243,231,8690,2014,0.0,60295.0,-1.2829190000000001,-1.227373,YEM,USA,820712
3805135,246,231,8690,2014,2135138.0,12603336.0,0.282927,1.723214,ZAF,USA,820712
3805136,247,231,8690,2014,1810.0,225469.0,-0.664089,-0.793452,ZMB,USA,820712
3805137,248,231,8690,2014,0.0,124462.0,-0.821369,-0.864232,ZWE,USA,820712
3805138,249,231,8690,2014,459575.0,754355.0,1.9044189999999999,1.0595139999999998,TWN,USA,820712
3805139,8,236,8690,2014,1992.0,34042.0,0.10691500000000001,0.44860600000000006,ARG,VEN,820712
3805140,18,236,8690,2014,1024957.0,0.0,1.234156,1.226441,BEL,VEN,820712
3805141,32,236,8690,2014,97776.0,0.0,0.218223,0.556921,BRA,VEN,820712
3805142,39,236,8690,2014,26455.0,0.0,0.671395,1.024683,CAN,VEN,820712
3805143,43,236,8690,2014,103427.0,0.0,1.187557,1.222085,CHN,VEN,820712
3805144,49,236,8690,2014,124324.0,71504.0,0.19864500000000002,-0.378364,COL,VEN,820712
3805145,61,236,8690,2014,541137.0,0.0,2.052849,-2.888805,DEU,VEN,820712
3805146,74,236,8690,2014,13045.0,0.0,1.626355,1.002923,FIN,VEN,820712
3805147,81,236,8690,2014,879683.0,0.0,1.697964,0.585372,GBR,VEN,820712
3805148,103,236,8690,2014,31021.0,0.0,-0.088032,1.3966459999999998,IDN,VEN,820712
3805149,111,236,8690,2014,1537826.0,0.0,1.340136,0.43931099999999995,ITA,VEN,820712
3805150,121,236,8690,2014,9113.0,0.0,1.817145,0.8394530000000001,KOR,VEN,820712
3805151,159,236,8690,2014,0.0,4796.0,-1.2126430000000001,-1.059697,NGA,VEN,820712
3805152,162,236,8690,2014,249816.0,0.0,1.179325,1.355071,NLD,VEN,820712
3805153,169,236,8690,2014,331603.0,0.0,0.771742,0.9873190000000001,PAN,VEN,820712
3805154,173,236,8690,2014,8226.0,0.0,-0.557833,0.611826,PER,VEN,820712
3805155,179,236,8690,2014,4956.0,0.0,0.621053,2.349644,PRT,VEN,820712
3805156,185,236,8690,2014,0.0,3729.0,0.9112,1.188161,ROU,VEN,820712
3805157,192,236,8690,2014,112631.0,0.0,1.867492,0.626736,SGP,VEN,820712
3805158,216,236,8690,2014,0.0,1477.0,0.977094,1.41283,THA,VEN,820712
3805159,224,236,8690,2014,0.0,17342.0,0.554761,2.385693,TUR,VEN,820712
3805160,231,236,8690,2014,29823668.0,39052.0,1.61227,0.068905,USA,VEN,820712
3805161,0,243,8690,2014,667256.0,0.0,0.779539,-0.32255700000000004,ABW,YEM,820712
3805162,7,243,8690,2014,753658.0,16137.0,0.087775,-0.289459,ARE,YEM,820712
3805163,43,243,8690,2014,364024.0,141271.0,1.187557,1.222085,CHN,YEM,820712
3805164,77,243,8690,2014,2431.0,0.0,1.4817790000000002,0.30995,FRA,YEM,820712
3805165,81,243,8690,2014,3162.0,0.0,1.697964,0.585372,GBR,YEM,820712
3805166,97,243,8690,2014,0.0,33083.0,0.812132,1.722493,HKG,YEM,820712
3805167,103,243,8690,2014,0.0,16255.0,-0.088032,1.3966459999999998,IDN,YEM,820712
3805168,106,243,8690,2014,3827.0,0.0,1.2658399999999999,0.278546,IRL,YEM,820712
3805169,121,243,8690,2014,307331.0,0.0,1.817145,0.8394530000000001,KOR,YEM,820712
3805170,128,243,8690,2014,1625.0,0.0,-0.49366899999999997,0.338686,LKA,YEM,820712
3805171,192,243,8690,2014,1255915.0,0.0,1.867492,0.626736,SGP,YEM,820712
3805172,224,243,8690,2014,2151.0,0.0,0.554761,2.385693,TUR,YEM,820712
3805173,231,243,8690,2014,60295.0,0.0,1.61227,0.068905,USA,YEM,820712
3805174,250,243,8690,2014,945704.0,0.0,0.506842,0.049545,ANS,YEM,820712
3805175,2,246,8690,2014,16576.0,109857.0,-1.8184900000000002,-1.149191,AGO,ZAF,820712
3805176,7,246,8690,2014,80252.0,3375710.0,0.087775,-0.289459,ARE,ZAF,820712
3805177,8,246,8690,2014,5750.0,63610.0,0.10691500000000001,0.44860600000000006,ARG,ZAF,820712
3805178,14,246,8690,2014,919620.0,344502.0,-0.398273,-0.17128,AUS,ZAF,820712
3805179,15,246,8690,2014,290030.0,69093.0,1.7116790000000002,-0.140232,AUT,ZAF,820712
3805180,18,246,8690,2014,155312.0,20902.0,1.234156,1.226441,BEL,ZAF,820712
3805181,21,246,8690,2014,320.0,22668.0,-0.922401,-0.9554379999999999,BFA,ZAF,820712
3805182,31,246,8690,2014,0.0,83533.0,-1.129494,-1.030198,BOL,ZAF,820712
3805183,32,246,8690,2014,16288.0,205179.0,0.218223,0.556921,BRA,ZAF,820712
3805184,37,246,8690,2014,7217.0,1297805.0,-0.60221,-1.104578,BWA,ZAF,820712
3805185,39,246,8690,2014,4809211.0,77599.0,0.671395,1.024683,CAN,ZAF,820712
3805186,41,246,8690,2014,2511.0,5155.0,2.2000919999999997,0.65398,CHE,ZAF,820712
3805187,42,246,8690,2014,676586.0,74328.0,-0.344671,-0.43380799999999997,CHL,ZAF,820712
3805188,43,246,8690,2014,10672150.0,665019.0,1.187557,1.222085,CHN,ZAF,820712
3805189,44,246,8690,2014,8048.0,118894.0,-0.737625,-0.768728,CIV,ZAF,820712
3805190,45,246,8690,2014,3151.0,18257.0,-0.6723520000000001,-0.945084,CMR,ZAF,820712
3805191,46,246,8690,2014,0.0,1168669.0,-1.6680240000000002,-1.1265129999999999,COD,ZAF,820712
3805192,47,246,8690,2014,0.0,48776.0,-1.371624,-1.12468,COG,ZAF,820712
3805193,49,246,8690,2014,1186.0,0.0,0.19864500000000002,-0.378364,COL,ZAF,820712
3805194,61,246,8690,2014,548752.0,354629.0,2.052849,-2.888805,DEU,ZAF,820712
3805195,66,246,8690,2014,0.0,9147.0,-1.5554649999999999,-1.1657030000000002,DZA,ZAF,820712
3805196,67,246,8690,2014,0.0,574555.0,-1.066865,-1.052921,ECU,ZAF,820712
3805197,68,246,8690,2014,0.0,51393.0,-0.086866,1.7419669999999998,EGY,ZAF,820712
3805198,71,246,8690,2014,46882.0,121913.0,0.842147,2.45692,ESP,ZAF,820712
3805199,73,246,8690,2014,803.0,141526.0,-1.296535,-1.045942,ETH,ZAF,820712
3805200,74,246,8690,2014,137632.0,8358.0,1.626355,1.002923,FIN,ZAF,820712
3805201,77,246,8690,2014,83075.0,366575.0,1.4817790000000002,0.30995,FRA,ZAF,820712
3805202,80,246,8690,2014,0.0,6682.0,-1.625474,-1.135973,GAB,ZAF,820712
3805203,81,246,8690,2014,156652.0,154836.0,1.697964,0.585372,GBR,ZAF,820712
3805204,82,246,8690,2014,0.0,7072.0,-0.254106,-0.646584,GEO,ZAF,820712
3805205,83,246,8690,2014,91000.0,140594.0,-1.130226,-0.9909379999999999,GHA,ZAF,820712
3805206,89,246,8690,2014,0.0,15684.0,-2.043516,-0.844701,GNQ,ZAF,820712
3805207,97,246,8690,2014,3046.0,0.0,0.812132,1.722493,HKG,ZAF,820712
3805208,99,246,8690,2014,0.0,4754.0,-0.467004,0.045511,HND,ZAF,820712
3805209,100,246,8690,2014,19777.0,0.0,0.804401,1.250807,HRV,ZAF,820712
3805210,103,246,8690,2014,6450.0,5691.0,-0.088032,1.3966459999999998,IDN,ZAF,820712
3805211,104,246,8690,2014,9875830.0,37402.0,0.262042,2.6305080000000003,IND,ZAF,820712
3805212,106,246,8690,2014,766843.0,12892890.0,1.2658399999999999,0.278546,IRL,ZAF,820712
3805213,107,246,8690,2014,0.0,41309.0,-0.361058,-0.312743,IRN,ZAF,820712
3805214,108,246,8690,2014,0.0,625.0,-2.9169,-0.882023,IRQ,ZAF,820712
3805215,110,246,8690,2014,14877.0,0.0,1.211141,0.64523,ISR,ZAF,820712
3805216,111,246,8690,2014,103530.0,6632.0,1.340136,0.43931099999999995,ITA,ZAF,820712
3805217,114,246,8690,2014,28214.0,28972.0,2.403165,-0.635024,JPN,ZAF,820712
3805218,115,246,8690,2014,0.0,7404.0,-0.210431,-0.574075,KAZ,ZAF,820712
3805219,116,246,8690,2014,674808.0,267959.0,-0.487058,0.307288,KEN,ZAF,820712
3805220,121,246,8690,2014,1863823.0,166542.0,1.817145,0.8394530000000001,KOR,ZAF,820712
3805221,129,246,8690,2014,3353.0,79636.0,-0.59647,-0.58713,LSO,ZAF,820712
3805222,134,246,8690,2014,0.0,6234.0,-0.574034,0.065788,MAR,ZAF,820712
3805223,136,246,8690,2014,0.0,63915.0,-1.002122,-0.44446,MDG,ZAF,820712
3805224,138,246,8690,2014,44985.0,91044.0,1.0799729999999998,0.697554,MEX,ZAF,820712
3805225,140,246,8690,2014,0.0,445.0,-0.039799,-0.05545,MKD,ZAF,820712
3805226,141,246,8690,2014,0.0,8646.0,-1.199063,-1.05497,MLI,ZAF,820712
3805227,147,246,8690,2014,2446.0,542888.0,-1.1993610000000001,-1.040181,MOZ,ZAF,820712
3805228,148,246,8690,2014,0.0,27508.0,-1.458551,-1.225373,MRT,ZAF,820712
3805229,151,246,8690,2014,0.0,30834.0,-0.029891,-0.12431099999999999,MUS,ZAF,820712
3805230,152,246,8690,2014,145689.0,75962.0,-0.494204,-0.751903,MWI,ZAF,820712
3805231,153,246,8690,2014,4588.0,0.0,1.018138,0.774649,MYS,ZAF,820712
3805232,155,246,8690,2014,103623.0,2089844.0,-0.428227,-0.5632229999999999,NAM,ZAF,820712
3805233,159,246,8690,2014,0.0,2448.0,-1.2126430000000001,-1.059697,NGA,ZAF,820712
3805234,162,246,8690,2014,0.0,35568.0,1.179325,1.355071,NLD,ZAF,820712
3805235,163,246,8690,2014,6244.0,6778.0,0.9187049999999999,0.182685,NOR,ZAF,820712
3805236,166,246,8690,2014,0.0,8286.0,0.272502,0.21628699999999998,NZL,ZAF,820712
3805237,168,246,8690,2014,0.0,43557.0,-0.672924,0.566787,PAK,ZAF,820712
3805238,173,246,8690,2014,22462.0,212763.0,-0.557833,0.611826,PER,ZAF,820712
3805239,176,246,8690,2014,0.0,1917.0,-1.564904,-1.146255,PNG,ZAF,820712
3805240,177,246,8690,2014,85484.0,3893.0,1.133102,1.177165,POL,ZAF,820712
3805241,179,246,8690,2014,27199.0,1652.0,0.621053,2.349644,PRT,ZAF,820712
3805242,183,246,8690,2014,0.0,14100.0,-0.37535599999999997,-1.0196370000000001,QAT,ZAF,820712
3805243,185,246,8690,2014,16037.0,20795.0,0.9112,1.188161,ROU,ZAF,820712
3805244,186,246,8690,2014,417587.0,98240.0,0.229422,-0.214856,RUS,ZAF,820712
3805245,187,246,8690,2014,0.0,7882.0,-0.5692659999999999,-0.447859,RWA,ZAF,820712
3805246,188,246,8690,2014,106081.0,2107986.0,0.5758439999999999,-0.832692,SAU,ZAF,820712
3805247,191,246,8690,2014,0.0,4248.0,-0.502607,-0.08866,SEN,ZAF,820712
3805248,192,246,8690,2014,25462.0,86127.0,1.867492,0.626736,SGP,ZAF,820712
3805249,196,246,8690,2014,0.0,92969.0,-0.9228569999999999,-0.791482,SLE,ZAF,820712
3805250,197,246,8690,2014,0.0,1031.0,0.08653999999999999,0.29088600000000003,SLV,ZAF,820712
3805251,201,246,8690,2014,0.0,337.0,0.551635,1.211535,SRB,ZAF,820712
3805252,208,246,8690,2014,373567.0,14329.0,1.817752,0.558474,SWE,ZAF,820712
3805253,209,246,8690,2014,5265.0,92580.0,0.22972199999999998,-0.365564,SWZ,ZAF,820712
3805254,211,246,8690,2014,0.0,2694.0,0.358111,-0.484879,SYC,ZAF,820712
3805255,214,246,8690,2014,0.0,4780.0,-2.012048,-0.921558,TCD,ZAF,820712
3805256,216,246,8690,2014,0.0,1582.0,0.977094,1.41283,THA,ZAF,820712
3805257,223,246,8690,2014,87191.0,0.0,0.343449,1.118007,TUN,ZAF,820712
3805258,224,246,8690,2014,61099.0,0.0,0.554761,2.385693,TUR,ZAF,820712
3805259,226,246,8690,2014,13673.0,250539.0,-1.054331,0.166345,TZA,ZAF,820712
3805260,228,246,8690,2014,0.0,70986.0,0.566535,0.832267,UKR,ZAF,820712
3805261,231,246,8690,2014,12603336.0,2135138.0,1.61227,0.068905,USA,ZAF,820712
3805262,239,246,8690,2014,0.0,16027.0,-0.023765,1.344416,VNM,ZAF,820712
3805263,247,246,8690,2014,116588.0,905179.0,-0.664089,-0.793452,ZMB,ZAF,820712
3805264,248,246,8690,2014,7763.0,1743923.0,-0.821369,-0.864232,ZWE,ZAF,820712
3805265,249,246,8690,2014,9600.0,0.0,1.9044189999999999,1.0595139999999998,TWN,ZAF,820712
3805266,250,246,8690,2014,25101.0,24386.0,0.506842,0.049545,ANS,ZAF,820712
3805267,7,249,8690,2014,0.0,13975.0,0.087775,-0.289459,ARE,TWN,820712
3805268,14,249,8690,2014,14858.0,18761.0,-0.398273,-0.17128,AUS,TWN,820712
3805269,15,249,8690,2014,13020.0,0.0,1.7116790000000002,-0.140232,AUT,TWN,820712
3805270,18,249,8690,2014,2389.0,20364.0,1.234156,1.226441,BEL,TWN,820712
3805271,23,249,8690,2014,0.0,4267.0,0.579058,1.6558110000000001,BGR,TWN,820712
3805272,26,249,8690,2014,0.0,1396.0,0.5083300000000001,0.711704,BIH,TWN,820712
3805273,32,249,8690,2014,0.0,69671.0,0.218223,0.556921,BRA,TWN,820712
3805274,34,249,8690,2014,0.0,5751.0,0.191357,-0.683567,BRN,TWN,820712
3805275,39,249,8690,2014,0.0,40328.0,0.671395,1.024683,CAN,TWN,820712
3805276,41,249,8690,2014,0.0,1948.0,2.2000919999999997,0.65398,CHE,TWN,820712
3805277,42,249,8690,2014,0.0,6281.0,-0.344671,-0.43380799999999997,CHL,TWN,820712
3805278,43,249,8690,2014,1653408.0,224409.0,1.187557,1.222085,CHN,TWN,820712
3805279,49,249,8690,2014,0.0,19005.0,0.19864500000000002,-0.378364,COL,TWN,820712
3805280,59,249,8690,2014,6824.0,9498.0,1.8105830000000003,0.131131,CZE,TWN,820712
3805281,61,249,8690,2014,2573.0,124494.0,2.052849,-2.888805,DEU,TWN,820712
3805282,64,249,8690,2014,0.0,9828.0,1.10869,1.245193,DNK,TWN,820712
3805283,66,249,8690,2014,0.0,84904.0,-1.5554649999999999,-1.1657030000000002,DZA,TWN,820712
3805284,67,249,8690,2014,0.0,76785.0,-1.066865,-1.052921,ECU,TWN,820712
3805285,68,249,8690,2014,0.0,31331.0,-0.086866,1.7419669999999998,EGY,TWN,820712
3805286,71,249,8690,2014,0.0,24288.0,0.842147,2.45692,ESP,TWN,820712
3805287,74,249,8690,2014,4416.0,0.0,1.626355,1.002923,FIN,TWN,820712
3805288,77,249,8690,2014,0.0,91606.0,1.4817790000000002,0.30995,FRA,TWN,820712
3805289,81,249,8690,2014,42680.0,44359.0,1.697964,0.585372,GBR,TWN,820712
3805290,90,249,8690,2014,0.0,2470.0,0.149337,0.8560540000000001,GRC,TWN,820712
3805291,97,249,8690,2014,0.0,14611.0,0.812132,1.722493,HKG,TWN,820712
3805292,103,249,8690,2014,0.0,68938.0,-0.088032,1.3966459999999998,IDN,TWN,820712
3805293,104,249,8690,2014,1386.0,25525.0,0.262042,2.6305080000000003,IND,TWN,820712
3805294,106,249,8690,2014,48335.0,0.0,1.2658399999999999,0.278546,IRL,TWN,820712
3805295,107,249,8690,2014,0.0,3896.0,-0.361058,-0.312743,IRN,TWN,820712
3805296,111,249,8690,2014,72219.0,118867.0,1.340136,0.43931099999999995,ITA,TWN,820712
3805297,114,249,8690,2014,1300596.0,131653.0,2.403165,-0.635024,JPN,TWN,820712
3805298,121,249,8690,2014,358327.0,248438.0,1.817145,0.8394530000000001,KOR,TWN,820712
3805299,122,249,8690,2014,0.0,1104.0,-0.769616,-1.10667,KWT,TWN,820712
3805300,128,249,8690,2014,0.0,10905.0,-0.49366899999999997,0.338686,LKA,TWN,820712
3805301,133,249,8690,2014,0.0,11189.0,0.704535,0.5856140000000001,MAC,TWN,820712
3805302,138,249,8690,2014,0.0,42402.0,1.0799729999999998,0.697554,MEX,TWN,820712
3805303,140,249,8690,2014,0.0,1451.0,-0.039799,-0.05545,MKD,TWN,820712
3805304,143,249,8690,2014,0.0,24838.0,-1.5332459999999999,-1.145973,MMR,TWN,820712
3805305,153,249,8690,2014,0.0,99503.0,1.018138,0.774649,MYS,TWN,820712
3805306,160,249,8690,2014,0.0,1181.0,-0.938269,-0.839066,NIC,TWN,820712
3805307,162,249,8690,2014,0.0,41101.0,1.179325,1.355071,NLD,TWN,820712
3805308,163,249,8690,2014,0.0,11475.0,0.9187049999999999,0.182685,NOR,TWN,820712
3805309,166,249,8690,2014,0.0,287256.0,0.272502,0.21628699999999998,NZL,TWN,820712
3805310,168,249,8690,2014,0.0,10480.0,-0.672924,0.566787,PAK,TWN,820712
3805311,173,249,8690,2014,0.0,37915.0,-0.557833,0.611826,PER,TWN,820712
3805312,174,249,8690,2014,274432.0,1864.0,0.637442,0.475883,PHL,TWN,820712
3805313,177,249,8690,2014,0.0,17103.0,1.133102,1.177165,POL,TWN,820712
3805314,179,249,8690,2014,777.0,41796.0,0.621053,2.349644,PRT,TWN,820712
3805315,183,249,8690,2014,0.0,12673.0,-0.37535599999999997,-1.0196370000000001,QAT,TWN,820712
3805316,186,249,8690,2014,0.0,14069.0,0.229422,-0.214856,RUS,TWN,820712
3805317,188,249,8690,2014,0.0,93559.0,0.5758439999999999,-0.832692,SAU,TWN,820712
3805318,192,249,8690,2014,234446.0,33339.0,1.867492,0.626736,SGP,TWN,820712
3805319,208,249,8690,2014,311012.0,38277.0,1.817752,0.558474,SWE,TWN,820712
3805320,216,249,8690,2014,8197.0,487456.0,0.977094,1.41283,THA,TWN,820712
3805321,224,249,8690,2014,1164.0,22664.0,0.554761,2.385693,TUR,TWN,820712
3805322,231,249,8690,2014,754355.0,459575.0,1.61227,0.068905,USA,TWN,820712
3805323,239,249,8690,2014,17801.0,31492.0,-0.023765,1.344416,VNM,TWN,820712
3805324,246,249,8690,2014,0.0,9600.0,0.282927,1.723214,ZAF,TWN,820712
3805325,250,249,8690,2014,19366.0,0.0,0.506842,0.049545,ANS,TWN,820712
3805326,0,250,8690,2014,0.0,1603.0,0.779539,-0.32255700000000004,ABW,ANS,820712
3805327,7,250,8690,2014,235086.0,0.0,0.087775,-0.289459,ARE,ANS,820712
3805328,14,250,8690,2014,2178782.0,0.0,-0.398273,-0.17128,AUS,ANS,820712
3805329,25,250,8690,2014,0.0,3023.0,0.314465,-0.60458,BHS,ANS,820712
3805330,34,250,8690,2014,68359.0,0.0,0.191357,-0.683567,BRN,ANS,820712
3805331,42,250,8690,2014,11577.0,176483.0,-0.344671,-0.43380799999999997,CHL,ANS,820712
3805332,44,250,8690,2014,0.0,42771.0,-0.737625,-0.768728,CIV,ANS,820712
3805333,47,250,8690,2014,0.0,31562.0,-1.371624,-1.12468,COG,ANS,820712
3805334,59,250,8690,2014,0.0,9283.0,1.8105830000000003,0.131131,CZE,ANS,820712
3805335,71,250,8690,2014,273882.0,17813.0,0.842147,2.45692,ESP,ANS,820712
3805336,72,250,8690,2014,0.0,22001.0,0.9147780000000001,1.151556,EST,ANS,820712
3805337,73,250,8690,2014,0.0,160785.0,-1.296535,-1.045942,ETH,ANS,820712
3805338,77,250,8690,2014,0.0,95572.0,1.4817790000000002,0.30995,FRA,ANS,820712
3805339,106,250,8690,2014,37669.0,306624.0,1.2658399999999999,0.278546,IRL,ANS,820712
3805340,107,250,8690,2014,0.0,1401054.0,-0.361058,-0.312743,IRN,ANS,820712
3805341,111,250,8690,2014,0.0,13235.0,1.340136,0.43931099999999995,ITA,ANS,820712
3805342,113,250,8690,2014,2043954.0,114872.0,0.210208,0.48732299999999995,JOR,ANS,820712
3805343,131,250,8690,2014,0.0,7194.0,1.243845,1.155474,LUX,ANS,820712
3805344,136,250,8690,2014,0.0,41932.0,-1.002122,-0.44446,MDG,ANS,820712
3805345,138,250,8690,2014,0.0,4870.0,1.0799729999999998,0.697554,MEX,ANS,820712
3805346,142,250,8690,2014,0.0,4395.0,0.817013,0.0016309999999999999,MLT,ANS,820712
3805347,162,250,8690,2014,133619.0,243457.0,1.179325,1.355071,NLD,ANS,820712
3805348,168,250,8690,2014,0.0,7185.0,-0.672924,0.566787,PAK,ANS,820712
3805349,169,250,8690,2014,6825.0,3834.0,0.771742,0.9873190000000001,PAN,ANS,820712
3805350,177,250,8690,2014,0.0,40735.0,1.133102,1.177165,POL,ANS,820712
3805351,206,250,8690,2014,0.0,153541.0,1.334959,0.821253,SVK,ANS,820712
3805352,223,250,8690,2014,0.0,559166.0,0.343449,1.118007,TUN,ANS,820712
3805353,224,250,8690,2014,135795.0,0.0,0.554761,2.385693,TUR,ANS,820712
3805354,239,250,8690,2014,0.0,11460.0,-0.023765,1.344416,VNM,ANS,820712
3805355,243,250,8690,2014,0.0,945704.0,-1.2829190000000001,-1.227373,YEM,ANS,820712
3805356,246,250,8690,2014,24386.0,25101.0,0.282927,1.723214,ZAF,ANS,820712
3805357,249,250,8690,2014,0.0,19366.0,1.9044189999999999,1.0595139999999998,TWN,ANS,820712
3805358,14,9,8690,2014,3197.0,0.0,-0.398273,-0.17128,AUS,ARM,820712
3805359,18,9,8690,2014,0.0,1712.0,1.234156,1.226441,BEL,ARM,820712
3805360,39,9,8690,2014,30698.0,8126.0,0.671395,1.024683,CAN,ARM,820712
3805361,43,9,8690,2014,2317.0,0.0,1.187557,1.222085,CHN,ARM,820712
3805362,61,9,8690,2014,17088.0,0.0,2.052849,-2.888805,DEU,ARM,820712
3805363,81,9,8690,2014,43772.0,0.0,1.697964,0.585372,GBR,ARM,820712
3805364,121,9,8690,2014,1148.0,0.0,1.817145,0.8394530000000001,KOR,ARM,820712
3805365,186,9,8690,2014,327520.0,0.0,0.229422,-0.214856,RUS,ARM,820712
3805366,208,9,8690,2014,9360.0,0.0,1.817752,0.558474,SWE,ARM,820712
3805367,231,9,8690,2014,9480.0,0.0,1.61227,0.068905,USA,ARM,820712
3805368,2,14,8690,2014,0.0,94043.0,-1.8184900000000002,-1.149191,AGO,AUS,820712
3805369,7,14,8690,2014,344733.0,2546113.0,0.087775,-0.289459,ARE,AUS,820712
3805370,8,14,8690,2014,25074.0,84224.0,0.10691500000000001,0.44860600000000006,ARG,AUS,820712
3805371,9,14,8690,2014,0.0,3197.0,-0.198322,-0.5918680000000001,ARM,AUS,820712
3805372,15,14,8690,2014,291777.0,11362.0,1.7116790000000002,-0.140232,AUT,AUS,820712
3805373,16,14,8690,2014,23623.0,1232068.0,-0.909508,-1.165158,AZE,AUS,820712
3805374,18,14,8690,2014,678390.0,87366.0,1.234156,1.226441,BEL,AUS,820712
3805375,19,14,8690,2014,0.0,50211.0,-0.342225,-0.618789,BEN,AUS,820712
3805376,21,14,8690,2014,0.0,125476.0,-0.922401,-0.9554379999999999,BFA,AUS,820712
3805377,22,14,8690,2014,0.0,10648.0,-1.0341879999999999,-0.9614870000000001,BGD,AUS,820712
3805378,23,14,8690,2014,0.0,6946.0,0.579058,1.6558110000000001,BGR,AUS,820712
3805379,24,14,8690,2014,0.0,44025.0,0.460168,-0.41671099999999994,BHR,AUS,820712
3805380,30,14,8690,2014,0.0,17525.0,1.217808,-0.16376300000000002,BMU,AUS,820712
3805381,31,14,8690,2014,22884.0,2639.0,-1.129494,-1.030198,BOL,AUS,820712
3805382,32,14,8690,2014,43009.0,252796.0,0.218223,0.556921,BRA,AUS,820712
3805383,34,14,8690,2014,25230.0,84986.0,0.191357,-0.683567,BRN,AUS,820712
3805384,39,14,8690,2014,7326553.0,782284.0,0.671395,1.024683,CAN,AUS,820712
3805385,41,14,8690,2014,8310.0,1685.0,2.2000919999999997,0.65398,CHE,AUS,820712
3805386,42,14,8690,2014,31282.0,506384.0,-0.344671,-0.43380799999999997,CHL,AUS,820712
3805387,43,14,8690,2014,28085900.0,368781.0,1.187557,1.222085,CHN,AUS,820712
3805388,44,14,8690,2014,0.0,23379.0,-0.737625,-0.768728,CIV,AUS,820712
3805389,45,14,8690,2014,8104.0,136214.0,-0.6723520000000001,-0.945084,CMR,AUS,820712
3805390,46,14,8690,2014,0.0,79870.0,-1.6680240000000002,-1.1265129999999999,COD,AUS,820712
3805391,47,14,8690,2014,5956.0,0.0,-1.371624,-1.12468,COG,AUS,820712
3805392,49,14,8690,2014,8301.0,107501.0,0.19864500000000002,-0.378364,COL,AUS,820712
3805393,52,14,8690,2014,0.0,1028.0,0.065938,-0.687971,CRI,AUS,820712
3805394,56,14,8690,2014,0.0,26050.0,0.738877,-0.520547,CXR,AUS,820712
3805395,61,14,8690,2014,1444443.0,498813.0,2.052849,-2.888805,DEU,AUS,820712
3805396,64,14,8690,2014,1853.0,0.0,1.10869,1.245193,DNK,AUS,820712
3805397,66,14,8690,2014,0.0,31904.0,-1.5554649999999999,-1.1657030000000002,DZA,AUS,820712
3805398,68,14,8690,2014,42219.0,170083.0,-0.086866,1.7419669999999998,EGY,AUS,820712
3805399,69,14,8690,2014,0.0,44549.0,-2.345215,-1.051413,ERI,AUS,820712
3805400,71,14,8690,2014,3956.0,0.0,0.842147,2.45692,ESP,AUS,820712
3805401,74,14,8690,2014,147412.0,72457.0,1.626355,1.002923,FIN,AUS,820712
3805402,75,14,8690,2014,32924.0,43408.0,-0.306346,-0.07688500000000001,FJI,AUS,820712
3805403,77,14,8690,2014,335801.0,65159.0,1.4817790000000002,0.30995,FRA,AUS,820712
3805404,81,14,8690,2014,4689950.0,384234.0,1.697964,0.585372,GBR,AUS,820712
3805405,82,14,8690,2014,0.0,8701.0,-0.254106,-0.646584,GEO,AUS,820712
3805406,83,14,8690,2014,0.0,924982.0,-1.130226,-0.9909379999999999,GHA,AUS,820712
3805407,85,14,8690,2014,0.0,689.0,-1.628409,-1.202473,GIN,AUS,820712
3805408,93,14,8690,2014,0.0,1828.0,-0.36547199999999996,0.548894,GTM,AUS,820712
3805409,96,14,8690,2014,0.0,495963.0,-1.068777,-1.038227,GUY,AUS,820712
3805410,97,14,8690,2014,54202.0,16924.0,0.812132,1.722493,HKG,AUS,820712
3805411,102,14,8690,2014,3043.0,0.0,1.477093,0.812869,HUN,AUS,820712
3805412,103,14,8690,2014,177247.0,584356.0,-0.088032,1.3966459999999998,IDN,AUS,820712
3805413,104,14,8690,2014,10417925.0,55151.0,0.262042,2.6305080000000003,IND,AUS,820712
3805414,106,14,8690,2014,172376.0,0.0,1.2658399999999999,0.278546,IRL,AUS,820712
3805415,108,14,8690,2014,0.0,7254.0,-2.9169,-0.882023,IRQ,AUS,820712
3805416,110,14,8690,2014,0.0,9775.0,1.211141,0.64523,ISR,AUS,820712
3805417,111,14,8690,2014,1827559.0,74991.0,1.340136,0.43931099999999995,ITA,AUS,820712
3805418,114,14,8690,2014,4492001.0,346176.0,2.403165,-0.635024,JPN,AUS,820712
3805419,115,14,8690,2014,15251.0,9791.0,-0.210431,-0.574075,KAZ,AUS,820712
3805420,116,14,8690,2014,0.0,133736.0,-0.487058,0.307288,KEN,AUS,820712
3805421,121,14,8690,2014,781234.0,125195.0,1.817145,0.8394530000000001,KOR,AUS,820712
3805422,122,14,8690,2014,0.0,23487.0,-0.769616,-1.10667,KWT,AUS,820712
3805423,123,14,8690,2014,0.0,22392.0,-1.054294,-0.869916,LAO,AUS,820712
3805424,125,14,8690,2014,0.0,8884.0,-1.016828,-1.107983,LBR,AUS,820712
3805425,126,14,8690,2014,0.0,7624.0,-1.5943829999999999,-1.189961,LBY,AUS,820712
3805426,128,14,8690,2014,0.0,11075.0,-0.49366899999999997,0.338686,LKA,AUS,820712
3805427,134,14,8690,2014,0.0,694.0,-0.574034,0.065788,MAR,AUS,820712
3805428,136,14,8690,2014,0.0,141766.0,-1.002122,-0.44446,MDG,AUS,820712
3805429,138,14,8690,2014,12481.0,274043.0,1.0799729999999998,0.697554,MEX,AUS,820712
3805430,143,14,8690,2014,0.0,248493.0,-1.5332459999999999,-1.145973,MMR,AUS,820712
3805431,145,14,8690,2014,938.0,12055.0,-1.425524,-1.161949,MNG,AUS,820712
3805432,147,14,8690,2014,0.0,85195.0,-1.1993610000000001,-1.040181,MOZ,AUS,820712
3805433,148,14,8690,2014,0.0,11500.0,-1.458551,-1.225373,MRT,AUS,820712
3805434,153,14,8690,2014,325665.0,552870.0,1.018138,0.774649,MYS,AUS,820712
3805435,156,14,8690,2014,0.0,74259.0,-0.509789,-0.767484,NCL,AUS,820712
3805436,162,14,8690,2014,228231.0,1018471.0,1.179325,1.355071,NLD,AUS,820712
3805437,163,14,8690,2014,76472.0,658949.0,0.9187049999999999,0.182685,NOR,AUS,820712
3805438,165,14,8690,2014,0.0,5972.0,1.215503,-0.37847,NRU,AUS,820712
3805439,166,14,8690,2014,175249.0,5630312.0,0.272502,0.21628699999999998,NZL,AUS,820712
3805440,167,14,8690,2014,12412.0,26301.0,-0.505129,-1.0051370000000002,OMN,AUS,820712
3805441,168,14,8690,2014,0.0,93402.0,-0.672924,0.566787,PAK,AUS,820712
3805442,173,14,8690,2014,68246.0,65717.0,-0.557833,0.611826,PER,AUS,820712
3805443,174,14,8690,2014,12483.0,281444.0,0.637442,0.475883,PHL,AUS,820712
3805444,176,14,8690,2014,54765.0,6648644.0,-1.564904,-1.146255,PNG,AUS,820712
3805445,177,14,8690,2014,329740.0,5295.0,1.133102,1.177165,POL,AUS,820712
3805446,179,14,8690,2014,2245.0,917408.0,0.621053,2.349644,PRT,AUS,820712
3805447,182,14,8690,2014,0.0,2860.0,0.008831,-0.6268279999999999,PYF,AUS,820712
3805448,183,14,8690,2014,0.0,43937.0,-0.37535599999999997,-1.0196370000000001,QAT,AUS,820712
3805449,185,14,8690,2014,18709.0,2326.0,0.9112,1.188161,ROU,AUS,820712
3805450,186,14,8690,2014,858877.0,156289.0,0.229422,-0.214856,RUS,AUS,820712
3805451,187,14,8690,2014,0.0,4781.0,-0.5692659999999999,-0.447859,RWA,AUS,820712
3805452,188,14,8690,2014,1417215.0,584437.0,0.5758439999999999,-0.832692,SAU,AUS,820712
3805453,190,14,8690,2014,0.0,9814.0,-1.442381,-1.1155030000000001,SDN,AUS,820712
3805454,191,14,8690,2014,0.0,8494.0,-0.502607,-0.08866,SEN,AUS,820712
3805455,192,14,8690,2014,1621108.0,2569216.0,1.867492,0.626736,SGP,AUS,820712
3805456,196,14,8690,2014,0.0,77325.0,-0.9228569999999999,-0.791482,SLE,AUS,820712
3805457,201,14,8690,2014,0.0,964.0,0.551635,1.211535,SRB,AUS,820712
3805458,208,14,8690,2014,974380.0,33085.0,1.817752,0.558474,SWE,AUS,820712
3805459,216,14,8690,2014,2491512.0,928854.0,0.977094,1.41283,THA,AUS,820712
3805460,220,14,8690,2014,0.0,5304.0,-1.365212,-0.896716,TLS,AUS,820712
3805461,222,14,8690,2014,0.0,18886.0,-0.57362,-1.117545,TTO,AUS,820712
3805462,223,14,8690,2014,0.0,33882.0,0.343449,1.118007,TUN,AUS,820712
3805463,224,14,8690,2014,155134.0,15640.0,0.554761,2.385693,TUR,AUS,820712
3805464,226,14,8690,2014,0.0,125588.0,-1.054331,0.166345,TZA,AUS,820712
3805465,227,14,8690,2014,3836.0,0.0,-0.46911800000000003,0.25446599999999997,UGA,AUS,820712
3805466,228,14,8690,2014,0.0,4460.0,0.566535,0.832267,UKR,AUS,820712
3805467,231,14,8690,2014,49242620.0,3020756.0,1.61227,0.068905,USA,AUS,820712
3805468,239,14,8690,2014,15504.0,846951.0,-0.023765,1.344416,VNM,AUS,820712
3805469,240,14,8690,2014,0.0,21219.0,-1.21245,-0.941493,VUT,AUS,820712
3805470,246,14,8690,2014,344502.0,919620.0,0.282927,1.723214,ZAF,AUS,820712
3805471,247,14,8690,2014,71.0,5825.0,-0.664089,-0.793452,ZMB,AUS,820712
3805472,249,14,8690,2014,18761.0,14858.0,1.9044189999999999,1.0595139999999998,TWN,AUS,820712
3805473,250,14,8690,2014,0.0,2178782.0,0.506842,0.049545,ANS,AUS,820712
3805474,2,16,8690,2014,0.0,9174.0,-1.8184900000000002,-1.149191,AGO,AZE,820712
3805475,7,16,8690,2014,170292.0,6310.0,0.087775,-0.289459,ARE,AZE,820712
3805476,14,16,8690,2014,1232068.0,23623.0,-0.398273,-0.17128,AUS,AZE,820712
3805477,15,16,8690,2014,7049.0,0.0,1.7116790000000002,-0.140232,AUT,AZE,820712
3805478,18,16,8690,2014,1077735.0,80078.0,1.234156,1.226441,BEL,AZE,820712
3805479,32,16,8690,2014,4178.0,0.0,0.218223,0.556921,BRA,AZE,820712
3805480,39,16,8690,2014,12640.0,0.0,0.671395,1.024683,CAN,AZE,820712
3805481,43,16,8690,2014,84489.0,0.0,1.187557,1.222085,CHN,AZE,820712
3805482,61,16,8690,2014,1155573.0,35557.0,2.052849,-2.888805,DEU,AZE,820712
3805483,68,16,8690,2014,0.0,1384.0,-0.086866,1.7419669999999998,EGY,AZE,820712
3805484,81,16,8690,2014,127771.0,190346.0,1.697964,0.585372,GBR,AZE,820712
3805485,82,16,8690,2014,0.0,900.0,-0.254106,-0.646584,GEO,AZE,820712
3805486,97,16,8690,2014,0.0,135320.0,0.812132,1.722493,HKG,AZE,820712
3805487,103,16,8690,2014,0.0,2651.0,-0.088032,1.3966459999999998,IDN,AZE,820712
3805488,107,16,8690,2014,0.0,3305.0,-0.361058,-0.312743,IRN,AZE,820712
3805489,111,16,8690,2014,13915.0,0.0,1.340136,0.43931099999999995,ITA,AZE,820712
3805490,115,16,8690,2014,232125.0,59558.0,-0.210431,-0.574075,KAZ,AZE,820712
3805491,121,16,8690,2014,6649.0,0.0,1.817145,0.8394530000000001,KOR,AZE,820712
3805492,122,16,8690,2014,20784.0,0.0,-0.769616,-1.10667,KWT,AZE,820712
3805493,126,16,8690,2014,3591.0,0.0,-1.5943829999999999,-1.189961,LBY,AZE,820712
3805494,162,16,8690,2014,12723.0,20682.0,1.179325,1.355071,NLD,AZE,820712
3805495,163,16,8690,2014,99235.0,0.0,0.9187049999999999,0.182685,NOR,AZE,820712
3805496,168,16,8690,2014,0.0,21036.0,-0.672924,0.566787,PAK,AZE,820712
3805497,169,16,8690,2014,3346.0,0.0,0.771742,0.9873190000000001,PAN,AZE,820712
3805498,183,16,8690,2014,0.0,18055.0,-0.37535599999999997,-1.0196370000000001,QAT,AZE,820712
3805499,185,16,8690,2014,23674.0,0.0,0.9112,1.188161,ROU,AZE,820712
3805500,186,16,8690,2014,489059.0,0.0,0.229422,-0.214856,RUS,AZE,820712
3805501,192,16,8690,2014,531368.0,12249.0,1.867492,0.626736,SGP,AZE,820712
3805502,208,16,8690,2014,903.0,0.0,1.817752,0.558474,SWE,AZE,820712
3805503,222,16,8690,2014,16075.0,0.0,-0.57362,-1.117545,TTO,AZE,820712
3805504,224,16,8690,2014,182046.0,3833.0,0.554761,2.385693,TUR,AZE,820712
3805505,228,16,8690,2014,1561037.0,0.0,0.566535,0.832267,UKR,AZE,820712
3805506,231,16,8690,2014,5047598.0,300484.0,1.61227,0.068905,USA,AZE,820712
3805507,14,19,8690,2014,50211.0,0.0,-0.398273,-0.17128,AUS,BEN,820712
3805508,18,19,8690,2014,5000.0,0.0,1.234156,1.226441,BEL,BEN,820712
3805509,39,19,8690,2014,4234.0,0.0,0.671395,1.024683,CAN,BEN,820712
3805510,43,19,8690,2014,386137.0,0.0,1.187557,1.222085,CHN,BEN,820712
3805511,44,19,8690,2014,33804.0,0.0,-0.737625,-0.768728,CIV,BEN,820712
3805512,45,19,8690,2014,33529.0,0.0,-0.6723520000000001,-0.945084,CMR,BEN,820712
3805513,61,19,8690,2014,21726.0,0.0,2.052849,-2.888805,DEU,BEN,820712
3805514,71,19,8690,2014,20237.0,0.0,0.842147,2.45692,ESP,BEN,820712
3805515,77,19,8690,2014,43320.0,0.0,1.4817790000000002,0.30995,FRA,BEN,820712
3805516,80,19,8690,2014,29966.0,30733.0,-1.625474,-1.135973,GAB,BEN,820712
3805517,81,19,8690,2014,9072.0,84.0,1.697964,0.585372,GBR,BEN,820712
3805518,83,19,8690,2014,630796.0,231241.0,-1.130226,-0.9909379999999999,GHA,BEN,820712
3805519,111,19,8690,2014,36366.0,0.0,1.340136,0.43931099999999995,ITA,BEN,820712
3805520,162,19,8690,2014,0.0,3088.0,1.179325,1.355071,NLD,BEN,820712
3805521,163,19,8690,2014,115177.0,0.0,0.9187049999999999,0.182685,NOR,BEN,820712
3805522,212,19,8690,2014,1196.0,0.0,-0.366224,0.9054719999999999,SYR,BEN,820712
3805523,215,19,8690,2014,1261.0,0.0,-0.524103,-0.537643,TGO,BEN,820712
3805524,223,19,8690,2014,79433.0,0.0,0.343449,1.118007,TUN,BEN,820712
3805525,226,19,8690,2014,1283810.0,0.0,-1.054331,0.166345,TZA,BEN,820712
3805526,231,19,8690,2014,374453.0,140401.0,1.61227,0.068905,USA,BEN,820712
3805527,14,23,8690,2014,6946.0,0.0,-0.398273,-0.17128,AUS,BGR,820712
3805528,15,23,8690,2014,133623.0,221487.0,1.7116790000000002,-0.140232,AUT,BGR,820712
3805529,18,23,8690,2014,21095.0,0.0,1.234156,1.226441,BEL,BGR,820712
3805530,26,23,8690,2014,0.0,2759.0,0.5083300000000001,0.711704,BIH,BGR,820712
3805531,39,23,8690,2014,73976.0,46848.0,0.671395,1.024683,CAN,BGR,820712
3805532,41,23,8690,2014,0.0,5877.0,2.2000919999999997,0.65398,CHE,BGR,820712
3805533,42,23,8690,2014,0.0,5731.0,-0.344671,-0.43380799999999997,CHL,BGR,820712
3805534,43,23,8690,2014,165101.0,0.0,1.187557,1.222085,CHN,BGR,820712
3805535,59,23,8690,2014,3819.0,0.0,1.8105830000000003,0.131131,CZE,BGR,820712
3805536,61,23,8690,2014,492544.0,23356.0,2.052849,-2.888805,DEU,BGR,820712
3805537,74,23,8690,2014,0.0,7613.0,1.626355,1.002923,FIN,BGR,820712
3805538,77,23,8690,2014,1384.0,20626.0,1.4817790000000002,0.30995,FRA,BGR,820712
3805539,81,23,8690,2014,6975.0,0.0,1.697964,0.585372,GBR,BGR,820712
3805540,90,23,8690,2014,131176.0,11502.0,0.149337,0.8560540000000001,GRC,BGR,820712
3805541,97,23,8690,2014,13093.0,0.0,0.812132,1.722493,HKG,BGR,820712
3805542,100,23,8690,2014,0.0,2390.0,0.804401,1.250807,HRV,BGR,820712
3805543,104,23,8690,2014,185230.0,0.0,0.262042,2.6305080000000003,IND,BGR,820712
3805544,110,23,8690,2014,0.0,854.0,1.211141,0.64523,ISR,BGR,820712
3805545,111,23,8690,2014,164389.0,1297.0,1.340136,0.43931099999999995,ITA,BGR,820712
3805546,113,23,8690,2014,0.0,5357.0,0.210208,0.48732299999999995,JOR,BGR,820712
3805547,132,23,8690,2014,0.0,11581.0,0.613116,1.1899790000000001,LVA,BGR,820712
3805548,140,23,8690,2014,2803.0,257796.0,-0.039799,-0.05545,MKD,BGR,820712
3805549,162,23,8690,2014,30183.0,0.0,1.179325,1.355071,NLD,BGR,820712
3805550,177,23,8690,2014,151954.0,0.0,1.133102,1.177165,POL,BGR,820712
3805551,179,23,8690,2014,49258.0,0.0,0.621053,2.349644,PRT,BGR,820712
3805552,185,23,8690,2014,82047.0,3274.0,0.9112,1.188161,ROU,BGR,820712
3805553,186,23,8690,2014,20414.0,1335.0,0.229422,-0.214856,RUS,BGR,820712
3805554,201,23,8690,2014,8086.0,13593.0,0.551635,1.211535,SRB,BGR,820712
3805555,208,23,8690,2014,8210.0,0.0,1.817752,0.558474,SWE,BGR,820712
3805556,224,23,8690,2014,93535.0,30372.0,0.554761,2.385693,TUR,BGR,820712
3805557,231,23,8690,2014,631953.0,18475.0,1.61227,0.068905,USA,BGR,820712
3805558,249,23,8690,2014,4267.0,0.0,1.9044189999999999,1.0595139999999998,TWN,BGR,820712
3805559,7,24,8690,2014,21855.0,1447879.0,0.087775,-0.289459,ARE,BHR,820712
3805560,14,24,8690,2014,44025.0,0.0,-0.398273,-0.17128,AUS,BHR,820712
3805561,15,24,8690,2014,55517.0,0.0,1.7116790000000002,-0.140232,AUT,BHR,820712
3805562,18,24,8690,2014,365971.0,0.0,1.234156,1.226441,BEL,BHR,820712
3805563,39,24,8690,2014,14691.0,0.0,0.671395,1.024683,CAN,BHR,820712
3805564,41,24,8690,2014,0.0,50403.0,2.2000919999999997,0.65398,CHE,BHR,820712
3805565,43,24,8690,2014,16753.0,0.0,1.187557,1.222085,CHN,BHR,820712
3805566,61,24,8690,2014,1724.0,0.0,2.052849,-2.888805,DEU,BHR,820712
3805567,68,24,8690,2014,0.0,100644.0,-0.086866,1.7419669999999998,EGY,BHR,820712
3805568,71,24,8690,2014,38334.0,0.0,0.842147,2.45692,ESP,BHR,820712
3805569,77,24,8690,2014,3757.0,0.0,1.4817790000000002,0.30995,FRA,BHR,820712
3805570,81,24,8690,2014,292276.0,0.0,1.697964,0.585372,GBR,BHR,820712
3805571,104,24,8690,2014,11392.0,0.0,0.262042,2.6305080000000003,IND,BHR,820712
3805572,111,24,8690,2014,318028.0,0.0,1.340136,0.43931099999999995,ITA,BHR,820712
3805573,114,24,8690,2014,9530.0,0.0,2.403165,-0.635024,JPN,BHR,820712
3805574,121,24,8690,2014,2154.0,0.0,1.817145,0.8394530000000001,KOR,BHR,820712
3805575,122,24,8690,2014,0.0,77597.0,-0.769616,-1.10667,KWT,BHR,820712
3805576,128,24,8690,2014,1382.0,0.0,-0.49366899999999997,0.338686,LKA,BHR,820712
3805577,162,24,8690,2014,5304.0,0.0,1.179325,1.355071,NLD,BHR,820712
3805578,167,24,8690,2014,0.0,37743.0,-0.505129,-1.0051370000000002,OMN,BHR,820712
3805579,183,24,8690,2014,0.0,22865.0,-0.37535599999999997,-1.0196370000000001,QAT,BHR,820712
3805580,188,24,8690,2014,693019.0,51333.0,0.5758439999999999,-0.832692,SAU,BHR,820712
3805581,192,24,8690,2014,73615.0,0.0,1.867492,0.626736,SGP,BHR,820712
3805582,231,24,8690,2014,816217.0,0.0,1.61227,0.068905,USA,BHR,820712
3805583,15,26,8690,2014,33269.0,1650.0,1.7116790000000002,-0.140232,AUT,BIH,820712
3805584,18,26,8690,2014,11634.0,0.0,1.234156,1.226441,BEL,BIH,820712
3805585,23,26,8690,2014,2759.0,0.0,0.579058,1.6558110000000001,BGR,BIH,820712
3805586,39,26,8690,2014,820.0,0.0,0.671395,1.024683,CAN,BIH,820712
3805587,41,26,8690,2014,10696.0,0.0,2.2000919999999997,0.65398,CHE,BIH,820712
3805588,43,26,8690,2014,23891.0,0.0,1.187557,1.222085,CHN,BIH,820712
3805589,49,26,8690,2014,0.0,4884.0,0.19864500000000002,-0.378364,COL,BIH,820712
3805590,59,26,8690,2014,1748.0,0.0,1.8105830000000003,0.131131,CZE,BIH,820712
3805591,61,26,8690,2014,106651.0,5742.0,2.052849,-2.888805,DEU,BIH,820712
3805592,64,26,8690,2014,0.0,3214.0,1.10869,1.245193,DNK,BIH,820712
3805593,71,26,8690,2014,1203.0,0.0,0.842147,2.45692,ESP,BIH,820712
3805594,77,26,8690,2014,27132.0,0.0,1.4817790000000002,0.30995,FRA,BIH,820712
3805595,100,26,8690,2014,13083.0,0.0,0.804401,1.250807,HRV,BIH,820712
3805596,104,26,8690,2014,1076.0,0.0,0.262042,2.6305080000000003,IND,BIH,820712
3805597,111,26,8690,2014,58618.0,0.0,1.340136,0.43931099999999995,ITA,BIH,820712
3805598,138,26,8690,2014,0.0,3012.0,1.0799729999999998,0.697554,MEX,BIH,820712
3805599,144,26,8690,2014,0.0,6051.0,-0.17039100000000001,-0.21762399999999998,MNE,BIH,820712
3805600,177,26,8690,2014,3063.0,0.0,1.133102,1.177165,POL,BIH,820712
3805601,201,26,8690,2014,77287.0,0.0,0.551635,1.211535,SRB,BIH,820712
3805602,206,26,8690,2014,1929.0,0.0,1.334959,0.821253,SVK,BIH,820712
3805603,207,26,8690,2014,131507.0,13498.0,1.6558669999999998,0.6814399999999999,SVN,BIH,820712
3805604,208,26,8690,2014,20367.0,0.0,1.817752,0.558474,SWE,BIH,820712
3805605,224,26,8690,2014,4662.0,0.0,0.554761,2.385693,TUR,BIH,820712
3805606,231,26,8690,2014,7846.0,0.0,1.61227,0.068905,USA,BIH,820712
3805607,249,26,8690,2014,1396.0,0.0,1.9044189999999999,1.0595139999999998,TWN,BIH,820712
3805608,18,28,8690,2014,13678.0,0.0,1.234156,1.226441,BEL,BLR,820712
3805609,43,28,8690,2014,5855.0,0.0,1.187557,1.222085,CHN,BLR,820712
3805610,61,28,8690,2014,1064895.0,153074.0,2.052849,-2.888805,DEU,BLR,820712
3805611,77,28,8690,2014,2127.0,0.0,1.4817790000000002,0.30995,FRA,BLR,820712
3805612,81,28,8690,2014,1413.0,0.0,1.697964,0.585372,GBR,BLR,820712
3805613,111,28,8690,2014,7464.0,0.0,1.340136,0.43931099999999995,ITA,BLR,820712
3805614,130,28,8690,2014,111256.0,10297.0,0.764495,1.3451540000000002,LTU,BLR,820712
3805615,132,28,8690,2014,5994.0,0.0,0.613116,1.1899790000000001,LVA,BLR,820712
3805616,135,28,8690,2014,0.0,2857.0,-0.10438199999999999,-0.093194,MDA,BLR,820712
3805617,162,28,8690,2014,2218.0,0.0,1.179325,1.355071,NLD,BLR,820712
3805618,177,28,8690,2014,123665.0,0.0,1.133102,1.177165,POL,BLR,820712
3805619,186,28,8690,2014,2003995.0,1058378.0,0.229422,-0.214856,RUS,BLR,820712
3805620,219,28,8690,2014,5807.0,142244.0,-1.217897,-1.184131,TKM,BLR,820712
3805621,224,28,8690,2014,1254.0,40185.0,0.554761,2.385693,TUR,BLR,820712
3805622,228,28,8690,2014,18831.0,1647256.0,0.566535,0.832267,UKR,BLR,820712
3805623,231,28,8690,2014,33886.0,0.0,1.61227,0.068905,USA,BLR,820712
3805624,227,38,8690,2014,2938.0,0.0,-0.46911800000000003,0.25446599999999997,UGA,CAF,820712
3805625,7,44,8690,2014,7164.0,0.0,0.087775,-0.289459,ARE,CIV,820712
3805626,14,44,8690,2014,23379.0,0.0,-0.398273,-0.17128,AUS,CIV,820712
3805627,15,44,8690,2014,8943.0,0.0,1.7116790000000002,-0.140232,AUT,CIV,820712
3805628,18,44,8690,2014,194075.0,0.0,1.234156,1.226441,BEL,CIV,820712
3805629,19,44,8690,2014,0.0,33804.0,-0.342225,-0.618789,BEN,CIV,820712
3805630,21,44,8690,2014,118291.0,44163.0,-0.922401,-0.9554379999999999,BFA,CIV,820712
3805631,32,44,8690,2014,56977.0,0.0,0.218223,0.556921,BRA,CIV,820712
3805632,39,44,8690,2014,73297.0,0.0,0.671395,1.024683,CAN,CIV,820712
3805633,43,44,8690,2014,271616.0,0.0,1.187557,1.222085,CHN,CIV,820712
3805634,45,44,8690,2014,35903.0,0.0,-0.6723520000000001,-0.945084,CMR,CIV,820712
3805635,47,44,8690,2014,1514.0,0.0,-1.371624,-1.12468,COG,CIV,820712
3805636,59,44,8690,2014,1387.0,0.0,1.8105830000000003,0.131131,CZE,CIV,820712
3805637,61,44,8690,2014,10539.0,50464.0,2.052849,-2.888805,DEU,CIV,820712
3805638,71,44,8690,2014,4960.0,0.0,0.842147,2.45692,ESP,CIV,820712
3805639,77,44,8690,2014,674278.0,120426.0,1.4817790000000002,0.30995,FRA,CIV,820712
3805640,80,44,8690,2014,0.0,4300.0,-1.625474,-1.135973,GAB,CIV,820712
3805641,81,44,8690,2014,92608.0,2625122.0,1.697964,0.585372,GBR,CIV,820712
3805642,83,44,8690,2014,1442007.0,2761219.0,-1.130226,-0.9909379999999999,GHA,CIV,820712
3805643,104,44,8690,2014,58237.0,0.0,0.262042,2.6305080000000003,IND,CIV,820712
3805644,111,44,8690,2014,83889.0,0.0,1.340136,0.43931099999999995,ITA,CIV,820712
3805645,114,44,8690,2014,9727.0,0.0,2.403165,-0.635024,JPN,CIV,820712
3805646,121,44,8690,2014,1297.0,0.0,1.817145,0.8394530000000001,KOR,CIV,820712
3805647,124,44,8690,2014,4691.0,0.0,0.308677,1.7564490000000001,LBN,CIV,820712
3805648,138,44,8690,2014,25671.0,0.0,1.0799729999999998,0.697554,MEX,CIV,820712
3805649,141,44,8690,2014,0.0,5383.0,-1.199063,-1.05497,MLI,CIV,820712
3805650,147,44,8690,2014,78595.0,0.0,-1.1993610000000001,-1.040181,MOZ,CIV,820712
3805651,148,44,8690,2014,0.0,45240.0,-1.458551,-1.225373,MRT,CIV,820712
3805652,162,44,8690,2014,54426.0,0.0,1.179325,1.355071,NLD,CIV,820712
3805653,163,44,8690,2014,4692.0,255429.0,0.9187049999999999,0.182685,NOR,CIV,820712
3805654,191,44,8690,2014,27426.0,122700.0,-0.502607,-0.08866,SEN,CIV,820712
3805655,192,44,8690,2014,17516.0,30087.0,1.867492,0.626736,SGP,CIV,820712
3805656,208,44,8690,2014,188414.0,0.0,1.817752,0.558474,SWE,CIV,820712
3805657,216,44,8690,2014,7154.0,0.0,0.977094,1.41283,THA,CIV,820712
3805658,224,44,8690,2014,24619.0,0.0,0.554761,2.385693,TUR,CIV,820712
3805659,226,44,8690,2014,0.0,80857.0,-1.054331,0.166345,TZA,CIV,820712
3805660,227,44,8690,2014,2010.0,0.0,-0.46911800000000003,0.25446599999999997,UGA,CIV,820712
3805661,228,44,8690,2014,0.0,2256.0,0.566535,0.832267,UKR,CIV,820712
3805662,231,44,8690,2014,2075064.0,8272.0,1.61227,0.068905,USA,CIV,820712
3805663,246,44,8690,2014,118894.0,8048.0,0.282927,1.723214,ZAF,CIV,820712
3805664,250,44,8690,2014,42771.0,0.0,0.506842,0.049545,ANS,CIV,820712
3805665,7,68,8690,2014,132214.0,57304.0,0.087775,-0.289459,ARE,EGY,820712
3805666,14,68,8690,2014,170083.0,42219.0,-0.398273,-0.17128,AUS,EGY,820712
3805667,15,68,8690,2014,17669.0,0.0,1.7116790000000002,-0.140232,AUT,EGY,820712
3805668,16,68,8690,2014,1384.0,0.0,-0.909508,-1.165158,AZE,EGY,820712
3805669,18,68,8690,2014,465313.0,121356.0,1.234156,1.226441,BEL,EGY,820712
3805670,24,68,8690,2014,100644.0,0.0,0.460168,-0.41671099999999994,BHR,EGY,820712
3805671,31,68,8690,2014,16537.0,0.0,-1.129494,-1.030198,BOL,EGY,820712
3805672,32,68,8690,2014,62070.0,0.0,0.218223,0.556921,BRA,EGY,820712
3805673,34,68,8690,2014,26281.0,0.0,0.191357,-0.683567,BRN,EGY,820712
3805674,39,68,8690,2014,1475283.0,0.0,0.671395,1.024683,CAN,EGY,820712
3805675,41,68,8690,2014,14866.0,0.0,2.2000919999999997,0.65398,CHE,EGY,820712
3805676,43,68,8690,2014,526350.0,0.0,1.187557,1.222085,CHN,EGY,820712
3805677,45,68,8690,2014,16134.0,0.0,-0.6723520000000001,-0.945084,CMR,EGY,820712
3805678,47,68,8690,2014,12980.0,0.0,-1.371624,-1.12468,COG,EGY,820712
3805679,61,68,8690,2014,837601.0,0.0,2.052849,-2.888805,DEU,EGY,820712
3805680,71,68,8690,2014,7774.0,0.0,0.842147,2.45692,ESP,EGY,820712
3805681,77,68,8690,2014,1759094.0,0.0,1.4817790000000002,0.30995,FRA,EGY,820712
3805682,81,68,8690,2014,1708093.0,37166.0,1.697964,0.585372,GBR,EGY,820712
3805683,97,68,8690,2014,12552.0,0.0,0.812132,1.722493,HKG,EGY,820712
3805684,103,68,8690,2014,49154.0,0.0,-0.088032,1.3966459999999998,IDN,EGY,820712
3805685,104,68,8690,2014,137071.0,0.0,0.262042,2.6305080000000003,IND,EGY,820712
3805686,111,68,8690,2014,1155784.0,0.0,1.340136,0.43931099999999995,ITA,EGY,820712
3805687,113,68,8690,2014,27886.0,0.0,0.210208,0.48732299999999995,JOR,EGY,820712
3805688,114,68,8690,2014,50841.0,0.0,2.403165,-0.635024,JPN,EGY,820712
3805689,121,68,8690,2014,399685.0,0.0,1.817145,0.8394530000000001,KOR,EGY,820712
3805690,122,68,8690,2014,344153.0,9490.0,-0.769616,-1.10667,KWT,EGY,820712
3805691,138,68,8690,2014,86574.0,0.0,1.0799729999999998,0.697554,MEX,EGY,820712
3805692,159,68,8690,2014,0.0,76922.0,-1.2126430000000001,-1.059697,NGA,EGY,820712
3805693,162,68,8690,2014,1372820.0,15543.0,1.179325,1.355071,NLD,EGY,820712
3805694,163,68,8690,2014,471725.0,0.0,0.9187049999999999,0.182685,NOR,EGY,820712
3805695,167,68,8690,2014,71185.0,41108.0,-0.505129,-1.0051370000000002,OMN,EGY,820712
3805696,179,68,8690,2014,5048.0,0.0,0.621053,2.349644,PRT,EGY,820712
3805697,183,68,8690,2014,0.0,37724.0,-0.37535599999999997,-1.0196370000000001,QAT,EGY,820712
3805698,185,68,8690,2014,5815.0,0.0,0.9112,1.188161,ROU,EGY,820712
3805699,188,68,8690,2014,553332.0,0.0,0.5758439999999999,-0.832692,SAU,EGY,820712
3805700,190,68,8690,2014,5419.0,0.0,-1.442381,-1.1155030000000001,SDN,EGY,820712
3805701,192,68,8690,2014,204861.0,653.0,1.867492,0.626736,SGP,EGY,820712
3805702,208,68,8690,2014,23749.0,0.0,1.817752,0.558474,SWE,EGY,820712
3805703,216,68,8690,2014,17447.0,0.0,0.977094,1.41283,THA,EGY,820712
3805704,222,68,8690,2014,0.0,86386.0,-0.57362,-1.117545,TTO,EGY,820712
3805705,223,68,8690,2014,479737.0,0.0,0.343449,1.118007,TUN,EGY,820712
3805706,224,68,8690,2014,34475.0,61638.0,0.554761,2.385693,TUR,EGY,820712
3805707,226,68,8690,2014,0.0,1508.0,-1.054331,0.166345,TZA,EGY,820712
3805708,227,68,8690,2014,17280.0,0.0,-0.46911800000000003,0.25446599999999997,UGA,EGY,820712
3805709,228,68,8690,2014,0.0,17119.0,0.566535,0.832267,UKR,EGY,820712
3805710,231,68,8690,2014,20995594.0,7691.0,1.61227,0.068905,USA,EGY,820712
3805711,246,68,8690,2014,51393.0,0.0,0.282927,1.723214,ZAF,EGY,820712
3805712,247,68,8690,2014,0.0,3525.0,-0.664089,-0.793452,ZMB,EGY,820712
3805713,249,68,8690,2014,31331.0,0.0,1.9044189999999999,1.0595139999999998,TWN,EGY,820712
3805714,14,82,8690,2014,8701.0,0.0,-0.398273,-0.17128,AUS,GEO,820712
3805715,15,82,8690,2014,9721.0,0.0,1.7116790000000002,-0.140232,AUT,GEO,820712
3805716,16,82,8690,2014,900.0,0.0,-0.909508,-1.165158,AZE,GEO,820712
3805717,18,82,8690,2014,1491.0,0.0,1.234156,1.226441,BEL,GEO,820712
3805718,43,82,8690,2014,231699.0,0.0,1.187557,1.222085,CHN,GEO,820712
3805719,61,82,8690,2014,201458.0,3485.0,2.052849,-2.888805,DEU,GEO,820712
3805720,77,82,8690,2014,2062.0,0.0,1.4817790000000002,0.30995,FRA,GEO,820712
3805721,81,82,8690,2014,25549.0,0.0,1.697964,0.585372,GBR,GEO,820712
3805722,104,82,8690,2014,2152.0,0.0,0.262042,2.6305080000000003,IND,GEO,820712
3805723,106,82,8690,2014,948.0,0.0,1.2658399999999999,0.278546,IRL,GEO,820712
3805724,111,82,8690,2014,40139.0,0.0,1.340136,0.43931099999999995,ITA,GEO,820712
3805725,186,82,8690,2014,5975.0,0.0,0.229422,-0.214856,RUS,GEO,820712
3805726,208,82,8690,2014,2034.0,0.0,1.817752,0.558474,SWE,GEO,820712
3805727,224,82,8690,2014,165943.0,2700.0,0.554761,2.385693,TUR,GEO,820712
3805728,228,82,8690,2014,16867.0,0.0,0.566535,0.832267,UKR,GEO,820712
3805729,231,82,8690,2014,214954.0,3449.0,1.61227,0.068905,USA,GEO,820712
3805730,246,82,8690,2014,7072.0,0.0,0.282927,1.723214,ZAF,GEO,820712
3805731,7,107,8690,2014,1273894.0,0.0,0.087775,-0.289459,ARE,IRN,820712
3805732,15,107,8690,2014,62284.0,0.0,1.7116790000000002,-0.140232,AUT,IRN,820712
3805733,16,107,8690,2014,3305.0,0.0,-0.909508,-1.165158,AZE,IRN,820712
3805734,18,107,8690,2014,1207.0,0.0,1.234156,1.226441,BEL,IRN,820712
3805735,43,107,8690,2014,43476900.0,0.0,1.187557,1.222085,CHN,IRN,820712
3805736,47,107,8690,2014,0.0,5006.0,-1.371624,-1.12468,COG,IRN,820712
3805737,61,107,8690,2014,35011.0,0.0,2.052849,-2.888805,DEU,IRN,820712
3805738,71,107,8690,2014,15585.0,0.0,0.842147,2.45692,ESP,IRN,820712
3805739,77,107,8690,2014,4146.0,0.0,1.4817790000000002,0.30995,FRA,IRN,820712
3805740,104,107,8690,2014,129470.0,0.0,0.262042,2.6305080000000003,IND,IRN,820712
3805741,111,107,8690,2014,106162.0,0.0,1.340136,0.43931099999999995,ITA,IRN,820712
3805742,114,107,8690,2014,290878.0,0.0,2.403165,-0.635024,JPN,IRN,820712
3805743,115,107,8690,2014,8932.0,1735.0,-0.210431,-0.574075,KAZ,IRN,820712
3805744,121,107,8690,2014,659879.0,0.0,1.817145,0.8394530000000001,KOR,IRN,820712
3805745,128,107,8690,2014,0.0,12722.0,-0.49366899999999997,0.338686,LKA,IRN,820712
3805746,153,107,8690,2014,91908.0,0.0,1.018138,0.774649,MYS,IRN,820712
3805747,167,107,8690,2014,9654.0,0.0,-0.505129,-1.0051370000000002,OMN,IRN,820712
3805748,186,107,8690,2014,493696.0,1946.0,0.229422,-0.214856,RUS,IRN,820712
3805749,224,107,8690,2014,74932.0,0.0,0.554761,2.385693,TUR,IRN,820712
3805750,226,107,8690,2014,0.0,3009.0,-1.054331,0.166345,TZA,IRN,820712
3805751,246,107,8690,2014,41309.0,0.0,0.282927,1.723214,ZAF,IRN,820712
3805752,249,107,8690,2014,3896.0,0.0,1.9044189999999999,1.0595139999999998,TWN,IRN,820712
3805753,250,107,8690,2014,1401054.0,0.0,0.506842,0.049545,ANS,IRN,820712
3805754,1,115,8690,2014,0.0,30186.0,-0.924386,-0.839385,AFG,KAZ,820712
3805755,2,115,8690,2014,0.0,5304.0,-1.8184900000000002,-1.149191,AGO,KAZ,820712
3805756,7,115,8690,2014,119879.0,47476.0,0.087775,-0.289459,ARE,KAZ,820712
3805757,14,115,8690,2014,9791.0,15251.0,-0.398273,-0.17128,AUS,KAZ,820712
3805758,15,115,8690,2014,124692.0,0.0,1.7116790000000002,-0.140232,AUT,KAZ,820712
3805759,16,115,8690,2014,59558.0,232125.0,-0.909508,-1.165158,AZE,KAZ,820712
3805760,18,115,8690,2014,27013.0,228322.0,1.234156,1.226441,BEL,KAZ,820712
3805761,39,115,8690,2014,345416.0,7779.0,0.671395,1.024683,CAN,KAZ,820712
3805762,41,115,8690,2014,29933.0,1334.0,2.2000919999999997,0.65398,CHE,KAZ,820712
3805763,43,115,8690,2014,11261774.0,67252.0,1.187557,1.222085,CHN,KAZ,820712
3805764,49,115,8690,2014,0.0,8377.0,0.19864500000000002,-0.378364,COL,KAZ,820712
3805765,59,115,8690,2014,2399.0,0.0,1.8105830000000003,0.131131,CZE,KAZ,820712
3805766,61,115,8690,2014,2196876.0,880487.0,2.052849,-2.888805,DEU,KAZ,820712
3805767,71,115,8690,2014,137514.0,0.0,0.842147,2.45692,ESP,KAZ,820712
3805768,74,115,8690,2014,31461.0,0.0,1.626355,1.002923,FIN,KAZ,820712
3805769,77,115,8690,2014,730636.0,5735.0,1.4817790000000002,0.30995,FRA,KAZ,820712
3805770,81,115,8690,2014,537726.0,43857.0,1.697964,0.585372,GBR,KAZ,820712
3805771,100,115,8690,2014,8594.0,0.0,0.804401,1.250807,HRV,KAZ,820712
3805772,103,115,8690,2014,925.0,10359.0,-0.088032,1.3966459999999998,IDN,KAZ,820712
3805773,104,115,8690,2014,41846.0,4369.0,0.262042,2.6305080000000003,IND,KAZ,820712
3805774,106,115,8690,2014,149596.0,0.0,1.2658399999999999,0.278546,IRL,KAZ,820712
3805775,107,115,8690,2014,1735.0,8932.0,-0.361058,-0.312743,IRN,KAZ,820712
3805776,111,115,8690,2014,549847.0,55372.0,1.340136,0.43931099999999995,ITA,KAZ,820712
3805777,114,115,8690,2014,23145.0,0.0,2.403165,-0.635024,JPN,KAZ,820712
3805778,117,115,8690,2014,0.0,24394.0,-0.31942600000000004,-0.012454,KGZ,KAZ,820712
3805779,121,115,8690,2014,50200.0,0.0,1.817145,0.8394530000000001,KOR,KAZ,820712
3805780,122,115,8690,2014,13914.0,0.0,-0.769616,-1.10667,KWT,KAZ,820712
3805781,130,115,8690,2014,297620.0,0.0,0.764495,1.3451540000000002,LTU,KAZ,820712
3805782,138,115,8690,2014,0.0,2341.0,1.0799729999999998,0.697554,MEX,KAZ,820712
3805783,153,115,8690,2014,10330.0,0.0,1.018138,0.774649,MYS,KAZ,820712
3805784,159,115,8690,2014,0.0,9572.0,-1.2126430000000001,-1.059697,NGA,KAZ,820712
3805785,162,115,8690,2014,216494.0,22477.0,1.179325,1.355071,NLD,KAZ,820712
3805786,163,115,8690,2014,4556.0,11833.0,0.9187049999999999,0.182685,NOR,KAZ,820712
3805787,177,115,8690,2014,349644.0,0.0,1.133102,1.177165,POL,KAZ,820712
3805788,178,115,8690,2014,27518.0,0.0,-0.23883000000000001,-0.009727,PRK,KAZ,820712
3805789,185,115,8690,2014,29839.0,2075.0,0.9112,1.188161,ROU,KAZ,820712
3805790,186,115,8690,2014,9830801.0,147861.0,0.229422,-0.214856,RUS,KAZ,820712
3805791,188,115,8690,2014,74515.0,26092.0,0.5758439999999999,-0.832692,SAU,KAZ,820712
3805792,192,115,8690,2014,1079635.0,613.0,1.867492,0.626736,SGP,KAZ,820712
3805793,208,115,8690,2014,1201048.0,49224.0,1.817752,0.558474,SWE,KAZ,820712
3805794,216,115,8690,2014,15426.0,17361.0,0.977094,1.41283,THA,KAZ,820712
3805795,217,115,8690,2014,0.0,8401.0,-0.706823,-0.993756,TJK,KAZ,820712
3805796,219,115,8690,2014,0.0,300017.0,-1.217897,-1.184131,TKM,KAZ,820712
3805797,224,115,8690,2014,73103.0,7373.0,0.554761,2.385693,TUR,KAZ,820712
3805798,228,115,8690,2014,234639.0,12073.0,0.566535,0.832267,UKR,KAZ,820712
3805799,231,115,8690,2014,3382635.0,637640.0,1.61227,0.068905,USA,KAZ,820712
3805800,232,115,8690,2014,0.0,37059.0,-0.407623,-0.37150700000000003,UZB,KAZ,820712
3805801,239,115,8690,2014,0.0,3758.0,-0.023765,1.344416,VNM,KAZ,820712
3805802,246,115,8690,2014,7404.0,0.0,0.282927,1.723214,ZAF,KAZ,820712
3805803,39,117,8690,2014,7715.0,0.0,0.671395,1.024683,CAN,KGZ,820712
3805804,43,117,8690,2014,562731.0,0.0,1.187557,1.222085,CHN,KGZ,820712
3805805,61,117,8690,2014,249155.0,28063.0,2.052849,-2.888805,DEU,KGZ,820712
3805806,77,117,8690,2014,1273.0,6605.0,1.4817790000000002,0.30995,FRA,KGZ,820712
3805807,81,117,8690,2014,1224.0,0.0,1.697964,0.585372,GBR,KGZ,820712
3805808,104,117,8690,2014,4556.0,0.0,0.262042,2.6305080000000003,IND,KGZ,820712
3805809,115,117,8690,2014,24394.0,0.0,-0.210431,-0.574075,KAZ,KGZ,820712
3805810,138,117,8690,2014,835717.0,0.0,1.0799729999999998,0.697554,MEX,KGZ,820712
3805811,186,117,8690,2014,3302143.0,6063.0,0.229422,-0.214856,RUS,KGZ,820712
3805812,208,117,8690,2014,2908.0,0.0,1.817752,0.558474,SWE,KGZ,820712
3805813,224,117,8690,2014,3026.0,0.0,0.554761,2.385693,TUR,KGZ,820712
3805814,231,117,8690,2014,724207.0,0.0,1.61227,0.068905,USA,KGZ,820712
3805815,232,117,8690,2014,0.0,1454664.0,-0.407623,-0.37150700000000003,UZB,KGZ,820712
3805816,2,124,8690,2014,0.0,3852.0,-1.8184900000000002,-1.149191,AGO,LBN,820712
3805817,7,124,8690,2014,8031.0,0.0,0.087775,-0.289459,ARE,LBN,820712
3805818,15,124,8690,2014,20168.0,0.0,1.7116790000000002,-0.140232,AUT,LBN,820712
3805819,18,124,8690,2014,5102.0,0.0,1.234156,1.226441,BEL,LBN,820712
3805820,39,124,8690,2014,3501.0,0.0,0.671395,1.024683,CAN,LBN,820712
3805821,41,124,8690,2014,4658.0,0.0,2.2000919999999997,0.65398,CHE,LBN,820712
3805822,43,124,8690,2014,426399.0,0.0,1.187557,1.222085,CHN,LBN,820712
3805823,44,124,8690,2014,0.0,4691.0,-0.737625,-0.768728,CIV,LBN,820712
3805824,47,124,8690,2014,0.0,6276.0,-1.371624,-1.12468,COG,LBN,820712
3805825,61,124,8690,2014,59149.0,0.0,2.052849,-2.888805,DEU,LBN,820712
3805826,71,124,8690,2014,6723.0,0.0,0.842147,2.45692,ESP,LBN,820712
3805827,77,124,8690,2014,124797.0,0.0,1.4817790000000002,0.30995,FRA,LBN,820712
3805828,80,124,8690,2014,0.0,1245.0,-1.625474,-1.135973,GAB,LBN,820712
3805829,81,124,8690,2014,18418.0,0.0,1.697964,0.585372,GBR,LBN,820712
3805830,85,124,8690,2014,0.0,821.0,-1.628409,-1.202473,GIN,LBN,820712
3805831,89,124,8690,2014,0.0,12432.0,-2.043516,-0.844701,GNQ,LBN,820712
3805832,104,124,8690,2014,45404.0,0.0,0.262042,2.6305080000000003,IND,LBN,820712
3805833,111,124,8690,2014,2715.0,0.0,1.340136,0.43931099999999995,ITA,LBN,820712
3805834,121,124,8690,2014,20404.0,0.0,1.817145,0.8394530000000001,KOR,LBN,820712
3805835,125,124,8690,2014,0.0,1382.0,-1.016828,-1.107983,LBR,LBN,820712
3805836,179,124,8690,2014,2381.0,0.0,0.621053,2.349644,PRT,LBN,820712
3805837,185,124,8690,2014,1393.0,0.0,0.9112,1.188161,ROU,LBN,820712
3805838,191,124,8690,2014,0.0,7803.0,-0.502607,-0.08866,SEN,LBN,820712
3805839,196,124,8690,2014,0.0,2286.0,-0.9228569999999999,-0.791482,SLE,LBN,820712
3805840,216,124,8690,2014,2124.0,0.0,0.977094,1.41283,THA,LBN,820712
3805841,224,124,8690,2014,206840.0,0.0,0.554761,2.385693,TUR,LBN,820712
3805842,231,124,8690,2014,7421.0,0.0,1.61227,0.068905,USA,LBN,820712
3805843,7,128,8690,2014,28827.0,31635.0,0.087775,-0.289459,ARE,LKA,820712
3805844,14,128,8690,2014,11075.0,0.0,-0.398273,-0.17128,AUS,LKA,820712
3805845,15,128,8690,2014,29071.0,0.0,1.7116790000000002,-0.140232,AUT,LKA,820712
3805846,24,128,8690,2014,0.0,1382.0,0.460168,-0.41671099999999994,BHR,LKA,820712
3805847,41,128,8690,2014,42693.0,0.0,2.2000919999999997,0.65398,CHE,LKA,820712
3805848,43,128,8690,2014,950622.0,0.0,1.187557,1.222085,CHN,LKA,820712
3805849,51,128,8690,2014,0.0,2069.0,-0.182368,-0.7136359999999999,CPV,LKA,820712
3805850,61,128,8690,2014,639986.0,0.0,2.052849,-2.888805,DEU,LKA,820712
3805851,73,128,8690,2014,0.0,3913.0,-1.296535,-1.045942,ETH,LKA,820712
3805852,81,128,8690,2014,21558.0,0.0,1.697964,0.585372,GBR,LKA,820712
3805853,104,128,8690,2014,444628.0,1707318.0,0.262042,2.6305080000000003,IND,LKA,820712
3805854,107,128,8690,2014,12722.0,0.0,-0.361058,-0.312743,IRN,LKA,820712
3805855,111,128,8690,2014,6476.0,0.0,1.340136,0.43931099999999995,ITA,LKA,820712
3805856,114,128,8690,2014,96876.0,0.0,2.403165,-0.635024,JPN,LKA,820712
3805857,121,128,8690,2014,129263.0,0.0,1.817145,0.8394530000000001,KOR,LKA,820712
3805858,122,128,8690,2014,0.0,14032.0,-0.769616,-1.10667,KWT,LKA,820712
3805859,137,128,8690,2014,0.0,1237.0,-0.43265299999999995,-0.82696,MDV,LKA,820712
3805860,153,128,8690,2014,77531.0,0.0,1.018138,0.774649,MYS,LKA,820712
3805861,167,128,8690,2014,0.0,7554.0,-0.505129,-1.0051370000000002,OMN,LKA,820712
3805862,168,128,8690,2014,0.0,8235.0,-0.672924,0.566787,PAK,LKA,820712
3805863,174,128,8690,2014,3289.0,0.0,0.637442,0.475883,PHL,LKA,820712
3805864,192,128,8690,2014,551762.0,2912.0,1.867492,0.626736,SGP,LKA,820712
3805865,208,128,8690,2014,166125.0,0.0,1.817752,0.558474,SWE,LKA,820712
3805866,216,128,8690,2014,2045.0,0.0,0.977094,1.41283,THA,LKA,820712
3805867,219,128,8690,2014,0.0,8613.0,-1.217897,-1.184131,TKM,LKA,820712
3805868,228,128,8690,2014,27679.0,0.0,0.566535,0.832267,UKR,LKA,820712
3805869,231,128,8690,2014,4131523.0,0.0,1.61227,0.068905,USA,LKA,820712
3805870,243,128,8690,2014,0.0,1625.0,-1.2829190000000001,-1.227373,YEM,LKA,820712
3805871,249,128,8690,2014,10905.0,0.0,1.9044189999999999,1.0595139999999998,TWN,LKA,820712
3805872,15,130,8690,2014,13948.0,0.0,1.7116790000000002,-0.140232,AUT,LTU,820712
3805873,18,130,8690,2014,8634.0,2542.0,1.234156,1.226441,BEL,LTU,820712
3805874,28,130,8690,2014,10297.0,111256.0,0.874108,0.676231,BLR,LTU,820712
3805875,39,130,8690,2014,0.0,59265.0,0.671395,1.024683,CAN,LTU,820712
3805876,43,130,8690,2014,29549.0,0.0,1.187557,1.222085,CHN,LTU,820712
3805877,59,130,8690,2014,1885.0,5319.0,1.8105830000000003,0.131131,CZE,LTU,820712
3805878,61,130,8690,2014,354100.0,60097.0,2.052849,-2.888805,DEU,LTU,820712
3805879,64,130,8690,2014,1592.0,31737.0,1.10869,1.245193,DNK,LTU,820712
3805880,71,130,8690,2014,3988.0,61669.0,0.842147,2.45692,ESP,LTU,820712
3805881,72,130,8690,2014,28647.0,5027.0,0.9147780000000001,1.151556,EST,LTU,820712
3805882,74,130,8690,2014,8211.0,0.0,1.626355,1.002923,FIN,LTU,820712
3805883,77,130,8690,2014,21785.0,110971.0,1.4817790000000002,0.30995,FRA,LTU,820712
3805884,81,130,8690,2014,16982.0,0.0,1.697964,0.585372,GBR,LTU,820712
3805885,90,130,8690,2014,0.0,72243.0,0.149337,0.8560540000000001,GRC,LTU,820712
3805886,102,130,8690,2014,6427.0,0.0,1.477093,0.812869,HUN,LTU,820712
3805887,104,130,8690,2014,0.0,28185.0,0.262042,2.6305080000000003,IND,LTU,820712
3805888,106,130,8690,2014,206942.0,0.0,1.2658399999999999,0.278546,IRL,LTU,820712
3805889,111,130,8690,2014,569202.0,78758.0,1.340136,0.43931099999999995,ITA,LTU,820712
3805890,114,130,8690,2014,7334.0,0.0,2.403165,-0.635024,JPN,LTU,820712
3805891,115,130,8690,2014,0.0,297620.0,-0.210431,-0.574075,KAZ,LTU,820712
3805892,132,130,8690,2014,23278.0,32373.0,0.613116,1.1899790000000001,LVA,LTU,820712
3805893,162,130,8690,2014,666267.0,1245.0,1.179325,1.355071,NLD,LTU,820712
3805894,177,130,8690,2014,23228.0,47693.0,1.133102,1.177165,POL,LTU,820712
3805895,186,130,8690,2014,392392.0,468859.0,0.229422,-0.214856,RUS,LTU,820712
3805896,216,130,8690,2014,19661.0,0.0,0.977094,1.41283,THA,LTU,820712
3805897,224,130,8690,2014,64263.0,0.0,0.554761,2.385693,TUR,LTU,820712
3805898,228,130,8690,2014,22197.0,17216.0,0.566535,0.832267,UKR,LTU,820712
3805899,231,130,8690,2014,64923.0,184751.0,1.61227,0.068905,USA,LTU,820712
3805900,15,131,8690,2014,20337.0,6539.0,1.7116790000000002,-0.140232,AUT,LUX,820712
3805901,18,131,8690,2014,20243.0,2573.0,1.234156,1.226441,BEL,LUX,820712
3805902,43,131,8690,2014,192520.0,0.0,1.187557,1.222085,CHN,LUX,820712
3805903,45,131,8690,2014,0.0,37000.0,-0.6723520000000001,-0.945084,CMR,LUX,820712
3805904,61,131,8690,2014,407053.0,78730.0,2.052849,-2.888805,DEU,LUX,820712
3805905,66,131,8690,2014,0.0,21175.0,-1.5554649999999999,-1.1657030000000002,DZA,LUX,820712
3805906,71,131,8690,2014,0.0,14236.0,0.842147,2.45692,ESP,LUX,820712
3805907,77,131,8690,2014,141917.0,81726.0,1.4817790000000002,0.30995,FRA,LUX,820712
3805908,81,131,8690,2014,108271.0,3877.0,1.697964,0.585372,GBR,LUX,820712
3805909,104,131,8690,2014,0.0,1433.0,0.262042,2.6305080000000003,IND,LUX,820712
3805910,106,131,8690,2014,10794.0,0.0,1.2658399999999999,0.278546,IRL,LUX,820712
3805911,111,131,8690,2014,30274.0,0.0,1.340136,0.43931099999999995,ITA,LUX,820712
3805912,114,131,8690,2014,3891.0,0.0,2.403165,-0.635024,JPN,LUX,820712
3805913,121,131,8690,2014,9272.0,0.0,1.817145,0.8394530000000001,KOR,LUX,820712
3805914,162,131,8690,2014,25335.0,0.0,1.179325,1.355071,NLD,LUX,820712
3805915,168,131,8690,2014,11354.0,0.0,-0.672924,0.566787,PAK,LUX,820712
3805916,179,131,8690,2014,1456.0,0.0,0.621053,2.349644,PRT,LUX,820712
3805917,192,131,8690,2014,0.0,1083.0,1.867492,0.626736,SGP,LUX,820712
3805918,231,131,8690,2014,758.0,3559.0,1.61227,0.068905,USA,LUX,820712
3805919,239,131,8690,2014,0.0,18243.0,-0.023765,1.344416,VNM,LUX,820712
3805920,250,131,8690,2014,7194.0,0.0,0.506842,0.049545,ANS,LUX,820712
3805921,15,132,8690,2014,47594.0,0.0,1.7116790000000002,-0.140232,AUT,LVA,820712
3805922,23,132,8690,2014,11581.0,0.0,0.579058,1.6558110000000001,BGR,LVA,820712
3805923,28,132,8690,2014,0.0,5994.0,0.874108,0.676231,BLR,LVA,820712
3805924,39,132,8690,2014,11792.0,0.0,0.671395,1.024683,CAN,LVA,820712
3805925,43,132,8690,2014,92946.0,0.0,1.187557,1.222085,CHN,LVA,820712
3805926,61,132,8690,2014,331158.0,0.0,2.052849,-2.888805,DEU,LVA,820712
3805927,64,132,8690,2014,0.0,1676.0,1.10869,1.245193,DNK,LVA,820712
3805928,71,132,8690,2014,1197.0,0.0,0.842147,2.45692,ESP,LVA,820712
3805929,72,132,8690,2014,57715.0,0.0,0.9147780000000001,1.151556,EST,LVA,820712
3805930,74,132,8690,2014,2377.0,0.0,1.626355,1.002923,FIN,LVA,820712
3805931,77,132,8690,2014,2919.0,0.0,1.4817790000000002,0.30995,FRA,LVA,820712
3805932,81,132,8690,2014,0.0,2896.0,1.697964,0.585372,GBR,LVA,820712
3805933,102,132,8690,2014,3002.0,0.0,1.477093,0.812869,HUN,LVA,820712
3805934,110,132,8690,2014,4511.0,0.0,1.211141,0.64523,ISR,LVA,820712
3805935,111,132,8690,2014,1469.0,0.0,1.340136,0.43931099999999995,ITA,LVA,820712
3805936,130,132,8690,2014,32373.0,23278.0,0.764495,1.3451540000000002,LTU,LVA,820712
3805937,162,132,8690,2014,41286.0,0.0,1.179325,1.355071,NLD,LVA,820712
3805938,177,132,8690,2014,52620.0,0.0,1.133102,1.177165,POL,LVA,820712
3805939,186,132,8690,2014,293883.0,1588.0,0.229422,-0.214856,RUS,LVA,820712
3805940,207,132,8690,2014,1740.0,0.0,1.6558669999999998,0.6814399999999999,SVN,LVA,820712
3805941,208,132,8690,2014,10314.0,273721.0,1.817752,0.558474,SWE,LVA,820712
3805942,228,132,8690,2014,9499.0,0.0,0.566535,0.832267,UKR,LVA,820712
3805943,15,140,8690,2014,21230.0,37477.0,1.7116790000000002,-0.140232,AUT,MKD,820712
3805944,18,140,8690,2014,5087.0,0.0,1.234156,1.226441,BEL,MKD,820712
3805945,23,140,8690,2014,257796.0,2803.0,0.579058,1.6558110000000001,BGR,MKD,820712
3805946,39,140,8690,2014,7240.0,0.0,0.671395,1.024683,CAN,MKD,820712
3805947,43,140,8690,2014,28298.0,0.0,1.187557,1.222085,CHN,MKD,820712
3805948,61,140,8690,2014,49240.0,0.0,2.052849,-2.888805,DEU,MKD,820712
3805949,74,140,8690,2014,3672.0,0.0,1.626355,1.002923,FIN,MKD,820712
3805950,77,140,8690,2014,3082.0,0.0,1.4817790000000002,0.30995,FRA,MKD,820712
3805951,90,140,8690,2014,86802.0,0.0,0.149337,0.8560540000000001,GRC,MKD,820712
3805952,100,140,8690,2014,3053.0,0.0,0.804401,1.250807,HRV,MKD,820712
3805953,104,140,8690,2014,64911.0,0.0,0.262042,2.6305080000000003,IND,MKD,820712
3805954,111,140,8690,2014,2741.0,0.0,1.340136,0.43931099999999995,ITA,MKD,820712
3805955,121,140,8690,2014,1835.0,0.0,1.817145,0.8394530000000001,KOR,MKD,820712
3805956,186,140,8690,2014,891.0,0.0,0.229422,-0.214856,RUS,MKD,820712
3805957,201,140,8690,2014,10734.0,0.0,0.551635,1.211535,SRB,MKD,820712
3805958,207,140,8690,2014,27696.0,0.0,1.6558669999999998,0.6814399999999999,SVN,MKD,820712
3805959,208,140,8690,2014,9156.0,0.0,1.817752,0.558474,SWE,MKD,820712
3805960,216,140,8690,2014,396.0,0.0,0.977094,1.41283,THA,MKD,820712
3805961,224,140,8690,2014,1175.0,0.0,0.554761,2.385693,TUR,MKD,820712
3805962,231,140,8690,2014,3174.0,0.0,1.61227,0.068905,USA,MKD,820712
3805963,246,140,8690,2014,445.0,0.0,0.282927,1.723214,ZAF,MKD,820712
3805964,249,140,8690,2014,1451.0,0.0,1.9044189999999999,1.0595139999999998,TWN,MKD,820712
3805965,2,147,8690,2014,0.0,5987.0,-1.8184900000000002,-1.149191,AGO,MOZ,820712
3805966,14,147,8690,2014,85195.0,0.0,-0.398273,-0.17128,AUS,MOZ,820712
3805967,18,147,8690,2014,189080.0,0.0,1.234156,1.226441,BEL,MOZ,820712
3805968,32,147,8690,2014,1393.0,0.0,0.218223,0.556921,BRA,MOZ,820712
3805969,39,147,8690,2014,97747.0,0.0,0.671395,1.024683,CAN,MOZ,820712
3805970,42,147,8690,2014,727.0,0.0,-0.344671,-0.43380799999999997,CHL,MOZ,820712
3805971,43,147,8690,2014,194066.0,0.0,1.187557,1.222085,CHN,MOZ,820712
3805972,44,147,8690,2014,0.0,78595.0,-0.737625,-0.768728,CIV,MOZ,820712
3805973,45,147,8690,2014,50674.0,0.0,-0.6723520000000001,-0.945084,CMR,MOZ,820712
3805974,61,147,8690,2014,328868.0,0.0,2.052849,-2.888805,DEU,MOZ,820712
3805975,74,147,8690,2014,2568.0,0.0,1.626355,1.002923,FIN,MOZ,820712
3805976,77,147,8690,2014,5789.0,0.0,1.4817790000000002,0.30995,FRA,MOZ,820712
3805977,81,147,8690,2014,33643.0,0.0,1.697964,0.585372,GBR,MOZ,820712
3805978,83,147,8690,2014,125033.0,0.0,-1.130226,-0.9909379999999999,GHA,MOZ,820712
3805979,104,147,8690,2014,67742.0,0.0,0.262042,2.6305080000000003,IND,MOZ,820712
3805980,111,147,8690,2014,22634.0,0.0,1.340136,0.43931099999999995,ITA,MOZ,820712
3805981,121,147,8690,2014,90753.0,3759.0,1.817145,0.8394530000000001,KOR,MOZ,820712
3805982,151,147,8690,2014,426.0,0.0,-0.029891,-0.12431099999999999,MUS,MOZ,820712
3805983,153,147,8690,2014,76200.0,0.0,1.018138,0.774649,MYS,MOZ,820712
3805984,162,147,8690,2014,0.0,15973.0,1.179325,1.355071,NLD,MOZ,820712
3805985,179,147,8690,2014,66268.0,0.0,0.621053,2.349644,PRT,MOZ,820712
3805986,192,147,8690,2014,76135.0,0.0,1.867492,0.626736,SGP,MOZ,820712
3805987,216,147,8690,2014,12651.0,0.0,0.977094,1.41283,THA,MOZ,820712
3805988,226,147,8690,2014,0.0,2206.0,-1.054331,0.166345,TZA,MOZ,820712
3805989,231,147,8690,2014,2868397.0,59083.0,1.61227,0.068905,USA,MOZ,820712
3805990,239,147,8690,2014,1655.0,0.0,-0.023765,1.344416,VNM,MOZ,820712
3805991,246,147,8690,2014,542888.0,2446.0,0.282927,1.723214,ZAF,MOZ,820712
3805992,43,164,8690,2014,377617.0,0.0,1.187557,1.222085,CHN,NPL,820712
3805993,61,164,8690,2014,11306.0,0.0,2.052849,-2.888805,DEU,NPL,820712
3805994,104,164,8690,2014,81211.0,0.0,0.262042,2.6305080000000003,IND,NPL,820712
3805995,114,164,8690,2014,3442.0,0.0,2.403165,-0.635024,JPN,NPL,820712
3805996,7,168,8690,2014,310624.0,2089669.0,0.087775,-0.289459,ARE,PAK,820712
3805997,14,168,8690,2014,93402.0,0.0,-0.398273,-0.17128,AUS,PAK,820712
3805998,15,168,8690,2014,43528.0,0.0,1.7116790000000002,-0.140232,AUT,PAK,820712
3805999,16,168,8690,2014,21036.0,0.0,-0.909508,-1.165158,AZE,PAK,820712
3806000,18,168,8690,2014,103718.0,0.0,1.234156,1.226441,BEL,PAK,820712
3806001,31,168,8690,2014,5170.0,0.0,-1.129494,-1.030198,BOL,PAK,820712
3806002,32,168,8690,2014,59808.0,0.0,0.218223,0.556921,BRA,PAK,820712
3806003,39,168,8690,2014,61802.0,964.0,0.671395,1.024683,CAN,PAK,820712
3806004,41,168,8690,2014,1893.0,0.0,2.2000919999999997,0.65398,CHE,PAK,820712
3806005,43,168,8690,2014,1360596.0,0.0,1.187557,1.222085,CHN,PAK,820712
3806006,61,168,8690,2014,163410.0,52438.0,2.052849,-2.888805,DEU,PAK,820712
3806007,73,168,8690,2014,1417.0,0.0,-1.296535,-1.045942,ETH,PAK,820712
3806008,77,168,8690,2014,1009443.0,0.0,1.4817790000000002,0.30995,FRA,PAK,820712
3806009,81,168,8690,2014,1392301.0,0.0,1.697964,0.585372,GBR,PAK,820712
3806010,103,168,8690,2014,16119.0,0.0,-0.088032,1.3966459999999998,IDN,PAK,820712
3806011,104,168,8690,2014,11352.0,0.0,0.262042,2.6305080000000003,IND,PAK,820712
3806012,111,168,8690,2014,9988.0,40188.0,1.340136,0.43931099999999995,ITA,PAK,820712
3806013,114,168,8690,2014,1750.0,0.0,2.403165,-0.635024,JPN,PAK,820712
3806014,121,168,8690,2014,88299.0,0.0,1.817145,0.8394530000000001,KOR,PAK,820712
3806015,122,168,8690,2014,75396.0,273686.0,-0.769616,-1.10667,KWT,PAK,820712
3806016,126,168,8690,2014,0.0,13678.0,-1.5943829999999999,-1.189961,LBY,PAK,820712
3806017,128,168,8690,2014,8235.0,0.0,-0.49366899999999997,0.338686,LKA,PAK,820712
3806018,131,168,8690,2014,0.0,11354.0,1.243845,1.155474,LUX,PAK,820712
3806019,138,168,8690,2014,426676.0,0.0,1.0799729999999998,0.697554,MEX,PAK,820712
3806020,153,168,8690,2014,13910.0,0.0,1.018138,0.774649,MYS,PAK,820712
3806021,162,168,8690,2014,40640.0,0.0,1.179325,1.355071,NLD,PAK,820712
3806022,163,168,8690,2014,4090.0,0.0,0.9187049999999999,0.182685,NOR,PAK,820712
3806023,167,168,8690,2014,119034.0,14198.0,-0.505129,-1.0051370000000002,OMN,PAK,820712
3806024,179,168,8690,2014,1537.0,0.0,0.621053,2.349644,PRT,PAK,820712
3806025,188,168,8690,2014,443251.0,0.0,0.5758439999999999,-0.832692,SAU,PAK,820712
3806026,192,168,8690,2014,476259.0,0.0,1.867492,0.626736,SGP,PAK,820712
3806027,208,168,8690,2014,489733.0,0.0,1.817752,0.558474,SWE,PAK,820712
3806028,216,168,8690,2014,28488.0,0.0,0.977094,1.41283,THA,PAK,820712
3806029,228,168,8690,2014,2140.0,0.0,0.566535,0.832267,UKR,PAK,820712
3806030,231,168,8690,2014,3180739.0,6894.0,1.61227,0.068905,USA,PAK,820712
3806031,246,168,8690,2014,43557.0,0.0,0.282927,1.723214,ZAF,PAK,820712
3806032,249,168,8690,2014,10480.0,0.0,1.9044189999999999,1.0595139999999998,TWN,PAK,820712
3806033,250,168,8690,2014,7185.0,0.0,0.506842,0.049545,ANS,PAK,820712
3806034,7,183,8690,2014,171306.0,9438.0,0.087775,-0.289459,ARE,QAT,820712
3806035,14,183,8690,2014,43937.0,0.0,-0.398273,-0.17128,AUS,QAT,820712
3806036,15,183,8690,2014,2014.0,0.0,1.7116790000000002,-0.140232,AUT,QAT,820712
3806037,16,183,8690,2014,18055.0,0.0,-0.909508,-1.165158,AZE,QAT,820712
3806038,18,183,8690,2014,287855.0,0.0,1.234156,1.226441,BEL,QAT,820712
3806039,24,183,8690,2014,22865.0,0.0,0.460168,-0.41671099999999994,BHR,QAT,820712
3806040,32,183,8690,2014,1728.0,0.0,0.218223,0.556921,BRA,QAT,820712
3806041,39,183,8690,2014,63075.0,0.0,0.671395,1.024683,CAN,QAT,820712
3806042,41,183,8690,2014,3315.0,0.0,2.2000919999999997,0.65398,CHE,QAT,820712
3806043,43,183,8690,2014,398949.0,0.0,1.187557,1.222085,CHN,QAT,820712
3806044,61,183,8690,2014,2256952.0,0.0,2.052849,-2.888805,DEU,QAT,820712
3806045,64,183,8690,2014,14089.0,0.0,1.10869,1.245193,DNK,QAT,820712
3806046,68,183,8690,2014,37724.0,0.0,-0.086866,1.7419669999999998,EGY,QAT,820712
3806047,71,183,8690,2014,18373.0,0.0,0.842147,2.45692,ESP,QAT,820712
3806048,77,183,8690,2014,1016781.0,0.0,1.4817790000000002,0.30995,FRA,QAT,820712
3806049,81,183,8690,2014,1460531.0,0.0,1.697964,0.585372,GBR,QAT,820712
3806050,100,183,8690,2014,4102.0,0.0,0.804401,1.250807,HRV,QAT,820712
3806051,103,183,8690,2014,28251.0,1180.0,-0.088032,1.3966459999999998,IDN,QAT,820712
3806052,104,183,8690,2014,100693.0,0.0,0.262042,2.6305080000000003,IND,QAT,820712
3806053,111,183,8690,2014,97602.0,0.0,1.340136,0.43931099999999995,ITA,QAT,820712
3806054,113,183,8690,2014,3038.0,0.0,0.210208,0.48732299999999995,JOR,QAT,820712
3806055,114,183,8690,2014,9574.0,0.0,2.403165,-0.635024,JPN,QAT,820712
3806056,121,183,8690,2014,531164.0,0.0,1.817145,0.8394530000000001,KOR,QAT,820712
3806057,122,183,8690,2014,346324.0,0.0,-0.769616,-1.10667,KWT,QAT,820712
3806058,138,183,8690,2014,60162.0,0.0,1.0799729999999998,0.697554,MEX,QAT,820712
3806059,153,183,8690,2014,15814.0,0.0,1.018138,0.774649,MYS,QAT,820712
3806060,159,183,8690,2014,0.0,26064.0,-1.2126430000000001,-1.059697,NGA,QAT,820712
3806061,162,183,8690,2014,196623.0,0.0,1.179325,1.355071,NLD,QAT,820712
3806062,163,183,8690,2014,47264.0,0.0,0.9187049999999999,0.182685,NOR,QAT,820712
3806063,167,183,8690,2014,0.0,5530.0,-0.505129,-1.0051370000000002,OMN,QAT,820712
3806064,177,183,8690,2014,179849.0,0.0,1.133102,1.177165,POL,QAT,820712
3806065,188,183,8690,2014,551509.0,0.0,0.5758439999999999,-0.832692,SAU,QAT,820712
3806066,192,183,8690,2014,357743.0,0.0,1.867492,0.626736,SGP,QAT,820712
3806067,208,183,8690,2014,7934.0,0.0,1.817752,0.558474,SWE,QAT,820712
3806068,224,183,8690,2014,241251.0,0.0,0.554761,2.385693,TUR,QAT,820712
3806069,231,183,8690,2014,3755378.0,0.0,1.61227,0.068905,USA,QAT,820712
3806070,246,183,8690,2014,14100.0,0.0,0.282927,1.723214,ZAF,QAT,820712
3806071,249,183,8690,2014,12673.0,0.0,1.9044189999999999,1.0595139999999998,TWN,QAT,820712
3806072,2,185,8690,2014,0.0,38850.0,-1.8184900000000002,-1.149191,AGO,ROU,820712
3806073,4,185,8690,2014,134746.0,659215.0,-0.476024,-0.33978400000000003,ALB,ROU,820712
3806074,7,185,8690,2014,502794.0,42442.0,0.087775,-0.289459,ARE,ROU,820712
3806075,14,185,8690,2014,2326.0,18709.0,-0.398273,-0.17128,AUS,ROU,820712
3806076,15,185,8690,2014,161486.0,96559.0,1.7116790000000002,-0.140232,AUT,ROU,820712
3806077,16,185,8690,2014,0.0,23674.0,-0.909508,-1.165158,AZE,ROU,820712
3806078,18,185,8690,2014,191243.0,1299.0,1.234156,1.226441,BEL,ROU,820712
3806079,23,185,8690,2014,3274.0,82047.0,0.579058,1.6558110000000001,BGR,ROU,820712
3806080,32,185,8690,2014,1348.0,0.0,0.218223,0.556921,BRA,ROU,820712
3806081,39,185,8690,2014,37782.0,0.0,0.671395,1.024683,CAN,ROU,820712
3806082,43,185,8690,2014,130969.0,0.0,1.187557,1.222085,CHN,ROU,820712
3806083,49,185,8690,2014,163837.0,0.0,0.19864500000000002,-0.378364,COL,ROU,820712
3806084,58,185,8690,2014,0.0,2541504.0,0.627467,0.483725,CYP,ROU,820712
3806085,59,185,8690,2014,12194.0,0.0,1.8105830000000003,0.131131,CZE,ROU,820712
3806086,61,185,8690,2014,1849004.0,356181.0,2.052849,-2.888805,DEU,ROU,820712
3806087,64,185,8690,2014,42080.0,0.0,1.10869,1.245193,DNK,ROU,820712
3806088,68,185,8690,2014,0.0,5815.0,-0.086866,1.7419669999999998,EGY,ROU,820712
3806089,71,185,8690,2014,17300.0,0.0,0.842147,2.45692,ESP,ROU,820712
3806090,74,185,8690,2014,141660.0,0.0,1.626355,1.002923,FIN,ROU,820712
3806091,77,185,8690,2014,118269.0,1047.0,1.4817790000000002,0.30995,FRA,ROU,820712
3806092,81,185,8690,2014,401709.0,34415.0,1.697964,0.585372,GBR,ROU,820712
3806093,83,185,8690,2014,0.0,2125.0,-1.130226,-0.9909379999999999,GHA,ROU,820712
3806094,102,185,8690,2014,5150.0,6686.0,1.477093,0.812869,HUN,ROU,820712
3806095,104,185,8690,2014,10037.0,10285.0,0.262042,2.6305080000000003,IND,ROU,820712
3806096,106,185,8690,2014,11918.0,0.0,1.2658399999999999,0.278546,IRL,ROU,820712
3806097,108,185,8690,2014,0.0,10615.0,-2.9169,-0.882023,IRQ,ROU,820712
3806098,111,185,8690,2014,1777254.0,225159.0,1.340136,0.43931099999999995,ITA,ROU,820712
3806099,114,185,8690,2014,1593.0,0.0,2.403165,-0.635024,JPN,ROU,820712
3806100,115,185,8690,2014,2075.0,29839.0,-0.210431,-0.574075,KAZ,ROU,820712
3806101,121,185,8690,2014,7520.0,0.0,1.817145,0.8394530000000001,KOR,ROU,820712
3806102,122,185,8690,2014,55812.0,0.0,-0.769616,-1.10667,KWT,ROU,820712
3806103,124,185,8690,2014,0.0,1393.0,0.308677,1.7564490000000001,LBN,ROU,820712
3806104,126,185,8690,2014,0.0,41354.0,-1.5943829999999999,-1.189961,LBY,ROU,820712
3806105,134,185,8690,2014,0.0,88201.0,-0.574034,0.065788,MAR,ROU,820712
3806106,153,185,8690,2014,15317.0,2810.0,1.018138,0.774649,MYS,ROU,820712
3806107,162,185,8690,2014,1048686.0,823648.0,1.179325,1.355071,NLD,ROU,820712
3806108,163,185,8690,2014,340319.0,78509.0,0.9187049999999999,0.182685,NOR,ROU,820712
3806109,167,185,8690,2014,72824.0,8530.0,-0.505129,-1.0051370000000002,OMN,ROU,820712
3806110,177,185,8690,2014,59730.0,0.0,1.133102,1.177165,POL,ROU,820712
3806111,179,185,8690,2014,651087.0,0.0,0.621053,2.349644,PRT,ROU,820712
3806112,186,185,8690,2014,6456.0,6057.0,0.229422,-0.214856,RUS,ROU,820712
3806113,188,185,8690,2014,51261.0,0.0,0.5758439999999999,-0.832692,SAU,ROU,820712
3806114,190,185,8690,2014,0.0,21712.0,-1.442381,-1.1155030000000001,SDN,ROU,820712
3806115,192,185,8690,2014,4237.0,34134.0,1.867492,0.626736,SGP,ROU,820712
3806116,201,185,8690,2014,1133.0,0.0,0.551635,1.211535,SRB,ROU,820712
3806117,206,185,8690,2014,0.0,7340977.0,1.334959,0.821253,SVK,ROU,820712
3806118,207,185,8690,2014,0.0,133491.0,1.6558669999999998,0.6814399999999999,SVN,ROU,820712
3806119,208,185,8690,2014,7959.0,1245.0,1.817752,0.558474,SWE,ROU,820712
3806120,219,185,8690,2014,0.0,2787.0,-1.217897,-1.184131,TKM,ROU,820712
3806121,224,185,8690,2014,70789.0,45200.0,0.554761,2.385693,TUR,ROU,820712
3806122,228,185,8690,2014,39757.0,4308.0,0.566535,0.832267,UKR,ROU,820712
3806123,231,185,8690,2014,4509709.0,123902.0,1.61227,0.068905,USA,ROU,820712
3806124,236,185,8690,2014,3729.0,0.0,-0.582086,-1.081727,VEN,ROU,820712
3806125,239,185,8690,2014,0.0,14877.0,-0.023765,1.344416,VNM,ROU,820712
3806126,246,185,8690,2014,20795.0,16037.0,0.282927,1.723214,ZAF,ROU,820712
3806127,2,186,8690,2014,0.0,1203.0,-1.8184900000000002,-1.149191,AGO,RUS,820712
3806128,7,186,8690,2014,163451.0,1011752.0,0.087775,-0.289459,ARE,RUS,820712
3806129,8,186,8690,2014,18517.0,333237.0,0.10691500000000001,0.44860600000000006,ARG,RUS,820712
3806130,9,186,8690,2014,0.0,327520.0,-0.198322,-0.5918680000000001,ARM,RUS,820712
3806131,14,186,8690,2014,156289.0,858877.0,-0.398273,-0.17128,AUS,RUS,820712
3806132,15,186,8690,2014,25351.0,0.0,1.7116790000000002,-0.140232,AUT,RUS,820712
3806133,16,186,8690,2014,0.0,489059.0,-0.909508,-1.165158,AZE,RUS,820712
3806134,18,186,8690,2014,489037.0,3765.0,1.234156,1.226441,BEL,RUS,820712
3806135,23,186,8690,2014,1335.0,20414.0,0.579058,1.6558110000000001,BGR,RUS,820712
3806136,28,186,8690,2014,1058378.0,2003995.0,0.874108,0.676231,BLR,RUS,820712
3806137,31,186,8690,2014,37718.0,0.0,-1.129494,-1.030198,BOL,RUS,820712
3806138,32,186,8690,2014,14716.0,0.0,0.218223,0.556921,BRA,RUS,820712
3806139,39,186,8690,2014,1308060.0,512841.0,0.671395,1.024683,CAN,RUS,820712
3806140,41,186,8690,2014,6765.0,147261.0,2.2000919999999997,0.65398,CHE,RUS,820712
3806141,42,186,8690,2014,60135.0,1324493.0,-0.344671,-0.43380799999999997,CHL,RUS,820712
3806142,43,186,8690,2014,18717768.0,4574.0,1.187557,1.222085,CHN,RUS,820712
3806143,47,186,8690,2014,8653.0,0.0,-1.371624,-1.12468,COG,RUS,820712
3806144,49,186,8690,2014,0.0,36214.0,0.19864500000000002,-0.378364,COL,RUS,820712
3806145,59,186,8690,2014,107363.0,167326.0,1.8105830000000003,0.131131,CZE,RUS,820712
3806146,61,186,8690,2014,6898362.0,444317.0,2.052849,-2.888805,DEU,RUS,820712
3806147,71,186,8690,2014,183934.0,0.0,0.842147,2.45692,ESP,RUS,820712
3806148,72,186,8690,2014,115791.0,131298.0,0.9147780000000001,1.151556,EST,RUS,820712
3806149,73,186,8690,2014,0.0,16735.0,-1.296535,-1.045942,ETH,RUS,820712
3806150,74,186,8690,2014,532964.0,2817.0,1.626355,1.002923,FIN,RUS,820712
3806151,77,186,8690,2014,1642637.0,166380.0,1.4817790000000002,0.30995,FRA,RUS,820712
3806152,81,186,8690,2014,4069361.0,7340.0,1.697964,0.585372,GBR,RUS,820712
3806153,82,186,8690,2014,0.0,5975.0,-0.254106,-0.646584,GEO,RUS,820712
3806154,85,186,8690,2014,0.0,19702.0,-1.628409,-1.202473,GIN,RUS,820712
3806155,97,186,8690,2014,107765.0,0.0,0.812132,1.722493,HKG,RUS,820712
3806156,100,186,8690,2014,155425.0,0.0,0.804401,1.250807,HRV,RUS,820712
3806157,103,186,8690,2014,52528.0,52694.0,-0.088032,1.3966459999999998,IDN,RUS,820712
3806158,104,186,8690,2014,4518640.0,38114.0,0.262042,2.6305080000000003,IND,RUS,820712
3806159,106,186,8690,2014,2044146.0,0.0,1.2658399999999999,0.278546,IRL,RUS,820712
3806160,107,186,8690,2014,1946.0,493696.0,-0.361058,-0.312743,IRN,RUS,820712
3806161,108,186,8690,2014,0.0,77456.0,-2.9169,-0.882023,IRQ,RUS,820712
3806162,111,186,8690,2014,2909777.0,76351.0,1.340136,0.43931099999999995,ITA,RUS,820712
3806163,113,186,8690,2014,0.0,73790.0,0.210208,0.48732299999999995,JOR,RUS,820712
3806164,114,186,8690,2014,238689.0,0.0,2.403165,-0.635024,JPN,RUS,820712
3806165,115,186,8690,2014,147861.0,9830801.0,-0.210431,-0.574075,KAZ,RUS,820712
3806166,116,186,8690,2014,0.0,5420.0,-0.487058,0.307288,KEN,RUS,820712
3806167,117,186,8690,2014,6063.0,3302143.0,-0.31942600000000004,-0.012454,KGZ,RUS,820712
3806168,121,186,8690,2014,562449.0,29175.0,1.817145,0.8394530000000001,KOR,RUS,820712
3806169,122,186,8690,2014,22107.0,9282.0,-0.769616,-1.10667,KWT,RUS,820712
3806170,130,186,8690,2014,468859.0,392392.0,0.764495,1.3451540000000002,LTU,RUS,820712
3806171,132,186,8690,2014,1588.0,293883.0,0.613116,1.1899790000000001,LVA,RUS,820712
3806172,135,186,8690,2014,0.0,20462.0,-0.10438199999999999,-0.093194,MDA,RUS,820712
3806173,138,186,8690,2014,9580.0,159900.0,1.0799729999999998,0.697554,MEX,RUS,820712
3806174,140,186,8690,2014,0.0,891.0,-0.039799,-0.05545,MKD,RUS,820712
3806175,145,186,8690,2014,0.0,508736.0,-1.425524,-1.161949,MNG,RUS,820712
3806176,148,186,8690,2014,0.0,4994.0,-1.458551,-1.225373,MRT,RUS,820712
3806177,153,186,8690,2014,37024.0,0.0,1.018138,0.774649,MYS,RUS,820712
3806178,159,186,8690,2014,0.0,28263.0,-1.2126430000000001,-1.059697,NGA,RUS,820712
3806179,162,186,8690,2014,277502.0,180475.0,1.179325,1.355071,NLD,RUS,820712
3806180,163,186,8690,2014,1022497.0,231970.0,0.9187049999999999,0.182685,NOR,RUS,820712
3806181,167,186,8690,2014,0.0,54962.0,-0.505129,-1.0051370000000002,OMN,RUS,820712
3806182,173,186,8690,2014,64137.0,48412.0,-0.557833,0.611826,PER,RUS,820712
3806183,177,186,8690,2014,265368.0,1091.0,1.133102,1.177165,POL,RUS,820712
3806184,179,186,8690,2014,6192.0,0.0,0.621053,2.349644,PRT,RUS,820712
3806185,185,186,8690,2014,6057.0,6456.0,0.9112,1.188161,ROU,RUS,820712
3806186,188,186,8690,2014,2551577.0,20876.0,0.5758439999999999,-0.832692,SAU,RUS,820712
3806187,192,186,8690,2014,2932713.0,0.0,1.867492,0.626736,SGP,RUS,820712
3806188,201,186,8690,2014,0.0,12355.0,0.551635,1.211535,SRB,RUS,820712
3806189,206,186,8690,2014,87456.0,0.0,1.334959,0.821253,SVK,RUS,820712
3806190,208,186,8690,2014,150308.0,3290.0,1.817752,0.558474,SWE,RUS,820712
3806191,216,186,8690,2014,52734.0,0.0,0.977094,1.41283,THA,RUS,820712
3806192,217,186,8690,2014,6513.0,46943.0,-0.706823,-0.993756,TJK,RUS,820712
3806193,219,186,8690,2014,0.0,617132.0,-1.217897,-1.184131,TKM,RUS,820712
3806194,223,186,8690,2014,0.0,7307.0,0.343449,1.118007,TUN,RUS,820712
3806195,224,186,8690,2014,66353.0,282056.0,0.554761,2.385693,TUR,RUS,820712
3806196,228,186,8690,2014,1357890.0,6839245.0,0.566535,0.832267,UKR,RUS,820712
3806197,231,186,8690,2014,30524802.0,4081326.0,1.61227,0.068905,USA,RUS,820712
3806198,232,186,8690,2014,0.0,3274882.0,-0.407623,-0.37150700000000003,UZB,RUS,820712
3806199,239,186,8690,2014,0.0,492092.0,-0.023765,1.344416,VNM,RUS,820712
3806200,246,186,8690,2014,98240.0,417587.0,0.282927,1.723214,ZAF,RUS,820712
3806201,249,186,8690,2014,14069.0,0.0,1.9044189999999999,1.0595139999999998,TWN,RUS,820712
3806202,7,201,8690,2014,270205.0,0.0,0.087775,-0.289459,ARE,SRB,820712
3806203,14,201,8690,2014,964.0,0.0,-0.398273,-0.17128,AUS,SRB,820712
3806204,15,201,8690,2014,23173.0,0.0,1.7116790000000002,-0.140232,AUT,SRB,820712
3806205,18,201,8690,2014,69317.0,0.0,1.234156,1.226441,BEL,SRB,820712
3806206,23,201,8690,2014,13593.0,8086.0,0.579058,1.6558110000000001,BGR,SRB,820712
3806207,26,201,8690,2014,0.0,77287.0,0.5083300000000001,0.711704,BIH,SRB,820712
3806208,39,201,8690,2014,25675.0,0.0,0.671395,1.024683,CAN,SRB,820712
3806209,43,201,8690,2014,162251.0,0.0,1.187557,1.222085,CHN,SRB,820712
3806210,59,201,8690,2014,47591.0,0.0,1.8105830000000003,0.131131,CZE,SRB,820712
3806211,61,201,8690,2014,1609272.0,1472.0,2.052849,-2.888805,DEU,SRB,820712
3806212,71,201,8690,2014,7575.0,0.0,0.842147,2.45692,ESP,SRB,820712
3806213,74,201,8690,2014,4374.0,0.0,1.626355,1.002923,FIN,SRB,820712
3806214,77,201,8690,2014,190985.0,0.0,1.4817790000000002,0.30995,FRA,SRB,820712
3806215,81,201,8690,2014,27428.0,5881.0,1.697964,0.585372,GBR,SRB,820712
3806216,90,201,8690,2014,17896.0,24278.0,0.149337,0.8560540000000001,GRC,SRB,820712
3806217,100,201,8690,2014,9859.0,4954.0,0.804401,1.250807,HRV,SRB,820712
3806218,102,201,8690,2014,11700.0,2459.0,1.477093,0.812869,HUN,SRB,820712
3806219,104,201,8690,2014,54167.0,0.0,0.262042,2.6305080000000003,IND,SRB,820712
3806220,111,201,8690,2014,29983.0,0.0,1.340136,0.43931099999999995,ITA,SRB,820712
3806221,114,201,8690,2014,408.0,0.0,2.403165,-0.635024,JPN,SRB,820712
3806222,121,201,8690,2014,9105.0,0.0,1.817145,0.8394530000000001,KOR,SRB,820712
3806223,138,201,8690,2014,54296.0,0.0,1.0799729999999998,0.697554,MEX,SRB,820712
3806224,140,201,8690,2014,0.0,10734.0,-0.039799,-0.05545,MKD,SRB,820712
3806225,144,201,8690,2014,0.0,5416.0,-0.17039100000000001,-0.21762399999999998,MNE,SRB,820712
3806226,162,201,8690,2014,7086.0,0.0,1.179325,1.355071,NLD,SRB,820712
3806227,163,201,8690,2014,4073.0,0.0,0.9187049999999999,0.182685,NOR,SRB,820712
3806228,173,201,8690,2014,0.0,37623.0,-0.557833,0.611826,PER,SRB,820712
3806229,177,201,8690,2014,17014.0,0.0,1.133102,1.177165,POL,SRB,820712
3806230,185,201,8690,2014,0.0,1133.0,0.9112,1.188161,ROU,SRB,820712
3806231,186,201,8690,2014,12355.0,0.0,0.229422,-0.214856,RUS,SRB,820712
3806232,207,201,8690,2014,16224.0,1510.0,1.6558669999999998,0.6814399999999999,SVN,SRB,820712
3806233,224,201,8690,2014,1738.0,0.0,0.554761,2.385693,TUR,SRB,820712
3806234,231,201,8690,2014,30099.0,0.0,1.61227,0.068905,USA,SRB,820712
3806235,246,201,8690,2014,337.0,0.0,0.282927,1.723214,ZAF,SRB,820712
3806236,7,211,8690,2014,11025.0,0.0,0.087775,-0.289459,ARE,SYC,820712
3806237,39,211,8690,2014,1233.0,0.0,0.671395,1.024683,CAN,SYC,820712
3806238,43,211,8690,2014,716.0,0.0,1.187557,1.222085,CHN,SYC,820712
3806239,81,211,8690,2014,67618.0,0.0,1.697964,0.585372,GBR,SYC,820712
3806240,111,211,8690,2014,9500.0,0.0,1.340136,0.43931099999999995,ITA,SYC,820712
3806241,192,211,8690,2014,3965.0,0.0,1.867492,0.626736,SGP,SYC,820712
3806242,246,211,8690,2014,2694.0,0.0,0.282927,1.723214,ZAF,SYC,820712
3806243,15,4,8690,2014,0.0,59075.0,1.7116790000000002,-0.140232,AUT,ALB,820712
3806244,39,4,8690,2014,1624813.0,15354.0,0.671395,1.024683,CAN,ALB,820712
3806245,43,4,8690,2014,29605.0,0.0,1.187557,1.222085,CHN,ALB,820712
3806246,61,4,8690,2014,756982.0,0.0,2.052849,-2.888805,DEU,ALB,820712
3806247,77,4,8690,2014,0.0,40025.0,1.4817790000000002,0.30995,FRA,ALB,820712
3806248,111,4,8690,2014,489001.0,211607.0,1.340136,0.43931099999999995,ITA,ALB,820712
3806249,173,4,8690,2014,0.0,2637.0,-0.557833,0.611826,PER,ALB,820712
3806250,185,4,8690,2014,659215.0,134746.0,0.9112,1.188161,ROU,ALB,820712
3806251,224,4,8690,2014,140100.0,0.0,0.554761,2.385693,TUR,ALB,820712
3806252,231,4,8690,2014,172283.0,0.0,1.61227,0.068905,USA,ALB,820712
3806253,231,13,8690,2014,19029.0,0.0,1.61227,0.068905,USA,ATG,820712
3806254,14,21,8690,2014,125476.0,0.0,-0.398273,-0.17128,AUS,BFA,820712
3806255,15,21,8690,2014,5491.0,0.0,1.7116790000000002,-0.140232,AUT,BFA,820712
3806256,18,21,8690,2014,278964.0,2648.0,1.234156,1.226441,BEL,BFA,820712
3806257,39,21,8690,2014,603732.0,0.0,0.671395,1.024683,CAN,BFA,820712
3806258,44,21,8690,2014,44163.0,118291.0,-0.737625,-0.768728,CIV,BFA,820712
3806259,47,21,8690,2014,1379.0,0.0,-1.371624,-1.12468,COG,BFA,820712
3806260,61,21,8690,2014,2268.0,0.0,2.052849,-2.888805,DEU,BFA,820712
3806261,73,21,8690,2014,2223.0,0.0,-1.296535,-1.045942,ETH,BFA,820712
3806262,77,21,8690,2014,129948.0,0.0,1.4817790000000002,0.30995,FRA,BFA,820712
3806263,81,21,8690,2014,132819.0,0.0,1.697964,0.585372,GBR,BFA,820712
3806264,83,21,8690,2014,26664.0,84446.0,-1.130226,-0.9909379999999999,GHA,BFA,820712
3806265,104,21,8690,2014,3992.0,0.0,0.262042,2.6305080000000003,IND,BFA,820712
3806266,111,21,8690,2014,3438.0,0.0,1.340136,0.43931099999999995,ITA,BFA,820712
3806267,141,21,8690,2014,7231.0,77114.0,-1.199063,-1.05497,MLI,BFA,820712
3806268,191,21,8690,2014,79803.0,0.0,-0.502607,-0.08866,SEN,BFA,820712
3806269,208,21,8690,2014,129635.0,0.0,1.817752,0.558474,SWE,BFA,820712
3806270,231,21,8690,2014,2532.0,0.0,1.61227,0.068905,USA,BFA,820712
3806271,246,21,8690,2014,22668.0,320.0,0.282927,1.723214,ZAF,BFA,820712
3806272,14,22,8690,2014,10648.0,0.0,-0.398273,-0.17128,AUS,BGD,820712
3806273,43,22,8690,2014,49389.0,0.0,1.187557,1.222085,CHN,BGD,820712
3806274,77,22,8690,2014,20382.0,0.0,1.4817790000000002,0.30995,FRA,BGD,820712
3806275,81,22,8690,2014,71544.0,0.0,1.697964,0.585372,GBR,BGD,820712
3806276,104,22,8690,2014,12164.0,0.0,0.262042,2.6305080000000003,IND,BGD,820712
3806277,192,22,8690,2014,486726.0,32193.0,1.867492,0.626736,SGP,BGD,820712
3806278,216,22,8690,2014,3327.0,0.0,0.977094,1.41283,THA,BGD,820712
3806279,42,29,8690,2014,49304.0,0.0,-0.344671,-0.43380799999999997,CHL,BLZ,820712
3806280,138,29,8690,2014,5256.0,0.0,1.0799729999999998,0.697554,MEX,BLZ,820712
3806281,231,29,8690,2014,1384.0,0.0,1.61227,0.068905,USA,BLZ,820712
3806282,2,31,8690,2014,0.0,12199.0,-1.8184900000000002,-1.149191,AGO,BOL,820712
3806283,8,31,8690,2014,95618.0,226118.0,0.10691500000000001,0.44860600000000006,ARG,BOL,820712
3806284,14,31,8690,2014,2639.0,22884.0,-0.398273,-0.17128,AUS,BOL,820712
3806285,15,31,8690,2014,26608.0,0.0,1.7116790000000002,-0.140232,AUT,BOL,820712
3806286,18,31,8690,2014,49870.0,0.0,1.234156,1.226441,BEL,BOL,820712
3806287,32,31,8690,2014,164564.0,0.0,0.218223,0.556921,BRA,BOL,820712
3806288,39,31,8690,2014,9831.0,5078.0,0.671395,1.024683,CAN,BOL,820712
3806289,41,31,8690,2014,12647.0,0.0,2.2000919999999997,0.65398,CHE,BOL,820712
3806290,42,31,8690,2014,248039.0,11513.0,-0.344671,-0.43380799999999997,CHL,BOL,820712
3806291,43,31,8690,2014,97748.0,0.0,1.187557,1.222085,CHN,BOL,820712
3806292,49,31,8690,2014,34788.0,56546.0,0.19864500000000002,-0.378364,COL,BOL,820712
3806293,59,31,8690,2014,884.0,0.0,1.8105830000000003,0.131131,CZE,BOL,820712
3806294,61,31,8690,2014,154159.0,0.0,2.052849,-2.888805,DEU,BOL,820712
3806295,67,31,8690,2014,0.0,6302.0,-1.066865,-1.052921,ECU,BOL,820712
3806296,68,31,8690,2014,0.0,16537.0,-0.086866,1.7419669999999998,EGY,BOL,820712
3806297,71,31,8690,2014,12974.0,0.0,0.842147,2.45692,ESP,BOL,820712
3806298,74,31,8690,2014,1983.0,0.0,1.626355,1.002923,FIN,BOL,820712
3806299,77,31,8690,2014,46144.0,0.0,1.4817790000000002,0.30995,FRA,BOL,820712
3806300,81,31,8690,2014,169381.0,0.0,1.697964,0.585372,GBR,BOL,820712
3806301,97,31,8690,2014,34265.0,0.0,0.812132,1.722493,HKG,BOL,820712
3806302,103,31,8690,2014,2023.0,0.0,-0.088032,1.3966459999999998,IDN,BOL,820712
3806303,104,31,8690,2014,842.0,0.0,0.262042,2.6305080000000003,IND,BOL,820712
3806304,111,31,8690,2014,427796.0,21348.0,1.340136,0.43931099999999995,ITA,BOL,820712
3806305,114,31,8690,2014,7953.0,0.0,2.403165,-0.635024,JPN,BOL,820712
3806306,121,31,8690,2014,5241.0,0.0,1.817145,0.8394530000000001,KOR,BOL,820712
3806307,138,31,8690,2014,223087.0,21751.0,1.0799729999999998,0.697554,MEX,BOL,820712
3806308,163,31,8690,2014,36816.0,49591.0,0.9187049999999999,0.182685,NOR,BOL,820712
3806309,168,31,8690,2014,0.0,5170.0,-0.672924,0.566787,PAK,BOL,820712
3806310,173,31,8690,2014,407910.0,15409.0,-0.557833,0.611826,PER,BOL,820712
3806311,177,31,8690,2014,968.0,0.0,1.133102,1.177165,POL,BOL,820712
3806312,180,31,8690,2014,2570.0,2999.0,-0.608509,-0.930679,PRY,BOL,820712
3806313,186,31,8690,2014,0.0,37718.0,0.229422,-0.214856,RUS,BOL,820712
3806314,192,31,8690,2014,32757.0,3287.0,1.867492,0.626736,SGP,BOL,820712
3806315,208,31,8690,2014,966693.0,0.0,1.817752,0.558474,SWE,BOL,820712
3806316,216,31,8690,2014,1240.0,0.0,0.977094,1.41283,THA,BOL,820712
3806317,222,31,8690,2014,0.0,11787.0,-0.57362,-1.117545,TTO,BOL,820712
3806318,231,31,8690,2014,3992625.0,1063290.0,1.61227,0.068905,USA,BOL,820712
3806319,239,31,8690,2014,1139.0,0.0,-0.023765,1.344416,VNM,BOL,820712
3806320,246,31,8690,2014,83533.0,0.0,0.282927,1.723214,ZAF,BOL,820712
3806321,61,35,8690,2014,728333.0,0.0,2.052849,-2.888805,DEU,BTN,820712
3806322,104,35,8690,2014,5351.0,0.0,0.262042,2.6305080000000003,IND,BTN,820712
3806323,114,35,8690,2014,11870.0,0.0,2.403165,-0.635024,JPN,BTN,820712
3806324,216,35,8690,2014,6527.0,0.0,0.977094,1.41283,THA,BTN,820712
3806325,18,37,8690,2014,6478.0,0.0,1.234156,1.226441,BEL,BWA,820712
3806326,46,37,8690,2014,0.0,10079.0,-1.6680240000000002,-1.1265129999999999,COD,BWA,820712
3806327,61,37,8690,2014,2525.0,13451.0,2.052849,-2.888805,DEU,BWA,820712
3806328,104,37,8690,2014,1014.0,0.0,0.262042,2.6305080000000003,IND,BWA,820712
3806329,192,37,8690,2014,42694.0,0.0,1.867492,0.626736,SGP,BWA,820712
3806330,231,37,8690,2014,2743.0,97489.0,1.61227,0.068905,USA,BWA,820712
3806331,246,37,8690,2014,1297805.0,7217.0,0.282927,1.723214,ZAF,BWA,820712
3806332,247,37,8690,2014,17439.0,4740.0,-0.664089,-0.793452,ZMB,BWA,820712
3806333,248,37,8690,2014,3437.0,1748.0,-0.821369,-0.864232,ZWE,BWA,820712
3806334,2,45,8690,2014,0.0,9345.0,-1.8184900000000002,-1.149191,AGO,CMR,820712
3806335,7,45,8690,2014,61018.0,0.0,0.087775,-0.289459,ARE,CMR,820712
3806336,14,45,8690,2014,136214.0,8104.0,-0.398273,-0.17128,AUS,CMR,820712
3806337,18,45,8690,2014,273265.0,0.0,1.234156,1.226441,BEL,CMR,820712
3806338,19,45,8690,2014,0.0,33529.0,-0.342225,-0.618789,BEN,CMR,820712
3806339,39,45,8690,2014,418913.0,0.0,0.671395,1.024683,CAN,CMR,820712
3806340,43,45,8690,2014,24525.0,0.0,1.187557,1.222085,CHN,CMR,820712
3806341,44,45,8690,2014,0.0,35903.0,-0.737625,-0.768728,CIV,CMR,820712
3806342,47,45,8690,2014,27488.0,145179.0,-1.371624,-1.12468,COG,CMR,820712
3806343,61,45,8690,2014,30751.0,31543.0,2.052849,-2.888805,DEU,CMR,820712
3806344,68,45,8690,2014,0.0,16134.0,-0.086866,1.7419669999999998,EGY,CMR,820712
3806345,77,45,8690,2014,476489.0,0.0,1.4817790000000002,0.30995,FRA,CMR,820712
3806346,80,45,8690,2014,6225.0,497561.0,-1.625474,-1.135973,GAB,CMR,820712
3806347,81,45,8690,2014,428592.0,382499.0,1.697964,0.585372,GBR,CMR,820712
3806348,89,45,8690,2014,0.0,191037.0,-2.043516,-0.844701,GNQ,CMR,820712
3806349,103,45,8690,2014,0.0,18398.0,-0.088032,1.3966459999999998,IDN,CMR,820712
3806350,111,45,8690,2014,14109.0,0.0,1.340136,0.43931099999999995,ITA,CMR,820712
3806351,114,45,8690,2014,2104.0,0.0,2.403165,-0.635024,JPN,CMR,820712
3806352,116,45,8690,2014,0.0,58026.0,-0.487058,0.307288,KEN,CMR,820712
3806353,121,45,8690,2014,24910.0,0.0,1.817145,0.8394530000000001,KOR,CMR,820712
3806354,131,45,8690,2014,37000.0,0.0,1.243845,1.155474,LUX,CMR,820712
3806355,147,45,8690,2014,0.0,50674.0,-1.1993610000000001,-1.040181,MOZ,CMR,820712
3806356,155,45,8690,2014,45602.0,0.0,-0.428227,-0.5632229999999999,NAM,CMR,820712
3806357,159,45,8690,2014,0.0,765133.0,-1.2126430000000001,-1.059697,NGA,CMR,820712
3806358,162,45,8690,2014,40084.0,156071.0,1.179325,1.355071,NLD,CMR,820712
3806359,163,45,8690,2014,27928.0,0.0,0.9187049999999999,0.182685,NOR,CMR,820712
3806360,179,45,8690,2014,1033.0,0.0,0.621053,2.349644,PRT,CMR,820712
3806361,192,45,8690,2014,244449.0,27419.0,1.867492,0.626736,SGP,CMR,820712
3806362,208,45,8690,2014,124188.0,0.0,1.817752,0.558474,SWE,CMR,820712
3806363,223,45,8690,2014,0.0,9639.0,0.343449,1.118007,TUN,CMR,820712
3806364,224,45,8690,2014,9228.0,0.0,0.554761,2.385693,TUR,CMR,820712
3806365,231,45,8690,2014,4216402.0,220741.0,1.61227,0.068905,USA,CMR,820712
3806366,246,45,8690,2014,18257.0,3151.0,0.282927,1.723214,ZAF,CMR,820712
3806367,2,46,8690,2014,0.0,14330.0,-1.8184900000000002,-1.149191,AGO,COD,820712
3806368,14,46,8690,2014,79870.0,0.0,-0.398273,-0.17128,AUS,COD,820712
3806369,18,46,8690,2014,85919.0,0.0,1.234156,1.226441,BEL,COD,820712
3806370,32,46,8690,2014,1189.0,0.0,0.218223,0.556921,BRA,COD,820712
3806371,37,46,8690,2014,10079.0,0.0,-0.60221,-1.104578,BWA,COD,820712
3806372,43,46,8690,2014,229544.0,0.0,1.187557,1.222085,CHN,COD,820712
3806373,47,46,8690,2014,132220.0,65459.0,-1.371624,-1.12468,COG,COD,820712
3806374,61,46,8690,2014,1236.0,0.0,2.052849,-2.888805,DEU,COD,820712
3806375,77,46,8690,2014,254796.0,0.0,1.4817790000000002,0.30995,FRA,COD,820712
3806376,97,46,8690,2014,22131.0,0.0,0.812132,1.722493,HKG,COD,820712
3806377,104,46,8690,2014,426487.0,0.0,0.262042,2.6305080000000003,IND,COD,820712
3806378,155,46,8690,2014,0.0,485047.0,-0.428227,-0.5632229999999999,NAM,COD,820712
3806379,188,46,8690,2014,60566.0,0.0,0.5758439999999999,-0.832692,SAU,COD,820712
3806380,231,46,8690,2014,48984.0,0.0,1.61227,0.068905,USA,COD,820712
3806381,246,46,8690,2014,1168669.0,0.0,0.282927,1.723214,ZAF,COD,820712
3806382,247,46,8690,2014,484808.0,0.0,-0.664089,-0.793452,ZMB,COD,820712
3806383,2,47,8690,2014,0.0,9572.0,-1.8184900000000002,-1.149191,AGO,COG,820712
3806384,7,47,8690,2014,16797.0,0.0,0.087775,-0.289459,ARE,COG,820712
3806385,14,47,8690,2014,0.0,5956.0,-0.398273,-0.17128,AUS,COG,820712
3806386,18,47,8690,2014,270922.0,2787.0,1.234156,1.226441,BEL,COG,820712
3806387,21,47,8690,2014,0.0,1379.0,-0.922401,-0.9554379999999999,BFA,COG,820712
3806388,32,47,8690,2014,66146.0,0.0,0.218223,0.556921,BRA,COG,820712
3806389,39,47,8690,2014,2458.0,0.0,0.671395,1.024683,CAN,COG,820712
3806390,43,47,8690,2014,235784.0,0.0,1.187557,1.222085,CHN,COG,820712
3806391,44,47,8690,2014,0.0,1514.0,-0.737625,-0.768728,CIV,COG,820712
3806392,45,47,8690,2014,145179.0,27488.0,-0.6723520000000001,-0.945084,CMR,COG,820712
3806393,46,47,8690,2014,65459.0,132220.0,-1.6680240000000002,-1.1265129999999999,COD,COG,820712
3806394,61,47,8690,2014,36782.0,78691.0,2.052849,-2.888805,DEU,COG,820712
3806395,68,47,8690,2014,0.0,12980.0,-0.086866,1.7419669999999998,EGY,COG,820712
3806396,71,47,8690,2014,14689.0,0.0,0.842147,2.45692,ESP,COG,820712
3806397,77,47,8690,2014,1344620.0,16790.0,1.4817790000000002,0.30995,FRA,COG,820712
3806398,80,47,8690,2014,34088.0,383054.0,-1.625474,-1.135973,GAB,COG,820712
3806399,81,47,8690,2014,529740.0,215284.0,1.697964,0.585372,GBR,COG,820712
3806400,83,47,8690,2014,0.0,491678.0,-1.130226,-0.9909379999999999,GHA,COG,820712
3806401,103,47,8690,2014,17075.0,0.0,-0.088032,1.3966459999999998,IDN,COG,820712
3806402,104,47,8690,2014,36808.0,0.0,0.262042,2.6305080000000003,IND,COG,820712
3806403,107,47,8690,2014,5006.0,0.0,-0.361058,-0.312743,IRN,COG,820712
3806404,111,47,8690,2014,297782.0,12045.0,1.340136,0.43931099999999995,ITA,COG,820712
3806405,121,47,8690,2014,619508.0,0.0,1.817145,0.8394530000000001,KOR,COG,820712
3806406,124,47,8690,2014,6276.0,0.0,0.308677,1.7564490000000001,LBN,COG,820712
3806407,138,47,8690,2014,65058.0,0.0,1.0799729999999998,0.697554,MEX,COG,820712
3806408,155,47,8690,2014,15842.0,0.0,-0.428227,-0.5632229999999999,NAM,COG,820712
3806409,159,47,8690,2014,4123.0,0.0,-1.2126430000000001,-1.059697,NGA,COG,820712
3806410,162,47,8690,2014,3093.0,0.0,1.179325,1.355071,NLD,COG,820712
3806411,163,47,8690,2014,251379.0,0.0,0.9187049999999999,0.182685,NOR,COG,820712
3806412,186,47,8690,2014,0.0,8653.0,0.229422,-0.214856,RUS,COG,820712
3806413,188,47,8690,2014,341756.0,0.0,0.5758439999999999,-0.832692,SAU,COG,820712
3806414,192,47,8690,2014,45055.0,3699.0,1.867492,0.626736,SGP,COG,820712
3806415,208,47,8690,2014,499.0,0.0,1.817752,0.558474,SWE,COG,820712
3806416,214,47,8690,2014,0.0,49660.0,-2.012048,-0.921558,TCD,COG,820712
3806417,224,47,8690,2014,2024.0,0.0,0.554761,2.385693,TUR,COG,820712
3806418,231,47,8690,2014,3528116.0,5351.0,1.61227,0.068905,USA,COG,820712
3806419,246,47,8690,2014,48776.0,0.0,0.282927,1.723214,ZAF,COG,820712
3806420,247,47,8690,2014,3261.0,0.0,-0.664089,-0.793452,ZMB,COG,820712
3806421,250,47,8690,2014,31562.0,0.0,0.506842,0.049545,ANS,COG,820712
3806422,39,51,8690,2014,22970.0,0.0,0.671395,1.024683,CAN,CPV,820712
3806423,71,51,8690,2014,18587.0,0.0,0.842147,2.45692,ESP,CPV,820712
3806424,128,51,8690,2014,2069.0,0.0,-0.49366899999999997,0.338686,LKA,CPV,820712
3806425,179,51,8690,2014,26136.0,0.0,0.621053,2.349644,PRT,CPV,820712
3806426,32,54,8690,2014,3795.0,0.0,0.218223,0.556921,BRA,CUB,820712
3806427,39,54,8690,2014,2027570.0,0.0,0.671395,1.024683,CAN,CUB,820712
3806428,43,54,8690,2014,1264690.0,0.0,1.187557,1.222085,CHN,CUB,820712
3806429,61,54,8690,2014,8084.0,0.0,2.052849,-2.888805,DEU,CUB,820712
3806430,71,54,8690,2014,88401.0,0.0,0.842147,2.45692,ESP,CUB,820712
3806431,111,54,8690,2014,7615.0,0.0,1.340136,0.43931099999999995,ITA,CUB,820712
3806432,114,54,8690,2014,665080.0,0.0,2.403165,-0.635024,JPN,CUB,820712
3806433,138,54,8690,2014,4144.0,0.0,1.0799729999999998,0.697554,MEX,CUB,820712
3806434,163,54,8690,2014,476477.0,6161.0,0.9187049999999999,0.182685,NOR,CUB,820712
3806435,169,54,8690,2014,16207.0,0.0,0.771742,0.9873190000000001,PAN,CUB,820712
3806436,177,54,8690,2014,13291.0,0.0,1.133102,1.177165,POL,CUB,820712
3806437,7,62,8690,2014,109001.0,0.0,0.087775,-0.289459,ARE,DJI,820712
3806438,43,62,8690,2014,137380.0,0.0,1.187557,1.222085,CHN,DJI,820712
3806439,121,62,8690,2014,5311.0,0.0,1.817145,0.8394530000000001,KOR,DJI,820712
3806440,7,66,8690,2014,22597.0,0.0,0.087775,-0.289459,ARE,DZA,820712
3806441,14,66,8690,2014,31904.0,0.0,-0.398273,-0.17128,AUS,DZA,820712
3806442,15,66,8690,2014,93334.0,0.0,1.7116790000000002,-0.140232,AUT,DZA,820712
3806443,18,66,8690,2014,1001735.0,0.0,1.234156,1.226441,BEL,DZA,820712
3806444,32,66,8690,2014,267593.0,54369.0,0.218223,0.556921,BRA,DZA,820712
3806445,39,66,8690,2014,17628.0,0.0,0.671395,1.024683,CAN,DZA,820712
3806446,41,66,8690,2014,6759.0,0.0,2.2000919999999997,0.65398,CHE,DZA,820712
3806447,42,66,8690,2014,4974.0,0.0,-0.344671,-0.43380799999999997,CHL,DZA,820712
3806448,43,66,8690,2014,1013204.0,0.0,1.187557,1.222085,CHN,DZA,820712
3806449,61,66,8690,2014,555244.0,0.0,2.052849,-2.888805,DEU,DZA,820712
3806450,71,66,8690,2014,431131.0,0.0,0.842147,2.45692,ESP,DZA,820712
3806451,74,66,8690,2014,21729.0,0.0,1.626355,1.002923,FIN,DZA,820712
3806452,77,66,8690,2014,8753180.0,172990.0,1.4817790000000002,0.30995,FRA,DZA,820712
3806453,81,66,8690,2014,6118645.0,0.0,1.697964,0.585372,GBR,DZA,820712
3806454,100,66,8690,2014,1723.0,0.0,0.804401,1.250807,HRV,DZA,820712
3806455,102,66,8690,2014,5337.0,0.0,1.477093,0.812869,HUN,DZA,820712
3806456,103,66,8690,2014,28440.0,0.0,-0.088032,1.3966459999999998,IDN,DZA,820712
3806457,104,66,8690,2014,321461.0,0.0,0.262042,2.6305080000000003,IND,DZA,820712
3806458,111,66,8690,2014,4080086.0,0.0,1.340136,0.43931099999999995,ITA,DZA,820712
3806459,114,66,8690,2014,105218.0,0.0,2.403165,-0.635024,JPN,DZA,820712
3806460,121,66,8690,2014,315189.0,0.0,1.817145,0.8394530000000001,KOR,DZA,820712
3806461,131,66,8690,2014,21175.0,0.0,1.243845,1.155474,LUX,DZA,820712
3806462,138,66,8690,2014,378547.0,0.0,1.0799729999999998,0.697554,MEX,DZA,820712
3806463,148,66,8690,2014,32630.0,9982.0,-1.458551,-1.225373,MRT,DZA,820712
3806464,163,66,8690,2014,61819.0,0.0,0.9187049999999999,0.182685,NOR,DZA,820712
3806465,177,66,8690,2014,1772.0,0.0,1.133102,1.177165,POL,DZA,820712
3806466,179,66,8690,2014,15520.0,0.0,0.621053,2.349644,PRT,DZA,820712
3806467,188,66,8690,2014,2136132.0,0.0,0.5758439999999999,-0.832692,SAU,DZA,820712
3806468,192,66,8690,2014,445578.0,3110.0,1.867492,0.626736,SGP,DZA,820712
3806469,207,66,8690,2014,986.0,0.0,1.6558669999999998,0.6814399999999999,SVN,DZA,820712
3806470,208,66,8690,2014,13852.0,0.0,1.817752,0.558474,SWE,DZA,820712
3806471,216,66,8690,2014,18631.0,0.0,0.977094,1.41283,THA,DZA,820712
3806472,217,66,8690,2014,18987.0,0.0,-0.706823,-0.993756,TJK,DZA,820712
3806473,223,66,8690,2014,664467.0,0.0,0.343449,1.118007,TUN,DZA,820712
3806474,224,66,8690,2014,113224.0,0.0,0.554761,2.385693,TUR,DZA,820712
3806475,231,66,8690,2014,9151125.0,209254.0,1.61227,0.068905,USA,DZA,820712
3806476,246,66,8690,2014,9147.0,0.0,0.282927,1.723214,ZAF,DZA,820712
3806477,249,66,8690,2014,84904.0,0.0,1.9044189999999999,1.0595139999999998,TWN,DZA,820712
3806478,7,73,8690,2014,2819.0,265094.0,0.087775,-0.289459,ARE,ETH,820712
3806479,21,73,8690,2014,0.0,2223.0,-0.922401,-0.9554379999999999,BFA,ETH,820712
3806480,39,73,8690,2014,281236.0,0.0,0.671395,1.024683,CAN,ETH,820712
3806481,41,73,8690,2014,101570.0,0.0,2.2000919999999997,0.65398,CHE,ETH,820712
3806482,43,73,8690,2014,207538.0,0.0,1.187557,1.222085,CHN,ETH,820712
3806483,61,73,8690,2014,249119.0,0.0,2.052849,-2.888805,DEU,ETH,820712
3806484,74,73,8690,2014,454.0,0.0,1.626355,1.002923,FIN,ETH,820712
3806485,77,73,8690,2014,60678.0,213028.0,1.4817790000000002,0.30995,FRA,ETH,820712
3806486,81,73,8690,2014,22464.0,0.0,1.697964,0.585372,GBR,ETH,820712
3806487,97,73,8690,2014,1229.0,0.0,0.812132,1.722493,HKG,ETH,820712
3806488,104,73,8690,2014,59791.0,0.0,0.262042,2.6305080000000003,IND,ETH,820712
3806489,111,73,8690,2014,714382.0,0.0,1.340136,0.43931099999999995,ITA,ETH,820712
3806490,114,73,8690,2014,39824.0,0.0,2.403165,-0.635024,JPN,ETH,820712
3806491,116,73,8690,2014,3766.0,0.0,-0.487058,0.307288,KEN,ETH,820712
3806492,121,73,8690,2014,1730.0,0.0,1.817145,0.8394530000000001,KOR,ETH,820712
3806493,128,73,8690,2014,3913.0,0.0,-0.49366899999999997,0.338686,LKA,ETH,820712
3806494,138,73,8690,2014,12220.0,0.0,1.0799729999999998,0.697554,MEX,ETH,820712
3806495,168,73,8690,2014,0.0,1417.0,-0.672924,0.566787,PAK,ETH,820712
3806496,177,73,8690,2014,57817.0,0.0,1.133102,1.177165,POL,ETH,820712
3806497,186,73,8690,2014,16735.0,0.0,0.229422,-0.214856,RUS,ETH,820712
3806498,192,73,8690,2014,37451.0,0.0,1.867492,0.626736,SGP,ETH,820712
3806499,208,73,8690,2014,30891.0,0.0,1.817752,0.558474,SWE,ETH,820712
3806500,216,73,8690,2014,4436.0,0.0,0.977094,1.41283,THA,ETH,820712
3806501,224,73,8690,2014,73867.0,0.0,0.554761,2.385693,TUR,ETH,820712
3806502,227,73,8690,2014,1715.0,0.0,-0.46911800000000003,0.25446599999999997,UGA,ETH,820712
3806503,228,73,8690,2014,9170.0,0.0,0.566535,0.832267,UKR,ETH,820712
3806504,231,73,8690,2014,467932.0,244786.0,1.61227,0.068905,USA,ETH,820712
3806505,246,73,8690,2014,141526.0,803.0,0.282927,1.723214,ZAF,ETH,820712
3806506,247,73,8690,2014,2966.0,0.0,-0.664089,-0.793452,ZMB,ETH,820712
3806507,250,73,8690,2014,160785.0,0.0,0.506842,0.049545,ANS,ETH,820712
3806508,7,80,8690,2014,20567.0,0.0,0.087775,-0.289459,ARE,GAB,820712
3806509,18,80,8690,2014,357157.0,0.0,1.234156,1.226441,BEL,GAB,820712
3806510,19,80,8690,2014,30733.0,29966.0,-0.342225,-0.618789,BEN,GAB,820712
3806511,32,80,8690,2014,47051.0,0.0,0.218223,0.556921,BRA,GAB,820712
3806512,39,80,8690,2014,1063772.0,0.0,0.671395,1.024683,CAN,GAB,820712
3806513,43,80,8690,2014,379800.0,0.0,1.187557,1.222085,CHN,GAB,820712
3806514,44,80,8690,2014,4300.0,0.0,-0.737625,-0.768728,CIV,GAB,820712
3806515,45,80,8690,2014,497561.0,6225.0,-0.6723520000000001,-0.945084,CMR,GAB,820712
3806516,47,80,8690,2014,383054.0,34088.0,-1.371624,-1.12468,COG,GAB,820712
3806517,61,80,8690,2014,165669.0,0.0,2.052849,-2.888805,DEU,GAB,820712
3806518,77,80,8690,2014,1118056.0,46094.0,1.4817790000000002,0.30995,FRA,GAB,820712
3806519,81,80,8690,2014,533933.0,0.0,1.697964,0.585372,GBR,GAB,820712
3806520,104,80,8690,2014,11065.0,0.0,0.262042,2.6305080000000003,IND,GAB,820712
3806521,111,80,8690,2014,177456.0,0.0,1.340136,0.43931099999999995,ITA,GAB,820712
3806522,124,80,8690,2014,1245.0,0.0,0.308677,1.7564490000000001,LBN,GAB,820712
3806523,134,80,8690,2014,410749.0,0.0,-0.574034,0.065788,MAR,GAB,820712
3806524,153,80,8690,2014,21470.0,0.0,1.018138,0.774649,MYS,GAB,820712
3806525,163,80,8690,2014,68811.0,0.0,0.9187049999999999,0.182685,NOR,GAB,820712
3806526,167,80,8690,2014,3542.0,0.0,-0.505129,-1.0051370000000002,OMN,GAB,820712
3806527,188,80,8690,2014,94984.0,0.0,0.5758439999999999,-0.832692,SAU,GAB,820712
3806528,192,80,8690,2014,170251.0,0.0,1.867492,0.626736,SGP,GAB,820712
3806529,224,80,8690,2014,1275.0,0.0,0.554761,2.385693,TUR,GAB,820712
3806530,231,80,8690,2014,4333499.0,13435.0,1.61227,0.068905,USA,GAB,820712
3806531,239,80,8690,2014,5850.0,0.0,-0.023765,1.344416,VNM,GAB,820712
3806532,246,80,8690,2014,6682.0,0.0,0.282927,1.723214,ZAF,GAB,820712
3806533,14,83,8690,2014,924982.0,0.0,-0.398273,-0.17128,AUS,GHA,820712
3806534,18,83,8690,2014,9460.0,0.0,1.234156,1.226441,BEL,GHA,820712
3806535,19,83,8690,2014,231241.0,630796.0,-0.342225,-0.618789,BEN,GHA,820712
3806536,21,83,8690,2014,84446.0,26664.0,-0.922401,-0.9554379999999999,BFA,GHA,820712
3806537,32,83,8690,2014,47798.0,0.0,0.218223,0.556921,BRA,GHA,820712
3806538,39,83,8690,2014,1239370.0,2976.0,0.671395,1.024683,CAN,GHA,820712
3806539,42,83,8690,2014,72979.0,0.0,-0.344671,-0.43380799999999997,CHL,GHA,820712
3806540,43,83,8690,2014,187577.0,0.0,1.187557,1.222085,CHN,GHA,820712
3806541,44,83,8690,2014,2761219.0,1442007.0,-0.737625,-0.768728,CIV,GHA,820712
3806542,47,83,8690,2014,491678.0,0.0,-1.371624,-1.12468,COG,GHA,820712
3806543,61,83,8690,2014,9674.0,0.0,2.052849,-2.888805,DEU,GHA,820712
3806544,74,83,8690,2014,113772.0,0.0,1.626355,1.002923,FIN,GHA,820712
3806545,77,83,8690,2014,275418.0,3553.0,1.4817790000000002,0.30995,FRA,GHA,820712
3806546,81,83,8690,2014,334861.0,0.0,1.697964,0.585372,GBR,GHA,820712
3806547,104,83,8690,2014,822551.0,0.0,0.262042,2.6305080000000003,IND,GHA,820712
3806548,111,83,8690,2014,116974.0,0.0,1.340136,0.43931099999999995,ITA,GHA,820712
3806549,121,83,8690,2014,234827.0,0.0,1.817145,0.8394530000000001,KOR,GHA,820712
3806550,147,83,8690,2014,0.0,125033.0,-1.1993610000000001,-1.040181,MOZ,GHA,820712
3806551,148,83,8690,2014,0.0,293816.0,-1.458551,-1.225373,MRT,GHA,820712
3806552,155,83,8690,2014,0.0,56644.0,-0.428227,-0.5632229999999999,NAM,GHA,820712
3806553,162,83,8690,2014,40033.0,0.0,1.179325,1.355071,NLD,GHA,820712
3806554,163,83,8690,2014,0.0,11157.0,0.9187049999999999,0.182685,NOR,GHA,820712
3806555,179,83,8690,2014,1395.0,0.0,0.621053,2.349644,PRT,GHA,820712
3806556,185,83,8690,2014,2125.0,0.0,0.9112,1.188161,ROU,GHA,820712
3806557,192,83,8690,2014,14791.0,0.0,1.867492,0.626736,SGP,GHA,820712
3806558,224,83,8690,2014,1249.0,0.0,0.554761,2.385693,TUR,GHA,820712
3806559,226,83,8690,2014,0.0,2668.0,-1.054331,0.166345,TZA,GHA,820712
3806560,231,83,8690,2014,5134863.0,0.0,1.61227,0.068905,USA,GHA,820712
3806561,246,83,8690,2014,140594.0,91000.0,0.282927,1.723214,ZAF,GHA,820712
3806562,247,83,8690,2014,0.0,223218.0,-0.664089,-0.793452,ZMB,GHA,820712
3806563,71,84,8690,2014,1681.0,0.0,0.842147,2.45692,ESP,GIB,820712
3806564,81,84,8690,2014,2447.0,0.0,1.697964,0.585372,GBR,GIB,820712
3806565,14,85,8690,2014,689.0,0.0,-0.398273,-0.17128,AUS,GIN,820712
3806566,18,85,8690,2014,192190.0,0.0,1.234156,1.226441,BEL,GIN,820712
3806567,39,85,8690,2014,0.0,1041.0,0.671395,1.024683,CAN,GIN,820712
3806568,43,85,8690,2014,168790.0,0.0,1.187557,1.222085,CHN,GIN,820712
3806569,77,85,8690,2014,11309.0,0.0,1.4817790000000002,0.30995,FRA,GIN,820712
3806570,81,85,8690,2014,5366.0,0.0,1.697964,0.585372,GBR,GIN,820712
3806571,104,85,8690,2014,5035.0,0.0,0.262042,2.6305080000000003,IND,GIN,820712
3806572,121,85,8690,2014,23112.0,0.0,1.817145,0.8394530000000001,KOR,GIN,820712
3806573,124,85,8690,2014,821.0,0.0,0.308677,1.7564490000000001,LBN,GIN,820712
3806574,148,85,8690,2014,0.0,4139.0,-1.458551,-1.225373,MRT,GIN,820712
3806575,186,85,8690,2014,19702.0,0.0,0.229422,-0.214856,RUS,GIN,820712
3806576,208,85,8690,2014,64498.0,0.0,1.817752,0.558474,SWE,GIN,820712
3806577,228,85,8690,2014,957.0,0.0,0.566535,0.832267,UKR,GIN,820712
3806578,15,89,8690,2014,222207.0,0.0,1.7116790000000002,-0.140232,AUT,GNQ,820712
3806579,18,89,8690,2014,132693.0,0.0,1.234156,1.226441,BEL,GNQ,820712
3806580,32,89,8690,2014,94822.0,0.0,0.218223,0.556921,BRA,GNQ,820712
3806581,39,89,8690,2014,2676.0,0.0,0.671395,1.024683,CAN,GNQ,820712
3806582,43,89,8690,2014,536758.0,0.0,1.187557,1.222085,CHN,GNQ,820712
3806583,45,89,8690,2014,191037.0,0.0,-0.6723520000000001,-0.945084,CMR,GNQ,820712
3806584,61,89,8690,2014,4376.0,0.0,2.052849,-2.888805,DEU,GNQ,820712
3806585,71,89,8690,2014,165930.0,0.0,0.842147,2.45692,ESP,GNQ,820712
3806586,77,89,8690,2014,29743.0,0.0,1.4817790000000002,0.30995,FRA,GNQ,820712
3806587,81,89,8690,2014,119563.0,0.0,1.697964,0.585372,GBR,GNQ,820712
3806588,103,89,8690,2014,2049.0,0.0,-0.088032,1.3966459999999998,IDN,GNQ,820712
3806589,104,89,8690,2014,5608.0,0.0,0.262042,2.6305080000000003,IND,GNQ,820712
3806590,111,89,8690,2014,152114.0,0.0,1.340136,0.43931099999999995,ITA,GNQ,820712
3806591,124,89,8690,2014,12432.0,0.0,0.308677,1.7564490000000001,LBN,GNQ,820712
3806592,134,89,8690,2014,49567.0,0.0,-0.574034,0.065788,MAR,GNQ,820712
3806593,159,89,8690,2014,5369.0,0.0,-1.2126430000000001,-1.059697,NGA,GNQ,820712
3806594,179,89,8690,2014,4952.0,0.0,0.621053,2.349644,PRT,GNQ,820712
3806595,192,89,8690,2014,25804.0,0.0,1.867492,0.626736,SGP,GNQ,820712
3806596,228,89,8690,2014,10293.0,0.0,0.566535,0.832267,UKR,GNQ,820712
3806597,231,89,8690,2014,2609928.0,0.0,1.61227,0.068905,USA,GNQ,820712
3806598,246,89,8690,2014,15684.0,0.0,0.282927,1.723214,ZAF,GNQ,820712
3806599,8,100,8690,2014,0.0,8540.0,0.10691500000000001,0.44860600000000006,ARG,HRV,820712
3806600,15,100,8690,2014,82165.0,46698.0,1.7116790000000002,-0.140232,AUT,HRV,820712
3806601,18,100,8690,2014,1893.0,1904.0,1.234156,1.226441,BEL,HRV,820712
3806602,23,100,8690,2014,2390.0,0.0,0.579058,1.6558110000000001,BGR,HRV,820712
3806603,26,100,8690,2014,0.0,13083.0,0.5083300000000001,0.711704,BIH,HRV,820712
3806604,32,100,8690,2014,74790.0,58288.0,0.218223,0.556921,BRA,HRV,820712
3806605,39,100,8690,2014,1049.0,12625.0,0.671395,1.024683,CAN,HRV,820712
3806606,43,100,8690,2014,101568.0,0.0,1.187557,1.222085,CHN,HRV,820712
3806607,49,100,8690,2014,0.0,24641.0,0.19864500000000002,-0.378364,COL,HRV,820712
3806608,52,100,8690,2014,0.0,1640.0,0.065938,-0.687971,CRI,HRV,820712
3806609,59,100,8690,2014,7772.0,30949.0,1.8105830000000003,0.131131,CZE,HRV,820712
3806610,61,100,8690,2014,132078.0,1289089.0,2.052849,-2.888805,DEU,HRV,820712
3806611,66,100,8690,2014,0.0,1723.0,-1.5554649999999999,-1.1657030000000002,DZA,HRV,820712
3806612,67,100,8690,2014,0.0,1212.0,-1.066865,-1.052921,ECU,HRV,820712
3806613,71,100,8690,2014,5780.0,0.0,0.842147,2.45692,ESP,HRV,820712
3806614,74,100,8690,2014,0.0,1811.0,1.626355,1.002923,FIN,HRV,820712
3806615,77,100,8690,2014,4032.0,104771.0,1.4817790000000002,0.30995,FRA,HRV,820712
3806616,81,100,8690,2014,4685.0,6088.0,1.697964,0.585372,GBR,HRV,820712
3806617,90,100,8690,2014,39555.0,0.0,0.149337,0.8560540000000001,GRC,HRV,820712
3806618,102,100,8690,2014,1365.0,0.0,1.477093,0.812869,HUN,HRV,820712
3806619,104,100,8690,2014,2248.0,0.0,0.262042,2.6305080000000003,IND,HRV,820712
3806620,111,100,8690,2014,53101.0,0.0,1.340136,0.43931099999999995,ITA,HRV,820712
3806621,115,100,8690,2014,0.0,8594.0,-0.210431,-0.574075,KAZ,HRV,820712
3806622,121,100,8690,2014,5541.0,0.0,1.817145,0.8394530000000001,KOR,HRV,820712
3806623,140,100,8690,2014,0.0,3053.0,-0.039799,-0.05545,MKD,HRV,820712
3806624,144,100,8690,2014,0.0,17488.0,-0.17039100000000001,-0.21762399999999998,MNE,HRV,820712
3806625,163,100,8690,2014,0.0,9075.0,0.9187049999999999,0.182685,NOR,HRV,820712
3806626,173,100,8690,2014,0.0,1623.0,-0.557833,0.611826,PER,HRV,820712
3806627,177,100,8690,2014,103942.0,63040.0,1.133102,1.177165,POL,HRV,820712
3806628,183,100,8690,2014,0.0,4102.0,-0.37535599999999997,-1.0196370000000001,QAT,HRV,820712
3806629,186,100,8690,2014,0.0,155425.0,0.229422,-0.214856,RUS,HRV,820712
3806630,201,100,8690,2014,4954.0,9859.0,0.551635,1.211535,SRB,HRV,820712
3806631,206,100,8690,2014,0.0,7212.0,1.334959,0.821253,SVK,HRV,820712
3806632,207,100,8690,2014,1635428.0,226176.0,1.6558669999999998,0.6814399999999999,SVN,HRV,820712
3806633,208,100,8690,2014,2270.0,0.0,1.817752,0.558474,SWE,HRV,820712
3806634,224,100,8690,2014,95874.0,0.0,0.554761,2.385693,TUR,HRV,820712
3806635,228,100,8690,2014,0.0,1278.0,0.566535,0.832267,UKR,HRV,820712
3806636,230,100,8690,2014,0.0,847.0,0.154034,-0.380899,URY,HRV,820712
3806637,231,100,8690,2014,2338.0,59143.0,1.61227,0.068905,USA,HRV,820712
3806638,246,100,8690,2014,0.0,19777.0,0.282927,1.723214,ZAF,HRV,820712
3806639,7,108,8690,2014,429169.0,0.0,0.087775,-0.289459,ARE,IRQ,820712
3806640,14,108,8690,2014,7254.0,0.0,-0.398273,-0.17128,AUS,IRQ,820712
3806641,18,108,8690,2014,64875.0,15853.0,1.234156,1.226441,BEL,IRQ,820712
3806642,32,108,8690,2014,4235.0,0.0,0.218223,0.556921,BRA,IRQ,820712
3806643,39,108,8690,2014,74655.0,0.0,0.671395,1.024683,CAN,IRQ,820712
3806644,43,108,8690,2014,6330573.0,0.0,1.187557,1.222085,CHN,IRQ,820712
3806645,61,108,8690,2014,641699.0,0.0,2.052849,-2.888805,DEU,IRQ,820712
3806646,77,108,8690,2014,1127342.0,119350.0,1.4817790000000002,0.30995,FRA,IRQ,820712
3806647,81,108,8690,2014,2229437.0,0.0,1.697964,0.585372,GBR,IRQ,820712
3806648,103,108,8690,2014,2982.0,23687.0,-0.088032,1.3966459999999998,IDN,IRQ,820712
3806649,104,108,8690,2014,32932.0,0.0,0.262042,2.6305080000000003,IND,IRQ,820712
3806650,111,108,8690,2014,472828.0,0.0,1.340136,0.43931099999999995,ITA,IRQ,820712
3806651,122,108,8690,2014,40485.0,0.0,-0.769616,-1.10667,KWT,IRQ,820712
3806652,153,108,8690,2014,3000.0,0.0,1.018138,0.774649,MYS,IRQ,820712
3806653,162,108,8690,2014,152563.0,0.0,1.179325,1.355071,NLD,IRQ,820712
3806654,163,108,8690,2014,29063.0,0.0,0.9187049999999999,0.182685,NOR,IRQ,820712
3806655,167,108,8690,2014,44132.0,0.0,-0.505129,-1.0051370000000002,OMN,IRQ,820712
3806656,185,108,8690,2014,10615.0,0.0,0.9112,1.188161,ROU,IRQ,820712
3806657,186,108,8690,2014,77456.0,0.0,0.229422,-0.214856,RUS,IRQ,820712
3806658,188,108,8690,2014,660508.0,0.0,0.5758439999999999,-0.832692,SAU,IRQ,820712
3806659,192,108,8690,2014,246674.0,0.0,1.867492,0.626736,SGP,IRQ,820712
3806660,224,108,8690,2014,283648.0,0.0,0.554761,2.385693,TUR,IRQ,820712
3806661,231,108,8690,2014,8267519.0,0.0,1.61227,0.068905,USA,IRQ,820712
3806662,246,108,8690,2014,625.0,0.0,0.282927,1.723214,ZAF,IRQ,820712
3806663,15,109,8690,2014,2958.0,0.0,1.7116790000000002,-0.140232,AUT,ISL,820712
3806664,39,109,8690,2014,42846.0,0.0,0.671395,1.024683,CAN,ISL,820712
3806665,43,109,8690,2014,1388.0,0.0,1.187557,1.222085,CHN,ISL,820712
3806666,59,109,8690,2014,8231.0,0.0,1.8105830000000003,0.131131,CZE,ISL,820712
3806667,61,109,8690,2014,6873.0,0.0,2.052849,-2.888805,DEU,ISL,820712
3806668,71,109,8690,2014,763.0,0.0,0.842147,2.45692,ESP,ISL,820712
3806669,74,109,8690,2014,11373.0,0.0,1.626355,1.002923,FIN,ISL,820712
3806670,81,109,8690,2014,46474.0,0.0,1.697964,0.585372,GBR,ISL,820712
3806671,111,109,8690,2014,1239.0,0.0,1.340136,0.43931099999999995,ITA,ISL,820712
3806672,138,109,8690,2014,189.0,0.0,1.0799729999999998,0.697554,MEX,ISL,820712
3806673,163,109,8690,2014,1274.0,0.0,0.9187049999999999,0.182685,NOR,ISL,820712
3806674,179,109,8690,2014,1284.0,0.0,0.621053,2.349644,PRT,ISL,820712
3806675,192,109,8690,2014,15565.0,0.0,1.867492,0.626736,SGP,ISL,820712
3806676,208,109,8690,2014,9238.0,0.0,1.817752,0.558474,SWE,ISL,820712
3806677,231,109,8690,2014,68552.0,0.0,1.61227,0.068905,USA,ISL,820712
3806678,14,116,8690,2014,133736.0,0.0,-0.398273,-0.17128,AUS,KEN,820712
3806679,15,116,8690,2014,8886.0,0.0,1.7116790000000002,-0.140232,AUT,KEN,820712
3806680,18,116,8690,2014,233734.0,0.0,1.234156,1.226441,BEL,KEN,820712
3806681,39,116,8690,2014,0.0,6701.0,0.671395,1.024683,CAN,KEN,820712
3806682,43,116,8690,2014,924604.0,0.0,1.187557,1.222085,CHN,KEN,820712
3806683,45,116,8690,2014,58026.0,0.0,-0.6723520000000001,-0.945084,CMR,KEN,820712
3806684,61,116,8690,2014,20020.0,0.0,2.052849,-2.888805,DEU,KEN,820712
3806685,73,116,8690,2014,0.0,3766.0,-1.296535,-1.045942,ETH,KEN,820712
3806686,77,116,8690,2014,269785.0,0.0,1.4817790000000002,0.30995,FRA,KEN,820712
3806687,81,116,8690,2014,1688990.0,0.0,1.697964,0.585372,GBR,KEN,820712
3806688,103,116,8690,2014,45902.0,0.0,-0.088032,1.3966459999999998,IDN,KEN,820712
3806689,104,116,8690,2014,567650.0,0.0,0.262042,2.6305080000000003,IND,KEN,820712
3806690,111,116,8690,2014,8782.0,0.0,1.340136,0.43931099999999995,ITA,KEN,820712
3806691,114,116,8690,2014,2247.0,0.0,2.403165,-0.635024,JPN,KEN,820712
3806692,121,116,8690,2014,3942.0,0.0,1.817145,0.8394530000000001,KOR,KEN,820712
3806693,163,116,8690,2014,28724.0,0.0,0.9187049999999999,0.182685,NOR,KEN,820712
3806694,186,116,8690,2014,5420.0,0.0,0.229422,-0.214856,RUS,KEN,820712
3806695,187,116,8690,2014,0.0,1972.0,-0.5692659999999999,-0.447859,RWA,KEN,820712
3806696,192,116,8690,2014,3013874.0,0.0,1.867492,0.626736,SGP,KEN,820712
3806697,216,116,8690,2014,47637.0,0.0,0.977094,1.41283,THA,KEN,820712
3806698,223,116,8690,2014,33483.0,0.0,0.343449,1.118007,TUN,KEN,820712
3806699,224,116,8690,2014,7093.0,0.0,0.554761,2.385693,TUR,KEN,820712
3806700,226,116,8690,2014,160208.0,1283.0,-1.054331,0.166345,TZA,KEN,820712
3806701,227,116,8690,2014,45750.0,0.0,-0.46911800000000003,0.25446599999999997,UGA,KEN,820712
3806702,231,116,8690,2014,1235017.0,0.0,1.61227,0.068905,USA,KEN,820712
3806703,246,116,8690,2014,267959.0,674808.0,0.282927,1.723214,ZAF,KEN,820712
3806704,43,118,8690,2014,46890.0,0.0,1.187557,1.222085,CHN,KHM,820712
3806705,103,118,8690,2014,1623.0,0.0,-0.088032,1.3966459999999998,IDN,KHM,820712
3806706,114,118,8690,2014,161155.0,0.0,2.403165,-0.635024,JPN,KHM,820712
3806707,216,118,8690,2014,434016.0,0.0,0.977094,1.41283,THA,KHM,820712
3806708,231,118,8690,2014,4114.0,0.0,1.61227,0.068905,USA,KHM,820712
3806709,239,118,8690,2014,10100.0,0.0,-0.023765,1.344416,VNM,KHM,820712
3806710,231,120,8690,2014,1879.0,0.0,1.61227,0.068905,USA,KNA,820712
3806711,14,123,8690,2014,22392.0,0.0,-0.398273,-0.17128,AUS,LAO,820712
3806712,18,123,8690,2014,57115.0,0.0,1.234156,1.226441,BEL,LAO,820712
3806713,32,123,8690,2014,7507.0,0.0,0.218223,0.556921,BRA,LAO,820712
3806714,39,123,8690,2014,6220.0,0.0,0.671395,1.024683,CAN,LAO,820712
3806715,43,123,8690,2014,290315.0,0.0,1.187557,1.222085,CHN,LAO,820712
3806716,74,123,8690,2014,99403.0,0.0,1.626355,1.002923,FIN,LAO,820712
3806717,103,123,8690,2014,8109.0,0.0,-0.088032,1.3966459999999998,IDN,LAO,820712
3806718,114,123,8690,2014,996.0,0.0,2.403165,-0.635024,JPN,LAO,820712
3806719,121,123,8690,2014,129016.0,0.0,1.817145,0.8394530000000001,KOR,LAO,820712
3806720,177,123,8690,2014,2439.0,0.0,1.133102,1.177165,POL,LAO,820712
3806721,192,123,8690,2014,1274.0,0.0,1.867492,0.626736,SGP,LAO,820712
3806722,216,123,8690,2014,786470.0,16867.0,0.977094,1.41283,THA,LAO,820712
3806723,231,123,8690,2014,126798.0,6736.0,1.61227,0.068905,USA,LAO,820712
3806724,239,123,8690,2014,4457.0,0.0,-0.023765,1.344416,VNM,LAO,820712
3806725,14,125,8690,2014,8884.0,0.0,-0.398273,-0.17128,AUS,LBR,820712
3806726,39,125,8690,2014,10683.0,0.0,0.671395,1.024683,CAN,LBR,820712
3806727,43,125,8690,2014,382298.0,0.0,1.187557,1.222085,CHN,LBR,820712
3806728,81,125,8690,2014,8957.0,0.0,1.697964,0.585372,GBR,LBR,820712
3806729,104,125,8690,2014,20899.0,0.0,0.262042,2.6305080000000003,IND,LBR,820712
3806730,114,125,8690,2014,11417.0,0.0,2.403165,-0.635024,JPN,LBR,820712
3806731,124,125,8690,2014,1382.0,0.0,0.308677,1.7564490000000001,LBN,LBR,820712
3806732,226,125,8690,2014,34309.0,0.0,-1.054331,0.166345,TZA,LBR,820712
3806733,231,125,8690,2014,28500.0,0.0,1.61227,0.068905,USA,LBR,820712
3806734,7,126,8690,2014,23944.0,0.0,0.087775,-0.289459,ARE,LBY,820712
3806735,14,126,8690,2014,7624.0,0.0,-0.398273,-0.17128,AUS,LBY,820712
3806736,16,126,8690,2014,0.0,3591.0,-0.909508,-1.165158,AZE,LBY,820712
3806737,18,126,8690,2014,435479.0,58489.0,1.234156,1.226441,BEL,LBY,820712
3806738,32,126,8690,2014,17897.0,0.0,0.218223,0.556921,BRA,LBY,820712
3806739,43,126,8690,2014,224218.0,0.0,1.187557,1.222085,CHN,LBY,820712
3806740,61,126,8690,2014,274405.0,0.0,2.052849,-2.888805,DEU,LBY,820712
3806741,71,126,8690,2014,1859.0,0.0,0.842147,2.45692,ESP,LBY,820712
3806742,77,126,8690,2014,768829.0,0.0,1.4817790000000002,0.30995,FRA,LBY,820712
3806743,97,126,8690,2014,33940.0,0.0,0.812132,1.722493,HKG,LBY,820712
3806744,103,126,8690,2014,11486.0,0.0,-0.088032,1.3966459999999998,IDN,LBY,820712
3806745,111,126,8690,2014,142685.0,0.0,1.340136,0.43931099999999995,ITA,LBY,820712
3806746,121,126,8690,2014,257646.0,0.0,1.817145,0.8394530000000001,KOR,LBY,820712
3806747,142,126,8690,2014,186751.0,0.0,0.817013,0.0016309999999999999,MLT,LBY,820712
3806748,148,126,8690,2014,0.0,48462.0,-1.458551,-1.225373,MRT,LBY,820712
3806749,153,126,8690,2014,45189.0,0.0,1.018138,0.774649,MYS,LBY,820712
3806750,163,126,8690,2014,19035.0,0.0,0.9187049999999999,0.182685,NOR,LBY,820712
3806751,167,126,8690,2014,18544.0,0.0,-0.505129,-1.0051370000000002,OMN,LBY,820712
3806752,168,126,8690,2014,13678.0,0.0,-0.672924,0.566787,PAK,LBY,820712
3806753,185,126,8690,2014,41354.0,0.0,0.9112,1.188161,ROU,LBY,820712
3806754,188,126,8690,2014,82444.0,0.0,0.5758439999999999,-0.832692,SAU,LBY,820712
3806755,223,126,8690,2014,721305.0,0.0,0.343449,1.118007,TUN,LBY,820712
3806756,224,126,8690,2014,3286.0,0.0,0.554761,2.385693,TUR,LBY,820712
3806757,231,126,8690,2014,632687.0,0.0,1.61227,0.068905,USA,LBY,820712
3806758,39,133,8690,2014,107759.0,0.0,0.671395,1.024683,CAN,MAC,820712
3806759,43,133,8690,2014,7103.0,0.0,1.187557,1.222085,CHN,MAC,820712
3806760,97,133,8690,2014,126163.0,109285.0,0.812132,1.722493,HKG,MAC,820712
3806761,114,133,8690,2014,17302.0,0.0,2.403165,-0.635024,JPN,MAC,820712
3806762,121,133,8690,2014,633.0,0.0,1.817145,0.8394530000000001,KOR,MAC,820712
3806763,231,133,8690,2014,2200.0,0.0,1.61227,0.068905,USA,MAC,820712
3806764,249,133,8690,2014,11189.0,0.0,1.9044189999999999,1.0595139999999998,TWN,MAC,820712
3806765,14,136,8690,2014,141766.0,0.0,-0.398273,-0.17128,AUS,MDG,820712
3806766,15,136,8690,2014,1711.0,0.0,1.7116790000000002,-0.140232,AUT,MDG,820712
3806767,18,136,8690,2014,14354.0,0.0,1.234156,1.226441,BEL,MDG,820712
3806768,39,136,8690,2014,37199.0,0.0,0.671395,1.024683,CAN,MDG,820712
3806769,43,136,8690,2014,30909.0,0.0,1.187557,1.222085,CHN,MDG,820712
3806770,50,136,8690,2014,0.0,3624.0,-0.19200699999999998,-0.761303,COM,MDG,820712
3806771,61,136,8690,2014,5054.0,0.0,2.052849,-2.888805,DEU,MDG,820712
3806772,77,136,8690,2014,111766.0,0.0,1.4817790000000002,0.30995,FRA,MDG,820712
3806773,81,136,8690,2014,677.0,0.0,1.697964,0.585372,GBR,MDG,820712
3806774,102,136,8690,2014,1377.0,0.0,1.477093,0.812869,HUN,MDG,820712
3806775,104,136,8690,2014,3161.0,0.0,0.262042,2.6305080000000003,IND,MDG,820712
3806776,111,136,8690,2014,6886.0,0.0,1.340136,0.43931099999999995,ITA,MDG,820712
3806777,192,136,8690,2014,2573.0,0.0,1.867492,0.626736,SGP,MDG,820712
3806778,208,136,8690,2014,2471.0,0.0,1.817752,0.558474,SWE,MDG,820712
3806779,231,136,8690,2014,3739.0,0.0,1.61227,0.068905,USA,MDG,820712
3806780,246,136,8690,2014,63915.0,0.0,0.282927,1.723214,ZAF,MDG,820712
3806781,247,136,8690,2014,9019.0,0.0,-0.664089,-0.793452,ZMB,MDG,820712
3806782,250,136,8690,2014,41932.0,0.0,0.506842,0.049545,ANS,MDG,820712
3806783,15,141,8690,2014,7929.0,0.0,1.7116790000000002,-0.140232,AUT,MLI,820712
3806784,21,141,8690,2014,77114.0,7231.0,-0.922401,-0.9554379999999999,BFA,MLI,820712
3806785,39,141,8690,2014,66046.0,0.0,0.671395,1.024683,CAN,MLI,820712
3806786,43,141,8690,2014,88744.0,0.0,1.187557,1.222085,CHN,MLI,820712
3806787,44,141,8690,2014,5383.0,0.0,-0.737625,-0.768728,CIV,MLI,820712
3806788,61,141,8690,2014,15736.0,0.0,2.052849,-2.888805,DEU,MLI,820712
3806789,71,141,8690,2014,9260.0,0.0,0.842147,2.45692,ESP,MLI,820712
3806790,77,141,8690,2014,14006.0,0.0,1.4817790000000002,0.30995,FRA,MLI,820712
3806791,104,141,8690,2014,106111.0,0.0,0.262042,2.6305080000000003,IND,MLI,820712
3806792,191,141,8690,2014,66679.0,0.0,-0.502607,-0.08866,SEN,MLI,820712
3806793,208,141,8690,2014,0.0,11271.0,1.817752,0.558474,SWE,MLI,820712
3806794,231,141,8690,2014,218317.0,0.0,1.61227,0.068905,USA,MLI,820712
3806795,246,141,8690,2014,8646.0,0.0,0.282927,1.723214,ZAF,MLI,820712
3806796,7,142,8690,2014,56105.0,0.0,0.087775,-0.289459,ARE,MLT,820712
3806797,43,142,8690,2014,52503.0,0.0,1.187557,1.222085,CHN,MLT,820712
3806798,61,142,8690,2014,65599.0,0.0,2.052849,-2.888805,DEU,MLT,820712
3806799,81,142,8690,2014,1158240.0,0.0,1.697964,0.585372,GBR,MLT,820712
3806800,90,142,8690,2014,19820.0,0.0,0.149337,0.8560540000000001,GRC,MLT,820712
3806801,103,142,8690,2014,15155.0,0.0,-0.088032,1.3966459999999998,IDN,MLT,820712
3806802,111,142,8690,2014,41949.0,66176.0,1.340136,0.43931099999999995,ITA,MLT,820712
3806803,126,142,8690,2014,0.0,186751.0,-1.5943829999999999,-1.189961,LBY,MLT,820712
3806804,153,142,8690,2014,41985.0,0.0,1.018138,0.774649,MYS,MLT,820712
3806805,179,142,8690,2014,0.0,11029.0,0.621053,2.349644,PRT,MLT,820712
3806806,192,142,8690,2014,0.0,4024.0,1.867492,0.626736,SGP,MLT,820712
3806807,216,142,8690,2014,10185.0,0.0,0.977094,1.41283,THA,MLT,820712
3806808,223,142,8690,2014,30937.0,0.0,0.343449,1.118007,TUN,MLT,820712
3806809,224,142,8690,2014,7327.0,0.0,0.554761,2.385693,TUR,MLT,820712
3806810,231,142,8690,2014,344121.0,63393.0,1.61227,0.068905,USA,MLT,820712
3806811,250,142,8690,2014,4395.0,0.0,0.506842,0.049545,ANS,MLT,820712
3806812,7,148,8690,2014,120398.0,0.0,0.087775,-0.289459,ARE,MRT,820712
3806813,14,148,8690,2014,11500.0,0.0,-0.398273,-0.17128,AUS,MRT,820712
3806814,18,148,8690,2014,1902206.0,0.0,1.234156,1.226441,BEL,MRT,820712
3806815,39,148,8690,2014,106422.0,0.0,0.671395,1.024683,CAN,MRT,820712
3806816,43,148,8690,2014,142099.0,0.0,1.187557,1.222085,CHN,MRT,820712
3806817,44,148,8690,2014,45240.0,0.0,-0.737625,-0.768728,CIV,MRT,820712
3806818,61,148,8690,2014,148340.0,200003.0,2.052849,-2.888805,DEU,MRT,820712
3806819,66,148,8690,2014,9982.0,32630.0,-1.5554649999999999,-1.1657030000000002,DZA,MRT,820712
3806820,71,148,8690,2014,4944.0,19786.0,0.842147,2.45692,ESP,MRT,820712
3806821,77,148,8690,2014,369570.0,0.0,1.4817790000000002,0.30995,FRA,MRT,820712
3806822,81,148,8690,2014,10693860.0,0.0,1.697964,0.585372,GBR,MRT,820712
3806823,83,148,8690,2014,293816.0,0.0,-1.130226,-0.9909379999999999,GHA,MRT,820712
3806824,85,148,8690,2014,4139.0,0.0,-1.628409,-1.202473,GIN,MRT,820712
3806825,90,148,8690,2014,145223.0,0.0,0.149337,0.8560540000000001,GRC,MRT,820712
3806826,126,148,8690,2014,48462.0,0.0,-1.5943829999999999,-1.189961,LBY,MRT,820712
3806827,134,148,8690,2014,1050856.0,0.0,-0.574034,0.065788,MAR,MRT,820712
3806828,153,148,8690,2014,2666.0,0.0,1.018138,0.774649,MYS,MRT,820712
3806829,162,148,8690,2014,5976.0,0.0,1.179325,1.355071,NLD,MRT,820712
3806830,163,148,8690,2014,1042.0,13845.0,0.9187049999999999,0.182685,NOR,MRT,820712
3806831,166,148,8690,2014,4273.0,0.0,0.272502,0.21628699999999998,NZL,MRT,820712
3806832,186,148,8690,2014,4994.0,0.0,0.229422,-0.214856,RUS,MRT,820712
3806833,191,148,8690,2014,30846.0,0.0,-0.502607,-0.08866,SEN,MRT,820712
3806834,192,148,8690,2014,897.0,0.0,1.867492,0.626736,SGP,MRT,820712
3806835,223,148,8690,2014,13853.0,0.0,0.343449,1.118007,TUN,MRT,820712
3806836,224,148,8690,2014,3782.0,0.0,0.554761,2.385693,TUR,MRT,820712
3806837,227,148,8690,2014,2866.0,0.0,-0.46911800000000003,0.25446599999999997,UGA,MRT,820712
3806838,231,148,8690,2014,235249.0,0.0,1.61227,0.068905,USA,MRT,820712
3806839,246,148,8690,2014,27508.0,0.0,0.282927,1.723214,ZAF,MRT,820712
3806840,7,151,8690,2014,31513.0,0.0,0.087775,-0.289459,ARE,MUS,820712
3806841,41,151,8690,2014,1602.0,0.0,2.2000919999999997,0.65398,CHE,MUS,820712
3806842,43,151,8690,2014,37877.0,0.0,1.187557,1.222085,CHN,MUS,820712
3806843,61,151,8690,2014,924791.0,0.0,2.052849,-2.888805,DEU,MUS,820712
3806844,77,151,8690,2014,1891.0,0.0,1.4817790000000002,0.30995,FRA,MUS,820712
3806845,81,151,8690,2014,15158.0,0.0,1.697964,0.585372,GBR,MUS,820712
3806846,121,151,8690,2014,1602.0,0.0,1.817145,0.8394530000000001,KOR,MUS,820712
3806847,147,151,8690,2014,0.0,426.0,-1.1993610000000001,-1.040181,MOZ,MUS,820712
3806848,173,151,8690,2014,7412.0,0.0,-0.557833,0.611826,PER,MUS,820712
3806849,192,151,8690,2014,18850.0,0.0,1.867492,0.626736,SGP,MUS,820712
3806850,208,151,8690,2014,996.0,0.0,1.817752,0.558474,SWE,MUS,820712
3806851,216,151,8690,2014,2438.0,0.0,0.977094,1.41283,THA,MUS,820712
3806852,224,151,8690,2014,3152.0,0.0,0.554761,2.385693,TUR,MUS,820712
3806853,231,151,8690,2014,0.0,3072.0,1.61227,0.068905,USA,MUS,820712
3806854,246,151,8690,2014,30834.0,0.0,0.282927,1.723214,ZAF,MUS,820712
3806855,2,155,8690,2014,0.0,102743.0,-1.8184900000000002,-1.149191,AGO,NAM,820712
3806856,18,155,8690,2014,3832.0,0.0,1.234156,1.226441,BEL,NAM,820712
3806857,43,155,8690,2014,54335.0,0.0,1.187557,1.222085,CHN,NAM,820712
3806858,45,155,8690,2014,0.0,45602.0,-0.6723520000000001,-0.945084,CMR,NAM,820712
3806859,46,155,8690,2014,485047.0,0.0,-1.6680240000000002,-1.1265129999999999,COD,NAM,820712
3806860,47,155,8690,2014,0.0,15842.0,-1.371624,-1.12468,COG,NAM,820712
3806861,61,155,8690,2014,15785.0,0.0,2.052849,-2.888805,DEU,NAM,820712
3806862,81,155,8690,2014,7684.0,0.0,1.697964,0.585372,GBR,NAM,820712
3806863,83,155,8690,2014,56644.0,0.0,-1.130226,-0.9909379999999999,GHA,NAM,820712
3806864,103,155,8690,2014,9002.0,0.0,-0.088032,1.3966459999999998,IDN,NAM,820712
3806865,104,155,8690,2014,18146.0,0.0,0.262042,2.6305080000000003,IND,NAM,820712
3806866,111,155,8690,2014,8123.0,0.0,1.340136,0.43931099999999995,ITA,NAM,820712
3806867,188,155,8690,2014,44897.0,0.0,0.5758439999999999,-0.832692,SAU,NAM,820712
3806868,194,155,8690,2014,0.0,14646.0,1.125419,-0.183407,SHN,NAM,820712
3806869,231,155,8690,2014,392050.0,425810.0,1.61227,0.068905,USA,NAM,820712
3806870,246,155,8690,2014,2089844.0,103623.0,0.282927,1.723214,ZAF,NAM,820712
3806871,247,155,8690,2014,23318.0,7521.0,-0.664089,-0.793452,ZMB,NAM,820712
3806872,7,159,8690,2014,67561.0,0.0,0.087775,-0.289459,ARE,NGA,820712
3806873,8,159,8690,2014,12505.0,0.0,0.10691500000000001,0.44860600000000006,ARG,NGA,820712
3806874,15,159,8690,2014,81016.0,0.0,1.7116790000000002,-0.140232,AUT,NGA,820712
3806875,18,159,8690,2014,105113.0,0.0,1.234156,1.226441,BEL,NGA,820712
3806876,32,159,8690,2014,47606.0,0.0,0.218223,0.556921,BRA,NGA,820712
3806877,39,159,8690,2014,53586.0,0.0,0.671395,1.024683,CAN,NGA,820712
3806878,43,159,8690,2014,1941214.0,0.0,1.187557,1.222085,CHN,NGA,820712
3806879,45,159,8690,2014,765133.0,0.0,-0.6723520000000001,-0.945084,CMR,NGA,820712
3806880,47,159,8690,2014,0.0,4123.0,-1.371624,-1.12468,COG,NGA,820712
3806881,61,159,8690,2014,639387.0,0.0,2.052849,-2.888805,DEU,NGA,820712
3806882,68,159,8690,2014,76922.0,0.0,-0.086866,1.7419669999999998,EGY,NGA,820712
3806883,74,159,8690,2014,47173.0,0.0,1.626355,1.002923,FIN,NGA,820712
3806884,77,159,8690,2014,770120.0,32539.0,1.4817790000000002,0.30995,FRA,NGA,820712
3806885,81,159,8690,2014,1200692.0,0.0,1.697964,0.585372,GBR,NGA,820712
3806886,89,159,8690,2014,0.0,5369.0,-2.043516,-0.844701,GNQ,NGA,820712
3806887,97,159,8690,2014,27318.0,0.0,0.812132,1.722493,HKG,NGA,820712
3806888,104,159,8690,2014,244872.0,0.0,0.262042,2.6305080000000003,IND,NGA,820712
3806889,111,159,8690,2014,513363.0,0.0,1.340136,0.43931099999999995,ITA,NGA,820712
3806890,114,159,8690,2014,2222.0,0.0,2.403165,-0.635024,JPN,NGA,820712
3806891,115,159,8690,2014,9572.0,0.0,-0.210431,-0.574075,KAZ,NGA,820712
3806892,121,159,8690,2014,33734.0,0.0,1.817145,0.8394530000000001,KOR,NGA,820712
3806893,153,159,8690,2014,55824.0,0.0,1.018138,0.774649,MYS,NGA,820712
3806894,162,159,8690,2014,17540.0,141120.0,1.179325,1.355071,NLD,NGA,820712
3806895,163,159,8690,2014,13932.0,0.0,0.9187049999999999,0.182685,NOR,NGA,820712
3806896,177,159,8690,2014,59976.0,0.0,1.133102,1.177165,POL,NGA,820712
3806897,179,159,8690,2014,8235.0,6995.0,0.621053,2.349644,PRT,NGA,820712
3806898,183,159,8690,2014,26064.0,0.0,-0.37535599999999997,-1.0196370000000001,QAT,NGA,820712
3806899,186,159,8690,2014,28263.0,0.0,0.229422,-0.214856,RUS,NGA,820712
3806900,188,159,8690,2014,785914.0,0.0,0.5758439999999999,-0.832692,SAU,NGA,820712
3806901,192,159,8690,2014,252101.0,0.0,1.867492,0.626736,SGP,NGA,820712
3806902,208,159,8690,2014,122052.0,0.0,1.817752,0.558474,SWE,NGA,820712
3806903,216,159,8690,2014,32144.0,0.0,0.977094,1.41283,THA,NGA,820712
3806904,223,159,8690,2014,39341.0,0.0,0.343449,1.118007,TUN,NGA,820712
3806905,224,159,8690,2014,26235.0,0.0,0.554761,2.385693,TUR,NGA,820712
3806906,227,159,8690,2014,1573.0,0.0,-0.46911800000000003,0.25446599999999997,UGA,NGA,820712
3806907,231,159,8690,2014,6592777.0,0.0,1.61227,0.068905,USA,NGA,820712
3806908,236,159,8690,2014,4796.0,0.0,-0.582086,-1.081727,VEN,NGA,820712
3806909,246,159,8690,2014,2448.0,0.0,0.282927,1.723214,ZAF,NGA,820712
3806910,14,165,8690,2014,5972.0,0.0,-0.398273,-0.17128,AUS,NRU,820712
3806911,7,167,8690,2014,1771954.0,226694.0,0.087775,-0.289459,ARE,OMN,820712
3806912,8,167,8690,2014,2852.0,33490.0,0.10691500000000001,0.44860600000000006,ARG,OMN,820712
3806913,14,167,8690,2014,26301.0,12412.0,-0.398273,-0.17128,AUS,OMN,820712
3806914,15,167,8690,2014,25269.0,0.0,1.7116790000000002,-0.140232,AUT,OMN,820712
3806915,18,167,8690,2014,243209.0,0.0,1.234156,1.226441,BEL,OMN,820712
3806916,24,167,8690,2014,37743.0,0.0,0.460168,-0.41671099999999994,BHR,OMN,820712
3806917,34,167,8690,2014,12291.0,1910.0,0.191357,-0.683567,BRN,OMN,820712
3806918,39,167,8690,2014,171345.0,0.0,0.671395,1.024683,CAN,OMN,820712
3806919,43,167,8690,2014,142808.0,0.0,1.187557,1.222085,CHN,OMN,820712
3806920,58,167,8690,2014,52046.0,0.0,0.627467,0.483725,CYP,OMN,820712
3806921,61,167,8690,2014,88268.0,0.0,2.052849,-2.888805,DEU,OMN,820712
3806922,67,167,8690,2014,0.0,6350.0,-1.066865,-1.052921,ECU,OMN,820712
3806923,68,167,8690,2014,41108.0,71185.0,-0.086866,1.7419669999999998,EGY,OMN,820712
3806924,77,167,8690,2014,244395.0,0.0,1.4817790000000002,0.30995,FRA,OMN,820712
3806925,80,167,8690,2014,0.0,3542.0,-1.625474,-1.135973,GAB,OMN,820712
3806926,81,167,8690,2014,2180405.0,116724.0,1.697964,0.585372,GBR,OMN,820712
3806927,103,167,8690,2014,60952.0,29090.0,-0.088032,1.3966459999999998,IDN,OMN,820712
3806928,104,167,8690,2014,64071.0,22811.0,0.262042,2.6305080000000003,IND,OMN,820712
3806929,107,167,8690,2014,0.0,9654.0,-0.361058,-0.312743,IRN,OMN,820712
3806930,108,167,8690,2014,0.0,44132.0,-2.9169,-0.882023,IRQ,OMN,820712
3806931,111,167,8690,2014,206695.0,0.0,1.340136,0.43931099999999995,ITA,OMN,820712
3806932,114,167,8690,2014,45433.0,0.0,2.403165,-0.635024,JPN,OMN,820712
3806933,121,167,8690,2014,69174.0,0.0,1.817145,0.8394530000000001,KOR,OMN,820712
3806934,122,167,8690,2014,33367.0,0.0,-0.769616,-1.10667,KWT,OMN,820712
3806935,126,167,8690,2014,0.0,18544.0,-1.5943829999999999,-1.189961,LBY,OMN,820712
3806936,128,167,8690,2014,7554.0,0.0,-0.49366899999999997,0.338686,LKA,OMN,820712
3806937,138,167,8690,2014,0.0,19218.0,1.0799729999999998,0.697554,MEX,OMN,820712
3806938,153,167,8690,2014,2117.0,26249.0,1.018138,0.774649,MYS,OMN,820712
3806939,162,167,8690,2014,4454.0,70638.0,1.179325,1.355071,NLD,OMN,820712
3806940,163,167,8690,2014,34710.0,11336.0,0.9187049999999999,0.182685,NOR,OMN,820712
3806941,168,167,8690,2014,14198.0,119034.0,-0.672924,0.566787,PAK,OMN,820712
3806942,173,167,8690,2014,0.0,8881.0,-0.557833,0.611826,PER,OMN,820712
3806943,183,167,8690,2014,5530.0,0.0,-0.37535599999999997,-1.0196370000000001,QAT,OMN,820712
3806944,185,167,8690,2014,8530.0,72824.0,0.9112,1.188161,ROU,OMN,820712
3806945,186,167,8690,2014,54962.0,0.0,0.229422,-0.214856,RUS,OMN,820712
3806946,188,167,8690,2014,1808343.0,29286.0,0.5758439999999999,-0.832692,SAU,OMN,820712
3806947,192,167,8690,2014,1060597.0,920.0,1.867492,0.626736,SGP,OMN,820712
3806948,216,167,8690,2014,13324.0,0.0,0.977094,1.41283,THA,OMN,820712
3806949,223,167,8690,2014,17414.0,0.0,0.343449,1.118007,TUN,OMN,820712
3806950,224,167,8690,2014,4235.0,0.0,0.554761,2.385693,TUR,OMN,820712
3806951,226,167,8690,2014,0.0,4527.0,-1.054331,0.166345,TZA,OMN,820712
3806952,227,167,8690,2014,0.0,1633.0,-0.46911800000000003,0.25446599999999997,UGA,OMN,820712
3806953,231,167,8690,2014,26857038.0,9934.0,1.61227,0.068905,USA,OMN,820712
3806954,239,167,8690,2014,22119.0,0.0,-0.023765,1.344416,VNM,OMN,820712
3806955,43,178,8690,2014,1099458.0,0.0,1.187557,1.222085,CHN,PRK,820712
3806956,104,178,8690,2014,60217.0,0.0,0.262042,2.6305080000000003,IND,PRK,820712
3806957,115,178,8690,2014,0.0,27518.0,-0.210431,-0.574075,KAZ,PRK,820712
3806958,179,203,8690,2014,1069.0,0.0,0.621053,2.349644,PRT,STP,820712
3806959,231,209,8690,2014,0.0,6818.0,1.61227,0.068905,USA,SWZ,820712
3806960,246,209,8690,2014,92580.0,5265.0,0.282927,1.723214,ZAF,SWZ,820712
3806961,19,212,8690,2014,0.0,1196.0,-0.342225,-0.618789,BEN,SYR,820712
3806962,43,212,8690,2014,90959.0,0.0,1.187557,1.222085,CHN,SYR,820712
3806963,104,212,8690,2014,5842.0,0.0,0.262042,2.6305080000000003,IND,SYR,820712
3806964,121,212,8690,2014,5356.0,0.0,1.817145,0.8394530000000001,KOR,SYR,820712
3806965,19,215,8690,2014,0.0,1261.0,-0.342225,-0.618789,BEN,TGO,820712
3806966,39,215,8690,2014,43470.0,0.0,0.671395,1.024683,CAN,TGO,820712
3806967,43,215,8690,2014,1845.0,0.0,1.187557,1.222085,CHN,TGO,820712
3806968,71,215,8690,2014,77632.0,0.0,0.842147,2.45692,ESP,TGO,820712
3806969,77,215,8690,2014,304640.0,0.0,1.4817790000000002,0.30995,FRA,TGO,820712
3806970,81,215,8690,2014,9101.0,0.0,1.697964,0.585372,GBR,TGO,820712
3806971,163,215,8690,2014,5317.0,0.0,0.9187049999999999,0.182685,NOR,TGO,820712
3806972,231,215,8690,2014,124811.0,0.0,1.61227,0.068905,USA,TGO,820712
3806973,14,220,8690,2014,5304.0,0.0,-0.398273,-0.17128,AUS,TLS,820712
3806974,43,220,8690,2014,40655.0,0.0,1.187557,1.222085,CHN,TLS,820712
3806975,114,220,8690,2014,3881.0,0.0,2.403165,-0.635024,JPN,TLS,820712
3806976,239,220,8690,2014,3560.0,0.0,-0.023765,1.344416,VNM,TLS,820712
3806977,7,223,8690,2014,0.0,237896.0,0.087775,-0.289459,ARE,TUN,820712
3806978,14,223,8690,2014,33882.0,0.0,-0.398273,-0.17128,AUS,TUN,820712
3806979,15,223,8690,2014,33758.0,0.0,1.7116790000000002,-0.140232,AUT,TUN,820712
3806980,18,223,8690,2014,222705.0,0.0,1.234156,1.226441,BEL,TUN,820712
3806981,19,223,8690,2014,0.0,79433.0,-0.342225,-0.618789,BEN,TUN,820712
3806982,32,223,8690,2014,51086.0,0.0,0.218223,0.556921,BRA,TUN,820712
3806983,39,223,8690,2014,66972.0,0.0,0.671395,1.024683,CAN,TUN,820712
3806984,43,223,8690,2014,120194.0,0.0,1.187557,1.222085,CHN,TUN,820712
3806985,45,223,8690,2014,9639.0,0.0,-0.6723520000000001,-0.945084,CMR,TUN,820712
3806986,49,223,8690,2014,5776.0,0.0,0.19864500000000002,-0.378364,COL,TUN,820712
3806987,61,223,8690,2014,82824.0,12225.0,2.052849,-2.888805,DEU,TUN,820712
3806988,66,223,8690,2014,0.0,664467.0,-1.5554649999999999,-1.1657030000000002,DZA,TUN,820712
3806989,67,223,8690,2014,0.0,5163.0,-1.066865,-1.052921,ECU,TUN,820712
3806990,68,223,8690,2014,0.0,479737.0,-0.086866,1.7419669999999998,EGY,TUN,820712
3806991,71,223,8690,2014,25533.0,0.0,0.842147,2.45692,ESP,TUN,820712
3806992,77,223,8690,2014,639942.0,5792.0,1.4817790000000002,0.30995,FRA,TUN,820712
3806993,81,223,8690,2014,171400.0,221328.0,1.697964,0.585372,GBR,TUN,820712
3806994,104,223,8690,2014,15381.0,0.0,0.262042,2.6305080000000003,IND,TUN,820712
3806995,111,223,8690,2014,177682.0,46100.0,1.340136,0.43931099999999995,ITA,TUN,820712
3806996,116,223,8690,2014,0.0,33483.0,-0.487058,0.307288,KEN,TUN,820712
3806997,121,223,8690,2014,759.0,0.0,1.817145,0.8394530000000001,KOR,TUN,820712
3806998,126,223,8690,2014,0.0,721305.0,-1.5943829999999999,-1.189961,LBY,TUN,820712
3806999,134,223,8690,2014,0.0,21030.0,-0.574034,0.065788,MAR,TUN,820712
3807000,138,223,8690,2014,21309.0,0.0,1.0799729999999998,0.697554,MEX,TUN,820712
3807001,142,223,8690,2014,0.0,30937.0,0.817013,0.0016309999999999999,MLT,TUN,820712
3807002,148,223,8690,2014,0.0,13853.0,-1.458551,-1.225373,MRT,TUN,820712
3807003,153,223,8690,2014,0.0,5856.0,1.018138,0.774649,MYS,TUN,820712
3807004,159,223,8690,2014,0.0,39341.0,-1.2126430000000001,-1.059697,NGA,TUN,820712
3807005,162,223,8690,2014,19342.0,67917.0,1.179325,1.355071,NLD,TUN,820712
3807006,163,223,8690,2014,413767.0,10860.0,0.9187049999999999,0.182685,NOR,TUN,820712
3807007,167,223,8690,2014,0.0,17414.0,-0.505129,-1.0051370000000002,OMN,TUN,820712
3807008,173,223,8690,2014,0.0,3750.0,-0.557833,0.611826,PER,TUN,820712
3807009,179,223,8690,2014,85376.0,0.0,0.621053,2.349644,PRT,TUN,820712
3807010,186,223,8690,2014,7307.0,0.0,0.229422,-0.214856,RUS,TUN,820712
3807011,188,223,8690,2014,237730.0,0.0,0.5758439999999999,-0.832692,SAU,TUN,820712
3807012,191,223,8690,2014,44836.0,27470.0,-0.502607,-0.08866,SEN,TUN,820712
3807013,192,223,8690,2014,106850.0,0.0,1.867492,0.626736,SGP,TUN,820712
3807014,208,223,8690,2014,8300.0,0.0,1.817752,0.558474,SWE,TUN,820712
3807015,224,223,8690,2014,7999.0,0.0,0.554761,2.385693,TUR,TUN,820712
3807016,231,223,8690,2014,674937.0,212207.0,1.61227,0.068905,USA,TUN,820712
3807017,246,223,8690,2014,0.0,87191.0,0.282927,1.723214,ZAF,TUN,820712
3807018,250,223,8690,2014,559166.0,0.0,0.506842,0.049545,ANS,TUN,820712
3807019,7,226,8690,2014,74210.0,0.0,0.087775,-0.289459,ARE,TZA,820712
3807020,14,226,8690,2014,125588.0,0.0,-0.398273,-0.17128,AUS,TZA,820712
3807021,18,226,8690,2014,7528.0,0.0,1.234156,1.226441,BEL,TZA,820712
3807022,19,226,8690,2014,0.0,1283810.0,-0.342225,-0.618789,BEN,TZA,820712
3807023,39,226,8690,2014,257318.0,0.0,0.671395,1.024683,CAN,TZA,820712
3807024,43,226,8690,2014,553215.0,0.0,1.187557,1.222085,CHN,TZA,820712
3807025,44,226,8690,2014,80857.0,0.0,-0.737625,-0.768728,CIV,TZA,820712
3807026,49,226,8690,2014,0.0,1214.0,0.19864500000000002,-0.378364,COL,TZA,820712
3807027,61,226,8690,2014,8621.0,0.0,2.052849,-2.888805,DEU,TZA,820712
3807028,68,226,8690,2014,1508.0,0.0,-0.086866,1.7419669999999998,EGY,TZA,820712
3807029,77,226,8690,2014,4495.0,0.0,1.4817790000000002,0.30995,FRA,TZA,820712
3807030,81,226,8690,2014,281418.0,120823.0,1.697964,0.585372,GBR,TZA,820712
3807031,83,226,8690,2014,2668.0,0.0,-1.130226,-0.9909379999999999,GHA,TZA,820712
3807032,97,226,8690,2014,0.0,6307.0,0.812132,1.722493,HKG,TZA,820712
3807033,103,226,8690,2014,18714.0,0.0,-0.088032,1.3966459999999998,IDN,TZA,820712
3807034,104,226,8690,2014,299269.0,0.0,0.262042,2.6305080000000003,IND,TZA,820712
3807035,106,226,8690,2014,6693.0,0.0,1.2658399999999999,0.278546,IRL,TZA,820712
3807036,107,226,8690,2014,3009.0,0.0,-0.361058,-0.312743,IRN,TZA,820712
3807037,111,226,8690,2014,33270.0,6338.0,1.340136,0.43931099999999995,ITA,TZA,820712
3807038,116,226,8690,2014,1283.0,160208.0,-0.487058,0.307288,KEN,TZA,820712
3807039,125,226,8690,2014,0.0,34309.0,-1.016828,-1.107983,LBR,TZA,820712
3807040,147,226,8690,2014,2206.0,0.0,-1.1993610000000001,-1.040181,MOZ,TZA,820712
3807041,152,226,8690,2014,4592.0,0.0,-0.494204,-0.751903,MWI,TZA,820712
3807042,153,226,8690,2014,22109.0,0.0,1.018138,0.774649,MYS,TZA,820712
3807043,162,226,8690,2014,44732.0,2799.0,1.179325,1.355071,NLD,TZA,820712
3807044,163,226,8690,2014,50289.0,0.0,0.9187049999999999,0.182685,NOR,TZA,820712
3807045,167,226,8690,2014,4527.0,0.0,-0.505129,-1.0051370000000002,OMN,TZA,820712
3807046,188,226,8690,2014,620510.0,24530.0,0.5758439999999999,-0.832692,SAU,TZA,820712
3807047,192,226,8690,2014,37216.0,0.0,1.867492,0.626736,SGP,TZA,820712
3807048,208,226,8690,2014,23024.0,0.0,1.817752,0.558474,SWE,TZA,820712
3807049,216,226,8690,2014,1479.0,0.0,0.977094,1.41283,THA,TZA,820712
3807050,224,226,8690,2014,5005.0,0.0,0.554761,2.385693,TUR,TZA,820712
3807051,227,226,8690,2014,835.0,52411.0,-0.46911800000000003,0.25446599999999997,UGA,TZA,820712
3807052,231,226,8690,2014,1886136.0,0.0,1.61227,0.068905,USA,TZA,820712
3807053,246,226,8690,2014,250539.0,13673.0,0.282927,1.723214,ZAF,TZA,820712
3807054,247,226,8690,2014,0.0,159017.0,-0.664089,-0.793452,ZMB,TZA,820712
3807055,248,226,8690,2014,3193.0,0.0,-0.821369,-0.864232,ZWE,TZA,820712
3807056,7,227,8690,2014,5399.0,0.0,0.087775,-0.289459,ARE,UGA,820712
3807057,14,227,8690,2014,0.0,3836.0,-0.398273,-0.17128,AUS,UGA,820712
3807058,38,227,8690,2014,0.0,2938.0,0.695875,0.543384,CAF,UGA,820712
3807059,39,227,8690,2014,1603.0,0.0,0.671395,1.024683,CAN,UGA,820712
3807060,43,227,8690,2014,156270.0,0.0,1.187557,1.222085,CHN,UGA,820712
3807061,44,227,8690,2014,0.0,2010.0,-0.737625,-0.768728,CIV,UGA,820712
3807062,61,227,8690,2014,40206.0,0.0,2.052849,-2.888805,DEU,UGA,820712
3807063,68,227,8690,2014,0.0,17280.0,-0.086866,1.7419669999999998,EGY,UGA,820712
3807064,73,227,8690,2014,0.0,1715.0,-1.296535,-1.045942,ETH,UGA,820712
3807065,77,227,8690,2014,83728.0,113412.0,1.4817790000000002,0.30995,FRA,UGA,820712
3807066,81,227,8690,2014,35701.0,0.0,1.697964,0.585372,GBR,UGA,820712
3807067,97,227,8690,2014,3780.0,0.0,0.812132,1.722493,HKG,UGA,820712
3807068,104,227,8690,2014,199404.0,0.0,0.262042,2.6305080000000003,IND,UGA,820712
3807069,111,227,8690,2014,15355.0,0.0,1.340136,0.43931099999999995,ITA,UGA,820712
3807070,116,227,8690,2014,0.0,45750.0,-0.487058,0.307288,KEN,UGA,820712
3807071,121,227,8690,2014,260.0,0.0,1.817145,0.8394530000000001,KOR,UGA,820712
3807072,148,227,8690,2014,0.0,2866.0,-1.458551,-1.225373,MRT,UGA,820712
3807073,153,227,8690,2014,14446.0,0.0,1.018138,0.774649,MYS,UGA,820712
3807074,159,227,8690,2014,0.0,1573.0,-1.2126430000000001,-1.059697,NGA,UGA,820712
3807075,167,227,8690,2014,1633.0,0.0,-0.505129,-1.0051370000000002,OMN,UGA,820712
3807076,216,227,8690,2014,1426.0,0.0,0.977094,1.41283,THA,UGA,820712
3807077,226,227,8690,2014,52411.0,835.0,-1.054331,0.166345,TZA,UGA,820712
3807078,231,227,8690,2014,29150.0,0.0,1.61227,0.068905,USA,UGA,820712
3807079,67,229,8690,2014,0.0,14309.0,-1.066865,-1.052921,ECU,UMI,820712
3807080,111,234,8690,2014,1230.0,0.0,1.340136,0.43931099999999995,ITA,VCT,820712
3807081,190,234,8690,2014,0.0,7935.0,-1.442381,-1.1155030000000001,SDN,VCT,820712
3807082,231,237,8690,2014,66063.0,0.0,1.61227,0.068905,USA,VGB,820712
3807083,2,239,8690,2014,0.0,1752.0,-1.8184900000000002,-1.149191,AGO,VNM,820712
3807084,7,239,8690,2014,6236.0,0.0,0.087775,-0.289459,ARE,VNM,820712
3807085,8,239,8690,2014,0.0,29923.0,0.10691500000000001,0.44860600000000006,ARG,VNM,820712
3807086,14,239,8690,2014,846951.0,15504.0,-0.398273,-0.17128,AUS,VNM,820712
3807087,15,239,8690,2014,1508.0,0.0,1.7116790000000002,-0.140232,AUT,VNM,820712
3807088,18,239,8690,2014,172895.0,35001.0,1.234156,1.226441,BEL,VNM,820712
3807089,31,239,8690,2014,0.0,1139.0,-1.129494,-1.030198,BOL,VNM,820712
3807090,32,239,8690,2014,2071.0,8341.0,0.218223,0.556921,BRA,VNM,820712
3807091,34,239,8690,2014,35281.0,25167.0,0.191357,-0.683567,BRN,VNM,820712
3807092,39,239,8690,2014,1580.0,17052.0,0.671395,1.024683,CAN,VNM,820712
3807093,43,239,8690,2014,5165894.0,55878.0,1.187557,1.222085,CHN,VNM,820712
3807094,49,239,8690,2014,0.0,14729.0,0.19864500000000002,-0.378364,COL,VNM,820712
3807095,52,239,8690,2014,1081.0,0.0,0.065938,-0.687971,CRI,VNM,820712
3807096,61,239,8690,2014,114864.0,4276.0,2.052849,-2.888805,DEU,VNM,820712
3807097,64,239,8690,2014,1783.0,0.0,1.10869,1.245193,DNK,VNM,820712
3807098,74,239,8690,2014,61898.0,0.0,1.626355,1.002923,FIN,VNM,820712
3807099,77,239,8690,2014,130811.0,0.0,1.4817790000000002,0.30995,FRA,VNM,820712
3807100,80,239,8690,2014,0.0,5850.0,-1.625474,-1.135973,GAB,VNM,820712
3807101,81,239,8690,2014,1236423.0,0.0,1.697964,0.585372,GBR,VNM,820712
3807102,90,239,8690,2014,1283.0,0.0,0.149337,0.8560540000000001,GRC,VNM,820712
3807103,97,239,8690,2014,15666.0,0.0,0.812132,1.722493,HKG,VNM,820712
3807104,103,239,8690,2014,10475.0,1210.0,-0.088032,1.3966459999999998,IDN,VNM,820712
3807105,104,239,8690,2014,38205.0,0.0,0.262042,2.6305080000000003,IND,VNM,820712
3807106,111,239,8690,2014,572743.0,20000.0,1.340136,0.43931099999999995,ITA,VNM,820712
3807107,114,239,8690,2014,795332.0,433825.0,2.403165,-0.635024,JPN,VNM,820712
3807108,115,239,8690,2014,3758.0,0.0,-0.210431,-0.574075,KAZ,VNM,820712
3807109,118,239,8690,2014,0.0,10100.0,-0.84072,-0.8307040000000001,KHM,VNM,820712
3807110,121,239,8690,2014,852208.0,2206.0,1.817145,0.8394530000000001,KOR,VNM,820712
3807111,122,239,8690,2014,22728.0,68709.0,-0.769616,-1.10667,KWT,VNM,820712
3807112,123,239,8690,2014,0.0,4457.0,-1.054294,-0.869916,LAO,VNM,820712
3807113,131,239,8690,2014,18243.0,0.0,1.243845,1.155474,LUX,VNM,820712
3807114,138,239,8690,2014,391914.0,0.0,1.0799729999999998,0.697554,MEX,VNM,820712
3807115,147,239,8690,2014,0.0,1655.0,-1.1993610000000001,-1.040181,MOZ,VNM,820712
3807116,153,239,8690,2014,258093.0,87727.0,1.018138,0.774649,MYS,VNM,820712
3807117,162,239,8690,2014,1813.0,57513.0,1.179325,1.355071,NLD,VNM,820712
3807118,163,239,8690,2014,121460.0,0.0,0.9187049999999999,0.182685,NOR,VNM,820712
3807119,166,239,8690,2014,1439.0,0.0,0.272502,0.21628699999999998,NZL,VNM,820712
3807120,167,239,8690,2014,0.0,22119.0,-0.505129,-1.0051370000000002,OMN,VNM,820712
3807121,173,239,8690,2014,9299.0,0.0,-0.557833,0.611826,PER,VNM,820712
3807122,185,239,8690,2014,14877.0,0.0,0.9112,1.188161,ROU,VNM,820712
3807123,186,239,8690,2014,492092.0,0.0,0.229422,-0.214856,RUS,VNM,820712
3807124,188,239,8690,2014,178362.0,0.0,0.5758439999999999,-0.832692,SAU,VNM,820712
3807125,192,239,8690,2014,3867258.0,1202980.0,1.867492,0.626736,SGP,VNM,820712
3807126,208,239,8690,2014,324391.0,0.0,1.817752,0.558474,SWE,VNM,820712
3807127,216,239,8690,2014,1981644.0,21036.0,0.977094,1.41283,THA,VNM,820712
3807128,220,239,8690,2014,0.0,3560.0,-1.365212,-0.896716,TLS,VNM,820712
3807129,224,239,8690,2014,4593.0,0.0,0.554761,2.385693,TUR,VNM,820712
3807130,231,239,8690,2014,6666694.0,40425.0,1.61227,0.068905,USA,VNM,820712
3807131,246,239,8690,2014,16027.0,0.0,0.282927,1.723214,ZAF,VNM,820712
3807132,249,239,8690,2014,31492.0,17801.0,1.9044189999999999,1.0595139999999998,TWN,VNM,820712
3807133,250,239,8690,2014,11460.0,0.0,0.506842,0.049545,ANS,VNM,820712
3807134,7,247,8690,2014,1418.0,0.0,0.087775,-0.289459,ARE,ZMB,820712
3807135,14,247,8690,2014,5825.0,71.0,-0.398273,-0.17128,AUS,ZMB,820712
3807136,18,247,8690,2014,16694.0,0.0,1.234156,1.226441,BEL,ZMB,820712
3807137,30,247,8690,2014,3676.0,0.0,1.217808,-0.16376300000000002,BMU,ZMB,820712
3807138,37,247,8690,2014,4740.0,17439.0,-0.60221,-1.104578,BWA,ZMB,820712
3807139,39,247,8690,2014,460818.0,3713.0,0.671395,1.024683,CAN,ZMB,820712
3807140,41,247,8690,2014,0.0,209.0,2.2000919999999997,0.65398,CHE,ZMB,820712
3807141,43,247,8690,2014,447346.0,0.0,1.187557,1.222085,CHN,ZMB,820712
3807142,46,247,8690,2014,0.0,484808.0,-1.6680240000000002,-1.1265129999999999,COD,ZMB,820712
3807143,47,247,8690,2014,0.0,3261.0,-1.371624,-1.12468,COG,ZMB,820712
3807144,68,247,8690,2014,3525.0,0.0,-0.086866,1.7419669999999998,EGY,ZMB,820712
3807145,73,247,8690,2014,0.0,2966.0,-1.296535,-1.045942,ETH,ZMB,820712
3807146,74,247,8690,2014,7732.0,0.0,1.626355,1.002923,FIN,ZMB,820712
3807147,77,247,8690,2014,189234.0,0.0,1.4817790000000002,0.30995,FRA,ZMB,820712
3807148,81,247,8690,2014,7540.0,497255.0,1.697964,0.585372,GBR,ZMB,820712
3807149,83,247,8690,2014,223218.0,0.0,-1.130226,-0.9909379999999999,GHA,ZMB,820712
3807150,97,247,8690,2014,818.0,0.0,0.812132,1.722493,HKG,ZMB,820712
3807151,103,247,8690,2014,0.0,3970.0,-0.088032,1.3966459999999998,IDN,ZMB,820712
3807152,104,247,8690,2014,1118725.0,0.0,0.262042,2.6305080000000003,IND,ZMB,820712
3807153,106,247,8690,2014,105550.0,0.0,1.2658399999999999,0.278546,IRL,ZMB,820712
3807154,111,247,8690,2014,971.0,0.0,1.340136,0.43931099999999995,ITA,ZMB,820712
3807155,114,247,8690,2014,15447.0,0.0,2.403165,-0.635024,JPN,ZMB,820712
3807156,121,247,8690,2014,14499.0,0.0,1.817145,0.8394530000000001,KOR,ZMB,820712
3807157,136,247,8690,2014,0.0,9019.0,-1.002122,-0.44446,MDG,ZMB,820712
3807158,152,247,8690,2014,1261.0,0.0,-0.494204,-0.751903,MWI,ZMB,820712
3807159,153,247,8690,2014,9284.0,0.0,1.018138,0.774649,MYS,ZMB,820712
3807160,155,247,8690,2014,7521.0,23318.0,-0.428227,-0.5632229999999999,NAM,ZMB,820712
3807161,162,247,8690,2014,6647.0,0.0,1.179325,1.355071,NLD,ZMB,820712
3807162,192,247,8690,2014,5397.0,0.0,1.867492,0.626736,SGP,ZMB,820712
3807163,208,247,8690,2014,12841.0,31540.0,1.817752,0.558474,SWE,ZMB,820712
3807164,224,247,8690,2014,8771.0,0.0,0.554761,2.385693,TUR,ZMB,820712
3807165,226,247,8690,2014,159017.0,0.0,-1.054331,0.166345,TZA,ZMB,820712
3807166,231,247,8690,2014,225469.0,1810.0,1.61227,0.068905,USA,ZMB,820712
3807167,246,247,8690,2014,905179.0,116588.0,0.282927,1.723214,ZAF,ZMB,820712
3807168,248,247,8690,2014,23060.0,0.0,-0.821369,-0.864232,ZWE,ZMB,820712
3807169,7,248,8690,2014,2900.0,0.0,0.087775,-0.289459,ARE,ZWE,820712
3807170,37,248,8690,2014,1748.0,3437.0,-0.60221,-1.104578,BWA,ZWE,820712
3807171,43,248,8690,2014,52432.0,0.0,1.187557,1.222085,CHN,ZWE,820712
3807172,71,248,8690,2014,1328.0,0.0,0.842147,2.45692,ESP,ZWE,820712
3807173,74,248,8690,2014,85397.0,0.0,1.626355,1.002923,FIN,ZWE,820712
3807174,77,248,8690,2014,6788.0,34304.0,1.4817790000000002,0.30995,FRA,ZWE,820712
3807175,81,248,8690,2014,1184.0,0.0,1.697964,0.585372,GBR,ZWE,820712
3807176,97,248,8690,2014,16987.0,0.0,0.812132,1.722493,HKG,ZWE,820712
3807177,104,248,8690,2014,56869.0,0.0,0.262042,2.6305080000000003,IND,ZWE,820712
3807178,106,248,8690,2014,1363.0,0.0,1.2658399999999999,0.278546,IRL,ZWE,820712
3807179,110,248,8690,2014,0.0,166.0,1.211141,0.64523,ISR,ZWE,820712
3807180,111,248,8690,2014,5819.0,0.0,1.340136,0.43931099999999995,ITA,ZWE,820712
3807181,121,248,8690,2014,41800.0,0.0,1.817145,0.8394530000000001,KOR,ZWE,820712
3807182,208,248,8690,2014,11156.0,0.0,1.817752,0.558474,SWE,ZWE,820712
3807183,226,248,8690,2014,0.0,3193.0,-1.054331,0.166345,TZA,ZWE,820712
3807184,231,248,8690,2014,124462.0,0.0,1.61227,0.068905,USA,ZWE,820712
3807185,246,248,8690,2014,1743923.0,7763.0,0.282927,1.723214,ZAF,ZWE,820712
3807186,247,248,8690,2014,0.0,23060.0,-0.664089,-0.793452,ZMB,ZWE,820712
3807187,14,96,8690,2014,495963.0,0.0,-0.398273,-0.17128,AUS,GUY,820712
3807188,32,96,8690,2014,4773.0,0.0,0.218223,0.556921,BRA,GUY,820712
3807189,39,96,8690,2014,39971.0,0.0,0.671395,1.024683,CAN,GUY,820712
3807190,43,96,8690,2014,10809.0,0.0,1.187557,1.222085,CHN,GUY,820712
3807191,173,96,8690,2014,17463.0,0.0,-0.557833,0.611826,PER,GUY,820712
3807192,231,96,8690,2014,17927.0,0.0,1.61227,0.068905,USA,GUY,820712
3807193,7,2,8690,2014,1551.0,0.0,0.087775,-0.289459,ARE,AGO,820712
3807194,14,2,8690,2014,94043.0,0.0,-0.398273,-0.17128,AUS,AGO,820712
3807195,15,2,8690,2014,2540.0,0.0,1.7116790000000002,-0.140232,AUT,AGO,820712
3807196,16,2,8690,2014,9174.0,0.0,-0.909508,-1.165158,AZE,AGO,820712
3807197,18,2,8690,2014,1035128.0,0.0,1.234156,1.226441,BEL,AGO,820712
3807198,31,2,8690,2014,12199.0,0.0,-1.129494,-1.030198,BOL,AGO,820712
3807199,32,2,8690,2014,561746.0,0.0,0.218223,0.556921,BRA,AGO,820712
3807200,39,2,8690,2014,24879.0,0.0,0.671395,1.024683,CAN,AGO,820712
3807201,41,2,8690,2014,465.0,0.0,2.2000919999999997,0.65398,CHE,AGO,820712
3807202,42,2,8690,2014,1480.0,0.0,-0.344671,-0.43380799999999997,CHL,AGO,820712
3807203,43,2,8690,2014,164096.0,0.0,1.187557,1.222085,CHN,AGO,820712
3807204,45,2,8690,2014,9345.0,0.0,-0.6723520000000001,-0.945084,CMR,AGO,820712
3807205,46,2,8690,2014,14330.0,0.0,-1.6680240000000002,-1.1265129999999999,COD,AGO,820712
3807206,47,2,8690,2014,9572.0,0.0,-1.371624,-1.12468,COG,AGO,820712
3807207,49,2,8690,2014,1591.0,0.0,0.19864500000000002,-0.378364,COL,AGO,820712
3807208,61,2,8690,2014,561689.0,32317.0,2.052849,-2.888805,DEU,AGO,820712
3807209,64,2,8690,2014,20856.0,0.0,1.10869,1.245193,DNK,AGO,820712
3807210,77,2,8690,2014,2435499.0,0.0,1.4817790000000002,0.30995,FRA,AGO,820712
3807211,81,2,8690,2014,1317962.0,0.0,1.697964,0.585372,GBR,AGO,820712
3807212,103,2,8690,2014,46267.0,0.0,-0.088032,1.3966459999999998,IDN,AGO,820712
3807213,104,2,8690,2014,19440.0,0.0,0.262042,2.6305080000000003,IND,AGO,820712
3807214,110,2,8690,2014,22294.0,0.0,1.211141,0.64523,ISR,AGO,820712
3807215,111,2,8690,2014,621033.0,3021.0,1.340136,0.43931099999999995,ITA,AGO,820712
3807216,114,2,8690,2014,9590.0,0.0,2.403165,-0.635024,JPN,AGO,820712
3807217,115,2,8690,2014,5304.0,0.0,-0.210431,-0.574075,KAZ,AGO,820712
3807218,121,2,8690,2014,44915.0,0.0,1.817145,0.8394530000000001,KOR,AGO,820712
3807219,124,2,8690,2014,3852.0,0.0,0.308677,1.7564490000000001,LBN,AGO,820712
3807220,138,2,8690,2014,187730.0,0.0,1.0799729999999998,0.697554,MEX,AGO,820712
3807221,147,2,8690,2014,5987.0,0.0,-1.1993610000000001,-1.040181,MOZ,AGO,820712
3807222,155,2,8690,2014,102743.0,0.0,-0.428227,-0.5632229999999999,NAM,AGO,820712
3807223,162,2,8690,2014,1065436.0,0.0,1.179325,1.355071,NLD,AGO,820712
3807224,163,2,8690,2014,214776.0,95745.0,0.9187049999999999,0.182685,NOR,AGO,820712
3807225,166,2,8690,2014,7543.0,0.0,0.272502,0.21628699999999998,NZL,AGO,820712
3807226,177,2,8690,2014,3676.0,0.0,1.133102,1.177165,POL,AGO,820712
3807227,179,2,8690,2014,436077.0,0.0,0.621053,2.349644,PRT,AGO,820712
3807228,185,2,8690,2014,38850.0,0.0,0.9112,1.188161,ROU,AGO,820712
3807229,186,2,8690,2014,1203.0,0.0,0.229422,-0.214856,RUS,AGO,820712
3807230,188,2,8690,2014,303296.0,0.0,0.5758439999999999,-0.832692,SAU,AGO,820712
3807231,191,2,8690,2014,0.0,14339.0,-0.502607,-0.08866,SEN,AGO,820712
3807232,192,2,8690,2014,364226.0,40079.0,1.867492,0.626736,SGP,AGO,820712
3807233,216,2,8690,2014,14906.0,0.0,0.977094,1.41283,THA,AGO,820712
3807234,231,2,8690,2014,19101616.0,0.0,1.61227,0.068905,USA,AGO,820712
3807235,239,2,8690,2014,1752.0,0.0,-0.023765,1.344416,VNM,AGO,820712
3807236,246,2,8690,2014,109857.0,16576.0,0.282927,1.723214,ZAF,AGO,820712
3807237,28,135,8690,2014,2857.0,0.0,0.874108,0.676231,BLR,MDA,820712
3807238,43,135,8690,2014,2086.0,0.0,1.187557,1.222085,CHN,MDA,820712
3807239,61,135,8690,2014,15111.0,0.0,2.052849,-2.888805,DEU,MDA,820712
3807240,111,135,8690,2014,7801.0,0.0,1.340136,0.43931099999999995,ITA,MDA,820712
3807241,162,135,8690,2014,2946.0,0.0,1.179325,1.355071,NLD,MDA,820712
3807242,177,135,8690,2014,4061.0,0.0,1.133102,1.177165,POL,MDA,820712
3807243,186,135,8690,2014,20462.0,0.0,0.229422,-0.214856,RUS,MDA,820712
3807244,224,135,8690,2014,1023.0,0.0,0.554761,2.385693,TUR,MDA,820712
3807245,228,135,8690,2014,12638.0,0.0,0.566535,0.832267,UKR,MDA,820712
3807246,231,135,8690,2014,12756.0,0.0,1.61227,0.068905,USA,MDA,820712
3807247,15,144,8690,2014,3112.0,0.0,1.7116790000000002,-0.140232,AUT,MNE,820712
3807248,26,144,8690,2014,6051.0,0.0,0.5083300000000001,0.711704,BIH,MNE,820712
3807249,59,144,8690,2014,2835.0,0.0,1.8105830000000003,0.131131,CZE,MNE,820712
3807250,61,144,8690,2014,5761.0,0.0,2.052849,-2.888805,DEU,MNE,820712
3807251,81,144,8690,2014,3539.0,0.0,1.697964,0.585372,GBR,MNE,820712
3807252,100,144,8690,2014,17488.0,0.0,0.804401,1.250807,HRV,MNE,820712
3807253,102,144,8690,2014,1172.0,0.0,1.477093,0.812869,HUN,MNE,820712
3807254,201,144,8690,2014,5416.0,0.0,0.551635,1.211535,SRB,MNE,820712
3807255,207,144,8690,2014,2734.0,0.0,1.6558669999999998,0.6814399999999999,SVN,MNE,820712
3807256,224,144,8690,2014,5327.0,0.0,0.554761,2.385693,TUR,MNE,820712
3807257,14,145,8690,2014,12055.0,938.0,-0.398273,-0.17128,AUS,MNG,820712
3807258,15,145,8690,2014,7333.0,0.0,1.7116790000000002,-0.140232,AUT,MNG,820712
3807259,39,145,8690,2014,68842.0,16870.0,0.671395,1.024683,CAN,MNG,820712
3807260,43,145,8690,2014,430332.0,5172.0,1.187557,1.222085,CHN,MNG,820712
3807261,61,145,8690,2014,34867.0,0.0,2.052849,-2.888805,DEU,MNG,820712
3807262,97,145,8690,2014,3916.0,0.0,0.812132,1.722493,HKG,MNG,820712
3807263,103,145,8690,2014,0.0,10562.0,-0.088032,1.3966459999999998,IDN,MNG,820712
3807264,104,145,8690,2014,3152.0,0.0,0.262042,2.6305080000000003,IND,MNG,820712
3807265,106,145,8690,2014,1237.0,0.0,1.2658399999999999,0.278546,IRL,MNG,820712
3807266,114,145,8690,2014,21604.0,0.0,2.403165,-0.635024,JPN,MNG,820712
3807267,121,145,8690,2014,137826.0,0.0,1.817145,0.8394530000000001,KOR,MNG,820712
3807268,138,145,8690,2014,37297.0,0.0,1.0799729999999998,0.697554,MEX,MNG,820712
3807269,153,145,8690,2014,0.0,1067.0,1.018138,0.774649,MYS,MNG,820712
3807270,174,145,8690,2014,0.0,831.0,0.637442,0.475883,PHL,MNG,820712
3807271,177,145,8690,2014,2073.0,0.0,1.133102,1.177165,POL,MNG,820712
3807272,186,145,8690,2014,508736.0,0.0,0.229422,-0.214856,RUS,MNG,820712
3807273,192,145,8690,2014,0.0,1200.0,1.867492,0.626736,SGP,MNG,820712
3807274,208,145,8690,2014,156827.0,0.0,1.817752,0.558474,SWE,MNG,820712
3807275,224,145,8690,2014,7971.0,0.0,0.554761,2.385693,TUR,MNG,820712
3807276,231,145,8690,2014,49178.0,0.0,1.61227,0.068905,USA,MNG,820712
3807277,14,196,8690,2014,77325.0,0.0,-0.398273,-0.17128,AUS,SLE,820712
3807278,39,196,8690,2014,20302.0,0.0,0.671395,1.024683,CAN,SLE,820712
3807279,43,196,8690,2014,12148.0,0.0,1.187557,1.222085,CHN,SLE,820712
3807280,77,196,8690,2014,11005.0,0.0,1.4817790000000002,0.30995,FRA,SLE,820712
3807281,81,196,8690,2014,1427010.0,0.0,1.697964,0.585372,GBR,SLE,820712
3807282,104,196,8690,2014,1359.0,0.0,0.262042,2.6305080000000003,IND,SLE,820712
3807283,121,196,8690,2014,100725.0,0.0,1.817145,0.8394530000000001,KOR,SLE,820712
3807284,124,196,8690,2014,2286.0,0.0,0.308677,1.7564490000000001,LBN,SLE,820712
3807285,191,196,8690,2014,0.0,10439.0,-0.502607,-0.08866,SEN,SLE,820712
3807286,231,196,8690,2014,9731.0,0.0,1.61227,0.068905,USA,SLE,820712
3807287,246,196,8690,2014,92969.0,0.0,0.282927,1.723214,ZAF,SLE,820712
3807288,61,198,8690,2014,0.0,5327.0,2.052849,-2.888805,DEU,SMR,820712
3807289,81,198,8690,2014,0.0,8498.0,1.697964,0.585372,GBR,SMR,820712
3807290,162,198,8690,2014,0.0,20927.0,1.179325,1.355071,NLD,SMR,820712
3807291,43,217,8690,2014,48370.0,0.0,1.187557,1.222085,CHN,TJK,820712
3807292,66,217,8690,2014,0.0,18987.0,-1.5554649999999999,-1.1657030000000002,DZA,TJK,820712
3807293,74,217,8690,2014,29071.0,0.0,1.626355,1.002923,FIN,TJK,820712
3807294,77,217,8690,2014,2442.0,0.0,1.4817790000000002,0.30995,FRA,TJK,820712
3807295,115,217,8690,2014,8401.0,0.0,-0.210431,-0.574075,KAZ,TJK,820712
3807296,121,217,8690,2014,1308.0,0.0,1.817145,0.8394530000000001,KOR,TJK,820712
3807297,186,217,8690,2014,46943.0,6513.0,0.229422,-0.214856,RUS,TJK,820712
3807298,208,217,8690,2014,26514.0,0.0,1.817752,0.558474,SWE,TJK,820712
3807299,224,217,8690,2014,1528.0,0.0,0.554761,2.385693,TUR,TJK,820712
3807300,7,219,8690,2014,28026.0,0.0,0.087775,-0.289459,ARE,TKM,820712
3807301,28,219,8690,2014,142244.0,5807.0,0.874108,0.676231,BLR,TKM,820712
3807302,43,219,8690,2014,2792088.0,0.0,1.187557,1.222085,CHN,TKM,820712
3807303,61,219,8690,2014,283303.0,0.0,2.052849,-2.888805,DEU,TKM,820712
3807304,81,219,8690,2014,379463.0,0.0,1.697964,0.585372,GBR,TKM,820712
3807305,111,219,8690,2014,97337.0,0.0,1.340136,0.43931099999999995,ITA,TKM,820712
3807306,115,219,8690,2014,300017.0,0.0,-0.210431,-0.574075,KAZ,TKM,820712
3807307,121,219,8690,2014,3312.0,0.0,1.817145,0.8394530000000001,KOR,TKM,820712
3807308,128,219,8690,2014,8613.0,0.0,-0.49366899999999997,0.338686,LKA,TKM,820712
3807309,185,219,8690,2014,2787.0,0.0,0.9112,1.188161,ROU,TKM,820712
3807310,186,219,8690,2014,617132.0,0.0,0.229422,-0.214856,RUS,TKM,820712
3807311,192,219,8690,2014,90456.0,0.0,1.867492,0.626736,SGP,TKM,820712
3807312,224,219,8690,2014,235160.0,0.0,0.554761,2.385693,TUR,TKM,820712
3807313,228,219,8690,2014,411778.0,0.0,0.566535,0.832267,UKR,TKM,820712
3807314,231,219,8690,2014,1693543.0,0.0,1.61227,0.068905,USA,TKM,820712
3807315,7,50,8690,2014,915.0,0.0,0.087775,-0.289459,ARE,COM,820712
3807316,43,50,8690,2014,29048.0,0.0,1.187557,1.222085,CHN,COM,820712
3807317,136,50,8690,2014,3624.0,0.0,-1.002122,-0.44446,MDG,COM,820712
3807318,14,75,8690,2014,43408.0,32924.0,-0.398273,-0.17128,AUS,FJI,820712
3807319,15,75,8690,2014,7690.0,0.0,1.7116790000000002,-0.140232,AUT,FJI,820712
3807320,43,75,8690,2014,10549.0,0.0,1.187557,1.222085,CHN,FJI,820712
3807321,61,75,8690,2014,10364.0,0.0,2.052849,-2.888805,DEU,FJI,820712
3807322,77,75,8690,2014,80625.0,0.0,1.4817790000000002,0.30995,FRA,FJI,820712
3807323,97,75,8690,2014,0.0,13623.0,0.812132,1.722493,HKG,FJI,820712
3807324,104,75,8690,2014,1266.0,0.0,0.262042,2.6305080000000003,IND,FJI,820712
3807325,119,75,8690,2014,0.0,1802.0,0.708907,-0.540813,KIR,FJI,820712
3807326,121,75,8690,2014,2241.0,0.0,1.817145,0.8394530000000001,KOR,FJI,820712
3807327,166,75,8690,2014,28179.0,21648.0,0.272502,0.21628699999999998,NZL,FJI,820712
3807328,176,75,8690,2014,3649.0,0.0,-1.564904,-1.146255,PNG,FJI,820712
3807329,225,75,8690,2014,0.0,9786.0,1.127623,-0.482033,TUV,FJI,820712
3807330,231,75,8690,2014,14530.0,0.0,1.61227,0.068905,USA,FJI,820712
3807331,240,75,8690,2014,15684.0,5305.0,-1.21245,-0.941493,VUT,FJI,820712
3807332,162,0,8690,2014,6409.0,0.0,1.179325,1.355071,NLD,ABW,820712
3807333,190,0,8690,2014,0.0,45632.0,-1.442381,-1.1155030000000001,SDN,ABW,820712
3807334,231,0,8690,2014,17635.0,0.0,1.61227,0.068905,USA,ABW,820712
3807335,243,0,8690,2014,0.0,667256.0,-1.2829190000000001,-1.227373,YEM,ABW,820712
3807336,250,0,8690,2014,1603.0,0.0,0.506842,0.049545,ANS,ABW,820712
3807337,7,1,8690,2014,511055.0,0.0,0.087775,-0.289459,ARE,AFG,820712
3807338,43,1,8690,2014,14539.0,0.0,1.187557,1.222085,CHN,AFG,820712
3807339,71,1,8690,2014,1727.0,0.0,0.842147,2.45692,ESP,AFG,820712
3807340,115,1,8690,2014,30186.0,0.0,-0.210431,-0.574075,KAZ,AFG,820712
3807341,224,1,8690,2014,2682.0,0.0,0.554761,2.385693,TUR,AFG,820712
3807342,231,1,8690,2014,2755.0,0.0,1.61227,0.068905,USA,AFG,820712
3807343,61,5,8690,2014,2399.0,0.0,2.052849,-2.888805,DEU,AND,820712
3807344,71,5,8690,2014,30283.0,0.0,0.842147,2.45692,ESP,AND,820712
3807345,192,5,8690,2014,18474.0,0.0,1.867492,0.626736,SGP,AND,820712
3807346,7,17,8690,2014,3231.0,0.0,0.087775,-0.289459,ARE,BDI,820712
3807347,43,17,8690,2014,2518.0,0.0,1.187557,1.222085,CHN,BDI,820712
3807348,14,30,8690,2014,17525.0,0.0,-0.398273,-0.17128,AUS,BMU,820712
3807349,247,30,8690,2014,0.0,3676.0,-0.664089,-0.793452,ZMB,BMU,820712
3807350,7,34,8690,2014,12764.0,0.0,0.087775,-0.289459,ARE,BRN,820712
3807351,14,34,8690,2014,84986.0,25230.0,-0.398273,-0.17128,AUS,BRN,820712
3807352,15,34,8690,2014,2318.0,0.0,1.7116790000000002,-0.140232,AUT,BRN,820712
3807353,18,34,8690,2014,129862.0,0.0,1.234156,1.226441,BEL,BRN,820712
3807354,32,34,8690,2014,43894.0,0.0,0.218223,0.556921,BRA,BRN,820712
3807355,39,34,8690,2014,21729.0,0.0,0.671395,1.024683,CAN,BRN,820712
3807356,43,34,8690,2014,223510.0,0.0,1.187557,1.222085,CHN,BRN,820712
3807357,61,34,8690,2014,121167.0,0.0,2.052849,-2.888805,DEU,BRN,820712
3807358,68,34,8690,2014,0.0,26281.0,-0.086866,1.7419669999999998,EGY,BRN,820712
3807359,81,34,8690,2014,117370.0,0.0,1.697964,0.585372,GBR,BRN,820712
3807360,97,34,8690,2014,736.0,0.0,0.812132,1.722493,HKG,BRN,820712
3807361,103,34,8690,2014,75977.0,37142.0,-0.088032,1.3966459999999998,IDN,BRN,820712
3807362,111,34,8690,2014,19251.0,0.0,1.340136,0.43931099999999995,ITA,BRN,820712
3807363,114,34,8690,2014,10419.0,0.0,2.403165,-0.635024,JPN,BRN,820712
3807364,121,34,8690,2014,3809.0,0.0,1.817145,0.8394530000000001,KOR,BRN,820712
3807365,138,34,8690,2014,2412.0,0.0,1.0799729999999998,0.697554,MEX,BRN,820712
3807366,153,34,8690,2014,330736.0,72622.0,1.018138,0.774649,MYS,BRN,820712
3807367,162,34,8690,2014,10015.0,0.0,1.179325,1.355071,NLD,BRN,820712
3807368,163,34,8690,2014,0.0,911.0,0.9187049999999999,0.182685,NOR,BRN,820712
3807369,167,34,8690,2014,1910.0,12291.0,-0.505129,-1.0051370000000002,OMN,BRN,820712
3807370,188,34,8690,2014,12107.0,0.0,0.5758439999999999,-0.832692,SAU,BRN,820712
3807371,192,34,8690,2014,1184920.0,20083.0,1.867492,0.626736,SGP,BRN,820712
3807372,216,34,8690,2014,1708.0,0.0,0.977094,1.41283,THA,BRN,820712
3807373,231,34,8690,2014,3514524.0,18748.0,1.61227,0.068905,USA,BRN,820712
3807374,239,34,8690,2014,25167.0,35281.0,-0.023765,1.344416,VNM,BRN,820712
3807375,249,34,8690,2014,5751.0,0.0,1.9044189999999999,1.0595139999999998,TWN,BRN,820712
3807376,250,34,8690,2014,0.0,68359.0,0.506842,0.049545,ANS,BRN,820712
3807377,231,63,8690,2014,2874.0,0.0,1.61227,0.068905,USA,DMA,820712
3807378,14,69,8690,2014,44549.0,0.0,-0.398273,-0.17128,AUS,ERI,820712
3807379,39,69,8690,2014,26824.0,0.0,0.671395,1.024683,CAN,ERI,820712
3807380,43,69,8690,2014,61043.0,0.0,1.187557,1.222085,CHN,ERI,820712
3807381,81,69,8690,2014,46887.0,0.0,1.697964,0.585372,GBR,ERI,820712
3807382,111,69,8690,2014,38819.0,0.0,1.340136,0.43931099999999995,ITA,ERI,820712
3807383,208,69,8690,2014,18873.0,0.0,1.817752,0.558474,SWE,ERI,820712
3807384,231,69,8690,2014,8564.0,0.0,1.61227,0.068905,USA,ERI,820712
3807385,64,78,8690,2014,21980.0,0.0,1.10869,1.245193,DNK,FRO,820712
3807386,163,78,8690,2014,533231.0,0.0,0.9187049999999999,0.182685,NOR,FRO,820712
3807387,208,78,8690,2014,20073.0,0.0,1.817752,0.558474,SWE,FRO,820712
3807388,43,101,8690,2014,8461.0,0.0,1.187557,1.222085,CHN,HTI,820712
3807389,65,101,8690,2014,1678.0,0.0,-0.180845,0.508512,DOM,HTI,820712
3807390,77,101,8690,2014,26033.0,0.0,1.4817790000000002,0.30995,FRA,HTI,820712
3807391,81,101,8690,2014,113234.0,0.0,1.697964,0.585372,GBR,HTI,820712
3807392,216,101,8690,2014,1437.0,0.0,0.977094,1.41283,THA,HTI,820712
3807393,75,119,8690,2014,1802.0,0.0,-0.306346,-0.07688500000000001,FJI,KIR,820712
3807394,246,129,8690,2014,79636.0,3353.0,0.282927,1.723214,ZAF,LSO,820712
3807395,81,137,8690,2014,2560.0,0.0,1.697964,0.585372,GBR,MDV,820712
3807396,128,137,8690,2014,1237.0,0.0,-0.49366899999999997,0.338686,LKA,MDV,820712
3807397,153,137,8690,2014,1442.0,0.0,1.018138,0.774649,MYS,MDV,820712
3807398,14,143,8690,2014,248493.0,0.0,-0.398273,-0.17128,AUS,MMR,820712
3807399,18,143,8690,2014,67598.0,0.0,1.234156,1.226441,BEL,MMR,820712
3807400,39,143,8690,2014,78836.0,0.0,0.671395,1.024683,CAN,MMR,820712
3807401,43,143,8690,2014,791132.0,0.0,1.187557,1.222085,CHN,MMR,820712
3807402,61,143,8690,2014,28027.0,0.0,2.052849,-2.888805,DEU,MMR,820712
3807403,77,143,8690,2014,34842.0,0.0,1.4817790000000002,0.30995,FRA,MMR,820712
3807404,81,143,8690,2014,15098.0,0.0,1.697964,0.585372,GBR,MMR,820712
3807405,103,143,8690,2014,17985.0,0.0,-0.088032,1.3966459999999998,IDN,MMR,820712
3807406,104,143,8690,2014,9816.0,0.0,0.262042,2.6305080000000003,IND,MMR,820712
3807407,111,143,8690,2014,31805.0,0.0,1.340136,0.43931099999999995,ITA,MMR,820712
3807408,114,143,8690,2014,198037.0,0.0,2.403165,-0.635024,JPN,MMR,820712
3807409,121,143,8690,2014,25668.0,0.0,1.817145,0.8394530000000001,KOR,MMR,820712
3807410,153,143,8690,2014,608878.0,0.0,1.018138,0.774649,MYS,MMR,820712
3807411,192,143,8690,2014,3217090.0,20443.0,1.867492,0.626736,SGP,MMR,820712
3807412,216,143,8690,2014,2551602.0,0.0,0.977094,1.41283,THA,MMR,820712
3807413,231,143,8690,2014,210821.0,0.0,1.61227,0.068905,USA,MMR,820712
3807414,249,143,8690,2014,24838.0,0.0,1.9044189999999999,1.0595139999999998,TWN,MMR,820712
3807415,43,152,8690,2014,924.0,0.0,1.187557,1.222085,CHN,MWI,820712
3807416,104,152,8690,2014,11391.0,0.0,0.262042,2.6305080000000003,IND,MWI,820712
3807417,114,152,8690,2014,992.0,0.0,2.403165,-0.635024,JPN,MWI,820712
3807418,179,152,8690,2014,73672.0,0.0,0.621053,2.349644,PRT,MWI,820712
3807419,226,152,8690,2014,0.0,4592.0,-1.054331,0.166345,TZA,MWI,820712
3807420,231,152,8690,2014,16153.0,0.0,1.61227,0.068905,USA,MWI,820712
3807421,246,152,8690,2014,75962.0,145689.0,0.282927,1.723214,ZAF,MWI,820712
3807422,247,152,8690,2014,0.0,1261.0,-0.664089,-0.793452,ZMB,MWI,820712
3807423,14,156,8690,2014,74259.0,0.0,-0.398273,-0.17128,AUS,NCL,820712
3807424,15,156,8690,2014,963.0,0.0,1.7116790000000002,-0.140232,AUT,NCL,820712
3807425,39,156,8690,2014,3073.0,0.0,0.671395,1.024683,CAN,NCL,820712
3807426,43,156,8690,2014,1195.0,0.0,1.187557,1.222085,CHN,NCL,820712
3807427,77,156,8690,2014,184576.0,0.0,1.4817790000000002,0.30995,FRA,NCL,820712
3807428,81,156,8690,2014,8887.0,0.0,1.697964,0.585372,GBR,NCL,820712
3807429,104,156,8690,2014,76798.0,0.0,0.262042,2.6305080000000003,IND,NCL,820712
3807430,114,156,8690,2014,2304.0,0.0,2.403165,-0.635024,JPN,NCL,820712
3807431,121,156,8690,2014,78829.0,0.0,1.817145,0.8394530000000001,KOR,NCL,820712
3807432,166,156,8690,2014,42888.0,0.0,0.272502,0.21628699999999998,NZL,NCL,820712
3807433,231,156,8690,2014,17101.0,0.0,1.61227,0.068905,USA,NCL,820712
3807434,39,157,8690,2014,5751.0,0.0,0.671395,1.024683,CAN,NER,820712
3807435,43,157,8690,2014,1007037.0,0.0,1.187557,1.222085,CHN,NER,820712
3807436,77,157,8690,2014,984531.0,0.0,1.4817790000000002,0.30995,FRA,NER,820712
3807437,231,157,8690,2014,8676.0,0.0,1.61227,0.068905,USA,NER,820712
3807438,7,176,8690,2014,80771.0,0.0,0.087775,-0.289459,ARE,PNG,820712
3807439,14,176,8690,2014,6648644.0,54765.0,-0.398273,-0.17128,AUS,PNG,820712
3807440,15,176,8690,2014,12978.0,0.0,1.7116790000000002,-0.140232,AUT,PNG,820712
3807441,39,176,8690,2014,86676.0,0.0,0.671395,1.024683,CAN,PNG,820712
3807442,43,176,8690,2014,54138.0,0.0,1.187557,1.222085,CHN,PNG,820712
3807443,75,176,8690,2014,0.0,3649.0,-0.306346,-0.07688500000000001,FJI,PNG,820712
3807444,103,176,8690,2014,0.0,44545.0,-0.088032,1.3966459999999998,IDN,PNG,820712
3807445,111,176,8690,2014,8592.0,0.0,1.340136,0.43931099999999995,ITA,PNG,820712
3807446,114,176,8690,2014,5231.0,0.0,2.403165,-0.635024,JPN,PNG,820712
3807447,153,176,8690,2014,10985.0,0.0,1.018138,0.774649,MYS,PNG,820712
3807448,163,176,8690,2014,6664.0,0.0,0.9187049999999999,0.182685,NOR,PNG,820712
3807449,166,176,8690,2014,69641.0,0.0,0.272502,0.21628699999999998,NZL,PNG,820712
3807450,192,176,8690,2014,503510.0,0.0,1.867492,0.626736,SGP,PNG,820712
3807451,231,176,8690,2014,609902.0,0.0,1.61227,0.068905,USA,PNG,820712
3807452,246,176,8690,2014,1917.0,0.0,0.282927,1.723214,ZAF,PNG,820712
3807453,14,187,8690,2014,4781.0,0.0,-0.398273,-0.17128,AUS,RWA,820712
3807454,18,187,8690,2014,4184.0,0.0,1.234156,1.226441,BEL,RWA,820712
3807455,43,187,8690,2014,45396.0,0.0,1.187557,1.222085,CHN,RWA,820712
3807456,77,187,8690,2014,4773.0,0.0,1.4817790000000002,0.30995,FRA,RWA,820712
3807457,81,187,8690,2014,416.0,0.0,1.697964,0.585372,GBR,RWA,820712
3807458,104,187,8690,2014,1067.0,0.0,0.262042,2.6305080000000003,IND,RWA,820712
3807459,116,187,8690,2014,1972.0,0.0,-0.487058,0.307288,KEN,RWA,820712
3807460,246,187,8690,2014,7882.0,0.0,0.282927,1.723214,ZAF,RWA,820712
3807461,155,194,8690,2014,14646.0,0.0,-0.428227,-0.5632229999999999,NAM,SHN,820712
3807462,39,199,8690,2014,37230.0,0.0,0.671395,1.024683,CAN,SOM,820712
3807463,43,202,8690,2014,697668.0,0.0,1.187557,1.222085,CHN,SSD,820712
3807464,39,214,8690,2014,3001.0,0.0,0.671395,1.024683,CAN,TCD,820712
3807465,43,214,8690,2014,1449916.0,0.0,1.187557,1.222085,CHN,TCD,820712
3807466,47,214,8690,2014,49660.0,0.0,-1.371624,-1.12468,COG,TCD,820712
3807467,77,214,8690,2014,256702.0,0.0,1.4817790000000002,0.30995,FRA,TCD,820712
3807468,81,214,8690,2014,12459.0,0.0,1.697964,0.585372,GBR,TCD,820712
3807469,104,214,8690,2014,1359.0,0.0,0.262042,2.6305080000000003,IND,TCD,820712
3807470,111,214,8690,2014,354489.0,0.0,1.340136,0.43931099999999995,ITA,TCD,820712
3807471,162,214,8690,2014,57936.0,0.0,1.179325,1.355071,NLD,TCD,820712
3807472,208,214,8690,2014,1758.0,0.0,1.817752,0.558474,SWE,TCD,820712
3807473,231,214,8690,2014,1555693.0,0.0,1.61227,0.068905,USA,TCD,820712
3807474,246,214,8690,2014,4780.0,0.0,0.282927,1.723214,ZAF,TCD,820712
3807475,166,221,8690,2014,2940.0,0.0,0.272502,0.21628699999999998,NZL,TON,820712
3807476,7,232,8690,2014,3632612.0,0.0,0.087775,-0.289459,ARE,UZB,820712
3807477,15,232,8690,2014,20478.0,0.0,1.7116790000000002,-0.140232,AUT,UZB,820712
3807478,39,232,8690,2014,17852.0,0.0,0.671395,1.024683,CAN,UZB,820712
3807479,43,232,8690,2014,8380504.0,0.0,1.187557,1.222085,CHN,UZB,820712
3807480,61,232,8690,2014,105313.0,0.0,2.052849,-2.888805,DEU,UZB,820712
3807481,74,232,8690,2014,59815.0,0.0,1.626355,1.002923,FIN,UZB,820712
3807482,115,232,8690,2014,37059.0,0.0,-0.210431,-0.574075,KAZ,UZB,820712
3807483,117,232,8690,2014,1454664.0,0.0,-0.31942600000000004,-0.012454,KGZ,UZB,820712
3807484,121,232,8690,2014,79958.0,0.0,1.817145,0.8394530000000001,KOR,UZB,820712
3807485,162,232,8690,2014,4933.0,0.0,1.179325,1.355071,NLD,UZB,820712
3807486,186,232,8690,2014,3274882.0,0.0,0.229422,-0.214856,RUS,UZB,820712
3807487,14,240,8690,2014,21219.0,0.0,-0.398273,-0.17128,AUS,VUT,820712
3807488,43,240,8690,2014,2632.0,0.0,1.187557,1.222085,CHN,VUT,820712
3807489,75,240,8690,2014,5305.0,15684.0,-0.306346,-0.07688500000000001,FJI,VUT,820712
3807490,43,91,8690,2014,4885.0,0.0,1.187557,1.222085,CHN,GRD,820712
3807491,14,182,8690,2014,2860.0,0.0,-0.398273,-0.17128,AUS,PYF,820712
3807492,61,182,8690,2014,1358.0,0.0,2.052849,-2.888805,DEU,PYF,820712
3807493,77,182,8690,2014,39079.0,0.0,1.4817790000000002,0.30995,FRA,PYF,820712
3807494,81,182,8690,2014,60609.0,0.0,1.697964,0.585372,GBR,PYF,820712
3807495,111,182,8690,2014,2827.0,0.0,1.340136,0.43931099999999995,ITA,PYF,820712
3807496,166,48,8690,2014,1385.0,0.0,0.272502,0.21628699999999998,NZL,COK,820712
3807497,14,56,8690,2014,26050.0,0.0,-0.398273,-0.17128,AUS,CXR,820712
3807498,81,56,8690,2014,806454.0,0.0,1.697964,0.585372,GBR,CXR,820712
3807499,81,76,8690,2014,42253.0,0.0,1.697964,0.585372,GBR,FLK,820712
3807500,39,92,8690,2014,3694.0,0.0,0.671395,1.024683,CAN,GRL,820712
3807501,64,92,8690,2014,58756.0,0.0,1.10869,1.245193,DNK,GRL,820712
3807502,74,92,8690,2014,834.0,0.0,1.626355,1.002923,FIN,GRL,820712
3807503,208,92,8690,2014,34009.0,0.0,1.817752,0.558474,SWE,GRL,820712
3807504,75,225,8690,2014,9786.0,0.0,-0.306346,-0.07688500000000001,FJI,TUV,820712
3807505,162,210,8690,2014,1946.0,0.0,1.179325,1.355071,NLD,SXM,820712
3807506,231,210,8690,2014,4600.0,0.0,1.61227,0.068905,USA,SXM,820712
3807507,39,200,8690,2014,5301.0,0.0,0.671395,1.024683,CAN,SPM,820712
3807508,1,7,8694,2014,0.0,128676.0,-0.924386,-0.839385,AFG,ARE,820750
3807509,2,7,8694,2014,0.0,11311.0,-1.8184900000000002,-1.149191,AGO,ARE,820750
3807510,14,7,8694,2014,0.0,7873.0,-0.398273,-0.17128,AUS,ARE,820750
3807511,15,7,8694,2014,324772.0,8416.0,1.7116790000000002,-0.140232,AUT,ARE,820750
3807512,16,7,8694,2014,0.0,1500.0,-0.909508,-1.165158,AZE,ARE,820750
3807513,18,7,8694,2014,454437.0,45630.0,1.234156,1.226441,BEL,ARE,820750
3807514,23,7,8694,2014,10666.0,0.0,0.579058,1.6558110000000001,BGR,ARE,820750
3807515,24,7,8694,2014,2145.0,0.0,0.460168,-0.41671099999999994,BHR,ARE,820750
3807516,26,7,8694,2014,4251.0,0.0,0.5083300000000001,0.711704,BIH,ARE,820750
3807517,32,7,8694,2014,321774.0,2581.0,0.218223,0.556921,BRA,ARE,820750
3807518,34,7,8694,2014,0.0,10391.0,0.191357,-0.683567,BRN,ARE,820750
3807519,39,7,8694,2014,6077.0,36410.0,0.671395,1.024683,CAN,ARE,820750
3807520,41,7,8694,2014,3021845.0,58338.0,2.2000919999999997,0.65398,CHE,ARE,820750
3807521,43,7,8694,2014,17451646.0,1188.0,1.187557,1.222085,CHN,ARE,820750
3807522,44,7,8694,2014,0.0,932.0,-0.737625,-0.768728,CIV,ARE,820750
3807523,45,7,8694,2014,0.0,20988.0,-0.6723520000000001,-0.945084,CMR,ARE,820750
3807524,47,7,8694,2014,0.0,31132.0,-1.371624,-1.12468,COG,ARE,820750
3807525,59,7,8694,2014,610240.0,0.0,1.8105830000000003,0.131131,CZE,ARE,820750
3807526,61,7,8694,2014,2925585.0,10920.0,2.052849,-2.888805,DEU,ARE,820750
3807527,64,7,8694,2014,129981.0,117770.0,1.10869,1.245193,DNK,ARE,820750
3807528,66,7,8694,2014,0.0,1803.0,-1.5554649999999999,-1.1657030000000002,DZA,ARE,820750
3807529,68,7,8694,2014,1748.0,20108.0,-0.086866,1.7419669999999998,EGY,ARE,820750
3807530,71,7,8694,2014,62076.0,921.0,0.842147,2.45692,ESP,ARE,820750
3807531,73,7,8694,2014,23505.0,28417.0,-1.296535,-1.045942,ETH,ARE,820750
3807532,77,7,8694,2014,217536.0,8479.0,1.4817790000000002,0.30995,FRA,ARE,820750
3807533,81,7,8694,2014,2358262.0,910464.0,1.697964,0.585372,GBR,ARE,820750
3807534,82,7,8694,2014,0.0,70926.0,-0.254106,-0.646584,GEO,ARE,820750
3807535,85,7,8694,2014,0.0,1451.0,-1.628409,-1.202473,GIN,ARE,820750
3807536,97,7,8694,2014,17391.0,12521.0,0.812132,1.722493,HKG,ARE,820750
3807537,102,7,8694,2014,1399552.0,0.0,1.477093,0.812869,HUN,ARE,820750
3807538,103,7,8694,2014,0.0,4910.0,-0.088032,1.3966459999999998,IDN,ARE,820750
3807539,104,7,8694,2014,881749.0,2970488.0,0.262042,2.6305080000000003,IND,ARE,820750
3807540,106,7,8694,2014,3301.0,0.0,1.2658399999999999,0.278546,IRL,ARE,820750
3807541,107,7,8694,2014,0.0,1077495.0,-0.361058,-0.312743,IRN,ARE,820750
3807542,108,7,8694,2014,0.0,319828.0,-2.9169,-0.882023,IRQ,ARE,820750
3807543,111,7,8694,2014,1085369.0,0.0,1.340136,0.43931099999999995,ITA,ARE,820750
3807544,114,7,8694,2014,178928.0,0.0,2.403165,-0.635024,JPN,ARE,820750
3807545,115,7,8694,2014,0.0,1452.0,-0.210431,-0.574075,KAZ,ARE,820750
3807546,116,7,8694,2014,0.0,16682.0,-0.487058,0.307288,KEN,ARE,820750
3807547,117,7,8694,2014,0.0,2163.0,-0.31942600000000004,-0.012454,KGZ,ARE,820750
3807548,121,7,8694,2014,303316.0,0.0,1.817145,0.8394530000000001,KOR,ARE,820750
3807549,122,7,8694,2014,34231.0,10300.0,-0.769616,-1.10667,KWT,ARE,820750
3807550,124,7,8694,2014,17851.0,0.0,0.308677,1.7564490000000001,LBN,ARE,820750
3807551,125,7,8694,2014,0.0,105713.0,-1.016828,-1.107983,LBR,ARE,820750
3807552,128,7,8694,2014,3552.0,9168.0,-0.49366899999999997,0.338686,LKA,ARE,820750
3807553,134,7,8694,2014,1219.0,0.0,-0.574034,0.065788,MAR,ARE,820750
3807554,137,7,8694,2014,0.0,21683.0,-0.43265299999999995,-0.82696,MDV,ARE,820750
3807555,138,7,8694,2014,72720.0,0.0,1.0799729999999998,0.697554,MEX,ARE,820750
3807556,147,7,8694,2014,0.0,63482.0,-1.1993610000000001,-1.040181,MOZ,ARE,820750
3807557,153,7,8694,2014,44175.0,175713.0,1.018138,0.774649,MYS,ARE,820750
3807558,159,7,8694,2014,0.0,273569.0,-1.2126430000000001,-1.059697,NGA,ARE,820750
3807559,162,7,8694,2014,517708.0,4823.0,1.179325,1.355071,NLD,ARE,820750
3807560,163,7,8694,2014,51436.0,23882.0,0.9187049999999999,0.182685,NOR,ARE,820750
3807561,167,7,8694,2014,15654.0,240551.0,-0.505129,-1.0051370000000002,OMN,ARE,820750
3807562,168,7,8694,2014,1425.0,26205.0,-0.672924,0.566787,PAK,ARE,820750
3807563,177,7,8694,2014,9745.0,0.0,1.133102,1.177165,POL,ARE,820750
3807564,179,7,8694,2014,6903.0,0.0,0.621053,2.349644,PRT,ARE,820750
3807565,183,7,8694,2014,6178.0,74998.0,-0.37535599999999997,-1.0196370000000001,QAT,ARE,820750
3807566,185,7,8694,2014,3122.0,0.0,0.9112,1.188161,ROU,ARE,820750
3807567,186,7,8694,2014,5076.0,4715.0,0.229422,-0.214856,RUS,ARE,820750
3807568,187,7,8694,2014,0.0,12654.0,-0.5692659999999999,-0.447859,RWA,ARE,820750
3807569,188,7,8694,2014,679030.0,277912.0,0.5758439999999999,-0.832692,SAU,ARE,820750
3807570,190,7,8694,2014,0.0,29743.0,-1.442381,-1.1155030000000001,SDN,ARE,820750
3807571,191,7,8694,2014,0.0,176093.0,-0.502607,-0.08866,SEN,ARE,820750
3807572,192,7,8694,2014,149963.0,163577.0,1.867492,0.626736,SGP,ARE,820750
3807573,196,7,8694,2014,0.0,93982.0,-0.9228569999999999,-0.791482,SLE,ARE,820750
3807574,206,7,8694,2014,2309.0,0.0,1.334959,0.821253,SVK,ARE,820750
3807575,208,7,8694,2014,10043.0,4930.0,1.817752,0.558474,SWE,ARE,820750
3807576,211,7,8694,2014,0.0,3416.0,0.358111,-0.484879,SYC,ARE,820750
3807577,216,7,8694,2014,4990.0,1160.0,0.977094,1.41283,THA,ARE,820750
3807578,219,7,8694,2014,0.0,5027.0,-1.217897,-1.184131,TKM,ARE,820750
3807579,224,7,8694,2014,1171.0,39905.0,0.554761,2.385693,TUR,ARE,820750
3807580,226,7,8694,2014,36537.0,14969.0,-1.054331,0.166345,TZA,ARE,820750
3807581,227,7,8694,2014,9381.0,4586.0,-0.46911800000000003,0.25446599999999997,UGA,ARE,820750
3807582,231,7,8694,2014,487327.0,148178.0,1.61227,0.068905,USA,ARE,820750
3807583,239,7,8694,2014,54200.0,0.0,-0.023765,1.344416,VNM,ARE,820750
3807584,243,7,8694,2014,0.0,3470.0,-1.2829190000000001,-1.227373,YEM,ARE,820750
3807585,246,7,8694,2014,2091.0,2527.0,0.282927,1.723214,ZAF,ARE,820750
3807586,247,7,8694,2014,0.0,691.0,-0.664089,-0.793452,ZMB,ARE,820750
3807587,248,7,8694,2014,0.0,4128.0,-0.821369,-0.864232,ZWE,ARE,820750
3807588,249,7,8694,2014,51293.0,0.0,1.9044189999999999,1.0595139999999998,TWN,ARE,820750
3807589,250,7,8694,2014,0.0,11783.0,0.506842,0.049545,ANS,ARE,820750
3807590,14,8,8694,2014,3447.0,3905.0,-0.398273,-0.17128,AUS,ARG,820750
3807591,15,8,8694,2014,194322.0,361.0,1.7116790000000002,-0.140232,AUT,ARG,820750
3807592,18,8,8694,2014,17208.0,0.0,1.234156,1.226441,BEL,ARG,820750
3807593,23,8,8694,2014,739.0,0.0,0.579058,1.6558110000000001,BGR,ARG,820750
3807594,31,8,8694,2014,0.0,4039.0,-1.129494,-1.030198,BOL,ARG,820750
3807595,32,8,8694,2014,2564726.0,74928.0,0.218223,0.556921,BRA,ARG,820750
3807596,39,8,8694,2014,776.0,0.0,0.671395,1.024683,CAN,ARG,820750
3807597,41,8,8694,2014,154700.0,0.0,2.2000919999999997,0.65398,CHE,ARG,820750
3807598,42,8,8694,2014,154184.0,4154.0,-0.344671,-0.43380799999999997,CHL,ARG,820750
3807599,43,8,8694,2014,2009445.0,1940.0,1.187557,1.222085,CHN,ARG,820750
3807600,49,8,8694,2014,0.0,6435.0,0.19864500000000002,-0.378364,COL,ARG,820750
3807601,52,8,8694,2014,0.0,2254.0,0.065938,-0.687971,CRI,ARG,820750
3807602,59,8,8694,2014,338148.0,0.0,1.8105830000000003,0.131131,CZE,ARG,820750
3807603,61,8,8694,2014,1857183.0,9861.0,2.052849,-2.888805,DEU,ARG,820750
3807604,71,8,8694,2014,86034.0,0.0,0.842147,2.45692,ESP,ARG,820750
3807605,77,8,8694,2014,514343.0,0.0,1.4817790000000002,0.30995,FRA,ARG,820750
3807606,81,8,8694,2014,5482.0,0.0,1.697964,0.585372,GBR,ARG,820750
3807607,97,8,8694,2014,3195.0,0.0,0.812132,1.722493,HKG,ARG,820750
3807608,102,8,8694,2014,20551.0,0.0,1.477093,0.812869,HUN,ARG,820750
3807609,110,8,8694,2014,11219.0,0.0,1.211141,0.64523,ISR,ARG,820750
3807610,111,8,8694,2014,59149.0,0.0,1.340136,0.43931099999999995,ITA,ARG,820750
3807611,114,8,8694,2014,11404.0,0.0,2.403165,-0.635024,JPN,ARG,820750
3807612,121,8,8694,2014,39835.0,0.0,1.817145,0.8394530000000001,KOR,ARG,820750
3807613,138,8,8694,2014,0.0,20160.0,1.0799729999999998,0.697554,MEX,ARG,820750
3807614,153,8,8694,2014,8067.0,0.0,1.018138,0.774649,MYS,ARG,820750
3807615,162,8,8694,2014,25753.0,0.0,1.179325,1.355071,NLD,ARG,820750
3807616,173,8,8694,2014,827.0,0.0,-0.557833,0.611826,PER,ARG,820750
3807617,180,8,8694,2014,0.0,81287.0,-0.608509,-0.930679,PRY,ARG,820750
3807618,208,8,8694,2014,117044.0,0.0,1.817752,0.558474,SWE,ARG,820750
3807619,230,8,8694,2014,0.0,131098.0,0.154034,-0.380899,URY,ARG,820750
3807620,231,8,8694,2014,833393.0,5091.0,1.61227,0.068905,USA,ARG,820750
3807621,236,8,8694,2014,0.0,12994.0,-0.582086,-1.081727,VEN,ARG,820750
3807622,246,8,8694,2014,12234.0,0.0,0.282927,1.723214,ZAF,ARG,820750
3807623,249,8,8694,2014,20665.0,0.0,1.9044189999999999,1.0595139999999998,TWN,ARG,820750
3807624,1,15,8694,2014,8075.0,5317.0,-0.924386,-0.839385,AFG,AUT,820750
3807625,4,15,8694,2014,0.0,15300.0,-0.476024,-0.33978400000000003,ALB,AUT,820750
3807626,7,15,8694,2014,8416.0,324772.0,0.087775,-0.289459,ARE,AUT,820750
3807627,8,15,8694,2014,361.0,194322.0,0.10691500000000001,0.44860600000000006,ARG,AUT,820750
3807628,9,15,8694,2014,0.0,1351.0,-0.198322,-0.5918680000000001,ARM,AUT,820750
3807629,14,15,8694,2014,11393.0,430015.0,-0.398273,-0.17128,AUS,AUT,820750
3807630,18,15,8694,2014,228000.0,607264.0,1.234156,1.226441,BEL,AUT,820750
3807631,23,15,8694,2014,13254.0,659028.0,0.579058,1.6558110000000001,BGR,AUT,820750
3807632,24,15,8694,2014,0.0,60424.0,0.460168,-0.41671099999999994,BHR,AUT,820750
3807633,26,15,8694,2014,1133550.0,1452373.0,0.5083300000000001,0.711704,BIH,AUT,820750
3807634,28,15,8694,2014,0.0,376885.0,0.874108,0.676231,BLR,AUT,820750
3807635,31,15,8694,2014,3011.0,3249.0,-1.129494,-1.030198,BOL,AUT,820750
3807636,32,15,8694,2014,51023.0,36659.0,0.218223,0.556921,BRA,AUT,820750
3807637,33,15,8694,2014,0.0,403.0,0.44968400000000003,-0.15268900000000002,BRB,AUT,820750
3807638,34,15,8694,2014,0.0,3110.0,0.191357,-0.683567,BRN,AUT,820750
3807639,39,15,8694,2014,6330.0,39290.0,0.671395,1.024683,CAN,AUT,820750
3807640,41,15,8694,2014,14633411.0,9185321.0,2.2000919999999997,0.65398,CHE,AUT,820750
3807641,42,15,8694,2014,620.0,2642832.0,-0.344671,-0.43380799999999997,CHL,AUT,820750
3807642,43,15,8694,2014,1647167.0,366796.0,1.187557,1.222085,CHN,AUT,820750
3807643,45,15,8694,2014,0.0,13570.0,-0.6723520000000001,-0.945084,CMR,AUT,820750
3807644,46,15,8694,2014,0.0,1849.0,-1.6680240000000002,-1.1265129999999999,COD,AUT,820750
3807645,49,15,8694,2014,0.0,48322.0,0.19864500000000002,-0.378364,COL,AUT,820750
3807646,52,15,8694,2014,0.0,8674.0,0.065938,-0.687971,CRI,AUT,820750
3807647,58,15,8694,2014,0.0,92959.0,0.627467,0.483725,CYP,AUT,820750
3807648,59,15,8694,2014,112085.0,3419669.0,1.8105830000000003,0.131131,CZE,AUT,820750
3807649,61,15,8694,2014,48491764.0,26102080.0,2.052849,-2.888805,DEU,AUT,820750
3807650,64,15,8694,2014,525532.0,163003.0,1.10869,1.245193,DNK,AUT,820750
3807651,66,15,8694,2014,0.0,36249.0,-1.5554649999999999,-1.1657030000000002,DZA,AUT,820750
3807652,67,15,8694,2014,0.0,286145.0,-1.066865,-1.052921,ECU,AUT,820750
3807653,68,15,8694,2014,266.0,38266.0,-0.086866,1.7419669999999998,EGY,AUT,820750
3807654,71,15,8694,2014,839546.0,527974.0,0.842147,2.45692,ESP,AUT,820750
3807655,72,15,8694,2014,1276.0,123021.0,0.9147780000000001,1.151556,EST,AUT,820750
3807656,73,15,8694,2014,0.0,3235.0,-1.296535,-1.045942,ETH,AUT,820750
3807657,74,15,8694,2014,5092.0,795456.0,1.626355,1.002923,FIN,AUT,820750
3807658,75,15,8694,2014,0.0,1762.0,-0.306346,-0.07688500000000001,FJI,AUT,820750
3807659,77,15,8694,2014,598822.0,3920604.0,1.4817790000000002,0.30995,FRA,AUT,820750
3807660,81,15,8694,2014,612426.0,6274672.0,1.697964,0.585372,GBR,AUT,820750
3807661,83,15,8694,2014,0.0,19586.0,-1.130226,-0.9909379999999999,GHA,AUT,820750
3807662,90,15,8694,2014,0.0,601537.0,0.149337,0.8560540000000001,GRC,AUT,820750
3807663,97,15,8694,2014,14955.0,65774.0,0.812132,1.722493,HKG,AUT,820750
3807664,99,15,8694,2014,0.0,1344.0,-0.467004,0.045511,HND,AUT,820750
3807665,100,15,8694,2014,213501.0,1268832.0,0.804401,1.250807,HRV,AUT,820750
3807666,102,15,8694,2014,7314746.0,1920991.0,1.477093,0.812869,HUN,AUT,820750
3807667,103,15,8694,2014,1064.0,89611.0,-0.088032,1.3966459999999998,IDN,AUT,820750
3807668,104,15,8694,2014,12173.0,232775.0,0.262042,2.6305080000000003,IND,AUT,820750
3807669,106,15,8694,2014,2134.0,46252.0,1.2658399999999999,0.278546,IRL,AUT,820750
3807670,107,15,8694,2014,0.0,103707.0,-0.361058,-0.312743,IRN,AUT,820750
3807671,109,15,8694,2014,0.0,944.0,0.127891,-0.302014,ISL,AUT,820750
3807672,110,15,8694,2014,60240.0,800502.0,1.211141,0.64523,ISR,AUT,820750
3807673,111,15,8694,2014,610141.0,7662716.0,1.340136,0.43931099999999995,ITA,AUT,820750
3807674,113,15,8694,2014,0.0,7758.0,0.210208,0.48732299999999995,JOR,AUT,820750
3807675,114,15,8694,2014,217557.0,235881.0,2.403165,-0.635024,JPN,AUT,820750
3807676,115,15,8694,2014,0.0,60340.0,-0.210431,-0.574075,KAZ,AUT,820750
3807677,116,15,8694,2014,0.0,18884.0,-0.487058,0.307288,KEN,AUT,820750
3807678,117,15,8694,2014,0.0,1007.0,-0.31942600000000004,-0.012454,KGZ,AUT,820750
3807679,121,15,8694,2014,10688.0,103689.0,1.817145,0.8394530000000001,KOR,AUT,820750
3807680,122,15,8694,2014,0.0,160120.0,-0.769616,-1.10667,KWT,AUT,820750
3807681,124,15,8694,2014,0.0,79757.0,0.308677,1.7564490000000001,LBN,AUT,820750
3807682,126,15,8694,2014,0.0,3657.0,-1.5943829999999999,-1.189961,LBY,AUT,820750
3807683,127,15,8694,2014,0.0,1177.0,0.29035500000000003,-0.603541,LCA,AUT,820750
3807684,128,15,8694,2014,0.0,164809.0,-0.49366899999999997,0.338686,LKA,AUT,820750
3807685,130,15,8694,2014,0.0,29395.0,0.764495,1.3451540000000002,LTU,AUT,820750
3807686,131,15,8694,2014,2718.0,253534.0,1.243845,1.155474,LUX,AUT,820750
3807687,132,15,8694,2014,0.0,59893.0,0.613116,1.1899790000000001,LVA,AUT,820750
3807688,134,15,8694,2014,0.0,34906.0,-0.574034,0.065788,MAR,AUT,820750
3807689,135,15,8694,2014,0.0,3257.0,-0.10438199999999999,-0.093194,MDA,AUT,820750
3807690,138,15,8694,2014,3055.0,584300.0,1.0799729999999998,0.697554,MEX,AUT,820750
3807691,140,15,8694,2014,0.0,29799.0,-0.039799,-0.05545,MKD,AUT,820750
3807692,143,15,8694,2014,0.0,2332.0,-1.5332459999999999,-1.145973,MMR,AUT,820750
3807693,144,15,8694,2014,0.0,16341.0,-0.17039100000000001,-0.21762399999999998,MNE,AUT,820750
3807694,145,15,8694,2014,0.0,1161.0,-1.425524,-1.161949,MNG,AUT,820750
3807695,151,15,8694,2014,0.0,2052.0,-0.029891,-0.12431099999999999,MUS,AUT,820750
3807696,153,15,8694,2014,7288.0,74970.0,1.018138,0.774649,MYS,AUT,820750
3807697,155,15,8694,2014,0.0,11292.0,-0.428227,-0.5632229999999999,NAM,AUT,820750
3807698,156,15,8694,2014,0.0,2721.0,-0.509789,-0.767484,NCL,AUT,820750
3807699,159,15,8694,2014,0.0,71475.0,-1.2126430000000001,-1.059697,NGA,AUT,820750
3807700,162,15,8694,2014,5114006.0,996818.0,1.179325,1.355071,NLD,AUT,820750
3807701,163,15,8694,2014,1828.0,322937.0,0.9187049999999999,0.182685,NOR,AUT,820750
3807702,166,15,8694,2014,3495.0,21749.0,0.272502,0.21628699999999998,NZL,AUT,820750
3807703,167,15,8694,2014,0.0,21344.0,-0.505129,-1.0051370000000002,OMN,AUT,820750
3807704,168,15,8694,2014,0.0,10022.0,-0.672924,0.566787,PAK,AUT,820750
3807705,169,15,8694,2014,0.0,29180.0,0.771742,0.9873190000000001,PAN,AUT,820750
3807706,173,15,8694,2014,0.0,533874.0,-0.557833,0.611826,PER,AUT,820750
3807707,174,15,8694,2014,0.0,110205.0,0.637442,0.475883,PHL,AUT,820750
3807708,177,15,8694,2014,100808.0,1345299.0,1.133102,1.177165,POL,AUT,820750
3807709,179,15,8694,2014,0.0,102684.0,0.621053,2.349644,PRT,AUT,820750
3807710,180,15,8694,2014,0.0,34057.0,-0.608509,-0.930679,PRY,AUT,820750
3807711,181,15,8694,2014,0.0,28005.0,0.030643,0.601905,PSE,AUT,820750
3807712,183,15,8694,2014,0.0,105278.0,-0.37535599999999997,-1.0196370000000001,QAT,AUT,820750
3807713,185,15,8694,2014,34752.0,2082652.0,0.9112,1.188161,ROU,AUT,820750
3807714,186,15,8694,2014,1672.0,1545592.0,0.229422,-0.214856,RUS,AUT,820750
3807715,188,15,8694,2014,1318.0,548316.0,0.5758439999999999,-0.832692,SAU,AUT,820750
3807716,190,15,8694,2014,0.0,1371.0,-1.442381,-1.1155030000000001,SDN,AUT,820750
3807717,191,15,8694,2014,0.0,43214.0,-0.502607,-0.08866,SEN,AUT,820750
3807718,192,15,8694,2014,0.0,454506.0,1.867492,0.626736,SGP,AUT,820750
3807719,201,15,8694,2014,3965.0,413329.0,0.551635,1.211535,SRB,AUT,820750
3807720,206,15,8694,2014,248600.0,2694506.0,1.334959,0.821253,SVK,AUT,820750
3807721,207,15,8694,2014,302864.0,1530065.0,1.6558669999999998,0.6814399999999999,SVN,AUT,820750
3807722,208,15,8694,2014,281071.0,2177706.0,1.817752,0.558474,SWE,AUT,820750
3807723,211,15,8694,2014,1871.0,0.0,0.358111,-0.484879,SYC,AUT,820750
3807724,216,15,8694,2014,219541.0,109769.0,0.977094,1.41283,THA,AUT,820750
3807725,223,15,8694,2014,0.0,6081.0,0.343449,1.118007,TUN,AUT,820750
3807726,224,15,8694,2014,127245.0,754760.0,0.554761,2.385693,TUR,AUT,820750
3807727,226,15,8694,2014,0.0,772.0,-1.054331,0.166345,TZA,AUT,820750
3807728,227,15,8694,2014,0.0,1122.0,-0.46911800000000003,0.25446599999999997,UGA,AUT,820750
3807729,228,15,8694,2014,4167.0,56393.0,0.566535,0.832267,UKR,AUT,820750
3807730,230,15,8694,2014,0.0,51297.0,0.154034,-0.380899,URY,AUT,820750
3807731,231,15,8694,2014,25966.0,1548501.0,1.61227,0.068905,USA,AUT,820750
3807732,236,15,8694,2014,0.0,3429.0,-0.582086,-1.081727,VEN,AUT,820750
3807733,239,15,8694,2014,93169.0,32126.0,-0.023765,1.344416,VNM,AUT,820750
3807734,246,15,8694,2014,4006.0,1566488.0,0.282927,1.723214,ZAF,AUT,820750
3807735,249,15,8694,2014,107166.0,70580.0,1.9044189999999999,1.0595139999999998,TWN,AUT,820750
3807736,1,18,8694,2014,0.0,2392.0,-0.924386,-0.839385,AFG,BEL,820750
3807737,2,18,8694,2014,0.0,42827.0,-1.8184900000000002,-1.149191,AGO,BEL,820750
3807738,7,18,8694,2014,45630.0,454437.0,0.087775,-0.289459,ARE,BEL,820750
3807739,8,18,8694,2014,0.0,17208.0,0.10691500000000001,0.44860600000000006,ARG,BEL,820750
3807740,9,18,8694,2014,0.0,2973.0,-0.198322,-0.5918680000000001,ARM,BEL,820750
3807741,11,18,8694,2014,0.0,5374.0,1.3498370000000002,-0.197062,ATA,BEL,820750
3807742,14,18,8694,2014,4729.0,16374.0,-0.398273,-0.17128,AUS,BEL,820750
3807743,15,18,8694,2014,607264.0,228000.0,1.7116790000000002,-0.140232,AUT,BEL,820750
3807744,21,18,8694,2014,0.0,2338.0,-0.922401,-0.9554379999999999,BFA,BEL,820750
3807745,23,18,8694,2014,2310.0,51922.0,0.579058,1.6558110000000001,BGR,BEL,820750
3807746,24,18,8694,2014,0.0,975.0,0.460168,-0.41671099999999994,BHR,BEL,820750
3807747,26,18,8694,2014,0.0,1481.0,0.5083300000000001,0.711704,BIH,BEL,820750
3807748,28,18,8694,2014,0.0,89487.0,0.874108,0.676231,BLR,BEL,820750
3807749,31,18,8694,2014,0.0,907.0,-1.129494,-1.030198,BOL,BEL,820750
3807750,32,18,8694,2014,820722.0,45526.0,0.218223,0.556921,BRA,BEL,820750
3807751,39,18,8694,2014,638026.0,8566.0,0.671395,1.024683,CAN,BEL,820750
3807752,41,18,8694,2014,539519.0,784605.0,2.2000919999999997,0.65398,CHE,BEL,820750
3807753,42,18,8694,2014,0.0,3653.0,-0.344671,-0.43380799999999997,CHL,BEL,820750
3807754,43,18,8694,2014,7338008.0,593707.0,1.187557,1.222085,CHN,BEL,820750
3807755,44,18,8694,2014,0.0,2667.0,-0.737625,-0.768728,CIV,BEL,820750
3807756,45,18,8694,2014,27941.0,1213.0,-0.6723520000000001,-0.945084,CMR,BEL,820750
3807757,46,18,8694,2014,0.0,19786.0,-1.6680240000000002,-1.1265129999999999,COD,BEL,820750
3807758,47,18,8694,2014,0.0,7250.0,-1.371624,-1.12468,COG,BEL,820750
3807759,49,18,8694,2014,0.0,2346.0,0.19864500000000002,-0.378364,COL,BEL,820750
3807760,55,18,8694,2014,0.0,1652.0,-0.00902,-0.683643,CUW,BEL,820750
3807761,58,18,8694,2014,0.0,18512.0,0.627467,0.483725,CYP,BEL,820750
3807762,59,18,8694,2014,7714832.0,855496.0,1.8105830000000003,0.131131,CZE,BEL,820750
3807763,61,18,8694,2014,21729512.0,4014420.0,2.052849,-2.888805,DEU,BEL,820750
3807764,64,18,8694,2014,71372.0,2191788.0,1.10869,1.245193,DNK,BEL,820750
3807765,66,18,8694,2014,0.0,265944.0,-1.5554649999999999,-1.1657030000000002,DZA,BEL,820750
3807766,67,18,8694,2014,0.0,7489.0,-1.066865,-1.052921,ECU,BEL,820750
3807767,68,18,8694,2014,1637.0,21634.0,-0.086866,1.7419669999999998,EGY,BEL,820750
3807768,71,18,8694,2014,963416.0,895576.0,0.842147,2.45692,ESP,BEL,820750
3807769,72,18,8694,2014,0.0,28362.0,0.9147780000000001,1.151556,EST,BEL,820750
3807770,73,18,8694,2014,0.0,2798.0,-1.296535,-1.045942,ETH,BEL,820750
3807771,74,18,8694,2014,0.0,433920.0,1.626355,1.002923,FIN,BEL,820750
3807772,77,18,8694,2014,3808488.0,5877058.0,1.4817790000000002,0.30995,FRA,BEL,820750
3807773,78,18,8694,2014,0.0,12229.0,-0.703929,-0.86265,FRO,BEL,820750
3807774,80,18,8694,2014,0.0,2395.0,-1.625474,-1.135973,GAB,BEL,820750
3807775,81,18,8694,2014,1012163.0,3983856.0,1.697964,0.585372,GBR,BEL,820750
3807776,82,18,8694,2014,0.0,9412.0,-0.254106,-0.646584,GEO,BEL,820750
3807777,85,18,8694,2014,0.0,2858.0,-1.628409,-1.202473,GIN,BEL,820750
3807778,87,18,8694,2014,0.0,1462.0,-0.905488,-0.7892819999999999,GMB,BEL,820750
3807779,89,18,8694,2014,0.0,2725.0,-2.043516,-0.844701,GNQ,BEL,820750
3807780,90,18,8694,2014,8820.0,124184.0,0.149337,0.8560540000000001,GRC,BEL,820750
3807781,97,18,8694,2014,1170.0,0.0,0.812132,1.722493,HKG,BEL,820750
3807782,100,18,8694,2014,1266.0,22378.0,0.804401,1.250807,HRV,BEL,820750
3807783,102,18,8694,2014,0.0,382462.0,1.477093,0.812869,HUN,BEL,820750
3807784,103,18,8694,2014,0.0,6132.0,-0.088032,1.3966459999999998,IDN,BEL,820750
3807785,104,18,8694,2014,840688.0,47065.0,0.262042,2.6305080000000003,IND,BEL,820750
3807786,106,18,8694,2014,0.0,19840.0,1.2658399999999999,0.278546,IRL,BEL,820750
3807787,107,18,8694,2014,0.0,29421.0,-0.361058,-0.312743,IRN,BEL,820750
3807788,108,18,8694,2014,0.0,191888.0,-2.9169,-0.882023,IRQ,BEL,820750
3807789,109,18,8694,2014,0.0,21517.0,0.127891,-0.302014,ISL,BEL,820750
3807790,110,18,8694,2014,319967.0,75424.0,1.211141,0.64523,ISR,BEL,820750
3807791,111,18,8694,2014,1717176.0,4326890.0,1.340136,0.43931099999999995,ITA,BEL,820750
3807792,113,18,8694,2014,0.0,1603.0,0.210208,0.48732299999999995,JOR,BEL,820750
3807793,114,18,8694,2014,11245733.0,12093.0,2.403165,-0.635024,JPN,BEL,820750
3807794,115,18,8694,2014,0.0,21906.0,-0.210431,-0.574075,KAZ,BEL,820750
3807795,121,18,8694,2014,363620.0,73387.0,1.817145,0.8394530000000001,KOR,BEL,820750
3807796,122,18,8694,2014,14540.0,1203.0,-0.769616,-1.10667,KWT,BEL,820750
3807797,124,18,8694,2014,0.0,4492.0,0.308677,1.7564490000000001,LBN,BEL,820750
3807798,125,18,8694,2014,0.0,53951.0,-1.016828,-1.107983,LBR,BEL,820750
3807799,128,18,8694,2014,0.0,2759.0,-0.49366899999999997,0.338686,LKA,BEL,820750
3807800,130,18,8694,2014,0.0,19863.0,0.764495,1.3451540000000002,LTU,BEL,820750
3807801,131,18,8694,2014,208734.0,475314.0,1.243845,1.155474,LUX,BEL,820750
3807802,132,18,8694,2014,0.0,180062.0,0.613116,1.1899790000000001,LVA,BEL,820750
3807803,134,18,8694,2014,0.0,63192.0,-0.574034,0.065788,MAR,BEL,820750
3807804,135,18,8694,2014,0.0,1409.0,-0.10438199999999999,-0.093194,MDA,BEL,820750
3807805,138,18,8694,2014,16264.0,100848.0,1.0799729999999998,0.697554,MEX,BEL,820750
3807806,140,18,8694,2014,0.0,1772.0,-0.039799,-0.05545,MKD,BEL,820750
3807807,141,18,8694,2014,0.0,174411.0,-1.199063,-1.05497,MLI,BEL,820750
3807808,153,18,8694,2014,0.0,3362.0,1.018138,0.774649,MYS,BEL,820750
3807809,159,18,8694,2014,0.0,135371.0,-1.2126430000000001,-1.059697,NGA,BEL,820750
3807810,162,18,8694,2014,14805223.0,2709185.0,1.179325,1.355071,NLD,BEL,820750
3807811,163,18,8694,2014,3738.0,1120744.0,0.9187049999999999,0.182685,NOR,BEL,820750
3807812,166,18,8694,2014,1537.0,1949.0,0.272502,0.21628699999999998,NZL,BEL,820750
3807813,167,18,8694,2014,0.0,5268.0,-0.505129,-1.0051370000000002,OMN,BEL,820750
3807814,168,18,8694,2014,0.0,2662.0,-0.672924,0.566787,PAK,BEL,820750
3807815,169,18,8694,2014,0.0,3916.0,0.771742,0.9873190000000001,PAN,BEL,820750
3807816,173,18,8694,2014,0.0,8432.0,-0.557833,0.611826,PER,BEL,820750
3807817,174,18,8694,2014,0.0,3833.0,0.637442,0.475883,PHL,BEL,820750
3807818,177,18,8694,2014,275619.0,1230793.0,1.133102,1.177165,POL,BEL,820750
3807819,179,18,8694,2014,102209.0,315509.0,0.621053,2.349644,PRT,BEL,820750
3807820,183,18,8694,2014,0.0,5948.0,-0.37535599999999997,-1.0196370000000001,QAT,BEL,820750
3807821,185,18,8694,2014,24246.0,811429.0,0.9112,1.188161,ROU,BEL,820750
3807822,186,18,8694,2014,0.0,2633954.0,0.229422,-0.214856,RUS,BEL,820750
3807823,188,18,8694,2014,0.0,12382.0,0.5758439999999999,-0.832692,SAU,BEL,820750
3807824,191,18,8694,2014,0.0,7493.0,-0.502607,-0.08866,SEN,BEL,820750
3807825,192,18,8694,2014,115752.0,625686.0,1.867492,0.626736,SGP,BEL,820750
3807826,196,18,8694,2014,0.0,91253.0,-0.9228569999999999,-0.791482,SLE,BEL,820750
3807827,201,18,8694,2014,0.0,25044.0,0.551635,1.211535,SRB,BEL,820750
3807828,205,18,8694,2014,0.0,13714.0,-0.6333989999999999,-0.857643,SUR,BEL,820750
3807829,206,18,8694,2014,965.0,293691.0,1.334959,0.821253,SVK,BEL,820750
3807830,207,18,8694,2014,22648.0,362919.0,1.6558669999999998,0.6814399999999999,SVN,BEL,820750
3807831,208,18,8694,2014,1531415.0,5156812.0,1.817752,0.558474,SWE,BEL,820750
3807832,211,18,8694,2014,0.0,12282.0,0.358111,-0.484879,SYC,BEL,820750
3807833,214,18,8694,2014,0.0,3633.0,-2.012048,-0.921558,TCD,BEL,820750
3807834,215,18,8694,2014,0.0,6746.0,-0.524103,-0.537643,TGO,BEL,820750
3807835,216,18,8694,2014,6567.0,212793.0,0.977094,1.41283,THA,BEL,820750
3807836,223,18,8694,2014,0.0,8154.0,0.343449,1.118007,TUN,BEL,820750
3807837,224,18,8694,2014,135160.0,914351.0,0.554761,2.385693,TUR,BEL,820750
3807838,228,18,8694,2014,0.0,60330.0,0.566535,0.832267,UKR,BEL,820750
3807839,231,18,8694,2014,4116860.0,528765.0,1.61227,0.068905,USA,BEL,820750
3807840,232,18,8694,2014,0.0,9669.0,-0.407623,-0.37150700000000003,UZB,BEL,820750
3807841,236,18,8694,2014,0.0,6961.0,-0.582086,-1.081727,VEN,BEL,820750
3807842,243,18,8694,2014,0.0,12184.0,-1.2829190000000001,-1.227373,YEM,BEL,820750
3807843,246,18,8694,2014,16461.0,149274.0,0.282927,1.723214,ZAF,BEL,820750
3807844,249,18,8694,2014,122304.0,119815.0,1.9044189999999999,1.0595139999999998,TWN,BEL,820750
3807845,250,18,8694,2014,23413.0,0.0,0.506842,0.049545,ANS,BEL,820750
3807846,61,25,8694,2014,3506.0,0.0,2.052849,-2.888805,DEU,BHS,820750
3807847,114,25,8694,2014,1554.0,0.0,2.403165,-0.635024,JPN,BHS,820750
3807848,153,25,8694,2014,0.0,3637.0,1.018138,0.774649,MYS,BHS,820750
3807849,231,25,8694,2014,361926.0,21115.0,1.61227,0.068905,USA,BHS,820750
3807850,2,32,8694,2014,0.0,284462.0,-1.8184900000000002,-1.149191,AGO,BRA,820750
3807851,7,32,8694,2014,2581.0,321774.0,0.087775,-0.289459,ARE,BRA,820750
3807852,8,32,8694,2014,74928.0,2564726.0,0.10691500000000001,0.44860600000000006,ARG,BRA,820750
3807853,10,32,8694,2014,0.0,1100.0,0.795219,-0.217498,ASM,BRA,820750
3807854,14,32,8694,2014,5733.0,127539.0,-0.398273,-0.17128,AUS,BRA,820750
3807855,15,32,8694,2014,36659.0,51023.0,1.7116790000000002,-0.140232,AUT,BRA,820750
3807856,18,32,8694,2014,45526.0,820722.0,1.234156,1.226441,BEL,BRA,820750
3807857,26,32,8694,2014,0.0,267.0,0.5083300000000001,0.711704,BIH,BRA,820750
3807858,31,32,8694,2014,0.0,885677.0,-1.129494,-1.030198,BOL,BRA,820750
3807859,39,32,8694,2014,26565.0,948578.0,0.671395,1.024683,CAN,BRA,820750
3807860,41,32,8694,2014,461165.0,152953.0,2.2000919999999997,0.65398,CHE,BRA,820750
3807861,42,32,8694,2014,0.0,217930.0,-0.344671,-0.43380799999999997,CHL,BRA,820750
3807862,43,32,8694,2014,24884758.0,141831.0,1.187557,1.222085,CHN,BRA,820750
3807863,46,32,8694,2014,0.0,8340.0,-1.6680240000000002,-1.1265129999999999,COD,BRA,820750
3807864,47,32,8694,2014,0.0,3732.0,-1.371624,-1.12468,COG,BRA,820750
3807865,49,32,8694,2014,4076.0,1385978.0,0.19864500000000002,-0.378364,COL,BRA,820750
3807866,52,32,8694,2014,0.0,133197.0,0.065938,-0.687971,CRI,BRA,820750
3807867,59,32,8694,2014,325213.0,65126.0,1.8105830000000003,0.131131,CZE,BRA,820750
3807868,61,32,8694,2014,10019777.0,708500.0,2.052849,-2.888805,DEU,BRA,820750
3807869,64,32,8694,2014,12015.0,0.0,1.10869,1.245193,DNK,BRA,820750
3807870,65,32,8694,2014,0.0,29723.0,-0.180845,0.508512,DOM,BRA,820750
3807871,67,32,8694,2014,0.0,737457.0,-1.066865,-1.052921,ECU,BRA,820750
3807872,68,32,8694,2014,0.0,13390.0,-0.086866,1.7419669999999998,EGY,BRA,820750
3807873,71,32,8694,2014,917132.0,28997.0,0.842147,2.45692,ESP,BRA,820750
3807874,74,32,8694,2014,1069.0,311750.0,1.626355,1.002923,FIN,BRA,820750
3807875,77,32,8694,2014,453933.0,471606.0,1.4817790000000002,0.30995,FRA,BRA,820750
3807876,81,32,8694,2014,250843.0,6984.0,1.697964,0.585372,GBR,BRA,820750
3807877,83,32,8694,2014,0.0,2709.0,-1.130226,-0.9909379999999999,GHA,BRA,820750
3807878,89,32,8694,2014,0.0,23753.0,-2.043516,-0.844701,GNQ,BRA,820750
3807879,93,32,8694,2014,0.0,47334.0,-0.36547199999999996,0.548894,GTM,BRA,820750
3807880,96,32,8694,2014,0.0,2041.0,-1.068777,-1.038227,GUY,BRA,820750
3807881,97,32,8694,2014,181656.0,0.0,0.812132,1.722493,HKG,BRA,820750
3807882,99,32,8694,2014,0.0,55202.0,-0.467004,0.045511,HND,BRA,820750
3807883,100,32,8694,2014,0.0,8266.0,0.804401,1.250807,HRV,BRA,820750
3807884,102,32,8694,2014,81182.0,0.0,1.477093,0.812869,HUN,BRA,820750
3807885,103,32,8694,2014,0.0,43931.0,-0.088032,1.3966459999999998,IDN,BRA,820750
3807886,104,32,8694,2014,128839.0,8381.0,0.262042,2.6305080000000003,IND,BRA,820750
3807887,106,32,8694,2014,0.0,1901.0,1.2658399999999999,0.278546,IRL,BRA,820750
3807888,109,32,8694,2014,0.0,24871.0,0.127891,-0.302014,ISL,BRA,820750
3807889,110,32,8694,2014,149505.0,5853.0,1.211141,0.64523,ISR,BRA,820750
3807890,111,32,8694,2014,201491.0,30519.0,1.340136,0.43931099999999995,ITA,BRA,820750
3807891,114,32,8694,2014,808404.0,1721139.0,2.403165,-0.635024,JPN,BRA,820750
3807892,115,32,8694,2014,0.0,1313.0,-0.210431,-0.574075,KAZ,BRA,820750
3807893,121,32,8694,2014,1152129.0,10933.0,1.817145,0.8394530000000001,KOR,BRA,820750
3807894,122,32,8694,2014,0.0,1749.0,-0.769616,-1.10667,KWT,BRA,820750
3807895,124,32,8694,2014,0.0,238796.0,0.308677,1.7564490000000001,LBN,BRA,820750
3807896,125,32,8694,2014,0.0,1508.0,-1.016828,-1.107983,LBR,BRA,820750
3807897,128,32,8694,2014,0.0,33860.0,-0.49366899999999997,0.338686,LKA,BRA,820750
3807898,130,32,8694,2014,77535.0,0.0,0.764495,1.3451540000000002,LTU,BRA,820750
3807899,138,32,8694,2014,1619.0,1152933.0,1.0799729999999998,0.697554,MEX,BRA,820750
3807900,147,32,8694,2014,0.0,3497.0,-1.1993610000000001,-1.040181,MOZ,BRA,820750
3807901,153,32,8694,2014,9178.0,46488.0,1.018138,0.774649,MYS,BRA,820750
3807902,162,32,8694,2014,567108.0,22575402.0,1.179325,1.355071,NLD,BRA,820750
3807903,163,32,8694,2014,19535.0,1341035.0,0.9187049999999999,0.182685,NOR,BRA,820750
3807904,166,32,8694,2014,0.0,97987.0,0.272502,0.21628699999999998,NZL,BRA,820750
3807905,168,32,8694,2014,0.0,11604.0,-0.672924,0.566787,PAK,BRA,820750
3807906,169,32,8694,2014,2491.0,3890.0,0.771742,0.9873190000000001,PAN,BRA,820750
3807907,173,32,8694,2014,153643.0,497176.0,-0.557833,0.611826,PER,BRA,820750
3807908,177,32,8694,2014,0.0,104773.0,1.133102,1.177165,POL,BRA,820750
3807909,178,32,8694,2014,7291.0,0.0,-0.23883000000000001,-0.009727,PRK,BRA,820750
3807910,179,32,8694,2014,94709.0,34928.0,0.621053,2.349644,PRT,BRA,820750
3807911,180,32,8694,2014,0.0,2311035.0,-0.608509,-0.930679,PRY,BRA,820750
3807912,183,32,8694,2014,0.0,17851.0,-0.37535599999999997,-1.0196370000000001,QAT,BRA,820750
3807913,185,32,8694,2014,0.0,3453.0,0.9112,1.188161,ROU,BRA,820750
3807914,186,32,8694,2014,0.0,317483.0,0.229422,-0.214856,RUS,BRA,820750
3807915,188,32,8694,2014,0.0,437918.0,0.5758439999999999,-0.832692,SAU,BRA,820750
3807916,192,32,8694,2014,16606.0,75621.0,1.867492,0.626736,SGP,BRA,820750
3807917,197,32,8694,2014,0.0,69820.0,0.08653999999999999,0.29088600000000003,SLV,BRA,820750
3807918,201,32,8694,2014,0.0,8780.0,0.551635,1.211535,SRB,BRA,820750
3807919,206,32,8694,2014,0.0,23708.0,1.334959,0.821253,SVK,BRA,820750
3807920,207,32,8694,2014,0.0,63619.0,1.6558669999999998,0.6814399999999999,SVN,BRA,820750
3807921,208,32,8694,2014,39391.0,0.0,1.817752,0.558474,SWE,BRA,820750
3807922,216,32,8694,2014,229604.0,323255.0,0.977094,1.41283,THA,BRA,820750
3807923,222,32,8694,2014,0.0,33804.0,-0.57362,-1.117545,TTO,BRA,820750
3807924,223,32,8694,2014,0.0,17769.0,0.343449,1.118007,TUN,BRA,820750
3807925,224,32,8694,2014,0.0,103679.0,0.554761,2.385693,TUR,BRA,820750
3807926,226,32,8694,2014,0.0,4957.0,-1.054331,0.166345,TZA,BRA,820750
3807927,228,32,8694,2014,0.0,2000.0,0.566535,0.832267,UKR,BRA,820750
3807928,230,32,8694,2014,0.0,953360.0,0.154034,-0.380899,URY,BRA,820750
3807929,231,32,8694,2014,1940875.0,25196538.0,1.61227,0.068905,USA,BRA,820750
3807930,236,32,8694,2014,0.0,527762.0,-0.582086,-1.081727,VEN,BRA,820750
3807931,246,32,8694,2014,15638.0,10382.0,0.282927,1.723214,ZAF,BRA,820750
3807932,249,32,8694,2014,41266.0,12615.0,1.9044189999999999,1.0595139999999998,TWN,BRA,820750
3807933,15,33,8694,2014,403.0,0.0,1.7116790000000002,-0.140232,AUT,BRB,820750
3807934,39,33,8694,2014,21370.0,0.0,0.671395,1.024683,CAN,BRB,820750
3807935,43,33,8694,2014,16776.0,0.0,1.187557,1.222085,CHN,BRB,820750
3807936,61,33,8694,2014,3917.0,0.0,2.052849,-2.888805,DEU,BRB,820750
3807937,81,33,8694,2014,4410.0,0.0,1.697964,0.585372,GBR,BRB,820750
3807938,91,33,8694,2014,0.0,2102.0,-0.184151,-0.7291270000000001,GRD,BRB,820750
3807939,138,33,8694,2014,262.0,0.0,1.0799729999999998,0.697554,MEX,BRB,820750
3807940,162,33,8694,2014,1580.0,0.0,1.179325,1.355071,NLD,BRB,820750
3807941,169,33,8694,2014,4005.0,0.0,0.771742,0.9873190000000001,PAN,BRB,820750
3807942,222,33,8694,2014,1169.0,0.0,-0.57362,-1.117545,TTO,BRB,820750
3807943,231,33,8694,2014,52543.0,0.0,1.61227,0.068905,USA,BRB,820750
3807944,2,39,8694,2014,0.0,12624.0,-1.8184900000000002,-1.149191,AGO,CAN,820750
3807945,7,39,8694,2014,36410.0,6077.0,0.087775,-0.289459,ARE,CAN,820750
3807946,8,39,8694,2014,0.0,776.0,0.10691500000000001,0.44860600000000006,ARG,CAN,820750
3807947,13,39,8694,2014,0.0,871.0,0.169764,-0.621576,ATG,CAN,820750
3807948,14,39,8694,2014,180996.0,17553.0,-0.398273,-0.17128,AUS,CAN,820750
3807949,15,39,8694,2014,39290.0,6330.0,1.7116790000000002,-0.140232,AUT,CAN,820750
3807950,17,39,8694,2014,0.0,2807.0,-0.242256,-0.8567879999999999,BDI,CAN,820750
3807951,18,39,8694,2014,8566.0,638026.0,1.234156,1.226441,BEL,CAN,820750
3807952,21,39,8694,2014,0.0,5728.0,-0.922401,-0.9554379999999999,BFA,CAN,820750
3807953,23,39,8694,2014,230896.0,20075.0,0.579058,1.6558110000000001,BGR,CAN,820750
3807954,26,39,8694,2014,281533.0,0.0,0.5083300000000001,0.711704,BIH,CAN,820750
3807955,28,39,8694,2014,916.0,0.0,0.874108,0.676231,BLR,CAN,820750
3807956,30,39,8694,2014,0.0,1504.0,1.217808,-0.16376300000000002,BMU,CAN,820750
3807957,32,39,8694,2014,948578.0,26565.0,0.218223,0.556921,BRA,CAN,820750
3807958,33,39,8694,2014,0.0,21370.0,0.44968400000000003,-0.15268900000000002,BRB,CAN,820750
3807959,34,39,8694,2014,0.0,13847.0,0.191357,-0.683567,BRN,CAN,820750
3807960,41,39,8694,2014,173284.0,1048.0,2.2000919999999997,0.65398,CHE,CAN,820750
3807961,42,39,8694,2014,0.0,6988.0,-0.344671,-0.43380799999999997,CHL,CAN,820750
3807962,43,39,8694,2014,18833852.0,1316309.0,1.187557,1.222085,CHN,CAN,820750
3807963,44,39,8694,2014,0.0,2838.0,-0.737625,-0.768728,CIV,CAN,820750
3807964,49,39,8694,2014,0.0,31010.0,0.19864500000000002,-0.378364,COL,CAN,820750
3807965,54,39,8694,2014,0.0,41624.0,-0.476786,-0.952291,CUB,CAN,820750
3807966,59,39,8694,2014,3327.0,1187.0,1.8105830000000003,0.131131,CZE,CAN,820750
3807967,61,39,8694,2014,3481344.0,78266.0,2.052849,-2.888805,DEU,CAN,820750
3807968,64,39,8694,2014,25777.0,0.0,1.10869,1.245193,DNK,CAN,820750
3807969,71,39,8694,2014,12672.0,0.0,0.842147,2.45692,ESP,CAN,820750
3807970,73,39,8694,2014,21156.0,0.0,-1.296535,-1.045942,ETH,CAN,820750
3807971,74,39,8694,2014,21714.0,1967.0,1.626355,1.002923,FIN,CAN,820750
3807972,77,39,8694,2014,564834.0,147830.0,1.4817790000000002,0.30995,FRA,CAN,820750
3807973,81,39,8694,2014,810514.0,353097.0,1.697964,0.585372,GBR,CAN,820750
3807974,83,39,8694,2014,0.0,2013.0,-1.130226,-0.9909379999999999,GHA,CAN,820750
3807975,85,39,8694,2014,9966.0,0.0,-1.628409,-1.202473,GIN,CAN,820750
3807976,90,39,8694,2014,0.0,11249.0,0.149337,0.8560540000000001,GRC,CAN,820750
3807977,96,39,8694,2014,0.0,1663.0,-1.068777,-1.038227,GUY,CAN,820750
3807978,97,39,8694,2014,52978.0,34708.0,0.812132,1.722493,HKG,CAN,820750
3807979,102,39,8694,2014,273076.0,0.0,1.477093,0.812869,HUN,CAN,820750
3807980,103,39,8694,2014,0.0,14148.0,-0.088032,1.3966459999999998,IDN,CAN,820750
3807981,104,39,8694,2014,311125.0,60611.0,0.262042,2.6305080000000003,IND,CAN,820750
3807982,106,39,8694,2014,50424.0,15821.0,1.2658399999999999,0.278546,IRL,CAN,820750
3807983,108,39,8694,2014,0.0,30455.0,-2.9169,-0.882023,IRQ,CAN,820750
3807984,109,39,8694,2014,0.0,1082.0,0.127891,-0.302014,ISL,CAN,820750
3807985,110,39,8694,2014,57928.0,5572.0,1.211141,0.64523,ISR,CAN,820750
3807986,111,39,8694,2014,1817524.0,10294.0,1.340136,0.43931099999999995,ITA,CAN,820750
3807987,112,39,8694,2014,0.0,5499.0,-0.42745299999999997,-0.7750130000000001,JAM,CAN,820750
3807988,114,39,8694,2014,1335879.0,4002.0,2.403165,-0.635024,JPN,CAN,820750
3807989,115,39,8694,2014,0.0,477205.0,-0.210431,-0.574075,KAZ,CAN,820750
3807990,121,39,8694,2014,595608.0,5365.0,1.817145,0.8394530000000001,KOR,CAN,820750
3807991,122,39,8694,2014,0.0,2584.0,-0.769616,-1.10667,KWT,CAN,820750
3807992,125,39,8694,2014,0.0,5912.0,-1.016828,-1.107983,LBR,CAN,820750
3807993,130,39,8694,2014,0.0,8003.0,0.764495,1.3451540000000002,LTU,CAN,820750
3807994,131,39,8694,2014,5693.0,7853.0,1.243845,1.155474,LUX,CAN,820750
3807995,134,39,8694,2014,0.0,55518.0,-0.574034,0.065788,MAR,CAN,820750
3807996,136,39,8694,2014,0.0,876.0,-1.002122,-0.44446,MDG,CAN,820750
3807997,138,39,8694,2014,35424.0,621823.0,1.0799729999999998,0.697554,MEX,CAN,820750
3807998,142,39,8694,2014,0.0,9808.0,0.817013,0.0016309999999999999,MLT,CAN,820750
3807999,153,39,8694,2014,4365.0,7371.0,1.018138,0.774649,MYS,CAN,820750
3808000,159,39,8694,2014,0.0,86140.0,-1.2126430000000001,-1.059697,NGA,CAN,820750
3808001,160,39,8694,2014,0.0,1117.0,-0.938269,-0.839066,NIC,CAN,820750
3808002,162,39,8694,2014,50774.0,35097.0,1.179325,1.355071,NLD,CAN,820750
3808003,163,39,8694,2014,61322.0,4639.0,0.9187049999999999,0.182685,NOR,CAN,820750
3808004,166,39,8694,2014,19441.0,11234.0,0.272502,0.21628699999999998,NZL,CAN,820750
3808005,167,39,8694,2014,0.0,2221.0,-0.505129,-1.0051370000000002,OMN,CAN,820750
3808006,169,39,8694,2014,0.0,6385.0,0.771742,0.9873190000000001,PAN,CAN,820750
3808007,173,39,8694,2014,0.0,12619.0,-0.557833,0.611826,PER,CAN,820750
3808008,174,39,8694,2014,13603.0,18399.0,0.637442,0.475883,PHL,CAN,820750
3808009,177,39,8694,2014,30192.0,8602.0,1.133102,1.177165,POL,CAN,820750
3808010,179,39,8694,2014,2143.0,5908.0,0.621053,2.349644,PRT,CAN,820750
3808011,183,39,8694,2014,0.0,89099.0,-0.37535599999999997,-1.0196370000000001,QAT,CAN,820750
3808012,185,39,8694,2014,9303.0,0.0,0.9112,1.188161,ROU,CAN,820750
3808013,186,39,8694,2014,1723.0,1781.0,0.229422,-0.214856,RUS,CAN,820750
3808014,192,39,8694,2014,6665.0,2528.0,1.867492,0.626736,SGP,CAN,820750
3808015,201,39,8694,2014,0.0,7696.0,0.551635,1.211535,SRB,CAN,820750
3808016,205,39,8694,2014,0.0,162360.0,-0.6333989999999999,-0.857643,SUR,CAN,820750
3808017,206,39,8694,2014,43053.0,0.0,1.334959,0.821253,SVK,CAN,820750
3808018,207,39,8694,2014,3612.0,0.0,1.6558669999999998,0.6814399999999999,SVN,CAN,820750
3808019,208,39,8694,2014,92445.0,8412.0,1.817752,0.558474,SWE,CAN,820750
3808020,214,39,8694,2014,0.0,826243.0,-2.012048,-0.921558,TCD,CAN,820750
3808021,216,39,8694,2014,6262.0,32597.0,0.977094,1.41283,THA,CAN,820750
3808022,222,39,8694,2014,0.0,1106.0,-0.57362,-1.117545,TTO,CAN,820750
3808023,226,39,8694,2014,0.0,254468.0,-1.054331,0.166345,TZA,CAN,820750
3808024,227,39,8694,2014,702.0,0.0,-0.46911800000000003,0.25446599999999997,UGA,CAN,820750
3808025,230,39,8694,2014,0.0,21158.0,0.154034,-0.380899,URY,CAN,820750
3808026,231,39,8694,2014,76623424.0,3058106.0,1.61227,0.068905,USA,CAN,820750
3808027,234,39,8694,2014,0.0,1833.0,0.034024,-0.522492,VCT,CAN,820750
3808028,236,39,8694,2014,0.0,8665.0,-0.582086,-1.081727,VEN,CAN,820750
3808029,239,39,8694,2014,7899.0,0.0,-0.023765,1.344416,VNM,CAN,820750
3808030,246,39,8694,2014,54119.0,17038.0,0.282927,1.723214,ZAF,CAN,820750
3808031,249,39,8694,2014,478190.0,0.0,1.9044189999999999,1.0595139999999998,TWN,CAN,820750
3808032,1,41,8694,2014,0.0,27347.0,-0.924386,-0.839385,AFG,CHE,820750
3808033,2,41,8694,2014,0.0,43715.0,-1.8184900000000002,-1.149191,AGO,CHE,820750
3808034,4,41,8694,2014,0.0,7700.0,-0.476024,-0.33978400000000003,ALB,CHE,820750
3808035,5,41,8694,2014,0.0,976.0,0.533246,-0.41617,AND,CHE,820750
3808036,7,41,8694,2014,58338.0,3021845.0,0.087775,-0.289459,ARE,CHE,820750
3808037,8,41,8694,2014,0.0,154700.0,0.10691500000000001,0.44860600000000006,ARG,CHE,820750
3808038,9,41,8694,2014,966.0,30678.0,-0.198322,-0.5918680000000001,ARM,CHE,820750
3808039,14,41,8694,2014,216498.0,843230.0,-0.398273,-0.17128,AUS,CHE,820750
3808040,15,41,8694,2014,9185321.0,14633411.0,1.7116790000000002,-0.140232,AUT,CHE,820750
3808041,16,41,8694,2014,0.0,196179.0,-0.909508,-1.165158,AZE,CHE,820750
3808042,18,41,8694,2014,784605.0,539519.0,1.234156,1.226441,BEL,CHE,820750
3808043,19,41,8694,2014,0.0,5407.0,-0.342225,-0.618789,BEN,CHE,820750
3808044,21,41,8694,2014,0.0,1112.0,-0.922401,-0.9554379999999999,BFA,CHE,820750
3808045,22,41,8694,2014,0.0,14947.0,-1.0341879999999999,-0.9614870000000001,BGD,CHE,820750
3808046,23,41,8694,2014,373177.0,983226.0,0.579058,1.6558110000000001,BGR,CHE,820750
3808047,24,41,8694,2014,0.0,11567.0,0.460168,-0.41671099999999994,BHR,CHE,820750
3808048,26,41,8694,2014,1443.0,29096.0,0.5083300000000001,0.711704,BIH,CHE,820750
3808049,28,41,8694,2014,0.0,3685.0,0.874108,0.676231,BLR,CHE,820750
3808050,31,41,8694,2014,0.0,4294.0,-1.129494,-1.030198,BOL,CHE,820750
3808051,32,41,8694,2014,152953.0,461165.0,0.218223,0.556921,BRA,CHE,820750
3808052,39,41,8694,2014,1048.0,173284.0,0.671395,1.024683,CAN,CHE,820750
3808053,42,41,8694,2014,12604.0,211512.0,-0.344671,-0.43380799999999997,CHL,CHE,820750
3808054,43,41,8694,2014,4536518.0,672927.0,1.187557,1.222085,CHN,CHE,820750
3808055,44,41,8694,2014,0.0,31227.0,-0.737625,-0.768728,CIV,CHE,820750
3808056,45,41,8694,2014,0.0,4248.0,-0.6723520000000001,-0.945084,CMR,CHE,820750
3808057,46,41,8694,2014,0.0,54999.0,-1.6680240000000002,-1.1265129999999999,COD,CHE,820750
3808058,47,41,8694,2014,0.0,3169.0,-1.371624,-1.12468,COG,CHE,820750
3808059,49,41,8694,2014,3411.0,134466.0,0.19864500000000002,-0.378364,COL,CHE,820750
3808060,52,41,8694,2014,0.0,2007.0,0.065938,-0.687971,CRI,CHE,820750
3808061,54,41,8694,2014,0.0,68872.0,-0.476786,-0.952291,CUB,CHE,820750
3808062,58,41,8694,2014,0.0,35505.0,0.627467,0.483725,CYP,CHE,820750
3808063,59,41,8694,2014,165384.0,626262.0,1.8105830000000003,0.131131,CZE,CHE,820750
3808064,61,41,8694,2014,205010096.0,123384400.0,2.052849,-2.888805,DEU,CHE,820750
3808065,64,41,8694,2014,62287.0,299174.0,1.10869,1.245193,DNK,CHE,820750
3808066,65,41,8694,2014,0.0,1714.0,-0.180845,0.508512,DOM,CHE,820750
3808067,66,41,8694,2014,0.0,62598.0,-1.5554649999999999,-1.1657030000000002,DZA,CHE,820750
3808068,67,41,8694,2014,0.0,26208.0,-1.066865,-1.052921,ECU,CHE,820750
3808069,68,41,8694,2014,3476.0,166428.0,-0.086866,1.7419669999999998,EGY,CHE,820750
3808070,71,41,8694,2014,103660.0,985174.0,0.842147,2.45692,ESP,CHE,820750
3808071,72,41,8694,2014,0.0,133570.0,0.9147780000000001,1.151556,EST,CHE,820750
3808072,73,41,8694,2014,0.0,19789.0,-1.296535,-1.045942,ETH,CHE,820750
3808073,74,41,8694,2014,7144.0,2341533.0,1.626355,1.002923,FIN,CHE,820750
3808074,77,41,8694,2014,5863470.0,11696664.0,1.4817790000000002,0.30995,FRA,CHE,820750
3808075,80,41,8694,2014,0.0,5315.0,-1.625474,-1.135973,GAB,CHE,820750
3808076,81,41,8694,2014,353518.0,1492015.0,1.697964,0.585372,GBR,CHE,820750
3808077,82,41,8694,2014,0.0,30696.0,-0.254106,-0.646584,GEO,CHE,820750
3808078,83,41,8694,2014,0.0,178149.0,-1.130226,-0.9909379999999999,GHA,CHE,820750
3808079,89,41,8694,2014,0.0,3608.0,-2.043516,-0.844701,GNQ,CHE,820750
3808080,90,41,8694,2014,0.0,75852.0,0.149337,0.8560540000000001,GRC,CHE,820750
3808081,96,41,8694,2014,0.0,475.0,-1.068777,-1.038227,GUY,CHE,820750
3808082,97,41,8694,2014,6472.0,4667834.0,0.812132,1.722493,HKG,CHE,820750
3808083,100,41,8694,2014,1906.0,41364.0,0.804401,1.250807,HRV,CHE,820750
3808084,102,41,8694,2014,14931853.0,4263091.0,1.477093,0.812869,HUN,CHE,820750
3808085,103,41,8694,2014,0.0,91113.0,-0.088032,1.3966459999999998,IDN,CHE,820750
3808086,104,41,8694,2014,148917.0,760491.0,0.262042,2.6305080000000003,IND,CHE,820750
3808087,106,41,8694,2014,4011.0,51000.0,1.2658399999999999,0.278546,IRL,CHE,820750
3808088,107,41,8694,2014,2175.0,82334.0,-0.361058,-0.312743,IRN,CHE,820750
3808089,108,41,8694,2014,0.0,286348.0,-2.9169,-0.882023,IRQ,CHE,820750
3808090,109,41,8694,2014,0.0,5918.0,0.127891,-0.302014,ISL,CHE,820750
3808091,110,41,8694,2014,28868.0,252886.0,1.211141,0.64523,ISR,CHE,820750
3808092,111,41,8694,2014,1556998.0,1903918.0,1.340136,0.43931099999999995,ITA,CHE,820750
3808093,113,41,8694,2014,0.0,138442.0,0.210208,0.48732299999999995,JOR,CHE,820750
3808094,114,41,8694,2014,3971901.0,2814030.0,2.403165,-0.635024,JPN,CHE,820750
3808095,115,41,8694,2014,7481.0,299290.0,-0.210431,-0.574075,KAZ,CHE,820750
3808096,116,41,8694,2014,0.0,80264.0,-0.487058,0.307288,KEN,CHE,820750
3808097,117,41,8694,2014,0.0,16398.0,-0.31942600000000004,-0.012454,KGZ,CHE,820750
3808098,121,41,8694,2014,37776.0,888438.0,1.817145,0.8394530000000001,KOR,CHE,820750
3808099,122,41,8694,2014,52786.0,50063.0,-0.769616,-1.10667,KWT,CHE,820750
3808100,124,41,8694,2014,25514.0,42964.0,0.308677,1.7564490000000001,LBN,CHE,820750
3808101,125,41,8694,2014,0.0,13334.0,-1.016828,-1.107983,LBR,CHE,820750
3808102,126,41,8694,2014,0.0,1847.0,-1.5943829999999999,-1.189961,LBY,CHE,820750
3808103,128,41,8694,2014,0.0,90709.0,-0.49366899999999997,0.338686,LKA,CHE,820750
3808104,130,41,8694,2014,11653.0,28360.0,0.764495,1.3451540000000002,LTU,CHE,820750
3808105,131,41,8694,2014,1324.0,12177.0,1.243845,1.155474,LUX,CHE,820750
3808106,132,41,8694,2014,0.0,15060.0,0.613116,1.1899790000000001,LVA,CHE,820750
3808107,133,41,8694,2014,0.0,6381.0,0.704535,0.5856140000000001,MAC,CHE,820750
3808108,134,41,8694,2014,0.0,150492.0,-0.574034,0.065788,MAR,CHE,820750
3808109,135,41,8694,2014,0.0,5102.0,-0.10438199999999999,-0.093194,MDA,CHE,820750
3808110,138,41,8694,2014,23010.0,1369532.0,1.0799729999999998,0.697554,MEX,CHE,820750
3808111,140,41,8694,2014,20416.0,928.0,-0.039799,-0.05545,MKD,CHE,820750
3808112,142,41,8694,2014,0.0,41387.0,0.817013,0.0016309999999999999,MLT,CHE,820750
3808113,143,41,8694,2014,0.0,12400.0,-1.5332459999999999,-1.145973,MMR,CHE,820750
3808114,144,41,8694,2014,0.0,4096.0,-0.17039100000000001,-0.21762399999999998,MNE,CHE,820750
3808115,145,41,8694,2014,0.0,8665.0,-1.425524,-1.161949,MNG,CHE,820750
3808116,151,41,8694,2014,0.0,32188.0,-0.029891,-0.12431099999999999,MUS,CHE,820750
3808117,153,41,8694,2014,0.0,292186.0,1.018138,0.774649,MYS,CHE,820750
3808118,156,41,8694,2014,0.0,413.0,-0.509789,-0.767484,NCL,CHE,820750
3808119,159,41,8694,2014,0.0,6575.0,-1.2126430000000001,-1.059697,NGA,CHE,820750
3808120,160,41,8694,2014,0.0,1075.0,-0.938269,-0.839066,NIC,CHE,820750
3808121,162,41,8694,2014,2301372.0,617832.0,1.179325,1.355071,NLD,CHE,820750
3808122,163,41,8694,2014,3093.0,1859633.0,0.9187049999999999,0.182685,NOR,CHE,820750
3808123,164,41,8694,2014,0.0,8671.0,-0.11988199999999999,0.655883,NPL,CHE,820750
3808124,166,41,8694,2014,126363.0,174530.0,0.272502,0.21628699999999998,NZL,CHE,820750
3808125,167,41,8694,2014,13790.0,50353.0,-0.505129,-1.0051370000000002,OMN,CHE,820750
3808126,168,41,8694,2014,0.0,58048.0,-0.672924,0.566787,PAK,CHE,820750
3808127,169,41,8694,2014,1622.0,16185.0,0.771742,0.9873190000000001,PAN,CHE,820750
3808128,173,41,8694,2014,0.0,62571.0,-0.557833,0.611826,PER,CHE,820750
3808129,174,41,8694,2014,0.0,150337.0,0.637442,0.475883,PHL,CHE,820750
3808130,177,41,8694,2014,54505.0,3310716.0,1.133102,1.177165,POL,CHE,820750
3808131,179,41,8694,2014,1045.0,120838.0,0.621053,2.349644,PRT,CHE,820750
3808132,182,41,8694,2014,0.0,460.0,0.008831,-0.6268279999999999,PYF,CHE,820750
3808133,183,41,8694,2014,0.0,113611.0,-0.37535599999999997,-1.0196370000000001,QAT,CHE,820750
3808134,185,41,8694,2014,9402.0,78461.0,0.9112,1.188161,ROU,CHE,820750
3808135,186,41,8694,2014,25230.0,7322082.0,0.229422,-0.214856,RUS,CHE,820750
3808136,188,41,8694,2014,55557.0,662614.0,0.5758439999999999,-0.832692,SAU,CHE,820750
3808137,190,41,8694,2014,0.0,44512.0,-1.442381,-1.1155030000000001,SDN,CHE,820750
3808138,191,41,8694,2014,0.0,12704.0,-0.502607,-0.08866,SEN,CHE,820750
3808139,192,41,8694,2014,9256.0,5723613.0,1.867492,0.626736,SGP,CHE,820750
3808140,197,41,8694,2014,0.0,740.0,0.08653999999999999,0.29088600000000003,SLV,CHE,820750
3808141,198,41,8694,2014,23256.0,0.0,0.9675090000000001,0.582902,SMR,CHE,820750
3808142,201,41,8694,2014,513987.0,93366.0,0.551635,1.211535,SRB,CHE,820750
3808143,206,41,8694,2014,107504.0,65668.0,1.334959,0.821253,SVK,CHE,820750
3808144,207,41,8694,2014,2072510.0,86997.0,1.6558669999999998,0.6814399999999999,SVN,CHE,820750
3808145,208,41,8694,2014,166491.0,3276068.0,1.817752,0.558474,SWE,CHE,820750
3808146,212,41,8694,2014,0.0,172398.0,-0.366224,0.9054719999999999,SYR,CHE,820750
3808147,215,41,8694,2014,0.0,3411.0,-0.524103,-0.537643,TGO,CHE,820750
3808148,216,41,8694,2014,6140.0,526215.0,0.977094,1.41283,THA,CHE,820750
3808149,219,41,8694,2014,0.0,105897.0,-1.217897,-1.184131,TKM,CHE,820750
3808150,222,41,8694,2014,0.0,4672.0,-0.57362,-1.117545,TTO,CHE,820750
3808151,223,41,8694,2014,0.0,10751.0,0.343449,1.118007,TUN,CHE,820750
3808152,224,41,8694,2014,2035.0,100121.0,0.554761,2.385693,TUR,CHE,820750
3808153,226,41,8694,2014,0.0,5014.0,-1.054331,0.166345,TZA,CHE,820750
3808154,227,41,8694,2014,0.0,16894.0,-0.46911800000000003,0.25446599999999997,UGA,CHE,820750
3808155,228,41,8694,2014,1575.0,275539.0,0.566535,0.832267,UKR,CHE,820750
3808156,230,41,8694,2014,0.0,893003.0,0.154034,-0.380899,URY,CHE,820750
3808157,231,41,8694,2014,388309.0,9294145.0,1.61227,0.068905,USA,CHE,820750
3808158,232,41,8694,2014,0.0,76527.0,-0.407623,-0.37150700000000003,UZB,CHE,820750
3808159,236,41,8694,2014,0.0,117960.0,-0.582086,-1.081727,VEN,CHE,820750
3808160,239,41,8694,2014,20049.0,53028.0,-0.023765,1.344416,VNM,CHE,820750
3808161,243,41,8694,2014,0.0,9475.0,-1.2829190000000001,-1.227373,YEM,CHE,820750
3808162,246,41,8694,2014,47784.0,1045936.0,0.282927,1.723214,ZAF,CHE,820750
3808163,247,41,8694,2014,0.0,13942.0,-0.664089,-0.793452,ZMB,CHE,820750
3808164,249,41,8694,2014,116710.0,317704.0,1.9044189999999999,1.0595139999999998,TWN,CHE,820750
3808165,2,42,8694,2014,0.0,6449.0,-1.8184900000000002,-1.149191,AGO,CHL,820750
3808166,8,42,8694,2014,4154.0,154184.0,0.10691500000000001,0.44860600000000006,ARG,CHL,820750
3808167,14,42,8694,2014,4225.0,0.0,-0.398273,-0.17128,AUS,CHL,820750
3808168,15,42,8694,2014,2642832.0,620.0,1.7116790000000002,-0.140232,AUT,CHL,820750
3808169,18,42,8694,2014,3653.0,0.0,1.234156,1.226441,BEL,CHL,820750
3808170,23,42,8694,2014,6887.0,0.0,0.579058,1.6558110000000001,BGR,CHL,820750
3808171,31,42,8694,2014,0.0,128958.0,-1.129494,-1.030198,BOL,CHL,820750
3808172,32,42,8694,2014,217930.0,0.0,0.218223,0.556921,BRA,CHL,820750
3808173,39,42,8694,2014,6988.0,0.0,0.671395,1.024683,CAN,CHL,820750
3808174,41,42,8694,2014,211512.0,12604.0,2.2000919999999997,0.65398,CHE,CHL,820750
3808175,43,42,8694,2014,3919422.0,0.0,1.187557,1.222085,CHN,CHL,820750
3808176,49,42,8694,2014,2158.0,2851.0,0.19864500000000002,-0.378364,COL,CHL,820750
3808177,59,42,8694,2014,44702.0,0.0,1.8105830000000003,0.131131,CZE,CHL,820750
3808178,61,42,8694,2014,1978922.0,13707.0,2.052849,-2.888805,DEU,CHL,820750
3808179,71,42,8694,2014,140569.0,0.0,0.842147,2.45692,ESP,CHL,820750
3808180,77,42,8694,2014,159270.0,3938.0,1.4817790000000002,0.30995,FRA,CHL,820750
3808181,81,42,8694,2014,90865.0,0.0,1.697964,0.585372,GBR,CHL,820750
3808182,97,42,8694,2014,2059.0,27410.0,0.812132,1.722493,HKG,CHL,820750
3808183,102,42,8694,2014,13703.0,0.0,1.477093,0.812869,HUN,CHL,820750
3808184,104,42,8694,2014,70122.0,0.0,0.262042,2.6305080000000003,IND,CHL,820750
3808185,110,42,8694,2014,20668.0,0.0,1.211141,0.64523,ISR,CHL,820750
3808186,111,42,8694,2014,240696.0,0.0,1.340136,0.43931099999999995,ITA,CHL,820750
3808187,114,42,8694,2014,8749.0,0.0,2.403165,-0.635024,JPN,CHL,820750
3808188,121,42,8694,2014,35102.0,0.0,1.817145,0.8394530000000001,KOR,CHL,820750
3808189,138,42,8694,2014,93678.0,1982.0,1.0799729999999998,0.697554,MEX,CHL,820750
3808190,153,42,8694,2014,9725.0,0.0,1.018138,0.774649,MYS,CHL,820750
3808191,162,42,8694,2014,269193.0,1892.0,1.179325,1.355071,NLD,CHL,820750
3808192,166,42,8694,2014,16660.0,0.0,0.272502,0.21628699999999998,NZL,CHL,820750
3808193,169,42,8694,2014,9626.0,3446.0,0.771742,0.9873190000000001,PAN,CHL,820750
3808194,173,42,8694,2014,17187.0,57316.0,-0.557833,0.611826,PER,CHL,820750
3808195,177,42,8694,2014,4536.0,0.0,1.133102,1.177165,POL,CHL,820750
3808196,179,42,8694,2014,15543.0,0.0,0.621053,2.349644,PRT,CHL,820750
3808197,180,42,8694,2014,0.0,15400.0,-0.608509,-0.930679,PRY,CHL,820750
3808198,185,42,8694,2014,1058.0,0.0,0.9112,1.188161,ROU,CHL,820750
3808199,186,42,8694,2014,1130.0,0.0,0.229422,-0.214856,RUS,CHL,820750
3808200,206,42,8694,2014,3340.0,0.0,1.334959,0.821253,SVK,CHL,820750
3808201,208,42,8694,2014,48241.0,11334.0,1.817752,0.558474,SWE,CHL,820750
3808202,224,42,8694,2014,26168.0,0.0,0.554761,2.385693,TUR,CHL,820750
3808203,226,42,8694,2014,0.0,2106.0,-1.054331,0.166345,TZA,CHL,820750
3808204,230,42,8694,2014,0.0,42155.0,0.154034,-0.380899,URY,CHL,820750
3808205,231,42,8694,2014,876401.0,6063.0,1.61227,0.068905,USA,CHL,820750
3808206,236,42,8694,2014,0.0,53962.0,-0.582086,-1.081727,VEN,CHL,820750
3808207,239,42,8694,2014,3056.0,0.0,-0.023765,1.344416,VNM,CHL,820750
3808208,246,42,8694,2014,1167.0,8707.0,0.282927,1.723214,ZAF,CHL,820750
3808209,249,42,8694,2014,16011.0,0.0,1.9044189999999999,1.0595139999999998,TWN,CHL,820750
3808210,250,42,8694,2014,1254838.0,0.0,0.506842,0.049545,ANS,CHL,820750
3808211,2,43,8694,2014,0.0,774133.0,-1.8184900000000002,-1.149191,AGO,CHN,820750
3808212,4,43,8694,2014,0.0,126795.0,-0.476024,-0.33978400000000003,ALB,CHN,820750
3808213,5,43,8694,2014,0.0,53.0,0.533246,-0.41617,AND,CHN,820750
3808214,7,43,8694,2014,1188.0,17451646.0,0.087775,-0.289459,ARE,CHN,820750
3808215,8,43,8694,2014,1940.0,2009445.0,0.10691500000000001,0.44860600000000006,ARG,CHN,820750
3808216,9,43,8694,2014,0.0,9606.0,-0.198322,-0.5918680000000001,ARM,CHN,820750
3808217,13,43,8694,2014,0.0,990.0,0.169764,-0.621576,ATG,CHN,820750
3808218,14,43,8694,2014,12672.0,13563052.0,-0.398273,-0.17128,AUS,CHN,820750
3808219,15,43,8694,2014,366796.0,1647167.0,1.7116790000000002,-0.140232,AUT,CHN,820750
3808220,16,43,8694,2014,0.0,16414.0,-0.909508,-1.165158,AZE,CHN,820750
3808221,17,43,8694,2014,0.0,2627.0,-0.242256,-0.8567879999999999,BDI,CHN,820750
3808222,18,43,8694,2014,593707.0,7338008.0,1.234156,1.226441,BEL,CHN,820750
3808223,19,43,8694,2014,0.0,30788.0,-0.342225,-0.618789,BEN,CHN,820750
3808224,21,43,8694,2014,0.0,2359.0,-0.922401,-0.9554379999999999,BFA,CHN,820750
3808225,22,43,8694,2014,0.0,1858334.0,-1.0341879999999999,-0.9614870000000001,BGD,CHN,820750
3808226,23,43,8694,2014,415002.0,488155.0,0.579058,1.6558110000000001,BGR,CHN,820750
3808227,24,43,8694,2014,0.0,61035.0,0.460168,-0.41671099999999994,BHR,CHN,820750
3808228,26,43,8694,2014,0.0,4157.0,0.5083300000000001,0.711704,BIH,CHN,820750
3808229,28,43,8694,2014,0.0,475182.0,0.874108,0.676231,BLR,CHN,820750
3808230,29,43,8694,2014,0.0,2205.0,-0.324446,-0.552126,BLZ,CHN,820750
3808231,30,43,8694,2014,0.0,21958.0,1.217808,-0.16376300000000002,BMU,CHN,820750
3808232,31,43,8694,2014,0.0,67907.0,-1.129494,-1.030198,BOL,CHN,820750
3808233,32,43,8694,2014,141831.0,24884758.0,0.218223,0.556921,BRA,CHN,820750
3808234,33,43,8694,2014,0.0,16776.0,0.44968400000000003,-0.15268900000000002,BRB,CHN,820750
3808235,34,43,8694,2014,0.0,21962.0,0.191357,-0.683567,BRN,CHN,820750
3808236,37,43,8694,2014,0.0,4735.0,-0.60221,-1.104578,BWA,CHN,820750
3808237,38,43,8694,2014,0.0,1687.0,0.695875,0.543384,CAF,CHN,820750
3808238,39,43,8694,2014,1316309.0,18833852.0,0.671395,1.024683,CAN,CHN,820750
3808239,41,43,8694,2014,672927.0,4536518.0,2.2000919999999997,0.65398,CHE,CHN,820750
3808240,42,43,8694,2014,0.0,3919422.0,-0.344671,-0.43380799999999997,CHL,CHN,820750
3808241,44,43,8694,2014,0.0,138666.0,-0.737625,-0.768728,CIV,CHN,820750
3808242,45,43,8694,2014,0.0,40567.0,-0.6723520000000001,-0.945084,CMR,CHN,820750
3808243,46,43,8694,2014,0.0,215477.0,-1.6680240000000002,-1.1265129999999999,COD,CHN,820750
3808244,47,43,8694,2014,0.0,217821.0,-1.371624,-1.12468,COG,CHN,820750
3808245,49,43,8694,2014,0.0,2936724.0,0.19864500000000002,-0.378364,COL,CHN,820750
3808246,50,43,8694,2014,0.0,1058.0,-0.19200699999999998,-0.761303,COM,CHN,820750
3808247,51,43,8694,2014,0.0,1827.0,-0.182368,-0.7136359999999999,CPV,CHN,820750
3808248,52,43,8694,2014,0.0,390799.0,0.065938,-0.687971,CRI,CHN,820750
3808249,54,43,8694,2014,0.0,59964.0,-0.476786,-0.952291,CUB,CHN,820750
3808250,58,43,8694,2014,0.0,50114.0,0.627467,0.483725,CYP,CHN,820750
3808251,59,43,8694,2014,121492.0,4386187.0,1.8105830000000003,0.131131,CZE,CHN,820750
3808252,61,43,8694,2014,45169020.0,97346456.0,2.052849,-2.888805,DEU,CHN,820750
3808253,62,43,8694,2014,0.0,48443.0,-0.394602,-0.74178,DJI,CHN,820750
3808254,64,43,8694,2014,80668.0,1926640.0,1.10869,1.245193,DNK,CHN,820750
3808255,65,43,8694,2014,0.0,136808.0,-0.180845,0.508512,DOM,CHN,820750
3808256,66,43,8694,2014,0.0,1334510.0,-1.5554649999999999,-1.1657030000000002,DZA,CHN,820750
3808257,67,43,8694,2014,0.0,1174319.0,-1.066865,-1.052921,ECU,CHN,820750
3808258,68,43,8694,2014,0.0,3309696.0,-0.086866,1.7419669999999998,EGY,CHN,820750
3808259,69,43,8694,2014,0.0,9418.0,-2.345215,-1.051413,ERI,CHN,820750
3808260,71,43,8694,2014,552334.0,8327013.0,0.842147,2.45692,ESP,CHN,820750
3808261,72,43,8694,2014,0.0,981000.0,0.9147780000000001,1.151556,EST,CHN,820750
3808262,73,43,8694,2014,0.0,235568.0,-1.296535,-1.045942,ETH,CHN,820750
3808263,74,43,8694,2014,16354.0,7352079.0,1.626355,1.002923,FIN,CHN,820750
3808264,75,43,8694,2014,0.0,21399.0,-0.306346,-0.07688500000000001,FJI,CHN,820750
3808265,77,43,8694,2014,700241.0,22717392.0,1.4817790000000002,0.30995,FRA,CHN,820750
3808266,80,43,8694,2014,0.0,40421.0,-1.625474,-1.135973,GAB,CHN,820750
3808267,81,43,8694,2014,1058201.0,34185320.0,1.697964,0.585372,GBR,CHN,820750
3808268,82,43,8694,2014,0.0,408532.0,-0.254106,-0.646584,GEO,CHN,820750
3808269,83,43,8694,2014,0.0,232092.0,-1.130226,-0.9909379999999999,GHA,CHN,820750
3808270,85,43,8694,2014,0.0,37256.0,-1.628409,-1.202473,GIN,CHN,820750
3808271,89,43,8694,2014,0.0,109692.0,-2.043516,-0.844701,GNQ,CHN,820750
3808272,90,43,8694,2014,0.0,575270.0,0.149337,0.8560540000000001,GRC,CHN,820750
3808273,91,43,8694,2014,0.0,6302.0,-0.184151,-0.7291270000000001,GRD,CHN,820750
3808274,92,43,8694,2014,0.0,1809.0,-1.168495,-0.93096,GRL,CHN,820750
3808275,93,43,8694,2014,0.0,266244.0,-0.36547199999999996,0.548894,GTM,CHN,820750
3808276,96,43,8694,2014,0.0,5542.0,-1.068777,-1.038227,GUY,CHN,820750
3808277,97,43,8694,2014,336535.0,30917406.0,0.812132,1.722493,HKG,CHN,820750
3808278,99,43,8694,2014,0.0,71606.0,-0.467004,0.045511,HND,CHN,820750
3808279,100,43,8694,2014,2559.0,207285.0,0.804401,1.250807,HRV,CHN,820750
3808280,101,43,8694,2014,0.0,26790.0,-1.10887,-1.032108,HTI,CHN,820750
3808281,102,43,8694,2014,134811.0,2720407.0,1.477093,0.812869,HUN,CHN,820750
3808282,103,43,8694,2014,10429.0,9061459.0,-0.088032,1.3966459999999998,IDN,CHN,820750
3808283,104,43,8694,2014,1370301.0,12202754.0,0.262042,2.6305080000000003,IND,CHN,820750
3808284,106,43,8694,2014,192379.0,295647.0,1.2658399999999999,0.278546,IRL,CHN,820750
3808285,107,43,8694,2014,0.0,7459358.0,-0.361058,-0.312743,IRN,CHN,820750
3808286,108,43,8694,2014,0.0,1291087.0,-2.9169,-0.882023,IRQ,CHN,820750
3808287,109,43,8694,2014,0.0,4372.0,0.127891,-0.302014,ISL,CHN,820750
3808288,110,43,8694,2014,164426.0,2270352.0,1.211141,0.64523,ISR,CHN,820750
3808289,111,43,8694,2014,557793.0,8209638.0,1.340136,0.43931099999999995,ITA,CHN,820750
3808290,112,43,8694,2014,0.0,92485.0,-0.42745299999999997,-0.7750130000000001,JAM,CHN,820750
3808291,113,43,8694,2014,0.0,232580.0,0.210208,0.48732299999999995,JOR,CHN,820750
3808292,114,43,8694,2014,33193480.0,24139550.0,2.403165,-0.635024,JPN,CHN,820750
3808293,115,43,8694,2014,0.0,4066382.0,-0.210431,-0.574075,KAZ,CHN,820750
3808294,116,43,8694,2014,0.0,1205604.0,-0.487058,0.307288,KEN,CHN,820750
3808295,117,43,8694,2014,0.0,172341.0,-0.31942600000000004,-0.012454,KGZ,CHN,820750
3808296,118,43,8694,2014,0.0,153586.0,-0.84072,-0.8307040000000001,KHM,CHN,820750
3808297,121,43,8694,2014,11763266.0,38826592.0,1.817145,0.8394530000000001,KOR,CHN,820750
3808298,122,43,8694,2014,6340.0,695529.0,-0.769616,-1.10667,KWT,CHN,820750
3808299,123,43,8694,2014,0.0,37096.0,-1.054294,-0.869916,LAO,CHN,820750
3808300,124,43,8694,2014,0.0,1213559.0,0.308677,1.7564490000000001,LBN,CHN,820750
3808301,125,43,8694,2014,0.0,61810.0,-1.016828,-1.107983,LBR,CHN,820750
3808302,126,43,8694,2014,0.0,322606.0,-1.5943829999999999,-1.189961,LBY,CHN,820750
3808303,128,43,8694,2014,0.0,889241.0,-0.49366899999999997,0.338686,LKA,CHN,820750
3808304,129,43,8694,2014,0.0,4152.0,-0.59647,-0.58713,LSO,CHN,820750
3808305,130,43,8694,2014,0.0,2650735.0,0.764495,1.3451540000000002,LTU,CHN,820750
3808306,131,43,8694,2014,28987.0,88589.0,1.243845,1.155474,LUX,CHN,820750
3808307,132,43,8694,2014,0.0,1518877.0,0.613116,1.1899790000000001,LVA,CHN,820750
3808308,133,43,8694,2014,1558.0,213009.0,0.704535,0.5856140000000001,MAC,CHN,820750
3808309,134,43,8694,2014,0.0,749309.0,-0.574034,0.065788,MAR,CHN,820750
3808310,135,43,8694,2014,0.0,18265.0,-0.10438199999999999,-0.093194,MDA,CHN,820750
3808311,136,43,8694,2014,0.0,193758.0,-1.002122,-0.44446,MDG,CHN,820750
3808312,137,43,8694,2014,0.0,1691.0,-0.43265299999999995,-0.82696,MDV,CHN,820750
3808313,138,43,8694,2014,193580.0,15129091.0,1.0799729999999998,0.697554,MEX,CHN,820750
3808314,140,43,8694,2014,0.0,34320.0,-0.039799,-0.05545,MKD,CHN,820750
3808315,142,43,8694,2014,0.0,10043.0,0.817013,0.0016309999999999999,MLT,CHN,820750
3808316,143,43,8694,2014,17103.0,276806.0,-1.5332459999999999,-1.145973,MMR,CHN,820750
3808317,144,43,8694,2014,0.0,97876.0,-0.17039100000000001,-0.21762399999999998,MNE,CHN,820750
3808318,145,43,8694,2014,0.0,121710.0,-1.425524,-1.161949,MNG,CHN,820750
3808319,147,43,8694,2014,0.0,1124482.0,-1.1993610000000001,-1.040181,MOZ,CHN,820750
3808320,148,43,8694,2014,0.0,27437.0,-1.458551,-1.225373,MRT,CHN,820750
3808321,151,43,8694,2014,0.0,195416.0,-0.029891,-0.12431099999999999,MUS,CHN,820750
3808322,152,43,8694,2014,0.0,2738.0,-0.494204,-0.751903,MWI,CHN,820750
3808323,153,43,8694,2014,296713.0,3970212.0,1.018138,0.774649,MYS,CHN,820750
3808324,155,43,8694,2014,0.0,3270.0,-0.428227,-0.5632229999999999,NAM,CHN,820750
3808325,156,43,8694,2014,0.0,8216.0,-0.509789,-0.767484,NCL,CHN,820750
3808326,157,43,8694,2014,0.0,118654.0,-0.7187,-0.80918,NER,CHN,820750
3808327,159,43,8694,2014,0.0,475059.0,-1.2126430000000001,-1.059697,NGA,CHN,820750
3808328,160,43,8694,2014,0.0,32454.0,-0.938269,-0.839066,NIC,CHN,820750
3808329,162,43,8694,2014,3976746.0,54158368.0,1.179325,1.355071,NLD,CHN,820750
3808330,163,43,8694,2014,12572.0,1141465.0,0.9187049999999999,0.182685,NOR,CHN,820750
3808331,164,43,8694,2014,0.0,74884.0,-0.11988199999999999,0.655883,NPL,CHN,820750
3808332,166,43,8694,2014,1450.0,2171058.0,0.272502,0.21628699999999998,NZL,CHN,820750
3808333,167,43,8694,2014,0.0,31935.0,-0.505129,-1.0051370000000002,OMN,CHN,820750
3808334,168,43,8694,2014,0.0,2736518.0,-0.672924,0.566787,PAK,CHN,820750
3808335,169,43,8694,2014,0.0,554112.0,0.771742,0.9873190000000001,PAN,CHN,820750
3808336,173,43,8694,2014,2474.0,1610754.0,-0.557833,0.611826,PER,CHN,820750
3808337,174,43,8694,2014,0.0,9060858.0,0.637442,0.475883,PHL,CHN,820750
3808338,176,43,8694,2014,0.0,202584.0,-1.564904,-1.146255,PNG,CHN,820750
3808339,177,43,8694,2014,11697.0,17745108.0,1.133102,1.177165,POL,CHN,820750
3808340,178,43,8694,2014,0.0,467395.0,-0.23883000000000001,-0.009727,PRK,CHN,820750
3808341,179,43,8694,2014,544702.0,1015854.0,0.621053,2.349644,PRT,CHN,820750
3808342,180,43,8694,2014,0.0,174260.0,-0.608509,-0.930679,PRY,CHN,820750
3808343,181,43,8694,2014,0.0,41211.0,0.030643,0.601905,PSE,CHN,820750
3808344,182,43,8694,2014,0.0,602.0,0.008831,-0.6268279999999999,PYF,CHN,820750
3808345,183,43,8694,2014,0.0,294746.0,-0.37535599999999997,-1.0196370000000001,QAT,CHN,820750
3808346,185,43,8694,2014,0.0,1831387.0,0.9112,1.188161,ROU,CHN,820750
3808347,186,43,8694,2014,0.0,54732804.0,0.229422,-0.214856,RUS,CHN,820750
3808348,187,43,8694,2014,0.0,7135.0,-0.5692659999999999,-0.447859,RWA,CHN,820750
3808349,188,43,8694,2014,0.0,3090544.0,0.5758439999999999,-0.832692,SAU,CHN,820750
3808350,190,43,8694,2014,0.0,72868.0,-1.442381,-1.1155030000000001,SDN,CHN,820750
3808351,191,43,8694,2014,0.0,18039.0,-0.502607,-0.08866,SEN,CHN,820750
3808352,192,43,8694,2014,2243250.0,8856717.0,1.867492,0.626736,SGP,CHN,820750
3808353,196,43,8694,2014,0.0,937.0,-0.9228569999999999,-0.791482,SLE,CHN,820750
3808354,197,43,8694,2014,0.0,110234.0,0.08653999999999999,0.29088600000000003,SLV,CHN,820750
3808355,201,43,8694,2014,0.0,195441.0,0.551635,1.211535,SRB,CHN,820750
3808356,202,43,8694,2014,0.0,15789.0,-2.824279,-0.8767969999999999,SSD,CHN,820750
3808357,205,43,8694,2014,0.0,35560.0,-0.6333989999999999,-0.857643,SUR,CHN,820750
3808358,206,43,8694,2014,22490.0,2381423.0,1.334959,0.821253,SVK,CHN,820750
3808359,207,43,8694,2014,173303.0,7165002.0,1.6558669999999998,0.6814399999999999,SVN,CHN,820750
3808360,208,43,8694,2014,233135.0,5547029.0,1.817752,0.558474,SWE,CHN,820750
3808361,211,43,8694,2014,0.0,4643.0,0.358111,-0.484879,SYC,CHN,820750
3808362,212,43,8694,2014,0.0,297671.0,-0.366224,0.9054719999999999,SYR,CHN,820750
3808363,214,43,8694,2014,0.0,37104.0,-2.012048,-0.921558,TCD,CHN,820750
3808364,215,43,8694,2014,0.0,1589.0,-0.524103,-0.537643,TGO,CHN,820750
3808365,216,43,8694,2014,414209.0,12970000.0,0.977094,1.41283,THA,CHN,820750
3808366,217,43,8694,2014,0.0,104605.0,-0.706823,-0.993756,TJK,CHN,820750
3808367,219,43,8694,2014,0.0,76632.0,-1.217897,-1.184131,TKM,CHN,820750
3808368,222,43,8694,2014,0.0,148638.0,-0.57362,-1.117545,TTO,CHN,820750
3808369,223,43,8694,2014,0.0,1205213.0,0.343449,1.118007,TUN,CHN,820750
3808370,224,43,8694,2014,13116.0,9087501.0,0.554761,2.385693,TUR,CHN,820750
3808371,226,43,8694,2014,0.0,345675.0,-1.054331,0.166345,TZA,CHN,820750
3808372,227,43,8694,2014,0.0,43862.0,-0.46911800000000003,0.25446599999999997,UGA,CHN,820750
3808373,228,43,8694,2014,0.0,4618540.0,0.566535,0.832267,UKR,CHN,820750
3808374,230,43,8694,2014,0.0,1579240.0,0.154034,-0.380899,URY,CHN,820750
3808375,231,43,8694,2014,5137267.0,145324096.0,1.61227,0.068905,USA,CHN,820750
3808376,232,43,8694,2014,0.0,731108.0,-0.407623,-0.37150700000000003,UZB,CHN,820750
3808377,234,43,8694,2014,0.0,955.0,0.034024,-0.522492,VCT,CHN,820750
3808378,236,43,8694,2014,0.0,510560.0,-0.582086,-1.081727,VEN,CHN,820750
3808379,239,43,8694,2014,3279.0,24659192.0,-0.023765,1.344416,VNM,CHN,820750
3808380,240,43,8694,2014,0.0,20972.0,-1.21245,-0.941493,VUT,CHN,820750
3808381,243,43,8694,2014,0.0,196873.0,-1.2829190000000001,-1.227373,YEM,CHN,820750
3808382,246,43,8694,2014,10980.0,7472568.0,0.282927,1.723214,ZAF,CHN,820750
3808383,247,43,8694,2014,0.0,186120.0,-0.664089,-0.793452,ZMB,CHN,820750
3808384,248,43,8694,2014,0.0,141924.0,-0.821369,-0.864232,ZWE,CHN,820750
3808385,249,43,8694,2014,29796222.0,20760496.0,1.9044189999999999,1.0595139999999998,TWN,CHN,820750
3808386,250,43,8694,2014,23749.0,0.0,0.506842,0.049545,ANS,CHN,820750
3808387,8,49,8694,2014,6435.0,0.0,0.10691500000000001,0.44860600000000006,ARG,COL,820750
3808388,15,49,8694,2014,48322.0,0.0,1.7116790000000002,-0.140232,AUT,COL,820750
3808389,18,49,8694,2014,2346.0,0.0,1.234156,1.226441,BEL,COL,820750
3808390,23,49,8694,2014,2736.0,0.0,0.579058,1.6558110000000001,BGR,COL,820750
3808391,26,49,8694,2014,2453.0,0.0,0.5083300000000001,0.711704,BIH,COL,820750
3808392,32,49,8694,2014,1385978.0,4076.0,0.218223,0.556921,BRA,COL,820750
3808393,39,49,8694,2014,31010.0,0.0,0.671395,1.024683,CAN,COL,820750
3808394,41,49,8694,2014,134466.0,3411.0,2.2000919999999997,0.65398,CHE,COL,820750
3808395,42,49,8694,2014,2851.0,2158.0,-0.344671,-0.43380799999999997,CHL,COL,820750
3808396,43,49,8694,2014,2936724.0,0.0,1.187557,1.222085,CHN,COL,820750
3808397,52,49,8694,2014,1239.0,0.0,0.065938,-0.687971,CRI,COL,820750
3808398,61,49,8694,2014,922321.0,977.0,2.052849,-2.888805,DEU,COL,820750
3808399,67,49,8694,2014,0.0,53081.0,-1.066865,-1.052921,ECU,COL,820750
3808400,71,49,8694,2014,339487.0,0.0,0.842147,2.45692,ESP,COL,820750
3808401,77,49,8694,2014,1066538.0,0.0,1.4817790000000002,0.30995,FRA,COL,820750
3808402,81,49,8694,2014,99637.0,0.0,1.697964,0.585372,GBR,COL,820750
3808403,99,49,8694,2014,1340.0,1961.0,-0.467004,0.045511,HND,COL,820750
3808404,104,49,8694,2014,9525.0,0.0,0.262042,2.6305080000000003,IND,COL,820750
3808405,111,49,8694,2014,161047.0,0.0,1.340136,0.43931099999999995,ITA,COL,820750
3808406,114,49,8694,2014,16312.0,0.0,2.403165,-0.635024,JPN,COL,820750
3808407,121,49,8694,2014,111555.0,0.0,1.817145,0.8394530000000001,KOR,COL,820750
3808408,138,49,8694,2014,80948.0,0.0,1.0799729999999998,0.697554,MEX,COL,820750
3808409,162,49,8694,2014,108114.0,0.0,1.179325,1.355071,NLD,COL,820750
3808410,169,49,8694,2014,140324.0,0.0,0.771742,0.9873190000000001,PAN,COL,820750
3808411,173,49,8694,2014,0.0,4426.0,-0.557833,0.611826,PER,COL,820750
3808412,179,49,8694,2014,5092.0,0.0,0.621053,2.349644,PRT,COL,820750
3808413,185,49,8694,2014,2697.0,0.0,0.9112,1.188161,ROU,COL,820750
3808414,208,49,8694,2014,2596.0,0.0,1.817752,0.558474,SWE,COL,820750
3808415,222,49,8694,2014,0.0,31203.0,-0.57362,-1.117545,TTO,COL,820750
3808416,231,49,8694,2014,2213391.0,7082.0,1.61227,0.068905,USA,COL,820750
3808417,236,49,8694,2014,0.0,3324.0,-0.582086,-1.081727,VEN,COL,820750
3808418,239,49,8694,2014,7163.0,0.0,-0.023765,1.344416,VNM,COL,820750
3808419,246,49,8694,2014,135936.0,0.0,0.282927,1.723214,ZAF,COL,820750
3808420,249,49,8694,2014,22552.0,0.0,1.9044189999999999,1.0595139999999998,TWN,COL,820750
3808421,8,52,8694,2014,2254.0,0.0,0.10691500000000001,0.44860600000000006,ARG,CRI,820750
3808422,15,52,8694,2014,8674.0,0.0,1.7116790000000002,-0.140232,AUT,CRI,820750
3808423,32,52,8694,2014,133197.0,0.0,0.218223,0.556921,BRA,CRI,820750
3808424,41,52,8694,2014,2007.0,0.0,2.2000919999999997,0.65398,CHE,CRI,820750
3808425,43,52,8694,2014,390799.0,0.0,1.187557,1.222085,CHN,CRI,820750
3808426,49,52,8694,2014,0.0,1239.0,0.19864500000000002,-0.378364,COL,CRI,820750
3808427,61,52,8694,2014,103676.0,0.0,2.052849,-2.888805,DEU,CRI,820750
3808428,64,52,8694,2014,14211.0,0.0,1.10869,1.245193,DNK,CRI,820750
3808429,71,52,8694,2014,42137.0,0.0,0.842147,2.45692,ESP,CRI,820750
3808430,77,52,8694,2014,1996.0,0.0,1.4817790000000002,0.30995,FRA,CRI,820750
3808431,93,52,8694,2014,3279.0,0.0,-0.36547199999999996,0.548894,GTM,CRI,820750
3808432,97,52,8694,2014,2432.0,0.0,0.812132,1.722493,HKG,CRI,820750
3808433,104,52,8694,2014,1778.0,0.0,0.262042,2.6305080000000003,IND,CRI,820750
3808434,110,52,8694,2014,15700.0,0.0,1.211141,0.64523,ISR,CRI,820750
3808435,111,52,8694,2014,4261.0,0.0,1.340136,0.43931099999999995,ITA,CRI,820750
3808436,114,52,8694,2014,14865.0,0.0,2.403165,-0.635024,JPN,CRI,820750
3808437,138,52,8694,2014,100595.0,0.0,1.0799729999999998,0.697554,MEX,CRI,820750
3808438,160,52,8694,2014,0.0,10807.0,-0.938269,-0.839066,NIC,CRI,820750
3808439,169,52,8694,2014,11063.0,0.0,0.771742,0.9873190000000001,PAN,CRI,820750
3808440,177,52,8694,2014,1503.0,0.0,1.133102,1.177165,POL,CRI,820750
3808441,197,52,8694,2014,2716.0,1611.0,0.08653999999999999,0.29088600000000003,SLV,CRI,820750
3808442,231,52,8694,2014,2125100.0,459928.0,1.61227,0.068905,USA,CRI,820750
3808443,236,52,8694,2014,0.0,61955.0,-0.582086,-1.081727,VEN,CRI,820750
3808444,246,52,8694,2014,10564.0,0.0,0.282927,1.723214,ZAF,CRI,820750
3808445,249,52,8694,2014,4497.0,0.0,1.9044189999999999,1.0595139999999998,TWN,CRI,820750
3808446,13,55,8694,2014,0.0,1584.0,0.169764,-0.621576,ATG,CUW,820750
3808447,18,55,8694,2014,1652.0,0.0,1.234156,1.226441,BEL,CUW,820750
3808448,61,55,8694,2014,6450.0,0.0,2.052849,-2.888805,DEU,CUW,820750
3808449,162,55,8694,2014,37224.0,0.0,1.179325,1.355071,NLD,CUW,820750
3808450,169,55,8694,2014,2020.0,0.0,0.771742,0.9873190000000001,PAN,CUW,820750
3808451,222,55,8694,2014,32531.0,0.0,-0.57362,-1.117545,TTO,CUW,820750
3808452,231,55,8694,2014,39885.0,0.0,1.61227,0.068905,USA,CUW,820750
3808453,14,58,8694,2014,593.0,0.0,-0.398273,-0.17128,AUS,CYP,820750
3808454,15,58,8694,2014,92959.0,0.0,1.7116790000000002,-0.140232,AUT,CYP,820750
3808455,18,58,8694,2014,18512.0,0.0,1.234156,1.226441,BEL,CYP,820750
3808456,28,58,8694,2014,743.0,0.0,0.874108,0.676231,BLR,CYP,820750
3808457,41,58,8694,2014,35505.0,0.0,2.2000919999999997,0.65398,CHE,CYP,820750
3808458,43,58,8694,2014,50114.0,0.0,1.187557,1.222085,CHN,CYP,820750
3808459,61,58,8694,2014,135645.0,0.0,2.052849,-2.888805,DEU,CYP,820750
3808460,71,58,8694,2014,15005.0,0.0,0.842147,2.45692,ESP,CYP,820750
3808461,77,58,8694,2014,72694.0,0.0,1.4817790000000002,0.30995,FRA,CYP,820750
3808462,81,58,8694,2014,80603.0,0.0,1.697964,0.585372,GBR,CYP,820750
3808463,90,58,8694,2014,76474.0,3499.0,0.149337,0.8560540000000001,GRC,CYP,820750
3808464,97,58,8694,2014,7218.0,0.0,0.812132,1.722493,HKG,CYP,820750
3808465,104,58,8694,2014,1461.0,0.0,0.262042,2.6305080000000003,IND,CYP,820750
3808466,110,58,8694,2014,4160.0,0.0,1.211141,0.64523,ISR,CYP,820750
3808467,111,58,8694,2014,67409.0,0.0,1.340136,0.43931099999999995,ITA,CYP,820750
3808468,121,58,8694,2014,8087.0,0.0,1.817145,0.8394530000000001,KOR,CYP,820750
3808469,124,58,8694,2014,4367.0,0.0,0.308677,1.7564490000000001,LBN,CYP,820750
3808470,144,58,8694,2014,0.0,7888.0,-0.17039100000000001,-0.21762399999999998,MNE,CYP,820750
3808471,162,58,8694,2014,5245.0,0.0,1.179325,1.355071,NLD,CYP,820750
3808472,163,58,8694,2014,671.0,0.0,0.9187049999999999,0.182685,NOR,CYP,820750
3808473,231,58,8694,2014,6438.0,7655.0,1.61227,0.068905,USA,CYP,820750
3808474,246,58,8694,2014,17000.0,0.0,0.282927,1.723214,ZAF,CYP,820750
3808475,249,58,8694,2014,9548.0,0.0,1.9044189999999999,1.0595139999999998,TWN,CYP,820750
3808476,7,59,8694,2014,0.0,610240.0,0.087775,-0.289459,ARE,CZE,820750
3808477,8,59,8694,2014,0.0,338148.0,0.10691500000000001,0.44860600000000006,ARG,CZE,820750
3808478,14,59,8694,2014,20174.0,50150.0,-0.398273,-0.17128,AUS,CZE,820750
3808479,15,59,8694,2014,3419669.0,112085.0,1.7116790000000002,-0.140232,AUT,CZE,820750
3808480,16,59,8694,2014,0.0,1785.0,-0.909508,-1.165158,AZE,CZE,820750
3808481,18,59,8694,2014,855496.0,7714832.0,1.234156,1.226441,BEL,CZE,820750
3808482,23,59,8694,2014,26689.0,21271.0,0.579058,1.6558110000000001,BGR,CZE,820750
3808483,26,59,8694,2014,181305.0,151237.0,0.5083300000000001,0.711704,BIH,CZE,820750
3808484,28,59,8694,2014,0.0,241460.0,0.874108,0.676231,BLR,CZE,820750
3808485,32,59,8694,2014,65126.0,325213.0,0.218223,0.556921,BRA,CZE,820750
3808486,39,59,8694,2014,1187.0,3327.0,0.671395,1.024683,CAN,CZE,820750
3808487,41,59,8694,2014,626262.0,165384.0,2.2000919999999997,0.65398,CHE,CZE,820750
3808488,42,59,8694,2014,0.0,44702.0,-0.344671,-0.43380799999999997,CHL,CZE,820750
3808489,43,59,8694,2014,4386187.0,121492.0,1.187557,1.222085,CHN,CZE,820750
3808490,54,59,8694,2014,0.0,1033.0,-0.476786,-0.952291,CUB,CZE,820750
3808491,61,59,8694,2014,46830476.0,9219640.0,2.052849,-2.888805,DEU,CZE,820750
3808492,64,59,8694,2014,241703.0,80939.0,1.10869,1.245193,DNK,CZE,820750
3808493,66,59,8694,2014,0.0,21647.0,-1.5554649999999999,-1.1657030000000002,DZA,CZE,820750
3808494,68,59,8694,2014,0.0,23576.0,-0.086866,1.7419669999999998,EGY,CZE,820750
3808495,71,59,8694,2014,220681.0,570375.0,0.842147,2.45692,ESP,CZE,820750
3808496,72,59,8694,2014,0.0,47254.0,0.9147780000000001,1.151556,EST,CZE,820750
3808497,73,59,8694,2014,0.0,2323.0,-1.296535,-1.045942,ETH,CZE,820750
3808498,74,59,8694,2014,0.0,247608.0,1.626355,1.002923,FIN,CZE,820750
3808499,77,59,8694,2014,848139.0,495337.0,1.4817790000000002,0.30995,FRA,CZE,820750
3808500,80,59,8694,2014,0.0,3683.0,-1.625474,-1.135973,GAB,CZE,820750
3808501,81,59,8694,2014,570639.0,208081.0,1.697964,0.585372,GBR,CZE,820750
3808502,82,59,8694,2014,0.0,6772.0,-0.254106,-0.646584,GEO,CZE,820750
3808503,90,59,8694,2014,0.0,21333.0,0.149337,0.8560540000000001,GRC,CZE,820750
3808504,97,59,8694,2014,3007.0,17999.0,0.812132,1.722493,HKG,CZE,820750
3808505,99,59,8694,2014,0.0,1481.0,-0.467004,0.045511,HND,CZE,820750
3808506,100,59,8694,2014,1967.0,29021.0,0.804401,1.250807,HRV,CZE,820750
3808507,102,59,8694,2014,190576.0,743475.0,1.477093,0.812869,HUN,CZE,820750
3808508,103,59,8694,2014,864.0,167410.0,-0.088032,1.3966459999999998,IDN,CZE,820750
3808509,104,59,8694,2014,2839.0,111649.0,0.262042,2.6305080000000003,IND,CZE,820750
3808510,109,59,8694,2014,0.0,3235.0,0.127891,-0.302014,ISL,CZE,820750
3808511,110,59,8694,2014,57839.0,0.0,1.211141,0.64523,ISR,CZE,820750
3808512,111,59,8694,2014,831687.0,857013.0,1.340136,0.43931099999999995,ITA,CZE,820750
3808513,114,59,8694,2014,400537.0,17236.0,2.403165,-0.635024,JPN,CZE,820750
3808514,115,59,8694,2014,0.0,20619.0,-0.210431,-0.574075,KAZ,CZE,820750
3808515,116,59,8694,2014,0.0,19680.0,-0.487058,0.307288,KEN,CZE,820750
3808516,121,59,8694,2014,128148.0,1425.0,1.817145,0.8394530000000001,KOR,CZE,820750
3808517,122,59,8694,2014,0.0,13878.0,-0.769616,-1.10667,KWT,CZE,820750
3808518,128,59,8694,2014,0.0,1551.0,-0.49366899999999997,0.338686,LKA,CZE,820750
3808519,130,59,8694,2014,3636.0,50076.0,0.764495,1.3451540000000002,LTU,CZE,820750
3808520,131,59,8694,2014,20192.0,4364.0,1.243845,1.155474,LUX,CZE,820750
3808521,132,59,8694,2014,0.0,9400.0,0.613116,1.1899790000000001,LVA,CZE,820750
3808522,134,59,8694,2014,0.0,4410.0,-0.574034,0.065788,MAR,CZE,820750
3808523,135,59,8694,2014,0.0,3228.0,-0.10438199999999999,-0.093194,MDA,CZE,820750
3808524,137,59,8694,2014,0.0,1083.0,-0.43265299999999995,-0.82696,MDV,CZE,820750
3808525,138,59,8694,2014,0.0,4079.0,1.0799729999999998,0.697554,MEX,CZE,820750
3808526,140,59,8694,2014,0.0,37392.0,-0.039799,-0.05545,MKD,CZE,820750
3808527,144,59,8694,2014,0.0,1171.0,-0.17039100000000001,-0.21762399999999998,MNE,CZE,820750
3808528,153,59,8694,2014,427910.0,2950.0,1.018138,0.774649,MYS,CZE,820750
3808529,160,59,8694,2014,0.0,1089.0,-0.938269,-0.839066,NIC,CZE,820750
3808530,162,59,8694,2014,2821894.0,118865.0,1.179325,1.355071,NLD,CZE,820750
3808531,163,59,8694,2014,941.0,53781.0,0.9187049999999999,0.182685,NOR,CZE,820750
3808532,166,59,8694,2014,612.0,22582.0,0.272502,0.21628699999999998,NZL,CZE,820750
3808533,167,59,8694,2014,0.0,2266.0,-0.505129,-1.0051370000000002,OMN,CZE,820750
3808534,168,59,8694,2014,0.0,4562.0,-0.672924,0.566787,PAK,CZE,820750
3808535,174,59,8694,2014,0.0,11864.0,0.637442,0.475883,PHL,CZE,820750
3808536,177,59,8694,2014,2474605.0,3499202.0,1.133102,1.177165,POL,CZE,820750
3808537,179,59,8694,2014,96137.0,7563.0,0.621053,2.349644,PRT,CZE,820750
3808538,183,59,8694,2014,0.0,15455.0,-0.37535599999999997,-1.0196370000000001,QAT,CZE,820750
3808539,185,59,8694,2014,17778.0,145902.0,0.9112,1.188161,ROU,CZE,820750
3808540,186,59,8694,2014,3097.0,640286.0,0.229422,-0.214856,RUS,CZE,820750
3808541,188,59,8694,2014,0.0,1381.0,0.5758439999999999,-0.832692,SAU,CZE,820750
3808542,192,59,8694,2014,0.0,6905.0,1.867492,0.626736,SGP,CZE,820750
3808543,197,59,8694,2014,0.0,1502.0,0.08653999999999999,0.29088600000000003,SLV,CZE,820750
3808544,201,59,8694,2014,0.0,265269.0,0.551635,1.211535,SRB,CZE,820750
3808545,206,59,8694,2014,149257.0,5643085.0,1.334959,0.821253,SVK,CZE,820750
3808546,207,59,8694,2014,39450.0,24751.0,1.6558669999999998,0.6814399999999999,SVN,CZE,820750
3808547,208,59,8694,2014,99237.0,53319.0,1.817752,0.558474,SWE,CZE,820750
3808548,216,59,8694,2014,6029.0,4967.0,0.977094,1.41283,THA,CZE,820750
3808549,218,59,8694,2014,1392.0,0.0,0.5539350000000001,0.12801300000000002,TKL,CZE,820750
3808550,223,59,8694,2014,0.0,44387.0,0.343449,1.118007,TUN,CZE,820750
3808551,224,59,8694,2014,2489.0,78389.0,0.554761,2.385693,TUR,CZE,820750
3808552,228,59,8694,2014,0.0,120978.0,0.566535,0.832267,UKR,CZE,820750
3808553,230,59,8694,2014,0.0,1145.0,0.154034,-0.380899,URY,CZE,820750
3808554,231,59,8694,2014,9649.0,3162710.0,1.61227,0.068905,USA,CZE,820750
3808555,236,59,8694,2014,0.0,1163.0,-0.582086,-1.081727,VEN,CZE,820750
3808556,239,59,8694,2014,0.0,19027.0,-0.023765,1.344416,VNM,CZE,820750
3808557,246,59,8694,2014,45726.0,45839.0,0.282927,1.723214,ZAF,CZE,820750
3808558,249,59,8694,2014,10468.0,9770.0,1.9044189999999999,1.0595139999999998,TWN,CZE,820750
3808559,250,59,8694,2014,167269.0,0.0,0.506842,0.049545,ANS,CZE,820750
3808560,0,61,8694,2014,0.0,2483.0,0.779539,-0.32255700000000004,ABW,DEU,820750
3808561,2,61,8694,2014,0.0,14397.0,-1.8184900000000002,-1.149191,AGO,DEU,820750
3808562,4,61,8694,2014,0.0,81113.0,-0.476024,-0.33978400000000003,ALB,DEU,820750
3808563,5,61,8694,2014,0.0,4607.0,0.533246,-0.41617,AND,DEU,820750
3808564,7,61,8694,2014,10920.0,2925585.0,0.087775,-0.289459,ARE,DEU,820750
3808565,8,61,8694,2014,9861.0,1857183.0,0.10691500000000001,0.44860600000000006,ARG,DEU,820750
3808566,9,61,8694,2014,0.0,50324.0,-0.198322,-0.5918680000000001,ARM,DEU,820750
3808567,14,61,8694,2014,558584.0,8015888.0,-0.398273,-0.17128,AUS,DEU,820750
3808568,15,61,8694,2014,26102080.0,48491764.0,1.7116790000000002,-0.140232,AUT,DEU,820750
3808569,16,61,8694,2014,0.0,578929.0,-0.909508,-1.165158,AZE,DEU,820750
3808570,18,61,8694,2014,4014420.0,21729512.0,1.234156,1.226441,BEL,DEU,820750
3808571,19,61,8694,2014,0.0,5261.0,-0.342225,-0.618789,BEN,DEU,820750
3808572,21,61,8694,2014,0.0,1542.0,-0.922401,-0.9554379999999999,BFA,DEU,820750
3808573,22,61,8694,2014,0.0,169907.0,-1.0341879999999999,-0.9614870000000001,BGD,DEU,820750
3808574,23,61,8694,2014,4571356.0,3141149.0,0.579058,1.6558110000000001,BGR,DEU,820750
3808575,24,61,8694,2014,0.0,45993.0,0.460168,-0.41671099999999994,BHR,DEU,820750
3808576,25,61,8694,2014,0.0,3506.0,0.314465,-0.60458,BHS,DEU,820750
3808577,26,61,8694,2014,1998780.0,385597.0,0.5083300000000001,0.711704,BIH,DEU,820750
3808578,27,61,8694,2014,0.0,4988.0,0.8636219999999999,-0.499126,BLM,DEU,820750
3808579,28,61,8694,2014,449.0,3460880.0,0.874108,0.676231,BLR,DEU,820750
3808580,29,61,8694,2014,0.0,3624.0,-0.324446,-0.552126,BLZ,DEU,820750
3808581,30,61,8694,2014,0.0,1305.0,1.217808,-0.16376300000000002,BMU,DEU,820750
3808582,31,61,8694,2014,0.0,820619.0,-1.129494,-1.030198,BOL,DEU,820750
3808583,32,61,8694,2014,708500.0,10019777.0,0.218223,0.556921,BRA,DEU,820750
3808584,33,61,8694,2014,0.0,3917.0,0.44968400000000003,-0.15268900000000002,BRB,DEU,820750
3808585,34,61,8694,2014,0.0,55529.0,0.191357,-0.683567,BRN,DEU,820750
3808586,35,61,8694,2014,0.0,8727.0,-0.24597199999999997,-0.758838,BTN,DEU,820750
3808587,37,61,8694,2014,0.0,1279.0,-0.60221,-1.104578,BWA,DEU,820750
3808588,39,61,8694,2014,78266.0,3481344.0,0.671395,1.024683,CAN,DEU,820750
3808589,41,61,8694,2014,123384400.0,205010096.0,2.2000919999999997,0.65398,CHE,DEU,820750
3808590,42,61,8694,2014,13707.0,1978922.0,-0.344671,-0.43380799999999997,CHL,DEU,820750
3808591,43,61,8694,2014,97346456.0,45169020.0,1.187557,1.222085,CHN,DEU,820750
3808592,44,61,8694,2014,0.0,34119.0,-0.737625,-0.768728,CIV,DEU,820750
3808593,45,61,8694,2014,0.0,23164.0,-0.6723520000000001,-0.945084,CMR,DEU,820750
3808594,47,61,8694,2014,0.0,30849.0,-1.371624,-1.12468,COG,DEU,820750
3808595,49,61,8694,2014,977.0,922321.0,0.19864500000000002,-0.378364,COL,DEU,820750
3808596,51,61,8694,2014,0.0,8172.0,-0.182368,-0.7136359999999999,CPV,DEU,820750
3808597,52,61,8694,2014,0.0,103676.0,0.065938,-0.687971,CRI,DEU,820750
3808598,54,61,8694,2014,0.0,214386.0,-0.476786,-0.952291,CUB,DEU,820750
3808599,55,61,8694,2014,0.0,6450.0,-0.00902,-0.683643,CUW,DEU,820750
3808600,58,61,8694,2014,0.0,135645.0,0.627467,0.483725,CYP,DEU,820750
3808601,59,61,8694,2014,9219640.0,46830476.0,1.8105830000000003,0.131131,CZE,DEU,820750
3808602,63,61,8694,2014,0.0,1053.0,0.294596,-0.310069,DMA,DEU,820750
3808603,64,61,8694,2014,1856252.0,11635489.0,1.10869,1.245193,DNK,DEU,820750
3808604,65,61,8694,2014,0.0,94684.0,-0.180845,0.508512,DOM,DEU,820750
3808605,66,61,8694,2014,0.0,680617.0,-1.5554649999999999,-1.1657030000000002,DZA,DEU,820750
3808606,67,61,8694,2014,0.0,821478.0,-1.066865,-1.052921,ECU,DEU,820750
3808607,68,61,8694,2014,0.0,674696.0,-0.086866,1.7419669999999998,EGY,DEU,820750
3808608,71,61,8694,2014,4628803.0,23769902.0,0.842147,2.45692,ESP,DEU,820750
3808609,72,61,8694,2014,10125.0,1499680.0,0.9147780000000001,1.151556,EST,DEU,820750
3808610,73,61,8694,2014,1224.0,64283.0,-1.296535,-1.045942,ETH,DEU,820750
3808611,74,61,8694,2014,14220.0,8188095.0,1.626355,1.002923,FIN,DEU,820750
3808612,75,61,8694,2014,0.0,2176.0,-0.306346,-0.07688500000000001,FJI,DEU,820750
3808613,76,61,8694,2014,0.0,1454.0,-0.558974,-0.8402059999999999,FLK,DEU,820750
3808614,77,61,8694,2014,16634905.0,73182496.0,1.4817790000000002,0.30995,FRA,DEU,820750
3808615,78,61,8694,2014,0.0,29560.0,-0.703929,-0.86265,FRO,DEU,820750
3808616,80,61,8694,2014,0.0,20706.0,-1.625474,-1.135973,GAB,DEU,820750
3808617,81,61,8694,2014,5966770.0,45306512.0,1.697964,0.585372,GBR,DEU,820750
3808618,82,61,8694,2014,3737.0,269109.0,-0.254106,-0.646584,GEO,DEU,820750
3808619,83,61,8694,2014,0.0,63847.0,-1.130226,-0.9909379999999999,GHA,DEU,820750
3808620,85,61,8694,2014,0.0,762.0,-1.628409,-1.202473,GIN,DEU,820750
3808621,90,61,8694,2014,3795.0,2047137.0,0.149337,0.8560540000000001,GRC,DEU,820750
3808622,91,61,8694,2014,0.0,5960.0,-0.184151,-0.7291270000000001,GRD,DEU,820750
3808623,92,61,8694,2014,0.0,11381.0,-1.168495,-0.93096,GRL,DEU,820750
3808624,93,61,8694,2014,0.0,134077.0,-0.36547199999999996,0.548894,GTM,DEU,820750
3808625,96,61,8694,2014,0.0,2857.0,-1.068777,-1.038227,GUY,DEU,820750
3808626,97,61,8694,2014,199565.0,3704228.0,0.812132,1.722493,HKG,DEU,820750
3808627,99,61,8694,2014,0.0,34054.0,-0.467004,0.045511,HND,DEU,820750
3808628,100,61,8694,2014,21607.0,2062652.0,0.804401,1.250807,HRV,DEU,820750
3808629,101,61,8694,2014,0.0,18459.0,-1.10887,-1.032108,HTI,DEU,820750
3808630,102,61,8694,2014,21625032.0,21573468.0,1.477093,0.812869,HUN,DEU,820750
3808631,103,61,8694,2014,82866.0,1164755.0,-0.088032,1.3966459999999998,IDN,DEU,820750
3808632,104,61,8694,2014,4463920.0,9573629.0,0.262042,2.6305080000000003,IND,DEU,820750
3808633,106,61,8694,2014,62745.0,2117786.0,1.2658399999999999,0.278546,IRL,DEU,820750
3808634,107,61,8694,2014,4444.0,1482692.0,-0.361058,-0.312743,IRN,DEU,820750
3808635,108,61,8694,2014,0.0,131475.0,-2.9169,-0.882023,IRQ,DEU,820750
3808636,109,61,8694,2014,0.0,411445.0,0.127891,-0.302014,ISL,DEU,820750
3808637,110,61,8694,2014,1012836.0,3442784.0,1.211141,0.64523,ISR,DEU,820750
3808638,111,61,8694,2014,4606019.0,55905632.0,1.340136,0.43931099999999995,ITA,DEU,820750
3808639,112,61,8694,2014,0.0,6312.0,-0.42745299999999997,-0.7750130000000001,JAM,DEU,820750
3808640,113,61,8694,2014,0.0,143984.0,0.210208,0.48732299999999995,JOR,DEU,820750
3808641,114,61,8694,2014,12322361.0,15123483.0,2.403165,-0.635024,JPN,DEU,820750
3808642,115,61,8694,2014,0.0,765370.0,-0.210431,-0.574075,KAZ,DEU,820750
3808643,116,61,8694,2014,0.0,37838.0,-0.487058,0.307288,KEN,DEU,820750
3808644,117,61,8694,2014,0.0,3566.0,-0.31942600000000004,-0.012454,KGZ,DEU,820750
3808645,118,61,8694,2014,0.0,1391.0,-0.84072,-0.8307040000000001,KHM,DEU,820750
3808646,121,61,8694,2014,4633378.0,8181786.0,1.817145,0.8394530000000001,KOR,DEU,820750
3808647,122,61,8694,2014,28784.0,518092.0,-0.769616,-1.10667,KWT,DEU,820750
3808648,124,61,8694,2014,0.0,540562.0,0.308677,1.7564490000000001,LBN,DEU,820750
3808649,125,61,8694,2014,0.0,10708.0,-1.016828,-1.107983,LBR,DEU,820750
3808650,126,61,8694,2014,0.0,42548.0,-1.5943829999999999,-1.189961,LBY,DEU,820750
3808651,127,61,8694,2014,0.0,1264.0,0.29035500000000003,-0.603541,LCA,DEU,820750
3808652,128,61,8694,2014,0.0,229486.0,-0.49366899999999997,0.338686,LKA,DEU,820750
3808653,130,61,8694,2014,33421.0,1833385.0,0.764495,1.3451540000000002,LTU,DEU,820750
3808654,131,61,8694,2014,1217996.0,2528197.0,1.243845,1.155474,LUX,DEU,820750
3808655,132,61,8694,2014,0.0,1615902.0,0.613116,1.1899790000000001,LVA,DEU,820750
3808656,133,61,8694,2014,0.0,13541.0,0.704535,0.5856140000000001,MAC,DEU,820750
3808657,134,61,8694,2014,0.0,705578.0,-0.574034,0.065788,MAR,DEU,820750
3808658,135,61,8694,2014,0.0,137575.0,-0.10438199999999999,-0.093194,MDA,DEU,820750
3808659,136,61,8694,2014,0.0,4259.0,-1.002122,-0.44446,MDG,DEU,820750
3808660,137,61,8694,2014,0.0,26777.0,-0.43265299999999995,-0.82696,MDV,DEU,820750
3808661,138,61,8694,2014,190318.0,13998624.0,1.0799729999999998,0.697554,MEX,DEU,820750
3808662,140,61,8694,2014,6344.0,177544.0,-0.039799,-0.05545,MKD,DEU,820750
3808663,141,61,8694,2014,0.0,1164.0,-1.199063,-1.05497,MLI,DEU,820750
3808664,142,61,8694,2014,0.0,283245.0,0.817013,0.0016309999999999999,MLT,DEU,820750
3808665,143,61,8694,2014,0.0,1442.0,-1.5332459999999999,-1.145973,MMR,DEU,820750
3808666,144,61,8694,2014,0.0,74177.0,-0.17039100000000001,-0.21762399999999998,MNE,DEU,820750
3808667,145,61,8694,2014,0.0,23401.0,-1.425524,-1.161949,MNG,DEU,820750
3808668,147,61,8694,2014,0.0,17525.0,-1.1993610000000001,-1.040181,MOZ,DEU,820750
3808669,148,61,8694,2014,0.0,31436.0,-1.458551,-1.225373,MRT,DEU,820750
3808670,151,61,8694,2014,0.0,46119.0,-0.029891,-0.12431099999999999,MUS,DEU,820750
3808671,152,61,8694,2014,0.0,1488.0,-0.494204,-0.751903,MWI,DEU,820750
3808672,153,61,8694,2014,204042.0,1510003.0,1.018138,0.774649,MYS,DEU,820750
3808673,155,61,8694,2014,0.0,3472.0,-0.428227,-0.5632229999999999,NAM,DEU,820750
3808674,156,61,8694,2014,0.0,31708.0,-0.509789,-0.767484,NCL,DEU,820750
3808675,159,61,8694,2014,7558.0,66344.0,-1.2126430000000001,-1.059697,NGA,DEU,820750
3808676,160,61,8694,2014,0.0,18287.0,-0.938269,-0.839066,NIC,DEU,820750
3808677,162,61,8694,2014,29919020.0,70800848.0,1.179325,1.355071,NLD,DEU,820750
3808678,163,61,8694,2014,39047.0,4915045.0,0.9187049999999999,0.182685,NOR,DEU,820750
3808679,164,61,8694,2014,0.0,3154.0,-0.11988199999999999,0.655883,NPL,DEU,820750
3808680,166,61,8694,2014,742285.0,920296.0,0.272502,0.21628699999999998,NZL,DEU,820750
3808681,167,61,8694,2014,14611.0,160444.0,-0.505129,-1.0051370000000002,OMN,DEU,820750
3808682,168,61,8694,2014,12006.0,93430.0,-0.672924,0.566787,PAK,DEU,820750
3808683,169,61,8694,2014,0.0,66387.0,0.771742,0.9873190000000001,PAN,DEU,820750
3808684,173,61,8694,2014,0.0,3760030.0,-0.557833,0.611826,PER,DEU,820750
3808685,174,61,8694,2014,13205.0,657074.0,0.637442,0.475883,PHL,DEU,820750
3808686,177,61,8694,2014,3494297.0,36333288.0,1.133102,1.177165,POL,DEU,820750
3808687,179,61,8694,2014,405849.0,3933600.0,0.621053,2.349644,PRT,DEU,820750
3808688,180,61,8694,2014,0.0,32008.0,-0.608509,-0.930679,PRY,DEU,820750
3808689,182,61,8694,2014,0.0,1774.0,0.008831,-0.6268279999999999,PYF,DEU,820750
3808690,183,61,8694,2014,0.0,672765.0,-0.37535599999999997,-1.0196370000000001,QAT,DEU,820750
3808691,185,61,8694,2014,20870160.0,10230244.0,0.9112,1.188161,ROU,DEU,820750
3808692,186,61,8694,2014,236625.0,33501686.0,0.229422,-0.214856,RUS,DEU,820750
3808693,187,61,8694,2014,0.0,32848.0,-0.5692659999999999,-0.447859,RWA,DEU,820750
3808694,188,61,8694,2014,2172.0,4027120.0,0.5758439999999999,-0.832692,SAU,DEU,820750
3808695,190,61,8694,2014,0.0,6568.0,-1.442381,-1.1155030000000001,SDN,DEU,820750
3808696,191,61,8694,2014,0.0,15000.0,-0.502607,-0.08866,SEN,DEU,820750
3808697,192,61,8694,2014,776132.0,8186865.0,1.867492,0.626736,SGP,DEU,820750
3808698,196,61,8694,2014,0.0,3861.0,-0.9228569999999999,-0.791482,SLE,DEU,820750
3808699,197,61,8694,2014,0.0,35048.0,0.08653999999999999,0.29088600000000003,SLV,DEU,820750
3808700,201,61,8694,2014,27903.0,672745.0,0.551635,1.211535,SRB,DEU,820750
3808701,205,61,8694,2014,0.0,53048.0,-0.6333989999999999,-0.857643,SUR,DEU,820750
3808702,206,61,8694,2014,1270979.0,10879588.0,1.334959,0.821253,SVK,DEU,820750
3808703,207,61,8694,2014,70580608.0,62539156.0,1.6558669999999998,0.6814399999999999,SVN,DEU,820750
3808704,208,61,8694,2014,879098.0,21720368.0,1.817752,0.558474,SWE,DEU,820750
3808705,211,61,8694,2014,0.0,7468.0,0.358111,-0.484879,SYC,DEU,820750
3808706,212,61,8694,2014,0.0,10056.0,-0.366224,0.9054719999999999,SYR,DEU,820750
3808707,214,61,8694,2014,0.0,7136.0,-2.012048,-0.921558,TCD,DEU,820750
3808708,215,61,8694,2014,0.0,1271.0,-0.524103,-0.537643,TGO,DEU,820750
3808709,216,61,8694,2014,33069.0,3558149.0,0.977094,1.41283,THA,DEU,820750
3808710,219,61,8694,2014,0.0,46391.0,-1.217897,-1.184131,TKM,DEU,820750
3808711,222,61,8694,2014,0.0,44268.0,-0.57362,-1.117545,TTO,DEU,820750
3808712,223,61,8694,2014,975.0,621943.0,0.343449,1.118007,TUN,DEU,820750
3808713,224,61,8694,2014,364131.0,16415073.0,0.554761,2.385693,TUR,DEU,820750
3808714,226,61,8694,2014,0.0,24006.0,-1.054331,0.166345,TZA,DEU,820750
3808715,227,61,8694,2014,0.0,5388.0,-0.46911800000000003,0.25446599999999997,UGA,DEU,820750
3808716,228,61,8694,2014,27436.0,868145.0,0.566535,0.832267,UKR,DEU,820750
3808717,230,61,8694,2014,0.0,102577.0,0.154034,-0.380899,URY,DEU,820750
3808718,231,61,8694,2014,6515079.0,113413880.0,1.61227,0.068905,USA,DEU,820750
3808719,232,61,8694,2014,39260.0,728369.0,-0.407623,-0.37150700000000003,UZB,DEU,820750
3808720,234,61,8694,2014,0.0,1250.0,0.034024,-0.522492,VCT,DEU,820750
3808721,236,61,8694,2014,1145.0,104955.0,-0.582086,-1.081727,VEN,DEU,820750
3808722,239,61,8694,2014,1033903.0,1276532.0,-0.023765,1.344416,VNM,DEU,820750
3808723,243,61,8694,2014,0.0,5967.0,-1.2829190000000001,-1.227373,YEM,DEU,820750
3808724,246,61,8694,2014,1831848.0,3528640.0,0.282927,1.723214,ZAF,DEU,820750
3808725,247,61,8694,2014,0.0,2716.0,-0.664089,-0.793452,ZMB,DEU,820750
3808726,248,61,8694,2014,0.0,875.0,-0.821369,-0.864232,ZWE,DEU,820750
3808727,249,61,8694,2014,2441425.0,3120171.0,1.9044189999999999,1.0595139999999998,TWN,DEU,820750
3808728,250,61,8694,2014,0.0,2383.0,0.506842,0.049545,ANS,DEU,820750
3808729,2,64,8694,2014,0.0,1490.0,-1.8184900000000002,-1.149191,AGO,DNK,820750
3808730,7,64,8694,2014,117770.0,129981.0,0.087775,-0.289459,ARE,DNK,820750
3808731,14,64,8694,2014,0.0,2430.0,-0.398273,-0.17128,AUS,DNK,820750
3808732,15,64,8694,2014,163003.0,525532.0,1.7116790000000002,-0.140232,AUT,DNK,820750
3808733,16,64,8694,2014,165571.0,1121.0,-0.909508,-1.165158,AZE,DNK,820750
3808734,18,64,8694,2014,2191788.0,71372.0,1.234156,1.226441,BEL,DNK,820750
3808735,23,64,8694,2014,3270.0,0.0,0.579058,1.6558110000000001,BGR,DNK,820750
3808736,26,64,8694,2014,0.0,1025.0,0.5083300000000001,0.711704,BIH,DNK,820750
3808737,28,64,8694,2014,0.0,4106.0,0.874108,0.676231,BLR,DNK,820750
3808738,30,64,8694,2014,0.0,1616.0,1.217808,-0.16376300000000002,BMU,DNK,820750
3808739,32,64,8694,2014,0.0,12015.0,0.218223,0.556921,BRA,DNK,820750
3808740,39,64,8694,2014,0.0,25777.0,0.671395,1.024683,CAN,DNK,820750
3808741,41,64,8694,2014,299174.0,62287.0,2.2000919999999997,0.65398,CHE,DNK,820750
3808742,43,64,8694,2014,1926640.0,80668.0,1.187557,1.222085,CHN,DNK,820750
3808743,47,64,8694,2014,0.0,132.0,-1.371624,-1.12468,COG,DNK,820750
3808744,52,64,8694,2014,0.0,14211.0,0.065938,-0.687971,CRI,DNK,820750
3808745,59,64,8694,2014,80939.0,241703.0,1.8105830000000003,0.131131,CZE,DNK,820750
3808746,61,64,8694,2014,11635489.0,1856252.0,2.052849,-2.888805,DEU,DNK,820750
3808747,65,64,8694,2014,0.0,11139.0,-0.180845,0.508512,DOM,DNK,820750
3808748,66,64,8694,2014,0.0,711.0,-1.5554649999999999,-1.1657030000000002,DZA,DNK,820750
3808749,67,64,8694,2014,0.0,3059.0,-1.066865,-1.052921,ECU,DNK,820750
3808750,71,64,8694,2014,183528.0,23761.0,0.842147,2.45692,ESP,DNK,820750
3808751,72,64,8694,2014,4320.0,46134.0,0.9147780000000001,1.151556,EST,DNK,820750
3808752,74,64,8694,2014,3138.0,281093.0,1.626355,1.002923,FIN,DNK,820750
3808753,77,64,8694,2014,761756.0,67169.0,1.4817790000000002,0.30995,FRA,DNK,820750
3808754,78,64,8694,2014,0.0,456005.0,-0.703929,-0.86265,FRO,DNK,820750
3808755,81,64,8694,2014,399089.0,770224.0,1.697964,0.585372,GBR,DNK,820750
3808756,90,64,8694,2014,0.0,3930.0,0.149337,0.8560540000000001,GRC,DNK,820750
3808757,92,64,8694,2014,27456.0,2645900.0,-1.168495,-0.93096,GRL,DNK,820750
3808758,97,64,8694,2014,25883.0,0.0,0.812132,1.722493,HKG,DNK,820750
3808759,100,64,8694,2014,0.0,652.0,0.804401,1.250807,HRV,DNK,820750
3808760,102,64,8694,2014,0.0,527905.0,1.477093,0.812869,HUN,DNK,820750
3808761,104,64,8694,2014,0.0,4964.0,0.262042,2.6305080000000003,IND,DNK,820750
3808762,106,64,8694,2014,0.0,6351.0,1.2658399999999999,0.278546,IRL,DNK,820750
3808763,109,64,8694,2014,2361.0,136413.0,0.127891,-0.302014,ISL,DNK,820750
3808764,110,64,8694,2014,15012.0,0.0,1.211141,0.64523,ISR,DNK,820750
3808765,111,64,8694,2014,845138.0,70670.0,1.340136,0.43931099999999995,ITA,DNK,820750
3808766,114,64,8694,2014,235257.0,296963.0,2.403165,-0.635024,JPN,DNK,820750
3808767,121,64,8694,2014,52710.0,11507.0,1.817145,0.8394530000000001,KOR,DNK,820750
3808768,128,64,8694,2014,0.0,5485.0,-0.49366899999999997,0.338686,LKA,DNK,820750
3808769,130,64,8694,2014,0.0,47258.0,0.764495,1.3451540000000002,LTU,DNK,820750
3808770,131,64,8694,2014,1373.0,6357.0,1.243845,1.155474,LUX,DNK,820750
3808771,132,64,8694,2014,0.0,53497.0,0.613116,1.1899790000000001,LVA,DNK,820750
3808772,134,64,8694,2014,0.0,1526.0,-0.574034,0.065788,MAR,DNK,820750
3808773,137,64,8694,2014,0.0,3172.0,-0.43265299999999995,-0.82696,MDV,DNK,820750
3808774,138,64,8694,2014,0.0,12839.0,1.0799729999999998,0.697554,MEX,DNK,820750
3808775,140,64,8694,2014,0.0,511.0,-0.039799,-0.05545,MKD,DNK,820750
3808776,142,64,8694,2014,0.0,33964.0,0.817013,0.0016309999999999999,MLT,DNK,820750
3808777,147,64,8694,2014,0.0,585.0,-1.1993610000000001,-1.040181,MOZ,DNK,820750
3808778,153,64,8694,2014,0.0,1818.0,1.018138,0.774649,MYS,DNK,820750
3808779,159,64,8694,2014,0.0,6795.0,-1.2126430000000001,-1.059697,NGA,DNK,820750
3808780,162,64,8694,2014,2196400.0,62829.0,1.179325,1.355071,NLD,DNK,820750
3808781,163,64,8694,2014,349559.0,1247042.0,0.9187049999999999,0.182685,NOR,DNK,820750
3808782,168,64,8694,2014,1766.0,0.0,-0.672924,0.566787,PAK,DNK,820750
3808783,169,64,8694,2014,0.0,40277.0,0.771742,0.9873190000000001,PAN,DNK,820750
3808784,173,64,8694,2014,0.0,4124.0,-0.557833,0.611826,PER,DNK,820750
3808785,174,64,8694,2014,0.0,11027.0,0.637442,0.475883,PHL,DNK,820750
3808786,177,64,8694,2014,1958787.0,86603.0,1.133102,1.177165,POL,DNK,820750
3808787,179,64,8694,2014,2188.0,2453.0,0.621053,2.349644,PRT,DNK,820750
3808788,183,64,8694,2014,0.0,6556.0,-0.37535599999999997,-1.0196370000000001,QAT,DNK,820750
3808789,185,64,8694,2014,0.0,8238.0,0.9112,1.188161,ROU,DNK,820750
3808790,186,64,8694,2014,0.0,32088.0,0.229422,-0.214856,RUS,DNK,820750
3808791,188,64,8694,2014,0.0,1236.0,0.5758439999999999,-0.832692,SAU,DNK,820750
3808792,192,64,8694,2014,35240.0,1233.0,1.867492,0.626736,SGP,DNK,820750
3808793,201,64,8694,2014,0.0,7997.0,0.551635,1.211535,SRB,DNK,820750
3808794,206,64,8694,2014,139590.0,76078.0,1.334959,0.821253,SVK,DNK,820750
3808795,207,64,8694,2014,21007.0,1196.0,1.6558669999999998,0.6814399999999999,SVN,DNK,820750
3808796,208,64,8694,2014,3232008.0,2788445.0,1.817752,0.558474,SWE,DNK,820750
3808797,216,64,8694,2014,17133.0,9040.0,0.977094,1.41283,THA,DNK,820750
3808798,222,64,8694,2014,0.0,2692.0,-0.57362,-1.117545,TTO,DNK,820750
3808799,224,64,8694,2014,0.0,887.0,0.554761,2.385693,TUR,DNK,820750
3808800,228,64,8694,2014,0.0,21474.0,0.566535,0.832267,UKR,DNK,820750
3808801,230,64,8694,2014,0.0,3556.0,0.154034,-0.380899,URY,DNK,820750
3808802,231,64,8694,2014,267596.0,127082.0,1.61227,0.068905,USA,DNK,820750
3808803,239,64,8694,2014,0.0,42392.0,-0.023765,1.344416,VNM,DNK,820750
3808804,246,64,8694,2014,0.0,1547.0,0.282927,1.723214,ZAF,DNK,820750
3808805,249,64,8694,2014,70025.0,0.0,1.9044189999999999,1.0595139999999998,TWN,DNK,820750
3808806,32,65,8694,2014,29723.0,0.0,0.218223,0.556921,BRA,DOM,820750
3808807,41,65,8694,2014,1714.0,0.0,2.2000919999999997,0.65398,CHE,DOM,820750
3808808,43,65,8694,2014,136808.0,0.0,1.187557,1.222085,CHN,DOM,820750
3808809,61,65,8694,2014,94684.0,0.0,2.052849,-2.888805,DEU,DOM,820750
3808810,64,65,8694,2014,11139.0,0.0,1.10869,1.245193,DNK,DOM,820750
3808811,71,65,8694,2014,13909.0,0.0,0.842147,2.45692,ESP,DOM,820750
3808812,77,65,8694,2014,1027.0,0.0,1.4817790000000002,0.30995,FRA,DOM,820750
3808813,81,65,8694,2014,3312.0,0.0,1.697964,0.585372,GBR,DOM,820750
3808814,99,65,8694,2014,1323.0,0.0,-0.467004,0.045511,HND,DOM,820750
3808815,106,65,8694,2014,0.0,6115.0,1.2658399999999999,0.278546,IRL,DOM,820750
3808816,111,65,8694,2014,5905.0,0.0,1.340136,0.43931099999999995,ITA,DOM,820750
3808817,114,65,8694,2014,8237.0,0.0,2.403165,-0.635024,JPN,DOM,820750
3808818,138,65,8694,2014,149942.0,0.0,1.0799729999999998,0.697554,MEX,DOM,820750
3808819,162,65,8694,2014,1126.0,0.0,1.179325,1.355071,NLD,DOM,820750
3808820,169,65,8694,2014,41729.0,0.0,0.771742,0.9873190000000001,PAN,DOM,820750
3808821,197,65,8694,2014,4063.0,0.0,0.08653999999999999,0.29088600000000003,SLV,DOM,820750
3808822,231,65,8694,2014,930221.0,5084.0,1.61227,0.068905,USA,DOM,820750
3808823,15,67,8694,2014,286145.0,0.0,1.7116790000000002,-0.140232,AUT,ECU,820750
3808824,18,67,8694,2014,7489.0,0.0,1.234156,1.226441,BEL,ECU,820750
3808825,32,67,8694,2014,737457.0,0.0,0.218223,0.556921,BRA,ECU,820750
3808826,41,67,8694,2014,26208.0,0.0,2.2000919999999997,0.65398,CHE,ECU,820750
3808827,43,67,8694,2014,1174319.0,0.0,1.187557,1.222085,CHN,ECU,820750
3808828,49,67,8694,2014,53081.0,0.0,0.19864500000000002,-0.378364,COL,ECU,820750
3808829,61,67,8694,2014,821478.0,0.0,2.052849,-2.888805,DEU,ECU,820750
3808830,64,67,8694,2014,3059.0,0.0,1.10869,1.245193,DNK,ECU,820750
3808831,71,67,8694,2014,70271.0,0.0,0.842147,2.45692,ESP,ECU,820750
3808832,77,67,8694,2014,15145.0,0.0,1.4817790000000002,0.30995,FRA,ECU,820750
3808833,81,67,8694,2014,7265.0,0.0,1.697964,0.585372,GBR,ECU,820750
3808834,90,67,8694,2014,1963.0,0.0,0.149337,0.8560540000000001,GRC,ECU,820750
3808835,97,67,8694,2014,0.0,7269.0,0.812132,1.722493,HKG,ECU,820750
3808836,102,67,8694,2014,1118.0,0.0,1.477093,0.812869,HUN,ECU,820750
3808837,104,67,8694,2014,4321.0,0.0,0.262042,2.6305080000000003,IND,ECU,820750
3808838,111,67,8694,2014,127372.0,0.0,1.340136,0.43931099999999995,ITA,ECU,820750
3808839,114,67,8694,2014,12193.0,0.0,2.403165,-0.635024,JPN,ECU,820750
3808840,115,67,8694,2014,0.0,3370.0,-0.210431,-0.574075,KAZ,ECU,820750
3808841,121,67,8694,2014,10851.0,0.0,1.817145,0.8394530000000001,KOR,ECU,820750
3808842,138,67,8694,2014,191263.0,0.0,1.0799729999999998,0.697554,MEX,ECU,820750
3808843,153,67,8694,2014,10640.0,0.0,1.018138,0.774649,MYS,ECU,820750
3808844,163,67,8694,2014,3879.0,0.0,0.9187049999999999,0.182685,NOR,ECU,820750
3808845,169,67,8694,2014,6394.0,0.0,0.771742,0.9873190000000001,PAN,ECU,820750
3808846,173,67,8694,2014,2468.0,7176.0,-0.557833,0.611826,PER,ECU,820750
3808847,179,67,8694,2014,2113.0,0.0,0.621053,2.349644,PRT,ECU,820750
3808848,208,67,8694,2014,862.0,0.0,1.817752,0.558474,SWE,ECU,820750
3808849,231,67,8694,2014,1483621.0,0.0,1.61227,0.068905,USA,ECU,820750
3808850,246,67,8694,2014,17609.0,0.0,0.282927,1.723214,ZAF,ECU,820750
3808851,249,67,8694,2014,4668.0,0.0,1.9044189999999999,1.0595139999999998,TWN,ECU,820750
3808852,2,71,8694,2014,0.0,230757.0,-1.8184900000000002,-1.149191,AGO,ESP,820750
3808853,5,71,8694,2014,0.0,68639.0,0.533246,-0.41617,AND,ESP,820750
3808854,7,71,8694,2014,921.0,62076.0,0.087775,-0.289459,ARE,ESP,820750
3808855,8,71,8694,2014,0.0,86034.0,0.10691500000000001,0.44860600000000006,ARG,ESP,820750
3808856,9,71,8694,2014,0.0,1151.0,-0.198322,-0.5918680000000001,ARM,ESP,820750
3808857,14,71,8694,2014,5198.0,17837.0,-0.398273,-0.17128,AUS,ESP,820750
3808858,15,71,8694,2014,527974.0,839546.0,1.7116790000000002,-0.140232,AUT,ESP,820750
3808859,18,71,8694,2014,895576.0,963416.0,1.234156,1.226441,BEL,ESP,820750
3808860,23,71,8694,2014,53677.0,27110.0,0.579058,1.6558110000000001,BGR,ESP,820750
3808861,26,71,8694,2014,1040363.0,896.0,0.5083300000000001,0.711704,BIH,ESP,820750
3808862,31,71,8694,2014,0.0,20912.0,-1.129494,-1.030198,BOL,ESP,820750
3808863,32,71,8694,2014,28997.0,917132.0,0.218223,0.556921,BRA,ESP,820750
3808864,38,71,8694,2014,0.0,1761.0,0.695875,0.543384,CAF,ESP,820750
3808865,39,71,8694,2014,0.0,12672.0,0.671395,1.024683,CAN,ESP,820750
3808866,41,71,8694,2014,985174.0,103660.0,2.2000919999999997,0.65398,CHE,ESP,820750
3808867,42,71,8694,2014,0.0,140569.0,-0.344671,-0.43380799999999997,CHL,ESP,820750
3808868,43,71,8694,2014,8327013.0,552334.0,1.187557,1.222085,CHN,ESP,820750
3808869,44,71,8694,2014,0.0,1940.0,-0.737625,-0.768728,CIV,ESP,820750
3808870,45,71,8694,2014,0.0,6931.0,-0.6723520000000001,-0.945084,CMR,ESP,820750
3808871,47,71,8694,2014,0.0,1172.0,-1.371624,-1.12468,COG,ESP,820750
3808872,49,71,8694,2014,0.0,339487.0,0.19864500000000002,-0.378364,COL,ESP,820750
3808873,52,71,8694,2014,0.0,42137.0,0.065938,-0.687971,CRI,ESP,820750
3808874,54,71,8694,2014,0.0,1623830.0,-0.476786,-0.952291,CUB,ESP,820750
3808875,58,71,8694,2014,0.0,15005.0,0.627467,0.483725,CYP,ESP,820750
3808876,59,71,8694,2014,570375.0,220681.0,1.8105830000000003,0.131131,CZE,ESP,820750
3808877,61,71,8694,2014,23769902.0,4628803.0,2.052849,-2.888805,DEU,ESP,820750
3808878,64,71,8694,2014,23761.0,183528.0,1.10869,1.245193,DNK,ESP,820750
3808879,65,71,8694,2014,0.0,13909.0,-0.180845,0.508512,DOM,ESP,820750
3808880,66,71,8694,2014,0.0,58293.0,-1.5554649999999999,-1.1657030000000002,DZA,ESP,820750
3808881,67,71,8694,2014,0.0,70271.0,-1.066865,-1.052921,ECU,ESP,820750
3808882,68,71,8694,2014,0.0,779373.0,-0.086866,1.7419669999999998,EGY,ESP,820750
3808883,72,71,8694,2014,0.0,91661.0,0.9147780000000001,1.151556,EST,ESP,820750
3808884,73,71,8694,2014,0.0,1648.0,-1.296535,-1.045942,ETH,ESP,820750
3808885,74,71,8694,2014,0.0,621298.0,1.626355,1.002923,FIN,ESP,820750
3808886,77,71,8694,2014,5740028.0,5776165.0,1.4817790000000002,0.30995,FRA,ESP,820750
3808887,81,71,8694,2014,1543479.0,263938.0,1.697964,0.585372,GBR,ESP,820750
3808888,82,71,8694,2014,0.0,3467.0,-0.254106,-0.646584,GEO,ESP,820750
3808889,84,71,8694,2014,0.0,33105.0,0.275796,-0.720217,GIB,ESP,820750
3808890,89,71,8694,2014,0.0,14966.0,-2.043516,-0.844701,GNQ,ESP,820750
3808891,90,71,8694,2014,0.0,531991.0,0.149337,0.8560540000000001,GRC,ESP,820750
3808892,93,71,8694,2014,0.0,185162.0,-0.36547199999999996,0.548894,GTM,ESP,820750
3808893,97,71,8694,2014,4408.0,0.0,0.812132,1.722493,HKG,ESP,820750
3808894,99,71,8694,2014,0.0,7855.0,-0.467004,0.045511,HND,ESP,820750
3808895,100,71,8694,2014,0.0,4518.0,0.804401,1.250807,HRV,ESP,820750
3808896,102,71,8694,2014,622887.0,455348.0,1.477093,0.812869,HUN,ESP,820750
3808897,103,71,8694,2014,0.0,6686.0,-0.088032,1.3966459999999998,IDN,ESP,820750
3808898,104,71,8694,2014,43023.0,53120.0,0.262042,2.6305080000000003,IND,ESP,820750
3808899,106,71,8694,2014,30429.0,50442.0,1.2658399999999999,0.278546,IRL,ESP,820750
3808900,107,71,8694,2014,0.0,19214.0,-0.361058,-0.312743,IRN,ESP,820750
3808901,109,71,8694,2014,0.0,7541.0,0.127891,-0.302014,ISL,ESP,820750
3808902,110,71,8694,2014,6670.0,5584.0,1.211141,0.64523,ISR,ESP,820750
3808903,111,71,8694,2014,2486767.0,1441624.0,1.340136,0.43931099999999995,ITA,ESP,820750
3808904,112,71,8694,2014,0.0,3283.0,-0.42745299999999997,-0.7750130000000001,JAM,ESP,820750
3808905,114,71,8694,2014,763690.0,112684.0,2.403165,-0.635024,JPN,ESP,820750
3808906,115,71,8694,2014,0.0,4742.0,-0.210431,-0.574075,KAZ,ESP,820750
3808907,121,71,8694,2014,321784.0,56395.0,1.817145,0.8394530000000001,KOR,ESP,820750
3808908,122,71,8694,2014,0.0,4257.0,-0.769616,-1.10667,KWT,ESP,820750
3808909,124,71,8694,2014,0.0,1344.0,0.308677,1.7564490000000001,LBN,ESP,820750
3808910,126,71,8694,2014,0.0,321635.0,-1.5943829999999999,-1.189961,LBY,ESP,820750
3808911,128,71,8694,2014,0.0,3225.0,-0.49366899999999997,0.338686,LKA,ESP,820750
3808912,130,71,8694,2014,168724.0,10095.0,0.764495,1.3451540000000002,LTU,ESP,820750
3808913,131,71,8694,2014,170830.0,2721.0,1.243845,1.155474,LUX,ESP,820750
3808914,132,71,8694,2014,0.0,2338.0,0.613116,1.1899790000000001,LVA,ESP,820750
3808915,134,71,8694,2014,0.0,113362.0,-0.574034,0.065788,MAR,ESP,820750
3808916,135,71,8694,2014,0.0,10899.0,-0.10438199999999999,-0.093194,MDA,ESP,820750
3808917,137,71,8694,2014,0.0,15005.0,-0.43265299999999995,-0.82696,MDV,ESP,820750
3808918,138,71,8694,2014,1814.0,925368.0,1.0799729999999998,0.697554,MEX,ESP,820750
3808919,140,71,8694,2014,0.0,1191.0,-0.039799,-0.05545,MKD,ESP,820750
3808920,142,71,8694,2014,0.0,8569.0,0.817013,0.0016309999999999999,MLT,ESP,820750
3808921,148,71,8694,2014,0.0,12712.0,-1.458551,-1.225373,MRT,ESP,820750
3808922,151,71,8694,2014,0.0,23431.0,-0.029891,-0.12431099999999999,MUS,ESP,820750
3808923,153,71,8694,2014,231971.0,10937.0,1.018138,0.774649,MYS,ESP,820750
3808924,155,71,8694,2014,0.0,2267.0,-0.428227,-0.5632229999999999,NAM,ESP,820750
3808925,156,71,8694,2014,0.0,12397.0,-0.509789,-0.767484,NCL,ESP,820750
3808926,159,71,8694,2014,0.0,3256.0,-1.2126430000000001,-1.059697,NGA,ESP,820750
3808927,162,71,8694,2014,3544835.0,9974368.0,1.179325,1.355071,NLD,ESP,820750
3808928,163,71,8694,2014,1037.0,203441.0,0.9187049999999999,0.182685,NOR,ESP,820750
3808929,166,71,8694,2014,6599.0,14338.0,0.272502,0.21628699999999998,NZL,ESP,820750
3808930,167,71,8694,2014,0.0,2525.0,-0.505129,-1.0051370000000002,OMN,ESP,820750
3808931,169,71,8694,2014,0.0,171241.0,0.771742,0.9873190000000001,PAN,ESP,820750
3808932,173,71,8694,2014,0.0,93911.0,-0.557833,0.611826,PER,ESP,820750
3808933,177,71,8694,2014,241100.0,672621.0,1.133102,1.177165,POL,ESP,820750
3808934,179,71,8694,2014,530423.0,3415725.0,0.621053,2.349644,PRT,ESP,820750
3808935,180,71,8694,2014,0.0,8810.0,-0.608509,-0.930679,PRY,ESP,820750
3808936,182,71,8694,2014,0.0,2588.0,0.008831,-0.6268279999999999,PYF,ESP,820750
3808937,183,71,8694,2014,1475.0,4832.0,-0.37535599999999997,-1.0196370000000001,QAT,ESP,820750
3808938,185,71,8694,2014,10007.0,20184.0,0.9112,1.188161,ROU,ESP,820750
3808939,186,71,8694,2014,0.0,391273.0,0.229422,-0.214856,RUS,ESP,820750
3808940,188,71,8694,2014,0.0,28311.0,0.5758439999999999,-0.832692,SAU,ESP,820750
3808941,192,71,8694,2014,6109.0,52463.0,1.867492,0.626736,SGP,ESP,820750
3808942,197,71,8694,2014,0.0,2631.0,0.08653999999999999,0.29088600000000003,SLV,ESP,820750
3808943,201,71,8694,2014,0.0,4163.0,0.551635,1.211535,SRB,ESP,820750
3808944,206,71,8694,2014,31157.0,152149.0,1.334959,0.821253,SVK,ESP,820750
3808945,207,71,8694,2014,232451.0,16577.0,1.6558669999999998,0.6814399999999999,SVN,ESP,820750
3808946,208,71,8694,2014,175689.0,1401370.0,1.817752,0.558474,SWE,ESP,820750
3808947,215,71,8694,2014,0.0,2823.0,-0.524103,-0.537643,TGO,ESP,820750
3808948,216,71,8694,2014,17104.0,2364.0,0.977094,1.41283,THA,ESP,820750
3808949,222,71,8694,2014,0.0,3754.0,-0.57362,-1.117545,TTO,ESP,820750
3808950,223,71,8694,2014,0.0,63595.0,0.343449,1.118007,TUN,ESP,820750
3808951,224,71,8694,2014,8622.0,112129.0,0.554761,2.385693,TUR,ESP,820750
3808952,228,71,8694,2014,0.0,3693.0,0.566535,0.832267,UKR,ESP,820750
3808953,230,71,8694,2014,0.0,54348.0,0.154034,-0.380899,URY,ESP,820750
3808954,231,71,8694,2014,202699.0,223974.0,1.61227,0.068905,USA,ESP,820750
3808955,236,71,8694,2014,0.0,3924.0,-0.582086,-1.081727,VEN,ESP,820750
3808956,239,71,8694,2014,99122.0,2015.0,-0.023765,1.344416,VNM,ESP,820750
3808957,246,71,8694,2014,39660.0,7609.0,0.282927,1.723214,ZAF,ESP,820750
3808958,249,71,8694,2014,112995.0,88541.0,1.9044189999999999,1.0595139999999998,TWN,ESP,820750
3808959,250,71,8694,2014,145376.0,0.0,0.506842,0.049545,ANS,ESP,820750
3808960,15,72,8694,2014,123021.0,1276.0,1.7116790000000002,-0.140232,AUT,EST,820750
3808961,18,72,8694,2014,28362.0,0.0,1.234156,1.226441,BEL,EST,820750
3808962,28,72,8694,2014,3411.0,857.0,0.874108,0.676231,BLR,EST,820750
3808963,41,72,8694,2014,133570.0,0.0,2.2000919999999997,0.65398,CHE,EST,820750
3808964,43,72,8694,2014,981000.0,0.0,1.187557,1.222085,CHN,EST,820750
3808965,59,72,8694,2014,47254.0,0.0,1.8105830000000003,0.131131,CZE,EST,820750
3808966,61,72,8694,2014,1499680.0,10125.0,2.052849,-2.888805,DEU,EST,820750
3808967,64,72,8694,2014,46134.0,4320.0,1.10869,1.245193,DNK,EST,820750
3808968,71,72,8694,2014,91661.0,0.0,0.842147,2.45692,ESP,EST,820750
3808969,74,72,8694,2014,348327.0,26137.0,1.626355,1.002923,FIN,EST,820750
3808970,77,72,8694,2014,48148.0,0.0,1.4817790000000002,0.30995,FRA,EST,820750
3808971,81,72,8694,2014,31137.0,894.0,1.697964,0.585372,GBR,EST,820750
3808972,102,72,8694,2014,16296.0,0.0,1.477093,0.812869,HUN,EST,820750
3808973,104,72,8694,2014,4912.0,0.0,0.262042,2.6305080000000003,IND,EST,820750
3808974,111,72,8694,2014,379927.0,4624.0,1.340136,0.43931099999999995,ITA,EST,820750
3808975,114,72,8694,2014,10911.0,0.0,2.403165,-0.635024,JPN,EST,820750
3808976,130,72,8694,2014,50176.0,96375.0,0.764495,1.3451540000000002,LTU,EST,820750
3808977,132,72,8694,2014,168843.0,165916.0,0.613116,1.1899790000000001,LVA,EST,820750
3808978,140,72,8694,2014,0.0,1126.0,-0.039799,-0.05545,MKD,EST,820750
3808979,162,72,8694,2014,217682.0,0.0,1.179325,1.355071,NLD,EST,820750
3808980,163,72,8694,2014,0.0,37982.0,0.9187049999999999,0.182685,NOR,EST,820750
3808981,166,72,8694,2014,763.0,0.0,0.272502,0.21628699999999998,NZL,EST,820750
3808982,177,72,8694,2014,136532.0,0.0,1.133102,1.177165,POL,EST,820750
3808983,179,72,8694,2014,999.0,0.0,0.621053,2.349644,PRT,EST,820750
3808984,186,72,8694,2014,3833.0,31843.0,0.229422,-0.214856,RUS,EST,820750
3808985,206,72,8694,2014,40106.0,0.0,1.334959,0.821253,SVK,EST,820750
3808986,208,72,8694,2014,173230.0,157125.0,1.817752,0.558474,SWE,EST,820750
3808987,231,72,8694,2014,13003.0,0.0,1.61227,0.068905,USA,EST,820750
3808988,249,72,8694,2014,14036.0,0.0,1.9044189999999999,1.0595139999999998,TWN,EST,820750
3808989,250,72,8694,2014,171393.0,7281.0,0.506842,0.049545,ANS,EST,820750
3808990,14,74,8694,2014,58231.0,9611.0,-0.398273,-0.17128,AUS,FIN,820750
3808991,15,74,8694,2014,795456.0,5092.0,1.7116790000000002,-0.140232,AUT,FIN,820750
3808992,18,74,8694,2014,433920.0,0.0,1.234156,1.226441,BEL,FIN,820750
3808993,23,74,8694,2014,1172.0,0.0,0.579058,1.6558110000000001,BGR,FIN,820750
3808994,32,74,8694,2014,311750.0,1069.0,0.218223,0.556921,BRA,FIN,820750
3808995,39,74,8694,2014,1967.0,21714.0,0.671395,1.024683,CAN,FIN,820750
3808996,41,74,8694,2014,2341533.0,7144.0,2.2000919999999997,0.65398,CHE,FIN,820750
3808997,43,74,8694,2014,7352079.0,16354.0,1.187557,1.222085,CHN,FIN,820750
3808998,45,74,8694,2014,2188.0,0.0,-0.6723520000000001,-0.945084,CMR,FIN,820750
3808999,59,74,8694,2014,247608.0,0.0,1.8105830000000003,0.131131,CZE,FIN,820750
3809000,61,74,8694,2014,8188095.0,14220.0,2.052849,-2.888805,DEU,FIN,820750
3809001,64,74,8694,2014,281093.0,3138.0,1.10869,1.245193,DNK,FIN,820750
3809002,71,74,8694,2014,621298.0,0.0,0.842147,2.45692,ESP,FIN,820750
3809003,72,74,8694,2014,26137.0,348327.0,0.9147780000000001,1.151556,EST,FIN,820750
3809004,77,74,8694,2014,663838.0,23379.0,1.4817790000000002,0.30995,FRA,FIN,820750
3809005,81,74,8694,2014,415929.0,4729.0,1.697964,0.585372,GBR,FIN,820750
3809006,97,74,8694,2014,2080.0,88280.0,0.812132,1.722493,HKG,FIN,820750
3809007,100,74,8694,2014,881.0,0.0,0.804401,1.250807,HRV,FIN,820750
3809008,102,74,8694,2014,77647.0,0.0,1.477093,0.812869,HUN,FIN,820750
3809009,104,74,8694,2014,39955.0,0.0,0.262042,2.6305080000000003,IND,FIN,820750
3809010,110,74,8694,2014,13973.0,8158.0,1.211141,0.64523,ISR,FIN,820750
3809011,111,74,8694,2014,526228.0,0.0,1.340136,0.43931099999999995,ITA,FIN,820750
3809012,114,74,8694,2014,59598.0,4592.0,2.403165,-0.635024,JPN,FIN,820750
3809013,115,74,8694,2014,9526.0,0.0,-0.210431,-0.574075,KAZ,FIN,820750
3809014,121,74,8694,2014,86459.0,0.0,1.817145,0.8394530000000001,KOR,FIN,820750
3809015,122,74,8694,2014,0.0,4732.0,-0.769616,-1.10667,KWT,FIN,820750
3809016,128,74,8694,2014,0.0,3943.0,-0.49366899999999997,0.338686,LKA,FIN,820750
3809017,130,74,8694,2014,33522.0,92551.0,0.764495,1.3451540000000002,LTU,FIN,820750
3809018,131,74,8694,2014,0.0,917.0,1.243845,1.155474,LUX,FIN,820750
3809019,132,74,8694,2014,0.0,204208.0,0.613116,1.1899790000000001,LVA,FIN,820750
3809020,138,74,8694,2014,0.0,15908.0,1.0799729999999998,0.697554,MEX,FIN,820750
3809021,159,74,8694,2014,0.0,13483.0,-1.2126430000000001,-1.059697,NGA,FIN,820750
3809022,162,74,8694,2014,3027107.0,28794.0,1.179325,1.355071,NLD,FIN,820750
3809023,163,74,8694,2014,47281.0,39161.0,0.9187049999999999,0.182685,NOR,FIN,820750
3809024,166,74,8694,2014,1361.0,0.0,0.272502,0.21628699999999998,NZL,FIN,820750
3809025,177,74,8694,2014,123399.0,14078.0,1.133102,1.177165,POL,FIN,820750
3809026,179,74,8694,2014,4505.0,5499.0,0.621053,2.349644,PRT,FIN,820750
3809027,180,74,8694,2014,0.0,3267.0,-0.608509,-0.930679,PRY,FIN,820750
3809028,183,74,8694,2014,0.0,5933.0,-0.37535599999999997,-1.0196370000000001,QAT,FIN,820750
3809029,185,74,8694,2014,0.0,5819.0,0.9112,1.188161,ROU,FIN,820750
3809030,186,74,8694,2014,29737.0,2085120.0,0.229422,-0.214856,RUS,FIN,820750
3809031,192,74,8694,2014,0.0,85166.0,1.867492,0.626736,SGP,FIN,820750
3809032,201,74,8694,2014,66298.0,0.0,0.551635,1.211535,SRB,FIN,820750
3809033,206,74,8694,2014,352436.0,5048.0,1.334959,0.821253,SVK,FIN,820750
3809034,207,74,8694,2014,312184.0,0.0,1.6558669999999998,0.6814399999999999,SVN,FIN,820750
3809035,208,74,8694,2014,2636766.0,449465.0,1.817752,0.558474,SWE,FIN,820750
3809036,211,74,8694,2014,0.0,16423.0,0.358111,-0.484879,SYC,FIN,820750
3809037,216,74,8694,2014,0.0,16917.0,0.977094,1.41283,THA,FIN,820750
3809038,223,74,8694,2014,2663.0,0.0,0.343449,1.118007,TUN,FIN,820750
3809039,224,74,8694,2014,6711.0,4376.0,0.554761,2.385693,TUR,FIN,820750
3809040,226,74,8694,2014,0.0,4026.0,-1.054331,0.166345,TZA,FIN,820750
3809041,231,74,8694,2014,150010.0,0.0,1.61227,0.068905,USA,FIN,820750
3809042,246,74,8694,2014,6377.0,6687.0,0.282927,1.723214,ZAF,FIN,820750
3809043,249,74,8694,2014,197614.0,0.0,1.9044189999999999,1.0595139999999998,TWN,FIN,820750
3809044,2,77,8694,2014,0.0,34691.0,-1.8184900000000002,-1.149191,AGO,FRA,820750
3809045,4,77,8694,2014,0.0,58628.0,-0.476024,-0.33978400000000003,ALB,FRA,820750
3809046,5,77,8694,2014,0.0,13956.0,0.533246,-0.41617,AND,FRA,820750
3809047,7,77,8694,2014,8479.0,217536.0,0.087775,-0.289459,ARE,FRA,820750
3809048,8,77,8694,2014,0.0,514343.0,0.10691500000000001,0.44860600000000006,ARG,FRA,820750
3809049,9,77,8694,2014,0.0,5235.0,-0.198322,-0.5918680000000001,ARM,FRA,820750
3809050,14,77,8694,2014,311890.0,1969669.0,-0.398273,-0.17128,AUS,FRA,820750
3809051,15,77,8694,2014,3920604.0,598822.0,1.7116790000000002,-0.140232,AUT,FRA,820750
3809052,16,77,8694,2014,0.0,9407.0,-0.909508,-1.165158,AZE,FRA,820750
3809053,18,77,8694,2014,5877058.0,3808488.0,1.234156,1.226441,BEL,FRA,820750
3809054,19,77,8694,2014,0.0,4744.0,-0.342225,-0.618789,BEN,FRA,820750
3809055,21,77,8694,2014,0.0,3328.0,-0.922401,-0.9554379999999999,BFA,FRA,820750
3809056,23,77,8694,2014,130151.0,88635.0,0.579058,1.6558110000000001,BGR,FRA,820750
3809057,24,77,8694,2014,9612.0,29901.0,0.460168,-0.41671099999999994,BHR,FRA,820750
3809058,26,77,8694,2014,5363.0,33885.0,0.5083300000000001,0.711704,BIH,FRA,820750
3809059,28,77,8694,2014,0.0,93392.0,0.874108,0.676231,BLR,FRA,820750
3809060,32,77,8694,2014,471606.0,453933.0,0.218223,0.556921,BRA,FRA,820750
3809061,34,77,8694,2014,0.0,993.0,0.191357,-0.683567,BRN,FRA,820750
3809062,39,77,8694,2014,147830.0,564834.0,0.671395,1.024683,CAN,FRA,820750
3809063,41,77,8694,2014,11696664.0,5863470.0,2.2000919999999997,0.65398,CHE,FRA,820750
3809064,42,77,8694,2014,3938.0,159270.0,-0.344671,-0.43380799999999997,CHL,FRA,820750
3809065,43,77,8694,2014,22717392.0,700241.0,1.187557,1.222085,CHN,FRA,820750
3809066,44,77,8694,2014,0.0,240255.0,-0.737625,-0.768728,CIV,FRA,820750
3809067,45,77,8694,2014,0.0,49010.0,-0.6723520000000001,-0.945084,CMR,FRA,820750
3809068,46,77,8694,2014,0.0,17883.0,-1.6680240000000002,-1.1265129999999999,COD,FRA,820750
3809069,47,77,8694,2014,0.0,175975.0,-1.371624,-1.12468,COG,FRA,820750
3809070,49,77,8694,2014,0.0,1066538.0,0.19864500000000002,-0.378364,COL,FRA,820750
3809071,52,77,8694,2014,0.0,1996.0,0.065938,-0.687971,CRI,FRA,820750
3809072,58,77,8694,2014,0.0,72694.0,0.627467,0.483725,CYP,FRA,820750
3809073,59,77,8694,2014,495337.0,848139.0,1.8105830000000003,0.131131,CZE,FRA,820750
3809074,61,77,8694,2014,73182496.0,16634905.0,2.052849,-2.888805,DEU,FRA,820750
3809075,62,77,8694,2014,0.0,8471.0,-0.394602,-0.74178,DJI,FRA,820750
3809076,64,77,8694,2014,67169.0,761756.0,1.10869,1.245193,DNK,FRA,820750
3809077,65,77,8694,2014,0.0,1027.0,-0.180845,0.508512,DOM,FRA,820750
3809078,66,77,8694,2014,0.0,2106890.0,-1.5554649999999999,-1.1657030000000002,DZA,FRA,820750
3809079,67,77,8694,2014,0.0,15145.0,-1.066865,-1.052921,ECU,FRA,820750
3809080,68,77,8694,2014,0.0,29263.0,-0.086866,1.7419669999999998,EGY,FRA,820750
3809081,71,77,8694,2014,5776165.0,5740028.0,0.842147,2.45692,ESP,FRA,820750
3809082,72,77,8694,2014,0.0,48148.0,0.9147780000000001,1.151556,EST,FRA,820750
3809083,73,77,8694,2014,1554.0,11011.0,-1.296535,-1.045942,ETH,FRA,820750
3809084,74,77,8694,2014,23379.0,663838.0,1.626355,1.002923,FIN,FRA,820750
3809085,80,77,8694,2014,0.0,245700.0,-1.625474,-1.135973,GAB,FRA,820750
3809086,81,77,8694,2014,3871305.0,2785271.0,1.697964,0.585372,GBR,FRA,820750
3809087,82,77,8694,2014,0.0,1845.0,-0.254106,-0.646584,GEO,FRA,820750
3809088,85,77,8694,2014,0.0,6955.0,-1.628409,-1.202473,GIN,FRA,820750
3809089,89,77,8694,2014,0.0,18200.0,-2.043516,-0.844701,GNQ,FRA,820750
3809090,90,77,8694,2014,27993.0,271225.0,0.149337,0.8560540000000001,GRC,FRA,820750
3809091,97,77,8694,2014,51454.0,237227.0,0.812132,1.722493,HKG,FRA,820750
3809092,99,77,8694,2014,0.0,2726.0,-0.467004,0.045511,HND,FRA,820750
3809093,100,77,8694,2014,995.0,134049.0,0.804401,1.250807,HRV,FRA,820750
3809094,102,77,8694,2014,2751292.0,1812415.0,1.477093,0.812869,HUN,FRA,820750
3809095,103,77,8694,2014,7817.0,173568.0,-0.088032,1.3966459999999998,IDN,FRA,820750
3809096,104,77,8694,2014,47489.0,186817.0,0.262042,2.6305080000000003,IND,FRA,820750
3809097,106,77,8694,2014,10795.0,40176.0,1.2658399999999999,0.278546,IRL,FRA,820750
3809098,107,77,8694,2014,3720.0,354903.0,-0.361058,-0.312743,IRN,FRA,820750
3809099,108,77,8694,2014,0.0,34033.0,-2.9169,-0.882023,IRQ,FRA,820750
3809100,109,77,8694,2014,0.0,86147.0,0.127891,-0.302014,ISL,FRA,820750
3809101,110,77,8694,2014,98651.0,354390.0,1.211141,0.64523,ISR,FRA,820750
3809102,111,77,8694,2014,4111059.0,8942013.0,1.340136,0.43931099999999995,ITA,FRA,820750
3809103,112,77,8694,2014,0.0,2373.0,-0.42745299999999997,-0.7750130000000001,JAM,FRA,820750
3809104,113,77,8694,2014,0.0,98012.0,0.210208,0.48732299999999995,JOR,FRA,820750
3809105,114,77,8694,2014,1613202.0,376474.0,2.403165,-0.635024,JPN,FRA,820750
3809106,115,77,8694,2014,0.0,7268.0,-0.210431,-0.574075,KAZ,FRA,820750
3809107,116,77,8694,2014,0.0,1659.0,-0.487058,0.307288,KEN,FRA,820750
3809108,121,77,8694,2014,6953453.0,182922.0,1.817145,0.8394530000000001,KOR,FRA,820750
3809109,122,77,8694,2014,0.0,12185.0,-0.769616,-1.10667,KWT,FRA,820750
3809110,124,77,8694,2014,0.0,59453.0,0.308677,1.7564490000000001,LBN,FRA,820750
3809111,127,77,8694,2014,0.0,4701.0,0.29035500000000003,-0.603541,LCA,FRA,820750
3809112,128,77,8694,2014,0.0,1112.0,-0.49366899999999997,0.338686,LKA,FRA,820750
3809113,130,77,8694,2014,0.0,61612.0,0.764495,1.3451540000000002,LTU,FRA,820750
3809114,131,77,8694,2014,1009250.0,115141.0,1.243845,1.155474,LUX,FRA,820750
3809115,132,77,8694,2014,1714.0,21263.0,0.613116,1.1899790000000001,LVA,FRA,820750
3809116,134,77,8694,2014,1018.0,1245434.0,-0.574034,0.065788,MAR,FRA,820750
3809117,135,77,8694,2014,0.0,37570.0,-0.10438199999999999,-0.093194,MDA,FRA,820750
3809118,136,77,8694,2014,0.0,192667.0,-1.002122,-0.44446,MDG,FRA,820750
3809119,138,77,8694,2014,14017.0,1237597.0,1.0799729999999998,0.697554,MEX,FRA,820750
3809120,140,77,8694,2014,0.0,16492.0,-0.039799,-0.05545,MKD,FRA,820750
3809121,141,77,8694,2014,0.0,8518.0,-1.199063,-1.05497,MLI,FRA,820750
3809122,142,77,8694,2014,0.0,41302.0,0.817013,0.0016309999999999999,MLT,FRA,820750
3809123,143,77,8694,2014,0.0,1234.0,-1.5332459999999999,-1.145973,MMR,FRA,820750
3809124,144,77,8694,2014,0.0,1130.0,-0.17039100000000001,-0.21762399999999998,MNE,FRA,820750
3809125,147,77,8694,2014,0.0,5474.0,-1.1993610000000001,-1.040181,MOZ,FRA,820750
3809126,148,77,8694,2014,0.0,4778.0,-1.458551,-1.225373,MRT,FRA,820750
3809127,151,77,8694,2014,0.0,117418.0,-0.029891,-0.12431099999999999,MUS,FRA,820750
3809128,153,77,8694,2014,1273.0,16632.0,1.018138,0.774649,MYS,FRA,820750
3809129,156,77,8694,2014,0.0,678724.0,-0.509789,-0.767484,NCL,FRA,820750
3809130,157,77,8694,2014,0.0,5195.0,-0.7187,-0.80918,NER,FRA,820750
3809131,159,77,8694,2014,262346.0,85150.0,-1.2126430000000001,-1.059697,NGA,FRA,820750
3809132,160,77,8694,2014,0.0,1080.0,-0.938269,-0.839066,NIC,FRA,820750
3809133,162,77,8694,2014,13859934.0,27915642.0,1.179325,1.355071,NLD,FRA,820750
3809134,163,77,8694,2014,4717.0,310277.0,0.9187049999999999,0.182685,NOR,FRA,820750
3809135,166,77,8694,2014,6280.0,31399.0,0.272502,0.21628699999999998,NZL,FRA,820750
3809136,167,77,8694,2014,0.0,12625.0,-0.505129,-1.0051370000000002,OMN,FRA,820750
3809137,168,77,8694,2014,0.0,55337.0,-0.672924,0.566787,PAK,FRA,820750
3809138,169,77,8694,2014,0.0,221036.0,0.771742,0.9873190000000001,PAN,FRA,820750
3809139,173,77,8694,2014,0.0,405534.0,-0.557833,0.611826,PER,FRA,820750
3809140,174,77,8694,2014,0.0,132283.0,0.637442,0.475883,PHL,FRA,820750
3809141,177,77,8694,2014,641292.0,2882936.0,1.133102,1.177165,POL,FRA,820750
3809142,179,77,8694,2014,204807.0,901326.0,0.621053,2.349644,PRT,FRA,820750
3809143,180,77,8694,2014,0.0,2903.0,-0.608509,-0.930679,PRY,FRA,820750
3809144,182,77,8694,2014,0.0,200198.0,0.008831,-0.6268279999999999,PYF,FRA,820750
3809145,183,77,8694,2014,0.0,20152.0,-0.37535599999999997,-1.0196370000000001,QAT,FRA,820750
3809146,185,77,8694,2014,41701.0,2122742.0,0.9112,1.188161,ROU,FRA,820750
3809147,186,77,8694,2014,12663.0,787753.0,0.229422,-0.214856,RUS,FRA,820750
3809148,188,77,8694,2014,0.0,461194.0,0.5758439999999999,-0.832692,SAU,FRA,820750
3809149,190,77,8694,2014,0.0,202032.0,-1.442381,-1.1155030000000001,SDN,FRA,820750
3809150,191,77,8694,2014,0.0,92138.0,-0.502607,-0.08866,SEN,FRA,820750
3809151,192,77,8694,2014,14070.0,262408.0,1.867492,0.626736,SGP,FRA,820750
3809152,197,77,8694,2014,0.0,1139.0,0.08653999999999999,0.29088600000000003,SLV,FRA,820750
3809153,198,77,8694,2014,0.0,8434.0,0.9675090000000001,0.582902,SMR,FRA,820750
3809154,200,77,8694,2014,0.0,31051.0,0.783898,-0.540244,SPM,FRA,820750
3809155,201,77,8694,2014,12610.0,39652.0,0.551635,1.211535,SRB,FRA,820750
3809156,206,77,8694,2014,363435.0,119879.0,1.334959,0.821253,SVK,FRA,820750
3809157,207,77,8694,2014,448706.0,174603.0,1.6558669999999998,0.6814399999999999,SVN,FRA,820750
3809158,208,77,8694,2014,576395.0,1361046.0,1.817752,0.558474,SWE,FRA,820750
3809159,211,77,8694,2014,0.0,3259.0,0.358111,-0.484879,SYC,FRA,820750
3809160,212,77,8694,2014,0.0,30504.0,-0.366224,0.9054719999999999,SYR,FRA,820750
3809161,214,77,8694,2014,1465.0,42075.0,-2.012048,-0.921558,TCD,FRA,820750
3809162,215,77,8694,2014,0.0,26223.0,-0.524103,-0.537643,TGO,FRA,820750
3809163,216,77,8694,2014,156571.0,482625.0,0.977094,1.41283,THA,FRA,820750
3809164,222,77,8694,2014,0.0,6844.0,-0.57362,-1.117545,TTO,FRA,820750
3809165,223,77,8694,2014,107024.0,1260648.0,0.343449,1.118007,TUN,FRA,820750
3809166,224,77,8694,2014,113085.0,1011521.0,0.554761,2.385693,TUR,FRA,820750
3809167,226,77,8694,2014,0.0,919.0,-1.054331,0.166345,TZA,FRA,820750
3809168,227,77,8694,2014,0.0,2443.0,-0.46911800000000003,0.25446599999999997,UGA,FRA,820750
3809169,228,77,8694,2014,0.0,269636.0,0.566535,0.832267,UKR,FRA,820750
3809170,230,77,8694,2014,0.0,4098.0,0.154034,-0.380899,URY,FRA,820750
3809171,231,77,8694,2014,663782.0,5194302.0,1.61227,0.068905,USA,FRA,820750
3809172,239,77,8694,2014,96359.0,246073.0,-0.023765,1.344416,VNM,FRA,820750
3809173,240,77,8694,2014,0.0,19566.0,-1.21245,-0.941493,VUT,FRA,820750
3809174,241,77,8694,2014,0.0,6579.0,1.0165819999999999,-0.481415,WLF,FRA,820750
3809175,246,77,8694,2014,56010.0,67802.0,0.282927,1.723214,ZAF,FRA,820750
3809176,247,77,8694,2014,0.0,3945.0,-0.664089,-0.793452,ZMB,FRA,820750
3809177,249,77,8694,2014,458649.0,161895.0,1.9044189999999999,1.0595139999999998,TWN,FRA,820750
3809178,250,77,8694,2014,191651.0,133913.0,0.506842,0.049545,ANS,FRA,820750
3809179,2,81,8694,2014,136980.0,726613.0,-1.8184900000000002,-1.149191,AGO,GBR,820750
3809180,7,81,8694,2014,910464.0,2358262.0,0.087775,-0.289459,ARE,GBR,820750
3809181,8,81,8694,2014,0.0,5482.0,0.10691500000000001,0.44860600000000006,ARG,GBR,820750
3809182,9,81,8694,2014,0.0,1435.0,-0.198322,-0.5918680000000001,ARM,GBR,820750
3809183,14,81,8694,2014,226707.0,566060.0,-0.398273,-0.17128,AUS,GBR,820750
3809184,15,81,8694,2014,6274672.0,612426.0,1.7116790000000002,-0.140232,AUT,GBR,820750
3809185,16,81,8694,2014,0.0,343635.0,-0.909508,-1.165158,AZE,GBR,820750
3809186,18,81,8694,2014,3983856.0,1012163.0,1.234156,1.226441,BEL,GBR,820750
3809187,19,81,8694,2014,0.0,41672.0,-0.342225,-0.618789,BEN,GBR,820750
3809188,21,81,8694,2014,0.0,2334.0,-0.922401,-0.9554379999999999,BFA,GBR,820750
3809189,23,81,8694,2014,0.0,53796.0,0.579058,1.6558110000000001,BGR,GBR,820750
3809190,24,81,8694,2014,0.0,300748.0,0.460168,-0.41671099999999994,BHR,GBR,820750
3809191,26,81,8694,2014,8955.0,1094.0,0.5083300000000001,0.711704,BIH,GBR,820750
3809192,28,81,8694,2014,0.0,39904.0,0.874108,0.676231,BLR,GBR,820750
3809193,29,81,8694,2014,0.0,4472.0,-0.324446,-0.552126,BLZ,GBR,820750
3809194,32,81,8694,2014,6984.0,250843.0,0.218223,0.556921,BRA,GBR,820750
3809195,33,81,8694,2014,0.0,4410.0,0.44968400000000003,-0.15268900000000002,BRB,GBR,820750
3809196,34,81,8694,2014,1086.0,15109.0,0.191357,-0.683567,BRN,GBR,820750
3809197,39,81,8694,2014,353097.0,810514.0,0.671395,1.024683,CAN,GBR,820750
3809198,41,81,8694,2014,1492015.0,353518.0,2.2000919999999997,0.65398,CHE,GBR,820750
3809199,42,81,8694,2014,0.0,90865.0,-0.344671,-0.43380799999999997,CHL,GBR,820750
3809200,43,81,8694,2014,34185320.0,1058201.0,1.187557,1.222085,CHN,GBR,820750
3809201,44,81,8694,2014,0.0,2456.0,-0.737625,-0.768728,CIV,GBR,820750
3809202,45,81,8694,2014,0.0,100766.0,-0.6723520000000001,-0.945084,CMR,GBR,820750
3809203,47,81,8694,2014,0.0,153800.0,-1.371624,-1.12468,COG,GBR,820750
3809204,49,81,8694,2014,0.0,99637.0,0.19864500000000002,-0.378364,COL,GBR,820750
3809205,54,81,8694,2014,0.0,238070.0,-0.476786,-0.952291,CUB,GBR,820750
3809206,58,81,8694,2014,0.0,80603.0,0.627467,0.483725,CYP,GBR,820750
3809207,59,81,8694,2014,208081.0,570639.0,1.8105830000000003,0.131131,CZE,GBR,820750
3809208,61,81,8694,2014,45306512.0,5966770.0,2.052849,-2.888805,DEU,GBR,820750
3809209,64,81,8694,2014,770224.0,399089.0,1.10869,1.245193,DNK,GBR,820750
3809210,65,81,8694,2014,0.0,3312.0,-0.180845,0.508512,DOM,GBR,820750
3809211,66,81,8694,2014,0.0,345530.0,-1.5554649999999999,-1.1657030000000002,DZA,GBR,820750
3809212,67,81,8694,2014,0.0,7265.0,-1.066865,-1.052921,ECU,GBR,820750
3809213,68,81,8694,2014,1873.0,681481.0,-0.086866,1.7419669999999998,EGY,GBR,820750
3809214,71,81,8694,2014,263938.0,1543479.0,0.842147,2.45692,ESP,GBR,820750
3809215,72,81,8694,2014,894.0,31137.0,0.9147780000000001,1.151556,EST,GBR,820750
3809216,73,81,8694,2014,28819.0,5279.0,-1.296535,-1.045942,ETH,GBR,820750
3809217,74,81,8694,2014,4729.0,415929.0,1.626355,1.002923,FIN,GBR,820750
3809218,76,81,8694,2014,0.0,17962.0,-0.558974,-0.8402059999999999,FLK,GBR,820750
3809219,77,81,8694,2014,2785271.0,3871305.0,1.4817790000000002,0.30995,FRA,GBR,820750
3809220,80,81,8694,2014,0.0,70582.0,-1.625474,-1.135973,GAB,GBR,820750
3809221,82,81,8694,2014,0.0,23151.0,-0.254106,-0.646584,GEO,GBR,820750
3809222,83,81,8694,2014,0.0,55958.0,-1.130226,-0.9909379999999999,GHA,GBR,820750
3809223,85,81,8694,2014,0.0,1918.0,-1.628409,-1.202473,GIN,GBR,820750
3809224,87,81,8694,2014,0.0,2437.0,-0.905488,-0.7892819999999999,GMB,GBR,820750
3809225,89,81,8694,2014,0.0,392490.0,-2.043516,-0.844701,GNQ,GBR,820750
3809226,90,81,8694,2014,0.0,140229.0,0.149337,0.8560540000000001,GRC,GBR,820750
3809227,97,81,8694,2014,561941.0,154953.0,0.812132,1.722493,HKG,GBR,820750
3809228,100,81,8694,2014,1192.0,50311.0,0.804401,1.250807,HRV,GBR,820750
3809229,102,81,8694,2014,10324.0,118619.0,1.477093,0.812869,HUN,GBR,820750
3809230,103,81,8694,2014,0.0,502154.0,-0.088032,1.3966459999999998,IDN,GBR,820750
3809231,104,81,8694,2014,1050635.0,671996.0,0.262042,2.6305080000000003,IND,GBR,820750
3809232,106,81,8694,2014,442711.0,5517800.0,1.2658399999999999,0.278546,IRL,GBR,820750
3809233,108,81,8694,2014,0.0,138795.0,-2.9169,-0.882023,IRQ,GBR,820750
3809234,109,81,8694,2014,0.0,91016.0,0.127891,-0.302014,ISL,GBR,820750
3809235,110,81,8694,2014,138133.0,906964.0,1.211141,0.64523,ISR,GBR,820750
3809236,111,81,8694,2014,2567092.0,2559529.0,1.340136,0.43931099999999995,ITA,GBR,820750
3809237,112,81,8694,2014,0.0,2465.0,-0.42745299999999997,-0.7750130000000001,JAM,GBR,820750
3809238,113,81,8694,2014,0.0,104535.0,0.210208,0.48732299999999995,JOR,GBR,820750
3809239,114,81,8694,2014,6900452.0,153977.0,2.403165,-0.635024,JPN,GBR,820750
3809240,115,81,8694,2014,0.0,192549.0,-0.210431,-0.574075,KAZ,GBR,820750
3809241,116,81,8694,2014,0.0,24738.0,-0.487058,0.307288,KEN,GBR,820750
3809242,121,81,8694,2014,1405779.0,34615.0,1.817145,0.8394530000000001,KOR,GBR,820750
3809243,122,81,8694,2014,15564.0,310992.0,-0.769616,-1.10667,KWT,GBR,820750
3809244,123,81,8694,2014,0.0,953.0,-1.054294,-0.869916,LAO,GBR,820750
3809245,124,81,8694,2014,0.0,457023.0,0.308677,1.7564490000000001,LBN,GBR,820750
3809246,125,81,8694,2014,0.0,43362.0,-1.016828,-1.107983,LBR,GBR,820750
3809247,126,81,8694,2014,0.0,50791.0,-1.5943829999999999,-1.189961,LBY,GBR,820750
3809248,127,81,8694,2014,0.0,2635.0,0.29035500000000003,-0.603541,LCA,GBR,820750
3809249,128,81,8694,2014,3975.0,62165.0,-0.49366899999999997,0.338686,LKA,GBR,820750
3809250,130,81,8694,2014,0.0,591167.0,0.764495,1.3451540000000002,LTU,GBR,820750
3809251,131,81,8694,2014,2229614.0,53136.0,1.243845,1.155474,LUX,GBR,820750
3809252,132,81,8694,2014,54152.0,33324.0,0.613116,1.1899790000000001,LVA,GBR,820750
3809253,134,81,8694,2014,0.0,233608.0,-0.574034,0.065788,MAR,GBR,820750
3809254,135,81,8694,2014,0.0,7957.0,-0.10438199999999999,-0.093194,MDA,GBR,820750
3809255,136,81,8694,2014,0.0,662.0,-1.002122,-0.44446,MDG,GBR,820750
3809256,138,81,8694,2014,1956.0,99907.0,1.0799729999999998,0.697554,MEX,GBR,820750
3809257,140,81,8694,2014,0.0,15637.0,-0.039799,-0.05545,MKD,GBR,820750
3809258,141,81,8694,2014,0.0,13368.0,-1.199063,-1.05497,MLI,GBR,820750
3809259,142,81,8694,2014,0.0,97392.0,0.817013,0.0016309999999999999,MLT,GBR,820750
3809260,147,81,8694,2014,0.0,18363.0,-1.1993610000000001,-1.040181,MOZ,GBR,820750
3809261,148,81,8694,2014,0.0,1047.0,-1.458551,-1.225373,MRT,GBR,820750
3809262,151,81,8694,2014,0.0,35129.0,-0.029891,-0.12431099999999999,MUS,GBR,820750
3809263,153,81,8694,2014,25694.0,451890.0,1.018138,0.774649,MYS,GBR,820750
3809264,159,81,8694,2014,213196.0,285193.0,-1.2126430000000001,-1.059697,NGA,GBR,820750
3809265,162,81,8694,2014,17878332.0,2674348.0,1.179325,1.355071,NLD,GBR,820750
3809266,163,81,8694,2014,595016.0,2032070.0,0.9187049999999999,0.182685,NOR,GBR,820750
3809267,166,81,8694,2014,4120.0,248389.0,0.272502,0.21628699999999998,NZL,GBR,820750
3809268,167,81,8694,2014,0.0,219198.0,-0.505129,-1.0051370000000002,OMN,GBR,820750
3809269,168,81,8694,2014,4651.0,321252.0,-0.672924,0.566787,PAK,GBR,820750
3809270,169,81,8694,2014,0.0,12758.0,0.771742,0.9873190000000001,PAN,GBR,820750
3809271,173,81,8694,2014,0.0,18276.0,-0.557833,0.611826,PER,GBR,820750
3809272,174,81,8694,2014,0.0,106307.0,0.637442,0.475883,PHL,GBR,820750
3809273,177,81,8694,2014,1953073.0,1106952.0,1.133102,1.177165,POL,GBR,820750
3809274,179,81,8694,2014,42571.0,254011.0,0.621053,2.349644,PRT,GBR,820750
3809275,183,81,8694,2014,0.0,875197.0,-0.37535599999999997,-1.0196370000000001,QAT,GBR,820750
3809276,185,81,8694,2014,16223.0,676008.0,0.9112,1.188161,ROU,GBR,820750
3809277,186,81,8694,2014,0.0,606670.0,0.229422,-0.214856,RUS,GBR,820750
3809278,187,81,8694,2014,0.0,221.0,-0.5692659999999999,-0.447859,RWA,GBR,820750
3809279,188,81,8694,2014,0.0,1469653.0,0.5758439999999999,-0.832692,SAU,GBR,820750
3809280,190,81,8694,2014,0.0,36875.0,-1.442381,-1.1155030000000001,SDN,GBR,820750
3809281,191,81,8694,2014,0.0,238420.0,-0.502607,-0.08866,SEN,GBR,820750
3809282,192,81,8694,2014,37562.0,721664.0,1.867492,0.626736,SGP,GBR,820750
3809283,196,81,8694,2014,0.0,9353.0,-0.9228569999999999,-0.791482,SLE,GBR,820750
3809284,201,81,8694,2014,0.0,3901.0,0.551635,1.211535,SRB,GBR,820750
3809285,206,81,8694,2014,243758.0,26663.0,1.334959,0.821253,SVK,GBR,820750
3809286,207,81,8694,2014,15512.0,183789.0,1.6558669999999998,0.6814399999999999,SVN,GBR,820750
3809287,208,81,8694,2014,680472.0,1288718.0,1.817752,0.558474,SWE,GBR,820750
3809288,211,81,8694,2014,0.0,15677.0,0.358111,-0.484879,SYC,GBR,820750
3809289,214,81,8694,2014,0.0,83093.0,-2.012048,-0.921558,TCD,GBR,820750
3809290,216,81,8694,2014,3139.0,412572.0,0.977094,1.41283,THA,GBR,820750
3809291,222,81,8694,2014,0.0,14569.0,-0.57362,-1.117545,TTO,GBR,820750
3809292,223,81,8694,2014,2693.0,257131.0,0.343449,1.118007,TUN,GBR,820750
3809293,224,81,8694,2014,2735.0,546123.0,0.554761,2.385693,TUR,GBR,820750
3809294,226,81,8694,2014,0.0,95985.0,-1.054331,0.166345,TZA,GBR,820750
3809295,227,81,8694,2014,2150.0,18069.0,-0.46911800000000003,0.25446599999999997,UGA,GBR,820750
3809296,228,81,8694,2014,0.0,76398.0,0.566535,0.832267,UKR,GBR,820750
3809297,230,81,8694,2014,0.0,10805.0,0.154034,-0.380899,URY,GBR,820750
3809298,231,81,8694,2014,5810608.0,3921183.0,1.61227,0.068905,USA,GBR,820750
3809299,232,81,8694,2014,0.0,3767.0,-0.407623,-0.37150700000000003,UZB,GBR,820750
3809300,234,81,8694,2014,0.0,2448.0,0.034024,-0.522492,VCT,GBR,820750
3809301,236,81,8694,2014,0.0,57070.0,-0.582086,-1.081727,VEN,GBR,820750
3809302,239,81,8694,2014,0.0,205928.0,-0.023765,1.344416,VNM,GBR,820750
3809303,243,81,8694,2014,0.0,3697.0,-1.2829190000000001,-1.227373,YEM,GBR,820750
3809304,246,81,8694,2014,76250.0,857315.0,0.282927,1.723214,ZAF,GBR,820750
3809305,247,81,8694,2014,0.0,15438.0,-0.664089,-0.793452,ZMB,GBR,820750
3809306,248,81,8694,2014,0.0,8505.0,-0.821369,-0.864232,ZWE,GBR,820750
3809307,249,81,8694,2014,1441799.0,70889.0,1.9044189999999999,1.0595139999999998,TWN,GBR,820750
3809308,4,90,8694,2014,0.0,1103.0,-0.476024,-0.33978400000000003,ALB,GRC,820750
3809309,9,90,8694,2014,0.0,1072.0,-0.198322,-0.5918680000000001,ARM,GRC,820750
3809310,15,90,8694,2014,601537.0,0.0,1.7116790000000002,-0.140232,AUT,GRC,820750
3809311,18,90,8694,2014,124184.0,8820.0,1.234156,1.226441,BEL,GRC,820750
3809312,23,90,8694,2014,23410.0,7428.0,0.579058,1.6558110000000001,BGR,GRC,820750
3809313,26,90,8694,2014,1393.0,0.0,0.5083300000000001,0.711704,BIH,GRC,820750
3809314,39,90,8694,2014,11249.0,0.0,0.671395,1.024683,CAN,GRC,820750
3809315,41,90,8694,2014,75852.0,0.0,2.2000919999999997,0.65398,CHE,GRC,820750
3809316,43,90,8694,2014,575270.0,0.0,1.187557,1.222085,CHN,GRC,820750
3809317,45,90,8694,2014,0.0,1238.0,-0.6723520000000001,-0.945084,CMR,GRC,820750
3809318,58,90,8694,2014,3499.0,76474.0,0.627467,0.483725,CYP,GRC,820750
3809319,59,90,8694,2014,21333.0,0.0,1.8105830000000003,0.131131,CZE,GRC,820750
3809320,61,90,8694,2014,2047137.0,3795.0,2.052849,-2.888805,DEU,GRC,820750
3809321,64,90,8694,2014,3930.0,0.0,1.10869,1.245193,DNK,GRC,820750
3809322,67,90,8694,2014,0.0,1963.0,-1.066865,-1.052921,ECU,GRC,820750
3809323,71,90,8694,2014,531991.0,0.0,0.842147,2.45692,ESP,GRC,820750
3809324,77,90,8694,2014,271225.0,27993.0,1.4817790000000002,0.30995,FRA,GRC,820750
3809325,81,90,8694,2014,140229.0,0.0,1.697964,0.585372,GBR,GRC,820750
3809326,104,90,8694,2014,10747.0,0.0,0.262042,2.6305080000000003,IND,GRC,820750
3809327,110,90,8694,2014,7396.0,8007.0,1.211141,0.64523,ISR,GRC,820750
3809328,111,90,8694,2014,408140.0,0.0,1.340136,0.43931099999999995,ITA,GRC,820750
3809329,114,90,8694,2014,10174.0,0.0,2.403165,-0.635024,JPN,GRC,820750
3809330,121,90,8694,2014,3837.0,0.0,1.817145,0.8394530000000001,KOR,GRC,820750
3809331,130,90,8694,2014,4219.0,0.0,0.764495,1.3451540000000002,LTU,GRC,820750
3809332,132,90,8694,2014,11544.0,0.0,0.613116,1.1899790000000001,LVA,GRC,820750
3809333,136,90,8694,2014,0.0,2410.0,-1.002122,-0.44446,MDG,GRC,820750
3809334,140,90,8694,2014,0.0,2856.0,-0.039799,-0.05545,MKD,GRC,820750
3809335,142,90,8694,2014,0.0,1184.0,0.817013,0.0016309999999999999,MLT,GRC,820750
3809336,159,90,8694,2014,0.0,66919.0,-1.2126430000000001,-1.059697,NGA,GRC,820750
3809337,162,90,8694,2014,81851.0,0.0,1.179325,1.355071,NLD,GRC,820750
3809338,177,90,8694,2014,109615.0,0.0,1.133102,1.177165,POL,GRC,820750
3809339,179,90,8694,2014,1113.0,0.0,0.621053,2.349644,PRT,GRC,820750
3809340,185,90,8694,2014,0.0,2132.0,0.9112,1.188161,ROU,GRC,820750
3809341,188,90,8694,2014,0.0,14513.0,0.5758439999999999,-0.832692,SAU,GRC,820750
3809342,201,90,8694,2014,0.0,11010.0,0.551635,1.211535,SRB,GRC,820750
3809343,206,90,8694,2014,20952.0,0.0,1.334959,0.821253,SVK,GRC,820750
3809344,207,90,8694,2014,3151.0,0.0,1.6558669999999998,0.6814399999999999,SVN,GRC,820750
3809345,208,90,8694,2014,21973.0,0.0,1.817752,0.558474,SWE,GRC,820750
3809346,222,90,8694,2014,0.0,1669.0,-0.57362,-1.117545,TTO,GRC,820750
3809347,224,90,8694,2014,1385.0,3449.0,0.554761,2.385693,TUR,GRC,820750
3809348,226,90,8694,2014,0.0,11336.0,-1.054331,0.166345,TZA,GRC,820750
3809349,231,90,8694,2014,18390.0,62485.0,1.61227,0.068905,USA,GRC,820750
3809350,246,90,8694,2014,4528.0,0.0,0.282927,1.723214,ZAF,GRC,820750
3809351,249,90,8694,2014,23964.0,0.0,1.9044189999999999,1.0595139999999998,TWN,GRC,820750
3809352,250,90,8694,2014,0.0,1058.0,0.506842,0.049545,ANS,GRC,820750
3809353,32,93,8694,2014,47334.0,0.0,0.218223,0.556921,BRA,GTM,820750
3809354,43,93,8694,2014,266244.0,0.0,1.187557,1.222085,CHN,GTM,820750
3809355,52,93,8694,2014,0.0,3279.0,0.065938,-0.687971,CRI,GTM,820750
3809356,61,93,8694,2014,134077.0,0.0,2.052849,-2.888805,DEU,GTM,820750
3809357,71,93,8694,2014,185162.0,0.0,0.842147,2.45692,ESP,GTM,820750
3809358,104,93,8694,2014,10818.0,0.0,0.262042,2.6305080000000003,IND,GTM,820750
3809359,111,93,8694,2014,16718.0,0.0,1.340136,0.43931099999999995,ITA,GTM,820750
3809360,138,93,8694,2014,271551.0,0.0,1.0799729999999998,0.697554,MEX,GTM,820750
3809361,160,93,8694,2014,0.0,27886.0,-0.938269,-0.839066,NIC,GTM,820750
3809362,162,93,8694,2014,747.0,0.0,1.179325,1.355071,NLD,GTM,820750
3809363,169,93,8694,2014,24540.0,61504.0,0.771742,0.9873190000000001,PAN,GTM,820750
3809364,177,93,8694,2014,807.0,0.0,1.133102,1.177165,POL,GTM,820750
3809365,197,93,8694,2014,5598.0,0.0,0.08653999999999999,0.29088600000000003,SLV,GTM,820750
3809366,208,93,8694,2014,39250.0,0.0,1.817752,0.558474,SWE,GTM,820750
3809367,231,93,8694,2014,331384.0,0.0,1.61227,0.068905,USA,GTM,820750
3809368,246,93,8694,2014,1767.0,0.0,0.282927,1.723214,ZAF,GTM,820750
3809369,2,97,8694,2014,0.0,2053.0,-1.8184900000000002,-1.149191,AGO,HKG,820750
3809370,7,97,8694,2014,12521.0,17391.0,0.087775,-0.289459,ARE,HKG,820750
3809371,8,97,8694,2014,0.0,3195.0,0.10691500000000001,0.44860600000000006,ARG,HKG,820750
3809372,14,97,8694,2014,13850.0,79568.0,-0.398273,-0.17128,AUS,HKG,820750
3809373,15,97,8694,2014,65774.0,14955.0,1.7116790000000002,-0.140232,AUT,HKG,820750
3809374,18,97,8694,2014,0.0,1170.0,1.234156,1.226441,BEL,HKG,820750
3809375,22,97,8694,2014,0.0,4475.0,-1.0341879999999999,-0.9614870000000001,BGD,HKG,820750
3809376,28,97,8694,2014,0.0,13132.0,0.874108,0.676231,BLR,HKG,820750
3809377,32,97,8694,2014,0.0,181656.0,0.218223,0.556921,BRA,HKG,820750
3809378,39,97,8694,2014,34708.0,52978.0,0.671395,1.024683,CAN,HKG,820750
3809379,41,97,8694,2014,4667834.0,6472.0,2.2000919999999997,0.65398,CHE,HKG,820750
3809380,42,97,8694,2014,27410.0,2059.0,-0.344671,-0.43380799999999997,CHL,HKG,820750
3809381,43,97,8694,2014,30917406.0,336535.0,1.187557,1.222085,CHN,HKG,820750
3809382,52,97,8694,2014,0.0,2432.0,0.065938,-0.687971,CRI,HKG,820750
3809383,58,97,8694,2014,0.0,7218.0,0.627467,0.483725,CYP,HKG,820750
3809384,59,97,8694,2014,17999.0,3007.0,1.8105830000000003,0.131131,CZE,HKG,820750
3809385,61,97,8694,2014,3704228.0,199565.0,2.052849,-2.888805,DEU,HKG,820750
3809386,64,97,8694,2014,0.0,25883.0,1.10869,1.245193,DNK,HKG,820750
3809387,67,97,8694,2014,7269.0,0.0,-1.066865,-1.052921,ECU,HKG,820750
3809388,68,97,8694,2014,0.0,7155.0,-0.086866,1.7419669999999998,EGY,HKG,820750
3809389,71,97,8694,2014,0.0,4408.0,0.842147,2.45692,ESP,HKG,820750
3809390,74,97,8694,2014,88280.0,2080.0,1.626355,1.002923,FIN,HKG,820750
3809391,77,97,8694,2014,237227.0,51454.0,1.4817790000000002,0.30995,FRA,HKG,820750
3809392,81,97,8694,2014,154953.0,561941.0,1.697964,0.585372,GBR,HKG,820750
3809393,102,97,8694,2014,0.0,34434.0,1.477093,0.812869,HUN,HKG,820750
3809394,103,97,8694,2014,17808.0,187677.0,-0.088032,1.3966459999999998,IDN,HKG,820750
3809395,104,97,8694,2014,303077.0,774223.0,0.262042,2.6305080000000003,IND,HKG,820750
3809396,106,97,8694,2014,0.0,28092.0,1.2658399999999999,0.278546,IRL,HKG,820750
3809397,107,97,8694,2014,0.0,7857.0,-0.361058,-0.312743,IRN,HKG,820750
3809398,108,97,8694,2014,0.0,65437.0,-2.9169,-0.882023,IRQ,HKG,820750
3809399,110,97,8694,2014,93934.0,500404.0,1.211141,0.64523,ISR,HKG,820750
3809400,111,97,8694,2014,47345.0,9345.0,1.340136,0.43931099999999995,ITA,HKG,820750
3809401,112,97,8694,2014,0.0,1894.0,-0.42745299999999997,-0.7750130000000001,JAM,HKG,820750
3809402,114,97,8694,2014,3685939.0,55121.0,2.403165,-0.635024,JPN,HKG,820750
3809403,121,97,8694,2014,1133060.0,175394.0,1.817145,0.8394530000000001,KOR,HKG,820750
3809404,128,97,8694,2014,0.0,5834.0,-0.49366899999999997,0.338686,LKA,HKG,820750
3809405,130,97,8694,2014,0.0,18641.0,0.764495,1.3451540000000002,LTU,HKG,820750
3809406,131,97,8694,2014,5104.0,77030.0,1.243845,1.155474,LUX,HKG,820750
3809407,132,97,8694,2014,0.0,6438.0,0.613116,1.1899790000000001,LVA,HKG,820750
3809408,133,97,8694,2014,72391.0,323957.0,0.704535,0.5856140000000001,MAC,HKG,820750
3809409,136,97,8694,2014,0.0,1666.0,-1.002122,-0.44446,MDG,HKG,820750
3809410,138,97,8694,2014,0.0,31923.0,1.0799729999999998,0.697554,MEX,HKG,820750
3809411,143,97,8694,2014,0.0,4639.0,-1.5332459999999999,-1.145973,MMR,HKG,820750
3809412,153,97,8694,2014,160771.0,23114.0,1.018138,0.774649,MYS,HKG,820750
3809413,155,97,8694,2014,0.0,868.0,-0.428227,-0.5632229999999999,NAM,HKG,820750
3809414,159,97,8694,2014,0.0,858.0,-1.2126430000000001,-1.059697,NGA,HKG,820750
3809415,162,97,8694,2014,1946.0,17027.0,1.179325,1.355071,NLD,HKG,820750
3809416,166,97,8694,2014,0.0,9333.0,0.272502,0.21628699999999998,NZL,HKG,820750
3809417,168,97,8694,2014,0.0,2802.0,-0.672924,0.566787,PAK,HKG,820750
3809418,169,97,8694,2014,0.0,3192.0,0.771742,0.9873190000000001,PAN,HKG,820750
3809419,174,97,8694,2014,0.0,3191.0,0.637442,0.475883,PHL,HKG,820750
3809420,176,97,8694,2014,0.0,12008.0,-1.564904,-1.146255,PNG,HKG,820750
3809421,177,97,8694,2014,0.0,207127.0,1.133102,1.177165,POL,HKG,820750
3809422,180,97,8694,2014,0.0,2928.0,-0.608509,-0.930679,PRY,HKG,820750
3809423,181,97,8694,2014,0.0,2651.0,0.030643,0.601905,PSE,HKG,820750
3809424,182,97,8694,2014,0.0,1177.0,0.008831,-0.6268279999999999,PYF,HKG,820750
3809425,186,97,8694,2014,2037.0,56536.0,0.229422,-0.214856,RUS,HKG,820750
3809426,188,97,8694,2014,0.0,865.0,0.5758439999999999,-0.832692,SAU,HKG,820750
3809427,192,97,8694,2014,1687428.0,214044.0,1.867492,0.626736,SGP,HKG,820750
3809428,208,97,8694,2014,0.0,53719.0,1.817752,0.558474,SWE,HKG,820750
3809429,216,97,8694,2014,13814.0,410470.0,0.977094,1.41283,THA,HKG,820750
3809430,224,97,8694,2014,0.0,3342.0,0.554761,2.385693,TUR,HKG,820750
3809431,226,97,8694,2014,0.0,1169.0,-1.054331,0.166345,TZA,HKG,820750
3809432,227,97,8694,2014,0.0,19189.0,-0.46911800000000003,0.25446599999999997,UGA,HKG,820750
3809433,230,97,8694,2014,0.0,10341.0,0.154034,-0.380899,URY,HKG,820750
3809434,231,97,8694,2014,367197.0,422914.0,1.61227,0.068905,USA,HKG,820750
3809435,239,97,8694,2014,75058.0,67251.0,-0.023765,1.344416,VNM,HKG,820750
3809436,246,97,8694,2014,30150.0,14981.0,0.282927,1.723214,ZAF,HKG,820750
3809437,247,97,8694,2014,0.0,3763.0,-0.664089,-0.793452,ZMB,HKG,820750
3809438,248,97,8694,2014,0.0,2413.0,-0.821369,-0.864232,ZWE,HKG,820750
3809439,249,97,8694,2014,1038915.0,106847.0,1.9044189999999999,1.0595139999999998,TWN,HKG,820750
3809440,15,99,8694,2014,1344.0,0.0,1.7116790000000002,-0.140232,AUT,HND,820750
3809441,32,99,8694,2014,55202.0,0.0,0.218223,0.556921,BRA,HND,820750
3809442,43,99,8694,2014,71606.0,0.0,1.187557,1.222085,CHN,HND,820750
3809443,49,99,8694,2014,1961.0,1340.0,0.19864500000000002,-0.378364,COL,HND,820750
3809444,59,99,8694,2014,1481.0,0.0,1.8105830000000003,0.131131,CZE,HND,820750
3809445,61,99,8694,2014,34054.0,0.0,2.052849,-2.888805,DEU,HND,820750
3809446,65,99,8694,2014,0.0,1323.0,-0.180845,0.508512,DOM,HND,820750
3809447,71,99,8694,2014,7855.0,0.0,0.842147,2.45692,ESP,HND,820750
3809448,77,99,8694,2014,2726.0,0.0,1.4817790000000002,0.30995,FRA,HND,820750
3809449,104,99,8694,2014,17836.0,0.0,0.262042,2.6305080000000003,IND,HND,820750
3809450,111,99,8694,2014,8019.0,0.0,1.340136,0.43931099999999995,ITA,HND,820750
3809451,138,99,8694,2014,155892.0,0.0,1.0799729999999998,0.697554,MEX,HND,820750
3809452,169,99,8694,2014,15184.0,0.0,0.771742,0.9873190000000001,PAN,HND,820750
3809453,197,99,8694,2014,7067.0,0.0,0.08653999999999999,0.29088600000000003,SLV,HND,820750
3809454,231,99,8694,2014,437710.0,0.0,1.61227,0.068905,USA,HND,820750
3809455,249,99,8694,2014,1232.0,0.0,1.9044189999999999,1.0595139999999998,TWN,HND,820750
3809456,2,102,8694,2014,0.0,3191.0,-1.8184900000000002,-1.149191,AGO,HUN,820750
3809457,4,102,8694,2014,0.0,5819.0,-0.476024,-0.33978400000000003,ALB,HUN,820750
3809458,7,102,8694,2014,0.0,1399552.0,0.087775,-0.289459,ARE,HUN,820750
3809459,8,102,8694,2014,0.0,20551.0,0.10691500000000001,0.44860600000000006,ARG,HUN,820750
3809460,9,102,8694,2014,0.0,15455.0,-0.198322,-0.5918680000000001,ARM,HUN,820750
3809461,14,102,8694,2014,0.0,520356.0,-0.398273,-0.17128,AUS,HUN,820750
3809462,15,102,8694,2014,1920991.0,7314746.0,1.7116790000000002,-0.140232,AUT,HUN,820750
3809463,16,102,8694,2014,0.0,88693.0,-0.909508,-1.165158,AZE,HUN,820750
3809464,18,102,8694,2014,382462.0,0.0,1.234156,1.226441,BEL,HUN,820750
3809465,23,102,8694,2014,1705.0,69368.0,0.579058,1.6558110000000001,BGR,HUN,820750
3809466,24,102,8694,2014,0.0,22524.0,0.460168,-0.41671099999999994,BHR,HUN,820750
3809467,26,102,8694,2014,0.0,1934.0,0.5083300000000001,0.711704,BIH,HUN,820750
3809468,28,102,8694,2014,0.0,1478.0,0.874108,0.676231,BLR,HUN,820750
3809469,31,102,8694,2014,0.0,1954.0,-1.129494,-1.030198,BOL,HUN,820750
3809470,32,102,8694,2014,0.0,81182.0,0.218223,0.556921,BRA,HUN,820750
3809471,39,102,8694,2014,0.0,273076.0,0.671395,1.024683,CAN,HUN,820750
3809472,41,102,8694,2014,4263091.0,14931853.0,2.2000919999999997,0.65398,CHE,HUN,820750
3809473,42,102,8694,2014,0.0,13703.0,-0.344671,-0.43380799999999997,CHL,HUN,820750
3809474,43,102,8694,2014,2720407.0,134811.0,1.187557,1.222085,CHN,HUN,820750
3809475,44,102,8694,2014,0.0,24168.0,-0.737625,-0.768728,CIV,HUN,820750
3809476,47,102,8694,2014,0.0,1668.0,-1.371624,-1.12468,COG,HUN,820750
3809477,59,102,8694,2014,743475.0,190576.0,1.8105830000000003,0.131131,CZE,HUN,820750
3809478,61,102,8694,2014,21573468.0,21625032.0,2.052849,-2.888805,DEU,HUN,820750
3809479,64,102,8694,2014,527905.0,0.0,1.10869,1.245193,DNK,HUN,820750
3809480,66,102,8694,2014,0.0,30197.0,-1.5554649999999999,-1.1657030000000002,DZA,HUN,820750
3809481,67,102,8694,2014,0.0,1118.0,-1.066865,-1.052921,ECU,HUN,820750
3809482,71,102,8694,2014,455348.0,622887.0,0.842147,2.45692,ESP,HUN,820750
3809483,72,102,8694,2014,0.0,16296.0,0.9147780000000001,1.151556,EST,HUN,820750
3809484,73,102,8694,2014,0.0,5950.0,-1.296535,-1.045942,ETH,HUN,820750
3809485,74,102,8694,2014,0.0,77647.0,1.626355,1.002923,FIN,HUN,820750
3809486,77,102,8694,2014,1812415.0,2751292.0,1.4817790000000002,0.30995,FRA,HUN,820750
3809487,81,102,8694,2014,118619.0,10324.0,1.697964,0.585372,GBR,HUN,820750
3809488,97,102,8694,2014,34434.0,0.0,0.812132,1.722493,HKG,HUN,820750
3809489,100,102,8694,2014,0.0,475784.0,0.804401,1.250807,HRV,HUN,820750
3809490,103,102,8694,2014,0.0,31029.0,-0.088032,1.3966459999999998,IDN,HUN,820750
3809491,104,102,8694,2014,5066.0,0.0,0.262042,2.6305080000000003,IND,HUN,820750
3809492,106,102,8694,2014,0.0,8201.0,1.2658399999999999,0.278546,IRL,HUN,820750
3809493,108,102,8694,2014,0.0,29611.0,-2.9169,-0.882023,IRQ,HUN,820750
3809494,109,102,8694,2014,0.0,3829.0,0.127891,-0.302014,ISL,HUN,820750
3809495,110,102,8694,2014,17915.0,50604.0,1.211141,0.64523,ISR,HUN,820750
3809496,111,102,8694,2014,453098.0,65468.0,1.340136,0.43931099999999995,ITA,HUN,820750
3809497,113,102,8694,2014,0.0,19438.0,0.210208,0.48732299999999995,JOR,HUN,820750
3809498,114,102,8694,2014,327526.0,788546.0,2.403165,-0.635024,JPN,HUN,820750
3809499,115,102,8694,2014,0.0,6548.0,-0.210431,-0.574075,KAZ,HUN,820750
3809500,117,102,8694,2014,0.0,4770.0,-0.31942600000000004,-0.012454,KGZ,HUN,820750
3809501,121,102,8694,2014,54845.0,137769.0,1.817145,0.8394530000000001,KOR,HUN,820750
3809502,122,102,8694,2014,0.0,77967.0,-0.769616,-1.10667,KWT,HUN,820750
3809503,124,102,8694,2014,0.0,2806.0,0.308677,1.7564490000000001,LBN,HUN,820750
3809504,131,102,8694,2014,0.0,72127.0,1.243845,1.155474,LUX,HUN,820750
3809505,132,102,8694,2014,0.0,101313.0,0.613116,1.1899790000000001,LVA,HUN,820750
3809506,134,102,8694,2014,0.0,9376.0,-0.574034,0.065788,MAR,HUN,820750
3809507,135,102,8694,2014,0.0,955.0,-0.10438199999999999,-0.093194,MDA,HUN,820750
3809508,138,102,8694,2014,0.0,463306.0,1.0799729999999998,0.697554,MEX,HUN,820750
3809509,140,102,8694,2014,0.0,4177.0,-0.039799,-0.05545,MKD,HUN,820750
3809510,144,102,8694,2014,0.0,20207.0,-0.17039100000000001,-0.21762399999999998,MNE,HUN,820750
3809511,151,102,8694,2014,0.0,7602.0,-0.029891,-0.12431099999999999,MUS,HUN,820750
3809512,153,102,8694,2014,0.0,15991.0,1.018138,0.774649,MYS,HUN,820750
3809513,156,102,8694,2014,0.0,12434.0,-0.509789,-0.767484,NCL,HUN,820750
3809514,162,102,8694,2014,1999619.0,25699.0,1.179325,1.355071,NLD,HUN,820750
3809515,163,102,8694,2014,0.0,403252.0,0.9187049999999999,0.182685,NOR,HUN,820750
3809516,164,102,8694,2014,0.0,1154.0,-0.11988199999999999,0.655883,NPL,HUN,820750
3809517,166,102,8694,2014,0.0,87909.0,0.272502,0.21628699999999998,NZL,HUN,820750
3809518,168,102,8694,2014,0.0,23628.0,-0.672924,0.566787,PAK,HUN,820750
3809519,173,102,8694,2014,0.0,6876.0,-0.557833,0.611826,PER,HUN,820750
3809520,174,102,8694,2014,0.0,2905.0,0.637442,0.475883,PHL,HUN,820750
3809521,177,102,8694,2014,615013.0,409748.0,1.133102,1.177165,POL,HUN,820750
3809522,179,102,8694,2014,224673.0,0.0,0.621053,2.349644,PRT,HUN,820750
3809523,183,102,8694,2014,0.0,284271.0,-0.37535599999999997,-1.0196370000000001,QAT,HUN,820750
3809524,185,102,8694,2014,201259.0,532040.0,0.9112,1.188161,ROU,HUN,820750
3809525,186,102,8694,2014,0.0,1535213.0,0.229422,-0.214856,RUS,HUN,820750
3809526,188,102,8694,2014,0.0,1255228.0,0.5758439999999999,-0.832692,SAU,HUN,820750
3809527,191,102,8694,2014,0.0,5796.0,-0.502607,-0.08866,SEN,HUN,820750
3809528,192,102,8694,2014,0.0,83754.0,1.867492,0.626736,SGP,HUN,820750
3809529,197,102,8694,2014,0.0,958.0,0.08653999999999999,0.29088600000000003,SLV,HUN,820750
3809530,201,102,8694,2014,4257.0,444171.0,0.551635,1.211535,SRB,HUN,820750
3809531,206,102,8694,2014,95197.0,159699.0,1.334959,0.821253,SVK,HUN,820750
3809532,207,102,8694,2014,11852.0,405009.0,1.6558669999999998,0.6814399999999999,SVN,HUN,820750
3809533,208,102,8694,2014,2459.0,37917.0,1.817752,0.558474,SWE,HUN,820750
3809534,211,102,8694,2014,0.0,7889.0,0.358111,-0.484879,SYC,HUN,820750
3809535,216,102,8694,2014,0.0,86952.0,0.977094,1.41283,THA,HUN,820750
3809536,223,102,8694,2014,0.0,3225.0,0.343449,1.118007,TUN,HUN,820750
3809537,224,102,8694,2014,2692.0,100040.0,0.554761,2.385693,TUR,HUN,820750
3809538,226,102,8694,2014,0.0,8146.0,-1.054331,0.166345,TZA,HUN,820750
3809539,228,102,8694,2014,24788.0,77327.0,0.566535,0.832267,UKR,HUN,820750
3809540,231,102,8694,2014,5236.0,2853905.0,1.61227,0.068905,USA,HUN,820750
3809541,239,102,8694,2014,0.0,1152.0,-0.023765,1.344416,VNM,HUN,820750
3809542,246,102,8694,2014,0.0,371520.0,0.282927,1.723214,ZAF,HUN,820750
3809543,249,102,8694,2014,4980.0,35306.0,1.9044189999999999,1.0595139999999998,TWN,HUN,820750
3809544,7,103,8694,2014,4910.0,0.0,0.087775,-0.289459,ARE,IDN,820750
3809545,14,103,8694,2014,233535.0,1203798.0,-0.398273,-0.17128,AUS,IDN,820750
3809546,15,103,8694,2014,89611.0,1064.0,1.7116790000000002,-0.140232,AUT,IDN,820750
3809547,18,103,8694,2014,6132.0,0.0,1.234156,1.226441,BEL,IDN,820750
3809548,23,103,8694,2014,11619.0,0.0,0.579058,1.6558110000000001,BGR,IDN,820750
3809549,32,103,8694,2014,43931.0,0.0,0.218223,0.556921,BRA,IDN,820750
3809550,34,103,8694,2014,81805.0,0.0,0.191357,-0.683567,BRN,IDN,820750
3809551,39,103,8694,2014,14148.0,0.0,0.671395,1.024683,CAN,IDN,820750
3809552,41,103,8694,2014,91113.0,0.0,2.2000919999999997,0.65398,CHE,IDN,820750
3809553,43,103,8694,2014,9061459.0,10429.0,1.187557,1.222085,CHN,IDN,820750
3809554,59,103,8694,2014,167410.0,864.0,1.8105830000000003,0.131131,CZE,IDN,820750
3809555,61,103,8694,2014,1164755.0,82866.0,2.052849,-2.888805,DEU,IDN,820750
3809556,71,103,8694,2014,6686.0,0.0,0.842147,2.45692,ESP,IDN,820750
3809557,75,103,8694,2014,0.0,9386.0,-0.306346,-0.07688500000000001,FJI,IDN,820750
3809558,77,103,8694,2014,173568.0,7817.0,1.4817790000000002,0.30995,FRA,IDN,820750
3809559,81,103,8694,2014,502154.0,0.0,1.697964,0.585372,GBR,IDN,820750
3809560,97,103,8694,2014,187677.0,17808.0,0.812132,1.722493,HKG,IDN,820750
3809561,102,103,8694,2014,31029.0,0.0,1.477093,0.812869,HUN,IDN,820750
3809562,104,103,8694,2014,9615.0,506725.0,0.262042,2.6305080000000003,IND,IDN,820750
3809563,110,103,8694,2014,70763.0,0.0,1.211141,0.64523,ISR,IDN,820750
3809564,111,103,8694,2014,81285.0,0.0,1.340136,0.43931099999999995,ITA,IDN,820750
3809565,114,103,8694,2014,5031580.0,323660.0,2.403165,-0.635024,JPN,IDN,820750
3809566,121,103,8694,2014,1014930.0,1874.0,1.817145,0.8394530000000001,KOR,IDN,820750
3809567,128,103,8694,2014,0.0,1031.0,-0.49366899999999997,0.338686,LKA,IDN,820750
3809568,138,103,8694,2014,15902.0,2842.0,1.0799729999999998,0.697554,MEX,IDN,820750
3809569,143,103,8694,2014,0.0,3348.0,-1.5332459999999999,-1.145973,MMR,IDN,820750
3809570,153,103,8694,2014,159226.0,135857.0,1.018138,0.774649,MYS,IDN,820750
3809571,162,103,8694,2014,43815.0,88291.0,1.179325,1.355071,NLD,IDN,820750
3809572,163,103,8694,2014,1185.0,1505.0,0.9187049999999999,0.182685,NOR,IDN,820750
3809573,166,103,8694,2014,0.0,3058.0,0.272502,0.21628699999999998,NZL,IDN,820750
3809574,168,103,8694,2014,0.0,26530.0,-0.672924,0.566787,PAK,IDN,820750
3809575,174,103,8694,2014,0.0,71543.0,0.637442,0.475883,PHL,IDN,820750
3809576,177,103,8694,2014,0.0,10913.0,1.133102,1.177165,POL,IDN,820750
3809577,183,103,8694,2014,0.0,4733.0,-0.37535599999999997,-1.0196370000000001,QAT,IDN,820750
3809578,186,103,8694,2014,0.0,4920.0,0.229422,-0.214856,RUS,IDN,820750
3809579,192,103,8694,2014,9448735.0,127168.0,1.867492,0.626736,SGP,IDN,820750
3809580,208,103,8694,2014,20884.0,0.0,1.817752,0.558474,SWE,IDN,820750
3809581,216,103,8694,2014,26912.0,67006.0,0.977094,1.41283,THA,IDN,820750
3809582,220,103,8694,2014,0.0,7853.0,-1.365212,-0.896716,TLS,IDN,820750
3809583,224,103,8694,2014,0.0,47195.0,0.554761,2.385693,TUR,IDN,820750
3809584,231,103,8694,2014,90794.0,3897.0,1.61227,0.068905,USA,IDN,820750
3809585,239,103,8694,2014,2663.0,41242.0,-0.023765,1.344416,VNM,IDN,820750
3809586,249,103,8694,2014,177408.0,4845.0,1.9044189999999999,1.0595139999999998,TWN,IDN,820750
3809587,2,104,8694,2014,0.0,7626.0,-1.8184900000000002,-1.149191,AGO,IND,820750
3809588,7,104,8694,2014,2970488.0,881749.0,0.087775,-0.289459,ARE,IND,820750
3809589,14,104,8694,2014,12338.0,108482.0,-0.398273,-0.17128,AUS,IND,820750
3809590,15,104,8694,2014,232775.0,12173.0,1.7116790000000002,-0.140232,AUT,IND,820750
3809591,16,104,8694,2014,0.0,1948.0,-0.909508,-1.165158,AZE,IND,820750
3809592,18,104,8694,2014,47065.0,840688.0,1.234156,1.226441,BEL,IND,820750
3809593,21,104,8694,2014,0.0,4034.0,-0.922401,-0.9554379999999999,BFA,IND,820750
3809594,22,104,8694,2014,0.0,90898.0,-1.0341879999999999,-0.9614870000000001,BGD,IND,820750
3809595,23,104,8694,2014,0.0,6664.0,0.579058,1.6558110000000001,BGR,IND,820750
3809596,24,104,8694,2014,0.0,6604.0,0.460168,-0.41671099999999994,BHR,IND,820750
3809597,26,104,8694,2014,0.0,430.0,0.5083300000000001,0.711704,BIH,IND,820750
3809598,32,104,8694,2014,8381.0,128839.0,0.218223,0.556921,BRA,IND,820750
3809599,34,104,8694,2014,4559.0,1409.0,0.191357,-0.683567,BRN,IND,820750
3809600,35,104,8694,2014,0.0,2573.0,-0.24597199999999997,-0.758838,BTN,IND,820750
3809601,37,104,8694,2014,0.0,1840.0,-0.60221,-1.104578,BWA,IND,820750
3809602,39,104,8694,2014,60611.0,311125.0,0.671395,1.024683,CAN,IND,820750
3809603,41,104,8694,2014,760491.0,148917.0,2.2000919999999997,0.65398,CHE,IND,820750
3809604,42,104,8694,2014,0.0,70122.0,-0.344671,-0.43380799999999997,CHL,IND,820750
3809605,43,104,8694,2014,12202754.0,1370301.0,1.187557,1.222085,CHN,IND,820750
3809606,44,104,8694,2014,0.0,2164.0,-0.737625,-0.768728,CIV,IND,820750
3809607,45,104,8694,2014,0.0,1741.0,-0.6723520000000001,-0.945084,CMR,IND,820750
3809608,46,104,8694,2014,0.0,4128.0,-1.6680240000000002,-1.1265129999999999,COD,IND,820750
3809609,49,104,8694,2014,0.0,9525.0,0.19864500000000002,-0.378364,COL,IND,820750
3809610,52,104,8694,2014,0.0,1778.0,0.065938,-0.687971,CRI,IND,820750
3809611,58,104,8694,2014,0.0,1461.0,0.627467,0.483725,CYP,IND,820750
3809612,59,104,8694,2014,111649.0,2839.0,1.8105830000000003,0.131131,CZE,IND,820750
3809613,61,104,8694,2014,9573629.0,4463920.0,2.052849,-2.888805,DEU,IND,820750
3809614,64,104,8694,2014,4964.0,0.0,1.10869,1.245193,DNK,IND,820750
3809615,66,104,8694,2014,0.0,7976.0,-1.5554649999999999,-1.1657030000000002,DZA,IND,820750
3809616,67,104,8694,2014,0.0,4321.0,-1.066865,-1.052921,ECU,IND,820750
3809617,68,104,8694,2014,0.0,42280.0,-0.086866,1.7419669999999998,EGY,IND,820750
3809618,71,104,8694,2014,53120.0,43023.0,0.842147,2.45692,ESP,IND,820750
3809619,72,104,8694,2014,0.0,4912.0,0.9147780000000001,1.151556,EST,IND,820750
3809620,73,104,8694,2014,0.0,21839.0,-1.296535,-1.045942,ETH,IND,820750
3809621,74,104,8694,2014,0.0,39955.0,1.626355,1.002923,FIN,IND,820750
3809622,77,104,8694,2014,186817.0,47489.0,1.4817790000000002,0.30995,FRA,IND,820750
3809623,81,104,8694,2014,671996.0,1050635.0,1.697964,0.585372,GBR,IND,820750
3809624,83,104,8694,2014,0.0,6034.0,-1.130226,-0.9909379999999999,GHA,IND,820750
3809625,85,104,8694,2014,0.0,1554.0,-1.628409,-1.202473,GIN,IND,820750
3809626,90,104,8694,2014,0.0,10747.0,0.149337,0.8560540000000001,GRC,IND,820750
3809627,93,104,8694,2014,0.0,10818.0,-0.36547199999999996,0.548894,GTM,IND,820750
3809628,97,104,8694,2014,774223.0,303077.0,0.812132,1.722493,HKG,IND,820750
3809629,99,104,8694,2014,0.0,17836.0,-0.467004,0.045511,HND,IND,820750
3809630,102,104,8694,2014,0.0,5066.0,1.477093,0.812869,HUN,IND,820750
3809631,103,104,8694,2014,506725.0,9615.0,-0.088032,1.3966459999999998,IDN,IND,820750
3809632,107,104,8694,2014,0.0,2631.0,-0.361058,-0.312743,IRN,IND,820750
3809633,110,104,8694,2014,20957.0,4961.0,1.211141,0.64523,ISR,IND,820750
3809634,111,104,8694,2014,343473.0,236038.0,1.340136,0.43931099999999995,ITA,IND,820750
3809635,114,104,8694,2014,2740408.0,365455.0,2.403165,-0.635024,JPN,IND,820750
3809636,115,104,8694,2014,0.0,67446.0,-0.210431,-0.574075,KAZ,IND,820750
3809637,116,104,8694,2014,0.0,111546.0,-0.487058,0.307288,KEN,IND,820750
3809638,118,104,8694,2014,0.0,5531.0,-0.84072,-0.8307040000000001,KHM,IND,820750
3809639,121,104,8694,2014,1645339.0,41198.0,1.817145,0.8394530000000001,KOR,IND,820750
3809640,122,104,8694,2014,0.0,2237.0,-0.769616,-1.10667,KWT,IND,820750
3809641,124,104,8694,2014,0.0,4341.0,0.308677,1.7564490000000001,LBN,IND,820750
3809642,128,104,8694,2014,0.0,44711.0,-0.49366899999999997,0.338686,LKA,IND,820750
3809643,131,104,8694,2014,15847.0,0.0,1.243845,1.155474,LUX,IND,820750
3809644,132,104,8694,2014,0.0,3770.0,0.613116,1.1899790000000001,LVA,IND,820750
3809645,137,104,8694,2014,0.0,3610.0,-0.43265299999999995,-0.82696,MDV,IND,820750
3809646,138,104,8694,2014,16850.0,98790.0,1.0799729999999998,0.697554,MEX,IND,820750
3809647,140,104,8694,2014,0.0,7967.0,-0.039799,-0.05545,MKD,IND,820750
3809648,141,104,8694,2014,0.0,2723.0,-1.199063,-1.05497,MLI,IND,820750
3809649,143,104,8694,2014,0.0,5869.0,-1.5332459999999999,-1.145973,MMR,IND,820750
3809650,147,104,8694,2014,0.0,8890.0,-1.1993610000000001,-1.040181,MOZ,IND,820750
3809651,151,104,8694,2014,0.0,2597.0,-0.029891,-0.12431099999999999,MUS,IND,820750
3809652,152,104,8694,2014,0.0,8739.0,-0.494204,-0.751903,MWI,IND,820750
3809653,153,104,8694,2014,45139.0,271833.0,1.018138,0.774649,MYS,IND,820750
3809654,155,104,8694,2014,0.0,5580.0,-0.428227,-0.5632229999999999,NAM,IND,820750
3809655,159,104,8694,2014,0.0,131814.0,-1.2126430000000001,-1.059697,NGA,IND,820750
3809656,160,104,8694,2014,0.0,11274.0,-0.938269,-0.839066,NIC,IND,820750
3809657,162,104,8694,2014,85135.0,537254.0,1.179325,1.355071,NLD,IND,820750
3809658,164,104,8694,2014,0.0,17489.0,-0.11988199999999999,0.655883,NPL,IND,820750
3809659,166,104,8694,2014,0.0,16380.0,0.272502,0.21628699999999998,NZL,IND,820750
3809660,167,104,8694,2014,0.0,32048.0,-0.505129,-1.0051370000000002,OMN,IND,820750
3809661,168,104,8694,2014,0.0,2302.0,-0.672924,0.566787,PAK,IND,820750
3809662,169,104,8694,2014,0.0,92739.0,0.771742,0.9873190000000001,PAN,IND,820750
3809663,174,104,8694,2014,0.0,10950.0,0.637442,0.475883,PHL,IND,820750
3809664,177,104,8694,2014,3374.0,132500.0,1.133102,1.177165,POL,IND,820750
3809665,178,104,8694,2014,0.0,256929.0,-0.23883000000000001,-0.009727,PRK,IND,820750
3809666,179,104,8694,2014,0.0,1109.0,0.621053,2.349644,PRT,IND,820750
3809667,180,104,8694,2014,0.0,1478.0,-0.608509,-0.930679,PRY,IND,820750
3809668,183,104,8694,2014,0.0,33295.0,-0.37535599999999997,-1.0196370000000001,QAT,IND,820750
3809669,185,104,8694,2014,0.0,4144.0,0.9112,1.188161,ROU,IND,820750
3809670,186,104,8694,2014,34222.0,173520.0,0.229422,-0.214856,RUS,IND,820750
3809671,187,104,8694,2014,0.0,2527.0,-0.5692659999999999,-0.447859,RWA,IND,820750
3809672,188,104,8694,2014,0.0,178262.0,0.5758439999999999,-0.832692,SAU,IND,820750
3809673,190,104,8694,2014,0.0,6295.0,-1.442381,-1.1155030000000001,SDN,IND,820750
3809674,191,104,8694,2014,0.0,1838.0,-0.502607,-0.08866,SEN,IND,820750
3809675,192,104,8694,2014,645651.0,520566.0,1.867492,0.626736,SGP,IND,820750
3809676,196,104,8694,2014,0.0,2302.0,-0.9228569999999999,-0.791482,SLE,IND,820750
3809677,197,104,8694,2014,0.0,25078.0,0.08653999999999999,0.29088600000000003,SLV,IND,820750
3809678,201,104,8694,2014,0.0,2897.0,0.551635,1.211535,SRB,IND,820750
3809679,206,104,8694,2014,0.0,13617.0,1.334959,0.821253,SVK,IND,820750
3809680,207,104,8694,2014,7762.0,1576.0,1.6558669999999998,0.6814399999999999,SVN,IND,820750
3809681,208,104,8694,2014,95890.0,9596.0,1.817752,0.558474,SWE,IND,820750
3809682,215,104,8694,2014,0.0,1926.0,-0.524103,-0.537643,TGO,IND,820750
3809683,216,104,8694,2014,310855.0,210328.0,0.977094,1.41283,THA,IND,820750
3809684,223,104,8694,2014,0.0,1000.0,0.343449,1.118007,TUN,IND,820750
3809685,224,104,8694,2014,9035.0,468145.0,0.554761,2.385693,TUR,IND,820750
3809686,226,104,8694,2014,0.0,2284.0,-1.054331,0.166345,TZA,IND,820750
3809687,227,104,8694,2014,0.0,33414.0,-0.46911800000000003,0.25446599999999997,UGA,IND,820750
3809688,228,104,8694,2014,0.0,39895.0,0.566535,0.832267,UKR,IND,820750
3809689,231,104,8694,2014,1550318.0,5263098.0,1.61227,0.068905,USA,IND,820750
3809690,239,104,8694,2014,0.0,7701.0,-0.023765,1.344416,VNM,IND,820750
3809691,243,104,8694,2014,0.0,1438.0,-1.2829190000000001,-1.227373,YEM,IND,820750
3809692,246,104,8694,2014,2187.0,629255.0,0.282927,1.723214,ZAF,IND,820750
3809693,247,104,8694,2014,8598.0,42003.0,-0.664089,-0.793452,ZMB,IND,820750
3809694,248,104,8694,2014,0.0,5129.0,-0.821369,-0.864232,ZWE,IND,820750
3809695,249,104,8694,2014,71381.0,102465.0,1.9044189999999999,1.0595139999999998,TWN,IND,820750
3809696,7,106,8694,2014,0.0,3301.0,0.087775,-0.289459,ARE,IRL,820750
3809697,14,106,8694,2014,4278.0,5631.0,-0.398273,-0.17128,AUS,IRL,820750
3809698,15,106,8694,2014,46252.0,2134.0,1.7116790000000002,-0.140232,AUT,IRL,820750
3809699,18,106,8694,2014,19840.0,0.0,1.234156,1.226441,BEL,IRL,820750
3809700,21,106,8694,2014,0.0,11086.0,-0.922401,-0.9554379999999999,BFA,IRL,820750
3809701,23,106,8694,2014,50792.0,0.0,0.579058,1.6558110000000001,BGR,IRL,820750
3809702,32,106,8694,2014,1901.0,0.0,0.218223,0.556921,BRA,IRL,820750
3809703,34,106,8694,2014,0.0,904.0,0.191357,-0.683567,BRN,IRL,820750
3809704,39,106,8694,2014,15821.0,50424.0,0.671395,1.024683,CAN,IRL,820750
3809705,41,106,8694,2014,51000.0,4011.0,2.2000919999999997,0.65398,CHE,IRL,820750
3809706,43,106,8694,2014,295647.0,192379.0,1.187557,1.222085,CHN,IRL,820750
3809707,47,106,8694,2014,0.0,10560.0,-1.371624,-1.12468,COG,IRL,820750
3809708,61,106,8694,2014,2117786.0,62745.0,2.052849,-2.888805,DEU,IRL,820750
3809709,64,106,8694,2014,6351.0,0.0,1.10869,1.245193,DNK,IRL,820750
3809710,65,106,8694,2014,6115.0,0.0,-0.180845,0.508512,DOM,IRL,820750
3809711,71,106,8694,2014,50442.0,30429.0,0.842147,2.45692,ESP,IRL,820750
3809712,77,106,8694,2014,40176.0,10795.0,1.4817790000000002,0.30995,FRA,IRL,820750
3809713,81,106,8694,2014,5517800.0,442711.0,1.697964,0.585372,GBR,IRL,820750
3809714,97,106,8694,2014,28092.0,0.0,0.812132,1.722493,HKG,IRL,820750
3809715,102,106,8694,2014,8201.0,0.0,1.477093,0.812869,HUN,IRL,820750
3809716,110,106,8694,2014,20039.0,8829.0,1.211141,0.64523,ISR,IRL,820750
3809717,111,106,8694,2014,276843.0,82426.0,1.340136,0.43931099999999995,ITA,IRL,820750
3809718,114,106,8694,2014,6855.0,93174.0,2.403165,-0.635024,JPN,IRL,820750
3809719,121,106,8694,2014,1309.0,12812.0,1.817145,0.8394530000000001,KOR,IRL,820750
3809720,138,106,8694,2014,0.0,4065.0,1.0799729999999998,0.697554,MEX,IRL,820750
3809721,151,106,8694,2014,0.0,3494.0,-0.029891,-0.12431099999999999,MUS,IRL,820750
3809722,153,106,8694,2014,4762.0,0.0,1.018138,0.774649,MYS,IRL,820750
3809723,162,106,8694,2014,395025.0,17762.0,1.179325,1.355071,NLD,IRL,820750
3809724,163,106,8694,2014,1362.0,4217.0,0.9187049999999999,0.182685,NOR,IRL,820750
3809725,166,106,8694,2014,0.0,3936.0,0.272502,0.21628699999999998,NZL,IRL,820750
3809726,169,106,8694,2014,4260.0,0.0,0.771742,0.9873190000000001,PAN,IRL,820750
3809727,173,106,8694,2014,2323.0,0.0,-0.557833,0.611826,PER,IRL,820750
3809728,177,106,8694,2014,7469.0,0.0,1.133102,1.177165,POL,IRL,820750
3809729,179,106,8694,2014,14191.0,0.0,0.621053,2.349644,PRT,IRL,820750
3809730,183,106,8694,2014,0.0,3077.0,-0.37535599999999997,-1.0196370000000001,QAT,IRL,820750
3809731,192,106,8694,2014,0.0,2544.0,1.867492,0.626736,SGP,IRL,820750
3809732,196,106,8694,2014,0.0,1699.0,-0.9228569999999999,-0.791482,SLE,IRL,820750
3809733,201,106,8694,2014,0.0,40836.0,0.551635,1.211535,SRB,IRL,820750
3809734,206,106,8694,2014,77640.0,0.0,1.334959,0.821253,SVK,IRL,820750
3809735,207,106,8694,2014,11664.0,0.0,1.6558669999999998,0.6814399999999999,SVN,IRL,820750
3809736,208,106,8694,2014,27919.0,19271.0,1.817752,0.558474,SWE,IRL,820750
3809737,224,106,8694,2014,2062.0,1953.0,0.554761,2.385693,TUR,IRL,820750
3809738,231,106,8694,2014,330505.0,6473296.0,1.61227,0.068905,USA,IRL,820750
3809739,239,106,8694,2014,0.0,2696.0,-0.023765,1.344416,VNM,IRL,820750
3809740,246,106,8694,2014,73829.0,2759.0,0.282927,1.723214,ZAF,IRL,820750
3809741,248,106,8694,2014,0.0,694.0,-0.821369,-0.864232,ZWE,IRL,820750
3809742,249,106,8694,2014,3252.0,0.0,1.9044189999999999,1.0595139999999998,TWN,IRL,820750
3809743,250,106,8694,2014,240093.0,252612.0,0.506842,0.049545,ANS,IRL,820750
3809744,2,110,8694,2014,0.0,4791.0,-1.8184900000000002,-1.149191,AGO,ISR,820750
3809745,8,110,8694,2014,0.0,11219.0,0.10691500000000001,0.44860600000000006,ARG,ISR,820750
3809746,14,110,8694,2014,77115.0,12616.0,-0.398273,-0.17128,AUS,ISR,820750
3809747,15,110,8694,2014,800502.0,60240.0,1.7116790000000002,-0.140232,AUT,ISR,820750
3809748,18,110,8694,2014,75424.0,319967.0,1.234156,1.226441,BEL,ISR,820750
3809749,23,110,8694,2014,2339.0,16638.0,0.579058,1.6558110000000001,BGR,ISR,820750
3809750,26,110,8694,2014,0.0,14418.0,0.5083300000000001,0.711704,BIH,ISR,820750
3809751,28,110,8694,2014,0.0,122208.0,0.874108,0.676231,BLR,ISR,820750
3809752,32,110,8694,2014,5853.0,149505.0,0.218223,0.556921,BRA,ISR,820750
3809753,39,110,8694,2014,5572.0,57928.0,0.671395,1.024683,CAN,ISR,820750
3809754,41,110,8694,2014,252886.0,28868.0,2.2000919999999997,0.65398,CHE,ISR,820750
3809755,42,110,8694,2014,0.0,20668.0,-0.344671,-0.43380799999999997,CHL,ISR,820750
3809756,43,110,8694,2014,2270352.0,164426.0,1.187557,1.222085,CHN,ISR,820750
3809757,47,110,8694,2014,0.0,276667.0,-1.371624,-1.12468,COG,ISR,820750
3809758,52,110,8694,2014,0.0,15700.0,0.065938,-0.687971,CRI,ISR,820750
3809759,58,110,8694,2014,0.0,4160.0,0.627467,0.483725,CYP,ISR,820750
3809760,59,110,8694,2014,0.0,57839.0,1.8105830000000003,0.131131,CZE,ISR,820750
3809761,61,110,8694,2014,3442784.0,1012836.0,2.052849,-2.888805,DEU,ISR,820750
3809762,64,110,8694,2014,0.0,15012.0,1.10869,1.245193,DNK,ISR,820750
3809763,71,110,8694,2014,5584.0,6670.0,0.842147,2.45692,ESP,ISR,820750
3809764,74,110,8694,2014,8158.0,13973.0,1.626355,1.002923,FIN,ISR,820750
3809765,77,110,8694,2014,354390.0,98651.0,1.4817790000000002,0.30995,FRA,ISR,820750
3809766,81,110,8694,2014,906964.0,138133.0,1.697964,0.585372,GBR,ISR,820750
3809767,82,110,8694,2014,0.0,7821.0,-0.254106,-0.646584,GEO,ISR,820750
3809768,83,110,8694,2014,0.0,2000.0,-1.130226,-0.9909379999999999,GHA,ISR,820750
3809769,90,110,8694,2014,8007.0,7396.0,0.149337,0.8560540000000001,GRC,ISR,820750
3809770,97,110,8694,2014,500404.0,93934.0,0.812132,1.722493,HKG,ISR,820750
3809771,100,110,8694,2014,0.0,1360.0,0.804401,1.250807,HRV,ISR,820750
3809772,102,110,8694,2014,50604.0,17915.0,1.477093,0.812869,HUN,ISR,820750
3809773,103,110,8694,2014,0.0,70763.0,-0.088032,1.3966459999999998,IDN,ISR,820750
3809774,104,110,8694,2014,4961.0,20957.0,0.262042,2.6305080000000003,IND,ISR,820750
3809775,106,110,8694,2014,8829.0,20039.0,1.2658399999999999,0.278546,IRL,ISR,820750
3809776,109,110,8694,2014,0.0,886.0,0.127891,-0.302014,ISL,ISR,820750
3809777,111,110,8694,2014,345443.0,354272.0,1.340136,0.43931099999999995,ITA,ISR,820750
3809778,114,110,8694,2014,241865.0,119078.0,2.403165,-0.635024,JPN,ISR,820750
3809779,115,110,8694,2014,0.0,11999.0,-0.210431,-0.574075,KAZ,ISR,820750
3809780,121,110,8694,2014,2978193.0,109434.0,1.817145,0.8394530000000001,KOR,ISR,820750
3809781,130,110,8694,2014,0.0,5184.0,0.764495,1.3451540000000002,LTU,ISR,820750
3809782,132,110,8694,2014,0.0,30811.0,0.613116,1.1899790000000001,LVA,ISR,820750
3809783,133,110,8694,2014,19201.0,0.0,0.704535,0.5856140000000001,MAC,ISR,820750
3809784,138,110,8694,2014,1259.0,114496.0,1.0799729999999998,0.697554,MEX,ISR,820750
3809785,151,110,8694,2014,0.0,3529.0,-0.029891,-0.12431099999999999,MUS,ISR,820750
3809786,159,110,8694,2014,0.0,23329.0,-1.2126430000000001,-1.059697,NGA,ISR,820750
3809787,162,110,8694,2014,280313.0,30900.0,1.179325,1.355071,NLD,ISR,820750
3809788,163,110,8694,2014,0.0,26101.0,0.9187049999999999,0.182685,NOR,ISR,820750
3809789,166,110,8694,2014,0.0,18506.0,0.272502,0.21628699999999998,NZL,ISR,820750
3809790,173,110,8694,2014,0.0,5385.0,-0.557833,0.611826,PER,ISR,820750
3809791,174,110,8694,2014,0.0,5631.0,0.637442,0.475883,PHL,ISR,820750
3809792,176,110,8694,2014,0.0,10000.0,-1.564904,-1.146255,PNG,ISR,820750
3809793,177,110,8694,2014,2463.0,31779.0,1.133102,1.177165,POL,ISR,820750
3809794,179,110,8694,2014,6011.0,24701.0,0.621053,2.349644,PRT,ISR,820750
3809795,181,110,8694,2014,5015.0,25979.0,0.030643,0.601905,PSE,ISR,820750
3809796,185,110,8694,2014,3728.0,502639.0,0.9112,1.188161,ROU,ISR,820750
3809797,186,110,8694,2014,0.0,1295855.0,0.229422,-0.214856,RUS,ISR,820750
3809798,192,110,8694,2014,15175.0,44205.0,1.867492,0.626736,SGP,ISR,820750
3809799,197,110,8694,2014,0.0,5013.0,0.08653999999999999,0.29088600000000003,SLV,ISR,820750
3809800,201,110,8694,2014,0.0,9534.0,0.551635,1.211535,SRB,ISR,820750
3809801,206,110,8694,2014,0.0,40312.0,1.334959,0.821253,SVK,ISR,820750
3809802,207,110,8694,2014,0.0,10632.0,1.6558669999999998,0.6814399999999999,SVN,ISR,820750
3809803,208,110,8694,2014,2615.0,478659.0,1.817752,0.558474,SWE,ISR,820750
3809804,216,110,8694,2014,983.0,20022.0,0.977094,1.41283,THA,ISR,820750
3809805,224,110,8694,2014,86632.0,380485.0,0.554761,2.385693,TUR,ISR,820750
3809806,228,110,8694,2014,0.0,20289.0,0.566535,0.832267,UKR,ISR,820750
3809807,231,110,8694,2014,352620.0,15731690.0,1.61227,0.068905,USA,ISR,820750
3809808,239,110,8694,2014,0.0,208456.0,-0.023765,1.344416,VNM,ISR,820750
3809809,246,110,8694,2014,828.0,419438.0,0.282927,1.723214,ZAF,ISR,820750
3809810,249,110,8694,2014,9124.0,14437.0,1.9044189999999999,1.0595139999999998,TWN,ISR,820750
3809811,2,111,8694,2014,0.0,9277.0,-1.8184900000000002,-1.149191,AGO,ITA,820750
3809812,4,111,8694,2014,0.0,118280.0,-0.476024,-0.33978400000000003,ALB,ITA,820750
3809813,7,111,8694,2014,0.0,1085369.0,0.087775,-0.289459,ARE,ITA,820750
3809814,8,111,8694,2014,0.0,59149.0,0.10691500000000001,0.44860600000000006,ARG,ITA,820750
3809815,9,111,8694,2014,0.0,1843.0,-0.198322,-0.5918680000000001,ARM,ITA,820750
3809816,14,111,8694,2014,49624.0,793192.0,-0.398273,-0.17128,AUS,ITA,820750
3809817,15,111,8694,2014,7662716.0,610141.0,1.7116790000000002,-0.140232,AUT,ITA,820750
3809818,16,111,8694,2014,6213.0,8887.0,-0.909508,-1.165158,AZE,ITA,820750
3809819,17,111,8694,2014,0.0,1133.0,-0.242256,-0.8567879999999999,BDI,ITA,820750
3809820,18,111,8694,2014,4326890.0,1717176.0,1.234156,1.226441,BEL,ITA,820750
3809821,19,111,8694,2014,0.0,9026.0,-0.342225,-0.618789,BEN,ITA,820750
3809822,21,111,8694,2014,0.0,4871.0,-0.922401,-0.9554379999999999,BFA,ITA,820750
3809823,23,111,8694,2014,4412.0,258812.0,0.579058,1.6558110000000001,BGR,ITA,820750
3809824,24,111,8694,2014,0.0,109571.0,0.460168,-0.41671099999999994,BHR,ITA,820750
3809825,26,111,8694,2014,320660.0,117806.0,0.5083300000000001,0.711704,BIH,ITA,820750
3809826,28,111,8694,2014,1756.0,54474.0,0.874108,0.676231,BLR,ITA,820750
3809827,31,111,8694,2014,0.0,40795.0,-1.129494,-1.030198,BOL,ITA,820750
3809828,32,111,8694,2014,30519.0,201491.0,0.218223,0.556921,BRA,ITA,820750
3809829,34,111,8694,2014,0.0,55405.0,0.191357,-0.683567,BRN,ITA,820750
3809830,39,111,8694,2014,10294.0,1817524.0,0.671395,1.024683,CAN,ITA,820750
3809831,41,111,8694,2014,1903918.0,1556998.0,2.2000919999999997,0.65398,CHE,ITA,820750
3809832,42,111,8694,2014,0.0,240696.0,-0.344671,-0.43380799999999997,CHL,ITA,820750
3809833,43,111,8694,2014,8209638.0,557793.0,1.187557,1.222085,CHN,ITA,820750
3809834,44,111,8694,2014,0.0,3958.0,-0.737625,-0.768728,CIV,ITA,820750
3809835,45,111,8694,2014,0.0,6416.0,-0.6723520000000001,-0.945084,CMR,ITA,820750
3809836,46,111,8694,2014,0.0,2862.0,-1.6680240000000002,-1.1265129999999999,COD,ITA,820750
3809837,47,111,8694,2014,0.0,51897.0,-1.371624,-1.12468,COG,ITA,820750
3809838,49,111,8694,2014,0.0,161047.0,0.19864500000000002,-0.378364,COL,ITA,820750
3809839,52,111,8694,2014,0.0,4261.0,0.065938,-0.687971,CRI,ITA,820750
3809840,54,111,8694,2014,0.0,85769.0,-0.476786,-0.952291,CUB,ITA,820750
3809841,58,111,8694,2014,0.0,67409.0,0.627467,0.483725,CYP,ITA,820750
3809842,59,111,8694,2014,857013.0,831687.0,1.8105830000000003,0.131131,CZE,ITA,820750
3809843,61,111,8694,2014,55905632.0,4606019.0,2.052849,-2.888805,DEU,ITA,820750
3809844,64,111,8694,2014,70670.0,845138.0,1.10869,1.245193,DNK,ITA,820750
3809845,65,111,8694,2014,0.0,5905.0,-0.180845,0.508512,DOM,ITA,820750
3809846,66,111,8694,2014,0.0,220265.0,-1.5554649999999999,-1.1657030000000002,DZA,ITA,820750
3809847,67,111,8694,2014,0.0,127372.0,-1.066865,-1.052921,ECU,ITA,820750
3809848,68,111,8694,2014,0.0,232953.0,-0.086866,1.7419669999999998,EGY,ITA,820750
3809849,71,111,8694,2014,1441624.0,2486767.0,0.842147,2.45692,ESP,ITA,820750
3809850,72,111,8694,2014,4624.0,379927.0,0.9147780000000001,1.151556,EST,ITA,820750
3809851,73,111,8694,2014,0.0,95583.0,-1.296535,-1.045942,ETH,ITA,820750
3809852,74,111,8694,2014,0.0,526228.0,1.626355,1.002923,FIN,ITA,820750
3809853,77,111,8694,2014,8942013.0,4111059.0,1.4817790000000002,0.30995,FRA,ITA,820750
3809854,80,111,8694,2014,0.0,41115.0,-1.625474,-1.135973,GAB,ITA,820750
3809855,81,111,8694,2014,2559529.0,2567092.0,1.697964,0.585372,GBR,ITA,820750
3809856,83,111,8694,2014,0.0,7164.0,-1.130226,-0.9909379999999999,GHA,ITA,820750
3809857,90,111,8694,2014,0.0,408140.0,0.149337,0.8560540000000001,GRC,ITA,820750
3809858,93,111,8694,2014,0.0,16718.0,-0.36547199999999996,0.548894,GTM,ITA,820750
3809859,97,111,8694,2014,9345.0,47345.0,0.812132,1.722493,HKG,ITA,820750
3809860,99,111,8694,2014,0.0,8019.0,-0.467004,0.045511,HND,ITA,820750
3809861,100,111,8694,2014,58277.0,460917.0,0.804401,1.250807,HRV,ITA,820750
3809862,102,111,8694,2014,65468.0,453098.0,1.477093,0.812869,HUN,ITA,820750
3809863,103,111,8694,2014,0.0,81285.0,-0.088032,1.3966459999999998,IDN,ITA,820750
3809864,104,111,8694,2014,236038.0,343473.0,0.262042,2.6305080000000003,IND,ITA,820750
3809865,106,111,8694,2014,82426.0,276843.0,1.2658399999999999,0.278546,IRL,ITA,820750
3809866,107,111,8694,2014,0.0,201640.0,-0.361058,-0.312743,IRN,ITA,820750
3809867,108,111,8694,2014,0.0,2979.0,-2.9169,-0.882023,IRQ,ITA,820750
3809868,109,111,8694,2014,0.0,32116.0,0.127891,-0.302014,ISL,ITA,820750
3809869,110,111,8694,2014,354272.0,345443.0,1.211141,0.64523,ISR,ITA,820750
3809870,113,111,8694,2014,0.0,19820.0,0.210208,0.48732299999999995,JOR,ITA,820750
3809871,114,111,8694,2014,2303099.0,89648.0,2.403165,-0.635024,JPN,ITA,820750
3809872,115,111,8694,2014,0.0,54428.0,-0.210431,-0.574075,KAZ,ITA,820750
3809873,116,111,8694,2014,0.0,3984.0,-0.487058,0.307288,KEN,ITA,820750
3809874,120,111,8694,2014,0.0,1387.0,0.9888950000000001,-0.28283800000000003,KNA,ITA,820750
3809875,121,111,8694,2014,1199161.0,102156.0,1.817145,0.8394530000000001,KOR,ITA,820750
3809876,122,111,8694,2014,0.0,81168.0,-0.769616,-1.10667,KWT,ITA,820750
3809877,124,111,8694,2014,0.0,80965.0,0.308677,1.7564490000000001,LBN,ITA,820750
3809878,126,111,8694,2014,0.0,227154.0,-1.5943829999999999,-1.189961,LBY,ITA,820750
3809879,128,111,8694,2014,0.0,1618.0,-0.49366899999999997,0.338686,LKA,ITA,820750
3809880,130,111,8694,2014,0.0,353851.0,0.764495,1.3451540000000002,LTU,ITA,820750
3809881,131,111,8694,2014,255068.0,11377.0,1.243845,1.155474,LUX,ITA,820750
3809882,132,111,8694,2014,0.0,150563.0,0.613116,1.1899790000000001,LVA,ITA,820750
3809883,134,111,8694,2014,1876.0,268268.0,-0.574034,0.065788,MAR,ITA,820750
3809884,135,111,8694,2014,0.0,11096.0,-0.10438199999999999,-0.093194,MDA,ITA,820750
3809885,136,111,8694,2014,0.0,35165.0,-1.002122,-0.44446,MDG,ITA,820750
3809886,138,111,8694,2014,54348.0,454699.0,1.0799729999999998,0.697554,MEX,ITA,820750
3809887,140,111,8694,2014,0.0,47720.0,-0.039799,-0.05545,MKD,ITA,820750
3809888,142,111,8694,2014,0.0,139241.0,0.817013,0.0016309999999999999,MLT,ITA,820750
3809889,144,111,8694,2014,0.0,27111.0,-0.17039100000000001,-0.21762399999999998,MNE,ITA,820750
3809890,145,111,8694,2014,0.0,3122.0,-1.425524,-1.161949,MNG,ITA,820750
3809891,147,111,8694,2014,0.0,24306.0,-1.1993610000000001,-1.040181,MOZ,ITA,820750
3809892,151,111,8694,2014,0.0,17534.0,-0.029891,-0.12431099999999999,MUS,ITA,820750
3809893,153,111,8694,2014,772326.0,109800.0,1.018138,0.774649,MYS,ITA,820750
3809894,155,111,8694,2014,0.0,2064.0,-0.428227,-0.5632229999999999,NAM,ITA,820750
3809895,156,111,8694,2014,0.0,240749.0,-0.509789,-0.767484,NCL,ITA,820750
3809896,159,111,8694,2014,0.0,114378.0,-1.2126430000000001,-1.059697,NGA,ITA,820750
3809897,160,111,8694,2014,0.0,1352.0,-0.938269,-0.839066,NIC,ITA,820750
3809898,162,111,8694,2014,15213666.0,691835.0,1.179325,1.355071,NLD,ITA,820750
3809899,163,111,8694,2014,47250.0,590002.0,0.9187049999999999,0.182685,NOR,ITA,820750
3809900,166,111,8694,2014,0.0,80023.0,0.272502,0.21628699999999998,NZL,ITA,820750
3809901,167,111,8694,2014,0.0,32957.0,-0.505129,-1.0051370000000002,OMN,ITA,820750
3809902,168,111,8694,2014,3499.0,5925.0,-0.672924,0.566787,PAK,ITA,820750
3809903,169,111,8694,2014,0.0,3439.0,0.771742,0.9873190000000001,PAN,ITA,820750
3809904,173,111,8694,2014,0.0,38731.0,-0.557833,0.611826,PER,ITA,820750
3809905,174,111,8694,2014,0.0,8488.0,0.637442,0.475883,PHL,ITA,820750
3809906,177,111,8694,2014,759268.0,2366706.0,1.133102,1.177165,POL,ITA,820750
3809907,179,111,8694,2014,107921.0,1132912.0,0.621053,2.349644,PRT,ITA,820750
3809908,180,111,8694,2014,0.0,19016.0,-0.608509,-0.930679,PRY,ITA,820750
3809909,181,111,8694,2014,0.0,2869.0,0.030643,0.601905,PSE,ITA,820750
3809910,182,111,8694,2014,0.0,18281.0,0.008831,-0.6268279999999999,PYF,ITA,820750
3809911,183,111,8694,2014,0.0,57013.0,-0.37535599999999997,-1.0196370000000001,QAT,ITA,820750
3809912,185,111,8694,2014,484591.0,1282777.0,0.9112,1.188161,ROU,ITA,820750
3809913,186,111,8694,2014,5749.0,1941339.0,0.229422,-0.214856,RUS,ITA,820750
3809914,188,111,8694,2014,0.0,561271.0,0.5758439999999999,-0.832692,SAU,ITA,820750
3809915,191,111,8694,2014,0.0,99963.0,-0.502607,-0.08866,SEN,ITA,820750
3809916,192,111,8694,2014,1422.0,114061.0,1.867492,0.626736,SGP,ITA,820750
3809917,197,111,8694,2014,0.0,5078.0,0.08653999999999999,0.29088600000000003,SLV,ITA,820750
3809918,201,111,8694,2014,1432.0,162504.0,0.551635,1.211535,SRB,ITA,820750
3809919,205,111,8694,2014,0.0,2348.0,-0.6333989999999999,-0.857643,SUR,ITA,820750
3809920,206,111,8694,2014,405735.0,347859.0,1.334959,0.821253,SVK,ITA,820750
3809921,207,111,8694,2014,583496.0,604111.0,1.6558669999999998,0.6814399999999999,SVN,ITA,820750
3809922,208,111,8694,2014,214684.0,505248.0,1.817752,0.558474,SWE,ITA,820750
3809923,214,111,8694,2014,0.0,26714.0,-2.012048,-0.921558,TCD,ITA,820750
3809924,215,111,8694,2014,0.0,21454.0,-0.524103,-0.537643,TGO,ITA,820750
3809925,216,111,8694,2014,0.0,49356.0,0.977094,1.41283,THA,ITA,820750
3809926,222,111,8694,2014,0.0,23132.0,-0.57362,-1.117545,TTO,ITA,820750
3809927,223,111,8694,2014,467434.0,835481.0,0.343449,1.118007,TUN,ITA,820750
3809928,224,111,8694,2014,146032.0,784712.0,0.554761,2.385693,TUR,ITA,820750
3809929,226,111,8694,2014,0.0,11730.0,-1.054331,0.166345,TZA,ITA,820750
3809930,227,111,8694,2014,0.0,1296.0,-0.46911800000000003,0.25446599999999997,UGA,ITA,820750
3809931,228,111,8694,2014,0.0,93683.0,0.566535,0.832267,UKR,ITA,820750
3809932,230,111,8694,2014,0.0,326578.0,0.154034,-0.380899,URY,ITA,820750
3809933,231,111,8694,2014,2035701.0,13768212.0,1.61227,0.068905,USA,ITA,820750
3809934,236,111,8694,2014,0.0,34591.0,-0.582086,-1.081727,VEN,ITA,820750
3809935,239,111,8694,2014,0.0,84882.0,-0.023765,1.344416,VNM,ITA,820750
3809936,246,111,8694,2014,91525.0,116437.0,0.282927,1.723214,ZAF,ITA,820750
3809937,249,111,8694,2014,715135.0,13580.0,1.9044189999999999,1.0595139999999998,TWN,ITA,820750
3809938,39,112,8694,2014,5499.0,0.0,0.671395,1.024683,CAN,JAM,820750
3809939,43,112,8694,2014,92485.0,0.0,1.187557,1.222085,CHN,JAM,820750
3809940,61,112,8694,2014,6312.0,0.0,2.052849,-2.888805,DEU,JAM,820750
3809941,71,112,8694,2014,3283.0,0.0,0.842147,2.45692,ESP,JAM,820750
3809942,77,112,8694,2014,2373.0,0.0,1.4817790000000002,0.30995,FRA,JAM,820750
3809943,81,112,8694,2014,2465.0,0.0,1.697964,0.585372,GBR,JAM,820750
3809944,97,112,8694,2014,1894.0,0.0,0.812132,1.722493,HKG,JAM,820750
3809945,138,112,8694,2014,8957.0,0.0,1.0799729999999998,0.697554,MEX,JAM,820750
3809946,169,112,8694,2014,5370.0,0.0,0.771742,0.9873190000000001,PAN,JAM,820750
3809947,231,112,8694,2014,240322.0,0.0,1.61227,0.068905,USA,JAM,820750
3809948,15,113,8694,2014,7758.0,0.0,1.7116790000000002,-0.140232,AUT,JOR,820750
3809949,18,113,8694,2014,1603.0,0.0,1.234156,1.226441,BEL,JOR,820750
3809950,41,113,8694,2014,138442.0,0.0,2.2000919999999997,0.65398,CHE,JOR,820750
3809951,43,113,8694,2014,232580.0,0.0,1.187557,1.222085,CHN,JOR,820750
3809952,61,113,8694,2014,143984.0,0.0,2.052849,-2.888805,DEU,JOR,820750
3809953,77,113,8694,2014,98012.0,0.0,1.4817790000000002,0.30995,FRA,JOR,820750
3809954,81,113,8694,2014,104535.0,0.0,1.697964,0.585372,GBR,JOR,820750
3809955,102,113,8694,2014,19438.0,0.0,1.477093,0.812869,HUN,JOR,820750
3809956,108,113,8694,2014,0.0,2467.0,-2.9169,-0.882023,IRQ,JOR,820750
3809957,111,113,8694,2014,19820.0,0.0,1.340136,0.43931099999999995,ITA,JOR,820750
3809958,114,113,8694,2014,10170.0,0.0,2.403165,-0.635024,JPN,JOR,820750
3809959,121,113,8694,2014,1572.0,0.0,1.817145,0.8394530000000001,KOR,JOR,820750
3809960,188,113,8694,2014,0.0,2441.0,0.5758439999999999,-0.832692,SAU,JOR,820750
3809961,224,113,8694,2014,29052.0,0.0,0.554761,2.385693,TUR,JOR,820750
3809962,231,113,8694,2014,45606.0,0.0,1.61227,0.068905,USA,JOR,820750
3809963,249,113,8694,2014,1016.0,0.0,1.9044189999999999,1.0595139999999998,TWN,JOR,820750
3809964,250,113,8694,2014,0.0,1952.0,0.506842,0.049545,ANS,JOR,820750
3809965,2,114,8694,2014,0.0,45525.0,-1.8184900000000002,-1.149191,AGO,JPN,820750
3809966,7,114,8694,2014,0.0,178928.0,0.087775,-0.289459,ARE,JPN,820750
3809967,8,114,8694,2014,0.0,11404.0,0.10691500000000001,0.44860600000000006,ARG,JPN,820750
3809968,14,114,8694,2014,141948.0,217260.0,-0.398273,-0.17128,AUS,JPN,820750
3809969,15,114,8694,2014,235881.0,217557.0,1.7116790000000002,-0.140232,AUT,JPN,820750
3809970,16,114,8694,2014,0.0,2376.0,-0.909508,-1.165158,AZE,JPN,820750
3809971,18,114,8694,2014,12093.0,11245733.0,1.234156,1.226441,BEL,JPN,820750
3809972,22,114,8694,2014,0.0,2814.0,-1.0341879999999999,-0.9614870000000001,BGD,JPN,820750
3809973,23,114,8694,2014,2521.0,3976.0,0.579058,1.6558110000000001,BGR,JPN,820750
3809974,24,114,8694,2014,0.0,12011.0,0.460168,-0.41671099999999994,BHR,JPN,820750
3809975,25,114,8694,2014,0.0,1554.0,0.314465,-0.60458,BHS,JPN,820750
3809976,26,114,8694,2014,0.0,481.0,0.5083300000000001,0.711704,BIH,JPN,820750
3809977,31,114,8694,2014,0.0,934.0,-1.129494,-1.030198,BOL,JPN,820750
3809978,32,114,8694,2014,1721139.0,808404.0,0.218223,0.556921,BRA,JPN,820750
3809979,34,114,8694,2014,0.0,1879.0,0.191357,-0.683567,BRN,JPN,820750
3809980,39,114,8694,2014,4002.0,1335879.0,0.671395,1.024683,CAN,JPN,820750
3809981,41,114,8694,2014,2814030.0,3971901.0,2.2000919999999997,0.65398,CHE,JPN,820750
3809982,42,114,8694,2014,0.0,8749.0,-0.344671,-0.43380799999999997,CHL,JPN,820750
3809983,43,114,8694,2014,24139550.0,33193480.0,1.187557,1.222085,CHN,JPN,820750
3809984,47,114,8694,2014,0.0,3843.0,-1.371624,-1.12468,COG,JPN,820750
3809985,49,114,8694,2014,0.0,16312.0,0.19864500000000002,-0.378364,COL,JPN,820750
3809986,52,114,8694,2014,0.0,14865.0,0.065938,-0.687971,CRI,JPN,820750
3809987,54,114,8694,2014,0.0,2691.0,-0.476786,-0.952291,CUB,JPN,820750
3809988,59,114,8694,2014,17236.0,400537.0,1.8105830000000003,0.131131,CZE,JPN,820750
3809989,61,114,8694,2014,15123483.0,12322361.0,2.052849,-2.888805,DEU,JPN,820750
3809990,64,114,8694,2014,296963.0,235257.0,1.10869,1.245193,DNK,JPN,820750
3809991,65,114,8694,2014,0.0,8237.0,-0.180845,0.508512,DOM,JPN,820750
3809992,66,114,8694,2014,0.0,2859.0,-1.5554649999999999,-1.1657030000000002,DZA,JPN,820750
3809993,67,114,8694,2014,0.0,12193.0,-1.066865,-1.052921,ECU,JPN,820750
3809994,68,114,8694,2014,0.0,7003.0,-0.086866,1.7419669999999998,EGY,JPN,820750
3809995,71,114,8694,2014,112684.0,763690.0,0.842147,2.45692,ESP,JPN,820750
3809996,72,114,8694,2014,0.0,10911.0,0.9147780000000001,1.151556,EST,JPN,820750
3809997,73,114,8694,2014,0.0,3357.0,-1.296535,-1.045942,ETH,JPN,820750
3809998,74,114,8694,2014,4592.0,59598.0,1.626355,1.002923,FIN,JPN,820750
