11499999,45,6762,2012,,,-1.0127030000000001,-1.011776,CMR,400249
11500000,45,6762,2013,,,-0.901531,-1.027111,CMR,400249
11500001,45,6762,2014,0.0,89784.0,-0.6723520000000001,-0.945084,CMR,400249
11500002,45,6762,2015,,,-0.924366,-1.040721,CMR,400249
11500003,45,6762,2016,,,-1.086484,-1.0725559999999998,CMR,400249
11500004,45,6762,2017,,,-1.048569,-1.030799,CMR,400249
11500005,45,6762,2018,0.0,13182.0,-1.366619,-1.09894,CMR,400249
11500006,45,6762,2019,,,-1.461279,-1.214274,CMR,400249
11500007,45,6762,2020,,,-1.379365,-1.177022,CMR,400249
11500008,46,6762,1995,,,-1.4672459999999998,-1.0777139999999998,COD,400249
11500009,46,6762,1996,,,-1.2167,-1.086508,COD,400249
11500010,46,6762,1997,,,-1.274443,-1.073668,COD,400249
11500011,46,6762,1998,,,-1.753881,-1.201073,COD,400249
11500012,46,6762,1999,,,-1.4871290000000001,-1.1859620000000002,COD,400249
11500013,46,6762,2000,,,-0.902222,-1.068924,COD,400249
11500014,46,6762,2001,,,-1.421643,-1.154007,COD,400249
11500015,46,6762,2002,,,-1.2657370000000001,-1.108659,COD,400249
11500016,46,6762,2003,0.0,5998.0,-1.366232,-1.0778860000000001,COD,400249
11500017,46,6762,2004,,,-1.405291,-1.108962,COD,400249
11500018,46,6762,2005,0.0,1847.0,-1.7843189999999998,-1.155135,COD,400249
11500019,46,6762,2006,0.0,2504.0,-1.542137,-1.086494,COD,400249
11500020,46,6762,2007,,,-1.507664,-1.111844,COD,400249
11500021,46,6762,2008,,,-1.513117,-1.141895,COD,400249
11500022,46,6762,2009,,,-1.532165,-1.160269,COD,400249
11500023,46,6762,2010,,,-1.465101,-1.139909,COD,400249
11500024,46,6762,2011,,,-0.722957,-0.965141,COD,400249
11500025,46,6762,2012,,,-1.442925,-1.170333,COD,400249
11500026,46,6762,2013,,,-1.300125,-1.0708010000000001,COD,400249
11500027,46,6762,2014,,,-1.6680240000000002,-1.1265129999999999,COD,400249
11500028,46,6762,2015,0.0,308.0,-1.3921290000000002,-1.146549,COD,400249
11500029,46,6762,2016,,,-1.136472,-1.109177,COD,400249
11500030,46,6762,2017,0.0,1013.0,-1.3960569999999999,-1.126784,COD,400249
11500031,46,6762,2018,,,-1.743034,-1.20446,COD,400249
11500032,46,6762,2019,,,-1.2685879999999998,-1.148403,COD,400249
11500033,46,6762,2020,0.0,6002.0,-1.538455,-1.1857659999999999,COD,400249
11500034,47,6762,1995,,,-0.648521,-1.0392190000000001,COG,400249
11500035,47,6762,1996,,,-1.522142,-1.165936,COG,400249
11500036,47,6762,1997,,,-1.58904,-1.1557979999999999,COG,400249
11500037,47,6762,1998,,,-1.404207,-1.133436,COG,400249
11500038,47,6762,1999,,,-1.2759120000000002,-1.1418030000000001,COG,400249
11500039,47,6762,2000,,,-1.862839,-1.214684,COG,400249
11500040,47,6762,2001,,,-1.482788,-1.172,COG,400249
11500041,47,6762,2002,,,-1.62227,-1.202067,COG,400249
11500042,47,6762,2003,,,-1.6789619999999998,-1.182557,COG,400249
11500043,47,6762,2004,0.0,5260.0,-1.610222,-1.184921,COG,400249
11500044,47,6762,2005,,,-1.648425,-1.1852040000000001,COG,400249
11500045,47,6762,2006,,,-1.9903240000000002,-1.189925,COG,400249
11500046,47,6762,2007,,,-1.88462,-1.22688,COG,400249
11500047,47,6762,2008,0.0,3427.0,-2.2772799999999997,-1.216089,COG,400249
11500048,47,6762,2009,0.0,9919.0,-1.466289,-1.201249,COG,400249
11500049,47,6762,2010,,,-1.536434,-1.175338,COG,400249
11500050,47,6762,2011,0.0,5526.0,-0.979359,-1.084589,COG,400249
11500051,47,6762,2012,,,-1.210442,-1.086805,COG,400249
11500052,47,6762,2013,,,-1.215681,-1.08679,COG,400249
11500053,47,6762,2014,0.0,36290.0,-1.371624,-1.12468,COG,400249
11500054,47,6762,2015,,,-1.294823,-1.18811,COG,400249
11500055,47,6762,2016,,,-0.718731,-1.0663799999999999,COG,400249
11500056,47,6762,2017,0.0,3472.0,-1.2289780000000001,-1.169368,COG,400249
11500057,47,6762,2018,,,-1.52875,-1.1869100000000001,COG,400249
11500058,47,6762,2019,,,-1.305193,-1.162808,COG,400249
11500059,47,6762,2020,,,-1.580638,-1.2020870000000001,COG,400249
11500060,48,6762,1995,,,0.15283,-0.45298,COK,400249
11500061,48,6762,1996,,,0.053446,-0.556272,COK,400249
11500062,48,6762,1997,,,0.021011000000000002,-0.432936,COK,400249
11500063,48,6762,1998,,,-0.18348399999999998,-0.650889,COK,400249
11500064,48,6762,1999,,,0.086577,-0.604988,COK,400249
11500065,48,6762,2000,,,-0.185791,-0.7267359999999999,COK,400249
11500066,48,6762,2001,,,-0.003435,-0.72313,COK,400249
11500067,48,6762,2002,,,0.22351300000000002,-0.5197729999999999,COK,400249
11500068,48,6762,2003,,,0.327914,-0.466681,COK,400249
11500069,48,6762,2004,,,0.10636,-0.652109,COK,400249
11500070,48,6762,2005,,,0.039373000000000005,-0.649169,COK,400249
11500071,48,6762,2006,,,0.564179,-0.296135,COK,400249
11500072,48,6762,2007,,,0.0857,-0.604571,COK,400249
11500073,48,6762,2008,,,0.49011400000000005,-0.550991,COK,400249
11500074,48,6762,2009,,,0.291299,-0.477813,COK,400249
11500075,48,6762,2010,,,0.366399,-0.555715,COK,400249
11500076,48,6762,2011,,,0.053038,-0.521486,COK,400249
11500077,48,6762,2012,,,0.036403,-0.633828,COK,400249
11500078,48,6762,2013,,,0.483939,-0.42226400000000003,COK,400249
11500079,48,6762,2014,,,0.151329,-0.693285,COK,400249
11500080,48,6762,2015,,,0.388457,-0.682666,COK,400249
11500081,48,6762,2016,,,0.20994699999999997,-0.791095,COK,400249
11500082,48,6762,2017,,,0.154051,-0.74144,COK,400249
11500083,48,6762,2018,,,0.716123,-0.631445,COK,400249
11500084,48,6762,2019,,,0.430439,-0.7410720000000001,COK,400249
11500085,48,6762,2020,,,0.20487800000000003,-0.696278,COK,400249
11500086,49,6762,1995,0.0,3787238.0,0.094335,0.13047999999999998,COL,400249
11500087,49,6762,1996,1105.0,2766888.0,0.136487,0.078743,COL,400249
11500088,49,6762,1997,5822.0,2966315.0,0.190632,0.068001,COL,400249
11500089,49,6762,1998,0.0,1872653.0,0.205004,0.13985899999999998,COL,400249
11500090,49,6762,1999,0.0,2508396.0,0.190667,0.136271,COL,400249
11500091,49,6762,2000,13279.0,3601181.0,0.299592,0.320885,COL,400249
11500092,49,6762,2001,0.0,2780178.0,0.30412,0.395913,COL,400249
11500093,49,6762,2002,0.0,2969408.0,0.345094,0.37787800000000005,COL,400249
11500094,49,6762,2003,2685.0,3036973.0,0.218336,0.376869,COL,400249
11500095,49,6762,2004,4712.0,2268107.0,0.033128,0.47524799999999995,COL,400249
11500096,49,6762,2005,3881.0,3268778.0,0.077191,0.47193500000000005,COL,400249
11500097,49,6762,2006,0.0,6354442.0,0.129887,0.44371700000000003,COL,400249
11500098,49,6762,2007,75293.0,7387701.0,0.118341,0.557699,COL,400249
11500099,49,6762,2008,12866.0,6430661.0,0.19505699999999998,0.566189,COL,400249
11500100,49,6762,2009,118117.0,4455485.0,0.263416,0.38947,COL,400249
11500101,49,6762,2010,35531.0,6588503.0,0.097222,-0.064328,COL,400249
11500102,49,6762,2011,17196.0,6860735.0,0.14336600000000002,-0.22996,COL,400249
11500103,49,6762,2012,90738.0,5843980.0,0.15523699999999999,-0.30749099999999996,COL,400249
11500104,49,6762,2013,30094.0,5453767.0,0.121799,-0.388239,COL,400249
11500105,49,6762,2014,20158.0,6005784.0,0.19864500000000002,-0.378364,COL,400249
11500106,49,6762,2015,5401.0,5029646.0,0.156383,-0.183055,COL,400249
11500107,49,6762,2016,5730.0,4062917.0,0.10205700000000001,-0.155574,COL,400249
11500108,49,6762,2017,18896.0,5942552.0,0.208096,-0.17644300000000002,COL,400249
11500109,49,6762,2018,9881.0,9087402.0,0.20431,-0.15273699999999998,COL,400249
11500110,49,6762,2019,42058.0,6800571.0,0.099936,-0.15568800000000002,COL,400249
11500111,49,6762,2020,12918.0,4373918.0,0.115954,0.104558,COL,400249
11500112,50,6762,1995,,,-0.125195,-0.6788930000000001,COM,400249
11500113,50,6762,1996,,,-1.007044,-0.833519,COM,400249
11500114,50,6762,1997,,,0.42716899999999997,-0.618352,COM,400249
11500115,50,6762,1998,,,0.242641,-0.6324069999999999,COM,400249
11500116,50,6762,1999,,,0.57439,-0.576433,COM,400249
11500117,50,6762,2000,,,-0.9233299999999999,-0.9126479999999999,COM,400249
11500118,50,6762,2001,,,-0.24810700000000002,-0.832764,COM,400249
11500119,50,6762,2002,,,-0.95335,-0.916942,COM,400249
11500120,50,6762,2003,,,-0.675377,-0.791014,COM,400249
11500121,50,6762,2004,,,-0.581058,-0.8678309999999999,COM,400249
11500122,50,6762,2005,,,-0.6264,-0.853095,COM,400249
11500123,50,6762,2006,,,-0.5214300000000001,-0.8452149999999999,COM,400249
11500124,50,6762,2007,,,-0.956375,-0.964842,COM,400249
11500125,50,6762,2008,,,-0.101412,-0.841565,COM,400249
11500126,50,6762,2009,,,0.080831,-0.7148760000000001,COM,400249
11500127,50,6762,2010,,,0.8640059999999999,-0.6108180000000001,COM,400249
11500128,50,6762,2011,,,0.449788,-0.533709,COM,400249
11500129,50,6762,2012,,,-0.044716000000000006,-0.716491,COM,400249
11500130,50,6762,2013,,,-0.326422,-0.6956640000000001,COM,400249
11500131,50,6762,2014,,,-0.19200699999999998,-0.761303,COM,400249
11500132,50,6762,2015,,,-0.551674,-0.867288,COM,400249
11500133,50,6762,2016,,,-0.520849,-0.8678040000000001,COM,400249
11500134,50,6762,2017,,,-0.880647,-0.927383,COM,400249
11500135,50,6762,2018,,,-0.472937,-0.8866280000000001,COM,400249
11500136,50,6762,2019,,,0.21475,-0.737725,COM,400249
11500137,50,6762,2020,,,-0.314278,-0.86393,COM,400249
11500138,51,6762,1995,,,0.302241,-0.532841,CPV,400249
11500139,51,6762,1996,,,0.247925,-0.512776,CPV,400249
11500140,51,6762,1997,,,1.154102,-0.255423,CPV,400249
11500141,51,6762,1998,,,0.61526,-0.455517,CPV,400249
11500142,51,6762,1999,,,0.783048,-0.442508,CPV,400249
11500143,51,6762,2000,,,0.434429,-0.218505,CPV,400249
11500144,51,6762,2001,,,0.063802,-0.456617,CPV,400249
11500145,51,6762,2002,,,-0.29720100000000005,-0.703051,CPV,400249
11500146,51,6762,2003,,,0.070649,-0.541279,CPV,400249
11500147,51,6762,2004,,,-0.160185,-0.729291,CPV,400249
11500148,51,6762,2005,,,0.12126400000000001,-0.44637899999999997,CPV,400249
11500149,51,6762,2006,,,0.369814,-0.414812,CPV,400249
11500150,51,6762,2007,,,0.289375,-0.295194,CPV,400249
11500151,51,6762,2008,,,0.16722,-0.64183,CPV,400249
11500152,51,6762,2009,,,0.32592600000000005,-0.531697,CPV,400249
11500153,51,6762,2010,,,0.140658,-0.527468,CPV,400249
11500154,51,6762,2011,,,0.006139,-0.610237,CPV,400249
11500155,51,6762,2012,,,-0.049047,-0.541215,CPV,400249
11500156,51,6762,2013,0.0,6126.0,-0.75058,-0.8948219999999999,CPV,400249
11500157,51,6762,2014,,,-0.182368,-0.7136359999999999,CPV,400249
11500158,51,6762,2015,,,-0.263621,-0.772158,CPV,400249
11500159,51,6762,2016,0.0,1554.0,0.264883,-0.580199,CPV,400249
11500160,51,6762,2017,,,-0.11722300000000001,-0.677707,CPV,400249
11500161,51,6762,2018,0.0,1269.0,-0.319064,-0.8615659999999999,CPV,400249
11500162,51,6762,2019,,,-0.094961,-0.751246,CPV,400249
11500163,51,6762,2020,0.0,1072.0,-0.235719,-0.746113,CPV,400249
11500164,52,6762,1995,852.0,150748.0,-0.30094699999999996,-0.046285,CRI,400249
11500165,52,6762,1996,0.0,87822.0,-0.34219499999999997,0.12221900000000001,CRI,400249
11500166,52,6762,1997,0.0,120369.0,-0.25974200000000003,0.196955,CRI,400249
11500167,52,6762,1998,0.0,70526.0,-0.26046199999999997,-0.059391,CRI,400249
11500168,52,6762,1999,0.0,168592.0,-0.310033,-0.299529,CRI,400249
11500169,52,6762,2000,15110.0,110427.0,-0.095295,-0.189881,CRI,400249
11500170,52,6762,2001,0.0,108315.0,0.069458,-0.042793,CRI,400249
11500171,52,6762,2002,0.0,93121.0,0.03619,-0.187718,CRI,400249
11500172,52,6762,2003,0.0,66778.0,-0.193904,-0.5049680000000001,CRI,400249
11500173,52,6762,2004,0.0,54212.0,-0.043266000000000006,-0.376239,CRI,400249
11500174,52,6762,2005,0.0,81663.0,-0.06424099999999999,-0.370622,CRI,400249
11500175,52,6762,2006,10060.0,28108.0,0.042663,-0.376672,CRI,400249
11500176,52,6762,2007,0.0,69321.0,0.001895,-0.30248600000000003,CRI,400249
11500177,52,6762,2008,0.0,144852.0,0.023962,-0.346029,CRI,400249
11500178,52,6762,2009,0.0,374114.0,-0.142465,-0.669277,CRI,400249
11500179,52,6762,2010,0.0,355644.0,-0.122722,-0.7062069999999999,CRI,400249
11500180,52,6762,2011,12602.0,497240.0,0.04325,-0.553193,CRI,400249
11500181,52,6762,2012,5193.0,318686.0,0.176669,-0.649094,CRI,400249
11500182,52,6762,2013,0.0,330384.0,0.067379,-0.688217,CRI,400249
11500183,52,6762,2014,102387.0,576021.0,0.065938,-0.687971,CRI,400249
11500184,52,6762,2015,0.0,412080.0,0.24859699999999998,-0.033143,CRI,400249
11500185,52,6762,2016,0.0,477430.0,0.204591,-0.18279600000000001,CRI,400249
11500186,52,6762,2017,0.0,482313.0,0.288642,-0.056219000000000005,CRI,400249
11500187,52,6762,2018,11818.0,408449.0,0.19386,0.05811,CRI,400249
11500188,52,6762,2019,0.0,267537.0,0.38045,0.08960900000000001,CRI,400249
11500189,52,6762,2020,0.0,237930.0,0.303849,-0.114494,CRI,400249
11500190,53,6762,1995,,,,,CSK,400249
11500191,53,6762,1996,,,,,CSK,400249
11500192,53,6762,1997,,,,,CSK,400249
11500193,53,6762,1998,,,,,CSK,400249
11500194,53,6762,1999,,,,,CSK,400249
11500195,53,6762,2000,,,,,CSK,400249
11500196,53,6762,2001,,,,,CSK,400249
11500197,53,6762,2002,,,,,CSK,400249
11500198,53,6762,2003,,,,,CSK,400249
11500199,53,6762,2004,,,,,CSK,400249
11500200,53,6762,2005,,,,,CSK,400249
11500201,53,6762,2006,,,,,CSK,400249
11500202,53,6762,2007,,,,,CSK,400249
11500203,53,6762,2008,,,,,CSK,400249
11500204,53,6762,2009,,,,,CSK,400249
11500205,53,6762,2010,,,,,CSK,400249
11500206,53,6762,2011,,,,,CSK,400249
11500207,53,6762,2012,,,,,CSK,400249
11500208,53,6762,2013,,,,,CSK,400249
11500209,53,6762,2014,,,,,CSK,400249
11500210,53,6762,2015,,,,,CSK,400249
11500211,53,6762,2016,,,,,CSK,400249
11500212,53,6762,2017,,,,,CSK,400249
11500213,53,6762,2018,,,,,CSK,400249
11500214,53,6762,2019,,,,,CSK,400249
11500215,53,6762,2020,,,,,CSK,400249
11500216,54,6762,1995,0.0,28920.0,-0.315644,-0.8812110000000001,CUB,400249
11500217,54,6762,1996,,,-0.555246,-1.0420479999999999,CUB,400249
11500218,54,6762,1997,0.0,12115.0,-0.403192,-1.041751,CUB,400249
11500219,54,6762,1998,,,-0.349393,-0.9927889999999999,CUB,400249
11500220,54,6762,1999,0.0,58447.0,-0.152322,-0.8734270000000001,CUB,400249
11500221,54,6762,2000,0.0,44750.0,-0.338457,-0.9391370000000001,CUB,400249
11500222,54,6762,2001,0.0,1691.0,-0.443391,-0.9599030000000001,CUB,400249
11500223,54,6762,2002,0.0,41185.0,-0.479213,-0.951203,CUB,400249
11500224,54,6762,2003,0.0,80400.0,-0.391515,-0.8562120000000001,CUB,400249
11500225,54,6762,2004,0.0,62191.0,-0.040541,-0.634675,CUB,400249
11500226,54,6762,2005,0.0,22149.0,0.00695,-0.611843,CUB,400249
11500227,54,6762,2006,0.0,14889.0,0.204039,-0.5183260000000001,CUB,400249
11500228,54,6762,2007,0.0,107218.0,-0.308053,-0.8740610000000001,CUB,400249
11500229,54,6762,2008,0.0,5329.0,-0.23158299999999998,-0.892943,CUB,400249
11500230,54,6762,2009,0.0,1230.0,0.188114,-0.819958,CUB,400249
11500231,54,6762,2010,0.0,84782.0,-0.085462,-0.885019,CUB,400249
11500232,54,6762,2011,0.0,38759.0,-0.050093,-0.88759,CUB,400249
11500233,54,6762,2012,0.0,93706.0,0.129383,-0.7444609999999999,CUB,400249
11500234,54,6762,2013,0.0,3740.0,-0.019956,-0.7873319999999999,CUB,400249
11500235,54,6762,2014,0.0,2389.0,-0.476786,-0.952291,CUB,400249
11500236,54,6762,2015,0.0,42151.0,-0.694839,-1.093439,CUB,400249
11500237,54,6762,2016,0.0,5915.0,-0.602309,-1.0781120000000002,CUB,400249
11500238,54,6762,2017,0.0,16443.0,-0.77404,-1.121084,CUB,400249
11500239,54,6762,2018,0.0,1200.0,-0.8835629999999999,-1.15678,CUB,400249
11500240,54,6762,2019,0.0,3413.0,-0.880892,-1.141591,CUB,400249
11500241,54,6762,2020,,,-1.171456,-1.224365,CUB,400249
11500242,55,6762,1995,,,,,CUW,400249
11500243,55,6762,1996,,,,,CUW,400249
11500244,55,6762,1997,,,,,CUW,400249
11500245,55,6762,1998,,,,,CUW,400249
11500246,55,6762,1999,,,,,CUW,400249
11500247,55,6762,2000,,,,,CUW,400249
11500248,55,6762,2001,,,,,CUW,400249
11500249,55,6762,2002,,,,,CUW,400249
11500250,55,6762,2003,,,,,CUW,400249
11500251,55,6762,2004,,,,,CUW,400249
11500252,55,6762,2005,,,,,CUW,400249
11500253,55,6762,2006,,,,,CUW,400249
11500254,55,6762,2007,,,,,CUW,400249
11500255,55,6762,2008,,,,,CUW,400249
11500256,55,6762,2009,,,,,CUW,400249
11500257,55,6762,2010,,,,,CUW,400249
11500258,55,6762,2011,0.0,16296.0,-0.052038,-0.69103,CUW,400249
11500259,55,6762,2012,,,0.233821,-0.6050260000000001,CUW,400249
11500260,55,6762,2013,,,0.029981999999999998,-0.673439,CUW,400249
11500261,55,6762,2014,,,-0.00902,-0.683643,CUW,400249
11500262,55,6762,2015,,,0.296267,-0.6313350000000001,CUW,400249
11500263,55,6762,2016,24397.0,0.0,0.232855,-0.7864260000000001,CUW,400249
11500264,55,6762,2017,,,0.161139,-0.591701,CUW,400249
11500265,55,6762,2018,,,0.8093,-0.325347,CUW,400249
11500266,55,6762,2019,0.0,1561.0,0.808621,-0.225196,CUW,400249
11500267,55,6762,2020,,,0.543866,0.190664,CUW,400249
11500268,56,6762,1995,,,0.732028,-0.6130260000000001,CXR,400249
11500269,56,6762,1996,,,0.8724709999999999,-0.499449,CXR,400249
11500270,56,6762,1997,,,0.5604020000000001,-0.6793130000000001,CXR,400249
11500271,56,6762,1998,,,0.6067859999999999,-0.706703,CXR,400249
11500272,56,6762,1999,,,0.601561,-0.755731,CXR,400249
11500273,56,6762,2000,,,0.666367,-0.7077979999999999,CXR,400249
11500274,56,6762,2001,,,1.0924479999999999,-0.7587689999999999,CXR,400249
11500275,56,6762,2002,,,0.46379,-0.7096319999999999,CXR,400249
11500276,56,6762,2003,,,1.019324,-0.439778,CXR,400249
11500277,56,6762,2004,,,0.590055,-0.721742,CXR,400249
11500278,56,6762,2005,,,1.737368,-0.445572,CXR,400249
11500279,56,6762,2006,,,0.8348770000000001,-0.52778,CXR,400249
11500280,56,6762,2007,,,1.550877,-0.177793,CXR,400249
11500281,56,6762,2008,,,1.184962,-0.607034,CXR,400249
11500282,56,6762,2009,,,0.883293,-0.597838,CXR,400249
11500283,56,6762,2010,,,1.1423379999999999,-0.560075,CXR,400249
11500284,56,6762,2011,,,1.020805,-0.485573,CXR,400249
11500285,56,6762,2012,41531.0,0.0,0.850045,-0.52785,CXR,400249
11500286,56,6762,2013,,,0.972676,-0.5206729999999999,CXR,400249
11500287,56,6762,2014,,,0.738877,-0.520547,CXR,400249
11500288,56,6762,2015,,,0.33029400000000003,-0.725431,CXR,400249
11500289,56,6762,2016,,,0.810517,-0.598503,CXR,400249
11500290,56,6762,2017,,,0.46829799999999994,-0.442316,CXR,400249
11500291,56,6762,2018,,,0.449025,-0.7264149999999999,CXR,400249
11500292,56,6762,2019,,,1.097952,-0.513787,CXR,400249
11500293,56,6762,2020,,,1.410875,-0.415195,CXR,400249
11500294,57,6762,1995,,,1.277032,0.064205,CYM,400249
11500295,57,6762,1996,,,0.532622,-0.428501,CYM,400249
11500296,57,6762,1997,52602.0,0.0,0.504191,-0.512525,CYM,400249
11500297,57,6762,1998,,,0.924544,-0.39263899999999996,CYM,400249
11500298,57,6762,1999,,,0.909416,-0.6302800000000001,CYM,400249
11500299,57,6762,2000,,,0.763021,-0.7265199999999999,CYM,400249
11500300,57,6762,2001,,,0.611577,-0.6532939999999999,CYM,400249
11500301,57,6762,2002,,,0.7098220000000001,-0.633359,CYM,400249
11500302,57,6762,2003,,,0.308768,-0.690944,CYM,400249
11500303,57,6762,2004,,,0.349925,-0.794084,CYM,400249
11500304,57,6762,2005,,,0.363006,-0.734404,CYM,400249
11500305,57,6762,2006,0.0,2812.0,0.7708189999999999,-0.648112,CYM,400249
11500306,57,6762,2007,,,0.532926,-0.54101,CYM,400249
11500307,57,6762,2008,,,0.862348,-0.708601,CYM,400249
11500308,57,6762,2009,,,0.805117,-0.684305,CYM,400249
11500309,57,6762,2010,,,1.2142959999999998,-0.6487430000000001,CYM,400249
11500310,57,6762,2011,0.0,2973.0,0.665662,-0.678581,CYM,400249
11500311,57,6762,2012,,,1.172677,-0.616959,CYM,400249
11500312,57,6762,2013,,,0.391996,-0.73249,CYM,400249
11500313,57,6762,2014,0.0,7279.0,1.199562,-0.66969,CYM,400249
11500314,57,6762,2015,,,0.275472,-0.831835,CYM,400249
11500315,57,6762,2016,,,1.045587,-0.779983,CYM,400249
11500316,57,6762,2017,,,1.105397,-0.794764,CYM,400249
11500317,57,6762,2018,,,-0.194933,-0.930874,CYM,400249
11500318,57,6762,2019,,,0.27157800000000004,-0.901875,CYM,400249
11500319,57,6762,2020,,,-0.007386,-0.878251,CYM,400249
11500320,58,6762,1995,0.0,112172.0,0.263764,0.030358999999999997,CYP,400249
11500321,58,6762,1996,0.0,57380.0,0.20007,0.020590999999999998,CYP,400249
11500322,58,6762,1997,0.0,111479.0,0.451212,0.452754,CYP,400249
11500323,58,6762,1998,0.0,39222.0,0.45990600000000004,0.41840299999999997,CYP,400249
11500324,58,6762,1999,0.0,39122.0,0.508464,0.324706,CYP,400249
11500325,58,6762,2000,0.0,30350.0,0.235843,0.16877,CYP,400249
11500326,58,6762,2001,8931.0,36712.0,0.381251,0.257802,CYP,400249
11500327,58,6762,2002,0.0,42635.0,0.381391,0.40265,CYP,400249
11500328,58,6762,2003,0.0,39637.0,0.259992,0.068914,CYP,400249
11500329,58,6762,2004,33050.0,28803.0,0.533521,0.615939,CYP,400249
11500330,58,6762,2005,0.0,28749.0,0.573122,0.474224,CYP,400249
11500331,58,6762,2006,0.0,29659.0,0.708267,-0.048096,CYP,400249
11500332,58,6762,2007,0.0,77915.0,0.887351,0.426331,CYP,400249
11500333,58,6762,2008,0.0,73495.0,1.003211,0.712629,CYP,400249
11500334,58,6762,2009,0.0,22569.0,0.934193,0.657555,CYP,400249
11500335,58,6762,2010,0.0,255205.0,0.8776450000000001,0.568389,CYP,400249
11500336,58,6762,2011,0.0,38666.0,0.798165,0.424179,CYP,400249
11500337,58,6762,2012,0.0,23711.0,0.691646,0.11984600000000001,CYP,400249
11500338,58,6762,2013,0.0,19683.0,0.502238,0.349608,CYP,400249
11500339,58,6762,2014,0.0,18736.0,0.627467,0.483725,CYP,400249
11500340,58,6762,2015,0.0,35264.0,0.511225,-0.207261,CYP,400249
11500341,58,6762,2016,0.0,16495.0,0.40822800000000004,0.07535,CYP,400249
11500342,58,6762,2017,0.0,32071.0,0.576982,0.279989,CYP,400249
11500343,58,6762,2018,0.0,23684.0,0.45442,-0.113303,CYP,400249
11500344,58,6762,2019,0.0,30384.0,0.657782,0.209481,CYP,400249
11500345,58,6762,2020,0.0,24223.0,0.5354760000000001,-0.069753,CYP,400249
11500346,59,6762,1995,21749.0,2439368.0,1.375091,1.628069,CZE,400249
11500347,59,6762,1996,43385.0,1438920.0,1.401181,1.3094709999999998,CZE,400249
11500348,59,6762,1997,57583.0,1650466.0,1.40651,1.354695,CZE,400249
11500349,59,6762,1998,7675.0,1692877.0,1.36345,1.408508,CZE,400249
11500350,59,6762,1999,9015.0,1188838.0,1.412439,1.329385,CZE,400249
11500351,59,6762,2000,63637.0,1257873.0,1.393001,1.23271,CZE,400249
11500352,59,6762,2001,78948.0,1227982.0,1.485703,1.109305,CZE,400249
11500353,59,6762,2002,19082.0,1354239.0,1.550713,1.037066,CZE,400249
11500354,59,6762,2003,24420.0,1868286.0,1.555749,0.8662059999999999,CZE,400249
11500355,59,6762,2004,91322.0,2399282.0,1.562625,0.865244,CZE,400249
11500356,59,6762,2005,188042.0,3145549.0,1.56768,0.6784319999999999,CZE,400249
11500357,59,6762,2006,578668.0,4012245.0,1.564058,0.6023649999999999,CZE,400249
11500358,59,6762,2007,53242.0,5808796.0,1.620377,0.379404,CZE,400249
11500359,59,6762,2008,270851.0,5840946.0,1.592035,0.27983600000000003,CZE,400249
11500360,59,6762,2009,331991.0,2170119.0,1.6323159999999999,0.47257200000000005,CZE,400249
11500361,59,6762,2010,1059218.0,4067692.0,1.732044,0.333934,CZE,400249
11500362,59,6762,2011,499511.0,4292573.0,1.737788,0.14741600000000002,CZE,400249
11500363,59,6762,2012,538055.0,2015806.0,1.747369,-0.0932,CZE,400249
11500364,59,6762,2013,383388.0,3039736.0,1.819653,-0.12423800000000002,CZE,400249
11500365,59,6762,2014,160765.0,3801184.0,1.8105830000000003,0.131131,CZE,400249
11500366,59,6762,2015,177670.0,1963580.0,1.743012,0.45424,CZE,400249
11500367,59,6762,2016,160218.0,2150285.0,1.823627,0.552354,CZE,400249
11500368,59,6762,2017,166139.0,3006937.0,1.7715130000000001,0.359668,CZE,400249
11500369,59,6762,2018,441674.0,3619822.0,1.841016,0.220806,CZE,400249
11500370,59,6762,2019,478693.0,2681490.0,1.797611,0.406708,CZE,400249
11500371,59,6762,2020,147234.0,2319853.0,1.716646,0.602441,CZE,400249
11500372,60,6762,1995,,,,,DDR,400249
11500373,60,6762,1996,,,,,DDR,400249
11500374,60,6762,1997,,,,,DDR,400249
11500375,60,6762,1998,,,,,DDR,400249
11500376,60,6762,1999,,,,,DDR,400249
11500377,60,6762,2000,,,,,DDR,400249
11500378,60,6762,2001,,,,,DDR,400249
11500379,60,6762,2002,,,,,DDR,400249
11500380,60,6762,2003,,,,,DDR,400249
11500381,60,6762,2004,,,,,DDR,400249
11500382,60,6762,2005,,,,,DDR,400249
11500383,60,6762,2006,,,,,DDR,400249
11500384,60,6762,2007,,,,,DDR,400249
11500385,60,6762,2008,,,,,DDR,400249
11500386,60,6762,2009,,,,,DDR,400249
11500387,60,6762,2010,,,,,DDR,400249
11500388,60,6762,2011,,,,,DDR,400249
11500389,60,6762,2012,,,,,DDR,400249
11500390,60,6762,2013,,,,,DDR,400249
11500391,60,6762,2014,,,,,DDR,400249
11500392,60,6762,2015,,,,,DDR,400249
11500393,60,6762,2016,,,,,DDR,400249
11500394,60,6762,2017,,,,,DDR,400249
11500395,60,6762,2018,,,,,DDR,400249
11500396,60,6762,2019,,,,,DDR,400249
11500397,60,6762,2020,,,,,DDR,400249
11500398,61,6762,1995,64466194.0,44515768.0,2.325385,-2.2238189999999998,DEU,400249
11500399,61,6762,1996,64487940.0,30689185.0,2.279976,-2.572299,DEU,400249
11500400,61,6762,1997,63620660.0,29560662.0,2.293936,-2.2301919999999997,DEU,400249
11500401,61,6762,1998,65322819.0,25253644.0,2.334028,-2.417278,DEU,400249
11500402,61,6762,1999,68431519.0,24383344.0,2.334811,-2.060502,DEU,400249
11500403,61,6762,2000,78582725.0,15291439.0,2.316177,-2.4478419999999996,DEU,400249
11500404,61,6762,2001,88499179.0,18322060.0,2.321375,-2.1110990000000003,DEU,400249
11500405,61,6762,2002,81866130.0,18709412.0,2.297691,-2.183239,DEU,400249
11500406,61,6762,2003,92386745.0,21123817.0,2.2821919999999998,-2.0985150000000004,DEU,400249
11500407,61,6762,2004,96320437.0,26807000.0,2.266076,-2.011139,DEU,400249
11500408,61,6762,2005,105075957.0,21865301.0,2.172479,-2.446472,DEU,400249
11500409,61,6762,2006,128779034.0,31462468.0,2.132566,-2.773669,DEU,400249
11500410,61,6762,2007,186468140.0,36248537.0,2.114566,-2.934732,DEU,400249
11500411,61,6762,2008,194289755.0,37492212.0,2.007167,-3.256961,DEU,400249
11500412,61,6762,2009,100340460.0,20100272.0,2.056515,-3.034837,DEU,400249
11500413,61,6762,2010,139185196.0,31584557.0,2.035672,-3.383322,DEU,400249
11500414,61,6762,2011,173765483.0,41190705.0,2.074435,-3.440815,DEU,400249
11500415,61,6762,2012,158839551.0,41829032.0,1.966247,-3.3238410000000003,DEU,400249
11500416,61,6762,2013,120342373.0,37212616.0,2.093658,-3.4281980000000005,DEU,400249
11500417,61,6762,2014,121460847.0,35817944.0,2.052849,-2.888805,DEU,400249
11500418,61,6762,2015,105193124.0,15017463.0,2.203818,-2.307561,DEU,400249
11500419,61,6762,2016,91153715.0,12905494.0,2.203093,-2.24919,DEU,400249
11500420,61,6762,2017,128204205.0,17597169.0,2.1149459999999998,-2.525372,DEU,400249
11500421,61,6762,2018,149986152.0,21237411.0,2.109059,-2.428826,DEU,400249
11500422,61,6762,2019,148737076.0,17487670.0,2.078626,-2.124816,DEU,400249
11500423,61,6762,2020,96441750.0,12543278.0,2.027494,-2.3646689999999997,DEU,400249
11500424,62,6762,1995,,,0.7627109999999999,0.696162,DJI,400249
11500425,62,6762,1996,,,-0.20838099999999998,-0.668964,DJI,400249
11500426,62,6762,1997,,,0.398301,-0.170681,DJI,400249
11500427,62,6762,1998,,,0.521307,-0.071371,DJI,400249
11500428,62,6762,1999,,,0.07838200000000001,-0.351435,DJI,400249
11500429,62,6762,2000,,,0.057164,-0.428066,DJI,400249
11500430,62,6762,2001,,,0.143467,0.14288599999999999,DJI,400249
11500431,62,6762,2002,,,0.416677,-0.052552,DJI,400249
11500432,62,6762,2003,,,-0.41648500000000005,-0.5408350000000001,DJI,400249
11500433,62,6762,2004,,,-0.12463699999999998,-0.304559,DJI,400249
11500434,62,6762,2005,0.0,1990.0,0.220415,0.045086,DJI,400249
11500435,62,6762,2006,,,-0.251707,-0.436792,DJI,400249
11500436,62,6762,2007,0.0,47092.0,-1.111848,-0.983348,DJI,400249
11500437,62,6762,2008,0.0,65997.0,-1.082951,-0.958676,DJI,400249
11500438,62,6762,2009,0.0,23005.0,0.062037,-0.596527,DJI,400249
11500439,62,6762,2010,0.0,25583.0,-0.37501799999999996,-0.727603,DJI,400249
11500440,62,6762,2011,,,-0.6224529999999999,-0.7357739999999999,DJI,400249
11500441,62,6762,2012,,,-0.31072,-0.7274470000000001,DJI,400249
11500442,62,6762,2013,,,-0.412843,-0.695916,DJI,400249
11500443,62,6762,2014,,,-0.394602,-0.74178,DJI,400249
11500444,62,6762,2015,,,-0.538942,-0.832522,DJI,400249
11500445,62,6762,2016,,,-0.032607,-0.549622,DJI,400249
11500446,62,6762,2017,,,-0.4897,-0.7249180000000001,DJI,400249
11500447,62,6762,2018,,,-0.11008599999999999,-0.603731,DJI,400249
11500448,62,6762,2019,0.0,18907.0,-0.602334,-0.794205,DJI,400249
11500449,62,6762,2020,,,-0.493576,-0.808321,DJI,400249
11500450,63,6762,1995,,,0.803902,0.307064,DMA,400249
11500451,63,6762,1996,,,0.44934399999999997,-0.023771,DMA,400249
11500452,63,6762,1997,,,0.795112,0.438787,DMA,400249
11500453,63,6762,1998,,,0.822664,0.166578,DMA,400249
11500454,63,6762,1999,,,0.808025,0.321415,DMA,400249
11500455,63,6762,2000,0.0,13691.0,0.780976,0.31806799999999996,DMA,400249
11500456,63,6762,2001,,,0.613251,0.226998,DMA,400249
11500457,63,6762,2002,,,0.196298,-0.129221,DMA,400249
11500458,63,6762,2003,,,0.11903299999999999,-0.21768200000000001,DMA,400249
11500459,63,6762,2004,,,0.322803,-0.000479,DMA,400249
11500460,63,6762,2005,,,0.146509,-0.072638,DMA,400249
11500461,63,6762,2006,,,0.10759400000000001,-0.159215,DMA,400249
11500462,63,6762,2007,0.0,9808.0,0.522624,0.077377,DMA,400249
11500463,63,6762,2008,,,0.424179,0.04355,DMA,400249
11500464,63,6762,2009,,,0.348966,-0.09711399999999999,DMA,400249
11500465,63,6762,2010,,,0.35578699999999996,0.13029200000000002,DMA,400249
11500466,63,6762,2011,,,-0.25559699999999996,-0.5345300000000001,DMA,400249
11500467,63,6762,2012,,,0.372616,0.163026,DMA,400249
11500468,63,6762,2013,,,0.054362,-0.156703,DMA,400249
11500469,63,6762,2014,,,0.294596,-0.310069,DMA,400249
11500470,63,6762,2015,,,0.0735,-0.44923599999999997,DMA,400249
11500471,63,6762,2016,,,0.162751,-0.307303,DMA,400249
11500472,63,6762,2017,,,0.283171,-0.22632800000000003,DMA,400249
11500473,63,6762,2018,,,0.381788,0.039853,DMA,400249
11500474,63,6762,2019,,,0.131177,-0.313508,DMA,400249
11500475,63,6762,2020,,,0.583288,0.012664,DMA,400249
11500476,64,6762,1995,104521.0,3910827.0,1.3800270000000001,1.489036,DNK,400249
11500477,64,6762,1996,49910.0,4262816.0,1.443514,1.275684,DNK,400249
11500478,64,6762,1997,216302.0,3365420.0,1.358279,1.420107,DNK,400249
11500479,64,6762,1998,227148.0,3198320.0,1.225999,1.470145,DNK,400249
11500480,64,6762,1999,165750.0,2267167.0,1.264405,1.469627,DNK,400249
11500481,64,6762,2000,145972.0,1397228.0,1.230078,1.429499,DNK,400249
11500482,64,6762,2001,89884.0,1736770.0,1.261883,1.351875,DNK,400249
11500483,64,6762,2002,43030.0,2406718.0,1.26594,1.225186,DNK,400249
11500484,64,6762,2003,94314.0,3233848.0,1.309564,1.245596,DNK,400249
11500485,64,6762,2004,123541.0,3278392.0,1.328968,1.262743,DNK,400249
11500486,64,6762,2005,46929.0,2392826.0,1.210286,1.217256,DNK,400249
11500487,64,6762,2006,133221.0,3102863.0,1.2308700000000001,1.180914,DNK,400249
11500488,64,6762,2007,513940.0,1138513.0,1.204019,1.122666,DNK,400249
11500489,64,6762,2008,95505.0,300275.0,1.165294,1.1112440000000001,DNK,400249
11500490,64,6762,2009,48431.0,133392.0,1.242327,1.064709,DNK,400249
11500491,64,6762,2010,73895.0,131377.0,1.082468,1.280759,DNK,400249
11500492,64,6762,2011,143116.0,202750.0,1.156026,1.2248299999999999,DNK,400249
11500493,64,6762,2012,230450.0,404554.0,1.105061,1.245377,DNK,400249
11500494,64,6762,2013,168251.0,124812.0,1.161835,1.1788450000000001,DNK,400249
11500495,64,6762,2014,250801.0,168840.0,1.10869,1.245193,DNK,400249
11500496,64,6762,2015,125101.0,128237.0,1.157924,1.2045629999999998,DNK,400249
11500497,64,6762,2016,590100.0,132949.0,1.117864,1.302658,DNK,400249
11500498,64,6762,2017,570513.0,512742.0,1.159753,1.233914,DNK,400249
11500499,64,6762,2018,932260.0,347783.0,1.0945040000000001,1.3311540000000002,DNK,400249
11500500,64,6762,2019,1150199.0,270746.0,1.0768280000000001,1.2615610000000002,DNK,400249
11500501,64,6762,2020,361915.0,326993.0,1.093217,1.2166549999999998,DNK,400249
11500502,65,6762,1995,0.0,22300.0,-0.635482,-0.746526,DOM,400249
11500503,65,6762,1996,1510.0,78887.0,-0.596093,-0.5602060000000001,DOM,400249
11500504,65,6762,1997,0.0,393041.0,-0.6062850000000001,-0.648523,DOM,400249
11500505,65,6762,1998,0.0,600382.0,-0.772271,-0.765258,DOM,400249
11500506,65,6762,1999,0.0,13724.0,-0.60436,-0.674701,DOM,400249
11500507,65,6762,2000,0.0,38445.0,-0.544322,-0.651937,DOM,400249
11500508,65,6762,2001,0.0,27284.0,-0.538419,-0.48773900000000003,DOM,400249
11500509,65,6762,2002,0.0,11156.0,-0.46284899999999995,-0.39210100000000003,DOM,400249
11500510,65,6762,2003,0.0,16748.0,-0.46264399999999994,-0.245034,DOM,400249
11500511,65,6762,2004,,,-0.510025,-0.328257,DOM,400249
11500512,65,6762,2005,0.0,282567.0,-0.370894,-0.140178,DOM,400249
11500513,65,6762,2006,0.0,201755.0,-0.24073699999999998,0.049093,DOM,400249
11500514,65,6762,2007,0.0,322042.0,-0.228756,0.004222,DOM,400249
11500515,65,6762,2008,0.0,167465.0,-0.167958,0.241283,DOM,400249
11500516,65,6762,2009,0.0,161458.0,-0.317894,0.198926,DOM,400249
11500517,65,6762,2010,0.0,247320.0,-0.245241,0.368626,DOM,400249
11500518,65,6762,2011,0.0,208459.0,-0.260653,0.5682010000000001,DOM,400249
11500519,65,6762,2012,0.0,76976.0,-0.193432,0.590896,DOM,400249
11500520,65,6762,2013,0.0,216134.0,-0.277269,0.432388,DOM,400249
11500521,65,6762,2014,1269.0,225777.0,-0.180845,0.508512,DOM,400249
11500522,65,6762,2015,7670.0,282823.0,-0.212808,0.395873,DOM,400249
11500523,65,6762,2016,0.0,108693.0,-0.237382,0.295389,DOM,400249
11500524,65,6762,2017,0.0,441499.0,-0.168016,0.30840100000000004,DOM,400249
11500525,65,6762,2018,0.0,422212.0,-0.084258,0.474872,DOM,400249
11500526,65,6762,2019,0.0,535461.0,-0.20594,0.309785,DOM,400249
11500527,65,6762,2020,0.0,400482.0,0.06500299999999999,0.2812,DOM,400249
11500528,66,6762,1995,0.0,188093.0,-0.555409,-1.037972,DZA,400249
11500529,66,6762,1996,0.0,120674.0,-0.33419699999999997,-1.035736,DZA,400249
11500530,66,6762,1997,0.0,203678.0,-0.717599,-1.126311,DZA,400249
11500531,66,6762,1998,0.0,129291.0,-0.726061,-1.161031,DZA,400249
11500532,66,6762,1999,0.0,115183.0,-0.701764,-1.175132,DZA,400249
11500533,66,6762,2000,0.0,131840.0,-0.9169209999999999,-1.170192,DZA,400249
11500534,66,6762,2001,0.0,181646.0,-0.663363,-1.158295,DZA,400249
11500535,66,6762,2002,0.0,332171.0,-0.912033,-1.1731850000000001,DZA,400249
11500536,66,6762,2003,0.0,858904.0,-1.060727,-1.142594,DZA,400249
11500537,66,6762,2004,0.0,748541.0,-0.725066,-1.163606,DZA,400249
11500538,66,6762,2005,0.0,655015.0,-0.363675,-1.117724,DZA,400249
11500539,66,6762,2006,0.0,572170.0,-0.489962,-1.12456,DZA,400249
11500540,66,6762,2007,0.0,871110.0,-0.9822690000000001,-1.170282,DZA,400249
11500541,66,6762,2008,93919.0,1344829.0,-0.556434,-1.079109,DZA,400249
11500542,66,6762,2009,0.0,422253.0,-1.161786,-1.188669,DZA,400249
11500543,66,6762,2010,0.0,312525.0,-1.00922,-1.1511040000000001,DZA,400249
11500544,66,6762,2011,0.0,536573.0,-1.36763,-1.140594,DZA,400249
11500545,66,6762,2012,0.0,375778.0,-1.349046,-1.1601860000000002,DZA,400249
11500546,66,6762,2013,0.0,1827231.0,-1.373947,-1.1523459999999999,DZA,400249
11500547,66,6762,2014,0.0,4015186.0,-1.5554649999999999,-1.1657030000000002,DZA,400249
11500548,66,6762,2015,0.0,901496.0,-1.54346,-1.255633,DZA,400249
11500549,66,6762,2016,0.0,651716.0,-1.0202930000000001,-1.236642,DZA,400249
11500550,66,6762,2017,0.0,359883.0,-0.9905579999999999,-1.1996200000000001,DZA,400249
11500551,66,6762,2018,0.0,932561.0,-1.281519,-1.22291,DZA,400249
11500552,66,6762,2019,0.0,680722.0,-1.008866,-1.215228,DZA,400249
11500553,66,6762,2020,0.0,97107.0,-1.015133,-1.243726,DZA,400249
11500554,67,6762,1995,0.0,509219.0,-0.948154,-0.9595790000000001,ECU,400249
11500555,67,6762,1996,0.0,140909.0,-1.1391200000000001,-0.992735,ECU,400249
11500556,67,6762,1997,0.0,140412.0,-1.1931690000000001,-1.0139690000000001,ECU,400249
11500557,67,6762,1998,0.0,544531.0,-0.990915,-0.9670860000000001,ECU,400249
11500558,67,6762,1999,47624.0,521922.0,-0.8875299999999999,-0.9117879999999999,ECU,400249
11500559,67,6762,2000,0.0,251629.0,-0.883928,-0.884951,ECU,400249
11500560,67,6762,2001,0.0,916614.0,-0.852642,-0.896374,ECU,400249
11500561,67,6762,2002,0.0,1218510.0,-0.976218,-0.926393,ECU,400249
11500562,67,6762,2003,0.0,548016.0,-0.8689370000000001,-0.889767,ECU,400249
11500563,67,6762,2004,0.0,660082.0,-1.149101,-1.013619,ECU,400249
11500564,67,6762,2005,0.0,1509651.0,-1.029033,-1.014289,ECU,400249
11500565,67,6762,2006,0.0,738153.0,-0.878583,-0.9462010000000001,ECU,400249
11500566,67,6762,2007,0.0,1278996.0,-0.820491,-0.8557879999999999,ECU,400249
11500567,67,6762,2008,0.0,1629475.0,-0.859434,-0.972389,ECU,400249
11500568,67,6762,2009,36145.0,2302969.0,-0.92724,-0.965628,ECU,400249
11500569,67,6762,2010,2108.0,2916211.0,-0.584013,-0.743675,ECU,400249
11500570,67,6762,2011,29082.0,3847531.0,-0.8250639999999999,-0.839082,ECU,400249
11500571,67,6762,2012,23449.0,1876553.0,-0.627614,-0.764234,ECU,400249
11500572,67,6762,2013,23469.0,1986681.0,-0.86546,-0.8888389999999999,ECU,400249
11500573,67,6762,2014,1935.0,1831915.0,-1.066865,-1.052921,ECU,400249
11500574,67,6762,2015,244049.0,1193762.0,-0.9845959999999999,-1.075639,ECU,400249
11500575,67,6762,2016,53910.0,909098.0,-1.0860049999999999,-1.049065,ECU,400249
11500576,67,6762,2017,0.0,2777924.0,-0.9995850000000001,-1.086367,ECU,400249
11500577,67,6762,2018,72017.0,1634911.0,-0.873973,-1.032841,ECU,400249
11500578,67,6762,2019,0.0,2414152.0,-1.12261,-1.094275,ECU,400249
11500579,67,6762,2020,0.0,1305666.0,-1.074185,-1.084344,ECU,400249
11500580,68,6762,1995,0.0,1166065.0,-0.340042,-0.085601,EGY,400249
11500581,68,6762,1996,11345.0,1106467.0,-0.5446409999999999,-0.229586,EGY,400249
11500582,68,6762,1997,0.0,870550.0,-0.314425,0.156345,EGY,400249
11500583,68,6762,1998,0.0,366504.0,-0.462755,0.079802,EGY,400249
11500584,68,6762,1999,0.0,718349.0,-0.311879,0.300746,EGY,400249
11500585,68,6762,2000,0.0,1184710.0,-0.41125900000000004,0.099833,EGY,400249
11500586,68,6762,2001,0.0,426598.0,-0.373576,0.366385,EGY,400249
11500587,68,6762,2002,0.0,1133084.0,-0.377127,0.549439,EGY,400249
11500588,68,6762,2003,0.0,821211.0,-0.292923,0.465433,EGY,400249
11500589,68,6762,2004,0.0,1280926.0,-0.300563,0.41834899999999997,EGY,400249
11500590,68,6762,2005,3416.0,796069.0,-0.247748,0.492885,EGY,400249
11500591,68,6762,2006,57286.0,1170722.0,-0.182272,0.40222399999999997,EGY,400249
11500592,68,6762,2007,0.0,1973764.0,-0.144054,0.663592,EGY,400249
11500593,68,6762,2008,71253.0,1653823.0,-0.098316,1.134642,EGY,400249
11500594,68,6762,2009,0.0,1568049.0,-0.20940300000000003,1.6466290000000001,EGY,400249
11500595,68,6762,2010,15802.0,1521336.0,-0.181826,1.409465,EGY,400249
11500596,68,6762,2011,73581.0,2037749.0,-0.166243,1.384719,EGY,400249
11500597,68,6762,2012,0.0,2231199.0,-0.143732,1.316722,EGY,400249
11500598,68,6762,2013,0.0,1351586.0,-0.17418,1.692641,EGY,400249
11500599,68,6762,2014,23002.0,1566628.0,-0.086866,1.7419669999999998,EGY,400249
11500600,68,6762,2015,15154.0,1578342.0,-0.183053,1.765036,EGY,400249
11500601,68,6762,2016,0.0,949764.0,-0.142377,1.674348,EGY,400249
11500602,68,6762,2017,0.0,1637132.0,-0.073436,1.829121,EGY,400249
11500603,68,6762,2018,0.0,1811841.0,-0.096635,1.585658,EGY,400249
11500604,68,6762,2019,0.0,1501352.0,-0.152353,1.5426309999999999,EGY,400249
11500605,68,6762,2020,0.0,1052351.0,-0.186095,1.6414330000000001,EGY,400249
11500606,69,6762,1995,,,0.567988,-0.30390500000000004,ERI,400249
11500607,69,6762,1996,,,-0.31049499999999997,-0.656459,ERI,400249
11500608,69,6762,1997,,,-0.914603,-0.9081629999999999,ERI,400249
11500609,69,6762,1998,,,0.05984400000000001,-0.508051,ERI,400249
11500610,69,6762,1999,,,0.160222,-0.528174,ERI,400249
11500611,69,6762,2000,,,-0.135268,-0.6384569999999999,ERI,400249
11500612,69,6762,2001,,,0.617376,-0.33233,ERI,400249
11500613,69,6762,2002,,,0.831973,-0.050712,ERI,400249
11500614,69,6762,2003,,,-0.105591,-0.247614,ERI,400249
11500615,69,6762,2004,,,0.48701400000000006,-0.094026,ERI,400249
11500616,69,6762,2005,,,-0.240044,-0.46946000000000004,ERI,400249
11500617,69,6762,2006,0.0,5131.0,0.216725,-0.337624,ERI,400249
11500618,69,6762,2007,,,-0.905408,-0.908877,ERI,400249
11500619,69,6762,2008,0.0,2898.0,0.129938,-0.429551,ERI,400249
11500620,69,6762,2009,,,0.081675,-0.37700100000000003,ERI,400249
11500621,69,6762,2010,,,-0.288006,-0.614999,ERI,400249
11500622,69,6762,2011,,,0.073024,-0.8032229999999999,ERI,400249
11500623,69,6762,2012,,,-0.349941,-0.9931450000000001,ERI,400249
11500624,69,6762,2013,,,-1.227273,-0.9367340000000001,ERI,400249
11500625,69,6762,2014,,,-2.345215,-1.051413,ERI,400249
11500626,69,6762,2015,,,-1.7745669999999998,-1.013696,ERI,400249
11500627,69,6762,2016,,,-1.479782,-1.060063,ERI,400249
11500628,69,6762,2017,,,-1.4706139999999999,-1.024845,ERI,400249
11500629,69,6762,2018,,,-1.601517,-1.062162,ERI,400249
11500630,69,6762,2019,,,-1.7266080000000001,-1.0303360000000001,ERI,400249
11500631,69,6762,2020,,,-1.1688129999999999,-0.9633879999999999,ERI,400249
11500632,70,6762,1995,,,0.954333,-0.674121,ESH,400249
11500633,70,6762,1996,,,-1.342924,-0.696376,ESH,400249
11500634,70,6762,1997,,,1.0709799999999998,-0.671918,ESH,400249
11500635,70,6762,1998,,,-0.07774,-0.78017,ESH,400249
11500636,70,6762,1999,,,0.353541,-0.794955,ESH,400249
11500637,70,6762,2000,,,0.926739,-0.533051,ESH,400249
11500638,70,6762,2001,,,-0.49938699999999997,-0.8695809999999999,ESH,400249
11500639,70,6762,2002,,,0.911192,-0.830407,ESH,400249
11500640,70,6762,2003,,,1.2379639999999998,-0.469434,ESH,400249
11500641,70,6762,2004,,,0.771845,-0.777994,ESH,400249
11500642,70,6762,2005,,,1.559212,-0.563942,ESH,400249
11500643,70,6762,2006,,,1.380741,-0.657053,ESH,400249
11500644,70,6762,2007,,,1.540701,-0.416705,ESH,400249
11500645,70,6762,2008,,,0.7177640000000001,-0.689189,ESH,400249
11500646,70,6762,2009,,,1.277881,-0.752965,ESH,400249
11500647,70,6762,2010,,,2.0637689999999997,-0.760273,ESH,400249
11500648,70,6762,2011,,,2.337415,-0.327113,ESH,400249
11500649,70,6762,2012,,,2.172618,-0.077311,ESH,400249
11500650,70,6762,2013,,,1.672666,-0.47427700000000006,ESH,400249
11500651,70,6762,2014,,,0.8348690000000001,-0.6148140000000001,ESH,400249
11500652,70,6762,2015,,,0.8270209999999999,-0.590016,ESH,400249
11500653,70,6762,2016,,,0.771312,-0.799657,ESH,400249
11500654,70,6762,2017,,,0.908792,-0.538131,ESH,400249
11500655,70,6762,2018,,,1.599518,-0.5597880000000001,ESH,400249
11500656,70,6762,2019,,,1.48852,-0.669028,ESH,400249
11500657,70,6762,2020,,,2.1028029999999998,-0.647638,ESH,400249
11500658,71,6762,1995,1622229.0,12674096.0,1.144247,1.933844,ESP,400249
11500659,71,6762,1996,1541420.0,11283579.0,1.105317,1.9473,ESP,400249
11500660,71,6762,1997,855908.0,11329963.0,1.082049,2.0238650000000002,ESP,400249
11500661,71,6762,1998,942506.0,12277494.0,1.051392,1.983438,ESP,400249
11500662,71,6762,1999,1478900.0,11174399.0,1.0849209999999998,1.9351180000000001,ESP,400249
11500663,71,6762,2000,1275713.0,10439500.0,1.098989,1.911029,ESP,400249
11500664,71,6762,2001,1079685.0,9617057.0,1.079664,1.9842220000000002,ESP,400249
11500665,71,6762,2002,1163691.0,9513029.0,1.012246,2.049594,ESP,400249
11500666,71,6762,2003,1432126.0,10506509.0,0.960684,2.074792,ESP,400249
11500667,71,6762,2004,5371672.0,11573986.0,0.9784649999999999,2.051216,ESP,400249
11500668,71,6762,2005,5374986.0,11256408.0,0.9318489999999999,1.999698,ESP,400249
11500669,71,6762,2006,2494118.0,12923629.0,0.9091370000000001,2.068166,ESP,400249
11500670,71,6762,2007,1338505.0,18285391.0,0.914681,2.027797,ESP,400249
11500671,71,6762,2008,1312311.0,18152498.0,0.8755649999999999,2.122164,ESP,400249
11500672,71,6762,2009,1386293.0,8487243.0,0.9021020000000001,2.170578,ESP,400249
11500673,71,6762,2010,1488483.0,10042909.0,0.832619,2.448009,ESP,400249
11500674,71,6762,2011,1239949.0,12716999.0,0.8677290000000001,2.4618450000000003,ESP,400249
11500675,71,6762,2012,1247572.0,11262642.0,0.8528309999999999,2.462809,ESP,400249
11500676,71,6762,2013,2456123.0,10739909.0,0.861698,2.353993,ESP,400249
11500677,71,6762,2014,2375622.0,11943883.0,0.842147,2.45692,ESP,400249
11500678,71,6762,2015,632268.0,8014042.0,0.8173590000000001,2.442556,ESP,400249
11500679,71,6762,2016,587131.0,7315079.0,0.765428,2.57725,ESP,400249
11500680,71,6762,2017,1108577.0,8378466.0,0.734342,2.8180099999999997,ESP,400249
11500681,71,6762,2018,1419401.0,10176968.0,0.744825,2.919005,ESP,400249
11500682,71,6762,2019,1118754.0,9462740.0,0.678454,3.007838,ESP,400249
11500683,71,6762,2020,708714.0,6197853.0,0.736657,2.731661,ESP,400249
11500684,72,6762,1995,0.0,1113.0,0.530041,1.134288,EST,400249
11500685,72,6762,1996,0.0,8495.0,0.53397,1.0877940000000001,EST,400249
11500686,72,6762,1997,0.0,11310.0,0.460823,0.9126700000000001,EST,400249
11500687,72,6762,1998,,,0.53408,1.07691,EST,400249
11500688,72,6762,1999,0.0,7089.0,0.502979,0.8847440000000001,EST,400249
11500689,72,6762,2000,2356.0,25143.0,0.358559,0.583236,EST,400249
11500690,72,6762,2001,0.0,26870.0,0.5746829999999999,0.9073899999999999,EST,400249
11500691,72,6762,2002,0.0,42370.0,0.54511,0.9135979999999999,EST,400249
11500692,72,6762,2003,0.0,33129.0,0.5913010000000001,0.8489979999999999,EST,400249
11500693,72,6762,2004,0.0,19233.0,0.6101840000000001,0.9520370000000001,EST,400249
11500694,72,6762,2005,1872.0,56511.0,0.6351600000000001,1.039403,EST,400249
11500695,72,6762,2006,82699.0,56412.0,0.6426350000000001,0.925003,EST,400249
11500696,72,6762,2007,142752.0,47424.0,0.746434,1.306397,EST,400249
11500697,72,6762,2008,82953.0,195326.0,0.749696,1.5173940000000001,EST,400249
11500698,72,6762,2009,6620.0,57155.0,0.749058,1.269572,EST,400249
11500699,72,6762,2010,0.0,25383.0,0.832316,1.1844649999999999,EST,400249
11500700,72,6762,2011,0.0,22179.0,0.9806790000000001,1.110449,EST,400249
11500701,72,6762,2012,11319.0,16503.0,0.8594450000000001,1.299628,EST,400249
11500702,72,6762,2013,3562.0,62236.0,0.8828940000000001,1.386574,EST,400249
11500703,72,6762,2014,1325.0,344678.0,0.9147780000000001,1.151556,EST,400249
11500704,72,6762,2015,0.0,119570.0,0.9281149999999999,1.1780389999999998,EST,400249
11500705,72,6762,2016,18489.0,126843.0,1.000418,1.154152,EST,400249
11500706,72,6762,2017,215231.0,134443.0,1.010985,1.289633,EST,400249
11500707,72,6762,2018,136108.0,141964.0,0.979986,1.2365899999999999,EST,400249
11500708,72,6762,2019,6595.0,148673.0,0.962284,1.346195,EST,400249
11500709,72,6762,2020,0.0,137493.0,1.012385,1.305015,EST,400249
11500710,73,6762,1995,0.0,3066.0,-1.3387120000000001,-1.123621,ETH,400249
11500711,73,6762,1996,0.0,7747.0,-1.265383,-1.131925,ETH,400249
11500712,73,6762,1997,,,-1.239473,-1.159345,ETH,400249
11500713,73,6762,1998,,,-1.279819,-1.158182,ETH,400249
11500714,73,6762,1999,0.0,15518.0,-1.18759,-1.111391,ETH,400249
11500715,73,6762,2000,0.0,19707.0,-1.190677,-1.063662,ETH,400249
11500716,73,6762,2001,0.0,42242.0,-0.999149,-0.904072,ETH,400249
11500717,73,6762,2002,0.0,19859.0,-1.096371,-0.9566709999999999,ETH,400249
11500718,73,6762,2003,0.0,52089.0,-1.1145559999999999,-0.9599620000000001,ETH,400249
11500719,73,6762,2004,0.0,35227.0,-1.156284,-0.900874,ETH,400249
11500720,73,6762,2005,0.0,13615.0,-1.287495,-1.0195940000000001,ETH,400249
11500721,73,6762,2006,0.0,69006.0,-0.9557180000000001,-0.9153479999999999,ETH,400249
11500722,73,6762,2007,0.0,193369.0,-1.115917,-0.821652,ETH,400249
11500723,73,6762,2008,0.0,114336.0,-1.0084629999999999,-0.83993,ETH,400249
11500724,73,6762,2009,0.0,65275.0,-0.967483,-0.8219,ETH,400249
11500725,73,6762,2010,0.0,47575.0,-1.122906,-0.840777,ETH,400249
11500726,73,6762,2011,0.0,99835.0,-1.258175,-0.920692,ETH,400249
11500727,73,6762,2012,0.0,104724.0,-1.134031,-0.991977,ETH,400249
11500728,73,6762,2013,0.0,127253.0,-1.264002,-0.9594219999999999,ETH,400249
11500729,73,6762,2014,0.0,318443.0,-1.296535,-1.045942,ETH,400249
11500730,73,6762,2015,0.0,102592.0,-1.004896,-0.721019,ETH,400249
11500731,73,6762,2016,0.0,65358.0,-1.006161,-0.756472,ETH,400249
11500732,73,6762,2017,0.0,227004.0,-1.007413,-0.638231,ETH,400249
11500733,73,6762,2018,0.0,332296.0,-0.874857,-0.464958,ETH,400249
11500734,73,6762,2019,0.0,228414.0,-1.073631,-0.617885,ETH,400249
11500735,73,6762,2020,0.0,274459.0,-0.952033,-0.707262,ETH,400249
11500736,74,6762,1995,36543.0,1183803.0,2.0085740000000003,1.126816,FIN,400249
11500737,74,6762,1996,44177.0,766111.0,2.0584729999999998,1.006908,FIN,400249
11500738,74,6762,1997,2603.0,809810.0,1.9298959999999998,1.083861,FIN,400249
11500739,74,6762,1998,104836.0,732750.0,2.003987,0.995725,FIN,400249
11500740,74,6762,1999,14526.0,1375256.0,2.095642,0.966282,FIN,400249
11500741,74,6762,2000,23127.0,639952.0,2.0621419999999997,0.9090360000000001,FIN,400249
11500742,74,6762,2001,16742.0,666820.0,2.069141,0.9375180000000001,FIN,400249
11500743,74,6762,2002,34335.0,614071.0,2.0234240000000003,0.979141,FIN,400249
11500744,74,6762,2003,25111.0,693865.0,2.077889,0.942501,FIN,400249
11500745,74,6762,2004,32078.0,909776.0,2.000218,0.9867309999999999,FIN,400249
11500746,74,6762,2005,32878.0,561510.0,1.8661240000000001,0.932386,FIN,400249
11500747,74,6762,2006,50584.0,786520.0,1.864038,0.8193940000000001,FIN,400249
11500748,74,6762,2007,55919.0,945883.0,1.865502,0.7737729999999999,FIN,400249
11500749,74,6762,2008,147153.0,860222.0,1.767859,0.846409,FIN,400249
11500750,74,6762,2009,86342.0,577138.0,1.8206849999999999,0.797421,FIN,400249
11500751,74,6762,2010,222297.0,868165.0,1.745464,0.897992,FIN,400249
11500752,74,6762,2011,215091.0,806087.0,1.7488830000000002,0.890934,FIN,400249
11500753,74,6762,2012,150359.0,1080582.0,1.58219,0.939001,FIN,400249
11500754,74,6762,2013,233901.0,933569.0,1.734552,0.8896940000000001,FIN,400249
11500755,74,6762,2014,302030.0,964263.0,1.626355,1.002923,FIN,400249
11500756,74,6762,2015,251648.0,608486.0,1.597817,0.998059,FIN,400249
11500757,74,6762,2016,268963.0,391177.0,1.581968,1.006432,FIN,400249
11500758,74,6762,2017,355196.0,450685.0,1.655957,0.962485,FIN,400249
11500759,74,6762,2018,403508.0,558495.0,1.61151,0.9474549999999999,FIN,400249
11500760,74,6762,2019,417144.0,504885.0,1.495278,1.034435,FIN,400249
11500761,74,6762,2020,318226.0,428135.0,1.498089,1.066223,FIN,400249
11500762,75,6762,1995,0.0,3013.0,-0.998257,-0.9565629999999999,FJI,400249
11500763,75,6762,1996,0.0,6246.0,-0.7977,-0.9271879999999999,FJI,400249
11500764,75,6762,1997,,,-0.9404020000000001,-0.8833989999999999,FJI,400249
11500765,75,6762,1998,,,-1.069747,-0.965333,FJI,400249
11500766,75,6762,1999,,,-1.101748,-0.847409,FJI,400249
11500767,75,6762,2000,,,-0.804605,-0.21037899999999998,FJI,400249
11500768,75,6762,2001,0.0,4364.0,-0.954702,-0.602761,FJI,400249
11500769,75,6762,2002,0.0,1542.0,-0.588136,-0.242883,FJI,400249
11500770,75,6762,2003,,,-0.6865640000000001,-0.326977,FJI,400249
11500771,75,6762,2004,,,-0.8870969999999999,-0.287427,FJI,400249
11500772,75,6762,2005,,,-0.649999,-0.189992,FJI,400249
11500773,75,6762,2006,0.0,7671.0,-0.6554949999999999,-0.098284,FJI,400249
11500774,75,6762,2007,,,-0.506992,0.033250999999999996,FJI,400249
11500775,75,6762,2008,,,-0.756592,-0.27005,FJI,400249
11500776,75,6762,2009,,,-0.785772,-0.305228,FJI,400249
11500777,75,6762,2010,,,-0.603112,-0.29135500000000003,FJI,400249
11500778,75,6762,2011,,,-0.434356,-0.010863,FJI,400249
11500779,75,6762,2012,,,-0.315227,0.118598,FJI,400249
11500780,75,6762,2013,,,-0.5203369999999999,-0.122405,FJI,400249
11500781,75,6762,2014,,,-0.306346,-0.07688500000000001,FJI,400249
11500782,75,6762,2015,,,-0.481968,-0.201468,FJI,400249
11500783,75,6762,2016,,,-0.27171999999999996,0.172933,FJI,400249
11500784,75,6762,2017,,,-0.278276,-0.033997,FJI,400249
11500785,75,6762,2018,,,-0.269185,0.006362,FJI,400249
11500786,75,6762,2019,,,-0.274278,-0.049333,FJI,400249
11500787,75,6762,2020,,,-0.184167,-0.081888,FJI,400249
11500788,76,6762,1995,,,1.0650549999999999,-0.45996800000000004,FLK,400249
11500789,76,6762,1996,,,0.7798039999999999,-0.524821,FLK,400249
11500790,76,6762,1997,,,1.410488,-0.441326,FLK,400249
11500791,76,6762,1998,,,0.816912,-0.515321,FLK,400249
11500792,76,6762,1999,,,0.9361450000000001,-0.578892,FLK,400249
11500793,76,6762,2000,,,0.42403,-0.758674,FLK,400249
11500794,76,6762,2001,,,0.394316,-0.766895,FLK,400249
11500795,76,6762,2002,,,-0.119248,-0.81018,FLK,400249
11500796,76,6762,2003,,,0.593669,-0.68972,FLK,400249
11500797,76,6762,2004,,,0.108608,-0.8270280000000001,FLK,400249
11500798,76,6762,2005,,,-1.215666,-0.8770950000000001,FLK,400249
11500799,76,6762,2006,,,0.11039000000000002,-0.79848,FLK,400249
11500800,76,6762,2007,,,-0.911695,-0.898893,FLK,400249
11500801,76,6762,2008,,,-1.0724,-0.9330379999999999,FLK,400249
11500802,76,6762,2009,,,-0.891749,-0.97485,FLK,400249
11500803,76,6762,2010,,,-1.173959,-0.9282549999999999,FLK,400249
11500804,76,6762,2011,,,-0.283483,-0.7019989999999999,FLK,400249
11500805,76,6762,2012,,,-1.251161,-0.8249569999999999,FLK,400249
11500806,76,6762,2013,,,-1.254446,-0.868074,FLK,400249
11500807,76,6762,2014,,,-0.558974,-0.8402059999999999,FLK,400249
11500808,76,6762,2015,,,0.268838,-0.829983,FLK,400249
11500809,76,6762,2016,,,-1.1568180000000001,-0.9883270000000001,FLK,400249
11500810,76,6762,2017,,,-1.506175,-0.9551219999999999,FLK,400249
11500811,76,6762,2018,,,-1.04542,-0.97565,FLK,400249
11500812,76,6762,2019,,,-1.633601,-0.991559,FLK,400249
11500813,76,6762,2020,,,-0.406704,-0.8790969999999999,FLK,400249
11500814,77,6762,1995,38002198.0,30411774.0,1.768484,0.765537,FRA,400249
11500815,77,6762,1996,35392474.0,27608901.0,1.69082,0.721312,FRA,400249
11500816,77,6762,1997,39635711.0,25796661.0,1.69504,0.8278549999999999,FRA,400249
11500817,77,6762,1998,33496482.0,22061727.0,1.707702,0.7784270000000001,FRA,400249
11500818,77,6762,1999,31507729.0,14731367.0,1.72758,0.6619079999999999,FRA,400249
11500819,77,6762,2000,32882999.0,10843668.0,1.674971,0.47538100000000005,FRA,400249
11500820,77,6762,2001,35054215.0,11038448.0,1.653507,0.797582,FRA,400249
11500821,77,6762,2002,41138022.0,13650690.0,1.569367,0.9886360000000001,FRA,400249
11500822,77,6762,2003,43855808.0,15083099.0,1.606606,0.7394149999999999,FRA,400249
11500823,77,6762,2004,51701937.0,17876642.0,1.6003530000000001,0.643945,FRA,400249
11500824,77,6762,2005,33123072.0,16451904.0,1.505148,0.594409,FRA,400249
11500825,77,6762,2006,2829899.0,22404983.0,1.47591,0.489466,FRA,400249
11500826,77,6762,2007,4090611.0,27645727.0,1.4565350000000001,0.262845,FRA,400249
11500827,77,6762,2008,4697218.0,26841232.0,1.487702,-0.223965,FRA,400249
11500828,77,6762,2009,2261905.0,11635281.0,1.540346,0.090377,FRA,400249
11500829,77,6762,2010,3194790.0,13726665.0,1.530027,-0.052557000000000006,FRA,400249
11500830,77,6762,2011,4075586.0,15144149.0,1.532054,0.09339299999999999,FRA,400249
11500831,77,6762,2012,2951733.0,12667233.0,1.425025,0.27534899999999995,FRA,400249
11500832,77,6762,2013,2891193.0,13853169.0,1.520354,0.022874000000000002,FRA,400249
11500833,77,6762,2014,3758483.0,12491754.0,1.4817790000000002,0.30995,FRA,400249
11500834,77,6762,2015,2900828.0,6277710.0,1.479792,0.6490239999999999,FRA,400249
11500835,77,6762,2016,3196809.0,5742410.0,1.476437,0.911746,FRA,400249
11500836,77,6762,2017,2613088.0,7166060.0,1.398427,0.894732,FRA,400249
11500837,77,6762,2018,2643685.0,8937104.0,1.420819,0.7793770000000001,FRA,400249
11500838,77,6762,2019,3508548.0,10251800.0,1.380982,0.9510629999999999,FRA,400249
11500839,77,6762,2020,2665082.0,6666486.0,1.341275,0.8991870000000001,FRA,400249
11500840,78,6762,1995,,,-0.8247260000000001,-0.791759,FRO,400249
11500841,78,6762,1996,,,-0.252693,-0.714691,FRO,400249
11500842,78,6762,1997,,,-0.602436,-0.8477809999999999,FRO,400249
11500843,78,6762,1998,,,-0.6159899999999999,-0.828198,FRO,400249
11500844,78,6762,1999,,,-0.718961,-0.900609,FRO,400249
11500845,78,6762,2000,,,-0.618711,-0.8832209999999999,FRO,400249
11500846,78,6762,2001,1396.0,0.0,-1.004972,-0.9456030000000001,FRO,400249
11500847,78,6762,2002,,,-0.410455,-0.821335,FRO,400249
11500848,78,6762,2003,8599.0,0.0,-0.46422299999999994,-0.8072050000000001,FRO,400249
11500849,78,6762,2004,,,-1.026359,-0.960327,FRO,400249
11500850,78,6762,2005,0.0,1923.0,-1.164102,-0.934409,FRO,400249
11500851,78,6762,2006,,,-0.117631,-0.69352,FRO,400249
11500852,78,6762,2007,,,-0.308363,-0.7707510000000001,FRO,400249
11500853,78,6762,2008,,,-0.576205,-0.886117,FRO,400249
11500854,78,6762,2009,,,-0.437934,-0.8733879999999999,FRO,400249
11500855,78,6762,2010,,,-1.158567,-0.99413,FRO,400249
11500856,78,6762,2011,,,-0.733444,-0.8242229999999999,FRO,400249
11500857,78,6762,2012,,,-0.47762200000000005,-0.8946870000000001,FRO,400249
11500858,78,6762,2013,,,-0.370701,-0.815466,FRO,400249
11500859,78,6762,2014,0.0,2785.0,-0.703929,-0.86265,FRO,400249
11500860,78,6762,2015,,,-0.700767,-0.9214399999999999,FRO,400249
11500861,78,6762,2016,,,-0.7436,-0.955406,FRO,400249
11500862,78,6762,2017,,,-0.956326,-0.951541,FRO,400249
11500863,78,6762,2018,,,-1.00676,-0.959297,FRO,400249
11500864,78,6762,2019,,,-1.164816,-0.9571540000000001,FRO,400249
11500865,78,6762,2020,,,-0.867916,-0.92601,FRO,400249
11500866,79,6762,1995,,,-1.764116,-0.971993,FSM,400249
11500867,79,6762,1996,,,-1.798209,-1.044117,FSM,400249
11500868,79,6762,1997,,,-1.275105,-1.046722,FSM,400249
11500869,79,6762,1998,,,-1.8257740000000002,-1.104982,FSM,400249
11500870,79,6762,1999,,,-1.382572,-1.054154,FSM,400249
11500871,79,6762,2000,,,-1.6284100000000001,-1.074629,FSM,400249
11500872,79,6762,2001,,,-1.7531240000000001,-1.081697,FSM,400249
11500873,79,6762,2002,,,-1.511888,-1.054948,FSM,400249
11500874,79,6762,2003,,,-1.370191,-1.028812,FSM,400249
11500875,79,6762,2004,,,-1.647605,-1.093832,FSM,400249
11500876,79,6762,2005,,,-1.386996,-0.9737610000000001,FSM,400249
11500877,79,6762,2006,,,-0.883972,-0.8817209999999999,FSM,400249
11500878,79,6762,2007,,,-0.528725,-0.883342,FSM,400249
11500879,79,6762,2008,,,-0.744394,-0.930508,FSM,400249
11500880,79,6762,2009,,,-1.011055,-0.983978,FSM,400249
11500881,79,6762,2010,,,-1.2914889999999999,-1.0153450000000002,FSM,400249
11500882,79,6762,2011,,,-0.882574,-0.8780530000000001,FSM,400249
11500883,79,6762,2012,,,-0.8024789999999999,-0.873287,FSM,400249
11500884,79,6762,2013,,,-0.234314,-0.8260700000000001,FSM,400249
11500885,79,6762,2014,,,-0.32643099999999997,-0.8248049999999999,FSM,400249
11500886,79,6762,2015,,,-0.39153000000000004,-0.8570479999999999,FSM,400249
11500887,79,6762,2016,,,-0.86156,-0.969134,FSM,400249
11500888,79,6762,2017,,,-1.106905,-0.952936,FSM,400249
11500889,79,6762,2018,,,-0.969202,-0.974952,FSM,400249
11500890,79,6762,2019,,,-1.11436,-0.9806819999999999,FSM,400249
11500891,79,6762,2020,,,-0.845915,-0.964045,FSM,400249
11500892,80,6762,1995,,,-1.445673,-1.099128,GAB,400249
11500893,80,6762,1996,0.0,22045.0,-1.693615,-1.174433,GAB,400249
11500894,80,6762,1997,0.0,25554.0,-1.177994,-1.134955,GAB,400249
11500895,80,6762,1998,0.0,14954.0,-1.122225,-1.148066,GAB,400249
11500896,80,6762,1999,0.0,15697.0,-1.068733,-1.178405,GAB,400249
11500897,80,6762,2000,0.0,9903.0,-0.7179909999999999,-1.1375170000000001,GAB,400249
11500898,80,6762,2001,0.0,12461.0,-1.063007,-1.181284,GAB,400249
11500899,80,6762,2002,,,-0.830094,-1.149233,GAB,400249
11500900,80,6762,2003,,,-0.92745,-1.138466,GAB,400249
11500901,80,6762,2004,,,-0.700329,-1.137018,GAB,400249
11500902,80,6762,2005,0.0,2927.0,-1.4162700000000001,-1.173227,GAB,400249
11500903,80,6762,2006,0.0,6627.0,-1.6696819999999999,-1.173322,GAB,400249
11500904,80,6762,2007,0.0,1353.0,-1.328633,-1.165045,GAB,400249
11500905,80,6762,2008,0.0,3673.0,-1.316179,-1.117633,GAB,400249
11500906,80,6762,2009,0.0,3062.0,-1.197711,-1.147469,GAB,400249
11500907,80,6762,2010,0.0,2531.0,-1.707175,-1.167635,GAB,400249
11500908,80,6762,2011,0.0,4352.0,-1.093784,-1.0849659999999999,GAB,400249
11500909,80,6762,2012,0.0,4201.0,-1.563872,-1.168605,GAB,400249
11500910,80,6762,2013,,,-1.6582830000000002,-1.155302,GAB,400249
11500911,80,6762,2014,,,-1.625474,-1.135973,GAB,400249
11500912,80,6762,2015,,,-1.384351,-1.209873,GAB,400249
11500913,80,6762,2016,,,-1.530568,-1.254999,GAB,400249
11500914,80,6762,2017,,,-1.109612,-1.177577,GAB,400249
11500915,80,6762,2018,,,-1.4979200000000001,-1.180407,GAB,400249
11500916,80,6762,2019,,,-1.08556,-1.183434,GAB,400249
11500917,80,6762,2020,,,-1.6422990000000002,-1.207249,GAB,400249
11500918,81,6762,1995,76406439.0,21504420.0,1.8656979999999999,1.107121,GBR,400249
11500919,81,6762,1996,57718617.0,24311269.0,1.850284,0.883084,GBR,400249
11500920,81,6762,1997,48674488.0,24245812.0,1.886353,0.783832,GBR,400249
11500921,81,6762,1998,30765815.0,21593030.0,1.906738,0.489101,GBR,400249
11500922,81,6762,1999,7567053.0,14754747.0,1.9523830000000002,0.771455,GBR,400249
11500923,81,6762,2000,3730565.0,16921112.0,1.957339,0.610052,GBR,400249
11500924,81,6762,2001,1540702.0,13884525.0,1.976894,0.685435,GBR,400249
11500925,81,6762,2002,3291367.0,17981569.0,1.893177,0.831382,GBR,400249
11500926,81,6762,2003,2884599.0,14918364.0,1.8712540000000002,0.706205,GBR,400249
11500927,81,6762,2004,1101021.0,15612690.0,1.843506,0.684779,GBR,400249
11500928,81,6762,2005,1653486.0,13164913.0,1.805023,0.425654,GBR,400249
11500929,81,6762,2006,4107656.0,15381986.0,1.824154,0.614424,GBR,400249
11500930,81,6762,2007,4428388.0,18957717.0,1.718661,0.35525300000000004,GBR,400249
11500931,81,6762,2008,4837598.0,15827278.0,1.7586119999999998,0.061214,GBR,400249
11500932,81,6762,2009,3982790.0,5731746.0,1.7921779999999998,0.41211499999999995,GBR,400249
11500933,81,6762,2010,6168607.0,6406190.0,1.828224,0.386383,GBR,400249
11500934,81,6762,2011,2893767.0,10050575.0,1.8048220000000001,0.380141,GBR,400249
11500935,81,6762,2012,2859794.0,10928909.0,1.701279,0.518166,GBR,400249
11500936,81,6762,2013,3703024.0,9830174.0,1.7901259999999999,0.44164,GBR,400249
11500937,81,6762,2014,3501142.0,9697575.0,1.697964,0.585372,GBR,400249
11500938,81,6762,2015,3062943.0,7594763.0,1.7422990000000003,0.75838,GBR,400249
11500939,81,6762,2016,3685971.0,5256621.0,1.6974669999999998,0.9231299999999999,GBR,400249
11500940,81,6762,2017,2843695.0,5435767.0,1.6883119999999998,0.8347469999999999,GBR,400249
11500941,81,6762,2018,2918454.0,8761034.0,1.693008,0.768159,GBR,400249
11500942,81,6762,2019,2549499.0,7465143.0,1.731106,0.717566,GBR,400249
11500943,81,6762,2020,2602674.0,4853360.0,1.6459,0.7702640000000001,GBR,400249
11500944,82,6762,1995,,,1.082754,0.059275,GEO,400249
11500945,82,6762,1996,,,0.5383020000000001,0.167596,GEO,400249
11500946,82,6762,1997,20335.0,0.0,0.304927,-0.082,GEO,400249
11500947,82,6762,1998,,,0.644307,0.304707,GEO,400249
11500948,82,6762,1999,28550.0,0.0,0.50297,0.042010000000000006,GEO,400249
11500949,82,6762,2000,,,0.571461,0.10845999999999999,GEO,400249
11500950,82,6762,2001,,,0.585568,-0.047744999999999996,GEO,400249
11500951,82,6762,2002,25969.0,0.0,0.662382,-0.124825,GEO,400249
11500952,82,6762,2003,,,0.595485,-0.25939,GEO,400249
11500953,82,6762,2004,19651.0,0.0,0.381348,-0.44259,GEO,400249
11500954,82,6762,2005,,,0.041261,-0.530021,GEO,400249
11500955,82,6762,2006,129041.0,0.0,0.076711,-0.47216099999999994,GEO,400249
11500956,82,6762,2007,266433.0,50898.0,0.016077,-0.386962,GEO,400249
11500957,82,6762,2008,123329.0,0.0,-0.355095,-0.660181,GEO,400249
11500958,82,6762,2009,,,0.045952,-0.381822,GEO,400249
11500959,82,6762,2010,76071.0,0.0,-0.21301399999999998,-0.48355299999999996,GEO,400249
11500960,82,6762,2011,0.0,1330.0,-0.07754,-0.35434699999999997,GEO,400249
11500961,82,6762,2012,13124.0,0.0,-0.29418,-0.63162,GEO,400249
11500962,82,6762,2013,0.0,1327.0,-0.160691,-0.393419,GEO,400249
11500963,82,6762,2014,32673.0,0.0,-0.254106,-0.646584,GEO,400249
11500964,82,6762,2015,159384.0,3216.0,-0.343663,-0.588017,GEO,400249
11500965,82,6762,2016,0.0,1250.0,-0.388359,-0.51175,GEO,400249
11500966,82,6762,2017,968.0,0.0,-0.241749,-0.374727,GEO,400249
11500967,82,6762,2018,7826.0,0.0,-0.049871,-0.28439899999999996,GEO,400249
11500968,82,6762,2019,,,-0.057798,-0.206771,GEO,400249
11500969,82,6762,2020,,,-0.199775,-0.38684,GEO,400249
11500970,83,6762,1995,,,-1.247755,-1.070455,GHA,400249
11500971,83,6762,1996,,,-1.035244,-0.9834129999999999,GHA,400249
11500972,83,6762,1997,6310.0,3321.0,-1.012728,-0.939893,GHA,400249
11500973,83,6762,1998,0.0,8691.0,-1.215123,-1.0427620000000002,GHA,400249
11500974,83,6762,1999,0.0,7526.0,-0.9444520000000001,-0.905826,GHA,400249
11500975,83,6762,2000,0.0,6540.0,-1.192608,-0.811986,GHA,400249
11500976,83,6762,2001,0.0,4712.0,-0.961067,-0.780449,GHA,400249
11500977,83,6762,2002,,,-1.333425,-1.0709879999999998,GHA,400249
11500978,83,6762,2003,,,-1.074188,-0.7127319999999999,GHA,400249
11500979,83,6762,2004,,,-1.2972540000000001,-0.9967219999999999,GHA,400249
11500980,83,6762,2005,,,-1.031092,-0.820743,GHA,400249
11500981,83,6762,2006,,,-0.9934860000000001,-0.809318,GHA,400249
11500982,83,6762,2007,0.0,33917.0,-0.906867,-0.565891,GHA,400249
11500983,83,6762,2008,0.0,16464.0,-0.9339360000000001,-0.701724,GHA,400249
11500984,83,6762,2009,0.0,21316.0,-0.909436,-0.6619470000000001,GHA,400249
11500985,83,6762,2010,,,-0.835003,-0.633731,GHA,400249
11500986,83,6762,2011,0.0,3919.0,-0.8627319999999999,-0.608823,GHA,400249
11500987,83,6762,2012,346964.0,0.0,-0.9610920000000001,-0.745232,GHA,400249
11500988,83,6762,2013,,,-0.7316010000000001,-0.5327689999999999,GHA,400249
11500989,83,6762,2014,0.0,8736.0,-1.130226,-0.9909379999999999,GHA,400249
11500990,83,6762,2015,0.0,16279.0,-0.750568,-0.690257,GHA,400249
11500991,83,6762,2016,0.0,13946.0,-0.945358,-0.805301,GHA,400249
11500992,83,6762,2017,0.0,13575.0,-0.929143,-0.811439,GHA,400249
11500993,83,6762,2018,0.0,7815.0,-0.956109,-0.861556,GHA,400249
11500994,83,6762,2019,0.0,1652.0,-0.9581,-0.8727879999999999,GHA,400249
11500995,83,6762,2020,,,-0.973506,-0.9559139999999999,GHA,400249
11500996,84,6762,1995,,,0.784189,-0.224741,GIB,400249
11500997,84,6762,1996,,,0.932001,-0.20733400000000002,GIB,400249
11500998,84,6762,1997,,,0.811642,-0.186555,GIB,400249
11500999,84,6762,1998,,,0.6941689999999999,-0.21656,GIB,400249
11501000,84,6762,1999,,,0.609578,-0.316135,GIB,400249
11501001,84,6762,2000,,,0.589325,-0.358073,GIB,400249
11501002,84,6762,2001,,,0.5955739999999999,-0.39100799999999997,GIB,400249
11501003,84,6762,2002,,,0.814919,-0.205996,GIB,400249
11501004,84,6762,2003,,,1.133606,-0.176782,GIB,400249
11501005,84,6762,2004,,,0.466397,-0.627153,GIB,400249
11501006,84,6762,2005,,,0.637355,-0.465557,GIB,400249
11501007,84,6762,2006,,,0.8370120000000001,-0.35099400000000003,GIB,400249
11501008,84,6762,2007,,,0.794616,-0.287001,GIB,400249
11501009,84,6762,2008,,,0.938815,-0.361914,GIB,400249
11501010,84,6762,2009,,,0.9646979999999999,-0.461183,GIB,400249
11501011,84,6762,2010,,,0.570018,-0.585911,GIB,400249
11501012,84,6762,2011,,,0.8442850000000001,-0.435222,GIB,400249
11501013,84,6762,2012,,,0.930638,-0.558299,GIB,400249
11501014,84,6762,2013,,,0.991136,-0.603793,GIB,400249
11501015,84,6762,2014,,,0.275796,-0.720217,GIB,400249
11501016,84,6762,2015,,,0.535143,-0.750155,GIB,400249
11501017,84,6762,2016,,,0.8535370000000001,-0.661778,GIB,400249
11501018,84,6762,2017,,,0.767836,-0.725273,GIB,400249
11501019,84,6762,2018,,,0.420756,-0.6854140000000001,GIB,400249
11501020,84,6762,2019,,,0.5167470000000001,-0.484465,GIB,400249
11501021,84,6762,2020,,,0.710597,-0.445858,GIB,400249
11501022,85,6762,1995,,,-1.304768,-1.077826,GIN,400249
11501023,85,6762,1996,,,-1.2641930000000001,-1.1317409999999999,GIN,400249
11501024,85,6762,1997,,,-1.529401,-1.163973,GIN,400249
11501025,85,6762,1998,0.0,1708.0,-1.676035,-1.248894,GIN,400249
11501026,85,6762,1999,0.0,6273.0,-1.950321,-1.269807,GIN,400249
11501027,85,6762,2000,0.0,2839.0,-1.523998,-1.197719,GIN,400249
11501028,85,6762,2001,,,-1.5380340000000001,-1.200083,GIN,400249
11501029,85,6762,2002,0.0,2058.0,-1.85329,-1.243105,GIN,400249
11501030,85,6762,2003,,,-2.14752,-1.250048,GIN,400249
11501031,85,6762,2004,,,-1.314543,-1.155153,GIN,400249
11501032,85,6762,2005,,,-1.55683,-1.200541,GIN,400249
11501033,85,6762,2006,,,-1.8376720000000002,-1.229774,GIN,400249
11501034,85,6762,2007,,,-1.694335,-1.230744,GIN,400249
11501035,85,6762,2008,,,-1.530997,-1.171231,GIN,400249
11501036,85,6762,2009,,,-1.618121,-1.2200520000000001,GIN,400249
11501037,85,6762,2010,,,-1.6761720000000002,-1.181665,GIN,400249
11501038,85,6762,2011,,,-1.728661,-1.193353,GIN,400249
11501039,85,6762,2012,0.0,3950.0,-1.735487,-1.225333,GIN,400249
11501040,85,6762,2013,,,-1.1287459999999998,-1.069735,GIN,400249
11501041,85,6762,2014,,,-1.628409,-1.202473,GIN,400249
11501042,85,6762,2015,0.0,10565.0,-1.288329,-1.167532,GIN,400249
11501043,85,6762,2016,0.0,42231.0,-1.474753,-1.215627,GIN,400249
11501044,85,6762,2017,,,-1.7560669999999998,-1.2747680000000001,GIN,400249
11501045,85,6762,2018,,,-1.036697,-1.1562860000000001,GIN,400249
11501046,85,6762,2019,,,-1.366633,-1.196123,GIN,400249
11501047,85,6762,2020,,,-1.841029,-1.233167,GIN,400249
11501048,86,6762,1995,0.0,4151.0,0.563491,-0.18852,GLP,400249
11501049,86,6762,1996,,,,,GLP,400249
11501050,86,6762,1997,,,,,GLP,400249
11501051,86,6762,1998,,,,,GLP,400249
11501052,86,6762,1999,,,,,GLP,400249
11501053,86,6762,2000,,,,,GLP,400249
11501054,86,6762,2001,,,,,GLP,400249
11501055,86,6762,2002,,,,,GLP,400249
11501056,86,6762,2003,,,,,GLP,400249
11501057,86,6762,2004,,,,,GLP,400249
11501058,86,6762,2005,,,,,GLP,400249
11501059,86,6762,2006,,,,,GLP,400249
11501060,86,6762,2007,,,,,GLP,400249
11501061,86,6762,2008,,,,,GLP,400249
11501062,86,6762,2009,,,,,GLP,400249
11501063,86,6762,2010,,,,,GLP,400249
11501064,86,6762,2011,,,,,GLP,400249
11501065,86,6762,2012,,,,,GLP,400249
11501066,86,6762,2013,,,,,GLP,400249
11501067,86,6762,2014,,,,,GLP,400249
11501068,86,6762,2015,,,,,GLP,400249
11501069,86,6762,2016,,,,,GLP,400249
11501070,86,6762,2017,,,,,GLP,400249
11501071,86,6762,2018,,,,,GLP,400249
11501072,86,6762,2019,,,,,GLP,400249
11501073,86,6762,2020,,,,,GLP,400249
11501074,87,6762,1995,,,-0.605221,-0.700982,GMB,400249
11501075,87,6762,1996,,,-1.028677,-0.8440540000000001,GMB,400249
11501076,87,6762,1997,30935.0,1809.0,-0.6977300000000001,-0.7753720000000001,GMB,400249
11501077,87,6762,1998,,,-0.8280120000000001,-0.783022,GMB,400249
11501078,87,6762,1999,0.0,1385.0,-0.768406,-0.764934,GMB,400249
11501079,87,6762,2000,,,-0.468837,-0.532772,GMB,400249
11501080,87,6762,2001,0.0,2879.0,-0.160182,-0.24737399999999998,GMB,400249
11501081,87,6762,2002,,,0.075971,-0.068413,GMB,400249
11501082,87,6762,2003,,,-0.230541,-0.275663,GMB,400249
11501083,87,6762,2004,,,-0.135943,-0.226541,GMB,400249
11501084,87,6762,2005,,,-0.223043,-0.361032,GMB,400249
11501085,87,6762,2006,,,-0.378539,-0.48427200000000004,GMB,400249
11501086,87,6762,2007,,,-0.8336680000000001,-0.8261860000000001,GMB,400249
11501087,87,6762,2008,0.0,1369.0,-0.39378,-0.509879,GMB,400249
11501088,87,6762,2009,,,-0.573979,-0.644636,GMB,400249
11501089,87,6762,2010,,,-0.894757,-0.734589,GMB,400249
11501090,87,6762,2011,,,-0.621556,-0.64336,GMB,400249
11501091,87,6762,2012,,,-0.488296,-0.6730510000000001,GMB,400249
11501092,87,6762,2013,,,-0.5571550000000001,-0.6860310000000001,GMB,400249
11501093,87,6762,2014,,,-0.905488,-0.7892819999999999,GMB,400249
11501094,87,6762,2015,,,-0.984775,-0.877886,GMB,400249
11501095,87,6762,2016,,,-0.743023,-0.833044,GMB,400249
11501096,87,6762,2017,,,-1.161814,-0.9317190000000001,GMB,400249
11501097,87,6762,2018,,,-0.85649,-0.761513,GMB,400249
11501098,87,6762,2019,,,-1.0174450000000002,-0.790743,GMB,400249
11501099,87,6762,2020,0.0,16692.0,-1.11216,-0.956471,GMB,400249
11501100,88,6762,1995,,,-1.58566,-0.8226829999999999,GNB,400249
11501101,88,6762,1996,,,-1.853188,-0.8371649999999999,GNB,400249
11501102,88,6762,1997,,,-1.9366400000000001,-1.000259,GNB,400249
11501103,88,6762,1998,,,-1.8103790000000002,-0.9481790000000001,GNB,400249
11501104,88,6762,1999,,,-1.7561959999999999,-0.957758,GNB,400249
11501105,88,6762,2000,,,-2.4014330000000004,-1.001641,GNB,400249
11501106,88,6762,2001,,,-1.580625,-0.9665860000000001,GNB,400249
11501107,88,6762,2002,,,-0.661416,-0.8644870000000001,GNB,400249
11501108,88,6762,2003,,,0.24509499999999998,-0.612725,GNB,400249
11501109,88,6762,2004,,,-1.423263,-0.9892280000000001,GNB,400249
11501110,88,6762,2005,,,-1.631378,-0.9792690000000001,GNB,400249
11501111,88,6762,2006,,,-1.528471,-0.926991,GNB,400249
11501112,88,6762,2007,,,-1.416947,-1.011782,GNB,400249
11501113,88,6762,2008,,,-1.9234919999999998,-1.055369,GNB,400249
11501114,88,6762,2009,,,-0.6868890000000001,-0.9243459999999999,GNB,400249
11501115,88,6762,2010,,,-1.695338,-0.9196790000000001,GNB,400249
11501116,88,6762,2011,,,-0.839621,-0.6918850000000001,GNB,400249
11501117,88,6762,2012,,,-1.6792029999999998,-1.0008629999999998,GNB,400249
11501118,88,6762,2013,,,-2.414729,-0.9398700000000001,GNB,400249
11501119,88,6762,2014,,,-1.6723700000000001,-0.896442,GNB,400249
11501120,88,6762,2015,,,-2.6546,-1.010989,GNB,400249
11501121,88,6762,2016,,,-1.671858,-1.043328,GNB,400249
11501122,88,6762,2017,,,-2.418518,-0.954242,GNB,400249
11501123,88,6762,2018,,,-2.260375,-1.038929,GNB,400249
11501124,88,6762,2019,,,-1.9842009999999999,-1.0293379999999999,GNB,400249
11501125,88,6762,2020,,,-1.172138,-0.944076,GNB,400249
11501126,89,6762,1995,,,-2.276493,-0.847433,GNQ,400249
11501127,89,6762,1996,,,-1.832253,-0.7935300000000001,GNQ,400249
11501128,89,6762,1997,,,-1.447242,-0.830466,GNQ,400249
11501129,89,6762,1998,,,-2.5150919999999997,-0.9077930000000001,GNQ,400249
11501130,89,6762,1999,,,-1.390101,-0.91989,GNQ,400249
11501131,89,6762,2000,,,-2.387934,-0.9495290000000001,GNQ,400249
11501132,89,6762,2001,,,-2.0882959999999997,-0.921539,GNQ,400249
11501133,89,6762,2002,,,-2.3567560000000003,-0.88686,GNQ,400249
11501134,89,6762,2003,,,-2.4406529999999997,-0.821155,GNQ,400249
11501135,89,6762,2004,,,-1.093261,-0.8802639999999999,GNQ,400249
11501136,89,6762,2005,,,-1.804466,-0.83998,GNQ,400249
11501137,89,6762,2006,,,-2.188173,-0.8631700000000001,GNQ,400249
11501138,89,6762,2007,,,-1.406911,-0.8466950000000001,GNQ,400249
11501139,89,6762,2008,,,-1.059208,-0.843542,GNQ,400249
11501140,89,6762,2009,0.0,1590.0,-1.426661,-0.9459870000000001,GNQ,400249
11501141,89,6762,2010,,,-1.077402,-0.86556,GNQ,400249
11501142,89,6762,2011,,,-1.634315,-0.7567729999999999,GNQ,400249
11501143,89,6762,2012,,,-1.297351,-0.926208,GNQ,400249
11501144,89,6762,2013,0.0,6804.0,-1.521575,-0.814708,GNQ,400249
11501145,89,6762,2014,,,-2.043516,-0.844701,GNQ,400249
11501146,89,6762,2015,,,-1.585577,-0.9044979999999999,GNQ,400249
11501147,89,6762,2016,,,-1.766286,-0.9607709999999999,GNQ,400249
11501148,89,6762,2017,,,-1.735486,-0.9254180000000001,GNQ,400249
11501149,89,6762,2018,,,-2.017117,-0.975924,GNQ,400249
11501150,89,6762,2019,0.0,8722.0,-1.9057680000000001,-0.968132,GNQ,400249
11501151,89,6762,2020,,,-1.5979940000000001,-0.9529340000000001,GNQ,400249
11501152,90,6762,1995,147940.0,2694945.0,0.17369,0.885756,GRC,400249
11501153,90,6762,1996,0.0,2779657.0,0.271386,1.042608,GRC,400249
11501154,90,6762,1997,21483.0,1478904.0,0.229516,1.085225,GRC,400249
11501155,90,6762,1998,154180.0,1503010.0,0.183835,1.1512790000000002,GRC,400249
11501156,90,6762,1999,29724.0,1434538.0,0.24943600000000002,1.172467,GRC,400249
11501157,90,6762,2000,17011.0,1547728.0,0.30201300000000003,1.4171799999999999,GRC,400249
11501158,90,6762,2001,6583.0,1419502.0,0.31387600000000004,1.3614600000000001,GRC,400249
11501159,90,6762,2002,216566.0,1221788.0,0.31858000000000003,1.47417,GRC,400249
11501160,90,6762,2003,22900.0,1022647.0,0.364688,1.4823959999999998,GRC,400249
11501161,90,6762,2004,53396.0,1547828.0,0.348853,1.661656,GRC,400249
11501162,90,6762,2005,98665.0,1552668.0,0.321907,1.7731669999999997,GRC,400249
11501163,90,6762,2006,38090.0,1710553.0,0.261955,1.488958,GRC,400249
11501164,90,6762,2007,312076.0,2799300.0,0.348709,1.674567,GRC,400249
11501165,90,6762,2008,295376.0,1668607.0,0.33272399999999996,1.758188,GRC,400249
11501166,90,6762,2009,185097.0,1243091.0,0.2196,1.63301,GRC,400249
11501167,90,6762,2010,21034.0,871685.0,0.200249,1.4640090000000001,GRC,400249
11501168,90,6762,2011,256705.0,1613249.0,0.138679,1.30044,GRC,400249
11501169,90,6762,2012,1016355.0,1683499.0,0.20949600000000002,1.086158,GRC,400249
11501170,90,6762,2013,28743.0,2289710.0,0.18823800000000002,0.910906,GRC,400249
11501171,90,6762,2014,7312.0,2036612.0,0.149337,0.8560540000000001,GRC,400249
11501172,90,6762,2015,38398.0,1136395.0,0.099027,1.012289,GRC,400249
11501173,90,6762,2016,38366.0,413876.0,0.12153499999999999,1.126101,GRC,400249
11501174,90,6762,2017,33409.0,765069.0,0.154098,1.151038,GRC,400249
11501175,90,6762,2018,107786.0,711583.0,0.059539999999999996,1.0321879999999999,GRC,400249
11501176,90,6762,2019,300280.0,782782.0,0.08904400000000001,1.059396,GRC,400249
11501177,90,6762,2020,123915.0,449007.0,0.199011,1.087811,GRC,400249
11501178,91,6762,1995,,,0.15883699999999998,-0.514984,GRD,400249
11501179,91,6762,1996,,,0.285534,-0.37242600000000003,GRD,400249
11501180,91,6762,1997,,,0.24891799999999997,-0.44986499999999996,GRD,400249
11501181,91,6762,1998,,,-0.249689,-0.7117,GRD,400249
11501182,91,6762,1999,,,-0.157276,-0.625791,GRD,400249
11501183,91,6762,2000,,,0.26865500000000003,-0.449797,GRD,400249
11501184,91,6762,2001,0.0,3514.0,-0.007888,-0.518167,GRD,400249
11501185,91,6762,2002,,,0.552833,-0.283761,GRD,400249
11501186,91,6762,2003,,,0.3936,-0.258355,GRD,400249
11501187,91,6762,2004,,,0.40210100000000004,-0.382662,GRD,400249
11501188,91,6762,2005,,,0.18640299999999999,-0.5731930000000001,GRD,400249
11501189,91,6762,2006,,,0.19208599999999998,-0.40781,GRD,400249
11501190,91,6762,2007,,,0.043229000000000004,-0.664795,GRD,400249
11501191,91,6762,2008,,,0.6186010000000001,-0.170518,GRD,400249
11501192,91,6762,2009,,,0.035948,-0.586996,GRD,400249
11501193,91,6762,2010,,,-0.1543,-0.779396,GRD,400249
11501194,91,6762,2011,2311.0,0.0,-0.11610999999999999,-0.579971,GRD,400249
11501195,91,6762,2012,,,0.20538800000000001,-0.529008,GRD,400249
11501196,91,6762,2013,,,0.073206,-0.567926,GRD,400249
11501197,91,6762,2014,,,-0.184151,-0.7291270000000001,GRD,400249
11501198,91,6762,2015,,,0.296552,-0.335908,GRD,400249
11501199,91,6762,2016,,,0.6993729999999999,-0.250698,GRD,400249
11501200,91,6762,2017,0.0,16384.0,0.384656,-0.317098,GRD,400249
11501201,91,6762,2018,,,0.28333800000000003,-0.40042,GRD,400249
11501202,91,6762,2019,,,0.297653,-0.409112,GRD,400249
11501203,91,6762,2020,,,0.285169,-0.284221,GRD,400249
11501204,92,6762,1995,,,-0.723404,-0.794883,GRL,400249
11501205,92,6762,1996,,,-0.8826879999999999,-0.777868,GRL,400249
11501206,92,6762,1997,,,-0.880433,-0.8654799999999999,GRL,400249
11501207,92,6762,1998,,,-1.011085,-0.8786809999999999,GRL,400249
11501208,92,6762,1999,,,-0.832216,-0.906492,GRL,400249
11501209,92,6762,2000,,,-0.565631,-0.867934,GRL,400249
11501210,92,6762,2001,,,0.199595,-0.73547,GRL,400249
11501211,92,6762,2002,,,-0.592221,-0.8956799999999999,GRL,400249
11501212,92,6762,2003,,,-0.764655,-0.8684200000000001,GRL,400249
11501213,92,6762,2004,,,-1.31451,-0.969981,GRL,400249
11501214,92,6762,2005,,,-0.8994700000000001,-0.922005,GRL,400249
11501215,92,6762,2006,,,-1.0014,-0.935995,GRL,400249
11501216,92,6762,2007,,,-1.102012,-0.978591,GRL,400249
11501217,92,6762,2008,,,-0.669996,-0.909798,GRL,400249
11501218,92,6762,2009,,,-1.29302,-1.024092,GRL,400249
11501219,92,6762,2010,,,-0.45149700000000004,-0.9039299999999999,GRL,400249
11501220,92,6762,2011,,,-0.669044,-0.787142,GRL,400249
11501221,92,6762,2012,,,-0.723743,-0.938377,GRL,400249
11501222,92,6762,2013,,,-0.801617,-0.8734120000000001,GRL,400249
11501223,92,6762,2014,,,-1.168495,-0.93096,GRL,400249
11501224,92,6762,2015,,,-1.017707,-0.913467,GRL,400249
11501225,92,6762,2016,,,-1.15173,-0.9915700000000001,GRL,400249
11501226,92,6762,2017,,,-1.226963,-0.9309620000000001,GRL,400249
11501227,92,6762,2018,,,-1.384795,-1.004781,GRL,400249
11501228,92,6762,2019,,,-0.808258,-0.936559,GRL,400249
11501229,92,6762,2020,,,-1.262925,-0.9767549999999999,GRL,400249
11501230,93,6762,1995,0.0,485995.0,-0.241468,0.170932,GTM,400249
11501231,93,6762,1996,0.0,283985.0,-0.332901,0.23790300000000003,GTM,400249
11501232,93,6762,1997,2979.0,505593.0,-0.310042,0.2096,GTM,400249
11501233,93,6762,1998,0.0,987217.0,-0.344999,0.155524,GTM,400249
11501234,93,6762,1999,0.0,581093.0,-0.459323,0.210247,GTM,400249
11501235,93,6762,2000,0.0,336927.0,-0.452607,0.317698,GTM,400249
11501236,93,6762,2001,0.0,397748.0,-0.5089520000000001,0.216677,GTM,400249
11501237,93,6762,2002,0.0,254787.0,-0.548834,-0.034464999999999996,GTM,400249
11501238,93,6762,2003,0.0,253413.0,-0.444162,0.145319,GTM,400249
11501239,93,6762,2004,0.0,140434.0,-0.46136000000000005,0.148122,GTM,400249
11501240,93,6762,2005,0.0,210183.0,-0.414479,0.41440200000000005,GTM,400249
11501241,93,6762,2006,3505.0,328455.0,-0.28642199999999995,0.5868439999999999,GTM,400249
11501242,93,6762,2007,7864.0,416457.0,-0.261899,0.643437,GTM,400249
11501243,93,6762,2008,1271.0,993139.0,-0.271973,0.720486,GTM,400249
11501244,93,6762,2009,34002.0,528886.0,-0.33276999999999995,0.551257,GTM,400249
11501245,93,6762,2010,0.0,1164066.0,-0.39034,0.743521,GTM,400249
11501246,93,6762,2011,0.0,1110497.0,-0.329497,0.775369,GTM,400249
11501247,93,6762,2012,6419.0,1112006.0,-0.265127,0.626089,GTM,400249
11501248,93,6762,2013,6858.0,980383.0,-0.41466499999999995,0.774788,GTM,400249
11501249,93,6762,2014,1335.0,1182542.0,-0.36547199999999996,0.548894,GTM,400249
11501250,93,6762,2015,1432.0,1009129.0,-0.284403,0.525564,GTM,400249
11501251,93,6762,2016,9833.0,996812.0,-0.414843,0.382162,GTM,400249
11501252,93,6762,2017,6873.0,1355714.0,-0.418538,0.557454,GTM,400249
11501253,93,6762,2018,0.0,2112778.0,-0.362668,0.520826,GTM,400249
11501254,93,6762,2019,2617.0,1551687.0,-0.43447299999999994,0.658475,GTM,400249
11501255,93,6762,2020,4314.0,1144803.0,-0.32240100000000005,0.542048,GTM,400249
11501256,94,6762,1995,,,1.1777959999999998,-0.052863,GUF,400249
11501257,94,6762,1996,,,,,GUF,400249
11501258,94,6762,1997,,,,,GUF,400249
11501259,94,6762,1998,,,,,GUF,400249
11501260,94,6762,1999,,,,,GUF,400249
11501261,94,6762,2000,,,,,GUF,400249
11501262,94,6762,2001,,,,,GUF,400249
11501263,94,6762,2002,,,,,GUF,400249
11501264,94,6762,2003,,,,,GUF,400249
11501265,94,6762,2004,,,,,GUF,400249
11501266,94,6762,2005,,,,,GUF,400249
11501267,94,6762,2006,,,,,GUF,400249
11501268,94,6762,2007,,,,,GUF,400249
11501269,94,6762,2008,,,,,GUF,400249
11501270,94,6762,2009,,,,,GUF,400249
11501271,94,6762,2010,,,,,GUF,400249
11501272,94,6762,2011,,,,,GUF,400249
11501273,94,6762,2012,,,,,GUF,400249
11501274,94,6762,2013,,,,,GUF,400249
11501275,94,6762,2014,,,,,GUF,400249
11501276,94,6762,2015,,,,,GUF,400249
11501277,94,6762,2016,,,,,GUF,400249
11501278,94,6762,2017,,,,,GUF,400249
11501279,94,6762,2018,,,,,GUF,400249
11501280,94,6762,2019,,,,,GUF,400249
11501281,94,6762,2020,,,,,GUF,400249
11501282,95,6762,1995,,,,,GUM,400249
11501283,95,6762,1996,,,,,GUM,400249
11501284,95,6762,1997,,,,,GUM,400249
11501285,95,6762,1998,,,,,GUM,400249
11501286,95,6762,1999,,,,,GUM,400249
11501287,95,6762,2000,,,-0.432621,-0.897784,GUM,400249
11501288,95,6762,2001,,,-0.228818,-0.8545719999999999,GUM,400249
11501289,95,6762,2002,,,-0.516203,-0.803461,GUM,400249
11501290,95,6762,2003,,,-0.139991,-0.570695,GUM,400249
11501291,95,6762,2004,,,0.13034500000000002,-0.40525700000000003,GUM,400249
11501292,95,6762,2005,,,0.10963699999999998,-0.44295,GUM,400249
11501293,95,6762,2006,,,0.385261,-0.26928,GUM,400249
11501294,95,6762,2007,,,0.571674,-0.282353,GUM,400249
11501295,95,6762,2008,,,0.33915,-0.240079,GUM,400249
11501296,95,6762,2009,,,0.518098,-0.124172,GUM,400249
11501297,95,6762,2010,,,0.726384,0.182999,GUM,400249
11501298,95,6762,2011,,,0.675826,0.157468,GUM,400249
11501299,95,6762,2012,,,0.392913,-0.070977,GUM,400249
11501300,95,6762,2013,,,0.483541,0.281968,GUM,400249
11501301,95,6762,2014,,,0.6368119999999999,-0.01771,GUM,400249
11501302,95,6762,2015,,,0.658226,0.030897000000000004,GUM,400249
11501303,95,6762,2016,,,0.659809,-0.066939,GUM,400249
11501304,95,6762,2017,,,0.638232,0.033204000000000004,GUM,400249
11501305,95,6762,2018,,,0.560314,-0.11880299999999999,GUM,400249
11501306,95,6762,2019,,,0.12159400000000001,-0.657729,GUM,400249
11501307,95,6762,2020,,,0.27266399999999996,-0.638288,GUM,400249
11501308,96,6762,1995,,,-0.8856,-0.8413700000000001,GUY,400249
11501309,96,6762,1996,,,-0.567617,-0.766822,GUY,400249
11501310,96,6762,1997,,,-0.7141810000000001,-0.8589030000000001,GUY,400249
11501311,96,6762,1998,,,-0.8204450000000001,-0.8914200000000001,GUY,400249
11501312,96,6762,1999,,,-0.97619,-0.8785709999999999,GUY,400249
11501313,96,6762,2000,,,-1.127205,-0.962915,GUY,400249
11501314,96,6762,2001,,,-0.955816,-0.8593069999999999,GUY,400249
11501315,96,6762,2002,,,-0.9485889999999999,-0.9086489999999999,GUY,400249
11501316,96,6762,2003,,,-0.59035,-0.7361340000000001,GUY,400249
11501317,96,6762,2004,,,-1.046232,-0.985188,GUY,400249
11501318,96,6762,2005,0.0,1119.0,-0.618542,-0.771821,GUY,400249
11501319,96,6762,2006,,,-0.813775,-0.8000649999999999,GUY,400249
11501320,96,6762,2007,,,-0.889957,-0.873185,GUY,400249
11501321,96,6762,2008,,,-1.0439530000000001,-0.962007,GUY,400249
11501322,96,6762,2009,,,-1.0557809999999999,-1.055825,GUY,400249
11501323,96,6762,2010,0.0,12040.0,-1.020217,-1.0231569999999999,GUY,400249
11501324,96,6762,2011,0.0,12056.0,-1.079231,-1.0280989999999999,GUY,400249
11501325,96,6762,2012,,,-0.734614,-0.8208489999999999,GUY,400249
11501326,96,6762,2013,,,-0.8555590000000001,-0.9744450000000001,GUY,400249
11501327,96,6762,2014,0.0,3976.0,-1.068777,-1.038227,GUY,400249
11501328,96,6762,2015,,,-1.018758,-1.056085,GUY,400249
11501329,96,6762,2016,,,-0.4755,-0.778335,GUY,400249
11501330,96,6762,2017,,,-0.703271,-0.898648,GUY,400249
11501331,96,6762,2018,0.0,7678.0,-0.841458,-0.9803280000000001,GUY,400249
11501332,96,6762,2019,0.0,6074.0,-0.308365,-0.7833359999999999,GUY,400249
11501333,96,6762,2020,0.0,6870.0,-0.5874159999999999,-0.8020189999999999,GUY,400249
11501334,97,6762,1995,2823423.0,14822108.0,0.5244449999999999,2.682738,HKG,400249
11501335,97,6762,1996,3108558.0,18253780.0,0.54364,2.727659,HKG,400249
11501336,97,6762,1997,2872390.0,21314385.0,0.521942,2.578405,HKG,400249
11501337,97,6762,1998,4280522.0,25627670.0,0.46966099999999994,2.5744029999999998,HKG,400249
11501338,97,6762,1999,2663468.0,20419468.0,0.387427,2.402434,HKG,400249
11501339,97,6762,2000,5273849.0,21494960.0,0.416202,2.4793950000000002,HKG,400249
11501340,97,6762,2001,4167610.0,21901094.0,0.521528,2.3025,HKG,400249
11501341,97,6762,2002,2411265.0,17870708.0,0.5701109999999999,1.989357,HKG,400249
11501342,97,6762,2003,1674538.0,18767233.0,0.494569,2.147062,HKG,400249
11501343,97,6762,2004,2815951.0,21265771.0,0.604825,2.098745,HKG,400249
11501344,97,6762,2005,2108810.0,19561878.0,0.5862149999999999,2.0303459999999998,HKG,400249
11501345,97,6762,2006,1591362.0,21313048.0,0.5776319999999999,2.076782,HKG,400249
11501346,97,6762,2007,1981457.0,22684366.0,0.639034,2.1086009999999997,HKG,400249
11501347,97,6762,2008,10691482.0,19408580.0,0.74435,2.149616,HKG,400249
11501348,97,6762,2009,832574.0,16318016.0,0.654964,1.98672,HKG,400249
11501349,97,6762,2010,1333051.0,23307471.0,0.715745,1.9780259999999998,HKG,400249
11501350,97,6762,2011,3506092.0,22637628.0,0.663588,1.902118,HKG,400249
11501351,97,6762,2012,4024154.0,19238468.0,0.8124979999999999,1.677497,HKG,400249
11501352,97,6762,2013,3962042.0,14691397.0,0.744383,1.923139,HKG,400249
11501353,97,6762,2014,5382468.0,14347394.0,0.812132,1.722493,HKG,400249
11501354,97,6762,2015,8964428.0,8503424.0,0.8255290000000001,1.8017279999999998,HKG,400249
11501355,97,6762,2016,3905757.0,7241411.0,0.8029029999999999,1.477249,HKG,400249
11501356,97,6762,2017,4103191.0,5718080.0,0.824982,1.7162220000000001,HKG,400249
11501357,97,6762,2018,5760512.0,5793460.0,0.843677,1.656073,HKG,400249
11501358,97,6762,2019,4034930.0,3565874.0,0.992556,1.523004,HKG,400249
11501359,97,6762,2020,1916071.0,1508019.0,1.070483,1.183618,HKG,400249
11501360,98,6762,1995,,,,,HMD,400249
11501361,98,6762,1996,,,,,HMD,400249
11501362,98,6762,1997,,,,,HMD,400249
11501363,98,6762,1998,,,,,HMD,400249
11501364,98,6762,1999,,,,,HMD,400249
11501365,98,6762,2000,,,0.5964520000000001,-0.776101,HMD,400249
11501366,98,6762,2001,,,0.646155,-0.73333,HMD,400249
11501367,98,6762,2002,,,0.0012929999999999999,-0.8448479999999999,HMD,400249
11501368,98,6762,2003,,,1.144117,-0.703569,HMD,400249
11501369,98,6762,2004,,,0.462296,-0.784625,HMD,400249
11501370,98,6762,2005,,,-1.00294,-0.900342,HMD,400249
11501371,98,6762,2006,,,0.247049,-0.780273,HMD,400249
11501372,98,6762,2007,,,0.645392,-0.6719970000000001,HMD,400249
11501373,98,6762,2008,,,0.319506,-0.794439,HMD,400249
11501374,98,6762,2009,,,1.877332,-0.753691,HMD,400249
11501375,98,6762,2010,,,1.514377,-0.696689,HMD,400249
11501376,98,6762,2011,,,1.101177,-0.534424,HMD,400249
11501377,98,6762,2012,,,-1.101992,-0.773688,HMD,400249
11501378,98,6762,2013,,,-1.285513,-0.81486,HMD,400249
11501379,98,6762,2014,,,1.634657,-0.634681,HMD,400249
11501380,98,6762,2015,,,0.7990550000000001,-0.871886,HMD,400249
11501381,98,6762,2016,,,1.1556879999999998,-0.877059,HMD,400249
11501382,98,6762,2017,,,1.734589,-0.733194,HMD,400249
11501383,98,6762,2018,,,0.799866,-0.8623620000000001,HMD,400249
11501384,98,6762,2019,,,-0.20277799999999999,-0.928184,HMD,400249
11501385,98,6762,2020,,,1.878707,-0.7548239999999999,HMD,400249
11501386,99,6762,1995,0.0,65683.0,-0.765536,-0.668834,HND,400249
11501387,99,6762,1996,0.0,103924.0,-0.69357,-0.48721400000000004,HND,400249
11501388,99,6762,1997,96711.0,124766.0,-0.832161,-0.5578270000000001,HND,400249
11501389,99,6762,1998,0.0,117614.0,-0.9326049999999999,-0.598527,HND,400249
11501390,99,6762,1999,0.0,146416.0,-0.8858290000000001,-0.530034,HND,400249
11501391,99,6762,2000,0.0,138411.0,-0.860977,-0.6851109999999999,HND,400249
11501392,99,6762,2001,0.0,106122.0,-0.8003060000000001,-0.602097,HND,400249
11501393,99,6762,2002,0.0,41358.0,-0.877043,-0.658185,HND,400249
11501394,99,6762,2003,0.0,9907.0,-0.733546,-0.568585,HND,400249
11501395,99,6762,2004,0.0,6508.0,-0.75975,-0.548407,HND,400249
11501396,99,6762,2005,0.0,73634.0,-0.731899,-0.54884,HND,400249
11501397,99,6762,2006,0.0,57009.0,-0.672074,-0.472138,HND,400249
11501398,99,6762,2007,0.0,236617.0,-0.6366,-0.327447,HND,400249
11501399,99,6762,2008,,,-0.5907,-0.351317,HND,400249
11501400,99,6762,2009,0.0,34002.0,-0.587607,-0.189167,HND,400249
11501401,99,6762,2010,0.0,155020.0,-0.569501,-0.153122,HND,400249
11501402,99,6762,2011,0.0,380959.0,-0.740241,-0.311952,HND,400249
11501403,99,6762,2012,0.0,235080.0,-0.45962299999999995,-0.002247,HND,400249
11501404,99,6762,2013,0.0,143164.0,-0.731431,-0.310927,HND,400249
11501405,99,6762,2014,0.0,251234.0,-0.467004,0.045511,HND,400249
11501406,99,6762,2015,0.0,187017.0,-0.578635,-0.292053,HND,400249
11501407,99,6762,2016,0.0,186280.0,-0.673741,-0.403777,HND,400249
11501408,99,6762,2017,0.0,153518.0,-0.6335689999999999,-0.334201,HND,400249
11501409,99,6762,2018,0.0,263858.0,-0.523738,-0.193198,HND,400249
11501410,99,6762,2019,0.0,268467.0,-0.6444439999999999,-0.203443,HND,400249
11501411,99,6762,2020,0.0,139261.0,-0.583329,-0.404227,HND,400249
11501412,100,6762,1995,0.0,1042717.0,0.75325,1.395715,HRV,400249
11501413,100,6762,1996,0.0,876712.0,0.772706,1.1075270000000002,HRV,400249
11501414,100,6762,1997,1665.0,728613.0,0.607903,1.147751,HRV,400249
11501415,100,6762,1998,0.0,752830.0,0.692779,0.9919530000000001,HRV,400249
11501416,100,6762,1999,0.0,598584.0,0.572934,0.9873639999999999,HRV,400249
11501417,100,6762,2000,0.0,292191.0,0.683921,1.0184959999999998,HRV,400249
11501418,100,6762,2001,0.0,248380.0,0.544596,0.969535,HRV,400249
11501419,100,6762,2002,0.0,262680.0,0.591276,1.030723,HRV,400249
11501420,100,6762,2003,0.0,468552.0,0.568394,1.230759,HRV,400249
11501421,100,6762,2004,1753.0,431915.0,0.6669970000000001,1.088043,HRV,400249
11501422,100,6762,2005,0.0,513846.0,0.687937,1.059269,HRV,400249
11501423,100,6762,2006,2743.0,1112718.0,0.755787,0.992614,HRV,400249
11501424,100,6762,2007,1003.0,1109517.0,0.7799699999999999,1.1047850000000001,HRV,400249
11501425,100,6762,2008,28505.0,1289033.0,0.874459,1.075102,HRV,400249
11501426,100,6762,2009,0.0,190375.0,0.740174,1.005258,HRV,400249
11501427,100,6762,2010,6435.0,210668.0,0.8276979999999999,0.97415,HRV,400249
11501428,100,6762,2011,28403.0,331972.0,0.868294,0.9424299999999999,HRV,400249
11501429,100,6762,2012,0.0,184523.0,0.890281,1.02053,HRV,400249
11501430,100,6762,2013,0.0,109325.0,0.898284,1.038807,HRV,400249
11501431,100,6762,2014,0.0,75292.0,0.804401,1.250807,HRV,400249
11501432,100,6762,2015,0.0,61925.0,0.7590140000000001,1.257415,HRV,400249
11501433,100,6762,2016,4642.0,33552.0,0.8695200000000001,1.214791,HRV,400249
11501434,100,6762,2017,0.0,99698.0,0.860825,1.365445,HRV,400249
11501435,100,6762,2018,6443.0,77110.0,0.7923720000000001,1.4047209999999999,HRV,400249
11501436,100,6762,2019,0.0,98302.0,0.850527,1.280845,HRV,400249
11501437,100,6762,2020,1992.0,4699.0,0.876001,1.250877,HRV,400249
11501438,101,6762,1995,0.0,72931.0,-0.761827,-0.6020310000000001,HTI,400249
11501439,101,6762,1996,0.0,61853.0,-0.865218,-0.723441,HTI,400249
11501440,101,6762,1997,0.0,67096.0,-0.945809,-0.7246560000000001,HTI,400249
11501441,101,6762,1998,0.0,118049.0,-1.186197,-0.925901,HTI,400249
11501442,101,6762,1999,0.0,63248.0,-1.321531,-0.934434,HTI,400249
11501443,101,6762,2000,0.0,16250.0,-1.119661,-0.823765,HTI,400249
11501444,101,6762,2001,0.0,34500.0,-1.220515,-0.8502200000000001,HTI,400249
11501445,101,6762,2002,0.0,51300.0,-1.220251,-0.8176859999999999,HTI,400249
11501446,101,6762,2003,,,-1.3761290000000002,-1.006346,HTI,400249
11501447,101,6762,2004,,,-1.348507,-0.979369,HTI,400249
11501448,101,6762,2005,,,-1.2804229999999999,-1.018106,HTI,400249
11501449,101,6762,2006,,,-1.037941,-0.9475790000000001,HTI,400249
11501450,101,6762,2007,,,-1.070524,-1.046209,HTI,400249
11501451,101,6762,2008,0.0,49640.0,-1.087836,-0.967734,HTI,400249
11501452,101,6762,2009,0.0,30297.0,-1.406148,-1.108465,HTI,400249
11501453,101,6762,2010,,,-1.369873,-1.121801,HTI,400249
11501454,101,6762,2011,0.0,39200.0,-1.263093,-1.086658,HTI,400249
11501455,101,6762,2012,0.0,27000.0,-0.8495739999999999,-0.972046,HTI,400249
11501456,101,6762,2013,,,-1.095392,-0.957326,HTI,400249
11501457,101,6762,2014,0.0,26469.0,-1.10887,-1.032108,HTI,400249
11501458,101,6762,2015,,,-1.288246,-1.018979,HTI,400249
11501459,101,6762,2016,0.0,2220.0,-1.30976,-1.010181,HTI,400249
11501460,101,6762,2017,0.0,12124.0,-1.0089219999999999,-0.946722,HTI,400249
11501461,101,6762,2018,0.0,12124.0,-0.914545,-0.890601,HTI,400249
11501462,101,6762,2019,0.0,13270.0,-1.120295,-0.967447,HTI,400249
11501463,101,6762,2020,0.0,13270.0,-1.028076,-0.884073,HTI,400249
11501464,102,6762,1995,93600.0,946276.0,0.878711,1.8200060000000002,HUN,400249
11501465,102,6762,1996,0.0,767188.0,0.790036,1.891534,HUN,400249
11501466,102,6762,1997,0.0,1378583.0,0.746743,1.577102,HUN,400249
11501467,102,6762,1998,14252.0,1295440.0,0.780392,1.450701,HUN,400249
11501468,102,6762,1999,18083.0,713565.0,0.794675,1.308337,HUN,400249
11501469,102,6762,2000,4445.0,695000.0,1.045661,1.198236,HUN,400249
11501470,102,6762,2001,84461.0,1131436.0,1.102262,1.138016,HUN,400249
11501471,102,6762,2002,996.0,1127478.0,1.179684,1.0574860000000001,HUN,400249
11501472,102,6762,2003,171134.0,1402157.0,1.2003270000000001,1.091407,HUN,400249
11501473,102,6762,2004,122314.0,1325610.0,1.207082,1.019714,HUN,400249
11501474,102,6762,2005,117182.0,1554786.0,1.3558,0.876179,HUN,400249
11501475,102,6762,2006,2248.0,1577777.0,1.4034309999999999,0.835144,HUN,400249
11501476,102,6762,2007,86449.0,2852451.0,1.4887709999999998,0.78372,HUN,400249
11501477,102,6762,2008,127913.0,2112390.0,1.3358299999999999,0.8177770000000001,HUN,400249
11501478,102,6762,2009,156751.0,1376301.0,1.397765,0.772375,HUN,400249
11501479,102,6762,2010,170788.0,1755046.0,1.514225,0.740341,HUN,400249
11501480,102,6762,2011,340689.0,3158629.0,1.486592,0.805642,HUN,400249
11501481,102,6762,2012,149850.0,3085778.0,1.396648,0.759196,HUN,400249
11501482,102,6762,2013,36919.0,3715320.0,1.506101,0.7279220000000001,HUN,400249
11501483,102,6762,2014,18673.0,3188758.0,1.477093,0.812869,HUN,400249
11501484,102,6762,2015,10933.0,1577338.0,1.462839,0.803258,HUN,400249
11501485,102,6762,2016,1913.0,2046778.0,1.445281,0.8422209999999999,HUN,400249
11501486,102,6762,2017,12669.0,3677124.0,1.4886270000000001,0.845986,HUN,400249
11501487,102,6762,2018,285733.0,3145045.0,1.519662,0.833092,HUN,400249
11501488,102,6762,2019,372230.0,3098361.0,1.462102,0.809183,HUN,400249
11501489,102,6762,2020,1003279.0,2510861.0,1.393152,0.878916,HUN,400249
11501490,103,6762,1995,2488.0,12116022.0,-0.391727,1.174727,IDN,400249
11501491,103,6762,1996,527288.0,11239523.0,-0.43199899999999997,1.22074,IDN,400249
11501492,103,6762,1997,0.0,11520912.0,-0.44080699999999995,1.220104,IDN,400249
11501493,103,6762,1998,144398.0,6909455.0,-0.478253,1.350652,IDN,400249
11501494,103,6762,1999,36530.0,8510534.0,-0.20447,1.568505,IDN,400249
11501495,103,6762,2000,58092.0,11025666.0,-0.125831,1.7116360000000002,IDN,400249
11501496,103,6762,2001,8277.0,10707714.0,-0.167771,1.6587889999999998,IDN,400249
11501497,103,6762,2002,19236.0,11503281.0,-0.10020499999999999,1.590314,IDN,400249
11501498,103,6762,2003,0.0,11106349.0,-0.16802,1.7252990000000001,IDN,400249
11501499,103,6762,2004,144807.0,10499370.0,-0.223644,1.719065,IDN,400249
11501500,103,6762,2005,3137.0,13968908.0,-0.273208,1.5252379999999999,IDN,400249
11501501,103,6762,2006,9937.0,14726874.0,-0.21012399999999998,1.467838,IDN,400249
11501502,103,6762,2007,38024.0,19333599.0,-0.192415,1.497962,IDN,400249
11501503,103,6762,2008,18013.0,22418285.0,-0.11154000000000001,1.4879850000000001,IDN,400249
11501504,103,6762,2009,15316.0,13732442.0,-0.253835,1.260101,IDN,400249
11501505,103,6762,2010,84438.0,21422995.0,-0.30878099999999997,1.07069,IDN,400249
11501506,103,6762,2011,128342.0,29298178.0,-0.234125,1.168384,IDN,400249
11501507,103,6762,2012,321067.0,30082279.0,-0.142318,1.281781,IDN,400249
11501508,103,6762,2013,292405.0,26898908.0,-0.216854,1.415728,IDN,400249
11501509,103,6762,2014,770825.0,25645850.0,-0.088032,1.3966459999999998,IDN,400249
11501510,103,6762,2015,715147.0,25422451.0,-0.145103,1.277362,IDN,400249
11501511,103,6762,2016,491535.0,25721338.0,-0.158496,1.492067,IDN,400249
11501512,103,6762,2017,359754.0,29061552.0,-0.23641700000000002,1.188173,IDN,400249
11501513,103,6762,2018,294431.0,34763739.0,-0.10130499999999999,1.2414209999999999,IDN,400249
11501514,103,6762,2019,35611.0,35203256.0,-0.141811,1.385726,IDN,400249
11501515,103,6762,2020,118952.0,22996211.0,-0.16761700000000002,1.571009,IDN,400249
11501516,104,6762,1995,532518.0,11608528.0,0.156183,1.9617380000000002,IND,400249
11501517,104,6762,1996,130614.0,10228130.0,0.20685599999999998,2.317622,IND,400249
11501518,104,6762,1997,45159.0,10058623.0,0.262571,2.31305,IND,400249
11501519,104,6762,1998,75220.0,10087719.0,0.274308,2.316908,IND,400249
11501520,104,6762,1999,111616.0,12456768.0,0.29945900000000003,2.438702,IND,400249
11501521,104,6762,2000,150843.0,11735165.0,0.3961,2.553408,IND,400249
11501522,104,6762,2001,481766.0,11481346.0,0.349744,2.665844,IND,400249
11501523,104,6762,2002,313677.0,13317447.0,0.380867,2.608955,IND,400249
11501524,104,6762,2003,418986.0,15315913.0,0.33014099999999996,2.836003,IND,400249
11501525,104,6762,2004,495775.0,19523903.0,0.233348,2.790987,IND,400249
11501526,104,6762,2005,217676.0,20447973.0,0.212108,2.817413,IND,400249
11501527,104,6762,2006,318022.0,29614013.0,0.285652,2.731318,IND,400249
11501528,104,6762,2007,488039.0,41881813.0,0.279475,2.7514939999999997,IND,400249
11501529,104,6762,2008,887732.0,48502680.0,0.26694,2.926023,IND,400249
11501530,104,6762,2009,115623.0,25707156.0,0.209867,2.254003,IND,400249
11501531,104,6762,2010,259131.0,45748794.0,0.14485599999999998,2.408913,IND,400249
11501532,104,6762,2011,433867.0,58150782.0,0.18276199999999998,2.398765,IND,400249
11501533,104,6762,2012,496646.0,48206476.0,0.229996,2.4815110000000002,IND,400249
11501534,104,6762,2013,240865.0,40420856.0,0.215356,2.3916209999999998,IND,400249
11501535,104,6762,2014,865086.0,39344520.0,0.262042,2.6305080000000003,IND,400249
11501536,104,6762,2015,213224.0,43805198.0,0.24230900000000002,2.8190880000000003,IND,400249
11501537,104,6762,2016,217591.0,41458190.0,0.30976,2.61043,IND,400249
11501538,104,6762,2017,376034.0,61632888.0,0.290576,2.726391,IND,400249
11501539,104,6762,2018,639568.0,78274030.0,0.526015,2.448112,IND,400249
11501540,104,6762,2019,821292.0,59826440.0,0.43196,2.661139,IND,400249
11501541,104,6762,2020,392034.0,57495985.0,0.464674,2.838779,IND,400249
11501542,105,6762,1995,,,0.065578,-0.702364,IOT,400249
11501543,105,6762,1996,,,0.605992,-0.5621970000000001,IOT,400249
11501544,105,6762,1997,,,0.21188400000000002,-0.6892659999999999,IOT,400249
11501545,105,6762,1998,,,0.894133,-0.5182,IOT,400249
11501546,105,6762,1999,,,-0.44178199999999995,-0.8321649999999999,IOT,400249
11501547,105,6762,2000,,,-0.346723,-0.8308049999999999,IOT,400249
11501548,105,6762,2001,,,-0.21711599999999998,-0.8472959999999999,IOT,400249
11501549,105,6762,2002,,,-0.262822,-0.787972,IOT,400249
11501550,105,6762,2003,,,0.907681,-0.184899,IOT,400249
11501551,105,6762,2004,,,1.52429,0.002654,IOT,400249
11501552,105,6762,2005,,,1.107517,-0.264755,IOT,400249
11501553,105,6762,2006,,,1.147154,-0.13284,IOT,400249
11501554,105,6762,2007,,,1.424007,0.050412,IOT,400249
11501555,105,6762,2008,,,1.2634319999999999,-0.314756,IOT,400249
11501556,105,6762,2009,,,0.505916,-0.551323,IOT,400249
11501557,105,6762,2010,,,0.962752,-0.399434,IOT,400249
11501558,105,6762,2011,,,0.50507,-0.238484,IOT,400249
11501559,105,6762,2012,,,1.134521,-0.361446,IOT,400249
11501560,105,6762,2013,,,0.7192390000000001,-0.628595,IOT,400249
11501561,105,6762,2014,,,0.910402,-0.6916939999999999,IOT,400249
11501562,105,6762,2015,,,1.134108,-0.617796,IOT,400249
11501563,105,6762,2016,,,0.9315,-0.661654,IOT,400249
11501564,105,6762,2017,,,0.30708,-0.604495,IOT,400249
11501565,105,6762,2018,,,0.725927,-0.360329,IOT,400249
11501566,105,6762,2019,,,-0.7551760000000001,-0.939959,IOT,400249
11501567,105,6762,2020,,,0.928522,-0.435507,IOT,400249
11501568,106,6762,1995,172990.0,118779.0,1.349192,0.992099,IRL,400249
11501569,106,6762,1996,189558.0,196192.0,1.386011,0.9232100000000001,IRL,400249
11501570,106,6762,1997,338585.0,256608.0,1.471048,0.8769370000000001,IRL,400249
11501571,106,6762,1998,233027.0,158456.0,1.451067,0.654442,IRL,400249
11501572,106,6762,1999,65664.0,149680.0,1.599613,0.37233299999999997,IRL,400249
11501573,106,6762,2000,64017.0,103448.0,1.546001,0.342854,IRL,400249
11501574,106,6762,2001,40800.0,19631.0,1.664233,0.129983,IRL,400249
11501575,106,6762,2002,82171.0,329054.0,1.7232880000000002,0.091172,IRL,400249
11501576,106,6762,2003,148933.0,522563.0,1.6396130000000002,0.220599,IRL,400249
11501577,106,6762,2004,94047.0,754202.0,1.501859,0.14456,IRL,400249
11501578,106,6762,2005,92855.0,740835.0,1.536605,0.189781,IRL,400249
11501579,106,6762,2006,42492.0,411280.0,1.43804,0.06463200000000001,IRL,400249
11501580,106,6762,2007,64557.0,96951.0,1.353146,0.122832,IRL,400249
11501581,106,6762,2008,24225.0,33825.0,1.693858,0.221425,IRL,400249
11501582,106,6762,2009,20798.0,46843.0,1.627233,0.020024,IRL,400249
11501583,106,6762,2010,53621.0,30981.0,1.371357,0.168795,IRL,400249
11501584,106,6762,2011,48751.0,42708.0,1.403182,0.290245,IRL,400249
11501585,106,6762,2012,60247.0,86978.0,1.229702,0.12683599999999998,IRL,400249
11501586,106,6762,2013,53684.0,53665.0,1.29988,0.240688,IRL,400249
11501587,106,6762,2014,27022.0,55375.0,1.2658399999999999,0.278546,IRL,400249
11501588,106,6762,2015,25989.0,137170.0,1.304942,0.126431,IRL,400249
11501589,106,6762,2016,6520.0,153332.0,1.445238,0.07659400000000001,IRL,400249
11501590,106,6762,2017,2798.0,37420.0,1.363544,0.169211,IRL,400249
11501591,106,6762,2018,5146.0,70609.0,1.262419,0.013576,IRL,400249
11501592,106,6762,2019,0.0,51719.0,1.3812389999999999,-0.025366,IRL,400249
11501593,106,6762,2020,62023.0,90672.0,1.337791,-0.20829699999999998,IRL,400249
11501594,107,6762,1995,0.0,606261.0,-0.821991,-1.071013,IRN,400249
11501595,107,6762,1996,0.0,784970.0,-0.7496649999999999,-1.1173520000000001,IRN,400249
11501596,107,6762,1997,59382.0,1239349.0,-0.503841,-0.9984059999999999,IRN,400249
11501597,107,6762,1998,155669.0,935902.0,-0.6626029999999999,-1.0408959999999998,IRN,400249
11501598,107,6762,1999,0.0,1291705.0,-0.9366620000000001,-1.147602,IRN,400249
11501599,107,6762,2000,2498.0,1430517.0,-0.555558,-0.910523,IRN,400249
11501600,107,6762,2001,19414.0,2271555.0,-0.7732479999999999,-0.8979370000000001,IRN,400249
11501601,107,6762,2002,80812.0,2086524.0,-0.5707840000000001,-0.705612,IRN,400249
11501602,107,6762,2003,33804.0,2618051.0,-0.552146,-0.8668520000000001,IRN,400249
11501603,107,6762,2004,10149.0,5676155.0,-0.38210700000000003,-0.8408620000000001,IRN,400249
11501604,107,6762,2005,0.0,5277503.0,-0.305068,-0.804413,IRN,400249
11501605,107,6762,2006,2680.0,899875.0,-0.391023,-0.767861,IRN,400249
11501606,107,6762,2007,17088.0,2395427.0,-0.797659,-1.048892,IRN,400249
11501607,107,6762,2008,371464.0,1932531.0,-0.9776469999999999,-1.054475,IRN,400249
11501608,107,6762,2009,0.0,4587343.0,-1.185702,-1.1049360000000001,IRN,400249
11501609,107,6762,2010,112022.0,7171536.0,-0.609874,-0.744733,IRN,400249
11501610,107,6762,2011,118141.0,10530255.0,-0.915379,-0.973194,IRN,400249
11501611,107,6762,2012,0.0,6397160.0,-0.963881,-0.928644,IRN,400249
11501612,107,6762,2013,0.0,3501708.0,-0.339172,-0.237114,IRN,400249
11501613,107,6762,2014,0.0,4194335.0,-0.361058,-0.312743,IRN,400249
11501614,107,6762,2015,0.0,2707938.0,-0.258946,-0.0073420000000000004,IRN,400249
11501615,107,6762,2016,0.0,3702856.0,-0.407368,-0.23482399999999998,IRN,400249
11501616,107,6762,2017,0.0,6249858.0,-0.361292,-0.361813,IRN,400249
11501617,107,6762,2018,0.0,8871078.0,-0.389954,-0.258156,IRN,400249
11501618,107,6762,2019,0.0,4465564.0,-0.386813,-0.467873,IRN,400249
11501619,107,6762,2020,0.0,2519218.0,-0.362286,-0.242846,IRN,400249
11501620,108,6762,1995,,,-0.813404,-0.7444390000000001,IRQ,400249
11501621,108,6762,1996,18105.0,0.0,0.9485540000000001,-0.303744,IRQ,400249
11501622,108,6762,1997,,,-2.248377,-0.817589,IRQ,400249
11501623,108,6762,1998,,,-1.4440030000000001,-0.808689,IRQ,400249
11501624,108,6762,1999,,,-1.8954950000000002,-0.883983,IRQ,400249
11501625,108,6762,2000,,,-1.8568259999999999,-0.902459,IRQ,400249
11501626,108,6762,2001,,,-1.115465,-0.883028,IRQ,400249
11501627,108,6762,2002,,,-0.397477,-0.811214,IRQ,400249
11501628,108,6762,2003,,,-0.398557,-0.774153,IRQ,400249
11501629,108,6762,2004,,,-0.8852559999999999,-0.907136,IRQ,400249
11501630,108,6762,2005,,,-1.021297,-0.8532549999999999,IRQ,400249
11501631,108,6762,2006,,,-2.029727,-0.8634219999999999,IRQ,400249
11501632,108,6762,2007,,,-1.961053,-0.8849969999999999,IRQ,400249
11501633,108,6762,2008,,,-1.6604189999999999,-0.886959,IRQ,400249
11501634,108,6762,2009,0.0,2300.0,-1.1683270000000001,-0.9517459999999999,IRQ,400249
11501635,108,6762,2010,,,-2.1439150000000002,-0.913227,IRQ,400249
11501636,108,6762,2011,,,-2.175137,-0.726975,IRQ,400249
11501637,108,6762,2012,0.0,10089.0,-2.7534509999999996,-0.812277,IRQ,400249
11501638,108,6762,2013,,,-2.839079,-0.8705440000000001,IRQ,400249
11501639,108,6762,2014,0.0,229863.0,-2.9169,-0.882023,IRQ,400249
11501640,108,6762,2015,0.0,24925.0,-1.465803,-0.912113,IRQ,400249
11501641,108,6762,2016,0.0,3489.0,-2.2400029999999997,-1.017174,IRQ,400249
11501642,108,6762,2017,,,-1.515339,-0.9462950000000001,IRQ,400249
11501643,108,6762,2018,0.0,239996.0,-1.7504400000000002,-1.018699,IRQ,400249
11501644,108,6762,2019,0.0,2952.0,-1.593359,-0.9927860000000001,IRQ,400249
11501645,108,6762,2020,,,-1.087158,-0.9546389999999999,IRQ,400249
11501646,109,6762,1995,,,0.161331,-0.45210100000000003,ISL,400249
11501647,109,6762,1996,0.0,9351.0,0.003558,-0.551796,ISL,400249
11501648,109,6762,1997,0.0,1060.0,0.217533,-0.405395,ISL,400249
11501649,109,6762,1998,,,0.18141300000000002,-0.47993500000000006,ISL,400249
11501650,109,6762,1999,,,0.377701,-0.355798,ISL,400249
11501651,109,6762,2000,,,0.217683,-0.41136000000000006,ISL,400249
11501652,109,6762,2001,,,0.032382999999999995,-0.51054,ISL,400249
11501653,109,6762,2002,56514.0,0.0,0.23601999999999998,-0.34781,ISL,400249
11501654,109,6762,2003,0.0,2882.0,0.21902800000000003,-0.40818499999999996,ISL,400249
11501655,109,6762,2004,,,0.298844,-0.36366,ISL,400249
11501656,109,6762,2005,,,0.060955999999999996,-0.410998,ISL,400249
11501657,109,6762,2006,0.0,1481.0,0.170234,-0.302203,ISL,400249
11501658,109,6762,2007,,,0.172786,-0.380266,ISL,400249
11501659,109,6762,2008,0.0,2471.0,0.26969899999999997,-0.29915,ISL,400249
11501660,109,6762,2009,,,0.21713200000000002,-0.371812,ISL,400249
11501661,109,6762,2010,,,0.20822100000000002,-0.318294,ISL,400249
11501662,109,6762,2011,0.0,1983.0,0.284202,-0.23753000000000002,ISL,400249
11501663,109,6762,2012,,,0.368012,-0.31235599999999997,ISL,400249
11501664,109,6762,2013,,,0.259374,-0.20413299999999998,ISL,400249
11501665,109,6762,2014,,,0.127891,-0.302014,ISL,400249
11501666,109,6762,2015,,,0.24527600000000002,-0.411616,ISL,400249
11501667,109,6762,2016,0.0,1223.0,0.192448,-0.37174,ISL,400249
11501668,109,6762,2017,0.0,3395.0,0.386094,-0.277269,ISL,400249
11501669,109,6762,2018,23295.0,0.0,0.252338,-0.341319,ISL,400249
11501670,109,6762,2019,,,0.378873,-0.162129,ISL,400249
11501671,109,6762,2020,0.0,1315.0,0.27161399999999997,-0.17819200000000002,ISL,400249
11501672,110,6762,1995,0.0,975262.0,1.205368,1.189434,ISR,400249
11501673,110,6762,1996,1953.0,1178959.0,1.054975,1.072965,ISR,400249
11501674,110,6762,1997,0.0,591376.0,1.3230030000000002,0.965016,ISR,400249
11501675,110,6762,1998,10257.0,549972.0,1.2643739999999999,0.958475,ISR,400249
11501676,110,6762,1999,15688.0,589274.0,1.342593,0.781931,ISR,400249
11501677,110,6762,2000,0.0,559110.0,1.251365,0.7359319999999999,ISR,400249
11501678,110,6762,2001,0.0,1147478.0,1.374873,0.775594,ISR,400249
11501679,110,6762,2002,0.0,1488958.0,1.334174,0.654331,ISR,400249
11501680,110,6762,2003,0.0,1412033.0,1.157809,0.682195,ISR,400249
11501681,110,6762,2004,0.0,1195375.0,1.250393,0.8003979999999999,ISR,400249
11501682,110,6762,2005,0.0,391456.0,1.3829120000000001,0.761617,ISR,400249
11501683,110,6762,2006,0.0,1441893.0,1.3082129999999998,0.783845,ISR,400249
11501684,110,6762,2007,99110.0,3296818.0,1.092244,0.753984,ISR,400249
11501685,110,6762,2008,0.0,802283.0,1.169192,0.797136,ISR,400249
11501686,110,6762,2009,0.0,850076.0,1.226438,0.816299,ISR,400249
11501687,110,6762,2010,0.0,1040353.0,1.215834,0.7028340000000001,ISR,400249
11501688,110,6762,2011,0.0,1689314.0,1.324384,0.714611,ISR,400249
11501689,110,6762,2012,66110.0,1199877.0,1.344347,0.691617,ISR,400249
11501690,110,6762,2013,0.0,1344420.0,1.197241,0.633828,ISR,400249
11501691,110,6762,2014,1098.0,834241.0,1.211141,0.64523,ISR,400249
11501692,110,6762,2015,3097.0,1259960.0,1.260071,0.545545,ISR,400249
11501693,110,6762,2016,0.0,705234.0,1.352275,0.67584,ISR,400249
11501694,110,6762,2017,24455.0,811243.0,1.436156,0.776574,ISR,400249
11501695,110,6762,2018,16985.0,1435343.0,1.355071,0.872822,ISR,400249
11501696,110,6762,2019,25625.0,828655.0,1.488686,0.823376,ISR,400249
11501697,110,6762,2020,9759.0,509692.0,1.487557,0.8370920000000001,ISR,400249
11501698,111,6762,1995,1107385.0,17461444.0,1.503379,1.449094,ITA,400249
11501699,111,6762,1996,1254286.0,20439017.0,1.4674690000000001,1.263362,ITA,400249
11501700,111,6762,1997,1289881.0,22328160.0,1.4860389999999999,1.235674,ITA,400249
11501701,111,6762,1998,1649351.0,20368461.0,1.4532209999999999,1.191124,ITA,400249
11501702,111,6762,1999,978183.0,19742468.0,1.395253,1.3589790000000002,ITA,400249
11501703,111,6762,2000,1433800.0,21384810.0,1.421124,1.112321,ITA,400249
11501704,111,6762,2001,1553632.0,23272271.0,1.389926,1.282143,ITA,400249
11501705,111,6762,2002,2646644.0,25959450.0,1.377604,1.2470510000000001,ITA,400249
11501706,111,6762,2003,3241388.0,23576383.0,1.399734,1.044608,ITA,400249
11501707,111,6762,2004,1886525.0,29464913.0,1.358057,1.11533,ITA,400249
11501708,111,6762,2005,1092088.0,26747155.0,1.295883,1.032218,ITA,400249
11501709,111,6762,2006,2876516.0,37191656.0,1.293779,0.93995,ITA,400249
11501710,111,6762,2007,2902622.0,49000078.0,1.3003559999999998,0.705448,ITA,400249
11501711,111,6762,2008,2222301.0,40918788.0,1.308777,0.361523,ITA,400249
11501712,111,6762,2009,1630396.0,19765189.0,1.289,0.64549,ITA,400249
11501713,111,6762,2010,2061878.0,24079484.0,1.272385,0.545721,ITA,400249
11501714,111,6762,2011,2631755.0,32948440.0,1.298751,0.48013599999999995,ITA,400249
11501715,111,6762,2012,3284910.0,26828436.0,1.297611,0.28585900000000003,ITA,400249
11501716,111,6762,2013,2870669.0,26852437.0,1.289924,0.533436,ITA,400249
11501717,111,6762,2014,3239131.0,24658729.0,1.340136,0.43931099999999995,ITA,400249
11501718,111,6762,2015,3086423.0,15601820.0,1.321127,0.747046,ITA,400249
11501719,111,6762,2016,3026014.0,16238288.0,1.339307,0.8549209999999999,ITA,400249
11501720,111,6762,2017,3395451.0,19423335.0,1.34395,0.577693,ITA,400249
11501721,111,6762,2018,4104894.0,20190430.0,1.3602530000000002,0.453607,ITA,400249
11501722,111,6762,2019,4435470.0,18746900.0,1.25898,0.926639,ITA,400249
11501723,111,6762,2020,3485510.0,13081018.0,1.299017,0.701797,ITA,400249
11501724,112,6762,1995,0.0,65855.0,-0.873925,-0.952304,JAM,400249
11501725,112,6762,1996,0.0,37803.0,-0.6344350000000001,-0.814916,JAM,400249
11501726,112,6762,1997,0.0,94098.0,-0.65455,-0.820413,JAM,400249
11501727,112,6762,1998,0.0,30328.0,-0.8083739999999999,-0.946183,JAM,400249
11501728,112,6762,1999,0.0,134493.0,-0.852468,-0.9670290000000001,JAM,400249
11501729,112,6762,2000,0.0,111823.0,-0.625061,-0.814176,JAM,400249
11501730,112,6762,2001,0.0,57774.0,-0.541582,-0.837248,JAM,400249
11501731,112,6762,2002,0.0,30044.0,-0.604813,-0.9309860000000001,JAM,400249
11501732,112,6762,2003,0.0,76859.0,-0.6684140000000001,-0.915817,JAM,400249
11501733,112,6762,2004,0.0,19071.0,-0.64957,-0.944183,JAM,400249
11501734,112,6762,2005,0.0,73048.0,-0.438717,-0.95845,JAM,400249
11501735,112,6762,2006,0.0,16244.0,-0.5122720000000001,-0.9109809999999999,JAM,400249
11501736,112,6762,2007,0.0,5828.0,-0.466305,-0.971972,JAM,400249
11501737,112,6762,2008,0.0,59616.0,-0.412969,-0.9444030000000001,JAM,400249
11501738,112,6762,2009,0.0,115721.0,-0.083743,-0.6222479999999999,JAM,400249
11501739,112,6762,2010,0.0,3976.0,0.041471,-0.367177,JAM,400249
11501740,112,6762,2011,0.0,41722.0,-0.162212,-0.621817,JAM,400249
11501741,112,6762,2012,0.0,43523.0,-0.34163899999999997,-0.8008850000000001,JAM,400249
11501742,112,6762,2013,0.0,21946.0,-0.541441,-0.8448559999999999,JAM,400249
11501743,112,6762,2014,0.0,56026.0,-0.42745299999999997,-0.7750130000000001,JAM,400249
11501744,112,6762,2015,0.0,42773.0,-0.438267,-0.828097,JAM,400249
11501745,112,6762,2016,0.0,23993.0,-0.259972,-0.592114,JAM,400249
11501746,112,6762,2017,0.0,72633.0,-0.497654,-0.76481,JAM,400249
11501747,112,6762,2018,0.0,51228.0,-0.339328,-0.8756659999999999,JAM,400249
11501748,112,6762,2019,0.0,23936.0,-0.18387799999999999,-0.710004,JAM,400249
11501749,112,6762,2020,0.0,34626.0,-0.21953000000000003,-0.6944899999999999,JAM,400249
11501750,113,6762,1995,0.0,124483.0,0.666542,0.326785,JOR,400249
11501751,113,6762,1996,0.0,123498.0,0.12203499999999999,-0.41859399999999997,JOR,400249
11501752,113,6762,1997,47477.0,177600.0,0.49456300000000003,0.33966,JOR,400249
11501753,113,6762,1998,0.0,36946.0,0.403009,-0.076366,JOR,400249
11501754,113,6762,1999,81964.0,86289.0,0.475995,0.514447,JOR,400249
11501755,113,6762,2000,16934.0,181712.0,0.495354,1.233005,JOR,400249
11501756,113,6762,2001,3200.0,326222.0,0.375134,0.581558,JOR,400249
11501757,113,6762,2002,0.0,293300.0,0.24197600000000002,0.196635,JOR,400249
11501758,113,6762,2003,0.0,252770.0,0.12295,0.377031,JOR,400249
11501759,113,6762,2004,10085.0,544823.0,0.152989,0.385845,JOR,400249
11501760,113,6762,2005,26048.0,342928.0,0.21925799999999998,0.371165,JOR,400249
11501761,113,6762,2006,0.0,489345.0,0.166718,0.331248,JOR,400249
11501762,113,6762,2007,0.0,643427.0,0.228433,0.5984550000000001,JOR,400249
11501763,113,6762,2008,0.0,659016.0,0.255463,0.45844799999999997,JOR,400249
11501764,113,6762,2009,0.0,658788.0,0.21374899999999997,0.423774,JOR,400249
11501765,113,6762,2010,0.0,583254.0,0.251702,0.522758,JOR,400249
11501766,113,6762,2011,56889.0,702956.0,0.231605,0.47049399999999997,JOR,400249
11501767,113,6762,2012,0.0,849944.0,0.24909099999999998,0.489624,JOR,400249
11501768,113,6762,2013,0.0,579211.0,0.152659,0.5889979999999999,JOR,400249
11501769,113,6762,2014,0.0,857600.0,0.210208,0.48732299999999995,JOR,400249
11501770,113,6762,2015,0.0,654595.0,0.121172,0.457301,JOR,400249
11501771,113,6762,2016,0.0,484195.0,-0.0115,0.045625,JOR,400249
11501772,113,6762,2017,0.0,712623.0,0.020035,0.295415,JOR,400249
11501773,113,6762,2018,27966.0,1186911.0,-0.086895,0.283829,JOR,400249
11501774,113,6762,2019,0.0,623692.0,-0.003529,0.255816,JOR,400249
11501775,113,6762,2020,0.0,533326.0,-0.060384,0.139902,JOR,400249
11501776,114,6762,1995,165782208.0,12335400.0,2.56822,0.927307,JPN,400249
11501777,114,6762,1996,148019928.0,10183765.0,2.615364,0.5656939999999999,JPN,400249
11501778,114,6762,1997,151996994.0,7153053.0,2.631846,0.553144,JPN,400249
11501779,114,6762,1998,148382922.0,5551050.0,2.550442,0.718063,JPN,400249
11501780,114,6762,1999,152494166.0,5169752.0,2.541382,0.693702,JPN,400249
11501781,114,6762,2000,153323276.0,6323901.0,2.579611,0.464875,JPN,400249
11501782,114,6762,2001,146480039.0,6596293.0,2.585857,0.522663,JPN,400249
11501783,114,6762,2002,153558674.0,4037317.0,2.556057,0.497673,JPN,400249
11501784,114,6762,2003,158376580.0,4074699.0,2.4686630000000003,0.48072600000000004,JPN,400249
11501785,114,6762,2004,177251652.0,3924489.0,2.526624,0.452054,JPN,400249
11501786,114,6762,2005,196698920.0,3930262.0,2.392106,0.278652,JPN,400249
11501787,114,6762,2006,234205211.0,3431569.0,2.4348099999999997,0.082887,JPN,400249
11501788,114,6762,2007,291582628.0,3771248.0,2.313259,0.186703,JPN,400249
11501789,114,6762,2008,333345058.0,4190012.0,2.285056,0.036255,JPN,400249
11501790,114,6762,2009,237339948.0,1226152.0,2.306791,-0.251712,JPN,400249
11501791,114,6762,2010,348293552.0,2094804.0,2.459723,-0.279387,JPN,400249
11501792,114,6762,2011,428939935.0,2757156.0,2.516395,-0.534301,JPN,400249
11501793,114,6762,2012,392972576.0,2496567.0,2.359022,-0.553565,JPN,400249
11501794,114,6762,2013,383031114.0,1429291.0,2.3993130000000003,-0.564768,JPN,400249
11501795,114,6762,2014,367357618.0,1952999.0,2.403165,-0.635024,JPN,400249
11501796,114,6762,2015,329845131.0,2092138.0,2.516133,-0.484202,JPN,400249
11501797,114,6762,2016,338636025.0,2120038.0,2.574025,-0.34859,JPN,400249
11501798,114,6762,2017,384423019.0,2446733.0,2.4510419999999997,-0.277357,JPN,400249
11501799,114,6762,2018,405149245.0,2554194.0,2.514533,-0.416074,JPN,400249
11501800,114,6762,2019,364602015.0,2844225.0,2.4931509999999997,-0.558811,JPN,400249
11501801,114,6762,2020,293781274.0,1831660.0,2.405659,-0.38169000000000003,JPN,400249
11501802,115,6762,1995,,,0.280262,-0.285508,KAZ,400249
11501803,115,6762,1996,0.0,358158.0,0.48902799999999996,0.154932,KAZ,400249
11501804,115,6762,1997,,,0.44044300000000003,-0.10249000000000001,KAZ,400249
11501805,115,6762,1998,,,0.245507,-0.389842,KAZ,400249
11501806,115,6762,1999,,,-0.035315,-0.514845,KAZ,400249
11501807,115,6762,2000,,,-0.019137,-0.683485,KAZ,400249
11501808,115,6762,2001,0.0,232663.0,0.009714,-0.525899,KAZ,400249
11501809,115,6762,2002,0.0,84964.0,-0.065332,-0.616159,KAZ,400249
11501810,115,6762,2003,0.0,331535.0,-0.156326,-0.62092,KAZ,400249
11501811,115,6762,2004,0.0,357610.0,-0.09288300000000001,-0.537664,KAZ,400249
11501812,115,6762,2005,0.0,342118.0,-0.06211900000000001,-0.641976,KAZ,400249
11501813,115,6762,2006,0.0,403158.0,0.038229,-0.579421,KAZ,400249
11501814,115,6762,2007,0.0,568763.0,-0.171218,-0.630279,KAZ,400249
11501815,115,6762,2008,0.0,531822.0,-0.43055200000000005,-0.6852590000000001,KAZ,400249
11501816,115,6762,2009,0.0,312715.0,-0.6547970000000001,-0.772256,KAZ,400249
11501817,115,6762,2010,0.0,415854.0,-0.6278020000000001,-0.8419760000000001,KAZ,400249
11501818,115,6762,2011,0.0,611642.0,-0.514687,-0.775671,KAZ,400249
11501819,115,6762,2012,0.0,458201.0,-0.191363,-0.452845,KAZ,400249
11501820,115,6762,2013,0.0,217714.0,-0.680678,-0.83347,KAZ,400249
11501821,115,6762,2014,0.0,10415.0,-0.210431,-0.574075,KAZ,400249
11501822,115,6762,2015,0.0,13325.0,-0.45091499999999995,-0.652026,KAZ,400249
11501823,115,6762,2016,0.0,29223.0,-0.376397,-0.553639,KAZ,400249
11501824,115,6762,2017,0.0,24319.0,-0.394316,-0.5485979999999999,KAZ,400249
11501825,115,6762,2018,0.0,4467.0,-0.483862,-0.667417,KAZ,400249
11501826,115,6762,2019,0.0,1234.0,-0.26529400000000003,-0.523479,KAZ,400249
11501827,115,6762,2020,0.0,2823.0,-0.48361899999999997,-0.626675,KAZ,400249
11501828,116,6762,1995,0.0,162932.0,-0.303773,0.111305,KEN,400249
11501829,116,6762,1996,0.0,58691.0,-0.468322,-0.017625,KEN,400249
11501830,116,6762,1997,0.0,272446.0,-0.399028,0.196115,KEN,400249
11501831,116,6762,1998,6433.0,326056.0,-0.434978,0.10193300000000001,KEN,400249
11501832,116,6762,1999,4442.0,287089.0,-0.336125,0.43983999999999995,KEN,400249
11501833,116,6762,2000,1015.0,297798.0,-0.537967,0.011763,KEN,400249
11501834,116,6762,2001,0.0,323281.0,-0.529388,0.092271,KEN,400249
11501835,116,6762,2002,0.0,295931.0,-0.555812,0.169204,KEN,400249
11501836,116,6762,2003,1401.0,366406.0,-0.3531,0.582992,KEN,400249
11501837,116,6762,2004,0.0,195218.0,-0.503694,0.410495,KEN,400249
11501838,116,6762,2005,0.0,349528.0,-0.507389,0.769896,KEN,400249
11501839,116,6762,2006,0.0,329913.0,-0.38287899999999997,1.060286,KEN,400249
11501840,116,6762,2007,0.0,836412.0,-0.44365299999999996,0.858692,KEN,400249
11501841,116,6762,2008,0.0,1222752.0,-0.284528,0.9378610000000001,KEN,400249
11501842,116,6762,2009,4027.0,1114396.0,-0.26477399999999995,0.932587,KEN,400249
11501843,116,6762,2010,0.0,580889.0,-0.387187,1.010443,KEN,400249
11501844,116,6762,2011,36450.0,960243.0,-0.48319300000000004,0.346927,KEN,400249
11501845,116,6762,2012,0.0,1421276.0,-0.35581599999999997,0.29003,KEN,400249
11501846,116,6762,2013,0.0,924215.0,-0.448112,0.8672719999999999,KEN,400249
11501847,116,6762,2014,0.0,941750.0,-0.487058,0.307288,KEN,400249
11501848,116,6762,2015,5019.0,1188764.0,-0.453564,0.433325,KEN,400249
11501849,116,6762,2016,8042.0,923127.0,-0.535616,0.520101,KEN,400249
11501850,116,6762,2017,101329.0,838866.0,-0.579541,0.511926,KEN,400249
11501851,116,6762,2018,228334.0,1822198.0,-0.32707800000000004,0.71009,KEN,400249
11501852,116,6762,2019,8514.0,1398722.0,-0.406684,0.8588969999999999,KEN,400249
11501853,116,6762,2020,16496.0,1390056.0,-0.496446,0.562476,KEN,400249
11501854,117,6762,1995,,,0.361272,0.047797000000000006,KGZ,400249
11501855,117,6762,1996,0.0,30372.0,0.350901,0.529512,KGZ,400249
11501856,117,6762,1997,0.0,14670.0,0.023634,-0.194868,KGZ,400249
11501857,117,6762,1998,,,0.11446500000000001,-0.24638000000000002,KGZ,400249
11501858,117,6762,1999,,,-0.152916,-0.33076300000000003,KGZ,400249
11501859,117,6762,2000,17962.0,0.0,0.365421,0.333017,KGZ,400249
11501860,117,6762,2001,,,0.23332199999999997,0.256019,KGZ,400249
11501861,117,6762,2002,,,0.081807,0.16872,KGZ,400249
11501862,117,6762,2003,,,0.25359699999999996,0.24101199999999998,KGZ,400249
11501863,117,6762,2004,,,0.005121,0.176652,KGZ,400249
11501864,117,6762,2005,,,-0.197277,0.169736,KGZ,400249
11501865,117,6762,2006,,,-0.034069,0.136694,KGZ,400249
11501866,117,6762,2007,,,-0.190437,-0.23665999999999998,KGZ,400249
11501867,117,6762,2008,,,-0.287826,-0.11858699999999998,KGZ,400249
11501868,117,6762,2009,,,-0.251815,0.144822,KGZ,400249
11501869,117,6762,2010,0.0,11279.0,-0.48426400000000003,-0.169443,KGZ,400249
11501870,117,6762,2011,,,-0.323348,0.164469,KGZ,400249
11501871,117,6762,2012,0.0,4108.0,-0.12369000000000001,0.22339,KGZ,400249
11501872,117,6762,2013,,,-0.1035,0.339914,KGZ,400249
11501873,117,6762,2014,,,-0.31942600000000004,-0.012454,KGZ,400249
11501874,117,6762,2015,,,0.02058,0.438692,KGZ,400249
11501875,117,6762,2016,,,0.010529,0.287462,KGZ,400249
11501876,117,6762,2017,,,-0.11530599999999999,0.264752,KGZ,400249
11501877,117,6762,2018,,,-0.141491,0.33161,KGZ,400249
11501878,117,6762,2019,,,-0.297072,0.306611,KGZ,400249
11501879,117,6762,2020,,,-0.117317,0.36644,KGZ,400249
11501880,118,6762,1995,,,-1.275951,-1.144633,KHM,400249
11501881,118,6762,1996,,,-1.110741,-1.089434,KHM,400249
11501882,118,6762,1997,,,-1.458246,-1.243995,KHM,400249
11501883,118,6762,1998,,,-1.626686,-1.307157,KHM,400249
11501884,118,6762,1999,0.0,8455.0,-1.5727360000000001,-1.2731629999999998,KHM,400249
11501885,118,6762,2000,0.0,4198.0,-1.172428,-1.0914139999999999,KHM,400249
11501886,118,6762,2001,0.0,3447.0,-1.231058,-1.154536,KHM,400249
11501887,118,6762,2002,0.0,1227.0,-1.231783,-1.1518700000000002,KHM,400249
11501888,118,6762,2003,,,-1.0165620000000002,-1.060454,KHM,400249
11501889,118,6762,2004,0.0,6829.0,-1.4676209999999998,-1.1972639999999999,KHM,400249
11501890,118,6762,2005,0.0,3256.0,-1.423555,-1.177331,KHM,400249
11501891,118,6762,2006,,,-1.323365,-1.185827,KHM,400249
11501892,118,6762,2007,,,-1.1822489999999999,-1.129066,KHM,400249
11501893,118,6762,2008,0.0,16378.0,-1.064815,-1.098892,KHM,400249
11501894,118,6762,2009,0.0,3419.0,-1.194288,-1.09924,KHM,400249
11501895,118,6762,2010,,,-1.158906,-1.019906,KHM,400249
11501896,118,6762,2011,0.0,40744.0,-1.162858,-1.103539,KHM,400249
11501897,118,6762,2012,,,-0.979144,-1.014426,KHM,400249
11501898,118,6762,2013,0.0,14199.0,-1.054758,-0.872352,KHM,400249
11501899,118,6762,2014,,,-0.84072,-0.8307040000000001,KHM,400249
11501900,118,6762,2015,2558.0,0.0,-0.791985,-0.833046,KHM,400249
11501901,118,6762,2016,0.0,11394.0,-0.8365239999999999,-0.794615,KHM,400249
11501902,118,6762,2017,2760.0,39834.0,-0.656325,-0.622167,KHM,400249
11501903,118,6762,2018,0.0,114990.0,-0.45740299999999995,-0.575966,KHM,400249
11501904,118,6762,2019,3288.0,256498.0,-0.7499359999999999,-0.627125,KHM,400249
11501905,118,6762,2020,2351.0,142004.0,-0.602562,-0.505135,KHM,400249
11501906,119,6762,1995,,,-0.610582,-0.748798,KIR,400249
11501907,119,6762,1996,,,-0.090837,-0.644005,KIR,400249
11501908,119,6762,1997,,,-0.9250889999999999,-0.866958,KIR,400249
11501909,119,6762,1998,,,-0.8943610000000001,-0.89439,KIR,400249
11501910,119,6762,1999,,,-0.3417,-0.8385040000000001,KIR,400249
11501911,119,6762,2000,,,-0.373924,-0.863806,KIR,400249
11501912,119,6762,2001,,,1.070549,-0.712515,KIR,400249
11501913,119,6762,2002,,,0.016975,-0.791141,KIR,400249
11501914,119,6762,2003,,,-0.140282,-0.787443,KIR,400249
11501915,119,6762,2004,,,-0.552158,-0.831923,KIR,400249
11501916,119,6762,2005,,,-0.5289149999999999,-0.804243,KIR,400249
11501917,119,6762,2006,,,0.218218,-0.669244,KIR,400249
11501918,119,6762,2007,,,0.106985,-0.654763,KIR,400249
11501919,119,6762,2008,,,0.122065,-0.667883,KIR,400249
11501920,119,6762,2009,,,-0.41403999999999996,-0.8960100000000001,KIR,400249
11501921,119,6762,2010,,,0.252151,-0.727326,KIR,400249
11501922,119,6762,2011,,,0.129038,-0.670175,KIR,400249
11501923,119,6762,2012,,,-0.5625760000000001,-0.803443,KIR,400249
11501924,119,6762,2013,,,-0.258825,-0.781927,KIR,400249
11501925,119,6762,2014,,,0.708907,-0.540813,KIR,400249
11501926,119,6762,2015,,,-0.257871,-0.858136,KIR,400249
11501927,119,6762,2016,,,0.23475300000000002,-0.789514,KIR,400249
11501928,119,6762,2017,,,-0.912241,-0.907758,KIR,400249
11501929,119,6762,2018,,,-0.321563,-0.9075110000000001,KIR,400249
11501930,119,6762,2019,,,-0.719943,-0.9396709999999999,KIR,400249
11501931,119,6762,2020,,,-0.9781629999999999,-0.936783,KIR,400249
11501932,120,6762,1995,,,0.45250200000000007,-0.45284399999999997,KNA,400249
11501933,120,6762,1996,,,0.546384,-0.463373,KNA,400249
11501934,120,6762,1997,,,0.8765370000000001,-0.268836,KNA,400249
11501935,120,6762,1998,,,0.856974,-0.416976,KNA,400249
11501936,120,6762,1999,,,0.670532,-0.45786400000000005,KNA,400249
11501937,120,6762,2000,,,0.70972,-0.526818,KNA,400249
11501938,120,6762,2001,,,0.612222,-0.440733,KNA,400249
11501939,120,6762,2002,,,0.911442,-0.26164899999999996,KNA,400249
11501940,120,6762,2003,,,0.555154,-0.405962,KNA,400249
11501941,120,6762,2004,,,0.538271,-0.43505299999999997,KNA,400249
11501942,120,6762,2005,,,0.9313739999999999,-0.44211999999999996,KNA,400249
11501943,120,6762,2006,,,0.896119,-0.309349,KNA,400249
11501944,120,6762,2007,,,1.21646,-0.190821,KNA,400249
11501945,120,6762,2008,,,1.2613,-0.136295,KNA,400249
11501946,120,6762,2009,,,0.9218370000000001,-0.303977,KNA,400249
11501947,120,6762,2010,,,0.9277790000000001,-0.42824799999999996,KNA,400249
11501948,120,6762,2011,,,1.056175,-0.19398800000000002,KNA,400249
11501949,120,6762,2012,,,0.788275,-0.314756,KNA,400249
11501950,120,6762,2013,,,0.8500270000000001,-0.390234,KNA,400249
11501951,120,6762,2014,,,0.9888950000000001,-0.28283800000000003,KNA,400249
11501952,120,6762,2015,,,0.8252430000000001,-0.436662,KNA,400249
11501953,120,6762,2016,,,0.620594,-0.4305,KNA,400249
11501954,120,6762,2017,,,0.781625,-0.405177,KNA,400249
11501955,120,6762,2018,,,0.315069,-0.689573,KNA,400249
11501956,120,6762,2019,,,0.739775,-0.644166,KNA,400249
11501957,120,6762,2020,,,0.955462,-0.487217,KNA,400249
11501958,121,6762,1995,1345410.0,28571788.0,0.845175,1.2761799999999999,KOR,400249
11501959,121,6762,1996,1555648.0,31420248.0,0.8946940000000001,1.240424,KOR,400249
11501960,121,6762,1997,1460143.0,26700697.0,1.0478290000000001,1.2874370000000002,KOR,400249
11501961,121,6762,1998,2859850.0,17635969.0,0.999518,1.106351,KOR,400249
11501962,121,6762,1999,1828032.0,25225002.0,0.92448,1.053988,KOR,400249
11501963,121,6762,2000,3353591.0,30337429.0,1.0696700000000001,1.0182209999999998,KOR,400249
11501964,121,6762,2001,3390564.0,26881406.0,1.145797,1.0762399999999999,KOR,400249
11501965,121,6762,2002,2420930.0,24965726.0,1.186816,1.075947,KOR,400249
11501966,121,6762,2003,2464484.0,24443849.0,1.2611709999999998,0.956308,KOR,400249
11501967,121,6762,2004,4291603.0,25417727.0,1.3624690000000002,0.928342,KOR,400249
11501968,121,6762,2005,2667356.0,26061421.0,1.4051850000000001,0.815171,KOR,400249
11501969,121,6762,2006,2943829.0,30971689.0,1.5384309999999999,0.766628,KOR,400249
11501970,121,6762,2007,4586536.0,36902430.0,1.497359,0.726637,KOR,400249
11501971,121,6762,2008,7475836.0,41646988.0,1.491687,0.814692,KOR,400249
11501972,121,6762,2009,2991630.0,24507826.0,1.509336,0.784515,KOR,400249
11501973,121,6762,2010,5792178.0,29439313.0,1.7118849999999999,0.762362,KOR,400249
11501974,121,6762,2011,8084580.0,39438544.0,1.731371,0.8306879999999999,KOR,400249
11501975,121,6762,2012,5572488.0,38018965.0,1.632917,0.877742,KOR,400249
11501976,121,6762,2013,3247362.0,33585247.0,1.818383,0.75645,KOR,400249
11501977,121,6762,2014,4678718.0,31306947.0,1.817145,0.8394530000000001,KOR,400249
11501978,121,6762,2015,5377603.0,29784850.0,1.900653,0.859406,KOR,400249
11501979,121,6762,2016,3559339.0,27640235.0,2.086184,0.724318,KOR,400249
11501980,121,6762,2017,3422354.0,29221801.0,2.011263,0.783215,KOR,400249
11501981,121,6762,2018,3410679.0,28835361.0,2.093866,0.764303,KOR,400249
11501982,121,6762,2019,1936173.0,25214141.0,2.115482,0.696838,KOR,400249
11501983,121,6762,2020,1940143.0,19595580.0,1.9703950000000001,0.800826,KOR,400249
11501984,122,6762,1995,0.0,71793.0,-0.226273,-1.02354,KWT,400249
11501985,122,6762,1996,0.0,25007.0,-0.27174499999999996,-1.098243,KWT,400249
11501986,122,6762,1997,,,-0.660185,-1.1410129999999998,KWT,400249
11501987,122,6762,1998,0.0,27295.0,0.037029,-1.054761,KWT,400249
11501988,122,6762,1999,0.0,1268.0,0.028312999999999998,-1.0742770000000001,KWT,400249
11501989,122,6762,2000,,,-0.6112270000000001,-1.149326,KWT,400249
11501990,122,6762,2001,0.0,36386.0,-0.8197,-1.183758,KWT,400249
11501991,122,6762,2002,,,-0.6629550000000001,-1.157214,KWT,400249
11501992,122,6762,2003,0.0,32585.0,-0.7943640000000001,-1.1529770000000001,KWT,400249
11501993,122,6762,2004,0.0,4228.0,-0.481908,-1.172081,KWT,400249
11501994,122,6762,2005,,,0.259466,-1.023932,KWT,400249
11501995,122,6762,2006,2065.0,202681.0,-0.589823,-1.142795,KWT,400249
11501996,122,6762,2007,0.0,194075.0,-0.8265030000000001,-1.166243,KWT,400249
11501997,122,6762,2008,0.0,154631.0,-1.401297,-1.142945,KWT,400249
11501998,122,6762,2009,0.0,85953.0,-1.386993,-1.203527,KWT,400249
11501999,122,6762,2010,0.0,167158.0,0.067373,-1.0822120000000002,KWT,400249
11502000,122,6762,2011,0.0,250689.0,-0.898582,-1.09893,KWT,400249
11502001,122,6762,2012,21110.0,281436.0,-0.7931600000000001,-1.096005,KWT,400249
11502002,122,6762,2013,0.0,183754.0,-0.536384,-1.08382,KWT,400249
11502003,122,6762,2014,0.0,128953.0,-0.769616,-1.10667,KWT,400249
11502004,122,6762,2015,0.0,197660.0,-0.352023,-1.153057,KWT,400249
11502005,122,6762,2016,0.0,312373.0,-0.31188,-1.1438620000000002,KWT,400249
11502006,122,6762,2017,0.0,448732.0,-0.229821,-1.128482,KWT,400249
11502007,122,6762,2018,0.0,114112.0,-0.668802,-1.154012,KWT,400249
11502008,122,6762,2019,0.0,274772.0,0.081686,-1.087259,KWT,400249
11502009,122,6762,2020,0.0,258558.0,-0.072977,-1.090017,KWT,400249
11502010,123,6762,1995,,,-1.305146,-1.1964299999999999,LAO,400249
11502011,123,6762,1996,,,-0.751092,-0.8680209999999999,LAO,400249
11502012,123,6762,1997,,,-0.868848,-0.914637,LAO,400249
11502013,123,6762,1998,,,-1.251085,-1.1803219999999999,LAO,400249
11502014,123,6762,1999,,,-1.429411,-1.243248,LAO,400249
11502015,123,6762,2000,,,-1.4676120000000001,-1.25673,LAO,400249
11502016,123,6762,2001,,,-1.298653,-1.164605,LAO,400249
11502017,123,6762,2002,,,-1.255183,-1.163232,LAO,400249
11502018,123,6762,2003,0.0,5219.0,-1.251741,-1.14364,LAO,400249
11502019,123,6762,2004,,,-1.274622,-1.082807,LAO,400249
11502020,123,6762,2005,,,-1.2717379999999998,-1.030638,LAO,400249
11502021,123,6762,2006,,,-1.1707450000000001,-1.057348,LAO,400249
11502022,123,6762,2007,0.0,4964.0,-1.045213,-1.01482,LAO,400249
11502023,123,6762,2008,,,-1.09704,-0.934141,LAO,400249
11502024,123,6762,2009,,,-1.235693,-1.0440040000000002,LAO,400249
11502025,123,6762,2010,,,-1.104075,-0.836772,LAO,400249
11502026,123,6762,2011,,,-1.135039,-0.929759,LAO,400249
11502027,123,6762,2012,,,-1.0873540000000002,-0.9584809999999999,LAO,400249
11502028,123,6762,2013,0.0,4515.0,-1.204446,-0.8571489999999999,LAO,400249
11502029,123,6762,2014,,,-1.054294,-0.869916,LAO,400249
11502030,123,6762,2015,,,-0.927524,-0.74525,LAO,400249
11502031,123,6762,2016,,,-0.9781479999999999,-0.8272860000000001,LAO,400249
11502032,123,6762,2017,,,-0.9742190000000001,-0.727593,LAO,400249
11502033,123,6762,2018,,,-0.788808,-0.8012670000000001,LAO,400249
11502034,123,6762,2019,,,-0.8232889999999999,-0.7276590000000001,LAO,400249
11502035,123,6762,2020,,,-0.741151,-0.689088,LAO,400249
11502036,124,6762,1995,11390.0,73788.0,0.027416000000000003,0.327795,LBN,400249
11502037,124,6762,1996,0.0,8449.0,-0.051973,0.002154,LBN,400249
11502038,124,6762,1997,0.0,137398.0,0.334291,0.783104,LBN,400249
11502039,124,6762,1998,0.0,130386.0,0.23803200000000002,0.9927860000000001,LBN,400249
11502040,124,6762,1999,0.0,105297.0,0.264151,0.767188,LBN,400249
11502041,124,6762,2000,10390.0,73914.0,0.24766100000000002,0.85467,LBN,400249
11502042,124,6762,2001,0.0,206384.0,0.165355,0.988008,LBN,400249
11502043,124,6762,2002,0.0,94484.0,0.2729,1.254232,LBN,400249
11502044,124,6762,2003,0.0,60894.0,0.261687,1.053856,LBN,400249
11502045,124,6762,2004,0.0,125994.0,0.32409899999999997,1.037024,LBN,400249
11502046,124,6762,2005,0.0,62246.0,0.398304,1.439764,LBN,400249
11502047,124,6762,2006,0.0,72377.0,0.3861,1.586183,LBN,400249
11502048,124,6762,2007,0.0,237712.0,0.47468,1.775191,LBN,400249
11502049,124,6762,2008,0.0,155612.0,0.46133100000000005,1.4598149999999999,LBN,400249
11502050,124,6762,2009,0.0,34943.0,0.48618599999999995,1.4748620000000001,LBN,400249
11502051,124,6762,2010,0.0,51105.0,0.415854,1.424085,LBN,400249
11502052,124,6762,2011,0.0,89066.0,0.278393,1.2962879999999999,LBN,400249
11502053,124,6762,2012,0.0,104491.0,0.38759,1.446025,LBN,400249
11502054,124,6762,2013,758.0,73544.0,0.283084,1.4289100000000001,LBN,400249
11502055,124,6762,2014,,,0.308677,1.7564490000000001,LBN,400249
11502056,124,6762,2015,0.0,76822.0,0.317355,1.330374,LBN,400249
11502057,124,6762,2016,0.0,45138.0,0.285829,1.0818139999999998,LBN,400249
11502058,124,6762,2017,549.0,52483.0,0.266847,1.117621,LBN,400249
11502059,124,6762,2018,0.0,74903.0,0.270554,0.9995149999999999,LBN,400249
11502060,124,6762,2019,0.0,81335.0,0.26155700000000004,1.062317,LBN,400249
11502061,124,6762,2020,1818.0,0.0,0.35459,1.067965,LBN,400249
11502062,125,6762,1995,,,-0.683329,-1.058242,LBR,400249
11502063,125,6762,1996,0.0,28886.0,-0.6975779999999999,-1.0896290000000002,LBR,400249
11502064,125,6762,1997,,,-0.468764,-1.087005,LBR,400249
11502065,125,6762,1998,,,-0.41130600000000006,-1.096049,LBR,400249
11502066,125,6762,1999,,,0.08996799999999999,-1.014859,LBR,400249
11502067,125,6762,2000,,,-0.603775,-1.132357,LBR,400249
11502068,125,6762,2001,,,-0.49036,-1.126565,LBR,400249
11502069,125,6762,2002,,,-0.508416,-1.121658,LBR,400249
11502070,125,6762,2003,,,0.026117,-1.03888,LBR,400249
11502071,125,6762,2004,0.0,1983.0,0.016191,-1.070051,LBR,400249
11502072,125,6762,2005,,,-0.6951890000000001,-1.101651,LBR,400249
11502073,125,6762,2006,,,-0.679188,-1.0969389999999999,LBR,400249
11502074,125,6762,2007,,,-0.866643,-1.124112,LBR,400249
11502075,125,6762,2008,,,-0.20785900000000002,-0.9568030000000001,LBR,400249
11502076,125,6762,2009,,,-0.07508,-0.994632,LBR,400249
11502077,125,6762,2010,,,-0.527834,-1.045908,LBR,400249
11502078,125,6762,2011,,,-0.318463,-0.9367489999999999,LBR,400249
11502079,125,6762,2012,0.0,18649.0,-0.699557,-1.083059,LBR,400249
11502080,125,6762,2013,,,-0.41869399999999996,-0.9538770000000001,LBR,400249
11502081,125,6762,2014,,,-1.016828,-1.107983,LBR,400249
11502082,125,6762,2015,,,-1.087459,-1.195708,LBR,400249
11502083,125,6762,2016,,,-0.870345,-1.113277,LBR,400249
11502084,125,6762,2017,,,-0.355064,-0.977613,LBR,400249
11502085,125,6762,2018,,,-1.022881,-1.124718,LBR,400249
11502086,125,6762,2019,,,-1.288568,-1.172395,LBR,400249
11502087,125,6762,2020,,,-1.614715,-1.185446,LBR,400249
11502088,126,6762,1995,,,-0.353547,-1.019464,LBY,400249
11502089,126,6762,1996,,,-0.588489,-1.138552,LBY,400249
11502090,126,6762,1997,,,-0.49745600000000006,-1.126254,LBY,400249
11502091,126,6762,1998,0.0,7321.0,-0.303379,-1.1347180000000001,LBY,400249
11502092,126,6762,1999,,,-0.269375,-1.145758,LBY,400249
11502093,126,6762,2000,,,-0.49665200000000004,-1.130641,LBY,400249
11502094,126,6762,2001,0.0,6860.0,-0.9321459999999999,-1.198124,LBY,400249
11502095,126,6762,2002,0.0,2747.0,-0.568615,-1.172261,LBY,400249
11502096,126,6762,2003,,,-0.36075999999999997,-1.110575,LBY,400249
11502097,126,6762,2004,,,-0.42119700000000004,-1.179463,LBY,400249
11502098,126,6762,2005,,,-0.159698,-1.126737,LBY,400249
11502099,126,6762,2006,,,-0.518724,-1.142074,LBY,400249
11502100,126,6762,2007,0.0,1994.0,-0.8669959999999999,-1.167363,LBY,400249
11502101,126,6762,2008,,,-1.156353,-1.133716,LBY,400249
11502102,126,6762,2009,0.0,55857.0,-1.196032,-1.1829,LBY,400249
11502103,126,6762,2010,0.0,5378.0,-0.706491,-1.140822,LBY,400249
11502104,126,6762,2011,0.0,15684.0,-1.680464,-1.148511,LBY,400249
11502105,126,6762,2012,,,-3.1086240000000003,-1.185131,LBY,400249
11502106,126,6762,2013,0.0,6114.0,-1.6241459999999999,-1.1817950000000002,LBY,400249
11502107,126,6762,2014,,,-1.5943829999999999,-1.189961,LBY,400249
11502108,126,6762,2015,,,-1.3257219999999998,-1.260453,LBY,400249
11502109,126,6762,2016,,,-1.021925,-1.2316790000000002,LBY,400249
11502110,126,6762,2017,,,-1.156635,-1.212561,LBY,400249
11502111,126,6762,2018,,,-1.608786,-1.231101,LBY,400249
11502112,126,6762,2019,0.0,8956.0,-1.552842,-1.2316690000000001,LBY,400249
11502113,126,6762,2020,,,-1.0431840000000001,-1.187957,LBY,400249
11502114,127,6762,1995,,,0.194177,-0.359444,LCA,400249
11502115,127,6762,1996,,,0.016224000000000002,-0.664312,LCA,400249
11502116,127,6762,1997,,,-0.148373,-0.516139,LCA,400249
11502117,127,6762,1998,,,-0.056641,-0.672786,LCA,400249
11502118,127,6762,1999,,,-0.129026,-0.630046,LCA,400249
11502119,127,6762,2000,,,0.025498,-0.599171,LCA,400249
11502120,127,6762,2001,,,0.004518,-0.5326770000000001,LCA,400249
11502121,127,6762,2002,,,0.14441700000000002,-0.38146599999999997,LCA,400249
11502122,127,6762,2003,,,0.318385,-0.342679,LCA,400249
11502123,127,6762,2004,,,0.233152,-0.351169,LCA,400249
11502124,127,6762,2005,,,0.795038,-0.40244,LCA,400249
11502125,127,6762,2006,,,1.118348,-0.17618,LCA,400249
11502126,127,6762,2007,,,0.7445430000000001,-0.187834,LCA,400249
11502127,127,6762,2008,,,0.42267899999999997,0.005129,LCA,400249
11502128,127,6762,2009,0.0,7675.0,0.34839699999999996,-0.531658,LCA,400249
11502129,127,6762,2010,,,0.446162,-0.279229,LCA,400249
11502130,127,6762,2011,,,0.639295,-0.17407999999999998,LCA,400249
11502131,127,6762,2012,,,0.526261,-0.10413199999999999,LCA,400249
11502132,127,6762,2013,0.0,7816.0,0.265129,-0.5083949999999999,LCA,400249
11502133,127,6762,2014,,,0.29035500000000003,-0.603541,LCA,400249
11502134,127,6762,2015,,,0.5410590000000001,-0.484234,LCA,400249
11502135,127,6762,2016,0.0,10297.0,0.397746,-0.405285,LCA,400249
11502136,127,6762,2017,0.0,6065.0,0.458896,-0.149195,LCA,400249
11502137,127,6762,2018,,,0.18656,-0.143406,LCA,400249
11502138,127,6762,2019,0.0,8993.0,0.21145,-0.08792699999999999,LCA,400249
11502139,127,6762,2020,,,0.044785000000000005,-0.59519,LCA,400249
11502140,128,6762,1995,0.0,451249.0,-0.8358030000000001,-0.29397199999999996,LKA,400249
11502141,128,6762,1996,0.0,513817.0,-0.812763,-0.188722,LKA,400249
11502142,128,6762,1997,0.0,741754.0,-0.925745,-0.308559,LKA,400249
11502143,128,6762,1998,0.0,203042.0,-0.933293,-0.233566,LKA,400249
11502144,128,6762,1999,0.0,439991.0,-0.8875649999999999,-0.059249,LKA,400249
11502145,128,6762,2000,38924.0,503223.0,-0.8783549999999999,-0.074326,LKA,400249
11502146,128,6762,2001,0.0,470415.0,-0.722434,-0.033818,LKA,400249
11502147,128,6762,2002,18905.0,483243.0,-0.740927,0.023171,LKA,400249
11502148,128,6762,2003,2059.0,609300.0,-0.618057,0.101931,LKA,400249
11502149,128,6762,2004,5127.0,657258.0,-0.658668,0.21912600000000002,LKA,400249
11502150,128,6762,2005,35337.0,575203.0,-0.718592,0.22666,LKA,400249
11502151,128,6762,2006,0.0,653975.0,-0.573767,0.305913,LKA,400249
11502152,128,6762,2007,8034.0,1147869.0,-0.568577,0.364717,LKA,400249
11502153,128,6762,2008,0.0,1008587.0,-0.48245200000000005,0.295892,LKA,400249
11502154,128,6762,2009,3081.0,667897.0,-0.653836,0.174403,LKA,400249
11502155,128,6762,2010,0.0,713332.0,-0.70886,0.25216700000000003,LKA,400249
11502156,128,6762,2011,20177.0,1076257.0,-0.559311,0.398905,LKA,400249
11502157,128,6762,2012,0.0,823077.0,-0.49648100000000006,0.48185200000000006,LKA,400249
11502158,128,6762,2013,0.0,1027588.0,-0.6521779999999999,0.41258599999999995,LKA,400249
11502159,128,6762,2014,0.0,665043.0,-0.49366899999999997,0.338686,LKA,400249
11502160,128,6762,2015,0.0,847414.0,-0.6773399999999999,0.386343,LKA,400249
11502161,128,6762,2016,45750.0,896387.0,-0.562869,0.49937,LKA,400249
11502162,128,6762,2017,23105.0,3746857.0,-0.46442799999999995,0.472132,LKA,400249
11502163,128,6762,2018,0.0,1180133.0,-0.544504,0.41074099999999997,LKA,400249
11502164,128,6762,2019,1972.0,1255609.0,-0.592952,0.394811,LKA,400249
11502165,128,6762,2020,0.0,906605.0,-0.48448599999999997,0.5495220000000001,LKA,400249
11502166,129,6762,1995,,,,,LSO,400249
11502167,129,6762,1996,,,,,LSO,400249
11502168,129,6762,1997,,,,,LSO,400249
11502169,129,6762,1998,,,,,LSO,400249
11502170,129,6762,1999,,,,,LSO,400249
11502171,129,6762,2000,,,-0.8855850000000001,-0.9470620000000001,LSO,400249
11502172,129,6762,2001,,,-0.786499,-0.7595729999999999,LSO,400249
11502173,129,6762,2002,,,-1.342265,-1.057032,LSO,400249
11502174,129,6762,2003,,,-1.405425,-1.046031,LSO,400249
11502175,129,6762,2004,,,-1.343146,-1.041126,LSO,400249
11502176,129,6762,2005,,,-1.8343599999999998,-1.077212,LSO,400249
11502177,129,6762,2006,,,-1.006497,-0.957676,LSO,400249
11502178,129,6762,2007,,,-0.122333,-0.7552439999999999,LSO,400249
11502179,129,6762,2008,,,-0.9549120000000001,-0.987166,LSO,400249
11502180,129,6762,2009,,,-1.446041,-1.102158,LSO,400249
11502181,129,6762,2010,,,-0.7534529999999999,-0.759605,LSO,400249
11502182,129,6762,2011,,,-0.868226,-0.764548,LSO,400249
11502183,129,6762,2012,0.0,13893.0,-0.579926,-0.732004,LSO,400249
11502184,129,6762,2013,,,-0.7396689999999999,-0.696625,LSO,400249
11502185,129,6762,2014,,,-0.59647,-0.58713,LSO,400249
11502186,129,6762,2015,,,-0.910168,-0.870865,LSO,400249
11502187,129,6762,2016,,,-0.891036,-0.807709,LSO,400249
11502188,129,6762,2017,,,-0.955398,-0.824111,LSO,400249
11502189,129,6762,2018,,,-0.413303,-0.46411899999999995,LSO,400249
11502190,129,6762,2019,,,-0.905482,-0.69457,LSO,400249
11502191,129,6762,2020,,,-0.968781,-0.770512,LSO,400249
11502192,130,6762,1995,0.0,7278.0,0.41220500000000004,0.966966,LTU,400249
11502193,130,6762,1996,0.0,46874.0,0.40520500000000004,0.9465950000000001,LTU,400249
11502194,130,6762,1997,4473.0,78115.0,0.377245,0.8823270000000001,LTU,400249
11502195,130,6762,1998,13815.0,80974.0,0.27073,0.692656,LTU,400249
11502196,130,6762,1999,0.0,31817.0,0.197536,0.5041899999999999,LTU,400249
11502197,130,6762,2000,0.0,29681.0,0.22596799999999997,0.550341,LTU,400249
11502198,130,6762,2001,1642.0,33400.0,0.15706900000000001,0.416663,LTU,400249
11502199,130,6762,2002,1312.0,50820.0,0.23102399999999998,0.586078,LTU,400249
11502200,130,6762,2003,2795.0,44973.0,0.239608,0.517299,LTU,400249
11502201,130,6762,2004,0.0,96571.0,0.403568,0.632707,LTU,400249
11502202,130,6762,2005,31419.0,25358.0,0.365698,0.8917370000000001,LTU,400249
11502203,130,6762,2006,0.0,10189.0,0.44063599999999997,1.163857,LTU,400249
11502204,130,6762,2007,0.0,9887.0,0.604169,1.279982,LTU,400249
11502205,130,6762,2008,0.0,46415.0,0.59033,0.961408,LTU,400249
11502206,130,6762,2009,0.0,5758.0,0.647736,1.150962,LTU,400249
11502207,130,6762,2010,4088.0,16945.0,0.6390600000000001,1.144911,LTU,400249
11502208,130,6762,2011,15169.0,22390.0,0.747963,0.9759530000000001,LTU,400249
11502209,130,6762,2012,2710.0,22917.0,0.771482,1.000405,LTU,400249
11502210,130,6762,2013,1909.0,3897.0,0.737796,1.215543,LTU,400249
11502211,130,6762,2014,16109.0,80579.0,0.764495,1.3451540000000002,LTU,400249
11502212,130,6762,2015,28278.0,382911.0,0.749429,1.3659860000000001,LTU,400249
11502213,130,6762,2016,91953.0,585147.0,0.706929,1.419432,LTU,400249
11502214,130,6762,2017,7001.0,157931.0,0.855858,1.447717,LTU,400249
11502215,130,6762,2018,120145.0,93479.0,0.964249,1.4050200000000002,LTU,400249
11502216,130,6762,2019,202518.0,100790.0,0.858456,1.364581,LTU,400249
11502217,130,6762,2020,43748.0,0.0,0.9772870000000001,1.291244,LTU,400249
11502218,131,6762,1995,,,,,LUX,400249
11502219,131,6762,1996,,,,,LUX,400249
11502220,131,6762,1997,,,,,LUX,400249
11502221,131,6762,1998,,,,,LUX,400249
11502222,131,6762,1999,45170.0,27850.0,1.499745,1.142951,LUX,400249
11502223,131,6762,2000,48108.0,17104.0,1.331688,1.130817,LUX,400249
11502224,131,6762,2001,28019.0,779583.0,1.470895,1.149007,LUX,400249
11502225,131,6762,2002,23162.0,363346.0,1.605378,1.152973,LUX,400249
11502226,131,6762,2003,35781.0,9607.0,1.444996,1.063764,LUX,400249
11502227,131,6762,2004,20242.0,12777.0,1.37529,1.0172649999999999,LUX,400249
11502228,131,6762,2005,15695.0,19518.0,1.399885,0.974292,LUX,400249
11502229,131,6762,2006,23735.0,22509.0,1.4345620000000001,0.8840819999999999,LUX,400249
11502230,131,6762,2007,2383.0,12997.0,1.390259,0.996566,LUX,400249
11502231,131,6762,2008,5710.0,20196.0,1.39945,1.003857,LUX,400249
11502232,131,6762,2009,43220.0,14423.0,1.323336,1.026341,LUX,400249
11502233,131,6762,2010,29348.0,14904.0,1.272127,1.1051520000000001,LUX,400249
11502234,131,6762,2011,0.0,11926.0,1.1655739999999999,1.222379,LUX,400249
11502235,131,6762,2012,856865.0,19458.0,1.131145,1.305768,LUX,400249
11502236,131,6762,2013,0.0,9123.0,1.170459,1.150327,LUX,400249
11502237,131,6762,2014,0.0,14927.0,1.243845,1.155474,LUX,400249
11502238,131,6762,2015,0.0,6657.0,1.218924,1.247152,LUX,400249
11502239,131,6762,2016,147285.0,4490.0,1.340054,1.30224,LUX,400249
11502240,131,6762,2017,0.0,8523.0,1.24064,1.298263,LUX,400249
11502241,131,6762,2018,3364.0,30401.0,1.1142889999999999,1.306066,LUX,400249
11502242,131,6762,2019,44094.0,4132.0,1.234145,1.3754309999999998,LUX,400249
11502243,131,6762,2020,29695.0,13130.0,1.197655,1.432727,LUX,400249
11502244,132,6762,1995,,,0.25453400000000004,0.174809,LVA,400249
11502245,132,6762,1996,0.0,27176.0,0.33418600000000004,0.1615,LVA,400249
11502246,132,6762,1997,0.0,14071.0,0.398848,0.215206,LVA,400249
11502247,132,6762,1998,0.0,8148.0,0.322473,0.388421,LVA,400249
11502248,132,6762,1999,0.0,7446.0,0.20633600000000002,0.324171,LVA,400249
11502249,132,6762,2000,0.0,154900.0,0.392514,0.212175,LVA,400249
11502250,132,6762,2001,0.0,10128.0,0.404136,0.461009,LVA,400249
11502251,132,6762,2002,0.0,8691.0,0.45210200000000006,0.515388,LVA,400249
11502252,132,6762,2003,0.0,15103.0,0.520772,0.5631689999999999,LVA,400249
11502253,132,6762,2004,0.0,28970.0,0.413821,0.627853,LVA,400249
11502254,132,6762,2005,0.0,16875.0,0.439697,0.690283,LVA,400249
11502255,132,6762,2006,54897.0,111472.0,0.531375,0.9414170000000001,LVA,400249
11502256,132,6762,2007,1799.0,78694.0,0.61459,0.985358,LVA,400249
11502257,132,6762,2008,25200.0,14485.0,0.655489,1.0811540000000002,LVA,400249
11502258,132,6762,2009,53101.0,18131.0,0.675643,0.99977,LVA,400249
11502259,132,6762,2010,3413.0,6545.0,0.6158170000000001,1.1401059999999998,LVA,400249
11502260,132,6762,2011,12348.0,348577.0,0.7320939999999999,1.101321,LVA,400249
11502261,132,6762,2012,2490.0,43894.0,0.71433,0.9376540000000001,LVA,400249
11502262,132,6762,2013,0.0,40421.0,0.6219439999999999,1.166749,LVA,400249
11502263,132,6762,2014,0.0,36815.0,0.613116,1.1899790000000001,LVA,400249
11502264,132,6762,2015,1023.0,13196.0,0.602209,1.125357,LVA,400249
11502265,132,6762,2016,0.0,19334.0,0.553592,1.19865,LVA,400249
11502266,132,6762,2017,0.0,23415.0,0.684555,1.3208030000000002,LVA,400249
11502267,132,6762,2018,1292.0,18211.0,0.707168,1.294297,LVA,400249
11502268,132,6762,2019,0.0,234529.0,0.7804300000000001,1.159592,LVA,400249
11502269,132,6762,2020,0.0,693905.0,0.712901,1.119907,LVA,400249
11502270,133,6762,1995,1588.0,0.0,-0.149794,-0.26961799999999997,MAC,400249
11502271,133,6762,1996,0.0,16942.0,-0.23007399999999997,-0.34139400000000003,MAC,400249
11502272,133,6762,1997,0.0,75845.0,-0.238002,-0.361492,MAC,400249
11502273,133,6762,1998,0.0,67142.0,-0.21838000000000002,-0.370322,MAC,400249
11502274,133,6762,1999,0.0,81027.0,-0.365239,-0.380913,MAC,400249
11502275,133,6762,2000,0.0,1254341.0,-0.370575,-0.47639499999999996,MAC,400249
11502276,133,6762,2001,108827.0,100248.0,-0.608406,-0.521662,MAC,400249
11502277,133,6762,2002,262351.0,20062.0,-0.360172,-0.359367,MAC,400249
11502278,133,6762,2003,275772.0,10626.0,-0.294516,-0.413828,MAC,400249
11502279,133,6762,2004,354987.0,54188.0,-0.351045,-0.487521,MAC,400249
11502280,133,6762,2005,341002.0,10672.0,-0.218324,-0.329027,MAC,400249
11502281,133,6762,2006,218539.0,0.0,-0.07118200000000001,-0.228354,MAC,400249
11502282,133,6762,2007,222830.0,2916.0,0.168528,-0.150411,MAC,400249
11502283,133,6762,2008,16526.0,12862.0,0.352633,0.219317,MAC,400249
11502284,133,6762,2009,0.0,8261.0,0.450395,0.6237739999999999,MAC,400249
11502285,133,6762,2010,0.0,6235.0,0.545755,0.492997,MAC,400249
11502286,133,6762,2011,0.0,5534.0,0.511015,0.560905,MAC,400249
11502287,133,6762,2012,0.0,8313.0,0.659177,0.583923,MAC,400249
11502288,133,6762,2013,0.0,2364.0,0.252209,0.184401,MAC,400249
11502289,133,6762,2014,0.0,2780.0,0.704535,0.5856140000000001,MAC,400249
11502290,133,6762,2015,0.0,59211.0,0.296288,0.32009499999999996,MAC,400249
11502291,133,6762,2016,,,0.534935,0.185542,MAC,400249
11502292,133,6762,2017,,,0.264006,-0.11028099999999999,MAC,400249
11502293,133,6762,2018,0.0,1623.0,0.44520299999999996,0.042491,MAC,400249
11502294,133,6762,2019,0.0,3122.0,0.397984,-0.061689,MAC,400249
11502295,133,6762,2020,0.0,1669.0,0.464354,0.020065,MAC,400249
11502296,134,6762,1995,0.0,682079.0,-0.6481210000000001,-0.22345,MAR,400249
11502297,134,6762,1996,0.0,1136958.0,-0.67314,-0.241242,MAR,400249
11502298,134,6762,1997,0.0,744411.0,-0.649616,-0.260554,MAR,400249
11502299,134,6762,1998,0.0,547080.0,-0.7299479999999999,-0.23758200000000002,MAR,400249
11502300,134,6762,1999,0.0,657704.0,-0.659053,-0.142104,MAR,400249
11502301,134,6762,2000,0.0,602013.0,-0.664836,-0.282415,MAR,400249
11502302,134,6762,2001,0.0,900446.0,-0.75275,-0.280397,MAR,400249
11502303,134,6762,2002,0.0,852320.0,-0.810467,-0.34807899999999997,MAR,400249
11502304,134,6762,2003,0.0,1257777.0,-0.6842050000000001,-0.217892,MAR,400249
11502305,134,6762,2004,0.0,1090549.0,-0.681556,-0.152372,MAR,400249
11502306,134,6762,2005,0.0,1024418.0,-0.617355,-0.129666,MAR,400249
11502307,134,6762,2006,0.0,2397881.0,-0.547933,0.08257300000000001,MAR,400249
11502308,134,6762,2007,0.0,4818973.0,-0.5846560000000001,0.10927100000000001,MAR,400249
11502309,134,6762,2008,0.0,4361663.0,-0.505734,-0.000516,MAR,400249
11502310,134,6762,2009,0.0,1386474.0,-0.48819300000000004,0.173952,MAR,400249
11502311,134,6762,2010,0.0,2903507.0,-0.5935229999999999,-0.056497000000000006,MAR,400249
11502312,134,6762,2011,0.0,4505160.0,-0.485404,0.099828,MAR,400249
11502313,134,6762,2012,0.0,2666270.0,-0.536297,-0.018561,MAR,400249
11502314,134,6762,2013,0.0,2740856.0,-0.6494260000000001,-0.035075999999999996,MAR,400249
11502315,134,6762,2014,0.0,2706989.0,-0.574034,0.065788,MAR,400249
11502316,134,6762,2015,0.0,1812910.0,-0.7554810000000001,-0.059697,MAR,400249
11502317,134,6762,2016,0.0,790654.0,-0.772795,-0.206511,MAR,400249
11502318,134,6762,2017,18757.0,2183085.0,-0.757236,-0.065347,MAR,400249
11502319,134,6762,2018,0.0,2706423.0,-0.712775,-0.090013,MAR,400249
11502320,134,6762,2019,3784.0,3101897.0,-0.747739,-0.154125,MAR,400249
11502321,134,6762,2020,13931.0,1407458.0,-0.5208510000000001,-0.080499,MAR,400249
11502322,135,6762,1995,9461.0,79893.0,0.394058,0.124474,MDA,400249
11502323,135,6762,1996,0.0,6004.0,0.198427,0.026004000000000003,MDA,400249
11502324,135,6762,1997,0.0,4945.0,0.148579,-0.334685,MDA,400249
11502325,135,6762,1998,0.0,4538.0,-0.112783,-0.276584,MDA,400249
11502326,135,6762,1999,,,-0.16408,-0.08062000000000001,MDA,400249
11502327,135,6762,2000,0.0,17309.0,0.069239,0.02855,MDA,400249
11502328,135,6762,2001,,,-0.024822,-0.15323399999999998,MDA,400249
11502329,135,6762,2002,,,-0.186001,-0.141598,MDA,400249
11502330,135,6762,2003,803.0,3412.0,-0.005154,-0.26107199999999997,MDA,400249
11502331,135,6762,2004,,,-0.155523,-0.355142,MDA,400249
11502332,135,6762,2005,,,-0.10179400000000001,-0.152093,MDA,400249
11502333,135,6762,2006,,,-0.017707,0.135305,MDA,400249
11502334,135,6762,2007,,,0.147801,0.13758299999999998,MDA,400249
11502335,135,6762,2008,,,0.096913,-0.095718,MDA,400249
11502336,135,6762,2009,,,0.009281999999999999,-0.039299,MDA,400249
11502337,135,6762,2010,,,-0.116797,0.037801,MDA,400249
11502338,135,6762,2011,,,-0.225556,0.28622,MDA,400249
11502339,135,6762,2012,,,0.025301,0.36205,MDA,400249
11502340,135,6762,2013,,,-0.016235,0.132104,MDA,400249
11502341,135,6762,2014,,,-0.10438199999999999,-0.093194,MDA,400249
11502342,135,6762,2015,,,-0.313837,-0.20393,MDA,400249
11502343,135,6762,2016,,,-0.340932,-0.2839,MDA,400249
11502344,135,6762,2017,,,-0.24909,-0.181213,MDA,400249
11502345,135,6762,2018,,,-0.358412,-0.271334,MDA,400249
11502346,135,6762,2019,,,-0.333385,-0.35752,MDA,400249
11502347,135,6762,2020,0.0,1600.0,-0.06779199999999999,-0.240851,MDA,400249
11502348,136,6762,1995,,,-1.178074,-0.6167,MDG,400249
11502349,136,6762,1996,,,-1.213619,-0.606686,MDG,400249
11502350,136,6762,1997,,,-1.2630370000000002,-0.565295,MDG,400249
11502351,136,6762,1998,0.0,35087.0,-1.2600639999999999,-0.566983,MDG,400249
11502352,136,6762,1999,,,-1.186653,-0.5059279999999999,MDG,400249
11502353,136,6762,2000,,,-1.045792,-0.386997,MDG,400249
11502354,136,6762,2001,,,-1.247531,-0.637093,MDG,400249
11502355,136,6762,2002,0.0,4941.0,-1.120167,-0.43338699999999997,MDG,400249
11502356,136,6762,2003,,,-1.254758,-0.622696,MDG,400249
11502357,136,6762,2004,,,-1.355542,-0.634409,MDG,400249
11502358,136,6762,2005,,,-1.075232,-0.333908,MDG,400249
11502359,136,6762,2006,,,-1.024657,-0.393395,MDG,400249
11502360,136,6762,2007,,,-0.939838,-0.221205,MDG,400249
11502361,136,6762,2008,,,-0.9618190000000001,-0.348841,MDG,400249
11502362,136,6762,2009,,,-1.0356610000000002,-0.198062,MDG,400249
11502363,136,6762,2010,,,-0.8737799999999999,-0.043717,MDG,400249
11502364,136,6762,2011,8411.0,0.0,-1.040519,-0.404883,MDG,400249
11502365,136,6762,2012,0.0,9782.0,-0.9744290000000001,-0.326567,MDG,400249
11502366,136,6762,2013,,,-1.068565,-0.364254,MDG,400249
11502367,136,6762,2014,,,-1.002122,-0.44446,MDG,400249
11502368,136,6762,2015,,,-1.15947,-0.497217,MDG,400249
11502369,136,6762,2016,0.0,39041.0,-1.2672709999999998,-0.613909,MDG,400249
11502370,136,6762,2017,,,-1.277182,-0.6503399999999999,MDG,400249
11502371,136,6762,2018,0.0,3025.0,-1.2144549999999998,-0.748326,MDG,400249
11502372,136,6762,2019,,,-1.267516,-0.733849,MDG,400249
11502373,136,6762,2020,,,-1.206503,-0.709465,MDG,400249
11502374,137,6762,1995,,,-1.258938,-0.9818629999999999,MDV,400249
11502375,137,6762,1996,,,-1.107903,-1.016442,MDV,400249
11502376,137,6762,1997,,,-1.155491,-1.0362200000000001,MDV,400249
11502377,137,6762,1998,,,-1.4121629999999998,-1.084394,MDV,400249
11502378,137,6762,1999,,,-0.83783,-0.941734,MDV,400249
11502379,137,6762,2000,,,-1.408182,-1.099033,MDV,400249
11502380,137,6762,2001,,,-0.980734,-0.9785659999999999,MDV,400249
11502381,137,6762,2002,,,-1.3007440000000001,-1.0420120000000002,MDV,400249
11502382,137,6762,2003,,,-1.201352,-1.031892,MDV,400249
11502383,137,6762,2004,,,-0.34020700000000004,-0.817298,MDV,400249
11502384,137,6762,2005,,,0.063163,-0.623409,MDV,400249
11502385,137,6762,2006,,,-0.240191,-0.8320290000000001,MDV,400249
11502386,137,6762,2007,,,-0.7558050000000001,-0.931211,MDV,400249
11502387,137,6762,2008,,,0.037203,-0.718439,MDV,400249
11502388,137,6762,2009,,,-0.415182,-0.9298379999999999,MDV,400249
11502389,137,6762,2010,,,-0.644859,-0.910633,MDV,400249
11502390,137,6762,2011,,,-0.937469,-0.87897,MDV,400249
11502391,137,6762,2012,,,-0.664154,-0.826418,MDV,400249
11502392,137,6762,2013,,,-0.21889699999999998,-0.776392,MDV,400249
11502393,137,6762,2014,,,-0.43265299999999995,-0.82696,MDV,400249
11502394,137,6762,2015,,,-0.321571,-0.858751,MDV,400249
11502395,137,6762,2016,,,-0.79904,-0.9720840000000001,MDV,400249
11502396,137,6762,2017,,,-1.100027,-0.9779479999999999,MDV,400249
11502397,137,6762,2018,,,-0.577527,-0.952098,MDV,400249
11502398,137,6762,2019,,,-0.37792800000000004,-0.8963059999999999,MDV,400249
11502399,137,6762,2020,,,-0.68914,-0.844514,MDV,400249
11502400,138,6762,1995,46248.0,8940801.0,0.6414300000000001,0.9697520000000001,MEX,400249
11502401,138,6762,1996,95678.0,10940617.0,0.651949,0.9132170000000001,MEX,400249
11502402,138,6762,1997,68934.0,14055862.0,0.603221,0.898488,MEX,400249
11502403,138,6762,1998,72024.0,16947809.0,0.525671,0.880649,MEX,400249
11502404,138,6762,1999,126141.0,10991330.0,0.581034,0.8399760000000001,MEX,400249
11502405,138,6762,2000,16847.0,13659503.0,0.6866760000000001,0.64383,MEX,400249
11502406,138,6762,2001,97186.0,10149218.0,0.797058,0.713234,MEX,400249
11502407,138,6762,2002,32644.0,11995296.0,0.942061,0.6311260000000001,MEX,400249
11502408,138,6762,2003,33374.0,13754640.0,0.862509,0.756684,MEX,400249
11502409,138,6762,2004,36023.0,14991612.0,0.868684,0.85506,MEX,400249
11502410,138,6762,2005,38778.0,11284229.0,1.046235,0.856245,MEX,400249
11502411,138,6762,2006,88546.0,14933996.0,1.047268,0.7142270000000001,MEX,400249
11502412,138,6762,2007,225140.0,21354076.0,1.044746,0.605246,MEX,400249
11502413,138,6762,2008,277210.0,18288970.0,0.9833639999999999,0.7687069999999999,MEX,400249
11502414,138,6762,2009,133711.0,16094248.0,1.061625,0.719234,MEX,400249
11502415,138,6762,2010,162523.0,16061323.0,1.132664,0.675756,MEX,400249
11502416,138,6762,2011,255614.0,20653784.0,0.9534600000000001,0.706982,MEX,400249
11502417,138,6762,2012,233084.0,17017271.0,1.039541,0.663349,MEX,400249
11502418,138,6762,2013,31441.0,16318134.0,1.048507,0.718932,MEX,400249
11502419,138,6762,2014,140902.0,17073041.0,1.0799729999999998,0.697554,MEX,400249
11502420,138,6762,2015,194083.0,20340857.0,1.169724,0.61457,MEX,400249
11502421,138,6762,2016,65862.0,16931303.0,1.165638,0.6446649999999999,MEX,400249
11502422,138,6762,2017,87800.0,26410478.0,1.08871,0.5745279999999999,MEX,400249
11502423,138,6762,2018,584972.0,24868856.0,1.00061,0.585759,MEX,400249
11502424,138,6762,2019,739849.0,22128357.0,1.083041,0.569353,MEX,400249
11502425,138,6762,2020,110872.0,18751634.0,0.974514,0.563643,MEX,400249
11502426,139,6762,1995,,,-0.423338,-0.72302,MHL,400249
11502427,139,6762,1996,,,-0.035292000000000004,-0.660011,MHL,400249
11502428,139,6762,1997,,,-0.09653400000000001,-0.744734,MHL,400249
11502429,139,6762,1998,,,-0.697979,-0.843189,MHL,400249
11502430,139,6762,1999,,,0.287285,-0.757613,MHL,400249
11502431,139,6762,2000,,,0.725404,-0.633921,MHL,400249
11502432,139,6762,2001,,,0.044811000000000004,-0.8319209999999999,MHL,400249
11502433,139,6762,2002,,,0.185091,-0.8390989999999999,MHL,400249
11502434,139,6762,2003,,,-1.7295669999999999,-0.926291,MHL,400249
11502435,139,6762,2004,,,-0.088716,-0.7905449999999999,MHL,400249
11502436,139,6762,2005,,,-0.991793,-0.875741,MHL,400249
11502437,139,6762,2006,,,-0.6514220000000001,-0.880265,MHL,400249
11502438,139,6762,2007,,,-0.980109,-0.915091,MHL,400249
11502439,139,6762,2008,,,-1.092352,-0.9263600000000001,MHL,400249
11502440,139,6762,2009,,,-0.960635,-0.99724,MHL,400249
11502441,139,6762,2010,,,-0.599197,-0.788443,MHL,400249
11502442,139,6762,2011,,,-0.380054,-0.73321,MHL,400249
11502443,139,6762,2012,,,-0.557802,-0.790155,MHL,400249
11502444,139,6762,2013,,,-0.980348,-0.8763219999999999,MHL,400249
11502445,139,6762,2014,,,-0.22505,-0.803084,MHL,400249
11502446,139,6762,2015,,,-0.174541,-0.828616,MHL,400249
11502447,139,6762,2016,,,0.073567,-0.808307,MHL,400249
11502448,139,6762,2017,,,-0.057511,-0.80248,MHL,400249
11502449,139,6762,2018,,,0.03022,-0.7880520000000001,MHL,400249
11502450,139,6762,2019,,,-0.592066,-0.900875,MHL,400249
11502451,139,6762,2020,,,-0.23666700000000002,-0.822276,MHL,400249
11502452,140,6762,1995,0.0,172907.0,0.34174,0.648467,MKD,400249
11502453,140,6762,1996,137775.0,166306.0,0.316133,0.933068,MKD,400249
11502454,140,6762,1997,107188.0,29921.0,0.26327399999999995,0.704879,MKD,400249
11502455,140,6762,1998,21911.0,8791.0,0.102559,0.591468,MKD,400249
11502456,140,6762,1999,0.0,37474.0,0.053132000000000006,0.43408,MKD,400249
11502457,140,6762,2000,0.0,44410.0,0.13176600000000002,0.407194,MKD,400249
11502458,140,6762,2001,0.0,6946.0,0.033097,0.43516499999999997,MKD,400249
11502459,140,6762,2002,0.0,5701.0,-0.030274000000000002,0.359317,MKD,400249
11502460,140,6762,2003,0.0,11870.0,-0.017632,0.225394,MKD,400249
11502461,140,6762,2004,0.0,47354.0,-0.091013,0.190649,MKD,400249
11502462,140,6762,2005,0.0,40430.0,-0.084262,0.23169099999999998,MKD,400249
11502463,140,6762,2006,0.0,53695.0,-0.21336,0.17674700000000002,MKD,400249
11502464,140,6762,2007,0.0,27810.0,-0.125912,-0.009395,MKD,400249
11502465,140,6762,2008,0.0,51152.0,-0.090639,-0.137401,MKD,400249
11502466,140,6762,2009,0.0,8179.0,-0.14890499999999998,0.405505,MKD,400249
11502467,140,6762,2010,2127.0,9119.0,-0.122842,0.407017,MKD,400249
11502468,140,6762,2011,0.0,5218.0,-0.12310499999999999,0.16392,MKD,400249
11502469,140,6762,2012,0.0,3279.0,-0.010966,0.160996,MKD,400249
11502470,140,6762,2013,0.0,425.0,-0.10859400000000001,0.155229,MKD,400249
11502471,140,6762,2014,,,-0.039799,-0.05545,MKD,400249
11502472,140,6762,2015,0.0,14094.0,-0.09009600000000001,-0.147359,MKD,400249
11502473,140,6762,2016,0.0,1924.0,0.026185000000000003,-0.20027999999999999,MKD,400249
11502474,140,6762,2017,0.0,25129.0,-0.0292,-0.377156,MKD,400249
11502475,140,6762,2018,,,0.079976,-0.20256,MKD,400249
11502476,140,6762,2019,,,0.050624,-0.11143299999999999,MKD,400249
11502477,140,6762,2020,,,0.147947,-0.11116500000000001,MKD,400249
11502478,141,6762,1995,,,-0.807662,-0.952101,MLI,400249
11502479,141,6762,1996,,,-0.987858,-0.9677040000000001,MLI,400249
11502480,141,6762,1997,,,-1.230276,-1.086769,MLI,400249
11502481,141,6762,1998,0.0,24495.0,-0.8910049999999999,-0.9654870000000001,MLI,400249
11502482,141,6762,1999,0.0,16615.0,-0.8019149999999999,-0.9337979999999999,MLI,400249
11502483,141,6762,2000,0.0,8805.0,-0.5546409999999999,-0.633603,MLI,400249
11502484,141,6762,2001,,,-0.40341,-0.626402,MLI,400249
11502485,141,6762,2002,,,-0.8948520000000001,-0.863375,MLI,400249
11502486,141,6762,2003,,,-0.786411,-0.879049,MLI,400249
11502487,141,6762,2004,,,-0.6905100000000001,-0.9162459999999999,MLI,400249
11502488,141,6762,2005,,,-0.811021,-0.77035,MLI,400249
11502489,141,6762,2006,0.0,7787.0,-0.503462,-0.778836,MLI,400249
11502490,141,6762,2007,,,-0.672822,-0.687913,MLI,400249
11502491,141,6762,2008,,,-0.274267,-0.51084,MLI,400249
11502492,141,6762,2009,,,-0.84835,-0.780324,MLI,400249
11502493,141,6762,2010,,,-0.585496,-0.655841,MLI,400249
11502494,141,6762,2011,,,-0.6778109999999999,-0.653211,MLI,400249
11502495,141,6762,2012,0.0,430258.0,-0.592899,-0.775098,MLI,400249
11502496,141,6762,2013,,,-1.183671,-1.069504,MLI,400249
11502497,141,6762,2014,,,-1.199063,-1.05497,MLI,400249
11502498,141,6762,2015,0.0,16215.0,-0.744236,-0.9441860000000001,MLI,400249
11502499,141,6762,2016,0.0,18004.0,-0.584863,-0.74131,MLI,400249
11502500,141,6762,2017,0.0,26779.0,-0.5927899999999999,-0.707245,MLI,400249
11502501,141,6762,2018,0.0,15778.0,-0.49666499999999997,-0.7189909999999999,MLI,400249
11502502,141,6762,2019,0.0,24647.0,-0.381732,-0.606313,MLI,400249
11502503,141,6762,2020,,,-1.309505,-1.1745079999999999,MLI,400249
11502504,142,6762,1995,0.0,842613.0,0.842519,0.11882899999999999,MLT,400249
11502505,142,6762,1996,0.0,1230479.0,0.8825440000000001,0.066541,MLT,400249
11502506,142,6762,1997,0.0,1357257.0,0.936998,0.062266999999999996,MLT,400249
11502507,142,6762,1998,0.0,2052286.0,0.919593,-0.071451,MLT,400249
11502508,142,6762,1999,2758.0,869447.0,0.9998450000000001,0.009412,MLT,400249
11502509,142,6762,2000,0.0,372979.0,1.106517,-0.05459,MLT,400249
11502510,142,6762,2001,2220.0,470671.0,1.065032,-0.065239,MLT,400249
11502511,142,6762,2002,2324.0,1344329.0,1.12245,0.019001,MLT,400249
11502512,142,6762,2003,0.0,2524203.0,1.2138149999999999,-0.015687,MLT,400249
11502513,142,6762,2004,0.0,701310.0,1.251894,0.063827,MLT,400249
11502514,142,6762,2005,0.0,711332.0,1.298938,0.13206600000000002,MLT,400249
11502515,142,6762,2006,0.0,618755.0,1.384411,0.093734,MLT,400249
11502516,142,6762,2007,0.0,513294.0,1.184569,-0.046376,MLT,400249
11502517,142,6762,2008,0.0,129211.0,1.015716,-0.065673,MLT,400249
11502518,142,6762,2009,0.0,3256.0,1.233965,-0.016763,MLT,400249
11502519,142,6762,2010,,,1.211797,-0.024923,MLT,400249
11502520,142,6762,2011,,,1.3001340000000001,0.22605799999999998,MLT,400249
11502521,142,6762,2012,,,1.023776,0.12459400000000001,MLT,400249
11502522,142,6762,2013,,,0.8519760000000001,-0.075869,MLT,400249
11502523,142,6762,2014,,,0.817013,0.0016309999999999999,MLT,400249
11502524,142,6762,2015,,,0.880893,-0.117585,MLT,400249
11502525,142,6762,2016,,,0.8795950000000001,-0.21689499999999998,MLT,400249
11502526,142,6762,2017,,,0.999914,0.12683,MLT,400249
11502527,142,6762,2018,0.0,2053.0,0.9621219999999999,0.257289,MLT,400249
11502528,142,6762,2019,0.0,1530.0,0.893992,0.25255500000000003,MLT,400249
11502529,142,6762,2020,0.0,5270.0,0.9159309999999999,0.24442199999999997,MLT,400249
11502530,143,6762,1995,0.0,4487.0,-1.5669309999999999,-1.124558,MMR,400249
11502531,143,6762,1996,0.0,2708.0,-1.556357,-1.078395,MMR,400249
11502532,143,6762,1997,,,-1.595159,-1.09562,MMR,400249
11502533,143,6762,1998,,,-1.620365,-0.997957,MMR,400249
11502534,143,6762,1999,,,-1.4991299999999999,-0.984557,MMR,400249
11502535,143,6762,2000,0.0,16569.0,-1.504802,-1.0756860000000001,MMR,400249
11502536,143,6762,2001,0.0,51732.0,-1.5627,-1.150854,MMR,400249
11502537,143,6762,2002,0.0,72487.0,-1.571568,-1.131512,MMR,400249
11502538,143,6762,2003,0.0,45645.0,-1.435123,-1.0948,MMR,400249
11502539,143,6762,2004,0.0,19469.0,-1.400614,-0.947664,MMR,400249
11502540,143,6762,2005,0.0,1347.0,-1.506567,-1.169183,MMR,400249
11502541,143,6762,2006,,,-1.543679,-1.145623,MMR,400249
11502542,143,6762,2007,,,-1.29366,-1.074733,MMR,400249
11502543,143,6762,2008,0.0,10003.0,-1.501556,-1.1134110000000002,MMR,400249
11502544,143,6762,2009,0.0,48492.0,-1.6459529999999998,-1.186635,MMR,400249
11502545,143,6762,2010,0.0,29697.0,-1.480389,-1.075842,MMR,400249
11502546,143,6762,2011,160241.0,168305.0,-1.3557190000000001,-0.929934,MMR,400249
11502547,143,6762,2012,99318.0,18321.0,-1.219747,-0.9290229999999999,MMR,400249
11502548,143,6762,2013,0.0,4887.0,-1.230787,-0.737375,MMR,400249
11502549,143,6762,2014,0.0,9861.0,-1.5332459999999999,-1.145973,MMR,400249
11502550,143,6762,2015,0.0,23996.0,-1.4596120000000001,-0.903904,MMR,400249
11502551,143,6762,2016,0.0,16608.0,-1.160878,-0.6042609999999999,MMR,400249
11502552,143,6762,2017,0.0,29921.0,-1.051544,-0.419183,MMR,400249
11502553,143,6762,2018,0.0,181844.0,-0.936467,-0.223413,MMR,400249
11502554,143,6762,2019,4893.0,615521.0,-1.196733,-0.435766,MMR,400249
11502555,143,6762,2020,0.0,679385.0,-0.9993569999999999,-0.298647,MMR,400249
11502556,144,6762,1995,,,,,MNE,400249
11502557,144,6762,1996,,,,,MNE,400249
11502558,144,6762,1997,,,,,MNE,400249
11502559,144,6762,1998,,,,,MNE,400249
11502560,144,6762,1999,,,,,MNE,400249
11502561,144,6762,2000,,,,,MNE,400249
11502562,144,6762,2001,,,,,MNE,400249
11502563,144,6762,2002,,,,,MNE,400249
11502564,144,6762,2003,,,,,MNE,400249
11502565,144,6762,2004,,,,,MNE,400249
11502566,144,6762,2005,,,,,MNE,400249
11502567,144,6762,2006,,,0.130773,-0.24674699999999997,MNE,400249
11502568,144,6762,2007,,,0.250006,-0.154908,MNE,400249
11502569,144,6762,2008,,,0.321434,-0.168212,MNE,400249
11502570,144,6762,2009,,,0.19963499999999998,-0.073107,MNE,400249
11502571,144,6762,2010,,,0.266397,-0.02502,MNE,400249
11502572,144,6762,2011,,,0.149559,0.024935,MNE,400249
11502573,144,6762,2012,,,-0.059409000000000003,-0.328183,MNE,400249
11502574,144,6762,2013,,,-0.054454999999999996,-0.164875,MNE,400249
11502575,144,6762,2014,,,-0.17039100000000001,-0.21762399999999998,MNE,400249
11502576,144,6762,2015,,,-0.048385000000000004,-0.150759,MNE,400249
11502577,144,6762,2016,,,-0.005084,-0.25252199999999997,MNE,400249
11502578,144,6762,2017,,,0.201739,-0.23111399999999999,MNE,400249
11502579,144,6762,2018,,,0.332495,0.124258,MNE,400249
11502580,144,6762,2019,,,0.40415100000000004,0.068967,MNE,400249
11502581,144,6762,2020,,,0.355595,0.140822,MNE,400249
11502582,145,6762,1995,,,-0.653135,-1.023557,MNG,400249
11502583,145,6762,1996,,,-0.18177000000000001,-0.8212280000000001,MNG,400249
11502584,145,6762,1997,,,-0.36035300000000003,-0.862088,MNG,400249
11502585,145,6762,1998,,,-0.605635,-0.9181520000000001,MNG,400249
11502586,145,6762,1999,,,-0.557761,-0.8596280000000001,MNG,400249
11502587,145,6762,2000,,,-0.600593,-0.889832,MNG,400249
11502588,145,6762,2001,,,-0.691001,-0.9284180000000001,MNG,400249
11502589,145,6762,2002,,,-0.895827,-0.9913799999999999,MNG,400249
11502590,145,6762,2003,,,-0.9747620000000001,-1.026308,MNG,400249
11502591,145,6762,2004,,,-1.030558,-1.03145,MNG,400249
11502592,145,6762,2005,,,-1.059909,-1.010298,MNG,400249
11502593,145,6762,2006,,,-1.147217,-1.0734709999999998,MNG,400249
11502594,145,6762,2007,,,-1.0688790000000001,-1.1115709999999999,MNG,400249
11502595,145,6762,2008,,,-1.13585,-1.1076190000000001,MNG,400249
11502596,145,6762,2009,,,-0.825506,-1.067644,MNG,400249
11502597,145,6762,2010,,,-1.110861,-1.105545,MNG,400249
11502598,145,6762,2011,,,-1.0869389999999999,-1.107693,MNG,400249
11502599,145,6762,2012,,,-1.2191,-1.1559549999999998,MNG,400249
11502600,145,6762,2013,,,-1.3270950000000001,-1.144547,MNG,400249
11502601,145,6762,2014,0.0,2747.0,-1.425524,-1.161949,MNG,400249
11502602,145,6762,2015,,,-1.244368,-1.196677,MNG,400249
11502603,145,6762,2016,,,-0.811142,-1.013252,MNG,400249
11502604,145,6762,2017,,,-0.933737,-1.1195620000000002,MNG,400249
11502605,145,6762,2018,,,-0.934398,-1.125105,MNG,400249
11502606,145,6762,2019,0.0,2341.0,-1.1612049999999998,-1.1615739999999999,MNG,400249
11502607,145,6762,2020,,,-1.011938,-1.127569,MNG,400249
11502608,146,6762,1995,,,0.1683,-0.642753,MNP,400249
11502609,146,6762,1996,,,0.245321,-0.636347,MNP,400249
11502610,146,6762,1997,,,-0.912666,-0.9718110000000001,MNP,400249
11502611,146,6762,1998,,,-0.144048,-0.7987479999999999,MNP,400249
11502612,146,6762,1999,,,-0.45039399999999996,-0.8943700000000001,MNP,400249
11502613,146,6762,2000,,,-0.186998,-0.728449,MNP,400249
11502614,146,6762,2001,,,-0.701194,-0.89945,MNP,400249
11502615,146,6762,2002,,,-0.165526,-0.7033010000000001,MNP,400249
11502616,146,6762,2003,,,-0.370942,-0.685771,MNP,400249
11502617,146,6762,2004,,,-0.47053199999999995,-0.7803220000000001,MNP,400249
11502618,146,6762,2005,,,-0.292486,-0.669716,MNP,400249
11502619,146,6762,2006,,,-0.016344,-0.356507,MNP,400249
11502620,146,6762,2007,,,-0.171068,-0.7035520000000001,MNP,400249
11502621,146,6762,2008,,,-0.093684,-0.555717,MNP,400249
11502622,146,6762,2009,,,0.500134,-0.0069489999999999994,MNP,400249
11502623,146,6762,2010,,,0.27201,-0.285427,MNP,400249
11502624,146,6762,2011,,,0.31311300000000003,-0.30891799999999997,MNP,400249
11502625,146,6762,2012,,,0.6209600000000001,-0.14613800000000002,MNP,400249
11502626,146,6762,2013,,,0.596753,-0.118522,MNP,400249
11502627,146,6762,2014,,,1.1877790000000001,-0.300664,MNP,400249
11502628,146,6762,2015,,,0.690384,-0.5730529999999999,MNP,400249
11502629,146,6762,2016,,,0.867833,-0.68889,MNP,400249
11502630,146,6762,2017,,,1.1599540000000002,-0.561265,MNP,400249
11502631,146,6762,2018,,,1.013685,-0.56789,MNP,400249
11502632,146,6762,2019,,,0.9892219999999999,-0.5955520000000001,MNP,400249
11502633,146,6762,2020,,,0.067797,-0.7922859999999999,MNP,400249
11502634,147,6762,1995,0.0,14332.0,-1.031627,-1.02484,MOZ,400249
11502635,147,6762,1996,0.0,13559.0,-1.331264,-1.1260270000000001,MOZ,400249
11502636,147,6762,1997,0.0,5056.0,-0.8600620000000001,-0.9672270000000001,MOZ,400249
11502637,147,6762,1998,0.0,3160.0,-0.6813279999999999,-0.916391,MOZ,400249
11502638,147,6762,1999,0.0,2202.0,-0.35994699999999996,-0.725301,MOZ,400249
11502639,147,6762,2000,0.0,9208.0,-0.637021,-0.748197,MOZ,400249
11502640,147,6762,2001,0.0,7405.0,-1.2364879999999998,-1.136715,MOZ,400249
11502641,147,6762,2002,0.0,8407.0,-0.947259,-1.047883,MOZ,400249
11502642,147,6762,2003,0.0,12647.0,-1.188243,-1.123693,MOZ,400249
11502643,147,6762,2004,0.0,2439.0,-1.1010790000000001,-1.0942,MOZ,400249
11502644,147,6762,2005,0.0,6843.0,-1.301283,-1.180598,MOZ,400249
11502645,147,6762,2006,0.0,2552.0,-1.0250629999999998,-1.067359,MOZ,400249
11502646,147,6762,2007,,,-1.4703110000000001,-1.1915719999999999,MOZ,400249
11502647,147,6762,2008,0.0,8411.0,-0.982727,-0.8361219999999999,MOZ,400249
11502648,147,6762,2009,0.0,5530.0,-1.0023090000000001,-0.844765,MOZ,400249
11502649,147,6762,2010,0.0,7053.0,-1.479855,-1.070518,MOZ,400249
11502650,147,6762,2011,,,-1.2069299999999998,-0.977785,MOZ,400249
11502651,147,6762,2012,42737.0,26269.0,-1.400493,-1.1536680000000001,MOZ,400249
11502652,147,6762,2013,,,-1.326323,-1.050969,MOZ,400249
11502653,147,6762,2014,0.0,43208.0,-1.1993610000000001,-1.040181,MOZ,400249
11502654,147,6762,2015,0.0,2941.0,-1.293809,-1.115069,MOZ,400249
11502655,147,6762,2016,,,-1.333702,-1.116794,MOZ,400249
11502656,147,6762,2017,0.0,4421.0,-1.3882290000000002,-1.114475,MOZ,400249
11502657,147,6762,2018,0.0,62848.0,-1.380023,-1.027817,MOZ,400249
11502658,147,6762,2019,0.0,15921.0,-1.264532,-1.072626,MOZ,400249
11502659,147,6762,2020,0.0,22343.0,-1.1186040000000002,-0.974224,MOZ,400249
11502660,148,6762,1995,,,-1.935629,-1.178304,MRT,400249
11502661,148,6762,1996,,,-1.352902,-1.19204,MRT,400249
11502662,148,6762,1997,,,-1.7012040000000002,-1.2302799999999998,MRT,400249
11502663,148,6762,1998,,,-1.177719,-1.199729,MRT,400249
11502664,148,6762,1999,,,-1.198078,-1.229277,MRT,400249
11502665,148,6762,2000,,,-1.461442,-1.230634,MRT,400249
11502666,148,6762,2001,0.0,4431.0,-1.187271,-1.240445,MRT,400249
11502667,148,6762,2002,,,-1.27671,-1.218472,MRT,400249
11502668,148,6762,2003,,,-1.069232,-1.184061,MRT,400249
11502669,148,6762,2004,,,-1.6173959999999998,-1.2925719999999998,MRT,400249
11502670,148,6762,2005,,,-1.5391629999999998,-1.260424,MRT,400249
11502671,148,6762,2006,,,-1.72422,-1.2414399999999999,MRT,400249
11502672,148,6762,2007,,,-2.027741,-1.311094,MRT,400249
11502673,148,6762,2008,,,-2.081778,-1.274636,MRT,400249
11502674,148,6762,2009,0.0,2862.0,-1.761436,-1.2898479999999999,MRT,400249
11502675,148,6762,2010,,,-2.099882,-1.303977,MRT,400249
11502676,148,6762,2011,,,-1.2593379999999998,-1.1793209999999998,MRT,400249
11502677,148,6762,2012,,,-1.570474,-1.284412,MRT,400249
11502678,148,6762,2013,,,-1.950532,-1.283104,MRT,400249
11502679,148,6762,2014,0.0,629.0,-1.458551,-1.225373,MRT,400249
11502680,148,6762,2015,,,-1.5597450000000002,-1.3209229999999998,MRT,400249
11502681,148,6762,2016,,,-1.542265,-1.318586,MRT,400249
11502682,148,6762,2017,,,-1.634533,-1.330819,MRT,400249
11502683,148,6762,2018,0.0,4662.0,-1.511361,-1.296003,MRT,400249
11502684,148,6762,2019,,,-1.711918,-1.339005,MRT,400249
11502685,148,6762,2020,,,-1.400894,-1.27631,MRT,400249
11502686,149,6762,1995,,,0.197655,-0.6083890000000001,MSR,400249
11502687,149,6762,1996,,,0.659518,-0.540708,MSR,400249
11502688,149,6762,1997,,,0.841025,-0.44752299999999995,MSR,400249
11502689,149,6762,1998,,,1.244182,-0.24840700000000002,MSR,400249
11502690,149,6762,1999,,,1.302936,0.055571,MSR,400249
11502691,149,6762,2000,,,1.168349,-0.18726199999999998,MSR,400249
11502692,149,6762,2001,,,0.796292,-0.431771,MSR,400249
11502693,149,6762,2002,,,1.4188209999999999,-0.087543,MSR,400249
11502694,149,6762,2003,,,0.383768,-0.320867,MSR,400249
11502695,149,6762,2004,,,0.736775,-0.001405,MSR,400249
11502696,149,6762,2005,,,1.266377,-0.112167,MSR,400249
11502697,149,6762,2006,,,1.300664,-0.082954,MSR,400249
11502698,149,6762,2007,,,0.952257,-0.31153800000000004,MSR,400249
11502699,149,6762,2008,,,1.375073,-0.275475,MSR,400249
11502700,149,6762,2009,,,1.163257,-0.332029,MSR,400249
11502701,149,6762,2010,,,1.090694,-0.45702200000000004,MSR,400249
11502702,149,6762,2011,,,1.2888760000000001,-0.207486,MSR,400249
11502703,149,6762,2012,,,1.338854,-0.098053,MSR,400249
11502704,149,6762,2013,,,1.610652,0.079868,MSR,400249
11502705,149,6762,2014,,,0.44890399999999997,-0.46028,MSR,400249
11502706,149,6762,2015,,,1.6649060000000002,-0.49319799999999997,MSR,400249
11502707,149,6762,2016,,,1.538666,-0.46699300000000005,MSR,400249
11502708,149,6762,2017,,,0.71373,-0.672669,MSR,400249
11502709,149,6762,2018,,,0.744527,-0.519904,MSR,400249
11502710,149,6762,2019,,,0.9961530000000001,-0.454477,MSR,400249
11502711,149,6762,2020,,,1.401202,-0.46509399999999995,MSR,400249
11502712,150,6762,1995,,,0.68423,-0.22968200000000003,MTQ,400249
11502713,150,6762,1996,,,,,MTQ,400249
11502714,150,6762,1997,,,,,MTQ,400249
11502715,150,6762,1998,,,,,MTQ,400249
11502716,150,6762,1999,,,,,MTQ,400249
11502717,150,6762,2000,,,,,MTQ,400249
11502718,150,6762,2001,,,,,MTQ,400249
11502719,150,6762,2002,,,,,MTQ,400249
11502720,150,6762,2003,,,,,MTQ,400249
11502721,150,6762,2004,,,,,MTQ,400249
11502722,150,6762,2005,,,,,MTQ,400249
11502723,150,6762,2006,,,,,MTQ,400249
11502724,150,6762,2007,,,,,MTQ,400249
11502725,150,6762,2008,,,,,MTQ,400249
11502726,150,6762,2009,,,,,MTQ,400249
11502727,150,6762,2010,,,,,MTQ,400249
11502728,150,6762,2011,,,,,MTQ,400249
11502729,150,6762,2012,,,,,MTQ,400249
11502730,150,6762,2013,,,,,MTQ,400249
11502731,150,6762,2014,,,,,MTQ,400249
11502732,150,6762,2015,,,,,MTQ,400249
11502733,150,6762,2016,,,,,MTQ,400249
11502734,150,6762,2017,,,,,MTQ,400249
11502735,150,6762,2018,,,,,MTQ,400249
11502736,150,6762,2019,,,,,MTQ,400249
11502737,150,6762,2020,,,,,MTQ,400249
11502738,151,6762,1995,0.0,7839.0,-0.432644,-0.574298,MUS,400249
11502739,151,6762,1996,0.0,26622.0,-0.538651,-0.746274,MUS,400249
11502740,151,6762,1997,0.0,32515.0,-0.49241,-0.695729,MUS,400249
11502741,151,6762,1998,0.0,33101.0,-0.621599,-0.755795,MUS,400249
11502742,151,6762,1999,0.0,32368.0,-0.5713729999999999,-0.696416,MUS,400249
11502743,151,6762,2000,0.0,9510.0,-0.412313,-0.5704140000000001,MUS,400249
11502744,151,6762,2001,0.0,12891.0,-0.410422,-0.5868369999999999,MUS,400249
11502745,151,6762,2002,0.0,8806.0,-0.37937600000000005,-0.388848,MUS,400249
11502746,151,6762,2003,0.0,22437.0,-0.361514,-0.29839899999999997,MUS,400249
11502747,151,6762,2004,0.0,5279.0,-0.374754,-0.288504,MUS,400249
11502748,151,6762,2005,0.0,9096.0,-0.24565,-0.091397,MUS,400249
11502749,151,6762,2006,0.0,89480.0,-0.311109,-0.07267,MUS,400249
11502750,151,6762,2007,0.0,35047.0,-0.342957,-0.129114,MUS,400249
11502751,151,6762,2008,0.0,13911.0,-0.337563,-0.144226,MUS,400249
11502752,151,6762,2009,,,-0.198194,0.067014,MUS,400249
11502753,151,6762,2010,34291.0,0.0,-0.173542,0.103727,MUS,400249
11502754,151,6762,2011,,,-0.09464600000000001,0.091177,MUS,400249
11502755,151,6762,2012,,,-0.028582999999999997,0.116882,MUS,400249
11502756,151,6762,2013,,,-0.158852,0.0061600000000000005,MUS,400249
11502757,151,6762,2014,,,-0.029891,-0.12431099999999999,MUS,400249
11502758,151,6762,2015,,,-0.231762,-0.195051,MUS,400249
11502759,151,6762,2016,0.0,10070.0,-0.24309899999999998,-0.084888,MUS,400249
11502760,151,6762,2017,25300.0,9835.0,-0.156616,0.073153,MUS,400249
11502761,151,6762,2018,6151.0,4307.0,-0.128221,0.15049400000000002,MUS,400249
11502762,151,6762,2019,,,-0.15909600000000002,0.034770999999999996,MUS,400249
11502763,151,6762,2020,,,-0.048897,0.11543099999999999,MUS,400249
11502764,152,6762,1995,,,-1.1277709999999999,-1.0603049999999998,MWI,400249
11502765,152,6762,1996,,,-1.332586,-1.115859,MWI,400249
11502766,152,6762,1997,,,-1.24261,-1.1258860000000002,MWI,400249
11502767,152,6762,1998,,,-1.436242,-1.278929,MWI,400249
11502768,152,6762,1999,,,-1.319572,-1.199031,MWI,400249
11502769,152,6762,2000,0.0,14144.0,-1.138855,-1.0394510000000001,MWI,400249
11502770,152,6762,2001,0.0,1301.0,-1.388716,-1.116315,MWI,400249
11502771,152,6762,2002,0.0,2777.0,-1.441416,-1.214651,MWI,400249
11502772,152,6762,2003,0.0,5724.0,-1.48079,-1.235645,MWI,400249
11502773,152,6762,2004,0.0,3790.0,-1.592983,-1.252423,MWI,400249
11502774,152,6762,2005,0.0,6874.0,-1.4769379999999999,-1.220782,MWI,400249
11502775,152,6762,2006,0.0,3170.0,-1.145132,-1.0946209999999998,MWI,400249
11502776,152,6762,2007,0.0,111123.0,-1.348692,-1.134002,MWI,400249
11502777,152,6762,2008,0.0,20622.0,-1.387548,-1.184696,MWI,400249
11502778,152,6762,2009,0.0,15334.0,-1.571672,-1.244864,MWI,400249
11502779,152,6762,2010,0.0,34078.0,-0.821839,-0.9153870000000001,MWI,400249
11502780,152,6762,2011,0.0,48587.0,-1.100291,-0.982559,MWI,400249
11502781,152,6762,2012,0.0,53978.0,-1.210016,-1.172806,MWI,400249
11502782,152,6762,2013,0.0,61039.0,-0.8992120000000001,-0.862175,MWI,400249
11502783,152,6762,2014,0.0,66691.0,-0.494204,-0.751903,MWI,400249
11502784,152,6762,2015,0.0,60181.0,-0.549862,-0.8753190000000001,MWI,400249
11502785,152,6762,2016,0.0,78431.0,-1.113794,-1.172385,MWI,400249
11502786,152,6762,2017,0.0,109069.0,-0.761995,-0.8897729999999999,MWI,400249
11502787,152,6762,2018,0.0,71092.0,-0.7015979999999999,-0.9293680000000001,MWI,400249
11502788,152,6762,2019,0.0,203235.0,-1.0178479999999999,-1.1028879999999999,MWI,400249
11502789,152,6762,2020,0.0,26379.0,-1.122433,-1.106831,MWI,400249
11502790,153,6762,1995,344775.0,5526460.0,0.357745,0.374284,MYS,400249
11502791,153,6762,1996,331862.0,3968933.0,0.351774,0.347262,MYS,400249
11502792,153,6762,1997,1032257.0,3907984.0,0.37340999999999996,0.36853600000000003,MYS,400249
11502793,153,6762,1998,2284809.0,2567983.0,0.396826,0.203792,MYS,400249
11502794,153,6762,1999,683718.0,4429767.0,0.500591,0.136149,MYS,400249
11502795,153,6762,2000,501014.0,5200841.0,0.519684,0.170286,MYS,400249
11502796,153,6762,2001,1192483.0,5106690.0,0.768174,0.307033,MYS,400249
11502797,153,6762,2002,484734.0,4879875.0,0.704957,0.243398,MYS,400249
11502798,153,6762,2003,577378.0,6314853.0,0.728804,0.2168,MYS,400249
11502799,153,6762,2004,776250.0,6767402.0,0.6710050000000001,0.17807,MYS,400249
11502800,153,6762,2005,774265.0,7825605.0,0.5847439999999999,0.13176300000000002,MYS,400249
11502801,153,6762,2006,1035623.0,11433858.0,0.7896569999999999,0.363625,MYS,400249
11502802,153,6762,2007,1294385.0,10020842.0,0.740788,0.302155,MYS,400249
11502803,153,6762,2008,1274229.0,11216273.0,0.793395,0.6141939999999999,MYS,400249
11502804,153,6762,2009,623221.0,8436944.0,0.8718229999999999,0.607429,MYS,400249
11502805,153,6762,2010,947803.0,12069390.0,0.9530780000000001,0.607456,MYS,400249
11502806,153,6762,2011,2280533.0,15646446.0,0.9893290000000001,0.632079,MYS,400249
11502807,153,6762,2012,1545162.0,14782063.0,0.945643,0.7526510000000001,MYS,400249
11502808,153,6762,2013,912239.0,13199859.0,0.937641,0.747496,MYS,400249
11502809,153,6762,2014,8264876.0,22160891.0,1.018138,0.774649,MYS,400249
11502810,153,6762,2015,8001286.0,17580349.0,1.082803,0.811615,MYS,400249
11502811,153,6762,2016,8982117.0,17620988.0,1.106894,0.7452840000000001,MYS,400249
11502812,153,6762,2017,14032381.0,21799283.0,1.0110139999999999,0.6840729999999999,MYS,400249
11502813,153,6762,2018,14623916.0,41893250.0,1.122976,0.734109,MYS,400249
11502814,153,6762,2019,11283177.0,25794502.0,1.192967,0.730971,MYS,400249
11502815,153,6762,2020,7685306.0,21992608.0,1.185223,0.573439,MYS,400249
11502816,154,6762,1995,,,,,MYT,400249
11502817,154,6762,1996,,,,,MYT,400249
11502818,154,6762,1997,,,,,MYT,400249
11502819,154,6762,1998,,,,,MYT,400249
11502820,154,6762,1999,,,,,MYT,400249
11502821,154,6762,2000,,,1.167946,-0.33195,MYT,400249
11502822,154,6762,2001,,,1.4633260000000001,-0.114532,MYT,400249
11502823,154,6762,2002,,,0.34587399999999996,-0.537626,MYT,400249
11502824,154,6762,2003,,,0.8645370000000001,-0.101347,MYT,400249
11502825,154,6762,2004,,,1.179671,0.016149,MYT,400249
11502826,154,6762,2005,,,1.428791,0.258694,MYT,400249
11502827,154,6762,2006,,,1.1370049999999998,0.131896,MYT,400249
11502828,154,6762,2007,,,0.9008879999999999,-0.209565,MYT,400249
11502829,154,6762,2008,,,1.085932,-0.176729,MYT,400249
11502830,154,6762,2009,,,1.173729,-0.08655800000000001,MYT,400249
11502831,154,6762,2010,,,1.371744,-0.072045,MYT,400249
11502832,154,6762,2011,,,0.804635,-0.312227,MYT,400249
11502833,154,6762,2012,,,0.828673,-0.422716,MYT,400249
11502834,154,6762,2013,,,0.9851690000000001,-0.504069,MYT,400249
11502835,154,6762,2014,,,,,MYT,400249
11502836,154,6762,2015,,,,,MYT,400249
11502837,154,6762,2016,,,,,MYT,400249
11502838,154,6762,2017,,,,,MYT,400249
11502839,154,6762,2018,,,,,MYT,400249
11502840,154,6762,2019,,,,,MYT,400249
11502841,154,6762,2020,,,,,MYT,400249
11502842,155,6762,1995,,,,,NAM,400249
11502843,155,6762,1996,,,,,NAM,400249
11502844,155,6762,1997,,,,,NAM,400249
11502845,155,6762,1998,,,,,NAM,400249
11502846,155,6762,1999,,,,,NAM,400249
11502847,155,6762,2000,0.0,1039.0,-0.49537,-0.714195,NAM,400249
11502848,155,6762,2001,2132.0,0.0,-0.625912,-0.854247,NAM,400249
11502849,155,6762,2002,,,-0.314161,-0.521778,NAM,400249
11502850,155,6762,2003,,,-0.24004499999999998,-0.39565900000000004,NAM,400249
11502851,155,6762,2004,,,-0.40995299999999996,-0.550272,NAM,400249
11502852,155,6762,2005,0.0,1308.0,-0.381972,-0.405269,NAM,400249
11502853,155,6762,2006,,,-0.515361,-0.8027350000000001,NAM,400249
11502854,155,6762,2007,0.0,1168.0,-0.588953,-0.751722,NAM,400249
11502855,155,6762,2008,0.0,14515.0,-0.104196,-0.301923,NAM,400249
11502856,155,6762,2009,0.0,16829.0,-0.081207,-0.075292,NAM,400249
11502857,155,6762,2010,0.0,980.0,-0.49860299999999996,-0.6728529999999999,NAM,400249
11502858,155,6762,2011,,,-0.42998400000000003,-0.632233,NAM,400249
11502859,155,6762,2012,1085.0,0.0,-0.232079,-0.32721300000000003,NAM,400249
11502860,155,6762,2013,,,-0.308643,-0.480617,NAM,400249
11502861,155,6762,2014,0.0,3816.0,-0.428227,-0.5632229999999999,NAM,400249
11502862,155,6762,2015,,,-0.43457399999999996,-0.665655,NAM,400249
11502863,155,6762,2016,,,-0.6256689999999999,-0.8612219999999999,NAM,400249
11502864,155,6762,2017,,,-0.5221060000000001,-0.7365079999999999,NAM,400249
11502865,155,6762,2018,0.0,3685.0,-0.668091,-0.779938,NAM,400249
11502866,155,6762,2019,0.0,5924.0,-0.545575,-0.744274,NAM,400249
11502867,155,6762,2020,,,-0.664967,-0.74835,NAM,400249
11502868,156,6762,1995,,,-1.326035,-0.826058,NCL,400249
11502869,156,6762,1996,,,-0.951583,-0.785157,NCL,400249
11502870,156,6762,1997,,,-0.9234049999999999,-0.8851110000000001,NCL,400249
11502871,156,6762,1998,,,-0.846726,-0.879084,NCL,400249
11502872,156,6762,1999,,,-0.079579,-0.777079,NCL,400249
11502873,156,6762,2000,0.0,4256.0,0.034618,-0.7699729999999999,NCL,400249
11502874,156,6762,2001,,,-0.837087,-0.9207040000000001,NCL,400249
11502875,156,6762,2002,0.0,3299.0,-0.292646,-0.823263,NCL,400249
11502876,156,6762,2003,,,-0.344934,-0.776632,NCL,400249
11502877,156,6762,2004,,,-0.49824700000000005,-0.8284239999999999,NCL,400249
11502878,156,6762,2005,,,0.08313200000000001,-0.691012,NCL,400249
11502879,156,6762,2006,0.0,1295.0,-0.135099,-0.7618779999999999,NCL,400249
11502880,156,6762,2007,,,-0.075892,-0.8211430000000001,NCL,400249
11502881,156,6762,2008,0.0,4615.0,-0.21304099999999998,-0.8147300000000001,NCL,400249
11502882,156,6762,2009,,,1.323528,0.523435,NCL,400249
11502883,156,6762,2010,,,-0.42193500000000006,-0.8256610000000001,NCL,400249
11502884,156,6762,2011,,,-0.976349,-0.798691,NCL,400249
11502885,156,6762,2012,,,-0.635354,-0.777234,NCL,400249
11502886,156,6762,2013,,,-0.136052,-0.703913,NCL,400249
11502887,156,6762,2014,,,-0.509789,-0.767484,NCL,400249
11502888,156,6762,2015,,,-0.727911,-0.844562,NCL,400249
11502889,156,6762,2016,,,-0.9910389999999999,-0.9463940000000001,NCL,400249
11502890,156,6762,2017,,,-0.38216100000000003,-0.8662549999999999,NCL,400249
11502891,156,6762,2018,,,-0.49370299999999995,-0.865432,NCL,400249
11502892,156,6762,2019,,,-0.342544,-0.867944,NCL,400249
11502893,156,6762,2020,,,-0.666664,-0.88528,NCL,400249
11502894,157,6762,1995,,,-0.288248,-0.592174,NER,400249
11502895,157,6762,1996,,,-0.594771,-0.643008,NER,400249
11502896,157,6762,1997,,,-0.322358,-0.63647,NER,400249
11502897,157,6762,1998,,,-0.373314,-0.592306,NER,400249
11502898,157,6762,1999,,,-0.539842,-0.762977,NER,400249
11502899,157,6762,2000,,,-0.7289680000000001,-0.6210100000000001,NER,400249
11502900,157,6762,2001,,,-0.22368600000000002,-0.464156,NER,400249
11502901,157,6762,2002,,,-0.344562,-0.304996,NER,400249
11502902,157,6762,2003,23462.0,0.0,-0.199296,-0.578264,NER,400249
11502903,157,6762,2004,,,-0.8203799999999999,-0.7488,NER,400249
11502904,157,6762,2005,,,-0.32664299999999996,-0.619282,NER,400249
11502905,157,6762,2006,,,-0.554188,-0.708255,NER,400249
11502906,157,6762,2007,,,-0.287155,-0.577325,NER,400249
11502907,157,6762,2008,,,-0.677687,-0.75195,NER,400249
11502908,157,6762,2009,,,-1.306036,-0.956361,NER,400249
11502909,157,6762,2010,,,-0.829902,-0.826152,NER,400249
11502910,157,6762,2011,,,-0.85208,-0.731996,NER,400249
11502911,157,6762,2012,,,-1.165676,-1.099113,NER,400249
11502912,157,6762,2013,,,-1.268738,-0.942256,NER,400249
11502913,157,6762,2014,,,-0.7187,-0.80918,NER,400249
11502914,157,6762,2015,,,-1.517292,-1.033891,NER,400249
11502915,157,6762,2016,,,-0.973057,-0.953672,NER,400249
11502916,157,6762,2017,,,-1.250156,-0.995524,NER,400249
11502917,157,6762,2018,,,-0.633115,-0.839564,NER,400249
11502918,157,6762,2019,0.0,2645.0,-0.345047,-0.792769,NER,400249
11502919,157,6762,2020,,,-0.62888,-0.841089,NER,400249
11502920,158,6762,1995,,,0.948257,-0.678177,NFK,400249
11502921,158,6762,1996,,,1.297072,-0.45753299999999997,NFK,400249
11502922,158,6762,1997,125323.0,0.0,1.619319,-0.457125,NFK,400249
11502923,158,6762,1998,,,1.6548900000000002,-0.5112909999999999,NFK,400249
11502924,158,6762,1999,,,1.1976440000000002,-0.623572,NFK,400249
11502925,158,6762,2000,,,1.0535700000000001,-0.666038,NFK,400249
11502926,158,6762,2001,0.0,40429.0,2.1737040000000003,-0.5512100000000001,NFK,400249
11502927,158,6762,2002,,,1.214412,-0.5921069999999999,NFK,400249
11502928,158,6762,2003,,,1.017142,-0.5294270000000001,NFK,400249
11502929,158,6762,2004,,,0.664846,-0.649984,NFK,400249
11502930,158,6762,2005,,,0.695512,-0.657586,NFK,400249
11502931,158,6762,2006,,,1.120544,-0.538618,NFK,400249
11502932,158,6762,2007,,,0.775683,-0.48603599999999997,NFK,400249
11502933,158,6762,2008,,,1.292582,-0.234738,NFK,400249
11502934,158,6762,2009,,,1.412664,-0.299607,NFK,400249
11502935,158,6762,2010,,,1.059751,-0.570033,NFK,400249
11502936,158,6762,2011,,,1.0037200000000002,-0.348081,NFK,400249
11502937,158,6762,2012,,,1.212201,-0.237969,NFK,400249
11502938,158,6762,2013,,,1.418466,-0.181551,NFK,400249
11502939,158,6762,2014,,,1.384862,-0.391489,NFK,400249
11502940,158,6762,2015,,,1.33274,-0.37342600000000004,NFK,400249
11502941,158,6762,2016,,,1.0897629999999998,-0.539247,NFK,400249
11502942,158,6762,2017,,,1.358179,-0.37159699999999996,NFK,400249
11502943,158,6762,2018,,,1.4067209999999999,-0.487275,NFK,400249
11502944,158,6762,2019,,,0.92635,-0.31332,NFK,400249
11502945,158,6762,2020,,,1.107522,-0.477454,NFK,400249
11502946,159,6762,1995,0.0,363865.0,-2.108206,-1.2017520000000002,NGA,400249
11502947,159,6762,1996,0.0,540346.0,-1.813359,-1.1967,NGA,400249
11502948,159,6762,1997,0.0,519867.0,-1.615102,-1.129541,NGA,400249
11502949,159,6762,1998,0.0,474849.0,-1.484229,-1.144092,NGA,400249
11502950,159,6762,1999,79927.0,216214.0,-1.9312080000000003,-1.279733,NGA,400249
11502951,159,6762,2000,0.0,494138.0,-2.164663,-1.257723,NGA,400249
11502952,159,6762,2001,0.0,429866.0,-1.966439,-1.2724520000000001,NGA,400249
11502953,159,6762,2002,0.0,349128.0,-1.8315700000000001,-1.25171,NGA,400249
11502954,159,6762,2003,0.0,310139.0,-1.859176,-1.234236,NGA,400249
11502955,159,6762,2004,0.0,335588.0,-2.413432,-1.3033190000000001,NGA,400249
11502956,159,6762,2005,0.0,164815.0,-2.359834,-1.2772219999999999,NGA,400249
11502957,159,6762,2006,0.0,574899.0,-2.094353,-1.215025,NGA,400249
11502958,159,6762,2007,0.0,2750531.0,-1.746879,-1.20823,NGA,400249
11502959,159,6762,2008,0.0,2031231.0,-1.9809139999999998,-1.189201,NGA,400249
11502960,159,6762,2009,0.0,2876382.0,-1.584051,-1.156247,NGA,400249
11502961,159,6762,2010,0.0,1581436.0,-1.887084,-1.2280229999999999,NGA,400249
11502962,159,6762,2011,0.0,1260425.0,-1.699286,-1.15511,NGA,400249
11502963,159,6762,2012,0.0,1453570.0,-1.760488,-1.201048,NGA,400249
11502964,159,6762,2013,0.0,1146727.0,-1.745783,-1.1356680000000001,NGA,400249
11502965,159,6762,2014,0.0,1428588.0,-1.2126430000000001,-1.059697,NGA,400249
11502966,159,6762,2015,6215.0,1587912.0,-1.415451,-1.157829,NGA,400249
11502967,159,6762,2016,0.0,1327512.0,-1.835357,-1.286597,NGA,400249
11502968,159,6762,2017,0.0,3153811.0,-1.8260919999999998,-1.276591,NGA,400249
11502969,159,6762,2018,0.0,1651635.0,-1.8238,-1.259938,NGA,400249
11502970,159,6762,2019,0.0,3109237.0,-1.7383970000000002,-1.220333,NGA,400249
11502971,159,6762,2020,0.0,1060744.0,-1.6399299999999999,-1.19536,NGA,400249
11502972,160,6762,1995,,,-0.395096,-0.559934,NIC,400249
11502973,160,6762,1996,,,-0.767799,-0.737816,NIC,400249
11502974,160,6762,1997,0.0,53582.0,-0.8090109999999999,-0.783853,NIC,400249
11502975,160,6762,1998,,,-0.8012199999999999,-0.749159,NIC,400249
11502976,160,6762,1999,0.0,18658.0,-0.677654,-0.72253,NIC,400249
11502977,160,6762,2000,,,-0.8339270000000001,-0.6658689999999999,NIC,400249
11502978,160,6762,2001,,,-0.8917430000000001,-0.713179,NIC,400249
11502979,160,6762,2002,,,-0.677398,-0.564472,NIC,400249
11502980,160,6762,2003,,,-0.8661459999999999,-0.8661690000000001,NIC,400249
11502981,160,6762,2004,,,-0.9789479999999999,-0.8374219999999999,NIC,400249
11502982,160,6762,2005,,,-1.038332,-0.922797,NIC,400249
11502983,160,6762,2006,,,-0.998825,-0.893867,NIC,400249
11502984,160,6762,2007,,,-0.924162,-0.857508,NIC,400249
11502985,160,6762,2008,,,-0.869193,-0.676623,NIC,400249
11502986,160,6762,2009,0.0,27294.0,-0.924057,-0.809557,NIC,400249
11502987,160,6762,2010,0.0,22618.0,-0.9387409999999999,-0.8119569999999999,NIC,400249
11502988,160,6762,2011,0.0,26906.0,-0.9592139999999999,-0.796108,NIC,400249
11502989,160,6762,2012,0.0,78151.0,-0.754724,-0.668629,NIC,400249
11502990,160,6762,2013,0.0,76943.0,-0.9277,-0.6842630000000001,NIC,400249
11502991,160,6762,2014,0.0,61488.0,-0.938269,-0.839066,NIC,400249
11502992,160,6762,2015,0.0,198110.0,-1.102989,-0.952276,NIC,400249
11502993,160,6762,2016,0.0,76139.0,-1.0387389999999999,-0.998977,NIC,400249
11502994,160,6762,2017,0.0,160203.0,-1.0502280000000002,-0.8817719999999999,NIC,400249
11502995,160,6762,2018,0.0,39776.0,-0.887282,-0.827008,NIC,400249
11502996,160,6762,2019,0.0,36920.0,-1.058553,-0.854482,NIC,400249
11502997,160,6762,2020,0.0,4990.0,-0.9128809999999999,-0.746636,NIC,400249
11502998,161,6762,1995,,,0.8622989999999999,-0.461028,NIU,400249
11502999,161,6762,1996,,,0.934731,-0.41833100000000006,NIU,400249
11503000,161,6762,1997,,,0.588501,-0.655092,NIU,400249
11503001,161,6762,1998,,,-0.123806,-0.770129,NIU,400249
11503002,161,6762,1999,,,0.18219100000000002,-0.6904239999999999,NIU,400249
11503003,161,6762,2000,,,0.905705,-0.29473299999999997,NIU,400249
11503004,161,6762,2001,,,0.8420120000000001,-0.40183,NIU,400249
11503005,161,6762,2002,,,0.5417350000000001,-0.645461,NIU,400249
11503006,161,6762,2003,,,0.746075,-0.557872,NIU,400249
11503007,161,6762,2004,,,1.150507,-0.508379,NIU,400249
11503008,161,6762,2005,,,0.745304,-0.538337,NIU,400249
11503009,161,6762,2006,,,1.172511,-0.21281799999999998,NIU,400249
11503010,161,6762,2007,,,0.8204540000000001,-0.403953,NIU,400249
11503011,161,6762,2008,,,1.290661,-0.060131,NIU,400249
11503012,161,6762,2009,,,1.305372,0.063123,NIU,400249
11503013,161,6762,2010,,,1.2255610000000001,-0.687604,NIU,400249
11503014,161,6762,2011,,,1.469768,0.034852999999999995,NIU,400249
11503015,161,6762,2012,,,1.176703,-0.127122,NIU,400249
11503016,161,6762,2013,,,1.901559,-0.039522,NIU,400249
11503017,161,6762,2014,,,1.624556,0.065342,NIU,400249
11503018,161,6762,2015,,,1.7121400000000002,-0.072287,NIU,400249
11503019,161,6762,2016,,,1.666675,-0.198755,NIU,400249
11503020,161,6762,2017,,,0.436779,-0.758359,NIU,400249
11503021,161,6762,2018,,,0.9669469999999999,-0.851692,NIU,400249
11503022,161,6762,2019,,,1.3109819999999999,-0.730798,NIU,400249
11503023,161,6762,2020,,,-0.028386,-0.8818799999999999,NIU,400249
11503024,162,6762,1995,1522840.0,2986242.0,1.304391,1.8819119999999998,NLD,400249
11503025,162,6762,1996,1202328.0,2850384.0,1.256625,1.803132,NLD,400249
11503026,162,6762,1997,2099716.0,2983378.0,1.267794,1.727888,NLD,400249
11503027,162,6762,1998,2014527.0,4011636.0,1.248469,1.683182,NLD,400249
11503028,162,6762,1999,5310886.0,4092194.0,1.308776,1.574293,NLD,400249
11503029,162,6762,2000,3890559.0,2401456.0,1.283291,1.58901,NLD,400249
11503030,162,6762,2001,5022685.0,5653157.0,1.315685,1.590935,NLD,400249
11503031,162,6762,2002,8167892.0,9030889.0,1.206176,1.7136360000000002,NLD,400249
11503032,162,6762,2003,20045420.0,19270617.0,1.168453,1.7085709999999998,NLD,400249
11503033,162,6762,2004,29775077.0,30232504.0,1.251808,1.586526,NLD,400249
11503034,162,6762,2005,25372217.0,29679354.0,1.143533,1.614774,NLD,400249
11503035,162,6762,2006,38597909.0,34510534.0,1.192134,1.450852,NLD,400249
11503036,162,6762,2007,31137468.0,35724383.0,1.089169,1.589641,NLD,400249
11503037,162,6762,2008,29948983.0,38248197.0,1.139475,1.385316,NLD,400249
11503038,162,6762,2009,7779830.0,11408033.0,1.1914850000000001,1.3076780000000001,NLD,400249
11503039,162,6762,2010,16096943.0,23392929.0,1.237998,1.1891209999999999,NLD,400249
11503040,162,6762,2011,18559142.0,37356338.0,1.1655229999999999,1.410167,NLD,400249
11503041,162,6762,2012,12144742.0,21584290.0,1.124582,1.374002,NLD,400249
11503042,162,6762,2013,8878254.0,14498638.0,1.184107,1.249557,NLD,400249
11503043,162,6762,2014,8918242.0,13691192.0,1.179325,1.355071,NLD,400249
11503044,162,6762,2015,5108489.0,12153350.0,1.230104,1.27344,NLD,400249
11503045,162,6762,2016,17200756.0,11643329.0,1.157361,1.5188540000000001,NLD,400249
11503046,162,6762,2017,14453868.0,12477904.0,1.146959,1.470869,NLD,400249
11503047,162,6762,2018,16487847.0,13051997.0,1.1478899999999999,1.454758,NLD,400249
11503048,162,6762,2019,7550061.0,14481559.0,1.145044,1.3523530000000001,NLD,400249
11503049,162,6762,2020,8939267.0,11235852.0,1.035951,1.559401,NLD,400249
11503050,163,6762,1995,0.0,307307.0,1.019741,0.394241,NOR,400249
11503051,163,6762,1996,50013.0,544897.0,1.204869,0.303062,NOR,400249
11503052,163,6762,1997,55198.0,305744.0,1.003945,0.188826,NOR,400249
11503053,163,6762,1998,87987.0,381251.0,1.1660190000000001,0.43901899999999994,NOR,400249
11503054,163,6762,1999,31898.0,213293.0,1.1012959999999998,0.240184,NOR,400249
11503055,163,6762,2000,30302.0,61714.0,0.988346,0.046556,NOR,400249
11503056,163,6762,2001,12877.0,32512.0,0.974814,0.06512000000000001,NOR,400249
11503057,163,6762,2002,4223.0,343277.0,1.110882,0.17164100000000002,NOR,400249
11503058,163,6762,2003,65487.0,4645.0,1.1500620000000001,0.258554,NOR,400249
11503059,163,6762,2004,0.0,187192.0,1.10162,0.118709,NOR,400249
11503060,163,6762,2005,0.0,216014.0,1.0581530000000001,0.038369,NOR,400249
11503061,163,6762,2006,0.0,449091.0,1.0787930000000001,0.014051,NOR,400249
11503062,163,6762,2007,4534.0,155063.0,0.9829100000000001,0.100995,NOR,400249
11503063,163,6762,2008,77174.0,188620.0,0.911428,-0.019318000000000002,NOR,400249
11503064,163,6762,2009,97453.0,91640.0,0.865455,0.082808,NOR,400249
11503065,163,6762,2010,84578.0,176549.0,0.865676,0.138757,NOR,400249
11503066,163,6762,2011,209261.0,385824.0,0.8492770000000001,0.050044,NOR,400249
11503067,163,6762,2012,76223.0,313668.0,0.8613049999999999,0.12626800000000002,NOR,400249
11503068,163,6762,2013,63577.0,584656.0,0.892099,0.18168399999999998,NOR,400249
11503069,163,6762,2014,2047.0,66044.0,0.9187049999999999,0.182685,NOR,400249
11503070,163,6762,2015,2603.0,62202.0,0.950708,0.314339,NOR,400249
11503071,163,6762,2016,18944.0,46197.0,0.89891,0.297673,NOR,400249
11503072,163,6762,2017,12136.0,68815.0,0.73658,0.11450199999999999,NOR,400249
11503073,163,6762,2018,12349.0,127694.0,0.681639,0.021762,NOR,400249
11503074,163,6762,2019,4699.0,204904.0,0.6957300000000001,0.181607,NOR,400249
11503075,163,6762,2020,9533.0,108290.0,0.793459,0.369766,NOR,400249
11503076,164,6762,1995,,,-0.779984,-0.7621479999999999,NPL,400249
11503077,164,6762,1996,,,-0.7390100000000001,-0.647903,NPL,400249
11503078,164,6762,1997,0.0,5043.0,-0.559546,-0.358545,NPL,400249
11503079,164,6762,1998,0.0,6368.0,-0.634124,-0.279031,NPL,400249
11503080,164,6762,1999,0.0,9738.0,-0.421433,0.24781799999999998,NPL,400249
11503081,164,6762,2000,,,-0.395304,0.104966,NPL,400249
11503082,164,6762,2001,,,-0.483749,-0.008754999999999999,NPL,400249
11503083,164,6762,2002,0.0,31715.0,-0.216428,0.44377700000000003,NPL,400249
11503084,164,6762,2003,0.0,1962.0,-0.26353899999999997,1.351717,NPL,400249
11503085,164,6762,2004,0.0,2456.0,-0.323954,0.5528,NPL,400249
11503086,164,6762,2005,,,-0.347515,0.630102,NPL,400249
11503087,164,6762,2006,,,-0.29672600000000005,0.665077,NPL,400249
11503088,164,6762,2007,,,-0.274255,0.513961,NPL,400249
11503089,164,6762,2008,0.0,20680.0,-0.130718,0.59102,NPL,400249
11503090,164,6762,2009,0.0,5353.0,-0.324434,1.076908,NPL,400249
11503091,164,6762,2010,0.0,6343.0,-0.23753400000000002,0.7957390000000001,NPL,400249
11503092,164,6762,2011,0.0,3721.0,-0.242299,0.801966,NPL,400249
11503093,164,6762,2012,0.0,36100.0,-0.146732,0.7988310000000001,NPL,400249
11503094,164,6762,2013,0.0,9587.0,-0.293669,0.677365,NPL,400249
11503095,164,6762,2014,0.0,120698.0,-0.11988199999999999,0.655883,NPL,400249
11503096,164,6762,2015,0.0,8972.0,-0.290416,0.456716,NPL,400249
11503097,164,6762,2016,,,-0.37595500000000004,0.475239,NPL,400249
11503098,164,6762,2017,0.0,18006.0,-0.319681,0.5788220000000001,NPL,400249
11503099,164,6762,2018,0.0,7722.0,-0.252837,0.999258,NPL,400249
11503100,164,6762,2019,0.0,6660.0,-0.23868000000000003,0.42732299999999995,NPL,400249
11503101,164,6762,2020,0.0,12585.0,-0.22803299999999999,0.25111,NPL,400249
11503102,165,6762,1995,,,0.9604870000000001,-0.513994,NRU,400249
11503103,165,6762,1996,,,1.24021,-0.442279,NRU,400249
11503104,165,6762,1997,,,1.1610610000000001,-0.485941,NRU,400249
11503105,165,6762,1998,,,0.7830060000000001,-0.49654,NRU,400249
11503106,165,6762,1999,,,0.400977,-0.643049,NRU,400249
11503107,165,6762,2000,,,1.1900190000000002,-0.449799,NRU,400249
11503108,165,6762,2001,,,1.164324,-0.11804200000000001,NRU,400249
11503109,165,6762,2002,,,0.8975049999999999,-0.494882,NRU,400249
11503110,165,6762,2003,,,0.6127199999999999,-0.304759,NRU,400249
11503111,165,6762,2004,,,1.37799,-0.36241599999999996,NRU,400249
11503112,165,6762,2005,,,1.335741,-0.071855,NRU,400249
11503113,165,6762,2006,,,1.092365,-0.03394,NRU,400249
11503114,165,6762,2007,,,0.919574,-0.327637,NRU,400249
11503115,165,6762,2008,,,0.538959,-0.74048,NRU,400249
11503116,165,6762,2009,,,0.721114,-0.581005,NRU,400249
11503117,165,6762,2010,,,0.350571,-0.732316,NRU,400249
11503118,165,6762,2011,,,0.548569,-0.513296,NRU,400249
11503119,165,6762,2012,,,0.6183569999999999,-0.575687,NRU,400249
11503120,165,6762,2013,,,0.8494780000000001,-0.587259,NRU,400249
11503121,165,6762,2014,,,1.215503,-0.37847,NRU,400249
11503122,165,6762,2015,,,1.27283,-0.30019,NRU,400249
11503123,165,6762,2016,,,0.661876,-0.355951,NRU,400249
11503124,165,6762,2017,,,0.963425,-0.06901499999999999,NRU,400249
11503125,165,6762,2018,,,0.8769610000000001,-0.095779,NRU,400249
11503126,165,6762,2019,,,0.726887,-0.407936,NRU,400249
11503127,165,6762,2020,,,1.062876,-0.723853,NRU,400249
11503128,166,6762,1995,10569.0,322446.0,0.5558270000000001,0.773271,NZL,400249
11503129,166,6762,1996,4411.0,419067.0,0.49466099999999996,0.8302879999999999,NZL,400249
11503130,166,6762,1997,8303.0,548736.0,0.557545,0.731294,NZL,400249
11503131,166,6762,1998,2409.0,520766.0,0.5690529999999999,0.7752060000000001,NZL,400249
11503132,166,6762,1999,0.0,552549.0,0.592051,0.780176,NZL,400249
11503133,166,6762,2000,0.0,289963.0,0.552858,0.8281129999999999,NZL,400249
11503134,166,6762,2001,4364.0,513686.0,0.521409,0.683134,NZL,400249
11503135,166,6762,2002,22872.0,292410.0,0.542585,0.854243,NZL,400249
11503136,166,6762,2003,10288.0,331132.0,0.589619,0.997301,NZL,400249
11503137,166,6762,2004,2098.0,365438.0,0.567392,0.965781,NZL,400249
11503138,166,6762,2005,0.0,261975.0,0.623822,0.825528,NZL,400249
11503139,166,6762,2006,7671.0,794456.0,0.5371,0.8240209999999999,NZL,400249
11503140,166,6762,2007,0.0,297764.0,0.495938,0.845825,NZL,400249
11503141,166,6762,2008,0.0,237013.0,0.513416,0.753058,NZL,400249
11503142,166,6762,2009,0.0,301059.0,0.38301999999999997,0.720644,NZL,400249
11503143,166,6762,2010,0.0,400838.0,0.36828299999999997,0.574574,NZL,400249
11503144,166,6762,2011,0.0,442729.0,0.372732,0.548601,NZL,400249
11503145,166,6762,2012,0.0,443518.0,0.410575,0.714584,NZL,400249
11503146,166,6762,2013,0.0,359994.0,0.3345,0.39063000000000003,NZL,400249
11503147,166,6762,2014,0.0,349787.0,0.272502,0.21628699999999998,NZL,400249
11503148,166,6762,2015,0.0,792167.0,0.224598,0.253179,NZL,400249
11503149,166,6762,2016,0.0,308748.0,0.236556,0.252918,NZL,400249
11503150,166,6762,2017,2827.0,712472.0,0.25651199999999996,0.132996,NZL,400249
11503151,166,6762,2018,20442.0,899796.0,0.21902600000000003,0.148714,NZL,400249
11503152,166,6762,2019,0.0,637283.0,0.119281,0.039036,NZL,400249
11503153,166,6762,2020,5444.0,603753.0,0.145567,0.070121,NZL,400249
11503154,167,6762,1995,0.0,1226.0,-0.328853,-0.946069,OMN,400249
11503155,167,6762,1996,,,-0.10243499999999998,-0.8425879999999999,OMN,400249
11503156,167,6762,1997,,,-0.335834,-0.945859,OMN,400249
11503157,167,6762,1998,,,-0.38848499999999997,-0.898559,OMN,400249
11503158,167,6762,1999,,,-0.6801510000000001,-1.146403,OMN,400249
11503159,167,6762,2000,0.0,108201.0,-1.0104549999999999,-1.185999,OMN,400249
11503160,167,6762,2001,0.0,12862.0,-0.909329,-1.189698,OMN,400249
11503161,167,6762,2002,0.0,56038.0,-1.238769,-1.225841,OMN,400249
11503162,167,6762,2003,0.0,2002.0,-1.434873,-1.188123,OMN,400249
11503163,167,6762,2004,0.0,108729.0,-0.62946,-1.108933,OMN,400249
11503164,167,6762,2005,0.0,29800.0,-0.384571,-1.068743,OMN,400249
11503165,167,6762,2006,0.0,92548.0,-0.6373989999999999,-1.092554,OMN,400249
11503166,167,6762,2007,0.0,189814.0,-0.5185310000000001,-1.071832,OMN,400249
11503167,167,6762,2008,10954.0,96331.0,-0.635199,-1.027136,OMN,400249
11503168,167,6762,2009,0.0,31989.0,-0.691918,-1.015434,OMN,400249
11503169,167,6762,2010,52907.0,55180.0,-0.487612,-0.9551379999999999,OMN,400249
11503170,167,6762,2011,0.0,31444.0,-0.473703,-0.952491,OMN,400249
11503171,167,6762,2012,0.0,14555.0,-0.869576,-1.1086850000000001,OMN,400249
11503172,167,6762,2013,0.0,104643.0,-0.604175,-1.0463209999999998,OMN,400249
11503173,167,6762,2014,0.0,12952.0,-0.505129,-1.0051370000000002,OMN,400249
11503174,167,6762,2015,0.0,22714.0,-0.4699,-1.00451,OMN,400249
11503175,167,6762,2016,0.0,7891.0,-0.334782,-0.9107190000000001,OMN,400249
11503176,167,6762,2017,0.0,21606.0,-0.347684,-0.884569,OMN,400249
11503177,167,6762,2018,0.0,8740.0,-0.548048,-0.9972989999999999,OMN,400249
11503178,167,6762,2019,0.0,590919.0,-0.40120100000000003,-0.881602,OMN,400249
11503179,167,6762,2020,0.0,393293.0,-0.251371,-0.8775299999999999,OMN,400249
11503180,168,6762,1995,0.0,1348971.0,-0.707965,-0.324784,PAK,400249
11503181,168,6762,1996,0.0,780749.0,-0.7543300000000001,-0.393654,PAK,400249
11503182,168,6762,1997,0.0,590023.0,-0.882432,-0.563344,PAK,400249
11503183,168,6762,1998,0.0,2280541.0,-0.9008149999999999,-0.448942,PAK,400249
11503184,168,6762,1999,35082.0,1400355.0,-1.047891,-0.525612,PAK,400249
11503185,168,6762,2000,0.0,697744.0,-0.851295,-0.370618,PAK,400249
11503186,168,6762,2001,0.0,1387719.0,-0.8376520000000001,-0.378743,PAK,400249
11503187,168,6762,2002,0.0,875586.0,-0.877655,-0.322094,PAK,400249
11503188,168,6762,2003,15120.0,2445732.0,-0.6659689999999999,0.137924,PAK,400249
11503189,168,6762,2004,25260.0,2971826.0,-0.754143,0.25995100000000004,PAK,400249
11503190,168,6762,2005,0.0,1967854.0,-0.592542,0.365501,PAK,400249
11503191,168,6762,2006,0.0,2259938.0,-0.449333,0.563013,PAK,400249
11503192,168,6762,2007,0.0,3899457.0,-0.5594359999999999,0.47369300000000003,PAK,400249
11503193,168,6762,2008,0.0,3450716.0,-0.401588,0.500668,PAK,400249
11503194,168,6762,2009,0.0,3854124.0,-0.514907,0.44733100000000003,PAK,400249
11503195,168,6762,2010,43959.0,3311867.0,-0.692071,0.5409010000000001,PAK,400249
11503196,168,6762,2011,0.0,4270790.0,-0.729677,0.6026729999999999,PAK,400249
11503197,168,6762,2012,0.0,5061473.0,-0.633706,0.658617,PAK,400249
11503198,168,6762,2013,0.0,3623125.0,-0.75727,0.769703,PAK,400249
11503199,168,6762,2014,0.0,4078394.0,-0.672924,0.566787,PAK,400249
11503200,168,6762,2015,2316.0,4462524.0,-0.7059979999999999,0.73501,PAK,400249
11503201,168,6762,2016,0.0,4316186.0,-0.7502800000000001,0.545331,PAK,400249
11503202,168,6762,2017,0.0,5771803.0,-0.698561,0.43523500000000004,PAK,400249
11503203,168,6762,2018,0.0,7337869.0,-0.64348,0.665045,PAK,400249
11503204,168,6762,2019,0.0,6231490.0,-0.6909270000000001,0.8651120000000001,PAK,400249
11503205,168,6762,2020,0.0,5711731.0,-0.52984,0.63654,PAK,400249
11503206,169,6762,1995,6240.0,30398.0,-0.019815,0.050906,PAN,400249
11503207,169,6762,1996,0.0,90872.0,-0.100537,-0.374129,PAN,400249
11503208,169,6762,1997,0.0,11806.0,-0.028676999999999998,0.00023999999999999998,PAN,400249
11503209,169,6762,1998,0.0,17584.0,0.010123,0.5677949999999999,PAN,400249
11503210,169,6762,1999,0.0,10775.0,0.126144,0.491986,PAN,400249
11503211,169,6762,2000,0.0,4927.0,0.2095,0.525942,PAN,400249
11503212,169,6762,2001,0.0,2853.0,0.17588199999999998,0.422505,PAN,400249
11503213,169,6762,2002,0.0,5738.0,0.134759,0.234258,PAN,400249
11503214,169,6762,2003,3491.0,1055.0,-0.050386,-0.039619999999999995,PAN,400249
11503215,169,6762,2004,,,-0.011979,0.261315,PAN,400249
11503216,169,6762,2005,45999.0,0.0,-0.166943,0.212196,PAN,400249
11503217,169,6762,2006,36438.0,5272.0,0.306664,0.638533,PAN,400249
11503218,169,6762,2007,26143.0,75923.0,0.36233899999999997,0.807669,PAN,400249
11503219,169,6762,2008,18517.0,42644.0,0.470854,0.960075,PAN,400249
11503220,169,6762,2009,22578.0,318063.0,0.629137,0.5894010000000001,PAN,400249
11503221,169,6762,2010,21641.0,314795.0,0.617867,0.903432,PAN,400249
11503222,169,6762,2011,206153.0,457686.0,0.786135,1.061008,PAN,400249
11503223,169,6762,2012,12200.0,51964.0,0.901366,1.245179,PAN,400249
11503224,169,6762,2013,45811.0,39381.0,0.735637,1.161718,PAN,400249
11503225,169,6762,2014,0.0,1935.0,0.771742,0.9873190000000001,PAN,400249
11503226,169,6762,2015,0.0,7920.0,0.642058,0.833392,PAN,400249
11503227,169,6762,2016,76984.0,468344.0,0.58773,0.654145,PAN,400249
11503228,169,6762,2017,12886.0,46145.0,0.5520109999999999,0.788181,PAN,400249
11503229,169,6762,2018,53674.0,12599.0,0.104326,-0.11611800000000001,PAN,400249
11503230,169,6762,2019,0.0,7258.0,0.00926,-0.308483,PAN,400249
11503231,169,6762,2020,0.0,308983.0,0.590821,0.786784,PAN,400249
11503232,170,6762,1995,,,,,PCI,400249
11503233,170,6762,1996,,,,,PCI,400249
11503234,170,6762,1997,,,,,PCI,400249
11503235,170,6762,1998,,,,,PCI,400249
11503236,170,6762,1999,,,,,PCI,400249
11503237,170,6762,2000,,,,,PCI,400249
11503238,170,6762,2001,,,,,PCI,400249
11503239,170,6762,2002,,,,,PCI,400249
11503240,170,6762,2003,,,,,PCI,400249
11503241,170,6762,2004,,,,,PCI,400249
11503242,170,6762,2005,,,,,PCI,400249
11503243,170,6762,2006,,,,,PCI,400249
11503244,170,6762,2007,,,,,PCI,400249
11503245,170,6762,2008,,,,,PCI,400249
11503246,170,6762,2009,,,,,PCI,400249
11503247,170,6762,2010,,,,,PCI,400249
11503248,170,6762,2011,,,,,PCI,400249
11503249,170,6762,2012,,,,,PCI,400249
11503250,170,6762,2013,,,,,PCI,400249
11503251,170,6762,2014,,,,,PCI,400249
11503252,170,6762,2015,,,,,PCI,400249
11503253,170,6762,2016,,,,,PCI,400249
11503254,170,6762,2017,,,,,PCI,400249
11503255,170,6762,2018,,,,,PCI,400249
11503256,170,6762,2019,,,,,PCI,400249
11503257,170,6762,2020,,,,,PCI,400249
11503258,171,6762,1995,,,0.8489540000000001,-0.613367,PCN,400249
11503259,171,6762,1996,,,-0.660984,-0.738887,PCN,400249
11503260,171,6762,1997,,,0.445329,-0.657316,PCN,400249
11503261,171,6762,1998,,,0.015778,-0.7873220000000001,PCN,400249
11503262,171,6762,1999,,,0.872001,-0.7028310000000001,PCN,400249
11503263,171,6762,2000,,,0.105297,-0.687272,PCN,400249
11503264,171,6762,2001,,,0.108918,-0.732035,PCN,400249
11503265,171,6762,2002,,,0.561805,-0.522701,PCN,400249
11503266,171,6762,2003,,,0.510894,-0.473526,PCN,400249
11503267,171,6762,2004,,,0.462645,-0.671204,PCN,400249
11503268,171,6762,2005,,,0.8136760000000001,-0.553076,PCN,400249
11503269,171,6762,2006,,,-0.305812,-0.816541,PCN,400249
11503270,171,6762,2007,,,0.391111,-0.626695,PCN,400249
11503271,171,6762,2008,,,0.7325659999999999,-0.50798,PCN,400249
11503272,171,6762,2009,,,0.779567,-0.458002,PCN,400249
11503273,171,6762,2010,,,0.18265499999999998,-0.6658,PCN,400249
11503274,171,6762,2011,,,1.28213,0.215827,PCN,400249
11503275,171,6762,2012,,,1.612844,0.40525100000000003,PCN,400249
11503276,171,6762,2013,,,0.8076770000000001,-0.494516,PCN,400249
11503277,171,6762,2014,,,0.98311,-0.45960100000000004,PCN,400249
11503278,171,6762,2015,,,0.114469,-0.7910729999999999,PCN,400249
11503279,171,6762,2016,,,0.7749689999999999,-0.702357,PCN,400249
11503280,171,6762,2017,,,0.517021,-0.688823,PCN,400249
11503281,171,6762,2018,,,0.963227,-0.5059859999999999,PCN,400249
11503282,171,6762,2019,,,0.42944,-0.6689579999999999,PCN,400249
11503283,171,6762,2020,,,0.35777,-0.6678970000000001,PCN,400249
11503284,172,6762,1995,,,,,PCZ,400249
11503285,172,6762,1996,,,,,PCZ,400249
11503286,172,6762,1997,,,,,PCZ,400249
11503287,172,6762,1998,,,,,PCZ,400249
11503288,172,6762,1999,,,,,PCZ,400249
11503289,172,6762,2000,,,,,PCZ,400249
11503290,172,6762,2001,,,,,PCZ,400249
11503291,172,6762,2002,,,,,PCZ,400249
11503292,172,6762,2003,,,,,PCZ,400249
11503293,172,6762,2004,,,,,PCZ,400249
11503294,172,6762,2005,,,,,PCZ,400249
11503295,172,6762,2006,,,,,PCZ,400249
11503296,172,6762,2007,,,,,PCZ,400249
11503297,172,6762,2008,,,,,PCZ,400249
11503298,172,6762,2009,,,,,PCZ,400249
11503299,172,6762,2010,,,,,PCZ,400249
11503300,172,6762,2011,,,,,PCZ,400249
11503301,172,6762,2012,,,,,PCZ,400249
11503302,172,6762,2013,,,,,PCZ,400249
11503303,172,6762,2014,,,,,PCZ,400249
11503304,172,6762,2015,,,,,PCZ,400249
11503305,172,6762,2016,,,,,PCZ,400249
11503306,172,6762,2017,,,,,PCZ,400249
11503307,172,6762,2018,,,,,PCZ,400249
11503308,172,6762,2019,,,,,PCZ,400249
11503309,172,6762,2020,,,,,PCZ,400249
11503310,173,6762,1995,37162.0,1184397.0,-0.263859,-0.21032800000000001,PER,400249
11503311,173,6762,1996,0.0,907251.0,-0.43761000000000005,-0.28077399999999997,PER,400249
11503312,173,6762,1997,0.0,624561.0,-0.5023880000000001,-0.262563,PER,400249
11503313,173,6762,1998,0.0,597587.0,-0.35875300000000004,0.042606,PER,400249
11503314,173,6762,1999,0.0,764940.0,-0.367489,0.11813399999999999,PER,400249
11503315,173,6762,2000,0.0,1032345.0,-0.297619,0.194724,PER,400249
11503316,173,6762,2001,0.0,1008896.0,-0.345519,0.202623,PER,400249
11503317,173,6762,2002,0.0,1018065.0,-0.6126199999999999,0.085944,PER,400249
11503318,173,6762,2003,0.0,890504.0,-0.48627,0.371354,PER,400249
11503319,173,6762,2004,0.0,501538.0,-0.564244,0.131232,PER,400249
11503320,173,6762,2005,0.0,1000685.0,-0.518174,0.171262,PER,400249
11503321,173,6762,2006,0.0,1939529.0,-0.551095,0.044295,PER,400249
11503322,173,6762,2007,0.0,3401644.0,-0.49716099999999996,0.02556,PER,400249
11503323,173,6762,2008,0.0,1817373.0,-0.518126,0.17193599999999998,PER,400249
11503324,173,6762,2009,88794.0,2235781.0,-0.53304,0.221183,PER,400249
11503325,173,6762,2010,0.0,2602023.0,-0.650327,0.162321,PER,400249
11503326,173,6762,2011,32200.0,3845021.0,-0.455977,0.442543,PER,400249
11503327,173,6762,2012,8472.0,3062840.0,-0.444821,0.555188,PER,400249
11503328,173,6762,2013,95355.0,2578251.0,-0.573852,0.357977,PER,400249
11503329,173,6762,2014,23575.0,2370530.0,-0.557833,0.611826,PER,400249
11503330,173,6762,2015,22022.0,2203260.0,-0.6007819999999999,0.32152800000000004,PER,400249
11503331,173,6762,2016,11882.0,2305261.0,-0.717529,0.007845999999999999,PER,400249
11503332,173,6762,2017,44018.0,4223710.0,-0.667658,-0.318344,PER,400249
11503333,173,6762,2018,9333.0,4250966.0,-0.6673060000000001,-0.183315,PER,400249
11503334,173,6762,2019,16612.0,4263729.0,-0.76944,-0.216619,PER,400249
11503335,173,6762,2020,25379.0,1805453.0,-0.717014,-0.152142,PER,400249
11503336,174,6762,1995,0.0,2621036.0,-0.480548,0.076564,PHL,400249
11503337,174,6762,1996,0.0,4417517.0,-0.276548,0.344986,PHL,400249
11503338,174,6762,1997,0.0,6160016.0,-0.24310900000000002,0.085784,PHL,400249
11503339,174,6762,1998,0.0,3458498.0,-0.262725,-0.075781,PHL,400249
11503340,174,6762,1999,0.0,4721765.0,-0.401903,-0.333408,PHL,400249
11503341,174,6762,2000,8248.0,4669912.0,-0.279447,-0.329073,PHL,400249
11503342,174,6762,2001,0.0,4431780.0,-0.028201,-0.112349,PHL,400249
11503343,174,6762,2002,10082.0,4385223.0,0.055439999999999996,-0.179809,PHL,400249
11503344,174,6762,2003,15867.0,4283533.0,-0.065022,-0.195144,PHL,400249
11503345,174,6762,2004,2223.0,4335496.0,-0.076709,-0.149006,PHL,400249
11503346,174,6762,2005,0.0,4280845.0,-0.038225999999999996,-0.057957,PHL,400249
11503347,174,6762,2006,40630.0,5483263.0,0.161994,0.036631,PHL,400249
11503348,174,6762,2007,128740.0,9020816.0,0.032117,-0.16600499999999999,PHL,400249
11503349,174,6762,2008,0.0,7235547.0,0.276488,-0.02957,PHL,400249
11503350,174,6762,2009,0.0,4922167.0,0.34318000000000004,0.095375,PHL,400249
11503351,174,6762,2010,33515.0,5516598.0,0.40418899999999996,0.102497,PHL,400249
11503352,174,6762,2011,0.0,6684819.0,0.364707,0.322626,PHL,400249
11503353,174,6762,2012,6523.0,8251591.0,0.388785,0.465275,PHL,400249
11503354,174,6762,2013,4692.0,6746074.0,0.507868,0.355403,PHL,400249
11503355,174,6762,2014,10499.0,7525561.0,0.637442,0.475883,PHL,400249
11503356,174,6762,2015,0.0,7060298.0,0.6406270000000001,0.45770200000000005,PHL,400249
11503357,174,6762,2016,0.0,6174975.0,0.619343,0.303981,PHL,400249
11503358,174,6762,2017,1346.0,7227424.0,0.657759,0.170061,PHL,400249
11503359,174,6762,2018,7130.0,8264776.0,0.781409,0.22126700000000002,PHL,400249
11503360,174,6762,2019,0.0,7340591.0,0.762884,0.3318,PHL,400249
11503361,174,6762,2020,1079.0,4192118.0,0.755786,0.24693,PHL,400249
11503362,175,6762,1995,,,-0.7866810000000001,-0.810771,PLW,400249
11503363,175,6762,1996,,,-0.095965,-0.703808,PLW,400249
11503364,175,6762,1997,,,-0.771472,-0.891301,PLW,400249
11503365,175,6762,1998,,,-0.959525,-0.9131739999999999,PLW,400249
11503366,175,6762,1999,,,-1.269639,-1.0196610000000002,PLW,400249
11503367,175,6762,2000,,,-1.173103,-1.006145,PLW,400249
11503368,175,6762,2001,,,-1.194157,-0.9768700000000001,PLW,400249
11503369,175,6762,2002,,,-1.4882389999999999,-0.995626,PLW,400249
11503370,175,6762,2003,,,-0.478426,-0.85765,PLW,400249
11503371,175,6762,2004,,,-0.047021,-0.841942,PLW,400249
11503372,175,6762,2005,,,0.225894,-0.786127,PLW,400249
11503373,175,6762,2006,,,-0.6016520000000001,-0.849938,PLW,400249
11503374,175,6762,2007,,,-0.514012,-0.878468,PLW,400249
11503375,175,6762,2008,,,0.25725,-0.797149,PLW,400249
11503376,175,6762,2009,,,0.408333,-0.826412,PLW,400249
11503377,175,6762,2010,,,-0.32681,-0.885127,PLW,400249
11503378,175,6762,2011,,,-0.026091000000000003,-0.753837,PLW,400249
11503379,175,6762,2012,,,-0.21545100000000003,-0.773588,PLW,400249
11503380,175,6762,2013,,,0.232127,-0.716653,PLW,400249
11503381,175,6762,2014,,,0.38879600000000003,-0.532062,PLW,400249
11503382,175,6762,2015,,,0.353098,-0.590496,PLW,400249
11503383,175,6762,2016,,,0.707907,-0.531396,PLW,400249
11503384,175,6762,2017,,,0.6076229999999999,-0.559638,PLW,400249
11503385,175,6762,2018,,,0.07495,-0.8339719999999999,PLW,400249
11503386,175,6762,2019,,,0.03565,-0.8227690000000001,PLW,400249
11503387,175,6762,2020,,,0.207858,-0.809401,PLW,400249
11503388,176,6762,1995,,,-2.387352,-1.200933,PNG,400249
11503389,176,6762,1996,,,-2.120746,-1.2199879999999999,PNG,400249
11503390,176,6762,1997,,,-2.2823439999999997,-1.264621,PNG,400249
11503391,176,6762,1998,,,-2.060952,-1.237969,PNG,400249
11503392,176,6762,1999,,,-1.850785,-1.256969,PNG,400249
11503393,176,6762,2000,,,-1.686651,-1.1906729999999999,PNG,400249
11503394,176,6762,2001,,,-1.503929,-1.199463,PNG,400249
11503395,176,6762,2002,,,-1.4572319999999999,-1.159399,PNG,400249
11503396,176,6762,2003,,,-1.7997330000000002,-1.2110049999999999,PNG,400249
11503397,176,6762,2004,,,-1.7599200000000002,-1.219971,PNG,400249
11503398,176,6762,2005,,,-1.6583900000000003,-1.198114,PNG,400249
11503399,176,6762,2006,,,-1.89409,-1.234731,PNG,400249
11503400,176,6762,2007,,,-1.947486,-1.284269,PNG,400249
11503401,176,6762,2008,,,-1.6771330000000002,-1.18528,PNG,400249
11503402,176,6762,2009,,,-1.90537,-1.2462030000000002,PNG,400249
11503403,176,6762,2010,,,-1.725138,-1.195622,PNG,400249
11503404,176,6762,2011,,,-1.1111659999999999,-0.9458610000000001,PNG,400249
11503405,176,6762,2012,,,-1.009277,-1.039759,PNG,400249
11503406,176,6762,2013,0.0,2751.0,-1.444244,-1.144231,PNG,400249
11503407,176,6762,2014,,,-1.564904,-1.146255,PNG,400249
11503408,176,6762,2015,0.0,63372.0,-1.710939,-1.266333,PNG,400249
11503409,176,6762,2016,0.0,192850.0,-1.689987,-1.2762639999999998,PNG,400249
11503410,176,6762,2017,0.0,167283.0,-1.788834,-1.267126,PNG,400249
11503411,176,6762,2018,,,-1.7580360000000002,-1.239492,PNG,400249
11503412,176,6762,2019,,,-1.654143,-1.249707,PNG,400249
11503413,176,6762,2020,,,-1.526134,-1.191965,PNG,400249
11503414,177,6762,1995,192272.0,8922111.0,0.76393,1.802648,POL,400249
11503415,177,6762,1996,152413.0,12166409.0,0.795489,1.9004729999999999,POL,400249
11503416,177,6762,1997,107719.0,10751006.0,0.805559,1.9598520000000001,POL,400249
11503417,177,6762,1998,22406.0,8928734.0,0.8638309999999999,1.8881299999999999,POL,400249
11503418,177,6762,1999,75903.0,5870493.0,0.8512700000000001,1.8975229999999998,POL,400249
11503419,177,6762,2000,25195.0,5516172.0,0.862983,1.8683400000000001,POL,400249
11503420,177,6762,2001,6920.0,5451314.0,0.9474540000000001,1.8408220000000002,POL,400249
11503421,177,6762,2002,62342.0,4249335.0,0.931642,1.721727,POL,400249
11503422,177,6762,2003,72904.0,4985294.0,0.966622,1.664838,POL,400249
11503423,177,6762,2004,36310.0,7718806.0,1.019341,1.519452,POL,400249
11503424,177,6762,2005,206880.0,12194285.0,0.9564299999999999,1.559385,POL,400249
11503425,177,6762,2006,3470939.0,12285130.0,0.991927,1.474418,POL,400249
11503426,177,6762,2007,3457411.0,12707721.0,1.0412139999999999,1.309641,POL,400249
11503427,177,6762,2008,4911715.0,16349369.0,1.037287,1.244457,POL,400249
11503428,177,6762,2009,1006999.0,6407811.0,1.11055,1.069074,POL,400249
11503429,177,6762,2010,611858.0,15556268.0,1.083552,1.1433719999999998,POL,400249
11503430,177,6762,2011,1199875.0,18835581.0,1.133641,1.134203,POL,400249
11503431,177,6762,2012,999000.0,8328425.0,1.0626870000000002,1.267268,POL,400249
11503432,177,6762,2013,227279.0,16247278.0,1.084332,1.216749,POL,400249
11503433,177,6762,2014,125690.0,19636054.0,1.133102,1.177165,POL,400249
11503434,177,6762,2015,81563.0,6909899.0,1.145844,1.1449280000000002,POL,400249
11503435,177,6762,2016,207729.0,9326819.0,1.146113,1.239532,POL,400249
11503436,177,6762,2017,340148.0,8935613.0,1.197417,1.092716,POL,400249
11503437,177,6762,2018,534892.0,4397676.0,1.132475,1.258945,POL,400249
11503438,177,6762,2019,593263.0,6132857.0,1.088347,1.275875,POL,400249
11503439,177,6762,2020,775021.0,12266064.0,1.0227979999999999,1.4079139999999999,POL,400249
11503440,178,6762,1995,0.0,59779.0,0.46509799999999996,0.645496,PRK,400249
11503441,178,6762,1996,2750.0,122123.0,0.725014,1.20189,PRK,400249
11503442,178,6762,1997,0.0,40710.0,0.701604,0.649257,PRK,400249
11503443,178,6762,1998,0.0,88762.0,0.7417239999999999,0.899826,PRK,400249
11503444,178,6762,1999,23280.0,72318.0,0.536814,0.980433,PRK,400249
11503445,178,6762,2000,44310.0,50751.0,0.786946,1.0068290000000002,PRK,400249
11503446,178,6762,2001,0.0,87211.0,0.62773,1.010888,PRK,400249
11503447,178,6762,2002,0.0,86587.0,0.43756999999999996,0.744264,PRK,400249
11503448,178,6762,2003,0.0,33966.0,0.7060420000000001,0.7718,PRK,400249
11503449,178,6762,2004,0.0,11543.0,0.578991,0.781518,PRK,400249
11503450,178,6762,2005,4472.0,144100.0,0.712403,0.8739520000000001,PRK,400249
11503451,178,6762,2006,0.0,36133.0,0.548754,0.763313,PRK,400249
11503452,178,6762,2007,8486.0,144351.0,0.799712,0.8789370000000001,PRK,400249
11503453,178,6762,2008,0.0,118843.0,0.6970609999999999,0.88018,PRK,400249
11503454,178,6762,2009,0.0,66152.0,0.608089,0.709831,PRK,400249
11503455,178,6762,2010,70563.0,29996.0,0.348511,0.466229,PRK,400249
11503456,178,6762,2011,0.0,54360.0,-0.024317,-0.154781,PRK,400249
11503457,178,6762,2012,0.0,50806.0,-0.120826,0.131138,PRK,400249
11503458,178,6762,2013,0.0,113850.0,-0.414538,-0.22449299999999997,PRK,400249
11503459,178,6762,2014,0.0,35751.0,-0.23883000000000001,-0.009727,PRK,400249
11503460,178,6762,2015,28207.0,131658.0,-0.404818,-0.075235,PRK,400249
11503461,178,6762,2016,0.0,52417.0,-0.512374,-0.143648,PRK,400249
11503462,178,6762,2017,0.0,24906.0,-0.353642,-0.08027000000000001,PRK,400249
11503463,178,6762,2018,0.0,42480.0,0.714618,0.47291700000000003,PRK,400249
11503464,178,6762,2019,0.0,22595.0,1.049447,0.46940699999999996,PRK,400249
11503465,178,6762,2020,0.0,7909.0,1.162417,0.494306,PRK,400249
11503466,179,6762,1995,0.0,2289598.0,0.412677,1.254009,PRT,400249
11503467,179,6762,1996,135232.0,2044752.0,0.39343,1.170144,PRT,400249
11503468,179,6762,1997,61643.0,1577731.0,0.379367,1.296551,PRT,400249
11503469,179,6762,1998,0.0,1658155.0,0.39771999999999996,1.303603,PRT,400249
11503470,179,6762,1999,13242.0,1852872.0,0.420538,1.379359,PRT,400249
11503471,179,6762,2000,2472.0,1280374.0,0.547816,1.70635,PRT,400249
11503472,179,6762,2001,1223.0,1358207.0,0.482048,1.662123,PRT,400249
11503473,179,6762,2002,64878.0,1440407.0,0.484407,1.6500080000000001,PRT,400249
11503474,179,6762,2003,17450.0,1440841.0,0.471376,1.647303,PRT,400249
11503475,179,6762,2004,5782.0,1835154.0,0.524524,1.901139,PRT,400249
11503476,179,6762,2005,2153.0,2036423.0,0.5119819999999999,1.901636,PRT,400249
11503477,179,6762,2006,51656.0,1996010.0,0.5723630000000001,1.92303,PRT,400249
11503478,179,6762,2007,42503.0,2457330.0,0.621302,1.971656,PRT,400249
11503479,179,6762,2008,3280.0,2684316.0,0.64135,2.1946939999999997,PRT,400249
11503480,179,6762,2009,81709.0,1178868.0,0.559189,2.4359919999999997,PRT,400249
11503481,179,6762,2010,30864.0,1461375.0,0.551149,2.437209,PRT,400249
11503482,179,6762,2011,2039.0,3313391.0,0.558481,2.7056240000000003,PRT,400249
11503483,179,6762,2012,20306.0,2573651.0,0.648544,2.405491,PRT,400249
11503484,179,6762,2013,83852.0,3219666.0,0.541454,2.5228610000000002,PRT,400249
11503485,179,6762,2014,33999.0,2084306.0,0.621053,2.349644,PRT,400249
11503486,179,6762,2015,25117.0,1258042.0,0.561922,2.2276380000000002,PRT,400249
11503487,179,6762,2016,49493.0,990013.0,0.519621,2.254972,PRT,400249
11503488,179,6762,2017,25456.0,898685.0,0.527046,2.264624,PRT,400249
11503489,179,6762,2018,158741.0,1711872.0,0.652628,2.211758,PRT,400249
11503490,179,6762,2019,164298.0,2330379.0,0.545467,2.344447,PRT,400249
11503491,179,6762,2020,81919.0,1064379.0,0.656999,2.1136470000000003,PRT,400249
11503492,180,6762,1995,0.0,131473.0,-0.283544,-0.640898,PRY,400249
11503493,180,6762,1996,0.0,111603.0,-0.506178,-0.712851,PRY,400249
11503494,180,6762,1997,0.0,100785.0,-0.44951,-0.818817,PRY,400249
11503495,180,6762,1998,0.0,156513.0,-0.204539,-0.766486,PRY,400249
11503496,180,6762,1999,0.0,100300.0,-0.541387,-0.863967,PRY,400249
11503497,180,6762,2000,0.0,71204.0,-0.774476,-0.980039,PRY,400249
11503498,180,6762,2001,0.0,82440.0,-0.68893,-0.9326690000000001,PRY,400249
11503499,180,6762,2002,0.0,80752.0,-0.614282,-0.963832,PRY,400249
11503500,180,6762,2003,0.0,133724.0,-0.607733,-0.8577879999999999,PRY,400249
11503501,180,6762,2004,0.0,121021.0,-0.64574,-0.978875,PRY,400249
11503502,180,6762,2005,0.0,191907.0,-0.7109880000000001,-0.8740680000000001,PRY,400249
11503503,180,6762,2006,0.0,112995.0,-0.520435,-0.7839119999999999,PRY,400249
11503504,180,6762,2007,0.0,125612.0,-0.500617,-0.814385,PRY,400249
11503505,180,6762,2008,0.0,386534.0,-0.556298,-0.9503780000000001,PRY,400249
11503506,180,6762,2009,0.0,224365.0,-0.564858,-0.941735,PRY,400249
11503507,180,6762,2010,0.0,170927.0,-0.553805,-0.8699450000000001,PRY,400249
11503508,180,6762,2011,0.0,703558.0,-0.548759,-0.877743,PRY,400249
11503509,180,6762,2012,0.0,168820.0,-0.497895,-0.9197299999999999,PRY,400249
11503510,180,6762,2013,0.0,280582.0,-0.566239,-0.9273459999999999,PRY,400249
11503511,180,6762,2014,0.0,195306.0,-0.608509,-0.930679,PRY,400249
11503512,180,6762,2015,0.0,311854.0,-0.471106,-0.9431139999999999,PRY,400249
11503513,180,6762,2016,0.0,188668.0,-0.660702,-1.0329979999999999,PRY,400249
11503514,180,6762,2017,0.0,334901.0,-0.437741,-0.9248879999999999,PRY,400249
11503515,180,6762,2018,0.0,373149.0,-0.614751,-0.952478,PRY,400249
11503516,180,6762,2019,0.0,639584.0,-0.500999,-0.8635219999999999,PRY,400249
11503517,180,6762,2020,0.0,234625.0,-0.45920600000000006,-0.930341,PRY,400249
11503518,181,6762,1995,,,,,PSE,400249
11503519,181,6762,1996,,,,,PSE,400249
11503520,181,6762,1997,,,,,PSE,400249
11503521,181,6762,1998,,,,,PSE,400249
11503522,181,6762,1999,,,,,PSE,400249
11503523,181,6762,2000,,,1.1113879999999998,0.320747,PSE,400249
11503524,181,6762,2001,,,0.60735,-0.027356000000000002,PSE,400249
11503525,181,6762,2002,,,0.394636,-0.286194,PSE,400249
11503526,181,6762,2003,,,0.657296,0.220183,PSE,400249
11503527,181,6762,2004,,,-0.20239100000000002,-0.6123460000000001,PSE,400249
11503528,181,6762,2005,,,0.12721400000000002,-0.38598699999999997,PSE,400249
11503529,181,6762,2006,,,-0.03464,-0.487188,PSE,400249
11503530,181,6762,2007,,,0.16788499999999998,0.689805,PSE,400249
11503531,181,6762,2008,,,0.19076300000000002,1.019001,PSE,400249
11503532,181,6762,2009,,,0.119192,0.6390680000000001,PSE,400249
11503533,181,6762,2010,,,0.12470099999999999,0.576382,PSE,400249
11503534,181,6762,2011,,,0.07902999999999999,0.550277,PSE,400249
11503535,181,6762,2012,,,0.219288,0.620059,PSE,400249
11503536,181,6762,2013,,,0.072979,0.7099260000000001,PSE,400249
11503537,181,6762,2014,,,0.030643,0.601905,PSE,400249
11503538,181,6762,2015,,,0.060575,0.5649489999999999,PSE,400249
11503539,181,6762,2016,,,-0.067187,0.535972,PSE,400249
11503540,181,6762,2017,0.0,41666.0,0.11852,0.609241,PSE,400249
11503541,181,6762,2018,0.0,28645.0,0.096402,0.735946,PSE,400249
11503542,181,6762,2019,0.0,28744.0,0.05640800000000001,0.708102,PSE,400249
11503543,181,6762,2020,0.0,12010.0,0.162235,0.828319,PSE,400249
11503544,182,6762,1995,13386.0,0.0,-0.33641,-0.696238,PYF,400249
11503545,182,6762,1996,,,0.845308,-0.31763,PYF,400249
11503546,182,6762,1997,,,0.333947,-0.5391560000000001,PYF,400249
11503547,182,6762,1998,,,0.422645,-0.607595,PYF,400249
11503548,182,6762,1999,,,0.281327,-0.624142,PYF,400249
11503549,182,6762,2000,,,0.01154,-0.6676880000000001,PYF,400249
11503550,182,6762,2001,,,-0.005456,-0.7210770000000001,PYF,400249
11503551,182,6762,2002,,,0.042936,-0.7421840000000001,PYF,400249
11503552,182,6762,2003,,,-0.255707,-0.676557,PYF,400249
11503553,182,6762,2004,0.0,1839.0,-0.414954,-0.773736,PYF,400249
11503554,182,6762,2005,,,-0.46358999999999995,-0.801909,PYF,400249
11503555,182,6762,2006,,,-0.213329,-0.743599,PYF,400249
11503556,182,6762,2007,,,-0.72809,-0.9329620000000001,PYF,400249
11503557,182,6762,2008,,,-0.255879,-0.714841,PYF,400249
11503558,182,6762,2009,,,-0.440014,-0.835513,PYF,400249
11503559,182,6762,2010,,,-0.47692700000000005,-0.8429760000000001,PYF,400249
11503560,182,6762,2011,,,0.37798000000000004,-0.460049,PYF,400249
11503561,182,6762,2012,,,-0.131116,-0.6672819999999999,PYF,400249
11503562,182,6762,2013,,,-0.146044,-0.7055359999999999,PYF,400249
11503563,182,6762,2014,,,0.008831,-0.6268279999999999,PYF,400249
11503564,182,6762,2015,,,-0.301696,-0.795154,PYF,400249
11503565,182,6762,2016,,,0.11597400000000001,-0.657672,PYF,400249
11503566,182,6762,2017,,,-0.1278,-0.748387,PYF,400249
11503567,182,6762,2018,,,0.21430300000000002,-0.484076,PYF,400249
11503568,182,6762,2019,,,0.30119,-0.39213000000000003,PYF,400249
11503569,182,6762,2020,,,0.640838,-0.11156300000000001,PYF,400249
11503570,183,6762,1995,,,-0.721352,-1.0827799999999999,QAT,400249
11503571,183,6762,1996,,,-0.48203500000000005,-1.117173,QAT,400249
11503572,183,6762,1997,0.0,3688.0,-1.0874469999999998,-1.204852,QAT,400249
11503573,183,6762,1998,,,-1.047819,-1.226928,QAT,400249
11503574,183,6762,1999,,,-0.593308,-1.18811,QAT,400249
11503575,183,6762,2000,,,-0.591806,-1.152123,QAT,400249
11503576,183,6762,2001,,,-0.46564799999999995,-1.127634,QAT,400249
11503577,183,6762,2002,0.0,37654.0,-0.306052,-1.098296,QAT,400249
11503578,183,6762,2003,,,-0.209042,-1.0565799999999999,QAT,400249
11503579,183,6762,2004,,,0.21713400000000002,-1.031806,QAT,400249
11503580,183,6762,2005,0.0,25896.0,0.2381,-1.0287979999999999,QAT,400249
11503581,183,6762,2006,0.0,38097.0,0.055777999999999994,-1.0379049999999999,QAT,400249
11503582,183,6762,2007,0.0,20399.0,0.20181500000000002,-0.9898110000000001,QAT,400249
11503583,183,6762,2008,35669.0,20543.0,-0.36390900000000004,-1.0045549999999999,QAT,400249
11503584,183,6762,2009,0.0,99443.0,-0.484947,-1.07179,QAT,400249
11503585,183,6762,2010,0.0,80610.0,-0.346143,-1.078192,QAT,400249
11503586,183,6762,2011,0.0,8500.0,-0.45851899999999995,-1.017033,QAT,400249
11503587,183,6762,2012,0.0,6742.0,-0.558014,-1.012392,QAT,400249
11503588,183,6762,2013,1355.0,33862.0,-0.083649,-1.013491,QAT,400249
11503589,183,6762,2014,0.0,33632.0,-0.37535599999999997,-1.0196370000000001,QAT,400249
11503590,183,6762,2015,0.0,104794.0,-0.077053,-0.9922719999999999,QAT,400249
11503591,183,6762,2016,0.0,84557.0,-0.36124,-1.106629,QAT,400249
11503592,183,6762,2017,0.0,72484.0,-0.361327,-1.066869,QAT,400249
11503593,183,6762,2018,0.0,10544.0,-0.068401,-1.014732,QAT,400249
11503594,183,6762,2019,0.0,6040.0,-0.064127,-1.065046,QAT,400249
11503595,183,6762,2020,0.0,10678.0,-0.028836,-1.0183950000000002,QAT,400249
11503596,184,6762,1995,,,0.728825,-0.178569,REU,400249
11503597,184,6762,1996,,,,,REU,400249
11503598,184,6762,1997,,,,,REU,400249
11503599,184,6762,1998,,,,,REU,400249
11503600,184,6762,1999,,,,,REU,400249
11503601,184,6762,2000,,,,,REU,400249
11503602,184,6762,2001,,,,,REU,400249
11503603,184,6762,2002,,,,,REU,400249
11503604,184,6762,2003,,,,,REU,400249
11503605,184,6762,2004,,,,,REU,400249
11503606,184,6762,2005,,,,,REU,400249
11503607,184,6762,2006,,,,,REU,400249
11503608,184,6762,2007,,,,,REU,400249
11503609,184,6762,2008,,,,,REU,400249
11503610,184,6762,2009,,,,,REU,400249
11503611,184,6762,2010,,,,,REU,400249
11503612,184,6762,2011,,,,,REU,400249
11503613,184,6762,2012,,,,,REU,400249
11503614,184,6762,2013,,,,,REU,400249
11503615,184,6762,2014,,,,,REU,400249
11503616,184,6762,2015,,,,,REU,400249
11503617,184,6762,2016,,,,,REU,400249
11503618,184,6762,2017,,,,,REU,400249
11503619,184,6762,2018,,,,,REU,400249
11503620,184,6762,2019,,,,,REU,400249
11503621,184,6762,2020,,,,,REU,400249
11503622,185,6762,1995,0.0,3548290.0,0.621468,1.038729,ROU,400249
11503623,185,6762,1996,25819.0,2335528.0,0.612035,0.880964,ROU,400249
11503624,185,6762,1997,4945.0,2508139.0,0.44381000000000004,1.084109,ROU,400249
11503625,185,6762,1998,48942.0,1881179.0,0.315392,0.961176,ROU,400249
11503626,185,6762,1999,1017.0,1072592.0,0.253874,0.8322709999999999,ROU,400249
11503627,185,6762,2000,18551.0,1254773.0,0.39034,0.84193,ROU,400249
11503628,185,6762,2001,1560.0,1138251.0,0.326733,1.005332,ROU,400249
11503629,185,6762,2002,0.0,1015413.0,0.29888200000000004,0.980376,ROU,400249
11503630,185,6762,2003,0.0,1203331.0,0.378379,1.0064620000000002,ROU,400249
11503631,185,6762,2004,4752.0,1589126.0,0.37241599999999997,1.015865,ROU,400249
11503632,185,6762,2005,34703.0,1032174.0,0.371288,1.095875,ROU,400249
11503633,185,6762,2006,46671.0,1218908.0,0.550825,1.170744,ROU,400249
11503634,185,6762,2007,8393.0,2940499.0,0.69445,1.223747,ROU,400249
11503635,185,6762,2008,316341.0,1621188.0,0.784924,1.235527,ROU,400249
11503636,185,6762,2009,26245.0,926146.0,0.833802,1.024418,ROU,400249
11503637,185,6762,2010,35674.0,787974.0,0.6483760000000001,1.200256,ROU,400249
11503638,185,6762,2011,112803.0,1444020.0,0.722,1.296655,ROU,400249
11503639,185,6762,2012,216026.0,1812023.0,0.745926,1.2884719999999998,ROU,400249
11503640,185,6762,2013,164889.0,1056232.0,0.792035,1.225034,ROU,400249
11503641,185,6762,2014,263355.0,546333.0,0.9112,1.188161,ROU,400249
11503642,185,6762,2015,133351.0,460709.0,0.946363,1.056775,ROU,400249
11503643,185,6762,2016,41270.0,680463.0,1.061259,0.9878870000000001,ROU,400249
11503644,185,6762,2017,303540.0,2381442.0,1.05479,0.9842219999999999,ROU,400249
11503645,185,6762,2018,158601.0,3975525.0,1.050715,1.04471,ROU,400249
11503646,185,6762,2019,27310.0,3654353.0,1.044289,1.013691,ROU,400249
11503647,185,6762,2020,193878.0,2371732.0,1.13426,0.9767809999999999,ROU,400249
11503648,186,6762,1995,114629.0,3901210.0,0.364437,0.171494,RUS,400249
11503649,186,6762,1996,1020505.0,10561854.0,0.900185,0.47723000000000004,RUS,400249
11503650,186,6762,1997,77555.0,10926593.0,0.87377,0.423861,RUS,400249
11503651,186,6762,1998,463614.0,8405182.0,0.93909,0.59719,RUS,400249
11503652,186,6762,1999,245833.0,7994050.0,0.903308,0.590858,RUS,400249
11503653,186,6762,2000,576609.0,9777066.0,0.976274,0.42859200000000003,RUS,400249
11503654,186,6762,2001,158649.0,10856213.0,0.945816,0.35027600000000003,RUS,400249
11503655,186,6762,2002,76813.0,6538384.0,1.109397,0.424229,RUS,400249
11503656,186,6762,2003,239933.0,9110732.0,1.072729,0.338355,RUS,400249
11503657,186,6762,2004,1371884.0,7353986.0,0.8952399999999999,0.172896,RUS,400249
11503658,186,6762,2005,1956839.0,6157029.0,0.901675,0.061595000000000004,RUS,400249
11503659,186,6762,2006,1148996.0,7114462.0,0.801197,0.104683,RUS,400249
11503660,186,6762,2007,445962.0,14117312.0,0.5576399999999999,-0.05382000000000001,RUS,400249
11503661,186,6762,2008,506532.0,12906403.0,0.559059,-0.00886,RUS,400249
11503662,186,6762,2009,494216.0,4735692.0,0.392478,-0.20038399999999998,RUS,400249
11503663,186,6762,2010,895746.0,8843651.0,0.583996,-0.223881,RUS,400249
11503664,186,6762,2011,812502.0,15679722.0,0.47319399999999995,-0.20801599999999998,RUS,400249
11503665,186,6762,2012,2036669.0,11790566.0,0.20625500000000002,-0.196697,RUS,400249
11503666,186,6762,2013,485491.0,9019289.0,0.481166,-0.180052,RUS,400249
11503667,186,6762,2014,402641.0,7467020.0,0.229422,-0.214856,RUS,400249
11503668,186,6762,2015,213538.0,6038434.0,0.23119,0.035965,RUS,400249
11503669,186,6762,2016,226994.0,6837613.0,0.252891,0.200423,RUS,400249
11503670,186,6762,2017,237415.0,9372064.0,0.32885,0.288392,RUS,400249
11503671,186,6762,2018,1140862.0,10335644.0,0.21398000000000003,0.100414,RUS,400249
11503672,186,6762,2019,305362.0,8419200.0,0.329884,0.26215,RUS,400249
11503673,186,6762,2020,171558.0,5169089.0,0.373882,0.42102700000000004,RUS,400249
11503674,187,6762,1995,,,-0.18641,-0.6206729999999999,RWA,400249
11503675,187,6762,1996,,,0.07343,-0.520246,RWA,400249
11503676,187,6762,1997,0.0,23006.0,-0.412674,-0.735488,RWA,400249
11503677,187,6762,1998,,,-0.38756399999999996,-0.7770130000000001,RWA,400249
11503678,187,6762,1999,,,-0.747449,-0.832043,RWA,400249
11503679,187,6762,2000,,,-0.346668,-0.7081270000000001,RWA,400249
11503680,187,6762,2001,,,-1.260879,-0.861347,RWA,400249
11503681,187,6762,2002,,,-0.553848,-0.757714,RWA,400249
11503682,187,6762,2003,,,-0.99513,-0.852476,RWA,400249
11503683,187,6762,2004,,,-1.3952870000000002,-0.950857,RWA,400249
11503684,187,6762,2005,,,-0.6467470000000001,-0.66747,RWA,400249
11503685,187,6762,2006,0.0,1309.0,-0.032827999999999996,-0.42937600000000004,RWA,400249
11503686,187,6762,2007,,,-0.383017,-0.49216899999999997,RWA,400249
11503687,187,6762,2008,,,-0.770307,-0.650779,RWA,400249
11503688,187,6762,2009,,,-0.31001599999999996,-0.5382170000000001,RWA,400249
11503689,187,6762,2010,,,-0.6033350000000001,-0.524881,RWA,400249
11503690,187,6762,2011,,,-0.684475,-0.690734,RWA,400249
11503691,187,6762,2012,,,-0.672906,-0.72154,RWA,400249
11503692,187,6762,2013,,,-0.490519,-0.48427700000000007,RWA,400249
11503693,187,6762,2014,,,-0.5692659999999999,-0.447859,RWA,400249
11503694,187,6762,2015,,,-0.755738,-0.4423,RWA,400249
11503695,187,6762,2016,,,-0.5802149999999999,-0.568327,RWA,400249
11503696,187,6762,2017,0.0,1183.0,-0.7610319999999999,-0.680251,RWA,400249
11503697,187,6762,2018,0.0,39422.0,-0.618925,-0.788172,RWA,400249
11503698,187,6762,2019,0.0,4622.0,-0.812602,-0.737603,RWA,400249
11503699,187,6762,2020,0.0,11421.0,-0.923618,-0.975133,RWA,400249
11503700,188,6762,1995,0.0,399069.0,0.401573,-0.6676529999999999,SAU,400249
11503701,188,6762,1996,0.0,378500.0,0.215265,-0.8577309999999999,SAU,400249
11503702,188,6762,1997,0.0,395893.0,0.015040000000000001,-0.954475,SAU,400249
11503703,188,6762,1998,12537.0,267930.0,0.521849,-0.7550899999999999,SAU,400249
11503704,188,6762,1999,8720.0,405748.0,0.553028,-0.527401,SAU,400249
11503705,188,6762,2000,0.0,292881.0,0.588175,-0.74197,SAU,400249
11503706,188,6762,2001,0.0,559566.0,0.5370550000000001,-0.793469,SAU,400249
11503707,188,6762,2002,0.0,613685.0,0.082107,-0.843317,SAU,400249
11503708,188,6762,2003,18056.0,794721.0,0.202286,-0.714691,SAU,400249
11503709,188,6762,2004,2822.0,659902.0,0.546196,-0.7014729999999999,SAU,400249
11503710,188,6762,2005,66038.0,932871.0,0.678873,-0.759985,SAU,400249
11503711,188,6762,2006,86974.0,1692988.0,0.162432,-0.853059,SAU,400249
11503712,188,6762,2007,1691536.0,2033191.0,0.367463,-0.8603709999999999,SAU,400249
11503713,188,6762,2008,2224562.0,495240.0,-0.09849400000000001,-0.8998309999999999,SAU,400249
11503714,188,6762,2009,2329629.0,1365418.0,0.300581,-0.813199,SAU,400249
11503715,188,6762,2010,1228963.0,1479941.0,0.46696400000000005,-0.7487520000000001,SAU,400249
11503716,188,6762,2011,1094836.0,2645461.0,0.354045,-0.800028,SAU,400249
11503717,188,6762,2012,246644.0,1940354.0,0.42235200000000006,-0.818584,SAU,400249
11503718,188,6762,2013,0.0,1516735.0,0.626347,-0.844406,SAU,400249
11503719,188,6762,2014,0.0,1754017.0,0.5758439999999999,-0.832692,SAU,400249
11503720,188,6762,2015,0.0,2931158.0,0.5552520000000001,-0.7263229999999999,SAU,400249
11503721,188,6762,2016,17068.0,1081650.0,0.394807,-0.638644,SAU,400249
11503722,188,6762,2017,498837.0,2980918.0,0.597716,-0.345049,SAU,400249
11503723,188,6762,2018,0.0,2062829.0,0.5801810000000001,-0.447514,SAU,400249
11503724,188,6762,2019,142251.0,1917246.0,0.787798,-0.41350600000000004,SAU,400249
11503725,188,6762,2020,10543.0,1687543.0,0.662925,-0.21661999999999998,SAU,400249
11503726,189,6762,1995,,,1.032118,1.180409,SCG,400249
11503727,189,6762,1996,1030.0,682893.0,0.786293,2.20126,SCG,400249
11503728,189,6762,1997,15211.0,456195.0,0.659904,1.702849,SCG,400249
11503729,189,6762,1998,0.0,718574.0,0.603733,1.535453,SCG,400249
11503730,189,6762,1999,0.0,351554.0,0.607596,2.222456,SCG,400249
11503731,189,6762,2000,11046.0,600107.0,0.609133,2.278384,SCG,400249
11503732,189,6762,2001,1725.0,401269.0,0.45280200000000004,2.469852,SCG,400249
11503733,189,6762,2002,457232.0,649378.0,0.55781,2.135925,SCG,400249
11503734,189,6762,2003,0.0,136344.0,0.575326,1.627894,SCG,400249
11503735,189,6762,2004,56530.0,435611.0,0.628071,2.210424,SCG,400249
11503736,189,6762,2005,1715.0,181526.0,0.560725,1.62105,SCG,400249
11503737,189,6762,2006,,,,,SCG,400249
11503738,189,6762,2007,,,,,SCG,400249
11503739,189,6762,2008,,,,,SCG,400249
11503740,189,6762,2009,,,,,SCG,400249
11503741,189,6762,2010,,,,,SCG,400249
11503742,189,6762,2011,,,,,SCG,400249
11503743,189,6762,2012,,,,,SCG,400249
11503744,189,6762,2013,,,,,SCG,400249
11503745,189,6762,2014,,,,,SCG,400249
11503746,189,6762,2015,,,,,SCG,400249
11503747,189,6762,2016,,,,,SCG,400249
11503748,189,6762,2017,,,,,SCG,400249
11503749,189,6762,2018,,,,,SCG,400249
11503750,189,6762,2019,,,,,SCG,400249
11503751,189,6762,2020,,,,,SCG,400249
11503752,190,6762,1995,,,-0.776567,-0.963823,SDN,400249
11503753,190,6762,1996,0.0,885.0,-1.4146459999999998,-1.181707,SDN,400249
11503754,190,6762,1997,0.0,1137.0,-1.300352,-1.199816,SDN,400249
11503755,190,6762,1998,0.0,6057.0,-1.034858,-1.089854,SDN,400249
11503756,190,6762,1999,0.0,3430.0,-1.321619,-1.162911,SDN,400249
11503757,190,6762,2000,0.0,7359.0,-1.5105899999999999,-1.2287549999999998,SDN,400249
11503758,190,6762,2001,0.0,1822.0,-1.6325180000000001,-1.263267,SDN,400249
11503759,190,6762,2002,,,-1.499925,-1.228374,SDN,400249
11503760,190,6762,2003,,,-1.3535059999999999,-1.1701409999999999,SDN,400249
11503761,190,6762,2004,0.0,1777.0,-1.5346309999999999,-1.2599559999999999,SDN,400249
11503762,190,6762,2005,,,-1.5685850000000001,-1.243433,SDN,400249
11503763,190,6762,2006,0.0,1780.0,-1.873762,-1.278378,SDN,400249
11503764,190,6762,2007,,,-1.978359,-1.316172,SDN,400249
11503765,190,6762,2008,,,-2.095439,-1.263511,SDN,400249
11503766,190,6762,2009,,,-2.2948020000000002,-1.3182040000000002,SDN,400249
11503767,190,6762,2010,,,-1.9094669999999998,-1.271065,SDN,400249
11503768,190,6762,2011,,,-2.1675869999999997,-1.249272,SDN,400249
11503769,190,6762,2012,,,-1.316171,-1.1347610000000001,SDN,400249
11503770,190,6762,2013,,,-1.254944,-1.073564,SDN,400249
11503771,190,6762,2014,,,-1.442381,-1.1155030000000001,SDN,400249
11503772,190,6762,2015,,,-1.420356,-1.218424,SDN,400249
11503773,190,6762,2016,0.0,2979.0,-1.216141,-1.191648,SDN,400249
11503774,190,6762,2017,0.0,4661.0,-1.567691,-1.257164,SDN,400249
11503775,190,6762,2018,0.0,19467.0,-1.278532,-1.176008,SDN,400249
11503776,190,6762,2019,,,-1.25579,-1.208796,SDN,400249
11503777,190,6762,2020,,,-1.380126,-1.280657,SDN,400249
11503778,191,6762,1995,,,-0.94962,-0.970988,SEN,400249
11503779,191,6762,1996,0.0,2833.0,-0.619785,-0.712171,SEN,400249
11503780,191,6762,1997,0.0,63921.0,-0.606205,-0.727753,SEN,400249
11503781,191,6762,1998,52635.0,86042.0,-0.416955,-0.449216,SEN,400249
11503782,191,6762,1999,26290.0,134375.0,-0.472473,-0.462562,SEN,400249
11503783,191,6762,2000,15521.0,54822.0,-0.46170100000000003,-0.435547,SEN,400249
11503784,191,6762,2001,0.0,154300.0,-0.437779,-0.436654,SEN,400249
11503785,191,6762,2002,0.0,301715.0,-0.43679700000000005,-0.484176,SEN,400249
11503786,191,6762,2003,17715.0,24354.0,-0.25203600000000004,-0.25549299999999997,SEN,400249
11503787,191,6762,2004,0.0,117246.0,-0.527127,-0.368631,SEN,400249
11503788,191,6762,2005,0.0,126769.0,-0.279715,-0.231985,SEN,400249
11503789,191,6762,2006,0.0,40250.0,-0.364713,-0.183612,SEN,400249
11503790,191,6762,2007,0.0,92231.0,-0.20343599999999998,0.27211199999999997,SEN,400249
11503791,191,6762,2008,0.0,400351.0,-0.478024,-0.313199,SEN,400249
11503792,191,6762,2009,0.0,21845.0,-0.53392,-0.415513,SEN,400249
11503793,191,6762,2010,0.0,61283.0,-0.45445,-0.148149,SEN,400249
11503794,191,6762,2011,0.0,310479.0,-0.624346,-0.308052,SEN,400249
11503795,191,6762,2012,0.0,132354.0,-0.458858,-0.172745,SEN,400249
11503796,191,6762,2013,,,-0.523662,-0.309101,SEN,400249
11503797,191,6762,2014,0.0,67355.0,-0.502607,-0.08866,SEN,400249
11503798,191,6762,2015,0.0,20973.0,-0.708349,-0.296663,SEN,400249
11503799,191,6762,2016,0.0,27398.0,-0.7061270000000001,-0.46532399999999996,SEN,400249
11503800,191,6762,2017,0.0,32685.0,-0.6722899999999999,-0.26522199999999996,SEN,400249
11503801,191,6762,2018,0.0,1667.0,-0.751378,-0.390573,SEN,400249
11503802,191,6762,2019,,,-0.721992,-0.385479,SEN,400249
11503803,191,6762,2020,,,-0.634185,-0.398728,SEN,400249
11503804,192,6762,1995,1905622.0,7089072.0,0.747684,0.4745,SGP,400249
11503805,192,6762,1996,1708686.0,8292825.0,0.8354299999999999,0.41169799999999995,SGP,400249
11503806,192,6762,1997,1755828.0,7027293.0,1.01557,0.360154,SGP,400249
11503807,192,6762,1998,1610577.0,5536286.0,1.0029709999999998,0.506545,SGP,400249
11503808,192,6762,1999,2080233.0,4628273.0,1.355833,0.594305,SGP,400249
11503809,192,6762,2000,2912601.0,5134203.0,1.3392389999999998,0.6035010000000001,SGP,400249
11503810,192,6762,2001,1762231.0,4008337.0,1.364239,0.721074,SGP,400249
11503811,192,6762,2002,1936404.0,4787965.0,1.481857,0.648889,SGP,400249
11503812,192,6762,2003,2425387.0,3271943.0,1.5080799999999999,0.720337,SGP,400249
11503813,192,6762,2004,1653259.0,1659911.0,1.6409779999999998,0.634947,SGP,400249
11503814,192,6762,2005,1244546.0,1475070.0,1.601677,0.49930399999999997,SGP,400249
11503815,192,6762,2006,408079.0,1952939.0,1.5377379999999998,0.503089,SGP,400249
11503816,192,6762,2007,592977.0,2030956.0,1.608299,0.545791,SGP,400249
11503817,192,6762,2008,490968.0,2548508.0,1.844543,0.5947020000000001,SGP,400249
11503818,192,6762,2009,482166.0,2128870.0,1.9503540000000001,0.498033,SGP,400249
11503819,192,6762,2010,361603.0,2797241.0,1.8441349999999999,0.570311,SGP,400249
11503820,192,6762,2011,6381271.0,15063121.0,1.849116,0.52127,SGP,400249
11503821,192,6762,2012,11006260.0,18447012.0,1.685959,0.5900989999999999,SGP,400249
11503822,192,6762,2013,7506970.0,11178339.0,1.915504,0.619576,SGP,400249
11503823,192,6762,2014,4033298.0,4320006.0,1.867492,0.626736,SGP,400249
11503824,192,6762,2015,1081826.0,4514726.0,2.05613,0.593065,SGP,400249
11503825,192,6762,2016,1687107.0,17236395.0,2.089995,0.564921,SGP,400249
11503826,192,6762,2017,2196096.0,15466496.0,1.884166,0.37903600000000004,SGP,400249
11503827,192,6762,2018,5438299.0,4288319.0,1.914132,0.652011,SGP,400249
11503828,192,6762,2019,3797685.0,3648132.0,2.0264599999999997,0.665506,SGP,400249
11503829,192,6762,2020,3618107.0,5456634.0,1.948379,0.610574,SGP,400249
11503830,193,6762,1995,,,,,SGS,400249
11503831,193,6762,1996,,,,,SGS,400249
11503832,193,6762,1997,,,,,SGS,400249
11503833,193,6762,1998,,,,,SGS,400249
11503834,193,6762,1999,,,,,SGS,400249
11503835,193,6762,2000,,,1.0955629999999998,-0.8769889999999999,SGS,400249
11503836,193,6762,2001,,,2.301104,-0.772378,SGS,400249
11503837,193,6762,2002,,,1.458389,-0.695846,SGS,400249
11503838,193,6762,2003,,,2.127043,-0.5255029999999999,SGS,400249
11503839,193,6762,2004,,,0.842463,-0.7492949999999999,SGS,400249
11503840,193,6762,2005,,,0.199141,-0.749854,SGS,400249
11503841,193,6762,2006,,,1.378112,-0.634744,SGS,400249
11503842,193,6762,2007,,,0.34491,-0.819142,SGS,400249
11503843,193,6762,2008,,,0.6732520000000001,-0.753207,SGS,400249
11503844,193,6762,2009,,,0.402905,-0.810702,SGS,400249
11503845,193,6762,2010,,,1.2057209999999998,-0.560959,SGS,400249
11503846,193,6762,2011,,,1.576694,-0.29165,SGS,400249
11503847,193,6762,2012,,,1.397512,-0.576494,SGS,400249
11503848,193,6762,2013,,,1.546034,-0.626796,SGS,400249
11503849,193,6762,2014,,,1.081216,-0.787072,SGS,400249
11503850,193,6762,2015,,,1.469511,-0.7100390000000001,SGS,400249
11503851,193,6762,2016,,,0.258303,-0.880397,SGS,400249
11503852,193,6762,2017,,,-0.5412710000000001,-0.9102959999999999,SGS,400249
11503853,193,6762,2018,,,1.440776,-0.745492,SGS,400249
11503854,193,6762,2019,,,1.5469030000000001,-0.643552,SGS,400249
11503855,193,6762,2020,,,0.784489,-0.8282940000000001,SGS,400249
11503856,194,6762,1995,,,0.40997100000000003,-0.490967,SHN,400249
11503857,194,6762,1996,,,0.500915,-0.40995299999999996,SHN,400249
11503858,194,6762,1997,,,1.05749,-0.006716,SHN,400249
11503859,194,6762,1998,,,1.217565,0.012991999999999998,SHN,400249
11503860,194,6762,1999,,,1.401577,-0.029898,SHN,400249
11503861,194,6762,2000,,,1.385622,0.113301,SHN,400249
11503862,194,6762,2001,,,1.112486,-0.248761,SHN,400249
11503863,194,6762,2002,,,1.4834459999999998,0.014774,SHN,400249
11503864,194,6762,2003,,,0.9663959999999999,0.042493,SHN,400249
11503865,194,6762,2004,,,1.33404,0.133851,SHN,400249
11503866,194,6762,2005,,,1.225797,-0.014991999999999998,SHN,400249
11503867,194,6762,2006,,,1.281841,-0.043162,SHN,400249
11503868,194,6762,2007,,,1.208618,-0.183449,SHN,400249
11503869,194,6762,2008,,,0.810149,-0.452734,SHN,400249
11503870,194,6762,2009,,,0.99651,-0.284003,SHN,400249
11503871,194,6762,2010,,,0.7653979999999999,-0.466484,SHN,400249
11503872,194,6762,2011,,,1.003319,-0.150035,SHN,400249
11503873,194,6762,2012,,,1.103221,-0.11403599999999998,SHN,400249
11503874,194,6762,2013,,,1.221748,-0.206857,SHN,400249
11503875,194,6762,2014,,,1.125419,-0.183407,SHN,400249
11503876,194,6762,2015,,,1.256851,-0.270048,SHN,400249
11503877,194,6762,2016,,,1.4505700000000001,-0.313714,SHN,400249
11503878,194,6762,2017,,,0.984775,-0.455862,SHN,400249
11503879,194,6762,2018,,,0.8986370000000001,-0.544551,SHN,400249
11503880,194,6762,2019,,,1.242378,-0.470654,SHN,400249
11503881,194,6762,2020,,,1.4857989999999999,-0.43997700000000006,SHN,400249
11503882,195,6762,1995,,,-1.711497,-0.879611,SLB,400249
11503883,195,6762,1996,,,-1.855104,-0.895618,SLB,400249
11503884,195,6762,1997,,,-2.247325,-0.982799,SLB,400249
11503885,195,6762,1998,,,-1.512541,-0.9275700000000001,SLB,400249
11503886,195,6762,1999,,,-1.9334959999999999,-0.9984879999999999,SLB,400249
11503887,195,6762,2000,,,-0.712501,-0.829672,SLB,400249
11503888,195,6762,2001,,,-0.325802,-0.726847,SLB,400249
11503889,195,6762,2002,,,-0.5305449999999999,-0.8186720000000001,SLB,400249
11503890,195,6762,2003,,,-1.342629,-0.900968,SLB,400249
11503891,195,6762,2004,,,-1.4911,-0.999592,SLB,400249
11503892,195,6762,2005,,,-1.5026950000000001,-0.9389040000000001,SLB,400249
11503893,195,6762,2006,,,-1.501072,-0.964304,SLB,400249
11503894,195,6762,2007,,,-1.144843,-0.956784,SLB,400249
11503895,195,6762,2008,,,-1.70333,-1.027817,SLB,400249
11503896,195,6762,2009,,,-1.9380110000000002,-1.06035,SLB,400249
11503897,195,6762,2010,,,-1.7710650000000001,-1.033138,SLB,400249
11503898,195,6762,2011,,,-1.401353,-0.931205,SLB,400249
11503899,195,6762,2012,,,-0.935467,-0.78338,SLB,400249
11503900,195,6762,2013,,,-0.9350860000000001,-0.877676,SLB,400249
11503901,195,6762,2014,,,-0.862089,-0.9075840000000001,SLB,400249
11503902,195,6762,2015,,,-1.167451,-0.931206,SLB,400249
11503903,195,6762,2016,0.0,15129.0,-0.740271,-0.881382,SLB,400249
11503904,195,6762,2017,,,-1.153846,-0.971255,SLB,400249
11503905,195,6762,2018,,,-1.246494,-0.998495,SLB,400249
11503906,195,6762,2019,,,-1.650959,-1.013001,SLB,400249
11503907,195,6762,2020,,,-1.774857,-1.015981,SLB,400249
11503908,196,6762,1995,,,-0.176843,-0.565979,SLE,400249
11503909,196,6762,1996,0.0,16484.0,0.208166,-0.386648,SLE,400249
11503910,196,6762,1997,0.0,33856.0,0.181753,-0.532284,SLE,400249
11503911,196,6762,1998,0.0,78832.0,0.11786300000000001,-0.45481499999999997,SLE,400249
11503912,196,6762,1999,,,0.5850920000000001,-0.183443,SLE,400249
11503913,196,6762,2000,,,0.489854,-0.108102,SLE,400249
11503914,196,6762,2001,,,0.331949,0.186253,SLE,400249
11503915,196,6762,2002,9789.0,0.0,0.397488,-0.027672000000000002,SLE,400249
11503916,196,6762,2003,,,0.129923,-0.19926300000000002,SLE,400249
11503917,196,6762,2004,,,0.48757399999999995,-0.0064659999999999995,SLE,400249
11503918,196,6762,2005,,,0.510613,-0.040744,SLE,400249
11503919,196,6762,2006,,,0.518163,-0.032742,SLE,400249
11503920,196,6762,2007,,,-0.021377,-0.31765,SLE,400249
11503921,196,6762,2008,,,0.086769,-0.22002800000000003,SLE,400249
11503922,196,6762,2009,,,0.06259400000000001,-0.273258,SLE,400249
11503923,196,6762,2010,,,-0.056713,-0.293668,SLE,400249
11503924,196,6762,2011,39644.0,0.0,-0.35546500000000003,-0.46134899999999995,SLE,400249
11503925,196,6762,2012,,,-0.6198279999999999,-0.627216,SLE,400249
11503926,196,6762,2013,,,-0.132082,-0.552921,SLE,400249
11503927,196,6762,2014,,,-0.9228569999999999,-0.791482,SLE,400249
11503928,196,6762,2015,,,0.072324,-0.255235,SLE,400249
11503929,196,6762,2016,,,-0.184021,-0.5023920000000001,SLE,400249
11503930,196,6762,2017,,,-0.37777,-0.6353270000000001,SLE,400249
11503931,196,6762,2018,,,-0.06932999999999999,-0.36035300000000003,SLE,400249
11503932,196,6762,2019,,,-0.402403,-0.639318,SLE,400249
11503933,196,6762,2020,,,-0.122243,-0.5501010000000001,SLE,400249
11503934,197,6762,1995,2329.0,128300.0,-0.17119600000000001,0.027889999999999998,SLV,400249
11503935,197,6762,1996,6468.0,140156.0,-0.24968800000000002,-0.121995,SLV,400249
11503936,197,6762,1997,0.0,198782.0,-0.09174500000000001,-0.034391000000000005,SLV,400249
11503937,197,6762,1998,0.0,140186.0,-0.202965,-0.000499,SLV,400249
11503938,197,6762,1999,0.0,209872.0,-0.263572,-0.121576,SLV,400249
11503939,197,6762,2000,9743.0,448072.0,-0.265907,-0.141049,SLV,400249
11503940,197,6762,2001,0.0,354889.0,-0.181554,-0.031294,SLV,400249
11503941,197,6762,2002,0.0,399315.0,-0.280138,-0.099225,SLV,400249
11503942,197,6762,2003,6983.0,131096.0,-0.251357,-0.189917,SLV,400249
11503943,197,6762,2004,0.0,56093.0,-0.20529499999999998,0.1116,SLV,400249
11503944,197,6762,2005,0.0,39790.0,-0.279708,0.109346,SLV,400249
11503945,197,6762,2006,0.0,27276.0,-0.135312,0.140874,SLV,400249
11503946,197,6762,2007,1340.0,421459.0,-0.110573,0.184426,SLV,400249
11503947,197,6762,2008,0.0,454677.0,-0.028986,0.369501,SLV,400249
11503948,197,6762,2009,0.0,467945.0,-0.19729100000000002,0.23434899999999997,SLV,400249
11503949,197,6762,2010,0.0,701967.0,-0.101434,0.132639,SLV,400249
11503950,197,6762,2011,0.0,926680.0,-0.09713200000000001,0.20772600000000002,SLV,400249
11503951,197,6762,2012,0.0,1142120.0,0.027747000000000004,0.19003399999999998,SLV,400249
11503952,197,6762,2013,2618.0,638027.0,-0.021029,0.381522,SLV,400249
11503953,197,6762,2014,0.0,731618.0,0.08653999999999999,0.29088600000000003,SLV,400249
11503954,197,6762,2015,0.0,600482.0,0.05531900000000001,0.169073,SLV,400249
11503955,197,6762,2016,0.0,494324.0,0.10397999999999999,0.25556599999999996,SLV,400249
11503956,197,6762,2017,0.0,814177.0,0.113639,0.23175199999999999,SLV,400249
11503957,197,6762,2018,0.0,941025.0,0.073928,0.22548600000000002,SLV,400249
11503958,197,6762,2019,13643.0,983456.0,0.014037,0.23216599999999998,SLV,400249
11503959,197,6762,2020,0.0,298882.0,-0.003327,0.18823399999999998,SLV,400249
11503960,198,6762,1995,,,,,SMR,400249
11503961,198,6762,1996,,,,,SMR,400249
11503962,198,6762,1997,,,,,SMR,400249
11503963,198,6762,1998,,,,,SMR,400249
11503964,198,6762,1999,,,,,SMR,400249
11503965,198,6762,2000,,,1.592363,0.189098,SMR,400249
11503966,198,6762,2001,,,1.40664,-0.034707999999999996,SMR,400249
11503967,198,6762,2002,,,1.389807,0.275878,SMR,400249
11503968,198,6762,2003,,,1.147666,0.167516,SMR,400249
11503969,198,6762,2004,,,1.547269,0.386809,SMR,400249
11503970,198,6762,2005,,,1.238703,0.24937600000000001,SMR,400249
11503971,198,6762,2006,,,1.3203340000000001,0.385184,SMR,400249
11503972,198,6762,2007,0.0,26832.0,1.078776,0.36204899999999995,SMR,400249
11503973,198,6762,2008,0.0,68403.0,1.40611,0.6159720000000001,SMR,400249
11503974,198,6762,2009,0.0,26560.0,1.221869,0.351498,SMR,400249
11503975,198,6762,2010,0.0,45130.0,1.0115299999999998,0.29852399999999996,SMR,400249
11503976,198,6762,2011,,,1.2974379999999999,0.6381760000000001,SMR,400249
11503977,198,6762,2012,,,1.096372,0.608012,SMR,400249
11503978,198,6762,2013,,,1.108559,0.569782,SMR,400249
11503979,198,6762,2014,0.0,10660.0,0.9675090000000001,0.582902,SMR,400249
11503980,198,6762,2015,,,0.918452,0.559399,SMR,400249
11503981,198,6762,2016,,,1.086646,0.58939,SMR,400249
11503982,198,6762,2017,,,0.984548,0.6116199999999999,SMR,400249
11503983,198,6762,2018,,,1.1064260000000001,0.566218,SMR,400249
11503984,198,6762,2019,,,1.144691,0.7038989999999999,SMR,400249
11503985,198,6762,2020,,,1.106732,0.578281,SMR,400249
11503986,199,6762,1995,,,-1.109082,-0.8426049999999999,SOM,400249
11503987,199,6762,1996,,,-1.622968,-0.912907,SOM,400249
11503988,199,6762,1997,,,-0.6645270000000001,-0.8022739999999999,SOM,400249
11503989,199,6762,1998,,,-0.684754,-0.836492,SOM,400249
11503990,199,6762,1999,,,-0.763865,-0.8889090000000001,SOM,400249
11503991,199,6762,2000,,,-0.521555,-0.8073229999999999,SOM,400249
11503992,199,6762,2001,,,-0.11677799999999999,-0.623455,SOM,400249
11503993,199,6762,2002,,,-0.055408000000000006,-0.5247470000000001,SOM,400249
11503994,199,6762,2003,,,-0.319096,-0.649003,SOM,400249
11503995,199,6762,2004,,,-0.255506,-0.6988260000000001,SOM,400249
11503996,199,6762,2005,,,-0.9431440000000001,-0.9065350000000001,SOM,400249
11503997,199,6762,2006,,,-0.8717010000000001,-0.8264969999999999,SOM,400249
11503998,199,6762,2007,,,0.19860799999999998,-0.45140399999999997,SOM,400249
11503999,199,6762,2008,,,-0.594349,-0.8550979999999999,SOM,400249
11504000,199,6762,2009,,,-0.9824440000000001,-0.99467,SOM,400249
11504001,199,6762,2010,,,-1.6843569999999999,-1.064691,SOM,400249
11504002,199,6762,2011,,,-1.509242,-0.8817309999999999,SOM,400249
11504003,199,6762,2012,,,-1.104662,-1.134201,SOM,400249
11504004,199,6762,2013,,,-1.194368,-0.915163,SOM,400249
11504005,199,6762,2014,,,-1.41991,-1.010693,SOM,400249
11504006,199,6762,2015,,,-1.716689,-1.078134,SOM,400249
11504007,199,6762,2016,,,-1.429439,-1.006612,SOM,400249
11504008,199,6762,2017,,,-1.2313479999999999,-1.063879,SOM,400249
11504009,199,6762,2018,,,-1.4787370000000002,-1.050578,SOM,400249
11504010,199,6762,2019,,,-1.046802,-0.961166,SOM,400249
11504011,199,6762,2020,,,-1.26219,-1.0055180000000001,SOM,400249
11504012,200,6762,1995,,,0.430471,-0.47626,SPM,400249
11504013,200,6762,1996,,,-0.083964,-0.600418,SPM,400249
11504014,200,6762,1997,,,0.497191,-0.46033,SPM,400249
11504015,200,6762,1998,,,1.1440860000000002,-0.16153499999999998,SPM,400249
11504016,200,6762,1999,,,-0.093305,-0.743243,SPM,400249
11504017,200,6762,2000,,,-0.645166,-0.897775,SPM,400249
11504018,200,6762,2001,,,-0.32603699999999997,-0.917085,SPM,400249
11504019,200,6762,2002,,,-1.291565,-0.9258290000000001,SPM,400249
11504020,200,6762,2003,,,0.677331,-0.645223,SPM,400249
11504021,200,6762,2004,,,-0.29473499999999997,-0.8513,SPM,400249
11504022,200,6762,2005,,,-0.591713,-0.8518979999999999,SPM,400249
11504023,200,6762,2006,,,0.207474,-0.624729,SPM,400249
11504024,200,6762,2007,,,-0.995914,-0.91112,SPM,400249
11504025,200,6762,2008,,,-0.01135,-0.8057350000000001,SPM,400249
11504026,200,6762,2009,,,-0.476847,-0.902595,SPM,400249
11504027,200,6762,2010,,,-0.740992,-0.9825139999999999,SPM,400249
11504028,200,6762,2011,,,-1.120206,-1.030257,SPM,400249
11504029,200,6762,2012,,,-0.720507,-0.8856700000000001,SPM,400249
11504030,200,6762,2013,,,0.000466,-0.672524,SPM,400249
11504031,200,6762,2014,,,0.783898,-0.540244,SPM,400249
11504032,200,6762,2015,,,1.108603,-0.356745,SPM,400249
11504033,200,6762,2016,,,0.6510100000000001,-0.494381,SPM,400249
11504034,200,6762,2017,,,0.349463,-0.554142,SPM,400249
11504035,200,6762,2018,,,0.750329,-0.6562,SPM,400249
11504036,200,6762,2019,,,0.14380199999999999,-0.788161,SPM,400249
11504037,200,6762,2020,,,0.162968,-0.736591,SPM,400249
11504038,201,6762,1995,,,,,SRB,400249
11504039,201,6762,1996,,,,,SRB,400249
11504040,201,6762,1997,,,,,SRB,400249
11504041,201,6762,1998,,,,,SRB,400249
11504042,201,6762,1999,,,,,SRB,400249
11504043,201,6762,2000,,,,,SRB,400249
11504044,201,6762,2001,,,,,SRB,400249
11504045,201,6762,2002,,,,,SRB,400249
11504046,201,6762,2003,,,,,SRB,400249
11504047,201,6762,2004,,,,,SRB,400249
11504048,201,6762,2005,6789.0,543548.0,0.627272,1.170525,SRB,400249
11504049,201,6762,2006,0.0,790517.0,0.547824,1.5588879999999998,SRB,400249
11504050,201,6762,2007,373161.0,1272711.0,0.579288,1.464123,SRB,400249
11504051,201,6762,2008,11621.0,970251.0,0.615147,1.484149,SRB,400249
11504052,201,6762,2009,22387.0,508100.0,0.531766,1.477837,SRB,400249
11504053,201,6762,2010,15054.0,384553.0,0.561161,1.33974,SRB,400249
11504054,201,6762,2011,14411.0,455929.0,0.49055699999999997,1.5601399999999999,SRB,400249
11504055,201,6762,2012,2712.0,439194.0,0.5927359999999999,1.507069,SRB,400249
11504056,201,6762,2013,17900.0,283005.0,0.5717720000000001,1.174901,SRB,400249
11504057,201,6762,2014,0.0,166922.0,0.551635,1.211535,SRB,400249
11504058,201,6762,2015,33431.0,334213.0,0.457042,1.324908,SRB,400249
11504059,201,6762,2016,15832.0,245894.0,0.501676,1.0447520000000001,SRB,400249
11504060,201,6762,2017,47426.0,276502.0,0.541644,1.19872,SRB,400249
11504061,201,6762,2018,0.0,334321.0,0.607486,1.2139389999999999,SRB,400249
11504062,201,6762,2019,0.0,347104.0,0.543913,1.210102,SRB,400249
11504063,201,6762,2020,0.0,286932.0,0.5868399999999999,1.1187120000000002,SRB,400249
11504064,202,6762,1995,,,,,SSD,400249
11504065,202,6762,1996,,,,,SSD,400249
11504066,202,6762,1997,,,,,SSD,400249
11504067,202,6762,1998,,,,,SSD,400249
11504068,202,6762,1999,,,,,SSD,400249
11504069,202,6762,2000,,,,,SSD,400249
11504070,202,6762,2001,,,,,SSD,400249
11504071,202,6762,2002,,,,,SSD,400249
11504072,202,6762,2003,,,,,SSD,400249
11504073,202,6762,2004,,,,,SSD,400249
11504074,202,6762,2005,,,,,SSD,400249
11504075,202,6762,2006,,,,,SSD,400249
11504076,202,6762,2007,,,,,SSD,400249
11504077,202,6762,2008,,,,,SSD,400249
11504078,202,6762,2009,,,,,SSD,400249
11504079,202,6762,2010,,,,,SSD,400249
11504080,202,6762,2011,,,,,SSD,400249
11504081,202,6762,2012,,,-3.135253,-1.1242379999999998,SSD,400249
11504082,202,6762,2013,,,-2.57,-0.8567969999999999,SSD,400249
11504083,202,6762,2014,,,-2.824279,-0.8767969999999999,SSD,400249
11504084,202,6762,2015,,,-2.704381,-0.969411,SSD,400249
11504085,202,6762,2016,,,-1.841894,-1.024367,SSD,400249
11504086,202,6762,2017,,,-2.23581,-0.962008,SSD,400249
11504087,202,6762,2018,,,-2.431595,-1.0499290000000001,SSD,400249
11504088,202,6762,2019,,,-1.8098990000000001,-1.0067979999999999,SSD,400249
11504089,202,6762,2020,,,-1.948366,-0.9899879999999999,SSD,400249
11504090,203,6762,1995,0.0,9828.0,0.449305,-0.360527,STP,400249
11504091,203,6762,1996,0.0,7335.0,0.728959,-0.374555,STP,400249
11504092,203,6762,1997,,,0.747713,-0.46550699999999995,STP,400249
11504093,203,6762,1998,,,0.7375470000000001,-0.333401,STP,400249
11504094,203,6762,1999,,,1.1602629999999998,-0.232077,STP,400249
11504095,203,6762,2000,,,0.45126099999999997,-0.42898800000000004,STP,400249
11504096,203,6762,2001,,,0.777231,-0.484709,STP,400249
11504097,203,6762,2002,,,0.47539499999999996,-0.297348,STP,400249
11504098,203,6762,2003,,,1.046084,-0.183027,STP,400249
11504099,203,6762,2004,,,0.7482850000000001,-0.14005499999999999,STP,400249
11504100,203,6762,2005,,,0.966426,-0.156933,STP,400249
11504101,203,6762,2006,,,0.805511,-0.19645,STP,400249
11504102,203,6762,2007,,,0.739933,-0.19098199999999999,STP,400249
11504103,203,6762,2008,,,0.264059,-0.639443,STP,400249
11504104,203,6762,2009,,,0.370989,-0.518133,STP,400249
11504105,203,6762,2010,,,0.676596,-0.145275,STP,400249
11504106,203,6762,2011,,,0.583847,-0.193211,STP,400249
11504107,203,6762,2012,,,0.5816819999999999,-0.251404,STP,400249
11504108,203,6762,2013,,,0.8999219999999999,-0.101662,STP,400249
11504109,203,6762,2014,,,1.172431,-0.024141,STP,400249
11504110,203,6762,2015,0.0,1192.0,1.051934,-0.304408,STP,400249
11504111,203,6762,2016,0.0,1879.0,0.27849,-0.670342,STP,400249
11504112,203,6762,2017,,,0.531107,-0.43282200000000004,STP,400249
11504113,203,6762,2018,0.0,1540.0,1.426999,-0.039189999999999996,STP,400249
11504114,203,6762,2019,,,0.8287889999999999,-0.345114,STP,400249
11504115,203,6762,2020,,,0.327507,-0.46483,STP,400249
11504116,204,6762,1995,,,,,SUN,400249
11504117,204,6762,1996,,,,,SUN,400249
11504118,204,6762,1997,,,,,SUN,400249
11504119,204,6762,1998,,,,,SUN,400249
11504120,204,6762,1999,,,,,SUN,400249
11504121,204,6762,2000,,,,,SUN,400249
11504122,204,6762,2001,,,,,SUN,400249
11504123,204,6762,2002,,,,,SUN,400249
11504124,204,6762,2003,,,,,SUN,400249
11504125,204,6762,2004,,,,,SUN,400249
11504126,204,6762,2005,,,,,SUN,400249
11504127,204,6762,2006,,,,,SUN,400249
11504128,204,6762,2007,,,,,SUN,400249
11504129,204,6762,2008,,,,,SUN,400249
11504130,204,6762,2009,,,,,SUN,400249
11504131,204,6762,2010,,,,,SUN,400249
11504132,204,6762,2011,,,,,SUN,400249
11504133,204,6762,2012,,,,,SUN,400249
11504134,204,6762,2013,,,,,SUN,400249
11504135,204,6762,2014,,,,,SUN,400249
11504136,204,6762,2015,,,,,SUN,400249
11504137,204,6762,2016,,,,,SUN,400249
11504138,204,6762,2017,,,,,SUN,400249
11504139,204,6762,2018,,,,,SUN,400249
11504140,204,6762,2019,,,,,SUN,400249
11504141,204,6762,2020,,,,,SUN,400249
11504142,205,6762,1995,,,-0.75729,-0.8253459999999999,SUR,400249
11504143,205,6762,1996,0.0,2782.0,-0.93463,-0.797197,SUR,400249
11504144,205,6762,1997,0.0,1694.0,-0.806946,-0.83919,SUR,400249
11504145,205,6762,1998,0.0,27392.0,-0.9914540000000001,-0.893913,SUR,400249
11504146,205,6762,1999,,,-0.799447,-0.85055,SUR,400249
11504147,205,6762,2000,,,-0.623625,-0.793325,SUR,400249
11504148,205,6762,2001,,,-0.650556,-0.801128,SUR,400249
11504149,205,6762,2002,,,-0.9120030000000001,-0.8871020000000001,SUR,400249
11504150,205,6762,2003,,,-0.896925,-0.88623,SUR,400249
11504151,205,6762,2004,,,-0.991433,-0.926657,SUR,400249
11504152,205,6762,2005,,,-0.571864,-0.851351,SUR,400249
11504153,205,6762,2006,,,-0.754046,-0.872361,SUR,400249
11504154,205,6762,2007,,,-0.8506440000000001,-0.8898959999999999,SUR,400249
11504155,205,6762,2008,,,-0.766178,-0.8888,SUR,400249
11504156,205,6762,2009,,,-0.580507,-1.072833,SUR,400249
11504157,205,6762,2010,,,-0.5734560000000001,-0.936167,SUR,400249
11504158,205,6762,2011,,,-0.504897,-0.835426,SUR,400249
11504159,205,6762,2012,,,-0.45644300000000004,-0.783343,SUR,400249
11504160,205,6762,2013,,,-0.417865,-0.7600399999999999,SUR,400249
11504161,205,6762,2014,,,-0.6333989999999999,-0.857643,SUR,400249
11504162,205,6762,2015,,,-0.570361,-1.005072,SUR,400249
11504163,205,6762,2016,,,-0.7823869999999999,-1.060347,SUR,400249
11504164,205,6762,2017,,,-0.596432,-1.0249700000000002,SUR,400249
11504165,205,6762,2018,,,-0.798074,-1.023046,SUR,400249
11504166,205,6762,2019,,,-0.369004,-1.017133,SUR,400249
11504167,205,6762,2020,,,-0.272244,-0.937541,SUR,400249
11504168,206,6762,1995,15961.0,1034512.0,1.2249780000000001,1.405585,SVK,400249
11504169,206,6762,1996,42995.0,749135.0,1.189398,1.29167,SVK,400249
11504170,206,6762,1997,115794.0,803923.0,1.200699,1.318346,SVK,400249
11504171,206,6762,1998,82887.0,806667.0,1.202453,1.228204,SVK,400249
11504172,206,6762,1999,41306.0,441464.0,1.133942,1.105742,SVK,400249
11504173,206,6762,2000,7625.0,587311.0,1.228151,1.112002,SVK,400249
11504174,206,6762,2001,1154.0,619938.0,1.1732770000000001,1.088576,SVK,400249
11504175,206,6762,2002,0.0,480117.0,1.1907379999999999,1.050649,SVK,400249
11504176,206,6762,2003,37152.0,1118967.0,1.22565,0.915518,SVK,400249
11504177,206,6762,2004,2797.0,1463405.0,1.2375120000000002,0.8777889999999999,SVK,400249
11504178,206,6762,2005,52372.0,1357933.0,1.250608,0.9054639999999999,SVK,400249
11504179,206,6762,2006,269815.0,1804681.0,1.291583,0.868317,SVK,400249
11504180,206,6762,2007,385563.0,3899963.0,1.358301,0.79655,SVK,400249
11504181,206,6762,2008,322659.0,3200224.0,1.3402040000000002,0.8038770000000001,SVK,400249
11504182,206,6762,2009,35907.0,1275007.0,1.231382,0.820968,SVK,400249
11504183,206,6762,2010,51441.0,1424962.0,1.278601,0.726907,SVK,400249
11504184,206,6762,2011,162391.0,3502853.0,1.262897,0.8230569999999999,SVK,400249
11504185,206,6762,2012,140745.0,1643138.0,1.26088,0.7704770000000001,SVK,400249
11504186,206,6762,2013,106202.0,1204185.0,1.32064,0.7519819999999999,SVK,400249
11504187,206,6762,2014,207487.0,812275.0,1.334959,0.821253,SVK,400249
11504188,206,6762,2015,67071.0,473078.0,1.287133,0.7900560000000001,SVK,400249
11504189,206,6762,2016,5559.0,588531.0,1.273942,0.763966,SVK,400249
11504190,206,6762,2017,23811.0,842195.0,1.279606,0.85503,SVK,400249
11504191,206,6762,2018,0.0,753830.0,1.3270979999999999,0.877684,SVK,400249
11504192,206,6762,2019,4566.0,709994.0,1.39311,0.743107,SVK,400249
11504193,206,6762,2020,125511.0,772923.0,1.338026,0.825268,SVK,400249
11504194,207,6762,1995,0.0,874074.0,1.424606,1.490521,SVN,400249
11504195,207,6762,1996,737178.0,754281.0,1.409184,1.37245,SVN,400249
11504196,207,6762,1997,186150.0,970337.0,1.435765,1.348897,SVN,400249
11504197,207,6762,1998,78154.0,611336.0,1.442955,1.27214,SVN,400249
11504198,207,6762,1999,0.0,499022.0,1.447589,1.284414,SVN,400249
11504199,207,6762,2000,10729.0,645175.0,1.493533,1.142239,SVN,400249
11504200,207,6762,2001,25628.0,732375.0,1.5074370000000001,1.1370040000000001,SVN,400249
11504201,207,6762,2002,46249.0,769385.0,1.5643770000000001,1.043862,SVN,400249
11504202,207,6762,2003,41594.0,1205443.0,1.6459840000000001,1.014191,SVN,400249
11504203,207,6762,2004,23976.0,1254502.0,1.628643,1.02381,SVN,400249
11504204,207,6762,2005,24876.0,1343810.0,1.583591,0.9321229999999999,SVN,400249
11504205,207,6762,2006,61189.0,2138713.0,1.5882370000000001,0.800719,SVN,400249
11504206,207,6762,2007,37653.0,1690220.0,1.605767,0.692926,SVN,400249
11504207,207,6762,2008,24670.0,1093013.0,1.5099209999999998,0.683663,SVN,400249
11504208,207,6762,2009,24711.0,1118570.0,1.548036,0.730396,SVN,400249
11504209,207,6762,2010,28226.0,1087713.0,1.595473,0.7023020000000001,SVN,400249
11504210,207,6762,2011,207489.0,2219520.0,1.642913,0.700222,SVN,400249
11504211,207,6762,2012,81794.0,2120459.0,1.548381,0.699002,SVN,400249
11504212,207,6762,2013,9155.0,2084170.0,1.698374,0.563082,SVN,400249
11504213,207,6762,2014,8902.0,953572.0,1.6558669999999998,0.6814399999999999,SVN,400249
11504214,207,6762,2015,139402.0,1775990.0,1.6089879999999999,0.833616,SVN,400249
11504215,207,6762,2016,589421.0,1791272.0,1.6466720000000001,0.8247680000000001,SVN,400249
11504216,207,6762,2017,325846.0,554648.0,1.600319,0.854305,SVN,400249
11504217,207,6762,2018,154207.0,182344.0,1.67428,0.7703800000000001,SVN,400249
11504218,207,6762,2019,139109.0,936230.0,1.63711,0.803198,SVN,400249
11504219,207,6762,2020,30068.0,619531.0,1.570699,0.8442459999999999,SVN,400249
11504220,208,6762,1995,139192.0,2091569.0,2.246997,1.060171,SWE,400249
11504221,208,6762,1996,233660.0,1752510.0,2.133781,0.9099889999999999,SWE,400249
11504222,208,6762,1997,277943.0,1636781.0,2.120182,0.993078,SWE,400249
11504223,208,6762,1998,290468.0,1698387.0,2.134076,0.9259729999999999,SWE,400249
11504224,208,6762,1999,227000.0,1402050.0,2.1456720000000002,0.856556,SWE,400249
11504225,208,6762,2000,165438.0,1022537.0,2.168823,0.839417,SWE,400249
11504226,208,6762,2001,191811.0,891182.0,2.156845,0.784439,SWE,400249
11504227,208,6762,2002,195596.0,861997.0,2.128614,0.7891199999999999,SWE,400249
11504228,208,6762,2003,283873.0,1055450.0,2.099224,0.799982,SWE,400249
11504229,208,6762,2004,449238.0,1361746.0,2.0522080000000003,0.8326969999999999,SWE,400249
11504230,208,6762,2005,620479.0,1190280.0,1.902796,0.84031,SWE,400249
11504231,208,6762,2006,710489.0,2425735.0,1.902737,0.593294,SWE,400249
11504232,208,6762,2007,639433.0,3083295.0,1.927244,0.498241,SWE,400249
11504233,208,6762,2008,550850.0,2152356.0,1.866575,0.44342700000000007,SWE,400249
11504234,208,6762,2009,483521.0,580171.0,1.877821,0.336565,SWE,400249
11504235,208,6762,2010,362000.0,725299.0,1.882239,0.397927,SWE,400249
11504236,208,6762,2011,406591.0,1139045.0,1.857146,0.366159,SWE,400249
11504237,208,6762,2012,544603.0,1512884.0,1.78062,0.269041,SWE,400249
11504238,208,6762,2013,304210.0,665750.0,1.869421,0.228109,SWE,400249
11504239,208,6762,2014,381737.0,996242.0,1.817752,0.558474,SWE,400249
11504240,208,6762,2015,315350.0,597513.0,1.8068349999999997,0.693389,SWE,400249
11504241,208,6762,2016,174520.0,193609.0,1.785149,0.767444,SWE,400249
11504242,208,6762,2017,230074.0,139445.0,1.764732,0.732646,SWE,400249
11504243,208,6762,2018,368111.0,384894.0,1.76361,0.766904,SWE,400249
11504244,208,6762,2019,355797.0,524668.0,1.781148,0.742037,SWE,400249
11504245,208,6762,2020,381820.0,412823.0,1.6911310000000002,0.791586,SWE,400249
11504246,209,6762,1995,,,,,SWZ,400249
11504247,209,6762,1996,,,,,SWZ,400249
11504248,209,6762,1997,,,,,SWZ,400249
11504249,209,6762,1998,,,,,SWZ,400249
11504250,209,6762,1999,,,,,SWZ,400249
11504251,209,6762,2000,,,0.48578000000000005,-0.200928,SWZ,400249
11504252,209,6762,2001,,,0.372699,-0.287132,SWZ,400249
11504253,209,6762,2002,,,0.49801599999999996,-0.139709,SWZ,400249
11504254,209,6762,2003,,,0.399541,-0.23342600000000002,SWZ,400249
11504255,209,6762,2004,,,0.397488,-0.264855,SWZ,400249
11504256,209,6762,2005,0.0,2131.0,0.632886,-0.045288,SWZ,400249
11504257,209,6762,2006,,,0.750674,0.221306,SWZ,400249
11504258,209,6762,2007,0.0,5948.0,0.9562299999999999,0.053538,SWZ,400249
11504259,209,6762,2008,,,0.761506,0.29043,SWZ,400249
11504260,209,6762,2009,,,0.6420859999999999,0.060127999999999994,SWZ,400249
11504261,209,6762,2010,,,0.186142,-0.34577800000000003,SWZ,400249
11504262,209,6762,2011,,,0.169986,-0.078842,SWZ,400249
11504263,209,6762,2012,,,0.199997,-0.383511,SWZ,400249
11504264,209,6762,2013,,,0.109267,-0.275005,SWZ,400249
11504265,209,6762,2014,,,0.22972199999999998,-0.365564,SWZ,400249
11504266,209,6762,2015,,,0.257467,-0.402491,SWZ,400249
11504267,209,6762,2016,,,0.2785,-0.43804799999999994,SWZ,400249
11504268,209,6762,2017,,,0.126066,-0.551203,SWZ,400249
11504269,209,6762,2018,,,-0.008154999999999999,-0.6079319999999999,SWZ,400249
11504270,209,6762,2019,,,0.087181,-0.760434,SWZ,400249
11504271,209,6762,2020,,,0.289013,-0.556212,SWZ,400249
11504272,210,6762,1995,,,,,SXM,400249
11504273,210,6762,1996,,,,,SXM,400249
11504274,210,6762,1997,,,,,SXM,400249
11504275,210,6762,1998,,,,,SXM,400249
11504276,210,6762,1999,,,,,SXM,400249
11504277,210,6762,2000,,,,,SXM,400249
11504278,210,6762,2001,,,,,SXM,400249
11504279,210,6762,2002,,,,,SXM,400249
11504280,210,6762,2003,,,,,SXM,400249
11504281,210,6762,2004,,,,,SXM,400249
11504282,210,6762,2005,,,,,SXM,400249
11504283,210,6762,2006,,,,,SXM,400249
11504284,210,6762,2007,,,,,SXM,400249
11504285,210,6762,2008,,,,,SXM,400249
11504286,210,6762,2009,,,,,SXM,400249
11504287,210,6762,2010,,,,,SXM,400249
11504288,210,6762,2011,,,0.5770390000000001,-0.581371,SXM,400249
11504289,210,6762,2012,,,0.659824,-0.7646430000000001,SXM,400249
11504290,210,6762,2013,,,0.5512090000000001,-0.22818400000000003,SXM,400249
11504291,210,6762,2014,,,0.6489020000000001,-0.646605,SXM,400249
11504292,210,6762,2015,,,0.945973,-0.7548229999999999,SXM,400249
11504293,210,6762,2016,,,1.005781,-0.871658,SXM,400249
11504294,210,6762,2017,,,0.892698,-0.795854,SXM,400249
11504295,210,6762,2018,,,1.115443,-0.661118,SXM,400249
11504296,210,6762,2019,,,0.8903719999999999,0.116156,SXM,400249
11504297,210,6762,2020,,,1.04788,-0.671874,SXM,400249
11504298,211,6762,1995,0.0,4238.0,-0.103343,-0.57371,SYC,400249
11504299,211,6762,1996,121113.0,15766.0,0.239125,-0.458433,SYC,400249
11504300,211,6762,1997,0.0,7331.0,-0.19443,-0.768889,SYC,400249
11504301,211,6762,1998,0.0,2314.0,0.265625,-0.590012,SYC,400249
11504302,211,6762,1999,,,0.11940999999999999,-0.7071270000000001,SYC,400249
11504303,211,6762,2000,,,-0.310244,-0.8293209999999999,SYC,400249
11504304,211,6762,2001,,,0.065059,-0.7806489999999999,SYC,400249
11504305,211,6762,2002,,,-0.977247,-0.927527,SYC,400249
11504306,211,6762,2003,,,-0.44341099999999994,-0.742566,SYC,400249
11504307,211,6762,2004,,,-0.12954100000000002,-0.713507,SYC,400249
11504308,211,6762,2005,,,0.153199,-0.662357,SYC,400249
11504309,211,6762,2006,0.0,1891.0,-0.344619,-0.796139,SYC,400249
11504310,211,6762,2007,0.0,2489.0,-0.644497,-0.8748520000000001,SYC,400249
11504311,211,6762,2008,,,0.29189699999999996,-0.47472600000000004,SYC,400249
11504312,211,6762,2009,,,-0.16046400000000002,-0.81512,SYC,400249
11504313,211,6762,2010,,,-0.075668,-0.549686,SYC,400249
11504314,211,6762,2011,,,0.287017,-0.5136850000000001,SYC,400249
11504315,211,6762,2012,,,0.034894999999999995,-0.497121,SYC,400249
11504316,211,6762,2013,,,0.270999,-0.474095,SYC,400249
11504317,211,6762,2014,,,0.358111,-0.484879,SYC,400249
11504318,211,6762,2015,,,1.017467,-0.285569,SYC,400249
11504319,211,6762,2016,,,0.441241,-0.580767,SYC,400249
11504320,211,6762,2017,,,0.41946000000000006,-0.523274,SYC,400249
11504321,211,6762,2018,,,0.187352,-0.693013,SYC,400249
11504322,211,6762,2019,,,0.024113,-0.711363,SYC,400249
11504323,211,6762,2020,,,0.185747,-0.695441,SYC,400249
11504324,212,6762,1995,0.0,45836.0,-0.8829469999999999,-0.809407,SYR,400249
11504325,212,6762,1996,0.0,26453.0,-1.100666,-0.90038,SYR,400249
11504326,212,6762,1997,0.0,81034.0,-1.046433,-0.9678620000000001,SYR,400249
11504327,212,6762,1998,0.0,114247.0,-0.807312,-0.626358,SYR,400249
11504328,212,6762,1999,0.0,39754.0,-0.996784,-0.6344069999999999,SYR,400249
11504329,212,6762,2000,,,-1.1566969999999999,-0.783626,SYR,400249
11504330,212,6762,2001,0.0,63670.0,-1.057217,-0.716331,SYR,400249
11504331,212,6762,2002,0.0,10344.0,-1.067974,-0.513309,SYR,400249
11504332,212,6762,2003,0.0,512684.0,-0.868749,-0.326322,SYR,400249
11504333,212,6762,2004,0.0,2444672.0,-0.568707,-0.034736,SYR,400249
11504334,212,6762,2005,0.0,407625.0,-0.677037,0.107451,SYR,400249
11504335,212,6762,2006,0.0,1141491.0,-0.588695,0.532487,SYR,400249
11504336,212,6762,2007,0.0,1358748.0,-0.46851899999999996,0.553396,SYR,400249
11504337,212,6762,2008,0.0,1482562.0,-0.365789,0.877383,SYR,400249
11504338,212,6762,2009,0.0,1974265.0,-0.48481199999999997,1.464509,SYR,400249
11504339,212,6762,2010,0.0,1207532.0,-0.46833800000000003,1.11952,SYR,400249
11504340,212,6762,2011,0.0,1505155.0,-0.604133,0.5268970000000001,SYR,400249
11504341,212,6762,2012,0.0,1075137.0,-0.11197,1.916262,SYR,400249
11504342,212,6762,2013,0.0,190338.0,-0.14343399999999998,1.077256,SYR,400249
11504343,212,6762,2014,0.0,196008.0,-0.366224,0.9054719999999999,SYR,400249
11504344,212,6762,2015,0.0,125377.0,-0.603532,0.313216,SYR,400249
11504345,212,6762,2016,0.0,100892.0,-0.746222,0.179918,SYR,400249
11504346,212,6762,2017,0.0,121526.0,-0.660905,0.345462,SYR,400249
11504347,212,6762,2018,0.0,241408.0,-0.6836760000000001,0.554563,SYR,400249
11504348,212,6762,2019,0.0,211642.0,-0.67825,0.385416,SYR,400249
11504349,212,6762,2020,0.0,117815.0,-0.579237,0.391392,SYR,400249
11504350,213,6762,1995,,,-0.23597100000000001,-0.665011,TCA,400249
11504351,213,6762,1996,,,-0.371632,-0.7145560000000001,TCA,400249
11504352,213,6762,1997,,,0.133095,-0.558163,TCA,400249
11504353,213,6762,1998,,,0.814749,-0.119999,TCA,400249
11504354,213,6762,1999,,,0.562234,-0.121843,TCA,400249
11504355,213,6762,2000,,,0.8450059999999999,-0.064875,TCA,400249
11504356,213,6762,2001,,,0.433253,-0.23213000000000003,TCA,400249
11504357,213,6762,2002,,,0.823909,0.075611,TCA,400249
11504358,213,6762,2003,,,0.306975,-0.288514,TCA,400249
11504359,213,6762,2004,,,0.51858,-0.030114,TCA,400249
11504360,213,6762,2005,,,0.11690199999999999,-0.47542399999999996,TCA,400249
11504361,213,6762,2006,,,0.43692700000000007,-0.135696,TCA,400249
11504362,213,6762,2007,,,0.847607,-0.055827999999999996,TCA,400249
11504363,213,6762,2008,,,0.952044,0.23326100000000002,TCA,400249
11504364,213,6762,2009,,,0.660828,-0.24060700000000002,TCA,400249
11504365,213,6762,2010,,,0.86575,0.044395,TCA,400249
11504366,213,6762,2011,0.0,4813.0,0.610742,0.11455599999999999,TCA,400249
11504367,213,6762,2012,,,0.0036270000000000004,-0.6585,TCA,400249
11504368,213,6762,2013,,,0.41053199999999995,-0.007201999999999999,TCA,400249
11504369,213,6762,2014,,,0.474182,-0.198892,TCA,400249
11504370,213,6762,2015,,,0.27341,-0.5579649999999999,TCA,400249
11504371,213,6762,2016,,,0.603232,-0.32155900000000004,TCA,400249
11504372,213,6762,2017,,,0.897017,0.219298,TCA,400249
11504373,213,6762,2018,,,0.915309,-0.1886,TCA,400249
11504374,213,6762,2019,,,0.729377,-0.28097300000000003,TCA,400249
11504375,213,6762,2020,,,0.820773,-0.246383,TCA,400249
11504376,214,6762,1995,,,-0.6866180000000001,-0.752698,TCD,400249
11504377,214,6762,1996,,,-0.8289059999999999,-0.688122,TCD,400249
11504378,214,6762,1997,,,-0.297833,-0.76769,TCD,400249
11504379,214,6762,1998,,,-1.779351,-0.915178,TCD,400249
11504380,214,6762,1999,,,-0.449592,-0.828462,TCD,400249
11504381,214,6762,2000,,,-0.708272,-0.872301,TCD,400249
11504382,214,6762,2001,,,-0.655004,-0.872215,TCD,400249
11504383,214,6762,2002,,,0.160853,-0.672233,TCD,400249
11504384,214,6762,2003,,,-0.263238,-0.6801189999999999,TCD,400249
11504385,214,6762,2004,,,-0.8921290000000001,-0.881603,TCD,400249
11504386,214,6762,2005,,,-1.927016,-0.876934,TCD,400249
11504387,214,6762,2006,,,-3.0579419999999997,-0.8926649999999999,TCD,400249
11504388,214,6762,2007,,,-2.544742,-0.928218,TCD,400249
11504389,214,6762,2008,,,-2.837417,-0.927269,TCD,400249
11504390,214,6762,2009,,,-1.294648,-0.9645020000000001,TCD,400249
11504391,214,6762,2010,,,0.035565,-0.759857,TCD,400249
11504392,214,6762,2011,,,-2.368546,-0.814948,TCD,400249
11504393,214,6762,2012,,,-2.067077,-0.987223,TCD,400249
11504394,214,6762,2013,,,-2.800677,-0.9466969999999999,TCD,400249
11504395,214,6762,2014,,,-2.012048,-0.921558,TCD,400249
11504396,214,6762,2015,,,-1.543675,-0.9703860000000001,TCD,400249
11504397,214,6762,2016,,,-2.7867189999999997,-1.035452,TCD,400249
11504398,214,6762,2017,,,-2.263503,-1.00147,TCD,400249
11504399,214,6762,2018,,,-1.845707,-1.032018,TCD,400249
11504400,214,6762,2019,,,-2.636669,-1.033665,TCD,400249
11504401,214,6762,2020,,,-2.862755,-1.0123090000000001,TCD,400249
11504402,215,6762,1995,,,-0.962727,-0.873151,TGO,400249
11504403,215,6762,1996,0.0,11608.0,-0.9070459999999999,-0.7702399999999999,TGO,400249
11504404,215,6762,1997,,,-0.974678,-0.8150350000000001,TGO,400249
11504405,215,6762,1998,,,-0.8338540000000001,-0.8437020000000001,TGO,400249
11504406,215,6762,1999,,,-0.583782,-0.6632279999999999,TGO,400249
11504407,215,6762,2000,,,-0.799952,-0.63056,TGO,400249
11504408,215,6762,2001,,,-0.758725,-0.577004,TGO,400249
11504409,215,6762,2002,,,-0.6810039999999999,-0.6286930000000001,TGO,400249
11504410,215,6762,2003,,,-0.5058590000000001,-0.520586,TGO,400249
11504411,215,6762,2004,,,-0.6788270000000001,-0.482984,TGO,400249
11504412,215,6762,2005,,,-0.745209,-0.455725,TGO,400249
11504413,215,6762,2006,,,-0.8304020000000001,-0.678178,TGO,400249
11504414,215,6762,2007,,,-0.78689,-0.806879,TGO,400249
11504415,215,6762,2008,,,-0.5025689999999999,-0.747621,TGO,400249
11504416,215,6762,2009,,,-0.561619,-0.759929,TGO,400249
11504417,215,6762,2010,,,-0.943559,-0.884336,TGO,400249
11504418,215,6762,2011,,,-0.9156030000000001,-0.884099,TGO,400249
11504419,215,6762,2012,,,-0.50449,-0.604672,TGO,400249
11504420,215,6762,2013,,,-0.598413,-0.49295200000000006,TGO,400249
11504421,215,6762,2014,,,-0.524103,-0.537643,TGO,400249
11504422,215,6762,2015,,,-0.66925,-0.873554,TGO,400249
11504423,215,6762,2016,,,-0.751382,-0.7411310000000001,TGO,400249
11504424,215,6762,2017,,,-0.8957450000000001,-0.891191,TGO,400249
11504425,215,6762,2018,0.0,3744.0,-0.685084,-0.773437,TGO,400249
11504426,215,6762,2019,0.0,4255.0,-0.823204,-0.819535,TGO,400249
11504427,215,6762,2020,,,-0.719535,-0.746202,TGO,400249
11504428,216,6762,1995,197012.0,15529559.0,0.174522,1.608058,THA,400249
11504429,216,6762,1996,221696.0,15472879.0,0.10120599999999999,1.351967,THA,400249
11504430,216,6762,1997,322599.0,12176010.0,0.084875,1.41931,THA,400249
11504431,216,6762,1998,243318.0,8327862.0,0.128633,1.484142,THA,400249
11504432,216,6762,1999,313536.0,10743529.0,0.20451,1.513533,THA,400249
11504433,216,6762,2000,485596.0,14824490.0,0.301195,1.577338,THA,400249
11504434,216,6762,2001,648281.0,14981772.0,0.37555900000000003,1.498267,THA,400249
11504435,216,6762,2002,444615.0,15982453.0,0.432041,1.627953,THA,400249
11504436,216,6762,2003,423327.0,15707803.0,0.43010699999999996,1.607408,THA,400249
11504437,216,6762,2004,1028260.0,19500375.0,0.5150359999999999,1.583019,THA,400249
11504438,216,6762,2005,342452.0,19398283.0,0.552846,1.664665,THA,400249
11504439,216,6762,2006,802295.0,25901272.0,0.568209,1.685343,THA,400249
11504440,216,6762,2007,639462.0,31526208.0,0.711328,1.411114,THA,400249
11504441,216,6762,2008,760185.0,35938970.0,0.7531399999999999,1.4420620000000002,THA,400249
11504442,216,6762,2009,603395.0,21022432.0,0.79692,1.315501,THA,400249
11504443,216,6762,2010,321098.0,35429318.0,0.748328,1.425224,THA,400249
11504444,216,6762,2011,2441189.0,40382337.0,0.889009,1.503118,THA,400249
11504445,216,6762,2012,1232081.0,51263309.0,0.910957,1.294243,THA,400249
11504446,216,6762,2013,662523.0,47261581.0,0.8752139999999999,1.3798620000000001,THA,400249
11504447,216,6762,2014,1297725.0,45593498.0,0.977094,1.41283,THA,400249
11504448,216,6762,2015,1790714.0,34317458.0,0.965888,1.368572,THA,400249
11504449,216,6762,2016,2360009.0,38024949.0,1.022065,1.428082,THA,400249
11504450,216,6762,2017,1909240.0,42261976.0,0.983977,1.3926020000000001,THA,400249
11504451,216,6762,2018,2713714.0,45638581.0,1.053177,1.4084969999999999,THA,400249
11504452,216,6762,2019,1962573.0,44578924.0,0.9744229999999999,1.401199,THA,400249
11504453,216,6762,2020,2091712.0,35808986.0,1.035524,1.2777180000000001,THA,400249
11504454,217,6762,1995,,,0.0068189999999999995,-0.7594350000000001,TJK,400249
11504455,217,6762,1996,,,-0.035623,-0.723275,TJK,400249
11504456,217,6762,1997,,,-0.350646,-0.835419,TJK,400249
11504457,217,6762,1998,,,-0.577873,-0.9368139999999999,TJK,400249
11504458,217,6762,1999,52768.0,0.0,-0.752378,-1.0268389999999998,TJK,400249
11504459,217,6762,2000,,,-0.7225600000000001,-1.036219,TJK,400249
11504460,217,6762,2001,,,-0.833482,-1.062054,TJK,400249
11504461,217,6762,2002,,,-0.798754,-1.025902,TJK,400249
11504462,217,6762,2003,,,-0.6187520000000001,-1.0438969999999999,TJK,400249
11504463,217,6762,2004,,,-0.608564,-1.021599,TJK,400249
11504464,217,6762,2005,,,-0.725111,-1.049776,TJK,400249
11504465,217,6762,2006,,,-1.071326,-1.158325,TJK,400249
11504466,217,6762,2007,,,-1.0092379999999999,-1.185964,TJK,400249
11504467,217,6762,2008,,,-0.8988010000000001,-1.126157,TJK,400249
11504468,217,6762,2009,0.0,4975.0,-1.0237319999999999,-1.1837950000000002,TJK,400249
11504469,217,6762,2010,,,-1.054317,-1.074198,TJK,400249
11504470,217,6762,2011,0.0,2482.0,-0.975877,-1.021684,TJK,400249
11504471,217,6762,2012,,,-1.384684,-1.208425,TJK,400249
11504472,217,6762,2013,0.0,5667.0,-1.2512889999999999,-1.16402,TJK,400249
11504473,217,6762,2014,,,-0.706823,-0.993756,TJK,400249
11504474,217,6762,2015,,,-1.134216,-1.174245,TJK,400249
11504475,217,6762,2016,,,-1.0791549999999999,-1.137941,TJK,400249
11504476,217,6762,2017,,,-0.938366,-1.092714,TJK,400249
11504477,217,6762,2018,,,-0.757793,-1.0641209999999999,TJK,400249
11504478,217,6762,2019,,,-0.7940020000000001,-1.075605,TJK,400249
11504479,217,6762,2020,,,-0.73744,-1.0706950000000002,TJK,400249
11504480,218,6762,1995,,,0.677934,-0.432701,TKL,400249
11504481,218,6762,1996,,,0.53157,-0.311626,TKL,400249
11504482,218,6762,1997,,,0.122727,-0.486867,TKL,400249
11504483,218,6762,1998,,,0.220552,-0.43853100000000006,TKL,400249
11504484,218,6762,1999,,,0.478628,-0.231485,TKL,400249
11504485,218,6762,2000,,,0.48116400000000004,0.160799,TKL,400249
11504486,218,6762,2001,,,0.135739,-0.144681,TKL,400249
11504487,218,6762,2002,,,0.077717,0.048618,TKL,400249
11504488,218,6762,2003,,,0.244606,-0.038999,TKL,400249
11504489,218,6762,2004,,,0.31906999999999996,0.17012,TKL,400249
11504490,218,6762,2005,,,0.24793099999999998,-0.09982200000000001,TKL,400249
11504491,218,6762,2006,,,0.335918,0.299589,TKL,400249
11504492,218,6762,2007,,,0.47656499999999996,0.073652,TKL,400249
11504493,218,6762,2008,,,0.856023,0.41632600000000003,TKL,400249
11504494,218,6762,2009,,,0.5357,0.021527,TKL,400249
11504495,218,6762,2010,,,0.389761,0.18912,TKL,400249
11504496,218,6762,2011,,,0.319389,0.087049,TKL,400249
11504497,218,6762,2012,,,0.563088,0.35384099999999996,TKL,400249
11504498,218,6762,2013,,,0.39178,0.035406,TKL,400249
11504499,218,6762,2014,,,0.5539350000000001,0.12801300000000002,TKL,400249
11504500,218,6762,2015,,,0.48658500000000005,0.131537,TKL,400249
11504501,218,6762,2016,,,0.243821,0.018425,TKL,400249
11504502,218,6762,2017,,,0.302394,-0.35394499999999995,TKL,400249
11504503,218,6762,2018,,,0.404658,-0.10286300000000001,TKL,400249
11504504,218,6762,2019,,,0.49747600000000003,0.238225,TKL,400249
11504505,218,6762,2020,,,0.7393069999999999,-0.190609,TKL,400249
11504506,219,6762,1995,,,-0.882984,-1.088854,TKM,400249
11504507,219,6762,1996,,,-0.756087,-1.160548,TKM,400249
11504508,219,6762,1997,,,-0.554162,-1.042607,TKM,400249
11504509,219,6762,1998,,,-0.379934,-0.878598,TKM,400249
11504510,219,6762,1999,,,-0.8982180000000001,-1.132358,TKM,400249
11504511,219,6762,2000,,,-0.99165,-1.167094,TKM,400249
11504512,219,6762,2001,,,-1.24627,-1.2760209999999998,TKM,400249
11504513,219,6762,2002,,,-1.035248,-1.191624,TKM,400249
11504514,219,6762,2003,,,-1.223295,-1.250217,TKM,400249
11504515,219,6762,2004,,,-0.9705790000000001,-1.212523,TKM,400249
11504516,219,6762,2005,,,-1.146736,-1.2376129999999999,TKM,400249
11504517,219,6762,2006,,,-1.155861,-1.200933,TKM,400249
11504518,219,6762,2007,,,-1.16715,-1.213064,TKM,400249
11504519,219,6762,2008,,,-1.094592,-1.166598,TKM,400249
11504520,219,6762,2009,,,-1.060378,-1.17279,TKM,400249
11504521,219,6762,2010,,,-1.161458,-1.191589,TKM,400249
11504522,219,6762,2011,,,-1.549495,-1.202504,TKM,400249
11504523,219,6762,2012,0.0,11202.0,-1.668555,-1.24627,TKM,400249
11504524,219,6762,2013,,,-1.6186770000000001,-1.2210969999999999,TKM,400249
11504525,219,6762,2014,,,-1.217897,-1.184131,TKM,400249
11504526,219,6762,2015,,,-1.546516,-1.315803,TKM,400249
11504527,219,6762,2016,,,-1.27494,-1.259639,TKM,400249
11504528,219,6762,2017,,,-1.564885,-1.274637,TKM,400249
11504529,219,6762,2018,,,-1.0081209999999998,-1.190796,TKM,400249
11504530,219,6762,2019,,,-0.9725950000000001,-1.16562,TKM,400249
11504531,219,6762,2020,,,-0.949525,-1.147622,TKM,400249
11504532,220,6762,1995,,,1.983051,-0.202022,TLS,400249
11504533,220,6762,1996,,,1.624542,-0.293975,TLS,400249
11504534,220,6762,1997,,,2.029322,-0.43179700000000004,TLS,400249
11504535,220,6762,1998,,,1.6060370000000002,-0.42371499999999995,TLS,400249
11504536,220,6762,1999,,,1.843263,-0.795044,TLS,400249
11504537,220,6762,2000,,,-0.5836,-0.888892,TLS,400249
11504538,220,6762,2001,,,1.473822,-0.204046,TLS,400249
11504539,220,6762,2002,,,0.363225,-0.536718,TLS,400249
11504540,220,6762,2003,,,1.21882,-0.118529,TLS,400249
11504541,220,6762,2004,,,0.935424,-0.080261,TLS,400249
11504542,220,6762,2005,,,0.020875,-0.6831010000000001,TLS,400249
11504543,220,6762,2006,,,-0.13665,-0.72122,TLS,400249
11504544,220,6762,2007,,,0.003334,-0.667956,TLS,400249
11504545,220,6762,2008,,,0.75476,-0.594643,TLS,400249
11504546,220,6762,2009,,,0.317308,-0.8093199999999999,TLS,400249
11504547,220,6762,2010,,,0.6633789999999999,-0.606204,TLS,400249
11504548,220,6762,2011,,,-0.047803,-0.643655,TLS,400249
11504549,220,6762,2012,,,-0.36338200000000004,-0.876495,TLS,400249
11504550,220,6762,2013,,,-0.376633,-0.73677,TLS,400249
11504551,220,6762,2014,,,-1.365212,-0.896716,TLS,400249
11504552,220,6762,2015,,,-0.878657,-0.9064450000000001,TLS,400249
11504553,220,6762,2016,,,-0.737023,-0.908582,TLS,400249
11504554,220,6762,2017,,,-0.45426700000000003,-0.769744,TLS,400249
11504555,220,6762,2018,,,-0.595688,-0.8907370000000001,TLS,400249
11504556,220,6762,2019,,,-1.173671,-1.002383,TLS,400249
11504557,220,6762,2020,,,-0.662555,-0.8795129999999999,TLS,400249
11504558,221,6762,1995,,,-0.9463799999999999,-0.845484,TON,400249
11504559,221,6762,1996,,,-1.352969,-0.945109,TON,400249
11504560,221,6762,1997,,,-1.481831,-1.0187700000000002,TON,400249
11504561,221,6762,1998,,,-1.409429,-1.0138479999999999,TON,400249
11504562,221,6762,1999,,,-1.001524,-0.897582,TON,400249
11504563,221,6762,2000,,,-1.227366,-0.948996,TON,400249
11504564,221,6762,2001,,,-0.8627950000000001,-0.817174,TON,400249
11504565,221,6762,2002,,,-1.6186639999999999,-1.011606,TON,400249
11504566,221,6762,2003,,,-0.8467379999999999,-0.815816,TON,400249
11504567,221,6762,2004,,,-0.639641,-0.798275,TON,400249
11504568,221,6762,2005,,,-0.736809,-0.7505729999999999,TON,400249
11504569,221,6762,2006,,,-0.45091499999999995,-0.670044,TON,400249
11504570,221,6762,2007,,,-0.482545,-0.816512,TON,400249
11504571,221,6762,2008,,,-0.174192,-0.559636,TON,400249
11504572,221,6762,2009,,,-0.439709,-0.7270939999999999,TON,400249
11504573,221,6762,2010,,,-0.650658,-0.774469,TON,400249
11504574,221,6762,2011,,,-0.14256,-0.589116,TON,400249
11504575,221,6762,2012,,,0.114173,-0.307309,TON,400249
11504576,221,6762,2013,,,0.183053,-0.345657,TON,400249
11504577,221,6762,2014,,,-0.11129100000000001,-0.523176,TON,400249
11504578,221,6762,2015,,,-0.212905,-0.670721,TON,400249
11504579,221,6762,2016,,,-0.29545,-0.766385,TON,400249
11504580,221,6762,2017,,,-0.504652,-0.820577,TON,400249
11504581,221,6762,2018,,,0.087991,-0.5723060000000001,TON,400249
11504582,221,6762,2019,,,-0.057787,-0.671035,TON,400249
11504583,221,6762,2020,,,-0.79433,-0.8264100000000001,TON,400249
11504584,222,6762,1995,,,0.254658,-0.496058,TTO,400249
11504585,222,6762,1996,0.0,29290.0,0.19111,-0.488382,TTO,400249
11504586,222,6762,1997,0.0,4250.0,0.28791,-0.38322399999999995,TTO,400249
11504587,222,6762,1998,,,0.273917,-0.453996,TTO,400249
11504588,222,6762,1999,,,0.258046,-0.562956,TTO,400249
11504589,222,6762,2000,0.0,31208.0,-0.035037,-0.862433,TTO,400249
11504590,222,6762,2001,0.0,673.0,0.178256,-0.709126,TTO,400249
11504591,222,6762,2002,0.0,13579.0,0.074907,-0.8203879999999999,TTO,400249
11504592,222,6762,2003,0.0,35754.0,-0.16738,-0.9820969999999999,TTO,400249
11504593,222,6762,2004,0.0,10937.0,0.00677,-0.965385,TTO,400249
11504594,222,6762,2005,0.0,15894.0,0.13125699999999998,-0.9324479999999999,TTO,400249
11504595,222,6762,2006,0.0,51982.0,-0.20651399999999998,-1.024907,TTO,400249
11504596,222,6762,2007,0.0,52894.0,-0.371347,-1.0536709999999998,TTO,400249
11504597,222,6762,2008,0.0,89579.0,-0.44752600000000003,-1.060906,TTO,400249
11504598,222,6762,2009,0.0,9707.0,-0.508195,-1.097365,TTO,400249
11504599,222,6762,2010,6637.0,18078.0,-0.338123,-1.070239,TTO,400249
11504600,222,6762,2011,1020.0,111973.0,-0.44228,-1.031793,TTO,400249
11504601,222,6762,2012,0.0,326702.0,-0.420754,-1.0575299999999999,TTO,400249
11504602,222,6762,2013,0.0,2473.0,-0.280641,-1.083332,TTO,400249
11504603,222,6762,2014,0.0,1873.0,-0.57362,-1.117545,TTO,400249
11504604,222,6762,2015,0.0,59148.0,-0.462837,-1.117621,TTO,400249
11504605,222,6762,2016,,,-0.191969,-1.028843,TTO,400249
11504606,222,6762,2017,0.0,27041.0,-0.183935,-1.012153,TTO,400249
11504607,222,6762,2018,0.0,40985.0,-0.281617,-1.009652,TTO,400249
11504608,222,6762,2019,0.0,38068.0,0.1861,-0.874604,TTO,400249
11504609,222,6762,2020,0.0,26067.0,0.156566,-0.653656,TTO,400249
11504610,223,6762,1995,0.0,359516.0,-0.253792,-0.044331,TUN,400249
11504611,223,6762,1996,0.0,472629.0,-0.28546,-0.089051,TUN,400249
11504612,223,6762,1997,0.0,332699.0,-0.24073899999999998,-0.146818,TUN,400249
11504613,223,6762,1998,0.0,543694.0,-0.21677,-0.08694299999999999,TUN,400249
11504614,223,6762,1999,0.0,488396.0,-0.317866,-0.102551,TUN,400249
11504615,223,6762,2000,0.0,451079.0,-0.188616,0.044912,TUN,400249
11504616,223,6762,2001,0.0,596023.0,-0.162152,0.23939699999999997,TUN,400249
11504617,223,6762,2002,20356.0,678976.0,-0.221951,0.325506,TUN,400249
11504618,223,6762,2003,28603.0,577912.0,-0.14845999999999998,0.255092,TUN,400249
11504619,223,6762,2004,71466.0,573378.0,-0.195751,0.335147,TUN,400249
11504620,223,6762,2005,49840.0,719161.0,-0.07273099999999999,0.671113,TUN,400249
11504621,223,6762,2006,33789.0,1078057.0,-0.013636,0.804752,TUN,400249
11504622,223,6762,2007,61250.0,1791645.0,0.062824,0.74003,TUN,400249
11504623,223,6762,2008,103647.0,1896755.0,0.084141,0.676248,TUN,400249
11504624,223,6762,2009,81092.0,927371.0,0.044903,0.9126120000000001,TUN,400249
11504625,223,6762,2010,0.0,1455355.0,0.165019,0.8882059999999999,TUN,400249
11504626,223,6762,2011,5526.0,1745570.0,0.151221,1.1252360000000001,TUN,400249
11504627,223,6762,2012,0.0,1295549.0,0.24695799999999998,0.9356620000000001,TUN,400249
11504628,223,6762,2013,4447.0,1170003.0,0.185528,1.0070700000000001,TUN,400249
11504629,223,6762,2014,0.0,1152813.0,0.343449,1.118007,TUN,400249
11504630,223,6762,2015,0.0,782392.0,0.140202,0.967591,TUN,400249
11504631,223,6762,2016,1569.0,401754.0,0.171791,1.062948,TUN,400249
11504632,223,6762,2017,0.0,1016377.0,0.224119,0.961772,TUN,400249
11504633,223,6762,2018,0.0,1151427.0,0.259778,1.187194,TUN,400249
11504634,223,6762,2019,77059.0,1003991.0,0.19601300000000002,1.159766,TUN,400249
11504635,223,6762,2020,0.0,652526.0,0.220298,0.454477,TUN,400249
11504636,224,6762,1995,3661.0,6480617.0,0.166794,1.209066,TUR,400249
11504637,224,6762,1996,226696.0,5096791.0,0.156866,1.554023,TUR,400249
11504638,224,6762,1997,21106.0,4421499.0,0.167734,1.5827870000000002,TUR,400249
11504639,224,6762,1998,55102.0,3949664.0,0.085286,1.653589,TUR,400249
11504640,224,6762,1999,22632.0,3771591.0,0.044692,1.745755,TUR,400249
11504641,224,6762,2000,136819.0,3756765.0,0.191299,1.9761529999999998,TUR,400249
11504642,224,6762,2001,1617.0,2718808.0,0.188773,1.91451,TUR,400249
11504643,224,6762,2002,47189.0,4971131.0,0.11263699999999999,1.83925,TUR,400249
11504644,224,6762,2003,575767.0,7006922.0,0.192802,1.9855060000000002,TUR,400249
11504645,224,6762,2004,218302.0,9000276.0,0.141454,1.9463599999999999,TUR,400249
11504646,224,6762,2005,260320.0,7617342.0,0.226487,2.210279,TUR,400249
11504647,224,6762,2006,78188.0,11769050.0,0.33971599999999996,2.193384,TUR,400249
11504648,224,6762,2007,157784.0,18858083.0,0.41396700000000003,2.0339869999999998,TUR,400249
11504649,224,6762,2008,15860.0,18124817.0,0.44478,2.186881,TUR,400249
11504650,224,6762,2009,10177.0,6987177.0,0.384596,2.3797610000000002,TUR,400249
11504651,224,6762,2010,519417.0,11748982.0,0.359977,2.471173,TUR,400249
11504652,224,6762,2011,196925.0,18798371.0,0.45775,2.4316259999999996,TUR,400249
11504653,224,6762,2012,290959.0,11833836.0,0.507184,2.259161,TUR,400249
11504654,224,6762,2013,269312.0,12426288.0,0.42932299999999995,2.690235,TUR,400249
11504655,224,6762,2014,402433.0,11649921.0,0.554761,2.385693,TUR,400249
11504656,224,6762,2015,196622.0,9318082.0,0.438669,2.519632,TUR,400249
11504657,224,6762,2016,237313.0,10796436.0,0.45364799999999994,2.478837,TUR,400249
11504658,224,6762,2017,250815.0,16649862.0,0.541611,2.405872,TUR,400249
11504659,224,6762,2018,894907.0,18615409.0,0.518721,2.5581419999999997,TUR,400249
11504660,224,6762,2019,1278808.0,14250843.0,0.569408,2.364546,TUR,400249
11504661,224,6762,2020,707484.0,12752438.0,0.590472,2.619866,TUR,400249
11504662,225,6762,1995,,,0.9729180000000001,-0.537957,TUV,400249
11504663,225,6762,1996,,,1.0058639999999999,-0.40428800000000004,TUV,400249
11504664,225,6762,1997,,,0.853403,-0.6482100000000001,TUV,400249
11504665,225,6762,1998,,,1.019107,-0.646907,TUV,400249
11504666,225,6762,1999,,,0.095919,-0.7801680000000001,TUV,400249
11504667,225,6762,2000,,,1.185378,-0.475463,TUV,400249
11504668,225,6762,2001,,,-0.12332699999999999,-0.172416,TUV,400249
11504669,225,6762,2002,,,-0.141984,-0.15720399999999998,TUV,400249
11504670,225,6762,2003,,,0.770706,-0.480434,TUV,400249
11504671,225,6762,2004,,,1.4753180000000001,-0.446762,TUV,400249
11504672,225,6762,2005,,,1.003608,-0.363531,TUV,400249
11504673,225,6762,2006,,,0.9635290000000001,-0.314963,TUV,400249
11504674,225,6762,2007,,,1.607359,-0.272403,TUV,400249
11504675,225,6762,2008,,,0.5163300000000001,-0.47066099999999994,TUV,400249
11504676,225,6762,2009,,,0.531324,-0.689902,TUV,400249
11504677,225,6762,2010,,,0.359508,-0.650139,TUV,400249
11504678,225,6762,2011,,,0.53684,-0.552668,TUV,400249
11504679,225,6762,2012,,,0.041589,-0.695249,TUV,400249
11504680,225,6762,2013,,,0.002879,-0.779308,TUV,400249
11504681,225,6762,2014,,,1.127623,-0.482033,TUV,400249
11504682,225,6762,2015,,,0.925609,-0.6022569999999999,TUV,400249
11504683,225,6762,2016,,,1.580008,-0.807844,TUV,400249
11504684,225,6762,2017,,,0.979611,-0.6079359999999999,TUV,400249
11504685,225,6762,2018,,,1.529849,-0.7761279999999999,TUV,400249
11504686,225,6762,2019,,,0.223041,-0.878941,TUV,400249
11504687,225,6762,2020,,,0.605791,-0.773982,TUV,400249
11504688,226,6762,1995,0.0,34697.0,-1.219949,-0.8698969999999999,TZA,400249
11504689,226,6762,1996,0.0,12839.0,-1.391534,-0.907436,TZA,400249
11504690,226,6762,1997,,,-1.368133,-0.753692,TZA,400249
11504691,226,6762,1998,0.0,24680.0,-0.972823,-0.428149,TZA,400249
11504692,226,6762,1999,0.0,14694.0,-1.068358,-0.54693,TZA,400249
11504693,226,6762,2000,0.0,23951.0,-1.278362,-0.615536,TZA,400249
11504694,226,6762,2001,0.0,28686.0,-1.193991,-0.49282200000000004,TZA,400249
11504695,226,6762,2002,0.0,18420.0,-1.189463,-0.48640600000000006,TZA,400249
11504696,226,6762,2003,0.0,17221.0,-1.225217,-0.43662399999999996,TZA,400249
11504697,226,6762,2004,0.0,3903.0,-1.022658,-0.007045999999999999,TZA,400249
11504698,226,6762,2005,0.0,74823.0,-1.049726,0.005511,TZA,400249
11504699,226,6762,2006,1309.0,56495.0,-0.953097,0.159129,TZA,400249
11504700,226,6762,2007,0.0,18528.0,-0.8493959999999999,0.47116099999999994,TZA,400249
11504701,226,6762,2008,0.0,93159.0,-0.755692,0.8751690000000001,TZA,400249
11504702,226,6762,2009,0.0,66282.0,-0.822897,0.644899,TZA,400249
11504703,226,6762,2010,0.0,185250.0,-0.7327,0.427616,TZA,400249
11504704,226,6762,2011,169822.0,242358.0,-0.751316,0.286505,TZA,400249
11504705,226,6762,2012,0.0,148947.0,-0.594481,0.770239,TZA,400249
11504706,226,6762,2013,0.0,137344.0,-0.9306770000000001,0.273489,TZA,400249
11504707,226,6762,2014,0.0,252114.0,-1.054331,0.166345,TZA,400249
11504708,226,6762,2015,0.0,245979.0,-1.02395,-0.017509999999999998,TZA,400249
11504709,226,6762,2016,0.0,152091.0,-1.1008799999999999,-0.048319,TZA,400249
11504710,226,6762,2017,0.0,273100.0,-1.0691709999999999,0.11636800000000001,TZA,400249
11504711,226,6762,2018,0.0,549406.0,-0.09850700000000001,1.145606,TZA,400249
11504712,226,6762,2019,0.0,438449.0,-0.907172,0.37293899999999996,TZA,400249
11504713,226,6762,2020,0.0,102105.0,-1.024,-0.023909,TZA,400249
11504714,227,6762,1995,,,-1.053037,-1.001752,UGA,400249
11504715,227,6762,1996,,,-0.931124,-0.925523,UGA,400249
11504716,227,6762,1997,,,-0.9304819999999999,-0.9731540000000001,UGA,400249
11504717,227,6762,1998,0.0,1455.0,-0.996762,-1.01326,UGA,400249
11504718,227,6762,1999,0.0,12898.0,-1.359508,-1.170077,UGA,400249
11504719,227,6762,2000,0.0,28254.0,-0.9484520000000001,-0.8246979999999999,UGA,400249
11504720,227,6762,2001,0.0,11012.0,-0.9694860000000001,-0.840592,UGA,400249
11504721,227,6762,2002,0.0,8961.0,-1.038337,-0.896425,UGA,400249
11504722,227,6762,2003,0.0,10339.0,-0.895193,-0.712039,UGA,400249
11504723,227,6762,2004,0.0,38022.0,-0.914733,-0.554346,UGA,400249
11504724,227,6762,2005,,,-0.896567,-0.645536,UGA,400249
11504725,227,6762,2006,0.0,3882.0,-0.702511,-0.43976099999999996,UGA,400249
11504726,227,6762,2007,0.0,3593.0,-0.900559,-0.42071400000000003,UGA,400249
11504727,227,6762,2008,,,-0.653885,-0.035455,UGA,400249
11504728,227,6762,2009,,,-0.573707,-0.036203,UGA,400249
11504729,227,6762,2010,,,-0.48061400000000004,0.187001,UGA,400249
11504730,227,6762,2011,,,-0.7153,-0.062678,UGA,400249
11504731,227,6762,2012,0.0,27427.0,-0.484868,0.153507,UGA,400249
11504732,227,6762,2013,,,-0.5462279999999999,0.200682,UGA,400249
11504733,227,6762,2014,,,-0.46911800000000003,0.25446599999999997,UGA,400249
11504734,227,6762,2015,0.0,11659.0,-0.611023,0.078961,UGA,400249
11504735,227,6762,2016,0.0,4781.0,-0.37745300000000004,0.525303,UGA,400249
11504736,227,6762,2017,0.0,4472.0,-0.6831020000000001,-0.046838,UGA,400249
11504737,227,6762,2018,0.0,19373.0,-0.621049,-0.061448,UGA,400249
11504738,227,6762,2019,0.0,32673.0,-0.639476,0.148255,UGA,400249
11504739,227,6762,2020,0.0,9667.0,-0.55156,-0.019136,UGA,400249
11504740,228,6762,1995,0.0,256236.0,0.428875,0.20489899999999997,UKR,400249
11504741,228,6762,1996,57222.0,1129854.0,0.896537,0.9241459999999999,UKR,400249
11504742,228,6762,1997,0.0,1318765.0,0.8502559999999999,0.956254,UKR,400249
11504743,228,6762,1998,34116.0,2394748.0,0.880876,0.783668,UKR,400249
11504744,228,6762,1999,0.0,742232.0,0.6242270000000001,0.742258,UKR,400249
11504745,228,6762,2000,0.0,861198.0,0.763783,0.8563,UKR,400249
11504746,228,6762,2001,1051781.0,2686508.0,0.8376969999999999,0.989059,UKR,400249
11504747,228,6762,2002,285522.0,712809.0,0.835485,0.872135,UKR,400249
11504748,228,6762,2003,10414.0,1616578.0,0.8929389999999999,0.956685,UKR,400249
11504749,228,6762,2004,0.0,2203876.0,0.8758040000000001,0.8195879999999999,UKR,400249
11504750,228,6762,2005,0.0,3344388.0,0.701846,0.687519,UKR,400249
11504751,228,6762,2006,36457.0,4507598.0,0.7008439999999999,0.79656,UKR,400249
11504752,228,6762,2007,0.0,5621464.0,0.7441760000000001,0.8681260000000001,UKR,400249
11504753,228,6762,2008,0.0,5513880.0,0.59355,0.764415,UKR,400249
11504754,228,6762,2009,0.0,3266216.0,0.602688,0.830247,UKR,400249
11504755,228,6762,2010,128439.0,5216171.0,0.714148,0.916267,UKR,400249
11504756,228,6762,2011,94958.0,2983972.0,0.6221409999999999,0.765505,UKR,400249
11504757,228,6762,2012,0.0,1099178.0,0.590001,0.8422069999999999,UKR,400249
11504758,228,6762,2013,0.0,827128.0,0.657729,0.9063200000000001,UKR,400249
11504759,228,6762,2014,0.0,556327.0,0.566535,0.832267,UKR,400249
11504760,228,6762,2015,0.0,501311.0,0.429879,0.701813,UKR,400249
11504761,228,6762,2016,6396.0,473563.0,0.406901,0.637051,UKR,400249
11504762,228,6762,2017,1084.0,496637.0,0.461109,0.7826569999999999,UKR,400249
11504763,228,6762,2018,0.0,433164.0,0.337296,0.758675,UKR,400249
11504764,228,6762,2019,0.0,574053.0,0.303802,0.5650270000000001,UKR,400249
11504765,228,6762,2020,0.0,183269.0,0.383736,0.531328,UKR,400249
11504766,229,6762,1995,,,,,UMI,400249
11504767,229,6762,1996,,,,,UMI,400249
11504768,229,6762,1997,,,,,UMI,400249
11504769,229,6762,1998,,,,,UMI,400249
11504770,229,6762,1999,,,,,UMI,400249
11504771,229,6762,2000,,,-0.052853,-0.611102,UMI,400249
11504772,229,6762,2001,,,-0.13935799999999998,-0.421795,UMI,400249
11504773,229,6762,2002,,,0.317662,-0.46541000000000005,UMI,400249
11504774,229,6762,2003,,,0.169425,-0.604107,UMI,400249
11504775,229,6762,2004,,,0.407876,-0.478498,UMI,400249
11504776,229,6762,2005,,,0.638288,-0.230179,UMI,400249
11504777,229,6762,2006,,,-0.5457930000000001,-0.808611,UMI,400249
11504778,229,6762,2007,,,0.997828,-0.098724,UMI,400249
11504779,229,6762,2008,,,1.311657,0.013382,UMI,400249
11504780,229,6762,2009,,,1.026297,-0.508776,UMI,400249
11504781,229,6762,2010,,,0.838733,-0.48641,UMI,400249
11504782,229,6762,2011,,,1.131297,-0.235093,UMI,400249
11504783,229,6762,2012,,,0.919334,-0.181861,UMI,400249
11504784,229,6762,2013,,,1.2648409999999999,-0.07537999999999999,UMI,400249
11504785,229,6762,2014,12827.0,0.0,1.530519,0.44350600000000007,UMI,400249
11504786,229,6762,2015,,,1.2709059999999999,-0.074201,UMI,400249
11504787,229,6762,2016,,,1.8058740000000002,0.587761,UMI,400249
11504788,229,6762,2017,76425.0,0.0,1.501854,0.552625,UMI,400249
11504789,229,6762,2018,,,1.766584,-0.034711,UMI,400249
11504790,229,6762,2019,,,1.4488940000000001,-0.266596,UMI,400249
11504791,229,6762,2020,,,1.9827860000000002,0.689049,UMI,400249
11504792,230,6762,1995,869823.0,684405.0,0.45133900000000005,0.50831,URY,400249
11504793,230,6762,1996,40831.0,439309.0,0.171541,0.313934,URY,400249
11504794,230,6762,1997,70185.0,385856.0,0.226228,0.29183400000000004,URY,400249
11504795,230,6762,1998,93655.0,943683.0,0.323022,0.293694,URY,400249
11504796,230,6762,1999,0.0,223126.0,0.26815700000000003,0.307394,URY,400249
11504797,230,6762,2000,0.0,328786.0,0.30753600000000003,0.290506,URY,400249
11504798,230,6762,2001,17528.0,231260.0,0.36029,0.298869,URY,400249
11504799,230,6762,2002,0.0,101342.0,0.300502,0.16817000000000001,URY,400249
11504800,230,6762,2003,0.0,140409.0,0.19792200000000001,0.243104,URY,400249
11504801,230,6762,2004,0.0,117554.0,0.151633,0.121776,URY,400249
11504802,230,6762,2005,8091.0,304832.0,0.305842,0.271262,URY,400249
11504803,230,6762,2006,12584.0,593259.0,0.234384,0.118878,URY,400249
11504804,230,6762,2007,6264.0,872901.0,0.184883,0.207788,URY,400249
11504805,230,6762,2008,0.0,826817.0,0.376164,0.049387,URY,400249
11504806,230,6762,2009,0.0,322514.0,0.260419,-0.171944,URY,400249
11504807,230,6762,2010,2338.0,390535.0,0.217246,-0.079733,URY,400249
11504808,230,6762,2011,0.0,659380.0,0.313195,0.042866,URY,400249
11504809,230,6762,2012,0.0,191311.0,0.207742,-0.101484,URY,400249
11504810,230,6762,2013,0.0,172272.0,0.20190999999999998,-0.19777999999999998,URY,400249
11504811,230,6762,2014,0.0,147427.0,0.154034,-0.380899,URY,400249
11504812,230,6762,2015,0.0,73137.0,0.273876,-0.363695,URY,400249
11504813,230,6762,2016,0.0,46975.0,0.098051,-0.45418400000000003,URY,400249
11504814,230,6762,2017,34212.0,94348.0,0.16963,-0.403006,URY,400249
11504815,230,6762,2018,0.0,132774.0,-0.02056,-0.38911,URY,400249
11504816,230,6762,2019,0.0,69885.0,-0.077549,-0.473943,URY,400249
11504817,230,6762,2020,1497.0,64319.0,-0.127375,-0.449032,URY,400249
11504818,231,6762,1995,111574709.0,22217446.0,1.771648,1.184,USA,400249
11504819,231,6762,1996,120355022.0,14540984.0,1.7110560000000001,1.125141,USA,400249
11504820,231,6762,1997,108207547.0,7802213.0,1.823511,0.888084,USA,400249
11504821,231,6762,1998,97880059.0,14629403.0,1.8223639999999999,0.761336,USA,400249
11504822,231,6762,1999,75680851.0,17270987.0,1.8755119999999998,0.5350729999999999,USA,400249
11504823,231,6762,2000,118116179.0,22504761.0,1.8549650000000002,0.226992,USA,400249
11504824,231,6762,2001,102261681.0,31999312.0,1.873674,0.168468,USA,400249
11504825,231,6762,2002,109211139.0,37644301.0,1.821594,0.231296,USA,400249
11504826,231,6762,2003,92005867.0,34917828.0,1.7789220000000001,0.064028,USA,400249
11504827,231,6762,2004,92753973.0,32984813.0,1.7598630000000002,0.066704,USA,400249
11504828,231,6762,2005,84632443.0,33189539.0,1.718086,-0.34564,USA,400249
11504829,231,6762,2006,133543485.0,37987845.0,1.666643,-0.121679,USA,400249
11504830,231,6762,2007,141005591.0,45306598.0,1.612165,0.0922,USA,400249
11504831,231,6762,2008,117892942.0,53755980.0,1.584278,-0.209788,USA,400249
11504832,231,6762,2009,49831104.0,26938952.0,1.657663,-0.41411400000000004,USA,400249
11504833,231,6762,2010,67266680.0,43207075.0,1.67573,-0.598165,USA,400249
11504834,231,6762,2011,80870823.0,47279127.0,1.6884849999999998,-0.474499,USA,400249
11504835,231,6762,2012,67302049.0,49010464.0,1.628377,-0.601941,USA,400249
11504836,231,6762,2013,59527783.0,36718216.0,1.6639689999999998,-0.48651300000000003,USA,400249
11504837,231,6762,2014,54818605.0,46622140.0,1.61227,0.068905,USA,400249
11504838,231,6762,2015,49925079.0,39926297.0,1.720478,-0.129322,USA,400249
11504839,231,6762,2016,56860765.0,45221563.0,1.685329,0.297536,USA,400249
11504840,231,6762,2017,100474909.0,46936655.0,1.601478,0.277271,USA,400249
11504841,231,6762,2018,85194110.0,45973124.0,1.585861,0.44815900000000003,USA,400249
11504842,231,6762,2019,60218464.0,46672432.0,1.606808,0.3232,USA,400249
11504843,231,6762,2020,57698793.0,30377510.0,1.588148,0.380904,USA,400249
11504844,232,6762,1995,0.0,89581.0,-0.29740900000000003,-0.9456190000000001,UZB,400249
11504845,232,6762,1996,0.0,68903.0,-0.17393499999999998,-0.727476,UZB,400249
11504846,232,6762,1997,0.0,47139.0,-0.26560700000000004,-0.870447,UZB,400249
11504847,232,6762,1998,,,-0.283425,-0.7488520000000001,UZB,400249
11504848,232,6762,1999,0.0,4657.0,-0.43066499999999996,-0.767428,UZB,400249
11504849,232,6762,2000,,,-0.405531,-0.598955,UZB,400249
11504850,232,6762,2001,0.0,3346.0,-0.395913,-0.6454449999999999,UZB,400249
11504851,232,6762,2002,,,-0.379765,-0.5965159999999999,UZB,400249
11504852,232,6762,2003,0.0,25128.0,-0.285978,-0.703334,UZB,400249
11504853,232,6762,2004,,,-0.50605,-0.824691,UZB,400249
11504854,232,6762,2005,,,-0.357031,-0.730797,UZB,400249
11504855,232,6762,2006,,,-0.457759,-0.784626,UZB,400249
11504856,232,6762,2007,,,-0.540449,-0.799454,UZB,400249
11504857,232,6762,2008,,,-0.470184,-0.773163,UZB,400249
11504858,232,6762,2009,,,-0.6115470000000001,-0.710622,UZB,400249
11504859,232,6762,2010,,,-0.704097,-0.655055,UZB,400249
11504860,232,6762,2011,0.0,1650.0,-0.785878,-0.663918,UZB,400249
11504861,232,6762,2012,,,-0.5875670000000001,-0.549863,UZB,400249
11504862,232,6762,2013,0.0,76934.0,-0.748212,-0.567268,UZB,400249
11504863,232,6762,2014,0.0,23000.0,-0.407623,-0.37150700000000003,UZB,400249
11504864,232,6762,2015,0.0,100964.0,-0.724966,-0.599292,UZB,400249
11504865,232,6762,2016,0.0,40951.0,-0.703465,-0.493036,UZB,400249
11504866,232,6762,2017,0.0,127863.0,-0.407169,-0.264942,UZB,400249
11504867,232,6762,2018,0.0,231812.0,-0.591547,-0.429982,UZB,400249
11504868,232,6762,2019,0.0,331537.0,-0.5856060000000001,-0.311248,UZB,400249
11504869,232,6762,2020,0.0,156317.0,-0.309411,0.071414,UZB,400249
11504870,233,6762,1995,,,,,VAT,400249
11504871,233,6762,1996,,,,,VAT,400249
11504872,233,6762,1997,,,,,VAT,400249
11504873,233,6762,1998,,,,,VAT,400249
11504874,233,6762,1999,,,,,VAT,400249
11504875,233,6762,2000,,,1.3466870000000002,-0.553088,VAT,400249
11504876,233,6762,2001,,,0.46455799999999997,-0.722421,VAT,400249
11504877,233,6762,2002,,,0.9434020000000001,-0.5230020000000001,VAT,400249
11504878,233,6762,2003,,,0.902394,-0.5776600000000001,VAT,400249
11504879,233,6762,2004,,,0.5171789999999999,-0.569032,VAT,400249
11504880,233,6762,2005,,,0.934002,-0.4716,VAT,400249
11504881,233,6762,2006,,,0.776323,-0.42712100000000003,VAT,400249
11504882,233,6762,2007,,,0.762119,-0.20439100000000002,VAT,400249
11504883,233,6762,2008,,,0.74952,-0.38421900000000003,VAT,400249
11504884,233,6762,2009,,,0.13089,-0.738226,VAT,400249
11504885,233,6762,2010,,,1.259831,-0.07005499999999999,VAT,400249
11504886,233,6762,2011,,,0.614758,-0.694783,VAT,400249
11504887,233,6762,2012,,,0.595379,-0.322465,VAT,400249
11504888,233,6762,2013,,,0.699425,-0.296746,VAT,400249
11504889,233,6762,2014,,,1.150282,0.660892,VAT,400249
11504890,233,6762,2015,,,0.295538,-0.6049359999999999,VAT,400249
11504891,233,6762,2016,,,0.918142,-0.319902,VAT,400249
11504892,233,6762,2017,,,0.747959,-0.21892899999999998,VAT,400249
11504893,233,6762,2018,,,-0.043233999999999995,-0.7486689999999999,VAT,400249
11504894,233,6762,2019,,,1.235527,-0.155683,VAT,400249
11504895,233,6762,2020,,,0.8574360000000001,-0.492839,VAT,400249
11504896,234,6762,1995,,,-0.369315,-0.751156,VCT,400249
11504897,234,6762,1996,,,-0.123896,-0.5798989999999999,VCT,400249
11504898,234,6762,1997,,,0.069461,-0.459567,VCT,400249
11504899,234,6762,1998,,,0.22166,-0.331633,VCT,400249
11504900,234,6762,1999,,,-0.28283400000000003,-0.755695,VCT,400249
11504901,234,6762,2000,,,0.095604,-0.352013,VCT,400249
11504902,234,6762,2001,,,-0.5042,-0.7987609999999999,VCT,400249
11504903,234,6762,2002,,,-0.340281,-0.661246,VCT,400249
11504904,234,6762,2003,,,-0.355758,-0.679181,VCT,400249
11504905,234,6762,2004,,,-0.564477,-0.8544,VCT,400249
11504906,234,6762,2005,,,-0.584696,-0.842192,VCT,400249
11504907,234,6762,2006,,,-0.6097060000000001,-0.8844770000000001,VCT,400249
11504908,234,6762,2007,,,-0.112166,-0.692679,VCT,400249
11504909,234,6762,2008,0.0,5777.0,-0.598538,-0.8798459999999999,VCT,400249
11504910,234,6762,2009,,,-0.068356,-0.6011350000000001,VCT,400249
11504911,234,6762,2010,,,0.120821,-0.43102700000000005,VCT,400249
11504912,234,6762,2011,,,0.291718,-0.250897,VCT,400249
11504913,234,6762,2012,,,0.233053,-0.292993,VCT,400249
11504914,234,6762,2013,,,0.193198,-0.23631799999999997,VCT,400249
11504915,234,6762,2014,,,0.034024,-0.522492,VCT,400249
11504916,234,6762,2015,,,0.087811,-0.35481999999999997,VCT,400249
11504917,234,6762,2016,,,0.157611,-0.581526,VCT,400249
11504918,234,6762,2017,,,-0.040273,-0.549452,VCT,400249
11504919,234,6762,2018,,,-0.274831,-0.603525,VCT,400249
11504920,234,6762,2019,,,-0.712703,-0.859416,VCT,400249
11504921,234,6762,2020,,,-0.8252809999999999,-0.89407,VCT,400249
11504922,235,6762,1995,,,,,VDR,400249
11504923,235,6762,1996,,,,,VDR,400249
11504924,235,6762,1997,,,,,VDR,400249
11504925,235,6762,1998,,,,,VDR,400249
11504926,235,6762,1999,,,,,VDR,400249
11504927,235,6762,2000,,,,,VDR,400249
11504928,235,6762,2001,,,,,VDR,400249
11504929,235,6762,2002,,,,,VDR,400249
11504930,235,6762,2003,,,,,VDR,400249
11504931,235,6762,2004,,,,,VDR,400249
11504932,235,6762,2005,,,,,VDR,400249
11504933,235,6762,2006,,,,,VDR,400249
11504934,235,6762,2007,,,,,VDR,400249
11504935,235,6762,2008,,,,,VDR,400249
11504936,235,6762,2009,,,,,VDR,400249
11504937,235,6762,2010,,,,,VDR,400249
11504938,235,6762,2011,,,,,VDR,400249
11504939,235,6762,2012,,,,,VDR,400249
11504940,235,6762,2013,,,,,VDR,400249
11504941,235,6762,2014,,,,,VDR,400249
11504942,235,6762,2015,,,,,VDR,400249
11504943,235,6762,2016,,,,,VDR,400249
11504944,235,6762,2017,,,,,VDR,400249
11504945,235,6762,2018,,,,,VDR,400249
11504946,235,6762,2019,,,,,VDR,400249
11504947,235,6762,2020,,,,,VDR,400249
11504948,236,6762,1995,0.0,5172403.0,0.299294,-0.635474,VEN,400249
11504949,236,6762,1996,17678.0,3723177.0,0.07086100000000001,-0.761307,VEN,400249
11504950,236,6762,1997,0.0,4729296.0,0.21363200000000002,-0.668341,VEN,400249
11504951,236,6762,1998,0.0,2655450.0,0.288717,-0.540639,VEN,400249
11504952,236,6762,1999,1554.0,2226638.0,0.16454100000000002,-0.691021,VEN,400249
11504953,236,6762,2000,0.0,2856994.0,0.19788499999999998,-0.779957,VEN,400249
11504954,236,6762,2001,0.0,3060272.0,0.261158,-0.7397,VEN,400249
11504955,236,6762,2002,0.0,2306567.0,0.211536,-0.715675,VEN,400249
11504956,236,6762,2003,0.0,1050369.0,0.277805,-0.783697,VEN,400249
11504957,236,6762,2004,0.0,2173940.0,0.048698000000000005,-0.899776,VEN,400249
11504958,236,6762,2005,0.0,2671160.0,0.248175,-0.9600629999999999,VEN,400249
11504959,236,6762,2006,0.0,4151794.0,-0.340972,-1.015462,VEN,400249
11504960,236,6762,2007,0.0,3837478.0,-0.231215,-0.9839200000000001,VEN,400249
11504961,236,6762,2008,0.0,6780778.0,-0.442996,-1.0439969999999998,VEN,400249
11504962,236,6762,2009,0.0,4699915.0,-0.5847600000000001,-1.150334,VEN,400249
11504963,236,6762,2010,0.0,2660604.0,-0.660844,-1.145133,VEN,400249
11504964,236,6762,2011,0.0,4988382.0,-0.841147,-1.095636,VEN,400249
11504965,236,6762,2012,0.0,5500345.0,-1.3417270000000001,-1.154304,VEN,400249
11504966,236,6762,2013,0.0,4894272.0,-0.778172,-1.107059,VEN,400249
11504967,236,6762,2014,43663.0,2550691.0,-0.582086,-1.081727,VEN,400249
11504968,236,6762,2015,0.0,2567341.0,-0.9249129999999999,-1.1877280000000001,VEN,400249
11504969,236,6762,2016,0.0,887074.0,-0.844669,-1.164315,VEN,400249
11504970,236,6762,2017,0.0,405087.0,-0.8874559999999999,-1.178752,VEN,400249
11504971,236,6762,2018,0.0,310607.0,-1.081138,-1.198717,VEN,400249
11504972,236,6762,2019,0.0,505042.0,-1.318175,-1.2506110000000001,VEN,400249
11504973,236,6762,2020,0.0,291775.0,-1.058537,-1.178218,VEN,400249
11504974,237,6762,1995,,,0.799784,-0.287329,VGB,400249
11504975,237,6762,1996,,,0.602529,-0.280171,VGB,400249
11504976,237,6762,1997,,,0.5966060000000001,-0.381473,VGB,400249
11504977,237,6762,1998,,,1.06785,-0.03292,VGB,400249
11504978,237,6762,1999,,,0.876099,-0.289157,VGB,400249
11504979,237,6762,2000,,,1.06873,0.090886,VGB,400249
11504980,237,6762,2001,,,0.759566,-0.16636099999999998,VGB,400249
11504981,237,6762,2002,,,1.022393,-0.23957399999999998,VGB,400249
11504982,237,6762,2003,,,0.685109,-0.20824299999999998,VGB,400249
11504983,237,6762,2004,,,0.597043,-0.348742,VGB,400249
11504984,237,6762,2005,,,0.67282,-0.329218,VGB,400249
11504985,237,6762,2006,,,1.05644,0.179306,VGB,400249
11504986,237,6762,2007,,,0.994233,0.072526,VGB,400249
11504987,237,6762,2008,,,0.775652,0.028573,VGB,400249
11504988,237,6762,2009,42386.0,0.0,0.903839,0.093044,VGB,400249
11504989,237,6762,2010,,,0.699891,-0.29630300000000004,VGB,400249
11504990,237,6762,2011,,,0.780217,-0.010428,VGB,400249
11504991,237,6762,2012,,,0.6483300000000001,0.269932,VGB,400249
11504992,237,6762,2013,,,0.616863,-0.314222,VGB,400249
11504993,237,6762,2014,,,0.484282,-0.082974,VGB,400249
11504994,237,6762,2015,,,0.914493,-0.31357399999999996,VGB,400249
11504995,237,6762,2016,,,0.566815,-0.43181800000000004,VGB,400249
11504996,237,6762,2017,20719.0,0.0,0.768,-0.257912,VGB,400249
11504997,237,6762,2018,,,0.995964,-0.167496,VGB,400249
11504998,237,6762,2019,,,1.145175,-0.41776199999999997,VGB,400249
11504999,237,6762,2020,,,1.342215,-0.501111,VGB,400249
11505000,238,6762,1995,,,,,VIR,400249
11505001,238,6762,1996,,,,,VIR,400249
11505002,238,6762,1997,,,,,VIR,400249
11505003,238,6762,1998,,,,,VIR,400249
11505004,238,6762,1999,,,,,VIR,400249
11505005,238,6762,2000,,,,,VIR,400249
11505006,238,6762,2001,,,,,VIR,400249
11505007,238,6762,2002,,,,,VIR,400249
11505008,238,6762,2003,,,,,VIR,400249
11505009,238,6762,2004,,,,,VIR,400249
11505010,238,6762,2005,,,,,VIR,400249
11505011,238,6762,2006,,,,,VIR,400249
11505012,238,6762,2007,,,,,VIR,400249
11505013,238,6762,2008,,,,,VIR,400249
11505014,238,6762,2009,,,,,VIR,400249
11505015,238,6762,2010,,,,,VIR,400249
11505016,238,6762,2011,,,,,VIR,400249
11505017,238,6762,2012,,,,,VIR,400249
11505018,238,6762,2013,,,,,VIR,400249
11505019,238,6762,2014,,,,,VIR,400249
11505020,238,6762,2015,,,,,VIR,400249
11505021,238,6762,2016,,,,,VIR,400249
11505022,238,6762,2017,,,,,VIR,400249
11505023,238,6762,2018,,,,,VIR,400249
11505024,238,6762,2019,,,,,VIR,400249
11505025,238,6762,2020,,,,,VIR,400249
11505026,239,6762,1995,0.0,159624.0,-1.0462069999999999,-0.269063,VNM,400249
11505027,239,6762,1996,0.0,96196.0,-0.9336469999999999,-0.10985199999999999,VNM,400249
11505028,239,6762,1997,0.0,275488.0,-0.93384,0.06253099999999999,VNM,400249
11505029,239,6762,1998,0.0,408205.0,-0.9395469999999999,0.060697,VNM,400249
11505030,239,6762,1999,11352.0,708106.0,-0.9824940000000001,0.115755,VNM,400249
11505031,239,6762,2000,0.0,622958.0,-0.849311,0.391474,VNM,400249
11505032,239,6762,2001,0.0,1449482.0,-0.6692130000000001,0.610992,VNM,400249
11505033,239,6762,2002,0.0,2093773.0,-0.589665,0.799874,VNM,400249
11505034,239,6762,2003,77688.0,1923626.0,-0.633985,0.659696,VNM,400249
11505035,239,6762,2004,167908.0,2092793.0,-0.5270560000000001,0.8910389999999999,VNM,400249
11505036,239,6762,2005,422062.0,2231320.0,-0.673618,0.766938,VNM,400249
11505037,239,6762,2006,480653.0,3369944.0,-0.342779,1.033318,VNM,400249
11505038,239,6762,2007,602934.0,4960670.0,-0.335613,1.048849,VNM,400249
11505039,239,6762,2008,95208.0,6657427.0,-0.207083,1.1323370000000001,VNM,400249
11505040,239,6762,2009,125983.0,5918758.0,-0.27396,1.131199,VNM,400249
11505041,239,6762,2010,68484.0,7327548.0,-0.24660500000000002,1.427235,VNM,400249
11505042,239,6762,2011,292974.0,13329512.0,-0.184453,1.637207,VNM,400249
11505043,239,6762,2012,748464.0,12273281.0,0.012365000000000001,1.290936,VNM,400249
11505044,239,6762,2013,165828.0,10599633.0,-0.11426900000000001,1.399738,VNM,400249
11505045,239,6762,2014,1137244.0,11028161.0,-0.023765,1.344416,VNM,400249
11505046,239,6762,2015,6895995.0,11147676.0,-0.17108900000000002,1.10995,VNM,400249
11505047,239,6762,2016,415457.0,7960193.0,-0.10217899999999999,1.015568,VNM,400249
11505048,239,6762,2017,215380.0,9167121.0,-0.009819,0.686429,VNM,400249
11505049,239,6762,2018,43076.0,12576103.0,0.003069,0.9169729999999999,VNM,400249
11505050,239,6762,2019,64066.0,14060929.0,-0.048147,1.098784,VNM,400249
11505051,239,6762,2020,64525.0,7685555.0,0.034229,0.89099,VNM,400249
11505052,240,6762,1995,,,-1.168901,-0.8590540000000001,VUT,400249
11505053,240,6762,1996,,,-0.933351,-0.824783,VUT,400249
11505054,240,6762,1997,,,-1.300604,-0.921262,VUT,400249
11505055,240,6762,1998,,,-1.176751,-0.9141819999999999,VUT,400249
11505056,240,6762,1999,,,-0.857935,-0.8740190000000001,VUT,400249
11505057,240,6762,2000,,,-1.007244,-0.9066219999999999,VUT,400249
11505058,240,6762,2001,,,-0.9620719999999999,-0.873368,VUT,400249
11505059,240,6762,2002,,,-1.240258,-0.95039,VUT,400249
11505060,240,6762,2003,,,-0.916386,-0.784439,VUT,400249
11505061,240,6762,2004,,,-1.2338790000000002,-0.969297,VUT,400249
11505062,240,6762,2005,,,-1.009584,-0.885193,VUT,400249
11505063,240,6762,2006,,,-1.166741,-0.927552,VUT,400249
11505064,240,6762,2007,,,-1.187885,-0.993107,VUT,400249
11505065,240,6762,2008,,,-1.1498540000000002,-0.9443299999999999,VUT,400249
11505066,240,6762,2009,,,-0.9398479999999999,-0.9635799999999999,VUT,400249
11505067,240,6762,2010,,,-0.8922190000000001,-0.87134,VUT,400249
11505068,240,6762,2011,,,-1.324335,-0.9620629999999999,VUT,400249
11505069,240,6762,2012,,,-0.8367030000000001,-0.8235610000000001,VUT,400249
11505070,240,6762,2013,,,-0.6548689999999999,-0.811184,VUT,400249
11505071,240,6762,2014,,,-1.21245,-0.941493,VUT,400249
11505072,240,6762,2015,,,-1.6531169999999997,-1.018974,VUT,400249
11505073,240,6762,2016,,,-1.187374,-0.9973350000000001,VUT,400249
11505074,240,6762,2017,,,-1.223329,-1.005357,VUT,400249
11505075,240,6762,2018,,,-1.595495,-1.026155,VUT,400249
11505076,240,6762,2019,,,-0.88634,-0.943023,VUT,400249
11505077,240,6762,2020,0.0,3865.0,-1.469494,-0.991857,VUT,400249
11505078,241,6762,1995,,,1.60045,-0.49371800000000005,WLF,400249
11505079,241,6762,1996,,,0.9072549999999999,-0.5177430000000001,WLF,400249
11505080,241,6762,1997,,,-0.09628400000000001,-0.770489,WLF,400249
11505081,241,6762,1998,,,0.8516,-0.734815,WLF,400249
11505082,241,6762,1999,,,2.076089,-0.671834,WLF,400249
11505083,241,6762,2000,,,0.7104189999999999,-0.696887,WLF,400249
11505084,241,6762,2001,,,0.934326,-0.724379,WLF,400249
11505085,241,6762,2002,,,0.5689420000000001,-0.737647,WLF,400249
11505086,241,6762,2003,,,0.200787,-0.775126,WLF,400249
11505087,241,6762,2004,,,2.1501349999999997,-0.13714200000000001,WLF,400249
11505088,241,6762,2005,,,1.090798,-0.447772,WLF,400249
11505089,241,6762,2006,,,1.609916,-0.311544,WLF,400249
11505090,241,6762,2007,,,2.106802,-0.38307800000000003,WLF,400249
11505091,241,6762,2008,,,0.503318,-0.708188,WLF,400249
11505092,241,6762,2009,,,1.551821,-0.5478390000000001,WLF,400249
11505093,241,6762,2010,,,1.206023,-0.517231,WLF,400249
11505094,241,6762,2011,,,0.512842,-0.681142,WLF,400249
11505095,241,6762,2012,,,1.6446990000000001,-0.248971,WLF,400249
11505096,241,6762,2013,,,1.4608299999999999,-0.567281,WLF,400249
11505097,241,6762,2014,,,1.0165819999999999,-0.481415,WLF,400249
11505098,241,6762,2015,,,0.858368,-0.6285810000000001,WLF,400249
11505099,241,6762,2016,,,1.1721700000000002,-0.658709,WLF,400249
11505100,241,6762,2017,,,1.156989,-0.59549,WLF,400249
11505101,241,6762,2018,,,1.604643,-0.608603,WLF,400249
11505102,241,6762,2019,,,2.073123,-0.6077170000000001,WLF,400249
11505103,241,6762,2020,,,0.601576,-0.727147,WLF,400249
11505104,242,6762,1995,0.0,1086.0,-1.238049,-0.877899,WSM,400249
11505105,242,6762,1996,,,-0.9626600000000001,-0.838794,WSM,400249
11505106,242,6762,1997,,,-1.033099,-0.8692129999999999,WSM,400249
11505107,242,6762,1998,,,-1.3855540000000002,-0.932428,WSM,400249
11505108,242,6762,1999,,,-0.87316,-0.8508049999999999,WSM,400249
11505109,242,6762,2000,,,-1.2583469999999999,-0.988015,WSM,400249
11505110,242,6762,2001,,,-0.361456,-0.690474,WSM,400249
11505111,242,6762,2002,,,-0.053287,-0.5183399999999999,WSM,400249
11505112,242,6762,2003,,,-0.304377,-0.620659,WSM,400249
11505113,242,6762,2004,,,-0.129153,-0.6165510000000001,WSM,400249
11505114,242,6762,2005,,,0.31706,-0.384695,WSM,400249
11505115,242,6762,2006,,,0.299266,-0.477783,WSM,400249
11505116,242,6762,2007,,,-0.21260500000000002,-0.671421,WSM,400249
11505117,242,6762,2008,,,0.527804,-0.347197,WSM,400249
11505118,242,6762,2009,,,1.3006149999999999,0.354537,WSM,400249
11505119,242,6762,2010,,,1.236381,0.276124,WSM,400249
11505120,242,6762,2011,,,0.9658110000000001,0.30804699999999996,WSM,400249
11505121,242,6762,2012,,,0.537049,-0.065328,WSM,400249
11505122,242,6762,2013,,,0.824724,0.056441,WSM,400249
11505123,242,6762,2014,0.0,15290.0,0.602344,-0.051224,WSM,400249
11505124,242,6762,2015,,,0.351057,-0.158431,WSM,400249
11505125,242,6762,2016,,,0.576339,-0.221148,WSM,400249
11505126,242,6762,2017,0.0,1412.0,0.450726,0.050197000000000006,WSM,400249
11505127,242,6762,2018,,,0.336421,0.186474,WSM,400249
11505128,242,6762,2019,,,0.22290700000000002,-0.164178,WSM,400249
11505129,242,6762,2020,,,0.875817,-0.056116,WSM,400249
11505130,243,6762,1995,,,-1.302346,-1.135961,YEM,400249
11505131,243,6762,1996,,,-1.304556,-1.200523,YEM,400249
11505132,243,6762,1997,,,-1.7204130000000002,-1.242057,YEM,400249
11505133,243,6762,1998,,,-1.458683,-1.263139,YEM,400249
11505134,243,6762,1999,,,-1.746447,-1.296571,YEM,400249
11505135,243,6762,2000,0.0,10390.0,-1.74462,-1.26072,YEM,400249
11505136,243,6762,2001,,,-1.465154,-1.261615,YEM,400249
11505137,243,6762,2002,,,-1.233006,-1.22101,YEM,400249
11505138,243,6762,2003,,,-1.453584,-1.257815,YEM,400249
11505139,243,6762,2004,,,-1.15115,-1.207897,YEM,400249
11505140,243,6762,2005,,,-1.214267,-1.2094719999999999,YEM,400249
11505141,243,6762,2006,,,-1.0407110000000002,-1.13042,YEM,400249
11505142,243,6762,2007,,,-1.2624600000000001,-1.2131290000000001,YEM,400249
11505143,243,6762,2008,,,-1.227495,-1.191462,YEM,400249
11505144,243,6762,2009,,,-0.845426,-1.119091,YEM,400249
11505145,243,6762,2010,0.0,11542.0,-1.360851,-1.208826,YEM,400249
11505146,243,6762,2011,,,-1.44127,-1.242875,YEM,400249
11505147,243,6762,2012,,,-1.277216,-1.2331590000000001,YEM,400249
11505148,243,6762,2013,0.0,5285.0,-1.252605,-1.207324,YEM,400249
11505149,243,6762,2014,,,-1.2829190000000001,-1.227373,YEM,400249
11505150,243,6762,2015,,,-1.048632,-1.10843,YEM,400249
11505151,243,6762,2016,,,-1.232675,-1.205963,YEM,400249
11505152,243,6762,2017,,,-1.397594,-1.2342110000000002,YEM,400249
11505153,243,6762,2018,,,-1.3332899999999999,-1.200589,YEM,400249
11505154,243,6762,2019,0.0,13668.0,-1.4367860000000001,-1.262101,YEM,400249
11505155,243,6762,2020,,,-1.130952,-1.137774,YEM,400249
11505156,244,6762,1995,,,,,YMD,400249
11505157,244,6762,1996,,,,,YMD,400249
11505158,244,6762,1997,,,,,YMD,400249
11505159,244,6762,1998,,,,,YMD,400249
11505160,244,6762,1999,,,,,YMD,400249
11505161,244,6762,2000,,,,,YMD,400249
11505162,244,6762,2001,,,,,YMD,400249
11505163,244,6762,2002,,,,,YMD,400249
11505164,244,6762,2003,,,,,YMD,400249
11505165,244,6762,2004,,,,,YMD,400249
11505166,244,6762,2005,,,,,YMD,400249
11505167,244,6762,2006,,,,,YMD,400249
11505168,244,6762,2007,,,,,YMD,400249
11505169,244,6762,2008,,,,,YMD,400249
11505170,244,6762,2009,,,,,YMD,400249
11505171,244,6762,2010,,,,,YMD,400249
11505172,244,6762,2011,,,,,YMD,400249
11505173,244,6762,2012,,,,,YMD,400249
11505174,244,6762,2013,,,,,YMD,400249
11505175,244,6762,2014,,,,,YMD,400249
11505176,244,6762,2015,,,,,YMD,400249
11505177,244,6762,2016,,,,,YMD,400249
11505178,244,6762,2017,,,,,YMD,400249
11505179,244,6762,2018,,,,,YMD,400249
11505180,244,6762,2019,,,,,YMD,400249
11505181,244,6762,2020,,,,,YMD,400249
11505182,245,6762,1995,,,,,YUG,400249
11505183,245,6762,1996,,,,,YUG,400249
11505184,245,6762,1997,,,,,YUG,400249
11505185,245,6762,1998,,,,,YUG,400249
11505186,245,6762,1999,,,,,YUG,400249
11505187,245,6762,2000,,,,,YUG,400249
11505188,245,6762,2001,,,,,YUG,400249
11505189,245,6762,2002,,,,,YUG,400249
11505190,245,6762,2003,,,,,YUG,400249
11505191,245,6762,2004,,,,,YUG,400249
11505192,245,6762,2005,,,,,YUG,400249
11505193,245,6762,2006,,,,,YUG,400249
11505194,245,6762,2007,,,,,YUG,400249
11505195,245,6762,2008,,,,,YUG,400249
11505196,245,6762,2009,,,,,YUG,400249
11505197,245,6762,2010,,,,,YUG,400249
11505198,245,6762,2011,,,,,YUG,400249
11505199,245,6762,2012,,,,,YUG,400249
11505200,245,6762,2013,,,,,YUG,400249
11505201,245,6762,2014,,,,,YUG,400249
11505202,245,6762,2015,,,,,YUG,400249
11505203,245,6762,2016,,,,,YUG,400249
11505204,245,6762,2017,,,,,YUG,400249
11505205,245,6762,2018,,,,,YUG,400249
11505206,245,6762,2019,,,,,YUG,400249
11505207,245,6762,2020,,,,,YUG,400249
11505208,246,6762,1995,140380.0,4574477.0,0.468112,1.039817,ZAF,400249
11505209,246,6762,1996,105731.0,3636146.0,0.456593,1.150786,ZAF,400249
11505210,246,6762,1997,197969.0,4108267.0,0.501792,1.1192440000000001,ZAF,400249
11505211,246,6762,1998,244335.0,2215383.0,0.573958,1.3813739999999999,ZAF,400249
11505212,246,6762,1999,250002.0,3149489.0,0.543171,1.432792,ZAF,400249
11505213,246,6762,2000,258283.0,3553198.0,0.5307529999999999,2.1141810000000003,ZAF,400249
11505214,246,6762,2001,243059.0,2977686.0,0.356842,2.006155,ZAF,400249
11505215,246,6762,2002,241332.0,3006877.0,0.395943,2.392458,ZAF,400249
11505216,246,6762,2003,418642.0,3200669.0,0.477987,2.255395,ZAF,400249
11505217,246,6762,2004,341721.0,2979531.0,0.460279,1.9736220000000002,ZAF,400249
11505218,246,6762,2005,301528.0,3028169.0,0.484464,1.65903,ZAF,400249
11505219,246,6762,2006,387079.0,4311686.0,0.37964499999999995,1.466326,ZAF,400249
11505220,246,6762,2007,245415.0,5638639.0,0.349792,1.246052,ZAF,400249
11505221,246,6762,2008,342000.0,5542708.0,0.22551500000000002,1.185506,ZAF,400249
11505222,246,6762,2009,47294.0,2726231.0,0.316452,1.767795,ZAF,400249
11505223,246,6762,2010,99327.0,3942234.0,0.327326,1.513598,ZAF,400249
11505224,246,6762,2011,230873.0,5368730.0,0.241792,1.353011,ZAF,400249
11505225,246,6762,2012,375483.0,5288461.0,0.284069,1.730991,ZAF,400249
11505226,246,6762,2013,211751.0,4526285.0,0.380284,1.5682120000000002,ZAF,400249
11505227,246,6762,2014,1098167.0,4593598.0,0.282927,1.723214,ZAF,400249
11505228,246,6762,2015,1721167.0,5344340.0,0.24944699999999997,1.7573159999999999,ZAF,400249
11505229,246,6762,2016,189226.0,3965544.0,0.187396,1.46169,ZAF,400249
11505230,246,6762,2017,231328.0,6429993.0,0.2066,1.378591,ZAF,400249
11505231,246,6762,2018,300087.0,7274431.0,0.158722,1.394829,ZAF,400249
11505232,246,6762,2019,252927.0,8252446.0,0.129921,1.101027,ZAF,400249
11505233,246,6762,2020,135693.0,4727791.0,0.042099,0.923931,ZAF,400249
11505234,247,6762,1995,,,-0.214763,-0.721675,ZMB,400249
11505235,247,6762,1996,0.0,12513.0,-0.340956,-0.714009,ZMB,400249
11505236,247,6762,1997,0.0,16147.0,-0.62183,-0.809639,ZMB,400249
11505237,247,6762,1998,0.0,50092.0,-0.383126,-0.501498,ZMB,400249
11505238,247,6762,1999,0.0,11839.0,-0.388446,-0.47129099999999996,ZMB,400249
11505239,247,6762,2000,0.0,9486.0,-0.761877,-0.6588510000000001,ZMB,400249
11505240,247,6762,2001,0.0,5828.0,-0.731193,-0.706978,ZMB,400249
11505241,247,6762,2002,0.0,14248.0,-0.654686,-0.545346,ZMB,400249
11505242,247,6762,2003,0.0,4889.0,-0.678149,-0.5919449999999999,ZMB,400249
11505243,247,6762,2004,0.0,19912.0,-0.9972190000000001,-0.853986,ZMB,400249
11505244,247,6762,2005,0.0,23428.0,-0.854234,-0.9467399999999999,ZMB,400249
11505245,247,6762,2006,0.0,25599.0,-0.5307,-0.793621,ZMB,400249
11505246,247,6762,2007,0.0,21940.0,-0.522838,-0.796874,ZMB,400249
11505247,247,6762,2008,0.0,43754.0,-0.798489,-0.9437639999999999,ZMB,400249
11505248,247,6762,2009,0.0,3268.0,-0.6423909999999999,-0.815315,ZMB,400249
11505249,247,6762,2010,0.0,6323.0,-0.650686,-0.830332,ZMB,400249
11505250,247,6762,2011,0.0,55246.0,-0.7599,-0.941019,ZMB,400249
11505251,247,6762,2012,0.0,92047.0,-0.40962200000000004,-0.770245,ZMB,400249
11505252,247,6762,2013,0.0,7815.0,-0.382129,-0.5442229999999999,ZMB,400249
11505253,247,6762,2014,0.0,3350.0,-0.664089,-0.793452,ZMB,400249
11505254,247,6762,2015,,,-0.44792,-0.769586,ZMB,400249
11505255,247,6762,2016,0.0,22970.0,-0.632437,-0.968817,ZMB,400249
11505256,247,6762,2017,0.0,24193.0,-0.8594290000000001,-1.0574459999999999,ZMB,400249
11505257,247,6762,2018,0.0,31348.0,-0.736064,-0.93958,ZMB,400249
11505258,247,6762,2019,0.0,25460.0,-0.629261,-0.8471489999999999,ZMB,400249
11505259,247,6762,2020,0.0,32049.0,-0.9162379999999999,-0.9523940000000001,ZMB,400249
11505260,248,6762,1995,407.0,152934.0,-0.054752999999999996,0.326737,ZWE,400249
11505261,248,6762,1996,0.0,53194.0,-0.393769,-0.34379,ZWE,400249
11505262,248,6762,1997,2028.0,69368.0,-0.36357399999999995,-0.449161,ZWE,400249
11505263,248,6762,1998,36503.0,166653.0,-0.49939399999999995,-0.430733,ZWE,400249
11505264,248,6762,1999,6903.0,128264.0,-0.320533,-0.180527,ZWE,400249
11505265,248,6762,2000,0.0,183835.0,-0.454005,0.082856,ZWE,400249
11505266,248,6762,2001,0.0,190891.0,-0.6321829999999999,-0.453671,ZWE,400249
11505267,248,6762,2002,0.0,184325.0,-0.309483,0.271457,ZWE,400249
11505268,248,6762,2003,0.0,236838.0,-0.366539,-0.18906199999999998,ZWE,400249
11505269,248,6762,2004,0.0,242279.0,-0.560593,-0.091112,ZWE,400249
11505270,248,6762,2005,0.0,114154.0,-0.559266,-0.395637,ZWE,400249
11505271,248,6762,2006,0.0,115567.0,-0.41825500000000004,-0.55313,ZWE,400249
11505272,248,6762,2007,0.0,109529.0,-0.5271399999999999,-0.47033800000000003,ZWE,400249
11505273,248,6762,2008,0.0,18357.0,-0.377992,-0.577244,ZWE,400249
11505274,248,6762,2009,0.0,17709.0,-0.686822,-0.683511,ZWE,400249
11505275,248,6762,2010,0.0,38228.0,-0.869909,-0.8233309999999999,ZWE,400249
11505276,248,6762,2011,0.0,120120.0,-0.858662,-0.8632719999999999,ZWE,400249
11505277,248,6762,2012,0.0,194963.0,-0.8025100000000001,-0.869078,ZWE,400249
11505278,248,6762,2013,0.0,169980.0,-0.828702,-0.899175,ZWE,400249
11505279,248,6762,2014,0.0,166018.0,-0.821369,-0.864232,ZWE,400249
11505280,248,6762,2015,0.0,160751.0,-0.838017,-0.9400270000000001,ZWE,400249
11505281,248,6762,2016,0.0,118278.0,-1.083532,-1.0016610000000001,ZWE,400249
11505282,248,6762,2017,0.0,145224.0,-1.101402,-1.0831680000000001,ZWE,400249
11505283,248,6762,2018,0.0,157632.0,-1.181524,-1.0648520000000001,ZWE,400249
11505284,248,6762,2019,0.0,99320.0,-0.9993780000000001,-1.018174,ZWE,400249
11505285,248,6762,2020,0.0,54922.0,-1.039532,-1.12853,ZWE,400249
11505286,249,6762,1995,4462479.0,27532299.0,1.345205,1.9337389999999999,TWN,400249
11505287,249,6762,1996,5993738.0,22792909.0,1.432225,1.675389,TWN,400249
11505288,249,6762,1997,4998811.0,27483791.0,1.317672,1.800561,TWN,400249
11505289,249,6762,1998,2832075.0,25178840.0,1.224725,1.890322,TWN,400249
11505290,249,6762,1999,3355655.0,24585187.0,1.336816,1.725334,TWN,400249
11505291,249,6762,2000,3473331.0,27048487.0,1.44705,1.475122,TWN,400249
11505292,249,6762,2001,4985392.0,24973262.0,1.5731700000000002,1.353159,TWN,400249
11505293,249,6762,2002,7280837.0,29642595.0,1.683858,1.333601,TWN,400249
11505294,249,6762,2003,7046249.0,27178694.0,1.5924040000000002,1.397843,TWN,400249
11505295,249,6762,2004,5349639.0,28353494.0,1.626307,1.358315,TWN,400249
11505296,249,6762,2005,6718337.0,28451397.0,1.577067,1.3218450000000002,TWN,400249
11505297,249,6762,2006,7573475.0,35887596.0,1.619915,1.2289940000000001,TWN,400249
11505298,249,6762,2007,7623169.0,38945049.0,1.651607,0.974649,TWN,400249
11505299,249,6762,2008,7339541.0,33515064.0,1.611693,0.93875,TWN,400249
11505300,249,6762,2009,5531064.0,25954778.0,1.5763120000000002,0.9567950000000001,TWN,400249
11505301,249,6762,2010,7173450.0,35213078.0,1.766729,0.909335,TWN,400249
11505302,249,6762,2011,9098868.0,41326753.0,1.803234,0.921233,TWN,400249
11505303,249,6762,2012,7779841.0,38370738.0,1.6528,0.9437409999999999,TWN,400249
11505304,249,6762,2013,6799223.0,36462762.0,1.843186,0.9432379999999999,TWN,400249
11505305,249,6762,2014,5076368.0,37332395.0,1.9044189999999999,1.0595139999999998,TWN,400249
11505306,249,6762,2015,4899551.0,31235384.0,1.962832,1.214982,TWN,400249
11505307,249,6762,2016,3405751.0,30211560.0,2.002996,1.39485,TWN,400249
11505308,249,6762,2017,4244960.0,35480759.0,2.0548290000000002,1.2552969999999999,TWN,400249
11505309,249,6762,2018,4473340.0,36780803.0,2.0462540000000002,1.166636,TWN,400249
11505310,249,6762,2019,4915751.0,32207090.0,2.123296,1.1786969999999999,TWN,400249
11505311,249,6762,2020,4076346.0,27900147.0,2.0517060000000003,1.205431,TWN,400249
11505312,250,6762,1995,1898406.0,0.0,1.034518,0.9735149999999999,ANS,400249
11505313,250,6762,1996,2978266.0,96301.0,1.084978,0.901755,ANS,400249
11505314,250,6762,1997,260440.0,4422.0,1.036748,0.851626,ANS,400249
11505315,250,6762,1998,176938.0,0.0,1.144164,1.187425,ANS,400249
11505316,250,6762,1999,45321.0,8720.0,1.130511,0.9547379999999999,ANS,400249
11505317,250,6762,2000,17568.0,16934.0,1.195891,-0.22544,ANS,400249
11505318,250,6762,2001,14370.0,1617.0,1.096023,-0.33562600000000004,ANS,400249
11505319,250,6762,2002,64473.0,11474.0,0.734927,-0.40114099999999997,ANS,400249
11505320,250,6762,2003,1143376.0,10847.0,0.45951499999999995,-0.2312,ANS,400249
11505321,250,6762,2004,3550382.0,69531.0,0.509382,-0.30904299999999996,ANS,400249
11505322,250,6762,2005,315570.0,30067.0,0.63454,-0.41119799999999995,ANS,400249
11505323,250,6762,2006,214984.0,0.0,0.711619,-0.41880200000000006,ANS,400249
11505324,250,6762,2007,443374.0,0.0,0.671936,-0.284418,ANS,400249
11505325,250,6762,2008,262661.0,0.0,0.547909,-0.5303640000000001,ANS,400249
11505326,250,6762,2009,666636.0,0.0,0.582246,-0.10603,ANS,400249
11505327,250,6762,2010,472333.0,121323.0,0.45129600000000003,-0.223517,ANS,400249
11505328,250,6762,2011,1498036.0,127489.0,0.475638,-0.160135,ANS,400249
11505329,250,6762,2012,801618.0,196427.0,0.385997,-0.057784,ANS,400249
11505330,250,6762,2013,183969.0,108948.0,0.628555,0.277602,ANS,400249
11505331,250,6762,2014,602883.0,138008.0,0.506842,0.049545,ANS,400249
11505332,250,6762,2015,253429.0,3248.0,0.377283,-0.092204,ANS,400249
11505333,250,6762,2016,212026.0,4618.0,0.773312,-0.015385,ANS,400249
11505334,250,6762,2017,243095.0,1738.0,0.72523,-0.205046,ANS,400249
11505335,250,6762,2018,38612.0,0.0,0.809991,-0.368737,ANS,400249
11505336,250,6762,2019,47338.0,0.0,0.8996129999999999,-0.152746,ANS,400249
11505337,250,6762,2020,37592.0,4527.0,0.866041,-0.371104,ANS,400249
11505338,0,6763,1995,,,-0.502999,-0.713013,ABW,400251
11505339,0,6763,1996,,,-0.681487,-0.70999,ABW,400251
11505340,0,6763,1997,,,-1.2908190000000002,-0.824577,ABW,400251
11505341,0,6763,1998,,,0.197883,-0.726349,ABW,400251
11505342,0,6763,1999,,,-0.11568599999999998,-0.8296680000000001,ABW,400251
11505343,0,6763,2000,,,0.333381,-0.7784979999999999,ABW,400251
11505344,0,6763,2001,,,-0.084715,-0.844852,ABW,400251
11505345,0,6763,2002,,,0.017075999999999997,-0.844024,ABW,400251
11505346,0,6763,2003,,,-0.13006600000000001,-0.783431,ABW,400251
11505347,0,6763,2004,,,-0.30244099999999996,-0.892926,ABW,400251
11505348,0,6763,2005,,,0.409159,-0.712276,ABW,400251
11505349,0,6763,2006,,,0.15112799999999998,-0.752631,ABW,400251
11505350,0,6763,2007,,,-0.100145,-0.7896920000000001,ABW,400251
11505351,0,6763,2008,,,-0.13050499999999998,-0.7932560000000001,ABW,400251
11505352,0,6763,2009,,,0.770077,-0.71001,ABW,400251
11505353,0,6763,2010,,,0.9906219999999999,0.159993,ABW,400251
11505354,0,6763,2011,,,-0.282585,-0.71273,ABW,400251
11505355,0,6763,2012,,,0.262866,-0.531974,ABW,400251
11505356,0,6763,2013,,,0.913235,-0.149061,ABW,400251
11505357,0,6763,2014,,,0.779539,-0.32255700000000004,ABW,400251
11505358,0,6763,2015,,,0.8526809999999999,-0.043541,ABW,400251
11505359,0,6763,2016,,,0.9052,0.253571,ABW,400251
11505360,0,6763,2017,,,0.845843,0.165178,ABW,400251
11505361,0,6763,2018,,,0.8710549999999999,0.084402,ABW,400251
11505362,0,6763,2019,,,1.077214,-0.060235000000000004,ABW,400251
11505363,0,6763,2020,,,0.725364,-0.244535,ABW,400251
11505364,1,6763,1995,,,-0.44388199999999994,-0.631151,AFG,400251
11505365,1,6763,1996,,,-0.31642600000000004,-0.620458,AFG,400251
11505366,1,6763,1997,,,0.019025999999999998,-0.351461,AFG,400251
11505367,1,6763,1998,,,-0.323818,-0.698422,AFG,400251
11505368,1,6763,1999,,,-0.28520500000000004,-0.635241,AFG,400251
11505369,1,6763,2000,,,-0.19908399999999998,-0.519908,AFG,400251
11505370,1,6763,2001,,,-0.033686,-0.46412700000000007,AFG,400251
11505371,1,6763,2002,,,-0.262812,-0.503955,AFG,400251
11505372,1,6763,2003,,,-0.421205,-0.602704,AFG,400251
11505373,1,6763,2004,,,-0.6831550000000001,-0.756696,AFG,400251
11505374,1,6763,2005,,,-0.173509,-0.42569799999999997,AFG,400251
11505375,1,6763,2006,,,-0.626011,-0.6799689999999999,AFG,400251
11505376,1,6763,2007,,,-0.745981,-0.682003,AFG,400251
11505377,1,6763,2008,,,-0.23668000000000003,-0.344418,AFG,400251
11505378,1,6763,2009,,,-0.424354,-0.563383,AFG,400251
11505379,1,6763,2010,,,-0.054633,-0.102103,AFG,400251
11505380,1,6763,2011,0.0,8822.0,-0.8426809999999999,-0.640418,AFG,400251
11505381,1,6763,2012,0.0,2142.0,-0.711192,-1.0911629999999999,AFG,400251
11505382,1,6763,2013,,,-0.985727,-0.7164550000000001,AFG,400251
11505383,1,6763,2014,,,-0.924386,-0.839385,AFG,400251
11505384,1,6763,2015,,,-1.249655,-0.9094459999999999,AFG,400251
11505385,1,6763,2016,,,-1.497486,-1.002342,AFG,400251
11505386,1,6763,2017,,,-1.147348,-0.886799,AFG,400251
11505387,1,6763,2018,,,-1.267508,-0.8494940000000001,AFG,400251
11505388,1,6763,2019,,,-1.187576,-0.7731979999999999,AFG,400251
11505389,1,6763,2020,,,-1.178987,-0.815577,AFG,400251
11505390,2,6763,1995,0.0,1494.0,-2.2342459999999997,-1.1147639999999999,AGO,400251
11505391,2,6763,1996,,,-2.3109900000000003,-1.172849,AGO,400251
11505392,2,6763,1997,,,-1.574236,-1.1722219999999999,AGO,400251
11505393,2,6763,1998,,,-1.679223,-1.213275,AGO,400251
11505394,2,6763,1999,,,-1.383262,-1.20434,AGO,400251
11505395,2,6763,2000,0.0,15839.0,-1.998198,-1.205407,AGO,400251
11505396,2,6763,2001,,,-1.523823,-1.214093,AGO,400251
11505397,2,6763,2002,,,-2.018135,-1.222751,AGO,400251
11505398,2,6763,2003,,,-1.8762919999999998,-1.176541,AGO,400251
11505399,2,6763,2004,,,-0.8513709999999999,-1.173397,AGO,400251
11505400,2,6763,2005,,,-1.647198,-1.1817790000000001,AGO,400251
11505401,2,6763,2006,,,-2.0822979999999998,-1.176767,AGO,400251
11505402,2,6763,2007,,,-1.6925709999999998,-1.1987290000000002,AGO,400251
11505403,2,6763,2008,,,-2.0318669999999996,-1.149931,AGO,400251
11505404,2,6763,2009,,,-0.809438,-1.190006,AGO,400251
11505405,2,6763,2010,,,-1.3711010000000001,-1.170608,AGO,400251
11505406,2,6763,2011,0.0,50889.0,-1.252991,-1.132314,AGO,400251
11505407,2,6763,2012,0.0,56202.0,-1.521092,-1.157031,AGO,400251
11505408,2,6763,2013,0.0,113967.0,-1.172043,-1.133735,AGO,400251
11505409,2,6763,2014,0.0,110129.0,-1.8184900000000002,-1.149191,AGO,400251
11505410,2,6763,2015,0.0,43248.0,-1.6542,-1.2598989999999999,AGO,400251
11505411,2,6763,2016,0.0,30834.0,-1.313517,-1.262761,AGO,400251
11505412,2,6763,2017,0.0,17116.0,-1.408777,-1.215475,AGO,400251
11505413,2,6763,2018,0.0,14872.0,-1.489191,-1.213992,AGO,400251
11505414,2,6763,2019,,,-1.096127,-1.195434,AGO,400251
11505415,2,6763,2020,,,-1.7948709999999999,-1.199555,AGO,400251
11505416,3,6763,1995,,,1.39062,-0.102344,AIA,400251
11505417,3,6763,1996,,,0.9183969999999999,-0.126271,AIA,400251
11505418,3,6763,1997,,,1.2688760000000001,0.19008599999999998,AIA,400251
11505419,3,6763,1998,,,0.8829440000000001,-0.185175,AIA,400251
11505420,3,6763,1999,,,0.9031899999999999,-0.402341,AIA,400251
11505421,3,6763,2000,,,1.57991,0.160971,AIA,400251
11505422,3,6763,2001,,,1.1659469999999998,0.12369000000000001,AIA,400251
11505423,3,6763,2002,,,1.801822,0.172557,AIA,400251
11505424,3,6763,2003,,,1.159575,-0.060911,AIA,400251
11505425,3,6763,2004,,,1.14242,-0.061847000000000006,AIA,400251
11505426,3,6763,2005,,,0.9438139999999999,-0.331494,AIA,400251
11505427,3,6763,2006,,,1.4066610000000002,-0.166941,AIA,400251
11505428,3,6763,2007,,,1.204732,-0.009463,AIA,400251
11505429,3,6763,2008,,,1.3673950000000001,0.124948,AIA,400251
11505430,3,6763,2009,,,1.5343360000000001,-0.035211,AIA,400251
11505431,3,6763,2010,,,1.127307,0.035098000000000004,AIA,400251
11505432,3,6763,2011,,,1.3921459999999999,0.126905,AIA,400251
11505433,3,6763,2012,,,1.300748,0.187379,AIA,400251
11505434,3,6763,2013,,,1.5827879999999999,0.127141,AIA,400251
11505435,3,6763,2014,,,0.926517,-0.498487,AIA,400251
11505436,3,6763,2015,,,0.903682,-0.046925,AIA,400251
11505437,3,6763,2016,,,1.0810790000000001,-0.20086400000000001,AIA,400251
11505438,3,6763,2017,,,1.0311569999999999,-0.098749,AIA,400251
11505439,3,6763,2018,,,1.345238,-0.050174,AIA,400251
11505440,3,6763,2019,,,0.9469639999999999,-0.526437,AIA,400251
11505441,3,6763,2020,,,1.453992,-0.357415,AIA,400251
11505442,4,6763,1995,,,-0.39273,-0.47259300000000004,ALB,400251
11505443,4,6763,1996,,,-0.309992,-0.039541,ALB,400251
11505444,4,6763,1997,,,-0.32351599999999997,-0.170449,ALB,400251
11505445,4,6763,1998,,,-0.37657399999999996,-0.201006,ALB,400251
11505446,4,6763,1999,,,-0.281783,-0.10076399999999999,ALB,400251
11505447,4,6763,2000,,,-0.083425,0.080963,ALB,400251
11505448,4,6763,2001,,,-0.054125,0.104298,ALB,400251
11505449,4,6763,2002,6256.0,0.0,-0.127828,-0.126857,ALB,400251
11505450,4,6763,2003,,,-0.053595000000000004,0.166034,ALB,400251
11505451,4,6763,2004,,,-0.131892,0.14985199999999999,ALB,400251
11505452,4,6763,2005,0.0,25671.0,-0.156823,0.187042,ALB,400251
11505453,4,6763,2006,,,-0.340932,-0.06302200000000001,ALB,400251
11505454,4,6763,2007,,,-0.20616700000000002,-0.016993,ALB,400251
11505455,4,6763,2008,,,-0.252894,-0.0071400000000000005,ALB,400251
11505456,4,6763,2009,,,-0.41612200000000005,-0.256639,ALB,400251
11505457,4,6763,2010,0.0,20439.0,-0.5316,-0.219561,ALB,400251
11505458,4,6763,2011,,,-0.331435,-0.034828,ALB,400251
11505459,4,6763,2012,,,-0.355898,-0.017434,ALB,400251
11505460,4,6763,2013,,,-0.53682,-0.162391,ALB,400251
11505461,4,6763,2014,,,-0.476024,-0.33978400000000003,ALB,400251
11505462,4,6763,2015,,,-0.601875,-0.27003,ALB,400251
11505463,4,6763,2016,,,-0.534645,-0.09027,ALB,400251
11505464,4,6763,2017,,,-0.44769899999999996,-0.17193,ALB,400251
11505465,4,6763,2018,,,-0.456481,-0.139655,ALB,400251
11505466,4,6763,2019,,,-0.459614,-0.019257,ALB,400251
11505467,4,6763,2020,,,-0.265229,0.059049000000000004,ALB,400251
11505468,5,6763,1995,,,1.126269,0.577384,AND,400251
11505469,5,6763,1996,,,1.0490059999999999,0.6587189999999999,AND,400251
11505470,5,6763,1997,,,1.087564,0.602846,AND,400251
11505471,5,6763,1998,,,1.079978,0.618452,AND,400251
11505472,5,6763,1999,,,0.98429,0.690354,AND,400251
11505473,5,6763,2000,,,1.0305,0.762984,AND,400251
11505474,5,6763,2001,,,1.049415,0.860241,AND,400251
11505475,5,6763,2002,,,1.1751610000000001,0.8631700000000001,AND,400251
11505476,5,6763,2003,,,1.0901319999999999,0.618693,AND,400251
11505477,5,6763,2004,,,1.268618,0.835359,AND,400251
11505478,5,6763,2005,,,0.990216,0.430967,AND,400251
11505479,5,6763,2006,,,1.03128,0.402281,AND,400251
11505480,5,6763,2007,,,1.178982,0.778379,AND,400251
11505481,5,6763,2008,,,0.971109,0.749296,AND,400251
11505482,5,6763,2009,,,1.002767,0.6733,AND,400251
11505483,5,6763,2010,,,0.8963620000000001,0.7650399999999999,AND,400251
11505484,5,6763,2011,,,0.787289,0.484512,AND,400251
11505485,5,6763,2012,,,0.978527,0.521579,AND,400251
11505486,5,6763,2013,,,0.9666530000000001,-0.159606,AND,400251
11505487,5,6763,2014,,,0.533246,-0.41617,AND,400251
11505488,5,6763,2015,,,0.850153,0.383793,AND,400251
11505489,5,6763,2016,,,1.06885,0.519109,AND,400251
11505490,5,6763,2017,,,1.097505,0.480863,AND,400251
11505491,5,6763,2018,,,0.975648,0.525437,AND,400251
11505492,5,6763,2019,,,0.776042,0.167417,AND,400251
11505493,5,6763,2020,,,1.009457,0.2002,AND,400251
11505494,6,6763,1995,0.0,3217.0,-0.020759,-0.653863,ANT,400251
11505495,6,6763,1996,,,0.29339,-0.572443,ANT,400251
11505496,6,6763,1997,,,0.406411,-0.46148100000000003,ANT,400251
11505497,6,6763,1998,,,0.666616,-0.224404,ANT,400251
11505498,6,6763,1999,,,0.266874,-0.5122220000000001,ANT,400251
11505499,6,6763,2000,,,0.47719799999999996,-0.56103,ANT,400251
11505500,6,6763,2001,,,0.260662,-0.66681,ANT,400251
11505501,6,6763,2002,0.0,3075.0,0.346519,-0.631549,ANT,400251
11505502,6,6763,2003,,,0.108903,-0.650137,ANT,400251
11505503,6,6763,2004,,,0.726256,-0.48520699999999994,ANT,400251
11505504,6,6763,2005,,,-0.294813,-0.7054010000000001,ANT,400251
11505505,6,6763,2006,,,0.251825,-0.629035,ANT,400251
11505506,6,6763,2007,,,0.305773,-0.504676,ANT,400251
11505507,6,6763,2008,,,0.31099,-0.536718,ANT,400251
11505508,6,6763,2009,,,0.351025,-0.699817,ANT,400251
11505509,6,6763,2010,,,-0.08593200000000001,-0.691395,ANT,400251
11505510,6,6763,2011,,,0.166465,-0.722459,ANT,400251
11505511,6,6763,2012,,,,,ANT,400251
11505512,6,6763,2013,,,,,ANT,400251
11505513,6,6763,2014,,,,,ANT,400251
11505514,6,6763,2015,,,,,ANT,400251
11505515,6,6763,2016,,,,,ANT,400251
11505516,6,6763,2017,,,,,ANT,400251
11505517,6,6763,2018,,,1.690827,-0.542337,ANT,400251
11505518,6,6763,2019,,,,,ANT,400251
11505519,6,6763,2020,,,,,ANT,400251
11505520,7,6763,1995,,,-0.205166,-0.6132380000000001,ARE,400251
11505521,7,6763,1996,,,-0.245358,-0.726695,ARE,400251
11505522,7,6763,1997,,,-0.042154000000000004,-0.667389,ARE,400251
11505523,7,6763,1998,13799.0,181677.0,-0.274973,-0.481405,ARE,400251
11505524,7,6763,1999,0.0,213145.0,-0.21921,-0.54813,ARE,400251
11505525,7,6763,2000,0.0,711899.0,-0.111384,-0.490415,ARE,400251
11505526,7,6763,2001,8093.0,1324236.0,-0.193984,-0.457124,ARE,400251
11505527,7,6763,2002,0.0,667018.0,0.044683,-0.247191,ARE,400251
11505528,7,6763,2003,66802.0,136297.0,0.049637,-0.502691,ARE,400251
11505529,7,6763,2004,44012.0,0.0,0.1799,-0.34541900000000003,ARE,400251
11505530,7,6763,2005,43071.0,55778.0,0.11526600000000001,-0.393171,ARE,400251
11505531,7,6763,2006,1256.0,4404.0,0.053903999999999994,-0.735124,ARE,400251
11505532,7,6763,2007,0.0,153892.0,-0.107504,-0.44744300000000004,ARE,400251
11505533,7,6763,2008,60900.0,57059.0,-0.276433,-0.692392,ARE,400251
11505534,7,6763,2009,13311.0,0.0,0.070059,-0.619075,ARE,400251
11505535,7,6763,2010,6059.0,40681.0,0.29457,-0.196371,ARE,400251
11505536,7,6763,2011,32312.0,62308.0,0.030652,-0.450808,ARE,400251
11505537,7,6763,2012,2142.0,165476.0,0.45351499999999995,-0.285021,ARE,400251
11505538,7,6763,2013,26886.0,221099.0,-0.074047,-0.585168,ARE,400251
11505539,7,6763,2014,66130.0,172359.0,0.087775,-0.289459,ARE,400251
11505540,7,6763,2015,2232951.0,139511.0,0.21779600000000002,-0.0047420000000000006,ARE,400251
11505541,7,6763,2016,26061.0,217540.0,0.11037999999999999,0.045327,ARE,400251
11505542,7,6763,2017,52734.0,124200.0,0.210477,0.02557,ARE,400251
11505543,7,6763,2018,42457.0,224482.0,0.11804400000000001,-0.326851,ARE,400251
11505544,7,6763,2019,141501.0,901804.0,-0.165113,-0.8973540000000001,ARE,400251
11505545,7,6763,2020,80553.0,617035.0,-0.118349,-0.789485,ARE,400251
11505546,8,6763,1995,0.0,118300.0,0.245885,0.5489850000000001,ARG,400251
11505547,8,6763,1996,63079.0,99097.0,0.167081,0.433612,ARG,400251
11505548,8,6763,1997,0.0,152377.0,0.273654,0.495389,ARG,400251
11505549,8,6763,1998,15606.0,91376.0,0.272015,0.45031099999999996,ARG,400251
11505550,8,6763,1999,0.0,197940.0,0.49933500000000003,0.593879,ARG,400251
11505551,8,6763,2000,42681.0,101444.0,0.43928999999999996,0.6839189999999999,ARG,400251
11505552,8,6763,2001,110773.0,181554.0,0.287698,0.547137,ARG,400251
11505553,8,6763,2002,73203.0,107283.0,0.284536,0.517425,ARG,400251
11505554,8,6763,2003,7451.0,226224.0,0.302073,0.49069700000000005,ARG,400251
11505555,8,6763,2004,16802.0,230194.0,0.28128600000000004,0.64115,ARG,400251
11505556,8,6763,2005,45315.0,209345.0,0.383772,0.656866,ARG,400251
11505557,8,6763,2006,144178.0,201996.0,0.33055,0.665867,ARG,400251
11505558,8,6763,2007,56862.0,153892.0,0.178214,0.5093850000000001,ARG,400251
11505559,8,6763,2008,988.0,123400.0,0.278837,0.496784,ARG,400251
11505560,8,6763,2009,2883.0,82242.0,0.27637,0.611129,ARG,400251
11505561,8,6763,2010,1473.0,174977.0,0.27458899999999997,0.597907,ARG,400251
11505562,8,6763,2011,0.0,173633.0,0.240494,0.540376,ARG,400251
11505563,8,6763,2012,0.0,151995.0,0.149423,0.5191979999999999,ARG,400251
11505564,8,6763,2013,2093.0,190584.0,0.20314300000000002,0.494062,ARG,400251
11505565,8,6763,2014,0.0,280665.0,0.10691500000000001,0.44860600000000006,ARG,400251
11505566,8,6763,2015,0.0,293589.0,0.116896,0.30330999999999997,ARG,400251
11505567,8,6763,2016,0.0,186427.0,-0.132495,0.16353199999999998,ARG,400251
11505568,8,6763,2017,0.0,169787.0,-0.120753,0.233375,ARG,400251
11505569,8,6763,2018,0.0,176122.0,-0.14316800000000002,0.14356,ARG,400251
11505570,8,6763,2019,0.0,53369.0,-0.136634,0.127073,ARG,400251
11505571,8,6763,2020,0.0,256045.0,-0.14746199999999998,0.039795,ARG,400251
11505572,9,6763,1995,,,0.254546,-0.851535,ARM,400251
11505573,9,6763,1996,,,0.8798090000000001,0.05873300000000001,ARM,400251
11505574,9,6763,1997,41704.0,0.0,1.178568,0.331529,ARM,400251
11505575,9,6763,1998,,,0.848252,-0.159457,ARM,400251
11505576,9,6763,1999,,,0.6218600000000001,-0.174906,ARM,400251
11505577,9,6763,2000,,,0.857776,-0.020538999999999998,ARM,400251
11505578,9,6763,2001,,,0.834168,0.21458000000000002,ARM,400251
11505579,9,6763,2002,,,0.710274,-0.11309000000000001,ARM,400251
11505580,9,6763,2003,,,0.497521,-0.305788,ARM,400251
11505581,9,6763,2004,0.0,2189.0,0.661799,-0.140004,ARM,400251
11505582,9,6763,2005,,,0.435237,-0.436709,ARM,400251
11505583,9,6763,2006,,,0.14539100000000002,-0.558014,ARM,400251
11505584,9,6763,2007,,,0.7169,-0.019251,ARM,400251
11505585,9,6763,2008,,,0.360609,-0.038343,ARM,400251
11505586,9,6763,2009,,,0.24424899999999997,-0.30152399999999996,ARM,400251
11505587,9,6763,2010,,,0.11632,-0.417048,ARM,400251
11505588,9,6763,2011,,,0.543397,-0.029376999999999997,ARM,400251
11505589,9,6763,2012,,,0.49142299999999994,0.033657,ARM,400251
11505590,9,6763,2013,,,-0.076922,-0.5781390000000001,ARM,400251
11505591,9,6763,2014,,,-0.198322,-0.5918680000000001,ARM,400251
11505592,9,6763,2015,,,0.037579,-0.42448800000000003,ARM,400251
11505593,9,6763,2016,,,-0.044982999999999995,-0.518007,ARM,400251
11505594,9,6763,2017,0.0,7218.0,-0.23846799999999999,-0.658774,ARM,400251
11505595,9,6763,2018,,,-0.330516,-0.604744,ARM,400251
11505596,9,6763,2019,0.0,4072.0,-0.203986,-0.667607,ARM,400251
11505597,9,6763,2020,,,-0.129502,-0.671068,ARM,400251
11505598,10,6763,1995,,,,,ASM,400251
11505599,10,6763,1996,,,,,ASM,400251
11505600,10,6763,1997,,,,,ASM,400251
11505601,10,6763,1998,,,,,ASM,400251
11505602,10,6763,1999,,,,,ASM,400251
11505603,10,6763,2000,,,1.142464,0.18513,ASM,400251
11505604,10,6763,2001,,,1.343164,0.15453,ASM,400251
11505605,10,6763,2002,,,1.207516,0.092848,ASM,400251
11505606,10,6763,2003,,,1.0088139999999999,0.096969,ASM,400251
11505607,10,6763,2004,,,1.022895,0.395402,ASM,400251
11505608,10,6763,2005,,,1.448552,0.425875,ASM,400251
11505609,10,6763,2006,,,0.766232,-0.35907,ASM,400251
11505610,10,6763,2007,,,0.8147989999999999,-0.217887,ASM,400251
11505611,10,6763,2008,,,0.671995,-0.161012,ASM,400251
11505612,10,6763,2009,,,0.989991,0.109608,ASM,400251
11505613,10,6763,2010,,,0.966701,0.006139,ASM,400251
11505614,10,6763,2011,,,0.683813,-0.147767,ASM,400251
11505615,10,6763,2012,,,0.96986,-0.246709,ASM,400251
11505616,10,6763,2013,,,0.686489,-0.251618,ASM,400251
11505617,10,6763,2014,0.0,34810.0,0.795219,-0.217498,ASM,400251
11505618,10,6763,2015,,,0.9878959999999999,-0.0613,ASM,400251
11505619,10,6763,2016,,,0.43456300000000003,-0.48827,ASM,400251
11505620,10,6763,2017,,,0.8844139999999999,-0.13786199999999998,ASM,400251
11505621,10,6763,2018,,,1.01754,-0.340514,ASM,400251
11505622,10,6763,2019,,,1.121876,0.061064999999999994,ASM,400251
11505623,10,6763,2020,,,1.135613,-0.247052,ASM,400251
11505624,11,6763,1995,,,,,ATA,400251
11505625,11,6763,1996,,,,,ATA,400251
11505626,11,6763,1997,,,,,ATA,400251
11505627,11,6763,1998,,,,,ATA,400251
11505628,11,6763,1999,,,,,ATA,400251
11505629,11,6763,2000,,,1.690604,-0.541395,ATA,400251
11505630,11,6763,2001,,,0.025889,-0.822216,ATA,400251
11505631,11,6763,2002,,,1.281658,-0.717151,ATA,400251
11505632,11,6763,2003,,,1.654827,-0.57998,ATA,400251
11505633,11,6763,2004,,,1.6855529999999999,-0.639636,ATA,400251
11505634,11,6763,2005,,,1.886624,-0.598132,ATA,400251
11505635,11,6763,2006,,,1.8180889999999998,-0.380529,ATA,400251
11505636,11,6763,2007,,,1.760301,-0.5213770000000001,ATA,400251
11505637,11,6763,2008,0.0,13583.0,1.011391,-0.54108,ATA,400251
11505638,11,6763,2009,,,2.014378,-0.596029,ATA,400251
11505639,11,6763,2010,,,1.337233,0.166186,ATA,400251
11505640,11,6763,2011,,,1.3527360000000002,-0.459545,ATA,400251
11505641,11,6763,2012,,,0.756587,-0.419392,ATA,400251
11505642,11,6763,2013,,,0.542668,-0.645867,ATA,400251
11505643,11,6763,2014,,,1.3498370000000002,-0.197062,ATA,400251
11505644,11,6763,2015,,,1.3470309999999999,-0.277438,ATA,400251
11505645,11,6763,2016,,,1.353034,-0.511497,ATA,400251
11505646,11,6763,2017,,,1.794645,-0.356097,ATA,400251
11505647,11,6763,2018,,,1.348992,-0.53395,ATA,400251
11505648,11,6763,2019,,,1.444007,-0.373372,ATA,400251
11505649,11,6763,2020,,,1.05679,-0.5454140000000001,ATA,400251
11505650,12,6763,1995,,,-0.36803,-0.726442,ATF,400251
11505651,12,6763,1996,,,0.9111940000000001,-0.643588,ATF,400251
11505652,12,6763,1997,,,0.675261,-0.765744,ATF,400251
11505653,12,6763,1998,,,-1.9908700000000001,-0.820471,ATF,400251
11505654,12,6763,1999,,,2.225379,-0.7499819999999999,ATF,400251
11505655,12,6763,2000,,,1.753868,-0.78946,ATF,400251
11505656,12,6763,2001,,,0.859619,-0.755081,ATF,400251
11505657,12,6763,2002,,,1.532758,-0.491439,ATF,400251
11505658,12,6763,2003,,,1.062357,-0.433928,ATF,400251
11505659,12,6763,2004,,,0.8093670000000001,-0.576628,ATF,400251
11505660,12,6763,2005,,,0.173228,-0.701575,ATF,400251
11505661,12,6763,2006,,,0.610775,-0.616283,ATF,400251
11505662,12,6763,2007,,,0.748167,-0.42723900000000004,ATF,400251
11505663,12,6763,2008,,,-0.038752999999999996,-0.7738079999999999,ATF,400251
11505664,12,6763,2009,,,-0.129751,-0.8515290000000001,ATF,400251
11505665,12,6763,2010,,,0.45676300000000003,-0.75267,ATF,400251
11505666,12,6763,2011,,,1.307333,-0.426333,ATF,400251
11505667,12,6763,2012,,,0.783496,-0.519922,ATF,400251
11505668,12,6763,2013,,,0.308415,-0.683897,ATF,400251
11505669,12,6763,2014,,,0.8714149999999999,-0.652,ATF,400251
11505670,12,6763,2015,,,0.7385430000000001,-0.6156,ATF,400251
11505671,12,6763,2016,,,0.589661,-0.733125,ATF,400251
11505672,12,6763,2017,,,0.439795,-0.78242,ATF,400251
11505673,12,6763,2018,,,1.144196,-0.618788,ATF,400251
11505674,12,6763,2019,,,1.100273,-0.637684,ATF,400251
11505675,12,6763,2020,,,0.46278100000000005,-0.782172,ATF,400251
11505676,13,6763,1995,,,-0.06877,-0.550291,ATG,400251
11505677,13,6763,1996,,,0.408319,-0.21640700000000002,ATG,400251
11505678,13,6763,1997,,,0.510371,-0.314213,ATG,400251
11505679,13,6763,1998,,,0.441453,-0.238813,ATG,400251
11505680,13,6763,1999,,,0.6179140000000001,0.156854,ATG,400251
11505681,13,6763,2000,,,0.329016,-0.510285,ATG,400251
11505682,13,6763,2001,,,-0.036838,-0.6593600000000001,ATG,400251
11505683,13,6763,2002,,,0.958779,-0.56295,ATG,400251
11505684,13,6763,2003,,,0.014283,-0.564587,ATG,400251
11505685,13,6763,2004,,,0.257288,-0.645794,ATG,400251
11505686,13,6763,2005,,,-0.31409000000000004,-0.728541,ATG,400251
11505687,13,6763,2006,,,-0.139051,-0.780321,ATG,400251
11505688,13,6763,2007,,,0.5574899999999999,-0.125609,ATG,400251
11505689,13,6763,2008,,,1.041425,0.198248,ATG,400251
11505690,13,6763,2009,,,0.930903,0.279441,ATG,400251
11505691,13,6763,2010,,,1.2153129999999999,0.955838,ATG,400251
11505692,13,6763,2011,,,0.257238,-0.275891,ATG,400251
11505693,13,6763,2012,,,0.8666520000000001,1.1798549999999999,ATG,400251
11505694,13,6763,2013,,,0.096563,-0.60577,ATG,400251
11505695,13,6763,2014,,,0.169764,-0.621576,ATG,400251
11505696,13,6763,2015,,,0.43318,-0.552045,ATG,400251
11505697,13,6763,2016,,,0.19935999999999998,-0.538471,ATG,400251
11505698,13,6763,2017,,,0.42561099999999996,-0.42671099999999995,ATG,400251
11505699,13,6763,2018,,,0.08520499999999999,-0.630757,ATG,400251
11505700,13,6763,2019,,,0.391831,-0.723957,ATG,400251
11505701,13,6763,2020,,,-0.210313,-0.811104,ATG,400251
11505702,14,6763,1995,9512.0,557693.0,0.44442,0.789292,AUS,400251
11505703,14,6763,1996,0.0,330475.0,0.369697,0.78069,AUS,400251
11505704,14,6763,1997,518540.0,246233.0,0.428555,0.798283,AUS,400251
11505705,14,6763,1998,387519.0,70908.0,0.375317,0.8864629999999999,AUS,400251
11505706,14,6763,1999,11582.0,82949.0,0.357101,0.8857879999999999,AUS,400251
11505707,14,6763,2000,29602.0,258400.0,0.279804,0.9355540000000001,AUS,400251
11505708,14,6763,2001,30858.0,29415.0,0.29463,0.772375,AUS,400251
11505709,14,6763,2002,7080.0,25036.0,0.231386,0.771628,AUS,400251
11505710,14,6763,2003,86901.0,36660.0,0.316879,0.9409489999999999,AUS,400251
11505711,14,6763,2004,40575.0,21007.0,0.196641,0.8139460000000001,AUS,400251
11505712,14,6763,2005,141954.0,28948.0,0.18443099999999998,0.489043,AUS,400251
11505713,14,6763,2006,0.0,76075.0,0.067166,0.373148,AUS,400251
11505714,14,6763,2007,0.0,90764.0,0.137686,0.451592,AUS,400251
11505715,14,6763,2008,5474.0,12407.0,-0.171801,-0.012588,AUS,400251
11505716,14,6763,2009,201216.0,31507.0,-0.109286,0.13586900000000002,AUS,400251
11505717,14,6763,2010,3052.0,86868.0,-0.276442,0.062023,AUS,400251
11505718,14,6763,2011,2696.0,23135.0,-0.138148,0.002999,AUS,400251
11505719,14,6763,2012,0.0,12048.0,-0.352742,-0.145405,AUS,400251
11505720,14,6763,2013,0.0,33352.0,-0.31145700000000004,-0.167628,AUS,400251
11505721,14,6763,2014,25523.0,12863.0,-0.398273,-0.17128,AUS,400251
11505722,14,6763,2015,0.0,23448.0,-0.292325,-0.043489,AUS,400251
11505723,14,6763,2016,1470.0,0.0,-0.25955300000000003,0.0011070000000000001,AUS,400251
11505724,14,6763,2017,0.0,4733.0,-0.42427200000000004,-0.152921,AUS,400251
11505725,14,6763,2018,0.0,50788.0,-0.29687199999999997,-0.123116,AUS,400251
11505726,14,6763,2019,0.0,5731.0,-0.294558,-0.180198,AUS,400251
11505727,14,6763,2020,0.0,5677.0,-0.32910500000000004,-0.232963,AUS,400251
11505728,15,6763,1995,13395.0,202877.0,2.000295,0.661255,AUT,400251
11505729,15,6763,1996,2578.0,126096.0,1.9216669999999998,0.659388,AUT,400251
11505730,15,6763,1997,30763.0,58691.0,1.8926189999999998,0.624346,AUT,400251
11505731,15,6763,1998,7502.0,30009.0,1.891966,0.508137,AUT,400251
11505732,15,6763,1999,18518.0,198464.0,1.836804,0.744312,AUT,400251
11505733,15,6763,2000,16471.0,61557.0,1.842429,0.464405,AUT,400251
11505734,15,6763,2001,13972.0,38154.0,1.8571650000000002,0.603191,AUT,400251
11505735,15,6763,2002,12872.0,76104.0,1.8651200000000001,0.48423900000000003,AUT,400251
11505736,15,6763,2003,24923.0,24368.0,1.834977,0.408096,AUT,400251
11505737,15,6763,2004,16924.0,119891.0,1.825391,0.40553,AUT,400251
11505738,15,6763,2005,23211.0,194902.0,1.808359,0.148177,AUT,400251
11505739,15,6763,2006,18687.0,151544.0,1.775669,0.192717,AUT,400251
11505740,15,6763,2007,103131.0,91898.0,1.730088,-0.045543,AUT,400251
11505741,15,6763,2008,71379.0,41431.0,1.634816,-0.078419,AUT,400251
11505742,15,6763,2009,16489.0,49568.0,1.651325,-0.020794,AUT,400251
11505743,15,6763,2010,10313.0,9044.0,1.724315,-0.29379099999999997,AUT,400251
11505744,15,6763,2011,18873.0,13944.0,1.687634,-0.229095,AUT,400251
11505745,15,6763,2012,9029.0,30577.0,1.6092870000000001,-0.29859,AUT,400251
11505746,15,6763,2013,21568.0,61626.0,1.7209240000000001,-0.286892,AUT,400251
11505747,15,6763,2014,7691.0,57615.0,1.7116790000000002,-0.140232,AUT,400251
11505748,15,6763,2015,1308.0,37460.0,1.747098,-0.08026699999999999,AUT,400251
11505749,15,6763,2016,3712.0,56639.0,1.759363,0.127262,AUT,400251
11505750,15,6763,2017,6003.0,11814.0,1.728623,-0.031045999999999997,AUT,400251
11505751,15,6763,2018,41769.0,11510.0,1.774488,-0.21117800000000003,AUT,400251
11505752,15,6763,2019,2592.0,32022.0,1.743927,-0.076778,AUT,400251
11505753,15,6763,2020,54312.0,89222.0,1.6711310000000001,0.059096,AUT,400251
11505754,16,6763,1995,,,-0.084566,-0.839039,AZE,400251
11505755,16,6763,1996,,,0.500442,-0.280796,AZE,400251
11505756,16,6763,1997,,,0.290957,-0.18282,AZE,400251
11505757,16,6763,1998,,,0.344571,-0.321203,AZE,400251
11505758,16,6763,1999,,,-0.076295,-0.742161,AZE,400251
11505759,16,6763,2000,0.0,20487.0,-0.08565700000000001,-0.726073,AZE,400251
11505760,16,6763,2001,,,-0.6731090000000001,-1.037922,AZE,400251
11505761,16,6763,2002,,,-0.41282299999999994,-0.967931,AZE,400251
11505762,16,6763,2003,,,-0.304606,-0.975453,AZE,400251
11505763,16,6763,2004,0.0,3281.0,-0.393221,-0.9494440000000001,AZE,400251
11505764,16,6763,2005,0.0,10970.0,-0.272611,-0.9508709999999999,AZE,400251
11505765,16,6763,2006,,,-0.521304,-1.035764,AZE,400251
11505766,16,6763,2007,0.0,24648.0,-0.897342,-1.174224,AZE,400251
11505767,16,6763,2008,,,-0.7143109999999999,-1.114747,AZE,400251
11505768,16,6763,2009,,,-1.124423,-1.228081,AZE,400251
11505769,16,6763,2010,0.0,20086.0,-1.048424,-1.2030370000000001,AZE,400251
11505770,16,6763,2011,0.0,21212.0,-1.313136,-1.189989,AZE,400251
11505771,16,6763,2012,0.0,3050.0,-0.827783,-1.158852,AZE,400251
11505772,16,6763,2013,,,-0.9232870000000001,-1.165928,AZE,400251
11505773,16,6763,2014,,,-0.909508,-1.165158,AZE,400251
11505774,16,6763,2015,,,-0.983347,-1.231542,AZE,400251
11505775,16,6763,2016,,,-0.909744,-1.180449,AZE,400251
11505776,16,6763,2017,,,-1.022455,-1.199225,AZE,400251
11505777,16,6763,2018,0.0,21213.0,-1.144089,-1.224327,AZE,400251
11505778,16,6763,2019,,,-1.005636,-1.2094209999999999,AZE,400251
11505779,16,6763,2020,0.0,10167.0,-1.142366,-1.2529190000000001,AZE,400251
11505780,17,6763,1995,,,-1.435347,-0.9015,BDI,400251
11505781,17,6763,1996,,,-0.955951,-0.8721180000000001,BDI,400251
11505782,17,6763,1997,,,-1.118475,-0.881657,BDI,400251
11505783,17,6763,1998,,,-1.0261360000000002,-0.872906,BDI,400251
11505784,17,6763,1999,,,-1.601732,-1.003119,BDI,400251
11505785,17,6763,2000,,,-1.262913,-0.923889,BDI,400251
11505786,17,6763,2001,,,-0.554955,-0.755333,BDI,400251
11505787,17,6763,2002,,,-0.333602,-0.648837,BDI,400251
11505788,17,6763,2003,,,-0.550138,-0.759304,BDI,400251
11505789,17,6763,2004,,,-0.939393,-0.919969,BDI,400251
11505790,17,6763,2005,,,-0.7587,-0.820622,BDI,400251
11505791,17,6763,2006,,,-0.033711,-0.48450600000000005,BDI,400251
11505792,17,6763,2007,,,-0.33884899999999996,-0.661017,BDI,400251
11505793,17,6763,2008,,,-0.313815,-0.539678,BDI,400251
11505794,17,6763,2009,,,-0.43971099999999996,-0.575079,BDI,400251
11505795,17,6763,2010,,,-0.922883,-0.748675,BDI,400251
11505796,17,6763,2011,,,-0.8287049999999999,-0.774558,BDI,400251
11505797,17,6763,2012,,,-0.346028,-1.021892,BDI,400251
11505798,17,6763,2013,,,-0.824903,-0.906436,BDI,400251
11505799,17,6763,2014,,,-0.242256,-0.8567879999999999,BDI,400251
11505800,17,6763,2015,,,-0.993318,-1.031194,BDI,400251
11505801,17,6763,2016,,,-1.0141229999999999,-0.908808,BDI,400251
11505802,17,6763,2017,,,-0.637985,-1.051277,BDI,400251
11505803,17,6763,2018,,,-0.654964,-0.9683229999999999,BDI,400251
11505804,17,6763,2019,,,-0.689117,-0.9027209999999999,BDI,400251
11505805,17,6763,2020,,,-0.748203,-0.874817,BDI,400251
11505806,18,6763,1995,1065368.0,338530.0,1.615588,1.394102,BEL,400251
11505807,18,6763,1996,579935.0,490153.0,1.549312,1.273767,BEL,400251
11505808,18,6763,1997,906300.0,210178.0,1.4274069999999999,1.490435,BEL,400251
11505809,18,6763,1998,327330.0,124985.0,1.4740739999999999,1.2530430000000001,BEL,400251
11505810,18,6763,1999,359261.0,116832.0,1.512061,1.253478,BEL,400251
11505811,18,6763,2000,153299.0,116803.0,1.403838,1.349607,BEL,400251
11505812,18,6763,2001,163670.0,503796.0,1.4328370000000001,1.408495,BEL,400251
11505813,18,6763,2002,244333.0,372770.0,1.4097469999999999,1.440169,BEL,400251
11505814,18,6763,2003,366750.0,196044.0,1.361682,1.39536,BEL,400251
11505815,18,6763,2004,232513.0,336747.0,1.350911,1.408209,BEL,400251
11505816,18,6763,2005,436626.0,450074.0,1.275296,1.345063,BEL,400251
11505817,18,6763,2006,847865.0,852271.0,1.2222540000000002,1.383027,BEL,400251
11505818,18,6763,2007,817912.0,9312784.0,1.2880479999999999,1.145724,BEL,400251
11505819,18,6763,2008,217694.0,5008864.0,1.297416,0.9716549999999999,BEL,400251
11505820,18,6763,2009,440382.0,256145.0,1.272011,1.074548,BEL,400251
11505821,18,6763,2010,41410.0,261973.0,1.2224270000000002,1.1276,BEL,400251
11505822,18,6763,2011,51486.0,281199.0,1.221703,1.247961,BEL,400251
11505823,18,6763,2012,196502.0,264396.0,1.107155,1.448274,BEL,400251
11505824,18,6763,2013,2257251.0,534553.0,1.316207,0.972601,BEL,400251
11505825,18,6763,2014,358535.0,257629.0,1.234156,1.226441,BEL,400251
11505826,18,6763,2015,226960.0,160845.0,1.329866,1.100641,BEL,400251
11505827,18,6763,2016,270927.0,285654.0,1.3102610000000001,1.214573,BEL,400251
11505828,18,6763,2017,342048.0,276189.0,1.292657,1.19571,BEL,400251
11505829,18,6763,2018,146708.0,228625.0,1.270641,1.201063,BEL,400251
11505830,18,6763,2019,164139.0,303427.0,1.2555969999999999,1.168642,BEL,400251
11505831,18,6763,2020,34074.0,90932.0,1.204632,1.278346,BEL,400251
11505832,19,6763,1995,,,-1.142708,-0.9045280000000001,BEN,400251
11505833,19,6763,1996,,,-1.0032729999999999,-0.794779,BEN,400251
11505834,19,6763,1997,,,-1.1300780000000001,-0.938398,BEN,400251
11505835,19,6763,1998,,,-0.8198,-0.8584780000000001,BEN,400251
11505836,19,6763,1999,,,-1.033831,-0.858941,BEN,400251
11505837,19,6763,2000,,,-0.9513729999999999,-0.806106,BEN,400251
11505838,19,6763,2001,,,-1.09233,-0.8276969999999999,BEN,400251
11505839,19,6763,2002,,,-0.724829,-0.705625,BEN,400251
11505840,19,6763,2003,,,-1.150888,-0.956203,BEN,400251
11505841,19,6763,2004,,,-1.299345,-0.9871260000000001,BEN,400251
11505842,19,6763,2005,,,-0.7930510000000001,-0.798868,BEN,400251
11505843,19,6763,2006,,,-0.8434360000000001,-0.798307,BEN,400251
11505844,19,6763,2007,,,-1.055882,-0.880178,BEN,400251
11505845,19,6763,2008,,,-1.171101,-0.9600569999999999,BEN,400251
11505846,19,6763,2009,,,-0.93195,-0.813017,BEN,400251
11505847,19,6763,2010,,,-1.0660120000000002,-0.9961190000000001,BEN,400251
11505848,19,6763,2011,,,-1.189478,-0.8684709999999999,BEN,400251
11505849,19,6763,2012,0.0,1472.0,-0.981576,-0.9708200000000001,BEN,400251
11505850,19,6763,2013,,,-0.919968,-0.90691,BEN,400251
11505851,19,6763,2014,,,-0.342225,-0.618789,BEN,400251
11505852,19,6763,2015,,,-0.5641470000000001,-0.8971020000000001,BEN,400251
11505853,19,6763,2016,,,-0.971123,-0.801574,BEN,400251
11505854,19,6763,2017,,,-0.755027,-0.796864,BEN,400251
11505855,19,6763,2018,,,-0.646475,-0.769808,BEN,400251
11505856,19,6763,2019,,,-0.861242,-0.8837440000000001,BEN,400251
11505857,19,6763,2020,,,-0.467344,-0.686191,BEN,400251
11505858,20,6763,1995,,,,,BES,400251
11505859,20,6763,1996,,,,,BES,400251
11505860,20,6763,1997,,,,,BES,400251
11505861,20,6763,1998,,,,,BES,400251
11505862,20,6763,1999,,,,,BES,400251
11505863,20,6763,2000,,,,,BES,400251
11505864,20,6763,2001,,,,,BES,400251
11505865,20,6763,2002,,,,,BES,400251
11505866,20,6763,2003,,,,,BES,400251
11505867,20,6763,2004,,,,,BES,400251
11505868,20,6763,2005,,,,,BES,400251
11505869,20,6763,2006,,,,,BES,400251
11505870,20,6763,2007,,,,,BES,400251
11505871,20,6763,2008,,,,,BES,400251
11505872,20,6763,2009,,,,,BES,400251
11505873,20,6763,2010,,,,,BES,400251
11505874,20,6763,2011,,,2.97261,-0.659454,BES,400251
11505875,20,6763,2012,,,2.314816,-0.677359,BES,400251
11505876,20,6763,2013,,,1.6446889999999998,-0.481741,BES,400251
11505877,20,6763,2014,,,-0.18363,-0.7995760000000001,BES,400251
11505878,20,6763,2015,,,1.036306,-0.715777,BES,400251
11505879,20,6763,2016,,,0.427425,-0.8977280000000001,BES,400251
11505880,20,6763,2017,,,1.1776659999999999,-0.748922,BES,400251
11505881,20,6763,2018,,,0.952758,-0.631328,BES,400251
11505882,20,6763,2019,,,0.41463500000000003,-0.899409,BES,400251
11505883,20,6763,2020,,,0.653039,-0.6295270000000001,BES,400251
11505884,21,6763,1995,,,-0.695354,-0.902185,BFA,400251
11505885,21,6763,1996,,,-0.680996,-0.863442,BFA,400251
11505886,21,6763,1997,,,-0.204096,-0.731299,BFA,400251
11505887,21,6763,1998,,,-0.535488,-0.900509,BFA,400251
11505888,21,6763,1999,,,-0.386471,-0.7413109999999999,BFA,400251
11505889,21,6763,2000,,,-0.020397,-0.32743,BFA,400251
11505890,21,6763,2001,,,-0.291485,-0.20803000000000002,BFA,400251
11505891,21,6763,2002,,,-0.477813,-0.647148,BFA,400251
11505892,21,6763,2003,,,-0.9365690000000001,-0.9699409999999999,BFA,400251
11505893,21,6763,2004,,,-1.000801,-1.00024,BFA,400251
11505894,21,6763,2005,,,-1.193629,-1.031656,BFA,400251
11505895,21,6763,2006,,,-0.9432020000000001,-0.969247,BFA,400251
11505896,21,6763,2007,,,-0.960893,-0.94458,BFA,400251
11505897,21,6763,2008,,,-1.076309,-1.012701,BFA,400251
11505898,21,6763,2009,,,-1.283807,-1.061272,BFA,400251
11505899,21,6763,2010,0.0,1015.0,-0.625747,-0.700651,BFA,400251
11505900,21,6763,2011,,,-1.163278,-1.002332,BFA,400251
11505901,21,6763,2012,,,-0.662994,-0.738795,BFA,400251
11505902,21,6763,2013,,,-0.9110360000000001,-0.852492,BFA,400251
11505903,21,6763,2014,,,-0.922401,-0.9554379999999999,BFA,400251
11505904,21,6763,2015,,,-1.085359,-1.034365,BFA,400251
11505905,21,6763,2016,,,-1.0885790000000002,-1.027005,BFA,400251
11505906,21,6763,2017,,,-1.100802,-1.0632110000000001,BFA,400251
11505907,21,6763,2018,,,-0.8835200000000001,-0.9790620000000001,BFA,400251
11505908,21,6763,2019,,,-0.805181,-0.941847,BFA,400251
11505909,21,6763,2020,,,-0.7634310000000001,-0.938997,BFA,400251
11505910,22,6763,1995,0.0,10734.0,-1.037175,-0.983195,BGD,400251
11505911,22,6763,1996,,,-1.060876,-1.05104,BGD,400251
11505912,22,6763,1997,,,-1.027777,-1.048214,BGD,400251
11505913,22,6763,1998,,,-1.130729,-1.001385,BGD,400251
11505914,22,6763,1999,,,-1.258857,-1.140375,BGD,400251
11505915,22,6763,2000,,,-1.037212,-0.964965,BGD,400251
11505916,22,6763,2001,,,-1.0406739999999999,-1.010108,BGD,400251
11505917,22,6763,2002,,,-1.134933,-1.061633,BGD,400251
11505918,22,6763,2003,,,-1.168404,-1.035782,BGD,400251
11505919,22,6763,2004,,,-1.150444,-0.885333,BGD,400251
11505920,22,6763,2005,,,-1.083754,-0.817738,BGD,400251
11505921,22,6763,2006,0.0,5703.0,-1.0305309999999999,-0.80937,BGD,400251
11505922,22,6763,2007,,,-0.9436469999999999,-0.7200310000000001,BGD,400251
11505923,22,6763,2008,75629.0,11059.0,-0.852774,-0.766779,BGD,400251
11505924,22,6763,2009,46089.0,13257.0,-1.030722,-0.860137,BGD,400251
11505925,22,6763,2010,1510.0,2885.0,-0.974526,-0.76566,BGD,400251
11505926,22,6763,2011,0.0,15206.0,-1.074416,-0.8276370000000001,BGD,400251
11505927,22,6763,2012,0.0,75457.0,-0.8932610000000001,-0.762658,BGD,400251
11505928,22,6763,2013,0.0,85196.0,-1.101916,-0.734646,BGD,400251
11505929,22,6763,2014,0.0,2180.0,-1.0341879999999999,-0.9614870000000001,BGD,400251
11505930,22,6763,2015,0.0,60496.0,-1.088465,-0.8745360000000001,BGD,400251
11505931,22,6763,2016,0.0,161898.0,-1.107523,-1.065009,BGD,400251
11505932,22,6763,2017,0.0,669240.0,-1.016251,-0.987654,BGD,400251
11505933,22,6763,2018,0.0,1164533.0,-0.899467,-0.9823719999999999,BGD,400251
11505934,22,6763,2019,0.0,739978.0,-1.113148,-0.9513299999999999,BGD,400251
11505935,22,6763,2020,0.0,1232475.0,-0.874451,-0.9031309999999999,BGD,400251
11505936,23,6763,1995,0.0,2255.0,0.436138,1.086561,BGR,400251
11505937,23,6763,1996,13954.0,1298.0,0.544265,1.523408,BGR,400251
11505938,23,6763,1997,0.0,16767.0,0.487041,1.287344,BGR,400251
11505939,23,6763,1998,0.0,7164.0,0.382782,1.5844479999999999,BGR,400251
11505940,23,6763,1999,0.0,42164.0,0.311033,1.7375040000000002,BGR,400251
11505941,23,6763,2000,7477.0,5870.0,0.364708,1.66767,BGR,400251
11505942,23,6763,2001,0.0,19514.0,0.41425100000000004,1.639866,BGR,400251
11505943,23,6763,2002,0.0,63801.0,0.37451100000000004,1.573517,BGR,400251
11505944,23,6763,2003,0.0,58642.0,0.43308599999999997,1.7104099999999998,BGR,400251
11505945,23,6763,2004,0.0,56003.0,0.35536,1.499182,BGR,400251
11505946,23,6763,2005,1135.0,58449.0,0.338438,1.495008,BGR,400251
11505947,23,6763,2006,0.0,79557.0,0.414563,1.378005,BGR,400251
11505948,23,6763,2007,0.0,101971.0,0.43321899999999997,1.5696700000000001,BGR,400251
11505949,23,6763,2008,0.0,37950.0,0.44409,1.575399,BGR,400251
11505950,23,6763,2009,0.0,27893.0,0.373594,1.571413,BGR,400251
11505951,23,6763,2010,0.0,746915.0,0.44973,1.445441,BGR,400251
11505952,23,6763,2011,12465.0,1165305.0,0.537967,1.520973,BGR,400251
11505953,23,6763,2012,124628.0,31477.0,0.5611,1.416313,BGR,400251
11505954,23,6763,2013,,,0.5026109999999999,1.674296,BGR,400251
11505955,23,6763,2014,,,0.579058,1.6558110000000001,BGR,400251
11505956,23,6763,2015,0.0,1147.0,0.45640699999999995,1.691455,BGR,400251
11505957,23,6763,2016,0.0,1662.0,0.51707,1.7329130000000001,BGR,400251
11505958,23,6763,2017,,,0.557843,1.7221119999999999,BGR,400251
11505959,23,6763,2018,0.0,4885.0,0.571226,1.836856,BGR,400251
11505960,23,6763,2019,3117.0,0.0,0.572997,1.863346,BGR,400251
11505961,23,6763,2020,35118.0,0.0,0.6328520000000001,1.8517009999999998,BGR,400251
11505962,24,6763,1995,,,-0.239166,-0.8627950000000001,BHR,400251
11505963,24,6763,1996,0.0,4564.0,-0.062207000000000005,-0.840398,BHR,400251
11505964,24,6763,1997,,,-0.021125,-0.914009,BHR,400251
11505965,24,6763,1998,,,-0.044219,-0.859931,BHR,400251
11505966,24,6763,1999,0.0,128019.0,-0.034526,-0.8887200000000001,BHR,400251
11505967,24,6763,2000,,,-0.28305,-0.854878,BHR,400251
11505968,24,6763,2001,,,-0.11008399999999999,-1.053611,BHR,400251
11505969,24,6763,2002,,,-0.146585,-1.006558,BHR,400251
11505970,24,6763,2003,0.0,26493.0,-0.10968800000000001,-1.041032,BHR,400251
11505971,24,6763,2004,,,0.045344999999999996,-1.001059,BHR,400251
11505972,24,6763,2005,,,0.19583599999999998,-0.946515,BHR,400251
11505973,24,6763,2006,0.0,2120.0,0.172724,-0.9449879999999999,BHR,400251
11505974,24,6763,2007,0.0,3053.0,0.500846,-0.845449,BHR,400251
11505975,24,6763,2008,,,0.335334,-0.81372,BHR,400251
11505976,24,6763,2009,0.0,30330.0,0.250645,-0.767742,BHR,400251
11505977,24,6763,2010,,,0.284356,-0.8362,BHR,400251
11505978,24,6763,2011,,,0.04085,-0.873711,BHR,400251
11505979,24,6763,2012,,,0.019798,-0.848549,BHR,400251
11505980,24,6763,2013,0.0,1645.0,0.249681,-0.6204270000000001,BHR,400251
11505981,24,6763,2014,0.0,7641.0,0.460168,-0.41671099999999994,BHR,400251
11505982,24,6763,2015,0.0,53313.0,0.36650900000000003,-0.28735,BHR,400251
11505983,24,6763,2016,0.0,28881.0,0.323348,-0.514446,BHR,400251
11505984,24,6763,2017,,,0.485479,-0.5348890000000001,BHR,400251
11505985,24,6763,2018,,,0.318352,-0.69221,BHR,400251
11505986,24,6763,2019,,,0.378349,-0.621468,BHR,400251
11505987,24,6763,2020,,,0.379085,-0.634111,BHR,400251
11505988,25,6763,1995,0.0,7171.0,0.501206,-0.32106799999999996,BHS,400251
11505989,25,6763,1996,,,0.363917,-0.380614,BHS,400251
11505990,25,6763,1997,,,0.874886,-0.144043,BHS,400251
11505991,25,6763,1998,0.0,2590.0,1.090167,0.25353000000000003,BHS,400251
11505992,25,6763,1999,0.0,3127.0,0.91869,-0.152588,BHS,400251
11505993,25,6763,2000,0.0,979.0,0.943368,0.183559,BHS,400251
11505994,25,6763,2001,0.0,6029.0,0.803267,-0.071853,BHS,400251
11505995,25,6763,2002,0.0,2774.0,0.641626,-0.37892800000000004,BHS,400251
11505996,25,6763,2003,0.0,2453.0,0.614422,-0.40984,BHS,400251
11505997,25,6763,2004,0.0,10886.0,0.620432,-0.513724,BHS,400251
11505998,25,6763,2005,0.0,5076.0,0.299331,-0.641232,BHS,400251
11505999,25,6763,2006,0.0,6704.0,0.673694,-0.519608,BHS,400251
11506000,25,6763,2007,,,0.502698,-0.538612,BHS,400251
11506001,25,6763,2008,,,0.470359,-0.5418890000000001,BHS,400251
11506002,25,6763,2009,0.0,4599.0,0.5451729999999999,-0.496575,BHS,400251
11506003,25,6763,2010,,,0.495262,-0.6198779999999999,BHS,400251
11506004,25,6763,2011,,,0.320669,-0.531655,BHS,400251
11506005,25,6763,2012,0.0,13261.0,0.49453800000000003,-0.405956,BHS,400251
11506006,25,6763,2013,,,0.756732,-0.369842,BHS,400251
11506007,25,6763,2014,,,0.314465,-0.60458,BHS,400251
11506008,25,6763,2015,,,0.669493,-0.37838099999999997,BHS,400251
11506009,25,6763,2016,,,0.605834,-0.430958,BHS,400251
11506010,25,6763,2017,,,0.81944,-0.30649499999999996,BHS,400251
11506011,25,6763,2018,,,0.532998,-0.394906,BHS,400251
11506012,25,6763,2019,0.0,12723.0,-0.10707799999999999,-0.7419720000000001,BHS,400251
11506013,25,6763,2020,,,-0.273982,-0.7174659999999999,BHS,400251
11506014,26,6763,1995,,,0.208931,0.053763,BIH,400251
11506015,26,6763,1996,,,0.679466,0.730425,BIH,400251
11506016,26,6763,1997,0.0,1188.0,0.459512,0.194939,BIH,400251
11506017,26,6763,1998,,,0.290661,0.18068299999999998,BIH,400251
11506018,26,6763,1999,,,0.366494,0.298229,BIH,400251
11506019,26,6763,2000,,,0.283451,0.31568,BIH,400251
11506020,26,6763,2001,,,0.238083,0.362643,BIH,400251
11506021,26,6763,2002,0.0,2002.0,0.26339,0.30287,BIH,400251
11506022,26,6763,2003,0.0,8292.0,0.195667,0.347011,BIH,400251
11506023,26,6763,2004,,,0.385952,0.571774,BIH,400251
11506024,26,6763,2005,,,0.273972,0.468758,BIH,400251
11506025,26,6763,2006,,,0.40788800000000003,0.562854,BIH,400251
11506026,26,6763,2007,,,0.46303199999999994,0.596178,BIH,400251
11506027,26,6763,2008,0.0,1069.0,0.480256,0.810361,BIH,400251
11506028,26,6763,2009,,,0.519113,0.762582,BIH,400251
11506029,26,6763,2010,0.0,986.0,0.462275,0.830405,BIH,400251
11506030,26,6763,2011,0.0,7241.0,0.391425,0.6066600000000001,BIH,400251
11506031,26,6763,2012,0.0,9391.0,0.519844,0.794082,BIH,400251
11506032,26,6763,2013,0.0,5749.0,0.46743199999999996,0.7340800000000001,BIH,400251
11506033,26,6763,2014,,,0.5083300000000001,0.711704,BIH,400251
11506034,26,6763,2015,,,0.355903,0.723092,BIH,400251
11506035,26,6763,2016,,,0.47827700000000006,0.5643100000000001,BIH,400251
11506036,26,6763,2017,,,0.43245,0.726721,BIH,400251
11506037,26,6763,2018,,,0.526392,0.742398,BIH,400251
11506038,26,6763,2019,,,0.6525,0.83988,BIH,400251
11506039,26,6763,2020,,,0.5449470000000001,0.91781,BIH,400251
11506040,27,6763,1995,,,,,BLM,400251
11506041,27,6763,1996,,,,,BLM,400251
11506042,27,6763,1997,,,,,BLM,400251
11506043,27,6763,1998,,,,,BLM,400251
11506044,27,6763,1999,,,,,BLM,400251
11506045,27,6763,2000,,,,,BLM,400251
11506046,27,6763,2001,,,,,BLM,400251
11506047,27,6763,2002,,,,,BLM,400251
11506048,27,6763,2003,,,,,BLM,400251
11506049,27,6763,2004,,,,,BLM,400251
11506050,27,6763,2005,,,,,BLM,400251
11506051,27,6763,2006,,,,,BLM,400251
11506052,27,6763,2007,,,,,BLM,400251
11506053,27,6763,2008,,,,,BLM,400251
11506054,27,6763,2009,,,,,BLM,400251
11506055,27,6763,2010,,,,,BLM,400251
11506056,27,6763,2011,,,,,BLM,400251
11506057,27,6763,2012,,,,,BLM,400251
11506058,27,6763,2013,,,0.975269,-0.301577,BLM,400251
11506059,27,6763,2014,,,0.8636219999999999,-0.499126,BLM,400251
11506060,27,6763,2015,,,0.562426,-0.459475,BLM,400251
11506061,27,6763,2016,,,1.123053,-0.049925,BLM,400251
11506062,27,6763,2017,,,0.49959799999999993,-0.392529,BLM,400251
11506063,27,6763,2018,,,0.773095,-0.104209,BLM,400251
11506064,27,6763,2019,,,0.6343979999999999,-0.19001400000000002,BLM,400251
11506065,27,6763,2020,,,0.8652860000000001,-0.390323,BLM,400251
11506066,28,6763,1995,,,0.5290279999999999,0.27031700000000003,BLR,400251
11506067,28,6763,1996,7923.0,28934.0,0.7285550000000001,0.660716,BLR,400251
11506068,28,6763,1997,0.0,2390.0,0.563179,0.339149,BLR,400251
11506069,28,6763,1998,0.0,8316.0,0.9122049999999999,1.161741,BLR,400251
11506070,28,6763,1999,0.0,11148.0,0.7516579999999999,1.169072,BLR,400251
11506071,28,6763,2000,570.0,2628.0,0.646336,0.8651780000000001,BLR,400251
11506072,28,6763,2001,0.0,20601.0,0.804404,0.936773,BLR,400251
11506073,28,6763,2002,0.0,42769.0,0.825865,1.0148979999999999,BLR,400251
11506074,28,6763,2003,0.0,53176.0,0.847358,0.9307719999999999,BLR,400251
11506075,28,6763,2004,0.0,10990.0,0.8553139999999999,0.703926,BLR,400251
11506076,28,6763,2005,0.0,24400.0,0.934699,0.46211800000000003,BLR,400251
11506077,28,6763,2006,0.0,26810.0,0.919853,0.384409,BLR,400251
11506078,28,6763,2007,,,1.0435889999999999,0.415603,BLR,400251
11506079,28,6763,2008,,,0.9869,0.38977399999999995,BLR,400251
11506080,28,6763,2009,0.0,2499.0,0.977663,0.549549,BLR,400251
11506081,28,6763,2010,,,0.969851,0.593386,BLR,400251
11506082,28,6763,2011,,,0.8786729999999999,0.442097,BLR,400251
11506083,28,6763,2012,,,1.066605,0.6785399999999999,BLR,400251
11506084,28,6763,2013,,,1.036923,0.864568,BLR,400251
11506085,28,6763,2014,0.0,32247.0,0.874108,0.676231,BLR,400251
11506086,28,6763,2015,0.0,8827.0,0.672499,0.5584020000000001,BLR,400251
11506087,28,6763,2016,0.0,2398.0,0.773807,0.827442,BLR,400251
11506088,28,6763,2017,,,0.8115829999999999,0.8323459999999999,BLR,400251
11506089,28,6763,2018,,,0.850089,0.8332870000000001,BLR,400251
11506090,28,6763,2019,0.0,6931.0,0.7849649999999999,0.8951600000000001,BLR,400251
11506091,28,6763,2020,0.0,15906.0,0.858776,1.085652,BLR,400251
11506092,29,6763,1995,,,0.019916999999999997,-0.570529,BLZ,400251
11506093,29,6763,1996,,,-0.341173,-0.670063,BLZ,400251
11506094,29,6763,1997,,,-0.46634200000000003,-0.688645,BLZ,400251
11506095,29,6763,1998,,,-0.103154,-0.580854,BLZ,400251
11506096,29,6763,1999,,,-0.5603319999999999,-0.838239,BLZ,400251
11506097,29,6763,2000,,,-0.620384,-0.718677,BLZ,400251
11506098,29,6763,2001,,,-0.297981,-0.695022,BLZ,400251
11506099,29,6763,2002,,,-0.246977,-0.731156,BLZ,400251
11506100,29,6763,2003,,,-0.543555,-0.7596,BLZ,400251
11506101,29,6763,2004,,,-0.355391,-0.662783,BLZ,400251
11506102,29,6763,2005,,,-0.707427,-0.8586860000000001,BLZ,400251
11506103,29,6763,2006,,,-0.584902,-0.82437,BLZ,400251
11506104,29,6763,2007,,,-0.17825,-0.562535,BLZ,400251
11506105,29,6763,2008,,,-0.922266,-0.881167,BLZ,400251
11506106,29,6763,2009,,,-1.0464040000000001,-0.949774,BLZ,400251
11506107,29,6763,2010,0.0,3187.0,-0.559172,-0.739977,BLZ,400251
11506108,29,6763,2011,,,-0.382684,-0.581376,BLZ,400251
11506109,29,6763,2012,,,-0.403404,-0.6691159999999999,BLZ,400251
11506110,29,6763,2013,,,-0.35218299999999997,-0.508891,BLZ,400251
11506111,29,6763,2014,,,-0.324446,-0.552126,BLZ,400251
11506112,29,6763,2015,,,-0.24283600000000002,-0.577408,BLZ,400251
11506113,29,6763,2016,,,-0.527601,-0.680647,BLZ,400251
11506114,29,6763,2017,,,-0.284062,-0.711108,BLZ,400251
11506115,29,6763,2018,,,-0.15867699999999998,-0.6393989999999999,BLZ,400251
11506116,29,6763,2019,,,-0.484834,-0.638616,BLZ,400251
11506117,29,6763,2020,,,-0.145757,-0.59123,BLZ,400251
11506118,30,6763,1995,,,0.897532,-0.394633,BMU,400251
11506119,30,6763,1996,,,1.037215,-0.408235,BMU,400251
11506120,30,6763,1997,,,1.069048,-0.35702399999999995,BMU,400251
11506121,30,6763,1998,,,0.900948,-0.340868,BMU,400251
11506122,30,6763,1999,0.0,9960.0,0.659772,-0.357746,BMU,400251
11506123,30,6763,2000,,,0.9415100000000001,-0.466488,BMU,400251
11506124,30,6763,2001,,,1.1006129999999998,-0.5565329999999999,BMU,400251
11506125,30,6763,2002,,,1.129,-0.476633,BMU,400251
11506126,30,6763,2003,,,0.9966459999999999,-0.5183270000000001,BMU,400251
11506127,30,6763,2004,,,1.024248,-0.499122,BMU,400251
11506128,30,6763,2005,,,0.324479,-0.701032,BMU,400251
11506129,30,6763,2006,,,0.491259,-0.603062,BMU,400251
11506130,30,6763,2007,,,0.598129,-0.635616,BMU,400251
11506131,30,6763,2008,,,-0.037808999999999995,-0.766089,BMU,400251
11506132,30,6763,2009,,,0.917207,-0.654219,BMU,400251
11506133,30,6763,2010,,,0.46139300000000005,-0.6651590000000001,BMU,400251
11506134,30,6763,2011,0.0,3148.0,0.576438,-0.48277299999999995,BMU,400251
11506135,30,6763,2012,,,1.037882,-0.260067,BMU,400251
11506136,30,6763,2013,,,1.087677,-0.452984,BMU,400251
11506137,30,6763,2014,0.0,5764.0,1.217808,-0.16376300000000002,BMU,400251
11506138,30,6763,2015,,,0.974592,-0.636426,BMU,400251
11506139,30,6763,2016,,,0.913218,-0.62813,BMU,400251
11506140,30,6763,2017,,,1.06318,-0.48345,BMU,400251
11506141,30,6763,2018,,,0.42484399999999994,-0.70587,BMU,400251
11506142,30,6763,2019,,,0.875265,-0.498062,BMU,400251
11506143,30,6763,2020,,,0.6924859999999999,-0.623079,BMU,400251
11506144,31,6763,1995,0.0,23612.0,-0.440583,-0.688389,BOL,400251
11506145,31,6763,1996,0.0,15552.0,-0.589432,-0.7781,BOL,400251
11506146,31,6763,1997,0.0,15996.0,-0.697563,-0.8841479999999999,BOL,400251
11506147,31,6763,1998,0.0,7234.0,-0.49860699999999997,-0.748521,BOL,400251
11506148,31,6763,1999,0.0,19284.0,-0.398285,-0.6362,BOL,400251
11506149,31,6763,2000,,,-0.612117,-0.6797479999999999,BOL,400251
11506150,31,6763,2001,0.0,1328.0,-0.680108,-0.678143,BOL,400251
11506151,31,6763,2002,,,-0.885342,-0.819517,BOL,400251
11506152,31,6763,2003,,,-0.787995,-0.7228899999999999,BOL,400251
11506153,31,6763,2004,,,-0.9288489999999999,-0.929884,BOL,400251
11506154,31,6763,2005,,,-0.968893,-0.862433,BOL,400251
11506155,31,6763,2006,,,-0.805185,-0.754091,BOL,400251
11506156,31,6763,2007,,,-1.021595,-0.955375,BOL,400251
11506157,31,6763,2008,,,-0.852975,-0.88041,BOL,400251
11506158,31,6763,2009,,,-0.909969,-0.8899879999999999,BOL,400251
11506159,31,6763,2010,,,-0.83736,-0.812473,BOL,400251
11506160,31,6763,2011,,,-0.818593,-0.8701770000000001,BOL,400251
11506161,31,6763,2012,,,-0.709307,-0.813228,BOL,400251
11506162,31,6763,2013,,,-1.039614,-0.95663,BOL,400251
11506163,31,6763,2014,,,-1.129494,-1.030198,BOL,400251
11506164,31,6763,2015,,,-1.051562,-1.067714,BOL,400251
11506165,31,6763,2016,0.0,1050.0,-1.061758,-1.041501,BOL,400251
11506166,31,6763,2017,,,-1.158425,-1.076242,BOL,400251
11506167,31,6763,2018,,,-1.153953,-1.070749,BOL,400251
11506168,31,6763,2019,,,-1.012748,-0.999245,BOL,400251
11506169,31,6763,2020,,,-0.835558,-0.9611350000000001,BOL,400251
11506170,32,6763,1995,232571.0,27018.0,0.687171,1.188647,BRA,400251
11506171,32,6763,1996,216427.0,18186.0,0.699658,1.271724,BRA,400251
11506172,32,6763,1997,149903.0,50460.0,0.718336,1.203066,BRA,400251
11506173,32,6763,1998,123004.0,44648.0,0.768101,1.04589,BRA,400251
11506174,32,6763,1999,89864.0,8707.0,0.762468,1.191759,BRA,400251
11506175,32,6763,2000,269734.0,357853.0,0.792556,1.219394,BRA,400251
11506176,32,6763,2001,161471.0,283151.0,0.672496,1.051848,BRA,400251
11506177,32,6763,2002,221431.0,213642.0,0.677883,1.0227190000000002,BRA,400251
11506178,32,6763,2003,175590.0,318754.0,0.660576,1.118876,BRA,400251
11506179,32,6763,2004,156095.0,178590.0,0.540718,1.149065,BRA,400251
11506180,32,6763,2005,483369.0,385498.0,0.567638,1.139122,BRA,400251
11506181,32,6763,2006,248100.0,471700.0,0.633889,1.1474520000000001,BRA,400251
11506182,32,6763,2007,261217.0,527258.0,0.582859,1.137225,BRA,400251
11506183,32,6763,2008,806588.0,463030.0,0.444687,0.904332,BRA,400251
11506184,32,6763,2009,98385.0,136473.0,0.35447199999999995,0.8522360000000001,BRA,400251
11506185,32,6763,2010,126578.0,157966.0,0.40715500000000004,0.6208100000000001,BRA,400251
11506186,32,6763,2011,40993.0,100754.0,0.27718400000000004,0.5674319999999999,BRA,400251
11506187,32,6763,2012,59340.0,152032.0,0.305614,0.6357189999999999,BRA,400251
11506188,32,6763,2013,54408.0,287797.0,0.14765899999999998,0.399262,BRA,400251
11506189,32,6763,2014,56117.0,212786.0,0.218223,0.556921,BRA,400251
11506190,32,6763,2015,91123.0,21147.0,0.23656799999999997,0.688607,BRA,400251
11506191,32,6763,2016,68769.0,60381.0,0.245919,0.661809,BRA,400251
11506192,32,6763,2017,74603.0,44709.0,0.145224,0.483461,BRA,400251
11506193,32,6763,2018,103831.0,40898.0,0.143397,0.582092,BRA,400251
11506194,32,6763,2019,76249.0,182375.0,0.076947,0.660604,BRA,400251
11506195,32,6763,2020,4557346.0,53655.0,0.054622000000000004,0.532291,BRA,400251
11506196,33,6763,1995,,,1.055447,0.422738,BRB,400251
11506197,33,6763,1996,,,0.9384979999999999,0.147479,BRB,400251
11506198,33,6763,1997,,,0.896769,0.22225300000000003,BRB,400251
11506199,33,6763,1998,,,0.888487,0.469408,BRB,400251
11506200,33,6763,1999,,,0.878015,0.413308,BRB,400251
11506201,33,6763,2000,2478.0,0.0,0.765428,0.418063,BRB,400251
11506202,33,6763,2001,,,0.725546,0.172345,BRB,400251
11506203,33,6763,2002,,,0.762217,0.004367,BRB,400251
11506204,33,6763,2003,,,0.744166,0.074191,BRB,400251
11506205,33,6763,2004,,,0.8541559999999999,0.25895799999999997,BRB,400251
11506206,33,6763,2005,,,0.916402,0.262466,BRB,400251
11506207,33,6763,2006,,,0.977267,0.6046560000000001,BRB,400251
11506208,33,6763,2007,,,1.006332,0.680391,BRB,400251
11506209,33,6763,2008,,,0.761035,0.615472,BRB,400251
11506210,33,6763,2009,,,0.8652620000000001,0.796057,BRB,400251
11506211,33,6763,2010,,,0.7076140000000001,0.434993,BRB,400251
11506212,33,6763,2011,,,0.445982,0.204672,BRB,400251
11506213,33,6763,2012,,,0.6746310000000001,0.45502700000000007,BRB,400251
11506214,33,6763,2013,,,0.6969489999999999,0.135283,BRB,400251
11506215,33,6763,2014,,,0.44968400000000003,-0.15268900000000002,BRB,400251
11506216,33,6763,2015,,,0.453689,0.039237,BRB,400251
11506217,33,6763,2016,,,0.613282,0.06728200000000001,BRB,400251
11506218,33,6763,2017,,,0.589793,-0.004488000000000001,BRB,400251
11506219,33,6763,2018,0.0,5616.0,0.487166,-0.129388,BRB,400251
11506220,33,6763,2019,,,0.6228199999999999,-0.10803499999999999,BRB,400251
11506221,33,6763,2020,,,0.666435,0.060089,BRB,400251
11506222,34,6763,1995,,,-0.979701,-0.85456,BRN,400251
11506223,34,6763,1996,,,-0.848331,-0.779511,BRN,400251
11506224,34,6763,1997,,,-0.092276,-0.772393,BRN,400251
11506225,34,6763,1998,,,-0.445218,-0.833083,BRN,400251
11506226,34,6763,1999,,,-1.417607,-1.011226,BRN,400251
11506227,34,6763,2000,,,-1.603399,-1.027332,BRN,400251
11506228,34,6763,2001,,,-0.8654209999999999,-0.930599,BRN,400251
11506229,34,6763,2002,,,-1.7894169999999998,-1.034672,BRN,400251
11506230,34,6763,2003,,,-1.342738,-0.978633,BRN,400251
11506231,34,6763,2004,,,-1.271325,-1.03277,BRN,400251
11506232,34,6763,2005,,,-2.009712,-1.02596,BRN,400251
11506233,34,6763,2006,,,-1.331831,-0.9170940000000001,BRN,400251
11506234,34,6763,2007,,,-1.118219,-0.924797,BRN,400251
11506235,34,6763,2008,,,-1.7609099999999998,-0.8835959999999999,BRN,400251
11506236,34,6763,2009,0.0,5534.0,-1.371042,-0.9792120000000001,BRN,400251
11506237,34,6763,2010,,,0.717167,-0.764841,BRN,400251
11506238,34,6763,2011,,,-0.171775,-0.6656810000000001,BRN,400251
11506239,34,6763,2012,,,-2.758339,-0.931008,BRN,400251
11506240,34,6763,2013,,,-0.866827,-0.795995,BRN,400251
11506241,34,6763,2014,,,0.191357,-0.683567,BRN,400251
11506242,34,6763,2015,,,1.093564,-0.679211,BRN,400251
11506243,34,6763,2016,,,0.078764,-0.8103670000000001,BRN,400251
11506244,34,6763,2017,,,0.270525,-0.747949,BRN,400251
11506245,34,6763,2018,0.0,1939.0,0.562198,-0.774457,BRN,400251
11506246,34,6763,2019,0.0,2993.0,0.9608620000000001,-0.7012619999999999,BRN,400251
11506247,34,6763,2020,,,0.432569,-0.8083779999999999,BRN,400251
11506248,35,6763,1995,,,0.10779000000000001,-0.609193,BTN,400251
11506249,35,6763,1996,,,-0.20093699999999998,-0.754797,BTN,400251
11506250,35,6763,1997,,,0.170623,-0.650595,BTN,400251
11506251,35,6763,1998,,,0.003229,-0.582997,BTN,400251
11506252,35,6763,1999,,,-0.089814,-0.630333,BTN,400251
11506253,35,6763,2000,,,0.44639799999999996,-0.45978199999999997,BTN,400251
11506254,35,6763,2001,,,0.380727,-0.529766,BTN,400251
11506255,35,6763,2002,,,0.23072800000000002,-0.541596,BTN,400251
11506256,35,6763,2003,,,0.22564800000000002,-0.460741,BTN,400251
11506257,35,6763,2004,,,-0.050289,-0.697735,BTN,400251
11506258,35,6763,2005,,,0.0036079999999999997,-0.483849,BTN,400251
11506259,35,6763,2006,,,-0.016287,-0.561397,BTN,400251
11506260,35,6763,2007,,,-0.147438,-0.68999,BTN,400251
11506261,35,6763,2008,,,-0.465287,-0.84941,BTN,400251
11506262,35,6763,2009,,,-0.16578900000000002,-0.7013560000000001,BTN,400251
11506263,35,6763,2010,,,-0.10866300000000001,-0.5950270000000001,BTN,400251
11506264,35,6763,2011,,,-0.022021000000000002,-0.5282439999999999,BTN,400251
11506265,35,6763,2012,,,-0.125782,-0.49636099999999994,BTN,400251
11506266,35,6763,2013,,,-0.065218,-0.787495,BTN,400251
11506267,35,6763,2014,,,-0.24597199999999997,-0.758838,BTN,400251
11506268,35,6763,2015,,,-0.55347,-0.8795219999999999,BTN,400251
11506269,35,6763,2016,,,-0.28638,-0.8311069999999999,BTN,400251
11506270,35,6763,2017,,,-0.167518,-0.7758520000000001,BTN,400251
11506271,35,6763,2018,,,-0.168694,-0.77871,BTN,400251
11506272,35,6763,2019,,,0.008482,-0.767876,BTN,400251
11506273,35,6763,2020,,,0.108769,-0.728705,BTN,400251
11506274,36,6763,1995,,,,,BVT,400251
11506275,36,6763,1996,,,,,BVT,400251
11506276,36,6763,1997,,,,,BVT,400251
11506277,36,6763,1998,,,,,BVT,400251
11506278,36,6763,1999,,,,,BVT,400251
11506279,36,6763,2000,,,0.23491199999999998,-0.8698319999999999,BVT,400251
11506280,36,6763,2001,,,2.411696,-0.8244940000000001,BVT,400251
11506281,36,6763,2002,,,0.516423,-0.789674,BVT,400251
11506282,36,6763,2003,,,1.6794259999999999,-0.695589,BVT,400251
11506283,36,6763,2004,,,0.5410119999999999,-0.804279,BVT,400251
11506284,36,6763,2005,,,1.31643,-0.701706,BVT,400251
11506285,36,6763,2006,,,0.9683930000000001,-0.6665840000000001,BVT,400251
11506286,36,6763,2007,,,1.1512200000000001,-0.42272,BVT,400251
11506287,36,6763,2008,,,1.7788130000000002,0.183341,BVT,400251
11506288,36,6763,2009,,,0.936732,-0.438837,BVT,400251
11506289,36,6763,2010,,,0.551459,-0.540175,BVT,400251
11506290,36,6763,2011,,,1.467633,-0.050186,BVT,400251
11506291,36,6763,2012,,,1.135468,-0.38882,BVT,400251
11506292,36,6763,2013,,,0.6491520000000001,-0.746413,BVT,400251
11506293,36,6763,2014,,,0.24943099999999999,-0.7255189999999999,BVT,400251
11506294,36,6763,2015,,,0.37751799999999996,-0.843202,BVT,400251
11506295,36,6763,2016,,,1.279944,-0.741259,BVT,400251
11506296,36,6763,2017,,,2.018459,-0.700299,BVT,400251
11506297,36,6763,2018,,,1.0599450000000001,-0.810874,BVT,400251
11506298,36,6763,2019,,,0.9131040000000001,-0.830306,BVT,400251
11506299,36,6763,2020,,,0.295207,-0.873441,BVT,400251
11506300,37,6763,1995,,,,,BWA,400251
11506301,37,6763,1996,,,,,BWA,400251
11506302,37,6763,1997,,,,,BWA,400251
11506303,37,6763,1998,,,,,BWA,400251
11506304,37,6763,1999,,,,,BWA,400251
11506305,37,6763,2000,0.0,36483.0,-0.633691,-1.120255,BWA,400251
11506306,37,6763,2001,,,-0.42690100000000003,-1.081372,BWA,400251
11506307,37,6763,2002,,,-0.14025,-1.018399,BWA,400251
11506308,37,6763,2003,,,-0.517317,-1.1125770000000001,BWA,400251
11506309,37,6763,2004,0.0,9330.0,-0.8574229999999999,-1.191754,BWA,400251
11506310,37,6763,2005,,,-0.857577,-1.1514229999999999,BWA,400251
11506311,37,6763,2006,,,-1.0541459999999998,-1.179286,BWA,400251
11506312,37,6763,2007,,,-0.8557239999999999,-1.1712989999999999,BWA,400251
11506313,37,6763,2008,,,-0.191616,-0.848397,BWA,400251
11506314,37,6763,2009,,,-0.008142,-0.599115,BWA,400251
11506315,37,6763,2010,0.0,1702.0,-0.181373,-0.714376,BWA,400251
11506316,37,6763,2011,26991.0,0.0,-0.48782600000000004,-1.051639,BWA,400251
11506317,37,6763,2012,,,-0.424469,-1.043248,BWA,400251
11506318,37,6763,2013,,,-0.46761499999999995,-1.0842040000000002,BWA,400251
11506319,37,6763,2014,,,-0.60221,-1.104578,BWA,400251
11506320,37,6763,2015,0.0,6852.0,-0.14164200000000002,-1.0372059999999999,BWA,400251
11506321,37,6763,2016,,,-0.9927739999999999,-1.260391,BWA,400251
11506322,37,6763,2017,0.0,1798.0,-0.593754,-1.166742,BWA,400251
11506323,37,6763,2018,0.0,2076.0,-0.8339610000000001,-1.184307,BWA,400251
11506324,37,6763,2019,0.0,1132.0,-0.492807,-1.152651,BWA,400251
11506325,37,6763,2020,,,-0.8696219999999999,-1.195627,BWA,400251
11506326,38,6763,1995,,,-0.378162,-0.6538010000000001,CAF,400251
11506327,38,6763,1996,,,-1.408316,-0.8695579999999999,CAF,400251
11506328,38,6763,1997,,,-1.192158,-0.902408,CAF,400251
11506329,38,6763,1998,,,-0.64861,-0.771349,CAF,400251
11506330,38,6763,1999,,,-1.079509,-0.9015489999999999,CAF,400251
11506331,38,6763,2000,,,-1.222452,-0.947033,CAF,400251
11506332,38,6763,2001,,,-0.682897,-0.8083140000000001,CAF,400251
11506333,38,6763,2002,,,-0.45315200000000005,-0.764876,CAF,400251
11506334,38,6763,2003,,,-1.342769,-0.905425,CAF,400251
11506335,38,6763,2004,,,-0.683538,-0.8331770000000001,CAF,400251
11506336,38,6763,2005,,,-0.18778399999999998,-0.647926,CAF,400251
11506337,38,6763,2006,,,-0.768791,-0.822677,CAF,400251
11506338,38,6763,2007,,,-0.252459,-0.783634,CAF,400251
11506339,38,6763,2008,,,-0.387367,-0.767895,CAF,400251
11506340,38,6763,2009,,,-0.5777260000000001,-0.839981,CAF,400251
11506341,38,6763,2010,,,0.062649,-0.6461779999999999,CAF,400251
11506342,38,6763,2011,,,-0.318191,-0.68375,CAF,400251
11506343,38,6763,2012,,,-0.264052,-0.727242,CAF,400251
11506344,38,6763,2013,,,-0.268604,-0.606101,CAF,400251
11506345,38,6763,2014,,,0.695875,0.543384,CAF,400251
11506346,38,6763,2015,,,-0.35029,-0.6630199999999999,CAF,400251
11506347,38,6763,2016,,,-0.43507299999999993,-0.7039300000000001,CAF,400251
11506348,38,6763,2017,,,-0.289049,-0.648497,CAF,400251
11506349,38,6763,2018,,,-0.041318,-0.687923,CAF,400251
11506350,38,6763,2019,,,-0.027091000000000004,-0.7267899999999999,CAF,400251
11506351,38,6763,2020,,,-0.48102700000000004,-0.832994,CAF,400251
11506352,39,6763,1995,91768.0,281885.0,1.077804,1.0724200000000002,CAN,400251
11506353,39,6763,1996,97178.0,126305.0,1.155706,1.1127049999999998,CAN,400251
11506354,39,6763,1997,240961.0,128760.0,1.109494,1.178772,CAN,400251
11506355,39,6763,1998,310014.0,56064.0,1.077343,1.119161,CAN,400251
11506356,39,6763,1999,51992.0,225006.0,1.083572,1.08026,CAN,400251
11506357,39,6763,2000,1453.0,689775.0,1.056577,1.12931,CAN,400251
11506358,39,6763,2001,8287.0,682836.0,0.971827,1.105171,CAN,400251
11506359,39,6763,2002,1113.0,1155702.0,0.9963280000000001,1.1922110000000001,CAN,400251
11506360,39,6763,2003,12946.0,1102033.0,0.9791540000000001,1.185081,CAN,400251
11506361,39,6763,2004,283832.0,743315.0,0.9392739999999999,1.19228,CAN,400251
11506362,39,6763,2005,19307.0,638632.0,0.9895149999999999,1.0437459999999998,CAN,400251
11506363,39,6763,2006,7045.0,748984.0,0.865685,1.1480489999999999,CAN,400251
11506364,39,6763,2007,36037.0,725253.0,0.77681,1.20517,CAN,400251
11506365,39,6763,2008,20236.0,507389.0,0.684659,1.085312,CAN,400251
11506366,39,6763,2009,63244.0,198523.0,0.6778069999999999,1.278402,CAN,400251
11506367,39,6763,2010,0.0,213216.0,0.752421,1.2208510000000001,CAN,400251
11506368,39,6763,2011,0.0,228402.0,0.754813,1.1967290000000002,CAN,400251
11506369,39,6763,2012,5266.0,149158.0,0.693098,1.132064,CAN,400251
11506370,39,6763,2013,0.0,163356.0,0.719649,1.017046,CAN,400251
11506371,39,6763,2014,15313.0,178485.0,0.671395,1.024683,CAN,400251
11506372,39,6763,2015,0.0,168132.0,0.695867,1.171676,CAN,400251
11506373,39,6763,2016,0.0,326593.0,0.6579050000000001,1.12259,CAN,400251
11506374,39,6763,2017,0.0,265406.0,0.73897,1.206402,CAN,400251
11506375,39,6763,2018,5980.0,234593.0,0.666822,1.218593,CAN,400251
11506376,39,6763,2019,1660.0,133201.0,0.657292,1.187872,CAN,400251
11506377,39,6763,2020,0.0,153915.0,0.609267,1.1890479999999999,CAN,400251
11506378,40,6763,1995,,,-0.13755,-0.5880850000000001,CCK,400251
11506379,40,6763,1996,,,0.26213400000000003,-0.584997,CCK,400251
11506380,40,6763,1997,,,0.995143,-0.37411300000000003,CCK,400251
11506381,40,6763,1998,,,0.283156,-0.549021,CCK,400251
11506382,40,6763,1999,,,0.697291,-0.48773999999999995,CCK,400251
11506383,40,6763,2000,,,1.171549,-0.33660999999999996,CCK,400251
11506384,40,6763,2001,,,1.5803969999999998,-0.258236,CCK,400251
11506385,40,6763,2002,,,0.908435,-0.47951000000000005,CCK,400251
11506386,40,6763,2003,,,1.2656530000000001,-0.20865999999999998,CCK,400251
11506387,40,6763,2004,,,0.981239,-0.342031,CCK,400251
11506388,40,6763,2005,,,1.1435870000000001,-0.09681000000000001,CCK,400251
11506389,40,6763,2006,,,1.151181,-0.16833900000000002,CCK,400251
11506390,40,6763,2007,,,0.970841,0.04999,CCK,400251
11506391,40,6763,2008,,,1.191492,-0.219504,CCK,400251
11506392,40,6763,2009,,,0.973582,-0.5092479999999999,CCK,400251
11506393,40,6763,2010,,,0.65937,-0.48724399999999995,CCK,400251
11506394,40,6763,2011,,,0.9612229999999999,-0.349571,CCK,400251
11506395,40,6763,2012,,,1.178557,0.175336,CCK,400251
11506396,40,6763,2013,,,1.458176,0.045868,CCK,400251
11506397,40,6763,2014,,,0.8426629999999999,-0.258254,CCK,400251
11506398,40,6763,2015,,,1.2134049999999998,-0.228465,CCK,400251
11506399,40,6763,2016,,,1.5291700000000001,0.030156,CCK,400251
11506400,40,6763,2017,,,1.432778,0.146181,CCK,400251
11506401,40,6763,2018,,,0.8609030000000001,-0.013083000000000001,CCK,400251
11506402,40,6763,2019,,,1.440861,-0.056663,CCK,400251
11506403,40,6763,2020,,,1.373165,0.070636,CCK,400251
11506404,41,6763,1995,46693.0,41688.0,2.1893029999999998,0.82765,CHE,400251
11506405,41,6763,1996,73400.0,7999.0,2.246238,0.603288,CHE,400251
11506406,41,6763,1997,86862.0,9392.0,2.280163,0.597819,CHE,400251
11506407,41,6763,1998,79332.0,7900.0,2.252965,0.561806,CHE,400251
11506408,41,6763,1999,115144.0,18242.0,2.189934,0.741428,CHE,400251
11506409,41,6763,2000,230235.0,64745.0,2.197959,0.489989,CHE,400251
11506410,41,6763,2001,249845.0,24030.0,2.227246,0.553956,CHE,400251
11506411,41,6763,2002,68019.0,66881.0,2.218095,0.620946,CHE,400251
11506412,41,6763,2003,73333.0,102692.0,2.151037,0.711217,CHE,400251
11506413,41,6763,2004,66140.0,171377.0,2.151471,0.7196279999999999,CHE,400251
11506414,41,6763,2005,93205.0,93955.0,2.0461709999999997,0.615855,CHE,400251
11506415,41,6763,2006,43933.0,55545.0,2.052534,0.515523,CHE,400251
11506416,41,6763,2007,55634.0,1788761.0,2.0198080000000003,0.42277200000000004,CHE,400251
11506417,41,6763,2008,37231.0,21771.0,1.978404,0.368694,CHE,400251
11506418,41,6763,2009,12690.0,15526.0,2.124438,0.484861,CHE,400251
11506419,41,6763,2010,14669.0,62429.0,2.1492080000000002,0.556424,CHE,400251
11506420,41,6763,2011,140421.0,16484.0,2.2644029999999997,0.406131,CHE,400251
11506421,41,6763,2012,55915.0,14485.0,2.060769,0.562718,CHE,400251
11506422,41,6763,2013,183596.0,30341.0,2.2104470000000003,0.5403479999999999,CHE,400251
11506423,41,6763,2014,121202.0,16306.0,2.2000919999999997,0.65398,CHE,400251
11506424,41,6763,2015,1473.0,9842.0,2.306075,0.720781,CHE,400251
11506425,41,6763,2016,0.0,7735.0,2.3488689999999997,0.806291,CHE,400251
11506426,41,6763,2017,0.0,3823.0,2.2557810000000003,0.845459,CHE,400251
11506427,41,6763,2018,0.0,14589.0,2.2324330000000003,0.7801560000000001,CHE,400251
11506428,41,6763,2019,0.0,57666.0,2.1990849999999997,0.8394229999999999,CHE,400251
11506429,41,6763,2020,0.0,36485.0,2.184038,0.900965,CHE,400251
11506430,42,6763,1995,0.0,196805.0,-0.073436,-0.192675,CHL,400251
11506431,42,6763,1996,0.0,92179.0,-0.052811000000000004,-0.169464,CHL,400251
11506432,42,6763,1997,0.0,124764.0,0.002791,-0.030604000000000003,CHL,400251
11506433,42,6763,1998,0.0,42834.0,0.029706,-0.061149,CHL,400251
11506434,42,6763,1999,0.0,128101.0,0.041013,-0.111553,CHL,400251
11506435,42,6763,2000,0.0,21330.0,0.068478,-0.053438,CHL,400251
11506436,42,6763,2001,0.0,57985.0,-0.004658,-0.002548,CHL,400251
11506437,42,6763,2002,0.0,30495.0,-0.035264,-0.101796,CHL,400251
11506438,42,6763,2003,0.0,28810.0,-0.06375900000000001,-0.156808,CHL,400251
11506439,42,6763,2004,0.0,81410.0,-0.07869,-0.33641,CHL,400251
11506440,42,6763,2005,0.0,38834.0,-0.168344,-0.43438999999999994,CHL,400251
11506441,42,6763,2006,0.0,41984.0,-0.188298,-0.46778000000000003,CHL,400251
11506442,42,6763,2007,0.0,37274.0,-0.306846,-0.57431,CHL,400251
11506443,42,6763,2008,0.0,6811.0,-0.293985,-0.349554,CHL,400251
11506444,42,6763,2009,0.0,40697.0,-0.219521,-0.34239,CHL,400251
11506445,42,6763,2010,0.0,95115.0,-0.34914,-0.459395,CHL,400251
11506446,42,6763,2011,,,-0.199877,-0.353009,CHL,400251
11506447,42,6763,2012,,,-0.333891,-0.45610200000000006,CHL,400251
11506448,42,6763,2013,0.0,42471.0,-0.260718,-0.38256100000000004,CHL,400251
11506449,42,6763,2014,0.0,84345.0,-0.344671,-0.43380799999999997,CHL,400251
11506450,42,6763,2015,0.0,1772.0,-0.356167,-0.47629399999999994,CHL,400251
11506451,42,6763,2016,1050.0,1575.0,-0.385519,-0.470495,CHL,400251
11506452,42,6763,2017,,,-0.378693,-0.492983,CHL,400251
11506453,42,6763,2018,,,-0.37677,-0.49605299999999997,CHL,400251
11506454,42,6763,2019,0.0,1489.0,-0.34416199999999997,-0.432674,CHL,400251
11506455,42,6763,2020,0.0,2469.0,-0.307923,-0.565983,CHL,400251
11506456,43,6763,1995,0.0,2167128.0,0.387897,3.2147919999999996,CHN,400251
11506457,43,6763,1996,16326.0,1416387.0,0.404422,3.061344,CHN,400251
11506458,43,6763,1997,52834.0,1853754.0,0.36051300000000003,3.287322,CHN,400251
11506459,43,6763,1998,170585.0,3004958.0,0.3658,3.231258,CHN,400251
11506460,43,6763,1999,174134.0,6429823.0,0.386094,3.270089,CHN,400251
11506461,43,6763,2000,88695.0,8609576.0,0.478362,3.156111,CHN,400251
11506462,43,6763,2001,45493.0,9833999.0,0.525171,3.092963,CHN,400251
11506463,43,6763,2002,182764.0,10763823.0,0.576746,2.7995520000000003,CHN,400251
11506464,43,6763,2003,60995.0,19507455.0,0.579431,2.773139,CHN,400251
11506465,43,6763,2004,64289.0,21784874.0,0.581548,2.8689880000000003,CHN,400251
11506466,43,6763,2005,111304.0,41786524.0,0.608256,2.8242220000000002,CHN,400251
11506467,43,6763,2006,1651958.0,47448656.0,0.737888,2.54966,CHN,400251
11506468,43,6763,2007,1449743.0,57633174.0,0.801547,2.321052,CHN,400251
11506469,43,6763,2008,705650.0,58146015.0,0.929285,1.8917259999999998,CHN,400251
11506470,43,6763,2009,351357.0,34916400.0,0.898623,2.08703,CHN,400251
11506471,43,6763,2010,13178090.0,54639546.0,0.922493,2.0176,CHN,400251
11506472,43,6763,2011,21299805.0,47287545.0,1.072299,1.686826,CHN,400251
11506473,43,6763,2012,13311023.0,45032169.0,1.095682,1.354837,CHN,400251
11506474,43,6763,2013,9689234.0,44573996.0,1.113767,1.477496,CHN,400251
11506475,43,6763,2014,3820615.0,53813969.0,1.187557,1.222085,CHN,400251
11506476,43,6763,2015,7171349.0,45935635.0,1.077143,1.735757,CHN,400251
11506477,43,6763,2016,12145840.0,41415989.0,1.1073620000000002,1.723098,CHN,400251
11506478,43,6763,2017,9055722.0,65036706.0,1.1127790000000002,1.56869,CHN,400251
11506479,43,6763,2018,28194868.0,80339779.0,1.200689,1.2822,CHN,400251
11506480,43,6763,2019,20588082.0,85924405.0,1.196265,1.2258870000000002,CHN,400251
11506481,43,6763,2020,100320832.0,123110975.0,1.187837,1.2237770000000001,CHN,400251
11506482,44,6763,1995,,,-0.781656,-0.74293,CIV,400251
11506483,44,6763,1996,,,-0.8720459999999999,-0.7904479999999999,CIV,400251
11506484,44,6763,1997,,,-0.685339,-0.62129,CIV,400251
11506485,44,6763,1998,,,-0.75115,-0.753865,CIV,400251
11506486,44,6763,1999,,,-0.591892,-0.654457,CIV,400251
11506487,44,6763,2000,,,-0.7772640000000001,-0.632181,CIV,400251
11506488,44,6763,2001,0.0,2167.0,-0.715949,-0.524428,CIV,400251
11506489,44,6763,2002,0.0,26519.0,-0.816327,-0.711765,CIV,400251
11506490,44,6763,2003,0.0,3249.0,-0.699928,-0.723739,CIV,400251
11506491,44,6763,2004,0.0,18734.0,-0.8490979999999999,-0.754732,CIV,400251
11506492,44,6763,2005,0.0,43312.0,-0.900386,-0.804689,CIV,400251
11506493,44,6763,2006,0.0,64599.0,-0.8918530000000001,-0.8145819999999999,CIV,400251
11506494,44,6763,2007,2577.0,161131.0,-0.9989110000000001,-0.867232,CIV,400251
11506495,44,6763,2008,0.0,177585.0,-0.9806040000000001,-0.730792,CIV,400251
11506496,44,6763,2009,,,-0.924681,-0.801371,CIV,400251
11506497,44,6763,2010,0.0,12520.0,-1.256641,-0.946767,CIV,400251
11506498,44,6763,2011,0.0,9577.0,-1.069474,-0.867439,CIV,400251
11506499,44,6763,2012,0.0,26090.0,-0.9721879999999999,-0.837227,CIV,400251
11506500,44,6763,2013,0.0,65693.0,-0.923558,-0.866642,CIV,400251
11506501,44,6763,2014,,,-0.737625,-0.768728,CIV,400251
11506502,44,6763,2015,0.0,21950.0,-0.856142,-0.905292,CIV,400251
11506503,44,6763,2016,0.0,23043.0,-0.88415,-0.8122689999999999,CIV,400251
11506504,44,6763,2017,,,-0.784119,-0.904135,CIV,400251
11506505,44,6763,2018,,,-0.8733569999999999,-0.8443139999999999,CIV,400251
11506506,44,6763,2019,,,-0.9916719999999999,-0.960625,CIV,400251
11506507,44,6763,2020,,,-1.2299200000000001,-1.095777,CIV,400251
11506508,45,6763,1995,,,-1.121716,-0.9758020000000001,CMR,400251
11506509,45,6763,1996,,,-1.4036309999999999,-1.090633,CMR,400251
11506510,45,6763,1997,,,-1.205482,-1.015714,CMR,400251
11506511,45,6763,1998,,,-1.8845029999999998,-1.250205,CMR,400251
11506512,45,6763,1999,,,-1.7392470000000002,-1.241373,CMR,400251
11506513,45,6763,2000,,,-1.547715,-1.161125,CMR,400251
11506514,45,6763,2001,,,-1.6254879999999998,-1.212513,CMR,400251
11506515,45,6763,2002,,,-1.114477,-1.0516510000000001,CMR,400251
11506516,45,6763,2003,,,-1.254788,-1.10897,CMR,400251
11506517,45,6763,2004,,,-1.604916,-1.217399,CMR,400251
11506518,45,6763,2005,,,-1.5648739999999999,-1.210117,CMR,400251
11506519,45,6763,2006,,,-1.358873,-1.1511360000000002,CMR,400251
11506520,45,6763,2007,,,-0.821623,-0.965601,CMR,400251
11506521,45,6763,2008,,,-1.143808,-1.0725,CMR,400251
11506522,45,6763,2009,,,-1.128734,-1.022546,CMR,400251
11506523,45,6763,2010,0.0,1233.0,-1.114209,-1.0127899999999999,CMR,400251
11506524,45,6763,2011,,,-0.7956340000000001,-0.8532790000000001,CMR,400251
11506525,45,6763,2012,,,-1.0127030000000001,-1.011776,CMR,400251
11506526,45,6763,2013,,,-0.901531,-1.027111,CMR,400251
11506527,45,6763,2014,0.0,8586.0,-0.6723520000000001,-0.945084,CMR,400251
11506528,45,6763,2015,0.0,1154.0,-0.924366,-1.040721,CMR,400251
11506529,45,6763,2016,0.0,7289.0,-1.086484,-1.0725559999999998,CMR,400251
11506530,45,6763,2017,0.0,4075.0,-1.048569,-1.030799,CMR,400251
11506531,45,6763,2018,,,-1.366619,-1.09894,CMR,400251
11506532,45,6763,2019,,,-1.461279,-1.214274,CMR,400251
11506533,45,6763,2020,,,-1.379365,-1.177022,CMR,400251
11506534,46,6763,1995,,,-1.4672459999999998,-1.0777139999999998,COD,400251
11506535,46,6763,1996,,,-1.2167,-1.086508,COD,400251
11506536,46,6763,1997,,,-1.274443,-1.073668,COD,400251
11506537,46,6763,1998,,,-1.753881,-1.201073,COD,400251
11506538,46,6763,1999,,,-1.4871290000000001,-1.1859620000000002,COD,400251
11506539,46,6763,2000,,,-0.902222,-1.068924,COD,400251
11506540,46,6763,2001,,,-1.421643,-1.154007,COD,400251
11506541,46,6763,2002,,,-1.2657370000000001,-1.108659,COD,400251
11506542,46,6763,2003,,,-1.366232,-1.0778860000000001,COD,400251
11506543,46,6763,2004,,,-1.405291,-1.108962,COD,400251
11506544,46,6763,2005,0.0,1373.0,-1.7843189999999998,-1.155135,COD,400251
11506545,46,6763,2006,,,-1.542137,-1.086494,COD,400251
11506546,46,6763,2007,,,-1.507664,-1.111844,COD,400251
11506547,46,6763,2008,,,-1.513117,-1.141895,COD,400251
11506548,46,6763,2009,,,-1.532165,-1.160269,COD,400251
11506549,46,6763,2010,,,-1.465101,-1.139909,COD,400251
11506550,46,6763,2011,,,-0.722957,-0.965141,COD,400251
11506551,46,6763,2012,,,-1.442925,-1.170333,COD,400251
11506552,46,6763,2013,,,-1.300125,-1.0708010000000001,COD,400251
11506553,46,6763,2014,,,-1.6680240000000002,-1.1265129999999999,COD,400251
11506554,46,6763,2015,0.0,102457.0,-1.3921290000000002,-1.146549,COD,400251
11506555,46,6763,2016,,,-1.136472,-1.109177,COD,400251
11506556,46,6763,2017,,,-1.3960569999999999,-1.126784,COD,400251
11506557,46,6763,2018,,,-1.743034,-1.20446,COD,400251
11506558,46,6763,2019,,,-1.2685879999999998,-1.148403,COD,400251
11506559,46,6763,2020,,,-1.538455,-1.1857659999999999,COD,400251
11506560,47,6763,1995,,,-0.648521,-1.0392190000000001,COG,400251
11506561,47,6763,1996,,,-1.522142,-1.165936,COG,400251
11506562,47,6763,1997,,,-1.58904,-1.1557979999999999,COG,400251
11506563,47,6763,1998,,,-1.404207,-1.133436,COG,400251
11506564,47,6763,1999,,,-1.2759120000000002,-1.1418030000000001,COG,400251
11506565,47,6763,2000,,,-1.862839,-1.214684,COG,400251
11506566,47,6763,2001,,,-1.482788,-1.172,COG,400251
11506567,47,6763,2002,,,-1.62227,-1.202067,COG,400251
11506568,47,6763,2003,,,-1.6789619999999998,-1.182557,COG,400251
11506569,47,6763,2004,,,-1.610222,-1.184921,COG,400251
11506570,47,6763,2005,,,-1.648425,-1.1852040000000001,COG,400251
11506571,47,6763,2006,,,-1.9903240000000002,-1.189925,COG,400251
11506572,47,6763,2007,,,-1.88462,-1.22688,COG,400251
11506573,47,6763,2008,,,-2.2772799999999997,-1.216089,COG,400251
11506574,47,6763,2009,,,-1.466289,-1.201249,COG,400251
11506575,47,6763,2010,,,-1.536434,-1.175338,COG,400251
11506576,47,6763,2011,,,-0.979359,-1.084589,COG,400251
11506577,47,6763,2012,0.0,1396.0,-1.210442,-1.086805,COG,400251
11506578,47,6763,2013,0.0,3003.0,-1.215681,-1.08679,COG,400251
11506579,47,6763,2014,,,-1.371624,-1.12468,COG,400251
11506580,47,6763,2015,,,-1.294823,-1.18811,COG,400251
11506581,47,6763,2016,0.0,17468.0,-0.718731,-1.0663799999999999,COG,400251
11506582,47,6763,2017,0.0,16552.0,-1.2289780000000001,-1.169368,COG,400251
11506583,47,6763,2018,0.0,18449.0,-1.52875,-1.1869100000000001,COG,400251
11506584,47,6763,2019,0.0,49544.0,-1.305193,-1.162808,COG,400251
11506585,47,6763,2020,,,-1.580638,-1.2020870000000001,COG,400251
11506586,48,6763,1995,,,0.15283,-0.45298,COK,400251
11506587,48,6763,1996,,,0.053446,-0.556272,COK,400251
11506588,48,6763,1997,,,0.021011000000000002,-0.432936,COK,400251
11506589,48,6763,1998,,,-0.18348399999999998,-0.650889,COK,400251
11506590,48,6763,1999,,,0.086577,-0.604988,COK,400251
11506591,48,6763,2000,,,-0.185791,-0.7267359999999999,COK,400251
11506592,48,6763,2001,,,-0.003435,-0.72313,COK,400251
11506593,48,6763,2002,,,0.22351300000000002,-0.5197729999999999,COK,400251
11506594,48,6763,2003,,,0.327914,-0.466681,COK,400251
11506595,48,6763,2004,,,0.10636,-0.652109,COK,400251
11506596,48,6763,2005,,,0.039373000000000005,-0.649169,COK,400251
11506597,48,6763,2006,,,0.564179,-0.296135,COK,400251
11506598,48,6763,2007,,,0.0857,-0.604571,COK,400251
11506599,48,6763,2008,,,0.49011400000000005,-0.550991,COK,400251
11506600,48,6763,2009,,,0.291299,-0.477813,COK,400251
11506601,48,6763,2010,,,0.366399,-0.555715,COK,400251
11506602,48,6763,2011,,,0.053038,-0.521486,COK,400251
11506603,48,6763,2012,,,0.036403,-0.633828,COK,400251
11506604,48,6763,2013,,,0.483939,-0.42226400000000003,COK,400251
11506605,48,6763,2014,,,0.151329,-0.693285,COK,400251
11506606,48,6763,2015,,,0.388457,-0.682666,COK,400251
11506607,48,6763,2016,,,0.20994699999999997,-0.791095,COK,400251
11506608,48,6763,2017,,,0.154051,-0.74144,COK,400251
11506609,48,6763,2018,,,0.716123,-0.631445,COK,400251
11506610,48,6763,2019,,,0.430439,-0.7410720000000001,COK,400251
11506611,48,6763,2020,,,0.20487800000000003,-0.696278,COK,400251
11506612,49,6763,1995,18034.0,32941.0,0.094335,0.13047999999999998,COL,400251
11506613,49,6763,1996,0.0,243652.0,0.136487,0.078743,COL,400251
11506614,49,6763,1997,0.0,19255.0,0.190632,0.068001,COL,400251
11506615,49,6763,1998,0.0,10846.0,0.205004,0.13985899999999998,COL,400251
11506616,49,6763,1999,0.0,80265.0,0.190667,0.136271,COL,400251
11506617,49,6763,2000,14997.0,3700.0,0.299592,0.320885,COL,400251
11506618,49,6763,2001,0.0,22135.0,0.30412,0.395913,COL,400251
11506619,49,6763,2002,14126.0,2837.0,0.345094,0.37787800000000005,COL,400251
11506620,49,6763,2003,0.0,44938.0,0.218336,0.376869,COL,400251
11506621,49,6763,2004,2316.0,0.0,0.033128,0.47524799999999995,COL,400251
11506622,49,6763,2005,0.0,8401.0,0.077191,0.47193500000000005,COL,400251
11506623,49,6763,2006,0.0,19748.0,0.129887,0.44371700000000003,COL,400251
11506624,49,6763,2007,0.0,56923.0,0.118341,0.557699,COL,400251
11506625,49,6763,2008,9641.0,45676.0,0.19505699999999998,0.566189,COL,400251
11506626,49,6763,2009,31487.0,3146.0,0.263416,0.38947,COL,400251
11506627,49,6763,2010,0.0,16262.0,0.097222,-0.064328,COL,400251
11506628,49,6763,2011,14618.0,102662.0,0.14336600000000002,-0.22996,COL,400251
11506629,49,6763,2012,0.0,261037.0,0.15523699999999999,-0.30749099999999996,COL,400251
11506630,49,6763,2013,0.0,17398.0,0.121799,-0.388239,COL,400251
11506631,49,6763,2014,0.0,27561.0,0.19864500000000002,-0.378364,COL,400251
11506632,49,6763,2015,0.0,67815.0,0.156383,-0.183055,COL,400251
11506633,49,6763,2016,0.0,25370.0,0.10205700000000001,-0.155574,COL,400251
11506634,49,6763,2017,0.0,15564.0,0.208096,-0.17644300000000002,COL,400251
11506635,49,6763,2018,0.0,27153.0,0.20431,-0.15273699999999998,COL,400251
11506636,49,6763,2019,1453.0,42977.0,0.099936,-0.15568800000000002,COL,400251
11506637,49,6763,2020,0.0,28293.0,0.115954,0.104558,COL,400251
11506638,50,6763,1995,,,-0.125195,-0.6788930000000001,COM,400251
11506639,50,6763,1996,,,-1.007044,-0.833519,COM,400251
11506640,50,6763,1997,,,0.42716899999999997,-0.618352,COM,400251
11506641,50,6763,1998,,,0.242641,-0.6324069999999999,COM,400251
11506642,50,6763,1999,,,0.57439,-0.576433,COM,400251
11506643,50,6763,2000,,,-0.9233299999999999,-0.9126479999999999,COM,400251
11506644,50,6763,2001,,,-0.24810700000000002,-0.832764,COM,400251
11506645,50,6763,2002,,,-0.95335,-0.916942,COM,400251
11506646,50,6763,2003,,,-0.675377,-0.791014,COM,400251
11506647,50,6763,2004,,,-0.581058,-0.8678309999999999,COM,400251
11506648,50,6763,2005,,,-0.6264,-0.853095,COM,400251
11506649,50,6763,2006,,,-0.5214300000000001,-0.8452149999999999,COM,400251
11506650,50,6763,2007,,,-0.956375,-0.964842,COM,400251
11506651,50,6763,2008,,,-0.101412,-0.841565,COM,400251
11506652,50,6763,2009,,,0.080831,-0.7148760000000001,COM,400251
11506653,50,6763,2010,,,0.8640059999999999,-0.6108180000000001,COM,400251
11506654,50,6763,2011,,,0.449788,-0.533709,COM,400251
11506655,50,6763,2012,,,-0.044716000000000006,-0.716491,COM,400251
11506656,50,6763,2013,,,-0.326422,-0.6956640000000001,COM,400251
11506657,50,6763,2014,,,-0.19200699999999998,-0.761303,COM,400251
11506658,50,6763,2015,,,-0.551674,-0.867288,COM,400251
11506659,50,6763,2016,,,-0.520849,-0.8678040000000001,COM,400251
11506660,50,6763,2017,,,-0.880647,-0.927383,COM,400251
11506661,50,6763,2018,,,-0.472937,-0.8866280000000001,COM,400251
11506662,50,6763,2019,,,0.21475,-0.737725,COM,400251
11506663,50,6763,2020,,,-0.314278,-0.86393,COM,400251
11506664,51,6763,1995,,,0.302241,-0.532841,CPV,400251
11506665,51,6763,1996,,,0.247925,-0.512776,CPV,400251
11506666,51,6763,1997,,,1.154102,-0.255423,CPV,400251
11506667,51,6763,1998,,,0.61526,-0.455517,CPV,400251
11506668,51,6763,1999,,,0.783048,-0.442508,CPV,400251
11506669,51,6763,2000,,,0.434429,-0.218505,CPV,400251
11506670,51,6763,2001,,,0.063802,-0.456617,CPV,400251
11506671,51,6763,2002,,,-0.29720100000000005,-0.703051,CPV,400251
11506672,51,6763,2003,,,0.070649,-0.541279,CPV,400251
11506673,51,6763,2004,,,-0.160185,-0.729291,CPV,400251
11506674,51,6763,2005,,,0.12126400000000001,-0.44637899999999997,CPV,400251
11506675,51,6763,2006,,,0.369814,-0.414812,CPV,400251
11506676,51,6763,2007,,,0.289375,-0.295194,CPV,400251
11506677,51,6763,2008,,,0.16722,-0.64183,CPV,400251
11506678,51,6763,2009,,,0.32592600000000005,-0.531697,CPV,400251
11506679,51,6763,2010,,,0.140658,-0.527468,CPV,400251
11506680,51,6763,2011,,,0.006139,-0.610237,CPV,400251
11506681,51,6763,2012,,,-0.049047,-0.541215,CPV,400251
11506682,51,6763,2013,,,-0.75058,-0.8948219999999999,CPV,400251
11506683,51,6763,2014,,,-0.182368,-0.7136359999999999,CPV,400251
11506684,51,6763,2015,,,-0.263621,-0.772158,CPV,400251
11506685,51,6763,2016,,,0.264883,-0.580199,CPV,400251
11506686,51,6763,2017,,,-0.11722300000000001,-0.677707,CPV,400251
11506687,51,6763,2018,,,-0.319064,-0.8615659999999999,CPV,400251
11506688,51,6763,2019,,,-0.094961,-0.751246,CPV,400251
11506689,51,6763,2020,,,-0.235719,-0.746113,CPV,400251
11506690,52,6763,1995,0.0,21580.0,-0.30094699999999996,-0.046285,CRI,400251
11506691,52,6763,1996,,,-0.34219499999999997,0.12221900000000001,CRI,400251
11506692,52,6763,1997,,,-0.25974200000000003,0.196955,CRI,400251
11506693,52,6763,1998,,,-0.26046199999999997,-0.059391,CRI,400251
11506694,52,6763,1999,0.0,225002.0,-0.310033,-0.299529,CRI,400251
11506695,52,6763,2000,0.0,13508.0,-0.095295,-0.189881,CRI,400251
11506696,52,6763,2001,9042.0,109077.0,0.069458,-0.042793,CRI,400251
11506697,52,6763,2002,10280.0,0.0,0.03619,-0.187718,CRI,400251
11506698,52,6763,2003,39324.0,0.0,-0.193904,-0.5049680000000001,CRI,400251
11506699,52,6763,2004,,,-0.043266000000000006,-0.376239,CRI,400251
11506700,52,6763,2005,0.0,58456.0,-0.06424099999999999,-0.370622,CRI,400251
11506701,52,6763,2006,0.0,343784.0,0.042663,-0.376672,CRI,400251
11506702,52,6763,2007,0.0,645920.0,0.001895,-0.30248600000000003,CRI,400251
11506703,52,6763,2008,0.0,483697.0,0.023962,-0.346029,CRI,400251
11506704,52,6763,2009,,,-0.142465,-0.669277,CRI,400251
11506705,52,6763,2010,,,-0.122722,-0.7062069999999999,CRI,400251
11506706,52,6763,2011,,,0.04325,-0.553193,CRI,400251
11506707,52,6763,2012,0.0,45683.0,0.176669,-0.649094,CRI,400251
11506708,52,6763,2013,,,0.067379,-0.688217,CRI,400251
11506709,52,6763,2014,,,0.065938,-0.687971,CRI,400251
11506710,52,6763,2015,0.0,5930.0,0.24859699999999998,-0.033143,CRI,400251
11506711,52,6763,2016,,,0.204591,-0.18279600000000001,CRI,400251
11506712,52,6763,2017,,,0.288642,-0.056219000000000005,CRI,400251
11506713,52,6763,2018,0.0,7479.0,0.19386,0.05811,CRI,400251
11506714,52,6763,2019,0.0,7328.0,0.38045,0.08960900000000001,CRI,400251
11506715,52,6763,2020,0.0,15615.0,0.303849,-0.114494,CRI,400251
11506716,53,6763,1995,,,,,CSK,400251
11506717,53,6763,1996,,,,,CSK,400251
11506718,53,6763,1997,,,,,CSK,400251
11506719,53,6763,1998,,,,,CSK,400251
11506720,53,6763,1999,,,,,CSK,400251
11506721,53,6763,2000,,,,,CSK,400251
11506722,53,6763,2001,,,,,CSK,400251
11506723,53,6763,2002,,,,,CSK,400251
11506724,53,6763,2003,,,,,CSK,400251
11506725,53,6763,2004,,,,,CSK,400251
11506726,53,6763,2005,,,,,CSK,400251
11506727,53,6763,2006,,,,,CSK,400251
11506728,53,6763,2007,,,,,CSK,400251
11506729,53,6763,2008,,,,,CSK,400251
11506730,53,6763,2009,,,,,CSK,400251
11506731,53,6763,2010,,,,,CSK,400251
11506732,53,6763,2011,,,,,CSK,400251
11506733,53,6763,2012,,,,,CSK,400251
11506734,53,6763,2013,,,,,CSK,400251
11506735,53,6763,2014,,,,,CSK,400251
11506736,53,6763,2015,,,,,CSK,400251
11506737,53,6763,2016,,,,,CSK,400251
11506738,53,6763,2017,,,,,CSK,400251
11506739,53,6763,2018,,,,,CSK,400251
11506740,53,6763,2019,,,,,CSK,400251
11506741,53,6763,2020,,,,,CSK,400251
11506742,54,6763,1995,,,-0.315644,-0.8812110000000001,CUB,400251
11506743,54,6763,1996,,,-0.555246,-1.0420479999999999,CUB,400251
11506744,54,6763,1997,,,-0.403192,-1.041751,CUB,400251
11506745,54,6763,1998,,,-0.349393,-0.9927889999999999,CUB,400251
11506746,54,6763,1999,,,-0.152322,-0.8734270000000001,CUB,400251
11506747,54,6763,2000,,,-0.338457,-0.9391370000000001,CUB,400251
11506748,54,6763,2001,,,-0.443391,-0.9599030000000001,CUB,400251
11506749,54,6763,2002,,,-0.479213,-0.951203,CUB,400251
11506750,54,6763,2003,,,-0.391515,-0.8562120000000001,CUB,400251
11506751,54,6763,2004,,,-0.040541,-0.634675,CUB,400251
11506752,54,6763,2005,0.0,8891.0,0.00695,-0.611843,CUB,400251
11506753,54,6763,2006,,,0.204039,-0.5183260000000001,CUB,400251
11506754,54,6763,2007,,,-0.308053,-0.8740610000000001,CUB,400251
11506755,54,6763,2008,,,-0.23158299999999998,-0.892943,CUB,400251
11506756,54,6763,2009,,,0.188114,-0.819958,CUB,400251
11506757,54,6763,2010,,,-0.085462,-0.885019,CUB,400251
11506758,54,6763,2011,,,-0.050093,-0.88759,CUB,400251
11506759,54,6763,2012,0.0,16234.0,0.129383,-0.7444609999999999,CUB,400251
11506760,54,6763,2013,,,-0.019956,-0.7873319999999999,CUB,400251
11506761,54,6763,2014,,,-0.476786,-0.952291,CUB,400251
11506762,54,6763,2015,,,-0.694839,-1.093439,CUB,400251
11506763,54,6763,2016,,,-0.602309,-1.0781120000000002,CUB,400251
11506764,54,6763,2017,,,-0.77404,-1.121084,CUB,400251
11506765,54,6763,2018,,,-0.8835629999999999,-1.15678,CUB,400251
11506766,54,6763,2019,0.0,4923.0,-0.880892,-1.141591,CUB,400251
11506767,54,6763,2020,,,-1.171456,-1.224365,CUB,400251
11506768,55,6763,1995,,,,,CUW,400251
11506769,55,6763,1996,,,,,CUW,400251
11506770,55,6763,1997,,,,,CUW,400251
11506771,55,6763,1998,,,,,CUW,400251
11506772,55,6763,1999,,,,,CUW,400251
11506773,55,6763,2000,,,,,CUW,400251
11506774,55,6763,2001,,,,,CUW,400251
11506775,55,6763,2002,,,,,CUW,400251
11506776,55,6763,2003,,,,,CUW,400251
11506777,55,6763,2004,,,,,CUW,400251
11506778,55,6763,2005,,,,,CUW,400251
11506779,55,6763,2006,,,,,CUW,400251
11506780,55,6763,2007,,,,,CUW,400251
11506781,55,6763,2008,,,,,CUW,400251
11506782,55,6763,2009,,,,,CUW,400251
11506783,55,6763,2010,,,,,CUW,400251
11506784,55,6763,2011,,,-0.052038,-0.69103,CUW,400251
11506785,55,6763,2012,,,0.233821,-0.6050260000000001,CUW,400251
11506786,55,6763,2013,,,0.029981999999999998,-0.673439,CUW,400251
11506787,55,6763,2014,,,-0.00902,-0.683643,CUW,400251
11506788,55,6763,2015,,,0.296267,-0.6313350000000001,CUW,400251
11506789,55,6763,2016,,,0.232855,-0.7864260000000001,CUW,400251
11506790,55,6763,2017,,,0.161139,-0.591701,CUW,400251
11506791,55,6763,2018,,,0.8093,-0.325347,CUW,400251
11506792,55,6763,2019,,,0.808621,-0.225196,CUW,400251
11506793,55,6763,2020,,,0.543866,0.190664,CUW,400251
11506794,56,6763,1995,,,0.732028,-0.6130260000000001,CXR,400251
11506795,56,6763,1996,,,0.8724709999999999,-0.499449,CXR,400251
11506796,56,6763,1997,,,0.5604020000000001,-0.6793130000000001,CXR,400251
11506797,56,6763,1998,,,0.6067859999999999,-0.706703,CXR,400251
11506798,56,6763,1999,,,0.601561,-0.755731,CXR,400251
11506799,56,6763,2000,,,0.666367,-0.7077979999999999,CXR,400251
11506800,56,6763,2001,,,1.0924479999999999,-0.7587689999999999,CXR,400251
11506801,56,6763,2002,,,0.46379,-0.7096319999999999,CXR,400251
11506802,56,6763,2003,,,1.019324,-0.439778,CXR,400251
11506803,56,6763,2004,0.0,18908.0,0.590055,-0.721742,CXR,400251
11506804,56,6763,2005,,,1.737368,-0.445572,CXR,400251
11506805,56,6763,2006,,,0.8348770000000001,-0.52778,CXR,400251
11506806,56,6763,2007,,,1.550877,-0.177793,CXR,400251
11506807,56,6763,2008,,,1.184962,-0.607034,CXR,400251
11506808,56,6763,2009,,,0.883293,-0.597838,CXR,400251
11506809,56,6763,2010,,,1.1423379999999999,-0.560075,CXR,400251
11506810,56,6763,2011,,,1.020805,-0.485573,CXR,400251
11506811,56,6763,2012,,,0.850045,-0.52785,CXR,400251
11506812,56,6763,2013,,,0.972676,-0.5206729999999999,CXR,400251
11506813,56,6763,2014,,,0.738877,-0.520547,CXR,400251
11506814,56,6763,2015,,,0.33029400000000003,-0.725431,CXR,400251
11506815,56,6763,2016,,,0.810517,-0.598503,CXR,400251
11506816,56,6763,2017,,,0.46829799999999994,-0.442316,CXR,400251
11506817,56,6763,2018,,,0.449025,-0.7264149999999999,CXR,400251
11506818,56,6763,2019,,,1.097952,-0.513787,CXR,400251
11506819,56,6763,2020,,,1.410875,-0.415195,CXR,400251
11506820,57,6763,1995,,,1.277032,0.064205,CYM,400251
11506821,57,6763,1996,,,0.532622,-0.428501,CYM,400251
11506822,57,6763,1997,,,0.504191,-0.512525,CYM,400251
11506823,57,6763,1998,,,0.924544,-0.39263899999999996,CYM,400251
11506824,57,6763,1999,,,0.909416,-0.6302800000000001,CYM,400251
11506825,57,6763,2000,,,0.763021,-0.7265199999999999,CYM,400251
11506826,57,6763,2001,,,0.611577,-0.6532939999999999,CYM,400251
11506827,57,6763,2002,,,0.7098220000000001,-0.633359,CYM,400251
11506828,57,6763,2003,,,0.308768,-0.690944,CYM,400251
11506829,57,6763,2004,,,0.349925,-0.794084,CYM,400251
11506830,57,6763,2005,,,0.363006,-0.734404,CYM,400251
11506831,57,6763,2006,,,0.7708189999999999,-0.648112,CYM,400251
11506832,57,6763,2007,,,0.532926,-0.54101,CYM,400251
11506833,57,6763,2008,,,0.862348,-0.708601,CYM,400251
11506834,57,6763,2009,,,0.805117,-0.684305,CYM,400251
11506835,57,6763,2010,,,1.2142959999999998,-0.6487430000000001,CYM,400251
11506836,57,6763,2011,,,0.665662,-0.678581,CYM,400251
11506837,57,6763,2012,,,1.172677,-0.616959,CYM,400251
11506838,57,6763,2013,,,0.391996,-0.73249,CYM,400251
11506839,57,6763,2014,,,1.199562,-0.66969,CYM,400251
11506840,57,6763,2015,,,0.275472,-0.831835,CYM,400251
11506841,57,6763,2016,,,1.045587,-0.779983,CYM,400251
11506842,57,6763,2017,,,1.105397,-0.794764,CYM,400251
11506843,57,6763,2018,,,-0.194933,-0.930874,CYM,400251
11506844,57,6763,2019,,,0.27157800000000004,-0.901875,CYM,400251
11506845,57,6763,2020,,,-0.007386,-0.878251,CYM,400251
11506846,58,6763,1995,0.0,17784.0,0.263764,0.030358999999999997,CYP,400251
11506847,58,6763,1996,,,0.20007,0.020590999999999998,CYP,400251
11506848,58,6763,1997,,,0.451212,0.452754,CYP,400251
11506849,58,6763,1998,0.0,56164.0,0.45990600000000004,0.41840299999999997,CYP,400251
11506850,58,6763,1999,9283.0,4684.0,0.508464,0.324706,CYP,400251
11506851,58,6763,2000,5870.0,0.0,0.235843,0.16877,CYP,400251
11506852,58,6763,2001,3724.0,0.0,0.381251,0.257802,CYP,400251
11506853,58,6763,2002,10754.0,0.0,0.381391,0.40265,CYP,400251
11506854,58,6763,2003,9677.0,0.0,0.259992,0.068914,CYP,400251
11506855,58,6763,2004,,,0.533521,0.615939,CYP,400251
11506856,58,6763,2005,8688.0,0.0,0.573122,0.474224,CYP,400251
11506857,58,6763,2006,0.0,22605.0,0.708267,-0.048096,CYP,400251
11506858,58,6763,2007,,,0.887351,0.426331,CYP,400251
11506859,58,6763,2008,,,1.003211,0.712629,CYP,400251
11506860,58,6763,2009,,,0.934193,0.657555,CYP,400251
11506861,58,6763,2010,,,0.8776450000000001,0.568389,CYP,400251
11506862,58,6763,2011,,,0.798165,0.424179,CYP,400251
11506863,58,6763,2012,,,0.691646,0.11984600000000001,CYP,400251
11506864,58,6763,2013,,,0.502238,0.349608,CYP,400251
11506865,58,6763,2014,970.0,0.0,0.627467,0.483725,CYP,400251
11506866,58,6763,2015,,,0.511225,-0.207261,CYP,400251
11506867,58,6763,2016,,,0.40822800000000004,0.07535,CYP,400251
11506868,58,6763,2017,,,0.576982,0.279989,CYP,400251
11506869,58,6763,2018,,,0.45442,-0.113303,CYP,400251
11506870,58,6763,2019,,,0.657782,0.209481,CYP,400251
11506871,58,6763,2020,0.0,6060.0,0.5354760000000001,-0.069753,CYP,400251
11506872,59,6763,1995,0.0,34053.0,1.375091,1.628069,CZE,400251
11506873,59,6763,1996,5369.0,52725.0,1.401181,1.3094709999999998,CZE,400251
11506874,59,6763,1997,932.0,28058.0,1.40651,1.354695,CZE,400251
11506875,59,6763,1998,0.0,35565.0,1.36345,1.408508,CZE,400251
11506876,59,6763,1999,0.0,25959.0,1.412439,1.329385,CZE,400251
11506877,59,6763,2000,0.0,63288.0,1.393001,1.23271,CZE,400251
11506878,59,6763,2001,5372.0,107833.0,1.485703,1.109305,CZE,400251
11506879,59,6763,2002,3963.0,110686.0,1.550713,1.037066,CZE,400251
11506880,59,6763,2003,0.0,123497.0,1.555749,0.8662059999999999,CZE,400251
11506881,59,6763,2004,4674.0,88919.0,1.562625,0.865244,CZE,400251
11506882,59,6763,2005,34793.0,240204.0,1.56768,0.6784319999999999,CZE,400251
11506883,59,6763,2006,33600.0,196695.0,1.564058,0.6023649999999999,CZE,400251
11506884,59,6763,2007,29326.0,285437.0,1.620377,0.379404,CZE,400251
11506885,59,6763,2008,50457.0,203613.0,1.592035,0.27983600000000003,CZE,400251
11506886,59,6763,2009,18600.0,148431.0,1.6323159999999999,0.47257200000000005,CZE,400251
11506887,59,6763,2010,12331.0,192509.0,1.732044,0.333934,CZE,400251
11506888,59,6763,2011,16671.0,7966.0,1.737788,0.14741600000000002,CZE,400251
11506889,59,6763,2012,31955.0,65522.0,1.747369,-0.0932,CZE,400251
11506890,59,6763,2013,15422.0,55160.0,1.819653,-0.12423800000000002,CZE,400251
11506891,59,6763,2014,32119.0,120507.0,1.8105830000000003,0.131131,CZE,400251
11506892,59,6763,2015,34610.0,68971.0,1.743012,0.45424,CZE,400251
11506893,59,6763,2016,124365.0,72661.0,1.823627,0.552354,CZE,400251
11506894,59,6763,2017,91192.0,215260.0,1.7715130000000001,0.359668,CZE,400251
11506895,59,6763,2018,100232.0,127126.0,1.841016,0.220806,CZE,400251
11506896,59,6763,2019,90698.0,36820.0,1.797611,0.406708,CZE,400251
11506897,59,6763,2020,212668.0,75826.0,1.716646,0.602441,CZE,400251
11506898,60,6763,1995,,,,,DDR,400251
11506899,60,6763,1996,,,,,DDR,400251
11506900,60,6763,1997,,,,,DDR,400251
11506901,60,6763,1998,,,,,DDR,400251
11506902,60,6763,1999,,,,,DDR,400251
11506903,60,6763,2000,,,,,DDR,400251
11506904,60,6763,2001,,,,,DDR,400251
11506905,60,6763,2002,,,,,DDR,400251
11506906,60,6763,2003,,,,,DDR,400251
11506907,60,6763,2004,,,,,DDR,400251
11506908,60,6763,2005,,,,,DDR,400251
11506909,60,6763,2006,,,,,DDR,400251
11506910,60,6763,2007,,,,,DDR,400251
11506911,60,6763,2008,,,,,DDR,400251
11506912,60,6763,2009,,,,,DDR,400251
11506913,60,6763,2010,,,,,DDR,400251
11506914,60,6763,2011,,,,,DDR,400251
11506915,60,6763,2012,,,,,DDR,400251
11506916,60,6763,2013,,,,,DDR,400251
11506917,60,6763,2014,,,,,DDR,400251
11506918,60,6763,2015,,,,,DDR,400251
11506919,60,6763,2016,,,,,DDR,400251
11506920,60,6763,2017,,,,,DDR,400251
11506921,60,6763,2018,,,,,DDR,400251
11506922,60,6763,2019,,,,,DDR,400251
11506923,60,6763,2020,,,,,DDR,400251
11506924,61,6763,1995,6747490.0,2963242.0,2.325385,-2.2238189999999998,DEU,400251
11506925,61,6763,1996,5457305.0,1860872.0,2.279976,-2.572299,DEU,400251
11506926,61,6763,1997,4526868.0,1663951.0,2.293936,-2.2301919999999997,DEU,400251
11506927,61,6763,1998,5282526.0,1933568.0,2.334028,-2.417278,DEU,400251
11506928,61,6763,1999,7030102.0,2142723.0,2.334811,-2.060502,DEU,400251
11506929,61,6763,2000,5131175.0,3415449.0,2.316177,-2.4478419999999996,DEU,400251
11506930,61,6763,2001,4316895.0,2424667.0,2.321375,-2.1110990000000003,DEU,400251
11506931,61,6763,2002,10485179.0,2676541.0,2.297691,-2.183239,DEU,400251
11506932,61,6763,2003,14940977.0,5496637.0,2.2821919999999998,-2.0985150000000004,DEU,400251
11506933,61,6763,2004,15104681.0,6944640.0,2.266076,-2.011139,DEU,400251
11506934,61,6763,2005,19119470.0,7137093.0,2.172479,-2.446472,DEU,400251
11506935,61,6763,2006,5717581.0,4456342.0,2.132566,-2.773669,DEU,400251
11506936,61,6763,2007,12140037.0,4961591.0,2.114566,-2.934732,DEU,400251
11506937,61,6763,2008,22268607.0,5744405.0,2.007167,-3.256961,DEU,400251
11506938,61,6763,2009,16144058.0,3890526.0,2.056515,-3.034837,DEU,400251
11506939,61,6763,2010,8342745.0,6231716.0,2.035672,-3.383322,DEU,400251
11506940,61,6763,2011,4233837.0,4860888.0,2.074435,-3.440815,DEU,400251
11506941,61,6763,2012,4455204.0,4313567.0,1.966247,-3.3238410000000003,DEU,400251
11506942,61,6763,2013,4750788.0,6499385.0,2.093658,-3.4281980000000005,DEU,400251
11506943,61,6763,2014,3156972.0,4913597.0,2.052849,-2.888805,DEU,400251
11506944,61,6763,2015,2765223.0,4121344.0,2.203818,-2.307561,DEU,400251
11506945,61,6763,2016,2467864.0,3164408.0,2.203093,-2.24919,DEU,400251
11506946,61,6763,2017,3033159.0,3666970.0,2.1149459999999998,-2.525372,DEU,400251
11506947,61,6763,2018,2593953.0,4224463.0,2.109059,-2.428826,DEU,400251
11506948,61,6763,2019,1810961.0,3406022.0,2.078626,-2.124816,DEU,400251
11506949,61,6763,2020,2263711.0,2764391.0,2.027494,-2.3646689999999997,DEU,400251
11506950,62,6763,1995,,,0.7627109999999999,0.696162,DJI,400251
11506951,62,6763,1996,,,-0.20838099999999998,-0.668964,DJI,400251
11506952,62,6763,1997,,,0.398301,-0.170681,DJI,400251
11506953,62,6763,1998,,,0.521307,-0.071371,DJI,400251
11506954,62,6763,1999,,,0.07838200000000001,-0.351435,DJI,400251
11506955,62,6763,2000,,,0.057164,-0.428066,DJI,400251
11506956,62,6763,2001,,,0.143467,0.14288599999999999,DJI,400251
11506957,62,6763,2002,,,0.416677,-0.052552,DJI,400251
11506958,62,6763,2003,,,-0.41648500000000005,-0.5408350000000001,DJI,400251
11506959,62,6763,2004,,,-0.12463699999999998,-0.304559,DJI,400251
11506960,62,6763,2005,,,0.220415,0.045086,DJI,400251
11506961,62,6763,2006,,,-0.251707,-0.436792,DJI,400251
11506962,62,6763,2007,,,-1.111848,-0.983348,DJI,400251
11506963,62,6763,2008,,,-1.082951,-0.958676,DJI,400251
11506964,62,6763,2009,,,0.062037,-0.596527,DJI,400251
11506965,62,6763,2010,,,-0.37501799999999996,-0.727603,DJI,400251
11506966,62,6763,2011,,,-0.6224529999999999,-0.7357739999999999,DJI,400251
11506967,62,6763,2012,,,-0.31072,-0.7274470000000001,DJI,400251
11506968,62,6763,2013,,,-0.412843,-0.695916,DJI,400251
11506969,62,6763,2014,,,-0.394602,-0.74178,DJI,400251
11506970,62,6763,2015,,,-0.538942,-0.832522,DJI,400251
11506971,62,6763,2016,,,-0.032607,-0.549622,DJI,400251
11506972,62,6763,2017,,,-0.4897,-0.7249180000000001,DJI,400251
11506973,62,6763,2018,,,-0.11008599999999999,-0.603731,DJI,400251
11506974,62,6763,2019,,,-0.602334,-0.794205,DJI,400251
11506975,62,6763,2020,,,-0.493576,-0.808321,DJI,400251
11506976,63,6763,1995,,,0.803902,0.307064,DMA,400251
11506977,63,6763,1996,,,0.44934399999999997,-0.023771,DMA,400251
11506978,63,6763,1997,,,0.795112,0.438787,DMA,400251
11506979,63,6763,1998,,,0.822664,0.166578,DMA,400251
11506980,63,6763,1999,,,0.808025,0.321415,DMA,400251
11506981,63,6763,2000,,,0.780976,0.31806799999999996,DMA,400251
11506982,63,6763,2001,,,0.613251,0.226998,DMA,400251
11506983,63,6763,2002,,,0.196298,-0.129221,DMA,400251
11506984,63,6763,2003,,,0.11903299999999999,-0.21768200000000001,DMA,400251
11506985,63,6763,2004,,,0.322803,-0.000479,DMA,400251
11506986,63,6763,2005,0.0,832.0,0.146509,-0.072638,DMA,400251
11506987,63,6763,2006,,,0.10759400000000001,-0.159215,DMA,400251
11506988,63,6763,2007,,,0.522624,0.077377,DMA,400251
11506989,63,6763,2008,,,0.424179,0.04355,DMA,400251
11506990,63,6763,2009,,,0.348966,-0.09711399999999999,DMA,400251
11506991,63,6763,2010,,,0.35578699999999996,0.13029200000000002,DMA,400251
11506992,63,6763,2011,,,-0.25559699999999996,-0.5345300000000001,DMA,400251
11506993,63,6763,2012,,,0.372616,0.163026,DMA,400251
11506994,63,6763,2013,,,0.054362,-0.156703,DMA,400251
11506995,63,6763,2014,,,0.294596,-0.310069,DMA,400251
11506996,63,6763,2015,,,0.0735,-0.44923599999999997,DMA,400251
11506997,63,6763,2016,,,0.162751,-0.307303,DMA,400251
11506998,63,6763,2017,,,0.283171,-0.22632800000000003,DMA,400251
11506999,63,6763,2018,,,0.381788,0.039853,DMA,400251
11507000,63,6763,2019,,,0.131177,-0.313508,DMA,400251
11507001,63,6763,2020,,,0.583288,0.012664,DMA,400251
11507002,64,6763,1995,6377.0,670436.0,1.3800270000000001,1.489036,DNK,400251
11507003,64,6763,1996,12284.0,683725.0,1.443514,1.275684,DNK,400251
11507004,64,6763,1997,16007.0,371683.0,1.358279,1.420107,DNK,400251
11507005,64,6763,1998,17928.0,304523.0,1.225999,1.470145,DNK,400251
11507006,64,6763,1999,36025.0,169444.0,1.264405,1.469627,DNK,400251
11507007,64,6763,2000,8573.0,61514.0,1.230078,1.429499,DNK,400251
11507008,64,6763,2001,9947.0,73200.0,1.261883,1.351875,DNK,400251
11507009,64,6763,2002,23741.0,50287.0,1.26594,1.225186,DNK,400251
11507010,64,6763,2003,57554.0,57262.0,1.309564,1.245596,DNK,400251
11507011,64,6763,2004,79192.0,85670.0,1.328968,1.262743,DNK,400251
11507012,64,6763,2005,138532.0,45705.0,1.210286,1.217256,DNK,400251
11507013,64,6763,2006,191230.0,29404.0,1.2308700000000001,1.180914,DNK,400251
11507014,64,6763,2007,5793.0,152083.0,1.204019,1.122666,DNK,400251
11507015,64,6763,2008,29935.0,15575.0,1.165294,1.1112440000000001,DNK,400251
11507016,64,6763,2009,7277.0,17520.0,1.242327,1.064709,DNK,400251
11507017,64,6763,2010,26596.0,9518.0,1.082468,1.280759,DNK,400251
11507018,64,6763,2011,6994.0,20251.0,1.156026,1.2248299999999999,DNK,400251
11507019,64,6763,2012,18611.0,3002.0,1.105061,1.245377,DNK,400251
11507020,64,6763,2013,12076.0,211536.0,1.161835,1.1788450000000001,DNK,400251
11507021,64,6763,2014,34049.0,195415.0,1.10869,1.245193,DNK,400251
11507022,64,6763,2015,24756.0,177162.0,1.157924,1.2045629999999998,DNK,400251
11507023,64,6763,2016,153037.0,388542.0,1.117864,1.302658,DNK,400251
11507024,64,6763,2017,404450.0,108255.0,1.159753,1.233914,DNK,400251
11507025,64,6763,2018,379232.0,88563.0,1.0945040000000001,1.3311540000000002,DNK,400251
11507026,64,6763,2019,1075269.0,10758.0,1.0768280000000001,1.2615610000000002,DNK,400251
11507027,64,6763,2020,437605.0,96294.0,1.093217,1.2166549999999998,DNK,400251
11507028,65,6763,1995,0.0,23214.0,-0.635482,-0.746526,DOM,400251
11507029,65,6763,1996,0.0,5706.0,-0.596093,-0.5602060000000001,DOM,400251
11507030,65,6763,1997,0.0,345563.0,-0.6062850000000001,-0.648523,DOM,400251
11507031,65,6763,1998,,,-0.772271,-0.765258,DOM,400251
11507032,65,6763,1999,0.0,64760.0,-0.60436,-0.674701,DOM,400251
11507033,65,6763,2000,,,-0.544322,-0.651937,DOM,400251
11507034,65,6763,2001,0.0,9546.0,-0.538419,-0.48773900000000003,DOM,400251
11507035,65,6763,2002,,,-0.46284899999999995,-0.39210100000000003,DOM,400251
11507036,65,6763,2003,,,-0.46264399999999994,-0.245034,DOM,400251
11507037,65,6763,2004,,,-0.510025,-0.328257,DOM,400251
11507038,65,6763,2005,0.0,3857.0,-0.370894,-0.140178,DOM,400251
11507039,65,6763,2006,,,-0.24073699999999998,0.049093,DOM,400251
11507040,65,6763,2007,0.0,1313.0,-0.228756,0.004222,DOM,400251
11507041,65,6763,2008,0.0,10657.0,-0.167958,0.241283,DOM,400251
11507042,65,6763,2009,,,-0.317894,0.198926,DOM,400251
11507043,65,6763,2010,,,-0.245241,0.368626,DOM,400251
11507044,65,6763,2011,0.0,4450.0,-0.260653,0.5682010000000001,DOM,400251
11507045,65,6763,2012,,,-0.193432,0.590896,DOM,400251
11507046,65,6763,2013,0.0,12457.0,-0.277269,0.432388,DOM,400251
11507047,65,6763,2014,9136.0,45384.0,-0.180845,0.508512,DOM,400251
11507048,65,6763,2015,0.0,11027.0,-0.212808,0.395873,DOM,400251
11507049,65,6763,2016,,,-0.237382,0.295389,DOM,400251
11507050,65,6763,2017,0.0,4067.0,-0.168016,0.30840100000000004,DOM,400251
11507051,65,6763,2018,47040.0,35625.0,-0.084258,0.474872,DOM,400251
11507052,65,6763,2019,40596.0,16067.0,-0.20594,0.309785,DOM,400251
11507053,65,6763,2020,20598.0,0.0,0.06500299999999999,0.2812,DOM,400251
11507054,66,6763,1995,0.0,87842.0,-0.555409,-1.037972,DZA,400251
11507055,66,6763,1996,0.0,52804.0,-0.33419699999999997,-1.035736,DZA,400251
11507056,66,6763,1997,0.0,20424.0,-0.717599,-1.126311,DZA,400251
11507057,66,6763,1998,0.0,117208.0,-0.726061,-1.161031,DZA,400251
11507058,66,6763,1999,0.0,178222.0,-0.701764,-1.175132,DZA,400251
11507059,66,6763,2000,0.0,52176.0,-0.9169209999999999,-1.170192,DZA,400251
11507060,66,6763,2001,0.0,40152.0,-0.663363,-1.158295,DZA,400251
11507061,66,6763,2002,0.0,112272.0,-0.912033,-1.1731850000000001,DZA,400251
11507062,66,6763,2003,0.0,177265.0,-1.060727,-1.142594,DZA,400251
11507063,66,6763,2004,0.0,173348.0,-0.725066,-1.163606,DZA,400251
11507064,66,6763,2005,0.0,211733.0,-0.363675,-1.117724,DZA,400251
11507065,66,6763,2006,0.0,218197.0,-0.489962,-1.12456,DZA,400251
11507066,66,6763,2007,0.0,672191.0,-0.9822690000000001,-1.170282,DZA,400251
11507067,66,6763,2008,0.0,395232.0,-0.556434,-1.079109,DZA,400251
11507068,66,6763,2009,0.0,677932.0,-1.161786,-1.188669,DZA,400251
11507069,66,6763,2010,0.0,459378.0,-1.00922,-1.1511040000000001,DZA,400251
11507070,66,6763,2011,0.0,485976.0,-1.36763,-1.140594,DZA,400251
11507071,66,6763,2012,0.0,537219.0,-1.349046,-1.1601860000000002,DZA,400251
11507072,66,6763,2013,0.0,659607.0,-1.373947,-1.1523459999999999,DZA,400251
11507073,66,6763,2014,0.0,513131.0,-1.5554649999999999,-1.1657030000000002,DZA,400251
11507074,66,6763,2015,0.0,372989.0,-1.54346,-1.255633,DZA,400251
11507075,66,6763,2016,0.0,445704.0,-1.0202930000000001,-1.236642,DZA,400251
11507076,66,6763,2017,0.0,588257.0,-0.9905579999999999,-1.1996200000000001,DZA,400251
11507077,66,6763,2018,0.0,1059321.0,-1.281519,-1.22291,DZA,400251
11507078,66,6763,2019,0.0,61471.0,-1.008866,-1.215228,DZA,400251
11507079,66,6763,2020,0.0,1665681.0,-1.015133,-1.243726,DZA,400251
11507080,67,6763,1995,0.0,9379.0,-0.948154,-0.9595790000000001,ECU,400251
11507081,67,6763,1996,20384.0,44011.0,-1.1391200000000001,-0.992735,ECU,400251
11507082,67,6763,1997,0.0,29689.0,-1.1931690000000001,-1.0139690000000001,ECU,400251
11507083,67,6763,1998,0.0,18113.0,-0.990915,-0.9670860000000001,ECU,400251
11507084,67,6763,1999,0.0,93773.0,-0.8875299999999999,-0.9117879999999999,ECU,400251
11507085,67,6763,2000,0.0,51291.0,-0.883928,-0.884951,ECU,400251
11507086,67,6763,2001,0.0,43706.0,-0.852642,-0.896374,ECU,400251
11507087,67,6763,2002,0.0,39936.0,-0.976218,-0.926393,ECU,400251
11507088,67,6763,2003,0.0,84069.0,-0.8689370000000001,-0.889767,ECU,400251
11507089,67,6763,2004,0.0,37723.0,-1.149101,-1.013619,ECU,400251
11507090,67,6763,2005,0.0,46077.0,-1.029033,-1.014289,ECU,400251
11507091,67,6763,2006,0.0,20422.0,-0.878583,-0.9462010000000001,ECU,400251
11507092,67,6763,2007,0.0,22194.0,-0.820491,-0.8557879999999999,ECU,400251
11507093,67,6763,2008,0.0,32994.0,-0.859434,-0.972389,ECU,400251
11507094,67,6763,2009,0.0,55355.0,-0.92724,-0.965628,ECU,400251
11507095,67,6763,2010,0.0,58792.0,-0.584013,-0.743675,ECU,400251
11507096,67,6763,2011,0.0,89539.0,-0.8250639999999999,-0.839082,ECU,400251
11507097,67,6763,2012,0.0,1155.0,-0.627614,-0.764234,ECU,400251
11507098,67,6763,2013,0.0,8784.0,-0.86546,-0.8888389999999999,ECU,400251
11507099,67,6763,2014,9795.0,11968.0,-1.066865,-1.052921,ECU,400251
11507100,67,6763,2015,0.0,43242.0,-0.9845959999999999,-1.075639,ECU,400251
11507101,67,6763,2016,0.0,34606.0,-1.0860049999999999,-1.049065,ECU,400251
11507102,67,6763,2017,0.0,6302.0,-0.9995850000000001,-1.086367,ECU,400251
11507103,67,6763,2018,0.0,3144.0,-0.873973,-1.032841,ECU,400251
11507104,67,6763,2019,0.0,4882.0,-1.12261,-1.094275,ECU,400251
11507105,67,6763,2020,0.0,13513.0,-1.074185,-1.084344,ECU,400251
11507106,68,6763,1995,0.0,239276.0,-0.340042,-0.085601,EGY,400251
11507107,68,6763,1996,0.0,127650.0,-0.5446409999999999,-0.229586,EGY,400251
11507108,68,6763,1997,0.0,58654.0,-0.314425,0.156345,EGY,400251
11507109,68,6763,1998,,,-0.462755,0.079802,EGY,400251
11507110,68,6763,1999,0.0,15949.0,-0.311879,0.300746,EGY,400251
11507111,68,6763,2000,0.0,36074.0,-0.41125900000000004,0.099833,EGY,400251
11507112,68,6763,2001,,,-0.373576,0.366385,EGY,400251
11507113,68,6763,2002,0.0,12976.0,-0.377127,0.549439,EGY,400251
11507114,68,6763,2003,0.0,15426.0,-0.292923,0.465433,EGY,400251
11507115,68,6763,2004,0.0,281477.0,-0.300563,0.41834899999999997,EGY,400251
11507116,68,6763,2005,0.0,22835.0,-0.247748,0.492885,EGY,400251
11507117,68,6763,2006,0.0,21636.0,-0.182272,0.40222399999999997,EGY,400251
11507118,68,6763,2007,0.0,76272.0,-0.144054,0.663592,EGY,400251
11507119,68,6763,2008,0.0,1753.0,-0.098316,1.134642,EGY,400251
11507120,68,6763,2009,0.0,53482.0,-0.20940300000000003,1.6466290000000001,EGY,400251
11507121,68,6763,2010,0.0,53885.0,-0.181826,1.409465,EGY,400251
11507122,68,6763,2011,0.0,6702.0,-0.166243,1.384719,EGY,400251
11507123,68,6763,2012,0.0,459124.0,-0.143732,1.316722,EGY,400251
11507124,68,6763,2013,,,-0.17418,1.692641,EGY,400251
11507125,68,6763,2014,0.0,34620.0,-0.086866,1.7419669999999998,EGY,400251
11507126,68,6763,2015,0.0,586325.0,-0.183053,1.765036,EGY,400251
11507127,68,6763,2016,0.0,674924.0,-0.142377,1.674348,EGY,400251
11507128,68,6763,2017,0.0,187732.0,-0.073436,1.829121,EGY,400251
11507129,68,6763,2018,0.0,82865.0,-0.096635,1.585658,EGY,400251
11507130,68,6763,2019,0.0,33646.0,-0.152353,1.5426309999999999,EGY,400251
11507131,68,6763,2020,,,-0.186095,1.6414330000000001,EGY,400251
11507132,69,6763,1995,,,0.567988,-0.30390500000000004,ERI,400251
11507133,69,6763,1996,,,-0.31049499999999997,-0.656459,ERI,400251
11507134,69,6763,1997,,,-0.914603,-0.9081629999999999,ERI,400251
11507135,69,6763,1998,,,0.05984400000000001,-0.508051,ERI,400251
11507136,69,6763,1999,,,0.160222,-0.528174,ERI,400251
11507137,69,6763,2000,,,-0.135268,-0.6384569999999999,ERI,400251
11507138,69,6763,2001,,,0.617376,-0.33233,ERI,400251
11507139,69,6763,2002,,,0.831973,-0.050712,ERI,400251
11507140,69,6763,2003,,,-0.105591,-0.247614,ERI,400251
11507141,69,6763,2004,,,0.48701400000000006,-0.094026,ERI,400251
11507142,69,6763,2005,,,-0.240044,-0.46946000000000004,ERI,400251
11507143,69,6763,2006,,,0.216725,-0.337624,ERI,400251
11507144,69,6763,2007,,,-0.905408,-0.908877,ERI,400251
11507145,69,6763,2008,,,0.129938,-0.429551,ERI,400251
11507146,69,6763,2009,,,0.081675,-0.37700100000000003,ERI,400251
11507147,69,6763,2010,,,-0.288006,-0.614999,ERI,400251
11507148,69,6763,2011,,,0.073024,-0.8032229999999999,ERI,400251
11507149,69,6763,2012,,,-0.349941,-0.9931450000000001,ERI,400251
11507150,69,6763,2013,,,-1.227273,-0.9367340000000001,ERI,400251
11507151,69,6763,2014,,,-2.345215,-1.051413,ERI,400251
11507152,69,6763,2015,,,-1.7745669999999998,-1.013696,ERI,400251
11507153,69,6763,2016,,,-1.479782,-1.060063,ERI,400251
11507154,69,6763,2017,,,-1.4706139999999999,-1.024845,ERI,400251
11507155,69,6763,2018,,,-1.601517,-1.062162,ERI,400251
11507156,69,6763,2019,,,-1.7266080000000001,-1.0303360000000001,ERI,400251
11507157,69,6763,2020,,,-1.1688129999999999,-0.9633879999999999,ERI,400251
11507158,70,6763,1995,,,0.954333,-0.674121,ESH,400251
11507159,70,6763,1996,,,-1.342924,-0.696376,ESH,400251
11507160,70,6763,1997,,,1.0709799999999998,-0.671918,ESH,400251
11507161,70,6763,1998,,,-0.07774,-0.78017,ESH,400251
11507162,70,6763,1999,,,0.353541,-0.794955,ESH,400251
11507163,70,6763,2000,,,0.926739,-0.533051,ESH,400251
11507164,70,6763,2001,,,-0.49938699999999997,-0.8695809999999999,ESH,400251
11507165,70,6763,2002,,,0.911192,-0.830407,ESH,400251
11507166,70,6763,2003,,,1.2379639999999998,-0.469434,ESH,400251
11507167,70,6763,2004,,,0.771845,-0.777994,ESH,400251
11507168,70,6763,2005,,,1.559212,-0.563942,ESH,400251
11507169,70,6763,2006,,,1.380741,-0.657053,ESH,400251
11507170,70,6763,2007,,,1.540701,-0.416705,ESH,400251
11507171,70,6763,2008,,,0.7177640000000001,-0.689189,ESH,400251
11507172,70,6763,2009,,,1.277881,-0.752965,ESH,400251
11507173,70,6763,2010,,,2.0637689999999997,-0.760273,ESH,400251
11507174,70,6763,2011,,,2.337415,-0.327113,ESH,400251
11507175,70,6763,2012,,,2.172618,-0.077311,ESH,400251
11507176,70,6763,2013,,,1.672666,-0.47427700000000006,ESH,400251
11507177,70,6763,2014,,,0.8348690000000001,-0.6148140000000001,ESH,400251
11507178,70,6763,2015,,,0.8270209999999999,-0.590016,ESH,400251
11507179,70,6763,2016,,,0.771312,-0.799657,ESH,400251
11507180,70,6763,2017,,,0.908792,-0.538131,ESH,400251
11507181,70,6763,2018,,,1.599518,-0.5597880000000001,ESH,400251
11507182,70,6763,2019,,,1.48852,-0.669028,ESH,400251
11507183,70,6763,2020,,,2.1028029999999998,-0.647638,ESH,400251
11507184,71,6763,1995,153737.0,1749304.0,1.144247,1.933844,ESP,400251
11507185,71,6763,1996,213926.0,1535630.0,1.105317,1.9473,ESP,400251
11507186,71,6763,1997,328015.0,1305007.0,1.082049,2.0238650000000002,ESP,400251
11507187,71,6763,1998,294624.0,987149.0,1.051392,1.983438,ESP,400251
11507188,71,6763,1999,106793.0,593853.0,1.0849209999999998,1.9351180000000001,ESP,400251
11507189,71,6763,2000,90176.0,901969.0,1.098989,1.911029,ESP,400251
11507190,71,6763,2001,56086.0,947355.0,1.079664,1.9842220000000002,ESP,400251
11507191,71,6763,2002,102756.0,648418.0,1.012246,2.049594,ESP,400251
11507192,71,6763,2003,110421.0,1443493.0,0.960684,2.074792,ESP,400251
11507193,71,6763,2004,507497.0,1816905.0,0.9784649999999999,2.051216,ESP,400251
11507194,71,6763,2005,122090.0,1251112.0,0.9318489999999999,1.999698,ESP,400251
11507195,71,6763,2006,168192.0,905164.0,0.9091370000000001,2.068166,ESP,400251
11507196,71,6763,2007,245023.0,1192308.0,0.914681,2.027797,ESP,400251
11507197,71,6763,2008,342773.0,655680.0,0.8755649999999999,2.122164,ESP,400251
11507198,71,6763,2009,94202.0,439595.0,0.9021020000000001,2.170578,ESP,400251
11507199,71,6763,2010,68050.0,396028.0,0.832619,2.448009,ESP,400251
11507200,71,6763,2011,33639.0,364855.0,0.8677290000000001,2.4618450000000003,ESP,400251
11507201,71,6763,2012,80953.0,168454.0,0.8528309999999999,2.462809,ESP,400251
11507202,71,6763,2013,109096.0,172674.0,0.861698,2.353993,ESP,400251
11507203,71,6763,2014,137665.0,518338.0,0.842147,2.45692,ESP,400251
11507204,71,6763,2015,184669.0,78110.0,0.8173590000000001,2.442556,ESP,400251
11507205,71,6763,2016,74142.0,123048.0,0.765428,2.57725,ESP,400251
11507206,71,6763,2017,25807.0,281047.0,0.734342,2.8180099999999997,ESP,400251
11507207,71,6763,2018,12414.0,296259.0,0.744825,2.919005,ESP,400251
11507208,71,6763,2019,55053.0,92947.0,0.678454,3.007838,ESP,400251
11507209,71,6763,2020,155290.0,156783.0,0.736657,2.731661,ESP,400251
11507210,72,6763,1995,,,0.530041,1.134288,EST,400251
11507211,72,6763,1996,750.0,0.0,0.53397,1.0877940000000001,EST,400251
11507212,72,6763,1997,,,0.460823,0.9126700000000001,EST,400251
11507213,72,6763,1998,,,0.53408,1.07691,EST,400251
11507214,72,6763,1999,,,0.502979,0.8847440000000001,EST,400251
11507215,72,6763,2000,,,0.358559,0.583236,EST,400251
11507216,72,6763,2001,0.0,76364.0,0.5746829999999999,0.9073899999999999,EST,400251
11507217,72,6763,2002,,,0.54511,0.9135979999999999,EST,400251
11507218,72,6763,2003,0.0,142903.0,0.5913010000000001,0.8489979999999999,EST,400251
11507219,72,6763,2004,0.0,30812.0,0.6101840000000001,0.9520370000000001,EST,400251
11507220,72,6763,2005,0.0,4246.0,0.6351600000000001,1.039403,EST,400251
11507221,72,6763,2006,,,0.6426350000000001,0.925003,EST,400251
11507222,72,6763,2007,0.0,1091.0,0.746434,1.306397,EST,400251
11507223,72,6763,2008,0.0,24651.0,0.749696,1.5173940000000001,EST,400251
11507224,72,6763,2009,0.0,16295.0,0.749058,1.269572,EST,400251
11507225,72,6763,2010,,,0.832316,1.1844649999999999,EST,400251
11507226,72,6763,2011,2030.0,0.0,0.9806790000000001,1.110449,EST,400251
11507227,72,6763,2012,,,0.8594450000000001,1.299628,EST,400251
11507228,72,6763,2013,1153.0,16805.0,0.8828940000000001,1.386574,EST,400251
11507229,72,6763,2014,0.0,24768.0,0.9147780000000001,1.151556,EST,400251
11507230,72,6763,2015,0.0,90788.0,0.9281149999999999,1.1780389999999998,EST,400251
11507231,72,6763,2016,0.0,153097.0,1.000418,1.154152,EST,400251
11507232,72,6763,2017,0.0,79303.0,1.010985,1.289633,EST,400251
11507233,72,6763,2018,0.0,69718.0,0.979986,1.2365899999999999,EST,400251
11507234,72,6763,2019,0.0,75278.0,0.962284,1.346195,EST,400251
11507235,72,6763,2020,0.0,89264.0,1.012385,1.305015,EST,400251
11507236,73,6763,1995,,,-1.3387120000000001,-1.123621,ETH,400251
11507237,73,6763,1996,,,-1.265383,-1.131925,ETH,400251
11507238,73,6763,1997,,,-1.239473,-1.159345,ETH,400251
11507239,73,6763,1998,,,-1.279819,-1.158182,ETH,400251
11507240,73,6763,1999,,,-1.18759,-1.111391,ETH,400251
11507241,73,6763,2000,,,-1.190677,-1.063662,ETH,400251
11507242,73,6763,2001,,,-0.999149,-0.904072,ETH,400251
11507243,73,6763,2002,,,-1.096371,-0.9566709999999999,ETH,400251
11507244,73,6763,2003,,,-1.1145559999999999,-0.9599620000000001,ETH,400251
11507245,73,6763,2004,,,-1.156284,-0.900874,ETH,400251
11507246,73,6763,2005,,,-1.287495,-1.0195940000000001,ETH,400251
11507247,73,6763,2006,,,-0.9557180000000001,-0.9153479999999999,ETH,400251
11507248,73,6763,2007,0.0,3306.0,-1.115917,-0.821652,ETH,400251
11507249,73,6763,2008,0.0,3164.0,-1.0084629999999999,-0.83993,ETH,400251
11507250,73,6763,2009,,,-0.967483,-0.8219,ETH,400251
11507251,73,6763,2010,,,-1.122906,-0.840777,ETH,400251
11507252,73,6763,2011,,,-1.258175,-0.920692,ETH,400251
11507253,73,6763,2012,,,-1.134031,-0.991977,ETH,400251
11507254,73,6763,2013,,,-1.264002,-0.9594219999999999,ETH,400251
11507255,73,6763,2014,,,-1.296535,-1.045942,ETH,400251
11507256,73,6763,2015,0.0,7828.0,-1.004896,-0.721019,ETH,400251
11507257,73,6763,2016,,,-1.006161,-0.756472,ETH,400251
11507258,73,6763,2017,0.0,122681.0,-1.007413,-0.638231,ETH,400251
11507259,73,6763,2018,0.0,176130.0,-0.874857,-0.464958,ETH,400251
11507260,73,6763,2019,0.0,15841.0,-1.073631,-0.617885,ETH,400251
11507261,73,6763,2020,0.0,1836.0,-0.952033,-0.707262,ETH,400251
11507262,74,6763,1995,0.0,45370.0,2.0085740000000003,1.126816,FIN,400251
11507263,74,6763,1996,7168.0,15043.0,2.0584729999999998,1.006908,FIN,400251
11507264,74,6763,1997,24212.0,32845.0,1.9298959999999998,1.083861,FIN,400251
11507265,74,6763,1998,4304.0,33222.0,2.003987,0.995725,FIN,400251
11507266,74,6763,1999,74421.0,10778.0,2.095642,0.966282,FIN,400251
11507267,74,6763,2000,0.0,4007.0,2.0621419999999997,0.9090360000000001,FIN,400251
11507268,74,6763,2001,0.0,17072.0,2.069141,0.9375180000000001,FIN,400251
11507269,74,6763,2002,11146.0,7636.0,2.0234240000000003,0.979141,FIN,400251
11507270,74,6763,2003,0.0,16722.0,2.077889,0.942501,FIN,400251
11507271,74,6763,2004,0.0,47859.0,2.000218,0.9867309999999999,FIN,400251
11507272,74,6763,2005,0.0,49193.0,1.8661240000000001,0.932386,FIN,400251
11507273,74,6763,2006,0.0,53923.0,1.864038,0.8193940000000001,FIN,400251
11507274,74,6763,2007,0.0,69605.0,1.865502,0.7737729999999999,FIN,400251
11507275,74,6763,2008,0.0,52702.0,1.767859,0.846409,FIN,400251
11507276,74,6763,2009,0.0,72860.0,1.8206849999999999,0.797421,FIN,400251
11507277,74,6763,2010,0.0,78298.0,1.745464,0.897992,FIN,400251
11507278,74,6763,2011,0.0,66757.0,1.7488830000000002,0.890934,FIN,400251
11507279,74,6763,2012,6877.0,50544.0,1.58219,0.939001,FIN,400251
11507280,74,6763,2013,1482.0,287469.0,1.734552,0.8896940000000001,FIN,400251
11507281,74,6763,2014,1796.0,275022.0,1.626355,1.002923,FIN,400251
11507282,74,6763,2015,0.0,176782.0,1.597817,0.998059,FIN,400251
11507283,74,6763,2016,2789.0,201380.0,1.581968,1.006432,FIN,400251
11507284,74,6763,2017,1571.0,161405.0,1.655957,0.962485,FIN,400251
11507285,74,6763,2018,1524.0,199185.0,1.61151,0.9474549999999999,FIN,400251
11507286,74,6763,2019,0.0,171924.0,1.495278,1.034435,FIN,400251
11507287,74,6763,2020,0.0,246321.0,1.498089,1.066223,FIN,400251
11507288,75,6763,1995,,,-0.998257,-0.9565629999999999,FJI,400251
11507289,75,6763,1996,,,-0.7977,-0.9271879999999999,FJI,400251
11507290,75,6763,1997,,,-0.9404020000000001,-0.8833989999999999,FJI,400251
11507291,75,6763,1998,,,-1.069747,-0.965333,FJI,400251
11507292,75,6763,1999,,,-1.101748,-0.847409,FJI,400251
11507293,75,6763,2000,,,-0.804605,-0.21037899999999998,FJI,400251
11507294,75,6763,2001,,,-0.954702,-0.602761,FJI,400251
11507295,75,6763,2002,,,-0.588136,-0.242883,FJI,400251
11507296,75,6763,2003,,,-0.6865640000000001,-0.326977,FJI,400251
11507297,75,6763,2004,,,-0.8870969999999999,-0.287427,FJI,400251
11507298,75,6763,2005,,,-0.649999,-0.189992,FJI,400251
11507299,75,6763,2006,,,-0.6554949999999999,-0.098284,FJI,400251
11507300,75,6763,2007,,,-0.506992,0.033250999999999996,FJI,400251
11507301,75,6763,2008,,,-0.756592,-0.27005,FJI,400251
11507302,75,6763,2009,,,-0.785772,-0.305228,FJI,400251
11507303,75,6763,2010,,,-0.603112,-0.29135500000000003,FJI,400251
11507304,75,6763,2011,0.0,8001.0,-0.434356,-0.010863,FJI,400251
11507305,75,6763,2012,,,-0.315227,0.118598,FJI,400251
11507306,75,6763,2013,,,-0.5203369999999999,-0.122405,FJI,400251
11507307,75,6763,2014,,,-0.306346,-0.07688500000000001,FJI,400251
11507308,75,6763,2015,,,-0.481968,-0.201468,FJI,400251
11507309,75,6763,2016,,,-0.27171999999999996,0.172933,FJI,400251
11507310,75,6763,2017,,,-0.278276,-0.033997,FJI,400251
11507311,75,6763,2018,,,-0.269185,0.006362,FJI,400251
11507312,75,6763,2019,,,-0.274278,-0.049333,FJI,400251
11507313,75,6763,2020,,,-0.184167,-0.081888,FJI,400251
11507314,76,6763,1995,,,1.0650549999999999,-0.45996800000000004,FLK,400251
11507315,76,6763,1996,,,0.7798039999999999,-0.524821,FLK,400251
11507316,76,6763,1997,,,1.410488,-0.441326,FLK,400251
11507317,76,6763,1998,,,0.816912,-0.515321,FLK,400251
11507318,76,6763,1999,,,0.9361450000000001,-0.578892,FLK,400251
11507319,76,6763,2000,,,0.42403,-0.758674,FLK,400251
11507320,76,6763,2001,,,0.394316,-0.766895,FLK,400251
11507321,76,6763,2002,,,-0.119248,-0.81018,FLK,400251
11507322,76,6763,2003,,,0.593669,-0.68972,FLK,400251
11507323,76,6763,2004,,,0.108608,-0.8270280000000001,FLK,400251
11507324,76,6763,2005,,,-1.215666,-0.8770950000000001,FLK,400251
11507325,76,6763,2006,,,0.11039000000000002,-0.79848,FLK,400251
11507326,76,6763,2007,,,-0.911695,-0.898893,FLK,400251
11507327,76,6763,2008,,,-1.0724,-0.9330379999999999,FLK,400251
11507328,76,6763,2009,,,-0.891749,-0.97485,FLK,400251
11507329,76,6763,2010,,,-1.173959,-0.9282549999999999,FLK,400251
11507330,76,6763,2011,,,-0.283483,-0.7019989999999999,FLK,400251
11507331,76,6763,2012,,,-1.251161,-0.8249569999999999,FLK,400251
11507332,76,6763,2013,,,-1.254446,-0.868074,FLK,400251
11507333,76,6763,2014,,,-0.558974,-0.8402059999999999,FLK,400251
11507334,76,6763,2015,,,0.268838,-0.829983,FLK,400251
11507335,76,6763,2016,,,-1.1568180000000001,-0.9883270000000001,FLK,400251
11507336,76,6763,2017,,,-1.506175,-0.9551219999999999,FLK,400251
11507337,76,6763,2018,,,-1.04542,-0.97565,FLK,400251
11507338,76,6763,2019,,,-1.633601,-0.991559,FLK,400251
11507339,76,6763,2020,,,-0.406704,-0.8790969999999999,FLK,400251
11507340,77,6763,1995,4215352.0,725317.0,1.768484,0.765537,FRA,400251
11507341,77,6763,1996,4299093.0,887359.0,1.69082,0.721312,FRA,400251
11507342,77,6763,1997,3995872.0,561245.0,1.69504,0.8278549999999999,FRA,400251
11507343,77,6763,1998,3224229.0,1463675.0,1.707702,0.7784270000000001,FRA,400251
11507344,77,6763,1999,2942904.0,1868439.0,1.72758,0.6619079999999999,FRA,400251
11507345,77,6763,2000,2643081.0,2216138.0,1.674971,0.47538100000000005,FRA,400251
11507346,77,6763,2001,2098201.0,1855673.0,1.653507,0.797582,FRA,400251
11507347,77,6763,2002,2479539.0,869231.0,1.569367,0.9886360000000001,FRA,400251
11507348,77,6763,2003,2952119.0,1158781.0,1.606606,0.7394149999999999,FRA,400251
11507349,77,6763,2004,2965501.0,997095.0,1.6003530000000001,0.643945,FRA,400251
11507350,77,6763,2005,3211566.0,426326.0,1.505148,0.594409,FRA,400251
11507351,77,6763,2006,3921900.0,370042.0,1.47591,0.489466,FRA,400251
11507352,77,6763,2007,12039297.0,981930.0,1.4565350000000001,0.262845,FRA,400251
11507353,77,6763,2008,8705035.0,582803.0,1.487702,-0.223965,FRA,400251
11507354,77,6763,2009,3312415.0,618612.0,1.540346,0.090377,FRA,400251
11507355,77,6763,2010,4264287.0,621003.0,1.530027,-0.052557000000000006,FRA,400251
11507356,77,6763,2011,4767537.0,615464.0,1.532054,0.09339299999999999,FRA,400251
11507357,77,6763,2012,3971493.0,534576.0,1.425025,0.27534899999999995,FRA,400251
11507358,77,6763,2013,4514360.0,409304.0,1.520354,0.022874000000000002,FRA,400251
11507359,77,6763,2014,5267297.0,2497340.0,1.4817790000000002,0.30995,FRA,400251
11507360,77,6763,2015,4388977.0,185869.0,1.479792,0.6490239999999999,FRA,400251
11507361,77,6763,2016,4519828.0,149704.0,1.476437,0.911746,FRA,400251
11507362,77,6763,2017,6073261.0,100408.0,1.398427,0.894732,FRA,400251
11507363,77,6763,2018,6917274.0,217423.0,1.420819,0.7793770000000001,FRA,400251
11507364,77,6763,2019,5317581.0,164421.0,1.380982,0.9510629999999999,FRA,400251
11507365,77,6763,2020,5225015.0,259981.0,1.341275,0.8991870000000001,FRA,400251
11507366,78,6763,1995,,,-0.8247260000000001,-0.791759,FRO,400251
11507367,78,6763,1996,,,-0.252693,-0.714691,FRO,400251
11507368,78,6763,1997,,,-0.602436,-0.8477809999999999,FRO,400251
11507369,78,6763,1998,,,-0.6159899999999999,-0.828198,FRO,400251
11507370,78,6763,1999,,,-0.718961,-0.900609,FRO,400251
11507371,78,6763,2000,,,-0.618711,-0.8832209999999999,FRO,400251
11507372,78,6763,2001,,,-1.004972,-0.9456030000000001,FRO,400251
11507373,78,6763,2002,,,-0.410455,-0.821335,FRO,400251
11507374,78,6763,2003,,,-0.46422299999999994,-0.8072050000000001,FRO,400251
11507375,78,6763,2004,,,-1.026359,-0.960327,FRO,400251
11507376,78,6763,2005,,,-1.164102,-0.934409,FRO,400251
11507377,78,6763,2006,,,-0.117631,-0.69352,FRO,400251
11507378,78,6763,2007,0.0,1203.0,-0.308363,-0.7707510000000001,FRO,400251
11507379,78,6763,2008,,,-0.576205,-0.886117,FRO,400251
11507380,78,6763,2009,,,-0.437934,-0.8733879999999999,FRO,400251
11507381,78,6763,2010,,,-1.158567,-0.99413,FRO,400251
11507382,78,6763,2011,,,-0.733444,-0.8242229999999999,FRO,400251
11507383,78,6763,2012,,,-0.47762200000000005,-0.8946870000000001,FRO,400251
11507384,78,6763,2013,,,-0.370701,-0.815466,FRO,400251
11507385,78,6763,2014,,,-0.703929,-0.86265,FRO,400251
11507386,78,6763,2015,,,-0.700767,-0.9214399999999999,FRO,400251
11507387,78,6763,2016,,,-0.7436,-0.955406,FRO,400251
11507388,78,6763,2017,,,-0.956326,-0.951541,FRO,400251
11507389,78,6763,2018,,,-1.00676,-0.959297,FRO,400251
11507390,78,6763,2019,,,-1.164816,-0.9571540000000001,FRO,400251
11507391,78,6763,2020,,,-0.867916,-0.92601,FRO,400251
11507392,79,6763,1995,,,-1.764116,-0.971993,FSM,400251
11507393,79,6763,1996,,,-1.798209,-1.044117,FSM,400251
11507394,79,6763,1997,,,-1.275105,-1.046722,FSM,400251
11507395,79,6763,1998,,,-1.8257740000000002,-1.104982,FSM,400251
11507396,79,6763,1999,,,-1.382572,-1.054154,FSM,400251
11507397,79,6763,2000,,,-1.6284100000000001,-1.074629,FSM,400251
11507398,79,6763,2001,,,-1.7531240000000001,-1.081697,FSM,400251
11507399,79,6763,2002,,,-1.511888,-1.054948,FSM,400251
11507400,79,6763,2003,,,-1.370191,-1.028812,FSM,400251
11507401,79,6763,2004,,,-1.647605,-1.093832,FSM,400251
11507402,79,6763,2005,,,-1.386996,-0.9737610000000001,FSM,400251
11507403,79,6763,2006,,,-0.883972,-0.8817209999999999,FSM,400251
11507404,79,6763,2007,,,-0.528725,-0.883342,FSM,400251
11507405,79,6763,2008,,,-0.744394,-0.930508,FSM,400251
11507406,79,6763,2009,,,-1.011055,-0.983978,FSM,400251
11507407,79,6763,2010,,,-1.2914889999999999,-1.0153450000000002,FSM,400251
11507408,79,6763,2011,,,-0.882574,-0.8780530000000001,FSM,400251
11507409,79,6763,2012,,,-0.8024789999999999,-0.873287,FSM,400251
11507410,79,6763,2013,,,-0.234314,-0.8260700000000001,FSM,400251
11507411,79,6763,2014,,,-0.32643099999999997,-0.8248049999999999,FSM,400251
11507412,79,6763,2015,,,-0.39153000000000004,-0.8570479999999999,FSM,400251
11507413,79,6763,2016,,,-0.86156,-0.969134,FSM,400251
11507414,79,6763,2017,,,-1.106905,-0.952936,FSM,400251
11507415,79,6763,2018,,,-0.969202,-0.974952,FSM,400251
11507416,79,6763,2019,,,-1.11436,-0.9806819999999999,FSM,400251
11507417,79,6763,2020,,,-0.845915,-0.964045,FSM,400251
11507418,80,6763,1995,,,-1.445673,-1.099128,GAB,400251
11507419,80,6763,1996,,,-1.693615,-1.174433,GAB,400251
11507420,80,6763,1997,,,-1.177994,-1.134955,GAB,400251
11507421,80,6763,1998,,,-1.122225,-1.148066,GAB,400251
11507422,80,6763,1999,,,-1.068733,-1.178405,GAB,400251
11507423,80,6763,2000,,,-0.7179909999999999,-1.1375170000000001,GAB,400251
11507424,80,6763,2001,,,-1.063007,-1.181284,GAB,400251
11507425,80,6763,2002,,,-0.830094,-1.149233,GAB,400251
11507426,80,6763,2003,,,-0.92745,-1.138466,GAB,400251
11507427,80,6763,2004,,,-0.700329,-1.137018,GAB,400251
11507428,80,6763,2005,0.0,6097.0,-1.4162700000000001,-1.173227,GAB,400251
11507429,80,6763,2006,,,-1.6696819999999999,-1.173322,GAB,400251
11507430,80,6763,2007,,,-1.328633,-1.165045,GAB,400251
11507431,80,6763,2008,,,-1.316179,-1.117633,GAB,400251
11507432,80,6763,2009,,,-1.197711,-1.147469,GAB,400251
11507433,80,6763,2010,,,-1.707175,-1.167635,GAB,400251
11507434,80,6763,2011,,,-1.093784,-1.0849659999999999,GAB,400251
11507435,80,6763,2012,0.0,6236.0,-1.563872,-1.168605,GAB,400251
11507436,80,6763,2013,0.0,2495.0,-1.6582830000000002,-1.155302,GAB,400251
11507437,80,6763,2014,,,-1.625474,-1.135973,GAB,400251
11507438,80,6763,2015,0.0,38464.0,-1.384351,-1.209873,GAB,400251
11507439,80,6763,2016,0.0,2719.0,-1.530568,-1.254999,GAB,400251
11507440,80,6763,2017,0.0,14417.0,-1.109612,-1.177577,GAB,400251
11507441,80,6763,2018,0.0,34904.0,-1.4979200000000001,-1.180407,GAB,400251
11507442,80,6763,2019,,,-1.08556,-1.183434,GAB,400251
11507443,80,6763,2020,0.0,186063.0,-1.6422990000000002,-1.207249,GAB,400251
11507444,81,6763,1995,3890080.0,461184.0,1.8656979999999999,1.107121,GBR,400251
11507445,81,6763,1996,2193096.0,512767.0,1.850284,0.883084,GBR,400251
11507446,81,6763,1997,2282625.0,537685.0,1.886353,0.783832,GBR,400251
11507447,81,6763,1998,17512739.0,1813520.0,1.906738,0.489101,GBR,400251
11507448,81,6763,1999,24146609.0,3063847.0,1.9523830000000002,0.771455,GBR,400251
11507449,81,6763,2000,33143372.0,3557161.0,1.957339,0.610052,GBR,400251
11507450,81,6763,2001,22914611.0,1637063.0,1.976894,0.685435,GBR,400251
11507451,81,6763,2002,31442566.0,1668381.0,1.893177,0.831382,GBR,400251
11507452,81,6763,2003,25676507.0,1616140.0,1.8712540000000002,0.706205,GBR,400251
11507453,81,6763,2004,18668339.0,661485.0,1.843506,0.684779,GBR,400251
11507454,81,6763,2005,19597129.0,667307.0,1.805023,0.425654,GBR,400251
11507455,81,6763,2006,17205873.0,1031117.0,1.824154,0.614424,GBR,400251
11507456,81,6763,2007,28820048.0,1184336.0,1.718661,0.35525300000000004,GBR,400251
11507457,81,6763,2008,46238156.0,921328.0,1.7586119999999998,0.061214,GBR,400251
11507458,81,6763,2009,13670971.0,1160613.0,1.7921779999999998,0.41211499999999995,GBR,400251
11507459,81,6763,2010,17545019.0,1566843.0,1.828224,0.386383,GBR,400251
11507460,81,6763,2011,7938228.0,2959035.0,1.8048220000000001,0.380141,GBR,400251
11507461,81,6763,2012,1287280.0,1818984.0,1.701279,0.518166,GBR,400251
11507462,81,6763,2013,1356136.0,2244388.0,1.7901259999999999,0.44164,GBR,400251
11507463,81,6763,2014,1211153.0,2566995.0,1.697964,0.585372,GBR,400251
11507464,81,6763,2015,1131816.0,1649687.0,1.7422990000000003,0.75838,GBR,400251
11507465,81,6763,2016,595716.0,2590850.0,1.6974669999999998,0.9231299999999999,GBR,400251
11507466,81,6763,2017,467638.0,2255109.0,1.6883119999999998,0.8347469999999999,GBR,400251
11507467,81,6763,2018,473834.0,117226.0,1.693008,0.768159,GBR,400251
11507468,81,6763,2019,537635.0,98705.0,1.731106,0.717566,GBR,400251
11507469,81,6763,2020,275229.0,54411.0,1.6459,0.7702640000000001,GBR,400251
11507470,82,6763,1995,,,1.082754,0.059275,GEO,400251
11507471,82,6763,1996,,,0.5383020000000001,0.167596,GEO,400251
11507472,82,6763,1997,,,0.304927,-0.082,GEO,400251
11507473,82,6763,1998,,,0.644307,0.304707,GEO,400251
11507474,82,6763,1999,,,0.50297,0.042010000000000006,GEO,400251
11507475,82,6763,2000,,,0.571461,0.10845999999999999,GEO,400251
11507476,82,6763,2001,,,0.585568,-0.047744999999999996,GEO,400251
11507477,82,6763,2002,0.0,1987.0,0.662382,-0.124825,GEO,400251
11507478,82,6763,2003,,,0.595485,-0.25939,GEO,400251
11507479,82,6763,2004,,,0.381348,-0.44259,GEO,400251
11507480,82,6763,2005,,,0.041261,-0.530021,GEO,400251
11507481,82,6763,2006,0.0,3275.0,0.076711,-0.47216099999999994,GEO,400251
11507482,82,6763,2007,,,0.016077,-0.386962,GEO,400251
11507483,82,6763,2008,,,-0.355095,-0.660181,GEO,400251
11507484,82,6763,2009,35998.0,0.0,0.045952,-0.381822,GEO,400251
11507485,82,6763,2010,41144.0,0.0,-0.21301399999999998,-0.48355299999999996,GEO,400251
11507486,82,6763,2011,,,-0.07754,-0.35434699999999997,GEO,400251
11507487,82,6763,2012,,,-0.29418,-0.63162,GEO,400251
11507488,82,6763,2013,,,-0.160691,-0.393419,GEO,400251
11507489,82,6763,2014,,,-0.254106,-0.646584,GEO,400251
11507490,82,6763,2015,0.0,970.0,-0.343663,-0.588017,GEO,400251
11507491,82,6763,2016,0.0,2090.0,-0.388359,-0.51175,GEO,400251
11507492,82,6763,2017,0.0,14899.0,-0.241749,-0.374727,GEO,400251
11507493,82,6763,2018,0.0,9583.0,-0.049871,-0.28439899999999996,GEO,400251
11507494,82,6763,2019,,,-0.057798,-0.206771,GEO,400251
11507495,82,6763,2020,,,-0.199775,-0.38684,GEO,400251
11507496,83,6763,1995,,,-1.247755,-1.070455,GHA,400251
11507497,83,6763,1996,,,-1.035244,-0.9834129999999999,GHA,400251
11507498,83,6763,1997,1090.0,0.0,-1.012728,-0.939893,GHA,400251
11507499,83,6763,1998,,,-1.215123,-1.0427620000000002,GHA,400251
11507500,83,6763,1999,,,-0.9444520000000001,-0.905826,GHA,400251
11507501,83,6763,2000,,,-1.192608,-0.811986,GHA,400251
11507502,83,6763,2001,0.0,2715.0,-0.961067,-0.780449,GHA,400251
11507503,83,6763,2002,0.0,6314.0,-1.333425,-1.0709879999999998,GHA,400251
11507504,83,6763,2003,0.0,1765.0,-1.074188,-0.7127319999999999,GHA,400251
11507505,83,6763,2004,0.0,4946.0,-1.2972540000000001,-0.9967219999999999,GHA,400251
11507506,83,6763,2005,0.0,13271.0,-1.031092,-0.820743,GHA,400251
11507507,83,6763,2006,0.0,23363.0,-0.9934860000000001,-0.809318,GHA,400251
11507508,83,6763,2007,0.0,36622.0,-0.906867,-0.565891,GHA,400251
11507509,83,6763,2008,0.0,105508.0,-0.9339360000000001,-0.701724,GHA,400251
11507510,83,6763,2009,,,-0.909436,-0.6619470000000001,GHA,400251
11507511,83,6763,2010,0.0,25905.0,-0.835003,-0.633731,GHA,400251
11507512,83,6763,2011,0.0,77331.0,-0.8627319999999999,-0.608823,GHA,400251
11507513,83,6763,2012,0.0,57497.0,-0.9610920000000001,-0.745232,GHA,400251
11507514,83,6763,2013,0.0,207906.0,-0.7316010000000001,-0.5327689999999999,GHA,400251
11507515,83,6763,2014,0.0,84168.0,-1.130226,-0.9909379999999999,GHA,400251
11507516,83,6763,2015,0.0,43275.0,-0.750568,-0.690257,GHA,400251
11507517,83,6763,2016,0.0,2402.0,-0.945358,-0.805301,GHA,400251
11507518,83,6763,2017,,,-0.929143,-0.811439,GHA,400251
11507519,83,6763,2018,0.0,5576.0,-0.956109,-0.861556,GHA,400251
11507520,83,6763,2019,,,-0.9581,-0.8727879999999999,GHA,400251
11507521,83,6763,2020,,,-0.973506,-0.9559139999999999,GHA,400251
11507522,84,6763,1995,,,0.784189,-0.224741,GIB,400251
11507523,84,6763,1996,,,0.932001,-0.20733400000000002,GIB,400251
11507524,84,6763,1997,,,0.811642,-0.186555,GIB,400251
11507525,84,6763,1998,,,0.6941689999999999,-0.21656,GIB,400251
11507526,84,6763,1999,,,0.609578,-0.316135,GIB,400251
11507527,84,6763,2000,0.0,8883.0,0.589325,-0.358073,GIB,400251
11507528,84,6763,2001,,,0.5955739999999999,-0.39100799999999997,GIB,400251
11507529,84,6763,2002,,,0.814919,-0.205996,GIB,400251
11507530,84,6763,2003,,,1.133606,-0.176782,GIB,400251
11507531,84,6763,2004,,,0.466397,-0.627153,GIB,400251
11507532,84,6763,2005,,,0.637355,-0.465557,GIB,400251
11507533,84,6763,2006,,,0.8370120000000001,-0.35099400000000003,GIB,400251
11507534,84,6763,2007,,,0.794616,-0.287001,GIB,400251
11507535,84,6763,2008,,,0.938815,-0.361914,GIB,400251
11507536,84,6763,2009,,,0.9646979999999999,-0.461183,GIB,400251
11507537,84,6763,2010,,,0.570018,-0.585911,GIB,400251
11507538,84,6763,2011,,,0.8442850000000001,-0.435222,GIB,400251
11507539,84,6763,2012,,,0.930638,-0.558299,GIB,400251
11507540,84,6763,2013,,,0.991136,-0.603793,GIB,400251
11507541,84,6763,2014,,,0.275796,-0.720217,GIB,400251
11507542,84,6763,2015,,,0.535143,-0.750155,GIB,400251
11507543,84,6763,2016,,,0.8535370000000001,-0.661778,GIB,400251
11507544,84,6763,2017,,,0.767836,-0.725273,GIB,400251
11507545,84,6763,2018,,,0.420756,-0.6854140000000001,GIB,400251
11507546,84,6763,2019,,,0.5167470000000001,-0.484465,GIB,400251
11507547,84,6763,2020,,,0.710597,-0.445858,GIB,400251
11507548,85,6763,1995,,,-1.304768,-1.077826,GIN,400251
11507549,85,6763,1996,,,-1.2641930000000001,-1.1317409999999999,GIN,400251
11507550,85,6763,1997,,,-1.529401,-1.163973,GIN,400251
11507551,85,6763,1998,,,-1.676035,-1.248894,GIN,400251
11507552,85,6763,1999,,,-1.950321,-1.269807,GIN,400251
11507553,85,6763,2000,,,-1.523998,-1.197719,GIN,400251
11507554,85,6763,2001,,,-1.5380340000000001,-1.200083,GIN,400251
11507555,85,6763,2002,,,-1.85329,-1.243105,GIN,400251
11507556,85,6763,2003,,,-2.14752,-1.250048,GIN,400251
11507557,85,6763,2004,,,-1.314543,-1.155153,GIN,400251
11507558,85,6763,2005,,,-1.55683,-1.200541,GIN,400251
11507559,85,6763,2006,,,-1.8376720000000002,-1.229774,GIN,400251
11507560,85,6763,2007,,,-1.694335,-1.230744,GIN,400251
11507561,85,6763,2008,,,-1.530997,-1.171231,GIN,400251
11507562,85,6763,2009,,,-1.618121,-1.2200520000000001,GIN,400251
11507563,85,6763,2010,,,-1.6761720000000002,-1.181665,GIN,400251
11507564,85,6763,2011,,,-1.728661,-1.193353,GIN,400251
11507565,85,6763,2012,,,-1.735487,-1.225333,GIN,400251
11507566,85,6763,2013,,,-1.1287459999999998,-1.069735,GIN,400251
11507567,85,6763,2014,,,-1.628409,-1.202473,GIN,400251
11507568,85,6763,2015,,,-1.288329,-1.167532,GIN,400251
11507569,85,6763,2016,,,-1.474753,-1.215627,GIN,400251
11507570,85,6763,2017,,,-1.7560669999999998,-1.2747680000000001,GIN,400251
11507571,85,6763,2018,,,-1.036697,-1.1562860000000001,GIN,400251
11507572,85,6763,2019,,,-1.366633,-1.196123,GIN,400251
11507573,85,6763,2020,,,-1.841029,-1.233167,GIN,400251
11507574,86,6763,1995,,,0.563491,-0.18852,GLP,400251
11507575,86,6763,1996,,,,,GLP,400251
11507576,86,6763,1997,,,,,GLP,400251
11507577,86,6763,1998,,,,,GLP,400251
11507578,86,6763,1999,,,,,GLP,400251
11507579,86,6763,2000,,,,,GLP,400251
11507580,86,6763,2001,,,,,GLP,400251
11507581,86,6763,2002,,,,,GLP,400251
11507582,86,6763,2003,,,,,GLP,400251
11507583,86,6763,2004,,,,,GLP,400251
11507584,86,6763,2005,,,,,GLP,400251
11507585,86,6763,2006,,,,,GLP,400251
11507586,86,6763,2007,,,,,GLP,400251
11507587,86,6763,2008,,,,,GLP,400251
11507588,86,6763,2009,,,,,GLP,400251
11507589,86,6763,2010,,,,,GLP,400251
11507590,86,6763,2011,,,,,GLP,400251
11507591,86,6763,2012,,,,,GLP,400251
11507592,86,6763,2013,,,,,GLP,400251
11507593,86,6763,2014,,,,,GLP,400251
11507594,86,6763,2015,,,,,GLP,400251
11507595,86,6763,2016,,,,,GLP,400251
11507596,86,6763,2017,,,,,GLP,400251
11507597,86,6763,2018,,,,,GLP,400251
11507598,86,6763,2019,,,,,GLP,400251
11507599,86,6763,2020,,,,,GLP,400251
11507600,87,6763,1995,,,-0.605221,-0.700982,GMB,400251
11507601,87,6763,1996,,,-1.028677,-0.8440540000000001,GMB,400251
11507602,87,6763,1997,,,-0.6977300000000001,-0.7753720000000001,GMB,400251
11507603,87,6763,1998,0.0,1800.0,-0.8280120000000001,-0.783022,GMB,400251
11507604,87,6763,1999,,,-0.768406,-0.764934,GMB,400251
11507605,87,6763,2000,,,-0.468837,-0.532772,GMB,400251
11507606,87,6763,2001,,,-0.160182,-0.24737399999999998,GMB,400251
11507607,87,6763,2002,,,0.075971,-0.068413,GMB,400251
11507608,87,6763,2003,,,-0.230541,-0.275663,GMB,400251
11507609,87,6763,2004,,,-0.135943,-0.226541,GMB,400251
11507610,87,6763,2005,,,-0.223043,-0.361032,GMB,400251
11507611,87,6763,2006,,,-0.378539,-0.48427200000000004,GMB,400251
11507612,87,6763,2007,,,-0.8336680000000001,-0.8261860000000001,GMB,400251
11507613,87,6763,2008,,,-0.39378,-0.509879,GMB,400251
11507614,87,6763,2009,,,-0.573979,-0.644636,GMB,400251
11507615,87,6763,2010,0.0,30708.0,-0.894757,-0.734589,GMB,400251
11507616,87,6763,2011,,,-0.621556,-0.64336,GMB,400251
11507617,87,6763,2012,,,-0.488296,-0.6730510000000001,GMB,400251
11507618,87,6763,2013,,,-0.5571550000000001,-0.6860310000000001,GMB,400251
11507619,87,6763,2014,,,-0.905488,-0.7892819999999999,GMB,400251
11507620,87,6763,2015,,,-0.984775,-0.877886,GMB,400251
11507621,87,6763,2016,,,-0.743023,-0.833044,GMB,400251
11507622,87,6763,2017,,,-1.161814,-0.9317190000000001,GMB,400251
11507623,87,6763,2018,,,-0.85649,-0.761513,GMB,400251
11507624,87,6763,2019,,,-1.0174450000000002,-0.790743,GMB,400251
11507625,87,6763,2020,,,-1.11216,-0.956471,GMB,400251
11507626,88,6763,1995,,,-1.58566,-0.8226829999999999,GNB,400251
11507627,88,6763,1996,,,-1.853188,-0.8371649999999999,GNB,400251
11507628,88,6763,1997,,,-1.9366400000000001,-1.000259,GNB,400251
11507629,88,6763,1998,,,-1.8103790000000002,-0.9481790000000001,GNB,400251
11507630,88,6763,1999,,,-1.7561959999999999,-0.957758,GNB,400251
11507631,88,6763,2000,,,-2.4014330000000004,-1.001641,GNB,400251
11507632,88,6763,2001,,,-1.580625,-0.9665860000000001,GNB,400251
11507633,88,6763,2002,,,-0.661416,-0.8644870000000001,GNB,400251
11507634,88,6763,2003,,,0.24509499999999998,-0.612725,GNB,400251
11507635,88,6763,2004,,,-1.423263,-0.9892280000000001,GNB,400251
11507636,88,6763,2005,,,-1.631378,-0.9792690000000001,GNB,400251
11507637,88,6763,2006,,,-1.528471,-0.926991,GNB,400251
11507638,88,6763,2007,,,-1.416947,-1.011782,GNB,400251
11507639,88,6763,2008,,,-1.9234919999999998,-1.055369,GNB,400251
11507640,88,6763,2009,,,-0.6868890000000001,-0.9243459999999999,GNB,400251
11507641,88,6763,2010,,,-1.695338,-0.9196790000000001,GNB,400251
11507642,88,6763,2011,,,-0.839621,-0.6918850000000001,GNB,400251
11507643,88,6763,2012,,,-1.6792029999999998,-1.0008629999999998,GNB,400251
11507644,88,6763,2013,,,-2.414729,-0.9398700000000001,GNB,400251
11507645,88,6763,2014,,,-1.6723700000000001,-0.896442,GNB,400251
11507646,88,6763,2015,,,-2.6546,-1.010989,GNB,400251
11507647,88,6763,2016,,,-1.671858,-1.043328,GNB,400251
11507648,88,6763,2017,,,-2.418518,-0.954242,GNB,400251
11507649,88,6763,2018,,,-2.260375,-1.038929,GNB,400251
11507650,88,6763,2019,,,-1.9842009999999999,-1.0293379999999999,GNB,400251
11507651,88,6763,2020,,,-1.172138,-0.944076,GNB,400251
11507652,89,6763,1995,,,-2.276493,-0.847433,GNQ,400251
11507653,89,6763,1996,,,-1.832253,-0.7935300000000001,GNQ,400251
11507654,89,6763,1997,,,-1.447242,-0.830466,GNQ,400251
11507655,89,6763,1998,,,-2.5150919999999997,-0.9077930000000001,GNQ,400251
11507656,89,6763,1999,,,-1.390101,-0.91989,GNQ,400251
11507657,89,6763,2000,,,-2.387934,-0.9495290000000001,GNQ,400251
11507658,89,6763,2001,,,-2.0882959999999997,-0.921539,GNQ,400251
11507659,89,6763,2002,,,-2.3567560000000003,-0.88686,GNQ,400251
11507660,89,6763,2003,,,-2.4406529999999997,-0.821155,GNQ,400251
11507661,89,6763,2004,,,-1.093261,-0.8802639999999999,GNQ,400251
11507662,89,6763,2005,,,-1.804466,-0.83998,GNQ,400251
11507663,89,6763,2006,,,-2.188173,-0.8631700000000001,GNQ,400251
11507664,89,6763,2007,,,-1.406911,-0.8466950000000001,GNQ,400251
11507665,89,6763,2008,,,-1.059208,-0.843542,GNQ,400251
11507666,89,6763,2009,,,-1.426661,-0.9459870000000001,GNQ,400251
11507667,89,6763,2010,,,-1.077402,-0.86556,GNQ,400251
11507668,89,6763,2011,,,-1.634315,-0.7567729999999999,GNQ,400251
11507669,89,6763,2012,0.0,16439.0,-1.297351,-0.926208,GNQ,400251
11507670,89,6763,2013,,,-1.521575,-0.814708,GNQ,400251
11507671,89,6763,2014,,,-2.043516,-0.844701,GNQ,400251
11507672,89,6763,2015,,,-1.585577,-0.9044979999999999,GNQ,400251
11507673,89,6763,2016,,,-1.766286,-0.9607709999999999,GNQ,400251
11507674,89,6763,2017,,,-1.735486,-0.9254180000000001,GNQ,400251
11507675,89,6763,2018,,,-2.017117,-0.975924,GNQ,400251
11507676,89,6763,2019,0.0,50469.0,-1.9057680000000001,-0.968132,GNQ,400251
11507677,89,6763,2020,,,-1.5979940000000001,-0.9529340000000001,GNQ,400251
11507678,90,6763,1995,0.0,169923.0,0.17369,0.885756,GRC,400251
11507679,90,6763,1996,1298.0,154778.0,0.271386,1.042608,GRC,400251
11507680,90,6763,1997,13890.0,50795.0,0.229516,1.085225,GRC,400251
11507681,90,6763,1998,0.0,27043.0,0.183835,1.1512790000000002,GRC,400251
11507682,90,6763,1999,976.0,240235.0,0.24943600000000002,1.172467,GRC,400251
11507683,90,6763,2000,0.0,41551.0,0.30201300000000003,1.4171799999999999,GRC,400251
11507684,90,6763,2001,0.0,27120.0,0.31387600000000004,1.3614600000000001,GRC,400251
11507685,90,6763,2002,13772.0,25299.0,0.31858000000000003,1.47417,GRC,400251
11507686,90,6763,2003,0.0,17894.0,0.364688,1.4823959999999998,GRC,400251
11507687,90,6763,2004,0.0,24222.0,0.348853,1.661656,GRC,400251
11507688,90,6763,2005,40804.0,8759.0,0.321907,1.7731669999999997,GRC,400251
11507689,90,6763,2006,0.0,6178.0,0.261955,1.488958,GRC,400251
11507690,90,6763,2007,0.0,39928.0,0.348709,1.674567,GRC,400251
11507691,90,6763,2008,11544.0,15884.0,0.33272399999999996,1.758188,GRC,400251
11507692,90,6763,2009,0.0,134910.0,0.2196,1.63301,GRC,400251
11507693,90,6763,2010,323556.0,103054.0,0.200249,1.4640090000000001,GRC,400251
11507694,90,6763,2011,518773.0,2899.0,0.138679,1.30044,GRC,400251
11507695,90,6763,2012,0.0,3213.0,0.20949600000000002,1.086158,GRC,400251
11507696,90,6763,2013,1580.0,0.0,0.18823800000000002,0.910906,GRC,400251
11507697,90,6763,2014,0.0,3760.0,0.149337,0.8560540000000001,GRC,400251
11507698,90,6763,2015,,,0.099027,1.012289,GRC,400251
11507699,90,6763,2016,,,0.12153499999999999,1.126101,GRC,400251
11507700,90,6763,2017,1400.0,2163.0,0.154098,1.151038,GRC,400251
11507701,90,6763,2018,,,0.059539999999999996,1.0321879999999999,GRC,400251
11507702,90,6763,2019,0.0,1351.0,0.08904400000000001,1.059396,GRC,400251
11507703,90,6763,2020,6060.0,2620.0,0.199011,1.087811,GRC,400251
11507704,91,6763,1995,,,0.15883699999999998,-0.514984,GRD,400251
11507705,91,6763,1996,,,0.285534,-0.37242600000000003,GRD,400251
11507706,91,6763,1997,,,0.24891799999999997,-0.44986499999999996,GRD,400251
11507707,91,6763,1998,,,-0.249689,-0.7117,GRD,400251
11507708,91,6763,1999,0.0,222921.0,-0.157276,-0.625791,GRD,400251
11507709,91,6763,2000,,,0.26865500000000003,-0.449797,GRD,400251
11507710,91,6763,2001,,,-0.007888,-0.518167,GRD,400251
11507711,91,6763,2002,,,0.552833,-0.283761,GRD,400251
11507712,91,6763,2003,,,0.3936,-0.258355,GRD,400251
11507713,91,6763,2004,,,0.40210100000000004,-0.382662,GRD,400251
11507714,91,6763,2005,,,0.18640299999999999,-0.5731930000000001,GRD,400251
11507715,91,6763,2006,,,0.19208599999999998,-0.40781,GRD,400251
11507716,91,6763,2007,,,0.043229000000000004,-0.664795,GRD,400251
11507717,91,6763,2008,,,0.6186010000000001,-0.170518,GRD,400251
11507718,91,6763,2009,,,0.035948,-0.586996,GRD,400251
11507719,91,6763,2010,,,-0.1543,-0.779396,GRD,400251
11507720,91,6763,2011,,,-0.11610999999999999,-0.579971,GRD,400251
11507721,91,6763,2012,,,0.20538800000000001,-0.529008,GRD,400251
11507722,91,6763,2013,,,0.073206,-0.567926,GRD,400251
11507723,91,6763,2014,,,-0.184151,-0.7291270000000001,GRD,400251
11507724,91,6763,2015,,,0.296552,-0.335908,GRD,400251
11507725,91,6763,2016,,,0.6993729999999999,-0.250698,GRD,400251
11507726,91,6763,2017,,,0.384656,-0.317098,GRD,400251
11507727,91,6763,2018,,,0.28333800000000003,-0.40042,GRD,400251
11507728,91,6763,2019,,,0.297653,-0.409112,GRD,400251
11507729,91,6763,2020,,,0.285169,-0.284221,GRD,400251
11507730,92,6763,1995,,,-0.723404,-0.794883,GRL,400251
11507731,92,6763,1996,0.0,1548.0,-0.8826879999999999,-0.777868,GRL,400251
11507732,92,6763,1997,,,-0.880433,-0.8654799999999999,GRL,400251
11507733,92,6763,1998,,,-1.011085,-0.8786809999999999,GRL,400251
11507734,92,6763,1999,,,-0.832216,-0.906492,GRL,400251
11507735,92,6763,2000,,,-0.565631,-0.867934,GRL,400251
11507736,92,6763,2001,,,0.199595,-0.73547,GRL,400251
11507737,92,6763,2002,,,-0.592221,-0.8956799999999999,GRL,400251
11507738,92,6763,2003,,,-0.764655,-0.8684200000000001,GRL,400251
11507739,92,6763,2004,,,-1.31451,-0.969981,GRL,400251
11507740,92,6763,2005,,,-0.8994700000000001,-0.922005,GRL,400251
11507741,92,6763,2006,,,-1.0014,-0.935995,GRL,400251
11507742,92,6763,2007,,,-1.102012,-0.978591,GRL,400251
11507743,92,6763,2008,,,-0.669996,-0.909798,GRL,400251
11507744,92,6763,2009,,,-1.29302,-1.024092,GRL,400251
11507745,92,6763,2010,,,-0.45149700000000004,-0.9039299999999999,GRL,400251
11507746,92,6763,2011,,,-0.669044,-0.787142,GRL,400251
11507747,92,6763,2012,,,-0.723743,-0.938377,GRL,400251
11507748,92,6763,2013,,,-0.801617,-0.8734120000000001,GRL,400251
11507749,92,6763,2014,,,-1.168495,-0.93096,GRL,400251
11507750,92,6763,2015,,,-1.017707,-0.913467,GRL,400251
11507751,92,6763,2016,,,-1.15173,-0.9915700000000001,GRL,400251
11507752,92,6763,2017,,,-1.226963,-0.9309620000000001,GRL,400251
11507753,92,6763,2018,,,-1.384795,-1.004781,GRL,400251
11507754,92,6763,2019,,,-0.808258,-0.936559,GRL,400251
11507755,92,6763,2020,,,-1.262925,-0.9767549999999999,GRL,400251
11507756,93,6763,1995,0.0,71565.0,-0.241468,0.170932,GTM,400251
11507757,93,6763,1996,0.0,30686.0,-0.332901,0.23790300000000003,GTM,400251
11507758,93,6763,1997,0.0,104399.0,-0.310042,0.2096,GTM,400251
11507759,93,6763,1998,0.0,37055.0,-0.344999,0.155524,GTM,400251
11507760,93,6763,1999,0.0,1071585.0,-0.459323,0.210247,GTM,400251
11507761,93,6763,2000,0.0,939704.0,-0.452607,0.317698,GTM,400251
11507762,93,6763,2001,1497.0,837267.0,-0.5089520000000001,0.216677,GTM,400251
11507763,93,6763,2002,0.0,712606.0,-0.548834,-0.034464999999999996,GTM,400251
11507764,93,6763,2003,0.0,1230606.0,-0.444162,0.145319,GTM,400251
11507765,93,6763,2004,0.0,1327485.0,-0.46136000000000005,0.148122,GTM,400251
11507766,93,6763,2005,0.0,1480006.0,-0.414479,0.41440200000000005,GTM,400251
11507767,93,6763,2006,0.0,1304099.0,-0.28642199999999995,0.5868439999999999,GTM,400251
11507768,93,6763,2007,4861.0,1450295.0,-0.261899,0.643437,GTM,400251
11507769,93,6763,2008,0.0,2063418.0,-0.271973,0.720486,GTM,400251
11507770,93,6763,2009,0.0,609374.0,-0.33276999999999995,0.551257,GTM,400251
11507771,93,6763,2010,0.0,1241755.0,-0.39034,0.743521,GTM,400251
11507772,93,6763,2011,10841.0,1613011.0,-0.329497,0.775369,GTM,400251
11507773,93,6763,2012,10091.0,2174212.0,-0.265127,0.626089,GTM,400251
11507774,93,6763,2013,33857.0,1698011.0,-0.41466499999999995,0.774788,GTM,400251
11507775,93,6763,2014,0.0,2310228.0,-0.36547199999999996,0.548894,GTM,400251
11507776,93,6763,2015,1178.0,2423994.0,-0.284403,0.525564,GTM,400251
11507777,93,6763,2016,45510.0,1771321.0,-0.414843,0.382162,GTM,400251
11507778,93,6763,2017,11962.0,2662460.0,-0.418538,0.557454,GTM,400251
11507779,93,6763,2018,20489.0,2834563.0,-0.362668,0.520826,GTM,400251
11507780,93,6763,2019,11556.0,2966047.0,-0.43447299999999994,0.658475,GTM,400251
11507781,93,6763,2020,0.0,4264407.0,-0.32240100000000005,0.542048,GTM,400251
11507782,94,6763,1995,,,1.1777959999999998,-0.052863,GUF,400251
11507783,94,6763,1996,,,,,GUF,400251
11507784,94,6763,1997,,,,,GUF,400251
11507785,94,6763,1998,,,,,GUF,400251
11507786,94,6763,1999,,,,,GUF,400251
11507787,94,6763,2000,,,,,GUF,400251
11507788,94,6763,2001,,,,,GUF,400251
11507789,94,6763,2002,,,,,GUF,400251
11507790,94,6763,2003,,,,,GUF,400251
11507791,94,6763,2004,,,,,GUF,400251
11507792,94,6763,2005,,,,,GUF,400251
11507793,94,6763,2006,,,,,GUF,400251
11507794,94,6763,2007,,,,,GUF,400251
11507795,94,6763,2008,,,,,GUF,400251
11507796,94,6763,2009,,,,,GUF,400251
11507797,94,6763,2010,,,,,GUF,400251
11507798,94,6763,2011,,,,,GUF,400251
11507799,94,6763,2012,,,,,GUF,400251
11507800,94,6763,2013,,,,,GUF,400251
11507801,94,6763,2014,,,,,GUF,400251
11507802,94,6763,2015,,,,,GUF,400251
11507803,94,6763,2016,,,,,GUF,400251
11507804,94,6763,2017,,,,,GUF,400251
11507805,94,6763,2018,,,,,GUF,400251
11507806,94,6763,2019,,,,,GUF,400251
11507807,94,6763,2020,,,,,GUF,400251
11507808,95,6763,1995,,,,,GUM,400251
11507809,95,6763,1996,,,,,GUM,400251
11507810,95,6763,1997,,,,,GUM,400251
11507811,95,6763,1998,,,,,GUM,400251
11507812,95,6763,1999,,,,,GUM,400251
11507813,95,6763,2000,,,-0.432621,-0.897784,GUM,400251
11507814,95,6763,2001,,,-0.228818,-0.8545719999999999,GUM,400251
11507815,95,6763,2002,,,-0.516203,-0.803461,GUM,400251
11507816,95,6763,2003,,,-0.139991,-0.570695,GUM,400251
11507817,95,6763,2004,,,0.13034500000000002,-0.40525700000000003,GUM,400251
11507818,95,6763,2005,,,0.10963699999999998,-0.44295,GUM,400251
11507819,95,6763,2006,,,0.385261,-0.26928,GUM,400251
11507820,95,6763,2007,,,0.571674,-0.282353,GUM,400251
11507821,95,6763,2008,,,0.33915,-0.240079,GUM,400251
11507822,95,6763,2009,,,0.518098,-0.124172,GUM,400251
11507823,95,6763,2010,,,0.726384,0.182999,GUM,400251
11507824,95,6763,2011,,,0.675826,0.157468,GUM,400251
11507825,95,6763,2012,,,0.392913,-0.070977,GUM,400251
11507826,95,6763,2013,,,0.483541,0.281968,GUM,400251
11507827,95,6763,2014,,,0.6368119999999999,-0.01771,GUM,400251
11507828,95,6763,2015,,,0.658226,0.030897000000000004,GUM,400251
11507829,95,6763,2016,,,0.659809,-0.066939,GUM,400251
11507830,95,6763,2017,,,0.638232,0.033204000000000004,GUM,400251
11507831,95,6763,2018,,,0.560314,-0.11880299999999999,GUM,400251
11507832,95,6763,2019,,,0.12159400000000001,-0.657729,GUM,400251
11507833,95,6763,2020,,,0.27266399999999996,-0.638288,GUM,400251
11507834,96,6763,1995,,,-0.8856,-0.8413700000000001,GUY,400251
11507835,96,6763,1996,,,-0.567617,-0.766822,GUY,400251
11507836,96,6763,1997,,,-0.7141810000000001,-0.8589030000000001,GUY,400251
11507837,96,6763,1998,,,-0.8204450000000001,-0.8914200000000001,GUY,400251
11507838,96,6763,1999,,,-0.97619,-0.8785709999999999,GUY,400251
11507839,96,6763,2000,,,-1.127205,-0.962915,GUY,400251
11507840,96,6763,2001,,,-0.955816,-0.8593069999999999,GUY,400251
11507841,96,6763,2002,,,-0.9485889999999999,-0.9086489999999999,GUY,400251
11507842,96,6763,2003,,,-0.59035,-0.7361340000000001,GUY,400251
11507843,96,6763,2004,,,-1.046232,-0.985188,GUY,400251
11507844,96,6763,2005,,,-0.618542,-0.771821,GUY,400251
11507845,96,6763,2006,0.0,16267.0,-0.813775,-0.8000649999999999,GUY,400251
11507846,96,6763,2007,,,-0.889957,-0.873185,GUY,400251
11507847,96,6763,2008,,,-1.0439530000000001,-0.962007,GUY,400251
11507848,96,6763,2009,,,-1.0557809999999999,-1.055825,GUY,400251
11507849,96,6763,2010,,,-1.020217,-1.0231569999999999,GUY,400251
11507850,96,6763,2011,,,-1.079231,-1.0280989999999999,GUY,400251
11507851,96,6763,2012,,,-0.734614,-0.8208489999999999,GUY,400251
11507852,96,6763,2013,,,-0.8555590000000001,-0.9744450000000001,GUY,400251
11507853,96,6763,2014,,,-1.068777,-1.038227,GUY,400251
11507854,96,6763,2015,,,-1.018758,-1.056085,GUY,400251
11507855,96,6763,2016,,,-0.4755,-0.778335,GUY,400251
11507856,96,6763,2017,,,-0.703271,-0.898648,GUY,400251
11507857,96,6763,2018,,,-0.841458,-0.9803280000000001,GUY,400251
11507858,96,6763,2019,,,-0.308365,-0.7833359999999999,GUY,400251
11507859,96,6763,2020,,,-0.5874159999999999,-0.8020189999999999,GUY,400251
11507860,97,6763,1995,168357.0,169185.0,0.5244449999999999,2.682738,HKG,400251
11507861,97,6763,1996,129199.0,140264.0,0.54364,2.727659,HKG,400251
11507862,97,6763,1997,6229.0,3705966.0,0.521942,2.578405,HKG,400251
11507863,97,6763,1998,33798.0,4415352.0,0.46966099999999994,2.5744029999999998,HKG,400251
11507864,97,6763,1999,56815.0,3043825.0,0.387427,2.402434,HKG,400251
11507865,97,6763,2000,153970.0,1804486.0,0.416202,2.4793950000000002,HKG,400251
11507866,97,6763,2001,15774.0,1807203.0,0.521528,2.3025,HKG,400251
11507867,97,6763,2002,26100.0,2538195.0,0.5701109999999999,1.989357,HKG,400251
11507868,97,6763,2003,142776.0,1015893.0,0.494569,2.147062,HKG,400251
11507869,97,6763,2004,137846.0,1446180.0,0.604825,2.098745,HKG,400251
11507870,97,6763,2005,33453.0,2068887.0,0.5862149999999999,2.0303459999999998,HKG,400251
11507871,97,6763,2006,473301.0,1721225.0,0.5776319999999999,2.076782,HKG,400251
11507872,97,6763,2007,1293844.0,2421155.0,0.639034,2.1086009999999997,HKG,400251
11507873,97,6763,2008,84792.0,1964693.0,0.74435,2.149616,HKG,400251
11507874,97,6763,2009,257489.0,930154.0,0.654964,1.98672,HKG,400251
11507875,97,6763,2010,773304.0,1364048.0,0.715745,1.9780259999999998,HKG,400251
11507876,97,6763,2011,614679.0,1770710.0,0.663588,1.902118,HKG,400251
11507877,97,6763,2012,716318.0,747310.0,0.8124979999999999,1.677497,HKG,400251
11507878,97,6763,2013,1179739.0,681680.0,0.744383,1.923139,HKG,400251
11507879,97,6763,2014,731624.0,445426.0,0.812132,1.722493,HKG,400251
11507880,97,6763,2015,920061.0,209161.0,0.8255290000000001,1.8017279999999998,HKG,400251
11507881,97,6763,2016,597414.0,73241.0,0.8029029999999999,1.477249,HKG,400251
11507882,97,6763,2017,323920.0,75058.0,0.824982,1.7162220000000001,HKG,400251
11507883,97,6763,2018,561818.0,174639.0,0.843677,1.656073,HKG,400251
11507884,97,6763,2019,1484477.0,0.0,0.992556,1.523004,HKG,400251
11507885,97,6763,2020,300754.0,0.0,1.070483,1.183618,HKG,400251
11507886,98,6763,1995,,,,,HMD,400251
11507887,98,6763,1996,,,,,HMD,400251
11507888,98,6763,1997,,,,,HMD,400251
11507889,98,6763,1998,,,,,HMD,400251
11507890,98,6763,1999,,,,,HMD,400251
11507891,98,6763,2000,,,0.5964520000000001,-0.776101,HMD,400251
11507892,98,6763,2001,,,0.646155,-0.73333,HMD,400251
11507893,98,6763,2002,,,0.0012929999999999999,-0.8448479999999999,HMD,400251
11507894,98,6763,2003,,,1.144117,-0.703569,HMD,400251
11507895,98,6763,2004,,,0.462296,-0.784625,HMD,400251
11507896,98,6763,2005,,,-1.00294,-0.900342,HMD,400251
11507897,98,6763,2006,,,0.247049,-0.780273,HMD,400251
11507898,98,6763,2007,,,0.645392,-0.6719970000000001,HMD,400251
11507899,98,6763,2008,,,0.319506,-0.794439,HMD,400251
11507900,98,6763,2009,,,1.877332,-0.753691,HMD,400251
11507901,98,6763,2010,,,1.514377,-0.696689,HMD,400251
11507902,98,6763,2011,,,1.101177,-0.534424,HMD,400251
11507903,98,6763,2012,,,-1.101992,-0.773688,HMD,400251
11507904,98,6763,2013,,,-1.285513,-0.81486,HMD,400251
11507905,98,6763,2014,,,1.634657,-0.634681,HMD,400251
11507906,98,6763,2015,,,0.7990550000000001,-0.871886,HMD,400251
11507907,98,6763,2016,,,1.1556879999999998,-0.877059,HMD,400251
11507908,98,6763,2017,,,1.734589,-0.733194,HMD,400251
11507909,98,6763,2018,,,0.799866,-0.8623620000000001,HMD,400251
11507910,98,6763,2019,,,-0.20277799999999999,-0.928184,HMD,400251
11507911,98,6763,2020,,,1.878707,-0.7548239999999999,HMD,400251
11507912,99,6763,1995,,,-0.765536,-0.668834,HND,400251
11507913,99,6763,1996,,,-0.69357,-0.48721400000000004,HND,400251
11507914,99,6763,1997,,,-0.832161,-0.5578270000000001,HND,400251
11507915,99,6763,1998,,,-0.9326049999999999,-0.598527,HND,400251
11507916,99,6763,1999,0.0,23315.0,-0.8858290000000001,-0.530034,HND,400251
11507917,99,6763,2000,0.0,6193.0,-0.860977,-0.6851109999999999,HND,400251
11507918,99,6763,2001,0.0,1497.0,-0.8003060000000001,-0.602097,HND,400251
11507919,99,6763,2002,0.0,9707.0,-0.877043,-0.658185,HND,400251
11507920,99,6763,2003,0.0,22108.0,-0.733546,-0.568585,HND,400251
11507921,99,6763,2004,0.0,32596.0,-0.75975,-0.548407,HND,400251
11507922,99,6763,2005,0.0,43457.0,-0.731899,-0.54884,HND,400251
11507923,99,6763,2006,0.0,66943.0,-0.672074,-0.472138,HND,400251
11507924,99,6763,2007,0.0,33164.0,-0.6366,-0.327447,HND,400251
11507925,99,6763,2008,,,-0.5907,-0.351317,HND,400251
11507926,99,6763,2009,0.0,1017.0,-0.587607,-0.189167,HND,400251
11507927,99,6763,2010,,,-0.569501,-0.153122,HND,400251
11507928,99,6763,2011,,,-0.740241,-0.311952,HND,400251
11507929,99,6763,2012,,,-0.45962299999999995,-0.002247,HND,400251
11507930,99,6763,2013,,,-0.731431,-0.310927,HND,400251
11507931,99,6763,2014,,,-0.467004,0.045511,HND,400251
11507932,99,6763,2015,,,-0.578635,-0.292053,HND,400251
11507933,99,6763,2016,,,-0.673741,-0.403777,HND,400251
11507934,99,6763,2017,,,-0.6335689999999999,-0.334201,HND,400251
11507935,99,6763,2018,0.0,26103.0,-0.523738,-0.193198,HND,400251
11507936,99,6763,2019,,,-0.6444439999999999,-0.203443,HND,400251
11507937,99,6763,2020,0.0,35614.0,-0.583329,-0.404227,HND,400251
11507938,100,6763,1995,0.0,11869.0,0.75325,1.395715,HRV,400251
11507939,100,6763,1996,14921.0,21521.0,0.772706,1.1075270000000002,HRV,400251
11507940,100,6763,1997,23832.0,22154.0,0.607903,1.147751,HRV,400251
11507941,100,6763,1998,0.0,2265.0,0.692779,0.9919530000000001,HRV,400251
11507942,100,6763,1999,0.0,13549.0,0.572934,0.9873639999999999,HRV,400251
11507943,100,6763,2000,0.0,30486.0,0.683921,1.0184959999999998,HRV,400251
11507944,100,6763,2001,0.0,59154.0,0.544596,0.969535,HRV,400251
11507945,100,6763,2002,0.0,155017.0,0.591276,1.030723,HRV,400251
11507946,100,6763,2003,0.0,100603.0,0.568394,1.230759,HRV,400251
11507947,100,6763,2004,0.0,29163.0,0.6669970000000001,1.088043,HRV,400251
11507948,100,6763,2005,0.0,657.0,0.687937,1.059269,HRV,400251
11507949,100,6763,2006,0.0,967.0,0.755787,0.992614,HRV,400251
11507950,100,6763,2007,0.0,8718.0,0.7799699999999999,1.1047850000000001,HRV,400251
11507951,100,6763,2008,0.0,17664.0,0.874459,1.075102,HRV,400251
11507952,100,6763,2009,0.0,1818.0,0.740174,1.005258,HRV,400251
11507953,100,6763,2010,0.0,1641.0,0.8276979999999999,0.97415,HRV,400251
11507954,100,6763,2011,,,0.868294,0.9424299999999999,HRV,400251
11507955,100,6763,2012,0.0,6213.0,0.890281,1.02053,HRV,400251
11507956,100,6763,2013,,,0.898284,1.038807,HRV,400251
11507957,100,6763,2014,0.0,1907.0,0.804401,1.250807,HRV,400251
11507958,100,6763,2015,,,0.7590140000000001,1.257415,HRV,400251
11507959,100,6763,2016,,,0.8695200000000001,1.214791,HRV,400251
11507960,100,6763,2017,,,0.860825,1.365445,HRV,400251
11507961,100,6763,2018,,,0.7923720000000001,1.4047209999999999,HRV,400251
11507962,100,6763,2019,,,0.850527,1.280845,HRV,400251
11507963,100,6763,2020,0.0,3446.0,0.876001,1.250877,HRV,400251
11507964,101,6763,1995,0.0,158304.0,-0.761827,-0.6020310000000001,HTI,400251
11507965,101,6763,1996,0.0,29748.0,-0.865218,-0.723441,HTI,400251
11507966,101,6763,1997,0.0,51545.0,-0.945809,-0.7246560000000001,HTI,400251
11507967,101,6763,1998,,,-1.186197,-0.925901,HTI,400251
11507968,101,6763,1999,0.0,112514.0,-1.321531,-0.934434,HTI,400251
11507969,101,6763,2000,,,-1.119661,-0.823765,HTI,400251
11507970,101,6763,2001,,,-1.220515,-0.8502200000000001,HTI,400251
11507971,101,6763,2002,,,-1.220251,-0.8176859999999999,HTI,400251
11507972,101,6763,2003,,,-1.3761290000000002,-1.006346,HTI,400251
11507973,101,6763,2004,,,-1.348507,-0.979369,HTI,400251
11507974,101,6763,2005,,,-1.2804229999999999,-1.018106,HTI,400251
11507975,101,6763,2006,,,-1.037941,-0.9475790000000001,HTI,400251
11507976,101,6763,2007,,,-1.070524,-1.046209,HTI,400251
11507977,101,6763,2008,,,-1.087836,-0.967734,HTI,400251
11507978,101,6763,2009,,,-1.406148,-1.108465,HTI,400251
11507979,101,6763,2010,,,-1.369873,-1.121801,HTI,400251
11507980,101,6763,2011,,,-1.263093,-1.086658,HTI,400251
11507981,101,6763,2012,,,-0.8495739999999999,-0.972046,HTI,400251
11507982,101,6763,2013,,,-1.095392,-0.957326,HTI,400251
11507983,101,6763,2014,,,-1.10887,-1.032108,HTI,400251
11507984,101,6763,2015,,,-1.288246,-1.018979,HTI,400251
11507985,101,6763,2016,,,-1.30976,-1.010181,HTI,400251
11507986,101,6763,2017,,,-1.0089219999999999,-0.946722,HTI,400251
11507987,101,6763,2018,,,-0.914545,-0.890601,HTI,400251
11507988,101,6763,2019,,,-1.120295,-0.967447,HTI,400251
11507989,101,6763,2020,,,-1.028076,-0.884073,HTI,400251
11507990,102,6763,1995,0.0,804226.0,0.878711,1.8200060000000002,HUN,400251
11507991,102,6763,1996,0.0,777094.0,0.790036,1.891534,HUN,400251
11507992,102,6763,1997,11331.0,918663.0,0.746743,1.577102,HUN,400251
11507993,102,6763,1998,8342.0,166914.0,0.780392,1.450701,HUN,400251
11507994,102,6763,1999,0.0,623074.0,0.794675,1.308337,HUN,400251
11507995,102,6763,2000,0.0,968686.0,1.045661,1.198236,HUN,400251
11507996,102,6763,2001,0.0,768473.0,1.102262,1.138016,HUN,400251
11507997,102,6763,2002,0.0,620756.0,1.179684,1.0574860000000001,HUN,400251
11507998,102,6763,2003,0.0,633086.0,1.2003270000000001,1.091407,HUN,400251
11507999,102,6763,2004,983.0,284757.0,1.207082,1.019714,HUN,400251
11508000,102,6763,2005,2950.0,13812.0,1.3558,0.876179,HUN,400251
11508001,102,6763,2006,0.0,12318.0,1.4034309999999999,0.835144,HUN,400251
11508002,102,6763,2007,0.0,34510.0,1.4887709999999998,0.78372,HUN,400251
11508003,102,6763,2008,8064.0,13884.0,1.3358299999999999,0.8177770000000001,HUN,400251
11508004,102,6763,2009,0.0,13677.0,1.397765,0.772375,HUN,400251
11508005,102,6763,2010,10999.0,9291.0,1.514225,0.740341,HUN,400251
11508006,102,6763,2011,4188.0,1565.0,1.486592,0.805642,HUN,400251
11508007,102,6763,2012,0.0,1149.0,1.396648,0.759196,HUN,400251
11508008,102,6763,2013,0.0,1056.0,1.506101,0.7279220000000001,HUN,400251
11508009,102,6763,2014,0.0,1065.0,1.477093,0.812869,HUN,400251
11508010,102,6763,2015,0.0,3838.0,1.462839,0.803258,HUN,400251
11508011,102,6763,2016,0.0,3712.0,1.445281,0.8422209999999999,HUN,400251
11508012,102,6763,2017,5057.0,3975.0,1.4886270000000001,0.845986,HUN,400251
11508013,102,6763,2018,0.0,5597.0,1.519662,0.833092,HUN,400251
11508014,102,6763,2019,0.0,75811.0,1.462102,0.809183,HUN,400251
11508015,102,6763,2020,0.0,123716.0,1.393152,0.878916,HUN,400251
11508016,103,6763,1995,0.0,122540.0,-0.391727,1.174727,IDN,400251
11508017,103,6763,1996,0.0,464101.0,-0.43199899999999997,1.22074,IDN,400251
11508018,103,6763,1997,0.0,662559.0,-0.44080699999999995,1.220104,IDN,400251
11508019,103,6763,1998,46507.0,588765.0,-0.478253,1.350652,IDN,400251
11508020,103,6763,1999,28724.0,1070378.0,-0.20447,1.568505,IDN,400251
11508021,103,6763,2000,0.0,1835100.0,-0.125831,1.7116360000000002,IDN,400251
11508022,103,6763,2001,69783.0,1645437.0,-0.167771,1.6587889999999998,IDN,400251
11508023,103,6763,2002,0.0,2110646.0,-0.10020499999999999,1.590314,IDN,400251
11508024,103,6763,2003,88685.0,3104119.0,-0.16802,1.7252990000000001,IDN,400251
11508025,103,6763,2004,40078.0,4752633.0,-0.223644,1.719065,IDN,400251
11508026,103,6763,2005,29122.0,10079021.0,-0.273208,1.5252379999999999,IDN,400251
11508027,103,6763,2006,102357.0,9113522.0,-0.21012399999999998,1.467838,IDN,400251
11508028,103,6763,2007,0.0,7054399.0,-0.192415,1.497962,IDN,400251
11508029,103,6763,2008,17425.0,8317052.0,-0.11154000000000001,1.4879850000000001,IDN,400251
11508030,103,6763,2009,35313.0,6724836.0,-0.253835,1.260101,IDN,400251
11508031,103,6763,2010,390387.0,11934695.0,-0.30878099999999997,1.07069,IDN,400251
11508032,103,6763,2011,321730.0,21078641.0,-0.234125,1.168384,IDN,400251
11508033,103,6763,2012,0.0,25301647.0,-0.142318,1.281781,IDN,400251
11508034,103,6763,2013,8203.0,19936228.0,-0.216854,1.415728,IDN,400251
11508035,103,6763,2014,9757.0,21750020.0,-0.088032,1.3966459999999998,IDN,400251
11508036,103,6763,2015,310987.0,25861692.0,-0.145103,1.277362,IDN,400251
11508037,103,6763,2016,39826.0,27534148.0,-0.158496,1.492067,IDN,400251
11508038,103,6763,2017,79781.0,36080702.0,-0.23641700000000002,1.188173,IDN,400251
11508039,103,6763,2018,41326.0,45914017.0,-0.10130499999999999,1.2414209999999999,IDN,400251
11508040,103,6763,2019,0.0,48535635.0,-0.141811,1.385726,IDN,400251
11508041,103,6763,2020,0.0,64532391.0,-0.16761700000000002,1.571009,IDN,400251
11508042,104,6763,1995,172091.0,289122.0,0.156183,1.9617380000000002,IND,400251
11508043,104,6763,1996,0.0,127529.0,0.20685599999999998,2.317622,IND,400251
11508044,104,6763,1997,3077.0,184862.0,0.262571,2.31305,IND,400251
11508045,104,6763,1998,83507.0,99532.0,0.274308,2.316908,IND,400251
11508046,104,6763,1999,69762.0,220906.0,0.29945900000000003,2.438702,IND,400251
11508047,104,6763,2000,101689.0,1060074.0,0.3961,2.553408,IND,400251
11508048,104,6763,2001,0.0,601437.0,0.349744,2.665844,IND,400251
11508049,104,6763,2002,50524.0,759209.0,0.380867,2.608955,IND,400251
11508050,104,6763,2003,94759.0,860775.0,0.33014099999999996,2.836003,IND,400251
11508051,104,6763,2004,520206.0,1360541.0,0.233348,2.790987,IND,400251
11508052,104,6763,2005,973182.0,2170496.0,0.212108,2.817413,IND,400251
11508053,104,6763,2006,1271755.0,1042784.0,0.285652,2.731318,IND,400251
11508054,104,6763,2007,1590950.0,1210306.0,0.279475,2.7514939999999997,IND,400251
11508055,104,6763,2008,660733.0,262418.0,0.26694,2.926023,IND,400251
11508056,104,6763,2009,35391.0,72641.0,0.209867,2.254003,IND,400251
11508057,104,6763,2010,113921.0,770533.0,0.14485599999999998,2.408913,IND,400251
11508058,104,6763,2011,1080952.0,1908216.0,0.18276199999999998,2.398765,IND,400251
11508059,104,6763,2012,62496.0,457785.0,0.229996,2.4815110000000002,IND,400251
11508060,104,6763,2013,263427.0,483318.0,0.215356,2.3916209999999998,IND,400251
11508061,104,6763,2014,10799.0,1301974.0,0.262042,2.6305080000000003,IND,400251
11508062,104,6763,2015,168965.0,932613.0,0.24230900000000002,2.8190880000000003,IND,400251
11508063,104,6763,2016,45208.0,1371484.0,0.30976,2.61043,IND,400251
11508064,104,6763,2017,41885.0,1524207.0,0.290576,2.726391,IND,400251
11508065,104,6763,2018,130990.0,1020201.0,0.526015,2.448112,IND,400251
11508066,104,6763,2019,42957.0,1092636.0,0.43196,2.661139,IND,400251
11508067,104,6763,2020,2664831.0,1095636.0,0.464674,2.838779,IND,400251
11508068,105,6763,1995,,,0.065578,-0.702364,IOT,400251
11508069,105,6763,1996,,,0.605992,-0.5621970000000001,IOT,400251
11508070,105,6763,1997,,,0.21188400000000002,-0.6892659999999999,IOT,400251
11508071,105,6763,1998,,,0.894133,-0.5182,IOT,400251
11508072,105,6763,1999,,,-0.44178199999999995,-0.8321649999999999,IOT,400251
11508073,105,6763,2000,,,-0.346723,-0.8308049999999999,IOT,400251
11508074,105,6763,2001,,,-0.21711599999999998,-0.8472959999999999,IOT,400251
11508075,105,6763,2002,,,-0.262822,-0.787972,IOT,400251
11508076,105,6763,2003,,,0.907681,-0.184899,IOT,400251
11508077,105,6763,2004,,,1.52429,0.002654,IOT,400251
11508078,105,6763,2005,,,1.107517,-0.264755,IOT,400251
11508079,105,6763,2006,,,1.147154,-0.13284,IOT,400251
11508080,105,6763,2007,,,1.424007,0.050412,IOT,400251
11508081,105,6763,2008,,,1.2634319999999999,-0.314756,IOT,400251
11508082,105,6763,2009,,,0.505916,-0.551323,IOT,400251
11508083,105,6763,2010,,,0.962752,-0.399434,IOT,400251
11508084,105,6763,2011,,,0.50507,-0.238484,IOT,400251
11508085,105,6763,2012,,,1.134521,-0.361446,IOT,400251
11508086,105,6763,2013,,,0.7192390000000001,-0.628595,IOT,400251
11508087,105,6763,2014,,,0.910402,-0.6916939999999999,IOT,400251
11508088,105,6763,2015,,,1.134108,-0.617796,IOT,400251
11508089,105,6763,2016,,,0.9315,-0.661654,IOT,400251
11508090,105,6763,2017,,,0.30708,-0.604495,IOT,400251
11508091,105,6763,2018,,,0.725927,-0.360329,IOT,400251
11508092,105,6763,2019,,,-0.7551760000000001,-0.939959,IOT,400251
11508093,105,6763,2020,,,0.928522,-0.435507,IOT,400251
11508094,106,6763,1995,0.0,1499.0,1.349192,0.992099,IRL,400251
11508095,106,6763,1996,0.0,4320.0,1.386011,0.9232100000000001,IRL,400251
11508096,106,6763,1997,48866.0,7274.0,1.471048,0.8769370000000001,IRL,400251
11508097,106,6763,1998,85134.0,17223.0,1.451067,0.654442,IRL,400251
11508098,106,6763,1999,32569.0,44679.0,1.599613,0.37233299999999997,IRL,400251
11508099,106,6763,2000,83584.0,16320.0,1.546001,0.342854,IRL,400251
11508100,106,6763,2001,47692.0,7163.0,1.664233,0.129983,IRL,400251
11508101,106,6763,2002,0.0,13885.0,1.7232880000000002,0.091172,IRL,400251
11508102,106,6763,2003,0.0,962.0,1.6396130000000002,0.220599,IRL,400251
11508103,106,6763,2004,1124.0,20477.0,1.501859,0.14456,IRL,400251
11508104,106,6763,2005,8198.0,0.0,1.536605,0.189781,IRL,400251
11508105,106,6763,2006,0.0,3299.0,1.43804,0.06463200000000001,IRL,400251
11508106,106,6763,2007,0.0,2201.0,1.353146,0.122832,IRL,400251
11508107,106,6763,2008,0.0,1108.0,1.693858,0.221425,IRL,400251
11508108,106,6763,2009,4505.0,10561.0,1.627233,0.020024,IRL,400251
11508109,106,6763,2010,15011.0,68881.0,1.371357,0.168795,IRL,400251
11508110,106,6763,2011,26591.0,91007.0,1.403182,0.290245,IRL,400251
11508111,106,6763,2012,15303.0,112467.0,1.229702,0.12683599999999998,IRL,400251
11508112,106,6763,2013,45238.0,0.0,1.29988,0.240688,IRL,400251
11508113,106,6763,2014,12470.0,0.0,1.2658399999999999,0.278546,IRL,400251
11508114,106,6763,2015,0.0,3201.0,1.304942,0.126431,IRL,400251
11508115,106,6763,2016,20721.0,5122.0,1.445238,0.07659400000000001,IRL,400251
11508116,106,6763,2017,3879.0,3824.0,1.363544,0.169211,IRL,400251
11508117,106,6763,2018,0.0,5434.0,1.262419,0.013576,IRL,400251
11508118,106,6763,2019,4278.0,4010.0,1.3812389999999999,-0.025366,IRL,400251
11508119,106,6763,2020,2620.0,0.0,1.337791,-0.20829699999999998,IRL,400251
11508120,107,6763,1995,0.0,26828.0,-0.821991,-1.071013,IRN,400251
11508121,107,6763,1996,0.0,23886.0,-0.7496649999999999,-1.1173520000000001,IRN,400251
11508122,107,6763,1997,0.0,57727.0,-0.503841,-0.9984059999999999,IRN,400251
11508123,107,6763,1998,0.0,32289.0,-0.6626029999999999,-1.0408959999999998,IRN,400251
11508124,107,6763,1999,0.0,6247.0,-0.9366620000000001,-1.147602,IRN,400251
11508125,107,6763,2000,,,-0.555558,-0.910523,IRN,400251
11508126,107,6763,2001,0.0,46905.0,-0.7732479999999999,-0.8979370000000001,IRN,400251
11508127,107,6763,2002,39168.0,136968.0,-0.5707840000000001,-0.705612,IRN,400251
11508128,107,6763,2003,12610.0,161295.0,-0.552146,-0.8668520000000001,IRN,400251
11508129,107,6763,2004,,,-0.38210700000000003,-0.8408620000000001,IRN,400251
11508130,107,6763,2005,690.0,345914.0,-0.305068,-0.804413,IRN,400251
11508131,107,6763,2006,5428.0,86018.0,-0.391023,-0.767861,IRN,400251
11508132,107,6763,2007,0.0,70036.0,-0.797659,-1.048892,IRN,400251
11508133,107,6763,2008,0.0,60828.0,-0.9776469999999999,-1.054475,IRN,400251
11508134,107,6763,2009,0.0,78957.0,-1.185702,-1.1049360000000001,IRN,400251
11508135,107,6763,2010,0.0,229789.0,-0.609874,-0.744733,IRN,400251
11508136,107,6763,2011,0.0,281419.0,-0.915379,-0.973194,IRN,400251
11508137,107,6763,2012,0.0,11101.0,-0.963881,-0.928644,IRN,400251
11508138,107,6763,2013,0.0,155003.0,-0.339172,-0.237114,IRN,400251
11508139,107,6763,2014,0.0,565927.0,-0.361058,-0.312743,IRN,400251
11508140,107,6763,2015,0.0,492182.0,-0.258946,-0.0073420000000000004,IRN,400251
11508141,107,6763,2016,0.0,1130187.0,-0.407368,-0.23482399999999998,IRN,400251
11508142,107,6763,2017,0.0,1613179.0,-0.361292,-0.361813,IRN,400251
11508143,107,6763,2018,0.0,2985167.0,-0.389954,-0.258156,IRN,400251
11508144,107,6763,2019,0.0,1547557.0,-0.386813,-0.467873,IRN,400251
11508145,107,6763,2020,51148.0,737227.0,-0.362286,-0.242846,IRN,400251
11508146,108,6763,1995,,,-0.813404,-0.7444390000000001,IRQ,400251
11508147,108,6763,1996,,,0.9485540000000001,-0.303744,IRQ,400251
11508148,108,6763,1997,,,-2.248377,-0.817589,IRQ,400251
11508149,108,6763,1998,,,-1.4440030000000001,-0.808689,IRQ,400251
11508150,108,6763,1999,,,-1.8954950000000002,-0.883983,IRQ,400251
11508151,108,6763,2000,,,-1.8568259999999999,-0.902459,IRQ,400251
11508152,108,6763,2001,,,-1.115465,-0.883028,IRQ,400251
11508153,108,6763,2002,,,-0.397477,-0.811214,IRQ,400251
11508154,108,6763,2003,,,-0.398557,-0.774153,IRQ,400251
11508155,108,6763,2004,,,-0.8852559999999999,-0.907136,IRQ,400251
11508156,108,6763,2005,,,-1.021297,-0.8532549999999999,IRQ,400251
11508157,108,6763,2006,,,-2.029727,-0.8634219999999999,IRQ,400251
11508158,108,6763,2007,,,-1.961053,-0.8849969999999999,IRQ,400251
11508159,108,6763,2008,,,-1.6604189999999999,-0.886959,IRQ,400251
11508160,108,6763,2009,,,-1.1683270000000001,-0.9517459999999999,IRQ,400251
11508161,108,6763,2010,,,-2.1439150000000002,-0.913227,IRQ,400251
11508162,108,6763,2011,,,-2.175137,-0.726975,IRQ,400251
11508163,108,6763,2012,,,-2.7534509999999996,-0.812277,IRQ,400251
11508164,108,6763,2013,,,-2.839079,-0.8705440000000001,IRQ,400251
11508165,108,6763,2014,0.0,3816.0,-2.9169,-0.882023,IRQ,400251
11508166,108,6763,2015,,,-1.465803,-0.912113,IRQ,400251
11508167,108,6763,2016,,,-2.2400029999999997,-1.017174,IRQ,400251
11508168,108,6763,2017,0.0,27449.0,-1.515339,-0.9462950000000001,IRQ,400251
11508169,108,6763,2018,0.0,178350.0,-1.7504400000000002,-1.018699,IRQ,400251
11508170,108,6763,2019,0.0,3273.0,-1.593359,-0.9927860000000001,IRQ,400251
11508171,108,6763,2020,0.0,1470.0,-1.087158,-0.9546389999999999,IRQ,400251
11508172,109,6763,1995,,,0.161331,-0.45210100000000003,ISL,400251
11508173,109,6763,1996,,,0.003558,-0.551796,ISL,400251
11508174,109,6763,1997,,,0.217533,-0.405395,ISL,400251
11508175,109,6763,1998,,,0.18141300000000002,-0.47993500000000006,ISL,400251
11508176,109,6763,1999,,,0.377701,-0.355798,ISL,400251
11508177,109,6763,2000,0.0,80346.0,0.217683,-0.41136000000000006,ISL,400251
11508178,109,6763,2001,,,0.032382999999999995,-0.51054,ISL,400251
11508179,109,6763,2002,,,0.23601999999999998,-0.34781,ISL,400251
11508180,109,6763,2003,,,0.21902800000000003,-0.40818499999999996,ISL,400251
11508181,109,6763,2004,,,0.298844,-0.36366,ISL,400251
11508182,109,6763,2005,,,0.060955999999999996,-0.410998,ISL,400251
11508183,109,6763,2006,,,0.170234,-0.302203,ISL,400251
11508184,109,6763,2007,,,0.172786,-0.380266,ISL,400251
11508185,109,6763,2008,,,0.26969899999999997,-0.29915,ISL,400251
11508186,109,6763,2009,19375.0,0.0,0.21713200000000002,-0.371812,ISL,400251
11508187,109,6763,2010,,,0.20822100000000002,-0.318294,ISL,400251
11508188,109,6763,2011,0.0,1865.0,0.284202,-0.23753000000000002,ISL,400251
11508189,109,6763,2012,,,0.368012,-0.31235599999999997,ISL,400251
11508190,109,6763,2013,,,0.259374,-0.20413299999999998,ISL,400251
11508191,109,6763,2014,0.0,9004.0,0.127891,-0.302014,ISL,400251
11508192,109,6763,2015,0.0,6453.0,0.24527600000000002,-0.411616,ISL,400251
11508193,109,6763,2016,,,0.192448,-0.37174,ISL,400251
11508194,109,6763,2017,,,0.386094,-0.277269,ISL,400251
11508195,109,6763,2018,,,0.252338,-0.341319,ISL,400251
11508196,109,6763,2019,,,0.378873,-0.162129,ISL,400251
11508197,109,6763,2020,,,0.27161399999999997,-0.17819200000000002,ISL,400251
11508198,110,6763,1995,690841.0,41321.0,1.205368,1.189434,ISR,400251
11508199,110,6763,1996,12655.0,1254.0,1.054975,1.072965,ISR,400251
11508200,110,6763,1997,0.0,45092.0,1.3230030000000002,0.965016,ISR,400251
11508201,110,6763,1998,,,1.2643739999999999,0.958475,ISR,400251
11508202,110,6763,1999,0.0,201510.0,1.342593,0.781931,ISR,400251
11508203,110,6763,2000,0.0,5819.0,1.251365,0.7359319999999999,ISR,400251
11508204,110,6763,2001,0.0,37623.0,1.374873,0.775594,ISR,400251
11508205,110,6763,2002,,,1.334174,0.654331,ISR,400251
11508206,110,6763,2003,0.0,48062.0,1.157809,0.682195,ISR,400251
11508207,110,6763,2004,0.0,3492.0,1.250393,0.8003979999999999,ISR,400251
11508208,110,6763,2005,0.0,934.0,1.3829120000000001,0.761617,ISR,400251
11508209,110,6763,2006,0.0,33023.0,1.3082129999999998,0.783845,ISR,400251
11508210,110,6763,2007,0.0,172475.0,1.092244,0.753984,ISR,400251
11508211,110,6763,2008,0.0,157971.0,1.169192,0.797136,ISR,400251
11508212,110,6763,2009,0.0,35256.0,1.226438,0.816299,ISR,400251
11508213,110,6763,2010,29868.0,1174.0,1.215834,0.7028340000000001,ISR,400251
11508214,110,6763,2011,0.0,20593.0,1.324384,0.714611,ISR,400251
11508215,110,6763,2012,0.0,33284.0,1.344347,0.691617,ISR,400251
11508216,110,6763,2013,0.0,73615.0,1.197241,0.633828,ISR,400251
11508217,110,6763,2014,0.0,2987.0,1.211141,0.64523,ISR,400251
11508218,110,6763,2015,,,1.260071,0.545545,ISR,400251
11508219,110,6763,2016,4590.0,2260.0,1.352275,0.67584,ISR,400251
11508220,110,6763,2017,0.0,1944.0,1.436156,0.776574,ISR,400251
11508221,110,6763,2018,,,1.355071,0.872822,ISR,400251
11508222,110,6763,2019,4762.0,0.0,1.488686,0.823376,ISR,400251
11508223,110,6763,2020,0.0,1571.0,1.487557,0.8370920000000001,ISR,400251
11508224,111,6763,1995,283416.0,3037901.0,1.503379,1.449094,ITA,400251
11508225,111,6763,1996,418000.0,2454999.0,1.4674690000000001,1.263362,ITA,400251
11508226,111,6763,1997,310792.0,2160732.0,1.4860389999999999,1.235674,ITA,400251
11508227,111,6763,1998,495663.0,1892277.0,1.4532209999999999,1.191124,ITA,400251
11508228,111,6763,1999,2506639.0,1310301.0,1.395253,1.3589790000000002,ITA,400251
11508229,111,6763,2000,10203523.0,780073.0,1.421124,1.112321,ITA,400251
11508230,111,6763,2001,13329869.0,618212.0,1.389926,1.282143,ITA,400251
11508231,111,6763,2002,11350933.0,572139.0,1.377604,1.2470510000000001,ITA,400251
11508232,111,6763,2003,12217033.0,1069223.0,1.399734,1.044608,ITA,400251
11508233,111,6763,2004,13530770.0,1256972.0,1.358057,1.11533,ITA,400251
11508234,111,6763,2005,12328648.0,1646832.0,1.295883,1.032218,ITA,400251
11508235,111,6763,2006,2750150.0,2221519.0,1.293779,0.93995,ITA,400251
11508236,111,6763,2007,1693576.0,3079044.0,1.3003559999999998,0.705448,ITA,400251
11508237,111,6763,2008,7810866.0,3007743.0,1.308777,0.361523,ITA,400251
11508238,111,6763,2009,2941001.0,2223342.0,1.289,0.64549,ITA,400251
11508239,111,6763,2010,12450946.0,2591478.0,1.272385,0.545721,ITA,400251
11508240,111,6763,2011,10602980.0,2045949.0,1.298751,0.48013599999999995,ITA,400251
11508241,111,6763,2012,4520049.0,2028260.0,1.297611,0.28585900000000003,ITA,400251
11508242,111,6763,2013,1624270.0,2198844.0,1.289924,0.533436,ITA,400251
11508243,111,6763,2014,3480143.0,1564865.0,1.340136,0.43931099999999995,ITA,400251
11508244,111,6763,2015,2984094.0,1718846.0,1.321127,0.747046,ITA,400251
11508245,111,6763,2016,560386.0,612156.0,1.339307,0.8549209999999999,ITA,400251
11508246,111,6763,2017,400639.0,963311.0,1.34395,0.577693,ITA,400251
11508247,111,6763,2018,1189699.0,559259.0,1.3602530000000002,0.453607,ITA,400251
11508248,111,6763,2019,609116.0,464892.0,1.25898,0.926639,ITA,400251
11508249,111,6763,2020,725820.0,463232.0,1.299017,0.701797,ITA,400251
11508250,112,6763,1995,,,-0.873925,-0.952304,JAM,400251
11508251,112,6763,1996,0.0,22177.0,-0.6344350000000001,-0.814916,JAM,400251
11508252,112,6763,1997,0.0,67192.0,-0.65455,-0.820413,JAM,400251
11508253,112,6763,1998,0.0,187373.0,-0.8083739999999999,-0.946183,JAM,400251
11508254,112,6763,1999,0.0,82509.0,-0.852468,-0.9670290000000001,JAM,400251
11508255,112,6763,2000,0.0,25682.0,-0.625061,-0.814176,JAM,400251
11508256,112,6763,2001,0.0,52527.0,-0.541582,-0.837248,JAM,400251
11508257,112,6763,2002,0.0,28030.0,-0.604813,-0.9309860000000001,JAM,400251
11508258,112,6763,2003,,,-0.6684140000000001,-0.915817,JAM,400251
11508259,112,6763,2004,,,-0.64957,-0.944183,JAM,400251
11508260,112,6763,2005,,,-0.438717,-0.95845,JAM,400251
11508261,112,6763,2006,,,-0.5122720000000001,-0.9109809999999999,JAM,400251
11508262,112,6763,2007,,,-0.466305,-0.971972,JAM,400251
11508263,112,6763,2008,,,-0.412969,-0.9444030000000001,JAM,400251
11508264,112,6763,2009,,,-0.083743,-0.6222479999999999,JAM,400251
11508265,112,6763,2010,,,0.041471,-0.367177,JAM,400251
11508266,112,6763,2011,,,-0.162212,-0.621817,JAM,400251
11508267,112,6763,2012,,,-0.34163899999999997,-0.8008850000000001,JAM,400251
11508268,112,6763,2013,0.0,7683.0,-0.541441,-0.8448559999999999,JAM,400251
11508269,112,6763,2014,,,-0.42745299999999997,-0.7750130000000001,JAM,400251
11508270,112,6763,2015,,,-0.438267,-0.828097,JAM,400251
11508271,112,6763,2016,,,-0.259972,-0.592114,JAM,400251
11508272,112,6763,2017,,,-0.497654,-0.76481,JAM,400251
11508273,112,6763,2018,,,-0.339328,-0.8756659999999999,JAM,400251
11508274,112,6763,2019,,,-0.18387799999999999,-0.710004,JAM,400251
11508275,112,6763,2020,,,-0.21953000000000003,-0.6944899999999999,JAM,400251
11508276,113,6763,1995,0.0,209309.0,0.666542,0.326785,JOR,400251
11508277,113,6763,1996,0.0,4864.0,0.12203499999999999,-0.41859399999999997,JOR,400251
11508278,113,6763,1997,0.0,28491.0,0.49456300000000003,0.33966,JOR,400251
11508279,113,6763,1998,0.0,14227.0,0.403009,-0.076366,JOR,400251
11508280,113,6763,1999,0.0,5104.0,0.475995,0.514447,JOR,400251
11508281,113,6763,2000,0.0,2496.0,0.495354,1.233005,JOR,400251
11508282,113,6763,2001,,,0.375134,0.581558,JOR,400251
11508283,113,6763,2002,,,0.24197600000000002,0.196635,JOR,400251
11508284,113,6763,2003,,,0.12295,0.377031,JOR,400251
11508285,113,6763,2004,,,0.152989,0.385845,JOR,400251
11508286,113,6763,2005,0.0,17032.0,0.21925799999999998,0.371165,JOR,400251
11508287,113,6763,2006,,,0.166718,0.331248,JOR,400251
11508288,113,6763,2007,2516.0,0.0,0.228433,0.5984550000000001,JOR,400251
11508289,113,6763,2008,,,0.255463,0.45844799999999997,JOR,400251
11508290,113,6763,2009,,,0.21374899999999997,0.423774,JOR,400251
11508291,113,6763,2010,,,0.251702,0.522758,JOR,400251
11508292,113,6763,2011,,,0.231605,0.47049399999999997,JOR,400251
11508293,113,6763,2012,0.0,55519.0,0.24909099999999998,0.489624,JOR,400251
11508294,113,6763,2013,0.0,171358.0,0.152659,0.5889979999999999,JOR,400251
11508295,113,6763,2014,,,0.210208,0.48732299999999995,JOR,400251
11508296,113,6763,2015,,,0.121172,0.457301,JOR,400251
11508297,113,6763,2016,,,-0.0115,0.045625,JOR,400251
11508298,113,6763,2017,,,0.020035,0.295415,JOR,400251
11508299,113,6763,2018,,,-0.086895,0.283829,JOR,400251
11508300,113,6763,2019,,,-0.003529,0.255816,JOR,400251
11508301,113,6763,2020,0.0,99308.0,-0.060384,0.139902,JOR,400251
11508302,114,6763,1995,6508205.0,562019.0,2.56822,0.927307,JPN,400251
11508303,114,6763,1996,5294076.0,269382.0,2.615364,0.5656939999999999,JPN,400251
11508304,114,6763,1997,6079586.0,212599.0,2.631846,0.553144,JPN,400251
11508305,114,6763,1998,6124747.0,330653.0,2.550442,0.718063,JPN,400251
11508306,114,6763,1999,7230008.0,357376.0,2.541382,0.693702,JPN,400251
11508307,114,6763,2000,11395472.0,439974.0,2.579611,0.464875,JPN,400251
11508308,114,6763,2001,15476126.0,406308.0,2.585857,0.522663,JPN,400251
11508309,114,6763,2002,15870162.0,167120.0,2.556057,0.497673,JPN,400251
11508310,114,6763,2003,21446903.0,256133.0,2.4686630000000003,0.48072600000000004,JPN,400251
11508311,114,6763,2004,21915306.0,58744.0,2.526624,0.452054,JPN,400251
11508312,114,6763,2005,33918726.0,322166.0,2.392106,0.278652,JPN,400251
11508313,114,6763,2006,39964858.0,247043.0,2.4348099999999997,0.082887,JPN,400251
11508314,114,6763,2007,53254148.0,371470.0,2.313259,0.186703,JPN,400251
11508315,114,6763,2008,77150608.0,224626.0,2.285056,0.036255,JPN,400251
11508316,114,6763,2009,34530601.0,359791.0,2.306791,-0.251712,JPN,400251
11508317,114,6763,2010,26795054.0,166065.0,2.459723,-0.279387,JPN,400251
11508318,114,6763,2011,31046932.0,195226.0,2.516395,-0.534301,JPN,400251
11508319,114,6763,2012,29746310.0,139000.0,2.359022,-0.553565,JPN,400251
11508320,114,6763,2013,26222323.0,95512.0,2.3993130000000003,-0.564768,JPN,400251
11508321,114,6763,2014,22425303.0,63026.0,2.403165,-0.635024,JPN,400251
11508322,114,6763,2015,26712825.0,118202.0,2.516133,-0.484202,JPN,400251
11508323,114,6763,2016,24916567.0,147837.0,2.574025,-0.34859,JPN,400251
11508324,114,6763,2017,30511299.0,48298.0,2.4510419999999997,-0.277357,JPN,400251
11508325,114,6763,2018,26177102.0,96196.0,2.514533,-0.416074,JPN,400251
11508326,114,6763,2019,13688106.0,61687.0,2.4931509999999997,-0.558811,JPN,400251
11508327,114,6763,2020,13560913.0,61235.0,2.405659,-0.38169000000000003,JPN,400251
11508328,115,6763,1995,,,0.280262,-0.285508,KAZ,400251
11508329,115,6763,1996,,,0.48902799999999996,0.154932,KAZ,400251
11508330,115,6763,1997,,,0.44044300000000003,-0.10249000000000001,KAZ,400251
11508331,115,6763,1998,,,0.245507,-0.389842,KAZ,400251
11508332,115,6763,1999,0.0,1999.0,-0.035315,-0.514845,KAZ,400251
11508333,115,6763,2000,,,-0.019137,-0.683485,KAZ,400251
11508334,115,6763,2001,,,0.009714,-0.525899,KAZ,400251
11508335,115,6763,2002,,,-0.065332,-0.616159,KAZ,400251
11508336,115,6763,2003,,,-0.156326,-0.62092,KAZ,400251
11508337,115,6763,2004,,,-0.09288300000000001,-0.537664,KAZ,400251
11508338,115,6763,2005,,,-0.06211900000000001,-0.641976,KAZ,400251
11508339,115,6763,2006,,,0.038229,-0.579421,KAZ,400251
11508340,115,6763,2007,,,-0.171218,-0.630279,KAZ,400251
11508341,115,6763,2008,,,-0.43055200000000005,-0.6852590000000001,KAZ,400251
11508342,115,6763,2009,,,-0.6547970000000001,-0.772256,KAZ,400251
11508343,115,6763,2010,0.0,2274.0,-0.6278020000000001,-0.8419760000000001,KAZ,400251
11508344,115,6763,2011,,,-0.514687,-0.775671,KAZ,400251
11508345,115,6763,2012,0.0,11986.0,-0.191363,-0.452845,KAZ,400251
11508346,115,6763,2013,36998.0,7025.0,-0.680678,-0.83347,KAZ,400251
11508347,115,6763,2014,0.0,11352.0,-0.210431,-0.574075,KAZ,400251
11508348,115,6763,2015,0.0,18141.0,-0.45091499999999995,-0.652026,KAZ,400251
11508349,115,6763,2016,0.0,8362.0,-0.376397,-0.553639,KAZ,400251
11508350,115,6763,2017,,,-0.394316,-0.5485979999999999,KAZ,400251
11508351,115,6763,2018,0.0,7661.0,-0.483862,-0.667417,KAZ,400251
11508352,115,6763,2019,,,-0.26529400000000003,-0.523479,KAZ,400251
11508353,115,6763,2020,15146.0,4734.0,-0.48361899999999997,-0.626675,KAZ,400251
11508354,116,6763,1995,0.0,66671.0,-0.303773,0.111305,KEN,400251
11508355,116,6763,1996,0.0,24188.0,-0.468322,-0.017625,KEN,400251
11508356,116,6763,1997,0.0,7633.0,-0.399028,0.196115,KEN,400251
11508357,116,6763,1998,0.0,18484.0,-0.434978,0.10193300000000001,KEN,400251
11508358,116,6763,1999,0.0,29512.0,-0.336125,0.43983999999999995,KEN,400251
11508359,116,6763,2000,0.0,991.0,-0.537967,0.011763,KEN,400251
11508360,116,6763,2001,0.0,1323.0,-0.529388,0.092271,KEN,400251
11508361,116,6763,2002,0.0,2917.0,-0.555812,0.169204,KEN,400251
11508362,116,6763,2003,,,-0.3531,0.582992,KEN,400251
11508363,116,6763,2004,0.0,7801.0,-0.503694,0.410495,KEN,400251
11508364,116,6763,2005,,,-0.507389,0.769896,KEN,400251
11508365,116,6763,2006,0.0,11333.0,-0.38287899999999997,1.060286,KEN,400251
11508366,116,6763,2007,0.0,34914.0,-0.44365299999999996,0.858692,KEN,400251
11508367,116,6763,2008,0.0,18082.0,-0.284528,0.9378610000000001,KEN,400251
11508368,116,6763,2009,,,-0.26477399999999995,0.932587,KEN,400251
11508369,116,6763,2010,,,-0.387187,1.010443,KEN,400251
11508370,116,6763,2011,4001.0,0.0,-0.48319300000000004,0.346927,KEN,400251
11508371,116,6763,2012,,,-0.35581599999999997,0.29003,KEN,400251
11508372,116,6763,2013,,,-0.448112,0.8672719999999999,KEN,400251
11508373,116,6763,2014,,,-0.487058,0.307288,KEN,400251
11508374,116,6763,2015,,,-0.453564,0.433325,KEN,400251
11508375,116,6763,2016,,,-0.535616,0.520101,KEN,400251
11508376,116,6763,2017,,,-0.579541,0.511926,KEN,400251
11508377,116,6763,2018,0.0,7405.0,-0.32707800000000004,0.71009,KEN,400251
11508378,116,6763,2019,,,-0.406684,0.8588969999999999,KEN,400251
11508379,116,6763,2020,,,-0.496446,0.562476,KEN,400251
11508380,117,6763,1995,,,0.361272,0.047797000000000006,KGZ,400251
11508381,117,6763,1996,,,0.350901,0.529512,KGZ,400251
11508382,117,6763,1997,,,0.023634,-0.194868,KGZ,400251
11508383,117,6763,1998,,,0.11446500000000001,-0.24638000000000002,KGZ,400251
11508384,117,6763,1999,,,-0.152916,-0.33076300000000003,KGZ,400251
11508385,117,6763,2000,,,0.365421,0.333017,KGZ,400251
11508386,117,6763,2001,,,0.23332199999999997,0.256019,KGZ,400251
11508387,117,6763,2002,,,0.081807,0.16872,KGZ,400251
11508388,117,6763,2003,,,0.25359699999999996,0.24101199999999998,KGZ,400251
11508389,117,6763,2004,,,0.005121,0.176652,KGZ,400251
11508390,117,6763,2005,,,-0.197277,0.169736,KGZ,400251
11508391,117,6763,2006,,,-0.034069,0.136694,KGZ,400251
11508392,117,6763,2007,,,-0.190437,-0.23665999999999998,KGZ,400251
11508393,117,6763,2008,,,-0.287826,-0.11858699999999998,KGZ,400251
11508394,117,6763,2009,,,-0.251815,0.144822,KGZ,400251
11508395,117,6763,2010,,,-0.48426400000000003,-0.169443,KGZ,400251
11508396,117,6763,2011,,,-0.323348,0.164469,KGZ,400251
11508397,117,6763,2012,,,-0.12369000000000001,0.22339,KGZ,400251
11508398,117,6763,2013,,,-0.1035,0.339914,KGZ,400251
11508399,117,6763,2014,,,-0.31942600000000004,-0.012454,KGZ,400251
11508400,117,6763,2015,,,0.02058,0.438692,KGZ,400251
11508401,117,6763,2016,,,0.010529,0.287462,KGZ,400251
11508402,117,6763,2017,,,-0.11530599999999999,0.264752,KGZ,400251
11508403,117,6763,2018,,,-0.141491,0.33161,KGZ,400251
11508404,117,6763,2019,,,-0.297072,0.306611,KGZ,400251
11508405,117,6763,2020,,,-0.117317,0.36644,KGZ,400251
11508406,118,6763,1995,,,-1.275951,-1.144633,KHM,400251
11508407,118,6763,1996,,,-1.110741,-1.089434,KHM,400251
11508408,118,6763,1997,0.0,10494.0,-1.458246,-1.243995,KHM,400251
11508409,118,6763,1998,0.0,4345.0,-1.626686,-1.307157,KHM,400251
11508410,118,6763,1999,0.0,2929.0,-1.5727360000000001,-1.2731629999999998,KHM,400251
11508411,118,6763,2000,0.0,1459.0,-1.172428,-1.0914139999999999,KHM,400251
11508412,118,6763,2001,,,-1.231058,-1.154536,KHM,400251
11508413,118,6763,2002,0.0,1790.0,-1.231783,-1.1518700000000002,KHM,400251
11508414,118,6763,2003,,,-1.0165620000000002,-1.060454,KHM,400251
11508415,118,6763,2004,,,-1.4676209999999998,-1.1972639999999999,KHM,400251
11508416,118,6763,2005,,,-1.423555,-1.177331,KHM,400251
11508417,118,6763,2006,,,-1.323365,-1.185827,KHM,400251
11508418,118,6763,2007,,,-1.1822489999999999,-1.129066,KHM,400251
11508419,118,6763,2008,,,-1.064815,-1.098892,KHM,400251
11508420,118,6763,2009,0.0,11060.0,-1.194288,-1.09924,KHM,400251
11508421,118,6763,2010,0.0,34263.0,-1.158906,-1.019906,KHM,400251
11508422,118,6763,2011,,,-1.162858,-1.103539,KHM,400251
11508423,118,6763,2012,0.0,17274.0,-0.979144,-1.014426,KHM,400251
11508424,118,6763,2013,,,-1.054758,-0.872352,KHM,400251
11508425,118,6763,2014,,,-0.84072,-0.8307040000000001,KHM,400251
11508426,118,6763,2015,,,-0.791985,-0.833046,KHM,400251
11508427,118,6763,2016,0.0,180064.0,-0.8365239999999999,-0.794615,KHM,400251
11508428,118,6763,2017,0.0,219993.0,-0.656325,-0.622167,KHM,400251
11508429,118,6763,2018,0.0,285820.0,-0.45740299999999995,-0.575966,KHM,400251
11508430,118,6763,2019,0.0,213518.0,-0.7499359999999999,-0.627125,KHM,400251
11508431,118,6763,2020,0.0,309881.0,-0.602562,-0.505135,KHM,400251
11508432,119,6763,1995,,,-0.610582,-0.748798,KIR,400251
11508433,119,6763,1996,,,-0.090837,-0.644005,KIR,400251
11508434,119,6763,1997,,,-0.9250889999999999,-0.866958,KIR,400251
11508435,119,6763,1998,,,-0.8943610000000001,-0.89439,KIR,400251
11508436,119,6763,1999,,,-0.3417,-0.8385040000000001,KIR,400251
11508437,119,6763,2000,,,-0.373924,-0.863806,KIR,400251
11508438,119,6763,2001,,,1.070549,-0.712515,KIR,400251
11508439,119,6763,2002,,,0.016975,-0.791141,KIR,400251
11508440,119,6763,2003,,,-0.140282,-0.787443,KIR,400251
11508441,119,6763,2004,,,-0.552158,-0.831923,KIR,400251
11508442,119,6763,2005,,,-0.5289149999999999,-0.804243,KIR,400251
11508443,119,6763,2006,,,0.218218,-0.669244,KIR,400251
11508444,119,6763,2007,,,0.106985,-0.654763,KIR,400251
11508445,119,6763,2008,,,0.122065,-0.667883,KIR,400251
11508446,119,6763,2009,,,-0.41403999999999996,-0.8960100000000001,KIR,400251
11508447,119,6763,2010,,,0.252151,-0.727326,KIR,400251
11508448,119,6763,2011,,,0.129038,-0.670175,KIR,400251
11508449,119,6763,2012,,,-0.5625760000000001,-0.803443,KIR,400251
11508450,119,6763,2013,,,-0.258825,-0.781927,KIR,400251
11508451,119,6763,2014,,,0.708907,-0.540813,KIR,400251
11508452,119,6763,2015,,,-0.257871,-0.858136,KIR,400251
11508453,119,6763,2016,,,0.23475300000000002,-0.789514,KIR,400251
11508454,119,6763,2017,,,-0.912241,-0.907758,KIR,400251
11508455,119,6763,2018,,,-0.321563,-0.9075110000000001,KIR,400251
11508456,119,6763,2019,,,-0.719943,-0.9396709999999999,KIR,400251
11508457,119,6763,2020,,,-0.9781629999999999,-0.936783,KIR,400251
11508458,120,6763,1995,,,0.45250200000000007,-0.45284399999999997,KNA,400251
11508459,120,6763,1996,,,0.546384,-0.463373,KNA,400251
11508460,120,6763,1997,,,0.8765370000000001,-0.268836,KNA,400251
11508461,120,6763,1998,,,0.856974,-0.416976,KNA,400251
11508462,120,6763,1999,,,0.670532,-0.45786400000000005,KNA,400251
11508463,120,6763,2000,,,0.70972,-0.526818,KNA,400251
11508464,120,6763,2001,,,0.612222,-0.440733,KNA,400251
11508465,120,6763,2002,,,0.911442,-0.26164899999999996,KNA,400251
11508466,120,6763,2003,,,0.555154,-0.405962,KNA,400251
11508467,120,6763,2004,,,0.538271,-0.43505299999999997,KNA,400251
11508468,120,6763,2005,,,0.9313739999999999,-0.44211999999999996,KNA,400251
11508469,120,6763,2006,,,0.896119,-0.309349,KNA,400251
11508470,120,6763,2007,,,1.21646,-0.190821,KNA,400251
11508471,120,6763,2008,,,1.2613,-0.136295,KNA,400251
11508472,120,6763,2009,,,0.9218370000000001,-0.303977,KNA,400251
11508473,120,6763,2010,,,0.9277790000000001,-0.42824799999999996,KNA,400251
11508474,120,6763,2011,,,1.056175,-0.19398800000000002,KNA,400251
11508475,120,6763,2012,,,0.788275,-0.314756,KNA,400251
11508476,120,6763,2013,,,0.8500270000000001,-0.390234,KNA,400251
11508477,120,6763,2014,,,0.9888950000000001,-0.28283800000000003,KNA,400251
11508478,120,6763,2015,0.0,3525.0,0.8252430000000001,-0.436662,KNA,400251
11508479,120,6763,2016,,,0.620594,-0.4305,KNA,400251
11508480,120,6763,2017,,,0.781625,-0.405177,KNA,400251
11508481,120,6763,2018,,,0.315069,-0.689573,KNA,400251
11508482,120,6763,2019,,,0.739775,-0.644166,KNA,400251
11508483,120,6763,2020,,,0.955462,-0.487217,KNA,400251
11508484,121,6763,1995,64392.0,2082128.0,0.845175,1.2761799999999999,KOR,400251
11508485,121,6763,1996,62221.0,1758848.0,0.8946940000000001,1.240424,KOR,400251
11508486,121,6763,1997,289451.0,1670737.0,1.0478290000000001,1.2874370000000002,KOR,400251
11508487,121,6763,1998,394325.0,1469689.0,0.999518,1.106351,KOR,400251
11508488,121,6763,1999,193896.0,1770010.0,0.92448,1.053988,KOR,400251
11508489,121,6763,2000,257288.0,1769138.0,1.0696700000000001,1.0182209999999998,KOR,400251
11508490,121,6763,2001,1722464.0,2483488.0,1.145797,1.0762399999999999,KOR,400251
11508491,121,6763,2002,1037992.0,2870994.0,1.186816,1.075947,KOR,400251
11508492,121,6763,2003,1475582.0,2221158.0,1.2611709999999998,0.956308,KOR,400251
11508493,121,6763,2004,665747.0,2936006.0,1.3624690000000002,0.928342,KOR,400251
11508494,121,6763,2005,290333.0,3325444.0,1.4051850000000001,0.815171,KOR,400251
11508495,121,6763,2006,518628.0,2694877.0,1.5384309999999999,0.766628,KOR,400251
11508496,121,6763,2007,576307.0,3111583.0,1.497359,0.726637,KOR,400251
11508497,121,6763,2008,2200756.0,3218141.0,1.491687,0.814692,KOR,400251
11508498,121,6763,2009,32071316.0,1735309.0,1.509336,0.784515,KOR,400251
11508499,121,6763,2010,97060153.0,2628597.0,1.7118849999999999,0.762362,KOR,400251
11508500,121,6763,2011,188755499.0,2185041.0,1.731371,0.8306879999999999,KOR,400251
11508501,121,6763,2012,263540131.0,3271067.0,1.632917,0.877742,KOR,400251
11508502,121,6763,2013,264633885.0,3178161.0,1.818383,0.75645,KOR,400251
11508503,121,6763,2014,280915380.0,2823177.0,1.817145,0.8394530000000001,KOR,400251
11508504,121,6763,2015,279093823.0,2620655.0,1.900653,0.859406,KOR,400251
11508505,121,6763,2016,331691190.0,3398782.0,2.086184,0.724318,KOR,400251
11508506,121,6763,2017,494604964.0,2961217.0,2.011263,0.783215,KOR,400251
11508507,121,6763,2018,640627017.0,2982611.0,2.093866,0.764303,KOR,400251
11508508,121,6763,2019,649931529.0,1401235.0,2.115482,0.696838,KOR,400251
11508509,121,6763,2020,764843912.0,1442850.0,1.9703950000000001,0.800826,KOR,400251
11508510,122,6763,1995,,,-0.226273,-1.02354,KWT,400251
11508511,122,6763,1996,0.0,57531.0,-0.27174499999999996,-1.098243,KWT,400251
11508512,122,6763,1997,0.0,180589.0,-0.660185,-1.1410129999999998,KWT,400251
11508513,122,6763,1998,0.0,3029.0,0.037029,-1.054761,KWT,400251
11508514,122,6763,1999,,,0.028312999999999998,-1.0742770000000001,KWT,400251
11508515,122,6763,2000,,,-0.6112270000000001,-1.149326,KWT,400251
11508516,122,6763,2001,,,-0.8197,-1.183758,KWT,400251
11508517,122,6763,2002,,,-0.6629550000000001,-1.157214,KWT,400251
11508518,122,6763,2003,,,-0.7943640000000001,-1.1529770000000001,KWT,400251
11508519,122,6763,2004,,,-0.481908,-1.172081,KWT,400251
11508520,122,6763,2005,,,0.259466,-1.023932,KWT,400251
11508521,122,6763,2006,0.0,27587.0,-0.589823,-1.142795,KWT,400251
11508522,122,6763,2007,,,-0.8265030000000001,-1.166243,KWT,400251
11508523,122,6763,2008,0.0,85080.0,-1.401297,-1.142945,KWT,400251
11508524,122,6763,2009,,,-1.386993,-1.203527,KWT,400251
11508525,122,6763,2010,4144.0,0.0,0.067373,-1.0822120000000002,KWT,400251
11508526,122,6763,2011,0.0,32666.0,-0.898582,-1.09893,KWT,400251
11508527,122,6763,2012,,,-0.7931600000000001,-1.096005,KWT,400251
11508528,122,6763,2013,,,-0.536384,-1.08382,KWT,400251
11508529,122,6763,2014,,,-0.769616,-1.10667,KWT,400251
11508530,122,6763,2015,3348.0,7420.0,-0.352023,-1.153057,KWT,400251
11508531,122,6763,2016,,,-0.31188,-1.1438620000000002,KWT,400251
11508532,122,6763,2017,0.0,4501.0,-0.229821,-1.128482,KWT,400251
11508533,122,6763,2018,0.0,9345.0,-0.668802,-1.154012,KWT,400251
11508534,122,6763,2019,0.0,8822.0,0.081686,-1.087259,KWT,400251
11508535,122,6763,2020,,,-0.072977,-1.090017,KWT,400251
11508536,123,6763,1995,,,-1.305146,-1.1964299999999999,LAO,400251
11508537,123,6763,1996,,,-0.751092,-0.8680209999999999,LAO,400251
11508538,123,6763,1997,,,-0.868848,-0.914637,LAO,400251
11508539,123,6763,1998,,,-1.251085,-1.1803219999999999,LAO,400251
11508540,123,6763,1999,,,-1.429411,-1.243248,LAO,400251
11508541,123,6763,2000,,,-1.4676120000000001,-1.25673,LAO,400251
11508542,123,6763,2001,0.0,44848.0,-1.298653,-1.164605,LAO,400251
11508543,123,6763,2002,,,-1.255183,-1.163232,LAO,400251
11508544,123,6763,2003,,,-1.251741,-1.14364,LAO,400251
11508545,123,6763,2004,0.0,11793.0,-1.274622,-1.082807,LAO,400251
11508546,123,6763,2005,0.0,42833.0,-1.2717379999999998,-1.030638,LAO,400251
11508547,123,6763,2006,0.0,9875.0,-1.1707450000000001,-1.057348,LAO,400251
11508548,123,6763,2007,0.0,6338.0,-1.045213,-1.01482,LAO,400251
11508549,123,6763,2008,0.0,9505.0,-1.09704,-0.934141,LAO,400251
11508550,123,6763,2009,,,-1.235693,-1.0440040000000002,LAO,400251
11508551,123,6763,2010,0.0,2749.0,-1.104075,-0.836772,LAO,400251
11508552,123,6763,2011,,,-1.135039,-0.929759,LAO,400251
11508553,123,6763,2012,,,-1.0873540000000002,-0.9584809999999999,LAO,400251
11508554,123,6763,2013,0.0,5377.0,-1.204446,-0.8571489999999999,LAO,400251
11508555,123,6763,2014,0.0,11744.0,-1.054294,-0.869916,LAO,400251
11508556,123,6763,2015,0.0,11538.0,-0.927524,-0.74525,LAO,400251
11508557,123,6763,2016,0.0,13240.0,-0.9781479999999999,-0.8272860000000001,LAO,400251
11508558,123,6763,2017,0.0,12575.0,-0.9742190000000001,-0.727593,LAO,400251
11508559,123,6763,2018,,,-0.788808,-0.8012670000000001,LAO,400251
11508560,123,6763,2019,0.0,8261.0,-0.8232889999999999,-0.7276590000000001,LAO,400251
11508561,123,6763,2020,,,-0.741151,-0.689088,LAO,400251
11508562,124,6763,1995,0.0,1098.0,0.027416000000000003,0.327795,LBN,400251
11508563,124,6763,1996,,,-0.051973,0.002154,LBN,400251
11508564,124,6763,1997,0.0,15185.0,0.334291,0.783104,LBN,400251
11508565,124,6763,1998,0.0,1819.0,0.23803200000000002,0.9927860000000001,LBN,400251
11508566,124,6763,1999,0.0,3625.0,0.264151,0.767188,LBN,400251
11508567,124,6763,2000,0.0,17851.0,0.24766100000000002,0.85467,LBN,400251
11508568,124,6763,2001,0.0,9921.0,0.165355,0.988008,LBN,400251
11508569,124,6763,2002,0.0,12379.0,0.2729,1.254232,LBN,400251
11508570,124,6763,2003,,,0.261687,1.053856,LBN,400251
11508571,124,6763,2004,,,0.32409899999999997,1.037024,LBN,400251
11508572,124,6763,2005,,,0.398304,1.439764,LBN,400251
11508573,124,6763,2006,,,0.3861,1.586183,LBN,400251
11508574,124,6763,2007,0.0,26070.0,0.47468,1.775191,LBN,400251
11508575,124,6763,2008,,,0.46133100000000005,1.4598149999999999,LBN,400251
11508576,124,6763,2009,0.0,46710.0,0.48618599999999995,1.4748620000000001,LBN,400251
11508577,124,6763,2010,0.0,3963.0,0.415854,1.424085,LBN,400251
11508578,124,6763,2011,,,0.278393,1.2962879999999999,LBN,400251
11508579,124,6763,2012,,,0.38759,1.446025,LBN,400251
11508580,124,6763,2013,,,0.283084,1.4289100000000001,LBN,400251
11508581,124,6763,2014,,,0.308677,1.7564490000000001,LBN,400251
11508582,124,6763,2015,0.0,1389.0,0.317355,1.330374,LBN,400251
11508583,124,6763,2016,,,0.285829,1.0818139999999998,LBN,400251
11508584,124,6763,2017,,,0.266847,1.117621,LBN,400251
11508585,124,6763,2018,,,0.270554,0.9995149999999999,LBN,400251
11508586,124,6763,2019,0.0,2852.0,0.26155700000000004,1.062317,LBN,400251
11508587,124,6763,2020,,,0.35459,1.067965,LBN,400251
11508588,125,6763,1995,,,-0.683329,-1.058242,LBR,400251
11508589,125,6763,1996,,,-0.6975779999999999,-1.0896290000000002,LBR,400251
11508590,125,6763,1997,0.0,21646.0,-0.468764,-1.087005,LBR,400251
11508591,125,6763,1998,0.0,85051.0,-0.41130600000000006,-1.096049,LBR,400251
11508592,125,6763,1999,22434.0,0.0,0.08996799999999999,-1.014859,LBR,400251
11508593,125,6763,2000,,,-0.603775,-1.132357,LBR,400251
11508594,125,6763,2001,,,-0.49036,-1.126565,LBR,400251
11508595,125,6763,2002,19628.0,0.0,-0.508416,-1.121658,LBR,400251
11508596,125,6763,2003,,,0.026117,-1.03888,LBR,400251
11508597,125,6763,2004,,,0.016191,-1.070051,LBR,400251
11508598,125,6763,2005,82805.0,0.0,-0.6951890000000001,-1.101651,LBR,400251
11508599,125,6763,2006,,,-0.679188,-1.0969389999999999,LBR,400251
11508600,125,6763,2007,,,-0.866643,-1.124112,LBR,400251
11508601,125,6763,2008,,,-0.20785900000000002,-0.9568030000000001,LBR,400251
11508602,125,6763,2009,,,-0.07508,-0.994632,LBR,400251
11508603,125,6763,2010,,,-0.527834,-1.045908,LBR,400251
11508604,125,6763,2011,,,-0.318463,-0.9367489999999999,LBR,400251
11508605,125,6763,2012,,,-0.699557,-1.083059,LBR,400251
11508606,125,6763,2013,,,-0.41869399999999996,-0.9538770000000001,LBR,400251
11508607,125,6763,2014,,,-1.016828,-1.107983,LBR,400251
11508608,125,6763,2015,,,-1.087459,-1.195708,LBR,400251
11508609,125,6763,2016,,,-0.870345,-1.113277,LBR,400251
11508610,125,6763,2017,,,-0.355064,-0.977613,LBR,400251
11508611,125,6763,2018,,,-1.022881,-1.124718,LBR,400251
11508612,125,6763,2019,,,-1.288568,-1.172395,LBR,400251
11508613,125,6763,2020,,,-1.614715,-1.185446,LBR,400251
11508614,126,6763,1995,,,-0.353547,-1.019464,LBY,400251
11508615,126,6763,1996,,,-0.588489,-1.138552,LBY,400251
11508616,126,6763,1997,,,-0.49745600000000006,-1.126254,LBY,400251
11508617,126,6763,1998,0.0,25802.0,-0.303379,-1.1347180000000001,LBY,400251
11508618,126,6763,1999,,,-0.269375,-1.145758,LBY,400251
11508619,126,6763,2000,,,-0.49665200000000004,-1.130641,LBY,400251
11508620,126,6763,2001,,,-0.9321459999999999,-1.198124,LBY,400251
11508621,126,6763,2002,,,-0.568615,-1.172261,LBY,400251
11508622,126,6763,2003,,,-0.36075999999999997,-1.110575,LBY,400251
11508623,126,6763,2004,,,-0.42119700000000004,-1.179463,LBY,400251
11508624,126,6763,2005,,,-0.159698,-1.126737,LBY,400251
11508625,126,6763,2006,,,-0.518724,-1.142074,LBY,400251
11508626,126,6763,2007,,,-0.8669959999999999,-1.167363,LBY,400251
11508627,126,6763,2008,,,-1.156353,-1.133716,LBY,400251
11508628,126,6763,2009,,,-1.196032,-1.1829,LBY,400251
11508629,126,6763,2010,,,-0.706491,-1.140822,LBY,400251
11508630,126,6763,2011,,,-1.680464,-1.148511,LBY,400251
11508631,126,6763,2012,0.0,3737.0,-3.1086240000000003,-1.185131,LBY,400251
11508632,126,6763,2013,,,-1.6241459999999999,-1.1817950000000002,LBY,400251
11508633,126,6763,2014,,,-1.5943829999999999,-1.189961,LBY,400251
11508634,126,6763,2015,0.0,2192193.0,-1.3257219999999998,-1.260453,LBY,400251
11508635,126,6763,2016,,,-1.021925,-1.2316790000000002,LBY,400251
11508636,126,6763,2017,,,-1.156635,-1.212561,LBY,400251
11508637,126,6763,2018,0.0,2387.0,-1.608786,-1.231101,LBY,400251
11508638,126,6763,2019,,,-1.552842,-1.2316690000000001,LBY,400251
11508639,126,6763,2020,,,-1.0431840000000001,-1.187957,LBY,400251
11508640,127,6763,1995,,,0.194177,-0.359444,LCA,400251
11508641,127,6763,1996,,,0.016224000000000002,-0.664312,LCA,400251
11508642,127,6763,1997,,,-0.148373,-0.516139,LCA,400251
11508643,127,6763,1998,,,-0.056641,-0.672786,LCA,400251
11508644,127,6763,1999,0.0,1009.0,-0.129026,-0.630046,LCA,400251
11508645,127,6763,2000,,,0.025498,-0.599171,LCA,400251
11508646,127,6763,2001,,,0.004518,-0.5326770000000001,LCA,400251
11508647,127,6763,2002,,,0.14441700000000002,-0.38146599999999997,LCA,400251
11508648,127,6763,2003,,,0.318385,-0.342679,LCA,400251
11508649,127,6763,2004,,,0.233152,-0.351169,LCA,400251
11508650,127,6763,2005,,,0.795038,-0.40244,LCA,400251
11508651,127,6763,2006,,,1.118348,-0.17618,LCA,400251
11508652,127,6763,2007,,,0.7445430000000001,-0.187834,LCA,400251
11508653,127,6763,2008,0.0,8442.0,0.42267899999999997,0.005129,LCA,400251
11508654,127,6763,2009,,,0.34839699999999996,-0.531658,LCA,400251
11508655,127,6763,2010,,,0.446162,-0.279229,LCA,400251
11508656,127,6763,2011,0.0,12642.0,0.639295,-0.17407999999999998,LCA,400251
11508657,127,6763,2012,,,0.526261,-0.10413199999999999,LCA,400251
11508658,127,6763,2013,,,0.265129,-0.5083949999999999,LCA,400251
11508659,127,6763,2014,,,0.29035500000000003,-0.603541,LCA,400251
11508660,127,6763,2015,,,0.5410590000000001,-0.484234,LCA,400251
11508661,127,6763,2016,,,0.397746,-0.405285,LCA,400251
11508662,127,6763,2017,,,0.458896,-0.149195,LCA,400251
11508663,127,6763,2018,,,0.18656,-0.143406,LCA,400251
11508664,127,6763,2019,,,0.21145,-0.08792699999999999,LCA,400251
11508665,127,6763,2020,,,0.044785000000000005,-0.59519,LCA,400251
11508666,128,6763,1995,,,-0.8358030000000001,-0.29397199999999996,LKA,400251
11508667,128,6763,1996,,,-0.812763,-0.188722,LKA,400251
11508668,128,6763,1997,,,-0.925745,-0.308559,LKA,400251
11508669,128,6763,1998,0.0,90743.0,-0.933293,-0.233566,LKA,400251
11508670,128,6763,1999,0.0,1332450.0,-0.8875649999999999,-0.059249,LKA,400251
11508671,128,6763,2000,17891.0,2940435.0,-0.8783549999999999,-0.074326,LKA,400251
11508672,128,6763,2001,0.0,2886376.0,-0.722434,-0.033818,LKA,400251
11508673,128,6763,2002,0.0,5243381.0,-0.740927,0.023171,LKA,400251
11508674,128,6763,2003,0.0,4220143.0,-0.618057,0.101931,LKA,400251
11508675,128,6763,2004,43470.0,5370136.0,-0.658668,0.21912600000000002,LKA,400251
11508676,128,6763,2005,129001.0,6621368.0,-0.718592,0.22666,LKA,400251
11508677,128,6763,2006,61472.0,6619472.0,-0.573767,0.305913,LKA,400251
11508678,128,6763,2007,67434.0,3608404.0,-0.568577,0.364717,LKA,400251
11508679,128,6763,2008,29948.0,7664867.0,-0.48245200000000005,0.295892,LKA,400251
11508680,128,6763,2009,752.0,6132028.0,-0.653836,0.174403,LKA,400251
11508681,128,6763,2010,30545.0,13933171.0,-0.70886,0.25216700000000003,LKA,400251
11508682,128,6763,2011,56052.0,19632882.0,-0.559311,0.398905,LKA,400251
11508683,128,6763,2012,26074.0,18513610.0,-0.49648100000000006,0.48185200000000006,LKA,400251
11508684,128,6763,2013,183552.0,13082665.0,-0.6521779999999999,0.41258599999999995,LKA,400251
11508685,128,6763,2014,77469.0,12079031.0,-0.49366899999999997,0.338686,LKA,400251
11508686,128,6763,2015,403206.0,18334220.0,-0.6773399999999999,0.386343,LKA,400251
11508687,128,6763,2016,4004.0,18980802.0,-0.562869,0.49937,LKA,400251
11508688,128,6763,2017,6608.0,25689705.0,-0.46442799999999995,0.472132,LKA,400251
11508689,128,6763,2018,44239.0,31382341.0,-0.544504,0.41074099999999997,LKA,400251
11508690,128,6763,2019,29700.0,23776031.0,-0.592952,0.394811,LKA,400251
11508691,128,6763,2020,0.0,27622405.0,-0.48448599999999997,0.5495220000000001,LKA,400251
11508692,129,6763,1995,,,,,LSO,400251
11508693,129,6763,1996,,,,,LSO,400251
11508694,129,6763,1997,,,,,LSO,400251
11508695,129,6763,1998,,,,,LSO,400251
11508696,129,6763,1999,,,,,LSO,400251
11508697,129,6763,2000,,,-0.8855850000000001,-0.9470620000000001,LSO,400251
11508698,129,6763,2001,,,-0.786499,-0.7595729999999999,LSO,400251
11508699,129,6763,2002,,,-1.342265,-1.057032,LSO,400251
11508700,129,6763,2003,,,-1.405425,-1.046031,LSO,400251
11508701,129,6763,2004,0.0,9211.0,-1.343146,-1.041126,LSO,400251
11508702,129,6763,2005,,,-1.8343599999999998,-1.077212,LSO,400251
11508703,129,6763,2006,,,-1.006497,-0.957676,LSO,400251
11508704,129,6763,2007,,,-0.122333,-0.7552439999999999,LSO,400251
11508705,129,6763,2008,,,-0.9549120000000001,-0.987166,LSO,400251
11508706,129,6763,2009,,,-1.446041,-1.102158,LSO,400251
11508707,129,6763,2010,,,-0.7534529999999999,-0.759605,LSO,400251
11508708,129,6763,2011,,,-0.868226,-0.764548,LSO,400251
11508709,129,6763,2012,0.0,5302.0,-0.579926,-0.732004,LSO,400251
11508710,129,6763,2013,,,-0.7396689999999999,-0.696625,LSO,400251
11508711,129,6763,2014,,,-0.59647,-0.58713,LSO,400251
11508712,129,6763,2015,,,-0.910168,-0.870865,LSO,400251
11508713,129,6763,2016,,,-0.891036,-0.807709,LSO,400251
11508714,129,6763,2017,,,-0.955398,-0.824111,LSO,400251
11508715,129,6763,2018,,,-0.413303,-0.46411899999999995,LSO,400251
11508716,129,6763,2019,,,-0.905482,-0.69457,LSO,400251
11508717,129,6763,2020,,,-0.968781,-0.770512,LSO,400251
11508718,130,6763,1995,,,0.41220500000000004,0.966966,LTU,400251
11508719,130,6763,1996,0.0,2017.0,0.40520500000000004,0.9465950000000001,LTU,400251
11508720,130,6763,1997,0.0,932.0,0.377245,0.8823270000000001,LTU,400251
11508721,130,6763,1998,,,0.27073,0.692656,LTU,400251
11508722,130,6763,1999,,,0.197536,0.5041899999999999,LTU,400251
11508723,130,6763,2000,,,0.22596799999999997,0.550341,LTU,400251
11508724,130,6763,2001,,,0.15706900000000001,0.416663,LTU,400251
11508725,130,6763,2002,,,0.23102399999999998,0.586078,LTU,400251
11508726,130,6763,2003,,,0.239608,0.517299,LTU,400251
11508727,130,6763,2004,,,0.403568,0.632707,LTU,400251
11508728,130,6763,2005,,,0.365698,0.8917370000000001,LTU,400251
11508729,130,6763,2006,0.0,7601.0,0.44063599999999997,1.163857,LTU,400251
11508730,130,6763,2007,1091.0,2578.0,0.604169,1.279982,LTU,400251
11508731,130,6763,2008,,,0.59033,0.961408,LTU,400251
11508732,130,6763,2009,,,0.647736,1.150962,LTU,400251
11508733,130,6763,2010,,,0.6390600000000001,1.144911,LTU,400251
11508734,130,6763,2011,,,0.747963,0.9759530000000001,LTU,400251
11508735,130,6763,2012,,,0.771482,1.000405,LTU,400251
11508736,130,6763,2013,0.0,17119.0,0.737796,1.215543,LTU,400251
11508737,130,6763,2014,0.0,17472.0,0.764495,1.3451540000000002,LTU,400251
11508738,130,6763,2015,0.0,16250.0,0.749429,1.3659860000000001,LTU,400251
11508739,130,6763,2016,0.0,18674.0,0.706929,1.419432,LTU,400251
11508740,130,6763,2017,0.0,22654.0,0.855858,1.447717,LTU,400251
11508741,130,6763,2018,0.0,35098.0,0.964249,1.4050200000000002,LTU,400251
11508742,130,6763,2019,29367.0,33305.0,0.858456,1.364581,LTU,400251
11508743,130,6763,2020,78900.0,85271.0,0.9772870000000001,1.291244,LTU,400251
11508744,131,6763,1995,,,,,LUX,400251
11508745,131,6763,1996,,,,,LUX,400251
11508746,131,6763,1997,,,,,LUX,400251
11508747,131,6763,1998,,,,,LUX,400251
11508748,131,6763,1999,0.0,33117.0,1.499745,1.142951,LUX,400251
11508749,131,6763,2000,,,1.331688,1.130817,LUX,400251
11508750,131,6763,2001,,,1.470895,1.149007,LUX,400251
11508751,131,6763,2002,0.0,1411.0,1.605378,1.152973,LUX,400251
11508752,131,6763,2003,,,1.444996,1.063764,LUX,400251
11508753,131,6763,2004,0.0,1798.0,1.37529,1.0172649999999999,LUX,400251
11508754,131,6763,2005,,,1.399885,0.974292,LUX,400251
11508755,131,6763,2006,0.0,418209.0,1.4345620000000001,0.8840819999999999,LUX,400251
11508756,131,6763,2007,,,1.390259,0.996566,LUX,400251
11508757,131,6763,2008,0.0,9158.0,1.39945,1.003857,LUX,400251
11508758,131,6763,2009,,,1.323336,1.026341,LUX,400251
11508759,131,6763,2010,0.0,11994.0,1.272127,1.1051520000000001,LUX,400251
11508760,131,6763,2011,0.0,5926.0,1.1655739999999999,1.222379,LUX,400251
11508761,131,6763,2012,0.0,5581.0,1.131145,1.305768,LUX,400251
11508762,131,6763,2013,,,1.170459,1.150327,LUX,400251
11508763,131,6763,2014,0.0,8321.0,1.243845,1.155474,LUX,400251
11508764,131,6763,2015,0.0,3146.0,1.218924,1.247152,LUX,400251
11508765,131,6763,2016,27695.0,8318.0,1.340054,1.30224,LUX,400251
11508766,131,6763,2017,0.0,4839.0,1.24064,1.298263,LUX,400251
11508767,131,6763,2018,0.0,5001.0,1.1142889999999999,1.306066,LUX,400251
11508768,131,6763,2019,0.0,6420.0,1.234145,1.3754309999999998,LUX,400251
11508769,131,6763,2020,,,1.197655,1.432727,LUX,400251
11508770,132,6763,1995,,,0.25453400000000004,0.174809,LVA,400251
11508771,132,6763,1996,,,0.33418600000000004,0.1615,LVA,400251
11508772,132,6763,1997,,,0.398848,0.215206,LVA,400251
11508773,132,6763,1998,,,0.322473,0.388421,LVA,400251
11508774,132,6763,1999,0.0,8150.0,0.20633600000000002,0.324171,LVA,400251
11508775,132,6763,2000,0.0,11775.0,0.392514,0.212175,LVA,400251
11508776,132,6763,2001,0.0,9244.0,0.404136,0.461009,LVA,400251
11508777,132,6763,2002,0.0,7822.0,0.45210200000000006,0.515388,LVA,400251
11508778,132,6763,2003,0.0,4946.0,0.520772,0.5631689999999999,LVA,400251
11508779,132,6763,2004,,,0.413821,0.627853,LVA,400251
11508780,132,6763,2005,,,0.439697,0.690283,LVA,400251
11508781,132,6763,2006,,,0.531375,0.9414170000000001,LVA,400251
11508782,132,6763,2007,,,0.61459,0.985358,LVA,400251
11508783,132,6763,2008,0.0,1643.0,0.655489,1.0811540000000002,LVA,400251
11508784,132,6763,2009,,,0.675643,0.99977,LVA,400251
11508785,132,6763,2010,,,0.6158170000000001,1.1401059999999998,LVA,400251
11508786,132,6763,2011,,,0.7320939999999999,1.101321,LVA,400251
11508787,132,6763,2012,,,0.71433,0.9376540000000001,LVA,400251
11508788,132,6763,2013,0.0,22093.0,0.6219439999999999,1.166749,LVA,400251
11508789,132,6763,2014,0.0,15025.0,0.613116,1.1899790000000001,LVA,400251
11508790,132,6763,2015,0.0,10426.0,0.602209,1.125357,LVA,400251
11508791,132,6763,2016,0.0,18551.0,0.553592,1.19865,LVA,400251
11508792,132,6763,2017,0.0,18474.0,0.684555,1.3208030000000002,LVA,400251
11508793,132,6763,2018,0.0,27699.0,0.707168,1.294297,LVA,400251
11508794,132,6763,2019,0.0,25706.0,0.7804300000000001,1.159592,LVA,400251
11508795,132,6763,2020,0.0,53405.0,0.712901,1.119907,LVA,400251
11508796,133,6763,1995,,,-0.149794,-0.26961799999999997,MAC,400251
11508797,133,6763,1996,,,-0.23007399999999997,-0.34139400000000003,MAC,400251
11508798,133,6763,1997,0.0,16807.0,-0.238002,-0.361492,MAC,400251
11508799,133,6763,1998,0.0,75185.0,-0.21838000000000002,-0.370322,MAC,400251
11508800,133,6763,1999,0.0,61186.0,-0.365239,-0.380913,MAC,400251
11508801,133,6763,2000,0.0,53002.0,-0.370575,-0.47639499999999996,MAC,400251
11508802,133,6763,2001,,,-0.608406,-0.521662,MAC,400251
11508803,133,6763,2002,,,-0.360172,-0.359367,MAC,400251
11508804,133,6763,2003,,,-0.294516,-0.413828,MAC,400251
11508805,133,6763,2004,,,-0.351045,-0.487521,MAC,400251
11508806,133,6763,2005,,,-0.218324,-0.329027,MAC,400251
11508807,133,6763,2006,,,-0.07118200000000001,-0.228354,MAC,400251
11508808,133,6763,2007,,,0.168528,-0.150411,MAC,400251
11508809,133,6763,2008,,,0.352633,0.219317,MAC,400251
11508810,133,6763,2009,,,0.450395,0.6237739999999999,MAC,400251
11508811,133,6763,2010,,,0.545755,0.492997,MAC,400251
11508812,133,6763,2011,,,0.511015,0.560905,MAC,400251
11508813,133,6763,2012,,,0.659177,0.583923,MAC,400251
11508814,133,6763,2013,,,0.252209,0.184401,MAC,400251
11508815,133,6763,2014,,,0.704535,0.5856140000000001,MAC,400251
11508816,133,6763,2015,,,0.296288,0.32009499999999996,MAC,400251
11508817,133,6763,2016,,,0.534935,0.185542,MAC,400251
11508818,133,6763,2017,,,0.264006,-0.11028099999999999,MAC,400251
11508819,133,6763,2018,,,0.44520299999999996,0.042491,MAC,400251
11508820,133,6763,2019,,,0.397984,-0.061689,MAC,400251
11508821,133,6763,2020,,,0.464354,0.020065,MAC,400251
11508822,134,6763,1995,0.0,42101.0,-0.6481210000000001,-0.22345,MAR,400251
11508823,134,6763,1996,0.0,54503.0,-0.67314,-0.241242,MAR,400251
11508824,134,6763,1997,0.0,73782.0,-0.649616,-0.260554,MAR,400251
11508825,134,6763,1998,0.0,40663.0,-0.7299479999999999,-0.23758200000000002,MAR,400251
11508826,134,6763,1999,0.0,75157.0,-0.659053,-0.142104,MAR,400251
11508827,134,6763,2000,0.0,41029.0,-0.664836,-0.282415,MAR,400251
11508828,134,6763,2001,0.0,46309.0,-0.75275,-0.280397,MAR,400251
11508829,134,6763,2002,0.0,134773.0,-0.810467,-0.34807899999999997,MAR,400251
11508830,134,6763,2003,0.0,216875.0,-0.6842050000000001,-0.217892,MAR,400251
11508831,134,6763,2004,0.0,200033.0,-0.681556,-0.152372,MAR,400251
11508832,134,6763,2005,0.0,118581.0,-0.617355,-0.129666,MAR,400251
11508833,134,6763,2006,0.0,93922.0,-0.547933,0.08257300000000001,MAR,400251
11508834,134,6763,2007,0.0,93673.0,-0.5846560000000001,0.10927100000000001,MAR,400251
11508835,134,6763,2008,0.0,180857.0,-0.505734,-0.000516,MAR,400251
11508836,134,6763,2009,0.0,89598.0,-0.48819300000000004,0.173952,MAR,400251
11508837,134,6763,2010,0.0,5055.0,-0.5935229999999999,-0.056497000000000006,MAR,400251
11508838,134,6763,2011,0.0,2030.0,-0.485404,0.099828,MAR,400251
11508839,134,6763,2012,,,-0.536297,-0.018561,MAR,400251
11508840,134,6763,2013,,,-0.6494260000000001,-0.035075999999999996,MAR,400251
11508841,134,6763,2014,0.0,37847.0,-0.574034,0.065788,MAR,400251
11508842,134,6763,2015,0.0,87276.0,-0.7554810000000001,-0.059697,MAR,400251
11508843,134,6763,2016,0.0,5335.0,-0.772795,-0.206511,MAR,400251
11508844,134,6763,2017,,,-0.757236,-0.065347,MAR,400251
11508845,134,6763,2018,,,-0.712775,-0.090013,MAR,400251
11508846,134,6763,2019,,,-0.747739,-0.154125,MAR,400251
11508847,134,6763,2020,,,-0.5208510000000001,-0.080499,MAR,400251
11508848,135,6763,1995,,,0.394058,0.124474,MDA,400251
11508849,135,6763,1996,,,0.198427,0.026004000000000003,MDA,400251
11508850,135,6763,1997,,,0.148579,-0.334685,MDA,400251
11508851,135,6763,1998,,,-0.112783,-0.276584,MDA,400251
11508852,135,6763,1999,,,-0.16408,-0.08062000000000001,MDA,400251
11508853,135,6763,2000,,,0.069239,0.02855,MDA,400251
11508854,135,6763,2001,,,-0.024822,-0.15323399999999998,MDA,400251
11508855,135,6763,2002,,,-0.186001,-0.141598,MDA,400251
11508856,135,6763,2003,,,-0.005154,-0.26107199999999997,MDA,400251
11508857,135,6763,2004,,,-0.155523,-0.355142,MDA,400251
11508858,135,6763,2005,,,-0.10179400000000001,-0.152093,MDA,400251
11508859,135,6763,2006,,,-0.017707,0.135305,MDA,400251
11508860,135,6763,2007,0.0,22301.0,0.147801,0.13758299999999998,MDA,400251
11508861,135,6763,2008,,,0.096913,-0.095718,MDA,400251
11508862,135,6763,2009,0.0,1812.0,0.009281999999999999,-0.039299,MDA,400251
11508863,135,6763,2010,,,-0.116797,0.037801,MDA,400251
11508864,135,6763,2011,,,-0.225556,0.28622,MDA,400251
11508865,135,6763,2012,,,0.025301,0.36205,MDA,400251
11508866,135,6763,2013,,,-0.016235,0.132104,MDA,400251
11508867,135,6763,2014,0.0,6717.0,-0.10438199999999999,-0.093194,MDA,400251
11508868,135,6763,2015,,,-0.313837,-0.20393,MDA,400251
11508869,135,6763,2016,,,-0.340932,-0.2839,MDA,400251
11508870,135,6763,2017,,,-0.24909,-0.181213,MDA,400251
11508871,135,6763,2018,,,-0.358412,-0.271334,MDA,400251
11508872,135,6763,2019,,,-0.333385,-0.35752,MDA,400251
11508873,135,6763,2020,0.0,3750.0,-0.06779199999999999,-0.240851,MDA,400251
11508874,136,6763,1995,,,-1.178074,-0.6167,MDG,400251
11508875,136,6763,1996,,,-1.213619,-0.606686,MDG,400251
11508876,136,6763,1997,,,-1.2630370000000002,-0.565295,MDG,400251
11508877,136,6763,1998,,,-1.2600639999999999,-0.566983,MDG,400251
11508878,136,6763,1999,,,-1.186653,-0.5059279999999999,MDG,400251
11508879,136,6763,2000,,,-1.045792,-0.386997,MDG,400251
11508880,136,6763,2001,,,-1.247531,-0.637093,MDG,400251
11508881,136,6763,2002,,,-1.120167,-0.43338699999999997,MDG,400251
11508882,136,6763,2003,,,-1.254758,-0.622696,MDG,400251
11508883,136,6763,2004,,,-1.355542,-0.634409,MDG,400251
11508884,136,6763,2005,,,-1.075232,-0.333908,MDG,400251
11508885,136,6763,2006,,,-1.024657,-0.393395,MDG,400251
11508886,136,6763,2007,0.0,15654.0,-0.939838,-0.221205,MDG,400251
11508887,136,6763,2008,,,-0.9618190000000001,-0.348841,MDG,400251
11508888,136,6763,2009,,,-1.0356610000000002,-0.198062,MDG,400251
11508889,136,6763,2010,,,-0.8737799999999999,-0.043717,MDG,400251
11508890,136,6763,2011,,,-1.040519,-0.404883,MDG,400251
11508891,136,6763,2012,,,-0.9744290000000001,-0.326567,MDG,400251
11508892,136,6763,2013,,,-1.068565,-0.364254,MDG,400251
11508893,136,6763,2014,,,-1.002122,-0.44446,MDG,400251
11508894,136,6763,2015,,,-1.15947,-0.497217,MDG,400251
11508895,136,6763,2016,,,-1.2672709999999998,-0.613909,MDG,400251
11508896,136,6763,2017,,,-1.277182,-0.6503399999999999,MDG,400251
11508897,136,6763,2018,,,-1.2144549999999998,-0.748326,MDG,400251
11508898,136,6763,2019,,,-1.267516,-0.733849,MDG,400251
11508899,136,6763,2020,,,-1.206503,-0.709465,MDG,400251
11508900,137,6763,1995,,,-1.258938,-0.9818629999999999,MDV,400251
11508901,137,6763,1996,,,-1.107903,-1.016442,MDV,400251
11508902,137,6763,1997,,,-1.155491,-1.0362200000000001,MDV,400251
11508903,137,6763,1998,,,-1.4121629999999998,-1.084394,MDV,400251
11508904,137,6763,1999,,,-0.83783,-0.941734,MDV,400251
11508905,137,6763,2000,,,-1.408182,-1.099033,MDV,400251
11508906,137,6763,2001,,,-0.980734,-0.9785659999999999,MDV,400251
11508907,137,6763,2002,,,-1.3007440000000001,-1.0420120000000002,MDV,400251
11508908,137,6763,2003,,,-1.201352,-1.031892,MDV,400251
11508909,137,6763,2004,,,-0.34020700000000004,-0.817298,MDV,400251
11508910,137,6763,2005,,,0.063163,-0.623409,MDV,400251
11508911,137,6763,2006,,,-0.240191,-0.8320290000000001,MDV,400251
11508912,137,6763,2007,,,-0.7558050000000001,-0.931211,MDV,400251
11508913,137,6763,2008,,,0.037203,-0.718439,MDV,400251
11508914,137,6763,2009,,,-0.415182,-0.9298379999999999,MDV,400251
11508915,137,6763,2010,,,-0.644859,-0.910633,MDV,400251
11508916,137,6763,2011,,,-0.937469,-0.87897,MDV,400251
11508917,137,6763,2012,,,-0.664154,-0.826418,MDV,400251
11508918,137,6763,2013,,,-0.21889699999999998,-0.776392,MDV,400251
11508919,137,6763,2014,,,-0.43265299999999995,-0.82696,MDV,400251
11508920,137,6763,2015,,,-0.321571,-0.858751,MDV,400251
11508921,137,6763,2016,,,-0.79904,-0.9720840000000001,MDV,400251
11508922,137,6763,2017,,,-1.100027,-0.9779479999999999,MDV,400251
11508923,137,6763,2018,,,-0.577527,-0.952098,MDV,400251
11508924,137,6763,2019,,,-0.37792800000000004,-0.8963059999999999,MDV,400251
11508925,137,6763,2020,,,-0.68914,-0.844514,MDV,400251
11508926,138,6763,1995,0.0,799450.0,0.6414300000000001,0.9697520000000001,MEX,400251
11508927,138,6763,1996,1466.0,443838.0,0.651949,0.9132170000000001,MEX,400251
11508928,138,6763,1997,57210.0,754098.0,0.603221,0.898488,MEX,400251
11508929,138,6763,1998,292170.0,1736667.0,0.525671,0.880649,MEX,400251
11508930,138,6763,1999,790970.0,5177700.0,0.581034,0.8399760000000001,MEX,400251
11508931,138,6763,2000,749248.0,3938210.0,0.6866760000000001,0.64383,MEX,400251
11508932,138,6763,2001,365746.0,6022376.0,0.797058,0.713234,MEX,400251
11508933,138,6763,2002,214472.0,2211295.0,0.942061,0.6311260000000001,MEX,400251
11508934,138,6763,2003,113486.0,2935386.0,0.862509,0.756684,MEX,400251
11508935,138,6763,2004,12829.0,2825830.0,0.868684,0.85506,MEX,400251
11508936,138,6763,2005,8891.0,4546325.0,1.046235,0.856245,MEX,400251
11508937,138,6763,2006,2073.0,8501142.0,1.047268,0.7142270000000001,MEX,400251
11508938,138,6763,2007,879.0,7875537.0,1.044746,0.605246,MEX,400251
11508939,138,6763,2008,6803.0,10705258.0,0.9833639999999999,0.7687069999999999,MEX,400251
11508940,138,6763,2009,1387.0,9079821.0,1.061625,0.719234,MEX,400251
11508941,138,6763,2010,1114.0,8475452.0,1.132664,0.675756,MEX,400251
11508942,138,6763,2011,0.0,9278899.0,0.9534600000000001,0.706982,MEX,400251
11508943,138,6763,2012,3030.0,9743247.0,1.039541,0.663349,MEX,400251
11508944,138,6763,2013,0.0,14930463.0,1.048507,0.718932,MEX,400251
11508945,138,6763,2014,0.0,2759673.0,1.0799729999999998,0.697554,MEX,400251
11508946,138,6763,2015,0.0,5947358.0,1.169724,0.61457,MEX,400251
11508947,138,6763,2016,2277.0,1890195.0,1.165638,0.6446649999999999,MEX,400251
11508948,138,6763,2017,0.0,1044053.0,1.08871,0.5745279999999999,MEX,400251
11508949,138,6763,2018,73929.0,5377209.0,1.00061,0.585759,MEX,400251
11508950,138,6763,2019,34848.0,5634095.0,1.083041,0.569353,MEX,400251
11508951,138,6763,2020,0.0,4248635.0,0.974514,0.563643,MEX,400251
11508952,139,6763,1995,,,-0.423338,-0.72302,MHL,400251
11508953,139,6763,1996,,,-0.035292000000000004,-0.660011,MHL,400251
11508954,139,6763,1997,,,-0.09653400000000001,-0.744734,MHL,400251
11508955,139,6763,1998,,,-0.697979,-0.843189,MHL,400251
11508956,139,6763,1999,,,0.287285,-0.757613,MHL,400251
11508957,139,6763,2000,,,0.725404,-0.633921,MHL,400251
11508958,139,6763,2001,,,0.044811000000000004,-0.8319209999999999,MHL,400251
11508959,139,6763,2002,,,0.185091,-0.8390989999999999,MHL,400251
11508960,139,6763,2003,,,-1.7295669999999999,-0.926291,MHL,400251
11508961,139,6763,2004,,,-0.088716,-0.7905449999999999,MHL,400251
11508962,139,6763,2005,,,-0.991793,-0.875741,MHL,400251
11508963,139,6763,2006,,,-0.6514220000000001,-0.880265,MHL,400251
11508964,139,6763,2007,,,-0.980109,-0.915091,MHL,400251
11508965,139,6763,2008,,,-1.092352,-0.9263600000000001,MHL,400251
11508966,139,6763,2009,,,-0.960635,-0.99724,MHL,400251
11508967,139,6763,2010,,,-0.599197,-0.788443,MHL,400251
11508968,139,6763,2011,,,-0.380054,-0.73321,MHL,400251
11508969,139,6763,2012,,,-0.557802,-0.790155,MHL,400251
11508970,139,6763,2013,,,-0.980348,-0.8763219999999999,MHL,400251
11508971,139,6763,2014,,,-0.22505,-0.803084,MHL,400251
11508972,139,6763,2015,,,-0.174541,-0.828616,MHL,400251
11508973,139,6763,2016,,,0.073567,-0.808307,MHL,400251
11508974,139,6763,2017,,,-0.057511,-0.80248,MHL,400251
11508975,139,6763,2018,,,0.03022,-0.7880520000000001,MHL,400251
11508976,139,6763,2019,,,-0.592066,-0.900875,MHL,400251
11508977,139,6763,2020,,,-0.23666700000000002,-0.822276,MHL,400251
11508978,140,6763,1995,0.0,207980.0,0.34174,0.648467,MKD,400251
11508979,140,6763,1996,0.0,58508.0,0.316133,0.933068,MKD,400251
11508980,140,6763,1997,0.0,28942.0,0.26327399999999995,0.704879,MKD,400251
11508981,140,6763,1998,0.0,32118.0,0.102559,0.591468,MKD,400251
11508982,140,6763,1999,0.0,81088.0,0.053132000000000006,0.43408,MKD,400251
11508983,140,6763,2000,,,0.13176600000000002,0.407194,MKD,400251
11508984,140,6763,2001,,,0.033097,0.43516499999999997,MKD,400251
11508985,140,6763,2002,,,-0.030274000000000002,0.359317,MKD,400251
11508986,140,6763,2003,0.0,14541.0,-0.017632,0.225394,MKD,400251
11508987,140,6763,2004,,,-0.091013,0.190649,MKD,400251
11508988,140,6763,2005,0.0,13193.0,-0.084262,0.23169099999999998,MKD,400251
11508989,140,6763,2006,,,-0.21336,0.17674700000000002,MKD,400251
11508990,140,6763,2007,,,-0.125912,-0.009395,MKD,400251
11508991,140,6763,2008,0.0,12070.0,-0.090639,-0.137401,MKD,400251
11508992,140,6763,2009,,,-0.14890499999999998,0.405505,MKD,400251
11508993,140,6763,2010,,,-0.122842,0.407017,MKD,400251
11508994,140,6763,2011,,,-0.12310499999999999,0.16392,MKD,400251
11508995,140,6763,2012,0.0,3149.0,-0.010966,0.160996,MKD,400251
11508996,140,6763,2013,0.0,7127.0,-0.10859400000000001,0.155229,MKD,400251
11508997,140,6763,2014,0.0,3355.0,-0.039799,-0.05545,MKD,400251
11508998,140,6763,2015,1147.0,2748.0,-0.09009600000000001,-0.147359,MKD,400251
11508999,140,6763,2016,0.0,2739.0,0.026185000000000003,-0.20027999999999999,MKD,400251
11509000,140,6763,2017,0.0,10650.0,-0.0292,-0.377156,MKD,400251
11509001,140,6763,2018,0.0,2654.0,0.079976,-0.20256,MKD,400251
11509002,140,6763,2019,0.0,2332.0,0.050624,-0.11143299999999999,MKD,400251
11509003,140,6763,2020,0.0,2940.0,0.147947,-0.11116500000000001,MKD,400251
11509004,141,6763,1995,,,-0.807662,-0.952101,MLI,400251
11509005,141,6763,1996,,,-0.987858,-0.9677040000000001,MLI,400251
11509006,141,6763,1997,,,-1.230276,-1.086769,MLI,400251
11509007,141,6763,1998,,,-0.8910049999999999,-0.9654870000000001,MLI,400251
11509008,141,6763,1999,,,-0.8019149999999999,-0.9337979999999999,MLI,400251
11509009,141,6763,2000,0.0,21156.0,-0.5546409999999999,-0.633603,MLI,400251
11509010,141,6763,2001,,,-0.40341,-0.626402,MLI,400251
11509011,141,6763,2002,,,-0.8948520000000001,-0.863375,MLI,400251
11509012,141,6763,2003,,,-0.786411,-0.879049,MLI,400251
11509013,141,6763,2004,,,-0.6905100000000001,-0.9162459999999999,MLI,400251
11509014,141,6763,2005,,,-0.811021,-0.77035,MLI,400251
11509015,141,6763,2006,,,-0.503462,-0.778836,MLI,400251
11509016,141,6763,2007,,,-0.672822,-0.687913,MLI,400251
11509017,141,6763,2008,,,-0.274267,-0.51084,MLI,400251
11509018,141,6763,2009,,,-0.84835,-0.780324,MLI,400251
11509019,141,6763,2010,,,-0.585496,-0.655841,MLI,400251
11509020,141,6763,2011,,,-0.6778109999999999,-0.653211,MLI,400251
11509021,141,6763,2012,,,-0.592899,-0.775098,MLI,400251
11509022,141,6763,2013,,,-1.183671,-1.069504,MLI,400251
11509023,141,6763,2014,,,-1.199063,-1.05497,MLI,400251
11509024,141,6763,2015,,,-0.744236,-0.9441860000000001,MLI,400251
11509025,141,6763,2016,0.0,8034.0,-0.584863,-0.74131,MLI,400251
11509026,141,6763,2017,,,-0.5927899999999999,-0.707245,MLI,400251
11509027,141,6763,2018,,,-0.49666499999999997,-0.7189909999999999,MLI,400251
11509028,141,6763,2019,,,-0.381732,-0.606313,MLI,400251
11509029,141,6763,2020,,,-1.309505,-1.1745079999999999,MLI,400251
11509030,142,6763,1995,0.0,50502.0,0.842519,0.11882899999999999,MLT,400251
11509031,142,6763,1996,,,0.8825440000000001,0.066541,MLT,400251
11509032,142,6763,1997,0.0,4515.0,0.936998,0.062266999999999996,MLT,400251
11509033,142,6763,1998,0.0,30011.0,0.919593,-0.071451,MLT,400251
11509034,142,6763,1999,0.0,113847.0,0.9998450000000001,0.009412,MLT,400251
11509035,142,6763,2000,0.0,59052.0,1.106517,-0.05459,MLT,400251
11509036,142,6763,2001,0.0,51103.0,1.065032,-0.065239,MLT,400251
11509037,142,6763,2002,0.0,6824.0,1.12245,0.019001,MLT,400251
11509038,142,6763,2003,0.0,5468.0,1.2138149999999999,-0.015687,MLT,400251
11509039,142,6763,2004,,,1.251894,0.063827,MLT,400251
11509040,142,6763,2005,0.0,9894.0,1.298938,0.13206600000000002,MLT,400251
11509041,142,6763,2006,0.0,7582.0,1.384411,0.093734,MLT,400251
11509042,142,6763,2007,0.0,5676.0,1.184569,-0.046376,MLT,400251
11509043,142,6763,2008,0.0,9892.0,1.015716,-0.065673,MLT,400251
11509044,142,6763,2009,0.0,12311.0,1.233965,-0.016763,MLT,400251
11509045,142,6763,2010,0.0,304507.0,1.211797,-0.024923,MLT,400251
11509046,142,6763,2011,0.0,66308.0,1.3001340000000001,0.22605799999999998,MLT,400251
11509047,142,6763,2012,0.0,5455.0,1.023776,0.12459400000000001,MLT,400251
11509048,142,6763,2013,0.0,15681.0,0.8519760000000001,-0.075869,MLT,400251
11509049,142,6763,2014,0.0,1981.0,0.817013,0.0016309999999999999,MLT,400251
11509050,142,6763,2015,0.0,10911.0,0.880893,-0.117585,MLT,400251
11509051,142,6763,2016,0.0,11983.0,0.8795950000000001,-0.21689499999999998,MLT,400251
11509052,142,6763,2017,0.0,70863.0,0.999914,0.12683,MLT,400251
11509053,142,6763,2018,0.0,14011.0,0.9621219999999999,0.257289,MLT,400251
11509054,142,6763,2019,,,0.893992,0.25255500000000003,MLT,400251
11509055,142,6763,2020,0.0,13407.0,0.9159309999999999,0.24442199999999997,MLT,400251
11509056,143,6763,1995,,,-1.5669309999999999,-1.124558,MMR,400251
11509057,143,6763,1996,0.0,24557.0,-1.556357,-1.078395,MMR,400251
11509058,143,6763,1997,0.0,54485.0,-1.595159,-1.09562,MMR,400251
11509059,143,6763,1998,0.0,2300.0,-1.620365,-0.997957,MMR,400251
11509060,143,6763,1999,,,-1.4991299999999999,-0.984557,MMR,400251
11509061,143,6763,2000,,,-1.504802,-1.0756860000000001,MMR,400251
11509062,143,6763,2001,,,-1.5627,-1.150854,MMR,400251
11509063,143,6763,2002,,,-1.571568,-1.131512,MMR,400251
11509064,143,6763,2003,11307.0,0.0,-1.435123,-1.0948,MMR,400251
11509065,143,6763,2004,,,-1.400614,-0.947664,MMR,400251
11509066,143,6763,2005,,,-1.506567,-1.169183,MMR,400251
11509067,143,6763,2006,0.0,18712.0,-1.543679,-1.145623,MMR,400251
11509068,143,6763,2007,,,-1.29366,-1.074733,MMR,400251
11509069,143,6763,2008,,,-1.501556,-1.1134110000000002,MMR,400251
11509070,143,6763,2009,0.0,2486.0,-1.6459529999999998,-1.186635,MMR,400251
11509071,143,6763,2010,,,-1.480389,-1.075842,MMR,400251
11509072,143,6763,2011,0.0,3051.0,-1.3557190000000001,-0.929934,MMR,400251
11509073,143,6763,2012,0.0,1025.0,-1.219747,-0.9290229999999999,MMR,400251
11509074,143,6763,2013,,,-1.230787,-0.737375,MMR,400251
11509075,143,6763,2014,,,-1.5332459999999999,-1.145973,MMR,400251
11509076,143,6763,2015,0.0,60565.0,-1.4596120000000001,-0.903904,MMR,400251
11509077,143,6763,2016,,,-1.160878,-0.6042609999999999,MMR,400251
11509078,143,6763,2017,0.0,9025.0,-1.051544,-0.419183,MMR,400251
11509079,143,6763,2018,0.0,3436.0,-0.936467,-0.223413,MMR,400251
11509080,143,6763,2019,,,-1.196733,-0.435766,MMR,400251
11509081,143,6763,2020,,,-0.9993569999999999,-0.298647,MMR,400251
11509082,144,6763,1995,,,,,MNE,400251
11509083,144,6763,1996,,,,,MNE,400251
11509084,144,6763,1997,,,,,MNE,400251
11509085,144,6763,1998,,,,,MNE,400251
11509086,144,6763,1999,,,,,MNE,400251
11509087,144,6763,2000,,,,,MNE,400251
11509088,144,6763,2001,,,,,MNE,400251
11509089,144,6763,2002,,,,,MNE,400251
11509090,144,6763,2003,,,,,MNE,400251
11509091,144,6763,2004,,,,,MNE,400251
11509092,144,6763,2005,,,,,MNE,400251
11509093,144,6763,2006,,,0.130773,-0.24674699999999997,MNE,400251
11509094,144,6763,2007,,,0.250006,-0.154908,MNE,400251
11509095,144,6763,2008,,,0.321434,-0.168212,MNE,400251
11509096,144,6763,2009,,,0.19963499999999998,-0.073107,MNE,400251
11509097,144,6763,2010,,,0.266397,-0.02502,MNE,400251
11509098,144,6763,2011,,,0.149559,0.024935,MNE,400251
11509099,144,6763,2012,,,-0.059409000000000003,-0.328183,MNE,400251
11509100,144,6763,2013,,,-0.054454999999999996,-0.164875,MNE,400251
11509101,144,6763,2014,,,-0.17039100000000001,-0.21762399999999998,MNE,400251
11509102,144,6763,2015,,,-0.048385000000000004,-0.150759,MNE,400251
11509103,144,6763,2016,,,-0.005084,-0.25252199999999997,MNE,400251
11509104,144,6763,2017,,,0.201739,-0.23111399999999999,MNE,400251
11509105,144,6763,2018,,,0.332495,0.124258,MNE,400251
11509106,144,6763,2019,,,0.40415100000000004,0.068967,MNE,400251
11509107,144,6763,2020,,,0.355595,0.140822,MNE,400251
11509108,145,6763,1995,,,-0.653135,-1.023557,MNG,400251
11509109,145,6763,1996,,,-0.18177000000000001,-0.8212280000000001,MNG,400251
11509110,145,6763,1997,0.0,11407.0,-0.36035300000000003,-0.862088,MNG,400251
11509111,145,6763,1998,0.0,16445.0,-0.605635,-0.9181520000000001,MNG,400251
11509112,145,6763,1999,0.0,14872.0,-0.557761,-0.8596280000000001,MNG,400251
11509113,145,6763,2000,,,-0.600593,-0.889832,MNG,400251
11509114,145,6763,2001,,,-0.691001,-0.9284180000000001,MNG,400251
11509115,145,6763,2002,,,-0.895827,-0.9913799999999999,MNG,400251
11509116,145,6763,2003,,,-0.9747620000000001,-1.026308,MNG,400251
11509117,145,6763,2004,,,-1.030558,-1.03145,MNG,400251
11509118,145,6763,2005,,,-1.059909,-1.010298,MNG,400251
11509119,145,6763,2006,,,-1.147217,-1.0734709999999998,MNG,400251
11509120,145,6763,2007,,,-1.0688790000000001,-1.1115709999999999,MNG,400251
11509121,145,6763,2008,,,-1.13585,-1.1076190000000001,MNG,400251
11509122,145,6763,2009,,,-0.825506,-1.067644,MNG,400251
11509123,145,6763,2010,,,-1.110861,-1.105545,MNG,400251
11509124,145,6763,2011,,,-1.0869389999999999,-1.107693,MNG,400251
11509125,145,6763,2012,,,-1.2191,-1.1559549999999998,MNG,400251
11509126,145,6763,2013,,,-1.3270950000000001,-1.144547,MNG,400251
11509127,145,6763,2014,,,-1.425524,-1.161949,MNG,400251
11509128,145,6763,2015,,,-1.244368,-1.196677,MNG,400251
11509129,145,6763,2016,,,-0.811142,-1.013252,MNG,400251
11509130,145,6763,2017,,,-0.933737,-1.1195620000000002,MNG,400251
11509131,145,6763,2018,,,-0.934398,-1.125105,MNG,400251
11509132,145,6763,2019,,,-1.1612049999999998,-1.1615739999999999,MNG,400251
11509133,145,6763,2020,,,-1.011938,-1.127569,MNG,400251
11509134,146,6763,1995,,,0.1683,-0.642753,MNP,400251
11509135,146,6763,1996,,,0.245321,-0.636347,MNP,400251
11509136,146,6763,1997,,,-0.912666,-0.9718110000000001,MNP,400251
11509137,146,6763,1998,,,-0.144048,-0.7987479999999999,MNP,400251
11509138,146,6763,1999,,,-0.45039399999999996,-0.8943700000000001,MNP,400251
11509139,146,6763,2000,,,-0.186998,-0.728449,MNP,400251
11509140,146,6763,2001,,,-0.701194,-0.89945,MNP,400251
11509141,146,6763,2002,,,-0.165526,-0.7033010000000001,MNP,400251
11509142,146,6763,2003,,,-0.370942,-0.685771,MNP,400251
11509143,146,6763,2004,0.0,2715.0,-0.47053199999999995,-0.7803220000000001,MNP,400251
11509144,146,6763,2005,0.0,3068.0,-0.292486,-0.669716,MNP,400251
11509145,146,6763,2006,,,-0.016344,-0.356507,MNP,400251
11509146,146,6763,2007,,,-0.171068,-0.7035520000000001,MNP,400251
11509147,146,6763,2008,,,-0.093684,-0.555717,MNP,400251
11509148,146,6763,2009,,,0.500134,-0.0069489999999999994,MNP,400251
11509149,146,6763,2010,,,0.27201,-0.285427,MNP,400251
11509150,146,6763,2011,,,0.31311300000000003,-0.30891799999999997,MNP,400251
11509151,146,6763,2012,,,0.6209600000000001,-0.14613800000000002,MNP,400251
11509152,146,6763,2013,,,0.596753,-0.118522,MNP,400251
11509153,146,6763,2014,,,1.1877790000000001,-0.300664,MNP,400251
11509154,146,6763,2015,,,0.690384,-0.5730529999999999,MNP,400251
11509155,146,6763,2016,,,0.867833,-0.68889,MNP,400251
11509156,146,6763,2017,,,1.1599540000000002,-0.561265,MNP,400251
11509157,146,6763,2018,,,1.013685,-0.56789,MNP,400251
11509158,146,6763,2019,,,0.9892219999999999,-0.5955520000000001,MNP,400251
11509159,146,6763,2020,,,0.067797,-0.7922859999999999,MNP,400251
11509160,147,6763,1995,,,-1.031627,-1.02484,MOZ,400251
11509161,147,6763,1996,,,-1.331264,-1.1260270000000001,MOZ,400251
11509162,147,6763,1997,,,-0.8600620000000001,-0.9672270000000001,MOZ,400251
11509163,147,6763,1998,,,-0.6813279999999999,-0.916391,MOZ,400251
11509164,147,6763,1999,,,-0.35994699999999996,-0.725301,MOZ,400251
11509165,147,6763,2000,,,-0.637021,-0.748197,MOZ,400251
11509166,147,6763,2001,,,-1.2364879999999998,-1.136715,MOZ,400251
11509167,147,6763,2002,0.0,989.0,-0.947259,-1.047883,MOZ,400251
11509168,147,6763,2003,,,-1.188243,-1.123693,MOZ,400251
11509169,147,6763,2004,0.0,4468.0,-1.1010790000000001,-1.0942,MOZ,400251
11509170,147,6763,2005,,,-1.301283,-1.180598,MOZ,400251
11509171,147,6763,2006,,,-1.0250629999999998,-1.067359,MOZ,400251
11509172,147,6763,2007,,,-1.4703110000000001,-1.1915719999999999,MOZ,400251
11509173,147,6763,2008,,,-0.982727,-0.8361219999999999,MOZ,400251
11509174,147,6763,2009,,,-1.0023090000000001,-0.844765,MOZ,400251
11509175,147,6763,2010,,,-1.479855,-1.070518,MOZ,400251
11509176,147,6763,2011,0.0,33755.0,-1.2069299999999998,-0.977785,MOZ,400251
11509177,147,6763,2012,,,-1.400493,-1.1536680000000001,MOZ,400251
11509178,147,6763,2013,,,-1.326323,-1.050969,MOZ,400251
11509179,147,6763,2014,,,-1.1993610000000001,-1.040181,MOZ,400251
11509180,147,6763,2015,,,-1.293809,-1.115069,MOZ,400251
11509181,147,6763,2016,,,-1.333702,-1.116794,MOZ,400251
11509182,147,6763,2017,,,-1.3882290000000002,-1.114475,MOZ,400251
11509183,147,6763,2018,,,-1.380023,-1.027817,MOZ,400251
11509184,147,6763,2019,,,-1.264532,-1.072626,MOZ,400251
11509185,147,6763,2020,,,-1.1186040000000002,-0.974224,MOZ,400251
11509186,148,6763,1995,,,-1.935629,-1.178304,MRT,400251
11509187,148,6763,1996,,,-1.352902,-1.19204,MRT,400251
11509188,148,6763,1997,,,-1.7012040000000002,-1.2302799999999998,MRT,400251
11509189,148,6763,1998,,,-1.177719,-1.199729,MRT,400251
11509190,148,6763,1999,,,-1.198078,-1.229277,MRT,400251
11509191,148,6763,2000,,,-1.461442,-1.230634,MRT,400251
11509192,148,6763,2001,,,-1.187271,-1.240445,MRT,400251
11509193,148,6763,2002,,,-1.27671,-1.218472,MRT,400251
11509194,148,6763,2003,,,-1.069232,-1.184061,MRT,400251
11509195,148,6763,2004,,,-1.6173959999999998,-1.2925719999999998,MRT,400251
11509196,148,6763,2005,,,-1.5391629999999998,-1.260424,MRT,400251
11509197,148,6763,2006,,,-1.72422,-1.2414399999999999,MRT,400251
11509198,148,6763,2007,,,-2.027741,-1.311094,MRT,400251
11509199,148,6763,2008,,,-2.081778,-1.274636,MRT,400251
11509200,148,6763,2009,,,-1.761436,-1.2898479999999999,MRT,400251
11509201,148,6763,2010,,,-2.099882,-1.303977,MRT,400251
11509202,148,6763,2011,,,-1.2593379999999998,-1.1793209999999998,MRT,400251
11509203,148,6763,2012,,,-1.570474,-1.284412,MRT,400251
11509204,148,6763,2013,,,-1.950532,-1.283104,MRT,400251
11509205,148,6763,2014,,,-1.458551,-1.225373,MRT,400251
11509206,148,6763,2015,,,-1.5597450000000002,-1.3209229999999998,MRT,400251
11509207,148,6763,2016,,,-1.542265,-1.318586,MRT,400251
11509208,148,6763,2017,0.0,1660.0,-1.634533,-1.330819,MRT,400251
11509209,148,6763,2018,,,-1.511361,-1.296003,MRT,400251
11509210,148,6763,2019,,,-1.711918,-1.339005,MRT,400251
11509211,148,6763,2020,,,-1.400894,-1.27631,MRT,400251
11509212,149,6763,1995,,,0.197655,-0.6083890000000001,MSR,400251
11509213,149,6763,1996,,,0.659518,-0.540708,MSR,400251
11509214,149,6763,1997,,,0.841025,-0.44752299999999995,MSR,400251
11509215,149,6763,1998,,,1.244182,-0.24840700000000002,MSR,400251
11509216,149,6763,1999,,,1.302936,0.055571,MSR,400251
11509217,149,6763,2000,,,1.168349,-0.18726199999999998,MSR,400251
11509218,149,6763,2001,,,0.796292,-0.431771,MSR,400251
11509219,149,6763,2002,,,1.4188209999999999,-0.087543,MSR,400251
11509220,149,6763,2003,,,0.383768,-0.320867,MSR,400251
11509221,149,6763,2004,,,0.736775,-0.001405,MSR,400251
11509222,149,6763,2005,,,1.266377,-0.112167,MSR,400251
11509223,149,6763,2006,,,1.300664,-0.082954,MSR,400251
11509224,149,6763,2007,,,0.952257,-0.31153800000000004,MSR,400251
11509225,149,6763,2008,,,1.375073,-0.275475,MSR,400251
11509226,149,6763,2009,,,1.163257,-0.332029,MSR,400251
11509227,149,6763,2010,,,1.090694,-0.45702200000000004,MSR,400251
11509228,149,6763,2011,,,1.2888760000000001,-0.207486,MSR,400251
11509229,149,6763,2012,,,1.338854,-0.098053,MSR,400251
11509230,149,6763,2013,,,1.610652,0.079868,MSR,400251
11509231,149,6763,2014,,,0.44890399999999997,-0.46028,MSR,400251
11509232,149,6763,2015,,,1.6649060000000002,-0.49319799999999997,MSR,400251
11509233,149,6763,2016,,,1.538666,-0.46699300000000005,MSR,400251
11509234,149,6763,2017,,,0.71373,-0.672669,MSR,400251
11509235,149,6763,2018,,,0.744527,-0.519904,MSR,400251
11509236,149,6763,2019,,,0.9961530000000001,-0.454477,MSR,400251
11509237,149,6763,2020,,,1.401202,-0.46509399999999995,MSR,400251
11509238,150,6763,1995,,,0.68423,-0.22968200000000003,MTQ,400251
11509239,150,6763,1996,,,,,MTQ,400251
11509240,150,6763,1997,,,,,MTQ,400251
11509241,150,6763,1998,,,,,MTQ,400251
11509242,150,6763,1999,,,,,MTQ,400251
11509243,150,6763,2000,,,,,MTQ,400251
11509244,150,6763,2001,,,,,MTQ,400251
11509245,150,6763,2002,,,,,MTQ,400251
11509246,150,6763,2003,,,,,MTQ,400251
11509247,150,6763,2004,,,,,MTQ,400251
11509248,150,6763,2005,,,,,MTQ,400251
11509249,150,6763,2006,,,,,MTQ,400251
11509250,150,6763,2007,,,,,MTQ,400251
11509251,150,6763,2008,,,,,MTQ,400251
11509252,150,6763,2009,,,,,MTQ,400251
11509253,150,6763,2010,,,,,MTQ,400251
11509254,150,6763,2011,,,,,MTQ,400251
11509255,150,6763,2012,,,,,MTQ,400251
11509256,150,6763,2013,,,,,MTQ,400251
11509257,150,6763,2014,,,,,MTQ,400251
11509258,150,6763,2015,,,,,MTQ,400251
11509259,150,6763,2016,,,,,MTQ,400251
11509260,150,6763,2017,,,,,MTQ,400251
11509261,150,6763,2018,,,,,MTQ,400251
11509262,150,6763,2019,,,,,MTQ,400251
11509263,150,6763,2020,,,,,MTQ,400251
11509264,151,6763,1995,,,-0.432644,-0.574298,MUS,400251
11509265,151,6763,1996,,,-0.538651,-0.746274,MUS,400251
11509266,151,6763,1997,,,-0.49241,-0.695729,MUS,400251
11509267,151,6763,1998,0.0,12705.0,-0.621599,-0.755795,MUS,400251
11509268,151,6763,1999,,,-0.5713729999999999,-0.696416,MUS,400251
11509269,151,6763,2000,,,-0.412313,-0.5704140000000001,MUS,400251
11509270,151,6763,2001,,,-0.410422,-0.5868369999999999,MUS,400251
11509271,151,6763,2002,,,-0.37937600000000005,-0.388848,MUS,400251
11509272,151,6763,2003,,,-0.361514,-0.29839899999999997,MUS,400251
11509273,151,6763,2004,,,-0.374754,-0.288504,MUS,400251
11509274,151,6763,2005,,,-0.24565,-0.091397,MUS,400251
11509275,151,6763,2006,0.0,1318.0,-0.311109,-0.07267,MUS,400251
11509276,151,6763,2007,0.0,4204.0,-0.342957,-0.129114,MUS,400251
11509277,151,6763,2008,,,-0.337563,-0.144226,MUS,400251
11509278,151,6763,2009,0.0,1864.0,-0.198194,0.067014,MUS,400251
11509279,151,6763,2010,,,-0.173542,0.103727,MUS,400251
11509280,151,6763,2011,,,-0.09464600000000001,0.091177,MUS,400251
11509281,151,6763,2012,0.0,42626.0,-0.028582999999999997,0.116882,MUS,400251
11509282,151,6763,2013,0.0,27687.0,-0.158852,0.0061600000000000005,MUS,400251
11509283,151,6763,2014,0.0,15039.0,-0.029891,-0.12431099999999999,MUS,400251
11509284,151,6763,2015,0.0,29770.0,-0.231762,-0.195051,MUS,400251
11509285,151,6763,2016,0.0,7311.0,-0.24309899999999998,-0.084888,MUS,400251
11509286,151,6763,2017,0.0,56569.0,-0.156616,0.073153,MUS,400251
11509287,151,6763,2018,,,-0.128221,0.15049400000000002,MUS,400251
11509288,151,6763,2019,,,-0.15909600000000002,0.034770999999999996,MUS,400251
11509289,151,6763,2020,,,-0.048897,0.11543099999999999,MUS,400251
11509290,152,6763,1995,,,-1.1277709999999999,-1.0603049999999998,MWI,400251
11509291,152,6763,1996,,,-1.332586,-1.115859,MWI,400251
11509292,152,6763,1997,,,-1.24261,-1.1258860000000002,MWI,400251
11509293,152,6763,1998,,,-1.436242,-1.278929,MWI,400251
11509294,152,6763,1999,,,-1.319572,-1.199031,MWI,400251
11509295,152,6763,2000,0.0,1079.0,-1.138855,-1.0394510000000001,MWI,400251
11509296,152,6763,2001,,,-1.388716,-1.116315,MWI,400251
11509297,152,6763,2002,,,-1.441416,-1.214651,MWI,400251
11509298,152,6763,2003,,,-1.48079,-1.235645,MWI,400251
11509299,152,6763,2004,,,-1.592983,-1.252423,MWI,400251
11509300,152,6763,2005,,,-1.4769379999999999,-1.220782,MWI,400251
11509301,152,6763,2006,,,-1.145132,-1.0946209999999998,MWI,400251
11509302,152,6763,2007,,,-1.348692,-1.134002,MWI,400251
11509303,152,6763,2008,,,-1.387548,-1.184696,MWI,400251
11509304,152,6763,2009,,,-1.571672,-1.244864,MWI,400251
11509305,152,6763,2010,,,-0.821839,-0.9153870000000001,MWI,400251
11509306,152,6763,2011,,,-1.100291,-0.982559,MWI,400251
11509307,152,6763,2012,,,-1.210016,-1.172806,MWI,400251
11509308,152,6763,2013,,,-0.8992120000000001,-0.862175,MWI,400251
11509309,152,6763,2014,,,-0.494204,-0.751903,MWI,400251
11509310,152,6763,2015,,,-0.549862,-0.8753190000000001,MWI,400251
11509311,152,6763,2016,,,-1.113794,-1.172385,MWI,400251
11509312,152,6763,2017,,,-0.761995,-0.8897729999999999,MWI,400251
11509313,152,6763,2018,,,-0.7015979999999999,-0.9293680000000001,MWI,400251
11509314,152,6763,2019,,,-1.0178479999999999,-1.1028879999999999,MWI,400251
11509315,152,6763,2020,,,-1.122433,-1.106831,MWI,400251
11509316,153,6763,1995,368964.0,3995168.0,0.357745,0.374284,MYS,400251
11509317,153,6763,1996,200410.0,3401087.0,0.351774,0.347262,MYS,400251
11509318,153,6763,1997,243366.0,4163852.0,0.37340999999999996,0.36853600000000003,MYS,400251
11509319,153,6763,1998,222237.0,17208856.0,0.396826,0.203792,MYS,400251
11509320,153,6763,1999,369762.0,24738675.0,0.500591,0.136149,MYS,400251
11509321,153,6763,2000,178457.0,40283924.0,0.519684,0.170286,MYS,400251
11509322,153,6763,2001,1244241.0,41478639.0,0.768174,0.307033,MYS,400251
11509323,153,6763,2002,757887.0,34222249.0,0.704957,0.243398,MYS,400251
11509324,153,6763,2003,6179459.0,31608668.0,0.728804,0.2168,MYS,400251
11509325,153,6763,2004,11196465.0,32589826.0,0.6710050000000001,0.17807,MYS,400251
11509326,153,6763,2005,17713800.0,41785221.0,0.5847439999999999,0.13176300000000002,MYS,400251
11509327,153,6763,2006,25447652.0,50416542.0,0.7896569999999999,0.363625,MYS,400251
11509328,153,6763,2007,29149970.0,68041132.0,0.740788,0.302155,MYS,400251
11509329,153,6763,2008,27946102.0,100420435.0,0.793395,0.6141939999999999,MYS,400251
11509330,153,6763,2009,24841397.0,70148085.0,0.8718229999999999,0.607429,MYS,400251
11509331,153,6763,2010,67314360.0,135004494.0,0.9530780000000001,0.607456,MYS,400251
11509332,153,6763,2011,84937695.0,312507732.0,0.9893290000000001,0.632079,MYS,400251
11509333,153,6763,2012,94317218.0,368021322.0,0.945643,0.7526510000000001,MYS,400251
11509334,153,6763,2013,86617726.0,355158219.0,0.937641,0.747496,MYS,400251
11509335,153,6763,2014,88390792.0,385295880.0,1.018138,0.774649,MYS,400251
11509336,153,6763,2015,72481448.0,446503595.0,1.082803,0.811615,MYS,400251
11509337,153,6763,2016,84140469.0,460631554.0,1.106894,0.7452840000000001,MYS,400251
11509338,153,6763,2017,94500754.0,628639878.0,1.0110139999999999,0.6840729999999999,MYS,400251
11509339,153,6763,2018,106252665.0,800948627.0,1.122976,0.734109,MYS,400251
11509340,153,6763,2019,94506862.0,788443707.0,1.192967,0.730971,MYS,400251
11509341,153,6763,2020,111020719.0,966042181.0,1.185223,0.573439,MYS,400251
11509342,154,6763,1995,,,,,MYT,400251
11509343,154,6763,1996,,,,,MYT,400251
11509344,154,6763,1997,,,,,MYT,400251
11509345,154,6763,1998,,,,,MYT,400251
11509346,154,6763,1999,,,,,MYT,400251
11509347,154,6763,2000,,,1.167946,-0.33195,MYT,400251
11509348,154,6763,2001,,,1.4633260000000001,-0.114532,MYT,400251
11509349,154,6763,2002,,,0.34587399999999996,-0.537626,MYT,400251
11509350,154,6763,2003,,,0.8645370000000001,-0.101347,MYT,400251
11509351,154,6763,2004,,,1.179671,0.016149,MYT,400251
11509352,154,6763,2005,,,1.428791,0.258694,MYT,400251
11509353,154,6763,2006,,,1.1370049999999998,0.131896,MYT,400251
11509354,154,6763,2007,,,0.9008879999999999,-0.209565,MYT,400251
11509355,154,6763,2008,,,1.085932,-0.176729,MYT,400251
11509356,154,6763,2009,,,1.173729,-0.08655800000000001,MYT,400251
11509357,154,6763,2010,,,1.371744,-0.072045,MYT,400251
11509358,154,6763,2011,,,0.804635,-0.312227,MYT,400251
11509359,154,6763,2012,,,0.828673,-0.422716,MYT,400251
11509360,154,6763,2013,,,0.9851690000000001,-0.504069,MYT,400251
11509361,154,6763,2014,,,,,MYT,400251
11509362,154,6763,2015,,,,,MYT,400251
11509363,154,6763,2016,,,,,MYT,400251
11509364,154,6763,2017,,,,,MYT,400251
11509365,154,6763,2018,,,,,MYT,400251
11509366,154,6763,2019,,,,,MYT,400251
11509367,154,6763,2020,,,,,MYT,400251
11509368,155,6763,1995,,,,,NAM,400251
11509369,155,6763,1996,,,,,NAM,400251
11509370,155,6763,1997,,,,,NAM,400251
11509371,155,6763,1998,,,,,NAM,400251
11509372,155,6763,1999,,,,,NAM,400251
11509373,155,6763,2000,0.0,106685.0,-0.49537,-0.714195,NAM,400251
11509374,155,6763,2001,,,-0.625912,-0.854247,NAM,400251
11509375,155,6763,2002,0.0,5307.0,-0.314161,-0.521778,NAM,400251
11509376,155,6763,2003,,,-0.24004499999999998,-0.39565900000000004,NAM,400251
11509377,155,6763,2004,,,-0.40995299999999996,-0.550272,NAM,400251
11509378,155,6763,2005,,,-0.381972,-0.405269,NAM,400251
11509379,155,6763,2006,,,-0.515361,-0.8027350000000001,NAM,400251
11509380,155,6763,2007,0.0,1707.0,-0.588953,-0.751722,NAM,400251
11509381,155,6763,2008,,,-0.104196,-0.301923,NAM,400251
11509382,155,6763,2009,,,-0.081207,-0.075292,NAM,400251
11509383,155,6763,2010,0.0,3482.0,-0.49860299999999996,-0.6728529999999999,NAM,400251
11509384,155,6763,2011,,,-0.42998400000000003,-0.632233,NAM,400251
11509385,155,6763,2012,,,-0.232079,-0.32721300000000003,NAM,400251
11509386,155,6763,2013,,,-0.308643,-0.480617,NAM,400251
11509387,155,6763,2014,,,-0.428227,-0.5632229999999999,NAM,400251
11509388,155,6763,2015,,,-0.43457399999999996,-0.665655,NAM,400251
11509389,155,6763,2016,0.0,3416.0,-0.6256689999999999,-0.8612219999999999,NAM,400251
11509390,155,6763,2017,,,-0.5221060000000001,-0.7365079999999999,NAM,400251
11509391,155,6763,2018,,,-0.668091,-0.779938,NAM,400251
11509392,155,6763,2019,,,-0.545575,-0.744274,NAM,400251
11509393,155,6763,2020,,,-0.664967,-0.74835,NAM,400251
11509394,156,6763,1995,,,-1.326035,-0.826058,NCL,400251
11509395,156,6763,1996,,,-0.951583,-0.785157,NCL,400251
11509396,156,6763,1997,,,-0.9234049999999999,-0.8851110000000001,NCL,400251
11509397,156,6763,1998,,,-0.846726,-0.879084,NCL,400251
11509398,156,6763,1999,,,-0.079579,-0.777079,NCL,400251
11509399,156,6763,2000,,,0.034618,-0.7699729999999999,NCL,400251
11509400,156,6763,2001,,,-0.837087,-0.9207040000000001,NCL,400251
11509401,156,6763,2002,,,-0.292646,-0.823263,NCL,400251
11509402,156,6763,2003,,,-0.344934,-0.776632,NCL,400251
11509403,156,6763,2004,,,-0.49824700000000005,-0.8284239999999999,NCL,400251
11509404,156,6763,2005,,,0.08313200000000001,-0.691012,NCL,400251
11509405,156,6763,2006,,,-0.135099,-0.7618779999999999,NCL,400251
11509406,156,6763,2007,,,-0.075892,-0.8211430000000001,NCL,400251
11509407,156,6763,2008,,,-0.21304099999999998,-0.8147300000000001,NCL,400251
11509408,156,6763,2009,,,1.323528,0.523435,NCL,400251
11509409,156,6763,2010,,,-0.42193500000000006,-0.8256610000000001,NCL,400251
11509410,156,6763,2011,,,-0.976349,-0.798691,NCL,400251
11509411,156,6763,2012,,,-0.635354,-0.777234,NCL,400251
11509412,156,6763,2013,,,-0.136052,-0.703913,NCL,400251
11509413,156,6763,2014,,,-0.509789,-0.767484,NCL,400251
11509414,156,6763,2015,,,-0.727911,-0.844562,NCL,400251
11509415,156,6763,2016,,,-0.9910389999999999,-0.9463940000000001,NCL,400251
11509416,156,6763,2017,,,-0.38216100000000003,-0.8662549999999999,NCL,400251
11509417,156,6763,2018,0.0,72191.0,-0.49370299999999995,-0.865432,NCL,400251
11509418,156,6763,2019,,,-0.342544,-0.867944,NCL,400251
11509419,156,6763,2020,,,-0.666664,-0.88528,NCL,400251
11509420,157,6763,1995,,,-0.288248,-0.592174,NER,400251
11509421,157,6763,1996,13382.0,0.0,-0.594771,-0.643008,NER,400251
11509422,157,6763,1997,,,-0.322358,-0.63647,NER,400251
11509423,157,6763,1998,,,-0.373314,-0.592306,NER,400251
11509424,157,6763,1999,,,-0.539842,-0.762977,NER,400251
11509425,157,6763,2000,,,-0.7289680000000001,-0.6210100000000001,NER,400251
11509426,157,6763,2001,,,-0.22368600000000002,-0.464156,NER,400251
11509427,157,6763,2002,,,-0.344562,-0.304996,NER,400251
11509428,157,6763,2003,,,-0.199296,-0.578264,NER,400251
11509429,157,6763,2004,,,-0.8203799999999999,-0.7488,NER,400251
11509430,157,6763,2005,,,-0.32664299999999996,-0.619282,NER,400251
11509431,157,6763,2006,,,-0.554188,-0.708255,NER,400251
11509432,157,6763,2007,,,-0.287155,-0.577325,NER,400251
11509433,157,6763,2008,,,-0.677687,-0.75195,NER,400251
11509434,157,6763,2009,,,-1.306036,-0.956361,NER,400251
11509435,157,6763,2010,,,-0.829902,-0.826152,NER,400251
11509436,157,6763,2011,,,-0.85208,-0.731996,NER,400251
11509437,157,6763,2012,,,-1.165676,-1.099113,NER,400251
11509438,157,6763,2013,,,-1.268738,-0.942256,NER,400251
11509439,157,6763,2014,,,-0.7187,-0.80918,NER,400251
11509440,157,6763,2015,,,-1.517292,-1.033891,NER,400251
11509441,157,6763,2016,,,-0.973057,-0.953672,NER,400251
11509442,157,6763,2017,,,-1.250156,-0.995524,NER,400251
11509443,157,6763,2018,,,-0.633115,-0.839564,NER,400251
11509444,157,6763,2019,,,-0.345047,-0.792769,NER,400251
11509445,157,6763,2020,,,-0.62888,-0.841089,NER,400251
11509446,158,6763,1995,,,0.948257,-0.678177,NFK,400251
11509447,158,6763,1996,,,1.297072,-0.45753299999999997,NFK,400251
11509448,158,6763,1997,,,1.619319,-0.457125,NFK,400251
11509449,158,6763,1998,,,1.6548900000000002,-0.5112909999999999,NFK,400251
11509450,158,6763,1999,,,1.1976440000000002,-0.623572,NFK,400251
11509451,158,6763,2000,,,1.0535700000000001,-0.666038,NFK,400251
11509452,158,6763,2001,,,2.1737040000000003,-0.5512100000000001,NFK,400251
11509453,158,6763,2002,,,1.214412,-0.5921069999999999,NFK,400251
11509454,158,6763,2003,,,1.017142,-0.5294270000000001,NFK,400251
11509455,158,6763,2004,,,0.664846,-0.649984,NFK,400251
11509456,158,6763,2005,,,0.695512,-0.657586,NFK,400251
11509457,158,6763,2006,,,1.120544,-0.538618,NFK,400251
11509458,158,6763,2007,,,0.775683,-0.48603599999999997,NFK,400251
11509459,158,6763,2008,,,1.292582,-0.234738,NFK,400251
11509460,158,6763,2009,,,1.412664,-0.299607,NFK,400251
11509461,158,6763,2010,,,1.059751,-0.570033,NFK,400251
11509462,158,6763,2011,,,1.0037200000000002,-0.348081,NFK,400251
11509463,158,6763,2012,,,1.212201,-0.237969,NFK,400251
11509464,158,6763,2013,,,1.418466,-0.181551,NFK,400251
11509465,158,6763,2014,,,1.384862,-0.391489,NFK,400251
11509466,158,6763,2015,,,1.33274,-0.37342600000000004,NFK,400251
11509467,158,6763,2016,,,1.0897629999999998,-0.539247,NFK,400251
11509468,158,6763,2017,,,1.358179,-0.37159699999999996,NFK,400251
11509469,158,6763,2018,,,1.4067209999999999,-0.487275,NFK,400251
11509470,158,6763,2019,,,0.92635,-0.31332,NFK,400251
11509471,158,6763,2020,,,1.107522,-0.477454,NFK,400251
11509472,159,6763,1995,0.0,84488.0,-2.108206,-1.2017520000000002,NGA,400251
11509473,159,6763,1996,0.0,7044.0,-1.813359,-1.1967,NGA,400251
11509474,159,6763,1997,0.0,36159.0,-1.615102,-1.129541,NGA,400251
11509475,159,6763,1998,,,-1.484229,-1.144092,NGA,400251
11509476,159,6763,1999,0.0,22088.0,-1.9312080000000003,-1.279733,NGA,400251
11509477,159,6763,2000,64462.0,18281.0,-2.164663,-1.257723,NGA,400251
11509478,159,6763,2001,,,-1.966439,-1.2724520000000001,NGA,400251
11509479,159,6763,2002,,,-1.8315700000000001,-1.25171,NGA,400251
11509480,159,6763,2003,0.0,74002.0,-1.859176,-1.234236,NGA,400251
11509481,159,6763,2004,,,-2.413432,-1.3033190000000001,NGA,400251
11509482,159,6763,2005,0.0,31802.0,-2.359834,-1.2772219999999999,NGA,400251
11509483,159,6763,2006,0.0,10977.0,-2.094353,-1.215025,NGA,400251
11509484,159,6763,2007,,,-1.746879,-1.20823,NGA,400251
11509485,159,6763,2008,,,-1.9809139999999998,-1.189201,NGA,400251
11509486,159,6763,2009,0.0,25786.0,-1.584051,-1.156247,NGA,400251
11509487,159,6763,2010,0.0,1197690.0,-1.887084,-1.2280229999999999,NGA,400251
11509488,159,6763,2011,,,-1.699286,-1.15511,NGA,400251
11509489,159,6763,2012,,,-1.760488,-1.201048,NGA,400251
11509490,159,6763,2013,,,-1.745783,-1.1356680000000001,NGA,400251
11509491,159,6763,2014,,,-1.2126430000000001,-1.059697,NGA,400251
11509492,159,6763,2015,0.0,36414.0,-1.415451,-1.157829,NGA,400251
11509493,159,6763,2016,0.0,1131.0,-1.835357,-1.286597,NGA,400251
11509494,159,6763,2017,0.0,44621.0,-1.8260919999999998,-1.276591,NGA,400251
11509495,159,6763,2018,0.0,22768.0,-1.8238,-1.259938,NGA,400251
11509496,159,6763,2019,0.0,66098.0,-1.7383970000000002,-1.220333,NGA,400251
11509497,159,6763,2020,,,-1.6399299999999999,-1.19536,NGA,400251
11509498,160,6763,1995,,,-0.395096,-0.559934,NIC,400251
11509499,160,6763,1996,,,-0.767799,-0.737816,NIC,400251
11509500,160,6763,1997,,,-0.8090109999999999,-0.783853,NIC,400251
11509501,160,6763,1998,,,-0.8012199999999999,-0.749159,NIC,400251
11509502,160,6763,1999,,,-0.677654,-0.72253,NIC,400251
11509503,160,6763,2000,,,-0.8339270000000001,-0.6658689999999999,NIC,400251
11509504,160,6763,2001,,,-0.8917430000000001,-0.713179,NIC,400251
11509505,160,6763,2002,,,-0.677398,-0.564472,NIC,400251
11509506,160,6763,2003,,,-0.8661459999999999,-0.8661690000000001,NIC,400251
11509507,160,6763,2004,,,-0.9789479999999999,-0.8374219999999999,NIC,400251
11509508,160,6763,2005,,,-1.038332,-0.922797,NIC,400251
11509509,160,6763,2006,,,-0.998825,-0.893867,NIC,400251
11509510,160,6763,2007,,,-0.924162,-0.857508,NIC,400251
11509511,160,6763,2008,,,-0.869193,-0.676623,NIC,400251
11509512,160,6763,2009,,,-0.924057,-0.809557,NIC,400251
11509513,160,6763,2010,0.0,34744.0,-0.9387409999999999,-0.8119569999999999,NIC,400251
11509514,160,6763,2011,,,-0.9592139999999999,-0.796108,NIC,400251
11509515,160,6763,2012,,,-0.754724,-0.668629,NIC,400251
11509516,160,6763,2013,0.0,5385.0,-0.9277,-0.6842630000000001,NIC,400251
11509517,160,6763,2014,,,-0.938269,-0.839066,NIC,400251
11509518,160,6763,2015,,,-1.102989,-0.952276,NIC,400251
11509519,160,6763,2016,,,-1.0387389999999999,-0.998977,NIC,400251
11509520,160,6763,2017,,,-1.0502280000000002,-0.8817719999999999,NIC,400251
11509521,160,6763,2018,,,-0.887282,-0.827008,NIC,400251
11509522,160,6763,2019,,,-1.058553,-0.854482,NIC,400251
11509523,160,6763,2020,,,-0.9128809999999999,-0.746636,NIC,400251
11509524,161,6763,1995,,,0.8622989999999999,-0.461028,NIU,400251
11509525,161,6763,1996,,,0.934731,-0.41833100000000006,NIU,400251
11509526,161,6763,1997,,,0.588501,-0.655092,NIU,400251
11509527,161,6763,1998,,,-0.123806,-0.770129,NIU,400251
11509528,161,6763,1999,,,0.18219100000000002,-0.6904239999999999,NIU,400251
11509529,161,6763,2000,,,0.905705,-0.29473299999999997,NIU,400251
11509530,161,6763,2001,,,0.8420120000000001,-0.40183,NIU,400251
11509531,161,6763,2002,,,0.5417350000000001,-0.645461,NIU,400251
11509532,161,6763,2003,,,0.746075,-0.557872,NIU,400251
11509533,161,6763,2004,,,1.150507,-0.508379,NIU,400251
11509534,161,6763,2005,,,0.745304,-0.538337,NIU,400251
11509535,161,6763,2006,,,1.172511,-0.21281799999999998,NIU,400251
11509536,161,6763,2007,,,0.8204540000000001,-0.403953,NIU,400251
11509537,161,6763,2008,,,1.290661,-0.060131,NIU,400251
11509538,161,6763,2009,,,1.305372,0.063123,NIU,400251
11509539,161,6763,2010,,,1.2255610000000001,-0.687604,NIU,400251
11509540,161,6763,2011,,,1.469768,0.034852999999999995,NIU,400251
11509541,161,6763,2012,,,1.176703,-0.127122,NIU,400251
11509542,161,6763,2013,,,1.901559,-0.039522,NIU,400251
11509543,161,6763,2014,,,1.624556,0.065342,NIU,400251
11509544,161,6763,2015,,,1.7121400000000002,-0.072287,NIU,400251
11509545,161,6763,2016,,,1.666675,-0.198755,NIU,400251
11509546,161,6763,2017,,,0.436779,-0.758359,NIU,400251
11509547,161,6763,2018,,,0.9669469999999999,-0.851692,NIU,400251
11509548,161,6763,2019,,,1.3109819999999999,-0.730798,NIU,400251
11509549,161,6763,2020,,,-0.028386,-0.8818799999999999,NIU,400251
11509550,162,6763,1995,2442220.0,610636.0,1.304391,1.8819119999999998,NLD,400251
11509551,162,6763,1996,1804536.0,580394.0,1.256625,1.803132,NLD,400251
11509552,162,6763,1997,1943815.0,405184.0,1.267794,1.727888,NLD,400251
11509553,162,6763,1998,1831820.0,365465.0,1.248469,1.683182,NLD,400251
11509554,162,6763,1999,82494.0,853668.0,1.308776,1.574293,NLD,400251
11509555,162,6763,2000,60962.0,327643.0,1.283291,1.58901,NLD,400251
11509556,162,6763,2001,116219.0,287643.0,1.315685,1.590935,NLD,400251
11509557,162,6763,2002,114937.0,474783.0,1.206176,1.7136360000000002,NLD,400251
11509558,162,6763,2003,88174.0,507572.0,1.168453,1.7085709999999998,NLD,400251
11509559,162,6763,2004,1201264.0,1103790.0,1.251808,1.586526,NLD,400251
11509560,162,6763,2005,2363752.0,719374.0,1.143533,1.614774,NLD,400251
11509561,162,6763,2006,973747.0,340814.0,1.192134,1.450852,NLD,400251
11509562,162,6763,2007,2432181.0,304071.0,1.089169,1.589641,NLD,400251
11509563,162,6763,2008,967857.0,1248614.0,1.139475,1.385316,NLD,400251
11509564,162,6763,2009,684898.0,397600.0,1.1914850000000001,1.3076780000000001,NLD,400251
11509565,162,6763,2010,2058887.0,1887639.0,1.237998,1.1891209999999999,NLD,400251
11509566,162,6763,2011,2314328.0,2172567.0,1.1655229999999999,1.410167,NLD,400251
11509567,162,6763,2012,2241240.0,1964683.0,1.124582,1.374002,NLD,400251
11509568,162,6763,2013,3189820.0,2766102.0,1.184107,1.249557,NLD,400251
11509569,162,6763,2014,2858390.0,2240797.0,1.179325,1.355071,NLD,400251
11509570,162,6763,2015,2528486.0,2214069.0,1.230104,1.27344,NLD,400251
11509571,162,6763,2016,2137988.0,1001741.0,1.157361,1.5188540000000001,NLD,400251
11509572,162,6763,2017,1470523.0,630994.0,1.146959,1.470869,NLD,400251
11509573,162,6763,2018,178886.0,884777.0,1.1478899999999999,1.454758,NLD,400251
11509574,162,6763,2019,55373.0,1845635.0,1.145044,1.3523530000000001,NLD,400251
11509575,162,6763,2020,103268.0,342274.0,1.035951,1.559401,NLD,400251
11509576,163,6763,1995,0.0,10247.0,1.019741,0.394241,NOR,400251
11509577,163,6763,1996,0.0,4098.0,1.204869,0.303062,NOR,400251
11509578,163,6763,1997,,,1.003945,0.188826,NOR,400251
11509579,163,6763,1998,,,1.1660190000000001,0.43901899999999994,NOR,400251
11509580,163,6763,1999,0.0,7708.0,1.1012959999999998,0.240184,NOR,400251
11509581,163,6763,2000,0.0,17512.0,0.988346,0.046556,NOR,400251
11509582,163,6763,2001,0.0,35250.0,0.974814,0.06512000000000001,NOR,400251
11509583,163,6763,2002,0.0,11406.0,1.110882,0.17164100000000002,NOR,400251
11509584,163,6763,2003,0.0,24533.0,1.1500620000000001,0.258554,NOR,400251
11509585,163,6763,2004,0.0,27051.0,1.10162,0.118709,NOR,400251
11509586,163,6763,2005,0.0,5825.0,1.0581530000000001,0.038369,NOR,400251
11509587,163,6763,2006,13954.0,28193.0,1.0787930000000001,0.014051,NOR,400251
11509588,163,6763,2007,1344.0,8474.0,0.9829100000000001,0.100995,NOR,400251
11509589,163,6763,2008,0.0,10764.0,0.911428,-0.019318000000000002,NOR,400251
11509590,163,6763,2009,0.0,9505.0,0.865455,0.082808,NOR,400251
11509591,163,6763,2010,,,0.865676,0.138757,NOR,400251
11509592,163,6763,2011,0.0,4257.0,0.8492770000000001,0.050044,NOR,400251
11509593,163,6763,2012,0.0,9836.0,0.8613049999999999,0.12626800000000002,NOR,400251
11509594,163,6763,2013,0.0,101379.0,0.892099,0.18168399999999998,NOR,400251
11509595,163,6763,2014,0.0,108197.0,0.9187049999999999,0.182685,NOR,400251
11509596,163,6763,2015,0.0,79860.0,0.950708,0.314339,NOR,400251
11509597,163,6763,2016,0.0,105901.0,0.89891,0.297673,NOR,400251
11509598,163,6763,2017,0.0,97386.0,0.73658,0.11450199999999999,NOR,400251
11509599,163,6763,2018,2828.0,162357.0,0.681639,0.021762,NOR,400251
11509600,163,6763,2019,0.0,240244.0,0.6957300000000001,0.181607,NOR,400251
11509601,163,6763,2020,2435.0,406318.0,0.793459,0.369766,NOR,400251
11509602,164,6763,1995,,,-0.779984,-0.7621479999999999,NPL,400251
11509603,164,6763,1996,,,-0.7390100000000001,-0.647903,NPL,400251
11509604,164,6763,1997,,,-0.559546,-0.358545,NPL,400251
11509605,164,6763,1998,0.0,4252.0,-0.634124,-0.279031,NPL,400251
11509606,164,6763,1999,,,-0.421433,0.24781799999999998,NPL,400251
11509607,164,6763,2000,0.0,15635.0,-0.395304,0.104966,NPL,400251
11509608,164,6763,2001,,,-0.483749,-0.008754999999999999,NPL,400251
11509609,164,6763,2002,,,-0.216428,0.44377700000000003,NPL,400251
11509610,164,6763,2003,0.0,5700.0,-0.26353899999999997,1.351717,NPL,400251
11509611,164,6763,2004,,,-0.323954,0.5528,NPL,400251
11509612,164,6763,2005,,,-0.347515,0.630102,NPL,400251
11509613,164,6763,2006,0.0,20898.0,-0.29672600000000005,0.665077,NPL,400251
11509614,164,6763,2007,,,-0.274255,0.513961,NPL,400251
11509615,164,6763,2008,0.0,5957.0,-0.130718,0.59102,NPL,400251
11509616,164,6763,2009,0.0,10715.0,-0.324434,1.076908,NPL,400251
11509617,164,6763,2010,,,-0.23753400000000002,0.7957390000000001,NPL,400251
11509618,164,6763,2011,0.0,1057.0,-0.242299,0.801966,NPL,400251
11509619,164,6763,2012,0.0,3990.0,-0.146732,0.7988310000000001,NPL,400251
11509620,164,6763,2013,0.0,22955.0,-0.293669,0.677365,NPL,400251
11509621,164,6763,2014,0.0,4086.0,-0.11988199999999999,0.655883,NPL,400251
11509622,164,6763,2015,0.0,1378.0,-0.290416,0.456716,NPL,400251
11509623,164,6763,2016,0.0,1658.0,-0.37595500000000004,0.475239,NPL,400251
11509624,164,6763,2017,,,-0.319681,0.5788220000000001,NPL,400251
11509625,164,6763,2018,0.0,3438.0,-0.252837,0.999258,NPL,400251
11509626,164,6763,2019,,,-0.23868000000000003,0.42732299999999995,NPL,400251
11509627,164,6763,2020,,,-0.22803299999999999,0.25111,NPL,400251
11509628,165,6763,1995,,,0.9604870000000001,-0.513994,NRU,400251
11509629,165,6763,1996,,,1.24021,-0.442279,NRU,400251
11509630,165,6763,1997,,,1.1610610000000001,-0.485941,NRU,400251
11509631,165,6763,1998,,,0.7830060000000001,-0.49654,NRU,400251
11509632,165,6763,1999,,,0.400977,-0.643049,NRU,400251
11509633,165,6763,2000,,,1.1900190000000002,-0.449799,NRU,400251
11509634,165,6763,2001,,,1.164324,-0.11804200000000001,NRU,400251
11509635,165,6763,2002,,,0.8975049999999999,-0.494882,NRU,400251
11509636,165,6763,2003,,,0.6127199999999999,-0.304759,NRU,400251
11509637,165,6763,2004,,,1.37799,-0.36241599999999996,NRU,400251
11509638,165,6763,2005,,,1.335741,-0.071855,NRU,400251
11509639,165,6763,2006,,,1.092365,-0.03394,NRU,400251
11509640,165,6763,2007,,,0.919574,-0.327637,NRU,400251
11509641,165,6763,2008,,,0.538959,-0.74048,NRU,400251
11509642,165,6763,2009,,,0.721114,-0.581005,NRU,400251
11509643,165,6763,2010,,,0.350571,-0.732316,NRU,400251
11509644,165,6763,2011,,,0.548569,-0.513296,NRU,400251
11509645,165,6763,2012,,,0.6183569999999999,-0.575687,NRU,400251
11509646,165,6763,2013,,,0.8494780000000001,-0.587259,NRU,400251
11509647,165,6763,2014,,,1.215503,-0.37847,NRU,400251
11509648,165,6763,2015,,,1.27283,-0.30019,NRU,400251
11509649,165,6763,2016,,,0.661876,-0.355951,NRU,400251
11509650,165,6763,2017,,,0.963425,-0.06901499999999999,NRU,400251
11509651,165,6763,2018,,,0.8769610000000001,-0.095779,NRU,400251
11509652,165,6763,2019,,,0.726887,-0.407936,NRU,400251
11509653,165,6763,2020,,,1.062876,-0.723853,NRU,400251
11509654,166,6763,1995,0.0,669357.0,0.5558270000000001,0.773271,NZL,400251
11509655,166,6763,1996,0.0,389764.0,0.49466099999999996,0.8302879999999999,NZL,400251
11509656,166,6763,1997,0.0,129313.0,0.557545,0.731294,NZL,400251
11509657,166,6763,1998,0.0,127284.0,0.5690529999999999,0.7752060000000001,NZL,400251
11509658,166,6763,1999,0.0,310895.0,0.592051,0.780176,NZL,400251
11509659,166,6763,2000,0.0,16609.0,0.552858,0.8281129999999999,NZL,400251
11509660,166,6763,2001,0.0,47356.0,0.521409,0.683134,NZL,400251
11509661,166,6763,2002,0.0,10878.0,0.542585,0.854243,NZL,400251
11509662,166,6763,2003,0.0,23778.0,0.589619,0.997301,NZL,400251
11509663,166,6763,2004,0.0,20855.0,0.567392,0.965781,NZL,400251
11509664,166,6763,2005,0.0,12180.0,0.623822,0.825528,NZL,400251
11509665,166,6763,2006,0.0,23280.0,0.5371,0.8240209999999999,NZL,400251
11509666,166,6763,2007,0.0,1638.0,0.495938,0.845825,NZL,400251
11509667,166,6763,2008,0.0,12853.0,0.513416,0.753058,NZL,400251
11509668,166,6763,2009,0.0,27662.0,0.38301999999999997,0.720644,NZL,400251
11509669,166,6763,2010,0.0,6011.0,0.36828299999999997,0.574574,NZL,400251
11509670,166,6763,2011,0.0,7848.0,0.372732,0.548601,NZL,400251
11509671,166,6763,2012,0.0,55838.0,0.410575,0.714584,NZL,400251
11509672,166,6763,2013,0.0,9303.0,0.3345,0.39063000000000003,NZL,400251
11509673,166,6763,2014,0.0,2860.0,0.272502,0.21628699999999998,NZL,400251
11509674,166,6763,2015,0.0,14282.0,0.224598,0.253179,NZL,400251
11509675,166,6763,2016,,,0.236556,0.252918,NZL,400251
11509676,166,6763,2017,0.0,2975.0,0.25651199999999996,0.132996,NZL,400251
11509677,166,6763,2018,0.0,9109.0,0.21902600000000003,0.148714,NZL,400251
11509678,166,6763,2019,0.0,14939.0,0.119281,0.039036,NZL,400251
11509679,166,6763,2020,0.0,1933.0,0.145567,0.070121,NZL,400251
11509680,167,6763,1995,0.0,6428.0,-0.328853,-0.946069,OMN,400251
11509681,167,6763,1996,,,-0.10243499999999998,-0.8425879999999999,OMN,400251
11509682,167,6763,1997,,,-0.335834,-0.945859,OMN,400251
11509683,167,6763,1998,,,-0.38848499999999997,-0.898559,OMN,400251
11509684,167,6763,1999,,,-0.6801510000000001,-1.146403,OMN,400251
11509685,167,6763,2000,,,-1.0104549999999999,-1.185999,OMN,400251
11509686,167,6763,2001,,,-0.909329,-1.189698,OMN,400251
11509687,167,6763,2002,,,-1.238769,-1.225841,OMN,400251
11509688,167,6763,2003,,,-1.434873,-1.188123,OMN,400251
11509689,167,6763,2004,,,-0.62946,-1.108933,OMN,400251
11509690,167,6763,2005,,,-0.384571,-1.068743,OMN,400251
11509691,167,6763,2006,0.0,1256.0,-0.6373989999999999,-1.092554,OMN,400251
11509692,167,6763,2007,,,-0.5185310000000001,-1.071832,OMN,400251
11509693,167,6763,2008,,,-0.635199,-1.027136,OMN,400251
11509694,167,6763,2009,0.0,12001.0,-0.691918,-1.015434,OMN,400251
11509695,167,6763,2010,0.0,3472.0,-0.487612,-0.9551379999999999,OMN,400251
11509696,167,6763,2011,,,-0.473703,-0.952491,OMN,400251
11509697,167,6763,2012,,,-0.869576,-1.1086850000000001,OMN,400251
11509698,167,6763,2013,,,-0.604175,-1.0463209999999998,OMN,400251
11509699,167,6763,2014,0.0,12759.0,-0.505129,-1.0051370000000002,OMN,400251
11509700,167,6763,2015,,,-0.4699,-1.00451,OMN,400251
11509701,167,6763,2016,0.0,2360.0,-0.334782,-0.9107190000000001,OMN,400251
11509702,167,6763,2017,0.0,17049.0,-0.347684,-0.884569,OMN,400251
11509703,167,6763,2018,,,-0.548048,-0.9972989999999999,OMN,400251
11509704,167,6763,2019,,,-0.40120100000000003,-0.881602,OMN,400251
11509705,167,6763,2020,,,-0.251371,-0.8775299999999999,OMN,400251
11509706,168,6763,1995,0.0,460222.0,-0.707965,-0.324784,PAK,400251
11509707,168,6763,1996,0.0,410828.0,-0.7543300000000001,-0.393654,PAK,400251
11509708,168,6763,1997,0.0,846617.0,-0.882432,-0.563344,PAK,400251
11509709,168,6763,1998,0.0,815641.0,-0.9008149999999999,-0.448942,PAK,400251
11509710,168,6763,1999,0.0,763932.0,-1.047891,-0.525612,PAK,400251
11509711,168,6763,2000,0.0,972796.0,-0.851295,-0.370618,PAK,400251
11509712,168,6763,2001,0.0,592545.0,-0.8376520000000001,-0.378743,PAK,400251
11509713,168,6763,2002,0.0,1288500.0,-0.877655,-0.322094,PAK,400251
11509714,168,6763,2003,0.0,1460540.0,-0.6659689999999999,0.137924,PAK,400251
11509715,168,6763,2004,0.0,1659289.0,-0.754143,0.25995100000000004,PAK,400251
11509716,168,6763,2005,8439.0,2057126.0,-0.592542,0.365501,PAK,400251
11509717,168,6763,2006,2120.0,708297.0,-0.449333,0.563013,PAK,400251
11509718,168,6763,2007,0.0,899439.0,-0.5594359999999999,0.47369300000000003,PAK,400251
11509719,168,6763,2008,0.0,3722454.0,-0.401588,0.500668,PAK,400251
11509720,168,6763,2009,0.0,908539.0,-0.514907,0.44733100000000003,PAK,400251
11509721,168,6763,2010,0.0,2518757.0,-0.692071,0.5409010000000001,PAK,400251
11509722,168,6763,2011,21448.0,2138615.0,-0.729677,0.6026729999999999,PAK,400251
11509723,168,6763,2012,0.0,1898388.0,-0.633706,0.658617,PAK,400251
11509724,168,6763,2013,412096.0,1123329.0,-0.75727,0.769703,PAK,400251
11509725,168,6763,2014,30737.0,1162834.0,-0.672924,0.566787,PAK,400251
11509726,168,6763,2015,0.0,945265.0,-0.7059979999999999,0.73501,PAK,400251
11509727,168,6763,2016,0.0,389400.0,-0.7502800000000001,0.545331,PAK,400251
11509728,168,6763,2017,0.0,683222.0,-0.698561,0.43523500000000004,PAK,400251
11509729,168,6763,2018,0.0,1074407.0,-0.64348,0.665045,PAK,400251
11509730,168,6763,2019,2799.0,1112468.0,-0.6909270000000001,0.8651120000000001,PAK,400251
11509731,168,6763,2020,0.0,1018293.0,-0.52984,0.63654,PAK,400251
11509732,169,6763,1995,,,-0.019815,0.050906,PAN,400251
11509733,169,6763,1996,,,-0.100537,-0.374129,PAN,400251
11509734,169,6763,1997,,,-0.028676999999999998,0.00023999999999999998,PAN,400251
11509735,169,6763,1998,,,0.010123,0.5677949999999999,PAN,400251
11509736,169,6763,1999,0.0,95935.0,0.126144,0.491986,PAN,400251
11509737,169,6763,2000,,,0.2095,0.525942,PAN,400251
11509738,169,6763,2001,,,0.17588199999999998,0.422505,PAN,400251
11509739,169,6763,2002,,,0.134759,0.234258,PAN,400251
11509740,169,6763,2003,,,-0.050386,-0.039619999999999995,PAN,400251
11509741,169,6763,2004,0.0,2316.0,-0.011979,0.261315,PAN,400251
11509742,169,6763,2005,,,-0.166943,0.212196,PAN,400251
11509743,169,6763,2006,0.0,3028.0,0.306664,0.638533,PAN,400251
11509744,169,6763,2007,,,0.36233899999999997,0.807669,PAN,400251
11509745,169,6763,2008,0.0,15642.0,0.470854,0.960075,PAN,400251
11509746,169,6763,2009,,,0.629137,0.5894010000000001,PAN,400251
11509747,169,6763,2010,0.0,3688.0,0.617867,0.903432,PAN,400251
11509748,169,6763,2011,2549.0,0.0,0.786135,1.061008,PAN,400251
11509749,169,6763,2012,5251.0,15234.0,0.901366,1.245179,PAN,400251
11509750,169,6763,2013,,,0.735637,1.161718,PAN,400251
11509751,169,6763,2014,3709.0,6272.0,0.771742,0.9873190000000001,PAN,400251
11509752,169,6763,2015,0.0,14423.0,0.642058,0.833392,PAN,400251
11509753,169,6763,2016,,,0.58773,0.654145,PAN,400251
11509754,169,6763,2017,,,0.5520109999999999,0.788181,PAN,400251
11509755,169,6763,2018,,,0.104326,-0.11611800000000001,PAN,400251
11509756,169,6763,2019,,,0.00926,-0.308483,PAN,400251
11509757,169,6763,2020,0.0,62656.0,0.590821,0.786784,PAN,400251
11509758,170,6763,1995,,,,,PCI,400251
11509759,170,6763,1996,,,,,PCI,400251
11509760,170,6763,1997,,,,,PCI,400251
11509761,170,6763,1998,,,,,PCI,400251
11509762,170,6763,1999,,,,,PCI,400251
11509763,170,6763,2000,,,,,PCI,400251
11509764,170,6763,2001,,,,,PCI,400251
11509765,170,6763,2002,,,,,PCI,400251
11509766,170,6763,2003,,,,,PCI,400251
11509767,170,6763,2004,,,,,PCI,400251
11509768,170,6763,2005,,,,,PCI,400251
11509769,170,6763,2006,,,,,PCI,400251
11509770,170,6763,2007,,,,,PCI,400251
11509771,170,6763,2008,,,,,PCI,400251
11509772,170,6763,2009,,,,,PCI,400251
11509773,170,6763,2010,,,,,PCI,400251
11509774,170,6763,2011,,,,,PCI,400251
11509775,170,6763,2012,,,,,PCI,400251
11509776,170,6763,2013,,,,,PCI,400251
11509777,170,6763,2014,,,,,PCI,400251
11509778,170,6763,2015,,,,,PCI,400251
11509779,170,6763,2016,,,,,PCI,400251
11509780,170,6763,2017,,,,,PCI,400251
11509781,170,6763,2018,,,,,PCI,400251
11509782,170,6763,2019,,,,,PCI,400251
11509783,170,6763,2020,,,,,PCI,400251
11509784,171,6763,1995,,,0.8489540000000001,-0.613367,PCN,400251
11509785,171,6763,1996,,,-0.660984,-0.738887,PCN,400251
11509786,171,6763,1997,,,0.445329,-0.657316,PCN,400251
11509787,171,6763,1998,,,0.015778,-0.7873220000000001,PCN,400251
11509788,171,6763,1999,,,0.872001,-0.7028310000000001,PCN,400251
11509789,171,6763,2000,,,0.105297,-0.687272,PCN,400251
11509790,171,6763,2001,,,0.108918,-0.732035,PCN,400251
11509791,171,6763,2002,,,0.561805,-0.522701,PCN,400251
11509792,171,6763,2003,,,0.510894,-0.473526,PCN,400251
11509793,171,6763,2004,,,0.462645,-0.671204,PCN,400251
11509794,171,6763,2005,,,0.8136760000000001,-0.553076,PCN,400251
11509795,171,6763,2006,,,-0.305812,-0.816541,PCN,400251
11509796,171,6763,2007,,,0.391111,-0.626695,PCN,400251
11509797,171,6763,2008,,,0.7325659999999999,-0.50798,PCN,400251
11509798,171,6763,2009,,,0.779567,-0.458002,PCN,400251
11509799,171,6763,2010,,,0.18265499999999998,-0.6658,PCN,400251
11509800,171,6763,2011,,,1.28213,0.215827,PCN,400251
11509801,171,6763,2012,,,1.612844,0.40525100000000003,PCN,400251
11509802,171,6763,2013,,,0.8076770000000001,-0.494516,PCN,400251
11509803,171,6763,2014,,,0.98311,-0.45960100000000004,PCN,400251
11509804,171,6763,2015,,,0.114469,-0.7910729999999999,PCN,400251
11509805,171,6763,2016,,,0.7749689999999999,-0.702357,PCN,400251
11509806,171,6763,2017,,,0.517021,-0.688823,PCN,400251
11509807,171,6763,2018,,,0.963227,-0.5059859999999999,PCN,400251
11509808,171,6763,2019,,,0.42944,-0.6689579999999999,PCN,400251
11509809,171,6763,2020,,,0.35777,-0.6678970000000001,PCN,400251
11509810,172,6763,1995,,,,,PCZ,400251
11509811,172,6763,1996,,,,,PCZ,400251
11509812,172,6763,1997,,,,,PCZ,400251
11509813,172,6763,1998,,,,,PCZ,400251
11509814,172,6763,1999,,,,,PCZ,400251
11509815,172,6763,2000,,,,,PCZ,400251
11509816,172,6763,2001,,,,,PCZ,400251
11509817,172,6763,2002,,,,,PCZ,400251
11509818,172,6763,2003,,,,,PCZ,400251
11509819,172,6763,2004,,,,,PCZ,400251
11509820,172,6763,2005,,,,,PCZ,400251
11509821,172,6763,2006,,,,,PCZ,400251
11509822,172,6763,2007,,,,,PCZ,400251
11509823,172,6763,2008,,,,,PCZ,400251
11509824,172,6763,2009,,,,,PCZ,400251
11509825,172,6763,2010,,,,,PCZ,400251
11509826,172,6763,2011,,,,,PCZ,400251
11509827,172,6763,2012,,,,,PCZ,400251
11509828,172,6763,2013,,,,,PCZ,400251
11509829,172,6763,2014,,,,,PCZ,400251
11509830,172,6763,2015,,,,,PCZ,400251
11509831,172,6763,2016,,,,,PCZ,400251
11509832,172,6763,2017,,,,,PCZ,400251
11509833,172,6763,2018,,,,,PCZ,400251
11509834,172,6763,2019,,,,,PCZ,400251
11509835,172,6763,2020,,,,,PCZ,400251
11509836,173,6763,1995,0.0,87630.0,-0.263859,-0.21032800000000001,PER,400251
11509837,173,6763,1996,0.0,131764.0,-0.43761000000000005,-0.28077399999999997,PER,400251
11509838,173,6763,1997,0.0,23086.0,-0.5023880000000001,-0.262563,PER,400251
11509839,173,6763,1998,0.0,164598.0,-0.35875300000000004,0.042606,PER,400251
11509840,173,6763,1999,0.0,204860.0,-0.367489,0.11813399999999999,PER,400251
11509841,173,6763,2000,0.0,104007.0,-0.297619,0.194724,PER,400251
11509842,173,6763,2001,0.0,22844.0,-0.345519,0.202623,PER,400251
11509843,173,6763,2002,,,-0.6126199999999999,0.085944,PER,400251
11509844,173,6763,2003,0.0,1824.0,-0.48627,0.371354,PER,400251
11509845,173,6763,2004,,,-0.564244,0.131232,PER,400251
11509846,173,6763,2005,0.0,12257.0,-0.518174,0.171262,PER,400251
11509847,173,6763,2006,0.0,12130.0,-0.551095,0.044295,PER,400251
11509848,173,6763,2007,0.0,11568.0,-0.49716099999999996,0.02556,PER,400251
11509849,173,6763,2008,0.0,18324.0,-0.518126,0.17193599999999998,PER,400251
11509850,173,6763,2009,0.0,7347.0,-0.53304,0.221183,PER,400251
11509851,173,6763,2010,0.0,33258.0,-0.650327,0.162321,PER,400251
11509852,173,6763,2011,0.0,43809.0,-0.455977,0.442543,PER,400251
11509853,173,6763,2012,74780.0,67529.0,-0.444821,0.555188,PER,400251
11509854,173,6763,2013,0.0,100946.0,-0.573852,0.357977,PER,400251
11509855,173,6763,2014,0.0,112215.0,-0.557833,0.611826,PER,400251
11509856,173,6763,2015,0.0,287979.0,-0.6007819999999999,0.32152800000000004,PER,400251
11509857,173,6763,2016,0.0,309378.0,-0.717529,0.007845999999999999,PER,400251
11509858,173,6763,2017,0.0,237242.0,-0.667658,-0.318344,PER,400251
11509859,173,6763,2018,0.0,284148.0,-0.6673060000000001,-0.183315,PER,400251
11509860,173,6763,2019,0.0,81141.0,-0.76944,-0.216619,PER,400251
11509861,173,6763,2020,5435.0,184496.0,-0.717014,-0.152142,PER,400251
11509862,174,6763,1995,0.0,4244.0,-0.480548,0.076564,PHL,400251
11509863,174,6763,1996,0.0,2272.0,-0.276548,0.344986,PHL,400251
11509864,174,6763,1997,0.0,592907.0,-0.24310900000000002,0.085784,PHL,400251
11509865,174,6763,1998,0.0,568247.0,-0.262725,-0.075781,PHL,400251
11509866,174,6763,1999,0.0,464401.0,-0.401903,-0.333408,PHL,400251
11509867,174,6763,2000,0.0,466060.0,-0.279447,-0.329073,PHL,400251
11509868,174,6763,2001,0.0,419881.0,-0.028201,-0.112349,PHL,400251
11509869,174,6763,2002,0.0,682857.0,0.055439999999999996,-0.179809,PHL,400251
11509870,174,6763,2003,827656.0,1055020.0,-0.065022,-0.195144,PHL,400251
11509871,174,6763,2004,1511557.0,58826.0,-0.076709,-0.149006,PHL,400251
11509872,174,6763,2005,1739709.0,47682.0,-0.038225999999999996,-0.057957,PHL,400251
11509873,174,6763,2006,165113.0,56760.0,0.161994,0.036631,PHL,400251
11509874,174,6763,2007,35012.0,28732.0,0.032117,-0.16600499999999999,PHL,400251
11509875,174,6763,2008,0.0,18953.0,0.276488,-0.02957,PHL,400251
11509876,174,6763,2009,0.0,4760.0,0.34318000000000004,0.095375,PHL,400251
11509877,174,6763,2010,0.0,34976.0,0.40418899999999996,0.102497,PHL,400251
11509878,174,6763,2011,17946.0,19626.0,0.364707,0.322626,PHL,400251
11509879,174,6763,2012,0.0,3937.0,0.388785,0.465275,PHL,400251
11509880,174,6763,2013,0.0,5486.0,0.507868,0.355403,PHL,400251
11509881,174,6763,2014,0.0,62743.0,0.637442,0.475883,PHL,400251
11509882,174,6763,2015,0.0,72675.0,0.6406270000000001,0.45770200000000005,PHL,400251
11509883,174,6763,2016,0.0,35930.0,0.619343,0.303981,PHL,400251
11509884,174,6763,2017,0.0,48143.0,0.657759,0.170061,PHL,400251
11509885,174,6763,2018,0.0,55550.0,0.781409,0.22126700000000002,PHL,400251
11509886,174,6763,2019,0.0,115561.0,0.762884,0.3318,PHL,400251
11509887,174,6763,2020,0.0,2307.0,0.755786,0.24693,PHL,400251
11509888,175,6763,1995,,,-0.7866810000000001,-0.810771,PLW,400251
11509889,175,6763,1996,,,-0.095965,-0.703808,PLW,400251
11509890,175,6763,1997,,,-0.771472,-0.891301,PLW,400251
11509891,175,6763,1998,,,-0.959525,-0.9131739999999999,PLW,400251
11509892,175,6763,1999,,,-1.269639,-1.0196610000000002,PLW,400251
11509893,175,6763,2000,,,-1.173103,-1.006145,PLW,400251
11509894,175,6763,2001,,,-1.194157,-0.9768700000000001,PLW,400251
11509895,175,6763,2002,,,-1.4882389999999999,-0.995626,PLW,400251
11509896,175,6763,2003,,,-0.478426,-0.85765,PLW,400251
11509897,175,6763,2004,,,-0.047021,-0.841942,PLW,400251
11509898,175,6763,2005,,,0.225894,-0.786127,PLW,400251
11509899,175,6763,2006,,,-0.6016520000000001,-0.849938,PLW,400251
11509900,175,6763,2007,,,-0.514012,-0.878468,PLW,400251
11509901,175,6763,2008,,,0.25725,-0.797149,PLW,400251
11509902,175,6763,2009,,,0.408333,-0.826412,PLW,400251
11509903,175,6763,2010,,,-0.32681,-0.885127,PLW,400251
11509904,175,6763,2011,,,-0.026091000000000003,-0.753837,PLW,400251
11509905,175,6763,2012,,,-0.21545100000000003,-0.773588,PLW,400251
11509906,175,6763,2013,,,0.232127,-0.716653,PLW,400251
11509907,175,6763,2014,,,0.38879600000000003,-0.532062,PLW,400251
11509908,175,6763,2015,,,0.353098,-0.590496,PLW,400251
11509909,175,6763,2016,,,0.707907,-0.531396,PLW,400251
11509910,175,6763,2017,,,0.6076229999999999,-0.559638,PLW,400251
11509911,175,6763,2018,,,0.07495,-0.8339719999999999,PLW,400251
11509912,175,6763,2019,,,0.03565,-0.8227690000000001,PLW,400251
11509913,175,6763,2020,,,0.207858,-0.809401,PLW,400251
11509914,176,6763,1995,,,-2.387352,-1.200933,PNG,400251
11509915,176,6763,1996,,,-2.120746,-1.2199879999999999,PNG,400251
11509916,176,6763,1997,,,-2.2823439999999997,-1.264621,PNG,400251
11509917,176,6763,1998,0.0,19159.0,-2.060952,-1.237969,PNG,400251
11509918,176,6763,1999,,,-1.850785,-1.256969,PNG,400251
11509919,176,6763,2000,0.0,10354.0,-1.686651,-1.1906729999999999,PNG,400251
11509920,176,6763,2001,,,-1.503929,-1.199463,PNG,400251
11509921,176,6763,2002,,,-1.4572319999999999,-1.159399,PNG,400251
11509922,176,6763,2003,,,-1.7997330000000002,-1.2110049999999999,PNG,400251
11509923,176,6763,2004,,,-1.7599200000000002,-1.219971,PNG,400251
11509924,176,6763,2005,,,-1.6583900000000003,-1.198114,PNG,400251
11509925,176,6763,2006,,,-1.89409,-1.234731,PNG,400251
11509926,176,6763,2007,0.0,65649.0,-1.947486,-1.284269,PNG,400251
11509927,176,6763,2008,,,-1.6771330000000002,-1.18528,PNG,400251
11509928,176,6763,2009,0.0,15225.0,-1.90537,-1.2462030000000002,PNG,400251
11509929,176,6763,2010,,,-1.725138,-1.195622,PNG,400251
11509930,176,6763,2011,,,-1.1111659999999999,-0.9458610000000001,PNG,400251
11509931,176,6763,2012,,,-1.009277,-1.039759,PNG,400251
11509932,176,6763,2013,,,-1.444244,-1.144231,PNG,400251
11509933,176,6763,2014,,,-1.564904,-1.146255,PNG,400251
11509934,176,6763,2015,,,-1.710939,-1.266333,PNG,400251
11509935,176,6763,2016,,,-1.689987,-1.2762639999999998,PNG,400251
11509936,176,6763,2017,,,-1.788834,-1.267126,PNG,400251
11509937,176,6763,2018,,,-1.7580360000000002,-1.239492,PNG,400251
11509938,176,6763,2019,,,-1.654143,-1.249707,PNG,400251
11509939,176,6763,2020,,,-1.526134,-1.191965,PNG,400251
11509940,177,6763,1995,3983.0,315032.0,0.76393,1.802648,POL,400251
11509941,177,6763,1996,0.0,536696.0,0.795489,1.9004729999999999,POL,400251
11509942,177,6763,1997,0.0,314765.0,0.805559,1.9598520000000001,POL,400251
11509943,177,6763,1998,0.0,193348.0,0.8638309999999999,1.8881299999999999,POL,400251
11509944,177,6763,1999,0.0,174259.0,0.8512700000000001,1.8975229999999998,POL,400251
11509945,177,6763,2000,14529.0,110128.0,0.862983,1.8683400000000001,POL,400251
11509946,177,6763,2001,0.0,55668.0,0.9474540000000001,1.8408220000000002,POL,400251
11509947,177,6763,2002,0.0,111344.0,0.931642,1.721727,POL,400251
11509948,177,6763,2003,2165.0,79501.0,0.966622,1.664838,POL,400251
11509949,177,6763,2004,0.0,166585.0,1.019341,1.519452,POL,400251
11509950,177,6763,2005,0.0,381466.0,0.9564299999999999,1.559385,POL,400251
11509951,177,6763,2006,28686.0,476044.0,0.991927,1.474418,POL,400251
11509952,177,6763,2007,5242.0,484922.0,1.0412139999999999,1.309641,POL,400251
11509953,177,6763,2008,0.0,525013.0,1.037287,1.244457,POL,400251
11509954,177,6763,2009,153439.0,449544.0,1.11055,1.069074,POL,400251
11509955,177,6763,2010,189272.0,374012.0,1.083552,1.1433719999999998,POL,400251
11509956,177,6763,2011,119935.0,471919.0,1.133641,1.134203,POL,400251
11509957,177,6763,2012,376456.0,95851.0,1.0626870000000002,1.267268,POL,400251
11509958,177,6763,2013,658669.0,107920.0,1.084332,1.216749,POL,400251
11509959,177,6763,2014,677280.0,149764.0,1.133102,1.177165,POL,400251
11509960,177,6763,2015,14781.0,146450.0,1.145844,1.1449280000000002,POL,400251
11509961,177,6763,2016,54600.0,154746.0,1.146113,1.239532,POL,400251
11509962,177,6763,2017,113707.0,208033.0,1.197417,1.092716,POL,400251
11509963,177,6763,2018,318502.0,151194.0,1.132475,1.258945,POL,400251
11509964,177,6763,2019,323703.0,115548.0,1.088347,1.275875,POL,400251
11509965,177,6763,2020,508009.0,82828.0,1.0227979999999999,1.4079139999999999,POL,400251
11509966,178,6763,1995,,,0.46509799999999996,0.645496,PRK,400251
11509967,178,6763,1996,,,0.725014,1.20189,PRK,400251
11509968,178,6763,1997,,,0.701604,0.649257,PRK,400251
11509969,178,6763,1998,39118.0,22333.0,0.7417239999999999,0.899826,PRK,400251
11509970,178,6763,1999,,,0.536814,0.980433,PRK,400251
11509971,178,6763,2000,,,0.786946,1.0068290000000002,PRK,400251
11509972,178,6763,2001,,,0.62773,1.010888,PRK,400251
11509973,178,6763,2002,0.0,13303.0,0.43756999999999996,0.744264,PRK,400251
11509974,178,6763,2003,0.0,15593.0,0.7060420000000001,0.7718,PRK,400251
11509975,178,6763,2004,0.0,16098.0,0.578991,0.781518,PRK,400251
11509976,178,6763,2005,0.0,3150.0,0.712403,0.8739520000000001,PRK,400251
11509977,178,6763,2006,,,0.548754,0.763313,PRK,400251
11509978,178,6763,2007,0.0,1000.0,0.799712,0.8789370000000001,PRK,400251
11509979,178,6763,2008,0.0,7690.0,0.6970609999999999,0.88018,PRK,400251
11509980,178,6763,2009,0.0,18696.0,0.608089,0.709831,PRK,400251
11509981,178,6763,2010,0.0,9916.0,0.348511,0.466229,PRK,400251
11509982,178,6763,2011,0.0,13883.0,-0.024317,-0.154781,PRK,400251
11509983,178,6763,2012,,,-0.120826,0.131138,PRK,400251
11509984,178,6763,2013,152596.0,1125.0,-0.414538,-0.22449299999999997,PRK,400251
11509985,178,6763,2014,46144.0,10286.0,-0.23883000000000001,-0.009727,PRK,400251
11509986,178,6763,2015,17300.0,0.0,-0.404818,-0.075235,PRK,400251
11509987,178,6763,2016,15903.0,0.0,-0.512374,-0.143648,PRK,400251
11509988,178,6763,2017,,,-0.353642,-0.08027000000000001,PRK,400251
11509989,178,6763,2018,,,0.714618,0.47291700000000003,PRK,400251
11509990,178,6763,2019,,,1.049447,0.46940699999999996,PRK,400251
11509991,178,6763,2020,,,1.162417,0.494306,PRK,400251
11509992,179,6763,1995,1494.0,32153.0,0.412677,1.254009,PRT,400251
11509993,179,6763,1996,0.0,27012.0,0.39343,1.170144,PRT,400251
11509994,179,6763,1997,4704.0,29409.0,0.379367,1.296551,PRT,400251
11509995,179,6763,1998,0.0,309541.0,0.39771999999999996,1.303603,PRT,400251
11509996,179,6763,1999,0.0,711893.0,0.420538,1.379359,PRT,400251
11509997,179,6763,2000,0.0,1048047.0,0.547816,1.70635,PRT,400251
11509998,179,6763,2001,0.0,761279.0,0.482048,1.662123,PRT,400251
