31719999,139,9860,2020,,,-0.23666700000000002,-0.822276,MHL,920120
31720000,140,9860,1995,0.0,21653.0,0.34174,0.648467,MKD,920120
31720001,140,9860,1996,0.0,4565.0,0.316133,0.933068,MKD,920120
31720002,140,9860,1997,0.0,9877.0,0.26327399999999995,0.704879,MKD,920120
31720003,140,9860,1998,0.0,23649.0,0.102559,0.591468,MKD,920120
31720004,140,9860,1999,,,0.053132000000000006,0.43408,MKD,920120
31720005,140,9860,2000,0.0,9157.0,0.13176600000000002,0.407194,MKD,920120
31720006,140,9860,2001,0.0,32261.0,0.033097,0.43516499999999997,MKD,920120
31720007,140,9860,2002,0.0,31993.0,-0.030274000000000002,0.359317,MKD,920120
31720008,140,9860,2003,,,-0.017632,0.225394,MKD,920120
31720009,140,9860,2004,,,-0.091013,0.190649,MKD,920120
31720010,140,9860,2005,,,-0.084262,0.23169099999999998,MKD,920120
31720011,140,9860,2006,,,-0.21336,0.17674700000000002,MKD,920120
31720012,140,9860,2007,0.0,9610.0,-0.125912,-0.009395,MKD,920120
31720013,140,9860,2008,0.0,325152.0,-0.090639,-0.137401,MKD,920120
31720014,140,9860,2009,0.0,1215.0,-0.14890499999999998,0.405505,MKD,920120
31720015,140,9860,2010,,,-0.122842,0.407017,MKD,920120
31720016,140,9860,2011,,,-0.12310499999999999,0.16392,MKD,920120
31720017,140,9860,2012,0.0,842.0,-0.010966,0.160996,MKD,920120
31720018,140,9860,2013,0.0,42060.0,-0.10859400000000001,0.155229,MKD,920120
31720019,140,9860,2014,0.0,15454.0,-0.039799,-0.05545,MKD,920120
31720020,140,9860,2015,0.0,6830.0,-0.09009600000000001,-0.147359,MKD,920120
31720021,140,9860,2016,0.0,12954.0,0.026185000000000003,-0.20027999999999999,MKD,920120
31720022,140,9860,2017,,,-0.0292,-0.377156,MKD,920120
31720023,140,9860,2018,0.0,216750.0,0.079976,-0.20256,MKD,920120
31720024,140,9860,2019,0.0,20187.0,0.050624,-0.11143299999999999,MKD,920120
31720025,140,9860,2020,0.0,107418.0,0.147947,-0.11116500000000001,MKD,920120
31720026,141,9860,1995,,,-0.807662,-0.952101,MLI,920120
31720027,141,9860,1996,,,-0.987858,-0.9677040000000001,MLI,920120
31720028,141,9860,1997,,,-1.230276,-1.086769,MLI,920120
31720029,141,9860,1998,,,-0.8910049999999999,-0.9654870000000001,MLI,920120
31720030,141,9860,1999,,,-0.8019149999999999,-0.9337979999999999,MLI,920120
31720031,141,9860,2000,,,-0.5546409999999999,-0.633603,MLI,920120
31720032,141,9860,2001,,,-0.40341,-0.626402,MLI,920120
31720033,141,9860,2002,0.0,6608.0,-0.8948520000000001,-0.863375,MLI,920120
31720034,141,9860,2003,,,-0.786411,-0.879049,MLI,920120
31720035,141,9860,2004,,,-0.6905100000000001,-0.9162459999999999,MLI,920120
31720036,141,9860,2005,,,-0.811021,-0.77035,MLI,920120
31720037,141,9860,2006,,,-0.503462,-0.778836,MLI,920120
31720038,141,9860,2007,,,-0.672822,-0.687913,MLI,920120
31720039,141,9860,2008,,,-0.274267,-0.51084,MLI,920120
31720040,141,9860,2009,,,-0.84835,-0.780324,MLI,920120
31720041,141,9860,2010,,,-0.585496,-0.655841,MLI,920120
31720042,141,9860,2011,,,-0.6778109999999999,-0.653211,MLI,920120
31720043,141,9860,2012,,,-0.592899,-0.775098,MLI,920120
31720044,141,9860,2013,,,-1.183671,-1.069504,MLI,920120
31720045,141,9860,2014,,,-1.199063,-1.05497,MLI,920120
31720046,141,9860,2015,,,-0.744236,-0.9441860000000001,MLI,920120
31720047,141,9860,2016,,,-0.584863,-0.74131,MLI,920120
31720048,141,9860,2017,,,-0.5927899999999999,-0.707245,MLI,920120
31720049,141,9860,2018,,,-0.49666499999999997,-0.7189909999999999,MLI,920120
31720050,141,9860,2019,,,-0.381732,-0.606313,MLI,920120
31720051,141,9860,2020,,,-1.309505,-1.1745079999999999,MLI,920120
31720052,142,9860,1995,0.0,233965.0,0.842519,0.11882899999999999,MLT,920120
31720053,142,9860,1996,0.0,96187.0,0.8825440000000001,0.066541,MLT,920120
31720054,142,9860,1997,0.0,132976.0,0.936998,0.062266999999999996,MLT,920120
31720055,142,9860,1998,0.0,132023.0,0.919593,-0.071451,MLT,920120
31720056,142,9860,1999,0.0,82258.0,0.9998450000000001,0.009412,MLT,920120
31720057,142,9860,2000,0.0,111150.0,1.106517,-0.05459,MLT,920120
31720058,142,9860,2001,0.0,53698.0,1.065032,-0.065239,MLT,920120
31720059,142,9860,2002,0.0,74987.0,1.12245,0.019001,MLT,920120
31720060,142,9860,2003,2153.0,86077.0,1.2138149999999999,-0.015687,MLT,920120
31720061,142,9860,2004,10446.0,70216.0,1.251894,0.063827,MLT,920120
31720062,142,9860,2005,0.0,199090.0,1.298938,0.13206600000000002,MLT,920120
31720063,142,9860,2006,0.0,55155.0,1.384411,0.093734,MLT,920120
31720064,142,9860,2007,453.0,67297.0,1.184569,-0.046376,MLT,920120
31720065,142,9860,2008,0.0,69829.0,1.015716,-0.065673,MLT,920120
31720066,142,9860,2009,0.0,41405.0,1.233965,-0.016763,MLT,920120
31720067,142,9860,2010,0.0,47799.0,1.211797,-0.024923,MLT,920120
31720068,142,9860,2011,0.0,174397.0,1.3001340000000001,0.22605799999999998,MLT,920120
31720069,142,9860,2012,0.0,32916.0,1.023776,0.12459400000000001,MLT,920120
31720070,142,9860,2013,26434.0,42515.0,0.8519760000000001,-0.075869,MLT,920120
31720071,142,9860,2014,0.0,100123.0,0.817013,0.0016309999999999999,MLT,920120
31720072,142,9860,2015,0.0,140863.0,0.880893,-0.117585,MLT,920120
31720073,142,9860,2016,1657.0,153199.0,0.8795950000000001,-0.21689499999999998,MLT,920120
31720074,142,9860,2017,0.0,347764.0,0.999914,0.12683,MLT,920120
31720075,142,9860,2018,4303.0,26701.0,0.9621219999999999,0.257289,MLT,920120
31720076,142,9860,2019,0.0,791999.0,0.893992,0.25255500000000003,MLT,920120
31720077,142,9860,2020,0.0,215903.0,0.9159309999999999,0.24442199999999997,MLT,920120
31720078,143,9860,1995,0.0,6340.0,-1.5669309999999999,-1.124558,MMR,920120
31720079,143,9860,1996,0.0,18500.0,-1.556357,-1.078395,MMR,920120
31720080,143,9860,1997,0.0,27344.0,-1.595159,-1.09562,MMR,920120
31720081,143,9860,1998,,,-1.620365,-0.997957,MMR,920120
31720082,143,9860,1999,0.0,26330.0,-1.4991299999999999,-0.984557,MMR,920120
31720083,143,9860,2000,0.0,21893.0,-1.504802,-1.0756860000000001,MMR,920120
31720084,143,9860,2001,,,-1.5627,-1.150854,MMR,920120
31720085,143,9860,2002,0.0,6711.0,-1.571568,-1.131512,MMR,920120
31720086,143,9860,2003,0.0,3346.0,-1.435123,-1.0948,MMR,920120
31720087,143,9860,2004,,,-1.400614,-0.947664,MMR,920120
31720088,143,9860,2005,0.0,1300.0,-1.506567,-1.169183,MMR,920120
31720089,143,9860,2006,0.0,24479.0,-1.543679,-1.145623,MMR,920120
31720090,143,9860,2007,,,-1.29366,-1.074733,MMR,920120
31720091,143,9860,2008,0.0,5420.0,-1.501556,-1.1134110000000002,MMR,920120
31720092,143,9860,2009,0.0,21987.0,-1.6459529999999998,-1.186635,MMR,920120
31720093,143,9860,2010,0.0,18737.0,-1.480389,-1.075842,MMR,920120
31720094,143,9860,2011,0.0,145230.0,-1.3557190000000001,-0.929934,MMR,920120
31720095,143,9860,2012,0.0,53718.0,-1.219747,-0.9290229999999999,MMR,920120
31720096,143,9860,2013,0.0,98263.0,-1.230787,-0.737375,MMR,920120
31720097,143,9860,2014,0.0,98042.0,-1.5332459999999999,-1.145973,MMR,920120
31720098,143,9860,2015,0.0,33544.0,-1.4596120000000001,-0.903904,MMR,920120
31720099,143,9860,2016,0.0,109838.0,-1.160878,-0.6042609999999999,MMR,920120
31720100,143,9860,2017,987.0,78473.0,-1.051544,-0.419183,MMR,920120
31720101,143,9860,2018,0.0,102088.0,-0.936467,-0.223413,MMR,920120
31720102,143,9860,2019,0.0,66436.0,-1.196733,-0.435766,MMR,920120
31720103,143,9860,2020,0.0,92033.0,-0.9993569999999999,-0.298647,MMR,920120
31720104,144,9860,1995,,,,,MNE,920120
31720105,144,9860,1996,,,,,MNE,920120
31720106,144,9860,1997,,,,,MNE,920120
31720107,144,9860,1998,,,,,MNE,920120
31720108,144,9860,1999,,,,,MNE,920120
31720109,144,9860,2000,,,,,MNE,920120
31720110,144,9860,2001,,,,,MNE,920120
31720111,144,9860,2002,,,,,MNE,920120
31720112,144,9860,2003,,,,,MNE,920120
31720113,144,9860,2004,,,,,MNE,920120
31720114,144,9860,2005,,,,,MNE,920120
31720115,144,9860,2006,0.0,49896.0,0.130773,-0.24674699999999997,MNE,920120
31720116,144,9860,2007,0.0,51524.0,0.250006,-0.154908,MNE,920120
31720117,144,9860,2008,0.0,39512.0,0.321434,-0.168212,MNE,920120
31720118,144,9860,2009,0.0,267211.0,0.19963499999999998,-0.073107,MNE,920120
31720119,144,9860,2010,0.0,130054.0,0.266397,-0.02502,MNE,920120
31720120,144,9860,2011,0.0,37347.0,0.149559,0.024935,MNE,920120
31720121,144,9860,2012,0.0,658582.0,-0.059409000000000003,-0.328183,MNE,920120
31720122,144,9860,2013,,,-0.054454999999999996,-0.164875,MNE,920120
31720123,144,9860,2014,0.0,55584.0,-0.17039100000000001,-0.21762399999999998,MNE,920120
31720124,144,9860,2015,,,-0.048385000000000004,-0.150759,MNE,920120
31720125,144,9860,2016,0.0,8933.0,-0.005084,-0.25252199999999997,MNE,920120
31720126,144,9860,2017,0.0,6907.0,0.201739,-0.23111399999999999,MNE,920120
31720127,144,9860,2018,0.0,90309.0,0.332495,0.124258,MNE,920120
31720128,144,9860,2019,0.0,19867.0,0.40415100000000004,0.068967,MNE,920120
31720129,144,9860,2020,0.0,87740.0,0.355595,0.140822,MNE,920120
31720130,145,9860,1995,,,-0.653135,-1.023557,MNG,920120
31720131,145,9860,1996,,,-0.18177000000000001,-0.8212280000000001,MNG,920120
31720132,145,9860,1997,,,-0.36035300000000003,-0.862088,MNG,920120
31720133,145,9860,1998,0.0,839.0,-0.605635,-0.9181520000000001,MNG,920120
31720134,145,9860,1999,0.0,25775.0,-0.557761,-0.8596280000000001,MNG,920120
31720135,145,9860,2000,0.0,23814.0,-0.600593,-0.889832,MNG,920120
31720136,145,9860,2001,0.0,8327.0,-0.691001,-0.9284180000000001,MNG,920120
31720137,145,9860,2002,0.0,5598.0,-0.895827,-0.9913799999999999,MNG,920120
31720138,145,9860,2003,0.0,3694.0,-0.9747620000000001,-1.026308,MNG,920120
31720139,145,9860,2004,0.0,3466.0,-1.030558,-1.03145,MNG,920120
31720140,145,9860,2005,0.0,1580.0,-1.059909,-1.010298,MNG,920120
31720141,145,9860,2006,0.0,86227.0,-1.147217,-1.0734709999999998,MNG,920120
31720142,145,9860,2007,0.0,13025.0,-1.0688790000000001,-1.1115709999999999,MNG,920120
31720143,145,9860,2008,0.0,44878.0,-1.13585,-1.1076190000000001,MNG,920120
31720144,145,9860,2009,0.0,27746.0,-0.825506,-1.067644,MNG,920120
31720145,145,9860,2010,0.0,39560.0,-1.110861,-1.105545,MNG,920120
31720146,145,9860,2011,0.0,226435.0,-1.0869389999999999,-1.107693,MNG,920120
31720147,145,9860,2012,0.0,383620.0,-1.2191,-1.1559549999999998,MNG,920120
31720148,145,9860,2013,0.0,333660.0,-1.3270950000000001,-1.144547,MNG,920120
31720149,145,9860,2014,0.0,403125.0,-1.425524,-1.161949,MNG,920120
31720150,145,9860,2015,0.0,137609.0,-1.244368,-1.196677,MNG,920120
31720151,145,9860,2016,0.0,206473.0,-0.811142,-1.013252,MNG,920120
31720152,145,9860,2017,0.0,126603.0,-0.933737,-1.1195620000000002,MNG,920120
31720153,145,9860,2018,0.0,183975.0,-0.934398,-1.125105,MNG,920120
31720154,145,9860,2019,0.0,214455.0,-1.1612049999999998,-1.1615739999999999,MNG,920120
31720155,145,9860,2020,0.0,66826.0,-1.011938,-1.127569,MNG,920120
31720156,146,9860,1995,,,0.1683,-0.642753,MNP,920120
31720157,146,9860,1996,,,0.245321,-0.636347,MNP,920120
31720158,146,9860,1997,0.0,7761.0,-0.912666,-0.9718110000000001,MNP,920120
31720159,146,9860,1998,,,-0.144048,-0.7987479999999999,MNP,920120
31720160,146,9860,1999,,,-0.45039399999999996,-0.8943700000000001,MNP,920120
31720161,146,9860,2000,0.0,18214.0,-0.186998,-0.728449,MNP,920120
31720162,146,9860,2001,0.0,18265.0,-0.701194,-0.89945,MNP,920120
31720163,146,9860,2002,,,-0.165526,-0.7033010000000001,MNP,920120
31720164,146,9860,2003,0.0,22680.0,-0.370942,-0.685771,MNP,920120
31720165,146,9860,2004,0.0,34073.0,-0.47053199999999995,-0.7803220000000001,MNP,920120
31720166,146,9860,2005,,,-0.292486,-0.669716,MNP,920120
31720167,146,9860,2006,,,-0.016344,-0.356507,MNP,920120
31720168,146,9860,2007,,,-0.171068,-0.7035520000000001,MNP,920120
31720169,146,9860,2008,,,-0.093684,-0.555717,MNP,920120
31720170,146,9860,2009,,,0.500134,-0.0069489999999999994,MNP,920120
31720171,146,9860,2010,,,0.27201,-0.285427,MNP,920120
31720172,146,9860,2011,,,0.31311300000000003,-0.30891799999999997,MNP,920120
31720173,146,9860,2012,,,0.6209600000000001,-0.14613800000000002,MNP,920120
31720174,146,9860,2013,,,0.596753,-0.118522,MNP,920120
31720175,146,9860,2014,,,1.1877790000000001,-0.300664,MNP,920120
31720176,146,9860,2015,,,0.690384,-0.5730529999999999,MNP,920120
31720177,146,9860,2016,,,0.867833,-0.68889,MNP,920120
31720178,146,9860,2017,0.0,8890.0,1.1599540000000002,-0.561265,MNP,920120
31720179,146,9860,2018,,,1.013685,-0.56789,MNP,920120
31720180,146,9860,2019,7220.0,0.0,0.9892219999999999,-0.5955520000000001,MNP,920120
31720181,146,9860,2020,,,0.067797,-0.7922859999999999,MNP,920120
31720182,147,9860,1995,,,-1.031627,-1.02484,MOZ,920120
31720183,147,9860,1996,,,-1.331264,-1.1260270000000001,MOZ,920120
31720184,147,9860,1997,0.0,11636.0,-0.8600620000000001,-0.9672270000000001,MOZ,920120
31720185,147,9860,1998,,,-0.6813279999999999,-0.916391,MOZ,920120
31720186,147,9860,1999,0.0,6265.0,-0.35994699999999996,-0.725301,MOZ,920120
31720187,147,9860,2000,0.0,993.0,-0.637021,-0.748197,MOZ,920120
31720188,147,9860,2001,,,-1.2364879999999998,-1.136715,MOZ,920120
31720189,147,9860,2002,,,-0.947259,-1.047883,MOZ,920120
31720190,147,9860,2003,0.0,13213.0,-1.188243,-1.123693,MOZ,920120
31720191,147,9860,2004,0.0,3090.0,-1.1010790000000001,-1.0942,MOZ,920120
31720192,147,9860,2005,,,-1.301283,-1.180598,MOZ,920120
31720193,147,9860,2006,,,-1.0250629999999998,-1.067359,MOZ,920120
31720194,147,9860,2007,0.0,1321.0,-1.4703110000000001,-1.1915719999999999,MOZ,920120
31720195,147,9860,2008,0.0,23331.0,-0.982727,-0.8361219999999999,MOZ,920120
31720196,147,9860,2009,,,-1.0023090000000001,-0.844765,MOZ,920120
31720197,147,9860,2010,,,-1.479855,-1.070518,MOZ,920120
31720198,147,9860,2011,0.0,18155.0,-1.2069299999999998,-0.977785,MOZ,920120
31720199,147,9860,2012,,,-1.400493,-1.1536680000000001,MOZ,920120
31720200,147,9860,2013,0.0,11553.0,-1.326323,-1.050969,MOZ,920120
31720201,147,9860,2014,,,-1.1993610000000001,-1.040181,MOZ,920120
31720202,147,9860,2015,0.0,1421.0,-1.293809,-1.115069,MOZ,920120
31720203,147,9860,2016,0.0,32340.0,-1.333702,-1.116794,MOZ,920120
31720204,147,9860,2017,0.0,42340.0,-1.3882290000000002,-1.114475,MOZ,920120
31720205,147,9860,2018,0.0,9349.0,-1.380023,-1.027817,MOZ,920120
31720206,147,9860,2019,,,-1.264532,-1.072626,MOZ,920120
31720207,147,9860,2020,,,-1.1186040000000002,-0.974224,MOZ,920120
31720208,148,9860,1995,,,-1.935629,-1.178304,MRT,920120
31720209,148,9860,1996,,,-1.352902,-1.19204,MRT,920120
31720210,148,9860,1997,,,-1.7012040000000002,-1.2302799999999998,MRT,920120
31720211,148,9860,1998,,,-1.177719,-1.199729,MRT,920120
31720212,148,9860,1999,,,-1.198078,-1.229277,MRT,920120
31720213,148,9860,2000,,,-1.461442,-1.230634,MRT,920120
31720214,148,9860,2001,,,-1.187271,-1.240445,MRT,920120
31720215,148,9860,2002,,,-1.27671,-1.218472,MRT,920120
31720216,148,9860,2003,,,-1.069232,-1.184061,MRT,920120
31720217,148,9860,2004,,,-1.6173959999999998,-1.2925719999999998,MRT,920120
31720218,148,9860,2005,0.0,11466.0,-1.5391629999999998,-1.260424,MRT,920120
31720219,148,9860,2006,,,-1.72422,-1.2414399999999999,MRT,920120
31720220,148,9860,2007,,,-2.027741,-1.311094,MRT,920120
31720221,148,9860,2008,,,-2.081778,-1.274636,MRT,920120
31720222,148,9860,2009,,,-1.761436,-1.2898479999999999,MRT,920120
31720223,148,9860,2010,,,-2.099882,-1.303977,MRT,920120
31720224,148,9860,2011,0.0,12133.0,-1.2593379999999998,-1.1793209999999998,MRT,920120
31720225,148,9860,2012,,,-1.570474,-1.284412,MRT,920120
31720226,148,9860,2013,,,-1.950532,-1.283104,MRT,920120
31720227,148,9860,2014,,,-1.458551,-1.225373,MRT,920120
31720228,148,9860,2015,,,-1.5597450000000002,-1.3209229999999998,MRT,920120
31720229,148,9860,2016,,,-1.542265,-1.318586,MRT,920120
31720230,148,9860,2017,,,-1.634533,-1.330819,MRT,920120
31720231,148,9860,2018,,,-1.511361,-1.296003,MRT,920120
31720232,148,9860,2019,,,-1.711918,-1.339005,MRT,920120
31720233,148,9860,2020,,,-1.400894,-1.27631,MRT,920120
31720234,149,9860,1995,,,0.197655,-0.6083890000000001,MSR,920120
31720235,149,9860,1996,,,0.659518,-0.540708,MSR,920120
31720236,149,9860,1997,,,0.841025,-0.44752299999999995,MSR,920120
31720237,149,9860,1998,,,1.244182,-0.24840700000000002,MSR,920120
31720238,149,9860,1999,,,1.302936,0.055571,MSR,920120
31720239,149,9860,2000,,,1.168349,-0.18726199999999998,MSR,920120
31720240,149,9860,2001,,,0.796292,-0.431771,MSR,920120
31720241,149,9860,2002,,,1.4188209999999999,-0.087543,MSR,920120
31720242,149,9860,2003,,,0.383768,-0.320867,MSR,920120
31720243,149,9860,2004,,,0.736775,-0.001405,MSR,920120
31720244,149,9860,2005,,,1.266377,-0.112167,MSR,920120
31720245,149,9860,2006,,,1.300664,-0.082954,MSR,920120
31720246,149,9860,2007,,,0.952257,-0.31153800000000004,MSR,920120
31720247,149,9860,2008,,,1.375073,-0.275475,MSR,920120
31720248,149,9860,2009,,,1.163257,-0.332029,MSR,920120
31720249,149,9860,2010,,,1.090694,-0.45702200000000004,MSR,920120
31720250,149,9860,2011,,,1.2888760000000001,-0.207486,MSR,920120
31720251,149,9860,2012,,,1.338854,-0.098053,MSR,920120
31720252,149,9860,2013,,,1.610652,0.079868,MSR,920120
31720253,149,9860,2014,,,0.44890399999999997,-0.46028,MSR,920120
31720254,149,9860,2015,,,1.6649060000000002,-0.49319799999999997,MSR,920120
31720255,149,9860,2016,,,1.538666,-0.46699300000000005,MSR,920120
31720256,149,9860,2017,,,0.71373,-0.672669,MSR,920120
31720257,149,9860,2018,,,0.744527,-0.519904,MSR,920120
31720258,149,9860,2019,,,0.9961530000000001,-0.454477,MSR,920120
31720259,149,9860,2020,,,1.401202,-0.46509399999999995,MSR,920120
31720260,150,9860,1995,0.0,7832.0,0.68423,-0.22968200000000003,MTQ,920120
31720261,150,9860,1996,,,,,MTQ,920120
31720262,150,9860,1997,,,,,MTQ,920120
31720263,150,9860,1998,,,,,MTQ,920120
31720264,150,9860,1999,,,,,MTQ,920120
31720265,150,9860,2000,,,,,MTQ,920120
31720266,150,9860,2001,,,,,MTQ,920120
31720267,150,9860,2002,,,,,MTQ,920120
31720268,150,9860,2003,,,,,MTQ,920120
31720269,150,9860,2004,,,,,MTQ,920120
31720270,150,9860,2005,,,,,MTQ,920120
31720271,150,9860,2006,,,,,MTQ,920120
31720272,150,9860,2007,,,,,MTQ,920120
31720273,150,9860,2008,,,,,MTQ,920120
31720274,150,9860,2009,,,,,MTQ,920120
31720275,150,9860,2010,,,,,MTQ,920120
31720276,150,9860,2011,,,,,MTQ,920120
31720277,150,9860,2012,,,,,MTQ,920120
31720278,150,9860,2013,,,,,MTQ,920120
31720279,150,9860,2014,,,,,MTQ,920120
31720280,150,9860,2015,,,,,MTQ,920120
31720281,150,9860,2016,,,,,MTQ,920120
31720282,150,9860,2017,,,,,MTQ,920120
31720283,150,9860,2018,,,,,MTQ,920120
31720284,150,9860,2019,,,,,MTQ,920120
31720285,150,9860,2020,,,,,MTQ,920120
31720286,151,9860,1995,0.0,13631.0,-0.432644,-0.574298,MUS,920120
31720287,151,9860,1996,0.0,37817.0,-0.538651,-0.746274,MUS,920120
31720288,151,9860,1997,0.0,12306.0,-0.49241,-0.695729,MUS,920120
31720289,151,9860,1998,0.0,41742.0,-0.621599,-0.755795,MUS,920120
31720290,151,9860,1999,0.0,4582.0,-0.5713729999999999,-0.696416,MUS,920120
31720291,151,9860,2000,8151.0,73275.0,-0.412313,-0.5704140000000001,MUS,920120
31720292,151,9860,2001,0.0,5565.0,-0.410422,-0.5868369999999999,MUS,920120
31720293,151,9860,2002,0.0,6873.0,-0.37937600000000005,-0.388848,MUS,920120
31720294,151,9860,2003,8755.0,13777.0,-0.361514,-0.29839899999999997,MUS,920120
31720295,151,9860,2004,0.0,18433.0,-0.374754,-0.288504,MUS,920120
31720296,151,9860,2005,,,-0.24565,-0.091397,MUS,920120
31720297,151,9860,2006,0.0,17565.0,-0.311109,-0.07267,MUS,920120
31720298,151,9860,2007,0.0,19689.0,-0.342957,-0.129114,MUS,920120
31720299,151,9860,2008,0.0,14678.0,-0.337563,-0.144226,MUS,920120
31720300,151,9860,2009,2714.0,67409.0,-0.198194,0.067014,MUS,920120
31720301,151,9860,2010,0.0,61094.0,-0.173542,0.103727,MUS,920120
31720302,151,9860,2011,0.0,13498.0,-0.09464600000000001,0.091177,MUS,920120
31720303,151,9860,2012,0.0,61798.0,-0.028582999999999997,0.116882,MUS,920120
31720304,151,9860,2013,0.0,9496.0,-0.158852,0.0061600000000000005,MUS,920120
31720305,151,9860,2014,0.0,37311.0,-0.029891,-0.12431099999999999,MUS,920120
31720306,151,9860,2015,0.0,24158.0,-0.231762,-0.195051,MUS,920120
31720307,151,9860,2016,2689.0,28246.0,-0.24309899999999998,-0.084888,MUS,920120
31720308,151,9860,2017,0.0,50940.0,-0.156616,0.073153,MUS,920120
31720309,151,9860,2018,0.0,83017.0,-0.128221,0.15049400000000002,MUS,920120
31720310,151,9860,2019,0.0,13969.0,-0.15909600000000002,0.034770999999999996,MUS,920120
31720311,151,9860,2020,0.0,23611.0,-0.048897,0.11543099999999999,MUS,920120
31720312,152,9860,1995,,,-1.1277709999999999,-1.0603049999999998,MWI,920120
31720313,152,9860,1996,,,-1.332586,-1.115859,MWI,920120
31720314,152,9860,1997,,,-1.24261,-1.1258860000000002,MWI,920120
31720315,152,9860,1998,,,-1.436242,-1.278929,MWI,920120
31720316,152,9860,1999,,,-1.319572,-1.199031,MWI,920120
31720317,152,9860,2000,,,-1.138855,-1.0394510000000001,MWI,920120
31720318,152,9860,2001,,,-1.388716,-1.116315,MWI,920120
31720319,152,9860,2002,0.0,631.0,-1.441416,-1.214651,MWI,920120
31720320,152,9860,2003,0.0,1545.0,-1.48079,-1.235645,MWI,920120
31720321,152,9860,2004,,,-1.592983,-1.252423,MWI,920120
31720322,152,9860,2005,,,-1.4769379999999999,-1.220782,MWI,920120
31720323,152,9860,2006,,,-1.145132,-1.0946209999999998,MWI,920120
31720324,152,9860,2007,0.0,1122.0,-1.348692,-1.134002,MWI,920120
31720325,152,9860,2008,,,-1.387548,-1.184696,MWI,920120
31720326,152,9860,2009,,,-1.571672,-1.244864,MWI,920120
31720327,152,9860,2010,,,-0.821839,-0.9153870000000001,MWI,920120
31720328,152,9860,2011,,,-1.100291,-0.982559,MWI,920120
31720329,152,9860,2012,,,-1.210016,-1.172806,MWI,920120
31720330,152,9860,2013,,,-0.8992120000000001,-0.862175,MWI,920120
31720331,152,9860,2014,,,-0.494204,-0.751903,MWI,920120
31720332,152,9860,2015,,,-0.549862,-0.8753190000000001,MWI,920120
31720333,152,9860,2016,,,-1.113794,-1.172385,MWI,920120
31720334,152,9860,2017,,,-0.761995,-0.8897729999999999,MWI,920120
31720335,152,9860,2018,,,-0.7015979999999999,-0.9293680000000001,MWI,920120
31720336,152,9860,2019,0.0,2060.0,-1.0178479999999999,-1.1028879999999999,MWI,920120
31720337,152,9860,2020,0.0,6036.0,-1.122433,-1.106831,MWI,920120
31720338,153,9860,1995,37490.0,950453.0,0.357745,0.374284,MYS,920120
31720339,153,9860,1996,86371.0,982986.0,0.351774,0.347262,MYS,920120
31720340,153,9860,1997,116113.0,1154673.0,0.37340999999999996,0.36853600000000003,MYS,920120
31720341,153,9860,1998,79882.0,660045.0,0.396826,0.203792,MYS,920120
31720342,153,9860,1999,96049.0,1003217.0,0.500591,0.136149,MYS,920120
31720343,153,9860,2000,106084.0,970939.0,0.519684,0.170286,MYS,920120
31720344,153,9860,2001,55771.0,760606.0,0.768174,0.307033,MYS,920120
31720345,153,9860,2002,368054.0,978218.0,0.704957,0.243398,MYS,920120
31720346,153,9860,2003,265206.0,1124386.0,0.728804,0.2168,MYS,920120
31720347,153,9860,2004,451384.0,1186034.0,0.6710050000000001,0.17807,MYS,920120
31720348,153,9860,2005,926522.0,1812731.0,0.5847439999999999,0.13176300000000002,MYS,920120
31720349,153,9860,2006,1669097.0,1833145.0,0.7896569999999999,0.363625,MYS,920120
31720350,153,9860,2007,2318715.0,3283038.0,0.740788,0.302155,MYS,920120
31720351,153,9860,2008,2569907.0,3830421.0,0.793395,0.6141939999999999,MYS,920120
31720352,153,9860,2009,1588253.0,2893364.0,0.8718229999999999,0.607429,MYS,920120
31720353,153,9860,2010,3535352.0,5413145.0,0.9530780000000001,0.607456,MYS,920120
31720354,153,9860,2011,3377777.0,6145844.0,0.9893290000000001,0.632079,MYS,920120
31720355,153,9860,2012,2779218.0,5414075.0,0.945643,0.7526510000000001,MYS,920120
31720356,153,9860,2013,2443369.0,5546348.0,0.937641,0.747496,MYS,920120
31720357,153,9860,2014,2532689.0,4823420.0,1.018138,0.774649,MYS,920120
31720358,153,9860,2015,2886200.0,4882140.0,1.082803,0.811615,MYS,920120
31720359,153,9860,2016,2312128.0,5126846.0,1.106894,0.7452840000000001,MYS,920120
31720360,153,9860,2017,2965143.0,4347020.0,1.0110139999999999,0.6840729999999999,MYS,920120
31720361,153,9860,2018,3443121.0,5523233.0,1.122976,0.734109,MYS,920120
31720362,153,9860,2019,3024247.0,4669034.0,1.192967,0.730971,MYS,920120
31720363,153,9860,2020,2485892.0,3449636.0,1.185223,0.573439,MYS,920120
31720364,154,9860,1995,,,,,MYT,920120
31720365,154,9860,1996,,,,,MYT,920120
31720366,154,9860,1997,,,,,MYT,920120
31720367,154,9860,1998,,,,,MYT,920120
31720368,154,9860,1999,,,,,MYT,920120
31720369,154,9860,2000,,,1.167946,-0.33195,MYT,920120
31720370,154,9860,2001,,,1.4633260000000001,-0.114532,MYT,920120
31720371,154,9860,2002,,,0.34587399999999996,-0.537626,MYT,920120
31720372,154,9860,2003,,,0.8645370000000001,-0.101347,MYT,920120
31720373,154,9860,2004,,,1.179671,0.016149,MYT,920120
31720374,154,9860,2005,,,1.428791,0.258694,MYT,920120
31720375,154,9860,2006,,,1.1370049999999998,0.131896,MYT,920120
31720376,154,9860,2007,,,0.9008879999999999,-0.209565,MYT,920120
31720377,154,9860,2008,,,1.085932,-0.176729,MYT,920120
31720378,154,9860,2009,,,1.173729,-0.08655800000000001,MYT,920120
31720379,154,9860,2010,,,1.371744,-0.072045,MYT,920120
31720380,154,9860,2011,,,0.804635,-0.312227,MYT,920120
31720381,154,9860,2012,2618.0,0.0,0.828673,-0.422716,MYT,920120
31720382,154,9860,2013,0.0,3963.0,0.9851690000000001,-0.504069,MYT,920120
31720383,154,9860,2014,,,,,MYT,920120
31720384,154,9860,2015,,,,,MYT,920120
31720385,154,9860,2016,,,,,MYT,920120
31720386,154,9860,2017,,,,,MYT,920120
31720387,154,9860,2018,,,,,MYT,920120
31720388,154,9860,2019,,,,,MYT,920120
31720389,154,9860,2020,,,,,MYT,920120
31720390,155,9860,1995,,,,,NAM,920120
31720391,155,9860,1996,,,,,NAM,920120
31720392,155,9860,1997,,,,,NAM,920120
31720393,155,9860,1998,,,,,NAM,920120
31720394,155,9860,1999,,,,,NAM,920120
31720395,155,9860,2000,10663.0,1189.0,-0.49537,-0.714195,NAM,920120
31720396,155,9860,2001,,,-0.625912,-0.854247,NAM,920120
31720397,155,9860,2002,,,-0.314161,-0.521778,NAM,920120
31720398,155,9860,2003,,,-0.24004499999999998,-0.39565900000000004,NAM,920120
31720399,155,9860,2004,432.0,17750.0,-0.40995299999999996,-0.550272,NAM,920120
31720400,155,9860,2005,1810.0,0.0,-0.381972,-0.405269,NAM,920120
31720401,155,9860,2006,0.0,7050.0,-0.515361,-0.8027350000000001,NAM,920120
31720402,155,9860,2007,2696.0,9284.0,-0.588953,-0.751722,NAM,920120
31720403,155,9860,2008,0.0,14994.0,-0.104196,-0.301923,NAM,920120
31720404,155,9860,2009,0.0,32818.0,-0.081207,-0.075292,NAM,920120
31720405,155,9860,2010,0.0,2064.0,-0.49860299999999996,-0.6728529999999999,NAM,920120
31720406,155,9860,2011,3714.0,36082.0,-0.42998400000000003,-0.632233,NAM,920120
31720407,155,9860,2012,5003.0,54132.0,-0.232079,-0.32721300000000003,NAM,920120
31720408,155,9860,2013,9980.0,10878.0,-0.308643,-0.480617,NAM,920120
31720409,155,9860,2014,5179.0,3388.0,-0.428227,-0.5632229999999999,NAM,920120
31720410,155,9860,2015,0.0,20161.0,-0.43457399999999996,-0.665655,NAM,920120
31720411,155,9860,2016,582.0,18755.0,-0.6256689999999999,-0.8612219999999999,NAM,920120
31720412,155,9860,2017,0.0,47339.0,-0.5221060000000001,-0.7365079999999999,NAM,920120
31720413,155,9860,2018,0.0,7566.0,-0.668091,-0.779938,NAM,920120
31720414,155,9860,2019,3586.0,0.0,-0.545575,-0.744274,NAM,920120
31720415,155,9860,2020,0.0,4475.0,-0.664967,-0.74835,NAM,920120
31720416,156,9860,1995,0.0,2904.0,-1.326035,-0.826058,NCL,920120
31720417,156,9860,1996,0.0,23564.0,-0.951583,-0.785157,NCL,920120
31720418,156,9860,1997,0.0,94916.0,-0.9234049999999999,-0.8851110000000001,NCL,920120
31720419,156,9860,1998,0.0,14186.0,-0.846726,-0.879084,NCL,920120
31720420,156,9860,1999,0.0,9658.0,-0.079579,-0.777079,NCL,920120
31720421,156,9860,2000,,,0.034618,-0.7699729999999999,NCL,920120
31720422,156,9860,2001,0.0,10355.0,-0.837087,-0.9207040000000001,NCL,920120
31720423,156,9860,2002,0.0,923.0,-0.292646,-0.823263,NCL,920120
31720424,156,9860,2003,0.0,3917.0,-0.344934,-0.776632,NCL,920120
31720425,156,9860,2004,,,-0.49824700000000005,-0.8284239999999999,NCL,920120
31720426,156,9860,2005,0.0,5487.0,0.08313200000000001,-0.691012,NCL,920120
31720427,156,9860,2006,0.0,16887.0,-0.135099,-0.7618779999999999,NCL,920120
31720428,156,9860,2007,0.0,15038.0,-0.075892,-0.8211430000000001,NCL,920120
31720429,156,9860,2008,0.0,22414.0,-0.21304099999999998,-0.8147300000000001,NCL,920120
31720430,156,9860,2009,0.0,22107.0,1.323528,0.523435,NCL,920120
31720431,156,9860,2010,0.0,12385.0,-0.42193500000000006,-0.8256610000000001,NCL,920120
31720432,156,9860,2011,0.0,85843.0,-0.976349,-0.798691,NCL,920120
31720433,156,9860,2012,0.0,1296.0,-0.635354,-0.777234,NCL,920120
31720434,156,9860,2013,0.0,152671.0,-0.136052,-0.703913,NCL,920120
31720435,156,9860,2014,0.0,43551.0,-0.509789,-0.767484,NCL,920120
31720436,156,9860,2015,0.0,3642.0,-0.727911,-0.844562,NCL,920120
31720437,156,9860,2016,0.0,2030.0,-0.9910389999999999,-0.9463940000000001,NCL,920120
31720438,156,9860,2017,,,-0.38216100000000003,-0.8662549999999999,NCL,920120
31720439,156,9860,2018,0.0,27630.0,-0.49370299999999995,-0.865432,NCL,920120
31720440,156,9860,2019,0.0,12293.0,-0.342544,-0.867944,NCL,920120
31720441,156,9860,2020,0.0,25160.0,-0.666664,-0.88528,NCL,920120
31720442,157,9860,1995,,,-0.288248,-0.592174,NER,920120
31720443,157,9860,1996,,,-0.594771,-0.643008,NER,920120
31720444,157,9860,1997,,,-0.322358,-0.63647,NER,920120
31720445,157,9860,1998,,,-0.373314,-0.592306,NER,920120
31720446,157,9860,1999,,,-0.539842,-0.762977,NER,920120
31720447,157,9860,2000,,,-0.7289680000000001,-0.6210100000000001,NER,920120
31720448,157,9860,2001,,,-0.22368600000000002,-0.464156,NER,920120
31720449,157,9860,2002,,,-0.344562,-0.304996,NER,920120
31720450,157,9860,2003,,,-0.199296,-0.578264,NER,920120
31720451,157,9860,2004,,,-0.8203799999999999,-0.7488,NER,920120
31720452,157,9860,2005,,,-0.32664299999999996,-0.619282,NER,920120
31720453,157,9860,2006,,,-0.554188,-0.708255,NER,920120
31720454,157,9860,2007,,,-0.287155,-0.577325,NER,920120
31720455,157,9860,2008,,,-0.677687,-0.75195,NER,920120
31720456,157,9860,2009,,,-1.306036,-0.956361,NER,920120
31720457,157,9860,2010,,,-0.829902,-0.826152,NER,920120
31720458,157,9860,2011,,,-0.85208,-0.731996,NER,920120
31720459,157,9860,2012,,,-1.165676,-1.099113,NER,920120
31720460,157,9860,2013,,,-1.268738,-0.942256,NER,920120
31720461,157,9860,2014,,,-0.7187,-0.80918,NER,920120
31720462,157,9860,2015,,,-1.517292,-1.033891,NER,920120
31720463,157,9860,2016,,,-0.973057,-0.953672,NER,920120
31720464,157,9860,2017,,,-1.250156,-0.995524,NER,920120
31720465,157,9860,2018,,,-0.633115,-0.839564,NER,920120
31720466,157,9860,2019,,,-0.345047,-0.792769,NER,920120
31720467,157,9860,2020,,,-0.62888,-0.841089,NER,920120
31720468,158,9860,1995,,,0.948257,-0.678177,NFK,920120
31720469,158,9860,1996,,,1.297072,-0.45753299999999997,NFK,920120
31720470,158,9860,1997,,,1.619319,-0.457125,NFK,920120
31720471,158,9860,1998,,,1.6548900000000002,-0.5112909999999999,NFK,920120
31720472,158,9860,1999,,,1.1976440000000002,-0.623572,NFK,920120
31720473,158,9860,2000,,,1.0535700000000001,-0.666038,NFK,920120
31720474,158,9860,2001,,,2.1737040000000003,-0.5512100000000001,NFK,920120
31720475,158,9860,2002,,,1.214412,-0.5921069999999999,NFK,920120
31720476,158,9860,2003,,,1.017142,-0.5294270000000001,NFK,920120
31720477,158,9860,2004,,,0.664846,-0.649984,NFK,920120
31720478,158,9860,2005,,,0.695512,-0.657586,NFK,920120
31720479,158,9860,2006,,,1.120544,-0.538618,NFK,920120
31720480,158,9860,2007,,,0.775683,-0.48603599999999997,NFK,920120
31720481,158,9860,2008,,,1.292582,-0.234738,NFK,920120
31720482,158,9860,2009,,,1.412664,-0.299607,NFK,920120
31720483,158,9860,2010,,,1.059751,-0.570033,NFK,920120
31720484,158,9860,2011,,,1.0037200000000002,-0.348081,NFK,920120
31720485,158,9860,2012,,,1.212201,-0.237969,NFK,920120
31720486,158,9860,2013,,,1.418466,-0.181551,NFK,920120
31720487,158,9860,2014,,,1.384862,-0.391489,NFK,920120
31720488,158,9860,2015,,,1.33274,-0.37342600000000004,NFK,920120
31720489,158,9860,2016,,,1.0897629999999998,-0.539247,NFK,920120
31720490,158,9860,2017,,,1.358179,-0.37159699999999996,NFK,920120
31720491,158,9860,2018,,,1.4067209999999999,-0.487275,NFK,920120
31720492,158,9860,2019,,,0.92635,-0.31332,NFK,920120
31720493,158,9860,2020,,,1.107522,-0.477454,NFK,920120
31720494,159,9860,1995,0.0,73739.0,-2.108206,-1.2017520000000002,NGA,920120
31720495,159,9860,1996,0.0,59970.0,-1.813359,-1.1967,NGA,920120
31720496,159,9860,1997,1514.0,17572.0,-1.615102,-1.129541,NGA,920120
31720497,159,9860,1998,0.0,7825.0,-1.484229,-1.144092,NGA,920120
31720498,159,9860,1999,0.0,35283.0,-1.9312080000000003,-1.279733,NGA,920120
31720499,159,9860,2000,0.0,24614.0,-2.164663,-1.257723,NGA,920120
31720500,159,9860,2001,0.0,3599.0,-1.966439,-1.2724520000000001,NGA,920120
31720501,159,9860,2002,0.0,13891.0,-1.8315700000000001,-1.25171,NGA,920120
31720502,159,9860,2003,448.0,45300.0,-1.859176,-1.234236,NGA,920120
31720503,159,9860,2004,0.0,132040.0,-2.413432,-1.3033190000000001,NGA,920120
31720504,159,9860,2005,4872.0,116094.0,-2.359834,-1.2772219999999999,NGA,920120
31720505,159,9860,2006,0.0,314383.0,-2.094353,-1.215025,NGA,920120
31720506,159,9860,2007,0.0,61818.0,-1.746879,-1.20823,NGA,920120
31720507,159,9860,2008,0.0,145598.0,-1.9809139999999998,-1.189201,NGA,920120
31720508,159,9860,2009,0.0,64128.0,-1.584051,-1.156247,NGA,920120
31720509,159,9860,2010,0.0,79705.0,-1.887084,-1.2280229999999999,NGA,920120
31720510,159,9860,2011,0.0,179014.0,-1.699286,-1.15511,NGA,920120
31720511,159,9860,2012,0.0,103471.0,-1.760488,-1.201048,NGA,920120
31720512,159,9860,2013,0.0,375086.0,-1.745783,-1.1356680000000001,NGA,920120
31720513,159,9860,2014,0.0,563744.0,-1.2126430000000001,-1.059697,NGA,920120
31720514,159,9860,2015,2142.0,323796.0,-1.415451,-1.157829,NGA,920120
31720515,159,9860,2016,0.0,584896.0,-1.835357,-1.286597,NGA,920120
31720516,159,9860,2017,1070.0,169903.0,-1.8260919999999998,-1.276591,NGA,920120
31720517,159,9860,2018,0.0,262351.0,-1.8238,-1.259938,NGA,920120
31720518,159,9860,2019,0.0,568032.0,-1.7383970000000002,-1.220333,NGA,920120
31720519,159,9860,2020,0.0,501647.0,-1.6399299999999999,-1.19536,NGA,920120
31720520,160,9860,1995,,,-0.395096,-0.559934,NIC,920120
31720521,160,9860,1996,0.0,17476.0,-0.767799,-0.737816,NIC,920120
31720522,160,9860,1997,,,-0.8090109999999999,-0.783853,NIC,920120
31720523,160,9860,1998,,,-0.8012199999999999,-0.749159,NIC,920120
31720524,160,9860,1999,,,-0.677654,-0.72253,NIC,920120
31720525,160,9860,2000,,,-0.8339270000000001,-0.6658689999999999,NIC,920120
31720526,160,9860,2001,0.0,1280.0,-0.8917430000000001,-0.713179,NIC,920120
31720527,160,9860,2002,,,-0.677398,-0.564472,NIC,920120
31720528,160,9860,2003,0.0,1825.0,-0.8661459999999999,-0.8661690000000001,NIC,920120
31720529,160,9860,2004,,,-0.9789479999999999,-0.8374219999999999,NIC,920120
31720530,160,9860,2005,,,-1.038332,-0.922797,NIC,920120
31720531,160,9860,2006,991.0,36163.0,-0.998825,-0.893867,NIC,920120
31720532,160,9860,2007,,,-0.924162,-0.857508,NIC,920120
31720533,160,9860,2008,0.0,1396.0,-0.869193,-0.676623,NIC,920120
31720534,160,9860,2009,,,-0.924057,-0.809557,NIC,920120
31720535,160,9860,2010,0.0,10266.0,-0.9387409999999999,-0.8119569999999999,NIC,920120
31720536,160,9860,2011,0.0,129769.0,-0.9592139999999999,-0.796108,NIC,920120
31720537,160,9860,2012,0.0,101216.0,-0.754724,-0.668629,NIC,920120
31720538,160,9860,2013,,,-0.9277,-0.6842630000000001,NIC,920120
31720539,160,9860,2014,0.0,9131.0,-0.938269,-0.839066,NIC,920120
31720540,160,9860,2015,0.0,8161.0,-1.102989,-0.952276,NIC,920120
31720541,160,9860,2016,,,-1.0387389999999999,-0.998977,NIC,920120
31720542,160,9860,2017,,,-1.0502280000000002,-0.8817719999999999,NIC,920120
31720543,160,9860,2018,,,-0.887282,-0.827008,NIC,920120
31720544,160,9860,2019,0.0,5775.0,-1.058553,-0.854482,NIC,920120
31720545,160,9860,2020,,,-0.9128809999999999,-0.746636,NIC,920120
31720546,161,9860,1995,,,0.8622989999999999,-0.461028,NIU,920120
31720547,161,9860,1996,,,0.934731,-0.41833100000000006,NIU,920120
31720548,161,9860,1997,,,0.588501,-0.655092,NIU,920120
31720549,161,9860,1998,,,-0.123806,-0.770129,NIU,920120
31720550,161,9860,1999,,,0.18219100000000002,-0.6904239999999999,NIU,920120
31720551,161,9860,2000,,,0.905705,-0.29473299999999997,NIU,920120
31720552,161,9860,2001,,,0.8420120000000001,-0.40183,NIU,920120
31720553,161,9860,2002,,,0.5417350000000001,-0.645461,NIU,920120
31720554,161,9860,2003,,,0.746075,-0.557872,NIU,920120
31720555,161,9860,2004,,,1.150507,-0.508379,NIU,920120
31720556,161,9860,2005,,,0.745304,-0.538337,NIU,920120
31720557,161,9860,2006,,,1.172511,-0.21281799999999998,NIU,920120
31720558,161,9860,2007,,,0.8204540000000001,-0.403953,NIU,920120
31720559,161,9860,2008,,,1.290661,-0.060131,NIU,920120
31720560,161,9860,2009,,,1.305372,0.063123,NIU,920120
31720561,161,9860,2010,,,1.2255610000000001,-0.687604,NIU,920120
31720562,161,9860,2011,,,1.469768,0.034852999999999995,NIU,920120
31720563,161,9860,2012,,,1.176703,-0.127122,NIU,920120
31720564,161,9860,2013,,,1.901559,-0.039522,NIU,920120
31720565,161,9860,2014,,,1.624556,0.065342,NIU,920120
31720566,161,9860,2015,,,1.7121400000000002,-0.072287,NIU,920120
31720567,161,9860,2016,,,1.666675,-0.198755,NIU,920120
31720568,161,9860,2017,,,0.436779,-0.758359,NIU,920120
31720569,161,9860,2018,,,0.9669469999999999,-0.851692,NIU,920120
31720570,161,9860,2019,,,1.3109819999999999,-0.730798,NIU,920120
31720571,161,9860,2020,,,-0.028386,-0.8818799999999999,NIU,920120
31720572,162,9860,1995,1659490.0,5161958.0,1.304391,1.8819119999999998,NLD,920120
31720573,162,9860,1996,884060.0,6365692.0,1.256625,1.803132,NLD,920120
31720574,162,9860,1997,1208285.0,5791285.0,1.267794,1.727888,NLD,920120
31720575,162,9860,1998,3129994.0,6110403.0,1.248469,1.683182,NLD,920120
31720576,162,9860,1999,2776519.0,6466759.0,1.308776,1.574293,NLD,920120
31720577,162,9860,2000,3653442.0,5729250.0,1.283291,1.58901,NLD,920120
31720578,162,9860,2001,3524198.0,4703334.0,1.315685,1.590935,NLD,920120
31720579,162,9860,2002,2995227.0,5050551.0,1.206176,1.7136360000000002,NLD,920120
31720580,162,9860,2003,3081442.0,5411441.0,1.168453,1.7085709999999998,NLD,920120
31720581,162,9860,2004,4622469.0,4954366.0,1.251808,1.586526,NLD,920120
31720582,162,9860,2005,4710690.0,6270693.0,1.143533,1.614774,NLD,920120
31720583,162,9860,2006,1173288.0,7419832.0,1.192134,1.450852,NLD,920120
31720584,162,9860,2007,1764628.0,9081254.0,1.089169,1.589641,NLD,920120
31720585,162,9860,2008,1283877.0,7277689.0,1.139475,1.385316,NLD,920120
31720586,162,9860,2009,1024576.0,5034553.0,1.1914850000000001,1.3076780000000001,NLD,920120
31720587,162,9860,2010,1190487.0,3906018.0,1.237998,1.1891209999999999,NLD,920120
31720588,162,9860,2011,887056.0,5293731.0,1.1655229999999999,1.410167,NLD,920120
31720589,162,9860,2012,1536371.0,3590387.0,1.124582,1.374002,NLD,920120
31720590,162,9860,2013,840390.0,4868620.0,1.184107,1.249557,NLD,920120
31720591,162,9860,2014,924591.0,4216724.0,1.179325,1.355071,NLD,920120
31720592,162,9860,2015,590805.0,3373440.0,1.230104,1.27344,NLD,920120
31720593,162,9860,2016,831162.0,3786049.0,1.157361,1.5188540000000001,NLD,920120
31720594,162,9860,2017,826519.0,4265504.0,1.146959,1.470869,NLD,920120
31720595,162,9860,2018,1679207.0,5069329.0,1.1478899999999999,1.454758,NLD,920120
31720596,162,9860,2019,1644084.0,3953842.0,1.145044,1.3523530000000001,NLD,920120
31720597,162,9860,2020,2458174.0,4386969.0,1.035951,1.559401,NLD,920120
31720598,163,9860,1995,31295.0,634609.0,1.019741,0.394241,NOR,920120
31720599,163,9860,1996,41306.0,587116.0,1.204869,0.303062,NOR,920120
31720600,163,9860,1997,5430.0,718557.0,1.003945,0.188826,NOR,920120
31720601,163,9860,1998,5323.0,634920.0,1.1660190000000001,0.43901899999999994,NOR,920120
31720602,163,9860,1999,38097.0,666531.0,1.1012959999999998,0.240184,NOR,920120
31720603,163,9860,2000,62186.0,382989.0,0.988346,0.046556,NOR,920120
31720604,163,9860,2001,31810.0,566018.0,0.974814,0.06512000000000001,NOR,920120
31720605,163,9860,2002,0.0,960908.0,1.110882,0.17164100000000002,NOR,920120
31720606,163,9860,2003,78867.0,1260998.0,1.1500620000000001,0.258554,NOR,920120
31720607,163,9860,2004,49752.0,1143572.0,1.10162,0.118709,NOR,920120
31720608,163,9860,2005,104633.0,1138911.0,1.0581530000000001,0.038369,NOR,920120
31720609,163,9860,2006,15114.0,2385059.0,1.0787930000000001,0.014051,NOR,920120
31720610,163,9860,2007,20138.0,2393076.0,0.9829100000000001,0.100995,NOR,920120
31720611,163,9860,2008,101993.0,3075495.0,0.911428,-0.019318000000000002,NOR,920120
31720612,163,9860,2009,155589.0,1777727.0,0.865455,0.082808,NOR,920120
31720613,163,9860,2010,49310.0,2200199.0,0.865676,0.138757,NOR,920120
31720614,163,9860,2011,32815.0,3683948.0,0.8492770000000001,0.050044,NOR,920120
31720615,163,9860,2012,85932.0,4040599.0,0.8613049999999999,0.12626800000000002,NOR,920120
31720616,163,9860,2013,74346.0,3233116.0,0.892099,0.18168399999999998,NOR,920120
31720617,163,9860,2014,71892.0,2989350.0,0.9187049999999999,0.182685,NOR,920120
31720618,163,9860,2015,45299.0,2582493.0,0.950708,0.314339,NOR,920120
31720619,163,9860,2016,84328.0,2305367.0,0.89891,0.297673,NOR,920120
31720620,163,9860,2017,40051.0,2226640.0,0.73658,0.11450199999999999,NOR,920120
31720621,163,9860,2018,88263.0,2532642.0,0.681639,0.021762,NOR,920120
31720622,163,9860,2019,83788.0,2347856.0,0.6957300000000001,0.181607,NOR,920120
31720623,163,9860,2020,58751.0,1974579.0,0.793459,0.369766,NOR,920120
31720624,164,9860,1995,,,-0.779984,-0.7621479999999999,NPL,920120
31720625,164,9860,1996,,,-0.7390100000000001,-0.647903,NPL,920120
31720626,164,9860,1997,,,-0.559546,-0.358545,NPL,920120
31720627,164,9860,1998,,,-0.634124,-0.279031,NPL,920120
31720628,164,9860,1999,,,-0.421433,0.24781799999999998,NPL,920120
31720629,164,9860,2000,,,-0.395304,0.104966,NPL,920120
31720630,164,9860,2001,,,-0.483749,-0.008754999999999999,NPL,920120
31720631,164,9860,2002,,,-0.216428,0.44377700000000003,NPL,920120
31720632,164,9860,2003,0.0,18880.0,-0.26353899999999997,1.351717,NPL,920120
31720633,164,9860,2004,,,-0.323954,0.5528,NPL,920120
31720634,164,9860,2005,,,-0.347515,0.630102,NPL,920120
31720635,164,9860,2006,0.0,2644.0,-0.29672600000000005,0.665077,NPL,920120
31720636,164,9860,2007,,,-0.274255,0.513961,NPL,920120
31720637,164,9860,2008,,,-0.130718,0.59102,NPL,920120
31720638,164,9860,2009,,,-0.324434,1.076908,NPL,920120
31720639,164,9860,2010,0.0,1187.0,-0.23753400000000002,0.7957390000000001,NPL,920120
31720640,164,9860,2011,0.0,13089.0,-0.242299,0.801966,NPL,920120
31720641,164,9860,2012,0.0,6551.0,-0.146732,0.7988310000000001,NPL,920120
31720642,164,9860,2013,0.0,29701.0,-0.293669,0.677365,NPL,920120
31720643,164,9860,2014,0.0,1135.0,-0.11988199999999999,0.655883,NPL,920120
31720644,164,9860,2015,0.0,2670.0,-0.290416,0.456716,NPL,920120
31720645,164,9860,2016,,,-0.37595500000000004,0.475239,NPL,920120
31720646,164,9860,2017,0.0,7472.0,-0.319681,0.5788220000000001,NPL,920120
31720647,164,9860,2018,0.0,3473.0,-0.252837,0.999258,NPL,920120
31720648,164,9860,2019,10190.0,7397.0,-0.23868000000000003,0.42732299999999995,NPL,920120
31720649,164,9860,2020,,,-0.22803299999999999,0.25111,NPL,920120
31720650,165,9860,1995,,,0.9604870000000001,-0.513994,NRU,920120
31720651,165,9860,1996,,,1.24021,-0.442279,NRU,920120
31720652,165,9860,1997,,,1.1610610000000001,-0.485941,NRU,920120
31720653,165,9860,1998,,,0.7830060000000001,-0.49654,NRU,920120
31720654,165,9860,1999,,,0.400977,-0.643049,NRU,920120
31720655,165,9860,2000,,,1.1900190000000002,-0.449799,NRU,920120
31720656,165,9860,2001,,,1.164324,-0.11804200000000001,NRU,920120
31720657,165,9860,2002,,,0.8975049999999999,-0.494882,NRU,920120
31720658,165,9860,2003,,,0.6127199999999999,-0.304759,NRU,920120
31720659,165,9860,2004,,,1.37799,-0.36241599999999996,NRU,920120
31720660,165,9860,2005,,,1.335741,-0.071855,NRU,920120
31720661,165,9860,2006,,,1.092365,-0.03394,NRU,920120
31720662,165,9860,2007,,,0.919574,-0.327637,NRU,920120
31720663,165,9860,2008,,,0.538959,-0.74048,NRU,920120
31720664,165,9860,2009,,,0.721114,-0.581005,NRU,920120
31720665,165,9860,2010,,,0.350571,-0.732316,NRU,920120
31720666,165,9860,2011,,,0.548569,-0.513296,NRU,920120
31720667,165,9860,2012,,,0.6183569999999999,-0.575687,NRU,920120
31720668,165,9860,2013,,,0.8494780000000001,-0.587259,NRU,920120
31720669,165,9860,2014,,,1.215503,-0.37847,NRU,920120
31720670,165,9860,2015,,,1.27283,-0.30019,NRU,920120
31720671,165,9860,2016,,,0.661876,-0.355951,NRU,920120
31720672,165,9860,2017,,,0.963425,-0.06901499999999999,NRU,920120
31720673,165,9860,2018,,,0.8769610000000001,-0.095779,NRU,920120
31720674,165,9860,2019,,,0.726887,-0.407936,NRU,920120
31720675,165,9860,2020,,,1.062876,-0.723853,NRU,920120
31720676,166,9860,1995,0.0,451456.0,0.5558270000000001,0.773271,NZL,920120
31720677,166,9860,1996,1131.0,436695.0,0.49466099999999996,0.8302879999999999,NZL,920120
31720678,166,9860,1997,4951.0,603678.0,0.557545,0.731294,NZL,920120
31720679,166,9860,1998,1262.0,389693.0,0.5690529999999999,0.7752060000000001,NZL,920120
31720680,166,9860,1999,0.0,488169.0,0.592051,0.780176,NZL,920120
31720681,166,9860,2000,20829.0,420460.0,0.552858,0.8281129999999999,NZL,920120
31720682,166,9860,2001,0.0,393370.0,0.521409,0.683134,NZL,920120
31720683,166,9860,2002,7895.0,581024.0,0.542585,0.854243,NZL,920120
31720684,166,9860,2003,3684.0,449868.0,0.589619,0.997301,NZL,920120
31720685,166,9860,2004,1322.0,1077214.0,0.567392,0.965781,NZL,920120
31720686,166,9860,2005,10767.0,1189731.0,0.623822,0.825528,NZL,920120
31720687,166,9860,2006,3113.0,1158561.0,0.5371,0.8240209999999999,NZL,920120
31720688,166,9860,2007,22529.0,1294276.0,0.495938,0.845825,NZL,920120
31720689,166,9860,2008,0.0,613545.0,0.513416,0.753058,NZL,920120
31720690,166,9860,2009,131687.0,891945.0,0.38301999999999997,0.720644,NZL,920120
31720691,166,9860,2010,0.0,585420.0,0.36828299999999997,0.574574,NZL,920120
31720692,166,9860,2011,47281.0,1206602.0,0.372732,0.548601,NZL,920120
31720693,166,9860,2012,3870.0,973799.0,0.410575,0.714584,NZL,920120
31720694,166,9860,2013,107356.0,819276.0,0.3345,0.39063000000000003,NZL,920120
31720695,166,9860,2014,6578.0,1259944.0,0.272502,0.21628699999999998,NZL,920120
31720696,166,9860,2015,50202.0,1622160.0,0.224598,0.253179,NZL,920120
31720697,166,9860,2016,85887.0,1264090.0,0.236556,0.252918,NZL,920120
31720698,166,9860,2017,0.0,1440437.0,0.25651199999999996,0.132996,NZL,920120
31720699,166,9860,2018,1772.0,1279273.0,0.21902600000000003,0.148714,NZL,920120
31720700,166,9860,2019,3958.0,1609469.0,0.119281,0.039036,NZL,920120
31720701,166,9860,2020,0.0,1614794.0,0.145567,0.070121,NZL,920120
31720702,167,9860,1995,0.0,17822.0,-0.328853,-0.946069,OMN,920120
31720703,167,9860,1996,0.0,9007.0,-0.10243499999999998,-0.8425879999999999,OMN,920120
31720704,167,9860,1997,0.0,94193.0,-0.335834,-0.945859,OMN,920120
31720705,167,9860,1998,0.0,36381.0,-0.38848499999999997,-0.898559,OMN,920120
31720706,167,9860,1999,0.0,4037.0,-0.6801510000000001,-1.146403,OMN,920120
31720707,167,9860,2000,1141.0,47412.0,-1.0104549999999999,-1.185999,OMN,920120
31720708,167,9860,2001,,,-0.909329,-1.189698,OMN,920120
31720709,167,9860,2002,0.0,190026.0,-1.238769,-1.225841,OMN,920120
31720710,167,9860,2003,0.0,250609.0,-1.434873,-1.188123,OMN,920120
31720711,167,9860,2004,0.0,46214.0,-0.62946,-1.108933,OMN,920120
31720712,167,9860,2005,0.0,74908.0,-0.384571,-1.068743,OMN,920120
31720713,167,9860,2006,0.0,197292.0,-0.6373989999999999,-1.092554,OMN,920120
31720714,167,9860,2007,5072.0,23206.0,-0.5185310000000001,-1.071832,OMN,920120
31720715,167,9860,2008,0.0,54593.0,-0.635199,-1.027136,OMN,920120
31720716,167,9860,2009,0.0,175876.0,-0.691918,-1.015434,OMN,920120
31720717,167,9860,2010,869.0,307502.0,-0.487612,-0.9551379999999999,OMN,920120
31720718,167,9860,2011,0.0,388465.0,-0.473703,-0.952491,OMN,920120
31720719,167,9860,2012,0.0,346407.0,-0.869576,-1.1086850000000001,OMN,920120
31720720,167,9860,2013,23126.0,5750.0,-0.604175,-1.0463209999999998,OMN,920120
31720721,167,9860,2014,0.0,115752.0,-0.505129,-1.0051370000000002,OMN,920120
31720722,167,9860,2015,0.0,9616.0,-0.4699,-1.00451,OMN,920120
31720723,167,9860,2016,0.0,28348.0,-0.334782,-0.9107190000000001,OMN,920120
31720724,167,9860,2017,37776.0,67734.0,-0.347684,-0.884569,OMN,920120
31720725,167,9860,2018,67622.0,177943.0,-0.548048,-0.9972989999999999,OMN,920120
31720726,167,9860,2019,0.0,171046.0,-0.40120100000000003,-0.881602,OMN,920120
31720727,167,9860,2020,0.0,92450.0,-0.251371,-0.8775299999999999,OMN,920120
31720728,168,9860,1995,,,-0.707965,-0.324784,PAK,920120
31720729,168,9860,1996,,,-0.7543300000000001,-0.393654,PAK,920120
31720730,168,9860,1997,0.0,16493.0,-0.882432,-0.563344,PAK,920120
31720731,168,9860,1998,0.0,3435.0,-0.9008149999999999,-0.448942,PAK,920120
31720732,168,9860,1999,,,-1.047891,-0.525612,PAK,920120
31720733,168,9860,2000,0.0,9480.0,-0.851295,-0.370618,PAK,920120
31720734,168,9860,2001,,,-0.8376520000000001,-0.378743,PAK,920120
31720735,168,9860,2002,,,-0.877655,-0.322094,PAK,920120
31720736,168,9860,2003,0.0,6994.0,-0.6659689999999999,0.137924,PAK,920120
31720737,168,9860,2004,0.0,8449.0,-0.754143,0.25995100000000004,PAK,920120
31720738,168,9860,2005,0.0,1734.0,-0.592542,0.365501,PAK,920120
31720739,168,9860,2006,0.0,1734.0,-0.449333,0.563013,PAK,920120
31720740,168,9860,2007,0.0,11661.0,-0.5594359999999999,0.47369300000000003,PAK,920120
31720741,168,9860,2008,0.0,2865.0,-0.401588,0.500668,PAK,920120
31720742,168,9860,2009,,,-0.514907,0.44733100000000003,PAK,920120
31720743,168,9860,2010,0.0,4718.0,-0.692071,0.5409010000000001,PAK,920120
31720744,168,9860,2011,0.0,9690.0,-0.729677,0.6026729999999999,PAK,920120
31720745,168,9860,2012,0.0,10172.0,-0.633706,0.658617,PAK,920120
31720746,168,9860,2013,,,-0.75727,0.769703,PAK,920120
31720747,168,9860,2014,108873.0,0.0,-0.672924,0.566787,PAK,920120
31720748,168,9860,2015,0.0,4289.0,-0.7059979999999999,0.73501,PAK,920120
31720749,168,9860,2016,,,-0.7502800000000001,0.545331,PAK,920120
31720750,168,9860,2017,0.0,3955.0,-0.698561,0.43523500000000004,PAK,920120
31720751,168,9860,2018,0.0,5357.0,-0.64348,0.665045,PAK,920120
31720752,168,9860,2019,0.0,5130.0,-0.6909270000000001,0.8651120000000001,PAK,920120
31720753,168,9860,2020,1960.0,17830.0,-0.52984,0.63654,PAK,920120
31720754,169,9860,1995,0.0,122834.0,-0.019815,0.050906,PAN,920120
31720755,169,9860,1996,0.0,105309.0,-0.100537,-0.374129,PAN,920120
31720756,169,9860,1997,0.0,137381.0,-0.028676999999999998,0.00023999999999999998,PAN,920120
31720757,169,9860,1998,21681.0,127415.0,0.010123,0.5677949999999999,PAN,920120
31720758,169,9860,1999,17406.0,256099.0,0.126144,0.491986,PAN,920120
31720759,169,9860,2000,32599.0,314628.0,0.2095,0.525942,PAN,920120
31720760,169,9860,2001,60738.0,147093.0,0.17588199999999998,0.422505,PAN,920120
31720761,169,9860,2002,38756.0,227478.0,0.134759,0.234258,PAN,920120
31720762,169,9860,2003,47801.0,302169.0,-0.050386,-0.039619999999999995,PAN,920120
31720763,169,9860,2004,13876.0,306613.0,-0.011979,0.261315,PAN,920120
31720764,169,9860,2005,62129.0,445240.0,-0.166943,0.212196,PAN,920120
31720765,169,9860,2006,62730.0,279112.0,0.306664,0.638533,PAN,920120
31720766,169,9860,2007,139102.0,269010.0,0.36233899999999997,0.807669,PAN,920120
31720767,169,9860,2008,136756.0,418172.0,0.470854,0.960075,PAN,920120
31720768,169,9860,2009,134927.0,390620.0,0.629137,0.5894010000000001,PAN,920120
31720769,169,9860,2010,44526.0,505840.0,0.617867,0.903432,PAN,920120
31720770,169,9860,2011,170316.0,548631.0,0.786135,1.061008,PAN,920120
31720771,169,9860,2012,199131.0,590931.0,0.901366,1.245179,PAN,920120
31720772,169,9860,2013,254461.0,770195.0,0.735637,1.161718,PAN,920120
31720773,169,9860,2014,98431.0,801925.0,0.771742,0.9873190000000001,PAN,920120
31720774,169,9860,2015,76031.0,437667.0,0.642058,0.833392,PAN,920120
31720775,169,9860,2016,195764.0,497284.0,0.58773,0.654145,PAN,920120
31720776,169,9860,2017,95967.0,592060.0,0.5520109999999999,0.788181,PAN,920120
31720777,169,9860,2018,40860.0,512413.0,0.104326,-0.11611800000000001,PAN,920120
31720778,169,9860,2019,43722.0,448098.0,0.00926,-0.308483,PAN,920120
31720779,169,9860,2020,16512.0,371168.0,0.590821,0.786784,PAN,920120
31720780,170,9860,1995,,,,,PCI,920120
31720781,170,9860,1996,,,,,PCI,920120
31720782,170,9860,1997,,,,,PCI,920120
31720783,170,9860,1998,,,,,PCI,920120
31720784,170,9860,1999,,,,,PCI,920120
31720785,170,9860,2000,,,,,PCI,920120
31720786,170,9860,2001,,,,,PCI,920120
31720787,170,9860,2002,,,,,PCI,920120
31720788,170,9860,2003,,,,,PCI,920120
31720789,170,9860,2004,,,,,PCI,920120
31720790,170,9860,2005,,,,,PCI,920120
31720791,170,9860,2006,,,,,PCI,920120
31720792,170,9860,2007,,,,,PCI,920120
31720793,170,9860,2008,,,,,PCI,920120
31720794,170,9860,2009,,,,,PCI,920120
31720795,170,9860,2010,,,,,PCI,920120
31720796,170,9860,2011,,,,,PCI,920120
31720797,170,9860,2012,,,,,PCI,920120
31720798,170,9860,2013,,,,,PCI,920120
31720799,170,9860,2014,,,,,PCI,920120
31720800,170,9860,2015,,,,,PCI,920120
31720801,170,9860,2016,,,,,PCI,920120
31720802,170,9860,2017,,,,,PCI,920120
31720803,170,9860,2018,,,,,PCI,920120
31720804,170,9860,2019,,,,,PCI,920120
31720805,170,9860,2020,,,,,PCI,920120
31720806,171,9860,1995,,,0.8489540000000001,-0.613367,PCN,920120
31720807,171,9860,1996,,,-0.660984,-0.738887,PCN,920120
31720808,171,9860,1997,,,0.445329,-0.657316,PCN,920120
31720809,171,9860,1998,,,0.015778,-0.7873220000000001,PCN,920120
31720810,171,9860,1999,,,0.872001,-0.7028310000000001,PCN,920120
31720811,171,9860,2000,,,0.105297,-0.687272,PCN,920120
31720812,171,9860,2001,,,0.108918,-0.732035,PCN,920120
31720813,171,9860,2002,,,0.561805,-0.522701,PCN,920120
31720814,171,9860,2003,,,0.510894,-0.473526,PCN,920120
31720815,171,9860,2004,5215.0,0.0,0.462645,-0.671204,PCN,920120
31720816,171,9860,2005,,,0.8136760000000001,-0.553076,PCN,920120
31720817,171,9860,2006,,,-0.305812,-0.816541,PCN,920120
31720818,171,9860,2007,,,0.391111,-0.626695,PCN,920120
31720819,171,9860,2008,,,0.7325659999999999,-0.50798,PCN,920120
31720820,171,9860,2009,,,0.779567,-0.458002,PCN,920120
31720821,171,9860,2010,,,0.18265499999999998,-0.6658,PCN,920120
31720822,171,9860,2011,,,1.28213,0.215827,PCN,920120
31720823,171,9860,2012,,,1.612844,0.40525100000000003,PCN,920120
31720824,171,9860,2013,,,0.8076770000000001,-0.494516,PCN,920120
31720825,171,9860,2014,,,0.98311,-0.45960100000000004,PCN,920120
31720826,171,9860,2015,,,0.114469,-0.7910729999999999,PCN,920120
31720827,171,9860,2016,,,0.7749689999999999,-0.702357,PCN,920120
31720828,171,9860,2017,,,0.517021,-0.688823,PCN,920120
31720829,171,9860,2018,,,0.963227,-0.5059859999999999,PCN,920120
31720830,171,9860,2019,,,0.42944,-0.6689579999999999,PCN,920120
31720831,171,9860,2020,,,0.35777,-0.6678970000000001,PCN,920120
31720832,172,9860,1995,,,,,PCZ,920120
31720833,172,9860,1996,,,,,PCZ,920120
31720834,172,9860,1997,,,,,PCZ,920120
31720835,172,9860,1998,,,,,PCZ,920120
31720836,172,9860,1999,,,,,PCZ,920120
31720837,172,9860,2000,,,,,PCZ,920120
31720838,172,9860,2001,,,,,PCZ,920120
31720839,172,9860,2002,,,,,PCZ,920120
31720840,172,9860,2003,,,,,PCZ,920120
31720841,172,9860,2004,,,,,PCZ,920120
31720842,172,9860,2005,,,,,PCZ,920120
31720843,172,9860,2006,,,,,PCZ,920120
31720844,172,9860,2007,,,,,PCZ,920120
31720845,172,9860,2008,,,,,PCZ,920120
31720846,172,9860,2009,,,,,PCZ,920120
31720847,172,9860,2010,,,,,PCZ,920120
31720848,172,9860,2011,,,,,PCZ,920120
31720849,172,9860,2012,,,,,PCZ,920120
31720850,172,9860,2013,,,,,PCZ,920120
31720851,172,9860,2014,,,,,PCZ,920120
31720852,172,9860,2015,,,,,PCZ,920120
31720853,172,9860,2016,,,,,PCZ,920120
31720854,172,9860,2017,,,,,PCZ,920120
31720855,172,9860,2018,,,,,PCZ,920120
31720856,172,9860,2019,,,,,PCZ,920120
31720857,172,9860,2020,,,,,PCZ,920120
31720858,173,9860,1995,0.0,58254.0,-0.263859,-0.21032800000000001,PER,920120
31720859,173,9860,1996,0.0,43378.0,-0.43761000000000005,-0.28077399999999997,PER,920120
31720860,173,9860,1997,0.0,49663.0,-0.5023880000000001,-0.262563,PER,920120
31720861,173,9860,1998,0.0,94449.0,-0.35875300000000004,0.042606,PER,920120
31720862,173,9860,1999,0.0,68596.0,-0.367489,0.11813399999999999,PER,920120
31720863,173,9860,2000,0.0,65110.0,-0.297619,0.194724,PER,920120
31720864,173,9860,2001,40730.0,8290.0,-0.345519,0.202623,PER,920120
31720865,173,9860,2002,0.0,44079.0,-0.6126199999999999,0.085944,PER,920120
31720866,173,9860,2003,0.0,47193.0,-0.48627,0.371354,PER,920120
31720867,173,9860,2004,24689.0,22647.0,-0.564244,0.131232,PER,920120
31720868,173,9860,2005,0.0,41165.0,-0.518174,0.171262,PER,920120
31720869,173,9860,2006,0.0,123431.0,-0.551095,0.044295,PER,920120
31720870,173,9860,2007,0.0,13142.0,-0.49716099999999996,0.02556,PER,920120
31720871,173,9860,2008,0.0,51456.0,-0.518126,0.17193599999999998,PER,920120
31720872,173,9860,2009,0.0,117564.0,-0.53304,0.221183,PER,920120
31720873,173,9860,2010,0.0,84368.0,-0.650327,0.162321,PER,920120
31720874,173,9860,2011,0.0,169735.0,-0.455977,0.442543,PER,920120
31720875,173,9860,2012,0.0,132324.0,-0.444821,0.555188,PER,920120
31720876,173,9860,2013,0.0,195837.0,-0.573852,0.357977,PER,920120
31720877,173,9860,2014,113594.0,56752.0,-0.557833,0.611826,PER,920120
31720878,173,9860,2015,0.0,358330.0,-0.6007819999999999,0.32152800000000004,PER,920120
31720879,173,9860,2016,2767.0,153674.0,-0.717529,0.007845999999999999,PER,920120
31720880,173,9860,2017,0.0,101211.0,-0.667658,-0.318344,PER,920120
31720881,173,9860,2018,4152.0,80540.0,-0.6673060000000001,-0.183315,PER,920120
31720882,173,9860,2019,0.0,46799.0,-0.76944,-0.216619,PER,920120
31720883,173,9860,2020,0.0,28759.0,-0.717014,-0.152142,PER,920120
31720884,174,9860,1995,0.0,478965.0,-0.480548,0.076564,PHL,920120
31720885,174,9860,1996,0.0,384069.0,-0.276548,0.344986,PHL,920120
31720886,174,9860,1997,29171.0,911964.0,-0.24310900000000002,0.085784,PHL,920120
31720887,174,9860,1998,88946.0,644003.0,-0.262725,-0.075781,PHL,920120
31720888,174,9860,1999,58795.0,596607.0,-0.401903,-0.333408,PHL,920120
31720889,174,9860,2000,3403.0,798791.0,-0.279447,-0.329073,PHL,920120
31720890,174,9860,2001,954.0,302424.0,-0.028201,-0.112349,PHL,920120
31720891,174,9860,2002,0.0,264450.0,0.055439999999999996,-0.179809,PHL,920120
31720892,174,9860,2003,8378.0,335347.0,-0.065022,-0.195144,PHL,920120
31720893,174,9860,2004,0.0,289108.0,-0.076709,-0.149006,PHL,920120
31720894,174,9860,2005,33739.0,683945.0,-0.038225999999999996,-0.057957,PHL,920120
31720895,174,9860,2006,0.0,421966.0,0.161994,0.036631,PHL,920120
31720896,174,9860,2007,4740.0,672326.0,0.032117,-0.16600499999999999,PHL,920120
31720897,174,9860,2008,0.0,868302.0,0.276488,-0.02957,PHL,920120
31720898,174,9860,2009,44369.0,475720.0,0.34318000000000004,0.095375,PHL,920120
31720899,174,9860,2010,2130.0,511930.0,0.40418899999999996,0.102497,PHL,920120
31720900,174,9860,2011,0.0,667746.0,0.364707,0.322626,PHL,920120
31720901,174,9860,2012,4050.0,575947.0,0.388785,0.465275,PHL,920120
31720902,174,9860,2013,2059.0,954424.0,0.507868,0.355403,PHL,920120
31720903,174,9860,2014,0.0,1378858.0,0.637442,0.475883,PHL,920120
31720904,174,9860,2015,0.0,829645.0,0.6406270000000001,0.45770200000000005,PHL,920120
31720905,174,9860,2016,0.0,1079769.0,0.619343,0.303981,PHL,920120
31720906,174,9860,2017,8056.0,1178963.0,0.657759,0.170061,PHL,920120
31720907,174,9860,2018,0.0,1226634.0,0.781409,0.22126700000000002,PHL,920120
31720908,174,9860,2019,0.0,1960125.0,0.762884,0.3318,PHL,920120
31720909,174,9860,2020,0.0,1717863.0,0.755786,0.24693,PHL,920120
31720910,175,9860,1995,,,-0.7866810000000001,-0.810771,PLW,920120
31720911,175,9860,1996,,,-0.095965,-0.703808,PLW,920120
31720912,175,9860,1997,,,-0.771472,-0.891301,PLW,920120
31720913,175,9860,1998,,,-0.959525,-0.9131739999999999,PLW,920120
31720914,175,9860,1999,,,-1.269639,-1.0196610000000002,PLW,920120
31720915,175,9860,2000,,,-1.173103,-1.006145,PLW,920120
31720916,175,9860,2001,,,-1.194157,-0.9768700000000001,PLW,920120
31720917,175,9860,2002,,,-1.4882389999999999,-0.995626,PLW,920120
31720918,175,9860,2003,,,-0.478426,-0.85765,PLW,920120
31720919,175,9860,2004,,,-0.047021,-0.841942,PLW,920120
31720920,175,9860,2005,,,0.225894,-0.786127,PLW,920120
31720921,175,9860,2006,,,-0.6016520000000001,-0.849938,PLW,920120
31720922,175,9860,2007,,,-0.514012,-0.878468,PLW,920120
31720923,175,9860,2008,,,0.25725,-0.797149,PLW,920120
31720924,175,9860,2009,,,0.408333,-0.826412,PLW,920120
31720925,175,9860,2010,0.0,9419.0,-0.32681,-0.885127,PLW,920120
31720926,175,9860,2011,,,-0.026091000000000003,-0.753837,PLW,920120
31720927,175,9860,2012,,,-0.21545100000000003,-0.773588,PLW,920120
31720928,175,9860,2013,0.0,534.0,0.232127,-0.716653,PLW,920120
31720929,175,9860,2014,,,0.38879600000000003,-0.532062,PLW,920120
31720930,175,9860,2015,,,0.353098,-0.590496,PLW,920120
31720931,175,9860,2016,,,0.707907,-0.531396,PLW,920120
31720932,175,9860,2017,,,0.6076229999999999,-0.559638,PLW,920120
31720933,175,9860,2018,,,0.07495,-0.8339719999999999,PLW,920120
31720934,175,9860,2019,,,0.03565,-0.8227690000000001,PLW,920120
31720935,175,9860,2020,,,0.207858,-0.809401,PLW,920120
31720936,176,9860,1995,,,-2.387352,-1.200933,PNG,920120
31720937,176,9860,1996,,,-2.120746,-1.2199879999999999,PNG,920120
31720938,176,9860,1997,,,-2.2823439999999997,-1.264621,PNG,920120
31720939,176,9860,1998,,,-2.060952,-1.237969,PNG,920120
31720940,176,9860,1999,,,-1.850785,-1.256969,PNG,920120
31720941,176,9860,2000,,,-1.686651,-1.1906729999999999,PNG,920120
31720942,176,9860,2001,0.0,1653.0,-1.503929,-1.199463,PNG,920120
31720943,176,9860,2002,,,-1.4572319999999999,-1.159399,PNG,920120
31720944,176,9860,2003,,,-1.7997330000000002,-1.2110049999999999,PNG,920120
31720945,176,9860,2004,,,-1.7599200000000002,-1.219971,PNG,920120
31720946,176,9860,2005,,,-1.6583900000000003,-1.198114,PNG,920120
31720947,176,9860,2006,0.0,10056.0,-1.89409,-1.234731,PNG,920120
31720948,176,9860,2007,3776.0,0.0,-1.947486,-1.284269,PNG,920120
31720949,176,9860,2008,,,-1.6771330000000002,-1.18528,PNG,920120
31720950,176,9860,2009,0.0,12472.0,-1.90537,-1.2462030000000002,PNG,920120
31720951,176,9860,2010,,,-1.725138,-1.195622,PNG,920120
31720952,176,9860,2011,,,-1.1111659999999999,-0.9458610000000001,PNG,920120
31720953,176,9860,2012,0.0,9472.0,-1.009277,-1.039759,PNG,920120
31720954,176,9860,2013,,,-1.444244,-1.144231,PNG,920120
31720955,176,9860,2014,,,-1.564904,-1.146255,PNG,920120
31720956,176,9860,2015,0.0,6118.0,-1.710939,-1.266333,PNG,920120
31720957,176,9860,2016,2989.0,0.0,-1.689987,-1.2762639999999998,PNG,920120
31720958,176,9860,2017,,,-1.788834,-1.267126,PNG,920120
31720959,176,9860,2018,0.0,9973.0,-1.7580360000000002,-1.239492,PNG,920120
31720960,176,9860,2019,,,-1.654143,-1.249707,PNG,920120
31720961,176,9860,2020,0.0,9483.0,-1.526134,-1.191965,PNG,920120
31720962,177,9860,1995,147865.0,473622.0,0.76393,1.802648,POL,920120
31720963,177,9860,1996,236084.0,973976.0,0.795489,1.9004729999999999,POL,920120
31720964,177,9860,1997,569472.0,189842.0,0.805559,1.9598520000000001,POL,920120
31720965,177,9860,1998,809598.0,792251.0,0.8638309999999999,1.8881299999999999,POL,920120
31720966,177,9860,1999,1037416.0,384028.0,0.8512700000000001,1.8975229999999998,POL,920120
31720967,177,9860,2000,1762639.0,338067.0,0.862983,1.8683400000000001,POL,920120
31720968,177,9860,2001,1669572.0,227679.0,0.9474540000000001,1.8408220000000002,POL,920120
31720969,177,9860,2002,1842708.0,350161.0,0.931642,1.721727,POL,920120
31720970,177,9860,2003,2919739.0,544865.0,0.966622,1.664838,POL,920120
31720971,177,9860,2004,3635273.0,1031417.0,1.019341,1.519452,POL,920120
31720972,177,9860,2005,3678824.0,4999496.0,0.9564299999999999,1.559385,POL,920120
31720973,177,9860,2006,4599644.0,3834364.0,0.991927,1.474418,POL,920120
31720974,177,9860,2007,6305765.0,3661635.0,1.0412139999999999,1.309641,POL,920120
31720975,177,9860,2008,7894361.0,3017077.0,1.037287,1.244457,POL,920120
31720976,177,9860,2009,5389713.0,3117058.0,1.11055,1.069074,POL,920120
31720977,177,9860,2010,4310906.0,4924788.0,1.083552,1.1433719999999998,POL,920120
31720978,177,9860,2011,6666577.0,5128377.0,1.133641,1.134203,POL,920120
31720979,177,9860,2012,7980302.0,4663257.0,1.0626870000000002,1.267268,POL,920120
31720980,177,9860,2013,8303772.0,5315986.0,1.084332,1.216749,POL,920120
31720981,177,9860,2014,8420998.0,6679981.0,1.133102,1.177165,POL,920120
31720982,177,9860,2015,7831372.0,5372711.0,1.145844,1.1449280000000002,POL,920120
31720983,177,9860,2016,8218344.0,6053973.0,1.146113,1.239532,POL,920120
31720984,177,9860,2017,7457733.0,7536025.0,1.197417,1.092716,POL,920120
31720985,177,9860,2018,8388301.0,8216403.0,1.132475,1.258945,POL,920120
31720986,177,9860,2019,8368687.0,7453854.0,1.088347,1.275875,POL,920120
31720987,177,9860,2020,8308994.0,5937792.0,1.0227979999999999,1.4079139999999999,POL,920120
31720988,178,9860,1995,58411.0,5119.0,0.46509799999999996,0.645496,PRK,920120
31720989,178,9860,1996,0.0,21541.0,0.725014,1.20189,PRK,920120
31720990,178,9860,1997,51826.0,0.0,0.701604,0.649257,PRK,920120
31720991,178,9860,1998,55053.0,12190.0,0.7417239999999999,0.899826,PRK,920120
31720992,178,9860,1999,95279.0,0.0,0.536814,0.980433,PRK,920120
31720993,178,9860,2000,13093.0,0.0,0.786946,1.0068290000000002,PRK,920120
31720994,178,9860,2001,4482.0,23044.0,0.62773,1.010888,PRK,920120
31720995,178,9860,2002,3363.0,592000.0,0.43756999999999996,0.744264,PRK,920120
31720996,178,9860,2003,0.0,1271994.0,0.7060420000000001,0.7718,PRK,920120
31720997,178,9860,2004,0.0,139135.0,0.578991,0.781518,PRK,920120
31720998,178,9860,2005,13415.0,200632.0,0.712403,0.8739520000000001,PRK,920120
31720999,178,9860,2006,0.0,122414.0,0.548754,0.763313,PRK,920120
31721000,178,9860,2007,9445.0,2800.0,0.799712,0.8789370000000001,PRK,920120
31721001,178,9860,2008,0.0,729453.0,0.6970609999999999,0.88018,PRK,920120
31721002,178,9860,2009,0.0,41202.0,0.608089,0.709831,PRK,920120
31721003,178,9860,2010,0.0,5150.0,0.348511,0.466229,PRK,920120
31721004,178,9860,2011,0.0,314006.0,-0.024317,-0.154781,PRK,920120
31721005,178,9860,2012,0.0,366781.0,-0.120826,0.131138,PRK,920120
31721006,178,9860,2013,15061.0,98179.0,-0.414538,-0.22449299999999997,PRK,920120
31721007,178,9860,2014,0.0,26750.0,-0.23883000000000001,-0.009727,PRK,920120
31721008,178,9860,2015,0.0,27001.0,-0.404818,-0.075235,PRK,920120
31721009,178,9860,2016,0.0,28854.0,-0.512374,-0.143648,PRK,920120
31721010,178,9860,2017,,,-0.353642,-0.08027000000000001,PRK,920120
31721011,178,9860,2018,0.0,1000.0,0.714618,0.47291700000000003,PRK,920120
31721012,178,9860,2019,1608.0,92155.0,1.049447,0.46940699999999996,PRK,920120
31721013,178,9860,2020,0.0,71495.0,1.162417,0.494306,PRK,920120
31721014,179,9860,1995,68151.0,697093.0,0.412677,1.254009,PRT,920120
31721015,179,9860,1996,0.0,588307.0,0.39343,1.170144,PRT,920120
31721016,179,9860,1997,5196.0,810699.0,0.379367,1.296551,PRT,920120
31721017,179,9860,1998,0.0,945792.0,0.39771999999999996,1.303603,PRT,920120
31721018,179,9860,1999,5846.0,957008.0,0.420538,1.379359,PRT,920120
31721019,179,9860,2000,0.0,1125896.0,0.547816,1.70635,PRT,920120
31721020,179,9860,2001,0.0,789387.0,0.482048,1.662123,PRT,920120
31721021,179,9860,2002,29374.0,837885.0,0.484407,1.6500080000000001,PRT,920120
31721022,179,9860,2003,3775.0,1074981.0,0.471376,1.647303,PRT,920120
31721023,179,9860,2004,57384.0,1002950.0,0.524524,1.901139,PRT,920120
31721024,179,9860,2005,20010.0,1909361.0,0.5119819999999999,1.901636,PRT,920120
31721025,179,9860,2006,10815.0,1575291.0,0.5723630000000001,1.92303,PRT,920120
31721026,179,9860,2007,11536.0,1644863.0,0.621302,1.971656,PRT,920120
31721027,179,9860,2008,82994.0,1922093.0,0.64135,2.1946939999999997,PRT,920120
31721028,179,9860,2009,88447.0,903725.0,0.559189,2.4359919999999997,PRT,920120
31721029,179,9860,2010,4335.0,1353440.0,0.551149,2.437209,PRT,920120
31721030,179,9860,2011,19117.0,1716710.0,0.558481,2.7056240000000003,PRT,920120
31721031,179,9860,2012,240647.0,1017738.0,0.648544,2.405491,PRT,920120
31721032,179,9860,2013,70367.0,522395.0,0.541454,2.5228610000000002,PRT,920120
31721033,179,9860,2014,128179.0,644485.0,0.621053,2.349644,PRT,920120
31721034,179,9860,2015,175179.0,654596.0,0.561922,2.2276380000000002,PRT,920120
31721035,179,9860,2016,4618.0,736493.0,0.519621,2.254972,PRT,920120
31721036,179,9860,2017,49222.0,1378104.0,0.527046,2.264624,PRT,920120
31721037,179,9860,2018,80033.0,1034417.0,0.652628,2.211758,PRT,920120
31721038,179,9860,2019,96987.0,1022453.0,0.545467,2.344447,PRT,920120
31721039,179,9860,2020,56052.0,973413.0,0.656999,2.1136470000000003,PRT,920120
31721040,180,9860,1995,0.0,17535.0,-0.283544,-0.640898,PRY,920120
31721041,180,9860,1996,0.0,7758.0,-0.506178,-0.712851,PRY,920120
31721042,180,9860,1997,0.0,40133.0,-0.44951,-0.818817,PRY,920120
31721043,180,9860,1998,0.0,13261.0,-0.204539,-0.766486,PRY,920120
31721044,180,9860,1999,0.0,5376.0,-0.541387,-0.863967,PRY,920120
31721045,180,9860,2000,0.0,12426.0,-0.774476,-0.980039,PRY,920120
31721046,180,9860,2001,0.0,23795.0,-0.68893,-0.9326690000000001,PRY,920120
31721047,180,9860,2002,0.0,27003.0,-0.614282,-0.963832,PRY,920120
31721048,180,9860,2003,0.0,38171.0,-0.607733,-0.8577879999999999,PRY,920120
31721049,180,9860,2004,0.0,3103.0,-0.64574,-0.978875,PRY,920120
31721050,180,9860,2005,0.0,37269.0,-0.7109880000000001,-0.8740680000000001,PRY,920120
31721051,180,9860,2006,,,-0.520435,-0.7839119999999999,PRY,920120
31721052,180,9860,2007,,,-0.500617,-0.814385,PRY,920120
31721053,180,9860,2008,0.0,32963.0,-0.556298,-0.9503780000000001,PRY,920120
31721054,180,9860,2009,0.0,9963.0,-0.564858,-0.941735,PRY,920120
31721055,180,9860,2010,0.0,10235.0,-0.553805,-0.8699450000000001,PRY,920120
31721056,180,9860,2011,0.0,41337.0,-0.548759,-0.877743,PRY,920120
31721057,180,9860,2012,0.0,161505.0,-0.497895,-0.9197299999999999,PRY,920120
31721058,180,9860,2013,0.0,107206.0,-0.566239,-0.9273459999999999,PRY,920120
31721059,180,9860,2014,0.0,89077.0,-0.608509,-0.930679,PRY,920120
31721060,180,9860,2015,0.0,26778.0,-0.471106,-0.9431139999999999,PRY,920120
31721061,180,9860,2016,0.0,61339.0,-0.660702,-1.0329979999999999,PRY,920120
31721062,180,9860,2017,0.0,11489.0,-0.437741,-0.9248879999999999,PRY,920120
31721063,180,9860,2018,0.0,84409.0,-0.614751,-0.952478,PRY,920120
31721064,180,9860,2019,0.0,40221.0,-0.500999,-0.8635219999999999,PRY,920120
31721065,180,9860,2020,0.0,57792.0,-0.45920600000000006,-0.930341,PRY,920120
31721066,181,9860,1995,,,,,PSE,920120
31721067,181,9860,1996,,,,,PSE,920120
31721068,181,9860,1997,,,,,PSE,920120
31721069,181,9860,1998,,,,,PSE,920120
31721070,181,9860,1999,,,,,PSE,920120
31721071,181,9860,2000,,,1.1113879999999998,0.320747,PSE,920120
31721072,181,9860,2001,,,0.60735,-0.027356000000000002,PSE,920120
31721073,181,9860,2002,,,0.394636,-0.286194,PSE,920120
31721074,181,9860,2003,,,0.657296,0.220183,PSE,920120
31721075,181,9860,2004,,,-0.20239100000000002,-0.6123460000000001,PSE,920120
31721076,181,9860,2005,,,0.12721400000000002,-0.38598699999999997,PSE,920120
31721077,181,9860,2006,,,-0.03464,-0.487188,PSE,920120
31721078,181,9860,2007,,,0.16788499999999998,0.689805,PSE,920120
31721079,181,9860,2008,,,0.19076300000000002,1.019001,PSE,920120
31721080,181,9860,2009,,,0.119192,0.6390680000000001,PSE,920120
31721081,181,9860,2010,,,0.12470099999999999,0.576382,PSE,920120
31721082,181,9860,2011,,,0.07902999999999999,0.550277,PSE,920120
31721083,181,9860,2012,,,0.219288,0.620059,PSE,920120
31721084,181,9860,2013,,,0.072979,0.7099260000000001,PSE,920120
31721085,181,9860,2014,,,0.030643,0.601905,PSE,920120
31721086,181,9860,2015,,,0.060575,0.5649489999999999,PSE,920120
31721087,181,9860,2016,0.0,3366.0,-0.067187,0.535972,PSE,920120
31721088,181,9860,2017,,,0.11852,0.609241,PSE,920120
31721089,181,9860,2018,,,0.096402,0.735946,PSE,920120
31721090,181,9860,2019,,,0.05640800000000001,0.708102,PSE,920120
31721091,181,9860,2020,0.0,3889.0,0.162235,0.828319,PSE,920120
31721092,182,9860,1995,0.0,31867.0,-0.33641,-0.696238,PYF,920120
31721093,182,9860,1996,0.0,5071.0,0.845308,-0.31763,PYF,920120
31721094,182,9860,1997,0.0,41655.0,0.333947,-0.5391560000000001,PYF,920120
31721095,182,9860,1998,0.0,4460.0,0.422645,-0.607595,PYF,920120
31721096,182,9860,1999,0.0,5012.0,0.281327,-0.624142,PYF,920120
31721097,182,9860,2000,0.0,12528.0,0.01154,-0.6676880000000001,PYF,920120
31721098,182,9860,2001,0.0,8681.0,-0.005456,-0.7210770000000001,PYF,920120
31721099,182,9860,2002,0.0,56743.0,0.042936,-0.7421840000000001,PYF,920120
31721100,182,9860,2003,0.0,77704.0,-0.255707,-0.676557,PYF,920120
31721101,182,9860,2004,0.0,5015.0,-0.414954,-0.773736,PYF,920120
31721102,182,9860,2005,0.0,26569.0,-0.46358999999999995,-0.801909,PYF,920120
31721103,182,9860,2006,0.0,27696.0,-0.213329,-0.743599,PYF,920120
31721104,182,9860,2007,0.0,53374.0,-0.72809,-0.9329620000000001,PYF,920120
31721105,182,9860,2008,0.0,22574.0,-0.255879,-0.714841,PYF,920120
31721106,182,9860,2009,0.0,22799.0,-0.440014,-0.835513,PYF,920120
31721107,182,9860,2010,,,-0.47692700000000005,-0.8429760000000001,PYF,920120
31721108,182,9860,2011,0.0,30687.0,0.37798000000000004,-0.460049,PYF,920120
31721109,182,9860,2012,,,-0.131116,-0.6672819999999999,PYF,920120
31721110,182,9860,2013,,,-0.146044,-0.7055359999999999,PYF,920120
31721111,182,9860,2014,,,0.008831,-0.6268279999999999,PYF,920120
31721112,182,9860,2015,0.0,6255.0,-0.301696,-0.795154,PYF,920120
31721113,182,9860,2016,0.0,42315.0,0.11597400000000001,-0.657672,PYF,920120
31721114,182,9860,2017,0.0,82144.0,-0.1278,-0.748387,PYF,920120
31721115,182,9860,2018,0.0,19726.0,0.21430300000000002,-0.484076,PYF,920120
31721116,182,9860,2019,,,0.30119,-0.39213000000000003,PYF,920120
31721117,182,9860,2020,0.0,43371.0,0.640838,-0.11156300000000001,PYF,920120
31721118,183,9860,1995,,,-0.721352,-1.0827799999999999,QAT,920120
31721119,183,9860,1996,0.0,8428.0,-0.48203500000000005,-1.117173,QAT,920120
31721120,183,9860,1997,0.0,65092.0,-1.0874469999999998,-1.204852,QAT,920120
31721121,183,9860,1998,0.0,18128.0,-1.047819,-1.226928,QAT,920120
31721122,183,9860,1999,0.0,29389.0,-0.593308,-1.18811,QAT,920120
31721123,183,9860,2000,0.0,2912.0,-0.591806,-1.152123,QAT,920120
31721124,183,9860,2001,0.0,8709.0,-0.46564799999999995,-1.127634,QAT,920120
31721125,183,9860,2002,0.0,29490.0,-0.306052,-1.098296,QAT,920120
31721126,183,9860,2003,0.0,928.0,-0.209042,-1.0565799999999999,QAT,920120
31721127,183,9860,2004,0.0,9759.0,0.21713400000000002,-1.031806,QAT,920120
31721128,183,9860,2005,0.0,111386.0,0.2381,-1.0287979999999999,QAT,920120
31721129,183,9860,2006,0.0,29453.0,0.055777999999999994,-1.0379049999999999,QAT,920120
31721130,183,9860,2007,10820.0,89265.0,0.20181500000000002,-0.9898110000000001,QAT,920120
31721131,183,9860,2008,0.0,264653.0,-0.36390900000000004,-1.0045549999999999,QAT,920120
31721132,183,9860,2009,0.0,19493.0,-0.484947,-1.07179,QAT,920120
31721133,183,9860,2010,0.0,406882.0,-0.346143,-1.078192,QAT,920120
31721134,183,9860,2011,0.0,1839518.0,-0.45851899999999995,-1.017033,QAT,920120
31721135,183,9860,2012,27353.0,1079307.0,-0.558014,-1.012392,QAT,920120
31721136,183,9860,2013,0.0,445284.0,-0.083649,-1.013491,QAT,920120
31721137,183,9860,2014,40305.0,474251.0,-0.37535599999999997,-1.0196370000000001,QAT,920120
31721138,183,9860,2015,203925.0,889406.0,-0.077053,-0.9922719999999999,QAT,920120
31721139,183,9860,2016,0.0,369396.0,-0.36124,-1.106629,QAT,920120
31721140,183,9860,2017,0.0,114812.0,-0.361327,-1.066869,QAT,920120
31721141,183,9860,2018,0.0,376800.0,-0.068401,-1.014732,QAT,920120
31721142,183,9860,2019,0.0,415042.0,-0.064127,-1.065046,QAT,920120
31721143,183,9860,2020,488.0,193192.0,-0.028836,-1.0183950000000002,QAT,920120
31721144,184,9860,1995,14744.0,8296.0,0.728825,-0.178569,REU,920120
31721145,184,9860,1996,,,,,REU,920120
31721146,184,9860,1997,,,,,REU,920120
31721147,184,9860,1998,,,,,REU,920120
31721148,184,9860,1999,,,,,REU,920120
31721149,184,9860,2000,,,,,REU,920120
31721150,184,9860,2001,,,,,REU,920120
31721151,184,9860,2002,,,,,REU,920120
31721152,184,9860,2003,,,,,REU,920120
31721153,184,9860,2004,,,,,REU,920120
31721154,184,9860,2005,,,,,REU,920120
31721155,184,9860,2006,,,,,REU,920120
31721156,184,9860,2007,,,,,REU,920120
31721157,184,9860,2008,,,,,REU,920120
31721158,184,9860,2009,,,,,REU,920120
31721159,184,9860,2010,,,,,REU,920120
31721160,184,9860,2011,,,,,REU,920120
31721161,184,9860,2012,,,,,REU,920120
31721162,184,9860,2013,,,,,REU,920120
31721163,184,9860,2014,,,,,REU,920120
31721164,184,9860,2015,,,,,REU,920120
31721165,184,9860,2016,,,,,REU,920120
31721166,184,9860,2017,,,,,REU,920120
31721167,184,9860,2018,,,,,REU,920120
31721168,184,9860,2019,,,,,REU,920120
31721169,184,9860,2020,,,,,REU,920120
31721170,185,9860,1995,4130.0,186402.0,0.621468,1.038729,ROU,920120
31721171,185,9860,1996,55735.0,129173.0,0.612035,0.880964,ROU,920120
31721172,185,9860,1997,3577.0,55731.0,0.44381000000000004,1.084109,ROU,920120
31721173,185,9860,1998,9814.0,18372.0,0.315392,0.961176,ROU,920120
31721174,185,9860,1999,28242.0,117470.0,0.253874,0.8322709999999999,ROU,920120
31721175,185,9860,2000,29932.0,116056.0,0.39034,0.84193,ROU,920120
31721176,185,9860,2001,37969.0,49522.0,0.326733,1.005332,ROU,920120
31721177,185,9860,2002,5879.0,28751.0,0.29888200000000004,0.980376,ROU,920120
31721178,185,9860,2003,5363.0,126812.0,0.378379,1.0064620000000002,ROU,920120
31721179,185,9860,2004,7399.0,48981.0,0.37241599999999997,1.015865,ROU,920120
31721180,185,9860,2005,41576.0,374807.0,0.371288,1.095875,ROU,920120
31721181,185,9860,2006,149049.0,932953.0,0.550825,1.170744,ROU,920120
31721182,185,9860,2007,162724.0,380430.0,0.69445,1.223747,ROU,920120
31721183,185,9860,2008,159733.0,647139.0,0.784924,1.235527,ROU,920120
31721184,185,9860,2009,24777.0,253571.0,0.833802,1.024418,ROU,920120
31721185,185,9860,2010,0.0,401767.0,0.6483760000000001,1.200256,ROU,920120
31721186,185,9860,2011,79544.0,468904.0,0.722,1.296655,ROU,920120
31721187,185,9860,2012,26734.0,320592.0,0.745926,1.2884719999999998,ROU,920120
31721188,185,9860,2013,225905.0,418816.0,0.792035,1.225034,ROU,920120
31721189,185,9860,2014,45290.0,749901.0,0.9112,1.188161,ROU,920120
31721190,185,9860,2015,0.0,277599.0,0.946363,1.056775,ROU,920120
31721191,185,9860,2016,48004.0,368111.0,1.061259,0.9878870000000001,ROU,920120
31721192,185,9860,2017,0.0,382433.0,1.05479,0.9842219999999999,ROU,920120
31721193,185,9860,2018,285399.0,1035144.0,1.050715,1.04471,ROU,920120
31721194,185,9860,2019,367963.0,1307315.0,1.044289,1.013691,ROU,920120
31721195,185,9860,2020,313478.0,852712.0,1.13426,0.9767809999999999,ROU,920120
31721196,186,9860,1995,293418.0,1766445.0,0.364437,0.171494,RUS,920120
31721197,186,9860,1996,184710.0,1942576.0,0.900185,0.47723000000000004,RUS,920120
31721198,186,9860,1997,58333.0,1820322.0,0.87377,0.423861,RUS,920120
31721199,186,9860,1998,113704.0,906345.0,0.93909,0.59719,RUS,920120
31721200,186,9860,1999,130049.0,600904.0,0.903308,0.590858,RUS,920120
31721201,186,9860,2000,237319.0,883110.0,0.976274,0.42859200000000003,RUS,920120
31721202,186,9860,2001,369881.0,2008933.0,0.945816,0.35027600000000003,RUS,920120
31721203,186,9860,2002,287703.0,2862752.0,1.109397,0.424229,RUS,920120
31721204,186,9860,2003,72813.0,4156536.0,1.072729,0.338355,RUS,920120
31721205,186,9860,2004,18702.0,4594362.0,0.8952399999999999,0.172896,RUS,920120
31721206,186,9860,2005,33575.0,7659684.0,0.901675,0.061595000000000004,RUS,920120
31721207,186,9860,2006,109903.0,7062779.0,0.801197,0.104683,RUS,920120
31721208,186,9860,2007,3153.0,12054272.0,0.5576399999999999,-0.05382000000000001,RUS,920120
31721209,186,9860,2008,11989.0,18217208.0,0.559059,-0.00886,RUS,920120
31721210,186,9860,2009,0.0,6647985.0,0.392478,-0.20038399999999998,RUS,920120
31721211,186,9860,2010,41615.0,10345429.0,0.583996,-0.223881,RUS,920120
31721212,186,9860,2011,236190.0,12675348.0,0.47319399999999995,-0.20801599999999998,RUS,920120
31721213,186,9860,2012,699082.0,14271221.0,0.20625500000000002,-0.196697,RUS,920120
31721214,186,9860,2013,76550.0,12450295.0,0.481166,-0.180052,RUS,920120
31721215,186,9860,2014,80663.0,15815110.0,0.229422,-0.214856,RUS,920120
31721216,186,9860,2015,59482.0,6207178.0,0.23119,0.035965,RUS,920120
31721217,186,9860,2016,56663.0,3593022.0,0.252891,0.200423,RUS,920120
31721218,186,9860,2017,138399.0,6501258.0,0.32885,0.288392,RUS,920120
31721219,186,9860,2018,201552.0,7481040.0,0.21398000000000003,0.100414,RUS,920120
31721220,186,9860,2019,485792.0,10640337.0,0.329884,0.26215,RUS,920120
31721221,186,9860,2020,209729.0,11957380.0,0.373882,0.42102700000000004,RUS,920120
31721222,187,9860,1995,,,-0.18641,-0.6206729999999999,RWA,920120
31721223,187,9860,1996,,,0.07343,-0.520246,RWA,920120
31721224,187,9860,1997,,,-0.412674,-0.735488,RWA,920120
31721225,187,9860,1998,,,-0.38756399999999996,-0.7770130000000001,RWA,920120
31721226,187,9860,1999,,,-0.747449,-0.832043,RWA,920120
31721227,187,9860,2000,,,-0.346668,-0.7081270000000001,RWA,920120
31721228,187,9860,2001,,,-1.260879,-0.861347,RWA,920120
31721229,187,9860,2002,,,-0.553848,-0.757714,RWA,920120
31721230,187,9860,2003,,,-0.99513,-0.852476,RWA,920120
31721231,187,9860,2004,0.0,684.0,-1.3952870000000002,-0.950857,RWA,920120
31721232,187,9860,2005,,,-0.6467470000000001,-0.66747,RWA,920120
31721233,187,9860,2006,0.0,9739.0,-0.032827999999999996,-0.42937600000000004,RWA,920120
31721234,187,9860,2007,0.0,1676.0,-0.383017,-0.49216899999999997,RWA,920120
31721235,187,9860,2008,0.0,5682.0,-0.770307,-0.650779,RWA,920120
31721236,187,9860,2009,,,-0.31001599999999996,-0.5382170000000001,RWA,920120
31721237,187,9860,2010,0.0,29794.0,-0.6033350000000001,-0.524881,RWA,920120
31721238,187,9860,2011,0.0,55552.0,-0.684475,-0.690734,RWA,920120
31721239,187,9860,2012,0.0,24936.0,-0.672906,-0.72154,RWA,920120
31721240,187,9860,2013,0.0,20878.0,-0.490519,-0.48427700000000007,RWA,920120
31721241,187,9860,2014,0.0,20365.0,-0.5692659999999999,-0.447859,RWA,920120
31721242,187,9860,2015,0.0,27986.0,-0.755738,-0.4423,RWA,920120
31721243,187,9860,2016,0.0,7437.0,-0.5802149999999999,-0.568327,RWA,920120
31721244,187,9860,2017,,,-0.7610319999999999,-0.680251,RWA,920120
31721245,187,9860,2018,0.0,7874.0,-0.618925,-0.788172,RWA,920120
31721246,187,9860,2019,,,-0.812602,-0.737603,RWA,920120
31721247,187,9860,2020,,,-0.923618,-0.975133,RWA,920120
31721248,188,9860,1995,0.0,188368.0,0.401573,-0.6676529999999999,SAU,920120
31721249,188,9860,1996,0.0,177445.0,0.215265,-0.8577309999999999,SAU,920120
31721250,188,9860,1997,2563.0,151010.0,0.015040000000000001,-0.954475,SAU,920120
31721251,188,9860,1998,10336.0,66853.0,0.521849,-0.7550899999999999,SAU,920120
31721252,188,9860,1999,1051.0,63753.0,0.553028,-0.527401,SAU,920120
31721253,188,9860,2000,779.0,40439.0,0.588175,-0.74197,SAU,920120
31721254,188,9860,2001,0.0,52337.0,0.5370550000000001,-0.793469,SAU,920120
31721255,188,9860,2002,1062.0,36469.0,0.082107,-0.843317,SAU,920120
31721256,188,9860,2003,9096.0,94972.0,0.202286,-0.714691,SAU,920120
31721257,188,9860,2004,0.0,124664.0,0.546196,-0.7014729999999999,SAU,920120
31721258,188,9860,2005,0.0,15525.0,0.678873,-0.759985,SAU,920120
31721259,188,9860,2006,0.0,142677.0,0.162432,-0.853059,SAU,920120
31721260,188,9860,2007,0.0,183810.0,0.367463,-0.8603709999999999,SAU,920120
31721261,188,9860,2008,0.0,19058.0,-0.09849400000000001,-0.8998309999999999,SAU,920120
31721262,188,9860,2009,0.0,69451.0,0.300581,-0.813199,SAU,920120
31721263,188,9860,2010,0.0,55076.0,0.46696400000000005,-0.7487520000000001,SAU,920120
31721264,188,9860,2011,2662.0,32138.0,0.354045,-0.800028,SAU,920120
31721265,188,9860,2012,4010.0,616453.0,0.42235200000000006,-0.818584,SAU,920120
31721266,188,9860,2013,203824.0,159908.0,0.626347,-0.844406,SAU,920120
31721267,188,9860,2014,0.0,493284.0,0.5758439999999999,-0.832692,SAU,920120
31721268,188,9860,2015,0.0,83452.0,0.5552520000000001,-0.7263229999999999,SAU,920120
31721269,188,9860,2016,0.0,41767.0,0.394807,-0.638644,SAU,920120
31721270,188,9860,2017,408289.0,712200.0,0.597716,-0.345049,SAU,920120
31721271,188,9860,2018,0.0,798487.0,0.5801810000000001,-0.447514,SAU,920120
31721272,188,9860,2019,6625.0,684143.0,0.787798,-0.41350600000000004,SAU,920120
31721273,188,9860,2020,0.0,205701.0,0.662925,-0.21661999999999998,SAU,920120
31721274,189,9860,1995,0.0,10555.0,1.032118,1.180409,SCG,920120
31721275,189,9860,1996,0.0,142675.0,0.786293,2.20126,SCG,920120
31721276,189,9860,1997,2857.0,101946.0,0.659904,1.702849,SCG,920120
31721277,189,9860,1998,0.0,20113.0,0.603733,1.535453,SCG,920120
31721278,189,9860,1999,0.0,1512.0,0.607596,2.222456,SCG,920120
31721279,189,9860,2000,0.0,58087.0,0.609133,2.278384,SCG,920120
31721280,189,9860,2001,0.0,13097.0,0.45280200000000004,2.469852,SCG,920120
31721281,189,9860,2002,0.0,42725.0,0.55781,2.135925,SCG,920120
31721282,189,9860,2003,0.0,47488.0,0.575326,1.627894,SCG,920120
31721283,189,9860,2004,29841.0,257701.0,0.628071,2.210424,SCG,920120
31721284,189,9860,2005,0.0,309900.0,0.560725,1.62105,SCG,920120
31721285,189,9860,2006,,,,,SCG,920120
31721286,189,9860,2007,,,,,SCG,920120
31721287,189,9860,2008,,,,,SCG,920120
31721288,189,9860,2009,,,,,SCG,920120
31721289,189,9860,2010,,,,,SCG,920120
31721290,189,9860,2011,,,,,SCG,920120
31721291,189,9860,2012,,,,,SCG,920120
31721292,189,9860,2013,,,,,SCG,920120
31721293,189,9860,2014,,,,,SCG,920120
31721294,189,9860,2015,,,,,SCG,920120
31721295,189,9860,2016,,,,,SCG,920120
31721296,189,9860,2017,,,,,SCG,920120
31721297,189,9860,2018,,,,,SCG,920120
31721298,189,9860,2019,,,,,SCG,920120
31721299,189,9860,2020,,,,,SCG,920120
31721300,190,9860,1995,,,-0.776567,-0.963823,SDN,920120
31721301,190,9860,1996,,,-1.4146459999999998,-1.181707,SDN,920120
31721302,190,9860,1997,,,-1.300352,-1.199816,SDN,920120
31721303,190,9860,1998,,,-1.034858,-1.089854,SDN,920120
31721304,190,9860,1999,,,-1.321619,-1.162911,SDN,920120
31721305,190,9860,2000,,,-1.5105899999999999,-1.2287549999999998,SDN,920120
31721306,190,9860,2001,,,-1.6325180000000001,-1.263267,SDN,920120
31721307,190,9860,2002,,,-1.499925,-1.228374,SDN,920120
31721308,190,9860,2003,,,-1.3535059999999999,-1.1701409999999999,SDN,920120
31721309,190,9860,2004,,,-1.5346309999999999,-1.2599559999999999,SDN,920120
31721310,190,9860,2005,,,-1.5685850000000001,-1.243433,SDN,920120
31721311,190,9860,2006,0.0,16994.0,-1.873762,-1.278378,SDN,920120
31721312,190,9860,2007,,,-1.978359,-1.316172,SDN,920120
31721313,190,9860,2008,0.0,589.0,-2.095439,-1.263511,SDN,920120
31721314,190,9860,2009,,,-2.2948020000000002,-1.3182040000000002,SDN,920120
31721315,190,9860,2010,0.0,4637.0,-1.9094669999999998,-1.271065,SDN,920120
31721316,190,9860,2011,0.0,3370.0,-2.1675869999999997,-1.249272,SDN,920120
31721317,190,9860,2012,0.0,7167.0,-1.316171,-1.1347610000000001,SDN,920120
31721318,190,9860,2013,0.0,6132.0,-1.254944,-1.073564,SDN,920120
31721319,190,9860,2014,,,-1.442381,-1.1155030000000001,SDN,920120
31721320,190,9860,2015,,,-1.420356,-1.218424,SDN,920120
31721321,190,9860,2016,,,-1.216141,-1.191648,SDN,920120
31721322,190,9860,2017,,,-1.567691,-1.257164,SDN,920120
31721323,190,9860,2018,3919.0,1954.0,-1.278532,-1.176008,SDN,920120
31721324,190,9860,2019,,,-1.25579,-1.208796,SDN,920120
31721325,190,9860,2020,0.0,10921.0,-1.380126,-1.280657,SDN,920120
31721326,191,9860,1995,,,-0.94962,-0.970988,SEN,920120
31721327,191,9860,1996,0.0,7454.0,-0.619785,-0.712171,SEN,920120
31721328,191,9860,1997,,,-0.606205,-0.727753,SEN,920120
31721329,191,9860,1998,,,-0.416955,-0.449216,SEN,920120
31721330,191,9860,1999,0.0,3604.0,-0.472473,-0.462562,SEN,920120
31721331,191,9860,2000,,,-0.46170100000000003,-0.435547,SEN,920120
31721332,191,9860,2001,0.0,3407.0,-0.437779,-0.436654,SEN,920120
31721333,191,9860,2002,,,-0.43679700000000005,-0.484176,SEN,920120
31721334,191,9860,2003,,,-0.25203600000000004,-0.25549299999999997,SEN,920120
31721335,191,9860,2004,,,-0.527127,-0.368631,SEN,920120
31721336,191,9860,2005,,,-0.279715,-0.231985,SEN,920120
31721337,191,9860,2006,,,-0.364713,-0.183612,SEN,920120
31721338,191,9860,2007,1219.0,3348.0,-0.20343599999999998,0.27211199999999997,SEN,920120
31721339,191,9860,2008,,,-0.478024,-0.313199,SEN,920120
31721340,191,9860,2009,0.0,4206.0,-0.53392,-0.415513,SEN,920120
31721341,191,9860,2010,0.0,11528.0,-0.45445,-0.148149,SEN,920120
31721342,191,9860,2011,0.0,6048.0,-0.624346,-0.308052,SEN,920120
31721343,191,9860,2012,0.0,9694.0,-0.458858,-0.172745,SEN,920120
31721344,191,9860,2013,0.0,39549.0,-0.523662,-0.309101,SEN,920120
31721345,191,9860,2014,0.0,34785.0,-0.502607,-0.08866,SEN,920120
31721346,191,9860,2015,,,-0.708349,-0.296663,SEN,920120
31721347,191,9860,2016,0.0,12695.0,-0.7061270000000001,-0.46532399999999996,SEN,920120
31721348,191,9860,2017,0.0,25539.0,-0.6722899999999999,-0.26522199999999996,SEN,920120
31721349,191,9860,2018,,,-0.751378,-0.390573,SEN,920120
31721350,191,9860,2019,,,-0.721992,-0.385479,SEN,920120
31721351,191,9860,2020,,,-0.634185,-0.398728,SEN,920120
31721352,192,9860,1995,414246.0,2453899.0,0.747684,0.4745,SGP,920120
31721353,192,9860,1996,412360.0,2366786.0,0.8354299999999999,0.41169799999999995,SGP,920120
31721354,192,9860,1997,180619.0,1979206.0,1.01557,0.360154,SGP,920120
31721355,192,9860,1998,277481.0,828912.0,1.0029709999999998,0.506545,SGP,920120
31721356,192,9860,1999,39764.0,1525220.0,1.355833,0.594305,SGP,920120
31721357,192,9860,2000,163624.0,1990121.0,1.3392389999999998,0.6035010000000001,SGP,920120
31721358,192,9860,2001,115286.0,1706387.0,1.364239,0.721074,SGP,920120
31721359,192,9860,2002,284693.0,1940382.0,1.481857,0.648889,SGP,920120
31721360,192,9860,2003,5882278.0,4029881.0,1.5080799999999999,0.720337,SGP,920120
31721361,192,9860,2004,908542.0,2921762.0,1.6409779999999998,0.634947,SGP,920120
31721362,192,9860,2005,305380.0,2324577.0,1.601677,0.49930399999999997,SGP,920120
31721363,192,9860,2006,1144547.0,3634183.0,1.5377379999999998,0.503089,SGP,920120
31721364,192,9860,2007,501311.0,3650573.0,1.608299,0.545791,SGP,920120
31721365,192,9860,2008,758392.0,3837581.0,1.844543,0.5947020000000001,SGP,920120
31721366,192,9860,2009,330783.0,2747113.0,1.9503540000000001,0.498033,SGP,920120
31721367,192,9860,2010,980858.0,3576059.0,1.8441349999999999,0.570311,SGP,920120
31721368,192,9860,2011,1666145.0,4886192.0,1.849116,0.52127,SGP,920120
31721369,192,9860,2012,531596.0,4241214.0,1.685959,0.5900989999999999,SGP,920120
31721370,192,9860,2013,1352466.0,4168329.0,1.915504,0.619576,SGP,920120
31721371,192,9860,2014,936406.0,4581762.0,1.867492,0.626736,SGP,920120
31721372,192,9860,2015,1339364.0,3791351.0,2.05613,0.593065,SGP,920120
31721373,192,9860,2016,1145855.0,3693456.0,2.089995,0.564921,SGP,920120
31721374,192,9860,2017,760032.0,4440213.0,1.884166,0.37903600000000004,SGP,920120
31721375,192,9860,2018,914675.0,4213182.0,1.914132,0.652011,SGP,920120
31721376,192,9860,2019,1213551.0,5500511.0,2.0264599999999997,0.665506,SGP,920120
31721377,192,9860,2020,999379.0,4390901.0,1.948379,0.610574,SGP,920120
31721378,193,9860,1995,,,,,SGS,920120
31721379,193,9860,1996,,,,,SGS,920120
31721380,193,9860,1997,,,,,SGS,920120
31721381,193,9860,1998,,,,,SGS,920120
31721382,193,9860,1999,,,,,SGS,920120
31721383,193,9860,2000,,,1.0955629999999998,-0.8769889999999999,SGS,920120
31721384,193,9860,2001,,,2.301104,-0.772378,SGS,920120
31721385,193,9860,2002,,,1.458389,-0.695846,SGS,920120
31721386,193,9860,2003,,,2.127043,-0.5255029999999999,SGS,920120
31721387,193,9860,2004,,,0.842463,-0.7492949999999999,SGS,920120
31721388,193,9860,2005,,,0.199141,-0.749854,SGS,920120
31721389,193,9860,2006,,,1.378112,-0.634744,SGS,920120
31721390,193,9860,2007,,,0.34491,-0.819142,SGS,920120
31721391,193,9860,2008,,,0.6732520000000001,-0.753207,SGS,920120
31721392,193,9860,2009,,,0.402905,-0.810702,SGS,920120
31721393,193,9860,2010,,,1.2057209999999998,-0.560959,SGS,920120
31721394,193,9860,2011,,,1.576694,-0.29165,SGS,920120
31721395,193,9860,2012,,,1.397512,-0.576494,SGS,920120
31721396,193,9860,2013,,,1.546034,-0.626796,SGS,920120
31721397,193,9860,2014,,,1.081216,-0.787072,SGS,920120
31721398,193,9860,2015,,,1.469511,-0.7100390000000001,SGS,920120
31721399,193,9860,2016,,,0.258303,-0.880397,SGS,920120
31721400,193,9860,2017,,,-0.5412710000000001,-0.9102959999999999,SGS,920120
31721401,193,9860,2018,,,1.440776,-0.745492,SGS,920120
31721402,193,9860,2019,,,1.5469030000000001,-0.643552,SGS,920120
31721403,193,9860,2020,,,0.784489,-0.8282940000000001,SGS,920120
31721404,194,9860,1995,,,0.40997100000000003,-0.490967,SHN,920120
31721405,194,9860,1996,,,0.500915,-0.40995299999999996,SHN,920120
31721406,194,9860,1997,0.0,41437.0,1.05749,-0.006716,SHN,920120
31721407,194,9860,1998,,,1.217565,0.012991999999999998,SHN,920120
31721408,194,9860,1999,,,1.401577,-0.029898,SHN,920120
31721409,194,9860,2000,,,1.385622,0.113301,SHN,920120
31721410,194,9860,2001,,,1.112486,-0.248761,SHN,920120
31721411,194,9860,2002,,,1.4834459999999998,0.014774,SHN,920120
31721412,194,9860,2003,,,0.9663959999999999,0.042493,SHN,920120
31721413,194,9860,2004,,,1.33404,0.133851,SHN,920120
31721414,194,9860,2005,,,1.225797,-0.014991999999999998,SHN,920120
31721415,194,9860,2006,,,1.281841,-0.043162,SHN,920120
31721416,194,9860,2007,,,1.208618,-0.183449,SHN,920120
31721417,194,9860,2008,,,0.810149,-0.452734,SHN,920120
31721418,194,9860,2009,,,0.99651,-0.284003,SHN,920120
31721419,194,9860,2010,,,0.7653979999999999,-0.466484,SHN,920120
31721420,194,9860,2011,,,1.003319,-0.150035,SHN,920120
31721421,194,9860,2012,,,1.103221,-0.11403599999999998,SHN,920120
31721422,194,9860,2013,,,1.221748,-0.206857,SHN,920120
31721423,194,9860,2014,,,1.125419,-0.183407,SHN,920120
31721424,194,9860,2015,,,1.256851,-0.270048,SHN,920120
31721425,194,9860,2016,,,1.4505700000000001,-0.313714,SHN,920120
31721426,194,9860,2017,,,0.984775,-0.455862,SHN,920120
31721427,194,9860,2018,,,0.8986370000000001,-0.544551,SHN,920120
31721428,194,9860,2019,,,1.242378,-0.470654,SHN,920120
31721429,194,9860,2020,,,1.4857989999999999,-0.43997700000000006,SHN,920120
31721430,195,9860,1995,,,-1.711497,-0.879611,SLB,920120
31721431,195,9860,1996,,,-1.855104,-0.895618,SLB,920120
31721432,195,9860,1997,,,-2.247325,-0.982799,SLB,920120
31721433,195,9860,1998,,,-1.512541,-0.9275700000000001,SLB,920120
31721434,195,9860,1999,,,-1.9334959999999999,-0.9984879999999999,SLB,920120
31721435,195,9860,2000,,,-0.712501,-0.829672,SLB,920120
31721436,195,9860,2001,,,-0.325802,-0.726847,SLB,920120
31721437,195,9860,2002,,,-0.5305449999999999,-0.8186720000000001,SLB,920120
31721438,195,9860,2003,,,-1.342629,-0.900968,SLB,920120
31721439,195,9860,2004,,,-1.4911,-0.999592,SLB,920120
31721440,195,9860,2005,,,-1.5026950000000001,-0.9389040000000001,SLB,920120
31721441,195,9860,2006,,,-1.501072,-0.964304,SLB,920120
31721442,195,9860,2007,0.0,9635.0,-1.144843,-0.956784,SLB,920120
31721443,195,9860,2008,,,-1.70333,-1.027817,SLB,920120
31721444,195,9860,2009,,,-1.9380110000000002,-1.06035,SLB,920120
31721445,195,9860,2010,,,-1.7710650000000001,-1.033138,SLB,920120
31721446,195,9860,2011,,,-1.401353,-0.931205,SLB,920120
31721447,195,9860,2012,,,-0.935467,-0.78338,SLB,920120
31721448,195,9860,2013,,,-0.9350860000000001,-0.877676,SLB,920120
31721449,195,9860,2014,,,-0.862089,-0.9075840000000001,SLB,920120
31721450,195,9860,2015,,,-1.167451,-0.931206,SLB,920120
31721451,195,9860,2016,0.0,2989.0,-0.740271,-0.881382,SLB,920120
31721452,195,9860,2017,,,-1.153846,-0.971255,SLB,920120
31721453,195,9860,2018,,,-1.246494,-0.998495,SLB,920120
31721454,195,9860,2019,,,-1.650959,-1.013001,SLB,920120
31721455,195,9860,2020,,,-1.774857,-1.015981,SLB,920120
31721456,196,9860,1995,,,-0.176843,-0.565979,SLE,920120
31721457,196,9860,1996,,,0.208166,-0.386648,SLE,920120
31721458,196,9860,1997,,,0.181753,-0.532284,SLE,920120
31721459,196,9860,1998,,,0.11786300000000001,-0.45481499999999997,SLE,920120
31721460,196,9860,1999,,,0.5850920000000001,-0.183443,SLE,920120
31721461,196,9860,2000,,,0.489854,-0.108102,SLE,920120
31721462,196,9860,2001,,,0.331949,0.186253,SLE,920120
31721463,196,9860,2002,0.0,14857.0,0.397488,-0.027672000000000002,SLE,920120
31721464,196,9860,2003,,,0.129923,-0.19926300000000002,SLE,920120
31721465,196,9860,2004,0.0,5479.0,0.48757399999999995,-0.0064659999999999995,SLE,920120
31721466,196,9860,2005,,,0.510613,-0.040744,SLE,920120
31721467,196,9860,2006,,,0.518163,-0.032742,SLE,920120
31721468,196,9860,2007,,,-0.021377,-0.31765,SLE,920120
31721469,196,9860,2008,,,0.086769,-0.22002800000000003,SLE,920120
31721470,196,9860,2009,,,0.06259400000000001,-0.273258,SLE,920120
31721471,196,9860,2010,,,-0.056713,-0.293668,SLE,920120
31721472,196,9860,2011,,,-0.35546500000000003,-0.46134899999999995,SLE,920120
31721473,196,9860,2012,,,-0.6198279999999999,-0.627216,SLE,920120
31721474,196,9860,2013,0.0,6568.0,-0.132082,-0.552921,SLE,920120
31721475,196,9860,2014,,,-0.9228569999999999,-0.791482,SLE,920120
31721476,196,9860,2015,,,0.072324,-0.255235,SLE,920120
31721477,196,9860,2016,,,-0.184021,-0.5023920000000001,SLE,920120
31721478,196,9860,2017,,,-0.37777,-0.6353270000000001,SLE,920120
31721479,196,9860,2018,,,-0.06932999999999999,-0.36035300000000003,SLE,920120
31721480,196,9860,2019,,,-0.402403,-0.639318,SLE,920120
31721481,196,9860,2020,,,-0.122243,-0.5501010000000001,SLE,920120
31721482,197,9860,1995,,,-0.17119600000000001,0.027889999999999998,SLV,920120
31721483,197,9860,1996,0.0,25692.0,-0.24968800000000002,-0.121995,SLV,920120
31721484,197,9860,1997,,,-0.09174500000000001,-0.034391000000000005,SLV,920120
31721485,197,9860,1998,0.0,1296.0,-0.202965,-0.000499,SLV,920120
31721486,197,9860,1999,,,-0.263572,-0.121576,SLV,920120
31721487,197,9860,2000,,,-0.265907,-0.141049,SLV,920120
31721488,197,9860,2001,,,-0.181554,-0.031294,SLV,920120
31721489,197,9860,2002,,,-0.280138,-0.099225,SLV,920120
31721490,197,9860,2003,,,-0.251357,-0.189917,SLV,920120
31721491,197,9860,2004,0.0,9383.0,-0.20529499999999998,0.1116,SLV,920120
31721492,197,9860,2005,0.0,2356.0,-0.279708,0.109346,SLV,920120
31721493,197,9860,2006,0.0,9836.0,-0.135312,0.140874,SLV,920120
31721494,197,9860,2007,0.0,19506.0,-0.110573,0.184426,SLV,920120
31721495,197,9860,2008,0.0,2783.0,-0.028986,0.369501,SLV,920120
31721496,197,9860,2009,0.0,5130.0,-0.19729100000000002,0.23434899999999997,SLV,920120
31721497,197,9860,2010,,,-0.101434,0.132639,SLV,920120
31721498,197,9860,2011,0.0,8104.0,-0.09713200000000001,0.20772600000000002,SLV,920120
31721499,197,9860,2012,0.0,38664.0,0.027747000000000004,0.19003399999999998,SLV,920120
31721500,197,9860,2013,0.0,2354.0,-0.021029,0.381522,SLV,920120
31721501,197,9860,2014,0.0,23068.0,0.08653999999999999,0.29088600000000003,SLV,920120
31721502,197,9860,2015,,,0.05531900000000001,0.169073,SLV,920120
31721503,197,9860,2016,,,0.10397999999999999,0.25556599999999996,SLV,920120
31721504,197,9860,2017,0.0,1239.0,0.113639,0.23175199999999999,SLV,920120
31721505,197,9860,2018,,,0.073928,0.22548600000000002,SLV,920120
31721506,197,9860,2019,0.0,18320.0,0.014037,0.23216599999999998,SLV,920120
31721507,197,9860,2020,,,-0.003327,0.18823399999999998,SLV,920120
31721508,198,9860,1995,,,,,SMR,920120
31721509,198,9860,1996,,,,,SMR,920120
31721510,198,9860,1997,,,,,SMR,920120
31721511,198,9860,1998,,,,,SMR,920120
31721512,198,9860,1999,,,,,SMR,920120
31721513,198,9860,2000,,,1.592363,0.189098,SMR,920120
31721514,198,9860,2001,,,1.40664,-0.034707999999999996,SMR,920120
31721515,198,9860,2002,,,1.389807,0.275878,SMR,920120
31721516,198,9860,2003,,,1.147666,0.167516,SMR,920120
31721517,198,9860,2004,0.0,27135.0,1.547269,0.386809,SMR,920120
31721518,198,9860,2005,0.0,26944.0,1.238703,0.24937600000000001,SMR,920120
31721519,198,9860,2006,,,1.3203340000000001,0.385184,SMR,920120
31721520,198,9860,2007,0.0,114613.0,1.078776,0.36204899999999995,SMR,920120
31721521,198,9860,2008,0.0,193627.0,1.40611,0.6159720000000001,SMR,920120
31721522,198,9860,2009,0.0,43549.0,1.221869,0.351498,SMR,920120
31721523,198,9860,2010,36867.0,0.0,1.0115299999999998,0.29852399999999996,SMR,920120
31721524,198,9860,2011,39671.0,0.0,1.2974379999999999,0.6381760000000001,SMR,920120
31721525,198,9860,2012,0.0,6439.0,1.096372,0.608012,SMR,920120
31721526,198,9860,2013,0.0,7925.0,1.108559,0.569782,SMR,920120
31721527,198,9860,2014,0.0,9687.0,0.9675090000000001,0.582902,SMR,920120
31721528,198,9860,2015,0.0,50682.0,0.918452,0.559399,SMR,920120
31721529,198,9860,2016,2093.0,5895.0,1.086646,0.58939,SMR,920120
31721530,198,9860,2017,0.0,28356.0,0.984548,0.6116199999999999,SMR,920120
31721531,198,9860,2018,0.0,42125.0,1.1064260000000001,0.566218,SMR,920120
31721532,198,9860,2019,0.0,7894.0,1.144691,0.7038989999999999,SMR,920120
31721533,198,9860,2020,,,1.106732,0.578281,SMR,920120
31721534,199,9860,1995,,,-1.109082,-0.8426049999999999,SOM,920120
31721535,199,9860,1996,,,-1.622968,-0.912907,SOM,920120
31721536,199,9860,1997,,,-0.6645270000000001,-0.8022739999999999,SOM,920120
31721537,199,9860,1998,,,-0.684754,-0.836492,SOM,920120
31721538,199,9860,1999,,,-0.763865,-0.8889090000000001,SOM,920120
31721539,199,9860,2000,,,-0.521555,-0.8073229999999999,SOM,920120
31721540,199,9860,2001,,,-0.11677799999999999,-0.623455,SOM,920120
31721541,199,9860,2002,,,-0.055408000000000006,-0.5247470000000001,SOM,920120
31721542,199,9860,2003,,,-0.319096,-0.649003,SOM,920120
31721543,199,9860,2004,,,-0.255506,-0.6988260000000001,SOM,920120
31721544,199,9860,2005,,,-0.9431440000000001,-0.9065350000000001,SOM,920120
31721545,199,9860,2006,,,-0.8717010000000001,-0.8264969999999999,SOM,920120
31721546,199,9860,2007,,,0.19860799999999998,-0.45140399999999997,SOM,920120
31721547,199,9860,2008,,,-0.594349,-0.8550979999999999,SOM,920120
31721548,199,9860,2009,,,-0.9824440000000001,-0.99467,SOM,920120
31721549,199,9860,2010,,,-1.6843569999999999,-1.064691,SOM,920120
31721550,199,9860,2011,,,-1.509242,-0.8817309999999999,SOM,920120
31721551,199,9860,2012,,,-1.104662,-1.134201,SOM,920120
31721552,199,9860,2013,,,-1.194368,-0.915163,SOM,920120
31721553,199,9860,2014,,,-1.41991,-1.010693,SOM,920120
31721554,199,9860,2015,,,-1.716689,-1.078134,SOM,920120
31721555,199,9860,2016,,,-1.429439,-1.006612,SOM,920120
31721556,199,9860,2017,,,-1.2313479999999999,-1.063879,SOM,920120
31721557,199,9860,2018,,,-1.4787370000000002,-1.050578,SOM,920120
31721558,199,9860,2019,,,-1.046802,-0.961166,SOM,920120
31721559,199,9860,2020,,,-1.26219,-1.0055180000000001,SOM,920120
31721560,200,9860,1995,,,0.430471,-0.47626,SPM,920120
31721561,200,9860,1996,,,-0.083964,-0.600418,SPM,920120
31721562,200,9860,1997,,,0.497191,-0.46033,SPM,920120
31721563,200,9860,1998,,,1.1440860000000002,-0.16153499999999998,SPM,920120
31721564,200,9860,1999,,,-0.093305,-0.743243,SPM,920120
31721565,200,9860,2000,,,-0.645166,-0.897775,SPM,920120
31721566,200,9860,2001,,,-0.32603699999999997,-0.917085,SPM,920120
31721567,200,9860,2002,,,-1.291565,-0.9258290000000001,SPM,920120
31721568,200,9860,2003,,,0.677331,-0.645223,SPM,920120
31721569,200,9860,2004,,,-0.29473499999999997,-0.8513,SPM,920120
31721570,200,9860,2005,,,-0.591713,-0.8518979999999999,SPM,920120
31721571,200,9860,2006,,,0.207474,-0.624729,SPM,920120
31721572,200,9860,2007,,,-0.995914,-0.91112,SPM,920120
31721573,200,9860,2008,,,-0.01135,-0.8057350000000001,SPM,920120
31721574,200,9860,2009,,,-0.476847,-0.902595,SPM,920120
31721575,200,9860,2010,,,-0.740992,-0.9825139999999999,SPM,920120
31721576,200,9860,2011,,,-1.120206,-1.030257,SPM,920120
31721577,200,9860,2012,,,-0.720507,-0.8856700000000001,SPM,920120
31721578,200,9860,2013,,,0.000466,-0.672524,SPM,920120
31721579,200,9860,2014,,,0.783898,-0.540244,SPM,920120
31721580,200,9860,2015,,,1.108603,-0.356745,SPM,920120
31721581,200,9860,2016,,,0.6510100000000001,-0.494381,SPM,920120
31721582,200,9860,2017,,,0.349463,-0.554142,SPM,920120
31721583,200,9860,2018,,,0.750329,-0.6562,SPM,920120
31721584,200,9860,2019,,,0.14380199999999999,-0.788161,SPM,920120
31721585,200,9860,2020,,,0.162968,-0.736591,SPM,920120
31721586,201,9860,1995,,,,,SRB,920120
31721587,201,9860,1996,,,,,SRB,920120
31721588,201,9860,1997,,,,,SRB,920120
31721589,201,9860,1998,,,,,SRB,920120
31721590,201,9860,1999,,,,,SRB,920120
31721591,201,9860,2000,,,,,SRB,920120
31721592,201,9860,2001,,,,,SRB,920120
31721593,201,9860,2002,,,,,SRB,920120
31721594,201,9860,2003,,,,,SRB,920120
31721595,201,9860,2004,,,,,SRB,920120
31721596,201,9860,2005,0.0,118179.0,0.627272,1.170525,SRB,920120
31721597,201,9860,2006,29128.0,191688.0,0.547824,1.5588879999999998,SRB,920120
31721598,201,9860,2007,125401.0,165493.0,0.579288,1.464123,SRB,920120
31721599,201,9860,2008,25784.0,460707.0,0.615147,1.484149,SRB,920120
31721600,201,9860,2009,28836.0,200195.0,0.531766,1.477837,SRB,920120
31721601,201,9860,2010,12609.0,119460.0,0.561161,1.33974,SRB,920120
31721602,201,9860,2011,18220.0,125668.0,0.49055699999999997,1.5601399999999999,SRB,920120
31721603,201,9860,2012,1898.0,159915.0,0.5927359999999999,1.507069,SRB,920120
31721604,201,9860,2013,20753.0,57325.0,0.5717720000000001,1.174901,SRB,920120
31721605,201,9860,2014,15074.0,46466.0,0.551635,1.211535,SRB,920120
31721606,201,9860,2015,6180.0,101224.0,0.457042,1.324908,SRB,920120
31721607,201,9860,2016,14630.0,105129.0,0.501676,1.0447520000000001,SRB,920120
31721608,201,9860,2017,0.0,306477.0,0.541644,1.19872,SRB,920120
31721609,201,9860,2018,34322.0,598622.0,0.607486,1.2139389999999999,SRB,920120
31721610,201,9860,2019,0.0,315520.0,0.543913,1.210102,SRB,920120
31721611,201,9860,2020,32219.0,203759.0,0.5868399999999999,1.1187120000000002,SRB,920120
31721612,202,9860,1995,,,,,SSD,920120
31721613,202,9860,1996,,,,,SSD,920120
31721614,202,9860,1997,,,,,SSD,920120
31721615,202,9860,1998,,,,,SSD,920120
31721616,202,9860,1999,,,,,SSD,920120
31721617,202,9860,2000,,,,,SSD,920120
31721618,202,9860,2001,,,,,SSD,920120
31721619,202,9860,2002,,,,,SSD,920120
31721620,202,9860,2003,,,,,SSD,920120
31721621,202,9860,2004,,,,,SSD,920120
31721622,202,9860,2005,,,,,SSD,920120
31721623,202,9860,2006,,,,,SSD,920120
31721624,202,9860,2007,,,,,SSD,920120
31721625,202,9860,2008,,,,,SSD,920120
31721626,202,9860,2009,,,,,SSD,920120
31721627,202,9860,2010,,,,,SSD,920120
31721628,202,9860,2011,,,,,SSD,920120
31721629,202,9860,2012,,,-3.135253,-1.1242379999999998,SSD,920120
31721630,202,9860,2013,,,-2.57,-0.8567969999999999,SSD,920120
31721631,202,9860,2014,,,-2.824279,-0.8767969999999999,SSD,920120
31721632,202,9860,2015,,,-2.704381,-0.969411,SSD,920120
31721633,202,9860,2016,,,-1.841894,-1.024367,SSD,920120
31721634,202,9860,2017,0.0,14743.0,-2.23581,-0.962008,SSD,920120
31721635,202,9860,2018,,,-2.431595,-1.0499290000000001,SSD,920120
31721636,202,9860,2019,,,-1.8098990000000001,-1.0067979999999999,SSD,920120
31721637,202,9860,2020,,,-1.948366,-0.9899879999999999,SSD,920120
31721638,203,9860,1995,,,0.449305,-0.360527,STP,920120
31721639,203,9860,1996,,,0.728959,-0.374555,STP,920120
31721640,203,9860,1997,,,0.747713,-0.46550699999999995,STP,920120
31721641,203,9860,1998,,,0.7375470000000001,-0.333401,STP,920120
31721642,203,9860,1999,,,1.1602629999999998,-0.232077,STP,920120
31721643,203,9860,2000,,,0.45126099999999997,-0.42898800000000004,STP,920120
31721644,203,9860,2001,,,0.777231,-0.484709,STP,920120
31721645,203,9860,2002,,,0.47539499999999996,-0.297348,STP,920120
31721646,203,9860,2003,,,1.046084,-0.183027,STP,920120
31721647,203,9860,2004,,,0.7482850000000001,-0.14005499999999999,STP,920120
31721648,203,9860,2005,,,0.966426,-0.156933,STP,920120
31721649,203,9860,2006,,,0.805511,-0.19645,STP,920120
31721650,203,9860,2007,,,0.739933,-0.19098199999999999,STP,920120
31721651,203,9860,2008,0.0,60308.0,0.264059,-0.639443,STP,920120
31721652,203,9860,2009,,,0.370989,-0.518133,STP,920120
31721653,203,9860,2010,,,0.676596,-0.145275,STP,920120
31721654,203,9860,2011,,,0.583847,-0.193211,STP,920120
31721655,203,9860,2012,0.0,1253.0,0.5816819999999999,-0.251404,STP,920120
31721656,203,9860,2013,,,0.8999219999999999,-0.101662,STP,920120
31721657,203,9860,2014,,,1.172431,-0.024141,STP,920120
31721658,203,9860,2015,,,1.051934,-0.304408,STP,920120
31721659,203,9860,2016,,,0.27849,-0.670342,STP,920120
31721660,203,9860,2017,,,0.531107,-0.43282200000000004,STP,920120
31721661,203,9860,2018,,,1.426999,-0.039189999999999996,STP,920120
31721662,203,9860,2019,,,0.8287889999999999,-0.345114,STP,920120
31721663,203,9860,2020,,,0.327507,-0.46483,STP,920120
31721664,204,9860,1995,,,,,SUN,920120
31721665,204,9860,1996,,,,,SUN,920120
31721666,204,9860,1997,,,,,SUN,920120
31721667,204,9860,1998,,,,,SUN,920120
31721668,204,9860,1999,,,,,SUN,920120
31721669,204,9860,2000,,,,,SUN,920120
31721670,204,9860,2001,,,,,SUN,920120
31721671,204,9860,2002,,,,,SUN,920120
31721672,204,9860,2003,,,,,SUN,920120
31721673,204,9860,2004,,,,,SUN,920120
31721674,204,9860,2005,,,,,SUN,920120
31721675,204,9860,2006,,,,,SUN,920120
31721676,204,9860,2007,,,,,SUN,920120
31721677,204,9860,2008,,,,,SUN,920120
31721678,204,9860,2009,,,,,SUN,920120
31721679,204,9860,2010,,,,,SUN,920120
31721680,204,9860,2011,,,,,SUN,920120
31721681,204,9860,2012,,,,,SUN,920120
31721682,204,9860,2013,,,,,SUN,920120
31721683,204,9860,2014,,,,,SUN,920120
31721684,204,9860,2015,,,,,SUN,920120
31721685,204,9860,2016,,,,,SUN,920120
31721686,204,9860,2017,,,,,SUN,920120
31721687,204,9860,2018,,,,,SUN,920120
31721688,204,9860,2019,,,,,SUN,920120
31721689,204,9860,2020,,,,,SUN,920120
31721690,205,9860,1995,441.0,0.0,-0.75729,-0.8253459999999999,SUR,920120
31721691,205,9860,1996,,,-0.93463,-0.797197,SUR,920120
31721692,205,9860,1997,,,-0.806946,-0.83919,SUR,920120
31721693,205,9860,1998,,,-0.9914540000000001,-0.893913,SUR,920120
31721694,205,9860,1999,0.0,825.0,-0.799447,-0.85055,SUR,920120
31721695,205,9860,2000,0.0,16048.0,-0.623625,-0.793325,SUR,920120
31721696,205,9860,2001,0.0,6072.0,-0.650556,-0.801128,SUR,920120
31721697,205,9860,2002,0.0,2649.0,-0.9120030000000001,-0.8871020000000001,SUR,920120
31721698,205,9860,2003,,,-0.896925,-0.88623,SUR,920120
31721699,205,9860,2004,,,-0.991433,-0.926657,SUR,920120
31721700,205,9860,2005,,,-0.571864,-0.851351,SUR,920120
31721701,205,9860,2006,,,-0.754046,-0.872361,SUR,920120
31721702,205,9860,2007,,,-0.8506440000000001,-0.8898959999999999,SUR,920120
31721703,205,9860,2008,0.0,8134.0,-0.766178,-0.8888,SUR,920120
31721704,205,9860,2009,0.0,20019.0,-0.580507,-1.072833,SUR,920120
31721705,205,9860,2010,,,-0.5734560000000001,-0.936167,SUR,920120
31721706,205,9860,2011,,,-0.504897,-0.835426,SUR,920120
31721707,205,9860,2012,,,-0.45644300000000004,-0.783343,SUR,920120
31721708,205,9860,2013,0.0,16231.0,-0.417865,-0.7600399999999999,SUR,920120
31721709,205,9860,2014,12865.0,4677.0,-0.6333989999999999,-0.857643,SUR,920120
31721710,205,9860,2015,,,-0.570361,-1.005072,SUR,920120
31721711,205,9860,2016,,,-0.7823869999999999,-1.060347,SUR,920120
31721712,205,9860,2017,,,-0.596432,-1.0249700000000002,SUR,920120
31721713,205,9860,2018,,,-0.798074,-1.023046,SUR,920120
31721714,205,9860,2019,0.0,19129.0,-0.369004,-1.017133,SUR,920120
31721715,205,9860,2020,0.0,3885.0,-0.272244,-0.937541,SUR,920120
31721716,206,9860,1995,14883.0,90572.0,1.2249780000000001,1.405585,SVK,920120
31721717,206,9860,1996,7695.0,25747.0,1.189398,1.29167,SVK,920120
31721718,206,9860,1997,5783.0,95902.0,1.200699,1.318346,SVK,920120
31721719,206,9860,1998,26141.0,53648.0,1.202453,1.228204,SVK,920120
31721720,206,9860,1999,0.0,19227.0,1.133942,1.105742,SVK,920120
31721721,206,9860,2000,0.0,12814.0,1.228151,1.112002,SVK,920120
31721722,206,9860,2001,3384.0,115304.0,1.1732770000000001,1.088576,SVK,920120
31721723,206,9860,2002,2290.0,135409.0,1.1907379999999999,1.050649,SVK,920120
31721724,206,9860,2003,0.0,91284.0,1.22565,0.915518,SVK,920120
31721725,206,9860,2004,0.0,383138.0,1.2375120000000002,0.8777889999999999,SVK,920120
31721726,206,9860,2005,2616.0,104213.0,1.250608,0.9054639999999999,SVK,920120
31721727,206,9860,2006,0.0,134668.0,1.291583,0.868317,SVK,920120
31721728,206,9860,2007,0.0,370349.0,1.358301,0.79655,SVK,920120
31721729,206,9860,2008,3512.0,80889.0,1.3402040000000002,0.8038770000000001,SVK,920120
31721730,206,9860,2009,0.0,94629.0,1.231382,0.820968,SVK,920120
31721731,206,9860,2010,1768.0,207621.0,1.278601,0.726907,SVK,920120
31721732,206,9860,2011,0.0,322155.0,1.262897,0.8230569999999999,SVK,920120
31721733,206,9860,2012,870.0,172707.0,1.26088,0.7704770000000001,SVK,920120
31721734,206,9860,2013,0.0,340870.0,1.32064,0.7519819999999999,SVK,920120
31721735,206,9860,2014,18322.0,436488.0,1.334959,0.821253,SVK,920120
31721736,206,9860,2015,9114.0,343431.0,1.287133,0.7900560000000001,SVK,920120
31721737,206,9860,2016,0.0,558257.0,1.273942,0.763966,SVK,920120
31721738,206,9860,2017,8252.0,525313.0,1.279606,0.85503,SVK,920120
31721739,206,9860,2018,4028.0,639060.0,1.3270979999999999,0.877684,SVK,920120
31721740,206,9860,2019,9926.0,520295.0,1.39311,0.743107,SVK,920120
31721741,206,9860,2020,8249.0,1415486.0,1.338026,0.825268,SVK,920120
31721742,207,9860,1995,29908.0,1304744.0,1.424606,1.490521,SVN,920120
31721743,207,9860,1996,70306.0,546847.0,1.409184,1.37245,SVN,920120
31721744,207,9860,1997,0.0,599392.0,1.435765,1.348897,SVN,920120
31721745,207,9860,1998,2859.0,477128.0,1.442955,1.27214,SVN,920120
31721746,207,9860,1999,45423.0,357304.0,1.447589,1.284414,SVN,920120
31721747,207,9860,2000,8864.0,309134.0,1.493533,1.142239,SVN,920120
31721748,207,9860,2001,2175.0,250606.0,1.5074370000000001,1.1370040000000001,SVN,920120
31721749,207,9860,2002,2317.0,477826.0,1.5643770000000001,1.043862,SVN,920120
31721750,207,9860,2003,1742.0,238280.0,1.6459840000000001,1.014191,SVN,920120
31721751,207,9860,2004,3711.0,341413.0,1.628643,1.02381,SVN,920120
31721752,207,9860,2005,46609.0,498995.0,1.583591,0.9321229999999999,SVN,920120
31721753,207,9860,2006,1674.0,641837.0,1.5882370000000001,0.800719,SVN,920120
31721754,207,9860,2007,0.0,471879.0,1.605767,0.692926,SVN,920120
31721755,207,9860,2008,5356.0,643360.0,1.5099209999999998,0.683663,SVN,920120
31721756,207,9860,2009,6976.0,315560.0,1.548036,0.730396,SVN,920120
31721757,207,9860,2010,7780.0,424372.0,1.595473,0.7023020000000001,SVN,920120
31721758,207,9860,2011,0.0,267556.0,1.642913,0.700222,SVN,920120
31721759,207,9860,2012,0.0,186909.0,1.548381,0.699002,SVN,920120
31721760,207,9860,2013,0.0,321452.0,1.698374,0.563082,SVN,920120
31721761,207,9860,2014,0.0,326282.0,1.6558669999999998,0.6814399999999999,SVN,920120
31721762,207,9860,2015,0.0,519044.0,1.6089879999999999,0.833616,SVN,920120
31721763,207,9860,2016,5960.0,410416.0,1.6466720000000001,0.8247680000000001,SVN,920120
31721764,207,9860,2017,4572.0,358222.0,1.600319,0.854305,SVN,920120
31721765,207,9860,2018,0.0,126696.0,1.67428,0.7703800000000001,SVN,920120
31721766,207,9860,2019,10962.0,513351.0,1.63711,0.803198,SVN,920120
31721767,207,9860,2020,0.0,435453.0,1.570699,0.8442459999999999,SVN,920120
31721768,208,9860,1995,327223.0,718414.0,2.246997,1.060171,SWE,920120
31721769,208,9860,1996,479833.0,923086.0,2.133781,0.9099889999999999,SWE,920120
31721770,208,9860,1997,618791.0,1085992.0,2.120182,0.993078,SWE,920120
31721771,208,9860,1998,749246.0,1918075.0,2.134076,0.9259729999999999,SWE,920120
31721772,208,9860,1999,602038.0,982761.0,2.1456720000000002,0.856556,SWE,920120
31721773,208,9860,2000,410398.0,948293.0,2.168823,0.839417,SWE,920120
31721774,208,9860,2001,266307.0,529589.0,2.156845,0.784439,SWE,920120
31721775,208,9860,2002,271087.0,583529.0,2.128614,0.7891199999999999,SWE,920120
31721776,208,9860,2003,419204.0,1211022.0,2.099224,0.799982,SWE,920120
31721777,208,9860,2004,354156.0,1602275.0,2.0522080000000003,0.8326969999999999,SWE,920120
31721778,208,9860,2005,348711.0,1858226.0,1.902796,0.84031,SWE,920120
31721779,208,9860,2006,541454.0,2584893.0,1.902737,0.593294,SWE,920120
31721780,208,9860,2007,548490.0,2677554.0,1.927244,0.498241,SWE,920120
31721781,208,9860,2008,300383.0,2407773.0,1.866575,0.44342700000000007,SWE,920120
31721782,208,9860,2009,314195.0,1843020.0,1.877821,0.336565,SWE,920120
31721783,208,9860,2010,724607.0,1245931.0,1.882239,0.397927,SWE,920120
31721784,208,9860,2011,596085.0,1287995.0,1.857146,0.366159,SWE,920120
31721785,208,9860,2012,489177.0,822030.0,1.78062,0.269041,SWE,920120
31721786,208,9860,2013,296167.0,1755689.0,1.869421,0.228109,SWE,920120
31721787,208,9860,2014,388155.0,1544556.0,1.817752,0.558474,SWE,920120
31721788,208,9860,2015,318199.0,1255115.0,1.8068349999999997,0.693389,SWE,920120
31721789,208,9860,2016,748766.0,1818540.0,1.785149,0.767444,SWE,920120
31721790,208,9860,2017,384590.0,1587504.0,1.764732,0.732646,SWE,920120
31721791,208,9860,2018,852887.0,1897748.0,1.76361,0.766904,SWE,920120
31721792,208,9860,2019,1003769.0,2310134.0,1.781148,0.742037,SWE,920120
31721793,208,9860,2020,1694946.0,2185150.0,1.6911310000000002,0.791586,SWE,920120
31721794,209,9860,1995,,,,,SWZ,920120
31721795,209,9860,1996,,,,,SWZ,920120
31721796,209,9860,1997,,,,,SWZ,920120
31721797,209,9860,1998,,,,,SWZ,920120
31721798,209,9860,1999,,,,,SWZ,920120
31721799,209,9860,2000,,,0.48578000000000005,-0.200928,SWZ,920120
31721800,209,9860,2001,2621.0,0.0,0.372699,-0.287132,SWZ,920120
31721801,209,9860,2002,892.0,0.0,0.49801599999999996,-0.139709,SWZ,920120
31721802,209,9860,2003,2136.0,2057.0,0.399541,-0.23342600000000002,SWZ,920120
31721803,209,9860,2004,3090.0,0.0,0.397488,-0.264855,SWZ,920120
31721804,209,9860,2005,123.0,0.0,0.632886,-0.045288,SWZ,920120
31721805,209,9860,2006,,,0.750674,0.221306,SWZ,920120
31721806,209,9860,2007,0.0,1397.0,0.9562299999999999,0.053538,SWZ,920120
31721807,209,9860,2008,0.0,1687.0,0.761506,0.29043,SWZ,920120
31721808,209,9860,2009,0.0,3951.0,0.6420859999999999,0.060127999999999994,SWZ,920120
31721809,209,9860,2010,2433.0,7533.0,0.186142,-0.34577800000000003,SWZ,920120
31721810,209,9860,2011,2231.0,24863.0,0.169986,-0.078842,SWZ,920120
31721811,209,9860,2012,0.0,9430.0,0.199997,-0.383511,SWZ,920120
31721812,209,9860,2013,5055.0,0.0,0.109267,-0.275005,SWZ,920120
31721813,209,9860,2014,0.0,1044.0,0.22972199999999998,-0.365564,SWZ,920120
31721814,209,9860,2015,,,0.257467,-0.402491,SWZ,920120
31721815,209,9860,2016,,,0.2785,-0.43804799999999994,SWZ,920120
31721816,209,9860,2017,0.0,6491.0,0.126066,-0.551203,SWZ,920120
31721817,209,9860,2018,0.0,2469.0,-0.008154999999999999,-0.6079319999999999,SWZ,920120
31721818,209,9860,2019,,,0.087181,-0.760434,SWZ,920120
31721819,209,9860,2020,,,0.289013,-0.556212,SWZ,920120
31721820,210,9860,1995,,,,,SXM,920120
31721821,210,9860,1996,,,,,SXM,920120
31721822,210,9860,1997,,,,,SXM,920120
31721823,210,9860,1998,,,,,SXM,920120
31721824,210,9860,1999,,,,,SXM,920120
31721825,210,9860,2000,,,,,SXM,920120
31721826,210,9860,2001,,,,,SXM,920120
31721827,210,9860,2002,,,,,SXM,920120
31721828,210,9860,2003,,,,,SXM,920120
31721829,210,9860,2004,,,,,SXM,920120
31721830,210,9860,2005,,,,,SXM,920120
31721831,210,9860,2006,,,,,SXM,920120
31721832,210,9860,2007,,,,,SXM,920120
31721833,210,9860,2008,,,,,SXM,920120
31721834,210,9860,2009,,,,,SXM,920120
31721835,210,9860,2010,,,,,SXM,920120
31721836,210,9860,2011,0.0,3499.0,0.5770390000000001,-0.581371,SXM,920120
31721837,210,9860,2012,,,0.659824,-0.7646430000000001,SXM,920120
31721838,210,9860,2013,,,0.5512090000000001,-0.22818400000000003,SXM,920120
31721839,210,9860,2014,0.0,25734.0,0.6489020000000001,-0.646605,SXM,920120
31721840,210,9860,2015,,,0.945973,-0.7548229999999999,SXM,920120
31721841,210,9860,2016,0.0,40000.0,1.005781,-0.871658,SXM,920120
31721842,210,9860,2017,,,0.892698,-0.795854,SXM,920120
31721843,210,9860,2018,,,1.115443,-0.661118,SXM,920120
31721844,210,9860,2019,0.0,19125.0,0.8903719999999999,0.116156,SXM,920120
31721845,210,9860,2020,,,1.04788,-0.671874,SXM,920120
31721846,211,9860,1995,0.0,1961.0,-0.103343,-0.57371,SYC,920120
31721847,211,9860,1996,,,0.239125,-0.458433,SYC,920120
31721848,211,9860,1997,,,-0.19443,-0.768889,SYC,920120
31721849,211,9860,1998,,,0.265625,-0.590012,SYC,920120
31721850,211,9860,1999,,,0.11940999999999999,-0.7071270000000001,SYC,920120
31721851,211,9860,2000,0.0,11408.0,-0.310244,-0.8293209999999999,SYC,920120
31721852,211,9860,2001,0.0,46569.0,0.065059,-0.7806489999999999,SYC,920120
31721853,211,9860,2002,,,-0.977247,-0.927527,SYC,920120
31721854,211,9860,2003,,,-0.44341099999999994,-0.742566,SYC,920120
31721855,211,9860,2004,,,-0.12954100000000002,-0.713507,SYC,920120
31721856,211,9860,2005,,,0.153199,-0.662357,SYC,920120
31721857,211,9860,2006,,,-0.344619,-0.796139,SYC,920120
31721858,211,9860,2007,,,-0.644497,-0.8748520000000001,SYC,920120
31721859,211,9860,2008,,,0.29189699999999996,-0.47472600000000004,SYC,920120
31721860,211,9860,2009,,,-0.16046400000000002,-0.81512,SYC,920120
31721861,211,9860,2010,0.0,6199.0,-0.075668,-0.549686,SYC,920120
31721862,211,9860,2011,0.0,7989.0,0.287017,-0.5136850000000001,SYC,920120
31721863,211,9860,2012,0.0,6665.0,0.034894999999999995,-0.497121,SYC,920120
31721864,211,9860,2013,,,0.270999,-0.474095,SYC,920120
31721865,211,9860,2014,0.0,1809.0,0.358111,-0.484879,SYC,920120
31721866,211,9860,2015,0.0,36040.0,1.017467,-0.285569,SYC,920120
31721867,211,9860,2016,0.0,2780.0,0.441241,-0.580767,SYC,920120
31721868,211,9860,2017,0.0,1356.0,0.41946000000000006,-0.523274,SYC,920120
31721869,211,9860,2018,0.0,11340.0,0.187352,-0.693013,SYC,920120
31721870,211,9860,2019,6435.0,141807.0,0.024113,-0.711363,SYC,920120
31721871,211,9860,2020,,,0.185747,-0.695441,SYC,920120
31721872,212,9860,1995,0.0,22600.0,-0.8829469999999999,-0.809407,SYR,920120
31721873,212,9860,1996,0.0,61832.0,-1.100666,-0.90038,SYR,920120
31721874,212,9860,1997,0.0,6123.0,-1.046433,-0.9678620000000001,SYR,920120
31721875,212,9860,1998,0.0,5898.0,-0.807312,-0.626358,SYR,920120
31721876,212,9860,1999,0.0,9004.0,-0.996784,-0.6344069999999999,SYR,920120
31721877,212,9860,2000,0.0,794640.0,-1.1566969999999999,-0.783626,SYR,920120
31721878,212,9860,2001,,,-1.057217,-0.716331,SYR,920120
31721879,212,9860,2002,0.0,2219.0,-1.067974,-0.513309,SYR,920120
31721880,212,9860,2003,0.0,19324.0,-0.868749,-0.326322,SYR,920120
31721881,212,9860,2004,0.0,22998.0,-0.568707,-0.034736,SYR,920120
31721882,212,9860,2005,0.0,8901.0,-0.677037,0.107451,SYR,920120
31721883,212,9860,2006,,,-0.588695,0.532487,SYR,920120
31721884,212,9860,2007,0.0,21058.0,-0.46851899999999996,0.553396,SYR,920120
31721885,212,9860,2008,0.0,168139.0,-0.365789,0.877383,SYR,920120
31721886,212,9860,2009,0.0,31023.0,-0.48481199999999997,1.464509,SYR,920120
31721887,212,9860,2010,0.0,49350.0,-0.46833800000000003,1.11952,SYR,920120
31721888,212,9860,2011,0.0,19266.0,-0.604133,0.5268970000000001,SYR,920120
31721889,212,9860,2012,,,-0.11197,1.916262,SYR,920120
31721890,212,9860,2013,,,-0.14343399999999998,1.077256,SYR,920120
31721891,212,9860,2014,,,-0.366224,0.9054719999999999,SYR,920120
31721892,212,9860,2015,,,-0.603532,0.313216,SYR,920120
31721893,212,9860,2016,,,-0.746222,0.179918,SYR,920120
31721894,212,9860,2017,,,-0.660905,0.345462,SYR,920120
31721895,212,9860,2018,0.0,27979.0,-0.6836760000000001,0.554563,SYR,920120
31721896,212,9860,2019,0.0,12078.0,-0.67825,0.385416,SYR,920120
31721897,212,9860,2020,0.0,28601.0,-0.579237,0.391392,SYR,920120
31721898,213,9860,1995,0.0,19260.0,-0.23597100000000001,-0.665011,TCA,920120
31721899,213,9860,1996,,,-0.371632,-0.7145560000000001,TCA,920120
31721900,213,9860,1997,,,0.133095,-0.558163,TCA,920120
31721901,213,9860,1998,,,0.814749,-0.119999,TCA,920120
31721902,213,9860,1999,,,0.562234,-0.121843,TCA,920120
31721903,213,9860,2000,,,0.8450059999999999,-0.064875,TCA,920120
31721904,213,9860,2001,,,0.433253,-0.23213000000000003,TCA,920120
31721905,213,9860,2002,,,0.823909,0.075611,TCA,920120
31721906,213,9860,2003,,,0.306975,-0.288514,TCA,920120
31721907,213,9860,2004,0.0,4650.0,0.51858,-0.030114,TCA,920120
31721908,213,9860,2005,,,0.11690199999999999,-0.47542399999999996,TCA,920120
31721909,213,9860,2006,,,0.43692700000000007,-0.135696,TCA,920120
31721910,213,9860,2007,,,0.847607,-0.055827999999999996,TCA,920120
31721911,213,9860,2008,,,0.952044,0.23326100000000002,TCA,920120
31721912,213,9860,2009,,,0.660828,-0.24060700000000002,TCA,920120
31721913,213,9860,2010,,,0.86575,0.044395,TCA,920120
31721914,213,9860,2011,0.0,932.0,0.610742,0.11455599999999999,TCA,920120
31721915,213,9860,2012,0.0,1224.0,0.0036270000000000004,-0.6585,TCA,920120
31721916,213,9860,2013,,,0.41053199999999995,-0.007201999999999999,TCA,920120
31721917,213,9860,2014,0.0,18000.0,0.474182,-0.198892,TCA,920120
31721918,213,9860,2015,0.0,12700.0,0.27341,-0.5579649999999999,TCA,920120
31721919,213,9860,2016,,,0.603232,-0.32155900000000004,TCA,920120
31721920,213,9860,2017,0.0,3284.0,0.897017,0.219298,TCA,920120
31721921,213,9860,2018,0.0,6000.0,0.915309,-0.1886,TCA,920120
31721922,213,9860,2019,0.0,8000.0,0.729377,-0.28097300000000003,TCA,920120
31721923,213,9860,2020,,,0.820773,-0.246383,TCA,920120
31721924,214,9860,1995,0.0,10893.0,-0.6866180000000001,-0.752698,TCD,920120
31721925,214,9860,1996,,,-0.8289059999999999,-0.688122,TCD,920120
31721926,214,9860,1997,,,-0.297833,-0.76769,TCD,920120
31721927,214,9860,1998,,,-1.779351,-0.915178,TCD,920120
31721928,214,9860,1999,,,-0.449592,-0.828462,TCD,920120
31721929,214,9860,2000,,,-0.708272,-0.872301,TCD,920120
31721930,214,9860,2001,,,-0.655004,-0.872215,TCD,920120
31721931,214,9860,2002,,,0.160853,-0.672233,TCD,920120
31721932,214,9860,2003,,,-0.263238,-0.6801189999999999,TCD,920120
31721933,214,9860,2004,,,-0.8921290000000001,-0.881603,TCD,920120
31721934,214,9860,2005,,,-1.927016,-0.876934,TCD,920120
31721935,214,9860,2006,,,-3.0579419999999997,-0.8926649999999999,TCD,920120
31721936,214,9860,2007,,,-2.544742,-0.928218,TCD,920120
31721937,214,9860,2008,,,-2.837417,-0.927269,TCD,920120
31721938,214,9860,2009,,,-1.294648,-0.9645020000000001,TCD,920120
31721939,214,9860,2010,,,0.035565,-0.759857,TCD,920120
31721940,214,9860,2011,,,-2.368546,-0.814948,TCD,920120
31721941,214,9860,2012,,,-2.067077,-0.987223,TCD,920120
31721942,214,9860,2013,,,-2.800677,-0.9466969999999999,TCD,920120
31721943,214,9860,2014,,,-2.012048,-0.921558,TCD,920120
31721944,214,9860,2015,0.0,6134.0,-1.543675,-0.9703860000000001,TCD,920120
31721945,214,9860,2016,,,-2.7867189999999997,-1.035452,TCD,920120
31721946,214,9860,2017,,,-2.263503,-1.00147,TCD,920120
31721947,214,9860,2018,,,-1.845707,-1.032018,TCD,920120
31721948,214,9860,2019,,,-2.636669,-1.033665,TCD,920120
31721949,214,9860,2020,,,-2.862755,-1.0123090000000001,TCD,920120
31721950,215,9860,1995,,,-0.962727,-0.873151,TGO,920120
31721951,215,9860,1996,,,-0.9070459999999999,-0.7702399999999999,TGO,920120
31721952,215,9860,1997,,,-0.974678,-0.8150350000000001,TGO,920120
31721953,215,9860,1998,,,-0.8338540000000001,-0.8437020000000001,TGO,920120
31721954,215,9860,1999,,,-0.583782,-0.6632279999999999,TGO,920120
31721955,215,9860,2000,,,-0.799952,-0.63056,TGO,920120
31721956,215,9860,2001,,,-0.758725,-0.577004,TGO,920120
31721957,215,9860,2002,,,-0.6810039999999999,-0.6286930000000001,TGO,920120
31721958,215,9860,2003,,,-0.5058590000000001,-0.520586,TGO,920120
31721959,215,9860,2004,,,-0.6788270000000001,-0.482984,TGO,920120
31721960,215,9860,2005,0.0,19968.0,-0.745209,-0.455725,TGO,920120
31721961,215,9860,2006,,,-0.8304020000000001,-0.678178,TGO,920120
31721962,215,9860,2007,0.0,16185.0,-0.78689,-0.806879,TGO,920120
31721963,215,9860,2008,,,-0.5025689999999999,-0.747621,TGO,920120
31721964,215,9860,2009,0.0,15092.0,-0.561619,-0.759929,TGO,920120
31721965,215,9860,2010,,,-0.943559,-0.884336,TGO,920120
31721966,215,9860,2011,,,-0.9156030000000001,-0.884099,TGO,920120
31721967,215,9860,2012,0.0,3863.0,-0.50449,-0.604672,TGO,920120
31721968,215,9860,2013,,,-0.598413,-0.49295200000000006,TGO,920120
31721969,215,9860,2014,,,-0.524103,-0.537643,TGO,920120
31721970,215,9860,2015,,,-0.66925,-0.873554,TGO,920120
31721971,215,9860,2016,0.0,21912.0,-0.751382,-0.7411310000000001,TGO,920120
31721972,215,9860,2017,,,-0.8957450000000001,-0.891191,TGO,920120
31721973,215,9860,2018,,,-0.685084,-0.773437,TGO,920120
31721974,215,9860,2019,,,-0.823204,-0.819535,TGO,920120
31721975,215,9860,2020,,,-0.719535,-0.746202,TGO,920120
31721976,216,9860,1995,8956.0,1568825.0,0.174522,1.608058,THA,920120
31721977,216,9860,1996,0.0,1797835.0,0.10120599999999999,1.351967,THA,920120
31721978,216,9860,1997,37420.0,527204.0,0.084875,1.41931,THA,920120
31721979,216,9860,1998,30267.0,300621.0,0.128633,1.484142,THA,920120
31721980,216,9860,1999,33228.0,542306.0,0.20451,1.513533,THA,920120
31721981,216,9860,2000,27286.0,1263536.0,0.301195,1.577338,THA,920120
31721982,216,9860,2001,10869.0,774734.0,0.37555900000000003,1.498267,THA,920120
31721983,216,9860,2002,0.0,961496.0,0.432041,1.627953,THA,920120
31721984,216,9860,2003,1558.0,1286075.0,0.43010699999999996,1.607408,THA,920120
31721985,216,9860,2004,8918.0,1460801.0,0.5150359999999999,1.583019,THA,920120
31721986,216,9860,2005,5956.0,1205717.0,0.552846,1.664665,THA,920120
31721987,216,9860,2006,13137.0,1212393.0,0.568209,1.685343,THA,920120
31721988,216,9860,2007,0.0,1577837.0,0.711328,1.411114,THA,920120
31721989,216,9860,2008,38805.0,2485938.0,0.7531399999999999,1.4420620000000002,THA,920120
31721990,216,9860,2009,29659.0,1978702.0,0.79692,1.315501,THA,920120
31721991,216,9860,2010,13409.0,2892343.0,0.748328,1.425224,THA,920120
31721992,216,9860,2011,33870.0,2308865.0,0.889009,1.503118,THA,920120
31721993,216,9860,2012,106311.0,2764426.0,0.910957,1.294243,THA,920120
31721994,216,9860,2013,146755.0,3802122.0,0.8752139999999999,1.3798620000000001,THA,920120
31721995,216,9860,2014,10922.0,2298522.0,0.977094,1.41283,THA,920120
31721996,216,9860,2015,31460.0,1968144.0,0.965888,1.368572,THA,920120
31721997,216,9860,2016,34093.0,1911191.0,1.022065,1.428082,THA,920120
31721998,216,9860,2017,5155.0,1654297.0,0.983977,1.3926020000000001,THA,920120
31721999,216,9860,2018,66670.0,2277815.0,1.053177,1.4084969999999999,THA,920120
31722000,216,9860,2019,20863.0,2543402.0,0.9744229999999999,1.401199,THA,920120
31722001,216,9860,2020,126075.0,2307140.0,1.035524,1.2777180000000001,THA,920120
31722002,217,9860,1995,,,0.0068189999999999995,-0.7594350000000001,TJK,920120
31722003,217,9860,1996,,,-0.035623,-0.723275,TJK,920120
31722004,217,9860,1997,,,-0.350646,-0.835419,TJK,920120
31722005,217,9860,1998,,,-0.577873,-0.9368139999999999,TJK,920120
31722006,217,9860,1999,,,-0.752378,-1.0268389999999998,TJK,920120
31722007,217,9860,2000,,,-0.7225600000000001,-1.036219,TJK,920120
31722008,217,9860,2001,,,-0.833482,-1.062054,TJK,920120
31722009,217,9860,2002,,,-0.798754,-1.025902,TJK,920120
31722010,217,9860,2003,,,-0.6187520000000001,-1.0438969999999999,TJK,920120
31722011,217,9860,2004,,,-0.608564,-1.021599,TJK,920120
31722012,217,9860,2005,,,-0.725111,-1.049776,TJK,920120
31722013,217,9860,2006,,,-1.071326,-1.158325,TJK,920120
31722014,217,9860,2007,,,-1.0092379999999999,-1.185964,TJK,920120
31722015,217,9860,2008,,,-0.8988010000000001,-1.126157,TJK,920120
31722016,217,9860,2009,,,-1.0237319999999999,-1.1837950000000002,TJK,920120
31722017,217,9860,2010,0.0,5250.0,-1.054317,-1.074198,TJK,920120
31722018,217,9860,2011,,,-0.975877,-1.021684,TJK,920120
31722019,217,9860,2012,,,-1.384684,-1.208425,TJK,920120
31722020,217,9860,2013,,,-1.2512889999999999,-1.16402,TJK,920120
31722021,217,9860,2014,,,-0.706823,-0.993756,TJK,920120
31722022,217,9860,2015,,,-1.134216,-1.174245,TJK,920120
31722023,217,9860,2016,0.0,90430.0,-1.0791549999999999,-1.137941,TJK,920120
31722024,217,9860,2017,,,-0.938366,-1.092714,TJK,920120
31722025,217,9860,2018,0.0,27859.0,-0.757793,-1.0641209999999999,TJK,920120
31722026,217,9860,2019,0.0,5623.0,-0.7940020000000001,-1.075605,TJK,920120
31722027,217,9860,2020,,,-0.73744,-1.0706950000000002,TJK,920120
31722028,218,9860,1995,,,0.677934,-0.432701,TKL,920120
31722029,218,9860,1996,,,0.53157,-0.311626,TKL,920120
31722030,218,9860,1997,,,0.122727,-0.486867,TKL,920120
31722031,218,9860,1998,,,0.220552,-0.43853100000000006,TKL,920120
31722032,218,9860,1999,,,0.478628,-0.231485,TKL,920120
31722033,218,9860,2000,,,0.48116400000000004,0.160799,TKL,920120
31722034,218,9860,2001,,,0.135739,-0.144681,TKL,920120
31722035,218,9860,2002,,,0.077717,0.048618,TKL,920120
31722036,218,9860,2003,,,0.244606,-0.038999,TKL,920120
31722037,218,9860,2004,,,0.31906999999999996,0.17012,TKL,920120
31722038,218,9860,2005,,,0.24793099999999998,-0.09982200000000001,TKL,920120
31722039,218,9860,2006,,,0.335918,0.299589,TKL,920120
31722040,218,9860,2007,,,0.47656499999999996,0.073652,TKL,920120
31722041,218,9860,2008,,,0.856023,0.41632600000000003,TKL,920120
31722042,218,9860,2009,,,0.5357,0.021527,TKL,920120
31722043,218,9860,2010,,,0.389761,0.18912,TKL,920120
31722044,218,9860,2011,,,0.319389,0.087049,TKL,920120
31722045,218,9860,2012,,,0.563088,0.35384099999999996,TKL,920120
31722046,218,9860,2013,,,0.39178,0.035406,TKL,920120
31722047,218,9860,2014,,,0.5539350000000001,0.12801300000000002,TKL,920120
31722048,218,9860,2015,,,0.48658500000000005,0.131537,TKL,920120
31722049,218,9860,2016,0.0,4627.0,0.243821,0.018425,TKL,920120
31722050,218,9860,2017,,,0.302394,-0.35394499999999995,TKL,920120
31722051,218,9860,2018,,,0.404658,-0.10286300000000001,TKL,920120
31722052,218,9860,2019,,,0.49747600000000003,0.238225,TKL,920120
31722053,218,9860,2020,,,0.7393069999999999,-0.190609,TKL,920120
31722054,219,9860,1995,,,-0.882984,-1.088854,TKM,920120
31722055,219,9860,1996,2328.0,39482.0,-0.756087,-1.160548,TKM,920120
31722056,219,9860,1997,,,-0.554162,-1.042607,TKM,920120
31722057,219,9860,1998,,,-0.379934,-0.878598,TKM,920120
31722058,219,9860,1999,,,-0.8982180000000001,-1.132358,TKM,920120
31722059,219,9860,2000,,,-0.99165,-1.167094,TKM,920120
31722060,219,9860,2001,,,-1.24627,-1.2760209999999998,TKM,920120
31722061,219,9860,2002,,,-1.035248,-1.191624,TKM,920120
31722062,219,9860,2003,,,-1.223295,-1.250217,TKM,920120
31722063,219,9860,2004,,,-0.9705790000000001,-1.212523,TKM,920120
31722064,219,9860,2005,,,-1.146736,-1.2376129999999999,TKM,920120
31722065,219,9860,2006,0.0,47198.0,-1.155861,-1.200933,TKM,920120
31722066,219,9860,2007,,,-1.16715,-1.213064,TKM,920120
31722067,219,9860,2008,,,-1.094592,-1.166598,TKM,920120
31722068,219,9860,2009,0.0,23362.0,-1.060378,-1.17279,TKM,920120
31722069,219,9860,2010,0.0,32867.0,-1.161458,-1.191589,TKM,920120
31722070,219,9860,2011,0.0,229653.0,-1.549495,-1.202504,TKM,920120
31722071,219,9860,2012,0.0,27309.0,-1.668555,-1.24627,TKM,920120
31722072,219,9860,2013,0.0,571573.0,-1.6186770000000001,-1.2210969999999999,TKM,920120
31722073,219,9860,2014,0.0,375004.0,-1.217897,-1.184131,TKM,920120
31722074,219,9860,2015,0.0,79429.0,-1.546516,-1.315803,TKM,920120
31722075,219,9860,2016,0.0,12553.0,-1.27494,-1.259639,TKM,920120
31722076,219,9860,2017,0.0,6833.0,-1.564885,-1.274637,TKM,920120
31722077,219,9860,2018,0.0,106149.0,-1.0081209999999998,-1.190796,TKM,920120
31722078,219,9860,2019,0.0,136241.0,-0.9725950000000001,-1.16562,TKM,920120
31722079,219,9860,2020,0.0,693727.0,-0.949525,-1.147622,TKM,920120
31722080,220,9860,1995,,,1.983051,-0.202022,TLS,920120
31722081,220,9860,1996,,,1.624542,-0.293975,TLS,920120
31722082,220,9860,1997,,,2.029322,-0.43179700000000004,TLS,920120
31722083,220,9860,1998,,,1.6060370000000002,-0.42371499999999995,TLS,920120
31722084,220,9860,1999,,,1.843263,-0.795044,TLS,920120
31722085,220,9860,2000,,,-0.5836,-0.888892,TLS,920120
31722086,220,9860,2001,,,1.473822,-0.204046,TLS,920120
31722087,220,9860,2002,,,0.363225,-0.536718,TLS,920120
31722088,220,9860,2003,,,1.21882,-0.118529,TLS,920120
31722089,220,9860,2004,,,0.935424,-0.080261,TLS,920120
31722090,220,9860,2005,,,0.020875,-0.6831010000000001,TLS,920120
31722091,220,9860,2006,,,-0.13665,-0.72122,TLS,920120
31722092,220,9860,2007,,,0.003334,-0.667956,TLS,920120
31722093,220,9860,2008,,,0.75476,-0.594643,TLS,920120
31722094,220,9860,2009,,,0.317308,-0.8093199999999999,TLS,920120
31722095,220,9860,2010,,,0.6633789999999999,-0.606204,TLS,920120
31722096,220,9860,2011,,,-0.047803,-0.643655,TLS,920120
31722097,220,9860,2012,,,-0.36338200000000004,-0.876495,TLS,920120
31722098,220,9860,2013,0.0,928.0,-0.376633,-0.73677,TLS,920120
31722099,220,9860,2014,,,-1.365212,-0.896716,TLS,920120
31722100,220,9860,2015,,,-0.878657,-0.9064450000000001,TLS,920120
31722101,220,9860,2016,,,-0.737023,-0.908582,TLS,920120
31722102,220,9860,2017,0.0,1145.0,-0.45426700000000003,-0.769744,TLS,920120
31722103,220,9860,2018,0.0,1683.0,-0.595688,-0.8907370000000001,TLS,920120
31722104,220,9860,2019,0.0,1051.0,-1.173671,-1.002383,TLS,920120
31722105,220,9860,2020,,,-0.662555,-0.8795129999999999,TLS,920120
31722106,221,9860,1995,,,-0.9463799999999999,-0.845484,TON,920120
31722107,221,9860,1996,,,-1.352969,-0.945109,TON,920120
31722108,221,9860,1997,,,-1.481831,-1.0187700000000002,TON,920120
31722109,221,9860,1998,,,-1.409429,-1.0138479999999999,TON,920120
31722110,221,9860,1999,,,-1.001524,-0.897582,TON,920120
31722111,221,9860,2000,,,-1.227366,-0.948996,TON,920120
31722112,221,9860,2001,,,-0.8627950000000001,-0.817174,TON,920120
31722113,221,9860,2002,,,-1.6186639999999999,-1.011606,TON,920120
31722114,221,9860,2003,,,-0.8467379999999999,-0.815816,TON,920120
31722115,221,9860,2004,,,-0.639641,-0.798275,TON,920120
31722116,221,9860,2005,,,-0.736809,-0.7505729999999999,TON,920120
31722117,221,9860,2006,,,-0.45091499999999995,-0.670044,TON,920120
31722118,221,9860,2007,0.0,6815.0,-0.482545,-0.816512,TON,920120
31722119,221,9860,2008,,,-0.174192,-0.559636,TON,920120
31722120,221,9860,2009,,,-0.439709,-0.7270939999999999,TON,920120
31722121,221,9860,2010,,,-0.650658,-0.774469,TON,920120
31722122,221,9860,2011,,,-0.14256,-0.589116,TON,920120
31722123,221,9860,2012,0.0,863.0,0.114173,-0.307309,TON,920120
31722124,221,9860,2013,,,0.183053,-0.345657,TON,920120
31722125,221,9860,2014,,,-0.11129100000000001,-0.523176,TON,920120
31722126,221,9860,2015,,,-0.212905,-0.670721,TON,920120
31722127,221,9860,2016,,,-0.29545,-0.766385,TON,920120
31722128,221,9860,2017,,,-0.504652,-0.820577,TON,920120
31722129,221,9860,2018,,,0.087991,-0.5723060000000001,TON,920120
31722130,221,9860,2019,,,-0.057787,-0.671035,TON,920120
31722131,221,9860,2020,,,-0.79433,-0.8264100000000001,TON,920120
31722132,222,9860,1995,0.0,9578.0,0.254658,-0.496058,TTO,920120
31722133,222,9860,1996,0.0,19822.0,0.19111,-0.488382,TTO,920120
31722134,222,9860,1997,0.0,25230.0,0.28791,-0.38322399999999995,TTO,920120
31722135,222,9860,1998,1292.0,41269.0,0.273917,-0.453996,TTO,920120
31722136,222,9860,1999,0.0,34782.0,0.258046,-0.562956,TTO,920120
31722137,222,9860,2000,0.0,61352.0,-0.035037,-0.862433,TTO,920120
31722138,222,9860,2001,0.0,66405.0,0.178256,-0.709126,TTO,920120
31722139,222,9860,2002,0.0,19726.0,0.074907,-0.8203879999999999,TTO,920120
31722140,222,9860,2003,870.0,3282.0,-0.16738,-0.9820969999999999,TTO,920120
31722141,222,9860,2004,,,0.00677,-0.965385,TTO,920120
31722142,222,9860,2005,0.0,9108.0,0.13125699999999998,-0.9324479999999999,TTO,920120
31722143,222,9860,2006,0.0,1886.0,-0.20651399999999998,-1.024907,TTO,920120
31722144,222,9860,2007,1786.0,2338.0,-0.371347,-1.0536709999999998,TTO,920120
31722145,222,9860,2008,0.0,61788.0,-0.44752600000000003,-1.060906,TTO,920120
31722146,222,9860,2009,0.0,334666.0,-0.508195,-1.097365,TTO,920120
31722147,222,9860,2010,,,-0.338123,-1.070239,TTO,920120
31722148,222,9860,2011,0.0,11461.0,-0.44228,-1.031793,TTO,920120
31722149,222,9860,2012,0.0,3007.0,-0.420754,-1.0575299999999999,TTO,920120
31722150,222,9860,2013,0.0,47837.0,-0.280641,-1.083332,TTO,920120
31722151,222,9860,2014,9933.0,17539.0,-0.57362,-1.117545,TTO,920120
31722152,222,9860,2015,0.0,2619.0,-0.462837,-1.117621,TTO,920120
31722153,222,9860,2016,0.0,27744.0,-0.191969,-1.028843,TTO,920120
31722154,222,9860,2017,0.0,35500.0,-0.183935,-1.012153,TTO,920120
31722155,222,9860,2018,,,-0.281617,-1.009652,TTO,920120
31722156,222,9860,2019,,,0.1861,-0.874604,TTO,920120
31722157,222,9860,2020,0.0,37522.0,0.156566,-0.653656,TTO,920120
31722158,223,9860,1995,0.0,38159.0,-0.253792,-0.044331,TUN,920120
31722159,223,9860,1996,0.0,50195.0,-0.28546,-0.089051,TUN,920120
31722160,223,9860,1997,0.0,53686.0,-0.24073899999999998,-0.146818,TUN,920120
31722161,223,9860,1998,0.0,40885.0,-0.21677,-0.08694299999999999,TUN,920120
31722162,223,9860,1999,0.0,52412.0,-0.317866,-0.102551,TUN,920120
31722163,223,9860,2000,0.0,58627.0,-0.188616,0.044912,TUN,920120
31722164,223,9860,2001,0.0,63067.0,-0.162152,0.23939699999999997,TUN,920120
31722165,223,9860,2002,0.0,5926.0,-0.221951,0.325506,TUN,920120
31722166,223,9860,2003,0.0,3347.0,-0.14845999999999998,0.255092,TUN,920120
31722167,223,9860,2004,,,-0.195751,0.335147,TUN,920120
31722168,223,9860,2005,0.0,37690.0,-0.07273099999999999,0.671113,TUN,920120
31722169,223,9860,2006,11509.0,82423.0,-0.013636,0.804752,TUN,920120
31722170,223,9860,2007,0.0,13907.0,0.062824,0.74003,TUN,920120
31722171,223,9860,2008,719.0,62502.0,0.084141,0.676248,TUN,920120
31722172,223,9860,2009,0.0,35995.0,0.044903,0.9126120000000001,TUN,920120
31722173,223,9860,2010,0.0,38180.0,0.165019,0.8882059999999999,TUN,920120
31722174,223,9860,2011,0.0,8882.0,0.151221,1.1252360000000001,TUN,920120
31722175,223,9860,2012,6330.0,34804.0,0.24695799999999998,0.9356620000000001,TUN,920120
31722176,223,9860,2013,0.0,13070.0,0.185528,1.0070700000000001,TUN,920120
31722177,223,9860,2014,1787.0,18791.0,0.343449,1.118007,TUN,920120
31722178,223,9860,2015,0.0,5466.0,0.140202,0.967591,TUN,920120
31722179,223,9860,2016,0.0,15884.0,0.171791,1.062948,TUN,920120
31722180,223,9860,2017,0.0,51554.0,0.224119,0.961772,TUN,920120
31722181,223,9860,2018,0.0,39556.0,0.259778,1.187194,TUN,920120
31722182,223,9860,2019,0.0,69129.0,0.19601300000000002,1.159766,TUN,920120
31722183,223,9860,2020,0.0,20764.0,0.220298,0.454477,TUN,920120
31722184,224,9860,1995,0.0,735811.0,0.166794,1.209066,TUR,920120
31722185,224,9860,1996,0.0,506563.0,0.156866,1.554023,TUR,920120
31722186,224,9860,1997,1514.0,312484.0,0.167734,1.5827870000000002,TUR,920120
31722187,224,9860,1998,55400.0,400350.0,0.085286,1.653589,TUR,920120
31722188,224,9860,1999,0.0,310332.0,0.044692,1.745755,TUR,920120
31722189,224,9860,2000,0.0,566600.0,0.191299,1.9761529999999998,TUR,920120
31722190,224,9860,2001,50469.0,122556.0,0.188773,1.91451,TUR,920120
31722191,224,9860,2002,0.0,477368.0,0.11263699999999999,1.83925,TUR,920120
31722192,224,9860,2003,0.0,341309.0,0.192802,1.9855060000000002,TUR,920120
31722193,224,9860,2004,0.0,743340.0,0.141454,1.9463599999999999,TUR,920120
31722194,224,9860,2005,2197.0,1084584.0,0.226487,2.210279,TUR,920120
31722195,224,9860,2006,965.0,1833805.0,0.33971599999999996,2.193384,TUR,920120
31722196,224,9860,2007,49488.0,1533908.0,0.41396700000000003,2.0339869999999998,TUR,920120
31722197,224,9860,2008,56112.0,1571148.0,0.44478,2.186881,TUR,920120
31722198,224,9860,2009,88277.0,1477188.0,0.384596,2.3797610000000002,TUR,920120
31722199,224,9860,2010,169500.0,1390988.0,0.359977,2.471173,TUR,920120
31722200,224,9860,2011,20509.0,1794839.0,0.45775,2.4316259999999996,TUR,920120
31722201,224,9860,2012,3463.0,1934836.0,0.507184,2.259161,TUR,920120
31722202,224,9860,2013,76620.0,2699620.0,0.42932299999999995,2.690235,TUR,920120
31722203,224,9860,2014,70905.0,1677248.0,0.554761,2.385693,TUR,920120
31722204,224,9860,2015,48152.0,1289015.0,0.438669,2.519632,TUR,920120
31722205,224,9860,2016,95081.0,1200574.0,0.45364799999999994,2.478837,TUR,920120
31722206,224,9860,2017,100367.0,720773.0,0.541611,2.405872,TUR,920120
31722207,224,9860,2018,29317.0,604910.0,0.518721,2.5581419999999997,TUR,920120
31722208,224,9860,2019,115003.0,831608.0,0.569408,2.364546,TUR,920120
31722209,224,9860,2020,225286.0,538464.0,0.590472,2.619866,TUR,920120
31722210,225,9860,1995,,,0.9729180000000001,-0.537957,TUV,920120
31722211,225,9860,1996,,,1.0058639999999999,-0.40428800000000004,TUV,920120
31722212,225,9860,1997,,,0.853403,-0.6482100000000001,TUV,920120
31722213,225,9860,1998,,,1.019107,-0.646907,TUV,920120
31722214,225,9860,1999,,,0.095919,-0.7801680000000001,TUV,920120
31722215,225,9860,2000,,,1.185378,-0.475463,TUV,920120
31722216,225,9860,2001,,,-0.12332699999999999,-0.172416,TUV,920120
31722217,225,9860,2002,,,-0.141984,-0.15720399999999998,TUV,920120
31722218,225,9860,2003,,,0.770706,-0.480434,TUV,920120
31722219,225,9860,2004,,,1.4753180000000001,-0.446762,TUV,920120
31722220,225,9860,2005,,,1.003608,-0.363531,TUV,920120
31722221,225,9860,2006,,,0.9635290000000001,-0.314963,TUV,920120
31722222,225,9860,2007,,,1.607359,-0.272403,TUV,920120
31722223,225,9860,2008,,,0.5163300000000001,-0.47066099999999994,TUV,920120
31722224,225,9860,2009,,,0.531324,-0.689902,TUV,920120
31722225,225,9860,2010,,,0.359508,-0.650139,TUV,920120
31722226,225,9860,2011,,,0.53684,-0.552668,TUV,920120
31722227,225,9860,2012,,,0.041589,-0.695249,TUV,920120
31722228,225,9860,2013,,,0.002879,-0.779308,TUV,920120
31722229,225,9860,2014,,,1.127623,-0.482033,TUV,920120
31722230,225,9860,2015,,,0.925609,-0.6022569999999999,TUV,920120
31722231,225,9860,2016,,,1.580008,-0.807844,TUV,920120
31722232,225,9860,2017,,,0.979611,-0.6079359999999999,TUV,920120
31722233,225,9860,2018,,,1.529849,-0.7761279999999999,TUV,920120
31722234,225,9860,2019,,,0.223041,-0.878941,TUV,920120
31722235,225,9860,2020,,,0.605791,-0.773982,TUV,920120
31722236,226,9860,1995,,,-1.219949,-0.8698969999999999,TZA,920120
31722237,226,9860,1996,0.0,1384.0,-1.391534,-0.907436,TZA,920120
31722238,226,9860,1997,,,-1.368133,-0.753692,TZA,920120
31722239,226,9860,1998,,,-0.972823,-0.428149,TZA,920120
31722240,226,9860,1999,1847.0,0.0,-1.068358,-0.54693,TZA,920120
31722241,226,9860,2000,,,-1.278362,-0.615536,TZA,920120
31722242,226,9860,2001,,,-1.193991,-0.49282200000000004,TZA,920120
31722243,226,9860,2002,,,-1.189463,-0.48640600000000006,TZA,920120
31722244,226,9860,2003,119179.0,0.0,-1.225217,-0.43662399999999996,TZA,920120
31722245,226,9860,2004,0.0,48897.0,-1.022658,-0.007045999999999999,TZA,920120
31722246,226,9860,2005,0.0,5534.0,-1.049726,0.005511,TZA,920120
31722247,226,9860,2006,0.0,3864.0,-0.953097,0.159129,TZA,920120
31722248,226,9860,2007,0.0,35754.0,-0.8493959999999999,0.47116099999999994,TZA,920120
31722249,226,9860,2008,,,-0.755692,0.8751690000000001,TZA,920120
31722250,226,9860,2009,0.0,8209.0,-0.822897,0.644899,TZA,920120
31722251,226,9860,2010,,,-0.7327,0.427616,TZA,920120
31722252,226,9860,2011,0.0,15863.0,-0.751316,0.286505,TZA,920120
31722253,226,9860,2012,0.0,9785.0,-0.594481,0.770239,TZA,920120
31722254,226,9860,2013,,,-0.9306770000000001,0.273489,TZA,920120
31722255,226,9860,2014,,,-1.054331,0.166345,TZA,920120
31722256,226,9860,2015,0.0,86965.0,-1.02395,-0.017509999999999998,TZA,920120
31722257,226,9860,2016,0.0,16141.0,-1.1008799999999999,-0.048319,TZA,920120
31722258,226,9860,2017,,,-1.0691709999999999,0.11636800000000001,TZA,920120
31722259,226,9860,2018,,,-0.09850700000000001,1.145606,TZA,920120
31722260,226,9860,2019,,,-0.907172,0.37293899999999996,TZA,920120
31722261,226,9860,2020,,,-1.024,-0.023909,TZA,920120
31722262,227,9860,1995,,,-1.053037,-1.001752,UGA,920120
31722263,227,9860,1996,0.0,5271.0,-0.931124,-0.925523,UGA,920120
31722264,227,9860,1997,,,-0.9304819999999999,-0.9731540000000001,UGA,920120
31722265,227,9860,1998,0.0,779.0,-0.996762,-1.01326,UGA,920120
31722266,227,9860,1999,,,-1.359508,-1.170077,UGA,920120
31722267,227,9860,2000,,,-0.9484520000000001,-0.8246979999999999,UGA,920120
31722268,227,9860,2001,0.0,3608.0,-0.9694860000000001,-0.840592,UGA,920120
31722269,227,9860,2002,0.0,2156.0,-1.038337,-0.896425,UGA,920120
31722270,227,9860,2003,,,-0.895193,-0.712039,UGA,920120
31722271,227,9860,2004,,,-0.914733,-0.554346,UGA,920120
31722272,227,9860,2005,0.0,4524.0,-0.896567,-0.645536,UGA,920120
31722273,227,9860,2006,,,-0.702511,-0.43976099999999996,UGA,920120
31722274,227,9860,2007,0.0,1025.0,-0.900559,-0.42071400000000003,UGA,920120
31722275,227,9860,2008,0.0,19172.0,-0.653885,-0.035455,UGA,920120
31722276,227,9860,2009,0.0,18461.0,-0.573707,-0.036203,UGA,920120
31722277,227,9860,2010,,,-0.48061400000000004,0.187001,UGA,920120
31722278,227,9860,2011,,,-0.7153,-0.062678,UGA,920120
31722279,227,9860,2012,0.0,5172.0,-0.484868,0.153507,UGA,920120
31722280,227,9860,2013,,,-0.5462279999999999,0.200682,UGA,920120
31722281,227,9860,2014,0.0,1919.0,-0.46911800000000003,0.25446599999999997,UGA,920120
31722282,227,9860,2015,0.0,7399.0,-0.611023,0.078961,UGA,920120
31722283,227,9860,2016,0.0,9943.0,-0.37745300000000004,0.525303,UGA,920120
31722284,227,9860,2017,,,-0.6831020000000001,-0.046838,UGA,920120
31722285,227,9860,2018,0.0,2645.0,-0.621049,-0.061448,UGA,920120
31722286,227,9860,2019,0.0,3488.0,-0.639476,0.148255,UGA,920120
31722287,227,9860,2020,0.0,1420.0,-0.55156,-0.019136,UGA,920120
31722288,228,9860,1995,1685.0,69081.0,0.428875,0.20489899999999997,UKR,920120
31722289,228,9860,1996,0.0,372560.0,0.896537,0.9241459999999999,UKR,920120
31722290,228,9860,1997,0.0,148621.0,0.8502559999999999,0.956254,UKR,920120
31722291,228,9860,1998,0.0,179880.0,0.880876,0.783668,UKR,920120
31722292,228,9860,1999,0.0,182026.0,0.6242270000000001,0.742258,UKR,920120
31722293,228,9860,2000,1922.0,159430.0,0.763783,0.8563,UKR,920120
31722294,228,9860,2001,0.0,77621.0,0.8376969999999999,0.989059,UKR,920120
31722295,228,9860,2002,5136.0,143363.0,0.835485,0.872135,UKR,920120
31722296,228,9860,2003,10857.0,592162.0,0.8929389999999999,0.956685,UKR,920120
31722297,228,9860,2004,49433.0,300881.0,0.8758040000000001,0.8195879999999999,UKR,920120
31722298,228,9860,2005,46106.0,889883.0,0.701846,0.687519,UKR,920120
31722299,228,9860,2006,0.0,1005919.0,0.7008439999999999,0.79656,UKR,920120
31722300,228,9860,2007,4211.0,1539115.0,0.7441760000000001,0.8681260000000001,UKR,920120
31722301,228,9860,2008,1933.0,787822.0,0.59355,0.764415,UKR,920120
31722302,228,9860,2009,2041.0,1165485.0,0.602688,0.830247,UKR,920120
31722303,228,9860,2010,55247.0,947763.0,0.714148,0.916267,UKR,920120
31722304,228,9860,2011,10369.0,1058791.0,0.6221409999999999,0.765505,UKR,920120
31722305,228,9860,2012,0.0,1330438.0,0.590001,0.8422069999999999,UKR,920120
31722306,228,9860,2013,158042.0,654600.0,0.657729,0.9063200000000001,UKR,920120
31722307,228,9860,2014,0.0,474598.0,0.566535,0.832267,UKR,920120
31722308,228,9860,2015,3229.0,252895.0,0.429879,0.701813,UKR,920120
31722309,228,9860,2016,0.0,574000.0,0.406901,0.637051,UKR,920120
31722310,228,9860,2017,0.0,945679.0,0.461109,0.7826569999999999,UKR,920120
31722311,228,9860,2018,0.0,1058172.0,0.337296,0.758675,UKR,920120
31722312,228,9860,2019,35381.0,1509884.0,0.303802,0.5650270000000001,UKR,920120
31722313,228,9860,2020,34311.0,877681.0,0.383736,0.531328,UKR,920120
31722314,229,9860,1995,,,,,UMI,920120
31722315,229,9860,1996,,,,,UMI,920120
31722316,229,9860,1997,,,,,UMI,920120
31722317,229,9860,1998,,,,,UMI,920120
31722318,229,9860,1999,,,,,UMI,920120
31722319,229,9860,2000,,,-0.052853,-0.611102,UMI,920120
31722320,229,9860,2001,,,-0.13935799999999998,-0.421795,UMI,920120
31722321,229,9860,2002,0.0,26000.0,0.317662,-0.46541000000000005,UMI,920120
31722322,229,9860,2003,,,0.169425,-0.604107,UMI,920120
31722323,229,9860,2004,,,0.407876,-0.478498,UMI,920120
31722324,229,9860,2005,,,0.638288,-0.230179,UMI,920120
31722325,229,9860,2006,,,-0.5457930000000001,-0.808611,UMI,920120
31722326,229,9860,2007,,,0.997828,-0.098724,UMI,920120
31722327,229,9860,2008,,,1.311657,0.013382,UMI,920120
31722328,229,9860,2009,,,1.026297,-0.508776,UMI,920120
31722329,229,9860,2010,,,0.838733,-0.48641,UMI,920120
31722330,229,9860,2011,,,1.131297,-0.235093,UMI,920120
31722331,229,9860,2012,,,0.919334,-0.181861,UMI,920120
31722332,229,9860,2013,,,1.2648409999999999,-0.07537999999999999,UMI,920120
31722333,229,9860,2014,,,1.530519,0.44350600000000007,UMI,920120
31722334,229,9860,2015,,,1.2709059999999999,-0.074201,UMI,920120
31722335,229,9860,2016,,,1.8058740000000002,0.587761,UMI,920120
31722336,229,9860,2017,,,1.501854,0.552625,UMI,920120
31722337,229,9860,2018,,,1.766584,-0.034711,UMI,920120
31722338,229,9860,2019,,,1.4488940000000001,-0.266596,UMI,920120
31722339,229,9860,2020,,,1.9827860000000002,0.689049,UMI,920120
31722340,230,9860,1995,8945.0,0.0,0.45133900000000005,0.50831,URY,920120
31722341,230,9860,1996,0.0,4230.0,0.171541,0.313934,URY,920120
31722342,230,9860,1997,6063.0,47765.0,0.226228,0.29183400000000004,URY,920120
31722343,230,9860,1998,0.0,9390.0,0.323022,0.293694,URY,920120
31722344,230,9860,1999,,,0.26815700000000003,0.307394,URY,920120
31722345,230,9860,2000,0.0,11269.0,0.30753600000000003,0.290506,URY,920120
31722346,230,9860,2001,,,0.36029,0.298869,URY,920120
31722347,230,9860,2002,17685.0,67110.0,0.300502,0.16817000000000001,URY,920120
31722348,230,9860,2003,106689.0,0.0,0.19792200000000001,0.243104,URY,920120
31722349,230,9860,2004,37242.0,25184.0,0.151633,0.121776,URY,920120
31722350,230,9860,2005,60059.0,9941.0,0.305842,0.271262,URY,920120
31722351,230,9860,2006,12648.0,0.0,0.234384,0.118878,URY,920120
31722352,230,9860,2007,34440.0,34526.0,0.184883,0.207788,URY,920120
31722353,230,9860,2008,0.0,17949.0,0.376164,0.049387,URY,920120
31722354,230,9860,2009,0.0,39858.0,0.260419,-0.171944,URY,920120
31722355,230,9860,2010,0.0,15498.0,0.217246,-0.079733,URY,920120
31722356,230,9860,2011,0.0,31650.0,0.313195,0.042866,URY,920120
31722357,230,9860,2012,11023.0,183062.0,0.207742,-0.101484,URY,920120
31722358,230,9860,2013,0.0,49412.0,0.20190999999999998,-0.19777999999999998,URY,920120
31722359,230,9860,2014,2323.0,51727.0,0.154034,-0.380899,URY,920120
31722360,230,9860,2015,3738.0,16254.0,0.273876,-0.363695,URY,920120
31722361,230,9860,2016,0.0,10800.0,0.098051,-0.45418400000000003,URY,920120
31722362,230,9860,2017,2017.0,32516.0,0.16963,-0.403006,URY,920120
31722363,230,9860,2018,0.0,49875.0,-0.02056,-0.38911,URY,920120
31722364,230,9860,2019,0.0,43898.0,-0.077549,-0.473943,URY,920120
31722365,230,9860,2020,0.0,124004.0,-0.127375,-0.449032,URY,920120
31722366,231,9860,1995,7064402.0,131631864.0,1.771648,1.184,USA,920120
31722367,231,9860,1996,7771064.0,117548910.0,1.7110560000000001,1.125141,USA,920120
31722368,231,9860,1997,9224976.0,122788737.0,1.823511,0.888084,USA,920120
31722369,231,9860,1998,7153154.0,166806272.0,1.8223639999999999,0.761336,USA,920120
31722370,231,9860,1999,9184854.0,168808468.0,1.8755119999999998,0.5350729999999999,USA,920120
31722371,231,9860,2000,11809583.0,192333483.0,1.8549650000000002,0.226992,USA,920120
31722372,231,9860,2001,9512523.0,143232993.0,1.873674,0.168468,USA,920120
31722373,231,9860,2002,6653911.0,162486843.0,1.821594,0.231296,USA,920120
31722374,231,9860,2003,9068758.0,171991717.0,1.7789220000000001,0.064028,USA,920120
31722375,231,9860,2004,8811762.0,184937521.0,1.7598630000000002,0.066704,USA,920120
31722376,231,9860,2005,14601776.0,182818169.0,1.718086,-0.34564,USA,920120
31722377,231,9860,2006,15182952.0,147132141.0,1.666643,-0.121679,USA,920120
31722378,231,9860,2007,14890304.0,134841640.0,1.612165,0.0922,USA,920120
31722379,231,9860,2008,18984405.0,105138151.0,1.584278,-0.209788,USA,920120
31722380,231,9860,2009,14311988.0,48319032.0,1.657663,-0.41411400000000004,USA,920120
31722381,231,9860,2010,16433644.0,61761262.0,1.67573,-0.598165,USA,920120
31722382,231,9860,2011,17029844.0,66662957.0,1.6884849999999998,-0.474499,USA,920120
31722383,231,9860,2012,16810836.0,61899662.0,1.628377,-0.601941,USA,920120
31722384,231,9860,2013,20694207.0,71411930.0,1.6639689999999998,-0.48651300000000003,USA,920120
31722385,231,9860,2014,18386873.0,71440378.0,1.61227,0.068905,USA,920120
31722386,231,9860,2015,19488203.0,63988117.0,1.720478,-0.129322,USA,920120
31722387,231,9860,2016,15771847.0,60802061.0,1.685329,0.297536,USA,920120
31722388,231,9860,2017,17975150.0,66092744.0,1.601478,0.277271,USA,920120
31722389,231,9860,2018,16246555.0,68830499.0,1.585861,0.44815900000000003,USA,920120
31722390,231,9860,2019,19230752.0,72599339.0,1.606808,0.3232,USA,920120
31722391,231,9860,2020,20542438.0,51799773.0,1.588148,0.380904,USA,920120
31722392,232,9860,1995,0.0,6424.0,-0.29740900000000003,-0.9456190000000001,UZB,920120
31722393,232,9860,1996,0.0,224142.0,-0.17393499999999998,-0.727476,UZB,920120
31722394,232,9860,1997,0.0,154778.0,-0.26560700000000004,-0.870447,UZB,920120
31722395,232,9860,1998,0.0,97006.0,-0.283425,-0.7488520000000001,UZB,920120
31722396,232,9860,1999,0.0,129491.0,-0.43066499999999996,-0.767428,UZB,920120
31722397,232,9860,2000,0.0,99846.0,-0.405531,-0.598955,UZB,920120
31722398,232,9860,2001,0.0,64000.0,-0.395913,-0.6454449999999999,UZB,920120
31722399,232,9860,2002,0.0,161000.0,-0.379765,-0.5965159999999999,UZB,920120
31722400,232,9860,2003,0.0,106952.0,-0.285978,-0.703334,UZB,920120
31722401,232,9860,2004,0.0,67501.0,-0.50605,-0.824691,UZB,920120
31722402,232,9860,2005,,,-0.357031,-0.730797,UZB,920120
31722403,232,9860,2006,,,-0.457759,-0.784626,UZB,920120
31722404,232,9860,2007,,,-0.540449,-0.799454,UZB,920120
31722405,232,9860,2008,0.0,8217.0,-0.470184,-0.773163,UZB,920120
31722406,232,9860,2009,0.0,155883.0,-0.6115470000000001,-0.710622,UZB,920120
31722407,232,9860,2010,0.0,319995.0,-0.704097,-0.655055,UZB,920120
31722408,232,9860,2011,0.0,2065005.0,-0.785878,-0.663918,UZB,920120
31722409,232,9860,2012,1435.0,358159.0,-0.5875670000000001,-0.549863,UZB,920120
31722410,232,9860,2013,0.0,1240471.0,-0.748212,-0.567268,UZB,920120
31722411,232,9860,2014,6515.0,1298691.0,-0.407623,-0.37150700000000003,UZB,920120
31722412,232,9860,2015,4069.0,194659.0,-0.724966,-0.599292,UZB,920120
31722413,232,9860,2016,0.0,262051.0,-0.703465,-0.493036,UZB,920120
31722414,232,9860,2017,0.0,280408.0,-0.407169,-0.264942,UZB,920120
31722415,232,9860,2018,0.0,559413.0,-0.591547,-0.429982,UZB,920120
31722416,232,9860,2019,0.0,482394.0,-0.5856060000000001,-0.311248,UZB,920120
31722417,232,9860,2020,0.0,30432.0,-0.309411,0.071414,UZB,920120
31722418,233,9860,1995,,,,,VAT,920120
31722419,233,9860,1996,,,,,VAT,920120
31722420,233,9860,1997,,,,,VAT,920120
31722421,233,9860,1998,,,,,VAT,920120
31722422,233,9860,1999,,,,,VAT,920120
31722423,233,9860,2000,,,1.3466870000000002,-0.553088,VAT,920120
31722424,233,9860,2001,,,0.46455799999999997,-0.722421,VAT,920120
31722425,233,9860,2002,,,0.9434020000000001,-0.5230020000000001,VAT,920120
31722426,233,9860,2003,,,0.902394,-0.5776600000000001,VAT,920120
31722427,233,9860,2004,,,0.5171789999999999,-0.569032,VAT,920120
31722428,233,9860,2005,,,0.934002,-0.4716,VAT,920120
31722429,233,9860,2006,,,0.776323,-0.42712100000000003,VAT,920120
31722430,233,9860,2007,,,0.762119,-0.20439100000000002,VAT,920120
31722431,233,9860,2008,,,0.74952,-0.38421900000000003,VAT,920120
31722432,233,9860,2009,,,0.13089,-0.738226,VAT,920120
31722433,233,9860,2010,,,1.259831,-0.07005499999999999,VAT,920120
31722434,233,9860,2011,,,0.614758,-0.694783,VAT,920120
31722435,233,9860,2012,,,0.595379,-0.322465,VAT,920120
31722436,233,9860,2013,,,0.699425,-0.296746,VAT,920120
31722437,233,9860,2014,,,1.150282,0.660892,VAT,920120
31722438,233,9860,2015,,,0.295538,-0.6049359999999999,VAT,920120
31722439,233,9860,2016,,,0.918142,-0.319902,VAT,920120
31722440,233,9860,2017,,,0.747959,-0.21892899999999998,VAT,920120
31722441,233,9860,2018,,,-0.043233999999999995,-0.7486689999999999,VAT,920120
31722442,233,9860,2019,,,1.235527,-0.155683,VAT,920120
31722443,233,9860,2020,,,0.8574360000000001,-0.492839,VAT,920120
31722444,234,9860,1995,,,-0.369315,-0.751156,VCT,920120
31722445,234,9860,1996,,,-0.123896,-0.5798989999999999,VCT,920120
31722446,234,9860,1997,,,0.069461,-0.459567,VCT,920120
31722447,234,9860,1998,0.0,5615.0,0.22166,-0.331633,VCT,920120
31722448,234,9860,1999,,,-0.28283400000000003,-0.755695,VCT,920120
31722449,234,9860,2000,,,0.095604,-0.352013,VCT,920120
31722450,234,9860,2001,,,-0.5042,-0.7987609999999999,VCT,920120
31722451,234,9860,2002,,,-0.340281,-0.661246,VCT,920120
31722452,234,9860,2003,0.0,8217.0,-0.355758,-0.679181,VCT,920120
31722453,234,9860,2004,0.0,2201.0,-0.564477,-0.8544,VCT,920120
31722454,234,9860,2005,,,-0.584696,-0.842192,VCT,920120
31722455,234,9860,2006,0.0,23887.0,-0.6097060000000001,-0.8844770000000001,VCT,920120
31722456,234,9860,2007,0.0,2365.0,-0.112166,-0.692679,VCT,920120
31722457,234,9860,2008,,,-0.598538,-0.8798459999999999,VCT,920120
31722458,234,9860,2009,0.0,10926.0,-0.068356,-0.6011350000000001,VCT,920120
31722459,234,9860,2010,0.0,158844.0,0.120821,-0.43102700000000005,VCT,920120
31722460,234,9860,2011,0.0,1326.0,0.291718,-0.250897,VCT,920120
31722461,234,9860,2012,0.0,5863.0,0.233053,-0.292993,VCT,920120
31722462,234,9860,2013,,,0.193198,-0.23631799999999997,VCT,920120
31722463,234,9860,2014,,,0.034024,-0.522492,VCT,920120
31722464,234,9860,2015,,,0.087811,-0.35481999999999997,VCT,920120
31722465,234,9860,2016,,,0.157611,-0.581526,VCT,920120
31722466,234,9860,2017,0.0,1117.0,-0.040273,-0.549452,VCT,920120
31722467,234,9860,2018,0.0,11108.0,-0.274831,-0.603525,VCT,920120
31722468,234,9860,2019,,,-0.712703,-0.859416,VCT,920120
31722469,234,9860,2020,,,-0.8252809999999999,-0.89407,VCT,920120
31722470,235,9860,1995,,,,,VDR,920120
31722471,235,9860,1996,,,,,VDR,920120
31722472,235,9860,1997,,,,,VDR,920120
31722473,235,9860,1998,,,,,VDR,920120
31722474,235,9860,1999,,,,,VDR,920120
31722475,235,9860,2000,,,,,VDR,920120
31722476,235,9860,2001,,,,,VDR,920120
31722477,235,9860,2002,,,,,VDR,920120
31722478,235,9860,2003,,,,,VDR,920120
31722479,235,9860,2004,,,,,VDR,920120
31722480,235,9860,2005,,,,,VDR,920120
31722481,235,9860,2006,,,,,VDR,920120
31722482,235,9860,2007,,,,,VDR,920120
31722483,235,9860,2008,,,,,VDR,920120
31722484,235,9860,2009,,,,,VDR,920120
31722485,235,9860,2010,,,,,VDR,920120
31722486,235,9860,2011,,,,,VDR,920120
31722487,235,9860,2012,,,,,VDR,920120
31722488,235,9860,2013,,,,,VDR,920120
31722489,235,9860,2014,,,,,VDR,920120
31722490,235,9860,2015,,,,,VDR,920120
31722491,235,9860,2016,,,,,VDR,920120
31722492,235,9860,2017,,,,,VDR,920120
31722493,235,9860,2018,,,,,VDR,920120
31722494,235,9860,2019,,,,,VDR,920120
31722495,235,9860,2020,,,,,VDR,920120
31722496,236,9860,1995,0.0,17786.0,0.299294,-0.635474,VEN,920120
31722497,236,9860,1996,0.0,13757.0,0.07086100000000001,-0.761307,VEN,920120
31722498,236,9860,1997,0.0,39668.0,0.21363200000000002,-0.668341,VEN,920120
31722499,236,9860,1998,0.0,172180.0,0.288717,-0.540639,VEN,920120
31722500,236,9860,1999,0.0,86047.0,0.16454100000000002,-0.691021,VEN,920120
31722501,236,9860,2000,0.0,68956.0,0.19788499999999998,-0.779957,VEN,920120
31722502,236,9860,2001,0.0,44720.0,0.261158,-0.7397,VEN,920120
31722503,236,9860,2002,0.0,45543.0,0.211536,-0.715675,VEN,920120
31722504,236,9860,2003,10725.0,121687.0,0.277805,-0.783697,VEN,920120
31722505,236,9860,2004,23919.0,113093.0,0.048698000000000005,-0.899776,VEN,920120
31722506,236,9860,2005,0.0,197936.0,0.248175,-0.9600629999999999,VEN,920120
31722507,236,9860,2006,4684.0,167560.0,-0.340972,-1.015462,VEN,920120
31722508,236,9860,2007,11329.0,29398.0,-0.231215,-0.9839200000000001,VEN,920120
31722509,236,9860,2008,2518.0,98626.0,-0.442996,-1.0439969999999998,VEN,920120
31722510,236,9860,2009,0.0,125444.0,-0.5847600000000001,-1.150334,VEN,920120
31722511,236,9860,2010,1032.0,124824.0,-0.660844,-1.145133,VEN,920120
31722512,236,9860,2011,2690.0,117185.0,-0.841147,-1.095636,VEN,920120
31722513,236,9860,2012,0.0,82488.0,-1.3417270000000001,-1.154304,VEN,920120
31722514,236,9860,2013,0.0,467143.0,-0.778172,-1.107059,VEN,920120
31722515,236,9860,2014,0.0,106577.0,-0.582086,-1.081727,VEN,920120
31722516,236,9860,2015,,,-0.9249129999999999,-1.1877280000000001,VEN,920120
31722517,236,9860,2016,,,-0.844669,-1.164315,VEN,920120
31722518,236,9860,2017,,,-0.8874559999999999,-1.178752,VEN,920120
31722519,236,9860,2018,0.0,16363.0,-1.081138,-1.198717,VEN,920120
31722520,236,9860,2019,11093.0,0.0,-1.318175,-1.2506110000000001,VEN,920120
31722521,236,9860,2020,,,-1.058537,-1.178218,VEN,920120
31722522,237,9860,1995,,,0.799784,-0.287329,VGB,920120
31722523,237,9860,1996,,,0.602529,-0.280171,VGB,920120
31722524,237,9860,1997,,,0.5966060000000001,-0.381473,VGB,920120
31722525,237,9860,1998,0.0,12847.0,1.06785,-0.03292,VGB,920120
31722526,237,9860,1999,,,0.876099,-0.289157,VGB,920120
31722527,237,9860,2000,,,1.06873,0.090886,VGB,920120
31722528,237,9860,2001,,,0.759566,-0.16636099999999998,VGB,920120
31722529,237,9860,2002,,,1.022393,-0.23957399999999998,VGB,920120
31722530,237,9860,2003,,,0.685109,-0.20824299999999998,VGB,920120
31722531,237,9860,2004,,,0.597043,-0.348742,VGB,920120
31722532,237,9860,2005,0.0,7000.0,0.67282,-0.329218,VGB,920120
31722533,237,9860,2006,19588.0,0.0,1.05644,0.179306,VGB,920120
31722534,237,9860,2007,,,0.994233,0.072526,VGB,920120
31722535,237,9860,2008,0.0,24995.0,0.775652,0.028573,VGB,920120
31722536,237,9860,2009,,,0.903839,0.093044,VGB,920120
31722537,237,9860,2010,0.0,2849.0,0.699891,-0.29630300000000004,VGB,920120
31722538,237,9860,2011,,,0.780217,-0.010428,VGB,920120
31722539,237,9860,2012,0.0,10068.0,0.6483300000000001,0.269932,VGB,920120
31722540,237,9860,2013,0.0,6650.0,0.616863,-0.314222,VGB,920120
31722541,237,9860,2014,0.0,69079.0,0.484282,-0.082974,VGB,920120
31722542,237,9860,2015,0.0,33832.0,0.914493,-0.31357399999999996,VGB,920120
31722543,237,9860,2016,,,0.566815,-0.43181800000000004,VGB,920120
31722544,237,9860,2017,,,0.768,-0.257912,VGB,920120
31722545,237,9860,2018,0.0,12290.0,0.995964,-0.167496,VGB,920120
31722546,237,9860,2019,0.0,41570.0,1.145175,-0.41776199999999997,VGB,920120
31722547,237,9860,2020,,,1.342215,-0.501111,VGB,920120
31722548,238,9860,1995,,,,,VIR,920120
31722549,238,9860,1996,,,,,VIR,920120
31722550,238,9860,1997,,,,,VIR,920120
31722551,238,9860,1998,,,,,VIR,920120
31722552,238,9860,1999,,,,,VIR,920120
31722553,238,9860,2000,,,,,VIR,920120
31722554,238,9860,2001,,,,,VIR,920120
31722555,238,9860,2002,,,,,VIR,920120
31722556,238,9860,2003,,,,,VIR,920120
31722557,238,9860,2004,,,,,VIR,920120
31722558,238,9860,2005,,,,,VIR,920120
31722559,238,9860,2006,,,,,VIR,920120
31722560,238,9860,2007,,,,,VIR,920120
31722561,238,9860,2008,,,,,VIR,920120
31722562,238,9860,2009,,,,,VIR,920120
31722563,238,9860,2010,,,,,VIR,920120
31722564,238,9860,2011,,,,,VIR,920120
31722565,238,9860,2012,,,,,VIR,920120
31722566,238,9860,2013,,,,,VIR,920120
31722567,238,9860,2014,,,,,VIR,920120
31722568,238,9860,2015,,,,,VIR,920120
31722569,238,9860,2016,,,,,VIR,920120
31722570,238,9860,2017,,,,,VIR,920120
31722571,238,9860,2018,,,,,VIR,920120
31722572,238,9860,2019,,,,,VIR,920120
31722573,238,9860,2020,,,,,VIR,920120
31722574,239,9860,1995,0.0,209276.0,-1.0462069999999999,-0.269063,VNM,920120
31722575,239,9860,1996,0.0,141730.0,-0.9336469999999999,-0.10985199999999999,VNM,920120
31722576,239,9860,1997,0.0,129749.0,-0.93384,0.06253099999999999,VNM,920120
31722577,239,9860,1998,0.0,209505.0,-0.9395469999999999,0.060697,VNM,920120
31722578,239,9860,1999,0.0,37777.0,-0.9824940000000001,0.115755,VNM,920120
31722579,239,9860,2000,0.0,44053.0,-0.849311,0.391474,VNM,920120
31722580,239,9860,2001,0.0,136154.0,-0.6692130000000001,0.610992,VNM,920120
31722581,239,9860,2002,1140.0,370459.0,-0.589665,0.799874,VNM,920120
31722582,239,9860,2003,10166.0,135761.0,-0.633985,0.659696,VNM,920120
31722583,239,9860,2004,0.0,323980.0,-0.5270560000000001,0.8910389999999999,VNM,920120
31722584,239,9860,2005,6347.0,245641.0,-0.673618,0.766938,VNM,920120
31722585,239,9860,2006,83000.0,568726.0,-0.342779,1.033318,VNM,920120
31722586,239,9860,2007,52457.0,732113.0,-0.335613,1.048849,VNM,920120
31722587,239,9860,2008,130665.0,1412049.0,-0.207083,1.1323370000000001,VNM,920120
31722588,239,9860,2009,100364.0,1240885.0,-0.27396,1.131199,VNM,920120
31722589,239,9860,2010,147736.0,1715814.0,-0.24660500000000002,1.427235,VNM,920120
31722590,239,9860,2011,301657.0,1678476.0,-0.184453,1.637207,VNM,920120
31722591,239,9860,2012,210172.0,1789601.0,0.012365000000000001,1.290936,VNM,920120
31722592,239,9860,2013,94843.0,1479376.0,-0.11426900000000001,1.399738,VNM,920120
31722593,239,9860,2014,154116.0,2280484.0,-0.023765,1.344416,VNM,920120
31722594,239,9860,2015,304105.0,3063732.0,-0.17108900000000002,1.10995,VNM,920120
31722595,239,9860,2016,270922.0,3227323.0,-0.10217899999999999,1.015568,VNM,920120
31722596,239,9860,2017,193085.0,2679643.0,-0.009819,0.686429,VNM,920120
31722597,239,9860,2018,846184.0,3307012.0,0.003069,0.9169729999999999,VNM,920120
31722598,239,9860,2019,337706.0,3688557.0,-0.048147,1.098784,VNM,920120
31722599,239,9860,2020,557248.0,3219269.0,0.034229,0.89099,VNM,920120
31722600,240,9860,1995,,,-1.168901,-0.8590540000000001,VUT,920120
31722601,240,9860,1996,,,-0.933351,-0.824783,VUT,920120
31722602,240,9860,1997,0.0,10495.0,-1.300604,-0.921262,VUT,920120
31722603,240,9860,1998,,,-1.176751,-0.9141819999999999,VUT,920120
31722604,240,9860,1999,,,-0.857935,-0.8740190000000001,VUT,920120
31722605,240,9860,2000,,,-1.007244,-0.9066219999999999,VUT,920120
31722606,240,9860,2001,,,-0.9620719999999999,-0.873368,VUT,920120
31722607,240,9860,2002,,,-1.240258,-0.95039,VUT,920120
31722608,240,9860,2003,,,-0.916386,-0.784439,VUT,920120
31722609,240,9860,2004,,,-1.2338790000000002,-0.969297,VUT,920120
31722610,240,9860,2005,,,-1.009584,-0.885193,VUT,920120
31722611,240,9860,2006,,,-1.166741,-0.927552,VUT,920120
31722612,240,9860,2007,,,-1.187885,-0.993107,VUT,920120
31722613,240,9860,2008,,,-1.1498540000000002,-0.9443299999999999,VUT,920120
31722614,240,9860,2009,,,-0.9398479999999999,-0.9635799999999999,VUT,920120
31722615,240,9860,2010,,,-0.8922190000000001,-0.87134,VUT,920120
31722616,240,9860,2011,,,-1.324335,-0.9620629999999999,VUT,920120
31722617,240,9860,2012,,,-0.8367030000000001,-0.8235610000000001,VUT,920120
31722618,240,9860,2013,,,-0.6548689999999999,-0.811184,VUT,920120
31722619,240,9860,2014,,,-1.21245,-0.941493,VUT,920120
31722620,240,9860,2015,3703.0,0.0,-1.6531169999999997,-1.018974,VUT,920120
31722621,240,9860,2016,,,-1.187374,-0.9973350000000001,VUT,920120
31722622,240,9860,2017,,,-1.223329,-1.005357,VUT,920120
31722623,240,9860,2018,,,-1.595495,-1.026155,VUT,920120
31722624,240,9860,2019,,,-0.88634,-0.943023,VUT,920120
31722625,240,9860,2020,,,-1.469494,-0.991857,VUT,920120
31722626,241,9860,1995,,,1.60045,-0.49371800000000005,WLF,920120
31722627,241,9860,1996,,,0.9072549999999999,-0.5177430000000001,WLF,920120
31722628,241,9860,1997,,,-0.09628400000000001,-0.770489,WLF,920120
31722629,241,9860,1998,,,0.8516,-0.734815,WLF,920120
31722630,241,9860,1999,,,2.076089,-0.671834,WLF,920120
31722631,241,9860,2000,,,0.7104189999999999,-0.696887,WLF,920120
31722632,241,9860,2001,,,0.934326,-0.724379,WLF,920120
31722633,241,9860,2002,,,0.5689420000000001,-0.737647,WLF,920120
31722634,241,9860,2003,,,0.200787,-0.775126,WLF,920120
31722635,241,9860,2004,,,2.1501349999999997,-0.13714200000000001,WLF,920120
31722636,241,9860,2005,,,1.090798,-0.447772,WLF,920120
31722637,241,9860,2006,,,1.609916,-0.311544,WLF,920120
31722638,241,9860,2007,,,2.106802,-0.38307800000000003,WLF,920120
31722639,241,9860,2008,,,0.503318,-0.708188,WLF,920120
31722640,241,9860,2009,,,1.551821,-0.5478390000000001,WLF,920120
31722641,241,9860,2010,,,1.206023,-0.517231,WLF,920120
31722642,241,9860,2011,,,0.512842,-0.681142,WLF,920120
31722643,241,9860,2012,,,1.6446990000000001,-0.248971,WLF,920120
31722644,241,9860,2013,,,1.4608299999999999,-0.567281,WLF,920120
31722645,241,9860,2014,,,1.0165819999999999,-0.481415,WLF,920120
31722646,241,9860,2015,,,0.858368,-0.6285810000000001,WLF,920120
31722647,241,9860,2016,,,1.1721700000000002,-0.658709,WLF,920120
31722648,241,9860,2017,,,1.156989,-0.59549,WLF,920120
31722649,241,9860,2018,4760.0,0.0,1.604643,-0.608603,WLF,920120
31722650,241,9860,2019,,,2.073123,-0.6077170000000001,WLF,920120
31722651,241,9860,2020,,,0.601576,-0.727147,WLF,920120
31722652,242,9860,1995,,,-1.238049,-0.877899,WSM,920120
31722653,242,9860,1996,0.0,2457.0,-0.9626600000000001,-0.838794,WSM,920120
31722654,242,9860,1997,,,-1.033099,-0.8692129999999999,WSM,920120
31722655,242,9860,1998,,,-1.3855540000000002,-0.932428,WSM,920120
31722656,242,9860,1999,,,-0.87316,-0.8508049999999999,WSM,920120
31722657,242,9860,2000,,,-1.2583469999999999,-0.988015,WSM,920120
31722658,242,9860,2001,0.0,6458.0,-0.361456,-0.690474,WSM,920120
31722659,242,9860,2002,,,-0.053287,-0.5183399999999999,WSM,920120
31722660,242,9860,2003,,,-0.304377,-0.620659,WSM,920120
31722661,242,9860,2004,0.0,1322.0,-0.129153,-0.6165510000000001,WSM,920120
31722662,242,9860,2005,,,0.31706,-0.384695,WSM,920120
31722663,242,9860,2006,,,0.299266,-0.477783,WSM,920120
31722664,242,9860,2007,,,-0.21260500000000002,-0.671421,WSM,920120
31722665,242,9860,2008,,,0.527804,-0.347197,WSM,920120
31722666,242,9860,2009,0.0,5823.0,1.3006149999999999,0.354537,WSM,920120
31722667,242,9860,2010,,,1.236381,0.276124,WSM,920120
31722668,242,9860,2011,,,0.9658110000000001,0.30804699999999996,WSM,920120
31722669,242,9860,2012,0.0,12900.0,0.537049,-0.065328,WSM,920120
31722670,242,9860,2013,,,0.824724,0.056441,WSM,920120
31722671,242,9860,2014,,,0.602344,-0.051224,WSM,920120
31722672,242,9860,2015,0.0,42957.0,0.351057,-0.158431,WSM,920120
31722673,242,9860,2016,4627.0,6258.0,0.576339,-0.221148,WSM,920120
31722674,242,9860,2017,0.0,8088.0,0.450726,0.050197000000000006,WSM,920120
31722675,242,9860,2018,0.0,3299.0,0.336421,0.186474,WSM,920120
31722676,242,9860,2019,,,0.22290700000000002,-0.164178,WSM,920120
31722677,242,9860,2020,,,0.875817,-0.056116,WSM,920120
31722678,243,9860,1995,,,-1.302346,-1.135961,YEM,920120
31722679,243,9860,1996,,,-1.304556,-1.200523,YEM,920120
31722680,243,9860,1997,,,-1.7204130000000002,-1.242057,YEM,920120
31722681,243,9860,1998,,,-1.458683,-1.263139,YEM,920120
31722682,243,9860,1999,,,-1.746447,-1.296571,YEM,920120
31722683,243,9860,2000,,,-1.74462,-1.26072,YEM,920120
31722684,243,9860,2001,,,-1.465154,-1.261615,YEM,920120
31722685,243,9860,2002,,,-1.233006,-1.22101,YEM,920120
31722686,243,9860,2003,,,-1.453584,-1.257815,YEM,920120
31722687,243,9860,2004,,,-1.15115,-1.207897,YEM,920120
31722688,243,9860,2005,,,-1.214267,-1.2094719999999999,YEM,920120
31722689,243,9860,2006,,,-1.0407110000000002,-1.13042,YEM,920120
31722690,243,9860,2007,,,-1.2624600000000001,-1.2131290000000001,YEM,920120
31722691,243,9860,2008,,,-1.227495,-1.191462,YEM,920120
31722692,243,9860,2009,,,-0.845426,-1.119091,YEM,920120
31722693,243,9860,2010,,,-1.360851,-1.208826,YEM,920120
31722694,243,9860,2011,,,-1.44127,-1.242875,YEM,920120
31722695,243,9860,2012,,,-1.277216,-1.2331590000000001,YEM,920120
31722696,243,9860,2013,,,-1.252605,-1.207324,YEM,920120
31722697,243,9860,2014,,,-1.2829190000000001,-1.227373,YEM,920120
31722698,243,9860,2015,,,-1.048632,-1.10843,YEM,920120
31722699,243,9860,2016,,,-1.232675,-1.205963,YEM,920120
31722700,243,9860,2017,,,-1.397594,-1.2342110000000002,YEM,920120
31722701,243,9860,2018,,,-1.3332899999999999,-1.200589,YEM,920120
31722702,243,9860,2019,,,-1.4367860000000001,-1.262101,YEM,920120
31722703,243,9860,2020,,,-1.130952,-1.137774,YEM,920120
31722704,244,9860,1995,,,,,YMD,920120
31722705,244,9860,1996,,,,,YMD,920120
31722706,244,9860,1997,,,,,YMD,920120
31722707,244,9860,1998,,,,,YMD,920120
31722708,244,9860,1999,,,,,YMD,920120
31722709,244,9860,2000,,,,,YMD,920120
31722710,244,9860,2001,,,,,YMD,920120
31722711,244,9860,2002,,,,,YMD,920120
31722712,244,9860,2003,,,,,YMD,920120
31722713,244,9860,2004,,,,,YMD,920120
31722714,244,9860,2005,,,,,YMD,920120
31722715,244,9860,2006,,,,,YMD,920120
31722716,244,9860,2007,,,,,YMD,920120
31722717,244,9860,2008,,,,,YMD,920120
31722718,244,9860,2009,,,,,YMD,920120
31722719,244,9860,2010,,,,,YMD,920120
31722720,244,9860,2011,,,,,YMD,920120
31722721,244,9860,2012,,,,,YMD,920120
31722722,244,9860,2013,,,,,YMD,920120
31722723,244,9860,2014,,,,,YMD,920120
31722724,244,9860,2015,,,,,YMD,920120
31722725,244,9860,2016,,,,,YMD,920120
31722726,244,9860,2017,,,,,YMD,920120
31722727,244,9860,2018,,,,,YMD,920120
31722728,244,9860,2019,,,,,YMD,920120
31722729,244,9860,2020,,,,,YMD,920120
31722730,245,9860,1995,,,,,YUG,920120
31722731,245,9860,1996,,,,,YUG,920120
31722732,245,9860,1997,,,,,YUG,920120
31722733,245,9860,1998,,,,,YUG,920120
31722734,245,9860,1999,,,,,YUG,920120
31722735,245,9860,2000,,,,,YUG,920120
31722736,245,9860,2001,,,,,YUG,920120
31722737,245,9860,2002,,,,,YUG,920120
31722738,245,9860,2003,,,,,YUG,920120
31722739,245,9860,2004,,,,,YUG,920120
31722740,245,9860,2005,,,,,YUG,920120
31722741,245,9860,2006,,,,,YUG,920120
31722742,245,9860,2007,,,,,YUG,920120
31722743,245,9860,2008,,,,,YUG,920120
31722744,245,9860,2009,,,,,YUG,920120
31722745,245,9860,2010,,,,,YUG,920120
31722746,245,9860,2011,,,,,YUG,920120
31722747,245,9860,2012,,,,,YUG,920120
31722748,245,9860,2013,,,,,YUG,920120
31722749,245,9860,2014,,,,,YUG,920120
31722750,245,9860,2015,,,,,YUG,920120
31722751,245,9860,2016,,,,,YUG,920120
31722752,245,9860,2017,,,,,YUG,920120
31722753,245,9860,2018,,,,,YUG,920120
31722754,245,9860,2019,,,,,YUG,920120
31722755,245,9860,2020,,,,,YUG,920120
31722756,246,9860,1995,7538.0,164147.0,0.468112,1.039817,ZAF,920120
31722757,246,9860,1996,9089.0,403165.0,0.456593,1.150786,ZAF,920120
31722758,246,9860,1997,24797.0,113946.0,0.501792,1.1192440000000001,ZAF,920120
31722759,246,9860,1998,11010.0,79434.0,0.573958,1.3813739999999999,ZAF,920120
31722760,246,9860,1999,68968.0,88047.0,0.543171,1.432792,ZAF,920120
31722761,246,9860,2000,52731.0,103521.0,0.5307529999999999,2.1141810000000003,ZAF,920120
31722762,246,9860,2001,83894.0,140664.0,0.356842,2.006155,ZAF,920120
31722763,246,9860,2002,71611.0,180680.0,0.395943,2.392458,ZAF,920120
31722764,246,9860,2003,42339.0,234876.0,0.477987,2.255395,ZAF,920120
31722765,246,9860,2004,79048.0,703503.0,0.460279,1.9736220000000002,ZAF,920120
31722766,246,9860,2005,53491.0,1123629.0,0.484464,1.65903,ZAF,920120
31722767,246,9860,2006,76644.0,1409456.0,0.37964499999999995,1.466326,ZAF,920120
31722768,246,9860,2007,49577.0,1618826.0,0.349792,1.246052,ZAF,920120
31722769,246,9860,2008,48617.0,1116991.0,0.22551500000000002,1.185506,ZAF,920120
31722770,246,9860,2009,148539.0,810358.0,0.316452,1.767795,ZAF,920120
31722771,246,9860,2010,26865.0,947928.0,0.327326,1.513598,ZAF,920120
31722772,246,9860,2011,90393.0,1172871.0,0.241792,1.353011,ZAF,920120
31722773,246,9860,2012,168633.0,858575.0,0.284069,1.730991,ZAF,920120
31722774,246,9860,2013,47070.0,682011.0,0.380284,1.5682120000000002,ZAF,920120
31722775,246,9860,2014,79256.0,813922.0,0.282927,1.723214,ZAF,920120
31722776,246,9860,2015,87258.0,855994.0,0.24944699999999997,1.7573159999999999,ZAF,920120
31722777,246,9860,2016,82275.0,638000.0,0.187396,1.46169,ZAF,920120
31722778,246,9860,2017,126956.0,716284.0,0.2066,1.378591,ZAF,920120
31722779,246,9860,2018,100611.0,1230947.0,0.158722,1.394829,ZAF,920120
31722780,246,9860,2019,62148.0,932589.0,0.129921,1.101027,ZAF,920120
31722781,246,9860,2020,97213.0,573903.0,0.042099,0.923931,ZAF,920120
31722782,247,9860,1995,,,-0.214763,-0.721675,ZMB,920120
31722783,247,9860,1996,0.0,1301.0,-0.340956,-0.714009,ZMB,920120
31722784,247,9860,1997,,,-0.62183,-0.809639,ZMB,920120
31722785,247,9860,1998,,,-0.383126,-0.501498,ZMB,920120
31722786,247,9860,1999,0.0,2820.0,-0.388446,-0.47129099999999996,ZMB,920120
31722787,247,9860,2000,,,-0.761877,-0.6588510000000001,ZMB,920120
31722788,247,9860,2001,0.0,6571.0,-0.731193,-0.706978,ZMB,920120
31722789,247,9860,2002,,,-0.654686,-0.545346,ZMB,920120
31722790,247,9860,2003,,,-0.678149,-0.5919449999999999,ZMB,920120
31722791,247,9860,2004,0.0,23119.0,-0.9972190000000001,-0.853986,ZMB,920120
31722792,247,9860,2005,0.0,1265.0,-0.854234,-0.9467399999999999,ZMB,920120
31722793,247,9860,2006,,,-0.5307,-0.793621,ZMB,920120
31722794,247,9860,2007,0.0,3286.0,-0.522838,-0.796874,ZMB,920120
31722795,247,9860,2008,,,-0.798489,-0.9437639999999999,ZMB,920120
31722796,247,9860,2009,0.0,922.0,-0.6423909999999999,-0.815315,ZMB,920120
31722797,247,9860,2010,,,-0.650686,-0.830332,ZMB,920120
31722798,247,9860,2011,,,-0.7599,-0.941019,ZMB,920120
31722799,247,9860,2012,0.0,14893.0,-0.40962200000000004,-0.770245,ZMB,920120
31722800,247,9860,2013,0.0,1293.0,-0.382129,-0.5442229999999999,ZMB,920120
31722801,247,9860,2014,0.0,2284.0,-0.664089,-0.793452,ZMB,920120
31722802,247,9860,2015,0.0,1332.0,-0.44792,-0.769586,ZMB,920120
31722803,247,9860,2016,0.0,4845.0,-0.632437,-0.968817,ZMB,920120
31722804,247,9860,2017,0.0,7986.0,-0.8594290000000001,-1.0574459999999999,ZMB,920120
31722805,247,9860,2018,0.0,20087.0,-0.736064,-0.93958,ZMB,920120
31722806,247,9860,2019,0.0,9173.0,-0.629261,-0.8471489999999999,ZMB,920120
31722807,247,9860,2020,0.0,6859.0,-0.9162379999999999,-0.9523940000000001,ZMB,920120
31722808,248,9860,1995,2078.0,1870.0,-0.054752999999999996,0.326737,ZWE,920120
31722809,248,9860,1996,0.0,4797.0,-0.393769,-0.34379,ZWE,920120
31722810,248,9860,1997,0.0,22546.0,-0.36357399999999995,-0.449161,ZWE,920120
31722811,248,9860,1998,,,-0.49939399999999995,-0.430733,ZWE,920120
31722812,248,9860,1999,,,-0.320533,-0.180527,ZWE,920120
31722813,248,9860,2000,,,-0.454005,0.082856,ZWE,920120
31722814,248,9860,2001,0.0,5055.0,-0.6321829999999999,-0.453671,ZWE,920120
31722815,248,9860,2002,4983.0,38456.0,-0.309483,0.271457,ZWE,920120
31722816,248,9860,2003,,,-0.366539,-0.18906199999999998,ZWE,920120
31722817,248,9860,2004,,,-0.560593,-0.091112,ZWE,920120
31722818,248,9860,2005,,,-0.559266,-0.395637,ZWE,920120
31722819,248,9860,2006,0.0,7656.0,-0.41825500000000004,-0.55313,ZWE,920120
31722820,248,9860,2007,0.0,1134.0,-0.5271399999999999,-0.47033800000000003,ZWE,920120
31722821,248,9860,2008,0.0,25446.0,-0.377992,-0.577244,ZWE,920120
31722822,248,9860,2009,0.0,1102.0,-0.686822,-0.683511,ZWE,920120
31722823,248,9860,2010,2179.0,328.0,-0.869909,-0.8233309999999999,ZWE,920120
31722824,248,9860,2011,1070.0,1092.0,-0.858662,-0.8632719999999999,ZWE,920120
31722825,248,9860,2012,0.0,25287.0,-0.8025100000000001,-0.869078,ZWE,920120
31722826,248,9860,2013,2134.0,25178.0,-0.828702,-0.899175,ZWE,920120
31722827,248,9860,2014,0.0,9091.0,-0.821369,-0.864232,ZWE,920120
31722828,248,9860,2015,0.0,25920.0,-0.838017,-0.9400270000000001,ZWE,920120
31722829,248,9860,2016,0.0,14271.0,-1.083532,-1.0016610000000001,ZWE,920120
31722830,248,9860,2017,,,-1.101402,-1.0831680000000001,ZWE,920120
31722831,248,9860,2018,1391.0,2685.0,-1.181524,-1.0648520000000001,ZWE,920120
31722832,248,9860,2019,,,-0.9993780000000001,-1.018174,ZWE,920120
31722833,248,9860,2020,0.0,2294.0,-1.039532,-1.12853,ZWE,920120
31722834,249,9860,1995,331322.0,8596410.0,1.345205,1.9337389999999999,TWN,920120
31722835,249,9860,1996,223342.0,5747299.0,1.432225,1.675389,TWN,920120
31722836,249,9860,1997,209500.0,6392217.0,1.317672,1.800561,TWN,920120
31722837,249,9860,1998,480569.0,5212215.0,1.224725,1.890322,TWN,920120
31722838,249,9860,1999,323759.0,5803871.0,1.336816,1.725334,TWN,920120
31722839,249,9860,2000,322428.0,7753840.0,1.44705,1.475122,TWN,920120
31722840,249,9860,2001,205236.0,4833210.0,1.5731700000000002,1.353159,TWN,920120
31722841,249,9860,2002,209941.0,4238306.0,1.683858,1.333601,TWN,920120
31722842,249,9860,2003,181103.0,4946137.0,1.5924040000000002,1.397843,TWN,920120
31722843,249,9860,2004,161944.0,5465450.0,1.626307,1.358315,TWN,920120
31722844,249,9860,2005,139005.0,5195262.0,1.577067,1.3218450000000002,TWN,920120
31722845,249,9860,2006,117149.0,5733899.0,1.619915,1.2289940000000001,TWN,920120
31722846,249,9860,2007,42730.0,6470597.0,1.651607,0.974649,TWN,920120
31722847,249,9860,2008,97047.0,6201023.0,1.611693,0.93875,TWN,920120
31722848,249,9860,2009,180332.0,6935098.0,1.5763120000000002,0.9567950000000001,TWN,920120
31722849,249,9860,2010,209214.0,7869638.0,1.766729,0.909335,TWN,920120
31722850,249,9860,2011,97154.0,7229495.0,1.803234,0.921233,TWN,920120
31722851,249,9860,2012,101116.0,5739398.0,1.6528,0.9437409999999999,TWN,920120
31722852,249,9860,2013,98214.0,6691136.0,1.843186,0.9432379999999999,TWN,920120
31722853,249,9860,2014,127772.0,6820471.0,1.9044189999999999,1.0595139999999998,TWN,920120
31722854,249,9860,2015,133470.0,5137792.0,1.962832,1.214982,TWN,920120
31722855,249,9860,2016,230169.0,5151135.0,2.002996,1.39485,TWN,920120
31722856,249,9860,2017,84091.0,4445520.0,2.0548290000000002,1.2552969999999999,TWN,920120
31722857,249,9860,2018,119584.0,4282607.0,2.0462540000000002,1.166636,TWN,920120
31722858,249,9860,2019,586159.0,4490141.0,2.123296,1.1786969999999999,TWN,920120
31722859,249,9860,2020,104823.0,4774752.0,2.0517060000000003,1.205431,TWN,920120
31722860,250,9860,1995,173797.0,42420.0,1.034518,0.9735149999999999,ANS,920120
31722861,250,9860,1996,63553.0,35344.0,1.084978,0.901755,ANS,920120
31722862,250,9860,1997,148309.0,85786.0,1.036748,0.851626,ANS,920120
31722863,250,9860,1998,200885.0,9125.0,1.144164,1.187425,ANS,920120
31722864,250,9860,1999,446128.0,64775.0,1.130511,0.9547379999999999,ANS,920120
31722865,250,9860,2000,163030.0,32429.0,1.195891,-0.22544,ANS,920120
31722866,250,9860,2001,172827.0,34940.0,1.096023,-0.33562600000000004,ANS,920120
31722867,250,9860,2002,21175.0,17342.0,0.734927,-0.40114099999999997,ANS,920120
31722868,250,9860,2003,29750.0,0.0,0.45951499999999995,-0.2312,ANS,920120
31722869,250,9860,2004,40005.0,0.0,0.509382,-0.30904299999999996,ANS,920120
31722870,250,9860,2005,56697.0,47731.0,0.63454,-0.41119799999999995,ANS,920120
31722871,250,9860,2006,54376.0,63113.0,0.711619,-0.41880200000000006,ANS,920120
31722872,250,9860,2007,81184.0,8110.0,0.671936,-0.284418,ANS,920120
31722873,250,9860,2008,115211.0,88627.0,0.547909,-0.5303640000000001,ANS,920120
31722874,250,9860,2009,214004.0,87516.0,0.582246,-0.10603,ANS,920120
31722875,250,9860,2010,181739.0,60713.0,0.45129600000000003,-0.223517,ANS,920120
31722876,250,9860,2011,313052.0,316594.0,0.475638,-0.160135,ANS,920120
31722877,250,9860,2012,265502.0,54573.0,0.385997,-0.057784,ANS,920120
31722878,250,9860,2013,506914.0,45900.0,0.628555,0.277602,ANS,920120
31722879,250,9860,2014,711237.0,191569.0,0.506842,0.049545,ANS,920120
31722880,250,9860,2015,751574.0,115726.0,0.377283,-0.092204,ANS,920120
31722881,250,9860,2016,471217.0,176205.0,0.773312,-0.015385,ANS,920120
31722882,250,9860,2017,196453.0,282034.0,0.72523,-0.205046,ANS,920120
31722883,250,9860,2018,344676.0,382735.0,0.809991,-0.368737,ANS,920120
31722884,250,9860,2019,171872.0,0.0,0.8996129999999999,-0.152746,ANS,920120
31722885,250,9860,2020,1545540.0,0.0,0.866041,-0.371104,ANS,920120
31722886,0,9861,1995,,,-0.502999,-0.713013,ABW,920190
31722887,0,9861,1996,0.0,12758.0,-0.681487,-0.70999,ABW,920190
31722888,0,9861,1997,,,-1.2908190000000002,-0.824577,ABW,920190
31722889,0,9861,1998,,,0.197883,-0.726349,ABW,920190
31722890,0,9861,1999,0.0,3300.0,-0.11568599999999998,-0.8296680000000001,ABW,920190
31722891,0,9861,2000,0.0,14600.0,0.333381,-0.7784979999999999,ABW,920190
31722892,0,9861,2001,,,-0.084715,-0.844852,ABW,920190
31722893,0,9861,2002,,,0.017075999999999997,-0.844024,ABW,920190
31722894,0,9861,2003,0.0,18630.0,-0.13006600000000001,-0.783431,ABW,920190
31722895,0,9861,2004,0.0,5600.0,-0.30244099999999996,-0.892926,ABW,920190
31722896,0,9861,2005,0.0,30370.0,0.409159,-0.712276,ABW,920190
31722897,0,9861,2006,1163.0,36167.0,0.15112799999999998,-0.752631,ABW,920190
31722898,0,9861,2007,18720.0,33922.0,-0.100145,-0.7896920000000001,ABW,920190
31722899,0,9861,2008,7100.0,7459.0,-0.13050499999999998,-0.7932560000000001,ABW,920190
31722900,0,9861,2009,0.0,52050.0,0.770077,-0.71001,ABW,920190
31722901,0,9861,2010,0.0,27209.0,0.9906219999999999,0.159993,ABW,920190
31722902,0,9861,2011,0.0,43506.0,-0.282585,-0.71273,ABW,920190
31722903,0,9861,2012,0.0,27013.0,0.262866,-0.531974,ABW,920190
31722904,0,9861,2013,0.0,39951.0,0.913235,-0.149061,ABW,920190
31722905,0,9861,2014,1598.0,20262.0,0.779539,-0.32255700000000004,ABW,920190
31722906,0,9861,2015,0.0,127668.0,0.8526809999999999,-0.043541,ABW,920190
31722907,0,9861,2016,1194.0,72096.0,0.9052,0.253571,ABW,920190
31722908,0,9861,2017,0.0,29933.0,0.845843,0.165178,ABW,920190
31722909,0,9861,2018,1755.0,39272.0,0.8710549999999999,0.084402,ABW,920190
31722910,0,9861,2019,0.0,18283.0,1.077214,-0.060235000000000004,ABW,920190
31722911,0,9861,2020,0.0,22270.0,0.725364,-0.244535,ABW,920190
31722912,1,9861,1995,,,-0.44388199999999994,-0.631151,AFG,920190
31722913,1,9861,1996,,,-0.31642600000000004,-0.620458,AFG,920190
31722914,1,9861,1997,,,0.019025999999999998,-0.351461,AFG,920190
31722915,1,9861,1998,,,-0.323818,-0.698422,AFG,920190
31722916,1,9861,1999,,,-0.28520500000000004,-0.635241,AFG,920190
31722917,1,9861,2000,,,-0.19908399999999998,-0.519908,AFG,920190
31722918,1,9861,2001,0.0,1853.0,-0.033686,-0.46412700000000007,AFG,920190
31722919,1,9861,2002,,,-0.262812,-0.503955,AFG,920190
31722920,1,9861,2003,,,-0.421205,-0.602704,AFG,920190
31722921,1,9861,2004,,,-0.6831550000000001,-0.756696,AFG,920190
31722922,1,9861,2005,0.0,1729.0,-0.173509,-0.42569799999999997,AFG,920190
31722923,1,9861,2006,0.0,2513.0,-0.626011,-0.6799689999999999,AFG,920190
31722924,1,9861,2007,,,-0.745981,-0.682003,AFG,920190
31722925,1,9861,2008,0.0,1560.0,-0.23668000000000003,-0.344418,AFG,920190
31722926,1,9861,2009,2237.0,0.0,-0.424354,-0.563383,AFG,920190
31722927,1,9861,2010,0.0,1849.0,-0.054633,-0.102103,AFG,920190
31722928,1,9861,2011,0.0,2828.0,-0.8426809999999999,-0.640418,AFG,920190
31722929,1,9861,2012,0.0,1005.0,-0.711192,-1.0911629999999999,AFG,920190
31722930,1,9861,2013,0.0,18983.0,-0.985727,-0.7164550000000001,AFG,920190
31722931,1,9861,2014,0.0,11165.0,-0.924386,-0.839385,AFG,920190
31722932,1,9861,2015,0.0,1228.0,-1.249655,-0.9094459999999999,AFG,920190
31722933,1,9861,2016,0.0,988.0,-1.497486,-1.002342,AFG,920190
31722934,1,9861,2017,,,-1.147348,-0.886799,AFG,920190
31722935,1,9861,2018,,,-1.267508,-0.8494940000000001,AFG,920190
31722936,1,9861,2019,0.0,14501.0,-1.187576,-0.7731979999999999,AFG,920190
31722937,1,9861,2020,0.0,5739.0,-1.178987,-0.815577,AFG,920190
31722938,2,9861,1995,0.0,5724.0,-2.2342459999999997,-1.1147639999999999,AGO,920190
31722939,2,9861,1996,0.0,2345.0,-2.3109900000000003,-1.172849,AGO,920190
31722940,2,9861,1997,,,-1.574236,-1.1722219999999999,AGO,920190
31722941,2,9861,1998,0.0,4609.0,-1.679223,-1.213275,AGO,920190
31722942,2,9861,1999,0.0,1793.0,-1.383262,-1.20434,AGO,920190
31722943,2,9861,2000,0.0,14036.0,-1.998198,-1.205407,AGO,920190
31722944,2,9861,2001,0.0,12494.0,-1.523823,-1.214093,AGO,920190
31722945,2,9861,2002,0.0,29195.0,-2.018135,-1.222751,AGO,920190
31722946,2,9861,2003,0.0,6760.0,-1.8762919999999998,-1.176541,AGO,920190
31722947,2,9861,2004,0.0,12654.0,-0.8513709999999999,-1.173397,AGO,920190
31722948,2,9861,2005,0.0,54973.0,-1.647198,-1.1817790000000001,AGO,920190
31722949,2,9861,2006,0.0,52140.0,-2.0822979999999998,-1.176767,AGO,920190
31722950,2,9861,2007,0.0,29061.0,-1.6925709999999998,-1.1987290000000002,AGO,920190
31722951,2,9861,2008,0.0,108659.0,-2.0318669999999996,-1.149931,AGO,920190
31722952,2,9861,2009,0.0,113232.0,-0.809438,-1.190006,AGO,920190
31722953,2,9861,2010,0.0,142950.0,-1.3711010000000001,-1.170608,AGO,920190
31722954,2,9861,2011,0.0,157475.0,-1.252991,-1.132314,AGO,920190
31722955,2,9861,2012,0.0,179206.0,-1.521092,-1.157031,AGO,920190
31722956,2,9861,2013,0.0,849714.0,-1.172043,-1.133735,AGO,920190
31722957,2,9861,2014,0.0,205878.0,-1.8184900000000002,-1.149191,AGO,920190
31722958,2,9861,2015,0.0,81481.0,-1.6542,-1.2598989999999999,AGO,920190
31722959,2,9861,2016,3158.0,85846.0,-1.313517,-1.262761,AGO,920190
31722960,2,9861,2017,3810.0,83494.0,-1.408777,-1.215475,AGO,920190
31722961,2,9861,2018,2510.0,99763.0,-1.489191,-1.213992,AGO,920190
31722962,2,9861,2019,6545.0,75236.0,-1.096127,-1.195434,AGO,920190
31722963,2,9861,2020,0.0,20143.0,-1.7948709999999999,-1.199555,AGO,920190
31722964,3,9861,1995,,,1.39062,-0.102344,AIA,920190
31722965,3,9861,1996,,,0.9183969999999999,-0.126271,AIA,920190
31722966,3,9861,1997,,,1.2688760000000001,0.19008599999999998,AIA,920190
31722967,3,9861,1998,,,0.8829440000000001,-0.185175,AIA,920190
31722968,3,9861,1999,,,0.9031899999999999,-0.402341,AIA,920190
31722969,3,9861,2000,0.0,5378.0,1.57991,0.160971,AIA,920190
31722970,3,9861,2001,0.0,4035.0,1.1659469999999998,0.12369000000000001,AIA,920190
31722971,3,9861,2002,0.0,5551.0,1.801822,0.172557,AIA,920190
31722972,3,9861,2003,0.0,4363.0,1.159575,-0.060911,AIA,920190
31722973,3,9861,2004,0.0,2826.0,1.14242,-0.061847000000000006,AIA,920190
31722974,3,9861,2005,0.0,7880.0,0.9438139999999999,-0.331494,AIA,920190
31722975,3,9861,2006,0.0,1722.0,1.4066610000000002,-0.166941,AIA,920190
31722976,3,9861,2007,0.0,2236.0,1.204732,-0.009463,AIA,920190
31722977,3,9861,2008,0.0,8710.0,1.3673950000000001,0.124948,AIA,920190
31722978,3,9861,2009,0.0,14245.0,1.5343360000000001,-0.035211,AIA,920190
31722979,3,9861,2010,,,1.127307,0.035098000000000004,AIA,920190
31722980,3,9861,2011,0.0,4000.0,1.3921459999999999,0.126905,AIA,920190
31722981,3,9861,2012,,,1.300748,0.187379,AIA,920190
31722982,3,9861,2013,,,1.5827879999999999,0.127141,AIA,920190
31722983,3,9861,2014,,,0.926517,-0.498487,AIA,920190
31722984,3,9861,2015,,,0.903682,-0.046925,AIA,920190
31722985,3,9861,2016,,,1.0810790000000001,-0.20086400000000001,AIA,920190
31722986,3,9861,2017,,,1.0311569999999999,-0.098749,AIA,920190
31722987,3,9861,2018,,,1.345238,-0.050174,AIA,920190
31722988,3,9861,2019,,,0.9469639999999999,-0.526437,AIA,920190
31722989,3,9861,2020,,,1.453992,-0.357415,AIA,920190
31722990,4,9861,1995,0.0,1392.0,-0.39273,-0.47259300000000004,ALB,920190
31722991,4,9861,1996,0.0,13627.0,-0.309992,-0.039541,ALB,920190
31722992,4,9861,1997,0.0,4205.0,-0.32351599999999997,-0.170449,ALB,920190
31722993,4,9861,1998,0.0,3974.0,-0.37657399999999996,-0.201006,ALB,920190
31722994,4,9861,1999,,,-0.281783,-0.10076399999999999,ALB,920190
31722995,4,9861,2000,0.0,3458.0,-0.083425,0.080963,ALB,920190
31722996,4,9861,2001,,,-0.054125,0.104298,ALB,920190
31722997,4,9861,2002,0.0,1944.0,-0.127828,-0.126857,ALB,920190
31722998,4,9861,2003,0.0,15950.0,-0.053595000000000004,0.166034,ALB,920190
31722999,4,9861,2004,0.0,22962.0,-0.131892,0.14985199999999999,ALB,920190
31723000,4,9861,2005,,,-0.156823,0.187042,ALB,920190
31723001,4,9861,2006,0.0,2764.0,-0.340932,-0.06302200000000001,ALB,920190
31723002,4,9861,2007,24463.0,3304.0,-0.20616700000000002,-0.016993,ALB,920190
31723003,4,9861,2008,0.0,7140.0,-0.252894,-0.0071400000000000005,ALB,920190
31723004,4,9861,2009,945.0,41624.0,-0.41612200000000005,-0.256639,ALB,920190
31723005,4,9861,2010,0.0,19923.0,-0.5316,-0.219561,ALB,920190
31723006,4,9861,2011,0.0,2856.0,-0.331435,-0.034828,ALB,920190
31723007,4,9861,2012,0.0,7627.0,-0.355898,-0.017434,ALB,920190
31723008,4,9861,2013,0.0,9641.0,-0.53682,-0.162391,ALB,920190
31723009,4,9861,2014,0.0,10136.0,-0.476024,-0.33978400000000003,ALB,920190
31723010,4,9861,2015,0.0,3459.0,-0.601875,-0.27003,ALB,920190
31723011,4,9861,2016,0.0,33951.0,-0.534645,-0.09027,ALB,920190
31723012,4,9861,2017,0.0,5770.0,-0.44769899999999996,-0.17193,ALB,920190
31723013,4,9861,2018,,,-0.456481,-0.139655,ALB,920190
31723014,4,9861,2019,0.0,13313.0,-0.459614,-0.019257,ALB,920190
31723015,4,9861,2020,,,-0.265229,0.059049000000000004,ALB,920190
31723016,5,9861,1995,,,1.126269,0.577384,AND,920190
31723017,5,9861,1996,0.0,7750.0,1.0490059999999999,0.6587189999999999,AND,920190
31723018,5,9861,1997,,,1.087564,0.602846,AND,920190
31723019,5,9861,1998,3864.0,10158.0,1.079978,0.618452,AND,920190
31723020,5,9861,1999,0.0,28109.0,0.98429,0.690354,AND,920190
31723021,5,9861,2000,0.0,25647.0,1.0305,0.762984,AND,920190
31723022,5,9861,2001,0.0,6466.0,1.049415,0.860241,AND,920190
31723023,5,9861,2002,0.0,6650.0,1.1751610000000001,0.8631700000000001,AND,920190
31723024,5,9861,2003,0.0,12254.0,1.0901319999999999,0.618693,AND,920190
31723025,5,9861,2004,2338.0,19535.0,1.268618,0.835359,AND,920190
31723026,5,9861,2005,0.0,6853.0,0.990216,0.430967,AND,920190
31723027,5,9861,2006,0.0,3740.0,1.03128,0.402281,AND,920190
31723028,5,9861,2007,2624.0,0.0,1.178982,0.778379,AND,920190
31723029,5,9861,2008,0.0,14512.0,0.971109,0.749296,AND,920190
31723030,5,9861,2009,3188.0,0.0,1.002767,0.6733,AND,920190
31723031,5,9861,2010,0.0,3912.0,0.8963620000000001,0.7650399999999999,AND,920190
31723032,5,9861,2011,2073.0,3271.0,0.787289,0.484512,AND,920190
31723033,5,9861,2012,1179.0,1940.0,0.978527,0.521579,AND,920190
31723034,5,9861,2013,0.0,6056.0,0.9666530000000001,-0.159606,AND,920190
31723035,5,9861,2014,0.0,14864.0,0.533246,-0.41617,AND,920190
31723036,5,9861,2015,0.0,1152.0,0.850153,0.383793,AND,920190
31723037,5,9861,2016,0.0,3349.0,1.06885,0.519109,AND,920190
31723038,5,9861,2017,0.0,33889.0,1.097505,0.480863,AND,920190
31723039,5,9861,2018,20602.0,0.0,0.975648,0.525437,AND,920190
31723040,5,9861,2019,,,0.776042,0.167417,AND,920190
31723041,5,9861,2020,,,1.009457,0.2002,AND,920190
31723042,6,9861,1995,0.0,47121.0,-0.020759,-0.653863,ANT,920190
31723043,6,9861,1996,2065.0,0.0,0.29339,-0.572443,ANT,920190
31723044,6,9861,1997,2000.0,13985.0,0.406411,-0.46148100000000003,ANT,920190
31723045,6,9861,1998,0.0,7715.0,0.666616,-0.224404,ANT,920190
31723046,6,9861,1999,0.0,6215.0,0.266874,-0.5122220000000001,ANT,920190
31723047,6,9861,2000,0.0,3687.0,0.47719799999999996,-0.56103,ANT,920190
31723048,6,9861,2001,1000.0,0.0,0.260662,-0.66681,ANT,920190
31723049,6,9861,2002,0.0,12693.0,0.346519,-0.631549,ANT,920190
31723050,6,9861,2003,3492.0,0.0,0.108903,-0.650137,ANT,920190
31723051,6,9861,2004,,,0.726256,-0.48520699999999994,ANT,920190
31723052,6,9861,2005,12299.0,25302.0,-0.294813,-0.7054010000000001,ANT,920190
31723053,6,9861,2006,13133.0,93648.0,0.251825,-0.629035,ANT,920190
31723054,6,9861,2007,8093.0,96799.0,0.305773,-0.504676,ANT,920190
31723055,6,9861,2008,4232.0,40927.0,0.31099,-0.536718,ANT,920190
31723056,6,9861,2009,0.0,75014.0,0.351025,-0.699817,ANT,920190
31723057,6,9861,2010,0.0,27313.0,-0.08593200000000001,-0.691395,ANT,920190
31723058,6,9861,2011,,,0.166465,-0.722459,ANT,920190
31723059,6,9861,2012,,,,,ANT,920190
31723060,6,9861,2013,,,,,ANT,920190
31723061,6,9861,2014,,,,,ANT,920190
31723062,6,9861,2015,,,,,ANT,920190
31723063,6,9861,2016,,,,,ANT,920190
31723064,6,9861,2017,,,,,ANT,920190
31723065,6,9861,2018,,,1.690827,-0.542337,ANT,920190
31723066,6,9861,2019,,,,,ANT,920190
31723067,6,9861,2020,,,,,ANT,920190
31723068,7,9861,1995,5023.0,22271.0,-0.205166,-0.6132380000000001,ARE,920190
31723069,7,9861,1996,14037.0,29134.0,-0.245358,-0.726695,ARE,920190
31723070,7,9861,1997,29501.0,6259.0,-0.042154000000000004,-0.667389,ARE,920190
31723071,7,9861,1998,162317.0,30995.0,-0.274973,-0.481405,ARE,920190
31723072,7,9861,1999,49138.0,81261.0,-0.21921,-0.54813,ARE,920190
31723073,7,9861,2000,258628.0,198065.0,-0.111384,-0.490415,ARE,920190
31723074,7,9861,2001,120011.0,82779.0,-0.193984,-0.457124,ARE,920190
31723075,7,9861,2002,126984.0,154353.0,0.044683,-0.247191,ARE,920190
31723076,7,9861,2003,72777.0,148397.0,0.049637,-0.502691,ARE,920190
31723077,7,9861,2004,182382.0,572502.0,0.1799,-0.34541900000000003,ARE,920190
31723078,7,9861,2005,523666.0,295840.0,0.11526600000000001,-0.393171,ARE,920190
31723079,7,9861,2006,132449.0,43867.0,0.053903999999999994,-0.735124,ARE,920190
31723080,7,9861,2007,539016.0,446270.0,-0.107504,-0.44744300000000004,ARE,920190
31723081,7,9861,2008,917163.0,498163.0,-0.276433,-0.692392,ARE,920190
31723082,7,9861,2009,167814.0,91905.0,0.070059,-0.619075,ARE,920190
31723083,7,9861,2010,296630.0,45966.0,0.29457,-0.196371,ARE,920190
31723084,7,9861,2011,128779.0,341291.0,0.030652,-0.450808,ARE,920190
31723085,7,9861,2012,362206.0,417636.0,0.45351499999999995,-0.285021,ARE,920190
31723086,7,9861,2013,370728.0,475155.0,-0.074047,-0.585168,ARE,920190
31723087,7,9861,2014,452703.0,228711.0,0.087775,-0.289459,ARE,920190
31723088,7,9861,2015,245012.0,170902.0,0.21779600000000002,-0.0047420000000000006,ARE,920190
31723089,7,9861,2016,383055.0,158974.0,0.11037999999999999,0.045327,ARE,920190
31723090,7,9861,2017,6738592.0,919099.0,0.210477,0.02557,ARE,920190
31723091,7,9861,2018,8923329.0,3908002.0,0.11804400000000001,-0.326851,ARE,920190
31723092,7,9861,2019,11630172.0,6745465.0,-0.165113,-0.8973540000000001,ARE,920190
31723093,7,9861,2020,8284926.0,5358918.0,-0.118349,-0.789485,ARE,920190
31723094,8,9861,1995,0.0,98321.0,0.245885,0.5489850000000001,ARG,920190
31723095,8,9861,1996,0.0,663550.0,0.167081,0.433612,ARG,920190
31723096,8,9861,1997,16166.0,449408.0,0.273654,0.495389,ARG,920190
31723097,8,9861,1998,0.0,606921.0,0.272015,0.45031099999999996,ARG,920190
31723098,8,9861,1999,1974.0,370401.0,0.49933500000000003,0.593879,ARG,920190
31723099,8,9861,2000,0.0,82671.0,0.43928999999999996,0.6839189999999999,ARG,920190
31723100,8,9861,2001,6336.0,25514.0,0.287698,0.547137,ARG,920190
31723101,8,9861,2002,0.0,589.0,0.284536,0.517425,ARG,920190
31723102,8,9861,2003,2903.0,0.0,0.302073,0.49069700000000005,ARG,920190
31723103,8,9861,2004,1612.0,9098.0,0.28128600000000004,0.64115,ARG,920190
31723104,8,9861,2005,1469.0,21786.0,0.383772,0.656866,ARG,920190
31723105,8,9861,2006,0.0,37587.0,0.33055,0.665867,ARG,920190
31723106,8,9861,2007,2094.0,198934.0,0.178214,0.5093850000000001,ARG,920190
31723107,8,9861,2008,0.0,26345.0,0.278837,0.496784,ARG,920190
31723108,8,9861,2009,1521.0,158696.0,0.27637,0.611129,ARG,920190
31723109,8,9861,2010,11402.0,99277.0,0.27458899999999997,0.597907,ARG,920190
31723110,8,9861,2011,0.0,517561.0,0.240494,0.540376,ARG,920190
31723111,8,9861,2012,0.0,379327.0,0.149423,0.5191979999999999,ARG,920190
31723112,8,9861,2013,12182.0,378405.0,0.20314300000000002,0.494062,ARG,920190
31723113,8,9861,2014,0.0,185812.0,0.10691500000000001,0.44860600000000006,ARG,920190
31723114,8,9861,2015,0.0,33669.0,0.116896,0.30330999999999997,ARG,920190
31723115,8,9861,2016,0.0,27958.0,-0.132495,0.16353199999999998,ARG,920190
31723116,8,9861,2017,0.0,163641.0,-0.120753,0.233375,ARG,920190
31723117,8,9861,2018,0.0,20807.0,-0.14316800000000002,0.14356,ARG,920190
31723118,8,9861,2019,0.0,8397.0,-0.136634,0.127073,ARG,920190
31723119,8,9861,2020,0.0,23874.0,-0.14746199999999998,0.039795,ARG,920190
31723120,9,9861,1995,,,0.254546,-0.851535,ARM,920190
31723121,9,9861,1996,,,0.8798090000000001,0.05873300000000001,ARM,920190
31723122,9,9861,1997,,,1.178568,0.331529,ARM,920190
31723123,9,9861,1998,5356.0,0.0,0.848252,-0.159457,ARM,920190
31723124,9,9861,1999,1861.0,0.0,0.6218600000000001,-0.174906,ARM,920190
31723125,9,9861,2000,,,0.857776,-0.020538999999999998,ARM,920190
31723126,9,9861,2001,1823.0,0.0,0.834168,0.21458000000000002,ARM,920190
31723127,9,9861,2002,,,0.710274,-0.11309000000000001,ARM,920190
31723128,9,9861,2003,,,0.497521,-0.305788,ARM,920190
31723129,9,9861,2004,2241.0,0.0,0.661799,-0.140004,ARM,920190
31723130,9,9861,2005,,,0.435237,-0.436709,ARM,920190
31723131,9,9861,2006,,,0.14539100000000002,-0.558014,ARM,920190
31723132,9,9861,2007,,,0.7169,-0.019251,ARM,920190
31723133,9,9861,2008,0.0,935.0,0.360609,-0.038343,ARM,920190
31723134,9,9861,2009,0.0,4268.0,0.24424899999999997,-0.30152399999999996,ARM,920190
31723135,9,9861,2010,0.0,8235.0,0.11632,-0.417048,ARM,920190
31723136,9,9861,2011,,,0.543397,-0.029376999999999997,ARM,920190
31723137,9,9861,2012,,,0.49142299999999994,0.033657,ARM,920190
31723138,9,9861,2013,0.0,5031.0,-0.076922,-0.5781390000000001,ARM,920190
31723139,9,9861,2014,884.0,0.0,-0.198322,-0.5918680000000001,ARM,920190
31723140,9,9861,2015,0.0,5172.0,0.037579,-0.42448800000000003,ARM,920190
31723141,9,9861,2016,,,-0.044982999999999995,-0.518007,ARM,920190
31723142,9,9861,2017,0.0,75634.0,-0.23846799999999999,-0.658774,ARM,920190
31723143,9,9861,2018,0.0,63137.0,-0.330516,-0.604744,ARM,920190
31723144,9,9861,2019,0.0,53857.0,-0.203986,-0.667607,ARM,920190
31723145,9,9861,2020,0.0,32650.0,-0.129502,-0.671068,ARM,920190
31723146,10,9861,1995,,,,,ASM,920190
31723147,10,9861,1996,,,,,ASM,920190
31723148,10,9861,1997,,,,,ASM,920190
31723149,10,9861,1998,,,,,ASM,920190
31723150,10,9861,1999,,,,,ASM,920190
31723151,10,9861,2000,,,1.142464,0.18513,ASM,920190
31723152,10,9861,2001,,,1.343164,0.15453,ASM,920190
31723153,10,9861,2002,,,1.207516,0.092848,ASM,920190
31723154,10,9861,2003,0.0,3513.0,1.0088139999999999,0.096969,ASM,920190
31723155,10,9861,2004,,,1.022895,0.395402,ASM,920190
31723156,10,9861,2005,,,1.448552,0.425875,ASM,920190
31723157,10,9861,2006,,,0.766232,-0.35907,ASM,920190
31723158,10,9861,2007,,,0.8147989999999999,-0.217887,ASM,920190
31723159,10,9861,2008,0.0,5753.0,0.671995,-0.161012,ASM,920190
31723160,10,9861,2009,,,0.989991,0.109608,ASM,920190
31723161,10,9861,2010,7422.0,0.0,0.966701,0.006139,ASM,920190
31723162,10,9861,2011,1633.0,0.0,0.683813,-0.147767,ASM,920190
31723163,10,9861,2012,10777.0,0.0,0.96986,-0.246709,ASM,920190
31723164,10,9861,2013,,,0.686489,-0.251618,ASM,920190
31723165,10,9861,2014,,,0.795219,-0.217498,ASM,920190
31723166,10,9861,2015,,,0.9878959999999999,-0.0613,ASM,920190
31723167,10,9861,2016,,,0.43456300000000003,-0.48827,ASM,920190
31723168,10,9861,2017,,,0.8844139999999999,-0.13786199999999998,ASM,920190
31723169,10,9861,2018,,,1.01754,-0.340514,ASM,920190
31723170,10,9861,2019,,,1.121876,0.061064999999999994,ASM,920190
31723171,10,9861,2020,,,1.135613,-0.247052,ASM,920190
31723172,11,9861,1995,,,,,ATA,920190
31723173,11,9861,1996,,,,,ATA,920190
31723174,11,9861,1997,,,,,ATA,920190
31723175,11,9861,1998,,,,,ATA,920190
31723176,11,9861,1999,,,,,ATA,920190
31723177,11,9861,2000,,,1.690604,-0.541395,ATA,920190
31723178,11,9861,2001,,,0.025889,-0.822216,ATA,920190
31723179,11,9861,2002,,,1.281658,-0.717151,ATA,920190
31723180,11,9861,2003,,,1.654827,-0.57998,ATA,920190
31723181,11,9861,2004,,,1.6855529999999999,-0.639636,ATA,920190
31723182,11,9861,2005,,,1.886624,-0.598132,ATA,920190
31723183,11,9861,2006,,,1.8180889999999998,-0.380529,ATA,920190
31723184,11,9861,2007,,,1.760301,-0.5213770000000001,ATA,920190
31723185,11,9861,2008,,,1.011391,-0.54108,ATA,920190
31723186,11,9861,2009,,,2.014378,-0.596029,ATA,920190
31723187,11,9861,2010,,,1.337233,0.166186,ATA,920190
31723188,11,9861,2011,,,1.3527360000000002,-0.459545,ATA,920190
31723189,11,9861,2012,,,0.756587,-0.419392,ATA,920190
31723190,11,9861,2013,,,0.542668,-0.645867,ATA,920190
31723191,11,9861,2014,,,1.3498370000000002,-0.197062,ATA,920190
31723192,11,9861,2015,,,1.3470309999999999,-0.277438,ATA,920190
31723193,11,9861,2016,,,1.353034,-0.511497,ATA,920190
31723194,11,9861,2017,,,1.794645,-0.356097,ATA,920190
31723195,11,9861,2018,,,1.348992,-0.53395,ATA,920190
31723196,11,9861,2019,,,1.444007,-0.373372,ATA,920190
31723197,11,9861,2020,,,1.05679,-0.5454140000000001,ATA,920190
31723198,12,9861,1995,,,-0.36803,-0.726442,ATF,920190
31723199,12,9861,1996,,,0.9111940000000001,-0.643588,ATF,920190
31723200,12,9861,1997,,,0.675261,-0.765744,ATF,920190
31723201,12,9861,1998,,,-1.9908700000000001,-0.820471,ATF,920190
31723202,12,9861,1999,,,2.225379,-0.7499819999999999,ATF,920190
31723203,12,9861,2000,,,1.753868,-0.78946,ATF,920190
31723204,12,9861,2001,,,0.859619,-0.755081,ATF,920190
31723205,12,9861,2002,,,1.532758,-0.491439,ATF,920190
31723206,12,9861,2003,,,1.062357,-0.433928,ATF,920190
31723207,12,9861,2004,,,0.8093670000000001,-0.576628,ATF,920190
31723208,12,9861,2005,,,0.173228,-0.701575,ATF,920190
31723209,12,9861,2006,,,0.610775,-0.616283,ATF,920190
31723210,12,9861,2007,,,0.748167,-0.42723900000000004,ATF,920190
31723211,12,9861,2008,,,-0.038752999999999996,-0.7738079999999999,ATF,920190
31723212,12,9861,2009,,,-0.129751,-0.8515290000000001,ATF,920190
31723213,12,9861,2010,,,0.45676300000000003,-0.75267,ATF,920190
31723214,12,9861,2011,,,1.307333,-0.426333,ATF,920190
31723215,12,9861,2012,,,0.783496,-0.519922,ATF,920190
31723216,12,9861,2013,,,0.308415,-0.683897,ATF,920190
31723217,12,9861,2014,,,0.8714149999999999,-0.652,ATF,920190
31723218,12,9861,2015,,,0.7385430000000001,-0.6156,ATF,920190
31723219,12,9861,2016,,,0.589661,-0.733125,ATF,920190
31723220,12,9861,2017,,,0.439795,-0.78242,ATF,920190
31723221,12,9861,2018,,,1.144196,-0.618788,ATF,920190
31723222,12,9861,2019,,,1.100273,-0.637684,ATF,920190
31723223,12,9861,2020,,,0.46278100000000005,-0.782172,ATF,920190
31723224,13,9861,1995,0.0,26130.0,-0.06877,-0.550291,ATG,920190
31723225,13,9861,1996,0.0,40554.0,0.408319,-0.21640700000000002,ATG,920190
31723226,13,9861,1997,0.0,14536.0,0.510371,-0.314213,ATG,920190
31723227,13,9861,1998,0.0,3270.0,0.441453,-0.238813,ATG,920190
31723228,13,9861,1999,740.0,27576.0,0.6179140000000001,0.156854,ATG,920190
31723229,13,9861,2000,0.0,24258.0,0.329016,-0.510285,ATG,920190
31723230,13,9861,2001,0.0,3000.0,-0.036838,-0.6593600000000001,ATG,920190
31723231,13,9861,2002,,,0.958779,-0.56295,ATG,920190
31723232,13,9861,2003,,,0.014283,-0.564587,ATG,920190
31723233,13,9861,2004,,,0.257288,-0.645794,ATG,920190
31723234,13,9861,2005,175.0,7929.0,-0.31409000000000004,-0.728541,ATG,920190
31723235,13,9861,2006,0.0,10900.0,-0.139051,-0.780321,ATG,920190
31723236,13,9861,2007,0.0,5040.0,0.5574899999999999,-0.125609,ATG,920190
31723237,13,9861,2008,,,1.041425,0.198248,ATG,920190
31723238,13,9861,2009,0.0,24897.0,0.930903,0.279441,ATG,920190
31723239,13,9861,2010,0.0,1404.0,1.2153129999999999,0.955838,ATG,920190
31723240,13,9861,2011,0.0,9368.0,0.257238,-0.275891,ATG,920190
31723241,13,9861,2012,0.0,4235.0,0.8666520000000001,1.1798549999999999,ATG,920190
31723242,13,9861,2013,754.0,3498.0,0.096563,-0.60577,ATG,920190
31723243,13,9861,2014,0.0,3101.0,0.169764,-0.621576,ATG,920190
31723244,13,9861,2015,0.0,6919.0,0.43318,-0.552045,ATG,920190
31723245,13,9861,2016,0.0,5330.0,0.19935999999999998,-0.538471,ATG,920190
31723246,13,9861,2017,0.0,5492.0,0.42561099999999996,-0.42671099999999995,ATG,920190
31723247,13,9861,2018,0.0,6262.0,0.08520499999999999,-0.630757,ATG,920190
31723248,13,9861,2019,0.0,19070.0,0.391831,-0.723957,ATG,920190
31723249,13,9861,2020,,,-0.210313,-0.811104,ATG,920190
31723250,14,9861,1995,51216.0,372996.0,0.44442,0.789292,AUS,920190
31723251,14,9861,1996,138069.0,490688.0,0.369697,0.78069,AUS,920190
31723252,14,9861,1997,95884.0,225655.0,0.428555,0.798283,AUS,920190
31723253,14,9861,1998,73326.0,441331.0,0.375317,0.8864629999999999,AUS,920190
31723254,14,9861,1999,48307.0,264255.0,0.357101,0.8857879999999999,AUS,920190
31723255,14,9861,2000,47079.0,658697.0,0.279804,0.9355540000000001,AUS,920190
31723256,14,9861,2001,46371.0,342798.0,0.29463,0.772375,AUS,920190
31723257,14,9861,2002,49488.0,605735.0,0.231386,0.771628,AUS,920190
31723258,14,9861,2003,55502.0,696316.0,0.316879,0.9409489999999999,AUS,920190
31723259,14,9861,2004,74981.0,654737.0,0.196641,0.8139460000000001,AUS,920190
31723260,14,9861,2005,92352.0,399222.0,0.18443099999999998,0.489043,AUS,920190
31723261,14,9861,2006,128077.0,580446.0,0.067166,0.373148,AUS,920190
31723262,14,9861,2007,114749.0,1460342.0,0.137686,0.451592,AUS,920190
31723263,14,9861,2008,53321.0,1994905.0,-0.171801,-0.012588,AUS,920190
31723264,14,9861,2009,134199.0,1281698.0,-0.109286,0.13586900000000002,AUS,920190
31723265,14,9861,2010,111540.0,1461122.0,-0.276442,0.062023,AUS,920190
31723266,14,9861,2011,139378.0,1681657.0,-0.138148,0.002999,AUS,920190
31723267,14,9861,2012,153697.0,2256850.0,-0.352742,-0.145405,AUS,920190
31723268,14,9861,2013,457019.0,3026329.0,-0.31145700000000004,-0.167628,AUS,920190
31723269,14,9861,2014,98979.0,3444001.0,-0.398273,-0.17128,AUS,920190
31723270,14,9861,2015,107131.0,1413827.0,-0.292325,-0.043489,AUS,920190
31723271,14,9861,2016,122677.0,1307698.0,-0.25955300000000003,0.0011070000000000001,AUS,920190
31723272,14,9861,2017,167181.0,629140.0,-0.42427200000000004,-0.152921,AUS,920190
31723273,14,9861,2018,142151.0,401756.0,-0.29687199999999997,-0.123116,AUS,920190
31723274,14,9861,2019,249229.0,387980.0,-0.294558,-0.180198,AUS,920190
31723275,14,9861,2020,133188.0,478394.0,-0.32910500000000004,-0.232963,AUS,920190
31723276,15,9861,1995,690937.0,116342.0,2.000295,0.661255,AUT,920190
31723277,15,9861,1996,87992.0,356827.0,1.9216669999999998,0.659388,AUT,920190
31723278,15,9861,1997,315409.0,97511.0,1.8926189999999998,0.624346,AUT,920190
31723279,15,9861,1998,374994.0,175553.0,1.891966,0.508137,AUT,920190
31723280,15,9861,1999,228302.0,66346.0,1.836804,0.744312,AUT,920190
31723281,15,9861,2000,216381.0,145765.0,1.842429,0.464405,AUT,920190
31723282,15,9861,2001,238781.0,41254.0,1.8571650000000002,0.603191,AUT,920190
31723283,15,9861,2002,158943.0,103868.0,1.8651200000000001,0.48423900000000003,AUT,920190
31723284,15,9861,2003,264341.0,594816.0,1.834977,0.408096,AUT,920190
31723285,15,9861,2004,620568.0,310097.0,1.825391,0.40553,AUT,920190
31723286,15,9861,2005,2507800.0,423933.0,1.808359,0.148177,AUT,920190
31723287,15,9861,2006,2700514.0,255757.0,1.775669,0.192717,AUT,920190
31723288,15,9861,2007,2708873.0,530032.0,1.730088,-0.045543,AUT,920190
31723289,15,9861,2008,1221617.0,436589.0,1.634816,-0.078419,AUT,920190
31723290,15,9861,2009,439211.0,843656.0,1.651325,-0.020794,AUT,920190
31723291,15,9861,2010,221278.0,274235.0,1.724315,-0.29379099999999997,AUT,920190
31723292,15,9861,2011,419523.0,342895.0,1.687634,-0.229095,AUT,920190
31723293,15,9861,2012,697870.0,640608.0,1.6092870000000001,-0.29859,AUT,920190
31723294,15,9861,2013,550847.0,719908.0,1.7209240000000001,-0.286892,AUT,920190
31723295,15,9861,2014,984869.0,585327.0,1.7116790000000002,-0.140232,AUT,920190
31723296,15,9861,2015,1084010.0,1042991.0,1.747098,-0.08026699999999999,AUT,920190
31723297,15,9861,2016,624119.0,217307.0,1.759363,0.127262,AUT,920190
31723298,15,9861,2017,345258.0,157203.0,1.728623,-0.031045999999999997,AUT,920190
31723299,15,9861,2018,405396.0,216814.0,1.774488,-0.21117800000000003,AUT,920190
31723300,15,9861,2019,235430.0,105741.0,1.743927,-0.076778,AUT,920190
31723301,15,9861,2020,200982.0,84378.0,1.6711310000000001,0.059096,AUT,920190
31723302,16,9861,1995,,,-0.084566,-0.839039,AZE,920190
31723303,16,9861,1996,,,0.500442,-0.280796,AZE,920190
31723304,16,9861,1997,0.0,1478.0,0.290957,-0.18282,AZE,920190
31723305,16,9861,1998,505.0,0.0,0.344571,-0.321203,AZE,920190
31723306,16,9861,1999,3257.0,1009.0,-0.076295,-0.742161,AZE,920190
31723307,16,9861,2000,2041.0,0.0,-0.08565700000000001,-0.726073,AZE,920190
31723308,16,9861,2001,10334.0,0.0,-0.6731090000000001,-1.037922,AZE,920190
31723309,16,9861,2002,5269.0,0.0,-0.41282299999999994,-0.967931,AZE,920190
31723310,16,9861,2003,,,-0.304606,-0.975453,AZE,920190
31723311,16,9861,2004,0.0,2256.0,-0.393221,-0.9494440000000001,AZE,920190
31723312,16,9861,2005,,,-0.272611,-0.9508709999999999,AZE,920190
31723313,16,9861,2006,0.0,7724.0,-0.521304,-1.035764,AZE,920190
31723314,16,9861,2007,,,-0.897342,-1.174224,AZE,920190
31723315,16,9861,2008,0.0,27078.0,-0.7143109999999999,-1.114747,AZE,920190
31723316,16,9861,2009,0.0,64509.0,-1.124423,-1.228081,AZE,920190
31723317,16,9861,2010,1738.0,10001.0,-1.048424,-1.2030370000000001,AZE,920190
31723318,16,9861,2011,464.0,40251.0,-1.313136,-1.189989,AZE,920190
31723319,16,9861,2012,1897.0,7743.0,-0.827783,-1.158852,AZE,920190
31723320,16,9861,2013,0.0,10532.0,-0.9232870000000001,-1.165928,AZE,920190
31723321,16,9861,2014,0.0,28280.0,-0.909508,-1.165158,AZE,920190
31723322,16,9861,2015,2242.0,3586.0,-0.983347,-1.231542,AZE,920190
31723323,16,9861,2016,0.0,11373.0,-0.909744,-1.180449,AZE,920190
31723324,16,9861,2017,0.0,78812.0,-1.022455,-1.199225,AZE,920190
31723325,16,9861,2018,0.0,258838.0,-1.144089,-1.224327,AZE,920190
31723326,16,9861,2019,0.0,176033.0,-1.005636,-1.2094209999999999,AZE,920190
31723327,16,9861,2020,0.0,294443.0,-1.142366,-1.2529190000000001,AZE,920190
31723328,17,9861,1995,0.0,9680.0,-1.435347,-0.9015,BDI,920190
31723329,17,9861,1996,,,-0.955951,-0.8721180000000001,BDI,920190
31723330,17,9861,1997,,,-1.118475,-0.881657,BDI,920190
31723331,17,9861,1998,,,-1.0261360000000002,-0.872906,BDI,920190
31723332,17,9861,1999,,,-1.601732,-1.003119,BDI,920190
31723333,17,9861,2000,0.0,478.0,-1.262913,-0.923889,BDI,920190
31723334,17,9861,2001,0.0,2858.0,-0.554955,-0.755333,BDI,920190
31723335,17,9861,2002,,,-0.333602,-0.648837,BDI,920190
31723336,17,9861,2003,,,-0.550138,-0.759304,BDI,920190
31723337,17,9861,2004,,,-0.939393,-0.919969,BDI,920190
31723338,17,9861,2005,0.0,1878.0,-0.7587,-0.820622,BDI,920190
31723339,17,9861,2006,0.0,2319.0,-0.033711,-0.48450600000000005,BDI,920190
31723340,17,9861,2007,0.0,3769.0,-0.33884899999999996,-0.661017,BDI,920190
31723341,17,9861,2008,0.0,3142.0,-0.313815,-0.539678,BDI,920190
31723342,17,9861,2009,0.0,1924.0,-0.43971099999999996,-0.575079,BDI,920190
31723343,17,9861,2010,0.0,816.0,-0.922883,-0.748675,BDI,920190
31723344,17,9861,2011,0.0,3809.0,-0.8287049999999999,-0.774558,BDI,920190
31723345,17,9861,2012,0.0,2008.0,-0.346028,-1.021892,BDI,920190
31723346,17,9861,2013,0.0,2662.0,-0.824903,-0.906436,BDI,920190
31723347,17,9861,2014,,,-0.242256,-0.8567879999999999,BDI,920190
31723348,17,9861,2015,0.0,10215.0,-0.993318,-1.031194,BDI,920190
31723349,17,9861,2016,0.0,9530.0,-1.0141229999999999,-0.908808,BDI,920190
31723350,17,9861,2017,0.0,23299.0,-0.637985,-1.051277,BDI,920190
31723351,17,9861,2018,0.0,8325.0,-0.654964,-0.9683229999999999,BDI,920190
31723352,17,9861,2019,0.0,4405.0,-0.689117,-0.9027209999999999,BDI,920190
31723353,17,9861,2020,0.0,8715.0,-0.748203,-0.874817,BDI,920190
31723354,18,9861,1995,154925.0,168424.0,1.615588,1.394102,BEL,920190
31723355,18,9861,1996,65700.0,57502.0,1.549312,1.273767,BEL,920190
31723356,18,9861,1997,22451.0,143517.0,1.4274069999999999,1.490435,BEL,920190
31723357,18,9861,1998,91816.0,63125.0,1.4740739999999999,1.2530430000000001,BEL,920190
31723358,18,9861,1999,127695.0,1062575.0,1.512061,1.253478,BEL,920190
31723359,18,9861,2000,37187.0,2357400.0,1.403838,1.349607,BEL,920190
31723360,18,9861,2001,124689.0,2395075.0,1.4328370000000001,1.408495,BEL,920190
31723361,18,9861,2002,68183.0,2142305.0,1.4097469999999999,1.440169,BEL,920190
31723362,18,9861,2003,826397.0,530977.0,1.361682,1.39536,BEL,920190
31723363,18,9861,2004,129074.0,509450.0,1.350911,1.408209,BEL,920190
31723364,18,9861,2005,69639.0,748670.0,1.275296,1.345063,BEL,920190
31723365,18,9861,2006,62653.0,848705.0,1.2222540000000002,1.383027,BEL,920190
31723366,18,9861,2007,227097.0,452181.0,1.2880479999999999,1.145724,BEL,920190
31723367,18,9861,2008,188686.0,231180.0,1.297416,0.9716549999999999,BEL,920190
31723368,18,9861,2009,113383.0,333025.0,1.272011,1.074548,BEL,920190
31723369,18,9861,2010,93410.0,2155950.0,1.2224270000000002,1.1276,BEL,920190
31723370,18,9861,2011,129508.0,155505.0,1.221703,1.247961,BEL,920190
31723371,18,9861,2012,121883.0,922780.0,1.107155,1.448274,BEL,920190
31723372,18,9861,2013,143843.0,141913.0,1.316207,0.972601,BEL,920190
31723373,18,9861,2014,474945.0,240058.0,1.234156,1.226441,BEL,920190
31723374,18,9861,2015,120609.0,144261.0,1.329866,1.100641,BEL,920190
31723375,18,9861,2016,173577.0,4756687.0,1.3102610000000001,1.214573,BEL,920190
31723376,18,9861,2017,265921.0,3624167.0,1.292657,1.19571,BEL,920190
31723377,18,9861,2018,250548.0,623628.0,1.270641,1.201063,BEL,920190
31723378,18,9861,2019,182484.0,690219.0,1.2555969999999999,1.168642,BEL,920190
31723379,18,9861,2020,150927.0,1140745.0,1.204632,1.278346,BEL,920190
31723380,19,9861,1995,,,-1.142708,-0.9045280000000001,BEN,920190
31723381,19,9861,1996,,,-1.0032729999999999,-0.794779,BEN,920190
31723382,19,9861,1997,0.0,4489.0,-1.1300780000000001,-0.938398,BEN,920190
31723383,19,9861,1998,0.0,2110.0,-0.8198,-0.8584780000000001,BEN,920190
31723384,19,9861,1999,,,-1.033831,-0.858941,BEN,920190
31723385,19,9861,2000,0.0,1100.0,-0.9513729999999999,-0.806106,BEN,920190
31723386,19,9861,2001,0.0,1694.0,-1.09233,-0.8276969999999999,BEN,920190
31723387,19,9861,2002,0.0,22161.0,-0.724829,-0.705625,BEN,920190
31723388,19,9861,2003,0.0,1965.0,-1.150888,-0.956203,BEN,920190
31723389,19,9861,2004,0.0,1743.0,-1.299345,-0.9871260000000001,BEN,920190
31723390,19,9861,2005,0.0,14343.0,-0.7930510000000001,-0.798868,BEN,920190
31723391,19,9861,2006,0.0,27690.0,-0.8434360000000001,-0.798307,BEN,920190
31723392,19,9861,2007,,,-1.055882,-0.880178,BEN,920190
31723393,19,9861,2008,0.0,2716.0,-1.171101,-0.9600569999999999,BEN,920190
31723394,19,9861,2009,,,-0.93195,-0.813017,BEN,920190
31723395,19,9861,2010,0.0,5063.0,-1.0660120000000002,-0.9961190000000001,BEN,920190
31723396,19,9861,2011,0.0,8207.0,-1.189478,-0.8684709999999999,BEN,920190
31723397,19,9861,2012,0.0,945.0,-0.981576,-0.9708200000000001,BEN,920190
31723398,19,9861,2013,,,-0.919968,-0.90691,BEN,920190
31723399,19,9861,2014,,,-0.342225,-0.618789,BEN,920190
31723400,19,9861,2015,0.0,1385.0,-0.5641470000000001,-0.8971020000000001,BEN,920190
31723401,19,9861,2016,0.0,4797.0,-0.971123,-0.801574,BEN,920190
31723402,19,9861,2017,,,-0.755027,-0.796864,BEN,920190
31723403,19,9861,2018,,,-0.646475,-0.769808,BEN,920190
31723404,19,9861,2019,0.0,2985.0,-0.861242,-0.8837440000000001,BEN,920190
31723405,19,9861,2020,,,-0.467344,-0.686191,BEN,920190
31723406,20,9861,1995,,,,,BES,920190
31723407,20,9861,1996,,,,,BES,920190
31723408,20,9861,1997,,,,,BES,920190
31723409,20,9861,1998,,,,,BES,920190
31723410,20,9861,1999,,,,,BES,920190
31723411,20,9861,2000,,,,,BES,920190
31723412,20,9861,2001,,,,,BES,920190
31723413,20,9861,2002,,,,,BES,920190
31723414,20,9861,2003,,,,,BES,920190
31723415,20,9861,2004,,,,,BES,920190
31723416,20,9861,2005,,,,,BES,920190
31723417,20,9861,2006,,,,,BES,920190
31723418,20,9861,2007,,,,,BES,920190
31723419,20,9861,2008,,,,,BES,920190
31723420,20,9861,2009,,,,,BES,920190
31723421,20,9861,2010,,,,,BES,920190
31723422,20,9861,2011,,,2.97261,-0.659454,BES,920190
31723423,20,9861,2012,,,2.314816,-0.677359,BES,920190
31723424,20,9861,2013,,,1.6446889999999998,-0.481741,BES,920190
31723425,20,9861,2014,,,-0.18363,-0.7995760000000001,BES,920190
31723426,20,9861,2015,,,1.036306,-0.715777,BES,920190
31723427,20,9861,2016,,,0.427425,-0.8977280000000001,BES,920190
31723428,20,9861,2017,,,1.1776659999999999,-0.748922,BES,920190
31723429,20,9861,2018,0.0,19854.0,0.952758,-0.631328,BES,920190
31723430,20,9861,2019,,,0.41463500000000003,-0.899409,BES,920190
31723431,20,9861,2020,,,0.653039,-0.6295270000000001,BES,920190
31723432,21,9861,1995,0.0,6956.0,-0.695354,-0.902185,BFA,920190
31723433,21,9861,1996,1766.0,0.0,-0.680996,-0.863442,BFA,920190
31723434,21,9861,1997,0.0,687.0,-0.204096,-0.731299,BFA,920190
31723435,21,9861,1998,73623.0,2523.0,-0.535488,-0.900509,BFA,920190
31723436,21,9861,1999,,,-0.386471,-0.7413109999999999,BFA,920190
31723437,21,9861,2000,,,-0.020397,-0.32743,BFA,920190
31723438,21,9861,2001,,,-0.291485,-0.20803000000000002,BFA,920190
31723439,21,9861,2002,0.0,17862.0,-0.477813,-0.647148,BFA,920190
31723440,21,9861,2003,,,-0.9365690000000001,-0.9699409999999999,BFA,920190
31723441,21,9861,2004,0.0,3219.0,-1.000801,-1.00024,BFA,920190
31723442,21,9861,2005,0.0,1135.0,-1.193629,-1.031656,BFA,920190
31723443,21,9861,2006,,,-0.9432020000000001,-0.969247,BFA,920190
31723444,21,9861,2007,4115.0,1236.0,-0.960893,-0.94458,BFA,920190
31723445,21,9861,2008,,,-1.076309,-1.012701,BFA,920190
31723446,21,9861,2009,0.0,2916.0,-1.283807,-1.061272,BFA,920190
31723447,21,9861,2010,0.0,13619.0,-0.625747,-0.700651,BFA,920190
31723448,21,9861,2011,4977.0,3858.0,-1.163278,-1.002332,BFA,920190
31723449,21,9861,2012,772.0,0.0,-0.662994,-0.738795,BFA,920190
31723450,21,9861,2013,11250.0,1675.0,-0.9110360000000001,-0.852492,BFA,920190
31723451,21,9861,2014,7437.0,0.0,-0.922401,-0.9554379999999999,BFA,920190
31723452,21,9861,2015,1360.0,946.0,-1.085359,-1.034365,BFA,920190
31723453,21,9861,2016,0.0,5124.0,-1.0885790000000002,-1.027005,BFA,920190
31723454,21,9861,2017,2987.0,1473.0,-1.100802,-1.0632110000000001,BFA,920190
31723455,21,9861,2018,,,-0.8835200000000001,-0.9790620000000001,BFA,920190
31723456,21,9861,2019,695.0,6163.0,-0.805181,-0.941847,BFA,920190
31723457,21,9861,2020,0.0,2305.0,-0.7634310000000001,-0.938997,BFA,920190
31723458,22,9861,1995,0.0,1606.0,-1.037175,-0.983195,BGD,920190
31723459,22,9861,1996,,,-1.060876,-1.05104,BGD,920190
31723460,22,9861,1997,0.0,7930.0,-1.027777,-1.048214,BGD,920190
31723461,22,9861,1998,0.0,7578.0,-1.130729,-1.001385,BGD,920190
31723462,22,9861,1999,,,-1.258857,-1.140375,BGD,920190
31723463,22,9861,2000,,,-1.037212,-0.964965,BGD,920190
31723464,22,9861,2001,,,-1.0406739999999999,-1.010108,BGD,920190
31723465,22,9861,2002,0.0,7775.0,-1.134933,-1.061633,BGD,920190
31723466,22,9861,2003,3429.0,2881.0,-1.168404,-1.035782,BGD,920190
31723467,22,9861,2004,14199.0,4558.0,-1.150444,-0.885333,BGD,920190
31723468,22,9861,2005,1906.0,14761.0,-1.083754,-0.817738,BGD,920190
31723469,22,9861,2006,9922.0,12955.0,-1.0305309999999999,-0.80937,BGD,920190
31723470,22,9861,2007,1796.0,6880.0,-0.9436469999999999,-0.7200310000000001,BGD,920190
31723471,22,9861,2008,0.0,12450.0,-0.852774,-0.766779,BGD,920190
31723472,22,9861,2009,837.0,76718.0,-1.030722,-0.860137,BGD,920190
31723473,22,9861,2010,0.0,60655.0,-0.974526,-0.76566,BGD,920190
31723474,22,9861,2011,0.0,152117.0,-1.074416,-0.8276370000000001,BGD,920190
31723475,22,9861,2012,0.0,1451098.0,-0.8932610000000001,-0.762658,BGD,920190
31723476,22,9861,2013,0.0,310267.0,-1.101916,-0.734646,BGD,920190
31723477,22,9861,2014,0.0,6974.0,-1.0341879999999999,-0.9614870000000001,BGD,920190
31723478,22,9861,2015,0.0,56967.0,-1.088465,-0.8745360000000001,BGD,920190
31723479,22,9861,2016,0.0,8182.0,-1.107523,-1.065009,BGD,920190
31723480,22,9861,2017,0.0,1032.0,-1.016251,-0.987654,BGD,920190
31723481,22,9861,2018,0.0,7356.0,-0.899467,-0.9823719999999999,BGD,920190
31723482,22,9861,2019,0.0,11698.0,-1.113148,-0.9513299999999999,BGD,920190
31723483,22,9861,2020,0.0,7315.0,-0.874451,-0.9031309999999999,BGD,920190
31723484,23,9861,1995,,,0.436138,1.086561,BGR,920190
31723485,23,9861,1996,5666.0,0.0,0.544265,1.523408,BGR,920190
31723486,23,9861,1997,11643.0,12453.0,0.487041,1.287344,BGR,920190
31723487,23,9861,1998,6045.0,0.0,0.382782,1.5844479999999999,BGR,920190
31723488,23,9861,1999,1917.0,3547.0,0.311033,1.7375040000000002,BGR,920190
31723489,23,9861,2000,2158.0,8479.0,0.364708,1.66767,BGR,920190
31723490,23,9861,2001,13820.0,1329.0,0.41425100000000004,1.639866,BGR,920190
31723491,23,9861,2002,0.0,23545.0,0.37451100000000004,1.573517,BGR,920190
31723492,23,9861,2003,,,0.43308599999999997,1.7104099999999998,BGR,920190
31723493,23,9861,2004,1270.0,1426.0,0.35536,1.499182,BGR,920190
31723494,23,9861,2005,7024.0,0.0,0.338438,1.495008,BGR,920190
31723495,23,9861,2006,3092.0,12989.0,0.414563,1.378005,BGR,920190
31723496,23,9861,2007,11482.0,7851.0,0.43321899999999997,1.5696700000000001,BGR,920190
31723497,23,9861,2008,0.0,27274.0,0.44409,1.575399,BGR,920190
31723498,23,9861,2009,0.0,4669.0,0.373594,1.571413,BGR,920190
31723499,23,9861,2010,0.0,3895.0,0.44973,1.445441,BGR,920190
31723500,23,9861,2011,2887.0,12604.0,0.537967,1.520973,BGR,920190
31723501,23,9861,2012,0.0,4322.0,0.5611,1.416313,BGR,920190
31723502,23,9861,2013,1316.0,1497.0,0.5026109999999999,1.674296,BGR,920190
31723503,23,9861,2014,302788.0,0.0,0.579058,1.6558110000000001,BGR,920190
31723504,23,9861,2015,3201.0,2245.0,0.45640699999999995,1.691455,BGR,920190
31723505,23,9861,2016,202092.0,1195.0,0.51707,1.7329130000000001,BGR,920190
31723506,23,9861,2017,1364.0,5737.0,0.557843,1.7221119999999999,BGR,920190
31723507,23,9861,2018,3120.0,0.0,0.571226,1.836856,BGR,920190
31723508,23,9861,2019,0.0,13579.0,0.572997,1.863346,BGR,920190
31723509,23,9861,2020,0.0,9934.0,0.6328520000000001,1.8517009999999998,BGR,920190
31723510,24,9861,1995,,,-0.239166,-0.8627950000000001,BHR,920190
31723511,24,9861,1996,0.0,2994.0,-0.062207000000000005,-0.840398,BHR,920190
31723512,24,9861,1997,1839.0,0.0,-0.021125,-0.914009,BHR,920190
31723513,24,9861,1998,8925.0,1380.0,-0.044219,-0.859931,BHR,920190
31723514,24,9861,1999,,,-0.034526,-0.8887200000000001,BHR,920190
31723515,24,9861,2000,0.0,9817.0,-0.28305,-0.854878,BHR,920190
31723516,24,9861,2001,1743.0,6967.0,-0.11008399999999999,-1.053611,BHR,920190
31723517,24,9861,2002,0.0,11069.0,-0.146585,-1.006558,BHR,920190
31723518,24,9861,2003,0.0,31023.0,-0.10968800000000001,-1.041032,BHR,920190
31723519,24,9861,2004,0.0,10091.0,0.045344999999999996,-1.001059,BHR,920190
31723520,24,9861,2005,0.0,7322.0,0.19583599999999998,-0.946515,BHR,920190
31723521,24,9861,2006,0.0,26781.0,0.172724,-0.9449879999999999,BHR,920190
31723522,24,9861,2007,1024.0,15201.0,0.500846,-0.845449,BHR,920190
31723523,24,9861,2008,5341.0,14915.0,0.335334,-0.81372,BHR,920190
31723524,24,9861,2009,0.0,31409.0,0.250645,-0.767742,BHR,920190
31723525,24,9861,2010,3625.0,25941.0,0.284356,-0.8362,BHR,920190
31723526,24,9861,2011,0.0,94959.0,0.04085,-0.873711,BHR,920190
31723527,24,9861,2012,0.0,2958.0,0.019798,-0.848549,BHR,920190
31723528,24,9861,2013,10410.0,64698.0,0.249681,-0.6204270000000001,BHR,920190
31723529,24,9861,2014,5837.0,18835.0,0.460168,-0.41671099999999994,BHR,920190
31723530,24,9861,2015,3829.0,4773.0,0.36650900000000003,-0.28735,BHR,920190
31723531,24,9861,2016,937.0,8770.0,0.323348,-0.514446,BHR,920190
31723532,24,9861,2017,9257.0,103055.0,0.485479,-0.5348890000000001,BHR,920190
31723533,24,9861,2018,0.0,160383.0,0.318352,-0.69221,BHR,920190
31723534,24,9861,2019,0.0,202701.0,0.378349,-0.621468,BHR,920190
31723535,24,9861,2020,0.0,89310.0,0.379085,-0.634111,BHR,920190
31723536,25,9861,1995,0.0,85499.0,0.501206,-0.32106799999999996,BHS,920190
31723537,25,9861,1996,0.0,24770.0,0.363917,-0.380614,BHS,920190
31723538,25,9861,1997,14551.0,24658.0,0.874886,-0.144043,BHS,920190
31723539,25,9861,1998,2369.0,20294.0,1.090167,0.25353000000000003,BHS,920190
31723540,25,9861,1999,0.0,39368.0,0.91869,-0.152588,BHS,920190
31723541,25,9861,2000,6431.0,25810.0,0.943368,0.183559,BHS,920190
31723542,25,9861,2001,0.0,5728.0,0.803267,-0.071853,BHS,920190
31723543,25,9861,2002,3118.0,58365.0,0.641626,-0.37892800000000004,BHS,920190
31723544,25,9861,2003,1337.0,65087.0,0.614422,-0.40984,BHS,920190
31723545,25,9861,2004,863.0,18801.0,0.620432,-0.513724,BHS,920190
31723546,25,9861,2005,0.0,87704.0,0.299331,-0.641232,BHS,920190
31723547,25,9861,2006,1178.0,91832.0,0.673694,-0.519608,BHS,920190
31723548,25,9861,2007,0.0,77999.0,0.502698,-0.538612,BHS,920190
31723549,25,9861,2008,0.0,172260.0,0.470359,-0.5418890000000001,BHS,920190
31723550,25,9861,2009,1147.0,41912.0,0.5451729999999999,-0.496575,BHS,920190
31723551,25,9861,2010,2621.0,40839.0,0.495262,-0.6198779999999999,BHS,920190
31723552,25,9861,2011,0.0,259313.0,0.320669,-0.531655,BHS,920190
31723553,25,9861,2012,2209.0,183400.0,0.49453800000000003,-0.405956,BHS,920190
31723554,25,9861,2013,2647.0,66467.0,0.756732,-0.369842,BHS,920190
31723555,25,9861,2014,0.0,7218.0,0.314465,-0.60458,BHS,920190
31723556,25,9861,2015,0.0,53546.0,0.669493,-0.37838099999999997,BHS,920190
31723557,25,9861,2016,11369.0,31925.0,0.605834,-0.430958,BHS,920190
31723558,25,9861,2017,1894.0,198946.0,0.81944,-0.30649499999999996,BHS,920190
31723559,25,9861,2018,852.0,51004.0,0.532998,-0.394906,BHS,920190
31723560,25,9861,2019,0.0,20324.0,-0.10707799999999999,-0.7419720000000001,BHS,920190
31723561,25,9861,2020,0.0,5828.0,-0.273982,-0.7174659999999999,BHS,920190
31723562,26,9861,1995,,,0.208931,0.053763,BIH,920190
31723563,26,9861,1996,0.0,6167.0,0.679466,0.730425,BIH,920190
31723564,26,9861,1997,0.0,8132.0,0.459512,0.194939,BIH,920190
31723565,26,9861,1998,,,0.290661,0.18068299999999998,BIH,920190
31723566,26,9861,1999,1083.0,0.0,0.366494,0.298229,BIH,920190
31723567,26,9861,2000,0.0,4283.0,0.283451,0.31568,BIH,920190
31723568,26,9861,2001,0.0,1708.0,0.238083,0.362643,BIH,920190
31723569,26,9861,2002,,,0.26339,0.30287,BIH,920190
31723570,26,9861,2003,0.0,171.0,0.195667,0.347011,BIH,920190
31723571,26,9861,2004,0.0,12081.0,0.385952,0.571774,BIH,920190
31723572,26,9861,2005,0.0,64914.0,0.273972,0.468758,BIH,920190
31723573,26,9861,2006,0.0,11187.0,0.40788800000000003,0.562854,BIH,920190
31723574,26,9861,2007,0.0,1144.0,0.46303199999999994,0.596178,BIH,920190
31723575,26,9861,2008,10914.0,0.0,0.480256,0.810361,BIH,920190
31723576,26,9861,2009,0.0,85979.0,0.519113,0.762582,BIH,920190
31723577,26,9861,2010,5147.0,3411.0,0.462275,0.830405,BIH,920190
31723578,26,9861,2011,4248.0,1247.0,0.391425,0.6066600000000001,BIH,920190
31723579,26,9861,2012,0.0,2205.0,0.519844,0.794082,BIH,920190
31723580,26,9861,2013,0.0,3372.0,0.46743199999999996,0.7340800000000001,BIH,920190
31723581,26,9861,2014,,,0.5083300000000001,0.711704,BIH,920190
31723582,26,9861,2015,,,0.355903,0.723092,BIH,920190
31723583,26,9861,2016,0.0,2749.0,0.47827700000000006,0.5643100000000001,BIH,920190
31723584,26,9861,2017,0.0,2486.0,0.43245,0.726721,BIH,920190
31723585,26,9861,2018,0.0,33708.0,0.526392,0.742398,BIH,920190
31723586,26,9861,2019,0.0,8600.0,0.6525,0.83988,BIH,920190
31723587,26,9861,2020,,,0.5449470000000001,0.91781,BIH,920190
31723588,27,9861,1995,,,,,BLM,920190
31723589,27,9861,1996,,,,,BLM,920190
31723590,27,9861,1997,,,,,BLM,920190
31723591,27,9861,1998,,,,,BLM,920190
31723592,27,9861,1999,,,,,BLM,920190
31723593,27,9861,2000,,,,,BLM,920190
31723594,27,9861,2001,,,,,BLM,920190
31723595,27,9861,2002,,,,,BLM,920190
31723596,27,9861,2003,,,,,BLM,920190
31723597,27,9861,2004,,,,,BLM,920190
31723598,27,9861,2005,,,,,BLM,920190
31723599,27,9861,2006,,,,,BLM,920190
31723600,27,9861,2007,,,,,BLM,920190
31723601,27,9861,2008,,,,,BLM,920190
31723602,27,9861,2009,,,,,BLM,920190
31723603,27,9861,2010,,,,,BLM,920190
31723604,27,9861,2011,,,,,BLM,920190
31723605,27,9861,2012,,,,,BLM,920190
31723606,27,9861,2013,,,0.975269,-0.301577,BLM,920190
31723607,27,9861,2014,,,0.8636219999999999,-0.499126,BLM,920190
31723608,27,9861,2015,0.0,2495.0,0.562426,-0.459475,BLM,920190
31723609,27,9861,2016,0.0,3363.0,1.123053,-0.049925,BLM,920190
31723610,27,9861,2017,,,0.49959799999999993,-0.392529,BLM,920190
31723611,27,9861,2018,0.0,4310.0,0.773095,-0.104209,BLM,920190
31723612,27,9861,2019,0.0,1071.0,0.6343979999999999,-0.19001400000000002,BLM,920190
31723613,27,9861,2020,,,0.8652860000000001,-0.390323,BLM,920190
31723614,28,9861,1995,,,0.5290279999999999,0.27031700000000003,BLR,920190
31723615,28,9861,1996,,,0.7285550000000001,0.660716,BLR,920190
31723616,28,9861,1997,8406.0,0.0,0.563179,0.339149,BLR,920190
31723617,28,9861,1998,,,0.9122049999999999,1.161741,BLR,920190
31723618,28,9861,1999,,,0.7516579999999999,1.169072,BLR,920190
31723619,28,9861,2000,,,0.646336,0.8651780000000001,BLR,920190
31723620,28,9861,2001,60288.0,1385.0,0.804404,0.936773,BLR,920190
31723621,28,9861,2002,9947.0,0.0,0.825865,1.0148979999999999,BLR,920190
31723622,28,9861,2003,7617.0,15054.0,0.847358,0.9307719999999999,BLR,920190
31723623,28,9861,2004,0.0,646.0,0.8553139999999999,0.703926,BLR,920190
31723624,28,9861,2005,0.0,25156.0,0.934699,0.46211800000000003,BLR,920190
31723625,28,9861,2006,,,0.919853,0.384409,BLR,920190
31723626,28,9861,2007,0.0,8286.0,1.0435889999999999,0.415603,BLR,920190
31723627,28,9861,2008,,,0.9869,0.38977399999999995,BLR,920190
31723628,28,9861,2009,,,0.977663,0.549549,BLR,920190
31723629,28,9861,2010,5140.0,0.0,0.969851,0.593386,BLR,920190
31723630,28,9861,2011,5260.0,0.0,0.8786729999999999,0.442097,BLR,920190
31723631,28,9861,2012,0.0,3267.0,1.066605,0.6785399999999999,BLR,920190
31723632,28,9861,2013,,,1.036923,0.864568,BLR,920190
31723633,28,9861,2014,0.0,11570.0,0.874108,0.676231,BLR,920190
31723634,28,9861,2015,0.0,41571.0,0.672499,0.5584020000000001,BLR,920190
31723635,28,9861,2016,0.0,22197.0,0.773807,0.827442,BLR,920190
31723636,28,9861,2017,0.0,110066.0,0.8115829999999999,0.8323459999999999,BLR,920190
31723637,28,9861,2018,0.0,63381.0,0.850089,0.8332870000000001,BLR,920190
31723638,28,9861,2019,1274.0,3017.0,0.7849649999999999,0.8951600000000001,BLR,920190
31723639,28,9861,2020,8126.0,167249.0,0.858776,1.085652,BLR,920190
31723640,29,9861,1995,0.0,1798.0,0.019916999999999997,-0.570529,BLZ,920190
31723641,29,9861,1996,0.0,4447.0,-0.341173,-0.670063,BLZ,920190
31723642,29,9861,1997,0.0,2801.0,-0.46634200000000003,-0.688645,BLZ,920190
31723643,29,9861,1998,0.0,1724.0,-0.103154,-0.580854,BLZ,920190
31723644,29,9861,1999,0.0,985.0,-0.5603319999999999,-0.838239,BLZ,920190
31723645,29,9861,2000,0.0,5729.0,-0.620384,-0.718677,BLZ,920190
31723646,29,9861,2001,0.0,2463.0,-0.297981,-0.695022,BLZ,920190
31723647,29,9861,2002,0.0,5473.0,-0.246977,-0.731156,BLZ,920190
31723648,29,9861,2003,0.0,2431.0,-0.543555,-0.7596,BLZ,920190
31723649,29,9861,2004,0.0,10341.0,-0.355391,-0.662783,BLZ,920190
31723650,29,9861,2005,0.0,3373.0,-0.707427,-0.8586860000000001,BLZ,920190
31723651,29,9861,2006,1043.0,4121.0,-0.584902,-0.82437,BLZ,920190
31723652,29,9861,2007,,,-0.17825,-0.562535,BLZ,920190
31723653,29,9861,2008,0.0,23147.0,-0.922266,-0.881167,BLZ,920190
31723654,29,9861,2009,0.0,17755.0,-1.0464040000000001,-0.949774,BLZ,920190
31723655,29,9861,2010,0.0,1191.0,-0.559172,-0.739977,BLZ,920190
31723656,29,9861,2011,,,-0.382684,-0.581376,BLZ,920190
31723657,29,9861,2012,0.0,5685.0,-0.403404,-0.6691159999999999,BLZ,920190
31723658,29,9861,2013,0.0,11005.0,-0.35218299999999997,-0.508891,BLZ,920190
31723659,29,9861,2014,0.0,9315.0,-0.324446,-0.552126,BLZ,920190
31723660,29,9861,2015,0.0,7367.0,-0.24283600000000002,-0.577408,BLZ,920190
31723661,29,9861,2016,0.0,31337.0,-0.527601,-0.680647,BLZ,920190
31723662,29,9861,2017,0.0,60276.0,-0.284062,-0.711108,BLZ,920190
31723663,29,9861,2018,0.0,5869.0,-0.15867699999999998,-0.6393989999999999,BLZ,920190
31723664,29,9861,2019,0.0,9854.0,-0.484834,-0.638616,BLZ,920190
31723665,29,9861,2020,0.0,2220.0,-0.145757,-0.59123,BLZ,920190
31723666,30,9861,1995,,,0.897532,-0.394633,BMU,920190
31723667,30,9861,1996,,,1.037215,-0.408235,BMU,920190
31723668,30,9861,1997,0.0,21945.0,1.069048,-0.35702399999999995,BMU,920190
31723669,30,9861,1998,0.0,11216.0,0.900948,-0.340868,BMU,920190
31723670,30,9861,1999,0.0,7148.0,0.659772,-0.357746,BMU,920190
31723671,30,9861,2000,,,0.9415100000000001,-0.466488,BMU,920190
31723672,30,9861,2001,,,1.1006129999999998,-0.5565329999999999,BMU,920190
31723673,30,9861,2002,,,1.129,-0.476633,BMU,920190
31723674,30,9861,2003,0.0,2995.0,0.9966459999999999,-0.5183270000000001,BMU,920190
31723675,30,9861,2004,0.0,12000.0,1.024248,-0.499122,BMU,920190
31723676,30,9861,2005,,,0.324479,-0.701032,BMU,920190
31723677,30,9861,2006,0.0,9321.0,0.491259,-0.603062,BMU,920190
31723678,30,9861,2007,0.0,25407.0,0.598129,-0.635616,BMU,920190
31723679,30,9861,2008,0.0,9010.0,-0.037808999999999995,-0.766089,BMU,920190
31723680,30,9861,2009,0.0,1718.0,0.917207,-0.654219,BMU,920190
31723681,30,9861,2010,0.0,13791.0,0.46139300000000005,-0.6651590000000001,BMU,920190
31723682,30,9861,2011,0.0,28205.0,0.576438,-0.48277299999999995,BMU,920190
31723683,30,9861,2012,1415.0,12150.0,1.037882,-0.260067,BMU,920190
31723684,30,9861,2013,0.0,25587.0,1.087677,-0.452984,BMU,920190
31723685,30,9861,2014,0.0,3413.0,1.217808,-0.16376300000000002,BMU,920190
31723686,30,9861,2015,0.0,26355.0,0.974592,-0.636426,BMU,920190
31723687,30,9861,2016,0.0,23629.0,0.913218,-0.62813,BMU,920190
31723688,30,9861,2017,0.0,9351.0,1.06318,-0.48345,BMU,920190
31723689,30,9861,2018,791.0,16941.0,0.42484399999999994,-0.70587,BMU,920190
31723690,30,9861,2019,0.0,31719.0,0.875265,-0.498062,BMU,920190
31723691,30,9861,2020,0.0,30563.0,0.6924859999999999,-0.623079,BMU,920190
31723692,31,9861,1995,0.0,110800.0,-0.440583,-0.688389,BOL,920190
31723693,31,9861,1996,0.0,12690.0,-0.589432,-0.7781,BOL,920190
31723694,31,9861,1997,0.0,16903.0,-0.697563,-0.8841479999999999,BOL,920190
31723695,31,9861,1998,0.0,5982.0,-0.49860699999999997,-0.748521,BOL,920190
31723696,31,9861,1999,0.0,13422.0,-0.398285,-0.6362,BOL,920190
31723697,31,9861,2000,0.0,11400.0,-0.612117,-0.6797479999999999,BOL,920190
31723698,31,9861,2001,0.0,11905.0,-0.680108,-0.678143,BOL,920190
31723699,31,9861,2002,0.0,21795.0,-0.885342,-0.819517,BOL,920190
31723700,31,9861,2003,0.0,13474.0,-0.787995,-0.7228899999999999,BOL,920190
31723701,31,9861,2004,0.0,11791.0,-0.9288489999999999,-0.929884,BOL,920190
31723702,31,9861,2005,0.0,13802.0,-0.968893,-0.862433,BOL,920190
31723703,31,9861,2006,0.0,32042.0,-0.805185,-0.754091,BOL,920190
31723704,31,9861,2007,0.0,90504.0,-1.021595,-0.955375,BOL,920190
31723705,31,9861,2008,0.0,56225.0,-0.852975,-0.88041,BOL,920190
31723706,31,9861,2009,0.0,73139.0,-0.909969,-0.8899879999999999,BOL,920190
31723707,31,9861,2010,19329.0,200027.0,-0.83736,-0.812473,BOL,920190
31723708,31,9861,2011,0.0,49998.0,-0.818593,-0.8701770000000001,BOL,920190
31723709,31,9861,2012,0.0,75453.0,-0.709307,-0.813228,BOL,920190
31723710,31,9861,2013,0.0,102268.0,-1.039614,-0.95663,BOL,920190
31723711,31,9861,2014,0.0,307612.0,-1.129494,-1.030198,BOL,920190
31723712,31,9861,2015,0.0,94461.0,-1.051562,-1.067714,BOL,920190
31723713,31,9861,2016,0.0,153335.0,-1.061758,-1.041501,BOL,920190
31723714,31,9861,2017,0.0,34425.0,-1.158425,-1.076242,BOL,920190
31723715,31,9861,2018,0.0,30512.0,-1.153953,-1.070749,BOL,920190
31723716,31,9861,2019,0.0,110575.0,-1.012748,-0.999245,BOL,920190
31723717,31,9861,2020,0.0,69004.0,-0.835558,-0.9611350000000001,BOL,920190
31723718,32,9861,1995,0.0,50137.0,0.687171,1.188647,BRA,920190
31723719,32,9861,1996,0.0,106249.0,0.699658,1.271724,BRA,920190
31723720,32,9861,1997,17698.0,82884.0,0.718336,1.203066,BRA,920190
31723721,32,9861,1998,15108.0,233509.0,0.768101,1.04589,BRA,920190
31723722,32,9861,1999,0.0,214826.0,0.762468,1.191759,BRA,920190
31723723,32,9861,2000,1341.0,364332.0,0.792556,1.219394,BRA,920190
31723724,32,9861,2001,9699.0,154976.0,0.672496,1.051848,BRA,920190
31723725,32,9861,2002,4632.0,44215.0,0.677883,1.0227190000000002,BRA,920190
31723726,32,9861,2003,3686.0,85300.0,0.660576,1.118876,BRA,920190
31723727,32,9861,2004,11147.0,66930.0,0.540718,1.149065,BRA,920190
31723728,32,9861,2005,44220.0,198485.0,0.567638,1.139122,BRA,920190
31723729,32,9861,2006,32755.0,301147.0,0.633889,1.1474520000000001,BRA,920190
31723730,32,9861,2007,5461.0,323885.0,0.582859,1.137225,BRA,920190
31723731,32,9861,2008,0.0,192589.0,0.444687,0.904332,BRA,920190
31723732,32,9861,2009,9437.0,242715.0,0.35447199999999995,0.8522360000000001,BRA,920190
31723733,32,9861,2010,0.0,184044.0,0.40715500000000004,0.6208100000000001,BRA,920190
31723734,32,9861,2011,17447.0,321280.0,0.27718400000000004,0.5674319999999999,BRA,920190
31723735,32,9861,2012,15625.0,277693.0,0.305614,0.6357189999999999,BRA,920190
31723736,32,9861,2013,61170.0,448524.0,0.14765899999999998,0.399262,BRA,920190
31723737,32,9861,2014,8377.0,516179.0,0.218223,0.556921,BRA,920190
31723738,32,9861,2015,2653.0,248630.0,0.23656799999999997,0.688607,BRA,920190
31723739,32,9861,2016,1102.0,211610.0,0.245919,0.661809,BRA,920190
31723740,32,9861,2017,335.0,249953.0,0.145224,0.483461,BRA,920190
31723741,32,9861,2018,33795.0,234473.0,0.143397,0.582092,BRA,920190
31723742,32,9861,2019,1208.0,8471.0,0.076947,0.660604,BRA,920190
31723743,32,9861,2020,0.0,12682.0,0.054622000000000004,0.532291,BRA,920190
31723744,33,9861,1995,,,1.055447,0.422738,BRB,920190
31723745,33,9861,1996,,,0.9384979999999999,0.147479,BRB,920190
31723746,33,9861,1997,0.0,15594.0,0.896769,0.22225300000000003,BRB,920190
31723747,33,9861,1998,0.0,5662.0,0.888487,0.469408,BRB,920190
31723748,33,9861,1999,0.0,35801.0,0.878015,0.413308,BRB,920190
31723749,33,9861,2000,1222.0,40381.0,0.765428,0.418063,BRB,920190
31723750,33,9861,2001,0.0,20934.0,0.725546,0.172345,BRB,920190
31723751,33,9861,2002,2123.0,10201.0,0.762217,0.004367,BRB,920190
31723752,33,9861,2003,0.0,25307.0,0.744166,0.074191,BRB,920190
31723753,33,9861,2004,14352.0,10442.0,0.8541559999999999,0.25895799999999997,BRB,920190
31723754,33,9861,2005,3048.0,7739.0,0.916402,0.262466,BRB,920190
31723755,33,9861,2006,0.0,30862.0,0.977267,0.6046560000000001,BRB,920190
31723756,33,9861,2007,9591.0,69063.0,1.006332,0.680391,BRB,920190
31723757,33,9861,2008,1876.0,28757.0,0.761035,0.615472,BRB,920190
31723758,33,9861,2009,2042.0,38889.0,0.8652620000000001,0.796057,BRB,920190
31723759,33,9861,2010,2125.0,28732.0,0.7076140000000001,0.434993,BRB,920190
31723760,33,9861,2011,788.0,30309.0,0.445982,0.204672,BRB,920190
31723761,33,9861,2012,1256.0,17960.0,0.6746310000000001,0.45502700000000007,BRB,920190
31723762,33,9861,2013,2197.0,9879.0,0.6969489999999999,0.135283,BRB,920190
31723763,33,9861,2014,0.0,15555.0,0.44968400000000003,-0.15268900000000002,BRB,920190
31723764,33,9861,2015,27327.0,81892.0,0.453689,0.039237,BRB,920190
31723765,33,9861,2016,9945.0,20160.0,0.613282,0.06728200000000001,BRB,920190
31723766,33,9861,2017,0.0,14604.0,0.589793,-0.004488000000000001,BRB,920190
31723767,33,9861,2018,0.0,12559.0,0.487166,-0.129388,BRB,920190
31723768,33,9861,2019,20374.0,17718.0,0.6228199999999999,-0.10803499999999999,BRB,920190
31723769,33,9861,2020,1438.0,13445.0,0.666435,0.060089,BRB,920190
31723770,34,9861,1995,0.0,3444.0,-0.979701,-0.85456,BRN,920190
31723771,34,9861,1996,34882.0,127542.0,-0.848331,-0.779511,BRN,920190
31723772,34,9861,1997,0.0,194119.0,-0.092276,-0.772393,BRN,920190
31723773,34,9861,1998,0.0,12257.0,-0.445218,-0.833083,BRN,920190
31723774,34,9861,1999,0.0,3383.0,-1.417607,-1.011226,BRN,920190
31723775,34,9861,2000,0.0,4534.0,-1.603399,-1.027332,BRN,920190
31723776,34,9861,2001,0.0,9868.0,-0.8654209999999999,-0.930599,BRN,920190
31723777,34,9861,2002,2976.0,14026.0,-1.7894169999999998,-1.034672,BRN,920190
31723778,34,9861,2003,4944.0,9519.0,-1.342738,-0.978633,BRN,920190
31723779,34,9861,2004,0.0,10125.0,-1.271325,-1.03277,BRN,920190
31723780,34,9861,2005,,,-2.009712,-1.02596,BRN,920190
31723781,34,9861,2006,0.0,34958.0,-1.331831,-0.9170940000000001,BRN,920190
31723782,34,9861,2007,0.0,18072.0,-1.118219,-0.924797,BRN,920190
31723783,34,9861,2008,0.0,28368.0,-1.7609099999999998,-0.8835959999999999,BRN,920190
31723784,34,9861,2009,611.0,9596.0,-1.371042,-0.9792120000000001,BRN,920190
31723785,34,9861,2010,0.0,78768.0,0.717167,-0.764841,BRN,920190
31723786,34,9861,2011,6273.0,140570.0,-0.171775,-0.6656810000000001,BRN,920190
31723787,34,9861,2012,2923.0,200400.0,-2.758339,-0.931008,BRN,920190
31723788,34,9861,2013,0.0,82858.0,-0.866827,-0.795995,BRN,920190
31723789,34,9861,2014,0.0,81822.0,0.191357,-0.683567,BRN,920190
31723790,34,9861,2015,0.0,108287.0,1.093564,-0.679211,BRN,920190
31723791,34,9861,2016,1055.0,42860.0,0.078764,-0.8103670000000001,BRN,920190
31723792,34,9861,2017,0.0,47106.0,0.270525,-0.747949,BRN,920190
31723793,34,9861,2018,13792.0,68709.0,0.562198,-0.774457,BRN,920190
31723794,34,9861,2019,1627.0,37984.0,0.9608620000000001,-0.7012619999999999,BRN,920190
31723795,34,9861,2020,11287.0,66673.0,0.432569,-0.8083779999999999,BRN,920190
31723796,35,9861,1995,,,0.10779000000000001,-0.609193,BTN,920190
31723797,35,9861,1996,,,-0.20093699999999998,-0.754797,BTN,920190
31723798,35,9861,1997,,,0.170623,-0.650595,BTN,920190
31723799,35,9861,1998,,,0.003229,-0.582997,BTN,920190
31723800,35,9861,1999,,,-0.089814,-0.630333,BTN,920190
31723801,35,9861,2000,,,0.44639799999999996,-0.45978199999999997,BTN,920190
31723802,35,9861,2001,,,0.380727,-0.529766,BTN,920190
31723803,35,9861,2002,,,0.23072800000000002,-0.541596,BTN,920190
31723804,35,9861,2003,,,0.22564800000000002,-0.460741,BTN,920190
31723805,35,9861,2004,,,-0.050289,-0.697735,BTN,920190
31723806,35,9861,2005,,,0.0036079999999999997,-0.483849,BTN,920190
31723807,35,9861,2006,,,-0.016287,-0.561397,BTN,920190
31723808,35,9861,2007,,,-0.147438,-0.68999,BTN,920190
31723809,35,9861,2008,,,-0.465287,-0.84941,BTN,920190
31723810,35,9861,2009,,,-0.16578900000000002,-0.7013560000000001,BTN,920190
31723811,35,9861,2010,0.0,467.0,-0.10866300000000001,-0.5950270000000001,BTN,920190
31723812,35,9861,2011,,,-0.022021000000000002,-0.5282439999999999,BTN,920190
31723813,35,9861,2012,,,-0.125782,-0.49636099999999994,BTN,920190
31723814,35,9861,2013,0.0,1024.0,-0.065218,-0.787495,BTN,920190
31723815,35,9861,2014,,,-0.24597199999999997,-0.758838,BTN,920190
31723816,35,9861,2015,,,-0.55347,-0.8795219999999999,BTN,920190
31723817,35,9861,2016,,,-0.28638,-0.8311069999999999,BTN,920190
31723818,35,9861,2017,,,-0.167518,-0.7758520000000001,BTN,920190
31723819,35,9861,2018,,,-0.168694,-0.77871,BTN,920190
31723820,35,9861,2019,0.0,7104.0,0.008482,-0.767876,BTN,920190
31723821,35,9861,2020,,,0.108769,-0.728705,BTN,920190
31723822,36,9861,1995,,,,,BVT,920190
31723823,36,9861,1996,,,,,BVT,920190
31723824,36,9861,1997,,,,,BVT,920190
31723825,36,9861,1998,,,,,BVT,920190
31723826,36,9861,1999,,,,,BVT,920190
31723827,36,9861,2000,,,0.23491199999999998,-0.8698319999999999,BVT,920190
31723828,36,9861,2001,,,2.411696,-0.8244940000000001,BVT,920190
31723829,36,9861,2002,,,0.516423,-0.789674,BVT,920190
31723830,36,9861,2003,,,1.6794259999999999,-0.695589,BVT,920190
31723831,36,9861,2004,,,0.5410119999999999,-0.804279,BVT,920190
31723832,36,9861,2005,,,1.31643,-0.701706,BVT,920190
31723833,36,9861,2006,,,0.9683930000000001,-0.6665840000000001,BVT,920190
31723834,36,9861,2007,,,1.1512200000000001,-0.42272,BVT,920190
31723835,36,9861,2008,,,1.7788130000000002,0.183341,BVT,920190
31723836,36,9861,2009,,,0.936732,-0.438837,BVT,920190
31723837,36,9861,2010,,,0.551459,-0.540175,BVT,920190
31723838,36,9861,2011,,,1.467633,-0.050186,BVT,920190
31723839,36,9861,2012,,,1.135468,-0.38882,BVT,920190
31723840,36,9861,2013,,,0.6491520000000001,-0.746413,BVT,920190
31723841,36,9861,2014,,,0.24943099999999999,-0.7255189999999999,BVT,920190
31723842,36,9861,2015,,,0.37751799999999996,-0.843202,BVT,920190
31723843,36,9861,2016,,,1.279944,-0.741259,BVT,920190
31723844,36,9861,2017,,,2.018459,-0.700299,BVT,920190
31723845,36,9861,2018,,,1.0599450000000001,-0.810874,BVT,920190
31723846,36,9861,2019,,,0.9131040000000001,-0.830306,BVT,920190
31723847,36,9861,2020,,,0.295207,-0.873441,BVT,920190
31723848,37,9861,1995,,,,,BWA,920190
31723849,37,9861,1996,,,,,BWA,920190
31723850,37,9861,1997,,,,,BWA,920190
31723851,37,9861,1998,,,,,BWA,920190
31723852,37,9861,1999,,,,,BWA,920190
31723853,37,9861,2000,0.0,10630.0,-0.633691,-1.120255,BWA,920190
31723854,37,9861,2001,0.0,10374.0,-0.42690100000000003,-1.081372,BWA,920190
31723855,37,9861,2002,0.0,9777.0,-0.14025,-1.018399,BWA,920190
31723856,37,9861,2003,0.0,14279.0,-0.517317,-1.1125770000000001,BWA,920190
31723857,37,9861,2004,348.0,26597.0,-0.8574229999999999,-1.191754,BWA,920190
31723858,37,9861,2005,4518.0,11018.0,-0.857577,-1.1514229999999999,BWA,920190
31723859,37,9861,2006,1191.0,69717.0,-1.0541459999999998,-1.179286,BWA,920190
31723860,37,9861,2007,0.0,25495.0,-0.8557239999999999,-1.1712989999999999,BWA,920190
31723861,37,9861,2008,0.0,11685.0,-0.191616,-0.848397,BWA,920190
31723862,37,9861,2009,0.0,23961.0,-0.008142,-0.599115,BWA,920190
31723863,37,9861,2010,872.0,64672.0,-0.181373,-0.714376,BWA,920190
31723864,37,9861,2011,1149.0,14253.0,-0.48782600000000004,-1.051639,BWA,920190
31723865,37,9861,2012,0.0,27073.0,-0.424469,-1.043248,BWA,920190
31723866,37,9861,2013,0.0,40496.0,-0.46761499999999995,-1.0842040000000002,BWA,920190
31723867,37,9861,2014,7964.0,26910.0,-0.60221,-1.104578,BWA,920190
31723868,37,9861,2015,0.0,23828.0,-0.14164200000000002,-1.0372059999999999,BWA,920190
31723869,37,9861,2016,0.0,49169.0,-0.9927739999999999,-1.260391,BWA,920190
31723870,37,9861,2017,1054.0,32147.0,-0.593754,-1.166742,BWA,920190
31723871,37,9861,2018,0.0,51596.0,-0.8339610000000001,-1.184307,BWA,920190
31723872,37,9861,2019,0.0,14595.0,-0.492807,-1.152651,BWA,920190
31723873,37,9861,2020,0.0,22708.0,-0.8696219999999999,-1.195627,BWA,920190
31723874,38,9861,1995,,,-0.378162,-0.6538010000000001,CAF,920190
31723875,38,9861,1996,,,-1.408316,-0.8695579999999999,CAF,920190
31723876,38,9861,1997,,,-1.192158,-0.902408,CAF,920190
31723877,38,9861,1998,,,-0.64861,-0.771349,CAF,920190
31723878,38,9861,1999,,,-1.079509,-0.9015489999999999,CAF,920190
31723879,38,9861,2000,,,-1.222452,-0.947033,CAF,920190
31723880,38,9861,2001,,,-0.682897,-0.8083140000000001,CAF,920190
31723881,38,9861,2002,,,-0.45315200000000005,-0.764876,CAF,920190
31723882,38,9861,2003,,,-1.342769,-0.905425,CAF,920190
31723883,38,9861,2004,,,-0.683538,-0.8331770000000001,CAF,920190
31723884,38,9861,2005,,,-0.18778399999999998,-0.647926,CAF,920190
31723885,38,9861,2006,,,-0.768791,-0.822677,CAF,920190
31723886,38,9861,2007,,,-0.252459,-0.783634,CAF,920190
31723887,38,9861,2008,,,-0.387367,-0.767895,CAF,920190
31723888,38,9861,2009,,,-0.5777260000000001,-0.839981,CAF,920190
31723889,38,9861,2010,,,0.062649,-0.6461779999999999,CAF,920190
31723890,38,9861,2011,,,-0.318191,-0.68375,CAF,920190
31723891,38,9861,2012,,,-0.264052,-0.727242,CAF,920190
31723892,38,9861,2013,,,-0.268604,-0.606101,CAF,920190
31723893,38,9861,2014,,,0.695875,0.543384,CAF,920190
31723894,38,9861,2015,,,-0.35029,-0.6630199999999999,CAF,920190
31723895,38,9861,2016,,,-0.43507299999999993,-0.7039300000000001,CAF,920190
31723896,38,9861,2017,,,-0.289049,-0.648497,CAF,920190
31723897,38,9861,2018,,,-0.041318,-0.687923,CAF,920190
31723898,38,9861,2019,,,-0.027091000000000004,-0.7267899999999999,CAF,920190
31723899,38,9861,2020,,,-0.48102700000000004,-0.832994,CAF,920190
31723900,39,9861,1995,73652.0,128907.0,1.077804,1.0724200000000002,CAN,920190
31723901,39,9861,1996,246430.0,16995.0,1.155706,1.1127049999999998,CAN,920190
31723902,39,9861,1997,95088.0,159924.0,1.109494,1.178772,CAN,920190
31723903,39,9861,1998,64549.0,137575.0,1.077343,1.119161,CAN,920190
31723904,39,9861,1999,58597.0,372187.0,1.083572,1.08026,CAN,920190
31723905,39,9861,2000,87652.0,61422.0,1.056577,1.12931,CAN,920190
31723906,39,9861,2001,200727.0,225425.0,0.971827,1.105171,CAN,920190
31723907,39,9861,2002,184974.0,330034.0,0.9963280000000001,1.1922110000000001,CAN,920190
31723908,39,9861,2003,370363.0,468715.0,0.9791540000000001,1.185081,CAN,920190
31723909,39,9861,2004,233587.0,494836.0,0.9392739999999999,1.19228,CAN,920190
31723910,39,9861,2005,84430.0,395688.0,0.9895149999999999,1.0437459999999998,CAN,920190
31723911,39,9861,2006,107217.0,336382.0,0.865685,1.1480489999999999,CAN,920190
31723912,39,9861,2007,99051.0,816604.0,0.77681,1.20517,CAN,920190
31723913,39,9861,2008,48230.0,615175.0,0.684659,1.085312,CAN,920190
31723914,39,9861,2009,106055.0,377308.0,0.6778069999999999,1.278402,CAN,920190
31723915,39,9861,2010,175816.0,715706.0,0.752421,1.2208510000000001,CAN,920190
31723916,39,9861,2011,52769.0,689822.0,0.754813,1.1967290000000002,CAN,920190
31723917,39,9861,2012,40057.0,718317.0,0.693098,1.132064,CAN,920190
31723918,39,9861,2013,67315.0,1229498.0,0.719649,1.017046,CAN,920190
31723919,39,9861,2014,66707.0,1596445.0,0.671395,1.024683,CAN,920190
31723920,39,9861,2015,27464.0,1559118.0,0.695867,1.171676,CAN,920190
31723921,39,9861,2016,129671.0,828945.0,0.6579050000000001,1.12259,CAN,920190
31723922,39,9861,2017,80915.0,661969.0,0.73897,1.206402,CAN,920190
31723923,39,9861,2018,81569.0,811075.0,0.666822,1.218593,CAN,920190
31723924,39,9861,2019,40159.0,622997.0,0.657292,1.187872,CAN,920190
31723925,39,9861,2020,174962.0,531503.0,0.609267,1.1890479999999999,CAN,920190
31723926,40,9861,1995,,,-0.13755,-0.5880850000000001,CCK,920190
31723927,40,9861,1996,,,0.26213400000000003,-0.584997,CCK,920190
31723928,40,9861,1997,,,0.995143,-0.37411300000000003,CCK,920190
31723929,40,9861,1998,,,0.283156,-0.549021,CCK,920190
31723930,40,9861,1999,,,0.697291,-0.48773999999999995,CCK,920190
31723931,40,9861,2000,,,1.171549,-0.33660999999999996,CCK,920190
31723932,40,9861,2001,,,1.5803969999999998,-0.258236,CCK,920190
31723933,40,9861,2002,,,0.908435,-0.47951000000000005,CCK,920190
31723934,40,9861,2003,,,1.2656530000000001,-0.20865999999999998,CCK,920190
31723935,40,9861,2004,,,0.981239,-0.342031,CCK,920190
31723936,40,9861,2005,,,1.1435870000000001,-0.09681000000000001,CCK,920190
31723937,40,9861,2006,,,1.151181,-0.16833900000000002,CCK,920190
31723938,40,9861,2007,,,0.970841,0.04999,CCK,920190
31723939,40,9861,2008,,,1.191492,-0.219504,CCK,920190
31723940,40,9861,2009,,,0.973582,-0.5092479999999999,CCK,920190
31723941,40,9861,2010,,,0.65937,-0.48724399999999995,CCK,920190
31723942,40,9861,2011,,,0.9612229999999999,-0.349571,CCK,920190
31723943,40,9861,2012,,,1.178557,0.175336,CCK,920190
31723944,40,9861,2013,,,1.458176,0.045868,CCK,920190
31723945,40,9861,2014,,,0.8426629999999999,-0.258254,CCK,920190
31723946,40,9861,2015,,,1.2134049999999998,-0.228465,CCK,920190
31723947,40,9861,2016,,,1.5291700000000001,0.030156,CCK,920190
31723948,40,9861,2017,,,1.432778,0.146181,CCK,920190
31723949,40,9861,2018,,,0.8609030000000001,-0.013083000000000001,CCK,920190
31723950,40,9861,2019,,,1.440861,-0.056663,CCK,920190
31723951,40,9861,2020,,,1.373165,0.070636,CCK,920190
31723952,41,9861,1995,94561.0,779779.0,2.1893029999999998,0.82765,CHE,920190
31723953,41,9861,1996,70990.0,395502.0,2.246238,0.603288,CHE,920190
31723954,41,9861,1997,224772.0,419332.0,2.280163,0.597819,CHE,920190
31723955,41,9861,1998,103355.0,219840.0,2.252965,0.561806,CHE,920190
31723956,41,9861,1999,216572.0,328060.0,2.189934,0.741428,CHE,920190
31723957,41,9861,2000,222777.0,292389.0,2.197959,0.489989,CHE,920190
31723958,41,9861,2001,68213.0,194056.0,2.227246,0.553956,CHE,920190
31723959,41,9861,2002,83489.0,573668.0,2.218095,0.620946,CHE,920190
31723960,41,9861,2003,347956.0,621766.0,2.151037,0.711217,CHE,920190
31723961,41,9861,2004,220058.0,382366.0,2.151471,0.7196279999999999,CHE,920190
31723962,41,9861,2005,125800.0,363947.0,2.0461709999999997,0.615855,CHE,920190
31723963,41,9861,2006,106367.0,241825.0,2.052534,0.515523,CHE,920190
31723964,41,9861,2007,146879.0,419596.0,2.0198080000000003,0.42277200000000004,CHE,920190
31723965,41,9861,2008,179971.0,281746.0,1.978404,0.368694,CHE,920190
31723966,41,9861,2009,122207.0,606475.0,2.124438,0.484861,CHE,920190
31723967,41,9861,2010,119765.0,397948.0,2.1492080000000002,0.556424,CHE,920190
31723968,41,9861,2011,425779.0,579417.0,2.2644029999999997,0.406131,CHE,920190
31723969,41,9861,2012,170503.0,597722.0,2.060769,0.562718,CHE,920190
31723970,41,9861,2013,75034.0,1069358.0,2.2104470000000003,0.5403479999999999,CHE,920190
31723971,41,9861,2014,422017.0,470356.0,2.2000919999999997,0.65398,CHE,920190
31723972,41,9861,2015,68198.0,536892.0,2.306075,0.720781,CHE,920190
31723973,41,9861,2016,49859.0,517490.0,2.3488689999999997,0.806291,CHE,920190
31723974,41,9861,2017,214442.0,471649.0,2.2557810000000003,0.845459,CHE,920190
31723975,41,9861,2018,223735.0,1227947.0,2.2324330000000003,0.7801560000000001,CHE,920190
31723976,41,9861,2019,80615.0,227496.0,2.1990849999999997,0.8394229999999999,CHE,920190
31723977,41,9861,2020,56062.0,550072.0,2.184038,0.900965,CHE,920190
31723978,42,9861,1995,0.0,110186.0,-0.073436,-0.192675,CHL,920190
31723979,42,9861,1996,0.0,30344.0,-0.052811000000000004,-0.169464,CHL,920190
31723980,42,9861,1997,958.0,170705.0,0.002791,-0.030604000000000003,CHL,920190
31723981,42,9861,1998,60010.0,68396.0,0.029706,-0.061149,CHL,920190
31723982,42,9861,1999,8909.0,6403.0,0.041013,-0.111553,CHL,920190
31723983,42,9861,2000,0.0,57138.0,0.068478,-0.053438,CHL,920190
31723984,42,9861,2001,9191.0,34353.0,-0.004658,-0.002548,CHL,920190
31723985,42,9861,2002,1434.0,29369.0,-0.035264,-0.101796,CHL,920190
31723986,42,9861,2003,1275.0,96918.0,-0.06375900000000001,-0.156808,CHL,920190
31723987,42,9861,2004,2348.0,104985.0,-0.07869,-0.33641,CHL,920190
31723988,42,9861,2005,0.0,19853.0,-0.168344,-0.43438999999999994,CHL,920190
31723989,42,9861,2006,0.0,43434.0,-0.188298,-0.46778000000000003,CHL,920190
31723990,42,9861,2007,32451.0,75531.0,-0.306846,-0.57431,CHL,920190
31723991,42,9861,2008,21722.0,98096.0,-0.293985,-0.349554,CHL,920190
31723992,42,9861,2009,2799.0,200849.0,-0.219521,-0.34239,CHL,920190
31723993,42,9861,2010,33467.0,391140.0,-0.34914,-0.459395,CHL,920190
31723994,42,9861,2011,0.0,398795.0,-0.199877,-0.353009,CHL,920190
31723995,42,9861,2012,10473.0,1512688.0,-0.333891,-0.45610200000000006,CHL,920190
31723996,42,9861,2013,404420.0,1658854.0,-0.260718,-0.38256100000000004,CHL,920190
31723997,42,9861,2014,351852.0,819475.0,-0.344671,-0.43380799999999997,CHL,920190
31723998,42,9861,2015,5311.0,608324.0,-0.356167,-0.47629399999999994,CHL,920190
31723999,42,9861,2016,447988.0,698916.0,-0.385519,-0.470495,CHL,920190
31724000,42,9861,2017,101353.0,126451.0,-0.378693,-0.492983,CHL,920190
31724001,42,9861,2018,0.0,567167.0,-0.37677,-0.49605299999999997,CHL,920190
31724002,42,9861,2019,23092.0,439812.0,-0.34416199999999997,-0.432674,CHL,920190
31724003,42,9861,2020,1769.0,320459.0,-0.307923,-0.565983,CHL,920190
31724004,43,9861,1995,435895.0,55245.0,0.387897,3.2147919999999996,CHN,920190
31724005,43,9861,1996,439191.0,131634.0,0.404422,3.061344,CHN,920190
31724006,43,9861,1997,403164.0,97081.0,0.36051300000000003,3.287322,CHN,920190
31724007,43,9861,1998,581853.0,234099.0,0.3658,3.231258,CHN,920190
31724008,43,9861,1999,660328.0,92548.0,0.386094,3.270089,CHN,920190
31724009,43,9861,2000,895833.0,297064.0,0.478362,3.156111,CHN,920190
31724010,43,9861,2001,1148578.0,743231.0,0.525171,3.092963,CHN,920190
31724011,43,9861,2002,1455151.0,781769.0,0.576746,2.7995520000000003,CHN,920190
31724012,43,9861,2003,5845637.0,571975.0,0.579431,2.773139,CHN,920190
31724013,43,9861,2004,4128875.0,1434532.0,0.581548,2.8689880000000003,CHN,920190
31724014,43,9861,2005,3417915.0,481069.0,0.608256,2.8242220000000002,CHN,920190
31724015,43,9861,2006,4622457.0,476730.0,0.737888,2.54966,CHN,920190
31724016,43,9861,2007,5745909.0,4144404.0,0.801547,2.321052,CHN,920190
31724017,43,9861,2008,4343503.0,501404.0,0.929285,1.8917259999999998,CHN,920190
31724018,43,9861,2009,5270616.0,1991394.0,0.898623,2.08703,CHN,920190
31724019,43,9861,2010,7893945.0,1187469.0,0.922493,2.0176,CHN,920190
31724020,43,9861,2011,8057772.0,2717942.0,1.072299,1.686826,CHN,920190
31724021,43,9861,2012,5931510.0,2353663.0,1.095682,1.354837,CHN,920190
31724022,43,9861,2013,8475793.0,3185781.0,1.113767,1.477496,CHN,920190
31724023,43,9861,2014,5205278.0,3620514.0,1.187557,1.222085,CHN,920190
31724024,43,9861,2015,4760115.0,1944502.0,1.077143,1.735757,CHN,920190
31724025,43,9861,2016,3980121.0,2970897.0,1.1073620000000002,1.723098,CHN,920190
31724026,43,9861,2017,4170401.0,1988087.0,1.1127790000000002,1.56869,CHN,920190
31724027,43,9861,2018,4539157.0,2005611.0,1.200689,1.2822,CHN,920190
31724028,43,9861,2019,4328722.0,1244361.0,1.196265,1.2258870000000002,CHN,920190
31724029,43,9861,2020,5350351.0,1231850.0,1.187837,1.2237770000000001,CHN,920190
31724030,44,9861,1995,0.0,17351.0,-0.781656,-0.74293,CIV,920190
31724031,44,9861,1996,0.0,23570.0,-0.8720459999999999,-0.7904479999999999,CIV,920190
31724032,44,9861,1997,2538.0,21903.0,-0.685339,-0.62129,CIV,920190
31724033,44,9861,1998,2443.0,9043.0,-0.75115,-0.753865,CIV,920190
31724034,44,9861,1999,1892.0,21006.0,-0.591892,-0.654457,CIV,920190
31724035,44,9861,2000,0.0,8762.0,-0.7772640000000001,-0.632181,CIV,920190
31724036,44,9861,2001,0.0,6573.0,-0.715949,-0.524428,CIV,920190
31724037,44,9861,2002,2822.0,16413.0,-0.816327,-0.711765,CIV,920190
31724038,44,9861,2003,0.0,5561.0,-0.699928,-0.723739,CIV,920190
31724039,44,9861,2004,0.0,21407.0,-0.8490979999999999,-0.754732,CIV,920190
31724040,44,9861,2005,0.0,34809.0,-0.900386,-0.804689,CIV,920190
31724041,44,9861,2006,1379.0,18699.0,-0.8918530000000001,-0.8145819999999999,CIV,920190
31724042,44,9861,2007,0.0,18679.0,-0.9989110000000001,-0.867232,CIV,920190
31724043,44,9861,2008,0.0,76386.0,-0.9806040000000001,-0.730792,CIV,920190
31724044,44,9861,2009,0.0,56516.0,-0.924681,-0.801371,CIV,920190
31724045,44,9861,2010,0.0,17576.0,-1.256641,-0.946767,CIV,920190
31724046,44,9861,2011,838.0,14999.0,-1.069474,-0.867439,CIV,920190
31724047,44,9861,2012,945.0,23848.0,-0.9721879999999999,-0.837227,CIV,920190
31724048,44,9861,2013,0.0,18276.0,-0.923558,-0.866642,CIV,920190
31724049,44,9861,2014,41456.0,22994.0,-0.737625,-0.768728,CIV,920190
31724050,44,9861,2015,815.0,94609.0,-0.856142,-0.905292,CIV,920190
31724051,44,9861,2016,0.0,34277.0,-0.88415,-0.8122689999999999,CIV,920190
31724052,44,9861,2017,2510.0,53731.0,-0.784119,-0.904135,CIV,920190
31724053,44,9861,2018,8489.0,63067.0,-0.8733569999999999,-0.8443139999999999,CIV,920190
31724054,44,9861,2019,8329.0,19123.0,-0.9916719999999999,-0.960625,CIV,920190
31724055,44,9861,2020,0.0,5489.0,-1.2299200000000001,-1.095777,CIV,920190
31724056,45,9861,1995,0.0,2540.0,-1.121716,-0.9758020000000001,CMR,920190
31724057,45,9861,1996,0.0,9820.0,-1.4036309999999999,-1.090633,CMR,920190
31724058,45,9861,1997,180499.0,0.0,-1.205482,-1.015714,CMR,920190
31724059,45,9861,1998,0.0,915.0,-1.8845029999999998,-1.250205,CMR,920190
31724060,45,9861,1999,0.0,13146.0,-1.7392470000000002,-1.241373,CMR,920190
31724061,45,9861,2000,0.0,3739.0,-1.547715,-1.161125,CMR,920190
31724062,45,9861,2001,0.0,1662.0,-1.6254879999999998,-1.212513,CMR,920190
31724063,45,9861,2002,0.0,3633.0,-1.114477,-1.0516510000000001,CMR,920190
31724064,45,9861,2003,0.0,4327.0,-1.254788,-1.10897,CMR,920190
31724065,45,9861,2004,0.0,12657.0,-1.604916,-1.217399,CMR,920190
31724066,45,9861,2005,0.0,90169.0,-1.5648739999999999,-1.210117,CMR,920190
31724067,45,9861,2006,0.0,3622.0,-1.358873,-1.1511360000000002,CMR,920190
31724068,45,9861,2007,,,-0.821623,-0.965601,CMR,920190
31724069,45,9861,2008,0.0,10533.0,-1.143808,-1.0725,CMR,920190
31724070,45,9861,2009,0.0,5539.0,-1.128734,-1.022546,CMR,920190
31724071,45,9861,2010,0.0,6344.0,-1.114209,-1.0127899999999999,CMR,920190
31724072,45,9861,2011,,,-0.7956340000000001,-0.8532790000000001,CMR,920190
31724073,45,9861,2012,0.0,2752.0,-1.0127030000000001,-1.011776,CMR,920190
31724074,45,9861,2013,0.0,13386.0,-0.901531,-1.027111,CMR,920190
31724075,45,9861,2014,0.0,12662.0,-0.6723520000000001,-0.945084,CMR,920190
31724076,45,9861,2015,391.0,6180.0,-0.924366,-1.040721,CMR,920190
31724077,45,9861,2016,968.0,10394.0,-1.086484,-1.0725559999999998,CMR,920190
31724078,45,9861,2017,0.0,11440.0,-1.048569,-1.030799,CMR,920190
31724079,45,9861,2018,0.0,19174.0,-1.366619,-1.09894,CMR,920190
31724080,45,9861,2019,,,-1.461279,-1.214274,CMR,920190
31724081,45,9861,2020,0.0,3610.0,-1.379365,-1.177022,CMR,920190
31724082,46,9861,1995,,,-1.4672459999999998,-1.0777139999999998,COD,920190
31724083,46,9861,1996,,,-1.2167,-1.086508,COD,920190
31724084,46,9861,1997,,,-1.274443,-1.073668,COD,920190
31724085,46,9861,1998,0.0,10987.0,-1.753881,-1.201073,COD,920190
31724086,46,9861,1999,,,-1.4871290000000001,-1.1859620000000002,COD,920190
31724087,46,9861,2000,,,-0.902222,-1.068924,COD,920190
31724088,46,9861,2001,,,-1.421643,-1.154007,COD,920190
31724089,46,9861,2002,0.0,1712.0,-1.2657370000000001,-1.108659,COD,920190
31724090,46,9861,2003,,,-1.366232,-1.0778860000000001,COD,920190
31724091,46,9861,2004,0.0,2169.0,-1.405291,-1.108962,COD,920190
31724092,46,9861,2005,0.0,1414.0,-1.7843189999999998,-1.155135,COD,920190
31724093,46,9861,2006,0.0,2511.0,-1.542137,-1.086494,COD,920190
31724094,46,9861,2007,0.0,5624.0,-1.507664,-1.111844,COD,920190
31724095,46,9861,2008,0.0,2938.0,-1.513117,-1.141895,COD,920190
31724096,46,9861,2009,2155.0,6797.0,-1.532165,-1.160269,COD,920190
31724097,46,9861,2010,0.0,15520.0,-1.465101,-1.139909,COD,920190
31724098,46,9861,2011,0.0,3630.0,-0.722957,-0.965141,COD,920190
31724099,46,9861,2012,0.0,31339.0,-1.442925,-1.170333,COD,920190
31724100,46,9861,2013,0.0,9653.0,-1.300125,-1.0708010000000001,COD,920190
31724101,46,9861,2014,0.0,31180.0,-1.6680240000000002,-1.1265129999999999,COD,920190
31724102,46,9861,2015,0.0,11161.0,-1.3921290000000002,-1.146549,COD,920190
31724103,46,9861,2016,1927.0,22909.0,-1.136472,-1.109177,COD,920190
31724104,46,9861,2017,266.0,26999.0,-1.3960569999999999,-1.126784,COD,920190
31724105,46,9861,2018,0.0,9747.0,-1.743034,-1.20446,COD,920190
31724106,46,9861,2019,0.0,6099.0,-1.2685879999999998,-1.148403,COD,920190
31724107,46,9861,2020,0.0,40671.0,-1.538455,-1.1857659999999999,COD,920190
31724108,47,9861,1995,0.0,8938.0,-0.648521,-1.0392190000000001,COG,920190
31724109,47,9861,1996,,,-1.522142,-1.165936,COG,920190
31724110,47,9861,1997,,,-1.58904,-1.1557979999999999,COG,920190
31724111,47,9861,1998,,,-1.404207,-1.133436,COG,920190
31724112,47,9861,1999,,,-1.2759120000000002,-1.1418030000000001,COG,920190
31724113,47,9861,2000,,,-1.862839,-1.214684,COG,920190
31724114,47,9861,2001,,,-1.482788,-1.172,COG,920190
31724115,47,9861,2002,,,-1.62227,-1.202067,COG,920190
31724116,47,9861,2003,2658.0,0.0,-1.6789619999999998,-1.182557,COG,920190
31724117,47,9861,2004,0.0,1244.0,-1.610222,-1.184921,COG,920190
31724118,47,9861,2005,0.0,4825.0,-1.648425,-1.1852040000000001,COG,920190
31724119,47,9861,2006,0.0,7532.0,-1.9903240000000002,-1.189925,COG,920190
31724120,47,9861,2007,0.0,7351.0,-1.88462,-1.22688,COG,920190
31724121,47,9861,2008,0.0,21892.0,-2.2772799999999997,-1.216089,COG,920190
31724122,47,9861,2009,0.0,4037.0,-1.466289,-1.201249,COG,920190
31724123,47,9861,2010,0.0,6699.0,-1.536434,-1.175338,COG,920190
31724124,47,9861,2011,0.0,9086.0,-0.979359,-1.084589,COG,920190
31724125,47,9861,2012,0.0,6252.0,-1.210442,-1.086805,COG,920190
31724126,47,9861,2013,0.0,28604.0,-1.215681,-1.08679,COG,920190
31724127,47,9861,2014,0.0,993.0,-1.371624,-1.12468,COG,920190
31724128,47,9861,2015,,,-1.294823,-1.18811,COG,920190
31724129,47,9861,2016,0.0,825.0,-0.718731,-1.0663799999999999,COG,920190
31724130,47,9861,2017,0.0,7581.0,-1.2289780000000001,-1.169368,COG,920190
31724131,47,9861,2018,,,-1.52875,-1.1869100000000001,COG,920190
31724132,47,9861,2019,0.0,63529.0,-1.305193,-1.162808,COG,920190
31724133,47,9861,2020,0.0,1119.0,-1.580638,-1.2020870000000001,COG,920190
31724134,48,9861,1995,,,0.15283,-0.45298,COK,920190
31724135,48,9861,1996,,,0.053446,-0.556272,COK,920190
31724136,48,9861,1997,,,0.021011000000000002,-0.432936,COK,920190
31724137,48,9861,1998,0.0,1806.0,-0.18348399999999998,-0.650889,COK,920190
31724138,48,9861,1999,,,0.086577,-0.604988,COK,920190
31724139,48,9861,2000,,,-0.185791,-0.7267359999999999,COK,920190
31724140,48,9861,2001,,,-0.003435,-0.72313,COK,920190
31724141,48,9861,2002,,,0.22351300000000002,-0.5197729999999999,COK,920190
31724142,48,9861,2003,,,0.327914,-0.466681,COK,920190
31724143,48,9861,2004,,,0.10636,-0.652109,COK,920190
31724144,48,9861,2005,0.0,2720.0,0.039373000000000005,-0.649169,COK,920190
31724145,48,9861,2006,,,0.564179,-0.296135,COK,920190
31724146,48,9861,2007,,,0.0857,-0.604571,COK,920190
31724147,48,9861,2008,0.0,2452.0,0.49011400000000005,-0.550991,COK,920190
31724148,48,9861,2009,0.0,1057.0,0.291299,-0.477813,COK,920190
31724149,48,9861,2010,,,0.366399,-0.555715,COK,920190
31724150,48,9861,2011,0.0,1831.0,0.053038,-0.521486,COK,920190
31724151,48,9861,2012,0.0,4615.0,0.036403,-0.633828,COK,920190
31724152,48,9861,2013,0.0,1085.0,0.483939,-0.42226400000000003,COK,920190
31724153,48,9861,2014,,,0.151329,-0.693285,COK,920190
31724154,48,9861,2015,,,0.388457,-0.682666,COK,920190
31724155,48,9861,2016,,,0.20994699999999997,-0.791095,COK,920190
31724156,48,9861,2017,,,0.154051,-0.74144,COK,920190
31724157,48,9861,2018,,,0.716123,-0.631445,COK,920190
31724158,48,9861,2019,0.0,3598.0,0.430439,-0.7410720000000001,COK,920190
31724159,48,9861,2020,,,0.20487800000000003,-0.696278,COK,920190
31724160,49,9861,1995,0.0,169078.0,0.094335,0.13047999999999998,COL,920190
31724161,49,9861,1996,0.0,76601.0,0.136487,0.078743,COL,920190
31724162,49,9861,1997,0.0,96723.0,0.190632,0.068001,COL,920190
31724163,49,9861,1998,0.0,141329.0,0.205004,0.13985899999999998,COL,920190
31724164,49,9861,1999,5228.0,48439.0,0.190667,0.136271,COL,920190
31724165,49,9861,2000,0.0,45269.0,0.299592,0.320885,COL,920190
31724166,49,9861,2001,3590.0,49048.0,0.30412,0.395913,COL,920190
31724167,49,9861,2002,0.0,78860.0,0.345094,0.37787800000000005,COL,920190
31724168,49,9861,2003,1205.0,19980.0,0.218336,0.376869,COL,920190
31724169,49,9861,2004,8092.0,38496.0,0.033128,0.47524799999999995,COL,920190
31724170,49,9861,2005,3467.0,37949.0,0.077191,0.47193500000000005,COL,920190
31724171,49,9861,2006,0.0,104204.0,0.129887,0.44371700000000003,COL,920190
31724172,49,9861,2007,0.0,145518.0,0.118341,0.557699,COL,920190
31724173,49,9861,2008,12870.0,238646.0,0.19505699999999998,0.566189,COL,920190
31724174,49,9861,2009,0.0,197183.0,0.263416,0.38947,COL,920190
31724175,49,9861,2010,0.0,230833.0,0.097222,-0.064328,COL,920190
31724176,49,9861,2011,0.0,459386.0,0.14336600000000002,-0.22996,COL,920190
31724177,49,9861,2012,0.0,1425693.0,0.15523699999999999,-0.30749099999999996,COL,920190
31724178,49,9861,2013,0.0,760246.0,0.121799,-0.388239,COL,920190
31724179,49,9861,2014,17069.0,150248.0,0.19864500000000002,-0.378364,COL,920190
31724180,49,9861,2015,0.0,486291.0,0.156383,-0.183055,COL,920190
31724181,49,9861,2016,6854.0,381333.0,0.10205700000000001,-0.155574,COL,920190
31724182,49,9861,2017,0.0,421830.0,0.208096,-0.17644300000000002,COL,920190
31724183,49,9861,2018,6482.0,89945.0,0.20431,-0.15273699999999998,COL,920190
31724184,49,9861,2019,1017.0,101122.0,0.099936,-0.15568800000000002,COL,920190
31724185,49,9861,2020,0.0,52324.0,0.115954,0.104558,COL,920190
31724186,50,9861,1995,,,-0.125195,-0.6788930000000001,COM,920190
31724187,50,9861,1996,,,-1.007044,-0.833519,COM,920190
31724188,50,9861,1997,0.0,6796.0,0.42716899999999997,-0.618352,COM,920190
31724189,50,9861,1998,0.0,3196.0,0.242641,-0.6324069999999999,COM,920190
31724190,50,9861,1999,0.0,3834.0,0.57439,-0.576433,COM,920190
31724191,50,9861,2000,,,-0.9233299999999999,-0.9126479999999999,COM,920190
31724192,50,9861,2001,,,-0.24810700000000002,-0.832764,COM,920190
31724193,50,9861,2002,0.0,1531.0,-0.95335,-0.916942,COM,920190
31724194,50,9861,2003,0.0,2728.0,-0.675377,-0.791014,COM,920190
31724195,50,9861,2004,,,-0.581058,-0.8678309999999999,COM,920190
31724196,50,9861,2005,,,-0.6264,-0.853095,COM,920190
31724197,50,9861,2006,,,-0.5214300000000001,-0.8452149999999999,COM,920190
31724198,50,9861,2007,0.0,1190.0,-0.956375,-0.964842,COM,920190
31724199,50,9861,2008,,,-0.101412,-0.841565,COM,920190
31724200,50,9861,2009,,,0.080831,-0.7148760000000001,COM,920190
31724201,50,9861,2010,,,0.8640059999999999,-0.6108180000000001,COM,920190
31724202,50,9861,2011,,,0.449788,-0.533709,COM,920190
31724203,50,9861,2012,0.0,5082.0,-0.044716000000000006,-0.716491,COM,920190
31724204,50,9861,2013,,,-0.326422,-0.6956640000000001,COM,920190
31724205,50,9861,2014,0.0,1970.0,-0.19200699999999998,-0.761303,COM,920190
31724206,50,9861,2015,0.0,1240.0,-0.551674,-0.867288,COM,920190
31724207,50,9861,2016,,,-0.520849,-0.8678040000000001,COM,920190
31724208,50,9861,2017,0.0,929.0,-0.880647,-0.927383,COM,920190
31724209,50,9861,2018,,,-0.472937,-0.8866280000000001,COM,920190
31724210,50,9861,2019,31958.0,1346.0,0.21475,-0.737725,COM,920190
31724211,50,9861,2020,,,-0.314278,-0.86393,COM,920190
31724212,51,9861,1995,,,0.302241,-0.532841,CPV,920190
31724213,51,9861,1996,,,0.247925,-0.512776,CPV,920190
31724214,51,9861,1997,0.0,4800.0,1.154102,-0.255423,CPV,920190
31724215,51,9861,1998,0.0,1716.0,0.61526,-0.455517,CPV,920190
31724216,51,9861,1999,0.0,2042.0,0.783048,-0.442508,CPV,920190
31724217,51,9861,2000,0.0,15606.0,0.434429,-0.218505,CPV,920190
31724218,51,9861,2001,,,0.063802,-0.456617,CPV,920190
31724219,51,9861,2002,0.0,3884.0,-0.29720100000000005,-0.703051,CPV,920190
31724220,51,9861,2003,,,0.070649,-0.541279,CPV,920190
31724221,51,9861,2004,0.0,2696.0,-0.160185,-0.729291,CPV,920190
31724222,51,9861,2005,0.0,4441.0,0.12126400000000001,-0.44637899999999997,CPV,920190
31724223,51,9861,2006,0.0,14479.0,0.369814,-0.414812,CPV,920190
31724224,51,9861,2007,0.0,10666.0,0.289375,-0.295194,CPV,920190
31724225,51,9861,2008,0.0,8584.0,0.16722,-0.64183,CPV,920190
31724226,51,9861,2009,0.0,6462.0,0.32592600000000005,-0.531697,CPV,920190
31724227,51,9861,2010,0.0,13047.0,0.140658,-0.527468,CPV,920190
31724228,51,9861,2011,0.0,4992.0,0.006139,-0.610237,CPV,920190
31724229,51,9861,2012,,,-0.049047,-0.541215,CPV,920190
31724230,51,9861,2013,,,-0.75058,-0.8948219999999999,CPV,920190
31724231,51,9861,2014,0.0,23841.0,-0.182368,-0.7136359999999999,CPV,920190
31724232,51,9861,2015,0.0,2587.0,-0.263621,-0.772158,CPV,920190
31724233,51,9861,2016,0.0,4625.0,0.264883,-0.580199,CPV,920190
31724234,51,9861,2017,0.0,6058.0,-0.11722300000000001,-0.677707,CPV,920190
31724235,51,9861,2018,0.0,4800.0,-0.319064,-0.8615659999999999,CPV,920190
31724236,51,9861,2019,0.0,3751.0,-0.094961,-0.751246,CPV,920190
31724237,51,9861,2020,0.0,2667.0,-0.235719,-0.746113,CPV,920190
31724238,52,9861,1995,0.0,19078.0,-0.30094699999999996,-0.046285,CRI,920190
31724239,52,9861,1996,2643.0,66171.0,-0.34219499999999997,0.12221900000000001,CRI,920190
31724240,52,9861,1997,2250.0,18367.0,-0.25974200000000003,0.196955,CRI,920190
31724241,52,9861,1998,0.0,9142.0,-0.26046199999999997,-0.059391,CRI,920190
31724242,52,9861,1999,0.0,10938.0,-0.310033,-0.299529,CRI,920190
31724243,52,9861,2000,904.0,20521.0,-0.095295,-0.189881,CRI,920190
31724244,52,9861,2001,7091.0,11124.0,0.069458,-0.042793,CRI,920190
31724245,52,9861,2002,0.0,14505.0,0.03619,-0.187718,CRI,920190
31724246,52,9861,2003,0.0,23328.0,-0.193904,-0.5049680000000001,CRI,920190
31724247,52,9861,2004,0.0,27376.0,-0.043266000000000006,-0.376239,CRI,920190
31724248,52,9861,2005,0.0,66637.0,-0.06424099999999999,-0.370622,CRI,920190
31724249,52,9861,2006,0.0,87517.0,0.042663,-0.376672,CRI,920190
31724250,52,9861,2007,2574.0,60718.0,0.001895,-0.30248600000000003,CRI,920190
31724251,52,9861,2008,0.0,486073.0,0.023962,-0.346029,CRI,920190
31724252,52,9861,2009,1020.0,73723.0,-0.142465,-0.669277,CRI,920190
31724253,52,9861,2010,2015.0,300662.0,-0.122722,-0.7062069999999999,CRI,920190
31724254,52,9861,2011,4112.0,261931.0,0.04325,-0.553193,CRI,920190
31724255,52,9861,2012,1087.0,187479.0,0.176669,-0.649094,CRI,920190
31724256,52,9861,2013,2080.0,52696.0,0.067379,-0.688217,CRI,920190
31724257,52,9861,2014,0.0,258084.0,0.065938,-0.687971,CRI,920190
31724258,52,9861,2015,2165.0,52484.0,0.24859699999999998,-0.033143,CRI,920190
31724259,52,9861,2016,1378.0,86323.0,0.204591,-0.18279600000000001,CRI,920190
31724260,52,9861,2017,1057.0,368890.0,0.288642,-0.056219000000000005,CRI,920190
31724261,52,9861,2018,11343.0,16846.0,0.19386,0.05811,CRI,920190
31724262,52,9861,2019,3434.0,53589.0,0.38045,0.08960900000000001,CRI,920190
31724263,52,9861,2020,5853.0,12794.0,0.303849,-0.114494,CRI,920190
31724264,53,9861,1995,,,,,CSK,920190
31724265,53,9861,1996,,,,,CSK,920190
31724266,53,9861,1997,,,,,CSK,920190
31724267,53,9861,1998,,,,,CSK,920190
31724268,53,9861,1999,,,,,CSK,920190
31724269,53,9861,2000,,,,,CSK,920190
31724270,53,9861,2001,,,,,CSK,920190
31724271,53,9861,2002,,,,,CSK,920190
31724272,53,9861,2003,,,,,CSK,920190
31724273,53,9861,2004,,,,,CSK,920190
31724274,53,9861,2005,,,,,CSK,920190
31724275,53,9861,2006,,,,,CSK,920190
31724276,53,9861,2007,,,,,CSK,920190
31724277,53,9861,2008,,,,,CSK,920190
31724278,53,9861,2009,,,,,CSK,920190
31724279,53,9861,2010,,,,,CSK,920190
31724280,53,9861,2011,,,,,CSK,920190
31724281,53,9861,2012,,,,,CSK,920190
31724282,53,9861,2013,,,,,CSK,920190
31724283,53,9861,2014,,,,,CSK,920190
31724284,53,9861,2015,,,,,CSK,920190
31724285,53,9861,2016,,,,,CSK,920190
31724286,53,9861,2017,,,,,CSK,920190
31724287,53,9861,2018,,,,,CSK,920190
31724288,53,9861,2019,,,,,CSK,920190
31724289,53,9861,2020,,,,,CSK,920190
31724290,54,9861,1995,0.0,2374.0,-0.315644,-0.8812110000000001,CUB,920190
31724291,54,9861,1996,0.0,2170.0,-0.555246,-1.0420479999999999,CUB,920190
31724292,54,9861,1997,,,-0.403192,-1.041751,CUB,920190
31724293,54,9861,1998,,,-0.349393,-0.9927889999999999,CUB,920190
31724294,54,9861,1999,0.0,158174.0,-0.152322,-0.8734270000000001,CUB,920190
31724295,54,9861,2000,2971.0,53468.0,-0.338457,-0.9391370000000001,CUB,920190
31724296,54,9861,2001,21800.0,35216.0,-0.443391,-0.9599030000000001,CUB,920190
31724297,54,9861,2002,0.0,11688.0,-0.479213,-0.951203,CUB,920190
31724298,54,9861,2003,677.0,51676.0,-0.391515,-0.8562120000000001,CUB,920190
31724299,54,9861,2004,0.0,9952.0,-0.040541,-0.634675,CUB,920190
31724300,54,9861,2005,0.0,29171.0,0.00695,-0.611843,CUB,920190
31724301,54,9861,2006,1413.0,4473.0,0.204039,-0.5183260000000001,CUB,920190
31724302,54,9861,2007,0.0,144506.0,-0.308053,-0.8740610000000001,CUB,920190
31724303,54,9861,2008,0.0,144626.0,-0.23158299999999998,-0.892943,CUB,920190
31724304,54,9861,2009,0.0,13655.0,0.188114,-0.819958,CUB,920190
31724305,54,9861,2010,0.0,11632.0,-0.085462,-0.885019,CUB,920190
31724306,54,9861,2011,0.0,58074.0,-0.050093,-0.88759,CUB,920190
31724307,54,9861,2012,0.0,19956.0,0.129383,-0.7444609999999999,CUB,920190
31724308,54,9861,2013,0.0,7757.0,-0.019956,-0.7873319999999999,CUB,920190
31724309,54,9861,2014,0.0,176638.0,-0.476786,-0.952291,CUB,920190
31724310,54,9861,2015,3518.0,11775.0,-0.694839,-1.093439,CUB,920190
31724311,54,9861,2016,0.0,2158.0,-0.602309,-1.0781120000000002,CUB,920190
31724312,54,9861,2017,0.0,171496.0,-0.77404,-1.121084,CUB,920190
31724313,54,9861,2018,0.0,37978.0,-0.8835629999999999,-1.15678,CUB,920190
31724314,54,9861,2019,4016.0,161312.0,-0.880892,-1.141591,CUB,920190
31724315,54,9861,2020,0.0,10206.0,-1.171456,-1.224365,CUB,920190
31724316,55,9861,1995,,,,,CUW,920190
31724317,55,9861,1996,,,,,CUW,920190
31724318,55,9861,1997,,,,,CUW,920190
31724319,55,9861,1998,,,,,CUW,920190
31724320,55,9861,1999,,,,,CUW,920190
31724321,55,9861,2000,,,,,CUW,920190
31724322,55,9861,2001,,,,,CUW,920190
31724323,55,9861,2002,,,,,CUW,920190
31724324,55,9861,2003,,,,,CUW,920190
31724325,55,9861,2004,,,,,CUW,920190
31724326,55,9861,2005,,,,,CUW,920190
31724327,55,9861,2006,,,,,CUW,920190
31724328,55,9861,2007,,,,,CUW,920190
31724329,55,9861,2008,,,,,CUW,920190
31724330,55,9861,2009,,,,,CUW,920190
31724331,55,9861,2010,,,,,CUW,920190
31724332,55,9861,2011,3705.0,7605.0,-0.052038,-0.69103,CUW,920190
31724333,55,9861,2012,0.0,1088.0,0.233821,-0.6050260000000001,CUW,920190
31724334,55,9861,2013,0.0,7231.0,0.029981999999999998,-0.673439,CUW,920190
31724335,55,9861,2014,0.0,7871.0,-0.00902,-0.683643,CUW,920190
31724336,55,9861,2015,0.0,14500.0,0.296267,-0.6313350000000001,CUW,920190
31724337,55,9861,2016,1586.0,7044.0,0.232855,-0.7864260000000001,CUW,920190
31724338,55,9861,2017,,,0.161139,-0.591701,CUW,920190
31724339,55,9861,2018,,,0.8093,-0.325347,CUW,920190
31724340,55,9861,2019,0.0,2829.0,0.808621,-0.225196,CUW,920190
31724341,55,9861,2020,0.0,4845.0,0.543866,0.190664,CUW,920190
31724342,56,9861,1995,,,0.732028,-0.6130260000000001,CXR,920190
31724343,56,9861,1996,,,0.8724709999999999,-0.499449,CXR,920190
31724344,56,9861,1997,0.0,5523.0,0.5604020000000001,-0.6793130000000001,CXR,920190
31724345,56,9861,1998,,,0.6067859999999999,-0.706703,CXR,920190
31724346,56,9861,1999,,,0.601561,-0.755731,CXR,920190
31724347,56,9861,2000,,,0.666367,-0.7077979999999999,CXR,920190
31724348,56,9861,2001,,,1.0924479999999999,-0.7587689999999999,CXR,920190
31724349,56,9861,2002,,,0.46379,-0.7096319999999999,CXR,920190
31724350,56,9861,2003,,,1.019324,-0.439778,CXR,920190
31724351,56,9861,2004,,,0.590055,-0.721742,CXR,920190
31724352,56,9861,2005,,,1.737368,-0.445572,CXR,920190
31724353,56,9861,2006,,,0.8348770000000001,-0.52778,CXR,920190
31724354,56,9861,2007,,,1.550877,-0.177793,CXR,920190
31724355,56,9861,2008,,,1.184962,-0.607034,CXR,920190
31724356,56,9861,2009,,,0.883293,-0.597838,CXR,920190
31724357,56,9861,2010,0.0,1947.0,1.1423379999999999,-0.560075,CXR,920190
31724358,56,9861,2011,,,1.020805,-0.485573,CXR,920190
31724359,56,9861,2012,,,0.850045,-0.52785,CXR,920190
31724360,56,9861,2013,,,0.972676,-0.5206729999999999,CXR,920190
31724361,56,9861,2014,0.0,3181.0,0.738877,-0.520547,CXR,920190
31724362,56,9861,2015,,,0.33029400000000003,-0.725431,CXR,920190
31724363,56,9861,2016,,,0.810517,-0.598503,CXR,920190
31724364,56,9861,2017,,,0.46829799999999994,-0.442316,CXR,920190
31724365,56,9861,2018,,,0.449025,-0.7264149999999999,CXR,920190
31724366,56,9861,2019,,,1.097952,-0.513787,CXR,920190
31724367,56,9861,2020,,,1.410875,-0.415195,CXR,920190
31724368,57,9861,1995,,,1.277032,0.064205,CYM,920190
31724369,57,9861,1996,0.0,4100.0,0.532622,-0.428501,CYM,920190
31724370,57,9861,1997,0.0,5000.0,0.504191,-0.512525,CYM,920190
31724371,57,9861,1998,,,0.924544,-0.39263899999999996,CYM,920190
31724372,57,9861,1999,0.0,8262.0,0.909416,-0.6302800000000001,CYM,920190
31724373,57,9861,2000,,,0.763021,-0.7265199999999999,CYM,920190
31724374,57,9861,2001,0.0,46805.0,0.611577,-0.6532939999999999,CYM,920190
31724375,57,9861,2002,0.0,32100.0,0.7098220000000001,-0.633359,CYM,920190
31724376,57,9861,2003,0.0,7250.0,0.308768,-0.690944,CYM,920190
31724377,57,9861,2004,0.0,39215.0,0.349925,-0.794084,CYM,920190
31724378,57,9861,2005,0.0,17185.0,0.363006,-0.734404,CYM,920190
31724379,57,9861,2006,0.0,53365.0,0.7708189999999999,-0.648112,CYM,920190
31724380,57,9861,2007,0.0,26979.0,0.532926,-0.54101,CYM,920190
31724381,57,9861,2008,0.0,10295.0,0.862348,-0.708601,CYM,920190
31724382,57,9861,2009,0.0,60580.0,0.805117,-0.684305,CYM,920190
31724383,57,9861,2010,0.0,3879.0,1.2142959999999998,-0.6487430000000001,CYM,920190
31724384,57,9861,2011,0.0,4195.0,0.665662,-0.678581,CYM,920190
31724385,57,9861,2012,0.0,51039.0,1.172677,-0.616959,CYM,920190
31724386,57,9861,2013,,,0.391996,-0.73249,CYM,920190
31724387,57,9861,2014,0.0,2063.0,1.199562,-0.66969,CYM,920190
31724388,57,9861,2015,,,0.275472,-0.831835,CYM,920190
31724389,57,9861,2016,1541.0,10200.0,1.045587,-0.779983,CYM,920190
31724390,57,9861,2017,0.0,24488.0,1.105397,-0.794764,CYM,920190
31724391,57,9861,2018,0.0,48239.0,-0.194933,-0.930874,CYM,920190
31724392,57,9861,2019,0.0,30623.0,0.27157800000000004,-0.901875,CYM,920190
31724393,57,9861,2020,1079.0,1157.0,-0.007386,-0.878251,CYM,920190
31724394,58,9861,1995,0.0,53074.0,0.263764,0.030358999999999997,CYP,920190
31724395,58,9861,1996,0.0,23997.0,0.20007,0.020590999999999998,CYP,920190
31724396,58,9861,1997,1472.0,44898.0,0.451212,0.452754,CYP,920190
31724397,58,9861,1998,4972.0,12749.0,0.45990600000000004,0.41840299999999997,CYP,920190
31724398,58,9861,1999,3011.0,57790.0,0.508464,0.324706,CYP,920190
31724399,58,9861,2000,8129.0,25503.0,0.235843,0.16877,CYP,920190
31724400,58,9861,2001,0.0,21190.0,0.381251,0.257802,CYP,920190
31724401,58,9861,2002,0.0,66629.0,0.381391,0.40265,CYP,920190
31724402,58,9861,2003,0.0,63100.0,0.259992,0.068914,CYP,920190
31724403,58,9861,2004,0.0,16641.0,0.533521,0.615939,CYP,920190
31724404,58,9861,2005,0.0,70706.0,0.573122,0.474224,CYP,920190
31724405,58,9861,2006,0.0,36375.0,0.708267,-0.048096,CYP,920190
31724406,58,9861,2007,0.0,102171.0,0.887351,0.426331,CYP,920190
31724407,58,9861,2008,3508.0,132733.0,1.003211,0.712629,CYP,920190
31724408,58,9861,2009,0.0,136131.0,0.934193,0.657555,CYP,920190
31724409,58,9861,2010,0.0,219113.0,0.8776450000000001,0.568389,CYP,920190
31724410,58,9861,2011,0.0,95769.0,0.798165,0.424179,CYP,920190
31724411,58,9861,2012,0.0,111329.0,0.691646,0.11984600000000001,CYP,920190
31724412,58,9861,2013,2063.0,122513.0,0.502238,0.349608,CYP,920190
31724413,58,9861,2014,0.0,78320.0,0.627467,0.483725,CYP,920190
31724414,58,9861,2015,0.0,82595.0,0.511225,-0.207261,CYP,920190
31724415,58,9861,2016,0.0,142746.0,0.40822800000000004,0.07535,CYP,920190
31724416,58,9861,2017,0.0,112968.0,0.576982,0.279989,CYP,920190
31724417,58,9861,2018,0.0,163236.0,0.45442,-0.113303,CYP,920190
31724418,58,9861,2019,0.0,127838.0,0.657782,0.209481,CYP,920190
31724419,58,9861,2020,0.0,112777.0,0.5354760000000001,-0.069753,CYP,920190
31724420,59,9861,1995,56504.0,65774.0,1.375091,1.628069,CZE,920190
31724421,59,9861,1996,323895.0,4322.0,1.401181,1.3094709999999998,CZE,920190
31724422,59,9861,1997,118145.0,10891.0,1.40651,1.354695,CZE,920190
31724423,59,9861,1998,148829.0,9987.0,1.36345,1.408508,CZE,920190
31724424,59,9861,1999,182260.0,26187.0,1.412439,1.329385,CZE,920190
31724425,59,9861,2000,191513.0,59186.0,1.393001,1.23271,CZE,920190
31724426,59,9861,2001,152306.0,128961.0,1.485703,1.109305,CZE,920190
31724427,59,9861,2002,178896.0,91812.0,1.550713,1.037066,CZE,920190
31724428,59,9861,2003,112341.0,211414.0,1.555749,0.8662059999999999,CZE,920190
31724429,59,9861,2004,34835.0,60443.0,1.562625,0.865244,CZE,920190
31724430,59,9861,2005,88492.0,1517.0,1.56768,0.6784319999999999,CZE,920190
31724431,59,9861,2006,103489.0,15553.0,1.564058,0.6023649999999999,CZE,920190
31724432,59,9861,2007,119912.0,0.0,1.620377,0.379404,CZE,920190
31724433,59,9861,2008,391940.0,6663.0,1.592035,0.27983600000000003,CZE,920190
31724434,59,9861,2009,40233.0,3219.0,1.6323159999999999,0.47257200000000005,CZE,920190
31724435,59,9861,2010,200255.0,40204.0,1.732044,0.333934,CZE,920190
31724436,59,9861,2011,13447.0,157400.0,1.737788,0.14741600000000002,CZE,920190
31724437,59,9861,2012,80686.0,18534.0,1.747369,-0.0932,CZE,920190
31724438,59,9861,2013,380646.0,14879.0,1.819653,-0.12423800000000002,CZE,920190
31724439,59,9861,2014,268239.0,165573.0,1.8105830000000003,0.131131,CZE,920190
31724440,59,9861,2015,604123.0,260332.0,1.743012,0.45424,CZE,920190
31724441,59,9861,2016,454605.0,224707.0,1.823627,0.552354,CZE,920190
31724442,59,9861,2017,386515.0,139829.0,1.7715130000000001,0.359668,CZE,920190
31724443,59,9861,2018,206535.0,228860.0,1.841016,0.220806,CZE,920190
31724444,59,9861,2019,267209.0,54862.0,1.797611,0.406708,CZE,920190
31724445,59,9861,2020,156167.0,37940.0,1.716646,0.602441,CZE,920190
31724446,60,9861,1995,,,,,DDR,920190
31724447,60,9861,1996,,,,,DDR,920190
31724448,60,9861,1997,,,,,DDR,920190
31724449,60,9861,1998,,,,,DDR,920190
31724450,60,9861,1999,,,,,DDR,920190
31724451,60,9861,2000,,,,,DDR,920190
31724452,60,9861,2001,,,,,DDR,920190
31724453,60,9861,2002,,,,,DDR,920190
31724454,60,9861,2003,,,,,DDR,920190
31724455,60,9861,2004,,,,,DDR,920190
31724456,60,9861,2005,,,,,DDR,920190
31724457,60,9861,2006,,,,,DDR,920190
31724458,60,9861,2007,,,,,DDR,920190
31724459,60,9861,2008,,,,,DDR,920190
31724460,60,9861,2009,,,,,DDR,920190
31724461,60,9861,2010,,,,,DDR,920190
31724462,60,9861,2011,,,,,DDR,920190
31724463,60,9861,2012,,,,,DDR,920190
31724464,60,9861,2013,,,,,DDR,920190
31724465,60,9861,2014,,,,,DDR,920190
31724466,60,9861,2015,,,,,DDR,920190
31724467,60,9861,2016,,,,,DDR,920190
31724468,60,9861,2017,,,,,DDR,920190
31724469,60,9861,2018,,,,,DDR,920190
31724470,60,9861,2019,,,,,DDR,920190
31724471,60,9861,2020,,,,,DDR,920190
31724472,61,9861,1995,868908.0,1138584.0,2.325385,-2.2238189999999998,DEU,920190
31724473,61,9861,1996,704604.0,261814.0,2.279976,-2.572299,DEU,920190
31724474,61,9861,1997,1196217.0,495097.0,2.293936,-2.2301919999999997,DEU,920190
31724475,61,9861,1998,998433.0,1041576.0,2.334028,-2.417278,DEU,920190
31724476,61,9861,1999,890016.0,1015942.0,2.334811,-2.060502,DEU,920190
31724477,61,9861,2000,961389.0,1362945.0,2.316177,-2.4478419999999996,DEU,920190
31724478,61,9861,2001,831770.0,1808874.0,2.321375,-2.1110990000000003,DEU,920190
31724479,61,9861,2002,926684.0,2669178.0,2.297691,-2.183239,DEU,920190
31724480,61,9861,2003,968018.0,1190179.0,2.2821919999999998,-2.0985150000000004,DEU,920190
31724481,61,9861,2004,1035372.0,1017280.0,2.266076,-2.011139,DEU,920190
31724482,61,9861,2005,978819.0,950980.0,2.172479,-2.446472,DEU,920190
31724483,61,9861,2006,1230404.0,1071229.0,2.132566,-2.773669,DEU,920190
31724484,61,9861,2007,2379243.0,991351.0,2.114566,-2.934732,DEU,920190
31724485,61,9861,2008,3303869.0,526633.0,2.007167,-3.256961,DEU,920190
31724486,61,9861,2009,2067746.0,439281.0,2.056515,-3.034837,DEU,920190
31724487,61,9861,2010,1133159.0,486095.0,2.035672,-3.383322,DEU,920190
31724488,61,9861,2011,2355492.0,882135.0,2.074435,-3.440815,DEU,920190
31724489,61,9861,2012,1973547.0,434649.0,1.966247,-3.3238410000000003,DEU,920190
31724490,61,9861,2013,2447840.0,1113402.0,2.093658,-3.4281980000000005,DEU,920190
31724491,61,9861,2014,4347691.0,1791619.0,2.052849,-2.888805,DEU,920190
31724492,61,9861,2015,5405425.0,2924893.0,2.203818,-2.307561,DEU,920190
31724493,61,9861,2016,2004642.0,1957581.0,2.203093,-2.24919,DEU,920190
31724494,61,9861,2017,1650456.0,1077473.0,2.1149459999999998,-2.525372,DEU,920190
31724495,61,9861,2018,1860481.0,1239243.0,2.109059,-2.428826,DEU,920190
31724496,61,9861,2019,1522416.0,967158.0,2.078626,-2.124816,DEU,920190
31724497,61,9861,2020,1264818.0,1042540.0,2.027494,-2.3646689999999997,DEU,920190
31724498,62,9861,1995,,,0.7627109999999999,0.696162,DJI,920190
31724499,62,9861,1996,,,-0.20838099999999998,-0.668964,DJI,920190
31724500,62,9861,1997,,,0.398301,-0.170681,DJI,920190
31724501,62,9861,1998,,,0.521307,-0.071371,DJI,920190
31724502,62,9861,1999,,,0.07838200000000001,-0.351435,DJI,920190
31724503,62,9861,2000,,,0.057164,-0.428066,DJI,920190
31724504,62,9861,2001,,,0.143467,0.14288599999999999,DJI,920190
31724505,62,9861,2002,,,0.416677,-0.052552,DJI,920190
31724506,62,9861,2003,,,-0.41648500000000005,-0.5408350000000001,DJI,920190
31724507,62,9861,2004,,,-0.12463699999999998,-0.304559,DJI,920190
31724508,62,9861,2005,,,0.220415,0.045086,DJI,920190
31724509,62,9861,2006,,,-0.251707,-0.436792,DJI,920190
31724510,62,9861,2007,0.0,3141.0,-1.111848,-0.983348,DJI,920190
31724511,62,9861,2008,0.0,2795.0,-1.082951,-0.958676,DJI,920190
31724512,62,9861,2009,0.0,13300.0,0.062037,-0.596527,DJI,920190
31724513,62,9861,2010,0.0,1326.0,-0.37501799999999996,-0.727603,DJI,920190
31724514,62,9861,2011,,,-0.6224529999999999,-0.7357739999999999,DJI,920190
31724515,62,9861,2012,0.0,14642.0,-0.31072,-0.7274470000000001,DJI,920190
31724516,62,9861,2013,,,-0.412843,-0.695916,DJI,920190
31724517,62,9861,2014,0.0,1225.0,-0.394602,-0.74178,DJI,920190
31724518,62,9861,2015,0.0,2056.0,-0.538942,-0.832522,DJI,920190
31724519,62,9861,2016,,,-0.032607,-0.549622,DJI,920190
31724520,62,9861,2017,,,-0.4897,-0.7249180000000001,DJI,920190
31724521,62,9861,2018,,,-0.11008599999999999,-0.603731,DJI,920190
31724522,62,9861,2019,,,-0.602334,-0.794205,DJI,920190
31724523,62,9861,2020,,,-0.493576,-0.808321,DJI,920190
31724524,63,9861,1995,0.0,3758.0,0.803902,0.307064,DMA,920190
31724525,63,9861,1996,0.0,4364.0,0.44934399999999997,-0.023771,DMA,920190
31724526,63,9861,1997,0.0,2000.0,0.795112,0.438787,DMA,920190
31724527,63,9861,1998,,,0.822664,0.166578,DMA,920190
31724528,63,9861,1999,,,0.808025,0.321415,DMA,920190
31724529,63,9861,2000,0.0,1855.0,0.780976,0.31806799999999996,DMA,920190
31724530,63,9861,2001,0.0,25325.0,0.613251,0.226998,DMA,920190
31724531,63,9861,2002,0.0,3608.0,0.196298,-0.129221,DMA,920190
31724532,63,9861,2003,0.0,1511.0,0.11903299999999999,-0.21768200000000001,DMA,920190
31724533,63,9861,2004,0.0,770.0,0.322803,-0.000479,DMA,920190
31724534,63,9861,2005,0.0,5273.0,0.146509,-0.072638,DMA,920190
31724535,63,9861,2006,0.0,36237.0,0.10759400000000001,-0.159215,DMA,920190
31724536,63,9861,2007,,,0.522624,0.077377,DMA,920190
31724537,63,9861,2008,0.0,2408.0,0.424179,0.04355,DMA,920190
31724538,63,9861,2009,0.0,5011.0,0.348966,-0.09711399999999999,DMA,920190
31724539,63,9861,2010,1495.0,5265.0,0.35578699999999996,0.13029200000000002,DMA,920190
31724540,63,9861,2011,,,-0.25559699999999996,-0.5345300000000001,DMA,920190
31724541,63,9861,2012,0.0,7551.0,0.372616,0.163026,DMA,920190
31724542,63,9861,2013,0.0,4200.0,0.054362,-0.156703,DMA,920190
31724543,63,9861,2014,,,0.294596,-0.310069,DMA,920190
31724544,63,9861,2015,,,0.0735,-0.44923599999999997,DMA,920190
31724545,63,9861,2016,,,0.162751,-0.307303,DMA,920190
31724546,63,9861,2017,,,0.283171,-0.22632800000000003,DMA,920190
31724547,63,9861,2018,,,0.381788,0.039853,DMA,920190
31724548,63,9861,2019,,,0.131177,-0.313508,DMA,920190
31724549,63,9861,2020,,,0.583288,0.012664,DMA,920190
31724550,64,9861,1995,25455.0,86038.0,1.3800270000000001,1.489036,DNK,920190
31724551,64,9861,1996,37869.0,59293.0,1.443514,1.275684,DNK,920190
31724552,64,9861,1997,36585.0,140248.0,1.358279,1.420107,DNK,920190
31724553,64,9861,1998,29085.0,154855.0,1.225999,1.470145,DNK,920190
31724554,64,9861,1999,28178.0,60940.0,1.264405,1.469627,DNK,920190
31724555,64,9861,2000,53573.0,153132.0,1.230078,1.429499,DNK,920190
31724556,64,9861,2001,43817.0,73075.0,1.261883,1.351875,DNK,920190
31724557,64,9861,2002,30301.0,31311.0,1.26594,1.225186,DNK,920190
31724558,64,9861,2003,78385.0,85502.0,1.309564,1.245596,DNK,920190
31724559,64,9861,2004,44672.0,190163.0,1.328968,1.262743,DNK,920190
31724560,64,9861,2005,36838.0,347491.0,1.210286,1.217256,DNK,920190
31724561,64,9861,2006,23125.0,295833.0,1.2308700000000001,1.180914,DNK,920190
31724562,64,9861,2007,109452.0,118406.0,1.204019,1.122666,DNK,920190
31724563,64,9861,2008,81178.0,159699.0,1.165294,1.1112440000000001,DNK,920190
31724564,64,9861,2009,58911.0,79915.0,1.242327,1.064709,DNK,920190
31724565,64,9861,2010,8818.0,87896.0,1.082468,1.280759,DNK,920190
31724566,64,9861,2011,21646.0,44927.0,1.156026,1.2248299999999999,DNK,920190
31724567,64,9861,2012,660321.0,222104.0,1.105061,1.245377,DNK,920190
31724568,64,9861,2013,28982.0,69110.0,1.161835,1.1788450000000001,DNK,920190
31724569,64,9861,2014,52333.0,127236.0,1.10869,1.245193,DNK,920190
31724570,64,9861,2015,57202.0,65772.0,1.157924,1.2045629999999998,DNK,920190
31724571,64,9861,2016,36875.0,85638.0,1.117864,1.302658,DNK,920190
31724572,64,9861,2017,162684.0,73115.0,1.159753,1.233914,DNK,920190
31724573,64,9861,2018,207055.0,18926.0,1.0945040000000001,1.3311540000000002,DNK,920190
31724574,64,9861,2019,86010.0,69716.0,1.0768280000000001,1.2615610000000002,DNK,920190
31724575,64,9861,2020,73997.0,87751.0,1.093217,1.2166549999999998,DNK,920190
31724576,65,9861,1995,0.0,29180.0,-0.635482,-0.746526,DOM,920190
31724577,65,9861,1996,1622.0,2770.0,-0.596093,-0.5602060000000001,DOM,920190
31724578,65,9861,1997,,,-0.6062850000000001,-0.648523,DOM,920190
31724579,65,9861,1998,,,-0.772271,-0.765258,DOM,920190
31724580,65,9861,1999,0.0,3349.0,-0.60436,-0.674701,DOM,920190
31724581,65,9861,2000,0.0,28013.0,-0.544322,-0.651937,DOM,920190
31724582,65,9861,2001,0.0,43819.0,-0.538419,-0.48773900000000003,DOM,920190
31724583,65,9861,2002,0.0,60779.0,-0.46284899999999995,-0.39210100000000003,DOM,920190
31724584,65,9861,2003,999.0,22345.0,-0.46264399999999994,-0.245034,DOM,920190
31724585,65,9861,2004,0.0,48442.0,-0.510025,-0.328257,DOM,920190
31724586,65,9861,2005,2026.0,41365.0,-0.370894,-0.140178,DOM,920190
31724587,65,9861,2006,2989.0,136410.0,-0.24073699999999998,0.049093,DOM,920190
31724588,65,9861,2007,0.0,281306.0,-0.228756,0.004222,DOM,920190
31724589,65,9861,2008,0.0,215991.0,-0.167958,0.241283,DOM,920190
31724590,65,9861,2009,0.0,94446.0,-0.317894,0.198926,DOM,920190
31724591,65,9861,2010,0.0,211347.0,-0.245241,0.368626,DOM,920190
31724592,65,9861,2011,1058.0,416670.0,-0.260653,0.5682010000000001,DOM,920190
31724593,65,9861,2012,57568.0,289868.0,-0.193432,0.590896,DOM,920190
31724594,65,9861,2013,10164.0,301468.0,-0.277269,0.432388,DOM,920190
31724595,65,9861,2014,2636.0,355549.0,-0.180845,0.508512,DOM,920190
31724596,65,9861,2015,5426.0,541289.0,-0.212808,0.395873,DOM,920190
31724597,65,9861,2016,40712.0,449160.0,-0.237382,0.295389,DOM,920190
31724598,65,9861,2017,71613.0,388974.0,-0.168016,0.30840100000000004,DOM,920190
31724599,65,9861,2018,56366.0,276781.0,-0.084258,0.474872,DOM,920190
31724600,65,9861,2019,7024.0,1003649.0,-0.20594,0.309785,DOM,920190
31724601,65,9861,2020,17522.0,349354.0,0.06500299999999999,0.2812,DOM,920190
31724602,66,9861,1995,0.0,2342.0,-0.555409,-1.037972,DZA,920190
31724603,66,9861,1996,0.0,15555.0,-0.33419699999999997,-1.035736,DZA,920190
31724604,66,9861,1997,0.0,1840.0,-0.717599,-1.126311,DZA,920190
31724605,66,9861,1998,0.0,3491.0,-0.726061,-1.161031,DZA,920190
31724606,66,9861,1999,0.0,228175.0,-0.701764,-1.175132,DZA,920190
31724607,66,9861,2000,0.0,5946.0,-0.9169209999999999,-1.170192,DZA,920190
31724608,66,9861,2001,0.0,7808.0,-0.663363,-1.158295,DZA,920190
31724609,66,9861,2002,0.0,2775.0,-0.912033,-1.1731850000000001,DZA,920190
31724610,66,9861,2003,0.0,14028.0,-1.060727,-1.142594,DZA,920190
31724611,66,9861,2004,0.0,65323.0,-0.725066,-1.163606,DZA,920190
31724612,66,9861,2005,0.0,9262.0,-0.363675,-1.117724,DZA,920190
31724613,66,9861,2006,0.0,6433.0,-0.489962,-1.12456,DZA,920190
31724614,66,9861,2007,0.0,37910.0,-0.9822690000000001,-1.170282,DZA,920190
31724615,66,9861,2008,0.0,20271.0,-0.556434,-1.079109,DZA,920190
31724616,66,9861,2009,0.0,117957.0,-1.161786,-1.188669,DZA,920190
31724617,66,9861,2010,0.0,34864.0,-1.00922,-1.1511040000000001,DZA,920190
31724618,66,9861,2011,0.0,72742.0,-1.36763,-1.140594,DZA,920190
31724619,66,9861,2012,0.0,41633.0,-1.349046,-1.1601860000000002,DZA,920190
31724620,66,9861,2013,0.0,42795.0,-1.373947,-1.1523459999999999,DZA,920190
31724621,66,9861,2014,0.0,36778.0,-1.5554649999999999,-1.1657030000000002,DZA,920190
31724622,66,9861,2015,0.0,138697.0,-1.54346,-1.255633,DZA,920190
31724623,66,9861,2016,0.0,32266.0,-1.0202930000000001,-1.236642,DZA,920190
31724624,66,9861,2017,0.0,45164.0,-0.9905579999999999,-1.1996200000000001,DZA,920190
31724625,66,9861,2018,0.0,70956.0,-1.281519,-1.22291,DZA,920190
31724626,66,9861,2019,0.0,48864.0,-1.008866,-1.215228,DZA,920190
31724627,66,9861,2020,0.0,129724.0,-1.015133,-1.243726,DZA,920190
31724628,67,9861,1995,0.0,108520.0,-0.948154,-0.9595790000000001,ECU,920190
31724629,67,9861,1996,0.0,23445.0,-1.1391200000000001,-0.992735,ECU,920190
31724630,67,9861,1997,0.0,21913.0,-1.1931690000000001,-1.0139690000000001,ECU,920190
31724631,67,9861,1998,0.0,22969.0,-0.990915,-0.9670860000000001,ECU,920190
31724632,67,9861,1999,0.0,8728.0,-0.8875299999999999,-0.9117879999999999,ECU,920190
31724633,67,9861,2000,0.0,10663.0,-0.883928,-0.884951,ECU,920190
31724634,67,9861,2001,0.0,30146.0,-0.852642,-0.896374,ECU,920190
31724635,67,9861,2002,0.0,83830.0,-0.976218,-0.926393,ECU,920190
31724636,67,9861,2003,5379.0,42238.0,-0.8689370000000001,-0.889767,ECU,920190
31724637,67,9861,2004,0.0,2941.0,-1.149101,-1.013619,ECU,920190
31724638,67,9861,2005,0.0,10661.0,-1.029033,-1.014289,ECU,920190
31724639,67,9861,2006,67043.0,70675.0,-0.878583,-0.9462010000000001,ECU,920190
31724640,67,9861,2007,0.0,77983.0,-0.820491,-0.8557879999999999,ECU,920190
31724641,67,9861,2008,0.0,136292.0,-0.859434,-0.972389,ECU,920190
31724642,67,9861,2009,0.0,63406.0,-0.92724,-0.965628,ECU,920190
31724643,67,9861,2010,0.0,121495.0,-0.584013,-0.743675,ECU,920190
31724644,67,9861,2011,0.0,291466.0,-0.8250639999999999,-0.839082,ECU,920190
31724645,67,9861,2012,0.0,87978.0,-0.627614,-0.764234,ECU,920190
31724646,67,9861,2013,0.0,462505.0,-0.86546,-0.8888389999999999,ECU,920190
31724647,67,9861,2014,0.0,434943.0,-1.066865,-1.052921,ECU,920190
31724648,67,9861,2015,0.0,390033.0,-0.9845959999999999,-1.075639,ECU,920190
31724649,67,9861,2016,1956.0,209181.0,-1.0860049999999999,-1.049065,ECU,920190
31724650,67,9861,2017,0.0,192453.0,-0.9995850000000001,-1.086367,ECU,920190
31724651,67,9861,2018,0.0,146429.0,-0.873973,-1.032841,ECU,920190
31724652,67,9861,2019,0.0,23883.0,-1.12261,-1.094275,ECU,920190
31724653,67,9861,2020,0.0,27148.0,-1.074185,-1.084344,ECU,920190
31724654,68,9861,1995,2660.0,240250.0,-0.340042,-0.085601,EGY,920190
31724655,68,9861,1996,5359.0,226112.0,-0.5446409999999999,-0.229586,EGY,920190
31724656,68,9861,1997,2595.0,174393.0,-0.314425,0.156345,EGY,920190
31724657,68,9861,1998,5005.0,214270.0,-0.462755,0.079802,EGY,920190
31724658,68,9861,1999,0.0,161191.0,-0.311879,0.300746,EGY,920190
31724659,68,9861,2000,0.0,32548.0,-0.41125900000000004,0.099833,EGY,920190
31724660,68,9861,2001,0.0,133244.0,-0.373576,0.366385,EGY,920190
31724661,68,9861,2002,0.0,85564.0,-0.377127,0.549439,EGY,920190
31724662,68,9861,2003,0.0,31811.0,-0.292923,0.465433,EGY,920190
31724663,68,9861,2004,0.0,46579.0,-0.300563,0.41834899999999997,EGY,920190
31724664,68,9861,2005,14570.0,7766.0,-0.247748,0.492885,EGY,920190
31724665,68,9861,2006,888.0,69674.0,-0.182272,0.40222399999999997,EGY,920190
31724666,68,9861,2007,14455.0,47128.0,-0.144054,0.663592,EGY,920190
31724667,68,9861,2008,13991.0,192737.0,-0.098316,1.134642,EGY,920190
31724668,68,9861,2009,5095.0,281187.0,-0.20940300000000003,1.6466290000000001,EGY,920190
31724669,68,9861,2010,12223.0,270368.0,-0.181826,1.409465,EGY,920190
31724670,68,9861,2011,680.0,170814.0,-0.166243,1.384719,EGY,920190
31724671,68,9861,2012,4640.0,213968.0,-0.143732,1.316722,EGY,920190
31724672,68,9861,2013,35095.0,80760.0,-0.17418,1.692641,EGY,920190
31724673,68,9861,2014,1505.0,158330.0,-0.086866,1.7419669999999998,EGY,920190
31724674,68,9861,2015,2334.0,75466.0,-0.183053,1.765036,EGY,920190
31724675,68,9861,2016,1402.0,113843.0,-0.142377,1.674348,EGY,920190
31724676,68,9861,2017,6032.0,119950.0,-0.073436,1.829121,EGY,920190
31724677,68,9861,2018,4818.0,64176.0,-0.096635,1.585658,EGY,920190
31724678,68,9861,2019,2960.0,150013.0,-0.152353,1.5426309999999999,EGY,920190
31724679,68,9861,2020,4339.0,221120.0,-0.186095,1.6414330000000001,EGY,920190
31724680,69,9861,1995,,,0.567988,-0.30390500000000004,ERI,920190
31724681,69,9861,1996,,,-0.31049499999999997,-0.656459,ERI,920190
31724682,69,9861,1997,,,-0.914603,-0.9081629999999999,ERI,920190
31724683,69,9861,1998,,,0.05984400000000001,-0.508051,ERI,920190
31724684,69,9861,1999,,,0.160222,-0.528174,ERI,920190
31724685,69,9861,2000,,,-0.135268,-0.6384569999999999,ERI,920190
31724686,69,9861,2001,,,0.617376,-0.33233,ERI,920190
31724687,69,9861,2002,,,0.831973,-0.050712,ERI,920190
31724688,69,9861,2003,0.0,4375.0,-0.105591,-0.247614,ERI,920190
31724689,69,9861,2004,,,0.48701400000000006,-0.094026,ERI,920190
31724690,69,9861,2005,,,-0.240044,-0.46946000000000004,ERI,920190
31724691,69,9861,2006,,,0.216725,-0.337624,ERI,920190
31724692,69,9861,2007,,,-0.905408,-0.908877,ERI,920190
31724693,69,9861,2008,,,0.129938,-0.429551,ERI,920190
31724694,69,9861,2009,,,0.081675,-0.37700100000000003,ERI,920190
31724695,69,9861,2010,,,-0.288006,-0.614999,ERI,920190
31724696,69,9861,2011,,,0.073024,-0.8032229999999999,ERI,920190
31724697,69,9861,2012,,,-0.349941,-0.9931450000000001,ERI,920190
31724698,69,9861,2013,,,-1.227273,-0.9367340000000001,ERI,920190
31724699,69,9861,2014,,,-2.345215,-1.051413,ERI,920190
31724700,69,9861,2015,,,-1.7745669999999998,-1.013696,ERI,920190
31724701,69,9861,2016,,,-1.479782,-1.060063,ERI,920190
31724702,69,9861,2017,,,-1.4706139999999999,-1.024845,ERI,920190
31724703,69,9861,2018,,,-1.601517,-1.062162,ERI,920190
31724704,69,9861,2019,,,-1.7266080000000001,-1.0303360000000001,ERI,920190
31724705,69,9861,2020,,,-1.1688129999999999,-0.9633879999999999,ERI,920190
31724706,70,9861,1995,,,0.954333,-0.674121,ESH,920190
31724707,70,9861,1996,,,-1.342924,-0.696376,ESH,920190
31724708,70,9861,1997,,,1.0709799999999998,-0.671918,ESH,920190
31724709,70,9861,1998,,,-0.07774,-0.78017,ESH,920190
31724710,70,9861,1999,,,0.353541,-0.794955,ESH,920190
31724711,70,9861,2000,,,0.926739,-0.533051,ESH,920190
31724712,70,9861,2001,,,-0.49938699999999997,-0.8695809999999999,ESH,920190
31724713,70,9861,2002,,,0.911192,-0.830407,ESH,920190
31724714,70,9861,2003,,,1.2379639999999998,-0.469434,ESH,920190
31724715,70,9861,2004,,,0.771845,-0.777994,ESH,920190
31724716,70,9861,2005,,,1.559212,-0.563942,ESH,920190
31724717,70,9861,2006,,,1.380741,-0.657053,ESH,920190
31724718,70,9861,2007,,,1.540701,-0.416705,ESH,920190
31724719,70,9861,2008,,,0.7177640000000001,-0.689189,ESH,920190
31724720,70,9861,2009,,,1.277881,-0.752965,ESH,920190
31724721,70,9861,2010,,,2.0637689999999997,-0.760273,ESH,920190
31724722,70,9861,2011,,,2.337415,-0.327113,ESH,920190
31724723,70,9861,2012,,,2.172618,-0.077311,ESH,920190
31724724,70,9861,2013,,,1.672666,-0.47427700000000006,ESH,920190
31724725,70,9861,2014,,,0.8348690000000001,-0.6148140000000001,ESH,920190
31724726,70,9861,2015,,,0.8270209999999999,-0.590016,ESH,920190
31724727,70,9861,2016,,,0.771312,-0.799657,ESH,920190
31724728,70,9861,2017,,,0.908792,-0.538131,ESH,920190
31724729,70,9861,2018,,,1.599518,-0.5597880000000001,ESH,920190
31724730,70,9861,2019,,,1.48852,-0.669028,ESH,920190
31724731,70,9861,2020,,,2.1028029999999998,-0.647638,ESH,920190
31724732,71,9861,1995,32146.0,167052.0,1.144247,1.933844,ESP,920190
31724733,71,9861,1996,30175.0,209971.0,1.105317,1.9473,ESP,920190
31724734,71,9861,1997,9690.0,165151.0,1.082049,2.0238650000000002,ESP,920190
31724735,71,9861,1998,10632.0,208127.0,1.051392,1.983438,ESP,920190
31724736,71,9861,1999,137657.0,76786.0,1.0849209999999998,1.9351180000000001,ESP,920190
31724737,71,9861,2000,33590.0,65431.0,1.098989,1.911029,ESP,920190
31724738,71,9861,2001,28317.0,81767.0,1.079664,1.9842220000000002,ESP,920190
31724739,71,9861,2002,151282.0,255580.0,1.012246,2.049594,ESP,920190
31724740,71,9861,2003,44739.0,310001.0,0.960684,2.074792,ESP,920190
31724741,71,9861,2004,65048.0,166712.0,0.9784649999999999,2.051216,ESP,920190
31724742,71,9861,2005,45650.0,366122.0,0.9318489999999999,1.999698,ESP,920190
31724743,71,9861,2006,32454.0,374147.0,0.9091370000000001,2.068166,ESP,920190
31724744,71,9861,2007,26880.0,322243.0,0.914681,2.027797,ESP,920190
31724745,71,9861,2008,180792.0,314845.0,0.8755649999999999,2.122164,ESP,920190
31724746,71,9861,2009,80921.0,180750.0,0.9021020000000001,2.170578,ESP,920190
31724747,71,9861,2010,146732.0,265620.0,0.832619,2.448009,ESP,920190
31724748,71,9861,2011,445804.0,2444532.0,0.8677290000000001,2.4618450000000003,ESP,920190
31724749,71,9861,2012,845609.0,1654141.0,0.8528309999999999,2.462809,ESP,920190
31724750,71,9861,2013,779811.0,525626.0,0.861698,2.353993,ESP,920190
31724751,71,9861,2014,371553.0,281119.0,0.842147,2.45692,ESP,920190
31724752,71,9861,2015,966471.0,787702.0,0.8173590000000001,2.442556,ESP,920190
31724753,71,9861,2016,583982.0,670230.0,0.765428,2.57725,ESP,920190
31724754,71,9861,2017,435430.0,601011.0,0.734342,2.8180099999999997,ESP,920190
31724755,71,9861,2018,1098380.0,951331.0,0.744825,2.919005,ESP,920190
31724756,71,9861,2019,1631139.0,555633.0,0.678454,3.007838,ESP,920190
31724757,71,9861,2020,247805.0,462117.0,0.736657,2.731661,ESP,920190
31724758,72,9861,1995,35926.0,3444.0,0.530041,1.134288,EST,920190
31724759,72,9861,1996,62936.0,45960.0,0.53397,1.0877940000000001,EST,920190
31724760,72,9861,1997,62232.0,47188.0,0.460823,0.9126700000000001,EST,920190
31724761,72,9861,1998,58318.0,14242.0,0.53408,1.07691,EST,920190
31724762,72,9861,1999,3422.0,29748.0,0.502979,0.8847440000000001,EST,920190
31724763,72,9861,2000,2280.0,12175.0,0.358559,0.583236,EST,920190
31724764,72,9861,2001,1677.0,0.0,0.5746829999999999,0.9073899999999999,EST,920190
31724765,72,9861,2002,6708.0,3018.0,0.54511,0.9135979999999999,EST,920190
31724766,72,9861,2003,40879.0,2228.0,0.5913010000000001,0.8489979999999999,EST,920190
31724767,72,9861,2004,0.0,7323.0,0.6101840000000001,0.9520370000000001,EST,920190
31724768,72,9861,2005,121828.0,0.0,0.6351600000000001,1.039403,EST,920190
31724769,72,9861,2006,0.0,9151.0,0.6426350000000001,0.925003,EST,920190
31724770,72,9861,2007,0.0,3779.0,0.746434,1.306397,EST,920190
31724771,72,9861,2008,26785.0,0.0,0.749696,1.5173940000000001,EST,920190
31724772,72,9861,2009,0.0,2236.0,0.749058,1.269572,EST,920190
31724773,72,9861,2010,9122.0,0.0,0.832316,1.1844649999999999,EST,920190
31724774,72,9861,2011,19954.0,20774.0,0.9806790000000001,1.110449,EST,920190
31724775,72,9861,2012,0.0,2384.0,0.8594450000000001,1.299628,EST,920190
31724776,72,9861,2013,0.0,2895.0,0.8828940000000001,1.386574,EST,920190
31724777,72,9861,2014,25727.0,1518.0,0.9147780000000001,1.151556,EST,920190
31724778,72,9861,2015,,,0.9281149999999999,1.1780389999999998,EST,920190
31724779,72,9861,2016,5307.0,4844.0,1.000418,1.154152,EST,920190
31724780,72,9861,2017,,,1.010985,1.289633,EST,920190
31724781,72,9861,2018,0.0,1654.0,0.979986,1.2365899999999999,EST,920190
31724782,72,9861,2019,1837.0,3540.0,0.962284,1.346195,EST,920190
31724783,72,9861,2020,,,1.012385,1.305015,EST,920190
31724784,73,9861,1995,0.0,18119.0,-1.3387120000000001,-1.123621,ETH,920190
31724785,73,9861,1996,,,-1.265383,-1.131925,ETH,920190
31724786,73,9861,1997,0.0,1147.0,-1.239473,-1.159345,ETH,920190
31724787,73,9861,1998,0.0,22660.0,-1.279819,-1.158182,ETH,920190
31724788,73,9861,1999,0.0,1640.0,-1.18759,-1.111391,ETH,920190
31724789,73,9861,2000,0.0,1405.0,-1.190677,-1.063662,ETH,920190
31724790,73,9861,2001,0.0,7543.0,-0.999149,-0.904072,ETH,920190
31724791,73,9861,2002,0.0,2812.0,-1.096371,-0.9566709999999999,ETH,920190
31724792,73,9861,2003,0.0,4175.0,-1.1145559999999999,-0.9599620000000001,ETH,920190
31724793,73,9861,2004,0.0,6122.0,-1.156284,-0.900874,ETH,920190
31724794,73,9861,2005,0.0,10152.0,-1.287495,-1.0195940000000001,ETH,920190
31724795,73,9861,2006,0.0,30085.0,-0.9557180000000001,-0.9153479999999999,ETH,920190
31724796,73,9861,2007,6667.0,21504.0,-1.115917,-0.821652,ETH,920190
31724797,73,9861,2008,6098.0,3335.0,-1.0084629999999999,-0.83993,ETH,920190
31724798,73,9861,2009,20975.0,36639.0,-0.967483,-0.8219,ETH,920190
31724799,73,9861,2010,17468.0,19650.0,-1.122906,-0.840777,ETH,920190
31724800,73,9861,2011,4621.0,13130.0,-1.258175,-0.920692,ETH,920190
31724801,73,9861,2012,11964.0,40892.0,-1.134031,-0.991977,ETH,920190
31724802,73,9861,2013,8009.0,113757.0,-1.264002,-0.9594219999999999,ETH,920190
31724803,73,9861,2014,7772.0,132141.0,-1.296535,-1.045942,ETH,920190
31724804,73,9861,2015,7957.0,19334.0,-1.004896,-0.721019,ETH,920190
31724805,73,9861,2016,5538.0,244573.0,-1.006161,-0.756472,ETH,920190
31724806,73,9861,2017,23937.0,516878.0,-1.007413,-0.638231,ETH,920190
31724807,73,9861,2018,3536.0,25000.0,-0.874857,-0.464958,ETH,920190
31724808,73,9861,2019,2902.0,36675.0,-1.073631,-0.617885,ETH,920190
31724809,73,9861,2020,6780.0,7155.0,-0.952033,-0.707262,ETH,920190
31724810,74,9861,1995,44966.0,13989.0,2.0085740000000003,1.126816,FIN,920190
31724811,74,9861,1996,1264.0,17944.0,2.0584729999999998,1.006908,FIN,920190
31724812,74,9861,1997,28180.0,13363.0,1.9298959999999998,1.083861,FIN,920190
31724813,74,9861,1998,1693.0,78712.0,2.003987,0.995725,FIN,920190
31724814,74,9861,1999,0.0,17243.0,2.095642,0.966282,FIN,920190
31724815,74,9861,2000,35964.0,3238.0,2.0621419999999997,0.9090360000000001,FIN,920190
31724816,74,9861,2001,0.0,19397.0,2.069141,0.9375180000000001,FIN,920190
31724817,74,9861,2002,16994.0,17541.0,2.0234240000000003,0.979141,FIN,920190
31724818,74,9861,2003,23872.0,24847.0,2.077889,0.942501,FIN,920190
31724819,74,9861,2004,43880.0,46363.0,2.000218,0.9867309999999999,FIN,920190
31724820,74,9861,2005,1797.0,196843.0,1.8661240000000001,0.932386,FIN,920190
31724821,74,9861,2006,18536.0,48146.0,1.864038,0.8193940000000001,FIN,920190
31724822,74,9861,2007,1248.0,50472.0,1.865502,0.7737729999999999,FIN,920190
31724823,74,9861,2008,0.0,493682.0,1.767859,0.846409,FIN,920190
31724824,74,9861,2009,21972.0,77690.0,1.8206849999999999,0.797421,FIN,920190
31724825,74,9861,2010,0.0,67195.0,1.745464,0.897992,FIN,920190
31724826,74,9861,2011,1502.0,15010.0,1.7488830000000002,0.890934,FIN,920190
31724827,74,9861,2012,11686.0,479475.0,1.58219,0.939001,FIN,920190
31724828,74,9861,2013,49089.0,14981.0,1.734552,0.8896940000000001,FIN,920190
31724829,74,9861,2014,1068.0,74287.0,1.626355,1.002923,FIN,920190
31724830,74,9861,2015,14588.0,36994.0,1.597817,0.998059,FIN,920190
31724831,74,9861,2016,0.0,3633.0,1.581968,1.006432,FIN,920190
31724832,74,9861,2017,9901.0,3430.0,1.655957,0.962485,FIN,920190
31724833,74,9861,2018,3486.0,6562.0,1.61151,0.9474549999999999,FIN,920190
31724834,74,9861,2019,19498.0,17123.0,1.495278,1.034435,FIN,920190
31724835,74,9861,2020,27128.0,2669.0,1.498089,1.066223,FIN,920190
31724836,75,9861,1995,,,-0.998257,-0.9565629999999999,FJI,920190
31724837,75,9861,1996,,,-0.7977,-0.9271879999999999,FJI,920190
31724838,75,9861,1997,,,-0.9404020000000001,-0.8833989999999999,FJI,920190
31724839,75,9861,1998,,,-1.069747,-0.965333,FJI,920190
31724840,75,9861,1999,,,-1.101748,-0.847409,FJI,920190
31724841,75,9861,2000,0.0,1429.0,-0.804605,-0.21037899999999998,FJI,920190
31724842,75,9861,2001,,,-0.954702,-0.602761,FJI,920190
31724843,75,9861,2002,4045.0,1809.0,-0.588136,-0.242883,FJI,920190
31724844,75,9861,2003,0.0,845.0,-0.6865640000000001,-0.326977,FJI,920190
31724845,75,9861,2004,0.0,1306.0,-0.8870969999999999,-0.287427,FJI,920190
31724846,75,9861,2005,0.0,5843.0,-0.649999,-0.189992,FJI,920190
31724847,75,9861,2006,0.0,5739.0,-0.6554949999999999,-0.098284,FJI,920190
31724848,75,9861,2007,0.0,15343.0,-0.506992,0.033250999999999996,FJI,920190
31724849,75,9861,2008,1991.0,7071.0,-0.756592,-0.27005,FJI,920190
31724850,75,9861,2009,0.0,24396.0,-0.785772,-0.305228,FJI,920190
31724851,75,9861,2010,934.0,20117.0,-0.603112,-0.29135500000000003,FJI,920190
31724852,75,9861,2011,0.0,93219.0,-0.434356,-0.010863,FJI,920190
31724853,75,9861,2012,0.0,16675.0,-0.315227,0.118598,FJI,920190
31724854,75,9861,2013,1658.0,42172.0,-0.5203369999999999,-0.122405,FJI,920190
31724855,75,9861,2014,0.0,81446.0,-0.306346,-0.07688500000000001,FJI,920190
31724856,75,9861,2015,0.0,25447.0,-0.481968,-0.201468,FJI,920190
31724857,75,9861,2016,0.0,25373.0,-0.27171999999999996,0.172933,FJI,920190
31724858,75,9861,2017,0.0,25744.0,-0.278276,-0.033997,FJI,920190
31724859,75,9861,2018,1516.0,12562.0,-0.269185,0.006362,FJI,920190
31724860,75,9861,2019,0.0,13327.0,-0.274278,-0.049333,FJI,920190
31724861,75,9861,2020,0.0,12565.0,-0.184167,-0.081888,FJI,920190
31724862,76,9861,1995,0.0,1371.0,1.0650549999999999,-0.45996800000000004,FLK,920190
31724863,76,9861,1996,,,0.7798039999999999,-0.524821,FLK,920190
31724864,76,9861,1997,0.0,3250.0,1.410488,-0.441326,FLK,920190
31724865,76,9861,1998,0.0,2003.0,0.816912,-0.515321,FLK,920190
31724866,76,9861,1999,0.0,2665.0,0.9361450000000001,-0.578892,FLK,920190
31724867,76,9861,2000,,,0.42403,-0.758674,FLK,920190
31724868,76,9861,2001,,,0.394316,-0.766895,FLK,920190
31724869,76,9861,2002,,,-0.119248,-0.81018,FLK,920190
31724870,76,9861,2003,,,0.593669,-0.68972,FLK,920190
31724871,76,9861,2004,,,0.108608,-0.8270280000000001,FLK,920190
31724872,76,9861,2005,,,-1.215666,-0.8770950000000001,FLK,920190
31724873,76,9861,2006,0.0,4121.0,0.11039000000000002,-0.79848,FLK,920190
31724874,76,9861,2007,,,-0.911695,-0.898893,FLK,920190
31724875,76,9861,2008,,,-1.0724,-0.9330379999999999,FLK,920190
31724876,76,9861,2009,,,-0.891749,-0.97485,FLK,920190
31724877,76,9861,2010,,,-1.173959,-0.9282549999999999,FLK,920190
31724878,76,9861,2011,,,-0.283483,-0.7019989999999999,FLK,920190
31724879,76,9861,2012,,,-1.251161,-0.8249569999999999,FLK,920190
31724880,76,9861,2013,,,-1.254446,-0.868074,FLK,920190
31724881,76,9861,2014,,,-0.558974,-0.8402059999999999,FLK,920190
31724882,76,9861,2015,,,0.268838,-0.829983,FLK,920190
31724883,76,9861,2016,,,-1.1568180000000001,-0.9883270000000001,FLK,920190
31724884,76,9861,2017,,,-1.506175,-0.9551219999999999,FLK,920190
31724885,76,9861,2018,,,-1.04542,-0.97565,FLK,920190
31724886,76,9861,2019,0.0,3831.0,-1.633601,-0.991559,FLK,920190
31724887,76,9861,2020,,,-0.406704,-0.8790969999999999,FLK,920190
31724888,77,9861,1995,1013010.0,634375.0,1.768484,0.765537,FRA,920190
31724889,77,9861,1996,571054.0,571490.0,1.69082,0.721312,FRA,920190
31724890,77,9861,1997,675160.0,569380.0,1.69504,0.8278549999999999,FRA,920190
31724891,77,9861,1998,558104.0,556089.0,1.707702,0.7784270000000001,FRA,920190
31724892,77,9861,1999,789444.0,469944.0,1.72758,0.6619079999999999,FRA,920190
31724893,77,9861,2000,674762.0,313844.0,1.674971,0.47538100000000005,FRA,920190
31724894,77,9861,2001,619030.0,377893.0,1.653507,0.797582,FRA,920190
31724895,77,9861,2002,500262.0,443718.0,1.569367,0.9886360000000001,FRA,920190
31724896,77,9861,2003,789473.0,264147.0,1.606606,0.7394149999999999,FRA,920190
31724897,77,9861,2004,856978.0,390541.0,1.6003530000000001,0.643945,FRA,920190
31724898,77,9861,2005,871517.0,821416.0,1.505148,0.594409,FRA,920190
31724899,77,9861,2006,515197.0,652492.0,1.47591,0.489466,FRA,920190
31724900,77,9861,2007,895384.0,896499.0,1.4565350000000001,0.262845,FRA,920190
31724901,77,9861,2008,974166.0,563484.0,1.487702,-0.223965,FRA,920190
31724902,77,9861,2009,720794.0,928543.0,1.540346,0.090377,FRA,920190
31724903,77,9861,2010,835244.0,862569.0,1.530027,-0.052557000000000006,FRA,920190
31724904,77,9861,2011,1563063.0,1384941.0,1.532054,0.09339299999999999,FRA,920190
31724905,77,9861,2012,1402075.0,1298771.0,1.425025,0.27534899999999995,FRA,920190
31724906,77,9861,2013,729873.0,871907.0,1.520354,0.022874000000000002,FRA,920190
31724907,77,9861,2014,1298181.0,1122553.0,1.4817790000000002,0.30995,FRA,920190
31724908,77,9861,2015,1540840.0,1323424.0,1.479792,0.6490239999999999,FRA,920190
31724909,77,9861,2016,1172358.0,1051736.0,1.476437,0.911746,FRA,920190
31724910,77,9861,2017,1203256.0,1036365.0,1.398427,0.894732,FRA,920190
31724911,77,9861,2018,1186204.0,1170998.0,1.420819,0.7793770000000001,FRA,920190
31724912,77,9861,2019,793709.0,1018427.0,1.380982,0.9510629999999999,FRA,920190
31724913,77,9861,2020,747505.0,845985.0,1.341275,0.8991870000000001,FRA,920190
31724914,78,9861,1995,0.0,1621.0,-0.8247260000000001,-0.791759,FRO,920190
31724915,78,9861,1996,0.0,2785.0,-0.252693,-0.714691,FRO,920190
31724916,78,9861,1997,0.0,7143.0,-0.602436,-0.8477809999999999,FRO,920190
31724917,78,9861,1998,0.0,11090.0,-0.6159899999999999,-0.828198,FRO,920190
31724918,78,9861,1999,0.0,1805.0,-0.718961,-0.900609,FRO,920190
31724919,78,9861,2000,0.0,4885.0,-0.618711,-0.8832209999999999,FRO,920190
31724920,78,9861,2001,0.0,8385.0,-1.004972,-0.9456030000000001,FRO,920190
31724921,78,9861,2002,0.0,5994.0,-0.410455,-0.821335,FRO,920190
31724922,78,9861,2003,0.0,2243.0,-0.46422299999999994,-0.8072050000000001,FRO,920190
31724923,78,9861,2004,0.0,33145.0,-1.026359,-0.960327,FRO,920190
31724924,78,9861,2005,0.0,6225.0,-1.164102,-0.934409,FRO,920190
31724925,78,9861,2006,0.0,7299.0,-0.117631,-0.69352,FRO,920190
31724926,78,9861,2007,0.0,36045.0,-0.308363,-0.7707510000000001,FRO,920190
31724927,78,9861,2008,0.0,5868.0,-0.576205,-0.886117,FRO,920190
31724928,78,9861,2009,0.0,5041.0,-0.437934,-0.8733879999999999,FRO,920190
31724929,78,9861,2010,,,-1.158567,-0.99413,FRO,920190
31724930,78,9861,2011,,,-0.733444,-0.8242229999999999,FRO,920190
31724931,78,9861,2012,0.0,55355.0,-0.47762200000000005,-0.8946870000000001,FRO,920190
31724932,78,9861,2013,,,-0.370701,-0.815466,FRO,920190
31724933,78,9861,2014,,,-0.703929,-0.86265,FRO,920190
31724934,78,9861,2015,,,-0.700767,-0.9214399999999999,FRO,920190
31724935,78,9861,2016,,,-0.7436,-0.955406,FRO,920190
31724936,78,9861,2017,0.0,7977.0,-0.956326,-0.951541,FRO,920190
31724937,78,9861,2018,,,-1.00676,-0.959297,FRO,920190
31724938,78,9861,2019,,,-1.164816,-0.9571540000000001,FRO,920190
31724939,78,9861,2020,0.0,7990.0,-0.867916,-0.92601,FRO,920190
31724940,79,9861,1995,,,-1.764116,-0.971993,FSM,920190
31724941,79,9861,1996,,,-1.798209,-1.044117,FSM,920190
31724942,79,9861,1997,,,-1.275105,-1.046722,FSM,920190
31724943,79,9861,1998,,,-1.8257740000000002,-1.104982,FSM,920190
31724944,79,9861,1999,,,-1.382572,-1.054154,FSM,920190
31724945,79,9861,2000,,,-1.6284100000000001,-1.074629,FSM,920190
31724946,79,9861,2001,,,-1.7531240000000001,-1.081697,FSM,920190
31724947,79,9861,2002,,,-1.511888,-1.054948,FSM,920190
31724948,79,9861,2003,0.0,1605.0,-1.370191,-1.028812,FSM,920190
31724949,79,9861,2004,0.0,573.0,-1.647605,-1.093832,FSM,920190
31724950,79,9861,2005,0.0,10462.0,-1.386996,-0.9737610000000001,FSM,920190
31724951,79,9861,2006,0.0,6382.0,-0.883972,-0.8817209999999999,FSM,920190
31724952,79,9861,2007,0.0,2009.0,-0.528725,-0.883342,FSM,920190
31724953,79,9861,2008,0.0,6866.0,-0.744394,-0.930508,FSM,920190
31724954,79,9861,2009,0.0,1017.0,-1.011055,-0.983978,FSM,920190
31724955,79,9861,2010,0.0,1275.0,-1.2914889999999999,-1.0153450000000002,FSM,920190
31724956,79,9861,2011,,,-0.882574,-0.8780530000000001,FSM,920190
31724957,79,9861,2012,0.0,1590.0,-0.8024789999999999,-0.873287,FSM,920190
31724958,79,9861,2013,,,-0.234314,-0.8260700000000001,FSM,920190
31724959,79,9861,2014,,,-0.32643099999999997,-0.8248049999999999,FSM,920190
31724960,79,9861,2015,,,-0.39153000000000004,-0.8570479999999999,FSM,920190
31724961,79,9861,2016,,,-0.86156,-0.969134,FSM,920190
31724962,79,9861,2017,,,-1.106905,-0.952936,FSM,920190
31724963,79,9861,2018,,,-0.969202,-0.974952,FSM,920190
31724964,79,9861,2019,0.0,17041.0,-1.11436,-0.9806819999999999,FSM,920190
31724965,79,9861,2020,,,-0.845915,-0.964045,FSM,920190
31724966,80,9861,1995,,,-1.445673,-1.099128,GAB,920190
31724967,80,9861,1996,0.0,137290.0,-1.693615,-1.174433,GAB,920190
31724968,80,9861,1997,74741.0,17654.0,-1.177994,-1.134955,GAB,920190
31724969,80,9861,1998,14473.0,78285.0,-1.122225,-1.148066,GAB,920190
31724970,80,9861,1999,5600.0,14871.0,-1.068733,-1.178405,GAB,920190
31724971,80,9861,2000,38312.0,2218.0,-0.7179909999999999,-1.1375170000000001,GAB,920190
31724972,80,9861,2001,49963.0,15539.0,-1.063007,-1.181284,GAB,920190
31724973,80,9861,2002,0.0,2557.0,-0.830094,-1.149233,GAB,920190
31724974,80,9861,2003,0.0,9178.0,-0.92745,-1.138466,GAB,920190
31724975,80,9861,2004,0.0,2324.0,-0.700329,-1.137018,GAB,920190
31724976,80,9861,2005,0.0,2369.0,-1.4162700000000001,-1.173227,GAB,920190
31724977,80,9861,2006,0.0,6129.0,-1.6696819999999999,-1.173322,GAB,920190
31724978,80,9861,2007,332.0,9211.0,-1.328633,-1.165045,GAB,920190
31724979,80,9861,2008,0.0,7417.0,-1.316179,-1.117633,GAB,920190
31724980,80,9861,2009,,,-1.197711,-1.147469,GAB,920190
31724981,80,9861,2010,0.0,6846.0,-1.707175,-1.167635,GAB,920190
31724982,80,9861,2011,0.0,4449.0,-1.093784,-1.0849659999999999,GAB,920190
31724983,80,9861,2012,0.0,4970.0,-1.563872,-1.168605,GAB,920190
31724984,80,9861,2013,,,-1.6582830000000002,-1.155302,GAB,920190
31724985,80,9861,2014,0.0,76279.0,-1.625474,-1.135973,GAB,920190
31724986,80,9861,2015,0.0,6599.0,-1.384351,-1.209873,GAB,920190
31724987,80,9861,2016,2014.0,0.0,-1.530568,-1.254999,GAB,920190
31724988,80,9861,2017,0.0,1381.0,-1.109612,-1.177577,GAB,920190
31724989,80,9861,2018,,,-1.4979200000000001,-1.180407,GAB,920190
31724990,80,9861,2019,0.0,8288.0,-1.08556,-1.183434,GAB,920190
31724991,80,9861,2020,,,-1.6422990000000002,-1.207249,GAB,920190
31724992,81,9861,1995,2306469.0,720887.0,1.8656979999999999,1.107121,GBR,920190
31724993,81,9861,1996,1209791.0,707032.0,1.850284,0.883084,GBR,920190
31724994,81,9861,1997,1770635.0,2735789.0,1.886353,0.783832,GBR,920190
31724995,81,9861,1998,1080665.0,1321132.0,1.906738,0.489101,GBR,920190
31724996,81,9861,1999,1393122.0,1130655.0,1.9523830000000002,0.771455,GBR,920190
31724997,81,9861,2000,1428580.0,1823067.0,1.957339,0.610052,GBR,920190
31724998,81,9861,2001,940230.0,1756867.0,1.976894,0.685435,GBR,920190
31724999,81,9861,2002,1191223.0,1171225.0,1.893177,0.831382,GBR,920190
31725000,81,9861,2003,1145489.0,1918886.0,1.8712540000000002,0.706205,GBR,920190
31725001,81,9861,2004,604835.0,1055061.0,1.843506,0.684779,GBR,920190
31725002,81,9861,2005,392111.0,1693552.0,1.805023,0.425654,GBR,920190
31725003,81,9861,2006,390402.0,914254.0,1.824154,0.614424,GBR,920190
31725004,81,9861,2007,772500.0,565267.0,1.718661,0.35525300000000004,GBR,920190
31725005,81,9861,2008,982150.0,679696.0,1.7586119999999998,0.061214,GBR,920190
31725006,81,9861,2009,512709.0,475936.0,1.7921779999999998,0.41211499999999995,GBR,920190
31725007,81,9861,2010,785835.0,513984.0,1.828224,0.386383,GBR,920190
31725008,81,9861,2011,1522451.0,804328.0,1.8048220000000001,0.380141,GBR,920190
31725009,81,9861,2012,1472218.0,786059.0,1.701279,0.518166,GBR,920190
31725010,81,9861,2013,1115977.0,783579.0,1.7901259999999999,0.44164,GBR,920190
31725011,81,9861,2014,1473393.0,1404318.0,1.697964,0.585372,GBR,920190
31725012,81,9861,2015,1849005.0,1498846.0,1.7422990000000003,0.75838,GBR,920190
31725013,81,9861,2016,2363876.0,1607588.0,1.6974669999999998,0.9231299999999999,GBR,920190
31725014,81,9861,2017,1844800.0,894366.0,1.6883119999999998,0.8347469999999999,GBR,920190
31725015,81,9861,2018,2169998.0,917309.0,1.693008,0.768159,GBR,920190
31725016,81,9861,2019,1602729.0,1163283.0,1.731106,0.717566,GBR,920190
31725017,81,9861,2020,1099238.0,1123256.0,1.6459,0.7702640000000001,GBR,920190
31725018,82,9861,1995,,,1.082754,0.059275,GEO,920190
31725019,82,9861,1996,,,0.5383020000000001,0.167596,GEO,920190
31725020,82,9861,1997,,,0.304927,-0.082,GEO,920190
31725021,82,9861,1998,,,0.644307,0.304707,GEO,920190
31725022,82,9861,1999,,,0.50297,0.042010000000000006,GEO,920190
31725023,82,9861,2000,,,0.571461,0.10845999999999999,GEO,920190
31725024,82,9861,2001,,,0.585568,-0.047744999999999996,GEO,920190
31725025,82,9861,2002,,,0.662382,-0.124825,GEO,920190
31725026,82,9861,2003,,,0.595485,-0.25939,GEO,920190
31725027,82,9861,2004,4151.0,0.0,0.381348,-0.44259,GEO,920190
31725028,82,9861,2005,5126.0,0.0,0.041261,-0.530021,GEO,920190
31725029,82,9861,2006,960.0,4681.0,0.076711,-0.47216099999999994,GEO,920190
31725030,82,9861,2007,1133.0,1636.0,0.016077,-0.386962,GEO,920190
31725031,82,9861,2008,,,-0.355095,-0.660181,GEO,920190
31725032,82,9861,2009,,,0.045952,-0.381822,GEO,920190
31725033,82,9861,2010,0.0,10776.0,-0.21301399999999998,-0.48355299999999996,GEO,920190
31725034,82,9861,2011,,,-0.07754,-0.35434699999999997,GEO,920190
31725035,82,9861,2012,0.0,74284.0,-0.29418,-0.63162,GEO,920190
31725036,82,9861,2013,0.0,213028.0,-0.160691,-0.393419,GEO,920190
31725037,82,9861,2014,0.0,4418.0,-0.254106,-0.646584,GEO,920190
31725038,82,9861,2015,0.0,1008.0,-0.343663,-0.588017,GEO,920190
31725039,82,9861,2016,0.0,5525.0,-0.388359,-0.51175,GEO,920190
31725040,82,9861,2017,0.0,44196.0,-0.241749,-0.374727,GEO,920190
31725041,82,9861,2018,0.0,160412.0,-0.049871,-0.28439899999999996,GEO,920190
31725042,82,9861,2019,1101.0,89095.0,-0.057798,-0.206771,GEO,920190
31725043,82,9861,2020,596.0,73475.0,-0.199775,-0.38684,GEO,920190
31725044,83,9861,1995,0.0,7259.0,-1.247755,-1.070455,GHA,920190
31725045,83,9861,1996,0.0,30093.0,-1.035244,-0.9834129999999999,GHA,920190
31725046,83,9861,1997,0.0,24982.0,-1.012728,-0.939893,GHA,920190
31725047,83,9861,1998,959.0,3217.0,-1.215123,-1.0427620000000002,GHA,920190
31725048,83,9861,1999,0.0,21946.0,-0.9444520000000001,-0.905826,GHA,920190
31725049,83,9861,2000,0.0,16674.0,-1.192608,-0.811986,GHA,920190
31725050,83,9861,2001,0.0,6374.0,-0.961067,-0.780449,GHA,920190
31725051,83,9861,2002,0.0,7361.0,-1.333425,-1.0709879999999998,GHA,920190
31725052,83,9861,2003,0.0,20043.0,-1.074188,-0.7127319999999999,GHA,920190
31725053,83,9861,2004,0.0,972.0,-1.2972540000000001,-0.9967219999999999,GHA,920190
31725054,83,9861,2005,0.0,30049.0,-1.031092,-0.820743,GHA,920190
31725055,83,9861,2006,0.0,52050.0,-0.9934860000000001,-0.809318,GHA,920190
31725056,83,9861,2007,0.0,52727.0,-0.906867,-0.565891,GHA,920190
31725057,83,9861,2008,0.0,21229.0,-0.9339360000000001,-0.701724,GHA,920190
31725058,83,9861,2009,0.0,15657.0,-0.909436,-0.6619470000000001,GHA,920190
31725059,83,9861,2010,0.0,44586.0,-0.835003,-0.633731,GHA,920190
31725060,83,9861,2011,8809.0,70937.0,-0.8627319999999999,-0.608823,GHA,920190
31725061,83,9861,2012,1189.0,48292.0,-0.9610920000000001,-0.745232,GHA,920190
31725062,83,9861,2013,845.0,55381.0,-0.7316010000000001,-0.5327689999999999,GHA,920190
31725063,83,9861,2014,2384.0,0.0,-1.130226,-0.9909379999999999,GHA,920190
31725064,83,9861,2015,1404.0,60750.0,-0.750568,-0.690257,GHA,920190
31725065,83,9861,2016,6321.0,155037.0,-0.945358,-0.805301,GHA,920190
31725066,83,9861,2017,1999.0,92652.0,-0.929143,-0.811439,GHA,920190
31725067,83,9861,2018,0.0,146790.0,-0.956109,-0.861556,GHA,920190
31725068,83,9861,2019,3796.0,132735.0,-0.9581,-0.8727879999999999,GHA,920190
31725069,83,9861,2020,0.0,6685.0,-0.973506,-0.9559139999999999,GHA,920190
31725070,84,9861,1995,0.0,5364.0,0.784189,-0.224741,GIB,920190
31725071,84,9861,1996,0.0,4719.0,0.932001,-0.20733400000000002,GIB,920190
31725072,84,9861,1997,0.0,8655.0,0.811642,-0.186555,GIB,920190
31725073,84,9861,1998,0.0,3134.0,0.6941689999999999,-0.21656,GIB,920190
31725074,84,9861,1999,0.0,5137.0,0.609578,-0.316135,GIB,920190
31725075,84,9861,2000,0.0,8080.0,0.589325,-0.358073,GIB,920190
31725076,84,9861,2001,,,0.5955739999999999,-0.39100799999999997,GIB,920190
31725077,84,9861,2002,,,0.814919,-0.205996,GIB,920190
31725078,84,9861,2003,0.0,3918.0,1.133606,-0.176782,GIB,920190
31725079,84,9861,2004,0.0,16033.0,0.466397,-0.627153,GIB,920190
31725080,84,9861,2005,0.0,16595.0,0.637355,-0.465557,GIB,920190
31725081,84,9861,2006,0.0,1092.0,0.8370120000000001,-0.35099400000000003,GIB,920190
31725082,84,9861,2007,0.0,4115.0,0.794616,-0.287001,GIB,920190
31725083,84,9861,2008,0.0,92981.0,0.938815,-0.361914,GIB,920190
31725084,84,9861,2009,0.0,1970.0,0.9646979999999999,-0.461183,GIB,920190
31725085,84,9861,2010,,,0.570018,-0.585911,GIB,920190
31725086,84,9861,2011,0.0,18995.0,0.8442850000000001,-0.435222,GIB,920190
31725087,84,9861,2012,0.0,2965.0,0.930638,-0.558299,GIB,920190
31725088,84,9861,2013,0.0,4223.0,0.991136,-0.603793,GIB,920190
31725089,84,9861,2014,0.0,13904.0,0.275796,-0.720217,GIB,920190
31725090,84,9861,2015,0.0,1040.0,0.535143,-0.750155,GIB,920190
31725091,84,9861,2016,0.0,15213.0,0.8535370000000001,-0.661778,GIB,920190
31725092,84,9861,2017,0.0,5774.0,0.767836,-0.725273,GIB,920190
31725093,84,9861,2018,0.0,9305.0,0.420756,-0.6854140000000001,GIB,920190
31725094,84,9861,2019,0.0,1927.0,0.5167470000000001,-0.484465,GIB,920190
31725095,84,9861,2020,,,0.710597,-0.445858,GIB,920190
31725096,85,9861,1995,,,-1.304768,-1.077826,GIN,920190
31725097,85,9861,1996,,,-1.2641930000000001,-1.1317409999999999,GIN,920190
31725098,85,9861,1997,,,-1.529401,-1.163973,GIN,920190
31725099,85,9861,1998,0.0,1059.0,-1.676035,-1.248894,GIN,920190
31725100,85,9861,1999,,,-1.950321,-1.269807,GIN,920190
31725101,85,9861,2000,,,-1.523998,-1.197719,GIN,920190
31725102,85,9861,2001,,,-1.5380340000000001,-1.200083,GIN,920190
31725103,85,9861,2002,,,-1.85329,-1.243105,GIN,920190
31725104,85,9861,2003,,,-2.14752,-1.250048,GIN,920190
31725105,85,9861,2004,0.0,3285.0,-1.314543,-1.155153,GIN,920190
31725106,85,9861,2005,,,-1.55683,-1.200541,GIN,920190
31725107,85,9861,2006,,,-1.8376720000000002,-1.229774,GIN,920190
31725108,85,9861,2007,11164.0,0.0,-1.694335,-1.230744,GIN,920190
31725109,85,9861,2008,1981.0,0.0,-1.530997,-1.171231,GIN,920190
31725110,85,9861,2009,,,-1.618121,-1.2200520000000001,GIN,920190
31725111,85,9861,2010,0.0,1326.0,-1.6761720000000002,-1.181665,GIN,920190
31725112,85,9861,2011,,,-1.728661,-1.193353,GIN,920190
31725113,85,9861,2012,,,-1.735487,-1.225333,GIN,920190
31725114,85,9861,2013,0.0,1479.0,-1.1287459999999998,-1.069735,GIN,920190
31725115,85,9861,2014,,,-1.628409,-1.202473,GIN,920190
31725116,85,9861,2015,0.0,10945.0,-1.288329,-1.167532,GIN,920190
31725117,85,9861,2016,0.0,16284.0,-1.474753,-1.215627,GIN,920190
31725118,85,9861,2017,0.0,26337.0,-1.7560669999999998,-1.2747680000000001,GIN,920190
31725119,85,9861,2018,0.0,5183.0,-1.036697,-1.1562860000000001,GIN,920190
31725120,85,9861,2019,,,-1.366633,-1.196123,GIN,920190
31725121,85,9861,2020,,,-1.841029,-1.233167,GIN,920190
31725122,86,9861,1995,0.0,13606.0,0.563491,-0.18852,GLP,920190
31725123,86,9861,1996,,,,,GLP,920190
31725124,86,9861,1997,,,,,GLP,920190
31725125,86,9861,1998,,,,,GLP,920190
31725126,86,9861,1999,,,,,GLP,920190
31725127,86,9861,2000,,,,,GLP,920190
31725128,86,9861,2001,,,,,GLP,920190
31725129,86,9861,2002,,,,,GLP,920190
31725130,86,9861,2003,,,,,GLP,920190
31725131,86,9861,2004,,,,,GLP,920190
31725132,86,9861,2005,,,,,GLP,920190
31725133,86,9861,2006,,,,,GLP,920190
31725134,86,9861,2007,,,,,GLP,920190
31725135,86,9861,2008,,,,,GLP,920190
31725136,86,9861,2009,,,,,GLP,920190
31725137,86,9861,2010,,,,,GLP,920190
31725138,86,9861,2011,,,,,GLP,920190
31725139,86,9861,2012,,,,,GLP,920190
31725140,86,9861,2013,,,,,GLP,920190
31725141,86,9861,2014,,,,,GLP,920190
31725142,86,9861,2015,,,,,GLP,920190
31725143,86,9861,2016,,,,,GLP,920190
31725144,86,9861,2017,,,,,GLP,920190
31725145,86,9861,2018,,,,,GLP,920190
31725146,86,9861,2019,,,,,GLP,920190
31725147,86,9861,2020,,,,,GLP,920190
31725148,87,9861,1995,,,-0.605221,-0.700982,GMB,920190
31725149,87,9861,1996,0.0,12088.0,-1.028677,-0.8440540000000001,GMB,920190
31725150,87,9861,1997,,,-0.6977300000000001,-0.7753720000000001,GMB,920190
31725151,87,9861,1998,,,-0.8280120000000001,-0.783022,GMB,920190
31725152,87,9861,1999,0.0,4287.0,-0.768406,-0.764934,GMB,920190
31725153,87,9861,2000,0.0,1120.0,-0.468837,-0.532772,GMB,920190
31725154,87,9861,2001,,,-0.160182,-0.24737399999999998,GMB,920190
31725155,87,9861,2002,0.0,3920.0,0.075971,-0.068413,GMB,920190
31725156,87,9861,2003,0.0,1146.0,-0.230541,-0.275663,GMB,920190
31725157,87,9861,2004,0.0,1627.0,-0.135943,-0.226541,GMB,920190
31725158,87,9861,2005,,,-0.223043,-0.361032,GMB,920190
31725159,87,9861,2006,,,-0.378539,-0.48427200000000004,GMB,920190
31725160,87,9861,2007,,,-0.8336680000000001,-0.8261860000000001,GMB,920190
31725161,87,9861,2008,0.0,1397.0,-0.39378,-0.509879,GMB,920190
31725162,87,9861,2009,,,-0.573979,-0.644636,GMB,920190
31725163,87,9861,2010,0.0,2141.0,-0.894757,-0.734589,GMB,920190
31725164,87,9861,2011,,,-0.621556,-0.64336,GMB,920190
31725165,87,9861,2012,,,-0.488296,-0.6730510000000001,GMB,920190
31725166,87,9861,2013,0.0,2018.0,-0.5571550000000001,-0.6860310000000001,GMB,920190
31725167,87,9861,2014,0.0,8651.0,-0.905488,-0.7892819999999999,GMB,920190
31725168,87,9861,2015,,,-0.984775,-0.877886,GMB,920190
31725169,87,9861,2016,,,-0.743023,-0.833044,GMB,920190
31725170,87,9861,2017,,,-1.161814,-0.9317190000000001,GMB,920190
31725171,87,9861,2018,,,-0.85649,-0.761513,GMB,920190
31725172,87,9861,2019,0.0,1033.0,-1.0174450000000002,-0.790743,GMB,920190
31725173,87,9861,2020,,,-1.11216,-0.956471,GMB,920190
31725174,88,9861,1995,,,-1.58566,-0.8226829999999999,GNB,920190
31725175,88,9861,1996,0.0,4303.0,-1.853188,-0.8371649999999999,GNB,920190
31725176,88,9861,1997,,,-1.9366400000000001,-1.000259,GNB,920190
31725177,88,9861,1998,,,-1.8103790000000002,-0.9481790000000001,GNB,920190
31725178,88,9861,1999,,,-1.7561959999999999,-0.957758,GNB,920190
31725179,88,9861,2000,,,-2.4014330000000004,-1.001641,GNB,920190
31725180,88,9861,2001,,,-1.580625,-0.9665860000000001,GNB,920190
31725181,88,9861,2002,,,-0.661416,-0.8644870000000001,GNB,920190
31725182,88,9861,2003,,,0.24509499999999998,-0.612725,GNB,920190
31725183,88,9861,2004,,,-1.423263,-0.9892280000000001,GNB,920190
31725184,88,9861,2005,,,-1.631378,-0.9792690000000001,GNB,920190
31725185,88,9861,2006,,,-1.528471,-0.926991,GNB,920190
31725186,88,9861,2007,,,-1.416947,-1.011782,GNB,920190
31725187,88,9861,2008,,,-1.9234919999999998,-1.055369,GNB,920190
31725188,88,9861,2009,,,-0.6868890000000001,-0.9243459999999999,GNB,920190
31725189,88,9861,2010,,,-1.695338,-0.9196790000000001,GNB,920190
31725190,88,9861,2011,,,-0.839621,-0.6918850000000001,GNB,920190
31725191,88,9861,2012,,,-1.6792029999999998,-1.0008629999999998,GNB,920190
31725192,88,9861,2013,,,-2.414729,-0.9398700000000001,GNB,920190
31725193,88,9861,2014,,,-1.6723700000000001,-0.896442,GNB,920190
31725194,88,9861,2015,,,-2.6546,-1.010989,GNB,920190
31725195,88,9861,2016,,,-1.671858,-1.043328,GNB,920190
31725196,88,9861,2017,,,-2.418518,-0.954242,GNB,920190
31725197,88,9861,2018,,,-2.260375,-1.038929,GNB,920190
31725198,88,9861,2019,,,-1.9842009999999999,-1.0293379999999999,GNB,920190
31725199,88,9861,2020,,,-1.172138,-0.944076,GNB,920190
31725200,89,9861,1995,,,-2.276493,-0.847433,GNQ,920190
31725201,89,9861,1996,,,-1.832253,-0.7935300000000001,GNQ,920190
31725202,89,9861,1997,,,-1.447242,-0.830466,GNQ,920190
31725203,89,9861,1998,,,-2.5150919999999997,-0.9077930000000001,GNQ,920190
31725204,89,9861,1999,,,-1.390101,-0.91989,GNQ,920190
31725205,89,9861,2000,,,-2.387934,-0.9495290000000001,GNQ,920190
31725206,89,9861,2001,,,-2.0882959999999997,-0.921539,GNQ,920190
31725207,89,9861,2002,,,-2.3567560000000003,-0.88686,GNQ,920190
31725208,89,9861,2003,,,-2.4406529999999997,-0.821155,GNQ,920190
31725209,89,9861,2004,,,-1.093261,-0.8802639999999999,GNQ,920190
31725210,89,9861,2005,0.0,11234.0,-1.804466,-0.83998,GNQ,920190
31725211,89,9861,2006,0.0,5227.0,-2.188173,-0.8631700000000001,GNQ,920190
31725212,89,9861,2007,,,-1.406911,-0.8466950000000001,GNQ,920190
31725213,89,9861,2008,0.0,4425.0,-1.059208,-0.843542,GNQ,920190
31725214,89,9861,2009,,,-1.426661,-0.9459870000000001,GNQ,920190
31725215,89,9861,2010,,,-1.077402,-0.86556,GNQ,920190
31725216,89,9861,2011,,,-1.634315,-0.7567729999999999,GNQ,920190
31725217,89,9861,2012,,,-1.297351,-0.926208,GNQ,920190
31725218,89,9861,2013,0.0,1204.0,-1.521575,-0.814708,GNQ,920190
31725219,89,9861,2014,0.0,25909.0,-2.043516,-0.844701,GNQ,920190
31725220,89,9861,2015,,,-1.585577,-0.9044979999999999,GNQ,920190
31725221,89,9861,2016,,,-1.766286,-0.9607709999999999,GNQ,920190
31725222,89,9861,2017,,,-1.735486,-0.9254180000000001,GNQ,920190
31725223,89,9861,2018,0.0,9822.0,-2.017117,-0.975924,GNQ,920190
31725224,89,9861,2019,,,-1.9057680000000001,-0.968132,GNQ,920190
31725225,89,9861,2020,,,-1.5979940000000001,-0.9529340000000001,GNQ,920190
31725226,90,9861,1995,0.0,40287.0,0.17369,0.885756,GRC,920190
31725227,90,9861,1996,12674.0,15497.0,0.271386,1.042608,GRC,920190
31725228,90,9861,1997,0.0,3042.0,0.229516,1.085225,GRC,920190
31725229,90,9861,1998,0.0,52337.0,0.183835,1.1512790000000002,GRC,920190
31725230,90,9861,1999,5135.0,45046.0,0.24943600000000002,1.172467,GRC,920190
31725231,90,9861,2000,1575.0,41896.0,0.30201300000000003,1.4171799999999999,GRC,920190
31725232,90,9861,2001,3995.0,61594.0,0.31387600000000004,1.3614600000000001,GRC,920190
31725233,90,9861,2002,0.0,38962.0,0.31858000000000003,1.47417,GRC,920190
31725234,90,9861,2003,12014.0,18456.0,0.364688,1.4823959999999998,GRC,920190
31725235,90,9861,2004,3177.0,36778.0,0.348853,1.661656,GRC,920190
31725236,90,9861,2005,5843.0,200705.0,0.321907,1.7731669999999997,GRC,920190
31725237,90,9861,2006,0.0,262524.0,0.261955,1.488958,GRC,920190
31725238,90,9861,2007,48398.0,121980.0,0.348709,1.674567,GRC,920190
31725239,90,9861,2008,54255.0,176641.0,0.33272399999999996,1.758188,GRC,920190
31725240,90,9861,2009,82683.0,319891.0,0.2196,1.63301,GRC,920190
31725241,90,9861,2010,114175.0,192588.0,0.200249,1.4640090000000001,GRC,920190
31725242,90,9861,2011,19185.0,153672.0,0.138679,1.30044,GRC,920190
31725243,90,9861,2012,17857.0,35684.0,0.20949600000000002,1.086158,GRC,920190
31725244,90,9861,2013,0.0,19771.0,0.18823800000000002,0.910906,GRC,920190
31725245,90,9861,2014,10532.0,33685.0,0.149337,0.8560540000000001,GRC,920190
31725246,90,9861,2015,0.0,14312.0,0.099027,1.012289,GRC,920190
31725247,90,9861,2016,66743.0,90813.0,0.12153499999999999,1.126101,GRC,920190
31725248,90,9861,2017,38504.0,5706.0,0.154098,1.151038,GRC,920190
31725249,90,9861,2018,10121.0,47522.0,0.059539999999999996,1.0321879999999999,GRC,920190
31725250,90,9861,2019,16451.0,6353.0,0.08904400000000001,1.059396,GRC,920190
31725251,90,9861,2020,2448.0,9001.0,0.199011,1.087811,GRC,920190
31725252,91,9861,1995,,,0.15883699999999998,-0.514984,GRD,920190
31725253,91,9861,1996,,,0.285534,-0.37242600000000003,GRD,920190
31725254,91,9861,1997,0.0,929.0,0.24891799999999997,-0.44986499999999996,GRD,920190
31725255,91,9861,1998,,,-0.249689,-0.7117,GRD,920190
31725256,91,9861,1999,0.0,3121.0,-0.157276,-0.625791,GRD,920190
31725257,91,9861,2000,0.0,1839.0,0.26865500000000003,-0.449797,GRD,920190
31725258,91,9861,2001,,,-0.007888,-0.518167,GRD,920190
31725259,91,9861,2002,0.0,1198.0,0.552833,-0.283761,GRD,920190
31725260,91,9861,2003,0.0,903.0,0.3936,-0.258355,GRD,920190
31725261,91,9861,2004,0.0,2839.0,0.40210100000000004,-0.382662,GRD,920190
31725262,91,9861,2005,0.0,5845.0,0.18640299999999999,-0.5731930000000001,GRD,920190
31725263,91,9861,2006,0.0,4498.0,0.19208599999999998,-0.40781,GRD,920190
31725264,91,9861,2007,0.0,4104.0,0.043229000000000004,-0.664795,GRD,920190
31725265,91,9861,2008,0.0,6260.0,0.6186010000000001,-0.170518,GRD,920190
31725266,91,9861,2009,0.0,5649.0,0.035948,-0.586996,GRD,920190
31725267,91,9861,2010,0.0,11800.0,-0.1543,-0.779396,GRD,920190
31725268,91,9861,2011,0.0,4822.0,-0.11610999999999999,-0.579971,GRD,920190
31725269,91,9861,2012,,,0.20538800000000001,-0.529008,GRD,920190
31725270,91,9861,2013,,,0.073206,-0.567926,GRD,920190
31725271,91,9861,2014,,,-0.184151,-0.7291270000000001,GRD,920190
31725272,91,9861,2015,0.0,4219.0,0.296552,-0.335908,GRD,920190
31725273,91,9861,2016,0.0,13509.0,0.6993729999999999,-0.250698,GRD,920190
31725274,91,9861,2017,0.0,5564.0,0.384656,-0.317098,GRD,920190
31725275,91,9861,2018,0.0,6836.0,0.28333800000000003,-0.40042,GRD,920190
31725276,91,9861,2019,1082.0,38011.0,0.297653,-0.409112,GRD,920190
31725277,91,9861,2020,0.0,22344.0,0.285169,-0.284221,GRD,920190
31725278,92,9861,1995,0.0,9070.0,-0.723404,-0.794883,GRL,920190
31725279,92,9861,1996,,,-0.8826879999999999,-0.777868,GRL,920190
31725280,92,9861,1997,0.0,9994.0,-0.880433,-0.8654799999999999,GRL,920190
31725281,92,9861,1998,0.0,5182.0,-1.011085,-0.8786809999999999,GRL,920190
31725282,92,9861,1999,0.0,2315.0,-0.832216,-0.906492,GRL,920190
31725283,92,9861,2000,0.0,15133.0,-0.565631,-0.867934,GRL,920190
31725284,92,9861,2001,0.0,5423.0,0.199595,-0.73547,GRL,920190
31725285,92,9861,2002,0.0,12244.0,-0.592221,-0.8956799999999999,GRL,920190
31725286,92,9861,2003,0.0,17034.0,-0.764655,-0.8684200000000001,GRL,920190
31725287,92,9861,2004,0.0,1209.0,-1.31451,-0.969981,GRL,920190
31725288,92,9861,2005,0.0,7427.0,-0.8994700000000001,-0.922005,GRL,920190
31725289,92,9861,2006,0.0,7615.0,-1.0014,-0.935995,GRL,920190
31725290,92,9861,2007,0.0,4727.0,-1.102012,-0.978591,GRL,920190
31725291,92,9861,2008,0.0,36591.0,-0.669996,-0.909798,GRL,920190
31725292,92,9861,2009,0.0,4500.0,-1.29302,-1.024092,GRL,920190
31725293,92,9861,2010,,,-0.45149700000000004,-0.9039299999999999,GRL,920190
31725294,92,9861,2011,,,-0.669044,-0.787142,GRL,920190
31725295,92,9861,2012,0.0,14825.0,-0.723743,-0.938377,GRL,920190
31725296,92,9861,2013,0.0,3357.0,-0.801617,-0.8734120000000001,GRL,920190
31725297,92,9861,2014,0.0,41508.0,-1.168495,-0.93096,GRL,920190
31725298,92,9861,2015,0.0,10959.0,-1.017707,-0.913467,GRL,920190
31725299,92,9861,2016,0.0,8528.0,-1.15173,-0.9915700000000001,GRL,920190
31725300,92,9861,2017,0.0,13295.0,-1.226963,-0.9309620000000001,GRL,920190
31725301,92,9861,2018,0.0,7568.0,-1.384795,-1.004781,GRL,920190
31725302,92,9861,2019,0.0,5221.0,-0.808258,-0.936559,GRL,920190
31725303,92,9861,2020,0.0,28831.0,-1.262925,-0.9767549999999999,GRL,920190
31725304,93,9861,1995,0.0,23709.0,-0.241468,0.170932,GTM,920190
31725305,93,9861,1996,0.0,71913.0,-0.332901,0.23790300000000003,GTM,920190
31725306,93,9861,1997,0.0,17266.0,-0.310042,0.2096,GTM,920190
31725307,93,9861,1998,0.0,49898.0,-0.344999,0.155524,GTM,920190
31725308,93,9861,1999,0.0,82946.0,-0.459323,0.210247,GTM,920190
31725309,93,9861,2000,0.0,60714.0,-0.452607,0.317698,GTM,920190
31725310,93,9861,2001,31515.0,118664.0,-0.5089520000000001,0.216677,GTM,920190
31725311,93,9861,2002,0.0,74989.0,-0.548834,-0.034464999999999996,GTM,920190
31725312,93,9861,2003,0.0,94851.0,-0.444162,0.145319,GTM,920190
31725313,93,9861,2004,13488.0,20248.0,-0.46136000000000005,0.148122,GTM,920190
31725314,93,9861,2005,2392.0,45275.0,-0.414479,0.41440200000000005,GTM,920190
31725315,93,9861,2006,4795.0,50680.0,-0.28642199999999995,0.5868439999999999,GTM,920190
31725316,93,9861,2007,2252.0,16020.0,-0.261899,0.643437,GTM,920190
31725317,93,9861,2008,1427.0,163700.0,-0.271973,0.720486,GTM,920190
31725318,93,9861,2009,3165.0,221988.0,-0.33276999999999995,0.551257,GTM,920190
31725319,93,9861,2010,0.0,70196.0,-0.39034,0.743521,GTM,920190
31725320,93,9861,2011,1051.0,80025.0,-0.329497,0.775369,GTM,920190
31725321,93,9861,2012,1001.0,69527.0,-0.265127,0.626089,GTM,920190
31725322,93,9861,2013,0.0,18175.0,-0.41466499999999995,0.774788,GTM,920190
31725323,93,9861,2014,1338.0,45315.0,-0.36547199999999996,0.548894,GTM,920190
31725324,93,9861,2015,0.0,197526.0,-0.284403,0.525564,GTM,920190
31725325,93,9861,2016,0.0,140223.0,-0.414843,0.382162,GTM,920190
31725326,93,9861,2017,4118.0,28068.0,-0.418538,0.557454,GTM,920190
31725327,93,9861,2018,0.0,41079.0,-0.362668,0.520826,GTM,920190
31725328,93,9861,2019,1242.0,228376.0,-0.43447299999999994,0.658475,GTM,920190
31725329,93,9861,2020,0.0,176597.0,-0.32240100000000005,0.542048,GTM,920190
31725330,94,9861,1995,1482.0,9384.0,1.1777959999999998,-0.052863,GUF,920190
31725331,94,9861,1996,,,,,GUF,920190
31725332,94,9861,1997,,,,,GUF,920190
31725333,94,9861,1998,,,,,GUF,920190
31725334,94,9861,1999,,,,,GUF,920190
31725335,94,9861,2000,,,,,GUF,920190
31725336,94,9861,2001,,,,,GUF,920190
31725337,94,9861,2002,,,,,GUF,920190
31725338,94,9861,2003,,,,,GUF,920190
31725339,94,9861,2004,,,,,GUF,920190
31725340,94,9861,2005,,,,,GUF,920190
31725341,94,9861,2006,,,,,GUF,920190
31725342,94,9861,2007,,,,,GUF,920190
31725343,94,9861,2008,,,,,GUF,920190
31725344,94,9861,2009,,,,,GUF,920190
31725345,94,9861,2010,,,,,GUF,920190
31725346,94,9861,2011,,,,,GUF,920190
31725347,94,9861,2012,,,,,GUF,920190
31725348,94,9861,2013,,,,,GUF,920190
31725349,94,9861,2014,,,,,GUF,920190
31725350,94,9861,2015,,,,,GUF,920190
31725351,94,9861,2016,,,,,GUF,920190
31725352,94,9861,2017,,,,,GUF,920190
31725353,94,9861,2018,,,,,GUF,920190
31725354,94,9861,2019,,,,,GUF,920190
31725355,94,9861,2020,,,,,GUF,920190
31725356,95,9861,1995,,,,,GUM,920190
31725357,95,9861,1996,,,,,GUM,920190
31725358,95,9861,1997,,,,,GUM,920190
31725359,95,9861,1998,,,,,GUM,920190
31725360,95,9861,1999,,,,,GUM,920190
31725361,95,9861,2000,,,-0.432621,-0.897784,GUM,920190
31725362,95,9861,2001,,,-0.228818,-0.8545719999999999,GUM,920190
31725363,95,9861,2002,0.0,4003.0,-0.516203,-0.803461,GUM,920190
31725364,95,9861,2003,,,-0.139991,-0.570695,GUM,920190
31725365,95,9861,2004,0.0,6503.0,0.13034500000000002,-0.40525700000000003,GUM,920190
31725366,95,9861,2005,3894.0,0.0,0.10963699999999998,-0.44295,GUM,920190
31725367,95,9861,2006,,,0.385261,-0.26928,GUM,920190
31725368,95,9861,2007,4446.0,0.0,0.571674,-0.282353,GUM,920190
31725369,95,9861,2008,,,0.33915,-0.240079,GUM,920190
31725370,95,9861,2009,1524.0,0.0,0.518098,-0.124172,GUM,920190
31725371,95,9861,2010,3066.0,0.0,0.726384,0.182999,GUM,920190
31725372,95,9861,2011,,,0.675826,0.157468,GUM,920190
31725373,95,9861,2012,,,0.392913,-0.070977,GUM,920190
31725374,95,9861,2013,,,0.483541,0.281968,GUM,920190
31725375,95,9861,2014,,,0.6368119999999999,-0.01771,GUM,920190
31725376,95,9861,2015,0.0,2801.0,0.658226,0.030897000000000004,GUM,920190
31725377,95,9861,2016,,,0.659809,-0.066939,GUM,920190
31725378,95,9861,2017,,,0.638232,0.033204000000000004,GUM,920190
31725379,95,9861,2018,,,0.560314,-0.11880299999999999,GUM,920190
31725380,95,9861,2019,,,0.12159400000000001,-0.657729,GUM,920190
31725381,95,9861,2020,,,0.27266399999999996,-0.638288,GUM,920190
31725382,96,9861,1995,,,-0.8856,-0.8413700000000001,GUY,920190
31725383,96,9861,1996,,,-0.567617,-0.766822,GUY,920190
31725384,96,9861,1997,0.0,1343.0,-0.7141810000000001,-0.8589030000000001,GUY,920190
31725385,96,9861,1998,0.0,1034.0,-0.8204450000000001,-0.8914200000000001,GUY,920190
31725386,96,9861,1999,0.0,4162.0,-0.97619,-0.8785709999999999,GUY,920190
31725387,96,9861,2000,,,-1.127205,-0.962915,GUY,920190
31725388,96,9861,2001,0.0,754.0,-0.955816,-0.8593069999999999,GUY,920190
31725389,96,9861,2002,0.0,2826.0,-0.9485889999999999,-0.9086489999999999,GUY,920190
31725390,96,9861,2003,0.0,1614.0,-0.59035,-0.7361340000000001,GUY,920190
31725391,96,9861,2004,,,-1.046232,-0.985188,GUY,920190
31725392,96,9861,2005,,,-0.618542,-0.771821,GUY,920190
31725393,96,9861,2006,0.0,10306.0,-0.813775,-0.8000649999999999,GUY,920190
31725394,96,9861,2007,0.0,4158.0,-0.889957,-0.873185,GUY,920190
31725395,96,9861,2008,0.0,19647.0,-1.0439530000000001,-0.962007,GUY,920190
31725396,96,9861,2009,,,-1.0557809999999999,-1.055825,GUY,920190
31725397,96,9861,2010,0.0,27611.0,-1.020217,-1.0231569999999999,GUY,920190
31725398,96,9861,2011,0.0,15724.0,-1.079231,-1.0280989999999999,GUY,920190
31725399,96,9861,2012,1381.0,13236.0,-0.734614,-0.8208489999999999,GUY,920190
31725400,96,9861,2013,0.0,138308.0,-0.8555590000000001,-0.9744450000000001,GUY,920190
31725401,96,9861,2014,0.0,32182.0,-1.068777,-1.038227,GUY,920190
31725402,96,9861,2015,0.0,83924.0,-1.018758,-1.056085,GUY,920190
31725403,96,9861,2016,0.0,51779.0,-0.4755,-0.778335,GUY,920190
31725404,96,9861,2017,0.0,7184.0,-0.703271,-0.898648,GUY,920190
31725405,96,9861,2018,3422.0,5525.0,-0.841458,-0.9803280000000001,GUY,920190
31725406,96,9861,2019,0.0,39386.0,-0.308365,-0.7833359999999999,GUY,920190
31725407,96,9861,2020,0.0,6461.0,-0.5874159999999999,-0.8020189999999999,GUY,920190
31725408,97,9861,1995,48551.0,229436.0,0.5244449999999999,2.682738,HKG,920190
31725409,97,9861,1996,71922.0,412176.0,0.54364,2.727659,HKG,920190
31725410,97,9861,1997,190658.0,211120.0,0.521942,2.578405,HKG,920190
31725411,97,9861,1998,48737.0,586295.0,0.46966099999999994,2.5744029999999998,HKG,920190
31725412,97,9861,1999,53156.0,514212.0,0.387427,2.402434,HKG,920190
31725413,97,9861,2000,25042.0,321061.0,0.416202,2.4793950000000002,HKG,920190
31725414,97,9861,2001,144462.0,645165.0,0.521528,2.3025,HKG,920190
31725415,97,9861,2002,57419.0,1262371.0,0.5701109999999999,1.989357,HKG,920190
31725416,97,9861,2003,99278.0,1195125.0,0.494569,2.147062,HKG,920190
31725417,97,9861,2004,62661.0,66962.0,0.604825,2.098745,HKG,920190
31725418,97,9861,2005,125379.0,244004.0,0.5862149999999999,2.0303459999999998,HKG,920190
31725419,97,9861,2006,808451.0,325932.0,0.5776319999999999,2.076782,HKG,920190
31725420,97,9861,2007,1317089.0,265391.0,0.639034,2.1086009999999997,HKG,920190
31725421,97,9861,2008,740638.0,377585.0,0.74435,2.149616,HKG,920190
31725422,97,9861,2009,233370.0,714239.0,0.654964,1.98672,HKG,920190
31725423,97,9861,2010,408492.0,406284.0,0.715745,1.9780259999999998,HKG,920190
31725424,97,9861,2011,276683.0,503346.0,0.663588,1.902118,HKG,920190
31725425,97,9861,2012,220540.0,174569.0,0.8124979999999999,1.677497,HKG,920190
31725426,97,9861,2013,186433.0,297458.0,0.744383,1.923139,HKG,920190
31725427,97,9861,2014,241132.0,410545.0,0.812132,1.722493,HKG,920190
31725428,97,9861,2015,98075.0,334594.0,0.8255290000000001,1.8017279999999998,HKG,920190
31725429,97,9861,2016,233141.0,154866.0,0.8029029999999999,1.477249,HKG,920190
31725430,97,9861,2017,86469.0,145210.0,0.824982,1.7162220000000001,HKG,920190
31725431,97,9861,2018,93658.0,173646.0,0.843677,1.656073,HKG,920190
31725432,97,9861,2019,111863.0,155606.0,0.992556,1.523004,HKG,920190
31725433,97,9861,2020,190249.0,575446.0,1.070483,1.183618,HKG,920190
31725434,98,9861,1995,,,,,HMD,920190
31725435,98,9861,1996,,,,,HMD,920190
31725436,98,9861,1997,,,,,HMD,920190
31725437,98,9861,1998,,,,,HMD,920190
31725438,98,9861,1999,,,,,HMD,920190
31725439,98,9861,2000,,,0.5964520000000001,-0.776101,HMD,920190
31725440,98,9861,2001,,,0.646155,-0.73333,HMD,920190
31725441,98,9861,2002,,,0.0012929999999999999,-0.8448479999999999,HMD,920190
31725442,98,9861,2003,,,1.144117,-0.703569,HMD,920190
31725443,98,9861,2004,,,0.462296,-0.784625,HMD,920190
31725444,98,9861,2005,,,-1.00294,-0.900342,HMD,920190
31725445,98,9861,2006,,,0.247049,-0.780273,HMD,920190
31725446,98,9861,2007,,,0.645392,-0.6719970000000001,HMD,920190
31725447,98,9861,2008,,,0.319506,-0.794439,HMD,920190
31725448,98,9861,2009,,,1.877332,-0.753691,HMD,920190
31725449,98,9861,2010,,,1.514377,-0.696689,HMD,920190
31725450,98,9861,2011,,,1.101177,-0.534424,HMD,920190
31725451,98,9861,2012,,,-1.101992,-0.773688,HMD,920190
31725452,98,9861,2013,,,-1.285513,-0.81486,HMD,920190
31725453,98,9861,2014,,,1.634657,-0.634681,HMD,920190
31725454,98,9861,2015,,,0.7990550000000001,-0.871886,HMD,920190
31725455,98,9861,2016,,,1.1556879999999998,-0.877059,HMD,920190
31725456,98,9861,2017,,,1.734589,-0.733194,HMD,920190
31725457,98,9861,2018,,,0.799866,-0.8623620000000001,HMD,920190
31725458,98,9861,2019,,,-0.20277799999999999,-0.928184,HMD,920190
31725459,98,9861,2020,,,1.878707,-0.7548239999999999,HMD,920190
31725460,99,9861,1995,0.0,15498.0,-0.765536,-0.668834,HND,920190
31725461,99,9861,1996,0.0,16624.0,-0.69357,-0.48721400000000004,HND,920190
31725462,99,9861,1997,0.0,10107.0,-0.832161,-0.5578270000000001,HND,920190
31725463,99,9861,1998,0.0,72159.0,-0.9326049999999999,-0.598527,HND,920190
31725464,99,9861,1999,4309.0,8440.0,-0.8858290000000001,-0.530034,HND,920190
31725465,99,9861,2000,0.0,11634.0,-0.860977,-0.6851109999999999,HND,920190
31725466,99,9861,2001,6144.0,16734.0,-0.8003060000000001,-0.602097,HND,920190
31725467,99,9861,2002,6431.0,13484.0,-0.877043,-0.658185,HND,920190
31725468,99,9861,2003,0.0,33016.0,-0.733546,-0.568585,HND,920190
31725469,99,9861,2004,0.0,24148.0,-0.75975,-0.548407,HND,920190
31725470,99,9861,2005,22073.0,18162.0,-0.731899,-0.54884,HND,920190
31725471,99,9861,2006,0.0,25098.0,-0.672074,-0.472138,HND,920190
31725472,99,9861,2007,0.0,72946.0,-0.6366,-0.327447,HND,920190
31725473,99,9861,2008,0.0,76653.0,-0.5907,-0.351317,HND,920190
31725474,99,9861,2009,0.0,44106.0,-0.587607,-0.189167,HND,920190
31725475,99,9861,2010,24476.0,126559.0,-0.569501,-0.153122,HND,920190
31725476,99,9861,2011,4851.0,62791.0,-0.740241,-0.311952,HND,920190
31725477,99,9861,2012,0.0,70220.0,-0.45962299999999995,-0.002247,HND,920190
31725478,99,9861,2013,0.0,5370.0,-0.731431,-0.310927,HND,920190
31725479,99,9861,2014,0.0,26319.0,-0.467004,0.045511,HND,920190
31725480,99,9861,2015,1019.0,49417.0,-0.578635,-0.292053,HND,920190
31725481,99,9861,2016,2170.0,98970.0,-0.673741,-0.403777,HND,920190
31725482,99,9861,2017,0.0,114133.0,-0.6335689999999999,-0.334201,HND,920190
31725483,99,9861,2018,0.0,46701.0,-0.523738,-0.193198,HND,920190
31725484,99,9861,2019,0.0,90399.0,-0.6444439999999999,-0.203443,HND,920190
31725485,99,9861,2020,,,-0.583329,-0.404227,HND,920190
31725486,100,9861,1995,174295.0,129062.0,0.75325,1.395715,HRV,920190
31725487,100,9861,1996,7998.0,54619.0,0.772706,1.1075270000000002,HRV,920190
31725488,100,9861,1997,4643.0,10848.0,0.607903,1.147751,HRV,920190
31725489,100,9861,1998,0.0,10221.0,0.692779,0.9919530000000001,HRV,920190
31725490,100,9861,1999,0.0,14191.0,0.572934,0.9873639999999999,HRV,920190
31725491,100,9861,2000,0.0,7658.0,0.683921,1.0184959999999998,HRV,920190
31725492,100,9861,2001,0.0,1628.0,0.544596,0.969535,HRV,920190
31725493,100,9861,2002,5428.0,6977.0,0.591276,1.030723,HRV,920190
31725494,100,9861,2003,1059.0,24971.0,0.568394,1.230759,HRV,920190
31725495,100,9861,2004,0.0,93169.0,0.6669970000000001,1.088043,HRV,920190
31725496,100,9861,2005,0.0,28148.0,0.687937,1.059269,HRV,920190
31725497,100,9861,2006,11044.0,60006.0,0.755787,0.992614,HRV,920190
31725498,100,9861,2007,10769.0,174787.0,0.7799699999999999,1.1047850000000001,HRV,920190
31725499,100,9861,2008,24478.0,77296.0,0.874459,1.075102,HRV,920190
31725500,100,9861,2009,47044.0,73384.0,0.740174,1.005258,HRV,920190
31725501,100,9861,2010,32620.0,9258.0,0.8276979999999999,0.97415,HRV,920190
31725502,100,9861,2011,44561.0,183880.0,0.868294,0.9424299999999999,HRV,920190
31725503,100,9861,2012,18357.0,13521.0,0.890281,1.02053,HRV,920190
31725504,100,9861,2013,4987.0,10622.0,0.898284,1.038807,HRV,920190
31725505,100,9861,2014,16922.0,6069.0,0.804401,1.250807,HRV,920190
31725506,100,9861,2015,,,0.7590140000000001,1.257415,HRV,920190
31725507,100,9861,2016,1827.0,7789.0,0.8695200000000001,1.214791,HRV,920190
31725508,100,9861,2017,23828.0,16252.0,0.860825,1.365445,HRV,920190
31725509,100,9861,2018,16043.0,20030.0,0.7923720000000001,1.4047209999999999,HRV,920190
31725510,100,9861,2019,16079.0,1000.0,0.850527,1.280845,HRV,920190
31725511,100,9861,2020,19129.0,6267.0,0.876001,1.250877,HRV,920190
31725512,101,9861,1995,,,-0.761827,-0.6020310000000001,HTI,920190
31725513,101,9861,1996,,,-0.865218,-0.723441,HTI,920190
31725514,101,9861,1997,,,-0.945809,-0.7246560000000001,HTI,920190
31725515,101,9861,1998,,,-1.186197,-0.925901,HTI,920190
31725516,101,9861,1999,,,-1.321531,-0.934434,HTI,920190
31725517,101,9861,2000,0.0,3847.0,-1.119661,-0.823765,HTI,920190
31725518,101,9861,2001,,,-1.220515,-0.8502200000000001,HTI,920190
31725519,101,9861,2002,,,-1.220251,-0.8176859999999999,HTI,920190
31725520,101,9861,2003,,,-1.3761290000000002,-1.006346,HTI,920190
31725521,101,9861,2004,,,-1.348507,-0.979369,HTI,920190
31725522,101,9861,2005,,,-1.2804229999999999,-1.018106,HTI,920190
31725523,101,9861,2006,,,-1.037941,-0.9475790000000001,HTI,920190
31725524,101,9861,2007,,,-1.070524,-1.046209,HTI,920190
31725525,101,9861,2008,0.0,7237.0,-1.087836,-0.967734,HTI,920190
31725526,101,9861,2009,0.0,1141.0,-1.406148,-1.108465,HTI,920190
31725527,101,9861,2010,,,-1.369873,-1.121801,HTI,920190
31725528,101,9861,2011,0.0,1296.0,-1.263093,-1.086658,HTI,920190
31725529,101,9861,2012,,,-0.8495739999999999,-0.972046,HTI,920190
31725530,101,9861,2013,0.0,8368.0,-1.095392,-0.957326,HTI,920190
31725531,101,9861,2014,0.0,22980.0,-1.10887,-1.032108,HTI,920190
31725532,101,9861,2015,0.0,2042.0,-1.288246,-1.018979,HTI,920190
31725533,101,9861,2016,,,-1.30976,-1.010181,HTI,920190
31725534,101,9861,2017,0.0,26363.0,-1.0089219999999999,-0.946722,HTI,920190
31725535,101,9861,2018,0.0,56366.0,-0.914545,-0.890601,HTI,920190
31725536,101,9861,2019,0.0,2546.0,-1.120295,-0.967447,HTI,920190
31725537,101,9861,2020,0.0,4436.0,-1.028076,-0.884073,HTI,920190
31725538,102,9861,1995,1190.0,47855.0,0.878711,1.8200060000000002,HUN,920190
31725539,102,9861,1996,210021.0,20806.0,0.790036,1.891534,HUN,920190
31725540,102,9861,1997,6652.0,60863.0,0.746743,1.577102,HUN,920190
31725541,102,9861,1998,17484.0,120348.0,0.780392,1.450701,HUN,920190
31725542,102,9861,1999,73338.0,12456.0,0.794675,1.308337,HUN,920190
31725543,102,9861,2000,26664.0,68528.0,1.045661,1.198236,HUN,920190
31725544,102,9861,2001,13466.0,25076.0,1.102262,1.138016,HUN,920190
31725545,102,9861,2002,6350.0,46655.0,1.179684,1.0574860000000001,HUN,920190
31725546,102,9861,2003,7387.0,55024.0,1.2003270000000001,1.091407,HUN,920190
31725547,102,9861,2004,1750.0,144996.0,1.207082,1.019714,HUN,920190
31725548,102,9861,2005,2257.0,72464.0,1.3558,0.876179,HUN,920190
31725549,102,9861,2006,1215.0,174336.0,1.4034309999999999,0.835144,HUN,920190
31725550,102,9861,2007,37943.0,16622.0,1.4887709999999998,0.78372,HUN,920190
31725551,102,9861,2008,122269.0,27156.0,1.3358299999999999,0.8177770000000001,HUN,920190
31725552,102,9861,2009,31709.0,3136.0,1.397765,0.772375,HUN,920190
31725553,102,9861,2010,2930.0,2916.0,1.514225,0.740341,HUN,920190
31725554,102,9861,2011,984.0,255222.0,1.486592,0.805642,HUN,920190
31725555,102,9861,2012,9432.0,23774.0,1.396648,0.759196,HUN,920190
31725556,102,9861,2013,10741.0,15757.0,1.506101,0.7279220000000001,HUN,920190
31725557,102,9861,2014,18153.0,27213.0,1.477093,0.812869,HUN,920190
31725558,102,9861,2015,8076.0,36665.0,1.462839,0.803258,HUN,920190
31725559,102,9861,2016,4063.0,119376.0,1.445281,0.8422209999999999,HUN,920190
31725560,102,9861,2017,3182.0,31873.0,1.4886270000000001,0.845986,HUN,920190
31725561,102,9861,2018,0.0,40474.0,1.519662,0.833092,HUN,920190
31725562,102,9861,2019,13244.0,62722.0,1.462102,0.809183,HUN,920190
31725563,102,9861,2020,9770.0,131654.0,1.393152,0.878916,HUN,920190
31725564,103,9861,1995,599807.0,135591.0,-0.391727,1.174727,IDN,920190
31725565,103,9861,1996,143019.0,95833.0,-0.43199899999999997,1.22074,IDN,920190
31725566,103,9861,1997,190372.0,119368.0,-0.44080699999999995,1.220104,IDN,920190
31725567,103,9861,1998,1220132.0,41147.0,-0.478253,1.350652,IDN,920190
31725568,103,9861,1999,905845.0,7044.0,-0.20447,1.568505,IDN,920190
31725569,103,9861,2000,5838280.0,276503.0,-0.125831,1.7116360000000002,IDN,920190
31725570,103,9861,2001,1179359.0,52865.0,-0.167771,1.6587889999999998,IDN,920190
31725571,103,9861,2002,970537.0,139048.0,-0.10020499999999999,1.590314,IDN,920190
31725572,103,9861,2003,2355524.0,202959.0,-0.16802,1.7252990000000001,IDN,920190
31725573,103,9861,2004,1939673.0,488715.0,-0.223644,1.719065,IDN,920190
31725574,103,9861,2005,2085660.0,674905.0,-0.273208,1.5252379999999999,IDN,920190
31725575,103,9861,2006,715521.0,1305711.0,-0.21012399999999998,1.467838,IDN,920190
31725576,103,9861,2007,719501.0,1005221.0,-0.192415,1.497962,IDN,920190
31725577,103,9861,2008,708572.0,659285.0,-0.11154000000000001,1.4879850000000001,IDN,920190
31725578,103,9861,2009,2188969.0,1014492.0,-0.253835,1.260101,IDN,920190
31725579,103,9861,2010,8061464.0,1358734.0,-0.30878099999999997,1.07069,IDN,920190
31725580,103,9861,2011,7028503.0,3884146.0,-0.234125,1.168384,IDN,920190
31725581,103,9861,2012,9505495.0,2163851.0,-0.142318,1.281781,IDN,920190
31725582,103,9861,2013,16985090.0,534172.0,-0.216854,1.415728,IDN,920190
31725583,103,9861,2014,30252636.0,135477.0,-0.088032,1.3966459999999998,IDN,920190
31725584,103,9861,2015,32864899.0,472448.0,-0.145103,1.277362,IDN,920190
31725585,103,9861,2016,20671491.0,433417.0,-0.158496,1.492067,IDN,920190
31725586,103,9861,2017,12533517.0,290545.0,-0.23641700000000002,1.188173,IDN,920190
31725587,103,9861,2018,5167279.0,31532.0,-0.10130499999999999,1.2414209999999999,IDN,920190
31725588,103,9861,2019,7560081.0,74895.0,-0.141811,1.385726,IDN,920190
31725589,103,9861,2020,6370408.0,445320.0,-0.16761700000000002,1.571009,IDN,920190
31725590,104,9861,1995,320566.0,18358.0,0.156183,1.9617380000000002,IND,920190
31725591,104,9861,1996,26569.0,127226.0,0.20685599999999998,2.317622,IND,920190
31725592,104,9861,1997,20943.0,305616.0,0.262571,2.31305,IND,920190
31725593,104,9861,1998,43058.0,324042.0,0.274308,2.316908,IND,920190
31725594,104,9861,1999,55158.0,585993.0,0.29945900000000003,2.438702,IND,920190
31725595,104,9861,2000,73905.0,269651.0,0.3961,2.553408,IND,920190
31725596,104,9861,2001,42685.0,250477.0,0.349744,2.665844,IND,920190
31725597,104,9861,2002,23981.0,289440.0,0.380867,2.608955,IND,920190
31725598,104,9861,2003,72452.0,621811.0,0.33014099999999996,2.836003,IND,920190
31725599,104,9861,2004,47289.0,557310.0,0.233348,2.790987,IND,920190
31725600,104,9861,2005,25838.0,1048811.0,0.212108,2.817413,IND,920190
31725601,104,9861,2006,36598.0,797136.0,0.285652,2.731318,IND,920190
31725602,104,9861,2007,119330.0,858345.0,0.279475,2.7514939999999997,IND,920190
31725603,104,9861,2008,142117.0,473923.0,0.26694,2.926023,IND,920190
31725604,104,9861,2009,187363.0,651898.0,0.209867,2.254003,IND,920190
31725605,104,9861,2010,182455.0,1350149.0,0.14485599999999998,2.408913,IND,920190
31725606,104,9861,2011,214676.0,1066375.0,0.18276199999999998,2.398765,IND,920190
31725607,104,9861,2012,246258.0,440634.0,0.229996,2.4815110000000002,IND,920190
31725608,104,9861,2013,1424967.0,561004.0,0.215356,2.3916209999999998,IND,920190
31725609,104,9861,2014,366257.0,563131.0,0.262042,2.6305080000000003,IND,920190
31725610,104,9861,2015,374083.0,544559.0,0.24230900000000002,2.8190880000000003,IND,920190
31725611,104,9861,2016,266962.0,839801.0,0.30976,2.61043,IND,920190
31725612,104,9861,2017,199286.0,202142.0,0.290576,2.726391,IND,920190
31725613,104,9861,2018,255317.0,185424.0,0.526015,2.448112,IND,920190
31725614,104,9861,2019,382519.0,221972.0,0.43196,2.661139,IND,920190
31725615,104,9861,2020,329315.0,231411.0,0.464674,2.838779,IND,920190
31725616,105,9861,1995,,,0.065578,-0.702364,IOT,920190
31725617,105,9861,1996,,,0.605992,-0.5621970000000001,IOT,920190
31725618,105,9861,1997,,,0.21188400000000002,-0.6892659999999999,IOT,920190
31725619,105,9861,1998,,,0.894133,-0.5182,IOT,920190
31725620,105,9861,1999,,,-0.44178199999999995,-0.8321649999999999,IOT,920190
31725621,105,9861,2000,,,-0.346723,-0.8308049999999999,IOT,920190
31725622,105,9861,2001,,,-0.21711599999999998,-0.8472959999999999,IOT,920190
31725623,105,9861,2002,,,-0.262822,-0.787972,IOT,920190
31725624,105,9861,2003,,,0.907681,-0.184899,IOT,920190
31725625,105,9861,2004,,,1.52429,0.002654,IOT,920190
31725626,105,9861,2005,,,1.107517,-0.264755,IOT,920190
31725627,105,9861,2006,,,1.147154,-0.13284,IOT,920190
31725628,105,9861,2007,,,1.424007,0.050412,IOT,920190
31725629,105,9861,2008,,,1.2634319999999999,-0.314756,IOT,920190
31725630,105,9861,2009,,,0.505916,-0.551323,IOT,920190
31725631,105,9861,2010,,,0.962752,-0.399434,IOT,920190
31725632,105,9861,2011,,,0.50507,-0.238484,IOT,920190
31725633,105,9861,2012,,,1.134521,-0.361446,IOT,920190
31725634,105,9861,2013,,,0.7192390000000001,-0.628595,IOT,920190
31725635,105,9861,2014,,,0.910402,-0.6916939999999999,IOT,920190
31725636,105,9861,2015,,,1.134108,-0.617796,IOT,920190
31725637,105,9861,2016,,,0.9315,-0.661654,IOT,920190
31725638,105,9861,2017,,,0.30708,-0.604495,IOT,920190
31725639,105,9861,2018,,,0.725927,-0.360329,IOT,920190
31725640,105,9861,2019,,,-0.7551760000000001,-0.939959,IOT,920190
31725641,105,9861,2020,,,0.928522,-0.435507,IOT,920190
31725642,106,9861,1995,0.0,63901.0,1.349192,0.992099,IRL,920190
31725643,106,9861,1996,11685.0,27402.0,1.386011,0.9232100000000001,IRL,920190
31725644,106,9861,1997,0.0,19387.0,1.471048,0.8769370000000001,IRL,920190
31725645,106,9861,1998,9420.0,51942.0,1.451067,0.654442,IRL,920190
31725646,106,9861,1999,3433.0,60499.0,1.599613,0.37233299999999997,IRL,920190
31725647,106,9861,2000,0.0,31055.0,1.546001,0.342854,IRL,920190
31725648,106,9861,2001,506109.0,28968.0,1.664233,0.129983,IRL,920190
31725649,106,9861,2002,73901.0,30031.0,1.7232880000000002,0.091172,IRL,920190
31725650,106,9861,2003,43344.0,24769.0,1.6396130000000002,0.220599,IRL,920190
31725651,106,9861,2004,69627.0,50772.0,1.501859,0.14456,IRL,920190
31725652,106,9861,2005,59576.0,58581.0,1.536605,0.189781,IRL,920190
31725653,106,9861,2006,40179.0,110730.0,1.43804,0.06463200000000001,IRL,920190
31725654,106,9861,2007,51000.0,92841.0,1.353146,0.122832,IRL,920190
31725655,106,9861,2008,177622.0,449687.0,1.693858,0.221425,IRL,920190
31725656,106,9861,2009,197226.0,354347.0,1.627233,0.020024,IRL,920190
31725657,106,9861,2010,204175.0,454031.0,1.371357,0.168795,IRL,920190
31725658,106,9861,2011,96976.0,119803.0,1.403182,0.290245,IRL,920190
31725659,106,9861,2012,97565.0,212252.0,1.229702,0.12683599999999998,IRL,920190
31725660,106,9861,2013,104249.0,274010.0,1.29988,0.240688,IRL,920190
31725661,106,9861,2014,101695.0,258735.0,1.2658399999999999,0.278546,IRL,920190
31725662,106,9861,2015,120957.0,190202.0,1.304942,0.126431,IRL,920190
31725663,106,9861,2016,312726.0,265598.0,1.445238,0.07659400000000001,IRL,920190
31725664,106,9861,2017,809337.0,163918.0,1.363544,0.169211,IRL,920190
31725665,106,9861,2018,668992.0,308639.0,1.262419,0.013576,IRL,920190
31725666,106,9861,2019,699529.0,420421.0,1.3812389999999999,-0.025366,IRL,920190
31725667,106,9861,2020,499296.0,476759.0,1.337791,-0.20829699999999998,IRL,920190
31725668,107,9861,1995,,,-0.821991,-1.071013,IRN,920190
31725669,107,9861,1996,,,-0.7496649999999999,-1.1173520000000001,IRN,920190
31725670,107,9861,1997,4538.0,9493.0,-0.503841,-0.9984059999999999,IRN,920190
31725671,107,9861,1998,0.0,92076.0,-0.6626029999999999,-1.0408959999999998,IRN,920190
31725672,107,9861,1999,0.0,60273.0,-0.9366620000000001,-1.147602,IRN,920190
31725673,107,9861,2000,0.0,214609.0,-0.555558,-0.910523,IRN,920190
31725674,107,9861,2001,0.0,126030.0,-0.7732479999999999,-0.8979370000000001,IRN,920190
31725675,107,9861,2002,0.0,91888.0,-0.5707840000000001,-0.705612,IRN,920190
31725676,107,9861,2003,0.0,94225.0,-0.552146,-0.8668520000000001,IRN,920190
31725677,107,9861,2004,0.0,335710.0,-0.38210700000000003,-0.8408620000000001,IRN,920190
31725678,107,9861,2005,0.0,252944.0,-0.305068,-0.804413,IRN,920190
31725679,107,9861,2006,0.0,538618.0,-0.391023,-0.767861,IRN,920190
31725680,107,9861,2007,0.0,220117.0,-0.797659,-1.048892,IRN,920190
31725681,107,9861,2008,0.0,552147.0,-0.9776469999999999,-1.054475,IRN,920190
31725682,107,9861,2009,0.0,51430.0,-1.185702,-1.1049360000000001,IRN,920190
31725683,107,9861,2010,1928.0,645551.0,-0.609874,-0.744733,IRN,920190
31725684,107,9861,2011,1190.0,326291.0,-0.915379,-0.973194,IRN,920190
31725685,107,9861,2012,5573.0,116959.0,-0.963881,-0.928644,IRN,920190
31725686,107,9861,2013,0.0,89322.0,-0.339172,-0.237114,IRN,920190
31725687,107,9861,2014,1660.0,388332.0,-0.361058,-0.312743,IRN,920190
31725688,107,9861,2015,0.0,106277.0,-0.258946,-0.0073420000000000004,IRN,920190
31725689,107,9861,2016,1380.0,390932.0,-0.407368,-0.23482399999999998,IRN,920190
31725690,107,9861,2017,2266.0,4912918.0,-0.361292,-0.361813,IRN,920190
31725691,107,9861,2018,35925.0,4982706.0,-0.389954,-0.258156,IRN,920190
31725692,107,9861,2019,1206.0,5154454.0,-0.386813,-0.467873,IRN,920190
31725693,107,9861,2020,0.0,10129.0,-0.362286,-0.242846,IRN,920190
31725694,108,9861,1995,,,-0.813404,-0.7444390000000001,IRQ,920190
31725695,108,9861,1996,,,0.9485540000000001,-0.303744,IRQ,920190
31725696,108,9861,1997,,,-2.248377,-0.817589,IRQ,920190
31725697,108,9861,1998,,,-1.4440030000000001,-0.808689,IRQ,920190
31725698,108,9861,1999,,,-1.8954950000000002,-0.883983,IRQ,920190
31725699,108,9861,2000,,,-1.8568259999999999,-0.902459,IRQ,920190
31725700,108,9861,2001,,,-1.115465,-0.883028,IRQ,920190
31725701,108,9861,2002,,,-0.397477,-0.811214,IRQ,920190
31725702,108,9861,2003,,,-0.398557,-0.774153,IRQ,920190
31725703,108,9861,2004,,,-0.8852559999999999,-0.907136,IRQ,920190
31725704,108,9861,2005,,,-1.021297,-0.8532549999999999,IRQ,920190
31725705,108,9861,2006,,,-2.029727,-0.8634219999999999,IRQ,920190
31725706,108,9861,2007,,,-1.961053,-0.8849969999999999,IRQ,920190
31725707,108,9861,2008,0.0,24517.0,-1.6604189999999999,-0.886959,IRQ,920190
31725708,108,9861,2009,0.0,11991.0,-1.1683270000000001,-0.9517459999999999,IRQ,920190
31725709,108,9861,2010,0.0,3529.0,-2.1439150000000002,-0.913227,IRQ,920190
31725710,108,9861,2011,0.0,3813.0,-2.175137,-0.726975,IRQ,920190
31725711,108,9861,2012,0.0,8486.0,-2.7534509999999996,-0.812277,IRQ,920190
31725712,108,9861,2013,0.0,9504.0,-2.839079,-0.8705440000000001,IRQ,920190
31725713,108,9861,2014,0.0,9787.0,-2.9169,-0.882023,IRQ,920190
31725714,108,9861,2015,0.0,5295.0,-1.465803,-0.912113,IRQ,920190
31725715,108,9861,2016,2778.0,2360.0,-2.2400029999999997,-1.017174,IRQ,920190
31725716,108,9861,2017,0.0,37829.0,-1.515339,-0.9462950000000001,IRQ,920190
31725717,108,9861,2018,0.0,105860.0,-1.7504400000000002,-1.018699,IRQ,920190
31725718,108,9861,2019,0.0,1944138.0,-1.593359,-0.9927860000000001,IRQ,920190
31725719,108,9861,2020,0.0,4722358.0,-1.087158,-0.9546389999999999,IRQ,920190
31725720,109,9861,1995,0.0,4918.0,0.161331,-0.45210100000000003,ISL,920190
31725721,109,9861,1996,0.0,40891.0,0.003558,-0.551796,ISL,920190
31725722,109,9861,1997,0.0,18329.0,0.217533,-0.405395,ISL,920190
31725723,109,9861,1998,26078.0,34361.0,0.18141300000000002,-0.47993500000000006,ISL,920190
31725724,109,9861,1999,0.0,27577.0,0.377701,-0.355798,ISL,920190
31725725,109,9861,2000,,,0.217683,-0.41136000000000006,ISL,920190
31725726,109,9861,2001,0.0,21437.0,0.032382999999999995,-0.51054,ISL,920190
31725727,109,9861,2002,3902.0,37978.0,0.23601999999999998,-0.34781,ISL,920190
31725728,109,9861,2003,0.0,59032.0,0.21902800000000003,-0.40818499999999996,ISL,920190
31725729,109,9861,2004,0.0,110749.0,0.298844,-0.36366,ISL,920190
31725730,109,9861,2005,0.0,74202.0,0.060955999999999996,-0.410998,ISL,920190
31725731,109,9861,2006,0.0,64153.0,0.170234,-0.302203,ISL,920190
31725732,109,9861,2007,3223.0,103806.0,0.172786,-0.380266,ISL,920190
31725733,109,9861,2008,0.0,69544.0,0.26969899999999997,-0.29915,ISL,920190
31725734,109,9861,2009,0.0,13776.0,0.21713200000000002,-0.371812,ISL,920190
31725735,109,9861,2010,0.0,24452.0,0.20822100000000002,-0.318294,ISL,920190
31725736,109,9861,2011,0.0,37818.0,0.284202,-0.23753000000000002,ISL,920190
31725737,109,9861,2012,0.0,72812.0,0.368012,-0.31235599999999997,ISL,920190
31725738,109,9861,2013,1512.0,15826.0,0.259374,-0.20413299999999998,ISL,920190
31725739,109,9861,2014,0.0,73618.0,0.127891,-0.302014,ISL,920190
31725740,109,9861,2015,0.0,25540.0,0.24527600000000002,-0.411616,ISL,920190
31725741,109,9861,2016,0.0,144600.0,0.192448,-0.37174,ISL,920190
31725742,109,9861,2017,0.0,19579.0,0.386094,-0.277269,ISL,920190
31725743,109,9861,2018,2596.0,40059.0,0.252338,-0.341319,ISL,920190
31725744,109,9861,2019,56571.0,43328.0,0.378873,-0.162129,ISL,920190
31725745,109,9861,2020,0.0,31531.0,0.27161399999999997,-0.17819200000000002,ISL,920190
31725746,110,9861,1995,0.0,40507.0,1.205368,1.189434,ISR,920190
31725747,110,9861,1996,8096.0,147554.0,1.054975,1.072965,ISR,920190
31725748,110,9861,1997,998.0,97312.0,1.3230030000000002,0.965016,ISR,920190
31725749,110,9861,1998,8141.0,213503.0,1.2643739999999999,0.958475,ISR,920190
31725750,110,9861,1999,6388.0,69790.0,1.342593,0.781931,ISR,920190
31725751,110,9861,2000,9050.0,118229.0,1.251365,0.7359319999999999,ISR,920190
31725752,110,9861,2001,0.0,45978.0,1.374873,0.775594,ISR,920190
31725753,110,9861,2002,4016.0,77253.0,1.334174,0.654331,ISR,920190
31725754,110,9861,2003,11759.0,77058.0,1.157809,0.682195,ISR,920190
31725755,110,9861,2004,1780.0,55249.0,1.250393,0.8003979999999999,ISR,920190
31725756,110,9861,2005,9766.0,210041.0,1.3829120000000001,0.761617,ISR,920190
31725757,110,9861,2006,6512.0,88647.0,1.3082129999999998,0.783845,ISR,920190
31725758,110,9861,2007,37522.0,742757.0,1.092244,0.753984,ISR,920190
31725759,110,9861,2008,7450.0,475352.0,1.169192,0.797136,ISR,920190
31725760,110,9861,2009,21782.0,313545.0,1.226438,0.816299,ISR,920190
31725761,110,9861,2010,12946.0,522293.0,1.215834,0.7028340000000001,ISR,920190
31725762,110,9861,2011,13960.0,328547.0,1.324384,0.714611,ISR,920190
31725763,110,9861,2012,23449.0,212671.0,1.344347,0.691617,ISR,920190
31725764,110,9861,2013,19534.0,365458.0,1.197241,0.633828,ISR,920190
31725765,110,9861,2014,33024.0,417641.0,1.211141,0.64523,ISR,920190
31725766,110,9861,2015,53875.0,212915.0,1.260071,0.545545,ISR,920190
31725767,110,9861,2016,14118.0,188169.0,1.352275,0.67584,ISR,920190
31725768,110,9861,2017,8864.0,139813.0,1.436156,0.776574,ISR,920190
31725769,110,9861,2018,150158.0,148712.0,1.355071,0.872822,ISR,920190
31725770,110,9861,2019,21304.0,115088.0,1.488686,0.823376,ISR,920190
31725771,110,9861,2020,3555.0,357337.0,1.487557,0.8370920000000001,ISR,920190
31725772,111,9861,1995,1319848.0,634589.0,1.503379,1.449094,ITA,920190
31725773,111,9861,1996,879210.0,218692.0,1.4674690000000001,1.263362,ITA,920190
31725774,111,9861,1997,1288227.0,460584.0,1.4860389999999999,1.235674,ITA,920190
31725775,111,9861,1998,1238806.0,316440.0,1.4532209999999999,1.191124,ITA,920190
31725776,111,9861,1999,1304624.0,330352.0,1.395253,1.3589790000000002,ITA,920190
31725777,111,9861,2000,1556095.0,321343.0,1.421124,1.112321,ITA,920190
31725778,111,9861,2001,2079920.0,68718.0,1.389926,1.282143,ITA,920190
31725779,111,9861,2002,2089092.0,142831.0,1.377604,1.2470510000000001,ITA,920190
31725780,111,9861,2003,3867693.0,65094.0,1.399734,1.044608,ITA,920190
31725781,111,9861,2004,3781277.0,87204.0,1.358057,1.11533,ITA,920190
31725782,111,9861,2005,2884815.0,177436.0,1.295883,1.032218,ITA,920190
31725783,111,9861,2006,2734268.0,324822.0,1.293779,0.93995,ITA,920190
31725784,111,9861,2007,3005402.0,170739.0,1.3003559999999998,0.705448,ITA,920190
31725785,111,9861,2008,3114555.0,156734.0,1.308777,0.361523,ITA,920190
31725786,111,9861,2009,3107076.0,217286.0,1.289,0.64549,ITA,920190
31725787,111,9861,2010,3974381.0,438496.0,1.272385,0.545721,ITA,920190
31725788,111,9861,2011,2889975.0,381138.0,1.298751,0.48013599999999995,ITA,920190
31725789,111,9861,2012,3001878.0,625342.0,1.297611,0.28585900000000003,ITA,920190
31725790,111,9861,2013,1504245.0,366136.0,1.289924,0.533436,ITA,920190
31725791,111,9861,2014,2409922.0,313702.0,1.340136,0.43931099999999995,ITA,920190
31725792,111,9861,2015,1947967.0,948867.0,1.321127,0.747046,ITA,920190
31725793,111,9861,2016,1594189.0,1207603.0,1.339307,0.8549209999999999,ITA,920190
31725794,111,9861,2017,1217696.0,724479.0,1.34395,0.577693,ITA,920190
31725795,111,9861,2018,2032786.0,966877.0,1.3602530000000002,0.453607,ITA,920190
31725796,111,9861,2019,1613281.0,581061.0,1.25898,0.926639,ITA,920190
31725797,111,9861,2020,1780070.0,326333.0,1.299017,0.701797,ITA,920190
31725798,112,9861,1995,,,-0.873925,-0.952304,JAM,920190
31725799,112,9861,1996,0.0,35729.0,-0.6344350000000001,-0.814916,JAM,920190
31725800,112,9861,1997,0.0,57429.0,-0.65455,-0.820413,JAM,920190
31725801,112,9861,1998,0.0,33883.0,-0.8083739999999999,-0.946183,JAM,920190
31725802,112,9861,1999,0.0,23307.0,-0.852468,-0.9670290000000001,JAM,920190
31725803,112,9861,2000,0.0,26892.0,-0.625061,-0.814176,JAM,920190
31725804,112,9861,2001,38410.0,46473.0,-0.541582,-0.837248,JAM,920190
31725805,112,9861,2002,0.0,22588.0,-0.604813,-0.9309860000000001,JAM,920190
31725806,112,9861,2003,0.0,17139.0,-0.6684140000000001,-0.915817,JAM,920190
31725807,112,9861,2004,0.0,21238.0,-0.64957,-0.944183,JAM,920190
31725808,112,9861,2005,0.0,65729.0,-0.438717,-0.95845,JAM,920190
31725809,112,9861,2006,0.0,18342.0,-0.5122720000000001,-0.9109809999999999,JAM,920190
31725810,112,9861,2007,0.0,59749.0,-0.466305,-0.971972,JAM,920190
31725811,112,9861,2008,2779.0,83613.0,-0.412969,-0.9444030000000001,JAM,920190
31725812,112,9861,2009,0.0,37388.0,-0.083743,-0.6222479999999999,JAM,920190
31725813,112,9861,2010,4644.0,12517.0,0.041471,-0.367177,JAM,920190
31725814,112,9861,2011,0.0,83673.0,-0.162212,-0.621817,JAM,920190
31725815,112,9861,2012,1157.0,31876.0,-0.34163899999999997,-0.8008850000000001,JAM,920190
31725816,112,9861,2013,0.0,10096.0,-0.541441,-0.8448559999999999,JAM,920190
31725817,112,9861,2014,2063.0,191533.0,-0.42745299999999997,-0.7750130000000001,JAM,920190
31725818,112,9861,2015,577.0,53581.0,-0.438267,-0.828097,JAM,920190
31725819,112,9861,2016,0.0,15126.0,-0.259972,-0.592114,JAM,920190
31725820,112,9861,2017,1193.0,25615.0,-0.497654,-0.76481,JAM,920190
31725821,112,9861,2018,1620.0,19711.0,-0.339328,-0.8756659999999999,JAM,920190
31725822,112,9861,2019,1169.0,36861.0,-0.18387799999999999,-0.710004,JAM,920190
31725823,112,9861,2020,3056.0,45795.0,-0.21953000000000003,-0.6944899999999999,JAM,920190
31725824,113,9861,1995,1105.0,96012.0,0.666542,0.326785,JOR,920190
31725825,113,9861,1996,0.0,249078.0,0.12203499999999999,-0.41859399999999997,JOR,920190
31725826,113,9861,1997,0.0,30828.0,0.49456300000000003,0.33966,JOR,920190
31725827,113,9861,1998,977.0,54415.0,0.403009,-0.076366,JOR,920190
31725828,113,9861,1999,112882.0,41479.0,0.475995,0.514447,JOR,920190
31725829,113,9861,2000,583.0,103402.0,0.495354,1.233005,JOR,920190
31725830,113,9861,2001,0.0,13564.0,0.375134,0.581558,JOR,920190
31725831,113,9861,2002,6877.0,32296.0,0.24197600000000002,0.196635,JOR,920190
31725832,113,9861,2003,0.0,8440.0,0.12295,0.377031,JOR,920190
31725833,113,9861,2004,0.0,2398.0,0.152989,0.385845,JOR,920190
31725834,113,9861,2005,4001.0,105430.0,0.21925799999999998,0.371165,JOR,920190
31725835,113,9861,2006,0.0,49612.0,0.166718,0.331248,JOR,920190
31725836,113,9861,2007,0.0,47693.0,0.228433,0.5984550000000001,JOR,920190
31725837,113,9861,2008,0.0,267883.0,0.255463,0.45844799999999997,JOR,920190
31725838,113,9861,2009,0.0,64740.0,0.21374899999999997,0.423774,JOR,920190
31725839,113,9861,2010,0.0,8987.0,0.251702,0.522758,JOR,920190
31725840,113,9861,2011,0.0,4256.0,0.231605,0.47049399999999997,JOR,920190
31725841,113,9861,2012,5911.0,15077.0,0.24909099999999998,0.489624,JOR,920190
31725842,113,9861,2013,0.0,19615.0,0.152659,0.5889979999999999,JOR,920190
31725843,113,9861,2014,1173.0,32730.0,0.210208,0.48732299999999995,JOR,920190
31725844,113,9861,2015,0.0,47210.0,0.121172,0.457301,JOR,920190
31725845,113,9861,2016,0.0,78936.0,-0.0115,0.045625,JOR,920190
31725846,113,9861,2017,1832.0,57959.0,0.020035,0.295415,JOR,920190
31725847,113,9861,2018,714.0,61474.0,-0.086895,0.283829,JOR,920190
31725848,113,9861,2019,1041.0,36743.0,-0.003529,0.255816,JOR,920190
31725849,113,9861,2020,0.0,44395.0,-0.060384,0.139902,JOR,920190
31725850,114,9861,1995,1824327.0,5364912.0,2.56822,0.927307,JPN,920190
31725851,114,9861,1996,2078931.0,6422146.0,2.615364,0.5656939999999999,JPN,920190
31725852,114,9861,1997,2308967.0,5949609.0,2.631846,0.553144,JPN,920190
31725853,114,9861,1998,2853456.0,2641652.0,2.550442,0.718063,JPN,920190
31725854,114,9861,1999,4187539.0,9336636.0,2.541382,0.693702,JPN,920190
31725855,114,9861,2000,4154966.0,3185736.0,2.579611,0.464875,JPN,920190
31725856,114,9861,2001,2891508.0,1568338.0,2.585857,0.522663,JPN,920190
31725857,114,9861,2002,2922033.0,10565672.0,2.556057,0.497673,JPN,920190
31725858,114,9861,2003,2885318.0,4784066.0,2.4686630000000003,0.48072600000000004,JPN,920190
31725859,114,9861,2004,3724967.0,2240435.0,2.526624,0.452054,JPN,920190
31725860,114,9861,2005,3568463.0,1228973.0,2.392106,0.278652,JPN,920190
31725861,114,9861,2006,3835894.0,1512362.0,2.4348099999999997,0.082887,JPN,920190
31725862,114,9861,2007,4875268.0,2013869.0,2.313259,0.186703,JPN,920190
31725863,114,9861,2008,3588987.0,1241781.0,2.285056,0.036255,JPN,920190
31725864,114,9861,2009,4684475.0,1802834.0,2.306791,-0.251712,JPN,920190
31725865,114,9861,2010,5576043.0,4866355.0,2.459723,-0.279387,JPN,920190
31725866,114,9861,2011,5262690.0,3892561.0,2.516395,-0.534301,JPN,920190
31725867,114,9861,2012,5354388.0,5708875.0,2.359022,-0.553565,JPN,920190
31725868,114,9861,2013,4122950.0,6340160.0,2.3993130000000003,-0.564768,JPN,920190
31725869,114,9861,2014,3714235.0,5662697.0,2.403165,-0.635024,JPN,920190
31725870,114,9861,2015,4651547.0,9019711.0,2.516133,-0.484202,JPN,920190
31725871,114,9861,2016,2570763.0,11125516.0,2.574025,-0.34859,JPN,920190
31725872,114,9861,2017,3900631.0,7123497.0,2.4510419999999997,-0.277357,JPN,920190
31725873,114,9861,2018,2432403.0,695226.0,2.514533,-0.416074,JPN,920190
31725874,114,9861,2019,2723247.0,521598.0,2.4931509999999997,-0.558811,JPN,920190
31725875,114,9861,2020,1373355.0,641070.0,2.405659,-0.38169000000000003,JPN,920190
31725876,115,9861,1995,1137.0,0.0,0.280262,-0.285508,KAZ,920190
31725877,115,9861,1996,0.0,27175.0,0.48902799999999996,0.154932,KAZ,920190
31725878,115,9861,1997,71547.0,1924.0,0.44044300000000003,-0.10249000000000001,KAZ,920190
31725879,115,9861,1998,,,0.245507,-0.389842,KAZ,920190
31725880,115,9861,1999,,,-0.035315,-0.514845,KAZ,920190
31725881,115,9861,2000,0.0,7116.0,-0.019137,-0.683485,KAZ,920190
31725882,115,9861,2001,0.0,36161.0,0.009714,-0.525899,KAZ,920190
31725883,115,9861,2002,1685.0,0.0,-0.065332,-0.616159,KAZ,920190
31725884,115,9861,2003,,,-0.156326,-0.62092,KAZ,920190
31725885,115,9861,2004,0.0,42726.0,-0.09288300000000001,-0.537664,KAZ,920190
31725886,115,9861,2005,,,-0.06211900000000001,-0.641976,KAZ,920190
31725887,115,9861,2006,1660.0,36067.0,0.038229,-0.579421,KAZ,920190
31725888,115,9861,2007,0.0,104841.0,-0.171218,-0.630279,KAZ,920190
31725889,115,9861,2008,14672.0,59305.0,-0.43055200000000005,-0.6852590000000001,KAZ,920190
31725890,115,9861,2009,0.0,22210.0,-0.6547970000000001,-0.772256,KAZ,920190
31725891,115,9861,2010,0.0,339599.0,-0.6278020000000001,-0.8419760000000001,KAZ,920190
31725892,115,9861,2011,0.0,391750.0,-0.514687,-0.775671,KAZ,920190
31725893,115,9861,2012,0.0,54662.0,-0.191363,-0.452845,KAZ,920190
31725894,115,9861,2013,0.0,38828.0,-0.680678,-0.83347,KAZ,920190
31725895,115,9861,2014,0.0,148675.0,-0.210431,-0.574075,KAZ,920190
31725896,115,9861,2015,0.0,45003.0,-0.45091499999999995,-0.652026,KAZ,920190
31725897,115,9861,2016,0.0,28750.0,-0.376397,-0.553639,KAZ,920190
31725898,115,9861,2017,0.0,260350.0,-0.394316,-0.5485979999999999,KAZ,920190
31725899,115,9861,2018,0.0,35317.0,-0.483862,-0.667417,KAZ,920190
31725900,115,9861,2019,0.0,248340.0,-0.26529400000000003,-0.523479,KAZ,920190
31725901,115,9861,2020,0.0,125820.0,-0.48361899999999997,-0.626675,KAZ,920190
31725902,116,9861,1995,,,-0.303773,0.111305,KEN,920190
31725903,116,9861,1996,0.0,4233.0,-0.468322,-0.017625,KEN,920190
31725904,116,9861,1997,0.0,16446.0,-0.399028,0.196115,KEN,920190
31725905,116,9861,1998,0.0,26012.0,-0.434978,0.10193300000000001,KEN,920190
31725906,116,9861,1999,1351.0,51886.0,-0.336125,0.43983999999999995,KEN,920190
31725907,116,9861,2000,1189.0,57484.0,-0.537967,0.011763,KEN,920190
31725908,116,9861,2001,1521.0,23219.0,-0.529388,0.092271,KEN,920190
31725909,116,9861,2002,1070.0,9038.0,-0.555812,0.169204,KEN,920190
31725910,116,9861,2003,980.0,41603.0,-0.3531,0.582992,KEN,920190
31725911,116,9861,2004,0.0,26512.0,-0.503694,0.410495,KEN,920190
31725912,116,9861,2005,3971.0,71842.0,-0.507389,0.769896,KEN,920190
31725913,116,9861,2006,3339.0,87642.0,-0.38287899999999997,1.060286,KEN,920190
31725914,116,9861,2007,4154.0,119156.0,-0.44365299999999996,0.858692,KEN,920190
31725915,116,9861,2008,7984.0,112627.0,-0.284528,0.9378610000000001,KEN,920190
31725916,116,9861,2009,5882.0,119619.0,-0.26477399999999995,0.932587,KEN,920190
31725917,116,9861,2010,2256.0,131232.0,-0.387187,1.010443,KEN,920190
31725918,116,9861,2011,0.0,2796.0,-0.48319300000000004,0.346927,KEN,920190
31725919,116,9861,2012,16766.0,40220.0,-0.35581599999999997,0.29003,KEN,920190
31725920,116,9861,2013,5273.0,72607.0,-0.448112,0.8672719999999999,KEN,920190
31725921,116,9861,2014,6305.0,44288.0,-0.487058,0.307288,KEN,920190
31725922,116,9861,2015,16519.0,46802.0,-0.453564,0.433325,KEN,920190
31725923,116,9861,2016,35005.0,24251.0,-0.535616,0.520101,KEN,920190
31725924,116,9861,2017,2745.0,196033.0,-0.579541,0.511926,KEN,920190
31725925,116,9861,2018,4074.0,230306.0,-0.32707800000000004,0.71009,KEN,920190
31725926,116,9861,2019,5503.0,210756.0,-0.406684,0.8588969999999999,KEN,920190
31725927,116,9861,2020,0.0,48770.0,-0.496446,0.562476,KEN,920190
31725928,117,9861,1995,,,0.361272,0.047797000000000006,KGZ,920190
31725929,117,9861,1996,,,0.350901,0.529512,KGZ,920190
31725930,117,9861,1997,,,0.023634,-0.194868,KGZ,920190
31725931,117,9861,1998,,,0.11446500000000001,-0.24638000000000002,KGZ,920190
31725932,117,9861,1999,,,-0.152916,-0.33076300000000003,KGZ,920190
31725933,117,9861,2000,0.0,1994.0,0.365421,0.333017,KGZ,920190
31725934,117,9861,2001,,,0.23332199999999997,0.256019,KGZ,920190
31725935,117,9861,2002,,,0.081807,0.16872,KGZ,920190
31725936,117,9861,2003,,,0.25359699999999996,0.24101199999999998,KGZ,920190
31725937,117,9861,2004,0.0,1721.0,0.005121,0.176652,KGZ,920190
31725938,117,9861,2005,,,-0.197277,0.169736,KGZ,920190
31725939,117,9861,2006,,,-0.034069,0.136694,KGZ,920190
31725940,117,9861,2007,,,-0.190437,-0.23665999999999998,KGZ,920190
31725941,117,9861,2008,,,-0.287826,-0.11858699999999998,KGZ,920190
31725942,117,9861,2009,,,-0.251815,0.144822,KGZ,920190
31725943,117,9861,2010,,,-0.48426400000000003,-0.169443,KGZ,920190
31725944,117,9861,2011,1556.0,0.0,-0.323348,0.164469,KGZ,920190
31725945,117,9861,2012,,,-0.12369000000000001,0.22339,KGZ,920190
31725946,117,9861,2013,,,-0.1035,0.339914,KGZ,920190
31725947,117,9861,2014,,,-0.31942600000000004,-0.012454,KGZ,920190
31725948,117,9861,2015,,,0.02058,0.438692,KGZ,920190
31725949,117,9861,2016,,,0.010529,0.287462,KGZ,920190
31725950,117,9861,2017,0.0,21074.0,-0.11530599999999999,0.264752,KGZ,920190
31725951,117,9861,2018,0.0,27422.0,-0.141491,0.33161,KGZ,920190
31725952,117,9861,2019,0.0,56072.0,-0.297072,0.306611,KGZ,920190
31725953,117,9861,2020,0.0,18155.0,-0.117317,0.36644,KGZ,920190
31725954,118,9861,1995,,,-1.275951,-1.144633,KHM,920190
31725955,118,9861,1996,,,-1.110741,-1.089434,KHM,920190
31725956,118,9861,1997,,,-1.458246,-1.243995,KHM,920190
31725957,118,9861,1998,,,-1.626686,-1.307157,KHM,920190
31725958,118,9861,1999,,,-1.5727360000000001,-1.2731629999999998,KHM,920190
31725959,118,9861,2000,0.0,5132.0,-1.172428,-1.0914139999999999,KHM,920190
31725960,118,9861,2001,0.0,14369.0,-1.231058,-1.154536,KHM,920190
31725961,118,9861,2002,,,-1.231783,-1.1518700000000002,KHM,920190
31725962,118,9861,2003,0.0,31675.0,-1.0165620000000002,-1.060454,KHM,920190
31725963,118,9861,2004,1617.0,27236.0,-1.4676209999999998,-1.1972639999999999,KHM,920190
31725964,118,9861,2005,0.0,8438.0,-1.423555,-1.177331,KHM,920190
31725965,118,9861,2006,,,-1.323365,-1.185827,KHM,920190
31725966,118,9861,2007,0.0,13565.0,-1.1822489999999999,-1.129066,KHM,920190
31725967,118,9861,2008,0.0,20996.0,-1.064815,-1.098892,KHM,920190
31725968,118,9861,2009,0.0,417848.0,-1.194288,-1.09924,KHM,920190
31725969,118,9861,2010,8550.0,28683.0,-1.158906,-1.019906,KHM,920190
31725970,118,9861,2011,0.0,24587.0,-1.162858,-1.103539,KHM,920190
31725971,118,9861,2012,0.0,63375.0,-0.979144,-1.014426,KHM,920190
31725972,118,9861,2013,13375.0,35079.0,-1.054758,-0.872352,KHM,920190
31725973,118,9861,2014,6343.0,57616.0,-0.84072,-0.8307040000000001,KHM,920190
31725974,118,9861,2015,597.0,31169.0,-0.791985,-0.833046,KHM,920190
31725975,118,9861,2016,884.0,19676.0,-0.8365239999999999,-0.794615,KHM,920190
31725976,118,9861,2017,19225.0,31298.0,-0.656325,-0.622167,KHM,920190
31725977,118,9861,2018,0.0,36892.0,-0.45740299999999995,-0.575966,KHM,920190
31725978,118,9861,2019,225384.0,108205.0,-0.7499359999999999,-0.627125,KHM,920190
31725979,118,9861,2020,193158.0,4229.0,-0.602562,-0.505135,KHM,920190
31725980,119,9861,1995,,,-0.610582,-0.748798,KIR,920190
31725981,119,9861,1996,0.0,3192.0,-0.090837,-0.644005,KIR,920190
31725982,119,9861,1997,,,-0.9250889999999999,-0.866958,KIR,920190
31725983,119,9861,1998,,,-0.8943610000000001,-0.89439,KIR,920190
31725984,119,9861,1999,,,-0.3417,-0.8385040000000001,KIR,920190
31725985,119,9861,2000,,,-0.373924,-0.863806,KIR,920190
31725986,119,9861,2001,,,1.070549,-0.712515,KIR,920190
31725987,119,9861,2002,,,0.016975,-0.791141,KIR,920190
31725988,119,9861,2003,0.0,2317.0,-0.140282,-0.787443,KIR,920190
31725989,119,9861,2004,,,-0.552158,-0.831923,KIR,920190
31725990,119,9861,2005,,,-0.5289149999999999,-0.804243,KIR,920190
31725991,119,9861,2006,,,0.218218,-0.669244,KIR,920190
31725992,119,9861,2007,,,0.106985,-0.654763,KIR,920190
31725993,119,9861,2008,,,0.122065,-0.667883,KIR,920190
31725994,119,9861,2009,,,-0.41403999999999996,-0.8960100000000001,KIR,920190
31725995,119,9861,2010,0.0,934.0,0.252151,-0.727326,KIR,920190
31725996,119,9861,2011,,,0.129038,-0.670175,KIR,920190
31725997,119,9861,2012,,,-0.5625760000000001,-0.803443,KIR,920190
31725998,119,9861,2013,,,-0.258825,-0.781927,KIR,920190
31725999,119,9861,2014,,,0.708907,-0.540813,KIR,920190
31726000,119,9861,2015,0.0,912.0,-0.257871,-0.858136,KIR,920190
31726001,119,9861,2016,,,0.23475300000000002,-0.789514,KIR,920190
31726002,119,9861,2017,0.0,1748.0,-0.912241,-0.907758,KIR,920190
31726003,119,9861,2018,,,-0.321563,-0.9075110000000001,KIR,920190
31726004,119,9861,2019,,,-0.719943,-0.9396709999999999,KIR,920190
31726005,119,9861,2020,0.0,5939.0,-0.9781629999999999,-0.936783,KIR,920190
31726006,120,9861,1995,1714.0,0.0,0.45250200000000007,-0.45284399999999997,KNA,920190
31726007,120,9861,1996,0.0,841.0,0.546384,-0.463373,KNA,920190
31726008,120,9861,1997,0.0,1595.0,0.8765370000000001,-0.268836,KNA,920190
31726009,120,9861,1998,,,0.856974,-0.416976,KNA,920190
31726010,120,9861,1999,3782.0,0.0,0.670532,-0.45786400000000005,KNA,920190
31726011,120,9861,2000,,,0.70972,-0.526818,KNA,920190
31726012,120,9861,2001,0.0,1195.0,0.612222,-0.440733,KNA,920190
31726013,120,9861,2002,24090.0,4063.0,0.911442,-0.26164899999999996,KNA,920190
31726014,120,9861,2003,0.0,4966.0,0.555154,-0.405962,KNA,920190
31726015,120,9861,2004,0.0,3228.0,0.538271,-0.43505299999999997,KNA,920190
31726016,120,9861,2005,2109.0,3682.0,0.9313739999999999,-0.44211999999999996,KNA,920190
31726017,120,9861,2006,0.0,1408.0,0.896119,-0.309349,KNA,920190
31726018,120,9861,2007,0.0,10619.0,1.21646,-0.190821,KNA,920190
31726019,120,9861,2008,0.0,5567.0,1.2613,-0.136295,KNA,920190
31726020,120,9861,2009,0.0,12618.0,0.9218370000000001,-0.303977,KNA,920190
31726021,120,9861,2010,0.0,3182.0,0.9277790000000001,-0.42824799999999996,KNA,920190
31726022,120,9861,2011,7930.0,18107.0,1.056175,-0.19398800000000002,KNA,920190
31726023,120,9861,2012,0.0,3176.0,0.788275,-0.314756,KNA,920190
31726024,120,9861,2013,0.0,7938.0,0.8500270000000001,-0.390234,KNA,920190
31726025,120,9861,2014,556.0,3767.0,0.9888950000000001,-0.28283800000000003,KNA,920190
31726026,120,9861,2015,0.0,15092.0,0.8252430000000001,-0.436662,KNA,920190
31726027,120,9861,2016,0.0,6916.0,0.620594,-0.4305,KNA,920190
31726028,120,9861,2017,0.0,8568.0,0.781625,-0.405177,KNA,920190
31726029,120,9861,2018,,,0.315069,-0.689573,KNA,920190
31726030,120,9861,2019,,,0.739775,-0.644166,KNA,920190
31726031,120,9861,2020,,,0.955462,-0.487217,KNA,920190
31726032,121,9861,1995,996768.0,757502.0,0.845175,1.2761799999999999,KOR,920190
31726033,121,9861,1996,384424.0,294380.0,0.8946940000000001,1.240424,KOR,920190
31726034,121,9861,1997,692459.0,141043.0,1.0478290000000001,1.2874370000000002,KOR,920190
31726035,121,9861,1998,584763.0,388548.0,0.999518,1.106351,KOR,920190
31726036,121,9861,1999,464825.0,282262.0,0.92448,1.053988,KOR,920190
31726037,121,9861,2000,523215.0,618401.0,1.0696700000000001,1.0182209999999998,KOR,920190
31726038,121,9861,2001,204079.0,503959.0,1.145797,1.0762399999999999,KOR,920190
31726039,121,9861,2002,275004.0,919711.0,1.186816,1.075947,KOR,920190
31726040,121,9861,2003,203346.0,730190.0,1.2611709999999998,0.956308,KOR,920190
31726041,121,9861,2004,342480.0,856922.0,1.3624690000000002,0.928342,KOR,920190
31726042,121,9861,2005,474537.0,704282.0,1.4051850000000001,0.815171,KOR,920190
31726043,121,9861,2006,421594.0,585790.0,1.5384309999999999,0.766628,KOR,920190
31726044,121,9861,2007,174469.0,1405712.0,1.497359,0.726637,KOR,920190
31726045,121,9861,2008,594057.0,376369.0,1.491687,0.814692,KOR,920190
31726046,121,9861,2009,1382340.0,441242.0,1.509336,0.784515,KOR,920190
31726047,121,9861,2010,5252788.0,438715.0,1.7118849999999999,0.762362,KOR,920190
31726048,121,9861,2011,4562222.0,905242.0,1.731371,0.8306879999999999,KOR,920190
31726049,121,9861,2012,3828962.0,922248.0,1.632917,0.877742,KOR,920190
31726050,121,9861,2013,2513843.0,1186954.0,1.818383,0.75645,KOR,920190
31726051,121,9861,2014,2375465.0,778274.0,1.817145,0.8394530000000001,KOR,920190
31726052,121,9861,2015,1979850.0,3077094.0,1.900653,0.859406,KOR,920190
31726053,121,9861,2016,3048829.0,902254.0,2.086184,0.724318,KOR,920190
31726054,121,9861,2017,2122526.0,2312877.0,2.011263,0.783215,KOR,920190
31726055,121,9861,2018,1566598.0,534920.0,2.093866,0.764303,KOR,920190
31726056,121,9861,2019,1343706.0,1583879.0,2.115482,0.696838,KOR,920190
31726057,121,9861,2020,602596.0,511352.0,1.9703950000000001,0.800826,KOR,920190
31726058,122,9861,1995,,,-0.226273,-1.02354,KWT,920190
31726059,122,9861,1996,0.0,1512.0,-0.27174499999999996,-1.098243,KWT,920190
31726060,122,9861,1997,,,-0.660185,-1.1410129999999998,KWT,920190
31726061,122,9861,1998,,,0.037029,-1.054761,KWT,920190
31726062,122,9861,1999,0.0,19926.0,0.028312999999999998,-1.0742770000000001,KWT,920190
31726063,122,9861,2000,,,-0.6112270000000001,-1.149326,KWT,920190
31726064,122,9861,2001,,,-0.8197,-1.183758,KWT,920190
31726065,122,9861,2002,0.0,1268.0,-0.6629550000000001,-1.157214,KWT,920190
31726066,122,9861,2003,,,-0.7943640000000001,-1.1529770000000001,KWT,920190
31726067,122,9861,2004,1413.0,1958.0,-0.481908,-1.172081,KWT,920190
31726068,122,9861,2005,0.0,2120.0,0.259466,-1.023932,KWT,920190
31726069,122,9861,2006,1396.0,129596.0,-0.589823,-1.142795,KWT,920190
31726070,122,9861,2007,22645.0,127126.0,-0.8265030000000001,-1.166243,KWT,920190
31726071,122,9861,2008,3187.0,72135.0,-1.401297,-1.142945,KWT,920190
31726072,122,9861,2009,2067.0,62048.0,-1.386993,-1.203527,KWT,920190
31726073,122,9861,2010,0.0,92830.0,0.067373,-1.0822120000000002,KWT,920190
31726074,122,9861,2011,123225.0,47221.0,-0.898582,-1.09893,KWT,920190
31726075,122,9861,2012,,,-0.7931600000000001,-1.096005,KWT,920190
31726076,122,9861,2013,7551.0,61698.0,-0.536384,-1.08382,KWT,920190
31726077,122,9861,2014,9267.0,25926.0,-0.769616,-1.10667,KWT,920190
31726078,122,9861,2015,2682.0,163277.0,-0.352023,-1.153057,KWT,920190
31726079,122,9861,2016,11612.0,42960.0,-0.31188,-1.1438620000000002,KWT,920190
31726080,122,9861,2017,8024.0,412191.0,-0.229821,-1.128482,KWT,920190
31726081,122,9861,2018,22200.0,520944.0,-0.668802,-1.154012,KWT,920190
31726082,122,9861,2019,7439.0,444649.0,0.081686,-1.087259,KWT,920190
31726083,122,9861,2020,1108.0,522428.0,-0.072977,-1.090017,KWT,920190
31726084,123,9861,1995,,,-1.305146,-1.1964299999999999,LAO,920190
31726085,123,9861,1996,0.0,1200.0,-0.751092,-0.8680209999999999,LAO,920190
31726086,123,9861,1997,0.0,8740.0,-0.868848,-0.914637,LAO,920190
31726087,123,9861,1998,,,-1.251085,-1.1803219999999999,LAO,920190
31726088,123,9861,1999,,,-1.429411,-1.243248,LAO,920190
31726089,123,9861,2000,,,-1.4676120000000001,-1.25673,LAO,920190
31726090,123,9861,2001,,,-1.298653,-1.164605,LAO,920190
31726091,123,9861,2002,,,-1.255183,-1.163232,LAO,920190
31726092,123,9861,2003,,,-1.251741,-1.14364,LAO,920190
31726093,123,9861,2004,,,-1.274622,-1.082807,LAO,920190
31726094,123,9861,2005,,,-1.2717379999999998,-1.030638,LAO,920190
31726095,123,9861,2006,,,-1.1707450000000001,-1.057348,LAO,920190
31726096,123,9861,2007,,,-1.045213,-1.01482,LAO,920190
31726097,123,9861,2008,,,-1.09704,-0.934141,LAO,920190
31726098,123,9861,2009,,,-1.235693,-1.0440040000000002,LAO,920190
31726099,123,9861,2010,0.0,432492.0,-1.104075,-0.836772,LAO,920190
31726100,123,9861,2011,,,-1.135039,-0.929759,LAO,920190
31726101,123,9861,2012,,,-1.0873540000000002,-0.9584809999999999,LAO,920190
31726102,123,9861,2013,0.0,19590.0,-1.204446,-0.8571489999999999,LAO,920190
31726103,123,9861,2014,0.0,20386.0,-1.054294,-0.869916,LAO,920190
31726104,123,9861,2015,1895.0,11616.0,-0.927524,-0.74525,LAO,920190
31726105,123,9861,2016,0.0,1048.0,-0.9781479999999999,-0.8272860000000001,LAO,920190
31726106,123,9861,2017,0.0,5362.0,-0.9742190000000001,-0.727593,LAO,920190
31726107,123,9861,2018,0.0,7904.0,-0.788808,-0.8012670000000001,LAO,920190
31726108,123,9861,2019,6294.0,6607.0,-0.8232889999999999,-0.7276590000000001,LAO,920190
31726109,123,9861,2020,1465.0,11830.0,-0.741151,-0.689088,LAO,920190
31726110,124,9861,1995,,,0.027416000000000003,0.327795,LBN,920190
31726111,124,9861,1996,0.0,8074.0,-0.051973,0.002154,LBN,920190
31726112,124,9861,1997,9706.0,124397.0,0.334291,0.783104,LBN,920190
31726113,124,9861,1998,5049.0,134736.0,0.23803200000000002,0.9927860000000001,LBN,920190
31726114,124,9861,1999,10003.0,233586.0,0.264151,0.767188,LBN,920190
31726115,124,9861,2000,5476.0,74370.0,0.24766100000000002,0.85467,LBN,920190
31726116,124,9861,2001,3013.0,156699.0,0.165355,0.988008,LBN,920190
31726117,124,9861,2002,3491.0,184555.0,0.2729,1.254232,LBN,920190
31726118,124,9861,2003,10521.0,249125.0,0.261687,1.053856,LBN,920190
31726119,124,9861,2004,10936.0,278029.0,0.32409899999999997,1.037024,LBN,920190
31726120,124,9861,2005,5727.0,346660.0,0.398304,1.439764,LBN,920190
31726121,124,9861,2006,3726.0,270184.0,0.3861,1.586183,LBN,920190
31726122,124,9861,2007,9364.0,327791.0,0.47468,1.775191,LBN,920190
31726123,124,9861,2008,34687.0,643793.0,0.46133100000000005,1.4598149999999999,LBN,920190
31726124,124,9861,2009,105463.0,743730.0,0.48618599999999995,1.4748620000000001,LBN,920190
31726125,124,9861,2010,20306.0,772351.0,0.415854,1.424085,LBN,920190
31726126,124,9861,2011,2600.0,519527.0,0.278393,1.2962879999999999,LBN,920190
31726127,124,9861,2012,58089.0,994680.0,0.38759,1.446025,LBN,920190
31726128,124,9861,2013,16331.0,744062.0,0.283084,1.4289100000000001,LBN,920190
31726129,124,9861,2014,28220.0,441864.0,0.308677,1.7564490000000001,LBN,920190
31726130,124,9861,2015,17719.0,432629.0,0.317355,1.330374,LBN,920190
31726131,124,9861,2016,10131.0,446543.0,0.285829,1.0818139999999998,LBN,920190
31726132,124,9861,2017,6043.0,396510.0,0.266847,1.117621,LBN,920190
31726133,124,9861,2018,17518.0,934080.0,0.270554,0.9995149999999999,LBN,920190
31726134,124,9861,2019,7316.0,741568.0,0.26155700000000004,1.062317,LBN,920190
31726135,124,9861,2020,33589.0,183683.0,0.35459,1.067965,LBN,920190
31726136,125,9861,1995,,,-0.683329,-1.058242,LBR,920190
31726137,125,9861,1996,,,-0.6975779999999999,-1.0896290000000002,LBR,920190
31726138,125,9861,1997,,,-0.468764,-1.087005,LBR,920190
31726139,125,9861,1998,,,-0.41130600000000006,-1.096049,LBR,920190
31726140,125,9861,1999,,,0.08996799999999999,-1.014859,LBR,920190
31726141,125,9861,2000,,,-0.603775,-1.132357,LBR,920190
31726142,125,9861,2001,,,-0.49036,-1.126565,LBR,920190
31726143,125,9861,2002,,,-0.508416,-1.121658,LBR,920190
31726144,125,9861,2003,,,0.026117,-1.03888,LBR,920190
31726145,125,9861,2004,,,0.016191,-1.070051,LBR,920190
31726146,125,9861,2005,,,-0.6951890000000001,-1.101651,LBR,920190
31726147,125,9861,2006,,,-0.679188,-1.0969389999999999,LBR,920190
31726148,125,9861,2007,,,-0.866643,-1.124112,LBR,920190
31726149,125,9861,2008,,,-0.20785900000000002,-0.9568030000000001,LBR,920190
31726150,125,9861,2009,,,-0.07508,-0.994632,LBR,920190
31726151,125,9861,2010,,,-0.527834,-1.045908,LBR,920190
31726152,125,9861,2011,0.0,4865.0,-0.318463,-0.9367489999999999,LBR,920190
31726153,125,9861,2012,,,-0.699557,-1.083059,LBR,920190
31726154,125,9861,2013,,,-0.41869399999999996,-0.9538770000000001,LBR,920190
31726155,125,9861,2014,,,-1.016828,-1.107983,LBR,920190
31726156,125,9861,2015,0.0,26432.0,-1.087459,-1.195708,LBR,920190
31726157,125,9861,2016,,,-0.870345,-1.113277,LBR,920190
31726158,125,9861,2017,,,-0.355064,-0.977613,LBR,920190
31726159,125,9861,2018,,,-1.022881,-1.124718,LBR,920190
31726160,125,9861,2019,,,-1.288568,-1.172395,LBR,920190
31726161,125,9861,2020,,,-1.614715,-1.185446,LBR,920190
31726162,126,9861,1995,,,-0.353547,-1.019464,LBY,920190
31726163,126,9861,1996,,,-0.588489,-1.138552,LBY,920190
31726164,126,9861,1997,,,-0.49745600000000006,-1.126254,LBY,920190
31726165,126,9861,1998,,,-0.303379,-1.1347180000000001,LBY,920190
31726166,126,9861,1999,,,-0.269375,-1.145758,LBY,920190
31726167,126,9861,2000,0.0,7732.0,-0.49665200000000004,-1.130641,LBY,920190
31726168,126,9861,2001,0.0,18128.0,-0.9321459999999999,-1.198124,LBY,920190
31726169,126,9861,2002,,,-0.568615,-1.172261,LBY,920190
31726170,126,9861,2003,,,-0.36075999999999997,-1.110575,LBY,920190
31726171,126,9861,2004,,,-0.42119700000000004,-1.179463,LBY,920190
31726172,126,9861,2005,,,-0.159698,-1.126737,LBY,920190
31726173,126,9861,2006,0.0,1850.0,-0.518724,-1.142074,LBY,920190
31726174,126,9861,2007,0.0,5731.0,-0.8669959999999999,-1.167363,LBY,920190
31726175,126,9861,2008,0.0,5220.0,-1.156353,-1.133716,LBY,920190
31726176,126,9861,2009,0.0,1350.0,-1.196032,-1.1829,LBY,920190
31726177,126,9861,2010,,,-0.706491,-1.140822,LBY,920190
31726178,126,9861,2011,,,-1.680464,-1.148511,LBY,920190
31726179,126,9861,2012,0.0,3676.0,-3.1086240000000003,-1.185131,LBY,920190
31726180,126,9861,2013,0.0,1835.0,-1.6241459999999999,-1.1817950000000002,LBY,920190
31726181,126,9861,2014,0.0,1786.0,-1.5943829999999999,-1.189961,LBY,920190
31726182,126,9861,2015,,,-1.3257219999999998,-1.260453,LBY,920190
31726183,126,9861,2016,,,-1.021925,-1.2316790000000002,LBY,920190
31726184,126,9861,2017,,,-1.156635,-1.212561,LBY,920190
31726185,126,9861,2018,,,-1.608786,-1.231101,LBY,920190
31726186,126,9861,2019,0.0,11319.0,-1.552842,-1.2316690000000001,LBY,920190
31726187,126,9861,2020,0.0,4404.0,-1.0431840000000001,-1.187957,LBY,920190
31726188,127,9861,1995,0.0,40008.0,0.194177,-0.359444,LCA,920190
31726189,127,9861,1996,0.0,4004.0,0.016224000000000002,-0.664312,LCA,920190
31726190,127,9861,1997,0.0,3998.0,-0.148373,-0.516139,LCA,920190
31726191,127,9861,1998,0.0,5446.0,-0.056641,-0.672786,LCA,920190
31726192,127,9861,1999,0.0,5893.0,-0.129026,-0.630046,LCA,920190
31726193,127,9861,2000,0.0,1324.0,0.025498,-0.599171,LCA,920190
31726194,127,9861,2001,0.0,1923.0,0.004518,-0.5326770000000001,LCA,920190
31726195,127,9861,2002,0.0,12995.0,0.14441700000000002,-0.38146599999999997,LCA,920190
31726196,127,9861,2003,0.0,44820.0,0.318385,-0.342679,LCA,920190
31726197,127,9861,2004,4303.0,2691.0,0.233152,-0.351169,LCA,920190
31726198,127,9861,2005,0.0,14185.0,0.795038,-0.40244,LCA,920190
31726199,127,9861,2006,2210.0,49039.0,1.118348,-0.17618,LCA,920190
31726200,127,9861,2007,0.0,2138.0,0.7445430000000001,-0.187834,LCA,920190
31726201,127,9861,2008,0.0,5792.0,0.42267899999999997,0.005129,LCA,920190
31726202,127,9861,2009,0.0,1968.0,0.34839699999999996,-0.531658,LCA,920190
31726203,127,9861,2010,0.0,18527.0,0.446162,-0.279229,LCA,920190
31726204,127,9861,2011,0.0,13616.0,0.639295,-0.17407999999999998,LCA,920190
31726205,127,9861,2012,0.0,6842.0,0.526261,-0.10413199999999999,LCA,920190
31726206,127,9861,2013,0.0,3795.0,0.265129,-0.5083949999999999,LCA,920190
31726207,127,9861,2014,336.0,6987.0,0.29035500000000003,-0.603541,LCA,920190
31726208,127,9861,2015,0.0,11398.0,0.5410590000000001,-0.484234,LCA,920190
31726209,127,9861,2016,383.0,7370.0,0.397746,-0.405285,LCA,920190
31726210,127,9861,2017,0.0,13102.0,0.458896,-0.149195,LCA,920190
31726211,127,9861,2018,0.0,17937.0,0.18656,-0.143406,LCA,920190
31726212,127,9861,2019,1159.0,14765.0,0.21145,-0.08792699999999999,LCA,920190
31726213,127,9861,2020,,,0.044785000000000005,-0.59519,LCA,920190
31726214,128,9861,1995,0.0,2021.0,-0.8358030000000001,-0.29397199999999996,LKA,920190
31726215,128,9861,1996,,,-0.812763,-0.188722,LKA,920190
31726216,128,9861,1997,0.0,21315.0,-0.925745,-0.308559,LKA,920190
31726217,128,9861,1998,0.0,2214.0,-0.933293,-0.233566,LKA,920190
31726218,128,9861,1999,947.0,6332.0,-0.8875649999999999,-0.059249,LKA,920190
31726219,128,9861,2000,0.0,31565.0,-0.8783549999999999,-0.074326,LKA,920190
31726220,128,9861,2001,0.0,22506.0,-0.722434,-0.033818,LKA,920190
31726221,128,9861,2002,0.0,78077.0,-0.740927,0.023171,LKA,920190
31726222,128,9861,2003,0.0,12563.0,-0.618057,0.101931,LKA,920190
31726223,128,9861,2004,0.0,35382.0,-0.658668,0.21912600000000002,LKA,920190
31726224,128,9861,2005,25460.0,73621.0,-0.718592,0.22666,LKA,920190
31726225,128,9861,2006,4823.0,29241.0,-0.573767,0.305913,LKA,920190
31726226,128,9861,2007,1910.0,59401.0,-0.568577,0.364717,LKA,920190
31726227,128,9861,2008,6127.0,48589.0,-0.48245200000000005,0.295892,LKA,920190
31726228,128,9861,2009,1011.0,41325.0,-0.653836,0.174403,LKA,920190
31726229,128,9861,2010,4618.0,785718.0,-0.70886,0.25216700000000003,LKA,920190
31726230,128,9861,2011,0.0,176109.0,-0.559311,0.398905,LKA,920190
31726231,128,9861,2012,4301.0,127700.0,-0.49648100000000006,0.48185200000000006,LKA,920190
31726232,128,9861,2013,7818.0,174821.0,-0.6521779999999999,0.41258599999999995,LKA,920190
31726233,128,9861,2014,4347.0,78125.0,-0.49366899999999997,0.338686,LKA,920190
31726234,128,9861,2015,1054.0,94259.0,-0.6773399999999999,0.386343,LKA,920190
31726235,128,9861,2016,3055.0,71966.0,-0.562869,0.49937,LKA,920190
31726236,128,9861,2017,0.0,96848.0,-0.46442799999999995,0.472132,LKA,920190
31726237,128,9861,2018,0.0,54153.0,-0.544504,0.41074099999999997,LKA,920190
31726238,128,9861,2019,6934.0,66710.0,-0.592952,0.394811,LKA,920190
31726239,128,9861,2020,985.0,19556.0,-0.48448599999999997,0.5495220000000001,LKA,920190
31726240,129,9861,1995,,,,,LSO,920190
31726241,129,9861,1996,,,,,LSO,920190
31726242,129,9861,1997,,,,,LSO,920190
31726243,129,9861,1998,,,,,LSO,920190
31726244,129,9861,1999,,,,,LSO,920190
31726245,129,9861,2000,,,-0.8855850000000001,-0.9470620000000001,LSO,920190
31726246,129,9861,2001,0.0,7599.0,-0.786499,-0.7595729999999999,LSO,920190
31726247,129,9861,2002,,,-1.342265,-1.057032,LSO,920190
31726248,129,9861,2003,,,-1.405425,-1.046031,LSO,920190
31726249,129,9861,2004,0.0,2795.0,-1.343146,-1.041126,LSO,920190
31726250,129,9861,2005,,,-1.8343599999999998,-1.077212,LSO,920190
31726251,129,9861,2006,,,-1.006497,-0.957676,LSO,920190
31726252,129,9861,2007,,,-0.122333,-0.7552439999999999,LSO,920190
31726253,129,9861,2008,0.0,9781.0,-0.9549120000000001,-0.987166,LSO,920190
31726254,129,9861,2009,0.0,1492.0,-1.446041,-1.102158,LSO,920190
31726255,129,9861,2010,0.0,3570.0,-0.7534529999999999,-0.759605,LSO,920190
31726256,129,9861,2011,0.0,63675.0,-0.868226,-0.764548,LSO,920190
31726257,129,9861,2012,0.0,4311.0,-0.579926,-0.732004,LSO,920190
31726258,129,9861,2013,0.0,5263.0,-0.7396689999999999,-0.696625,LSO,920190
31726259,129,9861,2014,0.0,12814.0,-0.59647,-0.58713,LSO,920190
31726260,129,9861,2015,0.0,30960.0,-0.910168,-0.870865,LSO,920190
31726261,129,9861,2016,2355.0,11710.0,-0.891036,-0.807709,LSO,920190
31726262,129,9861,2017,0.0,9283.0,-0.955398,-0.824111,LSO,920190
31726263,129,9861,2018,0.0,2874.0,-0.413303,-0.46411899999999995,LSO,920190
31726264,129,9861,2019,0.0,4360.0,-0.905482,-0.69457,LSO,920190
31726265,129,9861,2020,0.0,6248.0,-0.968781,-0.770512,LSO,920190
31726266,130,9861,1995,0.0,4940.0,0.41220500000000004,0.966966,LTU,920190
31726267,130,9861,1996,0.0,23550.0,0.40520500000000004,0.9465950000000001,LTU,920190
31726268,130,9861,1997,0.0,75131.0,0.377245,0.8823270000000001,LTU,920190
31726269,130,9861,1998,0.0,20577.0,0.27073,0.692656,LTU,920190
31726270,130,9861,1999,0.0,67996.0,0.197536,0.5041899999999999,LTU,920190
31726271,130,9861,2000,4182.0,9476.0,0.22596799999999997,0.550341,LTU,920190
31726272,130,9861,2001,2866.0,17391.0,0.15706900000000001,0.416663,LTU,920190
31726273,130,9861,2002,,,0.23102399999999998,0.586078,LTU,920190
31726274,130,9861,2003,2398.0,34280.0,0.239608,0.517299,LTU,920190
31726275,130,9861,2004,2866.0,65556.0,0.403568,0.632707,LTU,920190
31726276,130,9861,2005,0.0,12536.0,0.365698,0.8917370000000001,LTU,920190
31726277,130,9861,2006,0.0,123221.0,0.44063599999999997,1.163857,LTU,920190
31726278,130,9861,2007,0.0,74950.0,0.604169,1.279982,LTU,920190
31726279,130,9861,2008,0.0,5525.0,0.59033,0.961408,LTU,920190
31726280,130,9861,2009,10489.0,6809.0,0.647736,1.150962,LTU,920190
31726281,130,9861,2010,0.0,10528.0,0.6390600000000001,1.144911,LTU,920190
31726282,130,9861,2011,35955.0,12136.0,0.747963,0.9759530000000001,LTU,920190
31726283,130,9861,2012,0.0,33859.0,0.771482,1.000405,LTU,920190
31726284,130,9861,2013,3804.0,19981.0,0.737796,1.215543,LTU,920190
31726285,130,9861,2014,9252.0,0.0,0.764495,1.3451540000000002,LTU,920190
31726286,130,9861,2015,11671.0,31997.0,0.749429,1.3659860000000001,LTU,920190
31726287,130,9861,2016,24764.0,22110.0,0.706929,1.419432,LTU,920190
31726288,130,9861,2017,11079.0,38078.0,0.855858,1.447717,LTU,920190
31726289,130,9861,2018,78919.0,128939.0,0.964249,1.4050200000000002,LTU,920190
31726290,130,9861,2019,32923.0,40916.0,0.858456,1.364581,LTU,920190
31726291,130,9861,2020,37756.0,8326.0,0.9772870000000001,1.291244,LTU,920190
31726292,131,9861,1995,,,,,LUX,920190
31726293,131,9861,1996,,,,,LUX,920190
31726294,131,9861,1997,,,,,LUX,920190
31726295,131,9861,1998,,,,,LUX,920190
31726296,131,9861,1999,,,1.499745,1.142951,LUX,920190
31726297,131,9861,2000,0.0,4366.0,1.331688,1.130817,LUX,920190
31726298,131,9861,2001,0.0,11887.0,1.470895,1.149007,LUX,920190
31726299,131,9861,2002,16311.0,20737.0,1.605378,1.152973,LUX,920190
31726300,131,9861,2003,0.0,17340.0,1.444996,1.063764,LUX,920190
31726301,131,9861,2004,0.0,12223.0,1.37529,1.0172649999999999,LUX,920190
31726302,131,9861,2005,7312.0,3851.0,1.399885,0.974292,LUX,920190
31726303,131,9861,2006,2333.0,0.0,1.4345620000000001,0.8840819999999999,LUX,920190
31726304,131,9861,2007,0.0,30249.0,1.390259,0.996566,LUX,920190
31726305,131,9861,2008,0.0,23216.0,1.39945,1.003857,LUX,920190
31726306,131,9861,2009,,,1.323336,1.026341,LUX,920190
31726307,131,9861,2010,,,1.272127,1.1051520000000001,LUX,920190
31726308,131,9861,2011,1057.0,11497.0,1.1655739999999999,1.222379,LUX,920190
31726309,131,9861,2012,2036.0,14321.0,1.131145,1.305768,LUX,920190
31726310,131,9861,2013,15342.0,60703.0,1.170459,1.150327,LUX,920190
31726311,131,9861,2014,0.0,64809.0,1.243845,1.155474,LUX,920190
31726312,131,9861,2015,0.0,43742.0,1.218924,1.247152,LUX,920190
31726313,131,9861,2016,0.0,12623.0,1.340054,1.30224,LUX,920190
31726314,131,9861,2017,0.0,7027.0,1.24064,1.298263,LUX,920190
31726315,131,9861,2018,114049.0,10911.0,1.1142889999999999,1.306066,LUX,920190
31726316,131,9861,2019,134278.0,7512.0,1.234145,1.3754309999999998,LUX,920190
31726317,131,9861,2020,840.0,4548.0,1.197655,1.432727,LUX,920190
31726318,132,9861,1995,4701.0,16500.0,0.25453400000000004,0.174809,LVA,920190
31726319,132,9861,1996,0.0,22457.0,0.33418600000000004,0.1615,LVA,920190
31726320,132,9861,1997,1064.0,0.0,0.398848,0.215206,LVA,920190
31726321,132,9861,1998,0.0,11180.0,0.322473,0.388421,LVA,920190
31726322,132,9861,1999,51159.0,65027.0,0.20633600000000002,0.324171,LVA,920190
31726323,132,9861,2000,1375.0,105657.0,0.392514,0.212175,LVA,920190
31726324,132,9861,2001,2256.0,86665.0,0.404136,0.461009,LVA,920190
31726325,132,9861,2002,4195.0,94742.0,0.45210200000000006,0.515388,LVA,920190
31726326,132,9861,2003,0.0,61437.0,0.520772,0.5631689999999999,LVA,920190
31726327,132,9861,2004,0.0,73719.0,0.413821,0.627853,LVA,920190
31726328,132,9861,2005,19416.0,0.0,0.439697,0.690283,LVA,920190
31726329,132,9861,2006,127901.0,122118.0,0.531375,0.9414170000000001,LVA,920190
31726330,132,9861,2007,,,0.61459,0.985358,LVA,920190
31726331,132,9861,2008,0.0,1759.0,0.655489,1.0811540000000002,LVA,920190
31726332,132,9861,2009,0.0,48549.0,0.675643,0.99977,LVA,920190
31726333,132,9861,2010,,,0.6158170000000001,1.1401059999999998,LVA,920190
31726334,132,9861,2011,,,0.7320939999999999,1.101321,LVA,920190
31726335,132,9861,2012,0.0,271431.0,0.71433,0.9376540000000001,LVA,920190
31726336,132,9861,2013,0.0,5013.0,0.6219439999999999,1.166749,LVA,920190
31726337,132,9861,2014,0.0,72804.0,0.613116,1.1899790000000001,LVA,920190
31726338,132,9861,2015,13187.0,0.0,0.602209,1.125357,LVA,920190
31726339,132,9861,2016,11208.0,6274.0,0.553592,1.19865,LVA,920190
31726340,132,9861,2017,25732.0,34763.0,0.684555,1.3208030000000002,LVA,920190
31726341,132,9861,2018,90194.0,29394.0,0.707168,1.294297,LVA,920190
31726342,132,9861,2019,21385.0,8778.0,0.7804300000000001,1.159592,LVA,920190
31726343,132,9861,2020,21856.0,58111.0,0.712901,1.119907,LVA,920190
31726344,133,9861,1995,0.0,3462.0,-0.149794,-0.26961799999999997,MAC,920190
31726345,133,9861,1996,0.0,3537.0,-0.23007399999999997,-0.34139400000000003,MAC,920190
31726346,133,9861,1997,0.0,2470.0,-0.238002,-0.361492,MAC,920190
31726347,133,9861,1998,979.0,0.0,-0.21838000000000002,-0.370322,MAC,920190
31726348,133,9861,1999,,,-0.365239,-0.380913,MAC,920190
31726349,133,9861,2000,38703.0,0.0,-0.370575,-0.47639499999999996,MAC,920190
31726350,133,9861,2001,3207.0,10699.0,-0.608406,-0.521662,MAC,920190
31726351,133,9861,2002,41274.0,894.0,-0.360172,-0.359367,MAC,920190
31726352,133,9861,2003,0.0,1238.0,-0.294516,-0.413828,MAC,920190
31726353,133,9861,2004,0.0,13406.0,-0.351045,-0.487521,MAC,920190
31726354,133,9861,2005,0.0,5451.0,-0.218324,-0.329027,MAC,920190
31726355,133,9861,2006,140021.0,6401.0,-0.07118200000000001,-0.228354,MAC,920190
31726356,133,9861,2007,1295.0,18914.0,0.168528,-0.150411,MAC,920190
31726357,133,9861,2008,86404.0,4048.0,0.352633,0.219317,MAC,920190
31726358,133,9861,2009,23427.0,16947.0,0.450395,0.6237739999999999,MAC,920190
31726359,133,9861,2010,45569.0,5537.0,0.545755,0.492997,MAC,920190
31726360,133,9861,2011,10689.0,7481.0,0.511015,0.560905,MAC,920190
31726361,133,9861,2012,0.0,3326.0,0.659177,0.583923,MAC,920190
31726362,133,9861,2013,0.0,40249.0,0.252209,0.184401,MAC,920190
31726363,133,9861,2014,0.0,35878.0,0.704535,0.5856140000000001,MAC,920190
31726364,133,9861,2015,0.0,18249.0,0.296288,0.32009499999999996,MAC,920190
31726365,133,9861,2016,0.0,9440.0,0.534935,0.185542,MAC,920190
31726366,133,9861,2017,0.0,30084.0,0.264006,-0.11028099999999999,MAC,920190
31726367,133,9861,2018,0.0,18625.0,0.44520299999999996,0.042491,MAC,920190
31726368,133,9861,2019,0.0,28685.0,0.397984,-0.061689,MAC,920190
31726369,133,9861,2020,0.0,39503.0,0.464354,0.020065,MAC,920190
31726370,134,9861,1995,0.0,67269.0,-0.6481210000000001,-0.22345,MAR,920190
31726371,134,9861,1996,1230.0,23183.0,-0.67314,-0.241242,MAR,920190
31726372,134,9861,1997,4071.0,27755.0,-0.649616,-0.260554,MAR,920190
31726373,134,9861,1998,0.0,7928.0,-0.7299479999999999,-0.23758200000000002,MAR,920190
31726374,134,9861,1999,0.0,28693.0,-0.659053,-0.142104,MAR,920190
31726375,134,9861,2000,0.0,10162.0,-0.664836,-0.282415,MAR,920190
31726376,134,9861,2001,0.0,5525.0,-0.75275,-0.280397,MAR,920190
31726377,134,9861,2002,0.0,19628.0,-0.810467,-0.34807899999999997,MAR,920190
31726378,134,9861,2003,0.0,29689.0,-0.6842050000000001,-0.217892,MAR,920190
31726379,134,9861,2004,1108.0,41908.0,-0.681556,-0.152372,MAR,920190
31726380,134,9861,2005,0.0,64210.0,-0.617355,-0.129666,MAR,920190
31726381,134,9861,2006,0.0,20490.0,-0.547933,0.08257300000000001,MAR,920190
31726382,134,9861,2007,0.0,45832.0,-0.5846560000000001,0.10927100000000001,MAR,920190
31726383,134,9861,2008,0.0,33812.0,-0.505734,-0.000516,MAR,920190
31726384,134,9861,2009,0.0,222851.0,-0.48819300000000004,0.173952,MAR,920190
31726385,134,9861,2010,0.0,62336.0,-0.5935229999999999,-0.056497000000000006,MAR,920190
31726386,134,9861,2011,0.0,154131.0,-0.485404,0.099828,MAR,920190
31726387,134,9861,2012,0.0,65488.0,-0.536297,-0.018561,MAR,920190
31726388,134,9861,2013,0.0,23808.0,-0.6494260000000001,-0.035075999999999996,MAR,920190
31726389,134,9861,2014,0.0,105458.0,-0.574034,0.065788,MAR,920190
31726390,134,9861,2015,7465.0,83821.0,-0.7554810000000001,-0.059697,MAR,920190
31726391,134,9861,2016,0.0,127882.0,-0.772795,-0.206511,MAR,920190
31726392,134,9861,2017,0.0,158906.0,-0.757236,-0.065347,MAR,920190
31726393,134,9861,2018,4610.0,715475.0,-0.712775,-0.090013,MAR,920190
31726394,134,9861,2019,3359.0,257523.0,-0.747739,-0.154125,MAR,920190
31726395,134,9861,2020,0.0,269206.0,-0.5208510000000001,-0.080499,MAR,920190
31726396,135,9861,1995,,,0.394058,0.124474,MDA,920190
31726397,135,9861,1996,,,0.198427,0.026004000000000003,MDA,920190
31726398,135,9861,1997,,,0.148579,-0.334685,MDA,920190
31726399,135,9861,1998,0.0,531.0,-0.112783,-0.276584,MDA,920190
31726400,135,9861,1999,,,-0.16408,-0.08062000000000001,MDA,920190
31726401,135,9861,2000,,,0.069239,0.02855,MDA,920190
31726402,135,9861,2001,,,-0.024822,-0.15323399999999998,MDA,920190
31726403,135,9861,2002,,,-0.186001,-0.141598,MDA,920190
31726404,135,9861,2003,,,-0.005154,-0.26107199999999997,MDA,920190
31726405,135,9861,2004,,,-0.155523,-0.355142,MDA,920190
31726406,135,9861,2005,,,-0.10179400000000001,-0.152093,MDA,920190
31726407,135,9861,2006,,,-0.017707,0.135305,MDA,920190
31726408,135,9861,2007,,,0.147801,0.13758299999999998,MDA,920190
31726409,135,9861,2008,,,0.096913,-0.095718,MDA,920190
31726410,135,9861,2009,,,0.009281999999999999,-0.039299,MDA,920190
31726411,135,9861,2010,,,-0.116797,0.037801,MDA,920190
31726412,135,9861,2011,,,-0.225556,0.28622,MDA,920190
31726413,135,9861,2012,0.0,6493.0,0.025301,0.36205,MDA,920190
31726414,135,9861,2013,0.0,4491.0,-0.016235,0.132104,MDA,920190
31726415,135,9861,2014,0.0,2968.0,-0.10438199999999999,-0.093194,MDA,920190
31726416,135,9861,2015,0.0,2242.0,-0.313837,-0.20393,MDA,920190
31726417,135,9861,2016,0.0,2760.0,-0.340932,-0.2839,MDA,920190
31726418,135,9861,2017,0.0,10672.0,-0.24909,-0.181213,MDA,920190
31726419,135,9861,2018,0.0,37935.0,-0.358412,-0.271334,MDA,920190
31726420,135,9861,2019,0.0,32280.0,-0.333385,-0.35752,MDA,920190
31726421,135,9861,2020,0.0,34000.0,-0.06779199999999999,-0.240851,MDA,920190
31726422,136,9861,1995,0.0,8570.0,-1.178074,-0.6167,MDG,920190
31726423,136,9861,1996,0.0,8571.0,-1.213619,-0.606686,MDG,920190
31726424,136,9861,1997,0.0,14577.0,-1.2630370000000002,-0.565295,MDG,920190
31726425,136,9861,1998,0.0,74373.0,-1.2600639999999999,-0.566983,MDG,920190
31726426,136,9861,1999,0.0,4102.0,-1.186653,-0.5059279999999999,MDG,920190
31726427,136,9861,2000,0.0,6418.0,-1.045792,-0.386997,MDG,920190
31726428,136,9861,2001,,,-1.247531,-0.637093,MDG,920190
31726429,136,9861,2002,0.0,7616.0,-1.120167,-0.43338699999999997,MDG,920190
31726430,136,9861,2003,0.0,14906.0,-1.254758,-0.622696,MDG,920190
31726431,136,9861,2004,0.0,18647.0,-1.355542,-0.634409,MDG,920190
31726432,136,9861,2005,0.0,5828.0,-1.075232,-0.333908,MDG,920190
31726433,136,9861,2006,0.0,22818.0,-1.024657,-0.393395,MDG,920190
31726434,136,9861,2007,0.0,34695.0,-0.939838,-0.221205,MDG,920190
31726435,136,9861,2008,0.0,46701.0,-0.9618190000000001,-0.348841,MDG,920190
31726436,136,9861,2009,5187.0,12106.0,-1.0356610000000002,-0.198062,MDG,920190
31726437,136,9861,2010,0.0,7340.0,-0.8737799999999999,-0.043717,MDG,920190
31726438,136,9861,2011,0.0,18372.0,-1.040519,-0.404883,MDG,920190
31726439,136,9861,2012,0.0,4817.0,-0.9744290000000001,-0.326567,MDG,920190
31726440,136,9861,2013,0.0,7849.0,-1.068565,-0.364254,MDG,920190
31726441,136,9861,2014,0.0,13296.0,-1.002122,-0.44446,MDG,920190
31726442,136,9861,2015,440.0,7966.0,-1.15947,-0.497217,MDG,920190
31726443,136,9861,2016,0.0,6726.0,-1.2672709999999998,-0.613909,MDG,920190
31726444,136,9861,2017,0.0,61957.0,-1.277182,-0.6503399999999999,MDG,920190
31726445,136,9861,2018,0.0,53047.0,-1.2144549999999998,-0.748326,MDG,920190
31726446,136,9861,2019,0.0,81669.0,-1.267516,-0.733849,MDG,920190
31726447,136,9861,2020,0.0,77109.0,-1.206503,-0.709465,MDG,920190
31726448,137,9861,1995,0.0,4945.0,-1.258938,-0.9818629999999999,MDV,920190
31726449,137,9861,1996,0.0,4151.0,-1.107903,-1.016442,MDV,920190
31726450,137,9861,1997,0.0,1184.0,-1.155491,-1.0362200000000001,MDV,920190
31726451,137,9861,1998,0.0,2123.0,-1.4121629999999998,-1.084394,MDV,920190
31726452,137,9861,1999,0.0,2328.0,-0.83783,-0.941734,MDV,920190
31726453,137,9861,2000,0.0,2668.0,-1.408182,-1.099033,MDV,920190
31726454,137,9861,2001,0.0,3226.0,-0.980734,-0.9785659999999999,MDV,920190
31726455,137,9861,2002,0.0,1393.0,-1.3007440000000001,-1.0420120000000002,MDV,920190
31726456,137,9861,2003,0.0,1803.0,-1.201352,-1.031892,MDV,920190
31726457,137,9861,2004,0.0,3490.0,-0.34020700000000004,-0.817298,MDV,920190
31726458,137,9861,2005,0.0,2123.0,0.063163,-0.623409,MDV,920190
31726459,137,9861,2006,0.0,2701.0,-0.240191,-0.8320290000000001,MDV,920190
31726460,137,9861,2007,0.0,28671.0,-0.7558050000000001,-0.931211,MDV,920190
31726461,137,9861,2008,0.0,8735.0,0.037203,-0.718439,MDV,920190
31726462,137,9861,2009,0.0,1628.0,-0.415182,-0.9298379999999999,MDV,920190
31726463,137,9861,2010,0.0,1583.0,-0.644859,-0.910633,MDV,920190
31726464,137,9861,2011,1696.0,5401.0,-0.937469,-0.87897,MDV,920190
31726465,137,9861,2012,1941.0,2098.0,-0.664154,-0.826418,MDV,920190
31726466,137,9861,2013,1267.0,15525.0,-0.21889699999999998,-0.776392,MDV,920190
31726467,137,9861,2014,0.0,4871.0,-0.43265299999999995,-0.82696,MDV,920190
31726468,137,9861,2015,0.0,19528.0,-0.321571,-0.858751,MDV,920190
31726469,137,9861,2016,0.0,8267.0,-0.79904,-0.9720840000000001,MDV,920190
31726470,137,9861,2017,0.0,13256.0,-1.100027,-0.9779479999999999,MDV,920190
31726471,137,9861,2018,0.0,12472.0,-0.577527,-0.952098,MDV,920190
31726472,137,9861,2019,0.0,12578.0,-0.37792800000000004,-0.8963059999999999,MDV,920190
31726473,137,9861,2020,,,-0.68914,-0.844514,MDV,920190
31726474,138,9861,1995,212523.0,79843.0,0.6414300000000001,0.9697520000000001,MEX,920190
31726475,138,9861,1996,46698.0,39988.0,0.651949,0.9132170000000001,MEX,920190
31726476,138,9861,1997,37509.0,613995.0,0.603221,0.898488,MEX,920190
31726477,138,9861,1998,19274.0,141066.0,0.525671,0.880649,MEX,920190
31726478,138,9861,1999,23660.0,238343.0,0.581034,0.8399760000000001,MEX,920190
31726479,138,9861,2000,5040.0,273880.0,0.6866760000000001,0.64383,MEX,920190
31726480,138,9861,2001,135441.0,184231.0,0.797058,0.713234,MEX,920190
31726481,138,9861,2002,68598.0,143549.0,0.942061,0.6311260000000001,MEX,920190
31726482,138,9861,2003,21469.0,221729.0,0.862509,0.756684,MEX,920190
31726483,138,9861,2004,55335.0,263037.0,0.868684,0.85506,MEX,920190
31726484,138,9861,2005,1271.0,95882.0,1.046235,0.856245,MEX,920190
31726485,138,9861,2006,6060.0,224819.0,1.047268,0.7142270000000001,MEX,920190
31726486,138,9861,2007,8177.0,278430.0,1.044746,0.605246,MEX,920190
31726487,138,9861,2008,250021.0,157187.0,0.9833639999999999,0.7687069999999999,MEX,920190
31726488,138,9861,2009,11166.0,94909.0,1.061625,0.719234,MEX,920190
31726489,138,9861,2010,71040.0,208284.0,1.132664,0.675756,MEX,920190
31726490,138,9861,2011,27358.0,56362.0,0.9534600000000001,0.706982,MEX,920190
31726491,138,9861,2012,26576.0,60496.0,1.039541,0.663349,MEX,920190
31726492,138,9861,2013,11803.0,80786.0,1.048507,0.718932,MEX,920190
31726493,138,9861,2014,5114.0,126561.0,1.0799729999999998,0.697554,MEX,920190
31726494,138,9861,2015,0.0,55987.0,1.169724,0.61457,MEX,920190
31726495,138,9861,2016,31321.0,57491.0,1.165638,0.6446649999999999,MEX,920190
31726496,138,9861,2017,43721.0,55088.0,1.08871,0.5745279999999999,MEX,920190
31726497,138,9861,2018,18378.0,47827.0,1.00061,0.585759,MEX,920190
31726498,138,9861,2019,5563.0,30248.0,1.083041,0.569353,MEX,920190
31726499,138,9861,2020,3314.0,46332.0,0.974514,0.563643,MEX,920190
31726500,139,9861,1995,,,-0.423338,-0.72302,MHL,920190
31726501,139,9861,1996,,,-0.035292000000000004,-0.660011,MHL,920190
31726502,139,9861,1997,,,-0.09653400000000001,-0.744734,MHL,920190
31726503,139,9861,1998,,,-0.697979,-0.843189,MHL,920190
31726504,139,9861,1999,,,0.287285,-0.757613,MHL,920190
31726505,139,9861,2000,0.0,7945.0,0.725404,-0.633921,MHL,920190
31726506,139,9861,2001,,,0.044811000000000004,-0.8319209999999999,MHL,920190
31726507,139,9861,2002,,,0.185091,-0.8390989999999999,MHL,920190
31726508,139,9861,2003,,,-1.7295669999999999,-0.926291,MHL,920190
31726509,139,9861,2004,0.0,6000.0,-0.088716,-0.7905449999999999,MHL,920190
31726510,139,9861,2005,0.0,4950.0,-0.991793,-0.875741,MHL,920190
31726511,139,9861,2006,,,-0.6514220000000001,-0.880265,MHL,920190
31726512,139,9861,2007,0.0,15300.0,-0.980109,-0.915091,MHL,920190
31726513,139,9861,2008,,,-1.092352,-0.9263600000000001,MHL,920190
31726514,139,9861,2009,,,-0.960635,-0.99724,MHL,920190
31726515,139,9861,2010,,,-0.599197,-0.788443,MHL,920190
31726516,139,9861,2011,,,-0.380054,-0.73321,MHL,920190
31726517,139,9861,2012,,,-0.557802,-0.790155,MHL,920190
31726518,139,9861,2013,,,-0.980348,-0.8763219999999999,MHL,920190
31726519,139,9861,2014,,,-0.22505,-0.803084,MHL,920190
31726520,139,9861,2015,,,-0.174541,-0.828616,MHL,920190
31726521,139,9861,2016,0.0,18058.0,0.073567,-0.808307,MHL,920190
31726522,139,9861,2017,,,-0.057511,-0.80248,MHL,920190
31726523,139,9861,2018,0.0,8453.0,0.03022,-0.7880520000000001,MHL,920190
31726524,139,9861,2019,,,-0.592066,-0.900875,MHL,920190
31726525,139,9861,2020,,,-0.23666700000000002,-0.822276,MHL,920190
31726526,140,9861,1995,,,0.34174,0.648467,MKD,920190
31726527,140,9861,1996,,,0.316133,0.933068,MKD,920190
31726528,140,9861,1997,0.0,3359.0,0.26327399999999995,0.704879,MKD,920190
31726529,140,9861,1998,0.0,5762.0,0.102559,0.591468,MKD,920190
31726530,140,9861,1999,0.0,17805.0,0.053132000000000006,0.43408,MKD,920190
31726531,140,9861,2000,0.0,3835.0,0.13176600000000002,0.407194,MKD,920190
31726532,140,9861,2001,0.0,8836.0,0.033097,0.43516499999999997,MKD,920190
31726533,140,9861,2002,,,-0.030274000000000002,0.359317,MKD,920190
31726534,140,9861,2003,0.0,523.0,-0.017632,0.225394,MKD,920190
31726535,140,9861,2004,0.0,745.0,-0.091013,0.190649,MKD,920190
31726536,140,9861,2005,0.0,22335.0,-0.084262,0.23169099999999998,MKD,920190
31726537,140,9861,2006,0.0,2164.0,-0.21336,0.17674700000000002,MKD,920190
31726538,140,9861,2007,0.0,6563.0,-0.125912,-0.009395,MKD,920190
31726539,140,9861,2008,0.0,3808.0,-0.090639,-0.137401,MKD,920190
31726540,140,9861,2009,0.0,441.0,-0.14890499999999998,0.405505,MKD,920190
31726541,140,9861,2010,0.0,1142.0,-0.122842,0.407017,MKD,920190
31726542,140,9861,2011,2856.0,0.0,-0.12310499999999999,0.16392,MKD,920190
31726543,140,9861,2012,4539.0,859.0,-0.010966,0.160996,MKD,920190
31726544,140,9861,2013,0.0,822.0,-0.10859400000000001,0.155229,MKD,920190
31726545,140,9861,2014,0.0,536.0,-0.039799,-0.05545,MKD,920190
31726546,140,9861,2015,0.0,549.0,-0.09009600000000001,-0.147359,MKD,920190
31726547,140,9861,2016,0.0,4497.0,0.026185000000000003,-0.20027999999999999,MKD,920190
31726548,140,9861,2017,0.0,14006.0,-0.0292,-0.377156,MKD,920190
31726549,140,9861,2018,0.0,57470.0,0.079976,-0.20256,MKD,920190
31726550,140,9861,2019,0.0,5844.0,0.050624,-0.11143299999999999,MKD,920190
31726551,140,9861,2020,,,0.147947,-0.11116500000000001,MKD,920190
31726552,141,9861,1995,,,-0.807662,-0.952101,MLI,920190
31726553,141,9861,1996,0.0,2133.0,-0.987858,-0.9677040000000001,MLI,920190
31726554,141,9861,1997,0.0,6867.0,-1.230276,-1.086769,MLI,920190
31726555,141,9861,1998,,,-0.8910049999999999,-0.9654870000000001,MLI,920190
31726556,141,9861,1999,0.0,1884.0,-0.8019149999999999,-0.9337979999999999,MLI,920190
31726557,141,9861,2000,0.0,8620.0,-0.5546409999999999,-0.633603,MLI,920190
31726558,141,9861,2001,309.0,3291.0,-0.40341,-0.626402,MLI,920190
31726559,141,9861,2002,,,-0.8948520000000001,-0.863375,MLI,920190
31726560,141,9861,2003,0.0,3287.0,-0.786411,-0.879049,MLI,920190
31726561,141,9861,2004,,,-0.6905100000000001,-0.9162459999999999,MLI,920190
31726562,141,9861,2005,,,-0.811021,-0.77035,MLI,920190
31726563,141,9861,2006,,,-0.503462,-0.778836,MLI,920190
31726564,141,9861,2007,,,-0.672822,-0.687913,MLI,920190
31726565,141,9861,2008,0.0,5960.0,-0.274267,-0.51084,MLI,920190
31726566,141,9861,2009,,,-0.84835,-0.780324,MLI,920190
31726567,141,9861,2010,0.0,11189.0,-0.585496,-0.655841,MLI,920190
31726568,141,9861,2011,0.0,2947.0,-0.6778109999999999,-0.653211,MLI,920190
31726569,141,9861,2012,0.0,9472.0,-0.592899,-0.775098,MLI,920190
31726570,141,9861,2013,,,-1.183671,-1.069504,MLI,920190
31726571,141,9861,2014,3612.0,41456.0,-1.199063,-1.05497,MLI,920190
31726572,141,9861,2015,,,-0.744236,-0.9441860000000001,MLI,920190
31726573,141,9861,2016,1907.0,0.0,-0.584863,-0.74131,MLI,920190
31726574,141,9861,2017,,,-0.5927899999999999,-0.707245,MLI,920190
31726575,141,9861,2018,,,-0.49666499999999997,-0.7189909999999999,MLI,920190
31726576,141,9861,2019,0.0,7215.0,-0.381732,-0.606313,MLI,920190
31726577,141,9861,2020,,,-1.309505,-1.1745079999999999,MLI,920190
31726578,142,9861,1995,0.0,5424.0,0.842519,0.11882899999999999,MLT,920190
31726579,142,9861,1996,0.0,28673.0,0.8825440000000001,0.066541,MLT,920190
31726580,142,9861,1997,0.0,46903.0,0.936998,0.062266999999999996,MLT,920190
31726581,142,9861,1998,1322.0,25779.0,0.919593,-0.071451,MLT,920190
31726582,142,9861,1999,0.0,10629.0,0.9998450000000001,0.009412,MLT,920190
31726583,142,9861,2000,,,1.106517,-0.05459,MLT,920190
31726584,142,9861,2001,0.0,9143.0,1.065032,-0.065239,MLT,920190
31726585,142,9861,2002,0.0,30480.0,1.12245,0.019001,MLT,920190
31726586,142,9861,2003,2448.0,55825.0,1.2138149999999999,-0.015687,MLT,920190
31726587,142,9861,2004,0.0,44256.0,1.251894,0.063827,MLT,920190
31726588,142,9861,2005,0.0,48576.0,1.298938,0.13206600000000002,MLT,920190
31726589,142,9861,2006,56380.0,47140.0,1.384411,0.093734,MLT,920190
31726590,142,9861,2007,1716.0,22330.0,1.184569,-0.046376,MLT,920190
31726591,142,9861,2008,0.0,51466.0,1.015716,-0.065673,MLT,920190
31726592,142,9861,2009,0.0,44995.0,1.233965,-0.016763,MLT,920190
31726593,142,9861,2010,0.0,3097.0,1.211797,-0.024923,MLT,920190
31726594,142,9861,2011,11259.0,6790.0,1.3001340000000001,0.22605799999999998,MLT,920190
31726595,142,9861,2012,0.0,16637.0,1.023776,0.12459400000000001,MLT,920190
31726596,142,9861,2013,0.0,6213.0,0.8519760000000001,-0.075869,MLT,920190
31726597,142,9861,2014,0.0,21918.0,0.817013,0.0016309999999999999,MLT,920190
31726598,142,9861,2015,0.0,4340.0,0.880893,-0.117585,MLT,920190
31726599,142,9861,2016,0.0,35544.0,0.8795950000000001,-0.21689499999999998,MLT,920190
31726600,142,9861,2017,0.0,36750.0,0.999914,0.12683,MLT,920190
31726601,142,9861,2018,0.0,3453.0,0.9621219999999999,0.257289,MLT,920190
31726602,142,9861,2019,1224.0,4822.0,0.893992,0.25255500000000003,MLT,920190
31726603,142,9861,2020,0.0,2271.0,0.9159309999999999,0.24442199999999997,MLT,920190
31726604,143,9861,1995,,,-1.5669309999999999,-1.124558,MMR,920190
31726605,143,9861,1996,,,-1.556357,-1.078395,MMR,920190
31726606,143,9861,1997,0.0,5678.0,-1.595159,-1.09562,MMR,920190
31726607,143,9861,1998,,,-1.620365,-0.997957,MMR,920190
31726608,143,9861,1999,,,-1.4991299999999999,-0.984557,MMR,920190
31726609,143,9861,2000,,,-1.504802,-1.0756860000000001,MMR,920190
31726610,143,9861,2001,0.0,36670.0,-1.5627,-1.150854,MMR,920190
31726611,143,9861,2002,0.0,1649.0,-1.571568,-1.131512,MMR,920190
31726612,143,9861,2003,0.0,14536.0,-1.435123,-1.0948,MMR,920190
31726613,143,9861,2004,,,-1.400614,-0.947664,MMR,920190
31726614,143,9861,2005,,,-1.506567,-1.169183,MMR,920190
31726615,143,9861,2006,,,-1.543679,-1.145623,MMR,920190
31726616,143,9861,2007,,,-1.29366,-1.074733,MMR,920190
31726617,143,9861,2008,0.0,3135.0,-1.501556,-1.1134110000000002,MMR,920190
31726618,143,9861,2009,,,-1.6459529999999998,-1.186635,MMR,920190
31726619,143,9861,2010,0.0,37113.0,-1.480389,-1.075842,MMR,920190
31726620,143,9861,2011,0.0,97519.0,-1.3557190000000001,-0.929934,MMR,920190
31726621,143,9861,2012,0.0,104228.0,-1.219747,-0.9290229999999999,MMR,920190
31726622,143,9861,2013,0.0,114499.0,-1.230787,-0.737375,MMR,920190
31726623,143,9861,2014,0.0,44418.0,-1.5332459999999999,-1.145973,MMR,920190
31726624,143,9861,2015,940.0,25959.0,-1.4596120000000001,-0.903904,MMR,920190
31726625,143,9861,2016,0.0,104097.0,-1.160878,-0.6042609999999999,MMR,920190
31726626,143,9861,2017,0.0,57526.0,-1.051544,-0.419183,MMR,920190
31726627,143,9861,2018,831.0,39873.0,-0.936467,-0.223413,MMR,920190
31726628,143,9861,2019,1261.0,123370.0,-1.196733,-0.435766,MMR,920190
31726629,143,9861,2020,0.0,90556.0,-0.9993569999999999,-0.298647,MMR,920190
31726630,144,9861,1995,,,,,MNE,920190
31726631,144,9861,1996,,,,,MNE,920190
31726632,144,9861,1997,,,,,MNE,920190
31726633,144,9861,1998,,,,,MNE,920190
31726634,144,9861,1999,,,,,MNE,920190
31726635,144,9861,2000,,,,,MNE,920190
31726636,144,9861,2001,,,,,MNE,920190
31726637,144,9861,2002,,,,,MNE,920190
31726638,144,9861,2003,,,,,MNE,920190
31726639,144,9861,2004,,,,,MNE,920190
31726640,144,9861,2005,,,,,MNE,920190
31726641,144,9861,2006,,,0.130773,-0.24674699999999997,MNE,920190
31726642,144,9861,2007,,,0.250006,-0.154908,MNE,920190
31726643,144,9861,2008,0.0,13473.0,0.321434,-0.168212,MNE,920190
31726644,144,9861,2009,0.0,2389.0,0.19963499999999998,-0.073107,MNE,920190
31726645,144,9861,2010,0.0,9292.0,0.266397,-0.02502,MNE,920190
31726646,144,9861,2011,0.0,7866.0,0.149559,0.024935,MNE,920190
31726647,144,9861,2012,,,-0.059409000000000003,-0.328183,MNE,920190
31726648,144,9861,2013,,,-0.054454999999999996,-0.164875,MNE,920190
31726649,144,9861,2014,,,-0.17039100000000001,-0.21762399999999998,MNE,920190
31726650,144,9861,2015,,,-0.048385000000000004,-0.150759,MNE,920190
31726651,144,9861,2016,,,-0.005084,-0.25252199999999997,MNE,920190
31726652,144,9861,2017,,,0.201739,-0.23111399999999999,MNE,920190
31726653,144,9861,2018,,,0.332495,0.124258,MNE,920190
31726654,144,9861,2019,,,0.40415100000000004,0.068967,MNE,920190
31726655,144,9861,2020,,,0.355595,0.140822,MNE,920190
31726656,145,9861,1995,,,-0.653135,-1.023557,MNG,920190
31726657,145,9861,1996,,,-0.18177000000000001,-0.8212280000000001,MNG,920190
31726658,145,9861,1997,,,-0.36035300000000003,-0.862088,MNG,920190
31726659,145,9861,1998,,,-0.605635,-0.9181520000000001,MNG,920190
31726660,145,9861,1999,,,-0.557761,-0.8596280000000001,MNG,920190
31726661,145,9861,2000,0.0,1228.0,-0.600593,-0.889832,MNG,920190
31726662,145,9861,2001,0.0,3914.0,-0.691001,-0.9284180000000001,MNG,920190
31726663,145,9861,2002,,,-0.895827,-0.9913799999999999,MNG,920190
31726664,145,9861,2003,0.0,5495.0,-0.9747620000000001,-1.026308,MNG,920190
31726665,145,9861,2004,0.0,16240.0,-1.030558,-1.03145,MNG,920190
31726666,145,9861,2005,0.0,3971.0,-1.059909,-1.010298,MNG,920190
31726667,145,9861,2006,0.0,34706.0,-1.147217,-1.0734709999999998,MNG,920190
31726668,145,9861,2007,0.0,86250.0,-1.0688790000000001,-1.1115709999999999,MNG,920190
31726669,145,9861,2008,0.0,10686.0,-1.13585,-1.1076190000000001,MNG,920190
31726670,145,9861,2009,,,-0.825506,-1.067644,MNG,920190
31726671,145,9861,2010,0.0,6708.0,-1.110861,-1.105545,MNG,920190
31726672,145,9861,2011,0.0,3346.0,-1.0869389999999999,-1.107693,MNG,920190
31726673,145,9861,2012,0.0,13900.0,-1.2191,-1.1559549999999998,MNG,920190
31726674,145,9861,2013,0.0,326214.0,-1.3270950000000001,-1.144547,MNG,920190
31726675,145,9861,2014,0.0,54111.0,-1.425524,-1.161949,MNG,920190
31726676,145,9861,2015,0.0,160163.0,-1.244368,-1.196677,MNG,920190
31726677,145,9861,2016,0.0,104841.0,-0.811142,-1.013252,MNG,920190
31726678,145,9861,2017,0.0,98528.0,-0.933737,-1.1195620000000002,MNG,920190
31726679,145,9861,2018,0.0,93965.0,-0.934398,-1.125105,MNG,920190
31726680,145,9861,2019,0.0,77770.0,-1.1612049999999998,-1.1615739999999999,MNG,920190
31726681,145,9861,2020,0.0,174498.0,-1.011938,-1.127569,MNG,920190
31726682,146,9861,1995,,,0.1683,-0.642753,MNP,920190
31726683,146,9861,1996,,,0.245321,-0.636347,MNP,920190
31726684,146,9861,1997,0.0,2737.0,-0.912666,-0.9718110000000001,MNP,920190
31726685,146,9861,1998,,,-0.144048,-0.7987479999999999,MNP,920190
31726686,146,9861,1999,,,-0.45039399999999996,-0.8943700000000001,MNP,920190
31726687,146,9861,2000,,,-0.186998,-0.728449,MNP,920190
31726688,146,9861,2001,,,-0.701194,-0.89945,MNP,920190
31726689,146,9861,2002,,,-0.165526,-0.7033010000000001,MNP,920190
31726690,146,9861,2003,,,-0.370942,-0.685771,MNP,920190
31726691,146,9861,2004,,,-0.47053199999999995,-0.7803220000000001,MNP,920190
31726692,146,9861,2005,,,-0.292486,-0.669716,MNP,920190
31726693,146,9861,2006,,,-0.016344,-0.356507,MNP,920190
31726694,146,9861,2007,,,-0.171068,-0.7035520000000001,MNP,920190
31726695,146,9861,2008,,,-0.093684,-0.555717,MNP,920190
31726696,146,9861,2009,,,0.500134,-0.0069489999999999994,MNP,920190
31726697,146,9861,2010,,,0.27201,-0.285427,MNP,920190
31726698,146,9861,2011,,,0.31311300000000003,-0.30891799999999997,MNP,920190
31726699,146,9861,2012,,,0.6209600000000001,-0.14613800000000002,MNP,920190
31726700,146,9861,2013,,,0.596753,-0.118522,MNP,920190
31726701,146,9861,2014,,,1.1877790000000001,-0.300664,MNP,920190
31726702,146,9861,2015,,,0.690384,-0.5730529999999999,MNP,920190
31726703,146,9861,2016,,,0.867833,-0.68889,MNP,920190
31726704,146,9861,2017,,,1.1599540000000002,-0.561265,MNP,920190
31726705,146,9861,2018,,,1.013685,-0.56789,MNP,920190
31726706,146,9861,2019,,,0.9892219999999999,-0.5955520000000001,MNP,920190
31726707,146,9861,2020,,,0.067797,-0.7922859999999999,MNP,920190
31726708,147,9861,1995,0.0,1411.0,-1.031627,-1.02484,MOZ,920190
31726709,147,9861,1996,0.0,18244.0,-1.331264,-1.1260270000000001,MOZ,920190
31726710,147,9861,1997,0.0,2071.0,-0.8600620000000001,-0.9672270000000001,MOZ,920190
31726711,147,9861,1998,0.0,11251.0,-0.6813279999999999,-0.916391,MOZ,920190
31726712,147,9861,1999,,,-0.35994699999999996,-0.725301,MOZ,920190
31726713,147,9861,2000,0.0,3545.0,-0.637021,-0.748197,MOZ,920190
31726714,147,9861,2001,0.0,4238.0,-1.2364879999999998,-1.136715,MOZ,920190
31726715,147,9861,2002,0.0,2060.0,-0.947259,-1.047883,MOZ,920190
31726716,147,9861,2003,0.0,5935.0,-1.188243,-1.123693,MOZ,920190
31726717,147,9861,2004,0.0,6033.0,-1.1010790000000001,-1.0942,MOZ,920190
31726718,147,9861,2005,0.0,1843.0,-1.301283,-1.180598,MOZ,920190
31726719,147,9861,2006,0.0,9868.0,-1.0250629999999998,-1.067359,MOZ,920190
31726720,147,9861,2007,0.0,24459.0,-1.4703110000000001,-1.1915719999999999,MOZ,920190
31726721,147,9861,2008,0.0,21338.0,-0.982727,-0.8361219999999999,MOZ,920190
31726722,147,9861,2009,0.0,36712.0,-1.0023090000000001,-0.844765,MOZ,920190
31726723,147,9861,2010,0.0,24141.0,-1.479855,-1.070518,MOZ,920190
31726724,147,9861,2011,0.0,13385.0,-1.2069299999999998,-0.977785,MOZ,920190
31726725,147,9861,2012,0.0,24949.0,-1.400493,-1.1536680000000001,MOZ,920190
31726726,147,9861,2013,1987.0,33851.0,-1.326323,-1.050969,MOZ,920190
31726727,147,9861,2014,0.0,35565.0,-1.1993610000000001,-1.040181,MOZ,920190
31726728,147,9861,2015,0.0,14763.0,-1.293809,-1.115069,MOZ,920190
31726729,147,9861,2016,0.0,4096.0,-1.333702,-1.116794,MOZ,920190
31726730,147,9861,2017,2899.0,9634.0,-1.3882290000000002,-1.114475,MOZ,920190
31726731,147,9861,2018,1461.0,25517.0,-1.380023,-1.027817,MOZ,920190
31726732,147,9861,2019,2982.0,22215.0,-1.264532,-1.072626,MOZ,920190
31726733,147,9861,2020,10269.0,18448.0,-1.1186040000000002,-0.974224,MOZ,920190
31726734,148,9861,1995,,,-1.935629,-1.178304,MRT,920190
31726735,148,9861,1996,,,-1.352902,-1.19204,MRT,920190
31726736,148,9861,1997,,,-1.7012040000000002,-1.2302799999999998,MRT,920190
31726737,148,9861,1998,,,-1.177719,-1.199729,MRT,920190
31726738,148,9861,1999,0.0,2277.0,-1.198078,-1.229277,MRT,920190
31726739,148,9861,2000,,,-1.461442,-1.230634,MRT,920190
31726740,148,9861,2001,,,-1.187271,-1.240445,MRT,920190
31726741,148,9861,2002,,,-1.27671,-1.218472,MRT,920190
31726742,148,9861,2003,,,-1.069232,-1.184061,MRT,920190
31726743,148,9861,2004,,,-1.6173959999999998,-1.2925719999999998,MRT,920190
31726744,148,9861,2005,,,-1.5391629999999998,-1.260424,MRT,920190
31726745,148,9861,2006,,,-1.72422,-1.2414399999999999,MRT,920190
31726746,148,9861,2007,,,-2.027741,-1.311094,MRT,920190
31726747,148,9861,2008,,,-2.081778,-1.274636,MRT,920190
31726748,148,9861,2009,,,-1.761436,-1.2898479999999999,MRT,920190
31726749,148,9861,2010,,,-2.099882,-1.303977,MRT,920190
31726750,148,9861,2011,,,-1.2593379999999998,-1.1793209999999998,MRT,920190
31726751,148,9861,2012,,,-1.570474,-1.284412,MRT,920190
31726752,148,9861,2013,,,-1.950532,-1.283104,MRT,920190
31726753,148,9861,2014,,,-1.458551,-1.225373,MRT,920190
31726754,148,9861,2015,0.0,942.0,-1.5597450000000002,-1.3209229999999998,MRT,920190
31726755,148,9861,2016,,,-1.542265,-1.318586,MRT,920190
31726756,148,9861,2017,,,-1.634533,-1.330819,MRT,920190
31726757,148,9861,2018,2097.0,62354.0,-1.511361,-1.296003,MRT,920190
31726758,148,9861,2019,1059.0,0.0,-1.711918,-1.339005,MRT,920190
31726759,148,9861,2020,,,-1.400894,-1.27631,MRT,920190
31726760,149,9861,1995,,,0.197655,-0.6083890000000001,MSR,920190
31726761,149,9861,1996,,,0.659518,-0.540708,MSR,920190
31726762,149,9861,1997,,,0.841025,-0.44752299999999995,MSR,920190
31726763,149,9861,1998,,,1.244182,-0.24840700000000002,MSR,920190
31726764,149,9861,1999,,,1.302936,0.055571,MSR,920190
31726765,149,9861,2000,583.0,1143.0,1.168349,-0.18726199999999998,MSR,920190
31726766,149,9861,2001,,,0.796292,-0.431771,MSR,920190
31726767,149,9861,2002,0.0,2351.0,1.4188209999999999,-0.087543,MSR,920190
31726768,149,9861,2003,,,0.383768,-0.320867,MSR,920190
31726769,149,9861,2004,0.0,5379.0,0.736775,-0.001405,MSR,920190
31726770,149,9861,2005,0.0,888.0,1.266377,-0.112167,MSR,920190
31726771,149,9861,2006,0.0,970.0,1.300664,-0.082954,MSR,920190
31726772,149,9861,2007,,,0.952257,-0.31153800000000004,MSR,920190
31726773,149,9861,2008,0.0,1719.0,1.375073,-0.275475,MSR,920190
31726774,149,9861,2009,,,1.163257,-0.332029,MSR,920190
31726775,149,9861,2010,,,1.090694,-0.45702200000000004,MSR,920190
31726776,149,9861,2011,,,1.2888760000000001,-0.207486,MSR,920190
31726777,149,9861,2012,0.0,1220.0,1.338854,-0.098053,MSR,920190
31726778,149,9861,2013,,,1.610652,0.079868,MSR,920190
31726779,149,9861,2014,0.0,1293.0,0.44890399999999997,-0.46028,MSR,920190
31726780,149,9861,2015,,,1.6649060000000002,-0.49319799999999997,MSR,920190
31726781,149,9861,2016,,,1.538666,-0.46699300000000005,MSR,920190
31726782,149,9861,2017,,,0.71373,-0.672669,MSR,920190
31726783,149,9861,2018,,,0.744527,-0.519904,MSR,920190
31726784,149,9861,2019,,,0.9961530000000001,-0.454477,MSR,920190
31726785,149,9861,2020,,,1.401202,-0.46509399999999995,MSR,920190
31726786,150,9861,1995,0.0,35800.0,0.68423,-0.22968200000000003,MTQ,920190
31726787,150,9861,1996,,,,,MTQ,920190
31726788,150,9861,1997,,,,,MTQ,920190
31726789,150,9861,1998,,,,,MTQ,920190
31726790,150,9861,1999,,,,,MTQ,920190
31726791,150,9861,2000,,,,,MTQ,920190
31726792,150,9861,2001,,,,,MTQ,920190
31726793,150,9861,2002,,,,,MTQ,920190
31726794,150,9861,2003,,,,,MTQ,920190
31726795,150,9861,2004,,,,,MTQ,920190
31726796,150,9861,2005,,,,,MTQ,920190
31726797,150,9861,2006,,,,,MTQ,920190
31726798,150,9861,2007,,,,,MTQ,920190
31726799,150,9861,2008,,,,,MTQ,920190
31726800,150,9861,2009,,,,,MTQ,920190
31726801,150,9861,2010,,,,,MTQ,920190
31726802,150,9861,2011,,,,,MTQ,920190
31726803,150,9861,2012,,,,,MTQ,920190
31726804,150,9861,2013,,,,,MTQ,920190
31726805,150,9861,2014,,,,,MTQ,920190
31726806,150,9861,2015,,,,,MTQ,920190
31726807,150,9861,2016,,,,,MTQ,920190
31726808,150,9861,2017,,,,,MTQ,920190
31726809,150,9861,2018,,,,,MTQ,920190
31726810,150,9861,2019,,,,,MTQ,920190
31726811,150,9861,2020,,,,,MTQ,920190
31726812,151,9861,1995,0.0,91895.0,-0.432644,-0.574298,MUS,920190
31726813,151,9861,1996,0.0,19843.0,-0.538651,-0.746274,MUS,920190
31726814,151,9861,1997,1391.0,22751.0,-0.49241,-0.695729,MUS,920190
31726815,151,9861,1998,0.0,17156.0,-0.621599,-0.755795,MUS,920190
31726816,151,9861,1999,1060.0,42552.0,-0.5713729999999999,-0.696416,MUS,920190
31726817,151,9861,2000,0.0,42952.0,-0.412313,-0.5704140000000001,MUS,920190
31726818,151,9861,2001,0.0,7448.0,-0.410422,-0.5868369999999999,MUS,920190
31726819,151,9861,2002,0.0,8382.0,-0.37937600000000005,-0.388848,MUS,920190
31726820,151,9861,2003,0.0,29940.0,-0.361514,-0.29839899999999997,MUS,920190
31726821,151,9861,2004,0.0,9153.0,-0.374754,-0.288504,MUS,920190
31726822,151,9861,2005,0.0,18764.0,-0.24565,-0.091397,MUS,920190
31726823,151,9861,2006,0.0,1515.0,-0.311109,-0.07267,MUS,920190
31726824,151,9861,2007,0.0,17817.0,-0.342957,-0.129114,MUS,920190
31726825,151,9861,2008,0.0,17361.0,-0.337563,-0.144226,MUS,920190
31726826,151,9861,2009,3956.0,67377.0,-0.198194,0.067014,MUS,920190
31726827,151,9861,2010,6407.0,24526.0,-0.173542,0.103727,MUS,920190
31726828,151,9861,2011,8732.0,28449.0,-0.09464600000000001,0.091177,MUS,920190
31726829,151,9861,2012,1294.0,37474.0,-0.028582999999999997,0.116882,MUS,920190
31726830,151,9861,2013,0.0,39203.0,-0.158852,0.0061600000000000005,MUS,920190
31726831,151,9861,2014,5086.0,18402.0,-0.029891,-0.12431099999999999,MUS,920190
31726832,151,9861,2015,3653.0,37756.0,-0.231762,-0.195051,MUS,920190
31726833,151,9861,2016,2911.0,39080.0,-0.24309899999999998,-0.084888,MUS,920190
31726834,151,9861,2017,3249.0,136165.0,-0.156616,0.073153,MUS,920190
31726835,151,9861,2018,0.0,91454.0,-0.128221,0.15049400000000002,MUS,920190
31726836,151,9861,2019,1435.0,183669.0,-0.15909600000000002,0.034770999999999996,MUS,920190
31726837,151,9861,2020,0.0,62352.0,-0.048897,0.11543099999999999,MUS,920190
31726838,152,9861,1995,0.0,3420.0,-1.1277709999999999,-1.0603049999999998,MWI,920190
31726839,152,9861,1996,0.0,5804.0,-1.332586,-1.115859,MWI,920190
31726840,152,9861,1997,0.0,1579.0,-1.24261,-1.1258860000000002,MWI,920190
31726841,152,9861,1998,,,-1.436242,-1.278929,MWI,920190
31726842,152,9861,1999,0.0,330.0,-1.319572,-1.199031,MWI,920190
31726843,152,9861,2000,0.0,2259.0,-1.138855,-1.0394510000000001,MWI,920190
31726844,152,9861,2001,0.0,3976.0,-1.388716,-1.116315,MWI,920190
31726845,152,9861,2002,0.0,1381.0,-1.441416,-1.214651,MWI,920190
31726846,152,9861,2003,0.0,2178.0,-1.48079,-1.235645,MWI,920190
31726847,152,9861,2004,2786.0,3456.0,-1.592983,-1.252423,MWI,920190
31726848,152,9861,2005,605.0,6149.0,-1.4769379999999999,-1.220782,MWI,920190
31726849,152,9861,2006,4143.0,3297.0,-1.145132,-1.0946209999999998,MWI,920190
31726850,152,9861,2007,9744.0,7147.0,-1.348692,-1.134002,MWI,920190
31726851,152,9861,2008,2141.0,6349.0,-1.387548,-1.184696,MWI,920190
31726852,152,9861,2009,16213.0,12981.0,-1.571672,-1.244864,MWI,920190
31726853,152,9861,2010,1607.0,65520.0,-0.821839,-0.9153870000000001,MWI,920190
31726854,152,9861,2011,8112.0,18274.0,-1.100291,-0.982559,MWI,920190
31726855,152,9861,2012,6453.0,7556.0,-1.210016,-1.172806,MWI,920190
31726856,152,9861,2013,0.0,11742.0,-0.8992120000000001,-0.862175,MWI,920190
31726857,152,9861,2014,2467.0,10910.0,-0.494204,-0.751903,MWI,920190
31726858,152,9861,2015,4009.0,3649.0,-0.549862,-0.8753190000000001,MWI,920190
31726859,152,9861,2016,1554.0,6532.0,-1.113794,-1.172385,MWI,920190
31726860,152,9861,2017,845.0,754.0,-0.761995,-0.8897729999999999,MWI,920190
31726861,152,9861,2018,0.0,10084.0,-0.7015979999999999,-0.9293680000000001,MWI,920190
31726862,152,9861,2019,2382.0,13740.0,-1.0178479999999999,-1.1028879999999999,MWI,920190
31726863,152,9861,2020,1005.0,2523.0,-1.122433,-1.106831,MWI,920190
31726864,153,9861,1995,3722477.0,127395.0,0.357745,0.374284,MYS,920190
31726865,153,9861,1996,5016851.0,67021.0,0.351774,0.347262,MYS,920190
31726866,153,9861,1997,4907135.0,84436.0,0.37340999999999996,0.36853600000000003,MYS,920190
31726867,153,9861,1998,2599218.0,891363.0,0.396826,0.203792,MYS,920190
31726868,153,9861,1999,12810431.0,765993.0,0.500591,0.136149,MYS,920190
31726869,153,9861,2000,9523594.0,5647512.0,0.519684,0.170286,MYS,920190
31726870,153,9861,2001,6889088.0,961087.0,0.768174,0.307033,MYS,920190
31726871,153,9861,2002,20187761.0,673950.0,0.704957,0.243398,MYS,920190
31726872,153,9861,2003,5589005.0,1768848.0,0.728804,0.2168,MYS,920190
31726873,153,9861,2004,970608.0,668099.0,0.6710050000000001,0.17807,MYS,920190
31726874,153,9861,2005,173262.0,633932.0,0.5847439999999999,0.13176300000000002,MYS,920190
31726875,153,9861,2006,696123.0,500673.0,0.7896569999999999,0.363625,MYS,920190
31726876,153,9861,2007,1574279.0,817191.0,0.740788,0.302155,MYS,920190
31726877,153,9861,2008,1462754.0,568915.0,0.793395,0.6141939999999999,MYS,920190
31726878,153,9861,2009,467869.0,329961.0,0.8718229999999999,0.607429,MYS,920190
31726879,153,9861,2010,1622931.0,625576.0,0.9530780000000001,0.607456,MYS,920190
31726880,153,9861,2011,1411053.0,188461.0,0.9893290000000001,0.632079,MYS,920190
31726881,153,9861,2012,1857762.0,447274.0,0.945643,0.7526510000000001,MYS,920190
31726882,153,9861,2013,1435398.0,315487.0,0.937641,0.747496,MYS,920190
31726883,153,9861,2014,1580481.0,179827.0,1.018138,0.774649,MYS,920190
31726884,153,9861,2015,1697178.0,270067.0,1.082803,0.811615,MYS,920190
31726885,153,9861,2016,2008497.0,1675337.0,1.106894,0.7452840000000001,MYS,920190
31726886,153,9861,2017,647340.0,524049.0,1.0110139999999999,0.6840729999999999,MYS,920190
31726887,153,9861,2018,149860.0,616788.0,1.122976,0.734109,MYS,920190
31726888,153,9861,2019,226488.0,449937.0,1.192967,0.730971,MYS,920190
31726889,153,9861,2020,142076.0,366053.0,1.185223,0.573439,MYS,920190
31726890,154,9861,1995,,,,,MYT,920190
31726891,154,9861,1996,,,,,MYT,920190
31726892,154,9861,1997,,,,,MYT,920190
31726893,154,9861,1998,,,,,MYT,920190
31726894,154,9861,1999,,,,,MYT,920190
31726895,154,9861,2000,,,1.167946,-0.33195,MYT,920190
31726896,154,9861,2001,,,1.4633260000000001,-0.114532,MYT,920190
31726897,154,9861,2002,0.0,1864.0,0.34587399999999996,-0.537626,MYT,920190
31726898,154,9861,2003,,,0.8645370000000001,-0.101347,MYT,920190
31726899,154,9861,2004,0.0,4482.0,1.179671,0.016149,MYT,920190
31726900,154,9861,2005,0.0,3400.0,1.428791,0.258694,MYT,920190
31726901,154,9861,2006,0.0,3552.0,1.1370049999999998,0.131896,MYT,920190
31726902,154,9861,2007,0.0,2650.0,0.9008879999999999,-0.209565,MYT,920190
31726903,154,9861,2008,0.0,365.0,1.085932,-0.176729,MYT,920190
31726904,154,9861,2009,,,1.173729,-0.08655800000000001,MYT,920190
31726905,154,9861,2010,,,1.371744,-0.072045,MYT,920190
31726906,154,9861,2011,,,0.804635,-0.312227,MYT,920190
31726907,154,9861,2012,,,0.828673,-0.422716,MYT,920190
31726908,154,9861,2013,0.0,2221.0,0.9851690000000001,-0.504069,MYT,920190
31726909,154,9861,2014,,,,,MYT,920190
31726910,154,9861,2015,,,,,MYT,920190
31726911,154,9861,2016,,,,,MYT,920190
31726912,154,9861,2017,,,,,MYT,920190
31726913,154,9861,2018,,,,,MYT,920190
31726914,154,9861,2019,,,,,MYT,920190
31726915,154,9861,2020,,,,,MYT,920190
31726916,155,9861,1995,,,,,NAM,920190
31726917,155,9861,1996,,,,,NAM,920190
31726918,155,9861,1997,,,,,NAM,920190
31726919,155,9861,1998,,,,,NAM,920190
31726920,155,9861,1999,,,,,NAM,920190
31726921,155,9861,2000,132.0,5383.0,-0.49537,-0.714195,NAM,920190
31726922,155,9861,2001,1959.0,5835.0,-0.625912,-0.854247,NAM,920190
31726923,155,9861,2002,5396.0,4916.0,-0.314161,-0.521778,NAM,920190
31726924,155,9861,2003,3650.0,25578.0,-0.24004499999999998,-0.39565900000000004,NAM,920190
31726925,155,9861,2004,7031.0,39022.0,-0.40995299999999996,-0.550272,NAM,920190
31726926,155,9861,2005,2170.0,31932.0,-0.381972,-0.405269,NAM,920190
31726927,155,9861,2006,3473.0,31428.0,-0.515361,-0.8027350000000001,NAM,920190
31726928,155,9861,2007,16716.0,184459.0,-0.588953,-0.751722,NAM,920190
31726929,155,9861,2008,54422.0,200993.0,-0.104196,-0.301923,NAM,920190
31726930,155,9861,2009,49826.0,379482.0,-0.081207,-0.075292,NAM,920190
31726931,155,9861,2010,20166.0,317268.0,-0.49860299999999996,-0.6728529999999999,NAM,920190
31726932,155,9861,2011,47238.0,231242.0,-0.42998400000000003,-0.632233,NAM,920190
31726933,155,9861,2012,54552.0,45213.0,-0.232079,-0.32721300000000003,NAM,920190
31726934,155,9861,2013,50631.0,64360.0,-0.308643,-0.480617,NAM,920190
31726935,155,9861,2014,20115.0,49718.0,-0.428227,-0.5632229999999999,NAM,920190
31726936,155,9861,2015,9066.0,51610.0,-0.43457399999999996,-0.665655,NAM,920190
31726937,155,9861,2016,4650.0,40477.0,-0.6256689999999999,-0.8612219999999999,NAM,920190
31726938,155,9861,2017,7895.0,95344.0,-0.5221060000000001,-0.7365079999999999,NAM,920190
31726939,155,9861,2018,6475.0,81078.0,-0.668091,-0.779938,NAM,920190
31726940,155,9861,2019,4582.0,78768.0,-0.545575,-0.744274,NAM,920190
31726941,155,9861,2020,7058.0,59409.0,-0.664967,-0.74835,NAM,920190
31726942,156,9861,1995,,,-1.326035,-0.826058,NCL,920190
31726943,156,9861,1996,0.0,1963.0,-0.951583,-0.785157,NCL,920190
31726944,156,9861,1997,,,-0.9234049999999999,-0.8851110000000001,NCL,920190
31726945,156,9861,1998,,,-0.846726,-0.879084,NCL,920190
31726946,156,9861,1999,0.0,2444.0,-0.079579,-0.777079,NCL,920190
31726947,156,9861,2000,,,0.034618,-0.7699729999999999,NCL,920190
31726948,156,9861,2001,0.0,2026.0,-0.837087,-0.9207040000000001,NCL,920190
31726949,156,9861,2002,0.0,4501.0,-0.292646,-0.823263,NCL,920190
31726950,156,9861,2003,0.0,6477.0,-0.344934,-0.776632,NCL,920190
31726951,156,9861,2004,0.0,2635.0,-0.49824700000000005,-0.8284239999999999,NCL,920190
31726952,156,9861,2005,2999.0,2442.0,0.08313200000000001,-0.691012,NCL,920190
31726953,156,9861,2006,0.0,49554.0,-0.135099,-0.7618779999999999,NCL,920190
31726954,156,9861,2007,6374.0,44562.0,-0.075892,-0.8211430000000001,NCL,920190
31726955,156,9861,2008,0.0,59847.0,-0.21304099999999998,-0.8147300000000001,NCL,920190
31726956,156,9861,2009,47196.0,87990.0,1.323528,0.523435,NCL,920190
31726957,156,9861,2010,0.0,69832.0,-0.42193500000000006,-0.8256610000000001,NCL,920190
31726958,156,9861,2011,0.0,48249.0,-0.976349,-0.798691,NCL,920190
31726959,156,9861,2012,0.0,58556.0,-0.635354,-0.777234,NCL,920190
31726960,156,9861,2013,0.0,68132.0,-0.136052,-0.703913,NCL,920190
31726961,156,9861,2014,1555.0,42819.0,-0.509789,-0.767484,NCL,920190
31726962,156,9861,2015,0.0,55774.0,-0.727911,-0.844562,NCL,920190
31726963,156,9861,2016,0.0,5798.0,-0.9910389999999999,-0.9463940000000001,NCL,920190
31726964,156,9861,2017,0.0,31310.0,-0.38216100000000003,-0.8662549999999999,NCL,920190
31726965,156,9861,2018,0.0,12835.0,-0.49370299999999995,-0.865432,NCL,920190
31726966,156,9861,2019,0.0,2363.0,-0.342544,-0.867944,NCL,920190
31726967,156,9861,2020,0.0,13469.0,-0.666664,-0.88528,NCL,920190
31726968,157,9861,1995,,,-0.288248,-0.592174,NER,920190
31726969,157,9861,1996,0.0,3767.0,-0.594771,-0.643008,NER,920190
31726970,157,9861,1997,0.0,2958.0,-0.322358,-0.63647,NER,920190
31726971,157,9861,1998,0.0,1889.0,-0.373314,-0.592306,NER,920190
31726972,157,9861,1999,0.0,1171.0,-0.539842,-0.762977,NER,920190
31726973,157,9861,2000,,,-0.7289680000000001,-0.6210100000000001,NER,920190
31726974,157,9861,2001,,,-0.22368600000000002,-0.464156,NER,920190
31726975,157,9861,2002,0.0,337.0,-0.344562,-0.304996,NER,920190
31726976,157,9861,2003,0.0,999.0,-0.199296,-0.578264,NER,920190
31726977,157,9861,2004,2219.0,0.0,-0.8203799999999999,-0.7488,NER,920190
31726978,157,9861,2005,2943.0,1049.0,-0.32664299999999996,-0.619282,NER,920190
31726979,157,9861,2006,3739.0,0.0,-0.554188,-0.708255,NER,920190
31726980,157,9861,2007,0.0,8030.0,-0.287155,-0.577325,NER,920190
31726981,157,9861,2008,,,-0.677687,-0.75195,NER,920190
31726982,157,9861,2009,,,-1.306036,-0.956361,NER,920190
31726983,157,9861,2010,0.0,38491.0,-0.829902,-0.826152,NER,920190
31726984,157,9861,2011,0.0,876.0,-0.85208,-0.731996,NER,920190
31726985,157,9861,2012,1129.0,0.0,-1.165676,-1.099113,NER,920190
31726986,157,9861,2013,192.0,0.0,-1.268738,-0.942256,NER,920190
31726987,157,9861,2014,,,-0.7187,-0.80918,NER,920190
31726988,157,9861,2015,0.0,685.0,-1.517292,-1.033891,NER,920190
31726989,157,9861,2016,0.0,1207.0,-0.973057,-0.953672,NER,920190
31726990,157,9861,2017,,,-1.250156,-0.995524,NER,920190
31726991,157,9861,2018,,,-0.633115,-0.839564,NER,920190
31726992,157,9861,2019,,,-0.345047,-0.792769,NER,920190
31726993,157,9861,2020,0.0,3975.0,-0.62888,-0.841089,NER,920190
31726994,158,9861,1995,,,0.948257,-0.678177,NFK,920190
31726995,158,9861,1996,,,1.297072,-0.45753299999999997,NFK,920190
31726996,158,9861,1997,,,1.619319,-0.457125,NFK,920190
31726997,158,9861,1998,,,1.6548900000000002,-0.5112909999999999,NFK,920190
31726998,158,9861,1999,,,1.1976440000000002,-0.623572,NFK,920190
31726999,158,9861,2000,,,1.0535700000000001,-0.666038,NFK,920190
31727000,158,9861,2001,,,2.1737040000000003,-0.5512100000000001,NFK,920190
31727001,158,9861,2002,,,1.214412,-0.5921069999999999,NFK,920190
31727002,158,9861,2003,,,1.017142,-0.5294270000000001,NFK,920190
31727003,158,9861,2004,,,0.664846,-0.649984,NFK,920190
31727004,158,9861,2005,,,0.695512,-0.657586,NFK,920190
31727005,158,9861,2006,,,1.120544,-0.538618,NFK,920190
31727006,158,9861,2007,,,0.775683,-0.48603599999999997,NFK,920190
31727007,158,9861,2008,,,1.292582,-0.234738,NFK,920190
31727008,158,9861,2009,,,1.412664,-0.299607,NFK,920190
31727009,158,9861,2010,0.0,3507.0,1.059751,-0.570033,NFK,920190
31727010,158,9861,2011,,,1.0037200000000002,-0.348081,NFK,920190
31727011,158,9861,2012,,,1.212201,-0.237969,NFK,920190
31727012,158,9861,2013,,,1.418466,-0.181551,NFK,920190
31727013,158,9861,2014,,,1.384862,-0.391489,NFK,920190
31727014,158,9861,2015,,,1.33274,-0.37342600000000004,NFK,920190
31727015,158,9861,2016,,,1.0897629999999998,-0.539247,NFK,920190
31727016,158,9861,2017,,,1.358179,-0.37159699999999996,NFK,920190
31727017,158,9861,2018,,,1.4067209999999999,-0.487275,NFK,920190
31727018,158,9861,2019,,,0.92635,-0.31332,NFK,920190
31727019,158,9861,2020,,,1.107522,-0.477454,NFK,920190
31727020,159,9861,1995,0.0,13690.0,-2.108206,-1.2017520000000002,NGA,920190
31727021,159,9861,1996,0.0,25546.0,-1.813359,-1.1967,NGA,920190
31727022,159,9861,1997,1121.0,18119.0,-1.615102,-1.129541,NGA,920190
31727023,159,9861,1998,0.0,104367.0,-1.484229,-1.144092,NGA,920190
31727024,159,9861,1999,1449.0,28996.0,-1.9312080000000003,-1.279733,NGA,920190
31727025,159,9861,2000,0.0,60120.0,-2.164663,-1.257723,NGA,920190
31727026,159,9861,2001,0.0,27629.0,-1.966439,-1.2724520000000001,NGA,920190
31727027,159,9861,2002,0.0,5132.0,-1.8315700000000001,-1.25171,NGA,920190
31727028,159,9861,2003,0.0,10716.0,-1.859176,-1.234236,NGA,920190
31727029,159,9861,2004,1743.0,22648.0,-2.413432,-1.3033190000000001,NGA,920190
31727030,159,9861,2005,0.0,11661.0,-2.359834,-1.2772219999999999,NGA,920190
31727031,159,9861,2006,2294.0,48913.0,-2.094353,-1.215025,NGA,920190
31727032,159,9861,2007,2344.0,101545.0,-1.746879,-1.20823,NGA,920190
31727033,159,9861,2008,254.0,210318.0,-1.9809139999999998,-1.189201,NGA,920190
31727034,159,9861,2009,0.0,186327.0,-1.584051,-1.156247,NGA,920190
31727035,159,9861,2010,0.0,32430.0,-1.887084,-1.2280229999999999,NGA,920190
31727036,159,9861,2011,0.0,107579.0,-1.699286,-1.15511,NGA,920190
31727037,159,9861,2012,0.0,551622.0,-1.760488,-1.201048,NGA,920190
31727038,159,9861,2013,0.0,247675.0,-1.745783,-1.1356680000000001,NGA,920190
31727039,159,9861,2014,0.0,323076.0,-1.2126430000000001,-1.059697,NGA,920190
31727040,159,9861,2015,7866.0,239624.0,-1.415451,-1.157829,NGA,920190
31727041,159,9861,2016,4702.0,218391.0,-1.835357,-1.286597,NGA,920190
31727042,159,9861,2017,33521.0,117814.0,-1.8260919999999998,-1.276591,NGA,920190
31727043,159,9861,2018,21149.0,142127.0,-1.8238,-1.259938,NGA,920190
31727044,159,9861,2019,10323.0,120020.0,-1.7383970000000002,-1.220333,NGA,920190
31727045,159,9861,2020,5208.0,92374.0,-1.6399299999999999,-1.19536,NGA,920190
31727046,160,9861,1995,0.0,15209.0,-0.395096,-0.559934,NIC,920190
31727047,160,9861,1996,0.0,6306.0,-0.767799,-0.737816,NIC,920190
31727048,160,9861,1997,0.0,12223.0,-0.8090109999999999,-0.783853,NIC,920190
31727049,160,9861,1998,0.0,16271.0,-0.8012199999999999,-0.749159,NIC,920190
31727050,160,9861,1999,0.0,21822.0,-0.677654,-0.72253,NIC,920190
31727051,160,9861,2000,0.0,19959.0,-0.8339270000000001,-0.6658689999999999,NIC,920190
31727052,160,9861,2001,0.0,14899.0,-0.8917430000000001,-0.713179,NIC,920190
31727053,160,9861,2002,0.0,8500.0,-0.677398,-0.564472,NIC,920190
31727054,160,9861,2003,0.0,8812.0,-0.8661459999999999,-0.8661690000000001,NIC,920190
31727055,160,9861,2004,0.0,10684.0,-0.9789479999999999,-0.8374219999999999,NIC,920190
31727056,160,9861,2005,1015.0,7213.0,-1.038332,-0.922797,NIC,920190
31727057,160,9861,2006,0.0,25448.0,-0.998825,-0.893867,NIC,920190
31727058,160,9861,2007,0.0,40286.0,-0.924162,-0.857508,NIC,920190
31727059,160,9861,2008,0.0,42489.0,-0.869193,-0.676623,NIC,920190
31727060,160,9861,2009,0.0,39135.0,-0.924057,-0.809557,NIC,920190
31727061,160,9861,2010,0.0,39481.0,-0.9387409999999999,-0.8119569999999999,NIC,920190
31727062,160,9861,2011,0.0,52793.0,-0.9592139999999999,-0.796108,NIC,920190
31727063,160,9861,2012,0.0,42291.0,-0.754724,-0.668629,NIC,920190
31727064,160,9861,2013,0.0,156934.0,-0.9277,-0.6842630000000001,NIC,920190
31727065,160,9861,2014,0.0,60483.0,-0.938269,-0.839066,NIC,920190
31727066,160,9861,2015,0.0,42991.0,-1.102989,-0.952276,NIC,920190
31727067,160,9861,2016,0.0,44817.0,-1.0387389999999999,-0.998977,NIC,920190
31727068,160,9861,2017,0.0,73811.0,-1.0502280000000002,-0.8817719999999999,NIC,920190
31727069,160,9861,2018,0.0,7226.0,-0.887282,-0.827008,NIC,920190
31727070,160,9861,2019,0.0,10992.0,-1.058553,-0.854482,NIC,920190
31727071,160,9861,2020,0.0,66013.0,-0.9128809999999999,-0.746636,NIC,920190
31727072,161,9861,1995,,,0.8622989999999999,-0.461028,NIU,920190
31727073,161,9861,1996,,,0.934731,-0.41833100000000006,NIU,920190
31727074,161,9861,1997,,,0.588501,-0.655092,NIU,920190
31727075,161,9861,1998,,,-0.123806,-0.770129,NIU,920190
31727076,161,9861,1999,,,0.18219100000000002,-0.6904239999999999,NIU,920190
31727077,161,9861,2000,,,0.905705,-0.29473299999999997,NIU,920190
31727078,161,9861,2001,,,0.8420120000000001,-0.40183,NIU,920190
31727079,161,9861,2002,,,0.5417350000000001,-0.645461,NIU,920190
31727080,161,9861,2003,,,0.746075,-0.557872,NIU,920190
31727081,161,9861,2004,,,1.150507,-0.508379,NIU,920190
31727082,161,9861,2005,,,0.745304,-0.538337,NIU,920190
31727083,161,9861,2006,,,1.172511,-0.21281799999999998,NIU,920190
31727084,161,9861,2007,,,0.8204540000000001,-0.403953,NIU,920190
31727085,161,9861,2008,,,1.290661,-0.060131,NIU,920190
31727086,161,9861,2009,,,1.305372,0.063123,NIU,920190
31727087,161,9861,2010,,,1.2255610000000001,-0.687604,NIU,920190
31727088,161,9861,2011,,,1.469768,0.034852999999999995,NIU,920190
31727089,161,9861,2012,,,1.176703,-0.127122,NIU,920190
31727090,161,9861,2013,,,1.901559,-0.039522,NIU,920190
31727091,161,9861,2014,,,1.624556,0.065342,NIU,920190
31727092,161,9861,2015,,,1.7121400000000002,-0.072287,NIU,920190
31727093,161,9861,2016,,,1.666675,-0.198755,NIU,920190
31727094,161,9861,2017,,,0.436779,-0.758359,NIU,920190
31727095,161,9861,2018,,,0.9669469999999999,-0.851692,NIU,920190
31727096,161,9861,2019,,,1.3109819999999999,-0.730798,NIU,920190
31727097,161,9861,2020,,,-0.028386,-0.8818799999999999,NIU,920190
31727098,162,9861,1995,429489.0,150104.0,1.304391,1.8819119999999998,NLD,920190
31727099,162,9861,1996,386448.0,125585.0,1.256625,1.803132,NLD,920190
31727100,162,9861,1997,424942.0,459596.0,1.267794,1.727888,NLD,920190
31727101,162,9861,1998,376643.0,191293.0,1.248469,1.683182,NLD,920190
31727102,162,9861,1999,236418.0,356086.0,1.308776,1.574293,NLD,920190
31727103,162,9861,2000,87238.0,139946.0,1.283291,1.58901,NLD,920190
31727104,162,9861,2001,193688.0,155555.0,1.315685,1.590935,NLD,920190
31727105,162,9861,2002,133931.0,241385.0,1.206176,1.7136360000000002,NLD,920190
31727106,162,9861,2003,253808.0,228445.0,1.168453,1.7085709999999998,NLD,920190
31727107,162,9861,2004,372416.0,266586.0,1.251808,1.586526,NLD,920190
31727108,162,9861,2005,492501.0,361047.0,1.143533,1.614774,NLD,920190
31727109,162,9861,2006,458981.0,461403.0,1.192134,1.450852,NLD,920190
31727110,162,9861,2007,522755.0,198693.0,1.089169,1.589641,NLD,920190
31727111,162,9861,2008,397091.0,177130.0,1.139475,1.385316,NLD,920190
31727112,162,9861,2009,391254.0,339791.0,1.1914850000000001,1.3076780000000001,NLD,920190
31727113,162,9861,2010,342521.0,348401.0,1.237998,1.1891209999999999,NLD,920190
31727114,162,9861,2011,535829.0,1583542.0,1.1655229999999999,1.410167,NLD,920190
31727115,162,9861,2012,350168.0,1978613.0,1.124582,1.374002,NLD,920190
31727116,162,9861,2013,742745.0,7271348.0,1.184107,1.249557,NLD,920190
31727117,162,9861,2014,660851.0,13028596.0,1.179325,1.355071,NLD,920190
31727118,162,9861,2015,495493.0,14195847.0,1.230104,1.27344,NLD,920190
31727119,162,9861,2016,241226.0,2253113.0,1.157361,1.5188540000000001,NLD,920190
31727120,162,9861,2017,301550.0,368448.0,1.146959,1.470869,NLD,920190
31727121,162,9861,2018,459590.0,202808.0,1.1478899999999999,1.454758,NLD,920190
31727122,162,9861,2019,289904.0,149134.0,1.145044,1.3523530000000001,NLD,920190
31727123,162,9861,2020,526750.0,338121.0,1.035951,1.559401,NLD,920190
31727124,163,9861,1995,3077.0,357331.0,1.019741,0.394241,NOR,920190
31727125,163,9861,1996,3494.0,129973.0,1.204869,0.303062,NOR,920190
31727126,163,9861,1997,6114.0,82859.0,1.003945,0.188826,NOR,920190
31727127,163,9861,1998,32600.0,134841.0,1.1660190000000001,0.43901899999999994,NOR,920190
31727128,163,9861,1999,2546.0,85639.0,1.1012959999999998,0.240184,NOR,920190
31727129,163,9861,2000,8924.0,107943.0,0.988346,0.046556,NOR,920190
31727130,163,9861,2001,10293.0,70427.0,0.974814,0.06512000000000001,NOR,920190
31727131,163,9861,2002,337.0,179936.0,1.110882,0.17164100000000002,NOR,920190
31727132,163,9861,2003,1219.0,180331.0,1.1500620000000001,0.258554,NOR,920190
31727133,163,9861,2004,1009.0,99724.0,1.10162,0.118709,NOR,920190
31727134,163,9861,2005,18468.0,307298.0,1.0581530000000001,0.038369,NOR,920190
31727135,163,9861,2006,12633.0,140044.0,1.0787930000000001,0.014051,NOR,920190
31727136,163,9861,2007,28887.0,296141.0,0.9829100000000001,0.100995,NOR,920190
31727137,163,9861,2008,5494.0,335093.0,0.911428,-0.019318000000000002,NOR,920190
31727138,163,9861,2009,6428.0,450490.0,0.865455,0.082808,NOR,920190
31727139,163,9861,2010,26720.0,175959.0,0.865676,0.138757,NOR,920190
31727140,163,9861,2011,5070.0,338539.0,0.8492770000000001,0.050044,NOR,920190
31727141,163,9861,2012,7285.0,626238.0,0.8613049999999999,0.12626800000000002,NOR,920190
31727142,163,9861,2013,12033.0,759531.0,0.892099,0.18168399999999998,NOR,920190
31727143,163,9861,2014,27810.0,836971.0,0.9187049999999999,0.182685,NOR,920190
31727144,163,9861,2015,8695.0,133509.0,0.950708,0.314339,NOR,920190
31727145,163,9861,2016,22636.0,182617.0,0.89891,0.297673,NOR,920190
31727146,163,9861,2017,18380.0,484828.0,0.73658,0.11450199999999999,NOR,920190
31727147,163,9861,2018,6261.0,413464.0,0.681639,0.021762,NOR,920190
31727148,163,9861,2019,29509.0,125416.0,0.6957300000000001,0.181607,NOR,920190
31727149,163,9861,2020,2875.0,181678.0,0.793459,0.369766,NOR,920190
31727150,164,9861,1995,0.0,52365.0,-0.779984,-0.7621479999999999,NPL,920190
31727151,164,9861,1996,0.0,6967.0,-0.7390100000000001,-0.647903,NPL,920190
31727152,164,9861,1997,,,-0.559546,-0.358545,NPL,920190
31727153,164,9861,1998,,,-0.634124,-0.279031,NPL,920190
31727154,164,9861,1999,,,-0.421433,0.24781799999999998,NPL,920190
31727155,164,9861,2000,0.0,6870.0,-0.395304,0.104966,NPL,920190
31727156,164,9861,2001,0.0,2901.0,-0.483749,-0.008754999999999999,NPL,920190
31727157,164,9861,2002,0.0,2001.0,-0.216428,0.44377700000000003,NPL,920190
31727158,164,9861,2003,0.0,54681.0,-0.26353899999999997,1.351717,NPL,920190
31727159,164,9861,2004,,,-0.323954,0.5528,NPL,920190
31727160,164,9861,2005,,,-0.347515,0.630102,NPL,920190
31727161,164,9861,2006,0.0,1291.0,-0.29672600000000005,0.665077,NPL,920190
31727162,164,9861,2007,,,-0.274255,0.513961,NPL,920190
31727163,164,9861,2008,0.0,2478.0,-0.130718,0.59102,NPL,920190
31727164,164,9861,2009,0.0,45277.0,-0.324434,1.076908,NPL,920190
31727165,164,9861,2010,0.0,27482.0,-0.23753400000000002,0.7957390000000001,NPL,920190
31727166,164,9861,2011,0.0,33862.0,-0.242299,0.801966,NPL,920190
31727167,164,9861,2012,0.0,37731.0,-0.146732,0.7988310000000001,NPL,920190
31727168,164,9861,2013,0.0,36568.0,-0.293669,0.677365,NPL,920190
31727169,164,9861,2014,0.0,60041.0,-0.11988199999999999,0.655883,NPL,920190
31727170,164,9861,2015,0.0,21308.0,-0.290416,0.456716,NPL,920190
31727171,164,9861,2016,0.0,19609.0,-0.37595500000000004,0.475239,NPL,920190
31727172,164,9861,2017,0.0,12550.0,-0.319681,0.5788220000000001,NPL,920190
31727173,164,9861,2018,0.0,47087.0,-0.252837,0.999258,NPL,920190
31727174,164,9861,2019,6794.0,53783.0,-0.23868000000000003,0.42732299999999995,NPL,920190
31727175,164,9861,2020,0.0,36682.0,-0.22803299999999999,0.25111,NPL,920190
31727176,165,9861,1995,,,0.9604870000000001,-0.513994,NRU,920190
31727177,165,9861,1996,,,1.24021,-0.442279,NRU,920190
31727178,165,9861,1997,,,1.1610610000000001,-0.485941,NRU,920190
31727179,165,9861,1998,,,0.7830060000000001,-0.49654,NRU,920190
31727180,165,9861,1999,0.0,7785.0,0.400977,-0.643049,NRU,920190
31727181,165,9861,2000,,,1.1900190000000002,-0.449799,NRU,920190
31727182,165,9861,2001,,,1.164324,-0.11804200000000001,NRU,920190
31727183,165,9861,2002,,,0.8975049999999999,-0.494882,NRU,920190
31727184,165,9861,2003,,,0.6127199999999999,-0.304759,NRU,920190
31727185,165,9861,2004,,,1.37799,-0.36241599999999996,NRU,920190
31727186,165,9861,2005,0.0,1953.0,1.335741,-0.071855,NRU,920190
31727187,165,9861,2006,,,1.092365,-0.03394,NRU,920190
31727188,165,9861,2007,,,0.919574,-0.327637,NRU,920190
31727189,165,9861,2008,,,0.538959,-0.74048,NRU,920190
31727190,165,9861,2009,,,0.721114,-0.581005,NRU,920190
31727191,165,9861,2010,,,0.350571,-0.732316,NRU,920190
31727192,165,9861,2011,,,0.548569,-0.513296,NRU,920190
31727193,165,9861,2012,,,0.6183569999999999,-0.575687,NRU,920190
31727194,165,9861,2013,,,0.8494780000000001,-0.587259,NRU,920190
31727195,165,9861,2014,,,1.215503,-0.37847,NRU,920190
31727196,165,9861,2015,,,1.27283,-0.30019,NRU,920190
31727197,165,9861,2016,,,0.661876,-0.355951,NRU,920190
31727198,165,9861,2017,,,0.963425,-0.06901499999999999,NRU,920190
31727199,165,9861,2018,,,0.8769610000000001,-0.095779,NRU,920190
31727200,165,9861,2019,,,0.726887,-0.407936,NRU,920190
31727201,165,9861,2020,,,1.062876,-0.723853,NRU,920190
31727202,166,9861,1995,2797.0,66413.0,0.5558270000000001,0.773271,NZL,920190
31727203,166,9861,1996,0.0,63970.0,0.49466099999999996,0.8302879999999999,NZL,920190
31727204,166,9861,1997,0.0,76457.0,0.557545,0.731294,NZL,920190
31727205,166,9861,1998,2859.0,89378.0,0.5690529999999999,0.7752060000000001,NZL,920190
31727206,166,9861,1999,4045.0,13645.0,0.592051,0.780176,NZL,920190
31727207,166,9861,2000,18872.0,56642.0,0.552858,0.8281129999999999,NZL,920190
31727208,166,9861,2001,33138.0,70562.0,0.521409,0.683134,NZL,920190
31727209,166,9861,2002,15012.0,92999.0,0.542585,0.854243,NZL,920190
31727210,166,9861,2003,35227.0,113610.0,0.589619,0.997301,NZL,920190
31727211,166,9861,2004,7700.0,178081.0,0.567392,0.965781,NZL,920190
31727212,166,9861,2005,5606.0,104936.0,0.623822,0.825528,NZL,920190
31727213,166,9861,2006,1891.0,200860.0,0.5371,0.8240209999999999,NZL,920190
31727214,166,9861,2007,18008.0,221227.0,0.495938,0.845825,NZL,920190
31727215,166,9861,2008,19281.0,300295.0,0.513416,0.753058,NZL,920190
31727216,166,9861,2009,9582.0,233842.0,0.38301999999999997,0.720644,NZL,920190
31727217,166,9861,2010,12331.0,371856.0,0.36828299999999997,0.574574,NZL,920190
31727218,166,9861,2011,24196.0,342188.0,0.372732,0.548601,NZL,920190
31727219,166,9861,2012,10924.0,227885.0,0.410575,0.714584,NZL,920190
31727220,166,9861,2013,11624.0,265271.0,0.3345,0.39063000000000003,NZL,920190
31727221,166,9861,2014,8911.0,326776.0,0.272502,0.21628699999999998,NZL,920190
31727222,166,9861,2015,9209.0,246287.0,0.224598,0.253179,NZL,920190
31727223,166,9861,2016,10097.0,1128522.0,0.236556,0.252918,NZL,920190
31727224,166,9861,2017,8272.0,171453.0,0.25651199999999996,0.132996,NZL,920190
31727225,166,9861,2018,20717.0,112690.0,0.21902600000000003,0.148714,NZL,920190
31727226,166,9861,2019,15515.0,186711.0,0.119281,0.039036,NZL,920190
31727227,166,9861,2020,8487.0,118639.0,0.145567,0.070121,NZL,920190
31727228,167,9861,1995,0.0,13104.0,-0.328853,-0.946069,OMN,920190
31727229,167,9861,1996,0.0,5806.0,-0.10243499999999998,-0.8425879999999999,OMN,920190
31727230,167,9861,1997,,,-0.335834,-0.945859,OMN,920190
31727231,167,9861,1998,,,-0.38848499999999997,-0.898559,OMN,920190
31727232,167,9861,1999,0.0,47362.0,-0.6801510000000001,-1.146403,OMN,920190
31727233,167,9861,2000,47967.0,309387.0,-1.0104549999999999,-1.185999,OMN,920190
31727234,167,9861,2001,0.0,3418.0,-0.909329,-1.189698,OMN,920190
31727235,167,9861,2002,5665.0,91501.0,-1.238769,-1.225841,OMN,920190
31727236,167,9861,2003,0.0,24233.0,-1.434873,-1.188123,OMN,920190
31727237,167,9861,2004,0.0,50790.0,-0.62946,-1.108933,OMN,920190
31727238,167,9861,2005,0.0,22990.0,-0.384571,-1.068743,OMN,920190
31727239,167,9861,2006,8616.0,170045.0,-0.6373989999999999,-1.092554,OMN,920190
31727240,167,9861,2007,62877.0,19792.0,-0.5185310000000001,-1.071832,OMN,920190
31727241,167,9861,2008,24960.0,99183.0,-0.635199,-1.027136,OMN,920190
31727242,167,9861,2009,66624.0,47104.0,-0.691918,-1.015434,OMN,920190
31727243,167,9861,2010,0.0,13562.0,-0.487612,-0.9551379999999999,OMN,920190
31727244,167,9861,2011,3218.0,160194.0,-0.473703,-0.952491,OMN,920190
31727245,167,9861,2012,0.0,197161.0,-0.869576,-1.1086850000000001,OMN,920190
31727246,167,9861,2013,4091.0,305748.0,-0.604175,-1.0463209999999998,OMN,920190
31727247,167,9861,2014,1266.0,21339.0,-0.505129,-1.0051370000000002,OMN,920190
31727248,167,9861,2015,322580.0,754433.0,-0.4699,-1.00451,OMN,920190
31727249,167,9861,2016,0.0,24146.0,-0.334782,-0.9107190000000001,OMN,920190
31727250,167,9861,2017,73789.0,262709.0,-0.347684,-0.884569,OMN,920190
31727251,167,9861,2018,304641.0,451409.0,-0.548048,-0.9972989999999999,OMN,920190
31727252,167,9861,2019,0.0,362486.0,-0.40120100000000003,-0.881602,OMN,920190
31727253,167,9861,2020,1029.0,322386.0,-0.251371,-0.8775299999999999,OMN,920190
31727254,168,9861,1995,,,-0.707965,-0.324784,PAK,920190
31727255,168,9861,1996,,,-0.7543300000000001,-0.393654,PAK,920190
31727256,168,9861,1997,0.0,3168.0,-0.882432,-0.563344,PAK,920190
31727257,168,9861,1998,,,-0.9008149999999999,-0.448942,PAK,920190
31727258,168,9861,1999,,,-1.047891,-0.525612,PAK,920190
31727259,168,9861,2000,11463.0,3719.0,-0.851295,-0.370618,PAK,920190
31727260,168,9861,2001,0.0,1564.0,-0.8376520000000001,-0.378743,PAK,920190
31727261,168,9861,2002,1839.0,0.0,-0.877655,-0.322094,PAK,920190
31727262,168,9861,2003,0.0,23969.0,-0.6659689999999999,0.137924,PAK,920190
31727263,168,9861,2004,41200.0,14244.0,-0.754143,0.25995100000000004,PAK,920190
31727264,168,9861,2005,3759.0,1410.0,-0.592542,0.365501,PAK,920190
31727265,168,9861,2006,6792.0,2296.0,-0.449333,0.563013,PAK,920190
31727266,168,9861,2007,8123.0,25153.0,-0.5594359999999999,0.47369300000000003,PAK,920190
31727267,168,9861,2008,0.0,64311.0,-0.401588,0.500668,PAK,920190
31727268,168,9861,2009,0.0,9107.0,-0.514907,0.44733100000000003,PAK,920190
31727269,168,9861,2010,3031.0,4344.0,-0.692071,0.5409010000000001,PAK,920190
31727270,168,9861,2011,16933.0,19505.0,-0.729677,0.6026729999999999,PAK,920190
31727271,168,9861,2012,4394.0,0.0,-0.633706,0.658617,PAK,920190
31727272,168,9861,2013,7913.0,2590.0,-0.75727,0.769703,PAK,920190
31727273,168,9861,2014,6690.0,0.0,-0.672924,0.566787,PAK,920190
31727274,168,9861,2015,0.0,9015.0,-0.7059979999999999,0.73501,PAK,920190
31727275,168,9861,2016,0.0,10703.0,-0.7502800000000001,0.545331,PAK,920190
31727276,168,9861,2017,0.0,68208.0,-0.698561,0.43523500000000004,PAK,920190
31727277,168,9861,2018,3532.0,211861.0,-0.64348,0.665045,PAK,920190
31727278,168,9861,2019,1125.0,86069.0,-0.6909270000000001,0.8651120000000001,PAK,920190
31727279,168,9861,2020,22950.0,546793.0,-0.52984,0.63654,PAK,920190
31727280,169,9861,1995,17792.0,36449.0,-0.019815,0.050906,PAN,920190
31727281,169,9861,1996,32910.0,130058.0,-0.100537,-0.374129,PAN,920190
31727282,169,9861,1997,62666.0,185012.0,-0.028676999999999998,0.00023999999999999998,PAN,920190
31727283,169,9861,1998,78941.0,173047.0,0.010123,0.5677949999999999,PAN,920190
31727284,169,9861,1999,56209.0,151633.0,0.126144,0.491986,PAN,920190
31727285,169,9861,2000,97947.0,218714.0,0.2095,0.525942,PAN,920190
31727286,169,9861,2001,114787.0,152839.0,0.17588199999999998,0.422505,PAN,920190
31727287,169,9861,2002,121283.0,157067.0,0.134759,0.234258,PAN,920190
31727288,169,9861,2003,128958.0,90178.0,-0.050386,-0.039619999999999995,PAN,920190
31727289,169,9861,2004,30358.0,143904.0,-0.011979,0.261315,PAN,920190
31727290,169,9861,2005,28776.0,43230.0,-0.166943,0.212196,PAN,920190
31727291,169,9861,2006,1027505.0,1599963.0,0.306664,0.638533,PAN,920190
31727292,169,9861,2007,1246343.0,3578381.0,0.36233899999999997,0.807669,PAN,920190
31727293,169,9861,2008,1539167.0,2714822.0,0.470854,0.960075,PAN,920190
31727294,169,9861,2009,968456.0,2217633.0,0.629137,0.5894010000000001,PAN,920190
31727295,169,9861,2010,1308872.0,5336685.0,0.617867,0.903432,PAN,920190
31727296,169,9861,2011,1726932.0,4298557.0,0.786135,1.061008,PAN,920190
31727297,169,9861,2012,3534534.0,5989304.0,0.901366,1.245179,PAN,920190
31727298,169,9861,2013,5677400.0,19651425.0,0.735637,1.161718,PAN,920190
31727299,169,9861,2014,4296895.0,14325803.0,0.771742,0.9873190000000001,PAN,920190
31727300,169,9861,2015,2331527.0,1807902.0,0.642058,0.833392,PAN,920190
31727301,169,9861,2016,2201608.0,10354642.0,0.58773,0.654145,PAN,920190
31727302,169,9861,2017,2141886.0,4257950.0,0.5520109999999999,0.788181,PAN,920190
31727303,169,9861,2018,413413.0,0.0,0.104326,-0.11611800000000001,PAN,920190
31727304,169,9861,2019,398176.0,0.0,0.00926,-0.308483,PAN,920190
31727305,169,9861,2020,249270.0,0.0,0.590821,0.786784,PAN,920190
31727306,170,9861,1995,,,,,PCI,920190
31727307,170,9861,1996,,,,,PCI,920190
31727308,170,9861,1997,,,,,PCI,920190
31727309,170,9861,1998,,,,,PCI,920190
31727310,170,9861,1999,,,,,PCI,920190
31727311,170,9861,2000,,,,,PCI,920190
31727312,170,9861,2001,,,,,PCI,920190
31727313,170,9861,2002,,,,,PCI,920190
31727314,170,9861,2003,,,,,PCI,920190
31727315,170,9861,2004,,,,,PCI,920190
31727316,170,9861,2005,,,,,PCI,920190
31727317,170,9861,2006,,,,,PCI,920190
31727318,170,9861,2007,,,,,PCI,920190
31727319,170,9861,2008,,,,,PCI,920190
31727320,170,9861,2009,,,,,PCI,920190
31727321,170,9861,2010,,,,,PCI,920190
31727322,170,9861,2011,,,,,PCI,920190
31727323,170,9861,2012,,,,,PCI,920190
31727324,170,9861,2013,,,,,PCI,920190
31727325,170,9861,2014,,,,,PCI,920190
31727326,170,9861,2015,,,,,PCI,920190
31727327,170,9861,2016,,,,,PCI,920190
31727328,170,9861,2017,,,,,PCI,920190
31727329,170,9861,2018,,,,,PCI,920190
31727330,170,9861,2019,,,,,PCI,920190
31727331,170,9861,2020,,,,,PCI,920190
31727332,171,9861,1995,,,0.8489540000000001,-0.613367,PCN,920190
31727333,171,9861,1996,,,-0.660984,-0.738887,PCN,920190
31727334,171,9861,1997,,,0.445329,-0.657316,PCN,920190
31727335,171,9861,1998,,,0.015778,-0.7873220000000001,PCN,920190
31727336,171,9861,1999,,,0.872001,-0.7028310000000001,PCN,920190
31727337,171,9861,2000,,,0.105297,-0.687272,PCN,920190
31727338,171,9861,2001,,,0.108918,-0.732035,PCN,920190
31727339,171,9861,2002,,,0.561805,-0.522701,PCN,920190
31727340,171,9861,2003,,,0.510894,-0.473526,PCN,920190
31727341,171,9861,2004,,,0.462645,-0.671204,PCN,920190
31727342,171,9861,2005,,,0.8136760000000001,-0.553076,PCN,920190
31727343,171,9861,2006,,,-0.305812,-0.816541,PCN,920190
31727344,171,9861,2007,,,0.391111,-0.626695,PCN,920190
31727345,171,9861,2008,,,0.7325659999999999,-0.50798,PCN,920190
31727346,171,9861,2009,,,0.779567,-0.458002,PCN,920190
31727347,171,9861,2010,,,0.18265499999999998,-0.6658,PCN,920190
31727348,171,9861,2011,5473.0,0.0,1.28213,0.215827,PCN,920190
31727349,171,9861,2012,,,1.612844,0.40525100000000003,PCN,920190
31727350,171,9861,2013,,,0.8076770000000001,-0.494516,PCN,920190
31727351,171,9861,2014,,,0.98311,-0.45960100000000004,PCN,920190
31727352,171,9861,2015,,,0.114469,-0.7910729999999999,PCN,920190
31727353,171,9861,2016,,,0.7749689999999999,-0.702357,PCN,920190
31727354,171,9861,2017,,,0.517021,-0.688823,PCN,920190
31727355,171,9861,2018,,,0.963227,-0.5059859999999999,PCN,920190
31727356,171,9861,2019,,,0.42944,-0.6689579999999999,PCN,920190
31727357,171,9861,2020,,,0.35777,-0.6678970000000001,PCN,920190
31727358,172,9861,1995,,,,,PCZ,920190
31727359,172,9861,1996,,,,,PCZ,920190
31727360,172,9861,1997,,,,,PCZ,920190
31727361,172,9861,1998,,,,,PCZ,920190
31727362,172,9861,1999,,,,,PCZ,920190
31727363,172,9861,2000,,,,,PCZ,920190
31727364,172,9861,2001,,,,,PCZ,920190
31727365,172,9861,2002,,,,,PCZ,920190
31727366,172,9861,2003,,,,,PCZ,920190
31727367,172,9861,2004,,,,,PCZ,920190
31727368,172,9861,2005,,,,,PCZ,920190
31727369,172,9861,2006,,,,,PCZ,920190
31727370,172,9861,2007,,,,,PCZ,920190
31727371,172,9861,2008,,,,,PCZ,920190
31727372,172,9861,2009,,,,,PCZ,920190
31727373,172,9861,2010,,,,,PCZ,920190
31727374,172,9861,2011,,,,,PCZ,920190
31727375,172,9861,2012,,,,,PCZ,920190
31727376,172,9861,2013,,,,,PCZ,920190
31727377,172,9861,2014,,,,,PCZ,920190
31727378,172,9861,2015,,,,,PCZ,920190
31727379,172,9861,2016,,,,,PCZ,920190
31727380,172,9861,2017,,,,,PCZ,920190
31727381,172,9861,2018,,,,,PCZ,920190
31727382,172,9861,2019,,,,,PCZ,920190
31727383,172,9861,2020,,,,,PCZ,920190
31727384,173,9861,1995,0.0,11310.0,-0.263859,-0.21032800000000001,PER,920190
31727385,173,9861,1996,0.0,12664.0,-0.43761000000000005,-0.28077399999999997,PER,920190
31727386,173,9861,1997,0.0,29184.0,-0.5023880000000001,-0.262563,PER,920190
31727387,173,9861,1998,0.0,107566.0,-0.35875300000000004,0.042606,PER,920190
31727388,173,9861,1999,0.0,80201.0,-0.367489,0.11813399999999999,PER,920190
31727389,173,9861,2000,0.0,72323.0,-0.297619,0.194724,PER,920190
31727390,173,9861,2001,0.0,21511.0,-0.345519,0.202623,PER,920190
31727391,173,9861,2002,22157.0,60020.0,-0.6126199999999999,0.085944,PER,920190
31727392,173,9861,2003,1167.0,11948.0,-0.48627,0.371354,PER,920190
31727393,173,9861,2004,0.0,37289.0,-0.564244,0.131232,PER,920190
31727394,173,9861,2005,0.0,42336.0,-0.518174,0.171262,PER,920190
31727395,173,9861,2006,1210.0,82800.0,-0.551095,0.044295,PER,920190
31727396,173,9861,2007,0.0,175345.0,-0.49716099999999996,0.02556,PER,920190
31727397,173,9861,2008,1179.0,57602.0,-0.518126,0.17193599999999998,PER,920190
31727398,173,9861,2009,1305.0,77324.0,-0.53304,0.221183,PER,920190
31727399,173,9861,2010,1727.0,83839.0,-0.650327,0.162321,PER,920190
31727400,173,9861,2011,0.0,220947.0,-0.455977,0.442543,PER,920190
31727401,173,9861,2012,0.0,155173.0,-0.444821,0.555188,PER,920190
31727402,173,9861,2013,14497.0,161942.0,-0.573852,0.357977,PER,920190
31727403,173,9861,2014,0.0,171608.0,-0.557833,0.611826,PER,920190
31727404,173,9861,2015,0.0,324466.0,-0.6007819999999999,0.32152800000000004,PER,920190
31727405,173,9861,2016,0.0,767661.0,-0.717529,0.007845999999999999,PER,920190
31727406,173,9861,2017,0.0,343411.0,-0.667658,-0.318344,PER,920190
31727407,173,9861,2018,0.0,44780.0,-0.6673060000000001,-0.183315,PER,920190
31727408,173,9861,2019,0.0,49562.0,-0.76944,-0.216619,PER,920190
31727409,173,9861,2020,0.0,23788.0,-0.717014,-0.152142,PER,920190
31727410,174,9861,1995,1328.0,10234.0,-0.480548,0.076564,PHL,920190
31727411,174,9861,1996,169811.0,180499.0,-0.276548,0.344986,PHL,920190
31727412,174,9861,1997,16452.0,358429.0,-0.24310900000000002,0.085784,PHL,920190
31727413,174,9861,1998,26589.0,19899.0,-0.262725,-0.075781,PHL,920190
31727414,174,9861,1999,3916.0,31132.0,-0.401903,-0.333408,PHL,920190
31727415,174,9861,2000,0.0,91786.0,-0.279447,-0.329073,PHL,920190
31727416,174,9861,2001,1892.0,339968.0,-0.028201,-0.112349,PHL,920190
31727417,174,9861,2002,54944.0,132189.0,0.055439999999999996,-0.179809,PHL,920190
31727418,174,9861,2003,31476.0,20948.0,-0.065022,-0.195144,PHL,920190
31727419,174,9861,2004,0.0,29709.0,-0.076709,-0.149006,PHL,920190
31727420,174,9861,2005,3848.0,3332.0,-0.038225999999999996,-0.057957,PHL,920190
31727421,174,9861,2006,2020.0,57003.0,0.161994,0.036631,PHL,920190
31727422,174,9861,2007,4331.0,41181.0,0.032117,-0.16600499999999999,PHL,920190
31727423,174,9861,2008,2754.0,87361.0,0.276488,-0.02957,PHL,920190
31727424,174,9861,2009,2701.0,61963.0,0.34318000000000004,0.095375,PHL,920190
31727425,174,9861,2010,14305.0,85715.0,0.40418899999999996,0.102497,PHL,920190
31727426,174,9861,2011,5789.0,92106.0,0.364707,0.322626,PHL,920190
31727427,174,9861,2012,4626.0,87290.0,0.388785,0.465275,PHL,920190
31727428,174,9861,2013,7814.0,206726.0,0.507868,0.355403,PHL,920190
31727429,174,9861,2014,0.0,279821.0,0.637442,0.475883,PHL,920190
31727430,174,9861,2015,1018.0,113199.0,0.6406270000000001,0.45770200000000005,PHL,920190
31727431,174,9861,2016,0.0,114792.0,0.619343,0.303981,PHL,920190
31727432,174,9861,2017,2079.0,70404.0,0.657759,0.170061,PHL,920190
31727433,174,9861,2018,25305.0,225219.0,0.781409,0.22126700000000002,PHL,920190
31727434,174,9861,2019,5738.0,78736.0,0.762884,0.3318,PHL,920190
31727435,174,9861,2020,4810.0,82655.0,0.755786,0.24693,PHL,920190
31727436,175,9861,1995,,,-0.7866810000000001,-0.810771,PLW,920190
31727437,175,9861,1996,,,-0.095965,-0.703808,PLW,920190
31727438,175,9861,1997,,,-0.771472,-0.891301,PLW,920190
31727439,175,9861,1998,,,-0.959525,-0.9131739999999999,PLW,920190
31727440,175,9861,1999,,,-1.269639,-1.0196610000000002,PLW,920190
31727441,175,9861,2000,,,-1.173103,-1.006145,PLW,920190
31727442,175,9861,2001,,,-1.194157,-0.9768700000000001,PLW,920190
31727443,175,9861,2002,,,-1.4882389999999999,-0.995626,PLW,920190
31727444,175,9861,2003,,,-0.478426,-0.85765,PLW,920190
31727445,175,9861,2004,,,-0.047021,-0.841942,PLW,920190
31727446,175,9861,2005,,,0.225894,-0.786127,PLW,920190
31727447,175,9861,2006,,,-0.6016520000000001,-0.849938,PLW,920190
31727448,175,9861,2007,0.0,4991.0,-0.514012,-0.878468,PLW,920190
31727449,175,9861,2008,,,0.25725,-0.797149,PLW,920190
31727450,175,9861,2009,,,0.408333,-0.826412,PLW,920190
31727451,175,9861,2010,0.0,3991.0,-0.32681,-0.885127,PLW,920190
31727452,175,9861,2011,,,-0.026091000000000003,-0.753837,PLW,920190
31727453,175,9861,2012,0.0,1011.0,-0.21545100000000003,-0.773588,PLW,920190
31727454,175,9861,2013,0.0,2697.0,0.232127,-0.716653,PLW,920190
31727455,175,9861,2014,0.0,3338.0,0.38879600000000003,-0.532062,PLW,920190
31727456,175,9861,2015,,,0.353098,-0.590496,PLW,920190
31727457,175,9861,2016,0.0,4238.0,0.707907,-0.531396,PLW,920190
31727458,175,9861,2017,0.0,8314.0,0.6076229999999999,-0.559638,PLW,920190
31727459,175,9861,2018,0.0,2367.0,0.07495,-0.8339719999999999,PLW,920190
31727460,175,9861,2019,,,0.03565,-0.8227690000000001,PLW,920190
31727461,175,9861,2020,,,0.207858,-0.809401,PLW,920190
31727462,176,9861,1995,,,-2.387352,-1.200933,PNG,920190
31727463,176,9861,1996,,,-2.120746,-1.2199879999999999,PNG,920190
31727464,176,9861,1997,,,-2.2823439999999997,-1.264621,PNG,920190
31727465,176,9861,1998,0.0,19216.0,-2.060952,-1.237969,PNG,920190
31727466,176,9861,1999,0.0,26566.0,-1.850785,-1.256969,PNG,920190
31727467,176,9861,2000,0.0,3319.0,-1.686651,-1.1906729999999999,PNG,920190
31727468,176,9861,2001,0.0,7320.0,-1.503929,-1.199463,PNG,920190
31727469,176,9861,2002,0.0,9126.0,-1.4572319999999999,-1.159399,PNG,920190
31727470,176,9861,2003,1968.0,14073.0,-1.7997330000000002,-1.2110049999999999,PNG,920190
31727471,176,9861,2004,0.0,10863.0,-1.7599200000000002,-1.219971,PNG,920190
31727472,176,9861,2005,,,-1.6583900000000003,-1.198114,PNG,920190
31727473,176,9861,2006,0.0,5700.0,-1.89409,-1.234731,PNG,920190
31727474,176,9861,2007,0.0,13662.0,-1.947486,-1.284269,PNG,920190
31727475,176,9861,2008,0.0,13310.0,-1.6771330000000002,-1.18528,PNG,920190
31727476,176,9861,2009,0.0,8564.0,-1.90537,-1.2462030000000002,PNG,920190
31727477,176,9861,2010,0.0,27436.0,-1.725138,-1.195622,PNG,920190
31727478,176,9861,2011,0.0,27611.0,-1.1111659999999999,-0.9458610000000001,PNG,920190
31727479,176,9861,2012,0.0,24391.0,-1.009277,-1.039759,PNG,920190
31727480,176,9861,2013,0.0,1928.0,-1.444244,-1.144231,PNG,920190
31727481,176,9861,2014,,,-1.564904,-1.146255,PNG,920190
31727482,176,9861,2015,0.0,31503.0,-1.710939,-1.266333,PNG,920190
31727483,176,9861,2016,0.0,16168.0,-1.689987,-1.2762639999999998,PNG,920190
31727484,176,9861,2017,,,-1.788834,-1.267126,PNG,920190
31727485,176,9861,2018,0.0,2648.0,-1.7580360000000002,-1.239492,PNG,920190
31727486,176,9861,2019,,,-1.654143,-1.249707,PNG,920190
31727487,176,9861,2020,,,-1.526134,-1.191965,PNG,920190
31727488,177,9861,1995,46861.0,6554.0,0.76393,1.802648,POL,920190
31727489,177,9861,1996,91652.0,154961.0,0.795489,1.9004729999999999,POL,920190
31727490,177,9861,1997,170682.0,46417.0,0.805559,1.9598520000000001,POL,920190
31727491,177,9861,1998,343497.0,347681.0,0.8638309999999999,1.8881299999999999,POL,920190
31727492,177,9861,1999,535133.0,61983.0,0.8512700000000001,1.8975229999999998,POL,920190
31727493,177,9861,2000,467406.0,176861.0,0.862983,1.8683400000000001,POL,920190
31727494,177,9861,2001,291004.0,80226.0,0.9474540000000001,1.8408220000000002,POL,920190
31727495,177,9861,2002,210948.0,211199.0,0.931642,1.721727,POL,920190
31727496,177,9861,2003,318090.0,69906.0,0.966622,1.664838,POL,920190
31727497,177,9861,2004,202697.0,36863.0,1.019341,1.519452,POL,920190
31727498,177,9861,2005,3859.0,70242.0,0.9564299999999999,1.559385,POL,920190
31727499,177,9861,2006,95308.0,43751.0,0.991927,1.474418,POL,920190
31727500,177,9861,2007,41451.0,24691.0,1.0412139999999999,1.309641,POL,920190
31727501,177,9861,2008,55073.0,290734.0,1.037287,1.244457,POL,920190
31727502,177,9861,2009,23126.0,724304.0,1.11055,1.069074,POL,920190
31727503,177,9861,2010,23122.0,636587.0,1.083552,1.1433719999999998,POL,920190
31727504,177,9861,2011,172554.0,404558.0,1.133641,1.134203,POL,920190
31727505,177,9861,2012,97669.0,89043.0,1.0626870000000002,1.267268,POL,920190
31727506,177,9861,2013,58460.0,99567.0,1.084332,1.216749,POL,920190
31727507,177,9861,2014,156442.0,518273.0,1.133102,1.177165,POL,920190
31727508,177,9861,2015,1430653.0,1464152.0,1.145844,1.1449280000000002,POL,920190
31727509,177,9861,2016,751817.0,614641.0,1.146113,1.239532,POL,920190
31727510,177,9861,2017,397509.0,533621.0,1.197417,1.092716,POL,920190
31727511,177,9861,2018,591897.0,1140648.0,1.132475,1.258945,POL,920190
31727512,177,9861,2019,500559.0,870268.0,1.088347,1.275875,POL,920190
31727513,177,9861,2020,188567.0,116029.0,1.0227979999999999,1.4079139999999999,POL,920190
31727514,178,9861,1995,,,0.46509799999999996,0.645496,PRK,920190
31727515,178,9861,1996,1816.0,0.0,0.725014,1.20189,PRK,920190
31727516,178,9861,1997,,,0.701604,0.649257,PRK,920190
31727517,178,9861,1998,31592.0,0.0,0.7417239999999999,0.899826,PRK,920190
31727518,178,9861,1999,,,0.536814,0.980433,PRK,920190
31727519,178,9861,2000,1914.0,0.0,0.786946,1.0068290000000002,PRK,920190
31727520,178,9861,2001,7898.0,0.0,0.62773,1.010888,PRK,920190
31727521,178,9861,2002,0.0,26374.0,0.43756999999999996,0.744264,PRK,920190
31727522,178,9861,2003,33750.0,0.0,0.7060420000000001,0.7718,PRK,920190
31727523,178,9861,2004,41726.0,11926.0,0.578991,0.781518,PRK,920190
31727524,178,9861,2005,30584.0,25216.0,0.712403,0.8739520000000001,PRK,920190
31727525,178,9861,2006,4464.0,0.0,0.548754,0.763313,PRK,920190
31727526,178,9861,2007,0.0,15201.0,0.799712,0.8789370000000001,PRK,920190
31727527,178,9861,2008,27369.0,301963.0,0.6970609999999999,0.88018,PRK,920190
31727528,178,9861,2009,0.0,146998.0,0.608089,0.709831,PRK,920190
31727529,178,9861,2010,603092.0,61788.0,0.348511,0.466229,PRK,920190
31727530,178,9861,2011,18399.0,23731.0,-0.024317,-0.154781,PRK,920190
31727531,178,9861,2012,0.0,38458.0,-0.120826,0.131138,PRK,920190
31727532,178,9861,2013,0.0,23599.0,-0.414538,-0.22449299999999997,PRK,920190
31727533,178,9861,2014,0.0,5212.0,-0.23883000000000001,-0.009727,PRK,920190
31727534,178,9861,2015,0.0,1050.0,-0.404818,-0.075235,PRK,920190
31727535,178,9861,2016,0.0,3600.0,-0.512374,-0.143648,PRK,920190
31727536,178,9861,2017,0.0,10090.0,-0.353642,-0.08027000000000001,PRK,920190
31727537,178,9861,2018,,,0.714618,0.47291700000000003,PRK,920190
31727538,178,9861,2019,1040.0,0.0,1.049447,0.46940699999999996,PRK,920190
31727539,178,9861,2020,,,1.162417,0.494306,PRK,920190
31727540,179,9861,1995,3512.0,92120.0,0.412677,1.254009,PRT,920190
31727541,179,9861,1996,5314.0,44474.0,0.39343,1.170144,PRT,920190
31727542,179,9861,1997,4800.0,48998.0,0.379367,1.296551,PRT,920190
31727543,179,9861,1998,3088.0,9488.0,0.39771999999999996,1.303603,PRT,920190
31727544,179,9861,1999,2042.0,82627.0,0.420538,1.379359,PRT,920190
31727545,179,9861,2000,11991.0,37217.0,0.547816,1.70635,PRT,920190
31727546,179,9861,2001,0.0,17010.0,0.482048,1.662123,PRT,920190
31727547,179,9861,2002,19233.0,60132.0,0.484407,1.6500080000000001,PRT,920190
31727548,179,9861,2003,87014.0,73653.0,0.471376,1.647303,PRT,920190
31727549,179,9861,2004,8457.0,10374.0,0.524524,1.901139,PRT,920190
31727550,179,9861,2005,18890.0,70016.0,0.5119819999999999,1.901636,PRT,920190
31727551,179,9861,2006,1254.0,34750.0,0.5723630000000001,1.92303,PRT,920190
31727552,179,9861,2007,13574.0,206598.0,0.621302,1.971656,PRT,920190
31727553,179,9861,2008,26049.0,168271.0,0.64135,2.1946939999999997,PRT,920190
31727554,179,9861,2009,51085.0,129813.0,0.559189,2.4359919999999997,PRT,920190
31727555,179,9861,2010,24272.0,219367.0,0.551149,2.437209,PRT,920190
31727556,179,9861,2011,36226.0,81979.0,0.558481,2.7056240000000003,PRT,920190
31727557,179,9861,2012,63074.0,22796.0,0.648544,2.405491,PRT,920190
31727558,179,9861,2013,56934.0,28483.0,0.541454,2.5228610000000002,PRT,920190
31727559,179,9861,2014,94998.0,18313.0,0.621053,2.349644,PRT,920190
31727560,179,9861,2015,13185.0,39377.0,0.561922,2.2276380000000002,PRT,920190
31727561,179,9861,2016,37480.0,41180.0,0.519621,2.254972,PRT,920190
31727562,179,9861,2017,66451.0,45824.0,0.527046,2.264624,PRT,920190
31727563,179,9861,2018,62340.0,40598.0,0.652628,2.211758,PRT,920190
31727564,179,9861,2019,37349.0,10134.0,0.545467,2.344447,PRT,920190
31727565,179,9861,2020,34535.0,33238.0,0.656999,2.1136470000000003,PRT,920190
31727566,180,9861,1995,0.0,13819.0,-0.283544,-0.640898,PRY,920190
31727567,180,9861,1996,0.0,16016.0,-0.506178,-0.712851,PRY,920190
31727568,180,9861,1997,0.0,139806.0,-0.44951,-0.818817,PRY,920190
31727569,180,9861,1998,0.0,575937.0,-0.204539,-0.766486,PRY,920190
31727570,180,9861,1999,0.0,250887.0,-0.541387,-0.863967,PRY,920190
31727571,180,9861,2000,0.0,734639.0,-0.774476,-0.980039,PRY,920190
31727572,180,9861,2001,0.0,412818.0,-0.68893,-0.9326690000000001,PRY,920190
31727573,180,9861,2002,0.0,219339.0,-0.614282,-0.963832,PRY,920190
31727574,180,9861,2003,0.0,96051.0,-0.607733,-0.8577879999999999,PRY,920190
31727575,180,9861,2004,0.0,119891.0,-0.64574,-0.978875,PRY,920190
31727576,180,9861,2005,,,-0.7109880000000001,-0.8740680000000001,PRY,920190
31727577,180,9861,2006,,,-0.520435,-0.7839119999999999,PRY,920190
31727578,180,9861,2007,0.0,31466.0,-0.500617,-0.814385,PRY,920190
31727579,180,9861,2008,0.0,798552.0,-0.556298,-0.9503780000000001,PRY,920190
31727580,180,9861,2009,0.0,339498.0,-0.564858,-0.941735,PRY,920190
31727581,180,9861,2010,0.0,41971.0,-0.553805,-0.8699450000000001,PRY,920190
31727582,180,9861,2011,0.0,5572.0,-0.548759,-0.877743,PRY,920190
31727583,180,9861,2012,0.0,59404.0,-0.497895,-0.9197299999999999,PRY,920190
31727584,180,9861,2013,0.0,1591.0,-0.566239,-0.9273459999999999,PRY,920190
31727585,180,9861,2014,0.0,3332.0,-0.608509,-0.930679,PRY,920190
31727586,180,9861,2015,0.0,3491.0,-0.471106,-0.9431139999999999,PRY,920190
31727587,180,9861,2016,0.0,12840.0,-0.660702,-1.0329979999999999,PRY,920190
31727588,180,9861,2017,0.0,9673.0,-0.437741,-0.9248879999999999,PRY,920190
31727589,180,9861,2018,1412.0,38467.0,-0.614751,-0.952478,PRY,920190
31727590,180,9861,2019,0.0,41917.0,-0.500999,-0.8635219999999999,PRY,920190
31727591,180,9861,2020,0.0,7044.0,-0.45920600000000006,-0.930341,PRY,920190
31727592,181,9861,1995,,,,,PSE,920190
31727593,181,9861,1996,,,,,PSE,920190
31727594,181,9861,1997,,,,,PSE,920190
31727595,181,9861,1998,,,,,PSE,920190
31727596,181,9861,1999,,,,,PSE,920190
31727597,181,9861,2000,,,1.1113879999999998,0.320747,PSE,920190
31727598,181,9861,2001,,,0.60735,-0.027356000000000002,PSE,920190
31727599,181,9861,2002,,,0.394636,-0.286194,PSE,920190
31727600,181,9861,2003,,,0.657296,0.220183,PSE,920190
31727601,181,9861,2004,,,-0.20239100000000002,-0.6123460000000001,PSE,920190
31727602,181,9861,2005,0.0,4001.0,0.12721400000000002,-0.38598699999999997,PSE,920190
31727603,181,9861,2006,,,-0.03464,-0.487188,PSE,920190
31727604,181,9861,2007,0.0,6939.0,0.16788499999999998,0.689805,PSE,920190
31727605,181,9861,2008,,,0.19076300000000002,1.019001,PSE,920190
31727606,181,9861,2009,,,0.119192,0.6390680000000001,PSE,920190
31727607,181,9861,2010,0.0,4205.0,0.12470099999999999,0.576382,PSE,920190
31727608,181,9861,2011,0.0,1517.0,0.07902999999999999,0.550277,PSE,920190
31727609,181,9861,2012,0.0,4231.0,0.219288,0.620059,PSE,920190
31727610,181,9861,2013,0.0,15110.0,0.072979,0.7099260000000001,PSE,920190
31727611,181,9861,2014,0.0,9696.0,0.030643,0.601905,PSE,920190
31727612,181,9861,2015,0.0,4016.0,0.060575,0.5649489999999999,PSE,920190
31727613,181,9861,2016,0.0,7060.0,-0.067187,0.535972,PSE,920190
31727614,181,9861,2017,0.0,1285.0,0.11852,0.609241,PSE,920190
31727615,181,9861,2018,0.0,28671.0,0.096402,0.735946,PSE,920190
31727616,181,9861,2019,0.0,4514.0,0.05640800000000001,0.708102,PSE,920190
31727617,181,9861,2020,5195.0,3881.0,0.162235,0.828319,PSE,920190
31727618,182,9861,1995,,,-0.33641,-0.696238,PYF,920190
31727619,182,9861,1996,0.0,1776.0,0.845308,-0.31763,PYF,920190
31727620,182,9861,1997,0.0,8749.0,0.333947,-0.5391560000000001,PYF,920190
31727621,182,9861,1998,0.0,6400.0,0.422645,-0.607595,PYF,920190
31727622,182,9861,1999,850.0,3856.0,0.281327,-0.624142,PYF,920190
31727623,182,9861,2000,0.0,19826.0,0.01154,-0.6676880000000001,PYF,920190
31727624,182,9861,2001,0.0,13203.0,-0.005456,-0.7210770000000001,PYF,920190
31727625,182,9861,2002,0.0,42270.0,0.042936,-0.7421840000000001,PYF,920190
31727626,182,9861,2003,0.0,16738.0,-0.255707,-0.676557,PYF,920190
31727627,182,9861,2004,0.0,14448.0,-0.414954,-0.773736,PYF,920190
31727628,182,9861,2005,0.0,48431.0,-0.46358999999999995,-0.801909,PYF,920190
31727629,182,9861,2006,0.0,23859.0,-0.213329,-0.743599,PYF,920190
31727630,182,9861,2007,0.0,17748.0,-0.72809,-0.9329620000000001,PYF,920190
31727631,182,9861,2008,0.0,9844.0,-0.255879,-0.714841,PYF,920190
31727632,182,9861,2009,0.0,32055.0,-0.440014,-0.835513,PYF,920190
31727633,182,9861,2010,0.0,22296.0,-0.47692700000000005,-0.8429760000000001,PYF,920190
31727634,182,9861,2011,0.0,53310.0,0.37798000000000004,-0.460049,PYF,920190
31727635,182,9861,2012,0.0,30910.0,-0.131116,-0.6672819999999999,PYF,920190
31727636,182,9861,2013,0.0,30630.0,-0.146044,-0.7055359999999999,PYF,920190
31727637,182,9861,2014,0.0,23983.0,0.008831,-0.6268279999999999,PYF,920190
31727638,182,9861,2015,2275.0,16204.0,-0.301696,-0.795154,PYF,920190
31727639,182,9861,2016,0.0,8568.0,0.11597400000000001,-0.657672,PYF,920190
31727640,182,9861,2017,0.0,3280.0,-0.1278,-0.748387,PYF,920190
31727641,182,9861,2018,0.0,30109.0,0.21430300000000002,-0.484076,PYF,920190
31727642,182,9861,2019,0.0,18681.0,0.30119,-0.39213000000000003,PYF,920190
31727643,182,9861,2020,0.0,15765.0,0.640838,-0.11156300000000001,PYF,920190
31727644,183,9861,1995,,,-0.721352,-1.0827799999999999,QAT,920190
31727645,183,9861,1996,,,-0.48203500000000005,-1.117173,QAT,920190
31727646,183,9861,1997,,,-1.0874469999999998,-1.204852,QAT,920190
31727647,183,9861,1998,0.0,2379.0,-1.047819,-1.226928,QAT,920190
31727648,183,9861,1999,,,-0.593308,-1.18811,QAT,920190
31727649,183,9861,2000,0.0,39131.0,-0.591806,-1.152123,QAT,920190
31727650,183,9861,2001,0.0,20827.0,-0.46564799999999995,-1.127634,QAT,920190
31727651,183,9861,2002,3073.0,34260.0,-0.306052,-1.098296,QAT,920190
31727652,183,9861,2003,0.0,13832.0,-0.209042,-1.0565799999999999,QAT,920190
31727653,183,9861,2004,0.0,11601.0,0.21713400000000002,-1.031806,QAT,920190
31727654,183,9861,2005,91487.0,91191.0,0.2381,-1.0287979999999999,QAT,920190
31727655,183,9861,2006,0.0,4549.0,0.055777999999999994,-1.0379049999999999,QAT,920190
31727656,183,9861,2007,8347.0,28109.0,0.20181500000000002,-0.9898110000000001,QAT,920190
31727657,183,9861,2008,0.0,386216.0,-0.36390900000000004,-1.0045549999999999,QAT,920190
31727658,183,9861,2009,962447.0,0.0,-0.484947,-1.07179,QAT,920190
31727659,183,9861,2010,1027.0,28159.0,-0.346143,-1.078192,QAT,920190
31727660,183,9861,2011,0.0,2784.0,-0.45851899999999995,-1.017033,QAT,920190
31727661,183,9861,2012,816.0,3680.0,-0.558014,-1.012392,QAT,920190
31727662,183,9861,2013,0.0,8734.0,-0.083649,-1.013491,QAT,920190
31727663,183,9861,2014,0.0,40346.0,-0.37535599999999997,-1.0196370000000001,QAT,920190
31727664,183,9861,2015,0.0,3051.0,-0.077053,-0.9922719999999999,QAT,920190
31727665,183,9861,2016,1447.0,937.0,-0.36124,-1.106629,QAT,920190
31727666,183,9861,2017,3855.0,92704.0,-0.361327,-1.066869,QAT,920190
31727667,183,9861,2018,0.0,393709.0,-0.068401,-1.014732,QAT,920190
31727668,183,9861,2019,0.0,12520.0,-0.064127,-1.065046,QAT,920190
31727669,183,9861,2020,36277.0,102661.0,-0.028836,-1.0183950000000002,QAT,920190
31727670,184,9861,1995,0.0,15436.0,0.728825,-0.178569,REU,920190
31727671,184,9861,1996,,,,,REU,920190
31727672,184,9861,1997,,,,,REU,920190
31727673,184,9861,1998,,,,,REU,920190
31727674,184,9861,1999,,,,,REU,920190
31727675,184,9861,2000,,,,,REU,920190
31727676,184,9861,2001,,,,,REU,920190
31727677,184,9861,2002,,,,,REU,920190
31727678,184,9861,2003,,,,,REU,920190
31727679,184,9861,2004,,,,,REU,920190
31727680,184,9861,2005,,,,,REU,920190
31727681,184,9861,2006,,,,,REU,920190
31727682,184,9861,2007,,,,,REU,920190
31727683,184,9861,2008,,,,,REU,920190
31727684,184,9861,2009,,,,,REU,920190
31727685,184,9861,2010,,,,,REU,920190
31727686,184,9861,2011,,,,,REU,920190
31727687,184,9861,2012,,,,,REU,920190
31727688,184,9861,2013,,,,,REU,920190
31727689,184,9861,2014,,,,,REU,920190
31727690,184,9861,2015,,,,,REU,920190
31727691,184,9861,2016,,,,,REU,920190
31727692,184,9861,2017,,,,,REU,920190
31727693,184,9861,2018,,,,,REU,920190
31727694,184,9861,2019,,,,,REU,920190
31727695,184,9861,2020,,,,,REU,920190
31727696,185,9861,1995,0.0,8557.0,0.621468,1.038729,ROU,920190
31727697,185,9861,1996,1752.0,10479.0,0.612035,0.880964,ROU,920190
31727698,185,9861,1997,979.0,1328.0,0.44381000000000004,1.084109,ROU,920190
31727699,185,9861,1998,984.0,985.0,0.315392,0.961176,ROU,920190
31727700,185,9861,1999,4475.0,17496.0,0.253874,0.8322709999999999,ROU,920190
31727701,185,9861,2000,0.0,1760.0,0.39034,0.84193,ROU,920190
31727702,185,9861,2001,1247.0,20633.0,0.326733,1.005332,ROU,920190
31727703,185,9861,2002,3752.0,26188.0,0.29888200000000004,0.980376,ROU,920190
31727704,185,9861,2003,1305.0,26602.0,0.378379,1.0064620000000002,ROU,920190
31727705,185,9861,2004,0.0,161361.0,0.37241599999999997,1.015865,ROU,920190
31727706,185,9861,2005,1134.0,610505.0,0.371288,1.095875,ROU,920190
31727707,185,9861,2006,8916.0,438731.0,0.550825,1.170744,ROU,920190
31727708,185,9861,2007,0.0,556591.0,0.69445,1.223747,ROU,920190
31727709,185,9861,2008,0.0,360184.0,0.784924,1.235527,ROU,920190
31727710,185,9861,2009,0.0,81227.0,0.833802,1.024418,ROU,920190
31727711,185,9861,2010,13524.0,305158.0,0.6483760000000001,1.200256,ROU,920190
31727712,185,9861,2011,2631.0,78825.0,0.722,1.296655,ROU,920190
31727713,185,9861,2012,6493.0,65538.0,0.745926,1.2884719999999998,ROU,920190
31727714,185,9861,2013,17417.0,50441.0,0.792035,1.225034,ROU,920190
31727715,185,9861,2014,0.0,67058.0,0.9112,1.188161,ROU,920190
31727716,185,9861,2015,0.0,68925.0,0.946363,1.056775,ROU,920190
31727717,185,9861,2016,40986.0,43537.0,1.061259,0.9878870000000001,ROU,920190
31727718,185,9861,2017,0.0,3258.0,1.05479,0.9842219999999999,ROU,920190
31727719,185,9861,2018,54493.0,61129.0,1.050715,1.04471,ROU,920190
31727720,185,9861,2019,35502.0,262657.0,1.044289,1.013691,ROU,920190
31727721,185,9861,2020,26109.0,214231.0,1.13426,0.9767809999999999,ROU,920190
31727722,186,9861,1995,47431.0,242391.0,0.364437,0.171494,RUS,920190
31727723,186,9861,1996,25726.0,189965.0,0.900185,0.47723000000000004,RUS,920190
31727724,186,9861,1997,3314.0,222103.0,0.87377,0.423861,RUS,920190
31727725,186,9861,1998,13226.0,77633.0,0.93909,0.59719,RUS,920190
31727726,186,9861,1999,9405.0,49275.0,0.903308,0.590858,RUS,920190
31727727,186,9861,2000,39878.0,106236.0,0.976274,0.42859200000000003,RUS,920190
31727728,186,9861,2001,53890.0,107313.0,0.945816,0.35027600000000003,RUS,920190
31727729,186,9861,2002,15702.0,104040.0,1.109397,0.424229,RUS,920190
31727730,186,9861,2003,25990.0,60714.0,1.072729,0.338355,RUS,920190
31727731,186,9861,2004,42393.0,36917.0,0.8952399999999999,0.172896,RUS,920190
31727732,186,9861,2005,5023.0,54067.0,0.901675,0.061595000000000004,RUS,920190
31727733,186,9861,2006,0.0,197464.0,0.801197,0.104683,RUS,920190
31727734,186,9861,2007,1965.0,398992.0,0.5576399999999999,-0.05382000000000001,RUS,920190
31727735,186,9861,2008,0.0,576730.0,0.559059,-0.00886,RUS,920190
31727736,186,9861,2009,7040.0,205682.0,0.392478,-0.20038399999999998,RUS,920190
31727737,186,9861,2010,0.0,114611.0,0.583996,-0.223881,RUS,920190
31727738,186,9861,2011,816.0,111376.0,0.47319399999999995,-0.20801599999999998,RUS,920190
31727739,186,9861,2012,0.0,161653.0,0.20625500000000002,-0.196697,RUS,920190
31727740,186,9861,2013,356.0,277165.0,0.481166,-0.180052,RUS,920190
31727741,186,9861,2014,13773.0,387383.0,0.229422,-0.214856,RUS,920190
31727742,186,9861,2015,17238.0,67817.0,0.23119,0.035965,RUS,920190
31727743,186,9861,2016,51304.0,498093.0,0.252891,0.200423,RUS,920190
31727744,186,9861,2017,13260.0,68470.0,0.32885,0.288392,RUS,920190
31727745,186,9861,2018,23621.0,197164.0,0.21398000000000003,0.100414,RUS,920190
31727746,186,9861,2019,11497.0,226841.0,0.329884,0.26215,RUS,920190
31727747,186,9861,2020,60329.0,163632.0,0.373882,0.42102700000000004,RUS,920190
31727748,187,9861,1995,,,-0.18641,-0.6206729999999999,RWA,920190
31727749,187,9861,1996,0.0,991.0,0.07343,-0.520246,RWA,920190
31727750,187,9861,1997,,,-0.412674,-0.735488,RWA,920190
31727751,187,9861,1998,0.0,631.0,-0.38756399999999996,-0.7770130000000001,RWA,920190
31727752,187,9861,1999,0.0,796.0,-0.747449,-0.832043,RWA,920190
31727753,187,9861,2000,,,-0.346668,-0.7081270000000001,RWA,920190
31727754,187,9861,2001,0.0,1950.0,-1.260879,-0.861347,RWA,920190
31727755,187,9861,2002,0.0,2796.0,-0.553848,-0.757714,RWA,920190
31727756,187,9861,2003,0.0,3413.0,-0.99513,-0.852476,RWA,920190
31727757,187,9861,2004,0.0,12092.0,-1.3952870000000002,-0.950857,RWA,920190
31727758,187,9861,2005,0.0,39421.0,-0.6467470000000001,-0.66747,RWA,920190
31727759,187,9861,2006,0.0,67092.0,-0.032827999999999996,-0.42937600000000004,RWA,920190
31727760,187,9861,2007,1278.0,10385.0,-0.383017,-0.49216899999999997,RWA,920190
31727761,187,9861,2008,0.0,14562.0,-0.770307,-0.650779,RWA,920190
31727762,187,9861,2009,0.0,14678.0,-0.31001599999999996,-0.5382170000000001,RWA,920190
31727763,187,9861,2010,0.0,46457.0,-0.6033350000000001,-0.524881,RWA,920190
31727764,187,9861,2011,0.0,13082.0,-0.684475,-0.690734,RWA,920190
31727765,187,9861,2012,0.0,16973.0,-0.672906,-0.72154,RWA,920190
31727766,187,9861,2013,0.0,35315.0,-0.490519,-0.48427700000000007,RWA,920190
31727767,187,9861,2014,0.0,16363.0,-0.5692659999999999,-0.447859,RWA,920190
31727768,187,9861,2015,2926.0,411019.0,-0.755738,-0.4423,RWA,920190
31727769,187,9861,2016,0.0,238582.0,-0.5802149999999999,-0.568327,RWA,920190
31727770,187,9861,2017,944.0,66084.0,-0.7610319999999999,-0.680251,RWA,920190
31727771,187,9861,2018,0.0,2353025.0,-0.618925,-0.788172,RWA,920190
31727772,187,9861,2019,0.0,13932.0,-0.812602,-0.737603,RWA,920190
31727773,187,9861,2020,0.0,18384.0,-0.923618,-0.975133,RWA,920190
31727774,188,9861,1995,20248.0,221302.0,0.401573,-0.6676529999999999,SAU,920190
31727775,188,9861,1996,0.0,151983.0,0.215265,-0.8577309999999999,SAU,920190
31727776,188,9861,1997,1219.0,11931.0,0.015040000000000001,-0.954475,SAU,920190
31727777,188,9861,1998,26366.0,379076.0,0.521849,-0.7550899999999999,SAU,920190
31727778,188,9861,1999,4540.0,514811.0,0.553028,-0.527401,SAU,920190
31727779,188,9861,2000,2569.0,30365.0,0.588175,-0.74197,SAU,920190
31727780,188,9861,2001,3351.0,17211.0,0.5370550000000001,-0.793469,SAU,920190
31727781,188,9861,2002,2760.0,45959.0,0.082107,-0.843317,SAU,920190
31727782,188,9861,2003,2409.0,245254.0,0.202286,-0.714691,SAU,920190
31727783,188,9861,2004,58226.0,104656.0,0.546196,-0.7014729999999999,SAU,920190
31727784,188,9861,2005,49203.0,321547.0,0.678873,-0.759985,SAU,920190
31727785,188,9861,2006,0.0,153857.0,0.162432,-0.853059,SAU,920190
31727786,188,9861,2007,0.0,226322.0,0.367463,-0.8603709999999999,SAU,920190
31727787,188,9861,2008,0.0,333485.0,-0.09849400000000001,-0.8998309999999999,SAU,920190
31727788,188,9861,2009,0.0,607321.0,0.300581,-0.813199,SAU,920190
31727789,188,9861,2010,1744.0,496474.0,0.46696400000000005,-0.7487520000000001,SAU,920190
31727790,188,9861,2011,6342.0,1913554.0,0.354045,-0.800028,SAU,920190
31727791,188,9861,2012,2317.0,298802.0,0.42235200000000006,-0.818584,SAU,920190
31727792,188,9861,2013,6332.0,857761.0,0.626347,-0.844406,SAU,920190
31727793,188,9861,2014,1931.0,250966.0,0.5758439999999999,-0.832692,SAU,920190
31727794,188,9861,2015,1378.0,951832.0,0.5552520000000001,-0.7263229999999999,SAU,920190
31727795,188,9861,2016,987.0,793569.0,0.394807,-0.638644,SAU,920190
31727796,188,9861,2017,0.0,747314.0,0.597716,-0.345049,SAU,920190
31727797,188,9861,2018,5744.0,1155140.0,0.5801810000000001,-0.447514,SAU,920190
31727798,188,9861,2019,5472.0,1165315.0,0.787798,-0.41350600000000004,SAU,920190
31727799,188,9861,2020,0.0,462701.0,0.662925,-0.21661999999999998,SAU,920190
31727800,189,9861,1995,,,1.032118,1.180409,SCG,920190
31727801,189,9861,1996,0.0,5911.0,0.786293,2.20126,SCG,920190
31727802,189,9861,1997,970.0,5661.0,0.659904,1.702849,SCG,920190
31727803,189,9861,1998,0.0,6992.0,0.603733,1.535453,SCG,920190
31727804,189,9861,1999,3212.0,5679.0,0.607596,2.222456,SCG,920190
31727805,189,9861,2000,0.0,13014.0,0.609133,2.278384,SCG,920190
31727806,189,9861,2001,,,0.45280200000000004,2.469852,SCG,920190
31727807,189,9861,2002,5601.0,31123.0,0.55781,2.135925,SCG,920190
31727808,189,9861,2003,0.0,6150.0,0.575326,1.627894,SCG,920190
31727809,189,9861,2004,0.0,11716.0,0.628071,2.210424,SCG,920190
31727810,189,9861,2005,0.0,7830.0,0.560725,1.62105,SCG,920190
31727811,189,9861,2006,,,,,SCG,920190
31727812,189,9861,2007,,,,,SCG,920190
31727813,189,9861,2008,,,,,SCG,920190
31727814,189,9861,2009,,,,,SCG,920190
31727815,189,9861,2010,,,,,SCG,920190
31727816,189,9861,2011,,,,,SCG,920190
31727817,189,9861,2012,,,,,SCG,920190
31727818,189,9861,2013,,,,,SCG,920190
31727819,189,9861,2014,,,,,SCG,920190
31727820,189,9861,2015,,,,,SCG,920190
31727821,189,9861,2016,,,,,SCG,920190
31727822,189,9861,2017,,,,,SCG,920190
31727823,189,9861,2018,,,,,SCG,920190
31727824,189,9861,2019,,,,,SCG,920190
31727825,189,9861,2020,,,,,SCG,920190
31727826,190,9861,1995,,,-0.776567,-0.963823,SDN,920190
31727827,190,9861,1996,,,-1.4146459999999998,-1.181707,SDN,920190
31727828,190,9861,1997,0.0,1678.0,-1.300352,-1.199816,SDN,920190
31727829,190,9861,1998,,,-1.034858,-1.089854,SDN,920190
31727830,190,9861,1999,,,-1.321619,-1.162911,SDN,920190
31727831,190,9861,2000,,,-1.5105899999999999,-1.2287549999999998,SDN,920190
31727832,190,9861,2001,0.0,5508.0,-1.6325180000000001,-1.263267,SDN,920190
31727833,190,9861,2002,,,-1.499925,-1.228374,SDN,920190
31727834,190,9861,2003,0.0,2282.0,-1.3535059999999999,-1.1701409999999999,SDN,920190
31727835,190,9861,2004,,,-1.5346309999999999,-1.2599559999999999,SDN,920190
31727836,190,9861,2005,0.0,12016.0,-1.5685850000000001,-1.243433,SDN,920190
31727837,190,9861,2006,0.0,2395.0,-1.873762,-1.278378,SDN,920190
31727838,190,9861,2007,0.0,210777.0,-1.978359,-1.316172,SDN,920190
31727839,190,9861,2008,0.0,639.0,-2.095439,-1.263511,SDN,920190
31727840,190,9861,2009,0.0,12519.0,-2.2948020000000002,-1.3182040000000002,SDN,920190
31727841,190,9861,2010,0.0,9506.0,-1.9094669999999998,-1.271065,SDN,920190
31727842,190,9861,2011,0.0,7176.0,-2.1675869999999997,-1.249272,SDN,920190
31727843,190,9861,2012,0.0,7845.0,-1.316171,-1.1347610000000001,SDN,920190
31727844,190,9861,2013,0.0,6578.0,-1.254944,-1.073564,SDN,920190
31727845,190,9861,2014,0.0,5276.0,-1.442381,-1.1155030000000001,SDN,920190
31727846,190,9861,2015,0.0,6370.0,-1.420356,-1.218424,SDN,920190
31727847,190,9861,2016,0.0,15394.0,-1.216141,-1.191648,SDN,920190
31727848,190,9861,2017,0.0,8581.0,-1.567691,-1.257164,SDN,920190
31727849,190,9861,2018,0.0,56900.0,-1.278532,-1.176008,SDN,920190
31727850,190,9861,2019,0.0,5377.0,-1.25579,-1.208796,SDN,920190
31727851,190,9861,2020,,,-1.380126,-1.280657,SDN,920190
31727852,191,9861,1995,,,-0.94962,-0.970988,SEN,920190
31727853,191,9861,1996,3915.0,1762.0,-0.619785,-0.712171,SEN,920190
31727854,191,9861,1997,0.0,3686.0,-0.606205,-0.727753,SEN,920190
31727855,191,9861,1998,0.0,1821.0,-0.416955,-0.449216,SEN,920190
31727856,191,9861,1999,0.0,3406.0,-0.472473,-0.462562,SEN,920190
31727857,191,9861,2000,0.0,5122.0,-0.46170100000000003,-0.435547,SEN,920190
31727858,191,9861,2001,0.0,5185.0,-0.437779,-0.436654,SEN,920190
31727859,191,9861,2002,0.0,16938.0,-0.43679700000000005,-0.484176,SEN,920190
31727860,191,9861,2003,0.0,3126.0,-0.25203600000000004,-0.25549299999999997,SEN,920190
31727861,191,9861,2004,0.0,7837.0,-0.527127,-0.368631,SEN,920190
31727862,191,9861,2005,0.0,9403.0,-0.279715,-0.231985,SEN,920190
31727863,191,9861,2006,0.0,4628.0,-0.364713,-0.183612,SEN,920190
31727864,191,9861,2007,0.0,12989.0,-0.20343599999999998,0.27211199999999997,SEN,920190
31727865,191,9861,2008,0.0,5917.0,-0.478024,-0.313199,SEN,920190
31727866,191,9861,2009,0.0,2992.0,-0.53392,-0.415513,SEN,920190
31727867,191,9861,2010,0.0,9825.0,-0.45445,-0.148149,SEN,920190
31727868,191,9861,2011,0.0,4070.0,-0.624346,-0.308052,SEN,920190
31727869,191,9861,2012,3718.0,253311.0,-0.458858,-0.172745,SEN,920190
31727870,191,9861,2013,279.0,4274.0,-0.523662,-0.309101,SEN,920190
31727871,191,9861,2014,0.0,9045.0,-0.502607,-0.08866,SEN,920190
31727872,191,9861,2015,0.0,2024.0,-0.708349,-0.296663,SEN,920190
31727873,191,9861,2016,1584.0,15000.0,-0.7061270000000001,-0.46532399999999996,SEN,920190
31727874,191,9861,2017,3391.0,80474.0,-0.6722899999999999,-0.26522199999999996,SEN,920190
31727875,191,9861,2018,2490.0,36091.0,-0.751378,-0.390573,SEN,920190
31727876,191,9861,2019,751.0,16959.0,-0.721992,-0.385479,SEN,920190
31727877,191,9861,2020,789.0,20718.0,-0.634185,-0.398728,SEN,920190
31727878,192,9861,1995,419039.0,1002348.0,0.747684,0.4745,SGP,920190
31727879,192,9861,1996,228105.0,1000376.0,0.8354299999999999,0.41169799999999995,SGP,920190
31727880,192,9861,1997,76324.0,694498.0,1.01557,0.360154,SGP,920190
31727881,192,9861,1998,116146.0,433184.0,1.0029709999999998,0.506545,SGP,920190
31727882,192,9861,1999,240812.0,1444515.0,1.355833,0.594305,SGP,920190
31727883,192,9861,2000,173224.0,1621435.0,1.3392389999999998,0.6035010000000001,SGP,920190
31727884,192,9861,2001,42201.0,858982.0,1.364239,0.721074,SGP,920190
31727885,192,9861,2002,153701.0,482170.0,1.481857,0.648889,SGP,920190
31727886,192,9861,2003,203043.0,573179.0,1.5080799999999999,0.720337,SGP,920190
31727887,192,9861,2004,230498.0,1172379.0,1.6409779999999998,0.634947,SGP,920190
31727888,192,9861,2005,288057.0,1253318.0,1.601677,0.49930399999999997,SGP,920190
31727889,192,9861,2006,281049.0,1218016.0,1.5377379999999998,0.503089,SGP,920190
31727890,192,9861,2007,476822.0,610661.0,1.608299,0.545791,SGP,920190
31727891,192,9861,2008,398572.0,564152.0,1.844543,0.5947020000000001,SGP,920190
31727892,192,9861,2009,349661.0,349922.0,1.9503540000000001,0.498033,SGP,920190
31727893,192,9861,2010,454801.0,316063.0,1.8441349999999999,0.570311,SGP,920190
31727894,192,9861,2011,784066.0,441333.0,1.849116,0.52127,SGP,920190
31727895,192,9861,2012,1054923.0,435752.0,1.685959,0.5900989999999999,SGP,920190
31727896,192,9861,2013,1012729.0,652316.0,1.915504,0.619576,SGP,920190
31727897,192,9861,2014,347981.0,1590738.0,1.867492,0.626736,SGP,920190
31727898,192,9861,2015,349228.0,351542.0,2.05613,0.593065,SGP,920190
31727899,192,9861,2016,1711821.0,720497.0,2.089995,0.564921,SGP,920190
31727900,192,9861,2017,390082.0,165228.0,1.884166,0.37903600000000004,SGP,920190
31727901,192,9861,2018,103321.0,816167.0,1.914132,0.652011,SGP,920190
31727902,192,9861,2019,379203.0,501135.0,2.0264599999999997,0.665506,SGP,920190
31727903,192,9861,2020,202438.0,775227.0,1.948379,0.610574,SGP,920190
31727904,193,9861,1995,,,,,SGS,920190
31727905,193,9861,1996,,,,,SGS,920190
31727906,193,9861,1997,,,,,SGS,920190
31727907,193,9861,1998,,,,,SGS,920190
31727908,193,9861,1999,,,,,SGS,920190
31727909,193,9861,2000,,,1.0955629999999998,-0.8769889999999999,SGS,920190
31727910,193,9861,2001,,,2.301104,-0.772378,SGS,920190
31727911,193,9861,2002,,,1.458389,-0.695846,SGS,920190
31727912,193,9861,2003,,,2.127043,-0.5255029999999999,SGS,920190
31727913,193,9861,2004,,,0.842463,-0.7492949999999999,SGS,920190
31727914,193,9861,2005,,,0.199141,-0.749854,SGS,920190
31727915,193,9861,2006,,,1.378112,-0.634744,SGS,920190
31727916,193,9861,2007,,,0.34491,-0.819142,SGS,920190
31727917,193,9861,2008,,,0.6732520000000001,-0.753207,SGS,920190
31727918,193,9861,2009,,,0.402905,-0.810702,SGS,920190
31727919,193,9861,2010,,,1.2057209999999998,-0.560959,SGS,920190
31727920,193,9861,2011,,,1.576694,-0.29165,SGS,920190
31727921,193,9861,2012,,,1.397512,-0.576494,SGS,920190
31727922,193,9861,2013,,,1.546034,-0.626796,SGS,920190
31727923,193,9861,2014,,,1.081216,-0.787072,SGS,920190
31727924,193,9861,2015,,,1.469511,-0.7100390000000001,SGS,920190
31727925,193,9861,2016,,,0.258303,-0.880397,SGS,920190
31727926,193,9861,2017,,,-0.5412710000000001,-0.9102959999999999,SGS,920190
31727927,193,9861,2018,,,1.440776,-0.745492,SGS,920190
31727928,193,9861,2019,,,1.5469030000000001,-0.643552,SGS,920190
31727929,193,9861,2020,,,0.784489,-0.8282940000000001,SGS,920190
31727930,194,9861,1995,,,0.40997100000000003,-0.490967,SHN,920190
31727931,194,9861,1996,,,0.500915,-0.40995299999999996,SHN,920190
31727932,194,9861,1997,,,1.05749,-0.006716,SHN,920190
31727933,194,9861,1998,0.0,1093.0,1.217565,0.012991999999999998,SHN,920190
31727934,194,9861,1999,,,1.401577,-0.029898,SHN,920190
31727935,194,9861,2000,,,1.385622,0.113301,SHN,920190
31727936,194,9861,2001,,,1.112486,-0.248761,SHN,920190
31727937,194,9861,2002,,,1.4834459999999998,0.014774,SHN,920190
31727938,194,9861,2003,,,0.9663959999999999,0.042493,SHN,920190
31727939,194,9861,2004,,,1.33404,0.133851,SHN,920190
31727940,194,9861,2005,,,1.225797,-0.014991999999999998,SHN,920190
31727941,194,9861,2006,,,1.281841,-0.043162,SHN,920190
31727942,194,9861,2007,,,1.208618,-0.183449,SHN,920190
31727943,194,9861,2008,,,0.810149,-0.452734,SHN,920190
31727944,194,9861,2009,,,0.99651,-0.284003,SHN,920190
31727945,194,9861,2010,,,0.7653979999999999,-0.466484,SHN,920190
31727946,194,9861,2011,,,1.003319,-0.150035,SHN,920190
31727947,194,9861,2012,,,1.103221,-0.11403599999999998,SHN,920190
31727948,194,9861,2013,,,1.221748,-0.206857,SHN,920190
31727949,194,9861,2014,,,1.125419,-0.183407,SHN,920190
31727950,194,9861,2015,,,1.256851,-0.270048,SHN,920190
31727951,194,9861,2016,,,1.4505700000000001,-0.313714,SHN,920190
31727952,194,9861,2017,,,0.984775,-0.455862,SHN,920190
31727953,194,9861,2018,,,0.8986370000000001,-0.544551,SHN,920190
31727954,194,9861,2019,,,1.242378,-0.470654,SHN,920190
31727955,194,9861,2020,,,1.4857989999999999,-0.43997700000000006,SHN,920190
31727956,195,9861,1995,,,-1.711497,-0.879611,SLB,920190
31727957,195,9861,1996,,,-1.855104,-0.895618,SLB,920190
31727958,195,9861,1997,,,-2.247325,-0.982799,SLB,920190
31727959,195,9861,1998,,,-1.512541,-0.9275700000000001,SLB,920190
31727960,195,9861,1999,,,-1.9334959999999999,-0.9984879999999999,SLB,920190
31727961,195,9861,2000,,,-0.712501,-0.829672,SLB,920190
31727962,195,9861,2001,,,-0.325802,-0.726847,SLB,920190
31727963,195,9861,2002,,,-0.5305449999999999,-0.8186720000000001,SLB,920190
31727964,195,9861,2003,,,-1.342629,-0.900968,SLB,920190
31727965,195,9861,2004,,,-1.4911,-0.999592,SLB,920190
31727966,195,9861,2005,,,-1.5026950000000001,-0.9389040000000001,SLB,920190
31727967,195,9861,2006,,,-1.501072,-0.964304,SLB,920190
31727968,195,9861,2007,,,-1.144843,-0.956784,SLB,920190
31727969,195,9861,2008,,,-1.70333,-1.027817,SLB,920190
31727970,195,9861,2009,,,-1.9380110000000002,-1.06035,SLB,920190
31727971,195,9861,2010,,,-1.7710650000000001,-1.033138,SLB,920190
31727972,195,9861,2011,,,-1.401353,-0.931205,SLB,920190
31727973,195,9861,2012,,,-0.935467,-0.78338,SLB,920190
31727974,195,9861,2013,,,-0.9350860000000001,-0.877676,SLB,920190
31727975,195,9861,2014,,,-0.862089,-0.9075840000000001,SLB,920190
31727976,195,9861,2015,0.0,2418.0,-1.167451,-0.931206,SLB,920190
31727977,195,9861,2016,0.0,8498.0,-0.740271,-0.881382,SLB,920190
31727978,195,9861,2017,0.0,3340.0,-1.153846,-0.971255,SLB,920190
31727979,195,9861,2018,0.0,6164.0,-1.246494,-0.998495,SLB,920190
31727980,195,9861,2019,,,-1.650959,-1.013001,SLB,920190
31727981,195,9861,2020,,,-1.774857,-1.015981,SLB,920190
31727982,196,9861,1995,0.0,1801.0,-0.176843,-0.565979,SLE,920190
31727983,196,9861,1996,,,0.208166,-0.386648,SLE,920190
31727984,196,9861,1997,0.0,1988.0,0.181753,-0.532284,SLE,920190
31727985,196,9861,1998,,,0.11786300000000001,-0.45481499999999997,SLE,920190
31727986,196,9861,1999,,,0.5850920000000001,-0.183443,SLE,920190
31727987,196,9861,2000,,,0.489854,-0.108102,SLE,920190
31727988,196,9861,2001,,,0.331949,0.186253,SLE,920190
31727989,196,9861,2002,,,0.397488,-0.027672000000000002,SLE,920190
31727990,196,9861,2003,,,0.129923,-0.19926300000000002,SLE,920190
31727991,196,9861,2004,0.0,3196.0,0.48757399999999995,-0.0064659999999999995,SLE,920190
31727992,196,9861,2005,,,0.510613,-0.040744,SLE,920190
31727993,196,9861,2006,,,0.518163,-0.032742,SLE,920190
31727994,196,9861,2007,,,-0.021377,-0.31765,SLE,920190
31727995,196,9861,2008,,,0.086769,-0.22002800000000003,SLE,920190
31727996,196,9861,2009,,,0.06259400000000001,-0.273258,SLE,920190
31727997,196,9861,2010,,,-0.056713,-0.293668,SLE,920190
31727998,196,9861,2011,,,-0.35546500000000003,-0.46134899999999995,SLE,920190
31727999,196,9861,2012,,,-0.6198279999999999,-0.627216,SLE,920190
31728000,196,9861,2013,,,-0.132082,-0.552921,SLE,920190
31728001,196,9861,2014,0.0,6884.0,-0.9228569999999999,-0.791482,SLE,920190
31728002,196,9861,2015,0.0,12178.0,0.072324,-0.255235,SLE,920190
31728003,196,9861,2016,0.0,27263.0,-0.184021,-0.5023920000000001,SLE,920190
31728004,196,9861,2017,0.0,3498.0,-0.37777,-0.6353270000000001,SLE,920190
31728005,196,9861,2018,,,-0.06932999999999999,-0.36035300000000003,SLE,920190
31728006,196,9861,2019,,,-0.402403,-0.639318,SLE,920190
31728007,196,9861,2020,0.0,3925.0,-0.122243,-0.5501010000000001,SLE,920190
31728008,197,9861,1995,0.0,20500.0,-0.17119600000000001,0.027889999999999998,SLV,920190
31728009,197,9861,1996,0.0,21460.0,-0.24968800000000002,-0.121995,SLV,920190
31728010,197,9861,1997,0.0,5280.0,-0.09174500000000001,-0.034391000000000005,SLV,920190
31728011,197,9861,1998,0.0,7469.0,-0.202965,-0.000499,SLV,920190
31728012,197,9861,1999,778.0,9100.0,-0.263572,-0.121576,SLV,920190
31728013,197,9861,2000,0.0,10061.0,-0.265907,-0.141049,SLV,920190
31728014,197,9861,2001,0.0,37952.0,-0.181554,-0.031294,SLV,920190
31728015,197,9861,2002,1043.0,9403.0,-0.280138,-0.099225,SLV,920190
31728016,197,9861,2003,0.0,58298.0,-0.251357,-0.189917,SLV,920190
31728017,197,9861,2004,970.0,12923.0,-0.20529499999999998,0.1116,SLV,920190
31728018,197,9861,2005,0.0,8525.0,-0.279708,0.109346,SLV,920190
31728019,197,9861,2006,1930.0,33356.0,-0.135312,0.140874,SLV,920190
31728020,197,9861,2007,1799.0,69290.0,-0.110573,0.184426,SLV,920190
31728021,197,9861,2008,22076.0,58530.0,-0.028986,0.369501,SLV,920190
31728022,197,9861,2009,0.0,46589.0,-0.19729100000000002,0.23434899999999997,SLV,920190
31728023,197,9861,2010,0.0,81452.0,-0.101434,0.132639,SLV,920190
31728024,197,9861,2011,0.0,38832.0,-0.09713200000000001,0.20772600000000002,SLV,920190
31728025,197,9861,2012,19943.0,116631.0,0.027747000000000004,0.19003399999999998,SLV,920190
31728026,197,9861,2013,0.0,38739.0,-0.021029,0.381522,SLV,920190
31728027,197,9861,2014,1142.0,89787.0,0.08653999999999999,0.29088600000000003,SLV,920190
31728028,197,9861,2015,1417.0,21288.0,0.05531900000000001,0.169073,SLV,920190
31728029,197,9861,2016,0.0,67831.0,0.10397999999999999,0.25556599999999996,SLV,920190
31728030,197,9861,2017,0.0,105343.0,0.113639,0.23175199999999999,SLV,920190
31728031,197,9861,2018,1012.0,51379.0,0.073928,0.22548600000000002,SLV,920190
31728032,197,9861,2019,0.0,40437.0,0.014037,0.23216599999999998,SLV,920190
31728033,197,9861,2020,0.0,43153.0,-0.003327,0.18823399999999998,SLV,920190
31728034,198,9861,1995,,,,,SMR,920190
31728035,198,9861,1996,,,,,SMR,920190
31728036,198,9861,1997,,,,,SMR,920190
31728037,198,9861,1998,,,,,SMR,920190
31728038,198,9861,1999,,,,,SMR,920190
31728039,198,9861,2000,42285.0,0.0,1.592363,0.189098,SMR,920190
31728040,198,9861,2001,,,1.40664,-0.034707999999999996,SMR,920190
31728041,198,9861,2002,0.0,3674.0,1.389807,0.275878,SMR,920190
31728042,198,9861,2003,,,1.147666,0.167516,SMR,920190
31728043,198,9861,2004,,,1.547269,0.386809,SMR,920190
31728044,198,9861,2005,2973.0,0.0,1.238703,0.24937600000000001,SMR,920190
31728045,198,9861,2006,,,1.3203340000000001,0.385184,SMR,920190
31728046,198,9861,2007,,,1.078776,0.36204899999999995,SMR,920190
31728047,198,9861,2008,,,1.40611,0.6159720000000001,SMR,920190
31728048,198,9861,2009,,,1.221869,0.351498,SMR,920190
31728049,198,9861,2010,13186.0,0.0,1.0115299999999998,0.29852399999999996,SMR,920190
31728050,198,9861,2011,,,1.2974379999999999,0.6381760000000001,SMR,920190
31728051,198,9861,2012,,,1.096372,0.608012,SMR,920190
31728052,198,9861,2013,,,1.108559,0.569782,SMR,920190
31728053,198,9861,2014,,,0.9675090000000001,0.582902,SMR,920190
31728054,198,9861,2015,,,0.918452,0.559399,SMR,920190
31728055,198,9861,2016,,,1.086646,0.58939,SMR,920190
31728056,198,9861,2017,,,0.984548,0.6116199999999999,SMR,920190
31728057,198,9861,2018,,,1.1064260000000001,0.566218,SMR,920190
31728058,198,9861,2019,,,1.144691,0.7038989999999999,SMR,920190
31728059,198,9861,2020,,,1.106732,0.578281,SMR,920190
31728060,199,9861,1995,,,-1.109082,-0.8426049999999999,SOM,920190
31728061,199,9861,1996,,,-1.622968,-0.912907,SOM,920190
31728062,199,9861,1997,,,-0.6645270000000001,-0.8022739999999999,SOM,920190
31728063,199,9861,1998,,,-0.684754,-0.836492,SOM,920190
31728064,199,9861,1999,,,-0.763865,-0.8889090000000001,SOM,920190
31728065,199,9861,2000,,,-0.521555,-0.8073229999999999,SOM,920190
31728066,199,9861,2001,,,-0.11677799999999999,-0.623455,SOM,920190
31728067,199,9861,2002,,,-0.055408000000000006,-0.5247470000000001,SOM,920190
31728068,199,9861,2003,,,-0.319096,-0.649003,SOM,920190
31728069,199,9861,2004,,,-0.255506,-0.6988260000000001,SOM,920190
31728070,199,9861,2005,,,-0.9431440000000001,-0.9065350000000001,SOM,920190
31728071,199,9861,2006,,,-0.8717010000000001,-0.8264969999999999,SOM,920190
31728072,199,9861,2007,0.0,1511.0,0.19860799999999998,-0.45140399999999997,SOM,920190
31728073,199,9861,2008,,,-0.594349,-0.8550979999999999,SOM,920190
31728074,199,9861,2009,,,-0.9824440000000001,-0.99467,SOM,920190
31728075,199,9861,2010,,,-1.6843569999999999,-1.064691,SOM,920190
31728076,199,9861,2011,,,-1.509242,-0.8817309999999999,SOM,920190
31728077,199,9861,2012,,,-1.104662,-1.134201,SOM,920190
31728078,199,9861,2013,,,-1.194368,-0.915163,SOM,920190
31728079,199,9861,2014,,,-1.41991,-1.010693,SOM,920190
31728080,199,9861,2015,,,-1.716689,-1.078134,SOM,920190
31728081,199,9861,2016,,,-1.429439,-1.006612,SOM,920190
31728082,199,9861,2017,,,-1.2313479999999999,-1.063879,SOM,920190
31728083,199,9861,2018,,,-1.4787370000000002,-1.050578,SOM,920190
31728084,199,9861,2019,,,-1.046802,-0.961166,SOM,920190
31728085,199,9861,2020,,,-1.26219,-1.0055180000000001,SOM,920190
31728086,200,9861,1995,0.0,1926.0,0.430471,-0.47626,SPM,920190
31728087,200,9861,1996,0.0,2919.0,-0.083964,-0.600418,SPM,920190
31728088,200,9861,1997,,,0.497191,-0.46033,SPM,920190
31728089,200,9861,1998,,,1.1440860000000002,-0.16153499999999998,SPM,920190
31728090,200,9861,1999,,,-0.093305,-0.743243,SPM,920190
31728091,200,9861,2000,,,-0.645166,-0.897775,SPM,920190
31728092,200,9861,2001,,,-0.32603699999999997,-0.917085,SPM,920190
31728093,200,9861,2002,,,-1.291565,-0.9258290000000001,SPM,920190
31728094,200,9861,2003,,,0.677331,-0.645223,SPM,920190
31728095,200,9861,2004,0.0,1244.0,-0.29473499999999997,-0.8513,SPM,920190
31728096,200,9861,2005,,,-0.591713,-0.8518979999999999,SPM,920190
31728097,200,9861,2006,,,0.207474,-0.624729,SPM,920190
31728098,200,9861,2007,0.0,1372.0,-0.995914,-0.91112,SPM,920190
31728099,200,9861,2008,,,-0.01135,-0.8057350000000001,SPM,920190
31728100,200,9861,2009,,,-0.476847,-0.902595,SPM,920190
31728101,200,9861,2010,0.0,9279.0,-0.740992,-0.9825139999999999,SPM,920190
31728102,200,9861,2011,,,-1.120206,-1.030257,SPM,920190
31728103,200,9861,2012,,,-0.720507,-0.8856700000000001,SPM,920190
31728104,200,9861,2013,,,0.000466,-0.672524,SPM,920190
31728105,200,9861,2014,,,0.783898,-0.540244,SPM,920190
31728106,200,9861,2015,,,1.108603,-0.356745,SPM,920190
31728107,200,9861,2016,,,0.6510100000000001,-0.494381,SPM,920190
31728108,200,9861,2017,,,0.349463,-0.554142,SPM,920190
31728109,200,9861,2018,,,0.750329,-0.6562,SPM,920190
31728110,200,9861,2019,,,0.14380199999999999,-0.788161,SPM,920190
31728111,200,9861,2020,,,0.162968,-0.736591,SPM,920190
31728112,201,9861,1995,,,,,SRB,920190
31728113,201,9861,1996,,,,,SRB,920190
31728114,201,9861,1997,,,,,SRB,920190
31728115,201,9861,1998,,,,,SRB,920190
31728116,201,9861,1999,,,,,SRB,920190
31728117,201,9861,2000,,,,,SRB,920190
31728118,201,9861,2001,,,,,SRB,920190
31728119,201,9861,2002,,,,,SRB,920190
31728120,201,9861,2003,,,,,SRB,920190
31728121,201,9861,2004,,,,,SRB,920190
31728122,201,9861,2005,0.0,1756.0,0.627272,1.170525,SRB,920190
31728123,201,9861,2006,0.0,3113.0,0.547824,1.5588879999999998,SRB,920190
31728124,201,9861,2007,0.0,22963.0,0.579288,1.464123,SRB,920190
31728125,201,9861,2008,2413.0,23063.0,0.615147,1.484149,SRB,920190
31728126,201,9861,2009,0.0,13740.0,0.531766,1.477837,SRB,920190
31728127,201,9861,2010,18506.0,7360.0,0.561161,1.33974,SRB,920190
31728128,201,9861,2011,13078.0,45760.0,0.49055699999999997,1.5601399999999999,SRB,920190
31728129,201,9861,2012,990.0,5925.0,0.5927359999999999,1.507069,SRB,920190
31728130,201,9861,2013,5269.0,61287.0,0.5717720000000001,1.174901,SRB,920190
31728131,201,9861,2014,3749.0,71573.0,0.551635,1.211535,SRB,920190
31728132,201,9861,2015,0.0,15116.0,0.457042,1.324908,SRB,920190
31728133,201,9861,2016,10877.0,119028.0,0.501676,1.0447520000000001,SRB,920190
31728134,201,9861,2017,5979.0,30960.0,0.541644,1.19872,SRB,920190
31728135,201,9861,2018,52062.0,40406.0,0.607486,1.2139389999999999,SRB,920190
31728136,201,9861,2019,5844.0,11515.0,0.543913,1.210102,SRB,920190
31728137,201,9861,2020,0.0,29918.0,0.5868399999999999,1.1187120000000002,SRB,920190
31728138,202,9861,1995,,,,,SSD,920190
31728139,202,9861,1996,,,,,SSD,920190
31728140,202,9861,1997,,,,,SSD,920190
31728141,202,9861,1998,,,,,SSD,920190
31728142,202,9861,1999,,,,,SSD,920190
31728143,202,9861,2000,,,,,SSD,920190
31728144,202,9861,2001,,,,,SSD,920190
31728145,202,9861,2002,,,,,SSD,920190
31728146,202,9861,2003,,,,,SSD,920190
31728147,202,9861,2004,,,,,SSD,920190
31728148,202,9861,2005,,,,,SSD,920190
31728149,202,9861,2006,,,,,SSD,920190
31728150,202,9861,2007,,,,,SSD,920190
31728151,202,9861,2008,,,,,SSD,920190
31728152,202,9861,2009,,,,,SSD,920190
31728153,202,9861,2010,,,,,SSD,920190
31728154,202,9861,2011,,,,,SSD,920190
31728155,202,9861,2012,,,-3.135253,-1.1242379999999998,SSD,920190
31728156,202,9861,2013,,,-2.57,-0.8567969999999999,SSD,920190
31728157,202,9861,2014,,,-2.824279,-0.8767969999999999,SSD,920190
31728158,202,9861,2015,,,-2.704381,-0.969411,SSD,920190
31728159,202,9861,2016,,,-1.841894,-1.024367,SSD,920190
31728160,202,9861,2017,,,-2.23581,-0.962008,SSD,920190
31728161,202,9861,2018,,,-2.431595,-1.0499290000000001,SSD,920190
31728162,202,9861,2019,0.0,11763.0,-1.8098990000000001,-1.0067979999999999,SSD,920190
31728163,202,9861,2020,,,-1.948366,-0.9899879999999999,SSD,920190
31728164,203,9861,1995,,,0.449305,-0.360527,STP,920190
31728165,203,9861,1996,,,0.728959,-0.374555,STP,920190
31728166,203,9861,1997,,,0.747713,-0.46550699999999995,STP,920190
31728167,203,9861,1998,,,0.7375470000000001,-0.333401,STP,920190
31728168,203,9861,1999,,,1.1602629999999998,-0.232077,STP,920190
31728169,203,9861,2000,,,0.45126099999999997,-0.42898800000000004,STP,920190
31728170,203,9861,2001,,,0.777231,-0.484709,STP,920190
31728171,203,9861,2002,,,0.47539499999999996,-0.297348,STP,920190
31728172,203,9861,2003,,,1.046084,-0.183027,STP,920190
31728173,203,9861,2004,0.0,1198.0,0.7482850000000001,-0.14005499999999999,STP,920190
31728174,203,9861,2005,,,0.966426,-0.156933,STP,920190
31728175,203,9861,2006,0.0,920.0,0.805511,-0.19645,STP,920190
31728176,203,9861,2007,,,0.739933,-0.19098199999999999,STP,920190
31728177,203,9861,2008,0.0,2955.0,0.264059,-0.639443,STP,920190
31728178,203,9861,2009,0.0,1404.0,0.370989,-0.518133,STP,920190
31728179,203,9861,2010,0.0,1404.0,0.676596,-0.145275,STP,920190
31728180,203,9861,2011,,,0.583847,-0.193211,STP,920190
31728181,203,9861,2012,,,0.5816819999999999,-0.251404,STP,920190
31728182,203,9861,2013,0.0,1752.0,0.8999219999999999,-0.101662,STP,920190
31728183,203,9861,2014,30017.0,2511.0,1.172431,-0.024141,STP,920190
31728184,203,9861,2015,,,1.051934,-0.304408,STP,920190
31728185,203,9861,2016,,,0.27849,-0.670342,STP,920190
31728186,203,9861,2017,,,0.531107,-0.43282200000000004,STP,920190
31728187,203,9861,2018,,,1.426999,-0.039189999999999996,STP,920190
31728188,203,9861,2019,0.0,1285.0,0.8287889999999999,-0.345114,STP,920190
31728189,203,9861,2020,,,0.327507,-0.46483,STP,920190
31728190,204,9861,1995,,,,,SUN,920190
31728191,204,9861,1996,,,,,SUN,920190
31728192,204,9861,1997,,,,,SUN,920190
31728193,204,9861,1998,,,,,SUN,920190
31728194,204,9861,1999,,,,,SUN,920190
31728195,204,9861,2000,,,,,SUN,920190
31728196,204,9861,2001,,,,,SUN,920190
31728197,204,9861,2002,,,,,SUN,920190
31728198,204,9861,2003,,,,,SUN,920190
31728199,204,9861,2004,,,,,SUN,920190
31728200,204,9861,2005,,,,,SUN,920190
31728201,204,9861,2006,,,,,SUN,920190
31728202,204,9861,2007,,,,,SUN,920190
31728203,204,9861,2008,,,,,SUN,920190
31728204,204,9861,2009,,,,,SUN,920190
31728205,204,9861,2010,,,,,SUN,920190
31728206,204,9861,2011,,,,,SUN,920190
31728207,204,9861,2012,,,,,SUN,920190
31728208,204,9861,2013,,,,,SUN,920190
31728209,204,9861,2014,,,,,SUN,920190
31728210,204,9861,2015,,,,,SUN,920190
31728211,204,9861,2016,,,,,SUN,920190
31728212,204,9861,2017,,,,,SUN,920190
31728213,204,9861,2018,,,,,SUN,920190
31728214,204,9861,2019,,,,,SUN,920190
31728215,204,9861,2020,,,,,SUN,920190
31728216,205,9861,1995,0.0,2414.0,-0.75729,-0.8253459999999999,SUR,920190
31728217,205,9861,1996,,,-0.93463,-0.797197,SUR,920190
31728218,205,9861,1997,,,-0.806946,-0.83919,SUR,920190
31728219,205,9861,1998,0.0,6352.0,-0.9914540000000001,-0.893913,SUR,920190
31728220,205,9861,1999,,,-0.799447,-0.85055,SUR,920190
31728221,205,9861,2000,0.0,2626.0,-0.623625,-0.793325,SUR,920190
31728222,205,9861,2001,0.0,3753.0,-0.650556,-0.801128,SUR,920190
31728223,205,9861,2002,1513.0,2803.0,-0.9120030000000001,-0.8871020000000001,SUR,920190
31728224,205,9861,2003,1641.0,0.0,-0.896925,-0.88623,SUR,920190
31728225,205,9861,2004,1216.0,4523.0,-0.991433,-0.926657,SUR,920190
31728226,205,9861,2005,0.0,33733.0,-0.571864,-0.851351,SUR,920190
31728227,205,9861,2006,0.0,4680.0,-0.754046,-0.872361,SUR,920190
31728228,205,9861,2007,0.0,11900.0,-0.8506440000000001,-0.8898959999999999,SUR,920190
31728229,205,9861,2008,821.0,35899.0,-0.766178,-0.8888,SUR,920190
31728230,205,9861,2009,0.0,12797.0,-0.580507,-1.072833,SUR,920190
31728231,205,9861,2010,0.0,2709.0,-0.5734560000000001,-0.936167,SUR,920190
31728232,205,9861,2011,1921.0,14784.0,-0.504897,-0.835426,SUR,920190
31728233,205,9861,2012,0.0,14785.0,-0.45644300000000004,-0.783343,SUR,920190
31728234,205,9861,2013,0.0,94618.0,-0.417865,-0.7600399999999999,SUR,920190
31728235,205,9861,2014,835.0,4412.0,-0.6333989999999999,-0.857643,SUR,920190
31728236,205,9861,2015,0.0,11434.0,-0.570361,-1.005072,SUR,920190
31728237,205,9861,2016,0.0,1400.0,-0.7823869999999999,-1.060347,SUR,920190
31728238,205,9861,2017,0.0,10141.0,-0.596432,-1.0249700000000002,SUR,920190
31728239,205,9861,2018,0.0,7615.0,-0.798074,-1.023046,SUR,920190
31728240,205,9861,2019,0.0,20288.0,-0.369004,-1.017133,SUR,920190
31728241,205,9861,2020,,,-0.272244,-0.937541,SUR,920190
31728242,206,9861,1995,0.0,21511.0,1.2249780000000001,1.405585,SVK,920190
31728243,206,9861,1996,4363.0,17032.0,1.189398,1.29167,SVK,920190
31728244,206,9861,1997,10460.0,28366.0,1.200699,1.318346,SVK,920190
31728245,206,9861,1998,7405.0,14678.0,1.202453,1.228204,SVK,920190
31728246,206,9861,1999,1949.0,6936.0,1.133942,1.105742,SVK,920190
31728247,206,9861,2000,2107.0,4651.0,1.228151,1.112002,SVK,920190
31728248,206,9861,2001,0.0,8868.0,1.1732770000000001,1.088576,SVK,920190
31728249,206,9861,2002,,,1.1907379999999999,1.050649,SVK,920190
31728250,206,9861,2003,5863.0,22313.0,1.22565,0.915518,SVK,920190
31728251,206,9861,2004,0.0,1621.0,1.2375120000000002,0.8777889999999999,SVK,920190
31728252,206,9861,2005,2153.0,0.0,1.250608,0.9054639999999999,SVK,920190
31728253,206,9861,2006,0.0,14350.0,1.291583,0.868317,SVK,920190
31728254,206,9861,2007,7472.0,0.0,1.358301,0.79655,SVK,920190
31728255,206,9861,2008,0.0,16779.0,1.3402040000000002,0.8038770000000001,SVK,920190
31728256,206,9861,2009,0.0,1197.0,1.231382,0.820968,SVK,920190
31728257,206,9861,2010,0.0,20979.0,1.278601,0.726907,SVK,920190
31728258,206,9861,2011,853.0,5594.0,1.262897,0.8230569999999999,SVK,920190
31728259,206,9861,2012,0.0,7535.0,1.26088,0.7704770000000001,SVK,920190
31728260,206,9861,2013,7316.0,31877.0,1.32064,0.7519819999999999,SVK,920190
31728261,206,9861,2014,15629.0,44877.0,1.334959,0.821253,SVK,920190
31728262,206,9861,2015,73915.0,2657.0,1.287133,0.7900560000000001,SVK,920190
31728263,206,9861,2016,67160.0,10547.0,1.273942,0.763966,SVK,920190
31728264,206,9861,2017,51547.0,37527.0,1.279606,0.85503,SVK,920190
31728265,206,9861,2018,68005.0,338023.0,1.3270979999999999,0.877684,SVK,920190
31728266,206,9861,2019,56147.0,100757.0,1.39311,0.743107,SVK,920190
31728267,206,9861,2020,56051.0,72740.0,1.338026,0.825268,SVK,920190
31728268,207,9861,1995,8753.0,38509.0,1.424606,1.490521,SVN,920190
31728269,207,9861,1996,0.0,54667.0,1.409184,1.37245,SVN,920190
31728270,207,9861,1997,20332.0,37305.0,1.435765,1.348897,SVN,920190
31728271,207,9861,1998,0.0,17717.0,1.442955,1.27214,SVN,920190
31728272,207,9861,1999,0.0,182429.0,1.447589,1.284414,SVN,920190
31728273,207,9861,2000,14132.0,104554.0,1.493533,1.142239,SVN,920190
31728274,207,9861,2001,4955.0,56143.0,1.5074370000000001,1.1370040000000001,SVN,920190
31728275,207,9861,2002,3849.0,86249.0,1.5643770000000001,1.043862,SVN,920190
31728276,207,9861,2003,7084.0,24683.0,1.6459840000000001,1.014191,SVN,920190
31728277,207,9861,2004,,,1.628643,1.02381,SVN,920190
31728278,207,9861,2005,2880.0,120745.0,1.583591,0.9321229999999999,SVN,920190
31728279,207,9861,2006,3969.0,163756.0,1.5882370000000001,0.800719,SVN,920190
31728280,207,9861,2007,6758.0,46618.0,1.605767,0.692926,SVN,920190
31728281,207,9861,2008,0.0,49479.0,1.5099209999999998,0.683663,SVN,920190
31728282,207,9861,2009,0.0,14914.0,1.548036,0.730396,SVN,920190
31728283,207,9861,2010,2160.0,35103.0,1.595473,0.7023020000000001,SVN,920190
31728284,207,9861,2011,15932.0,17622.0,1.642913,0.700222,SVN,920190
31728285,207,9861,2012,0.0,1995.0,1.548381,0.699002,SVN,920190
31728286,207,9861,2013,4798.0,0.0,1.698374,0.563082,SVN,920190
31728287,207,9861,2014,11117.0,1921173.0,1.6558669999999998,0.6814399999999999,SVN,920190
31728288,207,9861,2015,0.0,1832317.0,1.6089879999999999,0.833616,SVN,920190
31728289,207,9861,2016,2966.0,191313.0,1.6466720000000001,0.8247680000000001,SVN,920190
31728290,207,9861,2017,23856.0,486105.0,1.600319,0.854305,SVN,920190
31728291,207,9861,2018,5274.0,698630.0,1.67428,0.7703800000000001,SVN,920190
31728292,207,9861,2019,0.0,487431.0,1.63711,0.803198,SVN,920190
31728293,207,9861,2020,0.0,462854.0,1.570699,0.8442459999999999,SVN,920190
31728294,208,9861,1995,26714.0,0.0,2.246997,1.060171,SWE,920190
31728295,208,9861,1996,138255.0,106110.0,2.133781,0.9099889999999999,SWE,920190
31728296,208,9861,1997,1743720.0,142792.0,2.120182,0.993078,SWE,920190
31728297,208,9861,1998,537996.0,137364.0,2.134076,0.9259729999999999,SWE,920190
31728298,208,9861,1999,95736.0,88218.0,2.1456720000000002,0.856556,SWE,920190
31728299,208,9861,2000,249855.0,43392.0,2.168823,0.839417,SWE,920190
31728300,208,9861,2001,45601.0,69169.0,2.156845,0.784439,SWE,920190
31728301,208,9861,2002,64569.0,222510.0,2.128614,0.7891199999999999,SWE,920190
31728302,208,9861,2003,162164.0,153290.0,2.099224,0.799982,SWE,920190
31728303,208,9861,2004,99954.0,94127.0,2.0522080000000003,0.8326969999999999,SWE,920190
31728304,208,9861,2005,132956.0,70689.0,1.902796,0.84031,SWE,920190
31728305,208,9861,2006,136156.0,128558.0,1.902737,0.593294,SWE,920190
31728306,208,9861,2007,199016.0,130851.0,1.927244,0.498241,SWE,920190
31728307,208,9861,2008,149597.0,105291.0,1.866575,0.44342700000000007,SWE,920190
31728308,208,9861,2009,152794.0,46254.0,1.877821,0.336565,SWE,920190
31728309,208,9861,2010,95245.0,87788.0,1.882239,0.397927,SWE,920190
31728310,208,9861,2011,443681.0,76085.0,1.857146,0.366159,SWE,920190
31728311,208,9861,2012,163876.0,323593.0,1.78062,0.269041,SWE,920190
31728312,208,9861,2013,431123.0,144833.0,1.869421,0.228109,SWE,920190
31728313,208,9861,2014,263686.0,123212.0,1.817752,0.558474,SWE,920190
31728314,208,9861,2015,523766.0,29105.0,1.8068349999999997,0.693389,SWE,920190
31728315,208,9861,2016,889395.0,148754.0,1.785149,0.767444,SWE,920190
31728316,208,9861,2017,718044.0,47365.0,1.764732,0.732646,SWE,920190
31728317,208,9861,2018,1181610.0,48632.0,1.76361,0.766904,SWE,920190
31728318,208,9861,2019,733094.0,31188.0,1.781148,0.742037,SWE,920190
31728319,208,9861,2020,145214.0,136362.0,1.6911310000000002,0.791586,SWE,920190
31728320,209,9861,1995,,,,,SWZ,920190
31728321,209,9861,1996,,,,,SWZ,920190
31728322,209,9861,1997,,,,,SWZ,920190
31728323,209,9861,1998,,,,,SWZ,920190
31728324,209,9861,1999,,,,,SWZ,920190
31728325,209,9861,2000,162.0,6152.0,0.48578000000000005,-0.200928,SWZ,920190
31728326,209,9861,2001,1771.0,7228.0,0.372699,-0.287132,SWZ,920190
31728327,209,9861,2002,967.0,8931.0,0.49801599999999996,-0.139709,SWZ,920190
31728328,209,9861,2003,784.0,6271.0,0.399541,-0.23342600000000002,SWZ,920190
31728329,209,9861,2004,1477.0,11927.0,0.397488,-0.264855,SWZ,920190
31728330,209,9861,2005,827.0,22822.0,0.632886,-0.045288,SWZ,920190
31728331,209,9861,2006,645.0,21848.0,0.750674,0.221306,SWZ,920190
31728332,209,9861,2007,0.0,4141.0,0.9562299999999999,0.053538,SWZ,920190
31728333,209,9861,2008,0.0,5683.0,0.761506,0.29043,SWZ,920190
31728334,209,9861,2009,439.0,28031.0,0.6420859999999999,0.060127999999999994,SWZ,920190
31728335,209,9861,2010,1399.0,39595.0,0.186142,-0.34577800000000003,SWZ,920190
31728336,209,9861,2011,9048.0,23673.0,0.169986,-0.078842,SWZ,920190
31728337,209,9861,2012,14141.0,29290.0,0.199997,-0.383511,SWZ,920190
31728338,209,9861,2013,7223.0,4583.0,0.109267,-0.275005,SWZ,920190
31728339,209,9861,2014,0.0,23844.0,0.22972199999999998,-0.365564,SWZ,920190
31728340,209,9861,2015,0.0,7807.0,0.257467,-0.402491,SWZ,920190
31728341,209,9861,2016,0.0,28275.0,0.2785,-0.43804799999999994,SWZ,920190
31728342,209,9861,2017,0.0,33533.0,0.126066,-0.551203,SWZ,920190
31728343,209,9861,2018,1626.0,25040.0,-0.008154999999999999,-0.6079319999999999,SWZ,920190
31728344,209,9861,2019,4624.0,21112.0,0.087181,-0.760434,SWZ,920190
31728345,209,9861,2020,0.0,16027.0,0.289013,-0.556212,SWZ,920190
31728346,210,9861,1995,,,,,SXM,920190
31728347,210,9861,1996,,,,,SXM,920190
31728348,210,9861,1997,,,,,SXM,920190
31728349,210,9861,1998,,,,,SXM,920190
31728350,210,9861,1999,,,,,SXM,920190
31728351,210,9861,2000,,,,,SXM,920190
31728352,210,9861,2001,,,,,SXM,920190
31728353,210,9861,2002,,,,,SXM,920190
31728354,210,9861,2003,,,,,SXM,920190
31728355,210,9861,2004,,,,,SXM,920190
31728356,210,9861,2005,,,,,SXM,920190
31728357,210,9861,2006,,,,,SXM,920190
31728358,210,9861,2007,,,,,SXM,920190
31728359,210,9861,2008,,,,,SXM,920190
31728360,210,9861,2009,,,,,SXM,920190
31728361,210,9861,2010,,,,,SXM,920190
31728362,210,9861,2011,,,0.5770390000000001,-0.581371,SXM,920190
31728363,210,9861,2012,,,0.659824,-0.7646430000000001,SXM,920190
31728364,210,9861,2013,0.0,18549.0,0.5512090000000001,-0.22818400000000003,SXM,920190
31728365,210,9861,2014,,,0.6489020000000001,-0.646605,SXM,920190
31728366,210,9861,2015,0.0,3995.0,0.945973,-0.7548229999999999,SXM,920190
31728367,210,9861,2016,,,1.005781,-0.871658,SXM,920190
31728368,210,9861,2017,0.0,1696.0,0.892698,-0.795854,SXM,920190
31728369,210,9861,2018,0.0,6340.0,1.115443,-0.661118,SXM,920190
31728370,210,9861,2019,0.0,51000.0,0.8903719999999999,0.116156,SXM,920190
31728371,210,9861,2020,0.0,16900.0,1.04788,-0.671874,SXM,920190
31728372,211,9861,1995,0.0,3542.0,-0.103343,-0.57371,SYC,920190
31728373,211,9861,1996,,,0.239125,-0.458433,SYC,920190
31728374,211,9861,1997,0.0,305.0,-0.19443,-0.768889,SYC,920190
31728375,211,9861,1998,0.0,25574.0,0.265625,-0.590012,SYC,920190
31728376,211,9861,1999,0.0,15283.0,0.11940999999999999,-0.7071270000000001,SYC,920190
31728377,211,9861,2000,0.0,4678.0,-0.310244,-0.8293209999999999,SYC,920190
31728378,211,9861,2001,0.0,2436.0,0.065059,-0.7806489999999999,SYC,920190
31728379,211,9861,2002,0.0,1260.0,-0.977247,-0.927527,SYC,920190
31728380,211,9861,2003,,,-0.44341099999999994,-0.742566,SYC,920190
31728381,211,9861,2004,,,-0.12954100000000002,-0.713507,SYC,920190
31728382,211,9861,2005,0.0,2196.0,0.153199,-0.662357,SYC,920190
31728383,211,9861,2006,0.0,7667.0,-0.344619,-0.796139,SYC,920190
31728384,211,9861,2007,,,-0.644497,-0.8748520000000001,SYC,920190
31728385,211,9861,2008,0.0,2030.0,0.29189699999999996,-0.47472600000000004,SYC,920190
31728386,211,9861,2009,,,-0.16046400000000002,-0.81512,SYC,920190
31728387,211,9861,2010,0.0,1485.0,-0.075668,-0.549686,SYC,920190
31728388,211,9861,2011,0.0,1243.0,0.287017,-0.5136850000000001,SYC,920190
31728389,211,9861,2012,,,0.034894999999999995,-0.497121,SYC,920190
31728390,211,9861,2013,0.0,1244.0,0.270999,-0.474095,SYC,920190
31728391,211,9861,2014,0.0,3285.0,0.358111,-0.484879,SYC,920190
31728392,211,9861,2015,0.0,6648.0,1.017467,-0.285569,SYC,920190
31728393,211,9861,2016,0.0,6997.0,0.441241,-0.580767,SYC,920190
31728394,211,9861,2017,0.0,5954.0,0.41946000000000006,-0.523274,SYC,920190
31728395,211,9861,2018,0.0,6115.0,0.187352,-0.693013,SYC,920190
31728396,211,9861,2019,0.0,10222.0,0.024113,-0.711363,SYC,920190
31728397,211,9861,2020,0.0,2653.0,0.185747,-0.695441,SYC,920190
31728398,212,9861,1995,0.0,35059.0,-0.8829469999999999,-0.809407,SYR,920190
31728399,212,9861,1996,0.0,33138.0,-1.100666,-0.90038,SYR,920190
31728400,212,9861,1997,,,-1.046433,-0.9678620000000001,SYR,920190
31728401,212,9861,1998,,,-0.807312,-0.626358,SYR,920190
31728402,212,9861,1999,0.0,164324.0,-0.996784,-0.6344069999999999,SYR,920190
31728403,212,9861,2000,,,-1.1566969999999999,-0.783626,SYR,920190
31728404,212,9861,2001,,,-1.057217,-0.716331,SYR,920190
31728405,212,9861,2002,,,-1.067974,-0.513309,SYR,920190
31728406,212,9861,2003,0.0,51713.0,-0.868749,-0.326322,SYR,920190
31728407,212,9861,2004,937.0,0.0,-0.568707,-0.034736,SYR,920190
31728408,212,9861,2005,,,-0.677037,0.107451,SYR,920190
31728409,212,9861,2006,2364.0,2671.0,-0.588695,0.532487,SYR,920190
31728410,212,9861,2007,,,-0.46851899999999996,0.553396,SYR,920190
31728411,212,9861,2008,0.0,11496.0,-0.365789,0.877383,SYR,920190
31728412,212,9861,2009,7739.0,196761.0,-0.48481199999999997,1.464509,SYR,920190
31728413,212,9861,2010,5915.0,52792.0,-0.46833800000000003,1.11952,SYR,920190
31728414,212,9861,2011,,,-0.604133,0.5268970000000001,SYR,920190
31728415,212,9861,2012,0.0,4100.0,-0.11197,1.916262,SYR,920190
31728416,212,9861,2013,,,-0.14343399999999998,1.077256,SYR,920190
31728417,212,9861,2014,,,-0.366224,0.9054719999999999,SYR,920190
31728418,212,9861,2015,,,-0.603532,0.313216,SYR,920190
31728419,212,9861,2016,,,-0.746222,0.179918,SYR,920190
31728420,212,9861,2017,1715.0,12654.0,-0.660905,0.345462,SYR,920190
31728421,212,9861,2018,0.0,16583.0,-0.6836760000000001,0.554563,SYR,920190
31728422,212,9861,2019,,,-0.67825,0.385416,SYR,920190
31728423,212,9861,2020,1981.0,0.0,-0.579237,0.391392,SYR,920190
31728424,213,9861,1995,,,-0.23597100000000001,-0.665011,TCA,920190
31728425,213,9861,1996,,,-0.371632,-0.7145560000000001,TCA,920190
31728426,213,9861,1997,,,0.133095,-0.558163,TCA,920190
31728427,213,9861,1998,,,0.814749,-0.119999,TCA,920190
31728428,213,9861,1999,0.0,17914.0,0.562234,-0.121843,TCA,920190
31728429,213,9861,2000,7276.0,29335.0,0.8450059999999999,-0.064875,TCA,920190
31728430,213,9861,2001,0.0,9951.0,0.433253,-0.23213000000000003,TCA,920190
31728431,213,9861,2002,1188.0,6885.0,0.823909,0.075611,TCA,920190
31728432,213,9861,2003,0.0,12521.0,0.306975,-0.288514,TCA,920190
31728433,213,9861,2004,0.0,15309.0,0.51858,-0.030114,TCA,920190
31728434,213,9861,2005,0.0,14900.0,0.11690199999999999,-0.47542399999999996,TCA,920190
31728435,213,9861,2006,0.0,14395.0,0.43692700000000007,-0.135696,TCA,920190
31728436,213,9861,2007,0.0,3053.0,0.847607,-0.055827999999999996,TCA,920190
31728437,213,9861,2008,,,0.952044,0.23326100000000002,TCA,920190
31728438,213,9861,2009,0.0,3300.0,0.660828,-0.24060700000000002,TCA,920190
31728439,213,9861,2010,,,0.86575,0.044395,TCA,920190
31728440,213,9861,2011,0.0,2091.0,0.610742,0.11455599999999999,TCA,920190
31728441,213,9861,2012,0.0,3385.0,0.0036270000000000004,-0.6585,TCA,920190
31728442,213,9861,2013,,,0.41053199999999995,-0.007201999999999999,TCA,920190
31728443,213,9861,2014,,,0.474182,-0.198892,TCA,920190
31728444,213,9861,2015,,,0.27341,-0.5579649999999999,TCA,920190
31728445,213,9861,2016,,,0.603232,-0.32155900000000004,TCA,920190
31728446,213,9861,2017,,,0.897017,0.219298,TCA,920190
31728447,213,9861,2018,,,0.915309,-0.1886,TCA,920190
31728448,213,9861,2019,,,0.729377,-0.28097300000000003,TCA,920190
31728449,213,9861,2020,,,0.820773,-0.246383,TCA,920190
31728450,214,9861,1995,,,-0.6866180000000001,-0.752698,TCD,920190
31728451,214,9861,1996,,,-0.8289059999999999,-0.688122,TCD,920190
31728452,214,9861,1997,,,-0.297833,-0.76769,TCD,920190
31728453,214,9861,1998,,,-1.779351,-0.915178,TCD,920190
31728454,214,9861,1999,,,-0.449592,-0.828462,TCD,920190
31728455,214,9861,2000,,,-0.708272,-0.872301,TCD,920190
31728456,214,9861,2001,,,-0.655004,-0.872215,TCD,920190
31728457,214,9861,2002,,,0.160853,-0.672233,TCD,920190
31728458,214,9861,2003,,,-0.263238,-0.6801189999999999,TCD,920190
31728459,214,9861,2004,0.0,7462.0,-0.8921290000000001,-0.881603,TCD,920190
31728460,214,9861,2005,,,-1.927016,-0.876934,TCD,920190
31728461,214,9861,2006,,,-3.0579419999999997,-0.8926649999999999,TCD,920190
31728462,214,9861,2007,,,-2.544742,-0.928218,TCD,920190
31728463,214,9861,2008,,,-2.837417,-0.927269,TCD,920190
31728464,214,9861,2009,,,-1.294648,-0.9645020000000001,TCD,920190
31728465,214,9861,2010,,,0.035565,-0.759857,TCD,920190
31728466,214,9861,2011,,,-2.368546,-0.814948,TCD,920190
31728467,214,9861,2012,,,-2.067077,-0.987223,TCD,920190
31728468,214,9861,2013,,,-2.800677,-0.9466969999999999,TCD,920190
31728469,214,9861,2014,,,-2.012048,-0.921558,TCD,920190
31728470,214,9861,2015,,,-1.543675,-0.9703860000000001,TCD,920190
31728471,214,9861,2016,,,-2.7867189999999997,-1.035452,TCD,920190
31728472,214,9861,2017,,,-2.263503,-1.00147,TCD,920190
31728473,214,9861,2018,,,-1.845707,-1.032018,TCD,920190
31728474,214,9861,2019,,,-2.636669,-1.033665,TCD,920190
31728475,214,9861,2020,,,-2.862755,-1.0123090000000001,TCD,920190
31728476,215,9861,1995,0.0,4987.0,-0.962727,-0.873151,TGO,920190
31728477,215,9861,1996,0.0,3065.0,-0.9070459999999999,-0.7702399999999999,TGO,920190
31728478,215,9861,1997,1952.0,1206.0,-0.974678,-0.8150350000000001,TGO,920190
31728479,215,9861,1998,0.0,879.0,-0.8338540000000001,-0.8437020000000001,TGO,920190
31728480,215,9861,1999,0.0,1900.0,-0.583782,-0.6632279999999999,TGO,920190
31728481,215,9861,2000,,,-0.799952,-0.63056,TGO,920190
31728482,215,9861,2001,,,-0.758725,-0.577004,TGO,920190
31728483,215,9861,2002,,,-0.6810039999999999,-0.6286930000000001,TGO,920190
31728484,215,9861,2003,,,-0.5058590000000001,-0.520586,TGO,920190
31728485,215,9861,2004,0.0,4556.0,-0.6788270000000001,-0.482984,TGO,920190
31728486,215,9861,2005,0.0,4444.0,-0.745209,-0.455725,TGO,920190
31728487,215,9861,2006,0.0,2511.0,-0.8304020000000001,-0.678178,TGO,920190
31728488,215,9861,2007,,,-0.78689,-0.806879,TGO,920190
31728489,215,9861,2008,,,-0.5025689999999999,-0.747621,TGO,920190
31728490,215,9861,2009,0.0,1348.0,-0.561619,-0.759929,TGO,920190
31728491,215,9861,2010,0.0,2200.0,-0.943559,-0.884336,TGO,920190
31728492,215,9861,2011,,,-0.9156030000000001,-0.884099,TGO,920190
31728493,215,9861,2012,0.0,2125.0,-0.50449,-0.604672,TGO,920190
31728494,215,9861,2013,0.0,2057.0,-0.598413,-0.49295200000000006,TGO,920190
31728495,215,9861,2014,1280.0,0.0,-0.524103,-0.537643,TGO,920190
31728496,215,9861,2015,,,-0.66925,-0.873554,TGO,920190
31728497,215,9861,2016,0.0,2108.0,-0.751382,-0.7411310000000001,TGO,920190
31728498,215,9861,2017,2341.0,2606.0,-0.8957450000000001,-0.891191,TGO,920190
31728499,215,9861,2018,4869.0,4294.0,-0.685084,-0.773437,TGO,920190
31728500,215,9861,2019,1093.0,0.0,-0.823204,-0.819535,TGO,920190
31728501,215,9861,2020,,,-0.719535,-0.746202,TGO,920190
31728502,216,9861,1995,0.0,59022.0,0.174522,1.608058,THA,920190
31728503,216,9861,1996,2811.0,399991.0,0.10120599999999999,1.351967,THA,920190
31728504,216,9861,1997,96521.0,147090.0,0.084875,1.41931,THA,920190
31728505,216,9861,1998,41573.0,168584.0,0.128633,1.484142,THA,920190
31728506,216,9861,1999,456495.0,97630.0,0.20451,1.513533,THA,920190
31728507,216,9861,2000,41011.0,282417.0,0.301195,1.577338,THA,920190
31728508,216,9861,2001,16738.0,158824.0,0.37555900000000003,1.498267,THA,920190
31728509,216,9861,2002,0.0,180032.0,0.432041,1.627953,THA,920190
31728510,216,9861,2003,5305.0,186378.0,0.43010699999999996,1.607408,THA,920190
31728511,216,9861,2004,20154.0,283431.0,0.5150359999999999,1.583019,THA,920190
31728512,216,9861,2005,0.0,349973.0,0.552846,1.664665,THA,920190
31728513,216,9861,2006,3636.0,279969.0,0.568209,1.685343,THA,920190
31728514,216,9861,2007,88051.0,367947.0,0.711328,1.411114,THA,920190
31728515,216,9861,2008,97074.0,366418.0,0.7531399999999999,1.4420620000000002,THA,920190
31728516,216,9861,2009,85798.0,544546.0,0.79692,1.315501,THA,920190
31728517,216,9861,2010,233651.0,496172.0,0.748328,1.425224,THA,920190
31728518,216,9861,2011,391768.0,500094.0,0.889009,1.503118,THA,920190
31728519,216,9861,2012,45818.0,367449.0,0.910957,1.294243,THA,920190
31728520,216,9861,2013,75094.0,227089.0,0.8752139999999999,1.3798620000000001,THA,920190
31728521,216,9861,2014,91440.0,475478.0,0.977094,1.41283,THA,920190
31728522,216,9861,2015,56759.0,347950.0,0.965888,1.368572,THA,920190
31728523,216,9861,2016,86631.0,238798.0,1.022065,1.428082,THA,920190
31728524,216,9861,2017,27287.0,316692.0,0.983977,1.3926020000000001,THA,920190
31728525,216,9861,2018,79074.0,372576.0,1.053177,1.4084969999999999,THA,920190
31728526,216,9861,2019,81477.0,415820.0,0.9744229999999999,1.401199,THA,920190
31728527,216,9861,2020,76187.0,359636.0,1.035524,1.2777180000000001,THA,920190
31728528,217,9861,1995,,,0.0068189999999999995,-0.7594350000000001,TJK,920190
31728529,217,9861,1996,,,-0.035623,-0.723275,TJK,920190
31728530,217,9861,1997,,,-0.350646,-0.835419,TJK,920190
31728531,217,9861,1998,,,-0.577873,-0.9368139999999999,TJK,920190
31728532,217,9861,1999,,,-0.752378,-1.0268389999999998,TJK,920190
31728533,217,9861,2000,,,-0.7225600000000001,-1.036219,TJK,920190
31728534,217,9861,2001,,,-0.833482,-1.062054,TJK,920190
31728535,217,9861,2002,,,-0.798754,-1.025902,TJK,920190
31728536,217,9861,2003,,,-0.6187520000000001,-1.0438969999999999,TJK,920190
31728537,217,9861,2004,,,-0.608564,-1.021599,TJK,920190
31728538,217,9861,2005,,,-0.725111,-1.049776,TJK,920190
31728539,217,9861,2006,,,-1.071326,-1.158325,TJK,920190
31728540,217,9861,2007,,,-1.0092379999999999,-1.185964,TJK,920190
31728541,217,9861,2008,,,-0.8988010000000001,-1.126157,TJK,920190
31728542,217,9861,2009,,,-1.0237319999999999,-1.1837950000000002,TJK,920190
31728543,217,9861,2010,,,-1.054317,-1.074198,TJK,920190
31728544,217,9861,2011,,,-0.975877,-1.021684,TJK,920190
31728545,217,9861,2012,,,-1.384684,-1.208425,TJK,920190
31728546,217,9861,2013,,,-1.2512889999999999,-1.16402,TJK,920190
31728547,217,9861,2014,,,-0.706823,-0.993756,TJK,920190
31728548,217,9861,2015,,,-1.134216,-1.174245,TJK,920190
31728549,217,9861,2016,,,-1.0791549999999999,-1.137941,TJK,920190
31728550,217,9861,2017,,,-0.938366,-1.092714,TJK,920190
31728551,217,9861,2018,0.0,3330.0,-0.757793,-1.0641209999999999,TJK,920190
31728552,217,9861,2019,,,-0.7940020000000001,-1.075605,TJK,920190
31728553,217,9861,2020,,,-0.73744,-1.0706950000000002,TJK,920190
31728554,218,9861,1995,,,0.677934,-0.432701,TKL,920190
31728555,218,9861,1996,,,0.53157,-0.311626,TKL,920190
31728556,218,9861,1997,,,0.122727,-0.486867,TKL,920190
31728557,218,9861,1998,,,0.220552,-0.43853100000000006,TKL,920190
31728558,218,9861,1999,,,0.478628,-0.231485,TKL,920190
31728559,218,9861,2000,,,0.48116400000000004,0.160799,TKL,920190
31728560,218,9861,2001,,,0.135739,-0.144681,TKL,920190
31728561,218,9861,2002,,,0.077717,0.048618,TKL,920190
31728562,218,9861,2003,,,0.244606,-0.038999,TKL,920190
31728563,218,9861,2004,,,0.31906999999999996,0.17012,TKL,920190
31728564,218,9861,2005,,,0.24793099999999998,-0.09982200000000001,TKL,920190
31728565,218,9861,2006,,,0.335918,0.299589,TKL,920190
31728566,218,9861,2007,,,0.47656499999999996,0.073652,TKL,920190
31728567,218,9861,2008,,,0.856023,0.41632600000000003,TKL,920190
31728568,218,9861,2009,,,0.5357,0.021527,TKL,920190
31728569,218,9861,2010,,,0.389761,0.18912,TKL,920190
31728570,218,9861,2011,,,0.319389,0.087049,TKL,920190
31728571,218,9861,2012,,,0.563088,0.35384099999999996,TKL,920190
31728572,218,9861,2013,,,0.39178,0.035406,TKL,920190
31728573,218,9861,2014,,,0.5539350000000001,0.12801300000000002,TKL,920190
31728574,218,9861,2015,,,0.48658500000000005,0.131537,TKL,920190
31728575,218,9861,2016,,,0.243821,0.018425,TKL,920190
31728576,218,9861,2017,,,0.302394,-0.35394499999999995,TKL,920190
31728577,218,9861,2018,,,0.404658,-0.10286300000000001,TKL,920190
31728578,218,9861,2019,0.0,3078.0,0.49747600000000003,0.238225,TKL,920190
31728579,218,9861,2020,,,0.7393069999999999,-0.190609,TKL,920190
31728580,219,9861,1995,,,-0.882984,-1.088854,TKM,920190
31728581,219,9861,1996,,,-0.756087,-1.160548,TKM,920190
31728582,219,9861,1997,0.0,12449.0,-0.554162,-1.042607,TKM,920190
31728583,219,9861,1998,,,-0.379934,-0.878598,TKM,920190
31728584,219,9861,1999,0.0,1248.0,-0.8982180000000001,-1.132358,TKM,920190
31728585,219,9861,2000,0.0,999.0,-0.99165,-1.167094,TKM,920190
31728586,219,9861,2001,,,-1.24627,-1.2760209999999998,TKM,920190
31728587,219,9861,2002,,,-1.035248,-1.191624,TKM,920190
31728588,219,9861,2003,,,-1.223295,-1.250217,TKM,920190
31728589,219,9861,2004,,,-0.9705790000000001,-1.212523,TKM,920190
31728590,219,9861,2005,,,-1.146736,-1.2376129999999999,TKM,920190
31728591,219,9861,2006,,,-1.155861,-1.200933,TKM,920190
31728592,219,9861,2007,0.0,27822.0,-1.16715,-1.213064,TKM,920190
31728593,219,9861,2008,0.0,6458.0,-1.094592,-1.166598,TKM,920190
31728594,219,9861,2009,0.0,13144.0,-1.060378,-1.17279,TKM,920190
31728595,219,9861,2010,0.0,56657.0,-1.161458,-1.191589,TKM,920190
31728596,219,9861,2011,,,-1.549495,-1.202504,TKM,920190
31728597,219,9861,2012,0.0,81390.0,-1.668555,-1.24627,TKM,920190
31728598,219,9861,2013,0.0,65847.0,-1.6186770000000001,-1.2210969999999999,TKM,920190
31728599,219,9861,2014,0.0,165889.0,-1.217897,-1.184131,TKM,920190
31728600,219,9861,2015,0.0,44974.0,-1.546516,-1.315803,TKM,920190
31728601,219,9861,2016,0.0,13546.0,-1.27494,-1.259639,TKM,920190
31728602,219,9861,2017,0.0,14030.0,-1.564885,-1.274637,TKM,920190
31728603,219,9861,2018,0.0,4845.0,-1.0081209999999998,-1.190796,TKM,920190
31728604,219,9861,2019,0.0,15209.0,-0.9725950000000001,-1.16562,TKM,920190
31728605,219,9861,2020,0.0,6500.0,-0.949525,-1.147622,TKM,920190
31728606,220,9861,1995,,,1.983051,-0.202022,TLS,920190
31728607,220,9861,1996,,,1.624542,-0.293975,TLS,920190
31728608,220,9861,1997,,,2.029322,-0.43179700000000004,TLS,920190
31728609,220,9861,1998,,,1.6060370000000002,-0.42371499999999995,TLS,920190
31728610,220,9861,1999,,,1.843263,-0.795044,TLS,920190
31728611,220,9861,2000,,,-0.5836,-0.888892,TLS,920190
31728612,220,9861,2001,,,1.473822,-0.204046,TLS,920190
31728613,220,9861,2002,,,0.363225,-0.536718,TLS,920190
31728614,220,9861,2003,,,1.21882,-0.118529,TLS,920190
31728615,220,9861,2004,,,0.935424,-0.080261,TLS,920190
31728616,220,9861,2005,67.0,0.0,0.020875,-0.6831010000000001,TLS,920190
31728617,220,9861,2006,,,-0.13665,-0.72122,TLS,920190
31728618,220,9861,2007,,,0.003334,-0.667956,TLS,920190
31728619,220,9861,2008,0.0,1051.0,0.75476,-0.594643,TLS,920190
31728620,220,9861,2009,,,0.317308,-0.8093199999999999,TLS,920190
31728621,220,9861,2010,0.0,8422.0,0.6633789999999999,-0.606204,TLS,920190
31728622,220,9861,2011,0.0,2287.0,-0.047803,-0.643655,TLS,920190
31728623,220,9861,2012,,,-0.36338200000000004,-0.876495,TLS,920190
31728624,220,9861,2013,0.0,1755.0,-0.376633,-0.73677,TLS,920190
31728625,220,9861,2014,0.0,1907.0,-1.365212,-0.896716,TLS,920190
31728626,220,9861,2015,0.0,7674.0,-0.878657,-0.9064450000000001,TLS,920190
31728627,220,9861,2016,,,-0.737023,-0.908582,TLS,920190
31728628,220,9861,2017,0.0,4677.0,-0.45426700000000003,-0.769744,TLS,920190
31728629,220,9861,2018,0.0,2302.0,-0.595688,-0.8907370000000001,TLS,920190
31728630,220,9861,2019,0.0,3254.0,-1.173671,-1.002383,TLS,920190
31728631,220,9861,2020,0.0,4714.0,-0.662555,-0.8795129999999999,TLS,920190
31728632,221,9861,1995,,,-0.9463799999999999,-0.845484,TON,920190
31728633,221,9861,1996,,,-1.352969,-0.945109,TON,920190
31728634,221,9861,1997,,,-1.481831,-1.0187700000000002,TON,920190
31728635,221,9861,1998,0.0,3000.0,-1.409429,-1.0138479999999999,TON,920190
31728636,221,9861,1999,,,-1.001524,-0.897582,TON,920190
31728637,221,9861,2000,,,-1.227366,-0.948996,TON,920190
31728638,221,9861,2001,0.0,835.0,-0.8627950000000001,-0.817174,TON,920190
31728639,221,9861,2002,0.0,2786.0,-1.6186639999999999,-1.011606,TON,920190
31728640,221,9861,2003,0.0,2802.0,-0.8467379999999999,-0.815816,TON,920190
31728641,221,9861,2004,,,-0.639641,-0.798275,TON,920190
31728642,221,9861,2005,0.0,3266.0,-0.736809,-0.7505729999999999,TON,920190
31728643,221,9861,2006,,,-0.45091499999999995,-0.670044,TON,920190
31728644,221,9861,2007,,,-0.482545,-0.816512,TON,920190
31728645,221,9861,2008,0.0,1166.0,-0.174192,-0.559636,TON,920190
31728646,221,9861,2009,0.0,2750.0,-0.439709,-0.7270939999999999,TON,920190
31728647,221,9861,2010,0.0,11094.0,-0.650658,-0.774469,TON,920190
31728648,221,9861,2011,0.0,4382.0,-0.14256,-0.589116,TON,920190
31728649,221,9861,2012,2780.0,2480.0,0.114173,-0.307309,TON,920190
31728650,221,9861,2013,0.0,3989.0,0.183053,-0.345657,TON,920190
31728651,221,9861,2014,23320.0,5675.0,-0.11129100000000001,-0.523176,TON,920190
31728652,221,9861,2015,,,-0.212905,-0.670721,TON,920190
31728653,221,9861,2016,0.0,4289.0,-0.29545,-0.766385,TON,920190
31728654,221,9861,2017,,,-0.504652,-0.820577,TON,920190
31728655,221,9861,2018,,,0.087991,-0.5723060000000001,TON,920190
31728656,221,9861,2019,,,-0.057787,-0.671035,TON,920190
31728657,221,9861,2020,,,-0.79433,-0.8264100000000001,TON,920190
31728658,222,9861,1995,819.0,42220.0,0.254658,-0.496058,TTO,920190
31728659,222,9861,1996,0.0,37556.0,0.19111,-0.488382,TTO,920190
31728660,222,9861,1997,1407.0,13179.0,0.28791,-0.38322399999999995,TTO,920190
31728661,222,9861,1998,6352.0,7923.0,0.273917,-0.453996,TTO,920190
31728662,222,9861,1999,0.0,6914.0,0.258046,-0.562956,TTO,920190
31728663,222,9861,2000,0.0,13418.0,-0.035037,-0.862433,TTO,920190
31728664,222,9861,2001,0.0,23666.0,0.178256,-0.709126,TTO,920190
31728665,222,9861,2002,0.0,50209.0,0.074907,-0.8203879999999999,TTO,920190
31728666,222,9861,2003,0.0,22723.0,-0.16738,-0.9820969999999999,TTO,920190
31728667,222,9861,2004,0.0,8064.0,0.00677,-0.965385,TTO,920190
31728668,222,9861,2005,0.0,12114.0,0.13125699999999998,-0.9324479999999999,TTO,920190
31728669,222,9861,2006,2092.0,22313.0,-0.20651399999999998,-1.024907,TTO,920190
31728670,222,9861,2007,0.0,37273.0,-0.371347,-1.0536709999999998,TTO,920190
31728671,222,9861,2008,0.0,29660.0,-0.44752600000000003,-1.060906,TTO,920190
31728672,222,9861,2009,0.0,54229.0,-0.508195,-1.097365,TTO,920190
31728673,222,9861,2010,0.0,60246.0,-0.338123,-1.070239,TTO,920190
31728674,222,9861,2011,0.0,34117.0,-0.44228,-1.031793,TTO,920190
31728675,222,9861,2012,503.0,226122.0,-0.420754,-1.0575299999999999,TTO,920190
31728676,222,9861,2013,0.0,48368.0,-0.280641,-1.083332,TTO,920190
31728677,222,9861,2014,0.0,173205.0,-0.57362,-1.117545,TTO,920190
31728678,222,9861,2015,0.0,33153.0,-0.462837,-1.117621,TTO,920190
31728679,222,9861,2016,2409.0,24067.0,-0.191969,-1.028843,TTO,920190
31728680,222,9861,2017,0.0,14336.0,-0.183935,-1.012153,TTO,920190
31728681,222,9861,2018,1047.0,0.0,-0.281617,-1.009652,TTO,920190
31728682,222,9861,2019,0.0,16349.0,0.1861,-0.874604,TTO,920190
31728683,222,9861,2020,,,0.156566,-0.653656,TTO,920190
31728684,223,9861,1995,0.0,31073.0,-0.253792,-0.044331,TUN,920190
31728685,223,9861,1996,336865.0,22129.0,-0.28546,-0.089051,TUN,920190
31728686,223,9861,1997,5773.0,19233.0,-0.24073899999999998,-0.146818,TUN,920190
31728687,223,9861,1998,0.0,30193.0,-0.21677,-0.08694299999999999,TUN,920190
31728688,223,9861,1999,,,-0.317866,-0.102551,TUN,920190
31728689,223,9861,2000,,,-0.188616,0.044912,TUN,920190
31728690,223,9861,2001,0.0,31882.0,-0.162152,0.23939699999999997,TUN,920190
31728691,223,9861,2002,0.0,5465.0,-0.221951,0.325506,TUN,920190
31728692,223,9861,2003,0.0,13198.0,-0.14845999999999998,0.255092,TUN,920190
31728693,223,9861,2004,0.0,18962.0,-0.195751,0.335147,TUN,920190
31728694,223,9861,2005,,,-0.07273099999999999,0.671113,TUN,920190
31728695,223,9861,2006,0.0,8615.0,-0.013636,0.804752,TUN,920190
31728696,223,9861,2007,0.0,25764.0,0.062824,0.74003,TUN,920190
31728697,223,9861,2008,0.0,73061.0,0.084141,0.676248,TUN,920190
31728698,223,9861,2009,0.0,130656.0,0.044903,0.9126120000000001,TUN,920190
31728699,223,9861,2010,0.0,1019715.0,0.165019,0.8882059999999999,TUN,920190
31728700,223,9861,2011,2947.0,150841.0,0.151221,1.1252360000000001,TUN,920190
31728701,223,9861,2012,1340.0,43908.0,0.24695799999999998,0.9356620000000001,TUN,920190
31728702,223,9861,2013,0.0,119513.0,0.185528,1.0070700000000001,TUN,920190
31728703,223,9861,2014,0.0,941558.0,0.343449,1.118007,TUN,920190
31728704,223,9861,2015,2672.0,32802.0,0.140202,0.967591,TUN,920190
31728705,223,9861,2016,0.0,62572.0,0.171791,1.062948,TUN,920190
31728706,223,9861,2017,0.0,94744.0,0.224119,0.961772,TUN,920190
31728707,223,9861,2018,4844.0,68508.0,0.259778,1.187194,TUN,920190
31728708,223,9861,2019,0.0,191937.0,0.19601300000000002,1.159766,TUN,920190
31728709,223,9861,2020,2413.0,182333.0,0.220298,0.454477,TUN,920190
31728710,224,9861,1995,0.0,118956.0,0.166794,1.209066,TUR,920190
31728711,224,9861,1996,27175.0,63892.0,0.156866,1.554023,TUR,920190
31728712,224,9861,1997,28546.0,81470.0,0.167734,1.5827870000000002,TUR,920190
31728713,224,9861,1998,0.0,40179.0,0.085286,1.653589,TUR,920190
31728714,224,9861,1999,2866.0,84197.0,0.044692,1.745755,TUR,920190
31728715,224,9861,2000,1812.0,150022.0,0.191299,1.9761529999999998,TUR,920190
31728716,224,9861,2001,16834.0,78693.0,0.188773,1.91451,TUR,920190
31728717,224,9861,2002,56502.0,333120.0,0.11263699999999999,1.83925,TUR,920190
31728718,224,9861,2003,980.0,550283.0,0.192802,1.9855060000000002,TUR,920190
31728719,224,9861,2004,3958.0,422227.0,0.141454,1.9463599999999999,TUR,920190
31728720,224,9861,2005,24113.0,80456.0,0.226487,2.210279,TUR,920190
31728721,224,9861,2006,25342.0,59564.0,0.33971599999999996,2.193384,TUR,920190
31728722,224,9861,2007,34495.0,159279.0,0.41396700000000003,2.0339869999999998,TUR,920190
31728723,224,9861,2008,45493.0,173387.0,0.44478,2.186881,TUR,920190
31728724,224,9861,2009,107108.0,79096.0,0.384596,2.3797610000000002,TUR,920190
31728725,224,9861,2010,61351.0,173407.0,0.359977,2.471173,TUR,920190
31728726,224,9861,2011,15534.0,274376.0,0.45775,2.4316259999999996,TUR,920190
31728727,224,9861,2012,103398.0,419571.0,0.507184,2.259161,TUR,920190
31728728,224,9861,2013,65353.0,409295.0,0.42932299999999995,2.690235,TUR,920190
31728729,224,9861,2014,114319.0,523800.0,0.554761,2.385693,TUR,920190
31728730,224,9861,2015,38395.0,172271.0,0.438669,2.519632,TUR,920190
31728731,224,9861,2016,37537.0,238583.0,0.45364799999999994,2.478837,TUR,920190
31728732,224,9861,2017,39743.0,115467.0,0.541611,2.405872,TUR,920190
31728733,224,9861,2018,46717.0,171781.0,0.518721,2.5581419999999997,TUR,920190
31728734,224,9861,2019,25953.0,46544.0,0.569408,2.364546,TUR,920190
31728735,224,9861,2020,254503.0,148210.0,0.590472,2.619866,TUR,920190
31728736,225,9861,1995,,,0.9729180000000001,-0.537957,TUV,920190
31728737,225,9861,1996,,,1.0058639999999999,-0.40428800000000004,TUV,920190
31728738,225,9861,1997,,,0.853403,-0.6482100000000001,TUV,920190
31728739,225,9861,1998,,,1.019107,-0.646907,TUV,920190
31728740,225,9861,1999,,,0.095919,-0.7801680000000001,TUV,920190
31728741,225,9861,2000,,,1.185378,-0.475463,TUV,920190
31728742,225,9861,2001,,,-0.12332699999999999,-0.172416,TUV,920190
31728743,225,9861,2002,,,-0.141984,-0.15720399999999998,TUV,920190
31728744,225,9861,2003,,,0.770706,-0.480434,TUV,920190
31728745,225,9861,2004,,,1.4753180000000001,-0.446762,TUV,920190
31728746,225,9861,2005,,,1.003608,-0.363531,TUV,920190
31728747,225,9861,2006,,,0.9635290000000001,-0.314963,TUV,920190
31728748,225,9861,2007,,,1.607359,-0.272403,TUV,920190
31728749,225,9861,2008,,,0.5163300000000001,-0.47066099999999994,TUV,920190
31728750,225,9861,2009,,,0.531324,-0.689902,TUV,920190
31728751,225,9861,2010,,,0.359508,-0.650139,TUV,920190
31728752,225,9861,2011,,,0.53684,-0.552668,TUV,920190
31728753,225,9861,2012,,,0.041589,-0.695249,TUV,920190
31728754,225,9861,2013,,,0.002879,-0.779308,TUV,920190
31728755,225,9861,2014,,,1.127623,-0.482033,TUV,920190
31728756,225,9861,2015,,,0.925609,-0.6022569999999999,TUV,920190
31728757,225,9861,2016,,,1.580008,-0.807844,TUV,920190
31728758,225,9861,2017,,,0.979611,-0.6079359999999999,TUV,920190
31728759,225,9861,2018,,,1.529849,-0.7761279999999999,TUV,920190
31728760,225,9861,2019,,,0.223041,-0.878941,TUV,920190
31728761,225,9861,2020,,,0.605791,-0.773982,TUV,920190
31728762,226,9861,1995,1891.0,5365.0,-1.219949,-0.8698969999999999,TZA,920190
31728763,226,9861,1996,0.0,9757.0,-1.391534,-0.907436,TZA,920190
31728764,226,9861,1997,1515.0,25302.0,-1.368133,-0.753692,TZA,920190
31728765,226,9861,1998,2979.0,19701.0,-0.972823,-0.428149,TZA,920190
31728766,226,9861,1999,695.0,11960.0,-1.068358,-0.54693,TZA,920190
31728767,226,9861,2000,914.0,7271.0,-1.278362,-0.615536,TZA,920190
31728768,226,9861,2001,1408.0,4677.0,-1.193991,-0.49282200000000004,TZA,920190
31728769,226,9861,2002,0.0,11195.0,-1.189463,-0.48640600000000006,TZA,920190
31728770,226,9861,2003,0.0,19322.0,-1.225217,-0.43662399999999996,TZA,920190
31728771,226,9861,2004,0.0,9181.0,-1.022658,-0.007045999999999999,TZA,920190
31728772,226,9861,2005,1789.0,30729.0,-1.049726,0.005511,TZA,920190
31728773,226,9861,2006,1910.0,14950.0,-0.953097,0.159129,TZA,920190
31728774,226,9861,2007,5730.0,36694.0,-0.8493959999999999,0.47116099999999994,TZA,920190
31728775,226,9861,2008,1337.0,37734.0,-0.755692,0.8751690000000001,TZA,920190
31728776,226,9861,2009,4207.0,42085.0,-0.822897,0.644899,TZA,920190
31728777,226,9861,2010,5504.0,56724.0,-0.7327,0.427616,TZA,920190
31728778,226,9861,2011,9696.0,40693.0,-0.751316,0.286505,TZA,920190
31728779,226,9861,2012,11359.0,61411.0,-0.594481,0.770239,TZA,920190
31728780,226,9861,2013,0.0,44994.0,-0.9306770000000001,0.273489,TZA,920190
31728781,226,9861,2014,10050.0,57164.0,-1.054331,0.166345,TZA,920190
31728782,226,9861,2015,3422.0,59101.0,-1.02395,-0.017509999999999998,TZA,920190
31728783,226,9861,2016,3574.0,113371.0,-1.1008799999999999,-0.048319,TZA,920190
31728784,226,9861,2017,5780.0,50425.0,-1.0691709999999999,0.11636800000000001,TZA,920190
31728785,226,9861,2018,3903487.0,42421.0,-0.09850700000000001,1.145606,TZA,920190
31728786,226,9861,2019,5026.0,55494.0,-0.907172,0.37293899999999996,TZA,920190
31728787,226,9861,2020,0.0,40318.0,-1.024,-0.023909,TZA,920190
31728788,227,9861,1995,0.0,4316.0,-1.053037,-1.001752,UGA,920190
31728789,227,9861,1996,0.0,641.0,-0.931124,-0.925523,UGA,920190
31728790,227,9861,1997,2673.0,7065.0,-0.9304819999999999,-0.9731540000000001,UGA,920190
31728791,227,9861,1998,1598.0,12086.0,-0.996762,-1.01326,UGA,920190
31728792,227,9861,1999,0.0,15568.0,-1.359508,-1.170077,UGA,920190
31728793,227,9861,2000,0.0,7150.0,-0.9484520000000001,-0.8246979999999999,UGA,920190
31728794,227,9861,2001,0.0,7074.0,-0.9694860000000001,-0.840592,UGA,920190
31728795,227,9861,2002,0.0,7263.0,-1.038337,-0.896425,UGA,920190
31728796,227,9861,2003,0.0,7950.0,-0.895193,-0.712039,UGA,920190
31728797,227,9861,2004,623.0,17645.0,-0.914733,-0.554346,UGA,920190
31728798,227,9861,2005,3594.0,21072.0,-0.896567,-0.645536,UGA,920190
31728799,227,9861,2006,0.0,18080.0,-0.702511,-0.43976099999999996,UGA,920190
31728800,227,9861,2007,0.0,18229.0,-0.900559,-0.42071400000000003,UGA,920190
31728801,227,9861,2008,0.0,16080.0,-0.653885,-0.035455,UGA,920190
31728802,227,9861,2009,0.0,20267.0,-0.573707,-0.036203,UGA,920190
31728803,227,9861,2010,0.0,25255.0,-0.48061400000000004,0.187001,UGA,920190
31728804,227,9861,2011,0.0,21965.0,-0.7153,-0.062678,UGA,920190
31728805,227,9861,2012,5532.0,42694.0,-0.484868,0.153507,UGA,920190
31728806,227,9861,2013,0.0,31738.0,-0.5462279999999999,0.200682,UGA,920190
31728807,227,9861,2014,0.0,26703.0,-0.46911800000000003,0.25446599999999997,UGA,920190
31728808,227,9861,2015,16347.0,33501.0,-0.611023,0.078961,UGA,920190
31728809,227,9861,2016,0.0,42281.0,-0.37745300000000004,0.525303,UGA,920190
31728810,227,9861,2017,0.0,25722.0,-0.6831020000000001,-0.046838,UGA,920190
31728811,227,9861,2018,1303.0,16779.0,-0.621049,-0.061448,UGA,920190
31728812,227,9861,2019,2223.0,28713.0,-0.639476,0.148255,UGA,920190
31728813,227,9861,2020,0.0,20053.0,-0.55156,-0.019136,UGA,920190
31728814,228,9861,1995,1000.0,313957.0,0.428875,0.20489899999999997,UKR,920190
31728815,228,9861,1996,0.0,66956.0,0.896537,0.9241459999999999,UKR,920190
31728816,228,9861,1997,0.0,5612.0,0.8502559999999999,0.956254,UKR,920190
31728817,228,9861,1998,5579.0,0.0,0.880876,0.783668,UKR,920190
31728818,228,9861,1999,16258.0,20886.0,0.6242270000000001,0.742258,UKR,920190
31728819,228,9861,2000,5825.0,0.0,0.763783,0.8563,UKR,920190
31728820,228,9861,2001,3207.0,12834.0,0.8376969999999999,0.989059,UKR,920190
31728821,228,9861,2002,,,0.835485,0.872135,UKR,920190
31728822,228,9861,2003,0.0,16694.0,0.8929389999999999,0.956685,UKR,920190
31728823,228,9861,2004,10225.0,5456.0,0.8758040000000001,0.8195879999999999,UKR,920190
31728824,228,9861,2005,567.0,1195.0,0.701846,0.687519,UKR,920190
31728825,228,9861,2006,14179.0,20440.0,0.7008439999999999,0.79656,UKR,920190
31728826,228,9861,2007,5535.0,32925.0,0.7441760000000001,0.8681260000000001,UKR,920190
31728827,228,9861,2008,25556.0,43912.0,0.59355,0.764415,UKR,920190
31728828,228,9861,2009,12633.0,88077.0,0.602688,0.830247,UKR,920190
31728829,228,9861,2010,906.0,0.0,0.714148,0.916267,UKR,920190
31728830,228,9861,2011,0.0,110324.0,0.6221409999999999,0.765505,UKR,920190
31728831,228,9861,2012,0.0,95325.0,0.590001,0.8422069999999999,UKR,920190
31728832,228,9861,2013,0.0,48862.0,0.657729,0.9063200000000001,UKR,920190
31728833,228,9861,2014,0.0,32305.0,0.566535,0.832267,UKR,920190
31728834,228,9861,2015,2176.0,0.0,0.429879,0.701813,UKR,920190
31728835,228,9861,2016,0.0,40314.0,0.406901,0.637051,UKR,920190
31728836,228,9861,2017,973.0,496289.0,0.461109,0.7826569999999999,UKR,920190
31728837,228,9861,2018,1457.0,1089360.0,0.337296,0.758675,UKR,920190
31728838,228,9861,2019,3552.0,1040777.0,0.303802,0.5650270000000001,UKR,920190
31728839,228,9861,2020,5532.0,1099554.0,0.383736,0.531328,UKR,920190
31728840,229,9861,1995,,,,,UMI,920190
31728841,229,9861,1996,,,,,UMI,920190
31728842,229,9861,1997,,,,,UMI,920190
31728843,229,9861,1998,,,,,UMI,920190
31728844,229,9861,1999,,,,,UMI,920190
31728845,229,9861,2000,,,-0.052853,-0.611102,UMI,920190
31728846,229,9861,2001,,,-0.13935799999999998,-0.421795,UMI,920190
31728847,229,9861,2002,,,0.317662,-0.46541000000000005,UMI,920190
31728848,229,9861,2003,,,0.169425,-0.604107,UMI,920190
31728849,229,9861,2004,,,0.407876,-0.478498,UMI,920190
31728850,229,9861,2005,,,0.638288,-0.230179,UMI,920190
31728851,229,9861,2006,,,-0.5457930000000001,-0.808611,UMI,920190
31728852,229,9861,2007,,,0.997828,-0.098724,UMI,920190
31728853,229,9861,2008,,,1.311657,0.013382,UMI,920190
31728854,229,9861,2009,,,1.026297,-0.508776,UMI,920190
31728855,229,9861,2010,,,0.838733,-0.48641,UMI,920190
31728856,229,9861,2011,,,1.131297,-0.235093,UMI,920190
31728857,229,9861,2012,,,0.919334,-0.181861,UMI,920190
31728858,229,9861,2013,,,1.2648409999999999,-0.07537999999999999,UMI,920190
31728859,229,9861,2014,,,1.530519,0.44350600000000007,UMI,920190
31728860,229,9861,2015,,,1.2709059999999999,-0.074201,UMI,920190
31728861,229,9861,2016,,,1.8058740000000002,0.587761,UMI,920190
31728862,229,9861,2017,,,1.501854,0.552625,UMI,920190
31728863,229,9861,2018,,,1.766584,-0.034711,UMI,920190
31728864,229,9861,2019,,,1.4488940000000001,-0.266596,UMI,920190
31728865,229,9861,2020,,,1.9827860000000002,0.689049,UMI,920190
31728866,230,9861,1995,3599.0,0.0,0.45133900000000005,0.50831,URY,920190
31728867,230,9861,1996,0.0,2773.0,0.171541,0.313934,URY,920190
31728868,230,9861,1997,4887.0,8929.0,0.226228,0.29183400000000004,URY,920190
31728869,230,9861,1998,4360.0,0.0,0.323022,0.293694,URY,920190
31728870,230,9861,1999,9559.0,14843.0,0.26815700000000003,0.307394,URY,920190
31728871,230,9861,2000,0.0,34971.0,0.30753600000000003,0.290506,URY,920190
31728872,230,9861,2001,0.0,16100.0,0.36029,0.298869,URY,920190
31728873,230,9861,2002,0.0,18114.0,0.300502,0.16817000000000001,URY,920190
31728874,230,9861,2003,4064.0,3377.0,0.19792200000000001,0.243104,URY,920190
31728875,230,9861,2004,0.0,3451.0,0.151633,0.121776,URY,920190
31728876,230,9861,2005,997.0,4228.0,0.305842,0.271262,URY,920190
31728877,230,9861,2006,0.0,18360.0,0.234384,0.118878,URY,920190
31728878,230,9861,2007,24020.0,56240.0,0.184883,0.207788,URY,920190
31728879,230,9861,2008,1106.0,94178.0,0.376164,0.049387,URY,920190
31728880,230,9861,2009,0.0,129654.0,0.260419,-0.171944,URY,920190
31728881,230,9861,2010,0.0,111756.0,0.217246,-0.079733,URY,920190
31728882,230,9861,2011,61618.0,15594.0,0.313195,0.042866,URY,920190
31728883,230,9861,2012,0.0,41420.0,0.207742,-0.101484,URY,920190
31728884,230,9861,2013,0.0,101467.0,0.20190999999999998,-0.19777999999999998,URY,920190
31728885,230,9861,2014,0.0,10809.0,0.154034,-0.380899,URY,920190
31728886,230,9861,2015,2950.0,3898.0,0.273876,-0.363695,URY,920190
31728887,230,9861,2016,,,0.098051,-0.45418400000000003,URY,920190
31728888,230,9861,2017,0.0,5878.0,0.16963,-0.403006,URY,920190
31728889,230,9861,2018,,,-0.02056,-0.38911,URY,920190
31728890,230,9861,2019,0.0,3780.0,-0.077549,-0.473943,URY,920190
31728891,230,9861,2020,0.0,32243.0,-0.127375,-0.449032,URY,920190
31728892,231,9861,1995,3222142.0,2108845.0,1.771648,1.184,USA,920190
31728893,231,9861,1996,2772721.0,696320.0,1.7110560000000001,1.125141,USA,920190
31728894,231,9861,1997,3125304.0,2019212.0,1.823511,0.888084,USA,920190
31728895,231,9861,1998,3341246.0,2059776.0,1.8223639999999999,0.761336,USA,920190
31728896,231,9861,1999,2766495.0,5289976.0,1.8755119999999998,0.5350729999999999,USA,920190
31728897,231,9861,2000,2403952.0,4656365.0,1.8549650000000002,0.226992,USA,920190
31728898,231,9861,2001,2268501.0,4662953.0,1.873674,0.168468,USA,920190
31728899,231,9861,2002,2403885.0,6388019.0,1.821594,0.231296,USA,920190
31728900,231,9861,2003,2987156.0,7330185.0,1.7789220000000001,0.064028,USA,920190
31728901,231,9861,2004,2972946.0,4234808.0,1.7598630000000002,0.066704,USA,920190
31728902,231,9861,2005,2379362.0,2297089.0,1.718086,-0.34564,USA,920190
31728903,231,9861,2006,3509888.0,2594144.0,1.666643,-0.121679,USA,920190
31728904,231,9861,2007,6853783.0,2568516.0,1.612165,0.0922,USA,920190
31728905,231,9861,2008,3169787.0,2373832.0,1.584278,-0.209788,USA,920190
31728906,231,9861,2009,4567150.0,2058531.0,1.657663,-0.41411400000000004,USA,920190
31728907,231,9861,2010,3449560.0,2096345.0,1.67573,-0.598165,USA,920190
31728908,231,9861,2011,3902907.0,1327795.0,1.6884849999999998,-0.474499,USA,920190
31728909,231,9861,2012,2931262.0,1381892.0,1.628377,-0.601941,USA,920190
31728910,231,9861,2013,3024822.0,1592214.0,1.6639689999999998,-0.48651300000000003,USA,920190
31728911,231,9861,2014,2599073.0,6413262.0,1.61227,0.068905,USA,920190
31728912,231,9861,2015,2015042.0,7626331.0,1.720478,-0.129322,USA,920190
31728913,231,9861,2016,2466511.0,2254303.0,1.685329,0.297536,USA,920190
31728914,231,9861,2017,1719685.0,1213874.0,1.601478,0.277271,USA,920190
31728915,231,9861,2018,1609735.0,1237071.0,1.585861,0.44815900000000003,USA,920190
31728916,231,9861,2019,2150923.0,1663468.0,1.606808,0.3232,USA,920190
31728917,231,9861,2020,2963482.0,2004889.0,1.588148,0.380904,USA,920190
31728918,232,9861,1995,,,-0.29740900000000003,-0.9456190000000001,UZB,920190
31728919,232,9861,1996,,,-0.17393499999999998,-0.727476,UZB,920190
31728920,232,9861,1997,,,-0.26560700000000004,-0.870447,UZB,920190
31728921,232,9861,1998,0.0,4425.0,-0.283425,-0.7488520000000001,UZB,920190
31728922,232,9861,1999,,,-0.43066499999999996,-0.767428,UZB,920190
31728923,232,9861,2000,,,-0.405531,-0.598955,UZB,920190
31728924,232,9861,2001,,,-0.395913,-0.6454449999999999,UZB,920190
31728925,232,9861,2002,,,-0.379765,-0.5965159999999999,UZB,920190
31728926,232,9861,2003,,,-0.285978,-0.703334,UZB,920190
31728927,232,9861,2004,,,-0.50605,-0.824691,UZB,920190
31728928,232,9861,2005,,,-0.357031,-0.730797,UZB,920190
31728929,232,9861,2006,,,-0.457759,-0.784626,UZB,920190
31728930,232,9861,2007,,,-0.540449,-0.799454,UZB,920190
31728931,232,9861,2008,,,-0.470184,-0.773163,UZB,920190
31728932,232,9861,2009,,,-0.6115470000000001,-0.710622,UZB,920190
31728933,232,9861,2010,,,-0.704097,-0.655055,UZB,920190
31728934,232,9861,2011,0.0,1342.0,-0.785878,-0.663918,UZB,920190
31728935,232,9861,2012,,,-0.5875670000000001,-0.549863,UZB,920190
31728936,232,9861,2013,,,-0.748212,-0.567268,UZB,920190
31728937,232,9861,2014,,,-0.407623,-0.37150700000000003,UZB,920190
31728938,232,9861,2015,,,-0.724966,-0.599292,UZB,920190
31728939,232,9861,2016,0.0,5026.0,-0.703465,-0.493036,UZB,920190
31728940,232,9861,2017,0.0,1748.0,-0.407169,-0.264942,UZB,920190
31728941,232,9861,2018,0.0,106132.0,-0.591547,-0.429982,UZB,920190
31728942,232,9861,2019,0.0,49712.0,-0.5856060000000001,-0.311248,UZB,920190
31728943,232,9861,2020,0.0,58178.0,-0.309411,0.071414,UZB,920190
31728944,233,9861,1995,,,,,VAT,920190
31728945,233,9861,1996,,,,,VAT,920190
31728946,233,9861,1997,,,,,VAT,920190
31728947,233,9861,1998,,,,,VAT,920190
31728948,233,9861,1999,,,,,VAT,920190
31728949,233,9861,2000,,,1.3466870000000002,-0.553088,VAT,920190
31728950,233,9861,2001,,,0.46455799999999997,-0.722421,VAT,920190
31728951,233,9861,2002,,,0.9434020000000001,-0.5230020000000001,VAT,920190
31728952,233,9861,2003,,,0.902394,-0.5776600000000001,VAT,920190
31728953,233,9861,2004,,,0.5171789999999999,-0.569032,VAT,920190
31728954,233,9861,2005,,,0.934002,-0.4716,VAT,920190
31728955,233,9861,2006,,,0.776323,-0.42712100000000003,VAT,920190
31728956,233,9861,2007,,,0.762119,-0.20439100000000002,VAT,920190
31728957,233,9861,2008,,,0.74952,-0.38421900000000003,VAT,920190
31728958,233,9861,2009,,,0.13089,-0.738226,VAT,920190
31728959,233,9861,2010,,,1.259831,-0.07005499999999999,VAT,920190
31728960,233,9861,2011,,,0.614758,-0.694783,VAT,920190
31728961,233,9861,2012,,,0.595379,-0.322465,VAT,920190
31728962,233,9861,2013,,,0.699425,-0.296746,VAT,920190
31728963,233,9861,2014,,,1.150282,0.660892,VAT,920190
31728964,233,9861,2015,,,0.295538,-0.6049359999999999,VAT,920190
31728965,233,9861,2016,,,0.918142,-0.319902,VAT,920190
31728966,233,9861,2017,,,0.747959,-0.21892899999999998,VAT,920190
31728967,233,9861,2018,,,-0.043233999999999995,-0.7486689999999999,VAT,920190
31728968,233,9861,2019,,,1.235527,-0.155683,VAT,920190
31728969,233,9861,2020,,,0.8574360000000001,-0.492839,VAT,920190
31728970,234,9861,1995,0.0,751.0,-0.369315,-0.751156,VCT,920190
31728971,234,9861,1996,,,-0.123896,-0.5798989999999999,VCT,920190
31728972,234,9861,1997,0.0,17527.0,0.069461,-0.459567,VCT,920190
31728973,234,9861,1998,,,0.22166,-0.331633,VCT,920190
31728974,234,9861,1999,,,-0.28283400000000003,-0.755695,VCT,920190
31728975,234,9861,2000,,,0.095604,-0.352013,VCT,920190
31728976,234,9861,2001,0.0,2141.0,-0.5042,-0.7987609999999999,VCT,920190
31728977,234,9861,2002,,,-0.340281,-0.661246,VCT,920190
31728978,234,9861,2003,0.0,1283.0,-0.355758,-0.679181,VCT,920190
31728979,234,9861,2004,0.0,1566.0,-0.564477,-0.8544,VCT,920190
31728980,234,9861,2005,0.0,2167.0,-0.584696,-0.842192,VCT,920190
31728981,234,9861,2006,0.0,2359.0,-0.6097060000000001,-0.8844770000000001,VCT,920190
31728982,234,9861,2007,0.0,4450.0,-0.112166,-0.692679,VCT,920190
31728983,234,9861,2008,0.0,32503.0,-0.598538,-0.8798459999999999,VCT,920190
31728984,234,9861,2009,1447.0,20048.0,-0.068356,-0.6011350000000001,VCT,920190
31728985,234,9861,2010,0.0,4788.0,0.120821,-0.43102700000000005,VCT,920190
31728986,234,9861,2011,0.0,2870.0,0.291718,-0.250897,VCT,920190
31728987,234,9861,2012,0.0,6041.0,0.233053,-0.292993,VCT,920190
31728988,234,9861,2013,0.0,5265.0,0.193198,-0.23631799999999997,VCT,920190
31728989,234,9861,2014,0.0,6454.0,0.034024,-0.522492,VCT,920190
31728990,234,9861,2015,1577.0,3778.0,0.087811,-0.35481999999999997,VCT,920190
31728991,234,9861,2016,0.0,3020.0,0.157611,-0.581526,VCT,920190
31728992,234,9861,2017,0.0,2268.0,-0.040273,-0.549452,VCT,920190
31728993,234,9861,2018,0.0,7228.0,-0.274831,-0.603525,VCT,920190
31728994,234,9861,2019,0.0,4541.0,-0.712703,-0.859416,VCT,920190
31728995,234,9861,2020,,,-0.8252809999999999,-0.89407,VCT,920190
31728996,235,9861,1995,,,,,VDR,920190
31728997,235,9861,1996,,,,,VDR,920190
31728998,235,9861,1997,,,,,VDR,920190
31728999,235,9861,1998,,,,,VDR,920190
31729000,235,9861,1999,,,,,VDR,920190
31729001,235,9861,2000,,,,,VDR,920190
31729002,235,9861,2001,,,,,VDR,920190
31729003,235,9861,2002,,,,,VDR,920190
31729004,235,9861,2003,,,,,VDR,920190
31729005,235,9861,2004,,,,,VDR,920190
31729006,235,9861,2005,,,,,VDR,920190
31729007,235,9861,2006,,,,,VDR,920190
31729008,235,9861,2007,,,,,VDR,920190
31729009,235,9861,2008,,,,,VDR,920190
31729010,235,9861,2009,,,,,VDR,920190
31729011,235,9861,2010,,,,,VDR,920190
31729012,235,9861,2011,,,,,VDR,920190
31729013,235,9861,2012,,,,,VDR,920190
31729014,235,9861,2013,,,,,VDR,920190
31729015,235,9861,2014,,,,,VDR,920190
31729016,235,9861,2015,,,,,VDR,920190
31729017,235,9861,2016,,,,,VDR,920190
31729018,235,9861,2017,,,,,VDR,920190
31729019,235,9861,2018,,,,,VDR,920190
31729020,235,9861,2019,,,,,VDR,920190
31729021,235,9861,2020,,,,,VDR,920190
31729022,236,9861,1995,0.0,36889.0,0.299294,-0.635474,VEN,920190
31729023,236,9861,1996,0.0,64551.0,0.07086100000000001,-0.761307,VEN,920190
31729024,236,9861,1997,0.0,231873.0,0.21363200000000002,-0.668341,VEN,920190
31729025,236,9861,1998,1283.0,134196.0,0.288717,-0.540639,VEN,920190
31729026,236,9861,1999,0.0,97004.0,0.16454100000000002,-0.691021,VEN,920190
31729027,236,9861,2000,0.0,84959.0,0.19788499999999998,-0.779957,VEN,920190
31729028,236,9861,2001,0.0,153579.0,0.261158,-0.7397,VEN,920190
31729029,236,9861,2002,4185.0,62694.0,0.211536,-0.715675,VEN,920190
31729030,236,9861,2003,5405.0,39254.0,0.277805,-0.783697,VEN,920190
31729031,236,9861,2004,3182.0,44203.0,0.048698000000000005,-0.899776,VEN,920190
31729032,236,9861,2005,8373.0,21167.0,0.248175,-0.9600629999999999,VEN,920190
31729033,236,9861,2006,1425.0,486493.0,-0.340972,-1.015462,VEN,920190
31729034,236,9861,2007,0.0,407160.0,-0.231215,-0.9839200000000001,VEN,920190
31729035,236,9861,2008,1296.0,303897.0,-0.442996,-1.0439969999999998,VEN,920190
31729036,236,9861,2009,18963.0,214427.0,-0.5847600000000001,-1.150334,VEN,920190
31729037,236,9861,2010,2660.0,291276.0,-0.660844,-1.145133,VEN,920190
31729038,236,9861,2011,1643.0,118653.0,-0.841147,-1.095636,VEN,920190
31729039,236,9861,2012,0.0,101356.0,-1.3417270000000001,-1.154304,VEN,920190
31729040,236,9861,2013,0.0,1992812.0,-0.778172,-1.107059,VEN,920190
31729041,236,9861,2014,0.0,1322989.0,-0.582086,-1.081727,VEN,920190
31729042,236,9861,2015,2512.0,351554.0,-0.9249129999999999,-1.1877280000000001,VEN,920190
31729043,236,9861,2016,1837.0,23715.0,-0.844669,-1.164315,VEN,920190
31729044,236,9861,2017,2308.0,149507.0,-0.8874559999999999,-1.178752,VEN,920190
31729045,236,9861,2018,,,-1.081138,-1.198717,VEN,920190
31729046,236,9861,2019,,,-1.318175,-1.2506110000000001,VEN,920190
31729047,236,9861,2020,,,-1.058537,-1.178218,VEN,920190
31729048,237,9861,1995,,,0.799784,-0.287329,VGB,920190
31729049,237,9861,1996,0.0,36707.0,0.602529,-0.280171,VGB,920190
31729050,237,9861,1997,0.0,4455.0,0.5966060000000001,-0.381473,VGB,920190
31729051,237,9861,1998,0.0,8784.0,1.06785,-0.03292,VGB,920190
31729052,237,9861,1999,0.0,4516.0,0.876099,-0.289157,VGB,920190
31729053,237,9861,2000,0.0,15085.0,1.06873,0.090886,VGB,920190
31729054,237,9861,2001,0.0,25790.0,0.759566,-0.16636099999999998,VGB,920190
31729055,237,9861,2002,,,1.022393,-0.23957399999999998,VGB,920190
31729056,237,9861,2003,,,0.685109,-0.20824299999999998,VGB,920190
31729057,237,9861,2004,0.0,8000.0,0.597043,-0.348742,VGB,920190
31729058,237,9861,2005,0.0,14815.0,0.67282,-0.329218,VGB,920190
31729059,237,9861,2006,0.0,8995.0,1.05644,0.179306,VGB,920190
31729060,237,9861,2007,0.0,12890.0,0.994233,0.072526,VGB,920190
31729061,237,9861,2008,0.0,39252.0,0.775652,0.028573,VGB,920190
31729062,237,9861,2009,0.0,14940.0,0.903839,0.093044,VGB,920190
31729063,237,9861,2010,0.0,4800.0,0.699891,-0.29630300000000004,VGB,920190
31729064,237,9861,2011,0.0,3000.0,0.780217,-0.010428,VGB,920190
31729065,237,9861,2012,,,0.6483300000000001,0.269932,VGB,920190
31729066,237,9861,2013,,,0.616863,-0.314222,VGB,920190
31729067,237,9861,2014,,,0.484282,-0.082974,VGB,920190
31729068,237,9861,2015,,,0.914493,-0.31357399999999996,VGB,920190
31729069,237,9861,2016,,,0.566815,-0.43181800000000004,VGB,920190
31729070,237,9861,2017,,,0.768,-0.257912,VGB,920190
31729071,237,9861,2018,,,0.995964,-0.167496,VGB,920190
31729072,237,9861,2019,0.0,6387.0,1.145175,-0.41776199999999997,VGB,920190
31729073,237,9861,2020,,,1.342215,-0.501111,VGB,920190
31729074,238,9861,1995,,,,,VIR,920190
31729075,238,9861,1996,,,,,VIR,920190
31729076,238,9861,1997,,,,,VIR,920190
31729077,238,9861,1998,,,,,VIR,920190
31729078,238,9861,1999,,,,,VIR,920190
31729079,238,9861,2000,,,,,VIR,920190
31729080,238,9861,2001,,,,,VIR,920190
31729081,238,9861,2002,,,,,VIR,920190
31729082,238,9861,2003,,,,,VIR,920190
31729083,238,9861,2004,,,,,VIR,920190
31729084,238,9861,2005,,,,,VIR,920190
31729085,238,9861,2006,,,,,VIR,920190
31729086,238,9861,2007,,,,,VIR,920190
31729087,238,9861,2008,,,,,VIR,920190
31729088,238,9861,2009,,,,,VIR,920190
31729089,238,9861,2010,,,,,VIR,920190
31729090,238,9861,2011,,,,,VIR,920190
31729091,238,9861,2012,,,,,VIR,920190
31729092,238,9861,2013,,,,,VIR,920190
31729093,238,9861,2014,,,,,VIR,920190
31729094,238,9861,2015,,,,,VIR,920190
31729095,238,9861,2016,,,,,VIR,920190
31729096,238,9861,2017,,,,,VIR,920190
31729097,238,9861,2018,,,,,VIR,920190
31729098,238,9861,2019,,,,,VIR,920190
31729099,238,9861,2020,,,,,VIR,920190
31729100,239,9861,1995,0.0,13474.0,-1.0462069999999999,-0.269063,VNM,920190
31729101,239,9861,1996,,,-0.9336469999999999,-0.10985199999999999,VNM,920190
31729102,239,9861,1997,1585.0,17936.0,-0.93384,0.06253099999999999,VNM,920190
31729103,239,9861,1998,0.0,35049.0,-0.9395469999999999,0.060697,VNM,920190
31729104,239,9861,1999,0.0,6864.0,-0.9824940000000001,0.115755,VNM,920190
31729105,239,9861,2000,0.0,259989.0,-0.849311,0.391474,VNM,920190
31729106,239,9861,2001,139953.0,136337.0,-0.6692130000000001,0.610992,VNM,920190
31729107,239,9861,2002,2132.0,307555.0,-0.589665,0.799874,VNM,920190
31729108,239,9861,2003,10081.0,253170.0,-0.633985,0.659696,VNM,920190
31729109,239,9861,2004,0.0,357869.0,-0.5270560000000001,0.8910389999999999,VNM,920190
31729110,239,9861,2005,28529.0,71601.0,-0.673618,0.766938,VNM,920190
31729111,239,9861,2006,128785.0,158074.0,-0.342779,1.033318,VNM,920190
31729112,239,9861,2007,60230.0,767954.0,-0.335613,1.048849,VNM,920190
31729113,239,9861,2008,293018.0,512105.0,-0.207083,1.1323370000000001,VNM,920190
31729114,239,9861,2009,115699.0,1178561.0,-0.27396,1.131199,VNM,920190
31729115,239,9861,2010,129572.0,4263692.0,-0.24660500000000002,1.427235,VNM,920190
31729116,239,9861,2011,111571.0,994789.0,-0.184453,1.637207,VNM,920190
31729117,239,9861,2012,1871966.0,1328651.0,0.012365000000000001,1.290936,VNM,920190
31729118,239,9861,2013,204234.0,574164.0,-0.11426900000000001,1.399738,VNM,920190
31729119,239,9861,2014,21371.0,908936.0,-0.023765,1.344416,VNM,920190
31729120,239,9861,2015,331245.0,965688.0,-0.17108900000000002,1.10995,VNM,920190
31729121,239,9861,2016,2328342.0,459579.0,-0.10217899999999999,1.015568,VNM,920190
31729122,239,9861,2017,51653.0,190651.0,-0.009819,0.686429,VNM,920190
31729123,239,9861,2018,17597.0,270766.0,0.003069,0.9169729999999999,VNM,920190
31729124,239,9861,2019,143954.0,463572.0,-0.048147,1.098784,VNM,920190
31729125,239,9861,2020,1775149.0,292470.0,0.034229,0.89099,VNM,920190
31729126,240,9861,1995,,,-1.168901,-0.8590540000000001,VUT,920190
31729127,240,9861,1996,,,-0.933351,-0.824783,VUT,920190
31729128,240,9861,1997,,,-1.300604,-0.921262,VUT,920190
31729129,240,9861,1998,,,-1.176751,-0.9141819999999999,VUT,920190
31729130,240,9861,1999,,,-0.857935,-0.8740190000000001,VUT,920190
31729131,240,9861,2000,,,-1.007244,-0.9066219999999999,VUT,920190
31729132,240,9861,2001,,,-0.9620719999999999,-0.873368,VUT,920190
31729133,240,9861,2002,,,-1.240258,-0.95039,VUT,920190
31729134,240,9861,2003,,,-0.916386,-0.784439,VUT,920190
31729135,240,9861,2004,,,-1.2338790000000002,-0.969297,VUT,920190
31729136,240,9861,2005,,,-1.009584,-0.885193,VUT,920190
31729137,240,9861,2006,0.0,5648.0,-1.166741,-0.927552,VUT,920190
31729138,240,9861,2007,,,-1.187885,-0.993107,VUT,920190
31729139,240,9861,2008,0.0,2700.0,-1.1498540000000002,-0.9443299999999999,VUT,920190
31729140,240,9861,2009,0.0,1157.0,-0.9398479999999999,-0.9635799999999999,VUT,920190
31729141,240,9861,2010,1815.0,18758.0,-0.8922190000000001,-0.87134,VUT,920190
31729142,240,9861,2011,0.0,11293.0,-1.324335,-0.9620629999999999,VUT,920190
31729143,240,9861,2012,,,-0.8367030000000001,-0.8235610000000001,VUT,920190
31729144,240,9861,2013,,,-0.6548689999999999,-0.811184,VUT,920190
31729145,240,9861,2014,,,-1.21245,-0.941493,VUT,920190
31729146,240,9861,2015,,,-1.6531169999999997,-1.018974,VUT,920190
31729147,240,9861,2016,,,-1.187374,-0.9973350000000001,VUT,920190
31729148,240,9861,2017,,,-1.223329,-1.005357,VUT,920190
31729149,240,9861,2018,0.0,4032.0,-1.595495,-1.026155,VUT,920190
31729150,240,9861,2019,,,-0.88634,-0.943023,VUT,920190
31729151,240,9861,2020,,,-1.469494,-0.991857,VUT,920190
31729152,241,9861,1995,,,1.60045,-0.49371800000000005,WLF,920190
31729153,241,9861,1996,,,0.9072549999999999,-0.5177430000000001,WLF,920190
31729154,241,9861,1997,,,-0.09628400000000001,-0.770489,WLF,920190
31729155,241,9861,1998,,,0.8516,-0.734815,WLF,920190
31729156,241,9861,1999,,,2.076089,-0.671834,WLF,920190
31729157,241,9861,2000,0.0,1088.0,0.7104189999999999,-0.696887,WLF,920190
31729158,241,9861,2001,,,0.934326,-0.724379,WLF,920190
31729159,241,9861,2002,,,0.5689420000000001,-0.737647,WLF,920190
31729160,241,9861,2003,,,0.200787,-0.775126,WLF,920190
31729161,241,9861,2004,,,2.1501349999999997,-0.13714200000000001,WLF,920190
31729162,241,9861,2005,0.0,5849.0,1.090798,-0.447772,WLF,920190
31729163,241,9861,2006,0.0,4575.0,1.609916,-0.311544,WLF,920190
31729164,241,9861,2007,0.0,6374.0,2.106802,-0.38307800000000003,WLF,920190
31729165,241,9861,2008,0.0,4425.0,0.503318,-0.708188,WLF,920190
31729166,241,9861,2009,,,1.551821,-0.5478390000000001,WLF,920190
31729167,241,9861,2010,,,1.206023,-0.517231,WLF,920190
31729168,241,9861,2011,,,0.512842,-0.681142,WLF,920190
31729169,241,9861,2012,,,1.6446990000000001,-0.248971,WLF,920190
31729170,241,9861,2013,0.0,1848.0,1.4608299999999999,-0.567281,WLF,920190
31729171,241,9861,2014,,,1.0165819999999999,-0.481415,WLF,920190
31729172,241,9861,2015,,,0.858368,-0.6285810000000001,WLF,920190
31729173,241,9861,2016,,,1.1721700000000002,-0.658709,WLF,920190
31729174,241,9861,2017,,,1.156989,-0.59549,WLF,920190
31729175,241,9861,2018,,,1.604643,-0.608603,WLF,920190
31729176,241,9861,2019,,,2.073123,-0.6077170000000001,WLF,920190
31729177,241,9861,2020,,,0.601576,-0.727147,WLF,920190
31729178,242,9861,1995,,,-1.238049,-0.877899,WSM,920190
31729179,242,9861,1996,,,-0.9626600000000001,-0.838794,WSM,920190
31729180,242,9861,1997,0.0,2809.0,-1.033099,-0.8692129999999999,WSM,920190
31729181,242,9861,1998,,,-1.3855540000000002,-0.932428,WSM,920190
31729182,242,9861,1999,0.0,2002.0,-0.87316,-0.8508049999999999,WSM,920190
31729183,242,9861,2000,,,-1.2583469999999999,-0.988015,WSM,920190
31729184,242,9861,2001,0.0,65191.0,-0.361456,-0.690474,WSM,920190
31729185,242,9861,2002,,,-0.053287,-0.5183399999999999,WSM,920190
31729186,242,9861,2003,0.0,2744.0,-0.304377,-0.620659,WSM,920190
31729187,242,9861,2004,,,-0.129153,-0.6165510000000001,WSM,920190
31729188,242,9861,2005,,,0.31706,-0.384695,WSM,920190
31729189,242,9861,2006,0.0,7817.0,0.299266,-0.477783,WSM,920190
31729190,242,9861,2007,0.0,2833.0,-0.21260500000000002,-0.671421,WSM,920190
31729191,242,9861,2008,0.0,1991.0,0.527804,-0.347197,WSM,920190
31729192,242,9861,2009,,,1.3006149999999999,0.354537,WSM,920190
31729193,242,9861,2010,0.0,12099.0,1.236381,0.276124,WSM,920190
31729194,242,9861,2011,0.0,23222.0,0.9658110000000001,0.30804699999999996,WSM,920190
31729195,242,9861,2012,0.0,20530.0,0.537049,-0.065328,WSM,920190
31729196,242,9861,2013,0.0,17128.0,0.824724,0.056441,WSM,920190
31729197,242,9861,2014,0.0,10706.0,0.602344,-0.051224,WSM,920190
31729198,242,9861,2015,0.0,15210.0,0.351057,-0.158431,WSM,920190
31729199,242,9861,2016,0.0,6347.0,0.576339,-0.221148,WSM,920190
31729200,242,9861,2017,0.0,21593.0,0.450726,0.050197000000000006,WSM,920190
31729201,242,9861,2018,0.0,30700.0,0.336421,0.186474,WSM,920190
31729202,242,9861,2019,3078.0,17063.0,0.22290700000000002,-0.164178,WSM,920190
31729203,242,9861,2020,0.0,8908.0,0.875817,-0.056116,WSM,920190
31729204,243,9861,1995,,,-1.302346,-1.135961,YEM,920190
31729205,243,9861,1996,,,-1.304556,-1.200523,YEM,920190
31729206,243,9861,1997,,,-1.7204130000000002,-1.242057,YEM,920190
31729207,243,9861,1998,,,-1.458683,-1.263139,YEM,920190
31729208,243,9861,1999,,,-1.746447,-1.296571,YEM,920190
31729209,243,9861,2000,,,-1.74462,-1.26072,YEM,920190
31729210,243,9861,2001,,,-1.465154,-1.261615,YEM,920190
31729211,243,9861,2002,0.0,1888.0,-1.233006,-1.22101,YEM,920190
31729212,243,9861,2003,,,-1.453584,-1.257815,YEM,920190
31729213,243,9861,2004,,,-1.15115,-1.207897,YEM,920190
31729214,243,9861,2005,,,-1.214267,-1.2094719999999999,YEM,920190
31729215,243,9861,2006,,,-1.0407110000000002,-1.13042,YEM,920190
31729216,243,9861,2007,0.0,5174.0,-1.2624600000000001,-1.2131290000000001,YEM,920190
31729217,243,9861,2008,6452.0,3133.0,-1.227495,-1.191462,YEM,920190
31729218,243,9861,2009,,,-0.845426,-1.119091,YEM,920190
31729219,243,9861,2010,,,-1.360851,-1.208826,YEM,920190
31729220,243,9861,2011,,,-1.44127,-1.242875,YEM,920190
31729221,243,9861,2012,0.0,2264.0,-1.277216,-1.2331590000000001,YEM,920190
31729222,243,9861,2013,,,-1.252605,-1.207324,YEM,920190
31729223,243,9861,2014,0.0,14304.0,-1.2829190000000001,-1.227373,YEM,920190
31729224,243,9861,2015,,,-1.048632,-1.10843,YEM,920190
31729225,243,9861,2016,,,-1.232675,-1.205963,YEM,920190
31729226,243,9861,2017,0.0,3743.0,-1.397594,-1.2342110000000002,YEM,920190
31729227,243,9861,2018,0.0,9848.0,-1.3332899999999999,-1.200589,YEM,920190
31729228,243,9861,2019,0.0,3720.0,-1.4367860000000001,-1.262101,YEM,920190
31729229,243,9861,2020,,,-1.130952,-1.137774,YEM,920190
31729230,244,9861,1995,,,,,YMD,920190
31729231,244,9861,1996,,,,,YMD,920190
31729232,244,9861,1997,,,,,YMD,920190
31729233,244,9861,1998,,,,,YMD,920190
31729234,244,9861,1999,,,,,YMD,920190
31729235,244,9861,2000,,,,,YMD,920190
31729236,244,9861,2001,,,,,YMD,920190
31729237,244,9861,2002,,,,,YMD,920190
31729238,244,9861,2003,,,,,YMD,920190
31729239,244,9861,2004,,,,,YMD,920190
31729240,244,9861,2005,,,,,YMD,920190
31729241,244,9861,2006,,,,,YMD,920190
31729242,244,9861,2007,,,,,YMD,920190
31729243,244,9861,2008,,,,,YMD,920190
31729244,244,9861,2009,,,,,YMD,920190
31729245,244,9861,2010,,,,,YMD,920190
31729246,244,9861,2011,,,,,YMD,920190
31729247,244,9861,2012,,,,,YMD,920190
31729248,244,9861,2013,,,,,YMD,920190
31729249,244,9861,2014,,,,,YMD,920190
31729250,244,9861,2015,,,,,YMD,920190
31729251,244,9861,2016,,,,,YMD,920190
31729252,244,9861,2017,,,,,YMD,920190
31729253,244,9861,2018,,,,,YMD,920190
31729254,244,9861,2019,,,,,YMD,920190
31729255,244,9861,2020,,,,,YMD,920190
31729256,245,9861,1995,,,,,YUG,920190
31729257,245,9861,1996,,,,,YUG,920190
31729258,245,9861,1997,,,,,YUG,920190
31729259,245,9861,1998,,,,,YUG,920190
31729260,245,9861,1999,,,,,YUG,920190
31729261,245,9861,2000,,,,,YUG,920190
31729262,245,9861,2001,,,,,YUG,920190
31729263,245,9861,2002,,,,,YUG,920190
31729264,245,9861,2003,,,,,YUG,920190
31729265,245,9861,2004,,,,,YUG,920190
31729266,245,9861,2005,,,,,YUG,920190
31729267,245,9861,2006,,,,,YUG,920190
31729268,245,9861,2007,,,,,YUG,920190
31729269,245,9861,2008,,,,,YUG,920190
31729270,245,9861,2009,,,,,YUG,920190
31729271,245,9861,2010,,,,,YUG,920190
31729272,245,9861,2011,,,,,YUG,920190
31729273,245,9861,2012,,,,,YUG,920190
31729274,245,9861,2013,,,,,YUG,920190
31729275,245,9861,2014,,,,,YUG,920190
31729276,245,9861,2015,,,,,YUG,920190
31729277,245,9861,2016,,,,,YUG,920190
31729278,245,9861,2017,,,,,YUG,920190
31729279,245,9861,2018,,,,,YUG,920190
31729280,245,9861,2019,,,,,YUG,920190
31729281,245,9861,2020,,,,,YUG,920190
31729282,246,9861,1995,26429.0,62260.0,0.468112,1.039817,ZAF,920190
31729283,246,9861,1996,44388.0,56970.0,0.456593,1.150786,ZAF,920190
31729284,246,9861,1997,40769.0,28570.0,0.501792,1.1192440000000001,ZAF,920190
31729285,246,9861,1998,37599.0,50261.0,0.573958,1.3813739999999999,ZAF,920190
31729286,246,9861,1999,52523.0,79961.0,0.543171,1.432792,ZAF,920190
31729287,246,9861,2000,63262.0,114777.0,0.5307529999999999,2.1141810000000003,ZAF,920190
31729288,246,9861,2001,71672.0,67613.0,0.356842,2.006155,ZAF,920190
31729289,246,9861,2002,56735.0,60744.0,0.395943,2.392458,ZAF,920190
31729290,246,9861,2003,86568.0,256877.0,0.477987,2.255395,ZAF,920190
31729291,246,9861,2004,110724.0,452454.0,0.460279,1.9736220000000002,ZAF,920190
31729292,246,9861,2005,107985.0,553161.0,0.484464,1.65903,ZAF,920190
31729293,246,9861,2006,107439.0,738570.0,0.37964499999999995,1.466326,ZAF,920190
31729294,246,9861,2007,128175.0,738956.0,0.349792,1.246052,ZAF,920190
31729295,246,9861,2008,203817.0,293196.0,0.22551500000000002,1.185506,ZAF,920190
31729296,246,9861,2009,395344.0,571121.0,0.316452,1.767795,ZAF,920190
31729297,246,9861,2010,413071.0,361996.0,0.327326,1.513598,ZAF,920190
31729298,246,9861,2011,246072.0,626722.0,0.241792,1.353011,ZAF,920190
31729299,246,9861,2012,162617.0,1637408.0,0.284069,1.730991,ZAF,920190
31729300,246,9861,2013,207386.0,1118796.0,0.380284,1.5682120000000002,ZAF,920190
31729301,246,9861,2014,211795.0,947965.0,0.282927,1.723214,ZAF,920190
31729302,246,9861,2015,192345.0,938838.0,0.24944699999999997,1.7573159999999999,ZAF,920190
31729303,246,9861,2016,176657.0,443691.0,0.187396,1.46169,ZAF,920190
31729304,246,9861,2017,250187.0,665748.0,0.2066,1.378591,ZAF,920190
31729305,246,9861,2018,189451.0,1121167.0,0.158722,1.394829,ZAF,920190
31729306,246,9861,2019,186901.0,1758308.0,0.129921,1.101027,ZAF,920190
31729307,246,9861,2020,158534.0,1172505.0,0.042099,0.923931,ZAF,920190
31729308,247,9861,1995,0.0,7813.0,-0.214763,-0.721675,ZMB,920190
31729309,247,9861,1996,0.0,157392.0,-0.340956,-0.714009,ZMB,920190
31729310,247,9861,1997,0.0,810.0,-0.62183,-0.809639,ZMB,920190
31729311,247,9861,1998,0.0,4716.0,-0.383126,-0.501498,ZMB,920190
31729312,247,9861,1999,0.0,12766.0,-0.388446,-0.47129099999999996,ZMB,920190
31729313,247,9861,2000,0.0,4280.0,-0.761877,-0.6588510000000001,ZMB,920190
31729314,247,9861,2001,0.0,5699.0,-0.731193,-0.706978,ZMB,920190
31729315,247,9861,2002,0.0,6573.0,-0.654686,-0.545346,ZMB,920190
31729316,247,9861,2003,0.0,56567.0,-0.678149,-0.5919449999999999,ZMB,920190
31729317,247,9861,2004,550.0,9771.0,-0.9972190000000001,-0.853986,ZMB,920190
31729318,247,9861,2005,0.0,11083.0,-0.854234,-0.9467399999999999,ZMB,920190
31729319,247,9861,2006,812.0,10954.0,-0.5307,-0.793621,ZMB,920190
31729320,247,9861,2007,20006.0,10699.0,-0.522838,-0.796874,ZMB,920190
31729321,247,9861,2008,2253.0,8178.0,-0.798489,-0.9437639999999999,ZMB,920190
31729322,247,9861,2009,2408.0,10385.0,-0.6423909999999999,-0.815315,ZMB,920190
31729323,247,9861,2010,0.0,10399.0,-0.650686,-0.830332,ZMB,920190
31729324,247,9861,2011,0.0,22571.0,-0.7599,-0.941019,ZMB,920190
31729325,247,9861,2012,0.0,34601.0,-0.40962200000000004,-0.770245,ZMB,920190
31729326,247,9861,2013,0.0,18934.0,-0.382129,-0.5442229999999999,ZMB,920190
31729327,247,9861,2014,0.0,63344.0,-0.664089,-0.793452,ZMB,920190
31729328,247,9861,2015,0.0,33679.0,-0.44792,-0.769586,ZMB,920190
31729329,247,9861,2016,7304.0,15420.0,-0.632437,-0.968817,ZMB,920190
31729330,247,9861,2017,0.0,17427.0,-0.8594290000000001,-1.0574459999999999,ZMB,920190
31729331,247,9861,2018,4242.0,25519.0,-0.736064,-0.93958,ZMB,920190
31729332,247,9861,2019,2662.0,12936.0,-0.629261,-0.8471489999999999,ZMB,920190
31729333,247,9861,2020,16168.0,16404.0,-0.9162379999999999,-0.9523940000000001,ZMB,920190
31729334,248,9861,1995,12604.0,4887.0,-0.054752999999999996,0.326737,ZWE,920190
31729335,248,9861,1996,176698.0,1739.0,-0.393769,-0.34379,ZWE,920190
31729336,248,9861,1997,3440.0,1578.0,-0.36357399999999995,-0.449161,ZWE,920190
31729337,248,9861,1998,7758.0,31901.0,-0.49939399999999995,-0.430733,ZWE,920190
31729338,248,9861,1999,3579.0,9147.0,-0.320533,-0.180527,ZWE,920190
31729339,248,9861,2000,14084.0,1720.0,-0.454005,0.082856,ZWE,920190
31729340,248,9861,2001,0.0,5095.0,-0.6321829999999999,-0.453671,ZWE,920190
31729341,248,9861,2002,15003.0,5496.0,-0.309483,0.271457,ZWE,920190
31729342,248,9861,2003,,,-0.366539,-0.18906199999999998,ZWE,920190
31729343,248,9861,2004,4330.0,3166.0,-0.560593,-0.091112,ZWE,920190
31729344,248,9861,2005,10012.0,14179.0,-0.559266,-0.395637,ZWE,920190
31729345,248,9861,2006,12348.0,6369.0,-0.41825500000000004,-0.55313,ZWE,920190
31729346,248,9861,2007,3250.0,3489.0,-0.5271399999999999,-0.47033800000000003,ZWE,920190
31729347,248,9861,2008,6606.0,1842.0,-0.377992,-0.577244,ZWE,920190
31729348,248,9861,2009,0.0,7439.0,-0.686822,-0.683511,ZWE,920190
31729349,248,9861,2010,3257.0,8102.0,-0.869909,-0.8233309999999999,ZWE,920190
31729350,248,9861,2011,0.0,2619.0,-0.858662,-0.8632719999999999,ZWE,920190
31729351,248,9861,2012,1316.0,5318.0,-0.8025100000000001,-0.869078,ZWE,920190
31729352,248,9861,2013,0.0,35788.0,-0.828702,-0.899175,ZWE,920190
31729353,248,9861,2014,272.0,19972.0,-0.821369,-0.864232,ZWE,920190
31729354,248,9861,2015,1000.0,23207.0,-0.838017,-0.9400270000000001,ZWE,920190
31729355,248,9861,2016,0.0,22922.0,-1.083532,-1.0016610000000001,ZWE,920190
31729356,248,9861,2017,0.0,15853.0,-1.101402,-1.0831680000000001,ZWE,920190
31729357,248,9861,2018,0.0,8822.0,-1.181524,-1.0648520000000001,ZWE,920190
31729358,248,9861,2019,0.0,11849.0,-0.9993780000000001,-1.018174,ZWE,920190
31729359,248,9861,2020,0.0,14100.0,-1.039532,-1.12853,ZWE,920190
31729360,249,9861,1995,53712.0,506600.0,1.345205,1.9337389999999999,TWN,920190
31729361,249,9861,1996,210003.0,209611.0,1.432225,1.675389,TWN,920190
31729362,249,9861,1997,46069.0,543512.0,1.317672,1.800561,TWN,920190
31729363,249,9861,1998,49920.0,269759.0,1.224725,1.890322,TWN,920190
31729364,249,9861,1999,57039.0,247509.0,1.336816,1.725334,TWN,920190
31729365,249,9861,2000,64723.0,336174.0,1.44705,1.475122,TWN,920190
31729366,249,9861,2001,26048.0,236009.0,1.5731700000000002,1.353159,TWN,920190
31729367,249,9861,2002,196534.0,226717.0,1.683858,1.333601,TWN,920190
31729368,249,9861,2003,64789.0,450075.0,1.5924040000000002,1.397843,TWN,920190
31729369,249,9861,2004,119266.0,181282.0,1.626307,1.358315,TWN,920190
31729370,249,9861,2005,15883.0,121912.0,1.577067,1.3218450000000002,TWN,920190
31729371,249,9861,2006,118756.0,107288.0,1.619915,1.2289940000000001,TWN,920190
31729372,249,9861,2007,191716.0,148496.0,1.651607,0.974649,TWN,920190
31729373,249,9861,2008,311366.0,264258.0,1.611693,0.93875,TWN,920190
31729374,249,9861,2009,409718.0,152707.0,1.5763120000000002,0.9567950000000001,TWN,920190
31729375,249,9861,2010,164549.0,244867.0,1.766729,0.909335,TWN,920190
31729376,249,9861,2011,315177.0,330669.0,1.803234,0.921233,TWN,920190
31729377,249,9861,2012,3264841.0,811419.0,1.6528,0.9437409999999999,TWN,920190
31729378,249,9861,2013,14586360.0,401169.0,1.843186,0.9432379999999999,TWN,920190
31729379,249,9861,2014,11739970.0,725104.0,1.9044189999999999,1.0595139999999998,TWN,920190
31729380,249,9861,2015,32732.0,589299.0,1.962832,1.214982,TWN,920190
31729381,249,9861,2016,7402340.0,374737.0,2.002996,1.39485,TWN,920190
31729382,249,9861,2017,2673374.0,434702.0,2.0548290000000002,1.2552969999999999,TWN,920190
31729383,249,9861,2018,33968.0,254730.0,2.0462540000000002,1.166636,TWN,920190
31729384,249,9861,2019,115803.0,313321.0,2.123296,1.1786969999999999,TWN,920190
31729385,249,9861,2020,15647.0,183901.0,2.0517060000000003,1.205431,TWN,920190
31729386,250,9861,1995,180215.0,26565.0,1.034518,0.9735149999999999,ANS,920190
31729387,250,9861,1996,391932.0,26508.0,1.084978,0.901755,ANS,920190
31729388,250,9861,1997,233833.0,16302.0,1.036748,0.851626,ANS,920190
31729389,250,9861,1998,252306.0,60815.0,1.144164,1.187425,ANS,920190
31729390,250,9861,1999,108302.0,112882.0,1.130511,0.9547379999999999,ANS,920190
31729391,250,9861,2000,66235.0,63639.0,1.195891,-0.22544,ANS,920190
31729392,250,9861,2001,319777.0,1521.0,1.096023,-0.33562600000000004,ANS,920190
31729393,250,9861,2002,90944.0,19323.0,0.734927,-0.40114099999999997,ANS,920190
31729394,250,9861,2003,85882.0,33450.0,0.45951499999999995,-0.2312,ANS,920190
31729395,250,9861,2004,27031.0,8532.0,0.509382,-0.30904299999999996,ANS,920190
31729396,250,9861,2005,32374.0,1508.0,0.63454,-0.41119799999999995,ANS,920190
31729397,250,9861,2006,17832.0,1901.0,0.711619,-0.41880200000000006,ANS,920190
31729398,250,9861,2007,4952.0,3806.0,0.671936,-0.284418,ANS,920190
31729399,250,9861,2008,18401.0,11428.0,0.547909,-0.5303640000000001,ANS,920190
31729400,250,9861,2009,5452.0,1385.0,0.582246,-0.10603,ANS,920190
31729401,250,9861,2010,31283.0,28034.0,0.45129600000000003,-0.223517,ANS,920190
31729402,250,9861,2011,17022.0,18848.0,0.475638,-0.160135,ANS,920190
31729403,250,9861,2012,60357.0,162712.0,0.385997,-0.057784,ANS,920190
31729404,250,9861,2013,21429.0,97080.0,0.628555,0.277602,ANS,920190
31729405,250,9861,2014,150541.0,117782.0,0.506842,0.049545,ANS,920190
31729406,250,9861,2015,157273.0,95458.0,0.377283,-0.092204,ANS,920190
31729407,250,9861,2016,83864.0,133290.0,0.773312,-0.015385,ANS,920190
31729408,250,9861,2017,27619.0,263496.0,0.72523,-0.205046,ANS,920190
31729409,250,9861,2018,74057.0,1755.0,0.809991,-0.368737,ANS,920190
31729410,250,9861,2019,40138.0,2738.0,0.8996129999999999,-0.152746,ANS,920190
31729411,250,9861,2020,36411.0,273.0,0.866041,-0.371104,ANS,920190
31729412,0,9862,1995,,,-0.502999,-0.713013,ABW,920210
31729413,0,9862,1996,,,-0.681487,-0.70999,ABW,920210
31729414,0,9862,1997,,,-1.2908190000000002,-0.824577,ABW,920210
31729415,0,9862,1998,,,0.197883,-0.726349,ABW,920210
31729416,0,9862,1999,,,-0.11568599999999998,-0.8296680000000001,ABW,920210
31729417,0,9862,2000,,,0.333381,-0.7784979999999999,ABW,920210
31729418,0,9862,2001,,,-0.084715,-0.844852,ABW,920210
31729419,0,9862,2002,,,0.017075999999999997,-0.844024,ABW,920210
31729420,0,9862,2003,,,-0.13006600000000001,-0.783431,ABW,920210
31729421,0,9862,2004,,,-0.30244099999999996,-0.892926,ABW,920210
31729422,0,9862,2005,0.0,3098.0,0.409159,-0.712276,ABW,920210
31729423,0,9862,2006,0.0,21449.0,0.15112799999999998,-0.752631,ABW,920210
31729424,0,9862,2007,0.0,12210.0,-0.100145,-0.7896920000000001,ABW,920210
31729425,0,9862,2008,0.0,14577.0,-0.13050499999999998,-0.7932560000000001,ABW,920210
31729426,0,9862,2009,0.0,24812.0,0.770077,-0.71001,ABW,920210
31729427,0,9862,2010,0.0,19234.0,0.9906219999999999,0.159993,ABW,920210
31729428,0,9862,2011,0.0,21169.0,-0.282585,-0.71273,ABW,920210
31729429,0,9862,2012,5237.0,10137.0,0.262866,-0.531974,ABW,920210
31729430,0,9862,2013,0.0,23127.0,0.913235,-0.149061,ABW,920210
31729431,0,9862,2014,0.0,6958.0,0.779539,-0.32255700000000004,ABW,920210
31729432,0,9862,2015,0.0,11351.0,0.8526809999999999,-0.043541,ABW,920210
31729433,0,9862,2016,0.0,20780.0,0.9052,0.253571,ABW,920210
31729434,0,9862,2017,0.0,4378.0,0.845843,0.165178,ABW,920210
31729435,0,9862,2018,0.0,2335.0,0.8710549999999999,0.084402,ABW,920210
31729436,0,9862,2019,0.0,9089.0,1.077214,-0.060235000000000004,ABW,920210
31729437,0,9862,2020,0.0,13009.0,0.725364,-0.244535,ABW,920210
31729438,1,9862,1995,,,-0.44388199999999994,-0.631151,AFG,920210
31729439,1,9862,1996,,,-0.31642600000000004,-0.620458,AFG,920210
31729440,1,9862,1997,,,0.019025999999999998,-0.351461,AFG,920210
31729441,1,9862,1998,,,-0.323818,-0.698422,AFG,920210
31729442,1,9862,1999,,,-0.28520500000000004,-0.635241,AFG,920210
31729443,1,9862,2000,,,-0.19908399999999998,-0.519908,AFG,920210
31729444,1,9862,2001,,,-0.033686,-0.46412700000000007,AFG,920210
31729445,1,9862,2002,,,-0.262812,-0.503955,AFG,920210
31729446,1,9862,2003,0.0,20153.0,-0.421205,-0.602704,AFG,920210
31729447,1,9862,2004,0.0,13859.0,-0.6831550000000001,-0.756696,AFG,920210
31729448,1,9862,2005,0.0,9514.0,-0.173509,-0.42569799999999997,AFG,920210
31729449,1,9862,2006,,,-0.626011,-0.6799689999999999,AFG,920210
31729450,1,9862,2007,,,-0.745981,-0.682003,AFG,920210
31729451,1,9862,2008,13092.0,0.0,-0.23668000000000003,-0.344418,AFG,920210
31729452,1,9862,2009,1683.0,0.0,-0.424354,-0.563383,AFG,920210
31729453,1,9862,2010,1257.0,0.0,-0.054633,-0.102103,AFG,920210
31729454,1,9862,2011,0.0,3187.0,-0.8426809999999999,-0.640418,AFG,920210
31729455,1,9862,2012,,,-0.711192,-1.0911629999999999,AFG,920210
31729456,1,9862,2013,,,-0.985727,-0.7164550000000001,AFG,920210
31729457,1,9862,2014,,,-0.924386,-0.839385,AFG,920210
31729458,1,9862,2015,0.0,8812.0,-1.249655,-0.9094459999999999,AFG,920210
31729459,1,9862,2016,,,-1.497486,-1.002342,AFG,920210
31729460,1,9862,2017,,,-1.147348,-0.886799,AFG,920210
31729461,1,9862,2018,,,-1.267508,-0.8494940000000001,AFG,920210
31729462,1,9862,2019,,,-1.187576,-0.7731979999999999,AFG,920210
31729463,1,9862,2020,,,-1.178987,-0.815577,AFG,920210
31729464,2,9862,1995,,,-2.2342459999999997,-1.1147639999999999,AGO,920210
31729465,2,9862,1996,0.0,12171.0,-2.3109900000000003,-1.172849,AGO,920210
31729466,2,9862,1997,,,-1.574236,-1.1722219999999999,AGO,920210
31729467,2,9862,1998,,,-1.679223,-1.213275,AGO,920210
31729468,2,9862,1999,,,-1.383262,-1.20434,AGO,920210
31729469,2,9862,2000,,,-1.998198,-1.205407,AGO,920210
31729470,2,9862,2001,0.0,1164.0,-1.523823,-1.214093,AGO,920210
31729471,2,9862,2002,,,-2.018135,-1.222751,AGO,920210
31729472,2,9862,2003,0.0,1447.0,-1.8762919999999998,-1.176541,AGO,920210
31729473,2,9862,2004,0.0,7963.0,-0.8513709999999999,-1.173397,AGO,920210
31729474,2,9862,2005,0.0,230761.0,-1.647198,-1.1817790000000001,AGO,920210
31729475,2,9862,2006,,,-2.0822979999999998,-1.176767,AGO,920210
31729476,2,9862,2007,0.0,1091.0,-1.6925709999999998,-1.1987290000000002,AGO,920210
31729477,2,9862,2008,0.0,12487.0,-2.0318669999999996,-1.149931,AGO,920210
31729478,2,9862,2009,0.0,22319.0,-0.809438,-1.190006,AGO,920210
31729479,2,9862,2010,0.0,55695.0,-1.3711010000000001,-1.170608,AGO,920210
31729480,2,9862,2011,0.0,29589.0,-1.252991,-1.132314,AGO,920210
31729481,2,9862,2012,0.0,31418.0,-1.521092,-1.157031,AGO,920210
31729482,2,9862,2013,0.0,85513.0,-1.172043,-1.133735,AGO,920210
31729483,2,9862,2014,40323.0,70311.0,-1.8184900000000002,-1.149191,AGO,920210
31729484,2,9862,2015,0.0,55509.0,-1.6542,-1.2598989999999999,AGO,920210
31729485,2,9862,2016,0.0,28617.0,-1.313517,-1.262761,AGO,920210
31729486,2,9862,2017,0.0,22191.0,-1.408777,-1.215475,AGO,920210
31729487,2,9862,2018,0.0,20651.0,-1.489191,-1.213992,AGO,920210
31729488,2,9862,2019,0.0,38564.0,-1.096127,-1.195434,AGO,920210
31729489,2,9862,2020,0.0,2192.0,-1.7948709999999999,-1.199555,AGO,920210
31729490,3,9862,1995,,,1.39062,-0.102344,AIA,920210
31729491,3,9862,1996,,,0.9183969999999999,-0.126271,AIA,920210
31729492,3,9862,1997,,,1.2688760000000001,0.19008599999999998,AIA,920210
31729493,3,9862,1998,,,0.8829440000000001,-0.185175,AIA,920210
31729494,3,9862,1999,,,0.9031899999999999,-0.402341,AIA,920210
31729495,3,9862,2000,,,1.57991,0.160971,AIA,920210
31729496,3,9862,2001,,,1.1659469999999998,0.12369000000000001,AIA,920210
31729497,3,9862,2002,,,1.801822,0.172557,AIA,920210
31729498,3,9862,2003,,,1.159575,-0.060911,AIA,920210
31729499,3,9862,2004,,,1.14242,-0.061847000000000006,AIA,920210
31729500,3,9862,2005,,,0.9438139999999999,-0.331494,AIA,920210
31729501,3,9862,2006,,,1.4066610000000002,-0.166941,AIA,920210
31729502,3,9862,2007,,,1.204732,-0.009463,AIA,920210
31729503,3,9862,2008,,,1.3673950000000001,0.124948,AIA,920210
31729504,3,9862,2009,,,1.5343360000000001,-0.035211,AIA,920210
31729505,3,9862,2010,,,1.127307,0.035098000000000004,AIA,920210
31729506,3,9862,2011,,,1.3921459999999999,0.126905,AIA,920210
31729507,3,9862,2012,,,1.300748,0.187379,AIA,920210
31729508,3,9862,2013,,,1.5827879999999999,0.127141,AIA,920210
31729509,3,9862,2014,,,0.926517,-0.498487,AIA,920210
31729510,3,9862,2015,,,0.903682,-0.046925,AIA,920210
31729511,3,9862,2016,,,1.0810790000000001,-0.20086400000000001,AIA,920210
31729512,3,9862,2017,,,1.0311569999999999,-0.098749,AIA,920210
31729513,3,9862,2018,,,1.345238,-0.050174,AIA,920210
31729514,3,9862,2019,,,0.9469639999999999,-0.526437,AIA,920210
31729515,3,9862,2020,,,1.453992,-0.357415,AIA,920210
31729516,4,9862,1995,0.0,6143.0,-0.39273,-0.47259300000000004,ALB,920210
31729517,4,9862,1996,1485.0,0.0,-0.309992,-0.039541,ALB,920210
31729518,4,9862,1997,,,-0.32351599999999997,-0.170449,ALB,920210
31729519,4,9862,1998,,,-0.37657399999999996,-0.201006,ALB,920210
31729520,4,9862,1999,,,-0.281783,-0.10076399999999999,ALB,920210
31729521,4,9862,2000,,,-0.083425,0.080963,ALB,920210
31729522,4,9862,2001,,,-0.054125,0.104298,ALB,920210
31729523,4,9862,2002,0.0,10190.0,-0.127828,-0.126857,ALB,920210
31729524,4,9862,2003,0.0,19705.0,-0.053595000000000004,0.166034,ALB,920210
31729525,4,9862,2004,0.0,3493.0,-0.131892,0.14985199999999999,ALB,920210
31729526,4,9862,2005,0.0,8238.0,-0.156823,0.187042,ALB,920210
31729527,4,9862,2006,0.0,5539.0,-0.340932,-0.06302200000000001,ALB,920210
31729528,4,9862,2007,0.0,1727.0,-0.20616700000000002,-0.016993,ALB,920210
31729529,4,9862,2008,0.0,27340.0,-0.252894,-0.0071400000000000005,ALB,920210
31729530,4,9862,2009,0.0,14231.0,-0.41612200000000005,-0.256639,ALB,920210
31729531,4,9862,2010,0.0,6314.0,-0.5316,-0.219561,ALB,920210
31729532,4,9862,2011,0.0,16110.0,-0.331435,-0.034828,ALB,920210
31729533,4,9862,2012,0.0,8152.0,-0.355898,-0.017434,ALB,920210
31729534,4,9862,2013,11694.0,24577.0,-0.53682,-0.162391,ALB,920210
31729535,4,9862,2014,0.0,2165.0,-0.476024,-0.33978400000000003,ALB,920210
31729536,4,9862,2015,0.0,34936.0,-0.601875,-0.27003,ALB,920210
31729537,4,9862,2016,0.0,35620.0,-0.534645,-0.09027,ALB,920210
31729538,4,9862,2017,0.0,3429.0,-0.44769899999999996,-0.17193,ALB,920210
31729539,4,9862,2018,0.0,9333.0,-0.456481,-0.139655,ALB,920210
31729540,4,9862,2019,1015.0,23047.0,-0.459614,-0.019257,ALB,920210
31729541,4,9862,2020,0.0,8463.0,-0.265229,0.059049000000000004,ALB,920210
31729542,5,9862,1995,0.0,8491.0,1.126269,0.577384,AND,920210
31729543,5,9862,1996,0.0,24122.0,1.0490059999999999,0.6587189999999999,AND,920210
31729544,5,9862,1997,0.0,2735.0,1.087564,0.602846,AND,920210
31729545,5,9862,1998,0.0,16644.0,1.079978,0.618452,AND,920210
31729546,5,9862,1999,2860.0,11176.0,0.98429,0.690354,AND,920210
31729547,5,9862,2000,4463.0,3958.0,1.0305,0.762984,AND,920210
31729548,5,9862,2001,0.0,2431.0,1.049415,0.860241,AND,920210
31729549,5,9862,2002,4062.0,831.0,1.1751610000000001,0.8631700000000001,AND,920210
31729550,5,9862,2003,0.0,5296.0,1.0901319999999999,0.618693,AND,920210
31729551,5,9862,2004,0.0,4609.0,1.268618,0.835359,AND,920210
31729552,5,9862,2005,0.0,3246.0,0.990216,0.430967,AND,920210
31729553,5,9862,2006,0.0,2070.0,1.03128,0.402281,AND,920210
31729554,5,9862,2007,0.0,3302.0,1.178982,0.778379,AND,920210
31729555,5,9862,2008,0.0,45296.0,0.971109,0.749296,AND,920210
31729556,5,9862,2009,0.0,6151.0,1.002767,0.6733,AND,920210
31729557,5,9862,2010,0.0,4740.0,0.8963620000000001,0.7650399999999999,AND,920210
31729558,5,9862,2011,0.0,2922.0,0.787289,0.484512,AND,920210
31729559,5,9862,2012,,,0.978527,0.521579,AND,920210
31729560,5,9862,2013,0.0,4479.0,0.9666530000000001,-0.159606,AND,920210
31729561,5,9862,2014,0.0,2426.0,0.533246,-0.41617,AND,920210
31729562,5,9862,2015,1101.0,2148.0,0.850153,0.383793,AND,920210
31729563,5,9862,2016,0.0,69358.0,1.06885,0.519109,AND,920210
31729564,5,9862,2017,0.0,46683.0,1.097505,0.480863,AND,920210
31729565,5,9862,2018,0.0,34454.0,0.975648,0.525437,AND,920210
31729566,5,9862,2019,0.0,34857.0,0.776042,0.167417,AND,920210
31729567,5,9862,2020,0.0,10644.0,1.009457,0.2002,AND,920210
31729568,6,9862,1995,,,-0.020759,-0.653863,ANT,920210
31729569,6,9862,1996,,,0.29339,-0.572443,ANT,920210
31729570,6,9862,1997,,,0.406411,-0.46148100000000003,ANT,920210
31729571,6,9862,1998,,,0.666616,-0.224404,ANT,920210
31729572,6,9862,1999,,,0.266874,-0.5122220000000001,ANT,920210
31729573,6,9862,2000,,,0.47719799999999996,-0.56103,ANT,920210
31729574,6,9862,2001,,,0.260662,-0.66681,ANT,920210
31729575,6,9862,2002,0.0,2359.0,0.346519,-0.631549,ANT,920210
31729576,6,9862,2003,0.0,611.0,0.108903,-0.650137,ANT,920210
31729577,6,9862,2004,6979.0,1423.0,0.726256,-0.48520699999999994,ANT,920210
31729578,6,9862,2005,3098.0,7471.0,-0.294813,-0.7054010000000001,ANT,920210
31729579,6,9862,2006,0.0,9748.0,0.251825,-0.629035,ANT,920210
31729580,6,9862,2007,3353.0,10875.0,0.305773,-0.504676,ANT,920210
31729581,6,9862,2008,0.0,22484.0,0.31099,-0.536718,ANT,920210
31729582,6,9862,2009,0.0,7990.0,0.351025,-0.699817,ANT,920210
31729583,6,9862,2010,,,-0.08593200000000001,-0.691395,ANT,920210
31729584,6,9862,2011,,,0.166465,-0.722459,ANT,920210
31729585,6,9862,2012,,,,,ANT,920210
31729586,6,9862,2013,,,,,ANT,920210
31729587,6,9862,2014,,,,,ANT,920210
31729588,6,9862,2015,,,,,ANT,920210
31729589,6,9862,2016,,,,,ANT,920210
31729590,6,9862,2017,,,,,ANT,920210
31729591,6,9862,2018,,,1.690827,-0.542337,ANT,920210
31729592,6,9862,2019,,,,,ANT,920210
31729593,6,9862,2020,,,,,ANT,920210
31729594,7,9862,1995,1022.0,134519.0,-0.205166,-0.6132380000000001,ARE,920210
31729595,7,9862,1996,7921.0,25495.0,-0.245358,-0.726695,ARE,920210
31729596,7,9862,1997,29222.0,37073.0,-0.042154000000000004,-0.667389,ARE,920210
31729597,7,9862,1998,10452.0,23174.0,-0.274973,-0.481405,ARE,920210
31729598,7,9862,1999,17759.0,91081.0,-0.21921,-0.54813,ARE,920210
31729599,7,9862,2000,40420.0,28200.0,-0.111384,-0.490415,ARE,920210
31729600,7,9862,2001,21300.0,84997.0,-0.193984,-0.457124,ARE,920210
31729601,7,9862,2002,108242.0,68803.0,0.044683,-0.247191,ARE,920210
31729602,7,9862,2003,116266.0,277308.0,0.049637,-0.502691,ARE,920210
31729603,7,9862,2004,72109.0,152929.0,0.1799,-0.34541900000000003,ARE,920210
31729604,7,9862,2005,56150.0,995630.0,0.11526600000000001,-0.393171,ARE,920210
31729605,7,9862,2006,13793.0,166966.0,0.053903999999999994,-0.735124,ARE,920210
31729606,7,9862,2007,117488.0,357640.0,-0.107504,-0.44744300000000004,ARE,920210
31729607,7,9862,2008,368050.0,448626.0,-0.276433,-0.692392,ARE,920210
31729608,7,9862,2009,25375.0,665764.0,0.070059,-0.619075,ARE,920210
31729609,7,9862,2010,35965.0,404527.0,0.29457,-0.196371,ARE,920210
31729610,7,9862,2011,112953.0,642496.0,0.030652,-0.450808,ARE,920210
31729611,7,9862,2012,585630.0,811096.0,0.45351499999999995,-0.285021,ARE,920210
31729612,7,9862,2013,865477.0,1011120.0,-0.074047,-0.585168,ARE,920210
31729613,7,9862,2014,323011.0,893133.0,0.087775,-0.289459,ARE,920210
31729614,7,9862,2015,214966.0,714557.0,0.21779600000000002,-0.0047420000000000006,ARE,920210
31729615,7,9862,2016,1129496.0,809426.0,0.11037999999999999,0.045327,ARE,920210
31729616,7,9862,2017,172088.0,563158.0,0.210477,0.02557,ARE,920210
31729617,7,9862,2018,147448.0,621213.0,0.11804400000000001,-0.326851,ARE,920210
31729618,7,9862,2019,195042.0,687572.0,-0.165113,-0.8973540000000001,ARE,920210
31729619,7,9862,2020,149313.0,546115.0,-0.118349,-0.789485,ARE,920210
31729620,8,9862,1995,3183.0,53316.0,0.245885,0.5489850000000001,ARG,920210
31729621,8,9862,1996,16972.0,149099.0,0.167081,0.433612,ARG,920210
31729622,8,9862,1997,4743.0,179890.0,0.273654,0.495389,ARG,920210
31729623,8,9862,1998,12129.0,159230.0,0.272015,0.45031099999999996,ARG,920210
31729624,8,9862,1999,8409.0,122829.0,0.49933500000000003,0.593879,ARG,920210
31729625,8,9862,2000,23762.0,147679.0,0.43928999999999996,0.6839189999999999,ARG,920210
31729626,8,9862,2001,1958463.0,149540.0,0.287698,0.547137,ARG,920210
31729627,8,9862,2002,4318.0,13221.0,0.284536,0.517425,ARG,920210
31729628,8,9862,2003,6328.0,79410.0,0.302073,0.49069700000000005,ARG,920210
31729629,8,9862,2004,0.0,260252.0,0.28128600000000004,0.64115,ARG,920210
31729630,8,9862,2005,2918.0,129792.0,0.383772,0.656866,ARG,920210
31729631,8,9862,2006,2554.0,315658.0,0.33055,0.665867,ARG,920210
31729632,8,9862,2007,6586.0,316316.0,0.178214,0.5093850000000001,ARG,920210
31729633,8,9862,2008,1834.0,380916.0,0.278837,0.496784,ARG,920210
31729634,8,9862,2009,3092.0,433942.0,0.27637,0.611129,ARG,920210
31729635,8,9862,2010,6343.0,596384.0,0.27458899999999997,0.597907,ARG,920210
31729636,8,9862,2011,0.0,731020.0,0.240494,0.540376,ARG,920210
31729637,8,9862,2012,6968.0,917807.0,0.149423,0.5191979999999999,ARG,920210
31729638,8,9862,2013,7639.0,950444.0,0.20314300000000002,0.494062,ARG,920210
31729639,8,9862,2014,12856.0,765408.0,0.10691500000000001,0.44860600000000006,ARG,920210
31729640,8,9862,2015,15235.0,872515.0,0.116896,0.30330999999999997,ARG,920210
31729641,8,9862,2016,6248.0,828890.0,-0.132495,0.16353199999999998,ARG,920210
31729642,8,9862,2017,6683.0,985551.0,-0.120753,0.233375,ARG,920210
31729643,8,9862,2018,281.0,685056.0,-0.14316800000000002,0.14356,ARG,920210
31729644,8,9862,2019,16426.0,510070.0,-0.136634,0.127073,ARG,920210
31729645,8,9862,2020,1001.0,353977.0,-0.14746199999999998,0.039795,ARG,920210
31729646,9,9862,1995,,,0.254546,-0.851535,ARM,920210
31729647,9,9862,1996,,,0.8798090000000001,0.05873300000000001,ARM,920210
31729648,9,9862,1997,,,1.178568,0.331529,ARM,920210
31729649,9,9862,1998,,,0.848252,-0.159457,ARM,920210
31729650,9,9862,1999,0.0,269.0,0.6218600000000001,-0.174906,ARM,920210
31729651,9,9862,2000,,,0.857776,-0.020538999999999998,ARM,920210
31729652,9,9862,2001,,,0.834168,0.21458000000000002,ARM,920210
31729653,9,9862,2002,,,0.710274,-0.11309000000000001,ARM,920210
31729654,9,9862,2003,0.0,16761.0,0.497521,-0.305788,ARM,920210
31729655,9,9862,2004,0.0,1622.0,0.661799,-0.140004,ARM,920210
31729656,9,9862,2005,0.0,1055.0,0.435237,-0.436709,ARM,920210
31729657,9,9862,2006,0.0,1171.0,0.14539100000000002,-0.558014,ARM,920210
31729658,9,9862,2007,0.0,1870.0,0.7169,-0.019251,ARM,920210
31729659,9,9862,2008,0.0,1461.0,0.360609,-0.038343,ARM,920210
31729660,9,9862,2009,,,0.24424899999999997,-0.30152399999999996,ARM,920210
31729661,9,9862,2010,0.0,9534.0,0.11632,-0.417048,ARM,920210
31729662,9,9862,2011,0.0,1810.0,0.543397,-0.029376999999999997,ARM,920210
31729663,9,9862,2012,0.0,3487.0,0.49142299999999994,0.033657,ARM,920210
31729664,9,9862,2013,0.0,18805.0,-0.076922,-0.5781390000000001,ARM,920210
31729665,9,9862,2014,0.0,3363.0,-0.198322,-0.5918680000000001,ARM,920210
31729666,9,9862,2015,0.0,9600.0,0.037579,-0.42448800000000003,ARM,920210
31729667,9,9862,2016,0.0,96347.0,-0.044982999999999995,-0.518007,ARM,920210
31729668,9,9862,2017,0.0,28930.0,-0.23846799999999999,-0.658774,ARM,920210
31729669,9,9862,2018,0.0,22808.0,-0.330516,-0.604744,ARM,920210
31729670,9,9862,2019,0.0,15079.0,-0.203986,-0.667607,ARM,920210
31729671,9,9862,2020,0.0,5750.0,-0.129502,-0.671068,ARM,920210
31729672,10,9862,1995,,,,,ASM,920210
31729673,10,9862,1996,,,,,ASM,920210
31729674,10,9862,1997,,,,,ASM,920210
31729675,10,9862,1998,,,,,ASM,920210
31729676,10,9862,1999,,,,,ASM,920210
31729677,10,9862,2000,,,1.142464,0.18513,ASM,920210
31729678,10,9862,2001,,,1.343164,0.15453,ASM,920210
31729679,10,9862,2002,,,1.207516,0.092848,ASM,920210
31729680,10,9862,2003,,,1.0088139999999999,0.096969,ASM,920210
31729681,10,9862,2004,0.0,3883.0,1.022895,0.395402,ASM,920210
31729682,10,9862,2005,,,1.448552,0.425875,ASM,920210
31729683,10,9862,2006,,,0.766232,-0.35907,ASM,920210
31729684,10,9862,2007,,,0.8147989999999999,-0.217887,ASM,920210
31729685,10,9862,2008,,,0.671995,-0.161012,ASM,920210
31729686,10,9862,2009,,,0.989991,0.109608,ASM,920210
31729687,10,9862,2010,,,0.966701,0.006139,ASM,920210
31729688,10,9862,2011,,,0.683813,-0.147767,ASM,920210
31729689,10,9862,2012,,,0.96986,-0.246709,ASM,920210
31729690,10,9862,2013,7796.0,0.0,0.686489,-0.251618,ASM,920210
31729691,10,9862,2014,,,0.795219,-0.217498,ASM,920210
31729692,10,9862,2015,,,0.9878959999999999,-0.0613,ASM,920210
31729693,10,9862,2016,,,0.43456300000000003,-0.48827,ASM,920210
31729694,10,9862,2017,,,0.8844139999999999,-0.13786199999999998,ASM,920210
31729695,10,9862,2018,,,1.01754,-0.340514,ASM,920210
31729696,10,9862,2019,,,1.121876,0.061064999999999994,ASM,920210
31729697,10,9862,2020,,,1.135613,-0.247052,ASM,920210
31729698,11,9862,1995,,,,,ATA,920210
31729699,11,9862,1996,,,,,ATA,920210
31729700,11,9862,1997,,,,,ATA,920210
31729701,11,9862,1998,,,,,ATA,920210
31729702,11,9862,1999,,,,,ATA,920210
31729703,11,9862,2000,,,1.690604,-0.541395,ATA,920210
31729704,11,9862,2001,,,0.025889,-0.822216,ATA,920210
31729705,11,9862,2002,,,1.281658,-0.717151,ATA,920210
31729706,11,9862,2003,,,1.654827,-0.57998,ATA,920210
31729707,11,9862,2004,,,1.6855529999999999,-0.639636,ATA,920210
31729708,11,9862,2005,,,1.886624,-0.598132,ATA,920210
31729709,11,9862,2006,,,1.8180889999999998,-0.380529,ATA,920210
31729710,11,9862,2007,,,1.760301,-0.5213770000000001,ATA,920210
31729711,11,9862,2008,,,1.011391,-0.54108,ATA,920210
31729712,11,9862,2009,,,2.014378,-0.596029,ATA,920210
31729713,11,9862,2010,,,1.337233,0.166186,ATA,920210
31729714,11,9862,2011,,,1.3527360000000002,-0.459545,ATA,920210
31729715,11,9862,2012,,,0.756587,-0.419392,ATA,920210
31729716,11,9862,2013,,,0.542668,-0.645867,ATA,920210
31729717,11,9862,2014,,,1.3498370000000002,-0.197062,ATA,920210
31729718,11,9862,2015,,,1.3470309999999999,-0.277438,ATA,920210
31729719,11,9862,2016,,,1.353034,-0.511497,ATA,920210
31729720,11,9862,2017,,,1.794645,-0.356097,ATA,920210
31729721,11,9862,2018,,,1.348992,-0.53395,ATA,920210
31729722,11,9862,2019,,,1.444007,-0.373372,ATA,920210
31729723,11,9862,2020,,,1.05679,-0.5454140000000001,ATA,920210
31729724,12,9862,1995,,,-0.36803,-0.726442,ATF,920210
31729725,12,9862,1996,,,0.9111940000000001,-0.643588,ATF,920210
31729726,12,9862,1997,,,0.675261,-0.765744,ATF,920210
31729727,12,9862,1998,,,-1.9908700000000001,-0.820471,ATF,920210
31729728,12,9862,1999,,,2.225379,-0.7499819999999999,ATF,920210
31729729,12,9862,2000,,,1.753868,-0.78946,ATF,920210
31729730,12,9862,2001,,,0.859619,-0.755081,ATF,920210
31729731,12,9862,2002,,,1.532758,-0.491439,ATF,920210
31729732,12,9862,2003,,,1.062357,-0.433928,ATF,920210
31729733,12,9862,2004,,,0.8093670000000001,-0.576628,ATF,920210
31729734,12,9862,2005,,,0.173228,-0.701575,ATF,920210
31729735,12,9862,2006,,,0.610775,-0.616283,ATF,920210
31729736,12,9862,2007,,,0.748167,-0.42723900000000004,ATF,920210
31729737,12,9862,2008,,,-0.038752999999999996,-0.7738079999999999,ATF,920210
31729738,12,9862,2009,,,-0.129751,-0.8515290000000001,ATF,920210
31729739,12,9862,2010,,,0.45676300000000003,-0.75267,ATF,920210
31729740,12,9862,2011,,,1.307333,-0.426333,ATF,920210
31729741,12,9862,2012,,,0.783496,-0.519922,ATF,920210
31729742,12,9862,2013,,,0.308415,-0.683897,ATF,920210
31729743,12,9862,2014,,,0.8714149999999999,-0.652,ATF,920210
31729744,12,9862,2015,,,0.7385430000000001,-0.6156,ATF,920210
31729745,12,9862,2016,,,0.589661,-0.733125,ATF,920210
31729746,12,9862,2017,,,0.439795,-0.78242,ATF,920210
31729747,12,9862,2018,,,1.144196,-0.618788,ATF,920210
31729748,12,9862,2019,,,1.100273,-0.637684,ATF,920210
31729749,12,9862,2020,,,0.46278100000000005,-0.782172,ATF,920210
31729750,13,9862,1995,,,-0.06877,-0.550291,ATG,920210
31729751,13,9862,1996,,,0.408319,-0.21640700000000002,ATG,920210
31729752,13,9862,1997,,,0.510371,-0.314213,ATG,920210
31729753,13,9862,1998,,,0.441453,-0.238813,ATG,920210
31729754,13,9862,1999,0.0,1303.0,0.6179140000000001,0.156854,ATG,920210
31729755,13,9862,2000,,,0.329016,-0.510285,ATG,920210
31729756,13,9862,2001,,,-0.036838,-0.6593600000000001,ATG,920210
31729757,13,9862,2002,,,0.958779,-0.56295,ATG,920210
31729758,13,9862,2003,0.0,3570.0,0.014283,-0.564587,ATG,920210
31729759,13,9862,2004,,,0.257288,-0.645794,ATG,920210
31729760,13,9862,2005,0.0,1435.0,-0.31409000000000004,-0.728541,ATG,920210
31729761,13,9862,2006,0.0,12989.0,-0.139051,-0.780321,ATG,920210
31729762,13,9862,2007,,,0.5574899999999999,-0.125609,ATG,920210
31729763,13,9862,2008,,,1.041425,0.198248,ATG,920210
31729764,13,9862,2009,1155.0,0.0,0.930903,0.279441,ATG,920210
31729765,13,9862,2010,22048.0,1179.0,1.2153129999999999,0.955838,ATG,920210
31729766,13,9862,2011,,,0.257238,-0.275891,ATG,920210
31729767,13,9862,2012,,,0.8666520000000001,1.1798549999999999,ATG,920210
31729768,13,9862,2013,,,0.096563,-0.60577,ATG,920210
31729769,13,9862,2014,,,0.169764,-0.621576,ATG,920210
31729770,13,9862,2015,0.0,3091.0,0.43318,-0.552045,ATG,920210
31729771,13,9862,2016,1109.0,0.0,0.19935999999999998,-0.538471,ATG,920210
31729772,13,9862,2017,0.0,6447.0,0.42561099999999996,-0.42671099999999995,ATG,920210
31729773,13,9862,2018,0.0,1949.0,0.08520499999999999,-0.630757,ATG,920210
31729774,13,9862,2019,0.0,11538.0,0.391831,-0.723957,ATG,920210
31729775,13,9862,2020,,,-0.210313,-0.811104,ATG,920210
31729776,14,9862,1995,151801.0,928624.0,0.44442,0.789292,AUS,920210
31729777,14,9862,1996,37517.0,1589321.0,0.369697,0.78069,AUS,920210
31729778,14,9862,1997,48590.0,1998197.0,0.428555,0.798283,AUS,920210
31729779,14,9862,1998,407417.0,1447073.0,0.375317,0.8864629999999999,AUS,920210
31729780,14,9862,1999,157424.0,1171107.0,0.357101,0.8857879999999999,AUS,920210
31729781,14,9862,2000,154106.0,1259948.0,0.279804,0.9355540000000001,AUS,920210
31729782,14,9862,2001,127971.0,1137599.0,0.29463,0.772375,AUS,920210
31729783,14,9862,2002,96848.0,1351216.0,0.231386,0.771628,AUS,920210
31729784,14,9862,2003,66208.0,1563906.0,0.316879,0.9409489999999999,AUS,920210
31729785,14,9862,2004,87494.0,1634682.0,0.196641,0.8139460000000001,AUS,920210
31729786,14,9862,2005,109230.0,1931949.0,0.18443099999999998,0.489043,AUS,920210
31729787,14,9862,2006,91983.0,2303481.0,0.067166,0.373148,AUS,920210
31729788,14,9862,2007,197923.0,1988163.0,0.137686,0.451592,AUS,920210
31729789,14,9862,2008,665484.0,3271610.0,-0.171801,-0.012588,AUS,920210
31729790,14,9862,2009,630478.0,2210132.0,-0.109286,0.13586900000000002,AUS,920210
31729791,14,9862,2010,634292.0,2707619.0,-0.276442,0.062023,AUS,920210
31729792,14,9862,2011,475220.0,3230901.0,-0.138148,0.002999,AUS,920210
31729793,14,9862,2012,492014.0,3274296.0,-0.352742,-0.145405,AUS,920210
31729794,14,9862,2013,131121.0,2740457.0,-0.31145700000000004,-0.167628,AUS,920210
31729795,14,9862,2014,438650.0,2570789.0,-0.398273,-0.17128,AUS,920210
31729796,14,9862,2015,124524.0,3033336.0,-0.292325,-0.043489,AUS,920210
31729797,14,9862,2016,159522.0,2578618.0,-0.25955300000000003,0.0011070000000000001,AUS,920210
31729798,14,9862,2017,96550.0,2785658.0,-0.42427200000000004,-0.152921,AUS,920210
31729799,14,9862,2018,78049.0,3274272.0,-0.29687199999999997,-0.123116,AUS,920210
31729800,14,9862,2019,102255.0,3354947.0,-0.294558,-0.180198,AUS,920210
31729801,14,9862,2020,166399.0,3226208.0,-0.32910500000000004,-0.232963,AUS,920210
31729802,15,9862,1995,122625.0,401452.0,2.000295,0.661255,AUT,920210
31729803,15,9862,1996,169726.0,276156.0,1.9216669999999998,0.659388,AUT,920210
31729804,15,9862,1997,132507.0,276905.0,1.8926189999999998,0.624346,AUT,920210
31729805,15,9862,1998,89312.0,483026.0,1.891966,0.508137,AUT,920210
31729806,15,9862,1999,117514.0,535759.0,1.836804,0.744312,AUT,920210
31729807,15,9862,2000,219099.0,203720.0,1.842429,0.464405,AUT,920210
31729808,15,9862,2001,209906.0,252703.0,1.8571650000000002,0.603191,AUT,920210
31729809,15,9862,2002,167323.0,299996.0,1.8651200000000001,0.48423900000000003,AUT,920210
31729810,15,9862,2003,279500.0,661855.0,1.834977,0.408096,AUT,920210
31729811,15,9862,2004,872833.0,684609.0,1.825391,0.40553,AUT,920210
31729812,15,9862,2005,717949.0,1127506.0,1.808359,0.148177,AUT,920210
31729813,15,9862,2006,4315317.0,467038.0,1.775669,0.192717,AUT,920210
31729814,15,9862,2007,1113051.0,523396.0,1.730088,-0.045543,AUT,920210
31729815,15,9862,2008,1272494.0,2488176.0,1.634816,-0.078419,AUT,920210
31729816,15,9862,2009,881462.0,587811.0,1.651325,-0.020794,AUT,920210
31729817,15,9862,2010,1046195.0,497910.0,1.724315,-0.29379099999999997,AUT,920210
31729818,15,9862,2011,4761280.0,1496618.0,1.687634,-0.229095,AUT,920210
31729819,15,9862,2012,8457843.0,1621760.0,1.6092870000000001,-0.29859,AUT,920210
31729820,15,9862,2013,2382752.0,881658.0,1.7209240000000001,-0.286892,AUT,920210
31729821,15,9862,2014,755741.0,417213.0,1.7116790000000002,-0.140232,AUT,920210
31729822,15,9862,2015,1241599.0,1961801.0,1.747098,-0.08026699999999999,AUT,920210
31729823,15,9862,2016,963892.0,1998319.0,1.759363,0.127262,AUT,920210
31729824,15,9862,2017,912952.0,2709285.0,1.728623,-0.031045999999999997,AUT,920210
31729825,15,9862,2018,1209926.0,955209.0,1.774488,-0.21117800000000003,AUT,920210
31729826,15,9862,2019,1289706.0,9465387.0,1.743927,-0.076778,AUT,920210
31729827,15,9862,2020,854071.0,6329197.0,1.6711310000000001,0.059096,AUT,920210
31729828,16,9862,1995,,,-0.084566,-0.839039,AZE,920210
31729829,16,9862,1996,,,0.500442,-0.280796,AZE,920210
31729830,16,9862,1997,,,0.290957,-0.18282,AZE,920210
31729831,16,9862,1998,,,0.344571,-0.321203,AZE,920210
31729832,16,9862,1999,,,-0.076295,-0.742161,AZE,920210
31729833,16,9862,2000,,,-0.08565700000000001,-0.726073,AZE,920210
31729834,16,9862,2001,0.0,64228.0,-0.6731090000000001,-1.037922,AZE,920210
31729835,16,9862,2002,705.0,0.0,-0.41282299999999994,-0.967931,AZE,920210
31729836,16,9862,2003,,,-0.304606,-0.975453,AZE,920210
31729837,16,9862,2004,,,-0.393221,-0.9494440000000001,AZE,920210
31729838,16,9862,2005,1488.0,0.0,-0.272611,-0.9508709999999999,AZE,920210
31729839,16,9862,2006,,,-0.521304,-1.035764,AZE,920210
31729840,16,9862,2007,1282.0,0.0,-0.897342,-1.174224,AZE,920210
31729841,16,9862,2008,0.0,10488.0,-0.7143109999999999,-1.114747,AZE,920210
31729842,16,9862,2009,0.0,16864.0,-1.124423,-1.228081,AZE,920210
31729843,16,9862,2010,0.0,21884.0,-1.048424,-1.2030370000000001,AZE,920210
31729844,16,9862,2011,0.0,16898.0,-1.313136,-1.189989,AZE,920210
31729845,16,9862,2012,0.0,11974.0,-0.827783,-1.158852,AZE,920210
31729846,16,9862,2013,0.0,16749.0,-0.9232870000000001,-1.165928,AZE,920210
31729847,16,9862,2014,0.0,14848.0,-0.909508,-1.165158,AZE,920210
31729848,16,9862,2015,0.0,2917.0,-0.983347,-1.231542,AZE,920210
31729849,16,9862,2016,0.0,16135.0,-0.909744,-1.180449,AZE,920210
31729850,16,9862,2017,0.0,22425.0,-1.022455,-1.199225,AZE,920210
31729851,16,9862,2018,0.0,949650.0,-1.144089,-1.224327,AZE,920210
31729852,16,9862,2019,724.0,9190.0,-1.005636,-1.2094209999999999,AZE,920210
31729853,16,9862,2020,1102.0,1156.0,-1.142366,-1.2529190000000001,AZE,920210
31729854,17,9862,1995,,,-1.435347,-0.9015,BDI,920210
31729855,17,9862,1996,,,-0.955951,-0.8721180000000001,BDI,920210
31729856,17,9862,1997,,,-1.118475,-0.881657,BDI,920210
31729857,17,9862,1998,,,-1.0261360000000002,-0.872906,BDI,920210
31729858,17,9862,1999,,,-1.601732,-1.003119,BDI,920210
31729859,17,9862,2000,,,-1.262913,-0.923889,BDI,920210
31729860,17,9862,2001,,,-0.554955,-0.755333,BDI,920210
31729861,17,9862,2002,,,-0.333602,-0.648837,BDI,920210
31729862,17,9862,2003,,,-0.550138,-0.759304,BDI,920210
31729863,17,9862,2004,,,-0.939393,-0.919969,BDI,920210
31729864,17,9862,2005,,,-0.7587,-0.820622,BDI,920210
31729865,17,9862,2006,0.0,2313.0,-0.033711,-0.48450600000000005,BDI,920210
31729866,17,9862,2007,,,-0.33884899999999996,-0.661017,BDI,920210
31729867,17,9862,2008,,,-0.313815,-0.539678,BDI,920210
31729868,17,9862,2009,,,-0.43971099999999996,-0.575079,BDI,920210
31729869,17,9862,2010,,,-0.922883,-0.748675,BDI,920210
31729870,17,9862,2011,,,-0.8287049999999999,-0.774558,BDI,920210
31729871,17,9862,2012,0.0,6996.0,-0.346028,-1.021892,BDI,920210
31729872,17,9862,2013,0.0,3150.0,-0.824903,-0.906436,BDI,920210
31729873,17,9862,2014,1883.0,2155.0,-0.242256,-0.8567879999999999,BDI,920210
31729874,17,9862,2015,0.0,1019.0,-0.993318,-1.031194,BDI,920210
31729875,17,9862,2016,0.0,14525.0,-1.0141229999999999,-0.908808,BDI,920210
31729876,17,9862,2017,0.0,10008.0,-0.637985,-1.051277,BDI,920210
31729877,17,9862,2018,0.0,6269.0,-0.654964,-0.9683229999999999,BDI,920210
31729878,17,9862,2019,0.0,873.0,-0.689117,-0.9027209999999999,BDI,920210
31729879,17,9862,2020,,,-0.748203,-0.874817,BDI,920210
31729880,18,9862,1995,76632.0,231133.0,1.615588,1.394102,BEL,920210
31729881,18,9862,1996,182200.0,458706.0,1.549312,1.273767,BEL,920210
31729882,18,9862,1997,364392.0,414427.0,1.4274069999999999,1.490435,BEL,920210
31729883,18,9862,1998,320117.0,395596.0,1.4740739999999999,1.2530430000000001,BEL,920210
31729884,18,9862,1999,374071.0,410923.0,1.512061,1.253478,BEL,920210
31729885,18,9862,2000,330711.0,617395.0,1.403838,1.349607,BEL,920210
31729886,18,9862,2001,595372.0,498700.0,1.4328370000000001,1.408495,BEL,920210
31729887,18,9862,2002,626440.0,665850.0,1.4097469999999999,1.440169,BEL,920210
31729888,18,9862,2003,1093993.0,1000163.0,1.361682,1.39536,BEL,920210
31729889,18,9862,2004,1043788.0,1121091.0,1.350911,1.408209,BEL,920210
31729890,18,9862,2005,1516592.0,1278500.0,1.275296,1.345063,BEL,920210
31729891,18,9862,2006,1127792.0,1445964.0,1.2222540000000002,1.383027,BEL,920210
31729892,18,9862,2007,1314943.0,1618086.0,1.2880479999999999,1.145724,BEL,920210
31729893,18,9862,2008,2923120.0,3700759.0,1.297416,0.9716549999999999,BEL,920210
31729894,18,9862,2009,1158243.0,1451240.0,1.272011,1.074548,BEL,920210
31729895,18,9862,2010,889185.0,1210643.0,1.2224270000000002,1.1276,BEL,920210
31729896,18,9862,2011,963867.0,2139833.0,1.221703,1.247961,BEL,920210
31729897,18,9862,2012,1147034.0,1377596.0,1.107155,1.448274,BEL,920210
31729898,18,9862,2013,1196190.0,1732846.0,1.316207,0.972601,BEL,920210
31729899,18,9862,2014,1348055.0,1681645.0,1.234156,1.226441,BEL,920210
31729900,18,9862,2015,1105743.0,1762624.0,1.329866,1.100641,BEL,920210
31729901,18,9862,2016,1418813.0,1440077.0,1.3102610000000001,1.214573,BEL,920210
31729902,18,9862,2017,1291634.0,2126126.0,1.292657,1.19571,BEL,920210
31729903,18,9862,2018,1008831.0,1489133.0,1.270641,1.201063,BEL,920210
31729904,18,9862,2019,841427.0,1323786.0,1.2555969999999999,1.168642,BEL,920210
31729905,18,9862,2020,718767.0,1382598.0,1.204632,1.278346,BEL,920210
31729906,19,9862,1995,,,-1.142708,-0.9045280000000001,BEN,920210
31729907,19,9862,1996,0.0,1173.0,-1.0032729999999999,-0.794779,BEN,920210
31729908,19,9862,1997,,,-1.1300780000000001,-0.938398,BEN,920210
31729909,19,9862,1998,,,-0.8198,-0.8584780000000001,BEN,920210
31729910,19,9862,1999,,,-1.033831,-0.858941,BEN,920210
31729911,19,9862,2000,,,-0.9513729999999999,-0.806106,BEN,920210
31729912,19,9862,2001,,,-1.09233,-0.8276969999999999,BEN,920210
31729913,19,9862,2002,,,-0.724829,-0.705625,BEN,920210
31729914,19,9862,2003,,,-1.150888,-0.956203,BEN,920210
31729915,19,9862,2004,0.0,3189.0,-1.299345,-0.9871260000000001,BEN,920210
31729916,19,9862,2005,,,-0.7930510000000001,-0.798868,BEN,920210
31729917,19,9862,2006,,,-0.8434360000000001,-0.798307,BEN,920210
31729918,19,9862,2007,,,-1.055882,-0.880178,BEN,920210
31729919,19,9862,2008,,,-1.171101,-0.9600569999999999,BEN,920210
31729920,19,9862,2009,,,-0.93195,-0.813017,BEN,920210
31729921,19,9862,2010,,,-1.0660120000000002,-0.9961190000000001,BEN,920210
31729922,19,9862,2011,0.0,2756.0,-1.189478,-0.8684709999999999,BEN,920210
31729923,19,9862,2012,0.0,2057.0,-0.981576,-0.9708200000000001,BEN,920210
31729924,19,9862,2013,,,-0.919968,-0.90691,BEN,920210
31729925,19,9862,2014,0.0,80131.0,-0.342225,-0.618789,BEN,920210
31729926,19,9862,2015,,,-0.5641470000000001,-0.8971020000000001,BEN,920210
31729927,19,9862,2016,0.0,1036.0,-0.971123,-0.801574,BEN,920210
31729928,19,9862,2017,,,-0.755027,-0.796864,BEN,920210
31729929,19,9862,2018,0.0,3026.0,-0.646475,-0.769808,BEN,920210
31729930,19,9862,2019,,,-0.861242,-0.8837440000000001,BEN,920210
31729931,19,9862,2020,,,-0.467344,-0.686191,BEN,920210
31729932,20,9862,1995,,,,,BES,920210
31729933,20,9862,1996,,,,,BES,920210
31729934,20,9862,1997,,,,,BES,920210
31729935,20,9862,1998,,,,,BES,920210
31729936,20,9862,1999,,,,,BES,920210
31729937,20,9862,2000,,,,,BES,920210
31729938,20,9862,2001,,,,,BES,920210
31729939,20,9862,2002,,,,,BES,920210
31729940,20,9862,2003,,,,,BES,920210
31729941,20,9862,2004,,,,,BES,920210
31729942,20,9862,2005,,,,,BES,920210
31729943,20,9862,2006,,,,,BES,920210
31729944,20,9862,2007,,,,,BES,920210
31729945,20,9862,2008,,,,,BES,920210
31729946,20,9862,2009,,,,,BES,920210
31729947,20,9862,2010,,,,,BES,920210
31729948,20,9862,2011,,,2.97261,-0.659454,BES,920210
31729949,20,9862,2012,,,2.314816,-0.677359,BES,920210
31729950,20,9862,2013,,,1.6446889999999998,-0.481741,BES,920210
31729951,20,9862,2014,,,-0.18363,-0.7995760000000001,BES,920210
31729952,20,9862,2015,,,1.036306,-0.715777,BES,920210
31729953,20,9862,2016,,,0.427425,-0.8977280000000001,BES,920210
31729954,20,9862,2017,,,1.1776659999999999,-0.748922,BES,920210
31729955,20,9862,2018,,,0.952758,-0.631328,BES,920210
31729956,20,9862,2019,,,0.41463500000000003,-0.899409,BES,920210
31729957,20,9862,2020,,,0.653039,-0.6295270000000001,BES,920210
31729958,21,9862,1995,0.0,5770.0,-0.695354,-0.902185,BFA,920210
31729959,21,9862,1996,,,-0.680996,-0.863442,BFA,920210
31729960,21,9862,1997,,,-0.204096,-0.731299,BFA,920210
31729961,21,9862,1998,,,-0.535488,-0.900509,BFA,920210
31729962,21,9862,1999,,,-0.386471,-0.7413109999999999,BFA,920210
31729963,21,9862,2000,,,-0.020397,-0.32743,BFA,920210
31729964,21,9862,2001,,,-0.291485,-0.20803000000000002,BFA,920210
31729965,21,9862,2002,,,-0.477813,-0.647148,BFA,920210
31729966,21,9862,2003,,,-0.9365690000000001,-0.9699409999999999,BFA,920210
31729967,21,9862,2004,,,-1.000801,-1.00024,BFA,920210
31729968,21,9862,2005,,,-1.193629,-1.031656,BFA,920210
31729969,21,9862,2006,,,-0.9432020000000001,-0.969247,BFA,920210
31729970,21,9862,2007,,,-0.960893,-0.94458,BFA,920210
31729971,21,9862,2008,,,-1.076309,-1.012701,BFA,920210
31729972,21,9862,2009,,,-1.283807,-1.061272,BFA,920210
31729973,21,9862,2010,,,-0.625747,-0.700651,BFA,920210
31729974,21,9862,2011,,,-1.163278,-1.002332,BFA,920210
31729975,21,9862,2012,,,-0.662994,-0.738795,BFA,920210
31729976,21,9862,2013,,,-0.9110360000000001,-0.852492,BFA,920210
31729977,21,9862,2014,,,-0.922401,-0.9554379999999999,BFA,920210
31729978,21,9862,2015,,,-1.085359,-1.034365,BFA,920210
31729979,21,9862,2016,,,-1.0885790000000002,-1.027005,BFA,920210
31729980,21,9862,2017,,,-1.100802,-1.0632110000000001,BFA,920210
31729981,21,9862,2018,,,-0.8835200000000001,-0.9790620000000001,BFA,920210
31729982,21,9862,2019,,,-0.805181,-0.941847,BFA,920210
31729983,21,9862,2020,,,-0.7634310000000001,-0.938997,BFA,920210
31729984,22,9862,1995,0.0,2561.0,-1.037175,-0.983195,BGD,920210
31729985,22,9862,1996,,,-1.060876,-1.05104,BGD,920210
31729986,22,9862,1997,0.0,1069.0,-1.027777,-1.048214,BGD,920210
31729987,22,9862,1998,1680.0,0.0,-1.130729,-1.001385,BGD,920210
31729988,22,9862,1999,0.0,50424.0,-1.258857,-1.140375,BGD,920210
31729989,22,9862,2000,,,-1.037212,-0.964965,BGD,920210
31729990,22,9862,2001,0.0,10339.0,-1.0406739999999999,-1.010108,BGD,920210
31729991,22,9862,2002,,,-1.134933,-1.061633,BGD,920210
31729992,22,9862,2003,0.0,1050.0,-1.168404,-1.035782,BGD,920210
31729993,22,9862,2004,,,-1.150444,-0.885333,BGD,920210
31729994,22,9862,2005,0.0,10593.0,-1.083754,-0.817738,BGD,920210
31729995,22,9862,2006,0.0,7462.0,-1.0305309999999999,-0.80937,BGD,920210
31729996,22,9862,2007,0.0,14447.0,-0.9436469999999999,-0.7200310000000001,BGD,920210
31729997,22,9862,2008,0.0,14462.0,-0.852774,-0.766779,BGD,920210
31729998,22,9862,2009,0.0,2321.0,-1.030722,-0.860137,BGD,920210
