2519999,104,81,8887,2008,150223.0,23583.0,0.26694,2.926023,IND,GBR,842310
2520000,106,81,8887,2008,646223.0,2982855.0,1.693858,0.221425,IRL,GBR,842310
2520001,107,81,8887,2008,0.0,69634.0,-0.9776469999999999,-1.054475,IRN,GBR,842310
2520002,108,81,8887,2008,0.0,6860.0,-1.6604189999999999,-0.886959,IRQ,GBR,842310
2520003,109,81,8887,2008,6262.0,70566.0,0.26969899999999997,-0.29915,ISL,GBR,842310
2520004,110,81,8887,2008,0.0,14456.0,1.169192,0.797136,ISR,GBR,842310
2520005,111,81,8887,2008,35209.0,326752.0,1.308777,0.361523,ITA,GBR,842310
2520006,113,81,8887,2008,0.0,32836.0,0.255463,0.45844799999999997,JOR,GBR,842310
2520007,114,81,8887,2008,440130.0,10918.0,2.285056,0.036255,JPN,GBR,842310
2520008,116,81,8887,2008,0.0,16007.0,-0.284528,0.9378610000000001,KEN,GBR,842310
2520009,121,81,8887,2008,408859.0,0.0,1.491687,0.814692,KOR,GBR,842310
2520010,122,81,8887,2008,0.0,56376.0,-1.401297,-1.142945,KWT,GBR,842310
2520011,124,81,8887,2008,0.0,9857.0,0.46133100000000005,1.4598149999999999,LBN,GBR,842310
2520012,126,81,8887,2008,5876.0,0.0,-1.156353,-1.133716,LBY,GBR,842310
2520013,128,81,8887,2008,0.0,17825.0,-0.48245200000000005,0.295892,LKA,GBR,842310
2520014,130,81,8887,2008,0.0,10150.0,0.59033,0.961408,LTU,GBR,842310
2520015,131,81,8887,2008,6315.0,3941.0,1.39945,1.003857,LUX,GBR,842310
2520016,132,81,8887,2008,0.0,2504.0,0.655489,1.0811540000000002,LVA,GBR,842310
2520017,134,81,8887,2008,0.0,48710.0,-0.505734,-0.000516,MAR,GBR,842310
2520018,142,81,8887,2008,0.0,9965.0,1.015716,-0.065673,MLT,GBR,842310
2520019,151,81,8887,2008,0.0,3745.0,-0.337563,-0.144226,MUS,GBR,842310
2520020,152,81,8887,2008,0.0,1182.0,-1.387548,-1.184696,MWI,GBR,842310
2520021,153,81,8887,2008,0.0,1387.0,0.793395,0.6141939999999999,MYS,GBR,842310
2520022,159,81,8887,2008,0.0,89100.0,-1.9809139999999998,-1.189201,NGA,GBR,842310
2520023,160,81,8887,2008,0.0,4651.0,-0.869193,-0.676623,NIC,GBR,842310
2520024,162,81,8887,2008,114173.0,811091.0,1.139475,1.385316,NLD,GBR,842310
2520025,163,81,8887,2008,5557.0,216405.0,0.911428,-0.019318000000000002,NOR,GBR,842310
2520026,166,81,8887,2008,0.0,107174.0,0.513416,0.753058,NZL,GBR,842310
2520027,167,81,8887,2008,0.0,17158.0,-0.635199,-1.027136,OMN,GBR,842310
2520028,168,81,8887,2008,0.0,14457.0,-0.401588,0.500668,PAK,GBR,842310
2520029,174,81,8887,2008,0.0,4745.0,0.276488,-0.02957,PHL,GBR,842310
2520030,177,81,8887,2008,0.0,29281.0,1.037287,1.244457,POL,GBR,842310
2520031,179,81,8887,2008,0.0,84579.0,0.64135,2.1946939999999997,PRT,GBR,842310
2520032,183,81,8887,2008,0.0,60500.0,-0.36390900000000004,-1.0045549999999999,QAT,GBR,842310
2520033,185,81,8887,2008,0.0,8898.0,0.784924,1.235527,ROU,GBR,842310
2520034,186,81,8887,2008,7046.0,51210.0,0.559059,-0.00886,RUS,GBR,842310
2520035,187,81,8887,2008,0.0,868.0,-0.770307,-0.650779,RWA,GBR,842310
2520036,188,81,8887,2008,0.0,197843.0,-0.09849400000000001,-0.8998309999999999,SAU,GBR,842310
2520037,192,81,8887,2008,135785.0,33161.0,1.844543,0.5947020000000001,SGP,GBR,842310
2520038,196,81,8887,2008,0.0,5068.0,0.086769,-0.22002800000000003,SLE,GBR,842310
2520039,201,81,8887,2008,0.0,7940.0,0.615147,1.484149,SRB,GBR,842310
2520040,206,81,8887,2008,0.0,6462.0,1.3402040000000002,0.8038770000000001,SVK,GBR,842310
2520041,207,81,8887,2008,0.0,17803.0,1.5099209999999998,0.683663,SVN,GBR,842310
2520042,208,81,8887,2008,7845.0,276660.0,1.866575,0.44342700000000007,SWE,GBR,842310
2520043,209,81,8887,2008,0.0,23771.0,0.761506,0.29043,SWZ,GBR,842310
2520044,211,81,8887,2008,0.0,6248.0,0.29189699999999996,-0.47472600000000004,SYC,GBR,842310
2520045,212,81,8887,2008,0.0,6628.0,-0.365789,0.877383,SYR,GBR,842310
2520046,223,81,8887,2008,0.0,9779.0,0.084141,0.676248,TUN,GBR,842310
2520047,224,81,8887,2008,28764.0,315759.0,0.44478,2.186881,TUR,GBR,842310
2520048,226,81,8887,2008,0.0,3778.0,-0.755692,0.8751690000000001,TZA,GBR,842310
2520049,227,81,8887,2008,0.0,12648.0,-0.653885,-0.035455,UGA,GBR,842310
2520050,228,81,8887,2008,0.0,171986.0,0.59355,0.764415,UKR,GBR,842310
2520051,230,81,8887,2008,0.0,1174.0,0.376164,0.049387,URY,GBR,842310
2520052,231,81,8887,2008,589332.0,753899.0,1.584278,-0.209788,USA,GBR,842310
2520053,239,81,8887,2008,0.0,869.0,-0.207083,1.1323370000000001,VNM,GBR,842310
2520054,246,81,8887,2008,0.0,90590.0,0.22551500000000002,1.185506,ZAF,GBR,842310
2520055,247,81,8887,2008,0.0,17409.0,-0.798489,-0.9437639999999999,ZMB,GBR,842310
2520056,249,81,8887,2008,281977.0,26944.0,1.611693,0.93875,TWN,GBR,842310
2520057,4,90,8887,2008,0.0,8165.0,-0.252894,-0.0071400000000000005,ALB,GRC,842310
2520058,7,90,8887,2008,8454.0,0.0,-0.276433,-0.692392,ARE,GRC,842310
2520059,15,90,8887,2008,39615.0,12380.0,1.634816,-0.078419,AUT,GRC,842310
2520060,18,90,8887,2008,437622.0,0.0,1.297416,0.9716549999999999,BEL,GRC,842310
2520061,23,90,8887,2008,1986.0,16004.0,0.44409,1.575399,BGR,GRC,842310
2520062,43,90,8887,2008,1301865.0,0.0,0.929285,1.8917259999999998,CHN,GRC,842310
2520063,58,90,8887,2008,45857.0,45966.0,1.003211,0.712629,CYP,GRC,842310
2520064,59,90,8887,2008,10866.0,0.0,1.592035,0.27983600000000003,CZE,GRC,842310
2520065,61,90,8887,2008,1537368.0,15314.0,2.007167,-3.256961,DEU,GRC,842310
2520066,71,90,8887,2008,23869.0,0.0,0.8755649999999999,2.122164,ESP,GRC,842310
2520067,77,90,8887,2008,551966.0,0.0,1.487702,-0.223965,FRA,GRC,842310
2520068,81,90,8887,2008,51360.0,0.0,1.7586119999999998,0.061214,GBR,GRC,842310
2520069,97,90,8887,2008,16019.0,0.0,0.74435,2.149616,HKG,GRC,842310
2520070,102,90,8887,2008,72724.0,0.0,1.3358299999999999,0.8177770000000001,HUN,GRC,842310
2520071,103,90,8887,2008,674966.0,0.0,-0.11154000000000001,1.4879850000000001,IDN,GRC,842310
2520072,104,90,8887,2008,15463.0,0.0,0.26694,2.926023,IND,GRC,842310
2520073,111,90,8887,2008,657110.0,9506.0,1.308777,0.361523,ITA,GRC,842310
2520074,140,90,8887,2008,0.0,15373.0,-0.090639,-0.137401,MKD,GRC,842310
2520075,162,90,8887,2008,13931.0,0.0,1.139475,1.385316,NLD,GRC,842310
2520076,201,90,8887,2008,0.0,5857.0,0.615147,1.484149,SRB,GRC,842310
2520077,224,90,8887,2008,1856.0,0.0,0.44478,2.186881,TUR,GRC,842310
2520078,231,90,8887,2008,47878.0,0.0,1.584278,-0.209788,USA,GRC,842310
2520079,18,93,8887,2008,820.0,0.0,1.297416,0.9716549999999999,BEL,GTM,842310
2520080,43,93,8887,2008,166634.0,0.0,0.929285,1.8917259999999998,CHN,GTM,842310
2520081,61,93,8887,2008,3156.0,0.0,2.007167,-3.256961,DEU,GTM,842310
2520082,64,93,8887,2008,6227.0,0.0,1.165294,1.1112440000000001,DNK,GTM,842310
2520083,97,93,8887,2008,36267.0,0.0,0.74435,2.149616,HKG,GTM,842310
2520084,138,93,8887,2008,3338.0,1821.0,0.9833639999999999,0.7687069999999999,MEX,GTM,842310
2520085,162,93,8887,2008,766.0,0.0,1.139475,1.385316,NLD,GTM,842310
2520086,169,93,8887,2008,5661.0,4465.0,0.470854,0.960075,PAN,GTM,842310
2520087,197,93,8887,2008,6830.0,19408.0,-0.028986,0.369501,SLV,GTM,842310
2520088,231,93,8887,2008,209637.0,0.0,1.584278,-0.209788,USA,GTM,842310
2520089,43,96,8887,2008,28182.0,0.0,0.929285,1.8917259999999998,CHN,GUY,842310
2520090,61,96,8887,2008,2255.0,0.0,2.007167,-3.256961,DEU,GUY,842310
2520091,81,96,8887,2008,6255.0,0.0,1.7586119999999998,0.061214,GBR,GUY,842310
2520092,169,96,8887,2008,2448.0,0.0,0.470854,0.960075,PAN,GUY,842310
2520093,231,96,8887,2008,50061.0,0.0,1.584278,-0.209788,USA,GUY,842310
2520094,6,97,8887,2008,0.0,2626.0,0.31099,-0.536718,ANT,HKG,842310
2520095,7,97,8887,2008,0.0,117221.0,-0.276433,-0.692392,ARE,HKG,842310
2520096,8,97,8887,2008,0.0,47156.0,0.278837,0.496784,ARG,HKG,842310
2520097,14,97,8887,2008,0.0,1171337.0,-0.171801,-0.012588,AUS,HKG,842310
2520098,15,97,8887,2008,0.0,7739.0,1.634816,-0.078419,AUT,HKG,842310
2520099,18,97,8887,2008,1855.0,110015.0,1.297416,0.9716549999999999,BEL,HKG,842310
2520100,21,97,8887,2008,0.0,4792.0,-1.076309,-1.012701,BFA,HKG,842310
2520101,22,97,8887,2008,0.0,45624.0,-0.852774,-0.766779,BGD,HKG,842310
2520102,23,97,8887,2008,0.0,1796.0,0.44409,1.575399,BGR,HKG,842310
2520103,32,97,8887,2008,0.0,545085.0,0.444687,0.904332,BRA,HKG,842310
2520104,34,97,8887,2008,0.0,2950.0,-1.7609099999999998,-0.8835959999999999,BRN,HKG,842310
2520105,39,97,8887,2008,0.0,136450.0,0.684659,1.085312,CAN,HKG,842310
2520106,41,97,8887,2008,0.0,97645.0,1.978404,0.368694,CHE,HKG,842310
2520107,42,97,8887,2008,0.0,14700.0,-0.293985,-0.349554,CHL,HKG,842310
2520108,43,97,8887,2008,11528682.0,36806.0,0.929285,1.8917259999999998,CHN,HKG,842310
2520109,45,97,8887,2008,0.0,4191.0,-1.143808,-1.0725,CMR,HKG,842310
2520110,49,97,8887,2008,0.0,45050.0,0.19505699999999998,0.566189,COL,HKG,842310
2520111,52,97,8887,2008,0.0,1301.0,0.023962,-0.346029,CRI,HKG,842310
2520112,58,97,8887,2008,0.0,25889.0,1.003211,0.712629,CYP,HKG,842310
2520113,59,97,8887,2008,0.0,63004.0,1.592035,0.27983600000000003,CZE,HKG,842310
2520114,61,97,8887,2008,711111.0,1187194.0,2.007167,-3.256961,DEU,HKG,842310
2520115,64,97,8887,2008,0.0,504260.0,1.165294,1.1112440000000001,DNK,HKG,842310
2520116,65,97,8887,2008,0.0,8554.0,-0.167958,0.241283,DOM,HKG,842310
2520117,66,97,8887,2008,0.0,8778.0,-0.556434,-1.079109,DZA,HKG,842310
2520118,67,97,8887,2008,0.0,8538.0,-0.859434,-0.972389,ECU,HKG,842310
2520119,71,97,8887,2008,16287.0,207509.0,0.8755649999999999,2.122164,ESP,HKG,842310
2520120,72,97,8887,2008,0.0,15995.0,0.749696,1.5173940000000001,EST,HKG,842310
2520121,74,97,8887,2008,0.0,92281.0,1.767859,0.846409,FIN,HKG,842310
2520122,75,97,8887,2008,0.0,7412.0,-0.756592,-0.27005,FJI,HKG,842310
2520123,77,97,8887,2008,1830443.0,931522.0,1.487702,-0.223965,FRA,HKG,842310
2520124,81,97,8887,2008,75409.0,2511227.0,1.7586119999999998,0.061214,GBR,HKG,842310
2520125,90,97,8887,2008,0.0,16019.0,0.33272399999999996,1.758188,GRC,HKG,842310
2520126,92,97,8887,2008,0.0,342.0,-0.669996,-0.909798,GRL,HKG,842310
2520127,93,97,8887,2008,0.0,36267.0,-0.271973,0.720486,GTM,HKG,842310
2520128,100,97,8887,2008,0.0,2900.0,0.874459,1.075102,HRV,HKG,842310
2520129,102,97,8887,2008,0.0,184141.0,1.3358299999999999,0.8177770000000001,HUN,HKG,842310
2520130,103,97,8887,2008,1478.0,448064.0,-0.11154000000000001,1.4879850000000001,IDN,HKG,842310
2520131,104,97,8887,2008,0.0,71080.0,0.26694,2.926023,IND,HKG,842310
2520132,106,97,8887,2008,0.0,150004.0,1.693858,0.221425,IRL,HKG,842310
2520133,107,97,8887,2008,0.0,147821.0,-0.9776469999999999,-1.054475,IRN,HKG,842310
2520134,110,97,8887,2008,3482.0,142846.0,1.169192,0.797136,ISR,HKG,842310
2520135,111,97,8887,2008,7365.0,220525.0,1.308777,0.361523,ITA,HKG,842310
2520136,113,97,8887,2008,0.0,15928.0,0.255463,0.45844799999999997,JOR,HKG,842310
2520137,114,97,8887,2008,192461.0,4732860.0,2.285056,0.036255,JPN,HKG,842310
2520138,116,97,8887,2008,0.0,1377.0,-0.284528,0.9378610000000001,KEN,HKG,842310
2520139,121,97,8887,2008,30770.0,263708.0,1.491687,0.814692,KOR,HKG,842310
2520140,122,97,8887,2008,0.0,23499.0,-1.401297,-1.142945,KWT,HKG,842310
2520141,124,97,8887,2008,0.0,14588.0,0.46133100000000005,1.4598149999999999,LBN,HKG,842310
2520142,128,97,8887,2008,3724.0,2918.0,-0.48245200000000005,0.295892,LKA,HKG,842310
2520143,130,97,8887,2008,0.0,15730.0,0.59033,0.961408,LTU,HKG,842310
2520144,133,97,8887,2008,7105.0,35402.0,0.352633,0.219317,MAC,HKG,842310
2520145,134,97,8887,2008,0.0,10745.0,-0.505734,-0.000516,MAR,HKG,842310
2520146,137,97,8887,2008,0.0,980.0,0.037203,-0.718439,MDV,HKG,842310
2520147,138,97,8887,2008,0.0,82237.0,0.9833639999999999,0.7687069999999999,MEX,HKG,842310
2520148,141,97,8887,2008,0.0,5097.0,-0.274267,-0.51084,MLI,HKG,842310
2520149,153,97,8887,2008,0.0,180848.0,0.793395,0.6141939999999999,MYS,HKG,842310
2520150,159,97,8887,2008,0.0,40444.0,-1.9809139999999998,-1.189201,NGA,HKG,842310
2520151,162,97,8887,2008,0.0,4967848.0,1.139475,1.385316,NLD,HKG,842310
2520152,163,97,8887,2008,0.0,70047.0,0.911428,-0.019318000000000002,NOR,HKG,842310
2520153,166,97,8887,2008,3030.0,30620.0,0.513416,0.753058,NZL,HKG,842310
2520154,168,97,8887,2008,0.0,13437.0,-0.401588,0.500668,PAK,HKG,842310
2520155,169,97,8887,2008,0.0,23595.0,0.470854,0.960075,PAN,HKG,842310
2520156,173,97,8887,2008,0.0,3018.0,-0.518126,0.17193599999999998,PER,HKG,842310
2520157,174,97,8887,2008,3337.0,127452.0,0.276488,-0.02957,PHL,HKG,842310
2520158,176,97,8887,2008,0.0,2665.0,-1.6771330000000002,-1.18528,PNG,HKG,842310
2520159,177,97,8887,2008,0.0,33560.0,1.037287,1.244457,POL,HKG,842310
2520160,183,97,8887,2008,0.0,17224.0,-0.36390900000000004,-1.0045549999999999,QAT,HKG,842310
2520161,185,97,8887,2008,0.0,5317.0,0.784924,1.235527,ROU,HKG,842310
2520162,186,97,8887,2008,0.0,188708.0,0.559059,-0.00886,RUS,HKG,842310
2520163,188,97,8887,2008,0.0,107097.0,-0.09849400000000001,-0.8998309999999999,SAU,HKG,842310
2520164,192,97,8887,2008,20552.0,451075.0,1.844543,0.5947020000000001,SGP,HKG,842310
2520165,201,97,8887,2008,0.0,1670.0,0.615147,1.484149,SRB,HKG,842310
2520166,205,97,8887,2008,0.0,9274.0,-0.766178,-0.8888,SUR,HKG,842310
2520167,206,97,8887,2008,0.0,137013.0,1.3402040000000002,0.8038770000000001,SVK,HKG,842310
2520168,207,97,8887,2008,0.0,29175.0,1.5099209999999998,0.683663,SVN,HKG,842310
2520169,208,97,8887,2008,0.0,887963.0,1.866575,0.44342700000000007,SWE,HKG,842310
2520170,216,97,8887,2008,0.0,98597.0,0.7531399999999999,1.4420620000000002,THA,HKG,842310
2520171,222,97,8887,2008,0.0,8320.0,-0.44752600000000003,-1.060906,TTO,HKG,842310
2520172,224,97,8887,2008,32210.0,18796.0,0.44478,2.186881,TUR,HKG,842310
2520173,228,97,8887,2008,0.0,79125.0,0.59355,0.764415,UKR,HKG,842310
2520174,230,97,8887,2008,0.0,19320.0,0.376164,0.049387,URY,HKG,842310
2520175,231,97,8887,2008,403023.0,2209597.0,1.584278,-0.209788,USA,HKG,842310
2520176,236,97,8887,2008,0.0,57512.0,-0.442996,-1.0439969999999998,VEN,HKG,842310
2520177,239,97,8887,2008,46879.0,25544.0,-0.207083,1.1323370000000001,VNM,HKG,842310
2520178,246,97,8887,2008,0.0,210091.0,0.22551500000000002,1.185506,ZAF,HKG,842310
2520179,247,97,8887,2008,0.0,10925.0,-0.798489,-0.9437639999999999,ZMB,HKG,842310
2520180,248,97,8887,2008,0.0,2453.0,-0.377992,-0.577244,ZWE,HKG,842310
2520181,249,97,8887,2008,117823.0,973873.0,1.611693,0.93875,TWN,HKG,842310
2520182,250,97,8887,2008,0.0,18691.0,0.547909,-0.5303640000000001,ANS,HKG,842310
2520183,7,102,8887,2008,0.0,5506.0,-0.276433,-0.692392,ARE,HUN,842310
2520184,9,102,8887,2008,0.0,1510.0,0.360609,-0.038343,ARM,HUN,842310
2520185,15,102,8887,2008,67856.0,42211.0,1.634816,-0.078419,AUT,HUN,842310
2520186,18,102,8887,2008,18099.0,0.0,1.297416,0.9716549999999999,BEL,HUN,842310
2520187,23,102,8887,2008,0.0,221401.0,0.44409,1.575399,BGR,HUN,842310
2520188,26,102,8887,2008,0.0,32647.0,0.480256,0.810361,BIH,HUN,842310
2520189,28,102,8887,2008,0.0,3912.0,0.9869,0.38977399999999995,BLR,HUN,842310
2520190,39,102,8887,2008,0.0,183392.0,0.684659,1.085312,CAN,HUN,842310
2520191,41,102,8887,2008,0.0,4705.0,1.978404,0.368694,CHE,HUN,842310
2520192,43,102,8887,2008,1165804.0,0.0,0.929285,1.8917259999999998,CHN,HUN,842310
2520193,59,102,8887,2008,127079.0,435578.0,1.592035,0.27983600000000003,CZE,HUN,842310
2520194,61,102,8887,2008,1572772.0,174106.0,2.007167,-3.256961,DEU,HUN,842310
2520195,65,102,8887,2008,0.0,1806.0,-0.167958,0.241283,DOM,HUN,842310
2520196,71,102,8887,2008,24427.0,109433.0,0.8755649999999999,2.122164,ESP,HUN,842310
2520197,72,102,8887,2008,0.0,1472.0,0.749696,1.5173940000000001,EST,HUN,842310
2520198,73,102,8887,2008,0.0,543.0,-1.0084629999999999,-0.83993,ETH,HUN,842310
2520199,74,102,8887,2008,0.0,47302.0,1.767859,0.846409,FIN,HUN,842310
2520200,77,102,8887,2008,909889.0,165217.0,1.487702,-0.223965,FRA,HUN,842310
2520201,81,102,8887,2008,15523.0,0.0,1.7586119999999998,0.061214,GBR,HUN,842310
2520202,90,102,8887,2008,0.0,72724.0,0.33272399999999996,1.758188,GRC,HUN,842310
2520203,97,102,8887,2008,184141.0,0.0,0.74435,2.149616,HKG,HUN,842310
2520204,100,102,8887,2008,0.0,320524.0,0.874459,1.075102,HRV,HUN,842310
2520205,103,102,8887,2008,370907.0,0.0,-0.11154000000000001,1.4879850000000001,IDN,HUN,842310
2520206,107,102,8887,2008,0.0,8000.0,-0.9776469999999999,-1.054475,IRN,HUN,842310
2520207,109,102,8887,2008,0.0,1261.0,0.26969899999999997,-0.29915,ISL,HUN,842310
2520208,111,102,8887,2008,45550.0,525838.0,1.308777,0.361523,ITA,HUN,842310
2520209,115,102,8887,2008,0.0,2554.0,-0.43055200000000005,-0.6852590000000001,KAZ,HUN,842310
2520210,121,102,8887,2008,3869.0,0.0,1.491687,0.814692,KOR,HUN,842310
2520211,122,102,8887,2008,0.0,7250.0,-1.401297,-1.142945,KWT,HUN,842310
2520212,130,102,8887,2008,0.0,15111.0,0.59033,0.961408,LTU,HUN,842310
2520213,131,102,8887,2008,0.0,15612.0,1.39945,1.003857,LUX,HUN,842310
2520214,132,102,8887,2008,0.0,28106.0,0.655489,1.0811540000000002,LVA,HUN,842310
2520215,134,102,8887,2008,0.0,1323.0,-0.505734,-0.000516,MAR,HUN,842310
2520216,135,102,8887,2008,0.0,11199.0,0.096913,-0.095718,MDA,HUN,842310
2520217,138,102,8887,2008,0.0,20261.0,0.9833639999999999,0.7687069999999999,MEX,HUN,842310
2520218,140,102,8887,2008,0.0,26460.0,-0.090639,-0.137401,MKD,HUN,842310
2520219,144,102,8887,2008,0.0,12981.0,0.321434,-0.168212,MNE,HUN,842310
2520220,147,102,8887,2008,0.0,18363.0,-0.982727,-0.8361219999999999,MOZ,HUN,842310
2520221,156,102,8887,2008,0.0,73.0,-0.21304099999999998,-0.8147300000000001,NCL,HUN,842310
2520222,162,102,8887,2008,74366.0,168566.0,1.139475,1.385316,NLD,HUN,842310
2520223,163,102,8887,2008,0.0,24714.0,0.911428,-0.019318000000000002,NOR,HUN,842310
2520224,177,102,8887,2008,78683.0,116648.0,1.037287,1.244457,POL,HUN,842310
2520225,182,102,8887,2008,0.0,280.0,-0.255879,-0.714841,PYF,HUN,842310
2520226,185,102,8887,2008,19005.0,411901.0,0.784924,1.235527,ROU,HUN,842310
2520227,186,102,8887,2008,0.0,204926.0,0.559059,-0.00886,RUS,HUN,842310
2520228,191,102,8887,2008,0.0,609.0,-0.478024,-0.313199,SEN,HUN,842310
2520229,201,102,8887,2008,0.0,67518.0,0.615147,1.484149,SRB,HUN,842310
2520230,206,102,8887,2008,85081.0,171368.0,1.3402040000000002,0.8038770000000001,SVK,HUN,842310
2520231,207,102,8887,2008,21443.0,218810.0,1.5099209999999998,0.683663,SVN,HUN,842310
2520232,208,102,8887,2008,0.0,93654.0,1.866575,0.44342700000000007,SWE,HUN,842310
2520233,223,102,8887,2008,0.0,1275.0,0.084141,0.676248,TUN,HUN,842310
2520234,224,102,8887,2008,4914.0,0.0,0.44478,2.186881,TUR,HUN,842310
2520235,228,102,8887,2008,0.0,59346.0,0.59355,0.764415,UKR,HUN,842310
2520236,231,102,8887,2008,71470.0,8575.0,1.584278,-0.209788,USA,HUN,842310
2520237,246,102,8887,2008,0.0,31764.0,0.22551500000000002,1.185506,ZAF,HUN,842310
2520238,7,103,8887,2008,7416.0,1967.0,-0.276433,-0.692392,ARE,IDN,842310
2520239,14,103,8887,2008,0.0,1094.0,-0.171801,-0.012588,AUS,IDN,842310
2520240,15,103,8887,2008,0.0,43164.0,1.634816,-0.078419,AUT,IDN,842310
2520241,18,103,8887,2008,0.0,2753478.0,1.297416,0.9716549999999999,BEL,IDN,842310
2520242,22,103,8887,2008,0.0,59862.0,-0.852774,-0.766779,BGD,IDN,842310
2520243,32,103,8887,2008,906.0,0.0,0.444687,0.904332,BRA,IDN,842310
2520244,43,103,8887,2008,2597653.0,1079.0,0.929285,1.8917259999999998,CHN,IDN,842310
2520245,58,103,8887,2008,0.0,74301.0,1.003211,0.712629,CYP,IDN,842310
2520246,59,103,8887,2008,0.0,229001.0,1.592035,0.27983600000000003,CZE,IDN,842310
2520247,61,103,8887,2008,96113.0,1408082.0,2.007167,-3.256961,DEU,IDN,842310
2520248,64,103,8887,2008,0.0,188861.0,1.165294,1.1112440000000001,DNK,IDN,842310
2520249,66,103,8887,2008,0.0,15856.0,-0.556434,-1.079109,DZA,IDN,842310
2520250,71,103,8887,2008,0.0,84606.0,0.8755649999999999,2.122164,ESP,IDN,842310
2520251,72,103,8887,2008,0.0,9078.0,0.749696,1.5173940000000001,EST,IDN,842310
2520252,74,103,8887,2008,0.0,38590.0,1.767859,0.846409,FIN,IDN,842310
2520253,77,103,8887,2008,0.0,137338.0,1.487702,-0.223965,FRA,IDN,842310
2520254,81,103,8887,2008,0.0,848965.0,1.7586119999999998,0.061214,GBR,IDN,842310
2520255,90,103,8887,2008,0.0,674966.0,0.33272399999999996,1.758188,GRC,IDN,842310
2520256,97,103,8887,2008,448064.0,1478.0,0.74435,2.149616,HKG,IDN,842310
2520257,102,103,8887,2008,0.0,370907.0,1.3358299999999999,0.8177770000000001,HUN,IDN,842310
2520258,104,103,8887,2008,33424.0,0.0,0.26694,2.926023,IND,IDN,842310
2520259,106,103,8887,2008,0.0,351509.0,1.693858,0.221425,IRL,IDN,842310
2520260,111,103,8887,2008,1255.0,0.0,1.308777,0.361523,ITA,IDN,842310
2520261,113,103,8887,2008,0.0,1030.0,0.255463,0.45844799999999997,JOR,IDN,842310
2520262,114,103,8887,2008,72704.0,6246.0,2.285056,0.036255,JPN,IDN,842310
2520263,116,103,8887,2008,0.0,591.0,-0.284528,0.9378610000000001,KEN,IDN,842310
2520264,121,103,8887,2008,22720.0,0.0,1.491687,0.814692,KOR,IDN,842310
2520265,128,103,8887,2008,0.0,6420.0,-0.48245200000000005,0.295892,LKA,IDN,842310
2520266,130,103,8887,2008,0.0,67896.0,0.59033,0.961408,LTU,IDN,842310
2520267,132,103,8887,2008,0.0,18654.0,0.655489,1.0811540000000002,LVA,IDN,842310
2520268,153,103,8887,2008,1593.0,10104.0,0.793395,0.6141939999999999,MYS,IDN,842310
2520269,163,103,8887,2008,0.0,171868.0,0.911428,-0.019318000000000002,NOR,IDN,842310
2520270,177,103,8887,2008,0.0,1115459.0,1.037287,1.244457,POL,IDN,842310
2520271,179,103,8887,2008,0.0,332654.0,0.64135,2.1946939999999997,PRT,IDN,842310
2520272,183,103,8887,2008,0.0,3503.0,-0.36390900000000004,-1.0045549999999999,QAT,IDN,842310
2520273,192,103,8887,2008,324518.0,10732199.0,1.844543,0.5947020000000001,SGP,IDN,842310
2520274,208,103,8887,2008,0.0,381400.0,1.866575,0.44342700000000007,SWE,IDN,842310
2520275,216,103,8887,2008,2367.0,0.0,0.7531399999999999,1.4420620000000002,THA,IDN,842310
2520276,224,103,8887,2008,0.0,1059.0,0.44478,2.186881,TUR,IDN,842310
2520277,228,103,8887,2008,0.0,816343.0,0.59355,0.764415,UKR,IDN,842310
2520278,231,103,8887,2008,63331.0,66968.0,1.584278,-0.209788,USA,IDN,842310
2520279,239,103,8887,2008,105497.0,0.0,-0.207083,1.1323370000000001,VNM,IDN,842310
2520280,249,103,8887,2008,19852.0,0.0,1.611693,0.93875,TWN,IDN,842310
2520281,7,104,8887,2008,2682.0,26227.0,-0.276433,-0.692392,ARE,IND,842310
2520282,18,104,8887,2008,0.0,3419.0,1.297416,0.9716549999999999,BEL,IND,842310
2520283,21,104,8887,2008,0.0,1466.0,-1.076309,-1.012701,BFA,IND,842310
2520284,22,104,8887,2008,0.0,89741.0,-0.852774,-0.766779,BGD,IND,842310
2520285,24,104,8887,2008,0.0,4617.0,0.335334,-0.81372,BHR,IND,842310
2520286,31,104,8887,2008,0.0,1167.0,-0.852975,-0.88041,BOL,IND,842310
2520287,35,104,8887,2008,0.0,2506.0,-0.465287,-0.84941,BTN,IND,842310
2520288,43,104,8887,2008,1640275.0,2428.0,0.929285,1.8917259999999998,CHN,IND,842310
2520289,61,104,8887,2008,159182.0,11829.0,2.007167,-3.256961,DEU,IND,842310
2520290,62,104,8887,2008,0.0,32806.0,-1.082951,-0.958676,DJI,IND,842310
2520291,64,104,8887,2008,1947.0,0.0,1.165294,1.1112440000000001,DNK,IND,842310
2520292,69,104,8887,2008,0.0,6825.0,0.129938,-0.429551,ERI,IND,842310
2520293,73,104,8887,2008,0.0,9867.0,-1.0084629999999999,-0.83993,ETH,IND,842310
2520294,75,104,8887,2008,0.0,2062.0,-0.756592,-0.27005,FJI,IND,842310
2520295,77,104,8887,2008,3821.0,4541.0,1.487702,-0.223965,FRA,IND,842310
2520296,81,104,8887,2008,23583.0,150223.0,1.7586119999999998,0.061214,GBR,IND,842310
2520297,83,104,8887,2008,0.0,1210.0,-0.9339360000000001,-0.701724,GHA,IND,842310
2520298,85,104,8887,2008,0.0,4862.0,-1.530997,-1.171231,GIN,IND,842310
2520299,90,104,8887,2008,0.0,15463.0,0.33272399999999996,1.758188,GRC,IND,842310
2520300,97,104,8887,2008,71080.0,0.0,0.74435,2.149616,HKG,IND,842310
2520301,103,104,8887,2008,0.0,33424.0,-0.11154000000000001,1.4879850000000001,IDN,IND,842310
2520302,111,104,8887,2008,7654.0,8867.0,1.308777,0.361523,ITA,IND,842310
2520303,114,104,8887,2008,12799.0,0.0,2.285056,0.036255,JPN,IND,842310
2520304,116,104,8887,2008,0.0,344959.0,-0.284528,0.9378610000000001,KEN,IND,842310
2520305,117,104,8887,2008,0.0,143249.0,-0.287826,-0.11858699999999998,KGZ,IND,842310
2520306,121,104,8887,2008,221920.0,0.0,1.491687,0.814692,KOR,IND,842310
2520307,122,104,8887,2008,0.0,8142.0,-1.401297,-1.142945,KWT,IND,842310
2520308,147,104,8887,2008,0.0,10121.0,-0.982727,-0.8361219999999999,MOZ,IND,842310
2520309,151,104,8887,2008,0.0,2462.0,-0.337563,-0.144226,MUS,IND,842310
2520310,152,104,8887,2008,0.0,10597.0,-1.387548,-1.184696,MWI,IND,842310
2520311,153,104,8887,2008,4444.0,20904.0,0.793395,0.6141939999999999,MYS,IND,842310
2520312,157,104,8887,2008,0.0,1136.0,-0.677687,-0.75195,NER,IND,842310
2520313,159,104,8887,2008,0.0,1423.0,-1.9809139999999998,-1.189201,NGA,IND,842310
2520314,160,104,8887,2008,0.0,3029.0,-0.869193,-0.676623,NIC,IND,842310
2520315,162,104,8887,2008,10414.0,0.0,1.139475,1.385316,NLD,IND,842310
2520316,164,104,8887,2008,0.0,43057.0,-0.130718,0.59102,NPL,IND,842310
2520317,167,104,8887,2008,0.0,3358.0,-0.635199,-1.027136,OMN,IND,842310
2520318,174,104,8887,2008,0.0,12464.0,0.276488,-0.02957,PHL,IND,842310
2520319,177,104,8887,2008,5117.0,0.0,1.037287,1.244457,POL,IND,842310
2520320,179,104,8887,2008,0.0,2455.0,0.64135,2.1946939999999997,PRT,IND,842310
2520321,187,104,8887,2008,0.0,1376.0,-0.770307,-0.650779,RWA,IND,842310
2520322,188,104,8887,2008,0.0,2157.0,-0.09849400000000001,-0.8998309999999999,SAU,IND,842310
2520323,190,104,8887,2008,0.0,32071.0,-2.095439,-1.263511,SDN,IND,842310
2520324,191,104,8887,2008,0.0,3592.0,-0.478024,-0.313199,SEN,IND,842310
2520325,192,104,8887,2008,22936.0,2081.0,1.844543,0.5947020000000001,SGP,IND,842310
2520326,197,104,8887,2008,0.0,2091.0,-0.028986,0.369501,SLV,IND,842310
2520327,216,104,8887,2008,0.0,6340.0,0.7531399999999999,1.4420620000000002,THA,IND,842310
2520328,226,104,8887,2008,0.0,30585.0,-0.755692,0.8751690000000001,TZA,IND,842310
2520329,227,104,8887,2008,0.0,4809.0,-0.653885,-0.035455,UGA,IND,842310
2520330,230,104,8887,2008,0.0,3179.0,0.376164,0.049387,URY,IND,842310
2520331,231,104,8887,2008,80447.0,16025.0,1.584278,-0.209788,USA,IND,842310
2520332,246,104,8887,2008,0.0,1181.0,0.22551500000000002,1.185506,ZAF,IND,842310
2520333,247,104,8887,2008,0.0,2804.0,-0.798489,-0.9437639999999999,ZMB,IND,842310
2520334,249,104,8887,2008,13225.0,0.0,1.611693,0.93875,TWN,IND,842310
2520335,250,104,8887,2008,6805.0,0.0,0.547909,-0.5303640000000001,ANS,IND,842310
2520336,14,106,8887,2008,1572.0,0.0,-0.171801,-0.012588,AUS,IRL,842310
2520337,15,106,8887,2008,0.0,1340.0,1.634816,-0.078419,AUT,IRL,842310
2520338,18,106,8887,2008,12003.0,1656.0,1.297416,0.9716549999999999,BEL,IRL,842310
2520339,41,106,8887,2008,10250.0,0.0,1.978404,0.368694,CHE,IRL,842310
2520340,43,106,8887,2008,339802.0,0.0,0.929285,1.8917259999999998,CHN,IRL,842310
2520341,61,106,8887,2008,342833.0,0.0,2.007167,-3.256961,DEU,IRL,842310
2520342,64,106,8887,2008,7605.0,113790.0,1.165294,1.1112440000000001,DNK,IRL,842310
2520343,71,106,8887,2008,1253.0,43564.0,0.8755649999999999,2.122164,ESP,IRL,842310
2520344,73,106,8887,2008,0.0,2491.0,-1.0084629999999999,-0.83993,ETH,IRL,842310
2520345,77,106,8887,2008,8182.0,0.0,1.487702,-0.223965,FRA,IRL,842310
2520346,81,106,8887,2008,2982855.0,646223.0,1.7586119999999998,0.061214,GBR,IRL,842310
2520347,97,106,8887,2008,150004.0,0.0,0.74435,2.149616,HKG,IRL,842310
2520348,103,106,8887,2008,351509.0,0.0,-0.11154000000000001,1.4879850000000001,IDN,IRL,842310
2520349,111,106,8887,2008,1939.0,0.0,1.308777,0.361523,ITA,IRL,842310
2520350,131,106,8887,2008,1035.0,0.0,1.39945,1.003857,LUX,IRL,842310
2520351,162,106,8887,2008,14494.0,0.0,1.139475,1.385316,NLD,IRL,842310
2520352,192,106,8887,2008,6941.0,0.0,1.844543,0.5947020000000001,SGP,IRL,842310
2520353,206,106,8887,2008,0.0,1907.0,1.3402040000000002,0.8038770000000001,SVK,IRL,842310
2520354,230,106,8887,2008,0.0,1018.0,0.376164,0.049387,URY,IRL,842310
2520355,231,106,8887,2008,167690.0,6903.0,1.584278,-0.209788,USA,IRL,842310
2520356,249,106,8887,2008,10515.0,0.0,1.611693,0.93875,TWN,IRL,842310
2520357,14,110,8887,2008,0.0,1216.0,-0.171801,-0.012588,AUS,ISR,842310
2520358,15,110,8887,2008,2914.0,0.0,1.634816,-0.078419,AUT,ISR,842310
2520359,18,110,8887,2008,13513.0,964.0,1.297416,0.9716549999999999,BEL,ISR,842310
2520360,32,110,8887,2008,0.0,824.0,0.444687,0.904332,BRA,ISR,842310
2520361,39,110,8887,2008,0.0,1741.0,0.684659,1.085312,CAN,ISR,842310
2520362,42,110,8887,2008,0.0,2024.0,-0.293985,-0.349554,CHL,ISR,842310
2520363,43,110,8887,2008,1345749.0,0.0,0.929285,1.8917259999999998,CHN,ISR,842310
2520364,59,110,8887,2008,0.0,2400.0,1.592035,0.27983600000000003,CZE,ISR,842310
2520365,61,110,8887,2008,263665.0,126261.0,2.007167,-3.256961,DEU,ISR,842310
2520366,64,110,8887,2008,4896.0,0.0,1.165294,1.1112440000000001,DNK,ISR,842310
2520367,71,110,8887,2008,126914.0,20905.0,0.8755649999999999,2.122164,ESP,ISR,842310
2520368,74,110,8887,2008,0.0,1722.0,1.767859,0.846409,FIN,ISR,842310
2520369,77,110,8887,2008,20626.0,3510.0,1.487702,-0.223965,FRA,ISR,842310
2520370,81,110,8887,2008,14456.0,0.0,1.7586119999999998,0.061214,GBR,ISR,842310
2520371,85,110,8887,2008,0.0,714.0,-1.530997,-1.171231,GIN,ISR,842310
2520372,97,110,8887,2008,142846.0,3482.0,0.74435,2.149616,HKG,ISR,842310
2520373,111,110,8887,2008,7685.0,3778.0,1.308777,0.361523,ITA,ISR,842310
2520374,114,110,8887,2008,17444.0,0.0,2.285056,0.036255,JPN,ISR,842310
2520375,121,110,8887,2008,2293.0,0.0,1.491687,0.814692,KOR,ISR,842310
2520376,162,110,8887,2008,64087.0,1192.0,1.139475,1.385316,NLD,ISR,842310
2520377,177,110,8887,2008,0.0,26409.0,1.037287,1.244457,POL,ISR,842310
2520378,186,110,8887,2008,0.0,2666.0,0.559059,-0.00886,RUS,ISR,842310
2520379,192,110,8887,2008,0.0,1323.0,1.844543,0.5947020000000001,SGP,ISR,842310
2520380,231,110,8887,2008,147381.0,176788.0,1.584278,-0.209788,USA,ISR,842310
2520381,249,110,8887,2008,33140.0,1868.0,1.611693,0.93875,TWN,ISR,842310
2520382,2,111,8887,2008,0.0,3944.0,-2.0318669999999996,-1.149931,AGO,ITA,842310
2520383,4,111,8887,2008,0.0,12515.0,-0.252894,-0.0071400000000000005,ALB,ITA,842310
2520384,7,111,8887,2008,2550.0,58117.0,-0.276433,-0.692392,ARE,ITA,842310
2520385,8,111,8887,2008,15167.0,0.0,0.278837,0.496784,ARG,ITA,842310
2520386,14,111,8887,2008,0.0,5403.0,-0.171801,-0.012588,AUS,ITA,842310
2520387,15,111,8887,2008,224977.0,262014.0,1.634816,-0.078419,AUT,ITA,842310
2520388,18,111,8887,2008,223843.0,97801.0,1.297416,0.9716549999999999,BEL,ITA,842310
2520389,19,111,8887,2008,0.0,1316.0,-1.171101,-0.9600569999999999,BEN,ITA,842310
2520390,23,111,8887,2008,0.0,229464.0,0.44409,1.575399,BGR,ITA,842310
2520391,24,111,8887,2008,0.0,1375.0,0.335334,-0.81372,BHR,ITA,842310
2520392,26,111,8887,2008,0.0,1548.0,0.480256,0.810361,BIH,ITA,842310
2520393,32,111,8887,2008,0.0,3249.0,0.444687,0.904332,BRA,ITA,842310
2520394,39,111,8887,2008,0.0,1824.0,0.684659,1.085312,CAN,ITA,842310
2520395,41,111,8887,2008,42959.0,46530.0,1.978404,0.368694,CHE,ITA,842310
2520396,42,111,8887,2008,0.0,2021.0,-0.293985,-0.349554,CHL,ITA,842310
2520397,43,111,8887,2008,15403402.0,212550.0,0.929285,1.8917259999999998,CHN,ITA,842310
2520398,44,111,8887,2008,0.0,5355.0,-0.9806040000000001,-0.730792,CIV,ITA,842310
2520399,45,111,8887,2008,0.0,7439.0,-1.143808,-1.0725,CMR,ITA,842310
2520400,51,111,8887,2008,0.0,979.0,0.16722,-0.64183,CPV,ITA,842310
2520401,52,111,8887,2008,0.0,1666.0,0.023962,-0.346029,CRI,ITA,842310
2520402,58,111,8887,2008,0.0,20472.0,1.003211,0.712629,CYP,ITA,842310
2520403,59,111,8887,2008,100847.0,27516.0,1.592035,0.27983600000000003,CZE,ITA,842310
2520404,61,111,8887,2008,4990213.0,222010.0,2.007167,-3.256961,DEU,ITA,842310
2520405,64,111,8887,2008,37601.0,6203.0,1.165294,1.1112440000000001,DNK,ITA,842310
2520406,65,111,8887,2008,0.0,2761.0,-0.167958,0.241283,DOM,ITA,842310
2520407,66,111,8887,2008,0.0,13064.0,-0.556434,-1.079109,DZA,ITA,842310
2520408,67,111,8887,2008,0.0,3841.0,-0.859434,-0.972389,ECU,ITA,842310
2520409,68,111,8887,2008,0.0,11765.0,-0.098316,1.134642,EGY,ITA,842310
2520410,71,111,8887,2008,168594.0,833832.0,0.8755649999999999,2.122164,ESP,ITA,842310
2520411,72,111,8887,2008,0.0,8581.0,0.749696,1.5173940000000001,EST,ITA,842310
2520412,73,111,8887,2008,0.0,2657.0,-1.0084629999999999,-0.83993,ETH,ITA,842310
2520413,74,111,8887,2008,3402.0,94194.0,1.767859,0.846409,FIN,ITA,842310
2520414,77,111,8887,2008,5163132.0,697735.0,1.487702,-0.223965,FRA,ITA,842310
2520415,81,111,8887,2008,326752.0,35209.0,1.7586119999999998,0.061214,GBR,ITA,842310
2520416,82,111,8887,2008,0.0,13874.0,-0.355095,-0.660181,GEO,ITA,842310
2520417,83,111,8887,2008,0.0,1066.0,-0.9339360000000001,-0.701724,GHA,ITA,842310
2520418,89,111,8887,2008,0.0,6660.0,-1.059208,-0.843542,GNQ,ITA,842310
2520419,90,111,8887,2008,9506.0,657110.0,0.33272399999999996,1.758188,GRC,ITA,842310
2520420,97,111,8887,2008,220525.0,7365.0,0.74435,2.149616,HKG,ITA,842310
2520421,100,111,8887,2008,0.0,165695.0,0.874459,1.075102,HRV,ITA,842310
2520422,102,111,8887,2008,525838.0,45550.0,1.3358299999999999,0.8177770000000001,HUN,ITA,842310
2520423,103,111,8887,2008,0.0,1255.0,-0.11154000000000001,1.4879850000000001,IDN,ITA,842310
2520424,104,111,8887,2008,8867.0,7654.0,0.26694,2.926023,IND,ITA,842310
2520425,106,111,8887,2008,0.0,1939.0,1.693858,0.221425,IRL,ITA,842310
2520426,110,111,8887,2008,3778.0,7685.0,1.169192,0.797136,ISR,ITA,842310
2520427,113,111,8887,2008,0.0,18422.0,0.255463,0.45844799999999997,JOR,ITA,842310
2520428,114,111,8887,2008,43748.0,64822.0,2.285056,0.036255,JPN,ITA,842310
2520429,115,111,8887,2008,0.0,14363.0,-0.43055200000000005,-0.6852590000000001,KAZ,ITA,842310
2520430,116,111,8887,2008,0.0,3490.0,-0.284528,0.9378610000000001,KEN,ITA,842310
2520431,121,111,8887,2008,184877.0,2232.0,1.491687,0.814692,KOR,ITA,842310
2520432,122,111,8887,2008,0.0,1593.0,-1.401297,-1.142945,KWT,ITA,842310
2520433,124,111,8887,2008,0.0,25315.0,0.46133100000000005,1.4598149999999999,LBN,ITA,842310
2520434,126,111,8887,2008,0.0,19427.0,-1.156353,-1.133716,LBY,ITA,842310
2520435,128,111,8887,2008,0.0,2196.0,-0.48245200000000005,0.295892,LKA,ITA,842310
2520436,130,111,8887,2008,0.0,42691.0,0.59033,0.961408,LTU,ITA,842310
2520437,131,111,8887,2008,4023.0,1189.0,1.39945,1.003857,LUX,ITA,842310
2520438,132,111,8887,2008,0.0,29114.0,0.655489,1.0811540000000002,LVA,ITA,842310
2520439,134,111,8887,2008,0.0,30948.0,-0.505734,-0.000516,MAR,ITA,842310
2520440,135,111,8887,2008,0.0,3290.0,0.096913,-0.095718,MDA,ITA,842310
2520441,137,111,8887,2008,0.0,904.0,0.037203,-0.718439,MDV,ITA,842310
2520442,138,111,8887,2008,0.0,56021.0,0.9833639999999999,0.7687069999999999,MEX,ITA,842310
2520443,142,111,8887,2008,0.0,100477.0,1.015716,-0.065673,MLT,ITA,842310
2520444,144,111,8887,2008,0.0,2177.0,0.321434,-0.168212,MNE,ITA,842310
2520445,145,111,8887,2008,0.0,2958.0,-1.13585,-1.1076190000000001,MNG,ITA,842310
2520446,153,111,8887,2008,0.0,9045.0,0.793395,0.6141939999999999,MYS,ITA,842310
2520447,159,111,8887,2008,0.0,6117.0,-1.9809139999999998,-1.189201,NGA,ITA,842310
2520448,162,111,8887,2008,302499.0,52316.0,1.139475,1.385316,NLD,ITA,842310
2520449,163,111,8887,2008,0.0,44282.0,0.911428,-0.019318000000000002,NOR,ITA,842310
2520450,167,111,8887,2008,0.0,1009.0,-0.635199,-1.027136,OMN,ITA,842310
2520451,168,111,8887,2008,0.0,1343.0,-0.401588,0.500668,PAK,ITA,842310
2520452,174,111,8887,2008,0.0,75922.0,0.276488,-0.02957,PHL,ITA,842310
2520453,177,111,8887,2008,0.0,196319.0,1.037287,1.244457,POL,ITA,842310
2520454,179,111,8887,2008,0.0,186342.0,0.64135,2.1946939999999997,PRT,ITA,842310
2520455,181,111,8887,2008,0.0,823.0,0.19076300000000002,1.019001,PSE,ITA,842310
2520456,183,111,8887,2008,0.0,8545.0,-0.36390900000000004,-1.0045549999999999,QAT,ITA,842310
2520457,185,111,8887,2008,0.0,420365.0,0.784924,1.235527,ROU,ITA,842310
2520458,186,111,8887,2008,0.0,214917.0,0.559059,-0.00886,RUS,ITA,842310
2520459,188,111,8887,2008,0.0,80197.0,-0.09849400000000001,-0.8998309999999999,SAU,ITA,842310
2520460,190,111,8887,2008,0.0,5835.0,-2.095439,-1.263511,SDN,ITA,842310
2520461,191,111,8887,2008,0.0,17236.0,-0.478024,-0.313199,SEN,ITA,842310
2520462,192,111,8887,2008,0.0,18795.0,1.844543,0.5947020000000001,SGP,ITA,842310
2520463,196,111,8887,2008,0.0,3042.0,0.086769,-0.22002800000000003,SLE,ITA,842310
2520464,201,111,8887,2008,0.0,8086.0,0.615147,1.484149,SRB,ITA,842310
2520465,206,111,8887,2008,0.0,17085.0,1.3402040000000002,0.8038770000000001,SVK,ITA,842310
2520466,207,111,8887,2008,60428.0,117491.0,1.5099209999999998,0.683663,SVN,ITA,842310
2520467,208,111,8887,2008,13664.0,10653.0,1.866575,0.44342700000000007,SWE,ITA,842310
2520468,209,111,8887,2008,0.0,4842.0,0.761506,0.29043,SWZ,ITA,842310
2520469,212,111,8887,2008,0.0,2163.0,-0.365789,0.877383,SYR,ITA,842310
2520470,216,111,8887,2008,0.0,2300.0,0.7531399999999999,1.4420620000000002,THA,ITA,842310
2520471,223,111,8887,2008,0.0,12262.0,0.084141,0.676248,TUN,ITA,842310
2520472,224,111,8887,2008,3505.0,4964.0,0.44478,2.186881,TUR,ITA,842310
2520473,227,111,8887,2008,0.0,1686.0,-0.653885,-0.035455,UGA,ITA,842310
2520474,228,111,8887,2008,0.0,73544.0,0.59355,0.764415,UKR,ITA,842310
2520475,231,111,8887,2008,49380.0,225161.0,1.584278,-0.209788,USA,ITA,842310
2520476,236,111,8887,2008,0.0,4845.0,-0.442996,-1.0439969999999998,VEN,ITA,842310
2520477,243,111,8887,2008,0.0,4018.0,-1.227495,-1.191462,YEM,ITA,842310
2520478,246,111,8887,2008,0.0,7006.0,0.22551500000000002,1.185506,ZAF,ITA,842310
2520479,247,111,8887,2008,0.0,1830.0,-0.798489,-0.9437639999999999,ZMB,ITA,842310
2520480,249,111,8887,2008,24724.0,2878.0,1.611693,0.93875,TWN,ITA,842310
2520481,250,111,8887,2008,0.0,9015.0,0.547909,-0.5303640000000001,ANS,ITA,842310
2520482,39,112,8887,2008,1515.0,0.0,0.684659,1.085312,CAN,JAM,842310
2520483,43,112,8887,2008,8656.0,0.0,0.929285,1.8917259999999998,CHN,JAM,842310
2520484,71,112,8887,2008,14638.0,0.0,0.8755649999999999,2.122164,ESP,JAM,842310
2520485,169,112,8887,2008,2853.0,0.0,0.470854,0.960075,PAN,JAM,842310
2520486,231,112,8887,2008,38272.0,0.0,1.584278,-0.209788,USA,JAM,842310
2520487,4,114,8887,2008,0.0,752.0,-0.252894,-0.0071400000000000005,ALB,JPN,842310
2520488,7,114,8887,2008,31812.0,10611.0,-0.276433,-0.692392,ARE,JPN,842310
2520489,14,114,8887,2008,0.0,94296.0,-0.171801,-0.012588,AUS,JPN,842310
2520490,15,114,8887,2008,1267.0,4762.0,1.634816,-0.078419,AUT,JPN,842310
2520491,18,114,8887,2008,0.0,884836.0,1.297416,0.9716549999999999,BEL,JPN,842310
2520492,22,114,8887,2008,0.0,2300.0,-0.852774,-0.766779,BGD,JPN,842310
2520493,24,114,8887,2008,0.0,2773.0,0.335334,-0.81372,BHR,JPN,842310
2520494,32,114,8887,2008,0.0,23120.0,0.444687,0.904332,BRA,JPN,842310
2520495,34,114,8887,2008,0.0,2143.0,-1.7609099999999998,-0.8835959999999999,BRN,JPN,842310
2520496,39,114,8887,2008,0.0,90454.0,0.684659,1.085312,CAN,JPN,842310
2520497,42,114,8887,2008,0.0,5802.0,-0.293985,-0.349554,CHL,JPN,842310
2520498,43,114,8887,2008,20976554.0,131509.0,0.929285,1.8917259999999998,CHN,JPN,842310
2520499,49,114,8887,2008,0.0,2622.0,0.19505699999999998,0.566189,COL,JPN,842310
2520500,52,114,8887,2008,0.0,26493.0,0.023962,-0.346029,CRI,JPN,842310
2520501,59,114,8887,2008,8415.0,13423.0,1.592035,0.27983600000000003,CZE,JPN,842310
2520502,61,114,8887,2008,494722.0,0.0,2.007167,-3.256961,DEU,JPN,842310
2520503,64,114,8887,2008,0.0,9603.0,1.165294,1.1112440000000001,DNK,JPN,842310
2520504,65,114,8887,2008,0.0,3806.0,-0.167958,0.241283,DOM,JPN,842310
2520505,68,114,8887,2008,0.0,11526.0,-0.098316,1.134642,EGY,JPN,842310
2520506,71,114,8887,2008,1829.0,0.0,0.8755649999999999,2.122164,ESP,JPN,842310
2520507,74,114,8887,2008,0.0,2367.0,1.767859,0.846409,FIN,JPN,842310
2520508,77,114,8887,2008,0.0,362115.0,1.487702,-0.223965,FRA,JPN,842310
2520509,81,114,8887,2008,10918.0,440130.0,1.7586119999999998,0.061214,GBR,JPN,842310
2520510,97,114,8887,2008,4732860.0,192461.0,0.74435,2.149616,HKG,JPN,842310
2520511,100,114,8887,2008,0.0,1110.0,0.874459,1.075102,HRV,JPN,842310
2520512,103,114,8887,2008,6246.0,72704.0,-0.11154000000000001,1.4879850000000001,IDN,JPN,842310
2520513,104,114,8887,2008,0.0,12799.0,0.26694,2.926023,IND,JPN,842310
2520514,109,114,8887,2008,0.0,945.0,0.26969899999999997,-0.29915,ISL,JPN,842310
2520515,110,114,8887,2008,0.0,17444.0,1.169192,0.797136,ISR,JPN,842310
2520516,111,114,8887,2008,64822.0,43748.0,1.308777,0.361523,ITA,JPN,842310
2520517,113,114,8887,2008,0.0,3439.0,0.255463,0.45844799999999997,JOR,JPN,842310
2520518,115,114,8887,2008,0.0,2816.0,-0.43055200000000005,-0.6852590000000001,KAZ,JPN,842310
2520519,121,114,8887,2008,25655.0,61136.0,1.491687,0.814692,KOR,JPN,842310
2520520,122,114,8887,2008,0.0,2617.0,-1.401297,-1.142945,KWT,JPN,842310
2520521,124,114,8887,2008,0.0,39385.0,0.46133100000000005,1.4598149999999999,LBN,JPN,842310
2520522,133,114,8887,2008,0.0,5256.0,0.352633,0.219317,MAC,JPN,842310
2520523,134,114,8887,2008,0.0,1046.0,-0.505734,-0.000516,MAR,JPN,842310
2520524,138,114,8887,2008,0.0,16298.0,0.9833639999999999,0.7687069999999999,MEX,JPN,842310
2520525,140,114,8887,2008,0.0,869.0,-0.090639,-0.137401,MKD,JPN,842310
2520526,142,114,8887,2008,0.0,1712.0,1.015716,-0.065673,MLT,JPN,842310
2520527,151,114,8887,2008,0.0,27486.0,-0.337563,-0.144226,MUS,JPN,842310
2520528,153,114,8887,2008,0.0,3583.0,0.793395,0.6141939999999999,MYS,JPN,842310
2520529,160,114,8887,2008,0.0,16031.0,-0.869193,-0.676623,NIC,JPN,842310
2520530,162,114,8887,2008,0.0,1461.0,1.139475,1.385316,NLD,JPN,842310
2520531,163,114,8887,2008,0.0,7953.0,0.911428,-0.019318000000000002,NOR,JPN,842310
2520532,166,114,8887,2008,9962.0,431219.0,0.513416,0.753058,NZL,JPN,842310
2520533,168,114,8887,2008,0.0,2676.0,-0.401588,0.500668,PAK,JPN,842310
2520534,169,114,8887,2008,0.0,5539.0,0.470854,0.960075,PAN,JPN,842310
2520535,174,114,8887,2008,0.0,17369.0,0.276488,-0.02957,PHL,JPN,842310
2520536,177,114,8887,2008,0.0,15995.0,1.037287,1.244457,POL,JPN,842310
2520537,180,114,8887,2008,0.0,583.0,-0.556298,-0.9503780000000001,PRY,JPN,842310
2520538,186,114,8887,2008,0.0,49521.0,0.559059,-0.00886,RUS,JPN,842310
2520539,188,114,8887,2008,0.0,49835.0,-0.09849400000000001,-0.8998309999999999,SAU,JPN,842310
2520540,190,114,8887,2008,0.0,2733.0,-2.095439,-1.263511,SDN,JPN,842310
2520541,192,114,8887,2008,1559.0,15074.0,1.844543,0.5947020000000001,SGP,JPN,842310
2520542,201,114,8887,2008,0.0,472.0,0.615147,1.484149,SRB,JPN,842310
2520543,208,114,8887,2008,0.0,2364.0,1.866575,0.44342700000000007,SWE,JPN,842310
2520544,216,114,8887,2008,0.0,36263.0,0.7531399999999999,1.4420620000000002,THA,JPN,842310
2520545,222,114,8887,2008,0.0,4729.0,-0.44752600000000003,-1.060906,TTO,JPN,842310
2520546,224,114,8887,2008,0.0,3024.0,0.44478,2.186881,TUR,JPN,842310
2520547,231,114,8887,2008,258538.0,3323398.0,1.584278,-0.209788,USA,JPN,842310
2520548,239,114,8887,2008,0.0,6605.0,-0.207083,1.1323370000000001,VNM,JPN,842310
2520549,246,114,8887,2008,0.0,4694.0,0.22551500000000002,1.185506,ZAF,JPN,842310
2520550,249,114,8887,2008,8117.0,34012.0,1.611693,0.93875,TWN,JPN,842310
2520551,4,121,8887,2008,0.0,3789.0,-0.252894,-0.0071400000000000005,ALB,KOR,842310
2520552,7,121,8887,2008,0.0,15286.0,-0.276433,-0.692392,ARE,KOR,842310
2520553,14,121,8887,2008,2597.0,8388.0,-0.171801,-0.012588,AUS,KOR,842310
2520554,18,121,8887,2008,0.0,7578.0,1.297416,0.9716549999999999,BEL,KOR,842310
2520555,23,121,8887,2008,0.0,23368.0,0.44409,1.575399,BGR,KOR,842310
2520556,24,121,8887,2008,0.0,1575.0,0.335334,-0.81372,BHR,KOR,842310
2520557,39,121,8887,2008,0.0,7765.0,0.684659,1.085312,CAN,KOR,842310
2520558,43,121,8887,2008,4998044.0,10702.0,0.929285,1.8917259999999998,CHN,KOR,842310
2520559,52,121,8887,2008,0.0,6560.0,0.023962,-0.346029,CRI,KOR,842310
2520560,59,121,8887,2008,0.0,1086.0,1.592035,0.27983600000000003,CZE,KOR,842310
2520561,61,121,8887,2008,128468.0,9054.0,2.007167,-3.256961,DEU,KOR,842310
2520562,64,121,8887,2008,0.0,2403.0,1.165294,1.1112440000000001,DNK,KOR,842310
2520563,71,121,8887,2008,1272.0,4266.0,0.8755649999999999,2.122164,ESP,KOR,842310
2520564,74,121,8887,2008,951.0,0.0,1.767859,0.846409,FIN,KOR,842310
2520565,81,121,8887,2008,0.0,408859.0,1.7586119999999998,0.061214,GBR,KOR,842310
2520566,85,121,8887,2008,0.0,918.0,-1.530997,-1.171231,GIN,KOR,842310
2520567,97,121,8887,2008,263708.0,30770.0,0.74435,2.149616,HKG,KOR,842310
2520568,100,121,8887,2008,0.0,10670.0,0.874459,1.075102,HRV,KOR,842310
2520569,102,121,8887,2008,0.0,3869.0,1.3358299999999999,0.8177770000000001,HUN,KOR,842310
2520570,103,121,8887,2008,0.0,22720.0,-0.11154000000000001,1.4879850000000001,IDN,KOR,842310
2520571,104,121,8887,2008,0.0,221920.0,0.26694,2.926023,IND,KOR,842310
2520572,109,121,8887,2008,0.0,6511.0,0.26969899999999997,-0.29915,ISL,KOR,842310
2520573,110,121,8887,2008,0.0,2293.0,1.169192,0.797136,ISR,KOR,842310
2520574,111,121,8887,2008,2232.0,184877.0,1.308777,0.361523,ITA,KOR,842310
2520575,114,121,8887,2008,61136.0,25655.0,2.285056,0.036255,JPN,KOR,842310
2520576,122,121,8887,2008,0.0,3555.0,-1.401297,-1.142945,KWT,KOR,842310
2520577,124,121,8887,2008,0.0,41331.0,0.46133100000000005,1.4598149999999999,LBN,KOR,842310
2520578,126,121,8887,2008,0.0,21933.0,-1.156353,-1.133716,LBY,KOR,842310
2520579,132,121,8887,2008,0.0,1064.0,0.655489,1.0811540000000002,LVA,KOR,842310
2520580,138,121,8887,2008,0.0,85788.0,0.9833639999999999,0.7687069999999999,MEX,KOR,842310
2520581,144,121,8887,2008,0.0,4676.0,0.321434,-0.168212,MNE,KOR,842310
2520582,162,121,8887,2008,0.0,13017.0,1.139475,1.385316,NLD,KOR,842310
2520583,163,121,8887,2008,1865.0,3077.0,0.911428,-0.019318000000000002,NOR,KOR,842310
2520584,166,121,8887,2008,0.0,32494.0,0.513416,0.753058,NZL,KOR,842310
2520585,169,121,8887,2008,0.0,21359.0,0.470854,0.960075,PAN,KOR,842310
2520586,174,121,8887,2008,10000.0,2054.0,0.276488,-0.02957,PHL,KOR,842310
2520587,179,121,8887,2008,0.0,6893.0,0.64135,2.1946939999999997,PRT,KOR,842310
2520588,186,121,8887,2008,0.0,17231.0,0.559059,-0.00886,RUS,KOR,842310
2520589,188,121,8887,2008,0.0,12917.0,-0.09849400000000001,-0.8998309999999999,SAU,KOR,842310
2520590,192,121,8887,2008,0.0,2794.0,1.844543,0.5947020000000001,SGP,KOR,842310
2520591,197,121,8887,2008,0.0,979.0,-0.028986,0.369501,SLV,KOR,842310
2520592,201,121,8887,2008,0.0,2475.0,0.615147,1.484149,SRB,KOR,842310
2520593,208,121,8887,2008,1574.0,0.0,1.866575,0.44342700000000007,SWE,KOR,842310
2520594,216,121,8887,2008,0.0,20069.0,0.7531399999999999,1.4420620000000002,THA,KOR,842310
2520595,224,121,8887,2008,0.0,11131.0,0.44478,2.186881,TUR,KOR,842310
2520596,228,121,8887,2008,0.0,24778.0,0.59355,0.764415,UKR,KOR,842310
2520597,231,121,8887,2008,77787.0,8922.0,1.584278,-0.209788,USA,KOR,842310
2520598,239,121,8887,2008,0.0,8464.0,-0.207083,1.1323370000000001,VNM,KOR,842310
2520599,249,121,8887,2008,5427.0,5033.0,1.611693,0.93875,TWN,KOR,842310
2520600,8,138,8887,2008,987.0,0.0,0.278837,0.496784,ARG,MEX,842310
2520601,14,138,8887,2008,9980.0,0.0,-0.171801,-0.012588,AUS,MEX,842310
2520602,18,138,8887,2008,17485.0,0.0,1.297416,0.9716549999999999,BEL,MEX,842310
2520603,39,138,8887,2008,0.0,3023.0,0.684659,1.085312,CAN,MEX,842310
2520604,43,138,8887,2008,1688173.0,0.0,0.929285,1.8917259999999998,CHN,MEX,842310
2520605,52,138,8887,2008,1543.0,0.0,0.023962,-0.346029,CRI,MEX,842310
2520606,59,138,8887,2008,27967.0,0.0,1.592035,0.27983600000000003,CZE,MEX,842310
2520607,61,138,8887,2008,388312.0,0.0,2.007167,-3.256961,DEU,MEX,842310
2520608,65,138,8887,2008,0.0,4181.0,-0.167958,0.241283,DOM,MEX,842310
2520609,67,138,8887,2008,0.0,3189.0,-0.859434,-0.972389,ECU,MEX,842310
2520610,71,138,8887,2008,1280868.0,0.0,0.8755649999999999,2.122164,ESP,MEX,842310
2520611,77,138,8887,2008,29787.0,0.0,1.487702,-0.223965,FRA,MEX,842310
2520612,93,138,8887,2008,1821.0,3338.0,-0.271973,0.720486,GTM,MEX,842310
2520613,97,138,8887,2008,82237.0,0.0,0.74435,2.149616,HKG,MEX,842310
2520614,102,138,8887,2008,20261.0,0.0,1.3358299999999999,0.8177770000000001,HUN,MEX,842310
2520615,111,138,8887,2008,56021.0,0.0,1.308777,0.361523,ITA,MEX,842310
2520616,114,138,8887,2008,16298.0,0.0,2.285056,0.036255,JPN,MEX,842310
2520617,121,138,8887,2008,85788.0,0.0,1.491687,0.814692,KOR,MEX,842310
2520618,124,138,8887,2008,0.0,9394.0,0.46133100000000005,1.4598149999999999,LBN,MEX,842310
2520619,169,138,8887,2008,0.0,5058.0,0.470854,0.960075,PAN,MEX,842310
2520620,231,138,8887,2008,511235.0,5560.0,1.584278,-0.209788,USA,MEX,842310
2520621,15,140,8887,2008,1993.0,0.0,1.634816,-0.078419,AUT,MKD,842310
2520622,43,140,8887,2008,36048.0,0.0,0.929285,1.8917259999999998,CHN,MKD,842310
2520623,61,140,8887,2008,5533.0,0.0,2.007167,-3.256961,DEU,MKD,842310
2520624,71,140,8887,2008,4321.0,0.0,0.8755649999999999,2.122164,ESP,MKD,842310
2520625,77,140,8887,2008,16831.0,0.0,1.487702,-0.223965,FRA,MKD,842310
2520626,90,140,8887,2008,15373.0,0.0,0.33272399999999996,1.758188,GRC,MKD,842310
2520627,100,140,8887,2008,2471.0,0.0,0.874459,1.075102,HRV,MKD,842310
2520628,102,140,8887,2008,26460.0,0.0,1.3358299999999999,0.8177770000000001,HUN,MKD,842310
2520629,114,140,8887,2008,869.0,0.0,2.285056,0.036255,JPN,MKD,842310
2520630,201,140,8887,2008,4447.0,0.0,0.615147,1.484149,SRB,MKD,842310
2520631,207,140,8887,2008,4305.0,0.0,1.5099209999999998,0.683663,SVN,MKD,842310
2520632,8,153,8887,2008,3624.0,0.0,0.278837,0.496784,ARG,MYS,842310
2520633,14,153,8887,2008,0.0,1039.0,-0.171801,-0.012588,AUS,MYS,842310
2520634,15,153,8887,2008,9921.0,0.0,1.634816,-0.078419,AUT,MYS,842310
2520635,34,153,8887,2008,0.0,12492.0,-1.7609099999999998,-0.8835959999999999,BRN,MYS,842310
2520636,39,153,8887,2008,0.0,5759.0,0.684659,1.085312,CAN,MYS,842310
2520637,43,153,8887,2008,2137118.0,0.0,0.929285,1.8917259999999998,CHN,MYS,842310
2520638,61,153,8887,2008,108137.0,0.0,2.007167,-3.256961,DEU,MYS,842310
2520639,81,153,8887,2008,1387.0,0.0,1.7586119999999998,0.061214,GBR,MYS,842310
2520640,97,153,8887,2008,180848.0,0.0,0.74435,2.149616,HKG,MYS,842310
2520641,103,153,8887,2008,10104.0,1593.0,-0.11154000000000001,1.4879850000000001,IDN,MYS,842310
2520642,104,153,8887,2008,20904.0,4444.0,0.26694,2.926023,IND,MYS,842310
2520643,111,153,8887,2008,9045.0,0.0,1.308777,0.361523,ITA,MYS,842310
2520644,114,153,8887,2008,3583.0,0.0,2.285056,0.036255,JPN,MYS,842310
2520645,128,153,8887,2008,0.0,1241.0,-0.48245200000000005,0.295892,LKA,MYS,842310
2520646,137,153,8887,2008,0.0,6975.0,0.037203,-0.718439,MDV,MYS,842310
2520647,143,153,8887,2008,0.0,3587.0,-1.501556,-1.1134110000000002,MMR,MYS,842310
2520648,162,153,8887,2008,14671.0,0.0,1.139475,1.385316,NLD,MYS,842310
2520649,174,153,8887,2008,24294.0,5907.0,0.276488,-0.02957,PHL,MYS,842310
2520650,176,153,8887,2008,0.0,3553.0,-1.6771330000000002,-1.18528,PNG,MYS,842310
2520651,188,153,8887,2008,0.0,54319.0,-0.09849400000000001,-0.8998309999999999,SAU,MYS,842310
2520652,192,153,8887,2008,251982.0,65144.0,1.844543,0.5947020000000001,SGP,MYS,842310
2520653,216,153,8887,2008,6047.0,0.0,0.7531399999999999,1.4420620000000002,THA,MYS,842310
2520654,231,153,8887,2008,101867.0,12761.0,1.584278,-0.209788,USA,MYS,842310
2520655,239,153,8887,2008,234881.0,0.0,-0.207083,1.1323370000000001,VNM,MYS,842310
2520656,249,153,8887,2008,9832.0,0.0,1.611693,0.93875,TWN,MYS,842310
2520657,5,162,8887,2008,0.0,4021.0,0.971109,0.749296,AND,NLD,842310
2520658,6,162,8887,2008,0.0,2621.0,0.31099,-0.536718,ANT,NLD,842310
2520659,7,162,8887,2008,0.0,32884.0,-0.276433,-0.692392,ARE,NLD,842310
2520660,15,162,8887,2008,138811.0,148233.0,1.634816,-0.078419,AUT,NLD,842310
2520661,18,162,8887,2008,880327.0,1904089.0,1.297416,0.9716549999999999,BEL,NLD,842310
2520662,21,162,8887,2008,0.0,7495.0,-1.076309,-1.012701,BFA,NLD,842310
2520663,22,162,8887,2008,0.0,4856.0,-0.852774,-0.766779,BGD,NLD,842310
2520664,23,162,8887,2008,0.0,7357.0,0.44409,1.575399,BGR,NLD,842310
2520665,26,162,8887,2008,0.0,1805.0,0.480256,0.810361,BIH,NLD,842310
2520666,32,162,8887,2008,0.0,1326.0,0.444687,0.904332,BRA,NLD,842310
2520667,39,162,8887,2008,0.0,1405.0,0.684659,1.085312,CAN,NLD,842310
2520668,41,162,8887,2008,75765.0,393738.0,1.978404,0.368694,CHE,NLD,842310
2520669,42,162,8887,2008,0.0,2684.0,-0.293985,-0.349554,CHL,NLD,842310
2520670,43,162,8887,2008,23983728.0,0.0,0.929285,1.8917259999999998,CHN,NLD,842310
2520671,46,162,8887,2008,0.0,2947.0,-1.513117,-1.141895,COD,NLD,842310
2520672,51,162,8887,2008,0.0,4843.0,0.16722,-0.64183,CPV,NLD,842310
2520673,58,162,8887,2008,0.0,21323.0,1.003211,0.712629,CYP,NLD,842310
2520674,59,162,8887,2008,0.0,197063.0,1.592035,0.27983600000000003,CZE,NLD,842310
2520675,61,162,8887,2008,5416201.0,4269378.0,2.007167,-3.256961,DEU,NLD,842310
2520676,64,162,8887,2008,38923.0,15520.0,1.165294,1.1112440000000001,DNK,NLD,842310
2520677,65,162,8887,2008,0.0,1110.0,-0.167958,0.241283,DOM,NLD,842310
2520678,68,162,8887,2008,0.0,2625.0,-0.098316,1.134642,EGY,NLD,842310
2520679,71,162,8887,2008,11759.0,175488.0,0.8755649999999999,2.122164,ESP,NLD,842310
2520680,72,162,8887,2008,0.0,29336.0,0.749696,1.5173940000000001,EST,NLD,842310
2520681,74,162,8887,2008,4538.0,44437.0,1.767859,0.846409,FIN,NLD,842310
2520682,77,162,8887,2008,922771.0,669298.0,1.487702,-0.223965,FRA,NLD,842310
2520683,81,162,8887,2008,811091.0,114173.0,1.7586119999999998,0.061214,GBR,NLD,842310
2520684,82,162,8887,2008,0.0,1775.0,-0.355095,-0.660181,GEO,NLD,842310
2520685,90,162,8887,2008,0.0,13931.0,0.33272399999999996,1.758188,GRC,NLD,842310
2520686,93,162,8887,2008,0.0,766.0,-0.271973,0.720486,GTM,NLD,842310
2520687,97,162,8887,2008,4967848.0,0.0,0.74435,2.149616,HKG,NLD,842310
2520688,100,162,8887,2008,0.0,2200.0,0.874459,1.075102,HRV,NLD,842310
2520689,102,162,8887,2008,168566.0,74366.0,1.3358299999999999,0.8177770000000001,HUN,NLD,842310
2520690,104,162,8887,2008,0.0,10414.0,0.26694,2.926023,IND,NLD,842310
2520691,106,162,8887,2008,0.0,14494.0,1.693858,0.221425,IRL,NLD,842310
2520692,109,162,8887,2008,0.0,8379.0,0.26969899999999997,-0.29915,ISL,NLD,842310
2520693,110,162,8887,2008,1192.0,64087.0,1.169192,0.797136,ISR,NLD,842310
2520694,111,162,8887,2008,52316.0,302499.0,1.308777,0.361523,ITA,NLD,842310
2520695,113,162,8887,2008,0.0,3850.0,0.255463,0.45844799999999997,JOR,NLD,842310
2520696,114,162,8887,2008,1461.0,0.0,2.285056,0.036255,JPN,NLD,842310
2520697,121,162,8887,2008,13017.0,0.0,1.491687,0.814692,KOR,NLD,842310
2520698,122,162,8887,2008,0.0,14087.0,-1.401297,-1.142945,KWT,NLD,842310
2520699,124,162,8887,2008,0.0,1398.0,0.46133100000000005,1.4598149999999999,LBN,NLD,842310
2520700,125,162,8887,2008,0.0,5894.0,-0.20785900000000002,-0.9568030000000001,LBR,NLD,842310
2520701,128,162,8887,2008,0.0,3269.0,-0.48245200000000005,0.295892,LKA,NLD,842310
2520702,130,162,8887,2008,0.0,6132.0,0.59033,0.961408,LTU,NLD,842310
2520703,131,162,8887,2008,0.0,48507.0,1.39945,1.003857,LUX,NLD,842310
2520704,132,162,8887,2008,0.0,23297.0,0.655489,1.0811540000000002,LVA,NLD,842310
2520705,135,162,8887,2008,0.0,987.0,0.096913,-0.095718,MDA,NLD,842310
2520706,136,162,8887,2008,0.0,2958.0,-0.9618190000000001,-0.348841,MDG,NLD,842310
2520707,142,162,8887,2008,0.0,2865.0,1.015716,-0.065673,MLT,NLD,842310
2520708,153,162,8887,2008,0.0,14671.0,0.793395,0.6141939999999999,MYS,NLD,842310
2520709,163,162,8887,2008,0.0,41600.0,0.911428,-0.019318000000000002,NOR,NLD,842310
2520710,166,162,8887,2008,0.0,13146.0,0.513416,0.753058,NZL,NLD,842310
2520711,177,162,8887,2008,0.0,121237.0,1.037287,1.244457,POL,NLD,842310
2520712,179,162,8887,2008,0.0,92271.0,0.64135,2.1946939999999997,PRT,NLD,842310
2520713,185,162,8887,2008,0.0,33682.0,0.784924,1.235527,ROU,NLD,842310
2520714,186,162,8887,2008,0.0,40330.0,0.559059,-0.00886,RUS,NLD,842310
2520715,201,162,8887,2008,0.0,1465.0,0.615147,1.484149,SRB,NLD,842310
2520716,205,162,8887,2008,0.0,12584.0,-0.766178,-0.8888,SUR,NLD,842310
2520717,206,162,8887,2008,0.0,102820.0,1.3402040000000002,0.8038770000000001,SVK,NLD,842310
2520718,207,162,8887,2008,0.0,4328.0,1.5099209999999998,0.683663,SVN,NLD,842310
2520719,208,162,8887,2008,11373.0,57591.0,1.866575,0.44342700000000007,SWE,NLD,842310
2520720,211,162,8887,2008,0.0,1623.0,0.29189699999999996,-0.47472600000000004,SYC,NLD,842310
2520721,212,162,8887,2008,0.0,1380.0,-0.365789,0.877383,SYR,NLD,842310
2520722,224,162,8887,2008,0.0,32802.0,0.44478,2.186881,TUR,NLD,842310
2520723,226,162,8887,2008,0.0,1003.0,-0.755692,0.8751690000000001,TZA,NLD,842310
2520724,227,162,8887,2008,0.0,3712.0,-0.653885,-0.035455,UGA,NLD,842310
2520725,231,162,8887,2008,157793.0,0.0,1.584278,-0.209788,USA,NLD,842310
2520726,246,162,8887,2008,0.0,38622.0,0.22551500000000002,1.185506,ZAF,NLD,842310
2520727,249,162,8887,2008,3931.0,3767.0,1.611693,0.93875,TWN,NLD,842310
2520728,250,162,8887,2008,0.0,3324.0,0.547909,-0.5303640000000001,ANS,NLD,842310
2520729,14,163,8887,2008,1423.0,0.0,-0.171801,-0.012588,AUS,NOR,842310
2520730,15,163,8887,2008,16281.0,0.0,1.634816,-0.078419,AUT,NOR,842310
2520731,18,163,8887,2008,5946.0,0.0,1.297416,0.9716549999999999,BEL,NOR,842310
2520732,39,163,8887,2008,36461.0,0.0,0.684659,1.085312,CAN,NOR,842310
2520733,41,163,8887,2008,42580.0,0.0,1.978404,0.368694,CHE,NOR,842310
2520734,43,163,8887,2008,608496.0,0.0,0.929285,1.8917259999999998,CHN,NOR,842310
2520735,59,163,8887,2008,1887.0,0.0,1.592035,0.27983600000000003,CZE,NOR,842310
2520736,61,163,8887,2008,331399.0,21341.0,2.007167,-3.256961,DEU,NOR,842310
2520737,64,163,8887,2008,865288.0,3408.0,1.165294,1.1112440000000001,DNK,NOR,842310
2520738,71,163,8887,2008,17429.0,0.0,0.8755649999999999,2.122164,ESP,NOR,842310
2520739,72,163,8887,2008,4086.0,0.0,0.749696,1.5173940000000001,EST,NOR,842310
2520740,74,163,8887,2008,24378.0,14795.0,1.767859,0.846409,FIN,NOR,842310
2520741,77,163,8887,2008,6781.0,0.0,1.487702,-0.223965,FRA,NOR,842310
2520742,81,163,8887,2008,216405.0,5557.0,1.7586119999999998,0.061214,GBR,NOR,842310
2520743,97,163,8887,2008,70047.0,0.0,0.74435,2.149616,HKG,NOR,842310
2520744,102,163,8887,2008,24714.0,0.0,1.3358299999999999,0.8177770000000001,HUN,NOR,842310
2520745,103,163,8887,2008,171868.0,0.0,-0.11154000000000001,1.4879850000000001,IDN,NOR,842310
2520746,111,163,8887,2008,44282.0,0.0,1.308777,0.361523,ITA,NOR,842310
2520747,114,163,8887,2008,7953.0,0.0,2.285056,0.036255,JPN,NOR,842310
2520748,121,163,8887,2008,3077.0,1865.0,1.491687,0.814692,KOR,NOR,842310
2520749,130,163,8887,2008,7148.0,0.0,0.59033,0.961408,LTU,NOR,842310
2520750,131,163,8887,2008,6050.0,0.0,1.39945,1.003857,LUX,NOR,842310
2520751,162,163,8887,2008,41600.0,0.0,1.139475,1.385316,NLD,NOR,842310
2520752,168,163,8887,2008,0.0,5050.0,-0.401588,0.500668,PAK,NOR,842310
2520753,179,163,8887,2008,0.0,6937.0,0.64135,2.1946939999999997,PRT,NOR,842310
2520754,208,163,8887,2008,1022331.0,50904.0,1.866575,0.44342700000000007,SWE,NOR,842310
2520755,231,163,8887,2008,3297.0,1310.0,1.584278,-0.209788,USA,NOR,842310
2520756,249,163,8887,2008,29550.0,0.0,1.611693,0.93875,TWN,NOR,842310
2520757,14,166,8887,2008,77813.0,21365.0,-0.171801,-0.012588,AUS,NZL,842310
2520758,39,166,8887,2008,0.0,16685.0,0.684659,1.085312,CAN,NZL,842310
2520759,42,166,8887,2008,0.0,6831.0,-0.293985,-0.349554,CHL,NZL,842310
2520760,43,166,8887,2008,770351.0,67591.0,0.929285,1.8917259999999998,CHN,NZL,842310
2520761,48,166,8887,2008,0.0,3351.0,0.49011400000000005,-0.550991,COK,NZL,842310
2520762,59,166,8887,2008,8120.0,0.0,1.592035,0.27983600000000003,CZE,NZL,842310
2520763,61,166,8887,2008,91307.0,0.0,2.007167,-3.256961,DEU,NZL,842310
2520764,64,166,8887,2008,920.0,0.0,1.165294,1.1112440000000001,DNK,NZL,842310
2520765,75,166,8887,2008,0.0,5511.0,-0.756592,-0.27005,FJI,NZL,842310
2520766,77,166,8887,2008,3061.0,10834.0,1.487702,-0.223965,FRA,NZL,842310
2520767,81,166,8887,2008,107174.0,0.0,1.7586119999999998,0.061214,GBR,NZL,842310
2520768,97,166,8887,2008,30620.0,3030.0,0.74435,2.149616,HKG,NZL,842310
2520769,114,166,8887,2008,431219.0,9962.0,2.285056,0.036255,JPN,NZL,842310
2520770,119,166,8887,2008,0.0,1066.0,0.122065,-0.667883,KIR,NZL,842310
2520771,121,166,8887,2008,32494.0,0.0,1.491687,0.814692,KOR,NZL,842310
2520772,162,166,8887,2008,13146.0,0.0,1.139475,1.385316,NLD,NZL,842310
2520773,176,166,8887,2008,0.0,8978.0,-1.6771330000000002,-1.18528,PNG,NZL,842310
2520774,179,166,8887,2008,0.0,110643.0,0.64135,2.1946939999999997,PRT,NZL,842310
2520775,192,166,8887,2008,1434.0,0.0,1.844543,0.5947020000000001,SGP,NZL,842310
2520776,231,166,8887,2008,266845.0,156295.0,1.584278,-0.209788,USA,NZL,842310
2520777,240,166,8887,2008,0.0,1457.0,-1.1498540000000002,-0.9443299999999999,VUT,NZL,842310
2520778,242,166,8887,2008,0.0,4185.0,0.527804,-0.347197,WSM,NZL,842310
2520779,246,166,8887,2008,0.0,2420.0,0.22551500000000002,1.185506,ZAF,NZL,842310
2520780,249,166,8887,2008,2654.0,0.0,1.611693,0.93875,TWN,NZL,842310
2520781,6,169,8887,2008,0.0,2586.0,0.31099,-0.536718,ANT,PAN,842310
2520782,15,169,8887,2008,1508.0,0.0,1.634816,-0.078419,AUT,PAN,842310
2520783,25,169,8887,2008,0.0,1398.0,0.470359,-0.5418890000000001,BHS,PAN,842310
2520784,29,169,8887,2008,0.0,719.0,-0.922266,-0.881167,BLZ,PAN,842310
2520785,31,169,8887,2008,0.0,702.0,-0.852975,-0.88041,BOL,PAN,842310
2520786,32,169,8887,2008,0.0,3587.0,0.444687,0.904332,BRA,PAN,842310
2520787,33,169,8887,2008,0.0,2039.0,0.761035,0.615472,BRB,PAN,842310
2520788,42,169,8887,2008,0.0,24528.0,-0.293985,-0.349554,CHL,PAN,842310
2520789,43,169,8887,2008,1088832.0,0.0,0.929285,1.8917259999999998,CHN,PAN,842310
2520790,49,169,8887,2008,1761.0,5784.0,0.19505699999999998,0.566189,COL,PAN,842310
2520791,52,169,8887,2008,0.0,11934.0,0.023962,-0.346029,CRI,PAN,842310
2520792,54,169,8887,2008,0.0,17264.0,-0.23158299999999998,-0.892943,CUB,PAN,842310
2520793,61,169,8887,2008,25781.0,0.0,2.007167,-3.256961,DEU,PAN,842310
2520794,63,169,8887,2008,0.0,2134.0,0.424179,0.04355,DMA,PAN,842310
2520795,65,169,8887,2008,0.0,5454.0,-0.167958,0.241283,DOM,PAN,842310
2520796,67,169,8887,2008,0.0,18942.0,-0.859434,-0.972389,ECU,PAN,842310
2520797,71,169,8887,2008,16827.0,0.0,0.8755649999999999,2.122164,ESP,PAN,842310
2520798,93,169,8887,2008,4465.0,5661.0,-0.271973,0.720486,GTM,PAN,842310
2520799,96,169,8887,2008,0.0,2448.0,-1.0439530000000001,-0.962007,GUY,PAN,842310
2520800,97,169,8887,2008,23595.0,0.0,0.74435,2.149616,HKG,PAN,842310
2520801,99,169,8887,2008,0.0,1960.0,-0.5907,-0.351317,HND,PAN,842310
2520802,112,169,8887,2008,0.0,2853.0,-0.412969,-0.9444030000000001,JAM,PAN,842310
2520803,114,169,8887,2008,5539.0,0.0,2.285056,0.036255,JPN,PAN,842310
2520804,121,169,8887,2008,21359.0,0.0,1.491687,0.814692,KOR,PAN,842310
2520805,127,169,8887,2008,0.0,2832.0,0.42267899999999997,0.005129,LCA,PAN,842310
2520806,138,169,8887,2008,5058.0,0.0,0.9833639999999999,0.7687069999999999,MEX,PAN,842310
2520807,160,169,8887,2008,0.0,1199.0,-0.869193,-0.676623,NIC,PAN,842310
2520808,173,169,8887,2008,0.0,926.0,-0.518126,0.17193599999999998,PER,PAN,842310
2520809,179,169,8887,2008,1275.0,0.0,0.64135,2.1946939999999997,PRT,PAN,842310
2520810,197,169,8887,2008,0.0,11994.0,-0.028986,0.369501,SLV,PAN,842310
2520811,222,169,8887,2008,0.0,5580.0,-0.44752600000000003,-1.060906,TTO,PAN,842310
2520812,230,169,8887,2008,0.0,641.0,0.376164,0.049387,URY,PAN,842310
2520813,231,169,8887,2008,369884.0,0.0,1.584278,-0.209788,USA,PAN,842310
2520814,236,169,8887,2008,0.0,187194.0,-0.442996,-1.0439969999999998,VEN,PAN,842310
2520815,249,169,8887,2008,27557.0,0.0,1.611693,0.93875,TWN,PAN,842310
2520816,250,169,8887,2008,0.0,3618.0,0.547909,-0.5303640000000001,ANS,PAN,842310
2520817,8,173,8887,2008,3481.0,0.0,0.278837,0.496784,ARG,PER,842310
2520818,31,173,8887,2008,0.0,1058.0,-0.852975,-0.88041,BOL,PER,842310
2520819,42,173,8887,2008,4656.0,0.0,-0.293985,-0.349554,CHL,PER,842310
2520820,43,173,8887,2008,755925.0,0.0,0.929285,1.8917259999999998,CHN,PER,842310
2520821,61,173,8887,2008,339734.0,1408.0,2.007167,-3.256961,DEU,PER,842310
2520822,71,173,8887,2008,2513.0,0.0,0.8755649999999999,2.122164,ESP,PER,842310
2520823,97,173,8887,2008,3018.0,0.0,0.74435,2.149616,HKG,PER,842310
2520824,130,173,8887,2008,6930.0,0.0,0.59033,0.961408,LTU,PER,842310
2520825,169,173,8887,2008,926.0,0.0,0.470854,0.960075,PAN,PER,842310
2520826,231,173,8887,2008,390743.0,0.0,1.584278,-0.209788,USA,PER,842310
2520827,249,173,8887,2008,2715.0,0.0,1.611693,0.93875,TWN,PER,842310
2520828,8,174,8887,2008,4776.0,0.0,0.278837,0.496784,ARG,PHL,842310
2520829,14,174,8887,2008,5197.0,0.0,-0.171801,-0.012588,AUS,PHL,842310
2520830,22,174,8887,2008,2080.0,0.0,-0.852774,-0.766779,BGD,PHL,842310
2520831,32,174,8887,2008,0.0,4631.0,0.444687,0.904332,BRA,PHL,842310
2520832,34,174,8887,2008,0.0,887.0,-1.7609099999999998,-0.8835959999999999,BRN,PHL,842310
2520833,43,174,8887,2008,1117456.0,0.0,0.929285,1.8917259999999998,CHN,PHL,842310
2520834,61,174,8887,2008,25566.0,0.0,2.007167,-3.256961,DEU,PHL,842310
2520835,81,174,8887,2008,4745.0,0.0,1.7586119999999998,0.061214,GBR,PHL,842310
2520836,97,174,8887,2008,127452.0,3337.0,0.74435,2.149616,HKG,PHL,842310
2520837,104,174,8887,2008,12464.0,0.0,0.26694,2.926023,IND,PHL,842310
2520838,111,174,8887,2008,75922.0,0.0,1.308777,0.361523,ITA,PHL,842310
2520839,114,174,8887,2008,17369.0,0.0,2.285056,0.036255,JPN,PHL,842310
2520840,121,174,8887,2008,2054.0,10000.0,1.491687,0.814692,KOR,PHL,842310
2520841,153,174,8887,2008,5907.0,24294.0,0.793395,0.6141939999999999,MYS,PHL,842310
2520842,192,174,8887,2008,3441.0,0.0,1.844543,0.5947020000000001,SGP,PHL,842310
2520843,216,174,8887,2008,12054.0,0.0,0.7531399999999999,1.4420620000000002,THA,PHL,842310
2520844,231,174,8887,2008,76903.0,0.0,1.584278,-0.209788,USA,PHL,842310
2520845,239,174,8887,2008,3258.0,0.0,-0.207083,1.1323370000000001,VNM,PHL,842310
2520846,249,174,8887,2008,73540.0,0.0,1.611693,0.93875,TWN,PHL,842310
2520847,15,177,8887,2008,181535.0,0.0,1.634816,-0.078419,AUT,POL,842310
2520848,16,177,8887,2008,0.0,1517.0,-0.7143109999999999,-1.114747,AZE,POL,842310
2520849,18,177,8887,2008,122216.0,3445.0,1.297416,0.9716549999999999,BEL,POL,842310
2520850,23,177,8887,2008,0.0,14618.0,0.44409,1.575399,BGR,POL,842310
2520851,26,177,8887,2008,0.0,1910.0,0.480256,0.810361,BIH,POL,842310
2520852,28,177,8887,2008,0.0,18651.0,0.9869,0.38977399999999995,BLR,POL,842310
2520853,41,177,8887,2008,1571.0,0.0,1.978404,0.368694,CHE,POL,842310
2520854,43,177,8887,2008,3329334.0,0.0,0.929285,1.8917259999999998,CHN,POL,842310
2520855,59,177,8887,2008,110238.0,120280.0,1.592035,0.27983600000000003,CZE,POL,842310
2520856,61,177,8887,2008,5273496.0,15716.0,2.007167,-3.256961,DEU,POL,842310
2520857,64,177,8887,2008,11966.0,0.0,1.165294,1.1112440000000001,DNK,POL,842310
2520858,71,177,8887,2008,112032.0,12394.0,0.8755649999999999,2.122164,ESP,POL,842310
2520859,72,177,8887,2008,0.0,24856.0,0.749696,1.5173940000000001,EST,POL,842310
2520860,74,177,8887,2008,2139.0,0.0,1.767859,0.846409,FIN,POL,842310
2520861,77,177,8887,2008,436390.0,8407.0,1.487702,-0.223965,FRA,POL,842310
2520862,81,177,8887,2008,29281.0,0.0,1.7586119999999998,0.061214,GBR,POL,842310
2520863,82,177,8887,2008,0.0,983.0,-0.355095,-0.660181,GEO,POL,842310
2520864,97,177,8887,2008,33560.0,0.0,0.74435,2.149616,HKG,POL,842310
2520865,100,177,8887,2008,0.0,21868.0,0.874459,1.075102,HRV,POL,842310
2520866,102,177,8887,2008,116648.0,78683.0,1.3358299999999999,0.8177770000000001,HUN,POL,842310
2520867,103,177,8887,2008,1115459.0,0.0,-0.11154000000000001,1.4879850000000001,IDN,POL,842310
2520868,104,177,8887,2008,0.0,5117.0,0.26694,2.926023,IND,POL,842310
2520869,110,177,8887,2008,26409.0,0.0,1.169192,0.797136,ISR,POL,842310
2520870,111,177,8887,2008,196319.0,0.0,1.308777,0.361523,ITA,POL,842310
2520871,114,177,8887,2008,15995.0,0.0,2.285056,0.036255,JPN,POL,842310
2520872,115,177,8887,2008,0.0,4515.0,-0.43055200000000005,-0.6852590000000001,KAZ,POL,842310
2520873,122,177,8887,2008,0.0,1215.0,-1.401297,-1.142945,KWT,POL,842310
2520874,124,177,8887,2008,0.0,5862.0,0.46133100000000005,1.4598149999999999,LBN,POL,842310
2520875,130,177,8887,2008,0.0,68968.0,0.59033,0.961408,LTU,POL,842310
2520876,132,177,8887,2008,0.0,107783.0,0.655489,1.0811540000000002,LVA,POL,842310
2520877,135,177,8887,2008,0.0,7644.0,0.096913,-0.095718,MDA,POL,842310
2520878,155,177,8887,2008,7937.0,0.0,-0.104196,-0.301923,NAM,POL,842310
2520879,157,177,8887,2008,1898.0,0.0,-0.677687,-0.75195,NER,POL,842310
2520880,162,177,8887,2008,121237.0,0.0,1.139475,1.385316,NLD,POL,842310
2520881,183,177,8887,2008,0.0,5376.0,-0.36390900000000004,-1.0045549999999999,QAT,POL,842310
2520882,185,177,8887,2008,2137.0,216315.0,0.784924,1.235527,ROU,POL,842310
2520883,186,177,8887,2008,0.0,73661.0,0.559059,-0.00886,RUS,POL,842310
2520884,192,177,8887,2008,0.0,949.0,1.844543,0.5947020000000001,SGP,POL,842310
2520885,201,177,8887,2008,0.0,1291.0,0.615147,1.484149,SRB,POL,842310
2520886,206,177,8887,2008,19831.0,127489.0,1.3402040000000002,0.8038770000000001,SVK,POL,842310
2520887,207,177,8887,2008,13117.0,6072.0,1.5099209999999998,0.683663,SVN,POL,842310
2520888,208,177,8887,2008,11748.0,0.0,1.866575,0.44342700000000007,SWE,POL,842310
2520889,228,177,8887,2008,0.0,152301.0,0.59355,0.764415,UKR,POL,842310
2520890,231,177,8887,2008,9149.0,75063.0,1.584278,-0.209788,USA,POL,842310
2520891,249,177,8887,2008,3689.0,0.0,1.611693,0.93875,TWN,POL,842310
2520892,2,179,8887,2008,0.0,427154.0,-2.0318669999999996,-1.149931,AGO,PRT,842310
2520893,15,179,8887,2008,16046.0,0.0,1.634816,-0.078419,AUT,PRT,842310
2520894,18,179,8887,2008,90233.0,0.0,1.297416,0.9716549999999999,BEL,PRT,842310
2520895,43,179,8887,2008,827262.0,0.0,0.929285,1.8917259999999998,CHN,PRT,842310
2520896,51,179,8887,2008,0.0,62427.0,0.16722,-0.64183,CPV,PRT,842310
2520897,59,179,8887,2008,2616.0,0.0,1.592035,0.27983600000000003,CZE,PRT,842310
2520898,61,179,8887,2008,1081534.0,22172.0,2.007167,-3.256961,DEU,PRT,842310
2520899,64,179,8887,2008,20190.0,2148.0,1.165294,1.1112440000000001,DNK,PRT,842310
2520900,71,179,8887,2008,2302241.0,28134.0,0.8755649999999999,2.122164,ESP,PRT,842310
2520901,77,179,8887,2008,185292.0,169946.0,1.487702,-0.223965,FRA,PRT,842310
2520902,81,179,8887,2008,84579.0,0.0,1.7586119999999998,0.061214,GBR,PRT,842310
2520903,88,179,8887,2008,0.0,1701.0,-1.9234919999999998,-1.055369,GNB,PRT,842310
2520904,103,179,8887,2008,332654.0,0.0,-0.11154000000000001,1.4879850000000001,IDN,PRT,842310
2520905,104,179,8887,2008,2455.0,0.0,0.26694,2.926023,IND,PRT,842310
2520906,111,179,8887,2008,186342.0,0.0,1.308777,0.361523,ITA,PRT,842310
2520907,121,179,8887,2008,6893.0,0.0,1.491687,0.814692,KOR,PRT,842310
2520908,122,179,8887,2008,0.0,1165.0,-1.401297,-1.142945,KWT,PRT,842310
2520909,124,179,8887,2008,0.0,11518.0,0.46133100000000005,1.4598149999999999,LBN,PRT,842310
2520910,147,179,8887,2008,0.0,8739.0,-0.982727,-0.8361219999999999,MOZ,PRT,842310
2520911,162,179,8887,2008,92271.0,0.0,1.139475,1.385316,NLD,PRT,842310
2520912,163,179,8887,2008,6937.0,0.0,0.911428,-0.019318000000000002,NOR,PRT,842310
2520913,166,179,8887,2008,110643.0,0.0,0.513416,0.753058,NZL,PRT,842310
2520914,169,179,8887,2008,0.0,1275.0,0.470854,0.960075,PAN,PRT,842310
2520915,203,179,8887,2008,0.0,2480.0,0.264059,-0.639443,STP,PRT,842310
2520916,208,179,8887,2008,7197.0,0.0,1.866575,0.44342700000000007,SWE,PRT,842310
2520917,231,179,8887,2008,8904.0,0.0,1.584278,-0.209788,USA,PRT,842310
2520918,246,179,8887,2008,946.0,0.0,0.22551500000000002,1.185506,ZAF,PRT,842310
2520919,8,180,8887,2008,12547.0,0.0,0.278837,0.496784,ARG,PRY,842310
2520920,32,180,8887,2008,148741.0,0.0,0.444687,0.904332,BRA,PRY,842310
2520921,42,180,8887,2008,4395.0,0.0,-0.293985,-0.349554,CHL,PRY,842310
2520922,43,180,8887,2008,141362.0,0.0,0.929285,1.8917259999999998,CHN,PRY,842310
2520923,61,180,8887,2008,9059.0,0.0,2.007167,-3.256961,DEU,PRY,842310
2520924,71,180,8887,2008,7221.0,0.0,0.8755649999999999,2.122164,ESP,PRY,842310
2520925,114,180,8887,2008,583.0,0.0,2.285056,0.036255,JPN,PRY,842310
2520926,192,180,8887,2008,10678.0,0.0,1.844543,0.5947020000000001,SGP,PRY,842310
2520927,230,180,8887,2008,24677.0,0.0,0.376164,0.049387,URY,PRY,842310
2520928,231,180,8887,2008,43558.0,0.0,1.584278,-0.209788,USA,PRY,842310
2520929,7,183,8887,2008,5230.0,0.0,-0.276433,-0.692392,ARE,QAT,842310
2520930,32,183,8887,2008,24900.0,0.0,0.444687,0.904332,BRA,QAT,842310
2520931,41,183,8887,2008,14900.0,0.0,1.978404,0.368694,CHE,QAT,842310
2520932,43,183,8887,2008,41491.0,0.0,0.929285,1.8917259999999998,CHN,QAT,842310
2520933,61,183,8887,2008,60004.0,0.0,2.007167,-3.256961,DEU,QAT,842310
2520934,71,183,8887,2008,2470.0,0.0,0.8755649999999999,2.122164,ESP,QAT,842310
2520935,77,183,8887,2008,10459.0,0.0,1.487702,-0.223965,FRA,QAT,842310
2520936,81,183,8887,2008,60500.0,0.0,1.7586119999999998,0.061214,GBR,QAT,842310
2520937,97,183,8887,2008,17224.0,0.0,0.74435,2.149616,HKG,QAT,842310
2520938,103,183,8887,2008,3503.0,0.0,-0.11154000000000001,1.4879850000000001,IDN,QAT,842310
2520939,111,183,8887,2008,8545.0,0.0,1.308777,0.361523,ITA,QAT,842310
2520940,177,183,8887,2008,5376.0,0.0,1.037287,1.244457,POL,QAT,842310
2520941,224,183,8887,2008,4073.0,0.0,0.44478,2.186881,TUR,QAT,842310
2520942,231,183,8887,2008,13113.0,0.0,1.584278,-0.209788,USA,QAT,842310
2520943,249,183,8887,2008,3174.0,0.0,1.611693,0.93875,TWN,QAT,842310
2520944,15,185,8887,2008,61894.0,31375.0,1.634816,-0.078419,AUT,ROU,842310
2520945,18,185,8887,2008,32400.0,0.0,1.297416,0.9716549999999999,BEL,ROU,842310
2520946,23,185,8887,2008,8982.0,0.0,0.44409,1.575399,BGR,ROU,842310
2520947,43,185,8887,2008,812656.0,0.0,0.929285,1.8917259999999998,CHN,ROU,842310
2520948,59,185,8887,2008,30517.0,0.0,1.592035,0.27983600000000003,CZE,ROU,842310
2520949,61,185,8887,2008,703686.0,0.0,2.007167,-3.256961,DEU,ROU,842310
2520950,64,185,8887,2008,3886.0,0.0,1.165294,1.1112440000000001,DNK,ROU,842310
2520951,71,185,8887,2008,100332.0,0.0,0.8755649999999999,2.122164,ESP,ROU,842310
2520952,77,185,8887,2008,122673.0,0.0,1.487702,-0.223965,FRA,ROU,842310
2520953,81,185,8887,2008,8898.0,0.0,1.7586119999999998,0.061214,GBR,ROU,842310
2520954,97,185,8887,2008,5317.0,0.0,0.74435,2.149616,HKG,ROU,842310
2520955,102,185,8887,2008,411901.0,19005.0,1.3358299999999999,0.8177770000000001,HUN,ROU,842310
2520956,111,185,8887,2008,420365.0,0.0,1.308777,0.361523,ITA,ROU,842310
2520957,132,185,8887,2008,12147.0,0.0,0.655489,1.0811540000000002,LVA,ROU,842310
2520958,135,185,8887,2008,0.0,15967.0,0.096913,-0.095718,MDA,ROU,842310
2520959,162,185,8887,2008,33682.0,0.0,1.139475,1.385316,NLD,ROU,842310
2520960,177,185,8887,2008,216315.0,2137.0,1.037287,1.244457,POL,ROU,842310
2520961,201,185,8887,2008,1639.0,0.0,0.615147,1.484149,SRB,ROU,842310
2520962,207,185,8887,2008,124019.0,0.0,1.5099209999999998,0.683663,SVN,ROU,842310
2520963,224,185,8887,2008,2373.0,0.0,0.44478,2.186881,TUR,ROU,842310
2520964,228,185,8887,2008,1082.0,0.0,0.59355,0.764415,UKR,ROU,842310
2520965,231,185,8887,2008,3211.0,0.0,1.584278,-0.209788,USA,ROU,842310
2520966,39,188,8887,2008,3453.0,0.0,0.684659,1.085312,CAN,SAU,842310
2520967,43,188,8887,2008,1037601.0,0.0,0.929285,1.8917259999999998,CHN,SAU,842310
2520968,61,188,8887,2008,277756.0,0.0,2.007167,-3.256961,DEU,SAU,842310
2520969,77,188,8887,2008,1508.0,0.0,1.487702,-0.223965,FRA,SAU,842310
2520970,81,188,8887,2008,197843.0,0.0,1.7586119999999998,0.061214,GBR,SAU,842310
2520971,97,188,8887,2008,107097.0,0.0,0.74435,2.149616,HKG,SAU,842310
2520972,104,188,8887,2008,2157.0,0.0,0.26694,2.926023,IND,SAU,842310
2520973,111,188,8887,2008,80197.0,0.0,1.308777,0.361523,ITA,SAU,842310
2520974,114,188,8887,2008,49835.0,0.0,2.285056,0.036255,JPN,SAU,842310
2520975,121,188,8887,2008,12917.0,0.0,1.491687,0.814692,KOR,SAU,842310
2520976,153,188,8887,2008,54319.0,0.0,0.793395,0.6141939999999999,MYS,SAU,842310
2520977,190,188,8887,2008,0.0,1095.0,-2.095439,-1.263511,SDN,SAU,842310
2520978,192,188,8887,2008,2282.0,0.0,1.844543,0.5947020000000001,SGP,SAU,842310
2520979,224,188,8887,2008,5151.0,0.0,0.44478,2.186881,TUR,SAU,842310
2520980,231,188,8887,2008,315321.0,0.0,1.584278,-0.209788,USA,SAU,842310
2520981,246,188,8887,2008,12738.0,0.0,0.22551500000000002,1.185506,ZAF,SAU,842310
2520982,249,188,8887,2008,37138.0,0.0,1.611693,0.93875,TWN,SAU,842310
2520983,7,190,8887,2008,6029.0,0.0,-0.276433,-0.692392,ARE,SDN,842310
2520984,43,190,8887,2008,111847.0,0.0,0.929285,1.8917259999999998,CHN,SDN,842310
2520985,61,190,8887,2008,4362.0,0.0,2.007167,-3.256961,DEU,SDN,842310
2520986,68,190,8887,2008,2836.0,0.0,-0.098316,1.134642,EGY,SDN,842310
2520987,104,190,8887,2008,32071.0,0.0,0.26694,2.926023,IND,SDN,842310
2520988,111,190,8887,2008,5835.0,0.0,1.308777,0.361523,ITA,SDN,842310
2520989,114,190,8887,2008,2733.0,0.0,2.285056,0.036255,JPN,SDN,842310
2520990,116,190,8887,2008,2823.0,0.0,-0.284528,0.9378610000000001,KEN,SDN,842310
2520991,188,190,8887,2008,1095.0,0.0,-0.09849400000000001,-0.8998309999999999,SAU,SDN,842310
2520992,43,197,8887,2008,9385.0,0.0,0.929285,1.8917259999999998,CHN,SLV,842310
2520993,52,197,8887,2008,1817.0,0.0,0.023962,-0.346029,CRI,SLV,842310
2520994,61,197,8887,2008,2286.0,0.0,2.007167,-3.256961,DEU,SLV,842310
2520995,71,197,8887,2008,6624.0,0.0,0.8755649999999999,2.122164,ESP,SLV,842310
2520996,93,197,8887,2008,19408.0,6830.0,-0.271973,0.720486,GTM,SLV,842310
2520997,99,197,8887,2008,2500.0,0.0,-0.5907,-0.351317,HND,SLV,842310
2520998,104,197,8887,2008,2091.0,0.0,0.26694,2.926023,IND,SLV,842310
2520999,121,197,8887,2008,979.0,0.0,1.491687,0.814692,KOR,SLV,842310
2521000,160,197,8887,2008,1800.0,0.0,-0.869193,-0.676623,NIC,SLV,842310
2521001,169,197,8887,2008,11994.0,0.0,0.470854,0.960075,PAN,SLV,842310
2521002,231,197,8887,2008,109970.0,0.0,1.584278,-0.209788,USA,SLV,842310
2521003,43,205,8887,2008,33902.0,0.0,0.929285,1.8917259999999998,CHN,SUR,842310
2521004,61,205,8887,2008,4176.0,0.0,2.007167,-3.256961,DEU,SUR,842310
2521005,97,205,8887,2008,9274.0,0.0,0.74435,2.149616,HKG,SUR,842310
2521006,162,205,8887,2008,12584.0,0.0,1.139475,1.385316,NLD,SUR,842310
2521007,231,205,8887,2008,7380.0,0.0,1.584278,-0.209788,USA,SUR,842310
2521008,14,206,8887,2008,0.0,2028.0,-0.171801,-0.012588,AUS,SVK,842310
2521009,15,206,8887,2008,53323.0,131298.0,1.634816,-0.078419,AUT,SVK,842310
2521010,18,206,8887,2008,45206.0,0.0,1.297416,0.9716549999999999,BEL,SVK,842310
2521011,23,206,8887,2008,0.0,962.0,0.44409,1.575399,BGR,SVK,842310
2521012,43,206,8887,2008,94104.0,0.0,0.929285,1.8917259999999998,CHN,SVK,842310
2521013,59,206,8887,2008,1227518.0,475261.0,1.592035,0.27983600000000003,CZE,SVK,842310
2521014,61,206,8887,2008,212848.0,11262.0,2.007167,-3.256961,DEU,SVK,842310
2521015,64,206,8887,2008,41454.0,0.0,1.165294,1.1112440000000001,DNK,SVK,842310
2521016,71,206,8887,2008,9687.0,0.0,0.8755649999999999,2.122164,ESP,SVK,842310
2521017,77,206,8887,2008,43624.0,0.0,1.487702,-0.223965,FRA,SVK,842310
2521018,81,206,8887,2008,6462.0,0.0,1.7586119999999998,0.061214,GBR,SVK,842310
2521019,97,206,8887,2008,137013.0,0.0,0.74435,2.149616,HKG,SVK,842310
2521020,102,206,8887,2008,171368.0,85081.0,1.3358299999999999,0.8177770000000001,HUN,SVK,842310
2521021,106,206,8887,2008,1907.0,0.0,1.693858,0.221425,IRL,SVK,842310
2521022,111,206,8887,2008,17085.0,0.0,1.308777,0.361523,ITA,SVK,842310
2521023,130,206,8887,2008,8211.0,0.0,0.59033,0.961408,LTU,SVK,842310
2521024,162,206,8887,2008,102820.0,0.0,1.139475,1.385316,NLD,SVK,842310
2521025,177,206,8887,2008,127489.0,19831.0,1.037287,1.244457,POL,SVK,842310
2521026,207,206,8887,2008,60769.0,0.0,1.5099209999999998,0.683663,SVN,SVK,842310
2521027,228,206,8887,2008,0.0,95641.0,0.59355,0.764415,UKR,SVK,842310
2521028,249,206,8887,2008,1966.0,0.0,1.611693,0.93875,TWN,SVK,842310
2521029,250,206,8887,2008,270417.0,0.0,0.547909,-0.5303640000000001,ANS,SVK,842310
2521030,7,207,8887,2008,0.0,1293.0,-0.276433,-0.692392,ARE,SVN,842310
2521031,15,207,8887,2008,39632.0,2387.0,1.634816,-0.078419,AUT,SVN,842310
2521032,18,207,8887,2008,11806.0,0.0,1.297416,0.9716549999999999,BEL,SVN,842310
2521033,23,207,8887,2008,9382.0,71346.0,0.44409,1.575399,BGR,SVN,842310
2521034,26,207,8887,2008,0.0,39115.0,0.480256,0.810361,BIH,SVN,842310
2521035,28,207,8887,2008,0.0,4080.0,0.9869,0.38977399999999995,BLR,SVN,842310
2521036,41,207,8887,2008,2683.0,0.0,1.978404,0.368694,CHE,SVN,842310
2521037,43,207,8887,2008,1506907.0,0.0,0.929285,1.8917259999999998,CHN,SVN,842310
2521038,58,207,8887,2008,0.0,3976.0,1.003211,0.712629,CYP,SVN,842310
2521039,59,207,8887,2008,86550.0,3411.0,1.592035,0.27983600000000003,CZE,SVN,842310
2521040,61,207,8887,2008,622462.0,1811.0,2.007167,-3.256961,DEU,SVN,842310
2521041,64,207,8887,2008,883.0,0.0,1.165294,1.1112440000000001,DNK,SVN,842310
2521042,71,207,8887,2008,19263.0,0.0,0.8755649999999999,2.122164,ESP,SVN,842310
2521043,77,207,8887,2008,4401.0,0.0,1.487702,-0.223965,FRA,SVN,842310
2521044,81,207,8887,2008,17803.0,0.0,1.7586119999999998,0.061214,GBR,SVN,842310
2521045,82,207,8887,2008,0.0,954.0,-0.355095,-0.660181,GEO,SVN,842310
2521046,97,207,8887,2008,29175.0,0.0,0.74435,2.149616,HKG,SVN,842310
2521047,100,207,8887,2008,8404.0,230192.0,0.874459,1.075102,HRV,SVN,842310
2521048,102,207,8887,2008,218810.0,21443.0,1.3358299999999999,0.8177770000000001,HUN,SVN,842310
2521049,107,207,8887,2008,0.0,3031.0,-0.9776469999999999,-1.054475,IRN,SVN,842310
2521050,111,207,8887,2008,117491.0,60428.0,1.308777,0.361523,ITA,SVN,842310
2521051,115,207,8887,2008,0.0,1127.0,-0.43055200000000005,-0.6852590000000001,KAZ,SVN,842310
2521052,130,207,8887,2008,6470.0,0.0,0.59033,0.961408,LTU,SVN,842310
2521053,132,207,8887,2008,0.0,2417.0,0.655489,1.0811540000000002,LVA,SVN,842310
2521054,135,207,8887,2008,0.0,9709.0,0.096913,-0.095718,MDA,SVN,842310
2521055,140,207,8887,2008,0.0,4305.0,-0.090639,-0.137401,MKD,SVN,842310
2521056,144,207,8887,2008,0.0,9987.0,0.321434,-0.168212,MNE,SVN,842310
2521057,162,207,8887,2008,4328.0,0.0,1.139475,1.385316,NLD,SVN,842310
2521058,177,207,8887,2008,6072.0,13117.0,1.037287,1.244457,POL,SVN,842310
2521059,185,207,8887,2008,0.0,124019.0,0.784924,1.235527,ROU,SVN,842310
2521060,186,207,8887,2008,0.0,31448.0,0.559059,-0.00886,RUS,SVN,842310
2521061,201,207,8887,2008,0.0,232761.0,0.615147,1.484149,SRB,SVN,842310
2521062,206,207,8887,2008,0.0,60769.0,1.3402040000000002,0.8038770000000001,SVK,SVN,842310
2521063,224,207,8887,2008,11130.0,0.0,0.44478,2.186881,TUR,SVN,842310
2521064,228,207,8887,2008,0.0,60899.0,0.59355,0.764415,UKR,SVN,842310
2521065,231,207,8887,2008,1863.0,0.0,1.584278,-0.209788,USA,SVN,842310
2521066,250,207,8887,2008,24893.0,0.0,0.547909,-0.5303640000000001,ANS,SVN,842310
2521067,7,208,8887,2008,0.0,2466.0,-0.276433,-0.692392,ARE,SWE,842310
2521068,14,208,8887,2008,0.0,4639.0,-0.171801,-0.012588,AUS,SWE,842310
2521069,15,208,8887,2008,134362.0,2069.0,1.634816,-0.078419,AUT,SWE,842310
2521070,18,208,8887,2008,232443.0,5379.0,1.297416,0.9716549999999999,BEL,SWE,842310
2521071,28,208,8887,2008,0.0,1226.0,0.9869,0.38977399999999995,BLR,SWE,842310
2521072,39,208,8887,2008,0.0,7873.0,0.684659,1.085312,CAN,SWE,842310
2521073,41,208,8887,2008,7753.0,18245.0,1.978404,0.368694,CHE,SWE,842310
2521074,43,208,8887,2008,2500010.0,31400.0,0.929285,1.8917259999999998,CHN,SWE,842310
2521075,59,208,8887,2008,0.0,21176.0,1.592035,0.27983600000000003,CZE,SWE,842310
2521076,61,208,8887,2008,1679808.0,20776.0,2.007167,-3.256961,DEU,SWE,842310
2521077,64,208,8887,2008,655569.0,263719.0,1.165294,1.1112440000000001,DNK,SWE,842310
2521078,71,208,8887,2008,0.0,26547.0,0.8755649999999999,2.122164,ESP,SWE,842310
2521079,72,208,8887,2008,1045.0,29797.0,0.749696,1.5173940000000001,EST,SWE,842310
2521080,74,208,8887,2008,3886.0,502949.0,1.767859,0.846409,FIN,SWE,842310
2521081,77,208,8887,2008,174540.0,145824.0,1.487702,-0.223965,FRA,SWE,842310
2521082,81,208,8887,2008,276660.0,7845.0,1.7586119999999998,0.061214,GBR,SWE,842310
2521083,97,208,8887,2008,887963.0,0.0,0.74435,2.149616,HKG,SWE,842310
2521084,102,208,8887,2008,93654.0,0.0,1.3358299999999999,0.8177770000000001,HUN,SWE,842310
2521085,103,208,8887,2008,381400.0,0.0,-0.11154000000000001,1.4879850000000001,IDN,SWE,842310
2521086,109,208,8887,2008,0.0,37939.0,0.26969899999999997,-0.29915,ISL,SWE,842310
2521087,111,208,8887,2008,10653.0,13664.0,1.308777,0.361523,ITA,SWE,842310
2521088,114,208,8887,2008,2364.0,0.0,2.285056,0.036255,JPN,SWE,842310
2521089,121,208,8887,2008,0.0,1574.0,1.491687,0.814692,KOR,SWE,842310
2521090,122,208,8887,2008,0.0,4719.0,-1.401297,-1.142945,KWT,SWE,842310
2521091,130,208,8887,2008,0.0,51698.0,0.59033,0.961408,LTU,SWE,842310
2521092,132,208,8887,2008,0.0,48555.0,0.655489,1.0811540000000002,LVA,SWE,842310
2521093,162,208,8887,2008,57591.0,11373.0,1.139475,1.385316,NLD,SWE,842310
2521094,163,208,8887,2008,50904.0,1022331.0,0.911428,-0.019318000000000002,NOR,SWE,842310
2521095,177,208,8887,2008,0.0,11748.0,1.037287,1.244457,POL,SWE,842310
2521096,179,208,8887,2008,0.0,7197.0,0.64135,2.1946939999999997,PRT,SWE,842310
2521097,186,208,8887,2008,0.0,39304.0,0.559059,-0.00886,RUS,SWE,842310
2521098,224,208,8887,2008,0.0,9022.0,0.44478,2.186881,TUR,SWE,842310
2521099,231,208,8887,2008,48699.0,10264.0,1.584278,-0.209788,USA,SWE,842310
2521100,246,208,8887,2008,0.0,2983.0,0.22551500000000002,1.185506,ZAF,SWE,842310
2521101,249,208,8887,2008,17489.0,0.0,1.611693,0.93875,TWN,SWE,842310
2521102,18,216,8887,2008,1248.0,0.0,1.297416,0.9716549999999999,BEL,THA,842310
2521103,35,216,8887,2008,0.0,732.0,-0.465287,-0.84941,BTN,THA,842310
2521104,43,216,8887,2008,1955037.0,2396.0,0.929285,1.8917259999999998,CHN,THA,842310
2521105,45,216,8887,2008,0.0,2506.0,-1.143808,-1.0725,CMR,THA,842310
2521106,59,216,8887,2008,8506.0,0.0,1.592035,0.27983600000000003,CZE,THA,842310
2521107,61,216,8887,2008,286564.0,0.0,2.007167,-3.256961,DEU,THA,842310
2521108,68,216,8887,2008,0.0,15030.0,-0.098316,1.134642,EGY,THA,842310
2521109,71,216,8887,2008,1081.0,0.0,0.8755649999999999,2.122164,ESP,THA,842310
2521110,97,216,8887,2008,98597.0,0.0,0.74435,2.149616,HKG,THA,842310
2521111,103,216,8887,2008,0.0,2367.0,-0.11154000000000001,1.4879850000000001,IDN,THA,842310
2521112,104,216,8887,2008,6340.0,0.0,0.26694,2.926023,IND,THA,842310
2521113,107,216,8887,2008,1960.0,0.0,-0.9776469999999999,-1.054475,IRN,THA,842310
2521114,111,216,8887,2008,2300.0,0.0,1.308777,0.361523,ITA,THA,842310
2521115,114,216,8887,2008,36263.0,0.0,2.285056,0.036255,JPN,THA,842310
2521116,118,216,8887,2008,0.0,1202.0,-1.064815,-1.098892,KHM,THA,842310
2521117,121,216,8887,2008,20069.0,0.0,1.491687,0.814692,KOR,THA,842310
2521118,137,216,8887,2008,0.0,3720.0,0.037203,-0.718439,MDV,THA,842310
2521119,143,216,8887,2008,0.0,8564.0,-1.501556,-1.1134110000000002,MMR,THA,842310
2521120,153,216,8887,2008,0.0,6047.0,0.793395,0.6141939999999999,MYS,THA,842310
2521121,174,216,8887,2008,0.0,12054.0,0.276488,-0.02957,PHL,THA,842310
2521122,192,216,8887,2008,3034.0,0.0,1.844543,0.5947020000000001,SGP,THA,842310
2521123,226,216,8887,2008,0.0,1573.0,-0.755692,0.8751690000000001,TZA,THA,842310
2521124,231,216,8887,2008,207947.0,0.0,1.584278,-0.209788,USA,THA,842310
2521125,249,216,8887,2008,12631.0,86279.0,1.611693,0.93875,TWN,THA,842310
2521126,6,222,8887,2008,798.0,0.0,0.31099,-0.536718,ANT,TTO,842310
2521127,33,222,8887,2008,0.0,1300.0,0.761035,0.615472,BRB,TTO,842310
2521128,43,222,8887,2008,26769.0,0.0,0.929285,1.8917259999999998,CHN,TTO,842310
2521129,71,222,8887,2008,5990.0,0.0,0.8755649999999999,2.122164,ESP,TTO,842310
2521130,97,222,8887,2008,8320.0,0.0,0.74435,2.149616,HKG,TTO,842310
2521131,114,222,8887,2008,4729.0,0.0,2.285056,0.036255,JPN,TTO,842310
2521132,169,222,8887,2008,5580.0,0.0,0.470854,0.960075,PAN,TTO,842310
2521133,231,222,8887,2008,15822.0,0.0,1.584278,-0.209788,USA,TTO,842310
2521134,4,224,8887,2008,0.0,1518.0,-0.252894,-0.0071400000000000005,ALB,TUR,842310
2521135,9,224,8887,2008,0.0,23609.0,0.360609,-0.038343,ARM,TUR,842310
2521136,16,224,8887,2008,0.0,90029.0,-0.7143109999999999,-1.114747,AZE,TUR,842310
2521137,18,224,8887,2008,237284.0,18493.0,1.297416,0.9716549999999999,BEL,TUR,842310
2521138,23,224,8887,2008,0.0,5755.0,0.44409,1.575399,BGR,TUR,842310
2521139,26,224,8887,2008,0.0,9472.0,0.480256,0.810361,BIH,TUR,842310
2521140,41,224,8887,2008,1796.0,0.0,1.978404,0.368694,CHE,TUR,842310
2521141,43,224,8887,2008,3264088.0,0.0,0.929285,1.8917259999999998,CHN,TUR,842310
2521142,58,224,8887,2008,0.0,29411.0,1.003211,0.712629,CYP,TUR,842310
2521143,61,224,8887,2008,658059.0,0.0,2.007167,-3.256961,DEU,TUR,842310
2521144,71,224,8887,2008,263753.0,5732.0,0.8755649999999999,2.122164,ESP,TUR,842310
2521145,77,224,8887,2008,546974.0,124229.0,1.487702,-0.223965,FRA,TUR,842310
2521146,81,224,8887,2008,315759.0,28764.0,1.7586119999999998,0.061214,GBR,TUR,842310
2521147,82,224,8887,2008,13331.0,6310.0,-0.355095,-0.660181,GEO,TUR,842310
2521148,83,224,8887,2008,0.0,2791.0,-0.9339360000000001,-0.701724,GHA,TUR,842310
2521149,90,224,8887,2008,0.0,1856.0,0.33272399999999996,1.758188,GRC,TUR,842310
2521150,97,224,8887,2008,18796.0,32210.0,0.74435,2.149616,HKG,TUR,842310
2521151,102,224,8887,2008,0.0,4914.0,1.3358299999999999,0.8177770000000001,HUN,TUR,842310
2521152,103,224,8887,2008,1059.0,0.0,-0.11154000000000001,1.4879850000000001,IDN,TUR,842310
2521153,107,224,8887,2008,0.0,25258.0,-0.9776469999999999,-1.054475,IRN,TUR,842310
2521154,108,224,8887,2008,0.0,5602.0,-1.6604189999999999,-0.886959,IRQ,TUR,842310
2521155,111,224,8887,2008,4964.0,3505.0,1.308777,0.361523,ITA,TUR,842310
2521156,114,224,8887,2008,3024.0,0.0,2.285056,0.036255,JPN,TUR,842310
2521157,115,224,8887,2008,0.0,2805.0,-0.43055200000000005,-0.6852590000000001,KAZ,TUR,842310
2521158,117,224,8887,2008,0.0,2647.0,-0.287826,-0.11858699999999998,KGZ,TUR,842310
2521159,121,224,8887,2008,11131.0,0.0,1.491687,0.814692,KOR,TUR,842310
2521160,124,224,8887,2008,0.0,1571.0,0.46133100000000005,1.4598149999999999,LBN,TUR,842310
2521161,126,224,8887,2008,0.0,14318.0,-1.156353,-1.133716,LBY,TUR,842310
2521162,135,224,8887,2008,0.0,1363.0,0.096913,-0.095718,MDA,TUR,842310
2521163,144,224,8887,2008,0.0,3099.0,0.321434,-0.168212,MNE,TUR,842310
2521164,159,224,8887,2008,0.0,1081.0,-1.9809139999999998,-1.189201,NGA,TUR,842310
2521165,162,224,8887,2008,32802.0,0.0,1.139475,1.385316,NLD,TUR,842310
2521166,183,224,8887,2008,0.0,4073.0,-0.36390900000000004,-1.0045549999999999,QAT,TUR,842310
2521167,185,224,8887,2008,0.0,2373.0,0.784924,1.235527,ROU,TUR,842310
2521168,186,224,8887,2008,0.0,4014.0,0.559059,-0.00886,RUS,TUR,842310
2521169,188,224,8887,2008,0.0,5151.0,-0.09849400000000001,-0.8998309999999999,SAU,TUR,842310
2521170,192,224,8887,2008,37708.0,0.0,1.844543,0.5947020000000001,SGP,TUR,842310
2521171,201,224,8887,2008,0.0,4173.0,0.615147,1.484149,SRB,TUR,842310
2521172,207,224,8887,2008,0.0,11130.0,1.5099209999999998,0.683663,SVN,TUR,842310
2521173,208,224,8887,2008,9022.0,0.0,1.866575,0.44342700000000007,SWE,TUR,842310
2521174,212,224,8887,2008,0.0,4926.0,-0.365789,0.877383,SYR,TUR,842310
2521175,219,224,8887,2008,0.0,17120.0,-1.094592,-1.166598,TKM,TUR,842310
2521176,228,224,8887,2008,0.0,60229.0,0.59355,0.764415,UKR,TUR,842310
2521177,231,224,8887,2008,6591.0,0.0,1.584278,-0.209788,USA,TUR,842310
2521178,232,224,8887,2008,0.0,3383.0,-0.470184,-0.773163,UZB,TUR,842310
2521179,8,230,8887,2008,21115.0,0.0,0.278837,0.496784,ARG,URY,842310
2521180,32,230,8887,2008,30492.0,0.0,0.444687,0.904332,BRA,URY,842310
2521181,43,230,8887,2008,330376.0,0.0,0.929285,1.8917259999999998,CHN,URY,842310
2521182,52,230,8887,2008,0.0,5833.0,0.023962,-0.346029,CRI,URY,842310
2521183,61,230,8887,2008,38222.0,0.0,2.007167,-3.256961,DEU,URY,842310
2521184,71,230,8887,2008,3437.0,0.0,0.8755649999999999,2.122164,ESP,URY,842310
2521185,81,230,8887,2008,1174.0,0.0,1.7586119999999998,0.061214,GBR,URY,842310
2521186,97,230,8887,2008,19320.0,0.0,0.74435,2.149616,HKG,URY,842310
2521187,104,230,8887,2008,3179.0,0.0,0.26694,2.926023,IND,URY,842310
2521188,106,230,8887,2008,1018.0,0.0,1.693858,0.221425,IRL,URY,842310
2521189,169,230,8887,2008,641.0,0.0,0.470854,0.960075,PAN,URY,842310
2521190,180,230,8887,2008,0.0,24677.0,-0.556298,-0.9503780000000001,PRY,URY,842310
2521191,231,230,8887,2008,41573.0,0.0,1.584278,-0.209788,USA,URY,842310
2521192,0,231,8887,2008,0.0,52600.0,-0.13050499999999998,-0.7932560000000001,ABW,USA,842310
2521193,3,231,8887,2008,0.0,2251.0,1.3673950000000001,0.124948,AIA,USA,842310
2521194,6,231,8887,2008,1724.0,11331.0,0.31099,-0.536718,ANT,USA,842310
2521195,7,231,8887,2008,2859.0,229555.0,-0.276433,-0.692392,ARE,USA,842310
2521196,8,231,8887,2008,0.0,125885.0,0.278837,0.496784,ARG,USA,842310
2521197,9,231,8887,2008,0.0,1377.0,0.360609,-0.038343,ARM,USA,842310
2521198,13,231,8887,2008,0.0,35824.0,1.041425,0.198248,ATG,USA,842310
2521199,14,231,8887,2008,0.0,1010442.0,-0.171801,-0.012588,AUS,USA,842310
2521200,15,231,8887,2008,0.0,168908.0,1.634816,-0.078419,AUT,USA,842310
2521201,16,231,8887,2008,0.0,4764.0,-0.7143109999999999,-1.114747,AZE,USA,842310
2521202,18,231,8887,2008,0.0,29855.0,1.297416,0.9716549999999999,BEL,USA,842310
2521203,23,231,8887,2008,0.0,103485.0,0.44409,1.575399,BGR,USA,842310
2521204,24,231,8887,2008,0.0,26490.0,0.335334,-0.81372,BHR,USA,842310
2521205,25,231,8887,2008,0.0,11108.0,0.470359,-0.5418890000000001,BHS,USA,842310
2521206,29,231,8887,2008,0.0,6913.0,-0.922266,-0.881167,BLZ,USA,842310
2521207,30,231,8887,2008,0.0,48180.0,-0.037808999999999995,-0.766089,BMU,USA,842310
2521208,31,231,8887,2008,0.0,156848.0,-0.852975,-0.88041,BOL,USA,842310
2521209,32,231,8887,2008,180741.0,660930.0,0.444687,0.904332,BRA,USA,842310
2521210,33,231,8887,2008,0.0,2883.0,0.761035,0.615472,BRB,USA,842310
2521211,37,231,8887,2008,0.0,1580.0,-0.191616,-0.848397,BWA,USA,842310
2521212,39,231,8887,2008,104310.0,3161740.0,0.684659,1.085312,CAN,USA,842310
2521213,41,231,8887,2008,21398.0,179696.0,1.978404,0.368694,CHE,USA,842310
2521214,42,231,8887,2008,0.0,272789.0,-0.293985,-0.349554,CHL,USA,842310
2521215,43,231,8887,2008,83661416.0,2105135.0,0.929285,1.8917259999999998,CHN,USA,842310
2521216,45,231,8887,2008,0.0,20950.0,-1.143808,-1.0725,CMR,USA,842310
2521217,49,231,8887,2008,0.0,388392.0,0.19505699999999998,0.566189,COL,USA,842310
2521218,52,231,8887,2008,0.0,71764.0,0.023962,-0.346029,CRI,USA,842310
2521219,58,231,8887,2008,0.0,1047.0,1.003211,0.712629,CYP,USA,842310
2521220,59,231,8887,2008,41945.0,1634.0,1.592035,0.27983600000000003,CZE,USA,842310
2521221,61,231,8887,2008,3168326.0,1084018.0,2.007167,-3.256961,DEU,USA,842310
2521222,63,231,8887,2008,0.0,1723.0,0.424179,0.04355,DMA,USA,842310
2521223,64,231,8887,2008,3909.0,106188.0,1.165294,1.1112440000000001,DNK,USA,842310
2521224,65,231,8887,2008,0.0,164895.0,-0.167958,0.241283,DOM,USA,842310
2521225,67,231,8887,2008,0.0,1371292.0,-0.859434,-0.972389,ECU,USA,842310
2521226,68,231,8887,2008,0.0,274883.0,-0.098316,1.134642,EGY,USA,842310
2521227,71,231,8887,2008,508300.0,90469.0,0.8755649999999999,2.122164,ESP,USA,842310
2521228,72,231,8887,2008,0.0,1117.0,0.749696,1.5173940000000001,EST,USA,842310
2521229,73,231,8887,2008,0.0,2777.0,-1.0084629999999999,-0.83993,ETH,USA,842310
2521230,74,231,8887,2008,2398.0,9037.0,1.767859,0.846409,FIN,USA,842310
2521231,75,231,8887,2008,0.0,945.0,-0.756592,-0.27005,FJI,USA,842310
2521232,77,231,8887,2008,1451.0,77954.0,1.487702,-0.223965,FRA,USA,842310
2521233,79,231,8887,2008,0.0,2075.0,-0.744394,-0.930508,FSM,USA,842310
2521234,81,231,8887,2008,753899.0,589332.0,1.7586119999999998,0.061214,GBR,USA,842310
2521235,82,231,8887,2008,0.0,1224.0,-0.355095,-0.660181,GEO,USA,842310
2521236,83,231,8887,2008,0.0,8321.0,-0.9339360000000001,-0.701724,GHA,USA,842310
2521237,89,231,8887,2008,0.0,4510.0,-1.059208,-0.843542,GNQ,USA,842310
2521238,90,231,8887,2008,0.0,47878.0,0.33272399999999996,1.758188,GRC,USA,842310
2521239,91,231,8887,2008,0.0,5956.0,0.6186010000000001,-0.170518,GRD,USA,842310
2521240,93,231,8887,2008,0.0,209637.0,-0.271973,0.720486,GTM,USA,842310
2521241,96,231,8887,2008,0.0,50061.0,-1.0439530000000001,-0.962007,GUY,USA,842310
2521242,97,231,8887,2008,2209597.0,403023.0,0.74435,2.149616,HKG,USA,842310
2521243,99,231,8887,2008,3395.0,1207031.0,-0.5907,-0.351317,HND,USA,842310
2521244,100,231,8887,2008,0.0,4443.0,0.874459,1.075102,HRV,USA,842310
2521245,101,231,8887,2008,0.0,3824.0,-1.087836,-0.967734,HTI,USA,842310
2521246,102,231,8887,2008,8575.0,71470.0,1.3358299999999999,0.8177770000000001,HUN,USA,842310
2521247,103,231,8887,2008,66968.0,63331.0,-0.11154000000000001,1.4879850000000001,IDN,USA,842310
2521248,104,231,8887,2008,16025.0,80447.0,0.26694,2.926023,IND,USA,842310
2521249,106,231,8887,2008,6903.0,167690.0,1.693858,0.221425,IRL,USA,842310
2521250,108,231,8887,2008,0.0,3276.0,-1.6604189999999999,-0.886959,IRQ,USA,842310
2521251,109,231,8887,2008,0.0,10139.0,0.26969899999999997,-0.29915,ISL,USA,842310
2521252,110,231,8887,2008,176788.0,147381.0,1.169192,0.797136,ISR,USA,842310
2521253,111,231,8887,2008,225161.0,49380.0,1.308777,0.361523,ITA,USA,842310
2521254,112,231,8887,2008,0.0,38272.0,-0.412969,-0.9444030000000001,JAM,USA,842310
2521255,113,231,8887,2008,0.0,91023.0,0.255463,0.45844799999999997,JOR,USA,842310
2521256,114,231,8887,2008,3323398.0,258538.0,2.285056,0.036255,JPN,USA,842310
2521257,116,231,8887,2008,0.0,53383.0,-0.284528,0.9378610000000001,KEN,USA,842310
2521258,117,231,8887,2008,0.0,1039.0,-0.287826,-0.11858699999999998,KGZ,USA,842310
2521259,120,231,8887,2008,0.0,5166.0,1.2613,-0.136295,KNA,USA,842310
2521260,121,231,8887,2008,8922.0,77787.0,1.491687,0.814692,KOR,USA,842310
2521261,122,231,8887,2008,0.0,65508.0,-1.401297,-1.142945,KWT,USA,842310
2521262,124,231,8887,2008,0.0,52938.0,0.46133100000000005,1.4598149999999999,LBN,USA,842310
2521263,126,231,8887,2008,0.0,2948.0,-1.156353,-1.133716,LBY,USA,842310
2521264,127,231,8887,2008,0.0,20774.0,0.42267899999999997,0.005129,LCA,USA,842310
2521265,130,231,8887,2008,2548.0,0.0,0.59033,0.961408,LTU,USA,842310
2521266,131,231,8887,2008,0.0,3497.0,1.39945,1.003857,LUX,USA,842310
2521267,133,231,8887,2008,2957.0,7563.0,0.352633,0.219317,MAC,USA,842310
2521268,138,231,8887,2008,5560.0,511235.0,0.9833639999999999,0.7687069999999999,MEX,USA,842310
2521269,141,231,8887,2008,0.0,2987.0,-0.274267,-0.51084,MLI,USA,842310
2521270,144,231,8887,2008,0.0,3109.0,0.321434,-0.168212,MNE,USA,842310
2521271,145,231,8887,2008,0.0,11000.0,-1.13585,-1.1076190000000001,MNG,USA,842310
2521272,147,231,8887,2008,0.0,2076.0,-0.982727,-0.8361219999999999,MOZ,USA,842310
2521273,149,231,8887,2008,0.0,490.0,1.375073,-0.275475,MSR,USA,842310
2521274,153,231,8887,2008,12761.0,101867.0,0.793395,0.6141939999999999,MYS,USA,842310
2521275,159,231,8887,2008,0.0,16730.0,-1.9809139999999998,-1.189201,NGA,USA,842310
2521276,160,231,8887,2008,0.0,26427.0,-0.869193,-0.676623,NIC,USA,842310
2521277,162,231,8887,2008,0.0,157793.0,1.139475,1.385316,NLD,USA,842310
2521278,163,231,8887,2008,1310.0,3297.0,0.911428,-0.019318000000000002,NOR,USA,842310
2521279,166,231,8887,2008,156295.0,266845.0,0.513416,0.753058,NZL,USA,842310
2521280,167,231,8887,2008,0.0,3245.0,-0.635199,-1.027136,OMN,USA,842310
2521281,168,231,8887,2008,0.0,5162.0,-0.401588,0.500668,PAK,USA,842310
2521282,169,231,8887,2008,0.0,369884.0,0.470854,0.960075,PAN,USA,842310
2521283,173,231,8887,2008,0.0,390743.0,-0.518126,0.17193599999999998,PER,USA,842310
2521284,174,231,8887,2008,0.0,76903.0,0.276488,-0.02957,PHL,USA,842310
2521285,176,231,8887,2008,0.0,6883.0,-1.6771330000000002,-1.18528,PNG,USA,842310
2521286,177,231,8887,2008,75063.0,9149.0,1.037287,1.244457,POL,USA,842310
2521287,179,231,8887,2008,0.0,8904.0,0.64135,2.1946939999999997,PRT,USA,842310
2521288,180,231,8887,2008,0.0,43558.0,-0.556298,-0.9503780000000001,PRY,USA,842310
2521289,182,231,8887,2008,0.0,2786.0,-0.255879,-0.714841,PYF,USA,842310
2521290,183,231,8887,2008,0.0,13113.0,-0.36390900000000004,-1.0045549999999999,QAT,USA,842310
2521291,185,231,8887,2008,0.0,3211.0,0.784924,1.235527,ROU,USA,842310
2521292,186,231,8887,2008,0.0,3157.0,0.559059,-0.00886,RUS,USA,842310
2521293,188,231,8887,2008,0.0,315321.0,-0.09849400000000001,-0.8998309999999999,SAU,USA,842310
2521294,191,231,8887,2008,0.0,5980.0,-0.478024,-0.313199,SEN,USA,842310
2521295,192,231,8887,2008,20012.0,255931.0,1.844543,0.5947020000000001,SGP,USA,842310
2521296,197,231,8887,2008,0.0,109970.0,-0.028986,0.369501,SLV,USA,842310
2521297,201,231,8887,2008,0.0,2508.0,0.615147,1.484149,SRB,USA,842310
2521298,205,231,8887,2008,0.0,7380.0,-0.766178,-0.8888,SUR,USA,842310
2521299,207,231,8887,2008,0.0,1863.0,1.5099209999999998,0.683663,SVN,USA,842310
2521300,208,231,8887,2008,10264.0,48699.0,1.866575,0.44342700000000007,SWE,USA,842310
2521301,213,231,8887,2008,0.0,5242.0,0.952044,0.23326100000000002,TCA,USA,842310
2521302,216,231,8887,2008,0.0,207947.0,0.7531399999999999,1.4420620000000002,THA,USA,842310
2521303,222,231,8887,2008,0.0,15822.0,-0.44752600000000003,-1.060906,TTO,USA,842310
2521304,223,231,8887,2008,0.0,5373.0,0.084141,0.676248,TUN,USA,842310
2521305,224,231,8887,2008,0.0,6591.0,0.44478,2.186881,TUR,USA,842310
2521306,226,231,8887,2008,0.0,20874.0,-0.755692,0.8751690000000001,TZA,USA,842310
2521307,230,231,8887,2008,0.0,41573.0,0.376164,0.049387,URY,USA,842310
2521308,234,231,8887,2008,0.0,3866.0,-0.598538,-0.8798459999999999,VCT,USA,842310
2521309,236,231,8887,2008,0.0,726869.0,-0.442996,-1.0439969999999998,VEN,USA,842310
2521310,239,231,8887,2008,0.0,78894.0,-0.207083,1.1323370000000001,VNM,USA,842310
2521311,243,231,8887,2008,0.0,10386.0,-1.227495,-1.191462,YEM,USA,842310
2521312,246,231,8887,2008,0.0,85696.0,0.22551500000000002,1.185506,ZAF,USA,842310
2521313,247,231,8887,2008,0.0,4918.0,-0.798489,-0.9437639999999999,ZMB,USA,842310
2521314,248,231,8887,2008,0.0,2705.0,-0.377992,-0.577244,ZWE,USA,842310
2521315,249,231,8887,2008,240970.0,202606.0,1.611693,0.93875,TWN,USA,842310
2521316,6,236,8887,2008,0.0,103.0,0.31099,-0.536718,ANT,VEN,842310
2521317,8,236,8887,2008,22481.0,0.0,0.278837,0.496784,ARG,VEN,842310
2521318,39,236,8887,2008,6773.0,0.0,0.684659,1.085312,CAN,VEN,842310
2521319,43,236,8887,2008,709758.0,0.0,0.929285,1.8917259999999998,CHN,VEN,842310
2521320,52,236,8887,2008,318129.0,0.0,0.023962,-0.346029,CRI,VEN,842310
2521321,54,236,8887,2008,1404.0,0.0,-0.23158299999999998,-0.892943,CUB,VEN,842310
2521322,61,236,8887,2008,25076.0,0.0,2.007167,-3.256961,DEU,VEN,842310
2521323,71,236,8887,2008,29885.0,0.0,0.8755649999999999,2.122164,ESP,VEN,842310
2521324,97,236,8887,2008,57512.0,0.0,0.74435,2.149616,HKG,VEN,842310
2521325,111,236,8887,2008,4845.0,0.0,1.308777,0.361523,ITA,VEN,842310
2521326,169,236,8887,2008,187194.0,0.0,0.470854,0.960075,PAN,VEN,842310
2521327,231,236,8887,2008,726869.0,0.0,1.584278,-0.209788,USA,VEN,842310
2521328,7,243,8887,2008,41057.0,0.0,-0.276433,-0.692392,ARE,YEM,842310
2521329,43,243,8887,2008,80614.0,0.0,0.929285,1.8917259999999998,CHN,YEM,842310
2521330,61,243,8887,2008,13629.0,0.0,2.007167,-3.256961,DEU,YEM,842310
2521331,64,243,8887,2008,21595.0,0.0,1.165294,1.1112440000000001,DNK,YEM,842310
2521332,77,243,8887,2008,1119.0,0.0,1.487702,-0.223965,FRA,YEM,842310
2521333,111,243,8887,2008,4018.0,0.0,1.308777,0.361523,ITA,YEM,842310
2521334,231,243,8887,2008,10386.0,0.0,1.584278,-0.209788,USA,YEM,842310
2521335,250,243,8887,2008,2246.0,0.0,0.547909,-0.5303640000000001,ANS,YEM,842310
2521336,2,246,8887,2008,0.0,10904.0,-2.0318669999999996,-1.149931,AGO,ZAF,842310
2521337,18,246,8887,2008,7636.0,0.0,1.297416,0.9716549999999999,BEL,ZAF,842310
2521338,37,246,8887,2008,0.0,107016.0,-0.191616,-0.848397,BWA,ZAF,842310
2521339,38,246,8887,2008,0.0,1246.0,-0.387367,-0.767895,CAF,ZAF,842310
2521340,43,246,8887,2008,1780434.0,17291.0,0.929285,1.8917259999999998,CHN,ZAF,842310
2521341,46,246,8887,2008,0.0,2754.0,-1.513117,-1.141895,COD,ZAF,842310
2521342,59,246,8887,2008,3101.0,0.0,1.592035,0.27983600000000003,CZE,ZAF,842310
2521343,61,246,8887,2008,394721.0,0.0,2.007167,-3.256961,DEU,ZAF,842310
2521344,64,246,8887,2008,0.0,754.0,1.165294,1.1112440000000001,DNK,ZAF,842310
2521345,77,246,8887,2008,57235.0,0.0,1.487702,-0.223965,FRA,ZAF,842310
2521346,80,246,8887,2008,0.0,2235.0,-1.316179,-1.117633,GAB,ZAF,842310
2521347,81,246,8887,2008,90590.0,0.0,1.7586119999999998,0.061214,GBR,ZAF,842310
2521348,83,246,8887,2008,0.0,6263.0,-0.9339360000000001,-0.701724,GHA,ZAF,842310
2521349,85,246,8887,2008,0.0,1187.0,-1.530997,-1.171231,GIN,ZAF,842310
2521350,87,246,8887,2008,0.0,1681.0,-0.39378,-0.509879,GMB,ZAF,842310
2521351,97,246,8887,2008,210091.0,0.0,0.74435,2.149616,HKG,ZAF,842310
2521352,102,246,8887,2008,31764.0,0.0,1.3358299999999999,0.8177770000000001,HUN,ZAF,842310
2521353,104,246,8887,2008,1181.0,0.0,0.26694,2.926023,IND,ZAF,842310
2521354,111,246,8887,2008,7006.0,0.0,1.308777,0.361523,ITA,ZAF,842310
2521355,114,246,8887,2008,4694.0,0.0,2.285056,0.036255,JPN,ZAF,842310
2521356,129,246,8887,2008,0.0,20601.0,-0.9549120000000001,-0.987166,LSO,ZAF,842310
2521357,130,246,8887,2008,11209.0,0.0,0.59033,0.961408,LTU,ZAF,842310
2521358,136,246,8887,2008,0.0,1194.0,-0.9618190000000001,-0.348841,MDG,ZAF,842310
2521359,147,246,8887,2008,0.0,25672.0,-0.982727,-0.8361219999999999,MOZ,ZAF,842310
2521360,151,246,8887,2008,0.0,24338.0,-0.337563,-0.144226,MUS,ZAF,842310
2521361,152,246,8887,2008,0.0,15783.0,-1.387548,-1.184696,MWI,ZAF,842310
2521362,155,246,8887,2008,0.0,147709.0,-0.104196,-0.301923,NAM,ZAF,842310
2521363,159,246,8887,2008,0.0,6167.0,-1.9809139999999998,-1.189201,NGA,ZAF,842310
2521364,162,246,8887,2008,38622.0,0.0,1.139475,1.385316,NLD,ZAF,842310
2521365,166,246,8887,2008,2420.0,0.0,0.513416,0.753058,NZL,ZAF,842310
2521366,179,246,8887,2008,0.0,946.0,0.64135,2.1946939999999997,PRT,ZAF,842310
2521367,181,246,8887,2008,0.0,596.0,0.19076300000000002,1.019001,PSE,ZAF,842310
2521368,187,246,8887,2008,0.0,23375.0,-0.770307,-0.650779,RWA,ZAF,842310
2521369,188,246,8887,2008,0.0,12738.0,-0.09849400000000001,-0.8998309999999999,SAU,ZAF,842310
2521370,208,246,8887,2008,2983.0,0.0,1.866575,0.44342700000000007,SWE,ZAF,842310
2521371,209,246,8887,2008,348.0,62047.0,0.761506,0.29043,SWZ,ZAF,842310
2521372,211,246,8887,2008,0.0,1716.0,0.29189699999999996,-0.47472600000000004,SYC,ZAF,842310
2521373,226,246,8887,2008,0.0,5150.0,-0.755692,0.8751690000000001,TZA,ZAF,842310
2521374,227,246,8887,2008,0.0,9175.0,-0.653885,-0.035455,UGA,ZAF,842310
2521375,231,246,8887,2008,85696.0,0.0,1.584278,-0.209788,USA,ZAF,842310
2521376,247,246,8887,2008,0.0,60194.0,-0.798489,-0.9437639999999999,ZMB,ZAF,842310
2521377,248,246,8887,2008,0.0,18025.0,-0.377992,-0.577244,ZWE,ZAF,842310
2521378,249,246,8887,2008,5874.0,0.0,1.611693,0.93875,TWN,ZAF,842310
2521379,5,249,8887,2008,0.0,1324.0,0.971109,0.749296,AND,TWN,842310
2521380,7,249,8887,2008,0.0,13814.0,-0.276433,-0.692392,ARE,TWN,842310
2521381,14,249,8887,2008,0.0,57383.0,-0.171801,-0.012588,AUS,TWN,842310
2521382,15,249,8887,2008,0.0,14327.0,1.634816,-0.078419,AUT,TWN,842310
2521383,18,249,8887,2008,0.0,21318.0,1.297416,0.9716549999999999,BEL,TWN,842310
2521384,24,249,8887,2008,0.0,1234.0,0.335334,-0.81372,BHR,TWN,842310
2521385,39,249,8887,2008,0.0,45892.0,0.684659,1.085312,CAN,TWN,842310
2521386,41,249,8887,2008,0.0,100488.0,1.978404,0.368694,CHE,TWN,842310
2521387,42,249,8887,2008,0.0,6856.0,-0.293985,-0.349554,CHL,TWN,842310
2521388,43,249,8887,2008,2370622.0,4340.0,0.929285,1.8917259999999998,CHN,TWN,842310
2521389,45,249,8887,2008,0.0,807.0,-1.143808,-1.0725,CMR,TWN,842310
2521390,59,249,8887,2008,0.0,1573.0,1.592035,0.27983600000000003,CZE,TWN,842310
2521391,61,249,8887,2008,119449.0,12530.0,2.007167,-3.256961,DEU,TWN,842310
2521392,64,249,8887,2008,0.0,42886.0,1.165294,1.1112440000000001,DNK,TWN,842310
2521393,68,249,8887,2008,0.0,1844.0,-0.098316,1.134642,EGY,TWN,842310
2521394,71,249,8887,2008,0.0,2062.0,0.8755649999999999,2.122164,ESP,TWN,842310
2521395,72,249,8887,2008,0.0,2100.0,0.749696,1.5173940000000001,EST,TWN,842310
2521396,74,249,8887,2008,0.0,57935.0,1.767859,0.846409,FIN,TWN,842310
2521397,77,249,8887,2008,0.0,112463.0,1.487702,-0.223965,FRA,TWN,842310
2521398,79,249,8887,2008,0.0,2082.0,-0.744394,-0.930508,FSM,TWN,842310
2521399,81,249,8887,2008,26944.0,281977.0,1.7586119999999998,0.061214,GBR,TWN,842310
2521400,97,249,8887,2008,973873.0,117823.0,0.74435,2.149616,HKG,TWN,842310
2521401,99,249,8887,2008,0.0,3409.0,-0.5907,-0.351317,HND,TWN,842310
2521402,103,249,8887,2008,0.0,19852.0,-0.11154000000000001,1.4879850000000001,IDN,TWN,842310
2521403,104,249,8887,2008,0.0,13225.0,0.26694,2.926023,IND,TWN,842310
2521404,106,249,8887,2008,0.0,10515.0,1.693858,0.221425,IRL,TWN,842310
2521405,109,249,8887,2008,0.0,453.0,0.26969899999999997,-0.29915,ISL,TWN,842310
2521406,110,249,8887,2008,1868.0,33140.0,1.169192,0.797136,ISR,TWN,842310
2521407,111,249,8887,2008,2878.0,24724.0,1.308777,0.361523,ITA,TWN,842310
2521408,114,249,8887,2008,34012.0,8117.0,2.285056,0.036255,JPN,TWN,842310
2521409,115,249,8887,2008,0.0,921.0,-0.43055200000000005,-0.6852590000000001,KAZ,TWN,842310
2521410,116,249,8887,2008,0.0,2300.0,-0.284528,0.9378610000000001,KEN,TWN,842310
2521411,121,249,8887,2008,5033.0,5427.0,1.491687,0.814692,KOR,TWN,842310
2521412,122,249,8887,2008,0.0,4406.0,-1.401297,-1.142945,KWT,TWN,842310
2521413,128,249,8887,2008,0.0,1921.0,-0.48245200000000005,0.295892,LKA,TWN,842310
2521414,129,249,8887,2008,0.0,2900.0,-0.9549120000000001,-0.987166,LSO,TWN,842310
2521415,130,249,8887,2008,0.0,2900.0,0.59033,0.961408,LTU,TWN,842310
2521416,131,249,8887,2008,0.0,1100.0,1.39945,1.003857,LUX,TWN,842310
2521417,132,249,8887,2008,0.0,5773.0,0.655489,1.0811540000000002,LVA,TWN,842310
2521418,133,249,8887,2008,0.0,1767.0,0.352633,0.219317,MAC,TWN,842310
2521419,135,249,8887,2008,0.0,2362.0,0.096913,-0.095718,MDA,TWN,842310
2521420,139,249,8887,2008,0.0,1673.0,-1.092352,-0.9263600000000001,MHL,TWN,842310
2521421,143,249,8887,2008,0.0,3027.0,-1.501556,-1.1134110000000002,MMR,TWN,842310
2521422,152,249,8887,2008,0.0,1973.0,-1.387548,-1.184696,MWI,TWN,842310
2521423,153,249,8887,2008,0.0,9832.0,0.793395,0.6141939999999999,MYS,TWN,842310
2521424,159,249,8887,2008,0.0,1052.0,-1.9809139999999998,-1.189201,NGA,TWN,842310
2521425,160,249,8887,2008,0.0,9803.0,-0.869193,-0.676623,NIC,TWN,842310
2521426,162,249,8887,2008,3767.0,3931.0,1.139475,1.385316,NLD,TWN,842310
2521427,163,249,8887,2008,0.0,29550.0,0.911428,-0.019318000000000002,NOR,TWN,842310
2521428,166,249,8887,2008,0.0,2654.0,0.513416,0.753058,NZL,TWN,842310
2521429,169,249,8887,2008,0.0,27557.0,0.470854,0.960075,PAN,TWN,842310
2521430,173,249,8887,2008,0.0,2715.0,-0.518126,0.17193599999999998,PER,TWN,842310
2521431,174,249,8887,2008,0.0,73540.0,0.276488,-0.02957,PHL,TWN,842310
2521432,177,249,8887,2008,0.0,3689.0,1.037287,1.244457,POL,TWN,842310
2521433,182,249,8887,2008,0.0,3513.0,-0.255879,-0.714841,PYF,TWN,842310
2521434,183,249,8887,2008,0.0,3174.0,-0.36390900000000004,-1.0045549999999999,QAT,TWN,842310
2521435,188,249,8887,2008,0.0,37138.0,-0.09849400000000001,-0.8998309999999999,SAU,TWN,842310
2521436,192,249,8887,2008,0.0,7454.0,1.844543,0.5947020000000001,SGP,TWN,842310
2521437,206,249,8887,2008,0.0,1966.0,1.3402040000000002,0.8038770000000001,SVK,TWN,842310
2521438,208,249,8887,2008,0.0,17489.0,1.866575,0.44342700000000007,SWE,TWN,842310
2521439,212,249,8887,2008,0.0,3207.0,-0.365789,0.877383,SYR,TWN,842310
2521440,216,249,8887,2008,86279.0,12631.0,0.7531399999999999,1.4420620000000002,THA,TWN,842310
2521441,221,249,8887,2008,0.0,916.0,-0.174192,-0.559636,TON,TWN,842310
2521442,231,249,8887,2008,202606.0,240970.0,1.584278,-0.209788,USA,TWN,842310
2521443,239,249,8887,2008,8816.0,4242.0,-0.207083,1.1323370000000001,VNM,TWN,842310
2521444,246,249,8887,2008,0.0,5874.0,0.22551500000000002,1.185506,ZAF,TWN,842310
2521445,7,14,8887,2008,16247.0,0.0,-0.276433,-0.692392,ARE,AUS,842310
2521446,22,14,8887,2008,0.0,6605.0,-0.852774,-0.766779,BGD,AUS,842310
2521447,24,14,8887,2008,0.0,922.0,0.335334,-0.81372,BHR,AUS,842310
2521448,39,14,8887,2008,2772.0,0.0,0.684659,1.085312,CAN,AUS,842310
2521449,41,14,8887,2008,1837.0,0.0,1.978404,0.368694,CHE,AUS,842310
2521450,43,14,8887,2008,6344626.0,0.0,0.929285,1.8917259999999998,CHN,AUS,842310
2521451,59,14,8887,2008,63095.0,0.0,1.592035,0.27983600000000003,CZE,AUS,842310
2521452,61,14,8887,2008,1366322.0,9376.0,2.007167,-3.256961,DEU,AUS,842310
2521453,64,14,8887,2008,6471.0,0.0,1.165294,1.1112440000000001,DNK,AUS,842310
2521454,71,14,8887,2008,91927.0,6186.0,0.8755649999999999,2.122164,ESP,AUS,842310
2521455,75,14,8887,2008,0.0,7924.0,-0.756592,-0.27005,FJI,AUS,842310
2521456,77,14,8887,2008,37426.0,0.0,1.487702,-0.223965,FRA,AUS,842310
2521457,81,14,8887,2008,283335.0,10718.0,1.7586119999999998,0.061214,GBR,AUS,842310
2521458,83,14,8887,2008,0.0,1263.0,-0.9339360000000001,-0.701724,GHA,AUS,842310
2521459,97,14,8887,2008,1171337.0,0.0,0.74435,2.149616,HKG,AUS,842310
2521460,103,14,8887,2008,1094.0,0.0,-0.11154000000000001,1.4879850000000001,IDN,AUS,842310
2521461,106,14,8887,2008,0.0,1572.0,1.693858,0.221425,IRL,AUS,842310
2521462,109,14,8887,2008,0.0,119.0,0.26969899999999997,-0.29915,ISL,AUS,842310
2521463,110,14,8887,2008,1216.0,0.0,1.169192,0.797136,ISR,AUS,842310
2521464,111,14,8887,2008,5403.0,0.0,1.308777,0.361523,ITA,AUS,842310
2521465,114,14,8887,2008,94296.0,0.0,2.285056,0.036255,JPN,AUS,842310
2521466,119,14,8887,2008,0.0,2451.0,0.122065,-0.667883,KIR,AUS,842310
2521467,121,14,8887,2008,8388.0,2597.0,1.491687,0.814692,KOR,AUS,842310
2521468,130,14,8887,2008,2339.0,0.0,0.59033,0.961408,LTU,AUS,842310
2521469,138,14,8887,2008,0.0,9980.0,0.9833639999999999,0.7687069999999999,MEX,AUS,842310
2521470,153,14,8887,2008,1039.0,0.0,0.793395,0.6141939999999999,MYS,AUS,842310
2521471,156,14,8887,2008,0.0,1218.0,-0.21304099999999998,-0.8147300000000001,NCL,AUS,842310
2521472,163,14,8887,2008,0.0,1423.0,0.911428,-0.019318000000000002,NOR,AUS,842310
2521473,166,14,8887,2008,21365.0,77813.0,0.513416,0.753058,NZL,AUS,842310
2521474,174,14,8887,2008,0.0,5197.0,0.276488,-0.02957,PHL,AUS,842310
2521475,176,14,8887,2008,0.0,2968.0,-1.6771330000000002,-1.18528,PNG,AUS,842310
2521476,192,14,8887,2008,56012.0,8778.0,1.844543,0.5947020000000001,SGP,AUS,842310
2521477,206,14,8887,2008,2028.0,0.0,1.3402040000000002,0.8038770000000001,SVK,AUS,842310
2521478,208,14,8887,2008,4639.0,0.0,1.866575,0.44342700000000007,SWE,AUS,842310
2521479,231,14,8887,2008,1010442.0,0.0,1.584278,-0.209788,USA,AUS,842310
2521480,249,14,8887,2008,57383.0,0.0,1.611693,0.93875,TWN,AUS,842310
2521481,7,16,8887,2008,1039.0,0.0,-0.276433,-0.692392,ARE,AZE,842310
2521482,43,16,8887,2008,2600.0,0.0,0.929285,1.8917259999999998,CHN,AZE,842310
2521483,59,16,8887,2008,4245.0,0.0,1.592035,0.27983600000000003,CZE,AZE,842310
2521484,61,16,8887,2008,26042.0,0.0,2.007167,-3.256961,DEU,AZE,842310
2521485,77,16,8887,2008,1102.0,0.0,1.487702,-0.223965,FRA,AZE,842310
2521486,82,16,8887,2008,0.0,19023.0,-0.355095,-0.660181,GEO,AZE,842310
2521487,177,16,8887,2008,1517.0,0.0,1.037287,1.244457,POL,AZE,842310
2521488,224,16,8887,2008,90029.0,0.0,0.44478,2.186881,TUR,AZE,842310
2521489,231,16,8887,2008,4764.0,0.0,1.584278,-0.209788,USA,AZE,842310
2521490,14,22,8887,2008,6605.0,0.0,-0.171801,-0.012588,AUS,BGD,842310
2521491,43,22,8887,2008,224127.0,0.0,0.929285,1.8917259999999998,CHN,BGD,842310
2521492,61,22,8887,2008,22319.0,0.0,2.007167,-3.256961,DEU,BGD,842310
2521493,97,22,8887,2008,45624.0,0.0,0.74435,2.149616,HKG,BGD,842310
2521494,103,22,8887,2008,59862.0,0.0,-0.11154000000000001,1.4879850000000001,IDN,BGD,842310
2521495,104,22,8887,2008,89741.0,0.0,0.26694,2.926023,IND,BGD,842310
2521496,114,22,8887,2008,2300.0,0.0,2.285056,0.036255,JPN,BGD,842310
2521497,162,22,8887,2008,4856.0,0.0,1.139475,1.385316,NLD,BGD,842310
2521498,174,22,8887,2008,0.0,2080.0,0.276488,-0.02957,PHL,BGD,842310
2521499,192,22,8887,2008,21750.0,0.0,1.844543,0.5947020000000001,SGP,BGD,842310
2521500,15,23,8887,2008,44206.0,0.0,1.634816,-0.078419,AUT,BGR,842310
2521501,18,23,8887,2008,10417.0,0.0,1.297416,0.9716549999999999,BEL,BGR,842310
2521502,41,23,8887,2008,1008.0,0.0,1.978404,0.368694,CHE,BGR,842310
2521503,43,23,8887,2008,281073.0,0.0,0.929285,1.8917259999999998,CHN,BGR,842310
2521504,59,23,8887,2008,9440.0,0.0,1.592035,0.27983600000000003,CZE,BGR,842310
2521505,61,23,8887,2008,139536.0,0.0,2.007167,-3.256961,DEU,BGR,842310
2521506,71,23,8887,2008,83931.0,0.0,0.8755649999999999,2.122164,ESP,BGR,842310
2521507,77,23,8887,2008,2167.0,1384.0,1.487702,-0.223965,FRA,BGR,842310
2521508,81,23,8887,2008,2556.0,0.0,1.7586119999999998,0.061214,GBR,BGR,842310
2521509,90,23,8887,2008,16004.0,1986.0,0.33272399999999996,1.758188,GRC,BGR,842310
2521510,97,23,8887,2008,1796.0,0.0,0.74435,2.149616,HKG,BGR,842310
2521511,102,23,8887,2008,221401.0,0.0,1.3358299999999999,0.8177770000000001,HUN,BGR,842310
2521512,111,23,8887,2008,229464.0,0.0,1.308777,0.361523,ITA,BGR,842310
2521513,121,23,8887,2008,23368.0,0.0,1.491687,0.814692,KOR,BGR,842310
2521514,130,23,8887,2008,4734.0,0.0,0.59033,0.961408,LTU,BGR,842310
2521515,132,23,8887,2008,1736.0,0.0,0.655489,1.0811540000000002,LVA,BGR,842310
2521516,144,23,8887,2008,0.0,1094.0,0.321434,-0.168212,MNE,BGR,842310
2521517,162,23,8887,2008,7357.0,0.0,1.139475,1.385316,NLD,BGR,842310
2521518,177,23,8887,2008,14618.0,0.0,1.037287,1.244457,POL,BGR,842310
2521519,185,23,8887,2008,0.0,8982.0,0.784924,1.235527,ROU,BGR,842310
2521520,206,23,8887,2008,962.0,0.0,1.3402040000000002,0.8038770000000001,SVK,BGR,842310
2521521,207,23,8887,2008,71346.0,9382.0,1.5099209999999998,0.683663,SVN,BGR,842310
2521522,224,23,8887,2008,5755.0,0.0,0.44478,2.186881,TUR,BGR,842310
2521523,231,23,8887,2008,103485.0,0.0,1.584278,-0.209788,USA,BGR,842310
2521524,14,24,8887,2008,922.0,0.0,-0.171801,-0.012588,AUS,BHR,842310
2521525,43,24,8887,2008,12170.0,0.0,0.929285,1.8917259999999998,CHN,BHR,842310
2521526,61,24,8887,2008,55156.0,0.0,2.007167,-3.256961,DEU,BHR,842310
2521527,71,24,8887,2008,15074.0,0.0,0.8755649999999999,2.122164,ESP,BHR,842310
2521528,77,24,8887,2008,18582.0,0.0,1.487702,-0.223965,FRA,BHR,842310
2521529,81,24,8887,2008,6396.0,0.0,1.7586119999999998,0.061214,GBR,BHR,842310
2521530,104,24,8887,2008,4617.0,0.0,0.26694,2.926023,IND,BHR,842310
2521531,111,24,8887,2008,1375.0,0.0,1.308777,0.361523,ITA,BHR,842310
2521532,114,24,8887,2008,2773.0,0.0,2.285056,0.036255,JPN,BHR,842310
2521533,121,24,8887,2008,1575.0,0.0,1.491687,0.814692,KOR,BHR,842310
2521534,192,24,8887,2008,1228.0,0.0,1.844543,0.5947020000000001,SGP,BHR,842310
2521535,231,24,8887,2008,26490.0,0.0,1.584278,-0.209788,USA,BHR,842310
2521536,249,24,8887,2008,1234.0,0.0,1.611693,0.93875,TWN,BHR,842310
2521537,15,26,8887,2008,17707.0,0.0,1.634816,-0.078419,AUT,BIH,842310
2521538,43,26,8887,2008,1793.0,0.0,0.929285,1.8917259999999998,CHN,BIH,842310
2521539,59,26,8887,2008,1103.0,0.0,1.592035,0.27983600000000003,CZE,BIH,842310
2521540,61,26,8887,2008,35468.0,0.0,2.007167,-3.256961,DEU,BIH,842310
2521541,68,26,8887,2008,631.0,0.0,-0.098316,1.134642,EGY,BIH,842310
2521542,77,26,8887,2008,20434.0,0.0,1.487702,-0.223965,FRA,BIH,842310
2521543,100,26,8887,2008,39679.0,0.0,0.874459,1.075102,HRV,BIH,842310
2521544,102,26,8887,2008,32647.0,0.0,1.3358299999999999,0.8177770000000001,HUN,BIH,842310
2521545,111,26,8887,2008,1548.0,0.0,1.308777,0.361523,ITA,BIH,842310
2521546,144,26,8887,2008,0.0,2775.0,0.321434,-0.168212,MNE,BIH,842310
2521547,162,26,8887,2008,1805.0,0.0,1.139475,1.385316,NLD,BIH,842310
2521548,177,26,8887,2008,1910.0,0.0,1.037287,1.244457,POL,BIH,842310
2521549,186,26,8887,2008,1271.0,0.0,0.559059,-0.00886,RUS,BIH,842310
2521550,201,26,8887,2008,12132.0,0.0,0.615147,1.484149,SRB,BIH,842310
2521551,207,26,8887,2008,39115.0,0.0,1.5099209999999998,0.683663,SVN,BIH,842310
2521552,224,26,8887,2008,9472.0,0.0,0.44478,2.186881,TUR,BIH,842310
2521553,43,28,8887,2008,487811.0,0.0,0.929285,1.8917259999999998,CHN,BLR,842310
2521554,59,28,8887,2008,16188.0,0.0,1.592035,0.27983600000000003,CZE,BLR,842310
2521555,61,28,8887,2008,330664.0,0.0,2.007167,-3.256961,DEU,BLR,842310
2521556,72,28,8887,2008,18673.0,0.0,0.749696,1.5173940000000001,EST,BLR,842310
2521557,77,28,8887,2008,30086.0,0.0,1.487702,-0.223965,FRA,BLR,842310
2521558,81,28,8887,2008,5088.0,0.0,1.7586119999999998,0.061214,GBR,BLR,842310
2521559,102,28,8887,2008,3912.0,0.0,1.3358299999999999,0.8177770000000001,HUN,BLR,842310
2521560,130,28,8887,2008,18432.0,0.0,0.59033,0.961408,LTU,BLR,842310
2521561,132,28,8887,2008,0.0,8845.0,0.655489,1.0811540000000002,LVA,BLR,842310
2521562,177,28,8887,2008,18651.0,0.0,1.037287,1.244457,POL,BLR,842310
2521563,186,28,8887,2008,13713.0,14431.0,0.559059,-0.00886,RUS,BLR,842310
2521564,207,28,8887,2008,4080.0,0.0,1.5099209999999998,0.683663,SVN,BLR,842310
2521565,208,28,8887,2008,1226.0,0.0,1.866575,0.44342700000000007,SWE,BLR,842310
2521566,18,58,8887,2008,23651.0,0.0,1.297416,0.9716549999999999,BEL,CYP,842310
2521567,43,58,8887,2008,85395.0,0.0,0.929285,1.8917259999999998,CHN,CYP,842310
2521568,61,58,8887,2008,66265.0,0.0,2.007167,-3.256961,DEU,CYP,842310
2521569,64,58,8887,2008,1437.0,0.0,1.165294,1.1112440000000001,DNK,CYP,842310
2521570,71,58,8887,2008,12390.0,0.0,0.8755649999999999,2.122164,ESP,CYP,842310
2521571,77,58,8887,2008,54151.0,0.0,1.487702,-0.223965,FRA,CYP,842310
2521572,81,58,8887,2008,19514.0,0.0,1.7586119999999998,0.061214,GBR,CYP,842310
2521573,90,58,8887,2008,45966.0,45857.0,0.33272399999999996,1.758188,GRC,CYP,842310
2521574,97,58,8887,2008,25889.0,0.0,0.74435,2.149616,HKG,CYP,842310
2521575,103,58,8887,2008,74301.0,0.0,-0.11154000000000001,1.4879850000000001,IDN,CYP,842310
2521576,111,58,8887,2008,20472.0,0.0,1.308777,0.361523,ITA,CYP,842310
2521577,162,58,8887,2008,21323.0,0.0,1.139475,1.385316,NLD,CYP,842310
2521578,207,58,8887,2008,3976.0,0.0,1.5099209999999998,0.683663,SVN,CYP,842310
2521579,224,58,8887,2008,29411.0,0.0,0.44478,2.186881,TUR,CYP,842310
2521580,231,58,8887,2008,1047.0,0.0,1.584278,-0.209788,USA,CYP,842310
2521581,9,59,8887,2008,0.0,918.0,0.360609,-0.038343,ARM,CZE,842310
2521582,14,59,8887,2008,0.0,63095.0,-0.171801,-0.012588,AUS,CZE,842310
2521583,15,59,8887,2008,103346.0,5846.0,1.634816,-0.078419,AUT,CZE,842310
2521584,16,59,8887,2008,0.0,4245.0,-0.7143109999999999,-1.114747,AZE,CZE,842310
2521585,18,59,8887,2008,126928.0,0.0,1.297416,0.9716549999999999,BEL,CZE,842310
2521586,21,59,8887,2008,0.0,4997.0,-1.076309,-1.012701,BFA,CZE,842310
2521587,23,59,8887,2008,0.0,9440.0,0.44409,1.575399,BGR,CZE,842310
2521588,26,59,8887,2008,0.0,1103.0,0.480256,0.810361,BIH,CZE,842310
2521589,28,59,8887,2008,0.0,16188.0,0.9869,0.38977399999999995,BLR,CZE,842310
2521590,31,59,8887,2008,0.0,5744.0,-0.852975,-0.88041,BOL,CZE,842310
2521591,39,59,8887,2008,0.0,2530.0,0.684659,1.085312,CAN,CZE,842310
2521592,41,59,8887,2008,5598.0,5513.0,1.978404,0.368694,CHE,CZE,842310
2521593,42,59,8887,2008,0.0,39835.0,-0.293985,-0.349554,CHL,CZE,842310
2521594,43,59,8887,2008,1465135.0,0.0,0.929285,1.8917259999999998,CHN,CZE,842310
2521595,44,59,8887,2008,0.0,12034.0,-0.9806040000000001,-0.730792,CIV,CZE,842310
2521596,61,59,8887,2008,2006308.0,1793722.0,2.007167,-3.256961,DEU,CZE,842310
2521597,64,59,8887,2008,1921.0,0.0,1.165294,1.1112440000000001,DNK,CZE,842310
2521598,66,59,8887,2008,0.0,10957.0,-0.556434,-1.079109,DZA,CZE,842310
2521599,71,59,8887,2008,181385.0,74598.0,0.8755649999999999,2.122164,ESP,CZE,842310
2521600,72,59,8887,2008,0.0,927.0,0.749696,1.5173940000000001,EST,CZE,842310
2521601,74,59,8887,2008,19279.0,10352.0,1.767859,0.846409,FIN,CZE,842310
2521602,77,59,8887,2008,105613.0,594285.0,1.487702,-0.223965,FRA,CZE,842310
2521603,81,59,8887,2008,53471.0,0.0,1.7586119999999998,0.061214,GBR,CZE,842310
2521604,82,59,8887,2008,0.0,1588.0,-0.355095,-0.660181,GEO,CZE,842310
2521605,90,59,8887,2008,0.0,10866.0,0.33272399999999996,1.758188,GRC,CZE,842310
2521606,97,59,8887,2008,63004.0,0.0,0.74435,2.149616,HKG,CZE,842310
2521607,100,59,8887,2008,0.0,1585.0,0.874459,1.075102,HRV,CZE,842310
2521608,102,59,8887,2008,435578.0,127079.0,1.3358299999999999,0.8177770000000001,HUN,CZE,842310
2521609,103,59,8887,2008,229001.0,0.0,-0.11154000000000001,1.4879850000000001,IDN,CZE,842310
2521610,109,59,8887,2008,0.0,1197.0,0.26969899999999997,-0.29915,ISL,CZE,842310
2521611,110,59,8887,2008,2400.0,0.0,1.169192,0.797136,ISR,CZE,842310
2521612,111,59,8887,2008,27516.0,100847.0,1.308777,0.361523,ITA,CZE,842310
2521613,114,59,8887,2008,13423.0,8415.0,2.285056,0.036255,JPN,CZE,842310
2521614,115,59,8887,2008,0.0,7840.0,-0.43055200000000005,-0.6852590000000001,KAZ,CZE,842310
2521615,121,59,8887,2008,1086.0,0.0,1.491687,0.814692,KOR,CZE,842310
2521616,122,59,8887,2008,0.0,2906.0,-1.401297,-1.142945,KWT,CZE,842310
2521617,130,59,8887,2008,13689.0,68821.0,0.59033,0.961408,LTU,CZE,842310
2521618,132,59,8887,2008,0.0,3048.0,0.655489,1.0811540000000002,LVA,CZE,842310
2521619,134,59,8887,2008,0.0,19253.0,-0.505734,-0.000516,MAR,CZE,842310
2521620,138,59,8887,2008,0.0,27967.0,0.9833639999999999,0.7687069999999999,MEX,CZE,842310
2521621,144,59,8887,2008,0.0,1147.0,0.321434,-0.168212,MNE,CZE,842310
2521622,156,59,8887,2008,0.0,579.0,-0.21304099999999998,-0.8147300000000001,NCL,CZE,842310
2521623,162,59,8887,2008,197063.0,0.0,1.139475,1.385316,NLD,CZE,842310
2521624,163,59,8887,2008,0.0,1887.0,0.911428,-0.019318000000000002,NOR,CZE,842310
2521625,166,59,8887,2008,0.0,8120.0,0.513416,0.753058,NZL,CZE,842310
2521626,177,59,8887,2008,120280.0,110238.0,1.037287,1.244457,POL,CZE,842310
2521627,179,59,8887,2008,0.0,2616.0,0.64135,2.1946939999999997,PRT,CZE,842310
2521628,185,59,8887,2008,0.0,30517.0,0.784924,1.235527,ROU,CZE,842310
2521629,186,59,8887,2008,0.0,90515.0,0.559059,-0.00886,RUS,CZE,842310
2521630,192,59,8887,2008,0.0,44830.0,1.844543,0.5947020000000001,SGP,CZE,842310
2521631,201,59,8887,2008,0.0,3184.0,0.615147,1.484149,SRB,CZE,842310
2521632,206,59,8887,2008,475261.0,1227518.0,1.3402040000000002,0.8038770000000001,SVK,CZE,842310
2521633,207,59,8887,2008,3411.0,86550.0,1.5099209999999998,0.683663,SVN,CZE,842310
2521634,208,59,8887,2008,21176.0,0.0,1.866575,0.44342700000000007,SWE,CZE,842310
2521635,216,59,8887,2008,0.0,8506.0,0.7531399999999999,1.4420620000000002,THA,CZE,842310
2521636,223,59,8887,2008,0.0,4906.0,0.084141,0.676248,TUN,CZE,842310
2521637,228,59,8887,2008,0.0,8672.0,0.59355,0.764415,UKR,CZE,842310
2521638,231,59,8887,2008,1634.0,41945.0,1.584278,-0.209788,USA,CZE,842310
2521639,246,59,8887,2008,0.0,3101.0,0.22551500000000002,1.185506,ZAF,CZE,842310
2521640,249,59,8887,2008,1573.0,0.0,1.611693,0.93875,TWN,CZE,842310
2521641,7,68,8887,2008,12617.0,0.0,-0.276433,-0.692392,ARE,EGY,842310
2521642,26,68,8887,2008,0.0,631.0,0.480256,0.810361,BIH,EGY,842310
2521643,43,68,8887,2008,936772.0,0.0,0.929285,1.8917259999999998,CHN,EGY,842310
2521644,61,68,8887,2008,211009.0,0.0,2.007167,-3.256961,DEU,EGY,842310
2521645,71,68,8887,2008,14977.0,0.0,0.8755649999999999,2.122164,ESP,EGY,842310
2521646,77,68,8887,2008,48565.0,0.0,1.487702,-0.223965,FRA,EGY,842310
2521647,81,68,8887,2008,44819.0,0.0,1.7586119999999998,0.061214,GBR,EGY,842310
2521648,111,68,8887,2008,11765.0,0.0,1.308777,0.361523,ITA,EGY,842310
2521649,114,68,8887,2008,11526.0,0.0,2.285056,0.036255,JPN,EGY,842310
2521650,126,68,8887,2008,0.0,153170.0,-1.156353,-1.133716,LBY,EGY,842310
2521651,162,68,8887,2008,2625.0,0.0,1.139475,1.385316,NLD,EGY,842310
2521652,190,68,8887,2008,0.0,2836.0,-2.095439,-1.263511,SDN,EGY,842310
2521653,216,68,8887,2008,15030.0,0.0,0.7531399999999999,1.4420620000000002,THA,EGY,842310
2521654,226,68,8887,2008,0.0,656.0,-0.755692,0.8751690000000001,TZA,EGY,842310
2521655,227,68,8887,2008,0.0,1466.0,-0.653885,-0.035455,UGA,EGY,842310
2521656,231,68,8887,2008,274883.0,0.0,1.584278,-0.209788,USA,EGY,842310
2521657,249,68,8887,2008,1844.0,0.0,1.611693,0.93875,TWN,EGY,842310
2521658,250,68,8887,2008,26689.0,0.0,0.547909,-0.5303640000000001,ANS,EGY,842310
2521659,15,72,8887,2008,3589.0,0.0,1.634816,-0.078419,AUT,EST,842310
2521660,18,72,8887,2008,15133.0,0.0,1.297416,0.9716549999999999,BEL,EST,842310
2521661,28,72,8887,2008,0.0,18673.0,0.9869,0.38977399999999995,BLR,EST,842310
2521662,41,72,8887,2008,728.0,0.0,1.978404,0.368694,CHE,EST,842310
2521663,43,72,8887,2008,500204.0,0.0,0.929285,1.8917259999999998,CHN,EST,842310
2521664,59,72,8887,2008,927.0,0.0,1.592035,0.27983600000000003,CZE,EST,842310
2521665,61,72,8887,2008,403019.0,0.0,2.007167,-3.256961,DEU,EST,842310
2521666,64,72,8887,2008,34809.0,1230.0,1.165294,1.1112440000000001,DNK,EST,842310
2521667,74,72,8887,2008,67785.0,5353.0,1.767859,0.846409,FIN,EST,842310
2521668,77,72,8887,2008,30273.0,0.0,1.487702,-0.223965,FRA,EST,842310
2521669,81,72,8887,2008,1085.0,0.0,1.7586119999999998,0.061214,GBR,EST,842310
2521670,97,72,8887,2008,15995.0,0.0,0.74435,2.149616,HKG,EST,842310
2521671,102,72,8887,2008,1472.0,0.0,1.3358299999999999,0.8177770000000001,HUN,EST,842310
2521672,103,72,8887,2008,9078.0,0.0,-0.11154000000000001,1.4879850000000001,IDN,EST,842310
2521673,107,72,8887,2008,0.0,2691.0,-0.9776469999999999,-1.054475,IRN,EST,842310
2521674,111,72,8887,2008,8581.0,0.0,1.308777,0.361523,ITA,EST,842310
2521675,115,72,8887,2008,0.0,205145.0,-0.43055200000000005,-0.6852590000000001,KAZ,EST,842310
2521676,130,72,8887,2008,32125.0,8237.0,0.59033,0.961408,LTU,EST,842310
2521677,131,72,8887,2008,27618.0,0.0,1.39945,1.003857,LUX,EST,842310
2521678,132,72,8887,2008,29902.0,70297.0,0.655489,1.0811540000000002,LVA,EST,842310
2521679,135,72,8887,2008,0.0,940.0,0.096913,-0.095718,MDA,EST,842310
2521680,162,72,8887,2008,29336.0,0.0,1.139475,1.385316,NLD,EST,842310
2521681,163,72,8887,2008,0.0,4086.0,0.911428,-0.019318000000000002,NOR,EST,842310
2521682,177,72,8887,2008,24856.0,0.0,1.037287,1.244457,POL,EST,842310
2521683,186,72,8887,2008,0.0,558633.0,0.559059,-0.00886,RUS,EST,842310
2521684,208,72,8887,2008,29797.0,1045.0,1.866575,0.44342700000000007,SWE,EST,842310
2521685,217,72,8887,2008,0.0,1479.0,-0.8988010000000001,-1.126157,TJK,EST,842310
2521686,228,72,8887,2008,0.0,41818.0,0.59355,0.764415,UKR,EST,842310
2521687,231,72,8887,2008,1117.0,0.0,1.584278,-0.209788,USA,EST,842310
2521688,249,72,8887,2008,2100.0,0.0,1.611693,0.93875,TWN,EST,842310
2521689,250,72,8887,2008,123655.0,0.0,0.547909,-0.5303640000000001,ANS,EST,842310
2521690,7,82,8887,2008,59667.0,0.0,-0.276433,-0.692392,ARE,GEO,842310
2521691,15,82,8887,2008,4402.0,0.0,1.634816,-0.078419,AUT,GEO,842310
2521692,16,82,8887,2008,19023.0,0.0,-0.7143109999999999,-1.114747,AZE,GEO,842310
2521693,39,82,8887,2008,7812.0,0.0,0.684659,1.085312,CAN,GEO,842310
2521694,43,82,8887,2008,50584.0,0.0,0.929285,1.8917259999999998,CHN,GEO,842310
2521695,59,82,8887,2008,1588.0,0.0,1.592035,0.27983600000000003,CZE,GEO,842310
2521696,61,82,8887,2008,56485.0,0.0,2.007167,-3.256961,DEU,GEO,842310
2521697,64,82,8887,2008,2674.0,0.0,1.165294,1.1112440000000001,DNK,GEO,842310
2521698,77,82,8887,2008,7999.0,0.0,1.487702,-0.223965,FRA,GEO,842310
2521699,107,82,8887,2008,3725.0,0.0,-0.9776469999999999,-1.054475,IRN,GEO,842310
2521700,111,82,8887,2008,13874.0,0.0,1.308777,0.361523,ITA,GEO,842310
2521701,162,82,8887,2008,1775.0,0.0,1.139475,1.385316,NLD,GEO,842310
2521702,177,82,8887,2008,983.0,0.0,1.037287,1.244457,POL,GEO,842310
2521703,186,82,8887,2008,1266.0,0.0,0.559059,-0.00886,RUS,GEO,842310
2521704,207,82,8887,2008,954.0,0.0,1.5099209999999998,0.683663,SVN,GEO,842310
2521705,224,82,8887,2008,6310.0,13331.0,0.44478,2.186881,TUR,GEO,842310
2521706,231,82,8887,2008,1224.0,0.0,1.584278,-0.209788,USA,GEO,842310
2521707,15,100,8887,2008,27123.0,10190.0,1.634816,-0.078419,AUT,HRV,842310
2521708,26,100,8887,2008,0.0,39679.0,0.480256,0.810361,BIH,HRV,842310
2521709,43,100,8887,2008,671746.0,0.0,0.929285,1.8917259999999998,CHN,HRV,842310
2521710,59,100,8887,2008,1585.0,0.0,1.592035,0.27983600000000003,CZE,HRV,842310
2521711,61,100,8887,2008,367816.0,0.0,2.007167,-3.256961,DEU,HRV,842310
2521712,71,100,8887,2008,1261.0,0.0,0.8755649999999999,2.122164,ESP,HRV,842310
2521713,77,100,8887,2008,21117.0,0.0,1.487702,-0.223965,FRA,HRV,842310
2521714,81,100,8887,2008,4026.0,0.0,1.7586119999999998,0.061214,GBR,HRV,842310
2521715,97,100,8887,2008,2900.0,0.0,0.74435,2.149616,HKG,HRV,842310
2521716,102,100,8887,2008,320524.0,0.0,1.3358299999999999,0.8177770000000001,HUN,HRV,842310
2521717,109,100,8887,2008,964.0,0.0,0.26969899999999997,-0.29915,ISL,HRV,842310
2521718,111,100,8887,2008,165695.0,0.0,1.308777,0.361523,ITA,HRV,842310
2521719,114,100,8887,2008,1110.0,0.0,2.285056,0.036255,JPN,HRV,842310
2521720,121,100,8887,2008,10670.0,0.0,1.491687,0.814692,KOR,HRV,842310
2521721,130,100,8887,2008,5953.0,0.0,0.59033,0.961408,LTU,HRV,842310
2521722,140,100,8887,2008,0.0,2471.0,-0.090639,-0.137401,MKD,HRV,842310
2521723,144,100,8887,2008,0.0,2462.0,0.321434,-0.168212,MNE,HRV,842310
2521724,162,100,8887,2008,2200.0,0.0,1.139475,1.385316,NLD,HRV,842310
2521725,177,100,8887,2008,21868.0,0.0,1.037287,1.244457,POL,HRV,842310
2521726,201,100,8887,2008,3321.0,17108.0,0.615147,1.484149,SRB,HRV,842310
2521727,207,100,8887,2008,230192.0,8404.0,1.5099209999999998,0.683663,SVN,HRV,842310
2521728,231,100,8887,2008,4443.0,0.0,1.584278,-0.209788,USA,HRV,842310
2521729,7,107,8887,2008,104063.0,0.0,-0.276433,-0.692392,ARE,IRN,842310
2521730,18,107,8887,2008,9469.0,0.0,1.297416,0.9716549999999999,BEL,IRN,842310
2521731,43,107,8887,2008,1581067.0,0.0,0.929285,1.8917259999999998,CHN,IRN,842310
2521732,61,107,8887,2008,361239.0,0.0,2.007167,-3.256961,DEU,IRN,842310
2521733,72,107,8887,2008,2691.0,0.0,0.749696,1.5173940000000001,EST,IRN,842310
2521734,77,107,8887,2008,28027.0,0.0,1.487702,-0.223965,FRA,IRN,842310
2521735,81,107,8887,2008,69634.0,0.0,1.7586119999999998,0.061214,GBR,IRN,842310
2521736,82,107,8887,2008,0.0,3725.0,-0.355095,-0.660181,GEO,IRN,842310
2521737,97,107,8887,2008,147821.0,0.0,0.74435,2.149616,HKG,IRN,842310
2521738,102,107,8887,2008,8000.0,0.0,1.3358299999999999,0.8177770000000001,HUN,IRN,842310
2521739,207,107,8887,2008,3031.0,0.0,1.5099209999999998,0.683663,SVN,IRN,842310
2521740,216,107,8887,2008,0.0,1960.0,0.7531399999999999,1.4420620000000002,THA,IRN,842310
2521741,224,107,8887,2008,25258.0,0.0,0.44478,2.186881,TUR,IRN,842310
2521742,7,108,8887,2008,12242.0,0.0,-0.276433,-0.692392,ARE,IRQ,842310
2521743,43,108,8887,2008,370424.0,0.0,0.929285,1.8917259999999998,CHN,IRQ,842310
2521744,61,108,8887,2008,42798.0,0.0,2.007167,-3.256961,DEU,IRQ,842310
2521745,81,108,8887,2008,6860.0,0.0,1.7586119999999998,0.061214,GBR,IRQ,842310
2521746,224,108,8887,2008,5602.0,0.0,0.44478,2.186881,TUR,IRQ,842310
2521747,231,108,8887,2008,3276.0,0.0,1.584278,-0.209788,USA,IRQ,842310
2521748,15,113,8887,2008,1477.0,0.0,1.634816,-0.078419,AUT,JOR,842310
2521749,18,113,8887,2008,9377.0,0.0,1.297416,0.9716549999999999,BEL,JOR,842310
2521750,41,113,8887,2008,10810.0,0.0,1.978404,0.368694,CHE,JOR,842310
2521751,43,113,8887,2008,387420.0,0.0,0.929285,1.8917259999999998,CHN,JOR,842310
2521752,61,113,8887,2008,123452.0,0.0,2.007167,-3.256961,DEU,JOR,842310
2521753,71,113,8887,2008,3649.0,0.0,0.8755649999999999,2.122164,ESP,JOR,842310
2521754,77,113,8887,2008,2740.0,0.0,1.487702,-0.223965,FRA,JOR,842310
2521755,81,113,8887,2008,32836.0,0.0,1.7586119999999998,0.061214,GBR,JOR,842310
2521756,97,113,8887,2008,15928.0,0.0,0.74435,2.149616,HKG,JOR,842310
2521757,103,113,8887,2008,1030.0,0.0,-0.11154000000000001,1.4879850000000001,IDN,JOR,842310
2521758,111,113,8887,2008,18422.0,0.0,1.308777,0.361523,ITA,JOR,842310
2521759,114,113,8887,2008,3439.0,0.0,2.285056,0.036255,JPN,JOR,842310
2521760,124,113,8887,2008,3769.0,0.0,0.46133100000000005,1.4598149999999999,LBN,JOR,842310
2521761,162,113,8887,2008,3850.0,0.0,1.139475,1.385316,NLD,JOR,842310
2521762,231,113,8887,2008,91023.0,0.0,1.584278,-0.209788,USA,JOR,842310
2521763,250,113,8887,2008,0.0,31240.0,0.547909,-0.5303640000000001,ANS,JOR,842310
2521764,15,115,8887,2008,22680.0,0.0,1.634816,-0.078419,AUT,KAZ,842310
2521765,18,115,8887,2008,7484.0,0.0,1.297416,0.9716549999999999,BEL,KAZ,842310
2521766,41,115,8887,2008,6488.0,0.0,1.978404,0.368694,CHE,KAZ,842310
2521767,43,115,8887,2008,98904.0,0.0,0.929285,1.8917259999999998,CHN,KAZ,842310
2521768,59,115,8887,2008,7840.0,0.0,1.592035,0.27983600000000003,CZE,KAZ,842310
2521769,61,115,8887,2008,46795.0,0.0,2.007167,-3.256961,DEU,KAZ,842310
2521770,72,115,8887,2008,205145.0,0.0,0.749696,1.5173940000000001,EST,KAZ,842310
2521771,77,115,8887,2008,108245.0,0.0,1.487702,-0.223965,FRA,KAZ,842310
2521772,102,115,8887,2008,2554.0,0.0,1.3358299999999999,0.8177770000000001,HUN,KAZ,842310
2521773,111,115,8887,2008,14363.0,0.0,1.308777,0.361523,ITA,KAZ,842310
2521774,114,115,8887,2008,2816.0,0.0,2.285056,0.036255,JPN,KAZ,842310
2521775,117,115,8887,2008,90622.0,0.0,-0.287826,-0.11858699999999998,KGZ,KAZ,842310
2521776,130,115,8887,2008,1392.0,0.0,0.59033,0.961408,LTU,KAZ,842310
2521777,177,115,8887,2008,4515.0,0.0,1.037287,1.244457,POL,KAZ,842310
2521778,186,115,8887,2008,318613.0,0.0,0.559059,-0.00886,RUS,KAZ,842310
2521779,207,115,8887,2008,1127.0,0.0,1.5099209999999998,0.683663,SVN,KAZ,842310
2521780,224,115,8887,2008,2805.0,0.0,0.44478,2.186881,TUR,KAZ,842310
2521781,228,115,8887,2008,4368.0,0.0,0.59355,0.764415,UKR,KAZ,842310
2521782,249,115,8887,2008,921.0,0.0,1.611693,0.93875,TWN,KAZ,842310
2521783,7,116,8887,2008,9471.0,0.0,-0.276433,-0.692392,ARE,KEN,842310
2521784,17,116,8887,2008,0.0,3371.0,-0.313815,-0.539678,BDI,KEN,842310
2521785,39,116,8887,2008,3592.0,0.0,0.684659,1.085312,CAN,KEN,842310
2521786,43,116,8887,2008,120654.0,0.0,0.929285,1.8917259999999998,CHN,KEN,842310
2521787,61,116,8887,2008,119352.0,0.0,2.007167,-3.256961,DEU,KEN,842310
2521788,71,116,8887,2008,16942.0,0.0,0.8755649999999999,2.122164,ESP,KEN,842310
2521789,77,116,8887,2008,9834.0,0.0,1.487702,-0.223965,FRA,KEN,842310
2521790,81,116,8887,2008,16007.0,0.0,1.7586119999999998,0.061214,GBR,KEN,842310
2521791,97,116,8887,2008,1377.0,0.0,0.74435,2.149616,HKG,KEN,842310
2521792,103,116,8887,2008,591.0,0.0,-0.11154000000000001,1.4879850000000001,IDN,KEN,842310
2521793,104,116,8887,2008,344959.0,0.0,0.26694,2.926023,IND,KEN,842310
2521794,111,116,8887,2008,3490.0,0.0,1.308777,0.361523,ITA,KEN,842310
2521795,168,116,8887,2008,2030.0,0.0,-0.401588,0.500668,PAK,KEN,842310
2521796,190,116,8887,2008,0.0,2823.0,-2.095439,-1.263511,SDN,KEN,842310
2521797,199,116,8887,2008,0.0,170322.0,-0.594349,-0.8550979999999999,SOM,KEN,842310
2521798,227,116,8887,2008,0.0,1534.0,-0.653885,-0.035455,UGA,KEN,842310
2521799,231,116,8887,2008,53383.0,0.0,1.584278,-0.209788,USA,KEN,842310
2521800,249,116,8887,2008,2300.0,0.0,1.611693,0.93875,TWN,KEN,842310
2521801,41,117,8887,2008,1894.0,0.0,1.978404,0.368694,CHE,KGZ,842310
2521802,43,117,8887,2008,19753.0,0.0,0.929285,1.8917259999999998,CHN,KGZ,842310
2521803,104,117,8887,2008,143249.0,0.0,0.26694,2.926023,IND,KGZ,842310
2521804,115,117,8887,2008,0.0,90622.0,-0.43055200000000005,-0.6852590000000001,KAZ,KGZ,842310
2521805,186,117,8887,2008,7136.0,0.0,0.559059,-0.00886,RUS,KGZ,842310
2521806,224,117,8887,2008,2647.0,0.0,0.44478,2.186881,TUR,KGZ,842310
2521807,231,117,8887,2008,1039.0,0.0,1.584278,-0.209788,USA,KGZ,842310
2521808,43,118,8887,2008,21935.0,0.0,0.929285,1.8917259999999998,CHN,KHM,842310
2521809,61,118,8887,2008,8581.0,0.0,2.007167,-3.256961,DEU,KHM,842310
2521810,64,118,8887,2008,4509.0,0.0,1.165294,1.1112440000000001,DNK,KHM,842310
2521811,216,118,8887,2008,1202.0,0.0,0.7531399999999999,1.4420620000000002,THA,KHM,842310
2521812,239,118,8887,2008,4679.0,0.0,-0.207083,1.1323370000000001,VNM,KHM,842310
2521813,7,122,8887,2008,1302.0,0.0,-0.276433,-0.692392,ARE,KWT,842310
2521814,18,122,8887,2008,4097.0,0.0,1.297416,0.9716549999999999,BEL,KWT,842310
2521815,32,122,8887,2008,3902.0,0.0,0.444687,0.904332,BRA,KWT,842310
2521816,43,122,8887,2008,147450.0,0.0,0.929285,1.8917259999999998,CHN,KWT,842310
2521817,59,122,8887,2008,2906.0,0.0,1.592035,0.27983600000000003,CZE,KWT,842310
2521818,61,122,8887,2008,259211.0,0.0,2.007167,-3.256961,DEU,KWT,842310
2521819,71,122,8887,2008,2135.0,0.0,0.8755649999999999,2.122164,ESP,KWT,842310
2521820,74,122,8887,2008,1074.0,0.0,1.767859,0.846409,FIN,KWT,842310
2521821,77,122,8887,2008,91335.0,0.0,1.487702,-0.223965,FRA,KWT,842310
2521822,81,122,8887,2008,56376.0,0.0,1.7586119999999998,0.061214,GBR,KWT,842310
2521823,97,122,8887,2008,23499.0,0.0,0.74435,2.149616,HKG,KWT,842310
2521824,102,122,8887,2008,7250.0,0.0,1.3358299999999999,0.8177770000000001,HUN,KWT,842310
2521825,104,122,8887,2008,8142.0,0.0,0.26694,2.926023,IND,KWT,842310
2521826,111,122,8887,2008,1593.0,0.0,1.308777,0.361523,ITA,KWT,842310
2521827,114,122,8887,2008,2617.0,0.0,2.285056,0.036255,JPN,KWT,842310
2521828,121,122,8887,2008,3555.0,0.0,1.491687,0.814692,KOR,KWT,842310
2521829,162,122,8887,2008,14087.0,0.0,1.139475,1.385316,NLD,KWT,842310
2521830,177,122,8887,2008,1215.0,0.0,1.037287,1.244457,POL,KWT,842310
2521831,179,122,8887,2008,1165.0,0.0,0.64135,2.1946939999999997,PRT,KWT,842310
2521832,208,122,8887,2008,4719.0,0.0,1.866575,0.44342700000000007,SWE,KWT,842310
2521833,231,122,8887,2008,65508.0,0.0,1.584278,-0.209788,USA,KWT,842310
2521834,249,122,8887,2008,4406.0,0.0,1.611693,0.93875,TWN,KWT,842310
2521835,18,124,8887,2008,20509.0,0.0,1.297416,0.9716549999999999,BEL,LBN,842310
2521836,41,124,8887,2008,7179.0,0.0,1.978404,0.368694,CHE,LBN,842310
2521837,43,124,8887,2008,258160.0,0.0,0.929285,1.8917259999999998,CHN,LBN,842310
2521838,61,124,8887,2008,170279.0,0.0,2.007167,-3.256961,DEU,LBN,842310
2521839,71,124,8887,2008,2246.0,0.0,0.8755649999999999,2.122164,ESP,LBN,842310
2521840,73,124,8887,2008,0.0,1239.0,-1.0084629999999999,-0.83993,ETH,LBN,842310
2521841,77,124,8887,2008,44665.0,0.0,1.487702,-0.223965,FRA,LBN,842310
2521842,81,124,8887,2008,9857.0,0.0,1.7586119999999998,0.061214,GBR,LBN,842310
2521843,85,124,8887,2008,0.0,975.0,-1.530997,-1.171231,GIN,LBN,842310
2521844,97,124,8887,2008,14588.0,0.0,0.74435,2.149616,HKG,LBN,842310
2521845,111,124,8887,2008,25315.0,0.0,1.308777,0.361523,ITA,LBN,842310
2521846,113,124,8887,2008,0.0,3769.0,0.255463,0.45844799999999997,JOR,LBN,842310
2521847,114,124,8887,2008,39385.0,0.0,2.285056,0.036255,JPN,LBN,842310
2521848,121,124,8887,2008,41331.0,0.0,1.491687,0.814692,KOR,LBN,842310
2521849,138,124,8887,2008,9394.0,0.0,0.9833639999999999,0.7687069999999999,MEX,LBN,842310
2521850,162,124,8887,2008,1398.0,0.0,1.139475,1.385316,NLD,LBN,842310
2521851,177,124,8887,2008,5862.0,0.0,1.037287,1.244457,POL,LBN,842310
2521852,179,124,8887,2008,11518.0,0.0,0.64135,2.1946939999999997,PRT,LBN,842310
2521853,224,124,8887,2008,1571.0,0.0,0.44478,2.186881,TUR,LBN,842310
2521854,231,124,8887,2008,52938.0,0.0,1.584278,-0.209788,USA,LBN,842310
2521855,7,128,8887,2008,3449.0,0.0,-0.276433,-0.692392,ARE,LKA,842310
2521856,43,128,8887,2008,140890.0,0.0,0.929285,1.8917259999999998,CHN,LKA,842310
2521857,61,128,8887,2008,9347.0,0.0,2.007167,-3.256961,DEU,LKA,842310
2521858,64,128,8887,2008,13093.0,0.0,1.165294,1.1112440000000001,DNK,LKA,842310
2521859,81,128,8887,2008,17825.0,0.0,1.7586119999999998,0.061214,GBR,LKA,842310
2521860,97,128,8887,2008,2918.0,3724.0,0.74435,2.149616,HKG,LKA,842310
2521861,103,128,8887,2008,6420.0,0.0,-0.11154000000000001,1.4879850000000001,IDN,LKA,842310
2521862,111,128,8887,2008,2196.0,0.0,1.308777,0.361523,ITA,LKA,842310
2521863,153,128,8887,2008,1241.0,0.0,0.793395,0.6141939999999999,MYS,LKA,842310
2521864,162,128,8887,2008,3269.0,0.0,1.139475,1.385316,NLD,LKA,842310
2521865,192,128,8887,2008,914.0,0.0,1.844543,0.5947020000000001,SGP,LKA,842310
2521866,249,128,8887,2008,1921.0,0.0,1.611693,0.93875,TWN,LKA,842310
2521867,4,130,8887,2008,0.0,2113.0,-0.252894,-0.0071400000000000005,ALB,LTU,842310
2521868,14,130,8887,2008,0.0,2339.0,-0.171801,-0.012588,AUS,LTU,842310
2521869,15,130,8887,2008,1598.0,135911.0,1.634816,-0.078419,AUT,LTU,842310
2521870,18,130,8887,2008,9984.0,0.0,1.297416,0.9716549999999999,BEL,LTU,842310
2521871,23,130,8887,2008,0.0,4734.0,0.44409,1.575399,BGR,LTU,842310
2521872,28,130,8887,2008,0.0,18432.0,0.9869,0.38977399999999995,BLR,LTU,842310
2521873,42,130,8887,2008,0.0,13765.0,-0.293985,-0.349554,CHL,LTU,842310
2521874,43,130,8887,2008,378135.0,0.0,0.929285,1.8917259999999998,CHN,LTU,842310
2521875,59,130,8887,2008,68821.0,13689.0,1.592035,0.27983600000000003,CZE,LTU,842310
2521876,61,130,8887,2008,300690.0,1457764.0,2.007167,-3.256961,DEU,LTU,842310
2521877,64,130,8887,2008,3934.0,0.0,1.165294,1.1112440000000001,DNK,LTU,842310
2521878,71,130,8887,2008,9094.0,3735.0,0.8755649999999999,2.122164,ESP,LTU,842310
2521879,72,130,8887,2008,8237.0,32125.0,0.749696,1.5173940000000001,EST,LTU,842310
2521880,74,130,8887,2008,17016.0,2003.0,1.767859,0.846409,FIN,LTU,842310
2521881,77,130,8887,2008,4191.0,36221.0,1.487702,-0.223965,FRA,LTU,842310
2521882,81,130,8887,2008,10150.0,0.0,1.7586119999999998,0.061214,GBR,LTU,842310
2521883,97,130,8887,2008,15730.0,0.0,0.74435,2.149616,HKG,LTU,842310
2521884,100,130,8887,2008,0.0,5953.0,0.874459,1.075102,HRV,LTU,842310
2521885,102,130,8887,2008,15111.0,0.0,1.3358299999999999,0.8177770000000001,HUN,LTU,842310
2521886,103,130,8887,2008,67896.0,0.0,-0.11154000000000001,1.4879850000000001,IDN,LTU,842310
2521887,109,130,8887,2008,0.0,1159.0,0.26969899999999997,-0.29915,ISL,LTU,842310
2521888,111,130,8887,2008,42691.0,0.0,1.308777,0.361523,ITA,LTU,842310
2521889,115,130,8887,2008,0.0,1392.0,-0.43055200000000005,-0.6852590000000001,KAZ,LTU,842310
2521890,131,130,8887,2008,0.0,3786.0,1.39945,1.003857,LUX,LTU,842310
2521891,132,130,8887,2008,67491.0,136168.0,0.655489,1.0811540000000002,LVA,LTU,842310
2521892,162,130,8887,2008,6132.0,0.0,1.139475,1.385316,NLD,LTU,842310
2521893,163,130,8887,2008,0.0,7148.0,0.911428,-0.019318000000000002,NOR,LTU,842310
2521894,173,130,8887,2008,0.0,6930.0,-0.518126,0.17193599999999998,PER,LTU,842310
2521895,177,130,8887,2008,68968.0,0.0,1.037287,1.244457,POL,LTU,842310
2521896,186,130,8887,2008,2902.0,6841.0,0.559059,-0.00886,RUS,LTU,842310
2521897,201,130,8887,2008,3131.0,12015.0,0.615147,1.484149,SRB,LTU,842310
2521898,206,130,8887,2008,0.0,8211.0,1.3402040000000002,0.8038770000000001,SVK,LTU,842310
2521899,207,130,8887,2008,0.0,6470.0,1.5099209999999998,0.683663,SVN,LTU,842310
2521900,208,130,8887,2008,51698.0,0.0,1.866575,0.44342700000000007,SWE,LTU,842310
2521901,228,130,8887,2008,2102.0,3422.0,0.59355,0.764415,UKR,LTU,842310
2521902,231,130,8887,2008,0.0,2548.0,1.584278,-0.209788,USA,LTU,842310
2521903,234,130,8887,2008,0.0,1120.0,-0.598538,-0.8798459999999999,VCT,LTU,842310
2521904,246,130,8887,2008,0.0,11209.0,0.22551500000000002,1.185506,ZAF,LTU,842310
2521905,249,130,8887,2008,2900.0,0.0,1.611693,0.93875,TWN,LTU,842310
2521906,18,131,8887,2008,107035.0,27153.0,1.297416,0.9716549999999999,BEL,LUX,842310
2521907,41,131,8887,2008,27252.0,0.0,1.978404,0.368694,CHE,LUX,842310
2521908,43,131,8887,2008,104712.0,0.0,0.929285,1.8917259999999998,CHN,LUX,842310
2521909,61,131,8887,2008,291858.0,1264.0,2.007167,-3.256961,DEU,LUX,842310
2521910,72,131,8887,2008,0.0,27618.0,0.749696,1.5173940000000001,EST,LUX,842310
2521911,77,131,8887,2008,87064.0,0.0,1.487702,-0.223965,FRA,LUX,842310
2521912,81,131,8887,2008,3941.0,6315.0,1.7586119999999998,0.061214,GBR,LUX,842310
2521913,102,131,8887,2008,15612.0,0.0,1.3358299999999999,0.8177770000000001,HUN,LUX,842310
2521914,106,131,8887,2008,0.0,1035.0,1.693858,0.221425,IRL,LUX,842310
2521915,111,131,8887,2008,1189.0,4023.0,1.308777,0.361523,ITA,LUX,842310
2521916,130,131,8887,2008,3786.0,0.0,0.59033,0.961408,LTU,LUX,842310
2521917,134,131,8887,2008,0.0,1243.0,-0.505734,-0.000516,MAR,LUX,842310
2521918,156,131,8887,2008,0.0,870.0,-0.21304099999999998,-0.8147300000000001,NCL,LUX,842310
2521919,162,131,8887,2008,48507.0,0.0,1.139475,1.385316,NLD,LUX,842310
2521920,163,131,8887,2008,0.0,6050.0,0.911428,-0.019318000000000002,NOR,LUX,842310
2521921,231,131,8887,2008,3497.0,0.0,1.584278,-0.209788,USA,LUX,842310
2521922,249,131,8887,2008,1100.0,0.0,1.611693,0.93875,TWN,LUX,842310
2521923,250,131,8887,2008,5480.0,0.0,0.547909,-0.5303640000000001,ANS,LUX,842310
2521924,18,135,8887,2008,3268.0,0.0,1.297416,0.9716549999999999,BEL,MDA,842310
2521925,43,135,8887,2008,69247.0,0.0,0.929285,1.8917259999999998,CHN,MDA,842310
2521926,61,135,8887,2008,89017.0,0.0,2.007167,-3.256961,DEU,MDA,842310
2521927,72,135,8887,2008,940.0,0.0,0.749696,1.5173940000000001,EST,MDA,842310
2521928,77,135,8887,2008,17660.0,0.0,1.487702,-0.223965,FRA,MDA,842310
2521929,102,135,8887,2008,11199.0,0.0,1.3358299999999999,0.8177770000000001,HUN,MDA,842310
2521930,111,135,8887,2008,3290.0,0.0,1.308777,0.361523,ITA,MDA,842310
2521931,162,135,8887,2008,987.0,0.0,1.139475,1.385316,NLD,MDA,842310
2521932,177,135,8887,2008,7644.0,0.0,1.037287,1.244457,POL,MDA,842310
2521933,185,135,8887,2008,15967.0,0.0,0.784924,1.235527,ROU,MDA,842310
2521934,186,135,8887,2008,8303.0,0.0,0.559059,-0.00886,RUS,MDA,842310
2521935,201,135,8887,2008,1060.0,0.0,0.615147,1.484149,SRB,MDA,842310
2521936,207,135,8887,2008,9709.0,0.0,1.5099209999999998,0.683663,SVN,MDA,842310
2521937,224,135,8887,2008,1363.0,0.0,0.44478,2.186881,TUR,MDA,842310
2521938,228,135,8887,2008,12672.0,0.0,0.59355,0.764415,UKR,MDA,842310
2521939,249,135,8887,2008,2362.0,0.0,1.611693,0.93875,TWN,MDA,842310
2521940,15,144,8887,2008,4698.0,0.0,1.634816,-0.078419,AUT,MNE,842310
2521941,23,144,8887,2008,1094.0,0.0,0.44409,1.575399,BGR,MNE,842310
2521942,26,144,8887,2008,2775.0,0.0,0.480256,0.810361,BIH,MNE,842310
2521943,41,144,8887,2008,619.0,0.0,1.978404,0.368694,CHE,MNE,842310
2521944,43,144,8887,2008,12511.0,0.0,0.929285,1.8917259999999998,CHN,MNE,842310
2521945,59,144,8887,2008,1147.0,0.0,1.592035,0.27983600000000003,CZE,MNE,842310
2521946,61,144,8887,2008,95649.0,0.0,2.007167,-3.256961,DEU,MNE,842310
2521947,77,144,8887,2008,968.0,0.0,1.487702,-0.223965,FRA,MNE,842310
2521948,100,144,8887,2008,2462.0,0.0,0.874459,1.075102,HRV,MNE,842310
2521949,102,144,8887,2008,12981.0,0.0,1.3358299999999999,0.8177770000000001,HUN,MNE,842310
2521950,111,144,8887,2008,2177.0,0.0,1.308777,0.361523,ITA,MNE,842310
2521951,121,144,8887,2008,4676.0,0.0,1.491687,0.814692,KOR,MNE,842310
2521952,201,144,8887,2008,26921.0,0.0,0.615147,1.484149,SRB,MNE,842310
2521953,207,144,8887,2008,9987.0,0.0,1.5099209999999998,0.683663,SVN,MNE,842310
2521954,224,144,8887,2008,3099.0,0.0,0.44478,2.186881,TUR,MNE,842310
2521955,231,144,8887,2008,3109.0,0.0,1.584278,-0.209788,USA,MNE,842310
2521956,250,144,8887,2008,18538.0,0.0,0.547909,-0.5303640000000001,ANS,MNE,842310
2521957,7,147,8887,2008,12646.0,1845.0,-0.276433,-0.692392,ARE,MOZ,842310
2521958,41,147,8887,2008,2007.0,0.0,1.978404,0.368694,CHE,MOZ,842310
2521959,43,147,8887,2008,102526.0,0.0,0.929285,1.8917259999999998,CHN,MOZ,842310
2521960,64,147,8887,2008,18523.0,0.0,1.165294,1.1112440000000001,DNK,MOZ,842310
2521961,102,147,8887,2008,18363.0,0.0,1.3358299999999999,0.8177770000000001,HUN,MOZ,842310
2521962,104,147,8887,2008,10121.0,0.0,0.26694,2.926023,IND,MOZ,842310
2521963,105,147,8887,2008,1281.0,0.0,1.2634319999999999,-0.314756,IOT,MOZ,842310
2521964,152,147,8887,2008,0.0,905.0,-1.387548,-1.184696,MWI,MOZ,842310
2521965,179,147,8887,2008,8739.0,0.0,0.64135,2.1946939999999997,PRT,MOZ,842310
2521966,192,147,8887,2008,13506.0,0.0,1.844543,0.5947020000000001,SGP,MOZ,842310
2521967,231,147,8887,2008,2076.0,0.0,1.584278,-0.209788,USA,MOZ,842310
2521968,246,147,8887,2008,25672.0,0.0,0.22551500000000002,1.185506,ZAF,MOZ,842310
2521969,7,159,8887,2008,3356.0,0.0,-0.276433,-0.692392,ARE,NGA,842310
2521970,19,159,8887,2008,0.0,1188.0,-1.171101,-0.9600569999999999,BEN,NGA,842310
2521971,32,159,8887,2008,0.0,16461.0,0.444687,0.904332,BRA,NGA,842310
2521972,43,159,8887,2008,285134.0,0.0,0.929285,1.8917259999999998,CHN,NGA,842310
2521973,61,159,8887,2008,75727.0,0.0,2.007167,-3.256961,DEU,NGA,842310
2521974,77,159,8887,2008,2816.0,0.0,1.487702,-0.223965,FRA,NGA,842310
2521975,81,159,8887,2008,89100.0,0.0,1.7586119999999998,0.061214,GBR,NGA,842310
2521976,97,159,8887,2008,40444.0,0.0,0.74435,2.149616,HKG,NGA,842310
2521977,104,159,8887,2008,1423.0,0.0,0.26694,2.926023,IND,NGA,842310
2521978,111,159,8887,2008,6117.0,0.0,1.308777,0.361523,ITA,NGA,842310
2521979,224,159,8887,2008,1081.0,0.0,0.44478,2.186881,TUR,NGA,842310
2521980,231,159,8887,2008,16730.0,0.0,1.584278,-0.209788,USA,NGA,842310
2521981,246,159,8887,2008,6167.0,0.0,0.22551500000000002,1.185506,ZAF,NGA,842310
2521982,249,159,8887,2008,1052.0,0.0,1.611693,0.93875,TWN,NGA,842310
2521983,7,167,8887,2008,76557.0,0.0,-0.276433,-0.692392,ARE,OMN,842310
2521984,43,167,8887,2008,1202.0,0.0,0.929285,1.8917259999999998,CHN,OMN,842310
2521985,61,167,8887,2008,80802.0,0.0,2.007167,-3.256961,DEU,OMN,842310
2521986,77,167,8887,2008,25728.0,0.0,1.487702,-0.223965,FRA,OMN,842310
2521987,81,167,8887,2008,17158.0,0.0,1.7586119999999998,0.061214,GBR,OMN,842310
2521988,104,167,8887,2008,3358.0,0.0,0.26694,2.926023,IND,OMN,842310
2521989,111,167,8887,2008,1009.0,0.0,1.308777,0.361523,ITA,OMN,842310
2521990,231,167,8887,2008,3245.0,0.0,1.584278,-0.209788,USA,OMN,842310
2521991,7,168,8887,2008,3384.0,1095.0,-0.276433,-0.692392,ARE,PAK,842310
2521992,18,168,8887,2008,1277.0,0.0,1.297416,0.9716549999999999,BEL,PAK,842310
2521993,31,168,8887,2008,0.0,859.0,-0.852975,-0.88041,BOL,PAK,842310
2521994,43,168,8887,2008,470528.0,0.0,0.929285,1.8917259999999998,CHN,PAK,842310
2521995,44,168,8887,2008,0.0,2692.0,-0.9806040000000001,-0.730792,CIV,PAK,842310
2521996,61,168,8887,2008,26377.0,0.0,2.007167,-3.256961,DEU,PAK,842310
2521997,77,168,8887,2008,5158.0,0.0,1.487702,-0.223965,FRA,PAK,842310
2521998,81,168,8887,2008,14457.0,0.0,1.7586119999999998,0.061214,GBR,PAK,842310
2521999,97,168,8887,2008,13437.0,0.0,0.74435,2.149616,HKG,PAK,842310
2522000,111,168,8887,2008,1343.0,0.0,1.308777,0.361523,ITA,PAK,842310
2522001,114,168,8887,2008,2676.0,0.0,2.285056,0.036255,JPN,PAK,842310
2522002,116,168,8887,2008,0.0,2030.0,-0.284528,0.9378610000000001,KEN,PAK,842310
2522003,163,168,8887,2008,5050.0,0.0,0.911428,-0.019318000000000002,NOR,PAK,842310
2522004,192,168,8887,2008,3234.0,0.0,1.844543,0.5947020000000001,SGP,PAK,842310
2522005,231,168,8887,2008,5162.0,0.0,1.584278,-0.209788,USA,PAK,842310
2522006,43,178,8887,2008,406664.0,0.0,0.929285,1.8917259999999998,CHN,PRK,842310
2522007,61,178,8887,2008,4871.0,0.0,2.007167,-3.256961,DEU,PRK,842310
2522008,8,186,8887,2008,1071.0,0.0,0.278837,0.496784,ARG,RUS,842310
2522009,9,186,8887,2008,0.0,2251.0,0.360609,-0.038343,ARM,RUS,842310
2522010,15,186,8887,2008,11028.0,0.0,1.634816,-0.078419,AUT,RUS,842310
2522011,18,186,8887,2008,80613.0,2629.0,1.297416,0.9716549999999999,BEL,RUS,842310
2522012,26,186,8887,2008,0.0,1271.0,0.480256,0.810361,BIH,RUS,842310
2522013,28,186,8887,2008,14431.0,13713.0,0.9869,0.38977399999999995,BLR,RUS,842310
2522014,41,186,8887,2008,17569.0,0.0,1.978404,0.368694,CHE,RUS,842310
2522015,43,186,8887,2008,8207496.0,0.0,0.929285,1.8917259999999998,CHN,RUS,842310
2522016,59,186,8887,2008,90515.0,0.0,1.592035,0.27983600000000003,CZE,RUS,842310
2522017,61,186,8887,2008,6446212.0,0.0,2.007167,-3.256961,DEU,RUS,842310
2522018,64,186,8887,2008,14956.0,0.0,1.165294,1.1112440000000001,DNK,RUS,842310
2522019,71,186,8887,2008,17236.0,0.0,0.8755649999999999,2.122164,ESP,RUS,842310
2522020,72,186,8887,2008,558633.0,0.0,0.749696,1.5173940000000001,EST,RUS,842310
2522021,74,186,8887,2008,55899.0,0.0,1.767859,0.846409,FIN,RUS,842310
2522022,77,186,8887,2008,4577290.0,0.0,1.487702,-0.223965,FRA,RUS,842310
2522023,81,186,8887,2008,51210.0,7046.0,1.7586119999999998,0.061214,GBR,RUS,842310
2522024,82,186,8887,2008,0.0,1266.0,-0.355095,-0.660181,GEO,RUS,842310
2522025,97,186,8887,2008,188708.0,0.0,0.74435,2.149616,HKG,RUS,842310
2522026,102,186,8887,2008,204926.0,0.0,1.3358299999999999,0.8177770000000001,HUN,RUS,842310
2522027,110,186,8887,2008,2666.0,0.0,1.169192,0.797136,ISR,RUS,842310
2522028,111,186,8887,2008,214917.0,0.0,1.308777,0.361523,ITA,RUS,842310
2522029,114,186,8887,2008,49521.0,0.0,2.285056,0.036255,JPN,RUS,842310
2522030,115,186,8887,2008,0.0,318613.0,-0.43055200000000005,-0.6852590000000001,KAZ,RUS,842310
2522031,117,186,8887,2008,0.0,7136.0,-0.287826,-0.11858699999999998,KGZ,RUS,842310
2522032,121,186,8887,2008,17231.0,0.0,1.491687,0.814692,KOR,RUS,842310
2522033,130,186,8887,2008,6841.0,2902.0,0.59033,0.961408,LTU,RUS,842310
2522034,132,186,8887,2008,0.0,11283.0,0.655489,1.0811540000000002,LVA,RUS,842310
2522035,135,186,8887,2008,0.0,8303.0,0.096913,-0.095718,MDA,RUS,842310
2522036,162,186,8887,2008,40330.0,0.0,1.139475,1.385316,NLD,RUS,842310
2522037,177,186,8887,2008,73661.0,0.0,1.037287,1.244457,POL,RUS,842310
2522038,201,186,8887,2008,47856.0,0.0,0.615147,1.484149,SRB,RUS,842310
2522039,207,186,8887,2008,31448.0,0.0,1.5099209999999998,0.683663,SVN,RUS,842310
2522040,208,186,8887,2008,39304.0,0.0,1.866575,0.44342700000000007,SWE,RUS,842310
2522041,217,186,8887,2008,0.0,7736.0,-0.8988010000000001,-1.126157,TJK,RUS,842310
2522042,224,186,8887,2008,4014.0,0.0,0.44478,2.186881,TUR,RUS,842310
2522043,228,186,8887,2008,20516.0,104970.0,0.59355,0.764415,UKR,RUS,842310
2522044,231,186,8887,2008,3157.0,0.0,1.584278,-0.209788,USA,RUS,842310
2522045,232,186,8887,2008,0.0,5777.0,-0.470184,-0.773163,UZB,RUS,842310
2522046,7,191,8887,2008,13536.0,0.0,-0.276433,-0.692392,ARE,SEN,842310
2522047,18,191,8887,2008,957.0,0.0,1.297416,0.9716549999999999,BEL,SEN,842310
2522048,43,191,8887,2008,52673.0,0.0,0.929285,1.8917259999999998,CHN,SEN,842310
2522049,61,191,8887,2008,7939.0,0.0,2.007167,-3.256961,DEU,SEN,842310
2522050,71,191,8887,2008,3321.0,0.0,0.8755649999999999,2.122164,ESP,SEN,842310
2522051,77,191,8887,2008,38619.0,0.0,1.487702,-0.223965,FRA,SEN,842310
2522052,102,191,8887,2008,609.0,0.0,1.3358299999999999,0.8177770000000001,HUN,SEN,842310
2522053,104,191,8887,2008,3592.0,0.0,0.26694,2.926023,IND,SEN,842310
2522054,111,191,8887,2008,17236.0,0.0,1.308777,0.361523,ITA,SEN,842310
2522055,231,191,8887,2008,5980.0,0.0,1.584278,-0.209788,USA,SEN,842310
2522056,7,192,8887,2008,0.0,5731.0,-0.276433,-0.692392,ARE,SGP,842310
2522057,9,192,8887,2008,0.0,8543.0,0.360609,-0.038343,ARM,SGP,842310
2522058,14,192,8887,2008,8778.0,56012.0,-0.171801,-0.012588,AUS,SGP,842310
2522059,22,192,8887,2008,0.0,21750.0,-0.852774,-0.766779,BGD,SGP,842310
2522060,24,192,8887,2008,0.0,1228.0,0.335334,-0.81372,BHR,SGP,842310
2522061,34,192,8887,2008,0.0,13572.0,-1.7609099999999998,-0.8835959999999999,BRN,SGP,842310
2522062,43,192,8887,2008,1504540.0,7009.0,0.929285,1.8917259999999998,CHN,SGP,842310
2522063,59,192,8887,2008,44830.0,0.0,1.592035,0.27983600000000003,CZE,SGP,842310
2522064,61,192,8887,2008,510265.0,0.0,2.007167,-3.256961,DEU,SGP,842310
2522065,71,192,8887,2008,0.0,2876.0,0.8755649999999999,2.122164,ESP,SGP,842310
2522066,81,192,8887,2008,33161.0,135785.0,1.7586119999999998,0.061214,GBR,SGP,842310
2522067,97,192,8887,2008,451075.0,20552.0,0.74435,2.149616,HKG,SGP,842310
2522068,103,192,8887,2008,10732199.0,324518.0,-0.11154000000000001,1.4879850000000001,IDN,SGP,842310
2522069,104,192,8887,2008,2081.0,22936.0,0.26694,2.926023,IND,SGP,842310
2522070,106,192,8887,2008,0.0,6941.0,1.693858,0.221425,IRL,SGP,842310
2522071,110,192,8887,2008,1323.0,0.0,1.169192,0.797136,ISR,SGP,842310
2522072,111,192,8887,2008,18795.0,0.0,1.308777,0.361523,ITA,SGP,842310
2522073,114,192,8887,2008,15074.0,1559.0,2.285056,0.036255,JPN,SGP,842310
2522074,121,192,8887,2008,2794.0,0.0,1.491687,0.814692,KOR,SGP,842310
2522075,128,192,8887,2008,0.0,914.0,-0.48245200000000005,0.295892,LKA,SGP,842310
2522076,137,192,8887,2008,0.0,4296.0,0.037203,-0.718439,MDV,SGP,842310
2522077,143,192,8887,2008,0.0,1357.0,-1.501556,-1.1134110000000002,MMR,SGP,842310
2522078,147,192,8887,2008,0.0,13506.0,-0.982727,-0.8361219999999999,MOZ,SGP,842310
2522079,153,192,8887,2008,65144.0,251982.0,0.793395,0.6141939999999999,MYS,SGP,842310
2522080,166,192,8887,2008,0.0,1434.0,0.513416,0.753058,NZL,SGP,842310
2522081,168,192,8887,2008,0.0,3234.0,-0.401588,0.500668,PAK,SGP,842310
2522082,174,192,8887,2008,0.0,3441.0,0.276488,-0.02957,PHL,SGP,842310
2522083,176,192,8887,2008,0.0,2332.0,-1.6771330000000002,-1.18528,PNG,SGP,842310
2522084,177,192,8887,2008,949.0,0.0,1.037287,1.244457,POL,SGP,842310
2522085,180,192,8887,2008,0.0,10678.0,-0.556298,-0.9503780000000001,PRY,SGP,842310
2522086,188,192,8887,2008,0.0,2282.0,-0.09849400000000001,-0.8998309999999999,SAU,SGP,842310
2522087,211,192,8887,2008,0.0,1461.0,0.29189699999999996,-0.47472600000000004,SYC,SGP,842310
2522088,216,192,8887,2008,0.0,3034.0,0.7531399999999999,1.4420620000000002,THA,SGP,842310
2522089,224,192,8887,2008,0.0,37708.0,0.44478,2.186881,TUR,SGP,842310
2522090,231,192,8887,2008,255931.0,20012.0,1.584278,-0.209788,USA,SGP,842310
2522091,239,192,8887,2008,1032.0,15416.0,-0.207083,1.1323370000000001,VNM,SGP,842310
2522092,249,192,8887,2008,7454.0,0.0,1.611693,0.93875,TWN,SGP,842310
2522093,4,201,8887,2008,0.0,4592.0,-0.252894,-0.0071400000000000005,ALB,SRB,842310
2522094,15,201,8887,2008,6335.0,0.0,1.634816,-0.078419,AUT,SRB,842310
2522095,18,201,8887,2008,2727.0,0.0,1.297416,0.9716549999999999,BEL,SRB,842310
2522096,26,201,8887,2008,0.0,12132.0,0.480256,0.810361,BIH,SRB,842310
2522097,41,201,8887,2008,1538.0,0.0,1.978404,0.368694,CHE,SRB,842310
2522098,43,201,8887,2008,229169.0,4296.0,0.929285,1.8917259999999998,CHN,SRB,842310
2522099,59,201,8887,2008,3184.0,0.0,1.592035,0.27983600000000003,CZE,SRB,842310
2522100,61,201,8887,2008,458521.0,2136.0,2.007167,-3.256961,DEU,SRB,842310
2522101,71,201,8887,2008,6593.0,0.0,0.8755649999999999,2.122164,ESP,SRB,842310
2522102,77,201,8887,2008,42182.0,0.0,1.487702,-0.223965,FRA,SRB,842310
2522103,81,201,8887,2008,7940.0,0.0,1.7586119999999998,0.061214,GBR,SRB,842310
2522104,90,201,8887,2008,5857.0,0.0,0.33272399999999996,1.758188,GRC,SRB,842310
2522105,97,201,8887,2008,1670.0,0.0,0.74435,2.149616,HKG,SRB,842310
2522106,100,201,8887,2008,17108.0,3321.0,0.874459,1.075102,HRV,SRB,842310
2522107,102,201,8887,2008,67518.0,0.0,1.3358299999999999,0.8177770000000001,HUN,SRB,842310
2522108,111,201,8887,2008,8086.0,0.0,1.308777,0.361523,ITA,SRB,842310
2522109,114,201,8887,2008,472.0,0.0,2.285056,0.036255,JPN,SRB,842310
2522110,121,201,8887,2008,2475.0,0.0,1.491687,0.814692,KOR,SRB,842310
2522111,130,201,8887,2008,12015.0,3131.0,0.59033,0.961408,LTU,SRB,842310
2522112,135,201,8887,2008,0.0,1060.0,0.096913,-0.095718,MDA,SRB,842310
2522113,140,201,8887,2008,0.0,4447.0,-0.090639,-0.137401,MKD,SRB,842310
2522114,144,201,8887,2008,0.0,26921.0,0.321434,-0.168212,MNE,SRB,842310
2522115,162,201,8887,2008,1465.0,0.0,1.139475,1.385316,NLD,SRB,842310
2522116,177,201,8887,2008,1291.0,0.0,1.037287,1.244457,POL,SRB,842310
2522117,185,201,8887,2008,0.0,1639.0,0.784924,1.235527,ROU,SRB,842310
2522118,186,201,8887,2008,0.0,47856.0,0.559059,-0.00886,RUS,SRB,842310
2522119,207,201,8887,2008,232761.0,0.0,1.5099209999999998,0.683663,SVN,SRB,842310
2522120,224,201,8887,2008,4173.0,0.0,0.44478,2.186881,TUR,SRB,842310
2522121,231,201,8887,2008,2508.0,0.0,1.584278,-0.209788,USA,SRB,842310
2522122,81,209,8887,2008,23771.0,0.0,1.7586119999999998,0.061214,GBR,SWZ,842310
2522123,111,209,8887,2008,4842.0,0.0,1.308777,0.361523,ITA,SWZ,842310
2522124,152,209,8887,2008,3077.0,0.0,-1.387548,-1.184696,MWI,SWZ,842310
2522125,246,209,8887,2008,62047.0,348.0,0.22551500000000002,1.185506,ZAF,SWZ,842310
2522126,43,212,8887,2008,434994.0,0.0,0.929285,1.8917259999999998,CHN,SYR,842310
2522127,61,212,8887,2008,29575.0,0.0,2.007167,-3.256961,DEU,SYR,842310
2522128,77,212,8887,2008,74103.0,0.0,1.487702,-0.223965,FRA,SYR,842310
2522129,81,212,8887,2008,6628.0,0.0,1.7586119999999998,0.061214,GBR,SYR,842310
2522130,111,212,8887,2008,2163.0,0.0,1.308777,0.361523,ITA,SYR,842310
2522131,162,212,8887,2008,1380.0,0.0,1.139475,1.385316,NLD,SYR,842310
2522132,224,212,8887,2008,4926.0,0.0,0.44478,2.186881,TUR,SYR,842310
2522133,249,212,8887,2008,3207.0,0.0,1.611693,0.93875,TWN,SYR,842310
2522134,250,212,8887,2008,332775.0,0.0,0.547909,-0.5303640000000001,ANS,SYR,842310
2522135,43,217,8887,2008,2899.0,0.0,0.929285,1.8917259999999998,CHN,TJK,842310
2522136,61,217,8887,2008,7031.0,0.0,2.007167,-3.256961,DEU,TJK,842310
2522137,72,217,8887,2008,1479.0,0.0,0.749696,1.5173940000000001,EST,TJK,842310
2522138,77,217,8887,2008,2950.0,0.0,1.487702,-0.223965,FRA,TJK,842310
2522139,186,217,8887,2008,7736.0,0.0,0.559059,-0.00886,RUS,TJK,842310
2522140,61,219,8887,2008,18270.0,0.0,2.007167,-3.256961,DEU,TKM,842310
2522141,224,219,8887,2008,17120.0,0.0,0.44478,2.186881,TUR,TKM,842310
2522142,41,223,8887,2008,3785.0,0.0,1.978404,0.368694,CHE,TUN,842310
2522143,43,223,8887,2008,83761.0,0.0,0.929285,1.8917259999999998,CHN,TUN,842310
2522144,59,223,8887,2008,4906.0,0.0,1.592035,0.27983600000000003,CZE,TUN,842310
2522145,61,223,8887,2008,72436.0,0.0,2.007167,-3.256961,DEU,TUN,842310
2522146,71,223,8887,2008,17454.0,0.0,0.8755649999999999,2.122164,ESP,TUN,842310
2522147,77,223,8887,2008,58545.0,0.0,1.487702,-0.223965,FRA,TUN,842310
2522148,81,223,8887,2008,9779.0,0.0,1.7586119999999998,0.061214,GBR,TUN,842310
2522149,102,223,8887,2008,1275.0,0.0,1.3358299999999999,0.8177770000000001,HUN,TUN,842310
2522150,111,223,8887,2008,12262.0,0.0,1.308777,0.361523,ITA,TUN,842310
2522151,231,223,8887,2008,5373.0,0.0,1.584278,-0.209788,USA,TUN,842310
2522152,7,226,8887,2008,19199.0,0.0,-0.276433,-0.692392,ARE,TZA,842310
2522153,18,226,8887,2008,7549.0,0.0,1.297416,0.9716549999999999,BEL,TZA,842310
2522154,43,226,8887,2008,43248.0,0.0,0.929285,1.8917259999999998,CHN,TZA,842310
2522155,61,226,8887,2008,17283.0,0.0,2.007167,-3.256961,DEU,TZA,842310
2522156,68,226,8887,2008,656.0,0.0,-0.098316,1.134642,EGY,TZA,842310
2522157,77,226,8887,2008,4022.0,0.0,1.487702,-0.223965,FRA,TZA,842310
2522158,81,226,8887,2008,3778.0,0.0,1.7586119999999998,0.061214,GBR,TZA,842310
2522159,104,226,8887,2008,30585.0,0.0,0.26694,2.926023,IND,TZA,842310
2522160,152,226,8887,2008,0.0,4684.0,-1.387548,-1.184696,MWI,TZA,842310
2522161,162,226,8887,2008,1003.0,0.0,1.139475,1.385316,NLD,TZA,842310
2522162,187,226,8887,2008,0.0,12928.0,-0.770307,-0.650779,RWA,TZA,842310
2522163,216,226,8887,2008,1573.0,0.0,0.7531399999999999,1.4420620000000002,THA,TZA,842310
2522164,231,226,8887,2008,20874.0,0.0,1.584278,-0.209788,USA,TZA,842310
2522165,246,226,8887,2008,5150.0,0.0,0.22551500000000002,1.185506,ZAF,TZA,842310
2522166,15,228,8887,2008,9201.0,0.0,1.634816,-0.078419,AUT,UKR,842310
2522167,41,228,8887,2008,3980.0,0.0,1.978404,0.368694,CHE,UKR,842310
2522168,43,228,8887,2008,3904177.0,0.0,0.929285,1.8917259999999998,CHN,UKR,842310
2522169,59,228,8887,2008,8672.0,0.0,1.592035,0.27983600000000003,CZE,UKR,842310
2522170,61,228,8887,2008,2042659.0,0.0,2.007167,-3.256961,DEU,UKR,842310
2522171,72,228,8887,2008,41818.0,0.0,0.749696,1.5173940000000001,EST,UKR,842310
2522172,74,228,8887,2008,5225.0,0.0,1.767859,0.846409,FIN,UKR,842310
2522173,77,228,8887,2008,1444106.0,0.0,1.487702,-0.223965,FRA,UKR,842310
2522174,81,228,8887,2008,171986.0,0.0,1.7586119999999998,0.061214,GBR,UKR,842310
2522175,97,228,8887,2008,79125.0,0.0,0.74435,2.149616,HKG,UKR,842310
2522176,102,228,8887,2008,59346.0,0.0,1.3358299999999999,0.8177770000000001,HUN,UKR,842310
2522177,103,228,8887,2008,816343.0,0.0,-0.11154000000000001,1.4879850000000001,IDN,UKR,842310
2522178,111,228,8887,2008,73544.0,0.0,1.308777,0.361523,ITA,UKR,842310
2522179,115,228,8887,2008,0.0,4368.0,-0.43055200000000005,-0.6852590000000001,KAZ,UKR,842310
2522180,121,228,8887,2008,24778.0,0.0,1.491687,0.814692,KOR,UKR,842310
2522181,130,228,8887,2008,3422.0,2102.0,0.59033,0.961408,LTU,UKR,842310
2522182,132,228,8887,2008,1252.0,0.0,0.655489,1.0811540000000002,LVA,UKR,842310
2522183,135,228,8887,2008,0.0,12672.0,0.096913,-0.095718,MDA,UKR,842310
2522184,177,228,8887,2008,152301.0,0.0,1.037287,1.244457,POL,UKR,842310
2522185,185,228,8887,2008,0.0,1082.0,0.784924,1.235527,ROU,UKR,842310
2522186,186,228,8887,2008,104970.0,20516.0,0.559059,-0.00886,RUS,UKR,842310
2522187,206,228,8887,2008,95641.0,0.0,1.3402040000000002,0.8038770000000001,SVK,UKR,842310
2522188,207,228,8887,2008,60899.0,0.0,1.5099209999999998,0.683663,SVN,UKR,842310
2522189,224,228,8887,2008,60229.0,0.0,0.44478,2.186881,TUR,UKR,842310
2522190,250,228,8887,2008,0.0,6813.0,0.547909,-0.5303640000000001,ANS,UKR,842310
2522191,61,232,8887,2008,6951.0,0.0,2.007167,-3.256961,DEU,UZB,842310
2522192,77,232,8887,2008,10326.0,0.0,1.487702,-0.223965,FRA,UZB,842310
2522193,186,232,8887,2008,5777.0,0.0,0.559059,-0.00886,RUS,UZB,842310
2522194,224,232,8887,2008,3383.0,0.0,0.44478,2.186881,TUR,UZB,842310
2522195,43,239,8887,2008,329223.0,0.0,0.929285,1.8917259999999998,CHN,VNM,842310
2522196,61,239,8887,2008,8101.0,0.0,2.007167,-3.256961,DEU,VNM,842310
2522197,81,239,8887,2008,869.0,0.0,1.7586119999999998,0.061214,GBR,VNM,842310
2522198,97,239,8887,2008,25544.0,46879.0,0.74435,2.149616,HKG,VNM,842310
2522199,103,239,8887,2008,0.0,105497.0,-0.11154000000000001,1.4879850000000001,IDN,VNM,842310
2522200,114,239,8887,2008,6605.0,0.0,2.285056,0.036255,JPN,VNM,842310
2522201,118,239,8887,2008,0.0,4679.0,-1.064815,-1.098892,KHM,VNM,842310
2522202,121,239,8887,2008,8464.0,0.0,1.491687,0.814692,KOR,VNM,842310
2522203,123,239,8887,2008,0.0,3091.0,-1.09704,-0.934141,LAO,VNM,842310
2522204,153,239,8887,2008,0.0,234881.0,0.793395,0.6141939999999999,MYS,VNM,842310
2522205,174,239,8887,2008,0.0,3258.0,0.276488,-0.02957,PHL,VNM,842310
2522206,192,239,8887,2008,15416.0,1032.0,1.844543,0.5947020000000001,SGP,VNM,842310
2522207,231,239,8887,2008,78894.0,0.0,1.584278,-0.209788,USA,VNM,842310
2522208,249,239,8887,2008,4242.0,8816.0,1.611693,0.93875,TWN,VNM,842310
2522209,6,250,8887,2008,8270.0,0.0,0.31099,-0.536718,ANT,ANS,842310
2522210,7,250,8887,2008,26662.0,0.0,-0.276433,-0.692392,ARE,ANS,842310
2522211,42,250,8887,2008,1002.0,0.0,-0.293985,-0.349554,CHL,ANS,842310
2522212,44,250,8887,2008,0.0,27222.0,-0.9806040000000001,-0.730792,CIV,ANS,842310
2522213,61,250,8887,2008,3448.0,0.0,2.007167,-3.256961,DEU,ANS,842310
2522214,64,250,8887,2008,6782.0,0.0,1.165294,1.1112440000000001,DNK,ANS,842310
2522215,68,250,8887,2008,0.0,26689.0,-0.098316,1.134642,EGY,ANS,842310
2522216,72,250,8887,2008,0.0,123655.0,0.749696,1.5173940000000001,EST,ANS,842310
2522217,78,250,8887,2008,0.0,1432.0,-0.576205,-0.886117,FRO,ANS,842310
2522218,97,250,8887,2008,18691.0,0.0,0.74435,2.149616,HKG,ANS,842310
2522219,104,250,8887,2008,0.0,6805.0,0.26694,2.926023,IND,ANS,842310
2522220,111,250,8887,2008,9015.0,0.0,1.308777,0.361523,ITA,ANS,842310
2522221,113,250,8887,2008,31240.0,0.0,0.255463,0.45844799999999997,JOR,ANS,842310
2522222,131,250,8887,2008,0.0,5480.0,1.39945,1.003857,LUX,ANS,842310
2522223,136,250,8887,2008,0.0,1452.0,-0.9618190000000001,-0.348841,MDG,ANS,842310
2522224,144,250,8887,2008,0.0,18538.0,0.321434,-0.168212,MNE,ANS,842310
2522225,162,250,8887,2008,3324.0,0.0,1.139475,1.385316,NLD,ANS,842310
2522226,169,250,8887,2008,3618.0,0.0,0.470854,0.960075,PAN,ANS,842310
2522227,206,250,8887,2008,0.0,270417.0,1.3402040000000002,0.8038770000000001,SVK,ANS,842310
2522228,207,250,8887,2008,0.0,24893.0,1.5099209999999998,0.683663,SVN,ANS,842310
2522229,212,250,8887,2008,0.0,332775.0,-0.365789,0.877383,SYR,ANS,842310
2522230,228,250,8887,2008,6813.0,0.0,0.59355,0.764415,UKR,ANS,842310
2522231,243,250,8887,2008,0.0,2246.0,-1.227495,-1.191462,YEM,ANS,842310
2522232,39,19,8887,2008,2750.0,0.0,0.684659,1.085312,CAN,BEN,842310
2522233,43,19,8887,2008,24964.0,0.0,0.929285,1.8917259999999998,CHN,BEN,842310
2522234,61,19,8887,2008,1418.0,0.0,2.007167,-3.256961,DEU,BEN,842310
2522235,77,19,8887,2008,9579.0,0.0,1.487702,-0.223965,FRA,BEN,842310
2522236,111,19,8887,2008,1316.0,0.0,1.308777,0.361523,ITA,BEN,842310
2522237,159,19,8887,2008,1188.0,0.0,-1.9809139999999998,-1.189201,NGA,BEN,842310
2522238,18,21,8887,2008,14468.0,0.0,1.297416,0.9716549999999999,BEL,BFA,842310
2522239,43,21,8887,2008,1713.0,0.0,0.929285,1.8917259999999998,CHN,BFA,842310
2522240,59,21,8887,2008,4997.0,0.0,1.592035,0.27983600000000003,CZE,BFA,842310
2522241,61,21,8887,2008,90167.0,0.0,2.007167,-3.256961,DEU,BFA,842310
2522242,64,21,8887,2008,47484.0,0.0,1.165294,1.1112440000000001,DNK,BFA,842310
2522243,71,21,8887,2008,9766.0,0.0,0.8755649999999999,2.122164,ESP,BFA,842310
2522244,77,21,8887,2008,3872.0,0.0,1.487702,-0.223965,FRA,BFA,842310
2522245,81,21,8887,2008,24173.0,0.0,1.7586119999999998,0.061214,GBR,BFA,842310
2522246,97,21,8887,2008,4792.0,0.0,0.74435,2.149616,HKG,BFA,842310
2522247,104,21,8887,2008,1466.0,0.0,0.26694,2.926023,IND,BFA,842310
2522248,162,21,8887,2008,7495.0,0.0,1.139475,1.385316,NLD,BFA,842310
2522249,169,25,8887,2008,1398.0,0.0,0.470854,0.960075,PAN,BHS,842310
2522250,231,25,8887,2008,11108.0,0.0,1.584278,-0.209788,USA,BHS,842310
2522251,41,29,8887,2008,1025.0,0.0,1.978404,0.368694,CHE,BLZ,842310
2522252,43,29,8887,2008,3435.0,0.0,0.929285,1.8917259999999998,CHN,BLZ,842310
2522253,169,29,8887,2008,719.0,0.0,0.470854,0.960075,PAN,BLZ,842310
2522254,231,29,8887,2008,6913.0,0.0,1.584278,-0.209788,USA,BLZ,842310
2522255,43,37,8887,2008,8201.0,0.0,0.929285,1.8917259999999998,CHN,BWA,842310
2522256,61,37,8887,2008,3369.0,0.0,2.007167,-3.256961,DEU,BWA,842310
2522257,81,37,8887,2008,1592.0,0.0,1.7586119999999998,0.061214,GBR,BWA,842310
2522258,231,37,8887,2008,1580.0,0.0,1.584278,-0.209788,USA,BWA,842310
2522259,246,37,8887,2008,107016.0,0.0,0.22551500000000002,1.185506,ZAF,BWA,842310
2522260,7,45,8887,2008,1946.0,0.0,-0.276433,-0.692392,ARE,CMR,842310
2522261,15,45,8887,2008,971.0,0.0,1.634816,-0.078419,AUT,CMR,842310
2522262,18,45,8887,2008,1493.0,0.0,1.297416,0.9716549999999999,BEL,CMR,842310
2522263,43,45,8887,2008,56321.0,0.0,0.929285,1.8917259999999998,CHN,CMR,842310
2522264,61,45,8887,2008,8865.0,0.0,2.007167,-3.256961,DEU,CMR,842310
2522265,77,45,8887,2008,42029.0,0.0,1.487702,-0.223965,FRA,CMR,842310
2522266,81,45,8887,2008,11693.0,0.0,1.7586119999999998,0.061214,GBR,CMR,842310
2522267,97,45,8887,2008,4191.0,0.0,0.74435,2.149616,HKG,CMR,842310
2522268,111,45,8887,2008,7439.0,0.0,1.308777,0.361523,ITA,CMR,842310
2522269,216,45,8887,2008,2506.0,0.0,0.7531399999999999,1.4420620000000002,THA,CMR,842310
2522270,231,45,8887,2008,20950.0,0.0,1.584278,-0.209788,USA,CMR,842310
2522271,249,45,8887,2008,807.0,0.0,1.611693,0.93875,TWN,CMR,842310
2522272,43,47,8887,2008,20229.0,0.0,0.929285,1.8917259999999998,CHN,COG,842310
2522273,77,47,8887,2008,5995.0,0.0,1.487702,-0.223965,FRA,COG,842310
2522274,18,66,8887,2008,45504.0,0.0,1.297416,0.9716549999999999,BEL,DZA,842310
2522275,41,66,8887,2008,1892.0,0.0,1.978404,0.368694,CHE,DZA,842310
2522276,43,66,8887,2008,552851.0,0.0,0.929285,1.8917259999999998,CHN,DZA,842310
2522277,59,66,8887,2008,10957.0,0.0,1.592035,0.27983600000000003,CZE,DZA,842310
2522278,61,66,8887,2008,300290.0,0.0,2.007167,-3.256961,DEU,DZA,842310
2522279,71,66,8887,2008,61911.0,0.0,0.8755649999999999,2.122164,ESP,DZA,842310
2522280,77,66,8887,2008,189354.0,0.0,1.487702,-0.223965,FRA,DZA,842310
2522281,81,66,8887,2008,4525.0,0.0,1.7586119999999998,0.061214,GBR,DZA,842310
2522282,97,66,8887,2008,8778.0,0.0,0.74435,2.149616,HKG,DZA,842310
2522283,103,66,8887,2008,15856.0,0.0,-0.11154000000000001,1.4879850000000001,IDN,DZA,842310
2522284,111,66,8887,2008,13064.0,0.0,1.308777,0.361523,ITA,DZA,842310
2522285,7,73,8887,2008,2468.0,0.0,-0.276433,-0.692392,ARE,ETH,842310
2522286,41,73,8887,2008,9713.0,0.0,1.978404,0.368694,CHE,ETH,842310
2522287,43,73,8887,2008,9905.0,0.0,0.929285,1.8917259999999998,CHN,ETH,842310
2522288,61,73,8887,2008,746.0,0.0,2.007167,-3.256961,DEU,ETH,842310
2522289,64,73,8887,2008,214987.0,0.0,1.165294,1.1112440000000001,DNK,ETH,842310
2522290,77,73,8887,2008,787.0,0.0,1.487702,-0.223965,FRA,ETH,842310
2522291,81,73,8887,2008,30027.0,0.0,1.7586119999999998,0.061214,GBR,ETH,842310
2522292,102,73,8887,2008,543.0,0.0,1.3358299999999999,0.8177770000000001,HUN,ETH,842310
2522293,104,73,8887,2008,9867.0,0.0,0.26694,2.926023,IND,ETH,842310
2522294,106,73,8887,2008,2491.0,0.0,1.693858,0.221425,IRL,ETH,842310
2522295,111,73,8887,2008,2657.0,0.0,1.308777,0.361523,ITA,ETH,842310
2522296,124,73,8887,2008,1239.0,0.0,0.46133100000000005,1.4598149999999999,LBN,ETH,842310
2522297,231,73,8887,2008,2777.0,0.0,1.584278,-0.209788,USA,ETH,842310
2522298,18,80,8887,2008,738.0,0.0,1.297416,0.9716549999999999,BEL,GAB,842310
2522299,43,80,8887,2008,22725.0,0.0,0.929285,1.8917259999999998,CHN,GAB,842310
2522300,61,80,8887,2008,1013.0,0.0,2.007167,-3.256961,DEU,GAB,842310
2522301,77,80,8887,2008,22555.0,0.0,1.487702,-0.223965,FRA,GAB,842310
2522302,246,80,8887,2008,2235.0,0.0,0.22551500000000002,1.185506,ZAF,GAB,842310
2522303,7,83,8887,2008,902.0,0.0,-0.276433,-0.692392,ARE,GHA,842310
2522304,14,83,8887,2008,1263.0,0.0,-0.171801,-0.012588,AUS,GHA,842310
2522305,18,83,8887,2008,2351.0,0.0,1.297416,0.9716549999999999,BEL,GHA,842310
2522306,39,83,8887,2008,1231.0,0.0,0.684659,1.085312,CAN,GHA,842310
2522307,43,83,8887,2008,130903.0,0.0,0.929285,1.8917259999999998,CHN,GHA,842310
2522308,61,83,8887,2008,39058.0,0.0,2.007167,-3.256961,DEU,GHA,842310
2522309,71,83,8887,2008,13182.0,0.0,0.8755649999999999,2.122164,ESP,GHA,842310
2522310,81,83,8887,2008,8750.0,0.0,1.7586119999999998,0.061214,GBR,GHA,842310
2522311,104,83,8887,2008,1210.0,0.0,0.26694,2.926023,IND,GHA,842310
2522312,111,83,8887,2008,1066.0,0.0,1.308777,0.361523,ITA,GHA,842310
2522313,224,83,8887,2008,2791.0,0.0,0.44478,2.186881,TUR,GHA,842310
2522314,231,83,8887,2008,8321.0,0.0,1.584278,-0.209788,USA,GHA,842310
2522315,246,83,8887,2008,6263.0,0.0,0.22551500000000002,1.185506,ZAF,GHA,842310
2522316,43,85,8887,2008,42489.0,0.0,0.929285,1.8917259999999998,CHN,GIN,842310
2522317,77,85,8887,2008,9309.0,0.0,1.487702,-0.223965,FRA,GIN,842310
2522318,104,85,8887,2008,4862.0,0.0,0.26694,2.926023,IND,GIN,842310
2522319,110,85,8887,2008,714.0,0.0,1.169192,0.797136,ISR,GIN,842310
2522320,121,85,8887,2008,918.0,0.0,1.491687,0.814692,KOR,GIN,842310
2522321,124,85,8887,2008,975.0,0.0,0.46133100000000005,1.4598149999999999,LBN,GIN,842310
2522322,246,85,8887,2008,1187.0,0.0,0.22551500000000002,1.185506,ZAF,GIN,842310
2522323,18,134,8887,2008,941.0,0.0,1.297416,0.9716549999999999,BEL,MAR,842310
2522324,43,134,8887,2008,297125.0,0.0,0.929285,1.8917259999999998,CHN,MAR,842310
2522325,59,134,8887,2008,19253.0,0.0,1.592035,0.27983600000000003,CZE,MAR,842310
2522326,61,134,8887,2008,49729.0,0.0,2.007167,-3.256961,DEU,MAR,842310
2522327,71,134,8887,2008,187991.0,0.0,0.8755649999999999,2.122164,ESP,MAR,842310
2522328,77,134,8887,2008,47068.0,0.0,1.487702,-0.223965,FRA,MAR,842310
2522329,81,134,8887,2008,48710.0,0.0,1.7586119999999998,0.061214,GBR,MAR,842310
2522330,97,134,8887,2008,10745.0,0.0,0.74435,2.149616,HKG,MAR,842310
2522331,102,134,8887,2008,1323.0,0.0,1.3358299999999999,0.8177770000000001,HUN,MAR,842310
2522332,111,134,8887,2008,30948.0,0.0,1.308777,0.361523,ITA,MAR,842310
2522333,114,134,8887,2008,1046.0,0.0,2.285056,0.036255,JPN,MAR,842310
2522334,131,134,8887,2008,1243.0,0.0,1.39945,1.003857,LUX,MAR,842310
2522335,18,142,8887,2008,4002.0,0.0,1.297416,0.9716549999999999,BEL,MLT,842310
2522336,43,142,8887,2008,7558.0,0.0,0.929285,1.8917259999999998,CHN,MLT,842310
2522337,61,142,8887,2008,28351.0,0.0,2.007167,-3.256961,DEU,MLT,842310
2522338,71,142,8887,2008,2713.0,0.0,0.8755649999999999,2.122164,ESP,MLT,842310
2522339,77,142,8887,2008,23421.0,0.0,1.487702,-0.223965,FRA,MLT,842310
2522340,81,142,8887,2008,9965.0,0.0,1.7586119999999998,0.061214,GBR,MLT,842310
2522341,111,142,8887,2008,100477.0,0.0,1.308777,0.361523,ITA,MLT,842310
2522342,114,142,8887,2008,1712.0,0.0,2.285056,0.036255,JPN,MLT,842310
2522343,162,142,8887,2008,2865.0,0.0,1.139475,1.385316,NLD,MLT,842310
2522344,43,148,8887,2008,51206.0,0.0,0.929285,1.8917259999999998,CHN,MRT,842310
2522345,71,148,8887,2008,23018.0,0.0,0.8755649999999999,2.122164,ESP,MRT,842310
2522346,18,151,8887,2008,1010.0,0.0,1.297416,0.9716549999999999,BEL,MUS,842310
2522347,43,151,8887,2008,40287.0,0.0,0.929285,1.8917259999999998,CHN,MUS,842310
2522348,61,151,8887,2008,3472.0,0.0,2.007167,-3.256961,DEU,MUS,842310
2522349,77,151,8887,2008,15361.0,0.0,1.487702,-0.223965,FRA,MUS,842310
2522350,81,151,8887,2008,3745.0,0.0,1.7586119999999998,0.061214,GBR,MUS,842310
2522351,104,151,8887,2008,2462.0,0.0,0.26694,2.926023,IND,MUS,842310
2522352,114,151,8887,2008,27486.0,0.0,2.285056,0.036255,JPN,MUS,842310
2522353,211,151,8887,2008,0.0,3680.0,0.29189699999999996,-0.47472600000000004,SYC,MUS,842310
2522354,246,151,8887,2008,24338.0,0.0,0.22551500000000002,1.185506,ZAF,MUS,842310
2522355,2,155,8887,2008,0.0,6273.0,-2.0318669999999996,-1.149931,AGO,NAM,842310
2522356,43,155,8887,2008,1487.0,0.0,0.929285,1.8917259999999998,CHN,NAM,842310
2522357,61,155,8887,2008,1755.0,0.0,2.007167,-3.256961,DEU,NAM,842310
2522358,177,155,8887,2008,0.0,7937.0,1.037287,1.244457,POL,NAM,842310
2522359,246,155,8887,2008,147709.0,0.0,0.22551500000000002,1.185506,ZAF,NAM,842310
2522360,18,157,8887,2008,1263.0,0.0,1.297416,0.9716549999999999,BEL,NER,842310
2522361,43,157,8887,2008,4322.0,0.0,0.929285,1.8917259999999998,CHN,NER,842310
2522362,64,157,8887,2008,4157.0,0.0,1.165294,1.1112440000000001,DNK,NER,842310
2522363,77,157,8887,2008,23820.0,0.0,1.487702,-0.223965,FRA,NER,842310
2522364,104,157,8887,2008,1136.0,0.0,0.26694,2.926023,IND,NER,842310
2522365,177,157,8887,2008,0.0,1898.0,1.037287,1.244457,POL,NER,842310
2522366,43,160,8887,2008,42234.0,0.0,0.929285,1.8917259999999998,CHN,NIC,842310
2522367,54,160,8887,2008,3024.0,0.0,-0.23158299999999998,-0.892943,CUB,NIC,842310
2522368,61,160,8887,2008,1270.0,0.0,2.007167,-3.256961,DEU,NIC,842310
2522369,64,160,8887,2008,3783.0,0.0,1.165294,1.1112440000000001,DNK,NIC,842310
2522370,81,160,8887,2008,4651.0,0.0,1.7586119999999998,0.061214,GBR,NIC,842310
2522371,104,160,8887,2008,3029.0,0.0,0.26694,2.926023,IND,NIC,842310
2522372,114,160,8887,2008,16031.0,0.0,2.285056,0.036255,JPN,NIC,842310
2522373,169,160,8887,2008,1199.0,0.0,0.470854,0.960075,PAN,NIC,842310
2522374,197,160,8887,2008,0.0,1800.0,-0.028986,0.369501,SLV,NIC,842310
2522375,231,160,8887,2008,26427.0,0.0,1.584278,-0.209788,USA,NIC,842310
2522376,249,160,8887,2008,9803.0,0.0,1.611693,0.93875,TWN,NIC,842310
2522377,7,203,8887,2008,828.0,0.0,-0.276433,-0.692392,ARE,STP,842310
2522378,179,203,8887,2008,2480.0,0.0,0.64135,2.1946939999999997,PRT,STP,842310
2522379,7,215,8887,2008,8314.0,0.0,-0.276433,-0.692392,ARE,TGO,842310
2522380,43,215,8887,2008,16685.0,0.0,0.929285,1.8917259999999998,CHN,TGO,842310
2522381,61,215,8887,2008,11167.0,0.0,2.007167,-3.256961,DEU,TGO,842310
2522382,64,215,8887,2008,20835.0,0.0,1.165294,1.1112440000000001,DNK,TGO,842310
2522383,77,215,8887,2008,5577.0,0.0,1.487702,-0.223965,FRA,TGO,842310
2522384,7,227,8887,2008,7947.0,0.0,-0.276433,-0.692392,ARE,UGA,842310
2522385,41,227,8887,2008,944.0,0.0,1.978404,0.368694,CHE,UGA,842310
2522386,43,227,8887,2008,25716.0,0.0,0.929285,1.8917259999999998,CHN,UGA,842310
2522387,61,227,8887,2008,53471.0,0.0,2.007167,-3.256961,DEU,UGA,842310
2522388,64,227,8887,2008,6751.0,0.0,1.165294,1.1112440000000001,DNK,UGA,842310
2522389,68,227,8887,2008,1466.0,0.0,-0.098316,1.134642,EGY,UGA,842310
2522390,81,227,8887,2008,12648.0,0.0,1.7586119999999998,0.061214,GBR,UGA,842310
2522391,104,227,8887,2008,4809.0,0.0,0.26694,2.926023,IND,UGA,842310
2522392,111,227,8887,2008,1686.0,0.0,1.308777,0.361523,ITA,UGA,842310
2522393,116,227,8887,2008,1534.0,0.0,-0.284528,0.9378610000000001,KEN,UGA,842310
2522394,162,227,8887,2008,3712.0,0.0,1.139475,1.385316,NLD,UGA,842310
2522395,187,227,8887,2008,0.0,1880.0,-0.770307,-0.650779,RWA,UGA,842310
2522396,246,227,8887,2008,9175.0,0.0,0.22551500000000002,1.185506,ZAF,UGA,842310
2522397,7,247,8887,2008,3795.0,0.0,-0.276433,-0.692392,ARE,ZMB,842310
2522398,43,247,8887,2008,41064.0,0.0,0.929285,1.8917259999999998,CHN,ZMB,842310
2522399,61,247,8887,2008,5000.0,0.0,2.007167,-3.256961,DEU,ZMB,842310
2522400,81,247,8887,2008,17409.0,0.0,1.7586119999999998,0.061214,GBR,ZMB,842310
2522401,97,247,8887,2008,10925.0,0.0,0.74435,2.149616,HKG,ZMB,842310
2522402,104,247,8887,2008,2804.0,0.0,0.26694,2.926023,IND,ZMB,842310
2522403,111,247,8887,2008,1830.0,0.0,1.308777,0.361523,ITA,ZMB,842310
2522404,231,247,8887,2008,4918.0,0.0,1.584278,-0.209788,USA,ZMB,842310
2522405,246,247,8887,2008,60194.0,0.0,0.22551500000000002,1.185506,ZAF,ZMB,842310
2522406,7,248,8887,2008,3256.0,0.0,-0.276433,-0.692392,ARE,ZWE,842310
2522407,18,248,8887,2008,1104.0,0.0,1.297416,0.9716549999999999,BEL,ZWE,842310
2522408,43,248,8887,2008,1026.0,0.0,0.929285,1.8917259999999998,CHN,ZWE,842310
2522409,77,248,8887,2008,1231.0,0.0,1.487702,-0.223965,FRA,ZWE,842310
2522410,97,248,8887,2008,2453.0,0.0,0.74435,2.149616,HKG,ZWE,842310
2522411,231,248,8887,2008,2705.0,0.0,1.584278,-0.209788,USA,ZWE,842310
2522412,246,248,8887,2008,18025.0,0.0,0.22551500000000002,1.185506,ZAF,ZWE,842310
2522413,231,13,8887,2008,35824.0,0.0,1.584278,-0.209788,USA,ATG,842310
2522414,43,34,8887,2008,11852.0,0.0,0.929285,1.8917259999999998,CHN,BRN,842310
2522415,81,34,8887,2008,16857.0,0.0,1.7586119999999998,0.061214,GBR,BRN,842310
2522416,97,34,8887,2008,2950.0,0.0,0.74435,2.149616,HKG,BRN,842310
2522417,114,34,8887,2008,2143.0,0.0,2.285056,0.036255,JPN,BRN,842310
2522418,153,34,8887,2008,12492.0,0.0,0.793395,0.6141939999999999,MYS,BRN,842310
2522419,174,34,8887,2008,887.0,0.0,0.276488,-0.02957,PHL,BRN,842310
2522420,192,34,8887,2008,13572.0,0.0,1.844543,0.5947020000000001,SGP,BRN,842310
2522421,39,63,8887,2008,1708.0,0.0,0.684659,1.085312,CAN,DMA,842310
2522422,43,63,8887,2008,18346.0,0.0,0.929285,1.8917259999999998,CHN,DMA,842310
2522423,169,63,8887,2008,2134.0,0.0,0.470854,0.960075,PAN,DMA,842310
2522424,231,63,8887,2008,1723.0,0.0,1.584278,-0.209788,USA,DMA,842310
2522425,43,91,8887,2008,1226.0,0.0,0.929285,1.8917259999999998,CHN,GRD,842310
2522426,81,91,8887,2008,4484.0,0.0,1.7586119999999998,0.061214,GBR,GRD,842310
2522427,231,91,8887,2008,5956.0,0.0,1.584278,-0.209788,USA,GRD,842310
2522428,231,120,8887,2008,5166.0,0.0,1.584278,-0.209788,USA,KNA,842310
2522429,231,149,8887,2008,490.0,0.0,1.584278,-0.209788,USA,MSR,842310
2522430,43,182,8887,2008,2848.0,0.0,0.929285,1.8917259999999998,CHN,PYF,842310
2522431,61,182,8887,2008,50242.0,0.0,2.007167,-3.256961,DEU,PYF,842310
2522432,77,182,8887,2008,144712.0,0.0,1.487702,-0.223965,FRA,PYF,842310
2522433,102,182,8887,2008,280.0,0.0,1.3358299999999999,0.8177770000000001,HUN,PYF,842310
2522434,231,182,8887,2008,2786.0,0.0,1.584278,-0.209788,USA,PYF,842310
2522435,249,182,8887,2008,3513.0,0.0,1.611693,0.93875,TWN,PYF,842310
2522436,43,234,8887,2008,3027.0,0.0,0.929285,1.8917259999999998,CHN,VCT,842310
2522437,130,234,8887,2008,1120.0,0.0,0.59033,0.961408,LTU,VCT,842310
2522438,231,234,8887,2008,3866.0,0.0,1.584278,-0.209788,USA,VCT,842310
2522439,7,9,8887,2008,1743.0,0.0,-0.276433,-0.692392,ARE,ARM,842310
2522440,41,9,8887,2008,2933.0,0.0,1.978404,0.368694,CHE,ARM,842310
2522441,43,9,8887,2008,19032.0,0.0,0.929285,1.8917259999999998,CHN,ARM,842310
2522442,59,9,8887,2008,918.0,0.0,1.592035,0.27983600000000003,CZE,ARM,842310
2522443,61,9,8887,2008,18375.0,0.0,2.007167,-3.256961,DEU,ARM,842310
2522444,71,9,8887,2008,1010.0,0.0,0.8755649999999999,2.122164,ESP,ARM,842310
2522445,77,9,8887,2008,8605.0,0.0,1.487702,-0.223965,FRA,ARM,842310
2522446,102,9,8887,2008,1510.0,0.0,1.3358299999999999,0.8177770000000001,HUN,ARM,842310
2522447,186,9,8887,2008,2251.0,0.0,0.559059,-0.00886,RUS,ARM,842310
2522448,192,9,8887,2008,8543.0,0.0,1.844543,0.5947020000000001,SGP,ARM,842310
2522449,224,9,8887,2008,23609.0,0.0,0.44478,2.186881,TUR,ARM,842310
2522450,231,9,8887,2008,1377.0,0.0,1.584278,-0.209788,USA,ARM,842310
2522451,18,17,8887,2008,4138.0,0.0,1.297416,0.9716549999999999,BEL,BDI,842310
2522452,39,17,8887,2008,1079.0,0.0,0.684659,1.085312,CAN,BDI,842310
2522453,61,17,8887,2008,2087.0,0.0,2.007167,-3.256961,DEU,BDI,842310
2522454,77,17,8887,2008,2325.0,0.0,1.487702,-0.223965,FRA,BDI,842310
2522455,116,17,8887,2008,3371.0,0.0,-0.284528,0.9378610000000001,KEN,BDI,842310
2522456,187,17,8887,2008,658.0,0.0,-0.770307,-0.650779,RWA,BDI,842310
2522457,14,109,8887,2008,119.0,0.0,-0.171801,-0.012588,AUS,ISL,842310
2522458,43,109,8887,2008,53098.0,0.0,0.929285,1.8917259999999998,CHN,ISL,842310
2522459,59,109,8887,2008,1197.0,0.0,1.592035,0.27983600000000003,CZE,ISL,842310
2522460,61,109,8887,2008,51991.0,0.0,2.007167,-3.256961,DEU,ISL,842310
2522461,64,109,8887,2008,18220.0,22553.0,1.165294,1.1112440000000001,DNK,ISL,842310
2522462,77,109,8887,2008,1688.0,0.0,1.487702,-0.223965,FRA,ISL,842310
2522463,81,109,8887,2008,70566.0,6262.0,1.7586119999999998,0.061214,GBR,ISL,842310
2522464,100,109,8887,2008,0.0,964.0,0.874459,1.075102,HRV,ISL,842310
2522465,102,109,8887,2008,1261.0,0.0,1.3358299999999999,0.8177770000000001,HUN,ISL,842310
2522466,114,109,8887,2008,945.0,0.0,2.285056,0.036255,JPN,ISL,842310
2522467,121,109,8887,2008,6511.0,0.0,1.491687,0.814692,KOR,ISL,842310
2522468,130,109,8887,2008,1159.0,0.0,0.59033,0.961408,LTU,ISL,842310
2522469,162,109,8887,2008,8379.0,0.0,1.139475,1.385316,NLD,ISL,842310
2522470,208,109,8887,2008,37939.0,0.0,1.866575,0.44342700000000007,SWE,ISL,842310
2522471,231,109,8887,2008,10139.0,0.0,1.584278,-0.209788,USA,ISL,842310
2522472,249,109,8887,2008,453.0,0.0,1.611693,0.93875,TWN,ISL,842310
2522473,7,126,8887,2008,5445.0,0.0,-0.276433,-0.692392,ARE,LBY,842310
2522474,43,126,8887,2008,150936.0,0.0,0.929285,1.8917259999999998,CHN,LBY,842310
2522475,61,126,8887,2008,89896.0,0.0,2.007167,-3.256961,DEU,LBY,842310
2522476,68,126,8887,2008,153170.0,0.0,-0.098316,1.134642,EGY,LBY,842310
2522477,81,126,8887,2008,0.0,5876.0,1.7586119999999998,0.061214,GBR,LBY,842310
2522478,111,126,8887,2008,19427.0,0.0,1.308777,0.361523,ITA,LBY,842310
2522479,121,126,8887,2008,21933.0,0.0,1.491687,0.814692,KOR,LBY,842310
2522480,224,126,8887,2008,14318.0,0.0,0.44478,2.186881,TUR,LBY,842310
2522481,231,126,8887,2008,2948.0,0.0,1.584278,-0.209788,USA,LBY,842310
2522482,15,132,8887,2008,7240.0,0.0,1.634816,-0.078419,AUT,LVA,842310
2522483,18,132,8887,2008,10209.0,0.0,1.297416,0.9716549999999999,BEL,LVA,842310
2522484,23,132,8887,2008,0.0,1736.0,0.44409,1.575399,BGR,LVA,842310
2522485,28,132,8887,2008,8845.0,0.0,0.9869,0.38977399999999995,BLR,LVA,842310
2522486,41,132,8887,2008,1361.0,0.0,1.978404,0.368694,CHE,LVA,842310
2522487,43,132,8887,2008,282558.0,0.0,0.929285,1.8917259999999998,CHN,LVA,842310
2522488,59,132,8887,2008,3048.0,0.0,1.592035,0.27983600000000003,CZE,LVA,842310
2522489,61,132,8887,2008,192803.0,0.0,2.007167,-3.256961,DEU,LVA,842310
2522490,64,132,8887,2008,960.0,0.0,1.165294,1.1112440000000001,DNK,LVA,842310
2522491,72,132,8887,2008,70297.0,29902.0,0.749696,1.5173940000000001,EST,LVA,842310
2522492,74,132,8887,2008,48845.0,0.0,1.767859,0.846409,FIN,LVA,842310
2522493,77,132,8887,2008,6915.0,0.0,1.487702,-0.223965,FRA,LVA,842310
2522494,81,132,8887,2008,2504.0,0.0,1.7586119999999998,0.061214,GBR,LVA,842310
2522495,102,132,8887,2008,28106.0,0.0,1.3358299999999999,0.8177770000000001,HUN,LVA,842310
2522496,103,132,8887,2008,18654.0,0.0,-0.11154000000000001,1.4879850000000001,IDN,LVA,842310
2522497,111,132,8887,2008,29114.0,0.0,1.308777,0.361523,ITA,LVA,842310
2522498,121,132,8887,2008,1064.0,0.0,1.491687,0.814692,KOR,LVA,842310
2522499,130,132,8887,2008,136168.0,67491.0,0.59033,0.961408,LTU,LVA,842310
2522500,162,132,8887,2008,23297.0,0.0,1.139475,1.385316,NLD,LVA,842310
2522501,177,132,8887,2008,107783.0,0.0,1.037287,1.244457,POL,LVA,842310
2522502,185,132,8887,2008,0.0,12147.0,0.784924,1.235527,ROU,LVA,842310
2522503,186,132,8887,2008,11283.0,0.0,0.559059,-0.00886,RUS,LVA,842310
2522504,207,132,8887,2008,2417.0,0.0,1.5099209999999998,0.683663,SVN,LVA,842310
2522505,208,132,8887,2008,48555.0,0.0,1.866575,0.44342700000000007,SWE,LVA,842310
2522506,228,132,8887,2008,0.0,1252.0,0.59355,0.764415,UKR,LVA,842310
2522507,249,132,8887,2008,5773.0,0.0,1.611693,0.93875,TWN,LVA,842310
2522508,39,54,8887,2008,8318.0,0.0,0.684659,1.085312,CAN,CUB,842310
2522509,43,54,8887,2008,31229.0,0.0,0.929285,1.8917259999999998,CHN,CUB,842310
2522510,61,54,8887,2008,14596.0,0.0,2.007167,-3.256961,DEU,CUB,842310
2522511,71,54,8887,2008,1556.0,0.0,0.8755649999999999,2.122164,ESP,CUB,842310
2522512,160,54,8887,2008,0.0,3024.0,-0.869193,-0.676623,NIC,CUB,842310
2522513,169,54,8887,2008,17264.0,0.0,0.470854,0.960075,PAN,CUB,842310
2522514,236,54,8887,2008,0.0,1404.0,-0.442996,-1.0439969999999998,VEN,CUB,842310
2522515,41,133,8887,2008,6205.0,0.0,1.978404,0.368694,CHE,MAC,842310
2522516,43,133,8887,2008,20343.0,0.0,0.929285,1.8917259999999998,CHN,MAC,842310
2522517,61,133,8887,2008,1948.0,0.0,2.007167,-3.256961,DEU,MAC,842310
2522518,97,133,8887,2008,35402.0,7105.0,0.74435,2.149616,HKG,MAC,842310
2522519,114,133,8887,2008,5256.0,0.0,2.285056,0.036255,JPN,MAC,842310
2522520,231,133,8887,2008,7563.0,2957.0,1.584278,-0.209788,USA,MAC,842310
2522521,249,133,8887,2008,1767.0,0.0,1.611693,0.93875,TWN,MAC,842310
2522522,7,141,8887,2008,9108.0,0.0,-0.276433,-0.692392,ARE,MLI,842310
2522523,18,141,8887,2008,1873.0,0.0,1.297416,0.9716549999999999,BEL,MLI,842310
2522524,43,141,8887,2008,25102.0,0.0,0.929285,1.8917259999999998,CHN,MLI,842310
2522525,61,141,8887,2008,4293.0,0.0,2.007167,-3.256961,DEU,MLI,842310
2522526,77,141,8887,2008,2405.0,0.0,1.487702,-0.223965,FRA,MLI,842310
2522527,97,141,8887,2008,5097.0,0.0,0.74435,2.149616,HKG,MLI,842310
2522528,231,141,8887,2008,2987.0,0.0,1.584278,-0.209788,USA,MLI,842310
2522529,6,0,8887,2008,0.0,1250.0,0.31099,-0.536718,ANT,ABW,842310
2522530,231,0,8887,2008,52600.0,0.0,1.584278,-0.209788,USA,ABW,842310
2522531,231,3,8887,2008,2251.0,0.0,1.584278,-0.209788,USA,AIA,842310
2522532,18,5,8887,2008,6086.0,0.0,1.297416,0.9716549999999999,BEL,AND,842310
2522533,43,5,8887,2008,296.0,0.0,0.929285,1.8917259999999998,CHN,AND,842310
2522534,61,5,8887,2008,37978.0,0.0,2.007167,-3.256961,DEU,AND,842310
2522535,71,5,8887,2008,62234.0,1156.0,0.8755649999999999,2.122164,ESP,AND,842310
2522536,77,5,8887,2008,5499.0,0.0,1.487702,-0.223965,FRA,AND,842310
2522537,162,5,8887,2008,4021.0,0.0,1.139475,1.385316,NLD,AND,842310
2522538,249,5,8887,2008,1324.0,0.0,1.611693,0.93875,TWN,AND,842310
2522539,231,30,8887,2008,48180.0,0.0,1.584278,-0.209788,USA,BMU,842310
2522540,32,31,8887,2008,3896.0,0.0,0.444687,0.904332,BRA,BOL,842310
2522541,42,31,8887,2008,119592.0,0.0,-0.293985,-0.349554,CHL,BOL,842310
2522542,43,31,8887,2008,7526.0,0.0,0.929285,1.8917259999999998,CHN,BOL,842310
2522543,59,31,8887,2008,5744.0,0.0,1.592035,0.27983600000000003,CZE,BOL,842310
2522544,61,31,8887,2008,50149.0,0.0,2.007167,-3.256961,DEU,BOL,842310
2522545,64,31,8887,2008,20270.0,0.0,1.165294,1.1112440000000001,DNK,BOL,842310
2522546,71,31,8887,2008,996.0,0.0,0.8755649999999999,2.122164,ESP,BOL,842310
2522547,104,31,8887,2008,1167.0,0.0,0.26694,2.926023,IND,BOL,842310
2522548,168,31,8887,2008,859.0,0.0,-0.401588,0.500668,PAK,BOL,842310
2522549,169,31,8887,2008,702.0,0.0,0.470854,0.960075,PAN,BOL,842310
2522550,173,31,8887,2008,1058.0,0.0,-0.518126,0.17193599999999998,PER,BOL,842310
2522551,231,31,8887,2008,156848.0,0.0,1.584278,-0.209788,USA,BOL,842310
2522552,43,99,8887,2008,47145.0,0.0,0.929285,1.8917259999999998,CHN,HND,842310
2522553,61,99,8887,2008,14167.0,0.0,2.007167,-3.256961,DEU,HND,842310
2522554,71,99,8887,2008,1028.0,0.0,0.8755649999999999,2.122164,ESP,HND,842310
2522555,169,99,8887,2008,1960.0,0.0,0.470854,0.960075,PAN,HND,842310
2522556,197,99,8887,2008,0.0,2500.0,-0.028986,0.369501,SLV,HND,842310
2522557,231,99,8887,2008,1207031.0,3395.0,1.584278,-0.209788,USA,HND,842310
2522558,249,99,8887,2008,3409.0,0.0,1.611693,0.93875,TWN,HND,842310
2522559,39,101,8887,2008,9824.0,0.0,0.684659,1.085312,CAN,HTI,842310
2522560,43,101,8887,2008,1557.0,0.0,0.929285,1.8917259999999998,CHN,HTI,842310
2522561,231,101,8887,2008,3824.0,0.0,1.584278,-0.209788,USA,HTI,842310
2522562,43,127,8887,2008,1235.0,0.0,0.929285,1.8917259999999998,CHN,LCA,842310
2522563,61,127,8887,2008,4652.0,0.0,2.007167,-3.256961,DEU,LCA,842310
2522564,169,127,8887,2008,2832.0,0.0,0.470854,0.960075,PAN,LCA,842310
2522565,231,127,8887,2008,20774.0,0.0,1.584278,-0.209788,USA,LCA,842310
2522566,43,136,8887,2008,26839.0,0.0,0.929285,1.8917259999999998,CHN,MDG,842310
2522567,61,136,8887,2008,7324.0,0.0,2.007167,-3.256961,DEU,MDG,842310
2522568,64,136,8887,2008,10300.0,0.0,1.165294,1.1112440000000001,DNK,MDG,842310
2522569,77,136,8887,2008,2812.0,0.0,1.487702,-0.223965,FRA,MDG,842310
2522570,162,136,8887,2008,2958.0,0.0,1.139475,1.385316,NLD,MDG,842310
2522571,246,136,8887,2008,1194.0,0.0,0.22551500000000002,1.185506,ZAF,MDG,842310
2522572,250,136,8887,2008,1452.0,0.0,0.547909,-0.5303640000000001,ANS,MDG,842310
2522573,43,158,8887,2008,2350.0,0.0,0.929285,1.8917259999999998,CHN,NFK,842310
2522574,7,187,8887,2008,20077.0,0.0,-0.276433,-0.692392,ARE,RWA,842310
2522575,17,187,8887,2008,0.0,658.0,-0.313815,-0.539678,BDI,RWA,842310
2522576,43,187,8887,2008,8747.0,0.0,0.929285,1.8917259999999998,CHN,RWA,842310
2522577,64,187,8887,2008,618.0,0.0,1.165294,1.1112440000000001,DNK,RWA,842310
2522578,81,187,8887,2008,868.0,0.0,1.7586119999999998,0.061214,GBR,RWA,842310
2522579,104,187,8887,2008,1376.0,0.0,0.26694,2.926023,IND,RWA,842310
2522580,226,187,8887,2008,12928.0,0.0,-0.755692,0.8751690000000001,TZA,RWA,842310
2522581,227,187,8887,2008,1880.0,0.0,-0.653885,-0.035455,UGA,RWA,842310
2522582,246,187,8887,2008,23375.0,0.0,0.22551500000000002,1.185506,ZAF,RWA,842310
2522583,231,213,8887,2008,5242.0,0.0,1.584278,-0.209788,USA,TCA,842310
2522584,7,1,8887,2008,834.0,0.0,-0.276433,-0.692392,ARE,AFG,842310
2522585,43,1,8887,2008,647.0,0.0,0.929285,1.8917259999999998,CHN,AFG,842310
2522586,61,1,8887,2008,1699.0,0.0,2.007167,-3.256961,DEU,AFG,842310
2522587,7,2,8887,2008,5848.0,0.0,-0.276433,-0.692392,ARE,AGO,842310
2522588,32,2,8887,2008,32820.0,0.0,0.444687,0.904332,BRA,AGO,842310
2522589,43,2,8887,2008,86168.0,0.0,0.929285,1.8917259999999998,CHN,AGO,842310
2522590,61,2,8887,2008,18807.0,0.0,2.007167,-3.256961,DEU,AGO,842310
2522591,81,2,8887,2008,5014.0,0.0,1.7586119999999998,0.061214,GBR,AGO,842310
2522592,111,2,8887,2008,3944.0,0.0,1.308777,0.361523,ITA,AGO,842310
2522593,155,2,8887,2008,6273.0,0.0,-0.104196,-0.301923,NAM,AGO,842310
2522594,179,2,8887,2008,427154.0,0.0,0.64135,2.1946939999999997,PRT,AGO,842310
2522595,246,2,8887,2008,10904.0,0.0,0.22551500000000002,1.185506,ZAF,AGO,842310
2522596,15,4,8887,2008,1219.0,0.0,1.634816,-0.078419,AUT,ALB,842310
2522597,43,4,8887,2008,128351.0,0.0,0.929285,1.8917259999999998,CHN,ALB,842310
2522598,90,4,8887,2008,8165.0,0.0,0.33272399999999996,1.758188,GRC,ALB,842310
2522599,111,4,8887,2008,12515.0,0.0,1.308777,0.361523,ITA,ALB,842310
2522600,114,4,8887,2008,752.0,0.0,2.285056,0.036255,JPN,ALB,842310
2522601,121,4,8887,2008,3789.0,0.0,1.491687,0.814692,KOR,ALB,842310
2522602,130,4,8887,2008,2113.0,0.0,0.59033,0.961408,LTU,ALB,842310
2522603,201,4,8887,2008,4592.0,0.0,0.615147,1.484149,SRB,ALB,842310
2522604,224,4,8887,2008,1518.0,0.0,0.44478,2.186881,TUR,ALB,842310
2522605,104,35,8887,2008,2506.0,0.0,0.26694,2.926023,IND,BTN,842310
2522606,216,35,8887,2008,732.0,0.0,0.7531399999999999,1.4420620000000002,THA,BTN,842310
2522607,77,38,8887,2008,1271.0,0.0,1.487702,-0.223965,FRA,CAF,842310
2522608,246,38,8887,2008,1246.0,0.0,0.22551500000000002,1.185506,ZAF,CAF,842310
2522609,7,50,8887,2008,1669.0,0.0,-0.276433,-0.692392,ARE,COM,842310
2522610,43,51,8887,2008,17842.0,0.0,0.929285,1.8917259999999998,CHN,CPV,842310
2522611,111,51,8887,2008,979.0,0.0,1.308777,0.361523,ITA,CPV,842310
2522612,162,51,8887,2008,4843.0,0.0,1.139475,1.385316,NLD,CPV,842310
2522613,179,51,8887,2008,62427.0,0.0,0.64135,2.1946939999999997,PRT,CPV,842310
2522614,43,62,8887,2008,10642.0,0.0,0.929285,1.8917259999999998,CHN,DJI,842310
2522615,61,62,8887,2008,5338.0,0.0,2.007167,-3.256961,DEU,DJI,842310
2522616,104,62,8887,2008,32806.0,0.0,0.26694,2.926023,IND,DJI,842310
2522617,104,69,8887,2008,6825.0,0.0,0.26694,2.926023,IND,ERI,842310
2522618,14,75,8887,2008,7924.0,0.0,-0.171801,-0.012588,AUS,FJI,842310
2522619,43,75,8887,2008,7832.0,0.0,0.929285,1.8917259999999998,CHN,FJI,842310
2522620,97,75,8887,2008,7412.0,0.0,0.74435,2.149616,HKG,FJI,842310
2522621,104,75,8887,2008,2062.0,0.0,0.26694,2.926023,IND,FJI,842310
2522622,166,75,8887,2008,5511.0,0.0,0.513416,0.753058,NZL,FJI,842310
2522623,231,75,8887,2008,945.0,0.0,1.584278,-0.209788,USA,FJI,842310
2522624,43,87,8887,2008,10450.0,0.0,0.929285,1.8917259999999998,CHN,GMB,842310
2522625,77,87,8887,2008,1318.0,0.0,1.487702,-0.223965,FRA,GMB,842310
2522626,81,87,8887,2008,5345.0,0.0,1.7586119999999998,0.061214,GBR,GMB,842310
2522627,246,87,8887,2008,1681.0,0.0,0.22551500000000002,1.185506,ZAF,GMB,842310
2522628,43,89,8887,2008,1038.0,0.0,0.929285,1.8917259999999998,CHN,GNQ,842310
2522629,71,89,8887,2008,8964.0,0.0,0.8755649999999999,2.122164,ESP,GNQ,842310
2522630,111,89,8887,2008,6660.0,0.0,1.308777,0.361523,ITA,GNQ,842310
2522631,231,89,8887,2008,4510.0,0.0,1.584278,-0.209788,USA,GNQ,842310
2522632,43,123,8887,2008,3102.0,0.0,0.929285,1.8917259999999998,CHN,LAO,842310
2522633,239,123,8887,2008,3091.0,0.0,-0.207083,1.1323370000000001,VNM,LAO,842310
2522634,43,125,8887,2008,9576.0,0.0,0.929285,1.8917259999999998,CHN,LBR,842310
2522635,64,125,8887,2008,2021.0,0.0,1.165294,1.1112440000000001,DNK,LBR,842310
2522636,162,125,8887,2008,5894.0,0.0,1.139475,1.385316,NLD,LBR,842310
2522637,246,129,8887,2008,20601.0,0.0,0.22551500000000002,1.185506,ZAF,LSO,842310
2522638,249,129,8887,2008,2900.0,0.0,1.611693,0.93875,TWN,LSO,842310
2522639,7,137,8887,2008,1865.0,0.0,-0.276433,-0.692392,ARE,MDV,842310
2522640,43,137,8887,2008,8080.0,0.0,0.929285,1.8917259999999998,CHN,MDV,842310
2522641,61,137,8887,2008,2716.0,0.0,2.007167,-3.256961,DEU,MDV,842310
2522642,97,137,8887,2008,980.0,0.0,0.74435,2.149616,HKG,MDV,842310
2522643,111,137,8887,2008,904.0,0.0,1.308777,0.361523,ITA,MDV,842310
2522644,153,137,8887,2008,6975.0,0.0,0.793395,0.6141939999999999,MYS,MDV,842310
2522645,192,137,8887,2008,4296.0,0.0,1.844543,0.5947020000000001,SGP,MDV,842310
2522646,216,137,8887,2008,3720.0,0.0,0.7531399999999999,1.4420620000000002,THA,MDV,842310
2522647,43,143,8887,2008,36467.0,0.0,0.929285,1.8917259999999998,CHN,MMR,842310
2522648,77,143,8887,2008,11801.0,0.0,1.487702,-0.223965,FRA,MMR,842310
2522649,153,143,8887,2008,3587.0,0.0,0.793395,0.6141939999999999,MYS,MMR,842310
2522650,192,143,8887,2008,1357.0,0.0,1.844543,0.5947020000000001,SGP,MMR,842310
2522651,216,143,8887,2008,8564.0,0.0,0.7531399999999999,1.4420620000000002,THA,MMR,842310
2522652,249,143,8887,2008,3027.0,0.0,1.611693,0.93875,TWN,MMR,842310
2522653,43,145,8887,2008,17733.0,0.0,0.929285,1.8917259999999998,CHN,MNG,842310
2522654,61,145,8887,2008,9179.0,0.0,2.007167,-3.256961,DEU,MNG,842310
2522655,111,145,8887,2008,2958.0,0.0,1.308777,0.361523,ITA,MNG,842310
2522656,231,145,8887,2008,11000.0,0.0,1.584278,-0.209788,USA,MNG,842310
2522657,7,152,8887,2008,1209.0,0.0,-0.276433,-0.692392,ARE,MWI,842310
2522658,43,152,8887,2008,17067.0,0.0,0.929285,1.8917259999999998,CHN,MWI,842310
2522659,61,152,8887,2008,11021.0,0.0,2.007167,-3.256961,DEU,MWI,842310
2522660,64,152,8887,2008,3869.0,0.0,1.165294,1.1112440000000001,DNK,MWI,842310
2522661,81,152,8887,2008,1182.0,0.0,1.7586119999999998,0.061214,GBR,MWI,842310
2522662,104,152,8887,2008,10597.0,0.0,0.26694,2.926023,IND,MWI,842310
2522663,147,152,8887,2008,905.0,0.0,-0.982727,-0.8361219999999999,MOZ,MWI,842310
2522664,209,152,8887,2008,0.0,3077.0,0.761506,0.29043,SWZ,MWI,842310
2522665,226,152,8887,2008,4684.0,0.0,-0.755692,0.8751690000000001,TZA,MWI,842310
2522666,246,152,8887,2008,15783.0,0.0,0.22551500000000002,1.185506,ZAF,MWI,842310
2522667,249,152,8887,2008,1973.0,0.0,1.611693,0.93875,TWN,MWI,842310
2522668,7,154,8887,2008,2678.0,0.0,-0.276433,-0.692392,ARE,MYT,842310
2522669,43,154,8887,2008,5538.0,0.0,0.929285,1.8917259999999998,CHN,MYT,842310
2522670,61,154,8887,2008,3091.0,0.0,2.007167,-3.256961,DEU,MYT,842310
2522671,77,154,8887,2008,32764.0,0.0,1.487702,-0.223965,FRA,MYT,842310
2522672,43,164,8887,2008,27007.0,0.0,0.929285,1.8917259999999998,CHN,NPL,842310
2522673,61,164,8887,2008,1210.0,0.0,2.007167,-3.256961,DEU,NPL,842310
2522674,104,164,8887,2008,43057.0,0.0,0.26694,2.926023,IND,NPL,842310
2522675,14,176,8887,2008,2968.0,0.0,-0.171801,-0.012588,AUS,PNG,842310
2522676,43,176,8887,2008,19895.0,0.0,0.929285,1.8917259999999998,CHN,PNG,842310
2522677,97,176,8887,2008,2665.0,0.0,0.74435,2.149616,HKG,PNG,842310
2522678,153,176,8887,2008,3553.0,0.0,0.793395,0.6141939999999999,MYS,PNG,842310
2522679,166,176,8887,2008,8978.0,0.0,0.513416,0.753058,NZL,PNG,842310
2522680,192,176,8887,2008,2332.0,0.0,1.844543,0.5947020000000001,SGP,PNG,842310
2522681,231,176,8887,2008,6883.0,0.0,1.584278,-0.209788,USA,PNG,842310
2522682,43,181,8887,2008,4337.0,0.0,0.929285,1.8917259999999998,CHN,PSE,842310
2522683,61,181,8887,2008,4724.0,0.0,2.007167,-3.256961,DEU,PSE,842310
2522684,111,181,8887,2008,823.0,0.0,1.308777,0.361523,ITA,PSE,842310
2522685,246,181,8887,2008,596.0,0.0,0.22551500000000002,1.185506,ZAF,PSE,842310
2522686,43,195,8887,2008,8972.0,0.0,0.929285,1.8917259999999998,CHN,SLB,842310
2522687,43,196,8887,2008,4767.0,0.0,0.929285,1.8917259999999998,CHN,SLE,842310
2522688,81,196,8887,2008,5068.0,0.0,1.7586119999999998,0.061214,GBR,SLE,842310
2522689,111,196,8887,2008,3042.0,0.0,1.308777,0.361523,ITA,SLE,842310
2522690,116,199,8887,2008,170322.0,0.0,-0.284528,0.9378610000000001,KEN,SOM,842310
2522691,7,211,8887,2008,4454.0,0.0,-0.276433,-0.692392,ARE,SYC,842310
2522692,39,211,8887,2008,1583.0,0.0,0.684659,1.085312,CAN,SYC,842310
2522693,81,211,8887,2008,6248.0,0.0,1.7586119999999998,0.061214,GBR,SYC,842310
2522694,151,211,8887,2008,3680.0,0.0,-0.337563,-0.144226,MUS,SYC,842310
2522695,162,211,8887,2008,1623.0,0.0,1.139475,1.385316,NLD,SYC,842310
2522696,192,211,8887,2008,1461.0,0.0,1.844543,0.5947020000000001,SGP,SYC,842310
2522697,246,211,8887,2008,1716.0,0.0,0.22551500000000002,1.185506,ZAF,SYC,842310
2522698,43,221,8887,2008,883.0,0.0,0.929285,1.8917259999999998,CHN,TON,842310
2522699,249,221,8887,2008,916.0,0.0,1.611693,0.93875,TWN,TON,842310
2522700,166,240,8887,2008,1457.0,0.0,0.513416,0.753058,NZL,VUT,842310
2522701,18,46,8887,2008,40871.0,0.0,1.297416,0.9716549999999999,BEL,COD,842310
2522702,43,46,8887,2008,9500.0,0.0,0.929285,1.8917259999999998,CHN,COD,842310
2522703,77,46,8887,2008,7376.0,0.0,1.487702,-0.223965,FRA,COD,842310
2522704,162,46,8887,2008,2947.0,0.0,1.139475,1.385316,NLD,COD,842310
2522705,246,46,8887,2008,2754.0,0.0,0.22551500000000002,1.185506,ZAF,COD,842310
2522706,18,78,8887,2008,805.0,0.0,1.297416,0.9716549999999999,BEL,FRO,842310
2522707,43,78,8887,2008,1227.0,0.0,0.929285,1.8917259999999998,CHN,FRO,842310
2522708,61,78,8887,2008,737.0,0.0,2.007167,-3.256961,DEU,FRO,842310
2522709,64,78,8887,2008,42807.0,0.0,1.165294,1.1112440000000001,DNK,FRO,842310
2522710,250,78,8887,2008,1432.0,0.0,0.547909,-0.5303640000000001,ANS,FRO,842310
2522711,179,88,8887,2008,1701.0,0.0,0.64135,2.1946939999999997,PRT,GNB,842310
2522712,43,92,8887,2008,727.0,0.0,0.929285,1.8917259999999998,CHN,GRL,842310
2522713,61,92,8887,2008,726.0,0.0,2.007167,-3.256961,DEU,GRL,842310
2522714,64,92,8887,2008,46598.0,1786.0,1.165294,1.1112440000000001,DNK,GRL,842310
2522715,97,92,8887,2008,342.0,0.0,0.74435,2.149616,HKG,GRL,842310
2522716,14,156,8887,2008,1218.0,0.0,-0.171801,-0.012588,AUS,NCL,842310
2522717,43,156,8887,2008,39109.0,0.0,0.929285,1.8917259999999998,CHN,NCL,842310
2522718,59,156,8887,2008,579.0,0.0,1.592035,0.27983600000000003,CZE,NCL,842310
2522719,61,156,8887,2008,9808.0,0.0,2.007167,-3.256961,DEU,NCL,842310
2522720,71,156,8887,2008,3808.0,0.0,0.8755649999999999,2.122164,ESP,NCL,842310
2522721,77,156,8887,2008,24564.0,8038.0,1.487702,-0.223965,FRA,NCL,842310
2522722,102,156,8887,2008,73.0,0.0,1.3358299999999999,0.8177770000000001,HUN,NCL,842310
2522723,131,156,8887,2008,870.0,0.0,1.39945,1.003857,LUX,NCL,842310
2522724,166,242,8887,2008,4185.0,0.0,0.513416,0.753058,NZL,WSM,842310
2522725,166,48,8887,2008,3351.0,0.0,0.513416,0.753058,NZL,COK,842310
2522726,95,79,8887,2008,1594.0,0.0,0.33915,-0.240079,GUM,FSM,842310
2522727,231,79,8887,2008,2075.0,0.0,1.584278,-0.209788,USA,FSM,842310
2522728,249,79,8887,2008,2082.0,0.0,1.611693,0.93875,TWN,FSM,842310
2522729,71,84,8887,2008,5325.0,0.0,0.8755649999999999,2.122164,ESP,GIB,842310
2522730,81,84,8887,2008,77820.0,0.0,1.7586119999999998,0.061214,GBR,GIB,842310
2522731,79,95,8887,2008,0.0,1594.0,-0.744394,-0.930508,FSM,GUM,842310
2522732,147,105,8887,2008,0.0,1281.0,-0.982727,-0.8361219999999999,MOZ,IOT,842310
2522733,14,119,8887,2008,2451.0,0.0,-0.171801,-0.012588,AUS,KIR,842310
2522734,166,119,8887,2008,1066.0,0.0,0.513416,0.753058,NZL,KIR,842310
2522735,249,139,8887,2008,1673.0,0.0,1.611693,0.93875,TWN,MHL,842310
2522736,0,6,8892,2008,1094.0,0.0,-0.13050499999999998,-0.7932560000000001,ABW,ANT,842389
2522737,138,6,8892,2008,4479.0,0.0,0.9833639999999999,0.7687069999999999,MEX,ANT,842389
2522738,162,6,8892,2008,4889.0,0.0,1.139475,1.385316,NLD,ANT,842389
2522739,169,6,8892,2008,1124.0,0.0,0.470854,0.960075,PAN,ANT,842389
2522740,231,6,8892,2008,9066.0,0.0,1.584278,-0.209788,USA,ANT,842389
2522741,4,7,8892,2008,0.0,10339.0,-0.252894,-0.0071400000000000005,ALB,ARE,842389
2522742,14,7,8892,2008,4280.0,0.0,-0.171801,-0.012588,AUS,ARE,842389
2522743,15,7,8892,2008,3188.0,0.0,1.634816,-0.078419,AUT,ARE,842389
2522744,17,7,8892,2008,0.0,620.0,-0.313815,-0.539678,BDI,ARE,842389
2522745,18,7,8892,2008,2571.0,0.0,1.297416,0.9716549999999999,BEL,ARE,842389
2522746,24,7,8892,2008,0.0,2835.0,0.335334,-0.81372,BHR,ARE,842389
2522747,39,7,8892,2008,50501.0,0.0,0.684659,1.085312,CAN,ARE,842389
2522748,41,7,8892,2008,7892.0,0.0,1.978404,0.368694,CHE,ARE,842389
2522749,43,7,8892,2008,1069352.0,0.0,0.929285,1.8917259999999998,CHN,ARE,842389
2522750,47,7,8892,2008,0.0,9085.0,-2.2772799999999997,-1.216089,COG,ARE,842389
2522751,61,7,8892,2008,251705.0,0.0,2.007167,-3.256961,DEU,ARE,842389
2522752,68,7,8892,2008,0.0,1831.0,-0.098316,1.134642,EGY,ARE,842389
2522753,71,7,8892,2008,16096.0,0.0,0.8755649999999999,2.122164,ESP,ARE,842389
2522754,73,7,8892,2008,0.0,109963.0,-1.0084629999999999,-0.83993,ETH,ARE,842389
2522755,77,7,8892,2008,38264.0,0.0,1.487702,-0.223965,FRA,ARE,842389
2522756,81,7,8892,2008,242926.0,0.0,1.7586119999999998,0.061214,GBR,ARE,842389
2522757,90,7,8892,2008,1908.0,0.0,0.33272399999999996,1.758188,GRC,ARE,842389
2522758,103,7,8892,2008,18271.0,0.0,-0.11154000000000001,1.4879850000000001,IDN,ARE,842389
2522759,104,7,8892,2008,105498.0,0.0,0.26694,2.926023,IND,ARE,842389
2522760,111,7,8892,2008,47738.0,0.0,1.308777,0.361523,ITA,ARE,842389
2522761,114,7,8892,2008,12239.0,0.0,2.285056,0.036255,JPN,ARE,842389
2522762,115,7,8892,2008,0.0,3030.0,-0.43055200000000005,-0.6852590000000001,KAZ,ARE,842389
2522763,116,7,8892,2008,0.0,13744.0,-0.284528,0.9378610000000001,KEN,ARE,842389
2522764,121,7,8892,2008,1041.0,0.0,1.491687,0.814692,KOR,ARE,842389
2522765,122,7,8892,2008,0.0,5206.0,-1.401297,-1.142945,KWT,ARE,842389
2522766,128,7,8892,2008,0.0,15210.0,-0.48245200000000005,0.295892,LKA,ARE,842389
2522767,147,7,8892,2008,0.0,4709.0,-0.982727,-0.8361219999999999,MOZ,ARE,842389
2522768,152,7,8892,2008,0.0,1604.0,-1.387548,-1.184696,MWI,ARE,842389
2522769,153,7,8892,2008,8711.0,0.0,0.793395,0.6141939999999999,MYS,ARE,842389
2522770,159,7,8892,2008,0.0,21864.0,-1.9809139999999998,-1.189201,NGA,ARE,842389
2522771,162,7,8892,2008,27253.0,0.0,1.139475,1.385316,NLD,ARE,842389
2522772,163,7,8892,2008,13734.0,0.0,0.911428,-0.019318000000000002,NOR,ARE,842389
2522773,167,7,8892,2008,12248.0,121822.0,-0.635199,-1.027136,OMN,ARE,842389
2522774,168,7,8892,2008,0.0,1042.0,-0.401588,0.500668,PAK,ARE,842389
2522775,177,7,8892,2008,122137.0,0.0,1.037287,1.244457,POL,ARE,842389
2522776,187,7,8892,2008,0.0,3390.0,-0.770307,-0.650779,RWA,ARE,842389
2522777,188,7,8892,2008,0.0,90319.0,-0.09849400000000001,-0.8998309999999999,SAU,ARE,842389
2522778,190,7,8892,2008,0.0,3397.0,-2.095439,-1.263511,SDN,ARE,842389
2522779,191,7,8892,2008,0.0,4312.0,-0.478024,-0.313199,SEN,ARE,842389
2522780,192,7,8892,2008,251274.0,0.0,1.844543,0.5947020000000001,SGP,ARE,842389
2522781,208,7,8892,2008,12467.0,0.0,1.866575,0.44342700000000007,SWE,ARE,842389
2522782,211,7,8892,2008,0.0,5013.0,0.29189699999999996,-0.47472600000000004,SYC,ARE,842389
2522783,216,7,8892,2008,10695.0,0.0,0.7531399999999999,1.4420620000000002,THA,ARE,842389
2522784,219,7,8892,2008,0.0,19528.0,-1.094592,-1.166598,TKM,ARE,842389
2522785,224,7,8892,2008,37439.0,0.0,0.44478,2.186881,TUR,ARE,842389
2522786,226,7,8892,2008,0.0,233662.0,-0.755692,0.8751690000000001,TZA,ARE,842389
2522787,227,7,8892,2008,0.0,31250.0,-0.653885,-0.035455,UGA,ARE,842389
2522788,231,7,8892,2008,480909.0,23535.0,1.584278,-0.209788,USA,ARE,842389
2522789,246,7,8892,2008,1017.0,0.0,0.22551500000000002,1.185506,ZAF,ARE,842389
2522790,247,7,8892,2008,0.0,2146.0,-0.798489,-0.9437639999999999,ZMB,ARE,842389
2522791,249,7,8892,2008,5537.0,0.0,1.611693,0.93875,TWN,ARE,842389
2522792,31,8,8892,2008,0.0,58354.0,-0.852975,-0.88041,BOL,ARG,842389
2522793,32,8,8892,2008,0.0,112690.0,0.444687,0.904332,BRA,ARG,842389
2522794,39,8,8892,2008,17552.0,0.0,0.684659,1.085312,CAN,ARG,842389
2522795,41,8,8892,2008,116334.0,0.0,1.978404,0.368694,CHE,ARG,842389
2522796,42,8,8892,2008,1402.0,151017.0,-0.293985,-0.349554,CHL,ARG,842389
2522797,43,8,8892,2008,3388.0,0.0,0.929285,1.8917259999999998,CHN,ARG,842389
2522798,49,8,8892,2008,0.0,7270.0,0.19505699999999998,0.566189,COL,ARG,842389
2522799,52,8,8892,2008,0.0,8028.0,0.023962,-0.346029,CRI,ARG,842389
2522800,61,8,8892,2008,237655.0,59761.0,2.007167,-3.256961,DEU,ARG,842389
2522801,67,8,8892,2008,0.0,7817.0,-0.859434,-0.972389,ECU,ARG,842389
2522802,71,8,8892,2008,1078.0,4153.0,0.8755649999999999,2.122164,ESP,ARG,842389
2522803,81,8,8892,2008,1721.0,0.0,1.7586119999999998,0.061214,GBR,ARG,842389
2522804,90,8,8892,2008,0.0,14335.0,0.33272399999999996,1.758188,GRC,ARG,842389
2522805,111,8,8892,2008,220240.0,0.0,1.308777,0.361523,ITA,ARG,842389
2522806,138,8,8892,2008,0.0,5057.0,0.9833639999999999,0.7687069999999999,MEX,ARG,842389
2522807,169,8,8892,2008,0.0,2254.0,0.470854,0.960075,PAN,ARG,842389
2522808,173,8,8892,2008,0.0,16463.0,-0.518126,0.17193599999999998,PER,ARG,842389
2522809,180,8,8892,2008,0.0,186909.0,-0.556298,-0.9503780000000001,PRY,ARG,842389
2522810,230,8,8892,2008,0.0,158340.0,0.376164,0.049387,URY,ARG,842389
2522811,231,8,8892,2008,163028.0,0.0,1.584278,-0.209788,USA,ARG,842389
2522812,236,8,8892,2008,0.0,907506.0,-0.442996,-1.0439969999999998,VEN,ARG,842389
2522813,246,8,8892,2008,0.0,14221.0,0.22551500000000002,1.185506,ZAF,ARG,842389
2522814,7,15,8892,2008,0.0,3188.0,-0.276433,-0.692392,ARE,AUT,842389
2522815,14,15,8892,2008,884.0,0.0,-0.171801,-0.012588,AUS,AUT,842389
2522816,18,15,8892,2008,1653.0,5913.0,1.297416,0.9716549999999999,BEL,AUT,842389
2522817,23,15,8892,2008,0.0,80423.0,0.44409,1.575399,BGR,AUT,842389
2522818,26,15,8892,2008,16272.0,1062.0,0.480256,0.810361,BIH,AUT,842389
2522819,32,15,8892,2008,0.0,50227.0,0.444687,0.904332,BRA,AUT,842389
2522820,39,15,8892,2008,3322.0,0.0,0.684659,1.085312,CAN,AUT,842389
2522821,41,15,8892,2008,82374.0,92775.0,1.978404,0.368694,CHE,AUT,842389
2522822,43,15,8892,2008,21102.0,13791.0,0.929285,1.8917259999999998,CHN,AUT,842389
2522823,59,15,8892,2008,0.0,258709.0,1.592035,0.27983600000000003,CZE,AUT,842389
2522824,61,15,8892,2008,1599259.0,1161174.0,2.007167,-3.256961,DEU,AUT,842389
2522825,64,15,8892,2008,0.0,26601.0,1.165294,1.1112440000000001,DNK,AUT,842389
2522826,66,15,8892,2008,0.0,47361.0,-0.556434,-1.079109,DZA,AUT,842389
2522827,71,15,8892,2008,0.0,120900.0,0.8755649999999999,2.122164,ESP,AUT,842389
2522828,74,15,8892,2008,33469.0,29970.0,1.767859,0.846409,FIN,AUT,842389
2522829,77,15,8892,2008,2859.0,14516.0,1.487702,-0.223965,FRA,AUT,842389
2522830,81,15,8892,2008,18495.0,236643.0,1.7586119999999998,0.061214,GBR,AUT,842389
2522831,93,15,8892,2008,0.0,1564.0,-0.271973,0.720486,GTM,AUT,842389
2522832,100,15,8892,2008,0.0,14893.0,0.874459,1.075102,HRV,AUT,842389
2522833,102,15,8892,2008,0.0,141806.0,1.3358299999999999,0.8177770000000001,HUN,AUT,842389
2522834,103,15,8892,2008,562.0,0.0,-0.11154000000000001,1.4879850000000001,IDN,AUT,842389
2522835,106,15,8892,2008,532296.0,0.0,1.693858,0.221425,IRL,AUT,842389
2522836,111,15,8892,2008,18133.0,65556.0,1.308777,0.361523,ITA,AUT,842389
2522837,114,15,8892,2008,2818.0,0.0,2.285056,0.036255,JPN,AUT,842389
2522838,115,15,8892,2008,0.0,3308.0,-0.43055200000000005,-0.6852590000000001,KAZ,AUT,842389
2522839,121,15,8892,2008,0.0,1696.0,1.491687,0.814692,KOR,AUT,842389
2522840,126,15,8892,2008,0.0,2820.0,-1.156353,-1.133716,LBY,AUT,842389
2522841,130,15,8892,2008,0.0,17971.0,0.59033,0.961408,LTU,AUT,842389
2522842,153,15,8892,2008,0.0,17074.0,0.793395,0.6141939999999999,MYS,AUT,842389
2522843,162,15,8892,2008,24089.0,86106.0,1.139475,1.385316,NLD,AUT,842389
2522844,163,15,8892,2008,0.0,9816.0,0.911428,-0.019318000000000002,NOR,AUT,842389
2522845,177,15,8892,2008,0.0,47020.0,1.037287,1.244457,POL,AUT,842389
2522846,183,15,8892,2008,0.0,1939.0,-0.36390900000000004,-1.0045549999999999,QAT,AUT,842389
2522847,185,15,8892,2008,0.0,237104.0,0.784924,1.235527,ROU,AUT,842389
2522848,186,15,8892,2008,0.0,55650.0,0.559059,-0.00886,RUS,AUT,842389
2522849,201,15,8892,2008,0.0,10043.0,0.615147,1.484149,SRB,AUT,842389
2522850,206,15,8892,2008,0.0,37573.0,1.3402040000000002,0.8038770000000001,SVK,AUT,842389
2522851,207,15,8892,2008,0.0,102310.0,1.5099209999999998,0.683663,SVN,AUT,842389
2522852,208,15,8892,2008,58028.0,28480.0,1.866575,0.44342700000000007,SWE,AUT,842389
2522853,211,15,8892,2008,0.0,1048.0,0.29189699999999996,-0.47472600000000004,SYC,AUT,842389
2522854,216,15,8892,2008,0.0,2152.0,0.7531399999999999,1.4420620000000002,THA,AUT,842389
2522855,228,15,8892,2008,5489.0,15320.0,0.59355,0.764415,UKR,AUT,842389
2522856,231,15,8892,2008,4781.0,63488.0,1.584278,-0.209788,USA,AUT,842389
2522857,246,15,8892,2008,0.0,163108.0,0.22551500000000002,1.185506,ZAF,AUT,842389
2522858,249,15,8892,2008,1150.0,0.0,1.611693,0.93875,TWN,AUT,842389
2522859,7,18,8892,2008,0.0,2571.0,-0.276433,-0.692392,ARE,BEL,842389
2522860,15,18,8892,2008,5913.0,1653.0,1.634816,-0.078419,AUT,BEL,842389
2522861,17,18,8892,2008,0.0,7819.0,-0.313815,-0.539678,BDI,BEL,842389
2522862,39,18,8892,2008,62954.0,3478.0,0.684659,1.085312,CAN,BEL,842389
2522863,41,18,8892,2008,59487.0,8900.0,1.978404,0.368694,CHE,BEL,842389
2522864,42,18,8892,2008,0.0,3183.0,-0.293985,-0.349554,CHL,BEL,842389
2522865,43,18,8892,2008,222122.0,0.0,0.929285,1.8917259999999998,CHN,BEL,842389
2522866,46,18,8892,2008,0.0,2901.0,-1.513117,-1.141895,COD,BEL,842389
2522867,59,18,8892,2008,0.0,3344.0,1.592035,0.27983600000000003,CZE,BEL,842389
2522868,61,18,8892,2008,362275.0,9416.0,2.007167,-3.256961,DEU,BEL,842389
2522869,64,18,8892,2008,36684.0,14983.0,1.165294,1.1112440000000001,DNK,BEL,842389
2522870,68,18,8892,2008,0.0,84339.0,-0.098316,1.134642,EGY,BEL,842389
2522871,74,18,8892,2008,80522.0,0.0,1.767859,0.846409,FIN,BEL,842389
2522872,77,18,8892,2008,133093.0,177323.0,1.487702,-0.223965,FRA,BEL,842389
2522873,81,18,8892,2008,37088.0,38045.0,1.7586119999999998,0.061214,GBR,BEL,842389
2522874,83,18,8892,2008,0.0,1592.0,-0.9339360000000001,-0.701724,GHA,BEL,842389
2522875,85,18,8892,2008,0.0,8689.0,-1.530997,-1.171231,GIN,BEL,842389
2522876,100,18,8892,2008,0.0,1201.0,0.874459,1.075102,HRV,BEL,842389
2522877,103,18,8892,2008,0.0,753.0,-0.11154000000000001,1.4879850000000001,IDN,BEL,842389
2522878,106,18,8892,2008,0.0,6571.0,1.693858,0.221425,IRL,BEL,842389
2522879,110,18,8892,2008,7713.0,0.0,1.169192,0.797136,ISR,BEL,842389
2522880,111,18,8892,2008,21968.0,17467.0,1.308777,0.361523,ITA,BEL,842389
2522881,115,18,8892,2008,0.0,8978.0,-0.43055200000000005,-0.6852590000000001,KAZ,BEL,842389
2522882,128,18,8892,2008,0.0,2942.0,-0.48245200000000005,0.295892,LKA,BEL,842389
2522883,131,18,8892,2008,0.0,26022.0,1.39945,1.003857,LUX,BEL,842389
2522884,134,18,8892,2008,0.0,18577.0,-0.505734,-0.000516,MAR,BEL,842389
2522885,138,18,8892,2008,1000.0,36813.0,0.9833639999999999,0.7687069999999999,MEX,BEL,842389
2522886,141,18,8892,2008,0.0,3039.0,-0.274267,-0.51084,MLI,BEL,842389
2522887,153,18,8892,2008,49573.0,0.0,0.793395,0.6141939999999999,MYS,BEL,842389
2522888,162,18,8892,2008,631823.0,61734.0,1.139475,1.385316,NLD,BEL,842389
2522889,163,18,8892,2008,1252.0,22510.0,0.911428,-0.019318000000000002,NOR,BEL,842389
2522890,167,18,8892,2008,0.0,29237.0,-0.635199,-1.027136,OMN,BEL,842389
2522891,168,18,8892,2008,0.0,1031.0,-0.401588,0.500668,PAK,BEL,842389
2522892,185,18,8892,2008,0.0,1905.0,0.784924,1.235527,ROU,BEL,842389
2522893,186,18,8892,2008,0.0,26879.0,0.559059,-0.00886,RUS,BEL,842389
2522894,187,18,8892,2008,0.0,3093.0,-0.770307,-0.650779,RWA,BEL,842389
2522895,192,18,8892,2008,103926.0,0.0,1.844543,0.5947020000000001,SGP,BEL,842389
2522896,208,18,8892,2008,0.0,6057.0,1.866575,0.44342700000000007,SWE,BEL,842389
2522897,215,18,8892,2008,0.0,3678.0,-0.5025689999999999,-0.747621,TGO,BEL,842389
2522898,216,18,8892,2008,0.0,2154.0,0.7531399999999999,1.4420620000000002,THA,BEL,842389
2522899,231,18,8892,2008,24148.0,0.0,1.584278,-0.209788,USA,BEL,842389
2522900,246,18,8892,2008,1558.0,36044.0,0.22551500000000002,1.185506,ZAF,BEL,842389
2522901,2,32,8892,2008,0.0,135086.0,-2.0318669999999996,-1.149931,AGO,BRA,842389
2522902,8,32,8892,2008,112690.0,0.0,0.278837,0.496784,ARG,BRA,842389
2522903,14,32,8892,2008,2494.0,0.0,-0.171801,-0.012588,AUS,BRA,842389
2522904,15,32,8892,2008,50227.0,0.0,1.634816,-0.078419,AUT,BRA,842389
2522905,31,32,8892,2008,0.0,119830.0,-0.852975,-0.88041,BOL,BRA,842389
2522906,39,32,8892,2008,2092.0,0.0,0.684659,1.085312,CAN,BRA,842389
2522907,41,32,8892,2008,91140.0,0.0,1.978404,0.368694,CHE,BRA,842389
2522908,42,32,8892,2008,0.0,2119.0,-0.293985,-0.349554,CHL,BRA,842389
2522909,43,32,8892,2008,934455.0,0.0,0.929285,1.8917259999999998,CHN,BRA,842389
2522910,49,32,8892,2008,0.0,39145.0,0.19505699999999998,0.566189,COL,BRA,842389
2522911,54,32,8892,2008,0.0,14850.0,-0.23158299999999998,-0.892943,CUB,BRA,842389
2522912,61,32,8892,2008,498081.0,0.0,2.007167,-3.256961,DEU,BRA,842389
2522913,65,32,8892,2008,0.0,23800.0,-0.167958,0.241283,DOM,BRA,842389
2522914,67,32,8892,2008,0.0,1277.0,-0.859434,-0.972389,ECU,BRA,842389
2522915,68,32,8892,2008,0.0,56480.0,-0.098316,1.134642,EGY,BRA,842389
2522916,71,32,8892,2008,63180.0,6151.0,0.8755649999999999,2.122164,ESP,BRA,842389
2522917,73,32,8892,2008,0.0,20957.0,-1.0084629999999999,-0.83993,ETH,BRA,842389
2522918,74,32,8892,2008,5950.0,0.0,1.767859,0.846409,FIN,BRA,842389
2522919,77,32,8892,2008,51939.0,0.0,1.487702,-0.223965,FRA,BRA,842389
2522920,81,32,8892,2008,70972.0,0.0,1.7586119999999998,0.061214,GBR,BRA,842389
2522921,93,32,8892,2008,0.0,53953.0,-0.271973,0.720486,GTM,BRA,842389
2522922,97,32,8892,2008,18032.0,0.0,0.74435,2.149616,HKG,BRA,842389
2522923,99,32,8892,2008,0.0,26221.0,-0.5907,-0.351317,HND,BRA,842389
2522924,104,32,8892,2008,0.0,3597.0,0.26694,2.926023,IND,BRA,842389
2522925,111,32,8892,2008,1167463.0,0.0,1.308777,0.361523,ITA,BRA,842389
2522926,114,32,8892,2008,120085.0,0.0,2.285056,0.036255,JPN,BRA,842389
2522927,138,32,8892,2008,15141.0,4519.0,0.9833639999999999,0.7687069999999999,MEX,BRA,842389
2522928,153,32,8892,2008,71192.0,0.0,0.793395,0.6141939999999999,MYS,BRA,842389
2522929,162,32,8892,2008,35711.0,4357.0,1.139475,1.385316,NLD,BRA,842389
2522930,163,32,8892,2008,24427.0,0.0,0.911428,-0.019318000000000002,NOR,BRA,842389
2522931,166,32,8892,2008,40349.0,0.0,0.513416,0.753058,NZL,BRA,842389
2522932,169,32,8892,2008,7942.0,42919.0,0.470854,0.960075,PAN,BRA,842389
2522933,173,32,8892,2008,0.0,77760.0,-0.518126,0.17193599999999998,PER,BRA,842389
2522934,178,32,8892,2008,2881.0,0.0,0.6970609999999999,0.88018,PRK,BRA,842389
2522935,179,32,8892,2008,0.0,11922.0,0.64135,2.1946939999999997,PRT,BRA,842389
2522936,180,32,8892,2008,0.0,471195.0,-0.556298,-0.9503780000000001,PRY,BRA,842389
2522937,197,32,8892,2008,0.0,20681.0,-0.028986,0.369501,SLV,BRA,842389
2522938,205,32,8892,2008,0.0,24100.0,-0.766178,-0.8888,SUR,BRA,842389
2522939,207,32,8892,2008,10524.0,0.0,1.5099209999999998,0.683663,SVN,BRA,842389
2522940,230,32,8892,2008,0.0,34622.0,0.376164,0.049387,URY,BRA,842389
2522941,231,32,8892,2008,212900.0,8877.0,1.584278,-0.209788,USA,BRA,842389
2522942,246,32,8892,2008,9759.0,0.0,0.22551500000000002,1.185506,ZAF,BRA,842389
2522943,249,32,8892,2008,81080.0,0.0,1.611693,0.93875,TWN,BRA,842389
2522944,127,33,8892,2008,26744.0,0.0,0.42267899999999997,0.005129,LCA,BRB,842389
2522945,162,33,8892,2008,4500.0,0.0,1.139475,1.385316,NLD,BRB,842389
2522946,231,33,8892,2008,68009.0,0.0,1.584278,-0.209788,USA,BRB,842389
2522947,7,39,8892,2008,0.0,50501.0,-0.276433,-0.692392,ARE,CAN,842389
2522948,8,39,8892,2008,0.0,17552.0,0.278837,0.496784,ARG,CAN,842389
2522949,14,39,8892,2008,20253.0,22387.0,-0.171801,-0.012588,AUS,CAN,842389
2522950,15,39,8892,2008,0.0,3322.0,1.634816,-0.078419,AUT,CAN,842389
2522951,18,39,8892,2008,3478.0,62954.0,1.297416,0.9716549999999999,BEL,CAN,842389
2522952,31,39,8892,2008,0.0,7381.0,-0.852975,-0.88041,BOL,CAN,842389
2522953,32,39,8892,2008,0.0,2092.0,0.444687,0.904332,BRA,CAN,842389
2522954,41,39,8892,2008,448823.0,13567.0,1.978404,0.368694,CHE,CAN,842389
2522955,42,39,8892,2008,5879.0,8904.0,-0.293985,-0.349554,CHL,CAN,842389
2522956,43,39,8892,2008,100067.0,29598.0,0.929285,1.8917259999999998,CHN,CAN,842389
2522957,49,39,8892,2008,0.0,355117.0,0.19505699999999998,0.566189,COL,CAN,842389
2522958,52,39,8892,2008,0.0,11183.0,0.023962,-0.346029,CRI,CAN,842389
2522959,54,39,8892,2008,0.0,15138.0,-0.23158299999999998,-0.892943,CUB,CAN,842389
2522960,59,39,8892,2008,0.0,3517.0,1.592035,0.27983600000000003,CZE,CAN,842389
2522961,61,39,8892,2008,11487.0,49550.0,2.007167,-3.256961,DEU,CAN,842389
2522962,63,39,8892,2008,0.0,858.0,0.424179,0.04355,DMA,CAN,842389
2522963,64,39,8892,2008,5052.0,0.0,1.165294,1.1112440000000001,DNK,CAN,842389
2522964,65,39,8892,2008,0.0,6391.0,-0.167958,0.241283,DOM,CAN,842389
2522965,71,39,8892,2008,0.0,109323.0,0.8755649999999999,2.122164,ESP,CAN,842389
2522966,77,39,8892,2008,7512.0,3392.0,1.487702,-0.223965,FRA,CAN,842389
2522967,81,39,8892,2008,46646.0,132735.0,1.7586119999999998,0.061214,GBR,CAN,842389
2522968,83,39,8892,2008,0.0,2499.0,-0.9339360000000001,-0.701724,GHA,CAN,842389
2522969,93,39,8892,2008,0.0,12072.0,-0.271973,0.720486,GTM,CAN,842389
2522970,96,39,8892,2008,0.0,1474.0,-1.0439530000000001,-0.962007,GUY,CAN,842389
2522971,97,39,8892,2008,0.0,8627.0,0.74435,2.149616,HKG,CAN,842389
2522972,99,39,8892,2008,0.0,26187.0,-0.5907,-0.351317,HND,CAN,842389
2522973,103,39,8892,2008,0.0,10962.0,-0.11154000000000001,1.4879850000000001,IDN,CAN,842389
2522974,104,39,8892,2008,3135.0,3275.0,0.26694,2.926023,IND,CAN,842389
2522975,106,39,8892,2008,0.0,1594.0,1.693858,0.221425,IRL,CAN,842389
2522976,110,39,8892,2008,34888.0,0.0,1.169192,0.797136,ISR,CAN,842389
2522977,111,39,8892,2008,127823.0,0.0,1.308777,0.361523,ITA,CAN,842389
2522978,112,39,8892,2008,0.0,12769.0,-0.412969,-0.9444030000000001,JAM,CAN,842389
2522979,113,39,8892,2008,0.0,52067.0,0.255463,0.45844799999999997,JOR,CAN,842389
2522980,114,39,8892,2008,50820.0,90655.0,2.285056,0.036255,JPN,CAN,842389
2522981,121,39,8892,2008,2062.0,613605.0,1.491687,0.814692,KOR,CAN,842389
2522982,122,39,8892,2008,0.0,4443.0,-1.401297,-1.142945,KWT,CAN,842389
2522983,138,39,8892,2008,1140.0,59261.0,0.9833639999999999,0.7687069999999999,MEX,CAN,842389
2522984,141,39,8892,2008,0.0,2124.0,-0.274267,-0.51084,MLI,CAN,842389
2522985,142,39,8892,2008,0.0,5210.0,1.015716,-0.065673,MLT,CAN,842389
2522986,153,39,8892,2008,0.0,4011.0,0.793395,0.6141939999999999,MYS,CAN,842389
2522987,157,39,8892,2008,0.0,1596.0,-0.677687,-0.75195,NER,CAN,842389
2522988,162,39,8892,2008,16052.0,4314.0,1.139475,1.385316,NLD,CAN,842389
2522989,163,39,8892,2008,7807.0,0.0,0.911428,-0.019318000000000002,NOR,CAN,842389
2522990,166,39,8892,2008,119180.0,0.0,0.513416,0.753058,NZL,CAN,842389
2522991,168,39,8892,2008,0.0,8846.0,-0.401588,0.500668,PAK,CAN,842389
2522992,173,39,8892,2008,0.0,3805.0,-0.518126,0.17193599999999998,PER,CAN,842389
2522993,174,39,8892,2008,7412.0,2036.0,0.276488,-0.02957,PHL,CAN,842389
2522994,177,39,8892,2008,13988.0,0.0,1.037287,1.244457,POL,CAN,842389
2522995,179,39,8892,2008,0.0,2624.0,0.64135,2.1946939999999997,PRT,CAN,842389
2522996,183,39,8892,2008,0.0,98868.0,-0.36390900000000004,-1.0045549999999999,QAT,CAN,842389
2522997,188,39,8892,2008,0.0,30466.0,-0.09849400000000001,-0.8998309999999999,SAU,CAN,842389
2522998,192,39,8892,2008,0.0,4204.0,1.844543,0.5947020000000001,SGP,CAN,842389
2522999,208,39,8892,2008,101280.0,1093.0,1.866575,0.44342700000000007,SWE,CAN,842389
2523000,209,39,8892,2008,2323.0,0.0,0.761506,0.29043,SWZ,CAN,842389
2523001,216,39,8892,2008,7988.0,13191.0,0.7531399999999999,1.4420620000000002,THA,CAN,842389
2523002,222,39,8892,2008,0.0,908.0,-0.44752600000000003,-1.060906,TTO,CAN,842389
2523003,224,39,8892,2008,0.0,4485.0,0.44478,2.186881,TUR,CAN,842389
2523004,231,39,8892,2008,8953249.0,5773483.0,1.584278,-0.209788,USA,CAN,842389
2523005,234,39,8892,2008,0.0,818.0,-0.598538,-0.8798459999999999,VCT,CAN,842389
2523006,239,39,8892,2008,0.0,18198.0,-0.207083,1.1323370000000001,VNM,CAN,842389
2523007,243,39,8892,2008,0.0,1922.0,-1.227495,-1.191462,YEM,CAN,842389
2523008,246,39,8892,2008,18587.0,197427.0,0.22551500000000002,1.185506,ZAF,CAN,842389
2523009,249,39,8892,2008,31125.0,0.0,1.611693,0.93875,TWN,CAN,842389
2523010,7,41,8892,2008,0.0,7892.0,-0.276433,-0.692392,ARE,CHE,842389
2523011,8,41,8892,2008,0.0,116334.0,0.278837,0.496784,ARG,CHE,842389
2523012,14,41,8892,2008,3819.0,417083.0,-0.171801,-0.012588,AUS,CHE,842389
2523013,15,41,8892,2008,92775.0,82374.0,1.634816,-0.078419,AUT,CHE,842389
2523014,18,41,8892,2008,8900.0,59487.0,1.297416,0.9716549999999999,BEL,CHE,842389
2523015,19,41,8892,2008,0.0,765.0,-1.171101,-0.9600569999999999,BEN,CHE,842389
2523016,23,41,8892,2008,0.0,1533.0,0.44409,1.575399,BGR,CHE,842389
2523017,26,41,8892,2008,0.0,2991.0,0.480256,0.810361,BIH,CHE,842389
2523018,28,41,8892,2008,0.0,7328.0,0.9869,0.38977399999999995,BLR,CHE,842389
2523019,32,41,8892,2008,0.0,91140.0,0.444687,0.904332,BRA,CHE,842389
2523020,39,41,8892,2008,13567.0,448823.0,0.684659,1.085312,CAN,CHE,842389
2523021,42,41,8892,2008,0.0,7806.0,-0.293985,-0.349554,CHL,CHE,842389
2523022,43,41,8892,2008,36850.0,14516.0,0.929285,1.8917259999999998,CHN,CHE,842389
2523023,44,41,8892,2008,0.0,4666.0,-0.9806040000000001,-0.730792,CIV,CHE,842389
2523024,49,41,8892,2008,0.0,7431.0,0.19505699999999998,0.566189,COL,CHE,842389
2523025,58,41,8892,2008,0.0,6265.0,1.003211,0.712629,CYP,CHE,842389
2523026,59,41,8892,2008,5864.0,23865.0,1.592035,0.27983600000000003,CZE,CHE,842389
2523027,61,41,8892,2008,2160914.0,854732.0,2.007167,-3.256961,DEU,CHE,842389
2523028,64,41,8892,2008,137215.0,0.0,1.165294,1.1112440000000001,DNK,CHE,842389
2523029,65,41,8892,2008,0.0,4509.0,-0.167958,0.241283,DOM,CHE,842389
2523030,66,41,8892,2008,0.0,3505.0,-0.556434,-1.079109,DZA,CHE,842389
2523031,68,41,8892,2008,0.0,33709.0,-0.098316,1.134642,EGY,CHE,842389
2523032,71,41,8892,2008,56311.0,348447.0,0.8755649999999999,2.122164,ESP,CHE,842389
2523033,72,41,8892,2008,51810.0,48367.0,0.749696,1.5173940000000001,EST,CHE,842389
2523034,73,41,8892,2008,0.0,1593.0,-1.0084629999999999,-0.83993,ETH,CHE,842389
2523035,74,41,8892,2008,38821.0,6660.0,1.767859,0.846409,FIN,CHE,842389
2523036,77,41,8892,2008,189982.0,326113.0,1.487702,-0.223965,FRA,CHE,842389
2523037,80,41,8892,2008,0.0,13606.0,-1.316179,-1.117633,GAB,CHE,842389
2523038,81,41,8892,2008,79986.0,65169.0,1.7586119999999998,0.061214,GBR,CHE,842389
2523039,83,41,8892,2008,0.0,25538.0,-0.9339360000000001,-0.701724,GHA,CHE,842389
2523040,90,41,8892,2008,26827.0,958.0,0.33272399999999996,1.758188,GRC,CHE,842389
2523041,97,41,8892,2008,1137.0,0.0,0.74435,2.149616,HKG,CHE,842389
2523042,100,41,8892,2008,0.0,29739.0,0.874459,1.075102,HRV,CHE,842389
2523043,102,41,8892,2008,0.0,17818.0,1.3358299999999999,0.8177770000000001,HUN,CHE,842389
2523044,103,41,8892,2008,0.0,38991.0,-0.11154000000000001,1.4879850000000001,IDN,CHE,842389
2523045,104,41,8892,2008,123808.0,27496.0,0.26694,2.926023,IND,CHE,842389
2523046,106,41,8892,2008,0.0,4103.0,1.693858,0.221425,IRL,CHE,842389
2523047,107,41,8892,2008,0.0,10776.0,-0.9776469999999999,-1.054475,IRN,CHE,842389
2523048,109,41,8892,2008,0.0,1019.0,0.26969899999999997,-0.29915,ISL,CHE,842389
2523049,110,41,8892,2008,938.0,0.0,1.169192,0.797136,ISR,CHE,842389
2523050,111,41,8892,2008,41547.0,2042426.0,1.308777,0.361523,ITA,CHE,842389
2523051,113,41,8892,2008,0.0,30351.0,0.255463,0.45844799999999997,JOR,CHE,842389
2523052,114,41,8892,2008,2182.0,18944.0,2.285056,0.036255,JPN,CHE,842389
2523053,116,41,8892,2008,0.0,116758.0,-0.284528,0.9378610000000001,KEN,CHE,842389
2523054,121,41,8892,2008,4660.0,237448.0,1.491687,0.814692,KOR,CHE,842389
2523055,124,41,8892,2008,0.0,5851.0,0.46133100000000005,1.4598149999999999,LBN,CHE,842389
2523056,128,41,8892,2008,0.0,1036.0,-0.48245200000000005,0.295892,LKA,CHE,842389
2523057,130,41,8892,2008,0.0,109391.0,0.59033,0.961408,LTU,CHE,842389
2523058,134,41,8892,2008,1524.0,0.0,-0.505734,-0.000516,MAR,CHE,842389
2523059,136,41,8892,2008,0.0,914.0,-0.9618190000000001,-0.348841,MDG,CHE,842389
2523060,138,41,8892,2008,0.0,62829.0,0.9833639999999999,0.7687069999999999,MEX,CHE,842389
2523061,142,41,8892,2008,0.0,10114.0,1.015716,-0.065673,MLT,CHE,842389
2523062,153,41,8892,2008,64942.0,281839.0,0.793395,0.6141939999999999,MYS,CHE,842389
2523063,157,41,8892,2008,0.0,7853.0,-0.677687,-0.75195,NER,CHE,842389
2523064,160,41,8892,2008,0.0,7024.0,-0.869193,-0.676623,NIC,CHE,842389
2523065,162,41,8892,2008,10489.0,80014.0,1.139475,1.385316,NLD,CHE,842389
2523066,163,41,8892,2008,0.0,31730.0,0.911428,-0.019318000000000002,NOR,CHE,842389
2523067,166,41,8892,2008,0.0,16689.0,0.513416,0.753058,NZL,CHE,842389
2523068,168,41,8892,2008,0.0,5832.0,-0.401588,0.500668,PAK,CHE,842389
2523069,174,41,8892,2008,0.0,28488.0,0.276488,-0.02957,PHL,CHE,842389
2523070,177,41,8892,2008,16941.0,21526.0,1.037287,1.244457,POL,CHE,842389
2523071,179,41,8892,2008,0.0,1184.0,0.64135,2.1946939999999997,PRT,CHE,842389
2523072,180,41,8892,2008,0.0,2477.0,-0.556298,-0.9503780000000001,PRY,CHE,842389
2523073,181,41,8892,2008,0.0,19999.0,0.19076300000000002,1.019001,PSE,CHE,842389
2523074,182,41,8892,2008,0.0,2249.0,-0.255879,-0.714841,PYF,CHE,842389
2523075,185,41,8892,2008,0.0,27114.0,0.784924,1.235527,ROU,CHE,842389
2523076,186,41,8892,2008,0.0,13872.0,0.559059,-0.00886,RUS,CHE,842389
2523077,188,41,8892,2008,0.0,34394.0,-0.09849400000000001,-0.8998309999999999,SAU,CHE,842389
2523078,192,41,8892,2008,1620.0,30707.0,1.844543,0.5947020000000001,SGP,CHE,842389
2523079,201,41,8892,2008,0.0,47725.0,0.615147,1.484149,SRB,CHE,842389
2523080,206,41,8892,2008,0.0,1829.0,1.3402040000000002,0.8038770000000001,SVK,CHE,842389
2523081,207,41,8892,2008,0.0,9733.0,1.5099209999999998,0.683663,SVN,CHE,842389
2523082,208,41,8892,2008,61089.0,20242.0,1.866575,0.44342700000000007,SWE,CHE,842389
2523083,216,41,8892,2008,0.0,69457.0,0.7531399999999999,1.4420620000000002,THA,CHE,842389
2523084,222,41,8892,2008,0.0,1885.0,-0.44752600000000003,-1.060906,TTO,CHE,842389
2523085,224,41,8892,2008,0.0,98023.0,0.44478,2.186881,TUR,CHE,842389
2523086,226,41,8892,2008,0.0,63746.0,-0.755692,0.8751690000000001,TZA,CHE,842389
2523087,227,41,8892,2008,0.0,15448.0,-0.653885,-0.035455,UGA,CHE,842389
2523088,228,41,8892,2008,0.0,2892.0,0.59355,0.764415,UKR,CHE,842389
2523089,231,41,8892,2008,128116.0,2599618.0,1.584278,-0.209788,USA,CHE,842389
2523090,236,41,8892,2008,0.0,25176.0,-0.442996,-1.0439969999999998,VEN,CHE,842389
2523091,246,41,8892,2008,39454.0,52527.0,0.22551500000000002,1.185506,ZAF,CHE,842389
2523092,249,41,8892,2008,937.0,48539.0,1.611693,0.93875,TWN,CHE,842389
2523093,8,42,8892,2008,151017.0,1402.0,0.278837,0.496784,ARG,CHL,842389
2523094,14,42,8892,2008,34520.0,0.0,-0.171801,-0.012588,AUS,CHL,842389
2523095,18,42,8892,2008,3183.0,0.0,1.297416,0.9716549999999999,BEL,CHL,842389
2523096,31,42,8892,2008,0.0,4624.0,-0.852975,-0.88041,BOL,CHL,842389
2523097,32,42,8892,2008,2119.0,0.0,0.444687,0.904332,BRA,CHL,842389
2523098,39,42,8892,2008,8904.0,5879.0,0.684659,1.085312,CAN,CHL,842389
2523099,41,42,8892,2008,7806.0,0.0,1.978404,0.368694,CHE,CHL,842389
2523100,43,42,8892,2008,153160.0,0.0,0.929285,1.8917259999999998,CHN,CHL,842389
2523101,47,42,8892,2008,0.0,543.0,-2.2772799999999997,-1.216089,COG,CHL,842389
2523102,49,42,8892,2008,0.0,17795.0,0.19505699999999998,0.566189,COL,CHL,842389
2523103,52,42,8892,2008,0.0,92144.0,0.023962,-0.346029,CRI,CHL,842389
2523104,61,42,8892,2008,170165.0,0.0,2.007167,-3.256961,DEU,CHL,842389
2523105,64,42,8892,2008,25883.0,0.0,1.165294,1.1112440000000001,DNK,CHL,842389
2523106,65,42,8892,2008,0.0,20526.0,-0.167958,0.241283,DOM,CHL,842389
2523107,67,42,8892,2008,0.0,64238.0,-0.859434,-0.972389,ECU,CHL,842389
2523108,71,42,8892,2008,88042.0,0.0,0.8755649999999999,2.122164,ESP,CHL,842389
2523109,74,42,8892,2008,10017.0,6788.0,1.767859,0.846409,FIN,CHL,842389
2523110,77,42,8892,2008,13656.0,0.0,1.487702,-0.223965,FRA,CHL,842389
2523111,81,42,8892,2008,2071.0,0.0,1.7586119999999998,0.061214,GBR,CHL,842389
2523112,96,42,8892,2008,0.0,612.0,-1.0439530000000001,-0.962007,GUY,CHL,842389
2523113,111,42,8892,2008,28046.0,0.0,1.308777,0.361523,ITA,CHL,842389
2523114,114,42,8892,2008,5328.0,0.0,2.285056,0.036255,JPN,CHL,842389
2523115,116,42,8892,2008,0.0,7796.0,-0.284528,0.9378610000000001,KEN,CHL,842389
2523116,166,42,8892,2008,4123.0,0.0,0.513416,0.753058,NZL,CHL,842389
2523117,169,42,8892,2008,4205.0,33802.0,0.470854,0.960075,PAN,CHL,842389
2523118,173,42,8892,2008,0.0,8252.0,-0.518126,0.17193599999999998,PER,CHL,842389
2523119,180,42,8892,2008,0.0,57424.0,-0.556298,-0.9503780000000001,PRY,CHL,842389
2523120,192,42,8892,2008,33365.0,0.0,1.844543,0.5947020000000001,SGP,CHL,842389
2523121,230,42,8892,2008,0.0,1810.0,0.376164,0.049387,URY,CHL,842389
2523122,231,42,8892,2008,204942.0,9166.0,1.584278,-0.209788,USA,CHL,842389
2523123,236,42,8892,2008,0.0,38548.0,-0.442996,-1.0439969999999998,VEN,CHL,842389
2523124,246,42,8892,2008,2872.0,0.0,0.22551500000000002,1.185506,ZAF,CHL,842389
2523125,250,42,8892,2008,1185.0,5755.0,0.547909,-0.5303640000000001,ANS,CHL,842389
2523126,2,43,8892,2008,0.0,438672.0,-2.0318669999999996,-1.149931,AGO,CHN,842389
2523127,4,43,8892,2008,0.0,268586.0,-0.252894,-0.0071400000000000005,ALB,CHN,842389
2523128,7,43,8892,2008,0.0,1069352.0,-0.276433,-0.692392,ARE,CHN,842389
2523129,8,43,8892,2008,0.0,3388.0,0.278837,0.496784,ARG,CHN,842389
2523130,14,43,8892,2008,23137.0,948934.0,-0.171801,-0.012588,AUS,CHN,842389
2523131,15,43,8892,2008,13791.0,21102.0,1.634816,-0.078419,AUT,CHN,842389
2523132,16,43,8892,2008,0.0,214770.0,-0.7143109999999999,-1.114747,AZE,CHN,842389
2523133,18,43,8892,2008,0.0,222122.0,1.297416,0.9716549999999999,BEL,CHN,842389
2523134,19,43,8892,2008,0.0,12198.0,-1.171101,-0.9600569999999999,BEN,CHN,842389
2523135,21,43,8892,2008,0.0,2182.0,-1.076309,-1.012701,BFA,CHN,842389
2523136,22,43,8892,2008,0.0,73541.0,-0.852774,-0.766779,BGD,CHN,842389
2523137,23,43,8892,2008,0.0,304753.0,0.44409,1.575399,BGR,CHN,842389
2523138,24,43,8892,2008,0.0,47769.0,0.335334,-0.81372,BHR,CHN,842389
2523139,26,43,8892,2008,0.0,662.0,0.480256,0.810361,BIH,CHN,842389
2523140,28,43,8892,2008,0.0,43082.0,0.9869,0.38977399999999995,BLR,CHN,842389
2523141,29,43,8892,2008,0.0,1094.0,-0.922266,-0.881167,BLZ,CHN,842389
2523142,31,43,8892,2008,0.0,14279.0,-0.852975,-0.88041,BOL,CHN,842389
2523143,32,43,8892,2008,0.0,934455.0,0.444687,0.904332,BRA,CHN,842389
2523144,37,43,8892,2008,0.0,27546.0,-0.191616,-0.848397,BWA,CHN,842389
2523145,39,43,8892,2008,29598.0,100067.0,0.684659,1.085312,CAN,CHN,842389
2523146,41,43,8892,2008,14516.0,36850.0,1.978404,0.368694,CHE,CHN,842389
2523147,42,43,8892,2008,0.0,153160.0,-0.293985,-0.349554,CHL,CHN,842389
2523148,44,43,8892,2008,0.0,9005.0,-0.9806040000000001,-0.730792,CIV,CHN,842389
2523149,45,43,8892,2008,0.0,3838.0,-1.143808,-1.0725,CMR,CHN,842389
2523150,47,43,8892,2008,0.0,113443.0,-2.2772799999999997,-1.216089,COG,CHN,842389
2523151,49,43,8892,2008,0.0,25367.0,0.19505699999999998,0.566189,COL,CHN,842389
2523152,51,43,8892,2008,0.0,8229.0,0.16722,-0.64183,CPV,CHN,842389
2523153,52,43,8892,2008,0.0,19289.0,0.023962,-0.346029,CRI,CHN,842389
2523154,58,43,8892,2008,0.0,10922.0,1.003211,0.712629,CYP,CHN,842389
2523155,59,43,8892,2008,118617.0,70577.0,1.592035,0.27983600000000003,CZE,CHN,842389
2523156,61,43,8892,2008,2935754.0,179528.0,2.007167,-3.256961,DEU,CHN,842389
2523157,62,43,8892,2008,0.0,38867.0,-1.082951,-0.958676,DJI,CHN,842389
2523158,64,43,8892,2008,13935.0,44161.0,1.165294,1.1112440000000001,DNK,CHN,842389
2523159,65,43,8892,2008,0.0,39886.0,-0.167958,0.241283,DOM,CHN,842389
2523160,66,43,8892,2008,0.0,341859.0,-0.556434,-1.079109,DZA,CHN,842389
2523161,67,43,8892,2008,0.0,34851.0,-0.859434,-0.972389,ECU,CHN,842389
2523162,68,43,8892,2008,0.0,73322.0,-0.098316,1.134642,EGY,CHN,842389
2523163,71,43,8892,2008,0.0,539255.0,0.8755649999999999,2.122164,ESP,CHN,842389
2523164,72,43,8892,2008,0.0,3652.0,0.749696,1.5173940000000001,EST,CHN,842389
2523165,73,43,8892,2008,0.0,41012.0,-1.0084629999999999,-0.83993,ETH,CHN,842389
2523166,74,43,8892,2008,217862.0,83566.0,1.767859,0.846409,FIN,CHN,842389
2523167,75,43,8892,2008,0.0,4392.0,-0.756592,-0.27005,FJI,CHN,842389
2523168,77,43,8892,2008,4252.0,263964.0,1.487702,-0.223965,FRA,CHN,842389
2523169,78,43,8892,2008,0.0,74.0,-0.576205,-0.886117,FRO,CHN,842389
2523170,79,43,8892,2008,0.0,5796.0,-0.744394,-0.930508,FSM,CHN,842389
2523171,80,43,8892,2008,0.0,4695.0,-1.316179,-1.117633,GAB,CHN,842389
2523172,81,43,8892,2008,86722.0,1413410.0,1.7586119999999998,0.061214,GBR,CHN,842389
2523173,82,43,8892,2008,0.0,11796.0,-0.355095,-0.660181,GEO,CHN,842389
2523174,83,43,8892,2008,0.0,50069.0,-0.9339360000000001,-0.701724,GHA,CHN,842389
2523175,85,43,8892,2008,0.0,11856.0,-1.530997,-1.171231,GIN,CHN,842389
2523176,89,43,8892,2008,0.0,55807.0,-1.059208,-0.843542,GNQ,CHN,842389
2523177,90,43,8892,2008,0.0,587602.0,0.33272399999999996,1.758188,GRC,CHN,842389
2523178,91,43,8892,2008,0.0,1790.0,0.6186010000000001,-0.170518,GRD,CHN,842389
2523179,93,43,8892,2008,0.0,9698.0,-0.271973,0.720486,GTM,CHN,842389
2523180,96,43,8892,2008,0.0,1277.0,-1.0439530000000001,-0.962007,GUY,CHN,842389
2523181,97,43,8892,2008,0.0,270700.0,0.74435,2.149616,HKG,CHN,842389
2523182,99,43,8892,2008,0.0,33704.0,-0.5907,-0.351317,HND,CHN,842389
2523183,100,43,8892,2008,0.0,25774.0,0.874459,1.075102,HRV,CHN,842389
2523184,102,43,8892,2008,0.0,18087.0,1.3358299999999999,0.8177770000000001,HUN,CHN,842389
2523185,103,43,8892,2008,0.0,900350.0,-0.11154000000000001,1.4879850000000001,IDN,CHN,842389
2523186,104,43,8892,2008,65885.0,337805.0,0.26694,2.926023,IND,CHN,842389
2523187,106,43,8892,2008,0.0,119469.0,1.693858,0.221425,IRL,CHN,842389
2523188,107,43,8892,2008,0.0,8148.0,-0.9776469999999999,-1.054475,IRN,CHN,842389
2523189,108,43,8892,2008,0.0,22401.0,-1.6604189999999999,-0.886959,IRQ,CHN,842389
2523190,109,43,8892,2008,0.0,578.0,0.26969899999999997,-0.29915,ISL,CHN,842389
2523191,110,43,8892,2008,8291.0,18541.0,1.169192,0.797136,ISR,CHN,842389
2523192,111,43,8892,2008,88460.0,785287.0,1.308777,0.361523,ITA,CHN,842389
2523193,113,43,8892,2008,0.0,402570.0,0.255463,0.45844799999999997,JOR,CHN,842389
2523194,114,43,8892,2008,157809.0,423634.0,2.285056,0.036255,JPN,CHN,842389
2523195,115,43,8892,2008,0.0,305433.0,-0.43055200000000005,-0.6852590000000001,KAZ,CHN,842389
2523196,116,43,8892,2008,0.0,162816.0,-0.284528,0.9378610000000001,KEN,CHN,842389
2523197,117,43,8892,2008,0.0,368315.0,-0.287826,-0.11858699999999998,KGZ,CHN,842389
2523198,118,43,8892,2008,0.0,9417.0,-1.064815,-1.098892,KHM,CHN,842389
2523199,121,43,8892,2008,323394.0,310001.0,1.491687,0.814692,KOR,CHN,842389
2523200,122,43,8892,2008,0.0,4051.0,-1.401297,-1.142945,KWT,CHN,842389
2523201,123,43,8892,2008,0.0,58705.0,-1.09704,-0.934141,LAO,CHN,842389
2523202,124,43,8892,2008,0.0,17520.0,0.46133100000000005,1.4598149999999999,LBN,CHN,842389
2523203,125,43,8892,2008,0.0,90005.0,-0.20785900000000002,-0.9568030000000001,LBR,CHN,842389
2523204,126,43,8892,2008,0.0,171126.0,-1.156353,-1.133716,LBY,CHN,842389
2523205,128,43,8892,2008,0.0,45966.0,-0.48245200000000005,0.295892,LKA,CHN,842389
2523206,130,43,8892,2008,0.0,217162.0,0.59033,0.961408,LTU,CHN,842389
2523207,132,43,8892,2008,0.0,102326.0,0.655489,1.0811540000000002,LVA,CHN,842389
2523208,134,43,8892,2008,0.0,54453.0,-0.505734,-0.000516,MAR,CHN,842389
2523209,135,43,8892,2008,0.0,6328.0,0.096913,-0.095718,MDA,CHN,842389
2523210,136,43,8892,2008,0.0,12944.0,-0.9618190000000001,-0.348841,MDG,CHN,842389
2523211,138,43,8892,2008,0.0,60051.0,0.9833639999999999,0.7687069999999999,MEX,CHN,842389
2523212,140,43,8892,2008,0.0,1883.0,-0.090639,-0.137401,MKD,CHN,842389
2523213,141,43,8892,2008,0.0,14789.0,-0.274267,-0.51084,MLI,CHN,842389
2523214,142,43,8892,2008,0.0,10487.0,1.015716,-0.065673,MLT,CHN,842389
2523215,143,43,8892,2008,0.0,129694.0,-1.501556,-1.1134110000000002,MMR,CHN,842389
2523216,145,43,8892,2008,0.0,368197.0,-1.13585,-1.1076190000000001,MNG,CHN,842389
2523217,147,43,8892,2008,0.0,11366.0,-0.982727,-0.8361219999999999,MOZ,CHN,842389
2523218,151,43,8892,2008,0.0,38623.0,-0.337563,-0.144226,MUS,CHN,842389
2523219,152,43,8892,2008,0.0,1077.0,-1.387548,-1.184696,MWI,CHN,842389
2523220,153,43,8892,2008,0.0,789025.0,0.793395,0.6141939999999999,MYS,CHN,842389
2523221,159,43,8892,2008,0.0,702751.0,-1.9809139999999998,-1.189201,NGA,CHN,842389
2523222,160,43,8892,2008,0.0,27790.0,-0.869193,-0.676623,NIC,CHN,842389
2523223,162,43,8892,2008,21577.0,235853.0,1.139475,1.385316,NLD,CHN,842389
2523224,163,43,8892,2008,28864.0,4827.0,0.911428,-0.019318000000000002,NOR,CHN,842389
2523225,164,43,8892,2008,0.0,9288.0,-0.130718,0.59102,NPL,CHN,842389
2523226,166,43,8892,2008,71210.0,68633.0,0.513416,0.753058,NZL,CHN,842389
2523227,167,43,8892,2008,0.0,44447.0,-0.635199,-1.027136,OMN,CHN,842389
2523228,168,43,8892,2008,0.0,179253.0,-0.401588,0.500668,PAK,CHN,842389
2523229,169,43,8892,2008,0.0,29411.0,0.470854,0.960075,PAN,CHN,842389
2523230,173,43,8892,2008,0.0,24348.0,-0.518126,0.17193599999999998,PER,CHN,842389
2523231,174,43,8892,2008,0.0,259475.0,0.276488,-0.02957,PHL,CHN,842389
2523232,176,43,8892,2008,0.0,77755.0,-1.6771330000000002,-1.18528,PNG,CHN,842389
2523233,177,43,8892,2008,0.0,573726.0,1.037287,1.244457,POL,CHN,842389
2523234,178,43,8892,2008,0.0,119352.0,0.6970609999999999,0.88018,PRK,CHN,842389
2523235,179,43,8892,2008,0.0,1045.0,0.64135,2.1946939999999997,PRT,CHN,842389
2523236,180,43,8892,2008,0.0,1370.0,-0.556298,-0.9503780000000001,PRY,CHN,842389
2523237,182,43,8892,2008,0.0,7767.0,-0.255879,-0.714841,PYF,CHN,842389
2523238,183,43,8892,2008,0.0,630377.0,-0.36390900000000004,-1.0045549999999999,QAT,CHN,842389
2523239,185,43,8892,2008,0.0,266605.0,0.784924,1.235527,ROU,CHN,842389
2523240,186,43,8892,2008,0.0,1959136.0,0.559059,-0.00886,RUS,CHN,842389
2523241,188,43,8892,2008,0.0,1383731.0,-0.09849400000000001,-0.8998309999999999,SAU,CHN,842389
2523242,190,43,8892,2008,0.0,125850.0,-2.095439,-1.263511,SDN,CHN,842389
2523243,191,43,8892,2008,0.0,13623.0,-0.478024,-0.313199,SEN,CHN,842389
2523244,192,43,8892,2008,47499.0,131444.0,1.844543,0.5947020000000001,SGP,CHN,842389
2523245,197,43,8892,2008,0.0,1020.0,-0.028986,0.369501,SLV,CHN,842389
2523246,201,43,8892,2008,0.0,12562.0,0.615147,1.484149,SRB,CHN,842389
2523247,205,43,8892,2008,0.0,28917.0,-0.766178,-0.8888,SUR,CHN,842389
2523248,206,43,8892,2008,0.0,1587.0,1.3402040000000002,0.8038770000000001,SVK,CHN,842389
2523249,208,43,8892,2008,135508.0,59109.0,1.866575,0.44342700000000007,SWE,CHN,842389
2523250,212,43,8892,2008,0.0,6840.0,-0.365789,0.877383,SYR,CHN,842389
2523251,216,43,8892,2008,0.0,766063.0,0.7531399999999999,1.4420620000000002,THA,CHN,842389
2523252,217,43,8892,2008,0.0,41121.0,-0.8988010000000001,-1.126157,TJK,CHN,842389
2523253,219,43,8892,2008,0.0,37436.0,-1.094592,-1.166598,TKM,CHN,842389
2523254,222,43,8892,2008,0.0,11670.0,-0.44752600000000003,-1.060906,TTO,CHN,842389
2523255,223,43,8892,2008,0.0,64881.0,0.084141,0.676248,TUN,CHN,842389
2523256,224,43,8892,2008,0.0,416238.0,0.44478,2.186881,TUR,CHN,842389
2523257,226,43,8892,2008,0.0,316054.0,-0.755692,0.8751690000000001,TZA,CHN,842389
2523258,227,43,8892,2008,0.0,49589.0,-0.653885,-0.035455,UGA,CHN,842389
2523259,228,43,8892,2008,0.0,873772.0,0.59355,0.764415,UKR,CHN,842389
2523260,231,43,8892,2008,1718650.0,213967.0,1.584278,-0.209788,USA,CHN,842389
2523261,232,43,8892,2008,0.0,79177.0,-0.470184,-0.773163,UZB,CHN,842389
2523262,236,43,8892,2008,0.0,29938.0,-0.442996,-1.0439969999999998,VEN,CHN,842389
2523263,239,43,8892,2008,0.0,2636787.0,-0.207083,1.1323370000000001,VNM,CHN,842389
2523264,243,43,8892,2008,0.0,714979.0,-1.227495,-1.191462,YEM,CHN,842389
2523265,246,43,8892,2008,58322.0,950378.0,0.22551500000000002,1.185506,ZAF,CHN,842389
2523266,247,43,8892,2008,0.0,10576.0,-0.798489,-0.9437639999999999,ZMB,CHN,842389
2523267,248,43,8892,2008,0.0,37950.0,-0.377992,-0.577244,ZWE,CHN,842389
2523268,249,43,8892,2008,91842.0,47347.0,1.611693,0.93875,TWN,CHN,842389
2523269,250,43,8892,2008,4344.0,0.0,0.547909,-0.5303640000000001,ANS,CHN,842389
2523270,14,44,8892,2008,2694.0,0.0,-0.171801,-0.012588,AUS,CIV,842389
2523271,41,44,8892,2008,4666.0,0.0,1.978404,0.368694,CHE,CIV,842389
2523272,43,44,8892,2008,9005.0,0.0,0.929285,1.8917259999999998,CHN,CIV,842389
2523273,61,44,8892,2008,19165.0,0.0,2.007167,-3.256961,DEU,CIV,842389
2523274,71,44,8892,2008,91319.0,0.0,0.8755649999999999,2.122164,ESP,CIV,842389
2523275,77,44,8892,2008,156026.0,1614.0,1.487702,-0.223965,FRA,CIV,842389
2523276,81,44,8892,2008,2613.0,0.0,1.7586119999999998,0.061214,GBR,CIV,842389
2523277,104,44,8892,2008,1304.0,0.0,0.26694,2.926023,IND,CIV,842389
2523278,111,44,8892,2008,20387.0,0.0,1.308777,0.361523,ITA,CIV,842389
2523279,121,44,8892,2008,1019.0,0.0,1.491687,0.814692,KOR,CIV,842389
2523280,124,44,8892,2008,894.0,0.0,0.46133100000000005,1.4598149999999999,LBN,CIV,842389
2523281,141,44,8892,2008,0.0,1135.0,-0.274267,-0.51084,MLI,CIV,842389
2523282,153,44,8892,2008,3028.0,0.0,0.793395,0.6141939999999999,MYS,CIV,842389
2523283,179,44,8892,2008,12251.0,0.0,0.64135,2.1946939999999997,PRT,CIV,842389
2523284,231,44,8892,2008,9380.0,0.0,1.584278,-0.209788,USA,CIV,842389
2523285,246,44,8892,2008,4096.0,0.0,0.22551500000000002,1.185506,ZAF,CIV,842389
2523286,250,44,8892,2008,59003.0,2983.0,0.547909,-0.5303640000000001,ANS,CIV,842389
2523287,8,49,8892,2008,7270.0,0.0,0.278837,0.496784,ARG,COL,842389
2523288,14,49,8892,2008,156089.0,0.0,-0.171801,-0.012588,AUS,COL,842389
2523289,32,49,8892,2008,39145.0,0.0,0.444687,0.904332,BRA,COL,842389
2523290,39,49,8892,2008,355117.0,0.0,0.684659,1.085312,CAN,COL,842389
2523291,41,49,8892,2008,7431.0,0.0,1.978404,0.368694,CHE,COL,842389
2523292,42,49,8892,2008,17795.0,0.0,-0.293985,-0.349554,CHL,COL,842389
2523293,43,49,8892,2008,25367.0,0.0,0.929285,1.8917259999999998,CHN,COL,842389
2523294,52,49,8892,2008,0.0,11928.0,0.023962,-0.346029,CRI,COL,842389
2523295,61,49,8892,2008,69073.0,0.0,2.007167,-3.256961,DEU,COL,842389
2523296,65,49,8892,2008,0.0,13149.0,-0.167958,0.241283,DOM,COL,842389
2523297,67,49,8892,2008,0.0,15808.0,-0.859434,-0.972389,ECU,COL,842389
2523298,71,49,8892,2008,27966.0,0.0,0.8755649999999999,2.122164,ESP,COL,842389
2523299,74,49,8892,2008,8662.0,0.0,1.767859,0.846409,FIN,COL,842389
2523300,77,49,8892,2008,1372.0,0.0,1.487702,-0.223965,FRA,COL,842389
2523301,93,49,8892,2008,0.0,31578.0,-0.271973,0.720486,GTM,COL,842389
2523302,111,49,8892,2008,206845.0,0.0,1.308777,0.361523,ITA,COL,842389
2523303,114,49,8892,2008,27280.0,0.0,2.285056,0.036255,JPN,COL,842389
2523304,169,49,8892,2008,11587.0,148651.0,0.470854,0.960075,PAN,COL,842389
2523305,197,49,8892,2008,0.0,7192.0,-0.028986,0.369501,SLV,COL,842389
2523306,231,49,8892,2008,127265.0,0.0,1.584278,-0.209788,USA,COL,842389
2523307,236,49,8892,2008,0.0,11160.0,-0.442996,-1.0439969999999998,VEN,COL,842389
2523308,250,49,8892,2008,0.0,223102.0,0.547909,-0.5303640000000001,ANS,COL,842389
2523309,8,52,8892,2008,8028.0,0.0,0.278837,0.496784,ARG,CRI,842389
2523310,39,52,8892,2008,11183.0,0.0,0.684659,1.085312,CAN,CRI,842389
2523311,42,52,8892,2008,92144.0,0.0,-0.293985,-0.349554,CHL,CRI,842389
2523312,43,52,8892,2008,19289.0,0.0,0.929285,1.8917259999999998,CHN,CRI,842389
2523313,49,52,8892,2008,11928.0,0.0,0.19505699999999998,0.566189,COL,CRI,842389
2523314,61,52,8892,2008,14254.0,0.0,2.007167,-3.256961,DEU,CRI,842389
2523315,71,52,8892,2008,27180.0,0.0,0.8755649999999999,2.122164,ESP,CRI,842389
2523316,93,52,8892,2008,21468.0,0.0,-0.271973,0.720486,GTM,CRI,842389
2523317,104,52,8892,2008,761.0,0.0,0.26694,2.926023,IND,CRI,842389
2523318,138,52,8892,2008,28093.0,0.0,0.9833639999999999,0.7687069999999999,MEX,CRI,842389
2523319,160,52,8892,2008,0.0,2985.0,-0.869193,-0.676623,NIC,CRI,842389
2523320,166,52,8892,2008,771.0,0.0,0.513416,0.753058,NZL,CRI,842389
2523321,169,52,8892,2008,9193.0,2082.0,0.470854,0.960075,PAN,CRI,842389
2523322,173,52,8892,2008,0.0,984.0,-0.518126,0.17193599999999998,PER,CRI,842389
2523323,197,52,8892,2008,0.0,987.0,-0.028986,0.369501,SLV,CRI,842389
2523324,231,52,8892,2008,66806.0,0.0,1.584278,-0.209788,USA,CRI,842389
2523325,249,52,8892,2008,1165.0,0.0,1.611693,0.93875,TWN,CRI,842389
2523326,250,52,8892,2008,5007.0,0.0,0.547909,-0.5303640000000001,ANS,CRI,842389
2523327,4,61,8892,2008,0.0,36357.0,-0.252894,-0.0071400000000000005,ALB,DEU,842389
2523328,7,61,8892,2008,0.0,251705.0,-0.276433,-0.692392,ARE,DEU,842389
2523329,8,61,8892,2008,59761.0,237655.0,0.278837,0.496784,ARG,DEU,842389
2523330,9,61,8892,2008,0.0,3108.0,0.360609,-0.038343,ARM,DEU,842389
2523331,14,61,8892,2008,40033.0,328464.0,-0.171801,-0.012588,AUS,DEU,842389
2523332,15,61,8892,2008,1161174.0,1599259.0,1.634816,-0.078419,AUT,DEU,842389
2523333,16,61,8892,2008,0.0,30675.0,-0.7143109999999999,-1.114747,AZE,DEU,842389
2523334,18,61,8892,2008,9416.0,362275.0,1.297416,0.9716549999999999,BEL,DEU,842389
2523335,21,61,8892,2008,0.0,5591.0,-1.076309,-1.012701,BFA,DEU,842389
2523336,22,61,8892,2008,0.0,4137.0,-0.852774,-0.766779,BGD,DEU,842389
2523337,23,61,8892,2008,0.0,26310.0,0.44409,1.575399,BGR,DEU,842389
2523338,24,61,8892,2008,0.0,274629.0,0.335334,-0.81372,BHR,DEU,842389
2523339,26,61,8892,2008,0.0,8191.0,0.480256,0.810361,BIH,DEU,842389
2523340,28,61,8892,2008,0.0,1221389.0,0.9869,0.38977399999999995,BLR,DEU,842389
2523341,31,61,8892,2008,0.0,3665.0,-0.852975,-0.88041,BOL,DEU,842389
2523342,32,61,8892,2008,0.0,498081.0,0.444687,0.904332,BRA,DEU,842389
2523343,39,61,8892,2008,49550.0,11487.0,0.684659,1.085312,CAN,DEU,842389
2523344,41,61,8892,2008,854732.0,2160914.0,1.978404,0.368694,CHE,DEU,842389
2523345,42,61,8892,2008,0.0,170165.0,-0.293985,-0.349554,CHL,DEU,842389
2523346,43,61,8892,2008,179528.0,2935754.0,0.929285,1.8917259999999998,CHN,DEU,842389
2523347,44,61,8892,2008,0.0,19165.0,-0.9806040000000001,-0.730792,CIV,DEU,842389
2523348,45,61,8892,2008,0.0,1217.0,-1.143808,-1.0725,CMR,DEU,842389
2523349,49,61,8892,2008,0.0,69073.0,0.19505699999999998,0.566189,COL,DEU,842389
2523350,52,61,8892,2008,0.0,14254.0,0.023962,-0.346029,CRI,DEU,842389
2523351,59,61,8892,2008,131277.0,175906.0,1.592035,0.27983600000000003,CZE,DEU,842389
2523352,64,61,8892,2008,5859.0,135546.0,1.165294,1.1112440000000001,DNK,DEU,842389
2523353,65,61,8892,2008,0.0,5278.0,-0.167958,0.241283,DOM,DEU,842389
2523354,66,61,8892,2008,0.0,5255.0,-0.556434,-1.079109,DZA,DEU,842389
2523355,67,61,8892,2008,0.0,21593.0,-0.859434,-0.972389,ECU,DEU,842389
2523356,68,61,8892,2008,0.0,891021.0,-0.098316,1.134642,EGY,DEU,842389
2523357,71,61,8892,2008,0.0,70029.0,0.8755649999999999,2.122164,ESP,DEU,842389
2523358,72,61,8892,2008,0.0,4938.0,0.749696,1.5173940000000001,EST,DEU,842389
2523359,73,61,8892,2008,0.0,3971.0,-1.0084629999999999,-0.83993,ETH,DEU,842389
2523360,74,61,8892,2008,367371.0,283940.0,1.767859,0.846409,FIN,DEU,842389
2523361,77,61,8892,2008,22237.0,566637.0,1.487702,-0.223965,FRA,DEU,842389
2523362,81,61,8892,2008,14635.0,306826.0,1.7586119999999998,0.061214,GBR,DEU,842389
2523363,83,61,8892,2008,0.0,1254720.0,-0.9339360000000001,-0.701724,GHA,DEU,842389
2523364,90,61,8892,2008,0.0,43402.0,0.33272399999999996,1.758188,GRC,DEU,842389
2523365,93,61,8892,2008,0.0,6484.0,-0.271973,0.720486,GTM,DEU,842389
2523366,97,61,8892,2008,3931.0,46337.0,0.74435,2.149616,HKG,DEU,842389
2523367,100,61,8892,2008,0.0,183106.0,0.874459,1.075102,HRV,DEU,842389
2523368,102,61,8892,2008,1951.0,340811.0,1.3358299999999999,0.8177770000000001,HUN,DEU,842389
2523369,103,61,8892,2008,0.0,37917.0,-0.11154000000000001,1.4879850000000001,IDN,DEU,842389
2523370,104,61,8892,2008,5361.0,405263.0,0.26694,2.926023,IND,DEU,842389
2523371,106,61,8892,2008,0.0,11916.0,1.693858,0.221425,IRL,DEU,842389
2523372,107,61,8892,2008,0.0,233612.0,-0.9776469999999999,-1.054475,IRN,DEU,842389
2523373,108,61,8892,2008,0.0,63124.0,-1.6604189999999999,-0.886959,IRQ,DEU,842389
2523374,109,61,8892,2008,0.0,24882.0,0.26969899999999997,-0.29915,ISL,DEU,842389
2523375,110,61,8892,2008,77710.0,276138.0,1.169192,0.797136,ISR,DEU,842389
2523376,111,61,8892,2008,520823.0,584140.0,1.308777,0.361523,ITA,DEU,842389
2523377,113,61,8892,2008,0.0,52645.0,0.255463,0.45844799999999997,JOR,DEU,842389
2523378,114,61,8892,2008,14444.0,29377.0,2.285056,0.036255,JPN,DEU,842389
2523379,115,61,8892,2008,66597.0,173974.0,-0.43055200000000005,-0.6852590000000001,KAZ,DEU,842389
2523380,121,61,8892,2008,2961.0,359879.0,1.491687,0.814692,KOR,DEU,842389
2523381,122,61,8892,2008,0.0,99392.0,-1.401297,-1.142945,KWT,DEU,842389
2523382,124,61,8892,2008,0.0,38133.0,0.46133100000000005,1.4598149999999999,LBN,DEU,842389
2523383,126,61,8892,2008,0.0,52664.0,-1.156353,-1.133716,LBY,DEU,842389
2523384,128,61,8892,2008,0.0,9104.0,-0.48245200000000005,0.295892,LKA,DEU,842389
2523385,130,61,8892,2008,0.0,26132.0,0.59033,0.961408,LTU,DEU,842389
2523386,131,61,8892,2008,0.0,6030.0,1.39945,1.003857,LUX,DEU,842389
2523387,132,61,8892,2008,28296.0,37346.0,0.655489,1.0811540000000002,LVA,DEU,842389
2523388,134,61,8892,2008,0.0,71125.0,-0.505734,-0.000516,MAR,DEU,842389
2523389,136,61,8892,2008,0.0,1112.0,-0.9618190000000001,-0.348841,MDG,DEU,842389
2523390,138,61,8892,2008,6559.0,147254.0,0.9833639999999999,0.7687069999999999,MEX,DEU,842389
2523391,140,61,8892,2008,0.0,1482.0,-0.090639,-0.137401,MKD,DEU,842389
2523392,142,61,8892,2008,0.0,2569.0,1.015716,-0.065673,MLT,DEU,842389
2523393,145,61,8892,2008,0.0,260390.0,-1.13585,-1.1076190000000001,MNG,DEU,842389
2523394,151,61,8892,2008,0.0,7500.0,-0.337563,-0.144226,MUS,DEU,842389
2523395,153,61,8892,2008,51989.0,160825.0,0.793395,0.6141939999999999,MYS,DEU,842389
2523396,156,61,8892,2008,0.0,2312.0,-0.21304099999999998,-0.8147300000000001,NCL,DEU,842389
2523397,157,61,8892,2008,0.0,37257.0,-0.677687,-0.75195,NER,DEU,842389
2523398,159,61,8892,2008,0.0,169018.0,-1.9809139999999998,-1.189201,NGA,DEU,842389
2523399,160,61,8892,2008,0.0,5752.0,-0.869193,-0.676623,NIC,DEU,842389
2523400,162,61,8892,2008,337139.0,238321.0,1.139475,1.385316,NLD,DEU,842389
2523401,163,61,8892,2008,9743.0,394540.0,0.911428,-0.019318000000000002,NOR,DEU,842389
2523402,166,61,8892,2008,17658.0,3293.0,0.513416,0.753058,NZL,DEU,842389
2523403,167,61,8892,2008,854.0,378658.0,-0.635199,-1.027136,OMN,DEU,842389
2523404,168,61,8892,2008,6549.0,41279.0,-0.401588,0.500668,PAK,DEU,842389
2523405,173,61,8892,2008,0.0,28389.0,-0.518126,0.17193599999999998,PER,DEU,842389
2523406,174,61,8892,2008,0.0,157371.0,0.276488,-0.02957,PHL,DEU,842389
2523407,177,61,8892,2008,0.0,510013.0,1.037287,1.244457,POL,DEU,842389
2523408,179,61,8892,2008,24844.0,61940.0,0.64135,2.1946939999999997,PRT,DEU,842389
2523409,180,61,8892,2008,0.0,38652.0,-0.556298,-0.9503780000000001,PRY,DEU,842389
2523410,182,61,8892,2008,0.0,3002.0,-0.255879,-0.714841,PYF,DEU,842389
2523411,183,61,8892,2008,0.0,378716.0,-0.36390900000000004,-1.0045549999999999,QAT,DEU,842389
2523412,185,61,8892,2008,2880.0,281817.0,0.784924,1.235527,ROU,DEU,842389
2523413,186,61,8892,2008,0.0,1933401.0,0.559059,-0.00886,RUS,DEU,842389
2523414,187,61,8892,2008,0.0,3604.0,-0.770307,-0.650779,RWA,DEU,842389
2523415,188,61,8892,2008,0.0,153873.0,-0.09849400000000001,-0.8998309999999999,SAU,DEU,842389
2523416,191,61,8892,2008,0.0,8225.0,-0.478024,-0.313199,SEN,DEU,842389
2523417,192,61,8892,2008,493302.0,340527.0,1.844543,0.5947020000000001,SGP,DEU,842389
2523418,201,61,8892,2008,0.0,116135.0,0.615147,1.484149,SRB,DEU,842389
2523419,206,61,8892,2008,0.0,109828.0,1.3402040000000002,0.8038770000000001,SVK,DEU,842389
2523420,207,61,8892,2008,22433.0,93800.0,1.5099209999999998,0.683663,SVN,DEU,842389
2523421,208,61,8892,2008,32689.0,188741.0,1.866575,0.44342700000000007,SWE,DEU,842389
2523422,209,61,8892,2008,0.0,8516.0,0.761506,0.29043,SWZ,DEU,842389
2523423,212,61,8892,2008,0.0,10355.0,-0.365789,0.877383,SYR,DEU,842389
2523424,216,61,8892,2008,0.0,43576.0,0.7531399999999999,1.4420620000000002,THA,DEU,842389
2523425,217,61,8892,2008,0.0,95162.0,-0.8988010000000001,-1.126157,TJK,DEU,842389
2523426,222,61,8892,2008,0.0,5021.0,-0.44752600000000003,-1.060906,TTO,DEU,842389
2523427,223,61,8892,2008,0.0,9114.0,0.084141,0.676248,TUN,DEU,842389
2523428,224,61,8892,2008,81055.0,638123.0,0.44478,2.186881,TUR,DEU,842389
2523429,226,61,8892,2008,0.0,1712.0,-0.755692,0.8751690000000001,TZA,DEU,842389
2523430,228,61,8892,2008,0.0,723663.0,0.59355,0.764415,UKR,DEU,842389
2523431,231,61,8892,2008,2071613.0,1710494.0,1.584278,-0.209788,USA,DEU,842389
2523432,232,61,8892,2008,0.0,211437.0,-0.470184,-0.773163,UZB,DEU,842389
2523433,236,61,8892,2008,0.0,4344.0,-0.442996,-1.0439969999999998,VEN,DEU,842389
2523434,239,61,8892,2008,0.0,32883.0,-0.207083,1.1323370000000001,VNM,DEU,842389
2523435,243,61,8892,2008,0.0,64712.0,-1.227495,-1.191462,YEM,DEU,842389
2523436,246,61,8892,2008,0.0,416565.0,0.22551500000000002,1.185506,ZAF,DEU,842389
2523437,249,61,8892,2008,8993.0,135737.0,1.611693,0.93875,TWN,DEU,842389
2523438,250,61,8892,2008,0.0,8429.0,0.547909,-0.5303640000000001,ANS,DEU,842389
2523439,15,64,8892,2008,26601.0,0.0,1.634816,-0.078419,AUT,DNK,842389
2523440,18,64,8892,2008,14983.0,36684.0,1.297416,0.9716549999999999,BEL,DNK,842389
2523441,39,64,8892,2008,0.0,5052.0,0.684659,1.085312,CAN,DNK,842389
2523442,41,64,8892,2008,0.0,137215.0,1.978404,0.368694,CHE,DNK,842389
2523443,42,64,8892,2008,0.0,25883.0,-0.293985,-0.349554,CHL,DNK,842389
2523444,43,64,8892,2008,44161.0,13935.0,0.929285,1.8917259999999998,CHN,DNK,842389
2523445,59,64,8892,2008,0.0,192655.0,1.592035,0.27983600000000003,CZE,DNK,842389
2523446,61,64,8892,2008,135546.0,5859.0,2.007167,-3.256961,DEU,DNK,842389
2523447,66,64,8892,2008,0.0,96591.0,-0.556434,-1.079109,DZA,DNK,842389
2523448,67,64,8892,2008,0.0,12419.0,-0.859434,-0.972389,ECU,DNK,842389
2523449,68,64,8892,2008,0.0,38332.0,-0.098316,1.134642,EGY,DNK,842389
2523450,74,64,8892,2008,39901.0,23502.0,1.767859,0.846409,FIN,DNK,842389
2523451,77,64,8892,2008,0.0,14749.0,1.487702,-0.223965,FRA,DNK,842389
2523452,78,64,8892,2008,0.0,8592.0,-0.576205,-0.886117,FRO,DNK,842389
2523453,81,64,8892,2008,13838.0,10502.0,1.7586119999999998,0.061214,GBR,DNK,842389
2523454,82,64,8892,2008,0.0,11497.0,-0.355095,-0.660181,GEO,DNK,842389
2523455,90,64,8892,2008,0.0,16519.0,0.33272399999999996,1.758188,GRC,DNK,842389
2523456,92,64,8892,2008,0.0,15379.0,-0.669996,-0.909798,GRL,DNK,842389
2523457,96,64,8892,2008,0.0,17004.0,-1.0439530000000001,-0.962007,GUY,DNK,842389
2523458,100,64,8892,2008,501458.0,47069.0,0.874459,1.075102,HRV,DNK,842389
2523459,103,64,8892,2008,161149.0,0.0,-0.11154000000000001,1.4879850000000001,IDN,DNK,842389
2523460,106,64,8892,2008,0.0,3423.0,1.693858,0.221425,IRL,DNK,842389
2523461,109,64,8892,2008,55756.0,2957.0,0.26969899999999997,-0.29915,ISL,DNK,842389
2523462,111,64,8892,2008,17530.0,0.0,1.308777,0.361523,ITA,DNK,842389
2523463,114,64,8892,2008,0.0,9643.0,2.285056,0.036255,JPN,DNK,842389
2523464,115,64,8892,2008,0.0,23181.0,-0.43055200000000005,-0.6852590000000001,KAZ,DNK,842389
2523465,121,64,8892,2008,12321.0,4483.0,1.491687,0.814692,KOR,DNK,842389
2523466,130,64,8892,2008,0.0,37838.0,0.59033,0.961408,LTU,DNK,842389
2523467,132,64,8892,2008,20174.0,0.0,0.655489,1.0811540000000002,LVA,DNK,842389
2523468,136,64,8892,2008,0.0,521301.0,-0.9618190000000001,-0.348841,MDG,DNK,842389
2523469,138,64,8892,2008,0.0,1084.0,0.9833639999999999,0.7687069999999999,MEX,DNK,842389
2523470,152,64,8892,2008,0.0,1710.0,-1.387548,-1.184696,MWI,DNK,842389
2523471,162,64,8892,2008,17708.0,1405.0,1.139475,1.385316,NLD,DNK,842389
2523472,163,64,8892,2008,23008.0,774422.0,0.911428,-0.019318000000000002,NOR,DNK,842389
2523473,166,64,8892,2008,60446.0,0.0,0.513416,0.753058,NZL,DNK,842389
2523474,177,64,8892,2008,0.0,125036.0,1.037287,1.244457,POL,DNK,842389
2523475,185,64,8892,2008,0.0,9719.0,0.784924,1.235527,ROU,DNK,842389
2523476,188,64,8892,2008,0.0,15546.0,-0.09849400000000001,-0.8998309999999999,SAU,DNK,842389
2523477,192,64,8892,2008,12431.0,0.0,1.844543,0.5947020000000001,SGP,DNK,842389
2523478,208,64,8892,2008,18340.0,8642.0,1.866575,0.44342700000000007,SWE,DNK,842389
2523479,224,64,8892,2008,11752.0,0.0,0.44478,2.186881,TUR,DNK,842389
2523480,231,64,8892,2008,28999.0,69923.0,1.584278,-0.209788,USA,DNK,842389
2523481,236,64,8892,2008,0.0,5166.0,-0.442996,-1.0439969999999998,VEN,DNK,842389
2523482,249,64,8892,2008,7590.0,0.0,1.611693,0.93875,TWN,DNK,842389
2523483,32,65,8892,2008,23800.0,0.0,0.444687,0.904332,BRA,DOM,842389
2523484,39,65,8892,2008,6391.0,0.0,0.684659,1.085312,CAN,DOM,842389
2523485,41,65,8892,2008,4509.0,0.0,1.978404,0.368694,CHE,DOM,842389
2523486,42,65,8892,2008,20526.0,0.0,-0.293985,-0.349554,CHL,DOM,842389
2523487,43,65,8892,2008,39886.0,0.0,0.929285,1.8917259999999998,CHN,DOM,842389
2523488,49,65,8892,2008,13149.0,0.0,0.19505699999999998,0.566189,COL,DOM,842389
2523489,61,65,8892,2008,5278.0,0.0,2.007167,-3.256961,DEU,DOM,842389
2523490,63,65,8892,2008,0.0,3632.0,0.424179,0.04355,DMA,DOM,842389
2523491,71,65,8892,2008,18551.0,0.0,0.8755649999999999,2.122164,ESP,DOM,842389
2523492,77,65,8892,2008,2146.0,0.0,1.487702,-0.223965,FRA,DOM,842389
2523493,81,65,8892,2008,29101.0,0.0,1.7586119999999998,0.061214,GBR,DOM,842389
2523494,93,65,8892,2008,6362.0,0.0,-0.271973,0.720486,GTM,DOM,842389
2523495,97,65,8892,2008,18466.0,0.0,0.74435,2.149616,HKG,DOM,842389
2523496,111,65,8892,2008,8500.0,0.0,1.308777,0.361523,ITA,DOM,842389
2523497,114,65,8892,2008,1828.0,0.0,2.285056,0.036255,JPN,DOM,842389
2523498,121,65,8892,2008,4576.0,0.0,1.491687,0.814692,KOR,DOM,842389
2523499,138,65,8892,2008,2527.0,0.0,0.9833639999999999,0.7687069999999999,MEX,DOM,842389
2523500,153,65,8892,2008,814.0,0.0,0.793395,0.6141939999999999,MYS,DOM,842389
2523501,169,65,8892,2008,3884.0,0.0,0.470854,0.960075,PAN,DOM,842389
2523502,209,65,8892,2008,6154.0,0.0,0.761506,0.29043,SWZ,DOM,842389
2523503,231,65,8892,2008,126657.0,0.0,1.584278,-0.209788,USA,DOM,842389
2523504,249,65,8892,2008,13254.0,0.0,1.611693,0.93875,TWN,DOM,842389
2523505,8,67,8892,2008,7817.0,0.0,0.278837,0.496784,ARG,ECU,842389
2523506,32,67,8892,2008,1277.0,0.0,0.444687,0.904332,BRA,ECU,842389
2523507,42,67,8892,2008,64238.0,0.0,-0.293985,-0.349554,CHL,ECU,842389
2523508,43,67,8892,2008,34851.0,0.0,0.929285,1.8917259999999998,CHN,ECU,842389
2523509,49,67,8892,2008,15808.0,0.0,0.19505699999999998,0.566189,COL,ECU,842389
2523510,61,67,8892,2008,21593.0,0.0,2.007167,-3.256961,DEU,ECU,842389
2523511,64,67,8892,2008,12419.0,0.0,1.165294,1.1112440000000001,DNK,ECU,842389
2523512,83,67,8892,2008,0.0,15045.0,-0.9339360000000001,-0.701724,GHA,ECU,842389
2523513,231,67,8892,2008,145805.0,0.0,1.584278,-0.209788,USA,ECU,842389
2523514,249,67,8892,2008,3986.0,0.0,1.611693,0.93875,TWN,ECU,842389
2523515,5,71,8892,2008,1069.0,18036.0,0.971109,0.749296,AND,ESP,842389
2523516,7,71,8892,2008,0.0,16096.0,-0.276433,-0.692392,ARE,ESP,842389
2523517,8,71,8892,2008,4153.0,1078.0,0.278837,0.496784,ARG,ESP,842389
2523518,15,71,8892,2008,120900.0,0.0,1.634816,-0.078419,AUT,ESP,842389
2523519,19,71,8892,2008,0.0,101459.0,-1.171101,-0.9600569999999999,BEN,ESP,842389
2523520,24,71,8892,2008,0.0,34201.0,0.335334,-0.81372,BHR,ESP,842389
2523521,32,71,8892,2008,6151.0,63180.0,0.444687,0.904332,BRA,ESP,842389
2523522,39,71,8892,2008,109323.0,0.0,0.684659,1.085312,CAN,ESP,842389
2523523,41,71,8892,2008,348447.0,56311.0,1.978404,0.368694,CHE,ESP,842389
2523524,42,71,8892,2008,0.0,88042.0,-0.293985,-0.349554,CHL,ESP,842389
2523525,43,71,8892,2008,539255.0,0.0,0.929285,1.8917259999999998,CHN,ESP,842389
2523526,44,71,8892,2008,0.0,91319.0,-0.9806040000000001,-0.730792,CIV,ESP,842389
2523527,49,71,8892,2008,0.0,27966.0,0.19505699999999998,0.566189,COL,ESP,842389
2523528,51,71,8892,2008,0.0,34437.0,0.16722,-0.64183,CPV,ESP,842389
2523529,52,71,8892,2008,0.0,27180.0,0.023962,-0.346029,CRI,ESP,842389
2523530,54,71,8892,2008,0.0,247426.0,-0.23158299999999998,-0.892943,CUB,ESP,842389
2523531,58,71,8892,2008,0.0,6225.0,1.003211,0.712629,CYP,ESP,842389
2523532,61,71,8892,2008,70029.0,0.0,2.007167,-3.256961,DEU,ESP,842389
2523533,65,71,8892,2008,0.0,18551.0,-0.167958,0.241283,DOM,ESP,842389
2523534,66,71,8892,2008,0.0,89060.0,-0.556434,-1.079109,DZA,ESP,842389
2523535,68,71,8892,2008,0.0,78438.0,-0.098316,1.134642,EGY,ESP,842389
2523536,72,71,8892,2008,0.0,1406.0,0.749696,1.5173940000000001,EST,ESP,842389
2523537,73,71,8892,2008,11543.0,8609.0,-1.0084629999999999,-0.83993,ETH,ESP,842389
2523538,74,71,8892,2008,125020.0,0.0,1.767859,0.846409,FIN,ESP,842389
2523539,77,71,8892,2008,176463.0,786823.0,1.487702,-0.223965,FRA,ESP,842389
2523540,81,71,8892,2008,12753.0,51185.0,1.7586119999999998,0.061214,GBR,ESP,842389
2523541,83,71,8892,2008,0.0,21985.0,-0.9339360000000001,-0.701724,GHA,ESP,842389
2523542,84,71,8892,2008,0.0,31438.0,0.938815,-0.361914,GIB,ESP,842389
2523543,89,71,8892,2008,0.0,282659.0,-1.059208,-0.843542,GNQ,ESP,842389
2523544,90,71,8892,2008,0.0,14689.0,0.33272399999999996,1.758188,GRC,ESP,842389
2523545,93,71,8892,2008,0.0,12116.0,-0.271973,0.720486,GTM,ESP,842389
2523546,97,71,8892,2008,3151.0,0.0,0.74435,2.149616,HKG,ESP,842389
2523547,100,71,8892,2008,0.0,1404.0,0.874459,1.075102,HRV,ESP,842389
2523548,104,71,8892,2008,962.0,19400.0,0.26694,2.926023,IND,ESP,842389
2523549,109,71,8892,2008,70151.0,0.0,0.26969899999999997,-0.29915,ISL,ESP,842389
2523550,110,71,8892,2008,13386.0,969.0,1.169192,0.797136,ISR,ESP,842389
2523551,111,71,8892,2008,105893.0,0.0,1.308777,0.361523,ITA,ESP,842389
2523552,115,71,8892,2008,0.0,54910.0,-0.43055200000000005,-0.6852590000000001,KAZ,ESP,842389
2523553,121,71,8892,2008,6756.0,0.0,1.491687,0.814692,KOR,ESP,842389
2523554,124,71,8892,2008,0.0,16859.0,0.46133100000000005,1.4598149999999999,LBN,ESP,842389
2523555,128,71,8892,2008,0.0,39176.0,-0.48245200000000005,0.295892,LKA,ESP,842389
2523556,134,71,8892,2008,1380121.0,1699524.0,-0.505734,-0.000516,MAR,ESP,842389
2523557,136,71,8892,2008,0.0,2069.0,-0.9618190000000001,-0.348841,MDG,ESP,842389
2523558,138,71,8892,2008,0.0,589010.0,0.9833639999999999,0.7687069999999999,MEX,ESP,842389
2523559,147,71,8892,2008,0.0,7457.0,-0.982727,-0.8361219999999999,MOZ,ESP,842389
2523560,148,71,8892,2008,0.0,1085.0,-2.081778,-1.274636,MRT,ESP,842389
2523561,159,71,8892,2008,0.0,25880.0,-1.9809139999999998,-1.189201,NGA,ESP,842389
2523562,160,71,8892,2008,2553.0,7638.0,-0.869193,-0.676623,NIC,ESP,842389
2523563,162,71,8892,2008,31515.0,11631.0,1.139475,1.385316,NLD,ESP,842389
2523564,163,71,8892,2008,1308.0,5854.0,0.911428,-0.019318000000000002,NOR,ESP,842389
2523565,166,71,8892,2008,29705.0,0.0,0.513416,0.753058,NZL,ESP,842389
2523566,173,71,8892,2008,0.0,247461.0,-0.518126,0.17193599999999998,PER,ESP,842389
2523567,179,71,8892,2008,250612.0,29079.0,0.64135,2.1946939999999997,PRT,ESP,842389
2523568,180,71,8892,2008,0.0,22020.0,-0.556298,-0.9503780000000001,PRY,ESP,842389
2523569,185,71,8892,2008,0.0,474840.0,0.784924,1.235527,ROU,ESP,842389
2523570,186,71,8892,2008,38953.0,13009.0,0.559059,-0.00886,RUS,ESP,842389
2523571,191,71,8892,2008,0.0,31459.0,-0.478024,-0.313199,SEN,ESP,842389
2523572,197,71,8892,2008,0.0,892.0,-0.028986,0.369501,SLV,ESP,842389
2523573,201,71,8892,2008,0.0,11112.0,0.615147,1.484149,SRB,ESP,842389
2523574,208,71,8892,2008,11025.0,0.0,1.866575,0.44342700000000007,SWE,ESP,842389
2523575,223,71,8892,2008,0.0,101459.0,0.084141,0.676248,TUN,ESP,842389
2523576,224,71,8892,2008,0.0,145404.0,0.44478,2.186881,TUR,ESP,842389
2523577,230,71,8892,2008,0.0,34347.0,0.376164,0.049387,URY,ESP,842389
2523578,231,71,8892,2008,26908.0,134611.0,1.584278,-0.209788,USA,ESP,842389
2523579,236,71,8892,2008,0.0,275782.0,-0.442996,-1.0439969999999998,VEN,ESP,842389
2523580,246,71,8892,2008,0.0,36691.0,0.22551500000000002,1.185506,ZAF,ESP,842389
2523581,15,74,8892,2008,29970.0,33469.0,1.634816,-0.078419,AUT,FIN,842389
2523582,18,74,8892,2008,0.0,80522.0,1.297416,0.9716549999999999,BEL,FIN,842389
2523583,23,74,8892,2008,0.0,11582.0,0.44409,1.575399,BGR,FIN,842389
2523584,28,74,8892,2008,0.0,23926.0,0.9869,0.38977399999999995,BLR,FIN,842389
2523585,31,74,8892,2008,0.0,4468.0,-0.852975,-0.88041,BOL,FIN,842389
2523586,32,74,8892,2008,0.0,5950.0,0.444687,0.904332,BRA,FIN,842389
2523587,41,74,8892,2008,6660.0,38821.0,1.978404,0.368694,CHE,FIN,842389
2523588,42,74,8892,2008,6788.0,10017.0,-0.293985,-0.349554,CHL,FIN,842389
2523589,43,74,8892,2008,83566.0,217862.0,0.929285,1.8917259999999998,CHN,FIN,842389
2523590,49,74,8892,2008,0.0,8662.0,0.19505699999999998,0.566189,COL,FIN,842389
2523591,58,74,8892,2008,0.0,6136.0,1.003211,0.712629,CYP,FIN,842389
2523592,59,74,8892,2008,0.0,172558.0,1.592035,0.27983600000000003,CZE,FIN,842389
2523593,61,74,8892,2008,283940.0,367371.0,2.007167,-3.256961,DEU,FIN,842389
2523594,64,74,8892,2008,23502.0,39901.0,1.165294,1.1112440000000001,DNK,FIN,842389
2523595,71,74,8892,2008,0.0,125020.0,0.8755649999999999,2.122164,ESP,FIN,842389
2523596,72,74,8892,2008,54101.0,258004.0,0.749696,1.5173940000000001,EST,FIN,842389
2523597,77,74,8892,2008,0.0,9521.0,1.487702,-0.223965,FRA,FIN,842389
2523598,81,74,8892,2008,22858.0,17553.0,1.7586119999999998,0.061214,GBR,FIN,842389
2523599,90,74,8892,2008,0.0,10273.0,0.33272399999999996,1.758188,GRC,FIN,842389
2523600,102,74,8892,2008,0.0,74582.0,1.3358299999999999,0.8177770000000001,HUN,FIN,842389
2523601,104,74,8892,2008,0.0,141685.0,0.26694,2.926023,IND,FIN,842389
2523602,109,74,8892,2008,0.0,16112.0,0.26969899999999997,-0.29915,ISL,FIN,842389
2523603,110,74,8892,2008,4187.0,0.0,1.169192,0.797136,ISR,FIN,842389
2523604,111,74,8892,2008,11315.0,12911.0,1.308777,0.361523,ITA,FIN,842389
2523605,114,74,8892,2008,82008.0,0.0,2.285056,0.036255,JPN,FIN,842389
2523606,115,74,8892,2008,0.0,70869.0,-0.43055200000000005,-0.6852590000000001,KAZ,FIN,842389
2523607,121,74,8892,2008,29349.0,0.0,1.491687,0.814692,KOR,FIN,842389
2523608,130,74,8892,2008,0.0,5166.0,0.59033,0.961408,LTU,FIN,842389
2523609,132,74,8892,2008,0.0,39611.0,0.655489,1.0811540000000002,LVA,FIN,842389
2523610,140,74,8892,2008,0.0,889.0,-0.090639,-0.137401,MKD,FIN,842389
2523611,162,74,8892,2008,71578.0,27845.0,1.139475,1.385316,NLD,FIN,842389
2523612,163,74,8892,2008,9447.0,187642.0,0.911428,-0.019318000000000002,NOR,FIN,842389
2523613,177,74,8892,2008,78184.0,685182.0,1.037287,1.244457,POL,FIN,842389
2523614,185,74,8892,2008,0.0,274449.0,0.784924,1.235527,ROU,FIN,842389
2523615,186,74,8892,2008,2264.0,473401.0,0.559059,-0.00886,RUS,FIN,842389
2523616,206,74,8892,2008,0.0,248607.0,1.3402040000000002,0.8038770000000001,SVK,FIN,842389
2523617,207,74,8892,2008,0.0,105724.0,1.5099209999999998,0.683663,SVN,FIN,842389
2523618,208,74,8892,2008,80275.0,1231097.0,1.866575,0.44342700000000007,SWE,FIN,842389
2523619,216,74,8892,2008,0.0,7045.0,0.7531399999999999,1.4420620000000002,THA,FIN,842389
2523620,224,74,8892,2008,0.0,27434.0,0.44478,2.186881,TUR,FIN,842389
2523621,228,74,8892,2008,0.0,4941.0,0.59355,0.764415,UKR,FIN,842389
2523622,230,74,8892,2008,0.0,2115.0,0.376164,0.049387,URY,FIN,842389
2523623,231,74,8892,2008,12145.0,3680.0,1.584278,-0.209788,USA,FIN,842389
2523624,239,74,8892,2008,0.0,5307.0,-0.207083,1.1323370000000001,VNM,FIN,842389
2523625,246,74,8892,2008,0.0,112473.0,0.22551500000000002,1.185506,ZAF,FIN,842389
2523626,0,77,8892,2008,0.0,5900.0,-0.13050499999999998,-0.7932560000000001,ABW,FRA,842389
2523627,2,77,8892,2008,1228.0,308299.0,-2.0318669999999996,-1.149931,AGO,FRA,842389
2523628,7,77,8892,2008,0.0,38264.0,-0.276433,-0.692392,ARE,FRA,842389
2523629,9,77,8892,2008,0.0,4915.0,0.360609,-0.038343,ARM,FRA,842389
2523630,14,77,8892,2008,0.0,3106.0,-0.171801,-0.012588,AUS,FRA,842389
2523631,15,77,8892,2008,14516.0,2859.0,1.634816,-0.078419,AUT,FRA,842389
2523632,18,77,8892,2008,177323.0,133093.0,1.297416,0.9716549999999999,BEL,FRA,842389
2523633,19,77,8892,2008,0.0,12316.0,-1.171101,-0.9600569999999999,BEN,FRA,842389
2523634,21,77,8892,2008,0.0,154566.0,-1.076309,-1.012701,BFA,FRA,842389
2523635,23,77,8892,2008,0.0,319548.0,0.44409,1.575399,BGR,FRA,842389
2523636,32,77,8892,2008,0.0,51939.0,0.444687,0.904332,BRA,FRA,842389
2523637,37,77,8892,2008,0.0,27008.0,-0.191616,-0.848397,BWA,FRA,842389
2523638,38,77,8892,2008,0.0,1027.0,-0.387367,-0.767895,CAF,FRA,842389
2523639,39,77,8892,2008,3392.0,7512.0,0.684659,1.085312,CAN,FRA,842389
2523640,41,77,8892,2008,326113.0,189982.0,1.978404,0.368694,CHE,FRA,842389
2523641,42,77,8892,2008,0.0,13656.0,-0.293985,-0.349554,CHL,FRA,842389
2523642,43,77,8892,2008,263964.0,4252.0,0.929285,1.8917259999999998,CHN,FRA,842389
2523643,44,77,8892,2008,1614.0,156026.0,-0.9806040000000001,-0.730792,CIV,FRA,842389
2523644,45,77,8892,2008,0.0,95405.0,-1.143808,-1.0725,CMR,FRA,842389
2523645,47,77,8892,2008,0.0,74902.0,-2.2772799999999997,-1.216089,COG,FRA,842389
2523646,49,77,8892,2008,0.0,1372.0,0.19505699999999998,0.566189,COL,FRA,842389
2523647,61,77,8892,2008,566637.0,22237.0,2.007167,-3.256961,DEU,FRA,842389
2523648,64,77,8892,2008,14749.0,0.0,1.165294,1.1112440000000001,DNK,FRA,842389
2523649,65,77,8892,2008,0.0,2146.0,-0.167958,0.241283,DOM,FRA,842389
2523650,66,77,8892,2008,0.0,391792.0,-0.556434,-1.079109,DZA,FRA,842389
2523651,68,77,8892,2008,0.0,14814.0,-0.098316,1.134642,EGY,FRA,842389
2523652,71,77,8892,2008,786823.0,176463.0,0.8755649999999999,2.122164,ESP,FRA,842389
2523653,73,77,8892,2008,0.0,6818.0,-1.0084629999999999,-0.83993,ETH,FRA,842389
2523654,74,77,8892,2008,9521.0,0.0,1.767859,0.846409,FIN,FRA,842389
2523655,80,77,8892,2008,0.0,519466.0,-1.316179,-1.117633,GAB,FRA,842389
2523656,81,77,8892,2008,636176.0,8597.0,1.7586119999999998,0.061214,GBR,FRA,842389
2523657,83,77,8892,2008,0.0,189933.0,-0.9339360000000001,-0.701724,GHA,FRA,842389
2523658,85,77,8892,2008,0.0,1330.0,-1.530997,-1.171231,GIN,FRA,842389
2523659,97,77,8892,2008,1414.0,0.0,0.74435,2.149616,HKG,FRA,842389
2523660,100,77,8892,2008,0.0,6545.0,0.874459,1.075102,HRV,FRA,842389
2523661,101,77,8892,2008,0.0,98833.0,-1.087836,-0.967734,HTI,FRA,842389
2523662,102,77,8892,2008,0.0,61945.0,1.3358299999999999,0.8177770000000001,HUN,FRA,842389
2523663,104,77,8892,2008,2259.0,21364.0,0.26694,2.926023,IND,FRA,842389
2523664,106,77,8892,2008,1175.0,5314.0,1.693858,0.221425,IRL,FRA,842389
2523665,107,77,8892,2008,0.0,25077.0,-0.9776469999999999,-1.054475,IRN,FRA,842389
2523666,109,77,8892,2008,34063.0,0.0,0.26969899999999997,-0.29915,ISL,FRA,842389
2523667,110,77,8892,2008,72988.0,6883.0,1.169192,0.797136,ISR,FRA,842389
2523668,111,77,8892,2008,251258.0,10638.0,1.308777,0.361523,ITA,FRA,842389
2523669,112,77,8892,2008,0.0,9452.0,-0.412969,-0.9444030000000001,JAM,FRA,842389
2523670,116,77,8892,2008,0.0,19961.0,-0.284528,0.9378610000000001,KEN,FRA,842389
2523671,121,77,8892,2008,0.0,2696.0,1.491687,0.814692,KOR,FRA,842389
2523672,124,77,8892,2008,0.0,1448.0,0.46133100000000005,1.4598149999999999,LBN,FRA,842389
2523673,125,77,8892,2008,0.0,10326.0,-0.20785900000000002,-0.9568030000000001,LBR,FRA,842389
2523674,131,77,8892,2008,16011.0,261192.0,1.39945,1.003857,LUX,FRA,842389
2523675,133,77,8892,2008,0.0,17003.0,0.352633,0.219317,MAC,FRA,842389
2523676,134,77,8892,2008,15945.0,685665.0,-0.505734,-0.000516,MAR,FRA,842389
2523677,135,77,8892,2008,0.0,1740.0,0.096913,-0.095718,MDA,FRA,842389
2523678,136,77,8892,2008,0.0,158473.0,-0.9618190000000001,-0.348841,MDG,FRA,842389
2523679,138,77,8892,2008,0.0,11367.0,0.9833639999999999,0.7687069999999999,MEX,FRA,842389
2523680,141,77,8892,2008,841.0,851831.0,-0.274267,-0.51084,MLI,FRA,842389
2523681,148,77,8892,2008,0.0,36776.0,-2.081778,-1.274636,MRT,FRA,842389
2523682,151,77,8892,2008,2864.0,21498.0,-0.337563,-0.144226,MUS,FRA,842389
2523683,154,77,8892,2008,0.0,45585.0,1.085932,-0.176729,MYT,FRA,842389
2523684,156,77,8892,2008,0.0,232634.0,-0.21304099999999998,-0.8147300000000001,NCL,FRA,842389
2523685,157,77,8892,2008,0.0,9268.0,-0.677687,-0.75195,NER,FRA,842389
2523686,159,77,8892,2008,0.0,87234.0,-1.9809139999999998,-1.189201,NGA,FRA,842389
2523687,162,77,8892,2008,178085.0,34715.0,1.139475,1.385316,NLD,FRA,842389
2523688,163,77,8892,2008,0.0,8441.0,0.911428,-0.019318000000000002,NOR,FRA,842389
2523689,166,77,8892,2008,0.0,1327.0,0.513416,0.753058,NZL,FRA,842389
2523690,174,77,8892,2008,0.0,52907.0,0.276488,-0.02957,PHL,FRA,842389
2523691,177,77,8892,2008,0.0,227171.0,1.037287,1.244457,POL,FRA,842389
2523692,179,77,8892,2008,745116.0,149183.0,0.64135,2.1946939999999997,PRT,FRA,842389
2523693,182,77,8892,2008,0.0,8597.0,-0.255879,-0.714841,PYF,FRA,842389
2523694,183,77,8892,2008,0.0,31048.0,-0.36390900000000004,-1.0045549999999999,QAT,FRA,842389
2523695,185,77,8892,2008,0.0,25631.0,0.784924,1.235527,ROU,FRA,842389
2523696,186,77,8892,2008,0.0,5899.0,0.559059,-0.00886,RUS,FRA,842389
2523697,188,77,8892,2008,0.0,2702.0,-0.09849400000000001,-0.8998309999999999,SAU,FRA,842389
2523698,191,77,8892,2008,0.0,106892.0,-0.478024,-0.313199,SEN,FRA,842389
2523699,192,77,8892,2008,0.0,2616.0,1.844543,0.5947020000000001,SGP,FRA,842389
2523700,201,77,8892,2008,0.0,6693.0,0.615147,1.484149,SRB,FRA,842389
2523701,206,77,8892,2008,0.0,13022.0,1.3402040000000002,0.8038770000000001,SVK,FRA,842389
2523702,207,77,8892,2008,0.0,7170.0,1.5099209999999998,0.683663,SVN,FRA,842389
2523703,208,77,8892,2008,5389.0,0.0,1.866575,0.44342700000000007,SWE,FRA,842389
2523704,214,77,8892,2008,0.0,33928.0,-2.837417,-0.927269,TCD,FRA,842389
2523705,215,77,8892,2008,0.0,59967.0,-0.5025689999999999,-0.747621,TGO,FRA,842389
2523706,216,77,8892,2008,1906.0,22635.0,0.7531399999999999,1.4420620000000002,THA,FRA,842389
2523707,223,77,8892,2008,56387.0,221954.0,0.084141,0.676248,TUN,FRA,842389
2523708,226,77,8892,2008,0.0,51282.0,-0.755692,0.8751690000000001,TZA,FRA,842389
2523709,231,77,8892,2008,40138.0,29027.0,1.584278,-0.209788,USA,FRA,842389
2523710,236,77,8892,2008,0.0,35126.0,-0.442996,-1.0439969999999998,VEN,FRA,842389
2523711,239,77,8892,2008,0.0,2406.0,-0.207083,1.1323370000000001,VNM,FRA,842389
2523712,243,77,8892,2008,6016.0,0.0,-1.227495,-1.191462,YEM,FRA,842389
2523713,246,77,8892,2008,25773.0,5141.0,0.22551500000000002,1.185506,ZAF,FRA,842389
2523714,249,77,8892,2008,0.0,19247.0,1.611693,0.93875,TWN,FRA,842389
2523715,250,77,8892,2008,1254.0,0.0,0.547909,-0.5303640000000001,ANS,FRA,842389
2523716,2,81,8892,2008,0.0,25588.0,-2.0318669999999996,-1.149931,AGO,GBR,842389
2523717,7,81,8892,2008,0.0,242926.0,-0.276433,-0.692392,ARE,GBR,842389
2523718,8,81,8892,2008,0.0,1721.0,0.278837,0.496784,ARG,GBR,842389
2523719,14,81,8892,2008,21074.0,272209.0,-0.171801,-0.012588,AUS,GBR,842389
2523720,15,81,8892,2008,236643.0,18495.0,1.634816,-0.078419,AUT,GBR,842389
2523721,16,81,8892,2008,0.0,1568.0,-0.7143109999999999,-1.114747,AZE,GBR,842389
2523722,18,81,8892,2008,38045.0,37088.0,1.297416,0.9716549999999999,BEL,GBR,842389
2523723,22,81,8892,2008,0.0,2171.0,-0.852774,-0.766779,BGD,GBR,842389
2523724,23,81,8892,2008,0.0,4418.0,0.44409,1.575399,BGR,GBR,842389
2523725,24,81,8892,2008,0.0,37096.0,0.335334,-0.81372,BHR,GBR,842389
2523726,26,81,8892,2008,0.0,1653.0,0.480256,0.810361,BIH,GBR,842389
2523727,32,81,8892,2008,0.0,70972.0,0.444687,0.904332,BRA,GBR,842389
2523728,34,81,8892,2008,0.0,12287.0,-1.7609099999999998,-0.8835959999999999,BRN,GBR,842389
2523729,39,81,8892,2008,132735.0,46646.0,0.684659,1.085312,CAN,GBR,842389
2523730,41,81,8892,2008,65169.0,79986.0,1.978404,0.368694,CHE,GBR,842389
2523731,42,81,8892,2008,0.0,2071.0,-0.293985,-0.349554,CHL,GBR,842389
2523732,43,81,8892,2008,1413410.0,86722.0,0.929285,1.8917259999999998,CHN,GBR,842389
2523733,44,81,8892,2008,0.0,2613.0,-0.9806040000000001,-0.730792,CIV,GBR,842389
2523734,45,81,8892,2008,0.0,5461.0,-1.143808,-1.0725,CMR,GBR,842389
2523735,47,81,8892,2008,0.0,2799.0,-2.2772799999999997,-1.216089,COG,GBR,842389
2523736,58,81,8892,2008,0.0,13796.0,1.003211,0.712629,CYP,GBR,842389
2523737,59,81,8892,2008,0.0,5152.0,1.592035,0.27983600000000003,CZE,GBR,842389
2523738,61,81,8892,2008,306826.0,14635.0,2.007167,-3.256961,DEU,GBR,842389
2523739,64,81,8892,2008,10502.0,13838.0,1.165294,1.1112440000000001,DNK,GBR,842389
2523740,65,81,8892,2008,0.0,29101.0,-0.167958,0.241283,DOM,GBR,842389
2523741,66,81,8892,2008,0.0,14688.0,-0.556434,-1.079109,DZA,GBR,842389
2523742,68,81,8892,2008,0.0,20794.0,-0.098316,1.134642,EGY,GBR,842389
2523743,71,81,8892,2008,51185.0,12753.0,0.8755649999999999,2.122164,ESP,GBR,842389
2523744,73,81,8892,2008,0.0,56406.0,-1.0084629999999999,-0.83993,ETH,GBR,842389
2523745,74,81,8892,2008,17553.0,22858.0,1.767859,0.846409,FIN,GBR,842389
2523746,77,81,8892,2008,8597.0,636176.0,1.487702,-0.223965,FRA,GBR,842389
2523747,83,81,8892,2008,0.0,27335.0,-0.9339360000000001,-0.701724,GHA,GBR,842389
2523748,85,81,8892,2008,0.0,343.0,-1.530997,-1.171231,GIN,GBR,842389
2523749,87,81,8892,2008,0.0,1527.0,-0.39378,-0.509879,GMB,GBR,842389
2523750,90,81,8892,2008,0.0,20719.0,0.33272399999999996,1.758188,GRC,GBR,842389
2523751,91,81,8892,2008,0.0,3826.0,0.6186010000000001,-0.170518,GRD,GBR,842389
2523752,96,81,8892,2008,0.0,4165.0,-1.0439530000000001,-0.962007,GUY,GBR,842389
2523753,97,81,8892,2008,17038.0,6282.0,0.74435,2.149616,HKG,GBR,842389
2523754,100,81,8892,2008,0.0,1367.0,0.874459,1.075102,HRV,GBR,842389
2523755,102,81,8892,2008,14167.0,1078.0,1.3358299999999999,0.8177770000000001,HUN,GBR,842389
2523756,103,81,8892,2008,1140.0,48753.0,-0.11154000000000001,1.4879850000000001,IDN,GBR,842389
2523757,104,81,8892,2008,43470.0,859730.0,0.26694,2.926023,IND,GBR,842389
2523758,106,81,8892,2008,11433.0,2197768.0,1.693858,0.221425,IRL,GBR,842389
2523759,107,81,8892,2008,0.0,73472.0,-0.9776469999999999,-1.054475,IRN,GBR,842389
2523760,109,81,8892,2008,0.0,24844.0,0.26969899999999997,-0.29915,ISL,GBR,842389
2523761,110,81,8892,2008,19578.0,32340.0,1.169192,0.797136,ISR,GBR,842389
2523762,111,81,8892,2008,21424.0,14130.0,1.308777,0.361523,ITA,GBR,842389
2523763,112,81,8892,2008,0.0,2005.0,-0.412969,-0.9444030000000001,JAM,GBR,842389
2523764,113,81,8892,2008,0.0,9353.0,0.255463,0.45844799999999997,JOR,GBR,842389
2523765,114,81,8892,2008,3932171.0,197970.0,2.285056,0.036255,JPN,GBR,842389
2523766,116,81,8892,2008,0.0,60186.0,-0.284528,0.9378610000000001,KEN,GBR,842389
2523767,121,81,8892,2008,73482.0,26956.0,1.491687,0.814692,KOR,GBR,842389
2523768,126,81,8892,2008,0.0,48648.0,-1.156353,-1.133716,LBY,GBR,842389
2523769,127,81,8892,2008,0.0,6975.0,0.42267899999999997,0.005129,LCA,GBR,842389
2523770,128,81,8892,2008,0.0,17525.0,-0.48245200000000005,0.295892,LKA,GBR,842389
2523771,130,81,8892,2008,0.0,7286.0,0.59033,0.961408,LTU,GBR,842389
2523772,132,81,8892,2008,0.0,4151.0,0.655489,1.0811540000000002,LVA,GBR,842389
2523773,138,81,8892,2008,0.0,4850.0,0.9833639999999999,0.7687069999999999,MEX,GBR,842389
2523774,153,81,8892,2008,58711.0,8252.0,0.793395,0.6141939999999999,MYS,GBR,842389
2523775,159,81,8892,2008,0.0,314000.0,-1.9809139999999998,-1.189201,NGA,GBR,842389
2523776,162,81,8892,2008,149605.0,84078.0,1.139475,1.385316,NLD,GBR,842389
2523777,163,81,8892,2008,32740.0,415729.0,0.911428,-0.019318000000000002,NOR,GBR,842389
2523778,166,81,8892,2008,35713.0,35364.0,0.513416,0.753058,NZL,GBR,842389
2523779,167,81,8892,2008,29379.0,365057.0,-0.635199,-1.027136,OMN,GBR,842389
2523780,168,81,8892,2008,0.0,118054.0,-0.401588,0.500668,PAK,GBR,842389
2523781,173,81,8892,2008,0.0,8619.0,-0.518126,0.17193599999999998,PER,GBR,842389
2523782,177,81,8892,2008,0.0,18090.0,1.037287,1.244457,POL,GBR,842389
2523783,179,81,8892,2008,0.0,5231.0,0.64135,2.1946939999999997,PRT,GBR,842389
2523784,183,81,8892,2008,0.0,7090.0,-0.36390900000000004,-1.0045549999999999,QAT,GBR,842389
2523785,185,81,8892,2008,0.0,18887.0,0.784924,1.235527,ROU,GBR,842389
2523786,186,81,8892,2008,3150.0,26740.0,0.559059,-0.00886,RUS,GBR,842389
2523787,187,81,8892,2008,0.0,3652.0,-0.770307,-0.650779,RWA,GBR,842389
2523788,188,81,8892,2008,0.0,63634.0,-0.09849400000000001,-0.8998309999999999,SAU,GBR,842389
2523789,190,81,8892,2008,0.0,20913.0,-2.095439,-1.263511,SDN,GBR,842389
2523790,192,81,8892,2008,55975.0,487053.0,1.844543,0.5947020000000001,SGP,GBR,842389
2523791,207,81,8892,2008,0.0,2153.0,1.5099209999999998,0.683663,SVN,GBR,842389
2523792,208,81,8892,2008,34686.0,91517.0,1.866575,0.44342700000000007,SWE,GBR,842389
2523793,211,81,8892,2008,0.0,842.0,0.29189699999999996,-0.47472600000000004,SYC,GBR,842389
2523794,216,81,8892,2008,2534.0,8399.0,0.7531399999999999,1.4420620000000002,THA,GBR,842389
2523795,222,81,8892,2008,0.0,23461.0,-0.44752600000000003,-1.060906,TTO,GBR,842389
2523796,223,81,8892,2008,0.0,177459.0,0.084141,0.676248,TUN,GBR,842389
2523797,224,81,8892,2008,13151.0,115798.0,0.44478,2.186881,TUR,GBR,842389
2523798,226,81,8892,2008,0.0,64274.0,-0.755692,0.8751690000000001,TZA,GBR,842389
2523799,227,81,8892,2008,0.0,5173.0,-0.653885,-0.035455,UGA,GBR,842389
2523800,231,81,8892,2008,1858478.0,597816.0,1.584278,-0.209788,USA,GBR,842389
2523801,239,81,8892,2008,0.0,6951.0,-0.207083,1.1323370000000001,VNM,GBR,842389
2523802,246,81,8892,2008,1039.0,72200.0,0.22551500000000002,1.185506,ZAF,GBR,842389
2523803,247,81,8892,2008,0.0,8041.0,-0.798489,-0.9437639999999999,ZMB,GBR,842389
2523804,249,81,8892,2008,8854.0,0.0,1.611693,0.93875,TWN,GBR,842389
2523805,4,90,8892,2008,0.0,2950.0,-0.252894,-0.0071400000000000005,ALB,GRC,842389
2523806,7,90,8892,2008,0.0,1908.0,-0.276433,-0.692392,ARE,GRC,842389
2523807,8,90,8892,2008,14335.0,0.0,0.278837,0.496784,ARG,GRC,842389
2523808,23,90,8892,2008,2572.0,11146.0,0.44409,1.575399,BGR,GRC,842389
2523809,26,90,8892,2008,0.0,20729.0,0.480256,0.810361,BIH,GRC,842389
2523810,41,90,8892,2008,958.0,26827.0,1.978404,0.368694,CHE,GRC,842389
2523811,43,90,8892,2008,587602.0,0.0,0.929285,1.8917259999999998,CHN,GRC,842389
2523812,45,90,8892,2008,0.0,49312.0,-1.143808,-1.0725,CMR,GRC,842389
2523813,58,90,8892,2008,0.0,15933.0,1.003211,0.712629,CYP,GRC,842389
2523814,61,90,8892,2008,43402.0,0.0,2.007167,-3.256961,DEU,GRC,842389
2523815,64,90,8892,2008,16519.0,0.0,1.165294,1.1112440000000001,DNK,GRC,842389
2523816,68,90,8892,2008,0.0,3930.0,-0.098316,1.134642,EGY,GRC,842389
2523817,71,90,8892,2008,14689.0,0.0,0.8755649999999999,2.122164,ESP,GRC,842389
2523818,74,90,8892,2008,10273.0,0.0,1.767859,0.846409,FIN,GRC,842389
2523819,81,90,8892,2008,20719.0,0.0,1.7586119999999998,0.061214,GBR,GRC,842389
2523820,83,90,8892,2008,0.0,32499.0,-0.9339360000000001,-0.701724,GHA,GRC,842389
2523821,110,90,8892,2008,3390.0,0.0,1.169192,0.797136,ISR,GRC,842389
2523822,111,90,8892,2008,105037.0,8963.0,1.308777,0.361523,ITA,GRC,842389
2523823,113,90,8892,2008,0.0,16692.0,0.255463,0.45844799999999997,JOR,GRC,842389
2523824,126,90,8892,2008,0.0,49374.0,-1.156353,-1.133716,LBY,GRC,842389
2523825,130,90,8892,2008,0.0,90805.0,0.59033,0.961408,LTU,GRC,842389
2523826,140,90,8892,2008,0.0,4881.0,-0.090639,-0.137401,MKD,GRC,842389
2523827,144,90,8892,2008,0.0,29653.0,0.321434,-0.168212,MNE,GRC,842389
2523828,159,90,8892,2008,0.0,174270.0,-1.9809139999999998,-1.189201,NGA,GRC,842389
2523829,162,90,8892,2008,0.0,20119.0,1.139475,1.385316,NLD,GRC,842389
2523830,163,90,8892,2008,1914.0,1722.0,0.911428,-0.019318000000000002,NOR,GRC,842389
2523831,185,90,8892,2008,0.0,31467.0,0.784924,1.235527,ROU,GRC,842389
2523832,207,90,8892,2008,0.0,131953.0,1.5099209999999998,0.683663,SVN,GRC,842389
2523833,224,90,8892,2008,3891.0,0.0,0.44478,2.186881,TUR,GRC,842389
2523834,228,90,8892,2008,0.0,162257.0,0.59355,0.764415,UKR,GRC,842389
2523835,231,90,8892,2008,10610.0,3449.0,1.584278,-0.209788,USA,GRC,842389
2523836,246,90,8892,2008,2447.0,0.0,0.22551500000000002,1.185506,ZAF,GRC,842389
2523837,249,90,8892,2008,36618.0,0.0,1.611693,0.93875,TWN,GRC,842389
2523838,15,93,8892,2008,1564.0,0.0,1.634816,-0.078419,AUT,GTM,842389
2523839,32,93,8892,2008,53953.0,0.0,0.444687,0.904332,BRA,GTM,842389
2523840,39,93,8892,2008,12072.0,0.0,0.684659,1.085312,CAN,GTM,842389
2523841,43,93,8892,2008,9698.0,0.0,0.929285,1.8917259999999998,CHN,GTM,842389
2523842,49,93,8892,2008,31578.0,0.0,0.19505699999999998,0.566189,COL,GTM,842389
2523843,52,93,8892,2008,0.0,21468.0,0.023962,-0.346029,CRI,GTM,842389
2523844,61,93,8892,2008,6484.0,0.0,2.007167,-3.256961,DEU,GTM,842389
2523845,65,93,8892,2008,0.0,6362.0,-0.167958,0.241283,DOM,GTM,842389
2523846,71,93,8892,2008,12116.0,0.0,0.8755649999999999,2.122164,ESP,GTM,842389
2523847,99,93,8892,2008,2170.0,34127.0,-0.5907,-0.351317,HND,GTM,842389
2523848,114,93,8892,2008,106908.0,0.0,2.285056,0.036255,JPN,GTM,842389
2523849,121,93,8892,2008,4537.0,0.0,1.491687,0.814692,KOR,GTM,842389
2523850,138,93,8892,2008,16991.0,0.0,0.9833639999999999,0.7687069999999999,MEX,GTM,842389
2523851,160,93,8892,2008,0.0,18350.0,-0.869193,-0.676623,NIC,GTM,842389
2523852,163,93,8892,2008,390.0,0.0,0.911428,-0.019318000000000002,NOR,GTM,842389
2523853,169,93,8892,2008,0.0,3063.0,0.470854,0.960075,PAN,GTM,842389
2523854,197,93,8892,2008,11675.0,27429.0,-0.028986,0.369501,SLV,GTM,842389
2523855,231,93,8892,2008,261509.0,0.0,1.584278,-0.209788,USA,GTM,842389
2523856,249,93,8892,2008,16570.0,0.0,1.611693,0.93875,TWN,GTM,842389
2523857,39,96,8892,2008,1474.0,0.0,0.684659,1.085312,CAN,GUY,842389
2523858,42,96,8892,2008,612.0,0.0,-0.293985,-0.349554,CHL,GUY,842389
2523859,43,96,8892,2008,1277.0,0.0,0.929285,1.8917259999999998,CHN,GUY,842389
2523860,64,96,8892,2008,17004.0,0.0,1.165294,1.1112440000000001,DNK,GUY,842389
2523861,81,96,8892,2008,4165.0,0.0,1.7586119999999998,0.061214,GBR,GUY,842389
2523862,169,96,8892,2008,6143.0,0.0,0.470854,0.960075,PAN,GUY,842389
2523863,222,96,8892,2008,2203.0,0.0,-0.44752600000000003,-1.060906,TTO,GUY,842389
2523864,231,96,8892,2008,25644.0,7971.0,1.584278,-0.209788,USA,GUY,842389
2523865,14,97,8892,2008,14448.0,0.0,-0.171801,-0.012588,AUS,HKG,842389
2523866,32,97,8892,2008,0.0,18032.0,0.444687,0.904332,BRA,HKG,842389
2523867,39,97,8892,2008,8627.0,0.0,0.684659,1.085312,CAN,HKG,842389
2523868,41,97,8892,2008,0.0,1137.0,1.978404,0.368694,CHE,HKG,842389
2523869,43,97,8892,2008,270700.0,0.0,0.929285,1.8917259999999998,CHN,HKG,842389
2523870,61,97,8892,2008,46337.0,3931.0,2.007167,-3.256961,DEU,HKG,842389
2523871,65,97,8892,2008,0.0,18466.0,-0.167958,0.241283,DOM,HKG,842389
2523872,71,97,8892,2008,0.0,3151.0,0.8755649999999999,2.122164,ESP,HKG,842389
2523873,77,97,8892,2008,0.0,1414.0,1.487702,-0.223965,FRA,HKG,842389
2523874,81,97,8892,2008,6282.0,17038.0,1.7586119999999998,0.061214,GBR,HKG,842389
2523875,102,97,8892,2008,923.0,0.0,1.3358299999999999,0.8177770000000001,HUN,HKG,842389
2523876,103,97,8892,2008,0.0,5748.0,-0.11154000000000001,1.4879850000000001,IDN,HKG,842389
2523877,104,97,8892,2008,0.0,6423.0,0.26694,2.926023,IND,HKG,842389
2523878,106,97,8892,2008,0.0,2479.0,1.693858,0.221425,IRL,HKG,842389
2523879,110,97,8892,2008,136760.0,0.0,1.169192,0.797136,ISR,HKG,842389
2523880,111,97,8892,2008,2763.0,9573.0,1.308777,0.361523,ITA,HKG,842389
2523881,112,97,8892,2008,0.0,2898.0,-0.412969,-0.9444030000000001,JAM,HKG,842389
2523882,114,97,8892,2008,70500.0,0.0,2.285056,0.036255,JPN,HKG,842389
2523883,116,97,8892,2008,0.0,24669.0,-0.284528,0.9378610000000001,KEN,HKG,842389
2523884,121,97,8892,2008,3352.0,12061.0,1.491687,0.814692,KOR,HKG,842389
2523885,128,97,8892,2008,0.0,4914.0,-0.48245200000000005,0.295892,LKA,HKG,842389
2523886,133,97,8892,2008,1102.0,0.0,0.352633,0.219317,MAC,HKG,842389
2523887,153,97,8892,2008,0.0,25956.0,0.793395,0.6141939999999999,MYS,HKG,842389
2523888,162,97,8892,2008,0.0,8800.0,1.139475,1.385316,NLD,HKG,842389
2523889,163,97,8892,2008,130074.0,0.0,0.911428,-0.019318000000000002,NOR,HKG,842389
2523890,166,97,8892,2008,1140.0,0.0,0.513416,0.753058,NZL,HKG,842389
2523891,168,97,8892,2008,0.0,2260.0,-0.401588,0.500668,PAK,HKG,842389
2523892,169,97,8892,2008,0.0,48973.0,0.470854,0.960075,PAN,HKG,842389
2523893,174,97,8892,2008,0.0,4546.0,0.276488,-0.02957,PHL,HKG,842389
2523894,192,97,8892,2008,5263.0,7073.0,1.844543,0.5947020000000001,SGP,HKG,842389
2523895,231,97,8892,2008,44757.0,8540.0,1.584278,-0.209788,USA,HKG,842389
2523896,239,97,8892,2008,0.0,15262.0,-0.207083,1.1323370000000001,VNM,HKG,842389
2523897,15,102,8892,2008,141806.0,0.0,1.634816,-0.078419,AUT,HUN,842389
2523898,41,102,8892,2008,17818.0,0.0,1.978404,0.368694,CHE,HUN,842389
2523899,43,102,8892,2008,18087.0,0.0,0.929285,1.8917259999999998,CHN,HUN,842389
2523900,59,102,8892,2008,5904.0,1957.0,1.592035,0.27983600000000003,CZE,HUN,842389
2523901,61,102,8892,2008,340811.0,1951.0,2.007167,-3.256961,DEU,HUN,842389
2523902,74,102,8892,2008,74582.0,0.0,1.767859,0.846409,FIN,HUN,842389
2523903,77,102,8892,2008,61945.0,0.0,1.487702,-0.223965,FRA,HUN,842389
2523904,81,102,8892,2008,1078.0,14167.0,1.7586119999999998,0.061214,GBR,HUN,842389
2523905,97,102,8892,2008,0.0,923.0,0.74435,2.149616,HKG,HUN,842389
2523906,100,102,8892,2008,0.0,984.0,0.874459,1.075102,HRV,HUN,842389
2523907,110,102,8892,2008,1250.0,0.0,1.169192,0.797136,ISR,HUN,842389
2523908,111,102,8892,2008,25261.0,0.0,1.308777,0.361523,ITA,HUN,842389
2523909,121,102,8892,2008,1799.0,0.0,1.491687,0.814692,KOR,HUN,842389
2523910,162,102,8892,2008,7338.0,0.0,1.139475,1.385316,NLD,HUN,842389
2523911,166,102,8892,2008,79372.0,0.0,0.513416,0.753058,NZL,HUN,842389
2523912,185,102,8892,2008,7028.0,17011.0,0.784924,1.235527,ROU,HUN,842389
2523913,186,102,8892,2008,0.0,545594.0,0.559059,-0.00886,RUS,HUN,842389
2523914,206,102,8892,2008,12929.0,27927.0,1.3402040000000002,0.8038770000000001,SVK,HUN,842389
2523915,207,102,8892,2008,0.0,12113.0,1.5099209999999998,0.683663,SVN,HUN,842389
2523916,231,102,8892,2008,24826.0,0.0,1.584278,-0.209788,USA,HUN,842389
2523917,7,103,8892,2008,0.0,18271.0,-0.276433,-0.692392,ARE,IDN,842389
2523918,14,103,8892,2008,130123.0,0.0,-0.171801,-0.012588,AUS,IDN,842389
2523919,15,103,8892,2008,0.0,562.0,1.634816,-0.078419,AUT,IDN,842389
2523920,18,103,8892,2008,753.0,0.0,1.297416,0.9716549999999999,BEL,IDN,842389
2523921,39,103,8892,2008,10962.0,0.0,0.684659,1.085312,CAN,IDN,842389
2523922,41,103,8892,2008,38991.0,0.0,1.978404,0.368694,CHE,IDN,842389
2523923,43,103,8892,2008,900350.0,0.0,0.929285,1.8917259999999998,CHN,IDN,842389
2523924,61,103,8892,2008,37917.0,0.0,2.007167,-3.256961,DEU,IDN,842389
2523925,64,103,8892,2008,0.0,161149.0,1.165294,1.1112440000000001,DNK,IDN,842389
2523926,81,103,8892,2008,48753.0,1140.0,1.7586119999999998,0.061214,GBR,IDN,842389
2523927,97,103,8892,2008,5748.0,0.0,0.74435,2.149616,HKG,IDN,842389
2523928,104,103,8892,2008,11938.0,0.0,0.26694,2.926023,IND,IDN,842389
2523929,111,103,8892,2008,82420.0,0.0,1.308777,0.361523,ITA,IDN,842389
2523930,114,103,8892,2008,183541.0,6075.0,2.285056,0.036255,JPN,IDN,842389
2523931,121,103,8892,2008,3453.0,1103.0,1.491687,0.814692,KOR,IDN,842389
2523932,153,103,8892,2008,21195.0,0.0,0.793395,0.6141939999999999,MYS,IDN,842389
2523933,166,103,8892,2008,1630.0,0.0,0.513416,0.753058,NZL,IDN,842389
2523934,174,103,8892,2008,0.0,24676.0,0.276488,-0.02957,PHL,IDN,842389
2523935,182,103,8892,2008,0.0,5499.0,-0.255879,-0.714841,PYF,IDN,842389
2523936,192,103,8892,2008,313648.0,1518361.0,1.844543,0.5947020000000001,SGP,IDN,842389
2523937,216,103,8892,2008,358827.0,0.0,0.7531399999999999,1.4420620000000002,THA,IDN,842389
2523938,231,103,8892,2008,813350.0,0.0,1.584278,-0.209788,USA,IDN,842389
2523939,249,103,8892,2008,49337.0,0.0,1.611693,0.93875,TWN,IDN,842389
2523940,1,104,8892,2008,0.0,203733.0,-0.23668000000000003,-0.344418,AFG,IND,842389
2523941,7,104,8892,2008,0.0,105498.0,-0.276433,-0.692392,ARE,IND,842389
2523942,14,104,8892,2008,33874.0,0.0,-0.171801,-0.012588,AUS,IND,842389
2523943,22,104,8892,2008,0.0,19212.0,-0.852774,-0.766779,BGD,IND,842389
2523944,24,104,8892,2008,0.0,2948.0,0.335334,-0.81372,BHR,IND,842389
2523945,32,104,8892,2008,3597.0,0.0,0.444687,0.904332,BRA,IND,842389
2523946,35,104,8892,2008,0.0,437.0,-0.465287,-0.84941,BTN,IND,842389
2523947,39,104,8892,2008,3275.0,3135.0,0.684659,1.085312,CAN,IND,842389
2523948,41,104,8892,2008,27496.0,123808.0,1.978404,0.368694,CHE,IND,842389
2523949,43,104,8892,2008,337805.0,65885.0,0.929285,1.8917259999999998,CHN,IND,842389
2523950,44,104,8892,2008,0.0,1304.0,-0.9806040000000001,-0.730792,CIV,IND,842389
2523951,45,104,8892,2008,0.0,18467.0,-1.143808,-1.0725,CMR,IND,842389
2523952,47,104,8892,2008,0.0,63496.0,-2.2772799999999997,-1.216089,COG,IND,842389
2523953,52,104,8892,2008,0.0,761.0,0.023962,-0.346029,CRI,IND,842389
2523954,61,104,8892,2008,405263.0,5361.0,2.007167,-3.256961,DEU,IND,842389
2523955,62,104,8892,2008,0.0,45503.0,-1.082951,-0.958676,DJI,IND,842389
2523956,66,104,8892,2008,0.0,1915.0,-0.556434,-1.079109,DZA,IND,842389
2523957,68,104,8892,2008,0.0,10662.0,-0.098316,1.134642,EGY,IND,842389
2523958,71,104,8892,2008,19400.0,962.0,0.8755649999999999,2.122164,ESP,IND,842389
2523959,73,104,8892,2008,0.0,33774.0,-1.0084629999999999,-0.83993,ETH,IND,842389
2523960,74,104,8892,2008,141685.0,0.0,1.767859,0.846409,FIN,IND,842389
2523961,77,104,8892,2008,21364.0,2259.0,1.487702,-0.223965,FRA,IND,842389
2523962,81,104,8892,2008,859730.0,43470.0,1.7586119999999998,0.061214,GBR,IND,842389
2523963,83,104,8892,2008,0.0,60143.0,-0.9339360000000001,-0.701724,GHA,IND,842389
2523964,85,104,8892,2008,0.0,5352.0,-1.530997,-1.171231,GIN,IND,842389
2523965,97,104,8892,2008,6423.0,0.0,0.74435,2.149616,HKG,IND,842389
2523966,103,104,8892,2008,0.0,11938.0,-0.11154000000000001,1.4879850000000001,IDN,IND,842389
2523967,106,104,8892,2008,0.0,1409.0,1.693858,0.221425,IRL,IND,842389
2523968,108,104,8892,2008,0.0,16346.0,-1.6604189999999999,-0.886959,IRQ,IND,842389
2523969,110,104,8892,2008,11037.0,0.0,1.169192,0.797136,ISR,IND,842389
2523970,111,104,8892,2008,493174.0,0.0,1.308777,0.361523,ITA,IND,842389
2523971,113,104,8892,2008,0.0,50928.0,0.255463,0.45844799999999997,JOR,IND,842389
2523972,114,104,8892,2008,305884.0,0.0,2.285056,0.036255,JPN,IND,842389
2523973,116,104,8892,2008,0.0,29704.0,-0.284528,0.9378610000000001,KEN,IND,842389
2523974,121,104,8892,2008,34795.0,0.0,1.491687,0.814692,KOR,IND,842389
2523975,128,104,8892,2008,0.0,67596.0,-0.48245200000000005,0.295892,LKA,IND,842389
2523976,136,104,8892,2008,0.0,2688.0,-0.9618190000000001,-0.348841,MDG,IND,842389
2523977,138,104,8892,2008,0.0,921.0,0.9833639999999999,0.7687069999999999,MEX,IND,842389
2523978,142,104,8892,2008,0.0,5574.0,1.015716,-0.065673,MLT,IND,842389
2523979,143,104,8892,2008,0.0,5339.0,-1.501556,-1.1134110000000002,MMR,IND,842389
2523980,147,104,8892,2008,0.0,1859.0,-0.982727,-0.8361219999999999,MOZ,IND,842389
2523981,152,104,8892,2008,0.0,15218.0,-1.387548,-1.184696,MWI,IND,842389
2523982,153,104,8892,2008,66573.0,13528.0,0.793395,0.6141939999999999,MYS,IND,842389
2523983,159,104,8892,2008,0.0,196744.0,-1.9809139999999998,-1.189201,NGA,IND,842389
2523984,162,104,8892,2008,285786.0,0.0,1.139475,1.385316,NLD,IND,842389
2523985,163,104,8892,2008,25012.0,0.0,0.911428,-0.019318000000000002,NOR,IND,842389
2523986,164,104,8892,2008,0.0,86134.0,-0.130718,0.59102,NPL,IND,842389
2523987,166,104,8892,2008,5607.0,0.0,0.513416,0.753058,NZL,IND,842389
2523988,167,104,8892,2008,0.0,20320.0,-0.635199,-1.027136,OMN,IND,842389
2523989,168,104,8892,2008,0.0,6886.0,-0.401588,0.500668,PAK,IND,842389
2523990,169,104,8892,2008,0.0,4776.0,0.470854,0.960075,PAN,IND,842389
2523991,183,104,8892,2008,0.0,3645.0,-0.36390900000000004,-1.0045549999999999,QAT,IND,842389
2523992,187,104,8892,2008,0.0,1739.0,-0.770307,-0.650779,RWA,IND,842389
2523993,188,104,8892,2008,22901.0,115392.0,-0.09849400000000001,-0.8998309999999999,SAU,IND,842389
2523994,190,104,8892,2008,0.0,87432.0,-2.095439,-1.263511,SDN,IND,842389
2523995,191,104,8892,2008,0.0,11869.0,-0.478024,-0.313199,SEN,IND,842389
2523996,192,104,8892,2008,68090.0,108714.0,1.844543,0.5947020000000001,SGP,IND,842389
2523997,206,104,8892,2008,0.0,3566.0,1.3402040000000002,0.8038770000000001,SVK,IND,842389
2523998,208,104,8892,2008,14292.0,0.0,1.866575,0.44342700000000007,SWE,IND,842389
2523999,215,104,8892,2008,0.0,21023.0,-0.5025689999999999,-0.747621,TGO,IND,842389
2524000,216,104,8892,2008,68722.0,0.0,0.7531399999999999,1.4420620000000002,THA,IND,842389
2524001,226,104,8892,2008,0.0,28057.0,-0.755692,0.8751690000000001,TZA,IND,842389
2524002,227,104,8892,2008,0.0,6543.0,-0.653885,-0.035455,UGA,IND,842389
2524003,231,104,8892,2008,58554.0,22919.0,1.584278,-0.209788,USA,IND,842389
2524004,243,104,8892,2008,0.0,9555.0,-1.227495,-1.191462,YEM,IND,842389
2524005,246,104,8892,2008,0.0,11423.0,0.22551500000000002,1.185506,ZAF,IND,842389
2524006,247,104,8892,2008,0.0,23522.0,-0.798489,-0.9437639999999999,ZMB,IND,842389
2524007,248,104,8892,2008,0.0,3513.0,-0.377992,-0.577244,ZWE,IND,842389
2524008,249,104,8892,2008,22545.0,0.0,1.611693,0.93875,TWN,IND,842389
2524009,14,106,8892,2008,0.0,1112.0,-0.171801,-0.012588,AUS,IRL,842389
2524010,15,106,8892,2008,0.0,532296.0,1.634816,-0.078419,AUT,IRL,842389
2524011,18,106,8892,2008,6571.0,0.0,1.297416,0.9716549999999999,BEL,IRL,842389
2524012,39,106,8892,2008,1594.0,0.0,0.684659,1.085312,CAN,IRL,842389
2524013,41,106,8892,2008,4103.0,0.0,1.978404,0.368694,CHE,IRL,842389
2524014,43,106,8892,2008,119469.0,0.0,0.929285,1.8917259999999998,CHN,IRL,842389
2524015,61,106,8892,2008,11916.0,0.0,2.007167,-3.256961,DEU,IRL,842389
2524016,64,106,8892,2008,3423.0,0.0,1.165294,1.1112440000000001,DNK,IRL,842389
2524017,68,106,8892,2008,0.0,21577.0,-0.098316,1.134642,EGY,IRL,842389
2524018,77,106,8892,2008,5314.0,1175.0,1.487702,-0.223965,FRA,IRL,842389
2524019,81,106,8892,2008,2197768.0,11433.0,1.7586119999999998,0.061214,GBR,IRL,842389
2524020,97,106,8892,2008,2479.0,0.0,0.74435,2.149616,HKG,IRL,842389
2524021,104,106,8892,2008,1409.0,0.0,0.26694,2.926023,IND,IRL,842389
2524022,110,106,8892,2008,846.0,0.0,1.169192,0.797136,ISR,IRL,842389
2524023,114,106,8892,2008,887.0,0.0,2.285056,0.036255,JPN,IRL,842389
2524024,121,106,8892,2008,91129.0,0.0,1.491687,0.814692,KOR,IRL,842389
2524025,134,106,8892,2008,0.0,35397.0,-0.505734,-0.000516,MAR,IRL,842389
2524026,162,106,8892,2008,18843.0,0.0,1.139475,1.385316,NLD,IRL,842389
2524027,163,106,8892,2008,1690.0,0.0,0.911428,-0.019318000000000002,NOR,IRL,842389
2524028,166,106,8892,2008,3004.0,0.0,0.513416,0.753058,NZL,IRL,842389
2524029,183,106,8892,2008,0.0,1079.0,-0.36390900000000004,-1.0045549999999999,QAT,IRL,842389
2524030,231,106,8892,2008,36395.0,39475.0,1.584278,-0.209788,USA,IRL,842389
2524031,249,106,8892,2008,1071.0,0.0,1.611693,0.93875,TWN,IRL,842389
2524032,14,110,8892,2008,0.0,181205.0,-0.171801,-0.012588,AUS,ISR,842389
2524033,18,110,8892,2008,0.0,7713.0,1.297416,0.9716549999999999,BEL,ISR,842389
2524034,39,110,8892,2008,0.0,34888.0,0.684659,1.085312,CAN,ISR,842389
2524035,41,110,8892,2008,0.0,938.0,1.978404,0.368694,CHE,ISR,842389
2524036,43,110,8892,2008,18541.0,8291.0,0.929285,1.8917259999999998,CHN,ISR,842389
2524037,58,110,8892,2008,0.0,4761.0,1.003211,0.712629,CYP,ISR,842389
2524038,61,110,8892,2008,276138.0,77710.0,2.007167,-3.256961,DEU,ISR,842389
2524039,68,110,8892,2008,0.0,12084.0,-0.098316,1.134642,EGY,ISR,842389
2524040,71,110,8892,2008,969.0,13386.0,0.8755649999999999,2.122164,ESP,ISR,842389
2524041,74,110,8892,2008,0.0,4187.0,1.767859,0.846409,FIN,ISR,842389
2524042,77,110,8892,2008,6883.0,72988.0,1.487702,-0.223965,FRA,ISR,842389
2524043,81,110,8892,2008,32340.0,19578.0,1.7586119999999998,0.061214,GBR,ISR,842389
2524044,82,110,8892,2008,0.0,13691.0,-0.355095,-0.660181,GEO,ISR,842389
2524045,90,110,8892,2008,0.0,3390.0,0.33272399999999996,1.758188,GRC,ISR,842389
2524046,97,110,8892,2008,0.0,136760.0,0.74435,2.149616,HKG,ISR,842389
2524047,102,110,8892,2008,0.0,1250.0,1.3358299999999999,0.8177770000000001,HUN,ISR,842389
2524048,104,110,8892,2008,0.0,11037.0,0.26694,2.926023,IND,ISR,842389
2524049,106,110,8892,2008,0.0,846.0,1.693858,0.221425,IRL,ISR,842389
2524050,111,110,8892,2008,484659.0,9034.0,1.308777,0.361523,ITA,ISR,842389
2524051,112,110,8892,2008,0.0,1452.0,-0.412969,-0.9444030000000001,JAM,ISR,842389
2524052,114,110,8892,2008,969.0,4535.0,2.285056,0.036255,JPN,ISR,842389
2524053,116,110,8892,2008,0.0,6640.0,-0.284528,0.9378610000000001,KEN,ISR,842389
2524054,123,110,8892,2008,0.0,7000.0,-1.09704,-0.934141,LAO,ISR,842389
2524055,134,110,8892,2008,0.0,21000.0,-0.505734,-0.000516,MAR,ISR,842389
2524056,135,110,8892,2008,0.0,4437.0,0.096913,-0.095718,MDA,ISR,842389
2524057,138,110,8892,2008,0.0,5225.0,0.9833639999999999,0.7687069999999999,MEX,ISR,842389
2524058,159,110,8892,2008,0.0,6201.0,-1.9809139999999998,-1.189201,NGA,ISR,842389
2524059,162,110,8892,2008,7126.0,3500.0,1.139475,1.385316,NLD,ISR,842389
2524060,163,110,8892,2008,0.0,749.0,0.911428,-0.019318000000000002,NOR,ISR,842389
2524061,166,110,8892,2008,0.0,28766.0,0.513416,0.753058,NZL,ISR,842389
2524062,177,110,8892,2008,16859.0,0.0,1.037287,1.244457,POL,ISR,842389
2524063,181,110,8892,2008,0.0,29721.0,0.19076300000000002,1.019001,PSE,ISR,842389
2524064,185,110,8892,2008,0.0,858.0,0.784924,1.235527,ROU,ISR,842389
2524065,186,110,8892,2008,0.0,7152.0,0.559059,-0.00886,RUS,ISR,842389
2524066,192,110,8892,2008,0.0,19942.0,1.844543,0.5947020000000001,SGP,ISR,842389
2524067,201,110,8892,2008,0.0,870.0,0.615147,1.484149,SRB,ISR,842389
2524068,208,110,8892,2008,5541.0,3309.0,1.866575,0.44342700000000007,SWE,ISR,842389
2524069,216,110,8892,2008,0.0,1789.0,0.7531399999999999,1.4420620000000002,THA,ISR,842389
2524070,224,110,8892,2008,0.0,1737.0,0.44478,2.186881,TUR,ISR,842389
2524071,226,110,8892,2008,0.0,12499.0,-0.755692,0.8751690000000001,TZA,ISR,842389
2524072,230,110,8892,2008,0.0,891.0,0.376164,0.049387,URY,ISR,842389
2524073,231,110,8892,2008,236667.0,1256837.0,1.584278,-0.209788,USA,ISR,842389
2524074,246,110,8892,2008,1558.0,332671.0,0.22551500000000002,1.185506,ZAF,ISR,842389
2524075,249,110,8892,2008,61124.0,0.0,1.611693,0.93875,TWN,ISR,842389
2524076,4,111,8892,2008,2361.0,85921.0,-0.252894,-0.0071400000000000005,ALB,ITA,842389
2524077,7,111,8892,2008,0.0,47738.0,-0.276433,-0.692392,ARE,ITA,842389
2524078,8,111,8892,2008,0.0,220240.0,0.278837,0.496784,ARG,ITA,842389
2524079,14,111,8892,2008,0.0,47682.0,-0.171801,-0.012588,AUS,ITA,842389
2524080,15,111,8892,2008,65556.0,18133.0,1.634816,-0.078419,AUT,ITA,842389
2524081,16,111,8892,2008,0.0,4860.0,-0.7143109999999999,-1.114747,AZE,ITA,842389
2524082,18,111,8892,2008,17467.0,21968.0,1.297416,0.9716549999999999,BEL,ITA,842389
2524083,23,111,8892,2008,5681.0,30769.0,0.44409,1.575399,BGR,ITA,842389
2524084,26,111,8892,2008,0.0,49732.0,0.480256,0.810361,BIH,ITA,842389
2524085,28,111,8892,2008,0.0,2118.0,0.9869,0.38977399999999995,BLR,ITA,842389
2524086,32,111,8892,2008,0.0,1167463.0,0.444687,0.904332,BRA,ITA,842389
2524087,39,111,8892,2008,0.0,127823.0,0.684659,1.085312,CAN,ITA,842389
2524088,41,111,8892,2008,2042426.0,41547.0,1.978404,0.368694,CHE,ITA,842389
2524089,42,111,8892,2008,0.0,28046.0,-0.293985,-0.349554,CHL,ITA,842389
2524090,43,111,8892,2008,785287.0,88460.0,0.929285,1.8917259999999998,CHN,ITA,842389
2524091,44,111,8892,2008,0.0,20387.0,-0.9806040000000001,-0.730792,CIV,ITA,842389
2524092,45,111,8892,2008,0.0,25228.0,-1.143808,-1.0725,CMR,ITA,842389
2524093,49,111,8892,2008,0.0,206845.0,0.19505699999999998,0.566189,COL,ITA,842389
2524094,51,111,8892,2008,0.0,1283.0,0.16722,-0.64183,CPV,ITA,842389
2524095,54,111,8892,2008,0.0,65599.0,-0.23158299999999998,-0.892943,CUB,ITA,842389
2524096,58,111,8892,2008,0.0,1757.0,1.003211,0.712629,CYP,ITA,842389
2524097,59,111,8892,2008,0.0,43600.0,1.592035,0.27983600000000003,CZE,ITA,842389
2524098,61,111,8892,2008,584140.0,520823.0,2.007167,-3.256961,DEU,ITA,842389
2524099,64,111,8892,2008,0.0,17530.0,1.165294,1.1112440000000001,DNK,ITA,842389
2524100,65,111,8892,2008,0.0,8500.0,-0.167958,0.241283,DOM,ITA,842389
2524101,66,111,8892,2008,0.0,449201.0,-0.556434,-1.079109,DZA,ITA,842389
2524102,68,111,8892,2008,7321.0,267593.0,-0.098316,1.134642,EGY,ITA,842389
2524103,71,111,8892,2008,0.0,105893.0,0.8755649999999999,2.122164,ESP,ITA,842389
2524104,72,111,8892,2008,0.0,21289.0,0.749696,1.5173940000000001,EST,ITA,842389
2524105,73,111,8892,2008,0.0,932.0,-1.0084629999999999,-0.83993,ETH,ITA,842389
2524106,74,111,8892,2008,12911.0,11315.0,1.767859,0.846409,FIN,ITA,842389
2524107,77,111,8892,2008,10638.0,251258.0,1.487702,-0.223965,FRA,ITA,842389
2524108,81,111,8892,2008,14130.0,21424.0,1.7586119999999998,0.061214,GBR,ITA,842389
2524109,82,111,8892,2008,0.0,2162.0,-0.355095,-0.660181,GEO,ITA,842389
2524110,90,111,8892,2008,8963.0,105037.0,0.33272399999999996,1.758188,GRC,ITA,842389
2524111,97,111,8892,2008,9573.0,2763.0,0.74435,2.149616,HKG,ITA,842389
2524112,100,111,8892,2008,0.0,159958.0,0.874459,1.075102,HRV,ITA,842389
2524113,102,111,8892,2008,0.0,25261.0,1.3358299999999999,0.8177770000000001,HUN,ITA,842389
2524114,103,111,8892,2008,0.0,82420.0,-0.11154000000000001,1.4879850000000001,IDN,ITA,842389
2524115,104,111,8892,2008,0.0,493174.0,0.26694,2.926023,IND,ITA,842389
2524116,107,111,8892,2008,0.0,11016.0,-0.9776469999999999,-1.054475,IRN,ITA,842389
2524117,110,111,8892,2008,9034.0,484659.0,1.169192,0.797136,ISR,ITA,842389
2524118,113,111,8892,2008,0.0,77131.0,0.255463,0.45844799999999997,JOR,ITA,842389
2524119,114,111,8892,2008,0.0,15963.0,2.285056,0.036255,JPN,ITA,842389
2524120,115,111,8892,2008,0.0,28025.0,-0.43055200000000005,-0.6852590000000001,KAZ,ITA,842389
2524121,124,111,8892,2008,0.0,69126.0,0.46133100000000005,1.4598149999999999,LBN,ITA,842389
2524122,126,111,8892,2008,0.0,178895.0,-1.156353,-1.133716,LBY,ITA,842389
2524123,130,111,8892,2008,0.0,3261.0,0.59033,0.961408,LTU,ITA,842389
2524124,132,111,8892,2008,0.0,15225.0,0.655489,1.0811540000000002,LVA,ITA,842389
2524125,134,111,8892,2008,0.0,16473.0,-0.505734,-0.000516,MAR,ITA,842389
2524126,136,111,8892,2008,2818.0,1016.0,-0.9618190000000001,-0.348841,MDG,ITA,842389
2524127,138,111,8892,2008,0.0,22290.0,0.9833639999999999,0.7687069999999999,MEX,ITA,842389
2524128,141,111,8892,2008,0.0,10938.0,-0.274267,-0.51084,MLI,ITA,842389
2524129,142,111,8892,2008,0.0,48904.0,1.015716,-0.065673,MLT,ITA,842389
2524130,144,111,8892,2008,0.0,35132.0,0.321434,-0.168212,MNE,ITA,842389
2524131,153,111,8892,2008,3153.0,2014.0,0.793395,0.6141939999999999,MYS,ITA,842389
2524132,156,111,8892,2008,0.0,10931.0,-0.21304099999999998,-0.8147300000000001,NCL,ITA,842389
2524133,159,111,8892,2008,0.0,68754.0,-1.9809139999999998,-1.189201,NGA,ITA,842389
2524134,162,111,8892,2008,35716.0,464231.0,1.139475,1.385316,NLD,ITA,842389
2524135,163,111,8892,2008,0.0,10900.0,0.911428,-0.019318000000000002,NOR,ITA,842389
2524136,166,111,8892,2008,8906.0,22321.0,0.513416,0.753058,NZL,ITA,842389
2524137,168,111,8892,2008,0.0,10928.0,-0.401588,0.500668,PAK,ITA,842389
2524138,169,111,8892,2008,0.0,1062166.0,0.470854,0.960075,PAN,ITA,842389
2524139,173,111,8892,2008,0.0,4005.0,-0.518126,0.17193599999999998,PER,ITA,842389
2524140,174,111,8892,2008,0.0,68454.0,0.276488,-0.02957,PHL,ITA,842389
2524141,177,111,8892,2008,0.0,342716.0,1.037287,1.244457,POL,ITA,842389
2524142,179,111,8892,2008,0.0,121667.0,0.64135,2.1946939999999997,PRT,ITA,842389
2524143,182,111,8892,2008,0.0,1418.0,-0.255879,-0.714841,PYF,ITA,842389
2524144,183,111,8892,2008,0.0,918734.0,-0.36390900000000004,-1.0045549999999999,QAT,ITA,842389
2524145,185,111,8892,2008,0.0,294420.0,0.784924,1.235527,ROU,ITA,842389
2524146,186,111,8892,2008,0.0,118223.0,0.559059,-0.00886,RUS,ITA,842389
2524147,188,111,8892,2008,0.0,111748.0,-0.09849400000000001,-0.8998309999999999,SAU,ITA,842389
2524148,191,111,8892,2008,0.0,2416.0,-0.478024,-0.313199,SEN,ITA,842389
2524149,201,111,8892,2008,0.0,22277.0,0.615147,1.484149,SRB,ITA,842389
2524150,206,111,8892,2008,0.0,19108.0,1.3402040000000002,0.8038770000000001,SVK,ITA,842389
2524151,207,111,8892,2008,0.0,40743.0,1.5099209999999998,0.683663,SVN,ITA,842389
2524152,208,111,8892,2008,8678.0,13433.0,1.866575,0.44342700000000007,SWE,ITA,842389
2524153,211,111,8892,2008,0.0,2496.0,0.29189699999999996,-0.47472600000000004,SYC,ITA,842389
2524154,216,111,8892,2008,2791.0,41545.0,0.7531399999999999,1.4420620000000002,THA,ITA,842389
2524155,223,111,8892,2008,0.0,31281.0,0.084141,0.676248,TUN,ITA,842389
2524156,224,111,8892,2008,0.0,18690.0,0.44478,2.186881,TUR,ITA,842389
2524157,226,111,8892,2008,0.0,3484.0,-0.755692,0.8751690000000001,TZA,ITA,842389
2524158,227,111,8892,2008,0.0,19947.0,-0.653885,-0.035455,UGA,ITA,842389
2524159,228,111,8892,2008,4696.0,305757.0,0.59355,0.764415,UKR,ITA,842389
2524160,231,111,8892,2008,87793.0,34763.0,1.584278,-0.209788,USA,ITA,842389
2524161,236,111,8892,2008,0.0,12829.0,-0.442996,-1.0439969999999998,VEN,ITA,842389
2524162,246,111,8892,2008,0.0,1997.0,0.22551500000000002,1.185506,ZAF,ITA,842389
2524163,247,111,8892,2008,0.0,887.0,-0.798489,-0.9437639999999999,ZMB,ITA,842389
2524164,250,111,8892,2008,3699.0,0.0,0.547909,-0.5303640000000001,ANS,ITA,842389
2524165,39,112,8892,2008,12769.0,0.0,0.684659,1.085312,CAN,JAM,842389
2524166,77,112,8892,2008,9452.0,0.0,1.487702,-0.223965,FRA,JAM,842389
2524167,81,112,8892,2008,2005.0,0.0,1.7586119999999998,0.061214,GBR,JAM,842389
2524168,97,112,8892,2008,2898.0,0.0,0.74435,2.149616,HKG,JAM,842389
2524169,110,112,8892,2008,1452.0,0.0,1.169192,0.797136,ISR,JAM,842389
2524170,163,112,8892,2008,5265.0,0.0,0.911428,-0.019318000000000002,NOR,JAM,842389
2524171,169,112,8892,2008,39969.0,0.0,0.470854,0.960075,PAN,JAM,842389
2524172,192,112,8892,2008,3095.0,0.0,1.844543,0.5947020000000001,SGP,JAM,842389
2524173,231,112,8892,2008,107860.0,0.0,1.584278,-0.209788,USA,JAM,842389
2524174,7,114,8892,2008,0.0,12239.0,-0.276433,-0.692392,ARE,JPN,842389
2524175,9,114,8892,2008,0.0,987.0,0.360609,-0.038343,ARM,JPN,842389
2524176,14,114,8892,2008,5078.0,45223.0,-0.171801,-0.012588,AUS,JPN,842389
2524177,15,114,8892,2008,0.0,2818.0,1.634816,-0.078419,AUT,JPN,842389
2524178,22,114,8892,2008,0.0,929.0,-0.852774,-0.766779,BGD,JPN,842389
2524179,26,114,8892,2008,0.0,73.0,0.480256,0.810361,BIH,JPN,842389
2524180,32,114,8892,2008,0.0,120085.0,0.444687,0.904332,BRA,JPN,842389
2524181,39,114,8892,2008,90655.0,50820.0,0.684659,1.085312,CAN,JPN,842389
2524182,41,114,8892,2008,18944.0,2182.0,1.978404,0.368694,CHE,JPN,842389
2524183,42,114,8892,2008,0.0,5328.0,-0.293985,-0.349554,CHL,JPN,842389
2524184,43,114,8892,2008,423634.0,157809.0,0.929285,1.8917259999999998,CHN,JPN,842389
2524185,47,114,8892,2008,0.0,19935.0,-2.2772799999999997,-1.216089,COG,JPN,842389
2524186,49,114,8892,2008,0.0,27280.0,0.19505699999999998,0.566189,COL,JPN,842389
2524187,51,114,8892,2008,0.0,6055.0,0.16722,-0.64183,CPV,JPN,842389
2524188,59,114,8892,2008,0.0,2584.0,1.592035,0.27983600000000003,CZE,JPN,842389
2524189,61,114,8892,2008,29377.0,14444.0,2.007167,-3.256961,DEU,JPN,842389
2524190,64,114,8892,2008,9643.0,0.0,1.165294,1.1112440000000001,DNK,JPN,842389
2524191,65,114,8892,2008,0.0,1828.0,-0.167958,0.241283,DOM,JPN,842389
2524192,66,114,8892,2008,0.0,232325.0,-0.556434,-1.079109,DZA,JPN,842389
2524193,68,114,8892,2008,0.0,60755.0,-0.098316,1.134642,EGY,JPN,842389
2524194,74,114,8892,2008,0.0,82008.0,1.767859,0.846409,FIN,JPN,842389
2524195,81,114,8892,2008,197970.0,3932171.0,1.7586119999999998,0.061214,GBR,JPN,842389
2524196,93,114,8892,2008,0.0,106908.0,-0.271973,0.720486,GTM,JPN,842389
2524197,97,114,8892,2008,0.0,70500.0,0.74435,2.149616,HKG,JPN,842389
2524198,100,114,8892,2008,0.0,1208.0,0.874459,1.075102,HRV,JPN,842389
2524199,103,114,8892,2008,6075.0,183541.0,-0.11154000000000001,1.4879850000000001,IDN,JPN,842389
2524200,104,114,8892,2008,0.0,305884.0,0.26694,2.926023,IND,JPN,842389
2524201,106,114,8892,2008,0.0,887.0,1.693858,0.221425,IRL,JPN,842389
2524202,109,114,8892,2008,4409.0,0.0,0.26969899999999997,-0.29915,ISL,JPN,842389
2524203,110,114,8892,2008,4535.0,969.0,1.169192,0.797136,ISR,JPN,842389
2524204,111,114,8892,2008,15963.0,0.0,1.308777,0.361523,ITA,JPN,842389
2524205,121,114,8892,2008,65096.0,392814.0,1.491687,0.814692,KOR,JPN,842389
2524206,122,114,8892,2008,0.0,5743.0,-1.401297,-1.142945,KWT,JPN,842389
2524207,124,114,8892,2008,0.0,2393.0,0.46133100000000005,1.4598149999999999,LBN,JPN,842389
2524208,128,114,8892,2008,0.0,20653.0,-0.48245200000000005,0.295892,LKA,JPN,842389
2524209,133,114,8892,2008,0.0,1056.0,0.352633,0.219317,MAC,JPN,842389
2524210,136,114,8892,2008,0.0,4089.0,-0.9618190000000001,-0.348841,MDG,JPN,842389
2524211,138,114,8892,2008,0.0,10304.0,0.9833639999999999,0.7687069999999999,MEX,JPN,842389
2524212,141,114,8892,2008,0.0,671.0,-0.274267,-0.51084,MLI,JPN,842389
2524213,145,114,8892,2008,0.0,35686.0,-1.13585,-1.1076190000000001,MNG,JPN,842389
2524214,151,114,8892,2008,0.0,2011.0,-0.337563,-0.144226,MUS,JPN,842389
2524215,153,114,8892,2008,0.0,79112.0,0.793395,0.6141939999999999,MYS,JPN,842389
2524216,162,114,8892,2008,67842.0,27766.0,1.139475,1.385316,NLD,JPN,842389
2524217,163,114,8892,2008,13331.0,5503.0,0.911428,-0.019318000000000002,NOR,JPN,842389
2524218,166,114,8892,2008,5021.0,0.0,0.513416,0.753058,NZL,JPN,842389
2524219,168,114,8892,2008,0.0,6977.0,-0.401588,0.500668,PAK,JPN,842389
2524220,173,114,8892,2008,0.0,2286.0,-0.518126,0.17193599999999998,PER,JPN,842389
2524221,174,114,8892,2008,8732.0,17844.0,0.276488,-0.02957,PHL,JPN,842389
2524222,177,114,8892,2008,0.0,3305.0,1.037287,1.244457,POL,JPN,842389
2524223,183,114,8892,2008,0.0,1057.0,-0.36390900000000004,-1.0045549999999999,QAT,JPN,842389
2524224,186,114,8892,2008,0.0,359388.0,0.559059,-0.00886,RUS,JPN,842389
2524225,188,114,8892,2008,0.0,29458.0,-0.09849400000000001,-0.8998309999999999,SAU,JPN,842389
2524226,192,114,8892,2008,13723.0,87678.0,1.844543,0.5947020000000001,SGP,JPN,842389
2524227,208,114,8892,2008,2334.0,0.0,1.866575,0.44342700000000007,SWE,JPN,842389
2524228,216,114,8892,2008,1518.0,130890.0,0.7531399999999999,1.4420620000000002,THA,JPN,842389
2524229,224,114,8892,2008,0.0,2753.0,0.44478,2.186881,TUR,JPN,842389
2524230,226,114,8892,2008,0.0,27126.0,-0.755692,0.8751690000000001,TZA,JPN,842389
2524231,231,114,8892,2008,478356.0,561967.0,1.584278,-0.209788,USA,JPN,842389
2524232,236,114,8892,2008,0.0,43709.0,-0.442996,-1.0439969999999998,VEN,JPN,842389
2524233,239,114,8892,2008,24984.0,60684.0,-0.207083,1.1323370000000001,VNM,JPN,842389
2524234,246,114,8892,2008,0.0,64993.0,0.22551500000000002,1.185506,ZAF,JPN,842389
2524235,249,114,8892,2008,43323.0,58507.0,1.611693,0.93875,TWN,JPN,842389
2524236,4,121,8892,2008,0.0,2825.0,-0.252894,-0.0071400000000000005,ALB,KOR,842389
2524237,7,121,8892,2008,0.0,1041.0,-0.276433,-0.692392,ARE,KOR,842389
2524238,14,121,8892,2008,3895.0,30391.0,-0.171801,-0.012588,AUS,KOR,842389
2524239,15,121,8892,2008,1696.0,0.0,1.634816,-0.078419,AUT,KOR,842389
2524240,16,121,8892,2008,0.0,5116.0,-0.7143109999999999,-1.114747,AZE,KOR,842389
2524241,23,121,8892,2008,0.0,27079.0,0.44409,1.575399,BGR,KOR,842389
2524242,39,121,8892,2008,613605.0,2062.0,0.684659,1.085312,CAN,KOR,842389
2524243,41,121,8892,2008,237448.0,4660.0,1.978404,0.368694,CHE,KOR,842389
2524244,43,121,8892,2008,310001.0,323394.0,0.929285,1.8917259999999998,CHN,KOR,842389
2524245,44,121,8892,2008,0.0,1019.0,-0.9806040000000001,-0.730792,CIV,KOR,842389
2524246,61,121,8892,2008,359879.0,2961.0,2.007167,-3.256961,DEU,KOR,842389
2524247,64,121,8892,2008,4483.0,12321.0,1.165294,1.1112440000000001,DNK,KOR,842389
2524248,65,121,8892,2008,0.0,4576.0,-0.167958,0.241283,DOM,KOR,842389
2524249,68,121,8892,2008,0.0,51833.0,-0.098316,1.134642,EGY,KOR,842389
2524250,71,121,8892,2008,0.0,6756.0,0.8755649999999999,2.122164,ESP,KOR,842389
2524251,74,121,8892,2008,0.0,29349.0,1.767859,0.846409,FIN,KOR,842389
2524252,77,121,8892,2008,2696.0,0.0,1.487702,-0.223965,FRA,KOR,842389
2524253,81,121,8892,2008,26956.0,73482.0,1.7586119999999998,0.061214,GBR,KOR,842389
2524254,82,121,8892,2008,0.0,1841.0,-0.355095,-0.660181,GEO,KOR,842389
2524255,91,121,8892,2008,0.0,2459.0,0.6186010000000001,-0.170518,GRD,KOR,842389
2524256,93,121,8892,2008,0.0,4537.0,-0.271973,0.720486,GTM,KOR,842389
2524257,95,121,8892,2008,1761.0,0.0,0.33915,-0.240079,GUM,KOR,842389
2524258,97,121,8892,2008,12061.0,3352.0,0.74435,2.149616,HKG,KOR,842389
2524259,102,121,8892,2008,0.0,1799.0,1.3358299999999999,0.8177770000000001,HUN,KOR,842389
2524260,103,121,8892,2008,1103.0,3453.0,-0.11154000000000001,1.4879850000000001,IDN,KOR,842389
2524261,104,121,8892,2008,0.0,34795.0,0.26694,2.926023,IND,KOR,842389
2524262,106,121,8892,2008,0.0,91129.0,1.693858,0.221425,IRL,KOR,842389
2524263,109,121,8892,2008,85447.0,0.0,0.26969899999999997,-0.29915,ISL,KOR,842389
2524264,113,121,8892,2008,0.0,3325.0,0.255463,0.45844799999999997,JOR,KOR,842389
2524265,114,121,8892,2008,392814.0,65096.0,2.285056,0.036255,JPN,KOR,842389
2524266,115,121,8892,2008,0.0,53649.0,-0.43055200000000005,-0.6852590000000001,KAZ,KOR,842389
2524267,117,121,8892,2008,0.0,34786.0,-0.287826,-0.11858699999999998,KGZ,KOR,842389
2524268,124,121,8892,2008,0.0,16449.0,0.46133100000000005,1.4598149999999999,LBN,KOR,842389
2524269,126,121,8892,2008,0.0,8274.0,-1.156353,-1.133716,LBY,KOR,842389
2524270,128,121,8892,2008,0.0,18735.0,-0.48245200000000005,0.295892,LKA,KOR,842389
2524271,132,121,8892,2008,0.0,20141.0,0.655489,1.0811540000000002,LVA,KOR,842389
2524272,138,121,8892,2008,0.0,175965.0,0.9833639999999999,0.7687069999999999,MEX,KOR,842389
2524273,145,121,8892,2008,0.0,172055.0,-1.13585,-1.1076190000000001,MNG,KOR,842389
2524274,147,121,8892,2008,0.0,1073.0,-0.982727,-0.8361219999999999,MOZ,KOR,842389
2524275,151,121,8892,2008,0.0,7767.0,-0.337563,-0.144226,MUS,KOR,842389
2524276,153,121,8892,2008,37341.0,6830.0,0.793395,0.6141939999999999,MYS,KOR,842389
2524277,159,121,8892,2008,0.0,2530.0,-1.9809139999999998,-1.189201,NGA,KOR,842389
2524278,162,121,8892,2008,1629.0,127283.0,1.139475,1.385316,NLD,KOR,842389
2524279,163,121,8892,2008,490844.0,38186.0,0.911428,-0.019318000000000002,NOR,KOR,842389
2524280,166,121,8892,2008,29642.0,94509.0,0.513416,0.753058,NZL,KOR,842389
2524281,168,121,8892,2008,0.0,2798.0,-0.401588,0.500668,PAK,KOR,842389
2524282,173,121,8892,2008,0.0,6285.0,-0.518126,0.17193599999999998,PER,KOR,842389
2524283,174,121,8892,2008,0.0,23407.0,0.276488,-0.02957,PHL,KOR,842389
2524284,177,121,8892,2008,1626.0,28453.0,1.037287,1.244457,POL,KOR,842389
2524285,183,121,8892,2008,0.0,67566.0,-0.36390900000000004,-1.0045549999999999,QAT,KOR,842389
2524286,185,121,8892,2008,0.0,35295.0,0.784924,1.235527,ROU,KOR,842389
2524287,186,121,8892,2008,0.0,196552.0,0.559059,-0.00886,RUS,KOR,842389
2524288,188,121,8892,2008,0.0,71021.0,-0.09849400000000001,-0.8998309999999999,SAU,KOR,842389
2524289,190,121,8892,2008,0.0,2219.0,-2.095439,-1.263511,SDN,KOR,842389
2524290,191,121,8892,2008,0.0,1621.0,-0.478024,-0.313199,SEN,KOR,842389
2524291,192,121,8892,2008,22924.0,453423.0,1.844543,0.5947020000000001,SGP,KOR,842389
2524292,206,121,8892,2008,0.0,2363.0,1.3402040000000002,0.8038770000000001,SVK,KOR,842389
2524293,208,121,8892,2008,4253.0,0.0,1.866575,0.44342700000000007,SWE,KOR,842389
2524294,216,121,8892,2008,0.0,367714.0,0.7531399999999999,1.4420620000000002,THA,KOR,842389
2524295,223,121,8892,2008,0.0,2763.0,0.084141,0.676248,TUN,KOR,842389
2524296,224,121,8892,2008,0.0,7979.0,0.44478,2.186881,TUR,KOR,842389
2524297,227,121,8892,2008,0.0,1873.0,-0.653885,-0.035455,UGA,KOR,842389
2524298,228,121,8892,2008,0.0,33472.0,0.59355,0.764415,UKR,KOR,842389
2524299,231,121,8892,2008,45379.0,159591.0,1.584278,-0.209788,USA,KOR,842389
2524300,236,121,8892,2008,0.0,18241.0,-0.442996,-1.0439969999999998,VEN,KOR,842389
2524301,239,121,8892,2008,0.0,375904.0,-0.207083,1.1323370000000001,VNM,KOR,842389
2524302,246,121,8892,2008,0.0,257482.0,0.22551500000000002,1.185506,ZAF,KOR,842389
2524303,249,121,8892,2008,2588.0,0.0,1.611693,0.93875,TWN,KOR,842389
2524304,250,121,8892,2008,0.0,22079.0,0.547909,-0.5303640000000001,ANS,KOR,842389
2524305,6,138,8892,2008,0.0,4479.0,0.31099,-0.536718,ANT,MEX,842389
2524306,8,138,8892,2008,5057.0,0.0,0.278837,0.496784,ARG,MEX,842389
2524307,14,138,8892,2008,13979.0,0.0,-0.171801,-0.012588,AUS,MEX,842389
2524308,18,138,8892,2008,36813.0,1000.0,1.297416,0.9716549999999999,BEL,MEX,842389
2524309,29,138,8892,2008,0.0,10749.0,-0.922266,-0.881167,BLZ,MEX,842389
2524310,32,138,8892,2008,4519.0,15141.0,0.444687,0.904332,BRA,MEX,842389
2524311,39,138,8892,2008,59261.0,1140.0,0.684659,1.085312,CAN,MEX,842389
2524312,41,138,8892,2008,62829.0,0.0,1.978404,0.368694,CHE,MEX,842389
2524313,43,138,8892,2008,60051.0,0.0,0.929285,1.8917259999999998,CHN,MEX,842389
2524314,52,138,8892,2008,0.0,28093.0,0.023962,-0.346029,CRI,MEX,842389
2524315,54,138,8892,2008,0.0,2256.0,-0.23158299999999998,-0.892943,CUB,MEX,842389
2524316,59,138,8892,2008,14581.0,0.0,1.592035,0.27983600000000003,CZE,MEX,842389
2524317,61,138,8892,2008,147254.0,6559.0,2.007167,-3.256961,DEU,MEX,842389
2524318,64,138,8892,2008,1084.0,0.0,1.165294,1.1112440000000001,DNK,MEX,842389
2524319,65,138,8892,2008,0.0,2527.0,-0.167958,0.241283,DOM,MEX,842389
2524320,71,138,8892,2008,589010.0,0.0,0.8755649999999999,2.122164,ESP,MEX,842389
2524321,77,138,8892,2008,11367.0,0.0,1.487702,-0.223965,FRA,MEX,842389
2524322,81,138,8892,2008,4850.0,0.0,1.7586119999999998,0.061214,GBR,MEX,842389
2524323,93,138,8892,2008,0.0,16991.0,-0.271973,0.720486,GTM,MEX,842389
2524324,99,138,8892,2008,0.0,17130.0,-0.5907,-0.351317,HND,MEX,842389
2524325,104,138,8892,2008,921.0,0.0,0.26694,2.926023,IND,MEX,842389
2524326,110,138,8892,2008,5225.0,0.0,1.169192,0.797136,ISR,MEX,842389
2524327,111,138,8892,2008,22290.0,0.0,1.308777,0.361523,ITA,MEX,842389
2524328,114,138,8892,2008,10304.0,0.0,2.285056,0.036255,JPN,MEX,842389
2524329,121,138,8892,2008,175965.0,0.0,1.491687,0.814692,KOR,MEX,842389
2524330,160,138,8892,2008,0.0,67113.0,-0.869193,-0.676623,NIC,MEX,842389
2524331,163,138,8892,2008,87574.0,0.0,0.911428,-0.019318000000000002,NOR,MEX,842389
2524332,166,138,8892,2008,3638.0,0.0,0.513416,0.753058,NZL,MEX,842389
2524333,169,138,8892,2008,0.0,118517.0,0.470854,0.960075,PAN,MEX,842389
2524334,173,138,8892,2008,0.0,4482.0,-0.518126,0.17193599999999998,PER,MEX,842389
2524335,188,138,8892,2008,0.0,83832.0,-0.09849400000000001,-0.8998309999999999,SAU,MEX,842389
2524336,192,138,8892,2008,5513.0,0.0,1.844543,0.5947020000000001,SGP,MEX,842389
2524337,197,138,8892,2008,0.0,23126.0,-0.028986,0.369501,SLV,MEX,842389
2524338,231,138,8892,2008,1936655.0,30735.0,1.584278,-0.209788,USA,MEX,842389
2524339,236,138,8892,2008,0.0,15089.0,-0.442996,-1.0439969999999998,VEN,MEX,842389
2524340,246,138,8892,2008,0.0,33288.0,0.22551500000000002,1.185506,ZAF,MEX,842389
2524341,249,138,8892,2008,1766.0,0.0,1.611693,0.93875,TWN,MEX,842389
2524342,250,138,8892,2008,1955.0,0.0,0.547909,-0.5303640000000001,ANS,MEX,842389
2524343,23,140,8892,2008,0.0,14754.0,0.44409,1.575399,BGR,MKD,842389
2524344,43,140,8892,2008,1883.0,0.0,0.929285,1.8917259999999998,CHN,MKD,842389
2524345,61,140,8892,2008,1482.0,0.0,2.007167,-3.256961,DEU,MKD,842389
2524346,74,140,8892,2008,889.0,0.0,1.767859,0.846409,FIN,MKD,842389
2524347,90,140,8892,2008,4881.0,0.0,0.33272399999999996,1.758188,GRC,MKD,842389
2524348,163,140,8892,2008,2340.0,0.0,0.911428,-0.019318000000000002,NOR,MKD,842389
2524349,201,140,8892,2008,14255.0,0.0,0.615147,1.484149,SRB,MKD,842389
2524350,224,140,8892,2008,31436.0,0.0,0.44478,2.186881,TUR,MKD,842389
2524351,231,140,8892,2008,4805.0,0.0,1.584278,-0.209788,USA,MKD,842389
2524352,7,153,8892,2008,0.0,8711.0,-0.276433,-0.692392,ARE,MYS,842389
2524353,14,153,8892,2008,6954.0,0.0,-0.171801,-0.012588,AUS,MYS,842389
2524354,15,153,8892,2008,17074.0,0.0,1.634816,-0.078419,AUT,MYS,842389
2524355,18,153,8892,2008,0.0,49573.0,1.297416,0.9716549999999999,BEL,MYS,842389
2524356,32,153,8892,2008,0.0,71192.0,0.444687,0.904332,BRA,MYS,842389
2524357,39,153,8892,2008,4011.0,0.0,0.684659,1.085312,CAN,MYS,842389
2524358,41,153,8892,2008,281839.0,64942.0,1.978404,0.368694,CHE,MYS,842389
2524359,43,153,8892,2008,789025.0,0.0,0.929285,1.8917259999999998,CHN,MYS,842389
2524360,44,153,8892,2008,0.0,3028.0,-0.9806040000000001,-0.730792,CIV,MYS,842389
2524361,61,153,8892,2008,160825.0,51989.0,2.007167,-3.256961,DEU,MYS,842389
2524362,65,153,8892,2008,0.0,814.0,-0.167958,0.241283,DOM,MYS,842389
2524363,81,153,8892,2008,8252.0,58711.0,1.7586119999999998,0.061214,GBR,MYS,842389
2524364,97,153,8892,2008,25956.0,0.0,0.74435,2.149616,HKG,MYS,842389
2524365,103,153,8892,2008,0.0,21195.0,-0.11154000000000001,1.4879850000000001,IDN,MYS,842389
2524366,104,153,8892,2008,13528.0,66573.0,0.26694,2.926023,IND,MYS,842389
2524367,111,153,8892,2008,2014.0,3153.0,1.308777,0.361523,ITA,MYS,842389
2524368,114,153,8892,2008,79112.0,0.0,2.285056,0.036255,JPN,MYS,842389
2524369,121,153,8892,2008,6830.0,37341.0,1.491687,0.814692,KOR,MYS,842389
2524370,162,153,8892,2008,2049.0,1331.0,1.139475,1.385316,NLD,MYS,842389
2524371,166,153,8892,2008,3707.0,346480.0,0.513416,0.753058,NZL,MYS,842389
2524372,174,153,8892,2008,0.0,1741.0,0.276488,-0.02957,PHL,MYS,842389
2524373,176,153,8892,2008,0.0,11107.0,-1.6771330000000002,-1.18528,PNG,MYS,842389
2524374,177,153,8892,2008,17937.0,0.0,1.037287,1.244457,POL,MYS,842389
2524375,188,153,8892,2008,0.0,1581.0,-0.09849400000000001,-0.8998309999999999,SAU,MYS,842389
2524376,192,153,8892,2008,322997.0,32316.0,1.844543,0.5947020000000001,SGP,MYS,842389
2524377,216,153,8892,2008,289672.0,231934.0,0.7531399999999999,1.4420620000000002,THA,MYS,842389
2524378,231,153,8892,2008,139937.0,2692.0,1.584278,-0.209788,USA,MYS,842389
2524379,239,153,8892,2008,16322.0,0.0,-0.207083,1.1323370000000001,VNM,MYS,842389
2524380,246,153,8892,2008,0.0,11412.0,0.22551500000000002,1.185506,ZAF,MYS,842389
2524381,249,153,8892,2008,29169.0,4333.0,1.611693,0.93875,TWN,MYS,842389
2524382,250,153,8892,2008,25462.0,0.0,0.547909,-0.5303640000000001,ANS,MYS,842389
2524383,6,162,8892,2008,0.0,4889.0,0.31099,-0.536718,ANT,NLD,842389
2524384,7,162,8892,2008,0.0,27253.0,-0.276433,-0.692392,ARE,NLD,842389
2524385,14,162,8892,2008,0.0,198284.0,-0.171801,-0.012588,AUS,NLD,842389
2524386,15,162,8892,2008,86106.0,24089.0,1.634816,-0.078419,AUT,NLD,842389
2524387,18,162,8892,2008,61734.0,631823.0,1.297416,0.9716549999999999,BEL,NLD,842389
2524388,23,162,8892,2008,0.0,4380.0,0.44409,1.575399,BGR,NLD,842389
2524389,26,162,8892,2008,0.0,989.0,0.480256,0.810361,BIH,NLD,842389
2524390,28,162,8892,2008,0.0,8441.0,0.9869,0.38977399999999995,BLR,NLD,842389
2524391,32,162,8892,2008,4357.0,35711.0,0.444687,0.904332,BRA,NLD,842389
2524392,33,162,8892,2008,0.0,4500.0,0.761035,0.615472,BRB,NLD,842389
2524393,39,162,8892,2008,4314.0,16052.0,0.684659,1.085312,CAN,NLD,842389
2524394,41,162,8892,2008,80014.0,10489.0,1.978404,0.368694,CHE,NLD,842389
2524395,43,162,8892,2008,235853.0,21577.0,0.929285,1.8917259999999998,CHN,NLD,842389
2524396,45,162,8892,2008,0.0,25707.0,-1.143808,-1.0725,CMR,NLD,842389
2524397,46,162,8892,2008,0.0,13262.0,-1.513117,-1.141895,COD,NLD,842389
2524398,54,162,8892,2008,0.0,1474.0,-0.23158299999999998,-0.892943,CUB,NLD,842389
2524399,59,162,8892,2008,0.0,46927.0,1.592035,0.27983600000000003,CZE,NLD,842389
2524400,61,162,8892,2008,238321.0,337139.0,2.007167,-3.256961,DEU,NLD,842389
2524401,64,162,8892,2008,1405.0,17708.0,1.165294,1.1112440000000001,DNK,NLD,842389
2524402,68,162,8892,2008,0.0,91516.0,-0.098316,1.134642,EGY,NLD,842389
2524403,71,162,8892,2008,11631.0,31515.0,0.8755649999999999,2.122164,ESP,NLD,842389
2524404,72,162,8892,2008,0.0,5867.0,0.749696,1.5173940000000001,EST,NLD,842389
2524405,74,162,8892,2008,27845.0,71578.0,1.767859,0.846409,FIN,NLD,842389
2524406,77,162,8892,2008,34715.0,178085.0,1.487702,-0.223965,FRA,NLD,842389
2524407,81,162,8892,2008,84078.0,149605.0,1.7586119999999998,0.061214,GBR,NLD,842389
2524408,87,162,8892,2008,0.0,46038.0,-0.39378,-0.509879,GMB,NLD,842389
2524409,90,162,8892,2008,20119.0,0.0,0.33272399999999996,1.758188,GRC,NLD,842389
2524410,97,162,8892,2008,8800.0,0.0,0.74435,2.149616,HKG,NLD,842389
2524411,100,162,8892,2008,0.0,14935.0,0.874459,1.075102,HRV,NLD,842389
2524412,102,162,8892,2008,0.0,7338.0,1.3358299999999999,0.8177770000000001,HUN,NLD,842389
2524413,104,162,8892,2008,0.0,285786.0,0.26694,2.926023,IND,NLD,842389
2524414,106,162,8892,2008,0.0,18843.0,1.693858,0.221425,IRL,NLD,842389
2524415,109,162,8892,2008,520959.0,0.0,0.26969899999999997,-0.29915,ISL,NLD,842389
2524416,110,162,8892,2008,3500.0,7126.0,1.169192,0.797136,ISR,NLD,842389
2524417,111,162,8892,2008,464231.0,35716.0,1.308777,0.361523,ITA,NLD,842389
2524418,113,162,8892,2008,0.0,10265.0,0.255463,0.45844799999999997,JOR,NLD,842389
2524419,114,162,8892,2008,27766.0,67842.0,2.285056,0.036255,JPN,NLD,842389
2524420,115,162,8892,2008,0.0,140134.0,-0.43055200000000005,-0.6852590000000001,KAZ,NLD,842389
2524421,116,162,8892,2008,0.0,33328.0,-0.284528,0.9378610000000001,KEN,NLD,842389
2524422,121,162,8892,2008,127283.0,1629.0,1.491687,0.814692,KOR,NLD,842389
2524423,122,162,8892,2008,0.0,38420.0,-1.401297,-1.142945,KWT,NLD,842389
2524424,130,162,8892,2008,0.0,2387.0,0.59033,0.961408,LTU,NLD,842389
2524425,131,162,8892,2008,0.0,2650.0,1.39945,1.003857,LUX,NLD,842389
2524426,134,162,8892,2008,0.0,1338.0,-0.505734,-0.000516,MAR,NLD,842389
2524427,142,162,8892,2008,0.0,2865.0,1.015716,-0.065673,MLT,NLD,842389
2524428,147,162,8892,2008,0.0,24721.0,-0.982727,-0.8361219999999999,MOZ,NLD,842389
2524429,151,162,8892,2008,0.0,3826.0,-0.337563,-0.144226,MUS,NLD,842389
2524430,153,162,8892,2008,1331.0,2049.0,0.793395,0.6141939999999999,MYS,NLD,842389
2524431,163,162,8892,2008,37102.0,75094.0,0.911428,-0.019318000000000002,NOR,NLD,842389
2524432,166,162,8892,2008,82301.0,0.0,0.513416,0.753058,NZL,NLD,842389
2524433,167,162,8892,2008,0.0,6513.0,-0.635199,-1.027136,OMN,NLD,842389
2524434,168,162,8892,2008,0.0,3769.0,-0.401588,0.500668,PAK,NLD,842389
2524435,173,162,8892,2008,0.0,51129.0,-0.518126,0.17193599999999998,PER,NLD,842389
2524436,174,162,8892,2008,1305.0,0.0,0.276488,-0.02957,PHL,NLD,842389
2524437,177,162,8892,2008,0.0,10273.0,1.037287,1.244457,POL,NLD,842389
2524438,179,162,8892,2008,0.0,35490.0,0.64135,2.1946939999999997,PRT,NLD,842389
2524439,185,162,8892,2008,0.0,22113.0,0.784924,1.235527,ROU,NLD,842389
2524440,186,162,8892,2008,0.0,5553.0,0.559059,-0.00886,RUS,NLD,842389
2524441,188,162,8892,2008,0.0,33800.0,-0.09849400000000001,-0.8998309999999999,SAU,NLD,842389
2524442,192,162,8892,2008,2319.0,0.0,1.844543,0.5947020000000001,SGP,NLD,842389
2524443,201,162,8892,2008,0.0,1419.0,0.615147,1.484149,SRB,NLD,842389
2524444,205,162,8892,2008,0.0,62538.0,-0.766178,-0.8888,SUR,NLD,842389
2524445,206,162,8892,2008,0.0,2980.0,1.3402040000000002,0.8038770000000001,SVK,NLD,842389
2524446,207,162,8892,2008,0.0,3845.0,1.5099209999999998,0.683663,SVN,NLD,842389
2524447,208,162,8892,2008,38109.0,66116.0,1.866575,0.44342700000000007,SWE,NLD,842389
2524448,215,162,8892,2008,0.0,4369.0,-0.5025689999999999,-0.747621,TGO,NLD,842389
2524449,216,162,8892,2008,0.0,1610.0,0.7531399999999999,1.4420620000000002,THA,NLD,842389
2524450,226,162,8892,2008,0.0,1036.0,-0.755692,0.8751690000000001,TZA,NLD,842389
2524451,227,162,8892,2008,0.0,12742.0,-0.653885,-0.035455,UGA,NLD,842389
2524452,228,162,8892,2008,0.0,45915.0,0.59355,0.764415,UKR,NLD,842389
2524453,231,162,8892,2008,169869.0,79190.0,1.584278,-0.209788,USA,NLD,842389
2524454,239,162,8892,2008,0.0,3101.0,-0.207083,1.1323370000000001,VNM,NLD,842389
2524455,246,162,8892,2008,7537.0,32647.0,0.22551500000000002,1.185506,ZAF,NLD,842389
2524456,249,162,8892,2008,12752.0,1256.0,1.611693,0.93875,TWN,NLD,842389
2524457,1,163,8892,2008,0.0,3547.0,-0.23668000000000003,-0.344418,AFG,NOR,842389
2524458,7,163,8892,2008,0.0,13734.0,-0.276433,-0.692392,ARE,NOR,842389
2524459,14,163,8892,2008,0.0,8846.0,-0.171801,-0.012588,AUS,NOR,842389
2524460,15,163,8892,2008,9816.0,0.0,1.634816,-0.078419,AUT,NOR,842389
2524461,18,163,8892,2008,22510.0,1252.0,1.297416,0.9716549999999999,BEL,NOR,842389
2524462,32,163,8892,2008,0.0,24427.0,0.444687,0.904332,BRA,NOR,842389
2524463,39,163,8892,2008,0.0,7807.0,0.684659,1.085312,CAN,NOR,842389
2524464,41,163,8892,2008,31730.0,0.0,1.978404,0.368694,CHE,NOR,842389
2524465,43,163,8892,2008,4827.0,28864.0,0.929285,1.8917259999999998,CHN,NOR,842389
2524466,59,163,8892,2008,98824.0,0.0,1.592035,0.27983600000000003,CZE,NOR,842389
2524467,61,163,8892,2008,394540.0,9743.0,2.007167,-3.256961,DEU,NOR,842389
2524468,64,163,8892,2008,774422.0,23008.0,1.165294,1.1112440000000001,DNK,NOR,842389
2524469,71,163,8892,2008,5854.0,1308.0,0.8755649999999999,2.122164,ESP,NOR,842389
2524470,74,163,8892,2008,187642.0,9447.0,1.767859,0.846409,FIN,NOR,842389
2524471,77,163,8892,2008,8441.0,0.0,1.487702,-0.223965,FRA,NOR,842389
2524472,81,163,8892,2008,415729.0,32740.0,1.7586119999999998,0.061214,GBR,NOR,842389
2524473,83,163,8892,2008,0.0,3054.0,-0.9339360000000001,-0.701724,GHA,NOR,842389
2524474,90,163,8892,2008,1722.0,1914.0,0.33272399999999996,1.758188,GRC,NOR,842389
2524475,93,163,8892,2008,0.0,390.0,-0.271973,0.720486,GTM,NOR,842389
2524476,97,163,8892,2008,0.0,130074.0,0.74435,2.149616,HKG,NOR,842389
2524477,104,163,8892,2008,0.0,25012.0,0.26694,2.926023,IND,NOR,842389
2524478,106,163,8892,2008,0.0,1690.0,1.693858,0.221425,IRL,NOR,842389
2524479,109,163,8892,2008,0.0,2184.0,0.26969899999999997,-0.29915,ISL,NOR,842389
2524480,110,163,8892,2008,749.0,0.0,1.169192,0.797136,ISR,NOR,842389
2524481,111,163,8892,2008,10900.0,0.0,1.308777,0.361523,ITA,NOR,842389
2524482,112,163,8892,2008,0.0,5265.0,-0.412969,-0.9444030000000001,JAM,NOR,842389
2524483,114,163,8892,2008,5503.0,13331.0,2.285056,0.036255,JPN,NOR,842389
2524484,121,163,8892,2008,38186.0,490844.0,1.491687,0.814692,KOR,NOR,842389
2524485,131,163,8892,2008,6955.0,0.0,1.39945,1.003857,LUX,NOR,842389
2524486,132,163,8892,2008,0.0,988.0,0.655489,1.0811540000000002,LVA,NOR,842389
2524487,138,163,8892,2008,0.0,87574.0,0.9833639999999999,0.7687069999999999,MEX,NOR,842389
2524488,140,163,8892,2008,0.0,2340.0,-0.090639,-0.137401,MKD,NOR,842389
2524489,151,163,8892,2008,0.0,12962.0,-0.337563,-0.144226,MUS,NOR,842389
2524490,162,163,8892,2008,75094.0,37102.0,1.139475,1.385316,NLD,NOR,842389
2524491,168,163,8892,2008,0.0,5050.0,-0.401588,0.500668,PAK,NOR,842389
2524492,177,163,8892,2008,11935.0,14527.0,1.037287,1.244457,POL,NOR,842389
2524493,179,163,8892,2008,0.0,68911.0,0.64135,2.1946939999999997,PRT,NOR,842389
2524494,192,163,8892,2008,205275.0,9500.0,1.844543,0.5947020000000001,SGP,NOR,842389
2524495,207,163,8892,2008,1066.0,6464.0,1.5099209999999998,0.683663,SVN,NOR,842389
2524496,208,163,8892,2008,166286.0,127774.0,1.866575,0.44342700000000007,SWE,NOR,842389
2524497,231,163,8892,2008,463729.0,17358.0,1.584278,-0.209788,USA,NOR,842389
2524498,246,163,8892,2008,0.0,64430.0,0.22551500000000002,1.185506,ZAF,NOR,842389
2524499,249,163,8892,2008,1819.0,0.0,1.611693,0.93875,TWN,NOR,842389
2524500,14,166,8892,2008,121682.0,919578.0,-0.171801,-0.012588,AUS,NZL,842389
2524501,32,166,8892,2008,0.0,40349.0,0.444687,0.904332,BRA,NZL,842389
2524502,39,166,8892,2008,0.0,119180.0,0.684659,1.085312,CAN,NZL,842389
2524503,41,166,8892,2008,16689.0,0.0,1.978404,0.368694,CHE,NZL,842389
2524504,42,166,8892,2008,0.0,4123.0,-0.293985,-0.349554,CHL,NZL,842389
2524505,43,166,8892,2008,68633.0,71210.0,0.929285,1.8917259999999998,CHN,NZL,842389
2524506,52,166,8892,2008,0.0,771.0,0.023962,-0.346029,CRI,NZL,842389
2524507,59,166,8892,2008,0.0,1136.0,1.592035,0.27983600000000003,CZE,NZL,842389
2524508,61,166,8892,2008,3293.0,17658.0,2.007167,-3.256961,DEU,NZL,842389
2524509,64,166,8892,2008,0.0,60446.0,1.165294,1.1112440000000001,DNK,NZL,842389
2524510,71,166,8892,2008,0.0,29705.0,0.8755649999999999,2.122164,ESP,NZL,842389
2524511,75,166,8892,2008,0.0,11775.0,-0.756592,-0.27005,FJI,NZL,842389
2524512,77,166,8892,2008,1327.0,0.0,1.487702,-0.223965,FRA,NZL,842389
2524513,81,166,8892,2008,35364.0,35713.0,1.7586119999999998,0.061214,GBR,NZL,842389
2524514,97,166,8892,2008,0.0,1140.0,0.74435,2.149616,HKG,NZL,842389
2524515,102,166,8892,2008,0.0,79372.0,1.3358299999999999,0.8177770000000001,HUN,NZL,842389
2524516,103,166,8892,2008,0.0,1630.0,-0.11154000000000001,1.4879850000000001,IDN,NZL,842389
2524517,104,166,8892,2008,0.0,5607.0,0.26694,2.926023,IND,NZL,842389
2524518,106,166,8892,2008,0.0,3004.0,1.693858,0.221425,IRL,NZL,842389
2524519,109,166,8892,2008,0.0,12020.0,0.26969899999999997,-0.29915,ISL,NZL,842389
2524520,110,166,8892,2008,28766.0,0.0,1.169192,0.797136,ISR,NZL,842389
2524521,111,166,8892,2008,22321.0,8906.0,1.308777,0.361523,ITA,NZL,842389
2524522,114,166,8892,2008,0.0,5021.0,2.285056,0.036255,JPN,NZL,842389
2524523,121,166,8892,2008,94509.0,29642.0,1.491687,0.814692,KOR,NZL,842389
2524524,122,166,8892,2008,0.0,1512.0,-1.401297,-1.142945,KWT,NZL,842389
2524525,138,166,8892,2008,0.0,3638.0,0.9833639999999999,0.7687069999999999,MEX,NZL,842389
2524526,153,166,8892,2008,346480.0,3707.0,0.793395,0.6141939999999999,MYS,NZL,842389
2524527,162,166,8892,2008,0.0,82301.0,1.139475,1.385316,NLD,NZL,842389
2524528,169,166,8892,2008,0.0,2830.0,0.470854,0.960075,PAN,NZL,842389
2524529,174,166,8892,2008,12011.0,3103.0,0.276488,-0.02957,PHL,NZL,842389
2524530,185,166,8892,2008,0.0,85348.0,0.784924,1.235527,ROU,NZL,842389
2524531,188,166,8892,2008,0.0,35035.0,-0.09849400000000001,-0.8998309999999999,SAU,NZL,842389
2524532,207,166,8892,2008,0.0,4465.0,1.5099209999999998,0.683663,SVN,NZL,842389
2524533,208,166,8892,2008,0.0,32378.0,1.866575,0.44342700000000007,SWE,NZL,842389
2524534,216,166,8892,2008,0.0,7851.0,0.7531399999999999,1.4420620000000002,THA,NZL,842389
2524535,230,166,8892,2008,0.0,108703.0,0.376164,0.049387,URY,NZL,842389
2524536,231,166,8892,2008,40169.0,3127566.0,1.584278,-0.209788,USA,NZL,842389
2524537,236,166,8892,2008,0.0,181322.0,-0.442996,-1.0439969999999998,VEN,NZL,842389
2524538,246,166,8892,2008,0.0,6358.0,0.22551500000000002,1.185506,ZAF,NZL,842389
2524539,249,166,8892,2008,8711.0,0.0,1.611693,0.93875,TWN,NZL,842389
2524540,6,169,8892,2008,0.0,1124.0,0.31099,-0.536718,ANT,PAN,842389
2524541,8,169,8892,2008,2254.0,0.0,0.278837,0.496784,ARG,PAN,842389
2524542,29,169,8892,2008,0.0,674.0,-0.922266,-0.881167,BLZ,PAN,842389
2524543,32,169,8892,2008,42919.0,7942.0,0.444687,0.904332,BRA,PAN,842389
2524544,42,169,8892,2008,33802.0,4205.0,-0.293985,-0.349554,CHL,PAN,842389
2524545,43,169,8892,2008,29411.0,0.0,0.929285,1.8917259999999998,CHN,PAN,842389
2524546,49,169,8892,2008,148651.0,11587.0,0.19505699999999998,0.566189,COL,PAN,842389
2524547,52,169,8892,2008,2082.0,9193.0,0.023962,-0.346029,CRI,PAN,842389
2524548,65,169,8892,2008,0.0,3884.0,-0.167958,0.241283,DOM,PAN,842389
2524549,93,169,8892,2008,3063.0,0.0,-0.271973,0.720486,GTM,PAN,842389
2524550,96,169,8892,2008,0.0,6143.0,-1.0439530000000001,-0.962007,GUY,PAN,842389
2524551,97,169,8892,2008,48973.0,0.0,0.74435,2.149616,HKG,PAN,842389
2524552,99,169,8892,2008,0.0,54025.0,-0.5907,-0.351317,HND,PAN,842389
2524553,104,169,8892,2008,4776.0,0.0,0.26694,2.926023,IND,PAN,842389
2524554,111,169,8892,2008,1062166.0,0.0,1.308777,0.361523,ITA,PAN,842389
2524555,112,169,8892,2008,0.0,39969.0,-0.412969,-0.9444030000000001,JAM,PAN,842389
2524556,138,169,8892,2008,118517.0,0.0,0.9833639999999999,0.7687069999999999,MEX,PAN,842389
2524557,160,169,8892,2008,0.0,8335.0,-0.869193,-0.676623,NIC,PAN,842389
2524558,166,169,8892,2008,2830.0,0.0,0.513416,0.753058,NZL,PAN,842389
2524559,180,169,8892,2008,0.0,503.0,-0.556298,-0.9503780000000001,PRY,PAN,842389
2524560,197,169,8892,2008,9103.0,1908.0,-0.028986,0.369501,SLV,PAN,842389
2524561,205,169,8892,2008,0.0,11436.0,-0.766178,-0.8888,SUR,PAN,842389
2524562,222,169,8892,2008,0.0,125133.0,-0.44752600000000003,-1.060906,TTO,PAN,842389
2524563,231,169,8892,2008,143931.0,0.0,1.584278,-0.209788,USA,PAN,842389
2524564,236,169,8892,2008,0.0,17664.0,-0.442996,-1.0439969999999998,VEN,PAN,842389
2524565,249,169,8892,2008,2344.0,0.0,1.611693,0.93875,TWN,PAN,842389
2524566,8,173,8892,2008,16463.0,0.0,0.278837,0.496784,ARG,PER,842389
2524567,32,173,8892,2008,77760.0,0.0,0.444687,0.904332,BRA,PER,842389
2524568,39,173,8892,2008,3805.0,0.0,0.684659,1.085312,CAN,PER,842389
2524569,42,173,8892,2008,8252.0,0.0,-0.293985,-0.349554,CHL,PER,842389
2524570,43,173,8892,2008,24348.0,0.0,0.929285,1.8917259999999998,CHN,PER,842389
2524571,52,173,8892,2008,984.0,0.0,0.023962,-0.346029,CRI,PER,842389
2524572,61,173,8892,2008,28389.0,0.0,2.007167,-3.256961,DEU,PER,842389
2524573,71,173,8892,2008,247461.0,0.0,0.8755649999999999,2.122164,ESP,PER,842389
2524574,81,173,8892,2008,8619.0,0.0,1.7586119999999998,0.061214,GBR,PER,842389
2524575,111,173,8892,2008,4005.0,0.0,1.308777,0.361523,ITA,PER,842389
2524576,114,173,8892,2008,2286.0,0.0,2.285056,0.036255,JPN,PER,842389
2524577,121,173,8892,2008,6285.0,0.0,1.491687,0.814692,KOR,PER,842389
2524578,138,173,8892,2008,4482.0,0.0,0.9833639999999999,0.7687069999999999,MEX,PER,842389
2524579,162,173,8892,2008,51129.0,0.0,1.139475,1.385316,NLD,PER,842389
2524580,231,173,8892,2008,62851.0,0.0,1.584278,-0.209788,USA,PER,842389
2524581,14,174,8892,2008,17330.0,0.0,-0.171801,-0.012588,AUS,PHL,842389
2524582,39,174,8892,2008,2036.0,7412.0,0.684659,1.085312,CAN,PHL,842389
2524583,41,174,8892,2008,28488.0,0.0,1.978404,0.368694,CHE,PHL,842389
2524584,43,174,8892,2008,259475.0,0.0,0.929285,1.8917259999999998,CHN,PHL,842389
2524585,61,174,8892,2008,157371.0,0.0,2.007167,-3.256961,DEU,PHL,842389
2524586,77,174,8892,2008,52907.0,0.0,1.487702,-0.223965,FRA,PHL,842389
2524587,97,174,8892,2008,4546.0,0.0,0.74435,2.149616,HKG,PHL,842389
2524588,103,174,8892,2008,24676.0,0.0,-0.11154000000000001,1.4879850000000001,IDN,PHL,842389
2524589,111,174,8892,2008,68454.0,0.0,1.308777,0.361523,ITA,PHL,842389
2524590,114,174,8892,2008,17844.0,8732.0,2.285056,0.036255,JPN,PHL,842389
2524591,121,174,8892,2008,23407.0,0.0,1.491687,0.814692,KOR,PHL,842389
2524592,153,174,8892,2008,1741.0,0.0,0.793395,0.6141939999999999,MYS,PHL,842389
2524593,162,174,8892,2008,0.0,1305.0,1.139475,1.385316,NLD,PHL,842389
2524594,166,174,8892,2008,3103.0,12011.0,0.513416,0.753058,NZL,PHL,842389
2524595,192,174,8892,2008,2421.0,24056.0,1.844543,0.5947020000000001,SGP,PHL,842389
2524596,216,174,8892,2008,1245.0,78438.0,0.7531399999999999,1.4420620000000002,THA,PHL,842389
2524597,222,174,8892,2008,0.0,1233.0,-0.44752600000000003,-1.060906,TTO,PHL,842389
2524598,231,174,8892,2008,15986.0,0.0,1.584278,-0.209788,USA,PHL,842389
2524599,246,174,8892,2008,0.0,7989.0,0.22551500000000002,1.185506,ZAF,PHL,842389
2524600,249,174,8892,2008,35150.0,0.0,1.611693,0.93875,TWN,PHL,842389
2524601,7,177,8892,2008,0.0,122137.0,-0.276433,-0.692392,ARE,POL,842389
2524602,15,177,8892,2008,47020.0,0.0,1.634816,-0.078419,AUT,POL,842389
2524603,26,177,8892,2008,0.0,4107.0,0.480256,0.810361,BIH,POL,842389
2524604,28,177,8892,2008,0.0,9474.0,0.9869,0.38977399999999995,BLR,POL,842389
2524605,39,177,8892,2008,0.0,13988.0,0.684659,1.085312,CAN,POL,842389
2524606,41,177,8892,2008,21526.0,16941.0,1.978404,0.368694,CHE,POL,842389
2524607,43,177,8892,2008,573726.0,0.0,0.929285,1.8917259999999998,CHN,POL,842389
2524608,59,177,8892,2008,101974.0,121898.0,1.592035,0.27983600000000003,CZE,POL,842389
2524609,61,177,8892,2008,510013.0,0.0,2.007167,-3.256961,DEU,POL,842389
2524610,64,177,8892,2008,125036.0,0.0,1.165294,1.1112440000000001,DNK,POL,842389
2524611,73,177,8892,2008,0.0,3803.0,-1.0084629999999999,-0.83993,ETH,POL,842389
2524612,74,177,8892,2008,685182.0,78184.0,1.767859,0.846409,FIN,POL,842389
2524613,77,177,8892,2008,227171.0,0.0,1.487702,-0.223965,FRA,POL,842389
2524614,81,177,8892,2008,18090.0,0.0,1.7586119999999998,0.061214,GBR,POL,842389
2524615,100,177,8892,2008,0.0,10746.0,0.874459,1.075102,HRV,POL,842389
2524616,109,177,8892,2008,17215.0,0.0,0.26969899999999997,-0.29915,ISL,POL,842389
2524617,110,177,8892,2008,0.0,16859.0,1.169192,0.797136,ISR,POL,842389
2524618,111,177,8892,2008,342716.0,0.0,1.308777,0.361523,ITA,POL,842389
2524619,113,177,8892,2008,0.0,5793.0,0.255463,0.45844799999999997,JOR,POL,842389
2524620,114,177,8892,2008,3305.0,0.0,2.285056,0.036255,JPN,POL,842389
2524621,115,177,8892,2008,0.0,1863.0,-0.43055200000000005,-0.6852590000000001,KAZ,POL,842389
2524622,121,177,8892,2008,28453.0,1626.0,1.491687,0.814692,KOR,POL,842389
2524623,124,177,8892,2008,0.0,5720.0,0.46133100000000005,1.4598149999999999,LBN,POL,842389
2524624,130,177,8892,2008,0.0,4155.0,0.59033,0.961408,LTU,POL,842389
2524625,134,177,8892,2008,0.0,6343.0,-0.505734,-0.000516,MAR,POL,842389
2524626,153,177,8892,2008,0.0,17937.0,0.793395,0.6141939999999999,MYS,POL,842389
2524627,162,177,8892,2008,10273.0,0.0,1.139475,1.385316,NLD,POL,842389
2524628,163,177,8892,2008,14527.0,11935.0,0.911428,-0.019318000000000002,NOR,POL,842389
2524629,168,177,8892,2008,0.0,2286.0,-0.401588,0.500668,PAK,POL,842389
2524630,179,177,8892,2008,12665.0,0.0,0.64135,2.1946939999999997,PRT,POL,842389
2524631,185,177,8892,2008,3003.0,16213.0,0.784924,1.235527,ROU,POL,842389
2524632,186,177,8892,2008,0.0,219298.0,0.559059,-0.00886,RUS,POL,842389
2524633,201,177,8892,2008,0.0,7054.0,0.615147,1.484149,SRB,POL,842389
2524634,206,177,8892,2008,0.0,1824.0,1.3402040000000002,0.8038770000000001,SVK,POL,842389
2524635,224,177,8892,2008,12730.0,0.0,0.44478,2.186881,TUR,POL,842389
2524636,228,177,8892,2008,238931.0,71733.0,0.59355,0.764415,UKR,POL,842389
2524637,231,177,8892,2008,43040.0,367771.0,1.584278,-0.209788,USA,POL,842389
2524638,250,177,8892,2008,0.0,1794.0,0.547909,-0.5303640000000001,ANS,POL,842389
2524639,2,179,8892,2008,0.0,331049.0,-2.0318669999999996,-1.149931,AGO,PRT,842389
2524640,32,179,8892,2008,11922.0,0.0,0.444687,0.904332,BRA,PRT,842389
2524641,39,179,8892,2008,2624.0,0.0,0.684659,1.085312,CAN,PRT,842389
2524642,41,179,8892,2008,1184.0,0.0,1.978404,0.368694,CHE,PRT,842389
2524643,43,179,8892,2008,1045.0,0.0,0.929285,1.8917259999999998,CHN,PRT,842389
2524644,44,179,8892,2008,0.0,12251.0,-0.9806040000000001,-0.730792,CIV,PRT,842389
2524645,51,179,8892,2008,0.0,10475.0,0.16722,-0.64183,CPV,PRT,842389
2524646,61,179,8892,2008,61940.0,24844.0,2.007167,-3.256961,DEU,PRT,842389
2524647,66,179,8892,2008,0.0,455841.0,-0.556434,-1.079109,DZA,PRT,842389
2524648,68,179,8892,2008,0.0,134982.0,-0.098316,1.134642,EGY,PRT,842389
2524649,71,179,8892,2008,29079.0,250612.0,0.8755649999999999,2.122164,ESP,PRT,842389
2524650,77,179,8892,2008,149183.0,745116.0,1.487702,-0.223965,FRA,PRT,842389
2524651,81,179,8892,2008,5231.0,0.0,1.7586119999999998,0.061214,GBR,PRT,842389
2524652,88,179,8892,2008,0.0,34900.0,-1.9234919999999998,-1.055369,GNB,PRT,842389
2524653,111,179,8892,2008,121667.0,0.0,1.308777,0.361523,ITA,PRT,842389
2524654,134,179,8892,2008,0.0,112547.0,-0.505734,-0.000516,MAR,PRT,842389
2524655,141,179,8892,2008,0.0,34412.0,-0.274267,-0.51084,MLI,PRT,842389
2524656,147,179,8892,2008,0.0,73043.0,-0.982727,-0.8361219999999999,MOZ,PRT,842389
2524657,162,179,8892,2008,35490.0,0.0,1.139475,1.385316,NLD,PRT,842389
2524658,163,179,8892,2008,68911.0,0.0,0.911428,-0.019318000000000002,NOR,PRT,842389
2524659,177,179,8892,2008,0.0,12665.0,1.037287,1.244457,POL,PRT,842389
2524660,191,179,8892,2008,0.0,30969.0,-0.478024,-0.313199,SEN,PRT,842389
2524661,203,179,8892,2008,0.0,1383.0,0.264059,-0.639443,STP,PRT,842389
2524662,223,179,8892,2008,0.0,32715.0,0.084141,0.676248,TUN,PRT,842389
2524663,231,179,8892,2008,37272.0,0.0,1.584278,-0.209788,USA,PRT,842389
2524664,246,179,8892,2008,0.0,19316.0,0.22551500000000002,1.185506,ZAF,PRT,842389
2524665,8,180,8892,2008,186909.0,0.0,0.278837,0.496784,ARG,PRY,842389
2524666,32,180,8892,2008,471195.0,0.0,0.444687,0.904332,BRA,PRY,842389
2524667,41,180,8892,2008,2477.0,0.0,1.978404,0.368694,CHE,PRY,842389
2524668,42,180,8892,2008,57424.0,0.0,-0.293985,-0.349554,CHL,PRY,842389
2524669,43,180,8892,2008,1370.0,0.0,0.929285,1.8917259999999998,CHN,PRY,842389
2524670,61,180,8892,2008,38652.0,0.0,2.007167,-3.256961,DEU,PRY,842389
2524671,71,180,8892,2008,22020.0,0.0,0.8755649999999999,2.122164,ESP,PRY,842389
2524672,169,180,8892,2008,503.0,0.0,0.470854,0.960075,PAN,PRY,842389
2524673,231,180,8892,2008,20627.0,0.0,1.584278,-0.209788,USA,PRY,842389
2524674,15,183,8892,2008,1939.0,0.0,1.634816,-0.078419,AUT,QAT,842389
2524675,39,183,8892,2008,98868.0,0.0,0.684659,1.085312,CAN,QAT,842389
2524676,43,183,8892,2008,630377.0,0.0,0.929285,1.8917259999999998,CHN,QAT,842389
2524677,61,183,8892,2008,378716.0,0.0,2.007167,-3.256961,DEU,QAT,842389
2524678,77,183,8892,2008,31048.0,0.0,1.487702,-0.223965,FRA,QAT,842389
2524679,81,183,8892,2008,7090.0,0.0,1.7586119999999998,0.061214,GBR,QAT,842389
2524680,104,183,8892,2008,3645.0,0.0,0.26694,2.926023,IND,QAT,842389
2524681,106,183,8892,2008,1079.0,0.0,1.693858,0.221425,IRL,QAT,842389
2524682,111,183,8892,2008,918734.0,0.0,1.308777,0.361523,ITA,QAT,842389
2524683,113,183,8892,2008,118260.0,0.0,0.255463,0.45844799999999997,JOR,QAT,842389
2524684,114,183,8892,2008,1057.0,0.0,2.285056,0.036255,JPN,QAT,842389
2524685,121,183,8892,2008,67566.0,0.0,1.491687,0.814692,KOR,QAT,842389
2524686,124,183,8892,2008,2623.0,0.0,0.46133100000000005,1.4598149999999999,LBN,QAT,842389
2524687,188,183,8892,2008,12919.0,0.0,-0.09849400000000001,-0.8998309999999999,SAU,QAT,842389
2524688,192,183,8892,2008,3726.0,0.0,1.844543,0.5947020000000001,SGP,QAT,842389
2524689,224,183,8892,2008,10883.0,0.0,0.44478,2.186881,TUR,QAT,842389
2524690,231,183,8892,2008,33977.0,0.0,1.584278,-0.209788,USA,QAT,842389
2524691,249,183,8892,2008,169178.0,0.0,1.611693,0.93875,TWN,QAT,842389
2524692,15,185,8892,2008,237104.0,0.0,1.634816,-0.078419,AUT,ROU,842389
2524693,18,185,8892,2008,1905.0,0.0,1.297416,0.9716549999999999,BEL,ROU,842389
2524694,23,185,8892,2008,17148.0,36065.0,0.44409,1.575399,BGR,ROU,842389
2524695,41,185,8892,2008,27114.0,0.0,1.978404,0.368694,CHE,ROU,842389
2524696,43,185,8892,2008,266605.0,0.0,0.929285,1.8917259999999998,CHN,ROU,842389
2524697,58,185,8892,2008,2882.0,0.0,1.003211,0.712629,CYP,ROU,842389
2524698,59,185,8892,2008,10971.0,0.0,1.592035,0.27983600000000003,CZE,ROU,842389
2524699,61,185,8892,2008,281817.0,2880.0,2.007167,-3.256961,DEU,ROU,842389
2524700,64,185,8892,2008,9719.0,0.0,1.165294,1.1112440000000001,DNK,ROU,842389
2524701,71,185,8892,2008,474840.0,0.0,0.8755649999999999,2.122164,ESP,ROU,842389
2524702,74,185,8892,2008,274449.0,0.0,1.767859,0.846409,FIN,ROU,842389
2524703,77,185,8892,2008,25631.0,0.0,1.487702,-0.223965,FRA,ROU,842389
2524704,81,185,8892,2008,18887.0,0.0,1.7586119999999998,0.061214,GBR,ROU,842389
2524705,90,185,8892,2008,31467.0,0.0,0.33272399999999996,1.758188,GRC,ROU,842389
2524706,102,185,8892,2008,17011.0,7028.0,1.3358299999999999,0.8177770000000001,HUN,ROU,842389
2524707,110,185,8892,2008,858.0,0.0,1.169192,0.797136,ISR,ROU,842389
2524708,111,185,8892,2008,294420.0,0.0,1.308777,0.361523,ITA,ROU,842389
2524709,121,185,8892,2008,35295.0,0.0,1.491687,0.814692,KOR,ROU,842389
2524710,135,185,8892,2008,0.0,243421.0,0.096913,-0.095718,MDA,ROU,842389
2524711,162,185,8892,2008,22113.0,0.0,1.139475,1.385316,NLD,ROU,842389
2524712,166,185,8892,2008,85348.0,0.0,0.513416,0.753058,NZL,ROU,842389
2524713,177,185,8892,2008,16213.0,3003.0,1.037287,1.244457,POL,ROU,842389
2524714,224,185,8892,2008,64985.0,0.0,0.44478,2.186881,TUR,ROU,842389
2524715,231,185,8892,2008,283430.0,0.0,1.584278,-0.209788,USA,ROU,842389
2524716,249,185,8892,2008,77659.0,0.0,1.611693,0.93875,TWN,ROU,842389
2524717,7,188,8892,2008,90319.0,0.0,-0.276433,-0.692392,ARE,SAU,842389
2524718,24,188,8892,2008,0.0,42304.0,0.335334,-0.81372,BHR,SAU,842389
2524719,39,188,8892,2008,30466.0,0.0,0.684659,1.085312,CAN,SAU,842389
2524720,41,188,8892,2008,34394.0,0.0,1.978404,0.368694,CHE,SAU,842389
2524721,43,188,8892,2008,1383731.0,0.0,0.929285,1.8917259999999998,CHN,SAU,842389
2524722,61,188,8892,2008,153873.0,0.0,2.007167,-3.256961,DEU,SAU,842389
2524723,64,188,8892,2008,15546.0,0.0,1.165294,1.1112440000000001,DNK,SAU,842389
2524724,77,188,8892,2008,2702.0,0.0,1.487702,-0.223965,FRA,SAU,842389
2524725,81,188,8892,2008,63634.0,0.0,1.7586119999999998,0.061214,GBR,SAU,842389
2524726,104,188,8892,2008,115392.0,22901.0,0.26694,2.926023,IND,SAU,842389
2524727,111,188,8892,2008,111748.0,0.0,1.308777,0.361523,ITA,SAU,842389
2524728,114,188,8892,2008,29458.0,0.0,2.285056,0.036255,JPN,SAU,842389
2524729,121,188,8892,2008,71021.0,0.0,1.491687,0.814692,KOR,SAU,842389
2524730,124,188,8892,2008,1585.0,0.0,0.46133100000000005,1.4598149999999999,LBN,SAU,842389
2524731,138,188,8892,2008,83832.0,0.0,0.9833639999999999,0.7687069999999999,MEX,SAU,842389
2524732,148,188,8892,2008,0.0,4993.0,-2.081778,-1.274636,MRT,SAU,842389
2524733,153,188,8892,2008,1581.0,0.0,0.793395,0.6141939999999999,MYS,SAU,842389
2524734,162,188,8892,2008,33800.0,0.0,1.139475,1.385316,NLD,SAU,842389
2524735,166,188,8892,2008,35035.0,0.0,0.513416,0.753058,NZL,SAU,842389
2524736,183,188,8892,2008,0.0,12919.0,-0.36390900000000004,-1.0045549999999999,QAT,SAU,842389
2524737,190,188,8892,2008,0.0,15900.0,-2.095439,-1.263511,SDN,SAU,842389
2524738,216,188,8892,2008,153835.0,0.0,0.7531399999999999,1.4420620000000002,THA,SAU,842389
2524739,224,188,8892,2008,34055.0,0.0,0.44478,2.186881,TUR,SAU,842389
2524740,231,188,8892,2008,89243.0,0.0,1.584278,-0.209788,USA,SAU,842389
2524741,246,188,8892,2008,9472.0,0.0,0.22551500000000002,1.185506,ZAF,SAU,842389
2524742,249,188,8892,2008,38078.0,0.0,1.611693,0.93875,TWN,SAU,842389
2524743,250,188,8892,2008,24517.0,0.0,0.547909,-0.5303640000000001,ANS,SAU,842389
2524744,7,190,8892,2008,3397.0,0.0,-0.276433,-0.692392,ARE,SDN,842389
2524745,43,190,8892,2008,125850.0,0.0,0.929285,1.8917259999999998,CHN,SDN,842389
2524746,68,190,8892,2008,24733.0,0.0,-0.098316,1.134642,EGY,SDN,842389
2524747,81,190,8892,2008,20913.0,0.0,1.7586119999999998,0.061214,GBR,SDN,842389
2524748,104,190,8892,2008,87432.0,0.0,0.26694,2.926023,IND,SDN,842389
2524749,116,190,8892,2008,758.0,0.0,-0.284528,0.9378610000000001,KEN,SDN,842389
2524750,121,190,8892,2008,2219.0,0.0,1.491687,0.814692,KOR,SDN,842389
2524751,147,190,8892,2008,0.0,1286.0,-0.982727,-0.8361219999999999,MOZ,SDN,842389
2524752,188,190,8892,2008,15900.0,0.0,-0.09849400000000001,-0.8998309999999999,SAU,SDN,842389
2524753,212,190,8892,2008,833.0,0.0,-0.365789,0.877383,SYR,SDN,842389
2524754,224,190,8892,2008,100627.0,0.0,0.44478,2.186881,TUR,SDN,842389
2524755,246,190,8892,2008,4198.0,0.0,0.22551500000000002,1.185506,ZAF,SDN,842389
2524756,32,197,8892,2008,20681.0,0.0,0.444687,0.904332,BRA,SLV,842389
2524757,43,197,8892,2008,1020.0,0.0,0.929285,1.8917259999999998,CHN,SLV,842389
2524758,49,197,8892,2008,7192.0,0.0,0.19505699999999998,0.566189,COL,SLV,842389
2524759,52,197,8892,2008,987.0,0.0,0.023962,-0.346029,CRI,SLV,842389
2524760,71,197,8892,2008,892.0,0.0,0.8755649999999999,2.122164,ESP,SLV,842389
2524761,93,197,8892,2008,27429.0,11675.0,-0.271973,0.720486,GTM,SLV,842389
2524762,99,197,8892,2008,1180.0,60786.0,-0.5907,-0.351317,HND,SLV,842389
2524763,138,197,8892,2008,23126.0,0.0,0.9833639999999999,0.7687069999999999,MEX,SLV,842389
2524764,169,197,8892,2008,1908.0,9103.0,0.470854,0.960075,PAN,SLV,842389
2524765,231,197,8892,2008,1085793.0,48011.0,1.584278,-0.209788,USA,SLV,842389
2524766,32,205,8892,2008,24100.0,0.0,0.444687,0.904332,BRA,SUR,842389
2524767,43,205,8892,2008,28917.0,0.0,0.929285,1.8917259999999998,CHN,SUR,842389
2524768,162,205,8892,2008,62538.0,0.0,1.139475,1.385316,NLD,SUR,842389
2524769,169,205,8892,2008,11436.0,0.0,0.470854,0.960075,PAN,SUR,842389
2524770,222,205,8892,2008,1667.0,0.0,-0.44752600000000003,-1.060906,TTO,SUR,842389
2524771,15,206,8892,2008,37573.0,0.0,1.634816,-0.078419,AUT,SVK,842389
2524772,41,206,8892,2008,1829.0,0.0,1.978404,0.368694,CHE,SVK,842389
2524773,43,206,8892,2008,1587.0,0.0,0.929285,1.8917259999999998,CHN,SVK,842389
2524774,59,206,8892,2008,72928.0,50057.0,1.592035,0.27983600000000003,CZE,SVK,842389
2524775,61,206,8892,2008,109828.0,0.0,2.007167,-3.256961,DEU,SVK,842389
2524776,74,206,8892,2008,248607.0,0.0,1.767859,0.846409,FIN,SVK,842389
2524777,77,206,8892,2008,13022.0,0.0,1.487702,-0.223965,FRA,SVK,842389
2524778,102,206,8892,2008,27927.0,12929.0,1.3358299999999999,0.8177770000000001,HUN,SVK,842389
2524779,104,206,8892,2008,3566.0,0.0,0.26694,2.926023,IND,SVK,842389
2524780,111,206,8892,2008,19108.0,0.0,1.308777,0.361523,ITA,SVK,842389
2524781,121,206,8892,2008,2363.0,0.0,1.491687,0.814692,KOR,SVK,842389
2524782,162,206,8892,2008,2980.0,0.0,1.139475,1.385316,NLD,SVK,842389
2524783,177,206,8892,2008,1824.0,0.0,1.037287,1.244457,POL,SVK,842389
2524784,231,206,8892,2008,94871.0,0.0,1.584278,-0.209788,USA,SVK,842389
2524785,250,206,8892,2008,88509.0,0.0,0.547909,-0.5303640000000001,ANS,SVK,842389
2524786,15,207,8892,2008,102310.0,0.0,1.634816,-0.078419,AUT,SVN,842389
2524787,26,207,8892,2008,8454.0,96631.0,0.480256,0.810361,BIH,SVN,842389
2524788,32,207,8892,2008,0.0,10524.0,0.444687,0.904332,BRA,SVN,842389
2524789,41,207,8892,2008,9733.0,0.0,1.978404,0.368694,CHE,SVN,842389
2524790,61,207,8892,2008,93800.0,22433.0,2.007167,-3.256961,DEU,SVN,842389
2524791,74,207,8892,2008,105724.0,0.0,1.767859,0.846409,FIN,SVN,842389
2524792,77,207,8892,2008,7170.0,0.0,1.487702,-0.223965,FRA,SVN,842389
2524793,81,207,8892,2008,2153.0,0.0,1.7586119999999998,0.061214,GBR,SVN,842389
2524794,90,207,8892,2008,131953.0,0.0,0.33272399999999996,1.758188,GRC,SVN,842389
2524795,100,207,8892,2008,0.0,93149.0,0.874459,1.075102,HRV,SVN,842389
2524796,102,207,8892,2008,12113.0,0.0,1.3358299999999999,0.8177770000000001,HUN,SVN,842389
2524797,111,207,8892,2008,40743.0,0.0,1.308777,0.361523,ITA,SVN,842389
2524798,144,207,8892,2008,0.0,4531.0,0.321434,-0.168212,MNE,SVN,842389
2524799,162,207,8892,2008,3845.0,0.0,1.139475,1.385316,NLD,SVN,842389
2524800,163,207,8892,2008,6464.0,1066.0,0.911428,-0.019318000000000002,NOR,SVN,842389
2524801,166,207,8892,2008,4465.0,0.0,0.513416,0.753058,NZL,SVN,842389
2524802,201,207,8892,2008,3820.0,57328.0,0.615147,1.484149,SRB,SVN,842389
2524803,208,207,8892,2008,5057.0,0.0,1.866575,0.44342700000000007,SWE,SVN,842389
2524804,224,207,8892,2008,1127.0,0.0,0.44478,2.186881,TUR,SVN,842389
2524805,231,207,8892,2008,28109.0,0.0,1.584278,-0.209788,USA,SVN,842389
2524806,250,207,8892,2008,13012.0,0.0,0.547909,-0.5303640000000001,ANS,SVN,842389
2524807,7,208,8892,2008,0.0,12467.0,-0.276433,-0.692392,ARE,SWE,842389
2524808,14,208,8892,2008,0.0,20894.0,-0.171801,-0.012588,AUS,SWE,842389
2524809,15,208,8892,2008,28480.0,58028.0,1.634816,-0.078419,AUT,SWE,842389
2524810,18,208,8892,2008,6057.0,0.0,1.297416,0.9716549999999999,BEL,SWE,842389
2524811,39,208,8892,2008,1093.0,101280.0,0.684659,1.085312,CAN,SWE,842389
2524812,41,208,8892,2008,20242.0,61089.0,1.978404,0.368694,CHE,SWE,842389
2524813,43,208,8892,2008,59109.0,135508.0,0.929285,1.8917259999999998,CHN,SWE,842389
2524814,61,208,8892,2008,188741.0,32689.0,2.007167,-3.256961,DEU,SWE,842389
2524815,64,208,8892,2008,8642.0,18340.0,1.165294,1.1112440000000001,DNK,SWE,842389
2524816,68,208,8892,2008,0.0,6537.0,-0.098316,1.134642,EGY,SWE,842389
2524817,71,208,8892,2008,0.0,11025.0,0.8755649999999999,2.122164,ESP,SWE,842389
2524818,72,208,8892,2008,0.0,5604.0,0.749696,1.5173940000000001,EST,SWE,842389
2524819,73,208,8892,2008,0.0,2587.0,-1.0084629999999999,-0.83993,ETH,SWE,842389
2524820,74,208,8892,2008,1231097.0,80275.0,1.767859,0.846409,FIN,SWE,842389
2524821,77,208,8892,2008,0.0,5389.0,1.487702,-0.223965,FRA,SWE,842389
2524822,81,208,8892,2008,91517.0,34686.0,1.7586119999999998,0.061214,GBR,SWE,842389
2524823,83,208,8892,2008,0.0,5347.0,-0.9339360000000001,-0.701724,GHA,SWE,842389
2524824,100,208,8892,2008,0.0,4253.0,0.874459,1.075102,HRV,SWE,842389
2524825,104,208,8892,2008,0.0,14292.0,0.26694,2.926023,IND,SWE,842389
2524826,110,208,8892,2008,3309.0,5541.0,1.169192,0.797136,ISR,SWE,842389
2524827,111,208,8892,2008,13433.0,8678.0,1.308777,0.361523,ITA,SWE,842389
2524828,114,208,8892,2008,0.0,2334.0,2.285056,0.036255,JPN,SWE,842389
2524829,121,208,8892,2008,0.0,4253.0,1.491687,0.814692,KOR,SWE,842389
2524830,124,208,8892,2008,2611.0,0.0,0.46133100000000005,1.4598149999999999,LBN,SWE,842389
2524831,132,208,8892,2008,44245.0,1025.0,0.655489,1.0811540000000002,LVA,SWE,842389
2524832,162,208,8892,2008,66116.0,38109.0,1.139475,1.385316,NLD,SWE,842389
2524833,163,208,8892,2008,127774.0,166286.0,0.911428,-0.019318000000000002,NOR,SWE,842389
2524834,166,208,8892,2008,32378.0,0.0,0.513416,0.753058,NZL,SWE,842389
2524835,186,208,8892,2008,0.0,1573.0,0.559059,-0.00886,RUS,SWE,842389
2524836,192,208,8892,2008,28120.0,18142.0,1.844543,0.5947020000000001,SGP,SWE,842389
2524837,207,208,8892,2008,0.0,5057.0,1.5099209999999998,0.683663,SVN,SWE,842389
2524838,216,208,8892,2008,0.0,5173.0,0.7531399999999999,1.4420620000000002,THA,SWE,842389
2524839,228,208,8892,2008,0.0,7049.0,0.59355,0.764415,UKR,SWE,842389
2524840,231,208,8892,2008,7518.0,296679.0,1.584278,-0.209788,USA,SWE,842389
2524841,246,208,8892,2008,0.0,2450.0,0.22551500000000002,1.185506,ZAF,SWE,842389
2524842,7,216,8892,2008,0.0,10695.0,-0.276433,-0.692392,ARE,THA,842389
2524843,14,216,8892,2008,0.0,5559.0,-0.171801,-0.012588,AUS,THA,842389
2524844,15,216,8892,2008,2152.0,0.0,1.634816,-0.078419,AUT,THA,842389
2524845,18,216,8892,2008,2154.0,0.0,1.297416,0.9716549999999999,BEL,THA,842389
2524846,22,216,8892,2008,0.0,30935.0,-0.852774,-0.766779,BGD,THA,842389
2524847,35,216,8892,2008,0.0,513.0,-0.465287,-0.84941,BTN,THA,842389
2524848,39,216,8892,2008,13191.0,7988.0,0.684659,1.085312,CAN,THA,842389
2524849,41,216,8892,2008,69457.0,0.0,1.978404,0.368694,CHE,THA,842389
2524850,43,216,8892,2008,766063.0,0.0,0.929285,1.8917259999999998,CHN,THA,842389
2524851,61,216,8892,2008,43576.0,0.0,2.007167,-3.256961,DEU,THA,842389
2524852,68,216,8892,2008,0.0,3234.0,-0.098316,1.134642,EGY,THA,842389
2524853,74,216,8892,2008,7045.0,0.0,1.767859,0.846409,FIN,THA,842389
2524854,77,216,8892,2008,22635.0,1906.0,1.487702,-0.223965,FRA,THA,842389
2524855,80,216,8892,2008,0.0,7461.0,-1.316179,-1.117633,GAB,THA,842389
2524856,81,216,8892,2008,8399.0,2534.0,1.7586119999999998,0.061214,GBR,THA,842389
2524857,103,216,8892,2008,0.0,358827.0,-0.11154000000000001,1.4879850000000001,IDN,THA,842389
2524858,104,216,8892,2008,0.0,68722.0,0.26694,2.926023,IND,THA,842389
2524859,110,216,8892,2008,1789.0,0.0,1.169192,0.797136,ISR,THA,842389
2524860,111,216,8892,2008,41545.0,2791.0,1.308777,0.361523,ITA,THA,842389
2524861,114,216,8892,2008,130890.0,1518.0,2.285056,0.036255,JPN,THA,842389
2524862,118,216,8892,2008,0.0,29134.0,-1.064815,-1.098892,KHM,THA,842389
2524863,121,216,8892,2008,367714.0,0.0,1.491687,0.814692,KOR,THA,842389
2524864,123,216,8892,2008,0.0,323433.0,-1.09704,-0.934141,LAO,THA,842389
2524865,128,216,8892,2008,9456.0,0.0,-0.48245200000000005,0.295892,LKA,THA,842389
2524866,137,216,8892,2008,0.0,7844.0,0.037203,-0.718439,MDV,THA,842389
2524867,143,216,8892,2008,0.0,9499.0,-1.501556,-1.1134110000000002,MMR,THA,842389
2524868,153,216,8892,2008,231934.0,289672.0,0.793395,0.6141939999999999,MYS,THA,842389
2524869,162,216,8892,2008,1610.0,0.0,1.139475,1.385316,NLD,THA,842389
2524870,166,216,8892,2008,7851.0,0.0,0.513416,0.753058,NZL,THA,842389
2524871,168,216,8892,2008,0.0,70579.0,-0.401588,0.500668,PAK,THA,842389
2524872,174,216,8892,2008,78438.0,1245.0,0.276488,-0.02957,PHL,THA,842389
2524873,188,216,8892,2008,0.0,153835.0,-0.09849400000000001,-0.8998309999999999,SAU,THA,842389
2524874,192,216,8892,2008,139142.0,55820.0,1.844543,0.5947020000000001,SGP,THA,842389
2524875,208,216,8892,2008,5173.0,0.0,1.866575,0.44342700000000007,SWE,THA,842389
2524876,224,216,8892,2008,0.0,1883.0,0.44478,2.186881,TUR,THA,842389
2524877,231,216,8892,2008,39323.0,1247.0,1.584278,-0.209788,USA,THA,842389
2524878,239,216,8892,2008,0.0,120134.0,-0.207083,1.1323370000000001,VNM,THA,842389
2524879,246,216,8892,2008,15989.0,1203.0,0.22551500000000002,1.185506,ZAF,THA,842389
2524880,249,216,8892,2008,96049.0,0.0,1.611693,0.93875,TWN,THA,842389
2524881,29,222,8892,2008,0.0,2382.0,-0.922266,-0.881167,BLZ,TTO,842389
2524882,39,222,8892,2008,908.0,0.0,0.684659,1.085312,CAN,TTO,842389
2524883,41,222,8892,2008,1885.0,0.0,1.978404,0.368694,CHE,TTO,842389
2524884,43,222,8892,2008,11670.0,0.0,0.929285,1.8917259999999998,CHN,TTO,842389
2524885,54,222,8892,2008,0.0,1324.0,-0.23158299999999998,-0.892943,CUB,TTO,842389
2524886,61,222,8892,2008,5021.0,0.0,2.007167,-3.256961,DEU,TTO,842389
2524887,81,222,8892,2008,23461.0,0.0,1.7586119999999998,0.061214,GBR,TTO,842389
2524888,96,222,8892,2008,0.0,2203.0,-1.0439530000000001,-0.962007,GUY,TTO,842389
2524889,169,222,8892,2008,125133.0,0.0,0.470854,0.960075,PAN,TTO,842389
2524890,174,222,8892,2008,1233.0,0.0,0.276488,-0.02957,PHL,TTO,842389
2524891,192,222,8892,2008,6650.0,0.0,1.844543,0.5947020000000001,SGP,TTO,842389
2524892,205,222,8892,2008,0.0,1667.0,-0.766178,-0.8888,SUR,TTO,842389
2524893,231,222,8892,2008,37917.0,0.0,1.584278,-0.209788,USA,TTO,842389
2524894,249,222,8892,2008,4511.0,0.0,1.611693,0.93875,TWN,TTO,842389
2524895,1,224,8892,2008,0.0,41527.0,-0.23668000000000003,-0.344418,AFG,TUR,842389
2524896,4,224,8892,2008,0.0,64278.0,-0.252894,-0.0071400000000000005,ALB,TUR,842389
2524897,7,224,8892,2008,0.0,37439.0,-0.276433,-0.692392,ARE,TUR,842389
2524898,16,224,8892,2008,0.0,209734.0,-0.7143109999999999,-1.114747,AZE,TUR,842389
2524899,23,224,8892,2008,0.0,1317601.0,0.44409,1.575399,BGR,TUR,842389
2524900,26,224,8892,2008,0.0,2795.0,0.480256,0.810361,BIH,TUR,842389
2524901,31,224,8892,2008,0.0,725.0,-0.852975,-0.88041,BOL,TUR,842389
2524902,39,224,8892,2008,4485.0,0.0,0.684659,1.085312,CAN,TUR,842389
2524903,41,224,8892,2008,98023.0,0.0,1.978404,0.368694,CHE,TUR,842389
2524904,43,224,8892,2008,416238.0,0.0,0.929285,1.8917259999999998,CHN,TUR,842389
2524905,58,224,8892,2008,0.0,84219.0,1.003211,0.712629,CYP,TUR,842389
2524906,61,224,8892,2008,638123.0,81055.0,2.007167,-3.256961,DEU,TUR,842389
2524907,64,224,8892,2008,0.0,11752.0,1.165294,1.1112440000000001,DNK,TUR,842389
2524908,66,224,8892,2008,0.0,102100.0,-0.556434,-1.079109,DZA,TUR,842389
2524909,68,224,8892,2008,0.0,184693.0,-0.098316,1.134642,EGY,TUR,842389
2524910,71,224,8892,2008,145404.0,0.0,0.8755649999999999,2.122164,ESP,TUR,842389
2524911,73,224,8892,2008,0.0,4570.0,-1.0084629999999999,-0.83993,ETH,TUR,842389
2524912,74,224,8892,2008,27434.0,0.0,1.767859,0.846409,FIN,TUR,842389
2524913,81,224,8892,2008,115798.0,13151.0,1.7586119999999998,0.061214,GBR,TUR,842389
2524914,82,224,8892,2008,0.0,319144.0,-0.355095,-0.660181,GEO,TUR,842389
2524915,90,224,8892,2008,0.0,3891.0,0.33272399999999996,1.758188,GRC,TUR,842389
2524916,107,224,8892,2008,0.0,35691.0,-0.9776469999999999,-1.054475,IRN,TUR,842389
2524917,108,224,8892,2008,0.0,399647.0,-1.6604189999999999,-0.886959,IRQ,TUR,842389
2524918,110,224,8892,2008,1737.0,0.0,1.169192,0.797136,ISR,TUR,842389
2524919,111,224,8892,2008,18690.0,0.0,1.308777,0.361523,ITA,TUR,842389
2524920,113,224,8892,2008,0.0,72282.0,0.255463,0.45844799999999997,JOR,TUR,842389
2524921,114,224,8892,2008,2753.0,0.0,2.285056,0.036255,JPN,TUR,842389
2524922,115,224,8892,2008,1369.0,135910.0,-0.43055200000000005,-0.6852590000000001,KAZ,TUR,842389
2524923,121,224,8892,2008,7979.0,0.0,1.491687,0.814692,KOR,TUR,842389
2524924,126,224,8892,2008,0.0,165998.0,-1.156353,-1.133716,LBY,TUR,842389
2524925,130,224,8892,2008,0.0,19612.0,0.59033,0.961408,LTU,TUR,842389
2524926,134,224,8892,2008,0.0,37732.0,-0.505734,-0.000516,MAR,TUR,842389
2524927,135,224,8892,2008,0.0,15758.0,0.096913,-0.095718,MDA,TUR,842389
2524928,140,224,8892,2008,0.0,31436.0,-0.090639,-0.137401,MKD,TUR,842389
2524929,177,224,8892,2008,0.0,12730.0,1.037287,1.244457,POL,TUR,842389
2524930,183,224,8892,2008,0.0,10883.0,-0.36390900000000004,-1.0045549999999999,QAT,TUR,842389
2524931,185,224,8892,2008,0.0,64985.0,0.784924,1.235527,ROU,TUR,842389
2524932,186,224,8892,2008,0.0,162263.0,0.559059,-0.00886,RUS,TUR,842389
2524933,188,224,8892,2008,0.0,34055.0,-0.09849400000000001,-0.8998309999999999,SAU,TUR,842389
2524934,190,224,8892,2008,0.0,100627.0,-2.095439,-1.263511,SDN,TUR,842389
2524935,191,224,8892,2008,0.0,832.0,-0.478024,-0.313199,SEN,TUR,842389
2524936,192,224,8892,2008,52386.0,0.0,1.844543,0.5947020000000001,SGP,TUR,842389
2524937,201,224,8892,2008,0.0,7052.0,0.615147,1.484149,SRB,TUR,842389
2524938,207,224,8892,2008,0.0,1127.0,1.5099209999999998,0.683663,SVN,TUR,842389
2524939,212,224,8892,2008,0.0,71389.0,-0.365789,0.877383,SYR,TUR,842389
2524940,216,224,8892,2008,1883.0,0.0,0.7531399999999999,1.4420620000000002,THA,TUR,842389
2524941,217,224,8892,2008,0.0,14347.0,-0.8988010000000001,-1.126157,TJK,TUR,842389
2524942,219,224,8892,2008,0.0,396305.0,-1.094592,-1.166598,TKM,TUR,842389
2524943,228,224,8892,2008,0.0,461697.0,0.59355,0.764415,UKR,TUR,842389
2524944,231,224,8892,2008,90745.0,0.0,1.584278,-0.209788,USA,TUR,842389
2524945,232,224,8892,2008,0.0,1806.0,-0.470184,-0.773163,UZB,TUR,842389
2524946,243,224,8892,2008,0.0,11807.0,-1.227495,-1.191462,YEM,TUR,842389
2524947,246,224,8892,2008,0.0,2218.0,0.22551500000000002,1.185506,ZAF,TUR,842389
2524948,249,224,8892,2008,56216.0,0.0,1.611693,0.93875,TWN,TUR,842389
2524949,250,224,8892,2008,0.0,83051.0,0.547909,-0.5303640000000001,ANS,TUR,842389
2524950,8,230,8892,2008,158340.0,0.0,0.278837,0.496784,ARG,URY,842389
2524951,32,230,8892,2008,34622.0,0.0,0.444687,0.904332,BRA,URY,842389
2524952,42,230,8892,2008,1810.0,0.0,-0.293985,-0.349554,CHL,URY,842389
2524953,71,230,8892,2008,34347.0,0.0,0.8755649999999999,2.122164,ESP,URY,842389
2524954,74,230,8892,2008,2115.0,0.0,1.767859,0.846409,FIN,URY,842389
2524955,110,230,8892,2008,891.0,0.0,1.169192,0.797136,ISR,URY,842389
2524956,166,230,8892,2008,108703.0,0.0,0.513416,0.753058,NZL,URY,842389
2524957,231,230,8892,2008,112194.0,0.0,1.584278,-0.209788,USA,URY,842389
2524958,1,231,8892,2008,0.0,31343.0,-0.23668000000000003,-0.344418,AFG,USA,842389
2524959,2,231,8892,2008,0.0,153568.0,-2.0318669999999996,-1.149931,AGO,USA,842389
2524960,6,231,8892,2008,0.0,9066.0,0.31099,-0.536718,ANT,USA,842389
2524961,7,231,8892,2008,23535.0,480909.0,-0.276433,-0.692392,ARE,USA,842389
2524962,8,231,8892,2008,0.0,163028.0,0.278837,0.496784,ARG,USA,842389
2524963,14,231,8892,2008,421322.0,501524.0,-0.171801,-0.012588,AUS,USA,842389
2524964,15,231,8892,2008,63488.0,4781.0,1.634816,-0.078419,AUT,USA,842389
2524965,16,231,8892,2008,0.0,1221.0,-0.7143109999999999,-1.114747,AZE,USA,842389
2524966,18,231,8892,2008,0.0,24148.0,1.297416,0.9716549999999999,BEL,USA,842389
2524967,22,231,8892,2008,0.0,3252.0,-0.852774,-0.766779,BGD,USA,842389
2524968,23,231,8892,2008,0.0,15278.0,0.44409,1.575399,BGR,USA,842389
2524969,24,231,8892,2008,0.0,5167.0,0.335334,-0.81372,BHR,USA,842389
2524970,25,231,8892,2008,1594.0,99752.0,0.470359,-0.5418890000000001,BHS,USA,842389
2524971,26,231,8892,2008,0.0,1396.0,0.480256,0.810361,BIH,USA,842389
2524972,28,231,8892,2008,0.0,576003.0,0.9869,0.38977399999999995,BLR,USA,842389
2524973,29,231,8892,2008,0.0,74067.0,-0.922266,-0.881167,BLZ,USA,842389
2524974,31,231,8892,2008,0.0,17520.0,-0.852975,-0.88041,BOL,USA,842389
2524975,32,231,8892,2008,8877.0,212900.0,0.444687,0.904332,BRA,USA,842389
2524976,33,231,8892,2008,0.0,68009.0,0.761035,0.615472,BRB,USA,842389
2524977,37,231,8892,2008,0.0,42423.0,-0.191616,-0.848397,BWA,USA,842389
2524978,39,231,8892,2008,5773483.0,8953249.0,0.684659,1.085312,CAN,USA,842389
2524979,41,231,8892,2008,2599618.0,128116.0,1.978404,0.368694,CHE,USA,842389
2524980,42,231,8892,2008,9166.0,204942.0,-0.293985,-0.349554,CHL,USA,842389
2524981,43,231,8892,2008,213967.0,1718650.0,0.929285,1.8917259999999998,CHN,USA,842389
2524982,44,231,8892,2008,0.0,9380.0,-0.9806040000000001,-0.730792,CIV,USA,842389
2524983,47,231,8892,2008,0.0,42114.0,-2.2772799999999997,-1.216089,COG,USA,842389
2524984,49,231,8892,2008,0.0,127265.0,0.19505699999999998,0.566189,COL,USA,842389
2524985,52,231,8892,2008,0.0,66806.0,0.023962,-0.346029,CRI,USA,842389
2524986,59,231,8892,2008,0.0,16346.0,1.592035,0.27983600000000003,CZE,USA,842389
2524987,61,231,8892,2008,1710494.0,2071613.0,2.007167,-3.256961,DEU,USA,842389
2524988,62,231,8892,2008,0.0,22485.0,-1.082951,-0.958676,DJI,USA,842389
2524989,63,231,8892,2008,0.0,24250.0,0.424179,0.04355,DMA,USA,842389
2524990,64,231,8892,2008,69923.0,28999.0,1.165294,1.1112440000000001,DNK,USA,842389
2524991,65,231,8892,2008,0.0,126657.0,-0.167958,0.241283,DOM,USA,842389
2524992,66,231,8892,2008,0.0,12246.0,-0.556434,-1.079109,DZA,USA,842389
2524993,67,231,8892,2008,0.0,145805.0,-0.859434,-0.972389,ECU,USA,842389
2524994,68,231,8892,2008,0.0,26424.0,-0.098316,1.134642,EGY,USA,842389
2524995,71,231,8892,2008,134611.0,26908.0,0.8755649999999999,2.122164,ESP,USA,842389
2524996,72,231,8892,2008,0.0,5214.0,0.749696,1.5173940000000001,EST,USA,842389
2524997,73,231,8892,2008,0.0,11240.0,-1.0084629999999999,-0.83993,ETH,USA,842389
2524998,74,231,8892,2008,3680.0,12145.0,1.767859,0.846409,FIN,USA,842389
2524999,76,231,8892,2008,0.0,3449.0,-1.0724,-0.9330379999999999,FLK,USA,842389
2525000,77,231,8892,2008,29027.0,40138.0,1.487702,-0.223965,FRA,USA,842389
2525001,80,231,8892,2008,0.0,5414.0,-1.316179,-1.117633,GAB,USA,842389
2525002,81,231,8892,2008,597816.0,1858478.0,1.7586119999999998,0.061214,GBR,USA,842389
2525003,82,231,8892,2008,0.0,184684.0,-0.355095,-0.660181,GEO,USA,842389
2525004,83,231,8892,2008,0.0,7111.0,-0.9339360000000001,-0.701724,GHA,USA,842389
2525005,85,231,8892,2008,0.0,8654.0,-1.530997,-1.171231,GIN,USA,842389
2525006,89,231,8892,2008,0.0,5700.0,-1.059208,-0.843542,GNQ,USA,842389
2525007,90,231,8892,2008,3449.0,10610.0,0.33272399999999996,1.758188,GRC,USA,842389
2525008,91,231,8892,2008,0.0,41433.0,0.6186010000000001,-0.170518,GRD,USA,842389
2525009,93,231,8892,2008,0.0,261509.0,-0.271973,0.720486,GTM,USA,842389
2525010,96,231,8892,2008,7971.0,25644.0,-1.0439530000000001,-0.962007,GUY,USA,842389
2525011,97,231,8892,2008,8540.0,44757.0,0.74435,2.149616,HKG,USA,842389
2525012,99,231,8892,2008,0.0,112944.0,-0.5907,-0.351317,HND,USA,842389
2525013,100,231,8892,2008,0.0,11098.0,0.874459,1.075102,HRV,USA,842389
2525014,101,231,8892,2008,0.0,35429.0,-1.087836,-0.967734,HTI,USA,842389
2525015,102,231,8892,2008,0.0,24826.0,1.3358299999999999,0.8177770000000001,HUN,USA,842389
2525016,103,231,8892,2008,0.0,813350.0,-0.11154000000000001,1.4879850000000001,IDN,USA,842389
2525017,104,231,8892,2008,22919.0,58554.0,0.26694,2.926023,IND,USA,842389
2525018,106,231,8892,2008,39475.0,36395.0,1.693858,0.221425,IRL,USA,842389
2525019,108,231,8892,2008,0.0,39856.0,-1.6604189999999999,-0.886959,IRQ,USA,842389
2525020,109,231,8892,2008,33956.0,5326.0,0.26969899999999997,-0.29915,ISL,USA,842389
2525021,110,231,8892,2008,1256837.0,236667.0,1.169192,0.797136,ISR,USA,842389
2525022,111,231,8892,2008,34763.0,87793.0,1.308777,0.361523,ITA,USA,842389
2525023,112,231,8892,2008,0.0,107860.0,-0.412969,-0.9444030000000001,JAM,USA,842389
2525024,113,231,8892,2008,0.0,32794.0,0.255463,0.45844799999999997,JOR,USA,842389
2525025,114,231,8892,2008,561967.0,478356.0,2.285056,0.036255,JPN,USA,842389
2525026,115,231,8892,2008,0.0,347042.0,-0.43055200000000005,-0.6852590000000001,KAZ,USA,842389
2525027,117,231,8892,2008,0.0,917.0,-0.287826,-0.11858699999999998,KGZ,USA,842389
2525028,120,231,8892,2008,0.0,2307.0,1.2613,-0.136295,KNA,USA,842389
2525029,121,231,8892,2008,159591.0,45379.0,1.491687,0.814692,KOR,USA,842389
2525030,122,231,8892,2008,0.0,22051.0,-1.401297,-1.142945,KWT,USA,842389
2525031,124,231,8892,2008,0.0,11020.0,0.46133100000000005,1.4598149999999999,LBN,USA,842389
2525032,125,231,8892,2008,0.0,13520.0,-0.20785900000000002,-0.9568030000000001,LBR,USA,842389
2525033,126,231,8892,2008,0.0,12110.0,-1.156353,-1.133716,LBY,USA,842389
2525034,127,231,8892,2008,0.0,1929.0,0.42267899999999997,0.005129,LCA,USA,842389
2525035,128,231,8892,2008,3231.0,5649.0,-0.48245200000000005,0.295892,LKA,USA,842389
2525036,130,231,8892,2008,0.0,3416.0,0.59033,0.961408,LTU,USA,842389
2525037,131,231,8892,2008,0.0,16692.0,1.39945,1.003857,LUX,USA,842389
2525038,132,231,8892,2008,0.0,9642.0,0.655489,1.0811540000000002,LVA,USA,842389
2525039,134,231,8892,2008,0.0,59256.0,-0.505734,-0.000516,MAR,USA,842389
2525040,137,231,8892,2008,0.0,6094.0,0.037203,-0.718439,MDV,USA,842389
2525041,138,231,8892,2008,30735.0,1936655.0,0.9833639999999999,0.7687069999999999,MEX,USA,842389
2525042,140,231,8892,2008,0.0,4805.0,-0.090639,-0.137401,MKD,USA,842389
2525043,147,231,8892,2008,0.0,5612.0,-0.982727,-0.8361219999999999,MOZ,USA,842389
2525044,149,231,8892,2008,0.0,442.0,1.375073,-0.275475,MSR,USA,842389
2525045,151,231,8892,2008,0.0,672.0,-0.337563,-0.144226,MUS,USA,842389
2525046,153,231,8892,2008,2692.0,139937.0,0.793395,0.6141939999999999,MYS,USA,842389
2525047,159,231,8892,2008,0.0,2586.0,-1.9809139999999998,-1.189201,NGA,USA,842389
2525048,160,231,8892,2008,0.0,97532.0,-0.869193,-0.676623,NIC,USA,842389
2525049,162,231,8892,2008,79190.0,169869.0,1.139475,1.385316,NLD,USA,842389
2525050,163,231,8892,2008,17358.0,463729.0,0.911428,-0.019318000000000002,NOR,USA,842389
2525051,166,231,8892,2008,3127566.0,40169.0,0.513416,0.753058,NZL,USA,842389
2525052,167,231,8892,2008,0.0,71864.0,-0.635199,-1.027136,OMN,USA,842389
2525053,168,231,8892,2008,0.0,22010.0,-0.401588,0.500668,PAK,USA,842389
2525054,169,231,8892,2008,0.0,143931.0,0.470854,0.960075,PAN,USA,842389
2525055,173,231,8892,2008,0.0,62851.0,-0.518126,0.17193599999999998,PER,USA,842389
2525056,174,231,8892,2008,0.0,15986.0,0.276488,-0.02957,PHL,USA,842389
2525057,176,231,8892,2008,0.0,5700.0,-1.6771330000000002,-1.18528,PNG,USA,842389
2525058,177,231,8892,2008,367771.0,43040.0,1.037287,1.244457,POL,USA,842389
2525059,179,231,8892,2008,0.0,37272.0,0.64135,2.1946939999999997,PRT,USA,842389
2525060,180,231,8892,2008,0.0,20627.0,-0.556298,-0.9503780000000001,PRY,USA,842389
2525061,183,231,8892,2008,0.0,33977.0,-0.36390900000000004,-1.0045549999999999,QAT,USA,842389
2525062,185,231,8892,2008,0.0,283430.0,0.784924,1.235527,ROU,USA,842389
2525063,186,231,8892,2008,0.0,836096.0,0.559059,-0.00886,RUS,USA,842389
2525064,188,231,8892,2008,0.0,89243.0,-0.09849400000000001,-0.8998309999999999,SAU,USA,842389
2525065,192,231,8892,2008,561342.0,500204.0,1.844543,0.5947020000000001,SGP,USA,842389
2525066,197,231,8892,2008,48011.0,1085793.0,-0.028986,0.369501,SLV,USA,842389
2525067,201,231,8892,2008,0.0,7948.0,0.615147,1.484149,SRB,USA,842389
2525068,206,231,8892,2008,0.0,94871.0,1.3402040000000002,0.8038770000000001,SVK,USA,842389
2525069,207,231,8892,2008,0.0,28109.0,1.5099209999999998,0.683663,SVN,USA,842389
2525070,208,231,8892,2008,296679.0,7518.0,1.866575,0.44342700000000007,SWE,USA,842389
2525071,209,231,8892,2008,2809.0,0.0,0.761506,0.29043,SWZ,USA,842389
2525072,216,231,8892,2008,1247.0,39323.0,0.7531399999999999,1.4420620000000002,THA,USA,842389
2525073,219,231,8892,2008,0.0,74711.0,-1.094592,-1.166598,TKM,USA,842389
2525074,222,231,8892,2008,0.0,37917.0,-0.44752600000000003,-1.060906,TTO,USA,842389
2525075,223,231,8892,2008,0.0,20605.0,0.084141,0.676248,TUN,USA,842389
2525076,224,231,8892,2008,0.0,90745.0,0.44478,2.186881,TUR,USA,842389
2525077,226,231,8892,2008,0.0,2737.0,-0.755692,0.8751690000000001,TZA,USA,842389
2525078,228,231,8892,2008,0.0,7012.0,0.59355,0.764415,UKR,USA,842389
2525079,230,231,8892,2008,0.0,112194.0,0.376164,0.049387,URY,USA,842389
2525080,236,231,8892,2008,3889.0,215625.0,-0.442996,-1.0439969999999998,VEN,USA,842389
2525081,239,231,8892,2008,0.0,3455921.0,-0.207083,1.1323370000000001,VNM,USA,842389
2525082,246,231,8892,2008,12023.0,48583.0,0.22551500000000002,1.185506,ZAF,USA,842389
2525083,249,231,8892,2008,56806.0,13592.0,1.611693,0.93875,TWN,USA,842389
2525084,8,236,8892,2008,907506.0,0.0,0.278837,0.496784,ARG,VEN,842389
2525085,41,236,8892,2008,25176.0,0.0,1.978404,0.368694,CHE,VEN,842389
2525086,42,236,8892,2008,38548.0,0.0,-0.293985,-0.349554,CHL,VEN,842389
2525087,43,236,8892,2008,29938.0,0.0,0.929285,1.8917259999999998,CHN,VEN,842389
2525088,49,236,8892,2008,11160.0,0.0,0.19505699999999998,0.566189,COL,VEN,842389
2525089,61,236,8892,2008,4344.0,0.0,2.007167,-3.256961,DEU,VEN,842389
2525090,64,236,8892,2008,5166.0,0.0,1.165294,1.1112440000000001,DNK,VEN,842389
2525091,71,236,8892,2008,275782.0,0.0,0.8755649999999999,2.122164,ESP,VEN,842389
2525092,77,236,8892,2008,35126.0,0.0,1.487702,-0.223965,FRA,VEN,842389
2525093,111,236,8892,2008,12829.0,0.0,1.308777,0.361523,ITA,VEN,842389
2525094,114,236,8892,2008,43709.0,0.0,2.285056,0.036255,JPN,VEN,842389
2525095,121,236,8892,2008,18241.0,0.0,1.491687,0.814692,KOR,VEN,842389
2525096,138,236,8892,2008,15089.0,0.0,0.9833639999999999,0.7687069999999999,MEX,VEN,842389
2525097,160,236,8892,2008,0.0,6824.0,-0.869193,-0.676623,NIC,VEN,842389
2525098,166,236,8892,2008,181322.0,0.0,0.513416,0.753058,NZL,VEN,842389
2525099,169,236,8892,2008,17664.0,0.0,0.470854,0.960075,PAN,VEN,842389
2525100,231,236,8892,2008,215625.0,3889.0,1.584278,-0.209788,USA,VEN,842389
2525101,39,243,8892,2008,1922.0,0.0,0.684659,1.085312,CAN,YEM,842389
2525102,43,243,8892,2008,714979.0,0.0,0.929285,1.8917259999999998,CHN,YEM,842389
2525103,61,243,8892,2008,64712.0,0.0,2.007167,-3.256961,DEU,YEM,842389
2525104,77,243,8892,2008,0.0,6016.0,1.487702,-0.223965,FRA,YEM,842389
2525105,104,243,8892,2008,9555.0,0.0,0.26694,2.926023,IND,YEM,842389
2525106,224,243,8892,2008,11807.0,0.0,0.44478,2.186881,TUR,YEM,842389
2525107,246,243,8892,2008,1322.0,0.0,0.22551500000000002,1.185506,ZAF,YEM,842389
2525108,250,243,8892,2008,77469.0,0.0,0.547909,-0.5303640000000001,ANS,YEM,842389
2525109,2,246,8892,2008,0.0,26956.0,-2.0318669999999996,-1.149931,AGO,ZAF,842389
2525110,7,246,8892,2008,0.0,1017.0,-0.276433,-0.692392,ARE,ZAF,842389
2525111,8,246,8892,2008,14221.0,0.0,0.278837,0.496784,ARG,ZAF,842389
2525112,14,246,8892,2008,97888.0,48242.0,-0.171801,-0.012588,AUS,ZAF,842389
2525113,15,246,8892,2008,163108.0,0.0,1.634816,-0.078419,AUT,ZAF,842389
2525114,18,246,8892,2008,36044.0,1558.0,1.297416,0.9716549999999999,BEL,ZAF,842389
2525115,32,246,8892,2008,0.0,9759.0,0.444687,0.904332,BRA,ZAF,842389
2525116,37,246,8892,2008,559.0,157483.0,-0.191616,-0.848397,BWA,ZAF,842389
2525117,39,246,8892,2008,197427.0,18587.0,0.684659,1.085312,CAN,ZAF,842389
2525118,41,246,8892,2008,52527.0,39454.0,1.978404,0.368694,CHE,ZAF,842389
2525119,42,246,8892,2008,0.0,2872.0,-0.293985,-0.349554,CHL,ZAF,842389
2525120,43,246,8892,2008,950378.0,58322.0,0.929285,1.8917259999999998,CHN,ZAF,842389
2525121,44,246,8892,2008,0.0,4096.0,-0.9806040000000001,-0.730792,CIV,ZAF,842389
2525122,45,246,8892,2008,0.0,1274.0,-1.143808,-1.0725,CMR,ZAF,842389
2525123,46,246,8892,2008,0.0,199582.0,-1.513117,-1.141895,COD,ZAF,842389
2525124,47,246,8892,2008,160.0,3627.0,-2.2772799999999997,-1.216089,COG,ZAF,842389
2525125,59,246,8892,2008,15715.0,0.0,1.592035,0.27983600000000003,CZE,ZAF,842389
2525126,61,246,8892,2008,416565.0,0.0,2.007167,-3.256961,DEU,ZAF,842389
2525127,71,246,8892,2008,36691.0,0.0,0.8755649999999999,2.122164,ESP,ZAF,842389
2525128,73,246,8892,2008,0.0,22490.0,-1.0084629999999999,-0.83993,ETH,ZAF,842389
2525129,74,246,8892,2008,112473.0,0.0,1.767859,0.846409,FIN,ZAF,842389
2525130,77,246,8892,2008,5141.0,25773.0,1.487702,-0.223965,FRA,ZAF,842389
2525131,81,246,8892,2008,72200.0,1039.0,1.7586119999999998,0.061214,GBR,ZAF,842389
2525132,83,246,8892,2008,0.0,66028.0,-0.9339360000000001,-0.701724,GHA,ZAF,842389
2525133,85,246,8892,2008,0.0,1265.0,-1.530997,-1.171231,GIN,ZAF,842389
2525134,90,246,8892,2008,0.0,2447.0,0.33272399999999996,1.758188,GRC,ZAF,842389
2525135,104,246,8892,2008,11423.0,0.0,0.26694,2.926023,IND,ZAF,842389
2525136,110,246,8892,2008,332671.0,1558.0,1.169192,0.797136,ISR,ZAF,842389
2525137,111,246,8892,2008,1997.0,0.0,1.308777,0.361523,ITA,ZAF,842389
2525138,114,246,8892,2008,64993.0,0.0,2.285056,0.036255,JPN,ZAF,842389
2525139,115,246,8892,2008,0.0,2937.0,-0.43055200000000005,-0.6852590000000001,KAZ,ZAF,842389
2525140,116,246,8892,2008,12658.0,5622.0,-0.284528,0.9378610000000001,KEN,ZAF,842389
2525141,121,246,8892,2008,257482.0,0.0,1.491687,0.814692,KOR,ZAF,842389
2525142,125,246,8892,2008,0.0,6823.0,-0.20785900000000002,-0.9568030000000001,LBR,ZAF,842389
2525143,128,246,8892,2008,0.0,9300.0,-0.48245200000000005,0.295892,LKA,ZAF,842389
2525144,129,246,8892,2008,0.0,15436.0,-0.9549120000000001,-0.987166,LSO,ZAF,842389
2525145,136,246,8892,2008,0.0,7723.0,-0.9618190000000001,-0.348841,MDG,ZAF,842389
2525146,138,246,8892,2008,33288.0,0.0,0.9833639999999999,0.7687069999999999,MEX,ZAF,842389
2525147,141,246,8892,2008,0.0,5811.0,-0.274267,-0.51084,MLI,ZAF,842389
2525148,147,246,8892,2008,12005.0,483266.0,-0.982727,-0.8361219999999999,MOZ,ZAF,842389
2525149,148,246,8892,2008,0.0,3558.0,-2.081778,-1.274636,MRT,ZAF,842389
2525150,151,246,8892,2008,4521.0,384892.0,-0.337563,-0.144226,MUS,ZAF,842389
2525151,152,246,8892,2008,0.0,86168.0,-1.387548,-1.184696,MWI,ZAF,842389
2525152,153,246,8892,2008,11412.0,0.0,0.793395,0.6141939999999999,MYS,ZAF,842389
2525153,155,246,8892,2008,3384.0,281492.0,-0.104196,-0.301923,NAM,ZAF,842389
2525154,159,246,8892,2008,0.0,150618.0,-1.9809139999999998,-1.189201,NGA,ZAF,842389
2525155,162,246,8892,2008,32647.0,7537.0,1.139475,1.385316,NLD,ZAF,842389
2525156,163,246,8892,2008,64430.0,0.0,0.911428,-0.019318000000000002,NOR,ZAF,842389
2525157,166,246,8892,2008,6358.0,0.0,0.513416,0.753058,NZL,ZAF,842389
2525158,167,246,8892,2008,0.0,929.0,-0.635199,-1.027136,OMN,ZAF,842389
2525159,168,246,8892,2008,1002.0,0.0,-0.401588,0.500668,PAK,ZAF,842389
2525160,174,246,8892,2008,7989.0,0.0,0.276488,-0.02957,PHL,ZAF,842389
2525161,179,246,8892,2008,19316.0,0.0,0.64135,2.1946939999999997,PRT,ZAF,842389
2525162,187,246,8892,2008,0.0,7357.0,-0.770307,-0.650779,RWA,ZAF,842389
2525163,188,246,8892,2008,0.0,9472.0,-0.09849400000000001,-0.8998309999999999,SAU,ZAF,842389
2525164,190,246,8892,2008,0.0,4198.0,-2.095439,-1.263511,SDN,ZAF,842389
2525165,192,246,8892,2008,10499.0,0.0,1.844543,0.5947020000000001,SGP,ZAF,842389
2525166,194,246,8892,2008,0.0,1804.0,0.810149,-0.452734,SHN,ZAF,842389
2525167,196,246,8892,2008,0.0,1207.0,0.086769,-0.22002800000000003,SLE,ZAF,842389
2525168,208,246,8892,2008,2450.0,0.0,1.866575,0.44342700000000007,SWE,ZAF,842389
2525169,209,246,8892,2008,316.0,126026.0,0.761506,0.29043,SWZ,ZAF,842389
2525170,211,246,8892,2008,0.0,5589.0,0.29189699999999996,-0.47472600000000004,SYC,ZAF,842389
2525171,216,246,8892,2008,1203.0,15989.0,0.7531399999999999,1.4420620000000002,THA,ZAF,842389
2525172,224,246,8892,2008,2218.0,0.0,0.44478,2.186881,TUR,ZAF,842389
2525173,226,246,8892,2008,0.0,91934.0,-0.755692,0.8751690000000001,TZA,ZAF,842389
2525174,227,246,8892,2008,0.0,67013.0,-0.653885,-0.035455,UGA,ZAF,842389
2525175,231,246,8892,2008,48583.0,12023.0,1.584278,-0.209788,USA,ZAF,842389
2525176,243,246,8892,2008,0.0,1322.0,-1.227495,-1.191462,YEM,ZAF,842389
2525177,247,246,8892,2008,0.0,884307.0,-0.798489,-0.9437639999999999,ZMB,ZAF,842389
2525178,248,246,8892,2008,0.0,463413.0,-0.377992,-0.577244,ZWE,ZAF,842389
2525179,249,246,8892,2008,15243.0,0.0,1.611693,0.93875,TWN,ZAF,842389
2525180,250,246,8892,2008,8927.0,9546.0,0.547909,-0.5303640000000001,ANS,ZAF,842389
2525181,7,249,8892,2008,0.0,5537.0,-0.276433,-0.692392,ARE,TWN,842389
2525182,14,249,8892,2008,91295.0,37371.0,-0.171801,-0.012588,AUS,TWN,842389
2525183,15,249,8892,2008,0.0,1150.0,1.634816,-0.078419,AUT,TWN,842389
2525184,22,249,8892,2008,0.0,25628.0,-0.852774,-0.766779,BGD,TWN,842389
2525185,32,249,8892,2008,0.0,81080.0,0.444687,0.904332,BRA,TWN,842389
2525186,39,249,8892,2008,0.0,31125.0,0.684659,1.085312,CAN,TWN,842389
2525187,41,249,8892,2008,48539.0,937.0,1.978404,0.368694,CHE,TWN,842389
2525188,43,249,8892,2008,47347.0,91842.0,0.929285,1.8917259999999998,CHN,TWN,842389
2525189,52,249,8892,2008,0.0,1165.0,0.023962,-0.346029,CRI,TWN,842389
2525190,59,249,8892,2008,0.0,13220.0,1.592035,0.27983600000000003,CZE,TWN,842389
2525191,61,249,8892,2008,135737.0,8993.0,2.007167,-3.256961,DEU,TWN,842389
2525192,64,249,8892,2008,0.0,7590.0,1.165294,1.1112440000000001,DNK,TWN,842389
2525193,65,249,8892,2008,0.0,13254.0,-0.167958,0.241283,DOM,TWN,842389
2525194,67,249,8892,2008,0.0,3986.0,-0.859434,-0.972389,ECU,TWN,842389
2525195,68,249,8892,2008,0.0,30725.0,-0.098316,1.134642,EGY,TWN,842389
2525196,73,249,8892,2008,0.0,359.0,-1.0084629999999999,-0.83993,ETH,TWN,842389
2525197,77,249,8892,2008,19247.0,0.0,1.487702,-0.223965,FRA,TWN,842389
2525198,81,249,8892,2008,0.0,8854.0,1.7586119999999998,0.061214,GBR,TWN,842389
2525199,90,249,8892,2008,0.0,36618.0,0.33272399999999996,1.758188,GRC,TWN,842389
2525200,93,249,8892,2008,0.0,16570.0,-0.271973,0.720486,GTM,TWN,842389
2525201,100,249,8892,2008,0.0,3761.0,0.874459,1.075102,HRV,TWN,842389
2525202,103,249,8892,2008,0.0,49337.0,-0.11154000000000001,1.4879850000000001,IDN,TWN,842389
2525203,104,249,8892,2008,0.0,22545.0,0.26694,2.926023,IND,TWN,842389
2525204,106,249,8892,2008,0.0,1071.0,1.693858,0.221425,IRL,TWN,842389
2525205,107,249,8892,2008,0.0,31111.0,-0.9776469999999999,-1.054475,IRN,TWN,842389
2525206,110,249,8892,2008,0.0,61124.0,1.169192,0.797136,ISR,TWN,842389
2525207,113,249,8892,2008,0.0,19153.0,0.255463,0.45844799999999997,JOR,TWN,842389
2525208,114,249,8892,2008,58507.0,43323.0,2.285056,0.036255,JPN,TWN,842389
2525209,121,249,8892,2008,0.0,2588.0,1.491687,0.814692,KOR,TWN,842389
2525210,124,249,8892,2008,0.0,17545.0,0.46133100000000005,1.4598149999999999,LBN,TWN,842389
2525211,128,249,8892,2008,0.0,4781.0,-0.48245200000000005,0.295892,LKA,TWN,842389
2525212,132,249,8892,2008,0.0,1768.0,0.655489,1.0811540000000002,LVA,TWN,842389
2525213,138,249,8892,2008,0.0,1766.0,0.9833639999999999,0.7687069999999999,MEX,TWN,842389
2525214,151,249,8892,2008,0.0,5300.0,-0.337563,-0.144226,MUS,TWN,842389
2525215,152,249,8892,2008,0.0,3100.0,-1.387548,-1.184696,MWI,TWN,842389
2525216,153,249,8892,2008,4333.0,29169.0,0.793395,0.6141939999999999,MYS,TWN,842389
2525217,162,249,8892,2008,1256.0,12752.0,1.139475,1.385316,NLD,TWN,842389
2525218,163,249,8892,2008,0.0,1819.0,0.911428,-0.019318000000000002,NOR,TWN,842389
2525219,166,249,8892,2008,0.0,8711.0,0.513416,0.753058,NZL,TWN,842389
2525220,168,249,8892,2008,0.0,4099.0,-0.401588,0.500668,PAK,TWN,842389
2525221,169,249,8892,2008,0.0,2344.0,0.470854,0.960075,PAN,TWN,842389
2525222,174,249,8892,2008,0.0,35150.0,0.276488,-0.02957,PHL,TWN,842389
2525223,183,249,8892,2008,0.0,169178.0,-0.36390900000000004,-1.0045549999999999,QAT,TWN,842389
2525224,185,249,8892,2008,0.0,77659.0,0.784924,1.235527,ROU,TWN,842389
2525225,186,249,8892,2008,0.0,42911.0,0.559059,-0.00886,RUS,TWN,842389
2525226,188,249,8892,2008,0.0,38078.0,-0.09849400000000001,-0.8998309999999999,SAU,TWN,842389
2525227,192,249,8892,2008,100491.0,9495.0,1.844543,0.5947020000000001,SGP,TWN,842389
2525228,195,249,8892,2008,0.0,1721.0,-1.70333,-1.027817,SLB,TWN,842389
2525229,201,249,8892,2008,0.0,1323.0,0.615147,1.484149,SRB,TWN,842389
2525230,212,249,8892,2008,0.0,2147.0,-0.365789,0.877383,SYR,TWN,842389
2525231,216,249,8892,2008,0.0,96049.0,0.7531399999999999,1.4420620000000002,THA,TWN,842389
2525232,222,249,8892,2008,0.0,4511.0,-0.44752600000000003,-1.060906,TTO,TWN,842389
2525233,224,249,8892,2008,0.0,56216.0,0.44478,2.186881,TUR,TWN,842389
2525234,227,249,8892,2008,0.0,593.0,-0.653885,-0.035455,UGA,TWN,842389
2525235,231,249,8892,2008,13592.0,56806.0,1.584278,-0.209788,USA,TWN,842389
2525236,239,249,8892,2008,0.0,99999.0,-0.207083,1.1323370000000001,VNM,TWN,842389
2525237,246,249,8892,2008,0.0,15243.0,0.22551500000000002,1.185506,ZAF,TWN,842389
2525238,248,249,8892,2008,0.0,16242.0,-0.377992,-0.577244,ZWE,TWN,842389
2525239,7,14,8892,2008,0.0,4280.0,-0.276433,-0.692392,ARE,AUS,842389
2525240,15,14,8892,2008,0.0,884.0,1.634816,-0.078419,AUT,AUS,842389
2525241,32,14,8892,2008,0.0,2494.0,0.444687,0.904332,BRA,AUS,842389
2525242,39,14,8892,2008,22387.0,20253.0,0.684659,1.085312,CAN,AUS,842389
2525243,41,14,8892,2008,417083.0,3819.0,1.978404,0.368694,CHE,AUS,842389
2525244,42,14,8892,2008,0.0,34520.0,-0.293985,-0.349554,CHL,AUS,842389
2525245,43,14,8892,2008,948934.0,23137.0,0.929285,1.8917259999999998,CHN,AUS,842389
2525246,44,14,8892,2008,0.0,2694.0,-0.9806040000000001,-0.730792,CIV,AUS,842389
2525247,49,14,8892,2008,0.0,156089.0,0.19505699999999998,0.566189,COL,AUS,842389
2525248,56,14,8892,2008,0.0,65968.0,1.184962,-0.607034,CXR,AUS,842389
2525249,59,14,8892,2008,0.0,3716.0,1.592035,0.27983600000000003,CZE,AUS,842389
2525250,61,14,8892,2008,328464.0,40033.0,2.007167,-3.256961,DEU,AUS,842389
2525251,63,14,8892,2008,8109.0,0.0,0.424179,0.04355,DMA,AUS,842389
2525252,72,14,8892,2008,0.0,62803.0,0.749696,1.5173940000000001,EST,AUS,842389
2525253,75,14,8892,2008,19302.0,22993.0,-0.756592,-0.27005,FJI,AUS,842389
2525254,77,14,8892,2008,3106.0,0.0,1.487702,-0.223965,FRA,AUS,842389
2525255,81,14,8892,2008,272209.0,21074.0,1.7586119999999998,0.061214,GBR,AUS,842389
2525256,83,14,8892,2008,0.0,1766.0,-0.9339360000000001,-0.701724,GHA,AUS,842389
2525257,97,14,8892,2008,0.0,14448.0,0.74435,2.149616,HKG,AUS,842389
2525258,103,14,8892,2008,0.0,130123.0,-0.11154000000000001,1.4879850000000001,IDN,AUS,842389
2525259,104,14,8892,2008,0.0,33874.0,0.26694,2.926023,IND,AUS,842389
2525260,106,14,8892,2008,1112.0,0.0,1.693858,0.221425,IRL,AUS,842389
2525261,107,14,8892,2008,0.0,1980.0,-0.9776469999999999,-1.054475,IRN,AUS,842389
2525262,110,14,8892,2008,181205.0,0.0,1.169192,0.797136,ISR,AUS,842389
2525263,111,14,8892,2008,47682.0,0.0,1.308777,0.361523,ITA,AUS,842389
2525264,113,14,8892,2008,0.0,37992.0,0.255463,0.45844799999999997,JOR,AUS,842389
2525265,114,14,8892,2008,45223.0,5078.0,2.285056,0.036255,JPN,AUS,842389
2525266,119,14,8892,2008,0.0,6810.0,0.122065,-0.667883,KIR,AUS,842389
2525267,121,14,8892,2008,30391.0,3895.0,1.491687,0.814692,KOR,AUS,842389
2525268,122,14,8892,2008,0.0,7832.0,-1.401297,-1.142945,KWT,AUS,842389
2525269,123,14,8892,2008,0.0,2501.0,-1.09704,-0.934141,LAO,AUS,842389
2525270,138,14,8892,2008,0.0,13979.0,0.9833639999999999,0.7687069999999999,MEX,AUS,842389
2525271,141,14,8892,2008,0.0,6080.0,-0.274267,-0.51084,MLI,AUS,842389
2525272,145,14,8892,2008,0.0,6723.0,-1.13585,-1.1076190000000001,MNG,AUS,842389
2525273,151,14,8892,2008,0.0,925.0,-0.337563,-0.144226,MUS,AUS,842389
2525274,153,14,8892,2008,0.0,6954.0,0.793395,0.6141939999999999,MYS,AUS,842389
2525275,156,14,8892,2008,0.0,5697.0,-0.21304099999999998,-0.8147300000000001,NCL,AUS,842389
2525276,159,14,8892,2008,0.0,1020.0,-1.9809139999999998,-1.189201,NGA,AUS,842389
2525277,162,14,8892,2008,198284.0,0.0,1.139475,1.385316,NLD,AUS,842389
2525278,163,14,8892,2008,8846.0,0.0,0.911428,-0.019318000000000002,NOR,AUS,842389
2525279,166,14,8892,2008,919578.0,121682.0,0.513416,0.753058,NZL,AUS,842389
2525280,168,14,8892,2008,0.0,1389.0,-0.401588,0.500668,PAK,AUS,842389
2525281,174,14,8892,2008,0.0,17330.0,0.276488,-0.02957,PHL,AUS,842389
2525282,176,14,8892,2008,0.0,46112.0,-1.6771330000000002,-1.18528,PNG,AUS,842389
2525283,191,14,8892,2008,0.0,198330.0,-0.478024,-0.313199,SEN,AUS,842389
2525284,192,14,8892,2008,227223.0,52513.0,1.844543,0.5947020000000001,SGP,AUS,842389
2525285,195,14,8892,2008,0.0,36934.0,-1.70333,-1.027817,SLB,AUS,842389
2525286,196,14,8892,2008,0.0,5116.0,0.086769,-0.22002800000000003,SLE,AUS,842389
2525287,208,14,8892,2008,20894.0,0.0,1.866575,0.44342700000000007,SWE,AUS,842389
2525288,216,14,8892,2008,5559.0,0.0,0.7531399999999999,1.4420620000000002,THA,AUS,842389
2525289,226,14,8892,2008,0.0,25617.0,-0.755692,0.8751690000000001,TZA,AUS,842389
2525290,231,14,8892,2008,501524.0,421322.0,1.584278,-0.209788,USA,AUS,842389
2525291,239,14,8892,2008,2291.0,13190.0,-0.207083,1.1323370000000001,VNM,AUS,842389
2525292,242,14,8892,2008,0.0,1439.0,0.527804,-0.347197,WSM,AUS,842389
2525293,246,14,8892,2008,48242.0,97888.0,0.22551500000000002,1.185506,ZAF,AUS,842389
2525294,247,14,8892,2008,0.0,1002.0,-0.798489,-0.9437639999999999,ZMB,AUS,842389
2525295,249,14,8892,2008,37371.0,91295.0,1.611693,0.93875,TWN,AUS,842389
2525296,43,16,8892,2008,214770.0,0.0,0.929285,1.8917259999999998,CHN,AZE,842389
2525297,61,16,8892,2008,30675.0,0.0,2.007167,-3.256961,DEU,AZE,842389
2525298,81,16,8892,2008,1568.0,0.0,1.7586119999999998,0.061214,GBR,AZE,842389
2525299,82,16,8892,2008,0.0,40356.0,-0.355095,-0.660181,GEO,AZE,842389
2525300,107,16,8892,2008,5503.0,0.0,-0.9776469999999999,-1.054475,IRN,AZE,842389
2525301,111,16,8892,2008,4860.0,0.0,1.308777,0.361523,ITA,AZE,842389
2525302,121,16,8892,2008,5116.0,0.0,1.491687,0.814692,KOR,AZE,842389
2525303,132,16,8892,2008,27842.0,0.0,0.655489,1.0811540000000002,LVA,AZE,842389
2525304,186,16,8892,2008,54639.0,0.0,0.559059,-0.00886,RUS,AZE,842389
2525305,224,16,8892,2008,209734.0,0.0,0.44478,2.186881,TUR,AZE,842389
2525306,231,16,8892,2008,1221.0,0.0,1.584278,-0.209788,USA,AZE,842389
2525307,43,22,8892,2008,73541.0,0.0,0.929285,1.8917259999999998,CHN,BGD,842389
2525308,61,22,8892,2008,4137.0,0.0,2.007167,-3.256961,DEU,BGD,842389
2525309,81,22,8892,2008,2171.0,0.0,1.7586119999999998,0.061214,GBR,BGD,842389
2525310,104,22,8892,2008,19212.0,0.0,0.26694,2.926023,IND,BGD,842389
2525311,114,22,8892,2008,929.0,0.0,2.285056,0.036255,JPN,BGD,842389
2525312,168,22,8892,2008,33534.0,0.0,-0.401588,0.500668,PAK,BGD,842389
2525313,192,22,8892,2008,28300.0,0.0,1.844543,0.5947020000000001,SGP,BGD,842389
2525314,216,22,8892,2008,30935.0,0.0,0.7531399999999999,1.4420620000000002,THA,BGD,842389
2525315,231,22,8892,2008,3252.0,0.0,1.584278,-0.209788,USA,BGD,842389
2525316,249,22,8892,2008,25628.0,0.0,1.611693,0.93875,TWN,BGD,842389
2525317,15,23,8892,2008,80423.0,0.0,1.634816,-0.078419,AUT,BGR,842389
2525318,41,23,8892,2008,1533.0,0.0,1.978404,0.368694,CHE,BGR,842389
2525319,43,23,8892,2008,304753.0,0.0,0.929285,1.8917259999999998,CHN,BGR,842389
2525320,61,23,8892,2008,26310.0,0.0,2.007167,-3.256961,DEU,BGR,842389
2525321,74,23,8892,2008,11582.0,0.0,1.767859,0.846409,FIN,BGR,842389
2525322,77,23,8892,2008,319548.0,0.0,1.487702,-0.223965,FRA,BGR,842389
2525323,81,23,8892,2008,4418.0,0.0,1.7586119999999998,0.061214,GBR,BGR,842389
2525324,90,23,8892,2008,11146.0,2572.0,0.33272399999999996,1.758188,GRC,BGR,842389
2525325,100,23,8892,2008,39894.0,0.0,0.874459,1.075102,HRV,BGR,842389
2525326,111,23,8892,2008,30769.0,5681.0,1.308777,0.361523,ITA,BGR,842389
2525327,115,23,8892,2008,0.0,8284.0,-0.43055200000000005,-0.6852590000000001,KAZ,BGR,842389
2525328,121,23,8892,2008,27079.0,0.0,1.491687,0.814692,KOR,BGR,842389
2525329,124,23,8892,2008,1336.0,0.0,0.46133100000000005,1.4598149999999999,LBN,BGR,842389
2525330,140,23,8892,2008,14754.0,0.0,-0.090639,-0.137401,MKD,BGR,842389
2525331,162,23,8892,2008,4380.0,0.0,1.139475,1.385316,NLD,BGR,842389
2525332,185,23,8892,2008,36065.0,17148.0,0.784924,1.235527,ROU,BGR,842389
2525333,186,23,8892,2008,0.0,64088.0,0.559059,-0.00886,RUS,BGR,842389
2525334,192,23,8892,2008,20633.0,0.0,1.844543,0.5947020000000001,SGP,BGR,842389
2525335,201,23,8892,2008,0.0,4871.0,0.615147,1.484149,SRB,BGR,842389
2525336,212,23,8892,2008,0.0,35909.0,-0.365789,0.877383,SYR,BGR,842389
2525337,224,23,8892,2008,1317601.0,0.0,0.44478,2.186881,TUR,BGR,842389
2525338,231,23,8892,2008,15278.0,0.0,1.584278,-0.209788,USA,BGR,842389
2525339,7,24,8892,2008,2835.0,0.0,-0.276433,-0.692392,ARE,BHR,842389
2525340,43,24,8892,2008,47769.0,0.0,0.929285,1.8917259999999998,CHN,BHR,842389
2525341,61,24,8892,2008,274629.0,0.0,2.007167,-3.256961,DEU,BHR,842389
2525342,71,24,8892,2008,34201.0,0.0,0.8755649999999999,2.122164,ESP,BHR,842389
2525343,81,24,8892,2008,37096.0,0.0,1.7586119999999998,0.061214,GBR,BHR,842389
2525344,104,24,8892,2008,2948.0,0.0,0.26694,2.926023,IND,BHR,842389
2525345,122,24,8892,2008,7200.0,0.0,-1.401297,-1.142945,KWT,BHR,842389
2525346,188,24,8892,2008,42304.0,0.0,-0.09849400000000001,-0.8998309999999999,SAU,BHR,842389
2525347,231,24,8892,2008,5167.0,0.0,1.584278,-0.209788,USA,BHR,842389
2525348,15,26,8892,2008,1062.0,16272.0,1.634816,-0.078419,AUT,BIH,842389
2525349,41,26,8892,2008,2991.0,0.0,1.978404,0.368694,CHE,BIH,842389
2525350,43,26,8892,2008,662.0,0.0,0.929285,1.8917259999999998,CHN,BIH,842389
2525351,61,26,8892,2008,8191.0,0.0,2.007167,-3.256961,DEU,BIH,842389
2525352,81,26,8892,2008,1653.0,0.0,1.7586119999999998,0.061214,GBR,BIH,842389
2525353,90,26,8892,2008,20729.0,0.0,0.33272399999999996,1.758188,GRC,BIH,842389
2525354,100,26,8892,2008,120384.0,11344.0,0.874459,1.075102,HRV,BIH,842389
2525355,111,26,8892,2008,49732.0,0.0,1.308777,0.361523,ITA,BIH,842389
2525356,114,26,8892,2008,73.0,0.0,2.285056,0.036255,JPN,BIH,842389
2525357,162,26,8892,2008,989.0,0.0,1.139475,1.385316,NLD,BIH,842389
2525358,177,26,8892,2008,4107.0,0.0,1.037287,1.244457,POL,BIH,842389
2525359,201,26,8892,2008,12092.0,0.0,0.615147,1.484149,SRB,BIH,842389
2525360,207,26,8892,2008,96631.0,8454.0,1.5099209999999998,0.683663,SVN,BIH,842389
2525361,224,26,8892,2008,2795.0,0.0,0.44478,2.186881,TUR,BIH,842389
2525362,231,26,8892,2008,1396.0,0.0,1.584278,-0.209788,USA,BIH,842389
2525363,41,28,8892,2008,7328.0,0.0,1.978404,0.368694,CHE,BLR,842389
2525364,43,28,8892,2008,43082.0,0.0,0.929285,1.8917259999999998,CHN,BLR,842389
2525365,61,28,8892,2008,1221389.0,0.0,2.007167,-3.256961,DEU,BLR,842389
2525366,74,28,8892,2008,23926.0,0.0,1.767859,0.846409,FIN,BLR,842389
2525367,111,28,8892,2008,2118.0,0.0,1.308777,0.361523,ITA,BLR,842389
2525368,130,28,8892,2008,0.0,1858.0,0.59033,0.961408,LTU,BLR,842389
2525369,162,28,8892,2008,8441.0,0.0,1.139475,1.385316,NLD,BLR,842389
2525370,177,28,8892,2008,9474.0,0.0,1.037287,1.244457,POL,BLR,842389
2525371,186,28,8892,2008,488055.0,0.0,0.559059,-0.00886,RUS,BLR,842389
2525372,228,28,8892,2008,1476.0,0.0,0.59355,0.764415,UKR,BLR,842389
2525373,231,28,8892,2008,576003.0,0.0,1.584278,-0.209788,USA,BLR,842389
2525374,41,58,8892,2008,6265.0,0.0,1.978404,0.368694,CHE,CYP,842389
2525375,43,58,8892,2008,10922.0,0.0,0.929285,1.8917259999999998,CHN,CYP,842389
2525376,71,58,8892,2008,6225.0,0.0,0.8755649999999999,2.122164,ESP,CYP,842389
2525377,74,58,8892,2008,6136.0,0.0,1.767859,0.846409,FIN,CYP,842389
2525378,81,58,8892,2008,13796.0,0.0,1.7586119999999998,0.061214,GBR,CYP,842389
2525379,90,58,8892,2008,15933.0,0.0,0.33272399999999996,1.758188,GRC,CYP,842389
2525380,110,58,8892,2008,4761.0,0.0,1.169192,0.797136,ISR,CYP,842389
2525381,111,58,8892,2008,1757.0,0.0,1.308777,0.361523,ITA,CYP,842389
2525382,185,58,8892,2008,0.0,2882.0,0.784924,1.235527,ROU,CYP,842389
2525383,224,58,8892,2008,84219.0,0.0,0.44478,2.186881,TUR,CYP,842389
2525384,14,59,8892,2008,3716.0,0.0,-0.171801,-0.012588,AUS,CZE,842389
2525385,15,59,8892,2008,258709.0,0.0,1.634816,-0.078419,AUT,CZE,842389
2525386,18,59,8892,2008,3344.0,0.0,1.297416,0.9716549999999999,BEL,CZE,842389
2525387,39,59,8892,2008,3517.0,0.0,0.684659,1.085312,CAN,CZE,842389
2525388,41,59,8892,2008,23865.0,5864.0,1.978404,0.368694,CHE,CZE,842389
2525389,43,59,8892,2008,70577.0,118617.0,0.929285,1.8917259999999998,CHN,CZE,842389
2525390,61,59,8892,2008,175906.0,131277.0,2.007167,-3.256961,DEU,CZE,842389
2525391,64,59,8892,2008,192655.0,0.0,1.165294,1.1112440000000001,DNK,CZE,842389
2525392,74,59,8892,2008,172558.0,0.0,1.767859,0.846409,FIN,CZE,842389
2525393,81,59,8892,2008,5152.0,0.0,1.7586119999999998,0.061214,GBR,CZE,842389
2525394,102,59,8892,2008,1957.0,5904.0,1.3358299999999999,0.8177770000000001,HUN,CZE,842389
2525395,111,59,8892,2008,43600.0,0.0,1.308777,0.361523,ITA,CZE,842389
2525396,114,59,8892,2008,2584.0,0.0,2.285056,0.036255,JPN,CZE,842389
2525397,136,59,8892,2008,0.0,28591.0,-0.9618190000000001,-0.348841,MDG,CZE,842389
2525398,138,59,8892,2008,0.0,14581.0,0.9833639999999999,0.7687069999999999,MEX,CZE,842389
2525399,162,59,8892,2008,46927.0,0.0,1.139475,1.385316,NLD,CZE,842389
2525400,163,59,8892,2008,0.0,98824.0,0.911428,-0.019318000000000002,NOR,CZE,842389
2525401,166,59,8892,2008,1136.0,0.0,0.513416,0.753058,NZL,CZE,842389
2525402,177,59,8892,2008,121898.0,101974.0,1.037287,1.244457,POL,CZE,842389
2525403,185,59,8892,2008,0.0,10971.0,0.784924,1.235527,ROU,CZE,842389
2525404,186,59,8892,2008,0.0,1211.0,0.559059,-0.00886,RUS,CZE,842389
2525405,192,59,8892,2008,10981.0,0.0,1.844543,0.5947020000000001,SGP,CZE,842389
2525406,201,59,8892,2008,0.0,7258.0,0.615147,1.484149,SRB,CZE,842389
2525407,206,59,8892,2008,50057.0,72928.0,1.3402040000000002,0.8038770000000001,SVK,CZE,842389
2525408,231,59,8892,2008,16346.0,0.0,1.584278,-0.209788,USA,CZE,842389
2525409,246,59,8892,2008,0.0,15715.0,0.22551500000000002,1.185506,ZAF,CZE,842389
2525410,249,59,8892,2008,13220.0,0.0,1.611693,0.93875,TWN,CZE,842389
2525411,7,68,8892,2008,1831.0,0.0,-0.276433,-0.692392,ARE,EGY,842389
2525412,18,68,8892,2008,84339.0,0.0,1.297416,0.9716549999999999,BEL,EGY,842389
2525413,31,68,8892,2008,4172.0,0.0,-0.852975,-0.88041,BOL,EGY,842389
2525414,32,68,8892,2008,56480.0,0.0,0.444687,0.904332,BRA,EGY,842389
2525415,41,68,8892,2008,33709.0,0.0,1.978404,0.368694,CHE,EGY,842389
2525416,43,68,8892,2008,73322.0,0.0,0.929285,1.8917259999999998,CHN,EGY,842389
2525417,61,68,8892,2008,891021.0,0.0,2.007167,-3.256961,DEU,EGY,842389
2525418,64,68,8892,2008,38332.0,0.0,1.165294,1.1112440000000001,DNK,EGY,842389
2525419,71,68,8892,2008,78438.0,0.0,0.8755649999999999,2.122164,ESP,EGY,842389
2525420,77,68,8892,2008,14814.0,0.0,1.487702,-0.223965,FRA,EGY,842389
2525421,81,68,8892,2008,20794.0,0.0,1.7586119999999998,0.061214,GBR,EGY,842389
2525422,90,68,8892,2008,3930.0,0.0,0.33272399999999996,1.758188,GRC,EGY,842389
2525423,104,68,8892,2008,10662.0,0.0,0.26694,2.926023,IND,EGY,842389
2525424,106,68,8892,2008,21577.0,0.0,1.693858,0.221425,IRL,EGY,842389
2525425,110,68,8892,2008,12084.0,0.0,1.169192,0.797136,ISR,EGY,842389
2525426,111,68,8892,2008,267593.0,7321.0,1.308777,0.361523,ITA,EGY,842389
2525427,114,68,8892,2008,60755.0,0.0,2.285056,0.036255,JPN,EGY,842389
2525428,121,68,8892,2008,51833.0,0.0,1.491687,0.814692,KOR,EGY,842389
2525429,162,68,8892,2008,91516.0,0.0,1.139475,1.385316,NLD,EGY,842389
2525430,179,68,8892,2008,134982.0,0.0,0.64135,2.1946939999999997,PRT,EGY,842389
2525431,190,68,8892,2008,0.0,24733.0,-2.095439,-1.263511,SDN,EGY,842389
2525432,192,68,8892,2008,2748.0,0.0,1.844543,0.5947020000000001,SGP,EGY,842389
2525433,208,68,8892,2008,6537.0,0.0,1.866575,0.44342700000000007,SWE,EGY,842389
2525434,212,68,8892,2008,8002.0,0.0,-0.365789,0.877383,SYR,EGY,842389
2525435,216,68,8892,2008,3234.0,0.0,0.7531399999999999,1.4420620000000002,THA,EGY,842389
2525436,224,68,8892,2008,184693.0,0.0,0.44478,2.186881,TUR,EGY,842389
2525437,228,68,8892,2008,29280.0,0.0,0.59355,0.764415,UKR,EGY,842389
2525438,231,68,8892,2008,26424.0,0.0,1.584278,-0.209788,USA,EGY,842389
2525439,249,68,8892,2008,30725.0,0.0,1.611693,0.93875,TWN,EGY,842389
2525440,250,68,8892,2008,33237.0,0.0,0.547909,-0.5303640000000001,ANS,EGY,842389
2525441,14,72,8892,2008,62803.0,0.0,-0.171801,-0.012588,AUS,EST,842389
2525442,41,72,8892,2008,48367.0,51810.0,1.978404,0.368694,CHE,EST,842389
2525443,43,72,8892,2008,3652.0,0.0,0.929285,1.8917259999999998,CHN,EST,842389
2525444,61,72,8892,2008,4938.0,0.0,2.007167,-3.256961,DEU,EST,842389
2525445,71,72,8892,2008,1406.0,0.0,0.8755649999999999,2.122164,ESP,EST,842389
2525446,74,72,8892,2008,258004.0,54101.0,1.767859,0.846409,FIN,EST,842389
2525447,111,72,8892,2008,21289.0,0.0,1.308777,0.361523,ITA,EST,842389
2525448,130,72,8892,2008,51817.0,0.0,0.59033,0.961408,LTU,EST,842389
2525449,132,72,8892,2008,0.0,1036.0,0.655489,1.0811540000000002,LVA,EST,842389
2525450,162,72,8892,2008,5867.0,0.0,1.139475,1.385316,NLD,EST,842389
2525451,186,72,8892,2008,0.0,1586.0,0.559059,-0.00886,RUS,EST,842389
2525452,208,72,8892,2008,5604.0,0.0,1.866575,0.44342700000000007,SWE,EST,842389
2525453,231,72,8892,2008,5214.0,0.0,1.584278,-0.209788,USA,EST,842389
2525454,250,72,8892,2008,84424.0,0.0,0.547909,-0.5303640000000001,ANS,EST,842389
2525455,16,82,8892,2008,40356.0,0.0,-0.7143109999999999,-1.114747,AZE,GEO,842389
2525456,43,82,8892,2008,11796.0,0.0,0.929285,1.8917259999999998,CHN,GEO,842389
2525457,64,82,8892,2008,11497.0,0.0,1.165294,1.1112440000000001,DNK,GEO,842389
2525458,110,82,8892,2008,13691.0,0.0,1.169192,0.797136,ISR,GEO,842389
2525459,111,82,8892,2008,2162.0,0.0,1.308777,0.361523,ITA,GEO,842389
2525460,121,82,8892,2008,1841.0,0.0,1.491687,0.814692,KOR,GEO,842389
2525461,186,82,8892,2008,92446.0,0.0,0.559059,-0.00886,RUS,GEO,842389
2525462,192,82,8892,2008,1193.0,0.0,1.844543,0.5947020000000001,SGP,GEO,842389
2525463,224,82,8892,2008,319144.0,0.0,0.44478,2.186881,TUR,GEO,842389
2525464,228,82,8892,2008,606285.0,0.0,0.59355,0.764415,UKR,GEO,842389
2525465,231,82,8892,2008,184684.0,0.0,1.584278,-0.209788,USA,GEO,842389
2525466,15,100,8892,2008,14893.0,0.0,1.634816,-0.078419,AUT,HRV,842389
2525467,18,100,8892,2008,1201.0,0.0,1.297416,0.9716549999999999,BEL,HRV,842389
2525468,23,100,8892,2008,0.0,39894.0,0.44409,1.575399,BGR,HRV,842389
2525469,26,100,8892,2008,11344.0,120384.0,0.480256,0.810361,BIH,HRV,842389
2525470,41,100,8892,2008,29739.0,0.0,1.978404,0.368694,CHE,HRV,842389
2525471,43,100,8892,2008,25774.0,0.0,0.929285,1.8917259999999998,CHN,HRV,842389
2525472,61,100,8892,2008,183106.0,0.0,2.007167,-3.256961,DEU,HRV,842389
2525473,64,100,8892,2008,47069.0,501458.0,1.165294,1.1112440000000001,DNK,HRV,842389
2525474,71,100,8892,2008,1404.0,0.0,0.8755649999999999,2.122164,ESP,HRV,842389
2525475,77,100,8892,2008,6545.0,0.0,1.487702,-0.223965,FRA,HRV,842389
2525476,81,100,8892,2008,1367.0,0.0,1.7586119999999998,0.061214,GBR,HRV,842389
2525477,102,100,8892,2008,984.0,0.0,1.3358299999999999,0.8177770000000001,HUN,HRV,842389
2525478,111,100,8892,2008,159958.0,0.0,1.308777,0.361523,ITA,HRV,842389
2525479,114,100,8892,2008,1208.0,0.0,2.285056,0.036255,JPN,HRV,842389
2525480,162,100,8892,2008,14935.0,0.0,1.139475,1.385316,NLD,HRV,842389
2525481,177,100,8892,2008,10746.0,0.0,1.037287,1.244457,POL,HRV,842389
2525482,192,100,8892,2008,7389.0,0.0,1.844543,0.5947020000000001,SGP,HRV,842389
2525483,201,100,8892,2008,51538.0,55423.0,0.615147,1.484149,SRB,HRV,842389
2525484,207,100,8892,2008,93149.0,0.0,1.5099209999999998,0.683663,SVN,HRV,842389
2525485,208,100,8892,2008,4253.0,0.0,1.866575,0.44342700000000007,SWE,HRV,842389
2525486,231,100,8892,2008,11098.0,0.0,1.584278,-0.209788,USA,HRV,842389
2525487,249,100,8892,2008,3761.0,0.0,1.611693,0.93875,TWN,HRV,842389
2525488,14,107,8892,2008,1980.0,0.0,-0.171801,-0.012588,AUS,IRN,842389
2525489,16,107,8892,2008,0.0,5503.0,-0.7143109999999999,-1.114747,AZE,IRN,842389
2525490,41,107,8892,2008,10776.0,0.0,1.978404,0.368694,CHE,IRN,842389
2525491,43,107,8892,2008,8148.0,0.0,0.929285,1.8917259999999998,CHN,IRN,842389
2525492,61,107,8892,2008,233612.0,0.0,2.007167,-3.256961,DEU,IRN,842389
2525493,77,107,8892,2008,25077.0,0.0,1.487702,-0.223965,FRA,IRN,842389
2525494,81,107,8892,2008,73472.0,0.0,1.7586119999999998,0.061214,GBR,IRN,842389
2525495,111,107,8892,2008,11016.0,0.0,1.308777,0.361523,ITA,IRN,842389
2525496,115,107,8892,2008,0.0,7083.0,-0.43055200000000005,-0.6852590000000001,KAZ,IRN,842389
2525497,116,107,8892,2008,0.0,11249.0,-0.284528,0.9378610000000001,KEN,IRN,842389
2525498,224,107,8892,2008,35691.0,0.0,0.44478,2.186881,TUR,IRN,842389
2525499,249,107,8892,2008,31111.0,0.0,1.611693,0.93875,TWN,IRN,842389
2525500,43,108,8892,2008,22401.0,0.0,0.929285,1.8917259999999998,CHN,IRQ,842389
2525501,61,108,8892,2008,63124.0,0.0,2.007167,-3.256961,DEU,IRQ,842389
2525502,104,108,8892,2008,16346.0,0.0,0.26694,2.926023,IND,IRQ,842389
2525503,113,108,8892,2008,12653.0,0.0,0.255463,0.45844799999999997,JOR,IRQ,842389
2525504,124,108,8892,2008,4001.0,0.0,0.46133100000000005,1.4598149999999999,LBN,IRQ,842389
2525505,224,108,8892,2008,399647.0,0.0,0.44478,2.186881,TUR,IRQ,842389
2525506,231,108,8892,2008,39856.0,0.0,1.584278,-0.209788,USA,IRQ,842389
2525507,14,113,8892,2008,37992.0,0.0,-0.171801,-0.012588,AUS,JOR,842389
2525508,39,113,8892,2008,52067.0,0.0,0.684659,1.085312,CAN,JOR,842389
2525509,41,113,8892,2008,30351.0,0.0,1.978404,0.368694,CHE,JOR,842389
2525510,43,113,8892,2008,402570.0,0.0,0.929285,1.8917259999999998,CHN,JOR,842389
2525511,61,113,8892,2008,52645.0,0.0,2.007167,-3.256961,DEU,JOR,842389
2525512,81,113,8892,2008,9353.0,0.0,1.7586119999999998,0.061214,GBR,JOR,842389
2525513,90,113,8892,2008,16692.0,0.0,0.33272399999999996,1.758188,GRC,JOR,842389
2525514,104,113,8892,2008,50928.0,0.0,0.26694,2.926023,IND,JOR,842389
2525515,108,113,8892,2008,0.0,12653.0,-1.6604189999999999,-0.886959,IRQ,JOR,842389
2525516,111,113,8892,2008,77131.0,0.0,1.308777,0.361523,ITA,JOR,842389
2525517,121,113,8892,2008,3325.0,0.0,1.491687,0.814692,KOR,JOR,842389
2525518,162,113,8892,2008,10265.0,0.0,1.139475,1.385316,NLD,JOR,842389
2525519,177,113,8892,2008,5793.0,0.0,1.037287,1.244457,POL,JOR,842389
2525520,183,113,8892,2008,0.0,118260.0,-0.36390900000000004,-1.0045549999999999,QAT,JOR,842389
2525521,224,113,8892,2008,72282.0,0.0,0.44478,2.186881,TUR,JOR,842389
2525522,231,113,8892,2008,32794.0,0.0,1.584278,-0.209788,USA,JOR,842389
2525523,249,113,8892,2008,19153.0,0.0,1.611693,0.93875,TWN,JOR,842389
2525524,250,113,8892,2008,0.0,31704.0,0.547909,-0.5303640000000001,ANS,JOR,842389
2525525,7,115,8892,2008,3030.0,0.0,-0.276433,-0.692392,ARE,KAZ,842389
2525526,15,115,8892,2008,3308.0,0.0,1.634816,-0.078419,AUT,KAZ,842389
2525527,18,115,8892,2008,8978.0,0.0,1.297416,0.9716549999999999,BEL,KAZ,842389
2525528,23,115,8892,2008,8284.0,0.0,0.44409,1.575399,BGR,KAZ,842389
2525529,43,115,8892,2008,305433.0,0.0,0.929285,1.8917259999999998,CHN,KAZ,842389
2525530,61,115,8892,2008,173974.0,66597.0,2.007167,-3.256961,DEU,KAZ,842389
2525531,64,115,8892,2008,23181.0,0.0,1.165294,1.1112440000000001,DNK,KAZ,842389
2525532,71,115,8892,2008,54910.0,0.0,0.8755649999999999,2.122164,ESP,KAZ,842389
2525533,74,115,8892,2008,70869.0,0.0,1.767859,0.846409,FIN,KAZ,842389
2525534,107,115,8892,2008,7083.0,0.0,-0.9776469999999999,-1.054475,IRN,KAZ,842389
2525535,111,115,8892,2008,28025.0,0.0,1.308777,0.361523,ITA,KAZ,842389
2525536,117,115,8892,2008,3104.0,158092.0,-0.287826,-0.11858699999999998,KGZ,KAZ,842389
2525537,121,115,8892,2008,53649.0,0.0,1.491687,0.814692,KOR,KAZ,842389
2525538,132,115,8892,2008,5939.0,0.0,0.655489,1.0811540000000002,LVA,KAZ,842389
2525539,135,115,8892,2008,44980.0,0.0,0.096913,-0.095718,MDA,KAZ,842389
2525540,162,115,8892,2008,140134.0,0.0,1.139475,1.385316,NLD,KAZ,842389
2525541,177,115,8892,2008,1863.0,0.0,1.037287,1.244457,POL,KAZ,842389
2525542,186,115,8892,2008,2742436.0,0.0,0.559059,-0.00886,RUS,KAZ,842389
2525543,224,115,8892,2008,135910.0,1369.0,0.44478,2.186881,TUR,KAZ,842389
2525544,228,115,8892,2008,179776.0,0.0,0.59355,0.764415,UKR,KAZ,842389
2525545,231,115,8892,2008,347042.0,0.0,1.584278,-0.209788,USA,KAZ,842389
2525546,246,115,8892,2008,2937.0,0.0,0.22551500000000002,1.185506,ZAF,KAZ,842389
2525547,7,116,8892,2008,13744.0,0.0,-0.276433,-0.692392,ARE,KEN,842389
2525548,17,116,8892,2008,0.0,39503.0,-0.313815,-0.539678,BDI,KEN,842389
2525549,41,116,8892,2008,116758.0,0.0,1.978404,0.368694,CHE,KEN,842389
2525550,42,116,8892,2008,7796.0,0.0,-0.293985,-0.349554,CHL,KEN,842389
2525551,43,116,8892,2008,162816.0,0.0,0.929285,1.8917259999999998,CHN,KEN,842389
2525552,46,116,8892,2008,0.0,9727.0,-1.513117,-1.141895,COD,KEN,842389
2525553,77,116,8892,2008,19961.0,0.0,1.487702,-0.223965,FRA,KEN,842389
2525554,81,116,8892,2008,60186.0,0.0,1.7586119999999998,0.061214,GBR,KEN,842389
2525555,97,116,8892,2008,24669.0,0.0,0.74435,2.149616,HKG,KEN,842389
2525556,104,116,8892,2008,29704.0,0.0,0.26694,2.926023,IND,KEN,842389
2525557,107,116,8892,2008,11249.0,0.0,-0.9776469999999999,-1.054475,IRN,KEN,842389
2525558,110,116,8892,2008,6640.0,0.0,1.169192,0.797136,ISR,KEN,842389
2525559,147,116,8892,2008,0.0,22593.0,-0.982727,-0.8361219999999999,MOZ,KEN,842389
2525560,152,116,8892,2008,0.0,1713.0,-1.387548,-1.184696,MWI,KEN,842389
2525561,162,116,8892,2008,33328.0,0.0,1.139475,1.385316,NLD,KEN,842389
2525562,190,116,8892,2008,0.0,758.0,-2.095439,-1.263511,SDN,KEN,842389
2525563,199,116,8892,2008,0.0,52398.0,-0.594349,-0.8550979999999999,SOM,KEN,842389
2525564,226,116,8892,2008,0.0,36061.0,-0.755692,0.8751690000000001,TZA,KEN,842389
2525565,227,116,8892,2008,1746.0,7904.0,-0.653885,-0.035455,UGA,KEN,842389
2525566,246,116,8892,2008,5622.0,12658.0,0.22551500000000002,1.185506,ZAF,KEN,842389
2525567,43,117,8892,2008,368315.0,0.0,0.929285,1.8917259999999998,CHN,KGZ,842389
2525568,115,117,8892,2008,158092.0,3104.0,-0.43055200000000005,-0.6852590000000001,KAZ,KGZ,842389
2525569,121,117,8892,2008,34786.0,0.0,1.491687,0.814692,KOR,KGZ,842389
2525570,186,117,8892,2008,13393.0,0.0,0.559059,-0.00886,RUS,KGZ,842389
2525571,231,117,8892,2008,917.0,0.0,1.584278,-0.209788,USA,KGZ,842389
2525572,43,118,8892,2008,9417.0,0.0,0.929285,1.8917259999999998,CHN,KHM,842389
2525573,216,118,8892,2008,29134.0,0.0,0.7531399999999999,1.4420620000000002,THA,KHM,842389
2525574,239,118,8892,2008,12932.0,0.0,-0.207083,1.1323370000000001,VNM,KHM,842389
2525575,7,122,8892,2008,5206.0,0.0,-0.276433,-0.692392,ARE,KWT,842389
2525576,14,122,8892,2008,7832.0,0.0,-0.171801,-0.012588,AUS,KWT,842389
2525577,24,122,8892,2008,0.0,7200.0,0.335334,-0.81372,BHR,KWT,842389
2525578,39,122,8892,2008,4443.0,0.0,0.684659,1.085312,CAN,KWT,842389
2525579,43,122,8892,2008,4051.0,0.0,0.929285,1.8917259999999998,CHN,KWT,842389
2525580,61,122,8892,2008,99392.0,0.0,2.007167,-3.256961,DEU,KWT,842389
2525581,114,122,8892,2008,5743.0,0.0,2.285056,0.036255,JPN,KWT,842389
2525582,162,122,8892,2008,38420.0,0.0,1.139475,1.385316,NLD,KWT,842389
2525583,166,122,8892,2008,1512.0,0.0,0.513416,0.753058,NZL,KWT,842389
2525584,231,122,8892,2008,22051.0,0.0,1.584278,-0.209788,USA,KWT,842389
2525585,23,124,8892,2008,0.0,1336.0,0.44409,1.575399,BGR,LBN,842389
2525586,41,124,8892,2008,5851.0,0.0,1.978404,0.368694,CHE,LBN,842389
2525587,43,124,8892,2008,17520.0,0.0,0.929285,1.8917259999999998,CHN,LBN,842389
2525588,44,124,8892,2008,0.0,894.0,-0.9806040000000001,-0.730792,CIV,LBN,842389
2525589,45,124,8892,2008,0.0,7927.0,-1.143808,-1.0725,CMR,LBN,842389
2525590,61,124,8892,2008,38133.0,0.0,2.007167,-3.256961,DEU,LBN,842389
2525591,71,124,8892,2008,16859.0,0.0,0.8755649999999999,2.122164,ESP,LBN,842389
2525592,77,124,8892,2008,1448.0,0.0,1.487702,-0.223965,FRA,LBN,842389
2525593,108,124,8892,2008,0.0,4001.0,-1.6604189999999999,-0.886959,IRQ,LBN,842389
2525594,111,124,8892,2008,69126.0,0.0,1.308777,0.361523,ITA,LBN,842389
2525595,114,124,8892,2008,2393.0,0.0,2.285056,0.036255,JPN,LBN,842389
2525596,121,124,8892,2008,16449.0,0.0,1.491687,0.814692,KOR,LBN,842389
2525597,157,124,8892,2008,0.0,5410.0,-0.677687,-0.75195,NER,LBN,842389
2525598,159,124,8892,2008,0.0,744.0,-1.9809139999999998,-1.189201,NGA,LBN,842389
2525599,167,124,8892,2008,0.0,27592.0,-0.635199,-1.027136,OMN,LBN,842389
2525600,177,124,8892,2008,5720.0,0.0,1.037287,1.244457,POL,LBN,842389
2525601,183,124,8892,2008,0.0,2623.0,-0.36390900000000004,-1.0045549999999999,QAT,LBN,842389
2525602,188,124,8892,2008,0.0,1585.0,-0.09849400000000001,-0.8998309999999999,SAU,LBN,842389
2525603,191,124,8892,2008,0.0,833.0,-0.478024,-0.313199,SEN,LBN,842389
2525604,208,124,8892,2008,0.0,2611.0,1.866575,0.44342700000000007,SWE,LBN,842389
2525605,212,124,8892,2008,0.0,10457.0,-0.365789,0.877383,SYR,LBN,842389
2525606,231,124,8892,2008,11020.0,0.0,1.584278,-0.209788,USA,LBN,842389
2525607,248,124,8892,2008,0.0,1137.0,-0.377992,-0.577244,ZWE,LBN,842389
2525608,249,124,8892,2008,17545.0,0.0,1.611693,0.93875,TWN,LBN,842389
2525609,7,128,8892,2008,15210.0,0.0,-0.276433,-0.692392,ARE,LKA,842389
2525610,18,128,8892,2008,2942.0,0.0,1.297416,0.9716549999999999,BEL,LKA,842389
2525611,41,128,8892,2008,1036.0,0.0,1.978404,0.368694,CHE,LKA,842389
2525612,43,128,8892,2008,45966.0,0.0,0.929285,1.8917259999999998,CHN,LKA,842389
2525613,61,128,8892,2008,9104.0,0.0,2.007167,-3.256961,DEU,LKA,842389
2525614,71,128,8892,2008,39176.0,0.0,0.8755649999999999,2.122164,ESP,LKA,842389
2525615,81,128,8892,2008,17525.0,0.0,1.7586119999999998,0.061214,GBR,LKA,842389
2525616,97,128,8892,2008,4914.0,0.0,0.74435,2.149616,HKG,LKA,842389
2525617,104,128,8892,2008,67596.0,0.0,0.26694,2.926023,IND,LKA,842389
2525618,114,128,8892,2008,20653.0,0.0,2.285056,0.036255,JPN,LKA,842389
2525619,121,128,8892,2008,18735.0,0.0,1.491687,0.814692,KOR,LKA,842389
2525620,137,128,8892,2008,0.0,692.0,0.037203,-0.718439,MDV,LKA,842389
2525621,192,128,8892,2008,3845.0,0.0,1.844543,0.5947020000000001,SGP,LKA,842389
2525622,216,128,8892,2008,0.0,9456.0,0.7531399999999999,1.4420620000000002,THA,LKA,842389
2525623,231,128,8892,2008,5649.0,3231.0,1.584278,-0.209788,USA,LKA,842389
2525624,246,128,8892,2008,9300.0,0.0,0.22551500000000002,1.185506,ZAF,LKA,842389
2525625,249,128,8892,2008,4781.0,0.0,1.611693,0.93875,TWN,LKA,842389
2525626,15,130,8892,2008,17971.0,0.0,1.634816,-0.078419,AUT,LTU,842389
2525627,28,130,8892,2008,1858.0,0.0,0.9869,0.38977399999999995,BLR,LTU,842389
2525628,41,130,8892,2008,109391.0,0.0,1.978404,0.368694,CHE,LTU,842389
2525629,43,130,8892,2008,217162.0,0.0,0.929285,1.8917259999999998,CHN,LTU,842389
2525630,61,130,8892,2008,26132.0,0.0,2.007167,-3.256961,DEU,LTU,842389
2525631,64,130,8892,2008,37838.0,0.0,1.165294,1.1112440000000001,DNK,LTU,842389
2525632,72,130,8892,2008,0.0,51817.0,0.749696,1.5173940000000001,EST,LTU,842389
2525633,74,130,8892,2008,5166.0,0.0,1.767859,0.846409,FIN,LTU,842389
2525634,81,130,8892,2008,7286.0,0.0,1.7586119999999998,0.061214,GBR,LTU,842389
2525635,90,130,8892,2008,90805.0,0.0,0.33272399999999996,1.758188,GRC,LTU,842389
2525636,111,130,8892,2008,3261.0,0.0,1.308777,0.361523,ITA,LTU,842389
2525637,132,130,8892,2008,179807.0,88325.0,0.655489,1.0811540000000002,LVA,LTU,842389
2525638,162,130,8892,2008,2387.0,0.0,1.139475,1.385316,NLD,LTU,842389
2525639,177,130,8892,2008,4155.0,0.0,1.037287,1.244457,POL,LTU,842389
2525640,186,130,8892,2008,49826.0,57063.0,0.559059,-0.00886,RUS,LTU,842389
2525641,192,130,8892,2008,23082.0,0.0,1.844543,0.5947020000000001,SGP,LTU,842389
2525642,224,130,8892,2008,19612.0,0.0,0.44478,2.186881,TUR,LTU,842389
2525643,231,130,8892,2008,3416.0,0.0,1.584278,-0.209788,USA,LTU,842389
2525644,18,131,8892,2008,26022.0,0.0,1.297416,0.9716549999999999,BEL,LUX,842389
2525645,61,131,8892,2008,6030.0,0.0,2.007167,-3.256961,DEU,LUX,842389
2525646,77,131,8892,2008,261192.0,16011.0,1.487702,-0.223965,FRA,LUX,842389
2525647,162,131,8892,2008,2650.0,0.0,1.139475,1.385316,NLD,LUX,842389
2525648,163,131,8892,2008,0.0,6955.0,0.911428,-0.019318000000000002,NOR,LUX,842389
2525649,231,131,8892,2008,16692.0,0.0,1.584278,-0.209788,USA,LUX,842389
2525650,43,135,8892,2008,6328.0,0.0,0.929285,1.8917259999999998,CHN,MDA,842389
2525651,77,135,8892,2008,1740.0,0.0,1.487702,-0.223965,FRA,MDA,842389
2525652,110,135,8892,2008,4437.0,0.0,1.169192,0.797136,ISR,MDA,842389
2525653,115,135,8892,2008,0.0,44980.0,-0.43055200000000005,-0.6852590000000001,KAZ,MDA,842389
2525654,185,135,8892,2008,243421.0,0.0,0.784924,1.235527,ROU,MDA,842389
2525655,224,135,8892,2008,15758.0,0.0,0.44478,2.186881,TUR,MDA,842389
2525656,228,135,8892,2008,71283.0,0.0,0.59355,0.764415,UKR,MDA,842389
2525657,90,144,8892,2008,29653.0,0.0,0.33272399999999996,1.758188,GRC,MNE,842389
2525658,111,144,8892,2008,35132.0,0.0,1.308777,0.361523,ITA,MNE,842389
2525659,201,144,8892,2008,36349.0,0.0,0.615147,1.484149,SRB,MNE,842389
2525660,207,144,8892,2008,4531.0,0.0,1.5099209999999998,0.683663,SVN,MNE,842389
2525661,7,147,8892,2008,4709.0,0.0,-0.276433,-0.692392,ARE,MOZ,842389
2525662,43,147,8892,2008,11366.0,0.0,0.929285,1.8917259999999998,CHN,MOZ,842389
2525663,71,147,8892,2008,7457.0,0.0,0.8755649999999999,2.122164,ESP,MOZ,842389
2525664,104,147,8892,2008,1859.0,0.0,0.26694,2.926023,IND,MOZ,842389
2525665,116,147,8892,2008,22593.0,0.0,-0.284528,0.9378610000000001,KEN,MOZ,842389
2525666,121,147,8892,2008,1073.0,0.0,1.491687,0.814692,KOR,MOZ,842389
2525667,162,147,8892,2008,24721.0,0.0,1.139475,1.385316,NLD,MOZ,842389
2525668,179,147,8892,2008,73043.0,0.0,0.64135,2.1946939999999997,PRT,MOZ,842389
2525669,190,147,8892,2008,1286.0,0.0,-2.095439,-1.263511,SDN,MOZ,842389
2525670,231,147,8892,2008,5612.0,0.0,1.584278,-0.209788,USA,MOZ,842389
2525671,246,147,8892,2008,483266.0,12005.0,0.22551500000000002,1.185506,ZAF,MOZ,842389
2525672,250,147,8892,2008,0.0,4380.0,0.547909,-0.5303640000000001,ANS,MOZ,842389
2525673,7,159,8892,2008,21864.0,0.0,-0.276433,-0.692392,ARE,NGA,842389
2525674,14,159,8892,2008,1020.0,0.0,-0.171801,-0.012588,AUS,NGA,842389
2525675,19,159,8892,2008,0.0,1443.0,-1.171101,-0.9600569999999999,BEN,NGA,842389
2525676,37,159,8892,2008,29751.0,0.0,-0.191616,-0.848397,BWA,NGA,842389
2525677,43,159,8892,2008,702751.0,0.0,0.929285,1.8917259999999998,CHN,NGA,842389
2525678,61,159,8892,2008,169018.0,0.0,2.007167,-3.256961,DEU,NGA,842389
2525679,71,159,8892,2008,25880.0,0.0,0.8755649999999999,2.122164,ESP,NGA,842389
2525680,77,159,8892,2008,87234.0,0.0,1.487702,-0.223965,FRA,NGA,842389
2525681,81,159,8892,2008,314000.0,0.0,1.7586119999999998,0.061214,GBR,NGA,842389
2525682,90,159,8892,2008,174270.0,0.0,0.33272399999999996,1.758188,GRC,NGA,842389
2525683,104,159,8892,2008,196744.0,0.0,0.26694,2.926023,IND,NGA,842389
2525684,110,159,8892,2008,6201.0,0.0,1.169192,0.797136,ISR,NGA,842389
2525685,111,159,8892,2008,68754.0,0.0,1.308777,0.361523,ITA,NGA,842389
2525686,121,159,8892,2008,2530.0,0.0,1.491687,0.814692,KOR,NGA,842389
2525687,124,159,8892,2008,744.0,0.0,0.46133100000000005,1.4598149999999999,LBN,NGA,842389
2525688,192,159,8892,2008,28032.0,0.0,1.844543,0.5947020000000001,SGP,NGA,842389
2525689,231,159,8892,2008,2586.0,0.0,1.584278,-0.209788,USA,NGA,842389
2525690,246,159,8892,2008,150618.0,0.0,0.22551500000000002,1.185506,ZAF,NGA,842389
2525691,7,167,8892,2008,121822.0,12248.0,-0.276433,-0.692392,ARE,OMN,842389
2525692,18,167,8892,2008,29237.0,0.0,1.297416,0.9716549999999999,BEL,OMN,842389
2525693,43,167,8892,2008,44447.0,0.0,0.929285,1.8917259999999998,CHN,OMN,842389
2525694,61,167,8892,2008,378658.0,854.0,2.007167,-3.256961,DEU,OMN,842389
2525695,81,167,8892,2008,365057.0,29379.0,1.7586119999999998,0.061214,GBR,OMN,842389
2525696,104,167,8892,2008,20320.0,0.0,0.26694,2.926023,IND,OMN,842389
2525697,124,167,8892,2008,27592.0,0.0,0.46133100000000005,1.4598149999999999,LBN,OMN,842389
2525698,162,167,8892,2008,6513.0,0.0,1.139475,1.385316,NLD,OMN,842389
2525699,231,167,8892,2008,71864.0,0.0,1.584278,-0.209788,USA,OMN,842389
2525700,246,167,8892,2008,929.0,0.0,0.22551500000000002,1.185506,ZAF,OMN,842389
2525701,7,168,8892,2008,1042.0,0.0,-0.276433,-0.692392,ARE,PAK,842389
2525702,14,168,8892,2008,1389.0,0.0,-0.171801,-0.012588,AUS,PAK,842389
2525703,18,168,8892,2008,1031.0,0.0,1.297416,0.9716549999999999,BEL,PAK,842389
2525704,22,168,8892,2008,0.0,33534.0,-0.852774,-0.766779,BGD,PAK,842389
2525705,39,168,8892,2008,8846.0,0.0,0.684659,1.085312,CAN,PAK,842389
2525706,41,168,8892,2008,5832.0,0.0,1.978404,0.368694,CHE,PAK,842389
2525707,43,168,8892,2008,179253.0,0.0,0.929285,1.8917259999999998,CHN,PAK,842389
2525708,61,168,8892,2008,41279.0,6549.0,2.007167,-3.256961,DEU,PAK,842389
2525709,81,168,8892,2008,118054.0,0.0,1.7586119999999998,0.061214,GBR,PAK,842389
2525710,97,168,8892,2008,2260.0,0.0,0.74435,2.149616,HKG,PAK,842389
2525711,104,168,8892,2008,6886.0,0.0,0.26694,2.926023,IND,PAK,842389
2525712,111,168,8892,2008,10928.0,0.0,1.308777,0.361523,ITA,PAK,842389
2525713,114,168,8892,2008,6977.0,0.0,2.285056,0.036255,JPN,PAK,842389
2525714,121,168,8892,2008,2798.0,0.0,1.491687,0.814692,KOR,PAK,842389
2525715,162,168,8892,2008,3769.0,0.0,1.139475,1.385316,NLD,PAK,842389
2525716,163,168,8892,2008,5050.0,0.0,0.911428,-0.019318000000000002,NOR,PAK,842389
2525717,177,168,8892,2008,2286.0,0.0,1.037287,1.244457,POL,PAK,842389
2525718,192,168,8892,2008,5702.0,0.0,1.844543,0.5947020000000001,SGP,PAK,842389
2525719,216,168,8892,2008,70579.0,0.0,0.7531399999999999,1.4420620000000002,THA,PAK,842389
2525720,226,168,8892,2008,0.0,2228.0,-0.755692,0.8751690000000001,TZA,PAK,842389
2525721,231,168,8892,2008,22010.0,0.0,1.584278,-0.209788,USA,PAK,842389
2525722,246,168,8892,2008,0.0,1002.0,0.22551500000000002,1.185506,ZAF,PAK,842389
2525723,249,168,8892,2008,4099.0,0.0,1.611693,0.93875,TWN,PAK,842389
2525724,32,178,8892,2008,0.0,2881.0,0.444687,0.904332,BRA,PRK,842389
2525725,43,178,8892,2008,119352.0,0.0,0.929285,1.8917259999999998,CHN,PRK,842389
2525726,160,178,8892,2008,0.0,45333.0,-0.869193,-0.676623,NIC,PRK,842389
2525727,15,186,8892,2008,55650.0,0.0,1.634816,-0.078419,AUT,RUS,842389
2525728,16,186,8892,2008,0.0,54639.0,-0.7143109999999999,-1.114747,AZE,RUS,842389
2525729,18,186,8892,2008,26879.0,0.0,1.297416,0.9716549999999999,BEL,RUS,842389
2525730,23,186,8892,2008,64088.0,0.0,0.44409,1.575399,BGR,RUS,842389
2525731,28,186,8892,2008,0.0,488055.0,0.9869,0.38977399999999995,BLR,RUS,842389
2525732,41,186,8892,2008,13872.0,0.0,1.978404,0.368694,CHE,RUS,842389
2525733,43,186,8892,2008,1959136.0,0.0,0.929285,1.8917259999999998,CHN,RUS,842389
2525734,59,186,8892,2008,1211.0,0.0,1.592035,0.27983600000000003,CZE,RUS,842389
2525735,61,186,8892,2008,1933401.0,0.0,2.007167,-3.256961,DEU,RUS,842389
2525736,71,186,8892,2008,13009.0,38953.0,0.8755649999999999,2.122164,ESP,RUS,842389
2525737,72,186,8892,2008,1586.0,0.0,0.749696,1.5173940000000001,EST,RUS,842389
2525738,74,186,8892,2008,473401.0,2264.0,1.767859,0.846409,FIN,RUS,842389
2525739,77,186,8892,2008,5899.0,0.0,1.487702,-0.223965,FRA,RUS,842389
2525740,81,186,8892,2008,26740.0,3150.0,1.7586119999999998,0.061214,GBR,RUS,842389
2525741,82,186,8892,2008,0.0,92446.0,-0.355095,-0.660181,GEO,RUS,842389
2525742,102,186,8892,2008,545594.0,0.0,1.3358299999999999,0.8177770000000001,HUN,RUS,842389
2525743,110,186,8892,2008,7152.0,0.0,1.169192,0.797136,ISR,RUS,842389
2525744,111,186,8892,2008,118223.0,0.0,1.308777,0.361523,ITA,RUS,842389
2525745,114,186,8892,2008,359388.0,0.0,2.285056,0.036255,JPN,RUS,842389
2525746,115,186,8892,2008,0.0,2742436.0,-0.43055200000000005,-0.6852590000000001,KAZ,RUS,842389
2525747,117,186,8892,2008,0.0,13393.0,-0.287826,-0.11858699999999998,KGZ,RUS,842389
2525748,121,186,8892,2008,196552.0,0.0,1.491687,0.814692,KOR,RUS,842389
2525749,130,186,8892,2008,57063.0,49826.0,0.59033,0.961408,LTU,RUS,842389
2525750,145,186,8892,2008,0.0,11153.0,-1.13585,-1.1076190000000001,MNG,RUS,842389
2525751,162,186,8892,2008,5553.0,0.0,1.139475,1.385316,NLD,RUS,842389
2525752,177,186,8892,2008,219298.0,0.0,1.037287,1.244457,POL,RUS,842389
2525753,208,186,8892,2008,1573.0,0.0,1.866575,0.44342700000000007,SWE,RUS,842389
2525754,217,186,8892,2008,23108.0,0.0,-0.8988010000000001,-1.126157,TJK,RUS,842389
2525755,224,186,8892,2008,162263.0,0.0,0.44478,2.186881,TUR,RUS,842389
2525756,228,186,8892,2008,1609341.0,101847.0,0.59355,0.764415,UKR,RUS,842389
2525757,231,186,8892,2008,836096.0,0.0,1.584278,-0.209788,USA,RUS,842389
2525758,232,186,8892,2008,0.0,126924.0,-0.470184,-0.773163,UZB,RUS,842389
2525759,239,186,8892,2008,0.0,6676.0,-0.207083,1.1323370000000001,VNM,RUS,842389
2525760,249,186,8892,2008,42911.0,0.0,1.611693,0.93875,TWN,RUS,842389
2525761,7,191,8892,2008,4312.0,0.0,-0.276433,-0.692392,ARE,SEN,842389
2525762,14,191,8892,2008,198330.0,0.0,-0.171801,-0.012588,AUS,SEN,842389
2525763,43,191,8892,2008,13623.0,0.0,0.929285,1.8917259999999998,CHN,SEN,842389
2525764,61,191,8892,2008,8225.0,0.0,2.007167,-3.256961,DEU,SEN,842389
2525765,71,191,8892,2008,31459.0,0.0,0.8755649999999999,2.122164,ESP,SEN,842389
2525766,77,191,8892,2008,106892.0,0.0,1.487702,-0.223965,FRA,SEN,842389
2525767,104,191,8892,2008,11869.0,0.0,0.26694,2.926023,IND,SEN,842389
2525768,111,191,8892,2008,2416.0,0.0,1.308777,0.361523,ITA,SEN,842389
2525769,121,191,8892,2008,1621.0,0.0,1.491687,0.814692,KOR,SEN,842389
2525770,124,191,8892,2008,833.0,0.0,0.46133100000000005,1.4598149999999999,LBN,SEN,842389
2525771,179,191,8892,2008,30969.0,0.0,0.64135,2.1946939999999997,PRT,SEN,842389
2525772,224,191,8892,2008,832.0,0.0,0.44478,2.186881,TUR,SEN,842389
2525773,7,192,8892,2008,0.0,251274.0,-0.276433,-0.692392,ARE,SGP,842389
2525774,14,192,8892,2008,52513.0,227223.0,-0.171801,-0.012588,AUS,SGP,842389
2525775,18,192,8892,2008,0.0,103926.0,1.297416,0.9716549999999999,BEL,SGP,842389
2525776,22,192,8892,2008,0.0,28300.0,-0.852774,-0.766779,BGD,SGP,842389
2525777,23,192,8892,2008,0.0,20633.0,0.44409,1.575399,BGR,SGP,842389
2525778,34,192,8892,2008,0.0,2368.0,-1.7609099999999998,-0.8835959999999999,BRN,SGP,842389
2525779,39,192,8892,2008,4204.0,0.0,0.684659,1.085312,CAN,SGP,842389
2525780,41,192,8892,2008,30707.0,1620.0,1.978404,0.368694,CHE,SGP,842389
2525781,42,192,8892,2008,0.0,33365.0,-0.293985,-0.349554,CHL,SGP,842389
2525782,43,192,8892,2008,131444.0,47499.0,0.929285,1.8917259999999998,CHN,SGP,842389
2525783,59,192,8892,2008,0.0,10981.0,1.592035,0.27983600000000003,CZE,SGP,842389
2525784,61,192,8892,2008,340527.0,493302.0,2.007167,-3.256961,DEU,SGP,842389
2525785,64,192,8892,2008,0.0,12431.0,1.165294,1.1112440000000001,DNK,SGP,842389
2525786,68,192,8892,2008,0.0,2748.0,-0.098316,1.134642,EGY,SGP,842389
2525787,77,192,8892,2008,2616.0,0.0,1.487702,-0.223965,FRA,SGP,842389
2525788,81,192,8892,2008,487053.0,55975.0,1.7586119999999998,0.061214,GBR,SGP,842389
2525789,82,192,8892,2008,0.0,1193.0,-0.355095,-0.660181,GEO,SGP,842389
2525790,97,192,8892,2008,7073.0,5263.0,0.74435,2.149616,HKG,SGP,842389
2525791,100,192,8892,2008,0.0,7389.0,0.874459,1.075102,HRV,SGP,842389
2525792,103,192,8892,2008,1518361.0,313648.0,-0.11154000000000001,1.4879850000000001,IDN,SGP,842389
2525793,104,192,8892,2008,108714.0,68090.0,0.26694,2.926023,IND,SGP,842389
2525794,110,192,8892,2008,19942.0,0.0,1.169192,0.797136,ISR,SGP,842389
2525795,112,192,8892,2008,0.0,3095.0,-0.412969,-0.9444030000000001,JAM,SGP,842389
2525796,114,192,8892,2008,87678.0,13723.0,2.285056,0.036255,JPN,SGP,842389
2525797,121,192,8892,2008,453423.0,22924.0,1.491687,0.814692,KOR,SGP,842389
2525798,128,192,8892,2008,0.0,3845.0,-0.48245200000000005,0.295892,LKA,SGP,842389
2525799,130,192,8892,2008,0.0,23082.0,0.59033,0.961408,LTU,SGP,842389
2525800,137,192,8892,2008,0.0,3351.0,0.037203,-0.718439,MDV,SGP,842389
2525801,138,192,8892,2008,0.0,5513.0,0.9833639999999999,0.7687069999999999,MEX,SGP,842389
2525802,143,192,8892,2008,0.0,3988.0,-1.501556,-1.1134110000000002,MMR,SGP,842389
2525803,153,192,8892,2008,32316.0,322997.0,0.793395,0.6141939999999999,MYS,SGP,842389
2525804,159,192,8892,2008,0.0,28032.0,-1.9809139999999998,-1.189201,NGA,SGP,842389
2525805,162,192,8892,2008,0.0,2319.0,1.139475,1.385316,NLD,SGP,842389
2525806,163,192,8892,2008,9500.0,205275.0,0.911428,-0.019318000000000002,NOR,SGP,842389
2525807,168,192,8892,2008,0.0,5702.0,-0.401588,0.500668,PAK,SGP,842389
2525808,174,192,8892,2008,24056.0,2421.0,0.276488,-0.02957,PHL,SGP,842389
2525809,176,192,8892,2008,0.0,24831.0,-1.6771330000000002,-1.18528,PNG,SGP,842389
2525810,183,192,8892,2008,0.0,3726.0,-0.36390900000000004,-1.0045549999999999,QAT,SGP,842389
2525811,208,192,8892,2008,18142.0,28120.0,1.866575,0.44342700000000007,SWE,SGP,842389
2525812,211,192,8892,2008,0.0,19881.0,0.29189699999999996,-0.47472600000000004,SYC,SGP,842389
2525813,216,192,8892,2008,55820.0,139142.0,0.7531399999999999,1.4420620000000002,THA,SGP,842389
2525814,222,192,8892,2008,0.0,6650.0,-0.44752600000000003,-1.060906,TTO,SGP,842389
2525815,224,192,8892,2008,0.0,52386.0,0.44478,2.186881,TUR,SGP,842389
2525816,231,192,8892,2008,500204.0,561342.0,1.584278,-0.209788,USA,SGP,842389
2525817,239,192,8892,2008,15057.0,65290.0,-0.207083,1.1323370000000001,VNM,SGP,842389
2525818,246,192,8892,2008,0.0,10499.0,0.22551500000000002,1.185506,ZAF,SGP,842389
2525819,249,192,8892,2008,9495.0,100491.0,1.611693,0.93875,TWN,SGP,842389
2525820,15,201,8892,2008,10043.0,0.0,1.634816,-0.078419,AUT,SRB,842389
2525821,23,201,8892,2008,4871.0,0.0,0.44409,1.575399,BGR,SRB,842389
2525822,26,201,8892,2008,0.0,12092.0,0.480256,0.810361,BIH,SRB,842389
2525823,41,201,8892,2008,47725.0,0.0,1.978404,0.368694,CHE,SRB,842389
2525824,43,201,8892,2008,12562.0,0.0,0.929285,1.8917259999999998,CHN,SRB,842389
2525825,59,201,8892,2008,7258.0,0.0,1.592035,0.27983600000000003,CZE,SRB,842389
2525826,61,201,8892,2008,116135.0,0.0,2.007167,-3.256961,DEU,SRB,842389
2525827,71,201,8892,2008,11112.0,0.0,0.8755649999999999,2.122164,ESP,SRB,842389
2525828,77,201,8892,2008,6693.0,0.0,1.487702,-0.223965,FRA,SRB,842389
2525829,100,201,8892,2008,55423.0,51538.0,0.874459,1.075102,HRV,SRB,842389
2525830,110,201,8892,2008,870.0,0.0,1.169192,0.797136,ISR,SRB,842389
2525831,111,201,8892,2008,22277.0,0.0,1.308777,0.361523,ITA,SRB,842389
2525832,140,201,8892,2008,0.0,14255.0,-0.090639,-0.137401,MKD,SRB,842389
2525833,144,201,8892,2008,0.0,36349.0,0.321434,-0.168212,MNE,SRB,842389
2525834,162,201,8892,2008,1419.0,0.0,1.139475,1.385316,NLD,SRB,842389
2525835,177,201,8892,2008,7054.0,0.0,1.037287,1.244457,POL,SRB,842389
2525836,207,201,8892,2008,57328.0,3820.0,1.5099209999999998,0.683663,SVN,SRB,842389
2525837,224,201,8892,2008,7052.0,0.0,0.44478,2.186881,TUR,SRB,842389
2525838,231,201,8892,2008,7948.0,0.0,1.584278,-0.209788,USA,SRB,842389
2525839,249,201,8892,2008,1323.0,0.0,1.611693,0.93875,TWN,SRB,842389
2525840,39,209,8892,2008,0.0,2323.0,0.684659,1.085312,CAN,SWZ,842389
2525841,61,209,8892,2008,8516.0,0.0,2.007167,-3.256961,DEU,SWZ,842389
2525842,65,209,8892,2008,0.0,6154.0,-0.167958,0.241283,DOM,SWZ,842389
2525843,231,209,8892,2008,0.0,2809.0,1.584278,-0.209788,USA,SWZ,842389
2525844,246,209,8892,2008,126026.0,316.0,0.22551500000000002,1.185506,ZAF,SWZ,842389
2525845,23,212,8892,2008,35909.0,0.0,0.44409,1.575399,BGR,SYR,842389
2525846,43,212,8892,2008,6840.0,0.0,0.929285,1.8917259999999998,CHN,SYR,842389
2525847,61,212,8892,2008,10355.0,0.0,2.007167,-3.256961,DEU,SYR,842389
2525848,68,212,8892,2008,0.0,8002.0,-0.098316,1.134642,EGY,SYR,842389
2525849,124,212,8892,2008,10457.0,0.0,0.46133100000000005,1.4598149999999999,LBN,SYR,842389
2525850,190,212,8892,2008,0.0,833.0,-2.095439,-1.263511,SDN,SYR,842389
2525851,224,212,8892,2008,71389.0,0.0,0.44478,2.186881,TUR,SYR,842389
2525852,249,212,8892,2008,2147.0,0.0,1.611693,0.93875,TWN,SYR,842389
2525853,43,217,8892,2008,41121.0,0.0,0.929285,1.8917259999999998,CHN,TJK,842389
2525854,61,217,8892,2008,95162.0,0.0,2.007167,-3.256961,DEU,TJK,842389
2525855,186,217,8892,2008,0.0,23108.0,0.559059,-0.00886,RUS,TJK,842389
2525856,224,217,8892,2008,14347.0,0.0,0.44478,2.186881,TUR,TJK,842389
2525857,7,219,8892,2008,19528.0,0.0,-0.276433,-0.692392,ARE,TKM,842389
2525858,43,219,8892,2008,37436.0,0.0,0.929285,1.8917259999999998,CHN,TKM,842389
2525859,224,219,8892,2008,396305.0,0.0,0.44478,2.186881,TUR,TKM,842389
2525860,231,219,8892,2008,74711.0,0.0,1.584278,-0.209788,USA,TKM,842389
2525861,43,223,8892,2008,64881.0,0.0,0.929285,1.8917259999999998,CHN,TUN,842389
2525862,61,223,8892,2008,9114.0,0.0,2.007167,-3.256961,DEU,TUN,842389
2525863,71,223,8892,2008,101459.0,0.0,0.8755649999999999,2.122164,ESP,TUN,842389
2525864,77,223,8892,2008,221954.0,56387.0,1.487702,-0.223965,FRA,TUN,842389
2525865,81,223,8892,2008,177459.0,0.0,1.7586119999999998,0.061214,GBR,TUN,842389
2525866,111,223,8892,2008,31281.0,0.0,1.308777,0.361523,ITA,TUN,842389
2525867,121,223,8892,2008,2763.0,0.0,1.491687,0.814692,KOR,TUN,842389
2525868,126,223,8892,2008,0.0,27769.0,-1.156353,-1.133716,LBY,TUN,842389
2525869,179,223,8892,2008,32715.0,0.0,0.64135,2.1946939999999997,PRT,TUN,842389
2525870,231,223,8892,2008,20605.0,0.0,1.584278,-0.209788,USA,TUN,842389
2525871,7,226,8892,2008,233662.0,0.0,-0.276433,-0.692392,ARE,TZA,842389
2525872,14,226,8892,2008,25617.0,0.0,-0.171801,-0.012588,AUS,TZA,842389
2525873,41,226,8892,2008,63746.0,0.0,1.978404,0.368694,CHE,TZA,842389
2525874,43,226,8892,2008,316054.0,0.0,0.929285,1.8917259999999998,CHN,TZA,842389
2525875,61,226,8892,2008,1712.0,0.0,2.007167,-3.256961,DEU,TZA,842389
2525876,77,226,8892,2008,51282.0,0.0,1.487702,-0.223965,FRA,TZA,842389
2525877,81,226,8892,2008,64274.0,0.0,1.7586119999999998,0.061214,GBR,TZA,842389
2525878,104,226,8892,2008,28057.0,0.0,0.26694,2.926023,IND,TZA,842389
2525879,110,226,8892,2008,12499.0,0.0,1.169192,0.797136,ISR,TZA,842389
2525880,111,226,8892,2008,3484.0,0.0,1.308777,0.361523,ITA,TZA,842389
2525881,114,226,8892,2008,27126.0,0.0,2.285056,0.036255,JPN,TZA,842389
2525882,116,226,8892,2008,36061.0,0.0,-0.284528,0.9378610000000001,KEN,TZA,842389
2525883,162,226,8892,2008,1036.0,0.0,1.139475,1.385316,NLD,TZA,842389
2525884,168,226,8892,2008,2228.0,0.0,-0.401588,0.500668,PAK,TZA,842389
2525885,187,226,8892,2008,0.0,13330.0,-0.770307,-0.650779,RWA,TZA,842389
2525886,231,226,8892,2008,2737.0,0.0,1.584278,-0.209788,USA,TZA,842389
2525887,246,226,8892,2008,91934.0,0.0,0.22551500000000002,1.185506,ZAF,TZA,842389
2525888,9,228,8892,2008,0.0,43168.0,0.360609,-0.038343,ARM,UKR,842389
2525889,15,228,8892,2008,15320.0,5489.0,1.634816,-0.078419,AUT,UKR,842389
2525890,28,228,8892,2008,0.0,1476.0,0.9869,0.38977399999999995,BLR,UKR,842389
2525891,41,228,8892,2008,2892.0,0.0,1.978404,0.368694,CHE,UKR,842389
2525892,43,228,8892,2008,873772.0,0.0,0.929285,1.8917259999999998,CHN,UKR,842389
2525893,61,228,8892,2008,723663.0,0.0,2.007167,-3.256961,DEU,UKR,842389
2525894,68,228,8892,2008,0.0,29280.0,-0.098316,1.134642,EGY,UKR,842389
2525895,74,228,8892,2008,4941.0,0.0,1.767859,0.846409,FIN,UKR,842389
2525896,82,228,8892,2008,0.0,606285.0,-0.355095,-0.660181,GEO,UKR,842389
2525897,90,228,8892,2008,162257.0,0.0,0.33272399999999996,1.758188,GRC,UKR,842389
2525898,111,228,8892,2008,305757.0,4696.0,1.308777,0.361523,ITA,UKR,842389
2525899,115,228,8892,2008,0.0,179776.0,-0.43055200000000005,-0.6852590000000001,KAZ,UKR,842389
2525900,121,228,8892,2008,33472.0,0.0,1.491687,0.814692,KOR,UKR,842389
2525901,135,228,8892,2008,0.0,71283.0,0.096913,-0.095718,MDA,UKR,842389
2525902,162,228,8892,2008,45915.0,0.0,1.139475,1.385316,NLD,UKR,842389
2525903,177,228,8892,2008,71733.0,238931.0,1.037287,1.244457,POL,UKR,842389
2525904,186,228,8892,2008,101847.0,1609341.0,0.559059,-0.00886,RUS,UKR,842389
2525905,208,228,8892,2008,7049.0,0.0,1.866575,0.44342700000000007,SWE,UKR,842389
2525906,224,228,8892,2008,461697.0,0.0,0.44478,2.186881,TUR,UKR,842389
2525907,231,228,8892,2008,7012.0,0.0,1.584278,-0.209788,USA,UKR,842389
2525908,43,232,8892,2008,79177.0,0.0,0.929285,1.8917259999999998,CHN,UZB,842389
2525909,61,232,8892,2008,211437.0,0.0,2.007167,-3.256961,DEU,UZB,842389
2525910,186,232,8892,2008,126924.0,0.0,0.559059,-0.00886,RUS,UZB,842389
2525911,224,232,8892,2008,1806.0,0.0,0.44478,2.186881,TUR,UZB,842389
2525912,14,239,8892,2008,13190.0,2291.0,-0.171801,-0.012588,AUS,VNM,842389
2525913,39,239,8892,2008,18198.0,0.0,0.684659,1.085312,CAN,VNM,842389
2525914,43,239,8892,2008,2636787.0,0.0,0.929285,1.8917259999999998,CHN,VNM,842389
2525915,61,239,8892,2008,32883.0,0.0,2.007167,-3.256961,DEU,VNM,842389
2525916,74,239,8892,2008,5307.0,0.0,1.767859,0.846409,FIN,VNM,842389
2525917,77,239,8892,2008,2406.0,0.0,1.487702,-0.223965,FRA,VNM,842389
2525918,81,239,8892,2008,6951.0,0.0,1.7586119999999998,0.061214,GBR,VNM,842389
2525919,97,239,8892,2008,15262.0,0.0,0.74435,2.149616,HKG,VNM,842389
2525920,114,239,8892,2008,60684.0,24984.0,2.285056,0.036255,JPN,VNM,842389
2525921,118,239,8892,2008,0.0,12932.0,-1.064815,-1.098892,KHM,VNM,842389
2525922,121,239,8892,2008,375904.0,0.0,1.491687,0.814692,KOR,VNM,842389
2525923,123,239,8892,2008,0.0,3532.0,-1.09704,-0.934141,LAO,VNM,842389
2525924,153,239,8892,2008,0.0,16322.0,0.793395,0.6141939999999999,MYS,VNM,842389
2525925,162,239,8892,2008,3101.0,0.0,1.139475,1.385316,NLD,VNM,842389
2525926,186,239,8892,2008,6676.0,0.0,0.559059,-0.00886,RUS,VNM,842389
2525927,192,239,8892,2008,65290.0,15057.0,1.844543,0.5947020000000001,SGP,VNM,842389
2525928,216,239,8892,2008,120134.0,0.0,0.7531399999999999,1.4420620000000002,THA,VNM,842389
2525929,231,239,8892,2008,3455921.0,0.0,1.584278,-0.209788,USA,VNM,842389
2525930,249,239,8892,2008,99999.0,0.0,1.611693,0.93875,TWN,VNM,842389
2525931,42,250,8892,2008,5755.0,1185.0,-0.293985,-0.349554,CHL,ANS,842389
2525932,43,250,8892,2008,0.0,4344.0,0.929285,1.8917259999999998,CHN,ANS,842389
2525933,44,250,8892,2008,2983.0,59003.0,-0.9806040000000001,-0.730792,CIV,ANS,842389
2525934,49,250,8892,2008,223102.0,0.0,0.19505699999999998,0.566189,COL,ANS,842389
2525935,52,250,8892,2008,0.0,5007.0,0.023962,-0.346029,CRI,ANS,842389
2525936,61,250,8892,2008,8429.0,0.0,2.007167,-3.256961,DEU,ANS,842389
2525937,68,250,8892,2008,0.0,33237.0,-0.098316,1.134642,EGY,ANS,842389
2525938,72,250,8892,2008,0.0,84424.0,0.749696,1.5173940000000001,EST,ANS,842389
2525939,77,250,8892,2008,0.0,1254.0,1.487702,-0.223965,FRA,ANS,842389
2525940,111,250,8892,2008,0.0,3699.0,1.308777,0.361523,ITA,ANS,842389
2525941,113,250,8892,2008,31704.0,0.0,0.255463,0.45844799999999997,JOR,ANS,842389
2525942,121,250,8892,2008,22079.0,0.0,1.491687,0.814692,KOR,ANS,842389
2525943,126,250,8892,2008,0.0,47344.0,-1.156353,-1.133716,LBY,ANS,842389
2525944,134,250,8892,2008,0.0,1082.0,-0.505734,-0.000516,MAR,ANS,842389
2525945,136,250,8892,2008,0.0,23341.0,-0.9618190000000001,-0.348841,MDG,ANS,842389
2525946,138,250,8892,2008,0.0,1955.0,0.9833639999999999,0.7687069999999999,MEX,ANS,842389
2525947,147,250,8892,2008,4380.0,0.0,-0.982727,-0.8361219999999999,MOZ,ANS,842389
2525948,153,250,8892,2008,0.0,25462.0,0.793395,0.6141939999999999,MYS,ANS,842389
2525949,177,250,8892,2008,1794.0,0.0,1.037287,1.244457,POL,ANS,842389
2525950,188,250,8892,2008,0.0,24517.0,-0.09849400000000001,-0.8998309999999999,SAU,ANS,842389
2525951,206,250,8892,2008,0.0,88509.0,1.3402040000000002,0.8038770000000001,SVK,ANS,842389
2525952,207,250,8892,2008,0.0,13012.0,1.5099209999999998,0.683663,SVN,ANS,842389
2525953,224,250,8892,2008,83051.0,0.0,0.44478,2.186881,TUR,ANS,842389
2525954,243,250,8892,2008,0.0,77469.0,-1.227495,-1.191462,YEM,ANS,842389
2525955,246,250,8892,2008,9546.0,8927.0,0.22551500000000002,1.185506,ZAF,ANS,842389
2525956,41,19,8892,2008,765.0,0.0,1.978404,0.368694,CHE,BEN,842389
2525957,43,19,8892,2008,12198.0,0.0,0.929285,1.8917259999999998,CHN,BEN,842389
2525958,71,19,8892,2008,101459.0,0.0,0.8755649999999999,2.122164,ESP,BEN,842389
2525959,77,19,8892,2008,12316.0,0.0,1.487702,-0.223965,FRA,BEN,842389
2525960,159,19,8892,2008,1443.0,0.0,-1.9809139999999998,-1.189201,NGA,BEN,842389
2525961,43,21,8892,2008,2182.0,0.0,0.929285,1.8917259999999998,CHN,BFA,842389
2525962,61,21,8892,2008,5591.0,0.0,2.007167,-3.256961,DEU,BFA,842389
2525963,77,21,8892,2008,154566.0,0.0,1.487702,-0.223965,FRA,BFA,842389
2525964,157,21,8892,2008,0.0,69440.0,-0.677687,-0.75195,NER,BFA,842389
2525965,231,25,8892,2008,99752.0,1594.0,1.584278,-0.209788,USA,BHS,842389
2525966,43,29,8892,2008,1094.0,0.0,0.929285,1.8917259999999998,CHN,BLZ,842389
2525967,138,29,8892,2008,10749.0,0.0,0.9833639999999999,0.7687069999999999,MEX,BLZ,842389
2525968,169,29,8892,2008,674.0,0.0,0.470854,0.960075,PAN,BLZ,842389
2525969,222,29,8892,2008,2382.0,0.0,-0.44752600000000003,-1.060906,TTO,BLZ,842389
2525970,231,29,8892,2008,74067.0,0.0,1.584278,-0.209788,USA,BLZ,842389
2525971,43,37,8892,2008,27546.0,0.0,0.929285,1.8917259999999998,CHN,BWA,842389
2525972,77,37,8892,2008,27008.0,0.0,1.487702,-0.223965,FRA,BWA,842389
2525973,159,37,8892,2008,0.0,29751.0,-1.9809139999999998,-1.189201,NGA,BWA,842389
2525974,231,37,8892,2008,42423.0,0.0,1.584278,-0.209788,USA,BWA,842389
2525975,246,37,8892,2008,157483.0,559.0,0.22551500000000002,1.185506,ZAF,BWA,842389
2525976,38,45,8892,2008,0.0,8023.0,-0.387367,-0.767895,CAF,CMR,842389
2525977,43,45,8892,2008,3838.0,0.0,0.929285,1.8917259999999998,CHN,CMR,842389
2525978,61,45,8892,2008,1217.0,0.0,2.007167,-3.256961,DEU,CMR,842389
2525979,77,45,8892,2008,95405.0,0.0,1.487702,-0.223965,FRA,CMR,842389
2525980,81,45,8892,2008,5461.0,0.0,1.7586119999999998,0.061214,GBR,CMR,842389
2525981,90,45,8892,2008,49312.0,0.0,0.33272399999999996,1.758188,GRC,CMR,842389
2525982,104,45,8892,2008,18467.0,0.0,0.26694,2.926023,IND,CMR,842389
2525983,111,45,8892,2008,25228.0,0.0,1.308777,0.361523,ITA,CMR,842389
2525984,124,45,8892,2008,7927.0,0.0,0.46133100000000005,1.4598149999999999,LBN,CMR,842389
2525985,162,45,8892,2008,25707.0,0.0,1.139475,1.385316,NLD,CMR,842389
2525986,246,45,8892,2008,1274.0,0.0,0.22551500000000002,1.185506,ZAF,CMR,842389
2525987,7,47,8892,2008,9085.0,0.0,-0.276433,-0.692392,ARE,COG,842389
2525988,42,47,8892,2008,543.0,0.0,-0.293985,-0.349554,CHL,COG,842389
2525989,43,47,8892,2008,113443.0,0.0,0.929285,1.8917259999999998,CHN,COG,842389
2525990,77,47,8892,2008,74902.0,0.0,1.487702,-0.223965,FRA,COG,842389
2525991,81,47,8892,2008,2799.0,0.0,1.7586119999999998,0.061214,GBR,COG,842389
2525992,104,47,8892,2008,63496.0,0.0,0.26694,2.926023,IND,COG,842389
2525993,114,47,8892,2008,19935.0,0.0,2.285056,0.036255,JPN,COG,842389
2525994,231,47,8892,2008,42114.0,0.0,1.584278,-0.209788,USA,COG,842389
2525995,246,47,8892,2008,3627.0,160.0,0.22551500000000002,1.185506,ZAF,COG,842389
2525996,15,66,8892,2008,47361.0,0.0,1.634816,-0.078419,AUT,DZA,842389
2525997,41,66,8892,2008,3505.0,0.0,1.978404,0.368694,CHE,DZA,842389
2525998,43,66,8892,2008,341859.0,0.0,0.929285,1.8917259999999998,CHN,DZA,842389
2525999,61,66,8892,2008,5255.0,0.0,2.007167,-3.256961,DEU,DZA,842389
2526000,64,66,8892,2008,96591.0,0.0,1.165294,1.1112440000000001,DNK,DZA,842389
2526001,71,66,8892,2008,89060.0,0.0,0.8755649999999999,2.122164,ESP,DZA,842389
2526002,77,66,8892,2008,391792.0,0.0,1.487702,-0.223965,FRA,DZA,842389
2526003,81,66,8892,2008,14688.0,0.0,1.7586119999999998,0.061214,GBR,DZA,842389
2526004,104,66,8892,2008,1915.0,0.0,0.26694,2.926023,IND,DZA,842389
2526005,111,66,8892,2008,449201.0,0.0,1.308777,0.361523,ITA,DZA,842389
2526006,114,66,8892,2008,232325.0,0.0,2.285056,0.036255,JPN,DZA,842389
2526007,179,66,8892,2008,455841.0,0.0,0.64135,2.1946939999999997,PRT,DZA,842389
2526008,224,66,8892,2008,102100.0,0.0,0.44478,2.186881,TUR,DZA,842389
2526009,231,66,8892,2008,12246.0,0.0,1.584278,-0.209788,USA,DZA,842389
2526010,7,73,8892,2008,109963.0,0.0,-0.276433,-0.692392,ARE,ETH,842389
2526011,32,73,8892,2008,20957.0,0.0,0.444687,0.904332,BRA,ETH,842389
2526012,41,73,8892,2008,1593.0,0.0,1.978404,0.368694,CHE,ETH,842389
2526013,43,73,8892,2008,41012.0,0.0,0.929285,1.8917259999999998,CHN,ETH,842389
2526014,61,73,8892,2008,3971.0,0.0,2.007167,-3.256961,DEU,ETH,842389
2526015,71,73,8892,2008,8609.0,11543.0,0.8755649999999999,2.122164,ESP,ETH,842389
2526016,77,73,8892,2008,6818.0,0.0,1.487702,-0.223965,FRA,ETH,842389
2526017,81,73,8892,2008,56406.0,0.0,1.7586119999999998,0.061214,GBR,ETH,842389
2526018,104,73,8892,2008,33774.0,0.0,0.26694,2.926023,IND,ETH,842389
2526019,111,73,8892,2008,932.0,0.0,1.308777,0.361523,ITA,ETH,842389
2526020,177,73,8892,2008,3803.0,0.0,1.037287,1.244457,POL,ETH,842389
2526021,208,73,8892,2008,2587.0,0.0,1.866575,0.44342700000000007,SWE,ETH,842389
2526022,224,73,8892,2008,4570.0,0.0,0.44478,2.186881,TUR,ETH,842389
2526023,231,73,8892,2008,11240.0,0.0,1.584278,-0.209788,USA,ETH,842389
2526024,246,73,8892,2008,22490.0,0.0,0.22551500000000002,1.185506,ZAF,ETH,842389
2526025,249,73,8892,2008,359.0,0.0,1.611693,0.93875,TWN,ETH,842389
2526026,41,80,8892,2008,13606.0,0.0,1.978404,0.368694,CHE,GAB,842389
2526027,43,80,8892,2008,4695.0,0.0,0.929285,1.8917259999999998,CHN,GAB,842389
2526028,77,80,8892,2008,519466.0,0.0,1.487702,-0.223965,FRA,GAB,842389
2526029,216,80,8892,2008,7461.0,0.0,0.7531399999999999,1.4420620000000002,THA,GAB,842389
2526030,231,80,8892,2008,5414.0,0.0,1.584278,-0.209788,USA,GAB,842389
2526031,14,83,8892,2008,1766.0,0.0,-0.171801,-0.012588,AUS,GHA,842389
2526032,18,83,8892,2008,1592.0,0.0,1.297416,0.9716549999999999,BEL,GHA,842389
2526033,39,83,8892,2008,2499.0,0.0,0.684659,1.085312,CAN,GHA,842389
2526034,41,83,8892,2008,25538.0,0.0,1.978404,0.368694,CHE,GHA,842389
2526035,43,83,8892,2008,50069.0,0.0,0.929285,1.8917259999999998,CHN,GHA,842389
2526036,61,83,8892,2008,1254720.0,0.0,2.007167,-3.256961,DEU,GHA,842389
2526037,67,83,8892,2008,15045.0,0.0,-0.859434,-0.972389,ECU,GHA,842389
2526038,71,83,8892,2008,21985.0,0.0,0.8755649999999999,2.122164,ESP,GHA,842389
2526039,77,83,8892,2008,189933.0,0.0,1.487702,-0.223965,FRA,GHA,842389
2526040,81,83,8892,2008,27335.0,0.0,1.7586119999999998,0.061214,GBR,GHA,842389
2526041,90,83,8892,2008,32499.0,0.0,0.33272399999999996,1.758188,GRC,GHA,842389
2526042,104,83,8892,2008,60143.0,0.0,0.26694,2.926023,IND,GHA,842389
2526043,163,83,8892,2008,3054.0,0.0,0.911428,-0.019318000000000002,NOR,GHA,842389
2526044,208,83,8892,2008,5347.0,0.0,1.866575,0.44342700000000007,SWE,GHA,842389
2526045,231,83,8892,2008,7111.0,0.0,1.584278,-0.209788,USA,GHA,842389
2526046,246,83,8892,2008,66028.0,0.0,0.22551500000000002,1.185506,ZAF,GHA,842389
2526047,18,85,8892,2008,8689.0,0.0,1.297416,0.9716549999999999,BEL,GIN,842389
2526048,43,85,8892,2008,11856.0,0.0,0.929285,1.8917259999999998,CHN,GIN,842389
2526049,77,85,8892,2008,1330.0,0.0,1.487702,-0.223965,FRA,GIN,842389
2526050,81,85,8892,2008,343.0,0.0,1.7586119999999998,0.061214,GBR,GIN,842389
2526051,104,85,8892,2008,5352.0,0.0,0.26694,2.926023,IND,GIN,842389
2526052,231,85,8892,2008,8654.0,0.0,1.584278,-0.209788,USA,GIN,842389
2526053,246,85,8892,2008,1265.0,0.0,0.22551500000000002,1.185506,ZAF,GIN,842389
2526054,18,134,8892,2008,18577.0,0.0,1.297416,0.9716549999999999,BEL,MAR,842389
2526055,41,134,8892,2008,0.0,1524.0,1.978404,0.368694,CHE,MAR,842389
2526056,43,134,8892,2008,54453.0,0.0,0.929285,1.8917259999999998,CHN,MAR,842389
2526057,61,134,8892,2008,71125.0,0.0,2.007167,-3.256961,DEU,MAR,842389
2526058,71,134,8892,2008,1699524.0,1380121.0,0.8755649999999999,2.122164,ESP,MAR,842389
2526059,77,134,8892,2008,685665.0,15945.0,1.487702,-0.223965,FRA,MAR,842389
2526060,106,134,8892,2008,35397.0,0.0,1.693858,0.221425,IRL,MAR,842389
2526061,110,134,8892,2008,21000.0,0.0,1.169192,0.797136,ISR,MAR,842389
2526062,111,134,8892,2008,16473.0,0.0,1.308777,0.361523,ITA,MAR,842389
2526063,148,134,8892,2008,0.0,2433.0,-2.081778,-1.274636,MRT,MAR,842389
2526064,162,134,8892,2008,1338.0,0.0,1.139475,1.385316,NLD,MAR,842389
2526065,177,134,8892,2008,6343.0,0.0,1.037287,1.244457,POL,MAR,842389
2526066,179,134,8892,2008,112547.0,0.0,0.64135,2.1946939999999997,PRT,MAR,842389
2526067,224,134,8892,2008,37732.0,0.0,0.44478,2.186881,TUR,MAR,842389
2526068,231,134,8892,2008,59256.0,0.0,1.584278,-0.209788,USA,MAR,842389
2526069,250,134,8892,2008,1082.0,0.0,0.547909,-0.5303640000000001,ANS,MAR,842389
2526070,39,142,8892,2008,5210.0,0.0,0.684659,1.085312,CAN,MLT,842389
2526071,41,142,8892,2008,10114.0,0.0,1.978404,0.368694,CHE,MLT,842389
2526072,43,142,8892,2008,10487.0,0.0,0.929285,1.8917259999999998,CHN,MLT,842389
2526073,61,142,8892,2008,2569.0,0.0,2.007167,-3.256961,DEU,MLT,842389
2526074,104,142,8892,2008,5574.0,0.0,0.26694,2.926023,IND,MLT,842389
2526075,111,142,8892,2008,48904.0,0.0,1.308777,0.361523,ITA,MLT,842389
2526076,162,142,8892,2008,2865.0,0.0,1.139475,1.385316,NLD,MLT,842389
2526077,71,148,8892,2008,1085.0,0.0,0.8755649999999999,2.122164,ESP,MRT,842389
2526078,77,148,8892,2008,36776.0,0.0,1.487702,-0.223965,FRA,MRT,842389
2526079,134,148,8892,2008,2433.0,0.0,-0.505734,-0.000516,MAR,MRT,842389
2526080,188,148,8892,2008,4993.0,0.0,-0.09849400000000001,-0.8998309999999999,SAU,MRT,842389
2526081,246,148,8892,2008,3558.0,0.0,0.22551500000000002,1.185506,ZAF,MRT,842389
2526082,14,151,8892,2008,925.0,0.0,-0.171801,-0.012588,AUS,MUS,842389
2526083,43,151,8892,2008,38623.0,0.0,0.929285,1.8917259999999998,CHN,MUS,842389
2526084,61,151,8892,2008,7500.0,0.0,2.007167,-3.256961,DEU,MUS,842389
2526085,77,151,8892,2008,21498.0,2864.0,1.487702,-0.223965,FRA,MUS,842389
2526086,114,151,8892,2008,2011.0,0.0,2.285056,0.036255,JPN,MUS,842389
2526087,121,151,8892,2008,7767.0,0.0,1.491687,0.814692,KOR,MUS,842389
2526088,136,151,8892,2008,1047.0,0.0,-0.9618190000000001,-0.348841,MDG,MUS,842389
2526089,162,151,8892,2008,3826.0,0.0,1.139475,1.385316,NLD,MUS,842389
2526090,163,151,8892,2008,12962.0,0.0,0.911428,-0.019318000000000002,NOR,MUS,842389
2526091,231,151,8892,2008,672.0,0.0,1.584278,-0.209788,USA,MUS,842389
2526092,246,151,8892,2008,384892.0,4521.0,0.22551500000000002,1.185506,ZAF,MUS,842389
2526093,247,151,8892,2008,0.0,10669.0,-0.798489,-0.9437639999999999,ZMB,MUS,842389
2526094,249,151,8892,2008,5300.0,0.0,1.611693,0.93875,TWN,MUS,842389
2526095,246,155,8892,2008,281492.0,3384.0,0.22551500000000002,1.185506,ZAF,NAM,842389
2526096,21,157,8892,2008,69440.0,0.0,-1.076309,-1.012701,BFA,NER,842389
2526097,39,157,8892,2008,1596.0,0.0,0.684659,1.085312,CAN,NER,842389
2526098,41,157,8892,2008,7853.0,0.0,1.978404,0.368694,CHE,NER,842389
2526099,61,157,8892,2008,37257.0,0.0,2.007167,-3.256961,DEU,NER,842389
2526100,77,157,8892,2008,9268.0,0.0,1.487702,-0.223965,FRA,NER,842389
2526101,124,157,8892,2008,5410.0,0.0,0.46133100000000005,1.4598149999999999,LBN,NER,842389
2526102,41,160,8892,2008,7024.0,0.0,1.978404,0.368694,CHE,NIC,842389
2526103,43,160,8892,2008,27790.0,0.0,0.929285,1.8917259999999998,CHN,NIC,842389
2526104,52,160,8892,2008,2985.0,0.0,0.023962,-0.346029,CRI,NIC,842389
2526105,61,160,8892,2008,5752.0,0.0,2.007167,-3.256961,DEU,NIC,842389
2526106,71,160,8892,2008,7638.0,2553.0,0.8755649999999999,2.122164,ESP,NIC,842389
2526107,93,160,8892,2008,18350.0,0.0,-0.271973,0.720486,GTM,NIC,842389
2526108,138,160,8892,2008,67113.0,0.0,0.9833639999999999,0.7687069999999999,MEX,NIC,842389
2526109,169,160,8892,2008,8335.0,0.0,0.470854,0.960075,PAN,NIC,842389
2526110,178,160,8892,2008,45333.0,0.0,0.6970609999999999,0.88018,PRK,NIC,842389
2526111,231,160,8892,2008,97532.0,0.0,1.584278,-0.209788,USA,NIC,842389
2526112,236,160,8892,2008,6824.0,0.0,-0.442996,-1.0439969999999998,VEN,NIC,842389
2526113,179,203,8892,2008,1383.0,0.0,0.64135,2.1946939999999997,PRT,STP,842389
2526114,18,215,8892,2008,3678.0,0.0,1.297416,0.9716549999999999,BEL,TGO,842389
2526115,77,215,8892,2008,59967.0,0.0,1.487702,-0.223965,FRA,TGO,842389
2526116,104,215,8892,2008,21023.0,0.0,0.26694,2.926023,IND,TGO,842389
2526117,162,215,8892,2008,4369.0,0.0,1.139475,1.385316,NLD,TGO,842389
2526118,7,227,8892,2008,31250.0,0.0,-0.276433,-0.692392,ARE,UGA,842389
2526119,41,227,8892,2008,15448.0,0.0,1.978404,0.368694,CHE,UGA,842389
2526120,43,227,8892,2008,49589.0,0.0,0.929285,1.8917259999999998,CHN,UGA,842389
2526121,81,227,8892,2008,5173.0,0.0,1.7586119999999998,0.061214,GBR,UGA,842389
2526122,104,227,8892,2008,6543.0,0.0,0.26694,2.926023,IND,UGA,842389
2526123,111,227,8892,2008,19947.0,0.0,1.308777,0.361523,ITA,UGA,842389
2526124,116,227,8892,2008,7904.0,1746.0,-0.284528,0.9378610000000001,KEN,UGA,842389
2526125,121,227,8892,2008,1873.0,0.0,1.491687,0.814692,KOR,UGA,842389
2526126,162,227,8892,2008,12742.0,0.0,1.139475,1.385316,NLD,UGA,842389
2526127,246,227,8892,2008,67013.0,0.0,0.22551500000000002,1.185506,ZAF,UGA,842389
2526128,249,227,8892,2008,593.0,0.0,1.611693,0.93875,TWN,UGA,842389
2526129,7,247,8892,2008,2146.0,0.0,-0.276433,-0.692392,ARE,ZMB,842389
2526130,14,247,8892,2008,1002.0,0.0,-0.171801,-0.012588,AUS,ZMB,842389
2526131,43,247,8892,2008,10576.0,0.0,0.929285,1.8917259999999998,CHN,ZMB,842389
2526132,81,247,8892,2008,8041.0,0.0,1.7586119999999998,0.061214,GBR,ZMB,842389
2526133,104,247,8892,2008,23522.0,0.0,0.26694,2.926023,IND,ZMB,842389
2526134,111,247,8892,2008,887.0,0.0,1.308777,0.361523,ITA,ZMB,842389
2526135,151,247,8892,2008,10669.0,0.0,-0.337563,-0.144226,MUS,ZMB,842389
2526136,152,247,8892,2008,6013.0,0.0,-1.387548,-1.184696,MWI,ZMB,842389
2526137,246,247,8892,2008,884307.0,0.0,0.22551500000000002,1.185506,ZAF,ZMB,842389
2526138,248,247,8892,2008,11746.0,0.0,-0.377992,-0.577244,ZWE,ZMB,842389
2526139,43,248,8892,2008,37950.0,0.0,0.929285,1.8917259999999998,CHN,ZWE,842389
2526140,104,248,8892,2008,3513.0,0.0,0.26694,2.926023,IND,ZWE,842389
2526141,124,248,8892,2008,1137.0,0.0,0.46133100000000005,1.4598149999999999,LBN,ZWE,842389
2526142,246,248,8892,2008,463413.0,0.0,0.22551500000000002,1.185506,ZAF,ZWE,842389
2526143,247,248,8892,2008,0.0,11746.0,-0.798489,-0.9437639999999999,ZMB,ZWE,842389
2526144,249,248,8892,2008,16242.0,0.0,1.611693,0.93875,TWN,ZWE,842389
2526145,81,34,8892,2008,12287.0,0.0,1.7586119999999998,0.061214,GBR,BRN,842389
2526146,192,34,8892,2008,2368.0,0.0,1.844543,0.5947020000000001,SGP,BRN,842389
2526147,14,63,8892,2008,0.0,8109.0,-0.171801,-0.012588,AUS,DMA,842389
2526148,39,63,8892,2008,858.0,0.0,0.684659,1.085312,CAN,DMA,842389
2526149,65,63,8892,2008,3632.0,0.0,-0.167958,0.241283,DOM,DMA,842389
2526150,231,63,8892,2008,24250.0,0.0,1.584278,-0.209788,USA,DMA,842389
2526151,43,91,8892,2008,1790.0,0.0,0.929285,1.8917259999999998,CHN,GRD,842389
2526152,81,91,8892,2008,3826.0,0.0,1.7586119999999998,0.061214,GBR,GRD,842389
2526153,121,91,8892,2008,2459.0,0.0,1.491687,0.814692,KOR,GRD,842389
2526154,231,91,8892,2008,41433.0,0.0,1.584278,-0.209788,USA,GRD,842389
2526155,231,120,8892,2008,2307.0,0.0,1.584278,-0.209788,USA,KNA,842389
2526156,231,149,8892,2008,442.0,0.0,1.584278,-0.209788,USA,MSR,842389
2526157,41,182,8892,2008,2249.0,0.0,1.978404,0.368694,CHE,PYF,842389
2526158,43,182,8892,2008,7767.0,0.0,0.929285,1.8917259999999998,CHN,PYF,842389
2526159,61,182,8892,2008,3002.0,0.0,2.007167,-3.256961,DEU,PYF,842389
2526160,77,182,8892,2008,8597.0,0.0,1.487702,-0.223965,FRA,PYF,842389
2526161,103,182,8892,2008,5499.0,0.0,-0.11154000000000001,1.4879850000000001,IDN,PYF,842389
2526162,111,182,8892,2008,1418.0,0.0,1.308777,0.361523,ITA,PYF,842389
2526163,39,234,8892,2008,818.0,0.0,0.684659,1.085312,CAN,VCT,842389
2526164,61,9,8892,2008,3108.0,0.0,2.007167,-3.256961,DEU,ARM,842389
2526165,77,9,8892,2008,4915.0,0.0,1.487702,-0.223965,FRA,ARM,842389
2526166,114,9,8892,2008,987.0,0.0,2.285056,0.036255,JPN,ARM,842389
2526167,228,9,8892,2008,43168.0,0.0,0.59355,0.764415,UKR,ARM,842389
2526168,7,17,8892,2008,620.0,0.0,-0.276433,-0.692392,ARE,BDI,842389
2526169,18,17,8892,2008,7819.0,0.0,1.297416,0.9716549999999999,BEL,BDI,842389
2526170,116,17,8892,2008,39503.0,0.0,-0.284528,0.9378610000000001,KEN,BDI,842389
2526171,41,109,8892,2008,1019.0,0.0,1.978404,0.368694,CHE,ISL,842389
2526172,43,109,8892,2008,578.0,0.0,0.929285,1.8917259999999998,CHN,ISL,842389
2526173,61,109,8892,2008,24882.0,0.0,2.007167,-3.256961,DEU,ISL,842389
2526174,64,109,8892,2008,2957.0,55756.0,1.165294,1.1112440000000001,DNK,ISL,842389
2526175,71,109,8892,2008,0.0,70151.0,0.8755649999999999,2.122164,ESP,ISL,842389
2526176,74,109,8892,2008,16112.0,0.0,1.767859,0.846409,FIN,ISL,842389
2526177,77,109,8892,2008,0.0,34063.0,1.487702,-0.223965,FRA,ISL,842389
2526178,81,109,8892,2008,24844.0,0.0,1.7586119999999998,0.061214,GBR,ISL,842389
2526179,114,109,8892,2008,0.0,4409.0,2.285056,0.036255,JPN,ISL,842389
2526180,121,109,8892,2008,0.0,85447.0,1.491687,0.814692,KOR,ISL,842389
2526181,162,109,8892,2008,0.0,520959.0,1.139475,1.385316,NLD,ISL,842389
2526182,163,109,8892,2008,2184.0,0.0,0.911428,-0.019318000000000002,NOR,ISL,842389
2526183,166,109,8892,2008,12020.0,0.0,0.513416,0.753058,NZL,ISL,842389
2526184,177,109,8892,2008,0.0,17215.0,1.037287,1.244457,POL,ISL,842389
2526185,231,109,8892,2008,5326.0,33956.0,1.584278,-0.209788,USA,ISL,842389
2526186,15,126,8892,2008,2820.0,0.0,1.634816,-0.078419,AUT,LBY,842389
2526187,43,126,8892,2008,171126.0,0.0,0.929285,1.8917259999999998,CHN,LBY,842389
2526188,61,126,8892,2008,52664.0,0.0,2.007167,-3.256961,DEU,LBY,842389
2526189,81,126,8892,2008,48648.0,0.0,1.7586119999999998,0.061214,GBR,LBY,842389
2526190,90,126,8892,2008,49374.0,0.0,0.33272399999999996,1.758188,GRC,LBY,842389
2526191,111,126,8892,2008,178895.0,0.0,1.308777,0.361523,ITA,LBY,842389
2526192,121,126,8892,2008,8274.0,0.0,1.491687,0.814692,KOR,LBY,842389
2526193,223,126,8892,2008,27769.0,0.0,0.084141,0.676248,TUN,LBY,842389
2526194,224,126,8892,2008,165998.0,0.0,0.44478,2.186881,TUR,LBY,842389
2526195,231,126,8892,2008,12110.0,0.0,1.584278,-0.209788,USA,LBY,842389
2526196,250,126,8892,2008,47344.0,0.0,0.547909,-0.5303640000000001,ANS,LBY,842389
2526197,16,132,8892,2008,0.0,27842.0,-0.7143109999999999,-1.114747,AZE,LVA,842389
2526198,43,132,8892,2008,102326.0,0.0,0.929285,1.8917259999999998,CHN,LVA,842389
2526199,61,132,8892,2008,37346.0,28296.0,2.007167,-3.256961,DEU,LVA,842389
2526200,64,132,8892,2008,0.0,20174.0,1.165294,1.1112440000000001,DNK,LVA,842389
2526201,72,132,8892,2008,1036.0,0.0,0.749696,1.5173940000000001,EST,LVA,842389
2526202,74,132,8892,2008,39611.0,0.0,1.767859,0.846409,FIN,LVA,842389
2526203,81,132,8892,2008,4151.0,0.0,1.7586119999999998,0.061214,GBR,LVA,842389
2526204,111,132,8892,2008,15225.0,0.0,1.308777,0.361523,ITA,LVA,842389
2526205,115,132,8892,2008,0.0,5939.0,-0.43055200000000005,-0.6852590000000001,KAZ,LVA,842389
2526206,121,132,8892,2008,20141.0,0.0,1.491687,0.814692,KOR,LVA,842389
2526207,130,132,8892,2008,88325.0,179807.0,0.59033,0.961408,LTU,LVA,842389
2526208,163,132,8892,2008,988.0,0.0,0.911428,-0.019318000000000002,NOR,LVA,842389
2526209,208,132,8892,2008,1025.0,44245.0,1.866575,0.44342700000000007,SWE,LVA,842389
2526210,231,132,8892,2008,9642.0,0.0,1.584278,-0.209788,USA,LVA,842389
2526211,249,132,8892,2008,1768.0,0.0,1.611693,0.93875,TWN,LVA,842389
2526212,32,54,8892,2008,14850.0,0.0,0.444687,0.904332,BRA,CUB,842389
2526213,39,54,8892,2008,15138.0,0.0,0.684659,1.085312,CAN,CUB,842389
2526214,71,54,8892,2008,247426.0,0.0,0.8755649999999999,2.122164,ESP,CUB,842389
2526215,111,54,8892,2008,65599.0,0.0,1.308777,0.361523,ITA,CUB,842389
2526216,138,54,8892,2008,2256.0,0.0,0.9833639999999999,0.7687069999999999,MEX,CUB,842389
2526217,162,54,8892,2008,1474.0,0.0,1.139475,1.385316,NLD,CUB,842389
2526218,222,54,8892,2008,1324.0,0.0,-0.44752600000000003,-1.060906,TTO,CUB,842389
2526219,77,133,8892,2008,17003.0,0.0,1.487702,-0.223965,FRA,MAC,842389
2526220,97,133,8892,2008,0.0,1102.0,0.74435,2.149616,HKG,MAC,842389
2526221,114,133,8892,2008,1056.0,0.0,2.285056,0.036255,JPN,MAC,842389
2526222,14,141,8892,2008,6080.0,0.0,-0.171801,-0.012588,AUS,MLI,842389
2526223,18,141,8892,2008,3039.0,0.0,1.297416,0.9716549999999999,BEL,MLI,842389
2526224,39,141,8892,2008,2124.0,0.0,0.684659,1.085312,CAN,MLI,842389
2526225,43,141,8892,2008,14789.0,0.0,0.929285,1.8917259999999998,CHN,MLI,842389
2526226,44,141,8892,2008,1135.0,0.0,-0.9806040000000001,-0.730792,CIV,MLI,842389
2526227,77,141,8892,2008,851831.0,841.0,1.487702,-0.223965,FRA,MLI,842389
2526228,111,141,8892,2008,10938.0,0.0,1.308777,0.361523,ITA,MLI,842389
2526229,114,141,8892,2008,671.0,0.0,2.285056,0.036255,JPN,MLI,842389
2526230,179,141,8892,2008,34412.0,0.0,0.64135,2.1946939999999997,PRT,MLI,842389
2526231,246,141,8892,2008,5811.0,0.0,0.22551500000000002,1.185506,ZAF,MLI,842389
2526232,6,0,8892,2008,0.0,1094.0,0.31099,-0.536718,ANT,ABW,842389
2526233,77,0,8892,2008,5900.0,0.0,1.487702,-0.223965,FRA,ABW,842389
2526234,71,5,8892,2008,18036.0,1069.0,0.8755649999999999,2.122164,ESP,AND,842389
2526235,8,31,8892,2008,58354.0,0.0,0.278837,0.496784,ARG,BOL,842389
2526236,32,31,8892,2008,119830.0,0.0,0.444687,0.904332,BRA,BOL,842389
2526237,39,31,8892,2008,7381.0,0.0,0.684659,1.085312,CAN,BOL,842389
2526238,42,31,8892,2008,4624.0,0.0,-0.293985,-0.349554,CHL,BOL,842389
2526239,43,31,8892,2008,14279.0,0.0,0.929285,1.8917259999999998,CHN,BOL,842389
2526240,61,31,8892,2008,3665.0,0.0,2.007167,-3.256961,DEU,BOL,842389
2526241,68,31,8892,2008,0.0,4172.0,-0.098316,1.134642,EGY,BOL,842389
2526242,74,31,8892,2008,4468.0,0.0,1.767859,0.846409,FIN,BOL,842389
2526243,224,31,8892,2008,725.0,0.0,0.44478,2.186881,TUR,BOL,842389
2526244,231,31,8892,2008,17520.0,0.0,1.584278,-0.209788,USA,BOL,842389
2526245,32,99,8892,2008,26221.0,0.0,0.444687,0.904332,BRA,HND,842389
2526246,39,99,8892,2008,26187.0,0.0,0.684659,1.085312,CAN,HND,842389
2526247,43,99,8892,2008,33704.0,0.0,0.929285,1.8917259999999998,CHN,HND,842389
2526248,93,99,8892,2008,34127.0,2170.0,-0.271973,0.720486,GTM,HND,842389
2526249,138,99,8892,2008,17130.0,0.0,0.9833639999999999,0.7687069999999999,MEX,HND,842389
2526250,169,99,8892,2008,54025.0,0.0,0.470854,0.960075,PAN,HND,842389
2526251,197,99,8892,2008,60786.0,1180.0,-0.028986,0.369501,SLV,HND,842389
2526252,231,99,8892,2008,112944.0,0.0,1.584278,-0.209788,USA,HND,842389
2526253,77,101,8892,2008,98833.0,0.0,1.487702,-0.223965,FRA,HTI,842389
2526254,231,101,8892,2008,35429.0,0.0,1.584278,-0.209788,USA,HTI,842389
2526255,33,127,8892,2008,0.0,26744.0,0.761035,0.615472,BRB,LCA,842389
2526256,81,127,8892,2008,6975.0,0.0,1.7586119999999998,0.061214,GBR,LCA,842389
2526257,231,127,8892,2008,1929.0,0.0,1.584278,-0.209788,USA,LCA,842389
2526258,41,136,8892,2008,914.0,0.0,1.978404,0.368694,CHE,MDG,842389
2526259,43,136,8892,2008,12944.0,0.0,0.929285,1.8917259999999998,CHN,MDG,842389
2526260,59,136,8892,2008,28591.0,0.0,1.592035,0.27983600000000003,CZE,MDG,842389
2526261,61,136,8892,2008,1112.0,0.0,2.007167,-3.256961,DEU,MDG,842389
2526262,64,136,8892,2008,521301.0,0.0,1.165294,1.1112440000000001,DNK,MDG,842389
2526263,71,136,8892,2008,2069.0,0.0,0.8755649999999999,2.122164,ESP,MDG,842389
2526264,77,136,8892,2008,158473.0,0.0,1.487702,-0.223965,FRA,MDG,842389
2526265,104,136,8892,2008,2688.0,0.0,0.26694,2.926023,IND,MDG,842389
2526266,111,136,8892,2008,1016.0,2818.0,1.308777,0.361523,ITA,MDG,842389
2526267,114,136,8892,2008,4089.0,0.0,2.285056,0.036255,JPN,MDG,842389
2526268,151,136,8892,2008,0.0,1047.0,-0.337563,-0.144226,MUS,MDG,842389
2526269,246,136,8892,2008,7723.0,0.0,0.22551500000000002,1.185506,ZAF,MDG,842389
2526270,250,136,8892,2008,23341.0,0.0,0.547909,-0.5303640000000001,ANS,MDG,842389
2526271,7,187,8892,2008,3390.0,0.0,-0.276433,-0.692392,ARE,RWA,842389
2526272,18,187,8892,2008,3093.0,0.0,1.297416,0.9716549999999999,BEL,RWA,842389
2526273,61,187,8892,2008,3604.0,0.0,2.007167,-3.256961,DEU,RWA,842389
2526274,81,187,8892,2008,3652.0,0.0,1.7586119999999998,0.061214,GBR,RWA,842389
2526275,104,187,8892,2008,1739.0,0.0,0.26694,2.926023,IND,RWA,842389
2526276,226,187,8892,2008,13330.0,0.0,-0.755692,0.8751690000000001,TZA,RWA,842389
2526277,246,187,8892,2008,7357.0,0.0,0.22551500000000002,1.185506,ZAF,RWA,842389
2526278,104,1,8892,2008,203733.0,0.0,0.26694,2.926023,IND,AFG,842389
2526279,163,1,8892,2008,3547.0,0.0,0.911428,-0.019318000000000002,NOR,AFG,842389
2526280,224,1,8892,2008,41527.0,0.0,0.44478,2.186881,TUR,AFG,842389
2526281,231,1,8892,2008,31343.0,0.0,1.584278,-0.209788,USA,AFG,842389
2526282,32,2,8892,2008,135086.0,0.0,0.444687,0.904332,BRA,AGO,842389
2526283,43,2,8892,2008,438672.0,0.0,0.929285,1.8917259999999998,CHN,AGO,842389
2526284,77,2,8892,2008,308299.0,1228.0,1.487702,-0.223965,FRA,AGO,842389
2526285,81,2,8892,2008,25588.0,0.0,1.7586119999999998,0.061214,GBR,AGO,842389
2526286,179,2,8892,2008,331049.0,0.0,0.64135,2.1946939999999997,PRT,AGO,842389
2526287,231,2,8892,2008,153568.0,0.0,1.584278,-0.209788,USA,AGO,842389
2526288,246,2,8892,2008,26956.0,0.0,0.22551500000000002,1.185506,ZAF,AGO,842389
2526289,7,4,8892,2008,10339.0,0.0,-0.276433,-0.692392,ARE,ALB,842389
2526290,43,4,8892,2008,268586.0,0.0,0.929285,1.8917259999999998,CHN,ALB,842389
2526291,61,4,8892,2008,36357.0,0.0,2.007167,-3.256961,DEU,ALB,842389
2526292,90,4,8892,2008,2950.0,0.0,0.33272399999999996,1.758188,GRC,ALB,842389
2526293,111,4,8892,2008,85921.0,2361.0,1.308777,0.361523,ITA,ALB,842389
2526294,121,4,8892,2008,2825.0,0.0,1.491687,0.814692,KOR,ALB,842389
2526295,224,4,8892,2008,64278.0,0.0,0.44478,2.186881,TUR,ALB,842389
2526296,104,35,8892,2008,437.0,0.0,0.26694,2.926023,IND,BTN,842389
2526297,216,35,8892,2008,513.0,0.0,0.7531399999999999,1.4420620000000002,THA,BTN,842389
2526298,45,38,8892,2008,8023.0,0.0,-1.143808,-1.0725,CMR,CAF,842389
2526299,77,38,8892,2008,1027.0,0.0,1.487702,-0.223965,FRA,CAF,842389
2526300,43,51,8892,2008,8229.0,0.0,0.929285,1.8917259999999998,CHN,CPV,842389
2526301,71,51,8892,2008,34437.0,0.0,0.8755649999999999,2.122164,ESP,CPV,842389
2526302,111,51,8892,2008,1283.0,0.0,1.308777,0.361523,ITA,CPV,842389
2526303,114,51,8892,2008,6055.0,0.0,2.285056,0.036255,JPN,CPV,842389
2526304,179,51,8892,2008,10475.0,0.0,0.64135,2.1946939999999997,PRT,CPV,842389
2526305,43,62,8892,2008,38867.0,0.0,0.929285,1.8917259999999998,CHN,DJI,842389
2526306,104,62,8892,2008,45503.0,0.0,0.26694,2.926023,IND,DJI,842389
2526307,231,62,8892,2008,22485.0,0.0,1.584278,-0.209788,USA,DJI,842389
2526308,10,75,8892,2008,0.0,4391.0,0.671995,-0.161012,ASM,FJI,842389
2526309,14,75,8892,2008,22993.0,19302.0,-0.171801,-0.012588,AUS,FJI,842389
2526310,43,75,8892,2008,4392.0,0.0,0.929285,1.8917259999999998,CHN,FJI,842389
2526311,166,75,8892,2008,11775.0,0.0,0.513416,0.753058,NZL,FJI,842389
2526312,81,87,8892,2008,1527.0,0.0,1.7586119999999998,0.061214,GBR,GMB,842389
2526313,162,87,8892,2008,46038.0,0.0,1.139475,1.385316,NLD,GMB,842389
2526314,43,89,8892,2008,55807.0,0.0,0.929285,1.8917259999999998,CHN,GNQ,842389
2526315,71,89,8892,2008,282659.0,0.0,0.8755649999999999,2.122164,ESP,GNQ,842389
2526316,231,89,8892,2008,5700.0,0.0,1.584278,-0.209788,USA,GNQ,842389
2526317,14,123,8892,2008,2501.0,0.0,-0.171801,-0.012588,AUS,LAO,842389
2526318,43,123,8892,2008,58705.0,0.0,0.929285,1.8917259999999998,CHN,LAO,842389
2526319,110,123,8892,2008,7000.0,0.0,1.169192,0.797136,ISR,LAO,842389
2526320,216,123,8892,2008,323433.0,0.0,0.7531399999999999,1.4420620000000002,THA,LAO,842389
2526321,239,123,8892,2008,3532.0,0.0,-0.207083,1.1323370000000001,VNM,LAO,842389
2526322,43,125,8892,2008,90005.0,0.0,0.929285,1.8917259999999998,CHN,LBR,842389
2526323,77,125,8892,2008,10326.0,0.0,1.487702,-0.223965,FRA,LBR,842389
2526324,231,125,8892,2008,13520.0,0.0,1.584278,-0.209788,USA,LBR,842389
2526325,246,125,8892,2008,6823.0,0.0,0.22551500000000002,1.185506,ZAF,LBR,842389
2526326,246,129,8892,2008,15436.0,0.0,0.22551500000000002,1.185506,ZAF,LSO,842389
2526327,128,137,8892,2008,692.0,0.0,-0.48245200000000005,0.295892,LKA,MDV,842389
2526328,192,137,8892,2008,3351.0,0.0,1.844543,0.5947020000000001,SGP,MDV,842389
2526329,216,137,8892,2008,7844.0,0.0,0.7531399999999999,1.4420620000000002,THA,MDV,842389
2526330,231,137,8892,2008,6094.0,0.0,1.584278,-0.209788,USA,MDV,842389
2526331,43,143,8892,2008,129694.0,0.0,0.929285,1.8917259999999998,CHN,MMR,842389
2526332,104,143,8892,2008,5339.0,0.0,0.26694,2.926023,IND,MMR,842389
2526333,192,143,8892,2008,3988.0,0.0,1.844543,0.5947020000000001,SGP,MMR,842389
2526334,216,143,8892,2008,9499.0,0.0,0.7531399999999999,1.4420620000000002,THA,MMR,842389
2526335,14,145,8892,2008,6723.0,0.0,-0.171801,-0.012588,AUS,MNG,842389
2526336,43,145,8892,2008,368197.0,0.0,0.929285,1.8917259999999998,CHN,MNG,842389
2526337,61,145,8892,2008,260390.0,0.0,2.007167,-3.256961,DEU,MNG,842389
2526338,114,145,8892,2008,35686.0,0.0,2.285056,0.036255,JPN,MNG,842389
2526339,121,145,8892,2008,172055.0,0.0,1.491687,0.814692,KOR,MNG,842389
2526340,186,145,8892,2008,11153.0,0.0,0.559059,-0.00886,RUS,MNG,842389
2526341,7,152,8892,2008,1604.0,0.0,-0.276433,-0.692392,ARE,MWI,842389
2526342,43,152,8892,2008,1077.0,0.0,0.929285,1.8917259999999998,CHN,MWI,842389
2526343,64,152,8892,2008,1710.0,0.0,1.165294,1.1112440000000001,DNK,MWI,842389
2526344,104,152,8892,2008,15218.0,0.0,0.26694,2.926023,IND,MWI,842389
2526345,116,152,8892,2008,1713.0,0.0,-0.284528,0.9378610000000001,KEN,MWI,842389
2526346,246,152,8892,2008,86168.0,0.0,0.22551500000000002,1.185506,ZAF,MWI,842389
2526347,247,152,8892,2008,0.0,6013.0,-0.798489,-0.9437639999999999,ZMB,MWI,842389
2526348,249,152,8892,2008,3100.0,0.0,1.611693,0.93875,TWN,MWI,842389
2526349,77,154,8892,2008,45585.0,0.0,1.487702,-0.223965,FRA,MYT,842389
2526350,43,164,8892,2008,9288.0,0.0,0.929285,1.8917259999999998,CHN,NPL,842389
2526351,104,164,8892,2008,86134.0,0.0,0.26694,2.926023,IND,NPL,842389
2526352,14,176,8892,2008,46112.0,0.0,-0.171801,-0.012588,AUS,PNG,842389
2526353,43,176,8892,2008,77755.0,0.0,0.929285,1.8917259999999998,CHN,PNG,842389
2526354,153,176,8892,2008,11107.0,0.0,0.793395,0.6141939999999999,MYS,PNG,842389
2526355,192,176,8892,2008,24831.0,0.0,1.844543,0.5947020000000001,SGP,PNG,842389
2526356,231,176,8892,2008,5700.0,0.0,1.584278,-0.209788,USA,PNG,842389
2526357,41,181,8892,2008,19999.0,0.0,1.978404,0.368694,CHE,PSE,842389
2526358,110,181,8892,2008,29721.0,0.0,1.169192,0.797136,ISR,PSE,842389
2526359,14,195,8892,2008,36934.0,0.0,-0.171801,-0.012588,AUS,SLB,842389
2526360,249,195,8892,2008,1721.0,0.0,1.611693,0.93875,TWN,SLB,842389
2526361,14,196,8892,2008,5116.0,0.0,-0.171801,-0.012588,AUS,SLE,842389
2526362,246,196,8892,2008,1207.0,0.0,0.22551500000000002,1.185506,ZAF,SLE,842389
2526363,116,199,8892,2008,52398.0,0.0,-0.284528,0.9378610000000001,KEN,SOM,842389
2526364,7,211,8892,2008,5013.0,0.0,-0.276433,-0.692392,ARE,SYC,842389
2526365,15,211,8892,2008,1048.0,0.0,1.634816,-0.078419,AUT,SYC,842389
2526366,81,211,8892,2008,842.0,0.0,1.7586119999999998,0.061214,GBR,SYC,842389
2526367,111,211,8892,2008,2496.0,0.0,1.308777,0.361523,ITA,SYC,842389
2526368,192,211,8892,2008,19881.0,0.0,1.844543,0.5947020000000001,SGP,SYC,842389
2526369,246,211,8892,2008,5589.0,0.0,0.22551500000000002,1.185506,ZAF,SYC,842389
2526370,77,214,8892,2008,33928.0,0.0,1.487702,-0.223965,FRA,TCD,842389
2526371,18,46,8892,2008,2901.0,0.0,1.297416,0.9716549999999999,BEL,COD,842389
2526372,116,46,8892,2008,9727.0,0.0,-0.284528,0.9378610000000001,KEN,COD,842389
2526373,162,46,8892,2008,13262.0,0.0,1.139475,1.385316,NLD,COD,842389
2526374,246,46,8892,2008,199582.0,0.0,0.22551500000000002,1.185506,ZAF,COD,842389
2526375,43,78,8892,2008,74.0,0.0,0.929285,1.8917259999999998,CHN,FRO,842389
2526376,64,78,8892,2008,8592.0,0.0,1.165294,1.1112440000000001,DNK,FRO,842389
2526377,179,88,8892,2008,34900.0,0.0,0.64135,2.1946939999999997,PRT,GNB,842389
2526378,64,92,8892,2008,15379.0,0.0,1.165294,1.1112440000000001,DNK,GRL,842389
2526379,14,156,8892,2008,5697.0,0.0,-0.171801,-0.012588,AUS,NCL,842389
2526380,61,156,8892,2008,2312.0,0.0,2.007167,-3.256961,DEU,NCL,842389
2526381,77,156,8892,2008,232634.0,0.0,1.487702,-0.223965,FRA,NCL,842389
2526382,111,156,8892,2008,10931.0,0.0,1.308777,0.361523,ITA,NCL,842389
2526383,241,156,8892,2008,0.0,1267.0,0.503318,-0.708188,WLF,NCL,842389
2526384,14,242,8892,2008,1439.0,0.0,-0.171801,-0.012588,AUS,WSM,842389
2526385,75,10,8892,2008,4391.0,0.0,-0.756592,-0.27005,FJI,ASM,842389
2526386,14,56,8892,2008,65968.0,0.0,-0.171801,-0.012588,AUS,CXR,842389
2526387,231,76,8892,2008,3449.0,0.0,1.584278,-0.209788,USA,FLK,842389
2526388,43,79,8892,2008,5796.0,0.0,0.929285,1.8917259999999998,CHN,FSM,842389
2526389,71,84,8892,2008,31438.0,0.0,0.8755649999999999,2.122164,ESP,GIB,842389
2526390,121,95,8892,2008,0.0,1761.0,1.491687,0.814692,KOR,GUM,842389
2526391,14,119,8892,2008,6810.0,0.0,-0.171801,-0.012588,AUS,KIR,842389
2526392,246,194,8892,2008,1804.0,0.0,0.22551500000000002,1.185506,ZAF,SHN,842389
2526393,156,241,8892,2008,1267.0,0.0,-0.21304099999999998,-0.8147300000000001,NCL,WLF,842389
2526394,0,6,8894,2008,3647.0,3553.0,-0.13050499999999998,-0.7932560000000001,ABW,ANT,842410
2526395,77,6,8894,2008,2931.0,0.0,1.487702,-0.223965,FRA,ANT,842410
2526396,162,6,8894,2008,70763.0,0.0,1.139475,1.385316,NLD,ANT,842410
2526397,169,6,8894,2008,837.0,0.0,0.470854,0.960075,PAN,ANT,842410
2526398,231,6,8894,2008,121442.0,4887.0,1.584278,-0.209788,USA,ANT,842410
2526399,250,6,8894,2008,1208.0,0.0,0.547909,-0.5303640000000001,ANS,ANT,842410
2526400,1,7,8894,2008,0.0,185254.0,-0.23668000000000003,-0.344418,AFG,ARE,842410
2526401,14,7,8894,2008,53936.0,0.0,-0.171801,-0.012588,AUS,ARE,842410
2526402,15,7,8894,2008,88550.0,0.0,1.634816,-0.078419,AUT,ARE,842410
2526403,16,7,8894,2008,0.0,1550.0,-0.7143109999999999,-1.114747,AZE,ARE,842410
2526404,18,7,8894,2008,1832.0,0.0,1.297416,0.9716549999999999,BEL,ARE,842410
2526405,22,7,8894,2008,0.0,4556.0,-0.852774,-0.766779,BGD,ARE,842410
2526406,24,7,8894,2008,26359.0,260581.0,0.335334,-0.81372,BHR,ARE,842410
2526407,38,7,8894,2008,0.0,14120.0,-0.387367,-0.767895,CAF,ARE,842410
2526408,39,7,8894,2008,18994.0,0.0,0.684659,1.085312,CAN,ARE,842410
2526409,43,7,8894,2008,9863616.0,117405.0,0.929285,1.8917259999999998,CHN,ARE,842410
2526410,44,7,8894,2008,0.0,4730.0,-0.9806040000000001,-0.730792,CIV,ARE,842410
2526411,45,7,8894,2008,0.0,5508.0,-1.143808,-1.0725,CMR,ARE,842410
2526412,47,7,8894,2008,0.0,63420.0,-2.2772799999999997,-1.216089,COG,ARE,842410
2526413,50,7,8894,2008,0.0,1080.0,-0.101412,-0.841565,COM,ARE,842410
2526414,58,7,8894,2008,58142.0,0.0,1.003211,0.712629,CYP,ARE,842410
2526415,59,7,8894,2008,164164.0,0.0,1.592035,0.27983600000000003,CZE,ARE,842410
2526416,61,7,8894,2008,2494291.0,48360.0,2.007167,-3.256961,DEU,ARE,842410
2526417,62,7,8894,2008,0.0,24581.0,-1.082951,-0.958676,DJI,ARE,842410
2526418,64,7,8894,2008,1318340.0,0.0,1.165294,1.1112440000000001,DNK,ARE,842410
2526419,68,7,8894,2008,76972.0,249557.0,-0.098316,1.134642,EGY,ARE,842410
2526420,71,7,8894,2008,156206.0,0.0,0.8755649999999999,2.122164,ESP,ARE,842410
2526421,73,7,8894,2008,0.0,91677.0,-1.0084629999999999,-0.83993,ETH,ARE,842410
2526422,74,7,8894,2008,367457.0,0.0,1.767859,0.846409,FIN,ARE,842410
2526423,77,7,8894,2008,137264.0,982.0,1.487702,-0.223965,FRA,ARE,842410
2526424,80,7,8894,2008,0.0,2009.0,-1.316179,-1.117633,GAB,ARE,842410
2526425,81,7,8894,2008,4126318.0,1272858.0,1.7586119999999998,0.061214,GBR,ARE,842410
2526426,82,7,8894,2008,0.0,73010.0,-0.355095,-0.660181,GEO,ARE,842410
2526427,83,7,8894,2008,0.0,311143.0,-0.9339360000000001,-0.701724,GHA,ARE,842410
2526428,85,7,8894,2008,0.0,10658.0,-1.530997,-1.171231,GIN,ARE,842410
2526429,103,7,8894,2008,0.0,132802.0,-0.11154000000000001,1.4879850000000001,IDN,ARE,842410
2526430,104,7,8894,2008,23679.0,32980.0,0.26694,2.926023,IND,ARE,842410
2526431,106,7,8894,2008,981201.0,0.0,1.693858,0.221425,IRL,ARE,842410
2526432,107,7,8894,2008,19310.0,105102.0,-0.9776469999999999,-1.054475,IRN,ARE,842410
2526433,108,7,8894,2008,0.0,201724.0,-1.6604189999999999,-0.886959,IRQ,ARE,842410
2526434,111,7,8894,2008,1271138.0,8688.0,1.308777,0.361523,ITA,ARE,842410
2526435,113,7,8894,2008,1755.0,52241.0,0.255463,0.45844799999999997,JOR,ARE,842410
2526436,114,7,8894,2008,459299.0,0.0,2.285056,0.036255,JPN,ARE,842410
2526437,115,7,8894,2008,0.0,22739.0,-0.43055200000000005,-0.6852590000000001,KAZ,ARE,842410
2526438,116,7,8894,2008,0.0,241905.0,-0.284528,0.9378610000000001,KEN,ARE,842410
2526439,121,7,8894,2008,142682.0,16011.0,1.491687,0.814692,KOR,ARE,842410
2526440,122,7,8894,2008,13804.0,328718.0,-1.401297,-1.142945,KWT,ARE,842410
2526441,124,7,8894,2008,0.0,42083.0,0.46133100000000005,1.4598149999999999,LBN,ARE,842410
2526442,126,7,8894,2008,0.0,77668.0,-1.156353,-1.133716,LBY,ARE,842410
2526443,128,7,8894,2008,0.0,3026.0,-0.48245200000000005,0.295892,LKA,ARE,842410
2526444,135,7,8894,2008,0.0,2936.0,0.096913,-0.095718,MDA,ARE,842410
2526445,136,7,8894,2008,0.0,4882.0,-0.9618190000000001,-0.348841,MDG,ARE,842410
2526446,137,7,8894,2008,0.0,6352.0,0.037203,-0.718439,MDV,ARE,842410
2526447,138,7,8894,2008,7252.0,0.0,0.9833639999999999,0.7687069999999999,MEX,ARE,842410
2526448,142,7,8894,2008,0.0,52057.0,1.015716,-0.065673,MLT,ARE,842410
2526449,151,7,8894,2008,0.0,2527.0,-0.337563,-0.144226,MUS,ARE,842410
2526450,152,7,8894,2008,0.0,7413.0,-1.387548,-1.184696,MWI,ARE,842410
2526451,153,7,8894,2008,751625.0,1693.0,0.793395,0.6141939999999999,MYS,ARE,842410
2526452,159,7,8894,2008,0.0,76526.0,-1.9809139999999998,-1.189201,NGA,ARE,842410
2526453,162,7,8894,2008,46418.0,326194.0,1.139475,1.385316,NLD,ARE,842410
2526454,163,7,8894,2008,28892.0,24478.0,0.911428,-0.019318000000000002,NOR,ARE,842410
2526455,166,7,8894,2008,5659.0,14692.0,0.513416,0.753058,NZL,ARE,842410
2526456,167,7,8894,2008,19348.0,911454.0,-0.635199,-1.027136,OMN,ARE,842410
2526457,168,7,8894,2008,2532.0,71311.0,-0.401588,0.500668,PAK,ARE,842410
2526458,177,7,8894,2008,72426.0,0.0,1.037287,1.244457,POL,ARE,842410
2526459,179,7,8894,2008,24030.0,0.0,0.64135,2.1946939999999997,PRT,ARE,842410
2526460,183,7,8894,2008,0.0,1575568.0,-0.36390900000000004,-1.0045549999999999,QAT,ARE,842410
2526461,186,7,8894,2008,13580.0,0.0,0.559059,-0.00886,RUS,ARE,842410
2526462,187,7,8894,2008,0.0,77375.0,-0.770307,-0.650779,RWA,ARE,842410
2526463,188,7,8894,2008,709320.0,687764.0,-0.09849400000000001,-0.8998309999999999,SAU,ARE,842410
2526464,190,7,8894,2008,0.0,110502.0,-2.095439,-1.263511,SDN,ARE,842410
2526465,191,7,8894,2008,0.0,2321.0,-0.478024,-0.313199,SEN,ARE,842410
2526466,192,7,8894,2008,3060951.0,25829.0,1.844543,0.5947020000000001,SGP,ARE,842410
2526467,207,7,8894,2008,20429.0,0.0,1.5099209999999998,0.683663,SVN,ARE,842410
2526468,208,7,8894,2008,116082.0,2177.0,1.866575,0.44342700000000007,SWE,ARE,842410
2526469,211,7,8894,2008,0.0,1398.0,0.29189699999999996,-0.47472600000000004,SYC,ARE,842410
2526470,212,7,8894,2008,2707.0,31541.0,-0.365789,0.877383,SYR,ARE,842410
2526471,216,7,8894,2008,13811.0,0.0,0.7531399999999999,1.4420620000000002,THA,ARE,842410
2526472,219,7,8894,2008,0.0,13152.0,-1.094592,-1.166598,TKM,ARE,842410
2526473,222,7,8894,2008,0.0,2082.0,-0.44752600000000003,-1.060906,TTO,ARE,842410
2526474,223,7,8894,2008,0.0,220883.0,0.084141,0.676248,TUN,ARE,842410
2526475,224,7,8894,2008,1926.0,0.0,0.44478,2.186881,TUR,ARE,842410
2526476,226,7,8894,2008,0.0,186914.0,-0.755692,0.8751690000000001,TZA,ARE,842410
2526477,227,7,8894,2008,0.0,111112.0,-0.653885,-0.035455,UGA,ARE,842410
2526478,231,7,8894,2008,3861260.0,599579.0,1.584278,-0.209788,USA,ARE,842410
2526479,243,7,8894,2008,0.0,95747.0,-1.227495,-1.191462,YEM,ARE,842410
2526480,246,7,8894,2008,14614.0,83626.0,0.22551500000000002,1.185506,ZAF,ARE,842410
2526481,247,7,8894,2008,0.0,110321.0,-0.798489,-0.9437639999999999,ZMB,ARE,842410
2526482,249,7,8894,2008,15108.0,0.0,1.611693,0.93875,TWN,ARE,842410
2526483,250,7,8894,2008,2313688.0,28124.0,0.547909,-0.5303640000000001,ANS,ARE,842410
2526484,24,8,8894,2008,0.0,11414.0,0.335334,-0.81372,BHR,ARG,842410
2526485,31,8,8894,2008,0.0,31613.0,-0.852975,-0.88041,BOL,ARG,842410
2526486,32,8,8894,2008,3865458.0,12838.0,0.444687,0.904332,BRA,ARG,842410
2526487,42,8,8894,2008,57320.0,27621.0,-0.293985,-0.349554,CHL,ARG,842410
2526488,43,8,8894,2008,11890.0,0.0,0.929285,1.8917259999999998,CHN,ARG,842410
2526489,52,8,8894,2008,0.0,34537.0,0.023962,-0.346029,CRI,ARG,842410
2526490,61,8,8894,2008,558520.0,17825.0,2.007167,-3.256961,DEU,ARG,842410
2526491,65,8,8894,2008,0.0,28350.0,-0.167958,0.241283,DOM,ARG,842410
2526492,71,8,8894,2008,105161.0,2316.0,0.8755649999999999,2.122164,ESP,ARG,842410
2526493,74,8,8894,2008,252779.0,0.0,1.767859,0.846409,FIN,ARG,842410
2526494,81,8,8894,2008,36512.0,3804.0,1.7586119999999998,0.061214,GBR,ARG,842410
2526495,110,8,8894,2008,1615.0,0.0,1.169192,0.797136,ISR,ARG,842410
2526496,111,8,8894,2008,827148.0,0.0,1.308777,0.361523,ITA,ARG,842410
2526497,121,8,8894,2008,43107.0,0.0,1.491687,0.814692,KOR,ARG,842410
2526498,163,8,8894,2008,97352.0,0.0,0.911428,-0.019318000000000002,NOR,ARG,842410
2526499,169,8,8894,2008,0.0,13219.0,0.470854,0.960075,PAN,ARG,842410
2526500,180,8,8894,2008,0.0,8126.0,-0.556298,-0.9503780000000001,PRY,ARG,842410
2526501,208,8,8894,2008,1676.0,0.0,1.866575,0.44342700000000007,SWE,ARG,842410
2526502,230,8,8894,2008,0.0,88122.0,0.376164,0.049387,URY,ARG,842410
2526503,231,8,8894,2008,414222.0,3424.0,1.584278,-0.209788,USA,ARG,842410
2526504,236,8,8894,2008,0.0,10383.0,-0.442996,-1.0439969999999998,VEN,ARG,842410
2526505,250,8,8894,2008,89376.0,0.0,0.547909,-0.5303640000000001,ANS,ARG,842410
2526506,7,15,8894,2008,0.0,88550.0,-0.276433,-0.692392,ARE,AUT,842410
2526507,14,15,8894,2008,0.0,1309849.0,-0.171801,-0.012588,AUS,AUT,842410
2526508,18,15,8894,2008,656595.0,1418.0,1.297416,0.9716549999999999,BEL,AUT,842410
2526509,23,15,8894,2008,0.0,1454.0,0.44409,1.575399,BGR,AUT,842410
2526510,24,15,8894,2008,0.0,17378.0,0.335334,-0.81372,BHR,AUT,842410
2526511,26,15,8894,2008,72176.0,1767.0,0.480256,0.810361,BIH,AUT,842410
2526512,32,15,8894,2008,7263.0,0.0,0.444687,0.904332,BRA,AUT,842410
2526513,39,15,8894,2008,1290.0,10307.0,0.684659,1.085312,CAN,AUT,842410
2526514,41,15,8894,2008,79966.0,8230.0,1.978404,0.368694,CHE,AUT,842410
2526515,43,15,8894,2008,104387.0,14861.0,0.929285,1.8917259999999998,CHN,AUT,842410
2526516,49,15,8894,2008,0.0,1481.0,0.19505699999999998,0.566189,COL,AUT,842410
2526517,59,15,8894,2008,564252.0,144788.0,1.592035,0.27983600000000003,CZE,AUT,842410
2526518,61,15,8894,2008,15142714.0,588596.0,2.007167,-3.256961,DEU,AUT,842410
2526519,68,15,8894,2008,10061.0,40797.0,-0.098316,1.134642,EGY,AUT,842410
2526520,71,15,8894,2008,3416.0,9521708.0,0.8755649999999999,2.122164,ESP,AUT,842410
2526521,72,15,8894,2008,0.0,6326.0,0.749696,1.5173940000000001,EST,AUT,842410
2526522,73,15,8894,2008,0.0,180918.0,-1.0084629999999999,-0.83993,ETH,AUT,842410
2526523,74,15,8894,2008,11623.0,180638.0,1.767859,0.846409,FIN,AUT,842410
2526524,77,15,8894,2008,404660.0,3562.0,1.487702,-0.223965,FRA,AUT,842410
2526525,80,15,8894,2008,0.0,3194.0,-1.316179,-1.117633,GAB,AUT,842410
2526526,81,15,8894,2008,70173.0,60869.0,1.7586119999999998,0.061214,GBR,AUT,842410
2526527,90,15,8894,2008,0.0,4418.0,0.33272399999999996,1.758188,GRC,AUT,842410
2526528,100,15,8894,2008,8712.0,8388.0,0.874459,1.075102,HRV,AUT,842410
2526529,102,15,8894,2008,66924.0,176326.0,1.3358299999999999,0.8177770000000001,HUN,AUT,842410
2526530,104,15,8894,2008,19300.0,23922.0,0.26694,2.926023,IND,AUT,842410
2526531,107,15,8894,2008,0.0,693991.0,-0.9776469999999999,-1.054475,IRN,AUT,842410
2526532,111,15,8894,2008,985809.0,9945.0,1.308777,0.361523,ITA,AUT,842410
2526533,114,15,8894,2008,49830.0,0.0,2.285056,0.036255,JPN,AUT,842410
2526534,121,15,8894,2008,0.0,4506.0,1.491687,0.814692,KOR,AUT,842410
2526535,122,15,8894,2008,0.0,40871.0,-1.401297,-1.142945,KWT,AUT,842410
2526536,126,15,8894,2008,0.0,19594.0,-1.156353,-1.133716,LBY,AUT,842410
2526537,130,15,8894,2008,155092.0,0.0,0.59033,0.961408,LTU,AUT,842410
2526538,133,15,8894,2008,0.0,4176.0,0.352633,0.219317,MAC,AUT,842410
2526539,153,15,8894,2008,34466.0,4999.0,0.793395,0.6141939999999999,MYS,AUT,842410
2526540,162,15,8894,2008,39517.0,25259.0,1.139475,1.385316,NLD,AUT,842410
2526541,163,15,8894,2008,10669.0,12654.0,0.911428,-0.019318000000000002,NOR,AUT,842410
2526542,167,15,8894,2008,0.0,20613.0,-0.635199,-1.027136,OMN,AUT,842410
2526543,168,15,8894,2008,0.0,13789.0,-0.401588,0.500668,PAK,AUT,842410
2526544,177,15,8894,2008,26361.0,51958.0,1.037287,1.244457,POL,AUT,842410
2526545,179,15,8894,2008,0.0,81139.0,0.64135,2.1946939999999997,PRT,AUT,842410
2526546,185,15,8894,2008,0.0,246367.0,0.784924,1.235527,ROU,AUT,842410
2526547,188,15,8894,2008,0.0,196925.0,-0.09849400000000001,-0.8998309999999999,SAU,AUT,842410
2526548,192,15,8894,2008,0.0,7939.0,1.844543,0.5947020000000001,SGP,AUT,842410
2526549,201,15,8894,2008,0.0,20831.0,0.615147,1.484149,SRB,AUT,842410
2526550,206,15,8894,2008,13718.0,27236.0,1.3402040000000002,0.8038770000000001,SVK,AUT,842410
2526551,207,15,8894,2008,1647.0,16763.0,1.5099209999999998,0.683663,SVN,AUT,842410
2526552,208,15,8894,2008,110400.0,11141.0,1.866575,0.44342700000000007,SWE,AUT,842410
2526553,216,15,8894,2008,0.0,6316.0,0.7531399999999999,1.4420620000000002,THA,AUT,842410
2526554,224,15,8894,2008,5200.0,1336.0,0.44478,2.186881,TUR,AUT,842410
2526555,231,15,8894,2008,30843.0,72051.0,1.584278,-0.209788,USA,AUT,842410
2526556,247,15,8894,2008,0.0,1088.0,-0.798489,-0.9437639999999999,ZMB,AUT,842410
2526557,249,15,8894,2008,0.0,91515.0,1.611693,0.93875,TWN,AUT,842410
2526558,7,18,8894,2008,0.0,1832.0,-0.276433,-0.692392,ARE,BEL,842410
2526559,9,18,8894,2008,0.0,9563.0,0.360609,-0.038343,ARM,BEL,842410
2526560,14,18,8894,2008,3744.0,4396.0,-0.171801,-0.012588,AUS,BEL,842410
2526561,15,18,8894,2008,1418.0,656595.0,1.634816,-0.078419,AUT,BEL,842410
2526562,17,18,8894,2008,0.0,6010.0,-0.313815,-0.539678,BDI,BEL,842410
2526563,19,18,8894,2008,0.0,4823.0,-1.171101,-0.9600569999999999,BEN,BEL,842410
2526564,21,18,8894,2008,0.0,7173.0,-1.076309,-1.012701,BFA,BEL,842410
2526565,23,18,8894,2008,8649.0,1263.0,0.44409,1.575399,BGR,BEL,842410
2526566,26,18,8894,2008,0.0,3527.0,0.480256,0.810361,BIH,BEL,842410
2526567,32,18,8894,2008,0.0,92293.0,0.444687,0.904332,BRA,BEL,842410
2526568,41,18,8894,2008,4963.0,758203.0,1.978404,0.368694,CHE,BEL,842410
2526569,43,18,8894,2008,1355655.0,3585.0,0.929285,1.8917259999999998,CHN,BEL,842410
2526570,45,18,8894,2008,0.0,2564.0,-1.143808,-1.0725,CMR,BEL,842410
2526571,46,18,8894,2008,0.0,15518.0,-1.513117,-1.141895,COD,BEL,842410
2526572,47,18,8894,2008,0.0,58448.0,-2.2772799999999997,-1.216089,COG,BEL,842410
2526573,58,18,8894,2008,0.0,1331.0,1.003211,0.712629,CYP,BEL,842410
2526574,59,18,8894,2008,43839.0,30699.0,1.592035,0.27983600000000003,CZE,BEL,842410
2526575,61,18,8894,2008,3337906.0,1415968.0,2.007167,-3.256961,DEU,BEL,842410
2526576,64,18,8894,2008,106354.0,665693.0,1.165294,1.1112440000000001,DNK,BEL,842410
2526577,66,18,8894,2008,0.0,29822.0,-0.556434,-1.079109,DZA,BEL,842410
2526578,68,18,8894,2008,0.0,15716.0,-0.098316,1.134642,EGY,BEL,842410
2526579,71,18,8894,2008,446697.0,610644.0,0.8755649999999999,2.122164,ESP,BEL,842410
2526580,72,18,8894,2008,0.0,54274.0,0.749696,1.5173940000000001,EST,BEL,842410
2526581,74,18,8894,2008,0.0,27699.0,1.767859,0.846409,FIN,BEL,842410
2526582,77,18,8894,2008,1816738.0,1813109.0,1.487702,-0.223965,FRA,BEL,842410
2526583,80,18,8894,2008,0.0,5004.0,-1.316179,-1.117633,GAB,BEL,842410
2526584,81,18,8894,2008,1366020.0,1914157.0,1.7586119999999998,0.061214,GBR,BEL,842410
2526585,82,18,8894,2008,0.0,7639.0,-0.355095,-0.660181,GEO,BEL,842410
2526586,83,18,8894,2008,0.0,11582.0,-0.9339360000000001,-0.701724,GHA,BEL,842410
2526587,85,18,8894,2008,0.0,5680.0,-1.530997,-1.171231,GIN,BEL,842410
2526588,90,18,8894,2008,6339.0,231320.0,0.33272399999999996,1.758188,GRC,BEL,842410
2526589,97,18,8894,2008,0.0,8530.0,0.74435,2.149616,HKG,BEL,842410
2526590,100,18,8894,2008,719805.0,0.0,0.874459,1.075102,HRV,BEL,842410
2526591,102,18,8894,2008,0.0,48902.0,1.3358299999999999,0.8177770000000001,HUN,BEL,842410
2526592,104,18,8894,2008,0.0,545397.0,0.26694,2.926023,IND,BEL,842410
2526593,106,18,8894,2008,0.0,281044.0,1.693858,0.221425,IRL,BEL,842410
2526594,109,18,8894,2008,0.0,2526.0,0.26969899999999997,-0.29915,ISL,BEL,842410
2526595,110,18,8894,2008,0.0,5400.0,1.169192,0.797136,ISR,BEL,842410
2526596,111,18,8894,2008,2106977.0,205897.0,1.308777,0.361523,ITA,BEL,842410
2526597,113,18,8894,2008,0.0,5598.0,0.255463,0.45844799999999997,JOR,BEL,842410
2526598,114,18,8894,2008,0.0,54200.0,2.285056,0.036255,JPN,BEL,842410
2526599,121,18,8894,2008,0.0,22586.0,1.491687,0.814692,KOR,BEL,842410
2526600,124,18,8894,2008,0.0,31818.0,0.46133100000000005,1.4598149999999999,LBN,BEL,842410
2526601,126,18,8894,2008,0.0,126227.0,-1.156353,-1.133716,LBY,BEL,842410
2526602,131,18,8894,2008,215778.0,195129.0,1.39945,1.003857,LUX,BEL,842410
2526603,132,18,8894,2008,0.0,2368.0,0.655489,1.0811540000000002,LVA,BEL,842410
2526604,134,18,8894,2008,0.0,3790.0,-0.505734,-0.000516,MAR,BEL,842410
2526605,140,18,8894,2008,0.0,2076.0,-0.090639,-0.137401,MKD,BEL,842410
2526606,141,18,8894,2008,0.0,87054.0,-0.274267,-0.51084,MLI,BEL,842410
2526607,148,18,8894,2008,0.0,22334.0,-2.081778,-1.274636,MRT,BEL,842410
2526608,156,18,8894,2008,0.0,1566.0,-0.21304099999999998,-0.8147300000000001,NCL,BEL,842410
2526609,159,18,8894,2008,0.0,9757.0,-1.9809139999999998,-1.189201,NGA,BEL,842410
2526610,162,18,8894,2008,2776588.0,4946148.0,1.139475,1.385316,NLD,BEL,842410
2526611,163,18,8894,2008,1103829.0,49727.0,0.911428,-0.019318000000000002,NOR,BEL,842410
2526612,166,18,8894,2008,0.0,9174.0,0.513416,0.753058,NZL,BEL,842410
2526613,177,18,8894,2008,22404.0,49603.0,1.037287,1.244457,POL,BEL,842410
2526614,179,18,8894,2008,26839.0,67328.0,0.64135,2.1946939999999997,PRT,BEL,842410
2526615,183,18,8894,2008,2864.0,1890.0,-0.36390900000000004,-1.0045549999999999,QAT,BEL,842410
2526616,185,18,8894,2008,0.0,61245.0,0.784924,1.235527,ROU,BEL,842410
2526617,186,18,8894,2008,0.0,1605.0,0.559059,-0.00886,RUS,BEL,842410
2526618,187,18,8894,2008,0.0,1331.0,-0.770307,-0.650779,RWA,BEL,842410
2526619,188,18,8894,2008,0.0,11247.0,-0.09849400000000001,-0.8998309999999999,SAU,BEL,842410
2526620,191,18,8894,2008,0.0,41162.0,-0.478024,-0.313199,SEN,BEL,842410
2526621,192,18,8894,2008,0.0,13593.0,1.844543,0.5947020000000001,SGP,BEL,842410
2526622,206,18,8894,2008,0.0,23293.0,1.3402040000000002,0.8038770000000001,SVK,BEL,842410
2526623,207,18,8894,2008,0.0,1552.0,1.5099209999999998,0.683663,SVN,BEL,842410
2526624,208,18,8894,2008,471315.0,95905.0,1.866575,0.44342700000000007,SWE,BEL,842410
2526625,214,18,8894,2008,0.0,64814.0,-2.837417,-0.927269,TCD,BEL,842410
2526626,216,18,8894,2008,0.0,14076.0,0.7531399999999999,1.4420620000000002,THA,BEL,842410
2526627,223,18,8894,2008,0.0,26473.0,0.084141,0.676248,TUN,BEL,842410
2526628,231,18,8894,2008,579875.0,492590.0,1.584278,-0.209788,USA,BEL,842410
2526629,246,18,8894,2008,173383.0,0.0,0.22551500000000002,1.185506,ZAF,BEL,842410
2526630,249,18,8894,2008,8418.0,46134.0,1.611693,0.93875,TWN,BEL,842410
2526631,2,32,8894,2008,0.0,450372.0,-2.0318669999999996,-1.149931,AGO,BRA,842410
2526632,8,32,8894,2008,12838.0,3865458.0,0.278837,0.496784,ARG,BRA,842410
2526633,14,32,8894,2008,0.0,1443624.0,-0.171801,-0.012588,AUS,BRA,842410
2526634,15,32,8894,2008,0.0,7263.0,1.634816,-0.078419,AUT,BRA,842410
2526635,18,32,8894,2008,92293.0,0.0,1.297416,0.9716549999999999,BEL,BRA,842410
2526636,31,32,8894,2008,0.0,155969.0,-0.852975,-0.88041,BOL,BRA,842410
2526637,39,32,8894,2008,2250.0,0.0,0.684659,1.085312,CAN,BRA,842410
2526638,41,32,8894,2008,12672.0,0.0,1.978404,0.368694,CHE,BRA,842410
2526639,42,32,8894,2008,54182.0,84509.0,-0.293985,-0.349554,CHL,BRA,842410
2526640,43,32,8894,2008,48686.0,74346.0,0.929285,1.8917259999999998,CHN,BRA,842410
2526641,49,32,8894,2008,1682.0,12871.0,0.19505699999999998,0.566189,COL,BRA,842410
2526642,52,32,8894,2008,0.0,178226.0,0.023962,-0.346029,CRI,BRA,842410
2526643,58,32,8894,2008,32057.0,0.0,1.003211,0.712629,CYP,BRA,842410
2526644,61,32,8894,2008,504783.0,0.0,2.007167,-3.256961,DEU,BRA,842410
2526645,64,32,8894,2008,408450.0,0.0,1.165294,1.1112440000000001,DNK,BRA,842410
2526646,65,32,8894,2008,0.0,2582.0,-0.167958,0.241283,DOM,BRA,842410
2526647,67,32,8894,2008,0.0,5467.0,-0.859434,-0.972389,ECU,BRA,842410
2526648,68,32,8894,2008,0.0,17156.0,-0.098316,1.134642,EGY,BRA,842410
2526649,71,32,8894,2008,216703.0,47290.0,0.8755649999999999,2.122164,ESP,BRA,842410
2526650,74,32,8894,2008,126520.0,0.0,1.767859,0.846409,FIN,BRA,842410
2526651,77,32,8894,2008,218650.0,60417.0,1.487702,-0.223965,FRA,BRA,842410
2526652,81,32,8894,2008,170293.0,428827.0,1.7586119999999998,0.061214,GBR,BRA,842410
2526653,89,32,8894,2008,0.0,3977.0,-1.059208,-0.843542,GNQ,BRA,842410
2526654,111,32,8894,2008,16055.0,0.0,1.308777,0.361523,ITA,BRA,842410
2526655,114,32,8894,2008,490713.0,0.0,2.285056,0.036255,JPN,BRA,842410
2526656,121,32,8894,2008,12836.0,0.0,1.491687,0.814692,KOR,BRA,842410
2526657,138,32,8894,2008,0.0,65214.0,0.9833639999999999,0.7687069999999999,MEX,BRA,842410
2526658,159,32,8894,2008,0.0,2286.0,-1.9809139999999998,-1.189201,NGA,BRA,842410
2526659,162,32,8894,2008,0.0,2577.0,1.139475,1.385316,NLD,BRA,842410
2526660,163,32,8894,2008,621531.0,0.0,0.911428,-0.019318000000000002,NOR,BRA,842410
2526661,166,32,8894,2008,0.0,121916.0,0.513416,0.753058,NZL,BRA,842410
2526662,173,32,8894,2008,0.0,47704.0,-0.518126,0.17193599999999998,PER,BRA,842410
2526663,177,32,8894,2008,0.0,1386.0,1.037287,1.244457,POL,BRA,842410
2526664,179,32,8894,2008,5883.0,21820.0,0.64135,2.1946939999999997,PRT,BRA,842410
2526665,180,32,8894,2008,0.0,8885.0,-0.556298,-0.9503780000000001,PRY,BRA,842410
2526666,183,32,8894,2008,0.0,23075.0,-0.36390900000000004,-1.0045549999999999,QAT,BRA,842410
2526667,192,32,8894,2008,0.0,60190.0,1.844543,0.5947020000000001,SGP,BRA,842410
2526668,197,32,8894,2008,0.0,25894.0,-0.028986,0.369501,SLV,BRA,842410
2526669,208,32,8894,2008,75436.0,0.0,1.866575,0.44342700000000007,SWE,BRA,842410
2526670,230,32,8894,2008,0.0,432536.0,0.376164,0.049387,URY,BRA,842410
2526671,231,32,8894,2008,2614114.0,132411.0,1.584278,-0.209788,USA,BRA,842410
2526672,236,32,8894,2008,0.0,743969.0,-0.442996,-1.0439969999999998,VEN,BRA,842410
2526673,39,33,8894,2008,1550.0,0.0,0.684659,1.085312,CAN,BRB,842410
2526674,43,33,8894,2008,943.0,0.0,0.929285,1.8917259999999998,CHN,BRB,842410
2526675,81,33,8894,2008,97953.0,0.0,1.7586119999999998,0.061214,GBR,BRB,842410
2526676,138,33,8894,2008,6400.0,0.0,0.9833639999999999,0.7687069999999999,MEX,BRB,842410
2526677,169,33,8894,2008,1862.0,0.0,0.470854,0.960075,PAN,BRB,842410
2526678,228,33,8894,2008,1474.0,0.0,0.59355,0.764415,UKR,BRB,842410
2526679,231,33,8894,2008,55369.0,0.0,1.584278,-0.209788,USA,BRB,842410
2526680,7,39,8894,2008,0.0,18994.0,-0.276433,-0.692392,ARE,CAN,842410
2526681,14,39,8894,2008,10201.0,350710.0,-0.171801,-0.012588,AUS,CAN,842410
2526682,15,39,8894,2008,10307.0,1290.0,1.634816,-0.078419,AUT,CAN,842410
2526683,25,39,8894,2008,0.0,3757.0,0.470359,-0.5418890000000001,BHS,CAN,842410
2526684,32,39,8894,2008,0.0,2250.0,0.444687,0.904332,BRA,CAN,842410
2526685,33,39,8894,2008,0.0,1550.0,0.761035,0.615472,BRB,CAN,842410
2526686,41,39,8894,2008,2937.0,18487.0,1.978404,0.368694,CHE,CAN,842410
2526687,42,39,8894,2008,0.0,13428.0,-0.293985,-0.349554,CHL,CAN,842410
2526688,43,39,8894,2008,1495621.0,300694.0,0.929285,1.8917259999999998,CHN,CAN,842410
2526689,44,39,8894,2008,0.0,2212.0,-0.9806040000000001,-0.730792,CIV,CAN,842410
2526690,49,39,8894,2008,0.0,57370.0,0.19505699999999998,0.566189,COL,CAN,842410
2526691,54,39,8894,2008,0.0,98751.0,-0.23158299999999998,-0.892943,CUB,CAN,842410
2526692,61,39,8894,2008,8062.0,30843.0,2.007167,-3.256961,DEU,CAN,842410
2526693,63,39,8894,2008,0.0,1967.0,0.424179,0.04355,DMA,CAN,842410
2526694,64,39,8894,2008,37443.0,3876.0,1.165294,1.1112440000000001,DNK,CAN,842410
2526695,65,39,8894,2008,0.0,2510.0,-0.167958,0.241283,DOM,CAN,842410
2526696,66,39,8894,2008,0.0,451404.0,-0.556434,-1.079109,DZA,CAN,842410
2526697,71,39,8894,2008,0.0,6595.0,0.8755649999999999,2.122164,ESP,CAN,842410
2526698,74,39,8894,2008,186029.0,22895.0,1.767859,0.846409,FIN,CAN,842410
2526699,77,39,8894,2008,12926.0,93403.0,1.487702,-0.223965,FRA,CAN,842410
2526700,81,39,8894,2008,581221.0,3390.0,1.7586119999999998,0.061214,GBR,CAN,842410
2526701,82,39,8894,2008,0.0,1704.0,-0.355095,-0.660181,GEO,CAN,842410
2526702,83,39,8894,2008,0.0,2149.0,-0.9339360000000001,-0.701724,GHA,CAN,842410
2526703,85,39,8894,2008,0.0,12435.0,-1.530997,-1.171231,GIN,CAN,842410
2526704,92,39,8894,2008,0.0,36109.0,-0.669996,-0.909798,GRL,CAN,842410
2526705,93,39,8894,2008,8728.0,0.0,-0.271973,0.720486,GTM,CAN,842410
2526706,97,39,8894,2008,0.0,51827.0,0.74435,2.149616,HKG,CAN,842410
2526707,100,39,8894,2008,0.0,47544.0,0.874459,1.075102,HRV,CAN,842410
2526708,103,39,8894,2008,0.0,7113.0,-0.11154000000000001,1.4879850000000001,IDN,CAN,842410
2526709,104,39,8894,2008,0.0,43254.0,0.26694,2.926023,IND,CAN,842410
2526710,110,39,8894,2008,4386.0,169785.0,1.169192,0.797136,ISR,CAN,842410
2526711,111,39,8894,2008,30335.0,69515.0,1.308777,0.361523,ITA,CAN,842410
2526712,113,39,8894,2008,0.0,4662.0,0.255463,0.45844799999999997,JOR,CAN,842410
2526713,115,39,8894,2008,0.0,31623.0,-0.43055200000000005,-0.6852590000000001,KAZ,CAN,842410
2526714,116,39,8894,2008,0.0,3553.0,-0.284528,0.9378610000000001,KEN,CAN,842410
2526715,117,39,8894,2008,0.0,57672.0,-0.287826,-0.11858699999999998,KGZ,CAN,842410
2526716,120,39,8894,2008,0.0,14106.0,1.2613,-0.136295,KNA,CAN,842410
2526717,126,39,8894,2008,0.0,66146.0,-1.156353,-1.133716,LBY,CAN,842410
2526718,133,39,8894,2008,0.0,950.0,0.352633,0.219317,MAC,CAN,842410
2526719,136,39,8894,2008,0.0,2945.0,-0.9618190000000001,-0.348841,MDG,CAN,842410
2526720,137,39,8894,2008,0.0,55372.0,0.037203,-0.718439,MDV,CAN,842410
2526721,138,39,8894,2008,5953956.0,30079.0,0.9833639999999999,0.7687069999999999,MEX,CAN,842410
2526722,145,39,8894,2008,0.0,10624.0,-1.13585,-1.1076190000000001,MNG,CAN,842410
2526723,153,39,8894,2008,217226.0,4670.0,0.793395,0.6141939999999999,MYS,CAN,842410
2526724,159,39,8894,2008,0.0,80982.0,-1.9809139999999998,-1.189201,NGA,CAN,842410
2526725,160,39,8894,2008,0.0,4728.0,-0.869193,-0.676623,NIC,CAN,842410
2526726,162,39,8894,2008,24053.0,0.0,1.139475,1.385316,NLD,CAN,842410
2526727,163,39,8894,2008,193313.0,5149.0,0.911428,-0.019318000000000002,NOR,CAN,842410
2526728,168,39,8894,2008,0.0,1289.0,-0.401588,0.500668,PAK,CAN,842410
2526729,173,39,8894,2008,0.0,1114.0,-0.518126,0.17193599999999998,PER,CAN,842410
2526730,177,39,8894,2008,94492.0,0.0,1.037287,1.244457,POL,CAN,842410
2526731,183,39,8894,2008,0.0,5569.0,-0.36390900000000004,-1.0045549999999999,QAT,CAN,842410
2526732,186,39,8894,2008,6092.0,3143.0,0.559059,-0.00886,RUS,CAN,842410
2526733,188,39,8894,2008,5767.0,958.0,-0.09849400000000001,-0.8998309999999999,SAU,CAN,842410
2526734,192,39,8894,2008,19147.0,13479.0,1.844543,0.5947020000000001,SGP,CAN,842410
2526735,200,39,8894,2008,0.0,2651.0,-0.01135,-0.8057350000000001,SPM,CAN,842410
2526736,208,39,8894,2008,185672.0,8234.0,1.866575,0.44342700000000007,SWE,CAN,842410
2526737,211,39,8894,2008,0.0,1902.0,0.29189699999999996,-0.47472600000000004,SYC,CAN,842410
2526738,216,39,8894,2008,5920.0,1776.0,0.7531399999999999,1.4420620000000002,THA,CAN,842410
2526739,222,39,8894,2008,0.0,26126.0,-0.44752600000000003,-1.060906,TTO,CAN,842410
2526740,226,39,8894,2008,0.0,876.0,-0.755692,0.8751690000000001,TZA,CAN,842410
2526741,229,39,8894,2008,0.0,3445.0,1.311657,0.013382,UMI,CAN,842410
2526742,231,39,8894,2008,52219748.0,4478392.0,1.584278,-0.209788,USA,CAN,842410
2526743,234,39,8894,2008,0.0,2142.0,-0.598538,-0.8798459999999999,VCT,CAN,842410
2526744,243,39,8894,2008,0.0,60182.0,-1.227495,-1.191462,YEM,CAN,842410
2526745,246,39,8894,2008,13138.0,2162.0,0.22551500000000002,1.185506,ZAF,CAN,842410
2526746,247,39,8894,2008,0.0,1141.0,-0.798489,-0.9437639999999999,ZMB,CAN,842410
2526747,248,39,8894,2008,0.0,1343.0,-0.377992,-0.577244,ZWE,CAN,842410
2526748,249,39,8894,2008,963.0,1676.0,1.611693,0.93875,TWN,CAN,842410
2526749,2,41,8894,2008,0.0,21212.0,-2.0318669999999996,-1.149931,AGO,CHE,842410
2526750,15,41,8894,2008,8230.0,79966.0,1.634816,-0.078419,AUT,CHE,842410
2526751,18,41,8894,2008,758203.0,4963.0,1.297416,0.9716549999999999,BEL,CHE,842410
2526752,23,41,8894,2008,0.0,15426.0,0.44409,1.575399,BGR,CHE,842410
2526753,32,41,8894,2008,0.0,12672.0,0.444687,0.904332,BRA,CHE,842410
2526754,34,41,8894,2008,0.0,2877.0,-1.7609099999999998,-0.8835959999999999,BRN,CHE,842410
2526755,39,41,8894,2008,18487.0,2937.0,0.684659,1.085312,CAN,CHE,842410
2526756,43,41,8894,2008,26216.0,0.0,0.929285,1.8917259999999998,CHN,CHE,842410
2526757,58,41,8894,2008,17278.0,0.0,1.003211,0.712629,CYP,CHE,842410
2526758,59,41,8894,2008,0.0,18970.0,1.592035,0.27983600000000003,CZE,CHE,842410
2526759,61,41,8894,2008,9067709.0,1674898.0,2.007167,-3.256961,DEU,CHE,842410
2526760,64,41,8894,2008,3336.0,103721.0,1.165294,1.1112440000000001,DNK,CHE,842410
2526761,68,41,8894,2008,0.0,1374.0,-0.098316,1.134642,EGY,CHE,842410
2526762,71,41,8894,2008,32046.0,24266.0,0.8755649999999999,2.122164,ESP,CHE,842410
2526763,74,41,8894,2008,62288.0,0.0,1.767859,0.846409,FIN,CHE,842410
2526764,77,41,8894,2008,2850299.0,442566.0,1.487702,-0.223965,FRA,CHE,842410
2526765,81,41,8894,2008,586570.0,331205.0,1.7586119999999998,0.061214,GBR,CHE,842410
2526766,90,41,8894,2008,1598.0,6375.0,0.33272399999999996,1.758188,GRC,CHE,842410
2526767,100,41,8894,2008,0.0,1988.0,0.874459,1.075102,HRV,CHE,842410
2526768,102,41,8894,2008,1929.0,0.0,1.3358299999999999,0.8177770000000001,HUN,CHE,842410
2526769,104,41,8894,2008,0.0,25796.0,0.26694,2.926023,IND,CHE,842410
2526770,106,41,8894,2008,0.0,29410.0,1.693858,0.221425,IRL,CHE,842410
2526771,107,41,8894,2008,0.0,4859.0,-0.9776469999999999,-1.054475,IRN,CHE,842410
2526772,111,41,8894,2008,1024456.0,411611.0,1.308777,0.361523,ITA,CHE,842410
2526773,114,41,8894,2008,0.0,29873.0,2.285056,0.036255,JPN,CHE,842410
2526774,121,41,8894,2008,7986.0,7041.0,1.491687,0.814692,KOR,CHE,842410
2526775,126,41,8894,2008,6526.0,0.0,-1.156353,-1.133716,LBY,CHE,842410
2526776,138,41,8894,2008,0.0,12750.0,0.9833639999999999,0.7687069999999999,MEX,CHE,842410
2526777,153,41,8894,2008,3743.0,3567.0,0.793395,0.6141939999999999,MYS,CHE,842410
2526778,159,41,8894,2008,0.0,122575.0,-1.9809139999999998,-1.189201,NGA,CHE,842410
2526779,162,41,8894,2008,534406.0,97088.0,1.139475,1.385316,NLD,CHE,842410
2526780,163,41,8894,2008,0.0,26876.0,0.911428,-0.019318000000000002,NOR,CHE,842410
2526781,177,41,8894,2008,25915.0,15907.0,1.037287,1.244457,POL,CHE,842410
2526782,185,41,8894,2008,0.0,10039.0,0.784924,1.235527,ROU,CHE,842410
2526783,186,41,8894,2008,0.0,5328.0,0.559059,-0.00886,RUS,CHE,842410
2526784,190,41,8894,2008,0.0,4868.0,-2.095439,-1.263511,SDN,CHE,842410
2526785,192,41,8894,2008,1958.0,51649.0,1.844543,0.5947020000000001,SGP,CHE,842410
2526786,206,41,8894,2008,0.0,3234.0,1.3402040000000002,0.8038770000000001,SVK,CHE,842410
2526787,207,41,8894,2008,0.0,2478.0,1.5099209999999998,0.683663,SVN,CHE,842410
2526788,208,41,8894,2008,66830.0,0.0,1.866575,0.44342700000000007,SWE,CHE,842410
2526789,216,41,8894,2008,0.0,162409.0,0.7531399999999999,1.4420620000000002,THA,CHE,842410
2526790,224,41,8894,2008,0.0,3929.0,0.44478,2.186881,TUR,CHE,842410
2526791,226,41,8894,2008,9789.0,0.0,-0.755692,0.8751690000000001,TZA,CHE,842410
2526792,231,41,8894,2008,160740.0,14945.0,1.584278,-0.209788,USA,CHE,842410
2526793,239,41,8894,2008,0.0,54909.0,-0.207083,1.1323370000000001,VNM,CHE,842410
2526794,243,41,8894,2008,1123.0,0.0,-1.227495,-1.191462,YEM,CHE,842410
2526795,8,42,8894,2008,27621.0,57320.0,0.278837,0.496784,ARG,CHL,842410
2526796,32,42,8894,2008,84509.0,54182.0,0.444687,0.904332,BRA,CHL,842410
2526797,39,42,8894,2008,13428.0,0.0,0.684659,1.085312,CAN,CHL,842410
2526798,43,42,8894,2008,1650156.0,0.0,0.929285,1.8917259999999998,CHN,CHL,842410
2526799,61,42,8894,2008,194241.0,0.0,2.007167,-3.256961,DEU,CHL,842410
2526800,64,42,8894,2008,277950.0,0.0,1.165294,1.1112440000000001,DNK,CHL,842410
2526801,67,42,8894,2008,0.0,2638.0,-0.859434,-0.972389,ECU,CHL,842410
2526802,71,42,8894,2008,353625.0,0.0,0.8755649999999999,2.122164,ESP,CHL,842410
2526803,74,42,8894,2008,19089.0,0.0,1.767859,0.846409,FIN,CHL,842410
2526804,77,42,8894,2008,25829.0,0.0,1.487702,-0.223965,FRA,CHL,842410
2526805,81,42,8894,2008,37178.0,0.0,1.7586119999999998,0.061214,GBR,CHL,842410
2526806,93,42,8894,2008,0.0,2804.0,-0.271973,0.720486,GTM,CHL,842410
2526807,111,42,8894,2008,87689.0,0.0,1.308777,0.361523,ITA,CHL,842410
2526808,138,42,8894,2008,0.0,3260.0,0.9833639999999999,0.7687069999999999,MEX,CHL,842410
2526809,163,42,8894,2008,1205747.0,0.0,0.911428,-0.019318000000000002,NOR,CHL,842410
2526810,169,42,8894,2008,2842.0,2554.0,0.470854,0.960075,PAN,CHL,842410
2526811,173,42,8894,2008,2388.0,0.0,-0.518126,0.17193599999999998,PER,CHL,842410
2526812,177,42,8894,2008,28637.0,0.0,1.037287,1.244457,POL,CHL,842410
2526813,180,42,8894,2008,0.0,4493.0,-0.556298,-0.9503780000000001,PRY,CHL,842410
2526814,206,42,8894,2008,769.0,0.0,1.3402040000000002,0.8038770000000001,SVK,CHL,842410
2526815,208,42,8894,2008,50866.0,2987.0,1.866575,0.44342700000000007,SWE,CHL,842410
2526816,230,42,8894,2008,0.0,35261.0,0.376164,0.049387,URY,CHL,842410
2526817,231,42,8894,2008,2100908.0,4846.0,1.584278,-0.209788,USA,CHL,842410
2526818,250,42,8894,2008,20126.0,0.0,0.547909,-0.5303640000000001,ANS,CHL,842410
2526819,2,43,8894,2008,0.0,184251.0,-2.0318669999999996,-1.149931,AGO,CHN,842410
2526820,4,43,8894,2008,0.0,29271.0,-0.252894,-0.0071400000000000005,ALB,CHN,842410
2526821,7,43,8894,2008,117405.0,9863616.0,-0.276433,-0.692392,ARE,CHN,842410
2526822,8,43,8894,2008,0.0,11890.0,0.278837,0.496784,ARG,CHN,842410
2526823,9,43,8894,2008,0.0,25647.0,0.360609,-0.038343,ARM,CHN,842410
2526824,14,43,8894,2008,54158.0,11042438.0,-0.171801,-0.012588,AUS,CHN,842410
2526825,15,43,8894,2008,14861.0,104387.0,1.634816,-0.078419,AUT,CHN,842410
2526826,16,43,8894,2008,0.0,52495.0,-0.7143109999999999,-1.114747,AZE,CHN,842410
2526827,18,43,8894,2008,3585.0,1355655.0,1.297416,0.9716549999999999,BEL,CHN,842410
2526828,19,43,8894,2008,0.0,140784.0,-1.171101,-0.9600569999999999,BEN,CHN,842410
2526829,21,43,8894,2008,0.0,3640.0,-1.076309,-1.012701,BFA,CHN,842410
2526830,22,43,8894,2008,0.0,793930.0,-0.852774,-0.766779,BGD,CHN,842410
2526831,23,43,8894,2008,0.0,1055682.0,0.44409,1.575399,BGR,CHN,842410
2526832,24,43,8894,2008,0.0,142773.0,0.335334,-0.81372,BHR,CHN,842410
2526833,26,43,8894,2008,0.0,44467.0,0.480256,0.810361,BIH,CHN,842410
2526834,32,43,8894,2008,74346.0,48686.0,0.444687,0.904332,BRA,CHN,842410
2526835,33,43,8894,2008,0.0,943.0,0.761035,0.615472,BRB,CHN,842410
2526836,34,43,8894,2008,0.0,1527.0,-1.7609099999999998,-0.8835959999999999,BRN,CHN,842410
2526837,37,43,8894,2008,0.0,2866.0,-0.191616,-0.848397,BWA,CHN,842410
2526838,38,43,8894,2008,0.0,1903.0,-0.387367,-0.767895,CAF,CHN,842410
2526839,39,43,8894,2008,300694.0,1495621.0,0.684659,1.085312,CAN,CHN,842410
2526840,41,43,8894,2008,0.0,26216.0,1.978404,0.368694,CHE,CHN,842410
2526841,42,43,8894,2008,0.0,1650156.0,-0.293985,-0.349554,CHL,CHN,842410
2526842,44,43,8894,2008,0.0,69000.0,-0.9806040000000001,-0.730792,CIV,CHN,842410
2526843,45,43,8894,2008,0.0,14463.0,-1.143808,-1.0725,CMR,CHN,842410
2526844,46,43,8894,2008,0.0,3786.0,-1.513117,-1.141895,COD,CHN,842410
2526845,47,43,8894,2008,0.0,88436.0,-2.2772799999999997,-1.216089,COG,CHN,842410
2526846,49,43,8894,2008,0.0,111265.0,0.19505699999999998,0.566189,COL,CHN,842410
2526847,52,43,8894,2008,0.0,65704.0,0.023962,-0.346029,CRI,CHN,842410
2526848,54,43,8894,2008,0.0,604735.0,-0.23158299999999998,-0.892943,CUB,CHN,842410
2526849,58,43,8894,2008,0.0,302448.0,1.003211,0.712629,CYP,CHN,842410
2526850,59,43,8894,2008,5459.0,1729018.0,1.592035,0.27983600000000003,CZE,CHN,842410
2526851,61,43,8894,2008,5980320.0,10286198.0,2.007167,-3.256961,DEU,CHN,842410
2526852,62,43,8894,2008,0.0,1420.0,-1.082951,-0.958676,DJI,CHN,842410
2526853,63,43,8894,2008,0.0,25406.0,0.424179,0.04355,DMA,CHN,842410
2526854,64,43,8894,2008,8518767.0,1400800.0,1.165294,1.1112440000000001,DNK,CHN,842410
2526855,65,43,8894,2008,0.0,109624.0,-0.167958,0.241283,DOM,CHN,842410
2526856,66,43,8894,2008,0.0,1008729.0,-0.556434,-1.079109,DZA,CHN,842410
2526857,67,43,8894,2008,0.0,1742941.0,-0.859434,-0.972389,ECU,CHN,842410
2526858,68,43,8894,2008,0.0,1675950.0,-0.098316,1.134642,EGY,CHN,842410
2526859,71,43,8894,2008,276293.0,12465535.0,0.8755649999999999,2.122164,ESP,CHN,842410
2526860,72,43,8894,2008,0.0,148761.0,0.749696,1.5173940000000001,EST,CHN,842410
2526861,73,43,8894,2008,0.0,24691.0,-1.0084629999999999,-0.83993,ETH,CHN,842410
2526862,74,43,8894,2008,712393.0,1388448.0,1.767859,0.846409,FIN,CHN,842410
2526863,77,43,8894,2008,989086.0,7236850.0,1.487702,-0.223965,FRA,CHN,842410
2526864,78,43,8894,2008,0.0,156.0,-0.576205,-0.886117,FRO,CHN,842410
2526865,80,43,8894,2008,0.0,28533.0,-1.316179,-1.117633,GAB,CHN,842410
2526866,81,43,8894,2008,7120816.0,18111418.0,1.7586119999999998,0.061214,GBR,CHN,842410
2526867,82,43,8894,2008,0.0,125165.0,-0.355095,-0.660181,GEO,CHN,842410
2526868,83,43,8894,2008,0.0,366045.0,-0.9339360000000001,-0.701724,GHA,CHN,842410
2526869,87,43,8894,2008,0.0,4415.0,-0.39378,-0.509879,GMB,CHN,842410
2526870,89,43,8894,2008,0.0,1563.0,-1.059208,-0.843542,GNQ,CHN,842410
2526871,90,43,8894,2008,9212.0,7934038.0,0.33272399999999996,1.758188,GRC,CHN,842410
2526872,91,43,8894,2008,0.0,446.0,0.6186010000000001,-0.170518,GRD,CHN,842410
2526873,93,43,8894,2008,0.0,47823.0,-0.271973,0.720486,GTM,CHN,842410
2526874,96,43,8894,2008,0.0,4742.0,-1.0439530000000001,-0.962007,GUY,CHN,842410
2526875,97,43,8894,2008,410692.0,4925191.0,0.74435,2.149616,HKG,CHN,842410
2526876,99,43,8894,2008,0.0,148502.0,-0.5907,-0.351317,HND,CHN,842410
2526877,100,43,8894,2008,0.0,510590.0,0.874459,1.075102,HRV,CHN,842410
2526878,101,43,8894,2008,0.0,43187.0,-1.087836,-0.967734,HTI,CHN,842410
2526879,102,43,8894,2008,0.0,822660.0,1.3358299999999999,0.8177770000000001,HUN,CHN,842410
2526880,103,43,8894,2008,9079.0,1165099.0,-0.11154000000000001,1.4879850000000001,IDN,CHN,842410
2526881,104,43,8894,2008,0.0,2757156.0,0.26694,2.926023,IND,CHN,842410
2526882,106,43,8894,2008,75379.0,5014462.0,1.693858,0.221425,IRL,CHN,842410
2526883,107,43,8894,2008,0.0,5326176.0,-0.9776469999999999,-1.054475,IRN,CHN,842410
2526884,108,43,8894,2008,0.0,716111.0,-1.6604189999999999,-0.886959,IRQ,CHN,842410
2526885,109,43,8894,2008,0.0,22408.0,0.26969899999999997,-0.29915,ISL,CHN,842410
2526886,110,43,8894,2008,0.0,630763.0,1.169192,0.797136,ISR,CHN,842410
2526887,111,43,8894,2008,543380.0,12711918.0,1.308777,0.361523,ITA,CHN,842410
2526888,112,43,8894,2008,0.0,2220.0,-0.412969,-0.9444030000000001,JAM,CHN,842410
2526889,113,43,8894,2008,0.0,1124702.0,0.255463,0.45844799999999997,JOR,CHN,842410
2526890,114,43,8894,2008,1451186.0,10799144.0,2.285056,0.036255,JPN,CHN,842410
2526891,115,43,8894,2008,0.0,919246.0,-0.43055200000000005,-0.6852590000000001,KAZ,CHN,842410
2526892,116,43,8894,2008,0.0,521170.0,-0.284528,0.9378610000000001,KEN,CHN,842410
2526893,117,43,8894,2008,0.0,270217.0,-0.287826,-0.11858699999999998,KGZ,CHN,842410
2526894,118,43,8894,2008,0.0,62423.0,-1.064815,-1.098892,KHM,CHN,842410
2526895,121,43,8894,2008,13348625.0,10795567.0,1.491687,0.814692,KOR,CHN,842410
2526896,122,43,8894,2008,0.0,421623.0,-1.401297,-1.142945,KWT,CHN,842410
2526897,123,43,8894,2008,0.0,56851.0,-1.09704,-0.934141,LAO,CHN,842410
2526898,124,43,8894,2008,0.0,788485.0,0.46133100000000005,1.4598149999999999,LBN,CHN,842410
2526899,125,43,8894,2008,0.0,42054.0,-0.20785900000000002,-0.9568030000000001,LBR,CHN,842410
2526900,126,43,8894,2008,0.0,158747.0,-1.156353,-1.133716,LBY,CHN,842410
2526901,128,43,8894,2008,0.0,462502.0,-0.48245200000000005,0.295892,LKA,CHN,842410
2526902,130,43,8894,2008,0.0,447827.0,0.59033,0.961408,LTU,CHN,842410
2526903,131,43,8894,2008,0.0,6084.0,1.39945,1.003857,LUX,CHN,842410
2526904,132,43,8894,2008,0.0,135365.0,0.655489,1.0811540000000002,LVA,CHN,842410
2526905,133,43,8894,2008,0.0,109548.0,0.352633,0.219317,MAC,CHN,842410
2526906,134,43,8894,2008,0.0,280056.0,-0.505734,-0.000516,MAR,CHN,842410
2526907,135,43,8894,2008,0.0,13837.0,0.096913,-0.095718,MDA,CHN,842410
2526908,136,43,8894,2008,0.0,69645.0,-0.9618190000000001,-0.348841,MDG,CHN,842410
2526909,137,43,8894,2008,0.0,1573.0,0.037203,-0.718439,MDV,CHN,842410
2526910,138,43,8894,2008,3817.0,415142.0,0.9833639999999999,0.7687069999999999,MEX,CHN,842410
2526911,140,43,8894,2008,0.0,19943.0,-0.090639,-0.137401,MKD,CHN,842410
2526912,143,43,8894,2008,0.0,205745.0,-1.501556,-1.1134110000000002,MMR,CHN,842410
2526913,144,43,8894,2008,0.0,759.0,0.321434,-0.168212,MNE,CHN,842410
2526914,145,43,8894,2008,0.0,22601.0,-1.13585,-1.1076190000000001,MNG,CHN,842410
2526915,147,43,8894,2008,0.0,35582.0,-0.982727,-0.8361219999999999,MOZ,CHN,842410
2526916,148,43,8894,2008,0.0,1219.0,-2.081778,-1.274636,MRT,CHN,842410
2526917,151,43,8894,2008,0.0,79327.0,-0.337563,-0.144226,MUS,CHN,842410
2526918,152,43,8894,2008,0.0,5264.0,-1.387548,-1.184696,MWI,CHN,842410
2526919,153,43,8894,2008,155789.0,6334582.0,0.793395,0.6141939999999999,MYS,CHN,842410
2526920,155,43,8894,2008,0.0,6133.0,-0.104196,-0.301923,NAM,CHN,842410
2526921,159,43,8894,2008,0.0,2972037.0,-1.9809139999999998,-1.189201,NGA,CHN,842410
2526922,160,43,8894,2008,0.0,5184.0,-0.869193,-0.676623,NIC,CHN,842410
2526923,162,43,8894,2008,116712.0,4034844.0,1.139475,1.385316,NLD,CHN,842410
2526924,163,43,8894,2008,8325994.0,2524588.0,0.911428,-0.019318000000000002,NOR,CHN,842410
2526925,164,43,8894,2008,0.0,3977.0,-0.130718,0.59102,NPL,CHN,842410
2526926,166,43,8894,2008,0.0,1450952.0,0.513416,0.753058,NZL,CHN,842410
2526927,167,43,8894,2008,0.0,237115.0,-0.635199,-1.027136,OMN,CHN,842410
2526928,168,43,8894,2008,0.0,1511149.0,-0.401588,0.500668,PAK,CHN,842410
2526929,169,43,8894,2008,0.0,911576.0,0.470854,0.960075,PAN,CHN,842410
2526930,173,43,8894,2008,0.0,1415362.0,-0.518126,0.17193599999999998,PER,CHN,842410
2526931,174,43,8894,2008,0.0,1332253.0,0.276488,-0.02957,PHL,CHN,842410
2526932,176,43,8894,2008,0.0,3796.0,-1.6771330000000002,-1.18528,PNG,CHN,842410
2526933,177,43,8894,2008,51135.0,1488425.0,1.037287,1.244457,POL,CHN,842410
2526934,178,43,8894,2008,0.0,37184.0,0.6970609999999999,0.88018,PRK,CHN,842410
2526935,179,43,8894,2008,0.0,1064074.0,0.64135,2.1946939999999997,PRT,CHN,842410
2526936,180,43,8894,2008,0.0,82269.0,-0.556298,-0.9503780000000001,PRY,CHN,842410
2526937,183,43,8894,2008,0.0,981713.0,-0.36390900000000004,-1.0045549999999999,QAT,CHN,842410
2526938,185,43,8894,2008,0.0,1287036.0,0.784924,1.235527,ROU,CHN,842410
2526939,186,43,8894,2008,397314.0,8254756.0,0.559059,-0.00886,RUS,CHN,842410
2526940,188,43,8894,2008,0.0,2730044.0,-0.09849400000000001,-0.8998309999999999,SAU,CHN,842410
2526941,190,43,8894,2008,0.0,755102.0,-2.095439,-1.263511,SDN,CHN,842410
2526942,191,43,8894,2008,0.0,14957.0,-0.478024,-0.313199,SEN,CHN,842410
2526943,192,43,8894,2008,1746127.0,3093228.0,1.844543,0.5947020000000001,SGP,CHN,842410
2526944,197,43,8894,2008,0.0,16454.0,-0.028986,0.369501,SLV,CHN,842410
2526945,201,43,8894,2008,0.0,25244.0,0.615147,1.484149,SRB,CHN,842410
2526946,205,43,8894,2008,0.0,2214.0,-0.766178,-0.8888,SUR,CHN,842410
2526947,206,43,8894,2008,0.0,433053.0,1.3402040000000002,0.8038770000000001,SVK,CHN,842410
2526948,207,43,8894,2008,0.0,81861.0,1.5099209999999998,0.683663,SVN,CHN,842410
2526949,208,43,8894,2008,78851.0,3446645.0,1.866575,0.44342700000000007,SWE,CHN,842410
2526950,211,43,8894,2008,0.0,10861.0,0.29189699999999996,-0.47472600000000004,SYC,CHN,842410
2526951,212,43,8894,2008,0.0,430480.0,-0.365789,0.877383,SYR,CHN,842410
2526952,215,43,8894,2008,0.0,11883.0,-0.5025689999999999,-0.747621,TGO,CHN,842410
2526953,216,43,8894,2008,244304.0,2364140.0,0.7531399999999999,1.4420620000000002,THA,CHN,842410
2526954,217,43,8894,2008,0.0,20876.0,-0.8988010000000001,-1.126157,TJK,CHN,842410
2526955,219,43,8894,2008,0.0,256461.0,-1.094592,-1.166598,TKM,CHN,842410
2526956,222,43,8894,2008,0.0,31729.0,-0.44752600000000003,-1.060906,TTO,CHN,842410
2526957,224,43,8894,2008,1483.0,436599.0,0.44478,2.186881,TUR,CHN,842410
2526958,226,43,8894,2008,0.0,237961.0,-0.755692,0.8751690000000001,TZA,CHN,842410
2526959,227,43,8894,2008,0.0,17772.0,-0.653885,-0.035455,UGA,CHN,842410
2526960,228,43,8894,2008,0.0,1473442.0,0.59355,0.764415,UKR,CHN,842410
2526961,230,43,8894,2008,0.0,88000.0,0.376164,0.049387,URY,CHN,842410
2526962,231,43,8894,2008,2890058.0,3146124.0,1.584278,-0.209788,USA,CHN,842410
2526963,232,43,8894,2008,0.0,838460.0,-0.470184,-0.773163,UZB,CHN,842410
2526964,236,43,8894,2008,0.0,370710.0,-0.442996,-1.0439969999999998,VEN,CHN,842410
2526965,239,43,8894,2008,0.0,6939268.0,-0.207083,1.1323370000000001,VNM,CHN,842410
2526966,243,43,8894,2008,0.0,318140.0,-1.227495,-1.191462,YEM,CHN,842410
2526967,246,43,8894,2008,185051.0,5796823.0,0.22551500000000002,1.185506,ZAF,CHN,842410
2526968,247,43,8894,2008,0.0,38164.0,-0.798489,-0.9437639999999999,ZMB,CHN,842410
2526969,248,43,8894,2008,0.0,10026.0,-0.377992,-0.577244,ZWE,CHN,842410
2526970,249,43,8894,2008,14286.0,5322064.0,1.611693,0.93875,TWN,CHN,842410
2526971,250,43,8894,2008,52341.0,0.0,0.547909,-0.5303640000000001,ANS,CHN,842410
2526972,7,44,8894,2008,4730.0,0.0,-0.276433,-0.692392,ARE,CIV,842410
2526973,39,44,8894,2008,2212.0,0.0,0.684659,1.085312,CAN,CIV,842410
2526974,43,44,8894,2008,69000.0,0.0,0.929285,1.8917259999999998,CHN,CIV,842410
2526975,71,44,8894,2008,7029.0,0.0,0.8755649999999999,2.122164,ESP,CIV,842410
2526976,77,44,8894,2008,665876.0,121724.0,1.487702,-0.223965,FRA,CIV,842410
2526977,81,44,8894,2008,4683.0,0.0,1.7586119999999998,0.061214,GBR,CIV,842410
2526978,83,44,8894,2008,15803.0,1557.0,-0.9339360000000001,-0.701724,GHA,CIV,842410
2526979,90,44,8894,2008,4691.0,0.0,0.33272399999999996,1.758188,GRC,CIV,842410
2526980,110,44,8894,2008,44181.0,0.0,1.169192,0.797136,ISR,CIV,842410
2526981,111,44,8894,2008,29957.0,0.0,1.308777,0.361523,ITA,CIV,842410
2526982,162,44,8894,2008,29516.0,0.0,1.139475,1.385316,NLD,CIV,842410
2526983,186,44,8894,2008,1754.0,0.0,0.559059,-0.00886,RUS,CIV,842410
2526984,191,44,8894,2008,0.0,8743.0,-0.478024,-0.313199,SEN,CIV,842410
2526985,192,44,8894,2008,9942.0,0.0,1.844543,0.5947020000000001,SGP,CIV,842410
2526986,224,44,8894,2008,2160.0,0.0,0.44478,2.186881,TUR,CIV,842410
2526987,231,44,8894,2008,19191.0,0.0,1.584278,-0.209788,USA,CIV,842410
2526988,246,44,8894,2008,9330.0,0.0,0.22551500000000002,1.185506,ZAF,CIV,842410
2526989,249,44,8894,2008,2659.0,0.0,1.611693,0.93875,TWN,CIV,842410
2526990,250,44,8894,2008,206753.0,2224.0,0.547909,-0.5303640000000001,ANS,CIV,842410
2526991,14,49,8894,2008,3337.0,0.0,-0.171801,-0.012588,AUS,COL,842410
2526992,15,49,8894,2008,1481.0,0.0,1.634816,-0.078419,AUT,COL,842410
2526993,32,49,8894,2008,12871.0,1682.0,0.444687,0.904332,BRA,COL,842410
2526994,39,49,8894,2008,57370.0,0.0,0.684659,1.085312,CAN,COL,842410
2526995,43,49,8894,2008,111265.0,0.0,0.929285,1.8917259999999998,CHN,COL,842410
2526996,47,49,8894,2008,26714.0,0.0,-2.2772799999999997,-1.216089,COG,COL,842410
2526997,52,49,8894,2008,0.0,2678.0,0.023962,-0.346029,CRI,COL,842410
2526998,61,49,8894,2008,6030.0,0.0,2.007167,-3.256961,DEU,COL,842410
2526999,67,49,8894,2008,18261.0,145172.0,-0.859434,-0.972389,ECU,COL,842410
2527000,71,49,8894,2008,26957.0,0.0,0.8755649999999999,2.122164,ESP,COL,842410
2527001,81,49,8894,2008,123255.0,0.0,1.7586119999999998,0.061214,GBR,COL,842410
2527002,93,49,8894,2008,0.0,2694.0,-0.271973,0.720486,GTM,COL,842410
2527003,111,49,8894,2008,59093.0,0.0,1.308777,0.361523,ITA,COL,842410
2527004,116,49,8894,2008,2205.0,0.0,-0.284528,0.9378610000000001,KEN,COL,842410
2527005,121,49,8894,2008,3249.0,0.0,1.491687,0.814692,KOR,COL,842410
2527006,138,49,8894,2008,28382.0,0.0,0.9833639999999999,0.7687069999999999,MEX,COL,842410
2527007,162,49,8894,2008,44999.0,0.0,1.139475,1.385316,NLD,COL,842410
2527008,169,49,8894,2008,9341.0,14420.0,0.470854,0.960075,PAN,COL,842410
2527009,186,49,8894,2008,55374.0,0.0,0.559059,-0.00886,RUS,COL,842410
2527010,197,49,8894,2008,0.0,933.0,-0.028986,0.369501,SLV,COL,842410
2527011,208,49,8894,2008,29089.0,0.0,1.866575,0.44342700000000007,SWE,COL,842410
2527012,231,49,8894,2008,2768912.0,6841.0,1.584278,-0.209788,USA,COL,842410
2527013,236,49,8894,2008,0.0,4799.0,-0.442996,-1.0439969999999998,VEN,COL,842410
2527014,250,49,8894,2008,0.0,8524.0,0.547909,-0.5303640000000001,ANS,COL,842410
2527015,8,52,8894,2008,34537.0,0.0,0.278837,0.496784,ARG,CRI,842410
2527016,32,52,8894,2008,178226.0,0.0,0.444687,0.904332,BRA,CRI,842410
2527017,43,52,8894,2008,65704.0,0.0,0.929285,1.8917259999999998,CHN,CRI,842410
2527018,49,52,8894,2008,2678.0,0.0,0.19505699999999998,0.566189,COL,CRI,842410
2527019,71,52,8894,2008,10417.0,0.0,0.8755649999999999,2.122164,ESP,CRI,842410
2527020,93,52,8894,2008,14815.0,48609.0,-0.271973,0.720486,GTM,CRI,842410
2527021,138,52,8894,2008,55028.0,0.0,0.9833639999999999,0.7687069999999999,MEX,CRI,842410
2527022,169,52,8894,2008,27116.0,0.0,0.470854,0.960075,PAN,CRI,842410
2527023,197,52,8894,2008,0.0,1007.0,-0.028986,0.369501,SLV,CRI,842410
2527024,231,52,8894,2008,372462.0,17568.0,1.584278,-0.209788,USA,CRI,842410
2527025,249,52,8894,2008,44496.0,0.0,1.611693,0.93875,TWN,CRI,842410
2527026,1,61,8894,2008,0.0,5726.0,-0.23668000000000003,-0.344418,AFG,DEU,842410
2527027,7,61,8894,2008,48360.0,2494291.0,-0.276433,-0.692392,ARE,DEU,842410
2527028,8,61,8894,2008,17825.0,558520.0,0.278837,0.496784,ARG,DEU,842410
2527029,14,61,8894,2008,9071.0,1428589.0,-0.171801,-0.012588,AUS,DEU,842410
2527030,15,61,8894,2008,588596.0,15142714.0,1.634816,-0.078419,AUT,DEU,842410
2527031,16,61,8894,2008,0.0,4182.0,-0.7143109999999999,-1.114747,AZE,DEU,842410
2527032,17,61,8894,2008,0.0,1708.0,-0.313815,-0.539678,BDI,DEU,842410
2527033,18,61,8894,2008,1415968.0,3337906.0,1.297416,0.9716549999999999,BEL,DEU,842410
2527034,22,61,8894,2008,36875.0,68969.0,-0.852774,-0.766779,BGD,DEU,842410
2527035,23,61,8894,2008,8905.0,557510.0,0.44409,1.575399,BGR,DEU,842410
2527036,24,61,8894,2008,335377.0,73502.0,0.335334,-0.81372,BHR,DEU,842410
2527037,26,61,8894,2008,0.0,22161.0,0.480256,0.810361,BIH,DEU,842410
2527038,28,61,8894,2008,7961.0,512242.0,0.9869,0.38977399999999995,BLR,DEU,842410
2527039,32,61,8894,2008,0.0,504783.0,0.444687,0.904332,BRA,DEU,842410
2527040,34,61,8894,2008,3978.0,11883.0,-1.7609099999999998,-0.8835959999999999,BRN,DEU,842410
2527041,39,61,8894,2008,30843.0,8062.0,0.684659,1.085312,CAN,DEU,842410
2527042,41,61,8894,2008,1674898.0,9067709.0,1.978404,0.368694,CHE,DEU,842410
2527043,42,61,8894,2008,0.0,194241.0,-0.293985,-0.349554,CHL,DEU,842410
2527044,43,61,8894,2008,10286198.0,5980320.0,0.929285,1.8917259999999998,CHN,DEU,842410
2527045,47,61,8894,2008,0.0,2929.0,-2.2772799999999997,-1.216089,COG,DEU,842410
2527046,48,61,8894,2008,0.0,1997.0,0.49011400000000005,-0.550991,COK,DEU,842410
2527047,49,61,8894,2008,0.0,6030.0,0.19505699999999998,0.566189,COL,DEU,842410
2527048,51,61,8894,2008,0.0,55424.0,0.16722,-0.64183,CPV,DEU,842410
2527049,58,61,8894,2008,15423.0,504137.0,1.003211,0.712629,CYP,DEU,842410
2527050,59,61,8894,2008,30333.0,2979436.0,1.592035,0.27983600000000003,CZE,DEU,842410
2527051,64,61,8894,2008,1683881.0,3594372.0,1.165294,1.1112440000000001,DNK,DEU,842410
2527052,65,61,8894,2008,0.0,15968.0,-0.167958,0.241283,DOM,DEU,842410
2527053,66,61,8894,2008,0.0,258796.0,-0.556434,-1.079109,DZA,DEU,842410
2527054,68,61,8894,2008,191778.0,996599.0,-0.098316,1.134642,EGY,DEU,842410
2527055,71,61,8894,2008,752352.0,7570356.0,0.8755649999999999,2.122164,ESP,DEU,842410
2527056,72,61,8894,2008,0.0,85820.0,0.749696,1.5173940000000001,EST,DEU,842410
2527057,73,61,8894,2008,0.0,7684.0,-1.0084629999999999,-0.83993,ETH,DEU,842410
2527058,74,61,8894,2008,2566541.0,5202958.0,1.767859,0.846409,FIN,DEU,842410
2527059,77,61,8894,2008,3254388.0,4874826.0,1.487702,-0.223965,FRA,DEU,842410
2527060,78,61,8894,2008,0.0,19398.0,-0.576205,-0.886117,FRO,DEU,842410
2527061,80,61,8894,2008,2103.0,0.0,-1.316179,-1.117633,GAB,DEU,842410
2527062,81,61,8894,2008,1357249.0,7717224.0,1.7586119999999998,0.061214,GBR,DEU,842410
2527063,82,61,8894,2008,11683.0,17961.0,-0.355095,-0.660181,GEO,DEU,842410
2527064,83,61,8894,2008,0.0,222967.0,-0.9339360000000001,-0.701724,GHA,DEU,842410
2527065,84,61,8894,2008,0.0,8475.0,0.938815,-0.361914,GIB,DEU,842410
2527066,85,61,8894,2008,0.0,4992.0,-1.530997,-1.171231,GIN,DEU,842410
2527067,90,61,8894,2008,3673.0,4243684.0,0.33272399999999996,1.758188,GRC,DEU,842410
2527068,92,61,8894,2008,0.0,12139.0,-0.669996,-0.909798,GRL,DEU,842410
2527069,97,61,8894,2008,94583.0,182535.0,0.74435,2.149616,HKG,DEU,842410
2527070,100,61,8894,2008,25510.0,1019563.0,0.874459,1.075102,HRV,DEU,842410
2527071,102,61,8894,2008,26967.0,1558606.0,1.3358299999999999,0.8177770000000001,HUN,DEU,842410
2527072,103,61,8894,2008,0.0,1631336.0,-0.11154000000000001,1.4879850000000001,IDN,DEU,842410
2527073,104,61,8894,2008,67362.0,975139.0,0.26694,2.926023,IND,DEU,842410
2527074,106,61,8894,2008,16674.0,686689.0,1.693858,0.221425,IRL,DEU,842410
2527075,107,61,8894,2008,3372.0,4626339.0,-0.9776469999999999,-1.054475,IRN,DEU,842410
2527076,109,61,8894,2008,0.0,331126.0,0.26969899999999997,-0.29915,ISL,DEU,842410
2527077,110,61,8894,2008,64696.0,55081.0,1.169192,0.797136,ISR,DEU,842410
2527078,111,61,8894,2008,3152399.0,1856352.0,1.308777,0.361523,ITA,DEU,842410
2527079,112,61,8894,2008,71104.0,0.0,-0.412969,-0.9444030000000001,JAM,DEU,842410
2527080,113,61,8894,2008,2619.0,238839.0,0.255463,0.45844799999999997,JOR,DEU,842410
2527081,114,61,8894,2008,64408.0,746746.0,2.285056,0.036255,JPN,DEU,842410
2527082,115,61,8894,2008,0.0,243478.0,-0.43055200000000005,-0.6852590000000001,KAZ,DEU,842410
2527083,116,61,8894,2008,67207.0,158580.0,-0.284528,0.9378610000000001,KEN,DEU,842410
2527084,117,61,8894,2008,0.0,9119.0,-0.287826,-0.11858699999999998,KGZ,DEU,842410
2527085,121,61,8894,2008,0.0,392806.0,1.491687,0.814692,KOR,DEU,842410
2527086,122,61,8894,2008,0.0,2792296.0,-1.401297,-1.142945,KWT,DEU,842410
2527087,124,61,8894,2008,39105.0,33044.0,0.46133100000000005,1.4598149999999999,LBN,DEU,842410
2527088,126,61,8894,2008,3124.0,61079.0,-1.156353,-1.133716,LBY,DEU,842410
2527089,128,61,8894,2008,7848.0,8333.0,-0.48245200000000005,0.295892,LKA,DEU,842410
2527090,130,61,8894,2008,5316.0,187146.0,0.59033,0.961408,LTU,DEU,842410
2527091,131,61,8894,2008,11904.0,1450369.0,1.39945,1.003857,LUX,DEU,842410
2527092,132,61,8894,2008,0.0,40510.0,0.655489,1.0811540000000002,LVA,DEU,842410
2527093,133,61,8894,2008,0.0,42061.0,0.352633,0.219317,MAC,DEU,842410
2527094,134,61,8894,2008,8739.0,284338.0,-0.505734,-0.000516,MAR,DEU,842410
2527095,135,61,8894,2008,0.0,4243.0,0.096913,-0.095718,MDA,DEU,842410
2527096,137,61,8894,2008,0.0,9617.0,0.037203,-0.718439,MDV,DEU,842410
2527097,138,61,8894,2008,31228.0,216472.0,0.9833639999999999,0.7687069999999999,MEX,DEU,842410
2527098,142,61,8894,2008,11107.0,43875.0,1.015716,-0.065673,MLT,DEU,842410
2527099,144,61,8894,2008,0.0,9932.0,0.321434,-0.168212,MNE,DEU,842410
2527100,145,61,8894,2008,6749.0,0.0,-1.13585,-1.1076190000000001,MNG,DEU,842410
2527101,151,61,8894,2008,0.0,5961.0,-0.337563,-0.144226,MUS,DEU,842410
2527102,153,61,8894,2008,47506.0,78783.0,0.793395,0.6141939999999999,MYS,DEU,842410
2527103,156,61,8894,2008,0.0,19017.0,-0.21304099999999998,-0.8147300000000001,NCL,DEU,842410
2527104,157,61,8894,2008,0.0,4615.0,-0.677687,-0.75195,NER,DEU,842410
2527105,159,61,8894,2008,29076.0,101711.0,-1.9809139999999998,-1.189201,NGA,DEU,842410
2527106,162,61,8894,2008,3307780.0,25545920.0,1.139475,1.385316,NLD,DEU,842410
2527107,163,61,8894,2008,793010.0,3228712.0,0.911428,-0.019318000000000002,NOR,DEU,842410
2527108,166,61,8894,2008,0.0,3887.0,0.513416,0.753058,NZL,DEU,842410
2527109,167,61,8894,2008,0.0,50302.0,-0.635199,-1.027136,OMN,DEU,842410
2527110,168,61,8894,2008,0.0,383274.0,-0.401588,0.500668,PAK,DEU,842410
2527111,173,61,8894,2008,0.0,228317.0,-0.518126,0.17193599999999998,PER,DEU,842410
2527112,174,61,8894,2008,166860.0,81198.0,0.276488,-0.02957,PHL,DEU,842410
2527113,177,61,8894,2008,51377732.0,6688494.0,1.037287,1.244457,POL,DEU,842410
2527114,179,61,8894,2008,0.0,1750191.0,0.64135,2.1946939999999997,PRT,DEU,842410
2527115,180,61,8894,2008,0.0,3353.0,-0.556298,-0.9503780000000001,PRY,DEU,842410
2527116,183,61,8894,2008,64463.0,591615.0,-0.36390900000000004,-1.0045549999999999,QAT,DEU,842410
2527117,185,61,8894,2008,0.0,1901830.0,0.784924,1.235527,ROU,DEU,842410
2527118,186,61,8894,2008,115500.0,3505727.0,0.559059,-0.00886,RUS,DEU,842410
2527119,188,61,8894,2008,26599.0,178279.0,-0.09849400000000001,-0.8998309999999999,SAU,DEU,842410
2527120,190,61,8894,2008,0.0,13750.0,-2.095439,-1.263511,SDN,DEU,842410
2527121,191,61,8894,2008,0.0,5994.0,-0.478024,-0.313199,SEN,DEU,842410
2527122,192,61,8894,2008,185356.0,468927.0,1.844543,0.5947020000000001,SGP,DEU,842410
2527123,197,61,8894,2008,0.0,130816.0,-0.028986,0.369501,SLV,DEU,842410
2527124,201,61,8894,2008,0.0,176182.0,0.615147,1.484149,SRB,DEU,842410
2527125,206,61,8894,2008,0.0,1352864.0,1.3402040000000002,0.8038770000000001,SVK,DEU,842410
2527126,207,61,8894,2008,11239.0,1609056.0,1.5099209999999998,0.683663,SVN,DEU,842410
2527127,208,61,8894,2008,3957445.0,11343824.0,1.866575,0.44342700000000007,SWE,DEU,842410
2527128,212,61,8894,2008,0.0,159257.0,-0.365789,0.877383,SYR,DEU,842410
2527129,216,61,8894,2008,0.0,553087.0,0.7531399999999999,1.4420620000000002,THA,DEU,842410
2527130,222,61,8894,2008,0.0,40895.0,-0.44752600000000003,-1.060906,TTO,DEU,842410
2527131,223,61,8894,2008,0.0,13674.0,0.084141,0.676248,TUN,DEU,842410
2527132,224,61,8894,2008,67574.0,1126290.0,0.44478,2.186881,TUR,DEU,842410
2527133,227,61,8894,2008,0.0,972.0,-0.653885,-0.035455,UGA,DEU,842410
2527134,228,61,8894,2008,8529.0,50861.0,0.59355,0.764415,UKR,DEU,842410
2527135,230,61,8894,2008,0.0,4698.0,0.376164,0.049387,URY,DEU,842410
2527136,231,61,8894,2008,3765912.0,851695.0,1.584278,-0.209788,USA,DEU,842410
2527137,232,61,8894,2008,74015.0,1259.0,-0.470184,-0.773163,UZB,DEU,842410
2527138,236,61,8894,2008,0.0,32053.0,-0.442996,-1.0439969999999998,VEN,DEU,842410
2527139,239,61,8894,2008,0.0,898830.0,-0.207083,1.1323370000000001,VNM,DEU,842410
2527140,243,61,8894,2008,1834.0,11985.0,-1.227495,-1.191462,YEM,DEU,842410
2527141,246,61,8894,2008,2612.0,94029.0,0.22551500000000002,1.185506,ZAF,DEU,842410
2527142,249,61,8894,2008,7788.0,920841.0,1.611693,0.93875,TWN,DEU,842410
2527143,7,64,8894,2008,0.0,1318340.0,-0.276433,-0.692392,ARE,DNK,842410
2527144,14,64,8894,2008,0.0,12208.0,-0.171801,-0.012588,AUS,DNK,842410
2527145,18,64,8894,2008,665693.0,106354.0,1.297416,0.9716549999999999,BEL,DNK,842410
2527146,21,64,8894,2008,0.0,5508.0,-1.076309,-1.012701,BFA,DNK,842410
2527147,32,64,8894,2008,0.0,408450.0,0.444687,0.904332,BRA,DNK,842410
2527148,39,64,8894,2008,3876.0,37443.0,0.684659,1.085312,CAN,DNK,842410
2527149,41,64,8894,2008,103721.0,3336.0,1.978404,0.368694,CHE,DNK,842410
2527150,42,64,8894,2008,0.0,277950.0,-0.293985,-0.349554,CHL,DNK,842410
2527151,43,64,8894,2008,1400800.0,8518767.0,0.929285,1.8917259999999998,CHN,DNK,842410
2527152,58,64,8894,2008,8196.0,52667.0,1.003211,0.712629,CYP,DNK,842410
2527153,59,64,8894,2008,2107.0,14235.0,1.592035,0.27983600000000003,CZE,DNK,842410
2527154,61,64,8894,2008,3594372.0,1683881.0,2.007167,-3.256961,DEU,DNK,842410
2527155,68,64,8894,2008,0.0,12882.0,-0.098316,1.134642,EGY,DNK,842410
2527156,71,64,8894,2008,13696.0,676356.0,0.8755649999999999,2.122164,ESP,DNK,842410
2527157,72,64,8894,2008,0.0,163751.0,0.749696,1.5173940000000001,EST,DNK,842410
2527158,74,64,8894,2008,1316.0,1467923.0,1.767859,0.846409,FIN,DNK,842410
2527159,77,64,8894,2008,73681.0,334515.0,1.487702,-0.223965,FRA,DNK,842410
2527160,78,64,8894,2008,0.0,168936.0,-0.576205,-0.886117,FRO,DNK,842410
2527161,81,64,8894,2008,393472.0,508178.0,1.7586119999999998,0.061214,GBR,DNK,842410
2527162,82,64,8894,2008,0.0,3161.0,-0.355095,-0.660181,GEO,DNK,842410
2527163,90,64,8894,2008,6574.0,65323.0,0.33272399999999996,1.758188,GRC,DNK,842410
2527164,92,64,8894,2008,0.0,286528.0,-0.669996,-0.909798,GRL,DNK,842410
2527165,93,64,8894,2008,0.0,6129.0,-0.271973,0.720486,GTM,DNK,842410
2527166,97,64,8894,2008,0.0,1302262.0,0.74435,2.149616,HKG,DNK,842410
2527167,100,64,8894,2008,0.0,62860.0,0.874459,1.075102,HRV,DNK,842410
2527168,104,64,8894,2008,2089.0,27015.0,0.26694,2.926023,IND,DNK,842410
2527169,106,64,8894,2008,55162.0,0.0,1.693858,0.221425,IRL,DNK,842410
2527170,109,64,8894,2008,0.0,28873.0,0.26969899999999997,-0.29915,ISL,DNK,842410
2527171,110,64,8894,2008,0.0,4631.0,1.169192,0.797136,ISR,DNK,842410
2527172,111,64,8894,2008,536892.0,1402731.0,1.308777,0.361523,ITA,DNK,842410
2527173,113,64,8894,2008,0.0,106176.0,0.255463,0.45844799999999997,JOR,DNK,842410
2527174,114,64,8894,2008,0.0,787871.0,2.285056,0.036255,JPN,DNK,842410
2527175,115,64,8894,2008,1582.0,0.0,-0.43055200000000005,-0.6852590000000001,KAZ,DNK,842410
2527176,121,64,8894,2008,5105.0,4206725.0,1.491687,0.814692,KOR,DNK,842410
2527177,122,64,8894,2008,0.0,125810.0,-1.401297,-1.142945,KWT,DNK,842410
2527178,130,64,8894,2008,3792.0,0.0,0.59033,0.961408,LTU,DNK,842410
2527179,131,64,8894,2008,0.0,141159.0,1.39945,1.003857,LUX,DNK,842410
2527180,132,64,8894,2008,9393.0,8130.0,0.655489,1.0811540000000002,LVA,DNK,842410
2527181,135,64,8894,2008,0.0,1894.0,0.096913,-0.095718,MDA,DNK,842410
2527182,147,64,8894,2008,0.0,1721.0,-0.982727,-0.8361219999999999,MOZ,DNK,842410
2527183,153,64,8894,2008,0.0,19215.0,0.793395,0.6141939999999999,MYS,DNK,842410
2527184,162,64,8894,2008,190730.0,621545.0,1.139475,1.385316,NLD,DNK,842410
2527185,163,64,8894,2008,2034488.0,2679774.0,0.911428,-0.019318000000000002,NOR,DNK,842410
2527186,164,64,8894,2008,0.0,4786.0,-0.130718,0.59102,NPL,DNK,842410
2527187,168,64,8894,2008,0.0,9665.0,-0.401588,0.500668,PAK,DNK,842410
2527188,174,64,8894,2008,0.0,16422.0,0.276488,-0.02957,PHL,DNK,842410
2527189,177,64,8894,2008,21106.0,4526210.0,1.037287,1.244457,POL,DNK,842410
2527190,179,64,8894,2008,0.0,2957.0,0.64135,2.1946939999999997,PRT,DNK,842410
2527191,182,64,8894,2008,0.0,1462.0,-0.255879,-0.714841,PYF,DNK,842410
2527192,183,64,8894,2008,0.0,10428.0,-0.36390900000000004,-1.0045549999999999,QAT,DNK,842410
2527193,185,64,8894,2008,0.0,4641.0,0.784924,1.235527,ROU,DNK,842410
2527194,186,64,8894,2008,0.0,281232.0,0.559059,-0.00886,RUS,DNK,842410
2527195,188,64,8894,2008,0.0,17548.0,-0.09849400000000001,-0.8998309999999999,SAU,DNK,842410
2527196,192,64,8894,2008,2028.0,1530536.0,1.844543,0.5947020000000001,SGP,DNK,842410
2527197,206,64,8894,2008,0.0,4384.0,1.3402040000000002,0.8038770000000001,SVK,DNK,842410
2527198,208,64,8894,2008,1865119.0,248578.0,1.866575,0.44342700000000007,SWE,DNK,842410
2527199,216,64,8894,2008,4149.0,4494.0,0.7531399999999999,1.4420620000000002,THA,DNK,842410
2527200,224,64,8894,2008,0.0,379618.0,0.44478,2.186881,TUR,DNK,842410
2527201,227,64,8894,2008,0.0,1472.0,-0.653885,-0.035455,UGA,DNK,842410
2527202,228,64,8894,2008,0.0,53724.0,0.59355,0.764415,UKR,DNK,842410
2527203,231,64,8894,2008,417564.0,1165972.0,1.584278,-0.209788,USA,DNK,842410
2527204,239,64,8894,2008,0.0,221880.0,-0.207083,1.1323370000000001,VNM,DNK,842410
2527205,246,64,8894,2008,0.0,112720.0,0.22551500000000002,1.185506,ZAF,DNK,842410
2527206,249,64,8894,2008,20053.0,269005.0,1.611693,0.93875,TWN,DNK,842410
2527207,1,65,8894,2008,3788.0,0.0,-0.23668000000000003,-0.344418,AFG,DOM,842410
2527208,8,65,8894,2008,28350.0,0.0,0.278837,0.496784,ARG,DOM,842410
2527209,14,65,8894,2008,27967.0,0.0,-0.171801,-0.012588,AUS,DOM,842410
2527210,32,65,8894,2008,2582.0,0.0,0.444687,0.904332,BRA,DOM,842410
2527211,39,65,8894,2008,2510.0,0.0,0.684659,1.085312,CAN,DOM,842410
2527212,43,65,8894,2008,109624.0,0.0,0.929285,1.8917259999999998,CHN,DOM,842410
2527213,61,65,8894,2008,15968.0,0.0,2.007167,-3.256961,DEU,DOM,842410
2527214,71,65,8894,2008,33391.0,0.0,0.8755649999999999,2.122164,ESP,DOM,842410
2527215,81,65,8894,2008,16840.0,0.0,1.7586119999999998,0.061214,GBR,DOM,842410
2527216,97,65,8894,2008,40530.0,0.0,0.74435,2.149616,HKG,DOM,842410
2527217,101,65,8894,2008,0.0,1500.0,-1.087836,-0.967734,HTI,DOM,842410
2527218,111,65,8894,2008,1508.0,0.0,1.308777,0.361523,ITA,DOM,842410
2527219,138,65,8894,2008,39255.0,0.0,0.9833639999999999,0.7687069999999999,MEX,DOM,842410
2527220,169,65,8894,2008,169230.0,0.0,0.470854,0.960075,PAN,DOM,842410
2527221,216,65,8894,2008,38244.0,0.0,0.7531399999999999,1.4420620000000002,THA,DOM,842410
2527222,231,65,8894,2008,719653.0,1899.0,1.584278,-0.209788,USA,DOM,842410
2527223,236,65,8894,2008,1054.0,0.0,-0.442996,-1.0439969999999998,VEN,DOM,842410
2527224,246,65,8894,2008,0.0,888.0,0.22551500000000002,1.185506,ZAF,DOM,842410
2527225,32,67,8894,2008,5467.0,0.0,0.444687,0.904332,BRA,ECU,842410
2527226,42,67,8894,2008,2638.0,0.0,-0.293985,-0.349554,CHL,ECU,842410
2527227,43,67,8894,2008,1742941.0,0.0,0.929285,1.8917259999999998,CHN,ECU,842410
2527228,49,67,8894,2008,145172.0,18261.0,0.19505699999999998,0.566189,COL,ECU,842410
2527229,71,67,8894,2008,9519.0,0.0,0.8755649999999999,2.122164,ESP,ECU,842410
2527230,81,67,8894,2008,1565.0,0.0,1.7586119999999998,0.061214,GBR,ECU,842410
2527231,97,67,8894,2008,36448.0,0.0,0.74435,2.149616,HKG,ECU,842410
2527232,111,67,8894,2008,37298.0,0.0,1.308777,0.361523,ITA,ECU,842410
2527233,162,67,8894,2008,2679.0,0.0,1.139475,1.385316,NLD,ECU,842410
2527234,169,67,8894,2008,10877.0,0.0,0.470854,0.960075,PAN,ECU,842410
2527235,173,67,8894,2008,0.0,1002.0,-0.518126,0.17193599999999998,PER,ECU,842410
2527236,185,67,8894,2008,950.0,0.0,0.784924,1.235527,ROU,ECU,842410
2527237,186,67,8894,2008,1462.0,0.0,0.559059,-0.00886,RUS,ECU,842410
2527238,230,67,8894,2008,3853.0,0.0,0.376164,0.049387,URY,ECU,842410
2527239,231,67,8894,2008,561020.0,4333.0,1.584278,-0.209788,USA,ECU,842410
2527240,2,71,8894,2008,0.0,100718.0,-2.0318669999999996,-1.149931,AGO,ESP,842410
2527241,5,71,8894,2008,12301.0,281024.0,0.971109,0.749296,AND,ESP,842410
2527242,7,71,8894,2008,0.0,156206.0,-0.276433,-0.692392,ARE,ESP,842410
2527243,8,71,8894,2008,2316.0,105161.0,0.278837,0.496784,ARG,ESP,842410
2527244,14,71,8894,2008,0.0,2556.0,-0.171801,-0.012588,AUS,ESP,842410
2527245,15,71,8894,2008,9521708.0,3416.0,1.634816,-0.078419,AUT,ESP,842410
2527246,18,71,8894,2008,610644.0,446697.0,1.297416,0.9716549999999999,BEL,ESP,842410
2527247,22,71,8894,2008,0.0,36298.0,-0.852774,-0.766779,BGD,ESP,842410
2527248,23,71,8894,2008,0.0,107851.0,0.44409,1.575399,BGR,ESP,842410
2527249,31,71,8894,2008,0.0,3476.0,-0.852975,-0.88041,BOL,ESP,842410
2527250,32,71,8894,2008,47290.0,216703.0,0.444687,0.904332,BRA,ESP,842410
2527251,39,71,8894,2008,6595.0,0.0,0.684659,1.085312,CAN,ESP,842410
2527252,41,71,8894,2008,24266.0,32046.0,1.978404,0.368694,CHE,ESP,842410
2527253,42,71,8894,2008,0.0,353625.0,-0.293985,-0.349554,CHL,ESP,842410
2527254,43,71,8894,2008,12465535.0,276293.0,0.929285,1.8917259999999998,CHN,ESP,842410
2527255,44,71,8894,2008,0.0,7029.0,-0.9806040000000001,-0.730792,CIV,ESP,842410
2527256,45,71,8894,2008,0.0,12068.0,-1.143808,-1.0725,CMR,ESP,842410
2527257,49,71,8894,2008,0.0,26957.0,0.19505699999999998,0.566189,COL,ESP,842410
2527258,51,71,8894,2008,0.0,48724.0,0.16722,-0.64183,CPV,ESP,842410
2527259,52,71,8894,2008,0.0,10417.0,0.023962,-0.346029,CRI,ESP,842410
2527260,54,71,8894,2008,0.0,1505521.0,-0.23158299999999998,-0.892943,CUB,ESP,842410
2527261,58,71,8894,2008,12083.0,4727.0,1.003211,0.712629,CYP,ESP,842410
2527262,59,71,8894,2008,6293.0,609157.0,1.592035,0.27983600000000003,CZE,ESP,842410
2527263,61,71,8894,2008,7570356.0,752352.0,2.007167,-3.256961,DEU,ESP,842410
2527264,64,71,8894,2008,676356.0,13696.0,1.165294,1.1112440000000001,DNK,ESP,842410
2527265,65,71,8894,2008,0.0,33391.0,-0.167958,0.241283,DOM,ESP,842410
2527266,66,71,8894,2008,0.0,106253.0,-0.556434,-1.079109,DZA,ESP,842410
2527267,67,71,8894,2008,0.0,9519.0,-0.859434,-0.972389,ECU,ESP,842410
2527268,68,71,8894,2008,0.0,175320.0,-0.098316,1.134642,EGY,ESP,842410
2527269,72,71,8894,2008,0.0,41257.0,0.749696,1.5173940000000001,EST,ESP,842410
2527270,74,71,8894,2008,2540126.0,0.0,1.767859,0.846409,FIN,ESP,842410
2527271,77,71,8894,2008,394007.0,2762068.0,1.487702,-0.223965,FRA,ESP,842410
2527272,81,71,8894,2008,621009.0,341417.0,1.7586119999999998,0.061214,GBR,ESP,842410
2527273,84,71,8894,2008,12957.0,68015.0,0.938815,-0.361914,GIB,ESP,842410
2527274,87,71,8894,2008,0.0,13608.0,-0.39378,-0.509879,GMB,ESP,842410
2527275,89,71,8894,2008,0.0,2129.0,-1.059208,-0.843542,GNQ,ESP,842410
2527276,90,71,8894,2008,0.0,112738.0,0.33272399999999996,1.758188,GRC,ESP,842410
2527277,93,71,8894,2008,0.0,1156.0,-0.271973,0.720486,GTM,ESP,842410
2527278,100,71,8894,2008,0.0,2414.0,0.874459,1.075102,HRV,ESP,842410
2527279,102,71,8894,2008,0.0,1208.0,1.3358299999999999,0.8177770000000001,HUN,ESP,842410
2527280,103,71,8894,2008,0.0,42161.0,-0.11154000000000001,1.4879850000000001,IDN,ESP,842410
2527281,104,71,8894,2008,0.0,181085.0,0.26694,2.926023,IND,ESP,842410
2527282,106,71,8894,2008,12310.0,92601.0,1.693858,0.221425,IRL,ESP,842410
2527283,107,71,8894,2008,0.0,1214382.0,-0.9776469999999999,-1.054475,IRN,ESP,842410
2527284,108,71,8894,2008,0.0,39691.0,-1.6604189999999999,-0.886959,IRQ,ESP,842410
2527285,109,71,8894,2008,0.0,1605.0,0.26969899999999997,-0.29915,ISL,ESP,842410
2527286,110,71,8894,2008,329046.0,7292.0,1.169192,0.797136,ISR,ESP,842410
2527287,111,71,8894,2008,2447074.0,429275.0,1.308777,0.361523,ITA,ESP,842410
2527288,113,71,8894,2008,0.0,4978.0,0.255463,0.45844799999999997,JOR,ESP,842410
2527289,115,71,8894,2008,0.0,197558.0,-0.43055200000000005,-0.6852590000000001,KAZ,ESP,842410
2527290,116,71,8894,2008,0.0,22304.0,-0.284528,0.9378610000000001,KEN,ESP,842410
2527291,122,71,8894,2008,0.0,228174.0,-1.401297,-1.142945,KWT,ESP,842410
2527292,124,71,8894,2008,0.0,94371.0,0.46133100000000005,1.4598149999999999,LBN,ESP,842410
2527293,126,71,8894,2008,0.0,286174.0,-1.156353,-1.133716,LBY,ESP,842410
2527294,130,71,8894,2008,0.0,90532.0,0.59033,0.961408,LTU,ESP,842410
2527295,131,71,8894,2008,0.0,35485.0,1.39945,1.003857,LUX,ESP,842410
2527296,132,71,8894,2008,40235.0,6375.0,0.655489,1.0811540000000002,LVA,ESP,842410
2527297,134,71,8894,2008,0.0,524398.0,-0.505734,-0.000516,MAR,ESP,842410
2527298,136,71,8894,2008,3749.0,20663.0,-0.9618190000000001,-0.348841,MDG,ESP,842410
2527299,138,71,8894,2008,0.0,210523.0,0.9833639999999999,0.7687069999999999,MEX,ESP,842410
2527300,139,71,8894,2008,0.0,12559.0,-1.092352,-0.9263600000000001,MHL,ESP,842410
2527301,148,71,8894,2008,0.0,9036.0,-2.081778,-1.274636,MRT,ESP,842410
2527302,153,71,8894,2008,4749.0,0.0,0.793395,0.6141939999999999,MYS,ESP,842410
2527303,155,71,8894,2008,0.0,21458.0,-0.104196,-0.301923,NAM,ESP,842410
2527304,157,71,8894,2008,0.0,9864.0,-0.677687,-0.75195,NER,ESP,842410
2527305,159,71,8894,2008,0.0,12862.0,-1.9809139999999998,-1.189201,NGA,ESP,842410
2527306,162,71,8894,2008,114620.0,352902.0,1.139475,1.385316,NLD,ESP,842410
2527307,163,71,8894,2008,2566376.0,85478.0,0.911428,-0.019318000000000002,NOR,ESP,842410
2527308,167,71,8894,2008,0.0,98604.0,-0.635199,-1.027136,OMN,ESP,842410
2527309,168,71,8894,2008,0.0,142057.0,-0.401588,0.500668,PAK,ESP,842410
2527310,173,71,8894,2008,0.0,6187.0,-0.518126,0.17193599999999998,PER,ESP,842410
2527311,177,71,8894,2008,791903.0,3228.0,1.037287,1.244457,POL,ESP,842410
2527312,179,71,8894,2008,8198.0,8539612.0,0.64135,2.1946939999999997,PRT,ESP,842410
2527313,183,71,8894,2008,0.0,74645.0,-0.36390900000000004,-1.0045549999999999,QAT,ESP,842410
2527314,185,71,8894,2008,0.0,1025.0,0.784924,1.235527,ROU,ESP,842410
2527315,186,71,8894,2008,0.0,2643588.0,0.559059,-0.00886,RUS,ESP,842410
2527316,188,71,8894,2008,0.0,443779.0,-0.09849400000000001,-0.8998309999999999,SAU,ESP,842410
2527317,191,71,8894,2008,0.0,4885.0,-0.478024,-0.313199,SEN,ESP,842410
2527318,192,71,8894,2008,0.0,18894.0,1.844543,0.5947020000000001,SGP,ESP,842410
2527319,197,71,8894,2008,0.0,3413.0,-0.028986,0.369501,SLV,ESP,842410
2527320,206,71,8894,2008,0.0,40967.0,1.3402040000000002,0.8038770000000001,SVK,ESP,842410
2527321,208,71,8894,2008,1003286.0,10627.0,1.866575,0.44342700000000007,SWE,ESP,842410
2527322,212,71,8894,2008,0.0,40398.0,-0.365789,0.877383,SYR,ESP,842410
2527323,216,71,8894,2008,0.0,4655.0,0.7531399999999999,1.4420620000000002,THA,ESP,842410
2527324,223,71,8894,2008,0.0,100671.0,0.084141,0.676248,TUN,ESP,842410
2527325,224,71,8894,2008,14529.0,1315604.0,0.44478,2.186881,TUR,ESP,842410
2527326,226,71,8894,2008,0.0,2528.0,-0.755692,0.8751690000000001,TZA,ESP,842410
2527327,228,71,8894,2008,0.0,1810.0,0.59355,0.764415,UKR,ESP,842410
2527328,230,71,8894,2008,0.0,93750.0,0.376164,0.049387,URY,ESP,842410
2527329,231,71,8894,2008,492022.0,28656.0,1.584278,-0.209788,USA,ESP,842410
2527330,236,71,8894,2008,0.0,152416.0,-0.442996,-1.0439969999999998,VEN,ESP,842410
2527331,243,71,8894,2008,0.0,43921.0,-1.227495,-1.191462,YEM,ESP,842410
2527332,246,71,8894,2008,0.0,134527.0,0.22551500000000002,1.185506,ZAF,ESP,842410
2527333,250,71,8894,2008,0.0,1276.0,0.547909,-0.5303640000000001,ANS,ESP,842410
2527334,7,74,8894,2008,0.0,367457.0,-0.276433,-0.692392,ARE,FIN,842410
2527335,8,74,8894,2008,0.0,252779.0,0.278837,0.496784,ARG,FIN,842410
2527336,14,74,8894,2008,269173.0,840010.0,-0.171801,-0.012588,AUS,FIN,842410
2527337,15,74,8894,2008,180638.0,11623.0,1.634816,-0.078419,AUT,FIN,842410
2527338,18,74,8894,2008,27699.0,0.0,1.297416,0.9716549999999999,BEL,FIN,842410
2527339,32,74,8894,2008,0.0,126520.0,0.444687,0.904332,BRA,FIN,842410
2527340,39,74,8894,2008,22895.0,186029.0,0.684659,1.085312,CAN,FIN,842410
2527341,41,74,8894,2008,0.0,62288.0,1.978404,0.368694,CHE,FIN,842410
2527342,42,74,8894,2008,0.0,19089.0,-0.293985,-0.349554,CHL,FIN,842410
2527343,43,74,8894,2008,1388448.0,712393.0,0.929285,1.8917259999999998,CHN,FIN,842410
2527344,59,74,8894,2008,14471.0,0.0,1.592035,0.27983600000000003,CZE,FIN,842410
2527345,61,74,8894,2008,5202958.0,2566541.0,2.007167,-3.256961,DEU,FIN,842410
2527346,64,74,8894,2008,1467923.0,1316.0,1.165294,1.1112440000000001,DNK,FIN,842410
2527347,71,74,8894,2008,0.0,2540126.0,0.8755649999999999,2.122164,ESP,FIN,842410
2527348,72,74,8894,2008,101734.0,49979.0,0.749696,1.5173940000000001,EST,FIN,842410
2527349,77,74,8894,2008,143330.0,3457659.0,1.487702,-0.223965,FRA,FIN,842410
2527350,81,74,8894,2008,299646.0,701900.0,1.7586119999999998,0.061214,GBR,FIN,842410
2527351,83,74,8894,2008,0.0,1319.0,-0.9339360000000001,-0.701724,GHA,FIN,842410
2527352,90,74,8894,2008,0.0,452402.0,0.33272399999999996,1.758188,GRC,FIN,842410
2527353,97,74,8894,2008,0.0,165683.0,0.74435,2.149616,HKG,FIN,842410
2527354,100,74,8894,2008,947.0,69700.0,0.874459,1.075102,HRV,FIN,842410
2527355,103,74,8894,2008,0.0,73664.0,-0.11154000000000001,1.4879850000000001,IDN,FIN,842410
2527356,104,74,8894,2008,0.0,52436.0,0.26694,2.926023,IND,FIN,842410
2527357,106,74,8894,2008,0.0,1548.0,1.693858,0.221425,IRL,FIN,842410
2527358,109,74,8894,2008,9146.0,19529.0,0.26969899999999997,-0.29915,ISL,FIN,842410
2527359,111,74,8894,2008,459377.0,6836990.0,1.308777,0.361523,ITA,FIN,842410
2527360,121,74,8894,2008,90361.0,968248.0,1.491687,0.814692,KOR,FIN,842410
2527361,130,74,8894,2008,0.0,1266.0,0.59033,0.961408,LTU,FIN,842410
2527362,132,74,8894,2008,52244.0,0.0,0.655489,1.0811540000000002,LVA,FIN,842410
2527363,153,74,8894,2008,0.0,370301.0,0.793395,0.6141939999999999,MYS,FIN,842410
2527364,156,74,8894,2008,0.0,3469.0,-0.21304099999999998,-0.8147300000000001,NCL,FIN,842410
2527365,162,74,8894,2008,521435.0,1272809.0,1.139475,1.385316,NLD,FIN,842410
2527366,163,74,8894,2008,17878.0,1838788.0,0.911428,-0.019318000000000002,NOR,FIN,842410
2527367,177,74,8894,2008,52464.0,260203.0,1.037287,1.244457,POL,FIN,842410
2527368,183,74,8894,2008,0.0,6774.0,-0.36390900000000004,-1.0045549999999999,QAT,FIN,842410
2527369,186,74,8894,2008,40345.0,79870.0,0.559059,-0.00886,RUS,FIN,842410
2527370,188,74,8894,2008,0.0,23961.0,-0.09849400000000001,-0.8998309999999999,SAU,FIN,842410
2527371,192,74,8894,2008,0.0,847118.0,1.844543,0.5947020000000001,SGP,FIN,842410
2527372,208,74,8894,2008,2273290.0,89455.0,1.866575,0.44342700000000007,SWE,FIN,842410
2527373,216,74,8894,2008,0.0,43559.0,0.7531399999999999,1.4420620000000002,THA,FIN,842410
2527374,224,74,8894,2008,18838.0,306834.0,0.44478,2.186881,TUR,FIN,842410
2527375,231,74,8894,2008,19542.0,626583.0,1.584278,-0.209788,USA,FIN,842410
2527376,1,77,8894,2008,0.0,1432.0,-0.23668000000000003,-0.344418,AFG,FRA,842410
2527377,2,77,8894,2008,0.0,262571.0,-2.0318669999999996,-1.149931,AGO,FRA,842410
2527378,5,77,8894,2008,0.0,1149.0,0.971109,0.749296,AND,FRA,842410
2527379,6,77,8894,2008,0.0,2931.0,0.31099,-0.536718,ANT,FRA,842410
2527380,7,77,8894,2008,982.0,137264.0,-0.276433,-0.692392,ARE,FRA,842410
2527381,9,77,8894,2008,0.0,15544.0,0.360609,-0.038343,ARM,FRA,842410
2527382,14,77,8894,2008,21627.0,8971.0,-0.171801,-0.012588,AUS,FRA,842410
2527383,15,77,8894,2008,3562.0,404660.0,1.634816,-0.078419,AUT,FRA,842410
2527384,17,77,8894,2008,0.0,8585.0,-0.313815,-0.539678,BDI,FRA,842410
2527385,18,77,8894,2008,1813109.0,1816738.0,1.297416,0.9716549999999999,BEL,FRA,842410
2527386,19,77,8894,2008,0.0,93052.0,-1.171101,-0.9600569999999999,BEN,FRA,842410
2527387,21,77,8894,2008,0.0,181693.0,-1.076309,-1.012701,BFA,FRA,842410
2527388,23,77,8894,2008,4152.0,2706.0,0.44409,1.575399,BGR,FRA,842410
2527389,26,77,8894,2008,879231.0,4563.0,0.480256,0.810361,BIH,FRA,842410
2527390,32,77,8894,2008,60417.0,218650.0,0.444687,0.904332,BRA,FRA,842410
2527391,37,77,8894,2008,0.0,731.0,-0.191616,-0.848397,BWA,FRA,842410
2527392,38,77,8894,2008,0.0,17775.0,-0.387367,-0.767895,CAF,FRA,842410
2527393,39,77,8894,2008,93403.0,12926.0,0.684659,1.085312,CAN,FRA,842410
2527394,41,77,8894,2008,442566.0,2850299.0,1.978404,0.368694,CHE,FRA,842410
2527395,42,77,8894,2008,0.0,25829.0,-0.293985,-0.349554,CHL,FRA,842410
2527396,43,77,8894,2008,7236850.0,989086.0,0.929285,1.8917259999999998,CHN,FRA,842410
2527397,44,77,8894,2008,121724.0,665876.0,-0.9806040000000001,-0.730792,CIV,FRA,842410
2527398,45,77,8894,2008,0.0,490804.0,-1.143808,-1.0725,CMR,FRA,842410
2527399,46,77,8894,2008,0.0,78181.0,-1.513117,-1.141895,COD,FRA,842410
2527400,47,77,8894,2008,0.0,725441.0,-2.2772799999999997,-1.216089,COG,FRA,842410
2527401,51,77,8894,2008,0.0,2585.0,0.16722,-0.64183,CPV,FRA,842410
2527402,54,77,8894,2008,0.0,7376.0,-0.23158299999999998,-0.892943,CUB,FRA,842410
2527403,59,77,8894,2008,257368.0,82173.0,1.592035,0.27983600000000003,CZE,FRA,842410
2527404,61,77,8894,2008,4874826.0,3254388.0,2.007167,-3.256961,DEU,FRA,842410
2527405,62,77,8894,2008,0.0,53104.0,-1.082951,-0.958676,DJI,FRA,842410
2527406,64,77,8894,2008,334515.0,73681.0,1.165294,1.1112440000000001,DNK,FRA,842410
2527407,66,77,8894,2008,40068.0,389963.0,-0.556434,-1.079109,DZA,FRA,842410
2527408,68,77,8894,2008,0.0,5317.0,-0.098316,1.134642,EGY,FRA,842410
2527409,71,77,8894,2008,2762068.0,394007.0,0.8755649999999999,2.122164,ESP,FRA,842410
2527410,72,77,8894,2008,0.0,2008.0,0.749696,1.5173940000000001,EST,FRA,842410
2527411,73,77,8894,2008,96250.0,431443.0,-1.0084629999999999,-0.83993,ETH,FRA,842410
2527412,74,77,8894,2008,3457659.0,143330.0,1.767859,0.846409,FIN,FRA,842410
2527413,80,77,8894,2008,3085.0,1124274.0,-1.316179,-1.117633,GAB,FRA,842410
2527414,81,77,8894,2008,1828413.0,339536.0,1.7586119999999998,0.061214,GBR,FRA,842410
2527415,83,77,8894,2008,0.0,58497.0,-0.9339360000000001,-0.701724,GHA,FRA,842410
2527416,85,77,8894,2008,0.0,182071.0,-1.530997,-1.171231,GIN,FRA,842410
2527417,89,77,8894,2008,0.0,36878.0,-1.059208,-0.843542,GNQ,FRA,842410
2527418,90,77,8894,2008,0.0,92339.0,0.33272399999999996,1.758188,GRC,FRA,842410
2527419,97,77,8894,2008,27557.0,25822.0,0.74435,2.149616,HKG,FRA,842410
2527420,100,77,8894,2008,1914.0,5576.0,0.874459,1.075102,HRV,FRA,842410
2527421,102,77,8894,2008,0.0,6882.0,1.3358299999999999,0.8177770000000001,HUN,FRA,842410
2527422,103,77,8894,2008,0.0,16480.0,-0.11154000000000001,1.4879850000000001,IDN,FRA,842410
2527423,104,77,8894,2008,0.0,161389.0,0.26694,2.926023,IND,FRA,842410
2527424,106,77,8894,2008,1403.0,10654.0,1.693858,0.221425,IRL,FRA,842410
2527425,107,77,8894,2008,0.0,212417.0,-0.9776469999999999,-1.054475,IRN,FRA,842410
2527426,108,77,8894,2008,0.0,2950.0,-1.6604189999999999,-0.886959,IRQ,FRA,842410
2527427,109,77,8894,2008,0.0,5869.0,0.26969899999999997,-0.29915,ISL,FRA,842410
2527428,110,77,8894,2008,18686.0,83822.0,1.169192,0.797136,ISR,FRA,842410
2527429,111,77,8894,2008,5307065.0,231011.0,1.308777,0.361523,ITA,FRA,842410
2527430,112,77,8894,2008,0.0,931.0,-0.412969,-0.9444030000000001,JAM,FRA,842410
2527431,113,77,8894,2008,0.0,561128.0,0.255463,0.45844799999999997,JOR,FRA,842410
2527432,114,77,8894,2008,0.0,53039.0,2.285056,0.036255,JPN,FRA,842410
2527433,115,77,8894,2008,6689.0,12319.0,-0.43055200000000005,-0.6852590000000001,KAZ,FRA,842410
2527434,116,77,8894,2008,0.0,3188.0,-0.284528,0.9378610000000001,KEN,FRA,842410
2527435,121,77,8894,2008,0.0,22506.0,1.491687,0.814692,KOR,FRA,842410
2527436,122,77,8894,2008,0.0,2729.0,-1.401297,-1.142945,KWT,FRA,842410
2527437,123,77,8894,2008,0.0,23602.0,-1.09704,-0.934141,LAO,FRA,842410
2527438,125,77,8894,2008,0.0,14751.0,-0.20785900000000002,-0.9568030000000001,LBR,FRA,842410
2527439,126,77,8894,2008,0.0,3915.0,-1.156353,-1.133716,LBY,FRA,842410
2527440,127,77,8894,2008,0.0,15091.0,0.42267899999999997,0.005129,LCA,FRA,842410
2527441,128,77,8894,2008,0.0,436894.0,-0.48245200000000005,0.295892,LKA,FRA,842410
2527442,130,77,8894,2008,1393.0,2798.0,0.59033,0.961408,LTU,FRA,842410
2527443,131,77,8894,2008,91700.0,195559.0,1.39945,1.003857,LUX,FRA,842410
2527444,133,77,8894,2008,0.0,14542.0,0.352633,0.219317,MAC,FRA,842410
2527445,134,77,8894,2008,0.0,890169.0,-0.505734,-0.000516,MAR,FRA,842410
2527446,136,77,8894,2008,1523.0,310154.0,-0.9618190000000001,-0.348841,MDG,FRA,842410
2527447,137,77,8894,2008,0.0,1312.0,0.037203,-0.718439,MDV,FRA,842410
2527448,138,77,8894,2008,0.0,24174.0,0.9833639999999999,0.7687069999999999,MEX,FRA,842410
2527449,141,77,8894,2008,0.0,48099.0,-0.274267,-0.51084,MLI,FRA,842410
2527450,147,77,8894,2008,0.0,4256.0,-0.982727,-0.8361219999999999,MOZ,FRA,842410
2527451,148,77,8894,2008,0.0,17701.0,-2.081778,-1.274636,MRT,FRA,842410
2527452,151,77,8894,2008,0.0,75704.0,-0.337563,-0.144226,MUS,FRA,842410
2527453,153,77,8894,2008,0.0,31131.0,0.793395,0.6141939999999999,MYS,FRA,842410
2527454,154,77,8894,2008,1878.0,94018.0,1.085932,-0.176729,MYT,FRA,842410
2527455,155,77,8894,2008,0.0,97305.0,-0.104196,-0.301923,NAM,FRA,842410
2527456,156,77,8894,2008,35875.0,953652.0,-0.21304099999999998,-0.8147300000000001,NCL,FRA,842410
2527457,157,77,8894,2008,0.0,119090.0,-0.677687,-0.75195,NER,FRA,842410
2527458,159,77,8894,2008,0.0,128254.0,-1.9809139999999998,-1.189201,NGA,FRA,842410
2527459,162,77,8894,2008,2110040.0,1909273.0,1.139475,1.385316,NLD,FRA,842410
2527460,163,77,8894,2008,308101.0,21178.0,0.911428,-0.019318000000000002,NOR,FRA,842410
2527461,164,77,8894,2008,0.0,2950.0,-0.130718,0.59102,NPL,FRA,842410
2527462,166,77,8894,2008,0.0,5486.0,0.513416,0.753058,NZL,FRA,842410
2527463,167,77,8894,2008,0.0,6791.0,-0.635199,-1.027136,OMN,FRA,842410
2527464,168,77,8894,2008,1176.0,15992.0,-0.401588,0.500668,PAK,FRA,842410
2527465,174,77,8894,2008,0.0,23608.0,0.276488,-0.02957,PHL,FRA,842410
2527466,177,77,8894,2008,56414.0,416102.0,1.037287,1.244457,POL,FRA,842410
2527467,179,77,8894,2008,7197.0,52466.0,0.64135,2.1946939999999997,PRT,FRA,842410
2527468,182,77,8894,2008,0.0,686306.0,-0.255879,-0.714841,PYF,FRA,842410
2527469,183,77,8894,2008,0.0,38610.0,-0.36390900000000004,-1.0045549999999999,QAT,FRA,842410
2527470,185,77,8894,2008,7181.0,25070.0,0.784924,1.235527,ROU,FRA,842410
2527471,186,77,8894,2008,43534.0,8461.0,0.559059,-0.00886,RUS,FRA,842410
2527472,187,77,8894,2008,0.0,1578.0,-0.770307,-0.650779,RWA,FRA,842410
2527473,188,77,8894,2008,5977.0,71631.0,-0.09849400000000001,-0.8998309999999999,SAU,FRA,842410
2527474,191,77,8894,2008,56942.0,447264.0,-0.478024,-0.313199,SEN,FRA,842410
2527475,192,77,8894,2008,18463.0,202570.0,1.844543,0.5947020000000001,SGP,FRA,842410
2527476,196,77,8894,2008,0.0,19177.0,0.086769,-0.22002800000000003,SLE,FRA,842410
2527477,200,77,8894,2008,0.0,5900.0,-0.01135,-0.8057350000000001,SPM,FRA,842410
2527478,201,77,8894,2008,1909.0,54719.0,0.615147,1.484149,SRB,FRA,842410
2527479,207,77,8894,2008,0.0,1432.0,1.5099209999999998,0.683663,SVN,FRA,842410
2527480,208,77,8894,2008,894854.0,31184.0,1.866575,0.44342700000000007,SWE,FRA,842410
2527481,211,77,8894,2008,0.0,5392.0,0.29189699999999996,-0.47472600000000004,SYC,FRA,842410
2527482,212,77,8894,2008,0.0,11185.0,-0.365789,0.877383,SYR,FRA,842410
2527483,214,77,8894,2008,0.0,45729.0,-2.837417,-0.927269,TCD,FRA,842410
2527484,215,77,8894,2008,0.0,171496.0,-0.5025689999999999,-0.747621,TGO,FRA,842410
2527485,216,77,8894,2008,0.0,22644.0,0.7531399999999999,1.4420620000000002,THA,FRA,842410
2527486,219,77,8894,2008,0.0,23602.0,-1.094592,-1.166598,TKM,FRA,842410
2527487,223,77,8894,2008,13012.0,232198.0,0.084141,0.676248,TUN,FRA,842410
2527488,224,77,8894,2008,10128.0,42232.0,0.44478,2.186881,TUR,FRA,842410
2527489,226,77,8894,2008,0.0,3016.0,-0.755692,0.8751690000000001,TZA,FRA,842410
2527490,228,77,8894,2008,0.0,87360.0,0.59355,0.764415,UKR,FRA,842410
2527491,231,77,8894,2008,2067349.0,332445.0,1.584278,-0.209788,USA,FRA,842410
2527492,236,77,8894,2008,0.0,2592.0,-0.442996,-1.0439969999999998,VEN,FRA,842410
2527493,239,77,8894,2008,0.0,1029.0,-0.207083,1.1323370000000001,VNM,FRA,842410
2527494,246,77,8894,2008,1370.0,34971.0,0.22551500000000002,1.185506,ZAF,FRA,842410
2527495,249,77,8894,2008,0.0,1285.0,1.611693,0.93875,TWN,FRA,842410
2527496,250,77,8894,2008,90313.0,7376.0,0.547909,-0.5303640000000001,ANS,FRA,842410
2527497,1,81,8894,2008,0.0,31388.0,-0.23668000000000003,-0.344418,AFG,GBR,842410
2527498,2,81,8894,2008,0.0,58447.0,-2.0318669999999996,-1.149931,AGO,GBR,842410
2527499,4,81,8894,2008,10155.0,15138.0,-0.252894,-0.0071400000000000005,ALB,GBR,842410
2527500,7,81,8894,2008,1272858.0,4126318.0,-0.276433,-0.692392,ARE,GBR,842410
2527501,8,81,8894,2008,3804.0,36512.0,0.278837,0.496784,ARG,GBR,842410
2527502,9,81,8894,2008,0.0,1089.0,0.360609,-0.038343,ARM,GBR,842410
2527503,14,81,8894,2008,52501.0,648716.0,-0.171801,-0.012588,AUS,GBR,842410
2527504,15,81,8894,2008,60869.0,70173.0,1.634816,-0.078419,AUT,GBR,842410
2527505,16,81,8894,2008,0.0,52290.0,-0.7143109999999999,-1.114747,AZE,GBR,842410
2527506,18,81,8894,2008,1914157.0,1366020.0,1.297416,0.9716549999999999,BEL,GBR,842410
2527507,19,81,8894,2008,0.0,107088.0,-1.171101,-0.9600569999999999,BEN,GBR,842410
2527508,22,81,8894,2008,0.0,8866.0,-0.852774,-0.766779,BGD,GBR,842410
2527509,23,81,8894,2008,258000.0,23370.0,0.44409,1.575399,BGR,GBR,842410
2527510,24,81,8894,2008,3054.0,294478.0,0.335334,-0.81372,BHR,GBR,842410
2527511,26,81,8894,2008,0.0,2191.0,0.480256,0.810361,BIH,GBR,842410
2527512,31,81,8894,2008,0.0,4726.0,-0.852975,-0.88041,BOL,GBR,842410
2527513,32,81,8894,2008,428827.0,170293.0,0.444687,0.904332,BRA,GBR,842410
2527514,33,81,8894,2008,0.0,97953.0,0.761035,0.615472,BRB,GBR,842410
2527515,34,81,8894,2008,9130.0,19411.0,-1.7609099999999998,-0.8835959999999999,BRN,GBR,842410
2527516,37,81,8894,2008,0.0,11416.0,-0.191616,-0.848397,BWA,GBR,842410
2527517,38,81,8894,2008,0.0,773.0,-0.387367,-0.767895,CAF,GBR,842410
2527518,39,81,8894,2008,3390.0,581221.0,0.684659,1.085312,CAN,GBR,842410
2527519,41,81,8894,2008,331205.0,586570.0,1.978404,0.368694,CHE,GBR,842410
2527520,42,81,8894,2008,0.0,37178.0,-0.293985,-0.349554,CHL,GBR,842410
2527521,43,81,8894,2008,18111418.0,7120816.0,0.929285,1.8917259999999998,CHN,GBR,842410
2527522,44,81,8894,2008,0.0,4683.0,-0.9806040000000001,-0.730792,CIV,GBR,842410
2527523,45,81,8894,2008,0.0,2134.0,-1.143808,-1.0725,CMR,GBR,842410
2527524,47,81,8894,2008,0.0,3262.0,-2.2772799999999997,-1.216089,COG,GBR,842410
2527525,49,81,8894,2008,0.0,123255.0,0.19505699999999998,0.566189,COL,GBR,842410
2527526,58,81,8894,2008,108812.0,12898.0,1.003211,0.712629,CYP,GBR,842410
2527527,59,81,8894,2008,2021.0,28311.0,1.592035,0.27983600000000003,CZE,GBR,842410
2527528,61,81,8894,2008,7717224.0,1357249.0,2.007167,-3.256961,DEU,GBR,842410
2527529,63,81,8894,2008,0.0,706.0,0.424179,0.04355,DMA,GBR,842410
2527530,64,81,8894,2008,508178.0,393472.0,1.165294,1.1112440000000001,DNK,GBR,842410
2527531,65,81,8894,2008,0.0,16840.0,-0.167958,0.241283,DOM,GBR,842410
2527532,66,81,8894,2008,0.0,114590.0,-0.556434,-1.079109,DZA,GBR,842410
2527533,67,81,8894,2008,0.0,1565.0,-0.859434,-0.972389,ECU,GBR,842410
2527534,68,81,8894,2008,889.0,908547.0,-0.098316,1.134642,EGY,GBR,842410
2527535,71,81,8894,2008,341417.0,621009.0,0.8755649999999999,2.122164,ESP,GBR,842410
2527536,72,81,8894,2008,0.0,5328.0,0.749696,1.5173940000000001,EST,GBR,842410
2527537,73,81,8894,2008,0.0,7695.0,-1.0084629999999999,-0.83993,ETH,GBR,842410
2527538,74,81,8894,2008,701900.0,299646.0,1.767859,0.846409,FIN,GBR,842410
2527539,76,81,8894,2008,0.0,1970.0,-1.0724,-0.9330379999999999,FLK,GBR,842410
2527540,77,81,8894,2008,339536.0,1828413.0,1.487702,-0.223965,FRA,GBR,842410
2527541,78,81,8894,2008,0.0,6269.0,-0.576205,-0.886117,FRO,GBR,842410
2527542,80,81,8894,2008,1404.0,6514.0,-1.316179,-1.117633,GAB,GBR,842410
2527543,82,81,8894,2008,0.0,61686.0,-0.355095,-0.660181,GEO,GBR,842410
2527544,83,81,8894,2008,0.0,1220674.0,-0.9339360000000001,-0.701724,GHA,GBR,842410
2527545,84,81,8894,2008,0.0,75430.0,0.938815,-0.361914,GIB,GBR,842410
2527546,85,81,8894,2008,0.0,5814.0,-1.530997,-1.171231,GIN,GBR,842410
2527547,89,81,8894,2008,0.0,6487.0,-1.059208,-0.843542,GNQ,GBR,842410
2527548,90,81,8894,2008,16791.0,219498.0,0.33272399999999996,1.758188,GRC,GBR,842410
2527549,91,81,8894,2008,0.0,2658.0,0.6186010000000001,-0.170518,GRD,GBR,842410
2527550,92,81,8894,2008,0.0,1758.0,-0.669996,-0.909798,GRL,GBR,842410
2527551,97,81,8894,2008,143296.0,1011281.0,0.74435,2.149616,HKG,GBR,842410
2527552,100,81,8894,2008,1717.0,37229.0,0.874459,1.075102,HRV,GBR,842410
2527553,101,81,8894,2008,0.0,10488.0,-1.087836,-0.967734,HTI,GBR,842410
2527554,102,81,8894,2008,23366.0,121700.0,1.3358299999999999,0.8177770000000001,HUN,GBR,842410
2527555,103,81,8894,2008,0.0,44106.0,-0.11154000000000001,1.4879850000000001,IDN,GBR,842410
2527556,104,81,8894,2008,10508.0,375190.0,0.26694,2.926023,IND,GBR,842410
2527557,106,81,8894,2008,3832952.0,979374.0,1.693858,0.221425,IRL,GBR,842410
2527558,107,81,8894,2008,0.0,85632.0,-0.9776469999999999,-1.054475,IRN,GBR,842410
2527559,109,81,8894,2008,1706.0,271026.0,0.26969899999999997,-0.29915,ISL,GBR,842410
2527560,110,81,8894,2008,2828847.0,580798.0,1.169192,0.797136,ISR,GBR,842410
2527561,111,81,8894,2008,1825605.0,1002710.0,1.308777,0.361523,ITA,GBR,842410
2527562,112,81,8894,2008,0.0,8783.0,-0.412969,-0.9444030000000001,JAM,GBR,842410
2527563,113,81,8894,2008,2332.0,107009.0,0.255463,0.45844799999999997,JOR,GBR,842410
2527564,114,81,8894,2008,41247.0,83462.0,2.285056,0.036255,JPN,GBR,842410
2527565,115,81,8894,2008,3002.0,8801.0,-0.43055200000000005,-0.6852590000000001,KAZ,GBR,842410
2527566,116,81,8894,2008,0.0,18134.0,-0.284528,0.9378610000000001,KEN,GBR,842410
2527567,118,81,8894,2008,0.0,1932.0,-1.064815,-1.098892,KHM,GBR,842410
2527568,121,81,8894,2008,103187.0,5427297.0,1.491687,0.814692,KOR,GBR,842410
2527569,122,81,8894,2008,449686.0,971903.0,-1.401297,-1.142945,KWT,GBR,842410
2527570,124,81,8894,2008,0.0,86916.0,0.46133100000000005,1.4598149999999999,LBN,GBR,842410
2527571,125,81,8894,2008,0.0,10349.0,-0.20785900000000002,-0.9568030000000001,LBR,GBR,842410
2527572,126,81,8894,2008,0.0,494386.0,-1.156353,-1.133716,LBY,GBR,842410
2527573,127,81,8894,2008,0.0,1482.0,0.42267899999999997,0.005129,LCA,GBR,842410
2527574,128,81,8894,2008,6653.0,82161.0,-0.48245200000000005,0.295892,LKA,GBR,842410
2527575,130,81,8894,2008,2152.0,2948.0,0.59033,0.961408,LTU,GBR,842410
2527576,131,81,8894,2008,101915.0,20264.0,1.39945,1.003857,LUX,GBR,842410
2527577,132,81,8894,2008,7469.0,25495.0,0.655489,1.0811540000000002,LVA,GBR,842410
2527578,133,81,8894,2008,0.0,1269.0,0.352633,0.219317,MAC,GBR,842410
2527579,134,81,8894,2008,0.0,37082.0,-0.505734,-0.000516,MAR,GBR,842410
2527580,135,81,8894,2008,0.0,7438.0,0.096913,-0.095718,MDA,GBR,842410
2527581,136,81,8894,2008,3581.0,5210.0,-0.9618190000000001,-0.348841,MDG,GBR,842410
2527582,137,81,8894,2008,0.0,3845.0,0.037203,-0.718439,MDV,GBR,842410
2527583,138,81,8894,2008,17949.0,14956.0,0.9833639999999999,0.7687069999999999,MEX,GBR,842410
2527584,141,81,8894,2008,0.0,119799.0,-0.274267,-0.51084,MLI,GBR,842410
2527585,142,81,8894,2008,0.0,23174.0,1.015716,-0.065673,MLT,GBR,842410
2527586,144,81,8894,2008,0.0,766.0,0.321434,-0.168212,MNE,GBR,842410
2527587,148,81,8894,2008,0.0,4964.0,-2.081778,-1.274636,MRT,GBR,842410
2527588,149,81,8894,2008,0.0,1554.0,1.375073,-0.275475,MSR,GBR,842410
2527589,151,81,8894,2008,0.0,5097.0,-0.337563,-0.144226,MUS,GBR,842410
2527590,153,81,8894,2008,76811.0,618534.0,0.793395,0.6141939999999999,MYS,GBR,842410
2527591,156,81,8894,2008,0.0,1426.0,-0.21304099999999998,-0.8147300000000001,NCL,GBR,842410
2527592,159,81,8894,2008,3250.0,278799.0,-1.9809139999999998,-1.189201,NGA,GBR,842410
2527593,162,81,8894,2008,1990226.0,23549620.0,1.139475,1.385316,NLD,GBR,842410
2527594,163,81,8894,2008,333706.0,1889492.0,0.911428,-0.019318000000000002,NOR,GBR,842410
2527595,166,81,8894,2008,0.0,159733.0,0.513416,0.753058,NZL,GBR,842410
2527596,167,81,8894,2008,143366.0,1301504.0,-0.635199,-1.027136,OMN,GBR,842410
2527597,168,81,8894,2008,1432.0,216529.0,-0.401588,0.500668,PAK,GBR,842410
2527598,169,81,8894,2008,1206.0,0.0,0.470854,0.960075,PAN,GBR,842410
2527599,173,81,8894,2008,0.0,1150.0,-0.518126,0.17193599999999998,PER,GBR,842410
2527600,174,81,8894,2008,0.0,72858.0,0.276488,-0.02957,PHL,GBR,842410
2527601,177,81,8894,2008,161935.0,877459.0,1.037287,1.244457,POL,GBR,842410
2527602,179,81,8894,2008,2804.0,171120.0,0.64135,2.1946939999999997,PRT,GBR,842410
2527603,183,81,8894,2008,145401.0,1210676.0,-0.36390900000000004,-1.0045549999999999,QAT,GBR,842410
2527604,185,81,8894,2008,0.0,67954.0,0.784924,1.235527,ROU,GBR,842410
2527605,186,81,8894,2008,26019492.0,202533.0,0.559059,-0.00886,RUS,GBR,842410
2527606,188,81,8894,2008,1013688.0,2018865.0,-0.09849400000000001,-0.8998309999999999,SAU,GBR,842410
2527607,190,81,8894,2008,0.0,44775.0,-2.095439,-1.263511,SDN,GBR,842410
2527608,191,81,8894,2008,0.0,1164.0,-0.478024,-0.313199,SEN,GBR,842410
2527609,192,81,8894,2008,11220.0,6607602.0,1.844543,0.5947020000000001,SGP,GBR,842410
2527610,201,81,8894,2008,13639.0,16445.0,0.615147,1.484149,SRB,GBR,842410
2527611,206,81,8894,2008,0.0,99666.0,1.3402040000000002,0.8038770000000001,SVK,GBR,842410
2527612,207,81,8894,2008,24305.0,160321.0,1.5099209999999998,0.683663,SVN,GBR,842410
2527613,208,81,8894,2008,1320498.0,1879249.0,1.866575,0.44342700000000007,SWE,GBR,842410
2527614,211,81,8894,2008,0.0,1592.0,0.29189699999999996,-0.47472600000000004,SYC,GBR,842410
2527615,212,81,8894,2008,0.0,75715.0,-0.365789,0.877383,SYR,GBR,842410
2527616,216,81,8894,2008,1083.0,155039.0,0.7531399999999999,1.4420620000000002,THA,GBR,842410
2527617,222,81,8894,2008,0.0,17508.0,-0.44752600000000003,-1.060906,TTO,GBR,842410
2527618,223,81,8894,2008,0.0,66867.0,0.084141,0.676248,TUN,GBR,842410
2527619,224,81,8894,2008,27943.0,1183348.0,0.44478,2.186881,TUR,GBR,842410
2527620,226,81,8894,2008,0.0,296421.0,-0.755692,0.8751690000000001,TZA,GBR,842410
2527621,227,81,8894,2008,0.0,5951.0,-0.653885,-0.035455,UGA,GBR,842410
2527622,228,81,8894,2008,3332.0,66885.0,0.59355,0.764415,UKR,GBR,842410
2527623,230,81,8894,2008,0.0,8448.0,0.376164,0.049387,URY,GBR,842410
2527624,231,81,8894,2008,6134497.0,4613859.0,1.584278,-0.209788,USA,GBR,842410
2527625,232,81,8894,2008,0.0,33560.0,-0.470184,-0.773163,UZB,GBR,842410
2527626,234,81,8894,2008,0.0,739.0,-0.598538,-0.8798459999999999,VCT,GBR,842410
2527627,236,81,8894,2008,0.0,13697.0,-0.442996,-1.0439969999999998,VEN,GBR,842410
2527628,239,81,8894,2008,0.0,32658.0,-0.207083,1.1323370000000001,VNM,GBR,842410
2527629,243,81,8894,2008,0.0,35468.0,-1.227495,-1.191462,YEM,GBR,842410
2527630,246,81,8894,2008,11215.0,2103518.0,0.22551500000000002,1.185506,ZAF,GBR,842410
2527631,247,81,8894,2008,0.0,27317.0,-0.798489,-0.9437639999999999,ZMB,GBR,842410
2527632,249,81,8894,2008,23415.0,989291.0,1.611693,0.93875,TWN,GBR,842410
2527633,4,90,8894,2008,0.0,152551.0,-0.252894,-0.0071400000000000005,ALB,GRC,842410
2527634,15,90,8894,2008,4418.0,0.0,1.634816,-0.078419,AUT,GRC,842410
2527635,18,90,8894,2008,231320.0,6339.0,1.297416,0.9716549999999999,BEL,GRC,842410
2527636,23,90,8894,2008,2641.0,146092.0,0.44409,1.575399,BGR,GRC,842410
2527637,26,90,8894,2008,0.0,11397.0,0.480256,0.810361,BIH,GRC,842410
2527638,41,90,8894,2008,6375.0,1598.0,1.978404,0.368694,CHE,GRC,842410
2527639,43,90,8894,2008,7934038.0,9212.0,0.929285,1.8917259999999998,CHN,GRC,842410
2527640,44,90,8894,2008,0.0,4691.0,-0.9806040000000001,-0.730792,CIV,GRC,842410
2527641,58,90,8894,2008,166730.0,262749.0,1.003211,0.712629,CYP,GRC,842410
2527642,61,90,8894,2008,4243684.0,3673.0,2.007167,-3.256961,DEU,GRC,842410
2527643,64,90,8894,2008,65323.0,6574.0,1.165294,1.1112440000000001,DNK,GRC,842410
2527644,71,90,8894,2008,112738.0,0.0,0.8755649999999999,2.122164,ESP,GRC,842410
2527645,74,90,8894,2008,452402.0,0.0,1.767859,0.846409,FIN,GRC,842410
2527646,77,90,8894,2008,92339.0,0.0,1.487702,-0.223965,FRA,GRC,842410
2527647,81,90,8894,2008,219498.0,16791.0,1.7586119999999998,0.061214,GBR,GRC,842410
2527648,82,90,8894,2008,0.0,198649.0,-0.355095,-0.660181,GEO,GRC,842410
2527649,100,90,8894,2008,39558.0,0.0,0.874459,1.075102,HRV,GRC,842410
2527650,106,90,8894,2008,41713.0,1930.0,1.693858,0.221425,IRL,GRC,842410
2527651,110,90,8894,2008,26126.0,13966.0,1.169192,0.797136,ISR,GRC,842410
2527652,111,90,8894,2008,884338.0,15287.0,1.308777,0.361523,ITA,GRC,842410
2527653,114,90,8894,2008,48957.0,0.0,2.285056,0.036255,JPN,GRC,842410
2527654,130,90,8894,2008,129193.0,0.0,0.59033,0.961408,LTU,GRC,842410
2527655,140,90,8894,2008,0.0,225543.0,-0.090639,-0.137401,MKD,GRC,842410
2527656,162,90,8894,2008,89862.0,0.0,1.139475,1.385316,NLD,GRC,842410
2527657,163,90,8894,2008,5524.0,0.0,0.911428,-0.019318000000000002,NOR,GRC,842410
2527658,168,90,8894,2008,0.0,967.0,-0.401588,0.500668,PAK,GRC,842410
2527659,185,90,8894,2008,0.0,28297.0,0.784924,1.235527,ROU,GRC,842410
2527660,186,90,8894,2008,48664.0,0.0,0.559059,-0.00886,RUS,GRC,842410
2527661,201,90,8894,2008,0.0,14173.0,0.615147,1.484149,SRB,GRC,842410
2527662,208,90,8894,2008,169202.0,0.0,1.866575,0.44342700000000007,SWE,GRC,842410
2527663,223,90,8894,2008,17207.0,0.0,0.084141,0.676248,TUN,GRC,842410
2527664,224,90,8894,2008,0.0,42921.0,0.44478,2.186881,TUR,GRC,842410
2527665,231,90,8894,2008,351310.0,0.0,1.584278,-0.209788,USA,GRC,842410
2527666,250,90,8894,2008,0.0,34986.0,0.547909,-0.5303640000000001,ANS,GRC,842410
2527667,39,93,8894,2008,0.0,8728.0,0.684659,1.085312,CAN,GTM,842410
2527668,42,93,8894,2008,2804.0,0.0,-0.293985,-0.349554,CHL,GTM,842410
2527669,43,93,8894,2008,47823.0,0.0,0.929285,1.8917259999999998,CHN,GTM,842410
2527670,49,93,8894,2008,2694.0,0.0,0.19505699999999998,0.566189,COL,GTM,842410
2527671,52,93,8894,2008,48609.0,14815.0,0.023962,-0.346029,CRI,GTM,842410
2527672,64,93,8894,2008,6129.0,0.0,1.165294,1.1112440000000001,DNK,GTM,842410
2527673,71,93,8894,2008,1156.0,0.0,0.8755649999999999,2.122164,ESP,GTM,842410
2527674,99,93,8894,2008,0.0,2237.0,-0.5907,-0.351317,HND,GTM,842410
2527675,111,93,8894,2008,6943.0,0.0,1.308777,0.361523,ITA,GTM,842410
2527676,138,93,8894,2008,407413.0,0.0,0.9833639999999999,0.7687069999999999,MEX,GTM,842410
2527677,160,93,8894,2008,0.0,12230.0,-0.869193,-0.676623,NIC,GTM,842410
2527678,169,93,8894,2008,70648.0,0.0,0.470854,0.960075,PAN,GTM,842410
2527679,197,93,8894,2008,0.0,21944.0,-0.028986,0.369501,SLV,GTM,842410
2527680,231,93,8894,2008,426566.0,0.0,1.584278,-0.209788,USA,GTM,842410
2527681,43,96,8894,2008,4742.0,0.0,0.929285,1.8917259999999998,CHN,GUY,842410
2527682,169,96,8894,2008,1417.0,0.0,0.470854,0.960075,PAN,GUY,842410
2527683,231,96,8894,2008,57275.0,0.0,1.584278,-0.209788,USA,GUY,842410
2527684,249,96,8894,2008,4907.0,0.0,1.611693,0.93875,TWN,GUY,842410
2527685,14,97,8894,2008,21331.0,399438.0,-0.171801,-0.012588,AUS,HKG,842410
2527686,18,97,8894,2008,8530.0,0.0,1.297416,0.9716549999999999,BEL,HKG,842410
2527687,39,97,8894,2008,51827.0,0.0,0.684659,1.085312,CAN,HKG,842410
2527688,43,97,8894,2008,4925191.0,410692.0,0.929285,1.8917259999999998,CHN,HKG,842410
2527689,61,97,8894,2008,182535.0,94583.0,2.007167,-3.256961,DEU,HKG,842410
2527690,64,97,8894,2008,1302262.0,0.0,1.165294,1.1112440000000001,DNK,HKG,842410
2527691,65,97,8894,2008,0.0,40530.0,-0.167958,0.241283,DOM,HKG,842410
2527692,67,97,8894,2008,0.0,36448.0,-0.859434,-0.972389,ECU,HKG,842410
2527693,74,97,8894,2008,165683.0,0.0,1.767859,0.846409,FIN,HKG,842410
2527694,77,97,8894,2008,25822.0,27557.0,1.487702,-0.223965,FRA,HKG,842410
2527695,81,97,8894,2008,1011281.0,143296.0,1.7586119999999998,0.061214,GBR,HKG,842410
2527696,106,97,8894,2008,0.0,40006.0,1.693858,0.221425,IRL,HKG,842410
2527697,110,97,8894,2008,4112.0,0.0,1.169192,0.797136,ISR,HKG,842410
2527698,111,97,8894,2008,39561.0,1399.0,1.308777,0.361523,ITA,HKG,842410
2527699,114,97,8894,2008,11011.0,0.0,2.285056,0.036255,JPN,HKG,842410
2527700,116,97,8894,2008,0.0,34755.0,-0.284528,0.9378610000000001,KEN,HKG,842410
2527701,121,97,8894,2008,6092.0,0.0,1.491687,0.814692,KOR,HKG,842410
2527702,133,97,8894,2008,4935.0,440041.0,0.352633,0.219317,MAC,HKG,842410
2527703,134,97,8894,2008,0.0,2749.0,-0.505734,-0.000516,MAR,HKG,842410
2527704,136,97,8894,2008,0.0,1550.0,-0.9618190000000001,-0.348841,MDG,HKG,842410
2527705,137,97,8894,2008,0.0,1217.0,0.037203,-0.718439,MDV,HKG,842410
2527706,143,97,8894,2008,0.0,3990.0,-1.501556,-1.1134110000000002,MMR,HKG,842410
2527707,153,97,8894,2008,849203.0,32328.0,0.793395,0.6141939999999999,MYS,HKG,842410
2527708,159,97,8894,2008,0.0,8381.0,-1.9809139999999998,-1.189201,NGA,HKG,842410
2527709,163,97,8894,2008,1634934.0,3312.0,0.911428,-0.019318000000000002,NOR,HKG,842410
2527710,166,97,8894,2008,0.0,3124.0,0.513416,0.753058,NZL,HKG,842410
2527711,168,97,8894,2008,0.0,18392.0,-0.401588,0.500668,PAK,HKG,842410
2527712,174,97,8894,2008,0.0,4936.0,0.276488,-0.02957,PHL,HKG,842410
2527713,183,97,8894,2008,0.0,53347.0,-0.36390900000000004,-1.0045549999999999,QAT,HKG,842410
2527714,185,97,8894,2008,0.0,59762.0,0.784924,1.235527,ROU,HKG,842410
2527715,192,97,8894,2008,43019.0,0.0,1.844543,0.5947020000000001,SGP,HKG,842410
2527716,208,97,8894,2008,0.0,16313.0,1.866575,0.44342700000000007,SWE,HKG,842410
2527717,216,97,8894,2008,1457.0,576189.0,0.7531399999999999,1.4420620000000002,THA,HKG,842410
2527718,227,97,8894,2008,0.0,689.0,-0.653885,-0.035455,UGA,HKG,842410
2527719,231,97,8894,2008,2111115.0,18241.0,1.584278,-0.209788,USA,HKG,842410
2527720,239,97,8894,2008,0.0,201248.0,-0.207083,1.1323370000000001,VNM,HKG,842410
2527721,247,97,8894,2008,0.0,8955.0,-0.798489,-0.9437639999999999,ZMB,HKG,842410
2527722,248,97,8894,2008,0.0,13476.0,-0.377992,-0.577244,ZWE,HKG,842410
2527723,249,97,8894,2008,0.0,28013.0,1.611693,0.93875,TWN,HKG,842410
2527724,4,102,8894,2008,0.0,23109.0,-0.252894,-0.0071400000000000005,ALB,HUN,842410
2527725,15,102,8894,2008,176326.0,66924.0,1.634816,-0.078419,AUT,HUN,842410
2527726,18,102,8894,2008,48902.0,0.0,1.297416,0.9716549999999999,BEL,HUN,842410
2527727,23,102,8894,2008,0.0,964.0,0.44409,1.575399,BGR,HUN,842410
2527728,26,102,8894,2008,0.0,6826.0,0.480256,0.810361,BIH,HUN,842410
2527729,41,102,8894,2008,0.0,1929.0,1.978404,0.368694,CHE,HUN,842410
2527730,43,102,8894,2008,822660.0,0.0,0.929285,1.8917259999999998,CHN,HUN,842410
2527731,58,102,8894,2008,239067.0,0.0,1.003211,0.712629,CYP,HUN,842410
2527732,59,102,8894,2008,244032.0,1957.0,1.592035,0.27983600000000003,CZE,HUN,842410
2527733,61,102,8894,2008,1558606.0,26967.0,2.007167,-3.256961,DEU,HUN,842410
2527734,71,102,8894,2008,1208.0,0.0,0.8755649999999999,2.122164,ESP,HUN,842410
2527735,77,102,8894,2008,6882.0,0.0,1.487702,-0.223965,FRA,HUN,842410
2527736,81,102,8894,2008,121700.0,23366.0,1.7586119999999998,0.061214,GBR,HUN,842410
2527737,87,102,8894,2008,0.0,978.0,-0.39378,-0.509879,GMB,HUN,842410
2527738,100,102,8894,2008,36649.0,43282.0,0.874459,1.075102,HRV,HUN,842410
2527739,111,102,8894,2008,355642.0,0.0,1.308777,0.361523,ITA,HUN,842410
2527740,153,102,8894,2008,118323.0,0.0,0.793395,0.6141939999999999,MYS,HUN,842410
2527741,162,102,8894,2008,7037.0,0.0,1.139475,1.385316,NLD,HUN,842410
2527742,167,102,8894,2008,0.0,2933.0,-0.635199,-1.027136,OMN,HUN,842410
2527743,177,102,8894,2008,983.0,11559.0,1.037287,1.244457,POL,HUN,842410
2527744,185,102,8894,2008,0.0,4550.0,0.784924,1.235527,ROU,HUN,842410
2527745,201,102,8894,2008,0.0,3792.0,0.615147,1.484149,SRB,HUN,842410
2527746,206,102,8894,2008,16559.0,1219.0,1.3402040000000002,0.8038770000000001,SVK,HUN,842410
2527747,208,102,8894,2008,5768.0,0.0,1.866575,0.44342700000000007,SWE,HUN,842410
2527748,224,102,8894,2008,2891.0,0.0,0.44478,2.186881,TUR,HUN,842410
2527749,228,102,8894,2008,868.0,0.0,0.59355,0.764415,UKR,HUN,842410
2527750,231,102,8894,2008,196648.0,0.0,1.584278,-0.209788,USA,HUN,842410
2527751,232,102,8894,2008,0.0,2000.0,-0.470184,-0.773163,UZB,HUN,842410
2527752,7,103,8894,2008,132802.0,0.0,-0.276433,-0.692392,ARE,IDN,842410
2527753,14,103,8894,2008,1092970.0,0.0,-0.171801,-0.012588,AUS,IDN,842410
2527754,39,103,8894,2008,7113.0,0.0,0.684659,1.085312,CAN,IDN,842410
2527755,43,103,8894,2008,1165099.0,9079.0,0.929285,1.8917259999999998,CHN,IDN,842410
2527756,61,103,8894,2008,1631336.0,0.0,2.007167,-3.256961,DEU,IDN,842410
2527757,71,103,8894,2008,42161.0,0.0,0.8755649999999999,2.122164,ESP,IDN,842410
2527758,74,103,8894,2008,73664.0,0.0,1.767859,0.846409,FIN,IDN,842410
2527759,77,103,8894,2008,16480.0,0.0,1.487702,-0.223965,FRA,IDN,842410
2527760,81,103,8894,2008,44106.0,0.0,1.7586119999999998,0.061214,GBR,IDN,842410
2527761,114,103,8894,2008,449164.0,0.0,2.285056,0.036255,JPN,IDN,842410
2527762,121,103,8894,2008,214386.0,0.0,1.491687,0.814692,KOR,IDN,842410
2527763,153,103,8894,2008,96040.0,4207.0,0.793395,0.6141939999999999,MYS,IDN,842410
2527764,162,103,8894,2008,1133.0,0.0,1.139475,1.385316,NLD,IDN,842410
2527765,166,103,8894,2008,1005.0,0.0,0.513416,0.753058,NZL,IDN,842410
2527766,192,103,8894,2008,1541274.0,35144.0,1.844543,0.5947020000000001,SGP,IDN,842410
2527767,226,103,8894,2008,0.0,34029.0,-0.755692,0.8751690000000001,TZA,IDN,842410
2527768,231,103,8894,2008,1377878.0,0.0,1.584278,-0.209788,USA,IDN,842410
2527769,239,103,8894,2008,0.0,6588.0,-0.207083,1.1323370000000001,VNM,IDN,842410
2527770,249,103,8894,2008,59493.0,0.0,1.611693,0.93875,TWN,IDN,842410
2527771,1,104,8894,2008,0.0,1846.0,-0.23668000000000003,-0.344418,AFG,IND,842410
2527772,7,104,8894,2008,32980.0,23679.0,-0.276433,-0.692392,ARE,IND,842410
2527773,14,104,8894,2008,102821.0,0.0,-0.171801,-0.012588,AUS,IND,842410
2527774,15,104,8894,2008,23922.0,19300.0,1.634816,-0.078419,AUT,IND,842410
2527775,18,104,8894,2008,545397.0,0.0,1.297416,0.9716549999999999,BEL,IND,842410
2527776,22,104,8894,2008,0.0,69868.0,-0.852774,-0.766779,BGD,IND,842410
2527777,35,104,8894,2008,0.0,61559.0,-0.465287,-0.84941,BTN,IND,842410
2527778,39,104,8894,2008,43254.0,0.0,0.684659,1.085312,CAN,IND,842410
2527779,41,104,8894,2008,25796.0,0.0,1.978404,0.368694,CHE,IND,842410
2527780,43,104,8894,2008,2757156.0,0.0,0.929285,1.8917259999999998,CHN,IND,842410
2527781,45,104,8894,2008,0.0,1124.0,-1.143808,-1.0725,CMR,IND,842410
2527782,47,104,8894,2008,0.0,1108.0,-2.2772799999999997,-1.216089,COG,IND,842410
2527783,58,104,8894,2008,3225.0,0.0,1.003211,0.712629,CYP,IND,842410
2527784,61,104,8894,2008,975139.0,67362.0,2.007167,-3.256961,DEU,IND,842410
2527785,64,104,8894,2008,27015.0,2089.0,1.165294,1.1112440000000001,DNK,IND,842410
2527786,68,104,8894,2008,0.0,6465.0,-0.098316,1.134642,EGY,IND,842410
2527787,71,104,8894,2008,181085.0,0.0,0.8755649999999999,2.122164,ESP,IND,842410
2527788,73,104,8894,2008,0.0,12699.0,-1.0084629999999999,-0.83993,ETH,IND,842410
2527789,74,104,8894,2008,52436.0,0.0,1.767859,0.846409,FIN,IND,842410
2527790,77,104,8894,2008,161389.0,0.0,1.487702,-0.223965,FRA,IND,842410
2527791,81,104,8894,2008,375190.0,10508.0,1.7586119999999998,0.061214,GBR,IND,842410
2527792,82,104,8894,2008,0.0,1163.0,-0.355095,-0.660181,GEO,IND,842410
2527793,107,104,8894,2008,0.0,233230.0,-0.9776469999999999,-1.054475,IRN,IND,842410
2527794,111,104,8894,2008,65842.0,136668.0,1.308777,0.361523,ITA,IND,842410
2527795,113,104,8894,2008,0.0,2021.0,0.255463,0.45844799999999997,JOR,IND,842410
2527796,114,104,8894,2008,50639.0,0.0,2.285056,0.036255,JPN,IND,842410
2527797,116,104,8894,2008,0.0,9826.0,-0.284528,0.9378610000000001,KEN,IND,842410
2527798,121,104,8894,2008,404898.0,0.0,1.491687,0.814692,KOR,IND,842410
2527799,128,104,8894,2008,0.0,1047.0,-0.48245200000000005,0.295892,LKA,IND,842410
2527800,136,104,8894,2008,0.0,3761.0,-0.9618190000000001,-0.348841,MDG,IND,842410
2527801,147,104,8894,2008,0.0,51958.0,-0.982727,-0.8361219999999999,MOZ,IND,842410
2527802,152,104,8894,2008,0.0,3600.0,-1.387548,-1.184696,MWI,IND,842410
2527803,153,104,8894,2008,110619.0,2694.0,0.793395,0.6141939999999999,MYS,IND,842410
2527804,159,104,8894,2008,0.0,11662.0,-1.9809139999999998,-1.189201,NGA,IND,842410
2527805,162,104,8894,2008,42424.0,1418.0,1.139475,1.385316,NLD,IND,842410
2527806,163,104,8894,2008,1485601.0,0.0,0.911428,-0.019318000000000002,NOR,IND,842410
2527807,164,104,8894,2008,0.0,33944.0,-0.130718,0.59102,NPL,IND,842410
2527808,167,104,8894,2008,0.0,13689.0,-0.635199,-1.027136,OMN,IND,842410
2527809,168,104,8894,2008,0.0,20614.0,-0.401588,0.500668,PAK,IND,842410
2527810,177,104,8894,2008,84412.0,0.0,1.037287,1.244457,POL,IND,842410
2527811,179,104,8894,2008,3098.0,0.0,0.64135,2.1946939999999997,PRT,IND,842410
2527812,183,104,8894,2008,0.0,41084.0,-0.36390900000000004,-1.0045549999999999,QAT,IND,842410
2527813,186,104,8894,2008,9990.0,0.0,0.559059,-0.00886,RUS,IND,842410
2527814,187,104,8894,2008,0.0,5370.0,-0.770307,-0.650779,RWA,IND,842410
2527815,188,104,8894,2008,0.0,2208.0,-0.09849400000000001,-0.8998309999999999,SAU,IND,842410
2527816,190,104,8894,2008,0.0,1257.0,-2.095439,-1.263511,SDN,IND,842410
2527817,192,104,8894,2008,259815.0,152889.0,1.844543,0.5947020000000001,SGP,IND,842410
2527818,207,104,8894,2008,3747.0,0.0,1.5099209999999998,0.683663,SVN,IND,842410
2527819,208,104,8894,2008,31351.0,6997.0,1.866575,0.44342700000000007,SWE,IND,842410
2527820,214,104,8894,2008,0.0,47776.0,-2.837417,-0.927269,TCD,IND,842410
2527821,216,104,8894,2008,43010.0,1150.0,0.7531399999999999,1.4420620000000002,THA,IND,842410
2527822,226,104,8894,2008,0.0,3959.0,-0.755692,0.8751690000000001,TZA,IND,842410
2527823,227,104,8894,2008,0.0,5761.0,-0.653885,-0.035455,UGA,IND,842410
2527824,228,104,8894,2008,909.0,0.0,0.59355,0.764415,UKR,IND,842410
2527825,231,104,8894,2008,1447986.0,7370.0,1.584278,-0.209788,USA,IND,842410
2527826,243,104,8894,2008,0.0,6926.0,-1.227495,-1.191462,YEM,IND,842410
2527827,246,104,8894,2008,0.0,4784.0,0.22551500000000002,1.185506,ZAF,IND,842410
2527828,249,104,8894,2008,44565.0,0.0,1.611693,0.93875,TWN,IND,842410
2527829,250,104,8894,2008,17012.0,0.0,0.547909,-0.5303640000000001,ANS,IND,842410
2527830,7,106,8894,2008,0.0,981201.0,-0.276433,-0.692392,ARE,IRL,842410
2527831,18,106,8894,2008,281044.0,0.0,1.297416,0.9716549999999999,BEL,IRL,842410
2527832,41,106,8894,2008,29410.0,0.0,1.978404,0.368694,CHE,IRL,842410
2527833,43,106,8894,2008,5014462.0,75379.0,0.929285,1.8917259999999998,CHN,IRL,842410
2527834,61,106,8894,2008,686689.0,16674.0,2.007167,-3.256961,DEU,IRL,842410
2527835,64,106,8894,2008,0.0,55162.0,1.165294,1.1112440000000001,DNK,IRL,842410
2527836,68,106,8894,2008,0.0,78591.0,-0.098316,1.134642,EGY,IRL,842410
2527837,71,106,8894,2008,92601.0,12310.0,0.8755649999999999,2.122164,ESP,IRL,842410
2527838,74,106,8894,2008,1548.0,0.0,1.767859,0.846409,FIN,IRL,842410
2527839,77,106,8894,2008,10654.0,1403.0,1.487702,-0.223965,FRA,IRL,842410
2527840,81,106,8894,2008,979374.0,3832952.0,1.7586119999999998,0.061214,GBR,IRL,842410
2527841,90,106,8894,2008,1930.0,41713.0,0.33272399999999996,1.758188,GRC,IRL,842410
2527842,97,106,8894,2008,40006.0,0.0,0.74435,2.149616,HKG,IRL,842410
2527843,111,106,8894,2008,366736.0,0.0,1.308777,0.361523,ITA,IRL,842410
2527844,116,106,8894,2008,0.0,10817.0,-0.284528,0.9378610000000001,KEN,IRL,842410
2527845,122,106,8894,2008,0.0,32631.0,-1.401297,-1.142945,KWT,IRL,842410
2527846,130,106,8894,2008,7647.0,0.0,0.59033,0.961408,LTU,IRL,842410
2527847,153,106,8894,2008,18344.0,2321.0,0.793395,0.6141939999999999,MYS,IRL,842410
2527848,162,106,8894,2008,1940.0,384619.0,1.139475,1.385316,NLD,IRL,842410
2527849,163,106,8894,2008,0.0,4895.0,0.911428,-0.019318000000000002,NOR,IRL,842410
2527850,168,106,8894,2008,0.0,174192.0,-0.401588,0.500668,PAK,IRL,842410
2527851,177,106,8894,2008,11356.0,7506.0,1.037287,1.244457,POL,IRL,842410
2527852,208,106,8894,2008,1043055.0,0.0,1.866575,0.44342700000000007,SWE,IRL,842410
2527853,216,106,8894,2008,0.0,125589.0,0.7531399999999999,1.4420620000000002,THA,IRL,842410
2527854,224,106,8894,2008,6401.0,0.0,0.44478,2.186881,TUR,IRL,842410
2527855,231,106,8894,2008,107682.0,20004.0,1.584278,-0.209788,USA,IRL,842410
2527856,246,106,8894,2008,0.0,17354.0,0.22551500000000002,1.185506,ZAF,IRL,842410
2527857,249,106,8894,2008,2553.0,0.0,1.611693,0.93875,TWN,IRL,842410
2527858,250,106,8894,2008,686340.0,0.0,0.547909,-0.5303640000000001,ANS,IRL,842410
2527859,8,110,8894,2008,0.0,1615.0,0.278837,0.496784,ARG,ISR,842410
2527860,14,110,8894,2008,1984.0,0.0,-0.171801,-0.012588,AUS,ISR,842410
2527861,18,110,8894,2008,5400.0,0.0,1.297416,0.9716549999999999,BEL,ISR,842410
2527862,39,110,8894,2008,169785.0,4386.0,0.684659,1.085312,CAN,ISR,842410
2527863,43,110,8894,2008,630763.0,0.0,0.929285,1.8917259999999998,CHN,ISR,842410
2527864,44,110,8894,2008,0.0,44181.0,-0.9806040000000001,-0.730792,CIV,ISR,842410
2527865,58,110,8894,2008,28700.0,13094.0,1.003211,0.712629,CYP,ISR,842410
2527866,59,110,8894,2008,10347.0,2741.0,1.592035,0.27983600000000003,CZE,ISR,842410
2527867,61,110,8894,2008,55081.0,64696.0,2.007167,-3.256961,DEU,ISR,842410
2527868,64,110,8894,2008,4631.0,0.0,1.165294,1.1112440000000001,DNK,ISR,842410
2527869,71,110,8894,2008,7292.0,329046.0,0.8755649999999999,2.122164,ESP,ISR,842410
2527870,73,110,8894,2008,0.0,4165.0,-1.0084629999999999,-0.83993,ETH,ISR,842410
2527871,77,110,8894,2008,83822.0,18686.0,1.487702,-0.223965,FRA,ISR,842410
2527872,81,110,8894,2008,580798.0,2828847.0,1.7586119999999998,0.061214,GBR,ISR,842410
2527873,82,110,8894,2008,1951.0,0.0,-0.355095,-0.660181,GEO,ISR,842410
2527874,83,110,8894,2008,0.0,17513.0,-0.9339360000000001,-0.701724,GHA,ISR,842410
2527875,89,110,8894,2008,0.0,2000.0,-1.059208,-0.843542,GNQ,ISR,842410
2527876,90,110,8894,2008,13966.0,26126.0,0.33272399999999996,1.758188,GRC,ISR,842410
2527877,97,110,8894,2008,0.0,4112.0,0.74435,2.149616,HKG,ISR,842410
2527878,100,110,8894,2008,7001.0,0.0,0.874459,1.075102,HRV,ISR,842410
2527879,111,110,8894,2008,70467.0,30057.0,1.308777,0.361523,ITA,ISR,842410
2527880,114,110,8894,2008,969.0,0.0,2.285056,0.036255,JPN,ISR,842410
2527881,131,110,8894,2008,1792.0,0.0,1.39945,1.003857,LUX,ISR,842410
2527882,159,110,8894,2008,0.0,55800.0,-1.9809139999999998,-1.189201,NGA,ISR,842410
2527883,162,110,8894,2008,2544.0,7296.0,1.139475,1.385316,NLD,ISR,842410
2527884,163,110,8894,2008,0.0,5716.0,0.911428,-0.019318000000000002,NOR,ISR,842410
2527885,177,110,8894,2008,136691.0,0.0,1.037287,1.244457,POL,ISR,842410
2527886,181,110,8894,2008,4285.0,148765.0,0.19076300000000002,1.019001,PSE,ISR,842410
2527887,185,110,8894,2008,0.0,100494.0,0.784924,1.235527,ROU,ISR,842410
2527888,192,110,8894,2008,0.0,902.0,1.844543,0.5947020000000001,SGP,ISR,842410
2527889,208,110,8894,2008,38303.0,0.0,1.866575,0.44342700000000007,SWE,ISR,842410
2527890,216,110,8894,2008,0.0,300512.0,0.7531399999999999,1.4420620000000002,THA,ISR,842410
2527891,224,110,8894,2008,37545.0,0.0,0.44478,2.186881,TUR,ISR,842410
2527892,228,110,8894,2008,7622.0,35916.0,0.59355,0.764415,UKR,ISR,842410
2527893,231,110,8894,2008,1663054.0,16696764.0,1.584278,-0.209788,USA,ISR,842410
2527894,246,110,8894,2008,20906.0,3334.0,0.22551500000000002,1.185506,ZAF,ISR,842410
2527895,247,110,8894,2008,0.0,6923.0,-0.798489,-0.9437639999999999,ZMB,ISR,842410
2527896,249,110,8894,2008,2209.0,0.0,1.611693,0.93875,TWN,ISR,842410
2527897,2,111,8894,2008,0.0,20017.0,-2.0318669999999996,-1.149931,AGO,ITA,842410
2527898,4,111,8894,2008,0.0,388046.0,-0.252894,-0.0071400000000000005,ALB,ITA,842410
2527899,5,111,8894,2008,0.0,1015.0,0.971109,0.749296,AND,ITA,842410
2527900,7,111,8894,2008,8688.0,1271138.0,-0.276433,-0.692392,ARE,ITA,842410
2527901,8,111,8894,2008,0.0,827148.0,0.278837,0.496784,ARG,ITA,842410
2527902,9,111,8894,2008,0.0,1686.0,0.360609,-0.038343,ARM,ITA,842410
2527903,14,111,8894,2008,0.0,25978.0,-0.171801,-0.012588,AUS,ITA,842410
2527904,15,111,8894,2008,9945.0,985809.0,1.634816,-0.078419,AUT,ITA,842410
2527905,16,111,8894,2008,0.0,57483.0,-0.7143109999999999,-1.114747,AZE,ITA,842410
2527906,18,111,8894,2008,205897.0,2106977.0,1.297416,0.9716549999999999,BEL,ITA,842410
2527907,21,111,8894,2008,0.0,5712.0,-1.076309,-1.012701,BFA,ITA,842410
2527908,22,111,8894,2008,0.0,222812.0,-0.852774,-0.766779,BGD,ITA,842410
2527909,23,111,8894,2008,68497.0,308263.0,0.44409,1.575399,BGR,ITA,842410
2527910,24,111,8894,2008,0.0,8789.0,0.335334,-0.81372,BHR,ITA,842410
2527911,25,111,8894,2008,1286.0,17264.0,0.470359,-0.5418890000000001,BHS,ITA,842410
2527912,26,111,8894,2008,0.0,41005.0,0.480256,0.810361,BIH,ITA,842410
2527913,28,111,8894,2008,0.0,127660.0,0.9869,0.38977399999999995,BLR,ITA,842410
2527914,32,111,8894,2008,0.0,16055.0,0.444687,0.904332,BRA,ITA,842410
2527915,39,111,8894,2008,69515.0,30335.0,0.684659,1.085312,CAN,ITA,842410
2527916,41,111,8894,2008,411611.0,1024456.0,1.978404,0.368694,CHE,ITA,842410
2527917,42,111,8894,2008,0.0,87689.0,-0.293985,-0.349554,CHL,ITA,842410
2527918,43,111,8894,2008,12711918.0,543380.0,0.929285,1.8917259999999998,CHN,ITA,842410
2527919,44,111,8894,2008,0.0,29957.0,-0.9806040000000001,-0.730792,CIV,ITA,842410
2527920,45,111,8894,2008,0.0,83630.0,-1.143808,-1.0725,CMR,ITA,842410
2527921,47,111,8894,2008,0.0,147463.0,-2.2772799999999997,-1.216089,COG,ITA,842410
2527922,49,111,8894,2008,0.0,59093.0,0.19505699999999998,0.566189,COL,ITA,842410
2527923,51,111,8894,2008,0.0,4580.0,0.16722,-0.64183,CPV,ITA,842410
2527924,54,111,8894,2008,0.0,88818.0,-0.23158299999999998,-0.892943,CUB,ITA,842410
2527925,58,111,8894,2008,20809.0,11143.0,1.003211,0.712629,CYP,ITA,842410
2527926,59,111,8894,2008,3176.0,404920.0,1.592035,0.27983600000000003,CZE,ITA,842410
2527927,61,111,8894,2008,1856352.0,3152399.0,2.007167,-3.256961,DEU,ITA,842410
2527928,64,111,8894,2008,1402731.0,536892.0,1.165294,1.1112440000000001,DNK,ITA,842410
2527929,65,111,8894,2008,0.0,1508.0,-0.167958,0.241283,DOM,ITA,842410
2527930,66,111,8894,2008,0.0,5568661.0,-0.556434,-1.079109,DZA,ITA,842410
2527931,67,111,8894,2008,0.0,37298.0,-0.859434,-0.972389,ECU,ITA,842410
2527932,68,111,8894,2008,0.0,412303.0,-0.098316,1.134642,EGY,ITA,842410
2527933,71,111,8894,2008,429275.0,2447074.0,0.8755649999999999,2.122164,ESP,ITA,842410
2527934,72,111,8894,2008,0.0,155625.0,0.749696,1.5173940000000001,EST,ITA,842410
2527935,73,111,8894,2008,0.0,29728.0,-1.0084629999999999,-0.83993,ETH,ITA,842410
2527936,74,111,8894,2008,6836990.0,459377.0,1.767859,0.846409,FIN,ITA,842410
2527937,77,111,8894,2008,231011.0,5307065.0,1.487702,-0.223965,FRA,ITA,842410
2527938,80,111,8894,2008,0.0,10691.0,-1.316179,-1.117633,GAB,ITA,842410
2527939,81,111,8894,2008,1002710.0,1825605.0,1.7586119999999998,0.061214,GBR,ITA,842410
2527940,82,111,8894,2008,0.0,55902.0,-0.355095,-0.660181,GEO,ITA,842410
2527941,83,111,8894,2008,0.0,78776.0,-0.9339360000000001,-0.701724,GHA,ITA,842410
2527942,90,111,8894,2008,15287.0,884338.0,0.33272399999999996,1.758188,GRC,ITA,842410
2527943,93,111,8894,2008,0.0,6943.0,-0.271973,0.720486,GTM,ITA,842410
2527944,97,111,8894,2008,1399.0,39561.0,0.74435,2.149616,HKG,ITA,842410
2527945,100,111,8894,2008,10435.0,453068.0,0.874459,1.075102,HRV,ITA,842410
2527946,102,111,8894,2008,0.0,355642.0,1.3358299999999999,0.8177770000000001,HUN,ITA,842410
2527947,104,111,8894,2008,136668.0,65842.0,0.26694,2.926023,IND,ITA,842410
2527948,106,111,8894,2008,0.0,366736.0,1.693858,0.221425,IRL,ITA,842410
2527949,107,111,8894,2008,0.0,631177.0,-0.9776469999999999,-1.054475,IRN,ITA,842410
2527950,109,111,8894,2008,0.0,8574.0,0.26969899999999997,-0.29915,ISL,ITA,842410
2527951,110,111,8894,2008,30057.0,70467.0,1.169192,0.797136,ISR,ITA,842410
2527952,113,111,8894,2008,6981.0,52440.0,0.255463,0.45844799999999997,JOR,ITA,842410
2527953,114,111,8894,2008,2369.0,143603.0,2.285056,0.036255,JPN,ITA,842410
2527954,115,111,8894,2008,0.0,19552.0,-0.43055200000000005,-0.6852590000000001,KAZ,ITA,842410
2527955,116,111,8894,2008,0.0,1617.0,-0.284528,0.9378610000000001,KEN,ITA,842410
2527956,120,111,8894,2008,0.0,3857.0,1.2613,-0.136295,KNA,ITA,842410
2527957,121,111,8894,2008,0.0,22988.0,1.491687,0.814692,KOR,ITA,842410
2527958,122,111,8894,2008,0.0,207935.0,-1.401297,-1.142945,KWT,ITA,842410
2527959,124,111,8894,2008,0.0,63145.0,0.46133100000000005,1.4598149999999999,LBN,ITA,842410
2527960,126,111,8894,2008,0.0,596779.0,-1.156353,-1.133716,LBY,ITA,842410
2527961,128,111,8894,2008,0.0,1924.0,-0.48245200000000005,0.295892,LKA,ITA,842410
2527962,130,111,8894,2008,4239.0,46604.0,0.59033,0.961408,LTU,ITA,842410
2527963,131,111,8894,2008,150945.0,2823463.0,1.39945,1.003857,LUX,ITA,842410
2527964,132,111,8894,2008,0.0,43169.0,0.655489,1.0811540000000002,LVA,ITA,842410
2527965,133,111,8894,2008,0.0,30594.0,0.352633,0.219317,MAC,ITA,842410
2527966,134,111,8894,2008,0.0,251101.0,-0.505734,-0.000516,MAR,ITA,842410
2527967,135,111,8894,2008,0.0,10955.0,0.096913,-0.095718,MDA,ITA,842410
2527968,136,111,8894,2008,0.0,28641.0,-0.9618190000000001,-0.348841,MDG,ITA,842410
2527969,137,111,8894,2008,0.0,14638.0,0.037203,-0.718439,MDV,ITA,842410
2527970,138,111,8894,2008,0.0,154399.0,0.9833639999999999,0.7687069999999999,MEX,ITA,842410
2527971,140,111,8894,2008,0.0,41572.0,-0.090639,-0.137401,MKD,ITA,842410
2527972,141,111,8894,2008,0.0,702.0,-0.274267,-0.51084,MLI,ITA,842410
2527973,142,111,8894,2008,0.0,84079.0,1.015716,-0.065673,MLT,ITA,842410
2527974,144,111,8894,2008,0.0,22413.0,0.321434,-0.168212,MNE,ITA,842410
2527975,148,111,8894,2008,0.0,9431.0,-2.081778,-1.274636,MRT,ITA,842410
2527976,151,111,8894,2008,0.0,11783.0,-0.337563,-0.144226,MUS,ITA,842410
2527977,153,111,8894,2008,1843.0,2410.0,0.793395,0.6141939999999999,MYS,ITA,842410
2527978,156,111,8894,2008,0.0,2390.0,-0.21304099999999998,-0.8147300000000001,NCL,ITA,842410
2527979,157,111,8894,2008,0.0,1867.0,-0.677687,-0.75195,NER,ITA,842410
2527980,159,111,8894,2008,0.0,1048229.0,-1.9809139999999998,-1.189201,NGA,ITA,842410
2527981,160,111,8894,2008,0.0,1651.0,-0.869193,-0.676623,NIC,ITA,842410
2527982,162,111,8894,2008,103830.0,1936115.0,1.139475,1.385316,NLD,ITA,842410
2527983,163,111,8894,2008,253110.0,480762.0,0.911428,-0.019318000000000002,NOR,ITA,842410
2527984,166,111,8894,2008,0.0,6883.0,0.513416,0.753058,NZL,ITA,842410
2527985,167,111,8894,2008,0.0,258117.0,-0.635199,-1.027136,OMN,ITA,842410
2527986,168,111,8894,2008,0.0,156910.0,-0.401588,0.500668,PAK,ITA,842410
2527987,169,111,8894,2008,0.0,33197.0,0.470854,0.960075,PAN,ITA,842410
2527988,173,111,8894,2008,0.0,104786.0,-0.518126,0.17193599999999998,PER,ITA,842410
2527989,177,111,8894,2008,86521.0,379518.0,1.037287,1.244457,POL,ITA,842410
2527990,179,111,8894,2008,57229.0,496969.0,0.64135,2.1946939999999997,PRT,ITA,842410
2527991,182,111,8894,2008,0.0,6583.0,-0.255879,-0.714841,PYF,ITA,842410
2527992,183,111,8894,2008,0.0,864146.0,-0.36390900000000004,-1.0045549999999999,QAT,ITA,842410
2527993,185,111,8894,2008,3176.0,437902.0,0.784924,1.235527,ROU,ITA,842410
2527994,186,111,8894,2008,79035.0,1669635.0,0.559059,-0.00886,RUS,ITA,842410
2527995,187,111,8894,2008,0.0,7860.0,-0.770307,-0.650779,RWA,ITA,842410
2527996,188,111,8894,2008,0.0,191944.0,-0.09849400000000001,-0.8998309999999999,SAU,ITA,842410
2527997,190,111,8894,2008,0.0,35350.0,-2.095439,-1.263511,SDN,ITA,842410
2527998,191,111,8894,2008,0.0,30798.0,-0.478024,-0.313199,SEN,ITA,842410
2527999,192,111,8894,2008,16479.0,206879.0,1.844543,0.5947020000000001,SGP,ITA,842410
2528000,201,111,8894,2008,2296.0,144186.0,0.615147,1.484149,SRB,ITA,842410
2528001,206,111,8894,2008,0.0,331527.0,1.3402040000000002,0.8038770000000001,SVK,ITA,842410
2528002,207,111,8894,2008,1693.0,134636.0,1.5099209999999998,0.683663,SVN,ITA,842410
2528003,208,111,8894,2008,1412010.0,333087.0,1.866575,0.44342700000000007,SWE,ITA,842410
2528004,211,111,8894,2008,0.0,20966.0,0.29189699999999996,-0.47472600000000004,SYC,ITA,842410
2528005,212,111,8894,2008,0.0,32893.0,-0.365789,0.877383,SYR,ITA,842410
2528006,216,111,8894,2008,0.0,103175.0,0.7531399999999999,1.4420620000000002,THA,ITA,842410
2528007,217,111,8894,2008,0.0,13951.0,-0.8988010000000001,-1.126157,TJK,ITA,842410
2528008,223,111,8894,2008,4150.0,587784.0,0.084141,0.676248,TUN,ITA,842410
2528009,224,111,8894,2008,25029.0,703692.0,0.44478,2.186881,TUR,ITA,842410
2528010,226,111,8894,2008,0.0,4779.0,-0.755692,0.8751690000000001,TZA,ITA,842410
2528011,227,111,8894,2008,0.0,2607.0,-0.653885,-0.035455,UGA,ITA,842410
2528012,228,111,8894,2008,0.0,202107.0,0.59355,0.764415,UKR,ITA,842410
2528013,231,111,8894,2008,2701248.0,535303.0,1.584278,-0.209788,USA,ITA,842410
2528014,236,111,8894,2008,0.0,234921.0,-0.442996,-1.0439969999999998,VEN,ITA,842410
2528015,239,111,8894,2008,0.0,3436.0,-0.207083,1.1323370000000001,VNM,ITA,842410
2528016,243,111,8894,2008,0.0,12625.0,-1.227495,-1.191462,YEM,ITA,842410
2528017,246,111,8894,2008,25095.0,82224.0,0.22551500000000002,1.185506,ZAF,ITA,842410
2528018,249,111,8894,2008,0.0,28967.0,1.611693,0.93875,TWN,ITA,842410
2528019,250,111,8894,2008,74865.0,135669.0,0.547909,-0.5303640000000001,ANS,ITA,842410
2528020,43,112,8894,2008,2220.0,0.0,0.929285,1.8917259999999998,CHN,JAM,842410
2528021,61,112,8894,2008,0.0,71104.0,2.007167,-3.256961,DEU,JAM,842410
2528022,77,112,8894,2008,931.0,0.0,1.487702,-0.223965,FRA,JAM,842410
2528023,81,112,8894,2008,8783.0,0.0,1.7586119999999998,0.061214,GBR,JAM,842410
2528024,138,112,8894,2008,4821.0,0.0,0.9833639999999999,0.7687069999999999,MEX,JAM,842410
2528025,169,112,8894,2008,4882.0,0.0,0.470854,0.960075,PAN,JAM,842410
2528026,231,112,8894,2008,299448.0,8655.0,1.584278,-0.209788,USA,JAM,842410
2528027,7,114,8894,2008,0.0,459299.0,-0.276433,-0.692392,ARE,JPN,842410
2528028,9,114,8894,2008,0.0,573.0,0.360609,-0.038343,ARM,JPN,842410
2528029,14,114,8894,2008,0.0,5969.0,-0.171801,-0.012588,AUS,JPN,842410
2528030,15,114,8894,2008,0.0,49830.0,1.634816,-0.078419,AUT,JPN,842410
2528031,18,114,8894,2008,54200.0,0.0,1.297416,0.9716549999999999,BEL,JPN,842410
2528032,22,114,8894,2008,0.0,94922.0,-0.852774,-0.766779,BGD,JPN,842410
2528033,24,114,8894,2008,0.0,982.0,0.335334,-0.81372,BHR,JPN,842410
2528034,32,114,8894,2008,0.0,490713.0,0.444687,0.904332,BRA,JPN,842410
2528035,34,114,8894,2008,0.0,171851.0,-1.7609099999999998,-0.8835959999999999,BRN,JPN,842410
2528036,41,114,8894,2008,29873.0,0.0,1.978404,0.368694,CHE,JPN,842410
2528037,43,114,8894,2008,10799144.0,1451186.0,0.929285,1.8917259999999998,CHN,JPN,842410
2528038,61,114,8894,2008,746746.0,64408.0,2.007167,-3.256961,DEU,JPN,842410
2528039,64,114,8894,2008,787871.0,0.0,1.165294,1.1112440000000001,DNK,JPN,842410
2528040,68,114,8894,2008,0.0,156530.0,-0.098316,1.134642,EGY,JPN,842410
2528041,73,114,8894,2008,0.0,1854.0,-1.0084629999999999,-0.83993,ETH,JPN,842410
2528042,77,114,8894,2008,53039.0,0.0,1.487702,-0.223965,FRA,JPN,842410
2528043,79,114,8894,2008,0.0,3653.0,-0.744394,-0.930508,FSM,JPN,842410
2528044,81,114,8894,2008,83462.0,41247.0,1.7586119999999998,0.061214,GBR,JPN,842410
2528045,90,114,8894,2008,0.0,48957.0,0.33272399999999996,1.758188,GRC,JPN,842410
2528046,97,114,8894,2008,0.0,11011.0,0.74435,2.149616,HKG,JPN,842410
2528047,100,114,8894,2008,0.0,27963.0,0.874459,1.075102,HRV,JPN,842410
2528048,103,114,8894,2008,0.0,449164.0,-0.11154000000000001,1.4879850000000001,IDN,JPN,842410
2528049,104,114,8894,2008,0.0,50639.0,0.26694,2.926023,IND,JPN,842410
2528050,107,114,8894,2008,0.0,973904.0,-0.9776469999999999,-1.054475,IRN,JPN,842410
2528051,110,114,8894,2008,0.0,969.0,1.169192,0.797136,ISR,JPN,842410
2528052,111,114,8894,2008,143603.0,2369.0,1.308777,0.361523,ITA,JPN,842410
2528053,118,114,8894,2008,0.0,986.0,-1.064815,-1.098892,KHM,JPN,842410
2528054,121,114,8894,2008,6997768.0,672737.0,1.491687,0.814692,KOR,JPN,842410
2528055,122,114,8894,2008,0.0,232707.0,-1.401297,-1.142945,KWT,JPN,842410
2528056,138,114,8894,2008,0.0,8431.0,0.9833639999999999,0.7687069999999999,MEX,JPN,842410
2528057,143,114,8894,2008,0.0,47424.0,-1.501556,-1.1134110000000002,MMR,JPN,842410
2528058,153,114,8894,2008,0.0,170547.0,0.793395,0.6141939999999999,MYS,JPN,842410
2528059,162,114,8894,2008,29949.0,19215.0,1.139475,1.385316,NLD,JPN,842410
2528060,163,114,8894,2008,548503.0,0.0,0.911428,-0.019318000000000002,NOR,JPN,842410
2528061,167,114,8894,2008,0.0,21582.0,-0.635199,-1.027136,OMN,JPN,842410
2528062,169,114,8894,2008,0.0,8302.0,0.470854,0.960075,PAN,JPN,842410
2528063,174,114,8894,2008,0.0,525988.0,0.276488,-0.02957,PHL,JPN,842410
2528064,183,114,8894,2008,0.0,25003.0,-0.36390900000000004,-1.0045549999999999,QAT,JPN,842410
2528065,188,114,8894,2008,0.0,19077.0,-0.09849400000000001,-0.8998309999999999,SAU,JPN,842410
2528066,192,114,8894,2008,2703.0,549151.0,1.844543,0.5947020000000001,SGP,JPN,842410
2528067,206,114,8894,2008,0.0,2830.0,1.3402040000000002,0.8038770000000001,SVK,JPN,842410
2528068,208,114,8894,2008,0.0,15723.0,1.866575,0.44342700000000007,SWE,JPN,842410
2528069,216,114,8894,2008,0.0,1484134.0,0.7531399999999999,1.4420620000000002,THA,JPN,842410
2528070,224,114,8894,2008,0.0,2312.0,0.44478,2.186881,TUR,JPN,842410
2528071,231,114,8894,2008,1052087.0,261600.0,1.584278,-0.209788,USA,JPN,842410
2528072,239,114,8894,2008,2337844.0,211118.0,-0.207083,1.1323370000000001,VNM,JPN,842410
2528073,246,114,8894,2008,0.0,3686.0,0.22551500000000002,1.185506,ZAF,JPN,842410
2528074,249,114,8894,2008,2115.0,1799712.0,1.611693,0.93875,TWN,JPN,842410
2528075,2,121,8894,2008,0.0,1529.0,-2.0318669999999996,-1.149931,AGO,KOR,842410
2528076,7,121,8894,2008,16011.0,142682.0,-0.276433,-0.692392,ARE,KOR,842410
2528077,8,121,8894,2008,0.0,43107.0,0.278837,0.496784,ARG,KOR,842410
2528078,14,121,8894,2008,17657.0,0.0,-0.171801,-0.012588,AUS,KOR,842410
2528079,15,121,8894,2008,4506.0,0.0,1.634816,-0.078419,AUT,KOR,842410
2528080,18,121,8894,2008,22586.0,0.0,1.297416,0.9716549999999999,BEL,KOR,842410
2528081,22,121,8894,2008,0.0,25079.0,-0.852774,-0.766779,BGD,KOR,842410
2528082,32,121,8894,2008,0.0,12836.0,0.444687,0.904332,BRA,KOR,842410
2528083,41,121,8894,2008,7041.0,7986.0,1.978404,0.368694,CHE,KOR,842410
2528084,43,121,8894,2008,10795567.0,13348625.0,0.929285,1.8917259999999998,CHN,KOR,842410
2528085,45,121,8894,2008,0.0,1223.0,-1.143808,-1.0725,CMR,KOR,842410
2528086,49,121,8894,2008,0.0,3249.0,0.19505699999999998,0.566189,COL,KOR,842410
2528087,54,121,8894,2008,0.0,1557823.0,-0.23158299999999998,-0.892943,CUB,KOR,842410
2528088,58,121,8894,2008,38853.0,0.0,1.003211,0.712629,CYP,KOR,842410
2528089,59,121,8894,2008,0.0,29506.0,1.592035,0.27983600000000003,CZE,KOR,842410
2528090,61,121,8894,2008,392806.0,0.0,2.007167,-3.256961,DEU,KOR,842410
2528091,64,121,8894,2008,4206725.0,5105.0,1.165294,1.1112440000000001,DNK,KOR,842410
2528092,68,121,8894,2008,0.0,47176.0,-0.098316,1.134642,EGY,KOR,842410
2528093,74,121,8894,2008,968248.0,90361.0,1.767859,0.846409,FIN,KOR,842410
2528094,77,121,8894,2008,22506.0,0.0,1.487702,-0.223965,FRA,KOR,842410
2528095,81,121,8894,2008,5427297.0,103187.0,1.7586119999999998,0.061214,GBR,KOR,842410
2528096,83,121,8894,2008,0.0,3577.0,-0.9339360000000001,-0.701724,GHA,KOR,842410
2528097,97,121,8894,2008,0.0,6092.0,0.74435,2.149616,HKG,KOR,842410
2528098,103,121,8894,2008,0.0,214386.0,-0.11154000000000001,1.4879850000000001,IDN,KOR,842410
2528099,104,121,8894,2008,0.0,404898.0,0.26694,2.926023,IND,KOR,842410
2528100,111,121,8894,2008,22988.0,0.0,1.308777,0.361523,ITA,KOR,842410
2528101,113,121,8894,2008,0.0,25946.0,0.255463,0.45844799999999997,JOR,KOR,842410
2528102,114,121,8894,2008,672737.0,6997768.0,2.285056,0.036255,JPN,KOR,842410
2528103,118,121,8894,2008,6307.0,0.0,-1.064815,-1.098892,KHM,KOR,842410
2528104,122,121,8894,2008,0.0,80668.0,-1.401297,-1.142945,KWT,KOR,842410
2528105,126,121,8894,2008,0.0,39697.0,-1.156353,-1.133716,LBY,KOR,842410
2528106,134,121,8894,2008,0.0,19406.0,-0.505734,-0.000516,MAR,KOR,842410
2528107,135,121,8894,2008,0.0,953.0,0.096913,-0.095718,MDA,KOR,842410
2528108,145,121,8894,2008,0.0,34985.0,-1.13585,-1.1076190000000001,MNG,KOR,842410
2528109,153,121,8894,2008,1408232.0,216083.0,0.793395,0.6141939999999999,MYS,KOR,842410
2528110,162,121,8894,2008,280013.0,2147.0,1.139475,1.385316,NLD,KOR,842410
2528111,163,121,8894,2008,313406.0,0.0,0.911428,-0.019318000000000002,NOR,KOR,842410
2528112,167,121,8894,2008,0.0,484837.0,-0.635199,-1.027136,OMN,KOR,842410
2528113,168,121,8894,2008,0.0,79003.0,-0.401588,0.500668,PAK,KOR,842410
2528114,173,121,8894,2008,0.0,1480.0,-0.518126,0.17193599999999998,PER,KOR,842410
2528115,174,121,8894,2008,0.0,487961.0,0.276488,-0.02957,PHL,KOR,842410
2528116,183,121,8894,2008,0.0,1123.0,-0.36390900000000004,-1.0045549999999999,QAT,KOR,842410
2528117,185,121,8894,2008,0.0,222821.0,0.784924,1.235527,ROU,KOR,842410
2528118,186,121,8894,2008,2046.0,0.0,0.559059,-0.00886,RUS,KOR,842410
2528119,188,121,8894,2008,0.0,34665.0,-0.09849400000000001,-0.8998309999999999,SAU,KOR,842410
2528120,190,121,8894,2008,0.0,3051.0,-2.095439,-1.263511,SDN,KOR,842410
2528121,192,121,8894,2008,334282.0,1904851.0,1.844543,0.5947020000000001,SGP,KOR,842410
2528122,206,121,8894,2008,0.0,18584.0,1.3402040000000002,0.8038770000000001,SVK,KOR,842410
2528123,208,121,8894,2008,138144.0,11225.0,1.866575,0.44342700000000007,SWE,KOR,842410
2528124,216,121,8894,2008,6784.0,68550.0,0.7531399999999999,1.4420620000000002,THA,KOR,842410
2528125,224,121,8894,2008,0.0,232726.0,0.44478,2.186881,TUR,KOR,842410
2528126,231,121,8894,2008,1526710.0,812446.0,1.584278,-0.209788,USA,KOR,842410
2528127,239,121,8894,2008,74977.0,1088982.0,-0.207083,1.1323370000000001,VNM,KOR,842410
2528128,246,121,8894,2008,105173.0,0.0,0.22551500000000002,1.185506,ZAF,KOR,842410
2528129,249,121,8894,2008,2090.0,1304860.0,1.611693,0.93875,TWN,KOR,842410
2528130,7,138,8894,2008,0.0,7252.0,-0.276433,-0.692392,ARE,MEX,842410
2528131,31,138,8894,2008,0.0,16211.0,-0.852975,-0.88041,BOL,MEX,842410
2528132,32,138,8894,2008,65214.0,0.0,0.444687,0.904332,BRA,MEX,842410
2528133,33,138,8894,2008,0.0,6400.0,0.761035,0.615472,BRB,MEX,842410
2528134,39,138,8894,2008,30079.0,5953956.0,0.684659,1.085312,CAN,MEX,842410
2528135,41,138,8894,2008,12750.0,0.0,1.978404,0.368694,CHE,MEX,842410
2528136,42,138,8894,2008,3260.0,0.0,-0.293985,-0.349554,CHL,MEX,842410
2528137,43,138,8894,2008,415142.0,3817.0,0.929285,1.8917259999999998,CHN,MEX,842410
2528138,49,138,8894,2008,0.0,28382.0,0.19505699999999998,0.566189,COL,MEX,842410
2528139,52,138,8894,2008,0.0,55028.0,0.023962,-0.346029,CRI,MEX,842410
2528140,61,138,8894,2008,216472.0,31228.0,2.007167,-3.256961,DEU,MEX,842410
2528141,65,138,8894,2008,0.0,39255.0,-0.167958,0.241283,DOM,MEX,842410
2528142,71,138,8894,2008,210523.0,0.0,0.8755649999999999,2.122164,ESP,MEX,842410
2528143,77,138,8894,2008,24174.0,0.0,1.487702,-0.223965,FRA,MEX,842410
2528144,81,138,8894,2008,14956.0,17949.0,1.7586119999999998,0.061214,GBR,MEX,842410
2528145,93,138,8894,2008,0.0,407413.0,-0.271973,0.720486,GTM,MEX,842410
2528146,111,138,8894,2008,154399.0,0.0,1.308777,0.361523,ITA,MEX,842410
2528147,112,138,8894,2008,0.0,4821.0,-0.412969,-0.9444030000000001,JAM,MEX,842410
2528148,114,138,8894,2008,8431.0,0.0,2.285056,0.036255,JPN,MEX,842410
2528149,122,138,8894,2008,0.0,12156.0,-1.401297,-1.142945,KWT,MEX,842410
2528150,160,138,8894,2008,0.0,35781.0,-0.869193,-0.676623,NIC,MEX,842410
2528151,162,138,8894,2008,1975.0,47392.0,1.139475,1.385316,NLD,MEX,842410
2528152,163,138,8894,2008,2105.0,0.0,0.911428,-0.019318000000000002,NOR,MEX,842410
2528153,166,138,8894,2008,0.0,3447.0,0.513416,0.753058,NZL,MEX,842410
2528154,168,138,8894,2008,0.0,887.0,-0.401588,0.500668,PAK,MEX,842410
2528155,173,138,8894,2008,2073.0,15676.0,-0.518126,0.17193599999999998,PER,MEX,842410
2528156,186,138,8894,2008,1291.0,0.0,0.559059,-0.00886,RUS,MEX,842410
2528157,188,138,8894,2008,0.0,37504.0,-0.09849400000000001,-0.8998309999999999,SAU,MEX,842410
2528158,197,138,8894,2008,0.0,87900.0,-0.028986,0.369501,SLV,MEX,842410
2528159,207,138,8894,2008,3015.0,0.0,1.5099209999999998,0.683663,SVN,MEX,842410
2528160,216,138,8894,2008,0.0,14333.0,0.7531399999999999,1.4420620000000002,THA,MEX,842410
2528161,222,138,8894,2008,0.0,34230.0,-0.44752600000000003,-1.060906,TTO,MEX,842410
2528162,230,138,8894,2008,0.0,2381.0,0.376164,0.049387,URY,MEX,842410
2528163,231,138,8894,2008,12986887.0,92134440.0,1.584278,-0.209788,USA,MEX,842410
2528164,236,138,8894,2008,0.0,69962.0,-0.442996,-1.0439969999999998,VEN,MEX,842410
2528165,243,138,8894,2008,0.0,2408.0,-1.227495,-1.191462,YEM,MEX,842410
2528166,249,138,8894,2008,1249.0,0.0,1.611693,0.93875,TWN,MEX,842410
2528167,18,140,8894,2008,2076.0,0.0,1.297416,0.9716549999999999,BEL,MKD,842410
2528168,23,140,8894,2008,13754.0,0.0,0.44409,1.575399,BGR,MKD,842410
2528169,43,140,8894,2008,19943.0,0.0,0.929285,1.8917259999999998,CHN,MKD,842410
2528170,59,140,8894,2008,6146.0,0.0,1.592035,0.27983600000000003,CZE,MKD,842410
2528171,90,140,8894,2008,225543.0,0.0,0.33272399999999996,1.758188,GRC,MKD,842410
2528172,100,140,8894,2008,101875.0,0.0,0.874459,1.075102,HRV,MKD,842410
2528173,111,140,8894,2008,41572.0,0.0,1.308777,0.361523,ITA,MKD,842410
2528174,162,140,8894,2008,14048.0,0.0,1.139475,1.385316,NLD,MKD,842410
2528175,201,140,8894,2008,67183.0,0.0,0.615147,1.484149,SRB,MKD,842410
2528176,207,140,8894,2008,9979.0,0.0,1.5099209999999998,0.683663,SVN,MKD,842410
2528177,224,140,8894,2008,11503.0,0.0,0.44478,2.186881,TUR,MKD,842410
2528178,231,140,8894,2008,3429.0,0.0,1.584278,-0.209788,USA,MKD,842410
2528179,7,153,8894,2008,1693.0,751625.0,-0.276433,-0.692392,ARE,MYS,842410
2528180,14,153,8894,2008,24951.0,2235148.0,-0.171801,-0.012588,AUS,MYS,842410
2528181,15,153,8894,2008,4999.0,34466.0,1.634816,-0.078419,AUT,MYS,842410
2528182,22,153,8894,2008,0.0,69499.0,-0.852774,-0.766779,BGD,MYS,842410
2528183,24,153,8894,2008,0.0,76459.0,0.335334,-0.81372,BHR,MYS,842410
2528184,34,153,8894,2008,1350.0,74632.0,-1.7609099999999998,-0.8835959999999999,BRN,MYS,842410
2528185,39,153,8894,2008,4670.0,217226.0,0.684659,1.085312,CAN,MYS,842410
2528186,41,153,8894,2008,3567.0,3743.0,1.978404,0.368694,CHE,MYS,842410
2528187,43,153,8894,2008,6334582.0,155789.0,0.929285,1.8917259999999998,CHN,MYS,842410
2528188,58,153,8894,2008,88236.0,6232.0,1.003211,0.712629,CYP,MYS,842410
2528189,61,153,8894,2008,78783.0,47506.0,2.007167,-3.256961,DEU,MYS,842410
2528190,64,153,8894,2008,19215.0,0.0,1.165294,1.1112440000000001,DNK,MYS,842410
2528191,71,153,8894,2008,0.0,4749.0,0.8755649999999999,2.122164,ESP,MYS,842410
2528192,74,153,8894,2008,370301.0,0.0,1.767859,0.846409,FIN,MYS,842410
2528193,75,153,8894,2008,0.0,9933.0,-0.756592,-0.27005,FJI,MYS,842410
2528194,77,153,8894,2008,31131.0,0.0,1.487702,-0.223965,FRA,MYS,842410
2528195,79,153,8894,2008,0.0,1383.0,-0.744394,-0.930508,FSM,MYS,842410
2528196,80,153,8894,2008,0.0,1807.0,-1.316179,-1.117633,GAB,MYS,842410
2528197,81,153,8894,2008,618534.0,76811.0,1.7586119999999998,0.061214,GBR,MYS,842410
2528198,83,153,8894,2008,0.0,19933.0,-0.9339360000000001,-0.701724,GHA,MYS,842410
2528199,97,153,8894,2008,32328.0,849203.0,0.74435,2.149616,HKG,MYS,842410
2528200,102,153,8894,2008,0.0,118323.0,1.3358299999999999,0.8177770000000001,HUN,MYS,842410
2528201,103,153,8894,2008,4207.0,96040.0,-0.11154000000000001,1.4879850000000001,IDN,MYS,842410
2528202,104,153,8894,2008,2694.0,110619.0,0.26694,2.926023,IND,MYS,842410
2528203,106,153,8894,2008,2321.0,18344.0,1.693858,0.221425,IRL,MYS,842410
2528204,107,153,8894,2008,0.0,113370.0,-0.9776469999999999,-1.054475,IRN,MYS,842410
2528205,111,153,8894,2008,2410.0,1843.0,1.308777,0.361523,ITA,MYS,842410
2528206,113,153,8894,2008,1271.0,7877.0,0.255463,0.45844799999999997,JOR,MYS,842410
2528207,114,153,8894,2008,170547.0,0.0,2.285056,0.036255,JPN,MYS,842410
2528208,115,153,8894,2008,0.0,1280.0,-0.43055200000000005,-0.6852590000000001,KAZ,MYS,842410
2528209,116,153,8894,2008,0.0,356794.0,-0.284528,0.9378610000000001,KEN,MYS,842410
2528210,118,153,8894,2008,0.0,23009.0,-1.064815,-1.098892,KHM,MYS,842410
2528211,121,153,8894,2008,216083.0,1408232.0,1.491687,0.814692,KOR,MYS,842410
2528212,122,153,8894,2008,0.0,678334.0,-1.401297,-1.142945,KWT,MYS,842410
2528213,124,153,8894,2008,0.0,19416.0,0.46133100000000005,1.4598149999999999,LBN,MYS,842410
2528214,128,153,8894,2008,0.0,15433.0,-0.48245200000000005,0.295892,LKA,MYS,842410
2528215,133,153,8894,2008,0.0,7772.0,0.352633,0.219317,MAC,MYS,842410
2528216,137,153,8894,2008,0.0,12386.0,0.037203,-0.718439,MDV,MYS,842410
2528217,142,153,8894,2008,0.0,39205.0,1.015716,-0.065673,MLT,MYS,842410
2528218,143,153,8894,2008,0.0,29863.0,-1.501556,-1.1134110000000002,MMR,MYS,842410
2528219,151,153,8894,2008,0.0,106034.0,-0.337563,-0.144226,MUS,MYS,842410
2528220,159,153,8894,2008,0.0,22985.0,-1.9809139999999998,-1.189201,NGA,MYS,842410
2528221,162,153,8894,2008,70907.0,68520.0,1.139475,1.385316,NLD,MYS,842410
2528222,163,153,8894,2008,423658.0,74410.0,0.911428,-0.019318000000000002,NOR,MYS,842410
2528223,166,153,8894,2008,5768.0,139642.0,0.513416,0.753058,NZL,MYS,842410
2528224,167,153,8894,2008,0.0,106548.0,-0.635199,-1.027136,OMN,MYS,842410
2528225,168,153,8894,2008,0.0,1179.0,-0.401588,0.500668,PAK,MYS,842410
2528226,169,153,8894,2008,0.0,20196.0,0.470854,0.960075,PAN,MYS,842410
2528227,174,153,8894,2008,1847.0,10763.0,0.276488,-0.02957,PHL,MYS,842410
2528228,176,153,8894,2008,0.0,30733.0,-1.6771330000000002,-1.18528,PNG,MYS,842410
2528229,177,153,8894,2008,2083.0,0.0,1.037287,1.244457,POL,MYS,842410
2528230,183,153,8894,2008,0.0,352132.0,-0.36390900000000004,-1.0045549999999999,QAT,MYS,842410
2528231,188,153,8894,2008,1634.0,10398.0,-0.09849400000000001,-0.8998309999999999,SAU,MYS,842410
2528232,190,153,8894,2008,0.0,26719.0,-2.095439,-1.263511,SDN,MYS,842410
2528233,192,153,8894,2008,2685850.0,1928231.0,1.844543,0.5947020000000001,SGP,MYS,842410
2528234,208,153,8894,2008,235716.0,4908.0,1.866575,0.44342700000000007,SWE,MYS,842410
2528235,216,153,8894,2008,7363.0,506335.0,0.7531399999999999,1.4420620000000002,THA,MYS,842410
2528236,226,153,8894,2008,0.0,35211.0,-0.755692,0.8751690000000001,TZA,MYS,842410
2528237,231,153,8894,2008,922328.0,189665.0,1.584278,-0.209788,USA,MYS,842410
2528238,239,153,8894,2008,0.0,151928.0,-0.207083,1.1323370000000001,VNM,MYS,842410
2528239,249,153,8894,2008,3174.0,2140.0,1.611693,0.93875,TWN,MYS,842410
2528240,250,153,8894,2008,37555.0,0.0,0.547909,-0.5303640000000001,ANS,MYS,842410
2528241,0,162,8894,2008,0.0,2947.0,-0.13050499999999998,-0.7932560000000001,ABW,NLD,842410
2528242,2,162,8894,2008,9726.0,0.0,-2.0318669999999996,-1.149931,AGO,NLD,842410
2528243,6,162,8894,2008,0.0,70763.0,0.31099,-0.536718,ANT,NLD,842410
2528244,7,162,8894,2008,326194.0,46418.0,-0.276433,-0.692392,ARE,NLD,842410
2528245,14,162,8894,2008,22571.0,30301.0,-0.171801,-0.012588,AUS,NLD,842410
2528246,15,162,8894,2008,25259.0,39517.0,1.634816,-0.078419,AUT,NLD,842410
2528247,18,162,8894,2008,4946148.0,2776588.0,1.297416,0.9716549999999999,BEL,NLD,842410
2528248,23,162,8894,2008,301019.0,0.0,0.44409,1.575399,BGR,NLD,842410
2528249,26,162,8894,2008,0.0,6648.0,0.480256,0.810361,BIH,NLD,842410
2528250,30,162,8894,2008,0.0,17683.0,-0.037808999999999995,-0.766089,BMU,NLD,842410
2528251,32,162,8894,2008,2577.0,0.0,0.444687,0.904332,BRA,NLD,842410
2528252,34,162,8894,2008,0.0,93811.0,-1.7609099999999998,-0.8835959999999999,BRN,NLD,842410
2528253,39,162,8894,2008,0.0,24053.0,0.684659,1.085312,CAN,NLD,842410
2528254,41,162,8894,2008,97088.0,534406.0,1.978404,0.368694,CHE,NLD,842410
2528255,43,162,8894,2008,4034844.0,116712.0,0.929285,1.8917259999999998,CHN,NLD,842410
2528256,44,162,8894,2008,0.0,29516.0,-0.9806040000000001,-0.730792,CIV,NLD,842410
2528257,45,162,8894,2008,0.0,1535.0,-1.143808,-1.0725,CMR,NLD,842410
2528258,49,162,8894,2008,0.0,44999.0,0.19505699999999998,0.566189,COL,NLD,842410
2528259,51,162,8894,2008,0.0,13950.0,0.16722,-0.64183,CPV,NLD,842410
2528260,58,162,8894,2008,326586.0,335346.0,1.003211,0.712629,CYP,NLD,842410
2528261,59,162,8894,2008,80393.0,91066.0,1.592035,0.27983600000000003,CZE,NLD,842410
2528262,61,162,8894,2008,25545920.0,3307780.0,2.007167,-3.256961,DEU,NLD,842410
2528263,64,162,8894,2008,621545.0,190730.0,1.165294,1.1112440000000001,DNK,NLD,842410
2528264,67,162,8894,2008,0.0,2679.0,-0.859434,-0.972389,ECU,NLD,842410
2528265,68,162,8894,2008,0.0,1687.0,-0.098316,1.134642,EGY,NLD,842410
2528266,71,162,8894,2008,352902.0,114620.0,0.8755649999999999,2.122164,ESP,NLD,842410
2528267,73,162,8894,2008,0.0,4246.0,-1.0084629999999999,-0.83993,ETH,NLD,842410
2528268,74,162,8894,2008,1272809.0,521435.0,1.767859,0.846409,FIN,NLD,842410
2528269,77,162,8894,2008,1909273.0,2110040.0,1.487702,-0.223965,FRA,NLD,842410
2528270,80,162,8894,2008,5057.0,1289.0,-1.316179,-1.117633,GAB,NLD,842410
2528271,81,162,8894,2008,23549620.0,1990226.0,1.7586119999999998,0.061214,GBR,NLD,842410
2528272,83,162,8894,2008,0.0,12007.0,-0.9339360000000001,-0.701724,GHA,NLD,842410
2528273,84,162,8894,2008,0.0,2947.0,0.938815,-0.361914,GIB,NLD,842410
2528274,90,162,8894,2008,0.0,89862.0,0.33272399999999996,1.758188,GRC,NLD,842410
2528275,100,162,8894,2008,650082.0,4502.0,0.874459,1.075102,HRV,NLD,842410
2528276,102,162,8894,2008,0.0,7037.0,1.3358299999999999,0.8177770000000001,HUN,NLD,842410
2528277,103,162,8894,2008,0.0,1133.0,-0.11154000000000001,1.4879850000000001,IDN,NLD,842410
2528278,104,162,8894,2008,1418.0,42424.0,0.26694,2.926023,IND,NLD,842410
2528279,106,162,8894,2008,384619.0,1940.0,1.693858,0.221425,IRL,NLD,842410
2528280,107,162,8894,2008,16817.0,2743188.0,-0.9776469999999999,-1.054475,IRN,NLD,842410
2528281,108,162,8894,2008,0.0,1178864.0,-1.6604189999999999,-0.886959,IRQ,NLD,842410
2528282,109,162,8894,2008,0.0,16759.0,0.26969899999999997,-0.29915,ISL,NLD,842410
2528283,110,162,8894,2008,7296.0,2544.0,1.169192,0.797136,ISR,NLD,842410
2528284,111,162,8894,2008,1936115.0,103830.0,1.308777,0.361523,ITA,NLD,842410
2528285,113,162,8894,2008,0.0,2561.0,0.255463,0.45844799999999997,JOR,NLD,842410
2528286,114,162,8894,2008,19215.0,29949.0,2.285056,0.036255,JPN,NLD,842410
2528287,115,162,8894,2008,0.0,101649.0,-0.43055200000000005,-0.6852590000000001,KAZ,NLD,842410
2528288,116,162,8894,2008,15522.0,6863.0,-0.284528,0.9378610000000001,KEN,NLD,842410
2528289,117,162,8894,2008,0.0,1353.0,-0.287826,-0.11858699999999998,KGZ,NLD,842410
2528290,121,162,8894,2008,2147.0,280013.0,1.491687,0.814692,KOR,NLD,842410
2528291,122,162,8894,2008,0.0,302243.0,-1.401297,-1.142945,KWT,NLD,842410
2528292,124,162,8894,2008,0.0,1398.0,0.46133100000000005,1.4598149999999999,LBN,NLD,842410
2528293,126,162,8894,2008,0.0,6906.0,-1.156353,-1.133716,LBY,NLD,842410
2528294,130,162,8894,2008,48717.0,68811.0,0.59033,0.961408,LTU,NLD,842410
2528295,131,162,8894,2008,43368.0,20579.0,1.39945,1.003857,LUX,NLD,842410
2528296,132,162,8894,2008,0.0,4490.0,0.655489,1.0811540000000002,LVA,NLD,842410
2528297,136,162,8894,2008,16005.0,0.0,-0.9618190000000001,-0.348841,MDG,NLD,842410
2528298,138,162,8894,2008,47392.0,1975.0,0.9833639999999999,0.7687069999999999,MEX,NLD,842410
2528299,140,162,8894,2008,0.0,14048.0,-0.090639,-0.137401,MKD,NLD,842410
2528300,142,162,8894,2008,0.0,34384.0,1.015716,-0.065673,MLT,NLD,842410
2528301,153,162,8894,2008,68520.0,70907.0,0.793395,0.6141939999999999,MYS,NLD,842410
2528302,155,162,8894,2008,0.0,1012.0,-0.104196,-0.301923,NAM,NLD,842410
2528303,159,162,8894,2008,2881.0,4365.0,-1.9809139999999998,-1.189201,NGA,NLD,842410
2528304,163,162,8894,2008,1029858.0,124510.0,0.911428,-0.019318000000000002,NOR,NLD,842410
2528305,166,162,8894,2008,27072.0,5258.0,0.513416,0.753058,NZL,NLD,842410
2528306,167,162,8894,2008,0.0,12811.0,-0.635199,-1.027136,OMN,NLD,842410
2528307,168,162,8894,2008,0.0,1202.0,-0.401588,0.500668,PAK,NLD,842410
2528308,169,162,8894,2008,0.0,50656.0,0.470854,0.960075,PAN,NLD,842410
2528309,177,162,8894,2008,2852.0,158236.0,1.037287,1.244457,POL,NLD,842410
2528310,179,162,8894,2008,3062.0,150702.0,0.64135,2.1946939999999997,PRT,NLD,842410
2528311,183,162,8894,2008,857.0,5500.0,-0.36390900000000004,-1.0045549999999999,QAT,NLD,842410
2528312,185,162,8894,2008,0.0,516860.0,0.784924,1.235527,ROU,NLD,842410
2528313,186,162,8894,2008,200147.0,2936.0,0.559059,-0.00886,RUS,NLD,842410
2528314,188,162,8894,2008,0.0,33353.0,-0.09849400000000001,-0.8998309999999999,SAU,NLD,842410
2528315,190,162,8894,2008,0.0,70402.0,-2.095439,-1.263511,SDN,NLD,842410
2528316,192,162,8894,2008,150105.0,5971062.0,1.844543,0.5947020000000001,SGP,NLD,842410
2528317,201,162,8894,2008,0.0,12548.0,0.615147,1.484149,SRB,NLD,842410
2528318,205,162,8894,2008,0.0,49861.0,-0.766178,-0.8888,SUR,NLD,842410
2528319,206,162,8894,2008,0.0,173976.0,1.3402040000000002,0.8038770000000001,SVK,NLD,842410
2528320,208,162,8894,2008,1411008.0,3345399.0,1.866575,0.44342700000000007,SWE,NLD,842410
2528321,211,162,8894,2008,0.0,6889.0,0.29189699999999996,-0.47472600000000004,SYC,NLD,842410
2528322,213,162,8894,2008,0.0,1474.0,0.952044,0.23326100000000002,TCA,NLD,842410
2528323,214,162,8894,2008,0.0,2947.0,-2.837417,-0.927269,TCD,NLD,842410
2528324,216,162,8894,2008,0.0,45146.0,0.7531399999999999,1.4420620000000002,THA,NLD,842410
2528325,222,162,8894,2008,0.0,18177.0,-0.44752600000000003,-1.060906,TTO,NLD,842410
2528326,223,162,8894,2008,12127.0,415130.0,0.084141,0.676248,TUN,NLD,842410
2528327,224,162,8894,2008,15593.0,308060.0,0.44478,2.186881,TUR,NLD,842410
2528328,226,162,8894,2008,0.0,1319.0,-0.755692,0.8751690000000001,TZA,NLD,842410
2528329,227,162,8894,2008,0.0,3460.0,-0.653885,-0.035455,UGA,NLD,842410
2528330,228,162,8894,2008,0.0,1659765.0,0.59355,0.764415,UKR,NLD,842410
2528331,231,162,8894,2008,713775.0,105687.0,1.584278,-0.209788,USA,NLD,842410
2528332,239,162,8894,2008,0.0,205653.0,-0.207083,1.1323370000000001,VNM,NLD,842410
2528333,246,162,8894,2008,2483.0,4339.0,0.22551500000000002,1.185506,ZAF,NLD,842410
2528334,249,162,8894,2008,68011.0,179553.0,1.611693,0.93875,TWN,NLD,842410
2528335,250,162,8894,2008,0.0,81455.0,0.547909,-0.5303640000000001,ANS,NLD,842410
2528336,1,163,8894,2008,0.0,3138.0,-0.23668000000000003,-0.344418,AFG,NOR,842410
2528337,2,163,8894,2008,0.0,2266.0,-2.0318669999999996,-1.149931,AGO,NOR,842410
2528338,7,163,8894,2008,24478.0,28892.0,-0.276433,-0.692392,ARE,NOR,842410
2528339,8,163,8894,2008,0.0,97352.0,0.278837,0.496784,ARG,NOR,842410
2528340,14,163,8894,2008,36809.0,0.0,-0.171801,-0.012588,AUS,NOR,842410
2528341,15,163,8894,2008,12654.0,10669.0,1.634816,-0.078419,AUT,NOR,842410
2528342,16,163,8894,2008,0.0,4942.0,-0.7143109999999999,-1.114747,AZE,NOR,842410
2528343,18,163,8894,2008,49727.0,1103829.0,1.297416,0.9716549999999999,BEL,NOR,842410
2528344,23,163,8894,2008,0.0,979.0,0.44409,1.575399,BGR,NOR,842410
2528345,25,163,8894,2008,0.0,4440.0,0.470359,-0.5418890000000001,BHS,NOR,842410
2528346,32,163,8894,2008,0.0,621531.0,0.444687,0.904332,BRA,NOR,842410
2528347,39,163,8894,2008,5149.0,193313.0,0.684659,1.085312,CAN,NOR,842410
2528348,41,163,8894,2008,26876.0,0.0,1.978404,0.368694,CHE,NOR,842410
2528349,42,163,8894,2008,0.0,1205747.0,-0.293985,-0.349554,CHL,NOR,842410
2528350,43,163,8894,2008,2524588.0,8325994.0,0.929285,1.8917259999999998,CHN,NOR,842410
2528351,58,163,8894,2008,23700.0,0.0,1.003211,0.712629,CYP,NOR,842410
2528352,59,163,8894,2008,0.0,57754.0,1.592035,0.27983600000000003,CZE,NOR,842410
2528353,61,163,8894,2008,3228712.0,793010.0,2.007167,-3.256961,DEU,NOR,842410
2528354,64,163,8894,2008,2679774.0,2034488.0,1.165294,1.1112440000000001,DNK,NOR,842410
2528355,68,163,8894,2008,0.0,113145.0,-0.098316,1.134642,EGY,NOR,842410
2528356,71,163,8894,2008,85478.0,2566376.0,0.8755649999999999,2.122164,ESP,NOR,842410
2528357,72,163,8894,2008,0.0,22939.0,0.749696,1.5173940000000001,EST,NOR,842410
2528358,74,163,8894,2008,1838788.0,17878.0,1.767859,0.846409,FIN,NOR,842410
2528359,77,163,8894,2008,21178.0,308101.0,1.487702,-0.223965,FRA,NOR,842410
2528360,78,163,8894,2008,0.0,80086.0,-0.576205,-0.886117,FRO,NOR,842410
2528361,80,163,8894,2008,0.0,3006.0,-1.316179,-1.117633,GAB,NOR,842410
2528362,81,163,8894,2008,1889492.0,333706.0,1.7586119999999998,0.061214,GBR,NOR,842410
2528363,90,163,8894,2008,0.0,5524.0,0.33272399999999996,1.758188,GRC,NOR,842410
2528364,97,163,8894,2008,3312.0,1634934.0,0.74435,2.149616,HKG,NOR,842410
2528365,104,163,8894,2008,0.0,1485601.0,0.26694,2.926023,IND,NOR,842410
2528366,106,163,8894,2008,4895.0,0.0,1.693858,0.221425,IRL,NOR,842410
2528367,109,163,8894,2008,0.0,19044.0,0.26969899999999997,-0.29915,ISL,NOR,842410
2528368,110,163,8894,2008,5716.0,0.0,1.169192,0.797136,ISR,NOR,842410
2528369,111,163,8894,2008,480762.0,253110.0,1.308777,0.361523,ITA,NOR,842410
2528370,114,163,8894,2008,0.0,548503.0,2.285056,0.036255,JPN,NOR,842410
2528371,115,163,8894,2008,0.0,3431.0,-0.43055200000000005,-0.6852590000000001,KAZ,NOR,842410
2528372,116,163,8894,2008,0.0,2493.0,-0.284528,0.9378610000000001,KEN,NOR,842410
2528373,121,163,8894,2008,0.0,313406.0,1.491687,0.814692,KOR,NOR,842410
2528374,138,163,8894,2008,0.0,2105.0,0.9833639999999999,0.7687069999999999,MEX,NOR,842410
2528375,142,163,8894,2008,0.0,9882.0,1.015716,-0.065673,MLT,NOR,842410
2528376,153,163,8894,2008,74410.0,423658.0,0.793395,0.6141939999999999,MYS,NOR,842410
2528377,162,163,8894,2008,124510.0,1029858.0,1.139475,1.385316,NLD,NOR,842410
2528378,167,163,8894,2008,0.0,33201.0,-0.635199,-1.027136,OMN,NOR,842410
2528379,169,163,8894,2008,0.0,11111.0,0.470854,0.960075,PAN,NOR,842410
2528380,174,163,8894,2008,0.0,1003.0,0.276488,-0.02957,PHL,NOR,842410
2528381,177,163,8894,2008,152641.0,670419.0,1.037287,1.244457,POL,NOR,842410
2528382,179,163,8894,2008,0.0,8195.0,0.64135,2.1946939999999997,PRT,NOR,842410
2528383,183,163,8894,2008,0.0,81810.0,-0.36390900000000004,-1.0045549999999999,QAT,NOR,842410
2528384,186,163,8894,2008,11532.0,10770.0,0.559059,-0.00886,RUS,NOR,842410
2528385,188,163,8894,2008,0.0,209846.0,-0.09849400000000001,-0.8998309999999999,SAU,NOR,842410
2528386,192,163,8894,2008,0.0,5196368.0,1.844543,0.5947020000000001,SGP,NOR,842410
2528387,206,163,8894,2008,0.0,2959.0,1.3402040000000002,0.8038770000000001,SVK,NOR,842410
2528388,208,163,8894,2008,5273524.0,2696414.0,1.866575,0.44342700000000007,SWE,NOR,842410
2528389,224,163,8894,2008,0.0,1299218.0,0.44478,2.186881,TUR,NOR,842410
2528390,231,163,8894,2008,115583.0,339418.0,1.584278,-0.209788,USA,NOR,842410
2528391,239,163,8894,2008,0.0,89054.0,-0.207083,1.1323370000000001,VNM,NOR,842410
2528392,249,163,8894,2008,40436.0,283771.0,1.611693,0.93875,TWN,NOR,842410
2528393,7,166,8894,2008,14692.0,5659.0,-0.276433,-0.692392,ARE,NZL,842410
2528394,14,166,8894,2008,1261896.0,48971.0,-0.171801,-0.012588,AUS,NZL,842410
2528395,18,166,8894,2008,9174.0,0.0,1.297416,0.9716549999999999,BEL,NZL,842410
2528396,32,166,8894,2008,121916.0,0.0,0.444687,0.904332,BRA,NZL,842410
2528397,43,166,8894,2008,1450952.0,0.0,0.929285,1.8917259999999998,CHN,NZL,842410
2528398,48,166,8894,2008,0.0,6260.0,0.49011400000000005,-0.550991,COK,NZL,842410
2528399,58,166,8894,2008,16575.0,0.0,1.003211,0.712629,CYP,NZL,842410
2528400,61,166,8894,2008,3887.0,0.0,2.007167,-3.256961,DEU,NZL,842410
2528401,75,166,8894,2008,0.0,29512.0,-0.756592,-0.27005,FJI,NZL,842410
2528402,77,166,8894,2008,5486.0,0.0,1.487702,-0.223965,FRA,NZL,842410
2528403,81,166,8894,2008,159733.0,0.0,1.7586119999999998,0.061214,GBR,NZL,842410
2528404,97,166,8894,2008,3124.0,0.0,0.74435,2.149616,HKG,NZL,842410
2528405,103,166,8894,2008,0.0,1005.0,-0.11154000000000001,1.4879850000000001,IDN,NZL,842410
2528406,111,166,8894,2008,6883.0,0.0,1.308777,0.361523,ITA,NZL,842410
2528407,138,166,8894,2008,3447.0,0.0,0.9833639999999999,0.7687069999999999,MEX,NZL,842410
2528408,153,166,8894,2008,139642.0,5768.0,0.793395,0.6141939999999999,MYS,NZL,842410
2528409,162,166,8894,2008,5258.0,27072.0,1.139475,1.385316,NLD,NZL,842410
2528410,173,166,8894,2008,0.0,4391.0,-0.518126,0.17193599999999998,PER,NZL,842410
2528411,182,166,8894,2008,2574.0,0.0,-0.255879,-0.714841,PYF,NZL,842410
2528412,183,166,8894,2008,0.0,3670.0,-0.36390900000000004,-1.0045549999999999,QAT,NZL,842410
2528413,192,166,8894,2008,5016.0,0.0,1.844543,0.5947020000000001,SGP,NZL,842410
2528414,221,166,8894,2008,0.0,9613.0,-0.174192,-0.559636,TON,NZL,842410
2528415,231,166,8894,2008,160628.0,4000.0,1.584278,-0.209788,USA,NZL,842410
2528416,240,166,8894,2008,0.0,4791.0,-1.1498540000000002,-0.9443299999999999,VUT,NZL,842410
2528417,242,166,8894,2008,0.0,17072.0,0.527804,-0.347197,WSM,NZL,842410
2528418,250,166,8894,2008,1884.0,0.0,0.547909,-0.5303640000000001,ANS,NZL,842410
2528419,6,169,8894,2008,0.0,837.0,0.31099,-0.536718,ANT,PAN,842410
2528420,8,169,8894,2008,13219.0,0.0,0.278837,0.496784,ARG,PAN,842410
2528421,13,169,8894,2008,0.0,2186.0,1.041425,0.198248,ATG,PAN,842410
2528422,23,169,8894,2008,1341.0,0.0,0.44409,1.575399,BGR,PAN,842410
2528423,26,169,8894,2008,0.0,4316.0,0.480256,0.810361,BIH,PAN,842410
2528424,29,169,8894,2008,0.0,1207.0,-0.922266,-0.881167,BLZ,PAN,842410
2528425,33,169,8894,2008,0.0,1862.0,0.761035,0.615472,BRB,PAN,842410
2528426,42,169,8894,2008,2554.0,2842.0,-0.293985,-0.349554,CHL,PAN,842410
2528427,43,169,8894,2008,911576.0,0.0,0.929285,1.8917259999999998,CHN,PAN,842410
2528428,49,169,8894,2008,14420.0,9341.0,0.19505699999999998,0.566189,COL,PAN,842410
2528429,52,169,8894,2008,0.0,27116.0,0.023962,-0.346029,CRI,PAN,842410
2528430,63,169,8894,2008,0.0,1124.0,0.424179,0.04355,DMA,PAN,842410
2528431,65,169,8894,2008,0.0,169230.0,-0.167958,0.241283,DOM,PAN,842410
2528432,67,169,8894,2008,0.0,10877.0,-0.859434,-0.972389,ECU,PAN,842410
2528433,81,169,8894,2008,0.0,1206.0,1.7586119999999998,0.061214,GBR,PAN,842410
2528434,93,169,8894,2008,0.0,70648.0,-0.271973,0.720486,GTM,PAN,842410
2528435,96,169,8894,2008,0.0,1417.0,-1.0439530000000001,-0.962007,GUY,PAN,842410
2528436,99,169,8894,2008,0.0,53701.0,-0.5907,-0.351317,HND,PAN,842410
2528437,111,169,8894,2008,33197.0,0.0,1.308777,0.361523,ITA,PAN,842410
2528438,112,169,8894,2008,0.0,4882.0,-0.412969,-0.9444030000000001,JAM,PAN,842410
2528439,114,169,8894,2008,8302.0,0.0,2.285056,0.036255,JPN,PAN,842410
2528440,153,169,8894,2008,20196.0,0.0,0.793395,0.6141939999999999,MYS,PAN,842410
2528441,160,169,8894,2008,0.0,58010.0,-0.869193,-0.676623,NIC,PAN,842410
2528442,162,169,8894,2008,50656.0,0.0,1.139475,1.385316,NLD,PAN,842410
2528443,163,169,8894,2008,11111.0,0.0,0.911428,-0.019318000000000002,NOR,PAN,842410
2528444,173,169,8894,2008,0.0,881.0,-0.518126,0.17193599999999998,PER,PAN,842410
2528445,197,169,8894,2008,0.0,67614.0,-0.028986,0.369501,SLV,PAN,842410
2528446,208,169,8894,2008,14949.0,0.0,1.866575,0.44342700000000007,SWE,PAN,842410
2528447,222,169,8894,2008,0.0,10529.0,-0.44752600000000003,-1.060906,TTO,PAN,842410
2528448,228,169,8894,2008,1602.0,0.0,0.59355,0.764415,UKR,PAN,842410
2528449,230,169,8894,2008,0.0,664.0,0.376164,0.049387,URY,PAN,842410
2528450,231,169,8894,2008,549856.0,1235.0,1.584278,-0.209788,USA,PAN,842410
2528451,236,169,8894,2008,0.0,161939.0,-0.442996,-1.0439969999999998,VEN,PAN,842410
2528452,249,169,8894,2008,35760.0,0.0,1.611693,0.93875,TWN,PAN,842410
2528453,250,169,8894,2008,0.0,58608.0,0.547909,-0.5303640000000001,ANS,PAN,842410
2528454,32,173,8894,2008,47704.0,0.0,0.444687,0.904332,BRA,PER,842410
2528455,39,173,8894,2008,1114.0,0.0,0.684659,1.085312,CAN,PER,842410
2528456,42,173,8894,2008,0.0,2388.0,-0.293985,-0.349554,CHL,PER,842410
2528457,43,173,8894,2008,1415362.0,0.0,0.929285,1.8917259999999998,CHN,PER,842410
2528458,59,173,8894,2008,4239.0,0.0,1.592035,0.27983600000000003,CZE,PER,842410
2528459,61,173,8894,2008,228317.0,0.0,2.007167,-3.256961,DEU,PER,842410
2528460,67,173,8894,2008,1002.0,0.0,-0.859434,-0.972389,ECU,PER,842410
2528461,71,173,8894,2008,6187.0,0.0,0.8755649999999999,2.122164,ESP,PER,842410
2528462,81,173,8894,2008,1150.0,0.0,1.7586119999999998,0.061214,GBR,PER,842410
2528463,111,173,8894,2008,104786.0,0.0,1.308777,0.361523,ITA,PER,842410
2528464,121,173,8894,2008,1480.0,0.0,1.491687,0.814692,KOR,PER,842410
2528465,138,173,8894,2008,15676.0,2073.0,0.9833639999999999,0.7687069999999999,MEX,PER,842410
2528466,166,173,8894,2008,4391.0,0.0,0.513416,0.753058,NZL,PER,842410
2528467,169,173,8894,2008,881.0,0.0,0.470854,0.960075,PAN,PER,842410
2528468,186,173,8894,2008,43218.0,0.0,0.559059,-0.00886,RUS,PER,842410
2528469,231,173,8894,2008,2078750.0,2688.0,1.584278,-0.209788,USA,PER,842410
2528470,43,174,8894,2008,1332253.0,0.0,0.929285,1.8917259999999998,CHN,PHL,842410
2528471,61,174,8894,2008,81198.0,166860.0,2.007167,-3.256961,DEU,PHL,842410
2528472,64,174,8894,2008,16422.0,0.0,1.165294,1.1112440000000001,DNK,PHL,842410
2528473,77,174,8894,2008,23608.0,0.0,1.487702,-0.223965,FRA,PHL,842410
2528474,81,174,8894,2008,72858.0,0.0,1.7586119999999998,0.061214,GBR,PHL,842410
2528475,97,174,8894,2008,4936.0,0.0,0.74435,2.149616,HKG,PHL,842410
2528476,114,174,8894,2008,525988.0,0.0,2.285056,0.036255,JPN,PHL,842410
2528477,121,174,8894,2008,487961.0,0.0,1.491687,0.814692,KOR,PHL,842410
2528478,128,174,8894,2008,0.0,845.0,-0.48245200000000005,0.295892,LKA,PHL,842410
2528479,153,174,8894,2008,10763.0,1847.0,0.793395,0.6141939999999999,MYS,PHL,842410
2528480,163,174,8894,2008,1003.0,0.0,0.911428,-0.019318000000000002,NOR,PHL,842410
2528481,175,174,8894,2008,0.0,673.0,0.25725,-0.797149,PLW,PHL,842410
2528482,192,174,8894,2008,84276.0,3726.0,1.844543,0.5947020000000001,SGP,PHL,842410
2528483,208,174,8894,2008,11790.0,0.0,1.866575,0.44342700000000007,SWE,PHL,842410
2528484,216,174,8894,2008,12847.0,0.0,0.7531399999999999,1.4420620000000002,THA,PHL,842410
2528485,231,174,8894,2008,779624.0,0.0,1.584278,-0.209788,USA,PHL,842410
2528486,7,177,8894,2008,0.0,72426.0,-0.276433,-0.692392,ARE,POL,842410
2528487,15,177,8894,2008,51958.0,26361.0,1.634816,-0.078419,AUT,POL,842410
2528488,18,177,8894,2008,49603.0,22404.0,1.297416,0.9716549999999999,BEL,POL,842410
2528489,23,177,8894,2008,5667.0,39682.0,0.44409,1.575399,BGR,POL,842410
2528490,28,177,8894,2008,0.0,10028.0,0.9869,0.38977399999999995,BLR,POL,842410
2528491,32,177,8894,2008,1386.0,0.0,0.444687,0.904332,BRA,POL,842410
2528492,39,177,8894,2008,0.0,94492.0,0.684659,1.085312,CAN,POL,842410
2528493,41,177,8894,2008,15907.0,25915.0,1.978404,0.368694,CHE,POL,842410
2528494,42,177,8894,2008,0.0,28637.0,-0.293985,-0.349554,CHL,POL,842410
2528495,43,177,8894,2008,1488425.0,51135.0,0.929285,1.8917259999999998,CHN,POL,842410
2528496,58,177,8894,2008,39822.0,38555.0,1.003211,0.712629,CYP,POL,842410
2528497,59,177,8894,2008,565146.0,1600073.0,1.592035,0.27983600000000003,CZE,POL,842410
2528498,61,177,8894,2008,6688494.0,51377732.0,2.007167,-3.256961,DEU,POL,842410
2528499,64,177,8894,2008,4526210.0,21106.0,1.165294,1.1112440000000001,DNK,POL,842410
2528500,68,177,8894,2008,0.0,21769.0,-0.098316,1.134642,EGY,POL,842410
2528501,71,177,8894,2008,3228.0,791903.0,0.8755649999999999,2.122164,ESP,POL,842410
2528502,72,177,8894,2008,0.0,53849.0,0.749696,1.5173940000000001,EST,POL,842410
2528503,74,177,8894,2008,260203.0,52464.0,1.767859,0.846409,FIN,POL,842410
2528504,77,177,8894,2008,416102.0,56414.0,1.487702,-0.223965,FRA,POL,842410
2528505,81,177,8894,2008,877459.0,161935.0,1.7586119999999998,0.061214,GBR,POL,842410
2528506,100,177,8894,2008,0.0,428772.0,0.874459,1.075102,HRV,POL,842410
2528507,102,177,8894,2008,11559.0,983.0,1.3358299999999999,0.8177770000000001,HUN,POL,842410
2528508,104,177,8894,2008,0.0,84412.0,0.26694,2.926023,IND,POL,842410
2528509,106,177,8894,2008,7506.0,11356.0,1.693858,0.221425,IRL,POL,842410
2528510,110,177,8894,2008,0.0,136691.0,1.169192,0.797136,ISR,POL,842410
2528511,111,177,8894,2008,379518.0,86521.0,1.308777,0.361523,ITA,POL,842410
2528512,115,177,8894,2008,0.0,212541.0,-0.43055200000000005,-0.6852590000000001,KAZ,POL,842410
2528513,122,177,8894,2008,0.0,10575.0,-1.401297,-1.142945,KWT,POL,842410
2528514,130,177,8894,2008,0.0,329445.0,0.59033,0.961408,LTU,POL,842410
2528515,132,177,8894,2008,0.0,377048.0,0.655489,1.0811540000000002,LVA,POL,842410
2528516,135,177,8894,2008,0.0,2847.0,0.096913,-0.095718,MDA,POL,842410
2528517,153,177,8894,2008,0.0,2083.0,0.793395,0.6141939999999999,MYS,POL,842410
2528518,162,177,8894,2008,158236.0,2852.0,1.139475,1.385316,NLD,POL,842410
2528519,163,177,8894,2008,670419.0,152641.0,0.911428,-0.019318000000000002,NOR,POL,842410
2528520,179,177,8894,2008,0.0,72787.0,0.64135,2.1946939999999997,PRT,POL,842410
2528521,185,177,8894,2008,0.0,23431.0,0.784924,1.235527,ROU,POL,842410
2528522,186,177,8894,2008,95432.0,198891.0,0.559059,-0.00886,RUS,POL,842410
2528523,206,177,8894,2008,141997.0,3162.0,1.3402040000000002,0.8038770000000001,SVK,POL,842410
2528524,208,177,8894,2008,1207580.0,17329.0,1.866575,0.44342700000000007,SWE,POL,842410
2528525,224,177,8894,2008,3515.0,519912.0,0.44478,2.186881,TUR,POL,842410
2528526,228,177,8894,2008,0.0,641172.0,0.59355,0.764415,UKR,POL,842410
2528527,231,177,8894,2008,488749.0,36123.0,1.584278,-0.209788,USA,POL,842410
2528528,250,177,8894,2008,0.0,4020.0,0.547909,-0.5303640000000001,ANS,POL,842410
2528529,2,179,8894,2008,0.0,1019776.0,-2.0318669999999996,-1.149931,AGO,PRT,842410
2528530,7,179,8894,2008,0.0,24030.0,-0.276433,-0.692392,ARE,PRT,842410
2528531,14,179,8894,2008,0.0,3644.0,-0.171801,-0.012588,AUS,PRT,842410
2528532,15,179,8894,2008,81139.0,0.0,1.634816,-0.078419,AUT,PRT,842410
2528533,18,179,8894,2008,67328.0,26839.0,1.297416,0.9716549999999999,BEL,PRT,842410
2528534,32,179,8894,2008,21820.0,5883.0,0.444687,0.904332,BRA,PRT,842410
2528535,43,179,8894,2008,1064074.0,0.0,0.929285,1.8917259999999998,CHN,PRT,842410
2528536,51,179,8894,2008,0.0,59779.0,0.16722,-0.64183,CPV,PRT,842410
2528537,61,179,8894,2008,1750191.0,0.0,2.007167,-3.256961,DEU,PRT,842410
2528538,64,179,8894,2008,2957.0,0.0,1.165294,1.1112440000000001,DNK,PRT,842410
2528539,71,179,8894,2008,8539612.0,8198.0,0.8755649999999999,2.122164,ESP,PRT,842410
2528540,77,179,8894,2008,52466.0,7197.0,1.487702,-0.223965,FRA,PRT,842410
2528541,81,179,8894,2008,171120.0,2804.0,1.7586119999999998,0.061214,GBR,PRT,842410
2528542,88,179,8894,2008,0.0,6804.0,-1.9234919999999998,-1.055369,GNB,PRT,842410
2528543,104,179,8894,2008,0.0,3098.0,0.26694,2.926023,IND,PRT,842410
2528544,111,179,8894,2008,496969.0,57229.0,1.308777,0.361523,ITA,PRT,842410
2528545,126,179,8894,2008,0.0,3344.0,-1.156353,-1.133716,LBY,PRT,842410
2528546,134,179,8894,2008,0.0,1719.0,-0.505734,-0.000516,MAR,PRT,842410
2528547,147,179,8894,2008,0.0,1378.0,-0.982727,-0.8361219999999999,MOZ,PRT,842410
2528548,162,179,8894,2008,150702.0,3062.0,1.139475,1.385316,NLD,PRT,842410
2528549,163,179,8894,2008,8195.0,0.0,0.911428,-0.019318000000000002,NOR,PRT,842410
2528550,177,179,8894,2008,72787.0,0.0,1.037287,1.244457,POL,PRT,842410
2528551,186,179,8894,2008,32133.0,0.0,0.559059,-0.00886,RUS,PRT,842410
2528552,191,179,8894,2008,0.0,9714.0,-0.478024,-0.313199,SEN,PRT,842410
2528553,192,179,8894,2008,814.0,0.0,1.844543,0.5947020000000001,SGP,PRT,842410
2528554,203,179,8894,2008,0.0,5837.0,0.264059,-0.639443,STP,PRT,842410
2528555,206,179,8894,2008,3128.0,0.0,1.3402040000000002,0.8038770000000001,SVK,PRT,842410
2528556,208,179,8894,2008,6404.0,0.0,1.866575,0.44342700000000007,SWE,PRT,842410
2528557,220,179,8894,2008,0.0,1051.0,0.75476,-0.594643,TLS,PRT,842410
2528558,224,179,8894,2008,1490.0,9113.0,0.44478,2.186881,TUR,PRT,842410
2528559,231,179,8894,2008,37360.0,23042.0,1.584278,-0.209788,USA,PRT,842410
2528560,250,179,8894,2008,0.0,74967.0,0.547909,-0.5303640000000001,ANS,PRT,842410
2528561,8,180,8894,2008,8126.0,0.0,0.278837,0.496784,ARG,PRY,842410
2528562,32,180,8894,2008,8885.0,0.0,0.444687,0.904332,BRA,PRY,842410
2528563,42,180,8894,2008,4493.0,0.0,-0.293985,-0.349554,CHL,PRY,842410
2528564,43,180,8894,2008,82269.0,0.0,0.929285,1.8917259999999998,CHN,PRY,842410
2528565,61,180,8894,2008,3353.0,0.0,2.007167,-3.256961,DEU,PRY,842410
2528566,231,180,8894,2008,10249.0,0.0,1.584278,-0.209788,USA,PRY,842410
2528567,7,183,8894,2008,1575568.0,0.0,-0.276433,-0.692392,ARE,QAT,842410
2528568,14,183,8894,2008,6202.0,0.0,-0.171801,-0.012588,AUS,QAT,842410
2528569,18,183,8894,2008,1890.0,2864.0,1.297416,0.9716549999999999,BEL,QAT,842410
2528570,32,183,8894,2008,23075.0,0.0,0.444687,0.904332,BRA,QAT,842410
2528571,39,183,8894,2008,5569.0,0.0,0.684659,1.085312,CAN,QAT,842410
2528572,43,183,8894,2008,981713.0,0.0,0.929285,1.8917259999999998,CHN,QAT,842410
2528573,59,183,8894,2008,43403.0,0.0,1.592035,0.27983600000000003,CZE,QAT,842410
2528574,61,183,8894,2008,591615.0,64463.0,2.007167,-3.256961,DEU,QAT,842410
2528575,64,183,8894,2008,10428.0,0.0,1.165294,1.1112440000000001,DNK,QAT,842410
2528576,68,183,8894,2008,49713.0,0.0,-0.098316,1.134642,EGY,QAT,842410
2528577,71,183,8894,2008,74645.0,0.0,0.8755649999999999,2.122164,ESP,QAT,842410
2528578,74,183,8894,2008,6774.0,0.0,1.767859,0.846409,FIN,QAT,842410
2528579,77,183,8894,2008,38610.0,0.0,1.487702,-0.223965,FRA,QAT,842410
2528580,81,183,8894,2008,1210676.0,145401.0,1.7586119999999998,0.061214,GBR,QAT,842410
2528581,97,183,8894,2008,53347.0,0.0,0.74435,2.149616,HKG,QAT,842410
2528582,104,183,8894,2008,41084.0,0.0,0.26694,2.926023,IND,QAT,842410
2528583,111,183,8894,2008,864146.0,0.0,1.308777,0.361523,ITA,QAT,842410
2528584,114,183,8894,2008,25003.0,0.0,2.285056,0.036255,JPN,QAT,842410
2528585,121,183,8894,2008,1123.0,0.0,1.491687,0.814692,KOR,QAT,842410
2528586,122,183,8894,2008,15628.0,0.0,-1.401297,-1.142945,KWT,QAT,842410
2528587,153,183,8894,2008,352132.0,0.0,0.793395,0.6141939999999999,MYS,QAT,842410
2528588,162,183,8894,2008,5500.0,857.0,1.139475,1.385316,NLD,QAT,842410
2528589,163,183,8894,2008,81810.0,0.0,0.911428,-0.019318000000000002,NOR,QAT,842410
2528590,166,183,8894,2008,3670.0,0.0,0.513416,0.753058,NZL,QAT,842410
2528591,188,183,8894,2008,1128198.0,0.0,-0.09849400000000001,-0.8998309999999999,SAU,QAT,842410
2528592,192,183,8894,2008,840431.0,0.0,1.844543,0.5947020000000001,SGP,QAT,842410
2528593,208,183,8894,2008,843.0,0.0,1.866575,0.44342700000000007,SWE,QAT,842410
2528594,224,183,8894,2008,2962.0,0.0,0.44478,2.186881,TUR,QAT,842410
2528595,231,183,8894,2008,2142884.0,0.0,1.584278,-0.209788,USA,QAT,842410
2528596,239,183,8894,2008,718.0,0.0,-0.207083,1.1323370000000001,VNM,QAT,842410
2528597,249,183,8894,2008,141689.0,0.0,1.611693,0.93875,TWN,QAT,842410
2528598,15,185,8894,2008,246367.0,0.0,1.634816,-0.078419,AUT,ROU,842410
2528599,18,185,8894,2008,61245.0,0.0,1.297416,0.9716549999999999,BEL,ROU,842410
2528600,41,185,8894,2008,10039.0,0.0,1.978404,0.368694,CHE,ROU,842410
2528601,43,185,8894,2008,1287036.0,0.0,0.929285,1.8917259999999998,CHN,ROU,842410
2528602,58,185,8894,2008,16848.0,0.0,1.003211,0.712629,CYP,ROU,842410
2528603,59,185,8894,2008,7825.0,41074.0,1.592035,0.27983600000000003,CZE,ROU,842410
2528604,61,185,8894,2008,1901830.0,0.0,2.007167,-3.256961,DEU,ROU,842410
2528605,64,185,8894,2008,4641.0,0.0,1.165294,1.1112440000000001,DNK,ROU,842410
2528606,67,185,8894,2008,0.0,950.0,-0.859434,-0.972389,ECU,ROU,842410
2528607,71,185,8894,2008,1025.0,0.0,0.8755649999999999,2.122164,ESP,ROU,842410
2528608,77,185,8894,2008,25070.0,7181.0,1.487702,-0.223965,FRA,ROU,842410
2528609,81,185,8894,2008,67954.0,0.0,1.7586119999999998,0.061214,GBR,ROU,842410
2528610,90,185,8894,2008,28297.0,0.0,0.33272399999999996,1.758188,GRC,ROU,842410
2528611,97,185,8894,2008,59762.0,0.0,0.74435,2.149616,HKG,ROU,842410
2528612,100,185,8894,2008,0.0,11894.0,0.874459,1.075102,HRV,ROU,842410
2528613,102,185,8894,2008,4550.0,0.0,1.3358299999999999,0.8177770000000001,HUN,ROU,842410
2528614,110,185,8894,2008,100494.0,0.0,1.169192,0.797136,ISR,ROU,842410
2528615,111,185,8894,2008,437902.0,3176.0,1.308777,0.361523,ITA,ROU,842410
2528616,121,185,8894,2008,222821.0,0.0,1.491687,0.814692,KOR,ROU,842410
2528617,135,185,8894,2008,0.0,3430.0,0.096913,-0.095718,MDA,ROU,842410
2528618,162,185,8894,2008,516860.0,0.0,1.139475,1.385316,NLD,ROU,842410
2528619,177,185,8894,2008,23431.0,0.0,1.037287,1.244457,POL,ROU,842410
2528620,206,185,8894,2008,1029.0,0.0,1.3402040000000002,0.8038770000000001,SVK,ROU,842410
2528621,208,185,8894,2008,4420.0,0.0,1.866575,0.44342700000000007,SWE,ROU,842410
2528622,212,185,8894,2008,0.0,36916.0,-0.365789,0.877383,SYR,ROU,842410
2528623,224,185,8894,2008,457813.0,0.0,0.44478,2.186881,TUR,ROU,842410
2528624,228,185,8894,2008,0.0,5208.0,0.59355,0.764415,UKR,ROU,842410
2528625,231,185,8894,2008,213575.0,5800.0,1.584278,-0.209788,USA,ROU,842410
2528626,7,188,8894,2008,687764.0,709320.0,-0.276433,-0.692392,ARE,SAU,842410
2528627,15,188,8894,2008,196925.0,0.0,1.634816,-0.078419,AUT,SAU,842410
2528628,18,188,8894,2008,11247.0,0.0,1.297416,0.9716549999999999,BEL,SAU,842410
2528629,24,188,8894,2008,1813.0,129215.0,0.335334,-0.81372,BHR,SAU,842410
2528630,39,188,8894,2008,958.0,5767.0,0.684659,1.085312,CAN,SAU,842410
2528631,43,188,8894,2008,2730044.0,0.0,0.929285,1.8917259999999998,CHN,SAU,842410
2528632,58,188,8894,2008,18984.0,0.0,1.003211,0.712629,CYP,SAU,842410
2528633,59,188,8894,2008,85974.0,0.0,1.592035,0.27983600000000003,CZE,SAU,842410
2528634,61,188,8894,2008,178279.0,26599.0,2.007167,-3.256961,DEU,SAU,842410
2528635,64,188,8894,2008,17548.0,0.0,1.165294,1.1112440000000001,DNK,SAU,842410
2528636,68,188,8894,2008,0.0,85461.0,-0.098316,1.134642,EGY,SAU,842410
2528637,71,188,8894,2008,443779.0,0.0,0.8755649999999999,2.122164,ESP,SAU,842410
2528638,73,188,8894,2008,0.0,44381.0,-1.0084629999999999,-0.83993,ETH,SAU,842410
2528639,74,188,8894,2008,23961.0,0.0,1.767859,0.846409,FIN,SAU,842410
2528640,77,188,8894,2008,71631.0,5977.0,1.487702,-0.223965,FRA,SAU,842410
2528641,81,188,8894,2008,2018865.0,1013688.0,1.7586119999999998,0.061214,GBR,SAU,842410
2528642,104,188,8894,2008,2208.0,0.0,0.26694,2.926023,IND,SAU,842410
2528643,108,188,8894,2008,0.0,33067.0,-1.6604189999999999,-0.886959,IRQ,SAU,842410
2528644,111,188,8894,2008,191944.0,0.0,1.308777,0.361523,ITA,SAU,842410
2528645,113,188,8894,2008,0.0,199316.0,0.255463,0.45844799999999997,JOR,SAU,842410
2528646,114,188,8894,2008,19077.0,0.0,2.285056,0.036255,JPN,SAU,842410
2528647,121,188,8894,2008,34665.0,0.0,1.491687,0.814692,KOR,SAU,842410
2528648,122,188,8894,2008,32888.0,147539.0,-1.401297,-1.142945,KWT,SAU,842410
2528649,124,188,8894,2008,0.0,26558.0,0.46133100000000005,1.4598149999999999,LBN,SAU,842410
2528650,126,188,8894,2008,0.0,175871.0,-1.156353,-1.133716,LBY,SAU,842410
2528651,138,188,8894,2008,37504.0,0.0,0.9833639999999999,0.7687069999999999,MEX,SAU,842410
2528652,142,188,8894,2008,0.0,66081.0,1.015716,-0.065673,MLT,SAU,842410
2528653,153,188,8894,2008,10398.0,1634.0,0.793395,0.6141939999999999,MYS,SAU,842410
2528654,162,188,8894,2008,33353.0,0.0,1.139475,1.385316,NLD,SAU,842410
2528655,163,188,8894,2008,209846.0,0.0,0.911428,-0.019318000000000002,NOR,SAU,842410
2528656,167,188,8894,2008,0.0,173426.0,-0.635199,-1.027136,OMN,SAU,842410
2528657,168,188,8894,2008,2192.0,50241.0,-0.401588,0.500668,PAK,SAU,842410
2528658,183,188,8894,2008,0.0,1128198.0,-0.36390900000000004,-1.0045549999999999,QAT,SAU,842410
2528659,190,188,8894,2008,0.0,21360.0,-2.095439,-1.263511,SDN,SAU,842410
2528660,192,188,8894,2008,0.0,1928.0,1.844543,0.5947020000000001,SGP,SAU,842410
2528661,212,188,8894,2008,0.0,32210.0,-0.365789,0.877383,SYR,SAU,842410
2528662,216,188,8894,2008,0.0,19172.0,0.7531399999999999,1.4420620000000002,THA,SAU,842410
2528663,224,188,8894,2008,17640.0,0.0,0.44478,2.186881,TUR,SAU,842410
2528664,231,188,8894,2008,6881410.0,0.0,1.584278,-0.209788,USA,SAU,842410
2528665,243,188,8894,2008,0.0,28838.0,-1.227495,-1.191462,YEM,SAU,842410
2528666,246,188,8894,2008,0.0,104155.0,0.22551500000000002,1.185506,ZAF,SAU,842410
2528667,249,188,8894,2008,400530.0,0.0,1.611693,0.93875,TWN,SAU,842410
2528668,7,190,8894,2008,110502.0,0.0,-0.276433,-0.692392,ARE,SDN,842410
2528669,41,190,8894,2008,4868.0,0.0,1.978404,0.368694,CHE,SDN,842410
2528670,43,190,8894,2008,755102.0,0.0,0.929285,1.8917259999999998,CHN,SDN,842410
2528671,58,190,8894,2008,6268.0,0.0,1.003211,0.712629,CYP,SDN,842410
2528672,61,190,8894,2008,13750.0,0.0,2.007167,-3.256961,DEU,SDN,842410
2528673,66,190,8894,2008,42203.0,0.0,-0.556434,-1.079109,DZA,SDN,842410
2528674,68,190,8894,2008,4050.0,0.0,-0.098316,1.134642,EGY,SDN,842410
2528675,81,190,8894,2008,44775.0,0.0,1.7586119999999998,0.061214,GBR,SDN,842410
2528676,104,190,8894,2008,1257.0,0.0,0.26694,2.926023,IND,SDN,842410
2528677,111,190,8894,2008,35350.0,0.0,1.308777,0.361523,ITA,SDN,842410
2528678,116,190,8894,2008,21632.0,0.0,-0.284528,0.9378610000000001,KEN,SDN,842410
2528679,121,190,8894,2008,3051.0,0.0,1.491687,0.814692,KOR,SDN,842410
2528680,124,190,8894,2008,2788.0,0.0,0.46133100000000005,1.4598149999999999,LBN,SDN,842410
2528681,153,190,8894,2008,26719.0,0.0,0.793395,0.6141939999999999,MYS,SDN,842410
2528682,162,190,8894,2008,70402.0,0.0,1.139475,1.385316,NLD,SDN,842410
2528683,188,190,8894,2008,21360.0,0.0,-0.09849400000000001,-0.8998309999999999,SAU,SDN,842410
2528684,208,190,8894,2008,1669.0,0.0,1.866575,0.44342700000000007,SWE,SDN,842410
2528685,216,190,8894,2008,12826.0,0.0,0.7531399999999999,1.4420620000000002,THA,SDN,842410
2528686,224,190,8894,2008,36895.0,0.0,0.44478,2.186881,TUR,SDN,842410
2528687,227,190,8894,2008,10444.0,0.0,-0.653885,-0.035455,UGA,SDN,842410
2528688,231,190,8894,2008,32528.0,0.0,1.584278,-0.209788,USA,SDN,842410
2528689,246,190,8894,2008,24744.0,0.0,0.22551500000000002,1.185506,ZAF,SDN,842410
2528690,32,197,8894,2008,25894.0,0.0,0.444687,0.904332,BRA,SLV,842410
2528691,43,197,8894,2008,16454.0,0.0,0.929285,1.8917259999999998,CHN,SLV,842410
2528692,49,197,8894,2008,933.0,0.0,0.19505699999999998,0.566189,COL,SLV,842410
2528693,52,197,8894,2008,1007.0,0.0,0.023962,-0.346029,CRI,SLV,842410
2528694,61,197,8894,2008,130816.0,0.0,2.007167,-3.256961,DEU,SLV,842410
2528695,71,197,8894,2008,3413.0,0.0,0.8755649999999999,2.122164,ESP,SLV,842410
2528696,93,197,8894,2008,21944.0,0.0,-0.271973,0.720486,GTM,SLV,842410
2528697,138,197,8894,2008,87900.0,0.0,0.9833639999999999,0.7687069999999999,MEX,SLV,842410
2528698,169,197,8894,2008,67614.0,0.0,0.470854,0.960075,PAN,SLV,842410
2528699,231,197,8894,2008,331226.0,4092.0,1.584278,-0.209788,USA,SLV,842410
2528700,43,205,8894,2008,2214.0,0.0,0.929285,1.8917259999999998,CHN,SUR,842410
2528701,162,205,8894,2008,49861.0,0.0,1.139475,1.385316,NLD,SUR,842410
2528702,231,205,8894,2008,85570.0,0.0,1.584278,-0.209788,USA,SUR,842410
2528703,15,206,8894,2008,27236.0,13718.0,1.634816,-0.078419,AUT,SVK,842410
2528704,18,206,8894,2008,23293.0,0.0,1.297416,0.9716549999999999,BEL,SVK,842410
2528705,23,206,8894,2008,1039.0,0.0,0.44409,1.575399,BGR,SVK,842410
2528706,41,206,8894,2008,3234.0,0.0,1.978404,0.368694,CHE,SVK,842410
2528707,42,206,8894,2008,0.0,769.0,-0.293985,-0.349554,CHL,SVK,842410
2528708,43,206,8894,2008,433053.0,0.0,0.929285,1.8917259999999998,CHN,SVK,842410
2528709,59,206,8894,2008,2896987.0,239913.0,1.592035,0.27983600000000003,CZE,SVK,842410
2528710,61,206,8894,2008,1352864.0,0.0,2.007167,-3.256961,DEU,SVK,842410
2528711,64,206,8894,2008,4384.0,0.0,1.165294,1.1112440000000001,DNK,SVK,842410
2528712,71,206,8894,2008,40967.0,0.0,0.8755649999999999,2.122164,ESP,SVK,842410
2528713,81,206,8894,2008,99666.0,0.0,1.7586119999999998,0.061214,GBR,SVK,842410
2528714,100,206,8894,2008,0.0,1980.0,0.874459,1.075102,HRV,SVK,842410
2528715,102,206,8894,2008,1219.0,16559.0,1.3358299999999999,0.8177770000000001,HUN,SVK,842410
2528716,111,206,8894,2008,331527.0,0.0,1.308777,0.361523,ITA,SVK,842410
2528717,114,206,8894,2008,2830.0,0.0,2.285056,0.036255,JPN,SVK,842410
2528718,121,206,8894,2008,18584.0,0.0,1.491687,0.814692,KOR,SVK,842410
2528719,132,206,8894,2008,46554.0,0.0,0.655489,1.0811540000000002,LVA,SVK,842410
2528720,162,206,8894,2008,173976.0,0.0,1.139475,1.385316,NLD,SVK,842410
2528721,163,206,8894,2008,2959.0,0.0,0.911428,-0.019318000000000002,NOR,SVK,842410
2528722,177,206,8894,2008,3162.0,141997.0,1.037287,1.244457,POL,SVK,842410
2528723,179,206,8894,2008,0.0,3128.0,0.64135,2.1946939999999997,PRT,SVK,842410
2528724,185,206,8894,2008,0.0,1029.0,0.784924,1.235527,ROU,SVK,842410
2528725,186,206,8894,2008,21035.0,5817.0,0.559059,-0.00886,RUS,SVK,842410
2528726,201,206,8894,2008,0.0,1092.0,0.615147,1.484149,SRB,SVK,842410
2528727,208,206,8894,2008,108309.0,0.0,1.866575,0.44342700000000007,SWE,SVK,842410
2528728,228,206,8894,2008,0.0,107003.0,0.59355,0.764415,UKR,SVK,842410
2528729,231,206,8894,2008,49690.0,0.0,1.584278,-0.209788,USA,SVK,842410
2528730,250,206,8894,2008,1924647.0,0.0,0.547909,-0.5303640000000001,ANS,SVK,842410
2528731,7,207,8894,2008,0.0,20429.0,-0.276433,-0.692392,ARE,SVN,842410
2528732,14,207,8894,2008,2588.0,0.0,-0.171801,-0.012588,AUS,SVN,842410
2528733,15,207,8894,2008,16763.0,1647.0,1.634816,-0.078419,AUT,SVN,842410
2528734,18,207,8894,2008,1552.0,0.0,1.297416,0.9716549999999999,BEL,SVN,842410
2528735,26,207,8894,2008,1232.0,9025.0,0.480256,0.810361,BIH,SVN,842410
2528736,41,207,8894,2008,2478.0,0.0,1.978404,0.368694,CHE,SVN,842410
2528737,43,207,8894,2008,81861.0,0.0,0.929285,1.8917259999999998,CHN,SVN,842410
2528738,59,207,8894,2008,31449.0,0.0,1.592035,0.27983600000000003,CZE,SVN,842410
2528739,61,207,8894,2008,1609056.0,11239.0,2.007167,-3.256961,DEU,SVN,842410
2528740,77,207,8894,2008,1432.0,0.0,1.487702,-0.223965,FRA,SVN,842410
2528741,81,207,8894,2008,160321.0,24305.0,1.7586119999999998,0.061214,GBR,SVN,842410
2528742,100,207,8894,2008,870209.0,40617.0,0.874459,1.075102,HRV,SVN,842410
2528743,104,207,8894,2008,0.0,3747.0,0.26694,2.926023,IND,SVN,842410
2528744,111,207,8894,2008,134636.0,1693.0,1.308777,0.361523,ITA,SVN,842410
2528745,130,207,8894,2008,4784.0,0.0,0.59033,0.961408,LTU,SVN,842410
2528746,138,207,8894,2008,0.0,3015.0,0.9833639999999999,0.7687069999999999,MEX,SVN,842410
2528747,140,207,8894,2008,0.0,9979.0,-0.090639,-0.137401,MKD,SVN,842410
2528748,201,207,8894,2008,0.0,382474.0,0.615147,1.484149,SRB,SVN,842410
2528749,208,207,8894,2008,26212.0,0.0,1.866575,0.44342700000000007,SWE,SVN,842410
2528750,224,207,8894,2008,98068.0,0.0,0.44478,2.186881,TUR,SVN,842410
2528751,231,207,8894,2008,1762.0,0.0,1.584278,-0.209788,USA,SVN,842410
2528752,250,207,8894,2008,47348.0,0.0,0.547909,-0.5303640000000001,ANS,SVN,842410
2528753,7,208,8894,2008,2177.0,116082.0,-0.276433,-0.692392,ARE,SWE,842410
2528754,8,208,8894,2008,0.0,1676.0,0.278837,0.496784,ARG,SWE,842410
2528755,14,208,8894,2008,182336.0,284795.0,-0.171801,-0.012588,AUS,SWE,842410
2528756,15,208,8894,2008,11141.0,110400.0,1.634816,-0.078419,AUT,SWE,842410
2528757,18,208,8894,2008,95905.0,471315.0,1.297416,0.9716549999999999,BEL,SWE,842410
2528758,23,208,8894,2008,0.0,1424.0,0.44409,1.575399,BGR,SWE,842410
2528759,28,208,8894,2008,0.0,73630.0,0.9869,0.38977399999999995,BLR,SWE,842410
2528760,32,208,8894,2008,0.0,75436.0,0.444687,0.904332,BRA,SWE,842410
2528761,39,208,8894,2008,8234.0,185672.0,0.684659,1.085312,CAN,SWE,842410
2528762,41,208,8894,2008,0.0,66830.0,1.978404,0.368694,CHE,SWE,842410
2528763,42,208,8894,2008,2987.0,50866.0,-0.293985,-0.349554,CHL,SWE,842410
2528764,43,208,8894,2008,3446645.0,78851.0,0.929285,1.8917259999999998,CHN,SWE,842410
2528765,45,208,8894,2008,21455.0,0.0,-1.143808,-1.0725,CMR,SWE,842410
2528766,46,208,8894,2008,0.0,28029.0,-1.513117,-1.141895,COD,SWE,842410
2528767,49,208,8894,2008,0.0,29089.0,0.19505699999999998,0.566189,COL,SWE,842410
2528768,58,208,8894,2008,44304.0,0.0,1.003211,0.712629,CYP,SWE,842410
2528769,59,208,8894,2008,4406.0,155540.0,1.592035,0.27983600000000003,CZE,SWE,842410
2528770,61,208,8894,2008,11343824.0,3957445.0,2.007167,-3.256961,DEU,SWE,842410
2528771,64,208,8894,2008,248578.0,1865119.0,1.165294,1.1112440000000001,DNK,SWE,842410
2528772,66,208,8894,2008,0.0,4068.0,-0.556434,-1.079109,DZA,SWE,842410
2528773,68,208,8894,2008,0.0,24472.0,-0.098316,1.134642,EGY,SWE,842410
2528774,71,208,8894,2008,10627.0,1003286.0,0.8755649999999999,2.122164,ESP,SWE,842410
2528775,72,208,8894,2008,10973.0,166038.0,0.749696,1.5173940000000001,EST,SWE,842410
2528776,73,208,8894,2008,0.0,4382.0,-1.0084629999999999,-0.83993,ETH,SWE,842410
2528777,74,208,8894,2008,89455.0,2273290.0,1.767859,0.846409,FIN,SWE,842410
2528778,75,208,8894,2008,0.0,65893.0,-0.756592,-0.27005,FJI,SWE,842410
2528779,77,208,8894,2008,31184.0,894854.0,1.487702,-0.223965,FRA,SWE,842410
2528780,78,208,8894,2008,0.0,72884.0,-0.576205,-0.886117,FRO,SWE,842410
2528781,81,208,8894,2008,1879249.0,1320498.0,1.7586119999999998,0.061214,GBR,SWE,842410
2528782,90,208,8894,2008,0.0,169202.0,0.33272399999999996,1.758188,GRC,SWE,842410
2528783,97,208,8894,2008,16313.0,0.0,0.74435,2.149616,HKG,SWE,842410
2528784,100,208,8894,2008,0.0,2274.0,0.874459,1.075102,HRV,SWE,842410
2528785,102,208,8894,2008,0.0,5768.0,1.3358299999999999,0.8177770000000001,HUN,SWE,842410
2528786,104,208,8894,2008,6997.0,31351.0,0.26694,2.926023,IND,SWE,842410
2528787,106,208,8894,2008,0.0,1043055.0,1.693858,0.221425,IRL,SWE,842410
2528788,107,208,8894,2008,0.0,29873.0,-0.9776469999999999,-1.054475,IRN,SWE,842410
2528789,109,208,8894,2008,0.0,13416.0,0.26969899999999997,-0.29915,ISL,SWE,842410
2528790,110,208,8894,2008,0.0,38303.0,1.169192,0.797136,ISR,SWE,842410
2528791,111,208,8894,2008,333087.0,1412010.0,1.308777,0.361523,ITA,SWE,842410
2528792,114,208,8894,2008,15723.0,0.0,2.285056,0.036255,JPN,SWE,842410
2528793,121,208,8894,2008,11225.0,138144.0,1.491687,0.814692,KOR,SWE,842410
2528794,126,208,8894,2008,0.0,46355.0,-1.156353,-1.133716,LBY,SWE,842410
2528795,130,208,8894,2008,0.0,11333.0,0.59033,0.961408,LTU,SWE,842410
2528796,131,208,8894,2008,0.0,27307.0,1.39945,1.003857,LUX,SWE,842410
2528797,132,208,8894,2008,0.0,117149.0,0.655489,1.0811540000000002,LVA,SWE,842410
2528798,151,208,8894,2008,0.0,34295.0,-0.337563,-0.144226,MUS,SWE,842410
2528799,152,208,8894,2008,0.0,681.0,-1.387548,-1.184696,MWI,SWE,842410
2528800,153,208,8894,2008,4908.0,235716.0,0.793395,0.6141939999999999,MYS,SWE,842410
2528801,162,208,8894,2008,3345399.0,1411008.0,1.139475,1.385316,NLD,SWE,842410
2528802,163,208,8894,2008,2696414.0,5273524.0,0.911428,-0.019318000000000002,NOR,SWE,842410
2528803,168,208,8894,2008,0.0,67947.0,-0.401588,0.500668,PAK,SWE,842410
2528804,169,208,8894,2008,0.0,14949.0,0.470854,0.960075,PAN,SWE,842410
2528805,174,208,8894,2008,0.0,11790.0,0.276488,-0.02957,PHL,SWE,842410
2528806,177,208,8894,2008,17329.0,1207580.0,1.037287,1.244457,POL,SWE,842410
2528807,179,208,8894,2008,0.0,6404.0,0.64135,2.1946939999999997,PRT,SWE,842410
2528808,183,208,8894,2008,0.0,843.0,-0.36390900000000004,-1.0045549999999999,QAT,SWE,842410
2528809,185,208,8894,2008,0.0,4420.0,0.784924,1.235527,ROU,SWE,842410
2528810,186,208,8894,2008,0.0,113283.0,0.559059,-0.00886,RUS,SWE,842410
2528811,190,208,8894,2008,0.0,1669.0,-2.095439,-1.263511,SDN,SWE,842410
2528812,192,208,8894,2008,9419.0,213852.0,1.844543,0.5947020000000001,SGP,SWE,842410
2528813,206,208,8894,2008,0.0,108309.0,1.3402040000000002,0.8038770000000001,SVK,SWE,842410
2528814,207,208,8894,2008,0.0,26212.0,1.5099209999999998,0.683663,SVN,SWE,842410
2528815,216,208,8894,2008,0.0,481900.0,0.7531399999999999,1.4420620000000002,THA,SWE,842410
2528816,224,208,8894,2008,0.0,356955.0,0.44478,2.186881,TUR,SWE,842410
2528817,227,208,8894,2008,0.0,7214.0,-0.653885,-0.035455,UGA,SWE,842410
2528818,228,208,8894,2008,0.0,193841.0,0.59355,0.764415,UKR,SWE,842410
2528819,231,208,8894,2008,928674.0,932963.0,1.584278,-0.209788,USA,SWE,842410
2528820,246,208,8894,2008,0.0,44036.0,0.22551500000000002,1.185506,ZAF,SWE,842410
2528821,249,208,8894,2008,16061.0,4969.0,1.611693,0.93875,TWN,SWE,842410
2528822,1,216,8894,2008,0.0,4924.0,-0.23668000000000003,-0.344418,AFG,THA,842410
2528823,7,216,8894,2008,0.0,13811.0,-0.276433,-0.692392,ARE,THA,842410
2528824,14,216,8894,2008,51395.0,0.0,-0.171801,-0.012588,AUS,THA,842410
2528825,15,216,8894,2008,6316.0,0.0,1.634816,-0.078419,AUT,THA,842410
2528826,18,216,8894,2008,14076.0,0.0,1.297416,0.9716549999999999,BEL,THA,842410
2528827,22,216,8894,2008,0.0,76487.0,-0.852774,-0.766779,BGD,THA,842410
2528828,24,216,8894,2008,0.0,24368.0,0.335334,-0.81372,BHR,THA,842410
2528829,39,216,8894,2008,1776.0,5920.0,0.684659,1.085312,CAN,THA,842410
2528830,41,216,8894,2008,162409.0,0.0,1.978404,0.368694,CHE,THA,842410
2528831,43,216,8894,2008,2364140.0,244304.0,0.929285,1.8917259999999998,CHN,THA,842410
2528832,58,216,8894,2008,17964.0,0.0,1.003211,0.712629,CYP,THA,842410
2528833,61,216,8894,2008,553087.0,0.0,2.007167,-3.256961,DEU,THA,842410
2528834,64,216,8894,2008,4494.0,4149.0,1.165294,1.1112440000000001,DNK,THA,842410
2528835,65,216,8894,2008,0.0,38244.0,-0.167958,0.241283,DOM,THA,842410
2528836,71,216,8894,2008,4655.0,0.0,0.8755649999999999,2.122164,ESP,THA,842410
2528837,74,216,8894,2008,43559.0,0.0,1.767859,0.846409,FIN,THA,842410
2528838,77,216,8894,2008,22644.0,0.0,1.487702,-0.223965,FRA,THA,842410
2528839,81,216,8894,2008,155039.0,1083.0,1.7586119999999998,0.061214,GBR,THA,842410
2528840,97,216,8894,2008,576189.0,1457.0,0.74435,2.149616,HKG,THA,842410
2528841,104,216,8894,2008,1150.0,43010.0,0.26694,2.926023,IND,THA,842410
2528842,106,216,8894,2008,125589.0,0.0,1.693858,0.221425,IRL,THA,842410
2528843,110,216,8894,2008,300512.0,0.0,1.169192,0.797136,ISR,THA,842410
2528844,111,216,8894,2008,103175.0,0.0,1.308777,0.361523,ITA,THA,842410
2528845,114,216,8894,2008,1484134.0,0.0,2.285056,0.036255,JPN,THA,842410
2528846,118,216,8894,2008,0.0,3952.0,-1.064815,-1.098892,KHM,THA,842410
2528847,121,216,8894,2008,68550.0,6784.0,1.491687,0.814692,KOR,THA,842410
2528848,122,216,8894,2008,0.0,25826.0,-1.401297,-1.142945,KWT,THA,842410
2528849,123,216,8894,2008,0.0,25273.0,-1.09704,-0.934141,LAO,THA,842410
2528850,132,216,8894,2008,0.0,1722.0,0.655489,1.0811540000000002,LVA,THA,842410
2528851,136,216,8894,2008,0.0,2081.0,-0.9618190000000001,-0.348841,MDG,THA,842410
2528852,137,216,8894,2008,0.0,29451.0,0.037203,-0.718439,MDV,THA,842410
2528853,138,216,8894,2008,14333.0,0.0,0.9833639999999999,0.7687069999999999,MEX,THA,842410
2528854,143,216,8894,2008,0.0,26831.0,-1.501556,-1.1134110000000002,MMR,THA,842410
2528855,153,216,8894,2008,506335.0,7363.0,0.793395,0.6141939999999999,MYS,THA,842410
2528856,162,216,8894,2008,45146.0,0.0,1.139475,1.385316,NLD,THA,842410
2528857,167,216,8894,2008,0.0,74327.0,-0.635199,-1.027136,OMN,THA,842410
2528858,174,216,8894,2008,0.0,12847.0,0.276488,-0.02957,PHL,THA,842410
2528859,188,216,8894,2008,19172.0,0.0,-0.09849400000000001,-0.8998309999999999,SAU,THA,842410
2528860,190,216,8894,2008,0.0,12826.0,-2.095439,-1.263511,SDN,THA,842410
2528861,192,216,8894,2008,553977.0,144111.0,1.844543,0.5947020000000001,SGP,THA,842410
2528862,208,216,8894,2008,481900.0,0.0,1.866575,0.44342700000000007,SWE,THA,842410
2528863,226,216,8894,2008,0.0,1772.0,-0.755692,0.8751690000000001,TZA,THA,842410
2528864,231,216,8894,2008,2873918.0,0.0,1.584278,-0.209788,USA,THA,842410
2528865,239,216,8894,2008,0.0,34979.0,-0.207083,1.1323370000000001,VNM,THA,842410
2528866,249,216,8894,2008,65253.0,101236.0,1.611693,0.93875,TWN,THA,842410
2528867,7,222,8894,2008,2082.0,0.0,-0.276433,-0.692392,ARE,TTO,842410
2528868,39,222,8894,2008,26126.0,0.0,0.684659,1.085312,CAN,TTO,842410
2528869,43,222,8894,2008,31729.0,0.0,0.929285,1.8917259999999998,CHN,TTO,842410
2528870,61,222,8894,2008,40895.0,0.0,2.007167,-3.256961,DEU,TTO,842410
2528871,81,222,8894,2008,17508.0,0.0,1.7586119999999998,0.061214,GBR,TTO,842410
2528872,91,222,8894,2008,0.0,1052.0,0.6186010000000001,-0.170518,GRD,TTO,842410
2528873,138,222,8894,2008,34230.0,0.0,0.9833639999999999,0.7687069999999999,MEX,TTO,842410
2528874,162,222,8894,2008,18177.0,0.0,1.139475,1.385316,NLD,TTO,842410
2528875,169,222,8894,2008,10529.0,0.0,0.470854,0.960075,PAN,TTO,842410
2528876,192,222,8894,2008,0.0,1679.0,1.844543,0.5947020000000001,SGP,TTO,842410
2528877,231,222,8894,2008,416570.0,2397.0,1.584278,-0.209788,USA,TTO,842410
2528878,1,224,8894,2008,0.0,54644.0,-0.23668000000000003,-0.344418,AFG,TUR,842410
2528879,4,224,8894,2008,0.0,62185.0,-0.252894,-0.0071400000000000005,ALB,TUR,842410
2528880,7,224,8894,2008,0.0,1926.0,-0.276433,-0.692392,ARE,TUR,842410
2528881,15,224,8894,2008,1336.0,5200.0,1.634816,-0.078419,AUT,TUR,842410
2528882,16,224,8894,2008,0.0,352623.0,-0.7143109999999999,-1.114747,AZE,TUR,842410
2528883,23,224,8894,2008,0.0,3822.0,0.44409,1.575399,BGR,TUR,842410
2528884,26,224,8894,2008,0.0,4257.0,0.480256,0.810361,BIH,TUR,842410
2528885,41,224,8894,2008,3929.0,0.0,1.978404,0.368694,CHE,TUR,842410
2528886,43,224,8894,2008,436599.0,1483.0,0.929285,1.8917259999999998,CHN,TUR,842410
2528887,44,224,8894,2008,0.0,2160.0,-0.9806040000000001,-0.730792,CIV,TUR,842410
2528888,58,224,8894,2008,0.0,163204.0,1.003211,0.712629,CYP,TUR,842410
2528889,61,224,8894,2008,1126290.0,67574.0,2.007167,-3.256961,DEU,TUR,842410
2528890,64,224,8894,2008,379618.0,0.0,1.165294,1.1112440000000001,DNK,TUR,842410
2528891,68,224,8894,2008,0.0,31905.0,-0.098316,1.134642,EGY,TUR,842410
2528892,71,224,8894,2008,1315604.0,14529.0,0.8755649999999999,2.122164,ESP,TUR,842410
2528893,73,224,8894,2008,0.0,3947.0,-1.0084629999999999,-0.83993,ETH,TUR,842410
2528894,74,224,8894,2008,306834.0,18838.0,1.767859,0.846409,FIN,TUR,842410
2528895,77,224,8894,2008,42232.0,10128.0,1.487702,-0.223965,FRA,TUR,842410
2528896,81,224,8894,2008,1183348.0,27943.0,1.7586119999999998,0.061214,GBR,TUR,842410
2528897,82,224,8894,2008,0.0,19803.0,-0.355095,-0.660181,GEO,TUR,842410
2528898,85,224,8894,2008,0.0,18269.0,-1.530997,-1.171231,GIN,TUR,842410
2528899,90,224,8894,2008,42921.0,0.0,0.33272399999999996,1.758188,GRC,TUR,842410
2528900,102,224,8894,2008,0.0,2891.0,1.3358299999999999,0.8177770000000001,HUN,TUR,842410
2528901,106,224,8894,2008,0.0,6401.0,1.693858,0.221425,IRL,TUR,842410
2528902,107,224,8894,2008,0.0,8327.0,-0.9776469999999999,-1.054475,IRN,TUR,842410
2528903,108,224,8894,2008,5782.0,352306.0,-1.6604189999999999,-0.886959,IRQ,TUR,842410
2528904,110,224,8894,2008,0.0,37545.0,1.169192,0.797136,ISR,TUR,842410
2528905,111,224,8894,2008,703692.0,25029.0,1.308777,0.361523,ITA,TUR,842410
2528906,113,224,8894,2008,0.0,9084.0,0.255463,0.45844799999999997,JOR,TUR,842410
2528907,114,224,8894,2008,2312.0,0.0,2.285056,0.036255,JPN,TUR,842410
2528908,115,224,8894,2008,0.0,88888.0,-0.43055200000000005,-0.6852590000000001,KAZ,TUR,842410
2528909,121,224,8894,2008,232726.0,0.0,1.491687,0.814692,KOR,TUR,842410
2528910,126,224,8894,2008,0.0,35708.0,-1.156353,-1.133716,LBY,TUR,842410
2528911,134,224,8894,2008,0.0,15299.0,-0.505734,-0.000516,MAR,TUR,842410
2528912,140,224,8894,2008,0.0,11503.0,-0.090639,-0.137401,MKD,TUR,842410
2528913,142,224,8894,2008,0.0,3715.0,1.015716,-0.065673,MLT,TUR,842410
2528914,144,224,8894,2008,0.0,1189.0,0.321434,-0.168212,MNE,TUR,842410
2528915,162,224,8894,2008,308060.0,15593.0,1.139475,1.385316,NLD,TUR,842410
2528916,163,224,8894,2008,1299218.0,0.0,0.911428,-0.019318000000000002,NOR,TUR,842410
2528917,177,224,8894,2008,519912.0,3515.0,1.037287,1.244457,POL,TUR,842410
2528918,179,224,8894,2008,9113.0,1490.0,0.64135,2.1946939999999997,PRT,TUR,842410
2528919,183,224,8894,2008,0.0,2962.0,-0.36390900000000004,-1.0045549999999999,QAT,TUR,842410
2528920,185,224,8894,2008,0.0,457813.0,0.784924,1.235527,ROU,TUR,842410
2528921,186,224,8894,2008,0.0,109153.0,0.559059,-0.00886,RUS,TUR,842410
2528922,188,224,8894,2008,0.0,17640.0,-0.09849400000000001,-0.8998309999999999,SAU,TUR,842410
2528923,190,224,8894,2008,0.0,36895.0,-2.095439,-1.263511,SDN,TUR,842410
2528924,201,224,8894,2008,5750.0,0.0,0.615147,1.484149,SRB,TUR,842410
2528925,207,224,8894,2008,0.0,98068.0,1.5099209999999998,0.683663,SVN,TUR,842410
2528926,208,224,8894,2008,356955.0,0.0,1.866575,0.44342700000000007,SWE,TUR,842410
2528927,212,224,8894,2008,0.0,217301.0,-0.365789,0.877383,SYR,TUR,842410
2528928,217,224,8894,2008,0.0,4546.0,-0.8988010000000001,-1.126157,TJK,TUR,842410
2528929,219,224,8894,2008,0.0,123076.0,-1.094592,-1.166598,TKM,TUR,842410
2528930,223,224,8894,2008,0.0,10760.0,0.084141,0.676248,TUN,TUR,842410
2528931,231,224,8894,2008,1349890.0,4407.0,1.584278,-0.209788,USA,TUR,842410
2528932,232,224,8894,2008,0.0,31639.0,-0.470184,-0.773163,UZB,TUR,842410
2528933,239,224,8894,2008,0.0,16707.0,-0.207083,1.1323370000000001,VNM,TUR,842410
2528934,250,224,8894,2008,5112.0,192671.0,0.547909,-0.5303640000000001,ANS,TUR,842410
2528935,8,230,8894,2008,88122.0,0.0,0.278837,0.496784,ARG,URY,842410
2528936,32,230,8894,2008,432536.0,0.0,0.444687,0.904332,BRA,URY,842410
2528937,42,230,8894,2008,35261.0,0.0,-0.293985,-0.349554,CHL,URY,842410
2528938,43,230,8894,2008,88000.0,0.0,0.929285,1.8917259999999998,CHN,URY,842410
2528939,61,230,8894,2008,4698.0,0.0,2.007167,-3.256961,DEU,URY,842410
2528940,67,230,8894,2008,0.0,3853.0,-0.859434,-0.972389,ECU,URY,842410
2528941,71,230,8894,2008,93750.0,0.0,0.8755649999999999,2.122164,ESP,URY,842410
2528942,81,230,8894,2008,8448.0,0.0,1.7586119999999998,0.061214,GBR,URY,842410
2528943,138,230,8894,2008,2381.0,0.0,0.9833639999999999,0.7687069999999999,MEX,URY,842410
2528944,169,230,8894,2008,664.0,0.0,0.470854,0.960075,PAN,URY,842410
2528945,231,230,8894,2008,98603.0,0.0,1.584278,-0.209788,USA,URY,842410
2528946,236,230,8894,2008,0.0,324564.0,-0.442996,-1.0439969999999998,VEN,URY,842410
2528947,0,231,8894,2008,0.0,101242.0,-0.13050499999999998,-0.7932560000000001,ABW,USA,842410
2528948,1,231,8894,2008,0.0,81078.0,-0.23668000000000003,-0.344418,AFG,USA,842410
2528949,2,231,8894,2008,0.0,284391.0,-2.0318669999999996,-1.149931,AGO,USA,842410
2528950,3,231,8894,2008,0.0,5533.0,1.3673950000000001,0.124948,AIA,USA,842410
2528951,6,231,8894,2008,4887.0,121442.0,0.31099,-0.536718,ANT,USA,842410
2528952,7,231,8894,2008,599579.0,3861260.0,-0.276433,-0.692392,ARE,USA,842410
2528953,8,231,8894,2008,3424.0,414222.0,0.278837,0.496784,ARG,USA,842410
2528954,13,231,8894,2008,0.0,31995.0,1.041425,0.198248,ATG,USA,842410
2528955,14,231,8894,2008,65984.0,3105660.0,-0.171801,-0.012588,AUS,USA,842410
2528956,15,231,8894,2008,72051.0,30843.0,1.634816,-0.078419,AUT,USA,842410
2528957,16,231,8894,2008,0.0,4318.0,-0.7143109999999999,-1.114747,AZE,USA,842410
2528958,17,231,8894,2008,0.0,4856.0,-0.313815,-0.539678,BDI,USA,842410
2528959,18,231,8894,2008,492590.0,579875.0,1.297416,0.9716549999999999,BEL,USA,842410
2528960,21,231,8894,2008,0.0,8240.0,-1.076309,-1.012701,BFA,USA,842410
2528961,22,231,8894,2008,0.0,121411.0,-0.852774,-0.766779,BGD,USA,842410
2528962,23,231,8894,2008,0.0,28799.0,0.44409,1.575399,BGR,USA,842410
2528963,24,231,8894,2008,0.0,48378.0,0.335334,-0.81372,BHR,USA,842410
2528964,25,231,8894,2008,266835.0,253577.0,0.470359,-0.5418890000000001,BHS,USA,842410
2528965,26,231,8894,2008,0.0,1437.0,0.480256,0.810361,BIH,USA,842410
2528966,28,231,8894,2008,0.0,40626.0,0.9869,0.38977399999999995,BLR,USA,842410
2528967,29,231,8894,2008,0.0,64798.0,-0.922266,-0.881167,BLZ,USA,842410
2528968,30,231,8894,2008,0.0,90630.0,-0.037808999999999995,-0.766089,BMU,USA,842410
2528969,31,231,8894,2008,0.0,76784.0,-0.852975,-0.88041,BOL,USA,842410
2528970,32,231,8894,2008,132411.0,2614114.0,0.444687,0.904332,BRA,USA,842410
2528971,33,231,8894,2008,0.0,55369.0,0.761035,0.615472,BRB,USA,842410
2528972,34,231,8894,2008,6929.0,16759.0,-1.7609099999999998,-0.8835959999999999,BRN,USA,842410
2528973,39,231,8894,2008,4478392.0,52219748.0,0.684659,1.085312,CAN,USA,842410
2528974,41,231,8894,2008,14945.0,160740.0,1.978404,0.368694,CHE,USA,842410
2528975,42,231,8894,2008,4846.0,2100908.0,-0.293985,-0.349554,CHL,USA,842410
2528976,43,231,8894,2008,3146124.0,2890058.0,0.929285,1.8917259999999998,CHN,USA,842410
2528977,44,231,8894,2008,0.0,19191.0,-0.9806040000000001,-0.730792,CIV,USA,842410
2528978,45,231,8894,2008,0.0,6681.0,-1.143808,-1.0725,CMR,USA,842410
2528979,47,231,8894,2008,0.0,5593.0,-2.2772799999999997,-1.216089,COG,USA,842410
2528980,49,231,8894,2008,6841.0,2768912.0,0.19505699999999998,0.566189,COL,USA,842410
2528981,52,231,8894,2008,17568.0,372462.0,0.023962,-0.346029,CRI,USA,842410
2528982,57,231,8894,2008,0.0,244649.0,0.862348,-0.708601,CYM,USA,842410
2528983,58,231,8894,2008,3664.0,16816.0,1.003211,0.712629,CYP,USA,842410
2528984,59,231,8894,2008,3059.0,76218.0,1.592035,0.27983600000000003,CZE,USA,842410
2528985,61,231,8894,2008,851695.0,3765912.0,2.007167,-3.256961,DEU,USA,842410
2528986,62,231,8894,2008,0.0,2804.0,-1.082951,-0.958676,DJI,USA,842410
2528987,63,231,8894,2008,0.0,5232.0,0.424179,0.04355,DMA,USA,842410
2528988,64,231,8894,2008,1165972.0,417564.0,1.165294,1.1112440000000001,DNK,USA,842410
2528989,65,231,8894,2008,1899.0,719653.0,-0.167958,0.241283,DOM,USA,842410
2528990,66,231,8894,2008,0.0,15952.0,-0.556434,-1.079109,DZA,USA,842410
2528991,67,231,8894,2008,4333.0,561020.0,-0.859434,-0.972389,ECU,USA,842410
2528992,68,231,8894,2008,0.0,787260.0,-0.098316,1.134642,EGY,USA,842410
2528993,71,231,8894,2008,28656.0,492022.0,0.8755649999999999,2.122164,ESP,USA,842410
2528994,72,231,8894,2008,0.0,28326.0,0.749696,1.5173940000000001,EST,USA,842410
2528995,73,231,8894,2008,0.0,82484.0,-1.0084629999999999,-0.83993,ETH,USA,842410
2528996,74,231,8894,2008,626583.0,19542.0,1.767859,0.846409,FIN,USA,842410
2528997,75,231,8894,2008,15376.0,26779.0,-0.756592,-0.27005,FJI,USA,842410
2528998,77,231,8894,2008,332445.0,2067349.0,1.487702,-0.223965,FRA,USA,842410
2528999,79,231,8894,2008,0.0,3209.0,-0.744394,-0.930508,FSM,USA,842410
2529000,80,231,8894,2008,0.0,19165.0,-1.316179,-1.117633,GAB,USA,842410
2529001,81,231,8894,2008,4613859.0,6134497.0,1.7586119999999998,0.061214,GBR,USA,842410
2529002,82,231,8894,2008,0.0,10378.0,-0.355095,-0.660181,GEO,USA,842410
2529003,83,231,8894,2008,0.0,43170.0,-0.9339360000000001,-0.701724,GHA,USA,842410
2529004,85,231,8894,2008,0.0,7401.0,-1.530997,-1.171231,GIN,USA,842410
2529005,87,231,8894,2008,0.0,2228.0,-0.39378,-0.509879,GMB,USA,842410
2529006,89,231,8894,2008,0.0,44719.0,-1.059208,-0.843542,GNQ,USA,842410
2529007,90,231,8894,2008,0.0,351310.0,0.33272399999999996,1.758188,GRC,USA,842410
2529008,91,231,8894,2008,0.0,5178.0,0.6186010000000001,-0.170518,GRD,USA,842410
2529009,93,231,8894,2008,0.0,426566.0,-0.271973,0.720486,GTM,USA,842410
2529010,96,231,8894,2008,0.0,57275.0,-1.0439530000000001,-0.962007,GUY,USA,842410
2529011,97,231,8894,2008,18241.0,2111115.0,0.74435,2.149616,HKG,USA,842410
2529012,99,231,8894,2008,0.0,127413.0,-0.5907,-0.351317,HND,USA,842410
2529013,100,231,8894,2008,1369.0,61875.0,0.874459,1.075102,HRV,USA,842410
2529014,101,231,8894,2008,0.0,469115.0,-1.087836,-0.967734,HTI,USA,842410
2529015,102,231,8894,2008,0.0,196648.0,1.3358299999999999,0.8177770000000001,HUN,USA,842410
2529016,103,231,8894,2008,0.0,1377878.0,-0.11154000000000001,1.4879850000000001,IDN,USA,842410
2529017,104,231,8894,2008,7370.0,1447986.0,0.26694,2.926023,IND,USA,842410
2529018,106,231,8894,2008,20004.0,107682.0,1.693858,0.221425,IRL,USA,842410
2529019,108,231,8894,2008,0.0,6418735.0,-1.6604189999999999,-0.886959,IRQ,USA,842410
2529020,109,231,8894,2008,0.0,14648.0,0.26969899999999997,-0.29915,ISL,USA,842410
2529021,110,231,8894,2008,16696764.0,1663054.0,1.169192,0.797136,ISR,USA,842410
2529022,111,231,8894,2008,535303.0,2701248.0,1.308777,0.361523,ITA,USA,842410
2529023,112,231,8894,2008,8655.0,299448.0,-0.412969,-0.9444030000000001,JAM,USA,842410
2529024,113,231,8894,2008,0.0,136261.0,0.255463,0.45844799999999997,JOR,USA,842410
2529025,114,231,8894,2008,261600.0,1052087.0,2.285056,0.036255,JPN,USA,842410
2529026,115,231,8894,2008,1915.0,203517.0,-0.43055200000000005,-0.6852590000000001,KAZ,USA,842410
2529027,116,231,8894,2008,0.0,134999.0,-0.284528,0.9378610000000001,KEN,USA,842410
2529028,117,231,8894,2008,0.0,6246.0,-0.287826,-0.11858699999999998,KGZ,USA,842410
2529029,118,231,8894,2008,0.0,2091.0,-1.064815,-1.098892,KHM,USA,842410
2529030,120,231,8894,2008,0.0,79505.0,1.2613,-0.136295,KNA,USA,842410
2529031,121,231,8894,2008,812446.0,1526710.0,1.491687,0.814692,KOR,USA,842410
2529032,122,231,8894,2008,0.0,989446.0,-1.401297,-1.142945,KWT,USA,842410
2529033,123,231,8894,2008,0.0,3876.0,-1.09704,-0.934141,LAO,USA,842410
2529034,124,231,8894,2008,0.0,633960.0,0.46133100000000005,1.4598149999999999,LBN,USA,842410
2529035,126,231,8894,2008,0.0,71302.0,-1.156353,-1.133716,LBY,USA,842410
2529036,127,231,8894,2008,3433.0,37111.0,0.42267899999999997,0.005129,LCA,USA,842410
2529037,128,231,8894,2008,0.0,36344.0,-0.48245200000000005,0.295892,LKA,USA,842410
2529038,130,231,8894,2008,2896.0,10637.0,0.59033,0.961408,LTU,USA,842410
2529039,131,231,8894,2008,0.0,3179.0,1.39945,1.003857,LUX,USA,842410
2529040,133,231,8894,2008,2005.0,70308.0,0.352633,0.219317,MAC,USA,842410
2529041,134,231,8894,2008,0.0,3111.0,-0.505734,-0.000516,MAR,USA,842410
2529042,135,231,8894,2008,0.0,5027.0,0.096913,-0.095718,MDA,USA,842410
2529043,136,231,8894,2008,8304.0,1950.0,-0.9618190000000001,-0.348841,MDG,USA,842410
2529044,137,231,8894,2008,0.0,1524.0,0.037203,-0.718439,MDV,USA,842410
2529045,138,231,8894,2008,92134440.0,12986887.0,0.9833639999999999,0.7687069999999999,MEX,USA,842410
2529046,140,231,8894,2008,0.0,3429.0,-0.090639,-0.137401,MKD,USA,842410
2529047,145,231,8894,2008,0.0,51649.0,-1.13585,-1.1076190000000001,MNG,USA,842410
2529048,147,231,8894,2008,0.0,8463.0,-0.982727,-0.8361219999999999,MOZ,USA,842410
2529049,151,231,8894,2008,1000.0,20113.0,-0.337563,-0.144226,MUS,USA,842410
2529050,152,231,8894,2008,0.0,4757.0,-1.387548,-1.184696,MWI,USA,842410
2529051,153,231,8894,2008,189665.0,922328.0,0.793395,0.6141939999999999,MYS,USA,842410
2529052,156,231,8894,2008,2098.0,3138.0,-0.21304099999999998,-0.8147300000000001,NCL,USA,842410
2529053,157,231,8894,2008,0.0,573.0,-0.677687,-0.75195,NER,USA,842410
2529054,159,231,8894,2008,0.0,6233904.0,-1.9809139999999998,-1.189201,NGA,USA,842410
2529055,160,231,8894,2008,0.0,94290.0,-0.869193,-0.676623,NIC,USA,842410
2529056,162,231,8894,2008,105687.0,713775.0,1.139475,1.385316,NLD,USA,842410
2529057,163,231,8894,2008,339418.0,115583.0,0.911428,-0.019318000000000002,NOR,USA,842410
2529058,164,231,8894,2008,0.0,54196.0,-0.130718,0.59102,NPL,USA,842410
2529059,166,231,8894,2008,4000.0,160628.0,0.513416,0.753058,NZL,USA,842410
2529060,167,231,8894,2008,0.0,224959.0,-0.635199,-1.027136,OMN,USA,842410
2529061,168,231,8894,2008,1103.0,679664.0,-0.401588,0.500668,PAK,USA,842410
2529062,169,231,8894,2008,1235.0,549856.0,0.470854,0.960075,PAN,USA,842410
2529063,173,231,8894,2008,2688.0,2078750.0,-0.518126,0.17193599999999998,PER,USA,842410
2529064,174,231,8894,2008,0.0,779624.0,0.276488,-0.02957,PHL,USA,842410
2529065,175,231,8894,2008,0.0,1675.0,0.25725,-0.797149,PLW,USA,842410
2529066,177,231,8894,2008,36123.0,488749.0,1.037287,1.244457,POL,USA,842410
2529067,179,231,8894,2008,23042.0,37360.0,0.64135,2.1946939999999997,PRT,USA,842410
2529068,180,231,8894,2008,0.0,10249.0,-0.556298,-0.9503780000000001,PRY,USA,842410
2529069,181,231,8894,2008,0.0,114.0,0.19076300000000002,1.019001,PSE,USA,842410
2529070,182,231,8894,2008,7584.0,30712.0,-0.255879,-0.714841,PYF,USA,842410
2529071,183,231,8894,2008,0.0,2142884.0,-0.36390900000000004,-1.0045549999999999,QAT,USA,842410
2529072,185,231,8894,2008,5800.0,213575.0,0.784924,1.235527,ROU,USA,842410
2529073,186,231,8894,2008,42416.0,57651.0,0.559059,-0.00886,RUS,USA,842410
2529074,187,231,8894,2008,0.0,1489.0,-0.770307,-0.650779,RWA,USA,842410
2529075,188,231,8894,2008,0.0,6881410.0,-0.09849400000000001,-0.8998309999999999,SAU,USA,842410
2529076,190,231,8894,2008,0.0,32528.0,-2.095439,-1.263511,SDN,USA,842410
2529077,191,231,8894,2008,0.0,35599.0,-0.478024,-0.313199,SEN,USA,842410
2529078,192,231,8894,2008,8044.0,5874090.0,1.844543,0.5947020000000001,SGP,USA,842410
2529079,197,231,8894,2008,4092.0,331226.0,-0.028986,0.369501,SLV,USA,842410
2529080,201,231,8894,2008,0.0,53759.0,0.615147,1.484149,SRB,USA,842410
2529081,205,231,8894,2008,0.0,85570.0,-0.766178,-0.8888,SUR,USA,842410
2529082,206,231,8894,2008,0.0,49690.0,1.3402040000000002,0.8038770000000001,SVK,USA,842410
2529083,207,231,8894,2008,0.0,1762.0,1.5099209999999998,0.683663,SVN,USA,842410
2529084,208,231,8894,2008,932963.0,928674.0,1.866575,0.44342700000000007,SWE,USA,842410
2529085,211,231,8894,2008,0.0,5504.0,0.29189699999999996,-0.47472600000000004,SYC,USA,842410
2529086,213,231,8894,2008,0.0,191723.0,0.952044,0.23326100000000002,TCA,USA,842410
2529087,216,231,8894,2008,0.0,2873918.0,0.7531399999999999,1.4420620000000002,THA,USA,842410
2529088,222,231,8894,2008,2397.0,416570.0,-0.44752600000000003,-1.060906,TTO,USA,842410
2529089,223,231,8894,2008,0.0,12647.0,0.084141,0.676248,TUN,USA,842410
2529090,224,231,8894,2008,4407.0,1349890.0,0.44478,2.186881,TUR,USA,842410
2529091,226,231,8894,2008,0.0,91504.0,-0.755692,0.8751690000000001,TZA,USA,842410
2529092,227,231,8894,2008,0.0,67760.0,-0.653885,-0.035455,UGA,USA,842410
2529093,228,231,8894,2008,4907.0,147785.0,0.59355,0.764415,UKR,USA,842410
2529094,230,231,8894,2008,0.0,98603.0,0.376164,0.049387,URY,USA,842410
2529095,232,231,8894,2008,0.0,2673.0,-0.470184,-0.773163,UZB,USA,842410
2529096,234,231,8894,2008,1406.0,7303.0,-0.598538,-0.8798459999999999,VCT,USA,842410
2529097,236,231,8894,2008,24040.0,2383721.0,-0.442996,-1.0439969999999998,VEN,USA,842410
2529098,239,231,8894,2008,0.0,547521.0,-0.207083,1.1323370000000001,VNM,USA,842410
2529099,242,231,8894,2008,0.0,643.0,0.527804,-0.347197,WSM,USA,842410
2529100,243,231,8894,2008,0.0,21096.0,-1.227495,-1.191462,YEM,USA,842410
2529101,246,231,8894,2008,15603.0,1211388.0,0.22551500000000002,1.185506,ZAF,USA,842410
2529102,247,231,8894,2008,0.0,4208.0,-0.798489,-0.9437639999999999,ZMB,USA,842410
2529103,248,231,8894,2008,0.0,36767.0,-0.377992,-0.577244,ZWE,USA,842410
2529104,249,231,8894,2008,92569.0,3956531.0,1.611693,0.93875,TWN,USA,842410
2529105,8,236,8894,2008,10383.0,0.0,0.278837,0.496784,ARG,VEN,842410
2529106,25,236,8894,2008,2278.0,0.0,0.470359,-0.5418890000000001,BHS,VEN,842410
2529107,32,236,8894,2008,743969.0,0.0,0.444687,0.904332,BRA,VEN,842410
2529108,43,236,8894,2008,370710.0,0.0,0.929285,1.8917259999999998,CHN,VEN,842410
2529109,49,236,8894,2008,4799.0,0.0,0.19505699999999998,0.566189,COL,VEN,842410
2529110,59,236,8894,2008,2133.0,0.0,1.592035,0.27983600000000003,CZE,VEN,842410
2529111,61,236,8894,2008,32053.0,0.0,2.007167,-3.256961,DEU,VEN,842410
2529112,65,236,8894,2008,0.0,1054.0,-0.167958,0.241283,DOM,VEN,842410
2529113,71,236,8894,2008,152416.0,0.0,0.8755649999999999,2.122164,ESP,VEN,842410
2529114,77,236,8894,2008,2592.0,0.0,1.487702,-0.223965,FRA,VEN,842410
2529115,81,236,8894,2008,13697.0,0.0,1.7586119999999998,0.061214,GBR,VEN,842410
2529116,111,236,8894,2008,234921.0,0.0,1.308777,0.361523,ITA,VEN,842410
2529117,138,236,8894,2008,69962.0,0.0,0.9833639999999999,0.7687069999999999,MEX,VEN,842410
2529118,169,236,8894,2008,161939.0,0.0,0.470854,0.960075,PAN,VEN,842410
2529119,186,236,8894,2008,65137.0,0.0,0.559059,-0.00886,RUS,VEN,842410
2529120,230,236,8894,2008,324564.0,0.0,0.376164,0.049387,URY,VEN,842410
2529121,231,236,8894,2008,2383721.0,24040.0,1.584278,-0.209788,USA,VEN,842410
2529122,249,236,8894,2008,7644.0,0.0,1.611693,0.93875,TWN,VEN,842410
2529123,7,243,8894,2008,95747.0,0.0,-0.276433,-0.692392,ARE,YEM,842410
2529124,39,243,8894,2008,60182.0,0.0,0.684659,1.085312,CAN,YEM,842410
2529125,41,243,8894,2008,0.0,1123.0,1.978404,0.368694,CHE,YEM,842410
2529126,43,243,8894,2008,318140.0,0.0,0.929285,1.8917259999999998,CHN,YEM,842410
2529127,61,243,8894,2008,11985.0,1834.0,2.007167,-3.256961,DEU,YEM,842410
2529128,71,243,8894,2008,43921.0,0.0,0.8755649999999999,2.122164,ESP,YEM,842410
2529129,81,243,8894,2008,35468.0,0.0,1.7586119999999998,0.061214,GBR,YEM,842410
2529130,104,243,8894,2008,6926.0,0.0,0.26694,2.926023,IND,YEM,842410
2529131,111,243,8894,2008,12625.0,0.0,1.308777,0.361523,ITA,YEM,842410
2529132,138,243,8894,2008,2408.0,0.0,0.9833639999999999,0.7687069999999999,MEX,YEM,842410
2529133,188,243,8894,2008,28838.0,0.0,-0.09849400000000001,-0.8998309999999999,SAU,YEM,842410
2529134,231,243,8894,2008,21096.0,0.0,1.584278,-0.209788,USA,YEM,842410
2529135,249,243,8894,2008,17644.0,0.0,1.611693,0.93875,TWN,YEM,842410
2529136,250,243,8894,2008,70037.0,0.0,0.547909,-0.5303640000000001,ANS,YEM,842410
2529137,2,246,8894,2008,5299.0,113873.0,-2.0318669999999996,-1.149931,AGO,ZAF,842410
2529138,7,246,8894,2008,83626.0,14614.0,-0.276433,-0.692392,ARE,ZAF,842410
2529139,14,246,8894,2008,3060.0,1649.0,-0.171801,-0.012588,AUS,ZAF,842410
2529140,18,246,8894,2008,0.0,173383.0,1.297416,0.9716549999999999,BEL,ZAF,842410
2529141,19,246,8894,2008,0.0,3165.0,-1.171101,-0.9600569999999999,BEN,ZAF,842410
2529142,21,246,8894,2008,0.0,143790.0,-1.076309,-1.012701,BFA,ZAF,842410
2529143,24,246,8894,2008,0.0,7332.0,0.335334,-0.81372,BHR,ZAF,842410
2529144,37,246,8894,2008,9392.0,554635.0,-0.191616,-0.848397,BWA,ZAF,842410
2529145,38,246,8894,2008,0.0,1789.0,-0.387367,-0.767895,CAF,ZAF,842410
2529146,39,246,8894,2008,2162.0,13138.0,0.684659,1.085312,CAN,ZAF,842410
2529147,43,246,8894,2008,5796823.0,185051.0,0.929285,1.8917259999999998,CHN,ZAF,842410
2529148,44,246,8894,2008,0.0,9330.0,-0.9806040000000001,-0.730792,CIV,ZAF,842410
2529149,46,246,8894,2008,0.0,392014.0,-1.513117,-1.141895,COD,ZAF,842410
2529150,47,246,8894,2008,0.0,15822.0,-2.2772799999999997,-1.216089,COG,ZAF,842410
2529151,58,246,8894,2008,54824.0,0.0,1.003211,0.712629,CYP,ZAF,842410
2529152,61,246,8894,2008,94029.0,2612.0,2.007167,-3.256961,DEU,ZAF,842410
2529153,64,246,8894,2008,112720.0,0.0,1.165294,1.1112440000000001,DNK,ZAF,842410
2529154,65,246,8894,2008,888.0,0.0,-0.167958,0.241283,DOM,ZAF,842410
2529155,66,246,8894,2008,0.0,1667.0,-0.556434,-1.079109,DZA,ZAF,842410
2529156,68,246,8894,2008,0.0,181912.0,-0.098316,1.134642,EGY,ZAF,842410
2529157,71,246,8894,2008,134527.0,0.0,0.8755649999999999,2.122164,ESP,ZAF,842410
2529158,77,246,8894,2008,34971.0,1370.0,1.487702,-0.223965,FRA,ZAF,842410
2529159,80,246,8894,2008,0.0,10168.0,-1.316179,-1.117633,GAB,ZAF,842410
2529160,81,246,8894,2008,2103518.0,11215.0,1.7586119999999998,0.061214,GBR,ZAF,842410
2529161,83,246,8894,2008,0.0,130361.0,-0.9339360000000001,-0.701724,GHA,ZAF,842410
2529162,85,246,8894,2008,0.0,6873.0,-1.530997,-1.171231,GIN,ZAF,842410
2529163,104,246,8894,2008,4784.0,0.0,0.26694,2.926023,IND,ZAF,842410
2529164,106,246,8894,2008,17354.0,0.0,1.693858,0.221425,IRL,ZAF,842410
2529165,108,246,8894,2008,0.0,2002.0,-1.6604189999999999,-0.886959,IRQ,ZAF,842410
2529166,110,246,8894,2008,3334.0,20906.0,1.169192,0.797136,ISR,ZAF,842410
2529167,111,246,8894,2008,82224.0,25095.0,1.308777,0.361523,ITA,ZAF,842410
2529168,114,246,8894,2008,3686.0,0.0,2.285056,0.036255,JPN,ZAF,842410
2529169,116,246,8894,2008,0.0,5443.0,-0.284528,0.9378610000000001,KEN,ZAF,842410
2529170,121,246,8894,2008,0.0,105173.0,1.491687,0.814692,KOR,ZAF,842410
2529171,129,246,8894,2008,0.0,63339.0,-0.9549120000000001,-0.987166,LSO,ZAF,842410
2529172,136,246,8894,2008,0.0,190878.0,-0.9618190000000001,-0.348841,MDG,ZAF,842410
2529173,141,246,8894,2008,0.0,105809.0,-0.274267,-0.51084,MLI,ZAF,842410
2529174,147,246,8894,2008,5934.0,193697.0,-0.982727,-0.8361219999999999,MOZ,ZAF,842410
2529175,148,246,8894,2008,0.0,65694.0,-2.081778,-1.274636,MRT,ZAF,842410
2529176,151,246,8894,2008,0.0,27916.0,-0.337563,-0.144226,MUS,ZAF,842410
2529177,152,246,8894,2008,0.0,127365.0,-1.387548,-1.184696,MWI,ZAF,842410
2529178,155,246,8894,2008,2226.0,615189.0,-0.104196,-0.301923,NAM,ZAF,842410
2529179,157,246,8894,2008,0.0,41978.0,-0.677687,-0.75195,NER,ZAF,842410
2529180,159,246,8894,2008,0.0,112417.0,-1.9809139999999998,-1.189201,NGA,ZAF,842410
2529181,162,246,8894,2008,4339.0,2483.0,1.139475,1.385316,NLD,ZAF,842410
2529182,186,246,8894,2008,314620.0,0.0,0.559059,-0.00886,RUS,ZAF,842410
2529183,188,246,8894,2008,104155.0,0.0,-0.09849400000000001,-0.8998309999999999,SAU,ZAF,842410
2529184,190,246,8894,2008,0.0,24744.0,-2.095439,-1.263511,SDN,ZAF,842410
2529185,191,246,8894,2008,0.0,5531.0,-0.478024,-0.313199,SEN,ZAF,842410
2529186,192,246,8894,2008,7778.0,2527.0,1.844543,0.5947020000000001,SGP,ZAF,842410
2529187,194,246,8894,2008,0.0,2641.0,0.810149,-0.452734,SHN,ZAF,842410
2529188,196,246,8894,2008,0.0,15341.0,0.086769,-0.22002800000000003,SLE,ZAF,842410
2529189,208,246,8894,2008,44036.0,0.0,1.866575,0.44342700000000007,SWE,ZAF,842410
2529190,209,246,8894,2008,86.0,175027.0,0.761506,0.29043,SWZ,ZAF,842410
2529191,211,246,8894,2008,0.0,4795.0,0.29189699999999996,-0.47472600000000004,SYC,ZAF,842410
2529192,214,246,8894,2008,0.0,5598.0,-2.837417,-0.927269,TCD,ZAF,842410
2529193,215,246,8894,2008,0.0,276612.0,-0.5025689999999999,-0.747621,TGO,ZAF,842410
2529194,226,246,8894,2008,0.0,163744.0,-0.755692,0.8751690000000001,TZA,ZAF,842410
2529195,227,246,8894,2008,0.0,67957.0,-0.653885,-0.035455,UGA,ZAF,842410
2529196,231,246,8894,2008,1211388.0,15603.0,1.584278,-0.209788,USA,ZAF,842410
2529197,247,246,8894,2008,0.0,401779.0,-0.798489,-0.9437639999999999,ZMB,ZAF,842410
2529198,248,246,8894,2008,1166.0,348843.0,-0.377992,-0.577244,ZWE,ZAF,842410
2529199,249,246,8894,2008,5274.0,0.0,1.611693,0.93875,TWN,ZAF,842410
2529200,250,246,8894,2008,0.0,256597.0,0.547909,-0.5303640000000001,ANS,ZAF,842410
2529201,7,249,8894,2008,0.0,15108.0,-0.276433,-0.692392,ARE,TWN,842410
2529202,14,249,8894,2008,21495.0,0.0,-0.171801,-0.012588,AUS,TWN,842410
2529203,15,249,8894,2008,91515.0,0.0,1.634816,-0.078419,AUT,TWN,842410
2529204,18,249,8894,2008,46134.0,8418.0,1.297416,0.9716549999999999,BEL,TWN,842410
2529205,24,249,8894,2008,0.0,20211.0,0.335334,-0.81372,BHR,TWN,842410
2529206,39,249,8894,2008,1676.0,963.0,0.684659,1.085312,CAN,TWN,842410
2529207,43,249,8894,2008,5322064.0,14286.0,0.929285,1.8917259999999998,CHN,TWN,842410
2529208,44,249,8894,2008,0.0,2659.0,-0.9806040000000001,-0.730792,CIV,TWN,842410
2529209,52,249,8894,2008,0.0,44496.0,0.023962,-0.346029,CRI,TWN,842410
2529210,58,249,8894,2008,32260.0,0.0,1.003211,0.712629,CYP,TWN,842410
2529211,61,249,8894,2008,920841.0,7788.0,2.007167,-3.256961,DEU,TWN,842410
2529212,64,249,8894,2008,269005.0,20053.0,1.165294,1.1112440000000001,DNK,TWN,842410
2529213,77,249,8894,2008,1285.0,0.0,1.487702,-0.223965,FRA,TWN,842410
2529214,81,249,8894,2008,989291.0,23415.0,1.7586119999999998,0.061214,GBR,TWN,842410
2529215,85,249,8894,2008,0.0,1112.0,-1.530997,-1.171231,GIN,TWN,842410
2529216,96,249,8894,2008,0.0,4907.0,-1.0439530000000001,-0.962007,GUY,TWN,842410
2529217,97,249,8894,2008,28013.0,0.0,0.74435,2.149616,HKG,TWN,842410
2529218,100,249,8894,2008,4623.0,0.0,0.874459,1.075102,HRV,TWN,842410
2529219,103,249,8894,2008,0.0,59493.0,-0.11154000000000001,1.4879850000000001,IDN,TWN,842410
2529220,104,249,8894,2008,0.0,44565.0,0.26694,2.926023,IND,TWN,842410
2529221,106,249,8894,2008,0.0,2553.0,1.693858,0.221425,IRL,TWN,842410
2529222,110,249,8894,2008,0.0,2209.0,1.169192,0.797136,ISR,TWN,842410
2529223,111,249,8894,2008,28967.0,0.0,1.308777,0.361523,ITA,TWN,842410
2529224,114,249,8894,2008,1799712.0,2115.0,2.285056,0.036255,JPN,TWN,842410
2529225,115,249,8894,2008,0.0,13350.0,-0.43055200000000005,-0.6852590000000001,KAZ,TWN,842410
2529226,116,249,8894,2008,0.0,1255.0,-0.284528,0.9378610000000001,KEN,TWN,842410
2529227,118,249,8894,2008,0.0,6039.0,-1.064815,-1.098892,KHM,TWN,842410
2529228,121,249,8894,2008,1304860.0,2090.0,1.491687,0.814692,KOR,TWN,842410
2529229,133,249,8894,2008,0.0,54819.0,0.352633,0.219317,MAC,TWN,842410
2529230,138,249,8894,2008,0.0,1249.0,0.9833639999999999,0.7687069999999999,MEX,TWN,842410
2529231,139,249,8894,2008,0.0,1062.0,-1.092352,-0.9263600000000001,MHL,TWN,842410
2529232,153,249,8894,2008,2140.0,3174.0,0.793395,0.6141939999999999,MYS,TWN,842410
2529233,159,249,8894,2008,0.0,2997.0,-1.9809139999999998,-1.189201,NGA,TWN,842410
2529234,160,249,8894,2008,0.0,2211.0,-0.869193,-0.676623,NIC,TWN,842410
2529235,162,249,8894,2008,179553.0,68011.0,1.139475,1.385316,NLD,TWN,842410
2529236,163,249,8894,2008,283771.0,40436.0,0.911428,-0.019318000000000002,NOR,TWN,842410
2529237,168,249,8894,2008,0.0,2307.0,-0.401588,0.500668,PAK,TWN,842410
2529238,169,249,8894,2008,0.0,35760.0,0.470854,0.960075,PAN,TWN,842410
2529239,175,249,8894,2008,0.0,1331.0,0.25725,-0.797149,PLW,TWN,842410
2529240,183,249,8894,2008,0.0,141689.0,-0.36390900000000004,-1.0045549999999999,QAT,TWN,842410
2529241,188,249,8894,2008,0.0,400530.0,-0.09849400000000001,-0.8998309999999999,SAU,TWN,842410
2529242,192,249,8894,2008,49433.0,6851.0,1.844543,0.5947020000000001,SGP,TWN,842410
2529243,208,249,8894,2008,4969.0,16061.0,1.866575,0.44342700000000007,SWE,TWN,842410
2529244,216,249,8894,2008,101236.0,65253.0,0.7531399999999999,1.4420620000000002,THA,TWN,842410
2529245,231,249,8894,2008,3956531.0,92569.0,1.584278,-0.209788,USA,TWN,842410
2529246,236,249,8894,2008,0.0,7644.0,-0.442996,-1.0439969999999998,VEN,TWN,842410
2529247,239,249,8894,2008,0.0,82680.0,-0.207083,1.1323370000000001,VNM,TWN,842410
2529248,243,249,8894,2008,0.0,17644.0,-1.227495,-1.191462,YEM,TWN,842410
2529249,246,249,8894,2008,0.0,5274.0,0.22551500000000002,1.185506,ZAF,TWN,842410
2529250,7,14,8894,2008,0.0,53936.0,-0.276433,-0.692392,ARE,AUS,842410
2529251,15,14,8894,2008,1309849.0,0.0,1.634816,-0.078419,AUT,AUS,842410
2529252,18,14,8894,2008,4396.0,3744.0,1.297416,0.9716549999999999,BEL,AUS,842410
2529253,22,14,8894,2008,0.0,1582.0,-0.852774,-0.766779,BGD,AUS,842410
2529254,32,14,8894,2008,1443624.0,0.0,0.444687,0.904332,BRA,AUS,842410
2529255,39,14,8894,2008,350710.0,10201.0,0.684659,1.085312,CAN,AUS,842410
2529256,43,14,8894,2008,11042438.0,54158.0,0.929285,1.8917259999999998,CHN,AUS,842410
2529257,49,14,8894,2008,0.0,3337.0,0.19505699999999998,0.566189,COL,AUS,842410
2529258,56,14,8894,2008,0.0,16166.0,1.184962,-0.607034,CXR,AUS,842410
2529259,58,14,8894,2008,1381.0,0.0,1.003211,0.712629,CYP,AUS,842410
2529260,61,14,8894,2008,1428589.0,9071.0,2.007167,-3.256961,DEU,AUS,842410
2529261,64,14,8894,2008,12208.0,0.0,1.165294,1.1112440000000001,DNK,AUS,842410
2529262,65,14,8894,2008,0.0,27967.0,-0.167958,0.241283,DOM,AUS,842410
2529263,68,14,8894,2008,0.0,6105.0,-0.098316,1.134642,EGY,AUS,842410
2529264,71,14,8894,2008,2556.0,0.0,0.8755649999999999,2.122164,ESP,AUS,842410
2529265,73,14,8894,2008,0.0,11073.0,-1.0084629999999999,-0.83993,ETH,AUS,842410
2529266,74,14,8894,2008,840010.0,269173.0,1.767859,0.846409,FIN,AUS,842410
2529267,75,14,8894,2008,0.0,103220.0,-0.756592,-0.27005,FJI,AUS,842410
2529268,77,14,8894,2008,8971.0,21627.0,1.487702,-0.223965,FRA,AUS,842410
2529269,80,14,8894,2008,0.0,3588.0,-1.316179,-1.117633,GAB,AUS,842410
2529270,81,14,8894,2008,648716.0,52501.0,1.7586119999999998,0.061214,GBR,AUS,842410
2529271,83,14,8894,2008,0.0,22248.0,-0.9339360000000001,-0.701724,GHA,AUS,842410
2529272,85,14,8894,2008,0.0,3423.0,-1.530997,-1.171231,GIN,AUS,842410
2529273,97,14,8894,2008,399438.0,21331.0,0.74435,2.149616,HKG,AUS,842410
2529274,100,14,8894,2008,61339.0,0.0,0.874459,1.075102,HRV,AUS,842410
2529275,103,14,8894,2008,0.0,1092970.0,-0.11154000000000001,1.4879850000000001,IDN,AUS,842410
2529276,104,14,8894,2008,0.0,102821.0,0.26694,2.926023,IND,AUS,842410
2529277,110,14,8894,2008,0.0,1984.0,1.169192,0.797136,ISR,AUS,842410
2529278,111,14,8894,2008,25978.0,0.0,1.308777,0.361523,ITA,AUS,842410
2529279,114,14,8894,2008,5969.0,0.0,2.285056,0.036255,JPN,AUS,842410
2529280,115,14,8894,2008,0.0,9624.0,-0.43055200000000005,-0.6852590000000001,KAZ,AUS,842410
2529281,119,14,8894,2008,0.0,3119.0,0.122065,-0.667883,KIR,AUS,842410
2529282,121,14,8894,2008,0.0,17657.0,1.491687,0.814692,KOR,AUS,842410
2529283,137,14,8894,2008,0.0,1280.0,0.037203,-0.718439,MDV,AUS,842410
2529284,141,14,8894,2008,0.0,2082.0,-0.274267,-0.51084,MLI,AUS,842410
2529285,145,14,8894,2008,0.0,13774.0,-1.13585,-1.1076190000000001,MNG,AUS,842410
2529286,148,14,8894,2008,0.0,31993.0,-2.081778,-1.274636,MRT,AUS,842410
2529287,153,14,8894,2008,2235148.0,24951.0,0.793395,0.6141939999999999,MYS,AUS,842410
2529288,156,14,8894,2008,0.0,23379.0,-0.21304099999999998,-0.8147300000000001,NCL,AUS,842410
2529289,162,14,8894,2008,30301.0,22571.0,1.139475,1.385316,NLD,AUS,842410
2529290,163,14,8894,2008,0.0,36809.0,0.911428,-0.019318000000000002,NOR,AUS,842410
2529291,165,14,8894,2008,0.0,2305.0,0.538959,-0.74048,NRU,AUS,842410
2529292,166,14,8894,2008,48971.0,1261896.0,0.513416,0.753058,NZL,AUS,842410
2529293,167,14,8894,2008,0.0,2826.0,-0.635199,-1.027136,OMN,AUS,842410
2529294,176,14,8894,2008,1897.0,944844.0,-1.6771330000000002,-1.18528,PNG,AUS,842410
2529295,179,14,8894,2008,3644.0,0.0,0.64135,2.1946939999999997,PRT,AUS,842410
2529296,183,14,8894,2008,0.0,6202.0,-0.36390900000000004,-1.0045549999999999,QAT,AUS,842410
2529297,186,14,8894,2008,52681.0,0.0,0.559059,-0.00886,RUS,AUS,842410
2529298,191,14,8894,2008,0.0,11607.0,-0.478024,-0.313199,SEN,AUS,842410
2529299,192,14,8894,2008,30638.0,329226.0,1.844543,0.5947020000000001,SGP,AUS,842410
2529300,195,14,8894,2008,0.0,12330.0,-1.70333,-1.027817,SLB,AUS,842410
2529301,207,14,8894,2008,0.0,2588.0,1.5099209999999998,0.683663,SVN,AUS,842410
2529302,208,14,8894,2008,284795.0,182336.0,1.866575,0.44342700000000007,SWE,AUS,842410
2529303,216,14,8894,2008,0.0,51395.0,0.7531399999999999,1.4420620000000002,THA,AUS,842410
2529304,221,14,8894,2008,0.0,1662.0,-0.174192,-0.559636,TON,AUS,842410
2529305,226,14,8894,2008,0.0,3821.0,-0.755692,0.8751690000000001,TZA,AUS,842410
2529306,231,14,8894,2008,3105660.0,65984.0,1.584278,-0.209788,USA,AUS,842410
2529307,239,14,8894,2008,420973.0,16439.0,-0.207083,1.1323370000000001,VNM,AUS,842410
2529308,240,14,8894,2008,0.0,1758.0,-1.1498540000000002,-0.9443299999999999,VUT,AUS,842410
2529309,242,14,8894,2008,0.0,11326.0,0.527804,-0.347197,WSM,AUS,842410
2529310,246,14,8894,2008,1649.0,3060.0,0.22551500000000002,1.185506,ZAF,AUS,842410
2529311,247,14,8894,2008,0.0,7697.0,-0.798489,-0.9437639999999999,ZMB,AUS,842410
2529312,249,14,8894,2008,0.0,21495.0,1.611693,0.93875,TWN,AUS,842410
2529313,250,14,8894,2008,0.0,20274.0,0.547909,-0.5303640000000001,ANS,AUS,842410
2529314,7,16,8894,2008,1550.0,0.0,-0.276433,-0.692392,ARE,AZE,842410
2529315,23,16,8894,2008,28758.0,0.0,0.44409,1.575399,BGR,AZE,842410
2529316,28,16,8894,2008,1179.0,0.0,0.9869,0.38977399999999995,BLR,AZE,842410
2529317,43,16,8894,2008,52495.0,0.0,0.929285,1.8917259999999998,CHN,AZE,842410
2529318,61,16,8894,2008,4182.0,0.0,2.007167,-3.256961,DEU,AZE,842410
2529319,81,16,8894,2008,52290.0,0.0,1.7586119999999998,0.061214,GBR,AZE,842410
2529320,107,16,8894,2008,9104.0,0.0,-0.9776469999999999,-1.054475,IRN,AZE,842410
2529321,111,16,8894,2008,57483.0,0.0,1.308777,0.361523,ITA,AZE,842410
2529322,115,16,8894,2008,3930.0,0.0,-0.43055200000000005,-0.6852590000000001,KAZ,AZE,842410
2529323,163,16,8894,2008,4942.0,0.0,0.911428,-0.019318000000000002,NOR,AZE,842410
2529324,186,16,8894,2008,5200.0,0.0,0.559059,-0.00886,RUS,AZE,842410
2529325,224,16,8894,2008,352623.0,0.0,0.44478,2.186881,TUR,AZE,842410
2529326,231,16,8894,2008,4318.0,0.0,1.584278,-0.209788,USA,AZE,842410
2529327,7,22,8894,2008,4556.0,0.0,-0.276433,-0.692392,ARE,BGD,842410
2529328,14,22,8894,2008,1582.0,0.0,-0.171801,-0.012588,AUS,BGD,842410
2529329,43,22,8894,2008,793930.0,0.0,0.929285,1.8917259999999998,CHN,BGD,842410
2529330,61,22,8894,2008,68969.0,36875.0,2.007167,-3.256961,DEU,BGD,842410
2529331,71,22,8894,2008,36298.0,0.0,0.8755649999999999,2.122164,ESP,BGD,842410
2529332,81,22,8894,2008,8866.0,0.0,1.7586119999999998,0.061214,GBR,BGD,842410
2529333,104,22,8894,2008,69868.0,0.0,0.26694,2.926023,IND,BGD,842410
2529334,111,22,8894,2008,222812.0,0.0,1.308777,0.361523,ITA,BGD,842410
2529335,114,22,8894,2008,94922.0,0.0,2.285056,0.036255,JPN,BGD,842410
2529336,121,22,8894,2008,25079.0,0.0,1.491687,0.814692,KOR,BGD,842410
2529337,153,22,8894,2008,69499.0,0.0,0.793395,0.6141939999999999,MYS,BGD,842410
2529338,192,22,8894,2008,116845.0,0.0,1.844543,0.5947020000000001,SGP,BGD,842410
2529339,216,22,8894,2008,76487.0,0.0,0.7531399999999999,1.4420620000000002,THA,BGD,842410
2529340,231,22,8894,2008,121411.0,0.0,1.584278,-0.209788,USA,BGD,842410
2529341,15,23,8894,2008,1454.0,0.0,1.634816,-0.078419,AUT,BGR,842410
2529342,16,23,8894,2008,0.0,28758.0,-0.7143109999999999,-1.114747,AZE,BGR,842410
2529343,18,23,8894,2008,1263.0,8649.0,1.297416,0.9716549999999999,BEL,BGR,842410
2529344,26,23,8894,2008,0.0,9681.0,0.480256,0.810361,BIH,BGR,842410
2529345,41,23,8894,2008,15426.0,0.0,1.978404,0.368694,CHE,BGR,842410
2529346,43,23,8894,2008,1055682.0,0.0,0.929285,1.8917259999999998,CHN,BGR,842410
2529347,58,23,8894,2008,26140.0,0.0,1.003211,0.712629,CYP,BGR,842410
2529348,59,23,8894,2008,43284.0,0.0,1.592035,0.27983600000000003,CZE,BGR,842410
2529349,61,23,8894,2008,557510.0,8905.0,2.007167,-3.256961,DEU,BGR,842410
2529350,71,23,8894,2008,107851.0,0.0,0.8755649999999999,2.122164,ESP,BGR,842410
2529351,77,23,8894,2008,2706.0,4152.0,1.487702,-0.223965,FRA,BGR,842410
2529352,81,23,8894,2008,23370.0,258000.0,1.7586119999999998,0.061214,GBR,BGR,842410
2529353,90,23,8894,2008,146092.0,2641.0,0.33272399999999996,1.758188,GRC,BGR,842410
2529354,102,23,8894,2008,964.0,0.0,1.3358299999999999,0.8177770000000001,HUN,BGR,842410
2529355,111,23,8894,2008,308263.0,68497.0,1.308777,0.361523,ITA,BGR,842410
2529356,125,23,8894,2008,0.0,1289.0,-0.20785900000000002,-0.9568030000000001,LBR,BGR,842410
2529357,130,23,8894,2008,6484.0,0.0,0.59033,0.961408,LTU,BGR,842410
2529358,135,23,8894,2008,0.0,26121.0,0.096913,-0.095718,MDA,BGR,842410
2529359,140,23,8894,2008,0.0,13754.0,-0.090639,-0.137401,MKD,BGR,842410
2529360,162,23,8894,2008,0.0,301019.0,1.139475,1.385316,NLD,BGR,842410
2529361,163,23,8894,2008,979.0,0.0,0.911428,-0.019318000000000002,NOR,BGR,842410
2529362,169,23,8894,2008,0.0,1341.0,0.470854,0.960075,PAN,BGR,842410
2529363,177,23,8894,2008,39682.0,5667.0,1.037287,1.244457,POL,BGR,842410
2529364,186,23,8894,2008,92064.0,0.0,0.559059,-0.00886,RUS,BGR,842410
2529365,201,23,8894,2008,1427.0,62055.0,0.615147,1.484149,SRB,BGR,842410
2529366,206,23,8894,2008,0.0,1039.0,1.3402040000000002,0.8038770000000001,SVK,BGR,842410
2529367,208,23,8894,2008,1424.0,0.0,1.866575,0.44342700000000007,SWE,BGR,842410
2529368,224,23,8894,2008,3822.0,0.0,0.44478,2.186881,TUR,BGR,842410
2529369,228,23,8894,2008,0.0,992.0,0.59355,0.764415,UKR,BGR,842410
2529370,231,23,8894,2008,28799.0,0.0,1.584278,-0.209788,USA,BGR,842410
2529371,7,24,8894,2008,260581.0,26359.0,-0.276433,-0.692392,ARE,BHR,842410
2529372,8,24,8894,2008,11414.0,0.0,0.278837,0.496784,ARG,BHR,842410
2529373,15,24,8894,2008,17378.0,0.0,1.634816,-0.078419,AUT,BHR,842410
2529374,43,24,8894,2008,142773.0,0.0,0.929285,1.8917259999999998,CHN,BHR,842410
2529375,58,24,8894,2008,8357.0,0.0,1.003211,0.712629,CYP,BHR,842410
2529376,61,24,8894,2008,73502.0,335377.0,2.007167,-3.256961,DEU,BHR,842410
2529377,81,24,8894,2008,294478.0,3054.0,1.7586119999999998,0.061214,GBR,BHR,842410
2529378,111,24,8894,2008,8789.0,0.0,1.308777,0.361523,ITA,BHR,842410
2529379,114,24,8894,2008,982.0,0.0,2.285056,0.036255,JPN,BHR,842410
2529380,122,24,8894,2008,1768.0,0.0,-1.401297,-1.142945,KWT,BHR,842410
2529381,128,24,8894,2008,0.0,3783.0,-0.48245200000000005,0.295892,LKA,BHR,842410
2529382,153,24,8894,2008,76459.0,0.0,0.793395,0.6141939999999999,MYS,BHR,842410
2529383,168,24,8894,2008,1590.0,0.0,-0.401588,0.500668,PAK,BHR,842410
2529384,188,24,8894,2008,129215.0,1813.0,-0.09849400000000001,-0.8998309999999999,SAU,BHR,842410
2529385,216,24,8894,2008,24368.0,0.0,0.7531399999999999,1.4420620000000002,THA,BHR,842410
2529386,231,24,8894,2008,48378.0,0.0,1.584278,-0.209788,USA,BHR,842410
2529387,246,24,8894,2008,7332.0,0.0,0.22551500000000002,1.185506,ZAF,BHR,842410
2529388,249,24,8894,2008,20211.0,0.0,1.611693,0.93875,TWN,BHR,842410
2529389,15,26,8894,2008,1767.0,72176.0,1.634816,-0.078419,AUT,BIH,842410
2529390,18,26,8894,2008,3527.0,0.0,1.297416,0.9716549999999999,BEL,BIH,842410
2529391,23,26,8894,2008,9681.0,0.0,0.44409,1.575399,BGR,BIH,842410
2529392,43,26,8894,2008,44467.0,0.0,0.929285,1.8917259999999998,CHN,BIH,842410
2529393,61,26,8894,2008,22161.0,0.0,2.007167,-3.256961,DEU,BIH,842410
2529394,77,26,8894,2008,4563.0,879231.0,1.487702,-0.223965,FRA,BIH,842410
2529395,81,26,8894,2008,2191.0,0.0,1.7586119999999998,0.061214,GBR,BIH,842410
2529396,90,26,8894,2008,11397.0,0.0,0.33272399999999996,1.758188,GRC,BIH,842410
2529397,100,26,8894,2008,540976.0,46894.0,0.874459,1.075102,HRV,BIH,842410
2529398,102,26,8894,2008,6826.0,0.0,1.3358299999999999,0.8177770000000001,HUN,BIH,842410
2529399,111,26,8894,2008,41005.0,0.0,1.308777,0.361523,ITA,BIH,842410
2529400,144,26,8894,2008,0.0,2316.0,0.321434,-0.168212,MNE,BIH,842410
2529401,162,26,8894,2008,6648.0,0.0,1.139475,1.385316,NLD,BIH,842410
2529402,169,26,8894,2008,4316.0,0.0,0.470854,0.960075,PAN,BIH,842410
2529403,201,26,8894,2008,191401.0,5063.0,0.615147,1.484149,SRB,BIH,842410
2529404,207,26,8894,2008,9025.0,1232.0,1.5099209999999998,0.683663,SVN,BIH,842410
2529405,224,26,8894,2008,4257.0,0.0,0.44478,2.186881,TUR,BIH,842410
2529406,231,26,8894,2008,1437.0,0.0,1.584278,-0.209788,USA,BIH,842410
2529407,9,28,8894,2008,0.0,91992.0,0.360609,-0.038343,ARM,BLR,842410
2529408,16,28,8894,2008,0.0,1179.0,-0.7143109999999999,-1.114747,AZE,BLR,842410
2529409,61,28,8894,2008,512242.0,7961.0,2.007167,-3.256961,DEU,BLR,842410
2529410,111,28,8894,2008,127660.0,0.0,1.308777,0.361523,ITA,BLR,842410
2529411,115,28,8894,2008,6147.0,496766.0,-0.43055200000000005,-0.6852590000000001,KAZ,BLR,842410
2529412,135,28,8894,2008,0.0,20332.0,0.096913,-0.095718,MDA,BLR,842410
2529413,177,28,8894,2008,10028.0,0.0,1.037287,1.244457,POL,BLR,842410
2529414,186,28,8894,2008,2314990.0,4341699.0,0.559059,-0.00886,RUS,BLR,842410
2529415,208,28,8894,2008,73630.0,0.0,1.866575,0.44342700000000007,SWE,BLR,842410
2529416,219,28,8894,2008,0.0,20309.0,-1.094592,-1.166598,TKM,BLR,842410
2529417,231,28,8894,2008,40626.0,0.0,1.584278,-0.209788,USA,BLR,842410
2529418,4,58,8894,2008,0.0,21212.0,-0.252894,-0.0071400000000000005,ALB,CYP,842410
2529419,7,58,8894,2008,0.0,58142.0,-0.276433,-0.692392,ARE,CYP,842410
2529420,14,58,8894,2008,0.0,1381.0,-0.171801,-0.012588,AUS,CYP,842410
2529421,18,58,8894,2008,1331.0,0.0,1.297416,0.9716549999999999,BEL,CYP,842410
2529422,23,58,8894,2008,0.0,26140.0,0.44409,1.575399,BGR,CYP,842410
2529423,24,58,8894,2008,0.0,8357.0,0.335334,-0.81372,BHR,CYP,842410
2529424,32,58,8894,2008,0.0,32057.0,0.444687,0.904332,BRA,CYP,842410
2529425,41,58,8894,2008,0.0,17278.0,1.978404,0.368694,CHE,CYP,842410
2529426,43,58,8894,2008,302448.0,0.0,0.929285,1.8917259999999998,CHN,CYP,842410
2529427,61,58,8894,2008,504137.0,15423.0,2.007167,-3.256961,DEU,CYP,842410
2529428,64,58,8894,2008,52667.0,8196.0,1.165294,1.1112440000000001,DNK,CYP,842410
2529429,66,58,8894,2008,0.0,35049.0,-0.556434,-1.079109,DZA,CYP,842410
2529430,71,58,8894,2008,4727.0,12083.0,0.8755649999999999,2.122164,ESP,CYP,842410
2529431,72,58,8894,2008,0.0,18091.0,0.749696,1.5173940000000001,EST,CYP,842410
2529432,81,58,8894,2008,12898.0,108812.0,1.7586119999999998,0.061214,GBR,CYP,842410
2529433,90,58,8894,2008,262749.0,166730.0,0.33272399999999996,1.758188,GRC,CYP,842410
2529434,100,58,8894,2008,65615.0,88432.0,0.874459,1.075102,HRV,CYP,842410
2529435,102,58,8894,2008,0.0,239067.0,1.3358299999999999,0.8177770000000001,HUN,CYP,842410
2529436,104,58,8894,2008,0.0,3225.0,0.26694,2.926023,IND,CYP,842410
2529437,109,58,8894,2008,0.0,2435.0,0.26969899999999997,-0.29915,ISL,CYP,842410
2529438,110,58,8894,2008,13094.0,28700.0,1.169192,0.797136,ISR,CYP,842410
2529439,111,58,8894,2008,11143.0,20809.0,1.308777,0.361523,ITA,CYP,842410
2529440,113,58,8894,2008,0.0,15975.0,0.255463,0.45844799999999997,JOR,CYP,842410
2529441,116,58,8894,2008,0.0,8043.0,-0.284528,0.9378610000000001,KEN,CYP,842410
2529442,121,58,8894,2008,0.0,38853.0,1.491687,0.814692,KOR,CYP,842410
2529443,124,58,8894,2008,0.0,4191.0,0.46133100000000005,1.4598149999999999,LBN,CYP,842410
2529444,153,58,8894,2008,6232.0,88236.0,0.793395,0.6141939999999999,MYS,CYP,842410
2529445,162,58,8894,2008,335346.0,326586.0,1.139475,1.385316,NLD,CYP,842410
2529446,163,58,8894,2008,0.0,23700.0,0.911428,-0.019318000000000002,NOR,CYP,842410
2529447,166,58,8894,2008,0.0,16575.0,0.513416,0.753058,NZL,CYP,842410
2529448,167,58,8894,2008,0.0,11073.0,-0.635199,-1.027136,OMN,CYP,842410
2529449,177,58,8894,2008,38555.0,39822.0,1.037287,1.244457,POL,CYP,842410
2529450,185,58,8894,2008,0.0,16848.0,0.784924,1.235527,ROU,CYP,842410
2529451,186,58,8894,2008,341975.0,0.0,0.559059,-0.00886,RUS,CYP,842410
2529452,188,58,8894,2008,0.0,18984.0,-0.09849400000000001,-0.8998309999999999,SAU,CYP,842410
2529453,190,58,8894,2008,0.0,6268.0,-2.095439,-1.263511,SDN,CYP,842410
2529454,208,58,8894,2008,0.0,44304.0,1.866575,0.44342700000000007,SWE,CYP,842410
2529455,216,58,8894,2008,0.0,17964.0,0.7531399999999999,1.4420620000000002,THA,CYP,842410
2529456,224,58,8894,2008,163204.0,0.0,0.44478,2.186881,TUR,CYP,842410
2529457,231,58,8894,2008,16816.0,3664.0,1.584278,-0.209788,USA,CYP,842410
2529458,246,58,8894,2008,0.0,54824.0,0.22551500000000002,1.185506,ZAF,CYP,842410
2529459,249,58,8894,2008,0.0,32260.0,1.611693,0.93875,TWN,CYP,842410
2529460,7,59,8894,2008,0.0,164164.0,-0.276433,-0.692392,ARE,CZE,842410
2529461,15,59,8894,2008,144788.0,564252.0,1.634816,-0.078419,AUT,CZE,842410
2529462,18,59,8894,2008,30699.0,43839.0,1.297416,0.9716549999999999,BEL,CZE,842410
2529463,23,59,8894,2008,0.0,43284.0,0.44409,1.575399,BGR,CZE,842410
2529464,41,59,8894,2008,18970.0,0.0,1.978404,0.368694,CHE,CZE,842410
2529465,43,59,8894,2008,1729018.0,5459.0,0.929285,1.8917259999999998,CHN,CZE,842410
2529466,61,59,8894,2008,2979436.0,30333.0,2.007167,-3.256961,DEU,CZE,842410
2529467,64,59,8894,2008,14235.0,2107.0,1.165294,1.1112440000000001,DNK,CZE,842410
2529468,68,59,8894,2008,0.0,26477.0,-0.098316,1.134642,EGY,CZE,842410
2529469,71,59,8894,2008,609157.0,6293.0,0.8755649999999999,2.122164,ESP,CZE,842410
2529470,72,59,8894,2008,0.0,139857.0,0.749696,1.5173940000000001,EST,CZE,842410
2529471,74,59,8894,2008,0.0,14471.0,1.767859,0.846409,FIN,CZE,842410
2529472,77,59,8894,2008,82173.0,257368.0,1.487702,-0.223965,FRA,CZE,842410
2529473,81,59,8894,2008,28311.0,2021.0,1.7586119999999998,0.061214,GBR,CZE,842410
2529474,82,59,8894,2008,0.0,20282.0,-0.355095,-0.660181,GEO,CZE,842410
2529475,100,59,8894,2008,2831.0,14928.0,0.874459,1.075102,HRV,CZE,842410
2529476,102,59,8894,2008,1957.0,244032.0,1.3358299999999999,0.8177770000000001,HUN,CZE,842410
2529477,108,59,8894,2008,0.0,297695.0,-1.6604189999999999,-0.886959,IRQ,CZE,842410
2529478,110,59,8894,2008,2741.0,10347.0,1.169192,0.797136,ISR,CZE,842410
2529479,111,59,8894,2008,404920.0,3176.0,1.308777,0.361523,ITA,CZE,842410
2529480,113,59,8894,2008,0.0,32509.0,0.255463,0.45844799999999997,JOR,CZE,842410
2529481,115,59,8894,2008,0.0,2832.0,-0.43055200000000005,-0.6852590000000001,KAZ,CZE,842410
2529482,121,59,8894,2008,29506.0,0.0,1.491687,0.814692,KOR,CZE,842410
2529483,122,59,8894,2008,0.0,11894.0,-1.401297,-1.142945,KWT,CZE,842410
2529484,130,59,8894,2008,44624.0,208242.0,0.59033,0.961408,LTU,CZE,842410
2529485,131,59,8894,2008,0.0,26810.0,1.39945,1.003857,LUX,CZE,842410
2529486,132,59,8894,2008,0.0,50214.0,0.655489,1.0811540000000002,LVA,CZE,842410
2529487,140,59,8894,2008,0.0,6146.0,-0.090639,-0.137401,MKD,CZE,842410
2529488,162,59,8894,2008,91066.0,80393.0,1.139475,1.385316,NLD,CZE,842410
2529489,163,59,8894,2008,57754.0,0.0,0.911428,-0.019318000000000002,NOR,CZE,842410
2529490,173,59,8894,2008,0.0,4239.0,-0.518126,0.17193599999999998,PER,CZE,842410
2529491,177,59,8894,2008,1600073.0,565146.0,1.037287,1.244457,POL,CZE,842410
2529492,183,59,8894,2008,0.0,43403.0,-0.36390900000000004,-1.0045549999999999,QAT,CZE,842410
2529493,185,59,8894,2008,41074.0,7825.0,0.784924,1.235527,ROU,CZE,842410
2529494,186,59,8894,2008,29325.0,59441.0,0.559059,-0.00886,RUS,CZE,842410
2529495,188,59,8894,2008,0.0,85974.0,-0.09849400000000001,-0.8998309999999999,SAU,CZE,842410
2529496,206,59,8894,2008,239913.0,2896987.0,1.3402040000000002,0.8038770000000001,SVK,CZE,842410
2529497,207,59,8894,2008,0.0,31449.0,1.5099209999999998,0.683663,SVN,CZE,842410
2529498,208,59,8894,2008,155540.0,4406.0,1.866575,0.44342700000000007,SWE,CZE,842410
2529499,223,59,8894,2008,0.0,1995.0,0.084141,0.676248,TUN,CZE,842410
2529500,228,59,8894,2008,0.0,10577.0,0.59355,0.764415,UKR,CZE,842410
2529501,231,59,8894,2008,76218.0,3059.0,1.584278,-0.209788,USA,CZE,842410
2529502,236,59,8894,2008,0.0,2133.0,-0.442996,-1.0439969999999998,VEN,CZE,842410
2529503,7,68,8894,2008,249557.0,76972.0,-0.276433,-0.692392,ARE,EGY,842410
2529504,14,68,8894,2008,6105.0,0.0,-0.171801,-0.012588,AUS,EGY,842410
2529505,15,68,8894,2008,40797.0,10061.0,1.634816,-0.078419,AUT,EGY,842410
2529506,18,68,8894,2008,15716.0,0.0,1.297416,0.9716549999999999,BEL,EGY,842410
2529507,21,68,8894,2008,0.0,6778.0,-1.076309,-1.012701,BFA,EGY,842410
2529508,32,68,8894,2008,17156.0,0.0,0.444687,0.904332,BRA,EGY,842410
2529509,41,68,8894,2008,1374.0,0.0,1.978404,0.368694,CHE,EGY,842410
2529510,43,68,8894,2008,1675950.0,0.0,0.929285,1.8917259999999998,CHN,EGY,842410
2529511,59,68,8894,2008,26477.0,0.0,1.592035,0.27983600000000003,CZE,EGY,842410
2529512,61,68,8894,2008,996599.0,191778.0,2.007167,-3.256961,DEU,EGY,842410
2529513,64,68,8894,2008,12882.0,0.0,1.165294,1.1112440000000001,DNK,EGY,842410
2529514,71,68,8894,2008,175320.0,0.0,0.8755649999999999,2.122164,ESP,EGY,842410
2529515,77,68,8894,2008,5317.0,0.0,1.487702,-0.223965,FRA,EGY,842410
2529516,81,68,8894,2008,908547.0,889.0,1.7586119999999998,0.061214,GBR,EGY,842410
2529517,83,68,8894,2008,0.0,48189.0,-0.9339360000000001,-0.701724,GHA,EGY,842410
2529518,104,68,8894,2008,6465.0,0.0,0.26694,2.926023,IND,EGY,842410
2529519,106,68,8894,2008,78591.0,0.0,1.693858,0.221425,IRL,EGY,842410
2529520,111,68,8894,2008,412303.0,0.0,1.308777,0.361523,ITA,EGY,842410
2529521,113,68,8894,2008,878.0,0.0,0.255463,0.45844799999999997,JOR,EGY,842410
2529522,114,68,8894,2008,156530.0,0.0,2.285056,0.036255,JPN,EGY,842410
2529523,121,68,8894,2008,47176.0,0.0,1.491687,0.814692,KOR,EGY,842410
2529524,124,68,8894,2008,0.0,71141.0,0.46133100000000005,1.4598149999999999,LBN,EGY,842410
2529525,126,68,8894,2008,0.0,2199.0,-1.156353,-1.133716,LBY,EGY,842410
2529526,157,68,8894,2008,0.0,3370.0,-0.677687,-0.75195,NER,EGY,842410
2529527,162,68,8894,2008,1687.0,0.0,1.139475,1.385316,NLD,EGY,842410
2529528,163,68,8894,2008,113145.0,0.0,0.911428,-0.019318000000000002,NOR,EGY,842410
2529529,168,68,8894,2008,0.0,2142.0,-0.401588,0.500668,PAK,EGY,842410
2529530,177,68,8894,2008,21769.0,0.0,1.037287,1.244457,POL,EGY,842410
2529531,183,68,8894,2008,0.0,49713.0,-0.36390900000000004,-1.0045549999999999,QAT,EGY,842410
2529532,188,68,8894,2008,85461.0,0.0,-0.09849400000000001,-0.8998309999999999,SAU,EGY,842410
2529533,190,68,8894,2008,0.0,4050.0,-2.095439,-1.263511,SDN,EGY,842410
2529534,192,68,8894,2008,27176.0,0.0,1.844543,0.5947020000000001,SGP,EGY,842410
2529535,208,68,8894,2008,24472.0,0.0,1.866575,0.44342700000000007,SWE,EGY,842410
2529536,224,68,8894,2008,31905.0,0.0,0.44478,2.186881,TUR,EGY,842410
2529537,226,68,8894,2008,0.0,56239.0,-0.755692,0.8751690000000001,TZA,EGY,842410
2529538,231,68,8894,2008,787260.0,0.0,1.584278,-0.209788,USA,EGY,842410
2529539,246,68,8894,2008,181912.0,0.0,0.22551500000000002,1.185506,ZAF,EGY,842410
2529540,247,68,8894,2008,0.0,1862.0,-0.798489,-0.9437639999999999,ZMB,EGY,842410
2529541,250,68,8894,2008,288166.0,0.0,0.547909,-0.5303640000000001,ANS,EGY,842410
2529542,15,72,8894,2008,6326.0,0.0,1.634816,-0.078419,AUT,EST,842410
2529543,18,72,8894,2008,54274.0,0.0,1.297416,0.9716549999999999,BEL,EST,842410
2529544,43,72,8894,2008,148761.0,0.0,0.929285,1.8917259999999998,CHN,EST,842410
2529545,58,72,8894,2008,18091.0,0.0,1.003211,0.712629,CYP,EST,842410
2529546,59,72,8894,2008,139857.0,0.0,1.592035,0.27983600000000003,CZE,EST,842410
2529547,61,72,8894,2008,85820.0,0.0,2.007167,-3.256961,DEU,EST,842410
2529548,64,72,8894,2008,163751.0,0.0,1.165294,1.1112440000000001,DNK,EST,842410
2529549,71,72,8894,2008,41257.0,0.0,0.8755649999999999,2.122164,ESP,EST,842410
2529550,74,72,8894,2008,49979.0,101734.0,1.767859,0.846409,FIN,EST,842410
2529551,77,72,8894,2008,2008.0,0.0,1.487702,-0.223965,FRA,EST,842410
2529552,81,72,8894,2008,5328.0,0.0,1.7586119999999998,0.061214,GBR,EST,842410
2529553,111,72,8894,2008,155625.0,0.0,1.308777,0.361523,ITA,EST,842410
2529554,130,72,8894,2008,133260.0,0.0,0.59033,0.961408,LTU,EST,842410
2529555,132,72,8894,2008,51114.0,48019.0,0.655489,1.0811540000000002,LVA,EST,842410
2529556,163,72,8894,2008,22939.0,0.0,0.911428,-0.019318000000000002,NOR,EST,842410
2529557,177,72,8894,2008,53849.0,0.0,1.037287,1.244457,POL,EST,842410
2529558,186,72,8894,2008,22597.0,4744.0,0.559059,-0.00886,RUS,EST,842410
2529559,208,72,8894,2008,166038.0,10973.0,1.866575,0.44342700000000007,SWE,EST,842410
2529560,231,72,8894,2008,28326.0,0.0,1.584278,-0.209788,USA,EST,842410
2529561,250,72,8894,2008,104456.0,0.0,0.547909,-0.5303640000000001,ANS,EST,842410
2529562,7,82,8894,2008,73010.0,0.0,-0.276433,-0.692392,ARE,GEO,842410
2529563,9,82,8894,2008,3612.0,0.0,0.360609,-0.038343,ARM,GEO,842410
2529564,18,82,8894,2008,7639.0,0.0,1.297416,0.9716549999999999,BEL,GEO,842410
2529565,39,82,8894,2008,1704.0,0.0,0.684659,1.085312,CAN,GEO,842410
2529566,43,82,8894,2008,125165.0,0.0,0.929285,1.8917259999999998,CHN,GEO,842410
2529567,59,82,8894,2008,20282.0,0.0,1.592035,0.27983600000000003,CZE,GEO,842410
2529568,61,82,8894,2008,17961.0,11683.0,2.007167,-3.256961,DEU,GEO,842410
2529569,64,82,8894,2008,3161.0,0.0,1.165294,1.1112440000000001,DNK,GEO,842410
2529570,81,82,8894,2008,61686.0,0.0,1.7586119999999998,0.061214,GBR,GEO,842410
2529571,90,82,8894,2008,198649.0,0.0,0.33272399999999996,1.758188,GRC,GEO,842410
2529572,104,82,8894,2008,1163.0,0.0,0.26694,2.926023,IND,GEO,842410
2529573,110,82,8894,2008,0.0,1951.0,1.169192,0.797136,ISR,GEO,842410
2529574,111,82,8894,2008,55902.0,0.0,1.308777,0.361523,ITA,GEO,842410
2529575,224,82,8894,2008,19803.0,0.0,0.44478,2.186881,TUR,GEO,842410
2529576,228,82,8894,2008,10897.0,0.0,0.59355,0.764415,UKR,GEO,842410
2529577,231,82,8894,2008,10378.0,0.0,1.584278,-0.209788,USA,GEO,842410
2529578,4,100,8894,2008,0.0,4848.0,-0.252894,-0.0071400000000000005,ALB,HRV,842410
2529579,14,100,8894,2008,0.0,61339.0,-0.171801,-0.012588,AUS,HRV,842410
2529580,15,100,8894,2008,8388.0,8712.0,1.634816,-0.078419,AUT,HRV,842410
2529581,18,100,8894,2008,0.0,719805.0,1.297416,0.9716549999999999,BEL,HRV,842410
2529582,26,100,8894,2008,46894.0,540976.0,0.480256,0.810361,BIH,HRV,842410
2529583,39,100,8894,2008,47544.0,0.0,0.684659,1.085312,CAN,HRV,842410
2529584,41,100,8894,2008,1988.0,0.0,1.978404,0.368694,CHE,HRV,842410
2529585,43,100,8894,2008,510590.0,0.0,0.929285,1.8917259999999998,CHN,HRV,842410
2529586,58,100,8894,2008,88432.0,65615.0,1.003211,0.712629,CYP,HRV,842410
2529587,59,100,8894,2008,14928.0,2831.0,1.592035,0.27983600000000003,CZE,HRV,842410
2529588,61,100,8894,2008,1019563.0,25510.0,2.007167,-3.256961,DEU,HRV,842410
2529589,64,100,8894,2008,62860.0,0.0,1.165294,1.1112440000000001,DNK,HRV,842410
2529590,71,100,8894,2008,2414.0,0.0,0.8755649999999999,2.122164,ESP,HRV,842410
2529591,74,100,8894,2008,69700.0,947.0,1.767859,0.846409,FIN,HRV,842410
2529592,77,100,8894,2008,5576.0,1914.0,1.487702,-0.223965,FRA,HRV,842410
2529593,81,100,8894,2008,37229.0,1717.0,1.7586119999999998,0.061214,GBR,HRV,842410
2529594,90,100,8894,2008,0.0,39558.0,0.33272399999999996,1.758188,GRC,HRV,842410
2529595,102,100,8894,2008,43282.0,36649.0,1.3358299999999999,0.8177770000000001,HUN,HRV,842410
2529596,110,100,8894,2008,0.0,7001.0,1.169192,0.797136,ISR,HRV,842410
2529597,111,100,8894,2008,453068.0,10435.0,1.308777,0.361523,ITA,HRV,842410
2529598,114,100,8894,2008,27963.0,0.0,2.285056,0.036255,JPN,HRV,842410
2529599,115,100,8894,2008,0.0,7578.0,-0.43055200000000005,-0.6852590000000001,KAZ,HRV,842410
2529600,131,100,8894,2008,0.0,86169.0,1.39945,1.003857,LUX,HRV,842410
2529601,140,100,8894,2008,0.0,101875.0,-0.090639,-0.137401,MKD,HRV,842410
2529602,144,100,8894,2008,0.0,202286.0,0.321434,-0.168212,MNE,HRV,842410
2529603,162,100,8894,2008,4502.0,650082.0,1.139475,1.385316,NLD,HRV,842410
2529604,177,100,8894,2008,428772.0,0.0,1.037287,1.244457,POL,HRV,842410
2529605,185,100,8894,2008,11894.0,0.0,0.784924,1.235527,ROU,HRV,842410
2529606,186,100,8894,2008,7334.0,65920.0,0.559059,-0.00886,RUS,HRV,842410
2529607,192,100,8894,2008,0.0,80427.0,1.844543,0.5947020000000001,SGP,HRV,842410
2529608,201,100,8894,2008,191489.0,590255.0,0.615147,1.484149,SRB,HRV,842410
2529609,206,100,8894,2008,1980.0,0.0,1.3402040000000002,0.8038770000000001,SVK,HRV,842410
2529610,207,100,8894,2008,40617.0,870209.0,1.5099209999999998,0.683663,SVN,HRV,842410
2529611,208,100,8894,2008,2274.0,0.0,1.866575,0.44342700000000007,SWE,HRV,842410
2529612,212,100,8894,2008,0.0,1276.0,-0.365789,0.877383,SYR,HRV,842410
2529613,231,100,8894,2008,61875.0,1369.0,1.584278,-0.209788,USA,HRV,842410
2529614,249,100,8894,2008,0.0,4623.0,1.611693,0.93875,TWN,HRV,842410
2529615,7,107,8894,2008,105102.0,19310.0,-0.276433,-0.692392,ARE,IRN,842410
2529616,15,107,8894,2008,693991.0,0.0,1.634816,-0.078419,AUT,IRN,842410
2529617,16,107,8894,2008,0.0,9104.0,-0.7143109999999999,-1.114747,AZE,IRN,842410
2529618,41,107,8894,2008,4859.0,0.0,1.978404,0.368694,CHE,IRN,842410
2529619,43,107,8894,2008,5326176.0,0.0,0.929285,1.8917259999999998,CHN,IRN,842410
2529620,61,107,8894,2008,4626339.0,3372.0,2.007167,-3.256961,DEU,IRN,842410
2529621,71,107,8894,2008,1214382.0,0.0,0.8755649999999999,2.122164,ESP,IRN,842410
2529622,77,107,8894,2008,212417.0,0.0,1.487702,-0.223965,FRA,IRN,842410
2529623,81,107,8894,2008,85632.0,0.0,1.7586119999999998,0.061214,GBR,IRN,842410
2529624,104,107,8894,2008,233230.0,0.0,0.26694,2.926023,IND,IRN,842410
2529625,111,107,8894,2008,631177.0,0.0,1.308777,0.361523,ITA,IRN,842410
2529626,114,107,8894,2008,973904.0,0.0,2.285056,0.036255,JPN,IRN,842410
2529627,153,107,8894,2008,113370.0,0.0,0.793395,0.6141939999999999,MYS,IRN,842410
2529628,162,107,8894,2008,2743188.0,16817.0,1.139475,1.385316,NLD,IRN,842410
2529629,186,107,8894,2008,157478.0,0.0,0.559059,-0.00886,RUS,IRN,842410
2529630,208,107,8894,2008,29873.0,0.0,1.866575,0.44342700000000007,SWE,IRN,842410
2529631,224,107,8894,2008,8327.0,0.0,0.44478,2.186881,TUR,IRN,842410
2529632,7,108,8894,2008,201724.0,0.0,-0.276433,-0.692392,ARE,IRQ,842410
2529633,43,108,8894,2008,716111.0,0.0,0.929285,1.8917259999999998,CHN,IRQ,842410
2529634,59,108,8894,2008,297695.0,0.0,1.592035,0.27983600000000003,CZE,IRQ,842410
2529635,71,108,8894,2008,39691.0,0.0,0.8755649999999999,2.122164,ESP,IRQ,842410
2529636,77,108,8894,2008,2950.0,0.0,1.487702,-0.223965,FRA,IRQ,842410
2529637,113,108,8894,2008,562611.0,0.0,0.255463,0.45844799999999997,JOR,IRQ,842410
2529638,124,108,8894,2008,1824.0,0.0,0.46133100000000005,1.4598149999999999,LBN,IRQ,842410
2529639,162,108,8894,2008,1178864.0,0.0,1.139475,1.385316,NLD,IRQ,842410
2529640,188,108,8894,2008,33067.0,0.0,-0.09849400000000001,-0.8998309999999999,SAU,IRQ,842410
2529641,224,108,8894,2008,352306.0,5782.0,0.44478,2.186881,TUR,IRQ,842410
2529642,231,108,8894,2008,6418735.0,0.0,1.584278,-0.209788,USA,IRQ,842410
2529643,246,108,8894,2008,2002.0,0.0,0.22551500000000002,1.185506,ZAF,IRQ,842410
2529644,7,113,8894,2008,52241.0,1755.0,-0.276433,-0.692392,ARE,JOR,842410
2529645,18,113,8894,2008,5598.0,0.0,1.297416,0.9716549999999999,BEL,JOR,842410
2529646,39,113,8894,2008,4662.0,0.0,0.684659,1.085312,CAN,JOR,842410
2529647,43,113,8894,2008,1124702.0,0.0,0.929285,1.8917259999999998,CHN,JOR,842410
2529648,58,113,8894,2008,15975.0,0.0,1.003211,0.712629,CYP,JOR,842410
2529649,59,113,8894,2008,32509.0,0.0,1.592035,0.27983600000000003,CZE,JOR,842410
2529650,61,113,8894,2008,238839.0,2619.0,2.007167,-3.256961,DEU,JOR,842410
2529651,64,113,8894,2008,106176.0,0.0,1.165294,1.1112440000000001,DNK,JOR,842410
2529652,68,113,8894,2008,0.0,878.0,-0.098316,1.134642,EGY,JOR,842410
2529653,71,113,8894,2008,4978.0,0.0,0.8755649999999999,2.122164,ESP,JOR,842410
2529654,77,113,8894,2008,561128.0,0.0,1.487702,-0.223965,FRA,JOR,842410
2529655,81,113,8894,2008,107009.0,2332.0,1.7586119999999998,0.061214,GBR,JOR,842410
2529656,104,113,8894,2008,2021.0,0.0,0.26694,2.926023,IND,JOR,842410
2529657,108,113,8894,2008,0.0,562611.0,-1.6604189999999999,-0.886959,IRQ,JOR,842410
2529658,111,113,8894,2008,52440.0,6981.0,1.308777,0.361523,ITA,JOR,842410
2529659,121,113,8894,2008,25946.0,0.0,1.491687,0.814692,KOR,JOR,842410
2529660,124,113,8894,2008,0.0,12131.0,0.46133100000000005,1.4598149999999999,LBN,JOR,842410
2529661,126,113,8894,2008,0.0,682627.0,-1.156353,-1.133716,LBY,JOR,842410
2529662,153,113,8894,2008,7877.0,1271.0,0.793395,0.6141939999999999,MYS,JOR,842410
2529663,162,113,8894,2008,2561.0,0.0,1.139475,1.385316,NLD,JOR,842410
2529664,188,113,8894,2008,199316.0,0.0,-0.09849400000000001,-0.8998309999999999,SAU,JOR,842410
2529665,192,113,8894,2008,39614.0,0.0,1.844543,0.5947020000000001,SGP,JOR,842410
2529666,224,113,8894,2008,9084.0,0.0,0.44478,2.186881,TUR,JOR,842410
2529667,231,113,8894,2008,136261.0,0.0,1.584278,-0.209788,USA,JOR,842410
2529668,250,113,8894,2008,0.0,344590.0,0.547909,-0.5303640000000001,ANS,JOR,842410
2529669,7,115,8894,2008,22739.0,0.0,-0.276433,-0.692392,ARE,KAZ,842410
2529670,14,115,8894,2008,9624.0,0.0,-0.171801,-0.012588,AUS,KAZ,842410
2529671,16,115,8894,2008,0.0,3930.0,-0.7143109999999999,-1.114747,AZE,KAZ,842410
2529672,28,115,8894,2008,496766.0,6147.0,0.9869,0.38977399999999995,BLR,KAZ,842410
2529673,39,115,8894,2008,31623.0,0.0,0.684659,1.085312,CAN,KAZ,842410
2529674,43,115,8894,2008,919246.0,0.0,0.929285,1.8917259999999998,CHN,KAZ,842410
2529675,59,115,8894,2008,2832.0,0.0,1.592035,0.27983600000000003,CZE,KAZ,842410
2529676,61,115,8894,2008,243478.0,0.0,2.007167,-3.256961,DEU,KAZ,842410
2529677,64,115,8894,2008,0.0,1582.0,1.165294,1.1112440000000001,DNK,KAZ,842410
2529678,71,115,8894,2008,197558.0,0.0,0.8755649999999999,2.122164,ESP,KAZ,842410
2529679,77,115,8894,2008,12319.0,6689.0,1.487702,-0.223965,FRA,KAZ,842410
2529680,81,115,8894,2008,8801.0,3002.0,1.7586119999999998,0.061214,GBR,KAZ,842410
2529681,100,115,8894,2008,7578.0,0.0,0.874459,1.075102,HRV,KAZ,842410
2529682,111,115,8894,2008,19552.0,0.0,1.308777,0.361523,ITA,KAZ,842410
2529683,130,115,8894,2008,913.0,0.0,0.59033,0.961408,LTU,KAZ,842410
2529684,153,115,8894,2008,1280.0,0.0,0.793395,0.6141939999999999,MYS,KAZ,842410
2529685,162,115,8894,2008,101649.0,0.0,1.139475,1.385316,NLD,KAZ,842410
2529686,163,115,8894,2008,3431.0,0.0,0.911428,-0.019318000000000002,NOR,KAZ,842410
2529687,177,115,8894,2008,212541.0,0.0,1.037287,1.244457,POL,KAZ,842410
2529688,186,115,8894,2008,2011428.0,394492.0,0.559059,-0.00886,RUS,KAZ,842410
2529689,224,115,8894,2008,88888.0,0.0,0.44478,2.186881,TUR,KAZ,842410
2529690,228,115,8894,2008,0.0,3102.0,0.59355,0.764415,UKR,KAZ,842410
2529691,231,115,8894,2008,203517.0,1915.0,1.584278,-0.209788,USA,KAZ,842410
2529692,249,115,8894,2008,13350.0,0.0,1.611693,0.93875,TWN,KAZ,842410
2529693,7,116,8894,2008,241905.0,0.0,-0.276433,-0.692392,ARE,KEN,842410
2529694,17,116,8894,2008,0.0,1867.0,-0.313815,-0.539678,BDI,KEN,842410
2529695,39,116,8894,2008,3553.0,0.0,0.684659,1.085312,CAN,KEN,842410
2529696,43,116,8894,2008,521170.0,0.0,0.929285,1.8917259999999998,CHN,KEN,842410
2529697,46,116,8894,2008,0.0,7373.0,-1.513117,-1.141895,COD,KEN,842410
2529698,49,116,8894,2008,0.0,2205.0,0.19505699999999998,0.566189,COL,KEN,842410
2529699,58,116,8894,2008,8043.0,0.0,1.003211,0.712629,CYP,KEN,842410
2529700,61,116,8894,2008,158580.0,67207.0,2.007167,-3.256961,DEU,KEN,842410
2529701,62,116,8894,2008,0.0,7039.0,-1.082951,-0.958676,DJI,KEN,842410
2529702,71,116,8894,2008,22304.0,0.0,0.8755649999999999,2.122164,ESP,KEN,842410
2529703,77,116,8894,2008,3188.0,0.0,1.487702,-0.223965,FRA,KEN,842410
2529704,81,116,8894,2008,18134.0,0.0,1.7586119999999998,0.061214,GBR,KEN,842410
2529705,97,116,8894,2008,34755.0,0.0,0.74435,2.149616,HKG,KEN,842410
2529706,104,116,8894,2008,9826.0,0.0,0.26694,2.926023,IND,KEN,842410
2529707,106,116,8894,2008,10817.0,0.0,1.693858,0.221425,IRL,KEN,842410
2529708,111,116,8894,2008,1617.0,0.0,1.308777,0.361523,ITA,KEN,842410
2529709,153,116,8894,2008,356794.0,0.0,0.793395,0.6141939999999999,MYS,KEN,842410
2529710,162,116,8894,2008,6863.0,15522.0,1.139475,1.385316,NLD,KEN,842410
2529711,163,116,8894,2008,2493.0,0.0,0.911428,-0.019318000000000002,NOR,KEN,842410
2529712,187,116,8894,2008,0.0,173060.0,-0.770307,-0.650779,RWA,KEN,842410
2529713,190,116,8894,2008,0.0,21632.0,-2.095439,-1.263511,SDN,KEN,842410
2529714,199,116,8894,2008,0.0,77257.0,-0.594349,-0.8550979999999999,SOM,KEN,842410
2529715,226,116,8894,2008,0.0,38004.0,-0.755692,0.8751690000000001,TZA,KEN,842410
2529716,227,116,8894,2008,0.0,60271.0,-0.653885,-0.035455,UGA,KEN,842410
2529717,231,116,8894,2008,134999.0,0.0,1.584278,-0.209788,USA,KEN,842410
2529718,246,116,8894,2008,5443.0,0.0,0.22551500000000002,1.185506,ZAF,KEN,842410
2529719,249,116,8894,2008,1255.0,0.0,1.611693,0.93875,TWN,KEN,842410
2529720,39,117,8894,2008,57672.0,0.0,0.684659,1.085312,CAN,KGZ,842410
2529721,43,117,8894,2008,270217.0,0.0,0.929285,1.8917259999999998,CHN,KGZ,842410
2529722,61,117,8894,2008,9119.0,0.0,2.007167,-3.256961,DEU,KGZ,842410
2529723,162,117,8894,2008,1353.0,0.0,1.139475,1.385316,NLD,KGZ,842410
2529724,186,117,8894,2008,24054.0,0.0,0.559059,-0.00886,RUS,KGZ,842410
2529725,231,117,8894,2008,6246.0,0.0,1.584278,-0.209788,USA,KGZ,842410
2529726,43,118,8894,2008,62423.0,0.0,0.929285,1.8917259999999998,CHN,KHM,842410
2529727,81,118,8894,2008,1932.0,0.0,1.7586119999999998,0.061214,GBR,KHM,842410
2529728,114,118,8894,2008,986.0,0.0,2.285056,0.036255,JPN,KHM,842410
2529729,121,118,8894,2008,0.0,6307.0,1.491687,0.814692,KOR,KHM,842410
2529730,143,118,8894,2008,0.0,1962.0,-1.501556,-1.1134110000000002,MMR,KHM,842410
2529731,153,118,8894,2008,23009.0,0.0,0.793395,0.6141939999999999,MYS,KHM,842410
2529732,192,118,8894,2008,92427.0,0.0,1.844543,0.5947020000000001,SGP,KHM,842410
2529733,216,118,8894,2008,3952.0,0.0,0.7531399999999999,1.4420620000000002,THA,KHM,842410
2529734,231,118,8894,2008,2091.0,0.0,1.584278,-0.209788,USA,KHM,842410
2529735,239,118,8894,2008,74842.0,0.0,-0.207083,1.1323370000000001,VNM,KHM,842410
2529736,249,118,8894,2008,6039.0,0.0,1.611693,0.93875,TWN,KHM,842410
2529737,7,122,8894,2008,328718.0,13804.0,-0.276433,-0.692392,ARE,KWT,842410
2529738,15,122,8894,2008,40871.0,0.0,1.634816,-0.078419,AUT,KWT,842410
2529739,24,122,8894,2008,0.0,1768.0,0.335334,-0.81372,BHR,KWT,842410
2529740,43,122,8894,2008,421623.0,0.0,0.929285,1.8917259999999998,CHN,KWT,842410
2529741,59,122,8894,2008,11894.0,0.0,1.592035,0.27983600000000003,CZE,KWT,842410
2529742,61,122,8894,2008,2792296.0,0.0,2.007167,-3.256961,DEU,KWT,842410
2529743,64,122,8894,2008,125810.0,0.0,1.165294,1.1112440000000001,DNK,KWT,842410
2529744,71,122,8894,2008,228174.0,0.0,0.8755649999999999,2.122164,ESP,KWT,842410
2529745,77,122,8894,2008,2729.0,0.0,1.487702,-0.223965,FRA,KWT,842410
2529746,81,122,8894,2008,971903.0,449686.0,1.7586119999999998,0.061214,GBR,KWT,842410
2529747,106,122,8894,2008,32631.0,0.0,1.693858,0.221425,IRL,KWT,842410
2529748,111,122,8894,2008,207935.0,0.0,1.308777,0.361523,ITA,KWT,842410
2529749,114,122,8894,2008,232707.0,0.0,2.285056,0.036255,JPN,KWT,842410
2529750,121,122,8894,2008,80668.0,0.0,1.491687,0.814692,KOR,KWT,842410
2529751,126,122,8894,2008,0.0,80160.0,-1.156353,-1.133716,LBY,KWT,842410
2529752,138,122,8894,2008,12156.0,0.0,0.9833639999999999,0.7687069999999999,MEX,KWT,842410
2529753,153,122,8894,2008,678334.0,0.0,0.793395,0.6141939999999999,MYS,KWT,842410
2529754,162,122,8894,2008,302243.0,0.0,1.139475,1.385316,NLD,KWT,842410
2529755,177,122,8894,2008,10575.0,0.0,1.037287,1.244457,POL,KWT,842410
2529756,183,122,8894,2008,0.0,15628.0,-0.36390900000000004,-1.0045549999999999,QAT,KWT,842410
2529757,188,122,8894,2008,147539.0,32888.0,-0.09849400000000001,-0.8998309999999999,SAU,KWT,842410
2529758,192,122,8894,2008,405628.0,0.0,1.844543,0.5947020000000001,SGP,KWT,842410
2529759,216,122,8894,2008,25826.0,0.0,0.7531399999999999,1.4420620000000002,THA,KWT,842410
2529760,231,122,8894,2008,989446.0,0.0,1.584278,-0.209788,USA,KWT,842410
2529761,7,124,8894,2008,42083.0,0.0,-0.276433,-0.692392,ARE,LBN,842410
2529762,18,124,8894,2008,31818.0,0.0,1.297416,0.9716549999999999,BEL,LBN,842410
2529763,43,124,8894,2008,788485.0,0.0,0.929285,1.8917259999999998,CHN,LBN,842410
2529764,47,124,8894,2008,0.0,4963.0,-2.2772799999999997,-1.216089,COG,LBN,842410
2529765,58,124,8894,2008,4191.0,0.0,1.003211,0.712629,CYP,LBN,842410
2529766,61,124,8894,2008,33044.0,39105.0,2.007167,-3.256961,DEU,LBN,842410
2529767,68,124,8894,2008,71141.0,0.0,-0.098316,1.134642,EGY,LBN,842410
2529768,71,124,8894,2008,94371.0,0.0,0.8755649999999999,2.122164,ESP,LBN,842410
2529769,80,124,8894,2008,0.0,1853.0,-1.316179,-1.117633,GAB,LBN,842410
2529770,81,124,8894,2008,86916.0,0.0,1.7586119999999998,0.061214,GBR,LBN,842410
2529771,85,124,8894,2008,0.0,11576.0,-1.530997,-1.171231,GIN,LBN,842410
2529772,89,124,8894,2008,0.0,7632.0,-1.059208,-0.843542,GNQ,LBN,842410
2529773,108,124,8894,2008,0.0,1824.0,-1.6604189999999999,-0.886959,IRQ,LBN,842410
2529774,111,124,8894,2008,63145.0,0.0,1.308777,0.361523,ITA,LBN,842410
2529775,113,124,8894,2008,12131.0,0.0,0.255463,0.45844799999999997,JOR,LBN,842410
2529776,153,124,8894,2008,19416.0,0.0,0.793395,0.6141939999999999,MYS,LBN,842410
2529777,162,124,8894,2008,1398.0,0.0,1.139475,1.385316,NLD,LBN,842410
2529778,188,124,8894,2008,26558.0,0.0,-0.09849400000000001,-0.8998309999999999,SAU,LBN,842410
2529779,190,124,8894,2008,0.0,2788.0,-2.095439,-1.263511,SDN,LBN,842410
2529780,192,124,8894,2008,36968.0,0.0,1.844543,0.5947020000000001,SGP,LBN,842410
2529781,212,124,8894,2008,18370.0,0.0,-0.365789,0.877383,SYR,LBN,842410
2529782,231,124,8894,2008,633960.0,0.0,1.584278,-0.209788,USA,LBN,842410
2529783,250,124,8894,2008,0.0,3048.0,0.547909,-0.5303640000000001,ANS,LBN,842410
2529784,7,128,8894,2008,3026.0,0.0,-0.276433,-0.692392,ARE,LKA,842410
2529785,24,128,8894,2008,3783.0,0.0,0.335334,-0.81372,BHR,LKA,842410
2529786,43,128,8894,2008,462502.0,0.0,0.929285,1.8917259999999998,CHN,LKA,842410
2529787,61,128,8894,2008,8333.0,7848.0,2.007167,-3.256961,DEU,LKA,842410
2529788,77,128,8894,2008,436894.0,0.0,1.487702,-0.223965,FRA,LKA,842410
2529789,81,128,8894,2008,82161.0,6653.0,1.7586119999999998,0.061214,GBR,LKA,842410
2529790,104,128,8894,2008,1047.0,0.0,0.26694,2.926023,IND,LKA,842410
2529791,111,128,8894,2008,1924.0,0.0,1.308777,0.361523,ITA,LKA,842410
2529792,137,128,8894,2008,0.0,1362.0,0.037203,-0.718439,MDV,LKA,842410
2529793,153,128,8894,2008,15433.0,0.0,0.793395,0.6141939999999999,MYS,LKA,842410
2529794,174,128,8894,2008,845.0,0.0,0.276488,-0.02957,PHL,LKA,842410
2529795,192,128,8894,2008,78509.0,0.0,1.844543,0.5947020000000001,SGP,LKA,842410
2529796,231,128,8894,2008,36344.0,0.0,1.584278,-0.209788,USA,LKA,842410
2529797,15,130,8894,2008,0.0,155092.0,1.634816,-0.078419,AUT,LTU,842410
2529798,23,130,8894,2008,0.0,6484.0,0.44409,1.575399,BGR,LTU,842410
2529799,43,130,8894,2008,447827.0,0.0,0.929285,1.8917259999999998,CHN,LTU,842410
2529800,59,130,8894,2008,208242.0,44624.0,1.592035,0.27983600000000003,CZE,LTU,842410
2529801,61,130,8894,2008,187146.0,5316.0,2.007167,-3.256961,DEU,LTU,842410
2529802,64,130,8894,2008,0.0,3792.0,1.165294,1.1112440000000001,DNK,LTU,842410
2529803,71,130,8894,2008,90532.0,0.0,0.8755649999999999,2.122164,ESP,LTU,842410
2529804,72,130,8894,2008,0.0,133260.0,0.749696,1.5173940000000001,EST,LTU,842410
2529805,74,130,8894,2008,1266.0,0.0,1.767859,0.846409,FIN,LTU,842410
2529806,77,130,8894,2008,2798.0,1393.0,1.487702,-0.223965,FRA,LTU,842410
2529807,81,130,8894,2008,2948.0,2152.0,1.7586119999999998,0.061214,GBR,LTU,842410
2529808,90,130,8894,2008,0.0,129193.0,0.33272399999999996,1.758188,GRC,LTU,842410
2529809,106,130,8894,2008,0.0,7647.0,1.693858,0.221425,IRL,LTU,842410
2529810,111,130,8894,2008,46604.0,4239.0,1.308777,0.361523,ITA,LTU,842410
2529811,115,130,8894,2008,0.0,913.0,-0.43055200000000005,-0.6852590000000001,KAZ,LTU,842410
2529812,132,130,8894,2008,97474.0,128997.0,0.655489,1.0811540000000002,LVA,LTU,842410
2529813,162,130,8894,2008,68811.0,48717.0,1.139475,1.385316,NLD,LTU,842410
2529814,177,130,8894,2008,329445.0,0.0,1.037287,1.244457,POL,LTU,842410
2529815,186,130,8894,2008,27776.0,40979.0,0.559059,-0.00886,RUS,LTU,842410
2529816,207,130,8894,2008,0.0,4784.0,1.5099209999999998,0.683663,SVN,LTU,842410
2529817,208,130,8894,2008,11333.0,0.0,1.866575,0.44342700000000007,SWE,LTU,842410
2529818,228,130,8894,2008,19226.0,0.0,0.59355,0.764415,UKR,LTU,842410
2529819,231,130,8894,2008,10637.0,2896.0,1.584278,-0.209788,USA,LTU,842410
2529820,234,130,8894,2008,0.0,5307.0,-0.598538,-0.8798459999999999,VCT,LTU,842410
2529821,18,131,8894,2008,195129.0,215778.0,1.297416,0.9716549999999999,BEL,LUX,842410
2529822,43,131,8894,2008,6084.0,0.0,0.929285,1.8917259999999998,CHN,LUX,842410
2529823,59,131,8894,2008,26810.0,0.0,1.592035,0.27983600000000003,CZE,LUX,842410
2529824,61,131,8894,2008,1450369.0,11904.0,2.007167,-3.256961,DEU,LUX,842410
2529825,64,131,8894,2008,141159.0,0.0,1.165294,1.1112440000000001,DNK,LUX,842410
2529826,71,131,8894,2008,35485.0,0.0,0.8755649999999999,2.122164,ESP,LUX,842410
2529827,77,131,8894,2008,195559.0,91700.0,1.487702,-0.223965,FRA,LUX,842410
2529828,81,131,8894,2008,20264.0,101915.0,1.7586119999999998,0.061214,GBR,LUX,842410
2529829,100,131,8894,2008,86169.0,0.0,0.874459,1.075102,HRV,LUX,842410
2529830,110,131,8894,2008,0.0,1792.0,1.169192,0.797136,ISR,LUX,842410
2529831,111,131,8894,2008,2823463.0,150945.0,1.308777,0.361523,ITA,LUX,842410
2529832,162,131,8894,2008,20579.0,43368.0,1.139475,1.385316,NLD,LUX,842410
2529833,208,131,8894,2008,27307.0,0.0,1.866575,0.44342700000000007,SWE,LUX,842410
2529834,231,131,8894,2008,3179.0,0.0,1.584278,-0.209788,USA,LUX,842410
2529835,250,131,8894,2008,93526.0,0.0,0.547909,-0.5303640000000001,ANS,LUX,842410
2529836,7,135,8894,2008,2936.0,0.0,-0.276433,-0.692392,ARE,MDA,842410
2529837,23,135,8894,2008,26121.0,0.0,0.44409,1.575399,BGR,MDA,842410
2529838,28,135,8894,2008,20332.0,0.0,0.9869,0.38977399999999995,BLR,MDA,842410
2529839,43,135,8894,2008,13837.0,0.0,0.929285,1.8917259999999998,CHN,MDA,842410
2529840,61,135,8894,2008,4243.0,0.0,2.007167,-3.256961,DEU,MDA,842410
2529841,64,135,8894,2008,1894.0,0.0,1.165294,1.1112440000000001,DNK,MDA,842410
2529842,81,135,8894,2008,7438.0,0.0,1.7586119999999998,0.061214,GBR,MDA,842410
2529843,111,135,8894,2008,10955.0,0.0,1.308777,0.361523,ITA,MDA,842410
2529844,121,135,8894,2008,953.0,0.0,1.491687,0.814692,KOR,MDA,842410
2529845,177,135,8894,2008,2847.0,0.0,1.037287,1.244457,POL,MDA,842410
2529846,185,135,8894,2008,3430.0,0.0,0.784924,1.235527,ROU,MDA,842410
2529847,186,135,8894,2008,273153.0,0.0,0.559059,-0.00886,RUS,MDA,842410
2529848,228,135,8894,2008,81357.0,0.0,0.59355,0.764415,UKR,MDA,842410
2529849,231,135,8894,2008,5027.0,0.0,1.584278,-0.209788,USA,MDA,842410
2529850,26,144,8894,2008,2316.0,0.0,0.480256,0.810361,BIH,MNE,842410
2529851,43,144,8894,2008,759.0,0.0,0.929285,1.8917259999999998,CHN,MNE,842410
2529852,61,144,8894,2008,9932.0,0.0,2.007167,-3.256961,DEU,MNE,842410
2529853,81,144,8894,2008,766.0,0.0,1.7586119999999998,0.061214,GBR,MNE,842410
2529854,100,144,8894,2008,202286.0,0.0,0.874459,1.075102,HRV,MNE,842410
2529855,111,144,8894,2008,22413.0,0.0,1.308777,0.361523,ITA,MNE,842410
2529856,201,144,8894,2008,167038.0,0.0,0.615147,1.484149,SRB,MNE,842410
2529857,224,144,8894,2008,1189.0,0.0,0.44478,2.186881,TUR,MNE,842410
2529858,43,147,8894,2008,35582.0,0.0,0.929285,1.8917259999999998,CHN,MOZ,842410
2529859,64,147,8894,2008,1721.0,0.0,1.165294,1.1112440000000001,DNK,MOZ,842410
2529860,77,147,8894,2008,4256.0,0.0,1.487702,-0.223965,FRA,MOZ,842410
2529861,104,147,8894,2008,51958.0,0.0,0.26694,2.926023,IND,MOZ,842410
2529862,179,147,8894,2008,1378.0,0.0,0.64135,2.1946939999999997,PRT,MOZ,842410
2529863,209,147,8894,2008,1659.0,0.0,0.761506,0.29043,SWZ,MOZ,842410
2529864,226,147,8894,2008,980.0,0.0,-0.755692,0.8751690000000001,TZA,MOZ,842410
2529865,231,147,8894,2008,8463.0,0.0,1.584278,-0.209788,USA,MOZ,842410
2529866,246,147,8894,2008,193697.0,5934.0,0.22551500000000002,1.185506,ZAF,MOZ,842410
2529867,7,159,8894,2008,76526.0,0.0,-0.276433,-0.692392,ARE,NGA,842410
2529868,13,159,8894,2008,4385.0,0.0,1.041425,0.198248,ATG,NGA,842410
2529869,18,159,8894,2008,9757.0,0.0,1.297416,0.9716549999999999,BEL,NGA,842410
2529870,32,159,8894,2008,2286.0,0.0,0.444687,0.904332,BRA,NGA,842410
2529871,39,159,8894,2008,80982.0,0.0,0.684659,1.085312,CAN,NGA,842410
2529872,41,159,8894,2008,122575.0,0.0,1.978404,0.368694,CHE,NGA,842410
2529873,43,159,8894,2008,2972037.0,0.0,0.929285,1.8917259999999998,CHN,NGA,842410
2529874,61,159,8894,2008,101711.0,29076.0,2.007167,-3.256961,DEU,NGA,842410
2529875,71,159,8894,2008,12862.0,0.0,0.8755649999999999,2.122164,ESP,NGA,842410
2529876,77,159,8894,2008,128254.0,0.0,1.487702,-0.223965,FRA,NGA,842410
2529877,80,159,8894,2008,11198.0,0.0,-1.316179,-1.117633,GAB,NGA,842410
2529878,81,159,8894,2008,278799.0,3250.0,1.7586119999999998,0.061214,GBR,NGA,842410
2529879,97,159,8894,2008,8381.0,0.0,0.74435,2.149616,HKG,NGA,842410
2529880,104,159,8894,2008,11662.0,0.0,0.26694,2.926023,IND,NGA,842410
2529881,110,159,8894,2008,55800.0,0.0,1.169192,0.797136,ISR,NGA,842410
2529882,111,159,8894,2008,1048229.0,0.0,1.308777,0.361523,ITA,NGA,842410
2529883,153,159,8894,2008,22985.0,0.0,0.793395,0.6141939999999999,MYS,NGA,842410
2529884,162,159,8894,2008,4365.0,2881.0,1.139475,1.385316,NLD,NGA,842410
2529885,215,159,8894,2008,2255.0,0.0,-0.5025689999999999,-0.747621,TGO,NGA,842410
2529886,231,159,8894,2008,6233904.0,0.0,1.584278,-0.209788,USA,NGA,842410
2529887,246,159,8894,2008,112417.0,0.0,0.22551500000000002,1.185506,ZAF,NGA,842410
2529888,249,159,8894,2008,2997.0,0.0,1.611693,0.93875,TWN,NGA,842410
2529889,7,167,8894,2008,911454.0,19348.0,-0.276433,-0.692392,ARE,OMN,842410
2529890,14,167,8894,2008,2826.0,0.0,-0.171801,-0.012588,AUS,OMN,842410
2529891,15,167,8894,2008,20613.0,0.0,1.634816,-0.078419,AUT,OMN,842410
2529892,43,167,8894,2008,237115.0,0.0,0.929285,1.8917259999999998,CHN,OMN,842410
2529893,58,167,8894,2008,11073.0,0.0,1.003211,0.712629,CYP,OMN,842410
2529894,61,167,8894,2008,50302.0,0.0,2.007167,-3.256961,DEU,OMN,842410
2529895,71,167,8894,2008,98604.0,0.0,0.8755649999999999,2.122164,ESP,OMN,842410
2529896,77,167,8894,2008,6791.0,0.0,1.487702,-0.223965,FRA,OMN,842410
2529897,81,167,8894,2008,1301504.0,143366.0,1.7586119999999998,0.061214,GBR,OMN,842410
2529898,102,167,8894,2008,2933.0,0.0,1.3358299999999999,0.8177770000000001,HUN,OMN,842410
2529899,104,167,8894,2008,13689.0,0.0,0.26694,2.926023,IND,OMN,842410
2529900,111,167,8894,2008,258117.0,0.0,1.308777,0.361523,ITA,OMN,842410
2529901,114,167,8894,2008,21582.0,0.0,2.285056,0.036255,JPN,OMN,842410
2529902,121,167,8894,2008,484837.0,0.0,1.491687,0.814692,KOR,OMN,842410
2529903,153,167,8894,2008,106548.0,0.0,0.793395,0.6141939999999999,MYS,OMN,842410
2529904,162,167,8894,2008,12811.0,0.0,1.139475,1.385316,NLD,OMN,842410
2529905,163,167,8894,2008,33201.0,0.0,0.911428,-0.019318000000000002,NOR,OMN,842410
2529906,188,167,8894,2008,173426.0,0.0,-0.09849400000000001,-0.8998309999999999,SAU,OMN,842410
2529907,216,167,8894,2008,74327.0,0.0,0.7531399999999999,1.4420620000000002,THA,OMN,842410
2529908,231,167,8894,2008,224959.0,0.0,1.584278,-0.209788,USA,OMN,842410
2529909,7,168,8894,2008,71311.0,2532.0,-0.276433,-0.692392,ARE,PAK,842410
2529910,15,168,8894,2008,13789.0,0.0,1.634816,-0.078419,AUT,PAK,842410
2529911,24,168,8894,2008,0.0,1590.0,0.335334,-0.81372,BHR,PAK,842410
2529912,39,168,8894,2008,1289.0,0.0,0.684659,1.085312,CAN,PAK,842410
2529913,43,168,8894,2008,1511149.0,0.0,0.929285,1.8917259999999998,CHN,PAK,842410
2529914,61,168,8894,2008,383274.0,0.0,2.007167,-3.256961,DEU,PAK,842410
2529915,64,168,8894,2008,9665.0,0.0,1.165294,1.1112440000000001,DNK,PAK,842410
2529916,68,168,8894,2008,2142.0,0.0,-0.098316,1.134642,EGY,PAK,842410
2529917,71,168,8894,2008,142057.0,0.0,0.8755649999999999,2.122164,ESP,PAK,842410
2529918,77,168,8894,2008,15992.0,1176.0,1.487702,-0.223965,FRA,PAK,842410
2529919,81,168,8894,2008,216529.0,1432.0,1.7586119999999998,0.061214,GBR,PAK,842410
2529920,90,168,8894,2008,967.0,0.0,0.33272399999999996,1.758188,GRC,PAK,842410
2529921,97,168,8894,2008,18392.0,0.0,0.74435,2.149616,HKG,PAK,842410
2529922,104,168,8894,2008,20614.0,0.0,0.26694,2.926023,IND,PAK,842410
2529923,106,168,8894,2008,174192.0,0.0,1.693858,0.221425,IRL,PAK,842410
2529924,111,168,8894,2008,156910.0,0.0,1.308777,0.361523,ITA,PAK,842410
2529925,121,168,8894,2008,79003.0,0.0,1.491687,0.814692,KOR,PAK,842410
2529926,138,168,8894,2008,887.0,0.0,0.9833639999999999,0.7687069999999999,MEX,PAK,842410
2529927,153,168,8894,2008,1179.0,0.0,0.793395,0.6141939999999999,MYS,PAK,842410
2529928,162,168,8894,2008,1202.0,0.0,1.139475,1.385316,NLD,PAK,842410
2529929,186,168,8894,2008,3799.0,0.0,0.559059,-0.00886,RUS,PAK,842410
2529930,188,168,8894,2008,50241.0,2192.0,-0.09849400000000001,-0.8998309999999999,SAU,PAK,842410
2529931,192,168,8894,2008,65817.0,0.0,1.844543,0.5947020000000001,SGP,PAK,842410
2529932,208,168,8894,2008,67947.0,0.0,1.866575,0.44342700000000007,SWE,PAK,842410
2529933,231,168,8894,2008,679664.0,1103.0,1.584278,-0.209788,USA,PAK,842410
2529934,249,168,8894,2008,2307.0,0.0,1.611693,0.93875,TWN,PAK,842410
2529935,250,168,8894,2008,128973.0,0.0,0.547909,-0.5303640000000001,ANS,PAK,842410
2529936,43,178,8894,2008,37184.0,0.0,0.929285,1.8917259999999998,CHN,PRK,842410
2529937,7,186,8894,2008,0.0,13580.0,-0.276433,-0.692392,ARE,RUS,842410
2529938,9,186,8894,2008,0.0,100675.0,0.360609,-0.038343,ARM,RUS,842410
2529939,14,186,8894,2008,0.0,52681.0,-0.171801,-0.012588,AUS,RUS,842410
2529940,16,186,8894,2008,0.0,5200.0,-0.7143109999999999,-1.114747,AZE,RUS,842410
2529941,18,186,8894,2008,1605.0,0.0,1.297416,0.9716549999999999,BEL,RUS,842410
2529942,23,186,8894,2008,0.0,92064.0,0.44409,1.575399,BGR,RUS,842410
2529943,28,186,8894,2008,4341699.0,2314990.0,0.9869,0.38977399999999995,BLR,RUS,842410
2529944,39,186,8894,2008,3143.0,6092.0,0.684659,1.085312,CAN,RUS,842410
2529945,41,186,8894,2008,5328.0,0.0,1.978404,0.368694,CHE,RUS,842410
2529946,43,186,8894,2008,8254756.0,397314.0,0.929285,1.8917259999999998,CHN,RUS,842410
2529947,44,186,8894,2008,0.0,1754.0,-0.9806040000000001,-0.730792,CIV,RUS,842410
2529948,49,186,8894,2008,0.0,55374.0,0.19505699999999998,0.566189,COL,RUS,842410
2529949,54,186,8894,2008,0.0,41420.0,-0.23158299999999998,-0.892943,CUB,RUS,842410
2529950,58,186,8894,2008,0.0,341975.0,1.003211,0.712629,CYP,RUS,842410
2529951,59,186,8894,2008,59441.0,29325.0,1.592035,0.27983600000000003,CZE,RUS,842410
2529952,61,186,8894,2008,3505727.0,115500.0,2.007167,-3.256961,DEU,RUS,842410
2529953,64,186,8894,2008,281232.0,0.0,1.165294,1.1112440000000001,DNK,RUS,842410
2529954,66,186,8894,2008,0.0,6514.0,-0.556434,-1.079109,DZA,RUS,842410
2529955,67,186,8894,2008,0.0,1462.0,-0.859434,-0.972389,ECU,RUS,842410
2529956,71,186,8894,2008,2643588.0,0.0,0.8755649999999999,2.122164,ESP,RUS,842410
2529957,72,186,8894,2008,4744.0,22597.0,0.749696,1.5173940000000001,EST,RUS,842410
2529958,74,186,8894,2008,79870.0,40345.0,1.767859,0.846409,FIN,RUS,842410
2529959,77,186,8894,2008,8461.0,43534.0,1.487702,-0.223965,FRA,RUS,842410
2529960,81,186,8894,2008,202533.0,26019492.0,1.7586119999999998,0.061214,GBR,RUS,842410
2529961,85,186,8894,2008,0.0,3223.0,-1.530997,-1.171231,GIN,RUS,842410
2529962,90,186,8894,2008,0.0,48664.0,0.33272399999999996,1.758188,GRC,RUS,842410
2529963,100,186,8894,2008,65920.0,7334.0,0.874459,1.075102,HRV,RUS,842410
2529964,104,186,8894,2008,0.0,9990.0,0.26694,2.926023,IND,RUS,842410
2529965,107,186,8894,2008,0.0,157478.0,-0.9776469999999999,-1.054475,IRN,RUS,842410
2529966,109,186,8894,2008,0.0,967.0,0.26969899999999997,-0.29915,ISL,RUS,842410
2529967,111,186,8894,2008,1669635.0,79035.0,1.308777,0.361523,ITA,RUS,842410
2529968,115,186,8894,2008,394492.0,2011428.0,-0.43055200000000005,-0.6852590000000001,KAZ,RUS,842410
2529969,117,186,8894,2008,0.0,24054.0,-0.287826,-0.11858699999999998,KGZ,RUS,842410
2529970,121,186,8894,2008,0.0,2046.0,1.491687,0.814692,KOR,RUS,842410
2529971,125,186,8894,2008,0.0,18716.0,-0.20785900000000002,-0.9568030000000001,LBR,RUS,842410
2529972,126,186,8894,2008,0.0,5599.0,-1.156353,-1.133716,LBY,RUS,842410
2529973,130,186,8894,2008,40979.0,27776.0,0.59033,0.961408,LTU,RUS,842410
2529974,132,186,8894,2008,0.0,20756.0,0.655489,1.0811540000000002,LVA,RUS,842410
2529975,135,186,8894,2008,0.0,273153.0,0.096913,-0.095718,MDA,RUS,842410
2529976,138,186,8894,2008,0.0,1291.0,0.9833639999999999,0.7687069999999999,MEX,RUS,842410
2529977,145,186,8894,2008,0.0,99242.0,-1.13585,-1.1076190000000001,MNG,RUS,842410
2529978,162,186,8894,2008,2936.0,200147.0,1.139475,1.385316,NLD,RUS,842410
2529979,163,186,8894,2008,10770.0,11532.0,0.911428,-0.019318000000000002,NOR,RUS,842410
2529980,164,186,8894,2008,0.0,2151.0,-0.130718,0.59102,NPL,RUS,842410
2529981,168,186,8894,2008,0.0,3799.0,-0.401588,0.500668,PAK,RUS,842410
2529982,173,186,8894,2008,0.0,43218.0,-0.518126,0.17193599999999998,PER,RUS,842410
2529983,177,186,8894,2008,198891.0,95432.0,1.037287,1.244457,POL,RUS,842410
2529984,179,186,8894,2008,0.0,32133.0,0.64135,2.1946939999999997,PRT,RUS,842410
2529985,201,186,8894,2008,0.0,12328.0,0.615147,1.484149,SRB,RUS,842410
2529986,206,186,8894,2008,5817.0,21035.0,1.3402040000000002,0.8038770000000001,SVK,RUS,842410
2529987,208,186,8894,2008,113283.0,0.0,1.866575,0.44342700000000007,SWE,RUS,842410
2529988,217,186,8894,2008,0.0,53811.0,-0.8988010000000001,-1.126157,TJK,RUS,842410
2529989,219,186,8894,2008,0.0,114005.0,-1.094592,-1.166598,TKM,RUS,842410
2529990,223,186,8894,2008,0.0,19216.0,0.084141,0.676248,TUN,RUS,842410
2529991,224,186,8894,2008,109153.0,0.0,0.44478,2.186881,TUR,RUS,842410
2529992,228,186,8894,2008,154705.0,1510288.0,0.59355,0.764415,UKR,RUS,842410
2529993,231,186,8894,2008,57651.0,42416.0,1.584278,-0.209788,USA,RUS,842410
2529994,232,186,8894,2008,0.0,1069078.0,-0.470184,-0.773163,UZB,RUS,842410
2529995,236,186,8894,2008,0.0,65137.0,-0.442996,-1.0439969999999998,VEN,RUS,842410
2529996,239,186,8894,2008,0.0,4032.0,-0.207083,1.1323370000000001,VNM,RUS,842410
2529997,246,186,8894,2008,0.0,314620.0,0.22551500000000002,1.185506,ZAF,RUS,842410
2529998,7,191,8894,2008,2321.0,0.0,-0.276433,-0.692392,ARE,SEN,842410
