5029999,71,162,5732,1995,187728.0,0.0,1.144247,1.933844,ESP,NLD,251612
5030000,74,162,5732,1995,16606.0,0.0,2.0085740000000003,1.126816,FIN,NLD,251612
5030001,77,162,5732,1995,97406.0,3808.0,1.768484,0.765537,FRA,NLD,251612
5030002,81,162,5732,1995,0.0,62873.0,1.8656979999999999,1.107121,GBR,NLD,251612
5030003,90,162,5732,1995,0.0,42193.0,0.17369,0.885756,GRC,NLD,251612
5030004,102,162,5732,1995,0.0,3496.0,0.878711,1.8200060000000002,HUN,NLD,251612
5030005,103,162,5732,1995,7766.0,0.0,-0.391727,1.174727,IDN,NLD,251612
5030006,104,162,5732,1995,1519003.0,0.0,0.156183,1.9617380000000002,IND,NLD,251612
5030007,107,162,5732,1995,2110.0,0.0,-0.821991,-1.071013,IRN,NLD,251612
5030008,109,162,5732,1995,2424.0,7187.0,0.161331,-0.45210100000000003,ISL,NLD,251612
5030009,111,162,5732,1995,1127496.0,54289.0,1.503379,1.449094,ITA,NLD,251612
5030010,134,162,5732,1995,0.0,68410.0,-0.6481210000000001,-0.22345,MAR,NLD,251612
5030011,153,162,5732,1995,0.0,11521.0,0.357745,0.374284,MYS,NLD,251612
5030012,163,162,5732,1995,963274.0,0.0,1.019741,0.394241,NOR,NLD,251612
5030013,166,162,5732,1995,0.0,11600.0,0.5558270000000001,0.773271,NZL,NLD,251612
5030014,177,162,5732,1995,0.0,5960.0,0.76393,1.802648,POL,NLD,251612
5030015,179,162,5732,1995,61441.0,34621.0,0.412677,1.254009,PRT,NLD,251612
5030016,185,162,5732,1995,1652.0,0.0,0.621468,1.038729,ROU,NLD,251612
5030017,186,162,5732,1995,0.0,254105.0,0.364437,0.171494,RUS,NLD,251612
5030018,206,162,5732,1995,0.0,7921.0,1.2249780000000001,1.405585,SVK,NLD,251612
5030019,208,162,5732,1995,9567.0,0.0,2.246997,1.060171,SWE,NLD,251612
5030020,216,162,5732,1995,0.0,8536.0,0.174522,1.608058,THA,NLD,251612
5030021,224,162,5732,1995,6139.0,0.0,0.166794,1.209066,TUR,NLD,251612
5030022,231,162,5732,1995,4699.0,0.0,1.771648,1.184,USA,NLD,251612
5030023,239,162,5732,1995,33741.0,0.0,-1.0462069999999999,-0.269063,VNM,NLD,251612
5030024,246,162,5732,1995,358227.0,0.0,0.468112,1.039817,ZAF,NLD,251612
5030025,248,162,5732,1995,64322.0,0.0,-0.054752999999999996,0.326737,ZWE,NLD,251612
5030026,15,163,5732,1995,0.0,24513.0,2.000295,0.661255,AUT,NOR,251612
5030027,18,163,5732,1995,0.0,362139.0,1.615588,1.394102,BEL,NOR,251612
5030028,41,163,5732,1995,0.0,37840.0,2.1893029999999998,0.82765,CHE,NOR,251612
5030029,43,163,5732,1995,13394.0,0.0,0.387897,3.2147919999999996,CHN,NOR,251612
5030030,61,163,5732,1995,3687.0,1371343.0,2.325385,-2.2238189999999998,DEU,NOR,251612
5030031,64,163,5732,1995,26536.0,123164.0,1.3800270000000001,1.489036,DNK,NOR,251612
5030032,71,163,5732,1995,2347.0,445873.0,1.144247,1.933844,ESP,NOR,251612
5030033,74,163,5732,1995,37230.0,35759.0,2.0085740000000003,1.126816,FIN,NOR,251612
5030034,77,163,5732,1995,0.0,31870.0,1.768484,0.765537,FRA,NOR,251612
5030035,81,163,5732,1995,0.0,280717.0,1.8656979999999999,1.107121,GBR,NOR,251612
5030036,97,163,5732,1995,6992.0,0.0,0.5244449999999999,2.682738,HKG,NOR,251612
5030037,100,163,5732,1995,0.0,13219.0,0.75325,1.395715,HRV,NOR,251612
5030038,103,163,5732,1995,0.0,793403.0,-0.391727,1.174727,IDN,NOR,251612
5030039,104,163,5732,1995,117175.0,18734.0,0.156183,1.9617380000000002,IND,NOR,251612
5030040,106,163,5732,1995,0.0,143799.0,1.349192,0.992099,IRL,NOR,251612
5030041,109,163,5732,1995,0.0,5817.0,0.161331,-0.45210100000000003,ISL,NOR,251612
5030042,111,163,5732,1995,5153.0,4703380.0,1.503379,1.449094,ITA,NOR,251612
5030043,114,163,5732,1995,0.0,45541.0,2.56822,0.927307,JPN,NOR,251612
5030044,121,163,5732,1995,0.0,391908.0,0.845175,1.2761799999999999,KOR,NOR,251612
5030045,153,163,5732,1995,0.0,36877.0,0.357745,0.374284,MYS,NOR,251612
5030046,162,163,5732,1995,0.0,963274.0,1.304391,1.8819119999999998,NLD,NOR,251612
5030047,166,163,5732,1995,0.0,4040.0,0.5558270000000001,0.773271,NZL,NOR,251612
5030048,177,163,5732,1995,6007.0,74974.0,0.76393,1.802648,POL,NOR,251612
5030049,179,163,5732,1995,0.0,43757.0,0.412677,1.254009,PRT,NOR,251612
5030050,208,163,5732,1995,146769.0,18522.0,2.246997,1.060171,SWE,NOR,251612
5030051,216,163,5732,1995,0.0,335036.0,0.174522,1.608058,THA,NOR,251612
5030052,224,163,5732,1995,0.0,627147.0,0.166794,1.209066,TUR,NOR,251612
5030053,231,163,5732,1995,0.0,66631.0,1.771648,1.184,USA,NOR,251612
5030054,246,163,5732,1995,0.0,47095.0,0.468112,1.039817,ZAF,NOR,251612
5030055,8,169,5732,1995,41137.0,0.0,0.245885,0.5489850000000001,ARG,PAN,251612
5030056,32,169,5732,1995,20687.0,0.0,0.687171,1.188647,BRA,PAN,251612
5030057,111,169,5732,1995,172255.0,0.0,1.503379,1.449094,ITA,PAN,251612
5030058,77,173,5732,1995,0.0,1737.0,1.768484,0.765537,FRA,PER,251612
5030059,111,173,5732,1995,0.0,14122.0,1.503379,1.449094,ITA,PER,251612
5030060,231,173,5732,1995,5458.0,0.0,1.771648,1.184,USA,PER,251612
5030061,236,173,5732,1995,44021.0,0.0,0.299294,-0.635474,VEN,PER,251612
5030062,15,177,5732,1995,0.0,10889.0,2.000295,0.661255,AUT,POL,251612
5030063,18,177,5732,1995,158595.0,8283.0,1.615588,1.394102,BEL,POL,251612
5030064,58,177,5732,1995,182428.0,0.0,0.263764,0.030358999999999997,CYP,POL,251612
5030065,59,177,5732,1995,16765.0,24931.0,1.375091,1.628069,CZE,POL,251612
5030066,61,177,5732,1995,82915.0,418992.0,2.325385,-2.2238189999999998,DEU,POL,251612
5030067,64,177,5732,1995,0.0,39816.0,1.3800270000000001,1.489036,DNK,POL,251612
5030068,71,177,5732,1995,28601.0,0.0,1.144247,1.933844,ESP,POL,251612
5030069,74,177,5732,1995,151254.0,0.0,2.0085740000000003,1.126816,FIN,POL,251612
5030070,104,177,5732,1995,50097.0,0.0,0.156183,1.9617380000000002,IND,POL,251612
5030071,111,177,5732,1995,687692.0,22527.0,1.503379,1.449094,ITA,POL,251612
5030072,162,177,5732,1995,5960.0,0.0,1.304391,1.8819119999999998,NLD,POL,251612
5030073,163,177,5732,1995,74974.0,6007.0,1.019741,0.394241,NOR,POL,251612
5030074,208,177,5732,1995,59329.0,17319.0,2.246997,1.060171,SWE,POL,251612
5030075,228,177,5732,1995,415519.0,0.0,0.428875,0.20489899999999997,UKR,POL,251612
5030076,246,177,5732,1995,142270.0,0.0,0.468112,1.039817,ZAF,POL,251612
5030077,248,177,5732,1995,46181.0,0.0,-0.054752999999999996,0.326737,ZWE,POL,251612
5030078,250,177,5732,1995,135300.0,45820.0,1.034518,0.9735149999999999,ANS,POL,251612
5030079,2,179,5732,1995,312192.0,13898.0,-2.2342459999999997,-1.1147639999999999,AGO,PRT,251612
5030080,15,179,5732,1995,0.0,15695.0,2.000295,0.661255,AUT,PRT,251612
5030081,18,179,5732,1995,0.0,73441.0,1.615588,1.394102,BEL,PRT,251612
5030082,32,179,5732,1995,241826.0,0.0,0.687171,1.188647,BRA,PRT,251612
5030083,41,179,5732,1995,0.0,14758.0,2.1893029999999998,0.82765,CHE,PRT,251612
5030084,43,179,5732,1995,0.0,53230.0,0.387897,3.2147919999999996,CHN,PRT,251612
5030085,59,179,5732,1995,0.0,5405.0,1.375091,1.628069,CZE,PRT,251612
5030086,61,179,5732,1995,3169.0,1264765.0,2.325385,-2.2238189999999998,DEU,PRT,251612
5030087,64,179,5732,1995,0.0,16573.0,1.3800270000000001,1.489036,DNK,PRT,251612
5030088,71,179,5732,1995,2346990.0,1362038.0,1.144247,1.933844,ESP,PRT,251612
5030089,77,179,5732,1995,51756.0,605202.0,1.768484,0.765537,FRA,PRT,251612
5030090,81,179,5732,1995,0.0,2046098.0,1.8656979999999999,1.107121,GBR,PRT,251612
5030091,97,179,5732,1995,0.0,316630.0,0.5244449999999999,2.682738,HKG,PRT,251612
5030092,103,179,5732,1995,0.0,6165.0,-0.391727,1.174727,IDN,PRT,251612
5030093,104,179,5732,1995,44931.0,0.0,0.156183,1.9617380000000002,IND,PRT,251612
5030094,106,179,5732,1995,0.0,25702.0,1.349192,0.992099,IRL,PRT,251612
5030095,109,179,5732,1995,0.0,2806.0,0.161331,-0.45210100000000003,ISL,PRT,251612
5030096,110,179,5732,1995,0.0,235039.0,1.205368,1.189434,ISR,PRT,251612
5030097,111,179,5732,1995,42830.0,593691.0,1.503379,1.449094,ITA,PRT,251612
5030098,114,179,5732,1995,0.0,3981114.0,2.56822,0.927307,JPN,PRT,251612
5030099,121,179,5732,1995,0.0,322098.0,0.845175,1.2761799999999999,KOR,PRT,251612
5030100,142,179,5732,1995,0.0,16309.0,0.842519,0.11882899999999999,MLT,PRT,251612
5030101,153,179,5732,1995,0.0,63726.0,0.357745,0.374284,MYS,PRT,251612
5030102,160,179,5732,1995,0.0,30778.0,-0.395096,-0.559934,NIC,PRT,251612
5030103,162,179,5732,1995,34621.0,61441.0,1.304391,1.8819119999999998,NLD,PRT,251612
5030104,163,179,5732,1995,43757.0,0.0,1.019741,0.394241,NOR,PRT,251612
5030105,174,179,5732,1995,0.0,113533.0,-0.480548,0.076564,PHL,PRT,251612
5030106,188,179,5732,1995,32569.0,0.0,0.401573,-0.6676529999999999,SAU,PRT,251612
5030107,192,179,5732,1995,0.0,476220.0,0.747684,0.4745,SGP,PRT,251612
5030108,208,179,5732,1995,0.0,103140.0,2.246997,1.060171,SWE,PRT,251612
5030109,224,179,5732,1995,0.0,239624.0,0.166794,1.209066,TUR,PRT,251612
5030110,231,179,5732,1995,0.0,2458.0,1.771648,1.184,USA,PRT,251612
5030111,246,179,5732,1995,1580576.0,0.0,0.468112,1.039817,ZAF,PRT,251612
5030112,248,179,5732,1995,106263.0,0.0,-0.054752999999999996,0.326737,ZWE,PRT,251612
5030113,249,179,5732,1995,0.0,13733.0,1.345205,1.9337389999999999,TWN,PRT,251612
5030114,1,216,5732,1995,52113.0,0.0,-0.44388199999999994,-0.631151,AFG,THA,251612
5030115,14,216,5732,1995,193037.0,0.0,0.44442,0.789292,AUS,THA,251612
5030116,32,216,5732,1995,306912.0,0.0,0.687171,1.188647,BRA,THA,251612
5030117,41,216,5732,1995,27363.0,0.0,2.1893029999999998,0.82765,CHE,THA,251612
5030118,43,216,5732,1995,884201.0,0.0,0.387897,3.2147919999999996,CHN,THA,251612
5030119,61,216,5732,1995,10661.0,0.0,2.325385,-2.2238189999999998,DEU,THA,251612
5030120,71,216,5732,1995,0.0,2402.0,1.144247,1.933844,ESP,THA,251612
5030121,74,216,5732,1995,81312.0,0.0,2.0085740000000003,1.126816,FIN,THA,251612
5030122,103,216,5732,1995,105822.0,0.0,-0.391727,1.174727,IDN,THA,251612
5030123,104,216,5732,1995,620830.0,0.0,0.156183,1.9617380000000002,IND,THA,251612
5030124,111,216,5732,1995,26487.0,0.0,1.503379,1.449094,ITA,THA,251612
5030125,114,216,5732,1995,4779.0,0.0,2.56822,0.927307,JPN,THA,251612
5030126,123,216,5732,1995,7743.0,1807.0,-1.305146,-1.1964299999999999,LAO,THA,251612
5030127,153,216,5732,1995,83565.0,0.0,0.357745,0.374284,MYS,THA,251612
5030128,162,216,5732,1995,8536.0,0.0,1.304391,1.8819119999999998,NLD,THA,251612
5030129,163,216,5732,1995,335036.0,0.0,1.019741,0.394241,NOR,THA,251612
5030130,165,216,5732,1995,45682.0,0.0,0.9604870000000001,-0.513994,NRU,THA,251612
5030131,192,216,5732,1995,82886.0,5611.0,0.747684,0.4745,SGP,THA,251612
5030132,230,216,5732,1995,15304.0,0.0,0.45133900000000005,0.50831,URY,THA,251612
5030133,231,216,5732,1995,5466.0,0.0,1.771648,1.184,USA,THA,251612
5030134,239,216,5732,1995,1272900.0,0.0,-1.0462069999999999,-0.269063,VNM,THA,251612
5030135,246,216,5732,1995,230682.0,0.0,0.468112,1.039817,ZAF,THA,251612
5030136,247,216,5732,1995,237010.0,0.0,-0.214763,-0.721675,ZMB,THA,251612
5030137,249,216,5732,1995,25500.0,0.0,1.345205,1.9337389999999999,TWN,THA,251612
5030138,6,231,5732,1995,0.0,5134.0,-0.020759,-0.653863,ANT,USA,251612
5030139,8,231,5732,1995,31848.0,0.0,0.245885,0.5489850000000001,ARG,USA,251612
5030140,14,231,5732,1995,0.0,10584.0,0.44442,0.789292,AUS,USA,251612
5030141,18,231,5732,1995,60908.0,45031.0,1.615588,1.394102,BEL,USA,251612
5030142,25,231,5732,1995,0.0,16448.0,0.501206,-0.32106799999999996,BHS,USA,251612
5030143,32,231,5732,1995,272506.0,1140.0,0.687171,1.188647,BRA,USA,251612
5030144,39,231,5732,1995,271738.0,1176678.0,1.077804,1.0724200000000002,CAN,USA,251612
5030145,41,231,5732,1995,0.0,89890.0,2.1893029999999998,0.82765,CHE,USA,251612
5030146,43,231,5732,1995,302269.0,32573.0,0.387897,3.2147919999999996,CHN,USA,251612
5030147,49,231,5732,1995,0.0,26409.0,0.094335,0.13047999999999998,COL,USA,251612
5030148,61,231,5732,1995,156998.0,77990.0,2.325385,-2.2238189999999998,DEU,USA,251612
5030149,65,231,5732,1995,0.0,4384.0,-0.635482,-0.746526,DOM,USA,251612
5030150,67,231,5732,1995,0.0,30270.0,-0.948154,-0.9595790000000001,ECU,USA,251612
5030151,68,231,5732,1995,14612.0,0.0,-0.340042,-0.085601,EGY,USA,251612
5030152,71,231,5732,1995,280799.0,143155.0,1.144247,1.933844,ESP,USA,251612
5030153,74,231,5732,1995,4839.0,0.0,2.0085740000000003,1.126816,FIN,USA,251612
5030154,77,231,5732,1995,69248.0,63866.0,1.768484,0.765537,FRA,USA,251612
5030155,81,231,5732,1995,13754.0,4004.0,1.8656979999999999,1.107121,GBR,USA,251612
5030156,90,231,5732,1995,1941.0,0.0,0.17369,0.885756,GRC,USA,251612
5030157,97,231,5732,1995,0.0,118979.0,0.5244449999999999,2.682738,HKG,USA,251612
5030158,100,231,5732,1995,0.0,8679.0,0.75325,1.395715,HRV,USA,251612
5030159,102,231,5732,1995,0.0,11633.0,0.878711,1.8200060000000002,HUN,USA,251612
5030160,103,231,5732,1995,0.0,151361.0,-0.391727,1.174727,IDN,USA,251612
5030161,104,231,5732,1995,1616184.0,9182.0,0.156183,1.9617380000000002,IND,USA,251612
5030162,106,231,5732,1995,0.0,37500.0,1.349192,0.992099,IRL,USA,251612
5030163,111,231,5732,1995,4205980.0,3332220.0,1.503379,1.449094,ITA,USA,251612
5030164,114,231,5732,1995,0.0,2232030.0,2.56822,0.927307,JPN,USA,251612
5030165,121,231,5732,1995,17800.0,248454.0,0.845175,1.2761799999999999,KOR,USA,251612
5030166,138,231,5732,1995,9394.0,124904.0,0.6414300000000001,0.9697520000000001,MEX,USA,251612
5030167,153,231,5732,1995,0.0,35061.0,0.357745,0.374284,MYS,USA,251612
5030168,162,231,5732,1995,0.0,4699.0,1.304391,1.8819119999999998,NLD,USA,251612
5030169,163,231,5732,1995,66631.0,0.0,1.019741,0.394241,NOR,USA,251612
5030170,166,231,5732,1995,0.0,7206.0,0.5558270000000001,0.773271,NZL,USA,251612
5030171,173,231,5732,1995,0.0,5458.0,-0.263859,-0.21032800000000001,PER,USA,251612
5030172,179,231,5732,1995,2458.0,0.0,0.412677,1.254009,PRT,USA,251612
5030173,185,231,5732,1995,0.0,1171.0,0.621468,1.038729,ROU,USA,251612
5030174,188,231,5732,1995,23649.0,23224.0,0.401573,-0.6676529999999999,SAU,USA,251612
5030175,192,231,5732,1995,0.0,31084.0,0.747684,0.4745,SGP,USA,251612
5030176,207,231,5732,1995,0.0,7102.0,1.424606,1.490521,SVN,USA,251612
5030177,216,231,5732,1995,0.0,5466.0,0.174522,1.608058,THA,USA,251612
5030178,230,231,5732,1995,2821.0,0.0,0.45133900000000005,0.50831,URY,USA,251612
5030179,236,231,5732,1995,0.0,20020.0,0.299294,-0.635474,VEN,USA,251612
5030180,246,231,5732,1995,139454.0,39285.0,0.468112,1.039817,ZAF,USA,251612
5030181,248,231,5732,1995,44610.0,0.0,-0.054752999999999996,0.326737,ZWE,USA,251612
5030182,249,231,5732,1995,0.0,2105588.0,1.345205,1.9337389999999999,TWN,USA,251612
5030183,32,14,5732,1995,283068.0,0.0,0.687171,1.188647,BRA,AUS,251612
5030184,43,14,5732,1995,85512.0,5351.0,0.387897,3.2147919999999996,CHN,AUS,251612
5030185,61,14,5732,1995,0.0,21628.0,2.325385,-2.2238189999999998,DEU,AUS,251612
5030186,71,14,5732,1995,20548.0,0.0,1.144247,1.933844,ESP,AUS,251612
5030187,75,14,5732,1995,0.0,13247.0,-0.998257,-0.9565629999999999,FJI,AUS,251612
5030188,77,14,5732,1995,0.0,14366.0,1.768484,0.765537,FRA,AUS,251612
5030189,81,14,5732,1995,6100.0,0.0,1.8656979999999999,1.107121,GBR,AUS,251612
5030190,103,14,5732,1995,19224.0,123093.0,-0.391727,1.174727,IDN,AUS,251612
5030191,104,14,5732,1995,223354.0,0.0,0.156183,1.9617380000000002,IND,AUS,251612
5030192,111,14,5732,1995,399695.0,78737.0,1.503379,1.449094,ITA,AUS,251612
5030193,114,14,5732,1995,0.0,198276.0,2.56822,0.927307,JPN,AUS,251612
5030194,121,14,5732,1995,0.0,11015.0,0.845175,1.2761799999999999,KOR,AUS,251612
5030195,153,14,5732,1995,0.0,6350.0,0.357745,0.374284,MYS,AUS,251612
5030196,166,14,5732,1995,0.0,35205.0,0.5558270000000001,0.773271,NZL,AUS,251612
5030197,176,14,5732,1995,0.0,2700.0,-2.387352,-1.200933,PNG,AUS,251612
5030198,192,14,5732,1995,17931.0,1461.0,0.747684,0.4745,SGP,AUS,251612
5030199,216,14,5732,1995,0.0,193037.0,0.174522,1.608058,THA,AUS,251612
5030200,224,14,5732,1995,33896.0,0.0,0.166794,1.209066,TUR,AUS,251612
5030201,231,14,5732,1995,10584.0,0.0,1.771648,1.184,USA,AUS,251612
5030202,246,14,5732,1995,23747.0,0.0,0.468112,1.039817,ZAF,AUS,251612
5030203,248,14,5732,1995,11174.0,0.0,-0.054752999999999996,0.326737,ZWE,AUS,251612
5030204,249,14,5732,1995,0.0,196441.0,1.345205,1.9337389999999999,TWN,AUS,251612
5030205,104,22,5732,1995,93167.0,0.0,0.156183,1.9617380000000002,IND,BGD,251612
5030206,32,39,5732,1995,53662.0,0.0,0.687171,1.188647,BRA,CAN,251612
5030207,43,39,5732,1995,107750.0,0.0,0.387897,3.2147919999999996,CHN,CAN,251612
5030208,71,39,5732,1995,10103.0,0.0,1.144247,1.933844,ESP,CAN,251612
5030209,74,39,5732,1995,17653.0,13878.0,2.0085740000000003,1.126816,FIN,CAN,251612
5030210,77,39,5732,1995,0.0,22800.0,1.768484,0.765537,FRA,CAN,251612
5030211,81,39,5732,1995,0.0,35574.0,1.8656979999999999,1.107121,GBR,CAN,251612
5030212,97,39,5732,1995,0.0,60329.0,0.5244449999999999,2.682738,HKG,CAN,251612
5030213,103,39,5732,1995,0.0,79314.0,-0.391727,1.174727,IDN,CAN,251612
5030214,104,39,5732,1995,147607.0,0.0,0.156183,1.9617380000000002,IND,CAN,251612
5030215,111,39,5732,1995,294974.0,114763.0,1.503379,1.449094,ITA,CAN,251612
5030216,114,39,5732,1995,2497.0,330720.0,2.56822,0.927307,JPN,CAN,251612
5030217,121,39,5732,1995,0.0,73556.0,0.845175,1.2761799999999999,KOR,CAN,251612
5030218,128,39,5732,1995,18650.0,0.0,-0.8358030000000001,-0.29397199999999996,LKA,CAN,251612
5030219,153,39,5732,1995,0.0,9147.0,0.357745,0.374284,MYS,CAN,251612
5030220,188,39,5732,1995,4409.0,0.0,0.401573,-0.6676529999999999,SAU,CAN,251612
5030221,231,39,5732,1995,1176678.0,271738.0,1.771648,1.184,USA,CAN,251612
5030222,246,39,5732,1995,180035.0,0.0,0.468112,1.039817,ZAF,CAN,251612
5030223,15,41,5732,1995,2958.0,78844.0,2.000295,0.661255,AUT,CHE,251612
5030224,18,41,5732,1995,38517.0,0.0,1.615588,1.394102,BEL,CHE,251612
5030225,32,41,5732,1995,4145.0,0.0,0.687171,1.188647,BRA,CHE,251612
5030226,43,41,5732,1995,10957.0,0.0,0.387897,3.2147919999999996,CHN,CHE,251612
5030227,61,41,5732,1995,237082.0,1317993.0,2.325385,-2.2238189999999998,DEU,CHE,251612
5030228,64,41,5732,1995,16633.0,0.0,1.3800270000000001,1.489036,DNK,CHE,251612
5030229,71,41,5732,1995,160053.0,0.0,1.144247,1.933844,ESP,CHE,251612
5030230,74,41,5732,1995,3815.0,0.0,2.0085740000000003,1.126816,FIN,CHE,251612
5030231,77,41,5732,1995,301540.0,22540.0,1.768484,0.765537,FRA,CHE,251612
5030232,81,41,5732,1995,0.0,5782.0,1.8656979999999999,1.107121,GBR,CHE,251612
5030233,100,41,5732,1995,0.0,5393.0,0.75325,1.395715,HRV,CHE,251612
5030234,102,41,5732,1995,0.0,43975.0,0.878711,1.8200060000000002,HUN,CHE,251612
5030235,104,41,5732,1995,307991.0,0.0,0.156183,1.9617380000000002,IND,CHE,251612
5030236,106,41,5732,1995,0.0,13374.0,1.349192,0.992099,IRL,CHE,251612
5030237,111,41,5732,1995,2414391.0,422489.0,1.503379,1.449094,ITA,CHE,251612
5030238,140,41,5732,1995,0.0,69839.0,0.34174,0.648467,MKD,CHE,251612
5030239,159,41,5732,1995,5077.0,0.0,-2.108206,-1.2017520000000002,NGA,CHE,251612
5030240,162,41,5732,1995,30224.0,0.0,1.304391,1.8819119999999998,NLD,CHE,251612
5030241,163,41,5732,1995,37840.0,0.0,1.019741,0.394241,NOR,CHE,251612
5030242,179,41,5732,1995,14758.0,0.0,0.412677,1.254009,PRT,CHE,251612
5030243,207,41,5732,1995,0.0,5000.0,1.424606,1.490521,SVN,CHE,251612
5030244,208,41,5732,1995,15779.0,0.0,2.246997,1.060171,SWE,CHE,251612
5030245,216,41,5732,1995,0.0,27363.0,0.174522,1.608058,THA,CHE,251612
5030246,224,41,5732,1995,44599.0,0.0,0.166794,1.209066,TUR,CHE,251612
5030247,231,41,5732,1995,89890.0,0.0,1.771648,1.184,USA,CHE,251612
5030248,246,41,5732,1995,3980.0,0.0,0.468112,1.039817,ZAF,CHE,251612
5030249,248,41,5732,1995,2839556.0,0.0,-0.054752999999999996,0.326737,ZWE,CHE,251612
5030250,8,42,5732,1995,1982.0,0.0,0.245885,0.5489850000000001,ARG,CHL,251612
5030251,31,42,5732,1995,5123.0,0.0,-0.440583,-0.688389,BOL,CHL,251612
5030252,32,42,5732,1995,4126.0,0.0,0.687171,1.188647,BRA,CHL,251612
5030253,71,42,5732,1995,10340.0,345566.0,1.144247,1.933844,ESP,CHL,251612
5030254,103,42,5732,1995,0.0,67775.0,-0.391727,1.174727,IDN,CHL,251612
5030255,104,42,5732,1995,67991.0,0.0,0.156183,1.9617380000000002,IND,CHL,251612
5030256,111,42,5732,1995,15220.0,0.0,1.503379,1.449094,ITA,CHL,251612
5030257,249,42,5732,1995,0.0,4045.0,1.345205,1.9337389999999999,TWN,CHL,251612
5030258,15,59,5732,1995,3803.0,35695.0,2.000295,0.661255,AUT,CZE,251612
5030259,18,59,5732,1995,45213.0,22988.0,1.615588,1.394102,BEL,CZE,251612
5030260,61,59,5732,1995,143333.0,281791.0,2.325385,-2.2238189999999998,DEU,CZE,251612
5030261,77,59,5732,1995,0.0,1623.0,1.768484,0.765537,FRA,CZE,251612
5030262,104,59,5732,1995,6115.0,0.0,0.156183,1.9617380000000002,IND,CZE,251612
5030263,111,59,5732,1995,391523.0,45533.0,1.503379,1.449094,ITA,CZE,251612
5030264,162,59,5732,1995,4112.0,3410.0,1.304391,1.8819119999999998,NLD,CZE,251612
5030265,177,59,5732,1995,24931.0,16765.0,0.76393,1.802648,POL,CZE,251612
5030266,179,59,5732,1995,5405.0,0.0,0.412677,1.254009,PRT,CZE,251612
5030267,186,59,5732,1995,0.0,129993.0,0.364437,0.171494,RUS,CZE,251612
5030268,206,59,5732,1995,2918.0,221539.0,1.2249780000000001,1.405585,SVK,CZE,251612
5030269,208,59,5732,1995,12207.0,0.0,2.246997,1.060171,SWE,CZE,251612
5030270,246,59,5732,1995,4608.0,0.0,0.468112,1.039817,ZAF,CZE,251612
5030271,248,59,5732,1995,4756.0,0.0,-0.054752999999999996,0.326737,ZWE,CZE,251612
5030272,250,59,5732,1995,0.0,4158.0,1.034518,0.9735149999999999,ANS,CZE,251612
5030273,7,68,5732,1995,0.0,61589.0,-0.205166,-0.6132380000000001,ARE,EGY,251612
5030274,18,68,5732,1995,249062.0,8333.0,1.615588,1.394102,BEL,EGY,251612
5030275,58,68,5732,1995,0.0,28011.0,0.263764,0.030358999999999997,CYP,EGY,251612
5030276,71,68,5732,1995,207542.0,0.0,1.144247,1.933844,ESP,EGY,251612
5030277,110,68,5732,1995,0.0,35996.0,1.205368,1.189434,ISR,EGY,251612
5030278,111,68,5732,1995,83533.0,28378.0,1.503379,1.449094,ITA,EGY,251612
5030279,113,68,5732,1995,0.0,13063.0,0.666542,0.326785,JOR,EGY,251612
5030280,124,68,5732,1995,0.0,4563.0,0.027416000000000003,0.327795,LBN,EGY,251612
5030281,126,68,5732,1995,0.0,36058.0,-0.353547,-1.019464,LBY,EGY,251612
5030282,186,68,5732,1995,0.0,12606.0,0.364437,0.171494,RUS,EGY,251612
5030283,224,68,5732,1995,0.0,7527.0,0.166794,1.209066,TUR,EGY,251612
5030284,231,68,5732,1995,0.0,14612.0,1.771648,1.184,USA,EGY,251612
5030285,246,68,5732,1995,0.0,17916.0,0.468112,1.039817,ZAF,EGY,251612
5030286,74,72,5732,1995,44626.0,0.0,2.0085740000000003,1.126816,FIN,EST,251612
5030287,111,72,5732,1995,10856.0,0.0,1.503379,1.449094,ITA,EST,251612
5030288,186,72,5732,1995,6069.0,9350.0,0.364437,0.171494,RUS,EST,251612
5030289,208,72,5732,1995,1224.0,0.0,2.246997,1.060171,SWE,EST,251612
5030290,7,103,5732,1995,4392.0,0.0,-0.205166,-0.6132380000000001,ARE,IDN,251612
5030291,14,103,5732,1995,123093.0,19224.0,0.44442,0.789292,AUS,IDN,251612
5030292,18,103,5732,1995,1300.0,0.0,1.615588,1.394102,BEL,IDN,251612
5030293,32,103,5732,1995,1737151.0,0.0,0.687171,1.188647,BRA,IDN,251612
5030294,39,103,5732,1995,79314.0,0.0,1.077804,1.0724200000000002,CAN,IDN,251612
5030295,42,103,5732,1995,67775.0,0.0,-0.073436,-0.192675,CHL,IDN,251612
5030296,43,103,5732,1995,1213207.0,8888.0,0.387897,3.2147919999999996,CHN,IDN,251612
5030297,44,103,5732,1995,18356.0,0.0,-0.781656,-0.74293,CIV,IDN,251612
5030298,61,103,5732,1995,85220.0,0.0,2.325385,-2.2238189999999998,DEU,IDN,251612
5030299,71,103,5732,1995,118593.0,0.0,1.144247,1.933844,ESP,IDN,251612
5030300,74,103,5732,1995,33531.0,0.0,2.0085740000000003,1.126816,FIN,IDN,251612
5030301,77,103,5732,1995,65236.0,0.0,1.768484,0.765537,FRA,IDN,251612
5030302,90,103,5732,1995,70814.0,14745.0,0.17369,0.885756,GRC,IDN,251612
5030303,97,103,5732,1995,32775.0,58691.0,0.5244449999999999,2.682738,HKG,IDN,251612
5030304,104,103,5732,1995,1079192.0,0.0,0.156183,1.9617380000000002,IND,IDN,251612
5030305,106,103,5732,1995,14416.0,0.0,1.349192,0.992099,IRL,IDN,251612
5030306,111,103,5732,1995,676478.0,0.0,1.503379,1.449094,ITA,IDN,251612
5030307,114,103,5732,1995,6240.0,25101.0,2.56822,0.927307,JPN,IDN,251612
5030308,121,103,5732,1995,47204.0,0.0,0.845175,1.2761799999999999,KOR,IDN,251612
5030309,153,103,5732,1995,17798.0,150450.0,0.357745,0.374284,MYS,IDN,251612
5030310,162,103,5732,1995,0.0,7766.0,1.304391,1.8819119999999998,NLD,IDN,251612
5030311,163,103,5732,1995,793403.0,0.0,1.019741,0.394241,NOR,IDN,251612
5030312,174,103,5732,1995,7426.0,0.0,-0.480548,0.076564,PHL,IDN,251612
5030313,178,103,5732,1995,2877.0,0.0,0.46509799999999996,0.645496,PRK,IDN,251612
5030314,179,103,5732,1995,6165.0,0.0,0.412677,1.254009,PRT,IDN,251612
5030315,188,103,5732,1995,5061.0,0.0,0.401573,-0.6676529999999999,SAU,IDN,251612
5030316,192,103,5732,1995,253954.0,41158.0,0.747684,0.4745,SGP,IDN,251612
5030317,208,103,5732,1995,154752.0,0.0,2.246997,1.060171,SWE,IDN,251612
5030318,216,103,5732,1995,0.0,105822.0,0.174522,1.608058,THA,IDN,251612
5030319,224,103,5732,1995,196922.0,0.0,0.166794,1.209066,TUR,IDN,251612
5030320,230,103,5732,1995,60720.0,0.0,0.45133900000000005,0.50831,URY,IDN,251612
5030321,231,103,5732,1995,151361.0,0.0,1.771648,1.184,USA,IDN,251612
5030322,239,103,5732,1995,25220.0,0.0,-1.0462069999999999,-0.269063,VNM,IDN,251612
5030323,246,103,5732,1995,350217.0,32429.0,0.468112,1.039817,ZAF,IDN,251612
5030324,249,103,5732,1995,1873105.0,3419.0,1.345205,1.9337389999999999,TWN,IDN,251612
5030325,250,103,5732,1995,1830876.0,0.0,1.034518,0.9735149999999999,ANS,IDN,251612
5030326,7,104,5732,1995,0.0,298903.0,-0.205166,-0.6132380000000001,ARE,IND,251612
5030327,14,104,5732,1995,0.0,223354.0,0.44442,0.789292,AUS,IND,251612
5030328,15,104,5732,1995,0.0,6794.0,2.000295,0.661255,AUT,IND,251612
5030329,18,104,5732,1995,0.0,2784636.0,1.615588,1.394102,BEL,IND,251612
5030330,22,104,5732,1995,0.0,93167.0,-1.037175,-0.983195,BGD,IND,251612
5030331,34,104,5732,1995,0.0,1763.0,-0.979701,-0.85456,BRN,IND,251612
5030332,39,104,5732,1995,0.0,147607.0,1.077804,1.0724200000000002,CAN,IND,251612
5030333,41,104,5732,1995,0.0,307991.0,2.1893029999999998,0.82765,CHE,IND,251612
5030334,42,104,5732,1995,0.0,67991.0,-0.073436,-0.192675,CHL,IND,251612
5030335,43,104,5732,1995,0.0,2500411.0,0.387897,3.2147919999999996,CHN,IND,251612
5030336,59,104,5732,1995,0.0,6115.0,1.375091,1.628069,CZE,IND,251612
5030337,61,104,5732,1995,0.0,1750900.0,2.325385,-2.2238189999999998,DEU,IND,251612
5030338,64,104,5732,1995,0.0,41341.0,1.3800270000000001,1.489036,DNK,IND,251612
5030339,71,104,5732,1995,0.0,170532.0,1.144247,1.933844,ESP,IND,251612
5030340,77,104,5732,1995,0.0,36346.0,1.768484,0.765537,FRA,IND,251612
5030341,81,104,5732,1995,0.0,233835.0,1.8656979999999999,1.107121,GBR,IND,251612
5030342,97,104,5732,1995,0.0,857082.0,0.5244449999999999,2.682738,HKG,IND,251612
5030343,100,104,5732,1995,0.0,5904.0,0.75325,1.395715,HRV,IND,251612
5030344,102,104,5732,1995,0.0,23882.0,0.878711,1.8200060000000002,HUN,IND,251612
5030345,103,104,5732,1995,0.0,1079192.0,-0.391727,1.174727,IDN,IND,251612
5030346,106,104,5732,1995,0.0,26927.0,1.349192,0.992099,IRL,IND,251612
5030347,110,104,5732,1995,0.0,17187.0,1.205368,1.189434,ISR,IND,251612
5030348,111,104,5732,1995,2161.0,5293560.0,1.503379,1.449094,ITA,IND,251612
5030349,114,104,5732,1995,0.0,2052713.0,2.56822,0.927307,JPN,IND,251612
5030350,116,104,5732,1995,0.0,22466.0,-0.303773,0.111305,KEN,IND,251612
5030351,121,104,5732,1995,0.0,636866.0,0.845175,1.2761799999999999,KOR,IND,251612
5030352,128,104,5732,1995,0.0,13586.0,-0.8358030000000001,-0.29397199999999996,LKA,IND,251612
5030353,137,104,5732,1995,0.0,2506.0,-1.258938,-0.9818629999999999,MDV,IND,251612
5030354,151,104,5732,1995,0.0,4659.0,-0.432644,-0.574298,MUS,IND,251612
5030355,153,104,5732,1995,0.0,390471.0,0.357745,0.374284,MYS,IND,251612
5030356,162,104,5732,1995,0.0,1519003.0,1.304391,1.8819119999999998,NLD,IND,251612
5030357,163,104,5732,1995,18734.0,117175.0,1.019741,0.394241,NOR,IND,251612
5030358,164,104,5732,1995,0.0,8473.0,-0.779984,-0.7621479999999999,NPL,IND,251612
5030359,166,104,5732,1995,0.0,41002.0,0.5558270000000001,0.773271,NZL,IND,251612
5030360,167,104,5732,1995,0.0,42652.0,-0.328853,-0.946069,OMN,IND,251612
5030361,174,104,5732,1995,0.0,25001.0,-0.480548,0.076564,PHL,IND,251612
5030362,177,104,5732,1995,0.0,50097.0,0.76393,1.802648,POL,IND,251612
5030363,179,104,5732,1995,0.0,44931.0,0.412677,1.254009,PRT,IND,251612
5030364,186,104,5732,1995,0.0,8565.0,0.364437,0.171494,RUS,IND,251612
5030365,188,104,5732,1995,0.0,60051.0,0.401573,-0.6676529999999999,SAU,IND,251612
5030366,192,104,5732,1995,0.0,1185941.0,0.747684,0.4745,SGP,IND,251612
5030367,206,104,5732,1995,0.0,15509.0,1.2249780000000001,1.405585,SVK,IND,251612
5030368,207,104,5732,1995,0.0,30840.0,1.424606,1.490521,SVN,IND,251612
5030369,208,104,5732,1995,0.0,43063.0,2.246997,1.060171,SWE,IND,251612
5030370,216,104,5732,1995,0.0,620830.0,0.174522,1.608058,THA,IND,251612
5030371,231,104,5732,1995,9182.0,1616184.0,1.771648,1.184,USA,IND,251612
5030372,246,104,5732,1995,34401.0,7424.0,0.468112,1.039817,ZAF,IND,251612
5030373,249,104,5732,1995,0.0,4506936.0,1.345205,1.9337389999999999,TWN,IND,251612
5030374,68,113,5732,1995,13063.0,0.0,-0.340042,-0.085601,EGY,JOR,251612
5030375,111,113,5732,1995,18428.0,0.0,1.503379,1.449094,ITA,JOR,251612
5030376,188,113,5732,1995,0.0,1064.0,0.401573,-0.6676529999999999,SAU,JOR,251612
5030377,8,114,5732,1995,238258.0,0.0,0.245885,0.5489850000000001,ARG,JPN,251612
5030378,14,114,5732,1995,198276.0,0.0,0.44442,0.789292,AUS,JPN,251612
5030379,32,114,5732,1995,231839.0,0.0,0.687171,1.188647,BRA,JPN,251612
5030380,39,114,5732,1995,330720.0,2497.0,1.077804,1.0724200000000002,CAN,JPN,251612
5030381,43,114,5732,1995,7238052.0,21169.0,0.387897,3.2147919999999996,CHN,JPN,251612
5030382,71,114,5732,1995,586282.0,0.0,1.144247,1.933844,ESP,JPN,251612
5030383,74,114,5732,1995,532026.0,0.0,2.0085740000000003,1.126816,FIN,JPN,251612
5030384,77,114,5732,1995,435154.0,0.0,1.768484,0.765537,FRA,JPN,251612
5030385,103,114,5732,1995,25101.0,6240.0,-0.391727,1.174727,IDN,JPN,251612
5030386,104,114,5732,1995,2052713.0,0.0,0.156183,1.9617380000000002,IND,JPN,251612
5030387,111,114,5732,1995,241822.0,1170.0,1.503379,1.449094,ITA,JPN,251612
5030388,121,114,5732,1995,7376114.0,152342.0,0.845175,1.2761799999999999,KOR,JPN,251612
5030389,145,114,5732,1995,28960.0,0.0,-0.653135,-1.023557,MNG,JPN,251612
5030390,153,114,5732,1995,14292.0,0.0,0.357745,0.374284,MYS,JPN,251612
5030391,163,114,5732,1995,45541.0,0.0,1.019741,0.394241,NOR,JPN,251612
5030392,179,114,5732,1995,3981114.0,0.0,0.412677,1.254009,PRT,JPN,251612
5030393,186,114,5732,1995,8554.0,0.0,0.364437,0.171494,RUS,JPN,251612
5030394,188,114,5732,1995,72507.0,0.0,0.401573,-0.6676529999999999,SAU,JPN,251612
5030395,192,114,5732,1995,6143.0,13350.0,0.747684,0.4745,SGP,JPN,251612
5030396,208,114,5732,1995,48915.0,0.0,2.246997,1.060171,SWE,JPN,251612
5030397,216,114,5732,1995,0.0,4779.0,0.174522,1.608058,THA,JPN,251612
5030398,230,114,5732,1995,1699146.0,0.0,0.45133900000000005,0.50831,URY,JPN,251612
5030399,231,114,5732,1995,2232030.0,0.0,1.771648,1.184,USA,JPN,251612
5030400,239,114,5732,1995,64172.0,0.0,-1.0462069999999999,-0.269063,VNM,JPN,251612
5030401,246,114,5732,1995,1179316.0,0.0,0.468112,1.039817,ZAF,JPN,251612
5030402,248,114,5732,1995,43864.0,0.0,-0.054752999999999996,0.326737,ZWE,JPN,251612
5030403,249,114,5732,1995,136970.0,0.0,1.345205,1.9337389999999999,TWN,JPN,251612
5030404,224,117,5732,1995,2533.0,0.0,0.166794,1.209066,TUR,KGZ,251612
5030405,28,132,5732,1995,20775.0,29397.0,0.5290279999999999,0.27031700000000003,BLR,LVA,251612
5030406,186,132,5732,1995,52441.0,0.0,0.364437,0.171494,RUS,LVA,251612
5030407,224,132,5732,1995,14108.0,0.0,0.166794,1.209066,TUR,LVA,251612
5030408,228,132,5732,1995,85726.0,0.0,0.428875,0.20489899999999997,UKR,LVA,251612
5030409,111,142,5732,1995,1851638.0,0.0,1.503379,1.449094,ITA,MLT,251612
5030410,179,142,5732,1995,16309.0,0.0,0.412677,1.254009,PRT,MLT,251612
5030411,188,142,5732,1995,4182.0,0.0,0.401573,-0.6676529999999999,SAU,MLT,251612
5030412,246,142,5732,1995,8942.0,0.0,0.468112,1.039817,ZAF,MLT,251612
5030413,14,166,5732,1995,35205.0,0.0,0.44442,0.789292,AUS,NZL,251612
5030414,43,166,5732,1995,2358.0,0.0,0.387897,3.2147919999999996,CHN,NZL,251612
5030415,74,166,5732,1995,1992.0,0.0,2.0085740000000003,1.126816,FIN,NZL,251612
5030416,77,166,5732,1995,8193.0,0.0,1.768484,0.765537,FRA,NZL,251612
5030417,104,166,5732,1995,41002.0,0.0,0.156183,1.9617380000000002,IND,NZL,251612
5030418,111,166,5732,1995,50726.0,0.0,1.503379,1.449094,ITA,NZL,251612
5030419,162,166,5732,1995,11600.0,0.0,1.304391,1.8819119999999998,NLD,NZL,251612
5030420,163,166,5732,1995,4040.0,0.0,1.019741,0.394241,NOR,NZL,251612
5030421,208,166,5732,1995,14139.0,0.0,2.246997,1.060171,SWE,NZL,251612
5030422,231,166,5732,1995,7206.0,0.0,1.771648,1.184,USA,NZL,251612
5030423,246,166,5732,1995,29551.0,0.0,0.468112,1.039817,ZAF,NZL,251612
5030424,7,167,5732,1995,466455.0,0.0,-0.205166,-0.6132380000000001,ARE,OMN,251612
5030425,81,167,5732,1995,2061.0,0.0,1.8656979999999999,1.107121,GBR,OMN,251612
5030426,104,167,5732,1995,42652.0,0.0,0.156183,1.9617380000000002,IND,OMN,251612
5030427,111,167,5732,1995,62422.0,0.0,1.503379,1.449094,ITA,OMN,251612
5030428,15,185,5732,1995,0.0,896.0,2.000295,0.661255,AUT,ROU,251612
5030429,61,185,5732,1995,12917.0,0.0,2.325385,-2.2238189999999998,DEU,ROU,251612
5030430,90,185,5732,1995,20478.0,0.0,0.17369,0.885756,GRC,ROU,251612
5030431,102,185,5732,1995,0.0,1792.0,0.878711,1.8200060000000002,HUN,ROU,251612
5030432,107,185,5732,1995,5565.0,0.0,-0.821991,-1.071013,IRN,ROU,251612
5030433,111,185,5732,1995,218821.0,0.0,1.503379,1.449094,ITA,ROU,251612
5030434,162,185,5732,1995,0.0,1652.0,1.304391,1.8819119999999998,NLD,ROU,251612
5030435,231,185,5732,1995,1171.0,0.0,1.771648,1.184,USA,ROU,251612
5030436,7,188,5732,1995,16030.0,1868850.0,-0.205166,-0.6132380000000001,ARE,SAU,251612
5030437,39,188,5732,1995,0.0,4409.0,1.077804,1.0724200000000002,CAN,SAU,251612
5030438,77,188,5732,1995,54712.0,4405.0,1.768484,0.765537,FRA,SAU,251612
5030439,81,188,5732,1995,0.0,57867.0,1.8656979999999999,1.107121,GBR,SAU,251612
5030440,103,188,5732,1995,0.0,5061.0,-0.391727,1.174727,IDN,SAU,251612
5030441,104,188,5732,1995,60051.0,0.0,0.156183,1.9617380000000002,IND,SAU,251612
5030442,107,188,5732,1995,32628.0,0.0,-0.821991,-1.071013,IRN,SAU,251612
5030443,111,188,5732,1995,156321.0,324176.0,1.503379,1.449094,ITA,SAU,251612
5030444,113,188,5732,1995,1064.0,0.0,0.666542,0.326785,JOR,SAU,251612
5030445,114,188,5732,1995,0.0,72507.0,2.56822,0.927307,JPN,SAU,251612
5030446,121,188,5732,1995,0.0,194981.0,0.845175,1.2761799999999999,KOR,SAU,251612
5030447,122,188,5732,1995,0.0,246864.0,-0.226273,-1.02354,KWT,SAU,251612
5030448,124,188,5732,1995,0.0,52198.0,0.027416000000000003,0.327795,LBN,SAU,251612
5030449,142,188,5732,1995,0.0,4182.0,0.842519,0.11882899999999999,MLT,SAU,251612
5030450,153,188,5732,1995,0.0,146020.0,0.357745,0.374284,MYS,SAU,251612
5030451,179,188,5732,1995,0.0,32569.0,0.412677,1.254009,PRT,SAU,251612
5030452,192,188,5732,1995,0.0,371057.0,0.747684,0.4745,SGP,SAU,251612
5030453,231,188,5732,1995,23224.0,23649.0,1.771648,1.184,USA,SAU,251612
5030454,250,188,5732,1995,93177.0,362063.0,1.034518,0.9735149999999999,ANS,SAU,251612
5030455,14,192,5732,1995,1461.0,17931.0,0.44442,0.789292,AUS,SGP,251612
5030456,34,192,5732,1995,0.0,344292.0,-0.979701,-0.85456,BRN,SGP,251612
5030457,43,192,5732,1995,686628.0,52459.0,0.387897,3.2147919999999996,CHN,SGP,251612
5030458,61,192,5732,1995,30340.0,0.0,2.325385,-2.2238189999999998,DEU,SGP,251612
5030459,71,192,5732,1995,4846.0,0.0,1.144247,1.933844,ESP,SGP,251612
5030460,75,192,5732,1995,0.0,11527.0,-0.998257,-0.9565629999999999,FJI,SGP,251612
5030461,97,192,5732,1995,86049.0,207501.0,0.5244449999999999,2.682738,HKG,SGP,251612
5030462,103,192,5732,1995,41158.0,253954.0,-0.391727,1.174727,IDN,SGP,251612
5030463,104,192,5732,1995,1185941.0,0.0,0.156183,1.9617380000000002,IND,SGP,251612
5030464,111,192,5732,1995,798192.0,0.0,1.503379,1.449094,ITA,SGP,251612
5030465,114,192,5732,1995,13350.0,6143.0,2.56822,0.927307,JPN,SGP,251612
5030466,121,192,5732,1995,0.0,25784.0,0.845175,1.2761799999999999,KOR,SGP,251612
5030467,143,192,5732,1995,0.0,65717.0,-1.5669309999999999,-1.124558,MMR,SGP,251612
5030468,153,192,5732,1995,61192.0,170473.0,0.357745,0.374284,MYS,SGP,251612
5030469,174,192,5732,1995,0.0,30868.0,-0.480548,0.076564,PHL,SGP,251612
5030470,179,192,5732,1995,476220.0,0.0,0.412677,1.254009,PRT,SGP,251612
5030471,188,192,5732,1995,371057.0,0.0,0.401573,-0.6676529999999999,SAU,SGP,251612
5030472,216,192,5732,1995,5611.0,82886.0,0.174522,1.608058,THA,SGP,251612
5030473,231,192,5732,1995,31084.0,0.0,1.771648,1.184,USA,SGP,251612
5030474,239,192,5732,1995,2375.0,12196.0,-1.0462069999999999,-0.269063,VNM,SGP,251612
5030475,246,192,5732,1995,9399.0,0.0,0.468112,1.039817,ZAF,SGP,251612
5030476,249,192,5732,1995,0.0,4664.0,1.345205,1.9337389999999999,TWN,SGP,251612
5030477,15,206,5732,1995,3177.0,0.0,2.000295,0.661255,AUT,SVK,251612
5030478,59,206,5732,1995,221539.0,2918.0,1.375091,1.628069,CZE,SVK,251612
5030479,61,206,5732,1995,152637.0,3711.0,2.325385,-2.2238189999999998,DEU,SVK,251612
5030480,100,206,5732,1995,5333.0,0.0,0.75325,1.395715,HRV,SVK,251612
5030481,104,206,5732,1995,15509.0,0.0,0.156183,1.9617380000000002,IND,SVK,251612
5030482,111,206,5732,1995,377012.0,0.0,1.503379,1.449094,ITA,SVK,251612
5030483,162,206,5732,1995,7921.0,0.0,1.304391,1.8819119999999998,NLD,SVK,251612
5030484,208,206,5732,1995,21768.0,0.0,2.246997,1.060171,SWE,SVK,251612
5030485,228,206,5732,1995,1436.0,0.0,0.428875,0.20489899999999997,UKR,SVK,251612
5030486,250,206,5732,1995,15172.0,0.0,1.034518,0.9735149999999999,ANS,SVK,251612
5030487,8,207,5732,1995,20736.0,0.0,0.245885,0.5489850000000001,ARG,SVN,251612
5030488,15,207,5732,1995,10467.0,2476.0,2.000295,0.661255,AUT,SVN,251612
5030489,26,207,5732,1995,1759.0,0.0,0.208931,0.053763,BIH,SVN,251612
5030490,32,207,5732,1995,246.0,0.0,0.687171,1.188647,BRA,SVN,251612
5030491,41,207,5732,1995,5000.0,0.0,2.1893029999999998,0.82765,CHE,SVN,251612
5030492,61,207,5732,1995,27044.0,0.0,2.325385,-2.2238189999999998,DEU,SVN,251612
5030493,71,207,5732,1995,71450.0,0.0,1.144247,1.933844,ESP,SVN,251612
5030494,100,207,5732,1995,11000.0,18932.0,0.75325,1.395715,HRV,SVN,251612
5030495,102,207,5732,1995,0.0,2583.0,0.878711,1.8200060000000002,HUN,SVN,251612
5030496,104,207,5732,1995,30840.0,0.0,0.156183,1.9617380000000002,IND,SVN,251612
5030497,111,207,5732,1995,1319916.0,12178.0,1.503379,1.449094,ITA,SVN,251612
5030498,134,207,5732,1995,848.0,0.0,-0.6481210000000001,-0.22345,MAR,SVN,251612
5030499,140,207,5732,1995,7083.0,0.0,0.34174,0.648467,MKD,SVN,251612
5030500,231,207,5732,1995,7102.0,0.0,1.771648,1.184,USA,SVN,251612
5030501,246,207,5732,1995,3837.0,0.0,0.468112,1.039817,ZAF,SVN,251612
5030502,248,207,5732,1995,38365.0,0.0,-0.054752999999999996,0.326737,ZWE,SVN,251612
5030503,15,208,5732,1995,0.0,88949.0,2.000295,0.661255,AUT,SWE,251612
5030504,41,208,5732,1995,0.0,15779.0,2.1893029999999998,0.82765,CHE,SWE,251612
5030505,43,208,5732,1995,0.0,6619.0,0.387897,3.2147919999999996,CHN,SWE,251612
5030506,59,208,5732,1995,0.0,12207.0,1.375091,1.628069,CZE,SWE,251612
5030507,61,208,5732,1995,185290.0,118783.0,2.325385,-2.2238189999999998,DEU,SWE,251612
5030508,64,208,5732,1995,37038.0,13543.0,1.3800270000000001,1.489036,DNK,SWE,251612
5030509,71,208,5732,1995,0.0,128750.0,1.144247,1.933844,ESP,SWE,251612
5030510,72,208,5732,1995,0.0,1224.0,0.530041,1.134288,EST,SWE,251612
5030511,74,208,5732,1995,119121.0,3291.0,2.0085740000000003,1.126816,FIN,SWE,251612
5030512,77,208,5732,1995,0.0,24161.0,1.768484,0.765537,FRA,SWE,251612
5030513,81,208,5732,1995,0.0,97787.0,1.8656979999999999,1.107121,GBR,SWE,251612
5030514,102,208,5732,1995,0.0,12182.0,0.878711,1.8200060000000002,HUN,SWE,251612
5030515,103,208,5732,1995,0.0,154752.0,-0.391727,1.174727,IDN,SWE,251612
5030516,104,208,5732,1995,43063.0,0.0,0.156183,1.9617380000000002,IND,SWE,251612
5030517,106,208,5732,1995,0.0,4687.0,1.349192,0.992099,IRL,SWE,251612
5030518,109,208,5732,1995,0.0,4169.0,0.161331,-0.45210100000000003,ISL,SWE,251612
5030519,111,208,5732,1995,1525.0,55947.0,1.503379,1.449094,ITA,SWE,251612
5030520,114,208,5732,1995,0.0,48915.0,2.56822,0.927307,JPN,SWE,251612
5030521,121,208,5732,1995,0.0,46123.0,0.845175,1.2761799999999999,KOR,SWE,251612
5030522,130,208,5732,1995,27445.0,0.0,0.41220500000000004,0.966966,LTU,SWE,251612
5030523,162,208,5732,1995,0.0,9567.0,1.304391,1.8819119999999998,NLD,SWE,251612
5030524,163,208,5732,1995,18522.0,146769.0,1.019741,0.394241,NOR,SWE,251612
5030525,166,208,5732,1995,0.0,14139.0,0.5558270000000001,0.773271,NZL,SWE,251612
5030526,177,208,5732,1995,17319.0,59329.0,0.76393,1.802648,POL,SWE,251612
5030527,179,208,5732,1995,103140.0,0.0,0.412677,1.254009,PRT,SWE,251612
5030528,206,208,5732,1995,0.0,21768.0,1.2249780000000001,1.405585,SVK,SWE,251612
5030529,14,224,5732,1995,0.0,33896.0,0.44442,0.789292,AUS,TUR,251612
5030530,15,224,5732,1995,0.0,85436.0,2.000295,0.661255,AUT,TUR,251612
5030531,18,224,5732,1995,0.0,13939.0,1.615588,1.394102,BEL,TUR,251612
5030532,32,224,5732,1995,124066.0,0.0,0.687171,1.188647,BRA,TUR,251612
5030533,41,224,5732,1995,0.0,44599.0,2.1893029999999998,0.82765,CHE,TUR,251612
5030534,61,224,5732,1995,0.0,555283.0,2.325385,-2.2238189999999998,DEU,TUR,251612
5030535,68,224,5732,1995,7527.0,0.0,-0.340042,-0.085601,EGY,TUR,251612
5030536,71,224,5732,1995,320862.0,0.0,1.144247,1.933844,ESP,TUR,251612
5030537,74,224,5732,1995,135993.0,0.0,2.0085740000000003,1.126816,FIN,TUR,251612
5030538,77,224,5732,1995,33983.0,3575.0,1.768484,0.765537,FRA,TUR,251612
5030539,103,224,5732,1995,0.0,196922.0,-0.391727,1.174727,IDN,TUR,251612
5030540,107,224,5732,1995,15398.0,0.0,-0.821991,-1.071013,IRN,TUR,251612
5030541,111,224,5732,1995,334884.0,0.0,1.503379,1.449094,ITA,TUR,251612
5030542,117,224,5732,1995,0.0,2533.0,0.361272,0.047797000000000006,KGZ,TUR,251612
5030543,132,224,5732,1995,0.0,14108.0,0.25453400000000004,0.174809,LVA,TUR,251612
5030544,162,224,5732,1995,0.0,6139.0,1.304391,1.8819119999999998,NLD,TUR,251612
5030545,163,224,5732,1995,627147.0,0.0,1.019741,0.394241,NOR,TUR,251612
5030546,179,224,5732,1995,239624.0,0.0,0.412677,1.254009,PRT,TUR,251612
5030547,186,224,5732,1995,0.0,3535.0,0.364437,0.171494,RUS,TUR,251612
5030548,228,224,5732,1995,461426.0,0.0,0.428875,0.20489899999999997,UKR,TUR,251612
5030549,246,224,5732,1995,258278.0,133175.0,0.468112,1.039817,ZAF,TUR,251612
5030550,250,224,5732,1995,0.0,2308.0,1.034518,0.9735149999999999,ANS,TUR,251612
5030551,8,246,5732,1995,0.0,10623.0,0.245885,0.5489850000000001,ARG,ZAF,251612
5030552,14,246,5732,1995,0.0,23747.0,0.44442,0.789292,AUS,ZAF,251612
5030553,15,246,5732,1995,0.0,84626.0,2.000295,0.661255,AUT,ZAF,251612
5030554,18,246,5732,1995,0.0,445855.0,1.615588,1.394102,BEL,ZAF,251612
5030555,39,246,5732,1995,0.0,180035.0,1.077804,1.0724200000000002,CAN,ZAF,251612
5030556,41,246,5732,1995,0.0,3980.0,2.1893029999999998,0.82765,CHE,ZAF,251612
5030557,43,246,5732,1995,0.0,39703.0,0.387897,3.2147919999999996,CHN,ZAF,251612
5030558,46,246,5732,1995,0.0,70255.0,-1.4672459999999998,-1.0777139999999998,COD,ZAF,251612
5030559,59,246,5732,1995,0.0,4608.0,1.375091,1.628069,CZE,ZAF,251612
5030560,61,246,5732,1995,0.0,1023972.0,2.325385,-2.2238189999999998,DEU,ZAF,251612
5030561,68,246,5732,1995,17916.0,0.0,-0.340042,-0.085601,EGY,ZAF,251612
5030562,71,246,5732,1995,12295.0,2235266.0,1.144247,1.933844,ESP,ZAF,251612
5030563,77,246,5732,1995,0.0,522239.0,1.768484,0.765537,FRA,ZAF,251612
5030564,81,246,5732,1995,0.0,627832.0,1.8656979999999999,1.107121,GBR,ZAF,251612
5030565,90,246,5732,1995,0.0,52506.0,0.17369,0.885756,GRC,ZAF,251612
5030566,93,246,5732,1995,0.0,2947.0,-0.241468,0.170932,GTM,ZAF,251612
5030567,97,246,5732,1995,0.0,13496.0,0.5244449999999999,2.682738,HKG,ZAF,251612
5030568,100,246,5732,1995,0.0,192214.0,0.75325,1.395715,HRV,ZAF,251612
5030569,102,246,5732,1995,0.0,1358.0,0.878711,1.8200060000000002,HUN,ZAF,251612
5030570,103,246,5732,1995,32429.0,350217.0,-0.391727,1.174727,IDN,ZAF,251612
5030571,104,246,5732,1995,7424.0,34401.0,0.156183,1.9617380000000002,IND,ZAF,251612
5030572,106,246,5732,1995,0.0,192643.0,1.349192,0.992099,IRL,ZAF,251612
5030573,110,246,5732,1995,0.0,54858.0,1.205368,1.189434,ISR,ZAF,251612
5030574,111,246,5732,1995,15837.0,1374716.0,1.503379,1.449094,ITA,ZAF,251612
5030575,114,246,5732,1995,0.0,1179316.0,2.56822,0.927307,JPN,ZAF,251612
5030576,121,246,5732,1995,0.0,2166021.0,0.845175,1.2761799999999999,KOR,ZAF,251612
5030577,140,246,5732,1995,0.0,45589.0,0.34174,0.648467,MKD,ZAF,251612
5030578,142,246,5732,1995,0.0,8942.0,0.842519,0.11882899999999999,MLT,ZAF,251612
5030579,153,246,5732,1995,0.0,33131.0,0.357745,0.374284,MYS,ZAF,251612
5030580,162,246,5732,1995,0.0,358227.0,1.304391,1.8819119999999998,NLD,ZAF,251612
5030581,163,246,5732,1995,47095.0,0.0,1.019741,0.394241,NOR,ZAF,251612
5030582,166,246,5732,1995,0.0,29551.0,0.5558270000000001,0.773271,NZL,ZAF,251612
5030583,177,246,5732,1995,0.0,142270.0,0.76393,1.802648,POL,ZAF,251612
5030584,179,246,5732,1995,0.0,1580576.0,0.412677,1.254009,PRT,ZAF,251612
5030585,184,246,5732,1995,0.0,1502.0,0.728825,-0.178569,REU,ZAF,251612
5030586,189,246,5732,1995,0.0,162711.0,1.032118,1.180409,SCG,ZAF,251612
5030587,192,246,5732,1995,0.0,9399.0,0.747684,0.4745,SGP,ZAF,251612
5030588,207,246,5732,1995,0.0,3837.0,1.424606,1.490521,SVN,ZAF,251612
5030589,211,246,5732,1995,2753.0,26826.0,-0.103343,-0.57371,SYC,ZAF,251612
5030590,216,246,5732,1995,0.0,230682.0,0.174522,1.608058,THA,ZAF,251612
5030591,224,246,5732,1995,133175.0,258278.0,0.166794,1.209066,TUR,ZAF,251612
5030592,231,246,5732,1995,39285.0,139454.0,1.771648,1.184,USA,ZAF,251612
5030593,247,246,5732,1995,0.0,3418.0,-0.214763,-0.721675,ZMB,ZAF,251612
5030594,248,246,5732,1995,512852.0,17125.0,-0.054752999999999996,0.326737,ZWE,ZAF,251612
5030595,249,246,5732,1995,0.0,2276489.0,1.345205,1.9337389999999999,TWN,ZAF,251612
5030596,250,246,5732,1995,0.0,29998.0,1.034518,0.9735149999999999,ANS,ZAF,251612
5030597,32,8,5732,1995,6306.0,0.0,0.687171,1.188647,BRA,ARG,251612
5030598,42,8,5732,1995,0.0,1982.0,-0.073436,-0.192675,CHL,ARG,251612
5030599,67,8,5732,1995,0.0,2388.0,-0.948154,-0.9595790000000001,ECU,ARG,251612
5030600,111,8,5732,1995,0.0,159381.0,1.503379,1.449094,ITA,ARG,251612
5030601,114,8,5732,1995,0.0,238258.0,2.56822,0.927307,JPN,ARG,251612
5030602,169,8,5732,1995,0.0,41137.0,-0.019815,0.050906,PAN,ARG,251612
5030603,207,8,5732,1995,0.0,20736.0,1.424606,1.490521,SVN,ARG,251612
5030604,230,8,5732,1995,13161.0,8461.0,0.45133900000000005,0.50831,URY,ARG,251612
5030605,231,8,5732,1995,0.0,31848.0,1.771648,1.184,USA,ARG,251612
5030606,246,8,5732,1995,10623.0,0.0,0.468112,1.039817,ZAF,ARG,251612
5030607,71,44,5732,1995,4489.0,0.0,1.144247,1.933844,ESP,CIV,251612
5030608,103,44,5732,1995,0.0,18356.0,-0.391727,1.174727,IDN,CIV,251612
5030609,111,44,5732,1995,13217.0,0.0,1.503379,1.449094,ITA,CIV,251612
5030610,4,90,5732,1995,4900.0,1999.0,-0.39273,-0.47259300000000004,ALB,GRC,251612
5030611,23,90,5732,1995,8891.0,345234.0,0.436138,1.086561,BGR,GRC,251612
5030612,43,90,5732,1995,0.0,59347.0,0.387897,3.2147919999999996,CHN,GRC,251612
5030613,61,90,5732,1995,14959.0,97784.0,2.325385,-2.2238189999999998,DEU,GRC,251612
5030614,71,90,5732,1995,17973.0,24117.0,1.144247,1.933844,ESP,GRC,251612
5030615,97,90,5732,1995,0.0,645869.0,0.5244449999999999,2.682738,HKG,GRC,251612
5030616,103,90,5732,1995,14745.0,70814.0,-0.391727,1.174727,IDN,GRC,251612
5030617,111,90,5732,1995,224169.0,33500.0,1.503379,1.449094,ITA,GRC,251612
5030618,140,90,5732,1995,0.0,2816.0,0.34174,0.648467,MKD,GRC,251612
5030619,162,90,5732,1995,42193.0,0.0,1.304391,1.8819119999999998,NLD,GRC,251612
5030620,185,90,5732,1995,0.0,20478.0,0.621468,1.038729,ROU,GRC,251612
5030621,231,90,5732,1995,0.0,1941.0,1.771648,1.184,USA,GRC,251612
5030622,246,90,5732,1995,52506.0,0.0,0.468112,1.039817,ZAF,GRC,251612
5030623,15,102,5732,1995,3776.0,0.0,2.000295,0.661255,AUT,HUN,251612
5030624,18,102,5732,1995,33641.0,1365.0,1.615588,1.394102,BEL,HUN,251612
5030625,41,102,5732,1995,43975.0,0.0,2.1893029999999998,0.82765,CHE,HUN,251612
5030626,43,102,5732,1995,19461.0,0.0,0.387897,3.2147919999999996,CHN,HUN,251612
5030627,58,102,5732,1995,12448.0,0.0,0.263764,0.030358999999999997,CYP,HUN,251612
5030628,61,102,5732,1995,99225.0,2993.0,2.325385,-2.2238189999999998,DEU,HUN,251612
5030629,77,102,5732,1995,2806.0,0.0,1.768484,0.765537,FRA,HUN,251612
5030630,100,102,5732,1995,13087.0,0.0,0.75325,1.395715,HRV,HUN,251612
5030631,104,102,5732,1995,23882.0,0.0,0.156183,1.9617380000000002,IND,HUN,251612
5030632,106,102,5732,1995,7415.0,0.0,1.349192,0.992099,IRL,HUN,251612
5030633,111,102,5732,1995,412049.0,10709.0,1.503379,1.449094,ITA,HUN,251612
5030634,162,102,5732,1995,3496.0,0.0,1.304391,1.8819119999999998,NLD,HUN,251612
5030635,185,102,5732,1995,1792.0,0.0,0.621468,1.038729,ROU,HUN,251612
5030636,207,102,5732,1995,2583.0,0.0,1.424606,1.490521,SVN,HUN,251612
5030637,208,102,5732,1995,12182.0,0.0,2.246997,1.060171,SWE,HUN,251612
5030638,228,102,5732,1995,7000.0,0.0,0.428875,0.20489899999999997,UKR,HUN,251612
5030639,231,102,5732,1995,11633.0,0.0,1.771648,1.184,USA,HUN,251612
5030640,246,102,5732,1995,1358.0,0.0,0.468112,1.039817,ZAF,HUN,251612
5030641,61,134,5732,1995,1555.0,0.0,2.325385,-2.2238189999999998,DEU,MAR,251612
5030642,71,134,5732,1995,14425.0,0.0,1.144247,1.933844,ESP,MAR,251612
5030643,111,134,5732,1995,233146.0,0.0,1.503379,1.449094,ITA,MAR,251612
5030644,162,134,5732,1995,68410.0,0.0,1.304391,1.8819119999999998,NLD,MAR,251612
5030645,207,134,5732,1995,0.0,848.0,1.424606,1.490521,SVN,MAR,251612
5030646,18,223,5732,1995,4735.0,0.0,1.615588,1.394102,BEL,TUN,251612
5030647,111,223,5732,1995,46755.0,0.0,1.503379,1.449094,ITA,TUN,251612
5030648,8,230,5732,1995,8461.0,13161.0,0.245885,0.5489850000000001,ARG,URY,251612
5030649,31,230,5732,1995,0.0,9668.0,-0.440583,-0.688389,BOL,URY,251612
5030650,32,230,5732,1995,18922.0,260358.0,0.687171,1.188647,BRA,URY,251612
5030651,43,230,5732,1995,0.0,35077.0,0.387897,3.2147919999999996,CHN,URY,251612
5030652,74,230,5732,1995,0.0,39701.0,2.0085740000000003,1.126816,FIN,URY,251612
5030653,103,230,5732,1995,0.0,60720.0,-0.391727,1.174727,IDN,URY,251612
5030654,111,230,5732,1995,0.0,14166.0,1.503379,1.449094,ITA,URY,251612
5030655,114,230,5732,1995,0.0,1699146.0,2.56822,0.927307,JPN,URY,251612
5030656,216,230,5732,1995,0.0,15304.0,0.174522,1.608058,THA,URY,251612
5030657,231,230,5732,1995,0.0,2821.0,1.771648,1.184,USA,URY,251612
5030658,236,230,5732,1995,0.0,31780.0,0.299294,-0.635474,VEN,URY,251612
5030659,250,230,5732,1995,0.0,13071.0,1.034518,0.9735149999999999,ANS,URY,251612
5030660,216,247,5732,1995,0.0,237010.0,0.174522,1.608058,THA,ZMB,251612
5030661,246,247,5732,1995,3418.0,0.0,0.468112,1.039817,ZAF,ZMB,251612
5030662,248,247,5732,1995,224061.0,0.0,-0.054752999999999996,0.326737,ZWE,ZMB,251612
5030663,14,248,5732,1995,0.0,11174.0,0.44442,0.789292,AUS,ZWE,251612
5030664,15,248,5732,1995,0.0,2769.0,2.000295,0.661255,AUT,ZWE,251612
5030665,18,248,5732,1995,0.0,22494.0,1.615588,1.394102,BEL,ZWE,251612
5030666,41,248,5732,1995,0.0,2839556.0,2.1893029999999998,0.82765,CHE,ZWE,251612
5030667,58,248,5732,1995,0.0,90713.0,0.263764,0.030358999999999997,CYP,ZWE,251612
5030668,59,248,5732,1995,0.0,4756.0,1.375091,1.628069,CZE,ZWE,251612
5030669,61,248,5732,1995,0.0,8135.0,2.325385,-2.2238189999999998,DEU,ZWE,251612
5030670,71,248,5732,1995,0.0,90295.0,1.144247,1.933844,ESP,ZWE,251612
5030671,81,248,5732,1995,0.0,106114.0,1.8656979999999999,1.107121,GBR,ZWE,251612
5030672,100,248,5732,1995,0.0,31464.0,0.75325,1.395715,HRV,ZWE,251612
5030673,106,248,5732,1995,0.0,14278.0,1.349192,0.992099,IRL,ZWE,251612
5030674,111,248,5732,1995,0.0,1098114.0,1.503379,1.449094,ITA,ZWE,251612
5030675,114,248,5732,1995,0.0,43864.0,2.56822,0.927307,JPN,ZWE,251612
5030676,121,248,5732,1995,0.0,116523.0,0.845175,1.2761799999999999,KOR,ZWE,251612
5030677,147,248,5732,1995,0.0,902926.0,-1.031627,-1.02484,MOZ,ZWE,251612
5030678,152,248,5732,1995,0.0,18230.0,-1.1277709999999999,-1.0603049999999998,MWI,ZWE,251612
5030679,162,248,5732,1995,0.0,64322.0,1.304391,1.8819119999999998,NLD,ZWE,251612
5030680,177,248,5732,1995,0.0,46181.0,0.76393,1.802648,POL,ZWE,251612
5030681,179,248,5732,1995,0.0,106263.0,0.412677,1.254009,PRT,ZWE,251612
5030682,207,248,5732,1995,0.0,38365.0,1.424606,1.490521,SVN,ZWE,251612
5030683,211,248,5732,1995,0.0,405933.0,-0.103343,-0.57371,SYC,ZWE,251612
5030684,231,248,5732,1995,0.0,44610.0,1.771648,1.184,USA,ZWE,251612
5030685,246,248,5732,1995,17125.0,512852.0,0.468112,1.039817,ZAF,ZWE,251612
5030686,247,248,5732,1995,0.0,224061.0,-0.214763,-0.721675,ZMB,ZWE,251612
5030687,32,236,5732,1995,14444.0,0.0,0.687171,1.188647,BRA,VEN,251612
5030688,49,236,5732,1995,0.0,36244.0,0.094335,0.13047999999999998,COL,VEN,251612
5030689,71,236,5732,1995,0.0,190665.0,1.144247,1.933844,ESP,VEN,251612
5030690,111,236,5732,1995,20780.0,0.0,1.503379,1.449094,ITA,VEN,251612
5030691,173,236,5732,1995,0.0,44021.0,-0.263859,-0.21032800000000001,PER,VEN,251612
5030692,230,236,5732,1995,31780.0,0.0,0.45133900000000005,0.50831,URY,VEN,251612
5030693,231,236,5732,1995,20020.0,0.0,1.771648,1.184,USA,VEN,251612
5030694,61,58,5732,1995,1956.0,0.0,2.325385,-2.2238189999999998,DEU,CYP,251612
5030695,68,58,5732,1995,28011.0,0.0,-0.340042,-0.085601,EGY,CYP,251612
5030696,102,58,5732,1995,0.0,12448.0,0.878711,1.8200060000000002,HUN,CYP,251612
5030697,111,58,5732,1995,325761.0,0.0,1.503379,1.449094,ITA,CYP,251612
5030698,177,58,5732,1995,0.0,182428.0,0.76393,1.802648,POL,CYP,251612
5030699,248,58,5732,1995,90713.0,0.0,-0.054752999999999996,0.326737,ZWE,CYP,251612
5030700,18,100,5732,1995,3284.0,0.0,1.615588,1.394102,BEL,HRV,251612
5030701,26,100,5732,1995,0.0,4203.0,0.208931,0.053763,BIH,HRV,251612
5030702,32,100,5732,1995,115471.0,0.0,0.687171,1.188647,BRA,HRV,251612
5030703,41,100,5732,1995,5393.0,0.0,2.1893029999999998,0.82765,CHE,HRV,251612
5030704,61,100,5732,1995,9223.0,0.0,2.325385,-2.2238189999999998,DEU,HRV,251612
5030705,71,100,5732,1995,281571.0,0.0,1.144247,1.933844,ESP,HRV,251612
5030706,74,100,5732,1995,18724.0,0.0,2.0085740000000003,1.126816,FIN,HRV,251612
5030707,102,100,5732,1995,0.0,13087.0,0.878711,1.8200060000000002,HUN,HRV,251612
5030708,104,100,5732,1995,5904.0,0.0,0.156183,1.9617380000000002,IND,HRV,251612
5030709,106,100,5732,1995,4590.0,0.0,1.349192,0.992099,IRL,HRV,251612
5030710,111,100,5732,1995,1025178.0,0.0,1.503379,1.449094,ITA,HRV,251612
5030711,121,100,5732,1995,2895.0,0.0,0.845175,1.2761799999999999,KOR,HRV,251612
5030712,163,100,5732,1995,13219.0,0.0,1.019741,0.394241,NOR,HRV,251612
5030713,186,100,5732,1995,0.0,108549.0,0.364437,0.171494,RUS,HRV,251612
5030714,206,100,5732,1995,0.0,5333.0,1.2249780000000001,1.405585,SVK,HRV,251612
5030715,207,100,5732,1995,18932.0,11000.0,1.424606,1.490521,SVN,HRV,251612
5030716,231,100,5732,1995,8679.0,0.0,1.771648,1.184,USA,HRV,251612
5030717,246,100,5732,1995,192214.0,0.0,0.468112,1.039817,ZAF,HRV,251612
5030718,248,100,5732,1995,31464.0,0.0,-0.054752999999999996,0.326737,ZWE,HRV,251612
5030719,228,135,5732,1995,8161.0,0.0,0.428875,0.20489899999999997,UKR,MDA,251612
5030720,23,140,5732,1995,20512.0,0.0,0.436138,1.086561,BGR,MKD,251612
5030721,41,140,5732,1995,69839.0,0.0,2.1893029999999998,0.82765,CHE,MKD,251612
5030722,90,140,5732,1995,2816.0,0.0,0.17369,0.885756,GRC,MKD,251612
5030723,111,140,5732,1995,348392.0,0.0,1.503379,1.449094,ITA,MKD,251612
5030724,207,140,5732,1995,0.0,7083.0,1.424606,1.490521,SVN,MKD,251612
5030725,246,140,5732,1995,45589.0,0.0,0.468112,1.039817,ZAF,MKD,251612
5030726,250,140,5732,1995,40124.0,0.0,1.034518,0.9735149999999999,ANS,MKD,251612
5030727,18,46,5732,1995,3195.0,0.0,1.615588,1.394102,BEL,COD,251612
5030728,246,46,5732,1995,70255.0,0.0,0.468112,1.039817,ZAF,COD,251612
5030729,71,65,5732,1995,17955.0,0.0,1.144247,1.933844,ESP,DOM,251612
5030730,231,65,5732,1995,4384.0,0.0,1.771648,1.184,USA,DOM,251612
5030731,8,67,5732,1995,2388.0,0.0,0.245885,0.5489850000000001,ARG,ECU,251612
5030732,111,67,5732,1995,143552.0,0.0,1.503379,1.449094,ITA,ECU,251612
5030733,231,67,5732,1995,30270.0,0.0,1.771648,1.184,USA,ECU,251612
5030734,61,107,5732,1995,0.0,27937.0,2.325385,-2.2238189999999998,DEU,IRN,251612
5030735,64,107,5732,1995,0.0,14696.0,1.3800270000000001,1.489036,DNK,IRN,251612
5030736,162,107,5732,1995,0.0,2110.0,1.304391,1.8819119999999998,NLD,IRN,251612
5030737,185,107,5732,1995,0.0,5565.0,0.621468,1.038729,ROU,IRN,251612
5030738,188,107,5732,1995,0.0,32628.0,0.401573,-0.6676529999999999,SAU,IRN,251612
5030739,224,107,5732,1995,0.0,15398.0,0.166794,1.209066,TUR,IRN,251612
5030740,18,174,5732,1995,83986.0,0.0,1.615588,1.394102,BEL,PHL,251612
5030741,43,174,5732,1995,38447.0,0.0,0.387897,3.2147919999999996,CHN,PHL,251612
5030742,97,174,5732,1995,73608.0,0.0,0.5244449999999999,2.682738,HKG,PHL,251612
5030743,103,174,5732,1995,0.0,7426.0,-0.391727,1.174727,IDN,PHL,251612
5030744,104,174,5732,1995,25001.0,0.0,0.156183,1.9617380000000002,IND,PHL,251612
5030745,111,174,5732,1995,45783.0,0.0,1.503379,1.449094,ITA,PHL,251612
5030746,179,174,5732,1995,113533.0,0.0,0.412677,1.254009,PRT,PHL,251612
5030747,192,174,5732,1995,30868.0,0.0,0.747684,0.4745,SGP,PHL,251612
5030748,15,186,5732,1995,1200.0,0.0,2.000295,0.661255,AUT,RUS,251612
5030749,18,186,5732,1995,3848.0,0.0,1.615588,1.394102,BEL,RUS,251612
5030750,43,186,5732,1995,22043.0,0.0,0.387897,3.2147919999999996,CHN,RUS,251612
5030751,59,186,5732,1995,129993.0,0.0,1.375091,1.628069,CZE,RUS,251612
5030752,61,186,5732,1995,27561.0,0.0,2.325385,-2.2238189999999998,DEU,RUS,251612
5030753,68,186,5732,1995,12606.0,0.0,-0.340042,-0.085601,EGY,RUS,251612
5030754,72,186,5732,1995,9350.0,6069.0,0.530041,1.134288,EST,RUS,251612
5030755,74,186,5732,1995,359923.0,7630.0,2.0085740000000003,1.126816,FIN,RUS,251612
5030756,100,186,5732,1995,108549.0,0.0,0.75325,1.395715,HRV,RUS,251612
5030757,104,186,5732,1995,8565.0,0.0,0.156183,1.9617380000000002,IND,RUS,251612
5030758,111,186,5732,1995,1222969.0,0.0,1.503379,1.449094,ITA,RUS,251612
5030759,114,186,5732,1995,0.0,8554.0,2.56822,0.927307,JPN,RUS,251612
5030760,130,186,5732,1995,1501.0,34901.0,0.41220500000000004,0.966966,LTU,RUS,251612
5030761,132,186,5732,1995,0.0,52441.0,0.25453400000000004,0.174809,LVA,RUS,251612
5030762,162,186,5732,1995,254105.0,0.0,1.304391,1.8819119999999998,NLD,RUS,251612
5030763,224,186,5732,1995,3535.0,0.0,0.166794,1.209066,TUR,RUS,251612
5030764,61,228,5732,1995,0.0,19501.0,2.325385,-2.2238189999999998,DEU,UKR,251612
5030765,71,228,5732,1995,0.0,11968.0,1.144247,1.933844,ESP,UKR,251612
5030766,74,228,5732,1995,0.0,64036.0,2.0085740000000003,1.126816,FIN,UKR,251612
5030767,102,228,5732,1995,0.0,7000.0,0.878711,1.8200060000000002,HUN,UKR,251612
5030768,111,228,5732,1995,48651.0,99935.0,1.503379,1.449094,ITA,UKR,251612
5030769,130,228,5732,1995,0.0,11967.0,0.41220500000000004,0.966966,LTU,UKR,251612
5030770,132,228,5732,1995,0.0,85726.0,0.25453400000000004,0.174809,LVA,UKR,251612
5030771,135,228,5732,1995,0.0,8161.0,0.394058,0.124474,MDA,UKR,251612
5030772,177,228,5732,1995,0.0,415519.0,0.76393,1.802648,POL,UKR,251612
5030773,206,228,5732,1995,0.0,1436.0,1.2249780000000001,1.405585,SVK,UKR,251612
5030774,224,228,5732,1995,0.0,461426.0,0.166794,1.209066,TUR,UKR,251612
5030775,97,239,5732,1995,9894.0,0.0,0.5244449999999999,2.682738,HKG,VNM,251612
5030776,103,239,5732,1995,0.0,25220.0,-0.391727,1.174727,IDN,VNM,251612
5030777,114,239,5732,1995,0.0,64172.0,2.56822,0.927307,JPN,VNM,251612
5030778,121,239,5732,1995,0.0,17294.0,0.845175,1.2761799999999999,KOR,VNM,251612
5030779,162,239,5732,1995,0.0,33741.0,1.304391,1.8819119999999998,NLD,VNM,251612
5030780,192,239,5732,1995,12196.0,2375.0,0.747684,0.4745,SGP,VNM,251612
5030781,216,239,5732,1995,0.0,1272900.0,0.174522,1.608058,THA,VNM,251612
5030782,14,249,5732,1995,196441.0,0.0,0.44442,0.789292,AUS,TWN,251612
5030783,42,249,5732,1995,4045.0,0.0,-0.073436,-0.192675,CHL,TWN,251612
5030784,43,249,5732,1995,728649.0,996118.0,0.387897,3.2147919999999996,CHN,TWN,251612
5030785,71,249,5732,1995,59343.0,0.0,1.144247,1.933844,ESP,TWN,251612
5030786,97,249,5732,1995,249817.0,1499673.0,0.5244449999999999,2.682738,HKG,TWN,251612
5030787,103,249,5732,1995,3419.0,1873105.0,-0.391727,1.174727,IDN,TWN,251612
5030788,104,249,5732,1995,4506936.0,0.0,0.156183,1.9617380000000002,IND,TWN,251612
5030789,111,249,5732,1995,2912.0,0.0,1.503379,1.449094,ITA,TWN,251612
5030790,114,249,5732,1995,0.0,136970.0,2.56822,0.927307,JPN,TWN,251612
5030791,121,249,5732,1995,0.0,189488.0,0.845175,1.2761799999999999,KOR,TWN,251612
5030792,153,249,5732,1995,0.0,55932.0,0.357745,0.374284,MYS,TWN,251612
5030793,179,249,5732,1995,13733.0,0.0,0.412677,1.254009,PRT,TWN,251612
5030794,192,249,5732,1995,4664.0,0.0,0.747684,0.4745,SGP,TWN,251612
5030795,216,249,5732,1995,0.0,25500.0,0.174522,1.608058,THA,TWN,251612
5030796,231,249,5732,1995,2105588.0,0.0,1.771648,1.184,USA,TWN,251612
5030797,246,249,5732,1995,2276489.0,0.0,0.468112,1.039817,ZAF,TWN,251612
5030798,43,250,5732,1995,0.0,18921.0,0.387897,3.2147919999999996,CHN,ANS,251612
5030799,59,250,5732,1995,4158.0,0.0,1.375091,1.628069,CZE,ANS,251612
5030800,61,250,5732,1995,31054.0,0.0,2.325385,-2.2238189999999998,DEU,ANS,251612
5030801,103,250,5732,1995,0.0,1830876.0,-0.391727,1.174727,IDN,ANS,251612
5030802,121,250,5732,1995,1371.0,0.0,0.845175,1.2761799999999999,KOR,ANS,251612
5030803,140,250,5732,1995,0.0,40124.0,0.34174,0.648467,MKD,ANS,251612
5030804,177,250,5732,1995,45820.0,135300.0,0.76393,1.802648,POL,ANS,251612
5030805,188,250,5732,1995,362063.0,93177.0,0.401573,-0.6676529999999999,SAU,ANS,251612
5030806,206,250,5732,1995,0.0,15172.0,1.2249780000000001,1.405585,SVK,ANS,251612
5030807,224,250,5732,1995,2308.0,0.0,0.166794,1.209066,TUR,ANS,251612
5030808,230,250,5732,1995,13071.0,0.0,0.45133900000000005,0.50831,URY,ANS,251612
5030809,246,250,5732,1995,29998.0,0.0,0.468112,1.039817,ZAF,ANS,251612
5030810,32,31,5732,1995,13518.0,0.0,0.687171,1.188647,BRA,BOL,251612
5030811,42,31,5732,1995,0.0,5123.0,-0.073436,-0.192675,CHL,BOL,251612
5030812,230,31,5732,1995,9668.0,0.0,0.45133900000000005,0.50831,URY,BOL,251612
5030813,77,94,5732,1995,1388.0,0.0,1.768484,0.765537,FRA,GUF,251612
5030814,248,152,5732,1995,18230.0,0.0,-0.054752999999999996,0.326737,ZWE,MWI,251612
5030815,179,160,5732,1995,30778.0,0.0,0.412677,1.254009,PRT,NIC,251612
5030816,81,227,5732,1995,7476.0,0.0,1.8656979999999999,1.107121,GBR,UGA,251612
5030817,116,227,5732,1995,80343.0,0.0,-0.303773,0.111305,KEN,UGA,251612
5030818,77,66,5732,1995,46999.0,0.0,1.768484,0.765537,FRA,DZA,251612
5030819,111,66,5732,1995,13782.0,0.0,1.503379,1.449094,ITA,DZA,251612
5030820,28,130,5732,1995,88340.0,0.0,0.5290279999999999,0.27031700000000003,BLR,LTU,251612
5030821,61,130,5732,1995,2991.0,0.0,2.325385,-2.2238189999999998,DEU,LTU,251612
5030822,64,130,5732,1995,0.0,8212.0,1.3800270000000001,1.489036,DNK,LTU,251612
5030823,74,130,5732,1995,27604.0,0.0,2.0085740000000003,1.126816,FIN,LTU,251612
5030824,186,130,5732,1995,34901.0,1501.0,0.364437,0.171494,RUS,LTU,251612
5030825,208,130,5732,1995,0.0,27445.0,2.246997,1.060171,SWE,LTU,251612
5030826,228,130,5732,1995,11967.0,0.0,0.428875,0.20489899999999997,UKR,LTU,251612
5030827,43,133,5732,1995,10131.0,0.0,0.387897,3.2147919999999996,CHN,MAC,251612
5030828,97,133,5732,1995,307767.0,0.0,0.5244449999999999,2.682738,HKG,MAC,251612
5030829,111,136,5732,1995,0.0,22811.0,1.503379,1.449094,ITA,MDG,251612
5030830,104,137,5732,1995,2506.0,0.0,0.156183,1.9617380000000002,IND,MDV,251612
5030831,104,151,5732,1995,4659.0,0.0,0.156183,1.9617380000000002,IND,MUS,251612
5030832,246,184,5732,1995,1502.0,0.0,0.468112,1.039817,ZAF,REU,251612
5030833,246,211,5732,1995,26826.0,2753.0,0.468112,1.039817,ZAF,SYC,251612
5030834,248,211,5732,1995,405933.0,0.0,-0.054752999999999996,0.326737,ZWE,SYC,251612
5030835,179,2,5732,1995,13898.0,312192.0,0.412677,1.254009,PRT,AGO,251612
5030836,90,4,5732,1995,1999.0,4900.0,0.17369,0.885756,GRC,ALB,251612
5030837,111,4,5732,1995,34966.0,0.0,1.503379,1.449094,ITA,ALB,251612
5030838,231,6,5732,1995,5134.0,0.0,1.771648,1.184,USA,ANT,251612
5030839,68,7,5732,1995,61589.0,0.0,-0.340042,-0.085601,EGY,ARE,251612
5030840,103,7,5732,1995,0.0,4392.0,-0.391727,1.174727,IDN,ARE,251612
5030841,104,7,5732,1995,298903.0,0.0,0.156183,1.9617380000000002,IND,ARE,251612
5030842,111,7,5732,1995,74941.0,0.0,1.503379,1.449094,ITA,ARE,251612
5030843,167,7,5732,1995,0.0,466455.0,-0.328853,-0.946069,OMN,ARE,251612
5030844,188,7,5732,1995,1868850.0,16030.0,0.401573,-0.6676529999999999,SAU,ARE,251612
5030845,15,23,5732,1995,0.0,3156.0,2.000295,0.661255,AUT,BGR,251612
5030846,90,23,5732,1995,345234.0,8891.0,0.17369,0.885756,GRC,BGR,251612
5030847,111,23,5732,1995,235636.0,0.0,1.503379,1.449094,ITA,BGR,251612
5030848,140,23,5732,1995,0.0,20512.0,0.34174,0.648467,MKD,BGR,251612
5030849,162,23,5732,1995,0.0,1829.0,1.304391,1.8819119999999998,NLD,BGR,251612
5030850,111,24,5732,1995,26541.0,0.0,1.503379,1.449094,ITA,BHR,251612
5030851,231,25,5732,1995,16448.0,0.0,1.771648,1.184,USA,BHS,251612
5030852,111,28,5732,1995,21987.0,0.0,1.503379,1.449094,ITA,BLR,251612
5030853,130,28,5732,1995,0.0,88340.0,0.41220500000000004,0.966966,LTU,BLR,251612
5030854,132,28,5732,1995,29397.0,20775.0,0.25453400000000004,0.174809,LVA,BLR,251612
5030855,43,34,5732,1995,15102.0,0.0,0.387897,3.2147919999999996,CHN,BRN,251612
5030856,104,34,5732,1995,1763.0,0.0,0.156183,1.9617380000000002,IND,BRN,251612
5030857,153,34,5732,1995,1071774.0,0.0,0.357745,0.374284,MYS,BRN,251612
5030858,192,34,5732,1995,344292.0,0.0,0.747684,0.4745,SGP,BRN,251612
5030859,71,84,5732,1995,467701.0,0.0,1.144247,1.933844,ESP,GIB,251612
5030860,81,109,5732,1995,1613.0,0.0,1.8656979999999999,1.107121,GBR,ISL,251612
5030861,162,109,5732,1995,7187.0,2424.0,1.304391,1.8819119999999998,NLD,ISL,251612
5030862,163,109,5732,1995,5817.0,0.0,1.019741,0.394241,NOR,ISL,251612
5030863,179,109,5732,1995,2806.0,0.0,0.412677,1.254009,PRT,ISL,251612
5030864,208,109,5732,1995,4169.0,0.0,2.246997,1.060171,SWE,ISL,251612
5030865,111,115,5732,1995,289084.0,0.0,1.503379,1.449094,ITA,KAZ,251612
5030866,121,115,5732,1995,0.0,120665.0,0.845175,1.2761799999999999,KOR,KAZ,251612
5030867,104,116,5732,1995,22466.0,0.0,0.156183,1.9617380000000002,IND,KEN,251612
5030868,227,116,5732,1995,0.0,80343.0,-1.053037,-1.001752,UGA,KEN,251612
5030869,111,122,5732,1995,259736.0,0.0,1.503379,1.449094,ITA,KWT,251612
5030870,188,122,5732,1995,246864.0,0.0,0.401573,-0.6676529999999999,SAU,KWT,251612
5030871,68,124,5732,1995,4563.0,0.0,-0.340042,-0.085601,EGY,LBN,251612
5030872,71,124,5732,1995,10230.0,0.0,1.144247,1.933844,ESP,LBN,251612
5030873,111,124,5732,1995,1036398.0,0.0,1.503379,1.449094,ITA,LBN,251612
5030874,188,124,5732,1995,52198.0,0.0,0.401573,-0.6676529999999999,SAU,LBN,251612
5030875,68,126,5732,1995,36058.0,0.0,-0.340042,-0.085601,EGY,LBY,251612
5030876,111,126,5732,1995,223802.0,0.0,1.503379,1.449094,ITA,LBY,251612
5030877,39,128,5732,1995,0.0,18650.0,1.077804,1.0724200000000002,CAN,LKA,251612
5030878,104,128,5732,1995,13586.0,0.0,0.156183,1.9617380000000002,IND,LKA,251612
5030879,111,128,5732,1995,0.0,1095.0,1.503379,1.449094,ITA,LKA,251612
5030880,248,147,5732,1995,902926.0,0.0,-0.054752999999999996,0.326737,ZWE,MOZ,251612
5030881,41,159,5732,1995,0.0,5077.0,2.1893029999999998,0.82765,CHE,NGA,251612
5030882,61,159,5732,1995,0.0,33586.0,2.325385,-2.2238189999999998,DEU,NGA,251612
5030883,111,159,5732,1995,44076.0,0.0,1.503379,1.449094,ITA,NGA,251612
5030884,104,164,5732,1995,8473.0,0.0,0.156183,1.9617380000000002,IND,NPL,251612
5030885,32,180,5732,1995,50284.0,0.0,0.687171,1.188647,BRA,PRY,251612
5030886,111,183,5732,1995,23780.0,0.0,1.503379,1.449094,ITA,QAT,251612
5030887,246,189,5732,1995,162711.0,0.0,0.468112,1.039817,ZAF,SCG,251612
5030888,77,191,5732,1995,1828.0,0.0,1.768484,0.765537,FRA,SEN,251612
5030889,216,1,5732,1995,0.0,52113.0,0.174522,1.608058,THA,AFG,251612
5030890,100,26,5732,1995,4203.0,0.0,0.75325,1.395715,HRV,BIH,251612
5030891,111,26,5732,1995,32712.0,1621.0,1.503379,1.449094,ITA,BIH,251612
5030892,207,26,5732,1995,0.0,1759.0,1.424606,1.490521,SVN,BIH,251612
5030893,14,75,5732,1995,13247.0,0.0,0.44442,0.789292,AUS,FJI,251612
5030894,192,75,5732,1995,11527.0,0.0,0.747684,0.4745,SGP,FJI,251612
5030895,43,123,5732,1995,167808.0,0.0,0.387897,3.2147919999999996,CHN,LAO,251612
5030896,216,123,5732,1995,1807.0,7743.0,0.174522,1.608058,THA,LAO,251612
5030897,192,143,5732,1995,65717.0,0.0,0.747684,0.4745,SGP,MMR,251612
5030898,216,165,5732,1995,0.0,45682.0,0.174522,1.608058,THA,NRU,251612
5030899,14,176,5732,1995,2700.0,0.0,0.44442,0.789292,AUS,PNG,251612
5030900,43,178,5732,1995,0.0,33415.0,0.387897,3.2147919999999996,CHN,PRK,251612
5030901,71,178,5732,1995,15549.0,0.0,1.144247,1.933844,ESP,PRK,251612
5030902,103,178,5732,1995,0.0,2877.0,-0.391727,1.174727,IDN,PRK,251612
5030903,77,182,5732,1995,12720.0,0.0,1.768484,0.765537,FRA,PYF,251612
5030904,71,5,5732,1995,6943.0,0.0,1.144247,1.933844,ESP,AND,251612
5030905,43,145,5732,1995,54268.0,0.0,0.387897,3.2147919999999996,CHN,MNG,251612
5030906,114,145,5732,1995,0.0,28960.0,2.56822,0.927307,JPN,MNG,251612
5030907,81,78,5732,1995,1271.0,0.0,1.8656979999999999,1.107121,GBR,FRO,251612
5030908,18,15,5733,1995,24226.0,0.0,1.615588,1.394102,BEL,AUT,251621
5030909,23,15,5733,1995,32352.0,0.0,0.436138,1.086561,BGR,AUT,251621
5030910,41,15,5733,1995,15328.0,1019.0,2.1893029999999998,0.82765,CHE,AUT,251621
5030911,59,15,5733,1995,0.0,6145.0,1.375091,1.628069,CZE,AUT,251621
5030912,61,15,5733,1995,45729.0,0.0,2.325385,-2.2238189999999998,DEU,AUT,251621
5030913,102,15,5733,1995,3062.0,0.0,0.878711,1.8200060000000002,HUN,AUT,251621
5030914,111,15,5733,1995,11823.0,0.0,1.503379,1.449094,ITA,AUT,251621
5030915,224,15,5733,1995,4995.0,0.0,0.166794,1.209066,TUR,AUT,251621
5030916,15,18,5733,1995,0.0,24226.0,2.000295,0.661255,AUT,BEL,251621
5030917,61,18,5733,1995,14645.0,109365.0,2.325385,-2.2238189999999998,DEU,BEL,251621
5030918,77,18,5733,1995,76111.0,42848.0,1.768484,0.765537,FRA,BEL,251621
5030919,81,18,5733,1995,23577.0,0.0,1.8656979999999999,1.107121,GBR,BEL,251621
5030920,104,18,5733,1995,105789.0,0.0,0.156183,1.9617380000000002,IND,BEL,251621
5030921,106,18,5733,1995,2277.0,0.0,1.349192,0.992099,IRL,BEL,251621
5030922,111,18,5733,1995,4805.0,0.0,1.503379,1.449094,ITA,BEL,251621
5030923,162,18,5733,1995,6640.0,22784.0,1.304391,1.8819119999999998,NLD,BEL,251621
5030924,179,18,5733,1995,102470.0,0.0,0.412677,1.254009,PRT,BEL,251621
5030925,246,18,5733,1995,24295.0,0.0,0.468112,1.039817,ZAF,BEL,251621
5030926,61,32,5733,1995,0.0,2504.0,2.325385,-2.2238189999999998,DEU,BRA,251621
5030927,34,43,5733,1995,0.0,10732.0,-0.979701,-0.85456,BRN,CHN,251621
5030928,77,43,5733,1995,37921.0,0.0,1.768484,0.765537,FRA,CHN,251621
5030929,97,43,5733,1995,1880.0,14460.0,0.5244449999999999,2.682738,HKG,CHN,251621
5030930,114,43,5733,1995,0.0,54903.0,2.56822,0.927307,JPN,CHN,251621
5030931,121,43,5733,1995,0.0,3233.0,0.845175,1.2761799999999999,KOR,CHN,251621
5030932,192,43,5733,1995,0.0,39505.0,0.747684,0.4745,SGP,CHN,251621
5030933,231,43,5733,1995,0.0,9207.0,1.771648,1.184,USA,CHN,251621
5030934,249,43,5733,1995,1541.0,48862.0,1.345205,1.9337389999999999,TWN,CHN,251621
5030935,14,61,5733,1995,32104.0,23937.0,0.44442,0.789292,AUS,DEU,251621
5030936,15,61,5733,1995,0.0,45729.0,2.000295,0.661255,AUT,DEU,251621
5030937,18,61,5733,1995,109365.0,14645.0,1.615588,1.394102,BEL,DEU,251621
5030938,23,61,5733,1995,37095.0,0.0,0.436138,1.086561,BGR,DEU,251621
5030939,32,61,5733,1995,2504.0,0.0,0.687171,1.188647,BRA,DEU,251621
5030940,41,61,5733,1995,307951.0,89760.0,2.1893029999999998,0.82765,CHE,DEU,251621
5030941,58,61,5733,1995,4123.0,0.0,0.263764,0.030358999999999997,CYP,DEU,251621
5030942,59,61,5733,1995,287123.0,0.0,1.375091,1.628069,CZE,DEU,251621
5030943,64,61,5733,1995,0.0,426163.0,1.3800270000000001,1.489036,DNK,DEU,251621
5030944,77,61,5733,1995,638508.0,26237.0,1.768484,0.765537,FRA,DEU,251621
5030945,81,61,5733,1995,23777.0,0.0,1.8656979999999999,1.107121,GBR,DEU,251621
5030946,102,61,5733,1995,0.0,1002.0,0.878711,1.8200060000000002,HUN,DEU,251621
5030947,104,61,5733,1995,8596.0,0.0,0.156183,1.9617380000000002,IND,DEU,251621
5030948,106,61,5733,1995,13603.0,0.0,1.349192,0.992099,IRL,DEU,251621
5030949,111,61,5733,1995,12764.0,7023.0,1.503379,1.449094,ITA,DEU,251621
5030950,114,61,5733,1995,0.0,7989.0,2.56822,0.927307,JPN,DEU,251621
5030951,153,61,5733,1995,3248.0,6332.0,0.357745,0.374284,MYS,DEU,251621
5030952,162,61,5733,1995,61459.0,105431.0,1.304391,1.8819119999999998,NLD,DEU,251621
5030953,177,61,5733,1995,2042486.0,38424.0,0.76393,1.802648,POL,DEU,251621
5030954,206,61,5733,1995,136927.0,0.0,1.2249780000000001,1.405585,SVK,DEU,251621
5030955,207,61,5733,1995,106146.0,0.0,1.424606,1.490521,SVN,DEU,251621
5030956,224,61,5733,1995,174912.0,0.0,0.166794,1.209066,TUR,DEU,251621
5030957,231,61,5733,1995,16553.0,0.0,1.771648,1.184,USA,DEU,251621
5030958,246,61,5733,1995,1399.0,0.0,0.468112,1.039817,ZAF,DEU,251621
5030959,61,64,5733,1995,426163.0,0.0,2.325385,-2.2238189999999998,DEU,DNK,251621
5030960,77,64,5733,1995,68316.0,0.0,1.768484,0.765537,FRA,DNK,251621
5030961,163,64,5733,1995,7170.0,3608.0,1.019741,0.394241,NOR,DNK,251621
5030962,14,71,5733,1995,7201.0,0.0,0.44442,0.789292,AUS,ESP,251621
5030963,77,71,5733,1995,15941.0,96347.0,1.768484,0.765537,FRA,ESP,251621
5030964,104,71,5733,1995,41191.0,0.0,0.156183,1.9617380000000002,IND,ESP,251621
5030965,111,71,5733,1995,0.0,8514.0,1.503379,1.449094,ITA,ESP,251621
5030966,179,71,5733,1995,134118.0,4175.0,0.412677,1.254009,PRT,ESP,251621
5030967,18,77,5733,1995,42848.0,76111.0,1.615588,1.394102,BEL,FRA,251621
5030968,41,77,5733,1995,40656.0,109893.0,2.1893029999999998,0.82765,CHE,FRA,251621
5030969,43,77,5733,1995,0.0,37921.0,0.387897,3.2147919999999996,CHN,FRA,251621
5030970,61,77,5733,1995,26237.0,638508.0,2.325385,-2.2238189999999998,DEU,FRA,251621
5030971,64,77,5733,1995,0.0,68316.0,1.3800270000000001,1.489036,DNK,FRA,251621
5030972,71,77,5733,1995,96347.0,15941.0,1.144247,1.933844,ESP,FRA,251621
5030973,81,77,5733,1995,0.0,1588.0,1.8656979999999999,1.107121,GBR,FRA,251621
5030974,104,77,5733,1995,16157.0,0.0,0.156183,1.9617380000000002,IND,FRA,251621
5030975,106,77,5733,1995,19931.0,0.0,1.349192,0.992099,IRL,FRA,251621
5030976,111,77,5733,1995,1249274.0,0.0,1.503379,1.449094,ITA,FRA,251621
5030977,124,77,5733,1995,0.0,1009.0,0.027416000000000003,0.327795,LBN,FRA,251621
5030978,162,77,5733,1995,0.0,10723.0,1.304391,1.8819119999999998,NLD,FRA,251621
5030979,179,77,5733,1995,3882.0,0.0,0.412677,1.254009,PRT,FRA,251621
5030980,192,77,5733,1995,0.0,29290.0,0.747684,0.4745,SGP,FRA,251621
5030981,249,77,5733,1995,0.0,175053.0,1.345205,1.9337389999999999,TWN,FRA,251621
5030982,250,77,5733,1995,4885.0,0.0,1.034518,0.9735149999999999,ANS,FRA,251621
5030983,14,81,5733,1995,76238.0,0.0,0.44442,0.789292,AUS,GBR,251621
5030984,18,81,5733,1995,0.0,23577.0,1.615588,1.394102,BEL,GBR,251621
5030985,39,81,5733,1995,0.0,128639.0,1.077804,1.0724200000000002,CAN,GBR,251621
5030986,61,81,5733,1995,0.0,23777.0,2.325385,-2.2238189999999998,DEU,GBR,251621
5030987,77,81,5733,1995,1588.0,0.0,1.768484,0.765537,FRA,GBR,251621
5030988,104,81,5733,1995,17244.0,0.0,0.156183,1.9617380000000002,IND,GBR,251621
5030989,106,81,5733,1995,0.0,155549.0,1.349192,0.992099,IRL,GBR,251621
5030990,114,81,5733,1995,0.0,97387.0,2.56822,0.927307,JPN,GBR,251621
5030991,231,81,5733,1995,13148.0,12502.0,1.771648,1.184,USA,GBR,251621
5030992,43,97,5733,1995,14460.0,1880.0,0.387897,3.2147919999999996,CHN,HKG,251621
5030993,104,97,5733,1995,2831.0,0.0,0.156183,1.9617380000000002,IND,HKG,251621
5030994,18,106,5733,1995,0.0,2277.0,1.615588,1.394102,BEL,IRL,251621
5030995,61,106,5733,1995,0.0,13603.0,2.325385,-2.2238189999999998,DEU,IRL,251621
5030996,77,106,5733,1995,0.0,19931.0,1.768484,0.765537,FRA,IRL,251621
5030997,81,106,5733,1995,155549.0,0.0,1.8656979999999999,1.107121,GBR,IRL,251621
5030998,58,110,5733,1995,24668.0,0.0,0.263764,0.030358999999999997,CYP,ISR,251621
5030999,14,111,5733,1995,50213.0,0.0,0.44442,0.789292,AUS,ITA,251621
5031000,15,111,5733,1995,0.0,11823.0,2.000295,0.661255,AUT,ITA,251621
5031001,18,111,5733,1995,0.0,4805.0,1.615588,1.394102,BEL,ITA,251621
5031002,41,111,5733,1995,0.0,3867.0,2.1893029999999998,0.82765,CHE,ITA,251621
5031003,61,111,5733,1995,7023.0,12764.0,2.325385,-2.2238189999999998,DEU,ITA,251621
5031004,71,111,5733,1995,8514.0,0.0,1.144247,1.933844,ESP,ITA,251621
5031005,77,111,5733,1995,0.0,1249274.0,1.768484,0.765537,FRA,ITA,251621
5031006,100,111,5733,1995,0.0,17379.0,0.75325,1.395715,HRV,ITA,251621
5031007,142,111,5733,1995,0.0,113725.0,0.842519,0.11882899999999999,MLT,ITA,251621
5031008,207,111,5733,1995,60693.0,7620.0,1.424606,1.490521,SVN,ITA,251621
5031009,223,111,5733,1995,1467.0,0.0,-0.253792,-0.044331,TUN,ITA,251621
5031010,231,111,5733,1995,135128.0,21661.0,1.771648,1.184,USA,ITA,251621
5031011,43,121,5733,1995,3233.0,0.0,0.387897,3.2147919999999996,CHN,KOR,251621
5031012,104,121,5733,1995,246255.0,0.0,0.156183,1.9617380000000002,IND,KOR,251621
5031013,216,121,5733,1995,0.0,1894.0,0.174522,1.608058,THA,KOR,251621
5031014,231,138,5733,1995,10660.0,0.0,1.771648,1.184,USA,MEX,251621
5031015,14,153,5733,1995,4576.0,0.0,0.44442,0.789292,AUS,MYS,251621
5031016,61,153,5733,1995,6332.0,3248.0,2.325385,-2.2238189999999998,DEU,MYS,251621
5031017,103,153,5733,1995,1907.0,0.0,-0.391727,1.174727,IDN,MYS,251621
5031018,104,153,5733,1995,12579.0,0.0,0.156183,1.9617380000000002,IND,MYS,251621
5031019,192,153,5733,1995,22158.0,999.0,0.747684,0.4745,SGP,MYS,251621
5031020,249,153,5733,1995,4242.0,0.0,1.345205,1.9337389999999999,TWN,MYS,251621
5031021,18,162,5733,1995,22784.0,6640.0,1.615588,1.394102,BEL,NLD,251621
5031022,41,162,5733,1995,0.0,10477.0,2.1893029999999998,0.82765,CHE,NLD,251621
5031023,59,162,5733,1995,23101.0,0.0,1.375091,1.628069,CZE,NLD,251621
5031024,61,162,5733,1995,105431.0,61459.0,2.325385,-2.2238189999999998,DEU,NLD,251621
5031025,77,162,5733,1995,10723.0,0.0,1.768484,0.765537,FRA,NLD,251621
5031026,104,162,5733,1995,62290.0,0.0,0.156183,1.9617380000000002,IND,NLD,251621
5031027,109,162,5733,1995,0.0,1725.0,0.161331,-0.45210100000000003,ISL,NLD,251621
5031028,64,163,5733,1995,3608.0,7170.0,1.3800270000000001,1.489036,DNK,NOR,251621
5031029,208,163,5733,1995,8549.0,0.0,2.246997,1.060171,SWE,NOR,251621
5031030,216,163,5733,1995,0.0,1201.0,0.174522,1.608058,THA,NOR,251621
5031031,61,177,5733,1995,38424.0,2042486.0,2.325385,-2.2238189999999998,DEU,POL,251621
5031032,250,177,5733,1995,0.0,9164.0,1.034518,0.9735149999999999,ANS,POL,251621
5031033,18,179,5733,1995,0.0,102470.0,1.615588,1.394102,BEL,PRT,251621
5031034,71,179,5733,1995,4175.0,134118.0,1.144247,1.933844,ESP,PRT,251621
5031035,77,179,5733,1995,0.0,3882.0,1.768484,0.765537,FRA,PRT,251621
5031036,121,216,5733,1995,1894.0,0.0,0.845175,1.2761799999999999,KOR,THA,251621
5031037,163,216,5733,1995,1201.0,0.0,1.019741,0.394241,NOR,THA,251621
5031038,192,216,5733,1995,0.0,2735.0,0.747684,0.4745,SGP,THA,251621
5031039,231,216,5733,1995,0.0,1702.0,1.771648,1.184,USA,THA,251621
5031040,14,231,5733,1995,0.0,1959.0,0.44442,0.789292,AUS,USA,251621
5031041,39,231,5733,1995,94245.0,218088.0,1.077804,1.0724200000000002,CAN,USA,251621
5031042,43,231,5733,1995,9207.0,0.0,0.387897,3.2147919999999996,CHN,USA,251621
5031043,61,231,5733,1995,0.0,16553.0,2.325385,-2.2238189999999998,DEU,USA,251621
5031044,81,231,5733,1995,12502.0,13148.0,1.8656979999999999,1.107121,GBR,USA,251621
5031045,103,231,5733,1995,0.0,5933.0,-0.391727,1.174727,IDN,USA,251621
5031046,104,231,5733,1995,111950.0,0.0,0.156183,1.9617380000000002,IND,USA,251621
5031047,111,231,5733,1995,21661.0,135128.0,1.503379,1.449094,ITA,USA,251621
5031048,114,231,5733,1995,0.0,5014.0,2.56822,0.927307,JPN,USA,251621
5031049,138,231,5733,1995,0.0,10660.0,0.6414300000000001,0.9697520000000001,MEX,USA,251621
5031050,216,231,5733,1995,1702.0,0.0,0.174522,1.608058,THA,USA,251621
5031051,246,231,5733,1995,201362.0,0.0,0.468112,1.039817,ZAF,USA,251621
5031052,249,231,5733,1995,0.0,25553.0,1.345205,1.9337389999999999,TWN,USA,251621
5031053,61,14,5733,1995,23937.0,32104.0,2.325385,-2.2238189999999998,DEU,AUS,251621
5031054,71,14,5733,1995,0.0,7201.0,1.144247,1.933844,ESP,AUS,251621
5031055,81,14,5733,1995,0.0,76238.0,1.8656979999999999,1.107121,GBR,AUS,251621
5031056,104,14,5733,1995,45558.0,0.0,0.156183,1.9617380000000002,IND,AUS,251621
5031057,111,14,5733,1995,0.0,50213.0,1.503379,1.449094,ITA,AUS,251621
5031058,114,14,5733,1995,0.0,437786.0,2.56822,0.927307,JPN,AUS,251621
5031059,153,14,5733,1995,0.0,4576.0,0.357745,0.374284,MYS,AUS,251621
5031060,166,14,5733,1995,0.0,4217.0,0.5558270000000001,0.773271,NZL,AUS,251621
5031061,231,14,5733,1995,1959.0,0.0,1.771648,1.184,USA,AUS,251621
5031062,246,14,5733,1995,0.0,1258.0,0.468112,1.039817,ZAF,AUS,251621
5031063,104,22,5733,1995,242260.0,0.0,0.156183,1.9617380000000002,IND,BGD,251621
5031064,81,39,5733,1995,128639.0,0.0,1.8656979999999999,1.107121,GBR,CAN,251621
5031065,104,39,5733,1995,10285.0,0.0,0.156183,1.9617380000000002,IND,CAN,251621
5031066,231,39,5733,1995,218088.0,94245.0,1.771648,1.184,USA,CAN,251621
5031067,15,41,5733,1995,1019.0,15328.0,2.000295,0.661255,AUT,CHE,251621
5031068,61,41,5733,1995,89760.0,307951.0,2.325385,-2.2238189999999998,DEU,CHE,251621
5031069,77,41,5733,1995,109893.0,40656.0,1.768484,0.765537,FRA,CHE,251621
5031070,104,41,5733,1995,7222.0,0.0,0.156183,1.9617380000000002,IND,CHE,251621
5031071,111,41,5733,1995,3867.0,0.0,1.503379,1.449094,ITA,CHE,251621
5031072,162,41,5733,1995,10477.0,0.0,1.304391,1.8819119999999998,NLD,CHE,251621
5031073,15,59,5733,1995,6145.0,0.0,2.000295,0.661255,AUT,CZE,251621
5031074,61,59,5733,1995,0.0,287123.0,2.325385,-2.2238189999999998,DEU,CZE,251621
5031075,162,59,5733,1995,0.0,23101.0,1.304391,1.8819119999999998,NLD,CZE,251621
5031076,206,59,5733,1995,3198.0,1655.0,1.2249780000000001,1.405585,SVK,CZE,251621
5031077,104,103,5733,1995,68622.0,0.0,0.156183,1.9617380000000002,IND,IDN,251621
5031078,114,103,5733,1995,0.0,95886.0,2.56822,0.927307,JPN,IDN,251621
5031079,153,103,5733,1995,0.0,1907.0,0.357745,0.374284,MYS,IDN,251621
5031080,231,103,5733,1995,5933.0,0.0,1.771648,1.184,USA,IDN,251621
5031081,249,103,5733,1995,0.0,4399.0,1.345205,1.9337389999999999,TWN,IDN,251621
5031082,7,104,5733,1995,0.0,43054.0,-0.205166,-0.6132380000000001,ARE,IND,251621
5031083,14,104,5733,1995,0.0,45558.0,0.44442,0.789292,AUS,IND,251621
5031084,18,104,5733,1995,0.0,105789.0,1.615588,1.394102,BEL,IND,251621
5031085,22,104,5733,1995,0.0,242260.0,-1.037175,-0.983195,BGD,IND,251621
5031086,24,104,5733,1995,0.0,18331.0,-0.239166,-0.8627950000000001,BHR,IND,251621
5031087,39,104,5733,1995,0.0,10285.0,1.077804,1.0724200000000002,CAN,IND,251621
5031088,41,104,5733,1995,0.0,7222.0,2.1893029999999998,0.82765,CHE,IND,251621
5031089,61,104,5733,1995,0.0,8596.0,2.325385,-2.2238189999999998,DEU,IND,251621
5031090,71,104,5733,1995,0.0,41191.0,1.144247,1.933844,ESP,IND,251621
5031091,77,104,5733,1995,0.0,16157.0,1.768484,0.765537,FRA,IND,251621
5031092,81,104,5733,1995,0.0,17244.0,1.8656979999999999,1.107121,GBR,IND,251621
5031093,90,104,5733,1995,0.0,2711.0,0.17369,0.885756,GRC,IND,251621
5031094,97,104,5733,1995,0.0,2831.0,0.5244449999999999,2.682738,HKG,IND,251621
5031095,103,104,5733,1995,0.0,68622.0,-0.391727,1.174727,IDN,IND,251621
5031096,114,104,5733,1995,0.0,263511.0,2.56822,0.927307,JPN,IND,251621
5031097,116,104,5733,1995,0.0,3809.0,-0.303773,0.111305,KEN,IND,251621
5031098,121,104,5733,1995,0.0,246255.0,0.845175,1.2761799999999999,KOR,IND,251621
5031099,122,104,5733,1995,0.0,2754.0,-0.226273,-1.02354,KWT,IND,251621
5031100,137,104,5733,1995,0.0,28098.0,-1.258938,-0.9818629999999999,MDV,IND,251621
5031101,153,104,5733,1995,0.0,12579.0,0.357745,0.374284,MYS,IND,251621
5031102,162,104,5733,1995,0.0,62290.0,1.304391,1.8819119999999998,NLD,IND,251621
5031103,166,104,5733,1995,0.0,40801.0,0.5558270000000001,0.773271,NZL,IND,251621
5031104,167,104,5733,1995,0.0,26624.0,-0.328853,-0.946069,OMN,IND,251621
5031105,186,104,5733,1995,0.0,4110.0,0.364437,0.171494,RUS,IND,251621
5031106,188,104,5733,1995,0.0,47794.0,0.401573,-0.6676529999999999,SAU,IND,251621
5031107,192,104,5733,1995,0.0,31459.0,0.747684,0.4745,SGP,IND,251621
5031108,231,104,5733,1995,0.0,111950.0,1.771648,1.184,USA,IND,251621
5031109,249,104,5733,1995,0.0,17325.0,1.345205,1.9337389999999999,TWN,IND,251621
5031110,14,114,5733,1995,437786.0,0.0,0.44442,0.789292,AUS,JPN,251621
5031111,43,114,5733,1995,54903.0,0.0,0.387897,3.2147919999999996,CHN,JPN,251621
5031112,61,114,5733,1995,7989.0,0.0,2.325385,-2.2238189999999998,DEU,JPN,251621
5031113,81,114,5733,1995,97387.0,0.0,1.8656979999999999,1.107121,GBR,JPN,251621
5031114,103,114,5733,1995,95886.0,0.0,-0.391727,1.174727,IDN,JPN,251621
5031115,104,114,5733,1995,263511.0,0.0,0.156183,1.9617380000000002,IND,JPN,251621
5031116,231,114,5733,1995,5014.0,0.0,1.771648,1.184,USA,JPN,251621
5031117,249,114,5733,1995,54315.0,0.0,1.345205,1.9337389999999999,TWN,JPN,251621
5031118,111,142,5733,1995,113725.0,0.0,1.503379,1.449094,ITA,MLT,251621
5031119,14,166,5733,1995,4217.0,0.0,0.44442,0.789292,AUS,NZL,251621
5031120,104,166,5733,1995,40801.0,0.0,0.156183,1.9617380000000002,IND,NZL,251621
5031121,104,167,5733,1995,26624.0,0.0,0.156183,1.9617380000000002,IND,OMN,251621
5031122,7,188,5733,1995,17532.0,24689.0,-0.205166,-0.6132380000000001,ARE,SAU,251621
5031123,104,188,5733,1995,47794.0,0.0,0.156183,1.9617380000000002,IND,SAU,251621
5031124,122,188,5733,1995,0.0,3204.0,-0.226273,-1.02354,KWT,SAU,251621
5031125,43,192,5733,1995,39505.0,0.0,0.387897,3.2147919999999996,CHN,SGP,251621
5031126,77,192,5733,1995,29290.0,0.0,1.768484,0.765537,FRA,SGP,251621
5031127,104,192,5733,1995,31459.0,0.0,0.156183,1.9617380000000002,IND,SGP,251621
5031128,153,192,5733,1995,999.0,22158.0,0.357745,0.374284,MYS,SGP,251621
5031129,174,192,5733,1995,5684.0,0.0,-0.480548,0.076564,PHL,SGP,251621
5031130,216,192,5733,1995,2735.0,0.0,0.174522,1.608058,THA,SGP,251621
5031131,59,206,5733,1995,1655.0,3198.0,1.375091,1.628069,CZE,SVK,251621
5031132,61,206,5733,1995,0.0,136927.0,2.325385,-2.2238189999999998,DEU,SVK,251621
5031133,102,206,5733,1995,0.0,890.0,0.878711,1.8200060000000002,HUN,SVK,251621
5031134,61,207,5733,1995,0.0,106146.0,2.325385,-2.2238189999999998,DEU,SVN,251621
5031135,111,207,5733,1995,7620.0,60693.0,1.503379,1.449094,ITA,SVN,251621
5031136,163,208,5733,1995,0.0,8549.0,1.019741,0.394241,NOR,SWE,251621
5031137,15,224,5733,1995,0.0,4995.0,2.000295,0.661255,AUT,TUR,251621
5031138,61,224,5733,1995,0.0,174912.0,2.325385,-2.2238189999999998,DEU,TUR,251621
5031139,14,246,5733,1995,1258.0,0.0,0.44442,0.789292,AUS,ZAF,251621
5031140,18,246,5733,1995,0.0,24295.0,1.615588,1.394102,BEL,ZAF,251621
5031141,61,246,5733,1995,0.0,1399.0,2.325385,-2.2238189999999998,DEU,ZAF,251621
5031142,231,246,5733,1995,0.0,201362.0,1.771648,1.184,USA,ZAF,251621
5031143,247,246,5733,1995,0.0,1197.0,-0.214763,-0.721675,ZMB,ZAF,251621
5031144,104,90,5733,1995,2711.0,0.0,0.156183,1.9617380000000002,IND,GRC,251621
5031145,15,102,5733,1995,0.0,3062.0,2.000295,0.661255,AUT,HUN,251621
5031146,23,102,5733,1995,17000.0,0.0,0.436138,1.086561,BGR,HUN,251621
5031147,61,102,5733,1995,1002.0,0.0,2.325385,-2.2238189999999998,DEU,HUN,251621
5031148,206,102,5733,1995,890.0,0.0,1.2249780000000001,1.405585,SVK,HUN,251621
5031149,111,223,5733,1995,0.0,1467.0,1.503379,1.449094,ITA,TUN,251621
5031150,246,247,5733,1995,1197.0,0.0,0.468112,1.039817,ZAF,ZMB,251621
5031151,61,58,5733,1995,0.0,4123.0,2.325385,-2.2238189999999998,DEU,CYP,251621
5031152,110,58,5733,1995,0.0,24668.0,1.205368,1.189434,ISR,CYP,251621
5031153,26,100,5733,1995,0.0,3208.0,0.208931,0.053763,BIH,HRV,251621
5031154,111,100,5733,1995,17379.0,0.0,1.503379,1.449094,ITA,HRV,251621
5031155,192,174,5733,1995,0.0,5684.0,0.747684,0.4745,SGP,PHL,251621
5031156,104,186,5733,1995,4110.0,0.0,0.156183,1.9617380000000002,IND,RUS,251621
5031157,130,186,5733,1995,0.0,2100.0,0.41220500000000004,0.966966,LTU,RUS,251621
5031158,43,249,5733,1995,48862.0,1541.0,0.387897,3.2147919999999996,CHN,TWN,251621
5031159,77,249,5733,1995,175053.0,0.0,1.768484,0.765537,FRA,TWN,251621
5031160,103,249,5733,1995,4399.0,0.0,-0.391727,1.174727,IDN,TWN,251621
5031161,104,249,5733,1995,17325.0,0.0,0.156183,1.9617380000000002,IND,TWN,251621
5031162,114,249,5733,1995,0.0,54315.0,2.56822,0.927307,JPN,TWN,251621
5031163,153,249,5733,1995,0.0,4242.0,0.357745,0.374284,MYS,TWN,251621
5031164,231,249,5733,1995,25553.0,0.0,1.771648,1.184,USA,TWN,251621
5031165,77,250,5733,1995,0.0,4885.0,1.768484,0.765537,FRA,ANS,251621
5031166,177,250,5733,1995,9164.0,0.0,0.76393,1.802648,POL,ANS,251621
5031167,186,130,5733,1995,2100.0,0.0,0.364437,0.171494,RUS,LTU,251621
5031168,104,137,5733,1995,28098.0,0.0,0.156183,1.9617380000000002,IND,MDV,251621
5031169,104,7,5733,1995,43054.0,0.0,0.156183,1.9617380000000002,IND,ARE,251621
5031170,188,7,5733,1995,24689.0,17532.0,0.401573,-0.6676529999999999,SAU,ARE,251621
5031171,15,23,5733,1995,0.0,32352.0,2.000295,0.661255,AUT,BGR,251621
5031172,61,23,5733,1995,0.0,37095.0,2.325385,-2.2238189999999998,DEU,BGR,251621
5031173,102,23,5733,1995,0.0,17000.0,0.878711,1.8200060000000002,HUN,BGR,251621
5031174,104,24,5733,1995,18331.0,0.0,0.156183,1.9617380000000002,IND,BHR,251621
5031175,43,34,5733,1995,10732.0,0.0,0.387897,3.2147919999999996,CHN,BRN,251621
5031176,162,109,5733,1995,1725.0,0.0,1.304391,1.8819119999999998,NLD,ISL,251621
5031177,104,116,5733,1995,3809.0,0.0,0.156183,1.9617380000000002,IND,KEN,251621
5031178,104,122,5733,1995,2754.0,0.0,0.156183,1.9617380000000002,IND,KWT,251621
5031179,188,122,5733,1995,3204.0,0.0,0.401573,-0.6676529999999999,SAU,KWT,251621
5031180,77,124,5733,1995,1009.0,0.0,1.768484,0.765537,FRA,LBN,251621
5031181,100,26,5733,1995,3208.0,0.0,0.75325,1.395715,HRV,BIH,251621
5031182,18,15,5734,1995,212478.0,0.0,1.615588,1.394102,BEL,AUT,251622
5031183,41,15,5734,1995,5877.0,0.0,2.1893029999999998,0.82765,CHE,AUT,251622
5031184,59,15,5734,1995,3297.0,0.0,1.375091,1.628069,CZE,AUT,251622
5031185,61,15,5734,1995,2079.0,4792.0,2.325385,-2.2238189999999998,DEU,AUT,251622
5031186,90,15,5734,1995,0.0,2321.0,0.17369,0.885756,GRC,AUT,251622
5031187,102,15,5734,1995,0.0,2060.0,0.878711,1.8200060000000002,HUN,AUT,251622
5031188,111,15,5734,1995,14920.0,0.0,1.503379,1.449094,ITA,AUT,251622
5031189,162,15,5734,1995,2376.0,0.0,1.304391,1.8819119999999998,NLD,AUT,251622
5031190,177,15,5734,1995,20210.0,0.0,0.76393,1.802648,POL,AUT,251622
5031191,206,15,5734,1995,0.0,1270.0,1.2249780000000001,1.405585,SVK,AUT,251622
5031192,15,18,5734,1995,0.0,212478.0,2.000295,0.661255,AUT,BEL,251622
5031193,61,18,5734,1995,462285.0,914732.0,2.325385,-2.2238189999999998,DEU,BEL,251622
5031194,71,18,5734,1995,27087.0,11638.0,1.144247,1.933844,ESP,BEL,251622
5031195,77,18,5734,1995,176982.0,615245.0,1.768484,0.765537,FRA,BEL,251622
5031196,81,18,5734,1995,0.0,18537.0,1.8656979999999999,1.107121,GBR,BEL,251622
5031197,102,18,5734,1995,0.0,56711.0,0.878711,1.8200060000000002,HUN,BEL,251622
5031198,104,18,5734,1995,709420.0,0.0,0.156183,1.9617380000000002,IND,BEL,251622
5031199,106,18,5734,1995,727992.0,0.0,1.349192,0.992099,IRL,BEL,251622
5031200,111,18,5734,1995,17704.0,34326.0,1.503379,1.449094,ITA,BEL,251622
5031201,114,18,5734,1995,0.0,9409.0,2.56822,0.927307,JPN,BEL,251622
5031202,162,18,5734,1995,75676.0,947494.0,1.304391,1.8819119999999998,NLD,BEL,251622
5031203,177,18,5734,1995,16307.0,0.0,0.76393,1.802648,POL,BEL,251622
5031204,61,32,5734,1995,0.0,2939.0,2.325385,-2.2238189999999998,DEU,BRA,251622
5031205,230,32,5734,1995,0.0,2825.0,0.45133900000000005,0.50831,URY,BRA,251622
5031206,231,32,5734,1995,1059.0,0.0,1.771648,1.184,USA,BRA,251622
5031207,236,32,5734,1995,0.0,14781.0,0.299294,-0.635474,VEN,BRA,251622
5031208,14,43,5734,1995,5074.0,2521.0,0.44442,0.789292,AUS,CHN,251622
5031209,97,43,5734,1995,0.0,51154.0,0.5244449999999999,2.682738,HKG,CHN,251622
5031210,103,43,5734,1995,0.0,5792.0,-0.391727,1.174727,IDN,CHN,251622
5031211,104,43,5734,1995,24810.0,0.0,0.156183,1.9617380000000002,IND,CHN,251622
5031212,110,43,5734,1995,0.0,2837.0,1.205368,1.189434,ISR,CHN,251622
5031213,111,43,5734,1995,1228.0,0.0,1.503379,1.449094,ITA,CHN,251622
5031214,114,43,5734,1995,1693.0,96957.0,2.56822,0.927307,JPN,CHN,251622
5031215,121,43,5734,1995,0.0,77418.0,0.845175,1.2761799999999999,KOR,CHN,251622
5031216,145,43,5734,1995,0.0,2655.0,-0.653135,-1.023557,MNG,CHN,251622
5031217,153,43,5734,1995,0.0,6546.0,0.357745,0.374284,MYS,CHN,251622
5031218,162,43,5734,1995,0.0,18575.0,1.304391,1.8819119999999998,NLD,CHN,251622
5031219,166,43,5734,1995,0.0,5747.0,0.5558270000000001,0.773271,NZL,CHN,251622
5031220,183,43,5734,1995,0.0,11710.0,-0.721352,-1.0827799999999999,QAT,CHN,251622
5031221,192,43,5734,1995,0.0,41908.0,0.747684,0.4745,SGP,CHN,251622
5031222,249,43,5734,1995,0.0,20581.0,1.345205,1.9337389999999999,TWN,CHN,251622
5031223,67,49,5734,1995,0.0,41519.0,-0.948154,-0.9595790000000001,ECU,COL,251622
5031224,153,49,5734,1995,0.0,3676.0,0.357745,0.374284,MYS,COL,251622
5031225,231,49,5734,1995,0.0,6433.0,1.771648,1.184,USA,COL,251622
5031226,236,49,5734,1995,0.0,145006.0,0.299294,-0.635474,VEN,COL,251622
5031227,14,61,5734,1995,16560.0,0.0,0.44442,0.789292,AUS,DEU,251622
5031228,15,61,5734,1995,4792.0,2079.0,2.000295,0.661255,AUT,DEU,251622
5031229,18,61,5734,1995,914732.0,462285.0,1.615588,1.394102,BEL,DEU,251622
5031230,32,61,5734,1995,2939.0,0.0,0.687171,1.188647,BRA,DEU,251622
5031231,41,61,5734,1995,52682.0,15611.0,2.1893029999999998,0.82765,CHE,DEU,251622
5031232,59,61,5734,1995,296221.0,2986.0,1.375091,1.628069,CZE,DEU,251622
5031233,64,61,5734,1995,6789.0,258412.0,1.3800270000000001,1.489036,DNK,DEU,251622
5031234,71,61,5734,1995,63560.0,0.0,1.144247,1.933844,ESP,DEU,251622
5031235,77,61,5734,1995,1083764.0,11253.0,1.768484,0.765537,FRA,DEU,251622
5031236,81,61,5734,1995,0.0,1054.0,1.8656979999999999,1.107121,GBR,DEU,251622
5031237,97,61,5734,1995,0.0,11372.0,0.5244449999999999,2.682738,HKG,DEU,251622
5031238,104,61,5734,1995,32858.0,0.0,0.156183,1.9617380000000002,IND,DEU,251622
5031239,106,61,5734,1995,195779.0,0.0,1.349192,0.992099,IRL,DEU,251622
5031240,111,61,5734,1995,559197.0,17054.0,1.503379,1.449094,ITA,DEU,251622
5031241,153,61,5734,1995,0.0,9522.0,0.357745,0.374284,MYS,DEU,251622
5031242,162,61,5734,1995,925451.0,233224.0,1.304391,1.8819119999999998,NLD,DEU,251622
5031243,177,61,5734,1995,1286944.0,3033.0,0.76393,1.802648,POL,DEU,251622
5031244,186,61,5734,1995,0.0,3180.0,0.364437,0.171494,RUS,DEU,251622
5031245,206,61,5734,1995,2977.0,0.0,1.2249780000000001,1.405585,SVK,DEU,251622
5031246,207,61,5734,1995,2376.0,0.0,1.424606,1.490521,SVN,DEU,251622
5031247,231,61,5734,1995,0.0,10794.0,1.771648,1.184,USA,DEU,251622
5031248,61,64,5734,1995,258412.0,6789.0,2.325385,-2.2238189999999998,DEU,DNK,251622
5031249,81,64,5734,1995,2655.0,0.0,1.8656979999999999,1.107121,GBR,DNK,251622
5031250,163,64,5734,1995,0.0,1278.0,1.019741,0.394241,NOR,DNK,251622
5031251,18,71,5734,1995,11638.0,27087.0,1.615588,1.394102,BEL,ESP,251622
5031252,61,71,5734,1995,0.0,63560.0,2.325385,-2.2238189999999998,DEU,ESP,251622
5031253,77,71,5734,1995,1715.0,299994.0,1.768484,0.765537,FRA,ESP,251622
5031254,97,71,5734,1995,0.0,2008.0,0.5244449999999999,2.682738,HKG,ESP,251622
5031255,104,71,5734,1995,94964.0,0.0,0.156183,1.9617380000000002,IND,ESP,251622
5031256,111,71,5734,1995,43400.0,112338.0,1.503379,1.449094,ITA,ESP,251622
5031257,179,71,5734,1995,77843.0,0.0,0.412677,1.254009,PRT,ESP,251622
5031258,216,71,5734,1995,0.0,24682.0,0.174522,1.608058,THA,ESP,251622
5031259,72,74,5734,1995,0.0,6864.0,0.530041,1.134288,EST,FIN,251622
5031260,177,74,5734,1995,0.0,31579.0,0.76393,1.802648,POL,FIN,251622
5031261,14,77,5734,1995,0.0,14483.0,0.44442,0.789292,AUS,FRA,251622
5031262,18,77,5734,1995,615245.0,176982.0,1.615588,1.394102,BEL,FRA,251622
5031263,41,77,5734,1995,5872.0,263968.0,2.1893029999999998,0.82765,CHE,FRA,251622
5031264,44,77,5734,1995,0.0,6106.0,-0.781656,-0.74293,CIV,FRA,251622
5031265,45,77,5734,1995,0.0,1483.0,-1.121716,-0.9758020000000001,CMR,FRA,251622
5031266,61,77,5734,1995,11253.0,1083764.0,2.325385,-2.2238189999999998,DEU,FRA,251622
5031267,71,77,5734,1995,299994.0,1715.0,1.144247,1.933844,ESP,FRA,251622
5031268,81,77,5734,1995,8756.0,24423.0,1.8656979999999999,1.107121,GBR,FRA,251622
5031269,104,77,5734,1995,27178.0,0.0,0.156183,1.9617380000000002,IND,FRA,251622
5031270,106,77,5734,1995,0.0,4050.0,1.349192,0.992099,IRL,FRA,251622
5031271,111,77,5734,1995,144308.0,0.0,1.503379,1.449094,ITA,FRA,251622
5031272,153,77,5734,1995,0.0,32878.0,0.357745,0.374284,MYS,FRA,251622
5031273,156,77,5734,1995,0.0,1822.0,-1.326035,-0.826058,NCL,FRA,251622
5031274,162,77,5734,1995,977.0,3541.0,1.304391,1.8819119999999998,NLD,FRA,251622
5031275,177,77,5734,1995,0.0,8567.0,0.76393,1.802648,POL,FRA,251622
5031276,188,77,5734,1995,8861.0,0.0,0.401573,-0.6676529999999999,SAU,FRA,251622
5031277,216,77,5734,1995,0.0,4057.0,0.174522,1.608058,THA,FRA,251622
5031278,249,77,5734,1995,0.0,164876.0,1.345205,1.9337389999999999,TWN,FRA,251622
5031279,14,81,5734,1995,2712.0,0.0,0.44442,0.789292,AUS,GBR,251622
5031280,18,81,5734,1995,18537.0,0.0,1.615588,1.394102,BEL,GBR,251622
5031281,61,81,5734,1995,1054.0,0.0,2.325385,-2.2238189999999998,DEU,GBR,251622
5031282,64,81,5734,1995,0.0,2655.0,1.3800270000000001,1.489036,DNK,GBR,251622
5031283,77,81,5734,1995,24423.0,8756.0,1.768484,0.765537,FRA,GBR,251622
5031284,104,81,5734,1995,45006.0,0.0,0.156183,1.9617380000000002,IND,GBR,251622
5031285,106,81,5734,1995,14119.0,160483.0,1.349192,0.992099,IRL,GBR,251622
5031286,111,81,5734,1995,33761.0,0.0,1.503379,1.449094,ITA,GBR,251622
5031287,114,81,5734,1995,0.0,11902.0,2.56822,0.927307,JPN,GBR,251622
5031288,168,81,5734,1995,0.0,10991.0,-0.707965,-0.324784,PAK,GBR,251622
5031289,188,81,5734,1995,0.0,4444.0,0.401573,-0.6676529999999999,SAU,GBR,251622
5031290,208,81,5734,1995,0.0,1754.0,2.246997,1.060171,SWE,GBR,251622
5031291,224,81,5734,1995,0.0,39024.0,0.166794,1.209066,TUR,GBR,251622
5031292,231,81,5734,1995,0.0,158147.0,1.771648,1.184,USA,GBR,251622
5031293,246,81,5734,1995,7453.0,1379.0,0.468112,1.039817,ZAF,GBR,251622
5031294,197,93,5734,1995,0.0,1541.0,-0.17119600000000001,0.027889999999999998,SLV,GTM,251622
5031295,43,97,5734,1995,51154.0,0.0,0.387897,3.2147919999999996,CHN,HKG,251622
5031296,61,97,5734,1995,11372.0,0.0,2.325385,-2.2238189999999998,DEU,HKG,251622
5031297,71,97,5734,1995,2008.0,0.0,1.144247,1.933844,ESP,HKG,251622
5031298,104,97,5734,1995,24195.0,0.0,0.156183,1.9617380000000002,IND,HKG,251622
5031299,114,97,5734,1995,2465.0,0.0,2.56822,0.927307,JPN,HKG,251622
5031300,18,106,5734,1995,0.0,727992.0,1.615588,1.394102,BEL,IRL,251622
5031301,61,106,5734,1995,0.0,195779.0,2.325385,-2.2238189999999998,DEU,IRL,251622
5031302,77,106,5734,1995,4050.0,0.0,1.768484,0.765537,FRA,IRL,251622
5031303,81,106,5734,1995,160483.0,14119.0,1.8656979999999999,1.107121,GBR,IRL,251622
5031304,104,106,5734,1995,2675.0,0.0,0.156183,1.9617380000000002,IND,IRL,251622
5031305,162,106,5734,1995,0.0,16292.0,1.304391,1.8819119999999998,NLD,IRL,251622
5031306,179,106,5734,1995,6322.0,0.0,0.412677,1.254009,PRT,IRL,251622
5031307,231,106,5734,1995,0.0,19543.0,1.771648,1.184,USA,IRL,251622
5031308,43,110,5734,1995,2837.0,0.0,0.387897,3.2147919999999996,CHN,ISR,251622
5031309,58,110,5734,1995,12947.0,0.0,0.263764,0.030358999999999997,CYP,ISR,251622
5031310,104,110,5734,1995,7140.0,0.0,0.156183,1.9617380000000002,IND,ISR,251622
5031311,246,110,5734,1995,0.0,28663.0,0.468112,1.039817,ZAF,ISR,251622
5031312,15,111,5734,1995,0.0,14920.0,2.000295,0.661255,AUT,ITA,251622
5031313,18,111,5734,1995,34326.0,17704.0,1.615588,1.394102,BEL,ITA,251622
5031314,41,111,5734,1995,0.0,5159.0,2.1893029999999998,0.82765,CHE,ITA,251622
5031315,43,111,5734,1995,0.0,1228.0,0.387897,3.2147919999999996,CHN,ITA,251622
5031316,58,111,5734,1995,1598.0,0.0,0.263764,0.030358999999999997,CYP,ITA,251622
5031317,59,111,5734,1995,0.0,13359.0,1.375091,1.628069,CZE,ITA,251622
5031318,61,111,5734,1995,17054.0,559197.0,2.325385,-2.2238189999999998,DEU,ITA,251622
5031319,71,111,5734,1995,112338.0,43400.0,1.144247,1.933844,ESP,ITA,251622
5031320,77,111,5734,1995,0.0,144308.0,1.768484,0.765537,FRA,ITA,251622
5031321,81,111,5734,1995,0.0,33761.0,1.8656979999999999,1.107121,GBR,ITA,251622
5031322,100,111,5734,1995,0.0,9798.0,0.75325,1.395715,HRV,ITA,251622
5031323,102,111,5734,1995,0.0,2653.0,0.878711,1.8200060000000002,HUN,ITA,251622
5031324,104,111,5734,1995,8014.0,0.0,0.156183,1.9617380000000002,IND,ITA,251622
5031325,114,111,5734,1995,0.0,9760.0,2.56822,0.927307,JPN,ITA,251622
5031326,134,111,5734,1995,0.0,9091.0,-0.6481210000000001,-0.22345,MAR,ITA,251622
5031327,142,111,5734,1995,0.0,23704.0,0.842519,0.11882899999999999,MLT,ITA,251622
5031328,153,111,5734,1995,0.0,3032.0,0.357745,0.374284,MYS,ITA,251622
5031329,162,111,5734,1995,0.0,18045.0,1.304391,1.8819119999999998,NLD,ITA,251622
5031330,177,111,5734,1995,0.0,20269.0,0.76393,1.802648,POL,ITA,251622
5031331,192,111,5734,1995,0.0,21403.0,0.747684,0.4745,SGP,ITA,251622
5031332,207,111,5734,1995,312829.0,0.0,1.424606,1.490521,SVN,ITA,251622
5031333,246,111,5734,1995,0.0,18091.0,0.468112,1.039817,ZAF,ITA,251622
5031334,14,121,5734,1995,31825.0,0.0,0.44442,0.789292,AUS,KOR,251622
5031335,43,121,5734,1995,77418.0,0.0,0.387897,3.2147919999999996,CHN,KOR,251622
5031336,104,121,5734,1995,390255.0,0.0,0.156183,1.9617380000000002,IND,KOR,251622
5031337,114,121,5734,1995,17919.0,0.0,2.56822,0.927307,JPN,KOR,251622
5031338,216,121,5734,1995,5480.0,0.0,0.174522,1.608058,THA,KOR,251622
5031339,231,121,5734,1995,21482.0,0.0,1.771648,1.184,USA,KOR,251622
5031340,231,138,5734,1995,2052.0,183914.0,1.771648,1.184,USA,MEX,251622
5031341,43,153,5734,1995,6546.0,0.0,0.387897,3.2147919999999996,CHN,MYS,251622
5031342,49,153,5734,1995,3676.0,0.0,0.094335,0.13047999999999998,COL,MYS,251622
5031343,61,153,5734,1995,9522.0,0.0,2.325385,-2.2238189999999998,DEU,MYS,251622
5031344,77,153,5734,1995,32878.0,0.0,1.768484,0.765537,FRA,MYS,251622
5031345,103,153,5734,1995,26538.0,0.0,-0.391727,1.174727,IDN,MYS,251622
5031346,104,153,5734,1995,32787.0,0.0,0.156183,1.9617380000000002,IND,MYS,251622
5031347,111,153,5734,1995,3032.0,0.0,1.503379,1.449094,ITA,MYS,251622
5031348,114,153,5734,1995,0.0,7930.0,2.56822,0.927307,JPN,MYS,251622
5031349,192,153,5734,1995,16594.0,0.0,0.747684,0.4745,SGP,MYS,251622
5031350,15,162,5734,1995,0.0,2376.0,2.000295,0.661255,AUT,NLD,251622
5031351,18,162,5734,1995,947494.0,75676.0,1.615588,1.394102,BEL,NLD,251622
5031352,43,162,5734,1995,18575.0,0.0,0.387897,3.2147919999999996,CHN,NLD,251622
5031353,61,162,5734,1995,233224.0,925451.0,2.325385,-2.2238189999999998,DEU,NLD,251622
5031354,77,162,5734,1995,3541.0,977.0,1.768484,0.765537,FRA,NLD,251622
5031355,104,162,5734,1995,46727.0,0.0,0.156183,1.9617380000000002,IND,NLD,251622
5031356,106,162,5734,1995,16292.0,0.0,1.349192,0.992099,IRL,NLD,251622
5031357,111,162,5734,1995,18045.0,0.0,1.503379,1.449094,ITA,NLD,251622
5031358,224,162,5734,1995,4962.0,0.0,0.166794,1.209066,TUR,NLD,251622
5031359,231,162,5734,1995,3095.0,0.0,1.771648,1.184,USA,NLD,251622
5031360,41,163,5734,1995,0.0,11632.0,2.1893029999999998,0.82765,CHE,NOR,251622
5031361,64,163,5734,1995,1278.0,0.0,1.3800270000000001,1.489036,DNK,NOR,251622
5031362,103,163,5734,1995,0.0,8338.0,-0.391727,1.174727,IDN,NOR,251622
5031363,208,163,5734,1995,35650.0,1533.0,2.246997,1.060171,SWE,NOR,251622
5031364,15,177,5734,1995,0.0,20210.0,2.000295,0.661255,AUT,POL,251622
5031365,18,177,5734,1995,0.0,16307.0,1.615588,1.394102,BEL,POL,251622
5031366,59,177,5734,1995,0.0,1946.0,1.375091,1.628069,CZE,POL,251622
5031367,61,177,5734,1995,3033.0,1286944.0,2.325385,-2.2238189999999998,DEU,POL,251622
5031368,74,177,5734,1995,31579.0,0.0,2.0085740000000003,1.126816,FIN,POL,251622
5031369,77,177,5734,1995,8567.0,0.0,1.768484,0.765537,FRA,POL,251622
5031370,111,177,5734,1995,20269.0,0.0,1.503379,1.449094,ITA,POL,251622
5031371,250,177,5734,1995,22975.0,41507.0,1.034518,0.9735149999999999,ANS,POL,251622
5031372,71,179,5734,1995,0.0,77843.0,1.144247,1.933844,ESP,PRT,251622
5031373,106,179,5734,1995,0.0,6322.0,1.349192,0.992099,IRL,PRT,251622
5031374,114,179,5734,1995,0.0,5466.0,2.56822,0.927307,JPN,PRT,251622
5031375,71,216,5734,1995,24682.0,0.0,1.144247,1.933844,ESP,THA,251622
5031376,77,216,5734,1995,4057.0,0.0,1.768484,0.765537,FRA,THA,251622
5031377,104,216,5734,1995,10544.0,0.0,0.156183,1.9617380000000002,IND,THA,251622
5031378,121,216,5734,1995,0.0,5480.0,0.845175,1.2761799999999999,KOR,THA,251622
5031379,192,216,5734,1995,28790.0,2380.0,0.747684,0.4745,SGP,THA,251622
5031380,32,231,5734,1995,0.0,1059.0,0.687171,1.188647,BRA,USA,251622
5031381,39,231,5734,1995,12580.0,817562.0,1.077804,1.0724200000000002,CAN,USA,251622
5031382,49,231,5734,1995,6433.0,0.0,0.094335,0.13047999999999998,COL,USA,251622
5031383,61,231,5734,1995,10794.0,0.0,2.325385,-2.2238189999999998,DEU,USA,251622
5031384,81,231,5734,1995,158147.0,0.0,1.8656979999999999,1.107121,GBR,USA,251622
5031385,104,231,5734,1995,106910.0,5253.0,0.156183,1.9617380000000002,IND,USA,251622
5031386,106,231,5734,1995,19543.0,0.0,1.349192,0.992099,IRL,USA,251622
5031387,114,231,5734,1995,0.0,129939.0,2.56822,0.927307,JPN,USA,251622
5031388,121,231,5734,1995,0.0,21482.0,0.845175,1.2761799999999999,KOR,USA,251622
5031389,138,231,5734,1995,183914.0,2052.0,0.6414300000000001,0.9697520000000001,MEX,USA,251622
5031390,162,231,5734,1995,0.0,3095.0,1.304391,1.8819119999999998,NLD,USA,251622
5031391,236,231,5734,1995,0.0,8621.0,0.299294,-0.635474,VEN,USA,251622
5031392,39,14,5734,1995,0.0,19479.0,1.077804,1.0724200000000002,CAN,AUS,251622
5031393,43,14,5734,1995,2521.0,5074.0,0.387897,3.2147919999999996,CHN,AUS,251622
5031394,61,14,5734,1995,0.0,16560.0,2.325385,-2.2238189999999998,DEU,AUS,251622
5031395,77,14,5734,1995,14483.0,0.0,1.768484,0.765537,FRA,AUS,251622
5031396,81,14,5734,1995,0.0,2712.0,1.8656979999999999,1.107121,GBR,AUS,251622
5031397,103,14,5734,1995,0.0,24714.0,-0.391727,1.174727,IDN,AUS,251622
5031398,104,14,5734,1995,167287.0,0.0,0.156183,1.9617380000000002,IND,AUS,251622
5031399,114,14,5734,1995,0.0,156950.0,2.56822,0.927307,JPN,AUS,251622
5031400,121,14,5734,1995,0.0,31825.0,0.845175,1.2761799999999999,KOR,AUS,251622
5031401,156,14,5734,1995,0.0,19471.0,-1.326035,-0.826058,NCL,AUS,251622
5031402,192,14,5734,1995,0.0,15905.0,0.747684,0.4745,SGP,AUS,251622
5031403,249,14,5734,1995,0.0,284651.0,1.345205,1.9337389999999999,TWN,AUS,251622
5031404,104,22,5734,1995,530267.0,0.0,0.156183,1.9617380000000002,IND,BGD,251622
5031405,14,39,5734,1995,19479.0,0.0,0.44442,0.789292,AUS,CAN,251622
5031406,104,39,5734,1995,42887.0,0.0,0.156183,1.9617380000000002,IND,CAN,251622
5031407,231,39,5734,1995,817562.0,12580.0,1.771648,1.184,USA,CAN,251622
5031408,15,41,5734,1995,0.0,5877.0,2.000295,0.661255,AUT,CHE,251622
5031409,61,41,5734,1995,15611.0,52682.0,2.325385,-2.2238189999999998,DEU,CHE,251622
5031410,77,41,5734,1995,263968.0,5872.0,1.768484,0.765537,FRA,CHE,251622
5031411,111,41,5734,1995,5159.0,0.0,1.503379,1.449094,ITA,CHE,251622
5031412,163,41,5734,1995,11632.0,0.0,1.019741,0.394241,NOR,CHE,251622
5031413,207,41,5734,1995,17790.0,0.0,1.424606,1.490521,SVN,CHE,251622
5031414,15,59,5734,1995,0.0,3297.0,2.000295,0.661255,AUT,CZE,251622
5031415,61,59,5734,1995,2986.0,296221.0,2.325385,-2.2238189999999998,DEU,CZE,251622
5031416,111,59,5734,1995,13359.0,0.0,1.503379,1.449094,ITA,CZE,251622
5031417,177,59,5734,1995,1946.0,0.0,0.76393,1.802648,POL,CZE,251622
5031418,206,59,5734,1995,0.0,10612.0,1.2249780000000001,1.405585,SVK,CZE,251622
5031419,188,68,5734,1995,1537.0,0.0,0.401573,-0.6676529999999999,SAU,EGY,251622
5031420,74,72,5734,1995,6864.0,0.0,2.0085740000000003,1.126816,FIN,EST,251622
5031421,14,103,5734,1995,24714.0,0.0,0.44442,0.789292,AUS,IDN,251622
5031422,43,103,5734,1995,5792.0,0.0,0.387897,3.2147919999999996,CHN,IDN,251622
5031423,104,103,5734,1995,80699.0,0.0,0.156183,1.9617380000000002,IND,IDN,251622
5031424,153,103,5734,1995,0.0,26538.0,0.357745,0.374284,MYS,IDN,251622
5031425,163,103,5734,1995,8338.0,0.0,1.019741,0.394241,NOR,IDN,251622
5031426,192,103,5734,1995,0.0,1239.0,0.747684,0.4745,SGP,IDN,251622
5031427,250,103,5734,1995,28306.0,0.0,1.034518,0.9735149999999999,ANS,IDN,251622
5031428,7,104,5734,1995,0.0,134833.0,-0.205166,-0.6132380000000001,ARE,IND,251622
5031429,14,104,5734,1995,0.0,167287.0,0.44442,0.789292,AUS,IND,251622
5031430,18,104,5734,1995,0.0,709420.0,1.615588,1.394102,BEL,IND,251622
5031431,22,104,5734,1995,0.0,530267.0,-1.037175,-0.983195,BGD,IND,251622
5031432,24,104,5734,1995,0.0,6673.0,-0.239166,-0.8627950000000001,BHR,IND,251622
5031433,34,104,5734,1995,0.0,5312.0,-0.979701,-0.85456,BRN,IND,251622
5031434,39,104,5734,1995,0.0,42887.0,1.077804,1.0724200000000002,CAN,IND,251622
5031435,43,104,5734,1995,0.0,24810.0,0.387897,3.2147919999999996,CHN,IND,251622
5031436,61,104,5734,1995,0.0,32858.0,2.325385,-2.2238189999999998,DEU,IND,251622
5031437,71,104,5734,1995,0.0,94964.0,1.144247,1.933844,ESP,IND,251622
5031438,77,104,5734,1995,0.0,27178.0,1.768484,0.765537,FRA,IND,251622
5031439,81,104,5734,1995,0.0,45006.0,1.8656979999999999,1.107121,GBR,IND,251622
5031440,90,104,5734,1995,0.0,10430.0,0.17369,0.885756,GRC,IND,251622
5031441,97,104,5734,1995,0.0,24195.0,0.5244449999999999,2.682738,HKG,IND,251622
5031442,103,104,5734,1995,0.0,80699.0,-0.391727,1.174727,IDN,IND,251622
5031443,106,104,5734,1995,0.0,2675.0,1.349192,0.992099,IRL,IND,251622
5031444,110,104,5734,1995,0.0,7140.0,1.205368,1.189434,ISR,IND,251622
5031445,111,104,5734,1995,0.0,8014.0,1.503379,1.449094,ITA,IND,251622
5031446,114,104,5734,1995,0.0,809357.0,2.56822,0.927307,JPN,IND,251622
5031447,116,104,5734,1995,0.0,5695.0,-0.303773,0.111305,KEN,IND,251622
5031448,121,104,5734,1995,0.0,390255.0,0.845175,1.2761799999999999,KOR,IND,251622
5031449,122,104,5734,1995,0.0,1507.0,-0.226273,-1.02354,KWT,IND,251622
5031450,128,104,5734,1995,0.0,5712.0,-0.8358030000000001,-0.29397199999999996,LKA,IND,251622
5031451,137,104,5734,1995,0.0,2164.0,-1.258938,-0.9818629999999999,MDV,IND,251622
5031452,142,104,5734,1995,0.0,2455.0,0.842519,0.11882899999999999,MLT,IND,251622
5031453,151,104,5734,1995,0.0,18870.0,-0.432644,-0.574298,MUS,IND,251622
5031454,153,104,5734,1995,0.0,32787.0,0.357745,0.374284,MYS,IND,251622
5031455,162,104,5734,1995,0.0,46727.0,1.304391,1.8819119999999998,NLD,IND,251622
5031456,164,104,5734,1995,0.0,1223.0,-0.779984,-0.7621479999999999,NPL,IND,251622
5031457,166,104,5734,1995,0.0,16707.0,0.5558270000000001,0.773271,NZL,IND,251622
5031458,167,104,5734,1995,0.0,291108.0,-0.328853,-0.946069,OMN,IND,251622
5031459,178,104,5734,1995,0.0,25550.0,0.46509799999999996,0.645496,PRK,IND,251622
5031460,186,104,5734,1995,0.0,4755.0,0.364437,0.171494,RUS,IND,251622
5031461,188,104,5734,1995,0.0,83110.0,0.401573,-0.6676529999999999,SAU,IND,251622
5031462,192,104,5734,1995,0.0,139380.0,0.747684,0.4745,SGP,IND,251622
5031463,216,104,5734,1995,0.0,10544.0,0.174522,1.608058,THA,IND,251622
5031464,231,104,5734,1995,5253.0,106910.0,1.771648,1.184,USA,IND,251622
5031465,246,104,5734,1995,0.0,8222.0,0.468112,1.039817,ZAF,IND,251622
5031466,249,104,5734,1995,0.0,185445.0,1.345205,1.9337389999999999,TWN,IND,251622
5031467,124,113,5734,1995,2857.0,0.0,0.027416000000000003,0.327795,LBN,JOR,251622
5031468,250,113,5734,1995,1053.0,0.0,1.034518,0.9735149999999999,ANS,JOR,251622
5031469,14,114,5734,1995,156950.0,0.0,0.44442,0.789292,AUS,JPN,251622
5031470,18,114,5734,1995,9409.0,0.0,1.615588,1.394102,BEL,JPN,251622
5031471,43,114,5734,1995,96957.0,1693.0,0.387897,3.2147919999999996,CHN,JPN,251622
5031472,81,114,5734,1995,11902.0,0.0,1.8656979999999999,1.107121,GBR,JPN,251622
5031473,97,114,5734,1995,0.0,2465.0,0.5244449999999999,2.682738,HKG,JPN,251622
5031474,104,114,5734,1995,809357.0,0.0,0.156183,1.9617380000000002,IND,JPN,251622
5031475,111,114,5734,1995,9760.0,0.0,1.503379,1.449094,ITA,JPN,251622
5031476,121,114,5734,1995,0.0,17919.0,0.845175,1.2761799999999999,KOR,JPN,251622
5031477,153,114,5734,1995,7930.0,0.0,0.357745,0.374284,MYS,JPN,251622
5031478,179,114,5734,1995,5466.0,0.0,0.412677,1.254009,PRT,JPN,251622
5031479,192,114,5734,1995,27803.0,0.0,0.747684,0.4745,SGP,JPN,251622
5031480,231,114,5734,1995,129939.0,0.0,1.771648,1.184,USA,JPN,251622
5031481,249,114,5734,1995,9661.0,0.0,1.345205,1.9337389999999999,TWN,JPN,251622
5031482,104,142,5734,1995,2455.0,0.0,0.156183,1.9617380000000002,IND,MLT,251622
5031483,111,142,5734,1995,23704.0,0.0,1.503379,1.449094,ITA,MLT,251622
5031484,43,166,5734,1995,5747.0,0.0,0.387897,3.2147919999999996,CHN,NZL,251622
5031485,104,166,5734,1995,16707.0,0.0,0.156183,1.9617380000000002,IND,NZL,251622
5031486,104,167,5734,1995,291108.0,0.0,0.156183,1.9617380000000002,IND,OMN,251622
5031487,90,185,5734,1995,16867.0,0.0,0.17369,0.885756,GRC,ROU,251622
5031488,102,185,5734,1995,0.0,2689.0,0.878711,1.8200060000000002,HUN,ROU,251622
5031489,135,185,5734,1995,946.0,0.0,0.394058,0.124474,MDA,ROU,251622
5031490,7,188,5734,1995,0.0,51831.0,-0.205166,-0.6132380000000001,ARE,SAU,251622
5031491,24,188,5734,1995,0.0,13394.0,-0.239166,-0.8627950000000001,BHR,SAU,251622
5031492,68,188,5734,1995,0.0,1537.0,-0.340042,-0.085601,EGY,SAU,251622
5031493,77,188,5734,1995,0.0,8861.0,1.768484,0.765537,FRA,SAU,251622
5031494,81,188,5734,1995,4444.0,0.0,1.8656979999999999,1.107121,GBR,SAU,251622
5031495,104,188,5734,1995,83110.0,0.0,0.156183,1.9617380000000002,IND,SAU,251622
5031496,122,188,5734,1995,0.0,24956.0,-0.226273,-1.02354,KWT,SAU,251622
5031497,124,188,5734,1995,0.0,3846.0,0.027416000000000003,0.327795,LBN,SAU,251622
5031498,183,188,5734,1995,0.0,2806.0,-0.721352,-1.0827799999999999,QAT,SAU,251622
5031499,14,192,5734,1995,15905.0,0.0,0.44442,0.789292,AUS,SGP,251622
5031500,34,192,5734,1995,0.0,8278.0,-0.979701,-0.85456,BRN,SGP,251622
5031501,43,192,5734,1995,41908.0,0.0,0.387897,3.2147919999999996,CHN,SGP,251622
5031502,103,192,5734,1995,1239.0,0.0,-0.391727,1.174727,IDN,SGP,251622
5031503,104,192,5734,1995,139380.0,0.0,0.156183,1.9617380000000002,IND,SGP,251622
5031504,111,192,5734,1995,21403.0,0.0,1.503379,1.449094,ITA,SGP,251622
5031505,114,192,5734,1995,0.0,27803.0,2.56822,0.927307,JPN,SGP,251622
5031506,153,192,5734,1995,0.0,16594.0,0.357745,0.374284,MYS,SGP,251622
5031507,216,192,5734,1995,2380.0,28790.0,0.174522,1.608058,THA,SGP,251622
5031508,249,192,5734,1995,0.0,26356.0,1.345205,1.9337389999999999,TWN,SGP,251622
5031509,15,206,5734,1995,1270.0,0.0,2.000295,0.661255,AUT,SVK,251622
5031510,59,206,5734,1995,10612.0,0.0,1.375091,1.628069,CZE,SVK,251622
5031511,61,206,5734,1995,0.0,2977.0,2.325385,-2.2238189999999998,DEU,SVK,251622
5031512,41,207,5734,1995,0.0,17790.0,2.1893029999999998,0.82765,CHE,SVN,251622
5031513,61,207,5734,1995,0.0,2376.0,2.325385,-2.2238189999999998,DEU,SVN,251622
5031514,100,207,5734,1995,1580.0,5191.0,0.75325,1.395715,HRV,SVN,251622
5031515,111,207,5734,1995,0.0,312829.0,1.503379,1.449094,ITA,SVN,251622
5031516,81,208,5734,1995,1754.0,0.0,1.8656979999999999,1.107121,GBR,SWE,251622
5031517,163,208,5734,1995,1533.0,35650.0,1.019741,0.394241,NOR,SWE,251622
5031518,81,224,5734,1995,39024.0,0.0,1.8656979999999999,1.107121,GBR,TUR,251622
5031519,162,224,5734,1995,0.0,4962.0,1.304391,1.8819119999999998,NLD,TUR,251622
5031520,186,224,5734,1995,0.0,32936.0,0.364437,0.171494,RUS,TUR,251622
5031521,81,246,5734,1995,1379.0,7453.0,1.8656979999999999,1.107121,GBR,ZAF,251622
5031522,104,246,5734,1995,8222.0,0.0,0.156183,1.9617380000000002,IND,ZAF,251622
5031523,110,246,5734,1995,28663.0,0.0,1.205368,1.189434,ISR,ZAF,251622
5031524,111,246,5734,1995,18091.0,0.0,1.503379,1.449094,ITA,ZAF,251622
5031525,77,44,5734,1995,6106.0,0.0,1.768484,0.765537,FRA,CIV,251622
5031526,77,45,5734,1995,1483.0,0.0,1.768484,0.765537,FRA,CMR,251622
5031527,15,90,5734,1995,2321.0,0.0,2.000295,0.661255,AUT,GRC,251622
5031528,104,90,5734,1995,10430.0,0.0,0.156183,1.9617380000000002,IND,GRC,251622
5031529,185,90,5734,1995,0.0,16867.0,0.621468,1.038729,ROU,GRC,251622
5031530,15,102,5734,1995,2060.0,0.0,2.000295,0.661255,AUT,HUN,251622
5031531,18,102,5734,1995,56711.0,0.0,1.615588,1.394102,BEL,HUN,251622
5031532,23,102,5734,1995,14000.0,0.0,0.436138,1.086561,BGR,HUN,251622
5031533,111,102,5734,1995,2653.0,0.0,1.503379,1.449094,ITA,HUN,251622
5031534,185,102,5734,1995,2689.0,0.0,0.621468,1.038729,ROU,HUN,251622
5031535,111,134,5734,1995,9091.0,0.0,1.503379,1.449094,ITA,MAR,251622
5031536,32,230,5734,1995,2825.0,0.0,0.687171,1.188647,BRA,URY,251622
5031537,32,236,5734,1995,14781.0,0.0,0.687171,1.188647,BRA,VEN,251622
5031538,49,236,5734,1995,145006.0,0.0,0.094335,0.13047999999999998,COL,VEN,251622
5031539,231,236,5734,1995,8621.0,0.0,1.771648,1.184,USA,VEN,251622
5031540,110,58,5734,1995,0.0,12947.0,1.205368,1.189434,ISR,CYP,251622
5031541,111,58,5734,1995,0.0,1598.0,1.503379,1.449094,ITA,CYP,251622
5031542,26,100,5734,1995,0.0,10876.0,0.208931,0.053763,BIH,HRV,251622
5031543,111,100,5734,1995,9798.0,0.0,1.503379,1.449094,ITA,HRV,251622
5031544,207,100,5734,1995,5191.0,1580.0,1.424606,1.490521,SVN,HRV,251622
5031545,185,135,5734,1995,0.0,946.0,0.621468,1.038729,ROU,MDA,251622
5031546,186,135,5734,1995,0.0,6304.0,0.364437,0.171494,RUS,MDA,251622
5031547,23,140,5734,1995,1096.0,0.0,0.436138,1.086561,BGR,MKD,251622
5031548,93,197,5734,1995,1541.0,0.0,-0.241468,0.170932,GTM,SLV,251622
5031549,160,197,5734,1995,0.0,2524.0,-0.395096,-0.559934,NIC,SLV,251622
5031550,49,67,5734,1995,41519.0,0.0,0.094335,0.13047999999999998,COL,ECU,251622
5031551,81,168,5734,1995,10991.0,0.0,1.8656979999999999,1.107121,GBR,PAK,251622
5031552,61,186,5734,1995,3180.0,0.0,2.325385,-2.2238189999999998,DEU,RUS,251622
5031553,104,186,5734,1995,4755.0,0.0,0.156183,1.9617380000000002,IND,RUS,251622
5031554,135,186,5734,1995,6304.0,0.0,0.394058,0.124474,MDA,RUS,251622
5031555,224,186,5734,1995,32936.0,0.0,0.166794,1.209066,TUR,RUS,251622
5031556,130,228,5734,1995,0.0,5285.0,0.41220500000000004,0.966966,LTU,UKR,251622
5031557,14,249,5734,1995,284651.0,0.0,0.44442,0.789292,AUS,TWN,251622
5031558,43,249,5734,1995,20581.0,0.0,0.387897,3.2147919999999996,CHN,TWN,251622
5031559,77,249,5734,1995,164876.0,0.0,1.768484,0.765537,FRA,TWN,251622
5031560,104,249,5734,1995,185445.0,0.0,0.156183,1.9617380000000002,IND,TWN,251622
5031561,114,249,5734,1995,0.0,9661.0,2.56822,0.927307,JPN,TWN,251622
5031562,192,249,5734,1995,26356.0,0.0,0.747684,0.4745,SGP,TWN,251622
5031563,103,250,5734,1995,0.0,28306.0,-0.391727,1.174727,IDN,ANS,251622
5031564,113,250,5734,1995,0.0,1053.0,0.666542,0.326785,JOR,ANS,251622
5031565,177,250,5734,1995,41507.0,22975.0,0.76393,1.802648,POL,ANS,251622
5031566,197,160,5734,1995,2524.0,0.0,-0.17119600000000001,0.027889999999999998,SLV,NIC,251622
5031567,28,130,5734,1995,71231.0,0.0,0.5290279999999999,0.27031700000000003,BLR,LTU,251622
5031568,228,130,5734,1995,5285.0,0.0,0.428875,0.20489899999999997,UKR,LTU,251622
5031569,104,137,5734,1995,2164.0,0.0,0.156183,1.9617380000000002,IND,MDV,251622
5031570,104,151,5734,1995,18870.0,0.0,0.156183,1.9617380000000002,IND,MUS,251622
5031571,104,7,5734,1995,134833.0,0.0,0.156183,1.9617380000000002,IND,ARE,251622
5031572,188,7,5734,1995,51831.0,0.0,0.401573,-0.6676529999999999,SAU,ARE,251622
5031573,102,23,5734,1995,0.0,14000.0,0.878711,1.8200060000000002,HUN,BGR,251622
5031574,140,23,5734,1995,0.0,1096.0,0.34174,0.648467,MKD,BGR,251622
5031575,104,24,5734,1995,6673.0,0.0,0.156183,1.9617380000000002,IND,BHR,251622
5031576,188,24,5734,1995,13394.0,0.0,0.401573,-0.6676529999999999,SAU,BHR,251622
5031577,130,28,5734,1995,0.0,71231.0,0.41220500000000004,0.966966,LTU,BLR,251622
5031578,104,34,5734,1995,5312.0,0.0,0.156183,1.9617380000000002,IND,BRN,251622
5031579,192,34,5734,1995,8278.0,0.0,0.747684,0.4745,SGP,BRN,251622
5031580,104,116,5734,1995,5695.0,0.0,0.156183,1.9617380000000002,IND,KEN,251622
5031581,104,122,5734,1995,1507.0,0.0,0.156183,1.9617380000000002,IND,KWT,251622
5031582,188,122,5734,1995,24956.0,0.0,0.401573,-0.6676529999999999,SAU,KWT,251622
5031583,113,124,5734,1995,0.0,2857.0,0.666542,0.326785,JOR,LBN,251622
5031584,188,124,5734,1995,3846.0,0.0,0.401573,-0.6676529999999999,SAU,LBN,251622
5031585,104,128,5734,1995,5712.0,0.0,0.156183,1.9617380000000002,IND,LKA,251622
5031586,104,164,5734,1995,1223.0,0.0,0.156183,1.9617380000000002,IND,NPL,251622
5031587,43,183,5734,1995,11710.0,0.0,0.387897,3.2147919999999996,CHN,QAT,251622
5031588,188,183,5734,1995,2806.0,0.0,0.401573,-0.6676529999999999,SAU,QAT,251622
5031589,100,26,5734,1995,10876.0,0.0,0.75325,1.395715,HRV,BIH,251622
5031590,14,156,5734,1995,19471.0,0.0,0.44442,0.789292,AUS,NCL,251622
5031591,77,156,5734,1995,1822.0,0.0,1.768484,0.765537,FRA,NCL,251622
5031592,104,178,5734,1995,25550.0,0.0,0.156183,1.9617380000000002,IND,PRK,251622
5031593,43,145,5734,1995,2655.0,0.0,0.387897,3.2147919999999996,CHN,MNG,251622
5031594,18,15,5736,1995,102590.0,6353.0,1.615588,1.394102,BEL,AUT,251710
5031595,23,15,5736,1995,2663.0,0.0,0.436138,1.086561,BGR,AUT,251710
5031596,41,15,5736,1995,122186.0,4609776.0,2.1893029999999998,0.82765,CHE,AUT,251710
5031597,59,15,5736,1995,1379367.0,1800.0,1.375091,1.628069,CZE,AUT,251710
5031598,61,15,5736,1995,1085040.0,1345452.0,2.325385,-2.2238189999999998,DEU,AUT,251710
5031599,64,15,5736,1995,38241.0,0.0,1.3800270000000001,1.489036,DNK,AUT,251710
5031600,71,15,5736,1995,1076.0,0.0,1.144247,1.933844,ESP,AUT,251710
5031601,81,15,5736,1995,0.0,43242.0,1.8656979999999999,1.107121,GBR,AUT,251710
5031602,90,15,5736,1995,93705.0,0.0,0.17369,0.885756,GRC,AUT,251710
5031603,100,15,5736,1995,0.0,3659.0,0.75325,1.395715,HRV,AUT,251710
5031604,102,15,5736,1995,1177759.0,5224.0,0.878711,1.8200060000000002,HUN,AUT,251710
5031605,111,15,5736,1995,89196.0,30972.0,1.503379,1.449094,ITA,AUT,251710
5031606,162,15,5736,1995,8448.0,1428.0,1.304391,1.8819119999999998,NLD,AUT,251710
5031607,163,15,5736,1995,0.0,26227.0,1.019741,0.394241,NOR,AUT,251710
5031608,185,15,5736,1995,0.0,10553.0,0.621468,1.038729,ROU,AUT,251710
5031609,186,15,5736,1995,0.0,18513.0,0.364437,0.171494,RUS,AUT,251710
5031610,206,15,5736,1995,401884.0,1450.0,1.2249780000000001,1.405585,SVK,AUT,251710
5031611,207,15,5736,1995,7207.0,178218.0,1.424606,1.490521,SVN,AUT,251710
5031612,216,15,5736,1995,0.0,12108.0,0.174522,1.608058,THA,AUT,251710
5031613,231,15,5736,1995,3912.0,0.0,1.771648,1.184,USA,AUT,251710
5031614,2,18,5736,1995,0.0,6201.0,-2.2342459999999997,-1.1147639999999999,AGO,BEL,251710
5031615,14,18,5736,1995,0.0,13453.0,0.44442,0.789292,AUS,BEL,251710
5031616,15,18,5736,1995,6353.0,102590.0,2.000295,0.661255,AUT,BEL,251710
5031617,39,18,5736,1995,0.0,2618.0,1.077804,1.0724200000000002,CAN,BEL,251710
5031618,41,18,5736,1995,2212.0,1365.0,2.1893029999999998,0.82765,CHE,BEL,251710
5031619,43,18,5736,1995,9843.0,0.0,0.387897,3.2147919999999996,CHN,BEL,251710
5031620,59,18,5736,1995,0.0,8485.0,1.375091,1.628069,CZE,BEL,251710
5031621,61,18,5736,1995,8963632.0,2600717.0,2.325385,-2.2238189999999998,DEU,BEL,251710
5031622,64,18,5736,1995,40489.0,3871.0,1.3800270000000001,1.489036,DNK,BEL,251710
5031623,71,18,5736,1995,12942.0,5929.0,1.144247,1.933844,ESP,BEL,251710
5031624,77,18,5736,1995,9907577.0,40312468.0,1.768484,0.765537,FRA,BEL,251710
5031625,81,18,5736,1995,12505633.0,86065.0,1.8656979999999999,1.107121,GBR,BEL,251710
5031626,90,18,5736,1995,3191.0,0.0,0.17369,0.885756,GRC,BEL,251710
5031627,103,18,5736,1995,0.0,1296.0,-0.391727,1.174727,IDN,BEL,251710
5031628,104,18,5736,1995,39575.0,0.0,0.156183,1.9617380000000002,IND,BEL,251710
5031629,106,18,5736,1995,0.0,4896.0,1.349192,0.992099,IRL,BEL,251710
5031630,111,18,5736,1995,57179.0,2850.0,1.503379,1.449094,ITA,BEL,251710
5031631,142,18,5736,1995,0.0,2040.0,0.842519,0.11882899999999999,MLT,BEL,251710
5031632,153,18,5736,1995,5367.0,0.0,0.357745,0.374284,MYS,BEL,251710
5031633,159,18,5736,1995,0.0,12271.0,-2.108206,-1.2017520000000002,NGA,BEL,251710
5031634,162,18,5736,1995,9721684.0,69297896.0,1.304391,1.8819119999999998,NLD,BEL,251710
5031635,163,18,5736,1995,24592.0,0.0,1.019741,0.394241,NOR,BEL,251710
5031636,177,18,5736,1995,944.0,35565.0,0.76393,1.802648,POL,BEL,251710
5031637,179,18,5736,1995,64872.0,14098.0,0.412677,1.254009,PRT,BEL,251710
5031638,185,18,5736,1995,0.0,1388.0,0.621468,1.038729,ROU,BEL,251710
5031639,186,18,5736,1995,2303.0,0.0,0.364437,0.171494,RUS,BEL,251710
5031640,208,18,5736,1995,0.0,526106.0,2.246997,1.060171,SWE,BEL,251710
5031641,216,18,5736,1995,0.0,1220.0,0.174522,1.608058,THA,BEL,251710
5031642,223,18,5736,1995,0.0,7481.0,-0.253792,-0.044331,TUN,BEL,251710
5031643,224,18,5736,1995,2005.0,0.0,0.166794,1.209066,TUR,BEL,251710
5031644,231,18,5736,1995,8791.0,26763.0,1.771648,1.184,USA,BEL,251710
5031645,236,18,5736,1995,0.0,11993.0,0.299294,-0.635474,VEN,BEL,251710
5031646,246,18,5736,1995,0.0,1632.0,0.468112,1.039817,ZAF,BEL,251710
5031647,250,18,5736,1995,0.0,12046.0,1.034518,0.9735149999999999,ANS,BEL,251710
5031648,39,30,5736,1995,117119.0,0.0,1.077804,1.0724200000000002,CAN,BMU,251710
5031649,8,32,5736,1995,0.0,1238.0,0.245885,0.5489850000000001,ARG,BRA,251710
5031650,49,32,5736,1995,0.0,76293.0,0.094335,0.13047999999999998,COL,BRA,251710
5031651,61,32,5736,1995,979.0,0.0,2.325385,-2.2238189999999998,DEU,BRA,251710
5031652,77,32,5736,1995,34909.0,0.0,1.768484,0.765537,FRA,BRA,251710
5031653,111,32,5736,1995,81362.0,1117.0,1.503379,1.449094,ITA,BRA,251710
5031654,231,32,5736,1995,3016.0,3310.0,1.771648,1.184,USA,BRA,251710
5031655,236,32,5736,1995,0.0,18057.0,0.299294,-0.635474,VEN,BRA,251710
5031656,249,32,5736,1995,0.0,1001.0,1.345205,1.9337389999999999,TWN,BRA,251710
5031657,14,43,5736,1995,1955.0,0.0,0.44442,0.789292,AUS,CHN,251710
5031658,18,43,5736,1995,0.0,9843.0,1.615588,1.394102,BEL,CHN,251710
5031659,59,43,5736,1995,0.0,6851.0,1.375091,1.628069,CZE,CHN,251710
5031660,61,43,5736,1995,0.0,2648.0,2.325385,-2.2238189999999998,DEU,CHN,251710
5031661,71,43,5736,1995,0.0,23247.0,1.144247,1.933844,ESP,CHN,251710
5031662,77,43,5736,1995,157596.0,0.0,1.768484,0.765537,FRA,CHN,251710
5031663,81,43,5736,1995,0.0,14227.0,1.8656979999999999,1.107121,GBR,CHN,251710
5031664,97,43,5736,1995,369184.0,24060174.0,0.5244449999999999,2.682738,HKG,CHN,251710
5031665,103,43,5736,1995,0.0,19920.0,-0.391727,1.174727,IDN,CHN,251710
5031666,104,43,5736,1995,36518.0,11479.0,0.156183,1.9617380000000002,IND,CHN,251710
5031667,107,43,5736,1995,0.0,1448.0,-0.821991,-1.071013,IRN,CHN,251710
5031668,111,43,5736,1995,0.0,2248.0,1.503379,1.449094,ITA,CHN,251710
5031669,114,43,5736,1995,56220.0,1348538.0,2.56822,0.927307,JPN,CHN,251710
5031670,121,43,5736,1995,0.0,63871.0,0.845175,1.2761799999999999,KOR,CHN,251710
5031671,128,43,5736,1995,0.0,2939.0,-0.8358030000000001,-0.29397199999999996,LKA,CHN,251710
5031672,133,43,5736,1995,0.0,1214934.0,-0.149794,-0.26961799999999997,MAC,CHN,251710
5031673,134,43,5736,1995,0.0,10903.0,-0.6481210000000001,-0.22345,MAR,CHN,251710
5031674,138,43,5736,1995,0.0,2912.0,0.6414300000000001,0.9697520000000001,MEX,CHN,251710
5031675,145,43,5736,1995,0.0,1022.0,-0.653135,-1.023557,MNG,CHN,251710
5031676,153,43,5736,1995,0.0,30391.0,0.357745,0.374284,MYS,CHN,251710
5031677,186,43,5736,1995,0.0,388569.0,0.364437,0.171494,RUS,CHN,251710
5031678,192,43,5736,1995,0.0,9197.0,0.747684,0.4745,SGP,CHN,251710
5031679,216,43,5736,1995,0.0,18476.0,0.174522,1.608058,THA,CHN,251710
5031680,231,43,5736,1995,3350.0,12998.0,1.771648,1.184,USA,CHN,251710
5031681,249,43,5736,1995,2988.0,217344.0,1.345205,1.9337389999999999,TWN,CHN,251710
5031682,32,49,5736,1995,76293.0,0.0,0.687171,1.188647,BRA,COL,251710
5031683,52,49,5736,1995,10006.0,0.0,-0.30094699999999996,-0.046285,CRI,COL,251710
5031684,77,49,5736,1995,94142.0,0.0,1.768484,0.765537,FRA,COL,251710
5031685,173,49,5736,1995,49051.0,0.0,-0.263859,-0.21032800000000001,PER,COL,251710
5031686,231,49,5736,1995,428004.0,0.0,1.771648,1.184,USA,COL,251710
5031687,236,49,5736,1995,784273.0,0.0,0.299294,-0.635474,VEN,COL,251710
5031688,49,52,5736,1995,0.0,10006.0,0.094335,0.13047999999999998,COL,CRI,251710
5031689,110,52,5736,1995,3955.0,0.0,1.205368,1.189434,ISR,CRI,251710
5031690,231,52,5736,1995,103079.0,0.0,1.771648,1.184,USA,CRI,251710
5031691,249,52,5736,1995,2266.0,0.0,1.345205,1.9337389999999999,TWN,CRI,251710
5031692,14,61,5736,1995,0.0,1208281.0,0.44442,0.789292,AUS,DEU,251710
5031693,15,61,5736,1995,1345452.0,1085040.0,2.000295,0.661255,AUT,DEU,251710
5031694,18,61,5736,1995,2600717.0,8963632.0,1.615588,1.394102,BEL,DEU,251710
5031695,23,61,5736,1995,0.0,3087.0,0.436138,1.086561,BGR,DEU,251710
5031696,28,61,5736,1995,0.0,4430.0,0.5290279999999999,0.27031700000000003,BLR,DEU,251710
5031697,32,61,5736,1995,0.0,979.0,0.687171,1.188647,BRA,DEU,251710
5031698,39,61,5736,1995,2470.0,2172.0,1.077804,1.0724200000000002,CAN,DEU,251710
5031699,41,61,5736,1995,450455.0,10341902.0,2.1893029999999998,0.82765,CHE,DEU,251710
5031700,43,61,5736,1995,2648.0,0.0,0.387897,3.2147919999999996,CHN,DEU,251710
5031701,59,61,5736,1995,11016060.0,84607.0,1.375091,1.628069,CZE,DEU,251710
5031702,64,61,5736,1995,13932618.0,12169.0,1.3800270000000001,1.489036,DNK,DEU,251710
5031703,66,61,5736,1995,0.0,8881.0,-0.555409,-1.037972,DZA,DEU,251710
5031704,68,61,5736,1995,0.0,27632.0,-0.340042,-0.085601,EGY,DEU,251710
5031705,71,61,5736,1995,0.0,3101.0,1.144247,1.933844,ESP,DEU,251710
5031706,74,61,5736,1995,956582.0,14865.0,2.0085740000000003,1.126816,FIN,DEU,251710
5031707,77,61,5736,1995,29620932.0,3066103.0,1.768484,0.765537,FRA,DEU,251710
5031708,81,61,5736,1995,9996193.0,1455562.0,1.8656979999999999,1.107121,GBR,DEU,251710
5031709,82,61,5736,1995,0.0,7396.0,1.082754,0.059275,GEO,DEU,251710
5031710,83,61,5736,1995,0.0,4579.0,-1.247755,-1.070455,GHA,DEU,251710
5031711,86,61,5736,1995,0.0,7238.0,0.563491,-0.18852,GLP,DEU,251710
5031712,90,61,5736,1995,54437.0,35087.0,0.17369,0.885756,GRC,DEU,251710
5031713,100,61,5736,1995,0.0,4888.0,0.75325,1.395715,HRV,DEU,251710
5031714,102,61,5736,1995,5986.0,114258.0,0.878711,1.8200060000000002,HUN,DEU,251710
5031715,103,61,5736,1995,0.0,6987.0,-0.391727,1.174727,IDN,DEU,251710
5031716,104,61,5736,1995,11874.0,0.0,0.156183,1.9617380000000002,IND,DEU,251710
5031717,106,61,5736,1995,1287459.0,5490.0,1.349192,0.992099,IRL,DEU,251710
5031718,107,61,5736,1995,0.0,47250.0,-0.821991,-1.071013,IRN,DEU,251710
5031719,109,61,5736,1995,28579.0,0.0,0.161331,-0.45210100000000003,ISL,DEU,251710
5031720,111,61,5736,1995,1416248.0,4078.0,1.503379,1.449094,ITA,DEU,251710
5031721,121,61,5736,1995,0.0,670111.0,0.845175,1.2761799999999999,KOR,DEU,251710
5031722,130,61,5736,1995,109956.0,1994.0,0.41220500000000004,0.966966,LTU,DEU,251710
5031723,132,61,5736,1995,1241588.0,0.0,0.25453400000000004,0.174809,LVA,DEU,251710
5031724,153,61,5736,1995,0.0,64494.0,0.357745,0.374284,MYS,DEU,251710
5031725,159,61,5736,1995,0.0,32000.0,-2.108206,-1.2017520000000002,NGA,DEU,251710
5031726,162,61,5736,1995,8867558.0,92677296.0,1.304391,1.8819119999999998,NLD,DEU,251710
5031727,163,61,5736,1995,8198542.0,14282.0,1.019741,0.394241,NOR,DEU,251710
5031728,177,61,5736,1995,48352312.0,45502.0,0.76393,1.802648,POL,DEU,251710
5031729,179,61,5736,1995,11389.0,0.0,0.412677,1.254009,PRT,DEU,251710
5031730,185,61,5736,1995,0.0,9936.0,0.621468,1.038729,ROU,DEU,251710
5031731,186,61,5736,1995,839540.0,7420.0,0.364437,0.171494,RUS,DEU,251710
5031732,187,61,5736,1995,0.0,210281.0,-0.18641,-0.6206729999999999,RWA,DEU,251710
5031733,188,61,5736,1995,0.0,1925.0,0.401573,-0.6676529999999999,SAU,DEU,251710
5031734,190,61,5736,1995,0.0,1350.0,-0.776567,-0.963823,SDN,DEU,251710
5031735,192,61,5736,1995,8304.0,2330.0,0.747684,0.4745,SGP,DEU,251710
5031736,206,61,5736,1995,21415.0,15655.0,1.2249780000000001,1.405585,SVK,DEU,251710
5031737,207,61,5736,1995,0.0,966.0,1.424606,1.490521,SVN,DEU,251710
5031738,208,61,5736,1995,5541360.0,5151.0,2.246997,1.060171,SWE,DEU,251710
5031739,212,61,5736,1995,0.0,6374.0,-0.8829469999999999,-0.809407,SYR,DEU,251710
5031740,216,61,5736,1995,0.0,4862.0,0.174522,1.608058,THA,DEU,251710
5031741,224,61,5736,1995,31137.0,0.0,0.166794,1.209066,TUR,DEU,251710
5031742,228,61,5736,1995,0.0,3392.0,0.428875,0.20489899999999997,UKR,DEU,251710
5031743,231,61,5736,1995,45092.0,987.0,1.771648,1.184,USA,DEU,251710
5031744,246,61,5736,1995,0.0,8852.0,0.468112,1.039817,ZAF,DEU,251710
5031745,249,61,5736,1995,1680.0,0.0,1.345205,1.9337389999999999,TWN,DEU,251710
5031746,250,61,5736,1995,0.0,8540.0,1.034518,0.9735149999999999,ANS,DEU,251710
5031747,15,64,5736,1995,0.0,38241.0,2.000295,0.661255,AUT,DNK,251710
5031748,18,64,5736,1995,3871.0,40489.0,1.615588,1.394102,BEL,DNK,251710
5031749,41,64,5736,1995,0.0,4340.0,2.1893029999999998,0.82765,CHE,DNK,251710
5031750,59,64,5736,1995,0.0,17000.0,1.375091,1.628069,CZE,DNK,251710
5031751,61,64,5736,1995,12169.0,13932618.0,2.325385,-2.2238189999999998,DEU,DNK,251710
5031752,71,64,5736,1995,0.0,15480.0,1.144247,1.933844,ESP,DNK,251710
5031753,74,64,5736,1995,0.0,10204.0,2.0085740000000003,1.126816,FIN,DNK,251710
5031754,77,64,5736,1995,113399.0,0.0,1.768484,0.765537,FRA,DNK,251710
5031755,81,64,5736,1995,352303.0,832263.0,1.8656979999999999,1.107121,GBR,DNK,251710
5031756,90,64,5736,1995,0.0,1145.0,0.17369,0.885756,GRC,DNK,251710
5031757,102,64,5736,1995,0.0,4655.0,0.878711,1.8200060000000002,HUN,DNK,251710
5031758,104,64,5736,1995,14742.0,0.0,0.156183,1.9617380000000002,IND,DNK,251710
5031759,106,64,5736,1995,17965.0,6664.0,1.349192,0.992099,IRL,DNK,251710
5031760,109,64,5736,1995,12223.0,0.0,0.161331,-0.45210100000000003,ISL,DNK,251710
5031761,110,64,5736,1995,0.0,8621.0,1.205368,1.189434,ISR,DNK,251710
5031762,111,64,5736,1995,104070.0,8246.0,1.503379,1.449094,ITA,DNK,251710
5031763,116,64,5736,1995,0.0,5482.0,-0.303773,0.111305,KEN,DNK,251710
5031764,132,64,5736,1995,15493.0,0.0,0.25453400000000004,0.174809,LVA,DNK,251710
5031765,162,64,5736,1995,2588.0,56070.0,1.304391,1.8819119999999998,NLD,DNK,251710
5031766,163,64,5736,1995,11556339.0,151363.0,1.019741,0.394241,NOR,DNK,251710
5031767,177,64,5736,1995,0.0,8030.0,0.76393,1.802648,POL,DNK,251710
5031768,208,64,5736,1995,10217267.0,60114.0,2.246997,1.060171,SWE,DNK,251710
5031769,224,64,5736,1995,9414.0,0.0,0.166794,1.209066,TUR,DNK,251710
5031770,231,64,5736,1995,17149.0,0.0,1.771648,1.184,USA,DNK,251710
5031771,5,71,5736,1995,0.0,912111.0,1.126269,0.577384,AND,ESP,251710
5031772,8,71,5736,1995,0.0,58232.0,0.245885,0.5489850000000001,ARG,ESP,251710
5031773,14,71,5736,1995,0.0,4817.0,0.44442,0.789292,AUS,ESP,251710
5031774,15,71,5736,1995,0.0,1076.0,2.000295,0.661255,AUT,ESP,251710
5031775,18,71,5736,1995,5929.0,12942.0,1.615588,1.394102,BEL,ESP,251710
5031776,43,71,5736,1995,23247.0,0.0,0.387897,3.2147919999999996,CHN,ESP,251710
5031777,44,71,5736,1995,0.0,1093.0,-0.781656,-0.74293,CIV,ESP,251710
5031778,54,71,5736,1995,0.0,5445.0,-0.315644,-0.8812110000000001,CUB,ESP,251710
5031779,61,71,5736,1995,3101.0,0.0,2.325385,-2.2238189999999998,DEU,ESP,251710
5031780,64,71,5736,1995,15480.0,0.0,1.3800270000000001,1.489036,DNK,ESP,251710
5031781,66,71,5736,1995,0.0,9804.0,-0.555409,-1.037972,DZA,ESP,251710
5031782,74,71,5736,1995,0.0,52947.0,2.0085740000000003,1.126816,FIN,ESP,251710
5031783,77,71,5736,1995,398116.0,8863.0,1.768484,0.765537,FRA,ESP,251710
5031784,78,71,5736,1995,1556.0,0.0,-0.8247260000000001,-0.791759,FRO,ESP,251710
5031785,81,71,5736,1995,5758.0,0.0,1.8656979999999999,1.107121,GBR,ESP,251710
5031786,84,71,5736,1995,0.0,95423.0,0.784189,-0.224741,GIB,ESP,251710
5031787,90,71,5736,1995,0.0,2390.0,0.17369,0.885756,GRC,ESP,251710
5031788,106,71,5736,1995,0.0,396778.0,1.349192,0.992099,IRL,ESP,251710
5031789,107,71,5736,1995,0.0,104772.0,-0.821991,-1.071013,IRN,ESP,251710
5031790,109,71,5736,1995,0.0,158200.0,0.161331,-0.45210100000000003,ISL,ESP,251710
5031791,111,71,5736,1995,129794.0,31274.0,1.503379,1.449094,ITA,ESP,251710
5031792,113,71,5736,1995,0.0,10435.0,0.666542,0.326785,JOR,ESP,251710
5031793,121,71,5736,1995,0.0,5278.0,0.845175,1.2761799999999999,KOR,ESP,251710
5031794,134,71,5736,1995,1422435.0,300190.0,-0.6481210000000001,-0.22345,MAR,ESP,251710
5031795,162,71,5736,1995,3700.0,2476.0,1.304391,1.8819119999999998,NLD,ESP,251710
5031796,163,71,5736,1995,0.0,12088.0,1.019741,0.394241,NOR,ESP,251710
5031797,179,71,5736,1995,17187.0,1202099.0,0.412677,1.254009,PRT,ESP,251710
5031798,223,71,5736,1995,0.0,1723.0,-0.253792,-0.044331,TUN,ESP,251710
5031799,224,71,5736,1995,5762.0,0.0,0.166794,1.209066,TUR,ESP,251710
5031800,231,71,5736,1995,7297.0,3297.0,1.771648,1.184,USA,ESP,251710
5031801,236,71,5736,1995,0.0,955.0,0.299294,-0.635474,VEN,ESP,251710
5031802,61,74,5736,1995,14865.0,956582.0,2.325385,-2.2238189999999998,DEU,FIN,251710
5031803,64,74,5736,1995,10204.0,0.0,1.3800270000000001,1.489036,DNK,FIN,251710
5031804,71,74,5736,1995,52947.0,0.0,1.144247,1.933844,ESP,FIN,251710
5031805,72,74,5736,1995,72105.0,2204532.0,0.530041,1.134288,EST,FIN,251710
5031806,77,74,5736,1995,5032.0,0.0,1.768484,0.765537,FRA,FIN,251710
5031807,81,74,5736,1995,0.0,5814.0,1.8656979999999999,1.107121,GBR,FIN,251710
5031808,115,74,5736,1995,0.0,3159.0,0.280262,-0.285508,KAZ,FIN,251710
5031809,162,74,5736,1995,15054.0,31667.0,1.304391,1.8819119999999998,NLD,FIN,251710
5031810,163,74,5736,1995,814125.0,47754.0,1.019741,0.394241,NOR,FIN,251710
5031811,177,74,5736,1995,8658.0,25324.0,0.76393,1.802648,POL,FIN,251710
5031812,186,74,5736,1995,6774.0,515231.0,0.364437,0.171494,RUS,FIN,251710
5031813,208,74,5736,1995,97489.0,7503.0,2.246997,1.060171,SWE,FIN,251710
5031814,231,74,5736,1995,4723.0,0.0,1.771648,1.184,USA,FIN,251710
5031815,7,77,5736,1995,0.0,2267.0,-0.205166,-0.6132380000000001,ARE,FRA,251710
5031816,14,77,5736,1995,0.0,15730.0,0.44442,0.789292,AUS,FRA,251710
5031817,18,77,5736,1995,40312468.0,9907577.0,1.615588,1.394102,BEL,FRA,251710
5031818,22,77,5736,1995,0.0,14611.0,-1.037175,-0.983195,BGD,FRA,251710
5031819,32,77,5736,1995,0.0,34909.0,0.687171,1.188647,BRA,FRA,251710
5031820,39,77,5736,1995,75051.0,3297.0,1.077804,1.0724200000000002,CAN,FRA,251710
5031821,41,77,5736,1995,101151.0,30475310.0,2.1893029999999998,0.82765,CHE,FRA,251710
5031822,42,77,5736,1995,0.0,5786.0,-0.073436,-0.192675,CHL,FRA,251710
5031823,43,77,5736,1995,0.0,157596.0,0.387897,3.2147919999999996,CHN,FRA,251710
5031824,44,77,5736,1995,0.0,16281.0,-0.781656,-0.74293,CIV,FRA,251710
5031825,45,77,5736,1995,0.0,8413.0,-1.121716,-0.9758020000000001,CMR,FRA,251710
5031826,49,77,5736,1995,0.0,94142.0,0.094335,0.13047999999999998,COL,FRA,251710
5031827,59,77,5736,1995,465619.0,119757.0,1.375091,1.628069,CZE,FRA,251710
5031828,61,77,5736,1995,3066103.0,29620932.0,2.325385,-2.2238189999999998,DEU,FRA,251710
5031829,62,77,5736,1995,0.0,1825.0,0.7627109999999999,0.696162,DJI,FRA,251710
5031830,64,77,5736,1995,0.0,113399.0,1.3800270000000001,1.489036,DNK,FRA,251710
5031831,66,77,5736,1995,0.0,46430.0,-0.555409,-1.037972,DZA,FRA,251710
5031832,68,77,5736,1995,0.0,101517.0,-0.340042,-0.085601,EGY,FRA,251710
5031833,71,77,5736,1995,8863.0,398116.0,1.144247,1.933844,ESP,FRA,251710
5031834,74,77,5736,1995,0.0,5032.0,2.0085740000000003,1.126816,FIN,FRA,251710
5031835,80,77,5736,1995,0.0,2219.0,-1.445673,-1.099128,GAB,FRA,251710
5031836,81,77,5736,1995,7227271.0,7887142.0,1.8656979999999999,1.107121,GBR,FRA,251710
5031837,86,77,5736,1995,0.0,23942.0,0.563491,-0.18852,GLP,FRA,251710
5031838,90,77,5736,1995,0.0,7065.0,0.17369,0.885756,GRC,FRA,251710
5031839,97,77,5736,1995,0.0,96297.0,0.5244449999999999,2.682738,HKG,FRA,251710
5031840,100,77,5736,1995,0.0,6577.0,0.75325,1.395715,HRV,FRA,251710
5031841,102,77,5736,1995,0.0,37008.0,0.878711,1.8200060000000002,HUN,FRA,251710
5031842,103,77,5736,1995,0.0,719009.0,-0.391727,1.174727,IDN,FRA,251710
5031843,106,77,5736,1995,0.0,231528.0,1.349192,0.992099,IRL,FRA,251710
5031844,107,77,5736,1995,0.0,220751.0,-0.821991,-1.071013,IRN,FRA,251710
5031845,111,77,5736,1995,138554.0,1371246.0,1.503379,1.449094,ITA,FRA,251710
5031846,114,77,5736,1995,0.0,811878.0,2.56822,0.927307,JPN,FRA,251710
5031847,115,77,5736,1995,0.0,23485.0,0.280262,-0.285508,KAZ,FRA,251710
5031848,116,77,5736,1995,0.0,12705.0,-0.303773,0.111305,KEN,FRA,251710
5031849,121,77,5736,1995,0.0,591387.0,0.845175,1.2761799999999999,KOR,FRA,251710
5031850,124,77,5736,1995,0.0,103837.0,0.027416000000000003,0.327795,LBN,FRA,251710
5031851,128,77,5736,1995,0.0,28098.0,-0.8358030000000001,-0.29397199999999996,LKA,FRA,251710
5031852,134,77,5736,1995,0.0,18771.0,-0.6481210000000001,-0.22345,MAR,FRA,251710
5031853,138,77,5736,1995,0.0,3376.0,0.6414300000000001,0.9697520000000001,MEX,FRA,251710
5031854,150,77,5736,1995,0.0,9237.0,0.68423,-0.22968200000000003,MTQ,FRA,251710
5031855,153,77,5736,1995,0.0,225406.0,0.357745,0.374284,MYS,FRA,251710
5031856,156,77,5736,1995,0.0,20853.0,-1.326035,-0.826058,NCL,FRA,251710
5031857,162,77,5736,1995,1703904.0,12013351.0,1.304391,1.8819119999999998,NLD,FRA,251710
5031858,163,77,5736,1995,1799434.0,0.0,1.019741,0.394241,NOR,FRA,251710
5031859,174,77,5736,1995,45435.0,129121.0,-0.480548,0.076564,PHL,FRA,251710
5031860,177,77,5736,1995,0.0,210172.0,0.76393,1.802648,POL,FRA,251710
5031861,179,77,5736,1995,2549.0,261385.0,0.412677,1.254009,PRT,FRA,251710
5031862,184,77,5736,1995,0.0,2968.0,0.728825,-0.178569,REU,FRA,251710
5031863,185,77,5736,1995,1292.0,10089.0,0.621468,1.038729,ROU,FRA,251710
5031864,186,77,5736,1995,1281.0,17608.0,0.364437,0.171494,RUS,FRA,251710
5031865,188,77,5736,1995,0.0,48087.0,0.401573,-0.6676529999999999,SAU,FRA,251710
5031866,191,77,5736,1995,0.0,31075.0,-0.94962,-0.970988,SEN,FRA,251710
5031867,192,77,5736,1995,0.0,43178.0,0.747684,0.4745,SGP,FRA,251710
5031868,206,77,5736,1995,68368.0,7381.0,1.2249780000000001,1.405585,SVK,FRA,251710
5031869,207,77,5736,1995,0.0,4547.0,1.424606,1.490521,SVN,FRA,251710
5031870,208,77,5736,1995,0.0,4892.0,2.246997,1.060171,SWE,FRA,251710
5031871,216,77,5736,1995,0.0,391482.0,0.174522,1.608058,THA,FRA,251710
5031872,223,77,5736,1995,0.0,39255.0,-0.253792,-0.044331,TUN,FRA,251710
5031873,224,77,5736,1995,1076.0,64887.0,0.166794,1.209066,TUR,FRA,251710
5031874,231,77,5736,1995,238881.0,580219.0,1.771648,1.184,USA,FRA,251710
5031875,236,77,5736,1995,0.0,23137.0,0.299294,-0.635474,VEN,FRA,251710
5031876,239,77,5736,1995,0.0,72733.0,-1.0462069999999999,-0.269063,VNM,FRA,251710
5031877,246,77,5736,1995,0.0,22214.0,0.468112,1.039817,ZAF,FRA,251710
5031878,249,77,5736,1995,0.0,874456.0,1.345205,1.9337389999999999,TWN,FRA,251710
5031879,14,81,5736,1995,1172.0,0.0,0.44442,0.789292,AUS,GBR,251710
5031880,15,81,5736,1995,43242.0,0.0,2.000295,0.661255,AUT,GBR,251710
5031881,18,81,5736,1995,86065.0,12505633.0,1.615588,1.394102,BEL,GBR,251710
5031882,24,81,5736,1995,0.0,10072.0,-0.239166,-0.8627950000000001,BHR,GBR,251710
5031883,34,81,5736,1995,73179.0,0.0,-0.979701,-0.85456,BRN,GBR,251710
5031884,39,81,5736,1995,0.0,28083.0,1.077804,1.0724200000000002,CAN,GBR,251710
5031885,43,81,5736,1995,14227.0,0.0,0.387897,3.2147919999999996,CHN,GBR,251710
5031886,58,81,5736,1995,0.0,10317.0,0.263764,0.030358999999999997,CYP,GBR,251710
5031887,61,81,5736,1995,1455562.0,9996193.0,2.325385,-2.2238189999999998,DEU,GBR,251710
5031888,64,81,5736,1995,832263.0,352303.0,1.3800270000000001,1.489036,DNK,GBR,251710
5031889,71,81,5736,1995,0.0,5758.0,1.144247,1.933844,ESP,GBR,251710
5031890,74,81,5736,1995,5814.0,0.0,2.0085740000000003,1.126816,FIN,GBR,251710
5031891,77,81,5736,1995,7887142.0,7227271.0,1.768484,0.765537,FRA,GBR,251710
5031892,90,81,5736,1995,0.0,9379.0,0.17369,0.885756,GRC,GBR,251710
5031893,97,81,5736,1995,1411.0,7077.0,0.5244449999999999,2.682738,HKG,GBR,251710
5031894,100,81,5736,1995,0.0,3223.0,0.75325,1.395715,HRV,GBR,251710
5031895,102,81,5736,1995,23535.0,0.0,0.878711,1.8200060000000002,HUN,GBR,251710
5031896,103,81,5736,1995,0.0,2252.0,-0.391727,1.174727,IDN,GBR,251710
5031897,104,81,5736,1995,3103.0,72685.0,0.156183,1.9617380000000002,IND,GBR,251710
5031898,106,81,5736,1995,1149062.0,2583414.0,1.349192,0.992099,IRL,GBR,251710
5031899,109,81,5736,1995,2951.0,0.0,0.161331,-0.45210100000000003,ISL,GBR,251710
5031900,111,81,5736,1995,29382.0,0.0,1.503379,1.449094,ITA,GBR,251710
5031901,112,81,5736,1995,0.0,5141.0,-0.873925,-0.952304,JAM,GBR,251710
5031902,113,81,5736,1995,0.0,1800.0,0.666542,0.326785,JOR,GBR,251710
5031903,114,81,5736,1995,0.0,126048.0,2.56822,0.927307,JPN,GBR,251710
5031904,124,81,5736,1995,0.0,1634.0,0.027416000000000003,0.327795,LBN,GBR,251710
5031905,126,81,5736,1995,0.0,7551.0,-0.353547,-1.019464,LBY,GBR,251710
5031906,128,81,5736,1995,0.0,12492.0,-0.8358030000000001,-0.29397199999999996,LKA,GBR,251710
5031907,132,81,5736,1995,0.0,1343.0,0.25453400000000004,0.174809,LVA,GBR,251710
5031908,134,81,5736,1995,0.0,2183.0,-0.6481210000000001,-0.22345,MAR,GBR,251710
5031909,141,81,5736,1995,0.0,1467.0,-0.807662,-0.952101,MLI,GBR,251710
5031910,142,81,5736,1995,0.0,1295.0,0.842519,0.11882899999999999,MLT,GBR,251710
5031911,153,81,5736,1995,0.0,2214.0,0.357745,0.374284,MYS,GBR,251710
5031912,162,81,5736,1995,601313.0,23331268.0,1.304391,1.8819119999999998,NLD,GBR,251710
5031913,163,81,5736,1995,4236432.0,21479.0,1.019741,0.394241,NOR,GBR,251710
5031914,166,81,5736,1995,0.0,8112.0,0.5558270000000001,0.773271,NZL,GBR,251710
5031915,174,81,5736,1995,2595.0,0.0,-0.480548,0.076564,PHL,GBR,251710
5031916,177,81,5736,1995,0.0,457266.0,0.76393,1.802648,POL,GBR,251710
5031917,179,81,5736,1995,0.0,3035.0,0.412677,1.254009,PRT,GBR,251710
5031918,185,81,5736,1995,0.0,4606.0,0.621468,1.038729,ROU,GBR,251710
5031919,186,81,5736,1995,0.0,14704.0,0.364437,0.171494,RUS,GBR,251710
5031920,188,81,5736,1995,0.0,19474.0,0.401573,-0.6676529999999999,SAU,GBR,251710
5031921,208,81,5736,1995,55406.0,76310.0,2.246997,1.060171,SWE,GBR,251710
5031922,222,81,5736,1995,0.0,7278.0,0.254658,-0.496058,TTO,GBR,251710
5031923,224,81,5736,1995,8479.0,3893.0,0.166794,1.209066,TUR,GBR,251710
5031924,231,81,5736,1995,156475.0,55531.0,1.771648,1.184,USA,GBR,251710
5031925,246,81,5736,1995,22782.0,13329.0,0.468112,1.039817,ZAF,GBR,251710
5031926,249,81,5736,1995,0.0,95526.0,1.345205,1.9337389999999999,TWN,GBR,251710
5031927,61,86,5736,1995,7238.0,0.0,2.325385,-2.2238189999999998,DEU,GLP,251710
5031928,63,86,5736,1995,804682.0,0.0,0.803902,0.307064,DMA,GLP,251710
5031929,77,86,5736,1995,23942.0,0.0,1.768484,0.765537,FRA,GLP,251710
5031930,150,86,5736,1995,255347.0,0.0,0.68423,-0.22968200000000003,MTQ,GLP,251710
5031931,231,86,5736,1995,43109.0,0.0,1.771648,1.184,USA,GLP,251710
5031932,14,97,5736,1995,6725.0,0.0,0.44442,0.789292,AUS,HKG,251710
5031933,39,97,5736,1995,7209.0,0.0,1.077804,1.0724200000000002,CAN,HKG,251710
5031934,43,97,5736,1995,24060174.0,369184.0,0.387897,3.2147919999999996,CHN,HKG,251710
5031935,77,97,5736,1995,96297.0,0.0,1.768484,0.765537,FRA,HKG,251710
5031936,81,97,5736,1995,7077.0,1411.0,1.8656979999999999,1.107121,GBR,HKG,251710
5031937,114,97,5736,1995,12276.0,19082.0,2.56822,0.927307,JPN,HKG,251710
5031938,159,97,5736,1995,0.0,8286.0,-2.108206,-1.2017520000000002,NGA,HKG,251710
5031939,174,97,5736,1995,121341.0,0.0,-0.480548,0.076564,PHL,HKG,251710
5031940,231,97,5736,1995,172367.0,0.0,1.771648,1.184,USA,HKG,251710
5031941,249,97,5736,1995,10627.0,0.0,1.345205,1.9337389999999999,TWN,HKG,251710
5031942,138,99,5736,1995,2502.0,0.0,0.6414300000000001,0.9697520000000001,MEX,HND,251710
5031943,231,99,5736,1995,3704.0,0.0,1.771648,1.184,USA,HND,251710
5031944,18,106,5736,1995,4896.0,0.0,1.615588,1.394102,BEL,IRL,251710
5031945,61,106,5736,1995,5490.0,1287459.0,2.325385,-2.2238189999999998,DEU,IRL,251710
5031946,64,106,5736,1995,6664.0,17965.0,1.3800270000000001,1.489036,DNK,IRL,251710
5031947,71,106,5736,1995,396778.0,0.0,1.144247,1.933844,ESP,IRL,251710
5031948,77,106,5736,1995,231528.0,0.0,1.768484,0.765537,FRA,IRL,251710
5031949,81,106,5736,1995,2583414.0,1149062.0,1.8656979999999999,1.107121,GBR,IRL,251710
5031950,90,106,5736,1995,52182.0,0.0,0.17369,0.885756,GRC,IRL,251710
5031951,162,106,5736,1995,29445.0,192488.0,1.304391,1.8819119999999998,NLD,IRL,251710
5031952,179,106,5736,1995,57160.0,0.0,0.412677,1.254009,PRT,IRL,251710
5031953,52,110,5736,1995,0.0,3955.0,-0.30094699999999996,-0.046285,CRI,ISR,251710
5031954,64,110,5736,1995,8621.0,0.0,1.3800270000000001,1.489036,DNK,ISR,251710
5031955,68,110,5736,1995,48568.0,0.0,-0.340042,-0.085601,EGY,ISR,251710
5031956,90,110,5736,1995,0.0,3302.0,0.17369,0.885756,GRC,ISR,251710
5031957,111,110,5736,1995,7879.0,0.0,1.503379,1.449094,ITA,ISR,251710
5031958,184,110,5736,1995,0.0,1239.0,0.728825,-0.178569,REU,ISR,251710
5031959,185,110,5736,1995,0.0,665.0,0.621468,1.038729,ROU,ISR,251710
5031960,224,110,5736,1995,40130.0,0.0,0.166794,1.209066,TUR,ISR,251710
5031961,231,110,5736,1995,66691.0,0.0,1.771648,1.184,USA,ISR,251710
5031962,250,110,5736,1995,34085.0,0.0,1.034518,0.9735149999999999,ANS,ISR,251710
5031963,15,111,5736,1995,30972.0,89196.0,2.000295,0.661255,AUT,ITA,251710
5031964,18,111,5736,1995,2850.0,57179.0,1.615588,1.394102,BEL,ITA,251710
5031965,32,111,5736,1995,1117.0,81362.0,0.687171,1.188647,BRA,ITA,251710
5031966,41,111,5736,1995,12355.0,2246150.0,2.1893029999999998,0.82765,CHE,ITA,251710
5031967,43,111,5736,1995,2248.0,0.0,0.387897,3.2147919999999996,CHN,ITA,251710
5031968,59,111,5736,1995,0.0,1083.0,1.375091,1.628069,CZE,ITA,251710
5031969,61,111,5736,1995,4078.0,1416248.0,2.325385,-2.2238189999999998,DEU,ITA,251710
5031970,64,111,5736,1995,8246.0,104070.0,1.3800270000000001,1.489036,DNK,ITA,251710
5031971,66,111,5736,1995,0.0,46023.0,-0.555409,-1.037972,DZA,ITA,251710
5031972,68,111,5736,1995,0.0,24545.0,-0.340042,-0.085601,EGY,ITA,251710
5031973,71,111,5736,1995,31274.0,129794.0,1.144247,1.933844,ESP,ITA,251710
5031974,77,111,5736,1995,1371246.0,138554.0,1.768484,0.765537,FRA,ITA,251710
5031975,81,111,5736,1995,0.0,29382.0,1.8656979999999999,1.107121,GBR,ITA,251710
5031976,90,111,5736,1995,0.0,1289.0,0.17369,0.885756,GRC,ITA,251710
5031977,100,111,5736,1995,3003558.0,16344.0,0.75325,1.395715,HRV,ITA,251710
5031978,102,111,5736,1995,0.0,1203.0,0.878711,1.8200060000000002,HUN,ITA,251710
5031979,103,111,5736,1995,9214.0,28984.0,-0.391727,1.174727,IDN,ITA,251710
5031980,104,111,5736,1995,9677.0,0.0,0.156183,1.9617380000000002,IND,ITA,251710
5031981,110,111,5736,1995,0.0,7879.0,1.205368,1.189434,ISR,ITA,251710
5031982,113,111,5736,1995,0.0,10427.0,0.666542,0.326785,JOR,ITA,251710
5031983,114,111,5736,1995,0.0,11899.0,2.56822,0.927307,JPN,ITA,251710
5031984,116,111,5736,1995,7432.0,0.0,-0.303773,0.111305,KEN,ITA,251710
5031985,138,111,5736,1995,0.0,12109.0,0.6414300000000001,0.9697520000000001,MEX,ITA,251710
5031986,142,111,5736,1995,0.0,1511.0,0.842519,0.11882899999999999,MLT,ITA,251710
5031987,153,111,5736,1995,0.0,236970.0,0.357745,0.374284,MYS,ITA,251710
5031988,162,111,5736,1995,2299.0,1518056.0,1.304391,1.8819119999999998,NLD,ITA,251710
5031989,163,111,5736,1995,0.0,113061.0,1.019741,0.394241,NOR,ITA,251710
5031990,168,111,5736,1995,0.0,40825.0,-0.707965,-0.324784,PAK,ITA,251710
5031991,177,111,5736,1995,0.0,15685.0,0.76393,1.802648,POL,ITA,251710
5031992,179,111,5736,1995,0.0,34122.0,0.412677,1.254009,PRT,ITA,251710
5031993,186,111,5736,1995,0.0,50957.0,0.364437,0.171494,RUS,ITA,251710
5031994,188,111,5736,1995,0.0,25439.0,0.401573,-0.6676529999999999,SAU,ITA,251710
5031995,207,111,5736,1995,87949.0,16644.0,1.424606,1.490521,SVN,ITA,251710
5031996,208,111,5736,1995,0.0,11658.0,2.246997,1.060171,SWE,ITA,251710
5031997,216,111,5736,1995,0.0,3897.0,0.174522,1.608058,THA,ITA,251710
5031998,217,111,5736,1995,4061.0,0.0,0.0068189999999999995,-0.7594350000000001,TJK,ITA,251710
5031999,223,111,5736,1995,0.0,3626.0,-0.253792,-0.044331,TUN,ITA,251710
5032000,224,111,5736,1995,277090.0,0.0,0.166794,1.209066,TUR,ITA,251710
5032001,231,111,5736,1995,331533.0,13030.0,1.771648,1.184,USA,ITA,251710
5032002,249,111,5736,1995,5349.0,0.0,1.345205,1.9337389999999999,TWN,ITA,251710
5032003,43,121,5736,1995,63871.0,0.0,0.387897,3.2147919999999996,CHN,KOR,251710
5032004,61,121,5736,1995,670111.0,0.0,2.325385,-2.2238189999999998,DEU,KOR,251710
5032005,71,121,5736,1995,5278.0,0.0,1.144247,1.933844,ESP,KOR,251710
5032006,77,121,5736,1995,591387.0,0.0,1.768484,0.765537,FRA,KOR,251710
5032007,103,121,5736,1995,0.0,1715.0,-0.391727,1.174727,IDN,KOR,251710
5032008,114,121,5736,1995,25118.0,75403.0,2.56822,0.927307,JPN,KOR,251710
5032009,153,121,5736,1995,75315.0,483214.0,0.357745,0.374284,MYS,KOR,251710
5032010,166,121,5736,1995,3457.0,0.0,0.5558270000000001,0.773271,NZL,KOR,251710
5032011,174,121,5736,1995,210038.0,0.0,-0.480548,0.076564,PHL,KOR,251710
5032012,176,121,5736,1995,2203.0,0.0,-2.387352,-1.200933,PNG,KOR,251710
5032013,192,121,5736,1995,33913.0,0.0,0.747684,0.4745,SGP,KOR,251710
5032014,231,121,5736,1995,49774.0,0.0,1.771648,1.184,USA,KOR,251710
5032015,39,138,5736,1995,0.0,2266.0,1.077804,1.0724200000000002,CAN,MEX,251710
5032016,43,138,5736,1995,2912.0,0.0,0.387897,3.2147919999999996,CHN,MEX,251710
5032017,77,138,5736,1995,3376.0,0.0,1.768484,0.765537,FRA,MEX,251710
5032018,99,138,5736,1995,0.0,2502.0,-0.765536,-0.668834,HND,MEX,251710
5032019,111,138,5736,1995,12109.0,0.0,1.503379,1.449094,ITA,MEX,251710
5032020,114,138,5736,1995,1585.0,0.0,2.56822,0.927307,JPN,MEX,251710
5032021,169,138,5736,1995,0.0,1603.0,-0.019815,0.050906,PAN,MEX,251710
5032022,192,138,5736,1995,2281.0,0.0,0.747684,0.4745,SGP,MEX,251710
5032023,231,138,5736,1995,2883750.0,45161040.0,1.771648,1.184,USA,MEX,251710
5032024,6,150,5736,1995,0.0,8239.0,-0.020759,-0.653863,ANT,MTQ,251710
5032025,77,150,5736,1995,9237.0,0.0,1.768484,0.765537,FRA,MTQ,251710
5032026,86,150,5736,1995,0.0,255347.0,0.563491,-0.18852,GLP,MTQ,251710
5032027,127,150,5736,1995,0.0,6171.0,0.194177,-0.359444,LCA,MTQ,251710
5032028,222,150,5736,1995,5080.0,0.0,0.254658,-0.496058,TTO,MTQ,251710
5032029,234,150,5736,1995,0.0,70360.0,-0.369315,-0.751156,VCT,MTQ,251710
5032030,14,153,5736,1995,12150.0,0.0,0.44442,0.789292,AUS,MYS,251710
5032031,18,153,5736,1995,0.0,5367.0,1.615588,1.394102,BEL,MYS,251710
5032032,34,153,5736,1995,0.0,13006388.0,-0.979701,-0.85456,BRN,MYS,251710
5032033,43,153,5736,1995,30391.0,0.0,0.387897,3.2147919999999996,CHN,MYS,251710
5032034,61,153,5736,1995,64494.0,0.0,2.325385,-2.2238189999999998,DEU,MYS,251710
5032035,77,153,5736,1995,225406.0,0.0,1.768484,0.765537,FRA,MYS,251710
5032036,81,153,5736,1995,2214.0,0.0,1.8656979999999999,1.107121,GBR,MYS,251710
5032037,103,153,5736,1995,3296.0,130649.0,-0.391727,1.174727,IDN,MYS,251710
5032038,104,153,5736,1995,3727.0,0.0,0.156183,1.9617380000000002,IND,MYS,251710
5032039,111,153,5736,1995,236970.0,0.0,1.503379,1.449094,ITA,MYS,251710
5032040,114,153,5736,1995,41242.0,0.0,2.56822,0.927307,JPN,MYS,251710
5032041,121,153,5736,1995,483214.0,75315.0,0.845175,1.2761799999999999,KOR,MYS,251710
5032042,128,153,5736,1995,0.0,29311.0,-0.8358030000000001,-0.29397199999999996,LKA,MYS,251710
5032043,135,153,5736,1995,0.0,33223.0,0.394058,0.124474,MDA,MYS,251710
5032044,137,153,5736,1995,0.0,49763.0,-1.258938,-0.9818629999999999,MDV,MYS,251710
5032045,151,153,5736,1995,0.0,3915.0,-0.432644,-0.574298,MUS,MYS,251710
5032046,174,153,5736,1995,223916.0,0.0,-0.480548,0.076564,PHL,MYS,251710
5032047,192,153,5736,1995,97144.0,8961125.0,0.747684,0.4745,SGP,MYS,251710
5032048,196,153,5736,1995,0.0,3335.0,-0.176843,-0.565979,SLE,MYS,251710
5032049,231,153,5736,1995,36682.0,0.0,1.771648,1.184,USA,MYS,251710
5032050,246,153,5736,1995,1356.0,0.0,0.468112,1.039817,ZAF,MYS,251710
5032051,249,153,5736,1995,565795.0,0.0,1.345205,1.9337389999999999,TWN,MYS,251710
5032052,6,162,5736,1995,0.0,7992.0,-0.020759,-0.653863,ANT,NLD,251710
5032053,14,162,5736,1995,3232.0,0.0,0.44442,0.789292,AUS,NLD,251710
5032054,15,162,5736,1995,1428.0,8448.0,2.000295,0.661255,AUT,NLD,251710
5032055,18,162,5736,1995,69297896.0,9721684.0,1.615588,1.394102,BEL,NLD,251710
5032056,41,162,5736,1995,20057.0,65959.0,2.1893029999999998,0.82765,CHE,NLD,251710
5032057,59,162,5736,1995,0.0,10704.0,1.375091,1.628069,CZE,NLD,251710
5032058,61,162,5736,1995,92677296.0,8867558.0,2.325385,-2.2238189999999998,DEU,NLD,251710
5032059,64,162,5736,1995,56070.0,2588.0,1.3800270000000001,1.489036,DNK,NLD,251710
5032060,71,162,5736,1995,2476.0,3700.0,1.144247,1.933844,ESP,NLD,251710
5032061,74,162,5736,1995,31667.0,15054.0,2.0085740000000003,1.126816,FIN,NLD,251710
5032062,77,162,5736,1995,12013351.0,1703904.0,1.768484,0.765537,FRA,NLD,251710
5032063,81,162,5736,1995,23331268.0,601313.0,1.8656979999999999,1.107121,GBR,NLD,251710
5032064,90,162,5736,1995,14734.0,0.0,0.17369,0.885756,GRC,NLD,251710
5032065,102,162,5736,1995,0.0,1748.0,0.878711,1.8200060000000002,HUN,NLD,251710
5032066,106,162,5736,1995,192488.0,29445.0,1.349192,0.992099,IRL,NLD,251710
5032067,109,162,5736,1995,1703.0,13010.0,0.161331,-0.45210100000000003,ISL,NLD,251710
5032068,111,162,5736,1995,1518056.0,2299.0,1.503379,1.449094,ITA,NLD,251710
5032069,163,162,5736,1995,1398338.0,8797.0,1.019741,0.394241,NOR,NLD,251710
5032070,174,162,5736,1995,134960.0,0.0,-0.480548,0.076564,PHL,NLD,251710
5032071,177,162,5736,1995,3134.0,51537.0,0.76393,1.802648,POL,NLD,251710
5032072,179,162,5736,1995,26270.0,2610.0,0.412677,1.254009,PRT,NLD,251710
5032073,188,162,5736,1995,0.0,27933.0,0.401573,-0.6676529999999999,SAU,NLD,251710
5032074,208,162,5736,1995,38656.0,4682.0,2.246997,1.060171,SWE,NLD,251710
5032075,224,162,5736,1995,31570.0,0.0,0.166794,1.209066,TUR,NLD,251710
5032076,226,162,5736,1995,107843.0,0.0,-1.219949,-0.8698969999999999,TZA,NLD,251710
5032077,231,162,5736,1995,41477.0,0.0,1.771648,1.184,USA,NLD,251710
5032078,250,162,5736,1995,1592.0,16254.0,1.034518,0.9735149999999999,ANS,NLD,251710
5032079,15,163,5736,1995,26227.0,0.0,2.000295,0.661255,AUT,NOR,251710
5032080,18,163,5736,1995,0.0,24592.0,1.615588,1.394102,BEL,NOR,251710
5032081,61,163,5736,1995,14282.0,8198542.0,2.325385,-2.2238189999999998,DEU,NOR,251710
5032082,64,163,5736,1995,151363.0,11556339.0,1.3800270000000001,1.489036,DNK,NOR,251710
5032083,71,163,5736,1995,12088.0,0.0,1.144247,1.933844,ESP,NOR,251710
5032084,74,163,5736,1995,47754.0,814125.0,2.0085740000000003,1.126816,FIN,NOR,251710
5032085,77,163,5736,1995,0.0,1799434.0,1.768484,0.765537,FRA,NOR,251710
5032086,78,163,5736,1995,0.0,62036.0,-0.8247260000000001,-0.791759,FRO,NOR,251710
5032087,81,163,5736,1995,21479.0,4236432.0,1.8656979999999999,1.107121,GBR,NOR,251710
5032088,109,163,5736,1995,0.0,186981.0,0.161331,-0.45210100000000003,ISL,NOR,251710
5032089,111,163,5736,1995,113061.0,0.0,1.503379,1.449094,ITA,NOR,251710
5032090,162,163,5736,1995,8797.0,1398338.0,1.304391,1.8819119999999998,NLD,NOR,251710
5032091,177,163,5736,1995,0.0,48369.0,0.76393,1.802648,POL,NOR,251710
5032092,208,163,5736,1995,1020542.0,124481.0,2.246997,1.060171,SWE,NOR,251710
5032093,138,169,5736,1995,1603.0,0.0,0.6414300000000001,0.9697520000000001,MEX,PAN,251710
5032094,231,169,5736,1995,25565.0,4537.0,1.771648,1.184,USA,PAN,251710
5032095,49,173,5736,1995,0.0,49051.0,0.094335,0.13047999999999998,COL,PER,251710
5032096,231,173,5736,1995,16491.0,1952.0,1.771648,1.184,USA,PER,251710
5032097,18,177,5736,1995,35565.0,944.0,1.615588,1.394102,BEL,POL,251710
5032098,28,177,5736,1995,172584.0,0.0,0.5290279999999999,0.27031700000000003,BLR,POL,251710
5032099,59,177,5736,1995,5308.0,340987.0,1.375091,1.628069,CZE,POL,251710
5032100,61,177,5736,1995,45502.0,48352312.0,2.325385,-2.2238189999999998,DEU,POL,251710
5032101,64,177,5736,1995,8030.0,0.0,1.3800270000000001,1.489036,DNK,POL,251710
5032102,74,177,5736,1995,25324.0,8658.0,2.0085740000000003,1.126816,FIN,POL,251710
5032103,77,177,5736,1995,210172.0,0.0,1.768484,0.765537,FRA,POL,251710
5032104,81,177,5736,1995,457266.0,0.0,1.8656979999999999,1.107121,GBR,POL,251710
5032105,111,177,5736,1995,15685.0,0.0,1.503379,1.449094,ITA,POL,251710
5032106,162,177,5736,1995,51537.0,3134.0,1.304391,1.8819119999999998,NLD,POL,251710
5032107,163,177,5736,1995,48369.0,0.0,1.019741,0.394241,NOR,POL,251710
5032108,206,177,5736,1995,11390.0,0.0,1.2249780000000001,1.405585,SVK,POL,251710
5032109,208,177,5736,1995,72755.0,0.0,2.246997,1.060171,SWE,POL,251710
5032110,228,177,5736,1995,170678.0,0.0,0.428875,0.20489899999999997,UKR,POL,251710
5032111,250,177,5736,1995,634802.0,341221.0,1.034518,0.9735149999999999,ANS,POL,251710
5032112,5,179,5736,1995,0.0,1074.0,1.126269,0.577384,AND,PRT,251710
5032113,14,179,5736,1995,21578.0,0.0,0.44442,0.789292,AUS,PRT,251710
5032114,18,179,5736,1995,14098.0,64872.0,1.615588,1.394102,BEL,PRT,251710
5032115,61,179,5736,1995,0.0,11389.0,2.325385,-2.2238189999999998,DEU,PRT,251710
5032116,71,179,5736,1995,1202099.0,17187.0,1.144247,1.933844,ESP,PRT,251710
5032117,77,179,5736,1995,261385.0,2549.0,1.768484,0.765537,FRA,PRT,251710
5032118,81,179,5736,1995,3035.0,0.0,1.8656979999999999,1.107121,GBR,PRT,251710
5032119,106,179,5736,1995,0.0,57160.0,1.349192,0.992099,IRL,PRT,251710
5032120,111,179,5736,1995,34122.0,0.0,1.503379,1.449094,ITA,PRT,251710
5032121,133,179,5736,1995,0.0,56202.0,-0.149794,-0.26961799999999997,MAC,PRT,251710
5032122,162,179,5736,1995,2610.0,26270.0,1.304391,1.8819119999999998,NLD,PRT,251710
5032123,166,179,5736,1995,4277.0,0.0,0.5558270000000001,0.773271,NZL,PRT,251710
5032124,15,216,5736,1995,12108.0,0.0,2.000295,0.661255,AUT,THA,251710
5032125,18,216,5736,1995,1220.0,0.0,1.615588,1.394102,BEL,THA,251710
5032126,43,216,5736,1995,18476.0,0.0,0.387897,3.2147919999999996,CHN,THA,251710
5032127,61,216,5736,1995,4862.0,0.0,2.325385,-2.2238189999999998,DEU,THA,251710
5032128,77,216,5736,1995,391482.0,0.0,1.768484,0.765537,FRA,THA,251710
5032129,111,216,5736,1995,3897.0,0.0,1.503379,1.449094,ITA,THA,251710
5032130,123,216,5736,1995,131532.0,7014.0,-1.305146,-1.1964299999999999,LAO,THA,251710
5032131,143,216,5736,1995,1610.0,0.0,-1.5669309999999999,-1.124558,MMR,THA,251710
5032132,192,216,5736,1995,29069.0,0.0,0.747684,0.4745,SGP,THA,251710
5032133,208,216,5736,1995,1078.0,0.0,2.246997,1.060171,SWE,THA,251710
5032134,231,216,5736,1995,6879796.0,0.0,1.771648,1.184,USA,THA,251710
5032135,249,216,5736,1995,2047.0,0.0,1.345205,1.9337389999999999,TWN,THA,251710
5032136,81,222,5736,1995,7278.0,0.0,1.8656979999999999,1.107121,GBR,TTO,251710
5032137,150,222,5736,1995,0.0,5080.0,0.68423,-0.22968200000000003,MTQ,TTO,251710
5032138,0,231,5736,1995,0.0,5577.0,-0.502999,-0.713013,ABW,USA,251710
5032139,3,231,5736,1995,0.0,9012.0,1.39062,-0.102344,AIA,USA,251710
5032140,6,231,5736,1995,0.0,816938.0,-0.020759,-0.653863,ANT,USA,251710
5032141,8,231,5736,1995,0.0,433536.0,0.245885,0.5489850000000001,ARG,USA,251710
5032142,14,231,5736,1995,6554.0,110277.0,0.44442,0.789292,AUS,USA,251710
5032143,15,231,5736,1995,0.0,3912.0,2.000295,0.661255,AUT,USA,251710
5032144,18,231,5736,1995,26763.0,8791.0,1.615588,1.394102,BEL,USA,251710
5032145,23,231,5736,1995,0.0,12896.0,0.436138,1.086561,BGR,USA,251710
5032146,25,231,5736,1995,1657294.0,164432.0,0.501206,-0.32106799999999996,BHS,USA,251710
5032147,32,231,5736,1995,3310.0,3016.0,0.687171,1.188647,BRA,USA,251710
5032148,33,231,5736,1995,0.0,6413.0,1.055447,0.422738,BRB,USA,251710
5032149,39,231,5736,1995,20923696.0,9714148.0,1.077804,1.0724200000000002,CAN,USA,251710
5032150,41,231,5736,1995,1993.0,11023.0,2.1893029999999998,0.82765,CHE,USA,251710
5032151,42,231,5736,1995,0.0,619850.0,-0.073436,-0.192675,CHL,USA,251710
5032152,43,231,5736,1995,12998.0,3350.0,0.387897,3.2147919999999996,CHN,USA,251710
5032153,49,231,5736,1995,0.0,428004.0,0.094335,0.13047999999999998,COL,USA,251710
5032154,52,231,5736,1995,0.0,103079.0,-0.30094699999999996,-0.046285,CRI,USA,251710
5032155,61,231,5736,1995,987.0,45092.0,2.325385,-2.2238189999999998,DEU,USA,251710
5032156,63,231,5736,1995,28751.0,0.0,0.803902,0.307064,DMA,USA,251710
5032157,64,231,5736,1995,0.0,17149.0,1.3800270000000001,1.489036,DNK,USA,251710
5032158,65,231,5736,1995,19459.0,22797.0,-0.635482,-0.746526,DOM,USA,251710
5032159,71,231,5736,1995,3297.0,7297.0,1.144247,1.933844,ESP,USA,251710
5032160,74,231,5736,1995,0.0,4723.0,2.0085740000000003,1.126816,FIN,USA,251710
5032161,77,231,5736,1995,580219.0,238881.0,1.768484,0.765537,FRA,USA,251710
5032162,81,231,5736,1995,55531.0,156475.0,1.8656979999999999,1.107121,GBR,USA,251710
5032163,86,231,5736,1995,0.0,43109.0,0.563491,-0.18852,GLP,USA,251710
5032164,91,231,5736,1995,0.0,1859.0,0.15883699999999998,-0.514984,GRD,USA,251710
5032165,96,231,5736,1995,0.0,7811.0,-0.8856,-0.8413700000000001,GUY,USA,251710
5032166,97,231,5736,1995,0.0,172367.0,0.5244449999999999,2.682738,HKG,USA,251710
5032167,99,231,5736,1995,0.0,3704.0,-0.765536,-0.668834,HND,USA,251710
5032168,101,231,5736,1995,0.0,5092.0,-0.761827,-0.6020310000000001,HTI,USA,251710
5032169,103,231,5736,1995,53143.0,3041.0,-0.391727,1.174727,IDN,USA,251710
5032170,104,231,5736,1995,11371.0,0.0,0.156183,1.9617380000000002,IND,USA,251710
5032171,110,231,5736,1995,0.0,66691.0,1.205368,1.189434,ISR,USA,251710
5032172,111,231,5736,1995,13030.0,331533.0,1.503379,1.449094,ITA,USA,251710
5032173,112,231,5736,1995,2469234.0,2874.0,-0.873925,-0.952304,JAM,USA,251710
5032174,114,231,5736,1995,61274.0,138035.0,2.56822,0.927307,JPN,USA,251710
5032175,121,231,5736,1995,0.0,49774.0,0.845175,1.2761799999999999,KOR,USA,251710
5032176,124,231,5736,1995,0.0,5678.0,0.027416000000000003,0.327795,LBN,USA,251710
5032177,138,231,5736,1995,45161040.0,2883750.0,0.6414300000000001,0.9697520000000001,MEX,USA,251710
5032178,153,231,5736,1995,0.0,36682.0,0.357745,0.374284,MYS,USA,251710
5032179,162,231,5736,1995,0.0,41477.0,1.304391,1.8819119999999998,NLD,USA,251710
5032180,166,231,5736,1995,265915.0,0.0,0.5558270000000001,0.773271,NZL,USA,251710
5032181,169,231,5736,1995,4537.0,25565.0,-0.019815,0.050906,PAN,USA,251710
5032182,173,231,5736,1995,1952.0,16491.0,-0.263859,-0.21032800000000001,PER,USA,251710
5032183,174,231,5736,1995,15089.0,5690.0,-0.480548,0.076564,PHL,USA,251710
5032184,180,231,5736,1995,0.0,14726.0,-0.283544,-0.640898,PRY,USA,251710
5032185,185,231,5736,1995,0.0,36313.0,0.621468,1.038729,ROU,USA,251710
5032186,188,231,5736,1995,0.0,10405.0,0.401573,-0.6676529999999999,SAU,USA,251710
5032187,192,231,5736,1995,0.0,34826.0,0.747684,0.4745,SGP,USA,251710
5032188,197,231,5736,1995,0.0,3184.0,-0.17119600000000001,0.027889999999999998,SLV,USA,251710
5032189,208,231,5736,1995,22480.0,7309.0,2.246997,1.060171,SWE,USA,251710
5032190,213,231,5736,1995,0.0,17089.0,-0.23597100000000001,-0.665011,TCA,USA,251710
5032191,216,231,5736,1995,0.0,6879796.0,0.174522,1.608058,THA,USA,251710
5032192,224,231,5736,1995,0.0,1122.0,0.166794,1.209066,TUR,USA,251710
5032193,228,231,5736,1995,6509.0,0.0,0.428875,0.20489899999999997,UKR,USA,251710
5032194,230,231,5736,1995,0.0,127351.0,0.45133900000000005,0.50831,URY,USA,251710
5032195,236,231,5736,1995,0.0,139935.0,0.299294,-0.635474,VEN,USA,251710
5032196,237,231,5736,1995,21451.0,42809.0,0.799784,-0.287329,VGB,USA,251710
5032197,246,231,5736,1995,0.0,91171.0,0.468112,1.039817,ZAF,USA,251710
5032198,249,231,5736,1995,0.0,293134.0,1.345205,1.9337389999999999,TWN,USA,251710
5032199,18,14,5736,1995,13453.0,0.0,1.615588,1.394102,BEL,AUS,251710
5032200,34,14,5736,1995,0.0,1575.0,-0.979701,-0.85456,BRN,AUS,251710
5032201,43,14,5736,1995,0.0,1955.0,0.387897,3.2147919999999996,CHN,AUS,251710
5032202,61,14,5736,1995,1208281.0,0.0,2.325385,-2.2238189999999998,DEU,AUS,251710
5032203,71,14,5736,1995,4817.0,0.0,1.144247,1.933844,ESP,AUS,251710
5032204,75,14,5736,1995,0.0,1656.0,-0.998257,-0.9565629999999999,FJI,AUS,251710
5032205,77,14,5736,1995,15730.0,0.0,1.768484,0.765537,FRA,AUS,251710
5032206,81,14,5736,1995,0.0,1172.0,1.8656979999999999,1.107121,GBR,AUS,251710
5032207,97,14,5736,1995,0.0,6725.0,0.5244449999999999,2.682738,HKG,AUS,251710
5032208,103,14,5736,1995,0.0,1760.0,-0.391727,1.174727,IDN,AUS,251710
5032209,104,14,5736,1995,10513.0,0.0,0.156183,1.9617380000000002,IND,AUS,251710
5032210,153,14,5736,1995,0.0,12150.0,0.357745,0.374284,MYS,AUS,251710
5032211,162,14,5736,1995,0.0,3232.0,1.304391,1.8819119999999998,NLD,AUS,251710
5032212,166,14,5736,1995,70449.0,6401.0,0.5558270000000001,0.773271,NZL,AUS,251710
5032213,174,14,5736,1995,1167.0,0.0,-0.480548,0.076564,PHL,AUS,251710
5032214,176,14,5736,1995,0.0,3267.0,-2.387352,-1.200933,PNG,AUS,251710
5032215,179,14,5736,1995,0.0,21578.0,0.412677,1.254009,PRT,AUS,251710
5032216,192,14,5736,1995,0.0,18958.0,0.747684,0.4745,SGP,AUS,251710
5032217,221,14,5736,1995,0.0,11823.0,-0.9463799999999999,-0.845484,TON,AUS,251710
5032218,231,14,5736,1995,110277.0,6554.0,1.771648,1.184,USA,AUS,251710
5032219,249,14,5736,1995,1190.0,0.0,1.345205,1.9337389999999999,TWN,AUS,251710
5032220,35,22,5736,1995,23672.0,0.0,0.10779000000000001,-0.609193,BTN,BGD,251710
5032221,77,22,5736,1995,14611.0,0.0,1.768484,0.765537,FRA,BGD,251710
5032222,104,22,5736,1995,4886231.0,0.0,0.156183,1.9617380000000002,IND,BGD,251710
5032223,114,22,5736,1995,16708.0,0.0,2.56822,0.927307,JPN,BGD,251710
5032224,168,22,5736,1995,6803.0,0.0,-0.707965,-0.324784,PAK,BGD,251710
5032225,250,22,5736,1995,2663.0,0.0,1.034518,0.9735149999999999,ANS,BGD,251710
5032226,6,39,5736,1995,0.0,637052.0,-0.020759,-0.653863,ANT,CAN,251710
5032227,18,39,5736,1995,2618.0,0.0,1.615588,1.394102,BEL,CAN,251710
5032228,30,39,5736,1995,0.0,117119.0,0.897532,-0.394633,BMU,CAN,251710
5032229,61,39,5736,1995,2172.0,2470.0,2.325385,-2.2238189999999998,DEU,CAN,251710
5032230,77,39,5736,1995,3297.0,75051.0,1.768484,0.765537,FRA,CAN,251710
5032231,81,39,5736,1995,28083.0,0.0,1.8656979999999999,1.107121,GBR,CAN,251710
5032232,91,39,5736,1995,0.0,208941.0,0.15883699999999998,-0.514984,GRD,CAN,251710
5032233,97,39,5736,1995,0.0,7209.0,0.5244449999999999,2.682738,HKG,CAN,251710
5032234,103,39,5736,1995,7363.0,0.0,-0.391727,1.174727,IDN,CAN,251710
5032235,138,39,5736,1995,2266.0,0.0,0.6414300000000001,0.9697520000000001,MEX,CAN,251710
5032236,174,39,5736,1995,1878.0,0.0,-0.480548,0.076564,PHL,CAN,251710
5032237,231,39,5736,1995,9714148.0,20923696.0,1.771648,1.184,USA,CAN,251710
5032238,15,41,5736,1995,4609776.0,122186.0,2.000295,0.661255,AUT,CHE,251710
5032239,18,41,5736,1995,1365.0,2212.0,1.615588,1.394102,BEL,CHE,251710
5032240,61,41,5736,1995,10341902.0,450455.0,2.325385,-2.2238189999999998,DEU,CHE,251710
5032241,64,41,5736,1995,4340.0,0.0,1.3800270000000001,1.489036,DNK,CHE,251710
5032242,77,41,5736,1995,30475310.0,101151.0,1.768484,0.765537,FRA,CHE,251710
5032243,109,41,5736,1995,22460.0,0.0,0.161331,-0.45210100000000003,ISL,CHE,251710
5032244,111,41,5736,1995,2246150.0,12355.0,1.503379,1.449094,ITA,CHE,251710
5032245,162,41,5736,1995,65959.0,20057.0,1.304391,1.8819119999999998,NLD,CHE,251710
5032246,208,41,5736,1995,1145.0,0.0,2.246997,1.060171,SWE,CHE,251710
5032247,231,41,5736,1995,11023.0,1993.0,1.771648,1.184,USA,CHE,251710
5032248,8,42,5736,1995,0.0,3711.0,0.245885,0.5489850000000001,ARG,CHL,251710
5032249,77,42,5736,1995,5786.0,0.0,1.768484,0.765537,FRA,CHL,251710
5032250,231,42,5736,1995,619850.0,0.0,1.771648,1.184,USA,CHL,251710
5032251,15,59,5736,1995,1800.0,1379367.0,2.000295,0.661255,AUT,CZE,251710
5032252,18,59,5736,1995,8485.0,0.0,1.615588,1.394102,BEL,CZE,251710
5032253,43,59,5736,1995,6851.0,0.0,0.387897,3.2147919999999996,CHN,CZE,251710
5032254,61,59,5736,1995,84607.0,11016060.0,2.325385,-2.2238189999999998,DEU,CZE,251710
5032255,64,59,5736,1995,17000.0,0.0,1.3800270000000001,1.489036,DNK,CZE,251710
5032256,72,59,5736,1995,0.0,2906.0,0.530041,1.134288,EST,CZE,251710
5032257,77,59,5736,1995,119757.0,465619.0,1.768484,0.765537,FRA,CZE,251710
5032258,102,59,5736,1995,919.0,0.0,0.878711,1.8200060000000002,HUN,CZE,251710
5032259,111,59,5736,1995,1083.0,0.0,1.503379,1.449094,ITA,CZE,251710
5032260,162,59,5736,1995,10704.0,0.0,1.304391,1.8819119999999998,NLD,CZE,251710
5032261,177,59,5736,1995,340987.0,5308.0,0.76393,1.802648,POL,CZE,251710
5032262,206,59,5736,1995,222060.0,220544.0,1.2249780000000001,1.405585,SVK,CZE,251710
5032263,61,68,5736,1995,27632.0,0.0,2.325385,-2.2238189999999998,DEU,EGY,251710
5032264,77,68,5736,1995,101517.0,0.0,1.768484,0.765537,FRA,EGY,251710
5032265,110,68,5736,1995,0.0,48568.0,1.205368,1.189434,ISR,EGY,251710
5032266,111,68,5736,1995,24545.0,0.0,1.503379,1.449094,ITA,EGY,251710
5032267,114,68,5736,1995,0.0,2646.0,2.56822,0.927307,JPN,EGY,251710
5032268,124,68,5736,1995,0.0,15456.0,0.027416000000000003,0.327795,LBN,EGY,251710
5032269,188,68,5736,1995,0.0,1130.0,0.401573,-0.6676529999999999,SAU,EGY,251710
5032270,28,72,5736,1995,170182.0,0.0,0.5290279999999999,0.27031700000000003,BLR,EST,251710
5032271,59,72,5736,1995,2906.0,0.0,1.375091,1.628069,CZE,EST,251710
5032272,74,72,5736,1995,2204532.0,72105.0,2.0085740000000003,1.126816,FIN,EST,251710
5032273,132,72,5736,1995,0.0,93251.0,0.25453400000000004,0.174809,LVA,EST,251710
5032274,186,72,5736,1995,1121419.0,4628.0,0.364437,0.171494,RUS,EST,251710
5032275,228,72,5736,1995,2800.0,0.0,0.428875,0.20489899999999997,UKR,EST,251710
5032276,14,103,5736,1995,1760.0,0.0,0.44442,0.789292,AUS,IDN,251710
5032277,18,103,5736,1995,1296.0,0.0,1.615588,1.394102,BEL,IDN,251710
5032278,39,103,5736,1995,0.0,7363.0,1.077804,1.0724200000000002,CAN,IDN,251710
5032279,43,103,5736,1995,19920.0,0.0,0.387897,3.2147919999999996,CHN,IDN,251710
5032280,61,103,5736,1995,6987.0,0.0,2.325385,-2.2238189999999998,DEU,IDN,251710
5032281,77,103,5736,1995,719009.0,0.0,1.768484,0.765537,FRA,IDN,251710
5032282,81,103,5736,1995,2252.0,0.0,1.8656979999999999,1.107121,GBR,IDN,251710
5032283,111,103,5736,1995,28984.0,9214.0,1.503379,1.449094,ITA,IDN,251710
5032284,114,103,5736,1995,1245.0,552876.0,2.56822,0.927307,JPN,IDN,251710
5032285,121,103,5736,1995,1715.0,0.0,0.845175,1.2761799999999999,KOR,IDN,251710
5032286,153,103,5736,1995,130649.0,3296.0,0.357745,0.374284,MYS,IDN,251710
5032287,166,103,5736,1995,25950.0,0.0,0.5558270000000001,0.773271,NZL,IDN,251710
5032288,174,103,5736,1995,0.0,2535.0,-0.480548,0.076564,PHL,IDN,251710
5032289,192,103,5736,1995,23697.0,5381.0,0.747684,0.4745,SGP,IDN,251710
5032290,224,103,5736,1995,4808.0,0.0,0.166794,1.209066,TUR,IDN,251710
5032291,231,103,5736,1995,3041.0,53143.0,1.771648,1.184,USA,IDN,251710
5032292,243,103,5736,1995,3728.0,0.0,-1.302346,-1.135961,YEM,IDN,251710
5032293,249,103,5736,1995,0.0,2790.0,1.345205,1.9337389999999999,TWN,IDN,251710
5032294,7,104,5736,1995,0.0,25148.0,-0.205166,-0.6132380000000001,ARE,IND,251710
5032295,14,104,5736,1995,0.0,10513.0,0.44442,0.789292,AUS,IND,251710
5032296,18,104,5736,1995,0.0,39575.0,1.615588,1.394102,BEL,IND,251710
5032297,22,104,5736,1995,0.0,4886231.0,-1.037175,-0.983195,BGD,IND,251710
5032298,24,104,5736,1995,0.0,8045.0,-0.239166,-0.8627950000000001,BHR,IND,251710
5032299,43,104,5736,1995,11479.0,36518.0,0.387897,3.2147919999999996,CHN,IND,251710
5032300,61,104,5736,1995,0.0,11874.0,2.325385,-2.2238189999999998,DEU,IND,251710
5032301,64,104,5736,1995,0.0,14742.0,1.3800270000000001,1.489036,DNK,IND,251710
5032302,81,104,5736,1995,72685.0,3103.0,1.8656979999999999,1.107121,GBR,IND,251710
5032303,111,104,5736,1995,0.0,9677.0,1.503379,1.449094,ITA,IND,251710
5032304,114,104,5736,1995,0.0,5176.0,2.56822,0.927307,JPN,IND,251710
5032305,128,104,5736,1995,0.0,12088.0,-0.8358030000000001,-0.29397199999999996,LKA,IND,251710
5032306,137,104,5736,1995,0.0,37193.0,-1.258938,-0.9818629999999999,MDV,IND,251710
5032307,153,104,5736,1995,0.0,3727.0,0.357745,0.374284,MYS,IND,251710
5032308,164,104,5736,1995,0.0,36786.0,-0.779984,-0.7621479999999999,NPL,IND,251710
5032309,167,104,5736,1995,0.0,2197.0,-0.328853,-0.946069,OMN,IND,251710
5032310,185,104,5736,1995,0.0,10965.0,0.621468,1.038729,ROU,IND,251710
5032311,188,104,5736,1995,0.0,7850.0,0.401573,-0.6676529999999999,SAU,IND,251710
5032312,192,104,5736,1995,0.0,14524.0,0.747684,0.4745,SGP,IND,251710
5032313,231,104,5736,1995,0.0,11371.0,1.771648,1.184,USA,IND,251710
5032314,249,104,5736,1995,0.0,3129.0,1.345205,1.9337389999999999,TWN,IND,251710
5032315,7,113,5736,1995,0.0,3956.0,-0.205166,-0.6132380000000001,ARE,JOR,251710
5032316,24,113,5736,1995,0.0,6842.0,-0.239166,-0.8627950000000001,BHR,JOR,251710
5032317,71,113,5736,1995,10435.0,0.0,1.144247,1.933844,ESP,JOR,251710
5032318,81,113,5736,1995,1800.0,0.0,1.8656979999999999,1.107121,GBR,JOR,251710
5032319,111,113,5736,1995,10427.0,0.0,1.503379,1.449094,ITA,JOR,251710
5032320,124,113,5736,1995,0.0,100458.0,0.027416000000000003,0.327795,LBN,JOR,251710
5032321,188,113,5736,1995,24566.0,156503.0,0.401573,-0.6676529999999999,SAU,JOR,251710
5032322,212,113,5736,1995,2070.0,0.0,-0.8829469999999999,-0.809407,SYR,JOR,251710
5032323,224,113,5736,1995,6516.0,0.0,0.166794,1.209066,TUR,JOR,251710
5032324,22,114,5736,1995,0.0,16708.0,-1.037175,-0.983195,BGD,JPN,251710
5032325,43,114,5736,1995,1348538.0,56220.0,0.387897,3.2147919999999996,CHN,JPN,251710
5032326,68,114,5736,1995,2646.0,0.0,-0.340042,-0.085601,EGY,JPN,251710
5032327,77,114,5736,1995,811878.0,0.0,1.768484,0.765537,FRA,JPN,251710
5032328,81,114,5736,1995,126048.0,0.0,1.8656979999999999,1.107121,GBR,JPN,251710
5032329,97,114,5736,1995,19082.0,12276.0,0.5244449999999999,2.682738,HKG,JPN,251710
5032330,103,114,5736,1995,552876.0,1245.0,-0.391727,1.174727,IDN,JPN,251710
5032331,104,114,5736,1995,5176.0,0.0,0.156183,1.9617380000000002,IND,JPN,251710
5032332,111,114,5736,1995,11899.0,0.0,1.503379,1.449094,ITA,JPN,251710
5032333,121,114,5736,1995,75403.0,25118.0,0.845175,1.2761799999999999,KOR,JPN,251710
5032334,128,114,5736,1995,0.0,20303.0,-0.8358030000000001,-0.29397199999999996,LKA,JPN,251710
5032335,137,114,5736,1995,0.0,114459.0,-1.258938,-0.9818629999999999,MDV,JPN,251710
5032336,138,114,5736,1995,0.0,1585.0,0.6414300000000001,0.9697520000000001,MEX,JPN,251710
5032337,140,114,5736,1995,24755.0,0.0,0.34174,0.648467,MKD,JPN,251710
5032338,153,114,5736,1995,0.0,41242.0,0.357745,0.374284,MYS,JPN,251710
5032339,166,114,5736,1995,44597.0,0.0,0.5558270000000001,0.773271,NZL,JPN,251710
5032340,174,114,5736,1995,4128324.0,0.0,-0.480548,0.076564,PHL,JPN,251710
5032341,178,114,5736,1995,335950.0,0.0,0.46509799999999996,0.645496,PRK,JPN,251710
5032342,192,114,5736,1995,3779.0,3349.0,0.747684,0.4745,SGP,JPN,251710
5032343,224,114,5736,1995,3777.0,0.0,0.166794,1.209066,TUR,JPN,251710
5032344,231,114,5736,1995,138035.0,61274.0,1.771648,1.184,USA,JPN,251710
5032345,249,114,5736,1995,9208890.0,90932.0,1.345205,1.9337389999999999,TWN,JPN,251710
5032346,115,117,5736,1995,205709.0,5966.0,0.280262,-0.285508,KAZ,KGZ,251710
5032347,217,117,5736,1995,124704.0,0.0,0.0068189999999999995,-0.7594350000000001,TJK,KGZ,251710
5032348,219,117,5736,1995,19161.0,0.0,-0.882984,-1.088854,TKM,KGZ,251710
5032349,232,117,5736,1995,4701.0,1519.0,-0.29740900000000003,-0.9456190000000001,UZB,KGZ,251710
5032350,28,132,5736,1995,224656.0,0.0,0.5290279999999999,0.27031700000000003,BLR,LVA,251710
5032351,61,132,5736,1995,0.0,1241588.0,2.325385,-2.2238189999999998,DEU,LVA,251710
5032352,64,132,5736,1995,0.0,15493.0,1.3800270000000001,1.489036,DNK,LVA,251710
5032353,72,132,5736,1995,93251.0,0.0,0.530041,1.134288,EST,LVA,251710
5032354,81,132,5736,1995,1343.0,0.0,1.8656979999999999,1.107121,GBR,LVA,251710
5032355,130,132,5736,1995,208744.0,2231.0,0.41220500000000004,0.966966,LTU,LVA,251710
5032356,208,132,5736,1995,10866.0,0.0,2.246997,1.060171,SWE,LVA,251710
5032357,18,142,5736,1995,2040.0,0.0,1.615588,1.394102,BEL,MLT,251710
5032358,81,142,5736,1995,1295.0,0.0,1.8656979999999999,1.107121,GBR,MLT,251710
5032359,111,142,5736,1995,1511.0,0.0,1.503379,1.449094,ITA,MLT,251710
5032360,14,166,5736,1995,6401.0,70449.0,0.44442,0.789292,AUS,NZL,251710
5032361,75,166,5736,1995,2101.0,0.0,-0.998257,-0.9565629999999999,FJI,NZL,251710
5032362,81,166,5736,1995,8112.0,0.0,1.8656979999999999,1.107121,GBR,NZL,251710
5032363,103,166,5736,1995,0.0,25950.0,-0.391727,1.174727,IDN,NZL,251710
5032364,114,166,5736,1995,0.0,44597.0,2.56822,0.927307,JPN,NZL,251710
5032365,121,166,5736,1995,0.0,3457.0,0.845175,1.2761799999999999,KOR,NZL,251710
5032366,179,166,5736,1995,0.0,4277.0,0.412677,1.254009,PRT,NZL,251710
5032367,192,166,5736,1995,0.0,985.0,0.747684,0.4745,SGP,NZL,251710
5032368,231,166,5736,1995,0.0,265915.0,1.771648,1.184,USA,NZL,251710
5032369,7,167,5736,1995,84976.0,487303.0,-0.205166,-0.6132380000000001,ARE,OMN,251710
5032370,104,167,5736,1995,2197.0,0.0,0.156183,1.9617380000000002,IND,OMN,251710
5032371,107,167,5736,1995,859597.0,0.0,-0.821991,-1.071013,IRN,OMN,251710
5032372,183,167,5736,1995,0.0,2657.0,-0.721352,-1.0827799999999999,QAT,OMN,251710
5032373,188,167,5736,1995,1398.0,21536.0,0.401573,-0.6676529999999999,SAU,OMN,251710
5032374,250,167,5736,1995,0.0,1227.0,1.034518,0.9735149999999999,ANS,OMN,251710
5032375,15,185,5736,1995,10553.0,0.0,2.000295,0.661255,AUT,ROU,251710
5032376,18,185,5736,1995,1388.0,0.0,1.615588,1.394102,BEL,ROU,251710
5032377,23,185,5736,1995,12000.0,0.0,0.436138,1.086561,BGR,ROU,251710
5032378,61,185,5736,1995,9936.0,0.0,2.325385,-2.2238189999999998,DEU,ROU,251710
5032379,77,185,5736,1995,10089.0,1292.0,1.768484,0.765537,FRA,ROU,251710
5032380,81,185,5736,1995,4606.0,0.0,1.8656979999999999,1.107121,GBR,ROU,251710
5032381,90,185,5736,1995,85180.0,0.0,0.17369,0.885756,GRC,ROU,251710
5032382,102,185,5736,1995,0.0,7045.0,0.878711,1.8200060000000002,HUN,ROU,251710
5032383,104,185,5736,1995,10965.0,0.0,0.156183,1.9617380000000002,IND,ROU,251710
5032384,110,185,5736,1995,665.0,0.0,1.205368,1.189434,ISR,ROU,251710
5032385,135,185,5736,1995,0.0,937.0,0.394058,0.124474,MDA,ROU,251710
5032386,189,185,5736,1995,3483.0,0.0,1.032118,1.180409,SCG,ROU,251710
5032387,231,185,5736,1995,36313.0,0.0,1.771648,1.184,USA,ROU,251710
5032388,250,185,5736,1995,0.0,1143621.0,1.034518,0.9735149999999999,ANS,ROU,251710
5032389,7,188,5736,1995,1370.0,2883.0,-0.205166,-0.6132380000000001,ARE,SAU,251710
5032390,24,188,5736,1995,0.0,659168.0,-0.239166,-0.8627950000000001,BHR,SAU,251710
5032391,61,188,5736,1995,1925.0,0.0,2.325385,-2.2238189999999998,DEU,SAU,251710
5032392,68,188,5736,1995,1130.0,0.0,-0.340042,-0.085601,EGY,SAU,251710
5032393,77,188,5736,1995,48087.0,0.0,1.768484,0.765537,FRA,SAU,251710
5032394,81,188,5736,1995,19474.0,0.0,1.8656979999999999,1.107121,GBR,SAU,251710
5032395,104,188,5736,1995,7850.0,0.0,0.156183,1.9617380000000002,IND,SAU,251710
5032396,111,188,5736,1995,25439.0,0.0,1.503379,1.449094,ITA,SAU,251710
5032397,113,188,5736,1995,156503.0,24566.0,0.666542,0.326785,JOR,SAU,251710
5032398,122,188,5736,1995,0.0,464312.0,-0.226273,-1.02354,KWT,SAU,251710
5032399,124,188,5736,1995,1862.0,0.0,0.027416000000000003,0.327795,LBN,SAU,251710
5032400,162,188,5736,1995,27933.0,0.0,1.304391,1.8819119999999998,NLD,SAU,251710
5032401,167,188,5736,1995,21536.0,1398.0,-0.328853,-0.946069,OMN,SAU,251710
5032402,174,188,5736,1995,4131.0,0.0,-0.480548,0.076564,PHL,SAU,251710
5032403,183,188,5736,1995,0.0,23194.0,-0.721352,-1.0827799999999999,QAT,SAU,251710
5032404,212,188,5736,1995,126169.0,0.0,-0.8829469999999999,-0.809407,SYR,SAU,251710
5032405,231,188,5736,1995,10405.0,0.0,1.771648,1.184,USA,SAU,251710
5032406,250,188,5736,1995,7394.0,0.0,1.034518,0.9735149999999999,ANS,SAU,251710
5032407,14,192,5736,1995,18958.0,0.0,0.44442,0.789292,AUS,SGP,251710
5032408,34,192,5736,1995,0.0,1098.0,-0.979701,-0.85456,BRN,SGP,251710
5032409,43,192,5736,1995,9197.0,0.0,0.387897,3.2147919999999996,CHN,SGP,251710
5032410,61,192,5736,1995,2330.0,8304.0,2.325385,-2.2238189999999998,DEU,SGP,251710
5032411,77,192,5736,1995,43178.0,0.0,1.768484,0.765537,FRA,SGP,251710
5032412,103,192,5736,1995,5381.0,23697.0,-0.391727,1.174727,IDN,SGP,251710
5032413,104,192,5736,1995,14524.0,0.0,0.156183,1.9617380000000002,IND,SGP,251710
5032414,114,192,5736,1995,3349.0,3779.0,2.56822,0.927307,JPN,SGP,251710
5032415,121,192,5736,1995,0.0,33913.0,0.845175,1.2761799999999999,KOR,SGP,251710
5032416,137,192,5736,1995,0.0,24725.0,-1.258938,-0.9818629999999999,MDV,SGP,251710
5032417,138,192,5736,1995,0.0,2281.0,0.6414300000000001,0.9697520000000001,MEX,SGP,251710
5032418,153,192,5736,1995,8961125.0,97144.0,0.357745,0.374284,MYS,SGP,251710
5032419,166,192,5736,1995,985.0,0.0,0.5558270000000001,0.773271,NZL,SGP,251710
5032420,174,192,5736,1995,473244.0,0.0,-0.480548,0.076564,PHL,SGP,251710
5032421,216,192,5736,1995,0.0,29069.0,0.174522,1.608058,THA,SGP,251710
5032422,231,192,5736,1995,34826.0,0.0,1.771648,1.184,USA,SGP,251710
5032423,249,192,5736,1995,38156.0,52926.0,1.345205,1.9337389999999999,TWN,SGP,251710
5032424,15,206,5736,1995,1450.0,401884.0,2.000295,0.661255,AUT,SVK,251710
5032425,59,206,5736,1995,220544.0,222060.0,1.375091,1.628069,CZE,SVK,251710
5032426,61,206,5736,1995,15655.0,21415.0,2.325385,-2.2238189999999998,DEU,SVK,251710
5032427,77,206,5736,1995,7381.0,68368.0,1.768484,0.765537,FRA,SVK,251710
5032428,102,206,5736,1995,163999.0,79889.0,0.878711,1.8200060000000002,HUN,SVK,251710
5032429,177,206,5736,1995,0.0,11390.0,0.76393,1.802648,POL,SVK,251710
5032430,186,206,5736,1995,0.0,6075.0,0.364437,0.171494,RUS,SVK,251710
5032431,228,206,5736,1995,2115.0,1043.0,0.428875,0.20489899999999997,UKR,SVK,251710
5032432,250,206,5736,1995,5529.0,0.0,1.034518,0.9735149999999999,ANS,SVK,251710
5032433,15,207,5736,1995,178218.0,7207.0,2.000295,0.661255,AUT,SVN,251710
5032434,61,207,5736,1995,966.0,0.0,2.325385,-2.2238189999999998,DEU,SVN,251710
5032435,77,207,5736,1995,4547.0,0.0,1.768484,0.765537,FRA,SVN,251710
5032436,100,207,5736,1995,1840840.0,109811.0,0.75325,1.395715,HRV,SVN,251710
5032437,102,207,5736,1995,1569.0,0.0,0.878711,1.8200060000000002,HUN,SVN,251710
5032438,111,207,5736,1995,16644.0,87949.0,1.503379,1.449094,ITA,SVN,251710
5032439,140,207,5736,1995,85100.0,0.0,0.34174,0.648467,MKD,SVN,251710
5032440,2,208,5736,1995,0.0,2463.0,-2.2342459999999997,-1.1147639999999999,AGO,SWE,251710
5032441,18,208,5736,1995,526106.0,0.0,1.615588,1.394102,BEL,SWE,251710
5032442,41,208,5736,1995,0.0,1145.0,2.1893029999999998,0.82765,CHE,SWE,251710
5032443,61,208,5736,1995,5151.0,5541360.0,2.325385,-2.2238189999999998,DEU,SWE,251710
5032444,64,208,5736,1995,60114.0,10217267.0,1.3800270000000001,1.489036,DNK,SWE,251710
5032445,74,208,5736,1995,7503.0,97489.0,2.0085740000000003,1.126816,FIN,SWE,251710
5032446,77,208,5736,1995,4892.0,0.0,1.768484,0.765537,FRA,SWE,251710
5032447,81,208,5736,1995,76310.0,55406.0,1.8656979999999999,1.107121,GBR,SWE,251710
5032448,102,208,5736,1995,0.0,937.0,0.878711,1.8200060000000002,HUN,SWE,251710
5032449,109,208,5736,1995,92632.0,6707.0,0.161331,-0.45210100000000003,ISL,SWE,251710
5032450,111,208,5736,1995,11658.0,0.0,1.503379,1.449094,ITA,SWE,251710
5032451,132,208,5736,1995,0.0,10866.0,0.25453400000000004,0.174809,LVA,SWE,251710
5032452,162,208,5736,1995,4682.0,38656.0,1.304391,1.8819119999999998,NLD,SWE,251710
5032453,163,208,5736,1995,124481.0,1020542.0,1.019741,0.394241,NOR,SWE,251710
5032454,174,208,5736,1995,10304.0,0.0,-0.480548,0.076564,PHL,SWE,251710
5032455,177,208,5736,1995,0.0,72755.0,0.76393,1.802648,POL,SWE,251710
5032456,186,208,5736,1995,0.0,2831.0,0.364437,0.171494,RUS,SWE,251710
5032457,216,208,5736,1995,0.0,1078.0,0.174522,1.608058,THA,SWE,251710
5032458,224,208,5736,1995,0.0,1729.0,0.166794,1.209066,TUR,SWE,251710
5032459,231,208,5736,1995,7309.0,22480.0,1.771648,1.184,USA,SWE,251710
5032460,18,224,5736,1995,0.0,2005.0,1.615588,1.394102,BEL,TUR,251710
5032461,61,224,5736,1995,0.0,31137.0,2.325385,-2.2238189999999998,DEU,TUR,251710
5032462,64,224,5736,1995,0.0,9414.0,1.3800270000000001,1.489036,DNK,TUR,251710
5032463,71,224,5736,1995,0.0,5762.0,1.144247,1.933844,ESP,TUR,251710
5032464,77,224,5736,1995,64887.0,1076.0,1.768484,0.765537,FRA,TUR,251710
5032465,81,224,5736,1995,3893.0,8479.0,1.8656979999999999,1.107121,GBR,TUR,251710
5032466,103,224,5736,1995,0.0,4808.0,-0.391727,1.174727,IDN,TUR,251710
5032467,110,224,5736,1995,0.0,40130.0,1.205368,1.189434,ISR,TUR,251710
5032468,111,224,5736,1995,0.0,277090.0,1.503379,1.449094,ITA,TUR,251710
5032469,113,224,5736,1995,0.0,6516.0,0.666542,0.326785,JOR,TUR,251710
5032470,114,224,5736,1995,0.0,3777.0,2.56822,0.927307,JPN,TUR,251710
5032471,162,224,5736,1995,0.0,31570.0,1.304391,1.8819119999999998,NLD,TUR,251710
5032472,186,224,5736,1995,0.0,2565.0,0.364437,0.171494,RUS,TUR,251710
5032473,208,224,5736,1995,1729.0,0.0,2.246997,1.060171,SWE,TUR,251710
5032474,219,224,5736,1995,0.0,6520.0,-0.882984,-1.088854,TKM,TUR,251710
5032475,223,224,5736,1995,0.0,9344.0,-0.253792,-0.044331,TUN,TUR,251710
5032476,231,224,5736,1995,1122.0,0.0,1.771648,1.184,USA,TUR,251710
5032477,236,224,5736,1995,0.0,5149.0,0.299294,-0.635474,VEN,TUR,251710
5032478,250,224,5736,1995,0.0,137925.0,1.034518,0.9735149999999999,ANS,TUR,251710
5032479,18,246,5736,1995,1632.0,0.0,1.615588,1.394102,BEL,ZAF,251710
5032480,61,246,5736,1995,8852.0,0.0,2.325385,-2.2238189999999998,DEU,ZAF,251710
5032481,77,246,5736,1995,22214.0,0.0,1.768484,0.765537,FRA,ZAF,251710
5032482,81,246,5736,1995,13329.0,22782.0,1.8656979999999999,1.107121,GBR,ZAF,251710
5032483,116,246,5736,1995,0.0,1774.0,-0.303773,0.111305,KEN,ZAF,251710
5032484,147,246,5736,1995,0.0,53368.0,-1.031627,-1.02484,MOZ,ZAF,251710
5032485,151,246,5736,1995,0.0,2711.0,-0.432644,-0.574298,MUS,ZAF,251710
5032486,153,246,5736,1995,0.0,1356.0,0.357745,0.374284,MYS,ZAF,251710
5032487,231,246,5736,1995,91171.0,0.0,1.771648,1.184,USA,ZAF,251710
5032488,247,246,5736,1995,19673.0,0.0,-0.214763,-0.721675,ZMB,ZAF,251710
5032489,248,246,5736,1995,2979.0,0.0,-0.054752999999999996,0.326737,ZWE,ZAF,251710
5032490,249,246,5736,1995,0.0,3945.0,1.345205,1.9337389999999999,TWN,ZAF,251710
5032491,32,8,5736,1995,1238.0,0.0,0.687171,1.188647,BRA,ARG,251710
5032492,42,8,5736,1995,3711.0,0.0,-0.073436,-0.192675,CHL,ARG,251710
5032493,71,8,5736,1995,58232.0,0.0,1.144247,1.933844,ESP,ARG,251710
5032494,180,8,5736,1995,1180287.0,0.0,-0.283544,-0.640898,PRY,ARG,251710
5032495,230,8,5736,1995,196914.0,0.0,0.45133900000000005,0.50831,URY,ARG,251710
5032496,231,8,5736,1995,433536.0,0.0,1.771648,1.184,USA,ARG,251710
5032497,71,44,5736,1995,1093.0,0.0,1.144247,1.933844,ESP,CIV,251710
5032498,77,44,5736,1995,16281.0,0.0,1.768484,0.765537,FRA,CIV,251710
5032499,77,45,5736,1995,8413.0,0.0,1.768484,0.765537,FRA,CMR,251710
5032500,4,90,5736,1995,34283.0,9211.0,-0.39273,-0.47259300000000004,ALB,GRC,251710
5032501,15,90,5736,1995,0.0,93705.0,2.000295,0.661255,AUT,GRC,251710
5032502,18,90,5736,1995,0.0,3191.0,1.615588,1.394102,BEL,GRC,251710
5032503,26,90,5736,1995,0.0,1167.0,0.208931,0.053763,BIH,GRC,251710
5032504,61,90,5736,1995,35087.0,54437.0,2.325385,-2.2238189999999998,DEU,GRC,251710
5032505,64,90,5736,1995,1145.0,0.0,1.3800270000000001,1.489036,DNK,GRC,251710
5032506,71,90,5736,1995,2390.0,0.0,1.144247,1.933844,ESP,GRC,251710
5032507,77,90,5736,1995,7065.0,0.0,1.768484,0.765537,FRA,GRC,251710
5032508,81,90,5736,1995,9379.0,0.0,1.8656979999999999,1.107121,GBR,GRC,251710
5032509,106,90,5736,1995,0.0,52182.0,1.349192,0.992099,IRL,GRC,251710
5032510,110,90,5736,1995,3302.0,0.0,1.205368,1.189434,ISR,GRC,251710
5032511,111,90,5736,1995,1289.0,0.0,1.503379,1.449094,ITA,GRC,251710
5032512,162,90,5736,1995,0.0,14734.0,1.304391,1.8819119999999998,NLD,GRC,251710
5032513,185,90,5736,1995,0.0,85180.0,0.621468,1.038729,ROU,GRC,251710
5032514,15,102,5736,1995,5224.0,1177759.0,2.000295,0.661255,AUT,HUN,251710
5032515,59,102,5736,1995,0.0,919.0,1.375091,1.628069,CZE,HUN,251710
5032516,61,102,5736,1995,114258.0,5986.0,2.325385,-2.2238189999999998,DEU,HUN,251710
5032517,64,102,5736,1995,4655.0,0.0,1.3800270000000001,1.489036,DNK,HUN,251710
5032518,77,102,5736,1995,37008.0,0.0,1.768484,0.765537,FRA,HUN,251710
5032519,81,102,5736,1995,0.0,23535.0,1.8656979999999999,1.107121,GBR,HUN,251710
5032520,100,102,5736,1995,0.0,5631.0,0.75325,1.395715,HRV,HUN,251710
5032521,111,102,5736,1995,1203.0,0.0,1.503379,1.449094,ITA,HUN,251710
5032522,162,102,5736,1995,1748.0,0.0,1.304391,1.8819119999999998,NLD,HUN,251710
5032523,185,102,5736,1995,7045.0,0.0,0.621468,1.038729,ROU,HUN,251710
5032524,206,102,5736,1995,79889.0,163999.0,1.2249780000000001,1.405585,SVK,HUN,251710
5032525,207,102,5736,1995,0.0,1569.0,1.424606,1.490521,SVN,HUN,251710
5032526,208,102,5736,1995,937.0,0.0,2.246997,1.060171,SWE,HUN,251710
5032527,228,102,5736,1995,26000.0,1000.0,0.428875,0.20489899999999997,UKR,HUN,251710
5032528,43,134,5736,1995,10903.0,0.0,0.387897,3.2147919999999996,CHN,MAR,251710
5032529,71,134,5736,1995,300190.0,1422435.0,1.144247,1.933844,ESP,MAR,251710
5032530,77,134,5736,1995,18771.0,0.0,1.768484,0.765537,FRA,MAR,251710
5032531,81,134,5736,1995,2183.0,0.0,1.8656979999999999,1.107121,GBR,MAR,251710
5032532,18,223,5736,1995,7481.0,0.0,1.615588,1.394102,BEL,TUN,251710
5032533,71,223,5736,1995,1723.0,0.0,1.144247,1.933844,ESP,TUN,251710
5032534,77,223,5736,1995,39255.0,0.0,1.768484,0.765537,FRA,TUN,251710
5032535,111,223,5736,1995,3626.0,0.0,1.503379,1.449094,ITA,TUN,251710
5032536,224,223,5736,1995,9344.0,0.0,0.166794,1.209066,TUR,TUN,251710
5032537,8,230,5736,1995,0.0,196914.0,0.245885,0.5489850000000001,ARG,URY,251710
5032538,231,230,5736,1995,127351.0,0.0,1.771648,1.184,USA,URY,251710
5032539,250,230,5736,1995,0.0,25887.0,1.034518,0.9735149999999999,ANS,URY,251710
5032540,246,247,5736,1995,0.0,19673.0,0.468112,1.039817,ZAF,ZMB,251710
5032541,248,247,5736,1995,0.0,2662.0,-0.054752999999999996,0.326737,ZWE,ZMB,251710
5032542,147,248,5736,1995,0.0,13351.0,-1.031627,-1.02484,MOZ,ZWE,251710
5032543,246,248,5736,1995,0.0,2979.0,0.468112,1.039817,ZAF,ZWE,251710
5032544,247,248,5736,1995,2662.0,0.0,-0.214763,-0.721675,ZMB,ZWE,251710
5032545,63,120,5736,1995,10575.0,0.0,0.803902,0.307064,DMA,KNA,251710
5032546,6,236,5736,1995,0.0,3264.0,-0.020759,-0.653863,ANT,VEN,251710
5032547,18,236,5736,1995,11993.0,0.0,1.615588,1.394102,BEL,VEN,251710
5032548,32,236,5736,1995,18057.0,0.0,0.687171,1.188647,BRA,VEN,251710
5032549,49,236,5736,1995,0.0,784273.0,0.094335,0.13047999999999998,COL,VEN,251710
5032550,71,236,5736,1995,955.0,0.0,1.144247,1.933844,ESP,VEN,251710
5032551,77,236,5736,1995,23137.0,0.0,1.768484,0.765537,FRA,VEN,251710
5032552,224,236,5736,1995,5149.0,0.0,0.166794,1.209066,TUR,VEN,251710
5032553,231,236,5736,1995,139935.0,0.0,1.771648,1.184,USA,VEN,251710
5032554,81,58,5736,1995,10317.0,0.0,1.8656979999999999,1.107121,GBR,CYP,251710
5032555,249,58,5736,1995,1221.0,0.0,1.345205,1.9337389999999999,TWN,CYP,251710
5032556,15,100,5736,1995,3659.0,0.0,2.000295,0.661255,AUT,HRV,251710
5032557,26,100,5736,1995,0.0,227870.0,0.208931,0.053763,BIH,HRV,251710
5032558,61,100,5736,1995,4888.0,0.0,2.325385,-2.2238189999999998,DEU,HRV,251710
5032559,77,100,5736,1995,6577.0,0.0,1.768484,0.765537,FRA,HRV,251710
5032560,81,100,5736,1995,3223.0,0.0,1.8656979999999999,1.107121,GBR,HRV,251710
5032561,102,100,5736,1995,5631.0,0.0,0.878711,1.8200060000000002,HUN,HRV,251710
5032562,111,100,5736,1995,16344.0,3003558.0,1.503379,1.449094,ITA,HRV,251710
5032563,207,100,5736,1995,109811.0,1840840.0,1.424606,1.490521,SVN,HRV,251710
5032564,28,135,5736,1995,0.0,137949.0,0.5290279999999999,0.27031700000000003,BLR,MDA,251710
5032565,153,135,5736,1995,33223.0,0.0,0.357745,0.374284,MYS,MDA,251710
5032566,185,135,5736,1995,937.0,0.0,0.621468,1.038729,ROU,MDA,251710
5032567,228,135,5736,1995,348273.0,825862.0,0.428875,0.20489899999999997,UKR,MDA,251710
5032568,114,140,5736,1995,0.0,24755.0,2.56822,0.927307,JPN,MKD,251710
5032569,207,140,5736,1995,0.0,85100.0,1.424606,1.490521,SVN,MKD,251710
5032570,61,190,5736,1995,1350.0,0.0,2.325385,-2.2238189999999998,DEU,SDN,251710
5032571,231,197,5736,1995,3184.0,0.0,1.771648,1.184,USA,SLV,251710
5032572,71,54,5736,1995,5445.0,0.0,1.144247,1.933844,ESP,CUB,251710
5032573,231,65,5736,1995,22797.0,19459.0,1.771648,1.184,USA,DOM,251710
5032574,43,107,5736,1995,1448.0,0.0,0.387897,3.2147919999999996,CHN,IRN,251710
5032575,61,107,5736,1995,47250.0,0.0,2.325385,-2.2238189999999998,DEU,IRN,251710
5032576,71,107,5736,1995,104772.0,0.0,1.144247,1.933844,ESP,IRN,251710
5032577,77,107,5736,1995,220751.0,0.0,1.768484,0.765537,FRA,IRN,251710
5032578,167,107,5736,1995,0.0,859597.0,-0.328853,-0.946069,OMN,IRN,251710
5032579,22,168,5736,1995,0.0,6803.0,-1.037175,-0.983195,BGD,PAK,251710
5032580,111,168,5736,1995,40825.0,0.0,1.503379,1.449094,ITA,PAK,251710
5032581,14,174,5736,1995,0.0,1167.0,0.44442,0.789292,AUS,PHL,251710
5032582,39,174,5736,1995,0.0,1878.0,1.077804,1.0724200000000002,CAN,PHL,251710
5032583,77,174,5736,1995,129121.0,45435.0,1.768484,0.765537,FRA,PHL,251710
5032584,81,174,5736,1995,0.0,2595.0,1.8656979999999999,1.107121,GBR,PHL,251710
5032585,97,174,5736,1995,0.0,121341.0,0.5244449999999999,2.682738,HKG,PHL,251710
5032586,103,174,5736,1995,2535.0,0.0,-0.391727,1.174727,IDN,PHL,251710
5032587,114,174,5736,1995,0.0,4128324.0,2.56822,0.927307,JPN,PHL,251710
5032588,121,174,5736,1995,0.0,210038.0,0.845175,1.2761799999999999,KOR,PHL,251710
5032589,153,174,5736,1995,0.0,223916.0,0.357745,0.374284,MYS,PHL,251710
5032590,162,174,5736,1995,0.0,134960.0,1.304391,1.8819119999999998,NLD,PHL,251710
5032591,188,174,5736,1995,0.0,4131.0,0.401573,-0.6676529999999999,SAU,PHL,251710
5032592,192,174,5736,1995,0.0,473244.0,0.747684,0.4745,SGP,PHL,251710
5032593,208,174,5736,1995,0.0,10304.0,2.246997,1.060171,SWE,PHL,251710
5032594,231,174,5736,1995,5690.0,15089.0,1.771648,1.184,USA,PHL,251710
5032595,15,186,5736,1995,18513.0,0.0,2.000295,0.661255,AUT,RUS,251710
5032596,18,186,5736,1995,0.0,2303.0,1.615588,1.394102,BEL,RUS,251710
5032597,43,186,5736,1995,388569.0,0.0,0.387897,3.2147919999999996,CHN,RUS,251710
5032598,61,186,5736,1995,7420.0,839540.0,2.325385,-2.2238189999999998,DEU,RUS,251710
5032599,72,186,5736,1995,4628.0,1121419.0,0.530041,1.134288,EST,RUS,251710
5032600,74,186,5736,1995,515231.0,6774.0,2.0085740000000003,1.126816,FIN,RUS,251710
5032601,77,186,5736,1995,17608.0,1281.0,1.768484,0.765537,FRA,RUS,251710
5032602,81,186,5736,1995,14704.0,0.0,1.8656979999999999,1.107121,GBR,RUS,251710
5032603,111,186,5736,1995,50957.0,0.0,1.503379,1.449094,ITA,RUS,251710
5032604,130,186,5736,1995,104840.0,3399.0,0.41220500000000004,0.966966,LTU,RUS,251710
5032605,206,186,5736,1995,6075.0,0.0,1.2249780000000001,1.405585,SVK,RUS,251710
5032606,208,186,5736,1995,2831.0,0.0,2.246997,1.060171,SWE,RUS,251710
5032607,224,186,5736,1995,2565.0,0.0,0.166794,1.209066,TUR,RUS,251710
5032608,162,226,5736,1995,0.0,107843.0,1.304391,1.8819119999999998,NLD,TZA,251710
5032609,227,226,5736,1995,56916.0,0.0,-1.053037,-1.001752,UGA,TZA,251710
5032610,61,228,5736,1995,3392.0,0.0,2.325385,-2.2238189999999998,DEU,UKR,251710
5032611,72,228,5736,1995,0.0,2800.0,0.530041,1.134288,EST,UKR,251710
5032612,102,228,5736,1995,1000.0,26000.0,0.878711,1.8200060000000002,HUN,UKR,251710
5032613,130,228,5736,1995,0.0,61429.0,0.41220500000000004,0.966966,LTU,UKR,251710
5032614,135,228,5736,1995,825862.0,348273.0,0.394058,0.124474,MDA,UKR,251710
5032615,177,228,5736,1995,0.0,170678.0,0.76393,1.802648,POL,UKR,251710
5032616,206,228,5736,1995,1043.0,2115.0,1.2249780000000001,1.405585,SVK,UKR,251710
5032617,231,228,5736,1995,0.0,6509.0,1.771648,1.184,USA,UKR,251710
5032618,77,239,5736,1995,72733.0,0.0,1.768484,0.765537,FRA,VNM,251710
5032619,14,249,5736,1995,0.0,1190.0,0.44442,0.789292,AUS,TWN,251710
5032620,32,249,5736,1995,1001.0,0.0,0.687171,1.188647,BRA,TWN,251710
5032621,43,249,5736,1995,217344.0,2988.0,0.387897,3.2147919999999996,CHN,TWN,251710
5032622,52,249,5736,1995,0.0,2266.0,-0.30094699999999996,-0.046285,CRI,TWN,251710
5032623,58,249,5736,1995,0.0,1221.0,0.263764,0.030358999999999997,CYP,TWN,251710
5032624,61,249,5736,1995,0.0,1680.0,2.325385,-2.2238189999999998,DEU,TWN,251710
5032625,77,249,5736,1995,874456.0,0.0,1.768484,0.765537,FRA,TWN,251710
5032626,81,249,5736,1995,95526.0,0.0,1.8656979999999999,1.107121,GBR,TWN,251710
5032627,97,249,5736,1995,0.0,10627.0,0.5244449999999999,2.682738,HKG,TWN,251710
5032628,103,249,5736,1995,2790.0,0.0,-0.391727,1.174727,IDN,TWN,251710
5032629,104,249,5736,1995,3129.0,0.0,0.156183,1.9617380000000002,IND,TWN,251710
5032630,111,249,5736,1995,0.0,5349.0,1.503379,1.449094,ITA,TWN,251710
5032631,114,249,5736,1995,90932.0,9208890.0,2.56822,0.927307,JPN,TWN,251710
5032632,153,249,5736,1995,0.0,565795.0,0.357745,0.374284,MYS,TWN,251710
5032633,192,249,5736,1995,52926.0,38156.0,0.747684,0.4745,SGP,TWN,251710
5032634,216,249,5736,1995,0.0,2047.0,0.174522,1.608058,THA,TWN,251710
5032635,231,249,5736,1995,293134.0,0.0,1.771648,1.184,USA,TWN,251710
5032636,246,249,5736,1995,3945.0,0.0,0.468112,1.039817,ZAF,TWN,251710
5032637,18,250,5736,1995,12046.0,0.0,1.615588,1.394102,BEL,ANS,251710
5032638,22,250,5736,1995,0.0,2663.0,-1.037175,-0.983195,BGD,ANS,251710
5032639,61,250,5736,1995,8540.0,0.0,2.325385,-2.2238189999999998,DEU,ANS,251710
5032640,110,250,5736,1995,0.0,34085.0,1.205368,1.189434,ISR,ANS,251710
5032641,162,250,5736,1995,16254.0,1592.0,1.304391,1.8819119999999998,NLD,ANS,251710
5032642,167,250,5736,1995,1227.0,0.0,-0.328853,-0.946069,OMN,ANS,251710
5032643,177,250,5736,1995,341221.0,634802.0,0.76393,1.802648,POL,ANS,251710
5032644,185,250,5736,1995,1143621.0,0.0,0.621468,1.038729,ROU,ANS,251710
5032645,188,250,5736,1995,0.0,7394.0,0.401573,-0.6676529999999999,SAU,ANS,251710
5032646,206,250,5736,1995,0.0,5529.0,1.2249780000000001,1.405585,SVK,ANS,251710
5032647,224,250,5736,1995,137925.0,0.0,0.166794,1.209066,TUR,ANS,251710
5032648,230,250,5736,1995,25887.0,0.0,0.45133900000000005,0.50831,URY,ANS,251710
5032649,33,63,5736,1995,0.0,7614.0,1.055447,0.422738,BRB,DMA,251710
5032650,86,63,5736,1995,0.0,804682.0,0.563491,-0.18852,GLP,DMA,251710
5032651,120,63,5736,1995,0.0,10575.0,0.45250200000000007,-0.45284399999999997,KNA,DMA,251710
5032652,231,63,5736,1995,0.0,28751.0,1.771648,1.184,USA,DMA,251710
5032653,39,91,5736,1995,208941.0,0.0,1.077804,1.0724200000000002,CAN,GRD,251710
5032654,231,91,5736,1995,1859.0,0.0,1.771648,1.184,USA,GRD,251710
5032655,231,101,5736,1995,5092.0,0.0,1.771648,1.184,USA,HTI,251710
5032656,150,127,5736,1995,6171.0,0.0,0.68423,-0.22968200000000003,MTQ,LCA,251710
5032657,116,227,5736,1995,2286.0,0.0,-0.303773,0.111305,KEN,UGA,251710
5032658,226,227,5736,1995,0.0,56916.0,-1.219949,-0.8698969999999999,TZA,UGA,251710
5032659,150,234,5736,1995,70360.0,0.0,0.68423,-0.22968200000000003,MTQ,VCT,251710
5032660,61,66,5736,1995,8881.0,0.0,2.325385,-2.2238189999999998,DEU,DZA,251710
5032661,71,66,5736,1995,9804.0,0.0,1.144247,1.933844,ESP,DZA,251710
5032662,77,66,5736,1995,46430.0,0.0,1.768484,0.765537,FRA,DZA,251710
5032663,111,66,5736,1995,46023.0,0.0,1.503379,1.449094,ITA,DZA,251710
5032664,28,130,5736,1995,2199392.0,0.0,0.5290279999999999,0.27031700000000003,BLR,LTU,251710
5032665,61,130,5736,1995,1994.0,109956.0,2.325385,-2.2238189999999998,DEU,LTU,251710
5032666,132,130,5736,1995,2231.0,208744.0,0.25453400000000004,0.174809,LVA,LTU,251710
5032667,186,130,5736,1995,3399.0,104840.0,0.364437,0.171494,RUS,LTU,251710
5032668,228,130,5736,1995,61429.0,0.0,0.428875,0.20489899999999997,UKR,LTU,251710
5032669,43,133,5736,1995,1214934.0,0.0,0.387897,3.2147919999999996,CHN,MAC,251710
5032670,179,133,5736,1995,56202.0,0.0,0.412677,1.254009,PRT,MAC,251710
5032671,104,137,5736,1995,37193.0,0.0,0.156183,1.9617380000000002,IND,MDV,251710
5032672,114,137,5736,1995,114459.0,0.0,2.56822,0.927307,JPN,MDV,251710
5032673,153,137,5736,1995,49763.0,0.0,0.357745,0.374284,MYS,MDV,251710
5032674,192,137,5736,1995,24725.0,0.0,0.747684,0.4745,SGP,MDV,251710
5032675,153,151,5736,1995,3915.0,0.0,0.357745,0.374284,MYS,MUS,251710
5032676,246,151,5736,1995,2711.0,0.0,0.468112,1.039817,ZAF,MUS,251710
5032677,77,184,5736,1995,2968.0,0.0,1.768484,0.765537,FRA,REU,251710
5032678,110,184,5736,1995,1239.0,0.0,1.205368,1.189434,ISR,REU,251710
5032679,18,2,5736,1995,6201.0,0.0,1.615588,1.394102,BEL,AGO,251710
5032680,208,2,5736,1995,2463.0,0.0,2.246997,1.060171,SWE,AGO,251710
5032681,90,4,5736,1995,9211.0,34283.0,0.17369,0.885756,GRC,ALB,251710
5032682,39,6,5736,1995,637052.0,0.0,1.077804,1.0724200000000002,CAN,ANT,251710
5032683,150,6,5736,1995,8239.0,0.0,0.68423,-0.22968200000000003,MTQ,ANT,251710
5032684,162,6,5736,1995,7992.0,0.0,1.304391,1.8819119999999998,NLD,ANT,251710
5032685,231,6,5736,1995,816938.0,0.0,1.771648,1.184,USA,ANT,251710
5032686,236,6,5736,1995,3264.0,0.0,0.299294,-0.635474,VEN,ANT,251710
5032687,77,7,5736,1995,2267.0,0.0,1.768484,0.765537,FRA,ARE,251710
5032688,104,7,5736,1995,25148.0,0.0,0.156183,1.9617380000000002,IND,ARE,251710
5032689,113,7,5736,1995,3956.0,0.0,0.666542,0.326785,JOR,ARE,251710
5032690,167,7,5736,1995,487303.0,84976.0,-0.328853,-0.946069,OMN,ARE,251710
5032691,188,7,5736,1995,2883.0,1370.0,0.401573,-0.6676529999999999,SAU,ARE,251710
5032692,15,23,5736,1995,0.0,2663.0,2.000295,0.661255,AUT,BGR,251710
5032693,61,23,5736,1995,3087.0,0.0,2.325385,-2.2238189999999998,DEU,BGR,251710
5032694,185,23,5736,1995,0.0,12000.0,0.621468,1.038729,ROU,BGR,251710
5032695,231,23,5736,1995,12896.0,0.0,1.771648,1.184,USA,BGR,251710
5032696,81,24,5736,1995,10072.0,0.0,1.8656979999999999,1.107121,GBR,BHR,251710
5032697,104,24,5736,1995,8045.0,0.0,0.156183,1.9617380000000002,IND,BHR,251710
5032698,113,24,5736,1995,6842.0,0.0,0.666542,0.326785,JOR,BHR,251710
5032699,188,24,5736,1995,659168.0,0.0,0.401573,-0.6676529999999999,SAU,BHR,251710
5032700,231,25,5736,1995,164432.0,1657294.0,1.771648,1.184,USA,BHS,251710
5032701,61,28,5736,1995,4430.0,0.0,2.325385,-2.2238189999999998,DEU,BLR,251710
5032702,72,28,5736,1995,0.0,170182.0,0.530041,1.134288,EST,BLR,251710
5032703,130,28,5736,1995,0.0,2199392.0,0.41220500000000004,0.966966,LTU,BLR,251710
5032704,132,28,5736,1995,0.0,224656.0,0.25453400000000004,0.174809,LVA,BLR,251710
5032705,135,28,5736,1995,137949.0,0.0,0.394058,0.124474,MDA,BLR,251710
5032706,177,28,5736,1995,0.0,172584.0,0.76393,1.802648,POL,BLR,251710
5032707,63,33,5736,1995,7614.0,0.0,0.803902,0.307064,DMA,BRB,251710
5032708,231,33,5736,1995,6413.0,0.0,1.771648,1.184,USA,BRB,251710
5032709,14,34,5736,1995,1575.0,0.0,0.44442,0.789292,AUS,BRN,251710
5032710,81,34,5736,1995,0.0,73179.0,1.8656979999999999,1.107121,GBR,BRN,251710
5032711,153,34,5736,1995,13006388.0,0.0,0.357745,0.374284,MYS,BRN,251710
5032712,192,34,5736,1995,1098.0,0.0,0.747684,0.4745,SGP,BRN,251710
5032713,77,80,5736,1995,2219.0,0.0,1.768484,0.765537,FRA,GAB,251710
5032714,61,83,5736,1995,4579.0,0.0,2.325385,-2.2238189999999998,DEU,GHA,251710
5032715,71,84,5736,1995,95423.0,0.0,1.144247,1.933844,ESP,GIB,251710
5032716,41,109,5736,1995,0.0,22460.0,2.1893029999999998,0.82765,CHE,ISL,251710
5032717,61,109,5736,1995,0.0,28579.0,2.325385,-2.2238189999999998,DEU,ISL,251710
5032718,64,109,5736,1995,0.0,12223.0,1.3800270000000001,1.489036,DNK,ISL,251710
5032719,71,109,5736,1995,158200.0,0.0,1.144247,1.933844,ESP,ISL,251710
5032720,81,109,5736,1995,0.0,2951.0,1.8656979999999999,1.107121,GBR,ISL,251710
5032721,162,109,5736,1995,13010.0,1703.0,1.304391,1.8819119999999998,NLD,ISL,251710
5032722,163,109,5736,1995,186981.0,0.0,1.019741,0.394241,NOR,ISL,251710
5032723,208,109,5736,1995,6707.0,92632.0,2.246997,1.060171,SWE,ISL,251710
5032724,81,112,5736,1995,5141.0,0.0,1.8656979999999999,1.107121,GBR,JAM,251710
5032725,231,112,5736,1995,2874.0,2469234.0,1.771648,1.184,USA,JAM,251710
5032726,74,115,5736,1995,3159.0,0.0,2.0085740000000003,1.126816,FIN,KAZ,251710
5032727,77,115,5736,1995,23485.0,0.0,1.768484,0.765537,FRA,KAZ,251710
5032728,117,115,5736,1995,5966.0,205709.0,0.361272,0.047797000000000006,KGZ,KAZ,251710
5032729,64,116,5736,1995,5482.0,0.0,1.3800270000000001,1.489036,DNK,KEN,251710
5032730,77,116,5736,1995,12705.0,0.0,1.768484,0.765537,FRA,KEN,251710
5032731,111,116,5736,1995,0.0,7432.0,1.503379,1.449094,ITA,KEN,251710
5032732,227,116,5736,1995,0.0,2286.0,-1.053037,-1.001752,UGA,KEN,251710
5032733,246,116,5736,1995,1774.0,0.0,0.468112,1.039817,ZAF,KEN,251710
5032734,188,122,5736,1995,464312.0,0.0,0.401573,-0.6676529999999999,SAU,KWT,251710
5032735,68,124,5736,1995,15456.0,0.0,-0.340042,-0.085601,EGY,LBN,251710
5032736,77,124,5736,1995,103837.0,0.0,1.768484,0.765537,FRA,LBN,251710
5032737,81,124,5736,1995,1634.0,0.0,1.8656979999999999,1.107121,GBR,LBN,251710
5032738,113,124,5736,1995,100458.0,0.0,0.666542,0.326785,JOR,LBN,251710
5032739,188,124,5736,1995,0.0,1862.0,0.401573,-0.6676529999999999,SAU,LBN,251710
5032740,231,124,5736,1995,5678.0,0.0,1.771648,1.184,USA,LBN,251710
5032741,81,126,5736,1995,7551.0,0.0,1.8656979999999999,1.107121,GBR,LBY,251710
5032742,43,128,5736,1995,2939.0,0.0,0.387897,3.2147919999999996,CHN,LKA,251710
5032743,77,128,5736,1995,28098.0,0.0,1.768484,0.765537,FRA,LKA,251710
5032744,81,128,5736,1995,12492.0,0.0,1.8656979999999999,1.107121,GBR,LKA,251710
5032745,104,128,5736,1995,12088.0,0.0,0.156183,1.9617380000000002,IND,LKA,251710
5032746,114,128,5736,1995,20303.0,0.0,2.56822,0.927307,JPN,LKA,251710
5032747,153,128,5736,1995,29311.0,0.0,0.357745,0.374284,MYS,LKA,251710
5032748,246,147,5736,1995,53368.0,0.0,0.468112,1.039817,ZAF,MOZ,251710
5032749,248,147,5736,1995,13351.0,0.0,-0.054752999999999996,0.326737,ZWE,MOZ,251710
5032750,18,159,5736,1995,12271.0,0.0,1.615588,1.394102,BEL,NGA,251710
5032751,61,159,5736,1995,32000.0,0.0,2.325385,-2.2238189999999998,DEU,NGA,251710
5032752,97,159,5736,1995,8286.0,0.0,0.5244449999999999,2.682738,HKG,NGA,251710
5032753,104,164,5736,1995,36786.0,0.0,0.156183,1.9617380000000002,IND,NPL,251710
5032754,8,180,5736,1995,0.0,1180287.0,0.245885,0.5489850000000001,ARG,PRY,251710
5032755,231,180,5736,1995,14726.0,0.0,1.771648,1.184,USA,PRY,251710
5032756,167,183,5736,1995,2657.0,0.0,-0.328853,-0.946069,OMN,QAT,251710
5032757,188,183,5736,1995,23194.0,0.0,0.401573,-0.6676529999999999,SAU,QAT,251710
5032758,185,189,5736,1995,0.0,3483.0,0.621468,1.038729,ROU,SCG,251710
5032759,77,191,5736,1995,31075.0,0.0,1.768484,0.765537,FRA,SEN,251710
5032760,61,212,5736,1995,6374.0,0.0,2.325385,-2.2238189999999998,DEU,SYR,251710
5032761,113,212,5736,1995,0.0,2070.0,0.666542,0.326785,JOR,SYR,251710
5032762,188,212,5736,1995,0.0,126169.0,0.401573,-0.6676529999999999,SAU,SYR,251710
5032763,117,219,5736,1995,0.0,19161.0,0.361272,0.047797000000000006,KGZ,TKM,251710
5032764,224,219,5736,1995,6520.0,0.0,0.166794,1.209066,TUR,TKM,251710
5032765,117,232,5736,1995,1519.0,4701.0,0.361272,0.047797000000000006,KGZ,UZB,251710
5032766,103,243,5736,1995,0.0,3728.0,-0.391727,1.174727,IDN,YEM,251710
5032767,141,21,5736,1995,0.0,1756.0,-0.807662,-0.952101,MLI,BFA,251710
5032768,90,26,5736,1995,1167.0,0.0,0.17369,0.885756,GRC,BIH,251710
5032769,100,26,5736,1995,227870.0,0.0,0.75325,1.395715,HRV,BIH,251710
5032770,77,62,5736,1995,1825.0,0.0,1.768484,0.765537,FRA,DJI,251710
5032771,14,75,5736,1995,1656.0,0.0,0.44442,0.789292,AUS,FJI,251710
5032772,166,75,5736,1995,0.0,2101.0,0.5558270000000001,0.773271,NZL,FJI,251710
5032773,61,82,5736,1995,7396.0,0.0,2.325385,-2.2238189999999998,DEU,GEO,251710
5032774,231,96,5736,1995,7811.0,0.0,1.771648,1.184,USA,GUY,251710
5032775,216,123,5736,1995,7014.0,131532.0,0.174522,1.608058,THA,LAO,251710
5032776,21,141,5736,1995,1756.0,0.0,-0.695354,-0.902185,BFA,MLI,251710
5032777,81,141,5736,1995,1467.0,0.0,1.8656979999999999,1.107121,GBR,MLI,251710
5032778,216,143,5736,1995,0.0,1610.0,0.174522,1.608058,THA,MMR,251710
5032779,77,156,5736,1995,20853.0,0.0,1.768484,0.765537,FRA,NCL,251710
5032780,14,176,5736,1995,3267.0,0.0,0.44442,0.789292,AUS,PNG,251710
5032781,121,176,5736,1995,0.0,2203.0,0.845175,1.2761799999999999,KOR,PNG,251710
5032782,114,178,5736,1995,0.0,335950.0,2.56822,0.927307,JPN,PRK,251710
5032783,61,187,5736,1995,210281.0,0.0,2.325385,-2.2238189999999998,DEU,RWA,251710
5032784,153,196,5736,1995,3335.0,0.0,0.357745,0.374284,MYS,SLE,251710
5032785,111,217,5736,1995,0.0,4061.0,1.503379,1.449094,ITA,TJK,251710
5032786,117,217,5736,1995,0.0,124704.0,0.361272,0.047797000000000006,KGZ,TJK,251710
5032787,14,221,5736,1995,11823.0,0.0,0.44442,0.789292,AUS,TON,251710
5032788,231,0,5736,1995,5577.0,0.0,1.771648,1.184,USA,ABW,251710
5032789,231,3,5736,1995,9012.0,0.0,1.771648,1.184,USA,AIA,251710
5032790,71,5,5736,1995,912111.0,0.0,1.144247,1.933844,ESP,AND,251710
5032791,179,5,5736,1995,1074.0,0.0,0.412677,1.254009,PRT,AND,251710
5032792,22,35,5736,1995,0.0,23672.0,-1.037175,-0.983195,BGD,BTN,251710
5032793,43,145,5736,1995,1022.0,0.0,0.387897,3.2147919999999996,CHN,MNG,251710
5032794,71,78,5736,1995,0.0,1556.0,1.144247,1.933844,ESP,FRO,251710
5032795,163,78,5736,1995,62036.0,0.0,1.019741,0.394241,NOR,FRO,251710
5032796,231,213,5736,1995,17089.0,0.0,1.771648,1.184,USA,TCA,251710
5032797,231,237,5736,1995,42809.0,21451.0,1.771648,1.184,USA,VGB,251710
5032798,18,15,5739,1995,0.0,17215.0,1.615588,1.394102,BEL,AUT,251741
5032799,23,15,5739,1995,0.0,5646.0,0.436138,1.086561,BGR,AUT,251741
5032800,28,15,5739,1995,0.0,1599.0,0.5290279999999999,0.27031700000000003,BLR,AUT,251741
5032801,39,15,5739,1995,0.0,4008.0,1.077804,1.0724200000000002,CAN,AUT,251741
5032802,41,15,5739,1995,2395.0,7162292.0,2.1893029999999998,0.82765,CHE,AUT,251741
5032803,58,15,5739,1995,0.0,2196.0,0.263764,0.030358999999999997,CYP,AUT,251741
5032804,59,15,5739,1995,2350.0,539156.0,1.375091,1.628069,CZE,AUT,251741
5032805,61,15,5739,1995,381456.0,47638460.0,2.325385,-2.2238189999999998,DEU,AUT,251741
5032806,64,15,5739,1995,0.0,326577.0,1.3800270000000001,1.489036,DNK,AUT,251741
5032807,71,15,5739,1995,0.0,3327.0,1.144247,1.933844,ESP,AUT,251741
5032808,72,15,5739,1995,0.0,2593.0,0.530041,1.134288,EST,AUT,251741
5032809,74,15,5739,1995,0.0,302300.0,2.0085740000000003,1.126816,FIN,AUT,251741
5032810,77,15,5739,1995,52909.0,254006.0,1.768484,0.765537,FRA,AUT,251741
5032811,81,15,5739,1995,0.0,116827.0,1.8656979999999999,1.107121,GBR,AUT,251741
5032812,97,15,5739,1995,0.0,8048.0,0.5244449999999999,2.682738,HKG,AUT,251741
5032813,102,15,5739,1995,12251.0,1505727.0,0.878711,1.8200060000000002,HUN,AUT,251741
5032814,103,15,5739,1995,0.0,39912.0,-0.391727,1.174727,IDN,AUT,251741
5032815,104,15,5739,1995,0.0,3269.0,0.156183,1.9617380000000002,IND,AUT,251741
5032816,111,15,5739,1995,1878946.0,220767.0,1.503379,1.449094,ITA,AUT,251741
5032817,114,15,5739,1995,0.0,40493.0,2.56822,0.927307,JPN,AUT,251741
5032818,121,15,5739,1995,0.0,43587.0,0.845175,1.2761799999999999,KOR,AUT,251741
5032819,153,15,5739,1995,0.0,5366.0,0.357745,0.374284,MYS,AUT,251741
5032820,162,15,5739,1995,1553.0,1676669.0,1.304391,1.8819119999999998,NLD,AUT,251741
5032821,163,15,5739,1995,0.0,15116.0,1.019741,0.394241,NOR,AUT,251741
5032822,174,15,5739,1995,0.0,27160.0,-0.480548,0.076564,PHL,AUT,251741
5032823,177,15,5739,1995,0.0,863425.0,0.76393,1.802648,POL,AUT,251741
5032824,185,15,5739,1995,0.0,34418.0,0.621468,1.038729,ROU,AUT,251741
5032825,186,15,5739,1995,0.0,78757.0,0.364437,0.171494,RUS,AUT,251741
5032826,188,15,5739,1995,0.0,44697.0,0.401573,-0.6676529999999999,SAU,AUT,251741
5032827,192,15,5739,1995,0.0,24033.0,0.747684,0.4745,SGP,AUT,251741
5032828,206,15,5739,1995,0.0,4220695.0,1.2249780000000001,1.405585,SVK,AUT,251741
5032829,207,15,5739,1995,1808.0,5233136.0,1.424606,1.490521,SVN,AUT,251741
5032830,208,15,5739,1995,0.0,727503.0,2.246997,1.060171,SWE,AUT,251741
5032831,224,15,5739,1995,0.0,43937.0,0.166794,1.209066,TUR,AUT,251741
5032832,228,15,5739,1995,0.0,30253.0,0.428875,0.20489899999999997,UKR,AUT,251741
5032833,246,15,5739,1995,0.0,85040.0,0.468112,1.039817,ZAF,AUT,251741
5032834,249,15,5739,1995,0.0,55178.0,1.345205,1.9337389999999999,TWN,AUT,251741
5032835,15,18,5739,1995,17215.0,0.0,2.000295,0.661255,AUT,BEL,251741
5032836,41,18,5739,1995,2791.0,0.0,2.1893029999999998,0.82765,CHE,BEL,251741
5032837,42,18,5739,1995,0.0,3310.0,-0.073436,-0.192675,CHL,BEL,251741
5032838,44,18,5739,1995,0.0,1451.0,-0.781656,-0.74293,CIV,BEL,251741
5032839,59,18,5739,1995,2303.0,0.0,1.375091,1.628069,CZE,BEL,251741
5032840,61,18,5739,1995,6046312.0,156373.0,2.325385,-2.2238189999999998,DEU,BEL,251741
5032841,77,18,5739,1995,1376287.0,234168.0,1.768484,0.765537,FRA,BEL,251741
5032842,81,18,5739,1995,558330.0,8298.0,1.8656979999999999,1.107121,GBR,BEL,251741
5032843,90,18,5739,1995,11352.0,0.0,0.17369,0.885756,GRC,BEL,251741
5032844,104,18,5739,1995,7581.0,0.0,0.156183,1.9617380000000002,IND,BEL,251741
5032845,111,18,5739,1995,5129088.0,16349.0,1.503379,1.449094,ITA,BEL,251741
5032846,162,18,5739,1995,44680.0,209084.0,1.304391,1.8819119999999998,NLD,BEL,251741
5032847,163,18,5739,1995,5043510.0,0.0,1.019741,0.394241,NOR,BEL,251741
5032848,179,18,5739,1995,116311.0,0.0,0.412677,1.254009,PRT,BEL,251741
5032849,81,32,5739,1995,0.0,13487.0,1.8656979999999999,1.107121,GBR,BRA,251741
5032850,180,32,5739,1995,0.0,2647.0,-0.283544,-0.640898,PRY,BRA,251741
5032851,61,43,5739,1995,63791.0,0.0,2.325385,-2.2238189999999998,DEU,CHN,251741
5032852,97,43,5739,1995,4348.0,21386.0,0.5244449999999999,2.682738,HKG,CHN,251741
5032853,111,43,5739,1995,18291.0,0.0,1.503379,1.449094,ITA,CHN,251741
5032854,114,43,5739,1995,10457.0,375812.0,2.56822,0.927307,JPN,CHN,251741
5032855,121,43,5739,1995,1402.0,0.0,0.845175,1.2761799999999999,KOR,CHN,251741
5032856,133,43,5739,1995,0.0,89168.0,-0.149794,-0.26961799999999997,MAC,CHN,251741
5032857,151,43,5739,1995,0.0,3182.0,-0.432644,-0.574298,MUS,CHN,251741
5032858,153,43,5739,1995,0.0,1802.0,0.357745,0.374284,MYS,CHN,251741
5032859,186,43,5739,1995,0.0,5076.0,0.364437,0.171494,RUS,CHN,251741
5032860,192,43,5739,1995,0.0,7426.0,0.747684,0.4745,SGP,CHN,251741
5032861,222,43,5739,1995,0.0,3240.0,0.254658,-0.496058,TTO,CHN,251741
5032862,231,43,5739,1995,2360.0,0.0,1.771648,1.184,USA,CHN,251741
5032863,249,43,5739,1995,37848.0,22272.0,1.345205,1.9337389999999999,TWN,CHN,251741
5032864,54,49,5739,1995,10185.0,0.0,-0.315644,-0.8812110000000001,CUB,COL,251741
5032865,71,49,5739,1995,1616.0,0.0,1.144247,1.933844,ESP,COL,251741
5032866,111,49,5739,1995,2611.0,0.0,1.503379,1.449094,ITA,COL,251741
5032867,231,49,5739,1995,21498.0,10061.0,1.771648,1.184,USA,COL,251741
5032868,236,49,5739,1995,0.0,17831.0,0.299294,-0.635474,VEN,COL,251741
5032869,111,52,5739,1995,8946.0,0.0,1.503379,1.449094,ITA,CRI,251741
5032870,15,61,5739,1995,47638460.0,381456.0,2.000295,0.661255,AUT,DEU,251741
5032871,18,61,5739,1995,156373.0,6046312.0,1.615588,1.394102,BEL,DEU,251741
5032872,28,61,5739,1995,0.0,2215.0,0.5290279999999999,0.27031700000000003,BLR,DEU,251741
5032873,41,61,5739,1995,8364.0,7807.0,2.1893029999999998,0.82765,CHE,DEU,251741
5032874,43,61,5739,1995,0.0,63791.0,0.387897,3.2147919999999996,CHN,DEU,251741
5032875,59,61,5739,1995,1035589.0,4977.0,1.375091,1.628069,CZE,DEU,251741
5032876,64,61,5739,1995,2910.0,1143446.0,1.3800270000000001,1.489036,DNK,DEU,251741
5032877,71,61,5739,1995,1792016.0,1030.0,1.144247,1.933844,ESP,DEU,251741
5032878,74,61,5739,1995,3164934.0,1985.0,2.0085740000000003,1.126816,FIN,DEU,251741
5032879,77,61,5739,1995,2294508.0,967365.0,1.768484,0.765537,FRA,DEU,251741
5032880,81,61,5739,1995,0.0,16864.0,1.8656979999999999,1.107121,GBR,DEU,251741
5032881,90,61,5739,1995,22915.0,0.0,0.17369,0.885756,GRC,DEU,251741
5032882,97,61,5739,1995,0.0,30326.0,0.5244449999999999,2.682738,HKG,DEU,251741
5032883,100,61,5739,1995,0.0,3910.0,0.75325,1.395715,HRV,DEU,251741
5032884,102,61,5739,1995,0.0,13029.0,0.878711,1.8200060000000002,HUN,DEU,251741
5032885,104,61,5739,1995,0.0,2877.0,0.156183,1.9617380000000002,IND,DEU,251741
5032886,109,61,5739,1995,0.0,6485.0,0.161331,-0.45210100000000003,ISL,DEU,251741
5032887,111,61,5739,1995,9248946.0,41132.0,1.503379,1.449094,ITA,DEU,251741
5032888,114,61,5739,1995,0.0,1941.0,2.56822,0.927307,JPN,DEU,251741
5032889,162,61,5739,1995,361638.0,8685698.0,1.304391,1.8819119999999998,NLD,DEU,251741
5032890,163,61,5739,1995,50807796.0,2282.0,1.019741,0.394241,NOR,DEU,251741
5032891,177,61,5739,1995,14936.0,79883.0,0.76393,1.802648,POL,DEU,251741
5032892,207,61,5739,1995,0.0,2898.0,1.424606,1.490521,SVN,DEU,251741
5032893,208,61,5739,1995,209456.0,27494.0,2.246997,1.060171,SWE,DEU,251741
5032894,211,61,5739,1995,0.0,2152.0,-0.103343,-0.57371,SYC,DEU,251741
5032895,216,61,5739,1995,1608.0,0.0,0.174522,1.608058,THA,DEU,251741
5032896,231,61,5739,1995,36816.0,0.0,1.771648,1.184,USA,DEU,251741
5032897,246,61,5739,1995,0.0,8348.0,0.468112,1.039817,ZAF,DEU,251741
5032898,15,64,5739,1995,326577.0,0.0,2.000295,0.661255,AUT,DNK,251741
5032899,61,64,5739,1995,1143446.0,2910.0,2.325385,-2.2238189999999998,DEU,DNK,251741
5032900,77,64,5739,1995,21478.0,0.0,1.768484,0.765537,FRA,DNK,251741
5032901,81,64,5739,1995,105107.0,0.0,1.8656979999999999,1.107121,GBR,DNK,251741
5032902,111,64,5739,1995,54599.0,0.0,1.503379,1.449094,ITA,DNK,251741
5032903,162,64,5739,1995,41478.0,0.0,1.304391,1.8819119999999998,NLD,DNK,251741
5032904,163,64,5739,1995,214720.0,2812.0,1.019741,0.394241,NOR,DNK,251741
5032905,208,64,5739,1995,1696077.0,3306.0,2.246997,1.060171,SWE,DNK,251741
5032906,15,71,5739,1995,3327.0,0.0,2.000295,0.661255,AUT,ESP,251741
5032907,49,71,5739,1995,0.0,1616.0,0.094335,0.13047999999999998,COL,ESP,251741
5032908,61,71,5739,1995,1030.0,1792016.0,2.325385,-2.2238189999999998,DEU,ESP,251741
5032909,65,71,5739,1995,0.0,12615.0,-0.635482,-0.746526,DOM,ESP,251741
5032910,77,71,5739,1995,343397.0,0.0,1.768484,0.765537,FRA,ESP,251741
5032911,106,71,5739,1995,0.0,1890.0,1.349192,0.992099,IRL,ESP,251741
5032912,111,71,5739,1995,160124.0,3996.0,1.503379,1.449094,ITA,ESP,251741
5032913,122,71,5739,1995,0.0,4384.0,-0.226273,-1.02354,KWT,ESP,251741
5032914,162,71,5739,1995,0.0,2403.0,1.304391,1.8819119999999998,NLD,ESP,251741
5032915,179,71,5739,1995,14566.0,4820.0,0.412677,1.254009,PRT,ESP,251741
5032916,183,71,5739,1995,0.0,74718.0,-0.721352,-1.0827799999999999,QAT,ESP,251741
5032917,188,71,5739,1995,0.0,37015.0,0.401573,-0.6676529999999999,SAU,ESP,251741
5032918,192,71,5739,1995,0.0,47843.0,0.747684,0.4745,SGP,ESP,251741
5032919,208,71,5739,1995,0.0,30118.0,2.246997,1.060171,SWE,ESP,251741
5032920,243,71,5739,1995,0.0,26633.0,-1.302346,-1.135961,YEM,ESP,251741
5032921,15,74,5739,1995,302300.0,0.0,2.000295,0.661255,AUT,FIN,251741
5032922,61,74,5739,1995,1985.0,3164934.0,2.325385,-2.2238189999999998,DEU,FIN,251741
5032923,72,74,5739,1995,0.0,7206.0,0.530041,1.134288,EST,FIN,251741
5032924,77,74,5739,1995,67404.0,0.0,1.768484,0.765537,FRA,FIN,251741
5032925,162,74,5739,1995,4347.0,0.0,1.304391,1.8819119999999998,NLD,FIN,251741
5032926,186,74,5739,1995,2122.0,0.0,0.364437,0.171494,RUS,FIN,251741
5032927,208,74,5739,1995,21237.0,2290.0,2.246997,1.060171,SWE,FIN,251741
5032928,14,77,5739,1995,0.0,61467.0,0.44442,0.789292,AUS,FRA,251741
5032929,15,77,5739,1995,254006.0,52909.0,2.000295,0.661255,AUT,FRA,251741
5032930,18,77,5739,1995,234168.0,1376287.0,1.615588,1.394102,BEL,FRA,251741
5032931,39,77,5739,1995,0.0,17455.0,1.077804,1.0724200000000002,CAN,FRA,251741
5032932,41,77,5739,1995,10705.0,37651.0,2.1893029999999998,0.82765,CHE,FRA,251741
5032933,59,77,5739,1995,0.0,2074.0,1.375091,1.628069,CZE,FRA,251741
5032934,61,77,5739,1995,967365.0,2294508.0,2.325385,-2.2238189999999998,DEU,FRA,251741
5032935,64,77,5739,1995,0.0,21478.0,1.3800270000000001,1.489036,DNK,FRA,251741
5032936,71,77,5739,1995,0.0,343397.0,1.144247,1.933844,ESP,FRA,251741
5032937,74,77,5739,1995,0.0,67404.0,2.0085740000000003,1.126816,FIN,FRA,251741
5032938,80,77,5739,1995,0.0,6658.0,-1.445673,-1.099128,GAB,FRA,251741
5032939,81,77,5739,1995,2944.0,0.0,1.8656979999999999,1.107121,GBR,FRA,251741
5032940,86,77,5739,1995,0.0,3018.0,0.563491,-0.18852,GLP,FRA,251741
5032941,90,77,5739,1995,26729.0,7079.0,0.17369,0.885756,GRC,FRA,251741
5032942,111,77,5739,1995,3707111.0,242472.0,1.503379,1.449094,ITA,FRA,251741
5032943,162,77,5739,1995,7216.0,1746356.0,1.304391,1.8819119999999998,NLD,FRA,251741
5032944,177,77,5739,1995,0.0,2313.0,0.76393,1.802648,POL,FRA,251741
5032945,179,77,5739,1995,243994.0,227263.0,0.412677,1.254009,PRT,FRA,251741
5032946,207,77,5739,1995,0.0,20699.0,1.424606,1.490521,SVN,FRA,251741
5032947,208,77,5739,1995,136416.0,136982.0,2.246997,1.060171,SWE,FRA,251741
5032948,224,77,5739,1995,5023.0,35214.0,0.166794,1.209066,TUR,FRA,251741
5032949,231,77,5739,1995,2365.0,0.0,1.771648,1.184,USA,FRA,251741
5032950,15,81,5739,1995,116827.0,0.0,2.000295,0.661255,AUT,GBR,251741
5032951,18,81,5739,1995,8298.0,558330.0,1.615588,1.394102,BEL,GBR,251741
5032952,32,81,5739,1995,13487.0,0.0,0.687171,1.188647,BRA,GBR,251741
5032953,39,81,5739,1995,2935.0,0.0,1.077804,1.0724200000000002,CAN,GBR,251741
5032954,41,81,5739,1995,0.0,1955.0,2.1893029999999998,0.82765,CHE,GBR,251741
5032955,61,81,5739,1995,16864.0,0.0,2.325385,-2.2238189999999998,DEU,GBR,251741
5032956,64,81,5739,1995,0.0,105107.0,1.3800270000000001,1.489036,DNK,GBR,251741
5032957,77,81,5739,1995,0.0,2944.0,1.768484,0.765537,FRA,GBR,251741
5032958,90,81,5739,1995,39503.0,0.0,0.17369,0.885756,GRC,GBR,251741
5032959,106,81,5739,1995,5967.0,470630.0,1.349192,0.992099,IRL,GBR,251741
5032960,111,81,5739,1995,2624081.0,0.0,1.503379,1.449094,ITA,GBR,251741
5032961,114,81,5739,1995,4384.0,0.0,2.56822,0.927307,JPN,GBR,251741
5032962,121,81,5739,1995,2134.0,0.0,0.845175,1.2761799999999999,KOR,GBR,251741
5032963,162,81,5739,1995,0.0,1402.0,1.304391,1.8819119999999998,NLD,GBR,251741
5032964,163,81,5739,1995,156364.0,1920.0,1.019741,0.394241,NOR,GBR,251741
5032965,208,81,5739,1995,4955.0,89618.0,2.246997,1.060171,SWE,GBR,251741
5032966,224,81,5739,1995,1416.0,0.0,0.166794,1.209066,TUR,GBR,251741
5032967,231,81,5739,1995,12929.0,0.0,1.771648,1.184,USA,GBR,251741
5032968,77,86,5739,1995,3018.0,0.0,1.768484,0.765537,FRA,GLP,251741
5032969,138,93,5739,1995,2012.0,0.0,0.6414300000000001,0.9697520000000001,MEX,GTM,251741
5032970,197,93,5739,1995,0.0,97514.0,-0.17119600000000001,0.027889999999999998,SLV,GTM,251741
5032971,15,97,5739,1995,8048.0,0.0,2.000295,0.661255,AUT,HKG,251741
5032972,43,97,5739,1995,21386.0,4348.0,0.387897,3.2147919999999996,CHN,HKG,251741
5032973,61,97,5739,1995,30326.0,0.0,2.325385,-2.2238189999999998,DEU,HKG,251741
5032974,71,106,5739,1995,1890.0,0.0,1.144247,1.933844,ESP,IRL,251741
5032975,81,106,5739,1995,470630.0,5967.0,1.8656979999999999,1.107121,GBR,IRL,251741
5032976,90,106,5739,1995,68470.0,0.0,0.17369,0.885756,GRC,IRL,251741
5032977,111,106,5739,1995,26206.0,0.0,1.503379,1.449094,ITA,IRL,251741
5032978,163,106,5739,1995,1762.0,0.0,1.019741,0.394241,NOR,IRL,251741
5032979,111,110,5739,1995,3304133.0,0.0,1.503379,1.449094,ITA,ISR,251741
5032980,224,110,5739,1995,93316.0,0.0,0.166794,1.209066,TUR,ISR,251741
5032981,249,110,5739,1995,12747.0,0.0,1.345205,1.9337389999999999,TWN,ISR,251741
5032982,250,110,5739,1995,45447.0,0.0,1.034518,0.9735149999999999,ANS,ISR,251741
5032983,4,111,5739,1995,0.0,1002.0,-0.39273,-0.47259300000000004,ALB,ITA,251741
5032984,6,111,5739,1995,0.0,5903.0,-0.020759,-0.653863,ANT,ITA,251741
5032985,7,111,5739,1995,0.0,179628.0,-0.205166,-0.6132380000000001,ARE,ITA,251741
5032986,8,111,5739,1995,0.0,10289.0,0.245885,0.5489850000000001,ARG,ITA,251741
5032987,14,111,5739,1995,0.0,17171.0,0.44442,0.789292,AUS,ITA,251741
5032988,15,111,5739,1995,220767.0,1878946.0,2.000295,0.661255,AUT,ITA,251741
5032989,18,111,5739,1995,16349.0,5129088.0,1.615588,1.394102,BEL,ITA,251741
5032990,19,111,5739,1995,0.0,8239.0,-1.142708,-0.9045280000000001,BEN,ITA,251741
5032991,31,111,5739,1995,44892.0,0.0,-0.440583,-0.688389,BOL,ITA,251741
5032992,39,111,5739,1995,0.0,8184.0,1.077804,1.0724200000000002,CAN,ITA,251741
5032993,41,111,5739,1995,7208.0,4308392.0,2.1893029999999998,0.82765,CHE,ITA,251741
5032994,43,111,5739,1995,0.0,18291.0,0.387897,3.2147919999999996,CHN,ITA,251741
5032995,44,111,5739,1995,0.0,41740.0,-0.781656,-0.74293,CIV,ITA,251741
5032996,49,111,5739,1995,0.0,2611.0,0.094335,0.13047999999999998,COL,ITA,251741
5032997,52,111,5739,1995,0.0,8946.0,-0.30094699999999996,-0.046285,CRI,ITA,251741
5032998,58,111,5739,1995,0.0,78583.0,0.263764,0.030358999999999997,CYP,ITA,251741
5032999,59,111,5739,1995,0.0,22418.0,1.375091,1.628069,CZE,ITA,251741
5033000,61,111,5739,1995,41132.0,9248946.0,2.325385,-2.2238189999999998,DEU,ITA,251741
5033001,64,111,5739,1995,0.0,54599.0,1.3800270000000001,1.489036,DNK,ITA,251741
5033002,66,111,5739,1995,0.0,3529.0,-0.555409,-1.037972,DZA,ITA,251741
5033003,68,111,5739,1995,0.0,840523.0,-0.340042,-0.085601,EGY,ITA,251741
5033004,71,111,5739,1995,3996.0,160124.0,1.144247,1.933844,ESP,ITA,251741
5033005,77,111,5739,1995,242472.0,3707111.0,1.768484,0.765537,FRA,ITA,251741
5033006,80,111,5739,1995,0.0,2979.0,-1.445673,-1.099128,GAB,ITA,251741
5033007,81,111,5739,1995,0.0,2624081.0,1.8656979999999999,1.107121,GBR,ITA,251741
5033008,85,111,5739,1995,0.0,5272.0,-1.304768,-1.077826,GIN,ITA,251741
5033009,90,111,5739,1995,0.0,104142.0,0.17369,0.885756,GRC,ITA,251741
5033010,100,111,5739,1995,0.0,9946.0,0.75325,1.395715,HRV,ITA,251741
5033011,102,111,5739,1995,0.0,27741.0,0.878711,1.8200060000000002,HUN,ITA,251741
5033012,103,111,5739,1995,0.0,4992.0,-0.391727,1.174727,IDN,ITA,251741
5033013,104,111,5739,1995,4738.0,30716.0,0.156183,1.9617380000000002,IND,ITA,251741
5033014,106,111,5739,1995,0.0,26206.0,1.349192,0.992099,IRL,ITA,251741
5033015,109,111,5739,1995,0.0,9550.0,0.161331,-0.45210100000000003,ISL,ITA,251741
5033016,110,111,5739,1995,0.0,3304133.0,1.205368,1.189434,ISR,ITA,251741
5033017,113,111,5739,1995,0.0,139973.0,0.666542,0.326785,JOR,ITA,251741
5033018,114,111,5739,1995,0.0,26051.0,2.56822,0.927307,JPN,ITA,251741
5033019,121,111,5739,1995,0.0,84958.0,0.845175,1.2761799999999999,KOR,ITA,251741
5033020,122,111,5739,1995,0.0,5592642.0,-0.226273,-1.02354,KWT,ITA,251741
5033021,124,111,5739,1995,0.0,656668.0,0.027416000000000003,0.327795,LBN,ITA,251741
5033022,126,111,5739,1995,0.0,59006.0,-0.353547,-1.019464,LBY,ITA,251741
5033023,128,111,5739,1995,0.0,2079.0,-0.8358030000000001,-0.29397199999999996,LKA,ITA,251741
5033024,133,111,5739,1995,0.0,44765.0,-0.149794,-0.26961799999999997,MAC,ITA,251741
5033025,138,111,5739,1995,1922.0,40739.0,0.6414300000000001,0.9697520000000001,MEX,ITA,251741
5033026,142,111,5739,1995,0.0,262468.0,0.842519,0.11882899999999999,MLT,ITA,251741
5033027,153,111,5739,1995,0.0,1617.0,0.357745,0.374284,MYS,ITA,251741
5033028,162,111,5739,1995,2393.0,1774674.0,1.304391,1.8819119999999998,NLD,ITA,251741
5033029,163,111,5739,1995,0.0,3272.0,1.019741,0.394241,NOR,ITA,251741
5033030,168,111,5739,1995,0.0,2200.0,-0.707965,-0.324784,PAK,ITA,251741
5033031,174,111,5739,1995,0.0,1271.0,-0.480548,0.076564,PHL,ITA,251741
5033032,177,111,5739,1995,0.0,13659.0,0.76393,1.802648,POL,ITA,251741
5033033,185,111,5739,1995,0.0,1800.0,0.621468,1.038729,ROU,ITA,251741
5033034,186,111,5739,1995,0.0,1034.0,0.364437,0.171494,RUS,ITA,251741
5033035,188,111,5739,1995,0.0,41078.0,0.401573,-0.6676529999999999,SAU,ITA,251741
5033036,192,111,5739,1995,0.0,37504.0,0.747684,0.4745,SGP,ITA,251741
5033037,207,111,5739,1995,0.0,309525.0,1.424606,1.490521,SVN,ITA,251741
5033038,208,111,5739,1995,0.0,1524905.0,2.246997,1.060171,SWE,ITA,251741
5033039,216,111,5739,1995,0.0,6493.0,0.174522,1.608058,THA,ITA,251741
5033040,222,111,5739,1995,0.0,2627.0,0.254658,-0.496058,TTO,ITA,251741
5033041,223,111,5739,1995,0.0,1709927.0,-0.253792,-0.044331,TUN,ITA,251741
5033042,224,111,5739,1995,0.0,28151.0,0.166794,1.209066,TUR,ITA,251741
5033043,226,111,5739,1995,0.0,5680.0,-1.219949,-0.8698969999999999,TZA,ITA,251741
5033044,230,111,5739,1995,0.0,1454.0,0.45133900000000005,0.50831,URY,ITA,251741
5033045,231,111,5739,1995,0.0,95565.0,1.771648,1.184,USA,ITA,251741
5033046,246,111,5739,1995,0.0,34932.0,0.468112,1.039817,ZAF,ITA,251741
5033047,249,111,5739,1995,2913.0,19942.0,1.345205,1.9337389999999999,TWN,ITA,251741
5033048,15,121,5739,1995,43587.0,0.0,2.000295,0.661255,AUT,KOR,251741
5033049,43,121,5739,1995,0.0,1402.0,0.387897,3.2147919999999996,CHN,KOR,251741
5033050,81,121,5739,1995,0.0,2134.0,1.8656979999999999,1.107121,GBR,KOR,251741
5033051,111,121,5739,1995,84958.0,0.0,1.503379,1.449094,ITA,KOR,251741
5033052,114,121,5739,1995,49221.0,0.0,2.56822,0.927307,JPN,KOR,251741
5033053,231,121,5739,1995,39477.0,0.0,1.771648,1.184,USA,KOR,251741
5033054,93,138,5739,1995,0.0,2012.0,-0.241468,0.170932,GTM,MEX,251741
5033055,111,138,5739,1995,40739.0,1922.0,1.503379,1.449094,ITA,MEX,251741
5033056,231,138,5739,1995,8400.0,616487.0,1.771648,1.184,USA,MEX,251741
5033057,15,153,5739,1995,5366.0,0.0,2.000295,0.661255,AUT,MYS,251741
5033058,43,153,5739,1995,1802.0,0.0,0.387897,3.2147919999999996,CHN,MYS,251741
5033059,104,153,5739,1995,2277.0,0.0,0.156183,1.9617380000000002,IND,MYS,251741
5033060,111,153,5739,1995,1617.0,0.0,1.503379,1.449094,ITA,MYS,251741
5033061,114,153,5739,1995,0.0,134667.0,2.56822,0.927307,JPN,MYS,251741
5033062,174,153,5739,1995,3023.0,0.0,-0.480548,0.076564,PHL,MYS,251741
5033063,192,153,5739,1995,0.0,168679.0,0.747684,0.4745,SGP,MYS,251741
5033064,249,153,5739,1995,8572.0,0.0,1.345205,1.9337389999999999,TWN,MYS,251741
5033065,0,162,5739,1995,0.0,5884.0,-0.502999,-0.713013,ABW,NLD,251741
5033066,6,162,5739,1995,0.0,23105.0,-0.020759,-0.653863,ANT,NLD,251741
5033067,15,162,5739,1995,1676669.0,1553.0,2.000295,0.661255,AUT,NLD,251741
5033068,18,162,5739,1995,209084.0,44680.0,1.615588,1.394102,BEL,NLD,251741
5033069,41,162,5739,1995,0.0,1627.0,2.1893029999999998,0.82765,CHE,NLD,251741
5033070,61,162,5739,1995,8685698.0,361638.0,2.325385,-2.2238189999999998,DEU,NLD,251741
5033071,64,162,5739,1995,0.0,41478.0,1.3800270000000001,1.489036,DNK,NLD,251741
5033072,71,162,5739,1995,2403.0,0.0,1.144247,1.933844,ESP,NLD,251741
5033073,74,162,5739,1995,0.0,4347.0,2.0085740000000003,1.126816,FIN,NLD,251741
5033074,77,162,5739,1995,1746356.0,7216.0,1.768484,0.765537,FRA,NLD,251741
5033075,81,162,5739,1995,1402.0,0.0,1.8656979999999999,1.107121,GBR,NLD,251741
5033076,111,162,5739,1995,1774674.0,2393.0,1.503379,1.449094,ITA,NLD,251741
5033077,113,162,5739,1995,0.0,6828.0,0.666542,0.326785,JOR,NLD,251741
5033078,163,162,5739,1995,2081072.0,48896.0,1.019741,0.394241,NOR,NLD,251741
5033079,179,162,5739,1995,4618.0,0.0,0.412677,1.254009,PRT,NLD,251741
5033080,188,162,5739,1995,0.0,16034.0,0.401573,-0.6676529999999999,SAU,NLD,251741
5033081,208,162,5739,1995,7010.0,0.0,2.246997,1.060171,SWE,NLD,251741
5033082,15,163,5739,1995,15116.0,0.0,2.000295,0.661255,AUT,NOR,251741
5033083,18,163,5739,1995,0.0,5043510.0,1.615588,1.394102,BEL,NOR,251741
5033084,41,163,5739,1995,0.0,3166.0,2.1893029999999998,0.82765,CHE,NOR,251741
5033085,61,163,5739,1995,2282.0,50807796.0,2.325385,-2.2238189999999998,DEU,NOR,251741
5033086,64,163,5739,1995,2812.0,214720.0,1.3800270000000001,1.489036,DNK,NOR,251741
5033087,81,163,5739,1995,1920.0,156364.0,1.8656979999999999,1.107121,GBR,NOR,251741
5033088,106,163,5739,1995,0.0,1762.0,1.349192,0.992099,IRL,NOR,251741
5033089,109,163,5739,1995,0.0,1067.0,0.161331,-0.45210100000000003,ISL,NOR,251741
5033090,111,163,5739,1995,3272.0,0.0,1.503379,1.449094,ITA,NOR,251741
5033091,162,163,5739,1995,48896.0,2081072.0,1.304391,1.8819119999999998,NLD,NOR,251741
5033092,208,163,5739,1995,289568.0,18891468.0,2.246997,1.060171,SWE,NOR,251741
5033093,231,169,5739,1995,31080.0,0.0,1.771648,1.184,USA,PAN,251741
5033094,15,177,5739,1995,863425.0,0.0,2.000295,0.661255,AUT,POL,251741
5033095,59,177,5739,1995,357058.0,5153.0,1.375091,1.628069,CZE,POL,251741
5033096,61,177,5739,1995,79883.0,14936.0,2.325385,-2.2238189999999998,DEU,POL,251741
5033097,77,177,5739,1995,2313.0,0.0,1.768484,0.765537,FRA,POL,251741
5033098,111,177,5739,1995,13659.0,0.0,1.503379,1.449094,ITA,POL,251741
5033099,130,177,5739,1995,0.0,2264.0,0.41220500000000004,0.966966,LTU,POL,251741
5033100,208,177,5739,1995,497768.0,0.0,2.246997,1.060171,SWE,POL,251741
5033101,250,177,5739,1995,13615.0,0.0,1.034518,0.9735149999999999,ANS,POL,251741
5033102,18,179,5739,1995,0.0,116311.0,1.615588,1.394102,BEL,PRT,251741
5033103,71,179,5739,1995,4820.0,14566.0,1.144247,1.933844,ESP,PRT,251741
5033104,77,179,5739,1995,227263.0,243994.0,1.768484,0.765537,FRA,PRT,251741
5033105,124,179,5739,1995,0.0,2753.0,0.027416000000000003,0.327795,LBN,PRT,251741
5033106,162,179,5739,1995,0.0,4618.0,1.304391,1.8819119999999998,NLD,PRT,251741
5033107,61,216,5739,1995,0.0,1608.0,2.325385,-2.2238189999999998,DEU,THA,251741
5033108,104,216,5739,1995,4759.0,0.0,0.156183,1.9617380000000002,IND,THA,251741
5033109,111,216,5739,1995,6493.0,0.0,1.503379,1.449094,ITA,THA,251741
5033110,114,216,5739,1995,4826.0,0.0,2.56822,0.927307,JPN,THA,251741
5033111,123,216,5739,1995,0.0,1572.0,-1.305146,-1.1964299999999999,LAO,THA,251741
5033112,43,222,5739,1995,3240.0,0.0,0.387897,3.2147919999999996,CHN,TTO,251741
5033113,111,222,5739,1995,2627.0,0.0,1.503379,1.449094,ITA,TTO,251741
5033114,8,231,5739,1995,0.0,6505.0,0.245885,0.5489850000000001,ARG,USA,251741
5033115,14,231,5739,1995,0.0,2999.0,0.44442,0.789292,AUS,USA,251741
5033116,39,231,5739,1995,6749810.0,9227127.0,1.077804,1.0724200000000002,CAN,USA,251741
5033117,43,231,5739,1995,0.0,2360.0,0.387897,3.2147919999999996,CHN,USA,251741
5033118,49,231,5739,1995,10061.0,21498.0,0.094335,0.13047999999999998,COL,USA,251741
5033119,61,231,5739,1995,0.0,36816.0,2.325385,-2.2238189999999998,DEU,USA,251741
5033120,65,231,5739,1995,6688.0,0.0,-0.635482,-0.746526,DOM,USA,251741
5033121,77,231,5739,1995,0.0,2365.0,1.768484,0.765537,FRA,USA,251741
5033122,81,231,5739,1995,0.0,12929.0,1.8656979999999999,1.107121,GBR,USA,251741
5033123,101,231,5739,1995,0.0,2931.0,-0.761827,-0.6020310000000001,HTI,USA,251741
5033124,104,231,5739,1995,6117.0,0.0,0.156183,1.9617380000000002,IND,USA,251741
5033125,111,231,5739,1995,95565.0,0.0,1.503379,1.449094,ITA,USA,251741
5033126,112,231,5739,1995,0.0,20356.0,-0.873925,-0.952304,JAM,USA,251741
5033127,121,231,5739,1995,0.0,39477.0,0.845175,1.2761799999999999,KOR,USA,251741
5033128,138,231,5739,1995,616487.0,8400.0,0.6414300000000001,0.9697520000000001,MEX,USA,251741
5033129,169,231,5739,1995,0.0,31080.0,-0.019815,0.050906,PAN,USA,251741
5033130,188,231,5739,1995,0.0,64575.0,0.401573,-0.6676529999999999,SAU,USA,251741
5033131,192,231,5739,1995,0.0,2767.0,0.747684,0.4745,SGP,USA,251741
5033132,249,231,5739,1995,28845.0,0.0,1.345205,1.9337389999999999,TWN,USA,251741
5033133,77,14,5739,1995,61467.0,0.0,1.768484,0.765537,FRA,AUS,251741
5033134,111,14,5739,1995,17171.0,0.0,1.503379,1.449094,ITA,AUS,251741
5033135,192,14,5739,1995,0.0,2029.0,0.747684,0.4745,SGP,AUS,251741
5033136,231,14,5739,1995,2999.0,0.0,1.771648,1.184,USA,AUS,251741
5033137,249,14,5739,1995,1759.0,0.0,1.345205,1.9337389999999999,TWN,AUS,251741
5033138,104,22,5739,1995,541865.0,0.0,0.156183,1.9617380000000002,IND,BGD,251741
5033139,114,22,5739,1995,18199.0,0.0,2.56822,0.927307,JPN,BGD,251741
5033140,168,22,5739,1995,530580.0,0.0,-0.707965,-0.324784,PAK,BGD,251741
5033141,250,22,5739,1995,5995.0,0.0,1.034518,0.9735149999999999,ANS,BGD,251741
5033142,15,39,5739,1995,4008.0,0.0,2.000295,0.661255,AUT,CAN,251741
5033143,77,39,5739,1995,17455.0,0.0,1.768484,0.765537,FRA,CAN,251741
5033144,81,39,5739,1995,0.0,2935.0,1.8656979999999999,1.107121,GBR,CAN,251741
5033145,111,39,5739,1995,8184.0,0.0,1.503379,1.449094,ITA,CAN,251741
5033146,174,39,5739,1995,0.0,10429.0,-0.480548,0.076564,PHL,CAN,251741
5033147,231,39,5739,1995,9227127.0,6749810.0,1.771648,1.184,USA,CAN,251741
5033148,15,41,5739,1995,7162292.0,2395.0,2.000295,0.661255,AUT,CHE,251741
5033149,18,41,5739,1995,0.0,2791.0,1.615588,1.394102,BEL,CHE,251741
5033150,59,41,5739,1995,1254.0,0.0,1.375091,1.628069,CZE,CHE,251741
5033151,61,41,5739,1995,7807.0,8364.0,2.325385,-2.2238189999999998,DEU,CHE,251741
5033152,77,41,5739,1995,37651.0,10705.0,1.768484,0.765537,FRA,CHE,251741
5033153,81,41,5739,1995,1955.0,0.0,1.8656979999999999,1.107121,GBR,CHE,251741
5033154,111,41,5739,1995,4308392.0,7208.0,1.503379,1.449094,ITA,CHE,251741
5033155,162,41,5739,1995,1627.0,0.0,1.304391,1.8819119999999998,NLD,CHE,251741
5033156,163,41,5739,1995,3166.0,0.0,1.019741,0.394241,NOR,CHE,251741
5033157,18,42,5739,1995,3310.0,0.0,1.615588,1.394102,BEL,CHL,251741
5033158,15,59,5739,1995,539156.0,2350.0,2.000295,0.661255,AUT,CZE,251741
5033159,18,59,5739,1995,0.0,2303.0,1.615588,1.394102,BEL,CZE,251741
5033160,28,59,5739,1995,0.0,33142.0,0.5290279999999999,0.27031700000000003,BLR,CZE,251741
5033161,41,59,5739,1995,0.0,1254.0,2.1893029999999998,0.82765,CHE,CZE,251741
5033162,61,59,5739,1995,4977.0,1035589.0,2.325385,-2.2238189999999998,DEU,CZE,251741
5033163,77,59,5739,1995,2074.0,0.0,1.768484,0.765537,FRA,CZE,251741
5033164,111,59,5739,1995,22418.0,0.0,1.503379,1.449094,ITA,CZE,251741
5033165,177,59,5739,1995,5153.0,357058.0,0.76393,1.802648,POL,CZE,251741
5033166,206,59,5739,1995,0.0,1025324.0,1.2249780000000001,1.405585,SVK,CZE,251741
5033167,208,59,5739,1995,2800.0,0.0,2.246997,1.060171,SWE,CZE,251741
5033168,228,59,5739,1995,0.0,32268.0,0.428875,0.20489899999999997,UKR,CZE,251741
5033169,111,68,5739,1995,840523.0,0.0,1.503379,1.449094,ITA,EGY,251741
5033170,15,72,5739,1995,2593.0,0.0,2.000295,0.661255,AUT,EST,251741
5033171,74,72,5739,1995,7206.0,0.0,2.0085740000000003,1.126816,FIN,EST,251741
5033172,186,72,5739,1995,18915.0,0.0,0.364437,0.171494,RUS,EST,251741
5033173,208,72,5739,1995,36862.0,0.0,2.246997,1.060171,SWE,EST,251741
5033174,15,103,5739,1995,39912.0,0.0,2.000295,0.661255,AUT,IDN,251741
5033175,111,103,5739,1995,4992.0,0.0,1.503379,1.449094,ITA,IDN,251741
5033176,114,103,5739,1995,9304.0,0.0,2.56822,0.927307,JPN,IDN,251741
5033177,207,103,5739,1995,0.0,2465.0,1.424606,1.490521,SVN,IDN,251741
5033178,249,103,5739,1995,0.0,1419.0,1.345205,1.9337389999999999,TWN,IDN,251741
5033179,7,104,5739,1995,0.0,9287.0,-0.205166,-0.6132380000000001,ARE,IND,251741
5033180,15,104,5739,1995,3269.0,0.0,2.000295,0.661255,AUT,IND,251741
5033181,18,104,5739,1995,0.0,7581.0,1.615588,1.394102,BEL,IND,251741
5033182,22,104,5739,1995,0.0,541865.0,-1.037175,-0.983195,BGD,IND,251741
5033183,61,104,5739,1995,2877.0,0.0,2.325385,-2.2238189999999998,DEU,IND,251741
5033184,111,104,5739,1995,30716.0,4738.0,1.503379,1.449094,ITA,IND,251741
5033185,114,104,5739,1995,0.0,8242.0,2.56822,0.927307,JPN,IND,251741
5033186,128,104,5739,1995,0.0,1023.0,-0.8358030000000001,-0.29397199999999996,LKA,IND,251741
5033187,151,104,5739,1995,0.0,10955.0,-0.432644,-0.574298,MUS,IND,251741
5033188,153,104,5739,1995,0.0,2277.0,0.357745,0.374284,MYS,IND,251741
5033189,192,104,5739,1995,0.0,16792.0,0.747684,0.4745,SGP,IND,251741
5033190,208,104,5739,1995,1745.0,0.0,2.246997,1.060171,SWE,IND,251741
5033191,216,104,5739,1995,0.0,4759.0,0.174522,1.608058,THA,IND,251741
5033192,231,104,5739,1995,0.0,6117.0,1.771648,1.184,USA,IND,251741
5033193,111,113,5739,1995,139973.0,0.0,1.503379,1.449094,ITA,JOR,251741
5033194,162,113,5739,1995,6828.0,0.0,1.304391,1.8819119999999998,NLD,JOR,251741
5033195,188,113,5739,1995,6124.0,0.0,0.401573,-0.6676529999999999,SAU,JOR,251741
5033196,224,113,5739,1995,3163.0,0.0,0.166794,1.209066,TUR,JOR,251741
5033197,15,114,5739,1995,40493.0,0.0,2.000295,0.661255,AUT,JPN,251741
5033198,22,114,5739,1995,0.0,18199.0,-1.037175,-0.983195,BGD,JPN,251741
5033199,43,114,5739,1995,375812.0,10457.0,0.387897,3.2147919999999996,CHN,JPN,251741
5033200,61,114,5739,1995,1941.0,0.0,2.325385,-2.2238189999999998,DEU,JPN,251741
5033201,81,114,5739,1995,0.0,4384.0,1.8656979999999999,1.107121,GBR,JPN,251741
5033202,103,114,5739,1995,0.0,9304.0,-0.391727,1.174727,IDN,JPN,251741
5033203,104,114,5739,1995,8242.0,0.0,0.156183,1.9617380000000002,IND,JPN,251741
5033204,111,114,5739,1995,26051.0,0.0,1.503379,1.449094,ITA,JPN,251741
5033205,121,114,5739,1995,0.0,49221.0,0.845175,1.2761799999999999,KOR,JPN,251741
5033206,153,114,5739,1995,134667.0,0.0,0.357745,0.374284,MYS,JPN,251741
5033207,192,114,5739,1995,1809.0,157810.0,0.747684,0.4745,SGP,JPN,251741
5033208,216,114,5739,1995,0.0,4826.0,0.174522,1.608058,THA,JPN,251741
5033209,249,114,5739,1995,15351.0,0.0,1.345205,1.9337389999999999,TWN,JPN,251741
5033210,186,132,5739,1995,3736.0,0.0,0.364437,0.171494,RUS,LVA,251741
5033211,90,142,5739,1995,1159.0,0.0,0.17369,0.885756,GRC,MLT,251741
5033212,111,142,5739,1995,262468.0,0.0,1.503379,1.449094,ITA,MLT,251741
5033213,208,142,5739,1995,4709.0,0.0,2.246997,1.060171,SWE,MLT,251741
5033214,15,185,5739,1995,34418.0,0.0,2.000295,0.661255,AUT,ROU,251741
5033215,102,185,5739,1995,0.0,2519.0,0.878711,1.8200060000000002,HUN,ROU,251741
5033216,111,185,5739,1995,1800.0,0.0,1.503379,1.449094,ITA,ROU,251741
5033217,135,185,5739,1995,0.0,7482.0,0.394058,0.124474,MDA,ROU,251741
5033218,228,185,5739,1995,0.0,3000.0,0.428875,0.20489899999999997,UKR,ROU,251741
5033219,7,188,5739,1995,4205.0,0.0,-0.205166,-0.6132380000000001,ARE,SAU,251741
5033220,15,188,5739,1995,44697.0,0.0,2.000295,0.661255,AUT,SAU,251741
5033221,24,188,5739,1995,0.0,70323.0,-0.239166,-0.8627950000000001,BHR,SAU,251741
5033222,71,188,5739,1995,37015.0,0.0,1.144247,1.933844,ESP,SAU,251741
5033223,90,188,5739,1995,32222.0,0.0,0.17369,0.885756,GRC,SAU,251741
5033224,111,188,5739,1995,41078.0,0.0,1.503379,1.449094,ITA,SAU,251741
5033225,113,188,5739,1995,0.0,6124.0,0.666542,0.326785,JOR,SAU,251741
5033226,122,188,5739,1995,0.0,108710.0,-0.226273,-1.02354,KWT,SAU,251741
5033227,162,188,5739,1995,16034.0,0.0,1.304391,1.8819119999999998,NLD,SAU,251741
5033228,208,188,5739,1995,18563.0,0.0,2.246997,1.060171,SWE,SAU,251741
5033229,231,188,5739,1995,64575.0,0.0,1.771648,1.184,USA,SAU,251741
5033230,14,192,5739,1995,2029.0,0.0,0.44442,0.789292,AUS,SGP,251741
5033231,15,192,5739,1995,24033.0,0.0,2.000295,0.661255,AUT,SGP,251741
5033232,34,192,5739,1995,0.0,7539.0,-0.979701,-0.85456,BRN,SGP,251741
5033233,43,192,5739,1995,7426.0,0.0,0.387897,3.2147919999999996,CHN,SGP,251741
5033234,71,192,5739,1995,47843.0,0.0,1.144247,1.933844,ESP,SGP,251741
5033235,104,192,5739,1995,16792.0,0.0,0.156183,1.9617380000000002,IND,SGP,251741
5033236,111,192,5739,1995,37504.0,0.0,1.503379,1.449094,ITA,SGP,251741
5033237,114,192,5739,1995,157810.0,1809.0,2.56822,0.927307,JPN,SGP,251741
5033238,153,192,5739,1995,168679.0,0.0,0.357745,0.374284,MYS,SGP,251741
5033239,168,192,5739,1995,56737.0,0.0,-0.707965,-0.324784,PAK,SGP,251741
5033240,174,192,5739,1995,2321.0,0.0,-0.480548,0.076564,PHL,SGP,251741
5033241,231,192,5739,1995,2767.0,0.0,1.771648,1.184,USA,SGP,251741
5033242,239,192,5739,1995,0.0,1368.0,-1.0462069999999999,-0.269063,VNM,SGP,251741
5033243,249,192,5739,1995,0.0,62491.0,1.345205,1.9337389999999999,TWN,SGP,251741
5033244,15,206,5739,1995,4220695.0,0.0,2.000295,0.661255,AUT,SVK,251741
5033245,59,206,5739,1995,1025324.0,0.0,1.375091,1.628069,CZE,SVK,251741
5033246,15,207,5739,1995,5233136.0,1808.0,2.000295,0.661255,AUT,SVN,251741
5033247,61,207,5739,1995,2898.0,0.0,2.325385,-2.2238189999999998,DEU,SVN,251741
5033248,77,207,5739,1995,20699.0,0.0,1.768484,0.765537,FRA,SVN,251741
5033249,100,207,5739,1995,58008.0,61991.0,0.75325,1.395715,HRV,SVN,251741
5033250,103,207,5739,1995,2465.0,0.0,-0.391727,1.174727,IDN,SVN,251741
5033251,111,207,5739,1995,309525.0,0.0,1.503379,1.449094,ITA,SVN,251741
5033252,15,208,5739,1995,727503.0,0.0,2.000295,0.661255,AUT,SWE,251741
5033253,59,208,5739,1995,0.0,2800.0,1.375091,1.628069,CZE,SWE,251741
5033254,61,208,5739,1995,27494.0,209456.0,2.325385,-2.2238189999999998,DEU,SWE,251741
5033255,64,208,5739,1995,3306.0,1696077.0,1.3800270000000001,1.489036,DNK,SWE,251741
5033256,71,208,5739,1995,30118.0,0.0,1.144247,1.933844,ESP,SWE,251741
5033257,72,208,5739,1995,0.0,36862.0,0.530041,1.134288,EST,SWE,251741
5033258,74,208,5739,1995,2290.0,21237.0,2.0085740000000003,1.126816,FIN,SWE,251741
5033259,77,208,5739,1995,136982.0,136416.0,1.768484,0.765537,FRA,SWE,251741
5033260,81,208,5739,1995,89618.0,4955.0,1.8656979999999999,1.107121,GBR,SWE,251741
5033261,104,208,5739,1995,0.0,1745.0,0.156183,1.9617380000000002,IND,SWE,251741
5033262,109,208,5739,1995,0.0,4158.0,0.161331,-0.45210100000000003,ISL,SWE,251741
5033263,111,208,5739,1995,1524905.0,0.0,1.503379,1.449094,ITA,SWE,251741
5033264,130,208,5739,1995,0.0,4920.0,0.41220500000000004,0.966966,LTU,SWE,251741
5033265,142,208,5739,1995,0.0,4709.0,0.842519,0.11882899999999999,MLT,SWE,251741
5033266,162,208,5739,1995,0.0,7010.0,1.304391,1.8819119999999998,NLD,SWE,251741
5033267,163,208,5739,1995,18891468.0,289568.0,1.019741,0.394241,NOR,SWE,251741
5033268,177,208,5739,1995,0.0,497768.0,0.76393,1.802648,POL,SWE,251741
5033269,186,208,5739,1995,0.0,18036.0,0.364437,0.171494,RUS,SWE,251741
5033270,188,208,5739,1995,0.0,18563.0,0.401573,-0.6676529999999999,SAU,SWE,251741
5033271,224,208,5739,1995,0.0,6031.0,0.166794,1.209066,TUR,SWE,251741
5033272,6,224,5739,1995,0.0,1629.0,-0.020759,-0.653863,ANT,TUR,251741
5033273,15,224,5739,1995,43937.0,0.0,2.000295,0.661255,AUT,TUR,251741
5033274,77,224,5739,1995,35214.0,5023.0,1.768484,0.765537,FRA,TUR,251741
5033275,81,224,5739,1995,0.0,1416.0,1.8656979999999999,1.107121,GBR,TUR,251741
5033276,102,224,5739,1995,0.0,358587.0,0.878711,1.8200060000000002,HUN,TUR,251741
5033277,110,224,5739,1995,0.0,93316.0,1.205368,1.189434,ISR,TUR,251741
5033278,111,224,5739,1995,28151.0,0.0,1.503379,1.449094,ITA,TUR,251741
5033279,113,224,5739,1995,0.0,3163.0,0.666542,0.326785,JOR,TUR,251741
5033280,186,224,5739,1995,0.0,24332.0,0.364437,0.171494,RUS,TUR,251741
5033281,208,224,5739,1995,6031.0,0.0,2.246997,1.060171,SWE,TUR,251741
5033282,223,224,5739,1995,0.0,13569.0,-0.253792,-0.044331,TUN,TUR,251741
5033283,15,246,5739,1995,85040.0,0.0,2.000295,0.661255,AUT,ZAF,251741
5033284,61,246,5739,1995,8348.0,0.0,2.325385,-2.2238189999999998,DEU,ZAF,251741
5033285,111,246,5739,1995,34932.0,0.0,1.503379,1.449094,ITA,ZAF,251741
5033286,147,246,5739,1995,0.0,1547.0,-1.031627,-1.02484,MOZ,ZAF,251741
5033287,151,246,5739,1995,0.0,5169.0,-0.432644,-0.574298,MUS,ZAF,251741
5033288,152,246,5739,1995,0.0,7701.0,-1.1277709999999999,-1.0603049999999998,MWI,ZAF,251741
5033289,211,246,5739,1995,0.0,826.0,-0.103343,-0.57371,SYC,ZAF,251741
5033290,247,246,5739,1995,3274.0,0.0,-0.214763,-0.721675,ZMB,ZAF,251741
5033291,111,8,5739,1995,10289.0,0.0,1.503379,1.449094,ITA,ARG,251741
5033292,231,8,5739,1995,6505.0,0.0,1.771648,1.184,USA,ARG,251741
5033293,18,44,5739,1995,1451.0,0.0,1.615588,1.394102,BEL,CIV,251741
5033294,111,44,5739,1995,41740.0,0.0,1.503379,1.449094,ITA,CIV,251741
5033295,4,90,5739,1995,0.0,64776.0,-0.39273,-0.47259300000000004,ALB,GRC,251741
5033296,18,90,5739,1995,0.0,11352.0,1.615588,1.394102,BEL,GRC,251741
5033297,23,90,5739,1995,0.0,2081.0,0.436138,1.086561,BGR,GRC,251741
5033298,58,90,5739,1995,0.0,61742.0,0.263764,0.030358999999999997,CYP,GRC,251741
5033299,61,90,5739,1995,0.0,22915.0,2.325385,-2.2238189999999998,DEU,GRC,251741
5033300,77,90,5739,1995,7079.0,26729.0,1.768484,0.765537,FRA,GRC,251741
5033301,81,90,5739,1995,0.0,39503.0,1.8656979999999999,1.107121,GBR,GRC,251741
5033302,106,90,5739,1995,0.0,68470.0,1.349192,0.992099,IRL,GRC,251741
5033303,111,90,5739,1995,104142.0,0.0,1.503379,1.449094,ITA,GRC,251741
5033304,126,90,5739,1995,0.0,33360.0,-0.353547,-1.019464,LBY,GRC,251741
5033305,142,90,5739,1995,0.0,1159.0,0.842519,0.11882899999999999,MLT,GRC,251741
5033306,188,90,5739,1995,0.0,32222.0,0.401573,-0.6676529999999999,SAU,GRC,251741
5033307,223,90,5739,1995,0.0,360617.0,-0.253792,-0.044331,TUN,GRC,251741
5033308,15,102,5739,1995,1505727.0,12251.0,2.000295,0.661255,AUT,HUN,251741
5033309,61,102,5739,1995,13029.0,0.0,2.325385,-2.2238189999999998,DEU,HUN,251741
5033310,111,102,5739,1995,27741.0,0.0,1.503379,1.449094,ITA,HUN,251741
5033311,185,102,5739,1995,2519.0,0.0,0.621468,1.038729,ROU,HUN,251741
5033312,224,102,5739,1995,358587.0,0.0,0.166794,1.209066,TUR,HUN,251741
5033313,90,223,5739,1995,360617.0,0.0,0.17369,0.885756,GRC,TUN,251741
5033314,111,223,5739,1995,1709927.0,0.0,1.503379,1.449094,ITA,TUN,251741
5033315,126,223,5739,1995,0.0,137743.0,-0.353547,-1.019464,LBY,TUN,251741
5033316,224,223,5739,1995,13569.0,0.0,0.166794,1.209066,TUR,TUN,251741
5033317,111,230,5739,1995,1454.0,0.0,1.503379,1.449094,ITA,URY,251741
5033318,246,247,5739,1995,0.0,3274.0,0.468112,1.039817,ZAF,ZMB,251741
5033319,49,236,5739,1995,17831.0,0.0,0.094335,0.13047999999999998,COL,VEN,251741
5033320,15,58,5739,1995,2196.0,0.0,2.000295,0.661255,AUT,CYP,251741
5033321,90,58,5739,1995,61742.0,0.0,0.17369,0.885756,GRC,CYP,251741
5033322,111,58,5739,1995,78583.0,0.0,1.503379,1.449094,ITA,CYP,251741
5033323,61,100,5739,1995,3910.0,0.0,2.325385,-2.2238189999999998,DEU,HRV,251741
5033324,111,100,5739,1995,9946.0,0.0,1.503379,1.449094,ITA,HRV,251741
5033325,207,100,5739,1995,61991.0,58008.0,1.424606,1.490521,SVN,HRV,251741
5033326,185,135,5739,1995,7482.0,0.0,0.621468,1.038729,ROU,MDA,251741
5033327,186,135,5739,1995,6606.0,0.0,0.364437,0.171494,RUS,MDA,251741
5033328,228,135,5739,1995,2479.0,0.0,0.428875,0.20489899999999997,UKR,MDA,251741
5033329,23,140,5739,1995,0.0,20550.0,0.436138,1.086561,BGR,MKD,251741
5033330,228,140,5739,1995,0.0,10055.0,0.428875,0.20489899999999997,UKR,MKD,251741
5033331,93,197,5739,1995,97514.0,0.0,-0.241468,0.170932,GTM,SLV,251741
5033332,49,54,5739,1995,0.0,10185.0,0.094335,0.13047999999999998,COL,CUB,251741
5033333,71,65,5739,1995,12615.0,0.0,1.144247,1.933844,ESP,DOM,251741
5033334,231,65,5739,1995,0.0,6688.0,1.771648,1.184,USA,DOM,251741
5033335,22,168,5739,1995,0.0,530580.0,-1.037175,-0.983195,BGD,PAK,251741
5033336,111,168,5739,1995,2200.0,0.0,1.503379,1.449094,ITA,PAK,251741
5033337,192,168,5739,1995,0.0,56737.0,0.747684,0.4745,SGP,PAK,251741
5033338,15,174,5739,1995,27160.0,0.0,2.000295,0.661255,AUT,PHL,251741
5033339,39,174,5739,1995,10429.0,0.0,1.077804,1.0724200000000002,CAN,PHL,251741
5033340,111,174,5739,1995,1271.0,0.0,1.503379,1.449094,ITA,PHL,251741
5033341,153,174,5739,1995,0.0,3023.0,0.357745,0.374284,MYS,PHL,251741
5033342,192,174,5739,1995,0.0,2321.0,0.747684,0.4745,SGP,PHL,251741
5033343,15,186,5739,1995,78757.0,0.0,2.000295,0.661255,AUT,RUS,251741
5033344,43,186,5739,1995,5076.0,0.0,0.387897,3.2147919999999996,CHN,RUS,251741
5033345,72,186,5739,1995,0.0,18915.0,0.530041,1.134288,EST,RUS,251741
5033346,74,186,5739,1995,0.0,2122.0,2.0085740000000003,1.126816,FIN,RUS,251741
5033347,111,186,5739,1995,1034.0,0.0,1.503379,1.449094,ITA,RUS,251741
5033348,130,186,5739,1995,1700.0,204711.0,0.41220500000000004,0.966966,LTU,RUS,251741
5033349,132,186,5739,1995,0.0,3736.0,0.25453400000000004,0.174809,LVA,RUS,251741
5033350,135,186,5739,1995,0.0,6606.0,0.394058,0.124474,MDA,RUS,251741
5033351,208,186,5739,1995,18036.0,0.0,2.246997,1.060171,SWE,RUS,251741
5033352,224,186,5739,1995,24332.0,0.0,0.166794,1.209066,TUR,RUS,251741
5033353,111,226,5739,1995,5680.0,0.0,1.503379,1.449094,ITA,TZA,251741
5033354,116,226,5739,1995,10602.0,0.0,-0.303773,0.111305,KEN,TZA,251741
5033355,15,228,5739,1995,30253.0,0.0,2.000295,0.661255,AUT,UKR,251741
5033356,59,228,5739,1995,32268.0,0.0,1.375091,1.628069,CZE,UKR,251741
5033357,135,228,5739,1995,0.0,2479.0,0.394058,0.124474,MDA,UKR,251741
5033358,140,228,5739,1995,10055.0,0.0,0.34174,0.648467,MKD,UKR,251741
5033359,185,228,5739,1995,3000.0,0.0,0.621468,1.038729,ROU,UKR,251741
5033360,192,239,5739,1995,1368.0,0.0,0.747684,0.4745,SGP,VNM,251741
5033361,14,249,5739,1995,0.0,1759.0,0.44442,0.789292,AUS,TWN,251741
5033362,15,249,5739,1995,55178.0,0.0,2.000295,0.661255,AUT,TWN,251741
5033363,43,249,5739,1995,22272.0,37848.0,0.387897,3.2147919999999996,CHN,TWN,251741
5033364,103,249,5739,1995,1419.0,0.0,-0.391727,1.174727,IDN,TWN,251741
5033365,110,249,5739,1995,0.0,12747.0,1.205368,1.189434,ISR,TWN,251741
5033366,111,249,5739,1995,19942.0,2913.0,1.503379,1.449094,ITA,TWN,251741
5033367,114,249,5739,1995,0.0,15351.0,2.56822,0.927307,JPN,TWN,251741
5033368,153,249,5739,1995,0.0,8572.0,0.357745,0.374284,MYS,TWN,251741
5033369,192,249,5739,1995,62491.0,0.0,0.747684,0.4745,SGP,TWN,251741
5033370,231,249,5739,1995,0.0,28845.0,1.771648,1.184,USA,TWN,251741
5033371,22,250,5739,1995,0.0,5995.0,-1.037175,-0.983195,BGD,ANS,251741
5033372,110,250,5739,1995,0.0,45447.0,1.205368,1.189434,ISR,ANS,251741
5033373,177,250,5739,1995,0.0,13615.0,0.76393,1.802648,POL,ANS,251741
5033374,111,31,5739,1995,0.0,44892.0,1.503379,1.449094,ITA,BOL,251741
5033375,231,101,5739,1995,2931.0,0.0,1.771648,1.184,USA,HTI,251741
5033376,246,152,5739,1995,7701.0,0.0,0.468112,1.039817,ZAF,MWI,251741
5033377,116,227,5739,1995,101679.0,0.0,-0.303773,0.111305,KEN,UGA,251741
5033378,111,66,5739,1995,3529.0,0.0,1.503379,1.449094,ITA,DZA,251741
5033379,111,85,5739,1995,5272.0,0.0,1.503379,1.449094,ITA,GIN,251741
5033380,177,130,5739,1995,2264.0,0.0,0.76393,1.802648,POL,LTU,251741
5033381,186,130,5739,1995,204711.0,1700.0,0.364437,0.171494,RUS,LTU,251741
5033382,208,130,5739,1995,4920.0,0.0,2.246997,1.060171,SWE,LTU,251741
5033383,43,133,5739,1995,89168.0,0.0,0.387897,3.2147919999999996,CHN,MAC,251741
5033384,111,133,5739,1995,44765.0,0.0,1.503379,1.449094,ITA,MAC,251741
5033385,43,151,5739,1995,3182.0,0.0,0.387897,3.2147919999999996,CHN,MUS,251741
5033386,104,151,5739,1995,10955.0,0.0,0.156183,1.9617380000000002,IND,MUS,251741
5033387,246,151,5739,1995,5169.0,0.0,0.468112,1.039817,ZAF,MUS,251741
5033388,61,211,5739,1995,2152.0,0.0,2.325385,-2.2238189999999998,DEU,SYC,251741
5033389,246,211,5739,1995,826.0,0.0,0.468112,1.039817,ZAF,SYC,251741
5033390,90,4,5739,1995,64776.0,0.0,0.17369,0.885756,GRC,ALB,251741
5033391,111,4,5739,1995,1002.0,0.0,1.503379,1.449094,ITA,ALB,251741
5033392,111,6,5739,1995,5903.0,0.0,1.503379,1.449094,ITA,ANT,251741
5033393,162,6,5739,1995,23105.0,0.0,1.304391,1.8819119999999998,NLD,ANT,251741
5033394,224,6,5739,1995,1629.0,0.0,0.166794,1.209066,TUR,ANT,251741
5033395,104,7,5739,1995,9287.0,0.0,0.156183,1.9617380000000002,IND,ARE,251741
5033396,111,7,5739,1995,179628.0,0.0,1.503379,1.449094,ITA,ARE,251741
5033397,188,7,5739,1995,0.0,4205.0,0.401573,-0.6676529999999999,SAU,ARE,251741
5033398,111,19,5739,1995,8239.0,0.0,1.503379,1.449094,ITA,BEN,251741
5033399,15,23,5739,1995,5646.0,0.0,2.000295,0.661255,AUT,BGR,251741
5033400,90,23,5739,1995,2081.0,0.0,0.17369,0.885756,GRC,BGR,251741
5033401,140,23,5739,1995,20550.0,0.0,0.34174,0.648467,MKD,BGR,251741
5033402,188,24,5739,1995,70323.0,0.0,0.401573,-0.6676529999999999,SAU,BHR,251741
5033403,15,28,5739,1995,1599.0,0.0,2.000295,0.661255,AUT,BLR,251741
5033404,59,28,5739,1995,33142.0,0.0,1.375091,1.628069,CZE,BLR,251741
5033405,61,28,5739,1995,2215.0,0.0,2.325385,-2.2238189999999998,DEU,BLR,251741
5033406,192,34,5739,1995,7539.0,0.0,0.747684,0.4745,SGP,BRN,251741
5033407,77,80,5739,1995,6658.0,0.0,1.768484,0.765537,FRA,GAB,251741
5033408,111,80,5739,1995,2979.0,0.0,1.503379,1.449094,ITA,GAB,251741
5033409,61,109,5739,1995,6485.0,0.0,2.325385,-2.2238189999999998,DEU,ISL,251741
5033410,111,109,5739,1995,9550.0,0.0,1.503379,1.449094,ITA,ISL,251741
5033411,163,109,5739,1995,1067.0,0.0,1.019741,0.394241,NOR,ISL,251741
5033412,208,109,5739,1995,4158.0,0.0,2.246997,1.060171,SWE,ISL,251741
5033413,231,112,5739,1995,20356.0,0.0,1.771648,1.184,USA,JAM,251741
5033414,226,116,5739,1995,0.0,10602.0,-1.219949,-0.8698969999999999,TZA,KEN,251741
5033415,227,116,5739,1995,0.0,101679.0,-1.053037,-1.001752,UGA,KEN,251741
5033416,71,122,5739,1995,4384.0,0.0,1.144247,1.933844,ESP,KWT,251741
5033417,111,122,5739,1995,5592642.0,0.0,1.503379,1.449094,ITA,KWT,251741
5033418,188,122,5739,1995,108710.0,0.0,0.401573,-0.6676529999999999,SAU,KWT,251741
5033419,111,124,5739,1995,656668.0,0.0,1.503379,1.449094,ITA,LBN,251741
5033420,179,124,5739,1995,2753.0,0.0,0.412677,1.254009,PRT,LBN,251741
5033421,90,126,5739,1995,33360.0,0.0,0.17369,0.885756,GRC,LBY,251741
5033422,111,126,5739,1995,59006.0,0.0,1.503379,1.449094,ITA,LBY,251741
5033423,223,126,5739,1995,137743.0,0.0,-0.253792,-0.044331,TUN,LBY,251741
5033424,104,128,5739,1995,1023.0,0.0,0.156183,1.9617380000000002,IND,LKA,251741
5033425,111,128,5739,1995,2079.0,0.0,1.503379,1.449094,ITA,LKA,251741
5033426,246,147,5739,1995,1547.0,0.0,0.468112,1.039817,ZAF,MOZ,251741
5033427,32,180,5739,1995,2647.0,0.0,0.687171,1.188647,BRA,PRY,251741
5033428,71,183,5739,1995,74718.0,0.0,1.144247,1.933844,ESP,QAT,251741
5033429,71,243,5739,1995,26633.0,0.0,1.144247,1.933844,ESP,YEM,251741
5033430,216,123,5739,1995,1572.0,0.0,0.174522,1.608058,THA,LAO,251741
5033431,162,0,5739,1995,5884.0,0.0,1.304391,1.8819119999999998,NLD,ABW,251741
5033432,18,15,5741,1995,0.0,6276.0,1.615588,1.394102,BEL,AUT,251810
5033433,41,15,5741,1995,0.0,170062.0,2.1893029999999998,0.82765,CHE,AUT,251810
5033434,59,15,5741,1995,0.0,928.0,1.375091,1.628069,CZE,AUT,251810
5033435,61,15,5741,1995,24943.0,359233.0,2.325385,-2.2238189999999998,DEU,AUT,251810
5033436,102,15,5741,1995,0.0,2367.0,0.878711,1.8200060000000002,HUN,AUT,251810
5033437,111,15,5741,1995,0.0,24184.0,1.503379,1.449094,ITA,AUT,251810
5033438,162,15,5741,1995,42042.0,14815.0,1.304391,1.8819119999999998,NLD,AUT,251810
5033439,163,15,5741,1995,68219.0,0.0,1.019741,0.394241,NOR,AUT,251810
5033440,179,15,5741,1995,0.0,3650.0,0.412677,1.254009,PRT,AUT,251810
5033441,15,18,5741,1995,6276.0,0.0,2.000295,0.661255,AUT,BEL,251810
5033442,41,18,5741,1995,0.0,4656.0,2.1893029999999998,0.82765,CHE,BEL,251810
5033443,61,18,5741,1995,2432788.0,1867258.0,2.325385,-2.2238189999999998,DEU,BEL,251810
5033444,64,18,5741,1995,0.0,8610.0,1.3800270000000001,1.489036,DNK,BEL,251810
5033445,71,18,5741,1995,1638.0,0.0,1.144247,1.933844,ESP,BEL,251810
5033446,77,18,5741,1995,2047735.0,3525999.0,1.768484,0.765537,FRA,BEL,251810
5033447,81,18,5741,1995,5066.0,30713.0,1.8656979999999999,1.107121,GBR,BEL,251810
5033448,90,18,5741,1995,0.0,1597.0,0.17369,0.885756,GRC,BEL,251810
5033449,109,18,5741,1995,0.0,1048.0,0.161331,-0.45210100000000003,ISL,BEL,251810
5033450,110,18,5741,1995,0.0,8022.0,1.205368,1.189434,ISR,BEL,251810
5033451,112,18,5741,1995,0.0,3785.0,-0.873925,-0.952304,JAM,BEL,251810
5033452,150,18,5741,1995,0.0,14352.0,0.68423,-0.22968200000000003,MTQ,BEL,251810
5033453,162,18,5741,1995,774708.0,8316578.0,1.304391,1.8819119999999998,NLD,BEL,251810
5033454,208,18,5741,1995,0.0,288484.0,2.246997,1.060171,SWE,BEL,251810
5033455,224,18,5741,1995,0.0,2329.0,0.166794,1.209066,TUR,BEL,251810
5033456,8,32,5741,1995,0.0,12144.0,0.245885,0.5489850000000001,ARG,BRA,251810
5033457,31,32,5741,1995,0.0,9071.0,-0.440583,-0.688389,BOL,BRA,251810
5033458,42,32,5741,1995,0.0,2500.0,-0.073436,-0.192675,CHL,BRA,251810
5033459,106,32,5741,1995,94110.0,0.0,1.349192,0.992099,IRL,BRA,251810
5033460,111,32,5741,1995,6522.0,0.0,1.503379,1.449094,ITA,BRA,251810
5033461,180,32,5741,1995,0.0,26038.0,-0.283544,-0.640898,PRY,BRA,251810
5033462,230,32,5741,1995,0.0,3739.0,0.45133900000000005,0.50831,URY,BRA,251810
5033463,61,43,5741,1995,16497.0,0.0,2.325385,-2.2238189999999998,DEU,CHN,251810
5033464,97,43,5741,1995,2404.0,29487.0,0.5244449999999999,2.682738,HKG,CHN,251810
5033465,103,43,5741,1995,0.0,15325.0,-0.391727,1.174727,IDN,CHN,251810
5033466,111,43,5741,1995,44174.0,258597.0,1.503379,1.449094,ITA,CHN,251810
5033467,114,43,5741,1995,0.0,6489856.0,2.56822,0.927307,JPN,CHN,251810
5033468,121,43,5741,1995,0.0,20166.0,0.845175,1.2761799999999999,KOR,CHN,251810
5033469,153,43,5741,1995,0.0,47936.0,0.357745,0.374284,MYS,CHN,251810
5033470,192,43,5741,1995,0.0,40871.0,0.747684,0.4745,SGP,CHN,251810
5033471,216,43,5741,1995,0.0,3040.0,0.174522,1.608058,THA,CHN,251810
5033472,246,43,5741,1995,0.0,114777.0,0.468112,1.039817,ZAF,CHN,251810
5033473,249,43,5741,1995,18310.0,122426.0,1.345205,1.9337389999999999,TWN,CHN,251810
5033474,67,49,5741,1995,0.0,5829.0,-0.948154,-0.9595790000000001,ECU,COL,251810
5033475,93,52,5741,1995,193757.0,0.0,-0.241468,0.170932,GTM,CRI,251810
5033476,99,52,5741,1995,48837.0,0.0,-0.765536,-0.668834,HND,CRI,251810
5033477,160,52,5741,1995,7194.0,0.0,-0.395096,-0.559934,NIC,CRI,251810
5033478,231,52,5741,1995,2668.0,0.0,1.771648,1.184,USA,CRI,251810
5033479,15,61,5741,1995,359233.0,24943.0,2.000295,0.661255,AUT,DEU,251810
5033480,18,61,5741,1995,1867258.0,2432788.0,1.615588,1.394102,BEL,DEU,251810
5033481,41,61,5741,1995,0.0,147323.0,2.1893029999999998,0.82765,CHE,DEU,251810
5033482,42,61,5741,1995,0.0,16655.0,-0.073436,-0.192675,CHL,DEU,251810
5033483,43,61,5741,1995,0.0,16497.0,0.387897,3.2147919999999996,CHN,DEU,251810
5033484,59,61,5741,1995,108109.0,2896.0,1.375091,1.628069,CZE,DEU,251810
5033485,64,61,5741,1995,14967.0,9123.0,1.3800270000000001,1.489036,DNK,DEU,251810
5033486,65,61,5741,1995,0.0,5207.0,-0.635482,-0.746526,DOM,DEU,251810
5033487,71,61,5741,1995,254083.0,2061.0,1.144247,1.933844,ESP,DEU,251810
5033488,74,61,5741,1995,0.0,37704.0,2.0085740000000003,1.126816,FIN,DEU,251810
5033489,77,61,5741,1995,343129.0,1146202.0,1.768484,0.765537,FRA,DEU,251810
5033490,81,61,5741,1995,411469.0,4217.0,1.8656979999999999,1.107121,GBR,DEU,251810
5033491,90,61,5741,1995,0.0,3058.0,0.17369,0.885756,GRC,DEU,251810
5033492,102,61,5741,1995,1995.0,2005.0,0.878711,1.8200060000000002,HUN,DEU,251810
5033493,111,61,5741,1995,999.0,76263.0,1.503379,1.449094,ITA,DEU,251810
5033494,114,61,5741,1995,0.0,7756.0,2.56822,0.927307,JPN,DEU,251810
5033495,130,61,5741,1995,958786.0,0.0,0.41220500000000004,0.966966,LTU,DEU,251810
5033496,132,61,5741,1995,3299860.0,0.0,0.25453400000000004,0.174809,LVA,DEU,251810
5033497,162,61,5741,1995,905403.0,1135440.0,1.304391,1.8819119999999998,NLD,DEU,251810
5033498,163,61,5741,1995,2152818.0,175885.0,1.019741,0.394241,NOR,DEU,251810
5033499,177,61,5741,1995,184994.0,213355.0,0.76393,1.802648,POL,DEU,251810
5033500,179,61,5741,1995,0.0,7938.0,0.412677,1.254009,PRT,DEU,251810
5033501,206,61,5741,1995,24806.0,0.0,1.2249780000000001,1.405585,SVK,DEU,251810
5033502,207,61,5741,1995,0.0,966.0,1.424606,1.490521,SVN,DEU,251810
5033503,208,61,5741,1995,152799.0,0.0,2.246997,1.060171,SWE,DEU,251810
5033504,216,61,5741,1995,0.0,51537.0,0.174522,1.608058,THA,DEU,251810
5033505,224,61,5741,1995,0.0,34126.0,0.166794,1.209066,TUR,DEU,251810
5033506,231,61,5741,1995,0.0,10794.0,1.771648,1.184,USA,DEU,251810
5033507,246,61,5741,1995,0.0,54953.0,0.468112,1.039817,ZAF,DEU,251810
5033508,250,61,5741,1995,0.0,776.0,1.034518,0.9735149999999999,ANS,DEU,251810
5033509,18,64,5741,1995,8610.0,0.0,1.615588,1.394102,BEL,DNK,251810
5033510,61,64,5741,1995,9123.0,14967.0,2.325385,-2.2238189999999998,DEU,DNK,251810
5033511,71,64,5741,1995,7010.0,0.0,1.144247,1.933844,ESP,DNK,251810
5033512,81,64,5741,1995,651717.0,0.0,1.8656979999999999,1.107121,GBR,DNK,251810
5033513,130,64,5741,1995,69751.0,0.0,0.41220500000000004,0.966966,LTU,DNK,251810
5033514,132,64,5741,1995,93114.0,0.0,0.25453400000000004,0.174809,LVA,DNK,251810
5033515,163,64,5741,1995,1659845.0,0.0,1.019741,0.394241,NOR,DNK,251810
5033516,208,64,5741,1995,1317032.0,6084.0,2.246997,1.060171,SWE,DNK,251810
5033517,18,71,5741,1995,0.0,1638.0,1.615588,1.394102,BEL,ESP,251810
5033518,61,71,5741,1995,2061.0,254083.0,2.325385,-2.2238189999999998,DEU,ESP,251810
5033519,64,71,5741,1995,0.0,7010.0,1.3800270000000001,1.489036,DNK,ESP,251810
5033520,72,71,5741,1995,0.0,6178.0,0.530041,1.134288,EST,ESP,251810
5033521,74,71,5741,1995,0.0,144259.0,2.0085740000000003,1.126816,FIN,ESP,251810
5033522,77,71,5741,1995,808952.0,29634.0,1.768484,0.765537,FRA,ESP,251810
5033523,81,71,5741,1995,0.0,2136453.0,1.8656979999999999,1.107121,GBR,ESP,251810
5033524,106,71,5741,1995,0.0,6303.0,1.349192,0.992099,IRL,ESP,251810
5033525,111,71,5741,1995,27564.0,0.0,1.503379,1.449094,ITA,ESP,251810
5033526,134,71,5741,1995,0.0,14428.0,-0.6481210000000001,-0.22345,MAR,ESP,251810
5033527,163,71,5741,1995,72467.0,0.0,1.019741,0.394241,NOR,ESP,251810
5033528,179,71,5741,1995,0.0,42439.0,0.412677,1.254009,PRT,ESP,251810
5033529,61,74,5741,1995,37704.0,0.0,2.325385,-2.2238189999999998,DEU,FIN,251810
5033530,71,74,5741,1995,144259.0,0.0,1.144247,1.933844,ESP,FIN,251810
5033531,72,74,5741,1995,0.0,29020.0,0.530041,1.134288,EST,FIN,251810
5033532,77,74,5741,1995,6321.0,0.0,1.768484,0.765537,FRA,FIN,251810
5033533,132,74,5741,1995,0.0,1450.0,0.25453400000000004,0.174809,LVA,FIN,251810
5033534,163,74,5741,1995,508495.0,0.0,1.019741,0.394241,NOR,FIN,251810
5033535,186,74,5741,1995,0.0,3395.0,0.364437,0.171494,RUS,FIN,251810
5033536,208,74,5741,1995,683632.0,0.0,2.246997,1.060171,SWE,FIN,251810
5033537,231,74,5741,1995,3422.0,0.0,1.771648,1.184,USA,FIN,251810
5033538,18,77,5741,1995,3525999.0,2047735.0,1.615588,1.394102,BEL,FRA,251810
5033539,38,77,5741,1995,0.0,21235.0,-0.378162,-0.6538010000000001,CAF,FRA,251810
5033540,41,77,5741,1995,0.0,319169.0,2.1893029999999998,0.82765,CHE,FRA,251810
5033541,45,77,5741,1995,0.0,163845.0,-1.121716,-0.9758020000000001,CMR,FRA,251810
5033542,47,77,5741,1995,0.0,2480.0,-0.648521,-1.0392190000000001,COG,FRA,251810
5033543,61,77,5741,1995,1146202.0,343129.0,2.325385,-2.2238189999999998,DEU,FRA,251810
5033544,68,77,5741,1995,0.0,148441.0,-0.340042,-0.085601,EGY,FRA,251810
5033545,71,77,5741,1995,29634.0,808952.0,1.144247,1.933844,ESP,FRA,251810
5033546,73,77,5741,1995,0.0,3041.0,-1.3387120000000001,-1.123621,ETH,FRA,251810
5033547,74,77,5741,1995,0.0,6321.0,2.0085740000000003,1.126816,FIN,FRA,251810
5033548,81,77,5741,1995,10473.0,55332.0,1.8656979999999999,1.107121,GBR,FRA,251810
5033549,85,77,5741,1995,0.0,2263.0,-1.304768,-1.077826,GIN,FRA,251810
5033550,86,77,5741,1995,0.0,54731.0,0.563491,-0.18852,GLP,FRA,251810
5033551,90,77,5741,1995,0.0,4085.0,0.17369,0.885756,GRC,FRA,251810
5033552,94,77,5741,1995,0.0,16897.0,1.1777959999999998,-0.052863,GUF,FRA,251810
5033553,111,77,5741,1995,1912411.0,20204.0,1.503379,1.449094,ITA,FRA,251810
5033554,122,77,5741,1995,0.0,4418.0,-0.226273,-1.02354,KWT,FRA,251810
5033555,134,77,5741,1995,0.0,59476.0,-0.6481210000000001,-0.22345,MAR,FRA,251810
5033556,141,77,5741,1995,0.0,7270.0,-0.807662,-0.952101,MLI,FRA,251810
5033557,150,77,5741,1995,0.0,45393.0,0.68423,-0.22968200000000003,MTQ,FRA,251810
5033558,153,77,5741,1995,0.0,48230.0,0.357745,0.374284,MYS,FRA,251810
5033559,162,77,5741,1995,29371.0,161833.0,1.304391,1.8819119999999998,NLD,FRA,251810
5033560,163,77,5741,1995,174064.0,0.0,1.019741,0.394241,NOR,FRA,251810
5033561,168,77,5741,1995,0.0,5537.0,-0.707965,-0.324784,PAK,FRA,251810
5033562,174,77,5741,1995,0.0,4338.0,-0.480548,0.076564,PHL,FRA,251810
5033563,177,77,5741,1995,0.0,2313.0,0.76393,1.802648,POL,FRA,251810
5033564,179,77,5741,1995,0.0,55235.0,0.412677,1.254009,PRT,FRA,251810
5033565,184,77,5741,1995,0.0,64784.0,0.728825,-0.178569,REU,FRA,251810
5033566,188,77,5741,1995,0.0,17511.0,0.401573,-0.6676529999999999,SAU,FRA,251810
5033567,192,77,5741,1995,0.0,4564.0,0.747684,0.4745,SGP,FRA,251810
5033568,223,77,5741,1995,0.0,46253.0,-0.253792,-0.044331,TUN,FRA,251810
5033569,224,77,5741,1995,0.0,44464.0,0.166794,1.209066,TUR,FRA,251810
5033570,14,81,5741,1995,0.0,2802.0,0.44442,0.789292,AUS,GBR,251810
5033571,18,81,5741,1995,30713.0,5066.0,1.615588,1.394102,BEL,GBR,251810
5033572,39,81,5741,1995,0.0,16312.0,1.077804,1.0724200000000002,CAN,GBR,251810
5033573,41,81,5741,1995,0.0,5550.0,2.1893029999999998,0.82765,CHE,GBR,251810
5033574,44,81,5741,1995,0.0,132195.0,-0.781656,-0.74293,CIV,GBR,251810
5033575,59,81,5741,1995,0.0,1020.0,1.375091,1.628069,CZE,GBR,251810
5033576,61,81,5741,1995,4217.0,411469.0,2.325385,-2.2238189999999998,DEU,GBR,251810
5033577,64,81,5741,1995,0.0,651717.0,1.3800270000000001,1.489036,DNK,GBR,251810
5033578,71,81,5741,1995,2136453.0,0.0,1.144247,1.933844,ESP,GBR,251810
5033579,73,81,5741,1995,0.0,7551.0,-1.3387120000000001,-1.123621,ETH,GBR,251810
5033580,77,81,5741,1995,55332.0,10473.0,1.768484,0.765537,FRA,GBR,251810
5033581,90,81,5741,1995,88697.0,0.0,0.17369,0.885756,GRC,GBR,251810
5033582,103,81,5741,1995,0.0,25274.0,-0.391727,1.174727,IDN,GBR,251810
5033583,104,81,5741,1995,0.0,16535.0,0.156183,1.9617380000000002,IND,GBR,251810
5033584,106,81,5741,1995,0.0,410059.0,1.349192,0.992099,IRL,GBR,251810
5033585,110,81,5741,1995,0.0,76896.0,1.205368,1.189434,ISR,GBR,251810
5033586,111,81,5741,1995,0.0,1394.0,1.503379,1.449094,ITA,GBR,251810
5033587,116,81,5741,1995,0.0,2505.0,-0.303773,0.111305,KEN,GBR,251810
5033588,121,81,5741,1995,0.0,36363.0,0.845175,1.2761799999999999,KOR,GBR,251810
5033589,122,81,5741,1995,0.0,6227.0,-0.226273,-1.02354,KWT,GBR,251810
5033590,153,81,5741,1995,0.0,2472.0,0.357745,0.374284,MYS,GBR,251810
5033591,162,81,5741,1995,1570.0,312294.0,1.304391,1.8819119999999998,NLD,GBR,251810
5033592,163,81,5741,1995,3709882.0,4174.0,1.019741,0.394241,NOR,GBR,251810
5033593,208,81,5741,1995,58756.0,80182.0,2.246997,1.060171,SWE,GBR,251810
5033594,224,81,5741,1995,4103.0,9736.0,0.166794,1.209066,TUR,GBR,251810
5033595,226,81,5741,1995,0.0,3295.0,-1.219949,-0.8698969999999999,TZA,GBR,251810
5033596,231,81,5741,1995,6477.0,248790.0,1.771648,1.184,USA,GBR,251810
5033597,249,81,5741,1995,0.0,6054.0,1.345205,1.9337389999999999,TWN,GBR,251810
5033598,77,86,5741,1995,54731.0,0.0,1.768484,0.765537,FRA,GLP,251810
5033599,52,93,5741,1995,0.0,193757.0,-0.30094699999999996,-0.046285,CRI,GTM,251810
5033600,138,93,5741,1995,0.0,18616.0,0.6414300000000001,0.9697520000000001,MEX,GTM,251810
5033601,163,93,5741,1995,3100.0,0.0,1.019741,0.394241,NOR,GTM,251810
5033602,197,93,5741,1995,0.0,365757.0,-0.17119600000000001,0.027889999999999998,SLV,GTM,251810
5033603,231,93,5741,1995,2379.0,0.0,1.771648,1.184,USA,GTM,251810
5033604,43,97,5741,1995,29487.0,2404.0,0.387897,3.2147919999999996,CHN,HKG,251810
5033605,231,97,5741,1995,6894.0,0.0,1.771648,1.184,USA,HKG,251810
5033606,52,99,5741,1995,0.0,48837.0,-0.30094699999999996,-0.046285,CRI,HND,251810
5033607,32,106,5741,1995,0.0,94110.0,0.687171,1.188647,BRA,IRL,251810
5033608,71,106,5741,1995,6303.0,0.0,1.144247,1.933844,ESP,IRL,251810
5033609,81,106,5741,1995,410059.0,0.0,1.8656979999999999,1.107121,GBR,IRL,251810
5033610,162,106,5741,1995,59171.0,0.0,1.304391,1.8819119999999998,NLD,IRL,251810
5033611,163,106,5741,1995,2138.0,0.0,1.019741,0.394241,NOR,IRL,251810
5033612,246,106,5741,1995,0.0,150764.0,0.468112,1.039817,ZAF,IRL,251810
5033613,18,110,5741,1995,8022.0,0.0,1.615588,1.394102,BEL,ISR,251810
5033614,81,110,5741,1995,76896.0,0.0,1.8656979999999999,1.107121,GBR,ISR,251810
5033615,224,110,5741,1995,62599.0,0.0,0.166794,1.209066,TUR,ISR,251810
5033616,231,110,5741,1995,0.0,144687.0,1.771648,1.184,USA,ISR,251810
5033617,250,110,5741,1995,30589.0,0.0,1.034518,0.9735149999999999,ANS,ISR,251810
5033618,15,111,5741,1995,24184.0,0.0,2.000295,0.661255,AUT,ITA,251810
5033619,32,111,5741,1995,0.0,6522.0,0.687171,1.188647,BRA,ITA,251810
5033620,41,111,5741,1995,0.0,48446.0,2.1893029999999998,0.82765,CHE,ITA,251810
5033621,43,111,5741,1995,258597.0,44174.0,0.387897,3.2147919999999996,CHN,ITA,251810
5033622,44,111,5741,1995,0.0,7086.0,-0.781656,-0.74293,CIV,ITA,251810
5033623,59,111,5741,1995,0.0,18084.0,1.375091,1.628069,CZE,ITA,251810
5033624,61,111,5741,1995,76263.0,999.0,2.325385,-2.2238189999999998,DEU,ITA,251810
5033625,71,111,5741,1995,0.0,27564.0,1.144247,1.933844,ESP,ITA,251810
5033626,77,111,5741,1995,20204.0,1912411.0,1.768484,0.765537,FRA,ITA,251810
5033627,81,111,5741,1995,1394.0,0.0,1.8656979999999999,1.107121,GBR,ITA,251810
5033628,100,111,5741,1995,0.0,7168.0,0.75325,1.395715,HRV,ITA,251810
5033629,113,111,5741,1995,0.0,15537.0,0.666542,0.326785,JOR,ITA,251810
5033630,138,111,5741,1995,0.0,20495.0,0.6414300000000001,0.9697520000000001,MEX,ITA,251810
5033631,162,111,5741,1995,184073.0,0.0,1.304391,1.8819119999999998,NLD,ITA,251810
5033632,185,111,5741,1995,0.0,5845.0,0.621468,1.038729,ROU,ITA,251810
5033633,231,111,5741,1995,0.0,71770.0,1.771648,1.184,USA,ITA,251810
5033634,43,121,5741,1995,20166.0,0.0,0.387897,3.2147919999999996,CHN,KOR,251810
5033635,81,121,5741,1995,36363.0,0.0,1.8656979999999999,1.107121,GBR,KOR,251810
5033636,103,121,5741,1995,0.0,182555.0,-0.391727,1.174727,IDN,KOR,251810
5033637,114,121,5741,1995,7400.0,8600254.0,2.56822,0.927307,JPN,KOR,251810
5033638,163,121,5741,1995,28544.0,0.0,1.019741,0.394241,NOR,KOR,251810
5033639,39,138,5741,1995,737517.0,0.0,1.077804,1.0724200000000002,CAN,MEX,251810
5033640,93,138,5741,1995,18616.0,0.0,-0.241468,0.170932,GTM,MEX,251810
5033641,111,138,5741,1995,20495.0,0.0,1.503379,1.449094,ITA,MEX,251810
5033642,231,138,5741,1995,4103.0,0.0,1.771648,1.184,USA,MEX,251810
5033643,18,150,5741,1995,14352.0,0.0,1.615588,1.394102,BEL,MTQ,251810
5033644,77,150,5741,1995,45393.0,0.0,1.768484,0.765537,FRA,MTQ,251810
5033645,43,153,5741,1995,47936.0,0.0,0.387897,3.2147919999999996,CHN,MYS,251810
5033646,77,153,5741,1995,48230.0,0.0,1.768484,0.765537,FRA,MYS,251810
5033647,81,153,5741,1995,2472.0,0.0,1.8656979999999999,1.107121,GBR,MYS,251810
5033648,103,153,5741,1995,63561.0,229628.0,-0.391727,1.174727,IDN,MYS,251810
5033649,104,153,5741,1995,2603.0,0.0,0.156183,1.9617380000000002,IND,MYS,251810
5033650,114,153,5741,1995,132769.0,16234.0,2.56822,0.927307,JPN,MYS,251810
5033651,163,153,5741,1995,20386.0,0.0,1.019741,0.394241,NOR,MYS,251810
5033652,192,153,5741,1995,0.0,8762.0,0.747684,0.4745,SGP,MYS,251810
5033653,249,153,5741,1995,5065.0,0.0,1.345205,1.9337389999999999,TWN,MYS,251810
5033654,15,162,5741,1995,14815.0,42042.0,2.000295,0.661255,AUT,NLD,251810
5033655,18,162,5741,1995,8316578.0,774708.0,1.615588,1.394102,BEL,NLD,251810
5033656,41,162,5741,1995,0.0,64009.0,2.1893029999999998,0.82765,CHE,NLD,251810
5033657,61,162,5741,1995,1135440.0,905403.0,2.325385,-2.2238189999999998,DEU,NLD,251810
5033658,73,162,5741,1995,0.0,25160.0,-1.3387120000000001,-1.123621,ETH,NLD,251810
5033659,77,162,5741,1995,161833.0,29371.0,1.768484,0.765537,FRA,NLD,251810
5033660,81,162,5741,1995,312294.0,1570.0,1.8656979999999999,1.107121,GBR,NLD,251810
5033661,102,162,5741,1995,918.0,0.0,0.878711,1.8200060000000002,HUN,NLD,251810
5033662,106,162,5741,1995,0.0,59171.0,1.349192,0.992099,IRL,NLD,251810
5033663,111,162,5741,1995,0.0,184073.0,1.503379,1.449094,ITA,NLD,251810
5033664,163,162,5741,1995,1812033.0,0.0,1.019741,0.394241,NOR,NLD,251810
5033665,177,162,5741,1995,0.0,5483.0,0.76393,1.802648,POL,NLD,251810
5033666,179,162,5741,1995,0.0,5485.0,0.412677,1.254009,PRT,NLD,251810
5033667,208,162,5741,1995,64633.0,34884.0,2.246997,1.060171,SWE,NLD,251810
5033668,224,162,5741,1995,0.0,2369.0,0.166794,1.209066,TUR,NLD,251810
5033669,249,162,5741,1995,0.0,14784.0,1.345205,1.9337389999999999,TWN,NLD,251810
5033670,250,162,5741,1995,9756.0,28167.0,1.034518,0.9735149999999999,ANS,NLD,251810
5033671,14,163,5741,1995,0.0,4835.0,0.44442,0.789292,AUS,NOR,251810
5033672,15,163,5741,1995,0.0,68219.0,2.000295,0.661255,AUT,NOR,251810
5033673,58,163,5741,1995,0.0,1747.0,0.263764,0.030358999999999997,CYP,NOR,251810
5033674,59,163,5741,1995,0.0,4293.0,1.375091,1.628069,CZE,NOR,251810
5033675,61,163,5741,1995,175885.0,2152818.0,2.325385,-2.2238189999999998,DEU,NOR,251810
5033676,64,163,5741,1995,0.0,1659845.0,1.3800270000000001,1.489036,DNK,NOR,251810
5033677,68,163,5741,1995,0.0,8833.0,-0.340042,-0.085601,EGY,NOR,251810
5033678,71,163,5741,1995,0.0,72467.0,1.144247,1.933844,ESP,NOR,251810
5033679,74,163,5741,1995,0.0,508495.0,2.0085740000000003,1.126816,FIN,NOR,251810
5033680,77,163,5741,1995,0.0,174064.0,1.768484,0.765537,FRA,NOR,251810
5033681,81,163,5741,1995,4174.0,3709882.0,1.8656979999999999,1.107121,GBR,NOR,251810
5033682,93,163,5741,1995,0.0,3100.0,-0.241468,0.170932,GTM,NOR,251810
5033683,106,163,5741,1995,0.0,2138.0,1.349192,0.992099,IRL,NOR,251810
5033684,109,163,5741,1995,0.0,30986.0,0.161331,-0.45210100000000003,ISL,NOR,251810
5033685,113,163,5741,1995,0.0,24115.0,0.666542,0.326785,JOR,NOR,251810
5033686,114,163,5741,1995,0.0,159008.0,2.56822,0.927307,JPN,NOR,251810
5033687,121,163,5741,1995,0.0,28544.0,0.845175,1.2761799999999999,KOR,NOR,251810
5033688,142,163,5741,1995,0.0,5007.0,0.842519,0.11882899999999999,MLT,NOR,251810
5033689,153,163,5741,1995,0.0,20386.0,0.357745,0.374284,MYS,NOR,251810
5033690,162,163,5741,1995,0.0,1812033.0,1.304391,1.8819119999999998,NLD,NOR,251810
5033691,179,163,5741,1995,0.0,41430.0,0.412677,1.254009,PRT,NOR,251810
5033692,192,163,5741,1995,0.0,21113.0,0.747684,0.4745,SGP,NOR,251810
5033693,208,163,5741,1995,515444.0,3046894.0,2.246997,1.060171,SWE,NOR,251810
5033694,216,163,5741,1995,0.0,45559.0,0.174522,1.608058,THA,NOR,251810
5033695,224,163,5741,1995,0.0,50070.0,0.166794,1.209066,TUR,NOR,251810
5033696,246,163,5741,1995,0.0,1651.0,0.468112,1.039817,ZAF,NOR,251810
5033697,231,169,5741,1995,94864.0,0.0,1.771648,1.184,USA,PAN,251810
5033698,67,173,5741,1995,0.0,64424.0,-0.948154,-0.9595790000000001,ECU,PER,251810
5033699,59,177,5741,1995,0.0,2220.0,1.375091,1.628069,CZE,POL,251810
5033700,61,177,5741,1995,213355.0,184994.0,2.325385,-2.2238189999999998,DEU,POL,251810
5033701,77,177,5741,1995,2313.0,0.0,1.768484,0.765537,FRA,POL,251810
5033702,102,177,5741,1995,320971.0,0.0,0.878711,1.8200060000000002,HUN,POL,251810
5033703,162,177,5741,1995,5483.0,0.0,1.304391,1.8819119999999998,NLD,POL,251810
5033704,206,177,5741,1995,62504.0,0.0,1.2249780000000001,1.405585,SVK,POL,251810
5033705,208,177,5741,1995,484528.0,0.0,2.246997,1.060171,SWE,POL,251810
5033706,250,177,5741,1995,37441.0,1078.0,1.034518,0.9735149999999999,ANS,POL,251810
5033707,15,179,5741,1995,3650.0,0.0,2.000295,0.661255,AUT,PRT,251810
5033708,61,179,5741,1995,7938.0,0.0,2.325385,-2.2238189999999998,DEU,PRT,251810
5033709,71,179,5741,1995,42439.0,0.0,1.144247,1.933844,ESP,PRT,251810
5033710,77,179,5741,1995,55235.0,0.0,1.768484,0.765537,FRA,PRT,251810
5033711,162,179,5741,1995,5485.0,0.0,1.304391,1.8819119999999998,NLD,PRT,251810
5033712,163,179,5741,1995,41430.0,0.0,1.019741,0.394241,NOR,PRT,251810
5033713,22,216,5741,1995,0.0,28306.0,-1.037175,-0.983195,BGD,THA,251810
5033714,43,216,5741,1995,3040.0,0.0,0.387897,3.2147919999999996,CHN,THA,251810
5033715,61,216,5741,1995,51537.0,0.0,2.325385,-2.2238189999999998,DEU,THA,251810
5033716,114,216,5741,1995,0.0,8133471.0,2.56822,0.927307,JPN,THA,251810
5033717,163,216,5741,1995,45559.0,0.0,1.019741,0.394241,NOR,THA,251810
5033718,188,216,5741,1995,0.0,29619.0,0.401573,-0.6676529999999999,SAU,THA,251810
5033719,39,222,5741,1995,168254.0,0.0,1.077804,1.0724200000000002,CAN,TTO,251810
5033720,231,222,5741,1995,12768.0,0.0,1.771648,1.184,USA,TTO,251810
5033721,8,231,5741,1995,0.0,1195.0,0.245885,0.5489850000000001,ARG,USA,251810
5033722,39,231,5741,1995,2257452.0,301803.0,1.077804,1.0724200000000002,CAN,USA,251810
5033723,42,231,5741,1995,0.0,880017.0,-0.073436,-0.192675,CHL,USA,251810
5033724,52,231,5741,1995,0.0,2668.0,-0.30094699999999996,-0.046285,CRI,USA,251810
5033725,61,231,5741,1995,10794.0,0.0,2.325385,-2.2238189999999998,DEU,USA,251810
5033726,68,231,5741,1995,0.0,28781.0,-0.340042,-0.085601,EGY,USA,251810
5033727,74,231,5741,1995,0.0,3422.0,2.0085740000000003,1.126816,FIN,USA,251810
5033728,81,231,5741,1995,248790.0,6477.0,1.8656979999999999,1.107121,GBR,USA,251810
5033729,93,231,5741,1995,0.0,2379.0,-0.241468,0.170932,GTM,USA,251810
5033730,97,231,5741,1995,0.0,6894.0,0.5244449999999999,2.682738,HKG,USA,251810
5033731,107,231,5741,1995,8647.0,0.0,-0.821991,-1.071013,IRN,USA,251810
5033732,110,231,5741,1995,144687.0,0.0,1.205368,1.189434,ISR,USA,251810
5033733,111,231,5741,1995,71770.0,0.0,1.503379,1.449094,ITA,USA,251810
5033734,114,231,5741,1995,0.0,56477.0,2.56822,0.927307,JPN,USA,251810
5033735,138,231,5741,1995,0.0,4103.0,0.6414300000000001,0.9697520000000001,MEX,USA,251810
5033736,169,231,5741,1995,0.0,94864.0,-0.019815,0.050906,PAN,USA,251810
5033737,174,231,5741,1995,0.0,6381.0,-0.480548,0.076564,PHL,USA,251810
5033738,208,231,5741,1995,0.0,21458.0,2.246997,1.060171,SWE,USA,251810
5033739,222,231,5741,1995,0.0,12768.0,0.254658,-0.496058,TTO,USA,251810
5033740,246,231,5741,1995,38097.0,0.0,0.468112,1.039817,ZAF,USA,251810
5033741,81,14,5741,1995,2802.0,0.0,1.8656979999999999,1.107121,GBR,AUS,251810
5033742,114,14,5741,1995,0.0,5075560.0,2.56822,0.927307,JPN,AUS,251810
5033743,163,14,5741,1995,4835.0,0.0,1.019741,0.394241,NOR,AUS,251810
5033744,35,22,5741,1995,18106.0,0.0,0.10779000000000001,-0.609193,BTN,BGD,251810
5033745,104,22,5741,1995,29202.0,0.0,0.156183,1.9617380000000002,IND,BGD,251810
5033746,168,22,5741,1995,4724.0,0.0,-0.707965,-0.324784,PAK,BGD,251810
5033747,216,22,5741,1995,28306.0,0.0,0.174522,1.608058,THA,BGD,251810
5033748,77,38,5741,1995,21235.0,0.0,1.768484,0.765537,FRA,CAF,251810
5033749,42,39,5741,1995,0.0,75549.0,-0.073436,-0.192675,CHL,CAN,251810
5033750,81,39,5741,1995,16312.0,0.0,1.8656979999999999,1.107121,GBR,CAN,251810
5033751,114,39,5741,1995,0.0,22595.0,2.56822,0.927307,JPN,CAN,251810
5033752,138,39,5741,1995,0.0,737517.0,0.6414300000000001,0.9697520000000001,MEX,CAN,251810
5033753,222,39,5741,1995,0.0,168254.0,0.254658,-0.496058,TTO,CAN,251810
5033754,231,39,5741,1995,301803.0,2257452.0,1.771648,1.184,USA,CAN,251810
5033755,15,41,5741,1995,170062.0,0.0,2.000295,0.661255,AUT,CHE,251810
5033756,18,41,5741,1995,4656.0,0.0,1.615588,1.394102,BEL,CHE,251810
5033757,59,41,5741,1995,0.0,1133.0,1.375091,1.628069,CZE,CHE,251810
5033758,61,41,5741,1995,147323.0,0.0,2.325385,-2.2238189999999998,DEU,CHE,251810
5033759,77,41,5741,1995,319169.0,0.0,1.768484,0.765537,FRA,CHE,251810
5033760,81,41,5741,1995,5550.0,0.0,1.8656979999999999,1.107121,GBR,CHE,251810
5033761,111,41,5741,1995,48446.0,0.0,1.503379,1.449094,ITA,CHE,251810
5033762,162,41,5741,1995,64009.0,0.0,1.304391,1.8819119999999998,NLD,CHE,251810
5033763,208,41,5741,1995,55240.0,0.0,2.246997,1.060171,SWE,CHE,251810
5033764,8,42,5741,1995,310109.0,0.0,0.245885,0.5489850000000001,ARG,CHL,251810
5033765,32,42,5741,1995,2500.0,0.0,0.687171,1.188647,BRA,CHL,251810
5033766,39,42,5741,1995,75549.0,0.0,1.077804,1.0724200000000002,CAN,CHL,251810
5033767,61,42,5741,1995,16655.0,0.0,2.325385,-2.2238189999999998,DEU,CHL,251810
5033768,231,42,5741,1995,880017.0,0.0,1.771648,1.184,USA,CHL,251810
5033769,15,59,5741,1995,928.0,0.0,2.000295,0.661255,AUT,CZE,251810
5033770,41,59,5741,1995,1133.0,0.0,2.1893029999999998,0.82765,CHE,CZE,251810
5033771,61,59,5741,1995,2896.0,108109.0,2.325385,-2.2238189999999998,DEU,CZE,251810
5033772,81,59,5741,1995,1020.0,0.0,1.8656979999999999,1.107121,GBR,CZE,251810
5033773,111,59,5741,1995,18084.0,0.0,1.503379,1.449094,ITA,CZE,251810
5033774,163,59,5741,1995,4293.0,0.0,1.019741,0.394241,NOR,CZE,251810
5033775,177,59,5741,1995,2220.0,0.0,0.76393,1.802648,POL,CZE,251810
5033776,206,59,5741,1995,1983755.0,0.0,1.2249780000000001,1.405585,SVK,CZE,251810
5033777,77,68,5741,1995,148441.0,0.0,1.768484,0.765537,FRA,EGY,251810
5033778,90,68,5741,1995,5360.0,0.0,0.17369,0.885756,GRC,EGY,251810
5033779,163,68,5741,1995,8833.0,0.0,1.019741,0.394241,NOR,EGY,251810
5033780,231,68,5741,1995,28781.0,0.0,1.771648,1.184,USA,EGY,251810
5033781,71,72,5741,1995,6178.0,0.0,1.144247,1.933844,ESP,EST,251810
5033782,74,72,5741,1995,29020.0,0.0,2.0085740000000003,1.126816,FIN,EST,251810
5033783,132,72,5741,1995,0.0,9352.0,0.25453400000000004,0.174809,LVA,EST,251810
5033784,208,72,5741,1995,97091.0,9182.0,2.246997,1.060171,SWE,EST,251810
5033785,43,103,5741,1995,15325.0,0.0,0.387897,3.2147919999999996,CHN,IDN,251810
5033786,81,103,5741,1995,25274.0,0.0,1.8656979999999999,1.107121,GBR,IDN,251810
5033787,104,103,5741,1995,6339.0,0.0,0.156183,1.9617380000000002,IND,IDN,251810
5033788,114,103,5741,1995,8482.0,2580.0,2.56822,0.927307,JPN,IDN,251810
5033789,121,103,5741,1995,182555.0,0.0,0.845175,1.2761799999999999,KOR,IDN,251810
5033790,153,103,5741,1995,229628.0,63561.0,0.357745,0.374284,MYS,IDN,251810
5033791,176,103,5741,1995,0.0,10005.0,-2.387352,-1.200933,PNG,IDN,251810
5033792,208,103,5741,1995,6248.0,0.0,2.246997,1.060171,SWE,IDN,251810
5033793,249,103,5741,1995,0.0,4800.0,1.345205,1.9337389999999999,TWN,IDN,251810
5033794,22,104,5741,1995,0.0,29202.0,-1.037175,-0.983195,BGD,IND,251810
5033795,81,104,5741,1995,16535.0,0.0,1.8656979999999999,1.107121,GBR,IND,251810
5033796,103,104,5741,1995,0.0,6339.0,-0.391727,1.174727,IDN,IND,251810
5033797,153,104,5741,1995,0.0,2603.0,0.357745,0.374284,MYS,IND,251810
5033798,168,104,5741,1995,0.0,1094.0,-0.707965,-0.324784,PAK,IND,251810
5033799,188,104,5741,1995,0.0,6685.0,0.401573,-0.6676529999999999,SAU,IND,251810
5033800,192,104,5741,1995,0.0,4346.0,0.747684,0.4745,SGP,IND,251810
5033801,111,113,5741,1995,15537.0,0.0,1.503379,1.449094,ITA,JOR,251810
5033802,163,113,5741,1995,24115.0,0.0,1.019741,0.394241,NOR,JOR,251810
5033803,188,113,5741,1995,1960.0,0.0,0.401573,-0.6676529999999999,SAU,JOR,251810
5033804,224,113,5741,1995,1159.0,0.0,0.166794,1.209066,TUR,JOR,251810
5033805,14,114,5741,1995,5075560.0,0.0,0.44442,0.789292,AUS,JPN,251810
5033806,39,114,5741,1995,22595.0,0.0,1.077804,1.0724200000000002,CAN,JPN,251810
5033807,43,114,5741,1995,6489856.0,0.0,0.387897,3.2147919999999996,CHN,JPN,251810
5033808,61,114,5741,1995,7756.0,0.0,2.325385,-2.2238189999999998,DEU,JPN,251810
5033809,103,114,5741,1995,2580.0,8482.0,-0.391727,1.174727,IDN,JPN,251810
5033810,121,114,5741,1995,8600254.0,7400.0,0.845175,1.2761799999999999,KOR,JPN,251810
5033811,153,114,5741,1995,16234.0,132769.0,0.357745,0.374284,MYS,JPN,251810
5033812,163,114,5741,1995,159008.0,0.0,1.019741,0.394241,NOR,JPN,251810
5033813,174,114,5741,1995,8563893.0,0.0,-0.480548,0.076564,PHL,JPN,251810
5033814,178,114,5741,1995,79214.0,0.0,0.46509799999999996,0.645496,PRK,JPN,251810
5033815,216,114,5741,1995,8133471.0,0.0,0.174522,1.608058,THA,JPN,251810
5033816,231,114,5741,1995,56477.0,0.0,1.771648,1.184,USA,JPN,251810
5033817,249,114,5741,1995,722154.0,0.0,1.345205,1.9337389999999999,TWN,JPN,251810
5033818,61,132,5741,1995,0.0,3299860.0,2.325385,-2.2238189999999998,DEU,LVA,251810
5033819,64,132,5741,1995,0.0,93114.0,1.3800270000000001,1.489036,DNK,LVA,251810
5033820,72,132,5741,1995,9352.0,0.0,0.530041,1.134288,EST,LVA,251810
5033821,74,132,5741,1995,1450.0,0.0,2.0085740000000003,1.126816,FIN,LVA,251810
5033822,208,132,5741,1995,5942.0,0.0,2.246997,1.060171,SWE,LVA,251810
5033823,163,142,5741,1995,5007.0,0.0,1.019741,0.394241,NOR,MLT,251810
5033824,208,142,5741,1995,2522.0,0.0,2.246997,1.060171,SWE,MLT,251810
5033825,182,166,5741,1995,0.0,7178.0,-0.33641,-0.696238,PYF,NZL,251810
5033826,7,167,5741,1995,3270.0,0.0,-0.205166,-0.6132380000000001,ARE,OMN,251810
5033827,111,185,5741,1995,5845.0,0.0,1.503379,1.449094,ITA,ROU,251810
5033828,77,188,5741,1995,17511.0,0.0,1.768484,0.765537,FRA,SAU,251810
5033829,104,188,5741,1995,6685.0,0.0,0.156183,1.9617380000000002,IND,SAU,251810
5033830,113,188,5741,1995,0.0,1960.0,0.666542,0.326785,JOR,SAU,251810
5033831,122,188,5741,1995,0.0,5701.0,-0.226273,-1.02354,KWT,SAU,251810
5033832,208,188,5741,1995,31763.0,0.0,2.246997,1.060171,SWE,SAU,251810
5033833,216,188,5741,1995,29619.0,0.0,0.174522,1.608058,THA,SAU,251810
5033834,243,188,5741,1995,0.0,1402.0,-1.302346,-1.135961,YEM,SAU,251810
5033835,43,192,5741,1995,40871.0,0.0,0.387897,3.2147919999999996,CHN,SGP,251810
5033836,77,192,5741,1995,4564.0,0.0,1.768484,0.765537,FRA,SGP,251810
5033837,104,192,5741,1995,4346.0,0.0,0.156183,1.9617380000000002,IND,SGP,251810
5033838,153,192,5741,1995,8762.0,0.0,0.357745,0.374284,MYS,SGP,251810
5033839,163,192,5741,1995,21113.0,0.0,1.019741,0.394241,NOR,SGP,251810
5033840,59,206,5741,1995,0.0,1983755.0,1.375091,1.628069,CZE,SVK,251810
5033841,61,206,5741,1995,0.0,24806.0,2.325385,-2.2238189999999998,DEU,SVK,251810
5033842,177,206,5741,1995,0.0,62504.0,0.76393,1.802648,POL,SVK,251810
5033843,228,206,5741,1995,0.0,3773.0,0.428875,0.20489899999999997,UKR,SVK,251810
5033844,61,207,5741,1995,966.0,0.0,2.325385,-2.2238189999999998,DEU,SVN,251810
5033845,100,207,5741,1995,105370.0,26995.0,0.75325,1.395715,HRV,SVN,251810
5033846,102,207,5741,1995,3331.0,0.0,0.878711,1.8200060000000002,HUN,SVN,251810
5033847,140,207,5741,1995,8315.0,0.0,0.34174,0.648467,MKD,SVN,251810
5033848,18,208,5741,1995,288484.0,0.0,1.615588,1.394102,BEL,SWE,251810
5033849,41,208,5741,1995,0.0,55240.0,2.1893029999999998,0.82765,CHE,SWE,251810
5033850,61,208,5741,1995,0.0,152799.0,2.325385,-2.2238189999999998,DEU,SWE,251810
5033851,64,208,5741,1995,6084.0,1317032.0,1.3800270000000001,1.489036,DNK,SWE,251810
5033852,72,208,5741,1995,9182.0,97091.0,0.530041,1.134288,EST,SWE,251810
5033853,74,208,5741,1995,0.0,683632.0,2.0085740000000003,1.126816,FIN,SWE,251810
5033854,81,208,5741,1995,80182.0,58756.0,1.8656979999999999,1.107121,GBR,SWE,251810
5033855,103,208,5741,1995,0.0,6248.0,-0.391727,1.174727,IDN,SWE,251810
5033856,130,208,5741,1995,0.0,3366.0,0.41220500000000004,0.966966,LTU,SWE,251810
5033857,132,208,5741,1995,0.0,5942.0,0.25453400000000004,0.174809,LVA,SWE,251810
5033858,142,208,5741,1995,0.0,2522.0,0.842519,0.11882899999999999,MLT,SWE,251810
5033859,162,208,5741,1995,34884.0,64633.0,1.304391,1.8819119999999998,NLD,SWE,251810
5033860,163,208,5741,1995,3046894.0,515444.0,1.019741,0.394241,NOR,SWE,251810
5033861,177,208,5741,1995,0.0,484528.0,0.76393,1.802648,POL,SWE,251810
5033862,186,208,5741,1995,0.0,1490.0,0.364437,0.171494,RUS,SWE,251810
5033863,188,208,5741,1995,0.0,31763.0,0.401573,-0.6676529999999999,SAU,SWE,251810
5033864,231,208,5741,1995,21458.0,0.0,1.771648,1.184,USA,SWE,251810
5033865,18,224,5741,1995,2329.0,0.0,1.615588,1.394102,BEL,TUR,251810
5033866,61,224,5741,1995,34126.0,0.0,2.325385,-2.2238189999999998,DEU,TUR,251810
5033867,77,224,5741,1995,44464.0,0.0,1.768484,0.765537,FRA,TUR,251810
5033868,81,224,5741,1995,9736.0,4103.0,1.8656979999999999,1.107121,GBR,TUR,251810
5033869,90,224,5741,1995,9745.0,0.0,0.17369,0.885756,GRC,TUR,251810
5033870,110,224,5741,1995,0.0,62599.0,1.205368,1.189434,ISR,TUR,251810
5033871,113,224,5741,1995,0.0,1159.0,0.666542,0.326785,JOR,TUR,251810
5033872,124,224,5741,1995,0.0,1004.0,0.027416000000000003,0.327795,LBN,TUR,251810
5033873,140,224,5741,1995,0.0,6652.0,0.34174,0.648467,MKD,TUR,251810
5033874,162,224,5741,1995,2369.0,0.0,1.304391,1.8819119999999998,NLD,TUR,251810
5033875,163,224,5741,1995,50070.0,0.0,1.019741,0.394241,NOR,TUR,251810
5033876,223,224,5741,1995,0.0,21222.0,-0.253792,-0.044331,TUN,TUR,251810
5033877,43,246,5741,1995,114777.0,0.0,0.387897,3.2147919999999996,CHN,ZAF,251810
5033878,45,246,5741,1995,0.0,60860.0,-1.121716,-0.9758020000000001,CMR,ZAF,251810
5033879,61,246,5741,1995,54953.0,0.0,2.325385,-2.2238189999999998,DEU,ZAF,251810
5033880,106,246,5741,1995,150764.0,0.0,1.349192,0.992099,IRL,ZAF,251810
5033881,151,246,5741,1995,0.0,3977.0,-0.432644,-0.574298,MUS,ZAF,251810
5033882,152,246,5741,1995,0.0,3292.0,-1.1277709999999999,-1.0603049999999998,MWI,ZAF,251810
5033883,163,246,5741,1995,1651.0,0.0,1.019741,0.394241,NOR,ZAF,251810
5033884,231,246,5741,1995,0.0,38097.0,1.771648,1.184,USA,ZAF,251810
5033885,248,246,5741,1995,73265.0,0.0,-0.054752999999999996,0.326737,ZWE,ZAF,251810
5033886,32,8,5741,1995,12144.0,0.0,0.687171,1.188647,BRA,ARG,251810
5033887,42,8,5741,1995,0.0,310109.0,-0.073436,-0.192675,CHL,ARG,251810
5033888,180,8,5741,1995,0.0,2543.0,-0.283544,-0.640898,PRY,ARG,251810
5033889,231,8,5741,1995,1195.0,0.0,1.771648,1.184,USA,ARG,251810
5033890,21,44,5741,1995,27177.0,0.0,-0.695354,-0.902185,BFA,CIV,251810
5033891,81,44,5741,1995,132195.0,0.0,1.8656979999999999,1.107121,GBR,CIV,251810
5033892,85,44,5741,1995,0.0,1616.0,-1.304768,-1.077826,GIN,CIV,251810
5033893,111,44,5741,1995,7086.0,0.0,1.503379,1.449094,ITA,CIV,251810
5033894,77,45,5741,1995,163845.0,0.0,1.768484,0.765537,FRA,CMR,251810
5033895,246,45,5741,1995,60860.0,0.0,0.468112,1.039817,ZAF,CMR,251810
5033896,250,45,5741,1995,15951.0,0.0,1.034518,0.9735149999999999,ANS,CMR,251810
5033897,77,47,5741,1995,2480.0,0.0,1.768484,0.765537,FRA,COG,251810
5033898,18,90,5741,1995,1597.0,0.0,1.615588,1.394102,BEL,GRC,251810
5033899,61,90,5741,1995,3058.0,0.0,2.325385,-2.2238189999999998,DEU,GRC,251810
5033900,68,90,5741,1995,0.0,5360.0,-0.340042,-0.085601,EGY,GRC,251810
5033901,77,90,5741,1995,4085.0,0.0,1.768484,0.765537,FRA,GRC,251810
5033902,81,90,5741,1995,0.0,88697.0,1.8656979999999999,1.107121,GBR,GRC,251810
5033903,224,90,5741,1995,0.0,9745.0,0.166794,1.209066,TUR,GRC,251810
5033904,15,102,5741,1995,2367.0,0.0,2.000295,0.661255,AUT,HUN,251810
5033905,61,102,5741,1995,2005.0,1995.0,2.325385,-2.2238189999999998,DEU,HUN,251810
5033906,162,102,5741,1995,0.0,918.0,1.304391,1.8819119999999998,NLD,HUN,251810
5033907,177,102,5741,1995,0.0,320971.0,0.76393,1.802648,POL,HUN,251810
5033908,207,102,5741,1995,0.0,3331.0,1.424606,1.490521,SVN,HUN,251810
5033909,250,102,5741,1995,0.0,2000.0,1.034518,0.9735149999999999,ANS,HUN,251810
5033910,71,134,5741,1995,14428.0,0.0,1.144247,1.933844,ESP,MAR,251810
5033911,77,134,5741,1995,59476.0,0.0,1.768484,0.765537,FRA,MAR,251810
5033912,77,223,5741,1995,46253.0,0.0,1.768484,0.765537,FRA,TUN,251810
5033913,224,223,5741,1995,21222.0,0.0,0.166794,1.209066,TUR,TUN,251810
5033914,32,230,5741,1995,3739.0,0.0,0.687171,1.188647,BRA,URY,251810
5033915,152,248,5741,1995,0.0,39076.0,-1.1277709999999999,-1.0603049999999998,MWI,ZWE,251810
5033916,246,248,5741,1995,0.0,73265.0,0.468112,1.039817,ZAF,ZWE,251810
5033917,163,58,5741,1995,1747.0,0.0,1.019741,0.394241,NOR,CYP,251810
5033918,111,100,5741,1995,7168.0,0.0,1.503379,1.449094,ITA,HRV,251810
5033919,207,100,5741,1995,26995.0,105370.0,1.424606,1.490521,SVN,HRV,251810
5033920,186,135,5741,1995,81267.0,0.0,0.364437,0.171494,RUS,MDA,251810
5033921,207,140,5741,1995,0.0,8315.0,1.424606,1.490521,SVN,MKD,251810
5033922,224,140,5741,1995,6652.0,0.0,0.166794,1.209066,TUR,MKD,251810
5033923,93,197,5741,1995,365757.0,0.0,-0.241468,0.170932,GTM,SLV,251810
5033924,61,65,5741,1995,5207.0,0.0,2.325385,-2.2238189999999998,DEU,DOM,251810
5033925,49,67,5741,1995,5829.0,0.0,0.094335,0.13047999999999998,COL,ECU,251810
5033926,173,67,5741,1995,64424.0,0.0,-0.263859,-0.21032800000000001,PER,ECU,251810
5033927,231,107,5741,1995,0.0,8647.0,1.771648,1.184,USA,IRN,251810
5033928,22,168,5741,1995,0.0,4724.0,-1.037175,-0.983195,BGD,PAK,251810
5033929,77,168,5741,1995,5537.0,0.0,1.768484,0.765537,FRA,PAK,251810
5033930,104,168,5741,1995,1094.0,0.0,0.156183,1.9617380000000002,IND,PAK,251810
5033931,77,174,5741,1995,4338.0,0.0,1.768484,0.765537,FRA,PHL,251810
5033932,114,174,5741,1995,0.0,8563893.0,2.56822,0.927307,JPN,PHL,251810
5033933,231,174,5741,1995,6381.0,0.0,1.771648,1.184,USA,PHL,251810
5033934,74,186,5741,1995,3395.0,0.0,2.0085740000000003,1.126816,FIN,RUS,251810
5033935,130,186,5741,1995,84231.0,257515.0,0.41220500000000004,0.966966,LTU,RUS,251810
5033936,135,186,5741,1995,0.0,81267.0,0.394058,0.124474,MDA,RUS,251810
5033937,208,186,5741,1995,1490.0,0.0,2.246997,1.060171,SWE,RUS,251810
5033938,81,226,5741,1995,3295.0,0.0,1.8656979999999999,1.107121,GBR,TZA,251810
5033939,206,228,5741,1995,3773.0,0.0,1.2249780000000001,1.405585,SVK,UKR,251810
5033940,43,249,5741,1995,122426.0,18310.0,0.387897,3.2147919999999996,CHN,TWN,251810
5033941,81,249,5741,1995,6054.0,0.0,1.8656979999999999,1.107121,GBR,TWN,251810
5033942,103,249,5741,1995,4800.0,0.0,-0.391727,1.174727,IDN,TWN,251810
5033943,114,249,5741,1995,0.0,722154.0,2.56822,0.927307,JPN,TWN,251810
5033944,153,249,5741,1995,0.0,5065.0,0.357745,0.374284,MYS,TWN,251810
5033945,162,249,5741,1995,14784.0,0.0,1.304391,1.8819119999999998,NLD,TWN,251810
5033946,45,250,5741,1995,0.0,15951.0,-1.121716,-0.9758020000000001,CMR,ANS,251810
5033947,61,250,5741,1995,776.0,0.0,2.325385,-2.2238189999999998,DEU,ANS,251810
5033948,102,250,5741,1995,2000.0,0.0,0.878711,1.8200060000000002,HUN,ANS,251810
5033949,110,250,5741,1995,0.0,30589.0,1.205368,1.189434,ISR,ANS,251810
5033950,162,250,5741,1995,28167.0,9756.0,1.304391,1.8819119999999998,NLD,ANS,251810
5033951,177,250,5741,1995,1078.0,37441.0,0.76393,1.802648,POL,ANS,251810
5033952,32,31,5741,1995,9071.0,0.0,0.687171,1.188647,BRA,BOL,251810
5033953,77,73,5741,1995,3041.0,0.0,1.768484,0.765537,FRA,ETH,251810
5033954,81,73,5741,1995,7551.0,0.0,1.8656979999999999,1.107121,GBR,ETH,251810
5033955,162,73,5741,1995,25160.0,0.0,1.304391,1.8819119999999998,NLD,ETH,251810
5033956,77,94,5741,1995,16897.0,0.0,1.768484,0.765537,FRA,GUF,251810
5033957,246,152,5741,1995,3292.0,0.0,0.468112,1.039817,ZAF,MWI,251810
5033958,248,152,5741,1995,39076.0,0.0,-0.054752999999999996,0.326737,ZWE,MWI,251810
5033959,52,160,5741,1995,0.0,7194.0,-0.30094699999999996,-0.046285,CRI,NIC,251810
5033960,44,85,5741,1995,1616.0,0.0,-0.781656,-0.74293,CIV,GIN,251810
5033961,77,85,5741,1995,2263.0,0.0,1.768484,0.765537,FRA,GIN,251810
5033962,28,130,5741,1995,24811.0,0.0,0.5290279999999999,0.27031700000000003,BLR,LTU,251810
5033963,61,130,5741,1995,0.0,958786.0,2.325385,-2.2238189999999998,DEU,LTU,251810
5033964,64,130,5741,1995,0.0,69751.0,1.3800270000000001,1.489036,DNK,LTU,251810
5033965,186,130,5741,1995,257515.0,84231.0,0.364437,0.171494,RUS,LTU,251810
5033966,208,130,5741,1995,3366.0,0.0,2.246997,1.060171,SWE,LTU,251810
5033967,246,151,5741,1995,3977.0,0.0,0.468112,1.039817,ZAF,MUS,251810
5033968,77,184,5741,1995,64784.0,0.0,1.768484,0.765537,FRA,REU,251810
5033969,167,7,5741,1995,0.0,3270.0,-0.328853,-0.946069,OMN,ARE,251810
5033970,130,28,5741,1995,0.0,24811.0,0.41220500000000004,0.966966,LTU,BLR,251810
5033971,18,109,5741,1995,1048.0,0.0,1.615588,1.394102,BEL,ISL,251810
5033972,163,109,5741,1995,30986.0,0.0,1.019741,0.394241,NOR,ISL,251810
5033973,18,112,5741,1995,3785.0,0.0,1.615588,1.394102,BEL,JAM,251810
5033974,81,116,5741,1995,2505.0,0.0,1.8656979999999999,1.107121,GBR,KEN,251810
5033975,77,122,5741,1995,4418.0,0.0,1.768484,0.765537,FRA,KWT,251810
5033976,81,122,5741,1995,6227.0,0.0,1.8656979999999999,1.107121,GBR,KWT,251810
5033977,188,122,5741,1995,5701.0,0.0,0.401573,-0.6676529999999999,SAU,KWT,251810
5033978,224,124,5741,1995,1004.0,0.0,0.166794,1.209066,TUR,LBN,251810
5033979,8,180,5741,1995,2543.0,0.0,0.245885,0.5489850000000001,ARG,PRY,251810
5033980,32,180,5741,1995,26038.0,0.0,0.687171,1.188647,BRA,PRY,251810
5033981,188,243,5741,1995,1402.0,0.0,0.401573,-0.6676529999999999,SAU,YEM,251810
5033982,44,21,5741,1995,0.0,27177.0,-0.781656,-0.74293,CIV,BFA,251810
5033983,77,141,5741,1995,7270.0,0.0,1.768484,0.765537,FRA,MLI,251810
5033984,103,176,5741,1995,10005.0,0.0,-0.391727,1.174727,IDN,PNG,251810
5033985,114,178,5741,1995,0.0,79214.0,2.56822,0.927307,JPN,PRK,251810
5033986,166,182,5741,1995,7178.0,0.0,0.5558270000000001,0.773271,NZL,PYF,251810
5033987,22,35,5741,1995,0.0,18106.0,-1.037175,-0.983195,BGD,BTN,251810
5033988,18,15,5742,1995,124497.0,0.0,1.615588,1.394102,BEL,AUT,251820
5033989,32,15,5742,1995,0.0,15528.0,0.687171,1.188647,BRA,AUT,251820
5033990,41,15,5742,1995,0.0,3336.0,2.1893029999999998,0.82765,CHE,AUT,251820
5033991,61,15,5742,1995,426114.0,288018.0,2.325385,-2.2238189999999998,DEU,AUT,251820
5033992,77,15,5742,1995,14508.0,83745.0,1.768484,0.765537,FRA,AUT,251820
5033993,102,15,5742,1995,0.0,3184.0,0.878711,1.8200060000000002,HUN,AUT,251820
5033994,103,15,5742,1995,0.0,115458.0,-0.391727,1.174727,IDN,AUT,251820
5033995,106,15,5742,1995,12487.0,0.0,1.349192,0.992099,IRL,AUT,251820
5033996,111,15,5742,1995,396587.0,0.0,1.503379,1.449094,ITA,AUT,251820
5033997,114,15,5742,1995,0.0,428660.0,2.56822,0.927307,JPN,AUT,251820
5033998,163,15,5742,1995,0.0,1932.0,1.019741,0.394241,NOR,AUT,251820
5033999,179,15,5742,1995,0.0,21442.0,0.412677,1.254009,PRT,AUT,251820
5034000,206,15,5742,1995,0.0,3448.0,1.2249780000000001,1.405585,SVK,AUT,251820
5034001,231,15,5742,1995,0.0,1206095.0,1.771648,1.184,USA,AUT,251820
5034002,15,18,5742,1995,0.0,124497.0,2.000295,0.661255,AUT,BEL,251820
5034003,41,18,5742,1995,0.0,428398.0,2.1893029999999998,0.82765,CHE,BEL,251820
5034004,45,18,5742,1995,0.0,30735.0,-1.121716,-0.9758020000000001,CMR,BEL,251820
5034005,59,18,5742,1995,0.0,3378.0,1.375091,1.628069,CZE,BEL,251820
5034006,61,18,5742,1995,1449625.0,2765384.0,2.325385,-2.2238189999999998,DEU,BEL,251820
5034007,74,18,5742,1995,0.0,1250043.0,2.0085740000000003,1.126816,FIN,BEL,251820
5034008,77,18,5742,1995,224739.0,9346403.0,1.768484,0.765537,FRA,BEL,251820
5034009,80,18,5742,1995,0.0,3385.0,-1.445673,-1.099128,GAB,BEL,251820
5034010,81,18,5742,1995,410148.0,18287.0,1.8656979999999999,1.107121,GBR,BEL,251820
5034011,85,18,5742,1995,0.0,1639.0,-1.304768,-1.077826,GIN,BEL,251820
5034012,111,18,5742,1995,364066.0,0.0,1.503379,1.449094,ITA,BEL,251820
5034013,162,18,5742,1995,23200.0,21729692.0,1.304391,1.8819119999999998,NLD,BEL,251820
5034014,163,18,5742,1995,0.0,80391.0,1.019741,0.394241,NOR,BEL,251820
5034015,208,18,5742,1995,0.0,396170.0,2.246997,1.060171,SWE,BEL,251820
5034016,8,32,5742,1995,0.0,232216.0,0.245885,0.5489850000000001,ARG,BRA,251820
5034017,15,32,5742,1995,15528.0,0.0,2.000295,0.661255,AUT,BRA,251820
5034018,61,32,5742,1995,8983.0,0.0,2.325385,-2.2238189999999998,DEU,BRA,251820
5034019,111,32,5742,1995,885778.0,0.0,1.503379,1.449094,ITA,BRA,251820
5034020,49,43,5742,1995,0.0,233872.0,0.094335,0.13047999999999998,COL,CHN,251820
5034021,97,43,5742,1995,0.0,76134.0,0.5244449999999999,2.682738,HKG,CHN,251820
5034022,111,43,5742,1995,363440.0,0.0,1.503379,1.449094,ITA,CHN,251820
5034023,114,43,5742,1995,30158.0,746018.0,2.56822,0.927307,JPN,CHN,251820
5034024,121,43,5742,1995,1682.0,107136.0,0.845175,1.2761799999999999,KOR,CHN,251820
5034025,133,43,5742,1995,88285.0,0.0,-0.149794,-0.26961799999999997,MAC,CHN,251820
5034026,192,43,5742,1995,0.0,22344.0,0.747684,0.4745,SGP,CHN,251820
5034027,216,43,5742,1995,0.0,11118.0,0.174522,1.608058,THA,CHN,251820
5034028,231,43,5742,1995,6346.0,0.0,1.771648,1.184,USA,CHN,251820
5034029,239,43,5742,1995,0.0,37061.0,-1.0462069999999999,-0.269063,VNM,CHN,251820
5034030,246,43,5742,1995,0.0,193604.0,0.468112,1.039817,ZAF,CHN,251820
5034031,249,43,5742,1995,7953.0,1009217.0,1.345205,1.9337389999999999,TWN,CHN,251820
5034032,250,43,5742,1995,1995.0,0.0,1.034518,0.9735149999999999,ANS,CHN,251820
5034033,26,49,5742,1995,4793.0,0.0,0.208931,0.053763,BIH,COL,251820
5034034,43,49,5742,1995,233872.0,0.0,0.387897,3.2147919999999996,CHN,COL,251820
5034035,67,49,5742,1995,0.0,8338.0,-0.948154,-0.9595790000000001,ECU,COL,251820
5034036,231,49,5742,1995,149237.0,0.0,1.771648,1.184,USA,COL,251820
5034037,93,52,5742,1995,352969.0,0.0,-0.241468,0.170932,GTM,CRI,251820
5034038,99,52,5742,1995,17159.0,0.0,-0.765536,-0.668834,HND,CRI,251820
5034039,231,52,5742,1995,3725.0,0.0,1.771648,1.184,USA,CRI,251820
5034040,6,61,5742,1995,0.0,55714.0,-0.020759,-0.653863,ANT,DEU,251820
5034041,14,61,5742,1995,0.0,118452.0,0.44442,0.789292,AUS,DEU,251820
5034042,15,61,5742,1995,288018.0,426114.0,2.000295,0.661255,AUT,DEU,251820
5034043,18,61,5742,1995,2765384.0,1449625.0,1.615588,1.394102,BEL,DEU,251820
5034044,32,61,5742,1995,0.0,8983.0,0.687171,1.188647,BRA,DEU,251820
5034045,39,61,5742,1995,0.0,2910.0,1.077804,1.0724200000000002,CAN,DEU,251820
5034046,41,61,5742,1995,0.0,183422.0,2.1893029999999998,0.82765,CHE,DEU,251820
5034047,44,61,5742,1995,0.0,1761.0,-0.781656,-0.74293,CIV,DEU,251820
5034048,48,61,5742,1995,0.0,20000.0,0.15283,-0.45298,COK,DEU,251820
5034049,59,61,5742,1995,1911.0,3982.0,1.375091,1.628069,CZE,DEU,251820
5034050,64,61,5742,1995,8729.0,407503.0,1.3800270000000001,1.489036,DNK,DEU,251820
5034051,68,61,5742,1995,0.0,2170.0,-0.340042,-0.085601,EGY,DEU,251820
5034052,71,61,5742,1995,0.0,18536.0,1.144247,1.933844,ESP,DEU,251820
5034053,74,61,5742,1995,0.0,1436.0,2.0085740000000003,1.126816,FIN,DEU,251820
5034054,77,61,5742,1995,1780.0,3042944.0,1.768484,0.765537,FRA,DEU,251820
5034055,81,61,5742,1995,0.0,15860.0,1.8656979999999999,1.107121,GBR,DEU,251820
5034056,103,61,5742,1995,0.0,180669.0,-0.391727,1.174727,IDN,DEU,251820
5034057,110,61,5742,1995,0.0,30690.0,1.205368,1.189434,ISR,DEU,251820
5034058,111,61,5742,1995,1870799.0,1255868.0,1.503379,1.449094,ITA,DEU,251820
5034059,114,61,5742,1995,0.0,2782.0,2.56822,0.927307,JPN,DEU,251820
5034060,116,61,5742,1995,0.0,28294.0,-0.303773,0.111305,KEN,DEU,251820
5034061,140,61,5742,1995,6599.0,0.0,0.34174,0.648467,MKD,DEU,251820
5034062,153,61,5742,1995,0.0,111922.0,0.357745,0.374284,MYS,DEU,251820
5034063,162,61,5742,1995,37675.0,328461.0,1.304391,1.8819119999999998,NLD,DEU,251820
5034064,163,61,5742,1995,0.0,8569.0,1.019741,0.394241,NOR,DEU,251820
5034065,166,61,5742,1995,0.0,15561.0,0.5558270000000001,0.773271,NZL,DEU,251820
5034066,177,61,5742,1995,0.0,8089.0,0.76393,1.802648,POL,DEU,251820
5034067,179,61,5742,1995,0.0,9953.0,0.412677,1.254009,PRT,DEU,251820
5034068,188,61,5742,1995,0.0,4436.0,0.401573,-0.6676529999999999,SAU,DEU,251820
5034069,192,61,5742,1995,0.0,1008.0,0.747684,0.4745,SGP,DEU,251820
5034070,205,61,5742,1995,0.0,1928.0,-0.75729,-0.8253459999999999,SUR,DEU,251820
5034071,206,61,5742,1995,0.0,2935.0,1.2249780000000001,1.405585,SVK,DEU,251820
5034072,207,61,5742,1995,0.0,183514.0,1.424606,1.490521,SVN,DEU,251820
5034073,208,61,5742,1995,0.0,15326.0,2.246997,1.060171,SWE,DEU,251820
5034074,215,61,5742,1995,0.0,3371.0,-0.962727,-0.873151,TGO,DEU,251820
5034075,224,61,5742,1995,94471.0,13182.0,0.166794,1.209066,TUR,DEU,251820
5034076,231,61,5742,1995,0.0,12761.0,1.771648,1.184,USA,DEU,251820
5034077,246,61,5742,1995,0.0,36271.0,0.468112,1.039817,ZAF,DEU,251820
5034078,250,61,5742,1995,0.0,16303.0,1.034518,0.9735149999999999,ANS,DEU,251820
5034079,61,64,5742,1995,407503.0,8729.0,2.325385,-2.2238189999999998,DEU,DNK,251820
5034080,90,64,5742,1995,0.0,9267.0,0.17369,0.885756,GRC,DNK,251820
5034081,208,64,5742,1995,54599.0,0.0,2.246997,1.060171,SWE,DNK,251820
5034082,61,71,5742,1995,18536.0,0.0,2.325385,-2.2238189999999998,DEU,ESP,251820
5034083,77,71,5742,1995,442854.0,2298.0,1.768484,0.765537,FRA,ESP,251820
5034084,111,71,5742,1995,171121.0,0.0,1.503379,1.449094,ITA,ESP,251820
5034085,134,71,5742,1995,0.0,2614.0,-0.6481210000000001,-0.22345,MAR,ESP,251820
5034086,179,71,5742,1995,0.0,6227.0,0.412677,1.254009,PRT,ESP,251820
5034087,223,71,5742,1995,0.0,9383.0,-0.253792,-0.044331,TUN,ESP,251820
5034088,18,74,5742,1995,1250043.0,0.0,1.615588,1.394102,BEL,FIN,251820
5034089,41,74,5742,1995,0.0,37589.0,2.1893029999999998,0.82765,CHE,FIN,251820
5034090,61,74,5742,1995,1436.0,0.0,2.325385,-2.2238189999999998,DEU,FIN,251820
5034091,186,74,5742,1995,0.0,3691.0,0.364437,0.171494,RUS,FIN,251820
5034092,208,74,5742,1995,71679.0,14146.0,2.246997,1.060171,SWE,FIN,251820
5034093,14,77,5742,1995,0.0,19841.0,0.44442,0.789292,AUS,FRA,251820
5034094,15,77,5742,1995,83745.0,14508.0,2.000295,0.661255,AUT,FRA,251820
5034095,18,77,5742,1995,9346403.0,224739.0,1.615588,1.394102,BEL,FRA,251820
5034096,39,77,5742,1995,900.0,0.0,1.077804,1.0724200000000002,CAN,FRA,251820
5034097,41,77,5742,1995,0.0,14669.0,2.1893029999999998,0.82765,CHE,FRA,251820
5034098,44,77,5742,1995,0.0,2096.0,-0.781656,-0.74293,CIV,FRA,251820
5034099,45,77,5742,1995,0.0,33031.0,-1.121716,-0.9758020000000001,CMR,FRA,251820
5034100,61,77,5742,1995,3042944.0,1780.0,2.325385,-2.2238189999999998,DEU,FRA,251820
5034101,66,77,5742,1995,0.0,15991.0,-0.555409,-1.037972,DZA,FRA,251820
5034102,68,77,5742,1995,0.0,101870.0,-0.340042,-0.085601,EGY,FRA,251820
5034103,71,77,5742,1995,2298.0,442854.0,1.144247,1.933844,ESP,FRA,251820
5034104,90,77,5742,1995,0.0,34984.0,0.17369,0.885756,GRC,FRA,251820
5034105,94,77,5742,1995,0.0,50313.0,1.1777959999999998,-0.052863,GUF,FRA,251820
5034106,111,77,5742,1995,424094.0,51853.0,1.503379,1.449094,ITA,FRA,251820
5034107,134,77,5742,1995,0.0,13561.0,-0.6481210000000001,-0.22345,MAR,FRA,251820
5034108,148,77,5742,1995,0.0,52376.0,-1.935629,-1.178304,MRT,FRA,251820
5034109,150,77,5742,1995,0.0,3414.0,0.68423,-0.22968200000000003,MTQ,FRA,251820
5034110,162,77,5742,1995,15612.0,232334.0,1.304391,1.8819119999999998,NLD,FRA,251820
5034111,179,77,5742,1995,0.0,5915.0,0.412677,1.254009,PRT,FRA,251820
5034112,223,77,5742,1995,0.0,69047.0,-0.253792,-0.044331,TUN,FRA,251820
5034113,231,77,5742,1995,1689.0,0.0,1.771648,1.184,USA,FRA,251820
5034114,14,81,5742,1995,0.0,48336.0,0.44442,0.789292,AUS,GBR,251820
5034115,18,81,5742,1995,18287.0,410148.0,1.615588,1.394102,BEL,GBR,251820
5034116,44,81,5742,1995,0.0,545339.0,-0.781656,-0.74293,CIV,GBR,251820
5034117,61,81,5742,1995,15860.0,0.0,2.325385,-2.2238189999999998,DEU,GBR,251820
5034118,90,81,5742,1995,0.0,141369.0,0.17369,0.885756,GRC,GBR,251820
5034119,103,81,5742,1995,0.0,1252949.0,-0.391727,1.174727,IDN,GBR,251820
5034120,106,81,5742,1995,0.0,339591.0,1.349192,0.992099,IRL,GBR,251820
5034121,111,81,5742,1995,11116.0,0.0,1.503379,1.449094,ITA,GBR,251820
5034122,114,81,5742,1995,0.0,4800.0,2.56822,0.927307,JPN,GBR,251820
5034123,162,81,5742,1995,3607.0,0.0,1.304391,1.8819119999999998,NLD,GBR,251820
5034124,179,81,5742,1995,0.0,287453.0,0.412677,1.254009,PRT,GBR,251820
5034125,208,81,5742,1995,0.0,2407989.0,2.246997,1.060171,SWE,GBR,251820
5034126,216,81,5742,1995,0.0,29466.0,0.174522,1.608058,THA,GBR,251820
5034127,231,81,5742,1995,25454.0,0.0,1.771648,1.184,USA,GBR,251820
5034128,246,81,5742,1995,0.0,163223.0,0.468112,1.039817,ZAF,GBR,251820
5034129,52,93,5742,1995,0.0,352969.0,-0.30094699999999996,-0.046285,CRI,GTM,251820
5034130,111,93,5742,1995,64572.0,0.0,1.503379,1.449094,ITA,GTM,251820
5034131,138,93,5742,1995,43377.0,0.0,0.6414300000000001,0.9697520000000001,MEX,GTM,251820
5034132,197,93,5742,1995,0.0,144477.0,-0.17119600000000001,0.027889999999999998,SLV,GTM,251820
5034133,43,97,5742,1995,76134.0,0.0,0.387897,3.2147919999999996,CHN,HKG,251820
5034134,52,99,5742,1995,0.0,17159.0,-0.30094699999999996,-0.046285,CRI,HND,251820
5034135,231,99,5742,1995,11066.0,0.0,1.771648,1.184,USA,HND,251820
5034136,15,106,5742,1995,0.0,12487.0,2.000295,0.661255,AUT,IRL,251820
5034137,81,106,5742,1995,339591.0,0.0,1.8656979999999999,1.107121,GBR,IRL,251820
5034138,61,110,5742,1995,30690.0,0.0,2.325385,-2.2238189999999998,DEU,ISR,251820
5034139,111,110,5742,1995,3216.0,0.0,1.503379,1.449094,ITA,ISR,251820
5034140,15,111,5742,1995,0.0,396587.0,2.000295,0.661255,AUT,ITA,251820
5034141,18,111,5742,1995,0.0,364066.0,1.615588,1.394102,BEL,ITA,251820
5034142,32,111,5742,1995,0.0,885778.0,0.687171,1.188647,BRA,ITA,251820
5034143,41,111,5742,1995,0.0,133787.0,2.1893029999999998,0.82765,CHE,ITA,251820
5034144,43,111,5742,1995,0.0,363440.0,0.387897,3.2147919999999996,CHN,ITA,251820
5034145,59,111,5742,1995,0.0,600444.0,1.375091,1.628069,CZE,ITA,251820
5034146,61,111,5742,1995,1255868.0,1870799.0,2.325385,-2.2238189999999998,DEU,ITA,251820
5034147,71,111,5742,1995,0.0,171121.0,1.144247,1.933844,ESP,ITA,251820
5034148,72,111,5742,1995,18464.0,0.0,0.530041,1.134288,EST,ITA,251820
5034149,73,111,5742,1995,0.0,35762.0,-1.3387120000000001,-1.123621,ETH,ITA,251820
5034150,77,111,5742,1995,51853.0,424094.0,1.768484,0.765537,FRA,ITA,251820
5034151,81,111,5742,1995,0.0,11116.0,1.8656979999999999,1.107121,GBR,ITA,251820
5034152,90,111,5742,1995,0.0,73972.0,0.17369,0.885756,GRC,ITA,251820
5034153,93,111,5742,1995,0.0,64572.0,-0.241468,0.170932,GTM,ITA,251820
5034154,100,111,5742,1995,0.0,130971.0,0.75325,1.395715,HRV,ITA,251820
5034155,103,111,5742,1995,0.0,5707.0,-0.391727,1.174727,IDN,ITA,251820
5034156,104,111,5742,1995,0.0,336529.0,0.156183,1.9617380000000002,IND,ITA,251820
5034157,110,111,5742,1995,0.0,3216.0,1.205368,1.189434,ISR,ITA,251820
5034158,114,111,5742,1995,0.0,2114.0,2.56822,0.927307,JPN,ITA,251820
5034159,138,111,5742,1995,0.0,31264.0,0.6414300000000001,0.9697520000000001,MEX,ITA,251820
5034160,166,111,5742,1995,0.0,1577.0,0.5558270000000001,0.773271,NZL,ITA,251820
5034161,179,111,5742,1995,0.0,38414.0,0.412677,1.254009,PRT,ITA,251820
5034162,192,111,5742,1995,0.0,1026.0,0.747684,0.4745,SGP,ITA,251820
5034163,206,111,5742,1995,0.0,6768.0,1.2249780000000001,1.405585,SVK,ITA,251820
5034164,207,111,5742,1995,0.0,88611.0,1.424606,1.490521,SVN,ITA,251820
5034165,208,111,5742,1995,0.0,22225.0,2.246997,1.060171,SWE,ITA,251820
5034166,224,111,5742,1995,0.0,39039.0,0.166794,1.209066,TUR,ITA,251820
5034167,236,111,5742,1995,0.0,1114221.0,0.299294,-0.635474,VEN,ITA,251820
5034168,43,121,5742,1995,107136.0,1682.0,0.387897,3.2147919999999996,CHN,KOR,251820
5034169,103,121,5742,1995,0.0,3167.0,-0.391727,1.174727,IDN,KOR,251820
5034170,114,121,5742,1995,9169.0,0.0,2.56822,0.927307,JPN,KOR,251820
5034171,163,121,5742,1995,65050.0,0.0,1.019741,0.394241,NOR,KOR,251820
5034172,39,138,5742,1995,1440.0,0.0,1.077804,1.0724200000000002,CAN,MEX,251820
5034173,83,138,5742,1995,8503.0,0.0,-1.247755,-1.070455,GHA,MEX,251820
5034174,93,138,5742,1995,0.0,43377.0,-0.241468,0.170932,GTM,MEX,251820
5034175,111,138,5742,1995,31264.0,0.0,1.503379,1.449094,ITA,MEX,251820
5034176,197,138,5742,1995,0.0,50763.0,-0.17119600000000001,0.027889999999999998,SLV,MEX,251820
5034177,231,138,5742,1995,2520677.0,67519.0,1.771648,1.184,USA,MEX,251820
5034178,77,150,5742,1995,3414.0,0.0,1.768484,0.765537,FRA,MTQ,251820
5034179,61,153,5742,1995,111922.0,0.0,2.325385,-2.2238189999999998,DEU,MYS,251820
5034180,103,153,5742,1995,0.0,5959.0,-0.391727,1.174727,IDN,MYS,251820
5034181,114,153,5742,1995,38373.0,0.0,2.56822,0.927307,JPN,MYS,251820
5034182,216,153,5742,1995,5821.0,0.0,0.174522,1.608058,THA,MYS,251820
5034183,231,153,5742,1995,11431.0,5712.0,1.771648,1.184,USA,MYS,251820
5034184,6,162,5742,1995,0.0,9294.0,-0.020759,-0.653863,ANT,NLD,251820
5034185,18,162,5742,1995,21729692.0,23200.0,1.615588,1.394102,BEL,NLD,251820
5034186,39,162,5742,1995,329606.0,0.0,1.077804,1.0724200000000002,CAN,NLD,251820
5034187,61,162,5742,1995,328461.0,37675.0,2.325385,-2.2238189999999998,DEU,NLD,251820
5034188,77,162,5742,1995,232334.0,15612.0,1.768484,0.765537,FRA,NLD,251820
5034189,81,162,5742,1995,0.0,3607.0,1.8656979999999999,1.107121,GBR,NLD,251820
5034190,163,162,5742,1995,0.0,4732.0,1.019741,0.394241,NOR,NLD,251820
5034191,208,162,5742,1995,0.0,20205.0,2.246997,1.060171,SWE,NLD,251820
5034192,250,162,5742,1995,16119354.0,0.0,1.034518,0.9735149999999999,ANS,NLD,251820
5034193,15,163,5742,1995,1932.0,0.0,2.000295,0.661255,AUT,NOR,251820
5034194,18,163,5742,1995,80391.0,0.0,1.615588,1.394102,BEL,NOR,251820
5034195,58,163,5742,1995,0.0,4396.0,0.263764,0.030358999999999997,CYP,NOR,251820
5034196,61,163,5742,1995,8569.0,0.0,2.325385,-2.2238189999999998,DEU,NOR,251820
5034197,68,163,5742,1995,0.0,35640.0,-0.340042,-0.085601,EGY,NOR,251820
5034198,109,163,5742,1995,0.0,7490.0,0.161331,-0.45210100000000003,ISL,NOR,251820
5034199,113,163,5742,1995,0.0,3446.0,0.666542,0.326785,JOR,NOR,251820
5034200,121,163,5742,1995,0.0,65050.0,0.845175,1.2761799999999999,KOR,NOR,251820
5034201,162,163,5742,1995,4732.0,0.0,1.304391,1.8819119999999998,NLD,NOR,251820
5034202,208,163,5742,1995,20760.0,29278.0,2.246997,1.060171,SWE,NOR,251820
5034203,224,163,5742,1995,0.0,27443.0,0.166794,1.209066,TUR,NOR,251820
5034204,231,163,5742,1995,0.0,1625.0,1.771648,1.184,USA,NOR,251820
5034205,61,177,5742,1995,8089.0,0.0,2.325385,-2.2238189999999998,DEU,POL,251820
5034206,208,177,5742,1995,1438.0,0.0,2.246997,1.060171,SWE,POL,251820
5034207,2,179,5742,1995,0.0,9816.0,-2.2342459999999997,-1.1147639999999999,AGO,PRT,251820
5034208,15,179,5742,1995,21442.0,0.0,2.000295,0.661255,AUT,PRT,251820
5034209,61,179,5742,1995,9953.0,0.0,2.325385,-2.2238189999999998,DEU,PRT,251820
5034210,71,179,5742,1995,6227.0,0.0,1.144247,1.933844,ESP,PRT,251820
5034211,77,179,5742,1995,5915.0,0.0,1.768484,0.765537,FRA,PRT,251820
5034212,81,179,5742,1995,287453.0,0.0,1.8656979999999999,1.107121,GBR,PRT,251820
5034213,111,179,5742,1995,38414.0,0.0,1.503379,1.449094,ITA,PRT,251820
5034214,61,205,5742,1995,1928.0,0.0,2.325385,-2.2238189999999998,DEU,SUR,251820
5034215,22,216,5742,1995,0.0,5061.0,-1.037175,-0.983195,BGD,THA,251820
5034216,43,216,5742,1995,11118.0,0.0,0.387897,3.2147919999999996,CHN,THA,251820
5034217,81,216,5742,1995,29466.0,0.0,1.8656979999999999,1.107121,GBR,THA,251820
5034218,153,216,5742,1995,0.0,5821.0,0.357745,0.374284,MYS,THA,251820
5034219,192,216,5742,1995,0.0,39062.0,0.747684,0.4745,SGP,THA,251820
5034220,39,222,5742,1995,353462.0,0.0,1.077804,1.0724200000000002,CAN,TTO,251820
5034221,231,222,5742,1995,531508.0,0.0,1.771648,1.184,USA,TTO,251820
5034222,14,231,5742,1995,0.0,5797.0,0.44442,0.789292,AUS,USA,251820
5034223,15,231,5742,1995,1206095.0,0.0,2.000295,0.661255,AUT,USA,251820
5034224,39,231,5742,1995,7202387.0,584130.0,1.077804,1.0724200000000002,CAN,USA,251820
5034225,42,231,5742,1995,0.0,25429.0,-0.073436,-0.192675,CHL,USA,251820
5034226,43,231,5742,1995,0.0,6346.0,0.387897,3.2147919999999996,CHN,USA,251820
5034227,49,231,5742,1995,0.0,149237.0,0.094335,0.13047999999999998,COL,USA,251820
5034228,52,231,5742,1995,0.0,3725.0,-0.30094699999999996,-0.046285,CRI,USA,251820
5034229,61,231,5742,1995,12761.0,0.0,2.325385,-2.2238189999999998,DEU,USA,251820
5034230,65,231,5742,1995,0.0,7892.0,-0.635482,-0.746526,DOM,USA,251820
5034231,77,231,5742,1995,0.0,1689.0,1.768484,0.765537,FRA,USA,251820
5034232,81,231,5742,1995,0.0,25454.0,1.8656979999999999,1.107121,GBR,USA,251820
5034233,99,231,5742,1995,0.0,11066.0,-0.765536,-0.668834,HND,USA,251820
5034234,103,231,5742,1995,0.0,104484.0,-0.391727,1.174727,IDN,USA,251820
5034235,104,231,5742,1995,0.0,10399.0,0.156183,1.9617380000000002,IND,USA,251820
5034236,114,231,5742,1995,0.0,731894.0,2.56822,0.927307,JPN,USA,251820
5034237,138,231,5742,1995,67519.0,2520677.0,0.6414300000000001,0.9697520000000001,MEX,USA,251820
5034238,153,231,5742,1995,5712.0,11431.0,0.357745,0.374284,MYS,USA,251820
5034239,163,231,5742,1995,1625.0,0.0,1.019741,0.394241,NOR,USA,251820
5034240,222,231,5742,1995,0.0,531508.0,0.254658,-0.496058,TTO,USA,251820
5034241,236,231,5742,1995,0.0,58451.0,0.299294,-0.635474,VEN,USA,251820
5034242,246,231,5742,1995,0.0,3303.0,0.468112,1.039817,ZAF,USA,251820
5034243,61,14,5742,1995,118452.0,0.0,2.325385,-2.2238189999999998,DEU,AUS,251820
5034244,77,14,5742,1995,19841.0,0.0,1.768484,0.765537,FRA,AUS,251820
5034245,81,14,5742,1995,48336.0,0.0,1.8656979999999999,1.107121,GBR,AUS,251820
5034246,231,14,5742,1995,5797.0,0.0,1.771648,1.184,USA,AUS,251820
5034247,104,22,5742,1995,6361.0,0.0,0.156183,1.9617380000000002,IND,BGD,251820
5034248,216,22,5742,1995,5061.0,0.0,0.174522,1.608058,THA,BGD,251820
5034249,250,22,5742,1995,726.0,0.0,1.034518,0.9735149999999999,ANS,BGD,251820
5034250,61,39,5742,1995,2910.0,0.0,2.325385,-2.2238189999999998,DEU,CAN,251820
5034251,77,39,5742,1995,0.0,900.0,1.768484,0.765537,FRA,CAN,251820
5034252,114,39,5742,1995,0.0,209190.0,2.56822,0.927307,JPN,CAN,251820
5034253,138,39,5742,1995,0.0,1440.0,0.6414300000000001,0.9697520000000001,MEX,CAN,251820
5034254,162,39,5742,1995,0.0,329606.0,1.304391,1.8819119999999998,NLD,CAN,251820
5034255,222,39,5742,1995,0.0,353462.0,0.254658,-0.496058,TTO,CAN,251820
5034256,231,39,5742,1995,584130.0,7202387.0,1.771648,1.184,USA,CAN,251820
5034257,236,39,5742,1995,0.0,182188.0,0.299294,-0.635474,VEN,CAN,251820
5034258,15,41,5742,1995,3336.0,0.0,2.000295,0.661255,AUT,CHE,251820
5034259,18,41,5742,1995,428398.0,0.0,1.615588,1.394102,BEL,CHE,251820
5034260,61,41,5742,1995,183422.0,0.0,2.325385,-2.2238189999999998,DEU,CHE,251820
5034261,67,41,5742,1995,0.0,10693.0,-0.948154,-0.9595790000000001,ECU,CHE,251820
5034262,74,41,5742,1995,37589.0,0.0,2.0085740000000003,1.126816,FIN,CHE,251820
5034263,77,41,5742,1995,14669.0,0.0,1.768484,0.765537,FRA,CHE,251820
5034264,111,41,5742,1995,133787.0,0.0,1.503379,1.449094,ITA,CHE,251820
5034265,8,42,5742,1995,33994.0,0.0,0.245885,0.5489850000000001,ARG,CHL,251820
5034266,231,42,5742,1995,25429.0,0.0,1.771648,1.184,USA,CHL,251820
5034267,18,59,5742,1995,3378.0,0.0,1.615588,1.394102,BEL,CZE,251820
5034268,61,59,5742,1995,3982.0,1911.0,2.325385,-2.2238189999999998,DEU,CZE,251820
5034269,111,59,5742,1995,600444.0,0.0,1.503379,1.449094,ITA,CZE,251820
5034270,206,59,5742,1995,49192.0,0.0,1.2249780000000001,1.405585,SVK,CZE,251820
5034271,61,68,5742,1995,2170.0,0.0,2.325385,-2.2238189999999998,DEU,EGY,251820
5034272,77,68,5742,1995,101870.0,0.0,1.768484,0.765537,FRA,EGY,251820
5034273,163,68,5742,1995,35640.0,0.0,1.019741,0.394241,NOR,EGY,251820
5034274,111,72,5742,1995,0.0,18464.0,1.503379,1.449094,ITA,EST,251820
5034275,130,72,5742,1995,0.0,6433.0,0.41220500000000004,0.966966,LTU,EST,251820
5034276,132,72,5742,1995,0.0,1999.0,0.25453400000000004,0.174809,LVA,EST,251820
5034277,208,72,5742,1995,4494.0,0.0,2.246997,1.060171,SWE,EST,251820
5034278,15,103,5742,1995,115458.0,0.0,2.000295,0.661255,AUT,IDN,251820
5034279,61,103,5742,1995,180669.0,0.0,2.325385,-2.2238189999999998,DEU,IDN,251820
5034280,81,103,5742,1995,1252949.0,0.0,1.8656979999999999,1.107121,GBR,IDN,251820
5034281,111,103,5742,1995,5707.0,0.0,1.503379,1.449094,ITA,IDN,251820
5034282,114,103,5742,1995,22078.0,0.0,2.56822,0.927307,JPN,IDN,251820
5034283,121,103,5742,1995,3167.0,0.0,0.845175,1.2761799999999999,KOR,IDN,251820
5034284,153,103,5742,1995,5959.0,0.0,0.357745,0.374284,MYS,IDN,251820
5034285,192,103,5742,1995,10029.0,0.0,0.747684,0.4745,SGP,IDN,251820
5034286,231,103,5742,1995,104484.0,0.0,1.771648,1.184,USA,IDN,251820
5034287,22,104,5742,1995,0.0,6361.0,-1.037175,-0.983195,BGD,IND,251820
5034288,90,104,5742,1995,18107.0,0.0,0.17369,0.885756,GRC,IND,251820
5034289,111,104,5742,1995,336529.0,0.0,1.503379,1.449094,ITA,IND,251820
5034290,231,104,5742,1995,10399.0,0.0,1.771648,1.184,USA,IND,251820
5034291,163,113,5742,1995,3446.0,0.0,1.019741,0.394241,NOR,JOR,251820
5034292,188,113,5742,1995,0.0,127428.0,0.401573,-0.6676529999999999,SAU,JOR,251820
5034293,15,114,5742,1995,428660.0,0.0,2.000295,0.661255,AUT,JPN,251820
5034294,39,114,5742,1995,209190.0,0.0,1.077804,1.0724200000000002,CAN,JPN,251820
5034295,43,114,5742,1995,746018.0,30158.0,0.387897,3.2147919999999996,CHN,JPN,251820
5034296,61,114,5742,1995,2782.0,0.0,2.325385,-2.2238189999999998,DEU,JPN,251820
5034297,81,114,5742,1995,4800.0,0.0,1.8656979999999999,1.107121,GBR,JPN,251820
5034298,103,114,5742,1995,0.0,22078.0,-0.391727,1.174727,IDN,JPN,251820
5034299,111,114,5742,1995,2114.0,0.0,1.503379,1.449094,ITA,JPN,251820
5034300,121,114,5742,1995,0.0,9169.0,0.845175,1.2761799999999999,KOR,JPN,251820
5034301,153,114,5742,1995,0.0,38373.0,0.357745,0.374284,MYS,JPN,251820
5034302,208,114,5742,1995,0.0,24822.0,2.246997,1.060171,SWE,JPN,251820
5034303,231,114,5742,1995,731894.0,0.0,1.771648,1.184,USA,JPN,251820
5034304,249,114,5742,1995,0.0,56760.0,1.345205,1.9337389999999999,TWN,JPN,251820
5034305,72,132,5742,1995,1999.0,0.0,0.530041,1.134288,EST,LVA,251820
5034306,61,166,5742,1995,15561.0,0.0,2.325385,-2.2238189999999998,DEU,NZL,251820
5034307,111,166,5742,1995,1577.0,0.0,1.503379,1.449094,ITA,NZL,251820
5034308,102,185,5742,1995,3790.0,0.0,0.878711,1.8200060000000002,HUN,ROU,251820
5034309,24,188,5742,1995,0.0,8102.0,-0.239166,-0.8627950000000001,BHR,SAU,251820
5034310,61,188,5742,1995,4436.0,0.0,2.325385,-2.2238189999999998,DEU,SAU,251820
5034311,113,188,5742,1995,127428.0,0.0,0.666542,0.326785,JOR,SAU,251820
5034312,122,188,5742,1995,0.0,7951.0,-0.226273,-1.02354,KWT,SAU,251820
5034313,249,188,5742,1995,1430.0,0.0,1.345205,1.9337389999999999,TWN,SAU,251820
5034314,43,192,5742,1995,22344.0,0.0,0.387897,3.2147919999999996,CHN,SGP,251820
5034315,61,192,5742,1995,1008.0,0.0,2.325385,-2.2238189999999998,DEU,SGP,251820
5034316,103,192,5742,1995,0.0,10029.0,-0.391727,1.174727,IDN,SGP,251820
5034317,111,192,5742,1995,1026.0,0.0,1.503379,1.449094,ITA,SGP,251820
5034318,216,192,5742,1995,39062.0,0.0,0.174522,1.608058,THA,SGP,251820
5034319,15,206,5742,1995,3448.0,0.0,2.000295,0.661255,AUT,SVK,251820
5034320,59,206,5742,1995,0.0,49192.0,1.375091,1.628069,CZE,SVK,251820
5034321,61,206,5742,1995,2935.0,0.0,2.325385,-2.2238189999999998,DEU,SVK,251820
5034322,111,206,5742,1995,6768.0,0.0,1.503379,1.449094,ITA,SVK,251820
5034323,61,207,5742,1995,183514.0,0.0,2.325385,-2.2238189999999998,DEU,SVN,251820
5034324,100,207,5742,1995,2990.0,0.0,0.75325,1.395715,HRV,SVN,251820
5034325,111,207,5742,1995,88611.0,0.0,1.503379,1.449094,ITA,SVN,251820
5034326,140,207,5742,1995,4037.0,0.0,0.34174,0.648467,MKD,SVN,251820
5034327,18,208,5742,1995,396170.0,0.0,1.615588,1.394102,BEL,SWE,251820
5034328,61,208,5742,1995,15326.0,0.0,2.325385,-2.2238189999999998,DEU,SWE,251820
5034329,64,208,5742,1995,0.0,54599.0,1.3800270000000001,1.489036,DNK,SWE,251820
5034330,66,208,5742,1995,0.0,828.0,-0.555409,-1.037972,DZA,SWE,251820
5034331,72,208,5742,1995,0.0,4494.0,0.530041,1.134288,EST,SWE,251820
5034332,74,208,5742,1995,14146.0,71679.0,2.0085740000000003,1.126816,FIN,SWE,251820
5034333,81,208,5742,1995,2407989.0,0.0,1.8656979999999999,1.107121,GBR,SWE,251820
5034334,111,208,5742,1995,22225.0,0.0,1.503379,1.449094,ITA,SWE,251820
5034335,114,208,5742,1995,24822.0,0.0,2.56822,0.927307,JPN,SWE,251820
5034336,162,208,5742,1995,20205.0,0.0,1.304391,1.8819119999999998,NLD,SWE,251820
5034337,163,208,5742,1995,29278.0,20760.0,1.019741,0.394241,NOR,SWE,251820
5034338,177,208,5742,1995,0.0,1438.0,0.76393,1.802648,POL,SWE,251820
5034339,61,224,5742,1995,13182.0,94471.0,2.325385,-2.2238189999999998,DEU,TUR,251820
5034340,111,224,5742,1995,39039.0,0.0,1.503379,1.449094,ITA,TUR,251820
5034341,140,224,5742,1995,0.0,2799.0,0.34174,0.648467,MKD,TUR,251820
5034342,163,224,5742,1995,27443.0,0.0,1.019741,0.394241,NOR,TUR,251820
5034343,223,224,5742,1995,0.0,8152.0,-0.253792,-0.044331,TUN,TUR,251820
5034344,43,246,5742,1995,193604.0,0.0,0.387897,3.2147919999999996,CHN,ZAF,251820
5034345,61,246,5742,1995,36271.0,0.0,2.325385,-2.2238189999999998,DEU,ZAF,251820
5034346,81,246,5742,1995,163223.0,0.0,1.8656979999999999,1.107121,GBR,ZAF,251820
5034347,151,246,5742,1995,0.0,13995.0,-0.432644,-0.574298,MUS,ZAF,251820
5034348,152,246,5742,1995,0.0,18744.0,-1.1277709999999999,-1.0603049999999998,MWI,ZAF,251820
5034349,231,246,5742,1995,3303.0,0.0,1.771648,1.184,USA,ZAF,251820
5034350,32,8,5742,1995,232216.0,0.0,0.687171,1.188647,BRA,ARG,251820
5034351,42,8,5742,1995,0.0,33994.0,-0.073436,-0.192675,CHL,ARG,251820
5034352,61,44,5742,1995,1761.0,0.0,2.325385,-2.2238189999999998,DEU,CIV,251820
5034353,77,44,5742,1995,2096.0,0.0,1.768484,0.765537,FRA,CIV,251820
5034354,81,44,5742,1995,545339.0,0.0,1.8656979999999999,1.107121,GBR,CIV,251820
5034355,18,45,5742,1995,30735.0,0.0,1.615588,1.394102,BEL,CMR,251820
5034356,77,45,5742,1995,33031.0,0.0,1.768484,0.765537,FRA,CMR,251820
5034357,64,90,5742,1995,9267.0,0.0,1.3800270000000001,1.489036,DNK,GRC,251820
5034358,77,90,5742,1995,34984.0,0.0,1.768484,0.765537,FRA,GRC,251820
5034359,81,90,5742,1995,141369.0,0.0,1.8656979999999999,1.107121,GBR,GRC,251820
5034360,104,90,5742,1995,0.0,18107.0,0.156183,1.9617380000000002,IND,GRC,251820
5034361,111,90,5742,1995,73972.0,0.0,1.503379,1.449094,ITA,GRC,251820
5034362,15,102,5742,1995,3184.0,0.0,2.000295,0.661255,AUT,HUN,251820
5034363,185,102,5742,1995,0.0,3790.0,0.621468,1.038729,ROU,HUN,251820
5034364,71,134,5742,1995,2614.0,0.0,1.144247,1.933844,ESP,MAR,251820
5034365,77,134,5742,1995,13561.0,0.0,1.768484,0.765537,FRA,MAR,251820
5034366,61,215,5742,1995,3371.0,0.0,2.325385,-2.2238189999999998,DEU,TGO,251820
5034367,71,223,5742,1995,9383.0,0.0,1.144247,1.933844,ESP,TUN,251820
5034368,77,223,5742,1995,69047.0,0.0,1.768484,0.765537,FRA,TUN,251820
5034369,224,223,5742,1995,8152.0,0.0,0.166794,1.209066,TUR,TUN,251820
5034370,152,248,5742,1995,0.0,22197.0,-1.1277709999999999,-1.0603049999999998,MWI,ZWE,251820
5034371,39,236,5742,1995,182188.0,0.0,1.077804,1.0724200000000002,CAN,VEN,251820
5034372,111,236,5742,1995,1114221.0,0.0,1.503379,1.449094,ITA,VEN,251820
5034373,231,236,5742,1995,58451.0,0.0,1.771648,1.184,USA,VEN,251820
5034374,163,58,5742,1995,4396.0,0.0,1.019741,0.394241,NOR,CYP,251820
5034375,111,100,5742,1995,130971.0,0.0,1.503379,1.449094,ITA,HRV,251820
5034376,207,100,5742,1995,0.0,2990.0,1.424606,1.490521,SVN,HRV,251820
5034377,28,135,5742,1995,13519.0,0.0,0.5290279999999999,0.27031700000000003,BLR,MDA,251820
5034378,61,140,5742,1995,0.0,6599.0,2.325385,-2.2238189999999998,DEU,MKD,251820
5034379,207,140,5742,1995,0.0,4037.0,1.424606,1.490521,SVN,MKD,251820
5034380,224,140,5742,1995,2799.0,0.0,0.166794,1.209066,TUR,MKD,251820
5034381,93,197,5742,1995,144477.0,0.0,-0.241468,0.170932,GTM,SLV,251820
5034382,138,197,5742,1995,50763.0,0.0,0.6414300000000001,0.9697520000000001,MEX,SLV,251820
5034383,231,65,5742,1995,7892.0,0.0,1.771648,1.184,USA,DOM,251820
5034384,41,67,5742,1995,10693.0,0.0,2.1893029999999998,0.82765,CHE,ECU,251820
5034385,49,67,5742,1995,8338.0,0.0,0.094335,0.13047999999999998,COL,ECU,251820
5034386,74,186,5742,1995,3691.0,0.0,2.0085740000000003,1.126816,FIN,RUS,251820
5034387,130,186,5742,1995,0.0,5600.0,0.41220500000000004,0.966966,LTU,RUS,251820
5034388,43,239,5742,1995,37061.0,0.0,0.387897,3.2147919999999996,CHN,VNM,251820
5034389,43,249,5742,1995,1009217.0,7953.0,0.387897,3.2147919999999996,CHN,TWN,251820
5034390,114,249,5742,1995,56760.0,0.0,2.56822,0.927307,JPN,TWN,251820
5034391,188,249,5742,1995,0.0,1430.0,0.401573,-0.6676529999999999,SAU,TWN,251820
5034392,22,250,5742,1995,0.0,726.0,-1.037175,-0.983195,BGD,ANS,251820
5034393,43,250,5742,1995,0.0,1995.0,0.387897,3.2147919999999996,CHN,ANS,251820
5034394,61,250,5742,1995,16303.0,0.0,2.325385,-2.2238189999999998,DEU,ANS,251820
5034395,162,250,5742,1995,0.0,16119354.0,1.304391,1.8819119999999998,NLD,ANS,251820
5034396,111,73,5742,1995,35762.0,0.0,1.503379,1.449094,ITA,ETH,251820
5034397,77,94,5742,1995,50313.0,0.0,1.768484,0.765537,FRA,GUF,251820
5034398,246,152,5742,1995,18744.0,0.0,0.468112,1.039817,ZAF,MWI,251820
5034399,248,152,5742,1995,22197.0,0.0,-0.054752999999999996,0.326737,ZWE,MWI,251820
5034400,77,66,5742,1995,15991.0,0.0,1.768484,0.765537,FRA,DZA,251820
5034401,208,66,5742,1995,828.0,0.0,2.246997,1.060171,SWE,DZA,251820
5034402,18,85,5742,1995,1639.0,0.0,1.615588,1.394102,BEL,GIN,251820
5034403,72,130,5742,1995,6433.0,0.0,0.530041,1.134288,EST,LTU,251820
5034404,186,130,5742,1995,5600.0,0.0,0.364437,0.171494,RUS,LTU,251820
5034405,43,133,5742,1995,0.0,88285.0,0.387897,3.2147919999999996,CHN,MAC,251820
5034406,246,151,5742,1995,13995.0,0.0,0.468112,1.039817,ZAF,MUS,251820
5034407,179,2,5742,1995,9816.0,0.0,0.412677,1.254009,PRT,AGO,251820
5034408,61,6,5742,1995,55714.0,0.0,2.325385,-2.2238189999999998,DEU,ANT,251820
5034409,162,6,5742,1995,9294.0,0.0,1.304391,1.8819119999999998,NLD,ANT,251820
5034410,188,24,5742,1995,8102.0,0.0,0.401573,-0.6676529999999999,SAU,BHR,251820
5034411,135,28,5742,1995,0.0,13519.0,0.394058,0.124474,MDA,BLR,251820
5034412,18,80,5742,1995,3385.0,0.0,1.615588,1.394102,BEL,GAB,251820
5034413,138,83,5742,1995,0.0,8503.0,0.6414300000000001,0.9697520000000001,MEX,GHA,251820
5034414,163,109,5742,1995,7490.0,0.0,1.019741,0.394241,NOR,ISL,251820
5034415,61,116,5742,1995,28294.0,0.0,2.325385,-2.2238189999999998,DEU,KEN,251820
5034416,188,122,5742,1995,7951.0,0.0,0.401573,-0.6676529999999999,SAU,KWT,251820
5034417,49,26,5742,1995,0.0,4793.0,0.094335,0.13047999999999998,COL,BIH,251820
5034418,61,48,5742,1995,20000.0,0.0,2.325385,-2.2238189999999998,DEU,COK,251820
5034419,77,148,5742,1995,52376.0,0.0,1.768484,0.765537,FRA,MRT,251820
5034420,18,15,5749,1995,77152.0,0.0,1.615588,1.394102,BEL,AUT,252210
5034421,59,15,5749,1995,726033.0,0.0,1.375091,1.628069,CZE,AUT,252210
5034422,61,15,5749,1995,130964.0,522539.0,2.325385,-2.2238189999999998,DEU,AUT,252210
5034423,100,15,5749,1995,0.0,3395.0,0.75325,1.395715,HRV,AUT,252210
5034424,111,15,5749,1995,1900.0,22687.0,1.503379,1.449094,ITA,AUT,252210
5034425,206,15,5749,1995,828289.0,0.0,1.2249780000000001,1.405585,SVK,AUT,252210
5034426,15,18,5749,1995,0.0,77152.0,2.000295,0.661255,AUT,BEL,252210
5034427,17,18,5749,1995,0.0,78237.0,-1.435347,-0.9015,BDI,BEL,252210
5034428,32,18,5749,1995,0.0,36089.0,0.687171,1.188647,BRA,BEL,252210
5034429,41,18,5749,1995,0.0,6595.0,2.1893029999999998,0.82765,CHE,BEL,252210
5034430,59,18,5749,1995,1202.0,0.0,1.375091,1.628069,CZE,BEL,252210
5034431,61,18,5749,1995,4388634.0,16073641.0,2.325385,-2.2238189999999998,DEU,BEL,252210
5034432,64,18,5749,1995,0.0,2153712.0,1.3800270000000001,1.489036,DNK,BEL,252210
5034433,66,18,5749,1995,0.0,5681.0,-0.555409,-1.037972,DZA,BEL,252210
5034434,77,18,5749,1995,4523824.0,5505905.0,1.768484,0.765537,FRA,BEL,252210
5034435,81,18,5749,1995,0.0,3058.0,1.8656979999999999,1.107121,GBR,BEL,252210
5034436,85,18,5749,1995,0.0,2455.0,-1.304768,-1.077826,GIN,BEL,252210
5034437,109,18,5749,1995,0.0,923.0,0.161331,-0.45210100000000003,ISL,BEL,252210
5034438,162,18,5749,1995,30401.0,45069424.0,1.304391,1.8819119999999998,NLD,BEL,252210
5034439,163,18,5749,1995,4868.0,0.0,1.019741,0.394241,NOR,BEL,252210
5034440,177,18,5749,1995,0.0,52350.0,0.76393,1.802648,POL,BEL,252210
5034441,184,18,5749,1995,0.0,75330.0,0.728825,-0.178569,REU,BEL,252210
5034442,208,18,5749,1995,0.0,248055.0,2.246997,1.060171,SWE,BEL,252210
5034443,215,18,5749,1995,0.0,30714.0,-0.962727,-0.873151,TGO,BEL,252210
5034444,216,18,5749,1995,0.0,19375.0,0.174522,1.608058,THA,BEL,252210
5034445,223,18,5749,1995,0.0,125228.0,-0.253792,-0.044331,TUN,BEL,252210
5034446,224,18,5749,1995,9910.0,0.0,0.166794,1.209066,TUR,BEL,252210
5034447,25,30,5749,1995,203389.0,0.0,0.501206,-0.32106799999999996,BHS,BMU,252210
5034448,39,30,5749,1995,6878.0,0.0,1.077804,1.0724200000000002,CAN,BMU,252210
5034449,231,30,5749,1995,41692.0,0.0,1.771648,1.184,USA,BMU,252210
5034450,8,32,5749,1995,0.0,17098.0,0.245885,0.5489850000000001,ARG,BRA,252210
5034451,18,32,5749,1995,36089.0,0.0,1.615588,1.394102,BEL,BRA,252210
5034452,180,32,5749,1995,0.0,1138.0,-0.283544,-0.640898,PRY,BRA,252210
5034453,205,32,5749,1995,0.0,1367.0,-0.75729,-0.8253459999999999,SUR,BRA,252210
5034454,230,32,5749,1995,0.0,4109.0,0.45133900000000005,0.50831,URY,BRA,252210
5034455,97,43,5749,1995,7992.0,598296.0,0.5244449999999999,2.682738,HKG,CHN,252210
5034456,103,43,5749,1995,0.0,41926.0,-0.391727,1.174727,IDN,CHN,252210
5034457,111,43,5749,1995,2063.0,0.0,1.503379,1.449094,ITA,CHN,252210
5034458,114,43,5749,1995,34132.0,241518.0,2.56822,0.927307,JPN,CHN,252210
5034459,121,43,5749,1995,32252.0,0.0,0.845175,1.2761799999999999,KOR,CHN,252210
5034460,133,43,5749,1995,0.0,13779.0,-0.149794,-0.26961799999999997,MAC,CHN,252210
5034461,186,43,5749,1995,0.0,1571.0,0.364437,0.171494,RUS,CHN,252210
5034462,192,43,5749,1995,0.0,52106.0,0.747684,0.4745,SGP,CHN,252210
5034463,231,43,5749,1995,2825.0,0.0,1.771648,1.184,USA,CHN,252210
5034464,249,43,5749,1995,7316.0,0.0,1.345205,1.9337389999999999,TWN,CHN,252210
5034465,101,49,5749,1995,0.0,15308.0,-0.761827,-0.6020310000000001,HTI,COL,252210
5034466,236,49,5749,1995,1439.0,55744.0,0.299294,-0.635474,VEN,COL,252210
5034467,99,52,5749,1995,6431.0,0.0,-0.765536,-0.668834,HND,CRI,252210
5034468,138,52,5749,1995,4356.0,0.0,0.6414300000000001,0.9697520000000001,MEX,CRI,252210
5034469,160,52,5749,1995,17056.0,0.0,-0.395096,-0.559934,NIC,CRI,252210
5034470,231,52,5749,1995,3013.0,0.0,1.771648,1.184,USA,CRI,252210
5034471,14,61,5749,1995,0.0,108889.0,0.44442,0.789292,AUS,DEU,252210
5034472,15,61,5749,1995,522539.0,130964.0,2.000295,0.661255,AUT,DEU,252210
5034473,18,61,5749,1995,16073641.0,4388634.0,1.615588,1.394102,BEL,DEU,252210
5034474,41,61,5749,1995,981.0,3651858.0,2.1893029999999998,0.82765,CHE,DEU,252210
5034475,59,61,5749,1995,6712758.0,9954.0,1.375091,1.628069,CZE,DEU,252210
5034476,64,61,5749,1995,566295.0,4423705.0,1.3800270000000001,1.489036,DNK,DEU,252210
5034477,68,61,5749,1995,5180.0,0.0,-0.340042,-0.085601,EGY,DEU,252210
5034478,71,61,5749,1995,0.0,88554.0,1.144247,1.933844,ESP,DEU,252210
5034479,74,61,5749,1995,185198.0,0.0,2.0085740000000003,1.126816,FIN,DEU,252210
5034480,77,61,5749,1995,23314008.0,7194192.0,1.768484,0.765537,FRA,DEU,252210
5034481,81,61,5749,1995,0.0,142307.0,1.8656979999999999,1.107121,GBR,DEU,252210
5034482,106,61,5749,1995,0.0,66501.0,1.349192,0.992099,IRL,DEU,252210
5034483,110,61,5749,1995,0.0,31620.0,1.205368,1.189434,ISR,DEU,252210
5034484,111,61,5749,1995,0.0,32105.0,1.503379,1.449094,ITA,DEU,252210
5034485,162,61,5749,1995,25467.0,46481272.0,1.304391,1.8819119999999998,NLD,DEU,252210
5034486,163,61,5749,1995,6410.0,140918.0,1.019741,0.394241,NOR,DEU,252210
5034487,166,61,5749,1995,0.0,1613.0,0.5558270000000001,0.773271,NZL,DEU,252210
5034488,177,61,5749,1995,2342615.0,0.0,0.76393,1.802648,POL,DEU,252210
5034489,185,61,5749,1995,0.0,5962.0,0.621468,1.038729,ROU,DEU,252210
5034490,192,61,5749,1995,0.0,1008.0,0.747684,0.4745,SGP,DEU,252210
5034491,206,61,5749,1995,522497.0,0.0,1.2249780000000001,1.405585,SVK,DEU,252210
5034492,208,61,5749,1995,0.0,15272.0,2.246997,1.060171,SWE,DEU,252210
5034493,215,61,5749,1995,0.0,9667.0,-0.962727,-0.873151,TGO,DEU,252210
5034494,224,61,5749,1995,0.0,2611.0,0.166794,1.209066,TUR,DEU,252210
5034495,231,61,5749,1995,0.0,4710.0,1.771648,1.184,USA,DEU,252210
5034496,246,61,5749,1995,0.0,7693.0,0.468112,1.039817,ZAF,DEU,252210
5034497,248,61,5749,1995,0.0,814.0,-0.054752999999999996,0.326737,ZWE,DEU,252210
5034498,18,64,5749,1995,2153712.0,0.0,1.615588,1.394102,BEL,DNK,252210
5034499,61,64,5749,1995,4423705.0,566295.0,2.325385,-2.2238189999999998,DEU,DNK,252210
5034500,74,64,5749,1995,0.0,163535.0,2.0085740000000003,1.126816,FIN,DNK,252210
5034501,77,64,5749,1995,545982.0,0.0,1.768484,0.765537,FRA,DNK,252210
5034502,81,64,5749,1995,1802.0,4158.0,1.8656979999999999,1.107121,GBR,DNK,252210
5034503,109,64,5749,1995,0.0,1943.0,0.161331,-0.45210100000000003,ISL,DNK,252210
5034504,111,64,5749,1995,0.0,1244.0,1.503379,1.449094,ITA,DNK,252210
5034505,162,64,5749,1995,0.0,18298.0,1.304391,1.8819119999999998,NLD,DNK,252210
5034506,163,64,5749,1995,19509.0,157380.0,1.019741,0.394241,NOR,DNK,252210
5034507,177,64,5749,1995,143920.0,0.0,0.76393,1.802648,POL,DNK,252210
5034508,179,64,5749,1995,0.0,61889.0,0.412677,1.254009,PRT,DNK,252210
5034509,190,64,5749,1995,0.0,1375.0,-0.776567,-0.963823,SDN,DNK,252210
5034510,208,64,5749,1995,2055487.0,218492.0,2.246997,1.060171,SWE,DNK,252210
5034511,19,71,5749,1995,0.0,79906.0,-1.142708,-0.9045280000000001,BEN,ESP,252210
5034512,21,71,5749,1995,0.0,20693.0,-0.695354,-0.902185,BFA,ESP,252210
5034513,44,71,5749,1995,0.0,8490.0,-0.781656,-0.74293,CIV,ESP,252210
5034514,45,71,5749,1995,0.0,36268.0,-1.121716,-0.9758020000000001,CMR,ESP,252210
5034515,61,71,5749,1995,88554.0,0.0,2.325385,-2.2238189999999998,DEU,ESP,252210
5034516,62,71,5749,1995,0.0,3354.0,0.7627109999999999,0.696162,DJI,ESP,252210
5034517,77,71,5749,1995,26195.0,750375.0,1.768484,0.765537,FRA,ESP,252210
5034518,83,71,5749,1995,0.0,81319.0,-1.247755,-1.070455,GHA,ESP,252210
5034519,85,71,5749,1995,0.0,2318.0,-1.304768,-1.077826,GIN,ESP,252210
5034520,87,71,5749,1995,0.0,15502.0,-0.605221,-0.700982,GMB,ESP,252210
5034521,89,71,5749,1995,0.0,117665.0,-2.276493,-0.847433,GNQ,ESP,252210
5034522,111,71,5749,1995,19176.0,0.0,1.503379,1.449094,ITA,ESP,252210
5034523,134,71,5749,1995,0.0,2510.0,-0.6481210000000001,-0.22345,MAR,ESP,252210
5034524,141,71,5749,1995,0.0,1811.0,-0.807662,-0.952101,MLI,ESP,252210
5034525,148,71,5749,1995,0.0,38185.0,-1.935629,-1.178304,MRT,ESP,252210
5034526,179,71,5749,1995,1392.0,104115.0,0.412677,1.254009,PRT,ESP,252210
5034527,191,71,5749,1995,0.0,9192.0,-0.94962,-0.970988,SEN,ESP,252210
5034528,196,71,5749,1995,0.0,2972.0,-0.176843,-0.565979,SLE,ESP,252210
5034529,215,71,5749,1995,0.0,132822.0,-0.962727,-0.873151,TGO,ESP,252210
5034530,231,71,5749,1995,24795.0,0.0,1.771648,1.184,USA,ESP,252210
5034531,41,74,5749,1995,3285.0,0.0,2.1893029999999998,0.82765,CHE,FIN,252210
5034532,61,74,5749,1995,0.0,185198.0,2.325385,-2.2238189999999998,DEU,FIN,252210
5034533,64,74,5749,1995,163535.0,0.0,1.3800270000000001,1.489036,DNK,FIN,252210
5034534,72,74,5749,1995,1925.0,4156.0,0.530041,1.134288,EST,FIN,252210
5034535,77,74,5749,1995,3897746.0,0.0,1.768484,0.765537,FRA,FIN,252210
5034536,132,74,5749,1995,0.0,16694.0,0.25453400000000004,0.174809,LVA,FIN,252210
5034537,163,74,5749,1995,242938.0,0.0,1.019741,0.394241,NOR,FIN,252210
5034538,177,74,5749,1995,4831.0,0.0,0.76393,1.802648,POL,FIN,252210
5034539,186,74,5749,1995,0.0,3115.0,0.364437,0.171494,RUS,FIN,252210
5034540,208,74,5749,1995,2778618.0,138340.0,2.246997,1.060171,SWE,FIN,252210
5034541,18,77,5749,1995,5505905.0,4523824.0,1.615588,1.394102,BEL,FRA,252210
5034542,19,77,5749,1995,0.0,18936.0,-1.142708,-0.9045280000000001,BEN,FRA,252210
5034543,21,77,5749,1995,0.0,13589.0,-0.695354,-0.902185,BFA,FRA,252210
5034544,38,77,5749,1995,0.0,2440.0,-0.378162,-0.6538010000000001,CAF,FRA,252210
5034545,41,77,5749,1995,3075.0,859762.0,2.1893029999999998,0.82765,CHE,FRA,252210
5034546,44,77,5749,1995,0.0,66774.0,-0.781656,-0.74293,CIV,FRA,252210
5034547,45,77,5749,1995,0.0,84270.0,-1.121716,-0.9758020000000001,CMR,FRA,252210
5034548,47,77,5749,1995,0.0,123030.0,-0.648521,-1.0392190000000001,COG,FRA,252210
5034549,61,77,5749,1995,7194192.0,23314008.0,2.325385,-2.2238189999999998,DEU,FRA,252210
5034550,64,77,5749,1995,0.0,545982.0,1.3800270000000001,1.489036,DNK,FRA,252210
5034551,66,77,5749,1995,0.0,39370.0,-0.555409,-1.037972,DZA,FRA,252210
5034552,71,77,5749,1995,750375.0,26195.0,1.144247,1.933844,ESP,FRA,252210
5034553,74,77,5749,1995,0.0,3897746.0,2.0085740000000003,1.126816,FIN,FRA,252210
5034554,80,77,5749,1995,0.0,24817.0,-1.445673,-1.099128,GAB,FRA,252210
5034555,81,77,5749,1995,10434.0,0.0,1.8656979999999999,1.107121,GBR,FRA,252210
5034556,85,77,5749,1995,0.0,603712.0,-1.304768,-1.077826,GIN,FRA,252210
5034557,86,77,5749,1995,0.0,26959.0,0.563491,-0.18852,GLP,FRA,252210
5034558,94,77,5749,1995,0.0,8984.0,1.1777959999999998,-0.052863,GUF,FRA,252210
5034559,104,77,5749,1995,0.0,20580.0,0.156183,1.9617380000000002,IND,FRA,252210
5034560,111,77,5749,1995,410334.0,129148.0,1.503379,1.449094,ITA,FRA,252210
5034561,141,77,5749,1995,0.0,60990.0,-0.807662,-0.952101,MLI,FRA,252210
5034562,148,77,5749,1995,0.0,60031.0,-1.935629,-1.178304,MRT,FRA,252210
5034563,150,77,5749,1995,0.0,7029.0,0.68423,-0.22968200000000003,MTQ,FRA,252210
5034564,159,77,5749,1995,0.0,20713.0,-2.108206,-1.2017520000000002,NGA,FRA,252210
5034565,162,77,5749,1995,3190.0,281512.0,1.304391,1.8819119999999998,NLD,FRA,252210
5034566,179,77,5749,1995,0.0,6362.0,0.412677,1.254009,PRT,FRA,252210
5034567,184,77,5749,1995,0.0,147003.0,0.728825,-0.178569,REU,FRA,252210
5034568,191,77,5749,1995,0.0,57277.0,-0.94962,-0.970988,SEN,FRA,252210
5034569,208,77,5749,1995,0.0,2757803.0,2.246997,1.060171,SWE,FRA,252210
5034570,215,77,5749,1995,0.0,22277.0,-0.962727,-0.873151,TGO,FRA,252210
5034571,231,77,5749,1995,29907.0,0.0,1.771648,1.184,USA,FRA,252210
5034572,249,77,5749,1995,0.0,34603.0,1.345205,1.9337389999999999,TWN,FRA,252210
5034573,7,81,5749,1995,0.0,50041.0,-0.205166,-0.6132380000000001,ARE,GBR,252210
5034574,18,81,5749,1995,3058.0,0.0,1.615588,1.394102,BEL,GBR,252210
5034575,24,81,5749,1995,0.0,1862.0,-0.239166,-0.8627950000000001,BHR,GBR,252210
5034576,26,81,5749,1995,0.0,8680.0,0.208931,0.053763,BIH,GBR,252210
5034577,38,81,5749,1995,0.0,5694.0,-0.378162,-0.6538010000000001,CAF,GBR,252210
5034578,42,81,5749,1995,0.0,1235.0,-0.073436,-0.192675,CHL,GBR,252210
5034579,44,81,5749,1995,0.0,34948.0,-0.781656,-0.74293,CIV,GBR,252210
5034580,61,81,5749,1995,142307.0,0.0,2.325385,-2.2238189999999998,DEU,GBR,252210
5034581,64,81,5749,1995,4158.0,1802.0,1.3800270000000001,1.489036,DNK,GBR,252210
5034582,77,81,5749,1995,0.0,10434.0,1.768484,0.765537,FRA,GBR,252210
5034583,83,81,5749,1995,0.0,87636.0,-1.247755,-1.070455,GHA,GBR,252210
5034584,87,81,5749,1995,0.0,23262.0,-0.605221,-0.700982,GMB,GBR,252210
5034585,100,81,5749,1995,0.0,12609.0,0.75325,1.395715,HRV,GBR,252210
5034586,106,81,5749,1995,69733.0,240388.0,1.349192,0.992099,IRL,GBR,252210
5034587,111,81,5749,1995,1476.0,0.0,1.503379,1.449094,ITA,GBR,252210
5034588,138,81,5749,1995,0.0,18653.0,0.6414300000000001,0.9697520000000001,MEX,GBR,252210
5034589,159,81,5749,1995,0.0,137158.0,-2.108206,-1.2017520000000002,NGA,GBR,252210
5034590,162,81,5749,1995,0.0,45724.0,1.304391,1.8819119999999998,NLD,GBR,252210
5034591,163,81,5749,1995,0.0,151477.0,1.019741,0.394241,NOR,GBR,252210
5034592,169,81,5749,1995,0.0,60489.0,-0.019815,0.050906,PAN,GBR,252210
5034593,174,81,5749,1995,0.0,29195.0,-0.480548,0.076564,PHL,GBR,252210
5034594,222,81,5749,1995,0.0,7262.0,0.254658,-0.496058,TTO,GBR,252210
5034595,224,81,5749,1995,0.0,31299.0,0.166794,1.209066,TUR,GBR,252210
5034596,77,86,5749,1995,26959.0,0.0,1.768484,0.765537,FRA,GLP,252210
5034597,197,93,5749,1995,0.0,1706.0,-0.17119600000000001,0.027889999999999998,SLV,GTM,252210
5034598,43,97,5749,1995,598296.0,7992.0,0.387897,3.2147919999999996,CHN,HKG,252210
5034599,52,99,5749,1995,0.0,6431.0,-0.30094699999999996,-0.046285,CRI,HND,252210
5034600,65,99,5749,1995,0.0,18933.0,-0.635482,-0.746526,DOM,HND,252210
5034601,160,99,5749,1995,0.0,7951.0,-0.395096,-0.559934,NIC,HND,252210
5034602,231,99,5749,1995,0.0,6887.0,1.771648,1.184,USA,HND,252210
5034603,61,106,5749,1995,66501.0,0.0,2.325385,-2.2238189999999998,DEU,IRL,252210
5034604,81,106,5749,1995,240388.0,69733.0,1.8656979999999999,1.107121,GBR,IRL,252210
5034605,231,106,5749,1995,1396.0,0.0,1.771648,1.184,USA,IRL,252210
5034606,58,110,5749,1995,35707.0,0.0,0.263764,0.030358999999999997,CYP,ISR,252210
5034607,61,110,5749,1995,31620.0,0.0,2.325385,-2.2238189999999998,DEU,ISR,252210
5034608,224,110,5749,1995,14215.0,0.0,0.166794,1.209066,TUR,ISR,252210
5034609,15,111,5749,1995,22687.0,1900.0,2.000295,0.661255,AUT,ITA,252210
5034610,41,111,5749,1995,0.0,114075.0,2.1893029999999998,0.82765,CHE,ITA,252210
5034611,43,111,5749,1995,0.0,2063.0,0.387897,3.2147919999999996,CHN,ITA,252210
5034612,45,111,5749,1995,0.0,1778.0,-1.121716,-0.9758020000000001,CMR,ITA,252210
5034613,61,111,5749,1995,32105.0,0.0,2.325385,-2.2238189999999998,DEU,ITA,252210
5034614,64,111,5749,1995,1244.0,0.0,1.3800270000000001,1.489036,DNK,ITA,252210
5034615,71,111,5749,1995,0.0,19176.0,1.144247,1.933844,ESP,ITA,252210
5034616,77,111,5749,1995,129148.0,410334.0,1.768484,0.765537,FRA,ITA,252210
5034617,81,111,5749,1995,0.0,1476.0,1.8656979999999999,1.107121,GBR,ITA,252210
5034618,102,111,5749,1995,0.0,987.0,0.878711,1.8200060000000002,HUN,ITA,252210
5034619,163,111,5749,1995,6771.0,0.0,1.019741,0.394241,NOR,ITA,252210
5034620,185,111,5749,1995,0.0,3599.0,0.621468,1.038729,ROU,ITA,252210
5034621,207,111,5749,1995,659756.0,93467.0,1.424606,1.490521,SVN,ITA,252210
5034622,231,111,5749,1995,0.0,4728.0,1.771648,1.184,USA,ITA,252210
5034623,43,121,5749,1995,0.0,32252.0,0.387897,3.2147919999999996,CHN,KOR,252210
5034624,103,121,5749,1995,0.0,2080.0,-0.391727,1.174727,IDN,KOR,252210
5034625,114,121,5749,1995,9208.0,0.0,2.56822,0.927307,JPN,KOR,252210
5034626,250,121,5749,1995,0.0,2057.0,1.034518,0.9735149999999999,ANS,KOR,252210
5034627,29,138,5749,1995,0.0,603.0,0.019916999999999997,-0.570529,BLZ,MEX,252210
5034628,52,138,5749,1995,0.0,4356.0,-0.30094699999999996,-0.046285,CRI,MEX,252210
5034629,81,138,5749,1995,18653.0,0.0,1.8656979999999999,1.107121,GBR,MEX,252210
5034630,222,138,5749,1995,0.0,273823.0,0.254658,-0.496058,TTO,MEX,252210
5034631,231,138,5749,1995,362697.0,717824.0,1.771648,1.184,USA,MEX,252210
5034632,77,150,5749,1995,7029.0,0.0,1.768484,0.765537,FRA,MTQ,252210
5034633,114,153,5749,1995,5329.0,0.0,2.56822,0.927307,JPN,MYS,252210
5034634,151,153,5749,1995,0.0,46935.0,-0.432644,-0.574298,MUS,MYS,252210
5034635,192,153,5749,1995,1851.0,581362.0,0.747684,0.4745,SGP,MYS,252210
5034636,231,153,5749,1995,19342.0,0.0,1.771648,1.184,USA,MYS,252210
5034637,249,153,5749,1995,0.0,87688.0,1.345205,1.9337389999999999,TWN,MYS,252210
5034638,6,162,5749,1995,0.0,1810.0,-0.020759,-0.653863,ANT,NLD,252210
5034639,18,162,5749,1995,45069424.0,30401.0,1.615588,1.394102,BEL,NLD,252210
5034640,47,162,5749,1995,0.0,4344.0,-0.648521,-1.0392190000000001,COG,NLD,252210
5034641,61,162,5749,1995,46481272.0,25467.0,2.325385,-2.2238189999999998,DEU,NLD,252210
5034642,64,162,5749,1995,18298.0,0.0,1.3800270000000001,1.489036,DNK,NLD,252210
5034643,77,162,5749,1995,281512.0,3190.0,1.768484,0.765537,FRA,NLD,252210
5034644,81,162,5749,1995,45724.0,0.0,1.8656979999999999,1.107121,GBR,NLD,252210
5034645,188,162,5749,1995,0.0,24998.0,0.401573,-0.6676529999999999,SAU,NLD,252210
5034646,205,162,5749,1995,0.0,4230.0,-0.75729,-0.8253459999999999,SUR,NLD,252210
5034647,231,162,5749,1995,7262.0,0.0,1.771648,1.184,USA,NLD,252210
5034648,18,163,5749,1995,0.0,4868.0,1.615588,1.394102,BEL,NOR,252210
5034649,61,163,5749,1995,140918.0,6410.0,2.325385,-2.2238189999999998,DEU,NOR,252210
5034650,64,163,5749,1995,157380.0,19509.0,1.3800270000000001,1.489036,DNK,NOR,252210
5034651,74,163,5749,1995,0.0,242938.0,2.0085740000000003,1.126816,FIN,NOR,252210
5034652,81,163,5749,1995,151477.0,0.0,1.8656979999999999,1.107121,GBR,NOR,252210
5034653,111,163,5749,1995,0.0,6771.0,1.503379,1.449094,ITA,NOR,252210
5034654,177,163,5749,1995,128930.0,0.0,0.76393,1.802648,POL,NOR,252210
5034655,208,163,5749,1995,1052076.0,468140.0,2.246997,1.060171,SWE,NOR,252210
5034656,231,163,5749,1995,28705.0,0.0,1.771648,1.184,USA,NOR,252210
5034657,81,169,5749,1995,60489.0,0.0,1.8656979999999999,1.107121,GBR,PAN,252210
5034658,18,177,5749,1995,52350.0,0.0,1.615588,1.394102,BEL,POL,252210
5034659,28,177,5749,1995,359381.0,0.0,0.5290279999999999,0.27031700000000003,BLR,POL,252210
5034660,61,177,5749,1995,0.0,2342615.0,2.325385,-2.2238189999999998,DEU,POL,252210
5034661,64,177,5749,1995,0.0,143920.0,1.3800270000000001,1.489036,DNK,POL,252210
5034662,74,177,5749,1995,0.0,4831.0,2.0085740000000003,1.126816,FIN,POL,252210
5034663,163,177,5749,1995,0.0,128930.0,1.019741,0.394241,NOR,POL,252210
5034664,206,177,5749,1995,52418.0,0.0,1.2249780000000001,1.405585,SVK,POL,252210
5034665,208,177,5749,1995,19093.0,266242.0,2.246997,1.060171,SWE,POL,252210
5034666,250,177,5749,1995,69777.0,43124.0,1.034518,0.9735149999999999,ANS,POL,252210
5034667,2,179,5749,1995,0.0,15542.0,-2.2342459999999997,-1.1147639999999999,AGO,PRT,252210
5034668,51,179,5749,1995,0.0,34678.0,0.302241,-0.532841,CPV,PRT,252210
5034669,64,179,5749,1995,61889.0,0.0,1.3800270000000001,1.489036,DNK,PRT,252210
5034670,71,179,5749,1995,104115.0,1392.0,1.144247,1.933844,ESP,PRT,252210
5034671,77,179,5749,1995,6362.0,0.0,1.768484,0.765537,FRA,PRT,252210
5034672,88,179,5749,1995,0.0,10446.0,-1.58566,-0.8226829999999999,GNB,PRT,252210
5034673,96,179,5749,1995,0.0,278896.0,-0.8856,-0.8413700000000001,GUY,PRT,252210
5034674,206,179,5749,1995,1120.0,0.0,1.2249780000000001,1.405585,SVK,PRT,252210
5034675,32,205,5749,1995,1367.0,0.0,0.687171,1.188647,BRA,SUR,252210
5034676,33,205,5749,1995,157612.0,0.0,1.055447,0.422738,BRB,SUR,252210
5034677,65,205,5749,1995,496553.0,0.0,-0.635482,-0.746526,DOM,SUR,252210
5034678,112,205,5749,1995,57959.0,0.0,-0.873925,-0.952304,JAM,SUR,252210
5034679,114,205,5749,1995,847506.0,0.0,2.56822,0.927307,JPN,SUR,252210
5034680,162,205,5749,1995,4230.0,0.0,1.304391,1.8819119999999998,NLD,SUR,252210
5034681,231,205,5749,1995,2417754.0,0.0,1.771648,1.184,USA,SUR,252210
5034682,18,216,5749,1995,19375.0,0.0,1.615588,1.394102,BEL,THA,252210
5034683,114,216,5749,1995,11192.0,0.0,2.56822,0.927307,JPN,THA,252210
5034684,123,216,5749,1995,0.0,7503.0,-1.305146,-1.1964299999999999,LAO,THA,252210
5034685,231,216,5749,1995,0.0,3292.0,1.771648,1.184,USA,THA,252210
5034686,81,222,5749,1995,7262.0,0.0,1.8656979999999999,1.107121,GBR,TTO,252210
5034687,138,222,5749,1995,273823.0,0.0,0.6414300000000001,0.9697520000000001,MEX,TTO,252210
5034688,14,231,5749,1995,0.0,14764.0,0.44442,0.789292,AUS,USA,252210
5034689,29,231,5749,1995,0.0,796.0,0.019916999999999997,-0.570529,BLZ,USA,252210
5034690,30,231,5749,1995,0.0,41692.0,0.897532,-0.394633,BMU,USA,252210
5034691,39,231,5749,1995,20740720.0,3382674.0,1.077804,1.0724200000000002,CAN,USA,252210
5034692,43,231,5749,1995,0.0,2825.0,0.387897,3.2147919999999996,CHN,USA,252210
5034693,52,231,5749,1995,0.0,3013.0,-0.30094699999999996,-0.046285,CRI,USA,252210
5034694,61,231,5749,1995,4710.0,0.0,2.325385,-2.2238189999999998,DEU,USA,252210
5034695,67,231,5749,1995,0.0,13248.0,-0.948154,-0.9595790000000001,ECU,USA,252210
5034696,71,231,5749,1995,0.0,24795.0,1.144247,1.933844,ESP,USA,252210
5034697,77,231,5749,1995,0.0,29907.0,1.768484,0.765537,FRA,USA,252210
5034698,87,231,5749,1995,0.0,7314.0,-0.605221,-0.700982,GMB,USA,252210
5034699,96,231,5749,1995,0.0,846875.0,-0.8856,-0.8413700000000001,GUY,USA,252210
5034700,99,231,5749,1995,6887.0,0.0,-0.765536,-0.668834,HND,USA,252210
5034701,100,231,5749,1995,1369.0,0.0,0.75325,1.395715,HRV,USA,252210
5034702,104,231,5749,1995,0.0,5312.0,0.156183,1.9617380000000002,IND,USA,252210
5034703,106,231,5749,1995,0.0,1396.0,1.349192,0.992099,IRL,USA,252210
5034704,111,231,5749,1995,4728.0,0.0,1.503379,1.449094,ITA,USA,252210
5034705,112,231,5749,1995,0.0,285407.0,-0.873925,-0.952304,JAM,USA,252210
5034706,114,231,5749,1995,3176.0,74941.0,2.56822,0.927307,JPN,USA,252210
5034707,127,231,5749,1995,0.0,5368.0,0.194177,-0.359444,LCA,USA,252210
5034708,138,231,5749,1995,717824.0,362697.0,0.6414300000000001,0.9697520000000001,MEX,USA,252210
5034709,153,231,5749,1995,0.0,19342.0,0.357745,0.374284,MYS,USA,252210
5034710,162,231,5749,1995,0.0,7262.0,1.304391,1.8819119999999998,NLD,USA,252210
5034711,163,231,5749,1995,0.0,28705.0,1.019741,0.394241,NOR,USA,252210
5034712,188,231,5749,1995,0.0,2178.0,0.401573,-0.6676529999999999,SAU,USA,252210
5034713,197,231,5749,1995,0.0,4432.0,-0.17119600000000001,0.027889999999999998,SLV,USA,252210
5034714,205,231,5749,1995,0.0,2417754.0,-0.75729,-0.8253459999999999,SUR,USA,252210
5034715,206,231,5749,1995,3129.0,0.0,1.2249780000000001,1.405585,SVK,USA,252210
5034716,216,231,5749,1995,3292.0,0.0,0.174522,1.608058,THA,USA,252210
5034717,246,231,5749,1995,0.0,3032.0,0.468112,1.039817,ZAF,USA,252210
5034718,249,231,5749,1995,0.0,14145.0,1.345205,1.9337389999999999,TWN,USA,252210
5034719,61,14,5749,1995,108889.0,0.0,2.325385,-2.2238189999999998,DEU,AUS,252210
5034720,114,14,5749,1995,15275.0,0.0,2.56822,0.927307,JPN,AUS,252210
5034721,166,14,5749,1995,50465.0,0.0,0.5558270000000001,0.773271,NZL,AUS,252210
5034722,192,14,5749,1995,1501.0,7371.0,0.747684,0.4745,SGP,AUS,252210
5034723,231,14,5749,1995,14764.0,0.0,1.771648,1.184,USA,AUS,252210
5034724,250,14,5749,1995,0.0,3135.0,1.034518,0.9735149999999999,ANS,AUS,252210
5034725,77,38,5749,1995,2440.0,0.0,1.768484,0.765537,FRA,CAF,252210
5034726,81,38,5749,1995,5694.0,0.0,1.8656979999999999,1.107121,GBR,CAF,252210
5034727,30,39,5749,1995,0.0,6878.0,0.897532,-0.394633,BMU,CAN,252210
5034728,231,39,5749,1995,3382674.0,20740720.0,1.771648,1.184,USA,CAN,252210
5034729,18,41,5749,1995,6595.0,0.0,1.615588,1.394102,BEL,CHE,252210
5034730,61,41,5749,1995,3651858.0,981.0,2.325385,-2.2238189999999998,DEU,CHE,252210
5034731,74,41,5749,1995,0.0,3285.0,2.0085740000000003,1.126816,FIN,CHE,252210
5034732,77,41,5749,1995,859762.0,3075.0,1.768484,0.765537,FRA,CHE,252210
5034733,85,41,5749,1995,0.0,268845.0,-1.304768,-1.077826,GIN,CHE,252210
5034734,111,41,5749,1995,114075.0,0.0,1.503379,1.449094,ITA,CHE,252210
5034735,8,42,5749,1995,705223.0,0.0,0.245885,0.5489850000000001,ARG,CHL,252210
5034736,81,42,5749,1995,1235.0,0.0,1.8656979999999999,1.107121,GBR,CHL,252210
5034737,15,59,5749,1995,0.0,726033.0,2.000295,0.661255,AUT,CZE,252210
5034738,18,59,5749,1995,0.0,1202.0,1.615588,1.394102,BEL,CZE,252210
5034739,61,59,5749,1995,9954.0,6712758.0,2.325385,-2.2238189999999998,DEU,CZE,252210
5034740,115,59,5749,1995,0.0,3540.0,0.280262,-0.285508,KAZ,CZE,252210
5034741,186,59,5749,1995,0.0,2188.0,0.364437,0.171494,RUS,CZE,252210
5034742,206,59,5749,1995,1781987.0,34169.0,1.2249780000000001,1.405585,SVK,CZE,252210
5034743,224,59,5749,1995,5985.0,0.0,0.166794,1.209066,TUR,CZE,252210
5034744,61,68,5749,1995,0.0,5180.0,2.325385,-2.2238189999999998,DEU,EGY,252210
5034745,124,68,5749,1995,0.0,6033.0,0.027416000000000003,0.327795,LBN,EGY,252210
5034746,74,72,5749,1995,4156.0,1925.0,2.0085740000000003,1.126816,FIN,EST,252210
5034747,132,72,5749,1995,0.0,20183.0,0.25453400000000004,0.174809,LVA,EST,252210
5034748,186,72,5749,1995,10635.0,0.0,0.364437,0.171494,RUS,EST,252210
5034749,43,103,5749,1995,41926.0,0.0,0.387897,3.2147919999999996,CHN,IDN,252210
5034750,121,103,5749,1995,2080.0,0.0,0.845175,1.2761799999999999,KOR,IDN,252210
5034751,192,103,5749,1995,8400.0,0.0,0.747684,0.4745,SGP,IDN,252210
5034752,77,104,5749,1995,20580.0,0.0,1.768484,0.765537,FRA,IND,252210
5034753,114,104,5749,1995,31596.0,0.0,2.56822,0.927307,JPN,IND,252210
5034754,128,104,5749,1995,0.0,1876.0,-0.8358030000000001,-0.29397199999999996,LKA,IND,252210
5034755,164,104,5749,1995,0.0,3858.0,-0.779984,-0.7621479999999999,NPL,IND,252210
5034756,231,104,5749,1995,5312.0,0.0,1.771648,1.184,USA,IND,252210
5034757,124,113,5749,1995,0.0,3364.0,0.027416000000000003,0.327795,LBN,JOR,252210
5034758,188,113,5749,1995,0.0,146814.0,0.401573,-0.6676529999999999,SAU,JOR,252210
5034759,14,114,5749,1995,0.0,15275.0,0.44442,0.789292,AUS,JPN,252210
5034760,43,114,5749,1995,241518.0,34132.0,0.387897,3.2147919999999996,CHN,JPN,252210
5034761,104,114,5749,1995,0.0,31596.0,0.156183,1.9617380000000002,IND,JPN,252210
5034762,121,114,5749,1995,0.0,9208.0,0.845175,1.2761799999999999,KOR,JPN,252210
5034763,153,114,5749,1995,0.0,5329.0,0.357745,0.374284,MYS,JPN,252210
5034764,205,114,5749,1995,0.0,847506.0,-0.75729,-0.8253459999999999,SUR,JPN,252210
5034765,216,114,5749,1995,0.0,11192.0,0.174522,1.608058,THA,JPN,252210
5034766,231,114,5749,1995,74941.0,3176.0,1.771648,1.184,USA,JPN,252210
5034767,249,114,5749,1995,0.0,5972.0,1.345205,1.9337389999999999,TWN,JPN,252210
5034768,115,117,5749,1995,186091.0,0.0,0.280262,-0.285508,KAZ,KGZ,252210
5034769,186,117,5749,1995,0.0,9256.0,0.364437,0.171494,RUS,KGZ,252210
5034770,217,117,5749,1995,0.0,3503.0,0.0068189999999999995,-0.7594350000000001,TJK,KGZ,252210
5034771,232,117,5749,1995,17606.0,66313.0,-0.29740900000000003,-0.9456190000000001,UZB,KGZ,252210
5034772,28,132,5749,1995,35475.0,0.0,0.5290279999999999,0.27031700000000003,BLR,LVA,252210
5034773,72,132,5749,1995,20183.0,0.0,0.530041,1.134288,EST,LVA,252210
5034774,74,132,5749,1995,16694.0,0.0,2.0085740000000003,1.126816,FIN,LVA,252210
5034775,130,132,5749,1995,49904.0,0.0,0.41220500000000004,0.966966,LTU,LVA,252210
5034776,186,132,5749,1995,8521.0,0.0,0.364437,0.171494,RUS,LVA,252210
5034777,208,132,5749,1995,0.0,161120.0,2.246997,1.060171,SWE,LVA,252210
5034778,14,166,5749,1995,0.0,50465.0,0.44442,0.789292,AUS,NZL,252210
5034779,61,166,5749,1995,1613.0,0.0,2.325385,-2.2238189999999998,DEU,NZL,252210
5034780,75,166,5749,1995,0.0,166264.0,-0.998257,-0.9565629999999999,FJI,NZL,252210
5034781,176,166,5749,1995,0.0,1686684.0,-2.387352,-1.200933,PNG,NZL,252210
5034782,182,166,5749,1995,0.0,29610.0,-0.33641,-0.696238,PYF,NZL,252210
5034783,7,167,5749,1995,10948.0,0.0,-0.205166,-0.6132380000000001,ARE,OMN,252210
5034784,61,185,5749,1995,5962.0,0.0,2.325385,-2.2238189999999998,DEU,ROU,252210
5034785,90,185,5749,1995,843.0,0.0,0.17369,0.885756,GRC,ROU,252210
5034786,102,185,5749,1995,0.0,16302.0,0.878711,1.8200060000000002,HUN,ROU,252210
5034787,111,185,5749,1995,3599.0,0.0,1.503379,1.449094,ITA,ROU,252210
5034788,135,185,5749,1995,0.0,1813.0,0.394058,0.124474,MDA,ROU,252210
5034789,212,185,5749,1995,1930.0,0.0,-0.8829469999999999,-0.809407,SYR,ROU,252210
5034790,7,188,5749,1995,48756.0,0.0,-0.205166,-0.6132380000000001,ARE,SAU,252210
5034791,113,188,5749,1995,146814.0,0.0,0.666542,0.326785,JOR,SAU,252210
5034792,162,188,5749,1995,24998.0,0.0,1.304391,1.8819119999999998,NLD,SAU,252210
5034793,183,188,5749,1995,0.0,14965.0,-0.721352,-1.0827799999999999,QAT,SAU,252210
5034794,231,188,5749,1995,2178.0,0.0,1.771648,1.184,USA,SAU,252210
5034795,14,192,5749,1995,7371.0,1501.0,0.44442,0.789292,AUS,SGP,252210
5034796,43,192,5749,1995,52106.0,0.0,0.387897,3.2147919999999996,CHN,SGP,252210
5034797,61,192,5749,1995,1008.0,0.0,2.325385,-2.2238189999999998,DEU,SGP,252210
5034798,103,192,5749,1995,0.0,8400.0,-0.391727,1.174727,IDN,SGP,252210
5034799,153,192,5749,1995,581362.0,1851.0,0.357745,0.374284,MYS,SGP,252210
5034800,15,206,5749,1995,0.0,828289.0,2.000295,0.661255,AUT,SVK,252210
5034801,59,206,5749,1995,34169.0,1781987.0,1.375091,1.628069,CZE,SVK,252210
5034802,61,206,5749,1995,0.0,522497.0,2.325385,-2.2238189999999998,DEU,SVK,252210
5034803,102,206,5749,1995,0.0,843792.0,0.878711,1.8200060000000002,HUN,SVK,252210
5034804,177,206,5749,1995,0.0,52418.0,0.76393,1.802648,POL,SVK,252210
5034805,179,206,5749,1995,0.0,1120.0,0.412677,1.254009,PRT,SVK,252210
5034806,186,206,5749,1995,0.0,42481.0,0.364437,0.171494,RUS,SVK,252210
5034807,208,206,5749,1995,1033.0,0.0,2.246997,1.060171,SWE,SVK,252210
5034808,228,206,5749,1995,0.0,57417.0,0.428875,0.20489899999999997,UKR,SVK,252210
5034809,231,206,5749,1995,0.0,3129.0,1.771648,1.184,USA,SVK,252210
5034810,250,206,5749,1995,0.0,4184.0,1.034518,0.9735149999999999,ANS,SVK,252210
5034811,100,207,5749,1995,0.0,12074.0,0.75325,1.395715,HRV,SVN,252210
5034812,111,207,5749,1995,93467.0,659756.0,1.503379,1.449094,ITA,SVN,252210
5034813,18,208,5749,1995,248055.0,0.0,1.615588,1.394102,BEL,SWE,252210
5034814,61,208,5749,1995,15272.0,0.0,2.325385,-2.2238189999999998,DEU,SWE,252210
5034815,64,208,5749,1995,218492.0,2055487.0,1.3800270000000001,1.489036,DNK,SWE,252210
5034816,74,208,5749,1995,138340.0,2778618.0,2.0085740000000003,1.126816,FIN,SWE,252210
5034817,77,208,5749,1995,2757803.0,0.0,1.768484,0.765537,FRA,SWE,252210
5034818,132,208,5749,1995,161120.0,0.0,0.25453400000000004,0.174809,LVA,SWE,252210
5034819,163,208,5749,1995,468140.0,1052076.0,1.019741,0.394241,NOR,SWE,252210
5034820,177,208,5749,1995,266242.0,19093.0,0.76393,1.802648,POL,SWE,252210
5034821,206,208,5749,1995,0.0,1033.0,1.2249780000000001,1.405585,SVK,SWE,252210
5034822,45,214,5749,1995,5045.0,0.0,-1.121716,-0.9758020000000001,CMR,TCD,252210
5034823,18,224,5749,1995,0.0,9910.0,1.615588,1.394102,BEL,TUR,252210
5034824,23,224,5749,1995,254323.0,0.0,0.436138,1.086561,BGR,TUR,252210
5034825,58,224,5749,1995,16791.0,0.0,0.263764,0.030358999999999997,CYP,TUR,252210
5034826,59,224,5749,1995,0.0,5985.0,1.375091,1.628069,CZE,TUR,252210
5034827,61,224,5749,1995,2611.0,0.0,2.325385,-2.2238189999999998,DEU,TUR,252210
5034828,81,224,5749,1995,31299.0,0.0,1.8656979999999999,1.107121,GBR,TUR,252210
5034829,90,224,5749,1995,0.0,3244.0,0.17369,0.885756,GRC,TUR,252210
5034830,110,224,5749,1995,0.0,14215.0,1.205368,1.189434,ISR,TUR,252210
5034831,115,224,5749,1995,0.0,22999.0,0.280262,-0.285508,KAZ,TUR,252210
5034832,228,224,5749,1995,213579.0,0.0,0.428875,0.20489899999999997,UKR,TUR,252210
5034833,250,224,5749,1995,0.0,16658.0,1.034518,0.9735149999999999,ANS,TUR,252210
5034834,2,246,5749,1995,0.0,3654.0,-2.2342459999999997,-1.1147639999999999,AGO,ZAF,252210
5034835,61,246,5749,1995,7693.0,0.0,2.325385,-2.2238189999999998,DEU,ZAF,252210
5034836,147,246,5749,1995,0.0,6760.0,-1.031627,-1.02484,MOZ,ZAF,252210
5034837,231,246,5749,1995,3032.0,0.0,1.771648,1.184,USA,ZAF,252210
5034838,247,246,5749,1995,0.0,1065014.0,-0.214763,-0.721675,ZMB,ZAF,252210
5034839,248,246,5749,1995,0.0,908452.0,-0.054752999999999996,0.326737,ZWE,ZAF,252210
5034840,31,8,5749,1995,0.0,32293.0,-0.440583,-0.688389,BOL,ARG,252210
5034841,32,8,5749,1995,17098.0,0.0,0.687171,1.188647,BRA,ARG,252210
5034842,42,8,5749,1995,0.0,705223.0,-0.073436,-0.192675,CHL,ARG,252210
5034843,230,8,5749,1995,0.0,3196.0,0.45133900000000005,0.50831,URY,ARG,252210
5034844,21,44,5749,1995,0.0,58753.0,-0.695354,-0.902185,BFA,CIV,252210
5034845,71,44,5749,1995,8490.0,0.0,1.144247,1.933844,ESP,CIV,252210
5034846,77,44,5749,1995,66774.0,0.0,1.768484,0.765537,FRA,CIV,252210
5034847,81,44,5749,1995,34948.0,0.0,1.8656979999999999,1.107121,GBR,CIV,252210
5034848,134,44,5749,1995,1708.0,0.0,-0.6481210000000001,-0.22345,MAR,CIV,252210
5034849,47,45,5749,1995,0.0,852.0,-0.648521,-1.0392190000000001,COG,CMR,252210
5034850,71,45,5749,1995,36268.0,0.0,1.144247,1.933844,ESP,CMR,252210
5034851,77,45,5749,1995,84270.0,0.0,1.768484,0.765537,FRA,CMR,252210
5034852,90,45,5749,1995,15501.0,0.0,0.17369,0.885756,GRC,CMR,252210
5034853,111,45,5749,1995,1778.0,0.0,1.503379,1.449094,ITA,CMR,252210
5034854,214,45,5749,1995,0.0,5045.0,-0.6866180000000001,-0.752698,TCD,CMR,252210
5034855,250,45,5749,1995,61586.0,0.0,1.034518,0.9735149999999999,ANS,CMR,252210
5034856,45,47,5749,1995,852.0,0.0,-1.121716,-0.9758020000000001,CMR,COG,252210
5034857,77,47,5749,1995,123030.0,0.0,1.768484,0.765537,FRA,COG,252210
5034858,162,47,5749,1995,4344.0,0.0,1.304391,1.8819119999999998,NLD,COG,252210
5034859,250,47,5749,1995,64160.0,0.0,1.034518,0.9735149999999999,ANS,COG,252210
5034860,45,90,5749,1995,0.0,15501.0,-1.121716,-0.9758020000000001,CMR,GRC,252210
5034861,185,90,5749,1995,0.0,843.0,0.621468,1.038729,ROU,GRC,252210
5034862,224,90,5749,1995,3244.0,0.0,0.166794,1.209066,TUR,GRC,252210
5034863,111,102,5749,1995,987.0,0.0,1.503379,1.449094,ITA,HUN,252210
5034864,135,102,5749,1995,753.0,0.0,0.394058,0.124474,MDA,HUN,252210
5034865,185,102,5749,1995,16302.0,0.0,0.621468,1.038729,ROU,HUN,252210
5034866,206,102,5749,1995,843792.0,0.0,1.2249780000000001,1.405585,SVK,HUN,252210
5034867,44,134,5749,1995,0.0,1708.0,-0.781656,-0.74293,CIV,MAR,252210
5034868,71,134,5749,1995,2510.0,0.0,1.144247,1.933844,ESP,MAR,252210
5034869,18,215,5749,1995,30714.0,0.0,1.615588,1.394102,BEL,TGO,252210
5034870,61,215,5749,1995,9667.0,0.0,2.325385,-2.2238189999999998,DEU,TGO,252210
5034871,71,215,5749,1995,132822.0,0.0,1.144247,1.933844,ESP,TGO,252210
5034872,77,215,5749,1995,22277.0,0.0,1.768484,0.765537,FRA,TGO,252210
5034873,18,223,5749,1995,125228.0,0.0,1.615588,1.394102,BEL,TUN,252210
5034874,8,230,5749,1995,3196.0,0.0,0.245885,0.5489850000000001,ARG,URY,252210
5034875,32,230,5749,1995,4109.0,0.0,0.687171,1.188647,BRA,URY,252210
5034876,246,247,5749,1995,1065014.0,0.0,0.468112,1.039817,ZAF,ZMB,252210
5034877,248,247,5749,1995,2940.0,1642.0,-0.054752999999999996,0.326737,ZWE,ZMB,252210
5034878,17,248,5749,1995,0.0,11701.0,-1.435347,-0.9015,BDI,ZWE,252210
5034879,61,248,5749,1995,814.0,0.0,2.325385,-2.2238189999999998,DEU,ZWE,252210
5034880,147,248,5749,1995,0.0,6800.0,-1.031627,-1.02484,MOZ,ZWE,252210
5034881,152,248,5749,1995,0.0,1412.0,-1.1277709999999999,-1.0603049999999998,MWI,ZWE,252210
5034882,246,248,5749,1995,908452.0,0.0,0.468112,1.039817,ZAF,ZWE,252210
5034883,247,248,5749,1995,1642.0,2940.0,-0.214763,-0.721675,ZMB,ZWE,252210
5034884,65,120,5749,1995,25612.0,0.0,-0.635482,-0.746526,DOM,KNA,252210
5034885,49,236,5749,1995,55744.0,1439.0,0.094335,0.13047999999999998,COL,VEN,252210
5034886,110,58,5749,1995,0.0,35707.0,1.205368,1.189434,ISR,CYP,252210
5034887,224,58,5749,1995,0.0,16791.0,0.166794,1.209066,TUR,CYP,252210
5034888,15,100,5749,1995,3395.0,0.0,2.000295,0.661255,AUT,HRV,252210
5034889,26,100,5749,1995,0.0,12014.0,0.208931,0.053763,BIH,HRV,252210
5034890,81,100,5749,1995,12609.0,0.0,1.8656979999999999,1.107121,GBR,HRV,252210
5034891,186,100,5749,1995,0.0,6331.0,0.364437,0.171494,RUS,HRV,252210
5034892,207,100,5749,1995,12074.0,0.0,1.424606,1.490521,SVN,HRV,252210
5034893,231,100,5749,1995,0.0,1369.0,1.771648,1.184,USA,HRV,252210
5034894,102,135,5749,1995,0.0,753.0,0.878711,1.8200060000000002,HUN,MDA,252210
5034895,185,135,5749,1995,1813.0,0.0,0.621468,1.038729,ROU,MDA,252210
5034896,186,135,5749,1995,13790.0,0.0,0.364437,0.171494,RUS,MDA,252210
5034897,228,135,5749,1995,39818.0,5383.0,0.428875,0.20489899999999997,UKR,MDA,252210
5034898,23,140,5749,1995,277365.0,0.0,0.436138,1.086561,BGR,MKD,252210
5034899,186,140,5749,1995,0.0,1344.0,0.364437,0.171494,RUS,MKD,252210
5034900,7,190,5749,1995,1688440.0,0.0,-0.205166,-0.6132380000000001,ARE,SDN,252210
5034901,64,190,5749,1995,1375.0,0.0,1.3800270000000001,1.489036,DNK,SDN,252210
5034902,93,197,5749,1995,1706.0,0.0,-0.241468,0.170932,GTM,SLV,252210
5034903,231,197,5749,1995,4432.0,0.0,1.771648,1.184,USA,SLV,252210
5034904,227,46,5749,1995,3091.0,0.0,-1.053037,-1.001752,UGA,COD,252210
5034905,99,65,5749,1995,18933.0,0.0,-0.765536,-0.668834,HND,DOM,252210
5034906,120,65,5749,1995,0.0,25612.0,0.45250200000000007,-0.45284399999999997,KNA,DOM,252210
5034907,127,65,5749,1995,0.0,95612.0,0.194177,-0.359444,LCA,DOM,252210
5034908,205,65,5749,1995,0.0,496553.0,-0.75729,-0.8253459999999999,SUR,DOM,252210
5034909,231,67,5749,1995,13248.0,0.0,1.771648,1.184,USA,ECU,252210
5034910,81,174,5749,1995,29195.0,0.0,1.8656979999999999,1.107121,GBR,PHL,252210
5034911,43,186,5749,1995,1571.0,0.0,0.387897,3.2147919999999996,CHN,RUS,252210
5034912,59,186,5749,1995,2188.0,0.0,1.375091,1.628069,CZE,RUS,252210
5034913,72,186,5749,1995,0.0,10635.0,0.530041,1.134288,EST,RUS,252210
5034914,74,186,5749,1995,3115.0,0.0,2.0085740000000003,1.126816,FIN,RUS,252210
5034915,100,186,5749,1995,6331.0,0.0,0.75325,1.395715,HRV,RUS,252210
5034916,117,186,5749,1995,9256.0,0.0,0.361272,0.047797000000000006,KGZ,RUS,252210
5034917,130,186,5749,1995,422061.0,1699.0,0.41220500000000004,0.966966,LTU,RUS,252210
5034918,132,186,5749,1995,0.0,8521.0,0.25453400000000004,0.174809,LVA,RUS,252210
5034919,135,186,5749,1995,0.0,13790.0,0.394058,0.124474,MDA,RUS,252210
5034920,140,186,5749,1995,1344.0,0.0,0.34174,0.648467,MKD,RUS,252210
5034921,206,186,5749,1995,42481.0,0.0,1.2249780000000001,1.405585,SVK,RUS,252210
5034922,116,226,5749,1995,1604.0,0.0,-0.303773,0.111305,KEN,TZA,252210
5034923,135,228,5749,1995,5383.0,39818.0,0.394058,0.124474,MDA,UKR,252210
5034924,206,228,5749,1995,57417.0,0.0,1.2249780000000001,1.405585,SVK,UKR,252210
5034925,224,228,5749,1995,0.0,213579.0,0.166794,1.209066,TUR,UKR,252210
5034926,43,249,5749,1995,0.0,7316.0,0.387897,3.2147919999999996,CHN,TWN,252210
5034927,77,249,5749,1995,34603.0,0.0,1.768484,0.765537,FRA,TWN,252210
5034928,114,249,5749,1995,5972.0,0.0,2.56822,0.927307,JPN,TWN,252210
5034929,153,249,5749,1995,87688.0,0.0,0.357745,0.374284,MYS,TWN,252210
5034930,231,249,5749,1995,14145.0,0.0,1.771648,1.184,USA,TWN,252210
5034931,14,250,5749,1995,3135.0,0.0,0.44442,0.789292,AUS,ANS,252210
5034932,31,250,5749,1995,1104.0,0.0,-0.440583,-0.688389,BOL,ANS,252210
5034933,45,250,5749,1995,0.0,61586.0,-1.121716,-0.9758020000000001,CMR,ANS,252210
5034934,47,250,5749,1995,0.0,64160.0,-0.648521,-1.0392190000000001,COG,ANS,252210
5034935,121,250,5749,1995,2057.0,0.0,0.845175,1.2761799999999999,KOR,ANS,252210
5034936,177,250,5749,1995,43124.0,69777.0,0.76393,1.802648,POL,ANS,252210
5034937,206,250,5749,1995,4184.0,0.0,1.2249780000000001,1.405585,SVK,ANS,252210
5034938,224,250,5749,1995,16658.0,0.0,0.166794,1.209066,TUR,ANS,252210
5034939,138,29,5749,1995,603.0,0.0,0.6414300000000001,0.9697520000000001,MEX,BLZ,252210
5034940,231,29,5749,1995,796.0,0.0,1.771648,1.184,USA,BLZ,252210
5034941,8,31,5749,1995,32293.0,0.0,0.245885,0.5489850000000001,ARG,BOL,252210
5034942,250,31,5749,1995,0.0,1104.0,1.034518,0.9735149999999999,ANS,BOL,252210
5034943,77,94,5749,1995,8984.0,0.0,1.768484,0.765537,FRA,GUF,252210
5034944,49,101,5749,1995,15308.0,0.0,0.094335,0.13047999999999998,COL,HTI,252210
5034945,33,127,5749,1995,53028.0,0.0,1.055447,0.422738,BRB,LCA,252210
5034946,65,127,5749,1995,95612.0,0.0,-0.635482,-0.746526,DOM,LCA,252210
5034947,231,127,5749,1995,5368.0,0.0,1.771648,1.184,USA,LCA,252210
5034948,147,152,5749,1995,0.0,2724.0,-1.031627,-1.02484,MOZ,MWI,252210
5034949,248,152,5749,1995,1412.0,0.0,-0.054752999999999996,0.326737,ZWE,MWI,252210
5034950,52,160,5749,1995,0.0,17056.0,-0.30094699999999996,-0.046285,CRI,NIC,252210
5034951,99,160,5749,1995,7951.0,0.0,-0.765536,-0.668834,HND,NIC,252210
5034952,46,227,5749,1995,0.0,3091.0,-1.4672459999999998,-1.0777139999999998,COD,UGA,252210
5034953,116,227,5749,1995,328280.0,0.0,-0.303773,0.111305,KEN,UGA,252210
5034954,18,17,5749,1995,78237.0,0.0,1.615588,1.394102,BEL,BDI,252210
5034955,248,17,5749,1995,11701.0,0.0,-0.054752999999999996,0.326737,ZWE,BDI,252210
5034956,7,50,5749,1995,1808.0,0.0,-0.205166,-0.6132380000000001,ARE,COM,252210
5034957,18,66,5749,1995,5681.0,0.0,1.615588,1.394102,BEL,DZA,252210
5034958,77,66,5749,1995,39370.0,0.0,1.768484,0.765537,FRA,DZA,252210
5034959,18,85,5749,1995,2455.0,0.0,1.615588,1.394102,BEL,GIN,252210
5034960,41,85,5749,1995,268845.0,0.0,2.1893029999999998,0.82765,CHE,GIN,252210
5034961,71,85,5749,1995,2318.0,0.0,1.144247,1.933844,ESP,GIN,252210
5034962,77,85,5749,1995,603712.0,0.0,1.768484,0.765537,FRA,GIN,252210
5034963,28,130,5749,1995,1507880.0,0.0,0.5290279999999999,0.27031700000000003,BLR,LTU,252210
5034964,132,130,5749,1995,0.0,49904.0,0.25453400000000004,0.174809,LVA,LTU,252210
5034965,186,130,5749,1995,1699.0,422061.0,0.364437,0.171494,RUS,LTU,252210
5034966,43,133,5749,1995,13779.0,0.0,0.387897,3.2147919999999996,CHN,MAC,252210
5034967,153,151,5749,1995,46935.0,0.0,0.357745,0.374284,MYS,MUS,252210
5034968,18,184,5749,1995,75330.0,0.0,1.615588,1.394102,BEL,REU,252210
5034969,77,184,5749,1995,147003.0,0.0,1.768484,0.765537,FRA,REU,252210
5034970,179,2,5749,1995,15542.0,0.0,0.412677,1.254009,PRT,AGO,252210
5034971,246,2,5749,1995,3654.0,0.0,0.468112,1.039817,ZAF,AGO,252210
5034972,162,6,5749,1995,1810.0,0.0,1.304391,1.8819119999999998,NLD,ANT,252210
5034973,50,7,5749,1995,0.0,1808.0,-0.125195,-0.6788930000000001,COM,ARE,252210
5034974,81,7,5749,1995,50041.0,0.0,1.8656979999999999,1.107121,GBR,ARE,252210
5034975,167,7,5749,1995,0.0,10948.0,-0.328853,-0.946069,OMN,ARE,252210
5034976,188,7,5749,1995,0.0,48756.0,0.401573,-0.6676529999999999,SAU,ARE,252210
5034977,190,7,5749,1995,0.0,1688440.0,-0.776567,-0.963823,SDN,ARE,252210
5034978,71,19,5749,1995,79906.0,0.0,1.144247,1.933844,ESP,BEN,252210
5034979,77,19,5749,1995,18936.0,0.0,1.768484,0.765537,FRA,BEN,252210
5034980,140,23,5749,1995,0.0,277365.0,0.34174,0.648467,MKD,BGR,252210
5034981,224,23,5749,1995,0.0,254323.0,0.166794,1.209066,TUR,BGR,252210
5034982,81,24,5749,1995,1862.0,0.0,1.8656979999999999,1.107121,GBR,BHR,252210
5034983,30,25,5749,1995,0.0,203389.0,0.897532,-0.394633,BMU,BHS,252210
5034984,130,28,5749,1995,0.0,1507880.0,0.41220500000000004,0.966966,LTU,BLR,252210
5034985,132,28,5749,1995,0.0,35475.0,0.25453400000000004,0.174809,LVA,BLR,252210
5034986,177,28,5749,1995,0.0,359381.0,0.76393,1.802648,POL,BLR,252210
5034987,127,33,5749,1995,0.0,53028.0,0.194177,-0.359444,LCA,BRB,252210
5034988,205,33,5749,1995,0.0,157612.0,-0.75729,-0.8253459999999999,SUR,BRB,252210
5034989,179,51,5749,1995,34678.0,0.0,0.412677,1.254009,PRT,CPV,252210
5034990,77,80,5749,1995,24817.0,0.0,1.768484,0.765537,FRA,GAB,252210
5034991,71,83,5749,1995,81319.0,0.0,1.144247,1.933844,ESP,GHA,252210
5034992,81,83,5749,1995,87636.0,0.0,1.8656979999999999,1.107121,GBR,GHA,252210
5034993,71,89,5749,1995,117665.0,0.0,1.144247,1.933844,ESP,GNQ,252210
5034994,18,109,5749,1995,923.0,0.0,1.615588,1.394102,BEL,ISL,252210
5034995,64,109,5749,1995,1943.0,0.0,1.3800270000000001,1.489036,DNK,ISL,252210
5034996,205,112,5749,1995,0.0,57959.0,-0.75729,-0.8253459999999999,SUR,JAM,252210
5034997,231,112,5749,1995,285407.0,0.0,1.771648,1.184,USA,JAM,252210
5034998,59,115,5749,1995,3540.0,0.0,1.375091,1.628069,CZE,KAZ,252210
5034999,117,115,5749,1995,0.0,186091.0,0.361272,0.047797000000000006,KGZ,KAZ,252210
5035000,224,115,5749,1995,22999.0,0.0,0.166794,1.209066,TUR,KAZ,252210
5035001,226,116,5749,1995,0.0,1604.0,-1.219949,-0.8698969999999999,TZA,KEN,252210
5035002,227,116,5749,1995,0.0,328280.0,-1.053037,-1.001752,UGA,KEN,252210
5035003,68,124,5749,1995,6033.0,0.0,-0.340042,-0.085601,EGY,LBN,252210
5035004,113,124,5749,1995,3364.0,0.0,0.666542,0.326785,JOR,LBN,252210
5035005,104,128,5749,1995,1876.0,0.0,0.156183,1.9617380000000002,IND,LKA,252210
5035006,152,147,5749,1995,2724.0,0.0,-1.1277709999999999,-1.0603049999999998,MWI,MOZ,252210
5035007,246,147,5749,1995,6760.0,0.0,0.468112,1.039817,ZAF,MOZ,252210
5035008,248,147,5749,1995,6800.0,0.0,-0.054752999999999996,0.326737,ZWE,MOZ,252210
5035009,77,159,5749,1995,20713.0,0.0,1.768484,0.765537,FRA,NGA,252210
5035010,81,159,5749,1995,137158.0,0.0,1.8656979999999999,1.107121,GBR,NGA,252210
5035011,157,159,5749,1995,0.0,5518.0,-0.288248,-0.592174,NER,NGA,252210
5035012,104,164,5749,1995,3858.0,0.0,0.156183,1.9617380000000002,IND,NPL,252210
5035013,32,180,5749,1995,1138.0,0.0,0.687171,1.188647,BRA,PRY,252210
5035014,188,183,5749,1995,14965.0,0.0,0.401573,-0.6676529999999999,SAU,QAT,252210
5035015,71,191,5749,1995,9192.0,0.0,1.144247,1.933844,ESP,SEN,252210
5035016,77,191,5749,1995,57277.0,0.0,1.768484,0.765537,FRA,SEN,252210
5035017,185,212,5749,1995,0.0,1930.0,0.621468,1.038729,ROU,SYR,252210
5035018,117,232,5749,1995,66313.0,17606.0,0.361272,0.047797000000000006,KGZ,UZB,252210
5035019,44,21,5749,1995,58753.0,0.0,-0.781656,-0.74293,CIV,BFA,252210
5035020,71,21,5749,1995,20693.0,0.0,1.144247,1.933844,ESP,BFA,252210
5035021,77,21,5749,1995,13589.0,0.0,1.768484,0.765537,FRA,BFA,252210
5035022,81,26,5749,1995,8680.0,0.0,1.8656979999999999,1.107121,GBR,BIH,252210
5035023,100,26,5749,1995,12014.0,0.0,0.75325,1.395715,HRV,BIH,252210
5035024,71,62,5749,1995,3354.0,0.0,1.144247,1.933844,ESP,DJI,252210
5035025,166,75,5749,1995,166264.0,0.0,0.5558270000000001,0.773271,NZL,FJI,252210
5035026,179,96,5749,1995,278896.0,0.0,0.412677,1.254009,PRT,GUY,252210
5035027,231,96,5749,1995,846875.0,0.0,1.771648,1.184,USA,GUY,252210
5035028,216,123,5749,1995,7503.0,0.0,0.174522,1.608058,THA,LAO,252210
5035029,71,141,5749,1995,1811.0,0.0,1.144247,1.933844,ESP,MLI,252210
5035030,77,141,5749,1995,60990.0,0.0,1.768484,0.765537,FRA,MLI,252210
5035031,71,148,5749,1995,38185.0,0.0,1.144247,1.933844,ESP,MRT,252210
5035032,77,148,5749,1995,60031.0,0.0,1.768484,0.765537,FRA,MRT,252210
5035033,159,157,5749,1995,5518.0,0.0,-2.108206,-1.2017520000000002,NGA,NER,252210
5035034,166,176,5749,1995,1686684.0,0.0,0.5558270000000001,0.773271,NZL,PNG,252210
5035035,166,182,5749,1995,29610.0,0.0,0.5558270000000001,0.773271,NZL,PYF,252210
5035036,71,196,5749,1995,2972.0,0.0,1.144247,1.933844,ESP,SLE,252210
5035037,117,217,5749,1995,3503.0,0.0,0.361272,0.047797000000000006,KGZ,TJK,252210
5035038,71,87,5749,1995,15502.0,0.0,1.144247,1.933844,ESP,GMB,252210
5035039,81,87,5749,1995,23262.0,0.0,1.8656979999999999,1.107121,GBR,GMB,252210
5035040,231,87,5749,1995,7314.0,0.0,1.771648,1.184,USA,GMB,252210
5035041,179,88,5749,1995,10446.0,0.0,0.412677,1.254009,PRT,GNB,252210
5035042,18,15,5753,1995,31680.0,0.0,1.615588,1.394102,BEL,AUT,252321
5035043,41,15,5753,1995,0.0,8504.0,2.1893029999999998,0.82765,CHE,AUT,252321
5035044,61,15,5753,1995,651653.0,0.0,2.325385,-2.2238189999999998,DEU,AUT,252321
5035045,77,15,5753,1995,1957.0,0.0,1.768484,0.765537,FRA,AUT,252321
5035046,100,15,5753,1995,210820.0,13184.0,0.75325,1.395715,HRV,AUT,252321
5035047,102,15,5753,1995,9269.0,21915.0,0.878711,1.8200060000000002,HUN,AUT,252321
5035048,111,15,5753,1995,974628.0,86279.0,1.503379,1.449094,ITA,AUT,252321
5035049,206,15,5753,1995,789494.0,0.0,1.2249780000000001,1.405585,SVK,AUT,252321
5035050,207,15,5753,1995,26602.0,0.0,1.424606,1.490521,SVN,AUT,252321
5035051,14,18,5753,1995,0.0,15065.0,0.44442,0.789292,AUS,BEL,252321
5035052,15,18,5753,1995,0.0,31680.0,2.000295,0.661255,AUT,BEL,252321
5035053,17,18,5753,1995,0.0,7143.0,-1.435347,-0.9015,BDI,BEL,252321
5035054,39,18,5753,1995,3193.0,0.0,1.077804,1.0724200000000002,CAN,BEL,252321
5035055,41,18,5753,1995,0.0,81185.0,2.1893029999999998,0.82765,CHE,BEL,252321
5035056,44,18,5753,1995,0.0,60519.0,-0.781656,-0.74293,CIV,BEL,252321
5035057,45,18,5753,1995,0.0,70325.0,-1.121716,-0.9758020000000001,CMR,BEL,252321
5035058,50,18,5753,1995,0.0,15620.0,-0.125195,-0.6788930000000001,COM,BEL,252321
5035059,52,18,5753,1995,0.0,67771.0,-0.30094699999999996,-0.046285,CRI,BEL,252321
5035060,59,18,5753,1995,0.0,9859.0,1.375091,1.628069,CZE,BEL,252321
5035061,61,18,5753,1995,10500.0,3442291.0,2.325385,-2.2238189999999998,DEU,BEL,252321
5035062,67,18,5753,1995,0.0,2375.0,-0.948154,-0.9595790000000001,ECU,BEL,252321
5035063,71,18,5753,1995,4324.0,0.0,1.144247,1.933844,ESP,BEL,252321
5035064,74,18,5753,1995,0.0,929.0,2.0085740000000003,1.126816,FIN,BEL,252321
5035065,77,18,5753,1995,47400.0,744494.0,1.768484,0.765537,FRA,BEL,252321
5035066,81,18,5753,1995,0.0,8961.0,1.8656979999999999,1.107121,GBR,BEL,252321
5035067,85,18,5753,1995,0.0,418027.0,-1.304768,-1.077826,GIN,BEL,252321
5035068,87,18,5753,1995,0.0,6486.0,-0.605221,-0.700982,GMB,BEL,252321
5035069,99,18,5753,1995,0.0,19882.0,-0.765536,-0.668834,HND,BEL,252321
5035070,102,18,5753,1995,0.0,2598.0,0.878711,1.8200060000000002,HUN,BEL,252321
5035071,106,18,5753,1995,3160.0,580913.0,1.349192,0.992099,IRL,BEL,252321
5035072,109,18,5753,1995,0.0,11853.0,0.161331,-0.45210100000000003,ISL,BEL,252321
5035073,110,18,5753,1995,0.0,78900.0,1.205368,1.189434,ISR,BEL,252321
5035074,111,18,5753,1995,237583.0,47165.0,1.503379,1.449094,ITA,BEL,252321
5035075,121,18,5753,1995,0.0,63369.0,0.845175,1.2761799999999999,KOR,BEL,252321
5035076,130,18,5753,1995,0.0,3212.0,0.41220500000000004,0.966966,LTU,BEL,252321
5035077,134,18,5753,1995,0.0,101142.0,-0.6481210000000001,-0.22345,MAR,BEL,252321
5035078,151,18,5753,1995,0.0,11307.0,-0.432644,-0.574298,MUS,BEL,252321
5035079,160,18,5753,1995,0.0,16019.0,-0.395096,-0.559934,NIC,BEL,252321
5035080,162,18,5753,1995,501942.0,4574486.0,1.304391,1.8819119999999998,NLD,BEL,252321
5035081,167,18,5753,1995,0.0,22783.0,-0.328853,-0.946069,OMN,BEL,252321
5035082,179,18,5753,1995,0.0,1889.0,0.412677,1.254009,PRT,BEL,252321
5035083,215,18,5753,1995,0.0,4897.0,-0.962727,-0.873151,TGO,BEL,252321
5035084,224,18,5753,1995,37329.0,0.0,0.166794,1.209066,TUR,BEL,252321
5035085,226,18,5753,1995,0.0,36364.0,-1.219949,-0.8698969999999999,TZA,BEL,252321
5035086,231,18,5753,1995,0.0,1797280.0,1.771648,1.184,USA,BEL,252321
5035087,246,18,5753,1995,0.0,331957.0,0.468112,1.039817,ZAF,BEL,252321
5035088,250,18,5753,1995,0.0,17833132.0,1.034518,0.9735149999999999,ANS,BEL,252321
5035089,138,30,5753,1995,7952.0,0.0,0.6414300000000001,0.9697520000000001,MEX,BMU,252321
5035090,173,30,5753,1995,2423.0,0.0,-0.263859,-0.21032800000000001,PER,BMU,252321
5035091,231,30,5753,1995,7713.0,0.0,1.771648,1.184,USA,BMU,252321
5035092,236,30,5753,1995,342633.0,0.0,0.299294,-0.635474,VEN,BMU,252321
5035093,8,32,5753,1995,617226.0,6426.0,0.245885,0.5489850000000001,ARG,BRA,252321
5035094,31,32,5753,1995,0.0,4242.0,-0.440583,-0.688389,BOL,BRA,252321
5035095,41,32,5753,1995,303953.0,0.0,2.1893029999999998,0.82765,CHE,BRA,252321
5035096,61,32,5753,1995,6597.0,0.0,2.325385,-2.2238189999999998,DEU,BRA,252321
5035097,64,32,5753,1995,306913.0,0.0,1.3800270000000001,1.489036,DNK,BRA,252321
5035098,71,32,5753,1995,11115.0,0.0,1.144247,1.933844,ESP,BRA,252321
5035099,77,32,5753,1995,213524.0,0.0,1.768484,0.765537,FRA,BRA,252321
5035100,111,32,5753,1995,94407.0,0.0,1.503379,1.449094,ITA,BRA,252321
5035101,114,32,5753,1995,2465.0,0.0,2.56822,0.927307,JPN,BRA,252321
5035102,180,32,5753,1995,0.0,125206.0,-0.283544,-0.640898,PRY,BRA,252321
5035103,231,32,5753,1995,191031.0,0.0,1.771648,1.184,USA,BRA,252321
5035104,236,32,5753,1995,29491.0,0.0,0.299294,-0.635474,VEN,BRA,252321
5035105,14,43,5753,1995,0.0,23017.0,0.44442,0.789292,AUS,CHN,252321
5035106,22,43,5753,1995,0.0,33377.0,-1.037175,-0.983195,BGD,CHN,252321
5035107,50,43,5753,1995,0.0,163859.0,-0.125195,-0.6788930000000001,COM,CHN,252321
5035108,61,43,5753,1995,0.0,56114.0,2.325385,-2.2238189999999998,DEU,CHN,252321
5035109,97,43,5753,1995,13383.0,1768535.0,0.5244449999999999,2.682738,HKG,CHN,252321
5035110,103,43,5753,1995,0.0,89767.0,-0.391727,1.174727,IDN,CHN,252321
5035111,104,43,5753,1995,0.0,10595.0,0.156183,1.9617380000000002,IND,CHN,252321
5035112,114,43,5753,1995,9631.0,7836.0,2.56822,0.927307,JPN,CHN,252321
5035113,121,43,5753,1995,7089.0,1827599.0,0.845175,1.2761799999999999,KOR,CHN,252321
5035114,133,43,5753,1995,0.0,867147.0,-0.149794,-0.26961799999999997,MAC,CHN,252321
5035115,153,43,5753,1995,0.0,1120.0,0.357745,0.374284,MYS,CHN,252321
5035116,174,43,5753,1995,0.0,14944.0,-0.480548,0.076564,PHL,CHN,252321
5035117,178,43,5753,1995,0.0,7583.0,0.46509799999999996,0.645496,PRK,CHN,252321
5035118,186,43,5753,1995,0.0,55612.0,0.364437,0.171494,RUS,CHN,252321
5035119,192,43,5753,1995,4587.0,0.0,0.747684,0.4745,SGP,CHN,252321
5035120,216,43,5753,1995,941.0,0.0,0.174522,1.608058,THA,CHN,252321
5035121,226,43,5753,1995,0.0,1281305.0,-1.219949,-0.8698969999999999,TZA,CHN,252321
5035122,231,43,5753,1995,113241.0,5110.0,1.771648,1.184,USA,CHN,252321
5035123,239,43,5753,1995,0.0,294547.0,-1.0462069999999999,-0.269063,VNM,CHN,252321
5035124,249,43,5753,1995,1521.0,8447.0,1.345205,1.9337389999999999,TWN,CHN,252321
5035125,250,43,5753,1995,4489.0,0.0,1.034518,0.9735149999999999,ANS,CHN,252321
5035126,6,49,5753,1995,0.0,5642.0,-0.020759,-0.653863,ANT,COL,252321
5035127,52,49,5753,1995,0.0,27629.0,-0.30094699999999996,-0.046285,CRI,COL,252321
5035128,63,49,5753,1995,0.0,66850.0,0.803902,0.307064,DMA,COL,252321
5035129,67,49,5753,1995,0.0,1065683.0,-0.948154,-0.9595790000000001,ECU,COL,252321
5035130,81,49,5753,1995,34436.0,0.0,1.8656979999999999,1.107121,GBR,COL,252321
5035131,99,49,5753,1995,0.0,1465.0,-0.765536,-0.668834,HND,COL,252321
5035132,101,49,5753,1995,0.0,2351.0,-0.761827,-0.6020310000000001,HTI,COL,252321
5035133,111,49,5753,1995,21048.0,0.0,1.503379,1.449094,ITA,COL,252321
5035134,112,49,5753,1995,0.0,61616.0,-0.873925,-0.952304,JAM,COL,252321
5035135,169,49,5753,1995,0.0,104743.0,-0.019815,0.050906,PAN,COL,252321
5035136,173,49,5753,1995,0.0,52856.0,-0.263859,-0.21032800000000001,PER,COL,252321
5035137,205,49,5753,1995,0.0,2939.0,-0.75729,-0.8253459999999999,SUR,COL,252321
5035138,222,49,5753,1995,0.0,3748.0,0.254658,-0.496058,TTO,COL,252321
5035139,231,49,5753,1995,19900.0,717038.0,1.771648,1.184,USA,COL,252321
5035140,236,49,5753,1995,571716.0,4416.0,0.299294,-0.635474,VEN,COL,252321
5035141,18,52,5753,1995,67771.0,0.0,1.615588,1.394102,BEL,CRI,252321
5035142,49,52,5753,1995,27629.0,0.0,0.094335,0.13047999999999998,COL,CRI,252321
5035143,121,52,5753,1995,171610.0,0.0,0.845175,1.2761799999999999,KOR,CRI,252321
5035144,138,52,5753,1995,63024.0,0.0,0.6414300000000001,0.9697520000000001,MEX,CRI,252321
5035145,160,52,5753,1995,0.0,31713.0,-0.395096,-0.559934,NIC,CRI,252321
5035146,231,52,5753,1995,7520.0,0.0,1.771648,1.184,USA,CRI,252321
5035147,14,61,5753,1995,0.0,5930.0,0.44442,0.789292,AUS,DEU,252321
5035148,15,61,5753,1995,0.0,651653.0,2.000295,0.661255,AUT,DEU,252321
5035149,18,61,5753,1995,3442291.0,10500.0,1.615588,1.394102,BEL,DEU,252321
5035150,32,61,5753,1995,0.0,6597.0,0.687171,1.188647,BRA,DEU,252321
5035151,41,61,5753,1995,4197.0,1793245.0,2.1893029999999998,0.82765,CHE,DEU,252321
5035152,42,61,5753,1995,0.0,26453.0,-0.073436,-0.192675,CHL,DEU,252321
5035153,43,61,5753,1995,56114.0,0.0,0.387897,3.2147919999999996,CHN,DEU,252321
5035154,59,61,5753,1995,13882.0,5973.0,1.375091,1.628069,CZE,DEU,252321
5035155,64,61,5753,1995,4691149.0,5071.0,1.3800270000000001,1.489036,DNK,DEU,252321
5035156,68,61,5753,1995,0.0,2273.0,-0.340042,-0.085601,EGY,DEU,252321
5035157,71,61,5753,1995,0.0,42542.0,1.144247,1.933844,ESP,DEU,252321
5035158,72,61,5753,1995,0.0,15094.0,0.530041,1.134288,EST,DEU,252321
5035159,74,61,5753,1995,0.0,18856.0,2.0085740000000003,1.126816,FIN,DEU,252321
5035160,77,61,5753,1995,595278.0,91014.0,1.768484,0.765537,FRA,DEU,252321
5035161,81,61,5753,1995,0.0,1595564.0,1.8656979999999999,1.107121,GBR,DEU,252321
5035162,87,61,5753,1995,0.0,5274.0,-0.605221,-0.700982,GMB,DEU,252321
5035163,99,61,5753,1995,0.0,8766.0,-0.765536,-0.668834,HND,DEU,252321
5035164,100,61,5753,1995,979.0,5216.0,0.75325,1.395715,HRV,DEU,252321
5035165,102,61,5753,1995,4989.0,11025.0,0.878711,1.8200060000000002,HUN,DEU,252321
5035166,111,61,5753,1995,1152085.0,5779.0,1.503379,1.449094,ITA,DEU,252321
5035167,115,61,5753,1995,0.0,1075.0,0.280262,-0.285508,KAZ,DEU,252321
5035168,132,61,5753,1995,0.0,290178.0,0.25453400000000004,0.174809,LVA,DEU,252321
5035169,162,61,5753,1995,6743.0,1271322.0,1.304391,1.8819119999999998,NLD,DEU,252321
5035170,177,61,5753,1995,1040871.0,574341.0,0.76393,1.802648,POL,DEU,252321
5035171,185,61,5753,1995,0.0,10930.0,0.621468,1.038729,ROU,DEU,252321
5035172,186,61,5753,1995,0.0,5300.0,0.364437,0.171494,RUS,DEU,252321
5035173,206,61,5753,1995,5589536.0,1042.0,1.2249780000000001,1.405585,SVK,DEU,252321
5035174,208,61,5753,1995,0.0,17309.0,2.246997,1.060171,SWE,DEU,252321
5035175,216,61,5753,1995,0.0,23618.0,0.174522,1.608058,THA,DEU,252321
5035176,226,61,5753,1995,0.0,1905.0,-1.219949,-0.8698969999999999,TZA,DEU,252321
5035177,231,61,5753,1995,13669.0,0.0,1.771648,1.184,USA,DEU,252321
5035178,236,61,5753,1995,0.0,9724.0,0.299294,-0.635474,VEN,DEU,252321
5035179,14,64,5753,1995,0.0,305265.0,0.44442,0.789292,AUS,DNK,252321
5035180,21,64,5753,1995,0.0,5905.0,-0.695354,-0.902185,BFA,DNK,252321
5035181,32,64,5753,1995,0.0,306913.0,0.687171,1.188647,BRA,DNK,252321
5035182,39,64,5753,1995,0.0,4605.0,1.077804,1.0724200000000002,CAN,DNK,252321
5035183,41,64,5753,1995,0.0,247661.0,2.1893029999999998,0.82765,CHE,DNK,252321
5035184,45,64,5753,1995,0.0,27489.0,-1.121716,-0.9758020000000001,CMR,DNK,252321
5035185,61,64,5753,1995,5071.0,4691149.0,2.325385,-2.2238189999999998,DEU,DNK,252321
5035186,71,64,5753,1995,0.0,4730.0,1.144247,1.933844,ESP,DNK,252321
5035187,74,64,5753,1995,0.0,1122856.0,2.0085740000000003,1.126816,FIN,DNK,252321
5035188,77,64,5753,1995,1179.0,540864.0,1.768484,0.765537,FRA,DNK,252321
5035189,81,64,5753,1995,0.0,9524760.0,1.8656979999999999,1.107121,GBR,DNK,252321
5035190,92,64,5753,1995,0.0,482454.0,-0.723404,-0.794883,GRL,DNK,252321
5035191,106,64,5753,1995,0.0,1804.0,1.349192,0.992099,IRL,DNK,252321
5035192,109,64,5753,1995,0.0,17029.0,0.161331,-0.45210100000000003,ISL,DNK,252321
5035193,110,64,5753,1995,0.0,5723237.0,1.205368,1.189434,ISR,DNK,252321
5035194,114,64,5753,1995,0.0,3218.0,2.56822,0.927307,JPN,DNK,252321
5035195,132,64,5753,1995,0.0,4439.0,0.25453400000000004,0.174809,LVA,DNK,252321
5035196,163,64,5753,1995,0.0,609492.0,1.019741,0.394241,NOR,DNK,252321
5035197,166,64,5753,1995,0.0,31780.0,0.5558270000000001,0.773271,NZL,DNK,252321
5035198,169,64,5753,1995,0.0,74564.0,-0.019815,0.050906,PAN,DNK,252321
5035199,177,64,5753,1995,2114.0,1096668.0,0.76393,1.802648,POL,DNK,252321
5035200,188,64,5753,1995,0.0,5272426.0,0.401573,-0.6676529999999999,SAU,DNK,252321
5035201,208,64,5753,1995,0.0,1611411.0,2.246997,1.060171,SWE,DNK,252321
5035202,231,64,5753,1995,0.0,7249819.0,1.771648,1.184,USA,DNK,252321
5035203,246,64,5753,1995,0.0,172654.0,0.468112,1.039817,ZAF,DNK,252321
5035204,250,64,5753,1995,0.0,39947480.0,1.034518,0.9735149999999999,ANS,DNK,252321
5035205,2,71,5753,1995,0.0,9219.0,-2.2342459999999997,-1.1147639999999999,AGO,ESP,252321
5035206,5,71,5753,1995,0.0,74651.0,1.126269,0.577384,AND,ESP,252321
5035207,8,71,5753,1995,0.0,7970.0,0.245885,0.5489850000000001,ARG,ESP,252321
5035208,18,71,5753,1995,0.0,4324.0,1.615588,1.394102,BEL,ESP,252321
5035209,19,71,5753,1995,0.0,19064.0,-1.142708,-0.9045280000000001,BEN,ESP,252321
5035210,21,71,5753,1995,0.0,419405.0,-0.695354,-0.902185,BFA,ESP,252321
5035211,32,71,5753,1995,0.0,11115.0,0.687171,1.188647,BRA,ESP,252321
5035212,44,71,5753,1995,0.0,19228.0,-0.781656,-0.74293,CIV,ESP,252321
5035213,45,71,5753,1995,0.0,16087.0,-1.121716,-0.9758020000000001,CMR,ESP,252321
5035214,46,71,5753,1995,0.0,16020.0,-1.4672459999999998,-1.0777139999999998,COD,ESP,252321
5035215,47,71,5753,1995,0.0,1087.0,-0.648521,-1.0392190000000001,COG,ESP,252321
5035216,61,71,5753,1995,42542.0,0.0,2.325385,-2.2238189999999998,DEU,ESP,252321
5035217,64,71,5753,1995,4730.0,0.0,1.3800270000000001,1.489036,DNK,ESP,252321
5035218,66,71,5753,1995,0.0,219661.0,-0.555409,-1.037972,DZA,ESP,252321
5035219,77,71,5753,1995,4343.0,131026.0,1.768484,0.765537,FRA,ESP,252321
5035220,81,71,5753,1995,0.0,113240.0,1.8656979999999999,1.107121,GBR,ESP,252321
5035221,83,71,5753,1995,0.0,28056.0,-1.247755,-1.070455,GHA,ESP,252321
5035222,84,71,5753,1995,0.0,9452.0,0.784189,-0.224741,GIB,ESP,252321
5035223,85,71,5753,1995,0.0,11251.0,-1.304768,-1.077826,GIN,ESP,252321
5035224,87,71,5753,1995,0.0,3473.0,-0.605221,-0.700982,GMB,ESP,252321
5035225,88,71,5753,1995,0.0,2052.0,-1.58566,-0.8226829999999999,GNB,ESP,252321
5035226,89,71,5753,1995,0.0,40775.0,-2.276493,-0.847433,GNQ,ESP,252321
5035227,90,71,5753,1995,0.0,6710.0,0.17369,0.885756,GRC,ESP,252321
5035228,106,71,5753,1995,0.0,232092.0,1.349192,0.992099,IRL,ESP,252321
5035229,110,71,5753,1995,0.0,4820.0,1.205368,1.189434,ISR,ESP,252321
5035230,112,71,5753,1995,0.0,8542.0,-0.873925,-0.952304,JAM,ESP,252321
5035231,122,71,5753,1995,0.0,954195.0,-0.226273,-1.02354,KWT,ESP,252321
5035232,126,71,5753,1995,0.0,50989.0,-0.353547,-1.019464,LBY,ESP,252321
5035233,134,71,5753,1995,0.0,1600450.0,-0.6481210000000001,-0.22345,MAR,ESP,252321
5035234,142,71,5753,1995,0.0,74371.0,0.842519,0.11882899999999999,MLT,ESP,252321
5035235,148,71,5753,1995,0.0,17105.0,-1.935629,-1.178304,MRT,ESP,252321
5035236,157,71,5753,1995,0.0,6016.0,-0.288248,-0.592174,NER,ESP,252321
5035237,159,71,5753,1995,0.0,55809.0,-2.108206,-1.2017520000000002,NGA,ESP,252321
5035238,169,71,5753,1995,0.0,3881.0,-0.019815,0.050906,PAN,ESP,252321
5035239,179,71,5753,1995,10345.0,35885.0,0.412677,1.254009,PRT,ESP,252321
5035240,184,71,5753,1995,0.0,62090.0,0.728825,-0.178569,REU,ESP,252321
5035241,188,71,5753,1995,0.0,3945.0,0.401573,-0.6676529999999999,SAU,ESP,252321
5035242,191,71,5753,1995,0.0,27078.0,-0.94962,-0.970988,SEN,ESP,252321
5035243,215,71,5753,1995,0.0,5396.0,-0.962727,-0.873151,TGO,ESP,252321
5035244,222,71,5753,1995,0.0,3489.0,0.254658,-0.496058,TTO,ESP,252321
5035245,226,71,5753,1995,0.0,3615.0,-1.219949,-0.8698969999999999,TZA,ESP,252321
5035246,231,71,5753,1995,8114.0,5298014.0,1.771648,1.184,USA,ESP,252321
5035247,246,71,5753,1995,0.0,346639.0,0.468112,1.039817,ZAF,ESP,252321
5035248,18,74,5753,1995,929.0,0.0,1.615588,1.394102,BEL,FIN,252321
5035249,61,74,5753,1995,18856.0,0.0,2.325385,-2.2238189999999998,DEU,FIN,252321
5035250,64,74,5753,1995,1122856.0,0.0,1.3800270000000001,1.489036,DNK,FIN,252321
5035251,72,74,5753,1995,0.0,1614.0,0.530041,1.134288,EST,FIN,252321
5035252,132,74,5753,1995,0.0,385406.0,0.25453400000000004,0.174809,LVA,FIN,252321
5035253,163,74,5753,1995,0.0,12194.0,1.019741,0.394241,NOR,FIN,252321
5035254,186,74,5753,1995,0.0,105377.0,0.364437,0.171494,RUS,FIN,252321
5035255,192,74,5753,1995,0.0,6811.0,0.747684,0.4745,SGP,FIN,252321
5035256,208,74,5753,1995,8123.0,1212.0,2.246997,1.060171,SWE,FIN,252321
5035257,224,74,5753,1995,100612.0,0.0,0.166794,1.209066,TUR,FIN,252321
5035258,5,77,5753,1995,0.0,4614.0,1.126269,0.577384,AND,FRA,252321
5035259,8,77,5753,1995,0.0,12062.0,0.245885,0.5489850000000001,ARG,FRA,252321
5035260,14,77,5753,1995,0.0,39853.0,0.44442,0.789292,AUS,FRA,252321
5035261,15,77,5753,1995,0.0,1957.0,2.000295,0.661255,AUT,FRA,252321
5035262,17,77,5753,1995,0.0,1858.0,-1.435347,-0.9015,BDI,FRA,252321
5035263,18,77,5753,1995,744494.0,47400.0,1.615588,1.394102,BEL,FRA,252321
5035264,19,77,5753,1995,0.0,3626.0,-1.142708,-0.9045280000000001,BEN,FRA,252321
5035265,21,77,5753,1995,0.0,12844.0,-0.695354,-0.902185,BFA,FRA,252321
5035266,32,77,5753,1995,0.0,213524.0,0.687171,1.188647,BRA,FRA,252321
5035267,41,77,5753,1995,2294.0,888731.0,2.1893029999999998,0.82765,CHE,FRA,252321
5035268,44,77,5753,1995,0.0,108593.0,-0.781656,-0.74293,CIV,FRA,252321
5035269,45,77,5753,1995,0.0,37538.0,-1.121716,-0.9758020000000001,CMR,FRA,252321
5035270,47,77,5753,1995,0.0,12975.0,-0.648521,-1.0392190000000001,COG,FRA,252321
5035271,59,77,5753,1995,20580.0,62803.0,1.375091,1.628069,CZE,FRA,252321
5035272,61,77,5753,1995,91014.0,595278.0,2.325385,-2.2238189999999998,DEU,FRA,252321
5035273,64,77,5753,1995,540864.0,1179.0,1.3800270000000001,1.489036,DNK,FRA,252321
5035274,66,77,5753,1995,0.0,11318.0,-0.555409,-1.037972,DZA,FRA,252321
5035275,68,77,5753,1995,0.0,25956.0,-0.340042,-0.085601,EGY,FRA,252321
5035276,71,77,5753,1995,131026.0,4343.0,1.144247,1.933844,ESP,FRA,252321
5035277,80,77,5753,1995,0.0,6052.0,-1.445673,-1.099128,GAB,FRA,252321
5035278,81,77,5753,1995,0.0,1211598.0,1.8656979999999999,1.107121,GBR,FRA,252321
5035279,85,77,5753,1995,0.0,33138.0,-1.304768,-1.077826,GIN,FRA,252321
5035280,86,77,5753,1995,0.0,365975.0,0.563491,-0.18852,GLP,FRA,252321
5035281,87,77,5753,1995,0.0,4490.0,-0.605221,-0.700982,GMB,FRA,252321
5035282,94,77,5753,1995,0.0,6388.0,1.1777959999999998,-0.052863,GUF,FRA,252321
5035283,104,77,5753,1995,2579.0,0.0,0.156183,1.9617380000000002,IND,FRA,252321
5035284,107,77,5753,1995,0.0,37913.0,-0.821991,-1.071013,IRN,FRA,252321
5035285,111,77,5753,1995,178657.0,30280.0,1.503379,1.449094,ITA,FRA,252321
5035286,114,77,5753,1995,0.0,13964.0,2.56822,0.927307,JPN,FRA,252321
5035287,121,77,5753,1995,0.0,24289.0,0.845175,1.2761799999999999,KOR,FRA,252321
5035288,134,77,5753,1995,0.0,1781221.0,-0.6481210000000001,-0.22345,MAR,FRA,252321
5035289,136,77,5753,1995,0.0,60918.0,-1.178074,-0.6167,MDG,FRA,252321
5035290,141,77,5753,1995,0.0,37159.0,-0.807662,-0.952101,MLI,FRA,252321
5035291,142,77,5753,1995,0.0,129293.0,0.842519,0.11882899999999999,MLT,FRA,252321
5035292,148,77,5753,1995,0.0,14503.0,-1.935629,-1.178304,MRT,FRA,252321
5035293,150,77,5753,1995,0.0,128931.0,0.68423,-0.22968200000000003,MTQ,FRA,252321
5035294,151,77,5753,1995,0.0,20911.0,-0.432644,-0.574298,MUS,FRA,252321
5035295,152,77,5753,1995,0.0,5429.0,-1.1277709999999999,-1.0603049999999998,MWI,FRA,252321
5035296,153,77,5753,1995,0.0,7777.0,0.357745,0.374284,MYS,FRA,252321
5035297,156,77,5753,1995,0.0,21865.0,-1.326035,-0.826058,NCL,FRA,252321
5035298,157,77,5753,1995,0.0,66926.0,-0.288248,-0.592174,NER,FRA,252321
5035299,159,77,5753,1995,0.0,130700.0,-2.108206,-1.2017520000000002,NGA,FRA,252321
5035300,162,77,5753,1995,33320.0,0.0,1.304391,1.8819119999999998,NLD,FRA,252321
5035301,168,77,5753,1995,0.0,7178.0,-0.707965,-0.324784,PAK,FRA,252321
5035302,174,77,5753,1995,0.0,14668.0,-0.480548,0.076564,PHL,FRA,252321
5035303,182,77,5753,1995,0.0,7874.0,-0.33641,-0.696238,PYF,FRA,252321
5035304,184,77,5753,1995,0.0,117194.0,0.728825,-0.178569,REU,FRA,252321
5035305,185,77,5753,1995,0.0,6947.0,0.621468,1.038729,ROU,FRA,252321
5035306,188,77,5753,1995,0.0,9420.0,0.401573,-0.6676529999999999,SAU,FRA,252321
5035307,191,77,5753,1995,0.0,49762.0,-0.94962,-0.970988,SEN,FRA,252321
5035308,216,77,5753,1995,0.0,35199.0,0.174522,1.608058,THA,FRA,252321
5035309,223,77,5753,1995,0.0,1675.0,-0.253792,-0.044331,TUN,FRA,252321
5035310,231,77,5753,1995,3055.0,27909.0,1.771648,1.184,USA,FRA,252321
5035311,236,77,5753,1995,187739.0,0.0,0.299294,-0.635474,VEN,FRA,252321
5035312,240,77,5753,1995,0.0,1810.0,-1.168901,-0.8590540000000001,VUT,FRA,252321
5035313,246,77,5753,1995,0.0,322572.0,0.468112,1.039817,ZAF,FRA,252321
5035314,249,77,5753,1995,0.0,8142.0,1.345205,1.9337389999999999,TWN,FRA,252321
5035315,250,77,5753,1995,1569.0,0.0,1.034518,0.9735149999999999,ANS,FRA,252321
5035316,14,81,5753,1995,1497.0,1359.0,0.44442,0.789292,AUS,GBR,252321
5035317,18,81,5753,1995,8961.0,0.0,1.615588,1.394102,BEL,GBR,252321
5035318,39,81,5753,1995,0.0,6024.0,1.077804,1.0724200000000002,CAN,GBR,252321
5035319,41,81,5753,1995,0.0,9272.0,2.1893029999999998,0.82765,CHE,GBR,252321
5035320,49,81,5753,1995,0.0,34436.0,0.094335,0.13047999999999998,COL,GBR,252321
5035321,58,81,5753,1995,0.0,1919.0,0.263764,0.030358999999999997,CYP,GBR,252321
5035322,59,81,5753,1995,0.0,18897.0,1.375091,1.628069,CZE,GBR,252321
5035323,61,81,5753,1995,1595564.0,0.0,2.325385,-2.2238189999999998,DEU,GBR,252321
5035324,64,81,5753,1995,9524760.0,0.0,1.3800270000000001,1.489036,DNK,GBR,252321
5035325,68,81,5753,1995,0.0,2718.0,-0.340042,-0.085601,EGY,GBR,252321
5035326,71,81,5753,1995,113240.0,0.0,1.144247,1.933844,ESP,GBR,252321
5035327,72,81,5753,1995,354534.0,0.0,0.530041,1.134288,EST,GBR,252321
5035328,77,81,5753,1995,1211598.0,0.0,1.768484,0.765537,FRA,GBR,252321
5035329,83,81,5753,1995,0.0,12340.0,-1.247755,-1.070455,GHA,GBR,252321
5035330,84,81,5753,1995,0.0,5332.0,0.784189,-0.224741,GIB,GBR,252321
5035331,87,81,5753,1995,0.0,1478.0,-0.605221,-0.700982,GMB,GBR,252321
5035332,90,81,5753,1995,13653304.0,0.0,0.17369,0.885756,GRC,GBR,252321
5035333,96,81,5753,1995,0.0,2498.0,-0.8856,-0.8413700000000001,GUY,GBR,252321
5035334,97,81,5753,1995,0.0,10448.0,0.5244449999999999,2.682738,HKG,GBR,252321
5035335,102,81,5753,1995,0.0,7278.0,0.878711,1.8200060000000002,HUN,GBR,252321
5035336,104,81,5753,1995,0.0,4126.0,0.156183,1.9617380000000002,IND,GBR,252321
5035337,106,81,5753,1995,35940.0,961598.0,1.349192,0.992099,IRL,GBR,252321
5035338,111,81,5753,1995,45477.0,0.0,1.503379,1.449094,ITA,GBR,252321
5035339,112,81,5753,1995,0.0,21396.0,-0.873925,-0.952304,JAM,GBR,252321
5035340,113,81,5753,1995,0.0,12095.0,0.666542,0.326785,JOR,GBR,252321
5035341,116,81,5753,1995,0.0,39605.0,-0.303773,0.111305,KEN,GBR,252321
5035342,130,81,5753,1995,998941.0,6020.0,0.41220500000000004,0.966966,LTU,GBR,252321
5035343,153,81,5753,1995,0.0,1967.0,0.357745,0.374284,MYS,GBR,252321
5035344,162,81,5753,1995,51068.0,0.0,1.304391,1.8819119999999998,NLD,GBR,252321
5035345,163,81,5753,1995,541556.0,49397.0,1.019741,0.394241,NOR,GBR,252321
5035346,177,81,5753,1995,0.0,105949.0,0.76393,1.802648,POL,GBR,252321
5035347,186,81,5753,1995,0.0,2139.0,0.364437,0.171494,RUS,GBR,252321
5035348,188,81,5753,1995,0.0,14311.0,0.401573,-0.6676529999999999,SAU,GBR,252321
5035349,192,81,5753,1995,0.0,2979.0,0.747684,0.4745,SGP,GBR,252321
5035350,194,81,5753,1995,0.0,3990.0,0.40997100000000003,-0.490967,SHN,GBR,252321
5035351,208,81,5753,1995,4661866.0,11402.0,2.246997,1.060171,SWE,GBR,252321
5035352,222,81,5753,1995,0.0,9078.0,0.254658,-0.496058,TTO,GBR,252321
5035353,224,81,5753,1995,453903.0,60229.0,0.166794,1.209066,TUR,GBR,252321
5035354,226,81,5753,1995,0.0,4194.0,-1.219949,-0.8698969999999999,TZA,GBR,252321
5035355,231,81,5753,1995,32712.0,97536.0,1.771648,1.184,USA,GBR,252321
5035356,236,81,5753,1995,23856.0,0.0,0.299294,-0.635474,VEN,GBR,252321
5035357,246,81,5753,1995,0.0,71780.0,0.468112,1.039817,ZAF,GBR,252321
5035358,248,81,5753,1995,0.0,9523.0,-0.054752999999999996,0.326737,ZWE,GBR,252321
5035359,77,86,5753,1995,365975.0,0.0,1.768484,0.765537,FRA,GLP,252321
5035360,111,86,5753,1995,14982.0,0.0,1.503379,1.449094,ITA,GLP,252321
5035361,99,93,5753,1995,978.0,26883.0,-0.765536,-0.668834,HND,GTM,252321
5035362,138,93,5753,1995,790199.0,0.0,0.6414300000000001,0.9697520000000001,MEX,GTM,252321
5035363,160,93,5753,1995,0.0,7410.0,-0.395096,-0.559934,NIC,GTM,252321
5035364,169,93,5753,1995,0.0,2188.0,-0.019815,0.050906,PAN,GTM,252321
5035365,197,93,5753,1995,0.0,125877.0,-0.17119600000000001,0.027889999999999998,SLV,GTM,252321
5035366,231,93,5753,1995,33730.0,0.0,1.771648,1.184,USA,GTM,252321
5035367,41,97,5753,1995,7632.0,0.0,2.1893029999999998,0.82765,CHE,HKG,252321
5035368,43,97,5753,1995,1768535.0,13383.0,0.387897,3.2147919999999996,CHN,HKG,252321
5035369,45,97,5753,1995,0.0,2392.0,-1.121716,-0.9758020000000001,CMR,HKG,252321
5035370,81,97,5753,1995,10448.0,0.0,1.8656979999999999,1.107121,GBR,HKG,252321
5035371,103,97,5753,1995,192038.0,0.0,-0.391727,1.174727,IDN,HKG,252321
5035372,104,97,5753,1995,2950.0,0.0,0.156183,1.9617380000000002,IND,HKG,252321
5035373,114,97,5753,1995,523004.0,0.0,2.56822,0.927307,JPN,HKG,252321
5035374,121,97,5753,1995,34130.0,0.0,0.845175,1.2761799999999999,KOR,HKG,252321
5035375,133,97,5753,1995,0.0,118601.0,-0.149794,-0.26961799999999997,MAC,HKG,252321
5035376,153,97,5753,1995,264406.0,0.0,0.357745,0.374284,MYS,HKG,252321
5035377,162,97,5753,1995,1199.0,0.0,1.304391,1.8819119999999998,NLD,HKG,252321
5035378,192,97,5753,1995,13058.0,0.0,0.747684,0.4745,SGP,HKG,252321
5035379,216,97,5753,1995,985033.0,0.0,0.174522,1.608058,THA,HKG,252321
5035380,231,97,5753,1995,3642.0,6994.0,1.771648,1.184,USA,HKG,252321
5035381,246,97,5753,1995,201133.0,0.0,0.468112,1.039817,ZAF,HKG,252321
5035382,249,97,5753,1995,3887.0,0.0,1.345205,1.9337389999999999,TWN,HKG,252321
5035383,18,99,5753,1995,19882.0,0.0,1.615588,1.394102,BEL,HND,252321
5035384,49,99,5753,1995,1465.0,0.0,0.094335,0.13047999999999998,COL,HND,252321
5035385,61,99,5753,1995,8766.0,0.0,2.325385,-2.2238189999999998,DEU,HND,252321
5035386,93,99,5753,1995,26883.0,978.0,-0.241468,0.170932,GTM,HND,252321
5035387,138,99,5753,1995,364405.0,0.0,0.6414300000000001,0.9697520000000001,MEX,HND,252321
5035388,197,99,5753,1995,0.0,84415.0,-0.17119600000000001,0.027889999999999998,SLV,HND,252321
5035389,231,99,5753,1995,6732.0,0.0,1.771648,1.184,USA,HND,252321
5035390,18,106,5753,1995,580913.0,3160.0,1.615588,1.394102,BEL,IRL,252321
5035391,64,106,5753,1995,1804.0,0.0,1.3800270000000001,1.489036,DNK,IRL,252321
5035392,71,106,5753,1995,232092.0,0.0,1.144247,1.933844,ESP,IRL,252321
5035393,81,106,5753,1995,961598.0,35940.0,1.8656979999999999,1.107121,GBR,IRL,252321
5035394,224,106,5753,1995,73856.0,0.0,0.166794,1.209066,TUR,IRL,252321
5035395,18,110,5753,1995,78900.0,0.0,1.615588,1.394102,BEL,ISR,252321
5035396,64,110,5753,1995,5723237.0,0.0,1.3800270000000001,1.489036,DNK,ISR,252321
5035397,68,110,5753,1995,57387.0,0.0,-0.340042,-0.085601,EGY,ISR,252321
5035398,71,110,5753,1995,4820.0,0.0,1.144247,1.933844,ESP,ISR,252321
5035399,90,110,5753,1995,170937.0,0.0,0.17369,0.885756,GRC,ISR,252321
5035400,104,110,5753,1995,9356.0,0.0,0.156183,1.9617380000000002,IND,ISR,252321
5035401,224,110,5753,1995,2118422.0,0.0,0.166794,1.209066,TUR,ISR,252321
5035402,231,110,5753,1995,14870.0,0.0,1.771648,1.184,USA,ISR,252321
5035403,250,110,5753,1995,12236.0,0.0,1.034518,0.9735149999999999,ANS,ISR,252321
5035404,4,111,5753,1995,0.0,77350.0,-0.39273,-0.47259300000000004,ALB,ITA,252321
5035405,6,111,5753,1995,0.0,3358.0,-0.020759,-0.653863,ANT,ITA,252321
5035406,13,111,5753,1995,0.0,1233.0,-0.06877,-0.550291,ATG,ITA,252321
5035407,15,111,5753,1995,86279.0,974628.0,2.000295,0.661255,AUT,ITA,252321
5035408,18,111,5753,1995,47165.0,237583.0,1.615588,1.394102,BEL,ITA,252321
5035409,32,111,5753,1995,0.0,94407.0,0.687171,1.188647,BRA,ITA,252321
5035410,41,111,5753,1995,0.0,171885.0,2.1893029999999998,0.82765,CHE,ITA,252321
5035411,45,111,5753,1995,0.0,10857.0,-1.121716,-0.9758020000000001,CMR,ITA,252321
5035412,47,111,5753,1995,0.0,1624.0,-0.648521,-1.0392190000000001,COG,ITA,252321
5035413,49,111,5753,1995,0.0,21048.0,0.094335,0.13047999999999998,COL,ITA,252321
5035414,58,111,5753,1995,0.0,14927.0,0.263764,0.030358999999999997,CYP,ITA,252321
5035415,59,111,5753,1995,0.0,1853.0,1.375091,1.628069,CZE,ITA,252321
5035416,61,111,5753,1995,5779.0,1152085.0,2.325385,-2.2238189999999998,DEU,ITA,252321
5035417,62,111,5753,1995,0.0,3992.0,0.7627109999999999,0.696162,DJI,ITA,252321
5035418,65,111,5753,1995,0.0,76564.0,-0.635482,-0.746526,DOM,ITA,252321
5035419,68,111,5753,1995,0.0,5033.0,-0.340042,-0.085601,EGY,ITA,252321
5035420,69,111,5753,1995,0.0,5849.0,0.567988,-0.30390500000000004,ERI,ITA,252321
5035421,73,111,5753,1995,0.0,14384.0,-1.3387120000000001,-1.123621,ETH,ITA,252321
5035422,77,111,5753,1995,30280.0,178657.0,1.768484,0.765537,FRA,ITA,252321
5035423,81,111,5753,1995,0.0,45477.0,1.8656979999999999,1.107121,GBR,ITA,252321
5035424,85,111,5753,1995,0.0,3766.0,-1.304768,-1.077826,GIN,ITA,252321
5035425,86,111,5753,1995,0.0,14982.0,0.563491,-0.18852,GLP,ITA,252321
5035426,90,111,5753,1995,151681.0,95684.0,0.17369,0.885756,GRC,ITA,252321
5035427,94,111,5753,1995,0.0,3622.0,1.1777959999999998,-0.052863,GUF,ITA,252321
5035428,100,111,5753,1995,55683.0,0.0,0.75325,1.395715,HRV,ITA,252321
5035429,102,111,5753,1995,0.0,250777.0,0.878711,1.8200060000000002,HUN,ITA,252321
5035430,116,111,5753,1995,0.0,4372.0,-0.303773,0.111305,KEN,ITA,252321
5035431,124,111,5753,1995,0.0,22098.0,0.027416000000000003,0.327795,LBN,ITA,252321
5035432,126,111,5753,1995,0.0,123212.0,-0.353547,-1.019464,LBY,ITA,252321
5035433,132,111,5753,1995,0.0,36533.0,0.25453400000000004,0.174809,LVA,ITA,252321
5035434,138,111,5753,1995,0.0,31662.0,0.6414300000000001,0.9697520000000001,MEX,ITA,252321
5035435,140,111,5753,1995,0.0,5219.0,0.34174,0.648467,MKD,ITA,252321
5035436,142,111,5753,1995,0.0,84553.0,0.842519,0.11882899999999999,MLT,ITA,252321
5035437,150,111,5753,1995,0.0,21505.0,0.68423,-0.22968200000000003,MTQ,ITA,252321
5035438,156,111,5753,1995,0.0,9501.0,-1.326035,-0.826058,NCL,ITA,252321
5035439,159,111,5753,1995,0.0,46091.0,-2.108206,-1.2017520000000002,NGA,ITA,252321
5035440,162,111,5753,1995,0.0,33882.0,1.304391,1.8819119999999998,NLD,ITA,252321
5035441,169,111,5753,1995,0.0,4011.0,-0.019815,0.050906,PAN,ITA,252321
5035442,173,111,5753,1995,0.0,1134.0,-0.263859,-0.21032800000000001,PER,ITA,252321
5035443,179,111,5753,1995,0.0,18635.0,0.412677,1.254009,PRT,ITA,252321
5035444,182,111,5753,1995,0.0,7860.0,-0.33641,-0.696238,PYF,ITA,252321
5035445,184,111,5753,1995,0.0,13791.0,0.728825,-0.178569,REU,ITA,252321
5035446,185,111,5753,1995,0.0,14703.0,0.621468,1.038729,ROU,ITA,252321
5035447,186,111,5753,1995,0.0,8691.0,0.364437,0.171494,RUS,ITA,252321
5035448,192,111,5753,1995,0.0,4373.0,0.747684,0.4745,SGP,ITA,252321
5035449,206,111,5753,1995,0.0,2004.0,1.2249780000000001,1.405585,SVK,ITA,252321
5035450,207,111,5753,1995,3727.0,496691.0,1.424606,1.490521,SVN,ITA,252321
5035451,223,111,5753,1995,46674.0,1172.0,-0.253792,-0.044331,TUN,ITA,252321
5035452,224,111,5753,1995,0.0,10870.0,0.166794,1.209066,TUR,ITA,252321
5035453,227,111,5753,1995,0.0,580.0,-1.053037,-1.001752,UGA,ITA,252321
5035454,231,111,5753,1995,11327.0,0.0,1.771648,1.184,USA,ITA,252321
5035455,248,111,5753,1995,0.0,5585.0,-0.054752999999999996,0.326737,ZWE,ITA,252321
5035456,18,121,5753,1995,63369.0,0.0,1.615588,1.394102,BEL,KOR,252321
5035457,43,121,5753,1995,1827599.0,7089.0,0.387897,3.2147919999999996,CHN,KOR,252321
5035458,52,121,5753,1995,0.0,171610.0,-0.30094699999999996,-0.046285,CRI,KOR,252321
5035459,77,121,5753,1995,24289.0,0.0,1.768484,0.765537,FRA,KOR,252321
5035460,97,121,5753,1995,0.0,34130.0,0.5244449999999999,2.682738,HKG,KOR,252321
5035461,104,121,5753,1995,0.0,97412.0,0.156183,1.9617380000000002,IND,KOR,252321
5035462,114,121,5753,1995,65807.0,0.0,2.56822,0.927307,JPN,KOR,252321
5035463,153,121,5753,1995,326843.0,0.0,0.357745,0.374284,MYS,KOR,252321
5035464,169,121,5753,1995,0.0,212117.0,-0.019815,0.050906,PAN,KOR,252321
5035465,174,121,5753,1995,0.0,84253.0,-0.480548,0.076564,PHL,KOR,252321
5035466,186,121,5753,1995,0.0,38959.0,0.364437,0.171494,RUS,KOR,252321
5035467,216,121,5753,1995,90558.0,0.0,0.174522,1.608058,THA,KOR,252321
5035468,231,121,5753,1995,11502.0,0.0,1.771648,1.184,USA,KOR,252321
5035469,249,121,5753,1995,0.0,40179.0,1.345205,1.9337389999999999,TWN,KOR,252321
5035470,250,121,5753,1995,0.0,1351.0,1.034518,0.9735149999999999,ANS,KOR,252321
5035471,29,138,5753,1995,0.0,28939.0,0.019916999999999997,-0.570529,BLZ,MEX,252321
5035472,30,138,5753,1995,0.0,7952.0,0.897532,-0.394633,BMU,MEX,252321
5035473,42,138,5753,1995,0.0,83398.0,-0.073436,-0.192675,CHL,MEX,252321
5035474,52,138,5753,1995,0.0,63024.0,-0.30094699999999996,-0.046285,CRI,MEX,252321
5035475,54,138,5753,1995,0.0,3002.0,-0.315644,-0.8812110000000001,CUB,MEX,252321
5035476,57,138,5753,1995,0.0,17252876.0,1.277032,0.064205,CYM,MEX,252321
5035477,65,138,5753,1995,0.0,45033.0,-0.635482,-0.746526,DOM,MEX,252321
5035478,67,138,5753,1995,0.0,29922.0,-0.948154,-0.9595790000000001,ECU,MEX,252321
5035479,93,138,5753,1995,0.0,790199.0,-0.241468,0.170932,GTM,MEX,252321
5035480,99,138,5753,1995,0.0,364405.0,-0.765536,-0.668834,HND,MEX,252321
5035481,111,138,5753,1995,31662.0,0.0,1.503379,1.449094,ITA,MEX,252321
5035482,160,138,5753,1995,0.0,62384.0,-0.395096,-0.559934,NIC,MEX,252321
5035483,169,138,5753,1995,0.0,121054.0,-0.019815,0.050906,PAN,MEX,252321
5035484,188,138,5753,1995,0.0,526.0,0.401573,-0.6676529999999999,SAU,MEX,252321
5035485,197,138,5753,1995,0.0,291179.0,-0.17119600000000001,0.027889999999999998,SLV,MEX,252321
5035486,222,138,5753,1995,0.0,5422.0,0.254658,-0.496058,TTO,MEX,252321
5035487,231,138,5753,1995,120713.0,6886209.0,1.771648,1.184,USA,MEX,252321
5035488,237,138,5753,1995,0.0,1000.0,0.799784,-0.287329,VGB,MEX,252321
5035489,77,150,5753,1995,128931.0,0.0,1.768484,0.765537,FRA,MTQ,252321
5035490,111,150,5753,1995,21505.0,0.0,1.503379,1.449094,ITA,MTQ,252321
5035491,236,150,5753,1995,33605.0,0.0,0.299294,-0.635474,VEN,MTQ,252321
5035492,14,153,5753,1995,11158.0,540135.0,0.44442,0.789292,AUS,MYS,252321
5035493,22,153,5753,1995,0.0,151547.0,-1.037175,-0.983195,BGD,MYS,252321
5035494,34,153,5753,1995,0.0,9282.0,-0.979701,-0.85456,BRN,MYS,252321
5035495,43,153,5753,1995,1120.0,0.0,0.387897,3.2147919999999996,CHN,MYS,252321
5035496,75,153,5753,1995,0.0,4613.0,-0.998257,-0.9565629999999999,FJI,MYS,252321
5035497,77,153,5753,1995,7777.0,0.0,1.768484,0.765537,FRA,MYS,252321
5035498,81,153,5753,1995,1967.0,0.0,1.8656979999999999,1.107121,GBR,MYS,252321
5035499,97,153,5753,1995,0.0,264406.0,0.5244449999999999,2.682738,HKG,MYS,252321
5035500,103,153,5753,1995,218179.0,0.0,-0.391727,1.174727,IDN,MYS,252321
5035501,114,153,5753,1995,3537.0,6768.0,2.56822,0.927307,JPN,MYS,252321
5035502,121,153,5753,1995,0.0,326843.0,0.845175,1.2761799999999999,KOR,MYS,252321
5035503,128,153,5753,1995,0.0,33219.0,-0.8358030000000001,-0.29397199999999996,LKA,MYS,252321
5035504,151,153,5753,1995,0.0,20493.0,-0.432644,-0.574298,MUS,MYS,252321
5035505,166,153,5753,1995,0.0,116906.0,0.5558270000000001,0.773271,NZL,MYS,252321
5035506,174,153,5753,1995,0.0,88378.0,-0.480548,0.076564,PHL,MYS,252321
5035507,192,153,5753,1995,26281.0,1898177.0,0.747684,0.4745,SGP,MYS,252321
5035508,216,153,5753,1995,984076.0,0.0,0.174522,1.608058,THA,MYS,252321
5035509,231,153,5753,1995,14521.0,0.0,1.771648,1.184,USA,MYS,252321
5035510,249,153,5753,1995,0.0,130741.0,1.345205,1.9337389999999999,TWN,MYS,252321
5035511,6,162,5753,1995,0.0,2621.0,-0.020759,-0.653863,ANT,NLD,252321
5035512,18,162,5753,1995,4574486.0,501942.0,1.615588,1.394102,BEL,NLD,252321
5035513,61,162,5753,1995,1271322.0,6743.0,2.325385,-2.2238189999999998,DEU,NLD,252321
5035514,77,162,5753,1995,0.0,33320.0,1.768484,0.765537,FRA,NLD,252321
5035515,81,162,5753,1995,0.0,51068.0,1.8656979999999999,1.107121,GBR,NLD,252321
5035516,97,162,5753,1995,0.0,1199.0,0.5244449999999999,2.682738,HKG,NLD,252321
5035517,111,162,5753,1995,33882.0,0.0,1.503379,1.449094,ITA,NLD,252321
5035518,186,162,5753,1995,0.0,3245.0,0.364437,0.171494,RUS,NLD,252321
5035519,205,162,5753,1995,0.0,5388.0,-0.75729,-0.8253459999999999,SUR,NLD,252321
5035520,206,162,5753,1995,458716.0,0.0,1.2249780000000001,1.405585,SVK,NLD,252321
5035521,207,162,5753,1995,17208.0,0.0,1.424606,1.490521,SVN,NLD,252321
5035522,231,162,5753,1995,0.0,98459.0,1.771648,1.184,USA,NLD,252321
5035523,250,162,5753,1995,1612858.0,0.0,1.034518,0.9735149999999999,ANS,NLD,252321
5035524,64,163,5753,1995,609492.0,0.0,1.3800270000000001,1.489036,DNK,NOR,252321
5035525,74,163,5753,1995,12194.0,0.0,2.0085740000000003,1.126816,FIN,NOR,252321
5035526,81,163,5753,1995,49397.0,541556.0,1.8656979999999999,1.107121,GBR,NOR,252321
5035527,109,163,5753,1995,0.0,2937.0,0.161331,-0.45210100000000003,ISL,NOR,252321
5035528,208,163,5753,1995,1823.0,1673.0,2.246997,1.060171,SWE,NOR,252321
5035529,223,163,5753,1995,95910.0,0.0,-0.253792,-0.044331,TUN,NOR,252321
5035530,231,163,5753,1995,0.0,669689.0,1.771648,1.184,USA,NOR,252321
5035531,49,169,5753,1995,104743.0,0.0,0.094335,0.13047999999999998,COL,PAN,252321
5035532,64,169,5753,1995,74564.0,0.0,1.3800270000000001,1.489036,DNK,PAN,252321
5035533,67,169,5753,1995,0.0,2027.0,-0.948154,-0.9595790000000001,ECU,PAN,252321
5035534,71,169,5753,1995,3881.0,0.0,1.144247,1.933844,ESP,PAN,252321
5035535,93,169,5753,1995,2188.0,0.0,-0.241468,0.170932,GTM,PAN,252321
5035536,111,169,5753,1995,4011.0,0.0,1.503379,1.449094,ITA,PAN,252321
5035537,121,169,5753,1995,212117.0,0.0,0.845175,1.2761799999999999,KOR,PAN,252321
5035538,138,169,5753,1995,121054.0,0.0,0.6414300000000001,0.9697520000000001,MEX,PAN,252321
5035539,231,169,5753,1995,152161.0,0.0,1.771648,1.184,USA,PAN,252321
5035540,236,169,5753,1995,613621.0,0.0,0.299294,-0.635474,VEN,PAN,252321
5035541,30,173,5753,1995,0.0,2423.0,0.897532,-0.394633,BMU,PER,252321
5035542,31,173,5753,1995,0.0,658634.0,-0.440583,-0.688389,BOL,PER,252321
5035543,42,173,5753,1995,0.0,1755718.0,-0.073436,-0.192675,CHL,PER,252321
5035544,49,173,5753,1995,52856.0,0.0,0.094335,0.13047999999999998,COL,PER,252321
5035545,67,173,5753,1995,0.0,426686.0,-0.948154,-0.9595790000000001,ECU,PER,252321
5035546,111,173,5753,1995,1134.0,0.0,1.503379,1.449094,ITA,PER,252321
5035547,231,173,5753,1995,2132.0,0.0,1.771648,1.184,USA,PER,252321
5035548,236,173,5753,1995,677231.0,0.0,0.299294,-0.635474,VEN,PER,252321
5035549,59,177,5753,1995,2855.0,0.0,1.375091,1.628069,CZE,POL,252321
5035550,61,177,5753,1995,574341.0,1040871.0,2.325385,-2.2238189999999998,DEU,POL,252321
5035551,64,177,5753,1995,1096668.0,2114.0,1.3800270000000001,1.489036,DNK,POL,252321
5035552,72,177,5753,1995,72072.0,0.0,0.530041,1.134288,EST,POL,252321
5035553,81,177,5753,1995,105949.0,0.0,1.8656979999999999,1.107121,GBR,POL,252321
5035554,130,177,5753,1995,0.0,2936.0,0.41220500000000004,0.966966,LTU,POL,252321
5035555,206,177,5753,1995,253510.0,0.0,1.2249780000000001,1.405585,SVK,POL,252321
5035556,208,177,5753,1995,0.0,3864.0,2.246997,1.060171,SWE,POL,252321
5035557,250,177,5753,1995,39143.0,19406.0,1.034518,0.9735149999999999,ANS,POL,252321
5035558,2,179,5753,1995,0.0,39592.0,-2.2342459999999997,-1.1147639999999999,AGO,PRT,252321
5035559,18,179,5753,1995,1889.0,0.0,1.615588,1.394102,BEL,PRT,252321
5035560,44,179,5753,1995,0.0,5701.0,-0.781656,-0.74293,CIV,PRT,252321
5035561,45,179,5753,1995,0.0,5289.0,-1.121716,-0.9758020000000001,CMR,PRT,252321
5035562,51,179,5753,1995,0.0,281602.0,0.302241,-0.532841,CPV,PRT,252321
5035563,71,179,5753,1995,35885.0,10345.0,1.144247,1.933844,ESP,PRT,252321
5035564,80,179,5753,1995,0.0,2992.0,-1.445673,-1.099128,GAB,PRT,252321
5035565,88,179,5753,1995,0.0,6201.0,-1.58566,-0.8226829999999999,GNB,PRT,252321
5035566,111,179,5753,1995,18635.0,0.0,1.503379,1.449094,ITA,PRT,252321
5035567,203,179,5753,1995,0.0,2030.0,0.449305,-0.360527,STP,PRT,252321
5035568,49,205,5753,1995,2939.0,0.0,0.094335,0.13047999999999998,COL,SUR,252321
5035569,162,205,5753,1995,5388.0,0.0,1.304391,1.8819119999999998,NLD,SUR,252321
5035570,236,205,5753,1995,107571.0,0.0,0.299294,-0.635474,VEN,SUR,252321
5035571,14,216,5753,1995,0.0,79297.0,0.44442,0.789292,AUS,THA,252321
5035572,22,216,5753,1995,0.0,964740.0,-1.037175,-0.983195,BGD,THA,252321
5035573,34,216,5753,1995,0.0,4470699.0,-0.979701,-0.85456,BRN,THA,252321
5035574,39,216,5753,1995,0.0,7118.0,1.077804,1.0724200000000002,CAN,THA,252321
5035575,43,216,5753,1995,0.0,941.0,0.387897,3.2147919999999996,CHN,THA,252321
5035576,45,216,5753,1995,0.0,125570.0,-1.121716,-0.9758020000000001,CMR,THA,252321
5035577,61,216,5753,1995,23618.0,0.0,2.325385,-2.2238189999999998,DEU,THA,252321
5035578,77,216,5753,1995,35199.0,0.0,1.768484,0.765537,FRA,THA,252321
5035579,97,216,5753,1995,0.0,985033.0,0.5244449999999999,2.682738,HKG,THA,252321
5035580,103,216,5753,1995,0.0,1232.0,-0.391727,1.174727,IDN,THA,252321
5035581,104,216,5753,1995,0.0,17155.0,0.156183,1.9617380000000002,IND,THA,252321
5035582,114,216,5753,1995,49335.0,0.0,2.56822,0.927307,JPN,THA,252321
5035583,118,216,5753,1995,0.0,3090967.0,-1.275951,-1.144633,KHM,THA,252321
5035584,120,216,5753,1995,0.0,119017.0,0.45250200000000007,-0.45284399999999997,KNA,THA,252321
5035585,121,216,5753,1995,0.0,90558.0,0.845175,1.2761799999999999,KOR,THA,252321
5035586,122,216,5753,1995,0.0,111420.0,-0.226273,-1.02354,KWT,THA,252321
5035587,123,216,5753,1995,0.0,475033.0,-1.305146,-1.1964299999999999,LAO,THA,252321
5035588,128,216,5753,1995,0.0,181477.0,-0.8358030000000001,-0.29397199999999996,LKA,THA,252321
5035589,137,216,5753,1995,0.0,299057.0,-1.258938,-0.9818629999999999,MDV,THA,252321
5035590,143,216,5753,1995,0.0,4300002.0,-1.5669309999999999,-1.124558,MMR,THA,252321
5035591,153,216,5753,1995,0.0,984076.0,0.357745,0.374284,MYS,THA,252321
5035592,166,216,5753,1995,0.0,81847.0,0.5558270000000001,0.773271,NZL,THA,252321
5035593,174,216,5753,1995,0.0,57658.0,-0.480548,0.076564,PHL,THA,252321
5035594,192,216,5753,1995,0.0,990109.0,0.747684,0.4745,SGP,THA,252321
5035595,206,216,5753,1995,0.0,2572.0,1.2249780000000001,1.405585,SVK,THA,252321
5035596,231,216,5753,1995,7106.0,0.0,1.771648,1.184,USA,THA,252321
5035597,239,216,5753,1995,0.0,7336402.0,-1.0462069999999999,-0.269063,VNM,THA,252321
5035598,250,216,5753,1995,0.0,8217.0,1.034518,0.9735149999999999,ANS,THA,252321
5035599,49,222,5753,1995,3748.0,0.0,0.094335,0.13047999999999998,COL,TTO,252321
5035600,63,222,5753,1995,0.0,492467.0,0.803902,0.307064,DMA,TTO,252321
5035601,71,222,5753,1995,3489.0,0.0,1.144247,1.933844,ESP,TTO,252321
5035602,81,222,5753,1995,9078.0,0.0,1.8656979999999999,1.107121,GBR,TTO,252321
5035603,138,222,5753,1995,5422.0,0.0,0.6414300000000001,0.9697520000000001,MEX,TTO,252321
5035604,236,222,5753,1995,79076.0,0.0,0.299294,-0.635474,VEN,TTO,252321
5035605,0,231,5753,1995,0.0,19707.0,-0.502999,-0.713013,ABW,USA,252321
5035606,3,231,5753,1995,0.0,3397.0,1.39062,-0.102344,AIA,USA,252321
5035607,6,231,5753,1995,0.0,5026.0,-0.020759,-0.653863,ANT,USA,252321
5035608,7,231,5753,1995,0.0,359775.0,-0.205166,-0.6132380000000001,ARE,USA,252321
5035609,8,231,5753,1995,0.0,14915.0,0.245885,0.5489850000000001,ARG,USA,252321
5035610,14,231,5753,1995,0.0,17744.0,0.44442,0.789292,AUS,USA,252321
5035611,18,231,5753,1995,1797280.0,0.0,1.615588,1.394102,BEL,USA,252321
5035612,19,231,5753,1995,0.0,4874.0,-1.142708,-0.9045280000000001,BEN,USA,252321
5035613,22,231,5753,1995,0.0,18931.0,-1.037175,-0.983195,BGD,USA,252321
5035614,25,231,5753,1995,0.0,110169.0,0.501206,-0.32106799999999996,BHS,USA,252321
5035615,29,231,5753,1995,0.0,3092.0,0.019916999999999997,-0.570529,BLZ,USA,252321
5035616,30,231,5753,1995,0.0,7713.0,0.897532,-0.394633,BMU,USA,252321
5035617,31,231,5753,1995,0.0,941.0,-0.440583,-0.688389,BOL,USA,252321
5035618,32,231,5753,1995,0.0,191031.0,0.687171,1.188647,BRA,USA,252321
5035619,33,231,5753,1995,0.0,13706.0,1.055447,0.422738,BRB,USA,252321
5035620,39,231,5753,1995,15342059.0,565796.0,1.077804,1.0724200000000002,CAN,USA,252321
5035621,41,231,5753,1995,0.0,2797.0,2.1893029999999998,0.82765,CHE,USA,252321
5035622,42,231,5753,1995,0.0,2787.0,-0.073436,-0.192675,CHL,USA,252321
5035623,43,231,5753,1995,5110.0,113241.0,0.387897,3.2147919999999996,CHN,USA,252321
5035624,49,231,5753,1995,717038.0,19900.0,0.094335,0.13047999999999998,COL,USA,252321
5035625,52,231,5753,1995,0.0,7520.0,-0.30094699999999996,-0.046285,CRI,USA,252321
5035626,57,231,5753,1995,0.0,9928.0,1.277032,0.064205,CYM,USA,252321
5035627,59,231,5753,1995,0.0,8781.0,1.375091,1.628069,CZE,USA,252321
5035628,61,231,5753,1995,0.0,13669.0,2.325385,-2.2238189999999998,DEU,USA,252321
5035629,63,231,5753,1995,0.0,1206.0,0.803902,0.307064,DMA,USA,252321
5035630,64,231,5753,1995,7249819.0,0.0,1.3800270000000001,1.489036,DNK,USA,252321
5035631,65,231,5753,1995,0.0,156729.0,-0.635482,-0.746526,DOM,USA,252321
5035632,67,231,5753,1995,0.0,64878.0,-0.948154,-0.9595790000000001,ECU,USA,252321
5035633,71,231,5753,1995,5298014.0,8114.0,1.144247,1.933844,ESP,USA,252321
5035634,73,231,5753,1995,0.0,16035.0,-1.3387120000000001,-1.123621,ETH,USA,252321
5035635,77,231,5753,1995,27909.0,3055.0,1.768484,0.765537,FRA,USA,252321
5035636,79,231,5753,1995,0.0,25307.0,-1.764116,-0.971993,FSM,USA,252321
5035637,81,231,5753,1995,97536.0,32712.0,1.8656979999999999,1.107121,GBR,USA,252321
5035638,85,231,5753,1995,0.0,79376.0,-1.304768,-1.077826,GIN,USA,252321
5035639,89,231,5753,1995,0.0,5603.0,-2.276493,-0.847433,GNQ,USA,252321
5035640,93,231,5753,1995,0.0,33730.0,-0.241468,0.170932,GTM,USA,252321
5035641,97,231,5753,1995,6994.0,3642.0,0.5244449999999999,2.682738,HKG,USA,252321
5035642,99,231,5753,1995,0.0,6732.0,-0.765536,-0.668834,HND,USA,252321
5035643,102,231,5753,1995,0.0,1369.0,0.878711,1.8200060000000002,HUN,USA,252321
5035644,110,231,5753,1995,0.0,14870.0,1.205368,1.189434,ISR,USA,252321
5035645,111,231,5753,1995,0.0,11327.0,1.503379,1.449094,ITA,USA,252321
5035646,112,231,5753,1995,0.0,72177.0,-0.873925,-0.952304,JAM,USA,252321
5035647,114,231,5753,1995,0.0,18212.0,2.56822,0.927307,JPN,USA,252321
5035648,121,231,5753,1995,0.0,11502.0,0.845175,1.2761799999999999,KOR,USA,252321
5035649,138,231,5753,1995,6886209.0,120713.0,0.6414300000000001,0.9697520000000001,MEX,USA,252321
5035650,153,231,5753,1995,0.0,14521.0,0.357745,0.374284,MYS,USA,252321
5035651,162,231,5753,1995,98459.0,0.0,1.304391,1.8819119999999998,NLD,USA,252321
5035652,163,231,5753,1995,669689.0,0.0,1.019741,0.394241,NOR,USA,252321
5035653,164,231,5753,1995,0.0,2833.0,-0.779984,-0.7621479999999999,NPL,USA,252321
5035654,167,231,5753,1995,0.0,1949.0,-0.328853,-0.946069,OMN,USA,252321
5035655,169,231,5753,1995,0.0,152161.0,-0.019815,0.050906,PAN,USA,252321
5035656,173,231,5753,1995,0.0,2132.0,-0.263859,-0.21032800000000001,PER,USA,252321
5035657,186,231,5753,1995,0.0,3196.0,0.364437,0.171494,RUS,USA,252321
5035658,188,231,5753,1995,0.0,40496.0,0.401573,-0.6676529999999999,SAU,USA,252321
5035659,190,231,5753,1995,0.0,5980.0,-0.776567,-0.963823,SDN,USA,252321
5035660,197,231,5753,1995,0.0,208168.0,-0.17119600000000001,0.027889999999999998,SLV,USA,252321
5035661,216,231,5753,1995,0.0,7106.0,0.174522,1.608058,THA,USA,252321
5035662,224,231,5753,1995,0.0,2618.0,0.166794,1.209066,TUR,USA,252321
5035663,236,231,5753,1995,103636.0,7653.0,0.299294,-0.635474,VEN,USA,252321
5035664,237,231,5753,1995,0.0,188001.0,0.799784,-0.287329,VGB,USA,252321
5035665,246,231,5753,1995,0.0,2876.0,0.468112,1.039817,ZAF,USA,252321
5035666,18,14,5753,1995,15065.0,0.0,1.615588,1.394102,BEL,AUS,252321
5035667,40,14,5753,1995,0.0,11873.0,-0.13755,-0.5880850000000001,CCK,AUS,252321
5035668,43,14,5753,1995,23017.0,0.0,0.387897,3.2147919999999996,CHN,AUS,252321
5035669,56,14,5753,1995,0.0,3622.0,0.732028,-0.6130260000000001,CXR,AUS,252321
5035670,61,14,5753,1995,5930.0,0.0,2.325385,-2.2238189999999998,DEU,AUS,252321
5035671,64,14,5753,1995,305265.0,0.0,1.3800270000000001,1.489036,DNK,AUS,252321
5035672,75,14,5753,1995,0.0,124776.0,-0.998257,-0.9565629999999999,FJI,AUS,252321
5035673,77,14,5753,1995,39853.0,0.0,1.768484,0.765537,FRA,AUS,252321
5035674,81,14,5753,1995,1359.0,1497.0,1.8656979999999999,1.107121,GBR,AUS,252321
5035675,103,14,5753,1995,0.0,1026515.0,-0.391727,1.174727,IDN,AUS,252321
5035676,114,14,5753,1995,237520.0,0.0,2.56822,0.927307,JPN,AUS,252321
5035677,153,14,5753,1995,540135.0,11158.0,0.357745,0.374284,MYS,AUS,252321
5035678,156,14,5753,1995,0.0,40049.0,-1.326035,-0.826058,NCL,AUS,252321
5035679,165,14,5753,1995,0.0,33321.0,0.9604870000000001,-0.513994,NRU,AUS,252321
5035680,166,14,5753,1995,0.0,37464.0,0.5558270000000001,0.773271,NZL,AUS,252321
5035681,176,14,5753,1995,0.0,90341.0,-2.387352,-1.200933,PNG,AUS,252321
5035682,182,14,5753,1995,0.0,104939.0,-0.33641,-0.696238,PYF,AUS,252321
5035683,192,14,5753,1995,0.0,19891.0,0.747684,0.4745,SGP,AUS,252321
5035684,195,14,5753,1995,0.0,2654.0,-1.711497,-0.879611,SLB,AUS,252321
5035685,216,14,5753,1995,79297.0,0.0,0.174522,1.608058,THA,AUS,252321
5035686,225,14,5753,1995,0.0,51537.0,0.9729180000000001,-0.537957,TUV,AUS,252321
5035687,231,14,5753,1995,17744.0,0.0,1.771648,1.184,USA,AUS,252321
5035688,240,14,5753,1995,0.0,10641.0,-1.168901,-0.8590540000000001,VUT,AUS,252321
5035689,241,14,5753,1995,0.0,35111.0,1.60045,-0.49371800000000005,WLF,AUS,252321
5035690,250,14,5753,1995,0.0,414868.0,1.034518,0.9735149999999999,ANS,AUS,252321
5035691,43,22,5753,1995,33377.0,0.0,0.387897,3.2147919999999996,CHN,BGD,252321
5035692,103,22,5753,1995,272071.0,0.0,-0.391727,1.174727,IDN,BGD,252321
5035693,104,22,5753,1995,291961.0,0.0,0.156183,1.9617380000000002,IND,BGD,252321
5035694,114,22,5753,1995,426452.0,0.0,2.56822,0.927307,JPN,BGD,252321
5035695,153,22,5753,1995,151547.0,0.0,0.357745,0.374284,MYS,BGD,252321
5035696,168,22,5753,1995,105154.0,0.0,-0.707965,-0.324784,PAK,BGD,252321
5035697,192,22,5753,1995,34063.0,0.0,0.747684,0.4745,SGP,BGD,252321
5035698,216,22,5753,1995,964740.0,0.0,0.174522,1.608058,THA,BGD,252321
5035699,231,22,5753,1995,18931.0,0.0,1.771648,1.184,USA,BGD,252321
5035700,250,22,5753,1995,36623.0,0.0,1.034518,0.9735149999999999,ANS,BGD,252321
5035701,18,39,5753,1995,0.0,3193.0,1.615588,1.394102,BEL,CAN,252321
5035702,54,39,5753,1995,0.0,4245.0,-0.315644,-0.8812110000000001,CUB,CAN,252321
5035703,64,39,5753,1995,4605.0,0.0,1.3800270000000001,1.489036,DNK,CAN,252321
5035704,72,39,5753,1995,0.0,3968.0,0.530041,1.134288,EST,CAN,252321
5035705,81,39,5753,1995,6024.0,0.0,1.8656979999999999,1.107121,GBR,CAN,252321
5035706,114,39,5753,1995,16365.0,0.0,2.56822,0.927307,JPN,CAN,252321
5035707,192,39,5753,1995,0.0,6837.0,0.747684,0.4745,SGP,CAN,252321
5035708,200,39,5753,1995,0.0,3222.0,0.430471,-0.47626,SPM,CAN,252321
5035709,216,39,5753,1995,7118.0,0.0,0.174522,1.608058,THA,CAN,252321
5035710,231,39,5753,1995,565796.0,15342059.0,1.771648,1.184,USA,CAN,252321
5035711,15,41,5753,1995,8504.0,0.0,2.000295,0.661255,AUT,CHE,252321
5035712,18,41,5753,1995,81185.0,0.0,1.615588,1.394102,BEL,CHE,252321
5035713,32,41,5753,1995,0.0,303953.0,0.687171,1.188647,BRA,CHE,252321
5035714,61,41,5753,1995,1793245.0,4197.0,2.325385,-2.2238189999999998,DEU,CHE,252321
5035715,64,41,5753,1995,247661.0,0.0,1.3800270000000001,1.489036,DNK,CHE,252321
5035716,77,41,5753,1995,888731.0,2294.0,1.768484,0.765537,FRA,CHE,252321
5035717,81,41,5753,1995,9272.0,0.0,1.8656979999999999,1.107121,GBR,CHE,252321
5035718,97,41,5753,1995,0.0,7632.0,0.5244449999999999,2.682738,HKG,CHE,252321
5035719,111,41,5753,1995,171885.0,0.0,1.503379,1.449094,ITA,CHE,252321
5035720,196,41,5753,1995,1990.0,0.0,-0.176843,-0.565979,SLE,CHE,252321
5035721,206,41,5753,1995,10826.0,0.0,1.2249780000000001,1.405585,SVK,CHE,252321
5035722,207,41,5753,1995,6350.0,0.0,1.424606,1.490521,SVN,CHE,252321
5035723,224,41,5753,1995,1160.0,0.0,0.166794,1.209066,TUR,CHE,252321
5035724,227,41,5753,1995,0.0,2268.0,-1.053037,-1.001752,UGA,CHE,252321
5035725,231,41,5753,1995,2797.0,0.0,1.771648,1.184,USA,CHE,252321
5035726,246,41,5753,1995,0.0,205477.0,0.468112,1.039817,ZAF,CHE,252321
5035727,8,42,5753,1995,27302.0,0.0,0.245885,0.5489850000000001,ARG,CHL,252321
5035728,61,42,5753,1995,26453.0,0.0,2.325385,-2.2238189999999998,DEU,CHL,252321
5035729,138,42,5753,1995,83398.0,0.0,0.6414300000000001,0.9697520000000001,MEX,CHL,252321
5035730,173,42,5753,1995,1755718.0,0.0,-0.263859,-0.21032800000000001,PER,CHL,252321
5035731,231,42,5753,1995,2787.0,0.0,1.771648,1.184,USA,CHL,252321
5035732,18,59,5753,1995,9859.0,0.0,1.615588,1.394102,BEL,CZE,252321
5035733,61,59,5753,1995,5973.0,13882.0,2.325385,-2.2238189999999998,DEU,CZE,252321
5035734,77,59,5753,1995,62803.0,20580.0,1.768484,0.765537,FRA,CZE,252321
5035735,81,59,5753,1995,18897.0,0.0,1.8656979999999999,1.107121,GBR,CZE,252321
5035736,102,59,5753,1995,0.0,2778.0,0.878711,1.8200060000000002,HUN,CZE,252321
5035737,111,59,5753,1995,1853.0,0.0,1.503379,1.449094,ITA,CZE,252321
5035738,130,59,5753,1995,0.0,5116.0,0.41220500000000004,0.966966,LTU,CZE,252321
5035739,177,59,5753,1995,0.0,2855.0,0.76393,1.802648,POL,CZE,252321
5035740,186,59,5753,1995,0.0,1950.0,0.364437,0.171494,RUS,CZE,252321
5035741,206,59,5753,1995,1920367.0,1727.0,1.2249780000000001,1.405585,SVK,CZE,252321
5035742,208,59,5753,1995,3183.0,0.0,2.246997,1.060171,SWE,CZE,252321
5035743,231,59,5753,1995,8781.0,0.0,1.771648,1.184,USA,CZE,252321
5035744,7,68,5753,1995,0.0,1016.0,-0.205166,-0.6132380000000001,ARE,EGY,252321
5035745,46,68,5753,1995,0.0,9088.0,-1.4672459999999998,-1.0777139999999998,COD,EGY,252321
5035746,61,68,5753,1995,2273.0,0.0,2.325385,-2.2238189999999998,DEU,EGY,252321
5035747,77,68,5753,1995,25956.0,0.0,1.768484,0.765537,FRA,EGY,252321
5035748,81,68,5753,1995,2718.0,0.0,1.8656979999999999,1.107121,GBR,EGY,252321
5035749,90,68,5753,1995,373968.0,0.0,0.17369,0.885756,GRC,EGY,252321
5035750,110,68,5753,1995,0.0,57387.0,1.205368,1.189434,ISR,EGY,252321
5035751,111,68,5753,1995,5033.0,0.0,1.503379,1.449094,ITA,EGY,252321
5035752,126,68,5753,1995,105498.0,0.0,-0.353547,-1.019464,LBY,EGY,252321
5035753,188,68,5753,1995,0.0,2482478.0,0.401573,-0.6676529999999999,SAU,EGY,252321
5035754,190,68,5753,1995,0.0,342350.0,-0.776567,-0.963823,SDN,EGY,252321
5035755,226,68,5753,1995,0.0,6374.0,-1.219949,-0.8698969999999999,TZA,EGY,252321
5035756,39,72,5753,1995,3968.0,0.0,1.077804,1.0724200000000002,CAN,EST,252321
5035757,61,72,5753,1995,15094.0,0.0,2.325385,-2.2238189999999998,DEU,EST,252321
5035758,74,72,5753,1995,1614.0,0.0,2.0085740000000003,1.126816,FIN,EST,252321
5035759,81,72,5753,1995,0.0,354534.0,1.8656979999999999,1.107121,GBR,EST,252321
5035760,115,72,5753,1995,14301.0,0.0,0.280262,-0.285508,KAZ,EST,252321
5035761,130,72,5753,1995,15494.0,11071.0,0.41220500000000004,0.966966,LTU,EST,252321
5035762,132,72,5753,1995,8057.0,11449.0,0.25453400000000004,0.174809,LVA,EST,252321
5035763,177,72,5753,1995,0.0,72072.0,0.76393,1.802648,POL,EST,252321
5035764,186,72,5753,1995,266589.0,0.0,0.364437,0.171494,RUS,EST,252321
5035765,14,103,5753,1995,1026515.0,0.0,0.44442,0.789292,AUS,IDN,252321
5035766,22,103,5753,1995,0.0,272071.0,-1.037175,-0.983195,BGD,IDN,252321
5035767,43,103,5753,1995,89767.0,0.0,0.387897,3.2147919999999996,CHN,IDN,252321
5035768,97,103,5753,1995,0.0,192038.0,0.5244449999999999,2.682738,HKG,IDN,252321
5035769,114,103,5753,1995,21697.0,0.0,2.56822,0.927307,JPN,IDN,252321
5035770,143,103,5753,1995,0.0,18722.0,-1.5669309999999999,-1.124558,MMR,IDN,252321
5035771,148,103,5753,1995,0.0,1807.0,-1.935629,-1.178304,MRT,IDN,252321
5035772,151,103,5753,1995,0.0,3361.0,-0.432644,-0.574298,MUS,IDN,252321
5035773,153,103,5753,1995,0.0,218179.0,0.357745,0.374284,MYS,IDN,252321
5035774,192,103,5753,1995,0.0,38860.0,0.747684,0.4745,SGP,IDN,252321
5035775,216,103,5753,1995,1232.0,0.0,0.174522,1.608058,THA,IDN,252321
5035776,239,103,5753,1995,0.0,687541.0,-1.0462069999999999,-0.269063,VNM,IDN,252321
5035777,249,103,5753,1995,0.0,809711.0,1.345205,1.9337389999999999,TWN,IDN,252321
5035778,7,104,5753,1995,0.0,2050.0,-0.205166,-0.6132380000000001,ARE,IND,252321
5035779,22,104,5753,1995,0.0,291961.0,-1.037175,-0.983195,BGD,IND,252321
5035780,43,104,5753,1995,10595.0,0.0,0.387897,3.2147919999999996,CHN,IND,252321
5035781,77,104,5753,1995,0.0,2579.0,1.768484,0.765537,FRA,IND,252321
5035782,81,104,5753,1995,4126.0,0.0,1.8656979999999999,1.107121,GBR,IND,252321
5035783,97,104,5753,1995,0.0,2950.0,0.5244449999999999,2.682738,HKG,IND,252321
5035784,110,104,5753,1995,0.0,9356.0,1.205368,1.189434,ISR,IND,252321
5035785,116,104,5753,1995,0.0,129655.0,-0.303773,0.111305,KEN,IND,252321
5035786,121,104,5753,1995,97412.0,0.0,0.845175,1.2761799999999999,KOR,IND,252321
5035787,128,104,5753,1995,0.0,232755.0,-0.8358030000000001,-0.29397199999999996,LKA,IND,252321
5035788,136,104,5753,1995,0.0,1225.0,-1.178074,-0.6167,MDG,IND,252321
5035789,137,104,5753,1995,0.0,82905.0,-1.258938,-0.9818629999999999,MDV,IND,252321
5035790,143,104,5753,1995,0.0,346161.0,-1.5669309999999999,-1.124558,MMR,IND,252321
5035791,164,104,5753,1995,0.0,1202098.0,-0.779984,-0.7621479999999999,NPL,IND,252321
5035792,168,104,5753,1995,0.0,89135.0,-0.707965,-0.324784,PAK,IND,252321
5035793,174,104,5753,1995,0.0,51256.0,-0.480548,0.076564,PHL,IND,252321
5035794,188,104,5753,1995,0.0,11525.0,0.401573,-0.6676529999999999,SAU,IND,252321
5035795,216,104,5753,1995,17155.0,0.0,0.174522,1.608058,THA,IND,252321
5035796,226,104,5753,1995,0.0,9431.0,-1.219949,-0.8698969999999999,TZA,IND,252321
5035797,227,104,5753,1995,0.0,5904.0,-1.053037,-1.001752,UGA,IND,252321
5035798,247,104,5753,1995,0.0,932.0,-0.214763,-0.721675,ZMB,IND,252321
5035799,81,113,5753,1995,12095.0,0.0,1.8656979999999999,1.107121,GBR,JOR,252321
5035800,124,113,5753,1995,466673.0,0.0,0.027416000000000003,0.327795,LBN,JOR,252321
5035801,188,113,5753,1995,0.0,634406.0,0.401573,-0.6676529999999999,SAU,JOR,252321
5035802,212,113,5753,1995,0.0,2480660.0,-0.8829469999999999,-0.809407,SYR,JOR,252321
5035803,14,114,5753,1995,0.0,237520.0,0.44442,0.789292,AUS,JPN,252321
5035804,22,114,5753,1995,0.0,426452.0,-1.037175,-0.983195,BGD,JPN,252321
5035805,32,114,5753,1995,0.0,2465.0,0.687171,1.188647,BRA,JPN,252321
5035806,39,114,5753,1995,0.0,16365.0,1.077804,1.0724200000000002,CAN,JPN,252321
5035807,43,114,5753,1995,7836.0,9631.0,0.387897,3.2147919999999996,CHN,JPN,252321
5035808,64,114,5753,1995,3218.0,0.0,1.3800270000000001,1.489036,DNK,JPN,252321
5035809,77,114,5753,1995,13964.0,0.0,1.768484,0.765537,FRA,JPN,252321
5035810,97,114,5753,1995,0.0,523004.0,0.5244449999999999,2.682738,HKG,JPN,252321
5035811,103,114,5753,1995,0.0,21697.0,-0.391727,1.174727,IDN,JPN,252321
5035812,121,114,5753,1995,0.0,65807.0,0.845175,1.2761799999999999,KOR,JPN,252321
5035813,128,114,5753,1995,0.0,44587.0,-0.8358030000000001,-0.29397199999999996,LKA,JPN,252321
5035814,143,114,5753,1995,0.0,344774.0,-1.5669309999999999,-1.124558,MMR,JPN,252321
5035815,153,114,5753,1995,6768.0,3537.0,0.357745,0.374284,MYS,JPN,252321
5035816,166,114,5753,1995,0.0,79552.0,0.5558270000000001,0.773271,NZL,JPN,252321
5035817,167,114,5753,1995,0.0,5566.0,-0.328853,-0.946069,OMN,JPN,252321
5035818,174,114,5753,1995,0.0,275544.0,-0.480548,0.076564,PHL,JPN,252321
5035819,192,114,5753,1995,0.0,6110.0,0.747684,0.4745,SGP,JPN,252321
5035820,216,114,5753,1995,0.0,49335.0,0.174522,1.608058,THA,JPN,252321
5035821,231,114,5753,1995,18212.0,0.0,1.771648,1.184,USA,JPN,252321
5035822,249,114,5753,1995,0.0,222348.0,1.345205,1.9337389999999999,TWN,JPN,252321
5035823,224,117,5753,1995,1164.0,0.0,0.166794,1.209066,TUR,KGZ,252321
5035824,28,132,5753,1995,0.0,1969.0,0.5290279999999999,0.27031700000000003,BLR,LVA,252321
5035825,61,132,5753,1995,290178.0,0.0,2.325385,-2.2238189999999998,DEU,LVA,252321
5035826,64,132,5753,1995,4439.0,0.0,1.3800270000000001,1.489036,DNK,LVA,252321
5035827,72,132,5753,1995,11449.0,8057.0,0.530041,1.134288,EST,LVA,252321
5035828,74,132,5753,1995,385406.0,0.0,2.0085740000000003,1.126816,FIN,LVA,252321
5035829,111,132,5753,1995,36533.0,0.0,1.503379,1.449094,ITA,LVA,252321
5035830,130,132,5753,1995,16406.0,3211.0,0.41220500000000004,0.966966,LTU,LVA,252321
5035831,186,132,5753,1995,41224.0,0.0,0.364437,0.171494,RUS,LVA,252321
5035832,71,142,5753,1995,74371.0,0.0,1.144247,1.933844,ESP,MLT,252321
5035833,77,142,5753,1995,129293.0,0.0,1.768484,0.765537,FRA,MLT,252321
5035834,111,142,5753,1995,84553.0,0.0,1.503379,1.449094,ITA,MLT,252321
5035835,14,166,5753,1995,37464.0,0.0,0.44442,0.789292,AUS,NZL,252321
5035836,48,166,5753,1995,0.0,13714.0,0.15283,-0.45298,COK,NZL,252321
5035837,64,166,5753,1995,31780.0,0.0,1.3800270000000001,1.489036,DNK,NZL,252321
5035838,114,166,5753,1995,79552.0,0.0,2.56822,0.927307,JPN,NZL,252321
5035839,153,166,5753,1995,116906.0,0.0,0.357745,0.374284,MYS,NZL,252321
5035840,216,166,5753,1995,81847.0,0.0,0.174522,1.608058,THA,NZL,252321
5035841,7,167,5753,1995,2455149.0,24999.0,-0.205166,-0.6132380000000001,ARE,OMN,252321
5035842,18,167,5753,1995,22783.0,0.0,1.615588,1.394102,BEL,OMN,252321
5035843,107,167,5753,1995,1586.0,0.0,-0.821991,-1.071013,IRN,OMN,252321
5035844,114,167,5753,1995,5566.0,0.0,2.56822,0.927307,JPN,OMN,252321
5035845,183,167,5753,1995,0.0,1700.0,-0.721352,-1.0827799999999999,QAT,OMN,252321
5035846,224,167,5753,1995,1158.0,0.0,0.166794,1.209066,TUR,OMN,252321
5035847,231,167,5753,1995,1949.0,0.0,1.771648,1.184,USA,OMN,252321
5035848,23,185,5753,1995,0.0,2000.0,0.436138,1.086561,BGR,ROU,252321
5035849,51,185,5753,1995,0.0,254000.0,0.302241,-0.532841,CPV,ROU,252321
5035850,61,185,5753,1995,10930.0,0.0,2.325385,-2.2238189999999998,DEU,ROU,252321
5035851,77,185,5753,1995,6947.0,0.0,1.768484,0.765537,FRA,ROU,252321
5035852,90,185,5753,1995,16024.0,0.0,0.17369,0.885756,GRC,ROU,252321
5035853,102,185,5753,1995,1193.0,73013.0,0.878711,1.8200060000000002,HUN,ROU,252321
5035854,111,185,5753,1995,14703.0,0.0,1.503379,1.449094,ITA,ROU,252321
5035855,135,185,5753,1995,0.0,66523.0,0.394058,0.124474,MDA,ROU,252321
5035856,224,185,5753,1995,4626.0,0.0,0.166794,1.209066,TUR,ROU,252321
5035857,228,185,5753,1995,0.0,3000.0,0.428875,0.20489899999999997,UKR,ROU,252321
5035858,7,188,5753,1995,9807959.0,0.0,-0.205166,-0.6132380000000001,ARE,SAU,252321
5035859,24,188,5753,1995,0.0,42216.0,-0.239166,-0.8627950000000001,BHR,SAU,252321
5035860,64,188,5753,1995,5272426.0,0.0,1.3800270000000001,1.489036,DNK,SAU,252321
5035861,68,188,5753,1995,2482478.0,0.0,-0.340042,-0.085601,EGY,SAU,252321
5035862,71,188,5753,1995,3945.0,0.0,1.144247,1.933844,ESP,SAU,252321
5035863,73,188,5753,1995,0.0,3538.0,-1.3387120000000001,-1.123621,ETH,SAU,252321
5035864,77,188,5753,1995,9420.0,0.0,1.768484,0.765537,FRA,SAU,252321
5035865,81,188,5753,1995,14311.0,0.0,1.8656979999999999,1.107121,GBR,SAU,252321
5035866,104,188,5753,1995,11525.0,0.0,0.156183,1.9617380000000002,IND,SAU,252321
5035867,113,188,5753,1995,634406.0,0.0,0.666542,0.326785,JOR,SAU,252321
5035868,122,188,5753,1995,0.0,31373.0,-0.226273,-1.02354,KWT,SAU,252321
5035869,138,188,5753,1995,526.0,0.0,0.6414300000000001,0.9697520000000001,MEX,SAU,252321
5035870,157,188,5753,1995,0.0,2276.0,-0.288248,-0.592174,NER,SAU,252321
5035871,168,188,5753,1995,7351.0,0.0,-0.707965,-0.324784,PAK,SAU,252321
5035872,183,188,5753,1995,0.0,31557.0,-0.721352,-1.0827799999999999,QAT,SAU,252321
5035873,212,188,5753,1995,4993.0,0.0,-0.8829469999999999,-0.809407,SYR,SAU,252321
5035874,231,188,5753,1995,40496.0,0.0,1.771648,1.184,USA,SAU,252321
5035875,14,192,5753,1995,19891.0,0.0,0.44442,0.789292,AUS,SGP,252321
5035876,22,192,5753,1995,0.0,34063.0,-1.037175,-0.983195,BGD,SGP,252321
5035877,34,192,5753,1995,0.0,129460.0,-0.979701,-0.85456,BRN,SGP,252321
5035878,39,192,5753,1995,6837.0,0.0,1.077804,1.0724200000000002,CAN,SGP,252321
5035879,43,192,5753,1995,0.0,4587.0,0.387897,3.2147919999999996,CHN,SGP,252321
5035880,74,192,5753,1995,6811.0,0.0,2.0085740000000003,1.126816,FIN,SGP,252321
5035881,81,192,5753,1995,2979.0,0.0,1.8656979999999999,1.107121,GBR,SGP,252321
5035882,97,192,5753,1995,0.0,13058.0,0.5244449999999999,2.682738,HKG,SGP,252321
5035883,103,192,5753,1995,38860.0,0.0,-0.391727,1.174727,IDN,SGP,252321
5035884,111,192,5753,1995,4373.0,0.0,1.503379,1.449094,ITA,SGP,252321
5035885,114,192,5753,1995,6110.0,0.0,2.56822,0.927307,JPN,SGP,252321
5035886,137,192,5753,1995,0.0,6257.0,-1.258938,-0.9818629999999999,MDV,SGP,252321
5035887,143,192,5753,1995,0.0,21164.0,-1.5669309999999999,-1.124558,MMR,SGP,252321
5035888,153,192,5753,1995,1898177.0,26281.0,0.357745,0.374284,MYS,SGP,252321
5035889,174,192,5753,1995,0.0,3780.0,-0.480548,0.076564,PHL,SGP,252321
5035890,216,192,5753,1995,990109.0,0.0,0.174522,1.608058,THA,SGP,252321
5035891,246,192,5753,1995,4737.0,0.0,0.468112,1.039817,ZAF,SGP,252321
5035892,249,192,5753,1995,1770.0,0.0,1.345205,1.9337389999999999,TWN,SGP,252321
5035893,15,206,5753,1995,0.0,789494.0,2.000295,0.661255,AUT,SVK,252321
5035894,28,206,5753,1995,0.0,2892.0,0.5290279999999999,0.27031700000000003,BLR,SVK,252321
5035895,41,206,5753,1995,0.0,10826.0,2.1893029999999998,0.82765,CHE,SVK,252321
5035896,59,206,5753,1995,1727.0,1920367.0,1.375091,1.628069,CZE,SVK,252321
5035897,61,206,5753,1995,1042.0,5589536.0,2.325385,-2.2238189999999998,DEU,SVK,252321
5035898,102,206,5753,1995,0.0,718391.0,0.878711,1.8200060000000002,HUN,SVK,252321
5035899,111,206,5753,1995,2004.0,0.0,1.503379,1.449094,ITA,SVK,252321
5035900,162,206,5753,1995,0.0,458716.0,1.304391,1.8819119999999998,NLD,SVK,252321
5035901,177,206,5753,1995,0.0,253510.0,0.76393,1.802648,POL,SVK,252321
5035902,186,206,5753,1995,0.0,4862.0,0.364437,0.171494,RUS,SVK,252321
5035903,208,206,5753,1995,0.0,5609.0,2.246997,1.060171,SWE,SVK,252321
5035904,216,206,5753,1995,2572.0,0.0,0.174522,1.608058,THA,SVK,252321
5035905,228,206,5753,1995,0.0,3370.0,0.428875,0.20489899999999997,UKR,SVK,252321
5035906,15,207,5753,1995,0.0,26602.0,2.000295,0.661255,AUT,SVN,252321
5035907,26,207,5753,1995,0.0,5629.0,0.208931,0.053763,BIH,SVN,252321
5035908,41,207,5753,1995,0.0,6350.0,2.1893029999999998,0.82765,CHE,SVN,252321
5035909,100,207,5753,1995,872988.0,829385.0,0.75325,1.395715,HRV,SVN,252321
5035910,102,207,5753,1995,40726.0,0.0,0.878711,1.8200060000000002,HUN,SVN,252321
5035911,111,207,5753,1995,496691.0,3727.0,1.503379,1.449094,ITA,SVN,252321
5035912,140,207,5753,1995,0.0,3258.0,0.34174,0.648467,MKD,SVN,252321
5035913,162,207,5753,1995,0.0,17208.0,1.304391,1.8819119999999998,NLD,SVN,252321
5035914,186,207,5753,1995,0.0,5762.0,0.364437,0.171494,RUS,SVN,252321
5035915,228,207,5753,1995,0.0,2380.0,0.428875,0.20489899999999997,UKR,SVN,252321
5035916,59,208,5753,1995,0.0,3183.0,1.375091,1.628069,CZE,SWE,252321
5035917,61,208,5753,1995,17309.0,0.0,2.325385,-2.2238189999999998,DEU,SWE,252321
5035918,64,208,5753,1995,1611411.0,0.0,1.3800270000000001,1.489036,DNK,SWE,252321
5035919,74,208,5753,1995,1212.0,8123.0,2.0085740000000003,1.126816,FIN,SWE,252321
5035920,81,208,5753,1995,11402.0,4661866.0,1.8656979999999999,1.107121,GBR,SWE,252321
5035921,90,208,5753,1995,3135.0,0.0,0.17369,0.885756,GRC,SWE,252321
5035922,109,208,5753,1995,0.0,1229.0,0.161331,-0.45210100000000003,ISL,SWE,252321
5035923,130,208,5753,1995,171834.0,0.0,0.41220500000000004,0.966966,LTU,SWE,252321
5035924,163,208,5753,1995,1673.0,1823.0,1.019741,0.394241,NOR,SWE,252321
5035925,177,208,5753,1995,3864.0,0.0,0.76393,1.802648,POL,SWE,252321
5035926,206,208,5753,1995,5609.0,0.0,1.2249780000000001,1.405585,SVK,SWE,252321
5035927,45,214,5753,1995,146996.0,0.0,-1.121716,-0.9758020000000001,CMR,TCD,252321
5035928,16,224,5753,1995,0.0,20632.0,-0.084566,-0.839039,AZE,TUR,252321
5035929,18,224,5753,1995,0.0,37329.0,1.615588,1.394102,BEL,TUR,252321
5035930,23,224,5753,1995,0.0,3460.0,0.436138,1.086561,BGR,TUR,252321
5035931,41,224,5753,1995,0.0,1160.0,2.1893029999999998,0.82765,CHE,TUR,252321
5035932,58,224,5753,1995,0.0,546758.0,0.263764,0.030358999999999997,CYP,TUR,252321
5035933,66,224,5753,1995,0.0,202394.0,-0.555409,-1.037972,DZA,TUR,252321
5035934,74,224,5753,1995,0.0,100612.0,2.0085740000000003,1.126816,FIN,TUR,252321
5035935,81,224,5753,1995,60229.0,453903.0,1.8656979999999999,1.107121,GBR,TUR,252321
5035936,82,224,5753,1995,0.0,2266.0,1.082754,0.059275,GEO,TUR,252321
5035937,90,224,5753,1995,0.0,743112.0,0.17369,0.885756,GRC,TUR,252321
5035938,106,224,5753,1995,0.0,73856.0,1.349192,0.992099,IRL,TUR,252321
5035939,110,224,5753,1995,0.0,2118422.0,1.205368,1.189434,ISR,TUR,252321
5035940,111,224,5753,1995,10870.0,0.0,1.503379,1.449094,ITA,TUR,252321
5035941,112,224,5753,1995,0.0,6138.0,-0.873925,-0.952304,JAM,TUR,252321
5035942,117,224,5753,1995,0.0,1164.0,0.361272,0.047797000000000006,KGZ,TUR,252321
5035943,126,224,5753,1995,0.0,33323.0,-0.353547,-1.019464,LBY,TUR,252321
5035944,134,224,5753,1995,0.0,846197.0,-0.6481210000000001,-0.22345,MAR,TUR,252321
5035945,151,224,5753,1995,0.0,885695.0,-0.432644,-0.574298,MUS,TUR,252321
5035946,167,224,5753,1995,0.0,1158.0,-0.328853,-0.946069,OMN,TUR,252321
5035947,185,224,5753,1995,0.0,4626.0,0.621468,1.038729,ROU,TUR,252321
5035948,186,224,5753,1995,0.0,77374.0,0.364437,0.171494,RUS,TUR,252321
5035949,212,224,5753,1995,0.0,3095029.0,-0.8829469999999999,-0.809407,SYR,TUR,252321
5035950,219,224,5753,1995,0.0,16307.0,-0.882984,-1.088854,TKM,TUR,252321
5035951,228,224,5753,1995,0.0,3615.0,0.428875,0.20489899999999997,UKR,TUR,252321
5035952,231,224,5753,1995,2618.0,0.0,1.771648,1.184,USA,TUR,252321
5035953,243,224,5753,1995,0.0,913618.0,-1.302346,-1.135961,YEM,TUR,252321
5035954,250,224,5753,1995,0.0,545388.0,1.034518,0.9735149999999999,ANS,TUR,252321
5035955,18,246,5753,1995,331957.0,0.0,1.615588,1.394102,BEL,ZAF,252321
5035956,41,246,5753,1995,205477.0,0.0,2.1893029999999998,0.82765,CHE,ZAF,252321
5035957,46,246,5753,1995,0.0,7972.0,-1.4672459999999998,-1.0777139999999998,COD,ZAF,252321
5035958,50,246,5753,1995,0.0,5096.0,-0.125195,-0.6788930000000001,COM,ZAF,252321
5035959,64,246,5753,1995,172654.0,0.0,1.3800270000000001,1.489036,DNK,ZAF,252321
5035960,71,246,5753,1995,346639.0,0.0,1.144247,1.933844,ESP,ZAF,252321
5035961,77,246,5753,1995,322572.0,0.0,1.768484,0.765537,FRA,ZAF,252321
5035962,81,246,5753,1995,71780.0,0.0,1.8656979999999999,1.107121,GBR,ZAF,252321
5035963,83,246,5753,1995,0.0,47500.0,-1.247755,-1.070455,GHA,ZAF,252321
5035964,97,246,5753,1995,0.0,201133.0,0.5244449999999999,2.682738,HKG,ZAF,252321
5035965,136,246,5753,1995,0.0,14482.0,-1.178074,-0.6167,MDG,ZAF,252321
5035966,147,246,5753,1995,0.0,872624.0,-1.031627,-1.02484,MOZ,ZAF,252321
5035967,151,246,5753,1995,0.0,23790.0,-0.432644,-0.574298,MUS,ZAF,252321
5035968,152,246,5753,1995,0.0,9145.0,-1.1277709999999999,-1.0603049999999998,MWI,ZAF,252321
5035969,192,246,5753,1995,0.0,4737.0,0.747684,0.4745,SGP,ZAF,252321
5035970,211,246,5753,1995,0.0,20851.0,-0.103343,-0.57371,SYC,ZAF,252321
5035971,223,246,5753,1995,4032.0,0.0,-0.253792,-0.044331,TUN,ZAF,252321
5035972,226,246,5753,1995,0.0,13914.0,-1.219949,-0.8698969999999999,TZA,ZAF,252321
5035973,227,246,5753,1995,0.0,3760.0,-1.053037,-1.001752,UGA,ZAF,252321
5035974,231,246,5753,1995,2876.0,0.0,1.771648,1.184,USA,ZAF,252321
5035975,247,246,5753,1995,0.0,28959.0,-0.214763,-0.721675,ZMB,ZAF,252321
5035976,248,246,5753,1995,2914.0,40690.0,-0.054752999999999996,0.326737,ZWE,ZAF,252321
5035977,31,8,5753,1995,0.0,244074.0,-0.440583,-0.688389,BOL,ARG,252321
5035978,32,8,5753,1995,6426.0,617226.0,0.687171,1.188647,BRA,ARG,252321
5035979,42,8,5753,1995,0.0,27302.0,-0.073436,-0.192675,CHL,ARG,252321
5035980,71,8,5753,1995,7970.0,0.0,1.144247,1.933844,ESP,ARG,252321
5035981,77,8,5753,1995,12062.0,0.0,1.768484,0.765537,FRA,ARG,252321
5035982,180,8,5753,1995,0.0,170384.0,-0.283544,-0.640898,PRY,ARG,252321
5035983,230,8,5753,1995,0.0,77757.0,0.45133900000000005,0.50831,URY,ARG,252321
5035984,231,8,5753,1995,14915.0,0.0,1.771648,1.184,USA,ARG,252321
5035985,18,44,5753,1995,60519.0,0.0,1.615588,1.394102,BEL,CIV,252321
5035986,21,44,5753,1995,0.0,390297.0,-0.695354,-0.902185,BFA,CIV,252321
5035987,71,44,5753,1995,19228.0,0.0,1.144247,1.933844,ESP,CIV,252321
5035988,77,44,5753,1995,108593.0,0.0,1.768484,0.765537,FRA,CIV,252321
5035989,90,44,5753,1995,575124.0,0.0,0.17369,0.885756,GRC,CIV,252321
5035990,157,44,5753,1995,0.0,15667.0,-0.288248,-0.592174,NER,CIV,252321
5035991,179,44,5753,1995,5701.0,0.0,0.412677,1.254009,PRT,CIV,252321
5035992,223,44,5753,1995,168111.0,0.0,-0.253792,-0.044331,TUN,CIV,252321
5035993,18,45,5753,1995,70325.0,0.0,1.615588,1.394102,BEL,CMR,252321
5035994,64,45,5753,1995,27489.0,0.0,1.3800270000000001,1.489036,DNK,CMR,252321
5035995,71,45,5753,1995,16087.0,0.0,1.144247,1.933844,ESP,CMR,252321
5035996,77,45,5753,1995,37538.0,0.0,1.768484,0.765537,FRA,CMR,252321
5035997,90,45,5753,1995,17220.0,0.0,0.17369,0.885756,GRC,CMR,252321
5035998,97,45,5753,1995,2392.0,0.0,0.5244449999999999,2.682738,HKG,CMR,252321
5035999,111,45,5753,1995,10857.0,0.0,1.503379,1.449094,ITA,CMR,252321
5036000,179,45,5753,1995,5289.0,0.0,0.412677,1.254009,PRT,CMR,252321
5036001,214,45,5753,1995,0.0,146996.0,-0.6866180000000001,-0.752698,TCD,CMR,252321
5036002,216,45,5753,1995,125570.0,0.0,0.174522,1.608058,THA,CMR,252321
5036003,223,45,5753,1995,6563.0,0.0,-0.253792,-0.044331,TUN,CMR,252321
5036004,250,45,5753,1995,176020.0,0.0,1.034518,0.9735149999999999,ANS,CMR,252321
5036005,71,47,5753,1995,1087.0,0.0,1.144247,1.933844,ESP,COG,252321
5036006,77,47,5753,1995,12975.0,0.0,1.768484,0.765537,FRA,COG,252321
5036007,111,47,5753,1995,1624.0,0.0,1.503379,1.449094,ITA,COG,252321
5036008,4,90,5753,1995,0.0,1553250.0,-0.39273,-0.47259300000000004,ALB,GRC,252321
5036009,23,90,5753,1995,0.0,952167.0,0.436138,1.086561,BGR,GRC,252321
5036010,44,90,5753,1995,0.0,575124.0,-0.781656,-0.74293,CIV,GRC,252321
5036011,45,90,5753,1995,0.0,17220.0,-1.121716,-0.9758020000000001,CMR,GRC,252321
5036012,68,90,5753,1995,0.0,373968.0,-0.340042,-0.085601,EGY,GRC,252321
5036013,71,90,5753,1995,6710.0,0.0,1.144247,1.933844,ESP,GRC,252321
5036014,81,90,5753,1995,0.0,13653304.0,1.8656979999999999,1.107121,GBR,GRC,252321
5036015,100,90,5753,1995,4127.0,0.0,0.75325,1.395715,HRV,GRC,252321
5036016,110,90,5753,1995,0.0,170937.0,1.205368,1.189434,ISR,GRC,252321
5036017,111,90,5753,1995,95684.0,151681.0,1.503379,1.449094,ITA,GRC,252321
5036018,134,90,5753,1995,0.0,658724.0,-0.6481210000000001,-0.22345,MAR,GRC,252321
5036019,140,90,5753,1995,0.0,22926.0,0.34174,0.648467,MKD,GRC,252321
5036020,185,90,5753,1995,0.0,16024.0,0.621468,1.038729,ROU,GRC,252321
5036021,208,90,5753,1995,0.0,3135.0,2.246997,1.060171,SWE,GRC,252321
5036022,224,90,5753,1995,743112.0,0.0,0.166794,1.209066,TUR,GRC,252321
5036023,15,102,5753,1995,21915.0,9269.0,2.000295,0.661255,AUT,HUN,252321
5036024,18,102,5753,1995,2598.0,0.0,1.615588,1.394102,BEL,HUN,252321
5036025,59,102,5753,1995,2778.0,0.0,1.375091,1.628069,CZE,HUN,252321
5036026,61,102,5753,1995,11025.0,4989.0,2.325385,-2.2238189999999998,DEU,HUN,252321
5036027,81,102,5753,1995,7278.0,0.0,1.8656979999999999,1.107121,GBR,HUN,252321
5036028,100,102,5753,1995,43244.0,31608.0,0.75325,1.395715,HRV,HUN,252321
5036029,111,102,5753,1995,250777.0,0.0,1.503379,1.449094,ITA,HUN,252321
5036030,115,102,5753,1995,0.0,996.0,0.280262,-0.285508,KAZ,HUN,252321
5036031,135,102,5753,1995,0.0,1638.0,0.394058,0.124474,MDA,HUN,252321
5036032,185,102,5753,1995,73013.0,1193.0,0.621468,1.038729,ROU,HUN,252321
5036033,186,102,5753,1995,0.0,9000.0,0.364437,0.171494,RUS,HUN,252321
5036034,206,102,5753,1995,718391.0,0.0,1.2249780000000001,1.405585,SVK,HUN,252321
5036035,207,102,5753,1995,0.0,40726.0,1.424606,1.490521,SVN,HUN,252321
5036036,231,102,5753,1995,1369.0,0.0,1.771648,1.184,USA,HUN,252321
5036037,18,134,5753,1995,101142.0,0.0,1.615588,1.394102,BEL,MAR,252321
5036038,71,134,5753,1995,1600450.0,0.0,1.144247,1.933844,ESP,MAR,252321
5036039,77,134,5753,1995,1781221.0,0.0,1.768484,0.765537,FRA,MAR,252321
5036040,90,134,5753,1995,658724.0,0.0,0.17369,0.885756,GRC,MAR,252321
5036041,223,134,5753,1995,115943.0,0.0,-0.253792,-0.044331,TUN,MAR,252321
5036042,224,134,5753,1995,846197.0,0.0,0.166794,1.209066,TUR,MAR,252321
5036043,18,215,5753,1995,4897.0,0.0,1.615588,1.394102,BEL,TGO,252321
5036044,66,215,5753,1995,0.0,34895.0,-0.555409,-1.037972,DZA,TGO,252321
5036045,71,215,5753,1995,5396.0,0.0,1.144247,1.933844,ESP,TGO,252321
5036046,157,215,5753,1995,0.0,10264.0,-0.288248,-0.592174,NER,TGO,252321
5036047,223,215,5753,1995,4811.0,0.0,-0.253792,-0.044331,TUN,TGO,252321
5036048,19,223,5753,1995,0.0,13809.0,-1.142708,-0.9045280000000001,BEN,TUN,252321
5036049,21,223,5753,1995,0.0,23671.0,-0.695354,-0.902185,BFA,TUN,252321
5036050,44,223,5753,1995,0.0,168111.0,-0.781656,-0.74293,CIV,TUN,252321
5036051,45,223,5753,1995,0.0,6563.0,-1.121716,-0.9758020000000001,CMR,TUN,252321
5036052,66,223,5753,1995,0.0,5692716.0,-0.555409,-1.037972,DZA,TUN,252321
5036053,77,223,5753,1995,1675.0,0.0,1.768484,0.765537,FRA,TUN,252321
5036054,111,223,5753,1995,1172.0,46674.0,1.503379,1.449094,ITA,TUN,252321
5036055,126,223,5753,1995,0.0,5762534.0,-0.353547,-1.019464,LBY,TUN,252321
5036056,134,223,5753,1995,0.0,115943.0,-0.6481210000000001,-0.22345,MAR,TUN,252321
5036057,141,223,5753,1995,0.0,29500.0,-0.807662,-0.952101,MLI,TUN,252321
5036058,163,223,5753,1995,0.0,95910.0,1.019741,0.394241,NOR,TUN,252321
5036059,191,223,5753,1995,0.0,142524.0,-0.94962,-0.970988,SEN,TUN,252321
5036060,215,223,5753,1995,0.0,4811.0,-0.962727,-0.873151,TGO,TUN,252321
5036061,246,223,5753,1995,0.0,4032.0,0.468112,1.039817,ZAF,TUN,252321
5036062,250,223,5753,1995,0.0,128093.0,1.034518,0.9735149999999999,ANS,TUN,252321
5036063,8,230,5753,1995,77757.0,0.0,0.245885,0.5489850000000001,ARG,URY,252321
5036064,180,230,5753,1995,0.0,8618.0,-0.283544,-0.640898,PRY,URY,252321
5036065,104,247,5753,1995,932.0,0.0,0.156183,1.9617380000000002,IND,ZMB,252321
5036066,152,247,5753,1995,0.0,34138.0,-1.1277709999999999,-1.0603049999999998,MWI,ZMB,252321
5036067,226,247,5753,1995,0.0,3864.0,-1.219949,-0.8698969999999999,TZA,ZMB,252321
5036068,246,247,5753,1995,28959.0,0.0,0.468112,1.039817,ZAF,ZMB,252321
5036069,248,247,5753,1995,0.0,1375.0,-0.054752999999999996,0.326737,ZWE,ZMB,252321
5036070,81,248,5753,1995,9523.0,0.0,1.8656979999999999,1.107121,GBR,ZWE,252321
5036071,111,248,5753,1995,5585.0,0.0,1.503379,1.449094,ITA,ZWE,252321
5036072,147,248,5753,1995,0.0,43519.0,-1.031627,-1.02484,MOZ,ZWE,252321
5036073,246,248,5753,1995,40690.0,2914.0,0.468112,1.039817,ZAF,ZWE,252321
5036074,247,248,5753,1995,1375.0,0.0,-0.214763,-0.721675,ZMB,ZWE,252321
5036075,216,120,5753,1995,119017.0,0.0,0.174522,1.608058,THA,KNA,252321
5036076,3,236,5753,1995,0.0,128123.0,1.39062,-0.102344,AIA,VEN,252321
5036077,6,236,5753,1995,0.0,2641352.0,-0.020759,-0.653863,ANT,VEN,252321
5036078,13,236,5753,1995,0.0,161500.0,-0.06877,-0.550291,ATG,VEN,252321
5036079,25,236,5753,1995,0.0,1066000.0,0.501206,-0.32106799999999996,BHS,VEN,252321
5036080,30,236,5753,1995,0.0,342633.0,0.897532,-0.394633,BMU,VEN,252321
5036081,32,236,5753,1995,0.0,29491.0,0.687171,1.188647,BRA,VEN,252321
5036082,33,236,5753,1995,0.0,471889.0,1.055447,0.422738,BRB,VEN,252321
5036083,49,236,5753,1995,4416.0,571716.0,0.094335,0.13047999999999998,COL,VEN,252321
5036084,61,236,5753,1995,9724.0,0.0,2.325385,-2.2238189999999998,DEU,VEN,252321
5036085,63,236,5753,1995,0.0,140136.0,0.803902,0.307064,DMA,VEN,252321
5036086,65,236,5753,1995,0.0,461331.0,-0.635482,-0.746526,DOM,VEN,252321
5036087,77,236,5753,1995,0.0,187739.0,1.768484,0.765537,FRA,VEN,252321
5036088,81,236,5753,1995,0.0,23856.0,1.8656979999999999,1.107121,GBR,VEN,252321
5036089,101,236,5753,1995,0.0,1942233.0,-0.761827,-0.6020310000000001,HTI,VEN,252321
5036090,127,236,5753,1995,0.0,22362.0,0.194177,-0.359444,LCA,VEN,252321
5036091,150,236,5753,1995,0.0,33605.0,0.68423,-0.22968200000000003,MTQ,VEN,252321
5036092,169,236,5753,1995,0.0,613621.0,-0.019815,0.050906,PAN,VEN,252321
5036093,173,236,5753,1995,0.0,677231.0,-0.263859,-0.21032800000000001,PER,VEN,252321
5036094,205,236,5753,1995,0.0,107571.0,-0.75729,-0.8253459999999999,SUR,VEN,252321
5036095,222,236,5753,1995,0.0,79076.0,0.254658,-0.496058,TTO,VEN,252321
5036096,231,236,5753,1995,7653.0,103636.0,1.771648,1.184,USA,VEN,252321
5036097,234,236,5753,1995,0.0,101042.0,-0.369315,-0.751156,VCT,VEN,252321
5036098,237,236,5753,1995,0.0,321118.0,0.799784,-0.287329,VGB,VEN,252321
5036099,81,58,5753,1995,1919.0,0.0,1.8656979999999999,1.107121,GBR,CYP,252321
5036100,111,58,5753,1995,14927.0,0.0,1.503379,1.449094,ITA,CYP,252321
5036101,212,58,5753,1995,0.0,17529.0,-0.8829469999999999,-0.809407,SYR,CYP,252321
5036102,224,58,5753,1995,546758.0,0.0,0.166794,1.209066,TUR,CYP,252321
5036103,4,100,5753,1995,0.0,24717.0,-0.39273,-0.47259300000000004,ALB,HRV,252321
5036104,15,100,5753,1995,13184.0,210820.0,2.000295,0.661255,AUT,HRV,252321
5036105,26,100,5753,1995,0.0,390324.0,0.208931,0.053763,BIH,HRV,252321
5036106,61,100,5753,1995,5216.0,979.0,2.325385,-2.2238189999999998,DEU,HRV,252321
5036107,90,100,5753,1995,0.0,4127.0,0.17369,0.885756,GRC,HRV,252321
5036108,102,100,5753,1995,31608.0,43244.0,0.878711,1.8200060000000002,HUN,HRV,252321
5036109,111,100,5753,1995,0.0,55683.0,1.503379,1.449094,ITA,HRV,252321
5036110,140,100,5753,1995,0.0,29006.0,0.34174,0.648467,MKD,HRV,252321
5036111,207,100,5753,1995,829385.0,872988.0,1.424606,1.490521,SVN,HRV,252321
5036112,102,135,5753,1995,1638.0,0.0,0.878711,1.8200060000000002,HUN,MDA,252321
5036113,185,135,5753,1995,66523.0,0.0,0.621468,1.038729,ROU,MDA,252321
5036114,186,135,5753,1995,107693.0,0.0,0.364437,0.171494,RUS,MDA,252321
5036115,228,135,5753,1995,110699.0,1599.0,0.428875,0.20489899999999997,UKR,MDA,252321
5036116,23,140,5753,1995,96848.0,0.0,0.436138,1.086561,BGR,MKD,252321
5036117,90,140,5753,1995,22926.0,0.0,0.17369,0.885756,GRC,MKD,252321
5036118,100,140,5753,1995,29006.0,0.0,0.75325,1.395715,HRV,MKD,252321
5036119,111,140,5753,1995,5219.0,0.0,1.503379,1.449094,ITA,MKD,252321
5036120,207,140,5753,1995,3258.0,0.0,1.424606,1.490521,SVN,MKD,252321
5036121,68,190,5753,1995,342350.0,0.0,-0.340042,-0.085601,EGY,SDN,252321
5036122,231,190,5753,1995,5980.0,0.0,1.771648,1.184,USA,SDN,252321
5036123,93,197,5753,1995,125877.0,0.0,-0.241468,0.170932,GTM,SLV,252321
5036124,99,197,5753,1995,84415.0,0.0,-0.765536,-0.668834,HND,SLV,252321
5036125,138,197,5753,1995,291179.0,0.0,0.6414300000000001,0.9697520000000001,MEX,SLV,252321
5036126,231,197,5753,1995,208168.0,0.0,1.771648,1.184,USA,SLV,252321
5036127,68,46,5753,1995,9088.0,0.0,-0.340042,-0.085601,EGY,COD,252321
5036128,71,46,5753,1995,16020.0,0.0,1.144247,1.933844,ESP,COD,252321
5036129,246,46,5753,1995,7972.0,0.0,0.468112,1.039817,ZAF,COD,252321
5036130,39,54,5753,1995,4245.0,0.0,1.077804,1.0724200000000002,CAN,CUB,252321
5036131,138,54,5753,1995,3002.0,0.0,0.6414300000000001,0.9697520000000001,MEX,CUB,252321
5036132,111,65,5753,1995,76564.0,0.0,1.503379,1.449094,ITA,DOM,252321
5036133,138,65,5753,1995,45033.0,0.0,0.6414300000000001,0.9697520000000001,MEX,DOM,252321
5036134,231,65,5753,1995,156729.0,0.0,1.771648,1.184,USA,DOM,252321
5036135,236,65,5753,1995,461331.0,0.0,0.299294,-0.635474,VEN,DOM,252321
5036136,18,67,5753,1995,2375.0,0.0,1.615588,1.394102,BEL,ECU,252321
5036137,49,67,5753,1995,1065683.0,0.0,0.094335,0.13047999999999998,COL,ECU,252321
5036138,138,67,5753,1995,29922.0,0.0,0.6414300000000001,0.9697520000000001,MEX,ECU,252321
5036139,169,67,5753,1995,2027.0,0.0,-0.019815,0.050906,PAN,ECU,252321
5036140,173,67,5753,1995,426686.0,0.0,-0.263859,-0.21032800000000001,PER,ECU,252321
5036141,231,67,5753,1995,64878.0,0.0,1.771648,1.184,USA,ECU,252321
5036142,77,107,5753,1995,37913.0,0.0,1.768484,0.765537,FRA,IRN,252321
5036143,167,107,5753,1995,0.0,1586.0,-0.328853,-0.946069,OMN,IRN,252321
5036144,22,168,5753,1995,0.0,105154.0,-1.037175,-0.983195,BGD,PAK,252321
5036145,77,168,5753,1995,7178.0,0.0,1.768484,0.765537,FRA,PAK,252321
5036146,104,168,5753,1995,89135.0,0.0,0.156183,1.9617380000000002,IND,PAK,252321
5036147,188,168,5753,1995,0.0,7351.0,0.401573,-0.6676529999999999,SAU,PAK,252321
5036148,43,174,5753,1995,14944.0,0.0,0.387897,3.2147919999999996,CHN,PHL,252321
5036149,77,174,5753,1995,14668.0,0.0,1.768484,0.765537,FRA,PHL,252321
5036150,104,174,5753,1995,51256.0,0.0,0.156183,1.9617380000000002,IND,PHL,252321
5036151,114,174,5753,1995,275544.0,0.0,2.56822,0.927307,JPN,PHL,252321
5036152,121,174,5753,1995,84253.0,0.0,0.845175,1.2761799999999999,KOR,PHL,252321
5036153,153,174,5753,1995,88378.0,0.0,0.357745,0.374284,MYS,PHL,252321
5036154,192,174,5753,1995,3780.0,0.0,0.747684,0.4745,SGP,PHL,252321
5036155,216,174,5753,1995,57658.0,0.0,0.174522,1.608058,THA,PHL,252321
5036156,43,186,5753,1995,55612.0,0.0,0.387897,3.2147919999999996,CHN,RUS,252321
5036157,59,186,5753,1995,1950.0,0.0,1.375091,1.628069,CZE,RUS,252321
5036158,61,186,5753,1995,5300.0,0.0,2.325385,-2.2238189999999998,DEU,RUS,252321
5036159,72,186,5753,1995,0.0,266589.0,0.530041,1.134288,EST,RUS,252321
5036160,74,186,5753,1995,105377.0,0.0,2.0085740000000003,1.126816,FIN,RUS,252321
5036161,81,186,5753,1995,2139.0,0.0,1.8656979999999999,1.107121,GBR,RUS,252321
5036162,102,186,5753,1995,9000.0,0.0,0.878711,1.8200060000000002,HUN,RUS,252321
5036163,111,186,5753,1995,8691.0,0.0,1.503379,1.449094,ITA,RUS,252321
5036164,121,186,5753,1995,38959.0,0.0,0.845175,1.2761799999999999,KOR,RUS,252321
5036165,130,186,5753,1995,8603.0,212911.0,0.41220500000000004,0.966966,LTU,RUS,252321
5036166,132,186,5753,1995,0.0,41224.0,0.25453400000000004,0.174809,LVA,RUS,252321
5036167,135,186,5753,1995,0.0,107693.0,0.394058,0.124474,MDA,RUS,252321
5036168,162,186,5753,1995,3245.0,0.0,1.304391,1.8819119999999998,NLD,RUS,252321
5036169,206,186,5753,1995,4862.0,0.0,1.2249780000000001,1.405585,SVK,RUS,252321
5036170,207,186,5753,1995,5762.0,0.0,1.424606,1.490521,SVN,RUS,252321
5036171,224,186,5753,1995,77374.0,0.0,0.166794,1.209066,TUR,RUS,252321
5036172,231,186,5753,1995,3196.0,0.0,1.771648,1.184,USA,RUS,252321
5036173,7,226,5753,1995,64183.0,0.0,-0.205166,-0.6132380000000001,ARE,TZA,252321
5036174,18,226,5753,1995,36364.0,0.0,1.615588,1.394102,BEL,TZA,252321
5036175,43,226,5753,1995,1281305.0,0.0,0.387897,3.2147919999999996,CHN,TZA,252321
5036176,61,226,5753,1995,1905.0,0.0,2.325385,-2.2238189999999998,DEU,TZA,252321
5036177,68,226,5753,1995,6374.0,0.0,-0.340042,-0.085601,EGY,TZA,252321
5036178,71,226,5753,1995,3615.0,0.0,1.144247,1.933844,ESP,TZA,252321
5036179,81,226,5753,1995,4194.0,0.0,1.8656979999999999,1.107121,GBR,TZA,252321
5036180,104,226,5753,1995,9431.0,0.0,0.156183,1.9617380000000002,IND,TZA,252321
5036181,116,226,5753,1995,20803.0,0.0,-0.303773,0.111305,KEN,TZA,252321
5036182,227,226,5753,1995,27249.0,0.0,-1.053037,-1.001752,UGA,TZA,252321
5036183,246,226,5753,1995,13914.0,0.0,0.468112,1.039817,ZAF,TZA,252321
5036184,247,226,5753,1995,3864.0,0.0,-0.214763,-0.721675,ZMB,TZA,252321
5036185,130,228,5753,1995,0.0,7179.0,0.41220500000000004,0.966966,LTU,UKR,252321
5036186,135,228,5753,1995,1599.0,110699.0,0.394058,0.124474,MDA,UKR,252321
5036187,185,228,5753,1995,3000.0,0.0,0.621468,1.038729,ROU,UKR,252321
5036188,206,228,5753,1995,3370.0,0.0,1.2249780000000001,1.405585,SVK,UKR,252321
5036189,207,228,5753,1995,2380.0,0.0,1.424606,1.490521,SVN,UKR,252321
5036190,224,228,5753,1995,3615.0,0.0,0.166794,1.209066,TUR,UKR,252321
5036191,43,239,5753,1995,294547.0,0.0,0.387897,3.2147919999999996,CHN,VNM,252321
5036192,103,239,5753,1995,687541.0,0.0,-0.391727,1.174727,IDN,VNM,252321
5036193,216,239,5753,1995,7336402.0,0.0,0.174522,1.608058,THA,VNM,252321
5036194,43,249,5753,1995,8447.0,1521.0,0.387897,3.2147919999999996,CHN,TWN,252321
5036195,77,249,5753,1995,8142.0,0.0,1.768484,0.765537,FRA,TWN,252321
5036196,97,249,5753,1995,0.0,3887.0,0.5244449999999999,2.682738,HKG,TWN,252321
5036197,103,249,5753,1995,809711.0,0.0,-0.391727,1.174727,IDN,TWN,252321
5036198,114,249,5753,1995,222348.0,0.0,2.56822,0.927307,JPN,TWN,252321
5036199,121,249,5753,1995,40179.0,0.0,0.845175,1.2761799999999999,KOR,TWN,252321
5036200,153,249,5753,1995,130741.0,0.0,0.357745,0.374284,MYS,TWN,252321
5036201,192,249,5753,1995,0.0,1770.0,0.747684,0.4745,SGP,TWN,252321
5036202,14,250,5753,1995,414868.0,0.0,0.44442,0.789292,AUS,ANS,252321
5036203,18,250,5753,1995,17833132.0,0.0,1.615588,1.394102,BEL,ANS,252321
5036204,22,250,5753,1995,0.0,36623.0,-1.037175,-0.983195,BGD,ANS,252321
5036205,43,250,5753,1995,0.0,4489.0,0.387897,3.2147919999999996,CHN,ANS,252321
5036206,45,250,5753,1995,0.0,176020.0,-1.121716,-0.9758020000000001,CMR,ANS,252321
5036207,64,250,5753,1995,39947480.0,0.0,1.3800270000000001,1.489036,DNK,ANS,252321
5036208,77,250,5753,1995,0.0,1569.0,1.768484,0.765537,FRA,ANS,252321
5036209,110,250,5753,1995,0.0,12236.0,1.205368,1.189434,ISR,ANS,252321
5036210,121,250,5753,1995,1351.0,0.0,0.845175,1.2761799999999999,KOR,ANS,252321
5036211,157,250,5753,1995,0.0,3319.0,-0.288248,-0.592174,NER,ANS,252321
5036212,162,250,5753,1995,0.0,1612858.0,1.304391,1.8819119999999998,NLD,ANS,252321
5036213,177,250,5753,1995,19406.0,39143.0,0.76393,1.802648,POL,ANS,252321
5036214,216,250,5753,1995,8217.0,0.0,0.174522,1.608058,THA,ANS,252321
5036215,223,250,5753,1995,128093.0,0.0,-0.253792,-0.044331,TUN,ANS,252321
5036216,224,250,5753,1995,545388.0,0.0,0.166794,1.209066,TUR,ANS,252321
5036217,138,29,5753,1995,28939.0,0.0,0.6414300000000001,0.9697520000000001,MEX,BLZ,252321
5036218,231,29,5753,1995,3092.0,0.0,1.771648,1.184,USA,BLZ,252321
5036219,8,31,5753,1995,244074.0,0.0,0.245885,0.5489850000000001,ARG,BOL,252321
5036220,32,31,5753,1995,4242.0,0.0,0.687171,1.188647,BRA,BOL,252321
5036221,173,31,5753,1995,658634.0,0.0,-0.263859,-0.21032800000000001,PER,BOL,252321
5036222,231,31,5753,1995,941.0,0.0,1.771648,1.184,USA,BOL,252321
5036223,49,63,5753,1995,66850.0,0.0,0.094335,0.13047999999999998,COL,DMA,252321
5036224,222,63,5753,1995,492467.0,0.0,0.254658,-0.496058,TTO,DMA,252321
5036225,231,63,5753,1995,1206.0,0.0,1.771648,1.184,USA,DMA,252321
5036226,236,63,5753,1995,140136.0,0.0,0.299294,-0.635474,VEN,DMA,252321
5036227,111,73,5753,1995,14384.0,0.0,1.503379,1.449094,ITA,ETH,252321
5036228,116,73,5753,1995,2118.0,0.0,-0.303773,0.111305,KEN,ETH,252321
5036229,188,73,5753,1995,3538.0,0.0,0.401573,-0.6676529999999999,SAU,ETH,252321
5036230,231,73,5753,1995,16035.0,0.0,1.771648,1.184,USA,ETH,252321
5036231,77,94,5753,1995,6388.0,0.0,1.768484,0.765537,FRA,GUF,252321
5036232,111,94,5753,1995,3622.0,0.0,1.503379,1.449094,ITA,GUF,252321
5036233,49,101,5753,1995,2351.0,0.0,0.094335,0.13047999999999998,COL,HTI,252321
5036234,236,101,5753,1995,1942233.0,0.0,0.299294,-0.635474,VEN,HTI,252321
5036235,236,127,5753,1995,22362.0,0.0,0.299294,-0.635474,VEN,LCA,252321
5036236,77,152,5753,1995,5429.0,0.0,1.768484,0.765537,FRA,MWI,252321
5036237,147,152,5753,1995,0.0,1607.0,-1.031627,-1.02484,MOZ,MWI,252321
5036238,246,152,5753,1995,9145.0,0.0,0.468112,1.039817,ZAF,MWI,252321
5036239,247,152,5753,1995,34138.0,0.0,-0.214763,-0.721675,ZMB,MWI,252321
5036240,18,160,5753,1995,16019.0,0.0,1.615588,1.394102,BEL,NIC,252321
5036241,52,160,5753,1995,31713.0,0.0,-0.30094699999999996,-0.046285,CRI,NIC,252321
5036242,93,160,5753,1995,7410.0,0.0,-0.241468,0.170932,GTM,NIC,252321
5036243,138,160,5753,1995,62384.0,0.0,0.6414300000000001,0.9697520000000001,MEX,NIC,252321
5036244,7,227,5753,1995,3291.0,0.0,-0.205166,-0.6132380000000001,ARE,UGA,252321
5036245,41,227,5753,1995,2268.0,0.0,2.1893029999999998,0.82765,CHE,UGA,252321
5036246,104,227,5753,1995,5904.0,0.0,0.156183,1.9617380000000002,IND,UGA,252321
5036247,111,227,5753,1995,580.0,0.0,1.503379,1.449094,ITA,UGA,252321
5036248,116,227,5753,1995,101186.0,0.0,-0.303773,0.111305,KEN,UGA,252321
5036249,143,227,5753,1995,15529.0,0.0,-1.5669309999999999,-1.124558,MMR,UGA,252321
5036250,226,227,5753,1995,0.0,27249.0,-1.219949,-0.8698969999999999,TZA,UGA,252321
5036251,246,227,5753,1995,3760.0,0.0,0.468112,1.039817,ZAF,UGA,252321
5036252,236,234,5753,1995,101042.0,0.0,0.299294,-0.635474,VEN,VCT,252321
5036253,18,17,5753,1995,7143.0,0.0,1.615588,1.394102,BEL,BDI,252321
5036254,77,17,5753,1995,1858.0,0.0,1.768484,0.765537,FRA,BDI,252321
5036255,18,50,5753,1995,15620.0,0.0,1.615588,1.394102,BEL,COM,252321
5036256,43,50,5753,1995,163859.0,0.0,0.387897,3.2147919999999996,CHN,COM,252321
5036257,246,50,5753,1995,5096.0,0.0,0.468112,1.039817,ZAF,COM,252321
5036258,71,66,5753,1995,219661.0,0.0,1.144247,1.933844,ESP,DZA,252321
5036259,77,66,5753,1995,11318.0,0.0,1.768484,0.765537,FRA,DZA,252321
5036260,215,66,5753,1995,34895.0,0.0,-0.962727,-0.873151,TGO,DZA,252321
5036261,223,66,5753,1995,5692716.0,0.0,-0.253792,-0.044331,TUN,DZA,252321
5036262,224,66,5753,1995,202394.0,0.0,0.166794,1.209066,TUR,DZA,252321
5036263,18,85,5753,1995,418027.0,0.0,1.615588,1.394102,BEL,GIN,252321
5036264,71,85,5753,1995,11251.0,0.0,1.144247,1.933844,ESP,GIN,252321
5036265,77,85,5753,1995,33138.0,0.0,1.768484,0.765537,FRA,GIN,252321
5036266,111,85,5753,1995,3766.0,0.0,1.503379,1.449094,ITA,GIN,252321
5036267,124,85,5753,1995,1926.0,0.0,0.027416000000000003,0.327795,LBN,GIN,252321
5036268,231,85,5753,1995,79376.0,0.0,1.771648,1.184,USA,GIN,252321
5036269,18,130,5753,1995,3212.0,0.0,1.615588,1.394102,BEL,LTU,252321
5036270,28,130,5753,1995,1801.0,0.0,0.5290279999999999,0.27031700000000003,BLR,LTU,252321
5036271,59,130,5753,1995,5116.0,0.0,1.375091,1.628069,CZE,LTU,252321
5036272,72,130,5753,1995,11071.0,15494.0,0.530041,1.134288,EST,LTU,252321
5036273,81,130,5753,1995,6020.0,998941.0,1.8656979999999999,1.107121,GBR,LTU,252321
5036274,132,130,5753,1995,3211.0,16406.0,0.25453400000000004,0.174809,LVA,LTU,252321
5036275,177,130,5753,1995,2936.0,0.0,0.76393,1.802648,POL,LTU,252321
5036276,186,130,5753,1995,212911.0,8603.0,0.364437,0.171494,RUS,LTU,252321
5036277,208,130,5753,1995,0.0,171834.0,2.246997,1.060171,SWE,LTU,252321
5036278,228,130,5753,1995,7179.0,0.0,0.428875,0.20489899999999997,UKR,LTU,252321
5036279,43,133,5753,1995,867147.0,0.0,0.387897,3.2147919999999996,CHN,MAC,252321
5036280,97,133,5753,1995,118601.0,0.0,0.5244449999999999,2.682738,HKG,MAC,252321
5036281,77,136,5753,1995,60918.0,0.0,1.768484,0.765537,FRA,MDG,252321
5036282,104,136,5753,1995,1225.0,0.0,0.156183,1.9617380000000002,IND,MDG,252321
5036283,246,136,5753,1995,14482.0,0.0,0.468112,1.039817,ZAF,MDG,252321
5036284,7,137,5753,1995,2670.0,0.0,-0.205166,-0.6132380000000001,ARE,MDV,252321
5036285,104,137,5753,1995,82905.0,0.0,0.156183,1.9617380000000002,IND,MDV,252321
5036286,128,137,5753,1995,17603.0,0.0,-0.8358030000000001,-0.29397199999999996,LKA,MDV,252321
5036287,192,137,5753,1995,6257.0,0.0,0.747684,0.4745,SGP,MDV,252321
5036288,216,137,5753,1995,299057.0,0.0,0.174522,1.608058,THA,MDV,252321
5036289,18,151,5753,1995,11307.0,0.0,1.615588,1.394102,BEL,MUS,252321
5036290,77,151,5753,1995,20911.0,0.0,1.768484,0.765537,FRA,MUS,252321
5036291,103,151,5753,1995,3361.0,0.0,-0.391727,1.174727,IDN,MUS,252321
5036292,153,151,5753,1995,20493.0,0.0,0.357745,0.374284,MYS,MUS,252321
5036293,224,151,5753,1995,885695.0,0.0,0.166794,1.209066,TUR,MUS,252321
5036294,246,151,5753,1995,23790.0,0.0,0.468112,1.039817,ZAF,MUS,252321
5036295,71,184,5753,1995,62090.0,0.0,1.144247,1.933844,ESP,REU,252321
5036296,77,184,5753,1995,117194.0,0.0,1.768484,0.765537,FRA,REU,252321
5036297,111,184,5753,1995,13791.0,0.0,1.503379,1.449094,ITA,REU,252321
5036298,246,211,5753,1995,20851.0,0.0,0.468112,1.039817,ZAF,SYC,252321
5036299,71,2,5753,1995,9219.0,0.0,1.144247,1.933844,ESP,AGO,252321
5036300,179,2,5753,1995,39592.0,0.0,0.412677,1.254009,PRT,AGO,252321
5036301,90,4,5753,1995,1553250.0,0.0,0.17369,0.885756,GRC,ALB,252321
5036302,100,4,5753,1995,24717.0,0.0,0.75325,1.395715,HRV,ALB,252321
5036303,111,4,5753,1995,77350.0,0.0,1.503379,1.449094,ITA,ALB,252321
5036304,49,6,5753,1995,5642.0,0.0,0.094335,0.13047999999999998,COL,ANT,252321
5036305,111,6,5753,1995,3358.0,0.0,1.503379,1.449094,ITA,ANT,252321
5036306,162,6,5753,1995,2621.0,0.0,1.304391,1.8819119999999998,NLD,ANT,252321
5036307,231,6,5753,1995,5026.0,0.0,1.771648,1.184,USA,ANT,252321
5036308,236,6,5753,1995,2641352.0,0.0,0.299294,-0.635474,VEN,ANT,252321
5036309,68,7,5753,1995,1016.0,0.0,-0.340042,-0.085601,EGY,ARE,252321
5036310,104,7,5753,1995,2050.0,0.0,0.156183,1.9617380000000002,IND,ARE,252321
5036311,137,7,5753,1995,0.0,2670.0,-1.258938,-0.9818629999999999,MDV,ARE,252321
5036312,167,7,5753,1995,24999.0,2455149.0,-0.328853,-0.946069,OMN,ARE,252321
5036313,188,7,5753,1995,0.0,9807959.0,0.401573,-0.6676529999999999,SAU,ARE,252321
5036314,226,7,5753,1995,0.0,64183.0,-1.219949,-0.8698969999999999,TZA,ARE,252321
5036315,227,7,5753,1995,0.0,3291.0,-1.053037,-1.001752,UGA,ARE,252321
5036316,231,7,5753,1995,359775.0,0.0,1.771648,1.184,USA,ARE,252321
5036317,111,13,5753,1995,1233.0,0.0,1.503379,1.449094,ITA,ATG,252321
5036318,236,13,5753,1995,161500.0,0.0,0.299294,-0.635474,VEN,ATG,252321
5036319,71,19,5753,1995,19064.0,0.0,1.144247,1.933844,ESP,BEN,252321
5036320,77,19,5753,1995,3626.0,0.0,1.768484,0.765537,FRA,BEN,252321
5036321,223,19,5753,1995,13809.0,0.0,-0.253792,-0.044331,TUN,BEN,252321
5036322,231,19,5753,1995,4874.0,0.0,1.771648,1.184,USA,BEN,252321
5036323,90,23,5753,1995,952167.0,0.0,0.17369,0.885756,GRC,BGR,252321
5036324,140,23,5753,1995,0.0,96848.0,0.34174,0.648467,MKD,BGR,252321
5036325,185,23,5753,1995,2000.0,0.0,0.621468,1.038729,ROU,BGR,252321
5036326,224,23,5753,1995,3460.0,0.0,0.166794,1.209066,TUR,BGR,252321
5036327,188,24,5753,1995,42216.0,0.0,0.401573,-0.6676529999999999,SAU,BHR,252321
5036328,231,25,5753,1995,110169.0,0.0,1.771648,1.184,USA,BHS,252321
5036329,236,25,5753,1995,1066000.0,0.0,0.299294,-0.635474,VEN,BHS,252321
5036330,130,28,5753,1995,0.0,1801.0,0.41220500000000004,0.966966,LTU,BLR,252321
5036331,132,28,5753,1995,1969.0,0.0,0.25453400000000004,0.174809,LVA,BLR,252321
5036332,206,28,5753,1995,2892.0,0.0,1.2249780000000001,1.405585,SVK,BLR,252321
5036333,231,33,5753,1995,13706.0,0.0,1.771648,1.184,USA,BRB,252321
5036334,236,33,5753,1995,471889.0,0.0,0.299294,-0.635474,VEN,BRB,252321
5036335,153,34,5753,1995,9282.0,0.0,0.357745,0.374284,MYS,BRN,252321
5036336,192,34,5753,1995,129460.0,0.0,0.747684,0.4745,SGP,BRN,252321
5036337,216,34,5753,1995,4470699.0,0.0,0.174522,1.608058,THA,BRN,252321
5036338,179,51,5753,1995,281602.0,0.0,0.412677,1.254009,PRT,CPV,252321
5036339,185,51,5753,1995,254000.0,0.0,0.621468,1.038729,ROU,CPV,252321
5036340,77,80,5753,1995,6052.0,0.0,1.768484,0.765537,FRA,GAB,252321
5036341,179,80,5753,1995,2992.0,0.0,0.412677,1.254009,PRT,GAB,252321
5036342,71,83,5753,1995,28056.0,0.0,1.144247,1.933844,ESP,GHA,252321
5036343,81,83,5753,1995,12340.0,0.0,1.8656979999999999,1.107121,GBR,GHA,252321
5036344,246,83,5753,1995,47500.0,0.0,0.468112,1.039817,ZAF,GHA,252321
5036345,71,84,5753,1995,9452.0,0.0,1.144247,1.933844,ESP,GIB,252321
5036346,81,84,5753,1995,5332.0,0.0,1.8656979999999999,1.107121,GBR,GIB,252321
5036347,71,89,5753,1995,40775.0,0.0,1.144247,1.933844,ESP,GNQ,252321
5036348,231,89,5753,1995,5603.0,0.0,1.771648,1.184,USA,GNQ,252321
5036349,18,109,5753,1995,11853.0,0.0,1.615588,1.394102,BEL,ISL,252321
5036350,64,109,5753,1995,17029.0,0.0,1.3800270000000001,1.489036,DNK,ISL,252321
5036351,163,109,5753,1995,2937.0,0.0,1.019741,0.394241,NOR,ISL,252321
5036352,208,109,5753,1995,1229.0,0.0,2.246997,1.060171,SWE,ISL,252321
5036353,49,112,5753,1995,61616.0,0.0,0.094335,0.13047999999999998,COL,JAM,252321
5036354,71,112,5753,1995,8542.0,0.0,1.144247,1.933844,ESP,JAM,252321
5036355,81,112,5753,1995,21396.0,0.0,1.8656979999999999,1.107121,GBR,JAM,252321
5036356,224,112,5753,1995,6138.0,0.0,0.166794,1.209066,TUR,JAM,252321
5036357,231,112,5753,1995,72177.0,0.0,1.771648,1.184,USA,JAM,252321
5036358,61,115,5753,1995,1075.0,0.0,2.325385,-2.2238189999999998,DEU,KAZ,252321
5036359,72,115,5753,1995,0.0,14301.0,0.530041,1.134288,EST,KAZ,252321
5036360,102,115,5753,1995,996.0,0.0,0.878711,1.8200060000000002,HUN,KAZ,252321
5036361,73,116,5753,1995,0.0,2118.0,-1.3387120000000001,-1.123621,ETH,KEN,252321
5036362,81,116,5753,1995,39605.0,0.0,1.8656979999999999,1.107121,GBR,KEN,252321
5036363,104,116,5753,1995,129655.0,0.0,0.156183,1.9617380000000002,IND,KEN,252321
5036364,111,116,5753,1995,4372.0,0.0,1.503379,1.449094,ITA,KEN,252321
5036365,226,116,5753,1995,0.0,20803.0,-1.219949,-0.8698969999999999,TZA,KEN,252321
5036366,227,116,5753,1995,0.0,101186.0,-1.053037,-1.001752,UGA,KEN,252321
5036367,71,122,5753,1995,954195.0,0.0,1.144247,1.933844,ESP,KWT,252321
5036368,188,122,5753,1995,31373.0,0.0,0.401573,-0.6676529999999999,SAU,KWT,252321
5036369,216,122,5753,1995,111420.0,0.0,0.174522,1.608058,THA,KWT,252321
5036370,85,124,5753,1995,0.0,1926.0,-1.304768,-1.077826,GIN,LBN,252321
5036371,111,124,5753,1995,22098.0,0.0,1.503379,1.449094,ITA,LBN,252321
5036372,113,124,5753,1995,0.0,466673.0,0.666542,0.326785,JOR,LBN,252321
5036373,68,126,5753,1995,0.0,105498.0,-0.340042,-0.085601,EGY,LBY,252321
5036374,71,126,5753,1995,50989.0,0.0,1.144247,1.933844,ESP,LBY,252321
5036375,111,126,5753,1995,123212.0,0.0,1.503379,1.449094,ITA,LBY,252321
5036376,223,126,5753,1995,5762534.0,0.0,-0.253792,-0.044331,TUN,LBY,252321
5036377,224,126,5753,1995,33323.0,0.0,0.166794,1.209066,TUR,LBY,252321
5036378,104,128,5753,1995,232755.0,0.0,0.156183,1.9617380000000002,IND,LKA,252321
5036379,114,128,5753,1995,44587.0,0.0,2.56822,0.927307,JPN,LKA,252321
5036380,137,128,5753,1995,0.0,17603.0,-1.258938,-0.9818629999999999,MDV,LKA,252321
5036381,153,128,5753,1995,33219.0,0.0,0.357745,0.374284,MYS,LKA,252321
5036382,216,128,5753,1995,181477.0,0.0,0.174522,1.608058,THA,LKA,252321
5036383,152,147,5753,1995,1607.0,0.0,-1.1277709999999999,-1.0603049999999998,MWI,MOZ,252321
5036384,246,147,5753,1995,872624.0,0.0,0.468112,1.039817,ZAF,MOZ,252321
5036385,248,147,5753,1995,43519.0,0.0,-0.054752999999999996,0.326737,ZWE,MOZ,252321
5036386,71,159,5753,1995,55809.0,0.0,1.144247,1.933844,ESP,NGA,252321
5036387,77,159,5753,1995,130700.0,0.0,1.768484,0.765537,FRA,NGA,252321
5036388,111,159,5753,1995,46091.0,0.0,1.503379,1.449094,ITA,NGA,252321
5036389,157,159,5753,1995,0.0,5162.0,-0.288248,-0.592174,NER,NGA,252321
5036390,104,164,5753,1995,1202098.0,0.0,0.156183,1.9617380000000002,IND,NPL,252321
5036391,231,164,5753,1995,2833.0,0.0,1.771648,1.184,USA,NPL,252321
5036392,8,180,5753,1995,170384.0,0.0,0.245885,0.5489850000000001,ARG,PRY,252321
5036393,32,180,5753,1995,125206.0,0.0,0.687171,1.188647,BRA,PRY,252321
5036394,230,180,5753,1995,8618.0,0.0,0.45133900000000005,0.50831,URY,PRY,252321
5036395,167,183,5753,1995,1700.0,0.0,-0.328853,-0.946069,OMN,QAT,252321
5036396,188,183,5753,1995,31557.0,0.0,0.401573,-0.6676529999999999,SAU,QAT,252321
5036397,71,191,5753,1995,27078.0,0.0,1.144247,1.933844,ESP,SEN,252321
5036398,77,191,5753,1995,49762.0,0.0,1.768484,0.765537,FRA,SEN,252321
5036399,223,191,5753,1995,142524.0,0.0,-0.253792,-0.044331,TUN,SEN,252321
5036400,58,212,5753,1995,17529.0,0.0,0.263764,0.030358999999999997,CYP,SYR,252321
5036401,113,212,5753,1995,2480660.0,0.0,0.666542,0.326785,JOR,SYR,252321
5036402,188,212,5753,1995,0.0,4993.0,0.401573,-0.6676529999999999,SAU,SYR,252321
5036403,224,212,5753,1995,3095029.0,0.0,0.166794,1.209066,TUR,SYR,252321
5036404,224,219,5753,1995,16307.0,0.0,0.166794,1.209066,TUR,TKM,252321
5036405,224,243,5753,1995,913618.0,0.0,0.166794,1.209066,TUR,YEM,252321
5036406,224,16,5753,1995,20632.0,0.0,0.166794,1.209066,TUR,AZE,252321
5036407,44,21,5753,1995,390297.0,0.0,-0.781656,-0.74293,CIV,BFA,252321
5036408,64,21,5753,1995,5905.0,0.0,1.3800270000000001,1.489036,DNK,BFA,252321
5036409,71,21,5753,1995,419405.0,0.0,1.144247,1.933844,ESP,BFA,252321
5036410,77,21,5753,1995,12844.0,0.0,1.768484,0.765537,FRA,BFA,252321
5036411,223,21,5753,1995,23671.0,0.0,-0.253792,-0.044331,TUN,BFA,252321
5036412,100,26,5753,1995,390324.0,0.0,0.75325,1.395715,HRV,BIH,252321
5036413,207,26,5753,1995,5629.0,0.0,1.424606,1.490521,SVN,BIH,252321
5036414,14,40,5753,1995,11873.0,0.0,0.44442,0.789292,AUS,CCK,252321
5036415,166,48,5753,1995,13714.0,0.0,0.5558270000000001,0.773271,NZL,COK,252321
5036416,14,56,5753,1995,3622.0,0.0,0.44442,0.789292,AUS,CXR,252321
5036417,138,57,5753,1995,17252876.0,0.0,0.6414300000000001,0.9697520000000001,MEX,CYM,252321
5036418,231,57,5753,1995,9928.0,0.0,1.771648,1.184,USA,CYM,252321
5036419,111,62,5753,1995,3992.0,0.0,1.503379,1.449094,ITA,DJI,252321
5036420,14,75,5753,1995,124776.0,0.0,0.44442,0.789292,AUS,FJI,252321
5036421,153,75,5753,1995,4613.0,0.0,0.357745,0.374284,MYS,FJI,252321
5036422,231,79,5753,1995,25307.0,0.0,1.771648,1.184,USA,FSM,252321
5036423,224,82,5753,1995,2266.0,0.0,0.166794,1.209066,TUR,GEO,252321
5036424,64,92,5753,1995,482454.0,0.0,1.3800270000000001,1.489036,DNK,GRL,252321
5036425,81,96,5753,1995,2498.0,0.0,1.8656979999999999,1.107121,GBR,GUY,252321
5036426,216,118,5753,1995,3090967.0,0.0,0.174522,1.608058,THA,KHM,252321
5036427,216,123,5753,1995,475033.0,0.0,0.174522,1.608058,THA,LAO,252321
5036428,77,141,5753,1995,37159.0,0.0,1.768484,0.765537,FRA,MLI,252321
5036429,223,141,5753,1995,29500.0,0.0,-0.253792,-0.044331,TUN,MLI,252321
5036430,103,143,5753,1995,18722.0,0.0,-0.391727,1.174727,IDN,MMR,252321
5036431,104,143,5753,1995,346161.0,0.0,0.156183,1.9617380000000002,IND,MMR,252321
5036432,114,143,5753,1995,344774.0,0.0,2.56822,0.927307,JPN,MMR,252321
5036433,192,143,5753,1995,21164.0,0.0,0.747684,0.4745,SGP,MMR,252321
5036434,216,143,5753,1995,4300002.0,0.0,0.174522,1.608058,THA,MMR,252321
5036435,227,143,5753,1995,0.0,15529.0,-1.053037,-1.001752,UGA,MMR,252321
5036436,71,148,5753,1995,17105.0,0.0,1.144247,1.933844,ESP,MRT,252321
5036437,77,148,5753,1995,14503.0,0.0,1.768484,0.765537,FRA,MRT,252321
5036438,103,148,5753,1995,1807.0,0.0,-0.391727,1.174727,IDN,MRT,252321
5036439,14,156,5753,1995,40049.0,0.0,0.44442,0.789292,AUS,NCL,252321
5036440,77,156,5753,1995,21865.0,0.0,1.768484,0.765537,FRA,NCL,252321
5036441,111,156,5753,1995,9501.0,0.0,1.503379,1.449094,ITA,NCL,252321
5036442,44,157,5753,1995,15667.0,0.0,-0.781656,-0.74293,CIV,NER,252321
5036443,71,157,5753,1995,6016.0,0.0,1.144247,1.933844,ESP,NER,252321
5036444,77,157,5753,1995,66926.0,0.0,1.768484,0.765537,FRA,NER,252321
5036445,159,157,5753,1995,5162.0,0.0,-2.108206,-1.2017520000000002,NGA,NER,252321
5036446,188,157,5753,1995,2276.0,0.0,0.401573,-0.6676529999999999,SAU,NER,252321
5036447,215,157,5753,1995,10264.0,0.0,-0.962727,-0.873151,TGO,NER,252321
5036448,250,157,5753,1995,3319.0,0.0,1.034518,0.9735149999999999,ANS,NER,252321
5036449,14,165,5753,1995,33321.0,0.0,0.44442,0.789292,AUS,NRU,252321
5036450,14,176,5753,1995,90341.0,0.0,0.44442,0.789292,AUS,PNG,252321
5036451,43,178,5753,1995,7583.0,0.0,0.387897,3.2147919999999996,CHN,PRK,252321
5036452,14,182,5753,1995,104939.0,0.0,0.44442,0.789292,AUS,PYF,252321
5036453,77,182,5753,1995,7874.0,0.0,1.768484,0.765537,FRA,PYF,252321
5036454,111,182,5753,1995,7860.0,0.0,1.503379,1.449094,ITA,PYF,252321
5036455,14,195,5753,1995,2654.0,0.0,0.44442,0.789292,AUS,SLB,252321
5036456,41,196,5753,1995,0.0,1990.0,2.1893029999999998,0.82765,CHE,SLE,252321
5036457,179,203,5753,1995,2030.0,0.0,0.412677,1.254009,PRT,STP,252321
5036458,14,225,5753,1995,51537.0,0.0,0.44442,0.789292,AUS,TUV,252321
5036459,14,240,5753,1995,10641.0,0.0,0.44442,0.789292,AUS,VUT,252321
5036460,77,240,5753,1995,1810.0,0.0,1.768484,0.765537,FRA,VUT,252321
5036461,14,241,5753,1995,35111.0,0.0,0.44442,0.789292,AUS,WLF,252321
5036462,231,0,5753,1995,19707.0,0.0,1.771648,1.184,USA,ABW,252321
5036463,231,3,5753,1995,3397.0,0.0,1.771648,1.184,USA,AIA,252321
5036464,236,3,5753,1995,128123.0,0.0,0.299294,-0.635474,VEN,AIA,252321
5036465,71,5,5753,1995,74651.0,0.0,1.144247,1.933844,ESP,AND,252321
5036466,77,5,5753,1995,4614.0,0.0,1.768484,0.765537,FRA,AND,252321
5036467,111,69,5753,1995,5849.0,0.0,1.503379,1.449094,ITA,ERI,252321
5036468,18,87,5753,1995,6486.0,0.0,1.615588,1.394102,BEL,GMB,252321
5036469,61,87,5753,1995,5274.0,0.0,2.325385,-2.2238189999999998,DEU,GMB,252321
5036470,71,87,5753,1995,3473.0,0.0,1.144247,1.933844,ESP,GMB,252321
5036471,77,87,5753,1995,4490.0,0.0,1.768484,0.765537,FRA,GMB,252321
5036472,81,87,5753,1995,1478.0,0.0,1.8656979999999999,1.107121,GBR,GMB,252321
5036473,71,88,5753,1995,2052.0,0.0,1.144247,1.933844,ESP,GNB,252321
5036474,179,88,5753,1995,6201.0,0.0,0.412677,1.254009,PRT,GNB,252321
5036475,39,200,5753,1995,3222.0,0.0,1.077804,1.0724200000000002,CAN,SPM,252321
5036476,138,237,5753,1995,1000.0,0.0,0.6414300000000001,0.9697520000000001,MEX,VGB,252321
5036477,231,237,5753,1995,188001.0,0.0,1.771648,1.184,USA,VGB,252321
5036478,236,237,5753,1995,321118.0,0.0,0.299294,-0.635474,VEN,VGB,252321
5036479,81,194,5753,1995,3990.0,0.0,1.8656979999999999,1.107121,GBR,SHN,252321
5036480,18,15,5761,1995,42590.0,11538.0,1.615588,1.394102,BEL,AUT,252610
5036481,41,15,5761,1995,0.0,21222.0,2.1893029999999998,0.82765,CHE,AUT,252610
5036482,42,15,5761,1995,2324.0,0.0,-0.073436,-0.192675,CHL,AUT,252610
5036483,43,15,5761,1995,6417.0,0.0,0.387897,3.2147919999999996,CHN,AUT,252610
5036484,61,15,5761,1995,1040.0,0.0,2.325385,-2.2238189999999998,DEU,AUT,252610
5036485,77,15,5761,1995,68449.0,0.0,1.768484,0.765537,FRA,AUT,252610
5036486,90,15,5761,1995,0.0,4842.0,0.17369,0.885756,GRC,AUT,252610
5036487,100,15,5761,1995,0.0,1637.0,0.75325,1.395715,HRV,AUT,252610
5036488,111,15,5761,1995,1894154.0,0.0,1.503379,1.449094,ITA,AUT,252610
5036489,140,15,5761,1995,0.0,3354.0,0.34174,0.648467,MKD,AUT,252610
5036490,163,15,5761,1995,59601.0,4503.0,1.019741,0.394241,NOR,AUT,252610
5036491,173,15,5761,1995,0.0,9087.0,-0.263859,-0.21032800000000001,PER,AUT,252610
5036492,14,18,5761,1995,789824.0,0.0,0.44442,0.789292,AUS,BEL,252610
5036493,15,18,5761,1995,11538.0,42590.0,2.000295,0.661255,AUT,BEL,252610
5036494,43,18,5761,1995,264294.0,0.0,0.387897,3.2147919999999996,CHN,BEL,252610
5036495,61,18,5761,1995,4184.0,0.0,2.325385,-2.2238189999999998,DEU,BEL,252610
5036496,71,18,5761,1995,2873103.0,6206.0,1.144247,1.933844,ESP,BEL,252610
5036497,74,18,5761,1995,7590.0,0.0,2.0085740000000003,1.126816,FIN,BEL,252610
5036498,77,18,5761,1995,7982.0,100147.0,1.768484,0.765537,FRA,BEL,252610
5036499,81,18,5761,1995,0.0,11132.0,1.8656979999999999,1.107121,GBR,BEL,252610
5036500,97,18,5761,1995,10193.0,0.0,0.5244449999999999,2.682738,HKG,BEL,252610
5036501,104,18,5761,1995,0.0,2147.0,0.156183,1.9617380000000002,IND,BEL,252610
5036502,111,18,5761,1995,188637.0,55315.0,1.503379,1.449094,ITA,BEL,252610
5036503,114,18,5761,1995,44358.0,0.0,2.56822,0.927307,JPN,BEL,252610
5036504,162,18,5761,1995,3306.0,19844.0,1.304391,1.8819119999999998,NLD,BEL,252610
5036505,163,18,5761,1995,14590.0,16845.0,1.019741,0.394241,NOR,BEL,252610
5036506,188,18,5761,1995,0.0,10242.0,0.401573,-0.6676529999999999,SAU,BEL,252610
5036507,208,18,5761,1995,0.0,80337.0,2.246997,1.060171,SWE,BEL,252610
5036508,223,18,5761,1995,0.0,1509.0,-0.253792,-0.044331,TUN,BEL,252610
5036509,246,18,5761,1995,21457.0,0.0,0.468112,1.039817,ZAF,BEL,252610
5036510,8,32,5761,1995,0.0,26988.0,0.245885,0.5489850000000001,ARG,BRA,252610
5036511,39,32,5761,1995,0.0,14459.0,1.077804,1.0724200000000002,CAN,BRA,252610
5036512,41,32,5761,1995,0.0,5228.0,2.1893029999999998,0.82765,CHE,BRA,252610
5036513,42,32,5761,1995,0.0,17644.0,-0.073436,-0.192675,CHL,BRA,252610
5036514,61,32,5761,1995,0.0,25791.0,2.325385,-2.2238189999999998,DEU,BRA,252610
5036515,111,32,5761,1995,3582.0,0.0,1.503379,1.449094,ITA,BRA,252610
5036516,121,32,5761,1995,0.0,2391.0,0.845175,1.2761799999999999,KOR,BRA,252610
5036517,162,32,5761,1995,0.0,33171.0,1.304391,1.8819119999999998,NLD,BRA,252610
5036518,180,32,5761,1995,0.0,3312.0,-0.283544,-0.640898,PRY,BRA,252610
5036519,230,32,5761,1995,11805.0,5885.0,0.45133900000000005,0.50831,URY,BRA,252610
5036520,231,32,5761,1995,190188.0,0.0,1.771648,1.184,USA,BRA,252610
5036521,236,32,5761,1995,0.0,5195.0,0.299294,-0.635474,VEN,BRA,252610
5036522,14,43,5761,1995,0.0,2731.0,0.44442,0.789292,AUS,CHN,252610
5036523,15,43,5761,1995,0.0,6417.0,2.000295,0.661255,AUT,CHN,252610
5036524,18,43,5761,1995,0.0,264294.0,1.615588,1.394102,BEL,CHN,252610
5036525,22,43,5761,1995,0.0,11834.0,-1.037175,-0.983195,BGD,CHN,252610
5036526,39,43,5761,1995,0.0,8398.0,1.077804,1.0724200000000002,CAN,CHN,252610
5036527,52,43,5761,1995,0.0,61726.0,-0.30094699999999996,-0.046285,CRI,CHN,252610
5036528,61,43,5761,1995,0.0,126313.0,2.325385,-2.2238189999999998,DEU,CHN,252610
5036529,64,43,5761,1995,0.0,4009.0,1.3800270000000001,1.489036,DNK,CHN,252610
5036530,71,43,5761,1995,0.0,412137.0,1.144247,1.933844,ESP,CHN,252610
5036531,77,43,5761,1995,42831.0,11802.0,1.768484,0.765537,FRA,CHN,252610
5036532,81,43,5761,1995,0.0,62709.0,1.8656979999999999,1.107121,GBR,CHN,252610
5036533,97,43,5761,1995,2353.0,178394.0,0.5244449999999999,2.682738,HKG,CHN,252610
5036534,102,43,5761,1995,0.0,7077.0,0.878711,1.8200060000000002,HUN,CHN,252610
5036535,103,43,5761,1995,0.0,13676.0,-0.391727,1.174727,IDN,CHN,252610
5036536,104,43,5761,1995,2026.0,0.0,0.156183,1.9617380000000002,IND,CHN,252610
5036537,111,43,5761,1995,0.0,883224.0,1.503379,1.449094,ITA,CHN,252610
5036538,114,43,5761,1995,4640.0,26520094.0,2.56822,0.927307,JPN,CHN,252610
5036539,121,43,5761,1995,0.0,5495527.0,0.845175,1.2761799999999999,KOR,CHN,252610
5036540,128,43,5761,1995,0.0,11554.0,-0.8358030000000001,-0.29397199999999996,LKA,CHN,252610
5036541,138,43,5761,1995,0.0,1207818.0,0.6414300000000001,0.9697520000000001,MEX,CHN,252610
5036542,153,43,5761,1995,0.0,77285.0,0.357745,0.374284,MYS,CHN,252610
5036543,162,43,5761,1995,0.0,362596.0,1.304391,1.8819119999999998,NLD,CHN,252610
5036544,188,43,5761,1995,0.0,13820.0,0.401573,-0.6676529999999999,SAU,CHN,252610
5036545,192,43,5761,1995,0.0,6526.0,0.747684,0.4745,SGP,CHN,252610
5036546,216,43,5761,1995,0.0,263645.0,0.174522,1.608058,THA,CHN,252610
5036547,231,43,5761,1995,0.0,4557757.0,1.771648,1.184,USA,CHN,252610
5036548,239,43,5761,1995,0.0,18076.0,-1.0462069999999999,-0.269063,VNM,CHN,252610
5036549,249,43,5761,1995,1708.0,347065.0,1.345205,1.9337389999999999,TWN,CHN,252610
5036550,111,49,5761,1995,21692.0,0.0,1.503379,1.449094,ITA,COL,252610
5036551,231,49,5761,1995,119201.0,0.0,1.771648,1.184,USA,COL,252610
5036552,43,52,5761,1995,61726.0,0.0,0.387897,3.2147919999999996,CHN,CRI,252610
5036553,93,52,5761,1995,13726.0,0.0,-0.241468,0.170932,GTM,CRI,252610
5036554,97,52,5761,1995,63362.0,0.0,0.5244449999999999,2.682738,HKG,CRI,252610
5036555,99,52,5761,1995,0.0,2572.0,-0.765536,-0.668834,HND,CRI,252610
5036556,160,52,5761,1995,0.0,1833.0,-0.395096,-0.559934,NIC,CRI,252610
5036557,162,52,5761,1995,2201.0,0.0,1.304391,1.8819119999999998,NLD,CRI,252610
5036558,166,52,5761,1995,2759.0,0.0,0.5558270000000001,0.773271,NZL,CRI,252610
5036559,169,52,5761,1995,0.0,1242.0,-0.019815,0.050906,PAN,CRI,252610
5036560,231,52,5761,1995,174285.0,0.0,1.771648,1.184,USA,CRI,252610
5036561,236,52,5761,1995,78898.0,0.0,0.299294,-0.635474,VEN,CRI,252610
5036562,14,61,5761,1995,90196.0,0.0,0.44442,0.789292,AUS,DEU,252610
5036563,15,61,5761,1995,0.0,1040.0,2.000295,0.661255,AUT,DEU,252610
5036564,18,61,5761,1995,0.0,4184.0,1.615588,1.394102,BEL,DEU,252610
5036565,32,61,5761,1995,25791.0,0.0,0.687171,1.188647,BRA,DEU,252610
5036566,41,61,5761,1995,8220.0,43904.0,2.1893029999999998,0.82765,CHE,DEU,252610
5036567,43,61,5761,1995,126313.0,0.0,0.387897,3.2147919999999996,CHN,DEU,252610
5036568,59,61,5761,1995,38671.0,995.0,1.375091,1.628069,CZE,DEU,252610
5036569,64,61,5761,1995,0.0,2391.0,1.3800270000000001,1.489036,DNK,DEU,252610
5036570,71,61,5761,1995,47713.0,0.0,1.144247,1.933844,ESP,DEU,252610
5036571,74,61,5761,1995,14850.0,0.0,2.0085740000000003,1.126816,FIN,DEU,252610
5036572,77,61,5761,1995,3939.0,1639.0,1.768484,0.765537,FRA,DEU,252610
5036573,90,61,5761,1995,0.0,14269.0,0.17369,0.885756,GRC,DEU,252610
5036574,97,61,5761,1995,10753.0,0.0,0.5244449999999999,2.682738,HKG,DEU,252610
5036575,103,61,5761,1995,0.0,3230.0,-0.391727,1.174727,IDN,DEU,252610
5036576,104,61,5761,1995,25781.0,0.0,0.156183,1.9617380000000002,IND,DEU,252610
5036577,116,61,5761,1995,8657.0,0.0,-0.303773,0.111305,KEN,DEU,252610
5036578,151,61,5761,1995,0.0,1840.0,-0.432644,-0.574298,MUS,DEU,252610
5036579,153,61,5761,1995,0.0,2819.0,0.357745,0.374284,MYS,DEU,252610
5036580,162,61,5761,1995,1065173.0,188050.0,1.304391,1.8819119999999998,NLD,DEU,252610
5036581,163,61,5761,1995,11824.0,0.0,1.019741,0.394241,NOR,DEU,252610
5036582,173,61,5761,1995,0.0,1098.0,-0.263859,-0.21032800000000001,PER,DEU,252610
5036583,177,61,5761,1995,0.0,5056.0,0.76393,1.802648,POL,DEU,252610
5036584,185,61,5761,1995,0.0,58622.0,0.621468,1.038729,ROU,DEU,252610
5036585,192,61,5761,1995,0.0,71606.0,0.747684,0.4745,SGP,DEU,252610
5036586,207,61,5761,1995,0.0,966.0,1.424606,1.490521,SVN,DEU,252610
5036587,208,61,5761,1995,302271.0,3722.0,2.246997,1.060171,SWE,DEU,252610
5036588,216,61,5761,1995,0.0,6807.0,0.174522,1.608058,THA,DEU,252610
5036589,224,61,5761,1995,6930.0,0.0,0.166794,1.209066,TUR,DEU,252610
5036590,231,61,5761,1995,31900.0,0.0,1.771648,1.184,USA,DEU,252610
5036591,246,61,5761,1995,1424506.0,0.0,0.468112,1.039817,ZAF,DEU,252610
5036592,41,64,5761,1995,0.0,2672.0,2.1893029999999998,0.82765,CHE,DNK,252610
5036593,43,64,5761,1995,4009.0,0.0,0.387897,3.2147919999999996,CHN,DNK,252610
5036594,61,64,5761,1995,2391.0,0.0,2.325385,-2.2238189999999998,DEU,DNK,252610
5036595,74,64,5761,1995,23697.0,0.0,2.0085740000000003,1.126816,FIN,DNK,252610
5036596,97,64,5761,1995,3199.0,0.0,0.5244449999999999,2.682738,HKG,DNK,252610
5036597,163,64,5761,1995,530661.0,0.0,1.019741,0.394241,NOR,DNK,252610
5036598,208,64,5761,1995,161241.0,4357.0,2.246997,1.060171,SWE,DNK,252610
5036599,18,71,5761,1995,6206.0,2873103.0,1.615588,1.394102,BEL,ESP,252610
5036600,43,71,5761,1995,412137.0,0.0,0.387897,3.2147919999999996,CHN,ESP,252610
5036601,61,71,5761,1995,0.0,47713.0,2.325385,-2.2238189999999998,DEU,ESP,252610
5036602,68,71,5761,1995,23017.0,0.0,-0.340042,-0.085601,EGY,ESP,252610
5036603,77,71,5761,1995,297146.0,11103.0,1.768484,0.765537,FRA,ESP,252610
5036604,90,71,5761,1995,0.0,5652.0,0.17369,0.885756,GRC,ESP,252610
5036605,111,71,5761,1995,0.0,29267.0,1.503379,1.449094,ITA,ESP,252610
5036606,114,71,5761,1995,0.0,14838.0,2.56822,0.927307,JPN,ESP,252610
5036607,134,71,5761,1995,0.0,14301.0,-0.6481210000000001,-0.22345,MAR,ESP,252610
5036608,162,71,5761,1995,3039.0,0.0,1.304391,1.8819119999999998,NLD,ESP,252610
5036609,179,71,5761,1995,0.0,117241.0,0.412677,1.254009,PRT,ESP,252610
5036610,188,71,5761,1995,0.0,8060.0,0.401573,-0.6676529999999999,SAU,ESP,252610
5036611,223,71,5761,1995,0.0,17933.0,-0.253792,-0.044331,TUN,ESP,252610
5036612,18,74,5761,1995,0.0,7590.0,1.615588,1.394102,BEL,FIN,252610
5036613,39,74,5761,1995,0.0,7465.0,1.077804,1.0724200000000002,CAN,FIN,252610
5036614,41,74,5761,1995,0.0,199139.0,2.1893029999999998,0.82765,CHE,FIN,252610
5036615,61,74,5761,1995,0.0,14850.0,2.325385,-2.2238189999999998,DEU,FIN,252610
5036616,64,74,5761,1995,0.0,23697.0,1.3800270000000001,1.489036,DNK,FIN,252610
5036617,77,74,5761,1995,0.0,6012.0,1.768484,0.765537,FRA,FIN,252610
5036618,90,74,5761,1995,0.0,6538.0,0.17369,0.885756,GRC,FIN,252610
5036619,102,74,5761,1995,0.0,3497.0,0.878711,1.8200060000000002,HUN,FIN,252610
5036620,162,74,5761,1995,22792.0,7845.0,1.304391,1.8819119999999998,NLD,FIN,252610
5036621,163,74,5761,1995,0.0,42614.0,1.019741,0.394241,NOR,FIN,252610
5036622,188,74,5761,1995,0.0,42126.0,0.401573,-0.6676529999999999,SAU,FIN,252610
5036623,15,77,5761,1995,0.0,68449.0,2.000295,0.661255,AUT,FRA,252610
5036624,18,77,5761,1995,100147.0,7982.0,1.615588,1.394102,BEL,FRA,252610
5036625,39,77,5761,1995,0.0,4466.0,1.077804,1.0724200000000002,CAN,FRA,252610
5036626,41,77,5761,1995,6479.0,17636.0,2.1893029999999998,0.82765,CHE,FRA,252610
5036627,43,77,5761,1995,11802.0,42831.0,0.387897,3.2147919999999996,CHN,FRA,252610
5036628,44,77,5761,1995,0.0,3154.0,-0.781656,-0.74293,CIV,FRA,252610
5036629,45,77,5761,1995,0.0,4601.0,-1.121716,-0.9758020000000001,CMR,FRA,252610
5036630,58,77,5761,1995,0.0,1292.0,0.263764,0.030358999999999997,CYP,FRA,252610
5036631,61,77,5761,1995,1639.0,3939.0,2.325385,-2.2238189999999998,DEU,FRA,252610
5036632,71,77,5761,1995,11103.0,297146.0,1.144247,1.933844,ESP,FRA,252610
5036633,74,77,5761,1995,6012.0,0.0,2.0085740000000003,1.126816,FIN,FRA,252610
5036634,80,77,5761,1995,0.0,1210.0,-1.445673,-1.099128,GAB,FRA,252610
5036635,81,77,5761,1995,1825.0,449951.0,1.8656979999999999,1.107121,GBR,FRA,252610
5036636,85,77,5761,1995,0.0,1939.0,-1.304768,-1.077826,GIN,FRA,252610
5036637,86,77,5761,1995,0.0,14159.0,0.563491,-0.18852,GLP,FRA,252610
5036638,111,77,5761,1995,0.0,17171.0,1.503379,1.449094,ITA,FRA,252610
5036639,162,77,5761,1995,0.0,4547.0,1.304391,1.8819119999999998,NLD,FRA,252610
5036640,179,77,5761,1995,0.0,109717.0,0.412677,1.254009,PRT,FRA,252610
5036641,186,77,5761,1995,0.0,49183.0,0.364437,0.171494,RUS,FRA,252610
5036642,188,77,5761,1995,0.0,29095.0,0.401573,-0.6676529999999999,SAU,FRA,252610
5036643,208,77,5761,1995,0.0,132770.0,2.246997,1.060171,SWE,FRA,252610
5036644,215,77,5761,1995,0.0,1161.0,-0.962727,-0.873151,TGO,FRA,252610
5036645,223,77,5761,1995,0.0,83102.0,-0.253792,-0.044331,TUN,FRA,252610
5036646,231,77,5761,1995,0.0,678874.0,1.771648,1.184,USA,FRA,252610
5036647,14,81,5761,1995,126460.0,0.0,0.44442,0.789292,AUS,GBR,252610
5036648,18,81,5761,1995,11132.0,0.0,1.615588,1.394102,BEL,GBR,252610
5036649,39,81,5761,1995,3486.0,6012.0,1.077804,1.0724200000000002,CAN,GBR,252610
5036650,43,81,5761,1995,62709.0,0.0,0.387897,3.2147919999999996,CHN,GBR,252610
5036651,73,81,5761,1995,0.0,2012.0,-1.3387120000000001,-1.123621,ETH,GBR,252610
5036652,77,81,5761,1995,449951.0,1825.0,1.768484,0.765537,FRA,GBR,252610
5036653,97,81,5761,1995,5250.0,0.0,0.5244449999999999,2.682738,HKG,GBR,252610
5036654,127,81,5761,1995,0.0,2255.0,0.194177,-0.359444,LCA,GBR,252610
5036655,162,81,5761,1995,180415.0,64861.0,1.304391,1.8819119999999998,NLD,GBR,252610
5036656,163,81,5761,1995,12942.0,0.0,1.019741,0.394241,NOR,GBR,252610
5036657,188,81,5761,1995,0.0,1180.0,0.401573,-0.6676529999999999,SAU,GBR,252610
5036658,192,81,5761,1995,0.0,21355.0,0.747684,0.4745,SGP,GBR,252610
5036659,231,81,5761,1995,88952.0,0.0,1.771648,1.184,USA,GBR,252610
5036660,77,86,5761,1995,14159.0,0.0,1.768484,0.765537,FRA,GLP,252610
5036661,52,93,5761,1995,0.0,13726.0,-0.30094699999999996,-0.046285,CRI,GTM,252610
5036662,18,97,5761,1995,0.0,10193.0,1.615588,1.394102,BEL,HKG,252610
5036663,39,97,5761,1995,0.0,41333.0,1.077804,1.0724200000000002,CAN,HKG,252610
5036664,43,97,5761,1995,178394.0,2353.0,0.387897,3.2147919999999996,CHN,HKG,252610
5036665,52,97,5761,1995,0.0,63362.0,-0.30094699999999996,-0.046285,CRI,HKG,252610
5036666,61,97,5761,1995,0.0,10753.0,2.325385,-2.2238189999999998,DEU,HKG,252610
5036667,64,97,5761,1995,0.0,3199.0,1.3800270000000001,1.489036,DNK,HKG,252610
5036668,81,97,5761,1995,0.0,5250.0,1.8656979999999999,1.107121,GBR,HKG,252610
5036669,103,97,5761,1995,0.0,32791.0,-0.391727,1.174727,IDN,HKG,252610
5036670,110,97,5761,1995,0.0,3871.0,1.205368,1.189434,ISR,HKG,252610
5036671,153,97,5761,1995,0.0,65554.0,0.357745,0.374284,MYS,HKG,252610
5036672,174,97,5761,1995,0.0,44737.0,-0.480548,0.076564,PHL,HKG,252610
5036673,188,97,5761,1995,0.0,26395.0,0.401573,-0.6676529999999999,SAU,HKG,252610
5036674,216,97,5761,1995,0.0,46996.0,0.174522,1.608058,THA,HKG,252610
5036675,231,97,5761,1995,23648.0,671849.0,1.771648,1.184,USA,HKG,252610
5036676,246,97,5761,1995,0.0,3034.0,0.468112,1.039817,ZAF,HKG,252610
5036677,52,99,5761,1995,2572.0,0.0,-0.30094699999999996,-0.046285,CRI,HND,252610
5036678,231,99,5761,1995,1427.0,0.0,1.771648,1.184,USA,HND,252610
5036679,162,106,5761,1995,2365.0,0.0,1.304391,1.8819119999999998,NLD,IRL,252610
5036680,97,110,5761,1995,3871.0,0.0,0.5244449999999999,2.682738,HKG,ISR,252610
5036681,15,111,5761,1995,0.0,1894154.0,2.000295,0.661255,AUT,ITA,252610
5036682,18,111,5761,1995,55315.0,188637.0,1.615588,1.394102,BEL,ITA,252610
5036683,32,111,5761,1995,0.0,3582.0,0.687171,1.188647,BRA,ITA,252610
5036684,41,111,5761,1995,1652.0,11018.0,2.1893029999999998,0.82765,CHE,ITA,252610
5036685,43,111,5761,1995,883224.0,0.0,0.387897,3.2147919999999996,CHN,ITA,252610
5036686,49,111,5761,1995,0.0,21692.0,0.094335,0.13047999999999998,COL,ITA,252610
5036687,71,111,5761,1995,29267.0,0.0,1.144247,1.933844,ESP,ITA,252610
5036688,77,111,5761,1995,17171.0,0.0,1.768484,0.765537,FRA,ITA,252610
5036689,90,111,5761,1995,0.0,6858.0,0.17369,0.885756,GRC,ITA,252610
5036690,103,111,5761,1995,0.0,181424.0,-0.391727,1.174727,IDN,ITA,252610
5036691,162,111,5761,1995,0.0,28856.0,1.304391,1.8819119999999998,NLD,ITA,252610
5036692,173,111,5761,1995,0.0,5755.0,-0.263859,-0.21032800000000001,PER,ITA,252610
5036693,188,111,5761,1995,0.0,4303.0,0.401573,-0.6676529999999999,SAU,ITA,252610
5036694,223,111,5761,1995,0.0,5268.0,-0.253792,-0.044331,TUN,ITA,252610
5036695,224,111,5761,1995,0.0,12248.0,0.166794,1.209066,TUR,ITA,252610
5036696,231,111,5761,1995,26224.0,17600.0,1.771648,1.184,USA,ITA,252610
5036697,246,111,5761,1995,0.0,47134.0,0.468112,1.039817,ZAF,ITA,252610
5036698,14,121,5761,1995,19633.0,0.0,0.44442,0.789292,AUS,KOR,252610
5036699,32,121,5761,1995,2391.0,0.0,0.687171,1.188647,BRA,KOR,252610
5036700,43,121,5761,1995,5495527.0,0.0,0.387897,3.2147919999999996,CHN,KOR,252610
5036701,103,121,5761,1995,0.0,11248.0,-0.391727,1.174727,IDN,KOR,252610
5036702,114,121,5761,1995,3668.0,100649.0,2.56822,0.927307,JPN,KOR,252610
5036703,174,121,5761,1995,15542.0,0.0,-0.480548,0.076564,PHL,KOR,252610
5036704,231,121,5761,1995,130343.0,0.0,1.771648,1.184,USA,KOR,252610
5036705,250,121,5761,1995,84457.0,0.0,1.034518,0.9735149999999999,ANS,KOR,252610
5036706,14,138,5761,1995,168866.0,0.0,0.44442,0.789292,AUS,MEX,252610
5036707,43,138,5761,1995,1207818.0,0.0,0.387897,3.2147919999999996,CHN,MEX,252610
5036708,231,138,5761,1995,1750153.0,1022.0,1.771648,1.184,USA,MEX,252610
5036709,43,153,5761,1995,77285.0,0.0,0.387897,3.2147919999999996,CHN,MYS,252610
5036710,61,153,5761,1995,2819.0,0.0,2.325385,-2.2238189999999998,DEU,MYS,252610
5036711,97,153,5761,1995,65554.0,0.0,0.5244449999999999,2.682738,HKG,MYS,252610
5036712,103,153,5761,1995,2194.0,0.0,-0.391727,1.174727,IDN,MYS,252610
5036713,104,153,5761,1995,6122.0,0.0,0.156183,1.9617380000000002,IND,MYS,252610
5036714,114,153,5761,1995,5414.0,0.0,2.56822,0.927307,JPN,MYS,252610
5036715,163,153,5761,1995,3017.0,0.0,1.019741,0.394241,NOR,MYS,252610
5036716,192,153,5761,1995,13164.0,2803.0,0.747684,0.4745,SGP,MYS,252610
5036717,216,153,5761,1995,3895.0,0.0,0.174522,1.608058,THA,MYS,252610
5036718,6,162,5761,1995,0.0,1250.0,-0.020759,-0.653863,ANT,NLD,252610
5036719,14,162,5761,1995,3566140.0,10623.0,0.44442,0.789292,AUS,NLD,252610
5036720,18,162,5761,1995,19844.0,3306.0,1.615588,1.394102,BEL,NLD,252610
5036721,23,162,5761,1995,0.0,3395.0,0.436138,1.086561,BGR,NLD,252610
5036722,31,162,5761,1995,0.0,1973.0,-0.440583,-0.688389,BOL,NLD,252610
5036723,32,162,5761,1995,33171.0,0.0,0.687171,1.188647,BRA,NLD,252610
5036724,43,162,5761,1995,362596.0,0.0,0.387897,3.2147919999999996,CHN,NLD,252610
5036725,52,162,5761,1995,0.0,2201.0,-0.30094699999999996,-0.046285,CRI,NLD,252610
5036726,59,162,5761,1995,0.0,98401.0,1.375091,1.628069,CZE,NLD,252610
5036727,61,162,5761,1995,188050.0,1065173.0,2.325385,-2.2238189999999998,DEU,NLD,252610
5036728,68,162,5761,1995,501620.0,0.0,-0.340042,-0.085601,EGY,NLD,252610
5036729,71,162,5761,1995,0.0,3039.0,1.144247,1.933844,ESP,NLD,252610
5036730,74,162,5761,1995,7845.0,22792.0,2.0085740000000003,1.126816,FIN,NLD,252610
5036731,77,162,5761,1995,4547.0,0.0,1.768484,0.765537,FRA,NLD,252610
5036732,81,162,5761,1995,64861.0,180415.0,1.8656979999999999,1.107121,GBR,NLD,252610
5036733,90,162,5761,1995,0.0,62970.0,0.17369,0.885756,GRC,NLD,252610
5036734,104,162,5761,1995,17268.0,0.0,0.156183,1.9617380000000002,IND,NLD,252610
5036735,106,162,5761,1995,0.0,2365.0,1.349192,0.992099,IRL,NLD,252610
5036736,111,162,5761,1995,28856.0,0.0,1.503379,1.449094,ITA,NLD,252610
5036737,192,162,5761,1995,0.0,6459.0,0.747684,0.4745,SGP,NLD,252610
5036738,208,162,5761,1995,0.0,5227.0,2.246997,1.060171,SWE,NLD,252610
5036739,231,162,5761,1995,0.0,8038.0,1.771648,1.184,USA,NLD,252610
5036740,15,163,5761,1995,4503.0,59601.0,2.000295,0.661255,AUT,NOR,252610
5036741,18,163,5761,1995,16845.0,14590.0,1.615588,1.394102,BEL,NOR,252610
5036742,41,163,5761,1995,0.0,180922.0,2.1893029999999998,0.82765,CHE,NOR,252610
5036743,61,163,5761,1995,0.0,11824.0,2.325385,-2.2238189999999998,DEU,NOR,252610
5036744,64,163,5761,1995,0.0,530661.0,1.3800270000000001,1.489036,DNK,NOR,252610
5036745,68,163,5761,1995,0.0,4620.0,-0.340042,-0.085601,EGY,NOR,252610
5036746,74,163,5761,1995,42614.0,0.0,2.0085740000000003,1.126816,FIN,NOR,252610
5036747,81,163,5761,1995,0.0,12942.0,1.8656979999999999,1.107121,GBR,NOR,252610
5036748,104,163,5761,1995,10476.0,0.0,0.156183,1.9617380000000002,IND,NOR,252610
5036749,113,163,5761,1995,0.0,12621.0,0.666542,0.326785,JOR,NOR,252610
5036750,153,163,5761,1995,0.0,3017.0,0.357745,0.374284,MYS,NOR,252610
5036751,173,163,5761,1995,0.0,2303.0,-0.263859,-0.21032800000000001,PER,NOR,252610
5036752,208,163,5761,1995,29399.0,0.0,2.246997,1.060171,SWE,NOR,252610
5036753,52,169,5761,1995,1242.0,0.0,-0.30094699999999996,-0.046285,CRI,PAN,252610
5036754,15,173,5761,1995,9087.0,0.0,2.000295,0.661255,AUT,PER,252610
5036755,61,173,5761,1995,1098.0,0.0,2.325385,-2.2238189999999998,DEU,PER,252610
5036756,67,173,5761,1995,0.0,9529.0,-0.948154,-0.9595790000000001,ECU,PER,252610
5036757,111,173,5761,1995,5755.0,0.0,1.503379,1.449094,ITA,PER,252610
5036758,163,173,5761,1995,2303.0,0.0,1.019741,0.394241,NOR,PER,252610
5036759,231,173,5761,1995,10401.0,0.0,1.771648,1.184,USA,PER,252610
5036760,61,177,5761,1995,5056.0,0.0,2.325385,-2.2238189999999998,DEU,POL,252610
5036761,208,177,5761,1995,3008.0,0.0,2.246997,1.060171,SWE,POL,252610
5036762,71,179,5761,1995,117241.0,0.0,1.144247,1.933844,ESP,PRT,252610
5036763,77,179,5761,1995,109717.0,0.0,1.768484,0.765537,FRA,PRT,252610
5036764,43,216,5761,1995,263645.0,0.0,0.387897,3.2147919999999996,CHN,THA,252610
5036765,61,216,5761,1995,6807.0,0.0,2.325385,-2.2238189999999998,DEU,THA,252610
5036766,97,216,5761,1995,46996.0,0.0,0.5244449999999999,2.682738,HKG,THA,252610
5036767,153,216,5761,1995,0.0,3895.0,0.357745,0.374284,MYS,THA,252610
5036768,168,216,5761,1995,4191.0,0.0,-0.707965,-0.324784,PAK,THA,252610
5036769,192,216,5761,1995,0.0,26422.0,0.747684,0.4745,SGP,THA,252610
5036770,231,216,5761,1995,49042.0,0.0,1.771648,1.184,USA,THA,252610
5036771,39,222,5761,1995,4584.0,0.0,1.077804,1.0724200000000002,CAN,TTO,252610
5036772,7,231,5761,1995,0.0,6897.0,-0.205166,-0.6132380000000001,ARE,USA,252610
5036773,14,231,5761,1995,822373.0,2947.0,0.44442,0.789292,AUS,USA,252610
5036774,29,231,5761,1995,0.0,982.0,0.019916999999999997,-0.570529,BLZ,USA,252610
5036775,32,231,5761,1995,0.0,190188.0,0.687171,1.188647,BRA,USA,252610
5036776,39,231,5761,1995,75391.0,126573.0,1.077804,1.0724200000000002,CAN,USA,252610
5036777,41,231,5761,1995,0.0,1314.0,2.1893029999999998,0.82765,CHE,USA,252610
5036778,43,231,5761,1995,4557757.0,0.0,0.387897,3.2147919999999996,CHN,USA,252610
5036779,49,231,5761,1995,0.0,119201.0,0.094335,0.13047999999999998,COL,USA,252610
5036780,52,231,5761,1995,0.0,174285.0,-0.30094699999999996,-0.046285,CRI,USA,252610
5036781,61,231,5761,1995,0.0,31900.0,2.325385,-2.2238189999999998,DEU,USA,252610
5036782,63,231,5761,1995,0.0,719.0,0.803902,0.307064,DMA,USA,252610
5036783,67,231,5761,1995,0.0,11049.0,-0.948154,-0.9595790000000001,ECU,USA,252610
5036784,77,231,5761,1995,678874.0,0.0,1.768484,0.765537,FRA,USA,252610
5036785,81,231,5761,1995,0.0,88952.0,1.8656979999999999,1.107121,GBR,USA,252610
5036786,97,231,5761,1995,671849.0,23648.0,0.5244449999999999,2.682738,HKG,USA,252610
5036787,99,231,5761,1995,0.0,1427.0,-0.765536,-0.668834,HND,USA,252610
5036788,101,231,5761,1995,0.0,7290.0,-0.761827,-0.6020310000000001,HTI,USA,252610
5036789,103,231,5761,1995,0.0,38895.0,-0.391727,1.174727,IDN,USA,252610
5036790,104,231,5761,1995,27229.0,0.0,0.156183,1.9617380000000002,IND,USA,252610
5036791,111,231,5761,1995,17600.0,26224.0,1.503379,1.449094,ITA,USA,252610
5036792,114,231,5761,1995,0.0,471496.0,2.56822,0.927307,JPN,USA,252610
5036793,121,231,5761,1995,0.0,130343.0,0.845175,1.2761799999999999,KOR,USA,252610
5036794,138,231,5761,1995,1022.0,1750153.0,0.6414300000000001,0.9697520000000001,MEX,USA,252610
5036795,160,231,5761,1995,0.0,4362.0,-0.395096,-0.559934,NIC,USA,252610
5036796,162,231,5761,1995,8038.0,0.0,1.304391,1.8819119999999998,NLD,USA,252610
5036797,166,231,5761,1995,0.0,23180.0,0.5558270000000001,0.773271,NZL,USA,252610
5036798,173,231,5761,1995,0.0,10401.0,-0.263859,-0.21032800000000001,PER,USA,252610
5036799,174,231,5761,1995,0.0,8453.0,-0.480548,0.076564,PHL,USA,252610
5036800,183,231,5761,1995,0.0,6857.0,-0.721352,-1.0827799999999999,QAT,USA,252610
5036801,188,231,5761,1995,0.0,13643.0,0.401573,-0.6676529999999999,SAU,USA,252610
5036802,192,231,5761,1995,0.0,10090.0,0.747684,0.4745,SGP,USA,252610
5036803,197,231,5761,1995,0.0,95520.0,-0.17119600000000001,0.027889999999999998,SLV,USA,252610
5036804,216,231,5761,1995,0.0,49042.0,0.174522,1.608058,THA,USA,252610
5036805,230,231,5761,1995,0.0,25850.0,0.45133900000000005,0.50831,URY,USA,252610
5036806,236,231,5761,1995,0.0,326995.0,0.299294,-0.635474,VEN,USA,252610
5036807,246,231,5761,1995,0.0,1502.0,0.468112,1.039817,ZAF,USA,252610
5036808,8,14,5761,1995,0.0,38643.0,0.245885,0.5489850000000001,ARG,AUS,252610
5036809,18,14,5761,1995,0.0,789824.0,1.615588,1.394102,BEL,AUS,252610
5036810,43,14,5761,1995,2731.0,0.0,0.387897,3.2147919999999996,CHN,AUS,252610
5036811,59,14,5761,1995,0.0,65917.0,1.375091,1.628069,CZE,AUS,252610
5036812,61,14,5761,1995,0.0,90196.0,2.325385,-2.2238189999999998,DEU,AUS,252610
5036813,81,14,5761,1995,0.0,126460.0,1.8656979999999999,1.107121,GBR,AUS,252610
5036814,103,14,5761,1995,0.0,1036.0,-0.391727,1.174727,IDN,AUS,252610
5036815,114,14,5761,1995,0.0,4869845.0,2.56822,0.927307,JPN,AUS,252610
5036816,121,14,5761,1995,0.0,19633.0,0.845175,1.2761799999999999,KOR,AUS,252610
5036817,138,14,5761,1995,0.0,168866.0,0.6414300000000001,0.9697520000000001,MEX,AUS,252610
5036818,162,14,5761,1995,10623.0,3566140.0,1.304391,1.8819119999999998,NLD,AUS,252610
5036819,224,14,5761,1995,0.0,13087.0,0.166794,1.209066,TUR,AUS,252610
5036820,231,14,5761,1995,2947.0,822373.0,1.771648,1.184,USA,AUS,252610
5036821,236,14,5761,1995,0.0,151202.0,0.299294,-0.635474,VEN,AUS,252610
5036822,246,14,5761,1995,0.0,3243.0,0.468112,1.039817,ZAF,AUS,252610
5036823,43,22,5761,1995,11834.0,0.0,0.387897,3.2147919999999996,CHN,BGD,252610
5036824,104,22,5761,1995,81827.0,0.0,0.156183,1.9617380000000002,IND,BGD,252610
5036825,114,22,5761,1995,10393.0,0.0,2.56822,0.927307,JPN,BGD,252610
5036826,168,22,5761,1995,11086.0,0.0,-0.707965,-0.324784,PAK,BGD,252610
5036827,250,22,5761,1995,1765.0,0.0,1.034518,0.9735149999999999,ANS,BGD,252610
5036828,32,39,5761,1995,14459.0,0.0,0.687171,1.188647,BRA,CAN,252610
5036829,43,39,5761,1995,8398.0,0.0,0.387897,3.2147919999999996,CHN,CAN,252610
5036830,74,39,5761,1995,7465.0,0.0,2.0085740000000003,1.126816,FIN,CAN,252610
5036831,77,39,5761,1995,4466.0,0.0,1.768484,0.765537,FRA,CAN,252610
5036832,81,39,5761,1995,6012.0,3486.0,1.8656979999999999,1.107121,GBR,CAN,252610
5036833,97,39,5761,1995,41333.0,0.0,0.5244449999999999,2.682738,HKG,CAN,252610
5036834,114,39,5761,1995,0.0,11388.0,2.56822,0.927307,JPN,CAN,252610
5036835,188,39,5761,1995,0.0,14259.0,0.401573,-0.6676529999999999,SAU,CAN,252610
5036836,222,39,5761,1995,0.0,4584.0,0.254658,-0.496058,TTO,CAN,252610
5036837,231,39,5761,1995,126573.0,75391.0,1.771648,1.184,USA,CAN,252610
5036838,246,39,5761,1995,3345.0,0.0,0.468112,1.039817,ZAF,CAN,252610
5036839,15,41,5761,1995,21222.0,0.0,2.000295,0.661255,AUT,CHE,252610
5036840,32,41,5761,1995,5228.0,0.0,0.687171,1.188647,BRA,CHE,252610
5036841,61,41,5761,1995,43904.0,8220.0,2.325385,-2.2238189999999998,DEU,CHE,252610
5036842,64,41,5761,1995,2672.0,0.0,1.3800270000000001,1.489036,DNK,CHE,252610
5036843,67,41,5761,1995,0.0,1815.0,-0.948154,-0.9595790000000001,ECU,CHE,252610
5036844,74,41,5761,1995,199139.0,0.0,2.0085740000000003,1.126816,FIN,CHE,252610
5036845,77,41,5761,1995,17636.0,6479.0,1.768484,0.765537,FRA,CHE,252610
5036846,104,41,5761,1995,8473.0,0.0,0.156183,1.9617380000000002,IND,CHE,252610
5036847,111,41,5761,1995,11018.0,1652.0,1.503379,1.449094,ITA,CHE,252610
5036848,163,41,5761,1995,180922.0,0.0,1.019741,0.394241,NOR,CHE,252610
5036849,224,41,5761,1995,0.0,2530.0,0.166794,1.209066,TUR,CHE,252610
5036850,231,41,5761,1995,1314.0,0.0,1.771648,1.184,USA,CHE,252610
5036851,15,42,5761,1995,0.0,2324.0,2.000295,0.661255,AUT,CHL,252610
5036852,32,42,5761,1995,17644.0,0.0,0.687171,1.188647,BRA,CHL,252610
5036853,104,42,5761,1995,4522.0,0.0,0.156183,1.9617380000000002,IND,CHL,252610
5036854,14,59,5761,1995,65917.0,0.0,0.44442,0.789292,AUS,CZE,252610
5036855,61,59,5761,1995,995.0,38671.0,2.325385,-2.2238189999999998,DEU,CZE,252610
5036856,162,59,5761,1995,98401.0,0.0,1.304391,1.8819119999999998,NLD,CZE,252610
5036857,206,59,5761,1995,5842.0,0.0,1.2249780000000001,1.405585,SVK,CZE,252610
5036858,208,59,5761,1995,11586.0,0.0,2.246997,1.060171,SWE,CZE,252610
5036859,71,68,5761,1995,0.0,23017.0,1.144247,1.933844,ESP,EGY,252610
5036860,90,68,5761,1995,0.0,59393.0,0.17369,0.885756,GRC,EGY,252610
5036861,113,68,5761,1995,0.0,6991.0,0.666542,0.326785,JOR,EGY,252610
5036862,162,68,5761,1995,0.0,501620.0,1.304391,1.8819119999999998,NLD,EGY,252610
5036863,163,68,5761,1995,4620.0,0.0,1.019741,0.394241,NOR,EGY,252610
5036864,223,68,5761,1995,0.0,1890.0,-0.253792,-0.044331,TUN,EGY,252610
5036865,224,68,5761,1995,0.0,3148.0,0.166794,1.209066,TUR,EGY,252610
5036866,228,72,5761,1995,0.0,1059.0,0.428875,0.20489899999999997,UKR,EST,252610
5036867,14,103,5761,1995,1036.0,0.0,0.44442,0.789292,AUS,IDN,252610
5036868,43,103,5761,1995,13676.0,0.0,0.387897,3.2147919999999996,CHN,IDN,252610
5036869,61,103,5761,1995,3230.0,0.0,2.325385,-2.2238189999999998,DEU,IDN,252610
5036870,97,103,5761,1995,32791.0,0.0,0.5244449999999999,2.682738,HKG,IDN,252610
5036871,111,103,5761,1995,181424.0,0.0,1.503379,1.449094,ITA,IDN,252610
5036872,114,103,5761,1995,137835.0,0.0,2.56822,0.927307,JPN,IDN,252610
5036873,121,103,5761,1995,11248.0,0.0,0.845175,1.2761799999999999,KOR,IDN,252610
5036874,153,103,5761,1995,0.0,2194.0,0.357745,0.374284,MYS,IDN,252610
5036875,167,103,5761,1995,0.0,1791.0,-0.328853,-0.946069,OMN,IDN,252610
5036876,231,103,5761,1995,38895.0,0.0,1.771648,1.184,USA,IDN,252610
5036877,7,104,5761,1995,0.0,20597.0,-0.205166,-0.6132380000000001,ARE,IND,252610
5036878,18,104,5761,1995,2147.0,0.0,1.615588,1.394102,BEL,IND,252610
5036879,22,104,5761,1995,0.0,81827.0,-1.037175,-0.983195,BGD,IND,252610
5036880,24,104,5761,1995,0.0,2685.0,-0.239166,-0.8627950000000001,BHR,IND,252610
5036881,41,104,5761,1995,0.0,8473.0,2.1893029999999998,0.82765,CHE,IND,252610
5036882,42,104,5761,1995,0.0,4522.0,-0.073436,-0.192675,CHL,IND,252610
5036883,43,104,5761,1995,0.0,2026.0,0.387897,3.2147919999999996,CHN,IND,252610
5036884,61,104,5761,1995,0.0,25781.0,2.325385,-2.2238189999999998,DEU,IND,252610
5036885,114,104,5761,1995,0.0,35310.0,2.56822,0.927307,JPN,IND,252610
5036886,128,104,5761,1995,0.0,3274.0,-0.8358030000000001,-0.29397199999999996,LKA,IND,252610
5036887,153,104,5761,1995,0.0,6122.0,0.357745,0.374284,MYS,IND,252610
5036888,162,104,5761,1995,0.0,17268.0,1.304391,1.8819119999999998,NLD,IND,252610
5036889,163,104,5761,1995,0.0,10476.0,1.019741,0.394241,NOR,IND,252610
5036890,164,104,5761,1995,0.0,3356.0,-0.779984,-0.7621479999999999,NPL,IND,252610
5036891,185,104,5761,1995,0.0,2619.0,0.621468,1.038729,ROU,IND,252610
5036892,188,104,5761,1995,0.0,2616.0,0.401573,-0.6676529999999999,SAU,IND,252610
5036893,192,104,5761,1995,0.0,26376.0,0.747684,0.4745,SGP,IND,252610
5036894,231,104,5761,1995,0.0,27229.0,1.771648,1.184,USA,IND,252610
5036895,68,113,5761,1995,6991.0,0.0,-0.340042,-0.085601,EGY,JOR,252610
5036896,163,113,5761,1995,12621.0,0.0,1.019741,0.394241,NOR,JOR,252610
5036897,14,114,5761,1995,4869845.0,0.0,0.44442,0.789292,AUS,JPN,252610
5036898,18,114,5761,1995,0.0,44358.0,1.615588,1.394102,BEL,JPN,252610
5036899,22,114,5761,1995,0.0,10393.0,-1.037175,-0.983195,BGD,JPN,252610
5036900,39,114,5761,1995,11388.0,0.0,1.077804,1.0724200000000002,CAN,JPN,252610
5036901,43,114,5761,1995,26520094.0,4640.0,0.387897,3.2147919999999996,CHN,JPN,252610
5036902,71,114,5761,1995,14838.0,0.0,1.144247,1.933844,ESP,JPN,252610
5036903,103,114,5761,1995,0.0,137835.0,-0.391727,1.174727,IDN,JPN,252610
5036904,104,114,5761,1995,35310.0,0.0,0.156183,1.9617380000000002,IND,JPN,252610
5036905,121,114,5761,1995,100649.0,3668.0,0.845175,1.2761799999999999,KOR,JPN,252610
5036906,153,114,5761,1995,0.0,5414.0,0.357745,0.374284,MYS,JPN,252610
5036907,178,114,5761,1995,63500.0,0.0,0.46509799999999996,0.645496,PRK,JPN,252610
5036908,192,114,5761,1995,0.0,3921.0,0.747684,0.4745,SGP,JPN,252610
5036909,231,114,5761,1995,471496.0,0.0,1.771648,1.184,USA,JPN,252610
5036910,249,114,5761,1995,2200.0,0.0,1.345205,1.9337389999999999,TWN,JPN,252610
5036911,52,166,5761,1995,0.0,2759.0,-0.30094699999999996,-0.046285,CRI,NZL,252610
5036912,231,166,5761,1995,23180.0,0.0,1.771648,1.184,USA,NZL,252610
5036913,103,167,5761,1995,1791.0,0.0,-0.391727,1.174727,IDN,OMN,252610
5036914,61,185,5761,1995,58622.0,0.0,2.325385,-2.2238189999999998,DEU,ROU,252610
5036915,104,185,5761,1995,2619.0,0.0,0.156183,1.9617380000000002,IND,ROU,252610
5036916,18,188,5761,1995,10242.0,0.0,1.615588,1.394102,BEL,SAU,252610
5036917,24,188,5761,1995,0.0,2080.0,-0.239166,-0.8627950000000001,BHR,SAU,252610
5036918,39,188,5761,1995,14259.0,0.0,1.077804,1.0724200000000002,CAN,SAU,252610
5036919,43,188,5761,1995,13820.0,0.0,0.387897,3.2147919999999996,CHN,SAU,252610
5036920,71,188,5761,1995,8060.0,0.0,1.144247,1.933844,ESP,SAU,252610
5036921,74,188,5761,1995,42126.0,0.0,2.0085740000000003,1.126816,FIN,SAU,252610
5036922,77,188,5761,1995,29095.0,0.0,1.768484,0.765537,FRA,SAU,252610
5036923,81,188,5761,1995,1180.0,0.0,1.8656979999999999,1.107121,GBR,SAU,252610
5036924,97,188,5761,1995,26395.0,0.0,0.5244449999999999,2.682738,HKG,SAU,252610
5036925,104,188,5761,1995,2616.0,0.0,0.156183,1.9617380000000002,IND,SAU,252610
5036926,111,188,5761,1995,4303.0,0.0,1.503379,1.449094,ITA,SAU,252610
5036927,122,188,5761,1995,0.0,1068.0,-0.226273,-1.02354,KWT,SAU,252610
5036928,231,188,5761,1995,13643.0,0.0,1.771648,1.184,USA,SAU,252610
5036929,43,192,5761,1995,6526.0,0.0,0.387897,3.2147919999999996,CHN,SGP,252610
5036930,61,192,5761,1995,71606.0,0.0,2.325385,-2.2238189999999998,DEU,SGP,252610
5036931,81,192,5761,1995,21355.0,0.0,1.8656979999999999,1.107121,GBR,SGP,252610
5036932,104,192,5761,1995,26376.0,0.0,0.156183,1.9617380000000002,IND,SGP,252610
5036933,114,192,5761,1995,3921.0,0.0,2.56822,0.927307,JPN,SGP,252610
5036934,153,192,5761,1995,2803.0,13164.0,0.357745,0.374284,MYS,SGP,252610
5036935,162,192,5761,1995,6459.0,0.0,1.304391,1.8819119999999998,NLD,SGP,252610
5036936,216,192,5761,1995,26422.0,0.0,0.174522,1.608058,THA,SGP,252610
5036937,231,192,5761,1995,10090.0,0.0,1.771648,1.184,USA,SGP,252610
5036938,59,206,5761,1995,0.0,5842.0,1.375091,1.628069,CZE,SVK,252610
5036939,61,207,5761,1995,966.0,0.0,2.325385,-2.2238189999999998,DEU,SVN,252610
5036940,18,208,5761,1995,80337.0,0.0,1.615588,1.394102,BEL,SWE,252610
5036941,59,208,5761,1995,0.0,11586.0,1.375091,1.628069,CZE,SWE,252610
5036942,61,208,5761,1995,3722.0,302271.0,2.325385,-2.2238189999999998,DEU,SWE,252610
5036943,64,208,5761,1995,4357.0,161241.0,1.3800270000000001,1.489036,DNK,SWE,252610
5036944,77,208,5761,1995,132770.0,0.0,1.768484,0.765537,FRA,SWE,252610
5036945,162,208,5761,1995,5227.0,0.0,1.304391,1.8819119999999998,NLD,SWE,252610
5036946,163,208,5761,1995,0.0,29399.0,1.019741,0.394241,NOR,SWE,252610
5036947,177,208,5761,1995,0.0,3008.0,0.76393,1.802648,POL,SWE,252610
5036948,14,224,5761,1995,13087.0,0.0,0.44442,0.789292,AUS,TUR,252610
5036949,41,224,5761,1995,2530.0,0.0,2.1893029999999998,0.82765,CHE,TUR,252610
5036950,61,224,5761,1995,0.0,6930.0,2.325385,-2.2238189999999998,DEU,TUR,252610
5036951,68,224,5761,1995,3148.0,0.0,-0.340042,-0.085601,EGY,TUR,252610
5036952,111,224,5761,1995,12248.0,0.0,1.503379,1.449094,ITA,TUR,252610
5036953,219,224,5761,1995,0.0,2045.0,-0.882984,-1.088854,TKM,TUR,252610
5036954,14,246,5761,1995,3243.0,0.0,0.44442,0.789292,AUS,ZAF,252610
5036955,18,246,5761,1995,0.0,21457.0,1.615588,1.394102,BEL,ZAF,252610
5036956,39,246,5761,1995,0.0,3345.0,1.077804,1.0724200000000002,CAN,ZAF,252610
5036957,61,246,5761,1995,0.0,1424506.0,2.325385,-2.2238189999999998,DEU,ZAF,252610
5036958,97,246,5761,1995,3034.0,0.0,0.5244449999999999,2.682738,HKG,ZAF,252610
5036959,111,246,5761,1995,47134.0,0.0,1.503379,1.449094,ITA,ZAF,252610
5036960,211,246,5761,1995,0.0,1624.0,-0.103343,-0.57371,SYC,ZAF,252610
5036961,231,246,5761,1995,1502.0,0.0,1.771648,1.184,USA,ZAF,252610
5036962,247,246,5761,1995,2404.0,2544.0,-0.214763,-0.721675,ZMB,ZAF,252610
5036963,248,246,5761,1995,2821.0,3088.0,-0.054752999999999996,0.326737,ZWE,ZAF,252610
5036964,14,8,5761,1995,38643.0,0.0,0.44442,0.789292,AUS,ARG,252610
5036965,32,8,5761,1995,26988.0,0.0,0.687171,1.188647,BRA,ARG,252610
5036966,77,44,5761,1995,3154.0,0.0,1.768484,0.765537,FRA,CIV,252610
5036967,77,45,5761,1995,4601.0,0.0,1.768484,0.765537,FRA,CMR,252610
5036968,15,90,5761,1995,4842.0,0.0,2.000295,0.661255,AUT,GRC,252610
5036969,61,90,5761,1995,14269.0,0.0,2.325385,-2.2238189999999998,DEU,GRC,252610
5036970,68,90,5761,1995,59393.0,0.0,-0.340042,-0.085601,EGY,GRC,252610
5036971,71,90,5761,1995,5652.0,0.0,1.144247,1.933844,ESP,GRC,252610
5036972,74,90,5761,1995,6538.0,0.0,2.0085740000000003,1.126816,FIN,GRC,252610
5036973,111,90,5761,1995,6858.0,0.0,1.503379,1.449094,ITA,GRC,252610
5036974,162,90,5761,1995,62970.0,0.0,1.304391,1.8819119999999998,NLD,GRC,252610
5036975,43,102,5761,1995,7077.0,0.0,0.387897,3.2147919999999996,CHN,HUN,252610
5036976,74,102,5761,1995,3497.0,0.0,2.0085740000000003,1.126816,FIN,HUN,252610
5036977,71,134,5761,1995,14301.0,0.0,1.144247,1.933844,ESP,MAR,252610
5036978,77,215,5761,1995,1161.0,0.0,1.768484,0.765537,FRA,TGO,252610
5036979,18,223,5761,1995,1509.0,0.0,1.615588,1.394102,BEL,TUN,252610
5036980,68,223,5761,1995,1890.0,0.0,-0.340042,-0.085601,EGY,TUN,252610
5036981,71,223,5761,1995,17933.0,0.0,1.144247,1.933844,ESP,TUN,252610
5036982,77,223,5761,1995,83102.0,0.0,1.768484,0.765537,FRA,TUN,252610
5036983,111,223,5761,1995,5268.0,0.0,1.503379,1.449094,ITA,TUN,252610
5036984,32,230,5761,1995,5885.0,11805.0,0.687171,1.188647,BRA,URY,252610
5036985,231,230,5761,1995,25850.0,0.0,1.771648,1.184,USA,URY,252610
5036986,246,247,5761,1995,2544.0,2404.0,0.468112,1.039817,ZAF,ZMB,252610
5036987,248,247,5761,1995,1952.0,0.0,-0.054752999999999996,0.326737,ZWE,ZMB,252610
5036988,246,248,5761,1995,3088.0,2821.0,0.468112,1.039817,ZAF,ZWE,252610
5036989,247,248,5761,1995,0.0,1952.0,-0.214763,-0.721675,ZMB,ZWE,252610
5036990,14,236,5761,1995,151202.0,0.0,0.44442,0.789292,AUS,VEN,252610
5036991,32,236,5761,1995,5195.0,0.0,0.687171,1.188647,BRA,VEN,252610
5036992,52,236,5761,1995,0.0,78898.0,-0.30094699999999996,-0.046285,CRI,VEN,252610
5036993,231,236,5761,1995,326995.0,0.0,1.771648,1.184,USA,VEN,252610
5036994,77,58,5761,1995,1292.0,0.0,1.768484,0.765537,FRA,CYP,252610
5036995,15,100,5761,1995,1637.0,0.0,2.000295,0.661255,AUT,HRV,252610
5036996,15,140,5761,1995,3354.0,0.0,2.000295,0.661255,AUT,MKD,252610
5036997,231,197,5761,1995,95520.0,0.0,1.771648,1.184,USA,SLV,252610
5036998,41,67,5761,1995,1815.0,0.0,2.1893029999999998,0.82765,CHE,ECU,252610
5036999,173,67,5761,1995,9529.0,0.0,-0.263859,-0.21032800000000001,PER,ECU,252610
5037000,231,67,5761,1995,11049.0,0.0,1.771648,1.184,USA,ECU,252610
5037001,249,67,5761,1995,6717.0,0.0,1.345205,1.9337389999999999,TWN,ECU,252610
5037002,22,168,5761,1995,0.0,11086.0,-1.037175,-0.983195,BGD,PAK,252610
5037003,216,168,5761,1995,0.0,4191.0,0.174522,1.608058,THA,PAK,252610
5037004,97,174,5761,1995,44737.0,0.0,0.5244449999999999,2.682738,HKG,PHL,252610
5037005,121,174,5761,1995,0.0,15542.0,0.845175,1.2761799999999999,KOR,PHL,252610
5037006,231,174,5761,1995,8453.0,0.0,1.771648,1.184,USA,PHL,252610
5037007,77,186,5761,1995,49183.0,0.0,1.768484,0.765537,FRA,RUS,252610
5037008,72,228,5761,1995,1059.0,0.0,0.530041,1.134288,EST,UKR,252610
5037009,43,239,5761,1995,18076.0,0.0,0.387897,3.2147919999999996,CHN,VNM,252610
5037010,43,249,5761,1995,347065.0,1708.0,0.387897,3.2147919999999996,CHN,TWN,252610
5037011,67,249,5761,1995,0.0,6717.0,-0.948154,-0.9595790000000001,ECU,TWN,252610
5037012,114,249,5761,1995,0.0,2200.0,2.56822,0.927307,JPN,TWN,252610
5037013,22,250,5761,1995,0.0,1765.0,-1.037175,-0.983195,BGD,ANS,252610
5037014,121,250,5761,1995,0.0,84457.0,0.845175,1.2761799999999999,KOR,ANS,252610
5037015,231,29,5761,1995,982.0,0.0,1.771648,1.184,USA,BLZ,252610
5037016,162,31,5761,1995,1973.0,0.0,1.304391,1.8819119999999998,NLD,BOL,252610
5037017,231,63,5761,1995,719.0,0.0,1.771648,1.184,USA,DMA,252610
5037018,81,73,5761,1995,2012.0,0.0,1.8656979999999999,1.107121,GBR,ETH,252610
5037019,231,101,5761,1995,7290.0,0.0,1.771648,1.184,USA,HTI,252610
5037020,81,127,5761,1995,2255.0,0.0,1.8656979999999999,1.107121,GBR,LCA,252610
5037021,52,160,5761,1995,1833.0,0.0,-0.30094699999999996,-0.046285,CRI,NIC,252610
5037022,231,160,5761,1995,4362.0,0.0,1.771648,1.184,USA,NIC,252610
5037023,77,85,5761,1995,1939.0,0.0,1.768484,0.765537,FRA,GIN,252610
5037024,61,151,5761,1995,1840.0,0.0,2.325385,-2.2238189999999998,DEU,MUS,252610
5037025,246,211,5761,1995,1624.0,0.0,0.468112,1.039817,ZAF,SYC,252610
5037026,162,6,5761,1995,1250.0,0.0,1.304391,1.8819119999999998,NLD,ANT,252610
5037027,104,7,5761,1995,20597.0,0.0,0.156183,1.9617380000000002,IND,ARE,252610
5037028,231,7,5761,1995,6897.0,0.0,1.771648,1.184,USA,ARE,252610
5037029,162,23,5761,1995,3395.0,0.0,1.304391,1.8819119999999998,NLD,BGR,252610
5037030,104,24,5761,1995,2685.0,0.0,0.156183,1.9617380000000002,IND,BHR,252610
5037031,188,24,5761,1995,2080.0,0.0,0.401573,-0.6676529999999999,SAU,BHR,252610
5037032,77,80,5761,1995,1210.0,0.0,1.768484,0.765537,FRA,GAB,252610
5037033,61,116,5761,1995,0.0,8657.0,2.325385,-2.2238189999999998,DEU,KEN,252610
5037034,188,122,5761,1995,1068.0,0.0,0.401573,-0.6676529999999999,SAU,KWT,252610
5037035,43,128,5761,1995,11554.0,0.0,0.387897,3.2147919999999996,CHN,LKA,252610
5037036,104,128,5761,1995,3274.0,0.0,0.156183,1.9617380000000002,IND,LKA,252610
5037037,104,164,5761,1995,3356.0,0.0,0.156183,1.9617380000000002,IND,NPL,252610
5037038,32,180,5761,1995,3312.0,0.0,0.687171,1.188647,BRA,PRY,252610
5037039,231,183,5761,1995,6857.0,0.0,1.771648,1.184,USA,QAT,252610
5037040,224,219,5761,1995,2045.0,0.0,0.166794,1.209066,TUR,TKM,252610
5037041,114,178,5761,1995,0.0,63500.0,2.56822,0.927307,JPN,PRK,252610
5037042,18,15,5765,1995,143762.0,0.0,1.615588,1.394102,BEL,AUT,252890
5037043,61,15,5765,1995,20311.0,0.0,2.325385,-2.2238189999999998,DEU,AUT,252890
5037044,81,15,5765,1995,9896.0,0.0,1.8656979999999999,1.107121,GBR,AUT,252890
5037045,14,18,5765,1995,0.0,5389.0,0.44442,0.789292,AUS,BEL,252890
5037046,15,18,5765,1995,0.0,143762.0,2.000295,0.661255,AUT,BEL,252890
5037047,17,18,5765,1995,0.0,1140.0,-1.435347,-0.9015,BDI,BEL,252890
5037048,23,18,5765,1995,0.0,1900.0,0.436138,1.086561,BGR,BEL,252890
5037049,42,18,5765,1995,178696.0,0.0,-0.073436,-0.192675,CHL,BEL,252890
5037050,59,18,5765,1995,0.0,1289041.0,1.375091,1.628069,CZE,BEL,252890
5037051,61,18,5765,1995,1049.0,1222685.0,2.325385,-2.2238189999999998,DEU,BEL,252890
5037052,64,18,5765,1995,0.0,86560.0,1.3800270000000001,1.489036,DNK,BEL,252890
5037053,66,18,5765,1995,0.0,10796.0,-0.555409,-1.037972,DZA,BEL,252890
5037054,77,18,5765,1995,308930.0,26254.0,1.768484,0.765537,FRA,BEL,252890
5037055,80,18,5765,1995,0.0,1669.0,-1.445673,-1.099128,GAB,BEL,252890
5037056,81,18,5765,1995,0.0,116936.0,1.8656979999999999,1.107121,GBR,BEL,252890
5037057,111,18,5765,1995,23638.0,0.0,1.503379,1.449094,ITA,BEL,252890
5037058,121,18,5765,1995,0.0,908.0,0.845175,1.2761799999999999,KOR,BEL,252890
5037059,153,18,5765,1995,0.0,26607.0,0.357745,0.374284,MYS,BEL,252890
5037060,162,18,5765,1995,52683.0,1452882.0,1.304391,1.8819119999999998,NLD,BEL,252890
5037061,174,18,5765,1995,0.0,1902.0,-0.480548,0.076564,PHL,BEL,252890
5037062,188,18,5765,1995,0.0,12488.0,0.401573,-0.6676529999999999,SAU,BEL,252890
5037063,208,18,5765,1995,0.0,61713.0,2.246997,1.060171,SWE,BEL,252890
5037064,216,18,5765,1995,0.0,2270.0,0.174522,1.608058,THA,BEL,252890
5037065,224,18,5765,1995,3732558.0,0.0,0.166794,1.209066,TUR,BEL,252890
5037066,246,18,5765,1995,0.0,93839.0,0.468112,1.039817,ZAF,BEL,252890
5037067,8,32,5765,1995,4718318.0,0.0,0.245885,0.5489850000000001,ARG,BRA,252890
5037068,31,32,5765,1995,1103396.0,0.0,-0.440583,-0.688389,BOL,BRA,252890
5037069,42,32,5765,1995,351934.0,0.0,-0.073436,-0.192675,CHL,BRA,252890
5037070,173,32,5765,1995,1604208.0,0.0,-0.263859,-0.21032800000000001,PER,BRA,252890
5037071,22,43,5765,1995,0.0,16673.0,-1.037175,-0.983195,BGD,CHN,252890
5037072,97,43,5765,1995,832290.0,0.0,0.5244449999999999,2.682738,HKG,CHN,252890
5037073,231,43,5765,1995,16022.0,0.0,1.771648,1.184,USA,CHN,252890
5037074,8,49,5765,1995,7622.0,0.0,0.245885,0.5489850000000001,ARG,COL,252890
5037075,42,49,5765,1995,52408.0,0.0,-0.073436,-0.192675,CHL,COL,252890
5037076,61,49,5765,1995,1364.0,0.0,2.325385,-2.2238189999999998,DEU,COL,252890
5037077,173,49,5765,1995,445461.0,0.0,-0.263859,-0.21032800000000001,PER,COL,252890
5037078,180,49,5765,1995,3026.0,0.0,-0.283544,-0.640898,PRY,COL,252890
5037079,231,49,5765,1995,3302.0,0.0,1.771648,1.184,USA,COL,252890
5037080,173,52,5765,1995,84836.0,0.0,-0.263859,-0.21032800000000001,PER,CRI,252890
5037081,231,52,5765,1995,5427.0,0.0,1.771648,1.184,USA,CRI,252890
5037082,15,61,5765,1995,0.0,20311.0,2.000295,0.661255,AUT,DEU,252890
5037083,18,61,5765,1995,1222685.0,1049.0,1.615588,1.394102,BEL,DEU,252890
5037084,42,61,5765,1995,2807.0,0.0,-0.073436,-0.192675,CHL,DEU,252890
5037085,49,61,5765,1995,0.0,1364.0,0.094335,0.13047999999999998,COL,DEU,252890
5037086,59,61,5765,1995,0.0,64648.0,1.375091,1.628069,CZE,DEU,252890
5037087,68,61,5765,1995,0.0,1894.0,-0.340042,-0.085601,EGY,DEU,252890
5037088,77,61,5765,1995,96504.0,0.0,1.768484,0.765537,FRA,DEU,252890
5037089,81,61,5765,1995,22962.0,0.0,1.8656979999999999,1.107121,GBR,DEU,252890
5037090,103,61,5765,1995,0.0,4991.0,-0.391727,1.174727,IDN,DEU,252890
5037091,111,61,5765,1995,109181.0,0.0,1.503379,1.449094,ITA,DEU,252890
5037092,140,61,5765,1995,0.0,30046.0,0.34174,0.648467,MKD,DEU,252890
5037093,162,61,5765,1995,28185.0,0.0,1.304391,1.8819119999999998,NLD,DEU,252890
5037094,186,61,5765,1995,12987.0,0.0,0.364437,0.171494,RUS,DEU,252890
5037095,216,61,5765,1995,0.0,972.0,0.174522,1.608058,THA,DEU,252890
5037096,224,61,5765,1995,439619.0,0.0,0.166794,1.209066,TUR,DEU,252890
5037097,228,61,5765,1995,0.0,1131.0,0.428875,0.20489899999999997,UKR,DEU,252890
5037098,231,61,5765,1995,11987.0,30489.0,1.771648,1.184,USA,DEU,252890
5037099,246,61,5765,1995,0.0,1099.0,0.468112,1.039817,ZAF,DEU,252890
5037100,248,61,5765,1995,0.0,18086.0,-0.054752999999999996,0.326737,ZWE,DEU,252890
5037101,18,64,5765,1995,86560.0,0.0,1.615588,1.394102,BEL,DNK,252890
5037102,77,64,5765,1995,41082.0,12976.0,1.768484,0.765537,FRA,DNK,252890
5037103,162,64,5765,1995,15347.0,0.0,1.304391,1.8819119999999998,NLD,DNK,252890
5037104,208,64,5765,1995,2664.0,0.0,2.246997,1.060171,SWE,DNK,252890
5037105,8,71,5765,1995,2689230.0,3391.0,0.245885,0.5489850000000001,ARG,ESP,252890
5037106,66,71,5765,1995,0.0,8048.0,-0.555409,-1.037972,DZA,ESP,252890
5037107,77,71,5765,1995,106156.0,27411.0,1.768484,0.765537,FRA,ESP,252890
5037108,104,71,5765,1995,0.0,119842.0,0.156183,1.9617380000000002,IND,ESP,252890
5037109,111,71,5765,1995,4435.0,329025.0,1.503379,1.449094,ITA,ESP,252890
5037110,138,71,5765,1995,0.0,23621.0,0.6414300000000001,0.9697520000000001,MEX,ESP,252890
5037111,179,71,5765,1995,0.0,193067.0,0.412677,1.254009,PRT,ESP,252890
5037112,223,71,5765,1995,0.0,108415.0,-0.253792,-0.044331,TUN,ESP,252890
5037113,224,71,5765,1995,7383379.0,0.0,0.166794,1.209066,TUR,ESP,252890
5037114,236,71,5765,1995,0.0,144893.0,0.299294,-0.635474,VEN,ESP,252890
5037115,132,74,5765,1995,0.0,4049.0,0.25453400000000004,0.174809,LVA,FIN,252890
5037116,208,74,5765,1995,0.0,89055.0,2.246997,1.060171,SWE,FIN,252890
5037117,224,74,5765,1995,1571111.0,0.0,0.166794,1.209066,TUR,FIN,252890
5037118,18,77,5765,1995,26254.0,308930.0,1.615588,1.394102,BEL,FRA,252890
5037119,41,77,5765,1995,0.0,4955.0,2.1893029999999998,0.82765,CHE,FRA,252890
5037120,44,77,5765,1995,0.0,3545.0,-0.781656,-0.74293,CIV,FRA,252890
5037121,59,77,5765,1995,0.0,3287.0,1.375091,1.628069,CZE,FRA,252890
5037122,61,77,5765,1995,0.0,96504.0,2.325385,-2.2238189999999998,DEU,FRA,252890
5037123,64,77,5765,1995,12976.0,41082.0,1.3800270000000001,1.489036,DNK,FRA,252890
5037124,71,77,5765,1995,27411.0,106156.0,1.144247,1.933844,ESP,FRA,252890
5037125,81,77,5765,1995,803536.0,0.0,1.8656979999999999,1.107121,GBR,FRA,252890
5037126,86,77,5765,1995,0.0,2012.0,0.563491,-0.18852,GLP,FRA,252890
5037127,106,77,5765,1995,0.0,1081.0,1.349192,0.992099,IRL,FRA,252890
5037128,111,77,5765,1995,4954374.0,6675.0,1.503379,1.449094,ITA,FRA,252890
5037129,134,77,5765,1995,0.0,8697.0,-0.6481210000000001,-0.22345,MAR,FRA,252890
5037130,141,77,5765,1995,0.0,1615.0,-0.807662,-0.952101,MLI,FRA,252890
5037131,150,77,5765,1995,0.0,2610.0,0.68423,-0.22968200000000003,MTQ,FRA,252890
5037132,162,77,5765,1995,2094.0,23667.0,1.304391,1.8819119999999998,NLD,FRA,252890
5037133,224,77,5765,1995,10802582.0,0.0,0.166794,1.209066,TUR,FRA,252890
5037134,231,77,5765,1995,10645.0,0.0,1.771648,1.184,USA,FRA,252890
5037135,15,81,5765,1995,0.0,9896.0,2.000295,0.661255,AUT,GBR,252890
5037136,18,81,5765,1995,116936.0,0.0,1.615588,1.394102,BEL,GBR,252890
5037137,22,81,5765,1995,0.0,1507.0,-1.037175,-0.983195,BGD,GBR,252890
5037138,39,81,5765,1995,4414.0,0.0,1.077804,1.0724200000000002,CAN,GBR,252890
5037139,61,81,5765,1995,0.0,22962.0,2.325385,-2.2238189999999998,DEU,GBR,252890
5037140,77,81,5765,1995,0.0,803536.0,1.768484,0.765537,FRA,GBR,252890
5037141,97,81,5765,1995,0.0,1605.0,0.5244449999999999,2.682738,HKG,GBR,252890
5037142,103,81,5765,1995,0.0,85756.0,-0.391727,1.174727,IDN,GBR,252890
5037143,106,81,5765,1995,0.0,32333.0,1.349192,0.992099,IRL,GBR,252890
5037144,111,81,5765,1995,9315.0,9809.0,1.503379,1.449094,ITA,GBR,252890
5037145,162,81,5765,1995,0.0,3723.0,1.304391,1.8819119999999998,NLD,GBR,252890
5037146,163,81,5765,1995,0.0,14860.0,1.019741,0.394241,NOR,GBR,252890
5037147,167,81,5765,1995,0.0,4788.0,-0.328853,-0.946069,OMN,GBR,252890
5037148,208,81,5765,1995,0.0,1002.0,2.246997,1.060171,SWE,GBR,252890
5037149,224,81,5765,1995,2258219.0,0.0,0.166794,1.209066,TUR,GBR,252890
5037150,231,81,5765,1995,14053.0,0.0,1.771648,1.184,USA,GBR,252890
5037151,77,86,5765,1995,2012.0,0.0,1.768484,0.765537,FRA,GLP,252890
5037152,42,93,5765,1995,2780.0,0.0,-0.073436,-0.192675,CHL,GTM,252890
5037153,173,93,5765,1995,5900.0,0.0,-0.263859,-0.21032800000000001,PER,GTM,252890
5037154,43,97,5765,1995,0.0,832290.0,0.387897,3.2147919999999996,CHN,HKG,252890
5037155,81,97,5765,1995,1605.0,0.0,1.8656979999999999,1.107121,GBR,HKG,252890
5037156,231,97,5765,1995,1226246.0,0.0,1.771648,1.184,USA,HKG,252890
5037157,173,99,5765,1995,4996.0,0.0,-0.263859,-0.21032800000000001,PER,HND,252890
5037158,77,106,5765,1995,1081.0,0.0,1.768484,0.765537,FRA,IRL,252890
5037159,81,106,5765,1995,32333.0,0.0,1.8656979999999999,1.107121,GBR,IRL,252890
5037160,18,111,5765,1995,0.0,23638.0,1.615588,1.394102,BEL,ITA,252890
5037161,41,111,5765,1995,0.0,12904.0,2.1893029999999998,0.82765,CHE,ITA,252890
5037162,44,111,5765,1995,0.0,1383.0,-0.781656,-0.74293,CIV,ITA,252890
5037163,61,111,5765,1995,0.0,109181.0,2.325385,-2.2238189999999998,DEU,ITA,252890
5037164,71,111,5765,1995,329025.0,4435.0,1.144247,1.933844,ESP,ITA,252890
5037165,77,111,5765,1995,6675.0,4954374.0,1.768484,0.765537,FRA,ITA,252890
5037166,81,111,5765,1995,9809.0,9315.0,1.8656979999999999,1.107121,GBR,ITA,252890
5037167,100,111,5765,1995,0.0,15378.0,0.75325,1.395715,HRV,ITA,252890
5037168,107,111,5765,1995,0.0,166768.0,-0.821991,-1.071013,IRN,ITA,252890
5037169,162,111,5765,1995,1379.0,0.0,1.304391,1.8819119999999998,NLD,ITA,252890
5037170,207,111,5765,1995,0.0,18481.0,1.424606,1.490521,SVN,ITA,252890
5037171,223,111,5765,1995,0.0,17218.0,-0.253792,-0.044331,TUN,ITA,252890
5037172,224,111,5765,1995,19011026.0,0.0,0.166794,1.209066,TUR,ITA,252890
5037173,8,121,5765,1995,68446.0,0.0,0.245885,0.5489850000000001,ARG,KOR,252890
5037174,18,121,5765,1995,908.0,0.0,1.615588,1.394102,BEL,KOR,252890
5037175,41,121,5765,1995,5297.0,0.0,2.1893029999999998,0.82765,CHE,KOR,252890
5037176,42,121,5765,1995,58400.0,0.0,-0.073436,-0.192675,CHL,KOR,252890
5037177,103,121,5765,1995,0.0,1137.0,-0.391727,1.174727,IDN,KOR,252890
5037178,162,121,5765,1995,998.0,0.0,1.304391,1.8819119999999998,NLD,KOR,252890
5037179,224,121,5765,1995,32683.0,0.0,0.166794,1.209066,TUR,KOR,252890
5037180,231,121,5765,1995,3430514.0,0.0,1.771648,1.184,USA,KOR,252890
5037181,71,138,5765,1995,23621.0,0.0,1.144247,1.933844,ESP,MEX,252890
5037182,224,138,5765,1995,127734.0,0.0,0.166794,1.209066,TUR,MEX,252890
5037183,231,138,5765,1995,495813.0,0.0,1.771648,1.184,USA,MEX,252890
5037184,77,150,5765,1995,2610.0,0.0,1.768484,0.765537,FRA,MTQ,252890
5037185,18,153,5765,1995,26607.0,0.0,1.615588,1.394102,BEL,MYS,252890
5037186,42,153,5765,1995,19763.0,0.0,-0.073436,-0.192675,CHL,MYS,252890
5037187,192,153,5765,1995,21145.0,7589.0,0.747684,0.4745,SGP,MYS,252890
5037188,231,153,5765,1995,486460.0,0.0,1.771648,1.184,USA,MYS,252890
5037189,18,162,5765,1995,1452882.0,52683.0,1.615588,1.394102,BEL,NLD,252890
5037190,41,162,5765,1995,0.0,5383.0,2.1893029999999998,0.82765,CHE,NLD,252890
5037191,42,162,5765,1995,11102.0,0.0,-0.073436,-0.192675,CHL,NLD,252890
5037192,61,162,5765,1995,0.0,28185.0,2.325385,-2.2238189999999998,DEU,NLD,252890
5037193,64,162,5765,1995,0.0,15347.0,1.3800270000000001,1.489036,DNK,NLD,252890
5037194,72,162,5765,1995,13934.0,0.0,0.530041,1.134288,EST,NLD,252890
5037195,77,162,5765,1995,23667.0,2094.0,1.768484,0.765537,FRA,NLD,252890
5037196,81,162,5765,1995,3723.0,0.0,1.8656979999999999,1.107121,GBR,NLD,252890
5037197,102,162,5765,1995,20867.0,0.0,0.878711,1.8200060000000002,HUN,NLD,252890
5037198,111,162,5765,1995,0.0,1379.0,1.503379,1.449094,ITA,NLD,252890
5037199,113,162,5765,1995,0.0,9559.0,0.666542,0.326785,JOR,NLD,252890
5037200,121,162,5765,1995,0.0,998.0,0.845175,1.2761799999999999,KOR,NLD,252890
5037201,208,162,5765,1995,0.0,102553.0,2.246997,1.060171,SWE,NLD,252890
5037202,224,162,5765,1995,4053489.0,0.0,0.166794,1.209066,TUR,NLD,252890
5037203,231,162,5765,1995,0.0,116236.0,1.771648,1.184,USA,NLD,252890
5037204,246,162,5765,1995,0.0,1955.0,0.468112,1.039817,ZAF,NLD,252890
5037205,81,163,5765,1995,14860.0,0.0,1.8656979999999999,1.107121,GBR,NOR,252890
5037206,231,163,5765,1995,38386.0,0.0,1.771648,1.184,USA,NOR,252890
5037207,42,169,5765,1995,0.0,1103.0,-0.073436,-0.192675,CHL,PAN,252890
5037208,173,169,5765,1995,13590.0,0.0,-0.263859,-0.21032800000000001,PER,PAN,252890
5037209,231,169,5765,1995,13284.0,0.0,1.771648,1.184,USA,PAN,252890
5037210,14,173,5765,1995,0.0,72298.0,0.44442,0.789292,AUS,PER,252890
5037211,32,173,5765,1995,0.0,1604208.0,0.687171,1.188647,BRA,PER,252890
5037212,49,173,5765,1995,0.0,445461.0,0.094335,0.13047999999999998,COL,PER,252890
5037213,52,173,5765,1995,0.0,84836.0,-0.30094699999999996,-0.046285,CRI,PER,252890
5037214,67,173,5765,1995,0.0,12538.0,-0.948154,-0.9595790000000001,ECU,PER,252890
5037215,93,173,5765,1995,0.0,5900.0,-0.241468,0.170932,GTM,PER,252890
5037216,99,173,5765,1995,0.0,4996.0,-0.765536,-0.668834,HND,PER,252890
5037217,166,173,5765,1995,0.0,8457.0,0.5558270000000001,0.773271,NZL,PER,252890
5037218,169,173,5765,1995,0.0,13590.0,-0.019815,0.050906,PAN,PER,252890
5037219,216,173,5765,1995,0.0,8997.0,0.174522,1.608058,THA,PER,252890
5037220,230,173,5765,1995,0.0,62356.0,0.45133900000000005,0.50831,URY,PER,252890
5037221,231,173,5765,1995,4067.0,0.0,1.771648,1.184,USA,PER,252890
5037222,246,173,5765,1995,0.0,4997.0,0.468112,1.039817,ZAF,PER,252890
5037223,186,177,5765,1995,143514.0,0.0,0.364437,0.171494,RUS,POL,252890
5037224,224,177,5765,1995,438149.0,0.0,0.166794,1.209066,TUR,POL,252890
5037225,250,177,5765,1995,10211.0,0.0,1.034518,0.9735149999999999,ANS,POL,252890
5037226,71,179,5765,1995,193067.0,0.0,1.144247,1.933844,ESP,PRT,252890
5037227,18,216,5765,1995,2270.0,0.0,1.615588,1.394102,BEL,THA,252890
5037228,42,216,5765,1995,3990.0,0.0,-0.073436,-0.192675,CHL,THA,252890
5037229,61,216,5765,1995,972.0,0.0,2.325385,-2.2238189999999998,DEU,THA,252890
5037230,103,216,5765,1995,0.0,5895.0,-0.391727,1.174727,IDN,THA,252890
5037231,173,216,5765,1995,8997.0,0.0,-0.263859,-0.21032800000000001,PER,THA,252890
5037232,231,222,5765,1995,8497.0,0.0,1.771648,1.184,USA,TTO,252890
5037233,8,231,5765,1995,481844.0,54743.0,0.245885,0.5489850000000001,ARG,USA,252890
5037234,14,231,5765,1995,0.0,1125222.0,0.44442,0.789292,AUS,USA,252890
5037235,31,231,5765,1995,37189.0,0.0,-0.440583,-0.688389,BOL,USA,252890
5037236,39,231,5765,1995,22453.0,12990.0,1.077804,1.0724200000000002,CAN,USA,252890
5037237,42,231,5765,1995,700961.0,2922.0,-0.073436,-0.192675,CHL,USA,252890
5037238,43,231,5765,1995,0.0,16022.0,0.387897,3.2147919999999996,CHN,USA,252890
5037239,49,231,5765,1995,0.0,3302.0,0.094335,0.13047999999999998,COL,USA,252890
5037240,52,231,5765,1995,0.0,5427.0,-0.30094699999999996,-0.046285,CRI,USA,252890
5037241,61,231,5765,1995,30489.0,11987.0,2.325385,-2.2238189999999998,DEU,USA,252890
5037242,77,231,5765,1995,0.0,10645.0,1.768484,0.765537,FRA,USA,252890
5037243,81,231,5765,1995,0.0,14053.0,1.8656979999999999,1.107121,GBR,USA,252890
5037244,97,231,5765,1995,0.0,1226246.0,0.5244449999999999,2.682738,HKG,USA,252890
5037245,103,231,5765,1995,0.0,359627.0,-0.391727,1.174727,IDN,USA,252890
5037246,104,231,5765,1995,0.0,46910.0,0.156183,1.9617380000000002,IND,USA,252890
5037247,114,231,5765,1995,0.0,95810.0,2.56822,0.927307,JPN,USA,252890
5037248,121,231,5765,1995,0.0,3430514.0,0.845175,1.2761799999999999,KOR,USA,252890
5037249,128,231,5765,1995,0.0,8916.0,-0.8358030000000001,-0.29397199999999996,LKA,USA,252890
5037250,138,231,5765,1995,0.0,495813.0,0.6414300000000001,0.9697520000000001,MEX,USA,252890
5037251,153,231,5765,1995,0.0,486460.0,0.357745,0.374284,MYS,USA,252890
5037252,162,231,5765,1995,116236.0,0.0,1.304391,1.8819119999999998,NLD,USA,252890
5037253,163,231,5765,1995,0.0,38386.0,1.019741,0.394241,NOR,USA,252890
5037254,167,231,5765,1995,0.0,2326.0,-0.328853,-0.946069,OMN,USA,252890
5037255,169,231,5765,1995,0.0,13284.0,-0.019815,0.050906,PAN,USA,252890
5037256,173,231,5765,1995,0.0,4067.0,-0.263859,-0.21032800000000001,PER,USA,252890
5037257,186,231,5765,1995,23711.0,0.0,0.364437,0.171494,RUS,USA,252890
5037258,192,231,5765,1995,0.0,11664.0,0.747684,0.4745,SGP,USA,252890
5037259,197,231,5765,1995,0.0,1109.0,-0.17119600000000001,0.027889999999999998,SLV,USA,252890
5037260,222,231,5765,1995,0.0,8497.0,0.254658,-0.496058,TTO,USA,252890
5037261,224,231,5765,1995,6565686.0,0.0,0.166794,1.209066,TUR,USA,252890
5037262,230,231,5765,1995,0.0,1915.0,0.45133900000000005,0.50831,URY,USA,252890
5037263,236,231,5765,1995,0.0,40014.0,0.299294,-0.635474,VEN,USA,252890
5037264,246,231,5765,1995,0.0,465852.0,0.468112,1.039817,ZAF,USA,252890
5037265,248,231,5765,1995,0.0,2817.0,-0.054752999999999996,0.326737,ZWE,USA,252890
5037266,249,231,5765,1995,0.0,5635579.0,1.345205,1.9337389999999999,TWN,USA,252890
5037267,8,14,5765,1995,197627.0,0.0,0.245885,0.5489850000000001,ARG,AUS,252890
5037268,18,14,5765,1995,5389.0,0.0,1.615588,1.394102,BEL,AUS,252890
5037269,42,14,5765,1995,8548.0,0.0,-0.073436,-0.192675,CHL,AUS,252890
5037270,173,14,5765,1995,72298.0,0.0,-0.263859,-0.21032800000000001,PER,AUS,252890
5037271,231,14,5765,1995,1125222.0,0.0,1.771648,1.184,USA,AUS,252890
5037272,43,22,5765,1995,16673.0,0.0,0.387897,3.2147919999999996,CHN,BGD,252890
5037273,81,22,5765,1995,1507.0,0.0,1.8656979999999999,1.107121,GBR,BGD,252890
5037274,81,39,5765,1995,0.0,4414.0,1.8656979999999999,1.107121,GBR,CAN,252890
5037275,231,39,5765,1995,12990.0,22453.0,1.771648,1.184,USA,CAN,252890
5037276,8,41,5765,1995,0.0,12685.0,0.245885,0.5489850000000001,ARG,CHE,252890
5037277,59,41,5765,1995,0.0,608474.0,1.375091,1.628069,CZE,CHE,252890
5037278,77,41,5765,1995,4955.0,0.0,1.768484,0.765537,FRA,CHE,252890
5037279,111,41,5765,1995,12904.0,0.0,1.503379,1.449094,ITA,CHE,252890
5037280,114,41,5765,1995,18369.0,0.0,2.56822,0.927307,JPN,CHE,252890
5037281,121,41,5765,1995,0.0,5297.0,0.845175,1.2761799999999999,KOR,CHE,252890
5037282,162,41,5765,1995,5383.0,0.0,1.304391,1.8819119999999998,NLD,CHE,252890
5037283,224,41,5765,1995,261697.0,0.0,0.166794,1.209066,TUR,CHE,252890
5037284,246,41,5765,1995,0.0,3451.0,0.468112,1.039817,ZAF,CHE,252890
5037285,248,41,5765,1995,0.0,5789.0,-0.054752999999999996,0.326737,ZWE,CHE,252890
5037286,8,42,5765,1995,2759.0,1114.0,0.245885,0.5489850000000001,ARG,CHL,252890
5037287,14,42,5765,1995,0.0,8548.0,0.44442,0.789292,AUS,CHL,252890
5037288,18,42,5765,1995,0.0,178696.0,1.615588,1.394102,BEL,CHL,252890
5037289,31,42,5765,1995,76179.0,0.0,-0.440583,-0.688389,BOL,CHL,252890
5037290,32,42,5765,1995,0.0,351934.0,0.687171,1.188647,BRA,CHL,252890
5037291,49,42,5765,1995,0.0,52408.0,0.094335,0.13047999999999998,COL,CHL,252890
5037292,61,42,5765,1995,0.0,2807.0,2.325385,-2.2238189999999998,DEU,CHL,252890
5037293,67,42,5765,1995,0.0,74226.0,-0.948154,-0.9595790000000001,ECU,CHL,252890
5037294,93,42,5765,1995,0.0,2780.0,-0.241468,0.170932,GTM,CHL,252890
5037295,103,42,5765,1995,0.0,45825.0,-0.391727,1.174727,IDN,CHL,252890
5037296,121,42,5765,1995,0.0,58400.0,0.845175,1.2761799999999999,KOR,CHL,252890
5037297,147,42,5765,1995,0.0,100947.0,-1.031627,-1.02484,MOZ,CHL,252890
5037298,153,42,5765,1995,0.0,19763.0,0.357745,0.374284,MYS,CHL,252890
5037299,162,42,5765,1995,0.0,11102.0,1.304391,1.8819119999999998,NLD,CHL,252890
5037300,166,42,5765,1995,0.0,445507.0,0.5558270000000001,0.773271,NZL,CHL,252890
5037301,169,42,5765,1995,1103.0,0.0,-0.019815,0.050906,PAN,CHL,252890
5037302,174,42,5765,1995,0.0,240853.0,-0.480548,0.076564,PHL,CHL,252890
5037303,192,42,5765,1995,0.0,12037.0,0.747684,0.4745,SGP,CHL,252890
5037304,216,42,5765,1995,0.0,3990.0,0.174522,1.608058,THA,CHL,252890
5037305,230,42,5765,1995,0.0,92493.0,0.45133900000000005,0.50831,URY,CHL,252890
5037306,231,42,5765,1995,2922.0,700961.0,1.771648,1.184,USA,CHL,252890
5037307,236,42,5765,1995,0.0,115530.0,0.299294,-0.635474,VEN,CHL,252890
5037308,246,42,5765,1995,0.0,100978.0,0.468112,1.039817,ZAF,CHL,252890
5037309,18,59,5765,1995,1289041.0,0.0,1.615588,1.394102,BEL,CZE,252890
5037310,41,59,5765,1995,608474.0,0.0,2.1893029999999998,0.82765,CHE,CZE,252890
5037311,61,59,5765,1995,64648.0,0.0,2.325385,-2.2238189999999998,DEU,CZE,252890
5037312,77,59,5765,1995,3287.0,0.0,1.768484,0.765537,FRA,CZE,252890
5037313,186,59,5765,1995,1820.0,0.0,0.364437,0.171494,RUS,CZE,252890
5037314,228,59,5765,1995,3559.0,0.0,0.428875,0.20489899999999997,UKR,CZE,252890
5037315,61,68,5765,1995,1894.0,0.0,2.325385,-2.2238189999999998,DEU,EGY,252890
5037316,162,72,5765,1995,0.0,13934.0,1.304391,1.8819119999999998,NLD,EST,252890
5037317,42,103,5765,1995,45825.0,0.0,-0.073436,-0.192675,CHL,IDN,252890
5037318,61,103,5765,1995,4991.0,0.0,2.325385,-2.2238189999999998,DEU,IDN,252890
5037319,81,103,5765,1995,85756.0,0.0,1.8656979999999999,1.107121,GBR,IDN,252890
5037320,121,103,5765,1995,1137.0,0.0,0.845175,1.2761799999999999,KOR,IDN,252890
5037321,216,103,5765,1995,5895.0,0.0,0.174522,1.608058,THA,IDN,252890
5037322,231,103,5765,1995,359627.0,0.0,1.771648,1.184,USA,IDN,252890
5037323,249,103,5765,1995,10608.0,0.0,1.345205,1.9337389999999999,TWN,IDN,252890
5037324,71,104,5765,1995,119842.0,0.0,1.144247,1.933844,ESP,IND,252890
5037325,224,104,5765,1995,1302976.0,0.0,0.166794,1.209066,TUR,IND,252890
5037326,231,104,5765,1995,46910.0,0.0,1.771648,1.184,USA,IND,252890
5037327,162,113,5765,1995,9559.0,0.0,1.304391,1.8819119999999998,NLD,JOR,252890
5037328,41,114,5765,1995,0.0,18369.0,2.1893029999999998,0.82765,CHE,JPN,252890
5037329,186,114,5765,1995,2575238.0,0.0,0.364437,0.171494,RUS,JPN,252890
5037330,192,114,5765,1995,0.0,1638.0,0.747684,0.4745,SGP,JPN,252890
5037331,224,114,5765,1995,13473570.0,0.0,0.166794,1.209066,TUR,JPN,252890
5037332,231,114,5765,1995,95810.0,0.0,1.771648,1.184,USA,JPN,252890
5037333,74,132,5765,1995,4049.0,0.0,2.0085740000000003,1.126816,FIN,LVA,252890
5037334,42,166,5765,1995,445507.0,0.0,-0.073436,-0.192675,CHL,NZL,252890
5037335,173,166,5765,1995,8457.0,0.0,-0.263859,-0.21032800000000001,PER,NZL,252890
5037336,81,167,5765,1995,4788.0,0.0,1.8656979999999999,1.107121,GBR,OMN,252890
5037337,231,167,5765,1995,2326.0,0.0,1.771648,1.184,USA,OMN,252890
5037338,7,188,5765,1995,0.0,3299.0,-0.205166,-0.6132380000000001,ARE,SAU,252890
5037339,18,188,5765,1995,12488.0,0.0,1.615588,1.394102,BEL,SAU,252890
5037340,122,188,5765,1995,0.0,8900.0,-0.226273,-1.02354,KWT,SAU,252890
5037341,208,188,5765,1995,42237.0,0.0,2.246997,1.060171,SWE,SAU,252890
5037342,42,192,5765,1995,12037.0,0.0,-0.073436,-0.192675,CHL,SGP,252890
5037343,114,192,5765,1995,1638.0,0.0,2.56822,0.927307,JPN,SGP,252890
5037344,143,192,5765,1995,0.0,1048.0,-1.5669309999999999,-1.124558,MMR,SGP,252890
5037345,153,192,5765,1995,7589.0,21145.0,0.357745,0.374284,MYS,SGP,252890
5037346,231,192,5765,1995,11664.0,0.0,1.771648,1.184,USA,SGP,252890
5037347,239,192,5765,1995,0.0,119442.0,-1.0462069999999999,-0.269063,VNM,SGP,252890
5037348,111,207,5765,1995,18481.0,0.0,1.503379,1.449094,ITA,SVN,252890
5037349,18,208,5765,1995,61713.0,0.0,1.615588,1.394102,BEL,SWE,252890
5037350,64,208,5765,1995,0.0,2664.0,1.3800270000000001,1.489036,DNK,SWE,252890
5037351,74,208,5765,1995,89055.0,0.0,2.0085740000000003,1.126816,FIN,SWE,252890
5037352,81,208,5765,1995,1002.0,0.0,1.8656979999999999,1.107121,GBR,SWE,252890
5037353,162,208,5765,1995,102553.0,0.0,1.304391,1.8819119999999998,NLD,SWE,252890
5037354,188,208,5765,1995,0.0,42237.0,0.401573,-0.6676529999999999,SAU,SWE,252890
5037355,18,224,5765,1995,0.0,3732558.0,1.615588,1.394102,BEL,TUR,252890
5037356,23,224,5765,1995,0.0,23368.0,0.436138,1.086561,BGR,TUR,252890
5037357,41,224,5765,1995,0.0,261697.0,2.1893029999999998,0.82765,CHE,TUR,252890
5037358,61,224,5765,1995,0.0,439619.0,2.325385,-2.2238189999999998,DEU,TUR,252890
5037359,71,224,5765,1995,0.0,7383379.0,1.144247,1.933844,ESP,TUR,252890
5037360,74,224,5765,1995,0.0,1571111.0,2.0085740000000003,1.126816,FIN,TUR,252890
5037361,77,224,5765,1995,0.0,10802582.0,1.768484,0.765537,FRA,TUR,252890
5037362,81,224,5765,1995,0.0,2258219.0,1.8656979999999999,1.107121,GBR,TUR,252890
5037363,104,224,5765,1995,0.0,1302976.0,0.156183,1.9617380000000002,IND,TUR,252890
5037364,107,224,5765,1995,0.0,23502.0,-0.821991,-1.071013,IRN,TUR,252890
5037365,111,224,5765,1995,0.0,19011026.0,1.503379,1.449094,ITA,TUR,252890
5037366,114,224,5765,1995,0.0,13473570.0,2.56822,0.927307,JPN,TUR,252890
5037367,121,224,5765,1995,0.0,32683.0,0.845175,1.2761799999999999,KOR,TUR,252890
5037368,138,224,5765,1995,0.0,127734.0,0.6414300000000001,0.9697520000000001,MEX,TUR,252890
5037369,151,224,5765,1995,0.0,5803.0,-0.432644,-0.574298,MUS,TUR,252890
5037370,162,224,5765,1995,0.0,4053489.0,1.304391,1.8819119999999998,NLD,TUR,252890
5037371,177,224,5765,1995,0.0,438149.0,0.76393,1.802648,POL,TUR,252890
5037372,231,224,5765,1995,0.0,6565686.0,1.771648,1.184,USA,TUR,252890
5037373,246,224,5765,1995,0.0,160556.0,0.468112,1.039817,ZAF,TUR,252890
5037374,18,246,5765,1995,93839.0,0.0,1.615588,1.394102,BEL,ZAF,252890
5037375,41,246,5765,1995,3451.0,0.0,2.1893029999999998,0.82765,CHE,ZAF,252890
5037376,42,246,5765,1995,100978.0,0.0,-0.073436,-0.192675,CHL,ZAF,252890
5037377,46,246,5765,1995,0.0,10953.0,-1.4672459999999998,-1.0777139999999998,COD,ZAF,252890
5037378,61,246,5765,1995,1099.0,0.0,2.325385,-2.2238189999999998,DEU,ZAF,252890
5037379,162,246,5765,1995,1955.0,0.0,1.304391,1.8819119999999998,NLD,ZAF,252890
5037380,173,246,5765,1995,4997.0,0.0,-0.263859,-0.21032800000000001,PER,ZAF,252890
5037381,224,246,5765,1995,160556.0,0.0,0.166794,1.209066,TUR,ZAF,252890
5037382,231,246,5765,1995,465852.0,0.0,1.771648,1.184,USA,ZAF,252890
5037383,248,246,5765,1995,0.0,17277.0,-0.054752999999999996,0.326737,ZWE,ZAF,252890
5037384,14,8,5765,1995,0.0,197627.0,0.44442,0.789292,AUS,ARG,252890
5037385,32,8,5765,1995,0.0,4718318.0,0.687171,1.188647,BRA,ARG,252890
5037386,41,8,5765,1995,12685.0,0.0,2.1893029999999998,0.82765,CHE,ARG,252890
5037387,42,8,5765,1995,1114.0,2759.0,-0.073436,-0.192675,CHL,ARG,252890
5037388,49,8,5765,1995,0.0,7622.0,0.094335,0.13047999999999998,COL,ARG,252890
5037389,71,8,5765,1995,3391.0,2689230.0,1.144247,1.933844,ESP,ARG,252890
5037390,121,8,5765,1995,0.0,68446.0,0.845175,1.2761799999999999,KOR,ARG,252890
5037391,231,8,5765,1995,54743.0,481844.0,1.771648,1.184,USA,ARG,252890
5037392,236,8,5765,1995,0.0,6026.0,0.299294,-0.635474,VEN,ARG,252890
5037393,248,8,5765,1995,0.0,22278.0,-0.054752999999999996,0.326737,ZWE,ARG,252890
5037394,21,44,5765,1995,0.0,2653.0,-0.695354,-0.902185,BFA,CIV,252890
5037395,77,44,5765,1995,3545.0,0.0,1.768484,0.765537,FRA,CIV,252890
5037396,111,44,5765,1995,1383.0,0.0,1.503379,1.449094,ITA,CIV,252890
5037397,162,102,5765,1995,0.0,20867.0,1.304391,1.8819119999999998,NLD,HUN,252890
5037398,77,134,5765,1995,8697.0,0.0,1.768484,0.765537,FRA,MAR,252890
5037399,71,223,5765,1995,108415.0,0.0,1.144247,1.933844,ESP,TUN,252890
5037400,111,223,5765,1995,17218.0,0.0,1.503379,1.449094,ITA,TUN,252890
5037401,42,230,5765,1995,92493.0,0.0,-0.073436,-0.192675,CHL,URY,252890
5037402,173,230,5765,1995,62356.0,0.0,-0.263859,-0.21032800000000001,PER,URY,252890
5037403,231,230,5765,1995,1915.0,0.0,1.771648,1.184,USA,URY,252890
5037404,8,248,5765,1995,22278.0,0.0,0.245885,0.5489850000000001,ARG,ZWE,252890
5037405,41,248,5765,1995,5789.0,0.0,2.1893029999999998,0.82765,CHE,ZWE,252890
5037406,61,248,5765,1995,18086.0,0.0,2.325385,-2.2238189999999998,DEU,ZWE,252890
5037407,231,248,5765,1995,2817.0,0.0,1.771648,1.184,USA,ZWE,252890
5037408,246,248,5765,1995,17277.0,0.0,0.468112,1.039817,ZAF,ZWE,252890
5037409,8,236,5765,1995,6026.0,0.0,0.245885,0.5489850000000001,ARG,VEN,252890
5037410,42,236,5765,1995,115530.0,0.0,-0.073436,-0.192675,CHL,VEN,252890
5037411,71,236,5765,1995,144893.0,0.0,1.144247,1.933844,ESP,VEN,252890
5037412,231,236,5765,1995,40014.0,0.0,1.771648,1.184,USA,VEN,252890
5037413,111,100,5765,1995,15378.0,0.0,1.503379,1.449094,ITA,HRV,252890
5037414,61,140,5765,1995,30046.0,0.0,2.325385,-2.2238189999999998,DEU,MKD,252890
5037415,231,197,5765,1995,1109.0,0.0,1.771648,1.184,USA,SLV,252890
5037416,246,46,5765,1995,10953.0,0.0,0.468112,1.039817,ZAF,COD,252890
5037417,42,67,5765,1995,74226.0,0.0,-0.073436,-0.192675,CHL,ECU,252890
5037418,173,67,5765,1995,12538.0,0.0,-0.263859,-0.21032800000000001,PER,ECU,252890
5037419,111,107,5765,1995,166768.0,0.0,1.503379,1.449094,ITA,IRN,252890
5037420,224,107,5765,1995,23502.0,0.0,0.166794,1.209066,TUR,IRN,252890
5037421,18,174,5765,1995,1902.0,0.0,1.615588,1.394102,BEL,PHL,252890
5037422,42,174,5765,1995,240853.0,0.0,-0.073436,-0.192675,CHL,PHL,252890
5037423,59,186,5765,1995,0.0,1820.0,1.375091,1.628069,CZE,RUS,252890
5037424,61,186,5765,1995,0.0,12987.0,2.325385,-2.2238189999999998,DEU,RUS,252890
5037425,114,186,5765,1995,0.0,2575238.0,2.56822,0.927307,JPN,RUS,252890
5037426,177,186,5765,1995,0.0,143514.0,0.76393,1.802648,POL,RUS,252890
5037427,231,186,5765,1995,0.0,23711.0,1.771648,1.184,USA,RUS,252890
5037428,59,228,5765,1995,0.0,3559.0,1.375091,1.628069,CZE,UKR,252890
5037429,61,228,5765,1995,1131.0,0.0,2.325385,-2.2238189999999998,DEU,UKR,252890
5037430,192,239,5765,1995,119442.0,0.0,0.747684,0.4745,SGP,VNM,252890
5037431,103,249,5765,1995,0.0,10608.0,-0.391727,1.174727,IDN,TWN,252890
5037432,231,249,5765,1995,5635579.0,0.0,1.771648,1.184,USA,TWN,252890
5037433,177,250,5765,1995,0.0,10211.0,0.76393,1.802648,POL,ANS,252890
5037434,32,31,5765,1995,0.0,1103396.0,0.687171,1.188647,BRA,BOL,252890
5037435,42,31,5765,1995,0.0,76179.0,-0.073436,-0.192675,CHL,BOL,252890
5037436,231,31,5765,1995,0.0,37189.0,1.771648,1.184,USA,BOL,252890
5037437,18,17,5765,1995,1140.0,0.0,1.615588,1.394102,BEL,BDI,252890
5037438,18,66,5765,1995,10796.0,0.0,1.615588,1.394102,BEL,DZA,252890
5037439,71,66,5765,1995,8048.0,0.0,1.144247,1.933844,ESP,DZA,252890
5037440,224,151,5765,1995,5803.0,0.0,0.166794,1.209066,TUR,MUS,252890
5037441,188,7,5765,1995,3299.0,0.0,0.401573,-0.6676529999999999,SAU,ARE,252890
5037442,18,23,5765,1995,1900.0,0.0,1.615588,1.394102,BEL,BGR,252890
5037443,224,23,5765,1995,23368.0,0.0,0.166794,1.209066,TUR,BGR,252890
5037444,18,80,5765,1995,1669.0,0.0,1.615588,1.394102,BEL,GAB,252890
5037445,188,122,5765,1995,8900.0,0.0,0.401573,-0.6676529999999999,SAU,KWT,252890
5037446,231,128,5765,1995,8916.0,0.0,1.771648,1.184,USA,LKA,252890
5037447,42,147,5765,1995,100947.0,0.0,-0.073436,-0.192675,CHL,MOZ,252890
5037448,49,180,5765,1995,0.0,3026.0,0.094335,0.13047999999999998,COL,PRY,252890
5037449,44,21,5765,1995,2653.0,0.0,-0.781656,-0.74293,CIV,BFA,252890
5037450,77,141,5765,1995,1615.0,0.0,1.768484,0.765537,FRA,MLI,252890
5037451,192,143,5765,1995,1048.0,0.0,0.747684,0.4745,SGP,MMR,252890
5037452,18,15,5769,1995,3540.0,0.0,1.615588,1.394102,BEL,AUT,252930
5037453,61,15,5769,1995,6236.0,0.0,2.325385,-2.2238189999999998,DEU,AUT,252930
5037454,81,15,5769,1995,2015.0,0.0,1.8656979999999999,1.107121,GBR,AUT,252930
5037455,162,15,5769,1995,2644.0,0.0,1.304391,1.8819119999999998,NLD,AUT,252930
5037456,163,15,5769,1995,49100.0,0.0,1.019741,0.394241,NOR,AUT,252930
5037457,15,18,5769,1995,0.0,3540.0,2.000295,0.661255,AUT,BEL,252930
5037458,24,18,5769,1995,0.0,127804.0,-0.239166,-0.8627950000000001,BHR,BEL,252930
5037459,39,18,5769,1995,689695.0,0.0,1.077804,1.0724200000000002,CAN,BEL,252930
5037460,61,18,5769,1995,171964.0,5771.0,2.325385,-2.2238189999999998,DEU,BEL,252930
5037461,77,18,5769,1995,62871.0,0.0,1.768484,0.765537,FRA,BEL,252930
5037462,103,18,5769,1995,0.0,3312.0,-0.391727,1.174727,IDN,BEL,252930
5037463,134,18,5769,1995,0.0,16266.0,-0.6481210000000001,-0.22345,MAR,BEL,252930
5037464,162,18,5769,1995,606907.0,11887.0,1.304391,1.8819119999999998,NLD,BEL,252930
5037465,163,18,5769,1995,2775813.0,0.0,1.019741,0.394241,NOR,BEL,252930
5037466,208,18,5769,1995,0.0,1014.0,2.246997,1.060171,SWE,BEL,252930
5037467,216,18,5769,1995,0.0,1282.0,0.174522,1.608058,THA,BEL,252930
5037468,39,32,5769,1995,6485.0,0.0,1.077804,1.0724200000000002,CAN,BRA,252930
5037469,61,32,5769,1995,0.0,12242.0,2.325385,-2.2238189999999998,DEU,BRA,252930
5037470,71,32,5769,1995,35235.0,0.0,1.144247,1.933844,ESP,BRA,252930
5037471,81,32,5769,1995,0.0,4566.0,1.8656979999999999,1.107121,GBR,BRA,252930
5037472,97,32,5769,1995,0.0,18428.0,0.5244449999999999,2.682738,HKG,BRA,252930
5037473,39,43,5769,1995,18338.0,0.0,1.077804,1.0724200000000002,CAN,CHN,252930
5037474,61,43,5769,1995,125233.0,0.0,2.325385,-2.2238189999999998,DEU,CHN,252930
5037475,97,43,5769,1995,8778.0,9574.0,0.5244449999999999,2.682738,HKG,CHN,252930
5037476,103,43,5769,1995,0.0,7392.0,-0.391727,1.174727,IDN,CHN,252930
5037477,111,43,5769,1995,0.0,2539.0,1.503379,1.449094,ITA,CHN,252930
5037478,114,43,5769,1995,0.0,7942.0,2.56822,0.927307,JPN,CHN,252930
5037479,163,43,5769,1995,52897.0,0.0,1.019741,0.394241,NOR,CHN,252930
5037480,216,43,5769,1995,0.0,511202.0,0.174522,1.608058,THA,CHN,252930
5037481,231,43,5769,1995,4061.0,0.0,1.771648,1.184,USA,CHN,252930
5037482,39,49,5769,1995,7994.0,0.0,1.077804,1.0724200000000002,CAN,COL,252930
5037483,71,49,5769,1995,27054.0,0.0,1.144247,1.933844,ESP,COL,252930
5037484,163,49,5769,1995,74472.0,0.0,1.019741,0.394241,NOR,COL,252930
5037485,231,49,5769,1995,126714.0,0.0,1.771648,1.184,USA,COL,252930
5037486,39,52,5769,1995,39141.0,0.0,1.077804,1.0724200000000002,CAN,CRI,252930
5037487,15,61,5769,1995,0.0,6236.0,2.000295,0.661255,AUT,DEU,252930
5037488,18,61,5769,1995,5771.0,171964.0,1.615588,1.394102,BEL,DEU,252930
5037489,32,61,5769,1995,12242.0,0.0,0.687171,1.188647,BRA,DEU,252930
5037490,39,61,5769,1995,154390.0,0.0,1.077804,1.0724200000000002,CAN,DEU,252930
5037491,41,61,5769,1995,0.0,14028.0,2.1893029999999998,0.82765,CHE,DEU,252930
5037492,43,61,5769,1995,0.0,125233.0,0.387897,3.2147919999999996,CHN,DEU,252930
5037493,59,61,5769,1995,0.0,109490.0,1.375091,1.628069,CZE,DEU,252930
5037494,64,61,5769,1995,0.0,1014.0,1.3800270000000001,1.489036,DNK,DEU,252930
5037495,67,61,5769,1995,0.0,865.0,-0.948154,-0.9595790000000001,ECU,DEU,252930
5037496,68,61,5769,1995,0.0,1894.0,-0.340042,-0.085601,EGY,DEU,252930
5037497,71,61,5769,1995,0.0,3089.0,1.144247,1.933844,ESP,DEU,252930
5037498,77,61,5769,1995,0.0,1844.0,1.768484,0.765537,FRA,DEU,252930
5037499,90,61,5769,1995,0.0,1019.0,0.17369,0.885756,GRC,DEU,252930
5037500,103,61,5769,1995,0.0,4991.0,-0.391727,1.174727,IDN,DEU,252930
5037501,106,61,5769,1995,0.0,4819.0,1.349192,0.992099,IRL,DEU,252930
5037502,110,61,5769,1995,0.0,2790.0,1.205368,1.189434,ISR,DEU,252930
5037503,153,61,5769,1995,0.0,4074.0,0.357745,0.374284,MYS,DEU,252930
5037504,162,61,5769,1995,624598.0,4055.0,1.304391,1.8819119999999998,NLD,DEU,252930
5037505,163,61,5769,1995,7392396.0,1268.0,1.019741,0.394241,NOR,DEU,252930
5037506,173,61,5769,1995,0.0,1710.0,-0.263859,-0.21032800000000001,PER,DEU,252930
5037507,179,61,5769,1995,0.0,992.0,0.412677,1.254009,PRT,DEU,252930
5037508,192,61,5769,1995,0.0,4244.0,0.747684,0.4745,SGP,DEU,252930
5037509,207,61,5769,1995,0.0,16724.0,1.424606,1.490521,SVN,DEU,252930
5037510,208,61,5769,1995,1971.0,0.0,2.246997,1.060171,SWE,DEU,252930
5037511,216,61,5769,1995,0.0,6993.0,0.174522,1.608058,THA,DEU,252930
5037512,224,61,5769,1995,0.0,1880.0,0.166794,1.209066,TUR,DEU,252930
5037513,246,61,5769,1995,0.0,6696.0,0.468112,1.039817,ZAF,DEU,252930
5037514,61,64,5769,1995,1014.0,0.0,2.325385,-2.2238189999999998,DEU,DNK,252930
5037515,162,64,5769,1995,1216.0,0.0,1.304391,1.8819119999999998,NLD,DNK,252930
5037516,163,64,5769,1995,66150.0,0.0,1.019741,0.394241,NOR,DNK,252930
5037517,8,71,5769,1995,0.0,12060.0,0.245885,0.5489850000000001,ARG,ESP,252930
5037518,32,71,5769,1995,0.0,35235.0,0.687171,1.188647,BRA,ESP,252930
5037519,39,71,5769,1995,395746.0,0.0,1.077804,1.0724200000000002,CAN,ESP,252930
5037520,49,71,5769,1995,0.0,27054.0,0.094335,0.13047999999999998,COL,ESP,252930
5037521,61,71,5769,1995,3089.0,0.0,2.325385,-2.2238189999999998,DEU,ESP,252930
5037522,93,71,5769,1995,0.0,3301.0,-0.241468,0.170932,GTM,ESP,252930
5037523,111,71,5769,1995,0.0,32142.0,1.503379,1.449094,ITA,ESP,252930
5037524,134,71,5769,1995,0.0,2224.0,-0.6481210000000001,-0.22345,MAR,ESP,252930
5037525,163,71,5769,1995,1507777.0,0.0,1.019741,0.394241,NOR,ESP,252930
5037526,179,71,5769,1995,4980.0,1226.0,0.412677,1.254009,PRT,ESP,252930
5037527,162,74,5769,1995,0.0,34155.0,1.304391,1.8819119999999998,NLD,FIN,252930
5037528,18,77,5769,1995,0.0,62871.0,1.615588,1.394102,BEL,FRA,252930
5037529,39,77,5769,1995,410857.0,0.0,1.077804,1.0724200000000002,CAN,FRA,252930
5037530,61,77,5769,1995,1844.0,0.0,2.325385,-2.2238189999999998,DEU,FRA,252930
5037531,111,77,5769,1995,0.0,14809.0,1.503379,1.449094,ITA,FRA,252930
5037532,162,77,5769,1995,1245369.0,0.0,1.304391,1.8819119999999998,NLD,FRA,252930
5037533,163,77,5769,1995,2378237.0,0.0,1.019741,0.394241,NOR,FRA,252930
5037534,215,77,5769,1995,46051.0,0.0,-0.962727,-0.873151,TGO,FRA,252930
5037535,231,77,5769,1995,29907.0,0.0,1.771648,1.184,USA,FRA,252930
5037536,15,81,5769,1995,0.0,2015.0,2.000295,0.661255,AUT,GBR,252930
5037537,32,81,5769,1995,4566.0,0.0,0.687171,1.188647,BRA,GBR,252930
5037538,39,81,5769,1995,118611.0,0.0,1.077804,1.0724200000000002,CAN,GBR,252930
5037539,103,81,5769,1995,0.0,4649.0,-0.391727,1.174727,IDN,GBR,252930
5037540,111,81,5769,1995,0.0,10670.0,1.503379,1.449094,ITA,GBR,252930
5037541,162,81,5769,1995,8042.0,0.0,1.304391,1.8819119999999998,NLD,GBR,252930
5037542,163,81,5769,1995,3204650.0,0.0,1.019741,0.394241,NOR,GBR,252930
5037543,192,81,5769,1995,0.0,1002.0,0.747684,0.4745,SGP,GBR,252930
5037544,216,81,5769,1995,0.0,2957.0,0.174522,1.608058,THA,GBR,252930
5037545,231,81,5769,1995,0.0,21350.0,1.771648,1.184,USA,GBR,252930
5037546,239,81,5769,1995,0.0,1051.0,-1.0462069999999999,-0.269063,VNM,GBR,252930
5037547,39,93,5769,1995,5514.0,0.0,1.077804,1.0724200000000002,CAN,GTM,252930
5037548,71,93,5769,1995,3301.0,0.0,1.144247,1.933844,ESP,GTM,252930
5037549,32,97,5769,1995,18428.0,0.0,0.687171,1.188647,BRA,HKG,252930
5037550,39,97,5769,1995,26034.0,0.0,1.077804,1.0724200000000002,CAN,HKG,252930
5037551,43,97,5769,1995,9574.0,8778.0,0.387897,3.2147919999999996,CHN,HKG,252930
5037552,103,97,5769,1995,0.0,19223.0,-0.391727,1.174727,IDN,HKG,252930
5037553,162,97,5769,1995,3035.0,0.0,1.304391,1.8819119999999998,NLD,HKG,252930
5037554,163,97,5769,1995,8978.0,0.0,1.019741,0.394241,NOR,HKG,252930
5037555,39,106,5769,1995,4601.0,0.0,1.077804,1.0724200000000002,CAN,IRL,252930
5037556,61,106,5769,1995,4819.0,0.0,2.325385,-2.2238189999999998,DEU,IRL,252930
5037557,163,106,5769,1995,107131.0,0.0,1.019741,0.394241,NOR,IRL,252930
5037558,61,110,5769,1995,2790.0,0.0,2.325385,-2.2238189999999998,DEU,ISR,252930
5037559,163,110,5769,1995,2936.0,0.0,1.019741,0.394241,NOR,ISR,252930
5037560,8,111,5769,1995,0.0,3471.0,0.245885,0.5489850000000001,ARG,ITA,252930
5037561,39,111,5769,1995,1224375.0,0.0,1.077804,1.0724200000000002,CAN,ITA,252930
5037562,41,111,5769,1995,27644.0,23328.0,2.1893029999999998,0.82765,CHE,ITA,252930
5037563,43,111,5769,1995,2539.0,0.0,0.387897,3.2147919999999996,CHN,ITA,252930
5037564,68,111,5769,1995,0.0,22841.0,-0.340042,-0.085601,EGY,ITA,252930
5037565,71,111,5769,1995,32142.0,0.0,1.144247,1.933844,ESP,ITA,252930
5037566,77,111,5769,1995,14809.0,0.0,1.768484,0.765537,FRA,ITA,252930
5037567,81,111,5769,1995,10670.0,0.0,1.8656979999999999,1.107121,GBR,ITA,252930
5037568,90,111,5769,1995,3206.0,0.0,0.17369,0.885756,GRC,ITA,252930
5037569,103,111,5769,1995,0.0,27266.0,-0.391727,1.174727,IDN,ITA,252930
5037570,134,111,5769,1995,0.0,1687.0,-0.6481210000000001,-0.22345,MAR,ITA,252930
5037571,153,111,5769,1995,0.0,3928.0,0.357745,0.374284,MYS,ITA,252930
5037572,163,111,5769,1995,1991025.0,0.0,1.019741,0.394241,NOR,ITA,252930
5037573,207,111,5769,1995,0.0,48815.0,1.424606,1.490521,SVN,ITA,252930
5037574,216,111,5769,1995,0.0,10638.0,0.174522,1.608058,THA,ITA,252930
5037575,223,111,5769,1995,0.0,54993.0,-0.253792,-0.044331,TUN,ITA,252930
5037576,224,111,5769,1995,0.0,3078.0,0.166794,1.209066,TUR,ITA,252930
5037577,39,121,5769,1995,21559.0,0.0,1.077804,1.0724200000000002,CAN,KOR,252930
5037578,153,121,5769,1995,0.0,1743.0,0.357745,0.374284,MYS,KOR,252930
5037579,163,121,5769,1995,20887.0,0.0,1.019741,0.394241,NOR,KOR,252930
5037580,216,121,5769,1995,0.0,125887.0,0.174522,1.608058,THA,KOR,252930
5037581,231,121,5769,1995,4617.0,0.0,1.771648,1.184,USA,KOR,252930
5037582,249,121,5769,1995,3962.0,0.0,1.345205,1.9337389999999999,TWN,KOR,252930
5037583,39,138,5769,1995,53371.0,0.0,1.077804,1.0724200000000002,CAN,MEX,252930
5037584,231,138,5769,1995,322513.0,0.0,1.771648,1.184,USA,MEX,252930
5037585,39,153,5769,1995,95433.0,0.0,1.077804,1.0724200000000002,CAN,MYS,252930
5037586,61,153,5769,1995,4074.0,0.0,2.325385,-2.2238189999999998,DEU,MYS,252930
5037587,111,153,5769,1995,3928.0,0.0,1.503379,1.449094,ITA,MYS,252930
5037588,121,153,5769,1995,1743.0,0.0,0.845175,1.2761799999999999,KOR,MYS,252930
5037589,163,153,5769,1995,761761.0,0.0,1.019741,0.394241,NOR,MYS,252930
5037590,192,153,5769,1995,283852.0,0.0,0.747684,0.4745,SGP,MYS,252930
5037591,216,153,5769,1995,3177.0,0.0,0.174522,1.608058,THA,MYS,252930
5037592,6,162,5769,1995,0.0,1831.0,-0.020759,-0.653863,ANT,NLD,252930
5037593,15,162,5769,1995,0.0,2644.0,2.000295,0.661255,AUT,NLD,252930
5037594,18,162,5769,1995,11887.0,606907.0,1.615588,1.394102,BEL,NLD,252930
5037595,39,162,5769,1995,10277.0,0.0,1.077804,1.0724200000000002,CAN,NLD,252930
5037596,41,162,5769,1995,0.0,37866.0,2.1893029999999998,0.82765,CHE,NLD,252930
5037597,61,162,5769,1995,4055.0,624598.0,2.325385,-2.2238189999999998,DEU,NLD,252930
5037598,64,162,5769,1995,0.0,1216.0,1.3800270000000001,1.489036,DNK,NLD,252930
5037599,68,162,5769,1995,0.0,2496.0,-0.340042,-0.085601,EGY,NLD,252930
5037600,74,162,5769,1995,34155.0,0.0,2.0085740000000003,1.126816,FIN,NLD,252930
5037601,77,162,5769,1995,0.0,1245369.0,1.768484,0.765537,FRA,NLD,252930
5037602,81,162,5769,1995,0.0,8042.0,1.8656979999999999,1.107121,GBR,NLD,252930
5037603,97,162,5769,1995,0.0,3035.0,0.5244449999999999,2.682738,HKG,NLD,252930
5037604,103,162,5769,1995,0.0,38057.0,-0.391727,1.174727,IDN,NLD,252930
5037605,142,162,5769,1995,0.0,854.0,0.842519,0.11882899999999999,MLT,NLD,252930
5037606,163,162,5769,1995,3328578.0,0.0,1.019741,0.394241,NOR,NLD,252930
5037607,166,162,5769,1995,0.0,1468.0,0.5558270000000001,0.773271,NZL,NLD,252930
5037608,173,162,5769,1995,0.0,4175.0,-0.263859,-0.21032800000000001,PER,NLD,252930
5037609,188,162,5769,1995,0.0,17645.0,0.401573,-0.6676529999999999,SAU,NLD,252930
5037610,208,162,5769,1995,0.0,1244.0,2.246997,1.060171,SWE,NLD,252930
5037611,216,162,5769,1995,0.0,3227.0,0.174522,1.608058,THA,NLD,252930
5037612,236,162,5769,1995,0.0,8473.0,0.299294,-0.635474,VEN,NLD,252930
5037613,246,162,5769,1995,0.0,22473.0,0.468112,1.039817,ZAF,NLD,252930
5037614,7,163,5769,1995,0.0,89271.0,-0.205166,-0.6132380000000001,ARE,NOR,252930
5037615,14,163,5769,1995,0.0,76243.0,0.44442,0.789292,AUS,NOR,252930
5037616,15,163,5769,1995,0.0,49100.0,2.000295,0.661255,AUT,NOR,252930
5037617,18,163,5769,1995,0.0,2775813.0,1.615588,1.394102,BEL,NOR,252930
5037618,23,163,5769,1995,0.0,6322.0,0.436138,1.086561,BGR,NOR,252930
5037619,41,163,5769,1995,0.0,25192.0,2.1893029999999998,0.82765,CHE,NOR,252930
5037620,43,163,5769,1995,0.0,52897.0,0.387897,3.2147919999999996,CHN,NOR,252930
5037621,49,163,5769,1995,0.0,74472.0,0.094335,0.13047999999999998,COL,NOR,252930
5037622,59,163,5769,1995,0.0,61016.0,1.375091,1.628069,CZE,NOR,252930
5037623,61,163,5769,1995,1268.0,7392396.0,2.325385,-2.2238189999999998,DEU,NOR,252930
5037624,64,163,5769,1995,0.0,66150.0,1.3800270000000001,1.489036,DNK,NOR,252930
5037625,68,163,5769,1995,0.0,76932.0,-0.340042,-0.085601,EGY,NOR,252930
5037626,71,163,5769,1995,0.0,1507777.0,1.144247,1.933844,ESP,NOR,252930
5037627,77,163,5769,1995,0.0,2378237.0,1.768484,0.765537,FRA,NOR,252930
5037628,81,163,5769,1995,0.0,3204650.0,1.8656979999999999,1.107121,GBR,NOR,252930
5037629,90,163,5769,1995,0.0,532929.0,0.17369,0.885756,GRC,NOR,252930
5037630,97,163,5769,1995,0.0,8978.0,0.5244449999999999,2.682738,HKG,NOR,252930
5037631,102,163,5769,1995,0.0,5845.0,0.878711,1.8200060000000002,HUN,NOR,252930
5037632,103,163,5769,1995,0.0,242306.0,-0.391727,1.174727,IDN,NOR,252930
5037633,106,163,5769,1995,0.0,107131.0,1.349192,0.992099,IRL,NOR,252930
5037634,110,163,5769,1995,0.0,2936.0,1.205368,1.189434,ISR,NOR,252930
5037635,111,163,5769,1995,0.0,1991025.0,1.503379,1.449094,ITA,NOR,252930
5037636,121,163,5769,1995,0.0,20887.0,0.845175,1.2761799999999999,KOR,NOR,252930
5037637,128,163,5769,1995,0.0,17815.0,-0.8358030000000001,-0.29397199999999996,LKA,NOR,252930
5037638,134,163,5769,1995,0.0,3474.0,-0.6481210000000001,-0.22345,MAR,NOR,252930
5037639,153,163,5769,1995,0.0,761761.0,0.357745,0.374284,MYS,NOR,252930
5037640,162,163,5769,1995,0.0,3328578.0,1.304391,1.8819119999999998,NLD,NOR,252930
5037641,166,163,5769,1995,0.0,31785.0,0.5558270000000001,0.773271,NZL,NOR,252930
5037642,174,163,5769,1995,0.0,33436.0,-0.480548,0.076564,PHL,NOR,252930
5037643,177,163,5769,1995,0.0,137956.0,0.76393,1.802648,POL,NOR,252930
5037644,179,163,5769,1995,0.0,700546.0,0.412677,1.254009,PRT,NOR,252930
5037645,188,163,5769,1995,0.0,17723.0,0.401573,-0.6676529999999999,SAU,NOR,252930
5037646,192,163,5769,1995,0.0,734258.0,0.747684,0.4745,SGP,NOR,252930
5037647,206,163,5769,1995,0.0,3477.0,1.2249780000000001,1.405585,SVK,NOR,252930
5037648,208,163,5769,1995,0.0,609092.0,2.246997,1.060171,SWE,NOR,252930
5037649,216,163,5769,1995,0.0,831126.0,0.174522,1.608058,THA,NOR,252930
5037650,224,163,5769,1995,0.0,1913.0,0.166794,1.209066,TUR,NOR,252930
5037651,236,163,5769,1995,0.0,150306.0,0.299294,-0.635474,VEN,NOR,252930
5037652,246,163,5769,1995,0.0,8229.0,0.468112,1.039817,ZAF,NOR,252930
5037653,249,163,5769,1995,0.0,1242192.0,1.345205,1.9337389999999999,TWN,NOR,252930
5037654,39,169,5769,1995,8039.0,0.0,1.077804,1.0724200000000002,CAN,PAN,252930
5037655,231,169,5769,1995,12036.0,0.0,1.771648,1.184,USA,PAN,252930
5037656,39,173,5769,1995,6882.0,0.0,1.077804,1.0724200000000002,CAN,PER,252930
5037657,61,173,5769,1995,1710.0,0.0,2.325385,-2.2238189999999998,DEU,PER,252930
5037658,162,173,5769,1995,4175.0,0.0,1.304391,1.8819119999999998,NLD,PER,252930
5037659,163,177,5769,1995,137956.0,0.0,1.019741,0.394241,NOR,POL,252930
5037660,250,177,5769,1995,5957.0,0.0,1.034518,0.9735149999999999,ANS,POL,252930
5037661,61,179,5769,1995,992.0,0.0,2.325385,-2.2238189999999998,DEU,PRT,252930
5037662,71,179,5769,1995,1226.0,4980.0,1.144247,1.933844,ESP,PRT,252930
5037663,134,179,5769,1995,0.0,16914.0,-0.6481210000000001,-0.22345,MAR,PRT,252930
5037664,163,179,5769,1995,700546.0,0.0,1.019741,0.394241,NOR,PRT,252930
5037665,18,216,5769,1995,1282.0,0.0,1.615588,1.394102,BEL,THA,252930
5037666,39,216,5769,1995,44099.0,0.0,1.077804,1.0724200000000002,CAN,THA,252930
5037667,43,216,5769,1995,511202.0,0.0,0.387897,3.2147919999999996,CHN,THA,252930
5037668,61,216,5769,1995,6993.0,0.0,2.325385,-2.2238189999999998,DEU,THA,252930
5037669,81,216,5769,1995,2957.0,0.0,1.8656979999999999,1.107121,GBR,THA,252930
5037670,104,216,5769,1995,11168.0,0.0,0.156183,1.9617380000000002,IND,THA,252930
5037671,111,216,5769,1995,10638.0,0.0,1.503379,1.449094,ITA,THA,252930
5037672,121,216,5769,1995,125887.0,0.0,0.845175,1.2761799999999999,KOR,THA,252930
5037673,153,216,5769,1995,0.0,3177.0,0.357745,0.374284,MYS,THA,252930
5037674,162,216,5769,1995,3227.0,0.0,1.304391,1.8819119999999998,NLD,THA,252930
5037675,163,216,5769,1995,831126.0,0.0,1.019741,0.394241,NOR,THA,252930
5037676,192,216,5769,1995,13688.0,0.0,0.747684,0.4745,SGP,THA,252930
5037677,231,216,5769,1995,18029.0,0.0,1.771648,1.184,USA,THA,252930
5037678,14,231,5769,1995,0.0,10677.0,0.44442,0.789292,AUS,USA,252930
5037679,39,231,5769,1995,28538490.0,58448.0,1.077804,1.0724200000000002,CAN,USA,252930
5037680,43,231,5769,1995,0.0,4061.0,0.387897,3.2147919999999996,CHN,USA,252930
5037681,49,231,5769,1995,0.0,126714.0,0.094335,0.13047999999999998,COL,USA,252930
5037682,77,231,5769,1995,0.0,29907.0,1.768484,0.765537,FRA,USA,252930
5037683,81,231,5769,1995,21350.0,0.0,1.8656979999999999,1.107121,GBR,USA,252930
5037684,103,231,5769,1995,0.0,8775.0,-0.391727,1.174727,IDN,USA,252930
5037685,104,231,5769,1995,0.0,1827.0,0.156183,1.9617380000000002,IND,USA,252930
5037686,114,231,5769,1995,0.0,35647.0,2.56822,0.927307,JPN,USA,252930
5037687,121,231,5769,1995,0.0,4617.0,0.845175,1.2761799999999999,KOR,USA,252930
5037688,138,231,5769,1995,0.0,322513.0,0.6414300000000001,0.9697520000000001,MEX,USA,252930
5037689,169,231,5769,1995,0.0,12036.0,-0.019815,0.050906,PAN,USA,252930
5037690,182,231,5769,1995,0.0,4599.0,-0.33641,-0.696238,PYF,USA,252930
5037691,216,231,5769,1995,0.0,18029.0,0.174522,1.608058,THA,USA,252930
5037692,246,231,5769,1995,0.0,2981.0,0.468112,1.039817,ZAF,USA,252930
5037693,39,14,5769,1995,714545.0,0.0,1.077804,1.0724200000000002,CAN,AUS,252930
5037694,163,14,5769,1995,76243.0,0.0,1.019741,0.394241,NOR,AUS,252930
5037695,166,14,5769,1995,3720.0,0.0,0.5558270000000001,0.773271,NZL,AUS,252930
5037696,231,14,5769,1995,10677.0,0.0,1.771648,1.184,USA,AUS,252930
5037697,250,14,5769,1995,3703.0,0.0,1.034518,0.9735149999999999,ANS,AUS,252930
5037698,104,22,5769,1995,4074.0,0.0,0.156183,1.9617380000000002,IND,BGD,252930
5037699,192,22,5769,1995,1280.0,0.0,0.747684,0.4745,SGP,BGD,252930
5037700,8,39,5769,1995,0.0,24155.0,0.245885,0.5489850000000001,ARG,CAN,252930
5037701,14,39,5769,1995,0.0,714545.0,0.44442,0.789292,AUS,CAN,252930
5037702,18,39,5769,1995,0.0,689695.0,1.615588,1.394102,BEL,CAN,252930
5037703,32,39,5769,1995,0.0,6485.0,0.687171,1.188647,BRA,CAN,252930
5037704,43,39,5769,1995,0.0,18338.0,0.387897,3.2147919999999996,CHN,CAN,252930
5037705,49,39,5769,1995,0.0,7994.0,0.094335,0.13047999999999998,COL,CAN,252930
5037706,52,39,5769,1995,0.0,39141.0,-0.30094699999999996,-0.046285,CRI,CAN,252930
5037707,61,39,5769,1995,0.0,154390.0,2.325385,-2.2238189999999998,DEU,CAN,252930
5037708,65,39,5769,1995,0.0,28904.0,-0.635482,-0.746526,DOM,CAN,252930
5037709,71,39,5769,1995,0.0,395746.0,1.144247,1.933844,ESP,CAN,252930
5037710,77,39,5769,1995,0.0,410857.0,1.768484,0.765537,FRA,CAN,252930
5037711,81,39,5769,1995,0.0,118611.0,1.8656979999999999,1.107121,GBR,CAN,252930
5037712,93,39,5769,1995,0.0,5514.0,-0.241468,0.170932,GTM,CAN,252930
5037713,97,39,5769,1995,0.0,26034.0,0.5244449999999999,2.682738,HKG,CAN,252930
5037714,103,39,5769,1995,0.0,372667.0,-0.391727,1.174727,IDN,CAN,252930
5037715,106,39,5769,1995,0.0,4601.0,1.349192,0.992099,IRL,CAN,252930
5037716,111,39,5769,1995,0.0,1224375.0,1.503379,1.449094,ITA,CAN,252930
5037717,114,39,5769,1995,0.0,351180.0,2.56822,0.927307,JPN,CAN,252930
5037718,121,39,5769,1995,0.0,21559.0,0.845175,1.2761799999999999,KOR,CAN,252930
5037719,128,39,5769,1995,0.0,2248.0,-0.8358030000000001,-0.29397199999999996,LKA,CAN,252930
5037720,134,39,5769,1995,0.0,19500.0,-0.6481210000000001,-0.22345,MAR,CAN,252930
5037721,138,39,5769,1995,0.0,53371.0,0.6414300000000001,0.9697520000000001,MEX,CAN,252930
5037722,153,39,5769,1995,0.0,95433.0,0.357745,0.374284,MYS,CAN,252930
5037723,160,39,5769,1995,0.0,8451.0,-0.395096,-0.559934,NIC,CAN,252930
5037724,162,39,5769,1995,0.0,10277.0,1.304391,1.8819119999999998,NLD,CAN,252930
5037725,166,39,5769,1995,0.0,30606.0,0.5558270000000001,0.773271,NZL,CAN,252930
5037726,169,39,5769,1995,0.0,8039.0,-0.019815,0.050906,PAN,CAN,252930
5037727,173,39,5769,1995,0.0,6882.0,-0.263859,-0.21032800000000001,PER,CAN,252930
5037728,174,39,5769,1995,0.0,43789.0,-0.480548,0.076564,PHL,CAN,252930
5037729,188,39,5769,1995,0.0,5448.0,0.401573,-0.6676529999999999,SAU,CAN,252930
5037730,216,39,5769,1995,0.0,44099.0,0.174522,1.608058,THA,CAN,252930
5037731,223,39,5769,1995,0.0,56405.0,-0.253792,-0.044331,TUN,CAN,252930
5037732,231,39,5769,1995,58448.0,28538490.0,1.771648,1.184,USA,CAN,252930
5037733,249,39,5769,1995,0.0,783965.0,1.345205,1.9337389999999999,TWN,CAN,252930
5037734,250,39,5769,1995,30837.0,0.0,1.034518,0.9735149999999999,ANS,CAN,252930
5037735,61,41,5769,1995,14028.0,0.0,2.325385,-2.2238189999999998,DEU,CHE,252930
5037736,111,41,5769,1995,23328.0,27644.0,1.503379,1.449094,ITA,CHE,252930
5037737,162,41,5769,1995,37866.0,0.0,1.304391,1.8819119999999998,NLD,CHE,252930
5037738,163,41,5769,1995,25192.0,0.0,1.019741,0.394241,NOR,CHE,252930
5037739,61,59,5769,1995,109490.0,0.0,2.325385,-2.2238189999999998,DEU,CZE,252930
5037740,163,59,5769,1995,61016.0,0.0,1.019741,0.394241,NOR,CZE,252930
5037741,61,68,5769,1995,1894.0,0.0,2.325385,-2.2238189999999998,DEU,EGY,252930
5037742,111,68,5769,1995,22841.0,0.0,1.503379,1.449094,ITA,EGY,252930
5037743,162,68,5769,1995,2496.0,0.0,1.304391,1.8819119999999998,NLD,EGY,252930
5037744,163,68,5769,1995,76932.0,0.0,1.019741,0.394241,NOR,EGY,252930
5037745,186,72,5769,1995,2670.0,0.0,0.364437,0.171494,RUS,EST,252930
5037746,18,103,5769,1995,3312.0,0.0,1.615588,1.394102,BEL,IDN,252930
5037747,39,103,5769,1995,372667.0,0.0,1.077804,1.0724200000000002,CAN,IDN,252930
5037748,43,103,5769,1995,7392.0,0.0,0.387897,3.2147919999999996,CHN,IDN,252930
5037749,61,103,5769,1995,4991.0,0.0,2.325385,-2.2238189999999998,DEU,IDN,252930
5037750,81,103,5769,1995,4649.0,0.0,1.8656979999999999,1.107121,GBR,IDN,252930
5037751,97,103,5769,1995,19223.0,0.0,0.5244449999999999,2.682738,HKG,IDN,252930
5037752,111,103,5769,1995,27266.0,0.0,1.503379,1.449094,ITA,IDN,252930
5037753,162,103,5769,1995,38057.0,0.0,1.304391,1.8819119999999998,NLD,IDN,252930
5037754,163,103,5769,1995,242306.0,0.0,1.019741,0.394241,NOR,IDN,252930
5037755,192,103,5769,1995,73383.0,0.0,0.747684,0.4745,SGP,IDN,252930
5037756,231,103,5769,1995,8775.0,0.0,1.771648,1.184,USA,IDN,252930
5037757,249,103,5769,1995,44646.0,0.0,1.345205,1.9337389999999999,TWN,IDN,252930
5037758,22,104,5769,1995,0.0,4074.0,-1.037175,-0.983195,BGD,IND,252930
5037759,216,104,5769,1995,0.0,11168.0,0.174522,1.608058,THA,IND,252930
5037760,231,104,5769,1995,1827.0,0.0,1.771648,1.184,USA,IND,252930
5037761,124,113,5769,1995,0.0,1425.0,0.027416000000000003,0.327795,LBN,JOR,252930
5037762,39,114,5769,1995,351180.0,0.0,1.077804,1.0724200000000002,CAN,JPN,252930
5037763,43,114,5769,1995,7942.0,0.0,0.387897,3.2147919999999996,CHN,JPN,252930
5037764,231,114,5769,1995,35647.0,0.0,1.771648,1.184,USA,JPN,252930
5037765,186,132,5769,1995,11264.0,0.0,0.364437,0.171494,RUS,LVA,252930
5037766,162,142,5769,1995,854.0,0.0,1.304391,1.8819119999999998,NLD,MLT,252930
5037767,14,166,5769,1995,0.0,3720.0,0.44442,0.789292,AUS,NZL,252930
5037768,39,166,5769,1995,30606.0,0.0,1.077804,1.0724200000000002,CAN,NZL,252930
5037769,162,166,5769,1995,1468.0,0.0,1.304391,1.8819119999999998,NLD,NZL,252930
5037770,163,166,5769,1995,31785.0,0.0,1.019741,0.394241,NOR,NZL,252930
5037771,39,188,5769,1995,5448.0,0.0,1.077804,1.0724200000000002,CAN,SAU,252930
5037772,162,188,5769,1995,17645.0,0.0,1.304391,1.8819119999999998,NLD,SAU,252930
5037773,163,188,5769,1995,17723.0,0.0,1.019741,0.394241,NOR,SAU,252930
5037774,183,188,5769,1995,0.0,49036.0,-0.721352,-1.0827799999999999,QAT,SAU,252930
5037775,22,192,5769,1995,0.0,1280.0,-1.037175,-0.983195,BGD,SGP,252930
5037776,61,192,5769,1995,4244.0,0.0,2.325385,-2.2238189999999998,DEU,SGP,252930
5037777,81,192,5769,1995,1002.0,0.0,1.8656979999999999,1.107121,GBR,SGP,252930
5037778,103,192,5769,1995,0.0,73383.0,-0.391727,1.174727,IDN,SGP,252930
5037779,153,192,5769,1995,0.0,283852.0,0.357745,0.374284,MYS,SGP,252930
5037780,163,192,5769,1995,734258.0,0.0,1.019741,0.394241,NOR,SGP,252930
5037781,174,192,5769,1995,0.0,75158.0,-0.480548,0.076564,PHL,SGP,252930
5037782,216,192,5769,1995,0.0,13688.0,0.174522,1.608058,THA,SGP,252930
5037783,249,192,5769,1995,0.0,62511.0,1.345205,1.9337389999999999,TWN,SGP,252930
5037784,163,206,5769,1995,3477.0,0.0,1.019741,0.394241,NOR,SVK,252930
5037785,61,207,5769,1995,16724.0,0.0,2.325385,-2.2238189999999998,DEU,SVN,252930
5037786,111,207,5769,1995,48815.0,0.0,1.503379,1.449094,ITA,SVN,252930
5037787,18,208,5769,1995,1014.0,0.0,1.615588,1.394102,BEL,SWE,252930
5037788,61,208,5769,1995,0.0,1971.0,2.325385,-2.2238189999999998,DEU,SWE,252930
5037789,162,208,5769,1995,1244.0,0.0,1.304391,1.8819119999999998,NLD,SWE,252930
5037790,163,208,5769,1995,609092.0,0.0,1.019741,0.394241,NOR,SWE,252930
5037791,61,224,5769,1995,1880.0,0.0,2.325385,-2.2238189999999998,DEU,TUR,252930
5037792,111,224,5769,1995,3078.0,0.0,1.503379,1.449094,ITA,TUR,252930
5037793,163,224,5769,1995,1913.0,0.0,1.019741,0.394241,NOR,TUR,252930
5037794,61,246,5769,1995,6696.0,0.0,2.325385,-2.2238189999999998,DEU,ZAF,252930
5037795,162,246,5769,1995,22473.0,0.0,1.304391,1.8819119999999998,NLD,ZAF,252930
5037796,163,246,5769,1995,8229.0,0.0,1.019741,0.394241,NOR,ZAF,252930
5037797,231,246,5769,1995,2981.0,0.0,1.771648,1.184,USA,ZAF,252930
5037798,39,8,5769,1995,24155.0,0.0,1.077804,1.0724200000000002,CAN,ARG,252930
5037799,71,8,5769,1995,12060.0,0.0,1.144247,1.933844,ESP,ARG,252930
5037800,111,8,5769,1995,3471.0,0.0,1.503379,1.449094,ITA,ARG,252930
5037801,61,90,5769,1995,1019.0,0.0,2.325385,-2.2238189999999998,DEU,GRC,252930
5037802,111,90,5769,1995,0.0,3206.0,1.503379,1.449094,ITA,GRC,252930
5037803,163,90,5769,1995,532929.0,0.0,1.019741,0.394241,NOR,GRC,252930
5037804,163,102,5769,1995,5845.0,0.0,1.019741,0.394241,NOR,HUN,252930
5037805,18,134,5769,1995,16266.0,0.0,1.615588,1.394102,BEL,MAR,252930
5037806,39,134,5769,1995,19500.0,0.0,1.077804,1.0724200000000002,CAN,MAR,252930
5037807,71,134,5769,1995,2224.0,0.0,1.144247,1.933844,ESP,MAR,252930
5037808,111,134,5769,1995,1687.0,0.0,1.503379,1.449094,ITA,MAR,252930
5037809,163,134,5769,1995,3474.0,0.0,1.019741,0.394241,NOR,MAR,252930
5037810,179,134,5769,1995,16914.0,0.0,0.412677,1.254009,PRT,MAR,252930
5037811,77,215,5769,1995,0.0,46051.0,1.768484,0.765537,FRA,TGO,252930
5037812,39,223,5769,1995,56405.0,0.0,1.077804,1.0724200000000002,CAN,TUN,252930
5037813,111,223,5769,1995,54993.0,0.0,1.503379,1.449094,ITA,TUN,252930
5037814,162,236,5769,1995,8473.0,0.0,1.304391,1.8819119999999998,NLD,VEN,252930
5037815,163,236,5769,1995,150306.0,0.0,1.019741,0.394241,NOR,VEN,252930
5037816,39,65,5769,1995,28904.0,0.0,1.077804,1.0724200000000002,CAN,DOM,252930
5037817,61,67,5769,1995,865.0,0.0,2.325385,-2.2238189999999998,DEU,ECU,252930
5037818,39,174,5769,1995,43789.0,0.0,1.077804,1.0724200000000002,CAN,PHL,252930
5037819,163,174,5769,1995,33436.0,0.0,1.019741,0.394241,NOR,PHL,252930
5037820,192,174,5769,1995,75158.0,0.0,0.747684,0.4745,SGP,PHL,252930
5037821,72,186,5769,1995,0.0,2670.0,0.530041,1.134288,EST,RUS,252930
5037822,130,186,5769,1995,0.0,50303.0,0.41220500000000004,0.966966,LTU,RUS,252930
5037823,132,186,5769,1995,0.0,11264.0,0.25453400000000004,0.174809,LVA,RUS,252930
5037824,81,239,5769,1995,1051.0,0.0,1.8656979999999999,1.107121,GBR,VNM,252930
5037825,39,249,5769,1995,783965.0,0.0,1.077804,1.0724200000000002,CAN,TWN,252930
5037826,103,249,5769,1995,0.0,44646.0,-0.391727,1.174727,IDN,TWN,252930
5037827,121,249,5769,1995,0.0,3962.0,0.845175,1.2761799999999999,KOR,TWN,252930
5037828,163,249,5769,1995,1242192.0,0.0,1.019741,0.394241,NOR,TWN,252930
5037829,192,249,5769,1995,62511.0,0.0,0.747684,0.4745,SGP,TWN,252930
5037830,14,250,5769,1995,0.0,3703.0,0.44442,0.789292,AUS,ANS,252930
5037831,39,250,5769,1995,0.0,30837.0,1.077804,1.0724200000000002,CAN,ANS,252930
5037832,177,250,5769,1995,0.0,5957.0,0.76393,1.802648,POL,ANS,252930
5037833,39,160,5769,1995,8451.0,0.0,1.077804,1.0724200000000002,CAN,NIC,252930
5037834,186,130,5769,1995,50303.0,0.0,0.364437,0.171494,RUS,LTU,252930
5037835,162,6,5769,1995,1831.0,0.0,1.304391,1.8819119999999998,NLD,ANT,252930
5037836,163,7,5769,1995,89271.0,0.0,1.019741,0.394241,NOR,ARE,252930
5037837,163,23,5769,1995,6322.0,0.0,1.019741,0.394241,NOR,BGR,252930
5037838,18,24,5769,1995,127804.0,0.0,1.615588,1.394102,BEL,BHR,252930
5037839,113,124,5769,1995,1425.0,0.0,0.666542,0.326785,JOR,LBN,252930
5037840,39,128,5769,1995,2248.0,0.0,1.077804,1.0724200000000002,CAN,LKA,252930
5037841,163,128,5769,1995,17815.0,0.0,1.019741,0.394241,NOR,LKA,252930
5037842,188,183,5769,1995,49036.0,0.0,0.401573,-0.6676529999999999,SAU,QAT,252930
5037843,231,182,5769,1995,4599.0,0.0,1.771648,1.184,USA,PYF,252930
5037844,18,15,5772,1995,0.0,9358.0,1.615588,1.394102,BEL,AUT,253030
5037845,61,15,5772,1995,1039.0,0.0,2.325385,-2.2238189999999998,DEU,AUT,253030
5037846,15,18,5772,1995,9358.0,0.0,2.000295,0.661255,AUT,BEL,253030
5037847,58,18,5772,1995,25380.0,0.0,0.263764,0.030358999999999997,CYP,BEL,253030
5037848,61,18,5772,1995,20108.0,1054.0,2.325385,-2.2238189999999998,DEU,BEL,253030
5037849,77,18,5772,1995,23988.0,2117.0,1.768484,0.765537,FRA,BEL,253030
5037850,81,18,5772,1995,1779.0,0.0,1.8656979999999999,1.107121,GBR,BEL,253030
5037851,113,18,5772,1995,0.0,13452.0,0.666542,0.326785,JOR,BEL,253030
5037852,114,18,5772,1995,4203.0,0.0,2.56822,0.927307,JPN,BEL,253030
5037853,159,18,5772,1995,13728.0,0.0,-2.108206,-1.2017520000000002,NGA,BEL,253030
5037854,162,18,5772,1995,7788.0,1633.0,1.304391,1.8819119999999998,NLD,BEL,253030
5037855,174,18,5772,1995,0.0,60470.0,-0.480548,0.076564,PHL,BEL,253030
5037856,177,18,5772,1995,0.0,9810.0,0.76393,1.802648,POL,BEL,253030
5037857,208,18,5772,1995,0.0,22301.0,2.246997,1.060171,SWE,BEL,253030
5037858,224,18,5772,1995,0.0,1998.0,0.166794,1.209066,TUR,BEL,253030
5037859,246,18,5772,1995,182317.0,0.0,0.468112,1.039817,ZAF,BEL,253030
5037860,231,32,5772,1995,21784.0,0.0,1.771648,1.184,USA,BRA,253030
5037861,77,43,5772,1995,253927.0,0.0,1.768484,0.765537,FRA,CHN,253030
5037862,81,43,5772,1995,0.0,419620.0,1.8656979999999999,1.107121,GBR,CHN,253030
5037863,114,43,5772,1995,99359.0,90438.0,2.56822,0.927307,JPN,CHN,253030
5037864,190,43,5772,1995,0.0,16920.0,-0.776567,-0.963823,SDN,CHN,253030
5037865,71,49,5772,1995,5124.0,0.0,1.144247,1.933844,ESP,COL,253030
5037866,61,52,5772,1995,21902.0,0.0,2.325385,-2.2238189999999998,DEU,CRI,253030
5037867,160,52,5772,1995,0.0,967.0,-0.395096,-0.559934,NIC,CRI,253030
5037868,231,52,5772,1995,4077.0,0.0,1.771648,1.184,USA,CRI,253030
5037869,15,61,5772,1995,0.0,1039.0,2.000295,0.661255,AUT,DEU,253030
5037870,18,61,5772,1995,1054.0,20108.0,1.615588,1.394102,BEL,DEU,253030
5037871,31,61,5772,1995,0.0,55036.0,-0.440583,-0.688389,BOL,DEU,253030
5037872,41,61,5772,1995,0.0,19513.0,2.1893029999999998,0.82765,CHE,DEU,253030
5037873,52,61,5772,1995,0.0,21902.0,-0.30094699999999996,-0.046285,CRI,DEU,253030
5037874,58,61,5772,1995,26118.0,0.0,0.263764,0.030358999999999997,CYP,DEU,253030
5037875,59,61,5772,1995,1987.0,74652.0,1.375091,1.628069,CZE,DEU,253030
5037876,64,61,5772,1995,0.0,2944.0,1.3800270000000001,1.489036,DNK,DEU,253030
5037877,68,61,5772,1995,0.0,7651.0,-0.340042,-0.085601,EGY,DEU,253030
5037878,71,61,5772,1995,0.0,51490.0,1.144247,1.933844,ESP,DEU,253030
5037879,77,61,5772,1995,556097.0,4098.0,1.768484,0.765537,FRA,DEU,253030
5037880,81,61,5772,1995,951.0,15810.0,1.8656979999999999,1.107121,GBR,DEU,253030
5037881,90,61,5772,1995,1008.0,2038.0,0.17369,0.885756,GRC,DEU,253030
5037882,102,61,5772,1995,0.0,3007.0,0.878711,1.8200060000000002,HUN,DEU,253030
5037883,103,61,5772,1995,0.0,1292.0,-0.391727,1.174727,IDN,DEU,253030
5037884,111,61,5772,1995,24905.0,5017.0,1.503379,1.449094,ITA,DEU,253030
5037885,114,61,5772,1995,14893.0,3882.0,2.56822,0.927307,JPN,DEU,253030
5037886,138,61,5772,1995,0.0,2012.0,0.6414300000000001,0.9697520000000001,MEX,DEU,253030
5037887,140,61,5772,1995,0.0,1030.0,0.34174,0.648467,MKD,DEU,253030
5037888,162,61,5772,1995,100010.0,32443.0,1.304391,1.8819119999999998,NLD,DEU,253030
5037889,177,61,5772,1995,0.0,557151.0,0.76393,1.802648,POL,DEU,253030
5037890,207,61,5772,1995,0.0,1932.0,1.424606,1.490521,SVN,DEU,253030
5037891,208,61,5772,1995,0.0,6108.0,2.246997,1.060171,SWE,DEU,253030
5037892,224,61,5772,1995,0.0,41153.0,0.166794,1.209066,TUR,DEU,253030
5037893,231,61,5772,1995,151425.0,206100.0,1.771648,1.184,USA,DEU,253030
5037894,58,64,5772,1995,44632.0,0.0,0.263764,0.030358999999999997,CYP,DNK,253030
5037895,61,64,5772,1995,2944.0,0.0,2.325385,-2.2238189999999998,DEU,DNK,253030
5037896,77,64,5772,1995,1964.0,0.0,1.768484,0.765537,FRA,DNK,253030
5037897,111,64,5772,1995,0.0,3440.0,1.503379,1.449094,ITA,DNK,253030
5037898,162,64,5772,1995,9602.0,0.0,1.304391,1.8819119999999998,NLD,DNK,253030
5037899,163,64,5772,1995,0.0,1133634.0,1.019741,0.394241,NOR,DNK,253030
5037900,208,64,5772,1995,2428.0,0.0,2.246997,1.060171,SWE,DNK,253030
5037901,231,64,5772,1995,14976.0,0.0,1.771648,1.184,USA,DNK,253030
5037902,42,71,5772,1995,0.0,6955.0,-0.073436,-0.192675,CHL,ESP,253030
5037903,49,71,5772,1995,0.0,5124.0,0.094335,0.13047999999999998,COL,ESP,253030
5037904,61,71,5772,1995,51490.0,0.0,2.325385,-2.2238189999999998,DEU,ESP,253030
5037905,77,71,5772,1995,248711.0,3572.0,1.768484,0.765537,FRA,ESP,253030
5037906,81,71,5772,1995,65968.0,5805.0,1.8656979999999999,1.107121,GBR,ESP,253030
5037907,84,71,5772,1995,0.0,1087.0,0.784189,-0.224741,GIB,ESP,253030
5037908,111,71,5772,1995,4834.0,4730.0,1.503379,1.449094,ITA,ESP,253030
5037909,134,71,5772,1995,0.0,21729.0,-0.6481210000000001,-0.22345,MAR,ESP,253030
5037910,163,71,5772,1995,0.0,8688.0,1.019741,0.394241,NOR,ESP,253030
5037911,188,71,5772,1995,0.0,38368.0,0.401573,-0.6676529999999999,SAU,ESP,253030
5037912,215,71,5772,1995,0.0,1936.0,-0.962727,-0.873151,TGO,ESP,253030
5037913,223,71,5772,1995,0.0,16232.0,-0.253792,-0.044331,TUN,ESP,253030
5037914,224,71,5772,1995,0.0,1355.0,0.166794,1.209066,TUR,ESP,253030
5037915,58,74,5772,1995,2585.0,0.0,0.263764,0.030358999999999997,CYP,FIN,253030
5037916,77,74,5772,1995,8030.0,0.0,1.768484,0.765537,FRA,FIN,253030
5037917,142,74,5772,1995,0.0,6462.0,0.842519,0.11882899999999999,MLT,FIN,253030
5037918,208,74,5772,1995,3142.0,0.0,2.246997,1.060171,SWE,FIN,253030
5037919,14,77,5772,1995,0.0,34354.0,0.44442,0.789292,AUS,FRA,253030
5037920,18,77,5772,1995,2117.0,23988.0,1.615588,1.394102,BEL,FRA,253030
5037921,19,77,5772,1995,0.0,31629.0,-1.142708,-0.9045280000000001,BEN,FRA,253030
5037922,21,77,5772,1995,0.0,10052.0,-0.695354,-0.902185,BFA,FRA,253030
5037923,39,77,5772,1995,3602.0,0.0,1.077804,1.0724200000000002,CAN,FRA,253030
5037924,41,77,5772,1995,39403.0,12484.0,2.1893029999999998,0.82765,CHE,FRA,253030
5037925,43,77,5772,1995,0.0,253927.0,0.387897,3.2147919999999996,CHN,FRA,253030
5037926,44,77,5772,1995,4036.0,9061.0,-0.781656,-0.74293,CIV,FRA,253030
5037927,45,77,5772,1995,0.0,10163.0,-1.121716,-0.9758020000000001,CMR,FRA,253030
5037928,47,77,5772,1995,0.0,1449.0,-0.648521,-1.0392190000000001,COG,FRA,253030
5037929,59,77,5772,1995,0.0,4149.0,1.375091,1.628069,CZE,FRA,253030
5037930,61,77,5772,1995,4098.0,556097.0,2.325385,-2.2238189999999998,DEU,FRA,253030
5037931,64,77,5772,1995,0.0,1964.0,1.3800270000000001,1.489036,DNK,FRA,253030
5037932,66,77,5772,1995,0.0,18031.0,-0.555409,-1.037972,DZA,FRA,253030
5037933,71,77,5772,1995,3572.0,248711.0,1.144247,1.933844,ESP,FRA,253030
5037934,74,77,5772,1995,0.0,8030.0,2.0085740000000003,1.126816,FIN,FRA,253030
5037935,81,77,5772,1995,2649.0,118024.0,1.8656979999999999,1.107121,GBR,FRA,253030
5037936,86,77,5772,1995,0.0,3822.0,0.563491,-0.18852,GLP,FRA,253030
5037937,97,77,5772,1995,0.0,933039.0,0.5244449999999999,2.682738,HKG,FRA,253030
5037938,103,77,5772,1995,0.0,231124.0,-0.391727,1.174727,IDN,FRA,253030
5037939,107,77,5772,1995,0.0,1834.0,-0.821991,-1.071013,IRN,FRA,253030
5037940,111,77,5772,1995,18588.0,2063479.0,1.503379,1.449094,ITA,FRA,253030
5037941,114,77,5772,1995,0.0,27667.0,2.56822,0.927307,JPN,FRA,253030
5037942,121,77,5772,1995,0.0,29266.0,0.845175,1.2761799999999999,KOR,FRA,253030
5037943,124,77,5772,1995,0.0,62221.0,0.027416000000000003,0.327795,LBN,FRA,253030
5037944,128,77,5772,1995,0.0,41441.0,-0.8358030000000001,-0.29397199999999996,LKA,FRA,253030
5037945,134,77,5772,1995,0.0,58900.0,-0.6481210000000001,-0.22345,MAR,FRA,253030
5037946,153,77,5772,1995,0.0,414047.0,0.357745,0.374284,MYS,FRA,253030
5037947,162,77,5772,1995,43410.0,156512.0,1.304391,1.8819119999999998,NLD,FRA,253030
5037948,163,77,5772,1995,0.0,13760.0,1.019741,0.394241,NOR,FRA,253030
5037949,177,77,5772,1995,0.0,3277.0,0.76393,1.802648,POL,FRA,253030
5037950,179,77,5772,1995,0.0,222794.0,0.412677,1.254009,PRT,FRA,253030
5037951,184,77,5772,1995,0.0,13159.0,0.728825,-0.178569,REU,FRA,253030
5037952,192,77,5772,1995,0.0,53100.0,0.747684,0.4745,SGP,FRA,253030
5037953,208,77,5772,1995,6580.0,22071.0,2.246997,1.060171,SWE,FRA,253030
5037954,215,77,5772,1995,0.0,40238.0,-0.962727,-0.873151,TGO,FRA,253030
5037955,216,77,5772,1995,8463.0,25155.0,0.174522,1.608058,THA,FRA,253030
5037956,223,77,5772,1995,0.0,33815.0,-0.253792,-0.044331,TUN,FRA,253030
5037957,224,77,5772,1995,0.0,17298.0,0.166794,1.209066,TUR,FRA,253030
5037958,231,77,5772,1995,4134.0,199367.0,1.771648,1.184,USA,FRA,253030
5037959,249,77,5772,1995,0.0,3268219.0,1.345205,1.9337389999999999,TWN,FRA,253030
5037960,7,81,5772,1995,0.0,13715.0,-0.205166,-0.6132380000000001,ARE,GBR,253030
5037961,14,81,5772,1995,0.0,62821.0,0.44442,0.789292,AUS,GBR,253030
5037962,18,81,5772,1995,0.0,1779.0,1.615588,1.394102,BEL,GBR,253030
5037963,39,81,5772,1995,14248.0,0.0,1.077804,1.0724200000000002,CAN,GBR,253030
5037964,41,81,5772,1995,0.0,961.0,2.1893029999999998,0.82765,CHE,GBR,253030
5037965,43,81,5772,1995,419620.0,0.0,0.387897,3.2147919999999996,CHN,GBR,253030
5037966,58,81,5772,1995,54478.0,1453.0,0.263764,0.030358999999999997,CYP,GBR,253030
5037967,61,81,5772,1995,15810.0,951.0,2.325385,-2.2238189999999998,DEU,GBR,253030
5037968,71,81,5772,1995,5805.0,65968.0,1.144247,1.933844,ESP,GBR,253030
5037969,77,81,5772,1995,118024.0,2649.0,1.768484,0.765537,FRA,GBR,253030
5037970,97,81,5772,1995,0.0,4534.0,0.5244449999999999,2.682738,HKG,GBR,253030
5037971,103,81,5772,1995,0.0,6646.0,-0.391727,1.174727,IDN,GBR,253030
5037972,104,81,5772,1995,102482.0,1650.0,0.156183,1.9617380000000002,IND,GBR,253030
5037973,106,81,5772,1995,0.0,4504.0,1.349192,0.992099,IRL,GBR,253030
5037974,109,81,5772,1995,0.0,12865.0,0.161331,-0.45210100000000003,ISL,GBR,253030
5037975,110,81,5772,1995,0.0,14967.0,1.205368,1.189434,ISR,GBR,253030
5037976,111,81,5772,1995,18564.0,0.0,1.503379,1.449094,ITA,GBR,253030
5037977,113,81,5772,1995,0.0,8162.0,0.666542,0.326785,JOR,GBR,253030
5037978,114,81,5772,1995,0.0,21215.0,2.56822,0.927307,JPN,GBR,253030
5037979,116,81,5772,1995,0.0,21963.0,-0.303773,0.111305,KEN,GBR,253030
5037980,121,81,5772,1995,0.0,25886.0,0.845175,1.2761799999999999,KOR,GBR,253030
5037981,128,81,5772,1995,0.0,20901.0,-0.8358030000000001,-0.29397199999999996,LKA,GBR,253030
5037982,134,81,5772,1995,0.0,36064.0,-0.6481210000000001,-0.22345,MAR,GBR,253030
5037983,142,81,5772,1995,0.0,2612.0,0.842519,0.11882899999999999,MLT,GBR,253030
5037984,151,81,5772,1995,0.0,10031.0,-0.432644,-0.574298,MUS,GBR,253030
5037985,153,81,5772,1995,0.0,30742.0,0.357745,0.374284,MYS,GBR,253030
5037986,159,81,5772,1995,0.0,99923.0,-2.108206,-1.2017520000000002,NGA,GBR,253030
5037987,166,81,5772,1995,0.0,3044.0,0.5558270000000001,0.773271,NZL,GBR,253030
5037988,173,81,5772,1995,0.0,7169.0,-0.263859,-0.21032800000000001,PER,GBR,253030
5037989,174,81,5772,1995,0.0,19329.0,-0.480548,0.076564,PHL,GBR,253030
5037990,179,81,5772,1995,0.0,1372.0,0.412677,1.254009,PRT,GBR,253030
5037991,188,81,5772,1995,0.0,11485.0,0.401573,-0.6676529999999999,SAU,GBR,253030
5037992,192,81,5772,1995,0.0,8584.0,0.747684,0.4745,SGP,GBR,253030
5037993,208,81,5772,1995,0.0,2005.0,2.246997,1.060171,SWE,GBR,253030
5037994,216,81,5772,1995,0.0,12372.0,0.174522,1.608058,THA,GBR,253030
5037995,231,81,5772,1995,132342.0,49261.0,1.771648,1.184,USA,GBR,253030
5037996,246,81,5772,1995,12595.0,4485.0,0.468112,1.039817,ZAF,GBR,253030
5037997,249,81,5772,1995,0.0,1178.0,1.345205,1.9337389999999999,TWN,GBR,253030
5037998,77,86,5772,1995,3822.0,0.0,1.768484,0.765537,FRA,GLP,253030
5037999,77,97,5772,1995,933039.0,0.0,1.768484,0.765537,FRA,HKG,253030
5038000,81,97,5772,1995,4534.0,0.0,1.8656979999999999,1.107121,GBR,HKG,253030
5038001,103,97,5772,1995,244150.0,0.0,-0.391727,1.174727,IDN,HKG,253030
5038002,138,99,5772,1995,19241.0,0.0,0.6414300000000001,0.9697520000000001,MEX,HND,253030
5038003,231,99,5772,1995,3379.0,0.0,1.771648,1.184,USA,HND,253030
5038004,81,106,5772,1995,4504.0,0.0,1.8656979999999999,1.107121,GBR,IRL,253030
5038005,58,110,5772,1995,1132.0,0.0,0.263764,0.030358999999999997,CYP,ISR,253030
5038006,81,110,5772,1995,14967.0,0.0,1.8656979999999999,1.107121,GBR,ISR,253030
5038007,41,111,5772,1995,0.0,3787.0,2.1893029999999998,0.82765,CHE,ITA,253030
5038008,58,111,5772,1995,26209.0,10609.0,0.263764,0.030358999999999997,CYP,ITA,253030
5038009,59,111,5772,1995,0.0,1695.0,1.375091,1.628069,CZE,ITA,253030
5038010,61,111,5772,1995,5017.0,24905.0,2.325385,-2.2238189999999998,DEU,ITA,253030
5038011,64,111,5772,1995,3440.0,0.0,1.3800270000000001,1.489036,DNK,ITA,253030
5038012,67,111,5772,1995,0.0,2630.0,-0.948154,-0.9595790000000001,ECU,ITA,253030
5038013,68,111,5772,1995,0.0,1505.0,-0.340042,-0.085601,EGY,ITA,253030
5038014,71,111,5772,1995,4730.0,4834.0,1.144247,1.933844,ESP,ITA,253030
5038015,77,111,5772,1995,2063479.0,18588.0,1.768484,0.765537,FRA,ITA,253030
5038016,81,111,5772,1995,0.0,18564.0,1.8656979999999999,1.107121,GBR,ITA,253030
5038017,90,111,5772,1995,0.0,18488.0,0.17369,0.885756,GRC,ITA,253030
5038018,100,111,5772,1995,0.0,10369.0,0.75325,1.395715,HRV,ITA,253030
5038019,102,111,5772,1995,0.0,14798.0,0.878711,1.8200060000000002,HUN,ITA,253030
5038020,113,111,5772,1995,0.0,14844.0,0.666542,0.326785,JOR,ITA,253030
5038021,162,111,5772,1995,0.0,19524.0,1.304391,1.8819119999999998,NLD,ITA,253030
5038022,177,111,5772,1995,0.0,18129.0,0.76393,1.802648,POL,ITA,253030
5038023,192,111,5772,1995,0.0,60108.0,0.747684,0.4745,SGP,ITA,253030
5038024,206,111,5772,1995,0.0,4566.0,1.2249780000000001,1.405585,SVK,ITA,253030
5038025,208,111,5772,1995,0.0,19703.0,2.246997,1.060171,SWE,ITA,253030
5038026,215,111,5772,1995,0.0,5246.0,-0.962727,-0.873151,TGO,ITA,253030
5038027,224,111,5772,1995,0.0,23682.0,0.166794,1.209066,TUR,ITA,253030
5038028,44,121,5772,1995,0.0,9269.0,-0.781656,-0.74293,CIV,KOR,253030
5038029,77,121,5772,1995,29266.0,0.0,1.768484,0.765537,FRA,KOR,253030
5038030,81,121,5772,1995,25886.0,0.0,1.8656979999999999,1.107121,GBR,KOR,253030
5038031,103,121,5772,1995,0.0,22529.0,-0.391727,1.174727,IDN,KOR,253030
5038032,231,121,5772,1995,17184.0,0.0,1.771648,1.184,USA,KOR,253030
5038033,31,138,5772,1995,0.0,6439.0,-0.440583,-0.688389,BOL,MEX,253030
5038034,54,138,5772,1995,0.0,3002.0,-0.315644,-0.8812110000000001,CUB,MEX,253030
5038035,61,138,5772,1995,2012.0,0.0,2.325385,-2.2238189999999998,DEU,MEX,253030
5038036,99,138,5772,1995,0.0,19241.0,-0.765536,-0.668834,HND,MEX,253030
5038037,160,138,5772,1995,0.0,30524.0,-0.395096,-0.559934,NIC,MEX,253030
5038038,231,138,5772,1995,104750.0,2043.0,1.771648,1.184,USA,MEX,253030
5038039,14,153,5772,1995,4229.0,0.0,0.44442,0.789292,AUS,MYS,253030
5038040,39,153,5772,1995,14169.0,0.0,1.077804,1.0724200000000002,CAN,MYS,253030
5038041,77,153,5772,1995,414047.0,0.0,1.768484,0.765537,FRA,MYS,253030
5038042,81,153,5772,1995,30742.0,0.0,1.8656979999999999,1.107121,GBR,MYS,253030
5038043,103,153,5772,1995,140615.0,0.0,-0.391727,1.174727,IDN,MYS,253030
5038044,104,153,5772,1995,2024.0,0.0,0.156183,1.9617380000000002,IND,MYS,253030
5038045,192,153,5772,1995,181359.0,0.0,0.747684,0.4745,SGP,MYS,253030
5038046,216,153,5772,1995,0.0,1561.0,0.174522,1.608058,THA,MYS,253030
5038047,18,162,5772,1995,1633.0,7788.0,1.615588,1.394102,BEL,NLD,253030
5038048,41,162,5772,1995,0.0,3599.0,2.1893029999999998,0.82765,CHE,NLD,253030
5038049,58,162,5772,1995,3822.0,0.0,0.263764,0.030358999999999997,CYP,NLD,253030
5038050,61,162,5772,1995,32443.0,100010.0,2.325385,-2.2238189999999998,DEU,NLD,253030
5038051,64,162,5772,1995,0.0,9602.0,1.3800270000000001,1.489036,DNK,NLD,253030
5038052,77,162,5772,1995,156512.0,43410.0,1.768484,0.765537,FRA,NLD,253030
5038053,103,162,5772,1995,0.0,11645.0,-0.391727,1.174727,IDN,NLD,253030
5038054,111,162,5772,1995,19524.0,0.0,1.503379,1.449094,ITA,NLD,253030
5038055,224,162,5772,1995,0.0,9362.0,0.166794,1.209066,TUR,NLD,253030
5038056,249,162,5772,1995,0.0,354476.0,1.345205,1.9337389999999999,TWN,NLD,253030
5038057,14,163,5772,1995,0.0,7113.0,0.44442,0.789292,AUS,NOR,253030
5038058,64,163,5772,1995,1133634.0,0.0,1.3800270000000001,1.489036,DNK,NOR,253030
5038059,71,163,5772,1995,8688.0,0.0,1.144247,1.933844,ESP,NOR,253030
5038060,77,163,5772,1995,13760.0,0.0,1.768484,0.765537,FRA,NOR,253030
5038061,208,163,5772,1995,11613.0,2509.0,2.246997,1.060171,SWE,NOR,253030
5038062,236,163,5772,1995,0.0,2361.0,0.299294,-0.635474,VEN,NOR,253030
5038063,160,169,5772,1995,0.0,6624.0,-0.395096,-0.559934,NIC,PAN,253030
5038064,231,169,5772,1995,18412.0,0.0,1.771648,1.184,USA,PAN,253030
5038065,81,173,5772,1995,7169.0,0.0,1.8656979999999999,1.107121,GBR,PER,253030
5038066,18,177,5772,1995,9810.0,0.0,1.615588,1.394102,BEL,POL,253030
5038067,61,177,5772,1995,557151.0,0.0,2.325385,-2.2238189999999998,DEU,POL,253030
5038068,77,177,5772,1995,3277.0,0.0,1.768484,0.765537,FRA,POL,253030
5038069,111,177,5772,1995,18129.0,0.0,1.503379,1.449094,ITA,POL,253030
5038070,130,177,5772,1995,0.0,2936.0,0.41220500000000004,0.966966,LTU,POL,253030
5038071,231,177,5772,1995,4812.0,16649.0,1.771648,1.184,USA,POL,253030
5038072,250,177,5772,1995,15317.0,0.0,1.034518,0.9735149999999999,ANS,POL,253030
5038073,51,179,5772,1995,0.0,2369.0,0.302241,-0.532841,CPV,PRT,253030
5038074,77,179,5772,1995,222794.0,0.0,1.768484,0.765537,FRA,PRT,253030
5038075,81,179,5772,1995,1372.0,0.0,1.8656979999999999,1.107121,GBR,PRT,253030
5038076,88,179,5772,1995,0.0,2143.0,-1.58566,-0.8226829999999999,GNB,PRT,253030
5038077,203,179,5772,1995,0.0,1363.0,0.449305,-0.360527,STP,PRT,253030
5038078,77,216,5772,1995,25155.0,8463.0,1.768484,0.765537,FRA,THA,253030
5038079,81,216,5772,1995,12372.0,0.0,1.8656979999999999,1.107121,GBR,THA,253030
5038080,153,216,5772,1995,1561.0,0.0,0.357745,0.374284,MYS,THA,253030
5038081,208,216,5772,1995,2188.0,0.0,2.246997,1.060171,SWE,THA,253030
5038082,231,216,5772,1995,8740.0,0.0,1.771648,1.184,USA,THA,253030
5038083,14,231,5772,1995,0.0,23735.0,0.44442,0.789292,AUS,USA,253030
5038084,25,231,5772,1995,0.0,3004.0,0.501206,-0.32106799999999996,BHS,USA,253030
5038085,32,231,5772,1995,0.0,21784.0,0.687171,1.188647,BRA,USA,253030
5038086,39,231,5772,1995,0.0,189160.0,1.077804,1.0724200000000002,CAN,USA,253030
5038087,42,231,5772,1995,0.0,10354.0,-0.073436,-0.192675,CHL,USA,253030
5038088,52,231,5772,1995,0.0,4077.0,-0.30094699999999996,-0.046285,CRI,USA,253030
5038089,58,231,5772,1995,842820.0,0.0,0.263764,0.030358999999999997,CYP,USA,253030
5038090,61,231,5772,1995,206100.0,151425.0,2.325385,-2.2238189999999998,DEU,USA,253030
5038091,64,231,5772,1995,0.0,14976.0,1.3800270000000001,1.489036,DNK,USA,253030
5038092,65,231,5772,1995,0.0,21699.0,-0.635482,-0.746526,DOM,USA,253030
5038093,67,231,5772,1995,0.0,10888.0,-0.948154,-0.9595790000000001,ECU,USA,253030
5038094,77,231,5772,1995,199367.0,4134.0,1.768484,0.765537,FRA,USA,253030
5038095,81,231,5772,1995,49261.0,132342.0,1.8656979999999999,1.107121,GBR,USA,253030
5038096,99,231,5772,1995,0.0,3379.0,-0.765536,-0.668834,HND,USA,253030
5038097,104,231,5772,1995,0.0,9107.0,0.156183,1.9617380000000002,IND,USA,253030
5038098,112,231,5772,1995,0.0,11099.0,-0.873925,-0.952304,JAM,USA,253030
5038099,121,231,5772,1995,0.0,17184.0,0.845175,1.2761799999999999,KOR,USA,253030
5038100,138,231,5772,1995,2043.0,104750.0,0.6414300000000001,0.9697520000000001,MEX,USA,253030
5038101,160,231,5772,1995,0.0,19423.0,-0.395096,-0.559934,NIC,USA,253030
5038102,166,231,5772,1995,0.0,9516.0,0.5558270000000001,0.773271,NZL,USA,253030
5038103,169,231,5772,1995,0.0,18412.0,-0.019815,0.050906,PAN,USA,253030
5038104,174,231,5772,1995,0.0,75898.0,-0.480548,0.076564,PHL,USA,253030
5038105,177,231,5772,1995,16649.0,4812.0,0.76393,1.802648,POL,USA,253030
5038106,186,231,5772,1995,0.0,3495.0,0.364437,0.171494,RUS,USA,253030
5038107,188,231,5772,1995,0.0,6001.0,0.401573,-0.6676529999999999,SAU,USA,253030
5038108,197,231,5772,1995,0.0,10261.0,-0.17119600000000001,0.027889999999999998,SLV,USA,253030
5038109,216,231,5772,1995,0.0,8740.0,0.174522,1.608058,THA,USA,253030
5038110,236,231,5772,1995,0.0,232142.0,0.299294,-0.635474,VEN,USA,253030
5038111,246,231,5772,1995,0.0,7946.0,0.468112,1.039817,ZAF,USA,253030
5038112,24,14,5772,1995,0.0,21089.0,-0.239166,-0.8627950000000001,BHR,AUS,253030
5038113,58,14,5772,1995,2586.0,0.0,0.263764,0.030358999999999997,CYP,AUS,253030
5038114,77,14,5772,1995,34354.0,0.0,1.768484,0.765537,FRA,AUS,253030
5038115,81,14,5772,1995,62821.0,0.0,1.8656979999999999,1.107121,GBR,AUS,253030
5038116,153,14,5772,1995,0.0,4229.0,0.357745,0.374284,MYS,AUS,253030
5038117,163,14,5772,1995,7113.0,0.0,1.019741,0.394241,NOR,AUS,253030
5038118,166,14,5772,1995,0.0,1058.0,0.5558270000000001,0.773271,NZL,AUS,253030
5038119,231,14,5772,1995,23735.0,0.0,1.771648,1.184,USA,AUS,253030
5038120,104,22,5772,1995,17745.0,0.0,0.156183,1.9617380000000002,IND,BGD,253030
5038121,250,22,5772,1995,2510.0,0.0,1.034518,0.9735149999999999,ANS,BGD,253030
5038122,58,39,5772,1995,27400.0,0.0,0.263764,0.030358999999999997,CYP,CAN,253030
5038123,77,39,5772,1995,0.0,3602.0,1.768484,0.765537,FRA,CAN,253030
5038124,81,39,5772,1995,0.0,14248.0,1.8656979999999999,1.107121,GBR,CAN,253030
5038125,153,39,5772,1995,0.0,14169.0,0.357745,0.374284,MYS,CAN,253030
5038126,231,39,5772,1995,189160.0,0.0,1.771648,1.184,USA,CAN,253030
5038127,61,41,5772,1995,19513.0,0.0,2.325385,-2.2238189999999998,DEU,CHE,253030
5038128,77,41,5772,1995,12484.0,39403.0,1.768484,0.765537,FRA,CHE,253030
5038129,81,41,5772,1995,961.0,0.0,1.8656979999999999,1.107121,GBR,CHE,253030
5038130,111,41,5772,1995,3787.0,0.0,1.503379,1.449094,ITA,CHE,253030
5038131,162,41,5772,1995,3599.0,0.0,1.304391,1.8819119999999998,NLD,CHE,253030
5038132,71,42,5772,1995,6955.0,0.0,1.144247,1.933844,ESP,CHL,253030
5038133,231,42,5772,1995,10354.0,0.0,1.771648,1.184,USA,CHL,253030
5038134,28,59,5772,1995,0.0,17825.0,0.5290279999999999,0.27031700000000003,BLR,CZE,253030
5038135,61,59,5772,1995,74652.0,1987.0,2.325385,-2.2238189999999998,DEU,CZE,253030
5038136,77,59,5772,1995,4149.0,0.0,1.768484,0.765537,FRA,CZE,253030
5038137,111,59,5772,1995,1695.0,0.0,1.503379,1.449094,ITA,CZE,253030
5038138,115,59,5772,1995,0.0,15712.0,0.280262,-0.285508,KAZ,CZE,253030
5038139,58,68,5772,1995,20174.0,0.0,0.263764,0.030358999999999997,CYP,EGY,253030
5038140,61,68,5772,1995,7651.0,0.0,2.325385,-2.2238189999999998,DEU,EGY,253030
5038141,90,68,5772,1995,8244.0,0.0,0.17369,0.885756,GRC,EGY,253030
5038142,111,68,5772,1995,1505.0,0.0,1.503379,1.449094,ITA,EGY,253030
5038143,113,68,5772,1995,0.0,31805.0,0.666542,0.326785,JOR,EGY,253030
5038144,207,68,5772,1995,0.0,1878.0,1.424606,1.490521,SVN,EGY,253030
5038145,61,103,5772,1995,1292.0,0.0,2.325385,-2.2238189999999998,DEU,IDN,253030
5038146,77,103,5772,1995,231124.0,0.0,1.768484,0.765537,FRA,IDN,253030
5038147,81,103,5772,1995,6646.0,0.0,1.8656979999999999,1.107121,GBR,IDN,253030
5038148,97,103,5772,1995,0.0,244150.0,0.5244449999999999,2.682738,HKG,IDN,253030
5038149,104,103,5772,1995,7827.0,0.0,0.156183,1.9617380000000002,IND,IDN,253030
5038150,121,103,5772,1995,22529.0,0.0,0.845175,1.2761799999999999,KOR,IDN,253030
5038151,153,103,5772,1995,0.0,140615.0,0.357745,0.374284,MYS,IDN,253030
5038152,162,103,5772,1995,11645.0,0.0,1.304391,1.8819119999999998,NLD,IDN,253030
5038153,22,104,5772,1995,0.0,17745.0,-1.037175,-0.983195,BGD,IND,253030
5038154,81,104,5772,1995,1650.0,102482.0,1.8656979999999999,1.107121,GBR,IND,253030
5038155,103,104,5772,1995,0.0,7827.0,-0.391727,1.174727,IDN,IND,253030
5038156,116,104,5772,1995,0.0,3152.0,-0.303773,0.111305,KEN,IND,253030
5038157,152,104,5772,1995,0.0,4027.0,-1.1277709999999999,-1.0603049999999998,MWI,IND,253030
5038158,153,104,5772,1995,0.0,2024.0,0.357745,0.374284,MYS,IND,253030
5038159,188,104,5772,1995,0.0,4212.0,0.401573,-0.6676529999999999,SAU,IND,253030
5038160,226,104,5772,1995,0.0,42149.0,-1.219949,-0.8698969999999999,TZA,IND,253030
5038161,231,104,5772,1995,9107.0,0.0,1.771648,1.184,USA,IND,253030
5038162,18,113,5772,1995,13452.0,0.0,1.615588,1.394102,BEL,JOR,253030
5038163,68,113,5772,1995,31805.0,0.0,-0.340042,-0.085601,EGY,JOR,253030
5038164,81,113,5772,1995,8162.0,0.0,1.8656979999999999,1.107121,GBR,JOR,253030
5038165,111,113,5772,1995,14844.0,0.0,1.503379,1.449094,ITA,JOR,253030
5038166,188,113,5772,1995,0.0,1775.0,0.401573,-0.6676529999999999,SAU,JOR,253030
5038167,250,113,5772,1995,0.0,35639.0,1.034518,0.9735149999999999,ANS,JOR,253030
5038168,18,114,5772,1995,0.0,4203.0,1.615588,1.394102,BEL,JPN,253030
5038169,43,114,5772,1995,90438.0,99359.0,0.387897,3.2147919999999996,CHN,JPN,253030
5038170,61,114,5772,1995,3882.0,14893.0,2.325385,-2.2238189999999998,DEU,JPN,253030
5038171,77,114,5772,1995,27667.0,0.0,1.768484,0.765537,FRA,JPN,253030
5038172,81,114,5772,1995,21215.0,0.0,1.8656979999999999,1.107121,GBR,JPN,253030
5038173,102,114,5772,1995,0.0,6888.0,0.878711,1.8200060000000002,HUN,JPN,253030
5038174,130,132,5772,1995,4095.0,0.0,0.41220500000000004,0.966966,LTU,LVA,253030
5038175,186,132,5772,1995,4699.0,0.0,0.364437,0.171494,RUS,LVA,253030
5038176,74,142,5772,1995,6462.0,0.0,2.0085740000000003,1.126816,FIN,MLT,253030
5038177,81,142,5772,1995,2612.0,0.0,1.8656979999999999,1.107121,GBR,MLT,253030
5038178,14,166,5772,1995,1058.0,0.0,0.44442,0.789292,AUS,NZL,253030
5038179,81,166,5772,1995,3044.0,0.0,1.8656979999999999,1.107121,GBR,NZL,253030
5038180,231,166,5772,1995,9516.0,0.0,1.771648,1.184,USA,NZL,253030
5038181,224,185,5772,1995,903.0,0.0,0.166794,1.209066,TUR,ROU,253030
5038182,7,188,5772,1995,0.0,7089.0,-0.205166,-0.6132380000000001,ARE,SAU,253030
5038183,71,188,5772,1995,38368.0,0.0,1.144247,1.933844,ESP,SAU,253030
5038184,81,188,5772,1995,11485.0,0.0,1.8656979999999999,1.107121,GBR,SAU,253030
5038185,104,188,5772,1995,4212.0,0.0,0.156183,1.9617380000000002,IND,SAU,253030
5038186,113,188,5772,1995,1775.0,0.0,0.666542,0.326785,JOR,SAU,253030
5038187,122,188,5772,1995,0.0,1001.0,-0.226273,-1.02354,KWT,SAU,253030
5038188,183,188,5772,1995,0.0,8012.0,-0.721352,-1.0827799999999999,QAT,SAU,253030
5038189,231,188,5772,1995,6001.0,0.0,1.771648,1.184,USA,SAU,253030
5038190,77,192,5772,1995,53100.0,0.0,1.768484,0.765537,FRA,SGP,253030
5038191,81,192,5772,1995,8584.0,0.0,1.8656979999999999,1.107121,GBR,SGP,253030
5038192,111,192,5772,1995,60108.0,0.0,1.503379,1.449094,ITA,SGP,253030
5038193,153,192,5772,1995,0.0,181359.0,0.357745,0.374284,MYS,SGP,253030
5038194,111,206,5772,1995,4566.0,0.0,1.503379,1.449094,ITA,SVK,253030
5038195,58,207,5772,1995,4760.0,0.0,0.263764,0.030358999999999997,CYP,SVN,253030
5038196,61,207,5772,1995,1932.0,0.0,2.325385,-2.2238189999999998,DEU,SVN,253030
5038197,68,207,5772,1995,1878.0,0.0,-0.340042,-0.085601,EGY,SVN,253030
5038198,18,208,5772,1995,22301.0,0.0,1.615588,1.394102,BEL,SWE,253030
5038199,58,208,5772,1995,1410.0,0.0,0.263764,0.030358999999999997,CYP,SWE,253030
5038200,61,208,5772,1995,6108.0,0.0,2.325385,-2.2238189999999998,DEU,SWE,253030
5038201,64,208,5772,1995,0.0,2428.0,1.3800270000000001,1.489036,DNK,SWE,253030
5038202,74,208,5772,1995,0.0,3142.0,2.0085740000000003,1.126816,FIN,SWE,253030
5038203,77,208,5772,1995,22071.0,6580.0,1.768484,0.765537,FRA,SWE,253030
5038204,81,208,5772,1995,2005.0,0.0,1.8656979999999999,1.107121,GBR,SWE,253030
5038205,90,208,5772,1995,1553.0,0.0,0.17369,0.885756,GRC,SWE,253030
5038206,111,208,5772,1995,19703.0,0.0,1.503379,1.449094,ITA,SWE,253030
5038207,163,208,5772,1995,2509.0,11613.0,1.019741,0.394241,NOR,SWE,253030
5038208,216,208,5772,1995,0.0,2188.0,0.174522,1.608058,THA,SWE,253030
5038209,18,224,5772,1995,1998.0,0.0,1.615588,1.394102,BEL,TUR,253030
5038210,61,224,5772,1995,41153.0,0.0,2.325385,-2.2238189999999998,DEU,TUR,253030
5038211,71,224,5772,1995,1355.0,0.0,1.144247,1.933844,ESP,TUR,253030
5038212,77,224,5772,1995,17298.0,0.0,1.768484,0.765537,FRA,TUR,253030
5038213,111,224,5772,1995,23682.0,0.0,1.503379,1.449094,ITA,TUR,253030
5038214,162,224,5772,1995,9362.0,0.0,1.304391,1.8819119999999998,NLD,TUR,253030
5038215,185,224,5772,1995,0.0,903.0,0.621468,1.038729,ROU,TUR,253030
5038216,18,246,5772,1995,0.0,182317.0,1.615588,1.394102,BEL,ZAF,253030
5038217,81,246,5772,1995,4485.0,12595.0,1.8656979999999999,1.107121,GBR,ZAF,253030
5038218,231,246,5772,1995,7946.0,0.0,1.771648,1.184,USA,ZAF,253030
5038219,77,44,5772,1995,9061.0,4036.0,1.768484,0.765537,FRA,CIV,253030
5038220,121,44,5772,1995,9269.0,0.0,0.845175,1.2761799999999999,KOR,CIV,253030
5038221,141,44,5772,1995,2127.0,0.0,-0.807662,-0.952101,MLI,CIV,253030
5038222,77,45,5772,1995,10163.0,0.0,1.768484,0.765537,FRA,CMR,253030
5038223,77,47,5772,1995,1449.0,0.0,1.768484,0.765537,FRA,COG,253030
5038224,58,90,5772,1995,2818.0,0.0,0.263764,0.030358999999999997,CYP,GRC,253030
5038225,61,90,5772,1995,2038.0,1008.0,2.325385,-2.2238189999999998,DEU,GRC,253030
5038226,68,90,5772,1995,0.0,8244.0,-0.340042,-0.085601,EGY,GRC,253030
5038227,111,90,5772,1995,18488.0,0.0,1.503379,1.449094,ITA,GRC,253030
5038228,208,90,5772,1995,0.0,1553.0,2.246997,1.060171,SWE,GRC,253030
5038229,61,102,5772,1995,3007.0,0.0,2.325385,-2.2238189999999998,DEU,HUN,253030
5038230,111,102,5772,1995,14798.0,0.0,1.503379,1.449094,ITA,HUN,253030
5038231,114,102,5772,1995,6888.0,0.0,2.56822,0.927307,JPN,HUN,253030
5038232,228,102,5772,1995,34000.0,0.0,0.428875,0.20489899999999997,UKR,HUN,253030
5038233,71,134,5772,1995,21729.0,0.0,1.144247,1.933844,ESP,MAR,253030
5038234,77,134,5772,1995,58900.0,0.0,1.768484,0.765537,FRA,MAR,253030
5038235,81,134,5772,1995,36064.0,0.0,1.8656979999999999,1.107121,GBR,MAR,253030
5038236,223,134,5772,1995,0.0,852.0,-0.253792,-0.044331,TUN,MAR,253030
5038237,71,215,5772,1995,1936.0,0.0,1.144247,1.933844,ESP,TGO,253030
5038238,77,215,5772,1995,40238.0,0.0,1.768484,0.765537,FRA,TGO,253030
5038239,83,215,5772,1995,0.0,3618.0,-1.247755,-1.070455,GHA,TGO,253030
5038240,111,215,5772,1995,5246.0,0.0,1.503379,1.449094,ITA,TGO,253030
5038241,71,223,5772,1995,16232.0,0.0,1.144247,1.933844,ESP,TUN,253030
5038242,77,223,5772,1995,33815.0,0.0,1.768484,0.765537,FRA,TUN,253030
5038243,134,223,5772,1995,852.0,0.0,-0.6481210000000001,-0.22345,MAR,TUN,253030
5038244,163,236,5772,1995,2361.0,0.0,1.019741,0.394241,NOR,VEN,253030
5038245,231,236,5772,1995,232142.0,0.0,1.771648,1.184,USA,VEN,253030
5038246,14,58,5772,1995,0.0,2586.0,0.44442,0.789292,AUS,CYP,253030
5038247,18,58,5772,1995,0.0,25380.0,1.615588,1.394102,BEL,CYP,253030
5038248,39,58,5772,1995,0.0,27400.0,1.077804,1.0724200000000002,CAN,CYP,253030
5038249,61,58,5772,1995,0.0,26118.0,2.325385,-2.2238189999999998,DEU,CYP,253030
5038250,64,58,5772,1995,0.0,44632.0,1.3800270000000001,1.489036,DNK,CYP,253030
5038251,68,58,5772,1995,0.0,20174.0,-0.340042,-0.085601,EGY,CYP,253030
5038252,74,58,5772,1995,0.0,2585.0,2.0085740000000003,1.126816,FIN,CYP,253030
5038253,81,58,5772,1995,1453.0,54478.0,1.8656979999999999,1.107121,GBR,CYP,253030
5038254,90,58,5772,1995,0.0,2818.0,0.17369,0.885756,GRC,CYP,253030
5038255,110,58,5772,1995,0.0,1132.0,1.205368,1.189434,ISR,CYP,253030
5038256,111,58,5772,1995,10609.0,26209.0,1.503379,1.449094,ITA,CYP,253030
5038257,124,58,5772,1995,0.0,8385.0,0.027416000000000003,0.327795,LBN,CYP,253030
5038258,162,58,5772,1995,0.0,3822.0,1.304391,1.8819119999999998,NLD,CYP,253030
5038259,168,58,5772,1995,0.0,49644.0,-0.707965,-0.324784,PAK,CYP,253030
5038260,174,58,5772,1995,0.0,9302.0,-0.480548,0.076564,PHL,CYP,253030
5038261,207,58,5772,1995,0.0,4760.0,1.424606,1.490521,SVN,CYP,253030
5038262,208,58,5772,1995,0.0,1410.0,2.246997,1.060171,SWE,CYP,253030
5038263,231,58,5772,1995,0.0,842820.0,1.771648,1.184,USA,CYP,253030
5038264,111,100,5772,1995,10369.0,0.0,1.503379,1.449094,ITA,HRV,253030
5038265,61,140,5772,1995,1030.0,0.0,2.325385,-2.2238189999999998,DEU,MKD,253030
5038266,43,190,5772,1995,16920.0,0.0,0.387897,3.2147919999999996,CHN,SDN,253030
5038267,231,197,5772,1995,10261.0,0.0,1.771648,1.184,USA,SLV,253030
5038268,138,54,5772,1995,3002.0,0.0,0.6414300000000001,0.9697520000000001,MEX,CUB,253030
5038269,231,65,5772,1995,21699.0,0.0,1.771648,1.184,USA,DOM,253030
5038270,111,67,5772,1995,2630.0,0.0,1.503379,1.449094,ITA,ECU,253030
5038271,231,67,5772,1995,10888.0,0.0,1.771648,1.184,USA,ECU,253030
5038272,77,107,5772,1995,1834.0,0.0,1.768484,0.765537,FRA,IRN,253030
5038273,58,168,5772,1995,49644.0,0.0,0.263764,0.030358999999999997,CYP,PAK,253030
5038274,18,174,5772,1995,60470.0,0.0,1.615588,1.394102,BEL,PHL,253030
5038275,58,174,5772,1995,9302.0,0.0,0.263764,0.030358999999999997,CYP,PHL,253030
5038276,81,174,5772,1995,19329.0,0.0,1.8656979999999999,1.107121,GBR,PHL,253030
5038277,231,174,5772,1995,75898.0,0.0,1.771648,1.184,USA,PHL,253030
5038278,132,186,5772,1995,0.0,4699.0,0.25453400000000004,0.174809,LVA,RUS,253030
5038279,231,186,5772,1995,3495.0,0.0,1.771648,1.184,USA,RUS,253030
5038280,104,226,5772,1995,42149.0,0.0,0.156183,1.9617380000000002,IND,TZA,253030
5038281,116,226,5772,1995,5487.0,0.0,-0.303773,0.111305,KEN,TZA,253030
5038282,102,228,5772,1995,0.0,34000.0,0.878711,1.8200060000000002,HUN,UKR,253030
5038283,77,249,5772,1995,3268219.0,0.0,1.768484,0.765537,FRA,TWN,253030
5038284,81,249,5772,1995,1178.0,0.0,1.8656979999999999,1.107121,GBR,TWN,253030
5038285,162,249,5772,1995,354476.0,0.0,1.304391,1.8819119999999998,NLD,TWN,253030
5038286,22,250,5772,1995,0.0,2510.0,-1.037175,-0.983195,BGD,ANS,253030
5038287,113,250,5772,1995,35639.0,0.0,0.666542,0.326785,JOR,ANS,253030
5038288,177,250,5772,1995,0.0,15317.0,0.76393,1.802648,POL,ANS,253030
5038289,61,31,5772,1995,55036.0,0.0,2.325385,-2.2238189999999998,DEU,BOL,253030
5038290,138,31,5772,1995,6439.0,0.0,0.6414300000000001,0.9697520000000001,MEX,BOL,253030
5038291,104,152,5772,1995,4027.0,0.0,0.156183,1.9617380000000002,IND,MWI,253030
5038292,52,160,5772,1995,967.0,0.0,-0.30094699999999996,-0.046285,CRI,NIC,253030
5038293,138,160,5772,1995,30524.0,0.0,0.6414300000000001,0.9697520000000001,MEX,NIC,253030
5038294,169,160,5772,1995,6624.0,0.0,-0.019815,0.050906,PAN,NIC,253030
5038295,231,160,5772,1995,19423.0,0.0,1.771648,1.184,USA,NIC,253030
5038296,77,66,5772,1995,18031.0,0.0,1.768484,0.765537,FRA,DZA,253030
5038297,132,130,5772,1995,0.0,4095.0,0.25453400000000004,0.174809,LVA,LTU,253030
5038298,177,130,5772,1995,2936.0,0.0,0.76393,1.802648,POL,LTU,253030
5038299,81,151,5772,1995,10031.0,0.0,1.8656979999999999,1.107121,GBR,MUS,253030
5038300,77,184,5772,1995,13159.0,0.0,1.768484,0.765537,FRA,REU,253030
5038301,81,7,5772,1995,13715.0,0.0,1.8656979999999999,1.107121,GBR,ARE,253030
5038302,188,7,5772,1995,7089.0,0.0,0.401573,-0.6676529999999999,SAU,ARE,253030
5038303,77,19,5772,1995,31629.0,0.0,1.768484,0.765537,FRA,BEN,253030
5038304,14,24,5772,1995,21089.0,0.0,0.44442,0.789292,AUS,BHR,253030
5038305,231,25,5772,1995,3004.0,0.0,1.771648,1.184,USA,BHS,253030
5038306,59,28,5772,1995,17825.0,0.0,1.375091,1.628069,CZE,BLR,253030
5038307,179,51,5772,1995,2369.0,0.0,0.412677,1.254009,PRT,CPV,253030
5038308,215,83,5772,1995,3618.0,0.0,-0.962727,-0.873151,TGO,GHA,253030
5038309,71,84,5772,1995,1087.0,0.0,1.144247,1.933844,ESP,GIB,253030
5038310,81,109,5772,1995,12865.0,0.0,1.8656979999999999,1.107121,GBR,ISL,253030
5038311,231,112,5772,1995,11099.0,0.0,1.771648,1.184,USA,JAM,253030
5038312,59,115,5772,1995,15712.0,0.0,1.375091,1.628069,CZE,KAZ,253030
5038313,81,116,5772,1995,21963.0,0.0,1.8656979999999999,1.107121,GBR,KEN,253030
5038314,104,116,5772,1995,3152.0,0.0,0.156183,1.9617380000000002,IND,KEN,253030
5038315,226,116,5772,1995,0.0,5487.0,-1.219949,-0.8698969999999999,TZA,KEN,253030
5038316,188,122,5772,1995,1001.0,0.0,0.401573,-0.6676529999999999,SAU,KWT,253030
5038317,58,124,5772,1995,8385.0,0.0,0.263764,0.030358999999999997,CYP,LBN,253030
5038318,77,124,5772,1995,62221.0,0.0,1.768484,0.765537,FRA,LBN,253030
5038319,77,128,5772,1995,41441.0,0.0,1.768484,0.765537,FRA,LKA,253030
5038320,81,128,5772,1995,20901.0,0.0,1.8656979999999999,1.107121,GBR,LKA,253030
5038321,18,159,5772,1995,0.0,13728.0,1.615588,1.394102,BEL,NGA,253030
5038322,81,159,5772,1995,99923.0,0.0,1.8656979999999999,1.107121,GBR,NGA,253030
5038323,188,183,5772,1995,8012.0,0.0,0.401573,-0.6676529999999999,SAU,QAT,253030
5038324,77,21,5772,1995,10052.0,0.0,1.768484,0.765537,FRA,BFA,253030
5038325,44,141,5772,1995,0.0,2127.0,-0.781656,-0.74293,CIV,MLI,253030
5038326,179,203,5772,1995,1363.0,0.0,0.412677,1.254009,PRT,STP,253030
5038327,179,88,5772,1995,2143.0,0.0,0.412677,1.254009,PRT,GNB,253030
5038328,18,15,5778,1995,15252.0,0.0,1.615588,1.394102,BEL,AUT,260200
5038329,59,15,5778,1995,0.0,7453.0,1.375091,1.628069,CZE,AUT,260200
5038330,61,15,5778,1995,2079.0,11307.0,2.325385,-2.2238189999999998,DEU,AUT,260200
5038331,77,15,5778,1995,7432.0,0.0,1.768484,0.765537,FRA,AUT,260200
5038332,162,15,5778,1995,39185.0,0.0,1.304391,1.8819119999999998,NLD,AUT,260200
5038333,8,18,5778,1995,0.0,10240.0,0.245885,0.5489850000000001,ARG,BEL,260200
5038334,15,18,5778,1995,0.0,15252.0,2.000295,0.661255,AUT,BEL,260200
5038335,23,18,5778,1995,0.0,12390.0,0.436138,1.086561,BGR,BEL,260200
5038336,32,18,5778,1995,1473264.0,20640.0,0.687171,1.188647,BRA,BEL,260200
5038337,41,18,5778,1995,0.0,24738.0,2.1893029999999998,0.82765,CHE,BEL,260200
5038338,49,18,5778,1995,0.0,33176.0,0.094335,0.13047999999999998,COL,BEL,260200
5038339,59,18,5778,1995,0.0,3715.0,1.375091,1.628069,CZE,BEL,260200
5038340,61,18,5778,1995,35187.0,66160.0,2.325385,-2.2238189999999998,DEU,BEL,260200
5038341,66,18,5778,1995,0.0,72446.0,-0.555409,-1.037972,DZA,BEL,260200
5038342,68,18,5778,1995,0.0,320003.0,-0.340042,-0.085601,EGY,BEL,260200
5038343,71,18,5778,1995,0.0,357532.0,1.144247,1.933844,ESP,BEL,260200
5038344,74,18,5778,1995,0.0,142615.0,2.0085740000000003,1.126816,FIN,BEL,260200
5038345,77,18,5778,1995,53811.0,845097.0,1.768484,0.765537,FRA,BEL,260200
5038346,80,18,5778,1995,8532637.0,0.0,-1.445673,-1.099128,GAB,BEL,260200
5038347,81,18,5778,1995,0.0,15408.0,1.8656979999999999,1.107121,GBR,BEL,260200
5038348,83,18,5778,1995,108842.0,0.0,-1.247755,-1.070455,GHA,BEL,260200
5038349,93,18,5778,1995,0.0,155775.0,-0.241468,0.170932,GTM,BEL,260200
5038350,97,18,5778,1995,11953.0,0.0,0.5244449999999999,2.682738,HKG,BEL,260200
5038351,99,18,5778,1995,0.0,24259.0,-0.765536,-0.668834,HND,BEL,260200
5038352,100,18,5778,1995,0.0,26790.0,0.75325,1.395715,HRV,BEL,260200
5038353,102,18,5778,1995,0.0,31940.0,0.878711,1.8200060000000002,HUN,BEL,260200
5038354,104,18,5778,1995,0.0,58436.0,0.156183,1.9617380000000002,IND,BEL,260200
5038355,110,18,5778,1995,0.0,202678.0,1.205368,1.189434,ISR,BEL,260200
5038356,111,18,5778,1995,0.0,19921.0,1.503379,1.449094,ITA,BEL,260200
5038357,130,18,5778,1995,0.0,22881.0,0.41220500000000004,0.966966,LTU,BEL,260200
5038358,134,18,5778,1995,0.0,307559.0,-0.6481210000000001,-0.22345,MAR,BEL,260200
5038359,136,18,5778,1995,0.0,2187.0,-1.178074,-0.6167,MDG,BEL,260200
5038360,138,18,5778,1995,90155.0,0.0,0.6414300000000001,0.9697520000000001,MEX,BEL,260200
5038361,159,18,5778,1995,0.0,266133.0,-2.108206,-1.2017520000000002,NGA,BEL,260200
5038362,162,18,5778,1995,494692.0,11093.0,1.304391,1.8819119999999998,NLD,BEL,260200
5038363,173,18,5778,1995,0.0,132525.0,-0.263859,-0.21032800000000001,PER,BEL,260200
5038364,177,18,5778,1995,0.0,182584.0,0.76393,1.802648,POL,BEL,260200
5038365,190,18,5778,1995,0.0,22443.0,-0.776567,-0.963823,SDN,BEL,260200
5038366,206,18,5778,1995,0.0,5113.0,1.2249780000000001,1.405585,SVK,BEL,260200
5038367,207,18,5778,1995,0.0,32147.0,1.424606,1.490521,SVN,BEL,260200
5038368,208,18,5778,1995,0.0,95335.0,2.246997,1.060171,SWE,BEL,260200
5038369,223,18,5778,1995,0.0,70986.0,-0.253792,-0.044331,TUN,BEL,260200
5038370,224,18,5778,1995,0.0,15754.0,0.166794,1.209066,TUR,BEL,260200
5038371,226,18,5778,1995,0.0,174975.0,-1.219949,-0.8698969999999999,TZA,BEL,260200
5038372,231,18,5778,1995,109590.0,25877.0,1.771648,1.184,USA,BEL,260200
5038373,236,18,5778,1995,0.0,3538.0,0.299294,-0.635474,VEN,BEL,260200
5038374,246,18,5778,1995,0.0,1776570.0,0.468112,1.039817,ZAF,BEL,260200
5038375,248,18,5778,1995,0.0,83844.0,-0.054752999999999996,0.326737,ZWE,BEL,260200
5038376,8,32,5778,1995,61461.0,4091700.0,0.245885,0.5489850000000001,ARG,BRA,260200
5038377,18,32,5778,1995,20640.0,1473264.0,1.615588,1.394102,BEL,BRA,260200
5038378,21,32,5778,1995,0.0,10481.0,-0.695354,-0.902185,BFA,BRA,260200
5038379,22,32,5778,1995,0.0,188914.0,-1.037175,-0.983195,BGD,BRA,260200
5038380,43,32,5778,1995,0.0,2630664.0,0.387897,3.2147919999999996,CHN,BRA,260200
5038381,49,32,5778,1995,0.0,6057.0,0.094335,0.13047999999999998,COL,BRA,260200
5038382,52,32,5778,1995,0.0,260604.0,-0.30094699999999996,-0.046285,CRI,BRA,260200
5038383,61,32,5778,1995,0.0,50576.0,2.325385,-2.2238189999999998,DEU,BRA,260200
5038384,65,32,5778,1995,0.0,12822.0,-0.635482,-0.746526,DOM,BRA,260200
5038385,68,32,5778,1995,0.0,1068075.0,-0.340042,-0.085601,EGY,BRA,260200
5038386,71,32,5778,1995,0.0,4181901.0,1.144247,1.933844,ESP,BRA,260200
5038387,77,32,5778,1995,0.0,16485414.0,1.768484,0.765537,FRA,BRA,260200
5038388,81,32,5778,1995,122230.0,2846007.0,1.8656979999999999,1.107121,GBR,BRA,260200
5038389,93,32,5778,1995,0.0,6123.0,-0.241468,0.170932,GTM,BRA,260200
5038390,97,32,5778,1995,94625.0,0.0,0.5244449999999999,2.682738,HKG,BRA,260200
5038391,104,32,5778,1995,0.0,205715.0,0.156183,1.9617380000000002,IND,BRA,260200
5038392,106,32,5778,1995,0.0,13993.0,1.349192,0.992099,IRL,BRA,260200
5038393,111,32,5778,1995,0.0,963807.0,1.503379,1.449094,ITA,BRA,260200
5038394,114,32,5778,1995,0.0,5825101.0,2.56822,0.927307,JPN,BRA,260200
5038395,121,32,5778,1995,0.0,5388202.0,0.845175,1.2761799999999999,KOR,BRA,260200
5038396,138,32,5778,1995,141653.0,517248.0,0.6414300000000001,0.9697520000000001,MEX,BRA,260200
5038397,162,32,5778,1995,13625.0,401681.0,1.304391,1.8819119999999998,NLD,BRA,260200
5038398,163,32,5778,1995,0.0,1852938.0,1.019741,0.394241,NOR,BRA,260200
5038399,173,32,5778,1995,0.0,97586.0,-0.263859,-0.21032800000000001,PER,BRA,260200
5038400,177,32,5778,1995,0.0,1287962.0,0.76393,1.802648,POL,BRA,260200
5038401,180,32,5778,1995,0.0,43482.0,-0.283544,-0.640898,PRY,BRA,260200
5038402,185,32,5778,1995,0.0,5337279.0,0.621468,1.038729,ROU,BRA,260200
5038403,192,32,5778,1995,0.0,28327.0,0.747684,0.4745,SGP,BRA,260200
5038404,231,32,5778,1995,228753.0,694869.0,1.771648,1.184,USA,BRA,260200
5038405,236,32,5778,1995,0.0,5462640.0,0.299294,-0.635474,VEN,BRA,260200
5038406,246,32,5778,1995,0.0,3307813.0,0.468112,1.039817,ZAF,BRA,260200
5038407,249,32,5778,1995,0.0,1372554.0,1.345205,1.9337389999999999,TWN,BRA,260200
5038408,14,43,5778,1995,20725294.0,0.0,0.44442,0.789292,AUS,CHN,260200
5038409,22,43,5778,1995,0.0,43421.0,-1.037175,-0.983195,BGD,CHN,260200
5038410,32,43,5778,1995,2630664.0,0.0,0.687171,1.188647,BRA,CHN,260200
5038411,39,43,5778,1995,0.0,26941.0,1.077804,1.0724200000000002,CAN,CHN,260200
5038412,59,43,5778,1995,0.0,55615.0,1.375091,1.628069,CZE,CHN,260200
5038413,80,43,5778,1995,36794296.0,0.0,-1.445673,-1.099128,GAB,CHN,260200
5038414,81,43,5778,1995,0.0,18962.0,1.8656979999999999,1.107121,GBR,CHN,260200
5038415,97,43,5778,1995,0.0,103627.0,0.5244449999999999,2.682738,HKG,CHN,260200
5038416,104,43,5778,1995,1664489.0,97325.0,0.156183,1.9617380000000002,IND,CHN,260200
5038417,114,43,5778,1995,0.0,628362.0,2.56822,0.927307,JPN,CHN,260200
5038418,121,43,5778,1995,0.0,352813.0,0.845175,1.2761799999999999,KOR,CHN,260200
5038419,143,43,5778,1995,7391604.0,0.0,-1.5669309999999999,-1.124558,MMR,CHN,260200
5038420,147,43,5778,1995,0.0,8005.0,-1.031627,-1.02484,MOZ,CHN,260200
5038421,153,43,5778,1995,0.0,2860.0,0.357745,0.374284,MYS,CHN,260200
5038422,162,43,5778,1995,0.0,67890.0,1.304391,1.8819119999999998,NLD,CHN,260200
5038423,166,43,5778,1995,0.0,29154.0,0.5558270000000001,0.773271,NZL,CHN,260200
5038424,168,43,5778,1995,0.0,2429.0,-0.707965,-0.324784,PAK,CHN,260200
5038425,173,43,5778,1995,0.0,7284.0,-0.263859,-0.21032800000000001,PER,CHN,260200
5038426,178,43,5778,1995,0.0,14251.0,0.46509799999999996,0.645496,PRK,CHN,260200
5038427,186,43,5778,1995,0.0,217838.0,0.364437,0.171494,RUS,CHN,260200
5038428,188,43,5778,1995,0.0,1618358.0,0.401573,-0.6676529999999999,SAU,CHN,260200
5038429,216,43,5778,1995,0.0,25349.0,0.174522,1.608058,THA,CHN,260200
5038430,226,43,5778,1995,0.0,20546.0,-1.219949,-0.8698969999999999,TZA,CHN,260200
5038431,231,43,5778,1995,0.0,1069801.0,1.771648,1.184,USA,CHN,260200
5038432,239,43,5778,1995,0.0,14723.0,-1.0462069999999999,-0.269063,VNM,CHN,260200
5038433,246,43,5778,1995,14662237.0,0.0,0.468112,1.039817,ZAF,CHN,260200
5038434,249,43,5778,1995,3369.0,0.0,1.345205,1.9337389999999999,TWN,CHN,260200
5038435,18,49,5778,1995,33176.0,0.0,1.615588,1.394102,BEL,COL,260200
5038436,32,49,5778,1995,6057.0,0.0,0.687171,1.188647,BRA,COL,260200
5038437,54,49,5778,1995,0.0,6825.0,-0.315644,-0.8812110000000001,CUB,COL,260200
5038438,138,49,5778,1995,342172.0,0.0,0.6414300000000001,0.9697520000000001,MEX,COL,260200
5038439,231,49,5778,1995,33097.0,0.0,1.771648,1.184,USA,COL,260200
5038440,32,52,5778,1995,260604.0,0.0,0.687171,1.188647,BRA,CRI,260200
5038441,61,52,5778,1995,4267.0,0.0,2.325385,-2.2238189999999998,DEU,CRI,260200
5038442,7,61,5778,1995,0.0,1085.0,-0.205166,-0.6132380000000001,ARE,DEU,260200
5038443,14,61,5778,1995,860685.0,0.0,0.44442,0.789292,AUS,DEU,260200
5038444,15,61,5778,1995,11307.0,2079.0,2.000295,0.661255,AUT,DEU,260200
5038445,18,61,5778,1995,66160.0,35187.0,1.615588,1.394102,BEL,DEU,260200
5038446,32,61,5778,1995,50576.0,0.0,0.687171,1.188647,BRA,DEU,260200
5038447,41,61,5778,1995,0.0,976.0,2.1893029999999998,0.82765,CHE,DEU,260200
5038448,52,61,5778,1995,0.0,4267.0,-0.30094699999999996,-0.046285,CRI,DEU,260200
5038449,59,61,5778,1995,36282.0,7963.0,1.375091,1.628069,CZE,DEU,260200
5038450,71,61,5778,1995,0.0,7209.0,1.144247,1.933844,ESP,DEU,260200
5038451,77,61,5778,1995,193882.0,11279.0,1.768484,0.765537,FRA,DEU,260200
5038452,80,61,5778,1995,6101.0,0.0,-1.445673,-1.099128,GAB,DEU,260200
5038453,81,61,5778,1995,0.0,63249.0,1.8656979999999999,1.107121,GBR,DEU,260200
5038454,100,61,5778,1995,0.0,5865.0,0.75325,1.395715,HRV,DEU,260200
5038455,103,61,5778,1995,0.0,3993.0,-0.391727,1.174727,IDN,DEU,260200
5038456,106,61,5778,1995,142502.0,0.0,1.349192,0.992099,IRL,DEU,260200
5038457,111,61,5778,1995,0.0,25108.0,1.503379,1.449094,ITA,DEU,260200
5038458,114,61,5778,1995,0.0,4853.0,2.56822,0.927307,JPN,DEU,260200
5038459,134,61,5778,1995,1103080.0,0.0,-0.6481210000000001,-0.22345,MAR,DEU,260200
5038460,140,61,5778,1995,0.0,1581.0,0.34174,0.648467,MKD,DEU,260200
5038461,162,61,5778,1995,2209787.0,2028.0,1.304391,1.8819119999999998,NLD,DEU,260200
5038462,163,61,5778,1995,0.0,17878.0,1.019741,0.394241,NOR,DEU,260200
5038463,168,61,5778,1995,0.0,1112.0,-0.707965,-0.324784,PAK,DEU,260200
5038464,173,61,5778,1995,53560.0,18808.0,-0.263859,-0.21032800000000001,PER,DEU,260200
5038465,174,61,5778,1995,0.0,7336.0,-0.480548,0.076564,PHL,DEU,260200
5038466,177,61,5778,1995,19914.0,0.0,0.76393,1.802648,POL,DEU,260200
5038467,188,61,5778,1995,0.0,49857.0,0.401573,-0.6676529999999999,SAU,DEU,260200
5038468,206,61,5778,1995,0.0,16634.0,1.2249780000000001,1.405585,SVK,DEU,260200
5038469,208,61,5778,1995,0.0,2433.0,2.246997,1.060171,SWE,DEU,260200
5038470,231,61,5778,1995,1712.0,7850.0,1.771648,1.184,USA,DEU,260200
5038471,246,61,5778,1995,314346.0,0.0,0.468112,1.039817,ZAF,DEU,260200
5038472,249,61,5778,1995,0.0,11754.0,1.345205,1.9337389999999999,TWN,DEU,260200
5038473,77,64,5778,1995,8253.0,0.0,1.768484,0.765537,FRA,DNK,260200
5038474,81,64,5778,1995,0.0,13755.0,1.8656979999999999,1.107121,GBR,DNK,260200
5038475,162,64,5778,1995,79589.0,0.0,1.304391,1.8819119999999998,NLD,DNK,260200
5038476,14,71,5778,1995,251796.0,0.0,0.44442,0.789292,AUS,ESP,260200
5038477,18,71,5778,1995,357532.0,0.0,1.615588,1.394102,BEL,ESP,260200
5038478,32,71,5778,1995,4181901.0,0.0,0.687171,1.188647,BRA,ESP,260200
5038479,54,71,5778,1995,0.0,639034.0,-0.315644,-0.8812110000000001,CUB,ESP,260200
5038480,61,71,5778,1995,7209.0,0.0,2.325385,-2.2238189999999998,DEU,ESP,260200
5038481,77,71,5778,1995,330229.0,252760.0,1.768484,0.765537,FRA,ESP,260200
5038482,80,71,5778,1995,1495241.0,0.0,-1.445673,-1.099128,GAB,ESP,260200
5038483,81,71,5778,1995,67646.0,73050.0,1.8656979999999999,1.107121,GBR,ESP,260200
5038484,83,71,5778,1995,3201538.0,0.0,-1.247755,-1.070455,GHA,ESP,260200
5038485,104,71,5778,1995,16550.0,0.0,0.156183,1.9617380000000002,IND,ESP,260200
5038486,111,71,5778,1995,3009.0,3030.0,1.503379,1.449094,ITA,ESP,260200
5038487,134,71,5778,1995,1564081.0,8940.0,-0.6481210000000001,-0.22345,MAR,ESP,260200
5038488,138,71,5778,1995,2582669.0,0.0,0.6414300000000001,0.9697520000000001,MEX,ESP,260200
5038489,173,71,5778,1995,2344.0,0.0,-0.263859,-0.21032800000000001,PER,ESP,260200
5038490,179,71,5778,1995,9327787.0,17787.0,0.412677,1.254009,PRT,ESP,260200
5038491,231,71,5778,1995,4595.0,0.0,1.771648,1.184,USA,ESP,260200
5038492,246,71,5778,1995,9396517.0,0.0,0.468112,1.039817,ZAF,ESP,260200
5038493,18,74,5778,1995,142615.0,0.0,1.615588,1.394102,BEL,FIN,260200
5038494,72,74,5778,1995,0.0,20158.0,0.530041,1.134288,EST,FIN,260200
5038495,81,74,5778,1995,2742.0,0.0,1.8656979999999999,1.107121,GBR,FIN,260200
5038496,83,74,5778,1995,929512.0,0.0,-1.247755,-1.070455,GHA,FIN,260200
5038497,162,74,5778,1995,44424.0,0.0,1.304391,1.8819119999999998,NLD,FIN,260200
5038498,14,77,5778,1995,67424.0,0.0,0.44442,0.789292,AUS,FRA,260200
5038499,15,77,5778,1995,0.0,7432.0,2.000295,0.661255,AUT,FRA,260200
5038500,18,77,5778,1995,845097.0,53811.0,1.615588,1.394102,BEL,FRA,260200
5038501,32,77,5778,1995,16485414.0,0.0,0.687171,1.188647,BRA,FRA,260200
5038502,41,77,5778,1995,0.0,16658.0,2.1893029999999998,0.82765,CHE,FRA,260200
5038503,59,77,5778,1995,0.0,6604.0,1.375091,1.628069,CZE,FRA,260200
5038504,61,77,5778,1995,11279.0,193882.0,2.325385,-2.2238189999999998,DEU,FRA,260200
5038505,64,77,5778,1995,0.0,8253.0,1.3800270000000001,1.489036,DNK,FRA,260200
5038506,71,77,5778,1995,252760.0,330229.0,1.144247,1.933844,ESP,FRA,260200
5038507,80,77,5778,1995,50569456.0,0.0,-1.445673,-1.099128,GAB,FRA,260200
5038508,81,77,5778,1995,0.0,9830.0,1.8656979999999999,1.107121,GBR,FRA,260200
5038509,90,77,5778,1995,387623.0,0.0,0.17369,0.885756,GRC,FRA,260200
5038510,106,77,5778,1995,99950.0,0.0,1.349192,0.992099,IRL,FRA,260200
5038511,111,77,5778,1995,21799.0,2737563.0,1.503379,1.449094,ITA,FRA,260200
5038512,114,77,5778,1995,0.0,31634.0,2.56822,0.927307,JPN,FRA,260200
5038513,134,77,5778,1995,2969628.0,0.0,-0.6481210000000001,-0.22345,MAR,FRA,260200
5038514,162,77,5778,1995,311830.0,137286.0,1.304391,1.8819119999999998,NLD,FRA,260200
5038515,163,77,5778,1995,0.0,4325423.0,1.019741,0.394241,NOR,FRA,260200
5038516,177,77,5778,1995,0.0,4819.0,0.76393,1.802648,POL,FRA,260200
5038517,188,77,5778,1995,0.0,12919.0,0.401573,-0.6676529999999999,SAU,FRA,260200
5038518,207,77,5778,1995,8028.0,0.0,1.424606,1.490521,SVN,FRA,260200
5038519,223,77,5778,1995,0.0,11533.0,-0.253792,-0.044331,TUN,FRA,260200
5038520,236,77,5778,1995,0.0,727290.0,0.299294,-0.635474,VEN,FRA,260200
5038521,246,77,5778,1995,10557757.0,0.0,0.468112,1.039817,ZAF,FRA,260200
5038522,14,81,5778,1995,190696.0,0.0,0.44442,0.789292,AUS,GBR,260200
5038523,18,81,5778,1995,15408.0,0.0,1.615588,1.394102,BEL,GBR,260200
5038524,32,81,5778,1995,2846007.0,122230.0,0.687171,1.188647,BRA,GBR,260200
5038525,43,81,5778,1995,18962.0,0.0,0.387897,3.2147919999999996,CHN,GBR,260200
5038526,61,81,5778,1995,63249.0,0.0,2.325385,-2.2238189999999998,DEU,GBR,260200
5038527,64,81,5778,1995,13755.0,0.0,1.3800270000000001,1.489036,DNK,GBR,260200
5038528,71,81,5778,1995,73050.0,67646.0,1.144247,1.933844,ESP,GBR,260200
5038529,74,81,5778,1995,0.0,2742.0,2.0085740000000003,1.126816,FIN,GBR,260200
5038530,77,81,5778,1995,9830.0,0.0,1.768484,0.765537,FRA,GBR,260200
5038531,106,81,5778,1995,5733.0,3655.0,1.349192,0.992099,IRL,GBR,260200
5038532,111,81,5778,1995,0.0,20529.0,1.503379,1.449094,ITA,GBR,260200
5038533,133,81,5778,1995,687414.0,0.0,-0.149794,-0.26961799999999997,MAC,GBR,260200
5038534,134,81,5778,1995,65314.0,0.0,-0.6481210000000001,-0.22345,MAR,GBR,260200
5038535,153,81,5778,1995,0.0,13332.0,0.357745,0.374284,MYS,GBR,260200
5038536,162,81,5778,1995,82114.0,30488.0,1.304391,1.8819119999999998,NLD,GBR,260200
5038537,163,81,5778,1995,0.0,14289.0,1.019741,0.394241,NOR,GBR,260200
5038538,188,81,5778,1995,0.0,7276.0,0.401573,-0.6676529999999999,SAU,GBR,260200
5038539,208,81,5778,1995,0.0,3132.0,2.246997,1.060171,SWE,GBR,260200
5038540,231,81,5778,1995,197787.0,0.0,1.771648,1.184,USA,GBR,260200
5038541,18,93,5778,1995,155775.0,0.0,1.615588,1.394102,BEL,GTM,260200
5038542,32,93,5778,1995,6123.0,0.0,0.687171,1.188647,BRA,GTM,260200
5038543,138,93,5778,1995,116048.0,0.0,0.6414300000000001,0.9697520000000001,MEX,GTM,260200
5038544,18,97,5778,1995,0.0,11953.0,1.615588,1.394102,BEL,HKG,260200
5038545,32,97,5778,1995,0.0,94625.0,0.687171,1.188647,BRA,HKG,260200
5038546,43,97,5778,1995,103627.0,0.0,0.387897,3.2147919999999996,CHN,HKG,260200
5038547,121,97,5778,1995,0.0,16366.0,0.845175,1.2761799999999999,KOR,HKG,260200
5038548,231,97,5778,1995,3452.0,0.0,1.771648,1.184,USA,HKG,260200
5038549,18,99,5778,1995,24259.0,0.0,1.615588,1.394102,BEL,HND,260200
5038550,138,99,5778,1995,23669.0,0.0,0.6414300000000001,0.9697520000000001,MEX,HND,260200
5038551,14,106,5778,1995,6137.0,0.0,0.44442,0.789292,AUS,IRL,260200
5038552,32,106,5778,1995,13993.0,0.0,0.687171,1.188647,BRA,IRL,260200
5038553,61,106,5778,1995,0.0,142502.0,2.325385,-2.2238189999999998,DEU,IRL,260200
5038554,77,106,5778,1995,0.0,99950.0,1.768484,0.765537,FRA,IRL,260200
5038555,81,106,5778,1995,3655.0,5733.0,1.8656979999999999,1.107121,GBR,IRL,260200
5038556,83,106,5778,1995,2163854.0,0.0,-1.247755,-1.070455,GHA,IRL,260200
5038557,90,106,5778,1995,0.0,15335.0,0.17369,0.885756,GRC,IRL,260200
5038558,111,106,5778,1995,0.0,113187.0,1.503379,1.449094,ITA,IRL,260200
5038559,162,106,5778,1995,37674.0,233750.0,1.304391,1.8819119999999998,NLD,IRL,260200
5038560,231,106,5778,1995,140710.0,0.0,1.771648,1.184,USA,IRL,260200
5038561,18,110,5778,1995,202678.0,0.0,1.615588,1.394102,BEL,ISR,260200
5038562,162,110,5778,1995,220814.0,0.0,1.304391,1.8819119999999998,NLD,ISR,260200
5038563,231,110,5778,1995,182863.0,0.0,1.771648,1.184,USA,ISR,260200
5038564,18,111,5778,1995,19921.0,0.0,1.615588,1.394102,BEL,ITA,260200
5038565,32,111,5778,1995,963807.0,0.0,0.687171,1.188647,BRA,ITA,260200
5038566,61,111,5778,1995,25108.0,0.0,2.325385,-2.2238189999999998,DEU,ITA,260200
5038567,68,111,5778,1995,443611.0,0.0,-0.340042,-0.085601,EGY,ITA,260200
5038568,71,111,5778,1995,3030.0,3009.0,1.144247,1.933844,ESP,ITA,260200
5038569,77,111,5778,1995,2737563.0,21799.0,1.768484,0.765537,FRA,ITA,260200
5038570,80,111,5778,1995,12774920.0,0.0,-1.445673,-1.099128,GAB,ITA,260200
5038571,81,111,5778,1995,20529.0,0.0,1.8656979999999999,1.107121,GBR,ITA,260200
5038572,104,111,5778,1995,3500.0,0.0,0.156183,1.9617380000000002,IND,ITA,260200
5038573,106,111,5778,1995,113187.0,0.0,1.349192,0.992099,IRL,ITA,260200
5038574,134,111,5778,1995,684712.0,18840.0,-0.6481210000000001,-0.22345,MAR,ITA,260200
5038575,162,111,5778,1995,235805.0,3671.0,1.304391,1.8819119999999998,NLD,ITA,260200
5038576,173,111,5778,1995,0.0,10748.0,-0.263859,-0.21032800000000001,PER,ITA,260200
5038577,207,111,5778,1995,0.0,16036.0,1.424606,1.490521,SVN,ITA,260200
5038578,231,111,5778,1995,15226.0,0.0,1.771648,1.184,USA,ITA,260200
5038579,246,111,5778,1995,1339097.0,0.0,0.468112,1.039817,ZAF,ITA,260200
5038580,14,121,5778,1995,15125927.0,0.0,0.44442,0.789292,AUS,KOR,260200
5038581,32,121,5778,1995,5388202.0,0.0,0.687171,1.188647,BRA,KOR,260200
5038582,43,121,5778,1995,352813.0,0.0,0.387897,3.2147919999999996,CHN,KOR,260200
5038583,80,121,5778,1995,1994894.0,0.0,-1.445673,-1.099128,GAB,KOR,260200
5038584,97,121,5778,1995,16366.0,0.0,0.5244449999999999,2.682738,HKG,KOR,260200
5038585,103,121,5778,1995,0.0,5647.0,-0.391727,1.174727,IDN,KOR,260200
5038586,104,121,5778,1995,1250700.0,0.0,0.156183,1.9617380000000002,IND,KOR,260200
5038587,114,121,5778,1995,0.0,6916.0,2.56822,0.927307,JPN,KOR,260200
5038588,231,121,5778,1995,146509.0,0.0,1.771648,1.184,USA,KOR,260200
5038589,246,121,5778,1995,6883084.0,0.0,0.468112,1.039817,ZAF,KOR,260200
5038590,14,138,5778,1995,5107232.0,0.0,0.44442,0.789292,AUS,MEX,260200
5038591,18,138,5778,1995,0.0,90155.0,1.615588,1.394102,BEL,MEX,260200
5038592,32,138,5778,1995,517248.0,141653.0,0.687171,1.188647,BRA,MEX,260200
5038593,41,138,5778,1995,0.0,474064.0,2.1893029999999998,0.82765,CHE,MEX,260200
5038594,49,138,5778,1995,0.0,342172.0,0.094335,0.13047999999999998,COL,MEX,260200
5038595,65,138,5778,1995,0.0,100074.0,-0.635482,-0.746526,DOM,MEX,260200
5038596,71,138,5778,1995,0.0,2582669.0,1.144247,1.933844,ESP,MEX,260200
5038597,93,138,5778,1995,0.0,116048.0,-0.241468,0.170932,GTM,MEX,260200
5038598,99,138,5778,1995,0.0,23669.0,-0.765536,-0.668834,HND,MEX,260200
5038599,103,138,5778,1995,0.0,126054.0,-0.391727,1.174727,IDN,MEX,260200
5038600,153,138,5778,1995,0.0,15881.0,0.357745,0.374284,MYS,MEX,260200
5038601,173,138,5778,1995,0.0,19448.0,-0.263859,-0.21032800000000001,PER,MEX,260200
5038602,174,138,5778,1995,0.0,15091.0,-0.480548,0.076564,PHL,MEX,260200
5038603,192,138,5778,1995,0.0,643667.0,0.747684,0.4745,SGP,MEX,260200
5038604,231,138,5778,1995,32518.0,3739582.0,1.771648,1.184,USA,MEX,260200
5038605,236,138,5778,1995,0.0,972873.0,0.299294,-0.635474,VEN,MEX,260200
5038606,41,153,5778,1995,30954.0,0.0,2.1893029999999998,0.82765,CHE,MYS,260200
5038607,43,153,5778,1995,2860.0,0.0,0.387897,3.2147919999999996,CHN,MYS,260200
5038608,80,153,5778,1995,6558.0,0.0,-1.445673,-1.099128,GAB,MYS,260200
5038609,81,153,5778,1995,13332.0,0.0,1.8656979999999999,1.107121,GBR,MYS,260200
5038610,83,153,5778,1995,165460.0,0.0,-1.247755,-1.070455,GHA,MYS,260200
5038611,138,153,5778,1995,15881.0,0.0,0.6414300000000001,0.9697520000000001,MEX,MYS,260200
5038612,162,153,5778,1995,4960.0,0.0,1.304391,1.8819119999999998,NLD,MYS,260200
5038613,192,153,5778,1995,215731.0,0.0,0.747684,0.4745,SGP,MYS,260200
5038614,246,153,5778,1995,6740.0,0.0,0.468112,1.039817,ZAF,MYS,260200
5038615,8,162,5778,1995,0.0,5905.0,0.245885,0.5489850000000001,ARG,NLD,260200
5038616,14,162,5778,1995,2453438.0,0.0,0.44442,0.789292,AUS,NLD,260200
5038617,15,162,5778,1995,0.0,39185.0,2.000295,0.661255,AUT,NLD,260200
5038618,18,162,5778,1995,11093.0,494692.0,1.615588,1.394102,BEL,NLD,260200
5038619,32,162,5778,1995,401681.0,13625.0,0.687171,1.188647,BRA,NLD,260200
5038620,41,162,5778,1995,0.0,36803.0,2.1893029999999998,0.82765,CHE,NLD,260200
5038621,43,162,5778,1995,67890.0,0.0,0.387897,3.2147919999999996,CHN,NLD,260200
5038622,59,162,5778,1995,0.0,209831.0,1.375091,1.628069,CZE,NLD,260200
5038623,61,162,5778,1995,2028.0,2209787.0,2.325385,-2.2238189999999998,DEU,NLD,260200
5038624,64,162,5778,1995,0.0,79589.0,1.3800270000000001,1.489036,DNK,NLD,260200
5038625,74,162,5778,1995,0.0,44424.0,2.0085740000000003,1.126816,FIN,NLD,260200
5038626,77,162,5778,1995,137286.0,311830.0,1.768484,0.765537,FRA,NLD,260200
5038627,81,162,5778,1995,30488.0,82114.0,1.8656979999999999,1.107121,GBR,NLD,260200
5038628,83,162,5778,1995,3976.0,0.0,-1.247755,-1.070455,GHA,NLD,260200
5038629,90,162,5778,1995,0.0,4258.0,0.17369,0.885756,GRC,NLD,260200
5038630,100,162,5778,1995,0.0,22494.0,0.75325,1.395715,HRV,NLD,260200
5038631,102,162,5778,1995,0.0,68412.0,0.878711,1.8200060000000002,HUN,NLD,260200
5038632,103,162,5778,1995,0.0,1192.0,-0.391727,1.174727,IDN,NLD,260200
5038633,106,162,5778,1995,233750.0,37674.0,1.349192,0.992099,IRL,NLD,260200
5038634,110,162,5778,1995,0.0,220814.0,1.205368,1.189434,ISR,NLD,260200
5038635,111,162,5778,1995,3671.0,235805.0,1.503379,1.449094,ITA,NLD,260200
5038636,122,162,5778,1995,0.0,6471.0,-0.226273,-1.02354,KWT,NLD,260200
5038637,132,162,5778,1995,0.0,897.0,0.25453400000000004,0.174809,LVA,NLD,260200
5038638,142,162,5778,1995,0.0,8497.0,0.842519,0.11882899999999999,MLT,NLD,260200
5038639,153,162,5778,1995,0.0,4960.0,0.357745,0.374284,MYS,NLD,260200
5038640,163,162,5778,1995,286749.0,168737.0,1.019741,0.394241,NOR,NLD,260200
5038641,174,162,5778,1995,0.0,22218.0,-0.480548,0.076564,PHL,NLD,260200
5038642,177,162,5778,1995,0.0,64075.0,0.76393,1.802648,POL,NLD,260200
5038643,179,162,5778,1995,0.0,165832.0,0.412677,1.254009,PRT,NLD,260200
5038644,188,162,5778,1995,0.0,6306.0,0.401573,-0.6676529999999999,SAU,NLD,260200
5038645,206,162,5778,1995,0.0,45119.0,1.2249780000000001,1.405585,SVK,NLD,260200
5038646,207,162,5778,1995,0.0,13736.0,1.424606,1.490521,SVN,NLD,260200
5038647,208,162,5778,1995,0.0,35366.0,2.246997,1.060171,SWE,NLD,260200
5038648,224,162,5778,1995,0.0,25559.0,0.166794,1.209066,TUR,NLD,260200
5038649,231,162,5778,1995,7155.0,0.0,1.771648,1.184,USA,NLD,260200
5038650,236,162,5778,1995,0.0,12105.0,0.299294,-0.635474,VEN,NLD,260200
5038651,246,162,5778,1995,172294.0,0.0,0.468112,1.039817,ZAF,NLD,260200
5038652,249,162,5778,1995,0.0,13933.0,1.345205,1.9337389999999999,TWN,NLD,260200
5038653,14,163,5778,1995,14539955.0,0.0,0.44442,0.789292,AUS,NOR,260200
5038654,32,163,5778,1995,1852938.0,0.0,0.687171,1.188647,BRA,NOR,260200
5038655,41,163,5778,1995,603174.0,0.0,2.1893029999999998,0.82765,CHE,NOR,260200
5038656,61,163,5778,1995,17878.0,0.0,2.325385,-2.2238189999999998,DEU,NOR,260200
5038657,77,163,5778,1995,4325423.0,0.0,1.768484,0.765537,FRA,NOR,260200
5038658,80,163,5778,1995,5912984.0,0.0,-1.445673,-1.099128,GAB,NOR,260200
5038659,81,163,5778,1995,14289.0,0.0,1.8656979999999999,1.107121,GBR,NOR,260200
5038660,83,163,5778,1995,1415848.0,0.0,-1.247755,-1.070455,GHA,NOR,260200
5038661,162,163,5778,1995,168737.0,286749.0,1.304391,1.8819119999999998,NLD,NOR,260200
5038662,188,163,5778,1995,0.0,40262.0,0.401573,-0.6676529999999999,SAU,NOR,260200
5038663,208,163,5778,1995,271769.0,150295.0,2.246997,1.060171,SWE,NOR,260200
5038664,246,163,5778,1995,14032259.0,0.0,0.468112,1.039817,ZAF,NOR,260200
5038665,18,173,5778,1995,132525.0,0.0,1.615588,1.394102,BEL,PER,260200
5038666,32,173,5778,1995,97586.0,0.0,0.687171,1.188647,BRA,PER,260200
5038667,41,173,5778,1995,8867.0,0.0,2.1893029999999998,0.82765,CHE,PER,260200
5038668,43,173,5778,1995,7284.0,0.0,0.387897,3.2147919999999996,CHN,PER,260200
5038669,61,173,5778,1995,18808.0,53560.0,2.325385,-2.2238189999999998,DEU,PER,260200
5038670,71,173,5778,1995,0.0,2344.0,1.144247,1.933844,ESP,PER,260200
5038671,111,173,5778,1995,10748.0,0.0,1.503379,1.449094,ITA,PER,260200
5038672,138,173,5778,1995,19448.0,0.0,0.6414300000000001,0.9697520000000001,MEX,PER,260200
5038673,231,173,5778,1995,26740.0,0.0,1.771648,1.184,USA,PER,260200
5038674,18,177,5778,1995,182584.0,0.0,1.615588,1.394102,BEL,POL,260200
5038675,23,177,5778,1995,126591.0,0.0,0.436138,1.086561,BGR,POL,260200
5038676,32,177,5778,1995,1287962.0,0.0,0.687171,1.188647,BRA,POL,260200
5038677,61,177,5778,1995,0.0,19914.0,2.325385,-2.2238189999999998,DEU,POL,260200
5038678,77,177,5778,1995,4819.0,0.0,1.768484,0.765537,FRA,POL,260200
5038679,80,177,5778,1995,145196.0,0.0,-1.445673,-1.099128,GAB,POL,260200
5038680,162,177,5778,1995,64075.0,0.0,1.304391,1.8819119999999998,NLD,POL,260200
5038681,228,177,5778,1995,4513813.0,0.0,0.428875,0.20489899999999997,UKR,POL,260200
5038682,246,177,5778,1995,7136632.0,0.0,0.468112,1.039817,ZAF,POL,260200
5038683,250,177,5778,1995,12764.0,0.0,1.034518,0.9735149999999999,ANS,POL,260200
5038684,71,179,5778,1995,17787.0,9327787.0,1.144247,1.933844,ESP,PRT,260200
5038685,162,179,5778,1995,165832.0,0.0,1.304391,1.8819119999999998,NLD,PRT,260200
5038686,43,216,5778,1995,25349.0,0.0,0.387897,3.2147919999999996,CHN,THA,260200
5038687,231,222,5778,1995,16153.0,0.0,1.771648,1.184,USA,TTO,260200
5038688,14,231,5778,1995,5304576.0,14585.0,0.44442,0.789292,AUS,USA,260200
5038689,18,231,5778,1995,25877.0,109590.0,1.615588,1.394102,BEL,USA,260200
5038690,31,231,5778,1995,0.0,4579.0,-0.440583,-0.688389,BOL,USA,260200
5038691,32,231,5778,1995,694869.0,228753.0,0.687171,1.188647,BRA,USA,260200
5038692,39,231,5778,1995,40930.0,1522975.0,1.077804,1.0724200000000002,CAN,USA,260200
5038693,43,231,5778,1995,1069801.0,0.0,0.387897,3.2147919999999996,CHN,USA,260200
5038694,49,231,5778,1995,0.0,33097.0,0.094335,0.13047999999999998,COL,USA,260200
5038695,61,231,5778,1995,7850.0,1712.0,2.325385,-2.2238189999999998,DEU,USA,260200
5038696,71,231,5778,1995,0.0,4595.0,1.144247,1.933844,ESP,USA,260200
5038697,80,231,5778,1995,19792782.0,0.0,-1.445673,-1.099128,GAB,USA,260200
5038698,81,231,5778,1995,0.0,197787.0,1.8656979999999999,1.107121,GBR,USA,260200
5038699,97,231,5778,1995,0.0,3452.0,0.5244449999999999,2.682738,HKG,USA,260200
5038700,103,231,5778,1995,0.0,2686.0,-0.391727,1.174727,IDN,USA,260200
5038701,106,231,5778,1995,0.0,140710.0,1.349192,0.992099,IRL,USA,260200
5038702,110,231,5778,1995,0.0,182863.0,1.205368,1.189434,ISR,USA,260200
5038703,111,231,5778,1995,0.0,15226.0,1.503379,1.449094,ITA,USA,260200
5038704,114,231,5778,1995,0.0,82645.0,2.56822,0.927307,JPN,USA,260200
5038705,121,231,5778,1995,0.0,146509.0,0.845175,1.2761799999999999,KOR,USA,260200
5038706,134,231,5778,1995,20682.0,0.0,-0.6481210000000001,-0.22345,MAR,USA,260200
5038707,138,231,5778,1995,3739582.0,32518.0,0.6414300000000001,0.9697520000000001,MEX,USA,260200
5038708,162,231,5778,1995,0.0,7155.0,1.304391,1.8819119999999998,NLD,USA,260200
5038709,166,231,5778,1995,0.0,2014.0,0.5558270000000001,0.773271,NZL,USA,260200
5038710,173,231,5778,1995,0.0,26740.0,-0.263859,-0.21032800000000001,PER,USA,260200
5038711,208,231,5778,1995,0.0,17882.0,2.246997,1.060171,SWE,USA,260200
5038712,222,231,5778,1995,0.0,16153.0,0.254658,-0.496058,TTO,USA,260200
5038713,246,231,5778,1995,1899184.0,0.0,0.468112,1.039817,ZAF,USA,260200
5038714,249,231,5778,1995,0.0,32482.0,1.345205,1.9337389999999999,TWN,USA,260200
5038715,8,14,5778,1995,0.0,8516.0,0.245885,0.5489850000000001,ARG,AUS,260200
5038716,43,14,5778,1995,0.0,20725294.0,0.387897,3.2147919999999996,CHN,AUS,260200
5038717,59,14,5778,1995,0.0,76951.0,1.375091,1.628069,CZE,AUS,260200
5038718,61,14,5778,1995,0.0,860685.0,2.325385,-2.2238189999999998,DEU,AUS,260200
5038719,71,14,5778,1995,0.0,251796.0,1.144247,1.933844,ESP,AUS,260200
5038720,77,14,5778,1995,0.0,67424.0,1.768484,0.765537,FRA,AUS,260200
5038721,81,14,5778,1995,0.0,190696.0,1.8656979999999999,1.107121,GBR,AUS,260200
5038722,103,14,5778,1995,0.0,2293424.0,-0.391727,1.174727,IDN,AUS,260200
5038723,106,14,5778,1995,0.0,6137.0,1.349192,0.992099,IRL,AUS,260200
5038724,114,14,5778,1995,0.0,38040540.0,2.56822,0.927307,JPN,AUS,260200
5038725,121,14,5778,1995,0.0,15125927.0,0.845175,1.2761799999999999,KOR,AUS,260200
5038726,138,14,5778,1995,0.0,5107232.0,0.6414300000000001,0.9697520000000001,MEX,AUS,260200
5038727,162,14,5778,1995,0.0,2453438.0,1.304391,1.8819119999999998,NLD,AUS,260200
5038728,163,14,5778,1995,0.0,14539955.0,1.019741,0.394241,NOR,AUS,260200
5038729,166,14,5778,1995,0.0,6208.0,0.5558270000000001,0.773271,NZL,AUS,260200
5038730,167,14,5778,1995,0.0,682.0,-0.328853,-0.946069,OMN,AUS,260200
5038731,188,14,5778,1995,0.0,4534472.0,0.401573,-0.6676529999999999,SAU,AUS,260200
5038732,206,14,5778,1995,0.0,601846.0,1.2249780000000001,1.405585,SVK,AUS,260200
5038733,231,14,5778,1995,14585.0,5304576.0,1.771648,1.184,USA,AUS,260200
5038734,32,22,5778,1995,188914.0,0.0,0.687171,1.188647,BRA,BGD,260200
5038735,43,22,5778,1995,43421.0,0.0,0.387897,3.2147919999999996,CHN,BGD,260200
5038736,192,22,5778,1995,5957.0,0.0,0.747684,0.4745,SGP,BGD,260200
5038737,43,39,5778,1995,26941.0,0.0,0.387897,3.2147919999999996,CHN,CAN,260200
5038738,231,39,5778,1995,1522975.0,40930.0,1.771648,1.184,USA,CAN,260200
5038739,250,39,5778,1995,372275.0,0.0,1.034518,0.9735149999999999,ANS,CAN,260200
5038740,18,41,5778,1995,24738.0,0.0,1.615588,1.394102,BEL,CHE,260200
5038741,59,41,5778,1995,0.0,1269.0,1.375091,1.628069,CZE,CHE,260200
5038742,61,41,5778,1995,976.0,0.0,2.325385,-2.2238189999999998,DEU,CHE,260200
5038743,77,41,5778,1995,16658.0,0.0,1.768484,0.765537,FRA,CHE,260200
5038744,138,41,5778,1995,474064.0,0.0,0.6414300000000001,0.9697520000000001,MEX,CHE,260200
5038745,153,41,5778,1995,0.0,30954.0,0.357745,0.374284,MYS,CHE,260200
5038746,162,41,5778,1995,36803.0,0.0,1.304391,1.8819119999999998,NLD,CHE,260200
5038747,163,41,5778,1995,0.0,603174.0,1.019741,0.394241,NOR,CHE,260200
5038748,173,41,5778,1995,0.0,8867.0,-0.263859,-0.21032800000000001,PER,CHE,260200
5038749,246,41,5778,1995,1356479.0,0.0,0.468112,1.039817,ZAF,CHE,260200
5038750,14,59,5778,1995,76951.0,0.0,0.44442,0.789292,AUS,CZE,260200
5038751,15,59,5778,1995,7453.0,0.0,2.000295,0.661255,AUT,CZE,260200
5038752,18,59,5778,1995,3715.0,0.0,1.615588,1.394102,BEL,CZE,260200
5038753,41,59,5778,1995,1269.0,0.0,2.1893029999999998,0.82765,CHE,CZE,260200
5038754,43,59,5778,1995,55615.0,0.0,0.387897,3.2147919999999996,CHN,CZE,260200
5038755,61,59,5778,1995,7963.0,36282.0,2.325385,-2.2238189999999998,DEU,CZE,260200
5038756,77,59,5778,1995,6604.0,0.0,1.768484,0.765537,FRA,CZE,260200
5038757,90,59,5778,1995,257173.0,0.0,0.17369,0.885756,GRC,CZE,260200
5038758,134,59,5778,1995,15804.0,0.0,-0.6481210000000001,-0.22345,MAR,CZE,260200
5038759,162,59,5778,1995,209831.0,0.0,1.304391,1.8819119999999998,NLD,CZE,260200
5038760,206,59,5778,1995,533116.0,0.0,1.2249780000000001,1.405585,SVK,CZE,260200
5038761,208,59,5778,1995,1123.0,0.0,2.246997,1.060171,SWE,CZE,260200
5038762,224,59,5778,1995,16947.0,0.0,0.166794,1.209066,TUR,CZE,260200
5038763,228,59,5778,1995,944776.0,0.0,0.428875,0.20489899999999997,UKR,CZE,260200
5038764,18,68,5778,1995,320003.0,0.0,1.615588,1.394102,BEL,EGY,260200
5038765,32,68,5778,1995,1068075.0,0.0,0.687171,1.188647,BRA,EGY,260200
5038766,90,68,5778,1995,7123.0,0.0,0.17369,0.885756,GRC,EGY,260200
5038767,111,68,5778,1995,0.0,443611.0,1.503379,1.449094,ITA,EGY,260200
5038768,122,68,5778,1995,16507.0,0.0,-0.226273,-1.02354,KWT,EGY,260200
5038769,134,68,5778,1995,4673.0,0.0,-0.6481210000000001,-0.22345,MAR,EGY,260200
5038770,212,68,5778,1995,0.0,22012.0,-0.8829469999999999,-0.809407,SYR,EGY,260200
5038771,224,68,5778,1995,25072.0,0.0,0.166794,1.209066,TUR,EGY,260200
5038772,246,68,5778,1995,2206937.0,0.0,0.468112,1.039817,ZAF,EGY,260200
5038773,74,72,5778,1995,20158.0,0.0,2.0085740000000003,1.126816,FIN,EST,260200
5038774,14,103,5778,1995,2293424.0,0.0,0.44442,0.789292,AUS,IDN,260200
5038775,61,103,5778,1995,3993.0,0.0,2.325385,-2.2238189999999998,DEU,IDN,260200
5038776,121,103,5778,1995,5647.0,0.0,0.845175,1.2761799999999999,KOR,IDN,260200
5038777,138,103,5778,1995,126054.0,0.0,0.6414300000000001,0.9697520000000001,MEX,IDN,260200
5038778,162,103,5778,1995,1192.0,0.0,1.304391,1.8819119999999998,NLD,IDN,260200
5038779,192,103,5778,1995,1975297.0,0.0,0.747684,0.4745,SGP,IDN,260200
5038780,231,103,5778,1995,2686.0,0.0,1.771648,1.184,USA,IDN,260200
5038781,249,103,5778,1995,15183.0,0.0,1.345205,1.9337389999999999,TWN,IDN,260200
5038782,7,104,5778,1995,55521.0,0.0,-0.205166,-0.6132380000000001,ARE,IND,260200
5038783,18,104,5778,1995,58436.0,0.0,1.615588,1.394102,BEL,IND,260200
5038784,32,104,5778,1995,205715.0,0.0,0.687171,1.188647,BRA,IND,260200
5038785,43,104,5778,1995,97325.0,1664489.0,0.387897,3.2147919999999996,CHN,IND,260200
5038786,71,104,5778,1995,0.0,16550.0,1.144247,1.933844,ESP,IND,260200
5038787,80,104,5778,1995,189780.0,0.0,-1.445673,-1.099128,GAB,IND,260200
5038788,111,104,5778,1995,0.0,3500.0,1.503379,1.449094,ITA,IND,260200
5038789,114,104,5778,1995,0.0,8836444.0,2.56822,0.927307,JPN,IND,260200
5038790,121,104,5778,1995,0.0,1250700.0,0.845175,1.2761799999999999,KOR,IND,260200
5038791,168,104,5778,1995,0.0,570742.0,-0.707965,-0.324784,PAK,IND,260200
5038792,178,104,5778,1995,0.0,718798.0,0.46509799999999996,0.645496,PRK,IND,260200
5038793,185,104,5778,1995,0.0,657909.0,0.621468,1.038729,ROU,IND,260200
5038794,192,104,5778,1995,707737.0,0.0,0.747684,0.4745,SGP,IND,260200
5038795,14,114,5778,1995,38040540.0,0.0,0.44442,0.789292,AUS,JPN,260200
5038796,32,114,5778,1995,5825101.0,0.0,0.687171,1.188647,BRA,JPN,260200
5038797,43,114,5778,1995,628362.0,0.0,0.387897,3.2147919999999996,CHN,JPN,260200
5038798,61,114,5778,1995,4853.0,0.0,2.325385,-2.2238189999999998,DEU,JPN,260200
5038799,77,114,5778,1995,31634.0,0.0,1.768484,0.765537,FRA,JPN,260200
5038800,80,114,5778,1995,325147.0,0.0,-1.445673,-1.099128,GAB,JPN,260200
5038801,83,114,5778,1995,2996247.0,0.0,-1.247755,-1.070455,GHA,JPN,260200
5038802,104,114,5778,1995,8836444.0,0.0,0.156183,1.9617380000000002,IND,JPN,260200
5038803,121,114,5778,1995,6916.0,0.0,0.845175,1.2761799999999999,KOR,JPN,260200
5038804,134,114,5778,1995,9275.0,0.0,-0.6481210000000001,-0.22345,MAR,JPN,260200
5038805,174,114,5778,1995,0.0,14426.0,-0.480548,0.076564,PHL,JPN,260200
5038806,192,114,5778,1995,149900.0,0.0,0.747684,0.4745,SGP,JPN,260200
5038807,231,114,5778,1995,82645.0,0.0,1.771648,1.184,USA,JPN,260200
5038808,246,114,5778,1995,43561764.0,0.0,0.468112,1.039817,ZAF,JPN,260200
5038809,249,114,5778,1995,0.0,6548.0,1.345205,1.9337389999999999,TWN,JPN,260200
5038810,162,132,5778,1995,897.0,0.0,1.304391,1.8819119999999998,NLD,LVA,260200
5038811,162,142,5778,1995,8497.0,0.0,1.304391,1.8819119999999998,NLD,MLT,260200
5038812,14,166,5778,1995,6208.0,0.0,0.44442,0.789292,AUS,NZL,260200
5038813,43,166,5778,1995,29154.0,0.0,0.387897,3.2147919999999996,CHN,NZL,260200
5038814,231,166,5778,1995,2014.0,0.0,1.771648,1.184,USA,NZL,260200
5038815,246,166,5778,1995,2969.0,0.0,0.468112,1.039817,ZAF,NZL,260200
5038816,14,167,5778,1995,682.0,0.0,0.44442,0.789292,AUS,OMN,260200
5038817,23,185,5778,1995,436000.0,0.0,0.436138,1.086561,BGR,ROU,260200
5038818,32,185,5778,1995,5337279.0,0.0,0.687171,1.188647,BRA,ROU,260200
5038819,80,185,5778,1995,8943018.0,0.0,-1.445673,-1.099128,GAB,ROU,260200
5038820,83,185,5778,1995,1155720.0,0.0,-1.247755,-1.070455,GHA,ROU,260200
5038821,104,185,5778,1995,657909.0,0.0,0.156183,1.9617380000000002,IND,ROU,260200
5038822,228,185,5778,1995,730000.0,0.0,0.428875,0.20489899999999997,UKR,ROU,260200
5038823,7,188,5778,1995,0.0,7513.0,-0.205166,-0.6132380000000001,ARE,SAU,260200
5038824,14,188,5778,1995,4534472.0,0.0,0.44442,0.789292,AUS,SAU,260200
5038825,43,188,5778,1995,1618358.0,0.0,0.387897,3.2147919999999996,CHN,SAU,260200
5038826,61,188,5778,1995,49857.0,0.0,2.325385,-2.2238189999999998,DEU,SAU,260200
5038827,77,188,5778,1995,12919.0,0.0,1.768484,0.765537,FRA,SAU,260200
5038828,81,188,5778,1995,7276.0,0.0,1.8656979999999999,1.107121,GBR,SAU,260200
5038829,122,188,5778,1995,0.0,8613.0,-0.226273,-1.02354,KWT,SAU,260200
5038830,162,188,5778,1995,6306.0,0.0,1.304391,1.8819119999999998,NLD,SAU,260200
5038831,163,188,5778,1995,40262.0,0.0,1.019741,0.394241,NOR,SAU,260200
5038832,183,188,5778,1995,0.0,39908.0,-0.721352,-1.0827799999999999,QAT,SAU,260200
5038833,228,188,5778,1995,2306574.0,0.0,0.428875,0.20489899999999997,UKR,SAU,260200
5038834,250,188,5778,1995,0.0,73699.0,1.034518,0.9735149999999999,ANS,SAU,260200
5038835,22,192,5778,1995,0.0,5957.0,-1.037175,-0.983195,BGD,SGP,260200
5038836,32,192,5778,1995,28327.0,0.0,0.687171,1.188647,BRA,SGP,260200
5038837,80,192,5778,1995,6738533.0,0.0,-1.445673,-1.099128,GAB,SGP,260200
5038838,83,192,5778,1995,1278808.0,0.0,-1.247755,-1.070455,GHA,SGP,260200
5038839,103,192,5778,1995,0.0,1975297.0,-0.391727,1.174727,IDN,SGP,260200
5038840,104,192,5778,1995,0.0,707737.0,0.156183,1.9617380000000002,IND,SGP,260200
5038841,114,192,5778,1995,0.0,149900.0,2.56822,0.927307,JPN,SGP,260200
5038842,116,192,5778,1995,0.0,1313453.0,-0.303773,0.111305,KEN,SGP,260200
5038843,128,192,5778,1995,0.0,451282.0,-0.8358030000000001,-0.29397199999999996,LKA,SGP,260200
5038844,138,192,5778,1995,643667.0,0.0,0.6414300000000001,0.9697520000000001,MEX,SGP,260200
5038845,153,192,5778,1995,0.0,215731.0,0.357745,0.374284,MYS,SGP,260200
5038846,174,192,5778,1995,0.0,1579329.0,-0.480548,0.076564,PHL,SGP,260200
5038847,14,206,5778,1995,601846.0,0.0,0.44442,0.789292,AUS,SVK,260200
5038848,18,206,5778,1995,5113.0,0.0,1.615588,1.394102,BEL,SVK,260200
5038849,59,206,5778,1995,0.0,533116.0,1.375091,1.628069,CZE,SVK,260200
5038850,61,206,5778,1995,16634.0,0.0,2.325385,-2.2238189999999998,DEU,SVK,260200
5038851,83,206,5778,1995,1714185.0,0.0,-1.247755,-1.070455,GHA,SVK,260200
5038852,115,206,5778,1995,2050108.0,0.0,0.280262,-0.285508,KAZ,SVK,260200
5038853,162,206,5778,1995,45119.0,0.0,1.304391,1.8819119999999998,NLD,SVK,260200
5038854,228,206,5778,1995,381936.0,0.0,0.428875,0.20489899999999997,UKR,SVK,260200
5038855,246,206,5778,1995,873007.0,0.0,0.468112,1.039817,ZAF,SVK,260200
5038856,18,207,5778,1995,32147.0,0.0,1.615588,1.394102,BEL,SVN,260200
5038857,77,207,5778,1995,0.0,8028.0,1.768484,0.765537,FRA,SVN,260200
5038858,111,207,5778,1995,16036.0,0.0,1.503379,1.449094,ITA,SVN,260200
5038859,162,207,5778,1995,13736.0,0.0,1.304391,1.8819119999999998,NLD,SVN,260200
5038860,18,208,5778,1995,95335.0,0.0,1.615588,1.394102,BEL,SWE,260200
5038861,59,208,5778,1995,0.0,1123.0,1.375091,1.628069,CZE,SWE,260200
5038862,61,208,5778,1995,2433.0,0.0,2.325385,-2.2238189999999998,DEU,SWE,260200
5038863,81,208,5778,1995,3132.0,0.0,1.8656979999999999,1.107121,GBR,SWE,260200
5038864,162,208,5778,1995,35366.0,0.0,1.304391,1.8819119999999998,NLD,SWE,260200
5038865,163,208,5778,1995,150295.0,271769.0,1.019741,0.394241,NOR,SWE,260200
5038866,231,208,5778,1995,17882.0,0.0,1.771648,1.184,USA,SWE,260200
5038867,18,224,5778,1995,15754.0,0.0,1.615588,1.394102,BEL,TUR,260200
5038868,59,224,5778,1995,0.0,16947.0,1.375091,1.628069,CZE,TUR,260200
5038869,68,224,5778,1995,0.0,25072.0,-0.340042,-0.085601,EGY,TUR,260200
5038870,90,224,5778,1995,36586.0,0.0,0.17369,0.885756,GRC,TUR,260200
5038871,162,224,5778,1995,25559.0,0.0,1.304391,1.8819119999999998,NLD,TUR,260200
5038872,18,246,5778,1995,1776570.0,0.0,1.615588,1.394102,BEL,ZAF,260200
5038873,32,246,5778,1995,3307813.0,0.0,0.687171,1.188647,BRA,ZAF,260200
5038874,41,246,5778,1995,0.0,1356479.0,2.1893029999999998,0.82765,CHE,ZAF,260200
5038875,43,246,5778,1995,0.0,14662237.0,0.387897,3.2147919999999996,CHN,ZAF,260200
5038876,61,246,5778,1995,0.0,314346.0,2.325385,-2.2238189999999998,DEU,ZAF,260200
5038877,68,246,5778,1995,0.0,2206937.0,-0.340042,-0.085601,EGY,ZAF,260200
5038878,71,246,5778,1995,0.0,9396517.0,1.144247,1.933844,ESP,ZAF,260200
5038879,77,246,5778,1995,0.0,10557757.0,1.768484,0.765537,FRA,ZAF,260200
5038880,80,246,5778,1995,734088.0,0.0,-1.445673,-1.099128,GAB,ZAF,260200
5038881,90,246,5778,1995,0.0,220165.0,0.17369,0.885756,GRC,ZAF,260200
5038882,111,246,5778,1995,0.0,1339097.0,1.503379,1.449094,ITA,ZAF,260200
5038883,114,246,5778,1995,0.0,43561764.0,2.56822,0.927307,JPN,ZAF,260200
5038884,116,246,5778,1995,0.0,2136.0,-0.303773,0.111305,KEN,ZAF,260200
5038885,121,246,5778,1995,0.0,6883084.0,0.845175,1.2761799999999999,KOR,ZAF,260200
5038886,153,246,5778,1995,0.0,6740.0,0.357745,0.374284,MYS,ZAF,260200
5038887,162,246,5778,1995,0.0,172294.0,1.304391,1.8819119999999998,NLD,ZAF,260200
5038888,163,246,5778,1995,0.0,14032259.0,1.019741,0.394241,NOR,ZAF,260200
5038889,166,246,5778,1995,0.0,2969.0,0.5558270000000001,0.773271,NZL,ZAF,260200
5038890,177,246,5778,1995,0.0,7136632.0,0.76393,1.802648,POL,ZAF,260200
5038891,206,246,5778,1995,0.0,873007.0,1.2249780000000001,1.405585,SVK,ZAF,260200
5038892,231,246,5778,1995,0.0,1899184.0,1.771648,1.184,USA,ZAF,260200
5038893,248,246,5778,1995,1736.0,0.0,-0.054752999999999996,0.326737,ZWE,ZAF,260200
5038894,14,8,5778,1995,8516.0,0.0,0.44442,0.789292,AUS,ARG,260200
5038895,18,8,5778,1995,10240.0,0.0,1.615588,1.394102,BEL,ARG,260200
5038896,32,8,5778,1995,4091700.0,61461.0,0.687171,1.188647,BRA,ARG,260200
5038897,162,8,5778,1995,5905.0,0.0,1.304391,1.8819119999999998,NLD,ARG,260200
5038898,80,45,5778,1995,782235.0,0.0,-1.445673,-1.099128,GAB,CMR,260200
5038899,59,90,5778,1995,0.0,257173.0,1.375091,1.628069,CZE,GRC,260200
5038900,68,90,5778,1995,0.0,7123.0,-0.340042,-0.085601,EGY,GRC,260200
5038901,77,90,5778,1995,0.0,387623.0,1.768484,0.765537,FRA,GRC,260200
5038902,80,90,5778,1995,2332380.0,0.0,-1.445673,-1.099128,GAB,GRC,260200
5038903,106,90,5778,1995,15335.0,0.0,1.349192,0.992099,IRL,GRC,260200
5038904,162,90,5778,1995,4258.0,0.0,1.304391,1.8819119999999998,NLD,GRC,260200
5038905,224,90,5778,1995,0.0,36586.0,0.166794,1.209066,TUR,GRC,260200
5038906,246,90,5778,1995,220165.0,0.0,0.468112,1.039817,ZAF,GRC,260200
5038907,18,102,5778,1995,31940.0,0.0,1.615588,1.394102,BEL,HUN,260200
5038908,162,102,5778,1995,68412.0,0.0,1.304391,1.8819119999999998,NLD,HUN,260200
5038909,18,134,5778,1995,307559.0,0.0,1.615588,1.394102,BEL,MAR,260200
5038910,59,134,5778,1995,0.0,15804.0,1.375091,1.628069,CZE,MAR,260200
5038911,61,134,5778,1995,0.0,1103080.0,2.325385,-2.2238189999999998,DEU,MAR,260200
5038912,68,134,5778,1995,0.0,4673.0,-0.340042,-0.085601,EGY,MAR,260200
5038913,71,134,5778,1995,8940.0,1564081.0,1.144247,1.933844,ESP,MAR,260200
5038914,77,134,5778,1995,0.0,2969628.0,1.768484,0.765537,FRA,MAR,260200
5038915,81,134,5778,1995,0.0,65314.0,1.8656979999999999,1.107121,GBR,MAR,260200
5038916,111,134,5778,1995,18840.0,684712.0,1.503379,1.449094,ITA,MAR,260200
5038917,114,134,5778,1995,0.0,9275.0,2.56822,0.927307,JPN,MAR,260200
5038918,231,134,5778,1995,0.0,20682.0,1.771648,1.184,USA,MAR,260200
5038919,18,223,5778,1995,70986.0,0.0,1.615588,1.394102,BEL,TUN,260200
5038920,77,223,5778,1995,11533.0,0.0,1.768484,0.765537,FRA,TUN,260200
5038921,80,223,5778,1995,53076.0,0.0,-1.445673,-1.099128,GAB,TUN,260200
5038922,18,248,5778,1995,83844.0,0.0,1.615588,1.394102,BEL,ZWE,260200
5038923,246,248,5778,1995,0.0,1736.0,0.468112,1.039817,ZAF,ZWE,260200
5038924,18,236,5778,1995,3538.0,0.0,1.615588,1.394102,BEL,VEN,260200
5038925,32,236,5778,1995,5462640.0,0.0,0.687171,1.188647,BRA,VEN,260200
5038926,77,236,5778,1995,727290.0,0.0,1.768484,0.765537,FRA,VEN,260200
5038927,138,236,5778,1995,972873.0,0.0,0.6414300000000001,0.9697520000000001,MEX,VEN,260200
5038928,162,236,5778,1995,12105.0,0.0,1.304391,1.8819119999999998,NLD,VEN,260200
5038929,18,100,5778,1995,26790.0,0.0,1.615588,1.394102,BEL,HRV,260200
5038930,61,100,5778,1995,5865.0,0.0,2.325385,-2.2238189999999998,DEU,HRV,260200
5038931,162,100,5778,1995,22494.0,0.0,1.304391,1.8819119999999998,NLD,HRV,260200
5038932,23,140,5778,1995,211294.0,0.0,0.436138,1.086561,BGR,MKD,260200
5038933,61,140,5778,1995,1581.0,0.0,2.325385,-2.2238189999999998,DEU,MKD,260200
5038934,80,140,5778,1995,376745.0,0.0,-1.445673,-1.099128,GAB,MKD,260200
5038935,250,140,5778,1995,638582.0,0.0,1.034518,0.9735149999999999,ANS,MKD,260200
5038936,18,190,5778,1995,22443.0,0.0,1.615588,1.394102,BEL,SDN,260200
5038937,49,54,5778,1995,6825.0,0.0,0.094335,0.13047999999999998,COL,CUB,260200
5038938,71,54,5778,1995,639034.0,0.0,1.144247,1.933844,ESP,CUB,260200
5038939,32,65,5778,1995,12822.0,0.0,0.687171,1.188647,BRA,DOM,260200
5038940,138,65,5778,1995,100074.0,0.0,0.6414300000000001,0.9697520000000001,MEX,DOM,260200
5038941,43,168,5778,1995,2429.0,0.0,0.387897,3.2147919999999996,CHN,PAK,260200
5038942,61,168,5778,1995,1112.0,0.0,2.325385,-2.2238189999999998,DEU,PAK,260200
5038943,104,168,5778,1995,570742.0,0.0,0.156183,1.9617380000000002,IND,PAK,260200
5038944,61,174,5778,1995,7336.0,0.0,2.325385,-2.2238189999999998,DEU,PHL,260200
5038945,114,174,5778,1995,14426.0,0.0,2.56822,0.927307,JPN,PHL,260200
5038946,138,174,5778,1995,15091.0,0.0,0.6414300000000001,0.9697520000000001,MEX,PHL,260200
5038947,162,174,5778,1995,22218.0,0.0,1.304391,1.8819119999999998,NLD,PHL,260200
5038948,192,174,5778,1995,1579329.0,0.0,0.747684,0.4745,SGP,PHL,260200
5038949,43,186,5778,1995,217838.0,0.0,0.387897,3.2147919999999996,CHN,RUS,260200
5038950,130,186,5778,1995,0.0,9801.0,0.41220500000000004,0.966966,LTU,RUS,260200
5038951,18,226,5778,1995,174975.0,0.0,1.615588,1.394102,BEL,TZA,260200
5038952,43,226,5778,1995,20546.0,0.0,0.387897,3.2147919999999996,CHN,TZA,260200
5038953,59,228,5778,1995,0.0,944776.0,1.375091,1.628069,CZE,UKR,260200
5038954,177,228,5778,1995,0.0,4513813.0,0.76393,1.802648,POL,UKR,260200
5038955,185,228,5778,1995,0.0,730000.0,0.621468,1.038729,ROU,UKR,260200
5038956,188,228,5778,1995,0.0,2306574.0,0.401573,-0.6676529999999999,SAU,UKR,260200
5038957,206,228,5778,1995,0.0,381936.0,1.2249780000000001,1.405585,SVK,UKR,260200
5038958,43,239,5778,1995,14723.0,0.0,0.387897,3.2147919999999996,CHN,VNM,260200
5038959,32,249,5778,1995,1372554.0,0.0,0.687171,1.188647,BRA,TWN,260200
5038960,43,249,5778,1995,0.0,3369.0,0.387897,3.2147919999999996,CHN,TWN,260200
5038961,61,249,5778,1995,11754.0,0.0,2.325385,-2.2238189999999998,DEU,TWN,260200
5038962,103,249,5778,1995,0.0,15183.0,-0.391727,1.174727,IDN,TWN,260200
5038963,114,249,5778,1995,6548.0,0.0,2.56822,0.927307,JPN,TWN,260200
5038964,162,249,5778,1995,13933.0,0.0,1.304391,1.8819119999999998,NLD,TWN,260200
5038965,231,249,5778,1995,32482.0,0.0,1.771648,1.184,USA,TWN,260200
5038966,39,250,5778,1995,0.0,372275.0,1.077804,1.0724200000000002,CAN,ANS,260200
5038967,140,250,5778,1995,0.0,638582.0,0.34174,0.648467,MKD,ANS,260200
5038968,177,250,5778,1995,0.0,12764.0,0.76393,1.802648,POL,ANS,260200
5038969,188,250,5778,1995,73699.0,0.0,0.401573,-0.6676529999999999,SAU,ANS,260200
5038970,231,31,5778,1995,4579.0,0.0,1.771648,1.184,USA,BOL,260200
5038971,18,66,5778,1995,72446.0,0.0,1.615588,1.394102,BEL,DZA,260200
5038972,18,130,5778,1995,22881.0,0.0,1.615588,1.394102,BEL,LTU,260200
5038973,186,130,5778,1995,9801.0,0.0,0.364437,0.171494,RUS,LTU,260200
5038974,81,133,5778,1995,0.0,687414.0,1.8656979999999999,1.107121,GBR,MAC,260200
5038975,18,136,5778,1995,2187.0,0.0,1.615588,1.394102,BEL,MDG,260200
5038976,61,7,5778,1995,1085.0,0.0,2.325385,-2.2238189999999998,DEU,ARE,260200
5038977,104,7,5778,1995,0.0,55521.0,0.156183,1.9617380000000002,IND,ARE,260200
5038978,188,7,5778,1995,7513.0,0.0,0.401573,-0.6676529999999999,SAU,ARE,260200
5038979,18,23,5778,1995,12390.0,0.0,1.615588,1.394102,BEL,BGR,260200
5038980,140,23,5778,1995,0.0,211294.0,0.34174,0.648467,MKD,BGR,260200
5038981,177,23,5778,1995,0.0,126591.0,0.76393,1.802648,POL,BGR,260200
5038982,185,23,5778,1995,0.0,436000.0,0.621468,1.038729,ROU,BGR,260200
5038983,18,80,5778,1995,0.0,8532637.0,1.615588,1.394102,BEL,GAB,260200
5038984,43,80,5778,1995,0.0,36794296.0,0.387897,3.2147919999999996,CHN,GAB,260200
5038985,45,80,5778,1995,0.0,782235.0,-1.121716,-0.9758020000000001,CMR,GAB,260200
5038986,61,80,5778,1995,0.0,6101.0,2.325385,-2.2238189999999998,DEU,GAB,260200
5038987,71,80,5778,1995,0.0,1495241.0,1.144247,1.933844,ESP,GAB,260200
5038988,77,80,5778,1995,0.0,50569456.0,1.768484,0.765537,FRA,GAB,260200
5038989,90,80,5778,1995,0.0,2332380.0,0.17369,0.885756,GRC,GAB,260200
5038990,104,80,5778,1995,0.0,189780.0,0.156183,1.9617380000000002,IND,GAB,260200
5038991,111,80,5778,1995,0.0,12774920.0,1.503379,1.449094,ITA,GAB,260200
5038992,114,80,5778,1995,0.0,325147.0,2.56822,0.927307,JPN,GAB,260200
5038993,121,80,5778,1995,0.0,1994894.0,0.845175,1.2761799999999999,KOR,GAB,260200
5038994,140,80,5778,1995,0.0,376745.0,0.34174,0.648467,MKD,GAB,260200
5038995,153,80,5778,1995,0.0,6558.0,0.357745,0.374284,MYS,GAB,260200
5038996,163,80,5778,1995,0.0,5912984.0,1.019741,0.394241,NOR,GAB,260200
5038997,177,80,5778,1995,0.0,145196.0,0.76393,1.802648,POL,GAB,260200
5038998,185,80,5778,1995,0.0,8943018.0,0.621468,1.038729,ROU,GAB,260200
5038999,192,80,5778,1995,0.0,6738533.0,0.747684,0.4745,SGP,GAB,260200
5039000,223,80,5778,1995,0.0,53076.0,-0.253792,-0.044331,TUN,GAB,260200
5039001,231,80,5778,1995,0.0,19792782.0,1.771648,1.184,USA,GAB,260200
5039002,246,80,5778,1995,0.0,734088.0,0.468112,1.039817,ZAF,GAB,260200
5039003,18,83,5778,1995,0.0,108842.0,1.615588,1.394102,BEL,GHA,260200
5039004,71,83,5778,1995,0.0,3201538.0,1.144247,1.933844,ESP,GHA,260200
5039005,74,83,5778,1995,0.0,929512.0,2.0085740000000003,1.126816,FIN,GHA,260200
5039006,106,83,5778,1995,0.0,2163854.0,1.349192,0.992099,IRL,GHA,260200
5039007,114,83,5778,1995,0.0,2996247.0,2.56822,0.927307,JPN,GHA,260200
5039008,153,83,5778,1995,0.0,165460.0,0.357745,0.374284,MYS,GHA,260200
5039009,162,83,5778,1995,0.0,3976.0,1.304391,1.8819119999999998,NLD,GHA,260200
5039010,163,83,5778,1995,0.0,1415848.0,1.019741,0.394241,NOR,GHA,260200
5039011,185,83,5778,1995,0.0,1155720.0,0.621468,1.038729,ROU,GHA,260200
5039012,192,83,5778,1995,0.0,1278808.0,0.747684,0.4745,SGP,GHA,260200
5039013,206,83,5778,1995,0.0,1714185.0,1.2249780000000001,1.405585,SVK,GHA,260200
5039014,206,115,5778,1995,0.0,2050108.0,1.2249780000000001,1.405585,SVK,KAZ,260200
5039015,192,116,5778,1995,1313453.0,0.0,0.747684,0.4745,SGP,KEN,260200
5039016,246,116,5778,1995,2136.0,0.0,0.468112,1.039817,ZAF,KEN,260200
5039017,68,122,5778,1995,0.0,16507.0,-0.340042,-0.085601,EGY,KWT,260200
5039018,162,122,5778,1995,6471.0,0.0,1.304391,1.8819119999999998,NLD,KWT,260200
5039019,188,122,5778,1995,8613.0,0.0,0.401573,-0.6676529999999999,SAU,KWT,260200
5039020,192,128,5778,1995,451282.0,0.0,0.747684,0.4745,SGP,LKA,260200
5039021,43,147,5778,1995,8005.0,0.0,0.387897,3.2147919999999996,CHN,MOZ,260200
5039022,18,159,5778,1995,266133.0,0.0,1.615588,1.394102,BEL,NGA,260200
5039023,32,180,5778,1995,43482.0,0.0,0.687171,1.188647,BRA,PRY,260200
5039024,188,183,5778,1995,39908.0,0.0,0.401573,-0.6676529999999999,SAU,QAT,260200
5039025,68,212,5778,1995,22012.0,0.0,-0.340042,-0.085601,EGY,SYR,260200
5039026,32,21,5778,1995,10481.0,0.0,0.687171,1.188647,BRA,BFA,260200
5039027,43,143,5778,1995,0.0,7391604.0,0.387897,3.2147919999999996,CHN,MMR,260200
5039028,43,178,5778,1995,14251.0,0.0,0.387897,3.2147919999999996,CHN,PRK,260200
5039029,104,178,5778,1995,718798.0,0.0,0.156183,1.9617380000000002,IND,PRK,260200
5039030,18,15,5784,1995,0.0,8133.0,1.615588,1.394102,BEL,AUT,260800
5039031,61,15,5784,1995,0.0,7195.0,2.325385,-2.2238189999999998,DEU,AUT,260800
5039032,81,15,5784,1995,0.0,2905.0,1.8656979999999999,1.107121,GBR,AUT,260800
5039033,138,15,5784,1995,0.0,1898.0,0.6414300000000001,0.9697520000000001,MEX,AUT,260800
5039034,250,15,5784,1995,111332.0,0.0,1.034518,0.9735149999999999,ANS,AUT,260800
5039035,14,18,5784,1995,7615745.0,0.0,0.44442,0.789292,AUS,BEL,260800
5039036,15,18,5784,1995,8133.0,0.0,2.000295,0.661255,AUT,BEL,260800
5039037,23,18,5784,1995,0.0,924721.0,0.436138,1.086561,BGR,BEL,260800
5039038,31,18,5784,1995,909120.0,0.0,-0.440583,-0.688389,BOL,BEL,260800
5039039,39,18,5784,1995,59967412.0,975.0,1.077804,1.0724200000000002,CAN,BEL,260800
5039040,42,18,5784,1995,2744272.0,0.0,-0.073436,-0.192675,CHL,BEL,260800
5039041,43,18,5784,1995,0.0,4875.0,0.387897,3.2147919999999996,CHN,BEL,260800
5039042,59,18,5784,1995,78479.0,0.0,1.375091,1.628069,CZE,BEL,260800
5039043,61,18,5784,1995,10990582.0,1195355.0,2.325385,-2.2238189999999998,DEU,BEL,260800
5039044,71,18,5784,1995,2354148.0,0.0,1.144247,1.933844,ESP,BEL,260800
5039045,74,18,5784,1995,0.0,7150.0,2.0085740000000003,1.126816,FIN,BEL,260800
5039046,77,18,5784,1995,11481733.0,91083552.0,1.768484,0.765537,FRA,BEL,260800
5039047,81,18,5784,1995,5297859.0,7312548.0,1.8656979999999999,1.107121,GBR,BEL,260800
5039048,97,18,5784,1995,0.0,54586.0,0.5244449999999999,2.682738,HKG,BEL,260800
5039049,103,18,5784,1995,0.0,19659.0,-0.391727,1.174727,IDN,BEL,260800
5039050,104,18,5784,1995,2720517.0,0.0,0.156183,1.9617380000000002,IND,BEL,260800
5039051,106,18,5784,1995,14708092.0,0.0,1.349192,0.992099,IRL,BEL,260800
5039052,114,18,5784,1995,38429.0,0.0,2.56822,0.927307,JPN,BEL,260800
5039053,121,18,5784,1995,3301726.0,0.0,0.845175,1.2761799999999999,KOR,BEL,260800
5039054,134,18,5784,1995,1354505.0,0.0,-0.6481210000000001,-0.22345,MAR,BEL,260800
5039055,138,18,5784,1995,9559190.0,1198.0,0.6414300000000001,0.9697520000000001,MEX,BEL,260800
5039056,162,18,5784,1995,3656091.0,5634956.0,1.304391,1.8819119999999998,NLD,BEL,260800
5039057,163,18,5784,1995,0.0,938758.0,1.019741,0.394241,NOR,BEL,260800
5039058,173,18,5784,1995,31669774.0,0.0,-0.263859,-0.21032800000000001,PER,BEL,260800
5039059,177,18,5784,1995,0.0,1313.0,0.76393,1.802648,POL,BEL,260800
5039060,179,18,5784,1995,0.0,971.0,0.412677,1.254009,PRT,BEL,260800
5039061,180,18,5784,1995,16092.0,0.0,-0.283544,-0.640898,PRY,BEL,260800
5039062,185,18,5784,1995,465679.0,0.0,0.621468,1.038729,ROU,BEL,260800
5039063,206,18,5784,1995,3395201.0,0.0,1.2249780000000001,1.405585,SVK,BEL,260800
5039064,208,18,5784,1995,37552376.0,0.0,2.246997,1.060171,SWE,BEL,260800
5039065,212,18,5784,1995,0.0,24826.0,-0.8829469999999999,-0.809407,SYR,BEL,260800
5039066,223,18,5784,1995,415412.0,0.0,-0.253792,-0.044331,TUN,BEL,260800
5039067,224,18,5784,1995,4151445.0,0.0,0.166794,1.209066,TUR,BEL,260800
5039068,231,18,5784,1995,31011790.0,2885.0,1.771648,1.184,USA,BEL,260800
5039069,8,32,5784,1995,15464.0,0.0,0.245885,0.5489850000000001,ARG,BRA,260800
5039070,31,32,5784,1995,2217036.0,0.0,-0.440583,-0.688389,BOL,BRA,260800
5039071,42,32,5784,1995,6131850.0,0.0,-0.073436,-0.192675,CHL,BRA,260800
5039072,173,32,5784,1995,30986816.0,0.0,-0.263859,-0.21032800000000001,PER,BRA,260800
5039073,180,32,5784,1995,29372.0,0.0,-0.283544,-0.640898,PRY,BRA,260800
5039074,14,43,5784,1995,8667350.0,0.0,0.44442,0.789292,AUS,CHN,260800
5039075,18,43,5784,1995,4875.0,0.0,1.615588,1.394102,BEL,CHN,260800
5039076,23,43,5784,1995,0.0,801068.0,0.436138,1.086561,BGR,CHN,260800
5039077,42,43,5784,1995,1939452.0,0.0,-0.073436,-0.192675,CHL,CHN,260800
5039078,111,43,5784,1995,0.0,1391648.0,1.503379,1.449094,ITA,CHN,260800
5039079,114,43,5784,1995,0.0,6181980.0,2.56822,0.927307,JPN,CHN,260800
5039080,115,43,5784,1995,0.0,459022.0,0.280262,-0.285508,KAZ,CHN,260800
5039081,121,43,5784,1995,0.0,21206312.0,0.845175,1.2761799999999999,KOR,CHN,260800
5039082,143,43,5784,1995,5082.0,0.0,-1.5669309999999999,-1.124558,MMR,CHN,260800
5039083,173,43,5784,1995,1851736.0,0.0,-0.263859,-0.21032800000000001,PER,CHN,260800
5039084,174,43,5784,1995,2693834.0,0.0,-0.480548,0.076564,PHL,CHN,260800
5039085,178,43,5784,1995,221407.0,8253896.0,0.46509799999999996,0.645496,PRK,CHN,260800
5039086,186,43,5784,1995,1571107.0,5249326.0,0.364437,0.171494,RUS,CHN,260800
5039087,192,43,5784,1995,2744.0,0.0,0.747684,0.4745,SGP,CHN,260800
5039088,216,43,5784,1995,0.0,787903.0,0.174522,1.608058,THA,CHN,260800
5039089,228,43,5784,1995,0.0,661421.0,0.428875,0.20489899999999997,UKR,CHN,260800
5039090,231,43,5784,1995,3881011.0,4339.0,1.771648,1.184,USA,CHN,260800
5039091,239,43,5784,1995,139084.0,0.0,-1.0462069999999999,-0.269063,VNM,CHN,260800
5039092,14,61,5784,1995,9961064.0,0.0,0.44442,0.789292,AUS,DEU,260800
5039093,15,61,5784,1995,7195.0,0.0,2.000295,0.661255,AUT,DEU,260800
5039094,18,61,5784,1995,1195355.0,10990582.0,1.615588,1.394102,BEL,DEU,260800
5039095,31,61,5784,1995,1172331.0,0.0,-0.440583,-0.688389,BOL,DEU,260800
5039096,39,61,5784,1995,64325248.0,0.0,1.077804,1.0724200000000002,CAN,DEU,260800
5039097,41,61,5784,1995,0.0,2927.0,2.1893029999999998,0.82765,CHE,DEU,260800
5039098,42,61,5784,1995,2707095.0,0.0,-0.073436,-0.192675,CHL,DEU,260800
5039099,59,61,5784,1995,392607.0,0.0,1.375091,1.628069,CZE,DEU,260800
5039100,64,61,5784,1995,0.0,2832.0,1.3800270000000001,1.489036,DNK,DEU,260800
5039101,67,61,5784,1995,0.0,1925.0,-0.948154,-0.9595790000000001,ECU,DEU,260800
5039102,71,61,5784,1995,3115288.0,1298128.0,1.144247,1.933844,ESP,DEU,260800
5039103,74,61,5784,1995,0.0,14503.0,2.0085740000000003,1.126816,FIN,DEU,260800
5039104,77,61,5784,1995,320087.0,1128198.0,1.768484,0.765537,FRA,DEU,260800
5039105,90,61,5784,1995,0.0,2051.0,0.17369,0.885756,GRC,DEU,260800
5039106,102,61,5784,1995,0.0,1002.0,0.878711,1.8200060000000002,HUN,DEU,260800
5039107,106,61,5784,1995,5483564.0,0.0,1.349192,0.992099,IRL,DEU,260800
5039108,111,61,5784,1995,206701.0,66226.0,1.503379,1.449094,ITA,DEU,260800
5039109,112,61,5784,1995,0.0,1037.0,-0.873925,-0.952304,JAM,DEU,260800
5039110,138,61,5784,1995,6796370.0,0.0,0.6414300000000001,0.9697520000000001,MEX,DEU,260800
5039111,162,61,5784,1995,216195.0,781408.0,1.304391,1.8819119999999998,NLD,DEU,260800
5039112,163,61,5784,1995,0.0,7617.0,1.019741,0.394241,NOR,DEU,260800
5039113,173,61,5784,1995,19707168.0,0.0,-0.263859,-0.21032800000000001,PER,DEU,260800
5039114,177,61,5784,1995,0.0,35391.0,0.76393,1.802648,POL,DEU,260800
5039115,185,61,5784,1995,3771812.0,0.0,0.621468,1.038729,ROU,DEU,260800
5039116,206,61,5784,1995,143873.0,0.0,1.2249780000000001,1.405585,SVK,DEU,260800
5039117,208,61,5784,1995,8016760.0,18893770.0,2.246997,1.060171,SWE,DEU,260800
5039118,223,61,5784,1995,712222.0,0.0,-0.253792,-0.044331,TUN,DEU,260800
5039119,224,61,5784,1995,0.0,4904.0,0.166794,1.209066,TUR,DEU,260800
5039120,231,61,5784,1995,15805551.0,0.0,1.771648,1.184,USA,DEU,260800
5039121,250,61,5784,1995,0.0,2329.0,1.034518,0.9735149999999999,ANS,DEU,260800
5039122,61,64,5784,1995,2832.0,0.0,2.325385,-2.2238189999999998,DEU,DNK,260800
5039123,72,64,5784,1995,0.0,31507.0,0.530041,1.134288,EST,DNK,260800
5039124,106,64,5784,1995,24628.0,0.0,1.349192,0.992099,IRL,DNK,260800
5039125,163,64,5784,1995,0.0,13573.0,1.019741,0.394241,NOR,DNK,260800
5039126,14,71,5784,1995,0.0,1197118.0,0.44442,0.789292,AUS,ESP,260800
5039127,18,71,5784,1995,0.0,2354148.0,1.615588,1.394102,BEL,ESP,260800
5039128,39,71,5784,1995,43802364.0,0.0,1.077804,1.0724200000000002,CAN,ESP,260800
5039129,61,71,5784,1995,1298128.0,3115288.0,2.325385,-2.2238189999999998,DEU,ESP,260800
5039130,74,71,5784,1995,0.0,6071258.0,2.0085740000000003,1.126816,FIN,ESP,260800
5039131,77,71,5784,1995,731788.0,4170246.0,1.768484,0.765537,FRA,ESP,260800
5039132,81,71,5784,1995,0.0,1678580.0,1.8656979999999999,1.107121,GBR,ESP,260800
5039133,90,71,5784,1995,0.0,8202.0,0.17369,0.885756,GRC,ESP,260800
5039134,99,71,5784,1995,1319561.0,0.0,-0.765536,-0.668834,HND,ESP,260800
5039135,106,71,5784,1995,4663574.0,1120.0,1.349192,0.992099,IRL,ESP,260800
5039136,107,71,5784,1995,1054628.0,0.0,-0.821991,-1.071013,IRN,ESP,260800
5039137,111,71,5784,1995,17448.0,3966592.0,1.503379,1.449094,ITA,ESP,260800
5039138,114,71,5784,1995,0.0,2088136.0,2.56822,0.927307,JPN,ESP,260800
5039139,134,71,5784,1995,18154014.0,0.0,-0.6481210000000001,-0.22345,MAR,ESP,260800
5039140,138,71,5784,1995,1073458.0,0.0,0.6414300000000001,0.9697520000000001,MEX,ESP,260800
5039141,163,71,5784,1995,0.0,2743303.0,1.019741,0.394241,NOR,ESP,260800
5039142,173,71,5784,1995,17070640.0,0.0,-0.263859,-0.21032800000000001,PER,ESP,260800
5039143,223,71,5784,1995,921331.0,135143.0,-0.253792,-0.044331,TUN,ESP,260800
5039144,231,71,5784,1995,3123291.0,0.0,1.771648,1.184,USA,ESP,260800
5039145,14,74,5784,1995,2104834.0,0.0,0.44442,0.789292,AUS,FIN,260800
5039146,18,74,5784,1995,7150.0,0.0,1.615588,1.394102,BEL,FIN,260800
5039147,39,74,5784,1995,25585406.0,0.0,1.077804,1.0724200000000002,CAN,FIN,260800
5039148,61,74,5784,1995,14503.0,0.0,2.325385,-2.2238189999999998,DEU,FIN,260800
5039149,71,74,5784,1995,6071258.0,0.0,1.144247,1.933844,ESP,FIN,260800
5039150,106,74,5784,1995,17283656.0,0.0,1.349192,0.992099,IRL,FIN,260800
5039151,173,74,5784,1995,1819379.0,0.0,-0.263859,-0.21032800000000001,PER,FIN,260800
5039152,208,74,5784,1995,11369074.0,0.0,2.246997,1.060171,SWE,FIN,260800
5039153,224,74,5784,1995,2772781.0,0.0,0.166794,1.209066,TUR,FIN,260800
5039154,14,77,5784,1995,2696198.0,0.0,0.44442,0.789292,AUS,FRA,260800
5039155,18,77,5784,1995,91083552.0,11481733.0,1.615588,1.394102,BEL,FRA,260800
5039156,31,77,5784,1995,22950640.0,0.0,-0.440583,-0.688389,BOL,FRA,260800
5039157,39,77,5784,1995,14881440.0,0.0,1.077804,1.0724200000000002,CAN,FRA,260800
5039158,42,77,5784,1995,931829.0,0.0,-0.073436,-0.192675,CHL,FRA,260800
5039159,45,77,5784,1995,0.0,3908.0,-1.121716,-0.9758020000000001,CMR,FRA,260800
5039160,61,77,5784,1995,1128198.0,320087.0,2.325385,-2.2238189999999998,DEU,FRA,260800
5039161,71,77,5784,1995,4170246.0,731788.0,1.144247,1.933844,ESP,FRA,260800
5039162,80,77,5784,1995,0.0,9280.0,-1.445673,-1.099128,GAB,FRA,260800
5039163,90,77,5784,1995,319780.0,0.0,0.17369,0.885756,GRC,FRA,260800
5039164,104,77,5784,1995,169395.0,0.0,0.156183,1.9617380000000002,IND,FRA,260800
5039165,106,77,5784,1995,13784694.0,14611.0,1.349192,0.992099,IRL,FRA,260800
5039166,114,77,5784,1995,0.0,4704.0,2.56822,0.927307,JPN,FRA,260800
5039167,134,77,5784,1995,12281896.0,0.0,-0.6481210000000001,-0.22345,MAR,FRA,260800
5039168,138,77,5784,1995,6023254.0,0.0,0.6414300000000001,0.9697520000000001,MEX,FRA,260800
5039169,162,77,5784,1995,73683.0,0.0,1.304391,1.8819119999999998,NLD,FRA,260800
5039170,173,77,5784,1995,30095110.0,0.0,-0.263859,-0.21032800000000001,PER,FRA,260800
5039171,185,77,5784,1995,2344476.0,0.0,0.621468,1.038729,ROU,FRA,260800
5039172,208,77,5784,1995,3766122.0,0.0,2.246997,1.060171,SWE,FRA,260800
5039173,223,77,5784,1995,1651092.0,0.0,-0.253792,-0.044331,TUN,FRA,260800
5039174,231,77,5784,1995,25351.0,0.0,1.771648,1.184,USA,FRA,260800
5039175,246,77,5784,1995,0.0,3256.0,0.468112,1.039817,ZAF,FRA,260800
5039176,249,77,5784,1995,0.0,48852.0,1.345205,1.9337389999999999,TWN,FRA,260800
5039177,14,81,5784,1995,7389224.0,0.0,0.44442,0.789292,AUS,GBR,260800
5039178,15,81,5784,1995,2905.0,0.0,2.000295,0.661255,AUT,GBR,260800
5039179,18,81,5784,1995,7312548.0,5297859.0,1.615588,1.394102,BEL,GBR,260800
5039180,31,81,5784,1995,1132620.0,0.0,-0.440583,-0.688389,BOL,GBR,260800
5039181,39,81,5784,1995,8168226.0,0.0,1.077804,1.0724200000000002,CAN,GBR,260800
5039182,41,81,5784,1995,0.0,3021.0,2.1893029999999998,0.82765,CHE,GBR,260800
5039183,42,81,5784,1995,405704.0,0.0,-0.073436,-0.192675,CHL,GBR,260800
5039184,58,81,5784,1995,0.0,2889.0,0.263764,0.030358999999999997,CYP,GBR,260800
5039185,71,81,5784,1995,1678580.0,0.0,1.144247,1.933844,ESP,GBR,260800
5039186,90,81,5784,1995,1585123.0,17756.0,0.17369,0.885756,GRC,GBR,260800
5039187,99,81,5784,1995,1141752.0,0.0,-0.765536,-0.668834,HND,GBR,260800
5039188,106,81,5784,1995,2493493.0,24734.0,1.349192,0.992099,IRL,GBR,260800
5039189,107,81,5784,1995,1701136.0,0.0,-0.821991,-1.071013,IRN,GBR,260800
5039190,122,81,5784,1995,0.0,2216.0,-0.226273,-1.02354,KWT,GBR,260800
5039191,134,81,5784,1995,0.0,7809.0,-0.6481210000000001,-0.22345,MAR,GBR,260800
5039192,138,81,5784,1995,1112074.0,0.0,0.6414300000000001,0.9697520000000001,MEX,GBR,260800
5039193,143,81,5784,1995,520957.0,0.0,-1.5669309999999999,-1.124558,MMR,GBR,260800
5039194,162,81,5784,1995,0.0,2965.0,1.304391,1.8819119999999998,NLD,GBR,260800
5039195,173,81,5784,1995,7729596.0,1203.0,-0.263859,-0.21032800000000001,PER,GBR,260800
5039196,177,81,5784,1995,0.0,56058.0,0.76393,1.802648,POL,GBR,260800
5039197,179,81,5784,1995,59589.0,0.0,0.412677,1.254009,PRT,GBR,260800
5039198,185,81,5784,1995,519118.0,0.0,0.621468,1.038729,ROU,GBR,260800
5039199,231,81,5784,1995,1991716.0,0.0,1.771648,1.184,USA,GBR,260800
5039200,246,81,5784,1995,0.0,12393.0,0.468112,1.039817,ZAF,GBR,260800
5039201,197,93,5784,1995,0.0,13179.0,-0.17119600000000001,0.027889999999999998,SLV,GTM,260800
5039202,231,93,5784,1995,3764.0,0.0,1.771648,1.184,USA,GTM,260800
5039203,18,97,5784,1995,54586.0,0.0,1.615588,1.394102,BEL,HKG,260800
5039204,114,97,5784,1995,3952.0,0.0,2.56822,0.927307,JPN,HKG,260800
5039205,192,97,5784,1995,18896.0,0.0,0.747684,0.4745,SGP,HKG,260800
5039206,231,97,5784,1995,107301.0,0.0,1.771648,1.184,USA,HKG,260800
5039207,71,99,5784,1995,0.0,1319561.0,1.144247,1.933844,ESP,HND,260800
5039208,81,99,5784,1995,0.0,1141752.0,1.8656979999999999,1.107121,GBR,HND,260800
5039209,111,99,5784,1995,0.0,2856022.0,1.503379,1.449094,ITA,HND,260800
5039210,231,99,5784,1995,0.0,38288.0,1.771648,1.184,USA,HND,260800
5039211,18,106,5784,1995,0.0,14708092.0,1.615588,1.394102,BEL,IRL,260800
5039212,61,106,5784,1995,0.0,5483564.0,2.325385,-2.2238189999999998,DEU,IRL,260800
5039213,64,106,5784,1995,0.0,24628.0,1.3800270000000001,1.489036,DNK,IRL,260800
5039214,71,106,5784,1995,1120.0,4663574.0,1.144247,1.933844,ESP,IRL,260800
5039215,72,106,5784,1995,0.0,1172252.0,0.530041,1.134288,EST,IRL,260800
5039216,74,106,5784,1995,0.0,17283656.0,2.0085740000000003,1.126816,FIN,IRL,260800
5039217,77,106,5784,1995,14611.0,13784694.0,1.768484,0.765537,FRA,IRL,260800
5039218,81,106,5784,1995,24734.0,2493493.0,1.8656979999999999,1.107121,GBR,IRL,260800
5039219,90,106,5784,1995,0.0,28953.0,0.17369,0.885756,GRC,IRL,260800
5039220,111,106,5784,1995,0.0,16153266.0,1.503379,1.449094,ITA,IRL,260800
5039221,162,106,5784,1995,0.0,1152620.0,1.304391,1.8819119999999998,NLD,IRL,260800
5039222,163,106,5784,1995,0.0,4415916.0,1.019741,0.394241,NOR,IRL,260800
5039223,179,106,5784,1995,0.0,48785.0,0.412677,1.254009,PRT,IRL,260800
5039224,186,106,5784,1995,0.0,4593248.0,0.364437,0.171494,RUS,IRL,260800
5039225,208,106,5784,1995,0.0,18158.0,2.246997,1.060171,SWE,IRL,260800
5039226,231,106,5784,1995,561319.0,0.0,1.771648,1.184,USA,IRL,260800
5039227,14,111,5784,1995,7566248.0,0.0,0.44442,0.789292,AUS,ITA,260800
5039228,23,111,5784,1995,0.0,58965.0,0.436138,1.086561,BGR,ITA,260800
5039229,31,111,5784,1995,1113828.0,0.0,-0.440583,-0.688389,BOL,ITA,260800
5039230,39,111,5784,1995,19321596.0,0.0,1.077804,1.0724200000000002,CAN,ITA,260800
5039231,41,111,5784,1995,0.0,53219.0,2.1893029999999998,0.82765,CHE,ITA,260800
5039232,43,111,5784,1995,1391648.0,0.0,0.387897,3.2147919999999996,CHN,ITA,260800
5039233,61,111,5784,1995,66226.0,206701.0,2.325385,-2.2238189999999998,DEU,ITA,260800
5039234,71,111,5784,1995,3966592.0,17448.0,1.144247,1.933844,ESP,ITA,260800
5039235,90,111,5784,1995,5097622.0,5840.0,0.17369,0.885756,GRC,ITA,260800
5039236,99,111,5784,1995,2856022.0,0.0,-0.765536,-0.668834,HND,ITA,260800
5039237,106,111,5784,1995,16153266.0,0.0,1.349192,0.992099,IRL,ITA,260800
5039238,107,111,5784,1995,9702876.0,0.0,-0.821991,-1.071013,IRN,ITA,260800
5039239,134,111,5784,1995,3889409.0,0.0,-0.6481210000000001,-0.22345,MAR,ITA,260800
5039240,162,111,5784,1995,0.0,149376.0,1.304391,1.8819119999999998,NLD,ITA,260800
5039241,173,111,5784,1995,13044726.0,0.0,-0.263859,-0.21032800000000001,PER,ITA,260800
5039242,185,111,5784,1995,3932681.0,0.0,0.621468,1.038729,ROU,ITA,260800
5039243,207,111,5784,1995,0.0,10557.0,1.424606,1.490521,SVN,ITA,260800
5039244,223,111,5784,1995,10245049.0,0.0,-0.253792,-0.044331,TUN,ITA,260800
5039245,224,111,5784,1995,4720088.0,0.0,0.166794,1.209066,TUR,ITA,260800
5039246,231,111,5784,1995,2773703.0,0.0,1.771648,1.184,USA,ITA,260800
5039247,14,121,5784,1995,63602256.0,0.0,0.44442,0.789292,AUS,KOR,260800
5039248,18,121,5784,1995,0.0,3301726.0,1.615588,1.394102,BEL,KOR,260800
5039249,31,121,5784,1995,5589408.0,0.0,-0.440583,-0.688389,BOL,KOR,260800
5039250,39,121,5784,1995,13811192.0,0.0,1.077804,1.0724200000000002,CAN,KOR,260800
5039251,43,121,5784,1995,21206312.0,0.0,0.387897,3.2147919999999996,CHN,KOR,260800
5039252,173,121,5784,1995,4800263.0,0.0,-0.263859,-0.21032800000000001,PER,KOR,260800
5039253,186,121,5784,1995,2594838.0,0.0,0.364437,0.171494,RUS,KOR,260800
5039254,231,121,5784,1995,22700724.0,0.0,1.771648,1.184,USA,KOR,260800
5039255,15,138,5784,1995,1898.0,0.0,2.000295,0.661255,AUT,MEX,260800
5039256,18,138,5784,1995,1198.0,9559190.0,1.615588,1.394102,BEL,MEX,260800
5039257,39,138,5784,1995,0.0,80337.0,1.077804,1.0724200000000002,CAN,MEX,260800
5039258,41,138,5784,1995,0.0,6630746.0,2.1893029999999998,0.82765,CHE,MEX,260800
5039259,61,138,5784,1995,0.0,6796370.0,2.325385,-2.2238189999999998,DEU,MEX,260800
5039260,71,138,5784,1995,0.0,1073458.0,1.144247,1.933844,ESP,MEX,260800
5039261,77,138,5784,1995,0.0,6023254.0,1.768484,0.765537,FRA,MEX,260800
5039262,81,138,5784,1995,0.0,1112074.0,1.8656979999999999,1.107121,GBR,MEX,260800
5039263,114,138,5784,1995,0.0,5874605.0,2.56822,0.927307,JPN,MEX,260800
5039264,162,138,5784,1995,0.0,5475099.0,1.304391,1.8819119999999998,NLD,MEX,260800
5039265,231,138,5784,1995,1391698.0,3577410.0,1.771648,1.184,USA,MEX,260800
5039266,34,153,5784,1995,0.0,2153.0,-0.979701,-0.85456,BRN,MYS,260800
5039267,114,153,5784,1995,77816.0,0.0,2.56822,0.927307,JPN,MYS,260800
5039268,192,153,5784,1995,0.0,3867.0,0.747684,0.4745,SGP,MYS,260800
5039269,14,162,5784,1995,8493523.0,0.0,0.44442,0.789292,AUS,NLD,260800
5039270,18,162,5784,1995,5634956.0,3656091.0,1.615588,1.394102,BEL,NLD,260800
5039271,31,162,5784,1995,8990400.0,0.0,-0.440583,-0.688389,BOL,NLD,260800
5039272,39,162,5784,1995,17256056.0,0.0,1.077804,1.0724200000000002,CAN,NLD,260800
5039273,61,162,5784,1995,781408.0,216195.0,2.325385,-2.2238189999999998,DEU,NLD,260800
5039274,77,162,5784,1995,0.0,73683.0,1.768484,0.765537,FRA,NLD,260800
5039275,81,162,5784,1995,2965.0,0.0,1.8656979999999999,1.107121,GBR,NLD,260800
5039276,106,162,5784,1995,1152620.0,0.0,1.349192,0.992099,IRL,NLD,260800
5039277,107,162,5784,1995,4410421.0,0.0,-0.821991,-1.071013,IRN,NLD,260800
5039278,111,162,5784,1995,149376.0,0.0,1.503379,1.449094,ITA,NLD,260800
5039279,138,162,5784,1995,5475099.0,0.0,0.6414300000000001,0.9697520000000001,MEX,NLD,260800
5039280,173,162,5784,1995,17345904.0,0.0,-0.263859,-0.21032800000000001,PER,NLD,260800
5039281,208,162,5784,1995,409705.0,0.0,2.246997,1.060171,SWE,NLD,260800
5039282,223,162,5784,1995,2310357.0,0.0,-0.253792,-0.044331,TUN,NLD,260800
5039283,231,162,5784,1995,14235319.0,0.0,1.771648,1.184,USA,NLD,260800
5039284,14,163,5784,1995,415499.0,0.0,0.44442,0.789292,AUS,NOR,260800
5039285,18,163,5784,1995,938758.0,0.0,1.615588,1.394102,BEL,NOR,260800
5039286,39,163,5784,1995,11187018.0,0.0,1.077804,1.0724200000000002,CAN,NOR,260800
5039287,61,163,5784,1995,7617.0,0.0,2.325385,-2.2238189999999998,DEU,NOR,260800
5039288,64,163,5784,1995,13573.0,0.0,1.3800270000000001,1.489036,DNK,NOR,260800
5039289,71,163,5784,1995,2743303.0,0.0,1.144247,1.933844,ESP,NOR,260800
5039290,106,163,5784,1995,4415916.0,0.0,1.349192,0.992099,IRL,NOR,260800
5039291,173,163,5784,1995,3997533.0,0.0,-0.263859,-0.21032800000000001,PER,NOR,260800
5039292,177,163,5784,1995,1269782.0,853480.0,0.76393,1.802648,POL,NOR,260800
5039293,208,163,5784,1995,24020924.0,0.0,2.246997,1.060171,SWE,NOR,260800
5039294,231,169,5784,1995,1002.0,0.0,1.771648,1.184,USA,PAN,260800
5039295,8,173,5784,1995,0.0,4226055.0,0.245885,0.5489850000000001,ARG,PER,260800
5039296,18,173,5784,1995,0.0,31669774.0,1.615588,1.394102,BEL,PER,260800
5039297,23,173,5784,1995,0.0,5705630.0,0.436138,1.086561,BGR,PER,260800
5039298,31,173,5784,1995,4915880.0,0.0,-0.440583,-0.688389,BOL,PER,260800
5039299,32,173,5784,1995,0.0,30986816.0,0.687171,1.188647,BRA,PER,260800
5039300,39,173,5784,1995,0.0,1001133.0,1.077804,1.0724200000000002,CAN,PER,260800
5039301,43,173,5784,1995,0.0,1851736.0,0.387897,3.2147919999999996,CHN,PER,260800
5039302,61,173,5784,1995,0.0,19707168.0,2.325385,-2.2238189999999998,DEU,PER,260800
5039303,66,173,5784,1995,0.0,9154509.0,-0.555409,-1.037972,DZA,PER,260800
5039304,71,173,5784,1995,0.0,17070640.0,1.144247,1.933844,ESP,PER,260800
5039305,72,173,5784,1995,0.0,404939.0,0.530041,1.134288,EST,PER,260800
5039306,74,173,5784,1995,0.0,1819379.0,2.0085740000000003,1.126816,FIN,PER,260800
5039307,77,173,5784,1995,0.0,30095110.0,1.768484,0.765537,FRA,PER,260800
5039308,81,173,5784,1995,1203.0,7729596.0,1.8656979999999999,1.107121,GBR,PER,260800
5039309,111,173,5784,1995,0.0,13044726.0,1.503379,1.449094,ITA,PER,260800
5039310,114,173,5784,1995,0.0,27582164.0,2.56822,0.927307,JPN,PER,260800
5039311,121,173,5784,1995,0.0,4800263.0,0.845175,1.2761799999999999,KOR,PER,260800
5039312,162,173,5784,1995,0.0,17345904.0,1.304391,1.8819119999999998,NLD,PER,260800
5039313,163,173,5784,1995,0.0,3997533.0,1.019741,0.394241,NOR,PER,260800
5039314,177,173,5784,1995,0.0,8312399.0,0.76393,1.802648,POL,PER,260800
5039315,178,173,5784,1995,0.0,1937482.0,0.46509799999999996,0.645496,PRK,PER,260800
5039316,216,173,5784,1995,0.0,4343142.0,0.174522,1.608058,THA,PER,260800
5039317,231,173,5784,1995,0.0,1014279.0,1.771648,1.184,USA,PER,260800
5039318,18,177,5784,1995,1313.0,0.0,1.615588,1.394102,BEL,POL,260800
5039319,23,177,5784,1995,0.0,306805.0,0.436138,1.086561,BGR,POL,260800
5039320,39,177,5784,1995,3974790.0,0.0,1.077804,1.0724200000000002,CAN,POL,260800
5039321,41,177,5784,1995,2093487.0,0.0,2.1893029999999998,0.82765,CHE,POL,260800
5039322,42,177,5784,1995,2467507.0,0.0,-0.073436,-0.192675,CHL,POL,260800
5039323,61,177,5784,1995,35391.0,0.0,2.325385,-2.2238189999999998,DEU,POL,260800
5039324,81,177,5784,1995,56058.0,0.0,1.8656979999999999,1.107121,GBR,POL,260800
5039325,163,177,5784,1995,853480.0,1269782.0,1.019741,0.394241,NOR,POL,260800
5039326,173,177,5784,1995,8312399.0,0.0,-0.263859,-0.21032800000000001,PER,POL,260800
5039327,186,177,5784,1995,0.0,5446288.0,0.364437,0.171494,RUS,POL,260800
5039328,208,177,5784,1995,2412408.0,0.0,2.246997,1.060171,SWE,POL,260800
5039329,228,177,5784,1995,0.0,1247091.0,0.428875,0.20489899999999997,UKR,POL,260800
5039330,232,177,5784,1995,0.0,4036060.0,-0.29740900000000003,-0.9456190000000001,UZB,POL,260800
5039331,250,177,5784,1995,24677.0,0.0,1.034518,0.9735149999999999,ANS,POL,260800
5039332,18,179,5784,1995,971.0,0.0,1.615588,1.394102,BEL,PRT,260800
5039333,39,179,5784,1995,351435.0,0.0,1.077804,1.0724200000000002,CAN,PRT,260800
5039334,81,179,5784,1995,0.0,59589.0,1.8656979999999999,1.107121,GBR,PRT,260800
5039335,106,179,5784,1995,48785.0,0.0,1.349192,0.992099,IRL,PRT,260800
5039336,14,216,5784,1995,12520286.0,0.0,0.44442,0.789292,AUS,THA,260800
5039337,43,216,5784,1995,787903.0,0.0,0.387897,3.2147919999999996,CHN,THA,260800
5039338,143,216,5784,1995,43353.0,0.0,-1.5669309999999999,-1.124558,MMR,THA,260800
5039339,166,216,5784,1995,0.0,2080.0,0.5558270000000001,0.773271,NZL,THA,260800
5039340,173,216,5784,1995,4343142.0,0.0,-0.263859,-0.21032800000000001,PER,THA,260800
5039341,231,216,5784,1995,4371142.0,0.0,1.771648,1.184,USA,THA,260800
5039342,239,216,5784,1995,2714513.0,0.0,-1.0462069999999999,-0.269063,VNM,THA,260800
5039343,246,216,5784,1995,0.0,13062.0,0.468112,1.039817,ZAF,THA,260800
5039344,231,222,5784,1995,3864.0,0.0,1.771648,1.184,USA,TTO,260800
5039345,14,231,5784,1995,4409836.0,2460090.0,0.44442,0.789292,AUS,USA,260800
5039346,18,231,5784,1995,2885.0,31011790.0,1.615588,1.394102,BEL,USA,260800
5039347,39,231,5784,1995,20515276.0,109578472.0,1.077804,1.0724200000000002,CAN,USA,260800
5039348,43,231,5784,1995,4339.0,3881011.0,0.387897,3.2147919999999996,CHN,USA,260800
5039349,61,231,5784,1995,0.0,15805551.0,2.325385,-2.2238189999999998,DEU,USA,260800
5039350,71,231,5784,1995,0.0,3123291.0,1.144247,1.933844,ESP,USA,260800
5039351,77,231,5784,1995,0.0,25351.0,1.768484,0.765537,FRA,USA,260800
5039352,81,231,5784,1995,0.0,1991716.0,1.8656979999999999,1.107121,GBR,USA,260800
5039353,93,231,5784,1995,0.0,3764.0,-0.241468,0.170932,GTM,USA,260800
5039354,97,231,5784,1995,0.0,107301.0,0.5244449999999999,2.682738,HKG,USA,260800
5039355,99,231,5784,1995,38288.0,0.0,-0.765536,-0.668834,HND,USA,260800
5039356,104,231,5784,1995,0.0,4616.0,0.156183,1.9617380000000002,IND,USA,260800
5039357,106,231,5784,1995,0.0,561319.0,1.349192,0.992099,IRL,USA,260800
5039358,111,231,5784,1995,0.0,2773703.0,1.503379,1.449094,ITA,USA,260800
5039359,114,231,5784,1995,0.0,32936648.0,2.56822,0.927307,JPN,USA,260800
5039360,121,231,5784,1995,0.0,22700724.0,0.845175,1.2761799999999999,KOR,USA,260800
5039361,138,231,5784,1995,3577410.0,1391698.0,0.6414300000000001,0.9697520000000001,MEX,USA,260800
5039362,162,231,5784,1995,0.0,14235319.0,1.304391,1.8819119999999998,NLD,USA,260800
5039363,169,231,5784,1995,0.0,1002.0,-0.019815,0.050906,PAN,USA,260800
5039364,173,231,5784,1995,1014279.0,0.0,-0.263859,-0.21032800000000001,PER,USA,260800
5039365,186,231,5784,1995,0.0,2368994.0,0.364437,0.171494,RUS,USA,260800
5039366,197,231,5784,1995,0.0,1080.0,-0.17119600000000001,0.027889999999999998,SLV,USA,260800
5039367,216,231,5784,1995,0.0,4371142.0,0.174522,1.608058,THA,USA,260800
5039368,222,231,5784,1995,0.0,3864.0,0.254658,-0.496058,TTO,USA,260800
5039369,223,231,5784,1995,941783.0,0.0,-0.253792,-0.044331,TUN,USA,260800
5039370,236,231,5784,1995,0.0,10291.0,0.299294,-0.635474,VEN,USA,260800
5039371,18,14,5784,1995,0.0,7615745.0,1.615588,1.394102,BEL,AUS,260800
5039372,43,14,5784,1995,0.0,8667350.0,0.387897,3.2147919999999996,CHN,AUS,260800
5039373,61,14,5784,1995,0.0,9961064.0,2.325385,-2.2238189999999998,DEU,AUS,260800
5039374,71,14,5784,1995,1197118.0,0.0,1.144247,1.933844,ESP,AUS,260800
5039375,74,14,5784,1995,0.0,2104834.0,2.0085740000000003,1.126816,FIN,AUS,260800
5039376,77,14,5784,1995,0.0,2696198.0,1.768484,0.765537,FRA,AUS,260800
5039377,81,14,5784,1995,0.0,7389224.0,1.8656979999999999,1.107121,GBR,AUS,260800
5039378,90,14,5784,1995,0.0,802196.0,0.17369,0.885756,GRC,AUS,260800
5039379,104,14,5784,1995,0.0,10325509.0,0.156183,1.9617380000000002,IND,AUS,260800
5039380,111,14,5784,1995,0.0,7566248.0,1.503379,1.449094,ITA,AUS,260800
5039381,114,14,5784,1995,0.0,117607824.0,2.56822,0.927307,JPN,AUS,260800
5039382,121,14,5784,1995,0.0,63602256.0,0.845175,1.2761799999999999,KOR,AUS,260800
5039383,162,14,5784,1995,0.0,8493523.0,1.304391,1.8819119999999998,NLD,AUS,260800
5039384,163,14,5784,1995,0.0,415499.0,1.019741,0.394241,NOR,AUS,260800
5039385,216,14,5784,1995,0.0,12520286.0,0.174522,1.608058,THA,AUS,260800
5039386,231,14,5784,1995,2460090.0,4409836.0,1.771648,1.184,USA,AUS,260800
5039387,18,39,5784,1995,975.0,59967412.0,1.615588,1.394102,BEL,CAN,260800
5039388,31,39,5784,1995,432168.0,0.0,-0.440583,-0.688389,BOL,CAN,260800
5039389,41,39,5784,1995,0.0,4048530.0,2.1893029999999998,0.82765,CHE,CAN,260800
5039390,61,39,5784,1995,0.0,64325248.0,2.325385,-2.2238189999999998,DEU,CAN,260800
5039391,71,39,5784,1995,0.0,43802364.0,1.144247,1.933844,ESP,CAN,260800
5039392,74,39,5784,1995,0.0,25585406.0,2.0085740000000003,1.126816,FIN,CAN,260800
5039393,77,39,5784,1995,0.0,14881440.0,1.768484,0.765537,FRA,CAN,260800
5039394,81,39,5784,1995,0.0,8168226.0,1.8656979999999999,1.107121,GBR,CAN,260800
5039395,111,39,5784,1995,0.0,19321596.0,1.503379,1.449094,ITA,CAN,260800
5039396,114,39,5784,1995,0.0,8975770.0,2.56822,0.927307,JPN,CAN,260800
5039397,121,39,5784,1995,0.0,13811192.0,0.845175,1.2761799999999999,KOR,CAN,260800
5039398,138,39,5784,1995,80337.0,0.0,0.6414300000000001,0.9697520000000001,MEX,CAN,260800
5039399,162,39,5784,1995,0.0,17256056.0,1.304391,1.8819119999999998,NLD,CAN,260800
5039400,163,39,5784,1995,0.0,11187018.0,1.019741,0.394241,NOR,CAN,260800
5039401,173,39,5784,1995,1001133.0,0.0,-0.263859,-0.21032800000000001,PER,CAN,260800
5039402,177,39,5784,1995,0.0,3974790.0,0.76393,1.802648,POL,CAN,260800
5039403,179,39,5784,1995,0.0,351435.0,0.412677,1.254009,PRT,CAN,260800
5039404,208,39,5784,1995,0.0,9921377.0,2.246997,1.060171,SWE,CAN,260800
5039405,231,39,5784,1995,109578472.0,20515276.0,1.771648,1.184,USA,CAN,260800
5039406,8,41,5784,1995,497615.0,0.0,0.245885,0.5489850000000001,ARG,CHE,260800
5039407,31,41,5784,1995,6624864.0,0.0,-0.440583,-0.688389,BOL,CHE,260800
5039408,39,41,5784,1995,4048530.0,0.0,1.077804,1.0724200000000002,CAN,CHE,260800
5039409,61,41,5784,1995,2927.0,0.0,2.325385,-2.2238189999999998,DEU,CHE,260800
5039410,81,41,5784,1995,3021.0,0.0,1.8656979999999999,1.107121,GBR,CHE,260800
5039411,111,41,5784,1995,53219.0,0.0,1.503379,1.449094,ITA,CHE,260800
5039412,138,41,5784,1995,6630746.0,0.0,0.6414300000000001,0.9697520000000001,MEX,CHE,260800
5039413,177,41,5784,1995,0.0,2093487.0,0.76393,1.802648,POL,CHE,260800
5039414,18,42,5784,1995,0.0,2744272.0,1.615588,1.394102,BEL,CHL,260800
5039415,31,42,5784,1995,53682.0,0.0,-0.440583,-0.688389,BOL,CHL,260800
5039416,32,42,5784,1995,0.0,6131850.0,0.687171,1.188647,BRA,CHL,260800
5039417,43,42,5784,1995,0.0,1939452.0,0.387897,3.2147919999999996,CHN,CHL,260800
5039418,61,42,5784,1995,0.0,2707095.0,2.325385,-2.2238189999999998,DEU,CHL,260800
5039419,77,42,5784,1995,0.0,931829.0,1.768484,0.765537,FRA,CHL,260800
5039420,81,42,5784,1995,0.0,405704.0,1.8656979999999999,1.107121,GBR,CHL,260800
5039421,114,42,5784,1995,0.0,6308234.0,2.56822,0.927307,JPN,CHL,260800
5039422,177,42,5784,1995,0.0,2467507.0,0.76393,1.802648,POL,CHL,260800
5039423,186,42,5784,1995,0.0,772187.0,0.364437,0.171494,RUS,CHL,260800
5039424,18,59,5784,1995,0.0,78479.0,1.615588,1.394102,BEL,CZE,260800
5039425,61,59,5784,1995,0.0,392607.0,2.325385,-2.2238189999999998,DEU,CZE,260800
5039426,64,72,5784,1995,31507.0,0.0,1.3800270000000001,1.489036,DNK,EST,260800
5039427,106,72,5784,1995,1172252.0,0.0,1.349192,0.992099,IRL,EST,260800
5039428,173,72,5784,1995,404939.0,0.0,-0.263859,-0.21032800000000001,PER,EST,260800
5039429,208,72,5784,1995,1331294.0,0.0,2.246997,1.060171,SWE,EST,260800
5039430,18,103,5784,1995,19659.0,0.0,1.615588,1.394102,BEL,IDN,260800
5039431,249,103,5784,1995,22783.0,0.0,1.345205,1.9337389999999999,TWN,IDN,260800
5039432,7,104,5784,1995,0.0,29539.0,-0.205166,-0.6132380000000001,ARE,IND,260800
5039433,14,104,5784,1995,10325509.0,0.0,0.44442,0.789292,AUS,IND,260800
5039434,18,104,5784,1995,0.0,2720517.0,1.615588,1.394102,BEL,IND,260800
5039435,77,104,5784,1995,0.0,169395.0,1.768484,0.765537,FRA,IND,260800
5039436,166,104,5784,1995,9707.0,0.0,0.5558270000000001,0.773271,NZL,IND,260800
5039437,231,104,5784,1995,4616.0,0.0,1.771648,1.184,USA,IND,260800
5039438,14,114,5784,1995,117607824.0,0.0,0.44442,0.789292,AUS,JPN,260800
5039439,18,114,5784,1995,0.0,38429.0,1.615588,1.394102,BEL,JPN,260800
5039440,39,114,5784,1995,8975770.0,0.0,1.077804,1.0724200000000002,CAN,JPN,260800
5039441,42,114,5784,1995,6308234.0,0.0,-0.073436,-0.192675,CHL,JPN,260800
5039442,43,114,5784,1995,6181980.0,0.0,0.387897,3.2147919999999996,CHN,JPN,260800
5039443,71,114,5784,1995,2088136.0,0.0,1.144247,1.933844,ESP,JPN,260800
5039444,77,114,5784,1995,4704.0,0.0,1.768484,0.765537,FRA,JPN,260800
5039445,97,114,5784,1995,0.0,3952.0,0.5244449999999999,2.682738,HKG,JPN,260800
5039446,138,114,5784,1995,5874605.0,0.0,0.6414300000000001,0.9697520000000001,MEX,JPN,260800
5039447,143,114,5784,1995,509394.0,0.0,-1.5669309999999999,-1.124558,MMR,JPN,260800
5039448,153,114,5784,1995,0.0,77816.0,0.357745,0.374284,MYS,JPN,260800
5039449,173,114,5784,1995,27582164.0,0.0,-0.263859,-0.21032800000000001,PER,JPN,260800
5039450,185,114,5784,1995,1911400.0,0.0,0.621468,1.038729,ROU,JPN,260800
5039451,186,114,5784,1995,5510029.0,0.0,0.364437,0.171494,RUS,JPN,260800
5039452,192,114,5784,1995,0.0,10123.0,0.747684,0.4745,SGP,JPN,260800
5039453,224,114,5784,1995,2848833.0,0.0,0.166794,1.209066,TUR,JPN,260800
5039454,231,114,5784,1995,32936648.0,0.0,1.771648,1.184,USA,JPN,260800
5039455,104,166,5784,1995,0.0,9707.0,0.156183,1.9617380000000002,IND,NZL,260800
5039456,216,166,5784,1995,2080.0,0.0,0.174522,1.608058,THA,NZL,260800
5039457,249,166,5784,1995,0.0,13043.0,1.345205,1.9337389999999999,TWN,NZL,260800
5039458,18,185,5784,1995,0.0,465679.0,1.615588,1.394102,BEL,ROU,260800
5039459,23,185,5784,1995,0.0,606000.0,0.436138,1.086561,BGR,ROU,260800
5039460,61,185,5784,1995,0.0,3771812.0,2.325385,-2.2238189999999998,DEU,ROU,260800
5039461,77,185,5784,1995,0.0,2344476.0,1.768484,0.765537,FRA,ROU,260800
5039462,81,185,5784,1995,0.0,519118.0,1.8656979999999999,1.107121,GBR,ROU,260800
5039463,111,185,5784,1995,0.0,3932681.0,1.503379,1.449094,ITA,ROU,260800
5039464,114,185,5784,1995,0.0,1911400.0,2.56822,0.927307,JPN,ROU,260800
5039465,140,185,5784,1995,0.0,15752.0,0.34174,0.648467,MKD,ROU,260800
5039466,7,188,5784,1995,0.0,19304.0,-0.205166,-0.6132380000000001,ARE,SAU,260800
5039467,43,192,5784,1995,0.0,2744.0,0.387897,3.2147919999999996,CHN,SGP,260800
5039468,97,192,5784,1995,0.0,18896.0,0.5244449999999999,2.682738,HKG,SGP,260800
5039469,114,192,5784,1995,10123.0,0.0,2.56822,0.927307,JPN,SGP,260800
5039470,153,192,5784,1995,3867.0,0.0,0.357745,0.374284,MYS,SGP,260800
5039471,18,206,5784,1995,0.0,3395201.0,1.615588,1.394102,BEL,SVK,260800
5039472,61,206,5784,1995,0.0,143873.0,2.325385,-2.2238189999999998,DEU,SVK,260800
5039473,111,207,5784,1995,10557.0,0.0,1.503379,1.449094,ITA,SVN,260800
5039474,18,208,5784,1995,0.0,37552376.0,1.615588,1.394102,BEL,SWE,260800
5039475,23,208,5784,1995,0.0,2821306.0,0.436138,1.086561,BGR,SWE,260800
5039476,39,208,5784,1995,9921377.0,0.0,1.077804,1.0724200000000002,CAN,SWE,260800
5039477,61,208,5784,1995,18893770.0,8016760.0,2.325385,-2.2238189999999998,DEU,SWE,260800
5039478,72,208,5784,1995,0.0,1331294.0,0.530041,1.134288,EST,SWE,260800
5039479,74,208,5784,1995,0.0,11369074.0,2.0085740000000003,1.126816,FIN,SWE,260800
5039480,77,208,5784,1995,0.0,3766122.0,1.768484,0.765537,FRA,SWE,260800
5039481,106,208,5784,1995,18158.0,0.0,1.349192,0.992099,IRL,SWE,260800
5039482,162,208,5784,1995,0.0,409705.0,1.304391,1.8819119999999998,NLD,SWE,260800
5039483,163,208,5784,1995,0.0,24020924.0,1.019741,0.394241,NOR,SWE,260800
5039484,177,208,5784,1995,0.0,2412408.0,0.76393,1.802648,POL,SWE,260800
5039485,18,224,5784,1995,0.0,4151445.0,1.615588,1.394102,BEL,TUR,260800
5039486,23,224,5784,1995,0.0,225082.0,0.436138,1.086561,BGR,TUR,260800
5039487,61,224,5784,1995,4904.0,0.0,2.325385,-2.2238189999999998,DEU,TUR,260800
5039488,74,224,5784,1995,0.0,2772781.0,2.0085740000000003,1.126816,FIN,TUR,260800
5039489,107,224,5784,1995,1112034.0,0.0,-0.821991,-1.071013,IRN,TUR,260800
5039490,111,224,5784,1995,0.0,4720088.0,1.503379,1.449094,ITA,TUR,260800
5039491,114,224,5784,1995,0.0,2848833.0,2.56822,0.927307,JPN,TUR,260800
5039492,186,224,5784,1995,0.0,204770.0,0.364437,0.171494,RUS,TUR,260800
5039493,77,246,5784,1995,3256.0,0.0,1.768484,0.765537,FRA,ZAF,260800
5039494,81,246,5784,1995,12393.0,0.0,1.8656979999999999,1.107121,GBR,ZAF,260800
5039495,216,246,5784,1995,13062.0,0.0,0.174522,1.608058,THA,ZAF,260800
5039496,248,246,5784,1995,0.0,66796.0,-0.054752999999999996,0.326737,ZWE,ZAF,260800
5039497,31,8,5784,1995,354246.0,0.0,-0.440583,-0.688389,BOL,ARG,260800
5039498,32,8,5784,1995,0.0,15464.0,0.687171,1.188647,BRA,ARG,260800
5039499,41,8,5784,1995,0.0,497615.0,2.1893029999999998,0.82765,CHE,ARG,260800
5039500,173,8,5784,1995,4226055.0,0.0,-0.263859,-0.21032800000000001,PER,ARG,260800
5039501,77,45,5784,1995,3908.0,0.0,1.768484,0.765537,FRA,CMR,260800
5039502,14,90,5784,1995,802196.0,0.0,0.44442,0.789292,AUS,GRC,260800
5039503,23,90,5784,1995,0.0,603036.0,0.436138,1.086561,BGR,GRC,260800
5039504,61,90,5784,1995,2051.0,0.0,2.325385,-2.2238189999999998,DEU,GRC,260800
5039505,71,90,5784,1995,8202.0,0.0,1.144247,1.933844,ESP,GRC,260800
5039506,77,90,5784,1995,0.0,319780.0,1.768484,0.765537,FRA,GRC,260800
5039507,81,90,5784,1995,17756.0,1585123.0,1.8656979999999999,1.107121,GBR,GRC,260800
5039508,106,90,5784,1995,28953.0,0.0,1.349192,0.992099,IRL,GRC,260800
5039509,111,90,5784,1995,5840.0,5097622.0,1.503379,1.449094,ITA,GRC,260800
5039510,140,90,5784,1995,0.0,32574.0,0.34174,0.648467,MKD,GRC,260800
5039511,186,90,5784,1995,0.0,3319326.0,0.364437,0.171494,RUS,GRC,260800
5039512,189,90,5784,1995,0.0,476273.0,1.032118,1.180409,SCG,GRC,260800
5039513,61,102,5784,1995,1002.0,0.0,2.325385,-2.2238189999999998,DEU,HUN,260800
5039514,18,134,5784,1995,0.0,1354505.0,1.615588,1.394102,BEL,MAR,260800
5039515,71,134,5784,1995,0.0,18154014.0,1.144247,1.933844,ESP,MAR,260800
5039516,77,134,5784,1995,0.0,12281896.0,1.768484,0.765537,FRA,MAR,260800
5039517,81,134,5784,1995,7809.0,0.0,1.8656979999999999,1.107121,GBR,MAR,260800
5039518,111,134,5784,1995,0.0,3889409.0,1.503379,1.449094,ITA,MAR,260800
5039519,18,223,5784,1995,0.0,415412.0,1.615588,1.394102,BEL,TUN,260800
5039520,61,223,5784,1995,0.0,712222.0,2.325385,-2.2238189999999998,DEU,TUN,260800
5039521,66,223,5784,1995,0.0,597921.0,-0.555409,-1.037972,DZA,TUN,260800
5039522,71,223,5784,1995,135143.0,921331.0,1.144247,1.933844,ESP,TUN,260800
5039523,77,223,5784,1995,0.0,1651092.0,1.768484,0.765537,FRA,TUN,260800
5039524,111,223,5784,1995,0.0,10245049.0,1.503379,1.449094,ITA,TUN,260800
5039525,162,223,5784,1995,0.0,2310357.0,1.304391,1.8819119999999998,NLD,TUN,260800
5039526,231,223,5784,1995,0.0,941783.0,1.771648,1.184,USA,TUN,260800
5039527,246,248,5784,1995,66796.0,0.0,0.468112,1.039817,ZAF,ZWE,260800
5039528,231,236,5784,1995,10291.0,0.0,1.771648,1.184,USA,VEN,260800
5039529,81,58,5784,1995,2889.0,0.0,1.8656979999999999,1.107121,GBR,CYP,260800
5039530,23,140,5784,1995,0.0,2131264.0,0.436138,1.086561,BGR,MKD,260800
5039531,90,140,5784,1995,32574.0,0.0,0.17369,0.885756,GRC,MKD,260800
5039532,107,140,5784,1995,4839.0,0.0,-0.821991,-1.071013,IRN,MKD,260800
5039533,185,140,5784,1995,15752.0,0.0,0.621468,1.038729,ROU,MKD,260800
5039534,93,197,5784,1995,13179.0,0.0,-0.241468,0.170932,GTM,SLV,260800
5039535,231,197,5784,1995,1080.0,0.0,1.771648,1.184,USA,SLV,260800
5039536,61,67,5784,1995,1925.0,0.0,2.325385,-2.2238189999999998,DEU,ECU,260800
5039537,71,107,5784,1995,0.0,1054628.0,1.144247,1.933844,ESP,IRN,260800
5039538,81,107,5784,1995,0.0,1701136.0,1.8656979999999999,1.107121,GBR,IRN,260800
5039539,111,107,5784,1995,0.0,9702876.0,1.503379,1.449094,ITA,IRN,260800
5039540,140,107,5784,1995,0.0,4839.0,0.34174,0.648467,MKD,IRN,260800
5039541,162,107,5784,1995,0.0,4410421.0,1.304391,1.8819119999999998,NLD,IRN,260800
5039542,224,107,5784,1995,0.0,1112034.0,0.166794,1.209066,TUR,IRN,260800
5039543,43,174,5784,1995,0.0,2693834.0,0.387897,3.2147919999999996,CHN,PHL,260800
5039544,42,186,5784,1995,772187.0,0.0,-0.073436,-0.192675,CHL,RUS,260800
5039545,43,186,5784,1995,5249326.0,1571107.0,0.387897,3.2147919999999996,CHN,RUS,260800
5039546,90,186,5784,1995,3319326.0,0.0,0.17369,0.885756,GRC,RUS,260800
5039547,106,186,5784,1995,4593248.0,0.0,1.349192,0.992099,IRL,RUS,260800
5039548,114,186,5784,1995,0.0,5510029.0,2.56822,0.927307,JPN,RUS,260800
5039549,121,186,5784,1995,0.0,2594838.0,0.845175,1.2761799999999999,KOR,RUS,260800
5039550,177,186,5784,1995,5446288.0,0.0,0.76393,1.802648,POL,RUS,260800
5039551,224,186,5784,1995,204770.0,0.0,0.166794,1.209066,TUR,RUS,260800
5039552,231,186,5784,1995,2368994.0,0.0,1.771648,1.184,USA,RUS,260800
5039553,43,228,5784,1995,661421.0,0.0,0.387897,3.2147919999999996,CHN,UKR,260800
5039554,177,228,5784,1995,1247091.0,0.0,0.76393,1.802648,POL,UKR,260800
5039555,43,239,5784,1995,0.0,139084.0,0.387897,3.2147919999999996,CHN,VNM,260800
5039556,216,239,5784,1995,0.0,2714513.0,0.174522,1.608058,THA,VNM,260800
5039557,77,249,5784,1995,48852.0,0.0,1.768484,0.765537,FRA,TWN,260800
5039558,103,249,5784,1995,0.0,22783.0,-0.391727,1.174727,IDN,TWN,260800
5039559,166,249,5784,1995,13043.0,0.0,0.5558270000000001,0.773271,NZL,TWN,260800
5039560,15,250,5784,1995,0.0,111332.0,2.000295,0.661255,AUT,ANS,260800
5039561,61,250,5784,1995,2329.0,0.0,2.325385,-2.2238189999999998,DEU,ANS,260800
5039562,177,250,5784,1995,0.0,24677.0,0.76393,1.802648,POL,ANS,260800
5039563,8,31,5784,1995,0.0,354246.0,0.245885,0.5489850000000001,ARG,BOL,260800
5039564,18,31,5784,1995,0.0,909120.0,1.615588,1.394102,BEL,BOL,260800
5039565,32,31,5784,1995,0.0,2217036.0,0.687171,1.188647,BRA,BOL,260800
5039566,39,31,5784,1995,0.0,432168.0,1.077804,1.0724200000000002,CAN,BOL,260800
5039567,41,31,5784,1995,0.0,6624864.0,2.1893029999999998,0.82765,CHE,BOL,260800
5039568,42,31,5784,1995,0.0,53682.0,-0.073436,-0.192675,CHL,BOL,260800
5039569,61,31,5784,1995,0.0,1172331.0,2.325385,-2.2238189999999998,DEU,BOL,260800
5039570,77,31,5784,1995,0.0,22950640.0,1.768484,0.765537,FRA,BOL,260800
5039571,81,31,5784,1995,0.0,1132620.0,1.8656979999999999,1.107121,GBR,BOL,260800
5039572,111,31,5784,1995,0.0,1113828.0,1.503379,1.449094,ITA,BOL,260800
5039573,121,31,5784,1995,0.0,5589408.0,0.845175,1.2761799999999999,KOR,BOL,260800
5039574,162,31,5784,1995,0.0,8990400.0,1.304391,1.8819119999999998,NLD,BOL,260800
5039575,173,31,5784,1995,0.0,4915880.0,-0.263859,-0.21032800000000001,PER,BOL,260800
5039576,173,66,5784,1995,9154509.0,0.0,-0.263859,-0.21032800000000001,PER,DZA,260800
5039577,223,66,5784,1995,597921.0,0.0,-0.253792,-0.044331,TUN,DZA,260800
5039578,104,7,5784,1995,29539.0,0.0,0.156183,1.9617380000000002,IND,ARE,260800
5039579,188,7,5784,1995,19304.0,0.0,0.401573,-0.6676529999999999,SAU,ARE,260800
5039580,18,23,5784,1995,924721.0,0.0,1.615588,1.394102,BEL,BGR,260800
5039581,43,23,5784,1995,801068.0,0.0,0.387897,3.2147919999999996,CHN,BGR,260800
5039582,90,23,5784,1995,603036.0,0.0,0.17369,0.885756,GRC,BGR,260800
5039583,111,23,5784,1995,58965.0,0.0,1.503379,1.449094,ITA,BGR,260800
5039584,140,23,5784,1995,2131264.0,0.0,0.34174,0.648467,MKD,BGR,260800
5039585,173,23,5784,1995,5705630.0,0.0,-0.263859,-0.21032800000000001,PER,BGR,260800
5039586,177,23,5784,1995,306805.0,0.0,0.76393,1.802648,POL,BGR,260800
5039587,185,23,5784,1995,606000.0,0.0,0.621468,1.038729,ROU,BGR,260800
5039588,208,23,5784,1995,2821306.0,0.0,2.246997,1.060171,SWE,BGR,260800
5039589,224,23,5784,1995,225082.0,0.0,0.166794,1.209066,TUR,BGR,260800
5039590,153,34,5784,1995,2153.0,0.0,0.357745,0.374284,MYS,BRN,260800
5039591,77,80,5784,1995,9280.0,0.0,1.768484,0.765537,FRA,GAB,260800
5039592,61,112,5784,1995,1037.0,0.0,2.325385,-2.2238189999999998,DEU,JAM,260800
5039593,43,115,5784,1995,459022.0,0.0,0.387897,3.2147919999999996,CHN,KAZ,260800
5039594,81,122,5784,1995,2216.0,0.0,1.8656979999999999,1.107121,GBR,KWT,260800
5039595,18,180,5784,1995,0.0,16092.0,1.615588,1.394102,BEL,PRY,260800
5039596,32,180,5784,1995,0.0,29372.0,0.687171,1.188647,BRA,PRY,260800
5039597,90,189,5784,1995,476273.0,0.0,0.17369,0.885756,GRC,SCG,260800
5039598,18,212,5784,1995,24826.0,0.0,1.615588,1.394102,BEL,SYR,260800
5039599,177,232,5784,1995,4036060.0,0.0,0.76393,1.802648,POL,UZB,260800
5039600,43,143,5784,1995,0.0,5082.0,0.387897,3.2147919999999996,CHN,MMR,260800
5039601,81,143,5784,1995,0.0,520957.0,1.8656979999999999,1.107121,GBR,MMR,260800
5039602,114,143,5784,1995,0.0,509394.0,2.56822,0.927307,JPN,MMR,260800
5039603,216,143,5784,1995,0.0,43353.0,0.174522,1.608058,THA,MMR,260800
5039604,43,178,5784,1995,8253896.0,221407.0,0.387897,3.2147919999999996,CHN,PRK,260800
5039605,173,178,5784,1995,1937482.0,0.0,-0.263859,-0.21032800000000001,PER,PRK,260800
5039606,18,15,5786,1995,55254.0,0.0,1.615588,1.394102,BEL,AUT,261000
5039607,41,15,5786,1995,2864.0,0.0,2.1893029999999998,0.82765,CHE,AUT,261000
5039608,54,15,5786,1995,179995.0,0.0,-0.315644,-0.8812110000000001,CUB,AUT,261000
5039609,59,15,5786,1995,9276.0,67960.0,1.375091,1.628069,CZE,AUT,261000
5039610,61,15,5786,1995,66516.0,0.0,2.325385,-2.2238189999999998,DEU,AUT,261000
5039611,77,15,5786,1995,3324.0,0.0,1.768484,0.765537,FRA,AUT,261000
5039612,106,15,5786,1995,10559.0,0.0,1.349192,0.992099,IRL,AUT,261000
5039613,111,15,5786,1995,104404.0,20756.0,1.503379,1.449094,ITA,AUT,261000
5039614,162,15,5786,1995,146958.0,0.0,1.304391,1.8819119999999998,NLD,AUT,261000
5039615,168,15,5786,1995,266086.0,0.0,-0.707965,-0.324784,PAK,AUT,261000
5039616,185,15,5786,1995,0.0,50331.0,0.621468,1.038729,ROU,AUT,261000
5039617,206,15,5786,1995,0.0,2144.0,1.2249780000000001,1.405585,SVK,AUT,261000
5039618,207,15,5786,1995,0.0,4417.0,1.424606,1.490521,SVN,AUT,261000
5039619,224,15,5786,1995,13069.0,0.0,0.166794,1.209066,TUR,AUT,261000
5039620,246,15,5786,1995,3028791.0,0.0,0.468112,1.039817,ZAF,AUT,261000
5039621,4,18,5786,1995,3952.0,0.0,-0.39273,-0.47259300000000004,ALB,BEL,261000
5039622,15,18,5786,1995,0.0,55254.0,2.000295,0.661255,AUT,BEL,261000
5039623,32,18,5786,1995,0.0,129876.0,0.687171,1.188647,BRA,BEL,261000
5039624,41,18,5786,1995,0.0,8443.0,2.1893029999999998,0.82765,CHE,BEL,261000
5039625,45,18,5786,1995,0.0,1961.0,-1.121716,-0.9758020000000001,CMR,BEL,261000
5039626,59,18,5786,1995,0.0,252737.0,1.375091,1.628069,CZE,BEL,261000
5039627,61,18,5786,1995,14644.0,348265.0,2.325385,-2.2238189999999998,DEU,BEL,261000
5039628,71,18,5786,1995,0.0,22484.0,1.144247,1.933844,ESP,BEL,261000
5039629,74,18,5786,1995,0.0,13344.0,2.0085740000000003,1.126816,FIN,BEL,261000
5039630,77,18,5786,1995,1326.0,1969370.0,1.768484,0.765537,FRA,BEL,261000
5039631,81,18,5786,1995,0.0,9407.0,1.8656979999999999,1.107121,GBR,BEL,261000
5039632,90,18,5786,1995,201117.0,0.0,0.17369,0.885756,GRC,BEL,261000
5039633,102,18,5786,1995,0.0,11235.0,0.878711,1.8200060000000002,HUN,BEL,261000
5039634,104,18,5786,1995,0.0,55432.0,0.156183,1.9617380000000002,IND,BEL,261000
5039635,111,18,5786,1995,0.0,18227.0,1.503379,1.449094,ITA,BEL,261000
5039636,114,18,5786,1995,0.0,454270.0,2.56822,0.927307,JPN,BEL,261000
5039637,134,18,5786,1995,0.0,5974.0,-0.6481210000000001,-0.22345,MAR,BEL,261000
5039638,162,18,5786,1995,386453.0,84768.0,1.304391,1.8819119999999998,NLD,BEL,261000
5039639,177,18,5786,1995,0.0,156369.0,0.76393,1.802648,POL,BEL,261000
5039640,224,18,5786,1995,267563.0,25563.0,0.166794,1.209066,TUR,BEL,261000
5039641,246,18,5786,1995,1808835.0,0.0,0.468112,1.039817,ZAF,BEL,261000
5039642,8,32,5786,1995,0.0,557523.0,0.245885,0.5489850000000001,ARG,BRA,261000
5039643,18,32,5786,1995,129876.0,0.0,1.615588,1.394102,BEL,BRA,261000
5039644,31,32,5786,1995,0.0,1622.0,-0.440583,-0.688389,BOL,BRA,261000
5039645,41,32,5786,1995,19006.0,0.0,2.1893029999999998,0.82765,CHE,BRA,261000
5039646,77,32,5786,1995,0.0,3797.0,1.768484,0.765537,FRA,BRA,261000
5039647,81,32,5786,1995,47247.0,0.0,1.8656979999999999,1.107121,GBR,BRA,261000
5039648,104,32,5786,1995,858436.0,0.0,0.156183,1.9617380000000002,IND,BRA,261000
5039649,114,32,5786,1995,1456334.0,2849.0,2.56822,0.927307,JPN,BRA,261000
5039650,174,32,5786,1995,1057342.0,0.0,-0.480548,0.076564,PHL,BRA,261000
5039651,208,32,5786,1995,0.0,2066422.0,2.246997,1.060171,SWE,BRA,261000
5039652,231,32,5786,1995,2501.0,0.0,1.771648,1.184,USA,BRA,261000
5039653,236,32,5786,1995,2124.0,0.0,0.299294,-0.635474,VEN,BRA,261000
5039654,246,32,5786,1995,530482.0,0.0,0.468112,1.039817,ZAF,BRA,261000
5039655,7,43,5786,1995,2916610.0,0.0,-0.205166,-0.6132380000000001,ARE,CHN,261000
5039656,97,43,5786,1995,1435752.0,0.0,0.5244449999999999,2.682738,HKG,CHN,261000
5039657,103,43,5786,1995,1166560.0,0.0,-0.391727,1.174727,IDN,CHN,261000
5039658,104,43,5786,1995,35477572.0,0.0,0.156183,1.9617380000000002,IND,CHN,261000
5039659,107,43,5786,1995,33473090.0,0.0,-0.821991,-1.071013,IRN,CHN,261000
5039660,114,43,5786,1995,1991536.0,599000.0,2.56822,0.927307,JPN,CHN,261000
5039661,136,43,5786,1995,2991780.0,0.0,-1.178074,-0.6167,MDG,CHN,261000
5039662,143,43,5786,1995,266776.0,0.0,-1.5669309999999999,-1.124558,MMR,CHN,261000
5039663,168,43,5786,1995,5972339.0,0.0,-0.707965,-0.324784,PAK,CHN,261000
5039664,174,43,5786,1995,3345968.0,0.0,-0.480548,0.076564,PHL,CHN,261000
5039665,178,43,5786,1995,32050.0,31595.0,0.46509799999999996,0.645496,PRK,CHN,261000
5039666,190,43,5786,1995,1281349.0,0.0,-0.776567,-0.963823,SDN,CHN,261000
5039667,224,43,5786,1995,21608850.0,0.0,0.166794,1.209066,TUR,CHN,261000
5039668,231,43,5786,1995,79380.0,0.0,1.771648,1.184,USA,CHN,261000
5039669,239,43,5786,1995,1028266.0,0.0,-1.0462069999999999,-0.269063,VNM,CHN,261000
5039670,246,43,5786,1995,17689778.0,0.0,0.468112,1.039817,ZAF,CHN,261000
5039671,249,43,5786,1995,8680.0,0.0,1.345205,1.9337389999999999,TWN,CHN,261000
5039672,231,49,5786,1995,8675.0,0.0,1.771648,1.184,USA,COL,261000
5039673,236,49,5786,1995,81275.0,0.0,0.299294,-0.635474,VEN,COL,261000
5039674,231,52,5786,1995,9709.0,0.0,1.771648,1.184,USA,CRI,261000
5039675,15,61,5786,1995,0.0,66516.0,2.000295,0.661255,AUT,DEU,261000
5039676,18,61,5786,1995,348265.0,14644.0,1.615588,1.394102,BEL,DEU,261000
5039677,23,61,5786,1995,0.0,12348.0,0.436138,1.086561,BGR,DEU,261000
5039678,41,61,5786,1995,0.0,1953.0,2.1893029999999998,0.82765,CHE,DEU,261000
5039679,54,61,5786,1995,313225.0,0.0,-0.315644,-0.8812110000000001,CUB,DEU,261000
5039680,59,61,5786,1995,2051.0,925690.0,1.375091,1.628069,CZE,DEU,261000
5039681,64,61,5786,1995,0.0,7096.0,1.3800270000000001,1.489036,DNK,DEU,261000
5039682,71,61,5786,1995,0.0,50465.0,1.144247,1.933844,ESP,DEU,261000
5039683,77,61,5786,1995,0.0,166725.0,1.768484,0.765537,FRA,DEU,261000
5039684,81,61,5786,1995,0.0,6182.0,1.8656979999999999,1.107121,GBR,DEU,261000
5039685,90,61,5786,1995,85481.0,20384.0,0.17369,0.885756,GRC,DEU,261000
5039686,100,61,5786,1995,0.0,7820.0,0.75325,1.395715,HRV,DEU,261000
5039687,102,61,5786,1995,0.0,41093.0,0.878711,1.8200060000000002,HUN,DEU,261000
5039688,103,61,5786,1995,3231.0,0.0,-0.391727,1.174727,IDN,DEU,261000
5039689,111,61,5786,1995,0.0,97358.0,1.503379,1.449094,ITA,DEU,261000
5039690,134,61,5786,1995,0.0,4611.0,-0.6481210000000001,-0.22345,MAR,DEU,261000
5039691,162,61,5786,1995,2479876.0,38528.0,1.304391,1.8819119999999998,NLD,DEU,261000
5039692,169,61,5786,1995,0.0,6193.0,-0.019815,0.050906,PAN,DEU,261000
5039693,174,61,5786,1995,32554.0,0.0,-0.480548,0.076564,PHL,DEU,261000
5039694,177,61,5786,1995,68704.0,182010.0,0.76393,1.802648,POL,DEU,261000
5039695,179,61,5786,1995,0.0,19652.0,0.412677,1.254009,PRT,DEU,261000
5039696,185,61,5786,1995,0.0,248400.0,0.621468,1.038729,ROU,DEU,261000
5039697,206,61,5786,1995,0.0,23483.0,1.2249780000000001,1.405585,SVK,DEU,261000
5039698,208,61,5786,1995,139930.0,0.0,2.246997,1.060171,SWE,DEU,261000
5039699,224,61,5786,1995,4119653.0,0.0,0.166794,1.209066,TUR,DEU,261000
5039700,231,61,5786,1995,49658.0,0.0,1.771648,1.184,USA,DEU,261000
5039701,246,61,5786,1995,9156795.0,0.0,0.468112,1.039817,ZAF,DEU,261000
5039702,250,61,5786,1995,26478.0,34935.0,1.034518,0.9735149999999999,ANS,DEU,261000
5039703,61,64,5786,1995,7096.0,0.0,2.325385,-2.2238189999999998,DEU,DNK,261000
5039704,77,64,5786,1995,1977.0,0.0,1.768484,0.765537,FRA,DNK,261000
5039705,81,64,5786,1995,86245.0,0.0,1.8656979999999999,1.107121,GBR,DNK,261000
5039706,162,64,5786,1995,161747.0,0.0,1.304391,1.8819119999999998,NLD,DNK,261000
5039707,18,71,5786,1995,22484.0,0.0,1.615588,1.394102,BEL,ESP,261000
5039708,42,71,5786,1995,0.0,9341.0,-0.073436,-0.192675,CHL,ESP,261000
5039709,61,71,5786,1995,50465.0,0.0,2.325385,-2.2238189999999998,DEU,ESP,261000
5039710,77,71,5786,1995,69908.0,9389.0,1.768484,0.765537,FRA,ESP,261000
5039711,111,71,5786,1995,60770.0,0.0,1.503379,1.449094,ITA,ESP,261000
5039712,134,71,5786,1995,0.0,2826.0,-0.6481210000000001,-0.22345,MAR,ESP,261000
5039713,162,71,5786,1995,58089.0,0.0,1.304391,1.8819119999999998,NLD,ESP,261000
5039714,168,71,5786,1995,16225.0,0.0,-0.707965,-0.324784,PAK,ESP,261000
5039715,179,71,5786,1995,0.0,142488.0,0.412677,1.254009,PRT,ESP,261000
5039716,224,71,5786,1995,177169.0,0.0,0.166794,1.209066,TUR,ESP,261000
5039717,231,71,5786,1995,14859.0,0.0,1.771648,1.184,USA,ESP,261000
5039718,246,71,5786,1995,449258.0,0.0,0.468112,1.039817,ZAF,ESP,261000
5039719,18,74,5786,1995,13344.0,0.0,1.615588,1.394102,BEL,FIN,261000
5039720,162,74,5786,1995,82557.0,0.0,1.304391,1.8819119999999998,NLD,FIN,261000
5039721,163,74,5786,1995,0.0,22071.0,1.019741,0.394241,NOR,FIN,261000
5039722,208,74,5786,1995,0.0,147849.0,2.246997,1.060171,SWE,FIN,261000
5039723,4,77,5786,1995,241422.0,0.0,-0.39273,-0.47259300000000004,ALB,FRA,261000
5039724,15,77,5786,1995,0.0,3324.0,2.000295,0.661255,AUT,FRA,261000
5039725,18,77,5786,1995,1969370.0,1326.0,1.615588,1.394102,BEL,FRA,261000
5039726,32,77,5786,1995,3797.0,0.0,0.687171,1.188647,BRA,FRA,261000
5039727,39,77,5786,1995,0.0,1350.0,1.077804,1.0724200000000002,CAN,FRA,261000
5039728,41,77,5786,1995,1147.0,0.0,2.1893029999999998,0.82765,CHE,FRA,261000
5039729,61,77,5786,1995,166725.0,0.0,2.325385,-2.2238189999999998,DEU,FRA,261000
5039730,64,77,5786,1995,0.0,1977.0,1.3800270000000001,1.489036,DNK,FRA,261000
5039731,71,77,5786,1995,9389.0,69908.0,1.144247,1.933844,ESP,FRA,261000
5039732,81,77,5786,1995,249151.0,18616.0,1.8656979999999999,1.107121,GBR,FRA,261000
5039733,106,77,5786,1995,0.0,4059.0,1.349192,0.992099,IRL,FRA,261000
5039734,107,77,5786,1995,4997.0,0.0,-0.821991,-1.071013,IRN,FRA,261000
5039735,110,77,5786,1995,0.0,11973.0,1.205368,1.189434,ISR,FRA,261000
5039736,111,77,5786,1995,52316.0,105664.0,1.503379,1.449094,ITA,FRA,261000
5039737,159,77,5786,1995,35469.0,0.0,-2.108206,-1.2017520000000002,NGA,FRA,261000
5039738,162,77,5786,1995,799955.0,0.0,1.304391,1.8819119999999998,NLD,FRA,261000
5039739,179,77,5786,1995,0.0,3554.0,0.412677,1.254009,PRT,FRA,261000
5039740,188,77,5786,1995,0.0,28590.0,0.401573,-0.6676529999999999,SAU,FRA,261000
5039741,192,77,5786,1995,0.0,9129.0,0.747684,0.4745,SGP,FRA,261000
5039742,208,77,5786,1995,0.0,2519.0,2.246997,1.060171,SWE,FRA,261000
5039743,216,77,5786,1995,0.0,79310.0,0.174522,1.608058,THA,FRA,261000
5039744,224,77,5786,1995,275032.0,0.0,0.166794,1.209066,TUR,FRA,261000
5039745,246,77,5786,1995,1584015.0,0.0,0.468112,1.039817,ZAF,FRA,261000
5039746,248,77,5786,1995,0.0,1829.0,-0.054752999999999996,0.326737,ZWE,FRA,261000
5039747,7,81,5786,1995,159160.0,7470.0,-0.205166,-0.6132380000000001,ARE,GBR,261000
5039748,18,81,5786,1995,9407.0,0.0,1.615588,1.394102,BEL,GBR,261000
5039749,32,81,5786,1995,0.0,47247.0,0.687171,1.188647,BRA,GBR,261000
5039750,61,81,5786,1995,6182.0,0.0,2.325385,-2.2238189999999998,DEU,GBR,261000
5039751,64,81,5786,1995,0.0,86245.0,1.3800270000000001,1.489036,DNK,GBR,261000
5039752,68,81,5786,1995,0.0,16787.0,-0.340042,-0.085601,EGY,GBR,261000
5039753,72,81,5786,1995,46501.0,0.0,0.530041,1.134288,EST,GBR,261000
5039754,77,81,5786,1995,18616.0,249151.0,1.768484,0.765537,FRA,GBR,261000
5039755,106,81,5786,1995,0.0,5178.0,1.349192,0.992099,IRL,GBR,261000
5039756,111,81,5786,1995,0.0,7152.0,1.503379,1.449094,ITA,GBR,261000
5039757,112,81,5786,1995,0.0,2055.0,-0.873925,-0.952304,JAM,GBR,261000
5039758,128,81,5786,1995,0.0,5383.0,-0.8358030000000001,-0.29397199999999996,LKA,GBR,261000
5039759,162,81,5786,1995,153880.0,15799.0,1.304391,1.8819119999999998,NLD,GBR,261000
5039760,163,81,5786,1995,0.0,11314.0,1.019741,0.394241,NOR,GBR,261000
5039761,167,81,5786,1995,1888.0,0.0,-0.328853,-0.946069,OMN,GBR,261000
5039762,168,81,5786,1995,3433.0,0.0,-0.707965,-0.324784,PAK,GBR,261000
5039763,173,81,5786,1995,0.0,3388.0,-0.263859,-0.21032800000000001,PER,GBR,261000
5039764,174,81,5786,1995,524476.0,0.0,-0.480548,0.076564,PHL,GBR,261000
5039765,208,81,5786,1995,0.0,192042.0,2.246997,1.060171,SWE,GBR,261000
5039766,222,81,5786,1995,0.0,8631.0,0.254658,-0.496058,TTO,GBR,261000
5039767,231,81,5786,1995,9158.0,0.0,1.771648,1.184,USA,GBR,261000
5039768,246,81,5786,1995,8017014.0,0.0,0.468112,1.039817,ZAF,GBR,261000
5039769,231,93,5786,1995,6549.0,0.0,1.771648,1.184,USA,GTM,261000
5039770,43,97,5786,1995,0.0,1435752.0,0.387897,3.2147919999999996,CHN,HKG,261000
5039771,231,97,5786,1995,127236.0,0.0,1.771648,1.184,USA,HKG,261000
5039772,231,99,5786,1995,3252.0,0.0,1.771648,1.184,USA,HND,261000
5039773,15,106,5786,1995,0.0,10559.0,2.000295,0.661255,AUT,IRL,261000
5039774,77,106,5786,1995,4059.0,0.0,1.768484,0.765537,FRA,IRL,261000
5039775,81,106,5786,1995,5178.0,0.0,1.8656979999999999,1.107121,GBR,IRL,261000
5039776,111,106,5786,1995,0.0,35497.0,1.503379,1.449094,ITA,IRL,261000
5039777,162,106,5786,1995,3533.0,0.0,1.304391,1.8819119999999998,NLD,IRL,261000
5039778,231,106,5786,1995,23295.0,0.0,1.771648,1.184,USA,IRL,261000
5039779,77,110,5786,1995,11973.0,0.0,1.768484,0.765537,FRA,ISR,261000
5039780,224,110,5786,1995,116302.0,0.0,0.166794,1.209066,TUR,ISR,261000
5039781,246,110,5786,1995,43436.0,0.0,0.468112,1.039817,ZAF,ISR,261000
5039782,4,111,5786,1995,1947643.0,0.0,-0.39273,-0.47259300000000004,ALB,ITA,261000
5039783,7,111,5786,1995,795475.0,0.0,-0.205166,-0.6132380000000001,ARE,ITA,261000
5039784,15,111,5786,1995,20756.0,104404.0,2.000295,0.661255,AUT,ITA,261000
5039785,18,111,5786,1995,18227.0,0.0,1.615588,1.394102,BEL,ITA,261000
5039786,41,111,5786,1995,0.0,107040.0,2.1893029999999998,0.82765,CHE,ITA,261000
5039787,61,111,5786,1995,97358.0,0.0,2.325385,-2.2238189999999998,DEU,ITA,261000
5039788,71,111,5786,1995,0.0,60770.0,1.144247,1.933844,ESP,ITA,261000
5039789,77,111,5786,1995,105664.0,52316.0,1.768484,0.765537,FRA,ITA,261000
5039790,81,111,5786,1995,7152.0,0.0,1.8656979999999999,1.107121,GBR,ITA,261000
5039791,90,111,5786,1995,238686.0,5942.0,0.17369,0.885756,GRC,ITA,261000
5039792,100,111,5786,1995,0.0,11532.0,0.75325,1.395715,HRV,ITA,261000
5039793,102,111,5786,1995,19574.0,0.0,0.878711,1.8200060000000002,HUN,ITA,261000
5039794,106,111,5786,1995,35497.0,0.0,1.349192,0.992099,IRL,ITA,261000
5039795,115,111,5786,1995,1900303.0,0.0,0.280262,-0.285508,KAZ,ITA,261000
5039796,162,111,5786,1995,401582.0,0.0,1.304391,1.8819119999999998,NLD,ITA,261000
5039797,177,111,5786,1995,0.0,21173.0,0.76393,1.802648,POL,ITA,261000
5039798,179,111,5786,1995,0.0,7307.0,0.412677,1.254009,PRT,ITA,261000
5039799,185,111,5786,1995,0.0,9321.0,0.621468,1.038729,ROU,ITA,261000
5039800,207,111,5786,1995,0.0,95146.0,1.424606,1.490521,SVN,ITA,261000
5039801,223,111,5786,1995,0.0,6222.0,-0.253792,-0.044331,TUN,ITA,261000
5039802,224,111,5786,1995,6458277.0,51961.0,0.166794,1.209066,TUR,ITA,261000
5039803,246,111,5786,1995,2670417.0,0.0,0.468112,1.039817,ZAF,ITA,261000
5039804,248,111,5786,1995,317755.0,0.0,-0.054752999999999996,0.326737,ZWE,ITA,261000
5039805,114,121,5786,1995,53663.0,20588.0,2.56822,0.927307,JPN,KOR,261000
5039806,231,121,5786,1995,47884.0,0.0,1.771648,1.184,USA,KOR,261000
5039807,246,121,5786,1995,244464.0,0.0,0.468112,1.039817,ZAF,KOR,261000
5039808,38,138,5786,1995,8090.0,0.0,-0.378162,-0.6538010000000001,CAF,MEX,261000
5039809,39,138,5786,1995,14405.0,0.0,1.077804,1.0724200000000002,CAN,MEX,261000
5039810,174,138,5786,1995,476801.0,0.0,-0.480548,0.076564,PHL,MEX,261000
5039811,224,138,5786,1995,592220.0,0.0,0.166794,1.209066,TUR,MEX,261000
5039812,231,138,5786,1995,462030.0,0.0,1.771648,1.184,USA,MEX,261000
5039813,236,138,5786,1995,6715.0,8245.0,0.299294,-0.635474,VEN,MEX,261000
5039814,246,138,5786,1995,48583.0,0.0,0.468112,1.039817,ZAF,MEX,261000
5039815,14,153,5786,1995,1952.0,0.0,0.44442,0.789292,AUS,MYS,261000
5039816,39,153,5786,1995,2671.0,0.0,1.077804,1.0724200000000002,CAN,MYS,261000
5039817,114,153,5786,1995,45846.0,0.0,2.56822,0.927307,JPN,MYS,261000
5039818,162,153,5786,1995,10470.0,0.0,1.304391,1.8819119999999998,NLD,MYS,261000
5039819,192,153,5786,1995,178847.0,2306.0,0.747684,0.4745,SGP,MYS,261000
5039820,231,153,5786,1995,52539.0,0.0,1.771648,1.184,USA,MYS,261000
5039821,246,153,5786,1995,40292.0,0.0,0.468112,1.039817,ZAF,MYS,261000
5039822,15,162,5786,1995,0.0,146958.0,2.000295,0.661255,AUT,NLD,261000
5039823,18,162,5786,1995,84768.0,386453.0,1.615588,1.394102,BEL,NLD,261000
5039824,41,162,5786,1995,0.0,38826.0,2.1893029999999998,0.82765,CHE,NLD,261000
5039825,42,162,5786,1995,0.0,3722.0,-0.073436,-0.192675,CHL,NLD,261000
5039826,59,162,5786,1995,0.0,40046.0,1.375091,1.628069,CZE,NLD,261000
5039827,61,162,5786,1995,38528.0,2479876.0,2.325385,-2.2238189999999998,DEU,NLD,261000
5039828,64,162,5786,1995,0.0,161747.0,1.3800270000000001,1.489036,DNK,NLD,261000
5039829,68,162,5786,1995,0.0,40104.0,-0.340042,-0.085601,EGY,NLD,261000
5039830,71,162,5786,1995,0.0,58089.0,1.144247,1.933844,ESP,NLD,261000
5039831,74,162,5786,1995,0.0,82557.0,2.0085740000000003,1.126816,FIN,NLD,261000
5039832,77,162,5786,1995,0.0,799955.0,1.768484,0.765537,FRA,NLD,261000
5039833,81,162,5786,1995,15799.0,153880.0,1.8656979999999999,1.107121,GBR,NLD,261000
5039834,90,162,5786,1995,299216.0,14764.0,0.17369,0.885756,GRC,NLD,261000
5039835,100,162,5786,1995,0.0,73943.0,0.75325,1.395715,HRV,NLD,261000
5039836,102,162,5786,1995,0.0,144928.0,0.878711,1.8200060000000002,HUN,NLD,261000
5039837,103,162,5786,1995,0.0,20764.0,-0.391727,1.174727,IDN,NLD,261000
5039838,104,162,5786,1995,0.0,17337.0,0.156183,1.9617380000000002,IND,NLD,261000
5039839,106,162,5786,1995,0.0,3533.0,1.349192,0.992099,IRL,NLD,261000
5039840,111,162,5786,1995,0.0,401582.0,1.503379,1.449094,ITA,NLD,261000
5039841,114,162,5786,1995,0.0,31373.0,2.56822,0.927307,JPN,NLD,261000
5039842,124,162,5786,1995,0.0,15721.0,0.027416000000000003,0.327795,LBN,NLD,261000
5039843,134,162,5786,1995,0.0,30054.0,-0.6481210000000001,-0.22345,MAR,NLD,261000
5039844,153,162,5786,1995,0.0,10470.0,0.357745,0.374284,MYS,NLD,261000
5039845,163,162,5786,1995,0.0,36579.0,1.019741,0.394241,NOR,NLD,261000
5039846,166,162,5786,1995,0.0,18584.0,0.5558270000000001,0.773271,NZL,NLD,261000
5039847,168,162,5786,1995,0.0,22480.0,-0.707965,-0.324784,PAK,NLD,261000
5039848,177,162,5786,1995,0.0,225061.0,0.76393,1.802648,POL,NLD,261000
5039849,179,162,5786,1995,0.0,100724.0,0.412677,1.254009,PRT,NLD,261000
5039850,185,162,5786,1995,0.0,1583.0,0.621468,1.038729,ROU,NLD,261000
5039851,188,162,5786,1995,0.0,25981.0,0.401573,-0.6676529999999999,SAU,NLD,261000
5039852,192,162,5786,1995,0.0,21519.0,0.747684,0.4745,SGP,NLD,261000
5039853,206,162,5786,1995,0.0,49504.0,1.2249780000000001,1.405585,SVK,NLD,261000
5039854,208,162,5786,1995,0.0,87884.0,2.246997,1.060171,SWE,NLD,261000
5039855,216,162,5786,1995,0.0,115740.0,0.174522,1.608058,THA,NLD,261000
5039856,223,162,5786,1995,0.0,3480.0,-0.253792,-0.044331,TUN,NLD,261000
5039857,224,162,5786,1995,30299.0,0.0,0.166794,1.209066,TUR,NLD,261000
5039858,246,162,5786,1995,6841674.0,0.0,0.468112,1.039817,ZAF,NLD,261000
5039859,249,162,5786,1995,0.0,20879.0,1.345205,1.9337389999999999,TWN,NLD,261000
5039860,74,163,5786,1995,22071.0,0.0,2.0085740000000003,1.126816,FIN,NOR,261000
5039861,81,163,5786,1995,11314.0,0.0,1.8656979999999999,1.107121,GBR,NOR,261000
5039862,162,163,5786,1995,36579.0,0.0,1.304391,1.8819119999999998,NLD,NOR,261000
5039863,208,163,5786,1995,4207.0,0.0,2.246997,1.060171,SWE,NOR,261000
5039864,224,163,5786,1995,1425077.0,0.0,0.166794,1.209066,TUR,NOR,261000
5039865,246,163,5786,1995,868764.0,0.0,0.468112,1.039817,ZAF,NOR,261000
5039866,61,169,5786,1995,6193.0,0.0,2.325385,-2.2238189999999998,DEU,PAN,261000
5039867,81,173,5786,1995,3388.0,0.0,1.8656979999999999,1.107121,GBR,PER,261000
5039868,174,173,5786,1995,387607.0,0.0,-0.480548,0.076564,PHL,PER,261000
5039869,246,173,5786,1995,54986.0,0.0,0.468112,1.039817,ZAF,PER,261000
5039870,18,177,5786,1995,156369.0,0.0,1.615588,1.394102,BEL,POL,261000
5039871,61,177,5786,1995,182010.0,68704.0,2.325385,-2.2238189999999998,DEU,POL,261000
5039872,111,177,5786,1995,21173.0,0.0,1.503379,1.449094,ITA,POL,261000
5039873,115,177,5786,1995,1983904.0,0.0,0.280262,-0.285508,KAZ,POL,261000
5039874,162,177,5786,1995,225061.0,0.0,1.304391,1.8819119999999998,NLD,POL,261000
5039875,206,177,5786,1995,0.0,62888.0,1.2249780000000001,1.405585,SVK,POL,261000
5039876,246,177,5786,1995,2581034.0,0.0,0.468112,1.039817,ZAF,POL,261000
5039877,250,177,5786,1995,68075.0,3234.0,1.034518,0.9735149999999999,ANS,POL,261000
5039878,61,179,5786,1995,19652.0,0.0,2.325385,-2.2238189999999998,DEU,PRT,261000
5039879,71,179,5786,1995,142488.0,0.0,1.144247,1.933844,ESP,PRT,261000
5039880,77,179,5786,1995,3554.0,0.0,1.768484,0.765537,FRA,PRT,261000
5039881,111,179,5786,1995,7307.0,0.0,1.503379,1.449094,ITA,PRT,261000
5039882,162,179,5786,1995,100724.0,0.0,1.304391,1.8819119999999998,NLD,PRT,261000
5039883,186,179,5786,1995,26212.0,0.0,0.364437,0.171494,RUS,PRT,261000
5039884,224,179,5786,1995,23836.0,0.0,0.166794,1.209066,TUR,PRT,261000
5039885,246,179,5786,1995,181298.0,0.0,0.468112,1.039817,ZAF,PRT,261000
5039886,1,216,5786,1995,37784.0,0.0,-0.44388199999999994,-0.631151,AFG,THA,261000
5039887,7,216,5786,1995,43695.0,0.0,-0.205166,-0.6132380000000001,ARE,THA,261000
5039888,14,216,5786,1995,26382.0,0.0,0.44442,0.789292,AUS,THA,261000
5039889,77,216,5786,1995,79310.0,0.0,1.768484,0.765537,FRA,THA,261000
5039890,114,216,5786,1995,7062.0,0.0,2.56822,0.927307,JPN,THA,261000
5039891,162,216,5786,1995,115740.0,0.0,1.304391,1.8819119999999998,NLD,THA,261000
5039892,174,216,5786,1995,17385.0,0.0,-0.480548,0.076564,PHL,THA,261000
5039893,188,216,5786,1995,9897.0,0.0,0.401573,-0.6676529999999999,SAU,THA,261000
5039894,246,216,5786,1995,101308.0,0.0,0.468112,1.039817,ZAF,THA,261000
5039895,250,216,5786,1995,21577.0,0.0,1.034518,0.9735149999999999,ANS,THA,261000
5039896,81,222,5786,1995,8631.0,0.0,1.8656979999999999,1.107121,GBR,TTO,261000
5039897,14,231,5786,1995,0.0,7585.0,0.44442,0.789292,AUS,USA,261000
5039898,31,231,5786,1995,0.0,2120.0,-0.440583,-0.688389,BOL,USA,261000
5039899,32,231,5786,1995,0.0,2501.0,0.687171,1.188647,BRA,USA,261000
5039900,39,231,5786,1995,24453.0,2734859.0,1.077804,1.0724200000000002,CAN,USA,261000
5039901,41,231,5786,1995,0.0,7350.0,2.1893029999999998,0.82765,CHE,USA,261000
5039902,42,231,5786,1995,0.0,135778.0,-0.073436,-0.192675,CHL,USA,261000
5039903,43,231,5786,1995,0.0,79380.0,0.387897,3.2147919999999996,CHN,USA,261000
5039904,49,231,5786,1995,0.0,8675.0,0.094335,0.13047999999999998,COL,USA,261000
5039905,52,231,5786,1995,0.0,9709.0,-0.30094699999999996,-0.046285,CRI,USA,261000
5039906,61,231,5786,1995,0.0,49658.0,2.325385,-2.2238189999999998,DEU,USA,261000
5039907,71,231,5786,1995,0.0,14859.0,1.144247,1.933844,ESP,USA,261000
5039908,81,231,5786,1995,0.0,9158.0,1.8656979999999999,1.107121,GBR,USA,261000
5039909,93,231,5786,1995,0.0,6549.0,-0.241468,0.170932,GTM,USA,261000
5039910,97,231,5786,1995,0.0,127236.0,0.5244449999999999,2.682738,HKG,USA,261000
5039911,99,231,5786,1995,0.0,3252.0,-0.765536,-0.668834,HND,USA,261000
5039912,103,231,5786,1995,0.0,9063.0,-0.391727,1.174727,IDN,USA,261000
5039913,104,231,5786,1995,3402977.0,0.0,0.156183,1.9617380000000002,IND,USA,261000
5039914,106,231,5786,1995,0.0,23295.0,1.349192,0.992099,IRL,USA,261000
5039915,114,231,5786,1995,0.0,7593.0,2.56822,0.927307,JPN,USA,261000
5039916,121,231,5786,1995,0.0,47884.0,0.845175,1.2761799999999999,KOR,USA,261000
5039917,138,231,5786,1995,0.0,462030.0,0.6414300000000001,0.9697520000000001,MEX,USA,261000
5039918,153,231,5786,1995,0.0,52539.0,0.357745,0.374284,MYS,USA,261000
5039919,174,231,5786,1995,2196844.0,0.0,-0.480548,0.076564,PHL,USA,261000
5039920,208,231,5786,1995,0.0,28550.0,2.246997,1.060171,SWE,USA,261000
5039921,224,231,5786,1995,776525.0,470568.0,0.166794,1.209066,TUR,USA,261000
5039922,236,231,5786,1995,39122.0,43127.0,0.299294,-0.635474,VEN,USA,261000
5039923,246,231,5786,1995,12785999.0,0.0,0.468112,1.039817,ZAF,USA,261000
5039924,249,231,5786,1995,0.0,30729.0,1.345205,1.9337389999999999,TWN,USA,261000
5039925,103,14,5786,1995,216765.0,0.0,-0.391727,1.174727,IDN,AUS,261000
5039926,153,14,5786,1995,0.0,1952.0,0.357745,0.374284,MYS,AUS,261000
5039927,174,14,5786,1995,546671.0,0.0,-0.480548,0.076564,PHL,AUS,261000
5039928,216,14,5786,1995,0.0,26382.0,0.174522,1.608058,THA,AUS,261000
5039929,224,14,5786,1995,3885.0,0.0,0.166794,1.209066,TUR,AUS,261000
5039930,231,14,5786,1995,7585.0,0.0,1.771648,1.184,USA,AUS,261000
5039931,246,14,5786,1995,806171.0,0.0,0.468112,1.039817,ZAF,AUS,261000
5039932,138,38,5786,1995,0.0,8090.0,0.6414300000000001,0.9697520000000001,MEX,CAF,261000
5039933,54,39,5786,1995,1115562.0,0.0,-0.315644,-0.8812110000000001,CUB,CAN,261000
5039934,77,39,5786,1995,1350.0,0.0,1.768484,0.765537,FRA,CAN,261000
5039935,114,39,5786,1995,11507.0,0.0,2.56822,0.927307,JPN,CAN,261000
5039936,138,39,5786,1995,0.0,14405.0,0.6414300000000001,0.9697520000000001,MEX,CAN,261000
5039937,153,39,5786,1995,0.0,2671.0,0.357745,0.374284,MYS,CAN,261000
5039938,171,39,5786,1995,6297.0,0.0,0.8489540000000001,-0.613367,PCN,CAN,261000
5039939,174,39,5786,1995,865931.0,0.0,-0.480548,0.076564,PHL,CAN,261000
5039940,188,39,5786,1995,10683.0,0.0,0.401573,-0.6676529999999999,SAU,CAN,261000
5039941,224,39,5786,1995,104656.0,0.0,0.166794,1.209066,TUR,CAN,261000
5039942,231,39,5786,1995,2734859.0,24453.0,1.771648,1.184,USA,CAN,261000
5039943,246,39,5786,1995,698685.0,0.0,0.468112,1.039817,ZAF,CAN,261000
5039944,250,39,5786,1995,1533.0,0.0,1.034518,0.9735149999999999,ANS,CAN,261000
5039945,15,41,5786,1995,0.0,2864.0,2.000295,0.661255,AUT,CHE,261000
5039946,18,41,5786,1995,8443.0,0.0,1.615588,1.394102,BEL,CHE,261000
5039947,32,41,5786,1995,0.0,19006.0,0.687171,1.188647,BRA,CHE,261000
5039948,59,41,5786,1995,0.0,7108.0,1.375091,1.628069,CZE,CHE,261000
5039949,61,41,5786,1995,1953.0,0.0,2.325385,-2.2238189999999998,DEU,CHE,261000
5039950,77,41,5786,1995,0.0,1147.0,1.768484,0.765537,FRA,CHE,261000
5039951,107,41,5786,1995,6995.0,0.0,-0.821991,-1.071013,IRN,CHE,261000
5039952,111,41,5786,1995,107040.0,0.0,1.503379,1.449094,ITA,CHE,261000
5039953,136,41,5786,1995,1044873.0,0.0,-1.178074,-0.6167,MDG,CHE,261000
5039954,162,41,5786,1995,38826.0,0.0,1.304391,1.8819119999999998,NLD,CHE,261000
5039955,224,41,5786,1995,2894065.0,0.0,0.166794,1.209066,TUR,CHE,261000
5039956,231,41,5786,1995,7350.0,0.0,1.771648,1.184,USA,CHE,261000
5039957,246,41,5786,1995,3529020.0,0.0,0.468112,1.039817,ZAF,CHE,261000
5039958,71,42,5786,1995,9341.0,0.0,1.144247,1.933844,ESP,CHL,261000
5039959,162,42,5786,1995,3722.0,0.0,1.304391,1.8819119999999998,NLD,CHL,261000
5039960,174,42,5786,1995,663155.0,0.0,-0.480548,0.076564,PHL,CHL,261000
5039961,224,42,5786,1995,742122.0,0.0,0.166794,1.209066,TUR,CHL,261000
5039962,231,42,5786,1995,135778.0,0.0,1.771648,1.184,USA,CHL,261000
5039963,246,42,5786,1995,454619.0,0.0,0.468112,1.039817,ZAF,CHL,261000
5039964,15,59,5786,1995,67960.0,9276.0,2.000295,0.661255,AUT,CZE,261000
5039965,18,59,5786,1995,252737.0,0.0,1.615588,1.394102,BEL,CZE,261000
5039966,41,59,5786,1995,7108.0,0.0,2.1893029999999998,0.82765,CHE,CZE,261000
5039967,61,59,5786,1995,925690.0,2051.0,2.325385,-2.2238189999999998,DEU,CZE,261000
5039968,162,59,5786,1995,40046.0,0.0,1.304391,1.8819119999999998,NLD,CZE,261000
5039969,206,59,5786,1995,0.0,5689.0,1.2249780000000001,1.405585,SVK,CZE,261000
5039970,246,59,5786,1995,48473.0,0.0,0.468112,1.039817,ZAF,CZE,261000
5039971,81,68,5786,1995,16787.0,0.0,1.8656979999999999,1.107121,GBR,EGY,261000
5039972,90,68,5786,1995,43615.0,0.0,0.17369,0.885756,GRC,EGY,261000
5039973,162,68,5786,1995,40104.0,0.0,1.304391,1.8819119999999998,NLD,EGY,261000
5039974,246,68,5786,1995,7288.0,0.0,0.468112,1.039817,ZAF,EGY,261000
5039975,81,72,5786,1995,0.0,46501.0,1.8656979999999999,1.107121,GBR,EST,261000
5039976,14,103,5786,1995,0.0,216765.0,0.44442,0.789292,AUS,IDN,261000
5039977,43,103,5786,1995,0.0,1166560.0,0.387897,3.2147919999999996,CHN,IDN,261000
5039978,61,103,5786,1995,0.0,3231.0,2.325385,-2.2238189999999998,DEU,IDN,261000
5039979,114,103,5786,1995,7414.0,905000.0,2.56822,0.927307,JPN,IDN,261000
5039980,162,103,5786,1995,20764.0,0.0,1.304391,1.8819119999999998,NLD,IDN,261000
5039981,231,103,5786,1995,9063.0,0.0,1.771648,1.184,USA,IDN,261000
5039982,246,103,5786,1995,14412.0,0.0,0.468112,1.039817,ZAF,IDN,261000
5039983,250,103,5786,1995,92851.0,0.0,1.034518,0.9735149999999999,ANS,IDN,261000
5039984,7,104,5786,1995,715050.0,0.0,-0.205166,-0.6132380000000001,ARE,IND,261000
5039985,18,104,5786,1995,55432.0,0.0,1.615588,1.394102,BEL,IND,261000
5039986,32,104,5786,1995,0.0,858436.0,0.687171,1.188647,BRA,IND,261000
5039987,43,104,5786,1995,0.0,35477572.0,0.387897,3.2147919999999996,CHN,IND,261000
5039988,114,104,5786,1995,0.0,6177709.0,2.56822,0.927307,JPN,IND,261000
5039989,162,104,5786,1995,17337.0,0.0,1.304391,1.8819119999999998,NLD,IND,261000
5039990,231,104,5786,1995,0.0,3402977.0,1.771648,1.184,USA,IND,261000
5039991,246,104,5786,1995,38792.0,361683.0,0.468112,1.039817,ZAF,IND,261000
5039992,224,113,5786,1995,9917.0,0.0,0.166794,1.209066,TUR,JOR,261000
5039993,18,114,5786,1995,454270.0,0.0,1.615588,1.394102,BEL,JPN,261000
5039994,32,114,5786,1995,2849.0,1456334.0,0.687171,1.188647,BRA,JPN,261000
5039995,39,114,5786,1995,0.0,11507.0,1.077804,1.0724200000000002,CAN,JPN,261000
5039996,43,114,5786,1995,599000.0,1991536.0,0.387897,3.2147919999999996,CHN,JPN,261000
5039997,103,114,5786,1995,905000.0,7414.0,-0.391727,1.174727,IDN,JPN,261000
5039998,104,114,5786,1995,6177709.0,0.0,0.156183,1.9617380000000002,IND,JPN,261000
