4419999,135,110,8733,2020,689997.0,0.0,-0.06779199999999999,-0.240851,MDA,ISR,830242
4420000,162,110,8733,2020,126390.0,38374.0,1.035951,1.559401,NLD,ISR,830242
4420001,177,110,8733,2020,12799.0,0.0,1.0227979999999999,1.4079139999999999,POL,ISR,830242
4420002,179,110,8733,2020,972.0,0.0,0.656999,2.1136470000000003,PRT,ISR,830242
4420003,181,110,8733,2020,1550496.0,5256064.0,0.162235,0.828319,PSE,ISR,830242
4420004,185,110,8733,2020,30906.0,0.0,1.13426,0.9767809999999999,ROU,ISR,830242
4420005,186,110,8733,2020,15794.0,0.0,0.373882,0.42102700000000004,RUS,ISR,830242
4420006,192,110,8733,2020,3388.0,6544.0,1.948379,0.610574,SGP,ISR,830242
4420007,206,110,8733,2020,14292.0,0.0,1.338026,0.825268,SVK,ISR,830242
4420008,207,110,8733,2020,108679.0,1177.0,1.570699,0.8442459999999999,SVN,ISR,830242
4420009,208,110,8733,2020,6900.0,0.0,1.6911310000000002,0.791586,SWE,ISR,830242
4420010,216,110,8733,2020,47325.0,0.0,1.035524,1.2777180000000001,THA,ISR,830242
4420011,224,110,8733,2020,1621020.0,709.0,0.590472,2.619866,TUR,ISR,830242
4420012,227,110,8733,2020,0.0,754.0,-0.55156,-0.019136,UGA,ISR,830242
4420013,228,110,8733,2020,162753.0,0.0,0.383736,0.531328,UKR,ISR,830242
4420014,231,110,8733,2020,587170.0,295179.0,1.588148,0.380904,USA,ISR,830242
4420015,239,110,8733,2020,11001.0,0.0,0.034229,0.89099,VNM,ISR,830242
4420016,247,110,8733,2020,0.0,23122.0,-0.9162379999999999,-0.9523940000000001,ZMB,ISR,830242
4420017,249,110,8733,2020,169311.0,32537.0,2.0517060000000003,1.205431,TWN,ISR,830242
4420018,4,111,8733,2020,0.0,987369.0,-0.265229,0.059049000000000004,ALB,ITA,830242
4420019,7,111,8733,2020,37690.0,1594291.0,-0.118349,-0.789485,ARE,ITA,830242
4420020,8,111,8733,2020,0.0,295059.0,-0.14746199999999998,0.039795,ARG,ITA,830242
4420021,9,111,8733,2020,0.0,156590.0,-0.129502,-0.671068,ARM,ITA,830242
4420022,13,111,8733,2020,0.0,37995.0,-0.210313,-0.811104,ATG,ITA,830242
4420023,14,111,8733,2020,0.0,3059860.0,-0.32910500000000004,-0.232963,AUS,ITA,830242
4420024,15,111,8733,2020,107971960.0,7429692.0,1.6711310000000001,0.059096,AUT,ITA,830242
4420025,16,111,8733,2020,0.0,72547.0,-1.142366,-1.2529190000000001,AZE,ITA,830242
4420026,18,111,8733,2020,136161.0,3782221.0,1.204632,1.278346,BEL,ITA,830242
4420027,23,111,8733,2020,683766.0,1183805.0,0.6328520000000001,1.8517009999999998,BGR,ITA,830242
4420028,24,111,8733,2020,0.0,158675.0,0.379085,-0.634111,BHR,ITA,830242
4420029,26,111,8733,2020,532114.0,1581886.0,0.5449470000000001,0.91781,BIH,ITA,830242
4420030,28,111,8733,2020,3018.0,730661.0,0.858776,1.085652,BLR,ITA,830242
4420031,31,111,8733,2020,0.0,5396.0,-0.835558,-0.9611350000000001,BOL,ITA,830242
4420032,32,111,8733,2020,36728.0,2015892.0,0.054622000000000004,0.532291,BRA,ITA,830242
4420033,34,111,8733,2020,0.0,2381.0,0.432569,-0.8083779999999999,BRN,ITA,830242
4420034,39,111,8733,2020,3000.0,4360332.0,0.609267,1.1890479999999999,CAN,ITA,830242
4420035,41,111,8733,2020,316504.0,2734999.0,2.184038,0.900965,CHE,ITA,830242
4420036,42,111,8733,2020,0.0,95158.0,-0.307923,-0.565983,CHL,ITA,830242
4420037,43,111,8733,2020,50785748.0,12246333.0,1.187837,1.2237770000000001,CHN,ITA,830242
4420038,44,111,8733,2020,0.0,27668.0,-1.2299200000000001,-1.095777,CIV,ITA,830242
4420039,46,111,8733,2020,0.0,7280.0,-1.538455,-1.1857659999999999,COD,ITA,830242
4420040,47,111,8733,2020,0.0,5119.0,-1.580638,-1.2020870000000001,COG,ITA,830242
4420041,49,111,8733,2020,0.0,119733.0,0.115954,0.104558,COL,ITA,830242
4420042,52,111,8733,2020,0.0,23149.0,0.303849,-0.114494,CRI,ITA,830242
4420043,54,111,8733,2020,0.0,22080.0,-1.171456,-1.224365,CUB,ITA,830242
4420044,58,111,8733,2020,0.0,626893.0,0.5354760000000001,-0.069753,CYP,ITA,830242
4420045,59,111,8733,2020,1929204.0,2036150.0,1.716646,0.602441,CZE,ITA,830242
4420046,61,111,8733,2020,46276400.0,53813584.0,2.027494,-2.3646689999999997,DEU,ITA,830242
4420047,62,111,8733,2020,0.0,7850.0,-0.493576,-0.808321,DJI,ITA,830242
4420048,64,111,8733,2020,1410386.0,1543734.0,1.093217,1.2166549999999998,DNK,ITA,830242
4420049,65,111,8733,2020,0.0,65493.0,0.06500299999999999,0.2812,DOM,ITA,830242
4420050,66,111,8733,2020,0.0,742480.0,-1.015133,-1.243726,DZA,ITA,830242
4420051,67,111,8733,2020,0.0,142687.0,-1.074185,-1.084344,ECU,ITA,830242
4420052,68,111,8733,2020,120324.0,2835519.0,-0.186095,1.6414330000000001,EGY,ITA,830242
4420053,71,111,8733,2020,4857412.0,17391998.0,0.736657,2.731661,ESP,ITA,830242
4420054,72,111,8733,2020,0.0,631800.0,1.012385,1.305015,EST,ITA,830242
4420055,73,111,8733,2020,0.0,1279.0,-0.952033,-0.707262,ETH,ITA,830242
4420056,74,111,8733,2020,2499.0,1465706.0,1.498089,1.066223,FIN,ITA,830242
4420057,77,111,8733,2020,796000.0,36261384.0,1.341275,0.8991870000000001,FRA,ITA,830242
4420058,80,111,8733,2020,0.0,6758.0,-1.6422990000000002,-1.207249,GAB,ITA,830242
4420059,81,111,8733,2020,2133825.0,12181979.0,1.6459,0.7702640000000001,GBR,ITA,830242
4420060,82,111,8733,2020,0.0,134063.0,-0.199775,-0.38684,GEO,ITA,830242
4420061,83,111,8733,2020,0.0,29252.0,-0.973506,-0.9559139999999999,GHA,ITA,830242
4420062,90,111,8733,2020,3967.0,3290250.0,0.199011,1.087811,GRC,ITA,830242
4420063,93,111,8733,2020,0.0,12292.0,-0.32240100000000005,0.542048,GTM,ITA,830242
4420064,97,111,8733,2020,36759.0,1569602.0,1.070483,1.183618,HKG,ITA,830242
4420065,99,111,8733,2020,0.0,19423.0,-0.583329,-0.404227,HND,ITA,830242
4420066,100,111,8733,2020,57142.0,1183952.0,0.876001,1.250877,HRV,ITA,830242
4420067,102,111,8733,2020,1107977.0,3239948.0,1.393152,0.878916,HUN,ITA,830242
4420068,103,111,8733,2020,0.0,472400.0,-0.16761700000000002,1.571009,IDN,ITA,830242
4420069,104,111,8733,2020,468948.0,2040865.0,0.464674,2.838779,IND,ITA,830242
4420070,106,111,8733,2020,1635.0,642238.0,1.337791,-0.20829699999999998,IRL,ITA,830242
4420071,107,111,8733,2020,0.0,373447.0,-0.362286,-0.242846,IRN,ITA,830242
4420072,108,111,8733,2020,0.0,9024.0,-1.087158,-0.9546389999999999,IRQ,ITA,830242
4420073,109,111,8733,2020,0.0,17606.0,0.27161399999999997,-0.17819200000000002,ISL,ITA,830242
4420074,110,111,8733,2020,946.0,5256744.0,1.487557,0.8370920000000001,ISR,ITA,830242
4420075,113,111,8733,2020,0.0,566797.0,-0.060384,0.139902,JOR,ITA,830242
4420076,114,111,8733,2020,11755.0,1671732.0,2.405659,-0.38169000000000003,JPN,ITA,830242
4420077,115,111,8733,2020,0.0,51524.0,-0.48361899999999997,-0.626675,KAZ,ITA,830242
4420078,116,111,8733,2020,0.0,72738.0,-0.496446,0.562476,KEN,ITA,830242
4420079,117,111,8733,2020,0.0,36580.0,-0.117317,0.36644,KGZ,ITA,830242
4420080,118,111,8733,2020,0.0,64282.0,-0.602562,-0.505135,KHM,ITA,830242
4420081,121,111,8733,2020,224085.0,1719442.0,1.9703950000000001,0.800826,KOR,ITA,830242
4420082,122,111,8733,2020,0.0,494332.0,-0.072977,-1.090017,KWT,ITA,830242
4420083,124,111,8733,2020,0.0,468386.0,0.35459,1.067965,LBN,ITA,830242
4420084,126,111,8733,2020,0.0,203157.0,-1.0431840000000001,-1.187957,LBY,ITA,830242
4420085,128,111,8733,2020,0.0,21742.0,-0.48448599999999997,0.5495220000000001,LKA,ITA,830242
4420086,130,111,8733,2020,70167.0,1796274.0,0.9772870000000001,1.291244,LTU,ITA,830242
4420087,131,111,8733,2020,0.0,30339.0,1.197655,1.432727,LUX,ITA,830242
4420088,132,111,8733,2020,76598.0,615599.0,0.712901,1.119907,LVA,ITA,830242
4420089,133,111,8733,2020,0.0,93406.0,0.464354,0.020065,MAC,ITA,830242
4420090,134,111,8733,2020,34808.0,379364.0,-0.5208510000000001,-0.080499,MAR,ITA,830242
4420091,135,111,8733,2020,0.0,305724.0,-0.06779199999999999,-0.240851,MDA,ITA,830242
4420092,136,111,8733,2020,0.0,6666.0,-1.206503,-0.709465,MDG,ITA,830242
4420093,137,111,8733,2020,0.0,1781.0,-0.68914,-0.844514,MDV,ITA,830242
4420094,138,111,8733,2020,2802.0,498816.0,0.974514,0.563643,MEX,ITA,830242
4420095,140,111,8733,2020,0.0,312544.0,0.147947,-0.11116500000000001,MKD,ITA,830242
4420096,142,111,8733,2020,4275.0,594038.0,0.9159309999999999,0.24442199999999997,MLT,ITA,830242
4420097,143,111,8733,2020,0.0,10621.0,-0.9993569999999999,-0.298647,MMR,ITA,830242
4420098,144,111,8733,2020,0.0,129597.0,0.355595,0.140822,MNE,ITA,830242
4420099,145,111,8733,2020,0.0,14711.0,-1.011938,-1.127569,MNG,ITA,830242
4420100,147,111,8733,2020,0.0,3364.0,-1.1186040000000002,-0.974224,MOZ,ITA,830242
4420101,151,111,8733,2020,0.0,2869.0,-0.048897,0.11543099999999999,MUS,ITA,830242
4420102,152,111,8733,2020,0.0,2778.0,-1.122433,-1.106831,MWI,ITA,830242
4420103,153,111,8733,2020,66712.0,299741.0,1.185223,0.573439,MYS,ITA,830242
4420104,156,111,8733,2020,0.0,27546.0,-0.666664,-0.88528,NCL,ITA,830242
4420105,159,111,8733,2020,0.0,241525.0,-1.6399299999999999,-1.19536,NGA,ITA,830242
4420106,160,111,8733,2020,0.0,30427.0,-0.9128809999999999,-0.746636,NIC,ITA,830242
4420107,162,111,8733,2020,861862.0,2346295.0,1.035951,1.559401,NLD,ITA,830242
4420108,163,111,8733,2020,0.0,329214.0,0.793459,0.369766,NOR,ITA,830242
4420109,166,111,8733,2020,0.0,182670.0,0.145567,0.070121,NZL,ITA,830242
4420110,167,111,8733,2020,0.0,175469.0,-0.251371,-0.8775299999999999,OMN,ITA,830242
4420111,168,111,8733,2020,0.0,172468.0,-0.52984,0.63654,PAK,ITA,830242
4420112,169,111,8733,2020,0.0,103409.0,0.590821,0.786784,PAN,ITA,830242
4420113,173,111,8733,2020,0.0,44287.0,-0.717014,-0.152142,PER,ITA,830242
4420114,174,111,8733,2020,8980.0,463831.0,0.755786,0.24693,PHL,ITA,830242
4420115,177,111,8733,2020,16037834.0,28066238.0,1.0227979999999999,1.4079139999999999,POL,ITA,830242
4420116,179,111,8733,2020,7854.0,2236096.0,0.656999,2.1136470000000003,PRT,ITA,830242
4420117,180,111,8733,2020,0.0,16398.0,-0.45920600000000006,-0.930341,PRY,ITA,830242
4420118,181,111,8733,2020,0.0,6377.0,0.162235,0.828319,PSE,ITA,830242
4420119,182,111,8733,2020,0.0,5953.0,0.640838,-0.11156300000000001,PYF,ITA,830242
4420120,183,111,8733,2020,0.0,791697.0,-0.028836,-1.0183950000000002,QAT,ITA,830242
4420121,185,111,8733,2020,91723.0,5755486.0,1.13426,0.9767809999999999,ROU,ITA,830242
4420122,186,111,8733,2020,0.0,17516746.0,0.373882,0.42102700000000004,RUS,ITA,830242
4420123,188,111,8733,2020,0.0,5254270.0,0.662925,-0.21661999999999998,SAU,ITA,830242
4420124,191,111,8733,2020,0.0,15149.0,-0.634185,-0.398728,SEN,ITA,830242
4420125,192,111,8733,2020,9501.0,479828.0,1.948379,0.610574,SGP,ITA,830242
4420126,197,111,8733,2020,0.0,1420.0,-0.003327,0.18823399999999998,SLV,ITA,830242
4420127,201,111,8733,2020,15905.0,2002022.0,0.5868399999999999,1.1187120000000002,SRB,ITA,830242
4420128,205,111,8733,2020,0.0,71331.0,-0.272244,-0.937541,SUR,ITA,830242
4420129,206,111,8733,2020,26412986.0,23123900.0,1.338026,0.825268,SVK,ITA,830242
4420130,207,111,8733,2020,16356528.0,5622904.0,1.570699,0.8442459999999999,SVN,ITA,830242
4420131,208,111,8733,2020,892151.0,2304010.0,1.6911310000000002,0.791586,SWE,ITA,830242
4420132,211,111,8733,2020,0.0,4467.0,0.185747,-0.695441,SYC,ITA,830242
4420133,212,111,8733,2020,0.0,98426.0,-0.579237,0.391392,SYR,ITA,830242
4420134,216,111,8733,2020,363184.0,1360416.0,1.035524,1.2777180000000001,THA,ITA,830242
4420135,217,111,8733,2020,0.0,10915.0,-0.73744,-1.0706950000000002,TJK,ITA,830242
4420136,222,111,8733,2020,0.0,1315.0,0.156566,-0.653656,TTO,ITA,830242
4420137,223,111,8733,2020,94658.0,762927.0,0.220298,0.454477,TUN,ITA,830242
4420138,224,111,8733,2020,4380282.0,1410427.0,0.590472,2.619866,TUR,ITA,830242
4420139,226,111,8733,2020,0.0,4183.0,-1.024,-0.023909,TZA,ITA,830242
4420140,227,111,8733,2020,0.0,4813.0,-0.55156,-0.019136,UGA,ITA,830242
4420141,228,111,8733,2020,9243.0,2921295.0,0.383736,0.531328,UKR,ITA,830242
4420142,230,111,8733,2020,0.0,21565.0,-0.127375,-0.449032,URY,ITA,830242
4420143,231,111,8733,2020,249584.0,17424666.0,1.588148,0.380904,USA,ITA,830242
4420144,232,111,8733,2020,0.0,62610.0,-0.309411,0.071414,UZB,ITA,830242
4420145,236,111,8733,2020,0.0,34021.0,-1.058537,-1.178218,VEN,ITA,830242
4420146,239,111,8733,2020,1935784.0,1180691.0,0.034229,0.89099,VNM,ITA,830242
4420147,246,111,8733,2020,0.0,343684.0,0.042099,0.923931,ZAF,ITA,830242
4420148,247,111,8733,2020,0.0,1031.0,-0.9162379999999999,-0.9523940000000001,ZMB,ITA,830242
4420149,249,111,8733,2020,1611863.0,2913546.0,2.0517060000000003,1.205431,TWN,ITA,830242
4420150,250,111,8733,2020,0.0,9204.0,0.866041,-0.371104,ANS,ITA,830242
4420151,39,112,8733,2020,25869.0,0.0,0.609267,1.1890479999999999,CAN,JAM,830242
4420152,43,112,8733,2020,1003652.0,0.0,1.187837,1.2237770000000001,CHN,JAM,830242
4420153,49,112,8733,2020,507.0,0.0,0.115954,0.104558,COL,JAM,830242
4420154,71,112,8733,2020,6748.0,0.0,0.736657,2.731661,ESP,JAM,830242
4420155,81,112,8733,2020,5731.0,0.0,1.6459,0.7702640000000001,GBR,JAM,830242
4420156,97,112,8733,2020,31163.0,0.0,1.070483,1.183618,HKG,JAM,830242
4420157,138,112,8733,2020,1686.0,0.0,0.974514,0.563643,MEX,JAM,830242
4420158,153,112,8733,2020,2682.0,0.0,1.185223,0.573439,MYS,JAM,830242
4420159,166,112,8733,2020,1648.0,0.0,0.145567,0.070121,NZL,JAM,830242
4420160,169,112,8733,2020,22943.0,0.0,0.590821,0.786784,PAN,JAM,830242
4420161,231,112,8733,2020,106738.0,0.0,1.588148,0.380904,USA,JAM,830242
4420162,239,112,8733,2020,6359.0,0.0,0.034229,0.89099,VNM,JAM,830242
4420163,249,112,8733,2020,239407.0,0.0,2.0517060000000003,1.205431,TWN,JAM,830242
4420164,7,113,8733,2020,6743.0,8476.0,-0.118349,-0.789485,ARE,JOR,830242
4420165,15,113,8733,2020,269247.0,0.0,1.6711310000000001,0.059096,AUT,JOR,830242
4420166,39,113,8733,2020,12623.0,0.0,0.609267,1.1890479999999999,CAN,JOR,830242
4420167,41,113,8733,2020,5531.0,0.0,2.184038,0.900965,CHE,JOR,830242
4420168,43,113,8733,2020,8722258.0,0.0,1.187837,1.2237770000000001,CHN,JOR,830242
4420169,59,113,8733,2020,44879.0,0.0,1.716646,0.602441,CZE,JOR,830242
4420170,61,113,8733,2020,204733.0,0.0,2.027494,-2.3646689999999997,DEU,JOR,830242
4420171,64,113,8733,2020,1437.0,0.0,1.093217,1.2166549999999998,DNK,JOR,830242
4420172,68,113,8733,2020,4613.0,0.0,-0.186095,1.6414330000000001,EGY,JOR,830242
4420173,71,113,8733,2020,51627.0,0.0,0.736657,2.731661,ESP,JOR,830242
4420174,81,113,8733,2020,74705.0,0.0,1.6459,0.7702640000000001,GBR,JOR,830242
4420175,90,113,8733,2020,6786.0,0.0,0.199011,1.087811,GRC,JOR,830242
4420176,102,113,8733,2020,5683.0,0.0,1.393152,0.878916,HUN,JOR,830242
4420177,111,113,8733,2020,566797.0,0.0,1.299017,0.701797,ITA,JOR,830242
4420178,124,113,8733,2020,14917.0,0.0,0.35459,1.067965,LBN,JOR,830242
4420179,130,113,8733,2020,2334.0,0.0,0.9772870000000001,1.291244,LTU,JOR,830242
4420180,162,113,8733,2020,25433.0,0.0,1.035951,1.559401,NLD,JOR,830242
4420181,166,113,8733,2020,2296.0,0.0,0.145567,0.070121,NZL,JOR,830242
4420182,177,113,8733,2020,28364.0,0.0,1.0227979999999999,1.4079139999999999,POL,JOR,830242
4420183,179,113,8733,2020,1111.0,0.0,0.656999,2.1136470000000003,PRT,JOR,830242
4420184,188,113,8733,2020,0.0,150812.0,0.662925,-0.21661999999999998,SAU,JOR,830242
4420185,207,113,8733,2020,107721.0,0.0,1.570699,0.8442459999999999,SVN,JOR,830242
4420186,224,113,8733,2020,478149.0,0.0,0.590472,2.619866,TUR,JOR,830242
4420187,231,113,8733,2020,11830.0,0.0,1.588148,0.380904,USA,JOR,830242
4420188,249,113,8733,2020,22878.0,0.0,2.0517060000000003,1.205431,TWN,JOR,830242
4420189,250,113,8733,2020,0.0,1901.0,0.866041,-0.371104,ANS,JOR,830242
4420190,7,114,8733,2020,3049.0,54096.0,-0.118349,-0.789485,ARE,JPN,830242
4420191,8,114,8733,2020,0.0,1736.0,-0.14746199999999998,0.039795,ARG,JPN,830242
4420192,14,114,8733,2020,0.0,84951.0,-0.32910500000000004,-0.232963,AUS,JPN,830242
4420193,15,114,8733,2020,60496164.0,147757.0,1.6711310000000001,0.059096,AUT,JPN,830242
4420194,16,114,8733,2020,0.0,4923.0,-1.142366,-1.2529190000000001,AZE,JPN,830242
4420195,18,114,8733,2020,17647.0,16406.0,1.204632,1.278346,BEL,JPN,830242
4420196,23,114,8733,2020,1385.0,0.0,0.6328520000000001,1.8517009999999998,BGR,JPN,830242
4420197,24,114,8733,2020,0.0,3309.0,0.379085,-0.634111,BHR,JPN,830242
4420198,26,114,8733,2020,0.0,1184.0,0.5449470000000001,0.91781,BIH,JPN,830242
4420199,28,114,8733,2020,0.0,1024.0,0.858776,1.085652,BLR,JPN,830242
4420200,32,114,8733,2020,0.0,78983.0,0.054622000000000004,0.532291,BRA,JPN,830242
4420201,39,114,8733,2020,2703.0,129877.0,0.609267,1.1890479999999999,CAN,JPN,830242
4420202,41,114,8733,2020,475064.0,16180.0,2.184038,0.900965,CHE,JPN,830242
4420203,42,114,8733,2020,0.0,3672.0,-0.307923,-0.565983,CHL,JPN,830242
4420204,43,114,8733,2020,64669652.0,1646848.0,1.187837,1.2237770000000001,CHN,JPN,830242
4420205,59,114,8733,2020,34813.0,19984.0,1.716646,0.602441,CZE,JPN,830242
4420206,61,114,8733,2020,20448962.0,1545904.0,2.027494,-2.3646689999999997,DEU,JPN,830242
4420207,64,114,8733,2020,34383.0,9711.0,1.093217,1.2166549999999998,DNK,JPN,830242
4420208,65,114,8733,2020,0.0,980.0,0.06500299999999999,0.2812,DOM,JPN,830242
4420209,71,114,8733,2020,51558.0,13713.0,0.736657,2.731661,ESP,JPN,830242
4420210,72,114,8733,2020,0.0,4809.0,1.012385,1.305015,EST,JPN,830242
4420211,74,114,8733,2020,922.0,7214.0,1.498089,1.066223,FIN,JPN,830242
4420212,77,114,8733,2020,7600.0,5217.0,1.341275,0.8991870000000001,FRA,JPN,830242
4420213,81,114,8733,2020,67966.0,191127.0,1.6459,0.7702640000000001,GBR,JPN,830242
4420214,97,114,8733,2020,84703.0,107470.0,1.070483,1.183618,HKG,JPN,830242
4420215,102,114,8733,2020,74034.0,107542.0,1.393152,0.878916,HUN,JPN,830242
4420216,103,114,8733,2020,3608996.0,343287.0,-0.16761700000000002,1.571009,IDN,JPN,830242
4420217,104,114,8733,2020,74500.0,9108.0,0.464674,2.838779,IND,JPN,830242
4420218,106,114,8733,2020,0.0,3457.0,1.337791,-0.20829699999999998,IRL,JPN,830242
4420219,110,114,8733,2020,58868.0,8251.0,1.487557,0.8370920000000001,ISR,JPN,830242
4420220,111,114,8733,2020,1671732.0,11755.0,1.299017,0.701797,ITA,JPN,830242
4420221,121,114,8733,2020,726852.0,193594.0,1.9703950000000001,0.800826,KOR,JPN,830242
4420222,128,114,8733,2020,9537.0,18860.0,-0.48448599999999997,0.5495220000000001,LKA,JPN,830242
4420223,130,114,8733,2020,0.0,22771.0,0.9772870000000001,1.291244,LTU,JPN,830242
4420224,132,114,8733,2020,1283.0,0.0,0.712901,1.119907,LVA,JPN,830242
4420225,133,114,8733,2020,0.0,9603.0,0.464354,0.020065,MAC,JPN,830242
4420226,138,114,8733,2020,44967.0,1056668.0,0.974514,0.563643,MEX,JPN,830242
4420227,153,114,8733,2020,4134088.0,48286.0,1.185223,0.573439,MYS,JPN,830242
4420228,162,114,8733,2020,1130985.0,7744.0,1.035951,1.559401,NLD,JPN,830242
4420229,163,114,8733,2020,0.0,5275.0,0.793459,0.369766,NOR,JPN,830242
4420230,166,114,8733,2020,0.0,28641.0,0.145567,0.070121,NZL,JPN,830242
4420231,174,114,8733,2020,199184.0,484519.0,0.755786,0.24693,PHL,JPN,830242
4420232,177,114,8733,2020,294453.0,531283.0,1.0227979999999999,1.4079139999999999,POL,JPN,830242
4420233,179,114,8733,2020,0.0,1234.0,0.656999,2.1136470000000003,PRT,JPN,830242
4420234,185,114,8733,2020,101435.0,71010.0,1.13426,0.9767809999999999,ROU,JPN,830242
4420235,186,114,8733,2020,0.0,7810.0,0.373882,0.42102700000000004,RUS,JPN,830242
4420236,188,114,8733,2020,0.0,28422.0,0.662925,-0.21661999999999998,SAU,JPN,830242
4420237,192,114,8733,2020,9670.0,277421.0,1.948379,0.610574,SGP,JPN,830242
4420238,201,114,8733,2020,18407.0,429.0,0.5868399999999999,1.1187120000000002,SRB,JPN,830242
4420239,206,114,8733,2020,1594.0,32554.0,1.338026,0.825268,SVK,JPN,830242
4420240,207,114,8733,2020,22513.0,3648.0,1.570699,0.8442459999999999,SVN,JPN,830242
4420241,208,114,8733,2020,3853.0,2689.0,1.6911310000000002,0.791586,SWE,JPN,830242
4420242,216,114,8733,2020,478260.0,152917.0,1.035524,1.2777180000000001,THA,JPN,830242
4420243,224,114,8733,2020,2745.0,221906.0,0.590472,2.619866,TUR,JPN,830242
4420244,228,114,8733,2020,0.0,2450.0,0.383736,0.531328,UKR,JPN,830242
4420245,230,114,8733,2020,5277.0,0.0,-0.127375,-0.449032,URY,JPN,830242
4420246,231,114,8733,2020,1038626.0,8642991.0,1.588148,0.380904,USA,JPN,830242
4420247,239,114,8733,2020,357042.0,1861010.0,0.034229,0.89099,VNM,JPN,830242
4420248,249,114,8733,2020,10394889.0,368354.0,2.0517060000000003,1.205431,TWN,JPN,830242
4420249,1,121,8733,2020,0.0,20395.0,-1.178987,-0.815577,AFG,KOR,830242
4420250,7,121,8733,2020,0.0,4852.0,-0.118349,-0.789485,ARE,KOR,830242
4420251,8,121,8733,2020,0.0,1030.0,-0.14746199999999998,0.039795,ARG,KOR,830242
4420252,14,121,8733,2020,80004.0,7583.0,-0.32910500000000004,-0.232963,AUS,KOR,830242
4420253,15,121,8733,2020,3883973.0,0.0,1.6711310000000001,0.059096,AUT,KOR,830242
4420254,18,121,8733,2020,1885.0,0.0,1.204632,1.278346,BEL,KOR,830242
4420255,32,121,8733,2020,0.0,1194928.0,0.054622000000000004,0.532291,BRA,KOR,830242
4420256,39,121,8733,2020,6028.0,211810.0,0.609267,1.1890479999999999,CAN,KOR,830242
4420257,41,121,8733,2020,203964.0,6530.0,2.184038,0.900965,CHE,KOR,830242
4420258,42,121,8733,2020,0.0,1884.0,-0.307923,-0.565983,CHL,KOR,830242
4420259,43,121,8733,2020,105062432.0,1720512.0,1.187837,1.2237770000000001,CHN,KOR,830242
4420260,49,121,8733,2020,0.0,3751.0,0.115954,0.104558,COL,KOR,830242
4420261,52,121,8733,2020,0.0,2906.0,0.303849,-0.114494,CRI,KOR,830242
4420262,59,121,8733,2020,211342.0,7668305.0,1.716646,0.602441,CZE,KOR,830242
4420263,61,121,8733,2020,15057424.0,281941.0,2.027494,-2.3646689999999997,DEU,KOR,830242
4420264,64,121,8733,2020,49891.0,23200.0,1.093217,1.2166549999999998,DNK,KOR,830242
4420265,65,121,8733,2020,0.0,1493.0,0.06500299999999999,0.2812,DOM,KOR,830242
4420266,71,121,8733,2020,98051.0,182500.0,0.736657,2.731661,ESP,KOR,830242
4420267,72,121,8733,2020,0.0,914.0,1.012385,1.305015,EST,KOR,830242
4420268,73,121,8733,2020,0.0,5043.0,-0.952033,-0.707262,ETH,KOR,830242
4420269,74,121,8733,2020,0.0,14383.0,1.498089,1.066223,FIN,KOR,830242
4420270,77,121,8733,2020,72254.0,16569.0,1.341275,0.8991870000000001,FRA,KOR,830242
4420271,81,121,8733,2020,69555.0,98696.0,1.6459,0.7702640000000001,GBR,KOR,830242
4420272,90,121,8733,2020,0.0,7198.0,0.199011,1.087811,GRC,KOR,830242
4420273,97,121,8733,2020,11301.0,1580458.0,1.070483,1.183618,HKG,KOR,830242
4420274,102,121,8733,2020,348698.0,2484.0,1.393152,0.878916,HUN,KOR,830242
4420275,103,121,8733,2020,19506.0,72468.0,-0.16761700000000002,1.571009,IDN,KOR,830242
4420276,104,121,8733,2020,2333.0,5248253.0,0.464674,2.838779,IND,KOR,830242
4420277,106,121,8733,2020,0.0,4129.0,1.337791,-0.20829699999999998,IRL,KOR,830242
4420278,110,121,8733,2020,0.0,15722.0,1.487557,0.8370920000000001,ISR,KOR,830242
4420279,111,121,8733,2020,1719442.0,224085.0,1.299017,0.701797,ITA,KOR,830242
4420280,114,121,8733,2020,193594.0,726852.0,2.405659,-0.38169000000000003,JPN,KOR,830242
4420281,115,121,8733,2020,0.0,67031.0,-0.48361899999999997,-0.626675,KAZ,KOR,830242
4420282,116,121,8733,2020,0.0,2537.0,-0.496446,0.562476,KEN,KOR,830242
4420283,128,121,8733,2020,0.0,21475.0,-0.48448599999999997,0.5495220000000001,LKA,KOR,830242
4420284,130,121,8733,2020,3714.0,0.0,0.9772870000000001,1.291244,LTU,KOR,830242
4420285,132,121,8733,2020,0.0,8410.0,0.712901,1.119907,LVA,KOR,830242
4420286,138,121,8733,2020,97852.0,487589.0,0.974514,0.563643,MEX,KOR,830242
4420287,145,121,8733,2020,0.0,17478.0,-1.011938,-1.127569,MNG,KOR,830242
4420288,153,121,8733,2020,5998.0,4013.0,1.185223,0.573439,MYS,KOR,830242
4420289,162,121,8733,2020,25501.0,1805.0,1.035951,1.559401,NLD,KOR,830242
4420290,166,121,8733,2020,0.0,16620.0,0.145567,0.070121,NZL,KOR,830242
4420291,174,121,8733,2020,103152.0,14883.0,0.755786,0.24693,PHL,KOR,830242
4420292,177,121,8733,2020,23516.0,72571.0,1.0227979999999999,1.4079139999999999,POL,KOR,830242
4420293,185,121,8733,2020,28394.0,1962.0,1.13426,0.9767809999999999,ROU,KOR,830242
4420294,186,121,8733,2020,8992.0,215352.0,0.373882,0.42102700000000004,RUS,KOR,830242
4420295,188,121,8733,2020,0.0,95405.0,0.662925,-0.21661999999999998,SAU,KOR,830242
4420296,192,121,8733,2020,14106.0,88483.0,1.948379,0.610574,SGP,KOR,830242
4420297,198,121,8733,2020,1788.0,0.0,1.106732,0.578281,SMR,KOR,830242
4420298,201,121,8733,2020,1604.0,0.0,0.5868399999999999,1.1187120000000002,SRB,KOR,830242
4420299,206,121,8733,2020,1337.0,15914.0,1.338026,0.825268,SVK,KOR,830242
4420300,207,121,8733,2020,1390.0,0.0,1.570699,0.8442459999999999,SVN,KOR,830242
4420301,208,121,8733,2020,4936.0,6502.0,1.6911310000000002,0.791586,SWE,KOR,830242
4420302,216,121,8733,2020,100919.0,12130.0,1.035524,1.2777180000000001,THA,KOR,830242
4420303,224,121,8733,2020,70103.0,1260229.0,0.590472,2.619866,TUR,KOR,830242
4420304,227,121,8733,2020,0.0,1052.0,-0.55156,-0.019136,UGA,KOR,830242
4420305,228,121,8733,2020,0.0,10414.0,0.383736,0.531328,UKR,KOR,830242
4420306,231,121,8733,2020,345268.0,17292006.0,1.588148,0.380904,USA,KOR,830242
4420307,239,121,8733,2020,4316190.0,577463.0,0.034229,0.89099,VNM,KOR,830242
4420308,246,121,8733,2020,0.0,23229.0,0.042099,0.923931,ZAF,KOR,830242
4420309,249,121,8733,2020,119716.0,79053.0,2.0517060000000003,1.205431,TWN,KOR,830242
4420310,7,122,8733,2020,573975.0,14282.0,-0.118349,-0.789485,ARE,KWT,830242
4420311,14,122,8733,2020,15869.0,0.0,-0.32910500000000004,-0.232963,AUS,KWT,830242
4420312,15,122,8733,2020,549979.0,0.0,1.6711310000000001,0.059096,AUT,KWT,830242
4420313,18,122,8733,2020,9406.0,0.0,1.204632,1.278346,BEL,KWT,830242
4420314,26,122,8733,2020,5383.0,0.0,0.5449470000000001,0.91781,BIH,KWT,830242
4420315,39,122,8733,2020,5102.0,0.0,0.609267,1.1890479999999999,CAN,KWT,830242
4420316,41,122,8733,2020,5718.0,0.0,2.184038,0.900965,CHE,KWT,830242
4420317,43,122,8733,2020,5715094.0,0.0,1.187837,1.2237770000000001,CHN,KWT,830242
4420318,59,122,8733,2020,39353.0,0.0,1.716646,0.602441,CZE,KWT,830242
4420319,61,122,8733,2020,256930.0,0.0,2.027494,-2.3646689999999997,DEU,KWT,830242
4420320,64,122,8733,2020,2498.0,0.0,1.093217,1.2166549999999998,DNK,KWT,830242
4420321,68,122,8733,2020,7199.0,0.0,-0.186095,1.6414330000000001,EGY,KWT,830242
4420322,71,122,8733,2020,78378.0,0.0,0.736657,2.731661,ESP,KWT,830242
4420323,77,122,8733,2020,2700.0,0.0,1.341275,0.8991870000000001,FRA,KWT,830242
4420324,81,122,8733,2020,35548.0,0.0,1.6459,0.7702640000000001,GBR,KWT,830242
4420325,90,122,8733,2020,10396.0,0.0,0.199011,1.087811,GRC,KWT,830242
4420326,97,122,8733,2020,1923.0,0.0,1.070483,1.183618,HKG,KWT,830242
4420327,102,122,8733,2020,7966.0,0.0,1.393152,0.878916,HUN,KWT,830242
4420328,104,122,8733,2020,38528.0,0.0,0.464674,2.838779,IND,KWT,830242
4420329,111,122,8733,2020,494332.0,0.0,1.299017,0.701797,ITA,KWT,830242
4420330,130,122,8733,2020,771.0,0.0,0.9772870000000001,1.291244,LTU,KWT,830242
4420331,138,122,8733,2020,1296.0,0.0,0.974514,0.563643,MEX,KWT,830242
4420332,162,122,8733,2020,12542.0,0.0,1.035951,1.559401,NLD,KWT,830242
4420333,168,122,8733,2020,1081.0,0.0,-0.52984,0.63654,PAK,KWT,830242
4420334,174,122,8733,2020,9441.0,0.0,0.755786,0.24693,PHL,KWT,830242
4420335,177,122,8733,2020,150726.0,0.0,1.0227979999999999,1.4079139999999999,POL,KWT,830242
4420336,183,122,8733,2020,0.0,10932.0,-0.028836,-1.0183950000000002,QAT,KWT,830242
4420337,188,122,8733,2020,25978.0,19219.0,0.662925,-0.21661999999999998,SAU,KWT,830242
4420338,208,122,8733,2020,15168.0,0.0,1.6911310000000002,0.791586,SWE,KWT,830242
4420339,216,122,8733,2020,2063.0,1477.0,1.035524,1.2777180000000001,THA,KWT,830242
4420340,224,122,8733,2020,103606.0,0.0,0.590472,2.619866,TUR,KWT,830242
4420341,228,122,8733,2020,4475.0,0.0,0.383736,0.531328,UKR,KWT,830242
4420342,231,122,8733,2020,254878.0,0.0,1.588148,0.380904,USA,KWT,830242
4420343,239,122,8733,2020,168974.0,0.0,0.034229,0.89099,VNM,KWT,830242
4420344,249,122,8733,2020,230779.0,0.0,2.0517060000000003,1.205431,TWN,KWT,830242
4420345,250,122,8733,2020,285896.0,0.0,0.866041,-0.371104,ANS,KWT,830242
4420346,43,123,8733,2020,994450.0,0.0,1.187837,1.2237770000000001,CHN,LAO,830242
4420347,192,123,8733,2020,0.0,3701.0,1.948379,0.610574,SGP,LAO,830242
4420348,216,123,8733,2020,95689.0,0.0,1.035524,1.2777180000000001,THA,LAO,830242
4420349,231,123,8733,2020,1109.0,0.0,1.588148,0.380904,USA,LAO,830242
4420350,239,123,8733,2020,3358.0,0.0,0.034229,0.89099,VNM,LAO,830242
4420351,7,138,8733,2020,1023.0,28715.0,-0.118349,-0.789485,ARE,MEX,830242
4420352,8,138,8733,2020,0.0,884.0,-0.14746199999999998,0.039795,ARG,MEX,830242
4420353,14,138,8733,2020,7965.0,168183.0,-0.32910500000000004,-0.232963,AUS,MEX,830242
4420354,15,138,8733,2020,3690410.0,377035.0,1.6711310000000001,0.059096,AUT,MEX,830242
4420355,18,138,8733,2020,14496.0,13467.0,1.204632,1.278346,BEL,MEX,830242
4420356,26,138,8733,2020,0.0,297.0,0.5449470000000001,0.91781,BIH,MEX,830242
4420357,28,138,8733,2020,0.0,402.0,0.858776,1.085652,BLR,MEX,830242
4420358,29,138,8733,2020,0.0,14738.0,-0.145757,-0.59123,BLZ,MEX,830242
4420359,32,138,8733,2020,31935.0,9220.0,0.054622000000000004,0.532291,BRA,MEX,830242
4420360,33,138,8733,2020,0.0,1647.0,0.666435,0.060089,BRB,MEX,830242
4420361,39,138,8733,2020,880770.0,3661100.0,0.609267,1.1890479999999999,CAN,MEX,830242
4420362,41,138,8733,2020,127585.0,162222.0,2.184038,0.900965,CHE,MEX,830242
4420363,42,138,8733,2020,996919.0,102352.0,-0.307923,-0.565983,CHL,MEX,830242
4420364,43,138,8733,2020,68902616.0,84834.0,1.187837,1.2237770000000001,CHN,MEX,830242
4420365,49,138,8733,2020,12979.0,18491.0,0.115954,0.104558,COL,MEX,830242
4420366,52,138,8733,2020,0.0,122414.0,0.303849,-0.114494,CRI,MEX,830242
4420367,54,138,8733,2020,0.0,6831.0,-1.171456,-1.224365,CUB,MEX,830242
4420368,59,138,8733,2020,1459268.0,93904.0,1.716646,0.602441,CZE,MEX,830242
4420369,61,138,8733,2020,10678626.0,2907833.0,2.027494,-2.3646689999999997,DEU,MEX,830242
4420370,64,138,8733,2020,79511.0,0.0,1.093217,1.2166549999999998,DNK,MEX,830242
4420371,65,138,8733,2020,0.0,42445.0,0.06500299999999999,0.2812,DOM,MEX,830242
4420372,67,138,8733,2020,0.0,49653.0,-1.074185,-1.084344,ECU,MEX,830242
4420373,71,138,8733,2020,886954.0,17419.0,0.736657,2.731661,ESP,MEX,830242
4420374,72,138,8733,2020,0.0,1192.0,1.012385,1.305015,EST,MEX,830242
4420375,77,138,8733,2020,5150.0,198738.0,1.341275,0.8991870000000001,FRA,MEX,830242
4420376,81,138,8733,2020,29435.0,4485840.0,1.6459,0.7702640000000001,GBR,MEX,830242
4420377,93,138,8733,2020,0.0,277412.0,-0.32240100000000005,0.542048,GTM,MEX,830242
4420378,97,138,8733,2020,329480.0,0.0,1.070483,1.183618,HKG,MEX,830242
4420379,99,138,8733,2020,0.0,89341.0,-0.583329,-0.404227,HND,MEX,830242
4420380,101,138,8733,2020,0.0,21685.0,-1.028076,-0.884073,HTI,MEX,830242
4420381,102,138,8733,2020,43761.0,0.0,1.393152,0.878916,HUN,MEX,830242
4420382,103,138,8733,2020,1452.0,0.0,-0.16761700000000002,1.571009,IDN,MEX,830242
4420383,104,138,8733,2020,3144.0,0.0,0.464674,2.838779,IND,MEX,830242
4420384,106,138,8733,2020,0.0,194532.0,1.337791,-0.20829699999999998,IRL,MEX,830242
4420385,111,138,8733,2020,498816.0,2802.0,1.299017,0.701797,ITA,MEX,830242
4420386,112,138,8733,2020,0.0,1686.0,-0.21953000000000003,-0.6944899999999999,JAM,MEX,830242
4420387,114,138,8733,2020,1056668.0,44967.0,2.405659,-0.38169000000000003,JPN,MEX,830242
4420388,121,138,8733,2020,487589.0,97852.0,1.9703950000000001,0.800826,KOR,MEX,830242
4420389,122,138,8733,2020,0.0,1296.0,-0.072977,-1.090017,KWT,MEX,830242
4420390,130,138,8733,2020,590.0,0.0,0.9772870000000001,1.291244,LTU,MEX,830242
4420391,153,138,8733,2020,124178.0,426453.0,1.185223,0.573439,MYS,MEX,830242
4420392,160,138,8733,2020,0.0,13935.0,-0.9128809999999999,-0.746636,NIC,MEX,830242
4420393,162,138,8733,2020,30459.0,20652.0,1.035951,1.559401,NLD,MEX,830242
4420394,163,138,8733,2020,0.0,14326.0,0.793459,0.369766,NOR,MEX,830242
4420395,166,138,8733,2020,966.0,3738.0,0.145567,0.070121,NZL,MEX,830242
4420396,169,138,8733,2020,0.0,19858.0,0.590821,0.786784,PAN,MEX,830242
4420397,173,138,8733,2020,0.0,4963.0,-0.717014,-0.152142,PER,MEX,830242
4420398,174,138,8733,2020,6486.0,0.0,0.755786,0.24693,PHL,MEX,830242
4420399,177,138,8733,2020,1721723.0,184778.0,1.0227979999999999,1.4079139999999999,POL,MEX,830242
4420400,179,138,8733,2020,14334.0,0.0,0.656999,2.1136470000000003,PRT,MEX,830242
4420401,183,138,8733,2020,0.0,14414.0,-0.028836,-1.0183950000000002,QAT,MEX,830242
4420402,185,138,8733,2020,2749.0,7089.0,1.13426,0.9767809999999999,ROU,MEX,830242
4420403,186,138,8733,2020,0.0,43970.0,0.373882,0.42102700000000004,RUS,MEX,830242
4420404,188,138,8733,2020,0.0,118032.0,0.662925,-0.21661999999999998,SAU,MEX,830242
4420405,192,138,8733,2020,41727.0,279406.0,1.948379,0.610574,SGP,MEX,830242
4420406,197,138,8733,2020,3816.0,109833.0,-0.003327,0.18823399999999998,SLV,MEX,830242
4420407,201,138,8733,2020,0.0,4476.0,0.5868399999999999,1.1187120000000002,SRB,MEX,830242
4420408,206,138,8733,2020,3081.0,9034.0,1.338026,0.825268,SVK,MEX,830242
4420409,207,138,8733,2020,35720.0,60169.0,1.570699,0.8442459999999999,SVN,MEX,830242
4420410,208,138,8733,2020,7157.0,0.0,1.6911310000000002,0.791586,SWE,MEX,830242
4420411,216,138,8733,2020,61903.0,12060.0,1.035524,1.2777180000000001,THA,MEX,830242
4420412,224,138,8733,2020,18052.0,86388.0,0.590472,2.619866,TUR,MEX,830242
4420413,228,138,8733,2020,0.0,20992.0,0.383736,0.531328,UKR,MEX,830242
4420414,230,138,8733,2020,5436.0,0.0,-0.127375,-0.449032,URY,MEX,830242
4420415,231,138,8733,2020,82164960.0,44025296.0,1.588148,0.380904,USA,MEX,830242
4420416,239,138,8733,2020,455426.0,1331.0,0.034229,0.89099,VNM,MEX,830242
4420417,246,138,8733,2020,0.0,10657.0,0.042099,0.923931,ZAF,MEX,830242
4420418,249,138,8733,2020,2157113.0,12139.0,2.0517060000000003,1.205431,TWN,MEX,830242
4420419,250,138,8733,2020,3411.0,0.0,0.866041,-0.371104,ANS,MEX,830242
4420420,0,162,8733,2020,0.0,5108.0,0.725364,-0.244535,ABW,NLD,830242
4420421,7,162,8733,2020,17150.0,137413.0,-0.118349,-0.789485,ARE,NLD,830242
4420422,8,162,8733,2020,0.0,42386.0,-0.14746199999999998,0.039795,ARG,NLD,830242
4420423,9,162,8733,2020,0.0,11888.0,-0.129502,-0.671068,ARM,NLD,830242
4420424,14,162,8733,2020,0.0,104632.0,-0.32910500000000004,-0.232963,AUS,NLD,830242
4420425,15,162,8733,2020,5929720.0,387368.0,1.6711310000000001,0.059096,AUT,NLD,830242
4420426,16,162,8733,2020,0.0,113228.0,-1.142366,-1.2529190000000001,AZE,NLD,830242
4420427,18,162,8733,2020,22957084.0,2523930.0,1.204632,1.278346,BEL,NLD,830242
4420428,20,162,8733,2020,0.0,10374.0,0.653039,-0.6295270000000001,BES,NLD,830242
4420429,23,162,8733,2020,66498.0,10279.0,0.6328520000000001,1.8517009999999998,BGR,NLD,830242
4420430,24,162,8733,2020,0.0,1136.0,0.379085,-0.634111,BHR,NLD,830242
4420431,26,162,8733,2020,1688.0,24204.0,0.5449470000000001,0.91781,BIH,NLD,830242
4420432,28,162,8733,2020,0.0,14121.0,0.858776,1.085652,BLR,NLD,830242
4420433,31,162,8733,2020,0.0,1032.0,-0.835558,-0.9611350000000001,BOL,NLD,830242
4420434,32,162,8733,2020,2505.0,729339.0,0.054622000000000004,0.532291,BRA,NLD,830242
4420435,33,162,8733,2020,0.0,24283.0,0.666435,0.060089,BRB,NLD,830242
4420436,39,162,8733,2020,9141.0,37871.0,0.609267,1.1890479999999999,CAN,NLD,830242
4420437,41,162,8733,2020,163978.0,758588.0,2.184038,0.900965,CHE,NLD,830242
4420438,42,162,8733,2020,0.0,8144.0,-0.307923,-0.565983,CHL,NLD,830242
4420439,43,162,8733,2020,19906804.0,280065.0,1.187837,1.2237770000000001,CHN,NLD,830242
4420440,49,162,8733,2020,0.0,1440.0,0.115954,0.104558,COL,NLD,830242
4420441,55,162,8733,2020,0.0,27810.0,0.543866,0.190664,CUW,NLD,830242
4420442,58,162,8733,2020,0.0,285985.0,0.5354760000000001,-0.069753,CYP,NLD,830242
4420443,59,162,8733,2020,464522.0,261525.0,1.716646,0.602441,CZE,NLD,830242
4420444,61,162,8733,2020,27821808.0,9770168.0,2.027494,-2.3646689999999997,DEU,NLD,830242
4420445,64,162,8733,2020,2534920.0,248110.0,1.093217,1.2166549999999998,DNK,NLD,830242
4420446,66,162,8733,2020,0.0,1422.0,-1.015133,-1.243726,DZA,NLD,830242
4420447,67,162,8733,2020,0.0,4617.0,-1.074185,-1.084344,ECU,NLD,830242
4420448,68,162,8733,2020,0.0,6094.0,-0.186095,1.6414330000000001,EGY,NLD,830242
4420449,71,162,8733,2020,1351040.0,296011.0,0.736657,2.731661,ESP,NLD,830242
4420450,72,162,8733,2020,10152.0,61344.0,1.012385,1.305015,EST,NLD,830242
4420451,74,162,8733,2020,86446.0,276908.0,1.498089,1.066223,FIN,NLD,830242
4420452,77,162,8733,2020,1085203.0,1713664.0,1.341275,0.8991870000000001,FRA,NLD,830242
4420453,81,162,8733,2020,1223141.0,1665268.0,1.6459,0.7702640000000001,GBR,NLD,830242
4420454,82,162,8733,2020,0.0,4398.0,-0.199775,-0.38684,GEO,NLD,830242
4420455,90,162,8733,2020,24796.0,329688.0,0.199011,1.087811,GRC,NLD,830242
4420456,93,162,8733,2020,0.0,27726.0,-0.32240100000000005,0.542048,GTM,NLD,830242
4420457,97,162,8733,2020,120778.0,223321.0,1.070483,1.183618,HKG,NLD,830242
4420458,100,162,8733,2020,11968.0,7167.0,0.876001,1.250877,HRV,NLD,830242
4420459,102,162,8733,2020,226574.0,1867510.0,1.393152,0.878916,HUN,NLD,830242
4420460,103,162,8733,2020,4746.0,2654.0,-0.16761700000000002,1.571009,IDN,NLD,830242
4420461,104,162,8733,2020,1534098.0,1447748.0,0.464674,2.838779,IND,NLD,830242
4420462,106,162,8733,2020,23557.0,115782.0,1.337791,-0.20829699999999998,IRL,NLD,830242
4420463,109,162,8733,2020,0.0,49662.0,0.27161399999999997,-0.17819200000000002,ISL,NLD,830242
4420464,110,162,8733,2020,38374.0,126390.0,1.487557,0.8370920000000001,ISR,NLD,830242
4420465,111,162,8733,2020,2346295.0,861862.0,1.299017,0.701797,ITA,NLD,830242
4420466,113,162,8733,2020,0.0,25433.0,-0.060384,0.139902,JOR,NLD,830242
4420467,114,162,8733,2020,7744.0,1130985.0,2.405659,-0.38169000000000003,JPN,NLD,830242
4420468,115,162,8733,2020,0.0,64316.0,-0.48361899999999997,-0.626675,KAZ,NLD,830242
4420469,116,162,8733,2020,0.0,2941.0,-0.496446,0.562476,KEN,NLD,830242
4420470,121,162,8733,2020,1805.0,25501.0,1.9703950000000001,0.800826,KOR,NLD,830242
4420471,122,162,8733,2020,0.0,12542.0,-0.072977,-1.090017,KWT,NLD,830242
4420472,124,162,8733,2020,0.0,1005.0,0.35459,1.067965,LBN,NLD,830242
4420473,126,162,8733,2020,0.0,1737.0,-1.0431840000000001,-1.187957,LBY,NLD,830242
4420474,130,162,8733,2020,86675.0,117504.0,0.9772870000000001,1.291244,LTU,NLD,830242
4420475,131,162,8733,2020,5611.0,30774.0,1.197655,1.432727,LUX,NLD,830242
4420476,132,162,8733,2020,391150.0,14321.0,0.712901,1.119907,LVA,NLD,830242
4420477,134,162,8733,2020,0.0,536839.0,-0.5208510000000001,-0.080499,MAR,NLD,830242
4420478,135,162,8733,2020,0.0,1476.0,-0.06779199999999999,-0.240851,MDA,NLD,830242
4420479,136,162,8733,2020,0.0,9945.0,-1.206503,-0.709465,MDG,NLD,830242
4420480,138,162,8733,2020,20652.0,30459.0,0.974514,0.563643,MEX,NLD,830242
4420481,142,162,8733,2020,0.0,6111.0,0.9159309999999999,0.24442199999999997,MLT,NLD,830242
4420482,144,162,8733,2020,4274.0,0.0,0.355595,0.140822,MNE,NLD,830242
4420483,151,162,8733,2020,0.0,2683.0,-0.048897,0.11543099999999999,MUS,NLD,830242
4420484,153,162,8733,2020,32270.0,852333.0,1.185223,0.573439,MYS,NLD,830242
4420485,159,162,8733,2020,0.0,16217.0,-1.6399299999999999,-1.19536,NGA,NLD,830242
4420486,163,162,8733,2020,17763.0,368347.0,0.793459,0.369766,NOR,NLD,830242
4420487,166,162,8733,2020,1445.0,117251.0,0.145567,0.070121,NZL,NLD,830242
4420488,168,162,8733,2020,0.0,4195.0,-0.52984,0.63654,PAK,NLD,830242
4420489,173,162,8733,2020,0.0,25755.0,-0.717014,-0.152142,PER,NLD,830242
4420490,174,162,8733,2020,994885.0,425507.0,0.755786,0.24693,PHL,NLD,830242
4420491,177,162,8733,2020,1518420.0,548999.0,1.0227979999999999,1.4079139999999999,POL,NLD,830242
4420492,179,162,8733,2020,222890.0,1059693.0,0.656999,2.1136470000000003,PRT,NLD,830242
4420493,180,162,8733,2020,0.0,10751.0,-0.45920600000000006,-0.930341,PRY,NLD,830242
4420494,183,162,8733,2020,0.0,87875.0,-0.028836,-1.0183950000000002,QAT,NLD,830242
4420495,185,162,8733,2020,405837.0,1376285.0,1.13426,0.9767809999999999,ROU,NLD,830242
4420496,186,162,8733,2020,2148.0,1073453.0,0.373882,0.42102700000000004,RUS,NLD,830242
4420497,188,162,8733,2020,0.0,86104.0,0.662925,-0.21661999999999998,SAU,NLD,830242
4420498,192,162,8733,2020,11521.0,23243.0,1.948379,0.610574,SGP,NLD,830242
4420499,197,162,8733,2020,0.0,3791.0,-0.003327,0.18823399999999998,SLV,NLD,830242
4420500,201,162,8733,2020,0.0,13439.0,0.5868399999999999,1.1187120000000002,SRB,NLD,830242
4420501,205,162,8733,2020,0.0,56646.0,-0.272244,-0.937541,SUR,NLD,830242
4420502,206,162,8733,2020,28258.0,159086.0,1.338026,0.825268,SVK,NLD,830242
4420503,207,162,8733,2020,347964.0,59849.0,1.570699,0.8442459999999999,SVN,NLD,830242
4420504,208,162,8733,2020,603489.0,139794.0,1.6911310000000002,0.791586,SWE,NLD,830242
4420505,210,162,8733,2020,0.0,1168.0,1.04788,-0.671874,SXM,NLD,830242
4420506,216,162,8733,2020,12768.0,9541.0,1.035524,1.2777180000000001,THA,NLD,830242
4420507,223,162,8733,2020,0.0,10256.0,0.220298,0.454477,TUN,NLD,830242
4420508,224,162,8733,2020,1264585.0,496435.0,0.590472,2.619866,TUR,NLD,830242
4420509,228,162,8733,2020,44042.0,26689.0,0.383736,0.531328,UKR,NLD,830242
4420510,230,162,8733,2020,0.0,2742.0,-0.127375,-0.449032,URY,NLD,830242
4420511,231,162,8733,2020,657991.0,323990.0,1.588148,0.380904,USA,NLD,830242
4420512,232,162,8733,2020,0.0,1142.0,-0.309411,0.071414,UZB,NLD,830242
4420513,237,162,8733,2020,0.0,5066.0,1.342215,-0.501111,VGB,NLD,830242
4420514,239,162,8733,2020,100381.0,1173.0,0.034229,0.89099,VNM,NLD,830242
4420515,246,162,8733,2020,0.0,33754.0,0.042099,0.923931,ZAF,NLD,830242
4420516,249,162,8733,2020,1892570.0,7562.0,2.0517060000000003,1.205431,TWN,NLD,830242
4420517,250,162,8733,2020,393137.0,81766.0,0.866041,-0.371104,ANS,NLD,830242
4420518,14,163,8733,2020,20493.0,0.0,-0.32910500000000004,-0.232963,AUS,NOR,830242
4420519,15,163,8733,2020,4984198.0,0.0,1.6711310000000001,0.059096,AUT,NOR,830242
4420520,18,163,8733,2020,91134.0,15198.0,1.204632,1.278346,BEL,NOR,830242
4420521,23,163,8733,2020,16779.0,0.0,0.6328520000000001,1.8517009999999998,BGR,NOR,830242
4420522,24,163,8733,2020,0.0,10430.0,0.379085,-0.634111,BHR,NOR,830242
4420523,26,163,8733,2020,4653.0,0.0,0.5449470000000001,0.91781,BIH,NOR,830242
4420524,39,163,8733,2020,4188.0,22422.0,0.609267,1.1890479999999999,CAN,NOR,830242
4420525,41,163,8733,2020,56645.0,4734.0,2.184038,0.900965,CHE,NOR,830242
4420526,43,163,8733,2020,1086632.0,3271.0,1.187837,1.2237770000000001,CHN,NOR,830242
4420527,59,163,8733,2020,411817.0,0.0,1.716646,0.602441,CZE,NOR,830242
4420528,61,163,8733,2020,4281502.0,52046.0,2.027494,-2.3646689999999997,DEU,NOR,830242
4420529,64,163,8733,2020,2074729.0,82354.0,1.093217,1.2166549999999998,DNK,NOR,830242
4420530,71,163,8733,2020,90094.0,0.0,0.736657,2.731661,ESP,NOR,830242
4420531,72,163,8733,2020,28820.0,18665.0,1.012385,1.305015,EST,NOR,830242
4420532,74,163,8733,2020,17288.0,30413.0,1.498089,1.066223,FIN,NOR,830242
4420533,77,163,8733,2020,5385.0,1783.0,1.341275,0.8991870000000001,FRA,NOR,830242
4420534,81,163,8733,2020,380505.0,21473.0,1.6459,0.7702640000000001,GBR,NOR,830242
4420535,97,163,8733,2020,0.0,910.0,1.070483,1.183618,HKG,NOR,830242
4420536,100,163,8733,2020,11725.0,0.0,0.876001,1.250877,HRV,NOR,830242
4420537,102,163,8733,2020,80816.0,0.0,1.393152,0.878916,HUN,NOR,830242
4420538,104,163,8733,2020,9941.0,0.0,0.464674,2.838779,IND,NOR,830242
4420539,106,163,8733,2020,0.0,8029.0,1.337791,-0.20829699999999998,IRL,NOR,830242
4420540,111,163,8733,2020,329214.0,0.0,1.299017,0.701797,ITA,NOR,830242
4420541,114,163,8733,2020,5275.0,0.0,2.405659,-0.38169000000000003,JPN,NOR,830242
4420542,130,163,8733,2020,147212.0,10756.0,0.9772870000000001,1.291244,LTU,NOR,830242
4420543,132,163,8733,2020,277436.0,1277062.0,0.712901,1.119907,LVA,NOR,830242
4420544,138,163,8733,2020,14326.0,0.0,0.974514,0.563643,MEX,NOR,830242
4420545,162,163,8733,2020,368347.0,17763.0,1.035951,1.559401,NLD,NOR,830242
4420546,177,163,8733,2020,198207.0,2868.0,1.0227979999999999,1.4079139999999999,POL,NOR,830242
4420547,179,163,8733,2020,10195.0,0.0,0.656999,2.1136470000000003,PRT,NOR,830242
4420548,185,163,8733,2020,222983.0,17077.0,1.13426,0.9767809999999999,ROU,NOR,830242
4420549,186,163,8733,2020,5789.0,14523.0,0.373882,0.42102700000000004,RUS,NOR,830242
4420550,201,163,8733,2020,16416.0,0.0,0.5868399999999999,1.1187120000000002,SRB,NOR,830242
4420551,206,163,8733,2020,27336.0,0.0,1.338026,0.825268,SVK,NOR,830242
4420552,207,163,8733,2020,1159.0,0.0,1.570699,0.8442459999999999,SVN,NOR,830242
4420553,208,163,8733,2020,3956264.0,1608043.0,1.6911310000000002,0.791586,SWE,NOR,830242
4420554,216,163,8733,2020,4071.0,0.0,1.035524,1.2777180000000001,THA,NOR,830242
4420555,224,163,8733,2020,64196.0,0.0,0.590472,2.619866,TUR,NOR,830242
4420556,231,163,8733,2020,297718.0,118564.0,1.588148,0.380904,USA,NOR,830242
4420557,239,163,8733,2020,34509.0,0.0,0.034229,0.89099,VNM,NOR,830242
4420558,246,163,8733,2020,0.0,15908.0,0.042099,0.923931,ZAF,NOR,830242
4420559,249,163,8733,2020,616894.0,0.0,2.0517060000000003,1.205431,TWN,NOR,830242
4420560,7,166,8733,2020,963.0,0.0,-0.118349,-0.789485,ARE,NZL,830242
4420561,14,166,8733,2020,391878.0,567431.0,-0.32910500000000004,-0.232963,AUS,NZL,830242
4420562,15,166,8733,2020,7515058.0,1361.0,1.6711310000000001,0.059096,AUT,NZL,830242
4420563,18,166,8733,2020,168991.0,0.0,1.204632,1.278346,BEL,NZL,830242
4420564,39,166,8733,2020,1724.0,4557.0,0.609267,1.1890479999999999,CAN,NZL,830242
4420565,41,166,8733,2020,221346.0,2400.0,2.184038,0.900965,CHE,NZL,830242
4420566,42,166,8733,2020,0.0,1414.0,-0.307923,-0.565983,CHL,NZL,830242
4420567,43,166,8733,2020,6688136.0,11213.0,1.187837,1.2237770000000001,CHN,NZL,830242
4420568,48,166,8733,2020,0.0,12841.0,0.20487800000000003,-0.696278,COK,NZL,830242
4420569,59,166,8733,2020,17907.0,0.0,1.716646,0.602441,CZE,NZL,830242
4420570,61,166,8733,2020,4049072.0,21031.0,2.027494,-2.3646689999999997,DEU,NZL,830242
4420571,64,166,8733,2020,284120.0,0.0,1.093217,1.2166549999999998,DNK,NZL,830242
4420572,71,166,8733,2020,34354.0,0.0,0.736657,2.731661,ESP,NZL,830242
4420573,74,166,8733,2020,9862.0,0.0,1.498089,1.066223,FIN,NZL,830242
4420574,75,166,8733,2020,0.0,42195.0,-0.184167,-0.081888,FJI,NZL,830242
4420575,77,166,8733,2020,21661.0,0.0,1.341275,0.8991870000000001,FRA,NZL,830242
4420576,81,166,8733,2020,104884.0,6483.0,1.6459,0.7702640000000001,GBR,NZL,830242
4420577,97,166,8733,2020,78439.0,1408.0,1.070483,1.183618,HKG,NZL,830242
4420578,102,166,8733,2020,19433.0,0.0,1.393152,0.878916,HUN,NZL,830242
4420579,103,166,8733,2020,15037.0,0.0,-0.16761700000000002,1.571009,IDN,NZL,830242
4420580,104,166,8733,2020,99170.0,0.0,0.464674,2.838779,IND,NZL,830242
4420581,111,166,8733,2020,182670.0,0.0,1.299017,0.701797,ITA,NZL,830242
4420582,112,166,8733,2020,0.0,1648.0,-0.21953000000000003,-0.6944899999999999,JAM,NZL,830242
4420583,113,166,8733,2020,0.0,2296.0,-0.060384,0.139902,JOR,NZL,830242
4420584,114,166,8733,2020,28641.0,0.0,2.405659,-0.38169000000000003,JPN,NZL,830242
4420585,121,166,8733,2020,16620.0,0.0,1.9703950000000001,0.800826,KOR,NZL,830242
4420586,130,166,8733,2020,1884.0,0.0,0.9772870000000001,1.291244,LTU,NZL,830242
4420587,132,166,8733,2020,36595.0,0.0,0.712901,1.119907,LVA,NZL,830242
4420588,137,166,8733,2020,0.0,2628.0,-0.68914,-0.844514,MDV,NZL,830242
4420589,138,166,8733,2020,3738.0,966.0,0.974514,0.563643,MEX,NZL,830242
4420590,153,166,8733,2020,780485.0,0.0,1.185223,0.573439,MYS,NZL,830242
4420591,162,166,8733,2020,117251.0,1445.0,1.035951,1.559401,NLD,NZL,830242
4420592,168,166,8733,2020,3093.0,0.0,-0.52984,0.63654,PAK,NZL,830242
4420593,176,166,8733,2020,0.0,45714.0,-1.526134,-1.191965,PNG,NZL,830242
4420594,177,166,8733,2020,1895.0,0.0,1.0227979999999999,1.4079139999999999,POL,NZL,830242
4420595,182,166,8733,2020,0.0,33622.0,0.640838,-0.11156300000000001,PYF,NZL,830242
4420596,185,166,8733,2020,5312.0,0.0,1.13426,0.9767809999999999,ROU,NZL,830242
4420597,192,166,8733,2020,90151.0,2470.0,1.948379,0.610574,SGP,NZL,830242
4420598,206,166,8733,2020,2461.0,0.0,1.338026,0.825268,SVK,NZL,830242
4420599,207,166,8733,2020,40921.0,0.0,1.570699,0.8442459999999999,SVN,NZL,830242
4420600,208,166,8733,2020,48348.0,0.0,1.6911310000000002,0.791586,SWE,NZL,830242
4420601,216,166,8733,2020,226191.0,3075.0,1.035524,1.2777180000000001,THA,NZL,830242
4420602,224,166,8733,2020,20048.0,0.0,0.590472,2.619866,TUR,NZL,830242
4420603,230,166,8733,2020,4606.0,0.0,-0.127375,-0.449032,URY,NZL,830242
4420604,231,166,8733,2020,69521.0,12994.0,1.588148,0.380904,USA,NZL,830242
4420605,239,166,8733,2020,84953.0,0.0,0.034229,0.89099,VNM,NZL,830242
4420606,242,166,8733,2020,0.0,10819.0,0.875817,-0.056116,WSM,NZL,830242
4420607,249,166,8733,2020,948371.0,0.0,2.0517060000000003,1.205431,TWN,NZL,830242
4420608,250,166,8733,2020,3444.0,0.0,0.866041,-0.371104,ANS,NZL,830242
4420609,7,168,8733,2020,117176.0,3605.0,-0.118349,-0.789485,ARE,PAK,830242
4420610,14,168,8733,2020,5437.0,0.0,-0.32910500000000004,-0.232963,AUS,PAK,830242
4420611,15,168,8733,2020,206279.0,0.0,1.6711310000000001,0.059096,AUT,PAK,830242
4420612,43,168,8733,2020,28284876.0,0.0,1.187837,1.2237770000000001,CHN,PAK,830242
4420613,61,168,8733,2020,109594.0,0.0,2.027494,-2.3646689999999997,DEU,PAK,830242
4420614,64,168,8733,2020,1109.0,0.0,1.093217,1.2166549999999998,DNK,PAK,830242
4420615,71,168,8733,2020,2096.0,0.0,0.736657,2.731661,ESP,PAK,830242
4420616,74,168,8733,2020,1043.0,0.0,1.498089,1.066223,FIN,PAK,830242
4420617,97,168,8733,2020,4373.0,0.0,1.070483,1.183618,HKG,PAK,830242
4420618,104,168,8733,2020,20599.0,0.0,0.464674,2.838779,IND,PAK,830242
4420619,111,168,8733,2020,172468.0,0.0,1.299017,0.701797,ITA,PAK,830242
4420620,122,168,8733,2020,0.0,1081.0,-0.072977,-1.090017,KWT,PAK,830242
4420621,153,168,8733,2020,3267.0,0.0,1.185223,0.573439,MYS,PAK,830242
4420622,162,168,8733,2020,4195.0,0.0,1.035951,1.559401,NLD,PAK,830242
4420623,166,168,8733,2020,0.0,3093.0,0.145567,0.070121,NZL,PAK,830242
4420624,188,168,8733,2020,0.0,214763.0,0.662925,-0.21661999999999998,SAU,PAK,830242
4420625,192,168,8733,2020,928.0,0.0,1.948379,0.610574,SGP,PAK,830242
4420626,197,168,8733,2020,0.0,672.0,-0.003327,0.18823399999999998,SLV,PAK,830242
4420627,216,168,8733,2020,174155.0,0.0,1.035524,1.2777180000000001,THA,PAK,830242
4420628,224,168,8733,2020,170296.0,0.0,0.590472,2.619866,TUR,PAK,830242
4420629,231,168,8733,2020,0.0,5009.0,1.588148,0.380904,USA,PAK,830242
4420630,249,168,8733,2020,19295.0,0.0,2.0517060000000003,1.205431,TWN,PAK,830242
4420631,250,168,8733,2020,46302.0,0.0,0.866041,-0.371104,ANS,PAK,830242
4420632,7,169,8733,2020,1258.0,0.0,-0.118349,-0.789485,ARE,PAN,830242
4420633,15,169,8733,2020,93217.0,0.0,1.6711310000000001,0.059096,AUT,PAN,830242
4420634,29,169,8733,2020,0.0,14565.0,-0.145757,-0.59123,BLZ,PAN,830242
4420635,32,169,8733,2020,26955.0,0.0,0.054622000000000004,0.532291,BRA,PAN,830242
4420636,42,169,8733,2020,20091.0,1169.0,-0.307923,-0.565983,CHL,PAN,830242
4420637,43,169,8733,2020,7874270.0,0.0,1.187837,1.2237770000000001,CHN,PAN,830242
4420638,49,169,8733,2020,142687.0,0.0,0.115954,0.104558,COL,PAN,830242
4420639,52,169,8733,2020,0.0,16530.0,0.303849,-0.114494,CRI,PAN,830242
4420640,61,169,8733,2020,109287.0,0.0,2.027494,-2.3646689999999997,DEU,PAN,830242
4420641,71,169,8733,2020,319745.0,0.0,0.736657,2.731661,ESP,PAN,830242
4420642,77,169,8733,2020,1247.0,0.0,1.341275,0.8991870000000001,FRA,PAN,830242
4420643,81,169,8733,2020,1247.0,0.0,1.6459,0.7702640000000001,GBR,PAN,830242
4420644,93,169,8733,2020,14570.0,21083.0,-0.32240100000000005,0.542048,GTM,PAN,830242
4420645,96,169,8733,2020,0.0,5053.0,-0.5874159999999999,-0.8020189999999999,GUY,PAN,830242
4420646,111,169,8733,2020,103409.0,0.0,1.299017,0.701797,ITA,PAN,830242
4420647,112,169,8733,2020,0.0,22943.0,-0.21953000000000003,-0.6944899999999999,JAM,PAN,830242
4420648,138,169,8733,2020,19858.0,0.0,0.974514,0.563643,MEX,PAN,830242
4420649,160,169,8733,2020,0.0,2252.0,-0.9128809999999999,-0.746636,NIC,PAN,830242
4420650,206,169,8733,2020,0.0,3600.0,1.338026,0.825268,SVK,PAN,830242
4420651,231,169,8733,2020,155917.0,0.0,1.588148,0.380904,USA,PAN,830242
4420652,239,169,8733,2020,10088.0,0.0,0.034229,0.89099,VNM,PAN,830242
4420653,249,169,8733,2020,113469.0,0.0,2.0517060000000003,1.205431,TWN,PAN,830242
4420654,8,173,8733,2020,1322.0,0.0,-0.14746199999999998,0.039795,ARG,PER,830242
4420655,15,173,8733,2020,167973.0,0.0,1.6711310000000001,0.059096,AUT,PER,830242
4420656,32,173,8733,2020,38186.0,0.0,0.054622000000000004,0.532291,BRA,PER,830242
4420657,41,173,8733,2020,4995.0,0.0,2.184038,0.900965,CHE,PER,830242
4420658,42,173,8733,2020,281681.0,128520.0,-0.307923,-0.565983,CHL,PER,830242
4420659,43,173,8733,2020,26475150.0,0.0,1.187837,1.2237770000000001,CHN,PER,830242
4420660,49,173,8733,2020,233099.0,0.0,0.115954,0.104558,COL,PER,830242
4420661,61,173,8733,2020,161781.0,0.0,2.027494,-2.3646689999999997,DEU,PER,830242
4420662,71,173,8733,2020,70334.0,0.0,0.736657,2.731661,ESP,PER,830242
4420663,81,173,8733,2020,28373.0,0.0,1.6459,0.7702640000000001,GBR,PER,830242
4420664,97,173,8733,2020,50767.0,0.0,1.070483,1.183618,HKG,PER,830242
4420665,102,173,8733,2020,5955.0,0.0,1.393152,0.878916,HUN,PER,830242
4420666,104,173,8733,2020,2309.0,0.0,0.464674,2.838779,IND,PER,830242
4420667,111,173,8733,2020,44287.0,0.0,1.299017,0.701797,ITA,PER,830242
4420668,130,173,8733,2020,2607.0,0.0,0.9772870000000001,1.291244,LTU,PER,830242
4420669,138,173,8733,2020,4963.0,0.0,0.974514,0.563643,MEX,PER,830242
4420670,153,173,8733,2020,1333.0,0.0,1.185223,0.573439,MYS,PER,830242
4420671,162,173,8733,2020,25755.0,0.0,1.035951,1.559401,NLD,PER,830242
4420672,174,173,8733,2020,13946.0,0.0,0.755786,0.24693,PHL,PER,830242
4420673,177,173,8733,2020,32318.0,0.0,1.0227979999999999,1.4079139999999999,POL,PER,830242
4420674,224,173,8733,2020,8379.0,0.0,0.590472,2.619866,TUR,PER,830242
4420675,231,173,8733,2020,18487.0,0.0,1.588148,0.380904,USA,PER,830242
4420676,239,173,8733,2020,1880.0,0.0,0.034229,0.89099,VNM,PER,830242
4420677,249,173,8733,2020,11135.0,0.0,2.0517060000000003,1.205431,TWN,PER,830242
4420678,7,174,8733,2020,4347.0,92863.0,-0.118349,-0.789485,ARE,PHL,830242
4420679,9,174,8733,2020,0.0,485.0,-0.129502,-0.671068,ARM,PHL,830242
4420680,14,174,8733,2020,0.0,42407.0,-0.32910500000000004,-0.232963,AUS,PHL,830242
4420681,15,174,8733,2020,5503203.0,16585.0,1.6711310000000001,0.059096,AUT,PHL,830242
4420682,18,174,8733,2020,0.0,927.0,1.204632,1.278346,BEL,PHL,830242
4420683,32,174,8733,2020,0.0,25941.0,0.054622000000000004,0.532291,BRA,PHL,830242
4420684,39,174,8733,2020,0.0,50202.0,0.609267,1.1890479999999999,CAN,PHL,830242
4420685,41,174,8733,2020,8209.0,4937.0,2.184038,0.900965,CHE,PHL,830242
4420686,43,174,8733,2020,47353280.0,76488.0,1.187837,1.2237770000000001,CHN,PHL,830242
4420687,58,174,8733,2020,0.0,4904.0,0.5354760000000001,-0.069753,CYP,PHL,830242
4420688,59,174,8733,2020,26953.0,995493.0,1.716646,0.602441,CZE,PHL,830242
4420689,61,174,8733,2020,130794.0,43262.0,2.027494,-2.3646689999999997,DEU,PHL,830242
4420690,64,174,8733,2020,8172.0,0.0,1.093217,1.2166549999999998,DNK,PHL,830242
4420691,71,174,8733,2020,2712.0,0.0,0.736657,2.731661,ESP,PHL,830242
4420692,77,174,8733,2020,8483.0,0.0,1.341275,0.8991870000000001,FRA,PHL,830242
4420693,81,174,8733,2020,289021.0,52546.0,1.6459,0.7702640000000001,GBR,PHL,830242
4420694,97,174,8733,2020,138716.0,1716.0,1.070483,1.183618,HKG,PHL,830242
4420695,103,174,8733,2020,11117.0,101864.0,-0.16761700000000002,1.571009,IDN,PHL,830242
4420696,104,174,8733,2020,950.0,0.0,0.464674,2.838779,IND,PHL,830242
4420697,106,174,8733,2020,5782.0,0.0,1.337791,-0.20829699999999998,IRL,PHL,830242
4420698,109,174,8733,2020,0.0,1171.0,0.27161399999999997,-0.17819200000000002,ISL,PHL,830242
4420699,111,174,8733,2020,463831.0,8980.0,1.299017,0.701797,ITA,PHL,830242
4420700,114,174,8733,2020,484519.0,199184.0,2.405659,-0.38169000000000003,JPN,PHL,830242
4420701,116,174,8733,2020,0.0,929.0,-0.496446,0.562476,KEN,PHL,830242
4420702,121,174,8733,2020,14883.0,103152.0,1.9703950000000001,0.800826,KOR,PHL,830242
4420703,122,174,8733,2020,0.0,9441.0,-0.072977,-1.090017,KWT,PHL,830242
4420704,137,174,8733,2020,0.0,1902.0,-0.68914,-0.844514,MDV,PHL,830242
4420705,138,174,8733,2020,0.0,6486.0,0.974514,0.563643,MEX,PHL,830242
4420706,153,174,8733,2020,79658.0,84650.0,1.185223,0.573439,MYS,PHL,830242
4420707,162,174,8733,2020,425507.0,994885.0,1.035951,1.559401,NLD,PHL,830242
4420708,173,174,8733,2020,0.0,13946.0,-0.717014,-0.152142,PER,PHL,830242
4420709,185,174,8733,2020,17253.0,0.0,1.13426,0.9767809999999999,ROU,PHL,830242
4420710,186,174,8733,2020,0.0,21880.0,0.373882,0.42102700000000004,RUS,PHL,830242
4420711,188,174,8733,2020,0.0,327760.0,0.662925,-0.21661999999999998,SAU,PHL,830242
4420712,192,174,8733,2020,794137.0,8198.0,1.948379,0.610574,SGP,PHL,830242
4420713,201,174,8733,2020,0.0,1690.0,0.5868399999999999,1.1187120000000002,SRB,PHL,830242
4420714,206,174,8733,2020,0.0,666.0,1.338026,0.825268,SVK,PHL,830242
4420715,216,174,8733,2020,138568.0,90475.0,1.035524,1.2777180000000001,THA,PHL,830242
4420716,224,174,8733,2020,1167.0,11742.0,0.590472,2.619866,TUR,PHL,830242
4420717,228,174,8733,2020,0.0,940.0,0.383736,0.531328,UKR,PHL,830242
4420718,231,174,8733,2020,72593.0,854538.0,1.588148,0.380904,USA,PHL,830242
4420719,239,174,8733,2020,12586.0,4430.0,0.034229,0.89099,VNM,PHL,830242
4420720,246,174,8733,2020,0.0,4173.0,0.042099,0.923931,ZAF,PHL,830242
4420721,249,174,8733,2020,554753.0,375393.0,2.0517060000000003,1.205431,TWN,PHL,830242
4420722,2,177,8733,2020,0.0,27219.0,-1.7948709999999999,-1.199555,AGO,POL,830242
4420723,7,177,8733,2020,0.0,107061.0,-0.118349,-0.789485,ARE,POL,830242
4420724,8,177,8733,2020,0.0,86830.0,-0.14746199999999998,0.039795,ARG,POL,830242
4420725,9,177,8733,2020,0.0,22241.0,-0.129502,-0.671068,ARM,POL,830242
4420726,14,177,8733,2020,0.0,18195.0,-0.32910500000000004,-0.232963,AUS,POL,830242
4420727,15,177,8733,2020,115067040.0,1747689.0,1.6711310000000001,0.059096,AUT,POL,830242
4420728,18,177,8733,2020,87904.0,2084644.0,1.204632,1.278346,BEL,POL,830242
4420729,23,177,8733,2020,94158.0,632297.0,0.6328520000000001,1.8517009999999998,BGR,POL,830242
4420730,24,177,8733,2020,0.0,56146.0,0.379085,-0.634111,BHR,POL,830242
4420731,26,177,8733,2020,7961.0,253044.0,0.5449470000000001,0.91781,BIH,POL,830242
4420732,27,177,8733,2020,0.0,1584.0,0.8652860000000001,-0.390323,BLM,POL,830242
4420733,28,177,8733,2020,295334.0,12603120.0,0.858776,1.085652,BLR,POL,830242
4420734,31,177,8733,2020,0.0,1464.0,-0.835558,-0.9611350000000001,BOL,POL,830242
4420735,32,177,8733,2020,0.0,7736206.0,0.054622000000000004,0.532291,BRA,POL,830242
4420736,39,177,8733,2020,20767.0,119216.0,0.609267,1.1890479999999999,CAN,POL,830242
4420737,41,177,8733,2020,1735669.0,498380.0,2.184038,0.900965,CHE,POL,830242
4420738,42,177,8733,2020,0.0,471197.0,-0.307923,-0.565983,CHL,POL,830242
4420739,43,177,8733,2020,96856768.0,4335984.0,1.187837,1.2237770000000001,CHN,POL,830242
4420740,44,177,8733,2020,0.0,4016.0,-1.2299200000000001,-1.095777,CIV,POL,830242
4420741,49,177,8733,2020,0.0,84797.0,0.115954,0.104558,COL,POL,830242
4420742,58,177,8733,2020,0.0,32615.0,0.5354760000000001,-0.069753,CYP,POL,830242
4420743,59,177,8733,2020,7152570.0,20029174.0,1.716646,0.602441,CZE,POL,830242
4420744,61,177,8733,2020,114361448.0,34884644.0,2.027494,-2.3646689999999997,DEU,POL,830242
4420745,64,177,8733,2020,4590298.0,1650950.0,1.093217,1.2166549999999998,DNK,POL,830242
4420746,66,177,8733,2020,0.0,2954.0,-1.015133,-1.243726,DZA,POL,830242
4420747,68,177,8733,2020,0.0,3677.0,-0.186095,1.6414330000000001,EGY,POL,830242
4420748,71,177,8733,2020,3153100.0,6316911.0,0.736657,2.731661,ESP,POL,830242
4420749,72,177,8733,2020,121190.0,1380247.0,1.012385,1.305015,EST,POL,830242
4420750,74,177,8733,2020,28234.0,395939.0,1.498089,1.066223,FIN,POL,830242
4420751,77,177,8733,2020,960524.0,7786732.0,1.341275,0.8991870000000001,FRA,POL,830242
4420752,81,177,8733,2020,2008359.0,7289452.0,1.6459,0.7702640000000001,GBR,POL,830242
4420753,82,177,8733,2020,0.0,64298.0,-0.199775,-0.38684,GEO,POL,830242
4420754,90,177,8733,2020,30303.0,88023.0,0.199011,1.087811,GRC,POL,830242
4420755,97,177,8733,2020,5366.0,3130.0,1.070483,1.183618,HKG,POL,830242
4420756,100,177,8733,2020,24382.0,1874256.0,0.876001,1.250877,HRV,POL,830242
4420757,102,177,8733,2020,452511.0,2704305.0,1.393152,0.878916,HUN,POL,830242
4420758,103,177,8733,2020,0.0,1008.0,-0.16761700000000002,1.571009,IDN,POL,830242
4420759,104,177,8733,2020,28345.0,2284809.0,0.464674,2.838779,IND,POL,830242
4420760,106,177,8733,2020,12050.0,176319.0,1.337791,-0.20829699999999998,IRL,POL,830242
4420761,109,177,8733,2020,0.0,32548.0,0.27161399999999997,-0.17819200000000002,ISL,POL,830242
4420762,110,177,8733,2020,0.0,12799.0,1.487557,0.8370920000000001,ISR,POL,830242
4420763,111,177,8733,2020,28066238.0,16037834.0,1.299017,0.701797,ITA,POL,830242
4420764,113,177,8733,2020,0.0,28364.0,-0.060384,0.139902,JOR,POL,830242
4420765,114,177,8733,2020,531283.0,294453.0,2.405659,-0.38169000000000003,JPN,POL,830242
4420766,115,177,8733,2020,0.0,93809.0,-0.48361899999999997,-0.626675,KAZ,POL,830242
4420767,117,177,8733,2020,0.0,47631.0,-0.117317,0.36644,KGZ,POL,830242
4420768,121,177,8733,2020,72571.0,23516.0,1.9703950000000001,0.800826,KOR,POL,830242
4420769,122,177,8733,2020,0.0,150726.0,-0.072977,-1.090017,KWT,POL,830242
4420770,124,177,8733,2020,0.0,12478.0,0.35459,1.067965,LBN,POL,830242
4420771,130,177,8733,2020,617290.0,6377748.0,0.9772870000000001,1.291244,LTU,POL,830242
4420772,131,177,8733,2020,0.0,6776.0,1.197655,1.432727,LUX,POL,830242
4420773,132,177,8733,2020,515112.0,1828263.0,0.712901,1.119907,LVA,POL,830242
4420774,133,177,8733,2020,0.0,440.0,0.464354,0.020065,MAC,POL,830242
4420775,134,177,8733,2020,0.0,1053398.0,-0.5208510000000001,-0.080499,MAR,POL,830242
4420776,135,177,8733,2020,0.0,604629.0,-0.06779199999999999,-0.240851,MDA,POL,830242
4420777,138,177,8733,2020,184778.0,1721723.0,0.974514,0.563643,MEX,POL,830242
4420778,140,177,8733,2020,0.0,30438.0,0.147947,-0.11116500000000001,MKD,POL,830242
4420779,142,177,8733,2020,0.0,78638.0,0.9159309999999999,0.24442199999999997,MLT,POL,830242
4420780,144,177,8733,2020,0.0,50705.0,0.355595,0.140822,MNE,POL,830242
4420781,145,177,8733,2020,0.0,10741.0,-1.011938,-1.127569,MNG,POL,830242
4420782,151,177,8733,2020,0.0,657.0,-0.048897,0.11543099999999999,MUS,POL,830242
4420783,153,177,8733,2020,282437.0,17967.0,1.185223,0.573439,MYS,POL,830242
4420784,159,177,8733,2020,0.0,3146.0,-1.6399299999999999,-1.19536,NGA,POL,830242
4420785,162,177,8733,2020,548999.0,1518420.0,1.035951,1.559401,NLD,POL,830242
4420786,163,177,8733,2020,2868.0,198207.0,0.793459,0.369766,NOR,POL,830242
4420787,166,177,8733,2020,0.0,1895.0,0.145567,0.070121,NZL,POL,830242
4420788,173,177,8733,2020,0.0,32318.0,-0.717014,-0.152142,PER,POL,830242
4420789,179,177,8733,2020,1170635.0,27834158.0,0.656999,2.1136470000000003,PRT,POL,830242
4420790,185,177,8733,2020,351062.0,15975926.0,1.13426,0.9767809999999999,ROU,POL,830242
4420791,186,177,8733,2020,89215.0,17825032.0,0.373882,0.42102700000000004,RUS,POL,830242
4420792,188,177,8733,2020,5627.0,26718.0,0.662925,-0.21661999999999998,SAU,POL,830242
4420793,192,177,8733,2020,2153.0,1093.0,1.948379,0.610574,SGP,POL,830242
4420794,197,177,8733,2020,23024.0,0.0,-0.003327,0.18823399999999998,SLV,POL,830242
4420795,201,177,8733,2020,522669.0,790836.0,0.5868399999999999,1.1187120000000002,SRB,POL,830242
4420796,206,177,8733,2020,45772452.0,12828176.0,1.338026,0.825268,SVK,POL,830242
4420797,207,177,8733,2020,3221509.0,492768.0,1.570699,0.8442459999999999,SVN,POL,830242
4420798,208,177,8733,2020,683546.0,1706735.0,1.6911310000000002,0.791586,SWE,POL,830242
4420799,216,177,8733,2020,103253.0,14954.0,1.035524,1.2777180000000001,THA,POL,830242
4420800,217,177,8733,2020,0.0,7049.0,-0.73744,-1.0706950000000002,TJK,POL,830242
4420801,223,177,8733,2020,0.0,3950.0,0.220298,0.454477,TUN,POL,830242
4420802,224,177,8733,2020,5915688.0,8917651.0,0.590472,2.619866,TUR,POL,830242
4420803,228,177,8733,2020,1468277.0,7299742.0,0.383736,0.531328,UKR,POL,830242
4420804,230,177,8733,2020,0.0,13136.0,-0.127375,-0.449032,URY,POL,830242
4420805,231,177,8733,2020,202401.0,1388160.0,1.588148,0.380904,USA,POL,830242
4420806,239,177,8733,2020,1229686.0,0.0,0.034229,0.89099,VNM,POL,830242
4420807,246,177,8733,2020,0.0,33099.0,0.042099,0.923931,ZAF,POL,830242
4420808,249,177,8733,2020,1046458.0,0.0,2.0517060000000003,1.205431,TWN,POL,830242
4420809,250,177,8733,2020,397510.0,0.0,0.866041,-0.371104,ANS,POL,830242
4420810,2,179,8733,2020,0.0,783388.0,-1.7948709999999999,-1.199555,AGO,PRT,830242
4420811,7,179,8733,2020,0.0,7845.0,-0.118349,-0.789485,ARE,PRT,830242
4420812,14,179,8733,2020,0.0,5974.0,-0.32910500000000004,-0.232963,AUS,PRT,830242
4420813,15,179,8733,2020,4406135.0,3489.0,1.6711310000000001,0.059096,AUT,PRT,830242
4420814,18,179,8733,2020,271660.0,594426.0,1.204632,1.278346,BEL,PRT,830242
4420815,20,179,8733,2020,0.0,6288.0,0.653039,-0.6295270000000001,BES,PRT,830242
4420816,23,179,8733,2020,0.0,4803.0,0.6328520000000001,1.8517009999999998,BGR,PRT,830242
4420817,24,179,8733,2020,0.0,2970.0,0.379085,-0.634111,BHR,PRT,830242
4420818,32,179,8733,2020,15199.0,8174.0,0.054622000000000004,0.532291,BRA,PRT,830242
4420819,39,179,8733,2020,0.0,2854.0,0.609267,1.1890479999999999,CAN,PRT,830242
4420820,41,179,8733,2020,27750.0,15815.0,2.184038,0.900965,CHE,PRT,830242
4420821,42,179,8733,2020,0.0,64977.0,-0.307923,-0.565983,CHL,PRT,830242
4420822,43,179,8733,2020,8318304.0,1380.0,1.187837,1.2237770000000001,CHN,PRT,830242
4420823,49,179,8733,2020,0.0,1929.0,0.115954,0.104558,COL,PRT,830242
4420824,51,179,8733,2020,0.0,64529.0,-0.235719,-0.746113,CPV,PRT,830242
4420825,58,179,8733,2020,0.0,137793.0,0.5354760000000001,-0.069753,CYP,PRT,830242
4420826,59,179,8733,2020,25071.0,382623.0,1.716646,0.602441,CZE,PRT,830242
4420827,61,179,8733,2020,6819068.0,28941.0,2.027494,-2.3646689999999997,DEU,PRT,830242
4420828,64,179,8733,2020,98584.0,13813.0,1.093217,1.2166549999999998,DNK,PRT,830242
4420829,65,179,8733,2020,0.0,7778.0,0.06500299999999999,0.2812,DOM,PRT,830242
4420830,67,179,8733,2020,0.0,3109.0,-1.074185,-1.084344,ECU,PRT,830242
4420831,71,179,8733,2020,16913622.0,1029579.0,0.736657,2.731661,ESP,PRT,830242
4420832,72,179,8733,2020,1114.0,0.0,1.012385,1.305015,EST,PRT,830242
4420833,74,179,8733,2020,1425.0,931.0,1.498089,1.066223,FIN,PRT,830242
4420834,77,179,8733,2020,699848.0,364248.0,1.341275,0.8991870000000001,FRA,PRT,830242
4420835,81,179,8733,2020,276591.0,7733.0,1.6459,0.7702640000000001,GBR,PRT,830242
4420836,83,179,8733,2020,0.0,2362.0,-0.973506,-0.9559139999999999,GHA,PRT,830242
4420837,84,179,8733,2020,0.0,21746.0,0.710597,-0.445858,GIB,PRT,830242
4420838,85,179,8733,2020,0.0,2722.0,-1.841029,-1.233167,GIN,PRT,830242
4420839,88,179,8733,2020,0.0,7433.0,-1.172138,-0.944076,GNB,PRT,830242
4420840,90,179,8733,2020,10457.0,39044.0,0.199011,1.087811,GRC,PRT,830242
4420841,97,179,8733,2020,645789.0,13108.0,1.070483,1.183618,HKG,PRT,830242
4420842,102,179,8733,2020,0.0,15803.0,1.393152,0.878916,HUN,PRT,830242
4420843,103,179,8733,2020,0.0,6824.0,-0.16761700000000002,1.571009,IDN,PRT,830242
4420844,104,179,8733,2020,2881.0,4409.0,0.464674,2.838779,IND,PRT,830242
4420845,109,179,8733,2020,0.0,4257.0,0.27161399999999997,-0.17819200000000002,ISL,PRT,830242
4420846,110,179,8733,2020,0.0,972.0,1.487557,0.8370920000000001,ISR,PRT,830242
4420847,111,179,8733,2020,2236096.0,7854.0,1.299017,0.701797,ITA,PRT,830242
4420848,113,179,8733,2020,0.0,1111.0,-0.060384,0.139902,JOR,PRT,830242
4420849,114,179,8733,2020,1234.0,0.0,2.405659,-0.38169000000000003,JPN,PRT,830242
4420850,124,179,8733,2020,0.0,11145.0,0.35459,1.067965,LBN,PRT,830242
4420851,130,179,8733,2020,33654.0,56329.0,0.9772870000000001,1.291244,LTU,PRT,830242
4420852,131,179,8733,2020,0.0,9572.0,1.197655,1.432727,LUX,PRT,830242
4420853,132,179,8733,2020,0.0,6228.0,0.712901,1.119907,LVA,PRT,830242
4420854,134,179,8733,2020,0.0,17551.0,-0.5208510000000001,-0.080499,MAR,PRT,830242
4420855,138,179,8733,2020,0.0,14334.0,0.974514,0.563643,MEX,PRT,830242
4420856,147,179,8733,2020,0.0,92645.0,-1.1186040000000002,-0.974224,MOZ,PRT,830242
4420857,153,179,8733,2020,30841.0,937.0,1.185223,0.573439,MYS,PRT,830242
4420858,162,179,8733,2020,1059693.0,222890.0,1.035951,1.559401,NLD,PRT,830242
4420859,163,179,8733,2020,0.0,10195.0,0.793459,0.369766,NOR,PRT,830242
4420860,177,179,8733,2020,27834158.0,1170635.0,1.0227979999999999,1.4079139999999999,POL,PRT,830242
4420861,183,179,8733,2020,0.0,15331.0,-0.028836,-1.0183950000000002,QAT,PRT,830242
4420862,185,179,8733,2020,0.0,28705.0,1.13426,0.9767809999999999,ROU,PRT,830242
4420863,186,179,8733,2020,0.0,4187.0,0.373882,0.42102700000000004,RUS,PRT,830242
4420864,188,179,8733,2020,0.0,14540.0,0.662925,-0.21661999999999998,SAU,PRT,830242
4420865,191,179,8733,2020,0.0,1792.0,-0.634185,-0.398728,SEN,PRT,830242
4420866,203,179,8733,2020,0.0,2697.0,0.327507,-0.46483,STP,PRT,830242
4420867,206,179,8733,2020,3258432.0,0.0,1.338026,0.825268,SVK,PRT,830242
4420868,207,179,8733,2020,7323.0,75220.0,1.570699,0.8442459999999999,SVN,PRT,830242
4420869,208,179,8733,2020,26395.0,0.0,1.6911310000000002,0.791586,SWE,PRT,830242
4420870,216,179,8733,2020,2165.0,0.0,1.035524,1.2777180000000001,THA,PRT,830242
4420871,224,179,8733,2020,266316.0,7884.0,0.590472,2.619866,TUR,PRT,830242
4420872,228,179,8733,2020,0.0,9479.0,0.383736,0.531328,UKR,PRT,830242
4420873,231,179,8733,2020,10551.0,186142.0,1.588148,0.380904,USA,PRT,830242
4420874,239,179,8733,2020,0.0,1608.0,0.034229,0.89099,VNM,PRT,830242
4420875,246,179,8733,2020,0.0,1465.0,0.042099,0.923931,ZAF,PRT,830242
4420876,249,179,8733,2020,42278.0,0.0,2.0517060000000003,1.205431,TWN,PRT,830242
4420877,8,180,8733,2020,37824.0,0.0,-0.14746199999999998,0.039795,ARG,PRY,830242
4420878,15,180,8733,2020,7203.0,0.0,1.6711310000000001,0.059096,AUT,PRY,830242
4420879,32,180,8733,2020,363948.0,0.0,0.054622000000000004,0.532291,BRA,PRY,830242
4420880,39,180,8733,2020,960.0,0.0,0.609267,1.1890479999999999,CAN,PRY,830242
4420881,42,180,8733,2020,30751.0,0.0,-0.307923,-0.565983,CHL,PRY,830242
4420882,43,180,8733,2020,613472.0,0.0,1.187837,1.2237770000000001,CHN,PRY,830242
4420883,61,180,8733,2020,16038.0,0.0,2.027494,-2.3646689999999997,DEU,PRY,830242
4420884,71,180,8733,2020,8468.0,0.0,0.736657,2.731661,ESP,PRY,830242
4420885,111,180,8733,2020,16398.0,0.0,1.299017,0.701797,ITA,PRY,830242
4420886,153,180,8733,2020,4833.0,0.0,1.185223,0.573439,MYS,PRY,830242
4420887,162,180,8733,2020,10751.0,0.0,1.035951,1.559401,NLD,PRY,830242
4420888,224,180,8733,2020,1961.0,0.0,0.590472,2.619866,TUR,PRY,830242
4420889,231,180,8733,2020,6088.0,0.0,1.588148,0.380904,USA,PRY,830242
4420890,249,180,8733,2020,963.0,0.0,2.0517060000000003,1.205431,TWN,PRY,830242
4420891,250,180,8733,2020,1128.0,0.0,0.866041,-0.371104,ANS,PRY,830242
4420892,7,188,8733,2020,359026.0,2327.0,-0.118349,-0.789485,ARE,SAU,830242
4420893,14,188,8733,2020,35661.0,0.0,-0.32910500000000004,-0.232963,AUS,SAU,830242
4420894,15,188,8733,2020,2034230.0,0.0,1.6711310000000001,0.059096,AUT,SAU,830242
4420895,18,188,8733,2020,2734.0,0.0,1.204632,1.278346,BEL,SAU,830242
4420896,22,188,8733,2020,6285.0,0.0,-0.874451,-0.9031309999999999,BGD,SAU,830242
4420897,24,188,8733,2020,0.0,21181.0,0.379085,-0.634111,BHR,SAU,830242
4420898,26,188,8733,2020,13712.0,0.0,0.5449470000000001,0.91781,BIH,SAU,830242
4420899,39,188,8733,2020,100553.0,0.0,0.609267,1.1890479999999999,CAN,SAU,830242
4420900,41,188,8733,2020,35363.0,0.0,2.184038,0.900965,CHE,SAU,830242
4420901,43,188,8733,2020,88292272.0,243604.0,1.187837,1.2237770000000001,CHN,SAU,830242
4420902,49,188,8733,2020,9306.0,0.0,0.115954,0.104558,COL,SAU,830242
4420903,59,188,8733,2020,223339.0,0.0,1.716646,0.602441,CZE,SAU,830242
4420904,61,188,8733,2020,1812280.0,0.0,2.027494,-2.3646689999999997,DEU,SAU,830242
4420905,64,188,8733,2020,54554.0,0.0,1.093217,1.2166549999999998,DNK,SAU,830242
4420906,68,188,8733,2020,26185.0,23574.0,-0.186095,1.6414330000000001,EGY,SAU,830242
4420907,71,188,8733,2020,253281.0,5405.0,0.736657,2.731661,ESP,SAU,830242
4420908,77,188,8733,2020,51551.0,0.0,1.341275,0.8991870000000001,FRA,SAU,830242
4420909,81,188,8733,2020,550601.0,0.0,1.6459,0.7702640000000001,GBR,SAU,830242
4420910,90,188,8733,2020,64479.0,0.0,0.199011,1.087811,GRC,SAU,830242
4420911,97,188,8733,2020,13316.0,0.0,1.070483,1.183618,HKG,SAU,830242
4420912,102,188,8733,2020,67129.0,0.0,1.393152,0.878916,HUN,SAU,830242
4420913,103,188,8733,2020,44891.0,0.0,-0.16761700000000002,1.571009,IDN,SAU,830242
4420914,104,188,8733,2020,779652.0,0.0,0.464674,2.838779,IND,SAU,830242
4420915,106,188,8733,2020,2621.0,0.0,1.337791,-0.20829699999999998,IRL,SAU,830242
4420916,111,188,8733,2020,5254270.0,0.0,1.299017,0.701797,ITA,SAU,830242
4420917,113,188,8733,2020,150812.0,0.0,-0.060384,0.139902,JOR,SAU,830242
4420918,114,188,8733,2020,28422.0,0.0,2.405659,-0.38169000000000003,JPN,SAU,830242
4420919,116,188,8733,2020,4834.0,0.0,-0.496446,0.562476,KEN,SAU,830242
4420920,121,188,8733,2020,95405.0,0.0,1.9703950000000001,0.800826,KOR,SAU,830242
4420921,122,188,8733,2020,19219.0,25978.0,-0.072977,-1.090017,KWT,SAU,830242
4420922,124,188,8733,2020,38943.0,0.0,0.35459,1.067965,LBN,SAU,830242
4420923,130,188,8733,2020,30720.0,0.0,0.9772870000000001,1.291244,LTU,SAU,830242
4420924,132,188,8733,2020,1458.0,0.0,0.712901,1.119907,LVA,SAU,830242
4420925,138,188,8733,2020,118032.0,0.0,0.974514,0.563643,MEX,SAU,830242
4420926,153,188,8733,2020,2985.0,0.0,1.185223,0.573439,MYS,SAU,830242
4420927,162,188,8733,2020,86104.0,0.0,1.035951,1.559401,NLD,SAU,830242
4420928,167,188,8733,2020,0.0,46087.0,-0.251371,-0.8775299999999999,OMN,SAU,830242
4420929,168,188,8733,2020,214763.0,0.0,-0.52984,0.63654,PAK,SAU,830242
4420930,174,188,8733,2020,327760.0,0.0,0.755786,0.24693,PHL,SAU,830242
4420931,177,188,8733,2020,26718.0,5627.0,1.0227979999999999,1.4079139999999999,POL,SAU,830242
4420932,179,188,8733,2020,14540.0,0.0,0.656999,2.1136470000000003,PRT,SAU,830242
4420933,185,188,8733,2020,10603.0,0.0,1.13426,0.9767809999999999,ROU,SAU,830242
4420934,192,188,8733,2020,14104.0,0.0,1.948379,0.610574,SGP,SAU,830242
4420935,206,188,8733,2020,1157.0,0.0,1.338026,0.825268,SVK,SAU,830242
4420936,207,188,8733,2020,61368.0,0.0,1.570699,0.8442459999999999,SVN,SAU,830242
4420937,208,188,8733,2020,2739.0,0.0,1.6911310000000002,0.791586,SWE,SAU,830242
4420938,212,188,8733,2020,25358.0,0.0,-0.579237,0.391392,SYR,SAU,830242
4420939,216,188,8733,2020,4619.0,0.0,1.035524,1.2777180000000001,THA,SAU,830242
4420940,224,188,8733,2020,1865178.0,1330.0,0.590472,2.619866,TUR,SAU,830242
4420941,228,188,8733,2020,10942.0,0.0,0.383736,0.531328,UKR,SAU,830242
4420942,231,188,8733,2020,247364.0,0.0,1.588148,0.380904,USA,SAU,830242
4420943,239,188,8733,2020,64536.0,0.0,0.034229,0.89099,VNM,SAU,830242
4420944,246,188,8733,2020,1867.0,0.0,0.042099,0.923931,ZAF,SAU,830242
4420945,249,188,8733,2020,1829290.0,0.0,2.0517060000000003,1.205431,TWN,SAU,830242
4420946,7,192,8733,2020,7490.0,39929.0,-0.118349,-0.789485,ARE,SGP,830242
4420947,14,192,8733,2020,14628.0,62294.0,-0.32910500000000004,-0.232963,AUS,SGP,830242
4420948,15,192,8733,2020,4123055.0,5163.0,1.6711310000000001,0.059096,AUT,SGP,830242
4420949,18,192,8733,2020,2176.0,0.0,1.204632,1.278346,BEL,SGP,830242
4420950,22,192,8733,2020,0.0,58418.0,-0.874451,-0.9031309999999999,BGD,SGP,830242
4420951,23,192,8733,2020,940.0,0.0,0.6328520000000001,1.8517009999999998,BGR,SGP,830242
4420952,26,192,8733,2020,0.0,475.0,0.5449470000000001,0.91781,BIH,SGP,830242
4420953,34,192,8733,2020,0.0,230509.0,0.432569,-0.8083779999999999,BRN,SGP,830242
4420954,39,192,8733,2020,11874.0,7988.0,0.609267,1.1890479999999999,CAN,SGP,830242
4420955,41,192,8733,2020,144906.0,2737.0,2.184038,0.900965,CHE,SGP,830242
4420956,43,192,8733,2020,121714424.0,36952.0,1.187837,1.2237770000000001,CHN,SGP,830242
4420957,59,192,8733,2020,167255.0,4564.0,1.716646,0.602441,CZE,SGP,830242
4420958,61,192,8733,2020,2242712.0,6010.0,2.027494,-2.3646689999999997,DEU,SGP,830242
4420959,64,192,8733,2020,9777.0,0.0,1.093217,1.2166549999999998,DNK,SGP,830242
4420960,71,192,8733,2020,15440.0,4952.0,0.736657,2.731661,ESP,SGP,830242
4420961,74,192,8733,2020,15785.0,1316.0,1.498089,1.066223,FIN,SGP,830242
4420962,75,192,8733,2020,0.0,22904.0,-0.184167,-0.081888,FJI,SGP,830242
4420963,77,192,8733,2020,1873.0,26241.0,1.341275,0.8991870000000001,FRA,SGP,830242
4420964,81,192,8733,2020,407231.0,33074.0,1.6459,0.7702640000000001,GBR,SGP,830242
4420965,97,192,8733,2020,15861.0,217702.0,1.070483,1.183618,HKG,SGP,830242
4420966,103,192,8733,2020,489821.0,1289262.0,-0.16761700000000002,1.571009,IDN,SGP,830242
4420967,104,192,8733,2020,30380.0,340767.0,0.464674,2.838779,IND,SGP,830242
4420968,110,192,8733,2020,6544.0,3388.0,1.487557,0.8370920000000001,ISR,SGP,830242
4420969,111,192,8733,2020,479828.0,9501.0,1.299017,0.701797,ITA,SGP,830242
4420970,114,192,8733,2020,277421.0,9670.0,2.405659,-0.38169000000000003,JPN,SGP,830242
4420971,118,192,8733,2020,0.0,7530.0,-0.602562,-0.505135,KHM,SGP,830242
4420972,121,192,8733,2020,88483.0,14106.0,1.9703950000000001,0.800826,KOR,SGP,830242
4420973,123,192,8733,2020,3701.0,0.0,-0.741151,-0.689088,LAO,SGP,830242
4420974,128,192,8733,2020,0.0,27782.0,-0.48448599999999997,0.5495220000000001,LKA,SGP,830242
4420975,130,192,8733,2020,3387.0,0.0,0.9772870000000001,1.291244,LTU,SGP,830242
4420976,136,192,8733,2020,0.0,5419.0,-1.206503,-0.709465,MDG,SGP,830242
4420977,137,192,8733,2020,0.0,63766.0,-0.68914,-0.844514,MDV,SGP,830242
4420978,138,192,8733,2020,279406.0,41727.0,0.974514,0.563643,MEX,SGP,830242
4420979,143,192,8733,2020,0.0,41805.0,-0.9993569999999999,-0.298647,MMR,SGP,830242
4420980,151,192,8733,2020,0.0,3343.0,-0.048897,0.11543099999999999,MUS,SGP,830242
4420981,153,192,8733,2020,1489995.0,1614896.0,1.185223,0.573439,MYS,SGP,830242
4420982,162,192,8733,2020,23243.0,11521.0,1.035951,1.559401,NLD,SGP,830242
4420983,164,192,8733,2020,0.0,1534.0,-0.22803299999999999,0.25111,NPL,SGP,830242
4420984,166,192,8733,2020,2470.0,90151.0,0.145567,0.070121,NZL,SGP,830242
4420985,168,192,8733,2020,0.0,928.0,-0.52984,0.63654,PAK,SGP,830242
4420986,174,192,8733,2020,8198.0,794137.0,0.755786,0.24693,PHL,SGP,830242
4420987,177,192,8733,2020,1093.0,2153.0,1.0227979999999999,1.4079139999999999,POL,SGP,830242
4420988,182,192,8733,2020,0.0,26952.0,0.640838,-0.11156300000000001,PYF,SGP,830242
4420989,183,192,8733,2020,0.0,759.0,-0.028836,-1.0183950000000002,QAT,SGP,830242
4420990,185,192,8733,2020,6975.0,0.0,1.13426,0.9767809999999999,ROU,SGP,830242
4420991,188,192,8733,2020,0.0,14104.0,0.662925,-0.21661999999999998,SAU,SGP,830242
4420992,197,192,8733,2020,0.0,2060.0,-0.003327,0.18823399999999998,SLV,SGP,830242
4420993,201,192,8733,2020,0.0,3742.0,0.5868399999999999,1.1187120000000002,SRB,SGP,830242
4420994,206,192,8733,2020,7920.0,6528.0,1.338026,0.825268,SVK,SGP,830242
4420995,207,192,8733,2020,614788.0,195221.0,1.570699,0.8442459999999999,SVN,SGP,830242
4420996,208,192,8733,2020,1394.0,1225.0,1.6911310000000002,0.791586,SWE,SGP,830242
4420997,211,192,8733,2020,0.0,871.0,0.185747,-0.695441,SYC,SGP,830242
4420998,216,192,8733,2020,41622.0,144612.0,1.035524,1.2777180000000001,THA,SGP,830242
4420999,224,192,8733,2020,7265.0,0.0,0.590472,2.619866,TUR,SGP,830242
4421000,231,192,8733,2020,735920.0,78545.0,1.588148,0.380904,USA,SGP,830242
4421001,239,192,8733,2020,55761.0,1012373.0,0.034229,0.89099,VNM,SGP,830242
4421002,246,192,8733,2020,0.0,55798.0,0.042099,0.923931,ZAF,SGP,830242
4421003,249,192,8733,2020,421666.0,452870.0,2.0517060000000003,1.205431,TWN,SGP,830242
4421004,29,197,8733,2020,0.0,1039.0,-0.145757,-0.59123,BLZ,SLV,830242
4421005,32,197,8733,2020,4344.0,0.0,0.054622000000000004,0.532291,BRA,SLV,830242
4421006,42,197,8733,2020,4085.0,0.0,-0.307923,-0.565983,CHL,SLV,830242
4421007,43,197,8733,2020,353038.0,0.0,1.187837,1.2237770000000001,CHN,SLV,830242
4421008,49,197,8733,2020,20977.0,0.0,0.115954,0.104558,COL,SLV,830242
4421009,52,197,8733,2020,14374.0,5469.0,0.303849,-0.114494,CRI,SLV,830242
4421010,59,197,8733,2020,82766.0,0.0,1.716646,0.602441,CZE,SLV,830242
4421011,61,197,8733,2020,10318.0,0.0,2.027494,-2.3646689999999997,DEU,SLV,830242
4421012,71,197,8733,2020,71357.0,0.0,0.736657,2.731661,ESP,SLV,830242
4421013,93,197,8733,2020,98250.0,17819.0,-0.32240100000000005,0.542048,GTM,SLV,830242
4421014,111,197,8733,2020,1420.0,0.0,1.299017,0.701797,ITA,SLV,830242
4421015,138,197,8733,2020,109833.0,3816.0,0.974514,0.563643,MEX,SLV,830242
4421016,160,197,8733,2020,0.0,327782.0,-0.9128809999999999,-0.746636,NIC,SLV,830242
4421017,162,197,8733,2020,3791.0,0.0,1.035951,1.559401,NLD,SLV,830242
4421018,168,197,8733,2020,672.0,0.0,-0.52984,0.63654,PAK,SLV,830242
4421019,177,197,8733,2020,0.0,23024.0,1.0227979999999999,1.4079139999999999,POL,SLV,830242
4421020,192,197,8733,2020,2060.0,0.0,1.948379,0.610574,SGP,SLV,830242
4421021,216,197,8733,2020,22759.0,0.0,1.035524,1.2777180000000001,THA,SLV,830242
4421022,224,197,8733,2020,1085.0,0.0,0.590472,2.619866,TUR,SLV,830242
4421023,231,197,8733,2020,14960.0,79297.0,1.588148,0.380904,USA,SLV,830242
4421024,239,197,8733,2020,3158.0,0.0,0.034229,0.89099,VNM,SLV,830242
4421025,249,197,8733,2020,92360.0,0.0,2.0517060000000003,1.205431,TWN,SLV,830242
4421026,7,206,8733,2020,0.0,17149.0,-0.118349,-0.789485,ARE,SVK,830242
4421027,14,206,8733,2020,0.0,10371.0,-0.32910500000000004,-0.232963,AUS,SVK,830242
4421028,15,206,8733,2020,13473219.0,486497.0,1.6711310000000001,0.059096,AUT,SVK,830242
4421029,18,206,8733,2020,1258.0,737601.0,1.204632,1.278346,BEL,SVK,830242
4421030,23,206,8733,2020,1285.0,12722.0,0.6328520000000001,1.8517009999999998,BGR,SVK,830242
4421031,26,206,8733,2020,0.0,380021.0,0.5449470000000001,0.91781,BIH,SVK,830242
4421032,28,206,8733,2020,0.0,3384469.0,0.858776,1.085652,BLR,SVK,830242
4421033,32,206,8733,2020,0.0,1479207.0,0.054622000000000004,0.532291,BRA,SVK,830242
4421034,39,206,8733,2020,0.0,56519.0,0.609267,1.1890479999999999,CAN,SVK,830242
4421035,41,206,8733,2020,8531.0,20832.0,2.184038,0.900965,CHE,SVK,830242
4421036,43,206,8733,2020,27276298.0,3088852.0,1.187837,1.2237770000000001,CHN,SVK,830242
4421037,59,206,8733,2020,15472955.0,5704970.0,1.716646,0.602441,CZE,SVK,830242
4421038,61,206,8733,2020,31320144.0,14691022.0,2.027494,-2.3646689999999997,DEU,SVK,830242
4421039,64,206,8733,2020,592563.0,1885163.0,1.093217,1.2166549999999998,DNK,SVK,830242
4421040,68,206,8733,2020,0.0,20469.0,-0.186095,1.6414330000000001,EGY,SVK,830242
4421041,71,206,8733,2020,5251081.0,539199.0,0.736657,2.731661,ESP,SVK,830242
4421042,72,206,8733,2020,0.0,2122.0,1.012385,1.305015,EST,SVK,830242
4421043,74,206,8733,2020,899.0,1298.0,1.498089,1.066223,FIN,SVK,830242
4421044,77,206,8733,2020,37511.0,2294470.0,1.341275,0.8991870000000001,FRA,SVK,830242
4421045,81,206,8733,2020,22134.0,3461073.0,1.6459,0.7702640000000001,GBR,SVK,830242
4421046,90,206,8733,2020,6491.0,4549.0,0.199011,1.087811,GRC,SVK,830242
4421047,100,206,8733,2020,38003.0,12447.0,0.876001,1.250877,HRV,SVK,830242
4421048,102,206,8733,2020,131411.0,826158.0,1.393152,0.878916,HUN,SVK,830242
4421049,104,206,8733,2020,2710.0,10577.0,0.464674,2.838779,IND,SVK,830242
4421050,106,206,8733,2020,0.0,33975.0,1.337791,-0.20829699999999998,IRL,SVK,830242
4421051,109,206,8733,2020,0.0,825.0,0.27161399999999997,-0.17819200000000002,ISL,SVK,830242
4421052,110,206,8733,2020,0.0,14292.0,1.487557,0.8370920000000001,ISR,SVK,830242
4421053,111,206,8733,2020,23123900.0,26412986.0,1.299017,0.701797,ITA,SVK,830242
4421054,114,206,8733,2020,32554.0,1594.0,2.405659,-0.38169000000000003,JPN,SVK,830242
4421055,121,206,8733,2020,15914.0,1337.0,1.9703950000000001,0.800826,KOR,SVK,830242
4421056,130,206,8733,2020,107813.0,38058828.0,0.9772870000000001,1.291244,LTU,SVK,830242
4421057,132,206,8733,2020,0.0,249701.0,0.712901,1.119907,LVA,SVK,830242
4421058,138,206,8733,2020,9034.0,3081.0,0.974514,0.563643,MEX,SVK,830242
4421059,142,206,8733,2020,0.0,5106.0,0.9159309999999999,0.24442199999999997,MLT,SVK,830242
4421060,153,206,8733,2020,0.0,1686.0,1.185223,0.573439,MYS,SVK,830242
4421061,162,206,8733,2020,159086.0,28258.0,1.035951,1.559401,NLD,SVK,830242
4421062,163,206,8733,2020,0.0,27336.0,0.793459,0.369766,NOR,SVK,830242
4421063,166,206,8733,2020,0.0,2461.0,0.145567,0.070121,NZL,SVK,830242
4421064,169,206,8733,2020,3600.0,0.0,0.590821,0.786784,PAN,SVK,830242
4421065,174,206,8733,2020,666.0,0.0,0.755786,0.24693,PHL,SVK,830242
4421066,177,206,8733,2020,12828176.0,45772452.0,1.0227979999999999,1.4079139999999999,POL,SVK,830242
4421067,179,206,8733,2020,0.0,3258432.0,0.656999,2.1136470000000003,PRT,SVK,830242
4421068,185,206,8733,2020,132245.0,6818606.0,1.13426,0.9767809999999999,ROU,SVK,830242
4421069,186,206,8733,2020,0.0,3990376.0,0.373882,0.42102700000000004,RUS,SVK,830242
4421070,188,206,8733,2020,0.0,1157.0,0.662925,-0.21661999999999998,SAU,SVK,830242
4421071,192,206,8733,2020,6528.0,7920.0,1.948379,0.610574,SGP,SVK,830242
4421072,201,206,8733,2020,245045.0,163744.0,0.5868399999999999,1.1187120000000002,SRB,SVK,830242
4421073,207,206,8733,2020,15101684.0,708836.0,1.570699,0.8442459999999999,SVN,SVK,830242
4421074,208,206,8733,2020,1687068.0,3689262.0,1.6911310000000002,0.791586,SWE,SVK,830242
4421075,213,206,8733,2020,1356.0,0.0,0.820773,-0.246383,TCA,SVK,830242
4421076,216,206,8733,2020,2147697.0,1424.0,1.035524,1.2777180000000001,THA,SVK,830242
4421077,224,206,8733,2020,5541108.0,112798.0,0.590472,2.619866,TUR,SVK,830242
4421078,228,206,8733,2020,5150.0,63476.0,0.383736,0.531328,UKR,SVK,830242
4421079,231,206,8733,2020,1849.0,788142.0,1.588148,0.380904,USA,SVK,830242
4421080,239,206,8733,2020,2203.0,0.0,0.034229,0.89099,VNM,SVK,830242
4421081,249,206,8733,2020,640465.0,16815.0,2.0517060000000003,1.205431,TWN,SVK,830242
4421082,250,206,8733,2020,5331815.0,11685.0,0.866041,-0.371104,ANS,SVK,830242
4421083,7,208,8733,2020,0.0,14321.0,-0.118349,-0.789485,ARE,SWE,830242
4421084,14,208,8733,2020,1868.0,8094.0,-0.32910500000000004,-0.232963,AUS,SWE,830242
4421085,15,208,8733,2020,16335947.0,53137.0,1.6711310000000001,0.059096,AUT,SWE,830242
4421086,18,208,8733,2020,89213.0,101093.0,1.204632,1.278346,BEL,SWE,830242
4421087,23,208,8733,2020,223574.0,285042.0,0.6328520000000001,1.8517009999999998,BGR,SWE,830242
4421088,26,208,8733,2020,4858.0,474237.0,0.5449470000000001,0.91781,BIH,SWE,830242
4421089,28,208,8733,2020,0.0,40509.0,0.858776,1.085652,BLR,SWE,830242
4421090,32,208,8733,2020,0.0,234007.0,0.054622000000000004,0.532291,BRA,SWE,830242
4421091,34,208,8733,2020,0.0,455.0,0.432569,-0.8083779999999999,BRN,SWE,830242
4421092,39,208,8733,2020,14763.0,31536.0,0.609267,1.1890479999999999,CAN,SWE,830242
4421093,41,208,8733,2020,89674.0,32508.0,2.184038,0.900965,CHE,SWE,830242
4421094,43,208,8733,2020,9734243.0,652703.0,1.187837,1.2237770000000001,CHN,SWE,830242
4421095,58,208,8733,2020,0.0,2965.0,0.5354760000000001,-0.069753,CYP,SWE,830242
4421096,59,208,8733,2020,1228501.0,2228583.0,1.716646,0.602441,CZE,SWE,830242
4421097,61,208,8733,2020,19241378.0,5276256.0,2.027494,-2.3646689999999997,DEU,SWE,830242
4421098,64,208,8733,2020,4672449.0,2091329.0,1.093217,1.2166549999999998,DNK,SWE,830242
4421099,65,208,8733,2020,0.0,1523.0,0.06500299999999999,0.2812,DOM,SWE,830242
4421100,68,208,8733,2020,0.0,34404.0,-0.186095,1.6414330000000001,EGY,SWE,830242
4421101,71,208,8733,2020,657430.0,199270.0,0.736657,2.731661,ESP,SWE,830242
4421102,72,208,8733,2020,16216.0,428329.0,1.012385,1.305015,EST,SWE,830242
4421103,74,208,8733,2020,94522.0,2188081.0,1.498089,1.066223,FIN,SWE,830242
4421104,77,208,8733,2020,118763.0,394566.0,1.341275,0.8991870000000001,FRA,SWE,830242
4421105,81,208,8733,2020,1206807.0,207710.0,1.6459,0.7702640000000001,GBR,SWE,830242
4421106,90,208,8733,2020,0.0,1392.0,0.199011,1.087811,GRC,SWE,830242
4421107,97,208,8733,2020,409400.0,15836.0,1.070483,1.183618,HKG,SWE,830242
4421108,100,208,8733,2020,0.0,1127.0,0.876001,1.250877,HRV,SWE,830242
4421109,102,208,8733,2020,5868.0,22087.0,1.393152,0.878916,HUN,SWE,830242
4421110,103,208,8733,2020,20854.0,1544.0,-0.16761700000000002,1.571009,IDN,SWE,830242
4421111,104,208,8733,2020,266637.0,7122.0,0.464674,2.838779,IND,SWE,830242
4421112,106,208,8733,2020,0.0,18434.0,1.337791,-0.20829699999999998,IRL,SWE,830242
4421113,109,208,8733,2020,0.0,58237.0,0.27161399999999997,-0.17819200000000002,ISL,SWE,830242
4421114,110,208,8733,2020,0.0,6900.0,1.487557,0.8370920000000001,ISR,SWE,830242
4421115,111,208,8733,2020,2304010.0,892151.0,1.299017,0.701797,ITA,SWE,830242
4421116,114,208,8733,2020,2689.0,3853.0,2.405659,-0.38169000000000003,JPN,SWE,830242
4421117,121,208,8733,2020,6502.0,4936.0,1.9703950000000001,0.800826,KOR,SWE,830242
4421118,122,208,8733,2020,0.0,15168.0,-0.072977,-1.090017,KWT,SWE,830242
4421119,130,208,8733,2020,4578992.0,793735.0,0.9772870000000001,1.291244,LTU,SWE,830242
4421120,131,208,8733,2020,0.0,38252.0,1.197655,1.432727,LUX,SWE,830242
4421121,132,208,8733,2020,237774.0,1540015.0,0.712901,1.119907,LVA,SWE,830242
4421122,134,208,8733,2020,0.0,2338.0,-0.5208510000000001,-0.080499,MAR,SWE,830242
4421123,138,208,8733,2020,0.0,7157.0,0.974514,0.563643,MEX,SWE,830242
4421124,140,208,8733,2020,0.0,8298.0,0.147947,-0.11116500000000001,MKD,SWE,830242
4421125,143,208,8733,2020,0.0,465.0,-0.9993569999999999,-0.298647,MMR,SWE,830242
4421126,153,208,8733,2020,48382.0,0.0,1.185223,0.573439,MYS,SWE,830242
4421127,162,208,8733,2020,139794.0,603489.0,1.035951,1.559401,NLD,SWE,830242
4421128,163,208,8733,2020,1608043.0,3956264.0,0.793459,0.369766,NOR,SWE,830242
4421129,166,208,8733,2020,0.0,48348.0,0.145567,0.070121,NZL,SWE,830242
4421130,177,208,8733,2020,1706735.0,683546.0,1.0227979999999999,1.4079139999999999,POL,SWE,830242
4421131,179,208,8733,2020,0.0,26395.0,0.656999,2.1136470000000003,PRT,SWE,830242
4421132,185,208,8733,2020,15744.0,69099.0,1.13426,0.9767809999999999,ROU,SWE,830242
4421133,186,208,8733,2020,0.0,1629919.0,0.373882,0.42102700000000004,RUS,SWE,830242
4421134,188,208,8733,2020,0.0,2739.0,0.662925,-0.21661999999999998,SAU,SWE,830242
4421135,192,208,8733,2020,1225.0,1394.0,1.948379,0.610574,SGP,SWE,830242
4421136,201,208,8733,2020,0.0,2378.0,0.5868399999999999,1.1187120000000002,SRB,SWE,830242
4421137,206,208,8733,2020,3689262.0,1687068.0,1.338026,0.825268,SVK,SWE,830242
4421138,207,208,8733,2020,16780.0,8656.0,1.570699,0.8442459999999999,SVN,SWE,830242
4421139,216,208,8733,2020,0.0,56523.0,1.035524,1.2777180000000001,THA,SWE,830242
4421140,224,208,8733,2020,644050.0,3713.0,0.590472,2.619866,TUR,SWE,830242
4421141,228,208,8733,2020,59484.0,82663.0,0.383736,0.531328,UKR,SWE,830242
4421142,231,208,8733,2020,54071.0,2051615.0,1.588148,0.380904,USA,SWE,830242
4421143,239,208,8733,2020,260908.0,0.0,0.034229,0.89099,VNM,SWE,830242
4421144,249,208,8733,2020,1992018.0,5896.0,2.0517060000000003,1.205431,TWN,SWE,830242
4421145,7,216,8733,2020,5250.0,123871.0,-0.118349,-0.789485,ARE,THA,830242
4421146,8,216,8733,2020,0.0,964819.0,-0.14746199999999998,0.039795,ARG,THA,830242
4421147,14,216,8733,2020,2923.0,1557900.0,-0.32910500000000004,-0.232963,AUS,THA,830242
4421148,15,216,8733,2020,754122.0,5506.0,1.6711310000000001,0.059096,AUT,THA,830242
4421149,18,216,8733,2020,28489.0,284668.0,1.204632,1.278346,BEL,THA,830242
4421150,22,216,8733,2020,0.0,18330.0,-0.874451,-0.9031309999999999,BGD,THA,830242
4421151,23,216,8733,2020,998.0,0.0,0.6328520000000001,1.8517009999999998,BGR,THA,830242
4421152,26,216,8733,2020,0.0,59871.0,0.5449470000000001,0.91781,BIH,THA,830242
4421153,28,216,8733,2020,0.0,10453.0,0.858776,1.085652,BLR,THA,830242
4421154,32,216,8733,2020,0.0,371495.0,0.054622000000000004,0.532291,BRA,THA,830242
4421155,34,216,8733,2020,0.0,1219.0,0.432569,-0.8083779999999999,BRN,THA,830242
4421156,39,216,8733,2020,0.0,2178310.0,0.609267,1.1890479999999999,CAN,THA,830242
4421157,41,216,8733,2020,98014.0,20191.0,2.184038,0.900965,CHE,THA,830242
4421158,42,216,8733,2020,0.0,5575.0,-0.307923,-0.565983,CHL,THA,830242
4421159,43,216,8733,2020,64207708.0,385923.0,1.187837,1.2237770000000001,CHN,THA,830242
4421160,49,216,8733,2020,0.0,93281.0,0.115954,0.104558,COL,THA,830242
4421161,58,216,8733,2020,0.0,13237.0,0.5354760000000001,-0.069753,CYP,THA,830242
4421162,59,216,8733,2020,29855.0,139770.0,1.716646,0.602441,CZE,THA,830242
4421163,61,216,8733,2020,5640396.0,3555840.0,2.027494,-2.3646689999999997,DEU,THA,830242
4421164,64,216,8733,2020,61849.0,61828.0,1.093217,1.2166549999999998,DNK,THA,830242
4421165,65,216,8733,2020,0.0,3517.0,0.06500299999999999,0.2812,DOM,THA,830242
4421166,67,216,8733,2020,0.0,2475.0,-1.074185,-1.084344,ECU,THA,830242
4421167,68,216,8733,2020,0.0,19321.0,-0.186095,1.6414330000000001,EGY,THA,830242
4421168,71,216,8733,2020,71369.0,312296.0,0.736657,2.731661,ESP,THA,830242
4421169,72,216,8733,2020,0.0,5148.0,1.012385,1.305015,EST,THA,830242
4421170,73,216,8733,2020,0.0,17091.0,-0.952033,-0.707262,ETH,THA,830242
4421171,74,216,8733,2020,0.0,16792.0,1.498089,1.066223,FIN,THA,830242
4421172,75,216,8733,2020,0.0,1927.0,-0.184167,-0.081888,FJI,THA,830242
4421173,77,216,8733,2020,4358.0,7001.0,1.341275,0.8991870000000001,FRA,THA,830242
4421174,81,216,8733,2020,7306.0,221801.0,1.6459,0.7702640000000001,GBR,THA,830242
4421175,83,216,8733,2020,0.0,3741.0,-0.973506,-0.9559139999999999,GHA,THA,830242
4421176,90,216,8733,2020,0.0,39662.0,0.199011,1.087811,GRC,THA,830242
4421177,93,216,8733,2020,0.0,22239.0,-0.32240100000000005,0.542048,GTM,THA,830242
4421178,97,216,8733,2020,37153.0,13481.0,1.070483,1.183618,HKG,THA,830242
4421179,102,216,8733,2020,10154.0,0.0,1.393152,0.878916,HUN,THA,830242
4421180,103,216,8733,2020,49002.0,807649.0,-0.16761700000000002,1.571009,IDN,THA,830242
4421181,104,216,8733,2020,2032.0,525009.0,0.464674,2.838779,IND,THA,830242
4421182,106,216,8733,2020,2296620.0,70196.0,1.337791,-0.20829699999999998,IRL,THA,830242
4421183,109,216,8733,2020,0.0,4543.0,0.27161399999999997,-0.17819200000000002,ISL,THA,830242
4421184,110,216,8733,2020,0.0,47325.0,1.487557,0.8370920000000001,ISR,THA,830242
4421185,111,216,8733,2020,1360416.0,363184.0,1.299017,0.701797,ITA,THA,830242
4421186,114,216,8733,2020,152917.0,478260.0,2.405659,-0.38169000000000003,JPN,THA,830242
4421187,116,216,8733,2020,0.0,970.0,-0.496446,0.562476,KEN,THA,830242
4421188,118,216,8733,2020,2372.0,228741.0,-0.602562,-0.505135,KHM,THA,830242
4421189,121,216,8733,2020,12130.0,100919.0,1.9703950000000001,0.800826,KOR,THA,830242
4421190,122,216,8733,2020,1477.0,2063.0,-0.072977,-1.090017,KWT,THA,830242
4421191,123,216,8733,2020,0.0,95689.0,-0.741151,-0.689088,LAO,THA,830242
4421192,124,216,8733,2020,0.0,1144.0,0.35459,1.067965,LBN,THA,830242
4421193,128,216,8733,2020,0.0,9346.0,-0.48448599999999997,0.5495220000000001,LKA,THA,830242
4421194,130,216,8733,2020,424584.0,48510.0,0.9772870000000001,1.291244,LTU,THA,830242
4421195,132,216,8733,2020,2806.0,0.0,0.712901,1.119907,LVA,THA,830242
4421196,134,216,8733,2020,0.0,4845.0,-0.5208510000000001,-0.080499,MAR,THA,830242
4421197,137,216,8733,2020,0.0,104784.0,-0.68914,-0.844514,MDV,THA,830242
4421198,138,216,8733,2020,12060.0,61903.0,0.974514,0.563643,MEX,THA,830242
4421199,143,216,8733,2020,0.0,345491.0,-0.9993569999999999,-0.298647,MMR,THA,830242
4421200,151,216,8733,2020,0.0,2957.0,-0.048897,0.11543099999999999,MUS,THA,830242
4421201,153,216,8733,2020,206807.0,222213.0,1.185223,0.573439,MYS,THA,830242
4421202,162,216,8733,2020,9541.0,12768.0,1.035951,1.559401,NLD,THA,830242
4421203,163,216,8733,2020,0.0,4071.0,0.793459,0.369766,NOR,THA,830242
4421204,164,216,8733,2020,0.0,2657.0,-0.22803299999999999,0.25111,NPL,THA,830242
4421205,166,216,8733,2020,3075.0,226191.0,0.145567,0.070121,NZL,THA,830242
4421206,167,216,8733,2020,0.0,1075.0,-0.251371,-0.8775299999999999,OMN,THA,830242
4421207,168,216,8733,2020,0.0,174155.0,-0.52984,0.63654,PAK,THA,830242
4421208,174,216,8733,2020,90475.0,138568.0,0.755786,0.24693,PHL,THA,830242
4421209,177,216,8733,2020,14954.0,103253.0,1.0227979999999999,1.4079139999999999,POL,THA,830242
4421210,179,216,8733,2020,0.0,2165.0,0.656999,2.1136470000000003,PRT,THA,830242
4421211,185,216,8733,2020,57653.0,0.0,1.13426,0.9767809999999999,ROU,THA,830242
4421212,186,216,8733,2020,813.0,153539.0,0.373882,0.42102700000000004,RUS,THA,830242
4421213,188,216,8733,2020,0.0,4619.0,0.662925,-0.21661999999999998,SAU,THA,830242
4421214,192,216,8733,2020,144612.0,41622.0,1.948379,0.610574,SGP,THA,830242
4421215,197,216,8733,2020,0.0,22759.0,-0.003327,0.18823399999999998,SLV,THA,830242
4421216,206,216,8733,2020,1424.0,2147697.0,1.338026,0.825268,SVK,THA,830242
4421217,207,216,8733,2020,44192.0,19594.0,1.570699,0.8442459999999999,SVN,THA,830242
4421218,208,216,8733,2020,56523.0,0.0,1.6911310000000002,0.791586,SWE,THA,830242
4421219,224,216,8733,2020,1409.0,18930.0,0.590472,2.619866,TUR,THA,830242
4421220,226,216,8733,2020,0.0,1470.0,-1.024,-0.023909,TZA,THA,830242
4421221,228,216,8733,2020,23969.0,1710.0,0.383736,0.531328,UKR,THA,830242
4421222,231,216,8733,2020,2091574.0,28788632.0,1.588148,0.380904,USA,THA,830242
4421223,239,216,8733,2020,260442.0,197543.0,0.034229,0.89099,VNM,THA,830242
4421224,246,216,8733,2020,0.0,672933.0,0.042099,0.923931,ZAF,THA,830242
4421225,249,216,8733,2020,2115677.0,54491.0,2.0517060000000003,1.205431,TWN,THA,830242
4421226,39,222,8733,2020,16369.0,0.0,0.609267,1.1890479999999999,CAN,TTO,830242
4421227,43,222,8733,2020,747629.0,0.0,1.187837,1.2237770000000001,CHN,TTO,830242
4421228,61,222,8733,2020,6520.0,0.0,2.027494,-2.3646689999999997,DEU,TTO,830242
4421229,81,222,8733,2020,2570.0,0.0,1.6459,0.7702640000000001,GBR,TTO,830242
4421230,91,222,8733,2020,0.0,32617.0,0.285169,-0.284221,GRD,TTO,830242
4421231,96,222,8733,2020,0.0,1919.0,-0.5874159999999999,-0.8020189999999999,GUY,TTO,830242
4421232,104,222,8733,2020,17693.0,0.0,0.464674,2.838779,IND,TTO,830242
4421233,111,222,8733,2020,1315.0,0.0,1.299017,0.701797,ITA,TTO,830242
4421234,231,222,8733,2020,58003.0,0.0,1.588148,0.380904,USA,TTO,830242
4421235,246,222,8733,2020,5888.0,0.0,0.042099,0.923931,ZAF,TTO,830242
4421236,249,222,8733,2020,140686.0,0.0,2.0517060000000003,1.205431,TWN,TTO,830242
4421237,1,224,8733,2020,0.0,101272.0,-1.178987,-0.815577,AFG,TUR,830242
4421238,2,224,8733,2020,0.0,17200.0,-1.7948709999999999,-1.199555,AGO,TUR,830242
4421239,4,224,8733,2020,141383.0,540701.0,-0.265229,0.059049000000000004,ALB,TUR,830242
4421240,7,224,8733,2020,0.0,439028.0,-0.118349,-0.789485,ARE,TUR,830242
4421241,8,224,8733,2020,0.0,2862.0,-0.14746199999999998,0.039795,ARG,TUR,830242
4421242,9,224,8733,2020,0.0,3747.0,-0.129502,-0.671068,ARM,TUR,830242
4421243,14,224,8733,2020,0.0,224767.0,-0.32910500000000004,-0.232963,AUS,TUR,830242
4421244,15,224,8733,2020,17981106.0,117393.0,1.6711310000000001,0.059096,AUT,TUR,830242
4421245,16,224,8733,2020,20385.0,2607317.0,-1.142366,-1.2529190000000001,AZE,TUR,830242
4421246,18,224,8733,2020,35476.0,646668.0,1.204632,1.278346,BEL,TUR,830242
4421247,19,224,8733,2020,0.0,3801.0,-0.467344,-0.686191,BEN,TUR,830242
4421248,23,224,8733,2020,65963.0,4639564.0,0.6328520000000001,1.8517009999999998,BGR,TUR,830242
4421249,24,224,8733,2020,0.0,117474.0,0.379085,-0.634111,BHR,TUR,830242
4421250,26,224,8733,2020,0.0,2013423.0,0.5449470000000001,0.91781,BIH,TUR,830242
4421251,28,224,8733,2020,1846.0,756609.0,0.858776,1.085652,BLR,TUR,830242
4421252,31,224,8733,2020,0.0,6538.0,-0.835558,-0.9611350000000001,BOL,TUR,830242
4421253,32,224,8733,2020,0.0,1060595.0,0.054622000000000004,0.532291,BRA,TUR,830242
4421254,39,224,8733,2020,46587.0,759592.0,0.609267,1.1890479999999999,CAN,TUR,830242
4421255,41,224,8733,2020,169603.0,26284.0,2.184038,0.900965,CHE,TUR,830242
4421256,42,224,8733,2020,0.0,167543.0,-0.307923,-0.565983,CHL,TUR,830242
4421257,43,224,8733,2020,13247007.0,59763.0,1.187837,1.2237770000000001,CHN,TUR,830242
4421258,44,224,8733,2020,0.0,84496.0,-1.2299200000000001,-1.095777,CIV,TUR,830242
4421259,45,224,8733,2020,0.0,12727.0,-1.379365,-1.177022,CMR,TUR,830242
4421260,46,224,8733,2020,0.0,1439.0,-1.538455,-1.1857659999999999,COD,TUR,830242
4421261,49,224,8733,2020,0.0,103863.0,0.115954,0.104558,COL,TUR,830242
4421262,58,224,8733,2020,0.0,1024150.0,0.5354760000000001,-0.069753,CYP,TUR,830242
4421263,59,224,8733,2020,1272302.0,222817.0,1.716646,0.602441,CZE,TUR,830242
4421264,61,224,8733,2020,16051721.0,5162724.0,2.027494,-2.3646689999999997,DEU,TUR,830242
4421265,62,224,8733,2020,0.0,4863.0,-0.493576,-0.808321,DJI,TUR,830242
4421266,64,224,8733,2020,308475.0,153010.0,1.093217,1.2166549999999998,DNK,TUR,830242
4421267,66,224,8733,2020,0.0,2234295.0,-1.015133,-1.243726,DZA,TUR,830242
4421268,67,224,8733,2020,0.0,11434.0,-1.074185,-1.084344,ECU,TUR,830242
4421269,68,224,8733,2020,0.0,6128160.0,-0.186095,1.6414330000000001,EGY,TUR,830242
4421270,71,224,8733,2020,715815.0,3009146.0,0.736657,2.731661,ESP,TUR,830242
4421271,72,224,8733,2020,0.0,61062.0,1.012385,1.305015,EST,TUR,830242
4421272,73,224,8733,2020,0.0,14933.0,-0.952033,-0.707262,ETH,TUR,830242
4421273,74,224,8733,2020,0.0,69890.0,1.498089,1.066223,FIN,TUR,830242
4421274,77,224,8733,2020,173207.0,1305857.0,1.341275,0.8991870000000001,FRA,TUR,830242
4421275,80,224,8733,2020,0.0,1550.0,-1.6422990000000002,-1.207249,GAB,TUR,830242
4421276,81,224,8733,2020,471417.0,2754154.0,1.6459,0.7702640000000001,GBR,TUR,830242
4421277,82,224,8733,2020,0.0,2379102.0,-0.199775,-0.38684,GEO,TUR,830242
4421278,83,224,8733,2020,0.0,94149.0,-0.973506,-0.9559139999999999,GHA,TUR,830242
4421279,85,224,8733,2020,0.0,23504.0,-1.841029,-1.233167,GIN,TUR,830242
4421280,87,224,8733,2020,0.0,40926.0,-1.11216,-0.956471,GMB,TUR,830242
4421281,90,224,8733,2020,0.0,528156.0,0.199011,1.087811,GRC,TUR,830242
4421282,93,224,8733,2020,0.0,1708.0,-0.32240100000000005,0.542048,GTM,TUR,830242
4421283,97,224,8733,2020,0.0,22502.0,1.070483,1.183618,HKG,TUR,830242
4421284,100,224,8733,2020,0.0,449257.0,0.876001,1.250877,HRV,TUR,830242
4421285,102,224,8733,2020,524388.0,614107.0,1.393152,0.878916,HUN,TUR,830242
4421286,103,224,8733,2020,1532.0,8373.0,-0.16761700000000002,1.571009,IDN,TUR,830242
4421287,104,224,8733,2020,308558.0,1213856.0,0.464674,2.838779,IND,TUR,830242
4421288,106,224,8733,2020,0.0,252918.0,1.337791,-0.20829699999999998,IRL,TUR,830242
4421289,107,224,8733,2020,0.0,1570300.0,-0.362286,-0.242846,IRN,TUR,830242
4421290,108,224,8733,2020,0.0,1203531.0,-1.087158,-0.9546389999999999,IRQ,TUR,830242
4421291,109,224,8733,2020,0.0,1549.0,0.27161399999999997,-0.17819200000000002,ISL,TUR,830242
4421292,110,224,8733,2020,709.0,1621020.0,1.487557,0.8370920000000001,ISR,TUR,830242
4421293,111,224,8733,2020,1410427.0,4380282.0,1.299017,0.701797,ITA,TUR,830242
4421294,113,224,8733,2020,0.0,478149.0,-0.060384,0.139902,JOR,TUR,830242
4421295,114,224,8733,2020,221906.0,2745.0,2.405659,-0.38169000000000003,JPN,TUR,830242
4421296,115,224,8733,2020,0.0,597534.0,-0.48361899999999997,-0.626675,KAZ,TUR,830242
4421297,116,224,8733,2020,0.0,111371.0,-0.496446,0.562476,KEN,TUR,830242
4421298,117,224,8733,2020,0.0,159590.0,-0.117317,0.36644,KGZ,TUR,830242
4421299,121,224,8733,2020,1260229.0,70103.0,1.9703950000000001,0.800826,KOR,TUR,830242
4421300,122,224,8733,2020,0.0,103606.0,-0.072977,-1.090017,KWT,TUR,830242
4421301,124,224,8733,2020,0.0,185563.0,0.35459,1.067965,LBN,TUR,830242
4421302,126,224,8733,2020,0.0,837188.0,-1.0431840000000001,-1.187957,LBY,TUR,830242
4421303,128,224,8733,2020,0.0,20862.0,-0.48448599999999997,0.5495220000000001,LKA,TUR,830242
4421304,130,224,8733,2020,182799.0,1008041.0,0.9772870000000001,1.291244,LTU,TUR,830242
4421305,132,224,8733,2020,999111.0,268247.0,0.712901,1.119907,LVA,TUR,830242
4421306,133,224,8733,2020,0.0,530.0,0.464354,0.020065,MAC,TUR,830242
4421307,134,224,8733,2020,13821.0,732582.0,-0.5208510000000001,-0.080499,MAR,TUR,830242
4421308,135,224,8733,2020,0.0,1426866.0,-0.06779199999999999,-0.240851,MDA,TUR,830242
4421309,136,224,8733,2020,0.0,3327.0,-1.206503,-0.709465,MDG,TUR,830242
4421310,138,224,8733,2020,86388.0,18052.0,0.974514,0.563643,MEX,TUR,830242
4421311,140,224,8733,2020,0.0,1051551.0,0.147947,-0.11116500000000001,MKD,TUR,830242
4421312,141,224,8733,2020,0.0,6780.0,-1.309505,-1.1745079999999999,MLI,TUR,830242
4421313,142,224,8733,2020,0.0,216582.0,0.9159309999999999,0.24442199999999997,MLT,TUR,830242
4421314,144,224,8733,2020,0.0,202593.0,0.355595,0.140822,MNE,TUR,830242
4421315,147,224,8733,2020,0.0,4547.0,-1.1186040000000002,-0.974224,MOZ,TUR,830242
4421316,148,224,8733,2020,0.0,25036.0,-1.400894,-1.27631,MRT,TUR,830242
4421317,151,224,8733,2020,0.0,2993.0,-0.048897,0.11543099999999999,MUS,TUR,830242
4421318,153,224,8733,2020,222315.0,61533.0,1.185223,0.573439,MYS,TUR,830242
4421319,157,224,8733,2020,0.0,5261.0,-0.62888,-0.841089,NER,TUR,830242
4421320,159,224,8733,2020,0.0,229408.0,-1.6399299999999999,-1.19536,NGA,TUR,830242
4421321,162,224,8733,2020,496435.0,1264585.0,1.035951,1.559401,NLD,TUR,830242
4421322,163,224,8733,2020,0.0,64196.0,0.793459,0.369766,NOR,TUR,830242
4421323,166,224,8733,2020,0.0,20048.0,0.145567,0.070121,NZL,TUR,830242
4421324,167,224,8733,2020,0.0,38181.0,-0.251371,-0.8775299999999999,OMN,TUR,830242
4421325,168,224,8733,2020,0.0,170296.0,-0.52984,0.63654,PAK,TUR,830242
4421326,173,224,8733,2020,0.0,8379.0,-0.717014,-0.152142,PER,TUR,830242
4421327,174,224,8733,2020,11742.0,1167.0,0.755786,0.24693,PHL,TUR,830242
4421328,177,224,8733,2020,8917651.0,5915688.0,1.0227979999999999,1.4079139999999999,POL,TUR,830242
4421329,179,224,8733,2020,7884.0,266316.0,0.656999,2.1136470000000003,PRT,TUR,830242
4421330,180,224,8733,2020,0.0,1961.0,-0.45920600000000006,-0.930341,PRY,TUR,830242
4421331,181,224,8733,2020,0.0,41051.0,0.162235,0.828319,PSE,TUR,830242
4421332,183,224,8733,2020,0.0,309349.0,-0.028836,-1.0183950000000002,QAT,TUR,830242
4421333,185,224,8733,2020,637814.0,5295756.0,1.13426,0.9767809999999999,ROU,TUR,830242
4421334,186,224,8733,2020,105853.0,8125863.0,0.373882,0.42102700000000004,RUS,TUR,830242
4421335,187,224,8733,2020,0.0,7491.0,-0.923618,-0.975133,RWA,TUR,830242
4421336,188,224,8733,2020,1330.0,1865178.0,0.662925,-0.21661999999999998,SAU,TUR,830242
4421337,190,224,8733,2020,0.0,48997.0,-1.380126,-1.280657,SDN,TUR,830242
4421338,191,224,8733,2020,0.0,29472.0,-0.634185,-0.398728,SEN,TUR,830242
4421339,192,224,8733,2020,0.0,7265.0,1.948379,0.610574,SGP,TUR,830242
4421340,197,224,8733,2020,0.0,1085.0,-0.003327,0.18823399999999998,SLV,TUR,830242
4421341,199,224,8733,2020,0.0,34002.0,-1.26219,-1.0055180000000001,SOM,TUR,830242
4421342,201,224,8733,2020,0.0,2632705.0,0.5868399999999999,1.1187120000000002,SRB,TUR,830242
4421343,206,224,8733,2020,112798.0,5541108.0,1.338026,0.825268,SVK,TUR,830242
4421344,207,224,8733,2020,1709749.0,356217.0,1.570699,0.8442459999999999,SVN,TUR,830242
4421345,208,224,8733,2020,3713.0,644050.0,1.6911310000000002,0.791586,SWE,TUR,830242
4421346,211,224,8733,2020,0.0,6358.0,0.185747,-0.695441,SYC,TUR,830242
4421347,212,224,8733,2020,0.0,27754.0,-0.579237,0.391392,SYR,TUR,830242
4421348,215,224,8733,2020,0.0,2207.0,-0.719535,-0.746202,TGO,TUR,830242
4421349,216,224,8733,2020,18930.0,1409.0,1.035524,1.2777180000000001,THA,TUR,830242
4421350,217,224,8733,2020,0.0,56012.0,-0.73744,-1.0706950000000002,TJK,TUR,830242
4421351,219,224,8733,2020,0.0,320663.0,-0.949525,-1.147622,TKM,TUR,830242
4421352,223,224,8733,2020,4775.0,1886344.0,0.220298,0.454477,TUN,TUR,830242
4421353,226,224,8733,2020,0.0,55570.0,-1.024,-0.023909,TZA,TUR,830242
4421354,227,224,8733,2020,0.0,69012.0,-0.55156,-0.019136,UGA,TUR,830242
4421355,228,224,8733,2020,0.0,1210228.0,0.383736,0.531328,UKR,TUR,830242
4421356,230,224,8733,2020,0.0,18769.0,-0.127375,-0.449032,URY,TUR,830242
4421357,231,224,8733,2020,250539.0,1947782.0,1.588148,0.380904,USA,TUR,830242
4421358,232,224,8733,2020,0.0,1337339.0,-0.309411,0.071414,UZB,TUR,830242
4421359,239,224,8733,2020,24286.0,10493.0,0.034229,0.89099,VNM,TUR,830242
4421360,243,224,8733,2020,0.0,63794.0,-1.130952,-1.137774,YEM,TUR,830242
4421361,246,224,8733,2020,0.0,99234.0,0.042099,0.923931,ZAF,TUR,830242
4421362,247,224,8733,2020,0.0,1667.0,-0.9162379999999999,-0.9523940000000001,ZMB,TUR,830242
4421363,249,224,8733,2020,1227652.0,15524.0,2.0517060000000003,1.205431,TWN,TUR,830242
4421364,250,224,8733,2020,0.0,55765.0,0.866041,-0.371104,ANS,TUR,830242
4421365,8,230,8733,2020,75816.0,0.0,-0.14746199999999998,0.039795,ARG,URY,830242
4421366,15,230,8733,2020,20177.0,0.0,1.6711310000000001,0.059096,AUT,URY,830242
4421367,18,230,8733,2020,1138.0,0.0,1.204632,1.278346,BEL,URY,830242
4421368,32,230,8733,2020,221643.0,6299.0,0.054622000000000004,0.532291,BRA,URY,830242
4421369,39,230,8733,2020,0.0,8655.0,0.609267,1.1890479999999999,CAN,URY,830242
4421370,41,230,8733,2020,5169.0,0.0,2.184038,0.900965,CHE,URY,830242
4421371,42,230,8733,2020,67492.0,0.0,-0.307923,-0.565983,CHL,URY,830242
4421372,43,230,8733,2020,926833.0,0.0,1.187837,1.2237770000000001,CHN,URY,830242
4421373,49,230,8733,2020,0.0,5583.0,0.115954,0.104558,COL,URY,830242
4421374,61,230,8733,2020,142722.0,15986.0,2.027494,-2.3646689999999997,DEU,URY,830242
4421375,71,230,8733,2020,195811.0,0.0,0.736657,2.731661,ESP,URY,830242
4421376,81,230,8733,2020,0.0,13843.0,1.6459,0.7702640000000001,GBR,URY,830242
4421377,97,230,8733,2020,0.0,7516.0,1.070483,1.183618,HKG,URY,830242
4421378,102,230,8733,2020,4756.0,0.0,1.393152,0.878916,HUN,URY,830242
4421379,104,230,8733,2020,1944.0,0.0,0.464674,2.838779,IND,URY,830242
4421380,106,230,8733,2020,0.0,2021.0,1.337791,-0.20829699999999998,IRL,URY,830242
4421381,111,230,8733,2020,21565.0,0.0,1.299017,0.701797,ITA,URY,830242
4421382,114,230,8733,2020,0.0,5277.0,2.405659,-0.38169000000000003,JPN,URY,830242
4421383,138,230,8733,2020,0.0,5436.0,0.974514,0.563643,MEX,URY,830242
4421384,162,230,8733,2020,2742.0,0.0,1.035951,1.559401,NLD,URY,830242
4421385,166,230,8733,2020,0.0,4606.0,0.145567,0.070121,NZL,URY,830242
4421386,177,230,8733,2020,13136.0,0.0,1.0227979999999999,1.4079139999999999,POL,URY,830242
4421387,207,230,8733,2020,1045.0,0.0,1.570699,0.8442459999999999,SVN,URY,830242
4421388,224,230,8733,2020,18769.0,0.0,0.590472,2.619866,TUR,URY,830242
4421389,231,230,8733,2020,2233.0,8620.0,1.588148,0.380904,USA,URY,830242
4421390,239,230,8733,2020,2221.0,0.0,0.034229,0.89099,VNM,URY,830242
4421391,249,230,8733,2020,35522.0,0.0,2.0517060000000003,1.205431,TWN,URY,830242
4421392,0,231,8733,2020,0.0,39715.0,0.725364,-0.244535,ABW,USA,830242
4421393,1,231,8733,2020,0.0,5508.0,-1.178987,-0.815577,AFG,USA,830242
4421394,3,231,8733,2020,0.0,3191.0,1.453992,-0.357415,AIA,USA,830242
4421395,7,231,8733,2020,14156.0,475849.0,-0.118349,-0.789485,ARE,USA,830242
4421396,8,231,8733,2020,3106.0,87815.0,-0.14746199999999998,0.039795,ARG,USA,830242
4421397,9,231,8733,2020,0.0,990.0,-0.129502,-0.671068,ARM,USA,830242
4421398,13,231,8733,2020,0.0,4523.0,-0.210313,-0.811104,ATG,USA,830242
4421399,14,231,8733,2020,378214.0,423732.0,-0.32910500000000004,-0.232963,AUS,USA,830242
4421400,15,231,8733,2020,42462636.0,152789.0,1.6711310000000001,0.059096,AUT,USA,830242
4421401,16,231,8733,2020,0.0,7772.0,-1.142366,-1.2529190000000001,AZE,USA,830242
4421402,18,231,8733,2020,420602.0,90354.0,1.204632,1.278346,BEL,USA,830242
4421403,23,231,8733,2020,144762.0,1753.0,0.6328520000000001,1.8517009999999998,BGR,USA,830242
4421404,24,231,8733,2020,0.0,3886.0,0.379085,-0.634111,BHR,USA,830242
4421405,25,231,8733,2020,0.0,76405.0,-0.273982,-0.7174659999999999,BHS,USA,830242
4421406,28,231,8733,2020,17302.0,2695.0,0.858776,1.085652,BLR,USA,830242
4421407,29,231,8733,2020,0.0,71682.0,-0.145757,-0.59123,BLZ,USA,830242
4421408,30,231,8733,2020,0.0,156070.0,0.6924859999999999,-0.623079,BMU,USA,830242
4421409,31,231,8733,2020,4475.0,5518.0,-0.835558,-0.9611350000000001,BOL,USA,830242
4421410,32,231,8733,2020,435676.0,662214.0,0.054622000000000004,0.532291,BRA,USA,830242
4421411,33,231,8733,2020,0.0,37912.0,0.666435,0.060089,BRB,USA,830242
4421412,34,231,8733,2020,0.0,1690.0,0.432569,-0.8083779999999999,BRN,USA,830242
4421413,39,231,8733,2020,34498224.0,50528264.0,0.609267,1.1890479999999999,CAN,USA,830242
4421414,41,231,8733,2020,6322636.0,104535.0,2.184038,0.900965,CHE,USA,830242
4421415,42,231,8733,2020,7412.0,43532.0,-0.307923,-0.565983,CHL,USA,830242
4421416,43,231,8733,2020,474860512.0,2309803.0,1.187837,1.2237770000000001,CHN,USA,830242
4421417,46,231,8733,2020,0.0,211.0,-1.538455,-1.1857659999999999,COD,USA,830242
4421418,49,231,8733,2020,29898.0,61000.0,0.115954,0.104558,COL,USA,830242
4421419,52,231,8733,2020,1603.0,146200.0,0.303849,-0.114494,CRI,USA,830242
4421420,55,231,8733,2020,0.0,5668.0,0.543866,0.190664,CUW,USA,830242
4421421,57,231,8733,2020,0.0,154602.0,-0.007386,-0.878251,CYM,USA,830242
4421422,58,231,8733,2020,0.0,2650.0,0.5354760000000001,-0.069753,CYP,USA,830242
4421423,59,231,8733,2020,3595249.0,320283.0,1.716646,0.602441,CZE,USA,830242
4421424,61,231,8733,2020,53270312.0,1394996.0,2.027494,-2.3646689999999997,DEU,USA,830242
4421425,62,231,8733,2020,0.0,17320.0,-0.493576,-0.808321,DJI,USA,830242
4421426,64,231,8733,2020,254931.0,37676.0,1.093217,1.2166549999999998,DNK,USA,830242
4421427,65,231,8733,2020,6414.0,179940.0,0.06500299999999999,0.2812,DOM,USA,830242
4421428,67,231,8733,2020,0.0,43387.0,-1.074185,-1.084344,ECU,USA,830242
4421429,68,231,8733,2020,0.0,18644.0,-0.186095,1.6414330000000001,EGY,USA,830242
4421430,71,231,8733,2020,2887276.0,61981.0,0.736657,2.731661,ESP,USA,830242
4421431,72,231,8733,2020,46589.0,7938.0,1.012385,1.305015,EST,USA,830242
4421432,74,231,8733,2020,62413.0,20244.0,1.498089,1.066223,FIN,USA,830242
4421433,75,231,8733,2020,0.0,13284.0,-0.184167,-0.081888,FJI,USA,830242
4421434,77,231,8733,2020,1211239.0,979277.0,1.341275,0.8991870000000001,FRA,USA,830242
4421435,81,231,8733,2020,7464467.0,2118736.0,1.6459,0.7702640000000001,GBR,USA,830242
4421436,89,231,8733,2020,0.0,3478.0,-1.5979940000000001,-0.9529340000000001,GNQ,USA,830242
4421437,90,231,8733,2020,19325.0,0.0,0.199011,1.087811,GRC,USA,830242
4421438,91,231,8733,2020,0.0,4722.0,0.285169,-0.284221,GRD,USA,830242
4421439,93,231,8733,2020,0.0,42218.0,-0.32240100000000005,0.542048,GTM,USA,830242
4421440,96,231,8733,2020,0.0,19042.0,-0.5874159999999999,-0.8020189999999999,GUY,USA,830242
4421441,97,231,8733,2020,570694.0,534284.0,1.070483,1.183618,HKG,USA,830242
4421442,99,231,8733,2020,0.0,338997.0,-0.583329,-0.404227,HND,USA,830242
4421443,100,231,8733,2020,0.0,2101.0,0.876001,1.250877,HRV,USA,830242
4421444,101,231,8733,2020,0.0,17148.0,-1.028076,-0.884073,HTI,USA,830242
4421445,102,231,8733,2020,70352.0,205899.0,1.393152,0.878916,HUN,USA,830242
4421446,103,231,8733,2020,337121.0,318892.0,-0.16761700000000002,1.571009,IDN,USA,830242
4421447,104,231,8733,2020,5808704.0,422041.0,0.464674,2.838779,IND,USA,830242
4421448,106,231,8733,2020,235237.0,65860.0,1.337791,-0.20829699999999998,IRL,USA,830242
4421449,109,231,8733,2020,0.0,3646.0,0.27161399999999997,-0.17819200000000002,ISL,USA,830242
4421450,110,231,8733,2020,295179.0,587170.0,1.487557,0.8370920000000001,ISR,USA,830242
4421451,111,231,8733,2020,17424666.0,249584.0,1.299017,0.701797,ITA,USA,830242
4421452,112,231,8733,2020,0.0,106738.0,-0.21953000000000003,-0.6944899999999999,JAM,USA,830242
4421453,113,231,8733,2020,0.0,11830.0,-0.060384,0.139902,JOR,USA,830242
4421454,114,231,8733,2020,8642991.0,1038626.0,2.405659,-0.38169000000000003,JPN,USA,830242
4421455,115,231,8733,2020,0.0,2375.0,-0.48361899999999997,-0.626675,KAZ,USA,830242
4421456,116,231,8733,2020,0.0,1316.0,-0.496446,0.562476,KEN,USA,830242
4421457,118,231,8733,2020,20309.0,0.0,-0.602562,-0.505135,KHM,USA,830242
4421458,121,231,8733,2020,17292006.0,345268.0,1.9703950000000001,0.800826,KOR,USA,830242
4421459,122,231,8733,2020,0.0,254878.0,-0.072977,-1.090017,KWT,USA,830242
4421460,123,231,8733,2020,0.0,1109.0,-0.741151,-0.689088,LAO,USA,830242
4421461,124,231,8733,2020,0.0,2774.0,0.35459,1.067965,LBN,USA,830242
4421462,126,231,8733,2020,0.0,6952.0,-1.0431840000000001,-1.187957,LBY,USA,830242
4421463,128,231,8733,2020,0.0,4424.0,-0.48448599999999997,0.5495220000000001,LKA,USA,830242
4421464,130,231,8733,2020,249308.0,18961.0,0.9772870000000001,1.291244,LTU,USA,830242
4421465,131,231,8733,2020,0.0,9278.0,1.197655,1.432727,LUX,USA,830242
4421466,132,231,8733,2020,1636891.0,15825.0,0.712901,1.119907,LVA,USA,830242
4421467,133,231,8733,2020,0.0,1392.0,0.464354,0.020065,MAC,USA,830242
4421468,134,231,8733,2020,0.0,1559.0,-0.5208510000000001,-0.080499,MAR,USA,830242
4421469,136,231,8733,2020,0.0,815.0,-1.206503,-0.709465,MDG,USA,830242
4421470,138,231,8733,2020,44025296.0,82164960.0,0.974514,0.563643,MEX,USA,830242
4421471,142,231,8733,2020,0.0,1387.0,0.9159309999999999,0.24442199999999997,MLT,USA,830242
4421472,143,231,8733,2020,3837.0,0.0,-0.9993569999999999,-0.298647,MMR,USA,830242
4421473,145,231,8733,2020,0.0,5747.0,-1.011938,-1.127569,MNG,USA,830242
4421474,148,231,8733,2020,0.0,4539.0,-1.400894,-1.27631,MRT,USA,830242
4421475,149,231,8733,2020,0.0,2928.0,1.401202,-0.46509399999999995,MSR,USA,830242
4421476,152,231,8733,2020,0.0,9103.0,-1.122433,-1.106831,MWI,USA,830242
4421477,153,231,8733,2020,2579389.0,3149818.0,1.185223,0.573439,MYS,USA,830242
4421478,159,231,8733,2020,0.0,12161.0,-1.6399299999999999,-1.19536,NGA,USA,830242
4421479,160,231,8733,2020,0.0,97603.0,-0.9128809999999999,-0.746636,NIC,USA,830242
4421480,162,231,8733,2020,323990.0,657991.0,1.035951,1.559401,NLD,USA,830242
4421481,163,231,8733,2020,118564.0,297718.0,0.793459,0.369766,NOR,USA,830242
4421482,166,231,8733,2020,12994.0,69521.0,0.145567,0.070121,NZL,USA,830242
4421483,168,231,8733,2020,5009.0,0.0,-0.52984,0.63654,PAK,USA,830242
4421484,169,231,8733,2020,0.0,155917.0,0.590821,0.786784,PAN,USA,830242
4421485,173,231,8733,2020,0.0,18487.0,-0.717014,-0.152142,PER,USA,830242
4421486,174,231,8733,2020,854538.0,72593.0,0.755786,0.24693,PHL,USA,830242
4421487,177,231,8733,2020,1388160.0,202401.0,1.0227979999999999,1.4079139999999999,POL,USA,830242
4421488,179,231,8733,2020,186142.0,10551.0,0.656999,2.1136470000000003,PRT,USA,830242
4421489,180,231,8733,2020,0.0,6088.0,-0.45920600000000006,-0.930341,PRY,USA,830242
4421490,182,231,8733,2020,0.0,14146.0,0.640838,-0.11156300000000001,PYF,USA,830242
4421491,183,231,8733,2020,0.0,45287.0,-0.028836,-1.0183950000000002,QAT,USA,830242
4421492,185,231,8733,2020,1836300.0,10361.0,1.13426,0.9767809999999999,ROU,USA,830242
4421493,186,231,8733,2020,2417.0,116413.0,0.373882,0.42102700000000004,RUS,USA,830242
4421494,187,231,8733,2020,17475.0,0.0,-0.923618,-0.975133,RWA,USA,830242
4421495,188,231,8733,2020,0.0,247364.0,0.662925,-0.21661999999999998,SAU,USA,830242
4421496,192,231,8733,2020,78545.0,735920.0,1.948379,0.610574,SGP,USA,830242
4421497,197,231,8733,2020,79297.0,14960.0,-0.003327,0.18823399999999998,SLV,USA,830242
4421498,201,231,8733,2020,77367.0,1737.0,0.5868399999999999,1.1187120000000002,SRB,USA,830242
4421499,203,231,8733,2020,0.0,5475.0,0.327507,-0.46483,STP,USA,830242
4421500,205,231,8733,2020,0.0,3286.0,-0.272244,-0.937541,SUR,USA,830242
4421501,206,231,8733,2020,788142.0,1849.0,1.338026,0.825268,SVK,USA,830242
4421502,207,231,8733,2020,2467361.0,3340.0,1.570699,0.8442459999999999,SVN,USA,830242
4421503,208,231,8733,2020,2051615.0,54071.0,1.6911310000000002,0.791586,SWE,USA,830242
4421504,210,231,8733,2020,0.0,21302.0,1.04788,-0.671874,SXM,USA,830242
4421505,216,231,8733,2020,28788632.0,2091574.0,1.035524,1.2777180000000001,THA,USA,830242
4421506,222,231,8733,2020,0.0,58003.0,0.156566,-0.653656,TTO,USA,830242
4421507,224,231,8733,2020,1947782.0,250539.0,0.590472,2.619866,TUR,USA,830242
4421508,226,231,8733,2020,0.0,776.0,-1.024,-0.023909,TZA,USA,830242
4421509,228,231,8733,2020,4759.0,3931.0,0.383736,0.531328,UKR,USA,830242
4421510,230,231,8733,2020,8620.0,2233.0,-0.127375,-0.449032,URY,USA,830242
4421511,232,231,8733,2020,0.0,2631.0,-0.309411,0.071414,UZB,USA,830242
4421512,234,231,8733,2020,0.0,19048.0,-0.8252809999999999,-0.89407,VCT,USA,830242
4421513,237,231,8733,2020,0.0,19258.0,1.342215,-0.501111,VGB,USA,830242
4421514,239,231,8733,2020,18641366.0,1137517.0,0.034229,0.89099,VNM,USA,830242
4421515,246,231,8733,2020,4008.0,20721.0,0.042099,0.923931,ZAF,USA,830242
4421516,247,231,8733,2020,0.0,3433.0,-0.9162379999999999,-0.9523940000000001,ZMB,USA,830242
4421517,249,231,8733,2020,72934336.0,820996.0,2.0517060000000003,1.205431,TWN,USA,830242
4421518,15,236,8733,2020,289022.0,0.0,1.6711310000000001,0.059096,AUT,VEN,830242
4421519,41,236,8733,2020,6795.0,0.0,2.184038,0.900965,CHE,VEN,830242
4421520,43,236,8733,2020,2700425.0,0.0,1.187837,1.2237770000000001,CHN,VEN,830242
4421521,49,236,8733,2020,124230.0,0.0,0.115954,0.104558,COL,VEN,830242
4421522,61,236,8733,2020,27488.0,0.0,2.027494,-2.3646689999999997,DEU,VEN,830242
4421523,71,236,8733,2020,65903.0,0.0,0.736657,2.731661,ESP,VEN,830242
4421524,111,236,8733,2020,34021.0,0.0,1.299017,0.701797,ITA,VEN,830242
4421525,2,246,8733,2020,0.0,13154.0,-1.7948709999999999,-1.199555,AGO,ZAF,830242
4421526,7,246,8733,2020,1078.0,0.0,-0.118349,-0.789485,ARE,ZAF,830242
4421527,14,246,8733,2020,1172.0,3268.0,-0.32910500000000004,-0.232963,AUS,ZAF,830242
4421528,15,246,8733,2020,2267670.0,0.0,1.6711310000000001,0.059096,AUT,ZAF,830242
4421529,17,246,8733,2020,0.0,2532.0,-0.748203,-0.874817,BDI,ZAF,830242
4421530,18,246,8733,2020,12711.0,0.0,1.204632,1.278346,BEL,ZAF,830242
4421531,23,246,8733,2020,8723.0,0.0,0.6328520000000001,1.8517009999999998,BGR,ZAF,830242
4421532,30,246,8733,2020,0.0,2273.0,0.6924859999999999,-0.623079,BMU,ZAF,830242
4421533,32,246,8733,2020,1443.0,0.0,0.054622000000000004,0.532291,BRA,ZAF,830242
4421534,37,246,8733,2020,86843.0,655449.0,-0.8696219999999999,-1.195627,BWA,ZAF,830242
4421535,39,246,8733,2020,7837.0,0.0,0.609267,1.1890479999999999,CAN,ZAF,830242
4421536,41,246,8733,2020,12098.0,621.0,2.184038,0.900965,CHE,ZAF,830242
4421537,43,246,8733,2020,22912902.0,0.0,1.187837,1.2237770000000001,CHN,ZAF,830242
4421538,46,246,8733,2020,0.0,14660.0,-1.538455,-1.1857659999999999,COD,ZAF,830242
4421539,59,246,8733,2020,6117.0,0.0,1.716646,0.602441,CZE,ZAF,830242
4421540,61,246,8733,2020,1652200.0,8730.0,2.027494,-2.3646689999999997,DEU,ZAF,830242
4421541,64,246,8733,2020,60001.0,0.0,1.093217,1.2166549999999998,DNK,ZAF,830242
4421542,71,246,8733,2020,381800.0,0.0,0.736657,2.731661,ESP,ZAF,830242
4421543,77,246,8733,2020,46723.0,0.0,1.341275,0.8991870000000001,FRA,ZAF,830242
4421544,81,246,8733,2020,45745.0,106399.0,1.6459,0.7702640000000001,GBR,ZAF,830242
4421545,83,246,8733,2020,0.0,1806.0,-0.973506,-0.9559139999999999,GHA,ZAF,830242
4421546,90,246,8733,2020,2061.0,0.0,0.199011,1.087811,GRC,ZAF,830242
4421547,97,246,8733,2020,26993.0,0.0,1.070483,1.183618,HKG,ZAF,830242
4421548,102,246,8733,2020,15947.0,0.0,1.393152,0.878916,HUN,ZAF,830242
4421549,104,246,8733,2020,4775480.0,0.0,0.464674,2.838779,IND,ZAF,830242
4421550,111,246,8733,2020,343684.0,0.0,1.299017,0.701797,ITA,ZAF,830242
4421551,116,246,8733,2020,0.0,14029.0,-0.496446,0.562476,KEN,ZAF,830242
4421552,121,246,8733,2020,23229.0,0.0,1.9703950000000001,0.800826,KOR,ZAF,830242
4421553,129,246,8733,2020,1841.0,194203.0,-0.968781,-0.770512,LSO,ZAF,830242
4421554,136,246,8733,2020,0.0,2938.0,-1.206503,-0.709465,MDG,ZAF,830242
4421555,138,246,8733,2020,10657.0,0.0,0.974514,0.563643,MEX,ZAF,830242
4421556,147,246,8733,2020,33019.0,291599.0,-1.1186040000000002,-0.974224,MOZ,ZAF,830242
4421557,151,246,8733,2020,0.0,72103.0,-0.048897,0.11543099999999999,MUS,ZAF,830242
4421558,152,246,8733,2020,0.0,177237.0,-1.122433,-1.106831,MWI,ZAF,830242
4421559,153,246,8733,2020,17542.0,0.0,1.185223,0.573439,MYS,ZAF,830242
4421560,155,246,8733,2020,2915.0,707692.0,-0.664967,-0.74835,NAM,ZAF,830242
4421561,159,246,8733,2020,0.0,9998.0,-1.6399299999999999,-1.19536,NGA,ZAF,830242
4421562,162,246,8733,2020,33754.0,0.0,1.035951,1.559401,NLD,ZAF,830242
4421563,163,246,8733,2020,15908.0,0.0,0.793459,0.369766,NOR,ZAF,830242
4421564,174,246,8733,2020,4173.0,0.0,0.755786,0.24693,PHL,ZAF,830242
4421565,177,246,8733,2020,33099.0,0.0,1.0227979999999999,1.4079139999999999,POL,ZAF,830242
4421566,179,246,8733,2020,1465.0,0.0,0.656999,2.1136470000000003,PRT,ZAF,830242
4421567,185,246,8733,2020,3602.0,0.0,1.13426,0.9767809999999999,ROU,ZAF,830242
4421568,187,246,8733,2020,0.0,1326.0,-0.923618,-0.975133,RWA,ZAF,830242
4421569,188,246,8733,2020,0.0,1867.0,0.662925,-0.21661999999999998,SAU,ZAF,830242
4421570,192,246,8733,2020,55798.0,0.0,1.948379,0.610574,SGP,ZAF,830242
4421571,201,246,8733,2020,5616.0,0.0,0.5868399999999999,1.1187120000000002,SRB,ZAF,830242
4421572,207,246,8733,2020,157011.0,0.0,1.570699,0.8442459999999999,SVN,ZAF,830242
4421573,209,246,8733,2020,0.0,300134.0,0.289013,-0.556212,SWZ,ZAF,830242
4421574,211,246,8733,2020,0.0,6115.0,0.185747,-0.695441,SYC,ZAF,830242
4421575,216,246,8733,2020,672933.0,0.0,1.035524,1.2777180000000001,THA,ZAF,830242
4421576,222,246,8733,2020,0.0,5888.0,0.156566,-0.653656,TTO,ZAF,830242
4421577,224,246,8733,2020,99234.0,0.0,0.590472,2.619866,TUR,ZAF,830242
4421578,226,246,8733,2020,0.0,79639.0,-1.024,-0.023909,TZA,ZAF,830242
4421579,231,246,8733,2020,20721.0,4008.0,1.588148,0.380904,USA,ZAF,830242
4421580,247,246,8733,2020,0.0,223521.0,-0.9162379999999999,-0.9523940000000001,ZMB,ZAF,830242
4421581,248,246,8733,2020,0.0,373380.0,-1.039532,-1.12853,ZWE,ZAF,830242
4421582,249,246,8733,2020,351561.0,0.0,2.0517060000000003,1.205431,TWN,ZAF,830242
4421583,250,246,8733,2020,11563.0,10456.0,0.866041,-0.371104,ANS,ZAF,830242
4421584,7,249,8733,2020,0.0,666433.0,-0.118349,-0.789485,ARE,TWN,830242
4421585,8,249,8733,2020,0.0,110501.0,-0.14746199999999998,0.039795,ARG,TWN,830242
4421586,14,249,8733,2020,16282.0,4454914.0,-0.32910500000000004,-0.232963,AUS,TWN,830242
4421587,15,249,8733,2020,4046202.0,1504966.0,1.6711310000000001,0.059096,AUT,TWN,830242
4421588,18,249,8733,2020,1165.0,1190106.0,1.204632,1.278346,BEL,TWN,830242
4421589,22,249,8733,2020,0.0,10177.0,-0.874451,-0.9031309999999999,BGD,TWN,830242
4421590,23,249,8733,2020,4483.0,46135.0,0.6328520000000001,1.8517009999999998,BGR,TWN,830242
4421591,24,249,8733,2020,0.0,74717.0,0.379085,-0.634111,BHR,TWN,830242
4421592,26,249,8733,2020,0.0,21726.0,0.5449470000000001,0.91781,BIH,TWN,830242
4421593,28,249,8733,2020,0.0,128396.0,0.858776,1.085652,BLR,TWN,830242
4421594,31,249,8733,2020,0.0,20026.0,-0.835558,-0.9611350000000001,BOL,TWN,830242
4421595,32,249,8733,2020,0.0,288116.0,0.054622000000000004,0.532291,BRA,TWN,830242
4421596,33,249,8733,2020,0.0,2530.0,0.666435,0.060089,BRB,TWN,830242
4421597,34,249,8733,2020,0.0,1051.0,0.432569,-0.8083779999999999,BRN,TWN,830242
4421598,39,249,8733,2020,0.0,12243331.0,0.609267,1.1890479999999999,CAN,TWN,830242
4421599,41,249,8733,2020,251292.0,618156.0,2.184038,0.900965,CHE,TWN,830242
4421600,42,249,8733,2020,0.0,193283.0,-0.307923,-0.565983,CHL,TWN,830242
4421601,43,249,8733,2020,46853396.0,10182142.0,1.187837,1.2237770000000001,CHN,TWN,830242
4421602,49,249,8733,2020,0.0,97389.0,0.115954,0.104558,COL,TWN,830242
4421603,52,249,8733,2020,0.0,157624.0,0.303849,-0.114494,CRI,TWN,830242
4421604,58,249,8733,2020,0.0,46918.0,0.5354760000000001,-0.069753,CYP,TWN,830242
4421605,59,249,8733,2020,34825.0,874760.0,1.716646,0.602441,CZE,TWN,830242
4421606,61,249,8733,2020,2248855.0,14364009.0,2.027494,-2.3646689999999997,DEU,TWN,830242
4421607,64,249,8733,2020,27712.0,1066555.0,1.093217,1.2166549999999998,DNK,TWN,830242
4421608,65,249,8733,2020,0.0,37519.0,0.06500299999999999,0.2812,DOM,TWN,830242
4421609,67,249,8733,2020,0.0,170591.0,-1.074185,-1.084344,ECU,TWN,830242
4421610,68,249,8733,2020,0.0,40006.0,-0.186095,1.6414330000000001,EGY,TWN,830242
4421611,71,249,8733,2020,6726.0,958980.0,0.736657,2.731661,ESP,TWN,830242
4421612,72,249,8733,2020,0.0,116030.0,1.012385,1.305015,EST,TWN,830242
4421613,73,249,8733,2020,0.0,668.0,-0.952033,-0.707262,ETH,TWN,830242
4421614,74,249,8733,2020,0.0,247107.0,1.498089,1.066223,FIN,TWN,830242
4421615,75,249,8733,2020,0.0,2046.0,-0.184167,-0.081888,FJI,TWN,830242
4421616,77,249,8733,2020,6202.0,901677.0,1.341275,0.8991870000000001,FRA,TWN,830242
4421617,81,249,8733,2020,27936.0,4640890.0,1.6459,0.7702640000000001,GBR,TWN,830242
4421618,85,249,8733,2020,0.0,14328.0,-1.841029,-1.233167,GIN,TWN,830242
4421619,90,249,8733,2020,0.0,237601.0,0.199011,1.087811,GRC,TWN,830242
4421620,93,249,8733,2020,0.0,362908.0,-0.32240100000000005,0.542048,GTM,TWN,830242
4421621,95,249,8733,2020,0.0,2285.0,0.27266399999999996,-0.638288,GUM,TWN,830242
4421622,96,249,8733,2020,0.0,2533.0,-0.5874159999999999,-0.8020189999999999,GUY,TWN,830242
4421623,97,249,8733,2020,51706.0,2020513.0,1.070483,1.183618,HKG,TWN,830242
4421624,99,249,8733,2020,0.0,69155.0,-0.583329,-0.404227,HND,TWN,830242
4421625,100,249,8733,2020,0.0,22439.0,0.876001,1.250877,HRV,TWN,830242
4421626,102,249,8733,2020,42092.0,385735.0,1.393152,0.878916,HUN,TWN,830242
4421627,103,249,8733,2020,0.0,1562552.0,-0.16761700000000002,1.571009,IDN,TWN,830242
4421628,104,249,8733,2020,44301.0,3947743.0,0.464674,2.838779,IND,TWN,830242
4421629,106,249,8733,2020,4455.0,115004.0,1.337791,-0.20829699999999998,IRL,TWN,830242
4421630,108,249,8733,2020,0.0,5820.0,-1.087158,-0.9546389999999999,IRQ,TWN,830242
4421631,109,249,8733,2020,0.0,4953.0,0.27161399999999997,-0.17819200000000002,ISL,TWN,830242
4421632,110,249,8733,2020,32537.0,169311.0,1.487557,0.8370920000000001,ISR,TWN,830242
4421633,111,249,8733,2020,2913546.0,1611863.0,1.299017,0.701797,ITA,TWN,830242
4421634,112,249,8733,2020,0.0,239407.0,-0.21953000000000003,-0.6944899999999999,JAM,TWN,830242
4421635,113,249,8733,2020,0.0,22878.0,-0.060384,0.139902,JOR,TWN,830242
4421636,114,249,8733,2020,368354.0,10394889.0,2.405659,-0.38169000000000003,JPN,TWN,830242
4421637,115,249,8733,2020,0.0,23733.0,-0.48361899999999997,-0.626675,KAZ,TWN,830242
4421638,116,249,8733,2020,0.0,19370.0,-0.496446,0.562476,KEN,TWN,830242
4421639,118,249,8733,2020,0.0,3346.0,-0.602562,-0.505135,KHM,TWN,830242
4421640,121,249,8733,2020,79053.0,119716.0,1.9703950000000001,0.800826,KOR,TWN,830242
4421641,122,249,8733,2020,0.0,230779.0,-0.072977,-1.090017,KWT,TWN,830242
4421642,124,249,8733,2020,0.0,3706.0,0.35459,1.067965,LBN,TWN,830242
4421643,128,249,8733,2020,0.0,189254.0,-0.48448599999999997,0.5495220000000001,LKA,TWN,830242
4421644,130,249,8733,2020,28181.0,98911.0,0.9772870000000001,1.291244,LTU,TWN,830242
4421645,131,249,8733,2020,0.0,1283.0,1.197655,1.432727,LUX,TWN,830242
4421646,132,249,8733,2020,0.0,53825.0,0.712901,1.119907,LVA,TWN,830242
4421647,133,249,8733,2020,0.0,4988.0,0.464354,0.020065,MAC,TWN,830242
4421648,134,249,8733,2020,0.0,9064.0,-0.5208510000000001,-0.080499,MAR,TWN,830242
4421649,135,249,8733,2020,0.0,3682.0,-0.06779199999999999,-0.240851,MDA,TWN,830242
4421650,136,249,8733,2020,0.0,1742.0,-1.206503,-0.709465,MDG,TWN,830242
4421651,138,249,8733,2020,12139.0,2157113.0,0.974514,0.563643,MEX,TWN,830242
4421652,140,249,8733,2020,0.0,1516.0,0.147947,-0.11116500000000001,MKD,TWN,830242
4421653,142,249,8733,2020,0.0,1719.0,0.9159309999999999,0.24442199999999997,MLT,TWN,830242
4421654,143,249,8733,2020,22307.0,15305.0,-0.9993569999999999,-0.298647,MMR,TWN,830242
4421655,144,249,8733,2020,0.0,3513.0,0.355595,0.140822,MNE,TWN,830242
4421656,145,249,8733,2020,0.0,1214.0,-1.011938,-1.127569,MNG,TWN,830242
4421657,151,249,8733,2020,0.0,55016.0,-0.048897,0.11543099999999999,MUS,TWN,830242
4421658,153,249,8733,2020,1518.0,884704.0,1.185223,0.573439,MYS,TWN,830242
4421659,156,249,8733,2020,0.0,20355.0,-0.666664,-0.88528,NCL,TWN,830242
4421660,160,249,8733,2020,0.0,7508.0,-0.9128809999999999,-0.746636,NIC,TWN,830242
4421661,162,249,8733,2020,7562.0,1892570.0,1.035951,1.559401,NLD,TWN,830242
4421662,163,249,8733,2020,0.0,616894.0,0.793459,0.369766,NOR,TWN,830242
4421663,166,249,8733,2020,0.0,948371.0,0.145567,0.070121,NZL,TWN,830242
4421664,167,249,8733,2020,0.0,137045.0,-0.251371,-0.8775299999999999,OMN,TWN,830242
4421665,168,249,8733,2020,0.0,19295.0,-0.52984,0.63654,PAK,TWN,830242
4421666,169,249,8733,2020,0.0,113469.0,0.590821,0.786784,PAN,TWN,830242
4421667,173,249,8733,2020,0.0,11135.0,-0.717014,-0.152142,PER,TWN,830242
4421668,174,249,8733,2020,375393.0,554753.0,0.755786,0.24693,PHL,TWN,830242
4421669,177,249,8733,2020,0.0,1046458.0,1.0227979999999999,1.4079139999999999,POL,TWN,830242
4421670,179,249,8733,2020,0.0,42278.0,0.656999,2.1136470000000003,PRT,TWN,830242
4421671,180,249,8733,2020,0.0,963.0,-0.45920600000000006,-0.930341,PRY,TWN,830242
4421672,181,249,8733,2020,0.0,4252.0,0.162235,0.828319,PSE,TWN,830242
4421673,182,249,8733,2020,0.0,30634.0,0.640838,-0.11156300000000001,PYF,TWN,830242
4421674,183,249,8733,2020,0.0,249077.0,-0.028836,-1.0183950000000002,QAT,TWN,830242
4421675,185,249,8733,2020,261692.0,710069.0,1.13426,0.9767809999999999,ROU,TWN,830242
4421676,186,249,8733,2020,0.0,2138850.0,0.373882,0.42102700000000004,RUS,TWN,830242
4421677,188,249,8733,2020,0.0,1829290.0,0.662925,-0.21661999999999998,SAU,TWN,830242
4421678,192,249,8733,2020,452870.0,421666.0,1.948379,0.610574,SGP,TWN,830242
4421679,197,249,8733,2020,0.0,92360.0,-0.003327,0.18823399999999998,SLV,TWN,830242
4421680,201,249,8733,2020,0.0,2794.0,0.5868399999999999,1.1187120000000002,SRB,TWN,830242
4421681,206,249,8733,2020,16815.0,640465.0,1.338026,0.825268,SVK,TWN,830242
4421682,207,249,8733,2020,63882.0,71896.0,1.570699,0.8442459999999999,SVN,TWN,830242
4421683,208,249,8733,2020,5896.0,1992018.0,1.6911310000000002,0.791586,SWE,TWN,830242
4421684,216,249,8733,2020,54491.0,2115677.0,1.035524,1.2777180000000001,THA,TWN,830242
4421685,222,249,8733,2020,0.0,140686.0,0.156566,-0.653656,TTO,TWN,830242
4421686,224,249,8733,2020,15524.0,1227652.0,0.590472,2.619866,TUR,TWN,830242
4421687,226,249,8733,2020,0.0,2925.0,-1.024,-0.023909,TZA,TWN,830242
4421688,227,249,8733,2020,0.0,10162.0,-0.55156,-0.019136,UGA,TWN,830242
4421689,228,249,8733,2020,0.0,39161.0,0.383736,0.531328,UKR,TWN,830242
4421690,230,249,8733,2020,0.0,35522.0,-0.127375,-0.449032,URY,TWN,830242
4421691,231,249,8733,2020,820996.0,72934336.0,1.588148,0.380904,USA,TWN,830242
4421692,239,249,8733,2020,1474416.0,3832383.0,0.034229,0.89099,VNM,TWN,830242
4421693,243,249,8733,2020,0.0,66596.0,-1.130952,-1.137774,YEM,TWN,830242
4421694,246,249,8733,2020,0.0,351561.0,0.042099,0.923931,ZAF,TWN,830242
4421695,250,249,8733,2020,646730.0,0.0,0.866041,-0.371104,ANS,TWN,830242
4421696,0,250,8733,2020,0.0,14534.0,0.725364,-0.244535,ABW,ANS,830242
4421697,14,250,8733,2020,1247.0,9511.0,-0.32910500000000004,-0.232963,AUS,ANS,830242
4421698,28,250,8733,2020,0.0,12436.0,0.858776,1.085652,BLR,ANS,830242
4421699,32,250,8733,2020,0.0,114064.0,0.054622000000000004,0.532291,BRA,ANS,830242
4421700,39,250,8733,2020,0.0,818317.0,0.609267,1.1890479999999999,CAN,ANS,830242
4421701,42,250,8733,2020,0.0,12198.0,-0.307923,-0.565983,CHL,ANS,830242
4421702,52,250,8733,2020,0.0,3814.0,0.303849,-0.114494,CRI,ANS,830242
4421703,59,250,8733,2020,0.0,4870420.0,1.716646,0.602441,CZE,ANS,830242
4421704,61,250,8733,2020,1278.0,0.0,2.027494,-2.3646689999999997,DEU,ANS,830242
4421705,68,250,8733,2020,0.0,122664.0,-0.186095,1.6414330000000001,EGY,ANS,830242
4421706,71,250,8733,2020,0.0,7232.0,0.736657,2.731661,ESP,ANS,830242
4421707,72,250,8733,2020,0.0,2028796.0,1.012385,1.305015,EST,ANS,830242
4421708,77,250,8733,2020,3944.0,9199.0,1.341275,0.8991870000000001,FRA,ANS,830242
4421709,81,250,8733,2020,0.0,231057.0,1.6459,0.7702640000000001,GBR,ANS,830242
4421710,97,250,8733,2020,6782.0,0.0,1.070483,1.183618,HKG,ANS,830242
4421711,100,250,8733,2020,0.0,2938.0,0.876001,1.250877,HRV,ANS,830242
4421712,104,250,8733,2020,0.0,3804.0,0.464674,2.838779,IND,ANS,830242
4421713,106,250,8733,2020,0.0,6001.0,1.337791,-0.20829699999999998,IRL,ANS,830242
4421714,111,250,8733,2020,9204.0,0.0,1.299017,0.701797,ITA,ANS,830242
4421715,113,250,8733,2020,1901.0,0.0,-0.060384,0.139902,JOR,ANS,830242
4421716,115,250,8733,2020,0.0,13450.0,-0.48361899999999997,-0.626675,KAZ,ANS,830242
4421717,122,250,8733,2020,0.0,285896.0,-0.072977,-1.090017,KWT,ANS,830242
4421718,124,250,8733,2020,1876.0,0.0,0.35459,1.067965,LBN,ANS,830242
4421719,131,250,8733,2020,0.0,131810.0,1.197655,1.432727,LUX,ANS,830242
4421720,134,250,8733,2020,15927.0,0.0,-0.5208510000000001,-0.080499,MAR,ANS,830242
4421721,136,250,8733,2020,0.0,2942.0,-1.206503,-0.709465,MDG,ANS,830242
4421722,138,250,8733,2020,0.0,3411.0,0.974514,0.563643,MEX,ANS,830242
4421723,144,250,8733,2020,0.0,1918.0,0.355595,0.140822,MNE,ANS,830242
4421724,162,250,8733,2020,81766.0,393137.0,1.035951,1.559401,NLD,ANS,830242
4421725,166,250,8733,2020,0.0,3444.0,0.145567,0.070121,NZL,ANS,830242
4421726,168,250,8733,2020,0.0,46302.0,-0.52984,0.63654,PAK,ANS,830242
4421727,177,250,8733,2020,0.0,397510.0,1.0227979999999999,1.4079139999999999,POL,ANS,830242
4421728,180,250,8733,2020,0.0,1128.0,-0.45920600000000006,-0.930341,PRY,ANS,830242
4421729,182,250,8733,2020,0.0,1980.0,0.640838,-0.11156300000000001,PYF,ANS,830242
4421730,186,250,8733,2020,0.0,8133.0,0.373882,0.42102700000000004,RUS,ANS,830242
4421731,206,250,8733,2020,11685.0,5331815.0,1.338026,0.825268,SVK,ANS,830242
4421732,207,250,8733,2020,0.0,2489786.0,1.570699,0.8442459999999999,SVN,ANS,830242
4421733,224,250,8733,2020,55765.0,0.0,0.590472,2.619866,TUR,ANS,830242
4421734,246,250,8733,2020,10456.0,11563.0,0.042099,0.923931,ZAF,ANS,830242
4421735,249,250,8733,2020,0.0,646730.0,2.0517060000000003,1.205431,TWN,ANS,830242
4421736,7,9,8733,2020,33259.0,0.0,-0.118349,-0.789485,ARE,ARM,830242
4421737,15,9,8733,2020,359748.0,0.0,1.6711310000000001,0.059096,AUT,ARM,830242
4421738,23,9,8733,2020,40603.0,0.0,0.6328520000000001,1.8517009999999998,BGR,ARM,830242
4421739,28,9,8733,2020,10953.0,0.0,0.858776,1.085652,BLR,ARM,830242
4421740,43,9,8733,2020,170088.0,0.0,1.187837,1.2237770000000001,CHN,ARM,830242
4421741,61,9,8733,2020,39427.0,0.0,2.027494,-2.3646689999999997,DEU,ARM,830242
4421742,64,9,8733,2020,7862.0,0.0,1.093217,1.2166549999999998,DNK,ARM,830242
4421743,71,9,8733,2020,4441.0,0.0,0.736657,2.731661,ESP,ARM,830242
4421744,81,9,8733,2020,1383.0,0.0,1.6459,0.7702640000000001,GBR,ARM,830242
4421745,82,9,8733,2020,77320.0,0.0,-0.199775,-0.38684,GEO,ARM,830242
4421746,102,9,8733,2020,32912.0,0.0,1.393152,0.878916,HUN,ARM,830242
4421747,107,9,8733,2020,13464.0,0.0,-0.362286,-0.242846,IRN,ARM,830242
4421748,111,9,8733,2020,156590.0,0.0,1.299017,0.701797,ITA,ARM,830242
4421749,130,9,8733,2020,2688.0,0.0,0.9772870000000001,1.291244,LTU,ARM,830242
4421750,162,9,8733,2020,11888.0,0.0,1.035951,1.559401,NLD,ARM,830242
4421751,174,9,8733,2020,485.0,0.0,0.755786,0.24693,PHL,ARM,830242
4421752,177,9,8733,2020,22241.0,0.0,1.0227979999999999,1.4079139999999999,POL,ARM,830242
4421753,186,9,8733,2020,460402.0,21133.0,0.373882,0.42102700000000004,RUS,ARM,830242
4421754,201,9,8733,2020,1432.0,0.0,0.5868399999999999,1.1187120000000002,SRB,ARM,830242
4421755,207,9,8733,2020,13567.0,0.0,1.570699,0.8442459999999999,SVN,ARM,830242
4421756,224,9,8733,2020,3747.0,0.0,0.590472,2.619866,TUR,ARM,830242
4421757,231,9,8733,2020,990.0,0.0,1.588148,0.380904,USA,ARM,830242
4421758,7,14,8733,2020,0.0,11721.0,-0.118349,-0.789485,ARE,AUS,830242
4421759,15,14,8733,2020,39572388.0,0.0,1.6711310000000001,0.059096,AUT,AUS,830242
4421760,18,14,8733,2020,142002.0,4857.0,1.204632,1.278346,BEL,AUS,830242
4421761,23,14,8733,2020,1978.0,0.0,0.6328520000000001,1.8517009999999998,BGR,AUS,830242
4421762,32,14,8733,2020,3307.0,0.0,0.054622000000000004,0.532291,BRA,AUS,830242
4421763,34,14,8733,2020,0.0,1936.0,0.432569,-0.8083779999999999,BRN,AUS,830242
4421764,39,14,8733,2020,43572.0,18345.0,0.609267,1.1890479999999999,CAN,AUS,830242
4421765,41,14,8733,2020,1747906.0,6560.0,2.184038,0.900965,CHE,AUS,830242
4421766,43,14,8733,2020,40095640.0,13893.0,1.187837,1.2237770000000001,CHN,AUS,830242
4421767,59,14,8733,2020,100397.0,303774.0,1.716646,0.602441,CZE,AUS,830242
4421768,61,14,8733,2020,9252363.0,32040.0,2.027494,-2.3646689999999997,DEU,AUS,830242
4421769,64,14,8733,2020,511362.0,0.0,1.093217,1.2166549999999998,DNK,AUS,830242
4421770,71,14,8733,2020,950487.0,12210.0,0.736657,2.731661,ESP,AUS,830242
4421771,74,14,8733,2020,0.0,3816.0,1.498089,1.066223,FIN,AUS,830242
4421772,75,14,8733,2020,0.0,5171.0,-0.184167,-0.081888,FJI,AUS,830242
4421773,77,14,8733,2020,234162.0,1187.0,1.341275,0.8991870000000001,FRA,AUS,830242
4421774,81,14,8733,2020,655194.0,4031.0,1.6459,0.7702640000000001,GBR,AUS,830242
4421775,90,14,8733,2020,17164.0,0.0,0.199011,1.087811,GRC,AUS,830242
4421776,93,14,8733,2020,0.0,2402.0,-0.32240100000000005,0.542048,GTM,AUS,830242
4421777,97,14,8733,2020,309480.0,22025.0,1.070483,1.183618,HKG,AUS,830242
4421778,102,14,8733,2020,208718.0,0.0,1.393152,0.878916,HUN,AUS,830242
4421779,103,14,8733,2020,51183.0,7763.0,-0.16761700000000002,1.571009,IDN,AUS,830242
4421780,104,14,8733,2020,688690.0,0.0,0.464674,2.838779,IND,AUS,830242
4421781,106,14,8733,2020,1590.0,0.0,1.337791,-0.20829699999999998,IRL,AUS,830242
4421782,110,14,8733,2020,1136.0,0.0,1.487557,0.8370920000000001,ISR,AUS,830242
4421783,111,14,8733,2020,3059860.0,0.0,1.299017,0.701797,ITA,AUS,830242
4421784,114,14,8733,2020,84951.0,0.0,2.405659,-0.38169000000000003,JPN,AUS,830242
4421785,118,14,8733,2020,59756.0,0.0,-0.602562,-0.505135,KHM,AUS,830242
4421786,121,14,8733,2020,7583.0,80004.0,1.9703950000000001,0.800826,KOR,AUS,830242
4421787,122,14,8733,2020,0.0,15869.0,-0.072977,-1.090017,KWT,AUS,830242
4421788,128,14,8733,2020,15565.0,0.0,-0.48448599999999997,0.5495220000000001,LKA,AUS,830242
4421789,130,14,8733,2020,15163.0,0.0,0.9772870000000001,1.291244,LTU,AUS,830242
4421790,132,14,8733,2020,1277.0,0.0,0.712901,1.119907,LVA,AUS,830242
4421791,138,14,8733,2020,168183.0,7965.0,0.974514,0.563643,MEX,AUS,830242
4421792,153,14,8733,2020,3520808.0,17364.0,1.185223,0.573439,MYS,AUS,830242
4421793,156,14,8733,2020,0.0,22358.0,-0.666664,-0.88528,NCL,AUS,830242
4421794,162,14,8733,2020,104632.0,0.0,1.035951,1.559401,NLD,AUS,830242
4421795,163,14,8733,2020,0.0,20493.0,0.793459,0.369766,NOR,AUS,830242
4421796,166,14,8733,2020,567431.0,391878.0,0.145567,0.070121,NZL,AUS,830242
4421797,168,14,8733,2020,0.0,5437.0,-0.52984,0.63654,PAK,AUS,830242
4421798,174,14,8733,2020,42407.0,0.0,0.755786,0.24693,PHL,AUS,830242
4421799,176,14,8733,2020,0.0,51323.0,-1.526134,-1.191965,PNG,AUS,830242
4421800,177,14,8733,2020,18195.0,0.0,1.0227979999999999,1.4079139999999999,POL,AUS,830242
4421801,179,14,8733,2020,5974.0,0.0,0.656999,2.1136470000000003,PRT,AUS,830242
4421802,182,14,8733,2020,0.0,2090.0,0.640838,-0.11156300000000001,PYF,AUS,830242
4421803,185,14,8733,2020,24274.0,0.0,1.13426,0.9767809999999999,ROU,AUS,830242
4421804,186,14,8733,2020,4747.0,0.0,0.373882,0.42102700000000004,RUS,AUS,830242
4421805,188,14,8733,2020,0.0,35661.0,0.662925,-0.21661999999999998,SAU,AUS,830242
4421806,192,14,8733,2020,62294.0,14628.0,1.948379,0.610574,SGP,AUS,830242
4421807,201,14,8733,2020,139488.0,0.0,0.5868399999999999,1.1187120000000002,SRB,AUS,830242
4421808,206,14,8733,2020,10371.0,0.0,1.338026,0.825268,SVK,AUS,830242
4421809,207,14,8733,2020,384743.0,634.0,1.570699,0.8442459999999999,SVN,AUS,830242
4421810,208,14,8733,2020,8094.0,1868.0,1.6911310000000002,0.791586,SWE,AUS,830242
4421811,216,14,8733,2020,1557900.0,2923.0,1.035524,1.2777180000000001,THA,AUS,830242
4421812,220,14,8733,2020,0.0,3638.0,-0.662555,-0.8795129999999999,TLS,AUS,830242
4421813,224,14,8733,2020,224767.0,0.0,0.590472,2.619866,TUR,AUS,830242
4421814,231,14,8733,2020,423732.0,378214.0,1.588148,0.380904,USA,AUS,830242
4421815,239,14,8733,2020,680112.0,21531.0,0.034229,0.89099,VNM,AUS,830242
4421816,240,14,8733,2020,0.0,3313.0,-1.469494,-0.991857,VUT,AUS,830242
4421817,242,14,8733,2020,0.0,113335.0,0.875817,-0.056116,WSM,AUS,830242
4421818,246,14,8733,2020,3268.0,1172.0,0.042099,0.923931,ZAF,AUS,830242
4421819,249,14,8733,2020,4454914.0,16282.0,2.0517060000000003,1.205431,TWN,AUS,830242
4421820,250,14,8733,2020,9511.0,1247.0,0.866041,-0.371104,ANS,AUS,830242
4421821,7,16,8733,2020,18051.0,0.0,-0.118349,-0.789485,ARE,AZE,830242
4421822,15,16,8733,2020,303125.0,0.0,1.6711310000000001,0.059096,AUT,AZE,830242
4421823,28,16,8733,2020,91244.0,0.0,0.858776,1.085652,BLR,AZE,830242
4421824,32,16,8733,2020,737.0,0.0,0.054622000000000004,0.532291,BRA,AZE,830242
4421825,43,16,8733,2020,775300.0,0.0,1.187837,1.2237770000000001,CHN,AZE,830242
4421826,59,16,8733,2020,8869.0,0.0,1.716646,0.602441,CZE,AZE,830242
4421827,61,16,8733,2020,93536.0,0.0,2.027494,-2.3646689999999997,DEU,AZE,830242
4421828,64,16,8733,2020,2174.0,0.0,1.093217,1.2166549999999998,DNK,AZE,830242
4421829,71,16,8733,2020,49510.0,0.0,0.736657,2.731661,ESP,AZE,830242
4421830,77,16,8733,2020,32860.0,0.0,1.341275,0.8991870000000001,FRA,AZE,830242
4421831,81,16,8733,2020,188061.0,0.0,1.6459,0.7702640000000001,GBR,AZE,830242
4421832,82,16,8733,2020,0.0,6929.0,-0.199775,-0.38684,GEO,AZE,830242
4421833,97,16,8733,2020,8060.0,0.0,1.070483,1.183618,HKG,AZE,830242
4421834,107,16,8733,2020,11209.0,0.0,-0.362286,-0.242846,IRN,AZE,830242
4421835,111,16,8733,2020,72547.0,0.0,1.299017,0.701797,ITA,AZE,830242
4421836,114,16,8733,2020,4923.0,0.0,2.405659,-0.38169000000000003,JPN,AZE,830242
4421837,162,16,8733,2020,113228.0,0.0,1.035951,1.559401,NLD,AZE,830242
4421838,185,16,8733,2020,1379.0,0.0,1.13426,0.9767809999999999,ROU,AZE,830242
4421839,186,16,8733,2020,54564.0,0.0,0.373882,0.42102700000000004,RUS,AZE,830242
4421840,224,16,8733,2020,2607317.0,20385.0,0.590472,2.619866,TUR,AZE,830242
4421841,228,16,8733,2020,261394.0,0.0,0.383736,0.531328,UKR,AZE,830242
4421842,231,16,8733,2020,7772.0,0.0,1.588148,0.380904,USA,AZE,830242
4421843,9,28,8733,2020,0.0,10953.0,-0.129502,-0.671068,ARM,BLR,830242
4421844,15,28,8733,2020,4484632.0,0.0,1.6711310000000001,0.059096,AUT,BLR,830242
4421845,16,28,8733,2020,0.0,91244.0,-1.142366,-1.2529190000000001,AZE,BLR,830242
4421846,18,28,8733,2020,119379.0,0.0,1.204632,1.278346,BEL,BLR,830242
4421847,41,28,8733,2020,4555.0,0.0,2.184038,0.900965,CHE,BLR,830242
4421848,43,28,8733,2020,2584280.0,0.0,1.187837,1.2237770000000001,CHN,BLR,830242
4421849,59,28,8733,2020,321591.0,0.0,1.716646,0.602441,CZE,BLR,830242
4421850,61,28,8733,2020,3785891.0,1606.0,2.027494,-2.3646689999999997,DEU,BLR,830242
4421851,64,28,8733,2020,191187.0,0.0,1.093217,1.2166549999999998,DNK,BLR,830242
4421852,71,28,8733,2020,295508.0,0.0,0.736657,2.731661,ESP,BLR,830242
4421853,72,28,8733,2020,46536.0,0.0,1.012385,1.305015,EST,BLR,830242
4421854,77,28,8733,2020,31252.0,8012.0,1.341275,0.8991870000000001,FRA,BLR,830242
4421855,81,28,8733,2020,3165.0,0.0,1.6459,0.7702640000000001,GBR,BLR,830242
4421856,102,28,8733,2020,64787.0,0.0,1.393152,0.878916,HUN,BLR,830242
4421857,104,28,8733,2020,9844.0,0.0,0.464674,2.838779,IND,BLR,830242
4421858,111,28,8733,2020,730661.0,3018.0,1.299017,0.701797,ITA,BLR,830242
4421859,114,28,8733,2020,1024.0,0.0,2.405659,-0.38169000000000003,JPN,BLR,830242
4421860,115,28,8733,2020,0.0,90211.0,-0.48361899999999997,-0.626675,KAZ,BLR,830242
4421861,117,28,8733,2020,0.0,53006.0,-0.117317,0.36644,KGZ,BLR,830242
4421862,130,28,8733,2020,2003987.0,380622.0,0.9772870000000001,1.291244,LTU,BLR,830242
4421863,132,28,8733,2020,0.0,1672.0,0.712901,1.119907,LVA,BLR,830242
4421864,135,28,8733,2020,0.0,1670.0,-0.06779199999999999,-0.240851,MDA,BLR,830242
4421865,138,28,8733,2020,402.0,0.0,0.974514,0.563643,MEX,BLR,830242
4421866,162,28,8733,2020,14121.0,0.0,1.035951,1.559401,NLD,BLR,830242
4421867,177,28,8733,2020,12603120.0,295334.0,1.0227979999999999,1.4079139999999999,POL,BLR,830242
4421868,186,28,8733,2020,3519086.0,4962942.0,0.373882,0.42102700000000004,RUS,BLR,830242
4421869,201,28,8733,2020,0.0,53272.0,0.5868399999999999,1.1187120000000002,SRB,BLR,830242
4421870,206,28,8733,2020,3384469.0,0.0,1.338026,0.825268,SVK,BLR,830242
4421871,207,28,8733,2020,171210.0,0.0,1.570699,0.8442459999999999,SVN,BLR,830242
4421872,208,28,8733,2020,40509.0,0.0,1.6911310000000002,0.791586,SWE,BLR,830242
4421873,216,28,8733,2020,10453.0,0.0,1.035524,1.2777180000000001,THA,BLR,830242
4421874,224,28,8733,2020,756609.0,1846.0,0.590472,2.619866,TUR,BLR,830242
4421875,228,28,8733,2020,1196551.0,69068.0,0.383736,0.531328,UKR,BLR,830242
4421876,231,28,8733,2020,2695.0,17302.0,1.588148,0.380904,USA,BLR,830242
4421877,232,28,8733,2020,0.0,26793.0,-0.309411,0.071414,UZB,BLR,830242
4421878,239,28,8733,2020,24230.0,0.0,0.034229,0.89099,VNM,BLR,830242
4421879,249,28,8733,2020,128396.0,0.0,2.0517060000000003,1.205431,TWN,BLR,830242
4421880,250,28,8733,2020,12436.0,0.0,0.866041,-0.371104,ANS,BLR,830242
4421881,7,58,8733,2020,13465.0,0.0,-0.118349,-0.789485,ARE,CYP,830242
4421882,15,58,8733,2020,380854.0,0.0,1.6711310000000001,0.059096,AUT,CYP,830242
4421883,23,58,8733,2020,155723.0,0.0,0.6328520000000001,1.8517009999999998,BGR,CYP,830242
4421884,41,58,8733,2020,47216.0,0.0,2.184038,0.900965,CHE,CYP,830242
4421885,43,58,8733,2020,763038.0,0.0,1.187837,1.2237770000000001,CHN,CYP,830242
4421886,61,58,8733,2020,220018.0,1311.0,2.027494,-2.3646689999999997,DEU,CYP,830242
4421887,64,58,8733,2020,7573.0,0.0,1.093217,1.2166549999999998,DNK,CYP,830242
4421888,71,58,8733,2020,171066.0,0.0,0.736657,2.731661,ESP,CYP,830242
4421889,77,58,8733,2020,2158.0,0.0,1.341275,0.8991870000000001,FRA,CYP,830242
4421890,81,58,8733,2020,6591.0,0.0,1.6459,0.7702640000000001,GBR,CYP,830242
4421891,90,58,8733,2020,1574920.0,1872.0,0.199011,1.087811,GRC,CYP,830242
4421892,97,58,8733,2020,145201.0,0.0,1.070483,1.183618,HKG,CYP,830242
4421893,102,58,8733,2020,0.0,2401.0,1.393152,0.878916,HUN,CYP,830242
4421894,104,58,8733,2020,62272.0,0.0,0.464674,2.838779,IND,CYP,830242
4421895,110,58,8733,2020,0.0,262295.0,1.487557,0.8370920000000001,ISR,CYP,830242
4421896,111,58,8733,2020,626893.0,0.0,1.299017,0.701797,ITA,CYP,830242
4421897,124,58,8733,2020,0.0,25861.0,0.35459,1.067965,LBN,CYP,830242
4421898,130,58,8733,2020,5290.0,0.0,0.9772870000000001,1.291244,LTU,CYP,830242
4421899,153,58,8733,2020,21701.0,0.0,1.185223,0.573439,MYS,CYP,830242
4421900,162,58,8733,2020,285985.0,0.0,1.035951,1.559401,NLD,CYP,830242
4421901,174,58,8733,2020,4904.0,0.0,0.755786,0.24693,PHL,CYP,830242
4421902,177,58,8733,2020,32615.0,0.0,1.0227979999999999,1.4079139999999999,POL,CYP,830242
4421903,179,58,8733,2020,137793.0,0.0,0.656999,2.1136470000000003,PRT,CYP,830242
4421904,186,58,8733,2020,36763.0,0.0,0.373882,0.42102700000000004,RUS,CYP,830242
4421905,207,58,8733,2020,16912.0,0.0,1.570699,0.8442459999999999,SVN,CYP,830242
4421906,208,58,8733,2020,2965.0,0.0,1.6911310000000002,0.791586,SWE,CYP,830242
4421907,216,58,8733,2020,13237.0,0.0,1.035524,1.2777180000000001,THA,CYP,830242
4421908,224,58,8733,2020,1024150.0,0.0,0.590472,2.619866,TUR,CYP,830242
4421909,231,58,8733,2020,2650.0,0.0,1.588148,0.380904,USA,CYP,830242
4421910,249,58,8733,2020,46918.0,0.0,2.0517060000000003,1.205431,TWN,CYP,830242
4421911,4,59,8733,2020,0.0,2163.0,-0.265229,0.059049000000000004,ALB,CZE,830242
4421912,7,59,8733,2020,0.0,423582.0,-0.118349,-0.789485,ARE,CZE,830242
4421913,8,59,8733,2020,0.0,171954.0,-0.14746199999999998,0.039795,ARG,CZE,830242
4421914,14,59,8733,2020,303774.0,100397.0,-0.32910500000000004,-0.232963,AUS,CZE,830242
4421915,15,59,8733,2020,37283084.0,3107358.0,1.6711310000000001,0.059096,AUT,CZE,830242
4421916,16,59,8733,2020,0.0,8869.0,-1.142366,-1.2529190000000001,AZE,CZE,830242
4421917,18,59,8733,2020,246648.0,49077.0,1.204632,1.278346,BEL,CZE,830242
4421918,23,59,8733,2020,8236.0,34452.0,0.6328520000000001,1.8517009999999998,BGR,CZE,830242
4421919,24,59,8733,2020,0.0,2618.0,0.379085,-0.634111,BHR,CZE,830242
4421920,26,59,8733,2020,5070.0,6699.0,0.5449470000000001,0.91781,BIH,CZE,830242
4421921,28,59,8733,2020,0.0,321591.0,0.858776,1.085652,BLR,CZE,830242
4421922,32,59,8733,2020,0.0,1387526.0,0.054622000000000004,0.532291,BRA,CZE,830242
4421923,34,59,8733,2020,0.0,4010.0,0.432569,-0.8083779999999999,BRN,CZE,830242
4421924,39,59,8733,2020,0.0,214784.0,0.609267,1.1890479999999999,CAN,CZE,830242
4421925,41,59,8733,2020,139751.0,61382.0,2.184038,0.900965,CHE,CZE,830242
4421926,43,59,8733,2020,7401262.0,4686568.0,1.187837,1.2237770000000001,CHN,CZE,830242
4421927,61,59,8733,2020,43453640.0,46146024.0,2.027494,-2.3646689999999997,DEU,CZE,830242
4421928,64,59,8733,2020,241216.0,257568.0,1.093217,1.2166549999999998,DNK,CZE,830242
4421929,68,59,8733,2020,0.0,77972.0,-0.186095,1.6414330000000001,EGY,CZE,830242
4421930,71,59,8733,2020,241654.0,514846.0,0.736657,2.731661,ESP,CZE,830242
4421931,72,59,8733,2020,51344.0,23790.0,1.012385,1.305015,EST,CZE,830242
4421932,74,59,8733,2020,0.0,527280.0,1.498089,1.066223,FIN,CZE,830242
4421933,77,59,8733,2020,588691.0,190948.0,1.341275,0.8991870000000001,FRA,CZE,830242
4421934,81,59,8733,2020,618398.0,6395422.0,1.6459,0.7702640000000001,GBR,CZE,830242
4421935,90,59,8733,2020,1544.0,87038.0,0.199011,1.087811,GRC,CZE,830242
4421936,97,59,8733,2020,46950.0,241259.0,1.070483,1.183618,HKG,CZE,830242
4421937,100,59,8733,2020,5739.0,59099.0,0.876001,1.250877,HRV,CZE,830242
4421938,102,59,8733,2020,20420.0,1958671.0,1.393152,0.878916,HUN,CZE,830242
4421939,103,59,8733,2020,3162.0,1718.0,-0.16761700000000002,1.571009,IDN,CZE,830242
4421940,104,59,8733,2020,379315.0,365370.0,0.464674,2.838779,IND,CZE,830242
4421941,106,59,8733,2020,2522.0,19633.0,1.337791,-0.20829699999999998,IRL,CZE,830242
4421942,109,59,8733,2020,0.0,983.0,0.27161399999999997,-0.17819200000000002,ISL,CZE,830242
4421943,110,59,8733,2020,0.0,33200.0,1.487557,0.8370920000000001,ISR,CZE,830242
4421944,111,59,8733,2020,2036150.0,1929204.0,1.299017,0.701797,ITA,CZE,830242
4421945,113,59,8733,2020,0.0,44879.0,-0.060384,0.139902,JOR,CZE,830242
4421946,114,59,8733,2020,19984.0,34813.0,2.405659,-0.38169000000000003,JPN,CZE,830242
4421947,115,59,8733,2020,6898.0,62714.0,-0.48361899999999997,-0.626675,KAZ,CZE,830242
4421948,121,59,8733,2020,7668305.0,211342.0,1.9703950000000001,0.800826,KOR,CZE,830242
4421949,122,59,8733,2020,0.0,39353.0,-0.072977,-1.090017,KWT,CZE,830242
4421950,128,59,8733,2020,0.0,17066.0,-0.48448599999999997,0.5495220000000001,LKA,CZE,830242
4421951,130,59,8733,2020,250368.0,539237.0,0.9772870000000001,1.291244,LTU,CZE,830242
4421952,131,59,8733,2020,7548.0,5905.0,1.197655,1.432727,LUX,CZE,830242
4421953,132,59,8733,2020,68100.0,8966.0,0.712901,1.119907,LVA,CZE,830242
4421954,133,59,8733,2020,0.0,1506.0,0.464354,0.020065,MAC,CZE,830242
4421955,134,59,8733,2020,0.0,6130.0,-0.5208510000000001,-0.080499,MAR,CZE,830242
4421956,135,59,8733,2020,0.0,35112.0,-0.06779199999999999,-0.240851,MDA,CZE,830242
4421957,138,59,8733,2020,93904.0,1459268.0,0.974514,0.563643,MEX,CZE,830242
4421958,140,59,8733,2020,0.0,47156.0,0.147947,-0.11116500000000001,MKD,CZE,830242
4421959,142,59,8733,2020,0.0,4573.0,0.9159309999999999,0.24442199999999997,MLT,CZE,830242
4421960,145,59,8733,2020,0.0,6081.0,-1.011938,-1.127569,MNG,CZE,830242
4421961,153,59,8733,2020,13377.0,19141.0,1.185223,0.573439,MYS,CZE,830242
4421962,156,59,8733,2020,0.0,3810.0,-0.666664,-0.88528,NCL,CZE,830242
4421963,160,59,8733,2020,0.0,1002.0,-0.9128809999999999,-0.746636,NIC,CZE,830242
4421964,162,59,8733,2020,261525.0,464522.0,1.035951,1.559401,NLD,CZE,830242
4421965,163,59,8733,2020,0.0,411817.0,0.793459,0.369766,NOR,CZE,830242
4421966,164,59,8733,2020,0.0,6115.0,-0.22803299999999999,0.25111,NPL,CZE,830242
4421967,166,59,8733,2020,0.0,17907.0,0.145567,0.070121,NZL,CZE,830242
4421968,174,59,8733,2020,995493.0,26953.0,0.755786,0.24693,PHL,CZE,830242
4421969,177,59,8733,2020,20029174.0,7152570.0,1.0227979999999999,1.4079139999999999,POL,CZE,830242
4421970,179,59,8733,2020,382623.0,25071.0,0.656999,2.1136470000000003,PRT,CZE,830242
4421971,183,59,8733,2020,0.0,60796.0,-0.028836,-1.0183950000000002,QAT,CZE,830242
4421972,185,59,8733,2020,59180.0,485272.0,1.13426,0.9767809999999999,ROU,CZE,830242
4421973,186,59,8733,2020,813.0,841943.0,0.373882,0.42102700000000004,RUS,CZE,830242
4421974,188,59,8733,2020,0.0,223339.0,0.662925,-0.21661999999999998,SAU,CZE,830242
4421975,190,59,8733,2020,0.0,4403.0,-1.380126,-1.280657,SDN,CZE,830242
4421976,192,59,8733,2020,4564.0,167255.0,1.948379,0.610574,SGP,CZE,830242
4421977,197,59,8733,2020,0.0,82766.0,-0.003327,0.18823399999999998,SLV,CZE,830242
4421978,198,59,8733,2020,0.0,67583.0,1.106732,0.578281,SMR,CZE,830242
4421979,201,59,8733,2020,0.0,39824.0,0.5868399999999999,1.1187120000000002,SRB,CZE,830242
4421980,206,59,8733,2020,5704970.0,15472955.0,1.338026,0.825268,SVK,CZE,830242
4421981,207,59,8733,2020,1285304.0,176536.0,1.570699,0.8442459999999999,SVN,CZE,830242
4421982,208,59,8733,2020,2228583.0,1228501.0,1.6911310000000002,0.791586,SWE,CZE,830242
4421983,216,59,8733,2020,139770.0,29855.0,1.035524,1.2777180000000001,THA,CZE,830242
4421984,223,59,8733,2020,253755.0,1324390.0,0.220298,0.454477,TUN,CZE,830242
4421985,224,59,8733,2020,222817.0,1272302.0,0.590472,2.619866,TUR,CZE,830242
4421986,228,59,8733,2020,24122.0,48485.0,0.383736,0.531328,UKR,CZE,830242
4421987,231,59,8733,2020,320283.0,3595249.0,1.588148,0.380904,USA,CZE,830242
4421988,232,59,8733,2020,0.0,20862.0,-0.309411,0.071414,UZB,CZE,830242
4421989,239,59,8733,2020,286090.0,59007.0,0.034229,0.89099,VNM,CZE,830242
4421990,246,59,8733,2020,0.0,6117.0,0.042099,0.923931,ZAF,CZE,830242
4421991,249,59,8733,2020,874760.0,34825.0,2.0517060000000003,1.205431,TWN,CZE,830242
4421992,250,59,8733,2020,4870420.0,0.0,0.866041,-0.371104,ANS,CZE,830242
4421993,7,68,8733,2020,56996.0,5923.0,-0.118349,-0.789485,ARE,EGY,830242
4421994,15,68,8733,2020,1572801.0,0.0,1.6711310000000001,0.059096,AUT,EGY,830242
4421995,18,68,8733,2020,4792.0,0.0,1.204632,1.278346,BEL,EGY,830242
4421996,23,68,8733,2020,2590.0,0.0,0.6328520000000001,1.8517009999999998,BGR,EGY,830242
4421997,43,68,8733,2020,65132804.0,0.0,1.187837,1.2237770000000001,CHN,EGY,830242
4421998,59,68,8733,2020,77972.0,0.0,1.716646,0.602441,CZE,EGY,830242
4421999,61,68,8733,2020,1010922.0,0.0,2.027494,-2.3646689999999997,DEU,EGY,830242
4422000,64,68,8733,2020,20375.0,0.0,1.093217,1.2166549999999998,DNK,EGY,830242
4422001,71,68,8733,2020,374470.0,0.0,0.736657,2.731661,ESP,EGY,830242
4422002,77,68,8733,2020,26175.0,0.0,1.341275,0.8991870000000001,FRA,EGY,830242
4422003,81,68,8733,2020,125821.0,0.0,1.6459,0.7702640000000001,GBR,EGY,830242
4422004,90,68,8733,2020,55313.0,0.0,0.199011,1.087811,GRC,EGY,830242
4422005,104,68,8733,2020,7902.0,0.0,0.464674,2.838779,IND,EGY,830242
4422006,110,68,8733,2020,0.0,12007.0,1.487557,0.8370920000000001,ISR,EGY,830242
4422007,111,68,8733,2020,2835519.0,120324.0,1.299017,0.701797,ITA,EGY,830242
4422008,113,68,8733,2020,0.0,4613.0,-0.060384,0.139902,JOR,EGY,830242
4422009,122,68,8733,2020,0.0,7199.0,-0.072977,-1.090017,KWT,EGY,830242
4422010,130,68,8733,2020,171390.0,0.0,0.9772870000000001,1.291244,LTU,EGY,830242
4422011,162,68,8733,2020,6094.0,0.0,1.035951,1.559401,NLD,EGY,830242
4422012,177,68,8733,2020,3677.0,0.0,1.0227979999999999,1.4079139999999999,POL,EGY,830242
4422013,185,68,8733,2020,2966.0,0.0,1.13426,0.9767809999999999,ROU,EGY,830242
4422014,188,68,8733,2020,23574.0,26185.0,0.662925,-0.21661999999999998,SAU,EGY,830242
4422015,206,68,8733,2020,20469.0,0.0,1.338026,0.825268,SVK,EGY,830242
4422016,207,68,8733,2020,76409.0,0.0,1.570699,0.8442459999999999,SVN,EGY,830242
4422017,208,68,8733,2020,34404.0,0.0,1.6911310000000002,0.791586,SWE,EGY,830242
4422018,216,68,8733,2020,19321.0,0.0,1.035524,1.2777180000000001,THA,EGY,830242
4422019,224,68,8733,2020,6128160.0,0.0,0.590472,2.619866,TUR,EGY,830242
4422020,226,68,8733,2020,0.0,1174.0,-1.024,-0.023909,TZA,EGY,830242
4422021,228,68,8733,2020,7985.0,3125.0,0.383736,0.531328,UKR,EGY,830242
4422022,231,68,8733,2020,18644.0,0.0,1.588148,0.380904,USA,EGY,830242
4422023,249,68,8733,2020,40006.0,0.0,2.0517060000000003,1.205431,TWN,EGY,830242
4422024,250,68,8733,2020,122664.0,0.0,0.866041,-0.371104,ANS,EGY,830242
4422025,7,82,8733,2020,5794.0,0.0,-0.118349,-0.789485,ARE,GEO,830242
4422026,9,82,8733,2020,0.0,77320.0,-0.129502,-0.671068,ARM,GEO,830242
4422027,15,82,8733,2020,251418.0,0.0,1.6711310000000001,0.059096,AUT,GEO,830242
4422028,16,82,8733,2020,6929.0,0.0,-1.142366,-1.2529190000000001,AZE,GEO,830242
4422029,23,82,8733,2020,2596.0,0.0,0.6328520000000001,1.8517009999999998,BGR,GEO,830242
4422030,43,82,8733,2020,6923744.0,0.0,1.187837,1.2237770000000001,CHN,GEO,830242
4422031,61,82,8733,2020,2896.0,0.0,2.027494,-2.3646689999999997,DEU,GEO,830242
4422032,64,82,8733,2020,4796.0,0.0,1.093217,1.2166549999999998,DNK,GEO,830242
4422033,71,82,8733,2020,1472.0,0.0,0.736657,2.731661,ESP,GEO,830242
4422034,77,82,8733,2020,2477.0,0.0,1.341275,0.8991870000000001,FRA,GEO,830242
4422035,81,82,8733,2020,2473.0,0.0,1.6459,0.7702640000000001,GBR,GEO,830242
4422036,97,82,8733,2020,54825.0,0.0,1.070483,1.183618,HKG,GEO,830242
4422037,107,82,8733,2020,1874.0,0.0,-0.362286,-0.242846,IRN,GEO,830242
4422038,108,82,8733,2020,0.0,13044.0,-1.087158,-0.9546389999999999,IRQ,GEO,830242
4422039,111,82,8733,2020,134063.0,0.0,1.299017,0.701797,ITA,GEO,830242
4422040,130,82,8733,2020,1459.0,0.0,0.9772870000000001,1.291244,LTU,GEO,830242
4422041,132,82,8733,2020,4962.0,0.0,0.712901,1.119907,LVA,GEO,830242
4422042,162,82,8733,2020,4398.0,0.0,1.035951,1.559401,NLD,GEO,830242
4422043,177,82,8733,2020,64298.0,0.0,1.0227979999999999,1.4079139999999999,POL,GEO,830242
4422044,186,82,8733,2020,18997.0,0.0,0.373882,0.42102700000000004,RUS,GEO,830242
4422045,224,82,8733,2020,2379102.0,0.0,0.590472,2.619866,TUR,GEO,830242
4422046,228,82,8733,2020,71780.0,0.0,0.383736,0.531328,UKR,GEO,830242
4422047,4,90,8733,2020,0.0,268012.0,-0.265229,0.059049000000000004,ALB,GRC,830242
4422048,7,90,8733,2020,0.0,24074.0,-0.118349,-0.789485,ARE,GRC,830242
4422049,14,90,8733,2020,0.0,17164.0,-0.32910500000000004,-0.232963,AUS,GRC,830242
4422050,15,90,8733,2020,4014327.0,42374.0,1.6711310000000001,0.059096,AUT,GRC,830242
4422051,18,90,8733,2020,45343.0,15504.0,1.204632,1.278346,BEL,GRC,830242
4422052,23,90,8733,2020,172726.0,457728.0,0.6328520000000001,1.8517009999999998,BGR,GRC,830242
4422053,24,90,8733,2020,0.0,25156.0,0.379085,-0.634111,BHR,GRC,830242
4422054,41,90,8733,2020,0.0,1251.0,2.184038,0.900965,CHE,GRC,830242
4422055,43,90,8733,2020,12519496.0,0.0,1.187837,1.2237770000000001,CHN,GRC,830242
4422056,58,90,8733,2020,1872.0,1574920.0,0.5354760000000001,-0.069753,CYP,GRC,830242
4422057,59,90,8733,2020,87038.0,1544.0,1.716646,0.602441,CZE,GRC,830242
4422058,61,90,8733,2020,1456434.0,53238.0,2.027494,-2.3646689999999997,DEU,GRC,830242
4422059,64,90,8733,2020,41411.0,1439.0,1.093217,1.2166549999999998,DNK,GRC,830242
4422060,68,90,8733,2020,0.0,55313.0,-0.186095,1.6414330000000001,EGY,GRC,830242
4422061,71,90,8733,2020,716753.0,7994.0,0.736657,2.731661,ESP,GRC,830242
4422062,77,90,8733,2020,19308.0,68754.0,1.341275,0.8991870000000001,FRA,GRC,830242
4422063,81,90,8733,2020,71550.0,113257.0,1.6459,0.7702640000000001,GBR,GRC,830242
4422064,97,90,8733,2020,10188.0,0.0,1.070483,1.183618,HKG,GRC,830242
4422065,100,90,8733,2020,0.0,3027.0,0.876001,1.250877,HRV,GRC,830242
4422066,102,90,8733,2020,2413.0,0.0,1.393152,0.878916,HUN,GRC,830242
4422067,104,90,8733,2020,4172.0,0.0,0.464674,2.838779,IND,GRC,830242
4422068,106,90,8733,2020,1250.0,1090.0,1.337791,-0.20829699999999998,IRL,GRC,830242
4422069,110,90,8733,2020,818.0,39450.0,1.487557,0.8370920000000001,ISR,GRC,830242
4422070,111,90,8733,2020,3290250.0,3967.0,1.299017,0.701797,ITA,GRC,830242
4422071,113,90,8733,2020,0.0,6786.0,-0.060384,0.139902,JOR,GRC,830242
4422072,121,90,8733,2020,7198.0,0.0,1.9703950000000001,0.800826,KOR,GRC,830242
4422073,122,90,8733,2020,0.0,10396.0,-0.072977,-1.090017,KWT,GRC,830242
4422074,130,90,8733,2020,58556.0,0.0,0.9772870000000001,1.291244,LTU,GRC,830242
4422075,140,90,8733,2020,0.0,214613.0,0.147947,-0.11116500000000001,MKD,GRC,830242
4422076,151,90,8733,2020,0.0,1421.0,-0.048897,0.11543099999999999,MUS,GRC,830242
4422077,153,90,8733,2020,264352.0,0.0,1.185223,0.573439,MYS,GRC,830242
4422078,162,90,8733,2020,329688.0,24796.0,1.035951,1.559401,NLD,GRC,830242
4422079,177,90,8733,2020,88023.0,30303.0,1.0227979999999999,1.4079139999999999,POL,GRC,830242
4422080,179,90,8733,2020,39044.0,10457.0,0.656999,2.1136470000000003,PRT,GRC,830242
4422081,183,90,8733,2020,0.0,4833.0,-0.028836,-1.0183950000000002,QAT,GRC,830242
4422082,185,90,8733,2020,470819.0,49265.0,1.13426,0.9767809999999999,ROU,GRC,830242
4422083,188,90,8733,2020,0.0,64479.0,0.662925,-0.21661999999999998,SAU,GRC,830242
4422084,201,90,8733,2020,37952.0,579223.0,0.5868399999999999,1.1187120000000002,SRB,GRC,830242
4422085,206,90,8733,2020,4549.0,6491.0,1.338026,0.825268,SVK,GRC,830242
4422086,207,90,8733,2020,190249.0,0.0,1.570699,0.8442459999999999,SVN,GRC,830242
4422087,208,90,8733,2020,1392.0,0.0,1.6911310000000002,0.791586,SWE,GRC,830242
4422088,216,90,8733,2020,39662.0,0.0,1.035524,1.2777180000000001,THA,GRC,830242
4422089,224,90,8733,2020,528156.0,0.0,0.590472,2.619866,TUR,GRC,830242
4422090,227,90,8733,2020,0.0,2017.0,-0.55156,-0.019136,UGA,GRC,830242
4422091,231,90,8733,2020,0.0,19325.0,1.588148,0.380904,USA,GRC,830242
4422092,239,90,8733,2020,13725.0,0.0,0.034229,0.89099,VNM,GRC,830242
4422093,246,90,8733,2020,0.0,2061.0,0.042099,0.923931,ZAF,GRC,830242
4422094,249,90,8733,2020,237601.0,0.0,2.0517060000000003,1.205431,TWN,GRC,830242
4422095,15,100,8733,2020,3274462.0,150074.0,1.6711310000000001,0.059096,AUT,HRV,830242
4422096,18,100,8733,2020,12228.0,161770.0,1.204632,1.278346,BEL,HRV,830242
4422097,23,100,8733,2020,1713.0,555922.0,0.6328520000000001,1.8517009999999998,BGR,HRV,830242
4422098,26,100,8733,2020,29268.0,1122502.0,0.5449470000000001,0.91781,BIH,HRV,830242
4422099,39,100,8733,2020,960.0,0.0,0.609267,1.1890479999999999,CAN,HRV,830242
4422100,41,100,8733,2020,229151.0,11150.0,2.184038,0.900965,CHE,HRV,830242
4422101,43,100,8733,2020,4496194.0,0.0,1.187837,1.2237770000000001,CHN,HRV,830242
4422102,59,100,8733,2020,59099.0,5739.0,1.716646,0.602441,CZE,HRV,830242
4422103,61,100,8733,2020,1406481.0,579697.0,2.027494,-2.3646689999999997,DEU,HRV,830242
4422104,64,100,8733,2020,17168.0,8529.0,1.093217,1.2166549999999998,DNK,HRV,830242
4422105,71,100,8733,2020,146578.0,0.0,0.736657,2.731661,ESP,HRV,830242
4422106,72,100,8733,2020,0.0,15053.0,1.012385,1.305015,EST,HRV,830242
4422107,74,100,8733,2020,0.0,2730.0,1.498089,1.066223,FIN,HRV,830242
4422108,77,100,8733,2020,20271.0,110001.0,1.341275,0.8991870000000001,FRA,HRV,830242
4422109,81,100,8733,2020,11918.0,1764.0,1.6459,0.7702640000000001,GBR,HRV,830242
4422110,90,100,8733,2020,3027.0,0.0,0.199011,1.087811,GRC,HRV,830242
4422111,102,100,8733,2020,435003.0,762777.0,1.393152,0.878916,HUN,HRV,830242
4422112,104,100,8733,2020,3513.0,0.0,0.464674,2.838779,IND,HRV,830242
4422113,106,100,8733,2020,0.0,9887.0,1.337791,-0.20829699999999998,IRL,HRV,830242
4422114,110,100,8733,2020,0.0,5485.0,1.487557,0.8370920000000001,ISR,HRV,830242
4422115,111,100,8733,2020,1183952.0,57142.0,1.299017,0.701797,ITA,HRV,830242
4422116,130,100,8733,2020,9327.0,2175.0,0.9772870000000001,1.291244,LTU,HRV,830242
4422117,132,100,8733,2020,0.0,941.0,0.712901,1.119907,LVA,HRV,830242
4422118,134,100,8733,2020,0.0,1497.0,-0.5208510000000001,-0.080499,MAR,HRV,830242
4422119,140,100,8733,2020,1085.0,98715.0,0.147947,-0.11116500000000001,MKD,HRV,830242
4422120,142,100,8733,2020,0.0,16900.0,0.9159309999999999,0.24442199999999997,MLT,HRV,830242
4422121,144,100,8733,2020,0.0,115959.0,0.355595,0.140822,MNE,HRV,830242
4422122,162,100,8733,2020,7167.0,11968.0,1.035951,1.559401,NLD,HRV,830242
4422123,163,100,8733,2020,0.0,11725.0,0.793459,0.369766,NOR,HRV,830242
4422124,177,100,8733,2020,1874256.0,24382.0,1.0227979999999999,1.4079139999999999,POL,HRV,830242
4422125,185,100,8733,2020,0.0,78410.0,1.13426,0.9767809999999999,ROU,HRV,830242
4422126,201,100,8733,2020,347089.0,906502.0,0.5868399999999999,1.1187120000000002,SRB,HRV,830242
4422127,206,100,8733,2020,12447.0,38003.0,1.338026,0.825268,SVK,HRV,830242
4422128,207,100,8733,2020,3335192.0,439414.0,1.570699,0.8442459999999999,SVN,HRV,830242
4422129,208,100,8733,2020,1127.0,0.0,1.6911310000000002,0.791586,SWE,HRV,830242
4422130,224,100,8733,2020,449257.0,0.0,0.590472,2.619866,TUR,HRV,830242
4422131,228,100,8733,2020,0.0,52760.0,0.383736,0.531328,UKR,HRV,830242
4422132,231,100,8733,2020,2101.0,0.0,1.588148,0.380904,USA,HRV,830242
4422133,239,100,8733,2020,2411.0,0.0,0.034229,0.89099,VNM,HRV,830242
4422134,249,100,8733,2020,22439.0,0.0,2.0517060000000003,1.205431,TWN,HRV,830242
4422135,250,100,8733,2020,2938.0,0.0,0.866041,-0.371104,ANS,HRV,830242
4422136,15,115,8733,2020,1814224.0,0.0,1.6711310000000001,0.059096,AUT,KAZ,830242
4422137,18,115,8733,2020,9927.0,0.0,1.204632,1.278346,BEL,KAZ,830242
4422138,28,115,8733,2020,90211.0,0.0,0.858776,1.085652,BLR,KAZ,830242
4422139,43,115,8733,2020,15785699.0,0.0,1.187837,1.2237770000000001,CHN,KAZ,830242
4422140,59,115,8733,2020,62714.0,6898.0,1.716646,0.602441,CZE,KAZ,830242
4422141,61,115,8733,2020,423827.0,0.0,2.027494,-2.3646689999999997,DEU,KAZ,830242
4422142,64,115,8733,2020,14401.0,0.0,1.093217,1.2166549999999998,DNK,KAZ,830242
4422143,71,115,8733,2020,8836.0,0.0,0.736657,2.731661,ESP,KAZ,830242
4422144,77,115,8733,2020,2073.0,0.0,1.341275,0.8991870000000001,FRA,KAZ,830242
4422145,81,115,8733,2020,7537.0,1981.0,1.6459,0.7702640000000001,GBR,KAZ,830242
4422146,97,115,8733,2020,57428.0,0.0,1.070483,1.183618,HKG,KAZ,830242
4422147,102,115,8733,2020,47289.0,0.0,1.393152,0.878916,HUN,KAZ,830242
4422148,104,115,8733,2020,1340.0,0.0,0.464674,2.838779,IND,KAZ,830242
4422149,107,115,8733,2020,3721.0,0.0,-0.362286,-0.242846,IRN,KAZ,830242
4422150,111,115,8733,2020,51524.0,0.0,1.299017,0.701797,ITA,KAZ,830242
4422151,117,115,8733,2020,123889.0,243215.0,-0.117317,0.36644,KGZ,KAZ,830242
4422152,121,115,8733,2020,67031.0,0.0,1.9703950000000001,0.800826,KOR,KAZ,830242
4422153,130,115,8733,2020,266671.0,0.0,0.9772870000000001,1.291244,LTU,KAZ,830242
4422154,162,115,8733,2020,64316.0,0.0,1.035951,1.559401,NLD,KAZ,830242
4422155,177,115,8733,2020,93809.0,0.0,1.0227979999999999,1.4079139999999999,POL,KAZ,830242
4422156,186,115,8733,2020,4682308.0,86618.0,0.373882,0.42102700000000004,RUS,KAZ,830242
4422157,217,115,8733,2020,0.0,93562.0,-0.73744,-1.0706950000000002,TJK,KAZ,830242
4422158,224,115,8733,2020,597534.0,0.0,0.590472,2.619866,TUR,KAZ,830242
4422159,231,115,8733,2020,2375.0,0.0,1.588148,0.380904,USA,KAZ,830242
4422160,232,115,8733,2020,11387.0,12765.0,-0.309411,0.071414,UZB,KAZ,830242
4422161,249,115,8733,2020,23733.0,0.0,2.0517060000000003,1.205431,TWN,KAZ,830242
4422162,250,115,8733,2020,13450.0,0.0,0.866041,-0.371104,ANS,KAZ,830242
4422163,7,116,8733,2020,20523.0,0.0,-0.118349,-0.789485,ARE,KEN,830242
4422164,15,116,8733,2020,110008.0,0.0,1.6711310000000001,0.059096,AUT,KEN,830242
4422165,43,116,8733,2020,12103615.0,0.0,1.187837,1.2237770000000001,CHN,KEN,830242
4422166,46,116,8733,2020,0.0,3190.0,-1.538455,-1.1857659999999999,COD,KEN,830242
4422167,61,116,8733,2020,18951.0,0.0,2.027494,-2.3646689999999997,DEU,KEN,830242
4422168,71,116,8733,2020,7253.0,0.0,0.736657,2.731661,ESP,KEN,830242
4422169,81,116,8733,2020,7185.0,0.0,1.6459,0.7702640000000001,GBR,KEN,830242
4422170,104,116,8733,2020,1020078.0,0.0,0.464674,2.838779,IND,KEN,830242
4422171,111,116,8733,2020,72738.0,0.0,1.299017,0.701797,ITA,KEN,830242
4422172,121,116,8733,2020,2537.0,0.0,1.9703950000000001,0.800826,KOR,KEN,830242
4422173,162,116,8733,2020,2941.0,0.0,1.035951,1.559401,NLD,KEN,830242
4422174,174,116,8733,2020,929.0,0.0,0.755786,0.24693,PHL,KEN,830242
4422175,188,116,8733,2020,0.0,4834.0,0.662925,-0.21661999999999998,SAU,KEN,830242
4422176,207,116,8733,2020,7785.0,0.0,1.570699,0.8442459999999999,SVN,KEN,830242
4422177,216,116,8733,2020,970.0,0.0,1.035524,1.2777180000000001,THA,KEN,830242
4422178,224,116,8733,2020,111371.0,0.0,0.590472,2.619866,TUR,KEN,830242
4422179,226,116,8733,2020,0.0,3915.0,-1.024,-0.023909,TZA,KEN,830242
4422180,227,116,8733,2020,0.0,11225.0,-0.55156,-0.019136,UGA,KEN,830242
4422181,231,116,8733,2020,1316.0,0.0,1.588148,0.380904,USA,KEN,830242
4422182,246,116,8733,2020,14029.0,0.0,0.042099,0.923931,ZAF,KEN,830242
4422183,249,116,8733,2020,19370.0,0.0,2.0517060000000003,1.205431,TWN,KEN,830242
4422184,15,117,8733,2020,6791.0,0.0,1.6711310000000001,0.059096,AUT,KGZ,830242
4422185,28,117,8733,2020,53006.0,0.0,0.858776,1.085652,BLR,KGZ,830242
4422186,43,117,8733,2020,3702804.0,0.0,1.187837,1.2237770000000001,CHN,KGZ,830242
4422187,61,117,8733,2020,67634.0,0.0,2.027494,-2.3646689999999997,DEU,KGZ,830242
4422188,111,117,8733,2020,36580.0,0.0,1.299017,0.701797,ITA,KGZ,830242
4422189,115,117,8733,2020,243215.0,123889.0,-0.48361899999999997,-0.626675,KAZ,KGZ,830242
4422190,130,117,8733,2020,53468.0,0.0,0.9772870000000001,1.291244,LTU,KGZ,830242
4422191,177,117,8733,2020,47631.0,0.0,1.0227979999999999,1.4079139999999999,POL,KGZ,830242
4422192,186,117,8733,2020,197503.0,0.0,0.373882,0.42102700000000004,RUS,KGZ,830242
4422193,217,117,8733,2020,7279.0,4886.0,-0.73744,-1.0706950000000002,TJK,KGZ,830242
4422194,224,117,8733,2020,159590.0,0.0,0.590472,2.619866,TUR,KGZ,830242
4422195,232,117,8733,2020,112634.0,0.0,-0.309411,0.071414,UZB,KGZ,830242
4422196,14,118,8733,2020,0.0,59756.0,-0.32910500000000004,-0.232963,AUS,KHM,830242
4422197,43,118,8733,2020,13278046.0,0.0,1.187837,1.2237770000000001,CHN,KHM,830242
4422198,61,118,8733,2020,70814.0,0.0,2.027494,-2.3646689999999997,DEU,KHM,830242
4422199,111,118,8733,2020,64282.0,0.0,1.299017,0.701797,ITA,KHM,830242
4422200,192,118,8733,2020,7530.0,0.0,1.948379,0.610574,SGP,KHM,830242
4422201,216,118,8733,2020,228741.0,2372.0,1.035524,1.2777180000000001,THA,KHM,830242
4422202,231,118,8733,2020,0.0,20309.0,1.588148,0.380904,USA,KHM,830242
4422203,239,118,8733,2020,393952.0,0.0,0.034229,0.89099,VNM,KHM,830242
4422204,249,118,8733,2020,3346.0,0.0,2.0517060000000003,1.205431,TWN,KHM,830242
4422205,7,124,8733,2020,24171.0,9506.0,-0.118349,-0.789485,ARE,LBN,830242
4422206,15,124,8733,2020,284957.0,0.0,1.6711310000000001,0.059096,AUT,LBN,830242
4422207,24,124,8733,2020,0.0,6189.0,0.379085,-0.634111,BHR,LBN,830242
4422208,41,124,8733,2020,11937.0,0.0,2.184038,0.900965,CHE,LBN,830242
4422209,43,124,8733,2020,3530188.0,0.0,1.187837,1.2237770000000001,CHN,LBN,830242
4422210,46,124,8733,2020,0.0,1243.0,-1.538455,-1.1857659999999999,COD,LBN,830242
4422211,47,124,8733,2020,0.0,13768.0,-1.580638,-1.2020870000000001,COG,LBN,830242
4422212,58,124,8733,2020,25861.0,0.0,0.5354760000000001,-0.069753,CYP,LBN,830242
4422213,61,124,8733,2020,169192.0,0.0,2.027494,-2.3646689999999997,DEU,LBN,830242
4422214,71,124,8733,2020,53910.0,0.0,0.736657,2.731661,ESP,LBN,830242
4422215,80,124,8733,2020,0.0,10425.0,-1.6422990000000002,-1.207249,GAB,LBN,830242
4422216,81,124,8733,2020,14327.0,0.0,1.6459,0.7702640000000001,GBR,LBN,830242
4422217,102,124,8733,2020,1537.0,0.0,1.393152,0.878916,HUN,LBN,830242
4422218,104,124,8733,2020,43121.0,0.0,0.464674,2.838779,IND,LBN,830242
4422219,108,124,8733,2020,0.0,1035.0,-1.087158,-0.9546389999999999,IRQ,LBN,830242
4422220,111,124,8733,2020,468386.0,0.0,1.299017,0.701797,ITA,LBN,830242
4422221,113,124,8733,2020,0.0,14917.0,-0.060384,0.139902,JOR,LBN,830242
4422222,153,124,8733,2020,7610.0,0.0,1.185223,0.573439,MYS,LBN,830242
4422223,159,124,8733,2020,0.0,166544.0,-1.6399299999999999,-1.19536,NGA,LBN,830242
4422224,162,124,8733,2020,1005.0,0.0,1.035951,1.559401,NLD,LBN,830242
4422225,167,124,8733,2020,0.0,2324.0,-0.251371,-0.8775299999999999,OMN,LBN,830242
4422226,177,124,8733,2020,12478.0,0.0,1.0227979999999999,1.4079139999999999,POL,LBN,830242
4422227,179,124,8733,2020,11145.0,0.0,0.656999,2.1136470000000003,PRT,LBN,830242
4422228,183,124,8733,2020,0.0,46490.0,-0.028836,-1.0183950000000002,QAT,LBN,830242
4422229,188,124,8733,2020,0.0,38943.0,0.662925,-0.21661999999999998,SAU,LBN,830242
4422230,201,124,8733,2020,1955.0,0.0,0.5868399999999999,1.1187120000000002,SRB,LBN,830242
4422231,211,124,8733,2020,0.0,12465.0,0.185747,-0.695441,SYC,LBN,830242
4422232,212,124,8733,2020,110937.0,2501.0,-0.579237,0.391392,SYR,LBN,830242
4422233,216,124,8733,2020,1144.0,0.0,1.035524,1.2777180000000001,THA,LBN,830242
4422234,224,124,8733,2020,185563.0,0.0,0.590472,2.619866,TUR,LBN,830242
4422235,227,124,8733,2020,0.0,3273.0,-0.55156,-0.019136,UGA,LBN,830242
4422236,231,124,8733,2020,2774.0,0.0,1.588148,0.380904,USA,LBN,830242
4422237,249,124,8733,2020,3706.0,0.0,2.0517060000000003,1.205431,TWN,LBN,830242
4422238,250,124,8733,2020,0.0,1876.0,0.866041,-0.371104,ANS,LBN,830242
4422239,7,128,8733,2020,3049.0,1971.0,-0.118349,-0.789485,ARE,LKA,830242
4422240,14,128,8733,2020,0.0,15565.0,-0.32910500000000004,-0.232963,AUS,LKA,830242
4422241,15,128,8733,2020,16084.0,2729.0,1.6711310000000001,0.059096,AUT,LKA,830242
4422242,22,128,8733,2020,0.0,79459.0,-0.874451,-0.9031309999999999,BGD,LKA,830242
4422243,41,128,8733,2020,17677.0,0.0,2.184038,0.900965,CHE,LKA,830242
4422244,43,128,8733,2020,6322091.0,0.0,1.187837,1.2237770000000001,CHN,LKA,830242
4422245,59,128,8733,2020,17066.0,0.0,1.716646,0.602441,CZE,LKA,830242
4422246,61,128,8733,2020,24215.0,26740.0,2.027494,-2.3646689999999997,DEU,LKA,830242
4422247,81,128,8733,2020,5875.0,0.0,1.6459,0.7702640000000001,GBR,LKA,830242
4422248,97,128,8733,2020,48821.0,0.0,1.070483,1.183618,HKG,LKA,830242
4422249,103,128,8733,2020,1439.0,953.0,-0.16761700000000002,1.571009,IDN,LKA,830242
4422250,104,128,8733,2020,180253.0,2583.0,0.464674,2.838779,IND,LKA,830242
4422251,106,128,8733,2020,0.0,2993.0,1.337791,-0.20829699999999998,IRL,LKA,830242
4422252,111,128,8733,2020,21742.0,0.0,1.299017,0.701797,ITA,LKA,830242
4422253,114,128,8733,2020,18860.0,9537.0,2.405659,-0.38169000000000003,JPN,LKA,830242
4422254,121,128,8733,2020,21475.0,0.0,1.9703950000000001,0.800826,KOR,LKA,830242
4422255,137,128,8733,2020,0.0,46280.0,-0.68914,-0.844514,MDV,LKA,830242
4422256,153,128,8733,2020,68329.0,0.0,1.185223,0.573439,MYS,LKA,830242
4422257,192,128,8733,2020,27782.0,0.0,1.948379,0.610574,SGP,LKA,830242
4422258,216,128,8733,2020,9346.0,0.0,1.035524,1.2777180000000001,THA,LKA,830242
4422259,224,128,8733,2020,20862.0,0.0,0.590472,2.619866,TUR,LKA,830242
4422260,231,128,8733,2020,4424.0,0.0,1.588148,0.380904,USA,LKA,830242
4422261,239,128,8733,2020,10374.0,0.0,0.034229,0.89099,VNM,LKA,830242
4422262,249,128,8733,2020,189254.0,0.0,2.0517060000000003,1.205431,TWN,LKA,830242
4422263,7,130,8733,2020,4563.0,109770.0,-0.118349,-0.789485,ARE,LTU,830242
4422264,9,130,8733,2020,0.0,2688.0,-0.129502,-0.671068,ARM,LTU,830242
4422265,14,130,8733,2020,0.0,15163.0,-0.32910500000000004,-0.232963,AUS,LTU,830242
4422266,15,130,8733,2020,6921938.0,25591.0,1.6711310000000001,0.059096,AUT,LTU,830242
4422267,18,130,8733,2020,51212.0,101695.0,1.204632,1.278346,BEL,LTU,830242
4422268,23,130,8733,2020,254521.0,85488.0,0.6328520000000001,1.8517009999999998,BGR,LTU,830242
4422269,26,130,8733,2020,0.0,4836.0,0.5449470000000001,0.91781,BIH,LTU,830242
4422270,28,130,8733,2020,380622.0,2003987.0,0.858776,1.085652,BLR,LTU,830242
4422271,39,130,8733,2020,0.0,23764.0,0.609267,1.1890479999999999,CAN,LTU,830242
4422272,41,130,8733,2020,74582.0,23603.0,2.184038,0.900965,CHE,LTU,830242
4422273,43,130,8733,2020,17369344.0,102871.0,1.187837,1.2237770000000001,CHN,LTU,830242
4422274,58,130,8733,2020,0.0,5290.0,0.5354760000000001,-0.069753,CYP,LTU,830242
4422275,59,130,8733,2020,539237.0,250368.0,1.716646,0.602441,CZE,LTU,830242
4422276,61,130,8733,2020,10240926.0,4229388.0,2.027494,-2.3646689999999997,DEU,LTU,830242
4422277,64,130,8733,2020,1364219.0,1325697.0,1.093217,1.2166549999999998,DNK,LTU,830242
4422278,67,130,8733,2020,0.0,803.0,-1.074185,-1.084344,ECU,LTU,830242
4422279,68,130,8733,2020,0.0,171390.0,-0.186095,1.6414330000000001,EGY,LTU,830242
4422280,71,130,8733,2020,5463798.0,30277.0,0.736657,2.731661,ESP,LTU,830242
4422281,72,130,8733,2020,103396.0,841307.0,1.012385,1.305015,EST,LTU,830242
4422282,74,130,8733,2020,6964.0,556522.0,1.498089,1.066223,FIN,LTU,830242
4422283,77,130,8733,2020,25765.0,553585.0,1.341275,0.8991870000000001,FRA,LTU,830242
4422284,81,130,8733,2020,72817.0,34824.0,1.6459,0.7702640000000001,GBR,LTU,830242
4422285,82,130,8733,2020,0.0,1459.0,-0.199775,-0.38684,GEO,LTU,830242
4422286,90,130,8733,2020,0.0,58556.0,0.199011,1.087811,GRC,LTU,830242
4422287,97,130,8733,2020,14542.0,0.0,1.070483,1.183618,HKG,LTU,830242
4422288,100,130,8733,2020,2175.0,9327.0,0.876001,1.250877,HRV,LTU,830242
4422289,102,130,8733,2020,27875.0,181890.0,1.393152,0.878916,HUN,LTU,830242
4422290,103,130,8733,2020,0.0,3907.0,-0.16761700000000002,1.571009,IDN,LTU,830242
4422291,104,130,8733,2020,61185.0,0.0,0.464674,2.838779,IND,LTU,830242
4422292,106,130,8733,2020,0.0,54448.0,1.337791,-0.20829699999999998,IRL,LTU,830242
4422293,109,130,8733,2020,0.0,29706.0,0.27161399999999997,-0.17819200000000002,ISL,LTU,830242
4422294,110,130,8733,2020,0.0,3453.0,1.487557,0.8370920000000001,ISR,LTU,830242
4422295,111,130,8733,2020,1796274.0,70167.0,1.299017,0.701797,ITA,LTU,830242
4422296,113,130,8733,2020,0.0,2334.0,-0.060384,0.139902,JOR,LTU,830242
4422297,114,130,8733,2020,22771.0,0.0,2.405659,-0.38169000000000003,JPN,LTU,830242
4422298,115,130,8733,2020,0.0,266671.0,-0.48361899999999997,-0.626675,KAZ,LTU,830242
4422299,117,130,8733,2020,0.0,53468.0,-0.117317,0.36644,KGZ,LTU,830242
4422300,121,130,8733,2020,0.0,3714.0,1.9703950000000001,0.800826,KOR,LTU,830242
4422301,122,130,8733,2020,0.0,771.0,-0.072977,-1.090017,KWT,LTU,830242
4422302,131,130,8733,2020,0.0,11440.0,1.197655,1.432727,LUX,LTU,830242
4422303,132,130,8733,2020,662273.0,930156.0,0.712901,1.119907,LVA,LTU,830242
4422304,133,130,8733,2020,0.0,2099.0,0.464354,0.020065,MAC,LTU,830242
4422305,134,130,8733,2020,0.0,1149.0,-0.5208510000000001,-0.080499,MAR,LTU,830242
4422306,135,130,8733,2020,0.0,1377.0,-0.06779199999999999,-0.240851,MDA,LTU,830242
4422307,138,130,8733,2020,0.0,590.0,0.974514,0.563643,MEX,LTU,830242
4422308,142,130,8733,2020,0.0,4594.0,0.9159309999999999,0.24442199999999997,MLT,LTU,830242
4422309,153,130,8733,2020,0.0,1684.0,1.185223,0.573439,MYS,LTU,830242
4422310,156,130,8733,2020,0.0,4789.0,-0.666664,-0.88528,NCL,LTU,830242
4422311,162,130,8733,2020,117504.0,86675.0,1.035951,1.559401,NLD,LTU,830242
4422312,163,130,8733,2020,10756.0,147212.0,0.793459,0.369766,NOR,LTU,830242
4422313,166,130,8733,2020,0.0,1884.0,0.145567,0.070121,NZL,LTU,830242
4422314,173,130,8733,2020,0.0,2607.0,-0.717014,-0.152142,PER,LTU,830242
4422315,177,130,8733,2020,6377748.0,617290.0,1.0227979999999999,1.4079139999999999,POL,LTU,830242
4422316,179,130,8733,2020,56329.0,33654.0,0.656999,2.1136470000000003,PRT,LTU,830242
4422317,183,130,8733,2020,0.0,4646.0,-0.028836,-1.0183950000000002,QAT,LTU,830242
4422318,185,130,8733,2020,82710.0,811320.0,1.13426,0.9767809999999999,ROU,LTU,830242
4422319,186,130,8733,2020,37548.0,5713334.0,0.373882,0.42102700000000004,RUS,LTU,830242
4422320,188,130,8733,2020,0.0,30720.0,0.662925,-0.21661999999999998,SAU,LTU,830242
4422321,192,130,8733,2020,0.0,3387.0,1.948379,0.610574,SGP,LTU,830242
4422322,201,130,8733,2020,42102.0,10488.0,0.5868399999999999,1.1187120000000002,SRB,LTU,830242
4422323,206,130,8733,2020,38058828.0,107813.0,1.338026,0.825268,SVK,LTU,830242
4422324,207,130,8733,2020,1147681.0,937.0,1.570699,0.8442459999999999,SVN,LTU,830242
4422325,208,130,8733,2020,793735.0,4578992.0,1.6911310000000002,0.791586,SWE,LTU,830242
4422326,216,130,8733,2020,48510.0,424584.0,1.035524,1.2777180000000001,THA,LTU,830242
4422327,217,130,8733,2020,0.0,22223.0,-0.73744,-1.0706950000000002,TJK,LTU,830242
4422328,224,130,8733,2020,1008041.0,182799.0,0.590472,2.619866,TUR,LTU,830242
4422329,228,130,8733,2020,314539.0,45963.0,0.383736,0.531328,UKR,LTU,830242
4422330,231,130,8733,2020,18961.0,249308.0,1.588148,0.380904,USA,LTU,830242
4422331,232,130,8733,2020,0.0,118343.0,-0.309411,0.071414,UZB,LTU,830242
4422332,239,130,8733,2020,123062.0,0.0,0.034229,0.89099,VNM,LTU,830242
4422333,249,130,8733,2020,98911.0,28181.0,2.0517060000000003,1.205431,TWN,LTU,830242
4422334,15,131,8733,2020,10254.0,877.0,1.6711310000000001,0.059096,AUT,LUX,830242
4422335,18,131,8733,2020,242578.0,4206.0,1.204632,1.278346,BEL,LUX,830242
4422336,23,131,8733,2020,10010.0,0.0,0.6328520000000001,1.8517009999999998,BGR,LUX,830242
4422337,32,131,8733,2020,1094.0,0.0,0.054622000000000004,0.532291,BRA,LUX,830242
4422338,39,131,8733,2020,1876.0,0.0,0.609267,1.1890479999999999,CAN,LUX,830242
4422339,41,131,8733,2020,2890.0,0.0,2.184038,0.900965,CHE,LUX,830242
4422340,43,131,8733,2020,55517.0,0.0,1.187837,1.2237770000000001,CHN,LUX,830242
4422341,59,131,8733,2020,5905.0,7548.0,1.716646,0.602441,CZE,LUX,830242
4422342,61,131,8733,2020,1426220.0,7398.0,2.027494,-2.3646689999999997,DEU,LUX,830242
4422343,64,131,8733,2020,38906.0,1220.0,1.093217,1.2166549999999998,DNK,LUX,830242
4422344,71,131,8733,2020,4652.0,967202.0,0.736657,2.731661,ESP,LUX,830242
4422345,77,131,8733,2020,72819.0,23731.0,1.341275,0.8991870000000001,FRA,LUX,830242
4422346,81,131,8733,2020,5601.0,0.0,1.6459,0.7702640000000001,GBR,LUX,830242
4422347,111,131,8733,2020,30339.0,0.0,1.299017,0.701797,ITA,LUX,830242
4422348,130,131,8733,2020,11440.0,0.0,0.9772870000000001,1.291244,LTU,LUX,830242
4422349,162,131,8733,2020,30774.0,5611.0,1.035951,1.559401,NLD,LUX,830242
4422350,177,131,8733,2020,6776.0,0.0,1.0227979999999999,1.4079139999999999,POL,LUX,830242
4422351,179,131,8733,2020,9572.0,0.0,0.656999,2.1136470000000003,PRT,LUX,830242
4422352,185,131,8733,2020,2796.0,0.0,1.13426,0.9767809999999999,ROU,LUX,830242
4422353,208,131,8733,2020,38252.0,0.0,1.6911310000000002,0.791586,SWE,LUX,830242
4422354,231,131,8733,2020,9278.0,0.0,1.588148,0.380904,USA,LUX,830242
4422355,249,131,8733,2020,1283.0,0.0,2.0517060000000003,1.205431,TWN,LUX,830242
4422356,250,131,8733,2020,131810.0,0.0,0.866041,-0.371104,ANS,LUX,830242
4422357,7,132,8733,2020,35927.0,0.0,-0.118349,-0.789485,ARE,LVA,830242
4422358,14,132,8733,2020,0.0,1277.0,-0.32910500000000004,-0.232963,AUS,LVA,830242
4422359,15,132,8733,2020,1701581.0,351630.0,1.6711310000000001,0.059096,AUT,LVA,830242
4422360,18,132,8733,2020,2524.0,14931.0,1.204632,1.278346,BEL,LVA,830242
4422361,23,132,8733,2020,6734.0,0.0,0.6328520000000001,1.8517009999999998,BGR,LVA,830242
4422362,26,132,8733,2020,0.0,3406.0,0.5449470000000001,0.91781,BIH,LVA,830242
4422363,28,132,8733,2020,1672.0,0.0,0.858776,1.085652,BLR,LVA,830242
4422364,39,132,8733,2020,0.0,17890.0,0.609267,1.1890479999999999,CAN,LVA,830242
4422365,41,132,8733,2020,14140.0,179280.0,2.184038,0.900965,CHE,LVA,830242
4422366,43,132,8733,2020,1173253.0,0.0,1.187837,1.2237770000000001,CHN,LVA,830242
4422367,59,132,8733,2020,8966.0,68100.0,1.716646,0.602441,CZE,LVA,830242
4422368,61,132,8733,2020,12372594.0,21438570.0,2.027494,-2.3646689999999997,DEU,LVA,830242
4422369,64,132,8733,2020,615917.0,4409626.0,1.093217,1.2166549999999998,DNK,LVA,830242
4422370,71,132,8733,2020,229240.0,144369.0,0.736657,2.731661,ESP,LVA,830242
4422371,72,132,8733,2020,519280.0,697041.0,1.012385,1.305015,EST,LVA,830242
4422372,74,132,8733,2020,44944.0,1061408.0,1.498089,1.066223,FIN,LVA,830242
4422373,77,132,8733,2020,9550.0,8272.0,1.341275,0.8991870000000001,FRA,LVA,830242
4422374,81,132,8733,2020,167648.0,137154.0,1.6459,0.7702640000000001,GBR,LVA,830242
4422375,82,132,8733,2020,0.0,4962.0,-0.199775,-0.38684,GEO,LVA,830242
4422376,97,132,8733,2020,12829.0,0.0,1.070483,1.183618,HKG,LVA,830242
4422377,100,132,8733,2020,941.0,0.0,0.876001,1.250877,HRV,LVA,830242
4422378,102,132,8733,2020,1564.0,1495.0,1.393152,0.878916,HUN,LVA,830242
4422379,104,132,8733,2020,18621.0,0.0,0.464674,2.838779,IND,LVA,830242
4422380,106,132,8733,2020,0.0,26157.0,1.337791,-0.20829699999999998,IRL,LVA,830242
4422381,109,132,8733,2020,0.0,1231.0,0.27161399999999997,-0.17819200000000002,ISL,LVA,830242
4422382,111,132,8733,2020,615599.0,76598.0,1.299017,0.701797,ITA,LVA,830242
4422383,114,132,8733,2020,0.0,1283.0,2.405659,-0.38169000000000003,JPN,LVA,830242
4422384,121,132,8733,2020,8410.0,0.0,1.9703950000000001,0.800826,KOR,LVA,830242
4422385,130,132,8733,2020,930156.0,662273.0,0.9772870000000001,1.291244,LTU,LVA,830242
4422386,135,132,8733,2020,0.0,2925.0,-0.06779199999999999,-0.240851,MDA,LVA,830242
4422387,162,132,8733,2020,14321.0,391150.0,1.035951,1.559401,NLD,LVA,830242
4422388,163,132,8733,2020,1277062.0,277436.0,0.793459,0.369766,NOR,LVA,830242
4422389,166,132,8733,2020,0.0,36595.0,0.145567,0.070121,NZL,LVA,830242
4422390,177,132,8733,2020,1828263.0,515112.0,1.0227979999999999,1.4079139999999999,POL,LVA,830242
4422391,179,132,8733,2020,6228.0,0.0,0.656999,2.1136470000000003,PRT,LVA,830242
4422392,185,132,8733,2020,36833.0,234989.0,1.13426,0.9767809999999999,ROU,LVA,830242
4422393,186,132,8733,2020,1894.0,269630.0,0.373882,0.42102700000000004,RUS,LVA,830242
4422394,188,132,8733,2020,0.0,1458.0,0.662925,-0.21661999999999998,SAU,LVA,830242
4422395,201,132,8733,2020,0.0,12015.0,0.5868399999999999,1.1187120000000002,SRB,LVA,830242
4422396,206,132,8733,2020,249701.0,0.0,1.338026,0.825268,SVK,LVA,830242
4422397,207,132,8733,2020,7184.0,20952.0,1.570699,0.8442459999999999,SVN,LVA,830242
4422398,208,132,8733,2020,1540015.0,237774.0,1.6911310000000002,0.791586,SWE,LVA,830242
4422399,216,132,8733,2020,0.0,2806.0,1.035524,1.2777180000000001,THA,LVA,830242
4422400,224,132,8733,2020,268247.0,999111.0,0.590472,2.619866,TUR,LVA,830242
4422401,228,132,8733,2020,3972.0,8127.0,0.383736,0.531328,UKR,LVA,830242
4422402,231,132,8733,2020,15825.0,1636891.0,1.588148,0.380904,USA,LVA,830242
4422403,232,132,8733,2020,0.0,242471.0,-0.309411,0.071414,UZB,LVA,830242
4422404,249,132,8733,2020,53825.0,0.0,2.0517060000000003,1.205431,TWN,LVA,830242
4422405,15,135,8733,2020,1609937.0,0.0,1.6711310000000001,0.059096,AUT,MDA,830242
4422406,23,135,8733,2020,53101.0,0.0,0.6328520000000001,1.8517009999999998,BGR,MDA,830242
4422407,28,135,8733,2020,1670.0,0.0,0.858776,1.085652,BLR,MDA,830242
4422408,39,135,8733,2020,0.0,3159.0,0.609267,1.1890479999999999,CAN,MDA,830242
4422409,43,135,8733,2020,127241.0,0.0,1.187837,1.2237770000000001,CHN,MDA,830242
4422410,59,135,8733,2020,35112.0,0.0,1.716646,0.602441,CZE,MDA,830242
4422411,61,135,8733,2020,1171686.0,0.0,2.027494,-2.3646689999999997,DEU,MDA,830242
4422412,64,135,8733,2020,1081.0,0.0,1.093217,1.2166549999999998,DNK,MDA,830242
4422413,71,135,8733,2020,22392.0,0.0,0.736657,2.731661,ESP,MDA,830242
4422414,77,135,8733,2020,0.0,3221.0,1.341275,0.8991870000000001,FRA,MDA,830242
4422415,97,135,8733,2020,26475.0,0.0,1.070483,1.183618,HKG,MDA,830242
4422416,102,135,8733,2020,117109.0,0.0,1.393152,0.878916,HUN,MDA,830242
4422417,110,135,8733,2020,0.0,689997.0,1.487557,0.8370920000000001,ISR,MDA,830242
4422418,111,135,8733,2020,305724.0,0.0,1.299017,0.701797,ITA,MDA,830242
4422419,130,135,8733,2020,1377.0,0.0,0.9772870000000001,1.291244,LTU,MDA,830242
4422420,132,135,8733,2020,2925.0,0.0,0.712901,1.119907,LVA,MDA,830242
4422421,162,135,8733,2020,1476.0,0.0,1.035951,1.559401,NLD,MDA,830242
4422422,177,135,8733,2020,604629.0,0.0,1.0227979999999999,1.4079139999999999,POL,MDA,830242
4422423,185,135,8733,2020,244927.0,112050.0,1.13426,0.9767809999999999,ROU,MDA,830242
4422424,186,135,8733,2020,75863.0,0.0,0.373882,0.42102700000000004,RUS,MDA,830242
4422425,201,135,8733,2020,986.0,0.0,0.5868399999999999,1.1187120000000002,SRB,MDA,830242
4422426,207,135,8733,2020,125062.0,0.0,1.570699,0.8442459999999999,SVN,MDA,830242
4422427,224,135,8733,2020,1426866.0,0.0,0.590472,2.619866,TUR,MDA,830242
4422428,228,135,8733,2020,335975.0,0.0,0.383736,0.531328,UKR,MDA,830242
4422429,239,135,8733,2020,8546.0,0.0,0.034229,0.89099,VNM,MDA,830242
4422430,249,135,8733,2020,3682.0,0.0,2.0517060000000003,1.205431,TWN,MDA,830242
4422431,15,143,8733,2020,801.0,0.0,1.6711310000000001,0.059096,AUT,MMR,830242
4422432,43,143,8733,2020,2982161.0,0.0,1.187837,1.2237770000000001,CHN,MMR,830242
4422433,61,143,8733,2020,23512.0,0.0,2.027494,-2.3646689999999997,DEU,MMR,830242
4422434,71,143,8733,2020,1133.0,0.0,0.736657,2.731661,ESP,MMR,830242
4422435,77,143,8733,2020,1328.0,0.0,1.341275,0.8991870000000001,FRA,MMR,830242
4422436,81,143,8733,2020,4893.0,0.0,1.6459,0.7702640000000001,GBR,MMR,830242
4422437,104,143,8733,2020,14315.0,0.0,0.464674,2.838779,IND,MMR,830242
4422438,111,143,8733,2020,10621.0,0.0,1.299017,0.701797,ITA,MMR,830242
4422439,153,143,8733,2020,7850.0,0.0,1.185223,0.573439,MYS,MMR,830242
4422440,192,143,8733,2020,41805.0,0.0,1.948379,0.610574,SGP,MMR,830242
4422441,208,143,8733,2020,465.0,0.0,1.6911310000000002,0.791586,SWE,MMR,830242
4422442,216,143,8733,2020,345491.0,0.0,1.035524,1.2777180000000001,THA,MMR,830242
4422443,231,143,8733,2020,0.0,3837.0,1.588148,0.380904,USA,MMR,830242
4422444,239,143,8733,2020,36008.0,0.0,0.034229,0.89099,VNM,MMR,830242
4422445,249,143,8733,2020,15305.0,22307.0,2.0517060000000003,1.205431,TWN,MMR,830242
4422446,7,147,8733,2020,33970.0,0.0,-0.118349,-0.789485,ARE,MOZ,830242
4422447,43,147,8733,2020,2076449.0,0.0,1.187837,1.2237770000000001,CHN,MOZ,830242
4422448,64,147,8733,2020,628.0,0.0,1.093217,1.2166549999999998,DNK,MOZ,830242
4422449,104,147,8733,2020,63977.0,0.0,0.464674,2.838779,IND,MOZ,830242
4422450,111,147,8733,2020,3364.0,0.0,1.299017,0.701797,ITA,MOZ,830242
4422451,179,147,8733,2020,92645.0,0.0,0.656999,2.1136470000000003,PRT,MOZ,830242
4422452,209,147,8733,2020,2728.0,0.0,0.289013,-0.556212,SWZ,MOZ,830242
4422453,224,147,8733,2020,4547.0,0.0,0.590472,2.619866,TUR,MOZ,830242
4422454,246,147,8733,2020,291599.0,33019.0,0.042099,0.923931,ZAF,MOZ,830242
4422455,4,153,8733,2020,0.0,41936.0,-0.265229,0.059049000000000004,ALB,MYS,830242
4422456,7,153,8733,2020,0.0,218303.0,-0.118349,-0.789485,ARE,MYS,830242
4422457,8,153,8733,2020,0.0,3196.0,-0.14746199999999998,0.039795,ARG,MYS,830242
4422458,14,153,8733,2020,17364.0,3520808.0,-0.32910500000000004,-0.232963,AUS,MYS,830242
4422459,15,153,8733,2020,90054.0,5554.0,1.6711310000000001,0.059096,AUT,MYS,830242
4422460,18,153,8733,2020,4229.0,2095.0,1.204632,1.278346,BEL,MYS,830242
4422461,23,153,8733,2020,0.0,32724.0,0.6328520000000001,1.8517009999999998,BGR,MYS,830242
4422462,32,153,8733,2020,0.0,10596.0,0.054622000000000004,0.532291,BRA,MYS,830242
4422463,34,153,8733,2020,1199.0,29626.0,0.432569,-0.8083779999999999,BRN,MYS,830242
4422464,39,153,8733,2020,40829.0,306262.0,0.609267,1.1890479999999999,CAN,MYS,830242
4422465,41,153,8733,2020,14722.0,58340.0,2.184038,0.900965,CHE,MYS,830242
4422466,42,153,8733,2020,0.0,6325.0,-0.307923,-0.565983,CHL,MYS,830242
4422467,43,153,8733,2020,180318048.0,42746.0,1.187837,1.2237770000000001,CHN,MYS,830242
4422468,44,153,8733,2020,0.0,6893.0,-1.2299200000000001,-1.095777,CIV,MYS,830242
4422469,47,153,8733,2020,0.0,13361.0,-1.580638,-1.2020870000000001,COG,MYS,830242
4422470,58,153,8733,2020,0.0,21701.0,0.5354760000000001,-0.069753,CYP,MYS,830242
4422471,59,153,8733,2020,19141.0,13377.0,1.716646,0.602441,CZE,MYS,830242
4422472,61,153,8733,2020,1604283.0,393309.0,2.027494,-2.3646689999999997,DEU,MYS,830242
4422473,64,153,8733,2020,5940.0,0.0,1.093217,1.2166549999999998,DNK,MYS,830242
4422474,71,153,8733,2020,89300.0,138889.0,0.736657,2.731661,ESP,MYS,830242
4422475,74,153,8733,2020,0.0,97682.0,1.498089,1.066223,FIN,MYS,830242
4422476,75,153,8733,2020,0.0,28871.0,-0.184167,-0.081888,FJI,MYS,830242
4422477,77,153,8733,2020,1388.0,189798.0,1.341275,0.8991870000000001,FRA,MYS,830242
4422478,81,153,8733,2020,15814.0,14163.0,1.6459,0.7702640000000001,GBR,MYS,830242
4422479,90,153,8733,2020,0.0,264352.0,0.199011,1.087811,GRC,MYS,830242
4422480,97,153,8733,2020,342223.0,66731.0,1.070483,1.183618,HKG,MYS,830242
4422481,102,153,8733,2020,1192.0,162247.0,1.393152,0.878916,HUN,MYS,830242
4422482,103,153,8733,2020,103009.0,105102.0,-0.16761700000000002,1.571009,IDN,MYS,830242
4422483,104,153,8733,2020,7127.0,70132.0,0.464674,2.838779,IND,MYS,830242
4422484,111,153,8733,2020,299741.0,66712.0,1.299017,0.701797,ITA,MYS,830242
4422485,112,153,8733,2020,0.0,2682.0,-0.21953000000000003,-0.6944899999999999,JAM,MYS,830242
4422486,114,153,8733,2020,48286.0,4134088.0,2.405659,-0.38169000000000003,JPN,MYS,830242
4422487,121,153,8733,2020,4013.0,5998.0,1.9703950000000001,0.800826,KOR,MYS,830242
4422488,124,153,8733,2020,0.0,7610.0,0.35459,1.067965,LBN,MYS,830242
4422489,128,153,8733,2020,0.0,68329.0,-0.48448599999999997,0.5495220000000001,LKA,MYS,830242
4422490,130,153,8733,2020,1684.0,0.0,0.9772870000000001,1.291244,LTU,MYS,830242
4422491,137,153,8733,2020,0.0,14836.0,-0.68914,-0.844514,MDV,MYS,830242
4422492,138,153,8733,2020,426453.0,124178.0,0.974514,0.563643,MEX,MYS,830242
4422493,140,153,8733,2020,0.0,1650.0,0.147947,-0.11116500000000001,MKD,MYS,830242
4422494,143,153,8733,2020,0.0,7850.0,-0.9993569999999999,-0.298647,MMR,MYS,830242
4422495,145,153,8733,2020,0.0,7247.0,-1.011938,-1.127569,MNG,MYS,830242
4422496,151,153,8733,2020,0.0,21397.0,-0.048897,0.11543099999999999,MUS,MYS,830242
4422497,162,153,8733,2020,852333.0,32270.0,1.035951,1.559401,NLD,MYS,830242
4422498,166,153,8733,2020,0.0,780485.0,0.145567,0.070121,NZL,MYS,830242
4422499,168,153,8733,2020,0.0,3267.0,-0.52984,0.63654,PAK,MYS,830242
4422500,173,153,8733,2020,0.0,1333.0,-0.717014,-0.152142,PER,MYS,830242
4422501,174,153,8733,2020,84650.0,79658.0,0.755786,0.24693,PHL,MYS,830242
4422502,176,153,8733,2020,0.0,49268.0,-1.526134,-1.191965,PNG,MYS,830242
4422503,177,153,8733,2020,17967.0,282437.0,1.0227979999999999,1.4079139999999999,POL,MYS,830242
4422504,179,153,8733,2020,937.0,30841.0,0.656999,2.1136470000000003,PRT,MYS,830242
4422505,180,153,8733,2020,0.0,4833.0,-0.45920600000000006,-0.930341,PRY,MYS,830242
4422506,185,153,8733,2020,9298.0,0.0,1.13426,0.9767809999999999,ROU,MYS,830242
4422507,186,153,8733,2020,0.0,3217.0,0.373882,0.42102700000000004,RUS,MYS,830242
4422508,188,153,8733,2020,0.0,2985.0,0.662925,-0.21661999999999998,SAU,MYS,830242
4422509,192,153,8733,2020,1614896.0,1489995.0,1.948379,0.610574,SGP,MYS,830242
4422510,206,153,8733,2020,1686.0,0.0,1.338026,0.825268,SVK,MYS,830242
4422511,207,153,8733,2020,28032.0,4112.0,1.570699,0.8442459999999999,SVN,MYS,830242
4422512,208,153,8733,2020,0.0,48382.0,1.6911310000000002,0.791586,SWE,MYS,830242
4422513,216,153,8733,2020,222213.0,206807.0,1.035524,1.2777180000000001,THA,MYS,830242
4422514,218,153,8733,2020,1210.0,0.0,0.7393069999999999,-0.190609,TKL,MYS,830242
4422515,224,153,8733,2020,61533.0,222315.0,0.590472,2.619866,TUR,MYS,830242
4422516,227,153,8733,2020,0.0,1868.0,-0.55156,-0.019136,UGA,MYS,830242
4422517,231,153,8733,2020,3149818.0,2579389.0,1.588148,0.380904,USA,MYS,830242
4422518,239,153,8733,2020,3096981.0,132294.0,0.034229,0.89099,VNM,MYS,830242
4422519,246,153,8733,2020,0.0,17542.0,0.042099,0.923931,ZAF,MYS,830242
4422520,249,153,8733,2020,884704.0,1518.0,2.0517060000000003,1.205431,TWN,MYS,830242
4422521,7,159,8733,2020,3760.0,0.0,-0.118349,-0.789485,ARE,NGA,830242
4422522,15,159,8733,2020,25114.0,0.0,1.6711310000000001,0.059096,AUT,NGA,830242
4422523,42,159,8733,2020,1454.0,0.0,-0.307923,-0.565983,CHL,NGA,830242
4422524,43,159,8733,2020,47271656.0,0.0,1.187837,1.2237770000000001,CHN,NGA,830242
4422525,61,159,8733,2020,190610.0,0.0,2.027494,-2.3646689999999997,DEU,NGA,830242
4422526,64,159,8733,2020,5431.0,0.0,1.093217,1.2166549999999998,DNK,NGA,830242
4422527,71,159,8733,2020,7507.0,0.0,0.736657,2.731661,ESP,NGA,830242
4422528,77,159,8733,2020,1127.0,0.0,1.341275,0.8991870000000001,FRA,NGA,830242
4422529,81,159,8733,2020,10504.0,0.0,1.6459,0.7702640000000001,GBR,NGA,830242
4422530,104,159,8733,2020,25358.0,0.0,0.464674,2.838779,IND,NGA,830242
4422531,111,159,8733,2020,241525.0,0.0,1.299017,0.701797,ITA,NGA,830242
4422532,124,159,8733,2020,166544.0,0.0,0.35459,1.067965,LBN,NGA,830242
4422533,162,159,8733,2020,16217.0,0.0,1.035951,1.559401,NLD,NGA,830242
4422534,177,159,8733,2020,3146.0,0.0,1.0227979999999999,1.4079139999999999,POL,NGA,830242
4422535,183,159,8733,2020,539.0,0.0,-0.028836,-1.0183950000000002,QAT,NGA,830242
4422536,224,159,8733,2020,229408.0,0.0,0.590472,2.619866,TUR,NGA,830242
4422537,227,159,8733,2020,1089.0,0.0,-0.55156,-0.019136,UGA,NGA,830242
4422538,231,159,8733,2020,12161.0,0.0,1.588148,0.380904,USA,NGA,830242
4422539,246,159,8733,2020,9998.0,0.0,0.042099,0.923931,ZAF,NGA,830242
4422540,15,183,8733,2020,6048.0,0.0,1.6711310000000001,0.059096,AUT,QAT,830242
4422541,39,183,8733,2020,8239.0,0.0,0.609267,1.1890479999999999,CAN,QAT,830242
4422542,41,183,8733,2020,52127.0,0.0,2.184038,0.900965,CHE,QAT,830242
4422543,43,183,8733,2020,3604928.0,0.0,1.187837,1.2237770000000001,CHN,QAT,830242
4422544,59,183,8733,2020,60796.0,0.0,1.716646,0.602441,CZE,QAT,830242
4422545,61,183,8733,2020,661408.0,3403.0,2.027494,-2.3646689999999997,DEU,QAT,830242
4422546,71,183,8733,2020,54010.0,0.0,0.736657,2.731661,ESP,QAT,830242
4422547,77,183,8733,2020,11964.0,0.0,1.341275,0.8991870000000001,FRA,QAT,830242
4422548,81,183,8733,2020,247703.0,0.0,1.6459,0.7702640000000001,GBR,QAT,830242
4422549,90,183,8733,2020,4833.0,0.0,0.199011,1.087811,GRC,QAT,830242
4422550,97,183,8733,2020,878.0,0.0,1.070483,1.183618,HKG,QAT,830242
4422551,104,183,8733,2020,8631.0,0.0,0.464674,2.838779,IND,QAT,830242
4422552,111,183,8733,2020,791697.0,0.0,1.299017,0.701797,ITA,QAT,830242
4422553,122,183,8733,2020,10932.0,0.0,-0.072977,-1.090017,KWT,QAT,830242
4422554,124,183,8733,2020,46490.0,0.0,0.35459,1.067965,LBN,QAT,830242
4422555,130,183,8733,2020,4646.0,0.0,0.9772870000000001,1.291244,LTU,QAT,830242
4422556,138,183,8733,2020,14414.0,0.0,0.974514,0.563643,MEX,QAT,830242
4422557,159,183,8733,2020,0.0,539.0,-1.6399299999999999,-1.19536,NGA,QAT,830242
4422558,162,183,8733,2020,87875.0,0.0,1.035951,1.559401,NLD,QAT,830242
4422559,179,183,8733,2020,15331.0,0.0,0.656999,2.1136470000000003,PRT,QAT,830242
4422560,192,183,8733,2020,759.0,0.0,1.948379,0.610574,SGP,QAT,830242
4422561,224,183,8733,2020,309349.0,0.0,0.590472,2.619866,TUR,QAT,830242
4422562,228,183,8733,2020,8566.0,0.0,0.383736,0.531328,UKR,QAT,830242
4422563,231,183,8733,2020,45287.0,0.0,1.588148,0.380904,USA,QAT,830242
4422564,249,183,8733,2020,249077.0,0.0,2.0517060000000003,1.205431,TWN,QAT,830242
4422565,7,185,8733,2020,0.0,7787.0,-0.118349,-0.789485,ARE,ROU,830242
4422566,14,185,8733,2020,0.0,24274.0,-0.32910500000000004,-0.232963,AUS,ROU,830242
4422567,15,185,8733,2020,8728876.0,159382.0,1.6711310000000001,0.059096,AUT,ROU,830242
4422568,16,185,8733,2020,0.0,1379.0,-1.142366,-1.2529190000000001,AZE,ROU,830242
4422569,18,185,8733,2020,332603.0,45311.0,1.204632,1.278346,BEL,ROU,830242
4422570,23,185,8733,2020,1147911.0,425862.0,0.6328520000000001,1.8517009999999998,BGR,ROU,830242
4422571,26,185,8733,2020,3699.0,3351.0,0.5449470000000001,0.91781,BIH,ROU,830242
4422572,39,185,8733,2020,14358.0,123461.0,0.609267,1.1890479999999999,CAN,ROU,830242
4422573,41,185,8733,2020,17654.0,157768.0,2.184038,0.900965,CHE,ROU,830242
4422574,43,185,8733,2020,9481601.0,81993.0,1.187837,1.2237770000000001,CHN,ROU,830242
4422575,59,185,8733,2020,485272.0,59180.0,1.716646,0.602441,CZE,ROU,830242
4422576,61,185,8733,2020,19052308.0,48634588.0,2.027494,-2.3646689999999997,DEU,ROU,830242
4422577,64,185,8733,2020,537238.0,143065.0,1.093217,1.2166549999999998,DNK,ROU,830242
4422578,68,185,8733,2020,0.0,2966.0,-0.186095,1.6414330000000001,EGY,ROU,830242
4422579,71,185,8733,2020,796268.0,40729.0,0.736657,2.731661,ESP,ROU,830242
4422580,72,185,8733,2020,6306.0,19634.0,1.012385,1.305015,EST,ROU,830242
4422581,74,185,8733,2020,955.0,39903.0,1.498089,1.066223,FIN,ROU,830242
4422582,77,185,8733,2020,407863.0,581135.0,1.341275,0.8991870000000001,FRA,ROU,830242
4422583,81,185,8733,2020,97836.0,145459.0,1.6459,0.7702640000000001,GBR,ROU,830242
4422584,83,185,8733,2020,0.0,1396.0,-0.973506,-0.9559139999999999,GHA,ROU,830242
4422585,90,185,8733,2020,49265.0,470819.0,0.199011,1.087811,GRC,ROU,830242
4422586,97,185,8733,2020,702.0,0.0,1.070483,1.183618,HKG,ROU,830242
4422587,100,185,8733,2020,78410.0,0.0,0.876001,1.250877,HRV,ROU,830242
4422588,102,185,8733,2020,1131162.0,286142.0,1.393152,0.878916,HUN,ROU,830242
4422589,103,185,8733,2020,1193.0,1590.0,-0.16761700000000002,1.571009,IDN,ROU,830242
4422590,104,185,8733,2020,38767.0,14818.0,0.464674,2.838779,IND,ROU,830242
4422591,106,185,8733,2020,4760.0,8197.0,1.337791,-0.20829699999999998,IRL,ROU,830242
4422592,110,185,8733,2020,0.0,30906.0,1.487557,0.8370920000000001,ISR,ROU,830242
4422593,111,185,8733,2020,5755486.0,91723.0,1.299017,0.701797,ITA,ROU,830242
4422594,114,185,8733,2020,71010.0,101435.0,2.405659,-0.38169000000000003,JPN,ROU,830242
4422595,121,185,8733,2020,1962.0,28394.0,1.9703950000000001,0.800826,KOR,ROU,830242
4422596,130,185,8733,2020,811320.0,82710.0,0.9772870000000001,1.291244,LTU,ROU,830242
4422597,131,185,8733,2020,0.0,2796.0,1.197655,1.432727,LUX,ROU,830242
4422598,132,185,8733,2020,234989.0,36833.0,0.712901,1.119907,LVA,ROU,830242
4422599,134,185,8733,2020,0.0,2019.0,-0.5208510000000001,-0.080499,MAR,ROU,830242
4422600,135,185,8733,2020,112050.0,244927.0,-0.06779199999999999,-0.240851,MDA,ROU,830242
4422601,138,185,8733,2020,7089.0,2749.0,0.974514,0.563643,MEX,ROU,830242
4422602,144,185,8733,2020,0.0,2449.0,0.355595,0.140822,MNE,ROU,830242
4422603,153,185,8733,2020,0.0,9298.0,1.185223,0.573439,MYS,ROU,830242
4422604,162,185,8733,2020,1376285.0,405837.0,1.035951,1.559401,NLD,ROU,830242
4422605,163,185,8733,2020,17077.0,222983.0,0.793459,0.369766,NOR,ROU,830242
4422606,166,185,8733,2020,0.0,5312.0,0.145567,0.070121,NZL,ROU,830242
4422607,174,185,8733,2020,0.0,17253.0,0.755786,0.24693,PHL,ROU,830242
4422608,177,185,8733,2020,15975926.0,351062.0,1.0227979999999999,1.4079139999999999,POL,ROU,830242
4422609,179,185,8733,2020,28705.0,0.0,0.656999,2.1136470000000003,PRT,ROU,830242
4422610,186,185,8733,2020,47611.0,3568.0,0.373882,0.42102700000000004,RUS,ROU,830242
4422611,188,185,8733,2020,0.0,10603.0,0.662925,-0.21661999999999998,SAU,ROU,830242
4422612,192,185,8733,2020,0.0,6975.0,1.948379,0.610574,SGP,ROU,830242
4422613,201,185,8733,2020,574329.0,609192.0,0.5868399999999999,1.1187120000000002,SRB,ROU,830242
4422614,206,185,8733,2020,6818606.0,132245.0,1.338026,0.825268,SVK,ROU,830242
4422615,207,185,8733,2020,818210.0,48919.0,1.570699,0.8442459999999999,SVN,ROU,830242
4422616,208,185,8733,2020,69099.0,15744.0,1.6911310000000002,0.791586,SWE,ROU,830242
4422617,216,185,8733,2020,0.0,57653.0,1.035524,1.2777180000000001,THA,ROU,830242
4422618,224,185,8733,2020,5295756.0,637814.0,0.590472,2.619866,TUR,ROU,830242
4422619,228,185,8733,2020,12193.0,103397.0,0.383736,0.531328,UKR,ROU,830242
4422620,231,185,8733,2020,10361.0,1836300.0,1.588148,0.380904,USA,ROU,830242
4422621,239,185,8733,2020,66822.0,0.0,0.034229,0.89099,VNM,ROU,830242
4422622,246,185,8733,2020,0.0,3602.0,0.042099,0.923931,ZAF,ROU,830242
4422623,249,185,8733,2020,710069.0,261692.0,2.0517060000000003,1.205431,TWN,ROU,830242
4422624,9,186,8733,2020,21133.0,460402.0,-0.129502,-0.671068,ARM,RUS,830242
4422625,14,186,8733,2020,0.0,4747.0,-0.32910500000000004,-0.232963,AUS,RUS,830242
4422626,15,186,8733,2020,36865024.0,5828.0,1.6711310000000001,0.059096,AUT,RUS,830242
4422627,16,186,8733,2020,0.0,54564.0,-1.142366,-1.2529190000000001,AZE,RUS,830242
4422628,18,186,8733,2020,300962.0,1405.0,1.204632,1.278346,BEL,RUS,830242
4422629,23,186,8733,2020,81324.0,8060.0,0.6328520000000001,1.8517009999999998,BGR,RUS,830242
4422630,26,186,8733,2020,18276.0,0.0,0.5449470000000001,0.91781,BIH,RUS,830242
4422631,28,186,8733,2020,4962942.0,3519086.0,0.858776,1.085652,BLR,RUS,830242
4422632,39,186,8733,2020,1805.0,1042.0,0.609267,1.1890479999999999,CAN,RUS,830242
4422633,41,186,8733,2020,199055.0,0.0,2.184038,0.900965,CHE,RUS,830242
4422634,43,186,8733,2020,119705816.0,32076.0,1.187837,1.2237770000000001,CHN,RUS,830242
4422635,58,186,8733,2020,0.0,36763.0,0.5354760000000001,-0.069753,CYP,RUS,830242
4422636,59,186,8733,2020,841943.0,813.0,1.716646,0.602441,CZE,RUS,830242
4422637,61,186,8733,2020,25658534.0,25323.0,2.027494,-2.3646689999999997,DEU,RUS,830242
4422638,64,186,8733,2020,194302.0,32324.0,1.093217,1.2166549999999998,DNK,RUS,830242
4422639,71,186,8733,2020,456820.0,0.0,0.736657,2.731661,ESP,RUS,830242
4422640,72,186,8733,2020,503948.0,10557.0,1.012385,1.305015,EST,RUS,830242
4422641,74,186,8733,2020,286678.0,0.0,1.498089,1.066223,FIN,RUS,830242
4422642,77,186,8733,2020,70427.0,0.0,1.341275,0.8991870000000001,FRA,RUS,830242
4422643,81,186,8733,2020,1787823.0,0.0,1.6459,0.7702640000000001,GBR,RUS,830242
4422644,82,186,8733,2020,0.0,18997.0,-0.199775,-0.38684,GEO,RUS,830242
4422645,97,186,8733,2020,250094.0,0.0,1.070483,1.183618,HKG,RUS,830242
4422646,102,186,8733,2020,1071629.0,0.0,1.393152,0.878916,HUN,RUS,830242
4422647,104,186,8733,2020,201318.0,4191.0,0.464674,2.838779,IND,RUS,830242
4422648,110,186,8733,2020,0.0,15794.0,1.487557,0.8370920000000001,ISR,RUS,830242
4422649,111,186,8733,2020,17516746.0,0.0,1.299017,0.701797,ITA,RUS,830242
4422650,114,186,8733,2020,7810.0,0.0,2.405659,-0.38169000000000003,JPN,RUS,830242
4422651,115,186,8733,2020,86618.0,4682308.0,-0.48361899999999997,-0.626675,KAZ,RUS,830242
4422652,117,186,8733,2020,0.0,197503.0,-0.117317,0.36644,KGZ,RUS,830242
4422653,121,186,8733,2020,215352.0,8992.0,1.9703950000000001,0.800826,KOR,RUS,830242
4422654,130,186,8733,2020,5713334.0,37548.0,0.9772870000000001,1.291244,LTU,RUS,830242
4422655,132,186,8733,2020,269630.0,1894.0,0.712901,1.119907,LVA,RUS,830242
4422656,135,186,8733,2020,0.0,75863.0,-0.06779199999999999,-0.240851,MDA,RUS,830242
4422657,138,186,8733,2020,43970.0,0.0,0.974514,0.563643,MEX,RUS,830242
4422658,145,186,8733,2020,0.0,2936.0,-1.011938,-1.127569,MNG,RUS,830242
4422659,153,186,8733,2020,3217.0,0.0,1.185223,0.573439,MYS,RUS,830242
4422660,162,186,8733,2020,1073453.0,2148.0,1.035951,1.559401,NLD,RUS,830242
4422661,163,186,8733,2020,14523.0,5789.0,0.793459,0.369766,NOR,RUS,830242
4422662,174,186,8733,2020,21880.0,0.0,0.755786,0.24693,PHL,RUS,830242
4422663,177,186,8733,2020,17825032.0,89215.0,1.0227979999999999,1.4079139999999999,POL,RUS,830242
4422664,179,186,8733,2020,4187.0,0.0,0.656999,2.1136470000000003,PRT,RUS,830242
4422665,185,186,8733,2020,3568.0,47611.0,1.13426,0.9767809999999999,ROU,RUS,830242
4422666,201,186,8733,2020,12719.0,8119.0,0.5868399999999999,1.1187120000000002,SRB,RUS,830242
4422667,206,186,8733,2020,3990376.0,0.0,1.338026,0.825268,SVK,RUS,830242
4422668,207,186,8733,2020,3286762.0,0.0,1.570699,0.8442459999999999,SVN,RUS,830242
4422669,208,186,8733,2020,1629919.0,0.0,1.6911310000000002,0.791586,SWE,RUS,830242
4422670,216,186,8733,2020,153539.0,813.0,1.035524,1.2777180000000001,THA,RUS,830242
4422671,217,186,8733,2020,0.0,26489.0,-0.73744,-1.0706950000000002,TJK,RUS,830242
4422672,224,186,8733,2020,8125863.0,105853.0,0.590472,2.619866,TUR,RUS,830242
4422673,228,186,8733,2020,604252.0,766323.0,0.383736,0.531328,UKR,RUS,830242
4422674,231,186,8733,2020,116413.0,2417.0,1.588148,0.380904,USA,RUS,830242
4422675,232,186,8733,2020,0.0,92342.0,-0.309411,0.071414,UZB,RUS,830242
4422676,239,186,8733,2020,111719.0,0.0,0.034229,0.89099,VNM,RUS,830242
4422677,249,186,8733,2020,2138850.0,0.0,2.0517060000000003,1.205431,TWN,RUS,830242
4422678,250,186,8733,2020,8133.0,0.0,0.866041,-0.371104,ANS,RUS,830242
4422679,7,191,8733,2020,18027.0,0.0,-0.118349,-0.789485,ARE,SEN,830242
4422680,15,191,8733,2020,14044.0,0.0,1.6711310000000001,0.059096,AUT,SEN,830242
4422681,18,191,8733,2020,3616.0,0.0,1.204632,1.278346,BEL,SEN,830242
4422682,32,191,8733,2020,4729.0,0.0,0.054622000000000004,0.532291,BRA,SEN,830242
4422683,41,191,8733,2020,817.0,0.0,2.184038,0.900965,CHE,SEN,830242
4422684,43,191,8733,2020,3511953.0,0.0,1.187837,1.2237770000000001,CHN,SEN,830242
4422685,61,191,8733,2020,5764.0,0.0,2.027494,-2.3646689999999997,DEU,SEN,830242
4422686,71,191,8733,2020,15655.0,0.0,0.736657,2.731661,ESP,SEN,830242
4422687,77,191,8733,2020,2978.0,0.0,1.341275,0.8991870000000001,FRA,SEN,830242
4422688,87,191,8733,2020,0.0,2391.0,-1.11216,-0.956471,GMB,SEN,830242
4422689,104,191,8733,2020,25927.0,0.0,0.464674,2.838779,IND,SEN,830242
4422690,111,191,8733,2020,15149.0,0.0,1.299017,0.701797,ITA,SEN,830242
4422691,134,191,8733,2020,23106.0,0.0,-0.5208510000000001,-0.080499,MAR,SEN,830242
4422692,179,191,8733,2020,1792.0,0.0,0.656999,2.1136470000000003,PRT,SEN,830242
4422693,223,191,8733,2020,1328.0,0.0,0.220298,0.454477,TUN,SEN,830242
4422694,224,191,8733,2020,29472.0,0.0,0.590472,2.619866,TUR,SEN,830242
4422695,4,201,8733,2020,0.0,1326.0,-0.265229,0.059049000000000004,ALB,SRB,830242
4422696,7,201,8733,2020,0.0,298635.0,-0.118349,-0.789485,ARE,SRB,830242
4422697,9,201,8733,2020,0.0,1432.0,-0.129502,-0.671068,ARM,SRB,830242
4422698,14,201,8733,2020,0.0,139488.0,-0.32910500000000004,-0.232963,AUS,SRB,830242
4422699,15,201,8733,2020,4090260.0,3152013.0,1.6711310000000001,0.059096,AUT,SRB,830242
4422700,18,201,8733,2020,0.0,2031.0,1.204632,1.278346,BEL,SRB,830242
4422701,23,201,8733,2020,70716.0,36232.0,0.6328520000000001,1.8517009999999998,BGR,SRB,830242
4422702,26,201,8733,2020,16620.0,1019560.0,0.5449470000000001,0.91781,BIH,SRB,830242
4422703,28,201,8733,2020,53272.0,0.0,0.858776,1.085652,BLR,SRB,830242
4422704,39,201,8733,2020,0.0,40983.0,0.609267,1.1890479999999999,CAN,SRB,830242
4422705,41,201,8733,2020,83527.0,14097.0,2.184038,0.900965,CHE,SRB,830242
4422706,43,201,8733,2020,2780145.0,0.0,1.187837,1.2237770000000001,CHN,SRB,830242
4422707,59,201,8733,2020,39824.0,0.0,1.716646,0.602441,CZE,SRB,830242
4422708,61,201,8733,2020,5582394.0,558746.0,2.027494,-2.3646689999999997,DEU,SRB,830242
4422709,64,201,8733,2020,102025.0,228769.0,1.093217,1.2166549999999998,DNK,SRB,830242
4422710,71,201,8733,2020,19388.0,5317.0,0.736657,2.731661,ESP,SRB,830242
4422711,77,201,8733,2020,8153.0,1124.0,1.341275,0.8991870000000001,FRA,SRB,830242
4422712,81,201,8733,2020,17501.0,0.0,1.6459,0.7702640000000001,GBR,SRB,830242
4422713,90,201,8733,2020,579223.0,37952.0,0.199011,1.087811,GRC,SRB,830242
4422714,100,201,8733,2020,906502.0,347089.0,0.876001,1.250877,HRV,SRB,830242
4422715,102,201,8733,2020,361852.0,194040.0,1.393152,0.878916,HUN,SRB,830242
4422716,103,201,8733,2020,2927.0,0.0,-0.16761700000000002,1.571009,IDN,SRB,830242
4422717,104,201,8733,2020,3503.0,0.0,0.464674,2.838779,IND,SRB,830242
4422718,106,201,8733,2020,0.0,3769.0,1.337791,-0.20829699999999998,IRL,SRB,830242
4422719,111,201,8733,2020,2002022.0,15905.0,1.299017,0.701797,ITA,SRB,830242
4422720,114,201,8733,2020,429.0,18407.0,2.405659,-0.38169000000000003,JPN,SRB,830242
4422721,121,201,8733,2020,0.0,1604.0,1.9703950000000001,0.800826,KOR,SRB,830242
4422722,124,201,8733,2020,0.0,1955.0,0.35459,1.067965,LBN,SRB,830242
4422723,130,201,8733,2020,10488.0,42102.0,0.9772870000000001,1.291244,LTU,SRB,830242
4422724,132,201,8733,2020,12015.0,0.0,0.712901,1.119907,LVA,SRB,830242
4422725,135,201,8733,2020,0.0,986.0,-0.06779199999999999,-0.240851,MDA,SRB,830242
4422726,138,201,8733,2020,4476.0,0.0,0.974514,0.563643,MEX,SRB,830242
4422727,140,201,8733,2020,9987.0,58253.0,0.147947,-0.11116500000000001,MKD,SRB,830242
4422728,144,201,8733,2020,25782.0,312854.0,0.355595,0.140822,MNE,SRB,830242
4422729,145,201,8733,2020,0.0,1124.0,-1.011938,-1.127569,MNG,SRB,830242
4422730,162,201,8733,2020,13439.0,0.0,1.035951,1.559401,NLD,SRB,830242
4422731,163,201,8733,2020,0.0,16416.0,0.793459,0.369766,NOR,SRB,830242
4422732,174,201,8733,2020,1690.0,0.0,0.755786,0.24693,PHL,SRB,830242
4422733,177,201,8733,2020,790836.0,522669.0,1.0227979999999999,1.4079139999999999,POL,SRB,830242
4422734,185,201,8733,2020,609192.0,574329.0,1.13426,0.9767809999999999,ROU,SRB,830242
4422735,186,201,8733,2020,8119.0,12719.0,0.373882,0.42102700000000004,RUS,SRB,830242
4422736,192,201,8733,2020,3742.0,0.0,1.948379,0.610574,SGP,SRB,830242
4422737,206,201,8733,2020,163744.0,245045.0,1.338026,0.825268,SVK,SRB,830242
4422738,207,201,8733,2020,1281972.0,256274.0,1.570699,0.8442459999999999,SVN,SRB,830242
4422739,208,201,8733,2020,2378.0,0.0,1.6911310000000002,0.791586,SWE,SRB,830242
4422740,224,201,8733,2020,2632705.0,0.0,0.590472,2.619866,TUR,SRB,830242
4422741,228,201,8733,2020,20676.0,5808.0,0.383736,0.531328,UKR,SRB,830242
4422742,231,201,8733,2020,1737.0,77367.0,1.588148,0.380904,USA,SRB,830242
4422743,239,201,8733,2020,4903.0,0.0,0.034229,0.89099,VNM,SRB,830242
4422744,246,201,8733,2020,0.0,5616.0,0.042099,0.923931,ZAF,SRB,830242
4422745,249,201,8733,2020,2794.0,0.0,2.0517060000000003,1.205431,TWN,SRB,830242
4422746,4,207,8733,2020,0.0,15423.0,-0.265229,0.059049000000000004,ALB,SVN,830242
4422747,7,207,8733,2020,0.0,9130.0,-0.118349,-0.789485,ARE,SVN,830242
4422748,9,207,8733,2020,0.0,13567.0,-0.129502,-0.671068,ARM,SVN,830242
4422749,14,207,8733,2020,634.0,384743.0,-0.32910500000000004,-0.232963,AUS,SVN,830242
4422750,15,207,8733,2020,7652784.0,368827.0,1.6711310000000001,0.059096,AUT,SVN,830242
4422751,18,207,8733,2020,7559.0,450986.0,1.204632,1.278346,BEL,SVN,830242
4422752,23,207,8733,2020,1990.0,52865.0,0.6328520000000001,1.8517009999999998,BGR,SVN,830242
4422753,26,207,8733,2020,143796.0,1078577.0,0.5449470000000001,0.91781,BIH,SVN,830242
4422754,28,207,8733,2020,0.0,171210.0,0.858776,1.085652,BLR,SVN,830242
4422755,32,207,8733,2020,0.0,69244.0,0.054622000000000004,0.532291,BRA,SVN,830242
4422756,39,207,8733,2020,0.0,281268.0,0.609267,1.1890479999999999,CAN,SVN,830242
4422757,41,207,8733,2020,314841.0,178758.0,2.184038,0.900965,CHE,SVN,830242
4422758,43,207,8733,2020,3967466.0,533196.0,1.187837,1.2237770000000001,CHN,SVN,830242
4422759,49,207,8733,2020,0.0,28724.0,0.115954,0.104558,COL,SVN,830242
4422760,58,207,8733,2020,0.0,16912.0,0.5354760000000001,-0.069753,CYP,SVN,830242
4422761,59,207,8733,2020,176536.0,1285304.0,1.716646,0.602441,CZE,SVN,830242
4422762,61,207,8733,2020,3022455.0,9938405.0,2.027494,-2.3646689999999997,DEU,SVN,830242
4422763,64,207,8733,2020,57107.0,103443.0,1.093217,1.2166549999999998,DNK,SVN,830242
4422764,68,207,8733,2020,0.0,76409.0,-0.186095,1.6414330000000001,EGY,SVN,830242
4422765,71,207,8733,2020,272525.0,1857723.0,0.736657,2.731661,ESP,SVN,830242
4422766,72,207,8733,2020,16538.0,8445.0,1.012385,1.305015,EST,SVN,830242
4422767,74,207,8733,2020,0.0,57458.0,1.498089,1.066223,FIN,SVN,830242
4422768,77,207,8733,2020,4872.0,2835336.0,1.341275,0.8991870000000001,FRA,SVN,830242
4422769,81,207,8733,2020,116899.0,3578077.0,1.6459,0.7702640000000001,GBR,SVN,830242
4422770,90,207,8733,2020,0.0,190249.0,0.199011,1.087811,GRC,SVN,830242
4422771,93,207,8733,2020,0.0,24325.0,-0.32240100000000005,0.542048,GTM,SVN,830242
4422772,97,207,8733,2020,0.0,432772.0,1.070483,1.183618,HKG,SVN,830242
4422773,100,207,8733,2020,439414.0,3335192.0,0.876001,1.250877,HRV,SVN,830242
4422774,102,207,8733,2020,24600.0,553738.0,1.393152,0.878916,HUN,SVN,830242
4422775,104,207,8733,2020,7953.0,40270.0,0.464674,2.838779,IND,SVN,830242
4422776,106,207,8733,2020,4115.0,42489.0,1.337791,-0.20829699999999998,IRL,SVN,830242
4422777,109,207,8733,2020,0.0,2015.0,0.27161399999999997,-0.17819200000000002,ISL,SVN,830242
4422778,110,207,8733,2020,1177.0,108679.0,1.487557,0.8370920000000001,ISR,SVN,830242
4422779,111,207,8733,2020,5622904.0,16356528.0,1.299017,0.701797,ITA,SVN,830242
4422780,113,207,8733,2020,0.0,107721.0,-0.060384,0.139902,JOR,SVN,830242
4422781,114,207,8733,2020,3648.0,22513.0,2.405659,-0.38169000000000003,JPN,SVN,830242
4422782,116,207,8733,2020,0.0,7785.0,-0.496446,0.562476,KEN,SVN,830242
4422783,121,207,8733,2020,0.0,1390.0,1.9703950000000001,0.800826,KOR,SVN,830242
4422784,130,207,8733,2020,937.0,1147681.0,0.9772870000000001,1.291244,LTU,SVN,830242
4422785,132,207,8733,2020,20952.0,7184.0,0.712901,1.119907,LVA,SVN,830242
4422786,135,207,8733,2020,0.0,125062.0,-0.06779199999999999,-0.240851,MDA,SVN,830242
4422787,138,207,8733,2020,60169.0,35720.0,0.974514,0.563643,MEX,SVN,830242
4422788,140,207,8733,2020,0.0,258464.0,0.147947,-0.11116500000000001,MKD,SVN,830242
4422789,142,207,8733,2020,0.0,2392.0,0.9159309999999999,0.24442199999999997,MLT,SVN,830242
4422790,144,207,8733,2020,0.0,67917.0,0.355595,0.140822,MNE,SVN,830242
4422791,153,207,8733,2020,4112.0,28032.0,1.185223,0.573439,MYS,SVN,830242
4422792,162,207,8733,2020,59849.0,347964.0,1.035951,1.559401,NLD,SVN,830242
4422793,163,207,8733,2020,0.0,1159.0,0.793459,0.369766,NOR,SVN,830242
4422794,166,207,8733,2020,0.0,40921.0,0.145567,0.070121,NZL,SVN,830242
4422795,177,207,8733,2020,492768.0,3221509.0,1.0227979999999999,1.4079139999999999,POL,SVN,830242
4422796,179,207,8733,2020,75220.0,7323.0,0.656999,2.1136470000000003,PRT,SVN,830242
4422797,185,207,8733,2020,48919.0,818210.0,1.13426,0.9767809999999999,ROU,SVN,830242
4422798,186,207,8733,2020,0.0,3286762.0,0.373882,0.42102700000000004,RUS,SVN,830242
4422799,188,207,8733,2020,0.0,61368.0,0.662925,-0.21661999999999998,SAU,SVN,830242
4422800,192,207,8733,2020,195221.0,614788.0,1.948379,0.610574,SGP,SVN,830242
4422801,198,207,8733,2020,0.0,1097.0,1.106732,0.578281,SMR,SVN,830242
4422802,201,207,8733,2020,256274.0,1281972.0,0.5868399999999999,1.1187120000000002,SRB,SVN,830242
4422803,205,207,8733,2020,14747.0,0.0,-0.272244,-0.937541,SUR,SVN,830242
4422804,206,207,8733,2020,708836.0,15101684.0,1.338026,0.825268,SVK,SVN,830242
4422805,208,207,8733,2020,8656.0,16780.0,1.6911310000000002,0.791586,SWE,SVN,830242
4422806,216,207,8733,2020,19594.0,44192.0,1.035524,1.2777180000000001,THA,SVN,830242
4422807,224,207,8733,2020,356217.0,1709749.0,0.590472,2.619866,TUR,SVN,830242
4422808,228,207,8733,2020,65386.0,86709.0,0.383736,0.531328,UKR,SVN,830242
4422809,230,207,8733,2020,0.0,1045.0,-0.127375,-0.449032,URY,SVN,830242
4422810,231,207,8733,2020,3340.0,2467361.0,1.588148,0.380904,USA,SVN,830242
4422811,239,207,8733,2020,4277.0,0.0,0.034229,0.89099,VNM,SVN,830242
4422812,246,207,8733,2020,0.0,157011.0,0.042099,0.923931,ZAF,SVN,830242
4422813,249,207,8733,2020,71896.0,63882.0,2.0517060000000003,1.205431,TWN,SVN,830242
4422814,250,207,8733,2020,2489786.0,0.0,0.866041,-0.371104,ANS,SVN,830242
4422815,15,217,8733,2020,44989.0,0.0,1.6711310000000001,0.059096,AUT,TJK,830242
4422816,43,217,8733,2020,3707742.0,0.0,1.187837,1.2237770000000001,CHN,TJK,830242
4422817,107,217,8733,2020,6771.0,0.0,-0.362286,-0.242846,IRN,TJK,830242
4422818,111,217,8733,2020,10915.0,0.0,1.299017,0.701797,ITA,TJK,830242
4422819,115,217,8733,2020,93562.0,0.0,-0.48361899999999997,-0.626675,KAZ,TJK,830242
4422820,117,217,8733,2020,4886.0,7279.0,-0.117317,0.36644,KGZ,TJK,830242
4422821,130,217,8733,2020,22223.0,0.0,0.9772870000000001,1.291244,LTU,TJK,830242
4422822,177,217,8733,2020,7049.0,0.0,1.0227979999999999,1.4079139999999999,POL,TJK,830242
4422823,186,217,8733,2020,26489.0,0.0,0.373882,0.42102700000000004,RUS,TJK,830242
4422824,224,217,8733,2020,56012.0,0.0,0.590472,2.619866,TUR,TJK,830242
4422825,232,217,8733,2020,23257.0,0.0,-0.309411,0.071414,UZB,TJK,830242
4422826,7,228,8733,2020,0.0,137446.0,-0.118349,-0.789485,ARE,UKR,830242
4422827,15,228,8733,2020,10063922.0,15732.0,1.6711310000000001,0.059096,AUT,UKR,830242
4422828,16,228,8733,2020,0.0,261394.0,-1.142366,-1.2529190000000001,AZE,UKR,830242
4422829,18,228,8733,2020,1586.0,66902.0,1.204632,1.278346,BEL,UKR,830242
4422830,23,228,8733,2020,15114.0,7597.0,0.6328520000000001,1.8517009999999998,BGR,UKR,830242
4422831,24,228,8733,2020,0.0,10333.0,0.379085,-0.634111,BHR,UKR,830242
4422832,26,228,8733,2020,0.0,65015.0,0.5449470000000001,0.91781,BIH,UKR,830242
4422833,28,228,8733,2020,69068.0,1196551.0,0.858776,1.085652,BLR,UKR,830242
4422834,39,228,8733,2020,11362.0,1822.0,0.609267,1.1890479999999999,CAN,UKR,830242
4422835,41,228,8733,2020,17322.0,1446.0,2.184038,0.900965,CHE,UKR,830242
4422836,43,228,8733,2020,27464642.0,0.0,1.187837,1.2237770000000001,CHN,UKR,830242
4422837,59,228,8733,2020,48485.0,24122.0,1.716646,0.602441,CZE,UKR,830242
4422838,61,228,8733,2020,5058028.0,125034.0,2.027494,-2.3646689999999997,DEU,UKR,830242
4422839,64,228,8733,2020,477806.0,119705.0,1.093217,1.2166549999999998,DNK,UKR,830242
4422840,66,228,8733,2020,0.0,32593.0,-1.015133,-1.243726,DZA,UKR,830242
4422841,68,228,8733,2020,3125.0,7985.0,-0.186095,1.6414330000000001,EGY,UKR,830242
4422842,71,228,8733,2020,231732.0,0.0,0.736657,2.731661,ESP,UKR,830242
4422843,72,228,8733,2020,1922.0,5673.0,1.012385,1.305015,EST,UKR,830242
4422844,74,228,8733,2020,0.0,7174.0,1.498089,1.066223,FIN,UKR,830242
4422845,77,228,8733,2020,65990.0,98784.0,1.341275,0.8991870000000001,FRA,UKR,830242
4422846,81,228,8733,2020,24846.0,8967.0,1.6459,0.7702640000000001,GBR,UKR,830242
4422847,82,228,8733,2020,0.0,71780.0,-0.199775,-0.38684,GEO,UKR,830242
4422848,97,228,8733,2020,16280.0,0.0,1.070483,1.183618,HKG,UKR,830242
4422849,100,228,8733,2020,52760.0,0.0,0.876001,1.250877,HRV,UKR,830242
4422850,102,228,8733,2020,252461.0,8523.0,1.393152,0.878916,HUN,UKR,830242
4422851,104,228,8733,2020,2190.0,0.0,0.464674,2.838779,IND,UKR,830242
4422852,106,228,8733,2020,0.0,11115.0,1.337791,-0.20829699999999998,IRL,UKR,830242
4422853,110,228,8733,2020,0.0,162753.0,1.487557,0.8370920000000001,ISR,UKR,830242
4422854,111,228,8733,2020,2921295.0,9243.0,1.299017,0.701797,ITA,UKR,830242
4422855,114,228,8733,2020,2450.0,0.0,2.405659,-0.38169000000000003,JPN,UKR,830242
4422856,121,228,8733,2020,10414.0,0.0,1.9703950000000001,0.800826,KOR,UKR,830242
4422857,122,228,8733,2020,0.0,4475.0,-0.072977,-1.090017,KWT,UKR,830242
4422858,130,228,8733,2020,45963.0,314539.0,0.9772870000000001,1.291244,LTU,UKR,830242
4422859,132,228,8733,2020,8127.0,3972.0,0.712901,1.119907,LVA,UKR,830242
4422860,135,228,8733,2020,0.0,335975.0,-0.06779199999999999,-0.240851,MDA,UKR,830242
4422861,138,228,8733,2020,20992.0,0.0,0.974514,0.563643,MEX,UKR,830242
4422862,144,228,8733,2020,0.0,12346.0,0.355595,0.140822,MNE,UKR,830242
4422863,162,228,8733,2020,26689.0,44042.0,1.035951,1.559401,NLD,UKR,830242
4422864,174,228,8733,2020,940.0,0.0,0.755786,0.24693,PHL,UKR,830242
4422865,177,228,8733,2020,7299742.0,1468277.0,1.0227979999999999,1.4079139999999999,POL,UKR,830242
4422866,179,228,8733,2020,9479.0,0.0,0.656999,2.1136470000000003,PRT,UKR,830242
4422867,183,228,8733,2020,0.0,8566.0,-0.028836,-1.0183950000000002,QAT,UKR,830242
4422868,185,228,8733,2020,103397.0,12193.0,1.13426,0.9767809999999999,ROU,UKR,830242
4422869,186,228,8733,2020,766323.0,604252.0,0.373882,0.42102700000000004,RUS,UKR,830242
4422870,188,228,8733,2020,0.0,10942.0,0.662925,-0.21661999999999998,SAU,UKR,830242
4422871,201,228,8733,2020,5808.0,20676.0,0.5868399999999999,1.1187120000000002,SRB,UKR,830242
4422872,206,228,8733,2020,63476.0,5150.0,1.338026,0.825268,SVK,UKR,830242
4422873,207,228,8733,2020,86709.0,65386.0,1.570699,0.8442459999999999,SVN,UKR,830242
4422874,208,228,8733,2020,82663.0,59484.0,1.6911310000000002,0.791586,SWE,UKR,830242
4422875,216,228,8733,2020,1710.0,23969.0,1.035524,1.2777180000000001,THA,UKR,830242
4422876,224,228,8733,2020,1210228.0,0.0,0.590472,2.619866,TUR,UKR,830242
4422877,231,228,8733,2020,3931.0,4759.0,1.588148,0.380904,USA,UKR,830242
4422878,232,228,8733,2020,0.0,24053.0,-0.309411,0.071414,UZB,UKR,830242
4422879,239,228,8733,2020,38814.0,0.0,0.034229,0.89099,VNM,UKR,830242
4422880,249,228,8733,2020,39161.0,0.0,2.0517060000000003,1.205431,TWN,UKR,830242
4422881,15,232,8733,2020,198641.0,0.0,1.6711310000000001,0.059096,AUT,UZB,830242
4422882,28,232,8733,2020,26793.0,0.0,0.858776,1.085652,BLR,UZB,830242
4422883,43,232,8733,2020,8642863.0,0.0,1.187837,1.2237770000000001,CHN,UZB,830242
4422884,59,232,8733,2020,20862.0,0.0,1.716646,0.602441,CZE,UZB,830242
4422885,61,232,8733,2020,465562.0,0.0,2.027494,-2.3646689999999997,DEU,UZB,830242
4422886,102,232,8733,2020,46848.0,0.0,1.393152,0.878916,HUN,UZB,830242
4422887,104,232,8733,2020,3215.0,0.0,0.464674,2.838779,IND,UZB,830242
4422888,111,232,8733,2020,62610.0,0.0,1.299017,0.701797,ITA,UZB,830242
4422889,115,232,8733,2020,12765.0,11387.0,-0.48361899999999997,-0.626675,KAZ,UZB,830242
4422890,117,232,8733,2020,0.0,112634.0,-0.117317,0.36644,KGZ,UZB,830242
4422891,130,232,8733,2020,118343.0,0.0,0.9772870000000001,1.291244,LTU,UZB,830242
4422892,132,232,8733,2020,242471.0,0.0,0.712901,1.119907,LVA,UZB,830242
4422893,162,232,8733,2020,1142.0,0.0,1.035951,1.559401,NLD,UZB,830242
4422894,186,232,8733,2020,92342.0,0.0,0.373882,0.42102700000000004,RUS,UZB,830242
4422895,217,232,8733,2020,0.0,23257.0,-0.73744,-1.0706950000000002,TJK,UZB,830242
4422896,224,232,8733,2020,1337339.0,0.0,0.590472,2.619866,TUR,UZB,830242
4422897,228,232,8733,2020,24053.0,0.0,0.383736,0.531328,UKR,UZB,830242
4422898,231,232,8733,2020,2631.0,0.0,1.588148,0.380904,USA,UZB,830242
4422899,7,19,8733,2020,5854.0,0.0,-0.118349,-0.789485,ARE,BEN,830242
4422900,32,19,8733,2020,1879.0,0.0,0.054622000000000004,0.532291,BRA,BEN,830242
4422901,43,19,8733,2020,510358.0,0.0,1.187837,1.2237770000000001,CHN,BEN,830242
4422902,71,19,8733,2020,22646.0,0.0,0.736657,2.731661,ESP,BEN,830242
4422903,77,19,8733,2020,6808.0,0.0,1.341275,0.8991870000000001,FRA,BEN,830242
4422904,83,19,8733,2020,1118.0,0.0,-0.973506,-0.9559139999999999,GHA,BEN,830242
4422905,134,19,8733,2020,15918.0,0.0,-0.5208510000000001,-0.080499,MAR,BEN,830242
4422906,155,19,8733,2020,2143.0,0.0,-0.664967,-0.74835,NAM,BEN,830242
4422907,224,19,8733,2020,3801.0,0.0,0.590472,2.619866,TUR,BEN,830242
4422908,39,21,8733,2020,3983.0,0.0,0.609267,1.1890479999999999,CAN,BFA,830242
4422909,43,21,8733,2020,5359.0,0.0,1.187837,1.2237770000000001,CHN,BFA,830242
4422910,71,21,8733,2020,15835.0,0.0,0.736657,2.731661,ESP,BFA,830242
4422911,7,26,8733,2020,0.0,20830.0,-0.118349,-0.789485,ARE,BIH,830242
4422912,15,26,8733,2020,1526653.0,51375.0,1.6711310000000001,0.059096,AUT,BIH,830242
4422913,18,26,8733,2020,7791.0,0.0,1.204632,1.278346,BEL,BIH,830242
4422914,23,26,8733,2020,40075.0,0.0,0.6328520000000001,1.8517009999999998,BGR,BIH,830242
4422915,39,26,8733,2020,17024.0,0.0,0.609267,1.1890479999999999,CAN,BIH,830242
4422916,41,26,8733,2020,4704.0,4463.0,2.184038,0.900965,CHE,BIH,830242
4422917,43,26,8733,2020,44747.0,0.0,1.187837,1.2237770000000001,CHN,BIH,830242
4422918,59,26,8733,2020,6699.0,5070.0,1.716646,0.602441,CZE,BIH,830242
4422919,61,26,8733,2020,839048.0,315682.0,2.027494,-2.3646689999999997,DEU,BIH,830242
4422920,64,26,8733,2020,53718.0,6477.0,1.093217,1.2166549999999998,DNK,BIH,830242
4422921,71,26,8733,2020,23893.0,1021.0,0.736657,2.731661,ESP,BIH,830242
4422922,72,26,8733,2020,28888.0,0.0,1.012385,1.305015,EST,BIH,830242
4422923,77,26,8733,2020,2797.0,0.0,1.341275,0.8991870000000001,FRA,BIH,830242
4422924,81,26,8733,2020,0.0,3054.0,1.6459,0.7702640000000001,GBR,BIH,830242
4422925,97,26,8733,2020,29998.0,0.0,1.070483,1.183618,HKG,BIH,830242
4422926,100,26,8733,2020,1122502.0,29268.0,0.876001,1.250877,HRV,BIH,830242
4422927,102,26,8733,2020,133866.0,22234.0,1.393152,0.878916,HUN,BIH,830242
4422928,104,26,8733,2020,4348.0,0.0,0.464674,2.838779,IND,BIH,830242
4422929,111,26,8733,2020,1581886.0,532114.0,1.299017,0.701797,ITA,BIH,830242
4422930,114,26,8733,2020,1184.0,0.0,2.405659,-0.38169000000000003,JPN,BIH,830242
4422931,122,26,8733,2020,0.0,5383.0,-0.072977,-1.090017,KWT,BIH,830242
4422932,130,26,8733,2020,4836.0,0.0,0.9772870000000001,1.291244,LTU,BIH,830242
4422933,132,26,8733,2020,3406.0,0.0,0.712901,1.119907,LVA,BIH,830242
4422934,138,26,8733,2020,297.0,0.0,0.974514,0.563643,MEX,BIH,830242
4422935,144,26,8733,2020,0.0,9922.0,0.355595,0.140822,MNE,BIH,830242
4422936,162,26,8733,2020,24204.0,1688.0,1.035951,1.559401,NLD,BIH,830242
4422937,163,26,8733,2020,0.0,4653.0,0.793459,0.369766,NOR,BIH,830242
4422938,177,26,8733,2020,253044.0,7961.0,1.0227979999999999,1.4079139999999999,POL,BIH,830242
4422939,185,26,8733,2020,3351.0,3699.0,1.13426,0.9767809999999999,ROU,BIH,830242
4422940,186,26,8733,2020,0.0,18276.0,0.373882,0.42102700000000004,RUS,BIH,830242
4422941,188,26,8733,2020,0.0,13712.0,0.662925,-0.21661999999999998,SAU,BIH,830242
4422942,192,26,8733,2020,475.0,0.0,1.948379,0.610574,SGP,BIH,830242
4422943,201,26,8733,2020,1019560.0,16620.0,0.5868399999999999,1.1187120000000002,SRB,BIH,830242
4422944,206,26,8733,2020,380021.0,0.0,1.338026,0.825268,SVK,BIH,830242
4422945,207,26,8733,2020,1078577.0,143796.0,1.570699,0.8442459999999999,SVN,BIH,830242
4422946,208,26,8733,2020,474237.0,4858.0,1.6911310000000002,0.791586,SWE,BIH,830242
4422947,216,26,8733,2020,59871.0,0.0,1.035524,1.2777180000000001,THA,BIH,830242
4422948,224,26,8733,2020,2013423.0,0.0,0.590472,2.619866,TUR,BIH,830242
4422949,228,26,8733,2020,65015.0,0.0,0.383736,0.531328,UKR,BIH,830242
4422950,239,26,8733,2020,9151.0,0.0,0.034229,0.89099,VNM,BIH,830242
4422951,249,26,8733,2020,21726.0,0.0,2.0517060000000003,1.205431,TWN,BIH,830242
4422952,8,31,8733,2020,2167.0,0.0,-0.14746199999999998,0.039795,ARG,BOL,830242
4422953,15,31,8733,2020,11218.0,0.0,1.6711310000000001,0.059096,AUT,BOL,830242
4422954,32,31,8733,2020,299219.0,0.0,0.054622000000000004,0.532291,BRA,BOL,830242
4422955,41,31,8733,2020,1208.0,0.0,2.184038,0.900965,CHE,BOL,830242
4422956,42,31,8733,2020,197917.0,0.0,-0.307923,-0.565983,CHL,BOL,830242
4422957,43,31,8733,2020,422917.0,0.0,1.187837,1.2237770000000001,CHN,BOL,830242
4422958,49,31,8733,2020,75139.0,0.0,0.115954,0.104558,COL,BOL,830242
4422959,61,31,8733,2020,26860.0,0.0,2.027494,-2.3646689999999997,DEU,BOL,830242
4422960,64,31,8733,2020,11243.0,0.0,1.093217,1.2166549999999998,DNK,BOL,830242
4422961,71,31,8733,2020,49017.0,0.0,0.736657,2.731661,ESP,BOL,830242
4422962,77,31,8733,2020,1027.0,0.0,1.341275,0.8991870000000001,FRA,BOL,830242
4422963,97,31,8733,2020,19398.0,0.0,1.070483,1.183618,HKG,BOL,830242
4422964,102,31,8733,2020,2713.0,0.0,1.393152,0.878916,HUN,BOL,830242
4422965,111,31,8733,2020,5396.0,0.0,1.299017,0.701797,ITA,BOL,830242
4422966,162,31,8733,2020,1032.0,0.0,1.035951,1.559401,NLD,BOL,830242
4422967,177,31,8733,2020,1464.0,0.0,1.0227979999999999,1.4079139999999999,POL,BOL,830242
4422968,224,31,8733,2020,6538.0,0.0,0.590472,2.619866,TUR,BOL,830242
4422969,231,31,8733,2020,5518.0,4475.0,1.588148,0.380904,USA,BOL,830242
4422970,249,31,8733,2020,20026.0,0.0,2.0517060000000003,1.205431,TWN,BOL,830242
4422971,43,37,8733,2020,404682.0,0.0,1.187837,1.2237770000000001,CHN,BWA,830242
4422972,246,37,8733,2020,655449.0,86843.0,0.042099,0.923931,ZAF,BWA,830242
4422973,247,37,8733,2020,4696.0,0.0,-0.9162379999999999,-0.9523940000000001,ZMB,BWA,830242
4422974,7,46,8733,2020,33460.0,0.0,-0.118349,-0.789485,ARE,COD,830242
4422975,18,46,8733,2020,11495.0,0.0,1.204632,1.278346,BEL,COD,830242
4422976,32,46,8733,2020,1526.0,0.0,0.054622000000000004,0.532291,BRA,COD,830242
4422977,43,46,8733,2020,558532.0,0.0,1.187837,1.2237770000000001,CHN,COD,830242
4422978,61,46,8733,2020,1872.0,0.0,2.027494,-2.3646689999999997,DEU,COD,830242
4422979,104,46,8733,2020,2881.0,0.0,0.464674,2.838779,IND,COD,830242
4422980,111,46,8733,2020,7280.0,0.0,1.299017,0.701797,ITA,COD,830242
4422981,116,46,8733,2020,3190.0,0.0,-0.496446,0.562476,KEN,COD,830242
4422982,124,46,8733,2020,1243.0,0.0,0.35459,1.067965,LBN,COD,830242
4422983,224,46,8733,2020,1439.0,0.0,0.590472,2.619866,TUR,COD,830242
4422984,226,46,8733,2020,8566.0,0.0,-1.024,-0.023909,TZA,COD,830242
4422985,231,46,8733,2020,211.0,0.0,1.588148,0.380904,USA,COD,830242
4422986,246,46,8733,2020,14660.0,0.0,0.042099,0.923931,ZAF,COD,830242
4422987,247,46,8733,2020,3239.0,0.0,-0.9162379999999999,-0.9523940000000001,ZMB,COD,830242
4422988,7,47,8733,2020,21986.0,0.0,-0.118349,-0.789485,ARE,COG,830242
4422989,43,47,8733,2020,567340.0,0.0,1.187837,1.2237770000000001,CHN,COG,830242
4422990,61,47,8733,2020,3650.0,0.0,2.027494,-2.3646689999999997,DEU,COG,830242
4422991,77,47,8733,2020,25431.0,0.0,1.341275,0.8991870000000001,FRA,COG,830242
4422992,104,47,8733,2020,1947.0,0.0,0.464674,2.838779,IND,COG,830242
4422993,111,47,8733,2020,5119.0,0.0,1.299017,0.701797,ITA,COG,830242
4422994,124,47,8733,2020,13768.0,0.0,0.35459,1.067965,LBN,COG,830242
4422995,153,47,8733,2020,13361.0,0.0,1.185223,0.573439,MYS,COG,830242
4422996,18,51,8733,2020,1320.0,0.0,1.204632,1.278346,BEL,CPV,830242
4422997,43,51,8733,2020,103807.0,0.0,1.187837,1.2237770000000001,CHN,CPV,830242
4422998,71,51,8733,2020,7857.0,0.0,0.736657,2.731661,ESP,CPV,830242
4422999,179,51,8733,2020,64529.0,0.0,0.656999,2.1136470000000003,PRT,CPV,830242
4423000,15,72,8733,2020,723861.0,0.0,1.6711310000000001,0.059096,AUT,EST,830242
4423001,18,72,8733,2020,1231.0,0.0,1.204632,1.278346,BEL,EST,830242
4423002,26,72,8733,2020,0.0,28888.0,0.5449470000000001,0.91781,BIH,EST,830242
4423003,28,72,8733,2020,0.0,46536.0,0.858776,1.085652,BLR,EST,830242
4423004,41,72,8733,2020,25468.0,7809.0,2.184038,0.900965,CHE,EST,830242
4423005,43,72,8733,2020,1663360.0,0.0,1.187837,1.2237770000000001,CHN,EST,830242
4423006,59,72,8733,2020,23790.0,51344.0,1.716646,0.602441,CZE,EST,830242
4423007,61,72,8733,2020,2234524.0,35017.0,2.027494,-2.3646689999999997,DEU,EST,830242
4423008,64,72,8733,2020,635811.0,49368.0,1.093217,1.2166549999999998,DNK,EST,830242
4423009,71,72,8733,2020,148265.0,0.0,0.736657,2.731661,ESP,EST,830242
4423010,74,72,8733,2020,1931376.0,143324.0,1.498089,1.066223,FIN,EST,830242
4423011,77,72,8733,2020,36062.0,952.0,1.341275,0.8991870000000001,FRA,EST,830242
4423012,81,72,8733,2020,44380.0,0.0,1.6459,0.7702640000000001,GBR,EST,830242
4423013,97,72,8733,2020,12779.0,0.0,1.070483,1.183618,HKG,EST,830242
4423014,100,72,8733,2020,15053.0,0.0,0.876001,1.250877,HRV,EST,830242
4423015,102,72,8733,2020,2056.0,0.0,1.393152,0.878916,HUN,EST,830242
4423016,104,72,8733,2020,96627.0,0.0,0.464674,2.838779,IND,EST,830242
4423017,109,72,8733,2020,0.0,2947.0,0.27161399999999997,-0.17819200000000002,ISL,EST,830242
4423018,111,72,8733,2020,631800.0,0.0,1.299017,0.701797,ITA,EST,830242
4423019,114,72,8733,2020,4809.0,0.0,2.405659,-0.38169000000000003,JPN,EST,830242
4423020,121,72,8733,2020,914.0,0.0,1.9703950000000001,0.800826,KOR,EST,830242
4423021,130,72,8733,2020,841307.0,103396.0,0.9772870000000001,1.291244,LTU,EST,830242
4423022,132,72,8733,2020,697041.0,519280.0,0.712901,1.119907,LVA,EST,830242
4423023,138,72,8733,2020,1192.0,0.0,0.974514,0.563643,MEX,EST,830242
4423024,162,72,8733,2020,61344.0,10152.0,1.035951,1.559401,NLD,EST,830242
4423025,163,72,8733,2020,18665.0,28820.0,0.793459,0.369766,NOR,EST,830242
4423026,177,72,8733,2020,1380247.0,121190.0,1.0227979999999999,1.4079139999999999,POL,EST,830242
4423027,179,72,8733,2020,0.0,1114.0,0.656999,2.1136470000000003,PRT,EST,830242
4423028,185,72,8733,2020,19634.0,6306.0,1.13426,0.9767809999999999,ROU,EST,830242
4423029,186,72,8733,2020,10557.0,503948.0,0.373882,0.42102700000000004,RUS,EST,830242
4423030,206,72,8733,2020,2122.0,0.0,1.338026,0.825268,SVK,EST,830242
4423031,207,72,8733,2020,8445.0,16538.0,1.570699,0.8442459999999999,SVN,EST,830242
4423032,208,72,8733,2020,428329.0,16216.0,1.6911310000000002,0.791586,SWE,EST,830242
4423033,216,72,8733,2020,5148.0,0.0,1.035524,1.2777180000000001,THA,EST,830242
4423034,224,72,8733,2020,61062.0,0.0,0.590472,2.619866,TUR,EST,830242
4423035,228,72,8733,2020,5673.0,1922.0,0.383736,0.531328,UKR,EST,830242
4423036,231,72,8733,2020,7938.0,46589.0,1.588148,0.380904,USA,EST,830242
4423037,239,72,8733,2020,1433.0,0.0,0.034229,0.89099,VNM,EST,830242
4423038,249,72,8733,2020,116030.0,0.0,2.0517060000000003,1.205431,TWN,EST,830242
4423039,250,72,8733,2020,2028796.0,0.0,0.866041,-0.371104,ANS,EST,830242
4423040,7,73,8733,2020,3821.0,0.0,-0.118349,-0.789485,ARE,ETH,830242
4423041,39,73,8733,2020,1371.0,0.0,0.609267,1.1890479999999999,CAN,ETH,830242
4423042,43,73,8733,2020,689364.0,0.0,1.187837,1.2237770000000001,CHN,ETH,830242
4423043,61,73,8733,2020,71784.0,0.0,2.027494,-2.3646689999999997,DEU,ETH,830242
4423044,71,73,8733,2020,8028.0,0.0,0.736657,2.731661,ESP,ETH,830242
4423045,111,73,8733,2020,1279.0,0.0,1.299017,0.701797,ITA,ETH,830242
4423046,121,73,8733,2020,5043.0,0.0,1.9703950000000001,0.800826,KOR,ETH,830242
4423047,216,73,8733,2020,17091.0,0.0,1.035524,1.2777180000000001,THA,ETH,830242
4423048,224,73,8733,2020,14933.0,0.0,0.590472,2.619866,TUR,ETH,830242
4423049,249,73,8733,2020,668.0,0.0,2.0517060000000003,1.205431,TWN,ETH,830242
4423050,43,129,8733,2020,36310.0,0.0,1.187837,1.2237770000000001,CHN,LSO,830242
4423051,246,129,8733,2020,194203.0,1841.0,0.042099,0.923931,ZAF,LSO,830242
4423052,15,134,8733,2020,483732.0,0.0,1.6711310000000001,0.059096,AUT,MAR,830242
4423053,19,134,8733,2020,0.0,15918.0,-0.467344,-0.686191,BEN,MAR,830242
4423054,23,134,8733,2020,9337.0,0.0,0.6328520000000001,1.8517009999999998,BGR,MAR,830242
4423055,41,134,8733,2020,8006.0,0.0,2.184038,0.900965,CHE,MAR,830242
4423056,43,134,8733,2020,14077769.0,0.0,1.187837,1.2237770000000001,CHN,MAR,830242
4423057,44,134,8733,2020,0.0,17323.0,-1.2299200000000001,-1.095777,CIV,MAR,830242
4423058,59,134,8733,2020,6130.0,0.0,1.716646,0.602441,CZE,MAR,830242
4423059,61,134,8733,2020,292315.0,0.0,2.027494,-2.3646689999999997,DEU,MAR,830242
4423060,64,134,8733,2020,2005.0,0.0,1.093217,1.2166549999999998,DNK,MAR,830242
4423061,66,134,8733,2020,0.0,17454.0,-1.015133,-1.243726,DZA,MAR,830242
4423062,71,134,8733,2020,1773682.0,4594.0,0.736657,2.731661,ESP,MAR,830242
4423063,74,134,8733,2020,10205.0,0.0,1.498089,1.066223,FIN,MAR,830242
4423064,77,134,8733,2020,474058.0,0.0,1.341275,0.8991870000000001,FRA,MAR,830242
4423065,80,134,8733,2020,0.0,8845.0,-1.6422990000000002,-1.207249,GAB,MAR,830242
4423066,81,134,8733,2020,3384.0,0.0,1.6459,0.7702640000000001,GBR,MAR,830242
4423067,85,134,8733,2020,0.0,1396.0,-1.841029,-1.233167,GIN,MAR,830242
4423068,100,134,8733,2020,1497.0,0.0,0.876001,1.250877,HRV,MAR,830242
4423069,103,134,8733,2020,5440.0,0.0,-0.16761700000000002,1.571009,IDN,MAR,830242
4423070,104,134,8733,2020,2417.0,0.0,0.464674,2.838779,IND,MAR,830242
4423071,111,134,8733,2020,379364.0,34808.0,1.299017,0.701797,ITA,MAR,830242
4423072,130,134,8733,2020,1149.0,0.0,0.9772870000000001,1.291244,LTU,MAR,830242
4423073,136,134,8733,2020,0.0,9563.0,-1.206503,-0.709465,MDG,MAR,830242
4423074,148,134,8733,2020,0.0,1056.0,-1.400894,-1.27631,MRT,MAR,830242
4423075,162,134,8733,2020,536839.0,0.0,1.035951,1.559401,NLD,MAR,830242
4423076,177,134,8733,2020,1053398.0,0.0,1.0227979999999999,1.4079139999999999,POL,MAR,830242
4423077,179,134,8733,2020,17551.0,0.0,0.656999,2.1136470000000003,PRT,MAR,830242
4423078,185,134,8733,2020,2019.0,0.0,1.13426,0.9767809999999999,ROU,MAR,830242
4423079,191,134,8733,2020,0.0,23106.0,-0.634185,-0.398728,SEN,MAR,830242
4423080,208,134,8733,2020,2338.0,0.0,1.6911310000000002,0.791586,SWE,MAR,830242
4423081,215,134,8733,2020,0.0,2543.0,-0.719535,-0.746202,TGO,MAR,830242
4423082,216,134,8733,2020,4845.0,0.0,1.035524,1.2777180000000001,THA,MAR,830242
4423083,223,134,8733,2020,12178.0,0.0,0.220298,0.454477,TUN,MAR,830242
4423084,224,134,8733,2020,732582.0,13821.0,0.590472,2.619866,TUR,MAR,830242
4423085,231,134,8733,2020,1559.0,0.0,1.588148,0.380904,USA,MAR,830242
4423086,249,134,8733,2020,9064.0,0.0,2.0517060000000003,1.205431,TWN,MAR,830242
4423087,250,134,8733,2020,0.0,15927.0,0.866041,-0.371104,ANS,MAR,830242
4423088,15,142,8733,2020,112123.0,0.0,1.6711310000000001,0.059096,AUT,MLT,830242
4423089,18,142,8733,2020,1856.0,0.0,1.204632,1.278346,BEL,MLT,830242
4423090,41,142,8733,2020,12277.0,0.0,2.184038,0.900965,CHE,MLT,830242
4423091,43,142,8733,2020,1152274.0,0.0,1.187837,1.2237770000000001,CHN,MLT,830242
4423092,59,142,8733,2020,4573.0,0.0,1.716646,0.602441,CZE,MLT,830242
4423093,61,142,8733,2020,248568.0,0.0,2.027494,-2.3646689999999997,DEU,MLT,830242
4423094,64,142,8733,2020,21307.0,17045.0,1.093217,1.2166549999999998,DNK,MLT,830242
4423095,71,142,8733,2020,497035.0,5304.0,0.736657,2.731661,ESP,MLT,830242
4423096,81,142,8733,2020,93477.0,1278.0,1.6459,0.7702640000000001,GBR,MLT,830242
4423097,100,142,8733,2020,16900.0,0.0,0.876001,1.250877,HRV,MLT,830242
4423098,102,142,8733,2020,0.0,2300.0,1.393152,0.878916,HUN,MLT,830242
4423099,104,142,8733,2020,12407.0,0.0,0.464674,2.838779,IND,MLT,830242
4423100,106,142,8733,2020,1171.0,0.0,1.337791,-0.20829699999999998,IRL,MLT,830242
4423101,111,142,8733,2020,594038.0,4275.0,1.299017,0.701797,ITA,MLT,830242
4423102,130,142,8733,2020,4594.0,0.0,0.9772870000000001,1.291244,LTU,MLT,830242
4423103,162,142,8733,2020,6111.0,0.0,1.035951,1.559401,NLD,MLT,830242
4423104,177,142,8733,2020,78638.0,0.0,1.0227979999999999,1.4079139999999999,POL,MLT,830242
4423105,206,142,8733,2020,5106.0,0.0,1.338026,0.825268,SVK,MLT,830242
4423106,207,142,8733,2020,2392.0,0.0,1.570699,0.8442459999999999,SVN,MLT,830242
4423107,224,142,8733,2020,216582.0,0.0,0.590472,2.619866,TUR,MLT,830242
4423108,231,142,8733,2020,1387.0,0.0,1.588148,0.380904,USA,MLT,830242
4423109,249,142,8733,2020,1719.0,0.0,2.0517060000000003,1.205431,TWN,MLT,830242
4423110,43,148,8733,2020,393006.0,0.0,1.187837,1.2237770000000001,CHN,MRT,830242
4423111,71,148,8733,2020,153531.0,0.0,0.736657,2.731661,ESP,MRT,830242
4423112,81,148,8733,2020,4283.0,0.0,1.6459,0.7702640000000001,GBR,MRT,830242
4423113,134,148,8733,2020,1056.0,0.0,-0.5208510000000001,-0.080499,MAR,MRT,830242
4423114,224,148,8733,2020,25036.0,0.0,0.590472,2.619866,TUR,MRT,830242
4423115,231,148,8733,2020,4539.0,0.0,1.588148,0.380904,USA,MRT,830242
4423116,7,151,8733,2020,5503.0,0.0,-0.118349,-0.789485,ARE,MUS,830242
4423117,15,151,8733,2020,17210.0,0.0,1.6711310000000001,0.059096,AUT,MUS,830242
4423118,41,151,8733,2020,2476.0,0.0,2.184038,0.900965,CHE,MUS,830242
4423119,43,151,8733,2020,3050561.0,0.0,1.187837,1.2237770000000001,CHN,MUS,830242
4423120,61,151,8733,2020,227773.0,0.0,2.027494,-2.3646689999999997,DEU,MUS,830242
4423121,64,151,8733,2020,11048.0,0.0,1.093217,1.2166549999999998,DNK,MUS,830242
4423122,71,151,8733,2020,90110.0,0.0,0.736657,2.731661,ESP,MUS,830242
4423123,77,151,8733,2020,10172.0,88691.0,1.341275,0.8991870000000001,FRA,MUS,830242
4423124,81,151,8733,2020,935.0,0.0,1.6459,0.7702640000000001,GBR,MUS,830242
4423125,90,151,8733,2020,1421.0,0.0,0.199011,1.087811,GRC,MUS,830242
4423126,97,151,8733,2020,3190.0,0.0,1.070483,1.183618,HKG,MUS,830242
4423127,103,151,8733,2020,987.0,0.0,-0.16761700000000002,1.571009,IDN,MUS,830242
4423128,104,151,8733,2020,17910.0,0.0,0.464674,2.838779,IND,MUS,830242
4423129,111,151,8733,2020,2869.0,0.0,1.299017,0.701797,ITA,MUS,830242
4423130,153,151,8733,2020,21397.0,0.0,1.185223,0.573439,MYS,MUS,830242
4423131,162,151,8733,2020,2683.0,0.0,1.035951,1.559401,NLD,MUS,830242
4423132,177,151,8733,2020,657.0,0.0,1.0227979999999999,1.4079139999999999,POL,MUS,830242
4423133,192,151,8733,2020,3343.0,0.0,1.948379,0.610574,SGP,MUS,830242
4423134,211,151,8733,2020,0.0,2859.0,0.185747,-0.695441,SYC,MUS,830242
4423135,216,151,8733,2020,2957.0,0.0,1.035524,1.2777180000000001,THA,MUS,830242
4423136,224,151,8733,2020,2993.0,0.0,0.590472,2.619866,TUR,MUS,830242
4423137,246,151,8733,2020,72103.0,0.0,0.042099,0.923931,ZAF,MUS,830242
4423138,249,151,8733,2020,55016.0,0.0,2.0517060000000003,1.205431,TWN,MUS,830242
4423139,7,152,8733,2020,1277.0,0.0,-0.118349,-0.789485,ARE,MWI,830242
4423140,43,152,8733,2020,75068.0,0.0,1.187837,1.2237770000000001,CHN,MWI,830242
4423141,97,152,8733,2020,2953.0,0.0,1.070483,1.183618,HKG,MWI,830242
4423142,104,152,8733,2020,12525.0,0.0,0.464674,2.838779,IND,MWI,830242
4423143,111,152,8733,2020,2778.0,0.0,1.299017,0.701797,ITA,MWI,830242
4423144,231,152,8733,2020,9103.0,0.0,1.588148,0.380904,USA,MWI,830242
4423145,246,152,8733,2020,177237.0,0.0,0.042099,0.923931,ZAF,MWI,830242
4423146,247,152,8733,2020,3626.0,0.0,-0.9162379999999999,-0.9523940000000001,ZMB,MWI,830242
4423147,15,155,8733,2020,1281.0,0.0,1.6711310000000001,0.059096,AUT,NAM,830242
4423148,19,155,8733,2020,0.0,2143.0,-0.467344,-0.686191,BEN,NAM,830242
4423149,43,155,8733,2020,113280.0,0.0,1.187837,1.2237770000000001,CHN,NAM,830242
4423150,61,155,8733,2020,2056.0,0.0,2.027494,-2.3646689999999997,DEU,NAM,830242
4423151,71,155,8733,2020,1920.0,0.0,0.736657,2.731661,ESP,NAM,830242
4423152,246,155,8733,2020,707692.0,2915.0,0.042099,0.923931,ZAF,NAM,830242
4423153,7,157,8733,2020,3612.0,0.0,-0.118349,-0.789485,ARE,NER,830242
4423154,43,157,8733,2020,3133.0,0.0,1.187837,1.2237770000000001,CHN,NER,830242
4423155,224,157,8733,2020,5261.0,0.0,0.590472,2.619866,TUR,NER,830242
4423156,43,203,8733,2020,1337.0,0.0,1.187837,1.2237770000000001,CHN,STP,830242
4423157,179,203,8733,2020,2697.0,0.0,0.656999,2.1136470000000003,PRT,STP,830242
4423158,231,203,8733,2020,5475.0,0.0,1.588148,0.380904,USA,STP,830242
4423159,43,209,8733,2020,31568.0,0.0,1.187837,1.2237770000000001,CHN,SWZ,830242
4423160,147,209,8733,2020,0.0,2728.0,-1.1186040000000002,-0.974224,MOZ,SWZ,830242
4423161,246,209,8733,2020,300134.0,0.0,0.042099,0.923931,ZAF,SWZ,830242
4423162,7,215,8733,2020,6896.0,0.0,-0.118349,-0.789485,ARE,TGO,830242
4423163,43,215,8733,2020,1431255.0,0.0,1.187837,1.2237770000000001,CHN,TGO,830242
4423164,61,215,8733,2020,59145.0,0.0,2.027494,-2.3646689999999997,DEU,TGO,830242
4423165,71,215,8733,2020,59783.0,0.0,0.736657,2.731661,ESP,TGO,830242
4423166,77,215,8733,2020,2984.0,0.0,1.341275,0.8991870000000001,FRA,TGO,830242
4423167,134,215,8733,2020,2543.0,0.0,-0.5208510000000001,-0.080499,MAR,TGO,830242
4423168,224,215,8733,2020,2207.0,0.0,0.590472,2.619866,TUR,TGO,830242
4423169,7,226,8733,2020,392769.0,0.0,-0.118349,-0.789485,ARE,TZA,830242
4423170,43,226,8733,2020,5416455.0,0.0,1.187837,1.2237770000000001,CHN,TZA,830242
4423171,46,226,8733,2020,0.0,8566.0,-1.538455,-1.1857659999999999,COD,TZA,830242
4423172,61,226,8733,2020,19916.0,0.0,2.027494,-2.3646689999999997,DEU,TZA,830242
4423173,68,226,8733,2020,1174.0,0.0,-0.186095,1.6414330000000001,EGY,TZA,830242
4423174,71,226,8733,2020,6525.0,0.0,0.736657,2.731661,ESP,TZA,830242
4423175,81,226,8733,2020,5130.0,0.0,1.6459,0.7702640000000001,GBR,TZA,830242
4423176,97,226,8733,2020,5439.0,0.0,1.070483,1.183618,HKG,TZA,830242
4423177,104,226,8733,2020,200978.0,0.0,0.464674,2.838779,IND,TZA,830242
4423178,111,226,8733,2020,4183.0,0.0,1.299017,0.701797,ITA,TZA,830242
4423179,116,226,8733,2020,3915.0,0.0,-0.496446,0.562476,KEN,TZA,830242
4423180,187,226,8733,2020,0.0,12915.0,-0.923618,-0.975133,RWA,TZA,830242
4423181,216,226,8733,2020,1470.0,0.0,1.035524,1.2777180000000001,THA,TZA,830242
4423182,224,226,8733,2020,55570.0,0.0,0.590472,2.619866,TUR,TZA,830242
4423183,231,226,8733,2020,776.0,0.0,1.588148,0.380904,USA,TZA,830242
4423184,246,226,8733,2020,79639.0,0.0,0.042099,0.923931,ZAF,TZA,830242
4423185,249,226,8733,2020,2925.0,0.0,2.0517060000000003,1.205431,TWN,TZA,830242
4423186,7,227,8733,2020,48574.0,0.0,-0.118349,-0.789485,ARE,UGA,830242
4423187,43,227,8733,2020,208815.0,0.0,1.187837,1.2237770000000001,CHN,UGA,830242
4423188,61,227,8733,2020,21722.0,0.0,2.027494,-2.3646689999999997,DEU,UGA,830242
4423189,71,227,8733,2020,1638.0,0.0,0.736657,2.731661,ESP,UGA,830242
4423190,90,227,8733,2020,2017.0,0.0,0.199011,1.087811,GRC,UGA,830242
4423191,104,227,8733,2020,14059.0,0.0,0.464674,2.838779,IND,UGA,830242
4423192,110,227,8733,2020,754.0,0.0,1.487557,0.8370920000000001,ISR,UGA,830242
4423193,111,227,8733,2020,4813.0,0.0,1.299017,0.701797,ITA,UGA,830242
4423194,116,227,8733,2020,11225.0,0.0,-0.496446,0.562476,KEN,UGA,830242
4423195,121,227,8733,2020,1052.0,0.0,1.9703950000000001,0.800826,KOR,UGA,830242
4423196,124,227,8733,2020,3273.0,0.0,0.35459,1.067965,LBN,UGA,830242
4423197,153,227,8733,2020,1868.0,0.0,1.185223,0.573439,MYS,UGA,830242
4423198,159,227,8733,2020,0.0,1089.0,-1.6399299999999999,-1.19536,NGA,UGA,830242
4423199,224,227,8733,2020,69012.0,0.0,0.590472,2.619866,TUR,UGA,830242
4423200,249,227,8733,2020,10162.0,0.0,2.0517060000000003,1.205431,TWN,UGA,830242
4423201,2,239,8733,2020,0.0,2653.0,-1.7948709999999999,-1.199555,AGO,VNM,830242
4423202,7,239,8733,2020,0.0,35012.0,-0.118349,-0.789485,ARE,VNM,830242
4423203,14,239,8733,2020,21531.0,680112.0,-0.32910500000000004,-0.232963,AUS,VNM,830242
4423204,15,239,8733,2020,3843390.0,68400.0,1.6711310000000001,0.059096,AUT,VNM,830242
4423205,18,239,8733,2020,0.0,179862.0,1.204632,1.278346,BEL,VNM,830242
4423206,26,239,8733,2020,0.0,9151.0,0.5449470000000001,0.91781,BIH,VNM,830242
4423207,28,239,8733,2020,0.0,24230.0,0.858776,1.085652,BLR,VNM,830242
4423208,32,239,8733,2020,0.0,4408.0,0.054622000000000004,0.532291,BRA,VNM,830242
4423209,39,239,8733,2020,20118.0,1623654.0,0.609267,1.1890479999999999,CAN,VNM,830242
4423210,41,239,8733,2020,70724.0,34096.0,2.184038,0.900965,CHE,VNM,830242
4423211,42,239,8733,2020,0.0,170791.0,-0.307923,-0.565983,CHL,VNM,830242
4423212,43,239,8733,2020,378899808.0,1927152.0,1.187837,1.2237770000000001,CHN,VNM,830242
4423213,49,239,8733,2020,0.0,5566.0,0.115954,0.104558,COL,VNM,830242
4423214,59,239,8733,2020,59007.0,286090.0,1.716646,0.602441,CZE,VNM,830242
4423215,61,239,8733,2020,5252924.0,1446793.0,2.027494,-2.3646689999999997,DEU,VNM,830242
4423216,64,239,8733,2020,174156.0,2589323.0,1.093217,1.2166549999999998,DNK,VNM,830242
4423217,65,239,8733,2020,0.0,21265.0,0.06500299999999999,0.2812,DOM,VNM,830242
4423218,71,239,8733,2020,18506.0,161087.0,0.736657,2.731661,ESP,VNM,830242
4423219,72,239,8733,2020,0.0,1433.0,1.012385,1.305015,EST,VNM,830242
4423220,74,239,8733,2020,0.0,310323.0,1.498089,1.066223,FIN,VNM,830242
4423221,77,239,8733,2020,46483.0,169644.0,1.341275,0.8991870000000001,FRA,VNM,830242
4423222,81,239,8733,2020,21352.0,2677459.0,1.6459,0.7702640000000001,GBR,VNM,830242
4423223,90,239,8733,2020,0.0,13725.0,0.199011,1.087811,GRC,VNM,830242
4423224,97,239,8733,2020,52185.0,367876.0,1.070483,1.183618,HKG,VNM,830242
4423225,100,239,8733,2020,0.0,2411.0,0.876001,1.250877,HRV,VNM,830242
4423226,102,239,8733,2020,100518.0,151675.0,1.393152,0.878916,HUN,VNM,830242
4423227,103,239,8733,2020,184039.0,502147.0,-0.16761700000000002,1.571009,IDN,VNM,830242
4423228,104,239,8733,2020,1362.0,5089.0,0.464674,2.838779,IND,VNM,830242
4423229,106,239,8733,2020,0.0,67125.0,1.337791,-0.20829699999999998,IRL,VNM,830242
4423230,110,239,8733,2020,0.0,11001.0,1.487557,0.8370920000000001,ISR,VNM,830242
4423231,111,239,8733,2020,1180691.0,1935784.0,1.299017,0.701797,ITA,VNM,830242
4423232,112,239,8733,2020,0.0,6359.0,-0.21953000000000003,-0.6944899999999999,JAM,VNM,830242
4423233,114,239,8733,2020,1861010.0,357042.0,2.405659,-0.38169000000000003,JPN,VNM,830242
4423234,118,239,8733,2020,0.0,393952.0,-0.602562,-0.505135,KHM,VNM,830242
4423235,121,239,8733,2020,577463.0,4316190.0,1.9703950000000001,0.800826,KOR,VNM,830242
4423236,122,239,8733,2020,0.0,168974.0,-0.072977,-1.090017,KWT,VNM,830242
4423237,123,239,8733,2020,0.0,3358.0,-0.741151,-0.689088,LAO,VNM,830242
4423238,128,239,8733,2020,0.0,10374.0,-0.48448599999999997,0.5495220000000001,LKA,VNM,830242
4423239,130,239,8733,2020,0.0,123062.0,0.9772870000000001,1.291244,LTU,VNM,830242
4423240,135,239,8733,2020,0.0,8546.0,-0.06779199999999999,-0.240851,MDA,VNM,830242
4423241,138,239,8733,2020,1331.0,455426.0,0.974514,0.563643,MEX,VNM,830242
4423242,140,239,8733,2020,0.0,3929.0,0.147947,-0.11116500000000001,MKD,VNM,830242
4423243,143,239,8733,2020,0.0,36008.0,-0.9993569999999999,-0.298647,MMR,VNM,830242
4423244,144,239,8733,2020,0.0,11721.0,0.355595,0.140822,MNE,VNM,830242
4423245,153,239,8733,2020,132294.0,3096981.0,1.185223,0.573439,MYS,VNM,830242
4423246,162,239,8733,2020,1173.0,100381.0,1.035951,1.559401,NLD,VNM,830242
4423247,163,239,8733,2020,0.0,34509.0,0.793459,0.369766,NOR,VNM,830242
4423248,166,239,8733,2020,0.0,84953.0,0.145567,0.070121,NZL,VNM,830242
4423249,169,239,8733,2020,0.0,10088.0,0.590821,0.786784,PAN,VNM,830242
4423250,173,239,8733,2020,0.0,1880.0,-0.717014,-0.152142,PER,VNM,830242
4423251,174,239,8733,2020,4430.0,12586.0,0.755786,0.24693,PHL,VNM,830242
4423252,177,239,8733,2020,0.0,1229686.0,1.0227979999999999,1.4079139999999999,POL,VNM,830242
4423253,179,239,8733,2020,1608.0,0.0,0.656999,2.1136470000000003,PRT,VNM,830242
4423254,185,239,8733,2020,0.0,66822.0,1.13426,0.9767809999999999,ROU,VNM,830242
4423255,186,239,8733,2020,0.0,111719.0,0.373882,0.42102700000000004,RUS,VNM,830242
4423256,188,239,8733,2020,0.0,64536.0,0.662925,-0.21661999999999998,SAU,VNM,830242
4423257,192,239,8733,2020,1012373.0,55761.0,1.948379,0.610574,SGP,VNM,830242
4423258,197,239,8733,2020,0.0,3158.0,-0.003327,0.18823399999999998,SLV,VNM,830242
4423259,201,239,8733,2020,0.0,4903.0,0.5868399999999999,1.1187120000000002,SRB,VNM,830242
4423260,206,239,8733,2020,0.0,2203.0,1.338026,0.825268,SVK,VNM,830242
4423261,207,239,8733,2020,0.0,4277.0,1.570699,0.8442459999999999,SVN,VNM,830242
4423262,208,239,8733,2020,0.0,260908.0,1.6911310000000002,0.791586,SWE,VNM,830242
4423263,216,239,8733,2020,197543.0,260442.0,1.035524,1.2777180000000001,THA,VNM,830242
4423264,224,239,8733,2020,10493.0,24286.0,0.590472,2.619866,TUR,VNM,830242
4423265,228,239,8733,2020,0.0,38814.0,0.383736,0.531328,UKR,VNM,830242
4423266,230,239,8733,2020,0.0,2221.0,-0.127375,-0.449032,URY,VNM,830242
4423267,231,239,8733,2020,1137517.0,18641366.0,1.588148,0.380904,USA,VNM,830242
4423268,249,239,8733,2020,3832383.0,1474416.0,2.0517060000000003,1.205431,TWN,VNM,830242
4423269,7,247,8733,2020,8036.0,0.0,-0.118349,-0.789485,ARE,ZMB,830242
4423270,18,247,8733,2020,1069.0,0.0,1.204632,1.278346,BEL,ZMB,830242
4423271,37,247,8733,2020,0.0,4696.0,-0.8696219999999999,-1.195627,BWA,ZMB,830242
4423272,43,247,8733,2020,119610.0,0.0,1.187837,1.2237770000000001,CHN,ZMB,830242
4423273,46,247,8733,2020,0.0,3239.0,-1.538455,-1.1857659999999999,COD,ZMB,830242
4423274,61,247,8733,2020,2821.0,0.0,2.027494,-2.3646689999999997,DEU,ZMB,830242
4423275,97,247,8733,2020,2343.0,0.0,1.070483,1.183618,HKG,ZMB,830242
4423276,104,247,8733,2020,59051.0,0.0,0.464674,2.838779,IND,ZMB,830242
4423277,110,247,8733,2020,23122.0,0.0,1.487557,0.8370920000000001,ISR,ZMB,830242
4423278,111,247,8733,2020,1031.0,0.0,1.299017,0.701797,ITA,ZMB,830242
4423279,152,247,8733,2020,0.0,3626.0,-1.122433,-1.106831,MWI,ZMB,830242
4423280,224,247,8733,2020,1667.0,0.0,0.590472,2.619866,TUR,ZMB,830242
4423281,231,247,8733,2020,3433.0,0.0,1.588148,0.380904,USA,ZMB,830242
4423282,246,247,8733,2020,223521.0,0.0,0.042099,0.923931,ZAF,ZMB,830242
4423283,7,248,8733,2020,1217.0,0.0,-0.118349,-0.789485,ARE,ZWE,830242
4423284,43,248,8733,2020,407959.0,0.0,1.187837,1.2237770000000001,CHN,ZWE,830242
4423285,61,248,8733,2020,2996.0,0.0,2.027494,-2.3646689999999997,DEU,ZWE,830242
4423286,81,248,8733,2020,867.0,0.0,1.6459,0.7702640000000001,GBR,ZWE,830242
4423287,97,248,8733,2020,18215.0,0.0,1.070483,1.183618,HKG,ZWE,830242
4423288,104,248,8733,2020,31175.0,0.0,0.464674,2.838779,IND,ZWE,830242
4423289,246,248,8733,2020,373380.0,0.0,0.042099,0.923931,ZAF,ZWE,830242
4423290,39,13,8733,2020,57666.0,0.0,0.609267,1.1890479999999999,CAN,ATG,830242
4423291,111,13,8733,2020,37995.0,0.0,1.299017,0.701797,ITA,ATG,830242
4423292,231,13,8733,2020,4523.0,0.0,1.588148,0.380904,USA,ATG,830242
4423293,15,22,8733,2020,35430.0,0.0,1.6711310000000001,0.059096,AUT,BGD,830242
4423294,18,22,8733,2020,3342.0,0.0,1.204632,1.278346,BEL,BGD,830242
4423295,43,22,8733,2020,16492934.0,0.0,1.187837,1.2237770000000001,CHN,BGD,830242
4423296,61,22,8733,2020,21115.0,0.0,2.027494,-2.3646689999999997,DEU,BGD,830242
4423297,71,22,8733,2020,10044.0,0.0,0.736657,2.731661,ESP,BGD,830242
4423298,104,22,8733,2020,624572.0,0.0,0.464674,2.838779,IND,BGD,830242
4423299,128,22,8733,2020,79459.0,0.0,-0.48448599999999997,0.5495220000000001,LKA,BGD,830242
4423300,188,22,8733,2020,0.0,6285.0,0.662925,-0.21661999999999998,SAU,BGD,830242
4423301,192,22,8733,2020,58418.0,0.0,1.948379,0.610574,SGP,BGD,830242
4423302,216,22,8733,2020,18330.0,0.0,1.035524,1.2777180000000001,THA,BGD,830242
4423303,249,22,8733,2020,10177.0,0.0,2.0517060000000003,1.205431,TWN,BGD,830242
4423304,7,24,8733,2020,798184.0,0.0,-0.118349,-0.789485,ARE,BHR,830242
4423305,15,24,8733,2020,217691.0,0.0,1.6711310000000001,0.059096,AUT,BHR,830242
4423306,18,24,8733,2020,1258.0,0.0,1.204632,1.278346,BEL,BHR,830242
4423307,39,24,8733,2020,3008.0,0.0,0.609267,1.1890479999999999,CAN,BHR,830242
4423308,43,24,8733,2020,2704182.0,0.0,1.187837,1.2237770000000001,CHN,BHR,830242
4423309,59,24,8733,2020,2618.0,0.0,1.716646,0.602441,CZE,BHR,830242
4423310,64,24,8733,2020,5056.0,0.0,1.093217,1.2166549999999998,DNK,BHR,830242
4423311,71,24,8733,2020,221092.0,0.0,0.736657,2.731661,ESP,BHR,830242
4423312,77,24,8733,2020,90408.0,0.0,1.341275,0.8991870000000001,FRA,BHR,830242
4423313,81,24,8733,2020,7919.0,0.0,1.6459,0.7702640000000001,GBR,BHR,830242
4423314,90,24,8733,2020,25156.0,0.0,0.199011,1.087811,GRC,BHR,830242
4423315,97,24,8733,2020,5451.0,0.0,1.070483,1.183618,HKG,BHR,830242
4423316,104,24,8733,2020,6821.0,0.0,0.464674,2.838779,IND,BHR,830242
4423317,111,24,8733,2020,158675.0,0.0,1.299017,0.701797,ITA,BHR,830242
4423318,114,24,8733,2020,3309.0,0.0,2.405659,-0.38169000000000003,JPN,BHR,830242
4423319,124,24,8733,2020,6189.0,0.0,0.35459,1.067965,LBN,BHR,830242
4423320,162,24,8733,2020,1136.0,0.0,1.035951,1.559401,NLD,BHR,830242
4423321,163,24,8733,2020,10430.0,0.0,0.793459,0.369766,NOR,BHR,830242
4423322,177,24,8733,2020,56146.0,0.0,1.0227979999999999,1.4079139999999999,POL,BHR,830242
4423323,179,24,8733,2020,2970.0,0.0,0.656999,2.1136470000000003,PRT,BHR,830242
4423324,188,24,8733,2020,21181.0,0.0,0.662925,-0.21661999999999998,SAU,BHR,830242
4423325,224,24,8733,2020,117474.0,0.0,0.590472,2.619866,TUR,BHR,830242
4423326,228,24,8733,2020,10333.0,0.0,0.383736,0.531328,UKR,BHR,830242
4423327,231,24,8733,2020,3886.0,0.0,1.588148,0.380904,USA,BHR,830242
4423328,249,24,8733,2020,74717.0,0.0,2.0517060000000003,1.205431,TWN,BHR,830242
4423329,43,44,8733,2020,1958471.0,0.0,1.187837,1.2237770000000001,CHN,CIV,830242
4423330,61,44,8733,2020,15894.0,0.0,2.027494,-2.3646689999999997,DEU,CIV,830242
4423331,71,44,8733,2020,124532.0,0.0,0.736657,2.731661,ESP,CIV,830242
4423332,77,44,8733,2020,20128.0,0.0,1.341275,0.8991870000000001,FRA,CIV,830242
4423333,111,44,8733,2020,27668.0,0.0,1.299017,0.701797,ITA,CIV,830242
4423334,134,44,8733,2020,17323.0,0.0,-0.5208510000000001,-0.080499,MAR,CIV,830242
4423335,153,44,8733,2020,6893.0,0.0,1.185223,0.573439,MYS,CIV,830242
4423336,177,44,8733,2020,4016.0,0.0,1.0227979999999999,1.4079139999999999,POL,CIV,830242
4423337,224,44,8733,2020,84496.0,0.0,0.590472,2.619866,TUR,CIV,830242
4423338,15,45,8733,2020,1857.0,0.0,1.6711310000000001,0.059096,AUT,CMR,830242
4423339,39,45,8733,2020,0.0,2263.0,0.609267,1.1890479999999999,CAN,CMR,830242
4423340,43,45,8733,2020,1302228.0,0.0,1.187837,1.2237770000000001,CHN,CMR,830242
4423341,61,45,8733,2020,3634.0,10582.0,2.027494,-2.3646689999999997,DEU,CMR,830242
4423342,64,45,8733,2020,0.0,8379.0,1.093217,1.2166549999999998,DNK,CMR,830242
4423343,71,45,8733,2020,26010.0,0.0,0.736657,2.731661,ESP,CMR,830242
4423344,81,45,8733,2020,10913.0,0.0,1.6459,0.7702640000000001,GBR,CMR,830242
4423345,224,45,8733,2020,12727.0,0.0,0.590472,2.619866,TUR,CMR,830242
4423346,32,54,8733,2020,49938.0,0.0,0.054622000000000004,0.532291,BRA,CUB,830242
4423347,43,54,8733,2020,39815.0,0.0,1.187837,1.2237770000000001,CHN,CUB,830242
4423348,49,54,8733,2020,1274.0,0.0,0.115954,0.104558,COL,CUB,830242
4423349,71,54,8733,2020,352364.0,0.0,0.736657,2.731661,ESP,CUB,830242
4423350,77,54,8733,2020,46933.0,0.0,1.341275,0.8991870000000001,FRA,CUB,830242
4423351,111,54,8733,2020,22080.0,0.0,1.299017,0.701797,ITA,CUB,830242
4423352,138,54,8733,2020,6831.0,0.0,0.974514,0.563643,MEX,CUB,830242
4423353,15,66,8733,2020,1659390.0,0.0,1.6711310000000001,0.059096,AUT,DZA,830242
4423354,43,66,8733,2020,16084406.0,0.0,1.187837,1.2237770000000001,CHN,DZA,830242
4423355,61,66,8733,2020,111792.0,0.0,2.027494,-2.3646689999999997,DEU,DZA,830242
4423356,71,66,8733,2020,527836.0,0.0,0.736657,2.731661,ESP,DZA,830242
4423357,77,66,8733,2020,62089.0,0.0,1.341275,0.8991870000000001,FRA,DZA,830242
4423358,81,66,8733,2020,6242.0,0.0,1.6459,0.7702640000000001,GBR,DZA,830242
4423359,111,66,8733,2020,742480.0,0.0,1.299017,0.701797,ITA,DZA,830242
4423360,134,66,8733,2020,17454.0,0.0,-0.5208510000000001,-0.080499,MAR,DZA,830242
4423361,162,66,8733,2020,1422.0,0.0,1.035951,1.559401,NLD,DZA,830242
4423362,177,66,8733,2020,2954.0,0.0,1.0227979999999999,1.4079139999999999,POL,DZA,830242
4423363,224,66,8733,2020,2234295.0,0.0,0.590472,2.619866,TUR,DZA,830242
4423364,228,66,8733,2020,32593.0,0.0,0.383736,0.531328,UKR,DZA,830242
4423365,7,80,8733,2020,5667.0,0.0,-0.118349,-0.789485,ARE,GAB,830242
4423366,43,80,8733,2020,234637.0,0.0,1.187837,1.2237770000000001,CHN,GAB,830242
4423367,61,80,8733,2020,2224.0,0.0,2.027494,-2.3646689999999997,DEU,GAB,830242
4423368,71,80,8733,2020,96311.0,0.0,0.736657,2.731661,ESP,GAB,830242
4423369,77,80,8733,2020,10057.0,0.0,1.341275,0.8991870000000001,FRA,GAB,830242
4423370,106,80,8733,2020,0.0,8330.0,1.337791,-0.20829699999999998,IRL,GAB,830242
4423371,111,80,8733,2020,6758.0,0.0,1.299017,0.701797,ITA,GAB,830242
4423372,124,80,8733,2020,10425.0,0.0,0.35459,1.067965,LBN,GAB,830242
4423373,134,80,8733,2020,8845.0,0.0,-0.5208510000000001,-0.080499,MAR,GAB,830242
4423374,224,80,8733,2020,1550.0,0.0,0.590472,2.619866,TUR,GAB,830242
4423375,7,83,8733,2020,111826.0,0.0,-0.118349,-0.789485,ARE,GHA,830242
4423376,15,83,8733,2020,66369.0,0.0,1.6711310000000001,0.059096,AUT,GHA,830242
4423377,19,83,8733,2020,0.0,1118.0,-0.467344,-0.686191,BEN,GHA,830242
4423378,43,83,8733,2020,5860588.0,1849.0,1.187837,1.2237770000000001,CHN,GHA,830242
4423379,61,83,8733,2020,13408.0,0.0,2.027494,-2.3646689999999997,DEU,GHA,830242
4423380,71,83,8733,2020,19372.0,0.0,0.736657,2.731661,ESP,GHA,830242
4423381,81,83,8733,2020,4228.0,0.0,1.6459,0.7702640000000001,GBR,GHA,830242
4423382,110,83,8733,2020,7000.0,0.0,1.487557,0.8370920000000001,ISR,GHA,830242
4423383,111,83,8733,2020,29252.0,0.0,1.299017,0.701797,ITA,GHA,830242
4423384,179,83,8733,2020,2362.0,0.0,0.656999,2.1136470000000003,PRT,GHA,830242
4423385,185,83,8733,2020,1396.0,0.0,1.13426,0.9767809999999999,ROU,GHA,830242
4423386,216,83,8733,2020,3741.0,0.0,1.035524,1.2777180000000001,THA,GHA,830242
4423387,224,83,8733,2020,94149.0,0.0,0.590472,2.619866,TUR,GHA,830242
4423388,246,83,8733,2020,1806.0,0.0,0.042099,0.923931,ZAF,GHA,830242
4423389,64,92,8733,2020,2344.0,0.0,1.093217,1.2166549999999998,DNK,GRL,830242
4423390,7,107,8733,2020,25554.0,0.0,-0.118349,-0.789485,ARE,IRN,830242
4423391,9,107,8733,2020,0.0,13464.0,-0.129502,-0.671068,ARM,IRN,830242
4423392,16,107,8733,2020,0.0,11209.0,-1.142366,-1.2529190000000001,AZE,IRN,830242
4423393,23,107,8733,2020,240286.0,0.0,0.6328520000000001,1.8517009999999998,BGR,IRN,830242
4423394,41,107,8733,2020,1873.0,0.0,2.184038,0.900965,CHE,IRN,830242
4423395,43,107,8733,2020,9470001.0,0.0,1.187837,1.2237770000000001,CHN,IRN,830242
4423396,61,107,8733,2020,11664.0,0.0,2.027494,-2.3646689999999997,DEU,IRN,830242
4423397,74,107,8733,2020,0.0,1210.0,1.498089,1.066223,FIN,IRN,830242
4423398,82,107,8733,2020,0.0,1874.0,-0.199775,-0.38684,GEO,IRN,830242
4423399,111,107,8733,2020,373447.0,0.0,1.299017,0.701797,ITA,IRN,830242
4423400,115,107,8733,2020,0.0,3721.0,-0.48361899999999997,-0.626675,KAZ,IRN,830242
4423401,217,107,8733,2020,0.0,6771.0,-0.73744,-1.0706950000000002,TJK,IRN,830242
4423402,224,107,8733,2020,1570300.0,0.0,0.590472,2.619866,TUR,IRN,830242
4423403,7,108,8733,2020,588594.0,0.0,-0.118349,-0.789485,ARE,IRQ,830242
4423404,15,108,8733,2020,1808173.0,0.0,1.6711310000000001,0.059096,AUT,IRQ,830242
4423405,43,108,8733,2020,21355044.0,0.0,1.187837,1.2237770000000001,CHN,IRQ,830242
4423406,61,108,8733,2020,5429.0,0.0,2.027494,-2.3646689999999997,DEU,IRQ,830242
4423407,71,108,8733,2020,1941.0,0.0,0.736657,2.731661,ESP,IRQ,830242
4423408,81,108,8733,2020,4410.0,0.0,1.6459,0.7702640000000001,GBR,IRQ,830242
4423409,82,108,8733,2020,13044.0,0.0,-0.199775,-0.38684,GEO,IRQ,830242
4423410,111,108,8733,2020,9024.0,0.0,1.299017,0.701797,ITA,IRQ,830242
4423411,124,108,8733,2020,1035.0,0.0,0.35459,1.067965,LBN,IRQ,830242
4423412,224,108,8733,2020,1203531.0,0.0,0.590472,2.619866,TUR,IRQ,830242
4423413,249,108,8733,2020,5820.0,0.0,2.0517060000000003,1.205431,TWN,IRQ,830242
4423414,15,109,8733,2020,591195.0,0.0,1.6711310000000001,0.059096,AUT,ISL,830242
4423415,18,109,8733,2020,3742.0,0.0,1.204632,1.278346,BEL,ISL,830242
4423416,41,109,8733,2020,12078.0,0.0,2.184038,0.900965,CHE,ISL,830242
4423417,43,109,8733,2020,2596.0,0.0,1.187837,1.2237770000000001,CHN,ISL,830242
4423418,59,109,8733,2020,983.0,0.0,1.716646,0.602441,CZE,ISL,830242
4423419,61,109,8733,2020,564357.0,0.0,2.027494,-2.3646689999999997,DEU,ISL,830242
4423420,64,109,8733,2020,256531.0,0.0,1.093217,1.2166549999999998,DNK,ISL,830242
4423421,71,109,8733,2020,2426.0,0.0,0.736657,2.731661,ESP,ISL,830242
4423422,72,109,8733,2020,2947.0,0.0,1.012385,1.305015,EST,ISL,830242
4423423,77,109,8733,2020,7892.0,0.0,1.341275,0.8991870000000001,FRA,ISL,830242
4423424,81,109,8733,2020,12724.0,0.0,1.6459,0.7702640000000001,GBR,ISL,830242
4423425,97,109,8733,2020,3536.0,0.0,1.070483,1.183618,HKG,ISL,830242
4423426,104,109,8733,2020,1758.0,0.0,0.464674,2.838779,IND,ISL,830242
4423427,111,109,8733,2020,17606.0,0.0,1.299017,0.701797,ITA,ISL,830242
4423428,130,109,8733,2020,29706.0,0.0,0.9772870000000001,1.291244,LTU,ISL,830242
4423429,132,109,8733,2020,1231.0,0.0,0.712901,1.119907,LVA,ISL,830242
4423430,162,109,8733,2020,49662.0,0.0,1.035951,1.559401,NLD,ISL,830242
4423431,174,109,8733,2020,1171.0,0.0,0.755786,0.24693,PHL,ISL,830242
4423432,177,109,8733,2020,32548.0,0.0,1.0227979999999999,1.4079139999999999,POL,ISL,830242
4423433,179,109,8733,2020,4257.0,0.0,0.656999,2.1136470000000003,PRT,ISL,830242
4423434,206,109,8733,2020,825.0,0.0,1.338026,0.825268,SVK,ISL,830242
4423435,207,109,8733,2020,2015.0,0.0,1.570699,0.8442459999999999,SVN,ISL,830242
4423436,208,109,8733,2020,58237.0,0.0,1.6911310000000002,0.791586,SWE,ISL,830242
4423437,216,109,8733,2020,4543.0,0.0,1.035524,1.2777180000000001,THA,ISL,830242
4423438,224,109,8733,2020,1549.0,0.0,0.590472,2.619866,TUR,ISL,830242
4423439,231,109,8733,2020,3646.0,0.0,1.588148,0.380904,USA,ISL,830242
4423440,249,109,8733,2020,4953.0,0.0,2.0517060000000003,1.205431,TWN,ISL,830242
4423441,7,126,8733,2020,4144.0,0.0,-0.118349,-0.789485,ARE,LBY,830242
4423442,15,126,8733,2020,276882.0,0.0,1.6711310000000001,0.059096,AUT,LBY,830242
4423443,43,126,8733,2020,4230497.0,0.0,1.187837,1.2237770000000001,CHN,LBY,830242
4423444,61,126,8733,2020,3128.0,0.0,2.027494,-2.3646689999999997,DEU,LBY,830242
4423445,71,126,8733,2020,13221.0,0.0,0.736657,2.731661,ESP,LBY,830242
4423446,77,126,8733,2020,6523.0,0.0,1.341275,0.8991870000000001,FRA,LBY,830242
4423447,111,126,8733,2020,203157.0,0.0,1.299017,0.701797,ITA,LBY,830242
4423448,162,126,8733,2020,1737.0,0.0,1.035951,1.559401,NLD,LBY,830242
4423449,224,126,8733,2020,837188.0,0.0,0.590472,2.619866,TUR,LBY,830242
4423450,231,126,8733,2020,6952.0,0.0,1.588148,0.380904,USA,LBY,830242
4423451,43,139,8733,2020,40066.0,0.0,1.187837,1.2237770000000001,CHN,MHL,830242
4423452,15,140,8733,2020,1000996.0,3473.0,1.6711310000000001,0.059096,AUT,MKD,830242
4423453,18,140,8733,2020,1683.0,0.0,1.204632,1.278346,BEL,MKD,830242
4423454,23,140,8733,2020,51147.0,0.0,0.6328520000000001,1.8517009999999998,BGR,MKD,830242
4423455,41,140,8733,2020,3005.0,4045.0,2.184038,0.900965,CHE,MKD,830242
4423456,43,140,8733,2020,187949.0,0.0,1.187837,1.2237770000000001,CHN,MKD,830242
4423457,59,140,8733,2020,47156.0,0.0,1.716646,0.602441,CZE,MKD,830242
4423458,61,140,8733,2020,301653.0,1476.0,2.027494,-2.3646689999999997,DEU,MKD,830242
4423459,64,140,8733,2020,10779.0,0.0,1.093217,1.2166549999999998,DNK,MKD,830242
4423460,71,140,8733,2020,7262.0,0.0,0.736657,2.731661,ESP,MKD,830242
4423461,81,140,8733,2020,5935.0,16730.0,1.6459,0.7702640000000001,GBR,MKD,830242
4423462,90,140,8733,2020,214613.0,0.0,0.199011,1.087811,GRC,MKD,830242
4423463,100,140,8733,2020,98715.0,1085.0,0.876001,1.250877,HRV,MKD,830242
4423464,102,140,8733,2020,23598.0,0.0,1.393152,0.878916,HUN,MKD,830242
4423465,111,140,8733,2020,312544.0,0.0,1.299017,0.701797,ITA,MKD,830242
4423466,153,140,8733,2020,1650.0,0.0,1.185223,0.573439,MYS,MKD,830242
4423467,177,140,8733,2020,30438.0,0.0,1.0227979999999999,1.4079139999999999,POL,MKD,830242
4423468,201,140,8733,2020,58253.0,9987.0,0.5868399999999999,1.1187120000000002,SRB,MKD,830242
4423469,207,140,8733,2020,258464.0,0.0,1.570699,0.8442459999999999,SVN,MKD,830242
4423470,208,140,8733,2020,8298.0,0.0,1.6911310000000002,0.791586,SWE,MKD,830242
4423471,224,140,8733,2020,1051551.0,0.0,0.590472,2.619866,TUR,MKD,830242
4423472,239,140,8733,2020,3929.0,0.0,0.034229,0.89099,VNM,MKD,830242
4423473,249,140,8733,2020,1516.0,0.0,2.0517060000000003,1.205431,TWN,MKD,830242
4423474,7,144,8733,2020,77360.0,0.0,-0.118349,-0.789485,ARE,MNE,830242
4423475,15,144,8733,2020,58838.0,0.0,1.6711310000000001,0.059096,AUT,MNE,830242
4423476,26,144,8733,2020,9922.0,0.0,0.5449470000000001,0.91781,BIH,MNE,830242
4423477,41,144,8733,2020,1965.0,0.0,2.184038,0.900965,CHE,MNE,830242
4423478,43,144,8733,2020,150027.0,0.0,1.187837,1.2237770000000001,CHN,MNE,830242
4423479,61,144,8733,2020,11456.0,0.0,2.027494,-2.3646689999999997,DEU,MNE,830242
4423480,64,144,8733,2020,18271.0,0.0,1.093217,1.2166549999999998,DNK,MNE,830242
4423481,71,144,8733,2020,46414.0,0.0,0.736657,2.731661,ESP,MNE,830242
4423482,100,144,8733,2020,115959.0,0.0,0.876001,1.250877,HRV,MNE,830242
4423483,102,144,8733,2020,3418.0,0.0,1.393152,0.878916,HUN,MNE,830242
4423484,104,144,8733,2020,1337.0,0.0,0.464674,2.838779,IND,MNE,830242
4423485,111,144,8733,2020,129597.0,0.0,1.299017,0.701797,ITA,MNE,830242
4423486,162,144,8733,2020,0.0,4274.0,1.035951,1.559401,NLD,MNE,830242
4423487,177,144,8733,2020,50705.0,0.0,1.0227979999999999,1.4079139999999999,POL,MNE,830242
4423488,185,144,8733,2020,2449.0,0.0,1.13426,0.9767809999999999,ROU,MNE,830242
4423489,201,144,8733,2020,312854.0,25782.0,0.5868399999999999,1.1187120000000002,SRB,MNE,830242
4423490,207,144,8733,2020,67917.0,0.0,1.570699,0.8442459999999999,SVN,MNE,830242
4423491,224,144,8733,2020,202593.0,0.0,0.590472,2.619866,TUR,MNE,830242
4423492,228,144,8733,2020,12346.0,0.0,0.383736,0.531328,UKR,MNE,830242
4423493,239,144,8733,2020,11721.0,0.0,0.034229,0.89099,VNM,MNE,830242
4423494,249,144,8733,2020,3513.0,0.0,2.0517060000000003,1.205431,TWN,MNE,830242
4423495,250,144,8733,2020,1918.0,0.0,0.866041,-0.371104,ANS,MNE,830242
4423496,15,145,8733,2020,66860.0,0.0,1.6711310000000001,0.059096,AUT,MNG,830242
4423497,39,145,8733,2020,1026.0,1254.0,0.609267,1.1890479999999999,CAN,MNG,830242
4423498,41,145,8733,2020,1804.0,0.0,2.184038,0.900965,CHE,MNG,830242
4423499,43,145,8733,2020,124557.0,0.0,1.187837,1.2237770000000001,CHN,MNG,830242
4423500,59,145,8733,2020,6081.0,0.0,1.716646,0.602441,CZE,MNG,830242
4423501,61,145,8733,2020,209952.0,0.0,2.027494,-2.3646689999999997,DEU,MNG,830242
4423502,64,145,8733,2020,3127.0,0.0,1.093217,1.2166549999999998,DNK,MNG,830242
4423503,71,145,8733,2020,1431.0,0.0,0.736657,2.731661,ESP,MNG,830242
4423504,97,145,8733,2020,5235.0,0.0,1.070483,1.183618,HKG,MNG,830242
4423505,102,145,8733,2020,1237.0,0.0,1.393152,0.878916,HUN,MNG,830242
4423506,111,145,8733,2020,14711.0,0.0,1.299017,0.701797,ITA,MNG,830242
4423507,121,145,8733,2020,17478.0,0.0,1.9703950000000001,0.800826,KOR,MNG,830242
4423508,153,145,8733,2020,7247.0,0.0,1.185223,0.573439,MYS,MNG,830242
4423509,177,145,8733,2020,10741.0,0.0,1.0227979999999999,1.4079139999999999,POL,MNG,830242
4423510,186,145,8733,2020,2936.0,0.0,0.373882,0.42102700000000004,RUS,MNG,830242
4423511,201,145,8733,2020,1124.0,0.0,0.5868399999999999,1.1187120000000002,SRB,MNG,830242
4423512,231,145,8733,2020,5747.0,0.0,1.588148,0.380904,USA,MNG,830242
4423513,249,145,8733,2020,1214.0,0.0,2.0517060000000003,1.205431,TWN,MNG,830242
4423514,7,167,8733,2020,1777268.0,0.0,-0.118349,-0.789485,ARE,OMN,830242
4423515,43,167,8733,2020,3233150.0,0.0,1.187837,1.2237770000000001,CHN,OMN,830242
4423516,61,167,8733,2020,35956.0,0.0,2.027494,-2.3646689999999997,DEU,OMN,830242
4423517,64,167,8733,2020,1539.0,0.0,1.093217,1.2166549999999998,DNK,OMN,830242
4423518,71,167,8733,2020,20424.0,0.0,0.736657,2.731661,ESP,OMN,830242
4423519,81,167,8733,2020,7800.0,0.0,1.6459,0.7702640000000001,GBR,OMN,830242
4423520,104,167,8733,2020,48166.0,4734.0,0.464674,2.838779,IND,OMN,830242
4423521,111,167,8733,2020,175469.0,0.0,1.299017,0.701797,ITA,OMN,830242
4423522,124,167,8733,2020,2324.0,0.0,0.35459,1.067965,LBN,OMN,830242
4423523,188,167,8733,2020,46087.0,0.0,0.662925,-0.21661999999999998,SAU,OMN,830242
4423524,216,167,8733,2020,1075.0,0.0,1.035524,1.2777180000000001,THA,OMN,830242
4423525,224,167,8733,2020,38181.0,0.0,0.590472,2.619866,TUR,OMN,830242
4423526,249,167,8733,2020,137045.0,0.0,2.0517060000000003,1.205431,TWN,OMN,830242
4423527,39,181,8733,2020,1142.0,0.0,0.609267,1.1890479999999999,CAN,PSE,830242
4423528,41,181,8733,2020,2591.0,0.0,2.184038,0.900965,CHE,PSE,830242
4423529,43,181,8733,2020,586342.0,0.0,1.187837,1.2237770000000001,CHN,PSE,830242
4423530,61,181,8733,2020,7630.0,0.0,2.027494,-2.3646689999999997,DEU,PSE,830242
4423531,97,181,8733,2020,39524.0,0.0,1.070483,1.183618,HKG,PSE,830242
4423532,110,181,8733,2020,5256064.0,1550496.0,1.487557,0.8370920000000001,ISR,PSE,830242
4423533,111,181,8733,2020,6377.0,0.0,1.299017,0.701797,ITA,PSE,830242
4423534,224,181,8733,2020,41051.0,0.0,0.590472,2.619866,TUR,PSE,830242
4423535,249,181,8733,2020,4252.0,0.0,2.0517060000000003,1.205431,TWN,PSE,830242
4423536,15,198,8733,2020,2010660.0,0.0,1.6711310000000001,0.059096,AUT,SMR,830242
4423537,43,198,8733,2020,0.0,2392.0,1.187837,1.2237770000000001,CHN,SMR,830242
4423538,59,198,8733,2020,67583.0,0.0,1.716646,0.602441,CZE,SMR,830242
4423539,61,198,8733,2020,1935.0,0.0,2.027494,-2.3646689999999997,DEU,SMR,830242
4423540,121,198,8733,2020,0.0,1788.0,1.9703950000000001,0.800826,KOR,SMR,830242
4423541,207,198,8733,2020,1097.0,0.0,1.570699,0.8442459999999999,SVN,SMR,830242
4423542,15,223,8733,2020,1492193.0,0.0,1.6711310000000001,0.059096,AUT,TUN,830242
4423543,18,223,8733,2020,1224.0,0.0,1.204632,1.278346,BEL,TUN,830242
4423544,43,223,8733,2020,3190560.0,0.0,1.187837,1.2237770000000001,CHN,TUN,830242
4423545,59,223,8733,2020,1324390.0,253755.0,1.716646,0.602441,CZE,TUN,830242
4423546,61,223,8733,2020,193362.0,0.0,2.027494,-2.3646689999999997,DEU,TUN,830242
4423547,71,223,8733,2020,123818.0,0.0,0.736657,2.731661,ESP,TUN,830242
4423548,77,223,8733,2020,218616.0,1841.0,1.341275,0.8991870000000001,FRA,TUN,830242
4423549,81,223,8733,2020,38074.0,0.0,1.6459,0.7702640000000001,GBR,TUN,830242
4423550,111,223,8733,2020,762927.0,94658.0,1.299017,0.701797,ITA,TUN,830242
4423551,134,223,8733,2020,0.0,12178.0,-0.5208510000000001,-0.080499,MAR,TUN,830242
4423552,162,223,8733,2020,10256.0,0.0,1.035951,1.559401,NLD,TUN,830242
4423553,177,223,8733,2020,3950.0,0.0,1.0227979999999999,1.4079139999999999,POL,TUN,830242
4423554,191,223,8733,2020,0.0,1328.0,-0.634185,-0.398728,SEN,TUN,830242
4423555,224,223,8733,2020,1886344.0,4775.0,0.590472,2.619866,TUR,TUN,830242
4423556,43,0,8733,2020,237619.0,0.0,1.187837,1.2237770000000001,CHN,ABW,830242
4423557,49,0,8733,2020,876.0,0.0,0.115954,0.104558,COL,ABW,830242
4423558,162,0,8733,2020,5108.0,0.0,1.035951,1.559401,NLD,ABW,830242
4423559,231,0,8733,2020,39715.0,0.0,1.588148,0.380904,USA,ABW,830242
4423560,250,0,8733,2020,14534.0,0.0,0.866041,-0.371104,ANS,ABW,830242
4423561,7,1,8733,2020,2834.0,0.0,-0.118349,-0.789485,ARE,AFG,830242
4423562,43,1,8733,2020,71684.0,0.0,1.187837,1.2237770000000001,CHN,AFG,830242
4423563,104,1,8733,2020,65492.0,0.0,0.464674,2.838779,IND,AFG,830242
4423564,121,1,8733,2020,20395.0,0.0,1.9703950000000001,0.800826,KOR,AFG,830242
4423565,224,1,8733,2020,101272.0,0.0,0.590472,2.619866,TUR,AFG,830242
4423566,231,1,8733,2020,5508.0,0.0,1.588148,0.380904,USA,AFG,830242
4423567,18,2,8733,2020,1135.0,0.0,1.204632,1.278346,BEL,AGO,830242
4423568,32,2,8733,2020,48509.0,0.0,0.054622000000000004,0.532291,BRA,AGO,830242
4423569,43,2,8733,2020,2232034.0,0.0,1.187837,1.2237770000000001,CHN,AGO,830242
4423570,64,2,8733,2020,1296.0,0.0,1.093217,1.2166549999999998,DNK,AGO,830242
4423571,177,2,8733,2020,27219.0,0.0,1.0227979999999999,1.4079139999999999,POL,AGO,830242
4423572,179,2,8733,2020,783388.0,0.0,0.656999,2.1136470000000003,PRT,AGO,830242
4423573,224,2,8733,2020,17200.0,0.0,0.590472,2.619866,TUR,AGO,830242
4423574,239,2,8733,2020,2653.0,0.0,0.034229,0.89099,VNM,AGO,830242
4423575,246,2,8733,2020,13154.0,0.0,0.042099,0.923931,ZAF,AGO,830242
4423576,15,4,8733,2020,441814.0,0.0,1.6711310000000001,0.059096,AUT,ALB,830242
4423577,43,4,8733,2020,3635736.0,0.0,1.187837,1.2237770000000001,CHN,ALB,830242
4423578,59,4,8733,2020,2163.0,0.0,1.716646,0.602441,CZE,ALB,830242
4423579,61,4,8733,2020,117251.0,0.0,2.027494,-2.3646689999999997,DEU,ALB,830242
4423580,71,4,8733,2020,2333.0,0.0,0.736657,2.731661,ESP,ALB,830242
4423581,90,4,8733,2020,268012.0,0.0,0.199011,1.087811,GRC,ALB,830242
4423582,111,4,8733,2020,987369.0,0.0,1.299017,0.701797,ITA,ALB,830242
4423583,153,4,8733,2020,41936.0,0.0,1.185223,0.573439,MYS,ALB,830242
4423584,201,4,8733,2020,1326.0,0.0,0.5868399999999999,1.1187120000000002,SRB,ALB,830242
4423585,207,4,8733,2020,15423.0,0.0,1.570699,0.8442459999999999,SVN,ALB,830242
4423586,224,4,8733,2020,540701.0,141383.0,0.590472,2.619866,TUR,ALB,830242
4423587,43,5,8733,2020,8795.0,0.0,1.187837,1.2237770000000001,CHN,AND,830242
4423588,71,5,8733,2020,18912.0,0.0,0.736657,2.731661,ESP,AND,830242
4423589,77,5,8733,2020,25433.0,0.0,1.341275,0.8991870000000001,FRA,AND,830242
4423590,81,5,8733,2020,0.0,283346.0,1.6459,0.7702640000000001,GBR,AND,830242
4423591,7,17,8733,2020,1402.0,0.0,-0.118349,-0.789485,ARE,BDI,830242
4423592,43,17,8733,2020,9712.0,0.0,1.187837,1.2237770000000001,CHN,BDI,830242
4423593,61,17,8733,2020,9795.0,0.0,2.027494,-2.3646689999999997,DEU,BDI,830242
4423594,246,17,8733,2020,2532.0,0.0,0.042099,0.923931,ZAF,BDI,830242
4423595,39,25,8733,2020,61047.0,0.0,0.609267,1.1890479999999999,CAN,BHS,830242
4423596,43,25,8733,2020,9264.0,0.0,1.187837,1.2237770000000001,CHN,BHS,830242
4423597,61,25,8733,2020,328111.0,0.0,2.027494,-2.3646689999999997,DEU,BHS,830242
4423598,231,25,8733,2020,76405.0,0.0,1.588148,0.380904,USA,BHS,830242
4423599,39,29,8733,2020,7679.0,0.0,0.609267,1.1890479999999999,CAN,BLZ,830242
4423600,43,29,8733,2020,183910.0,0.0,1.187837,1.2237770000000001,CHN,BLZ,830242
4423601,81,29,8733,2020,3223.0,0.0,1.6459,0.7702640000000001,GBR,BLZ,830242
4423602,93,29,8733,2020,5271.0,0.0,-0.32240100000000005,0.542048,GTM,BLZ,830242
4423603,138,29,8733,2020,14738.0,0.0,0.974514,0.563643,MEX,BLZ,830242
4423604,169,29,8733,2020,14565.0,0.0,0.590821,0.786784,PAN,BLZ,830242
4423605,197,29,8733,2020,1039.0,0.0,-0.003327,0.18823399999999998,SLV,BLZ,830242
4423606,231,29,8733,2020,71682.0,0.0,1.588148,0.380904,USA,BLZ,830242
4423607,39,30,8733,2020,17603.0,0.0,0.609267,1.1890479999999999,CAN,BMU,830242
4423608,81,30,8733,2020,84647.0,0.0,1.6459,0.7702640000000001,GBR,BMU,830242
4423609,104,30,8733,2020,1148.0,0.0,0.464674,2.838779,IND,BMU,830242
4423610,231,30,8733,2020,156070.0,0.0,1.588148,0.380904,USA,BMU,830242
4423611,246,30,8733,2020,2273.0,0.0,0.042099,0.923931,ZAF,BMU,830242
4423612,14,34,8733,2020,1936.0,0.0,-0.32910500000000004,-0.232963,AUS,BRN,830242
4423613,15,34,8733,2020,820.0,0.0,1.6711310000000001,0.059096,AUT,BRN,830242
4423614,43,34,8733,2020,1826604.0,0.0,1.187837,1.2237770000000001,CHN,BRN,830242
4423615,59,34,8733,2020,4010.0,0.0,1.716646,0.602441,CZE,BRN,830242
4423616,61,34,8733,2020,967.0,0.0,2.027494,-2.3646689999999997,DEU,BRN,830242
4423617,64,34,8733,2020,5286.0,0.0,1.093217,1.2166549999999998,DNK,BRN,830242
4423618,97,34,8733,2020,738.0,0.0,1.070483,1.183618,HKG,BRN,830242
4423619,104,34,8733,2020,8397.0,0.0,0.464674,2.838779,IND,BRN,830242
4423620,111,34,8733,2020,2381.0,0.0,1.299017,0.701797,ITA,BRN,830242
4423621,153,34,8733,2020,29626.0,1199.0,1.185223,0.573439,MYS,BRN,830242
4423622,192,34,8733,2020,230509.0,0.0,1.948379,0.610574,SGP,BRN,830242
4423623,208,34,8733,2020,455.0,0.0,1.6911310000000002,0.791586,SWE,BRN,830242
4423624,216,34,8733,2020,1219.0,0.0,1.035524,1.2777180000000001,THA,BRN,830242
4423625,231,34,8733,2020,1690.0,0.0,1.588148,0.380904,USA,BRN,830242
4423626,249,34,8733,2020,1051.0,0.0,2.0517060000000003,1.205431,TWN,BRN,830242
4423627,104,35,8733,2020,80588.0,0.0,0.464674,2.838779,IND,BTN,830242
4423628,7,38,8733,2020,2385.0,0.0,-0.118349,-0.789485,ARE,CAF,830242
4423629,61,38,8733,2020,1252.0,0.0,2.027494,-2.3646689999999997,DEU,CAF,830242
4423630,71,38,8733,2020,3069.0,0.0,0.736657,2.731661,ESP,CAF,830242
4423631,7,50,8733,2020,12207.0,0.0,-0.118349,-0.789485,ARE,COM,830242
4423632,43,50,8733,2020,41349.0,0.0,1.187837,1.2237770000000001,CHN,COM,830242
4423633,231,57,8733,2020,154602.0,0.0,1.588148,0.380904,USA,CYM,830242
4423634,7,62,8733,2020,30444.0,0.0,-0.118349,-0.789485,ARE,DJI,830242
4423635,43,62,8733,2020,6019326.0,0.0,1.187837,1.2237770000000001,CHN,DJI,830242
4423636,111,62,8733,2020,7850.0,0.0,1.299017,0.701797,ITA,DJI,830242
4423637,224,62,8733,2020,4863.0,0.0,0.590472,2.619866,TUR,DJI,830242
4423638,231,62,8733,2020,17320.0,0.0,1.588148,0.380904,USA,DJI,830242
4423639,39,63,8733,2020,52873.0,0.0,0.609267,1.1890479999999999,CAN,DMA,830242
4423640,14,75,8733,2020,5171.0,0.0,-0.32910500000000004,-0.232963,AUS,FJI,830242
4423641,43,75,8733,2020,409462.0,0.0,1.187837,1.2237770000000001,CHN,FJI,830242
4423642,61,75,8733,2020,1668.0,0.0,2.027494,-2.3646689999999997,DEU,FJI,830242
4423643,81,75,8733,2020,3507.0,0.0,1.6459,0.7702640000000001,GBR,FJI,830242
4423644,97,75,8733,2020,1802.0,0.0,1.070483,1.183618,HKG,FJI,830242
4423645,153,75,8733,2020,28871.0,0.0,1.185223,0.573439,MYS,FJI,830242
4423646,166,75,8733,2020,42195.0,0.0,0.145567,0.070121,NZL,FJI,830242
4423647,192,75,8733,2020,22904.0,0.0,1.948379,0.610574,SGP,FJI,830242
4423648,216,75,8733,2020,1927.0,0.0,1.035524,1.2777180000000001,THA,FJI,830242
4423649,231,75,8733,2020,13284.0,0.0,1.588148,0.380904,USA,FJI,830242
4423650,249,75,8733,2020,2046.0,0.0,2.0517060000000003,1.205431,TWN,FJI,830242
4423651,71,84,8733,2020,124511.0,0.0,0.736657,2.731661,ESP,GIB,830242
4423652,81,84,8733,2020,6282.0,0.0,1.6459,0.7702640000000001,GBR,GIB,830242
4423653,179,84,8733,2020,21746.0,0.0,0.656999,2.1136470000000003,PRT,GIB,830242
4423654,32,85,8733,2020,2024.0,0.0,0.054622000000000004,0.532291,BRA,GIN,830242
4423655,43,85,8733,2020,973505.0,0.0,1.187837,1.2237770000000001,CHN,GIN,830242
4423656,71,85,8733,2020,4804.0,0.0,0.736657,2.731661,ESP,GIN,830242
4423657,134,85,8733,2020,1396.0,0.0,-0.5208510000000001,-0.080499,MAR,GIN,830242
4423658,179,85,8733,2020,2722.0,0.0,0.656999,2.1136470000000003,PRT,GIN,830242
4423659,224,85,8733,2020,23504.0,0.0,0.590472,2.619866,TUR,GIN,830242
4423660,249,85,8733,2020,14328.0,0.0,2.0517060000000003,1.205431,TWN,GIN,830242
4423661,7,87,8733,2020,22139.0,0.0,-0.118349,-0.789485,ARE,GMB,830242
4423662,43,87,8733,2020,320076.0,0.0,1.187837,1.2237770000000001,CHN,GMB,830242
4423663,191,87,8733,2020,2391.0,0.0,-0.634185,-0.398728,SEN,GMB,830242
4423664,224,87,8733,2020,40926.0,0.0,0.590472,2.619866,TUR,GMB,830242
4423665,43,88,8733,2020,2722.0,0.0,1.187837,1.2237770000000001,CHN,GNB,830242
4423666,179,88,8733,2020,7433.0,0.0,0.656999,2.1136470000000003,PRT,GNB,830242
4423667,43,89,8733,2020,213739.0,0.0,1.187837,1.2237770000000001,CHN,GNQ,830242
4423668,71,89,8733,2020,12142.0,0.0,0.736657,2.731661,ESP,GNQ,830242
4423669,231,89,8733,2020,3478.0,0.0,1.588148,0.380904,USA,GNQ,830242
4423670,39,91,8733,2020,55061.0,0.0,0.609267,1.1890479999999999,CAN,GRD,830242
4423671,43,91,8733,2020,3124.0,0.0,1.187837,1.2237770000000001,CHN,GRD,830242
4423672,61,91,8733,2020,10546.0,0.0,2.027494,-2.3646689999999997,DEU,GRD,830242
4423673,81,91,8733,2020,1360.0,0.0,1.6459,0.7702640000000001,GBR,GRD,830242
4423674,222,91,8733,2020,32617.0,0.0,0.156566,-0.653656,TTO,GRD,830242
4423675,231,91,8733,2020,4722.0,0.0,1.588148,0.380904,USA,GRD,830242
4423676,249,95,8733,2020,2285.0,0.0,2.0517060000000003,1.205431,TWN,GUM,830242
4423677,39,96,8733,2020,10140.0,0.0,0.609267,1.1890479999999999,CAN,GUY,830242
4423678,43,96,8733,2020,181915.0,0.0,1.187837,1.2237770000000001,CHN,GUY,830242
4423679,61,96,8733,2020,3271.0,0.0,2.027494,-2.3646689999999997,DEU,GUY,830242
4423680,104,96,8733,2020,40882.0,0.0,0.464674,2.838779,IND,GUY,830242
4423681,169,96,8733,2020,5053.0,0.0,0.590821,0.786784,PAN,GUY,830242
4423682,222,96,8733,2020,1919.0,0.0,0.156566,-0.653656,TTO,GUY,830242
4423683,231,96,8733,2020,19042.0,0.0,1.588148,0.380904,USA,GUY,830242
4423684,249,96,8733,2020,2533.0,0.0,2.0517060000000003,1.205431,TWN,GUY,830242
4423685,32,99,8733,2020,1736.0,0.0,0.054622000000000004,0.532291,BRA,HND,830242
4423686,43,99,8733,2020,653981.0,0.0,1.187837,1.2237770000000001,CHN,HND,830242
4423687,49,99,8733,2020,99726.0,0.0,0.115954,0.104558,COL,HND,830242
4423688,61,99,8733,2020,14907.0,0.0,2.027494,-2.3646689999999997,DEU,HND,830242
4423689,71,99,8733,2020,126289.0,0.0,0.736657,2.731661,ESP,HND,830242
4423690,93,99,8733,2020,46238.0,0.0,-0.32240100000000005,0.542048,GTM,HND,830242
4423691,104,99,8733,2020,11050.0,0.0,0.464674,2.838779,IND,HND,830242
4423692,111,99,8733,2020,19423.0,0.0,1.299017,0.701797,ITA,HND,830242
4423693,138,99,8733,2020,89341.0,0.0,0.974514,0.563643,MEX,HND,830242
4423694,231,99,8733,2020,338997.0,0.0,1.588148,0.380904,USA,HND,830242
4423695,249,99,8733,2020,69155.0,0.0,2.0517060000000003,1.205431,TWN,HND,830242
4423696,39,101,8733,2020,54857.0,0.0,0.609267,1.1890479999999999,CAN,HTI,830242
4423697,43,101,8733,2020,69008.0,0.0,1.187837,1.2237770000000001,CHN,HTI,830242
4423698,65,101,8733,2020,12095.0,0.0,0.06500299999999999,0.2812,DOM,HTI,830242
4423699,138,101,8733,2020,21685.0,0.0,0.974514,0.563643,MEX,HTI,830242
4423700,231,101,8733,2020,17148.0,0.0,1.588148,0.380904,USA,HTI,830242
4423701,39,120,8733,2020,6865.0,0.0,0.609267,1.1890479999999999,CAN,KNA,830242
4423702,43,120,8733,2020,13056.0,0.0,1.187837,1.2237770000000001,CHN,KNA,830242
4423703,43,125,8733,2020,332963.0,0.0,1.187837,1.2237770000000001,CHN,LBR,830242
4423704,39,127,8733,2020,20794.0,0.0,0.609267,1.1890479999999999,CAN,LCA,830242
4423705,43,127,8733,2020,7012.0,0.0,1.187837,1.2237770000000001,CHN,LCA,830242
4423706,61,127,8733,2020,4777.0,0.0,2.027494,-2.3646689999999997,DEU,LCA,830242
4423707,43,133,8733,2020,291046.0,0.0,1.187837,1.2237770000000001,CHN,MAC,830242
4423708,59,133,8733,2020,1506.0,0.0,1.716646,0.602441,CZE,MAC,830242
4423709,61,133,8733,2020,1071.0,0.0,2.027494,-2.3646689999999997,DEU,MAC,830242
4423710,81,133,8733,2020,8860.0,0.0,1.6459,0.7702640000000001,GBR,MAC,830242
4423711,97,133,8733,2020,66665.0,1104.0,1.070483,1.183618,HKG,MAC,830242
4423712,104,133,8733,2020,974.0,0.0,0.464674,2.838779,IND,MAC,830242
4423713,111,133,8733,2020,93406.0,0.0,1.299017,0.701797,ITA,MAC,830242
4423714,114,133,8733,2020,9603.0,0.0,2.405659,-0.38169000000000003,JPN,MAC,830242
4423715,130,133,8733,2020,2099.0,0.0,0.9772870000000001,1.291244,LTU,MAC,830242
4423716,177,133,8733,2020,440.0,0.0,1.0227979999999999,1.4079139999999999,POL,MAC,830242
4423717,224,133,8733,2020,530.0,0.0,0.590472,2.619866,TUR,MAC,830242
4423718,231,133,8733,2020,1392.0,0.0,1.588148,0.380904,USA,MAC,830242
4423719,249,133,8733,2020,4988.0,0.0,2.0517060000000003,1.205431,TWN,MAC,830242
4423720,43,136,8733,2020,698173.0,0.0,1.187837,1.2237770000000001,CHN,MDG,830242
4423721,61,136,8733,2020,18153.0,0.0,2.027494,-2.3646689999999997,DEU,MDG,830242
4423722,71,136,8733,2020,21294.0,0.0,0.736657,2.731661,ESP,MDG,830242
4423723,77,136,8733,2020,37083.0,0.0,1.341275,0.8991870000000001,FRA,MDG,830242
4423724,111,136,8733,2020,6666.0,0.0,1.299017,0.701797,ITA,MDG,830242
4423725,134,136,8733,2020,9563.0,0.0,-0.5208510000000001,-0.080499,MAR,MDG,830242
4423726,162,136,8733,2020,9945.0,0.0,1.035951,1.559401,NLD,MDG,830242
4423727,192,136,8733,2020,5419.0,0.0,1.948379,0.610574,SGP,MDG,830242
4423728,224,136,8733,2020,3327.0,0.0,0.590472,2.619866,TUR,MDG,830242
4423729,231,136,8733,2020,815.0,0.0,1.588148,0.380904,USA,MDG,830242
4423730,246,136,8733,2020,2938.0,0.0,0.042099,0.923931,ZAF,MDG,830242
4423731,249,136,8733,2020,1742.0,0.0,2.0517060000000003,1.205431,TWN,MDG,830242
4423732,250,136,8733,2020,2942.0,0.0,0.866041,-0.371104,ANS,MDG,830242
4423733,7,137,8733,2020,35548.0,0.0,-0.118349,-0.789485,ARE,MDV,830242
4423734,43,137,8733,2020,996685.0,0.0,1.187837,1.2237770000000001,CHN,MDV,830242
4423735,71,137,8733,2020,6885.0,0.0,0.736657,2.731661,ESP,MDV,830242
4423736,81,137,8733,2020,1540.0,0.0,1.6459,0.7702640000000001,GBR,MDV,830242
4423737,104,137,8733,2020,8057.0,0.0,0.464674,2.838779,IND,MDV,830242
4423738,111,137,8733,2020,1781.0,0.0,1.299017,0.701797,ITA,MDV,830242
4423739,128,137,8733,2020,46280.0,0.0,-0.48448599999999997,0.5495220000000001,LKA,MDV,830242
4423740,153,137,8733,2020,14836.0,0.0,1.185223,0.573439,MYS,MDV,830242
4423741,166,137,8733,2020,2628.0,0.0,0.145567,0.070121,NZL,MDV,830242
4423742,174,137,8733,2020,1902.0,0.0,0.755786,0.24693,PHL,MDV,830242
4423743,192,137,8733,2020,63766.0,0.0,1.948379,0.610574,SGP,MDV,830242
4423744,216,137,8733,2020,104784.0,0.0,1.035524,1.2777180000000001,THA,MDV,830242
4423745,43,141,8733,2020,175745.0,0.0,1.187837,1.2237770000000001,CHN,MLI,830242
4423746,71,141,8733,2020,101763.0,0.0,0.736657,2.731661,ESP,MLI,830242
4423747,224,141,8733,2020,6780.0,0.0,0.590472,2.619866,TUR,MLI,830242
4423748,14,156,8733,2020,22358.0,0.0,-0.32910500000000004,-0.232963,AUS,NCL,830242
4423749,43,156,8733,2020,97906.0,0.0,1.187837,1.2237770000000001,CHN,NCL,830242
4423750,59,156,8733,2020,3810.0,0.0,1.716646,0.602441,CZE,NCL,830242
4423751,61,156,8733,2020,11244.0,0.0,2.027494,-2.3646689999999997,DEU,NCL,830242
4423752,71,156,8733,2020,92661.0,0.0,0.736657,2.731661,ESP,NCL,830242
4423753,77,156,8733,2020,147731.0,0.0,1.341275,0.8991870000000001,FRA,NCL,830242
4423754,111,156,8733,2020,27546.0,0.0,1.299017,0.701797,ITA,NCL,830242
4423755,130,156,8733,2020,4789.0,0.0,0.9772870000000001,1.291244,LTU,NCL,830242
4423756,249,156,8733,2020,20355.0,0.0,2.0517060000000003,1.205431,TWN,NCL,830242
4423757,15,160,8733,2020,5996.0,0.0,1.6711310000000001,0.059096,AUT,NIC,830242
4423758,43,160,8733,2020,363430.0,0.0,1.187837,1.2237770000000001,CHN,NIC,830242
4423759,49,160,8733,2020,79886.0,0.0,0.115954,0.104558,COL,NIC,830242
4423760,52,160,8733,2020,2373.0,943.0,0.303849,-0.114494,CRI,NIC,830242
4423761,59,160,8733,2020,1002.0,0.0,1.716646,0.602441,CZE,NIC,830242
4423762,61,160,8733,2020,5039.0,0.0,2.027494,-2.3646689999999997,DEU,NIC,830242
4423763,71,160,8733,2020,2770.0,0.0,0.736657,2.731661,ESP,NIC,830242
4423764,93,160,8733,2020,7573.0,0.0,-0.32240100000000005,0.542048,GTM,NIC,830242
4423765,111,160,8733,2020,30427.0,0.0,1.299017,0.701797,ITA,NIC,830242
4423766,138,160,8733,2020,13935.0,0.0,0.974514,0.563643,MEX,NIC,830242
4423767,169,160,8733,2020,2252.0,0.0,0.590821,0.786784,PAN,NIC,830242
4423768,197,160,8733,2020,327782.0,0.0,-0.003327,0.18823399999999998,SLV,NIC,830242
4423769,231,160,8733,2020,97603.0,0.0,1.588148,0.380904,USA,NIC,830242
4423770,249,160,8733,2020,7508.0,0.0,2.0517060000000003,1.205431,TWN,NIC,830242
4423771,43,164,8733,2020,1415545.0,0.0,1.187837,1.2237770000000001,CHN,NPL,830242
4423772,59,164,8733,2020,6115.0,0.0,1.716646,0.602441,CZE,NPL,830242
4423773,61,164,8733,2020,16109.0,0.0,2.027494,-2.3646689999999997,DEU,NPL,830242
4423774,104,164,8733,2020,268104.0,0.0,0.464674,2.838779,IND,NPL,830242
4423775,192,164,8733,2020,1534.0,0.0,1.948379,0.610574,SGP,NPL,830242
4423776,216,164,8733,2020,2657.0,0.0,1.035524,1.2777180000000001,THA,NPL,830242
4423777,43,175,8733,2020,727712.0,0.0,1.187837,1.2237770000000001,CHN,PLW,830242
4423778,14,176,8733,2020,51323.0,0.0,-0.32910500000000004,-0.232963,AUS,PNG,830242
4423779,43,176,8733,2020,469923.0,0.0,1.187837,1.2237770000000001,CHN,PNG,830242
4423780,153,176,8733,2020,49268.0,0.0,1.185223,0.573439,MYS,PNG,830242
4423781,166,176,8733,2020,45714.0,0.0,0.145567,0.070121,NZL,PNG,830242
4423782,14,182,8733,2020,2090.0,0.0,-0.32910500000000004,-0.232963,AUS,PYF,830242
4423783,18,182,8733,2020,1539.0,0.0,1.204632,1.278346,BEL,PYF,830242
4423784,43,182,8733,2020,29431.0,0.0,1.187837,1.2237770000000001,CHN,PYF,830242
4423785,61,182,8733,2020,22039.0,0.0,2.027494,-2.3646689999999997,DEU,PYF,830242
4423786,71,182,8733,2020,78654.0,0.0,0.736657,2.731661,ESP,PYF,830242
4423787,77,182,8733,2020,139275.0,0.0,1.341275,0.8991870000000001,FRA,PYF,830242
4423788,104,182,8733,2020,711.0,0.0,0.464674,2.838779,IND,PYF,830242
4423789,111,182,8733,2020,5953.0,0.0,1.299017,0.701797,ITA,PYF,830242
4423790,166,182,8733,2020,33622.0,0.0,0.145567,0.070121,NZL,PYF,830242
4423791,192,182,8733,2020,26952.0,0.0,1.948379,0.610574,SGP,PYF,830242
4423792,231,182,8733,2020,14146.0,0.0,1.588148,0.380904,USA,PYF,830242
4423793,249,182,8733,2020,30634.0,0.0,2.0517060000000003,1.205431,TWN,PYF,830242
4423794,250,182,8733,2020,1980.0,0.0,0.866041,-0.371104,ANS,PYF,830242
4423795,7,187,8733,2020,25938.0,0.0,-0.118349,-0.789485,ARE,RWA,830242
4423796,43,187,8733,2020,52279.0,0.0,1.187837,1.2237770000000001,CHN,RWA,830242
4423797,61,187,8733,2020,3531.0,0.0,2.027494,-2.3646689999999997,DEU,RWA,830242
4423798,224,187,8733,2020,7491.0,0.0,0.590472,2.619866,TUR,RWA,830242
4423799,226,187,8733,2020,12915.0,0.0,-1.024,-0.023909,TZA,RWA,830242
4423800,231,187,8733,2020,0.0,17475.0,1.588148,0.380904,USA,RWA,830242
4423801,246,187,8733,2020,1326.0,0.0,0.042099,0.923931,ZAF,RWA,830242
4423802,7,190,8733,2020,26713.0,0.0,-0.118349,-0.789485,ARE,SDN,830242
4423803,43,190,8733,2020,1941920.0,0.0,1.187837,1.2237770000000001,CHN,SDN,830242
4423804,59,190,8733,2020,4403.0,0.0,1.716646,0.602441,CZE,SDN,830242
4423805,224,190,8733,2020,48997.0,0.0,0.590472,2.619866,TUR,SDN,830242
4423806,43,195,8733,2020,176636.0,0.0,1.187837,1.2237770000000001,CHN,SLB,830242
4423807,7,196,8733,2020,2395.0,0.0,-0.118349,-0.789485,ARE,SLE,830242
4423808,39,196,8733,2020,0.0,64839.0,0.609267,1.1890479999999999,CAN,SLE,830242
4423809,43,196,8733,2020,80492.0,0.0,1.187837,1.2237770000000001,CHN,SLE,830242
4423810,7,199,8733,2020,62644.0,0.0,-0.118349,-0.789485,ARE,SOM,830242
4423811,43,199,8733,2020,932130.0,0.0,1.187837,1.2237770000000001,CHN,SOM,830242
4423812,104,199,8733,2020,173088.0,0.0,0.464674,2.838779,IND,SOM,830242
4423813,224,199,8733,2020,34002.0,0.0,0.590472,2.619866,TUR,SOM,830242
4423814,43,202,8733,2020,95958.0,0.0,1.187837,1.2237770000000001,CHN,SSD,830242
4423815,15,205,8733,2020,45250.0,0.0,1.6711310000000001,0.059096,AUT,SUR,830242
4423816,41,205,8733,2020,1708.0,0.0,2.184038,0.900965,CHE,SUR,830242
4423817,43,205,8733,2020,437516.0,0.0,1.187837,1.2237770000000001,CHN,SUR,830242
4423818,61,205,8733,2020,86044.0,0.0,2.027494,-2.3646689999999997,DEU,SUR,830242
4423819,111,205,8733,2020,71331.0,0.0,1.299017,0.701797,ITA,SUR,830242
4423820,162,205,8733,2020,56646.0,0.0,1.035951,1.559401,NLD,SUR,830242
4423821,207,205,8733,2020,0.0,14747.0,1.570699,0.8442459999999999,SVN,SUR,830242
4423822,231,205,8733,2020,3286.0,0.0,1.588148,0.380904,USA,SUR,830242
4423823,7,211,8733,2020,9499.0,0.0,-0.118349,-0.789485,ARE,SYC,830242
4423824,43,211,8733,2020,344374.0,0.0,1.187837,1.2237770000000001,CHN,SYC,830242
4423825,61,211,8733,2020,100243.0,0.0,2.027494,-2.3646689999999997,DEU,SYC,830242
4423826,71,211,8733,2020,3352.0,0.0,0.736657,2.731661,ESP,SYC,830242
4423827,81,211,8733,2020,1349.0,0.0,1.6459,0.7702640000000001,GBR,SYC,830242
4423828,97,211,8733,2020,1155.0,0.0,1.070483,1.183618,HKG,SYC,830242
4423829,104,211,8733,2020,19103.0,0.0,0.464674,2.838779,IND,SYC,830242
4423830,111,211,8733,2020,4467.0,0.0,1.299017,0.701797,ITA,SYC,830242
4423831,124,211,8733,2020,12465.0,0.0,0.35459,1.067965,LBN,SYC,830242
4423832,151,211,8733,2020,2859.0,0.0,-0.048897,0.11543099999999999,MUS,SYC,830242
4423833,192,211,8733,2020,871.0,0.0,1.948379,0.610574,SGP,SYC,830242
4423834,224,211,8733,2020,6358.0,0.0,0.590472,2.619866,TUR,SYC,830242
4423835,246,211,8733,2020,6115.0,0.0,0.042099,0.923931,ZAF,SYC,830242
4423836,15,212,8733,2020,75028.0,0.0,1.6711310000000001,0.059096,AUT,SYR,830242
4423837,43,212,8733,2020,4976340.0,0.0,1.187837,1.2237770000000001,CHN,SYR,830242
4423838,61,212,8733,2020,8830.0,0.0,2.027494,-2.3646689999999997,DEU,SYR,830242
4423839,71,212,8733,2020,1423.0,0.0,0.736657,2.731661,ESP,SYR,830242
4423840,111,212,8733,2020,98426.0,0.0,1.299017,0.701797,ITA,SYR,830242
4423841,124,212,8733,2020,2501.0,110937.0,0.35459,1.067965,LBN,SYR,830242
4423842,188,212,8733,2020,0.0,25358.0,0.662925,-0.21661999999999998,SAU,SYR,830242
4423843,224,212,8733,2020,27754.0,0.0,0.590472,2.619866,TUR,SYR,830242
4423844,39,213,8733,2020,4336.0,0.0,0.609267,1.1890479999999999,CAN,TCA,830242
4423845,43,213,8733,2020,3828.0,0.0,1.187837,1.2237770000000001,CHN,TCA,830242
4423846,206,213,8733,2020,0.0,1356.0,1.338026,0.825268,SVK,TCA,830242
4423847,7,214,8733,2020,29822.0,0.0,-0.118349,-0.789485,ARE,TCD,830242
4423848,43,214,8733,2020,5860.0,0.0,1.187837,1.2237770000000001,CHN,TCD,830242
4423849,43,219,8733,2020,329211.0,0.0,1.187837,1.2237770000000001,CHN,TKM,830242
4423850,61,219,8733,2020,8788.0,0.0,2.027494,-2.3646689999999997,DEU,TKM,830242
4423851,71,219,8733,2020,39765.0,0.0,0.736657,2.731661,ESP,TKM,830242
4423852,77,219,8733,2020,6367.0,0.0,1.341275,0.8991870000000001,FRA,TKM,830242
4423853,224,219,8733,2020,320663.0,0.0,0.590472,2.619866,TUR,TKM,830242
4423854,14,220,8733,2020,3638.0,0.0,-0.32910500000000004,-0.232963,AUS,TLS,830242
4423855,43,220,8733,2020,104772.0,0.0,1.187837,1.2237770000000001,CHN,TLS,830242
4423856,103,220,8733,2020,4637.0,0.0,-0.16761700000000002,1.571009,IDN,TLS,830242
4423857,43,221,8733,2020,51671.0,0.0,1.187837,1.2237770000000001,CHN,TON,830242
4423858,39,234,8733,2020,42933.0,0.0,0.609267,1.1890479999999999,CAN,VCT,830242
4423859,43,234,8733,2020,7012.0,0.0,1.187837,1.2237770000000001,CHN,VCT,830242
4423860,81,234,8733,2020,1362.0,0.0,1.6459,0.7702640000000001,GBR,VCT,830242
4423861,231,234,8733,2020,19048.0,0.0,1.588148,0.380904,USA,VCT,830242
4423862,162,237,8733,2020,5066.0,0.0,1.035951,1.559401,NLD,VGB,830242
4423863,231,237,8733,2020,19258.0,0.0,1.588148,0.380904,USA,VGB,830242
4423864,14,240,8733,2020,3313.0,0.0,-0.32910500000000004,-0.232963,AUS,VUT,830242
4423865,43,240,8733,2020,17543.0,0.0,1.187837,1.2237770000000001,CHN,VUT,830242
4423866,77,240,8733,2020,8040.0,0.0,1.341275,0.8991870000000001,FRA,VUT,830242
4423867,7,243,8733,2020,49114.0,0.0,-0.118349,-0.789485,ARE,YEM,830242
4423868,43,243,8733,2020,3898637.0,0.0,1.187837,1.2237770000000001,CHN,YEM,830242
4423869,61,243,8733,2020,1457.0,0.0,2.027494,-2.3646689999999997,DEU,YEM,830242
4423870,224,243,8733,2020,63794.0,0.0,0.590472,2.619866,TUR,YEM,830242
4423871,249,243,8733,2020,66596.0,0.0,2.0517060000000003,1.205431,TWN,YEM,830242
4423872,39,210,8733,2020,3964.0,0.0,0.609267,1.1890479999999999,CAN,SXM,830242
4423873,61,210,8733,2020,9864.0,0.0,2.027494,-2.3646689999999997,DEU,SXM,830242
4423874,81,210,8733,2020,2986.0,0.0,1.6459,0.7702640000000001,GBR,SXM,830242
4423875,162,210,8733,2020,1168.0,0.0,1.035951,1.559401,NLD,SXM,830242
4423876,231,210,8733,2020,21302.0,0.0,1.588148,0.380904,USA,SXM,830242
4423877,64,78,8733,2020,83749.0,0.0,1.093217,1.2166549999999998,DNK,FRO,830242
4423878,61,11,8733,2020,1705.0,0.0,2.027494,-2.3646689999999997,DEU,ATA,830242
4423879,166,48,8733,2020,12841.0,0.0,0.145567,0.070121,NZL,COK,830242
4423880,231,149,8733,2020,2928.0,0.0,1.588148,0.380904,USA,MSR,830242
4423881,81,194,8733,2020,2091.0,0.0,1.6459,0.7702640000000001,GBR,SHN,830242
4423882,14,242,8733,2020,113335.0,0.0,-0.32910500000000004,-0.232963,AUS,WSM,830242
4423883,32,242,8733,2020,0.0,239127.0,0.054622000000000004,0.532291,BRA,WSM,830242
4423884,43,242,8733,2020,152034.0,0.0,1.187837,1.2237770000000001,CHN,WSM,830242
4423885,166,242,8733,2020,10819.0,0.0,0.145567,0.070121,NZL,WSM,830242
4423886,177,27,8733,2020,1584.0,0.0,1.0227979999999999,1.4079139999999999,POL,BLM,830242
4423887,231,3,8733,2020,3191.0,0.0,1.588148,0.380904,USA,AIA,830242
4423888,162,20,8733,2020,10374.0,0.0,1.035951,1.559401,NLD,BES,830242
4423889,179,20,8733,2020,6288.0,0.0,0.656999,2.1136470000000003,PRT,BES,830242
4423890,39,200,8733,2020,3699.0,0.0,0.609267,1.1890479999999999,CAN,SPM,830242
4423891,153,218,8733,2020,0.0,1210.0,1.185223,0.573439,MYS,TKL,830242
4423892,1,7,8734,2020,0.0,88141.0,-1.178987,-0.815577,AFG,ARE,830249
4423893,2,7,8734,2020,0.0,13964.0,-1.7948709999999999,-1.199555,AGO,ARE,830249
4423894,9,7,8734,2020,0.0,13107.0,-0.129502,-0.671068,ARM,ARE,830249
4423895,14,7,8734,2020,374257.0,54768.0,-0.32910500000000004,-0.232963,AUS,ARE,830249
4423896,15,7,8734,2020,69878.0,23098.0,1.6711310000000001,0.059096,AUT,ARE,830249
4423897,16,7,8734,2020,0.0,54888.0,-1.142366,-1.2529190000000001,AZE,ARE,830249
4423898,17,7,8734,2020,0.0,1236.0,-0.748203,-0.874817,BDI,ARE,830249
4423899,18,7,8734,2020,24981.0,4246.0,1.204632,1.278346,BEL,ARE,830249
4423900,19,7,8734,2020,0.0,6994.0,-0.467344,-0.686191,BEN,ARE,830249
4423901,21,7,8734,2020,0.0,2558.0,-0.7634310000000001,-0.938997,BFA,ARE,830249
4423902,22,7,8734,2020,0.0,110793.0,-0.874451,-0.9031309999999999,BGD,ARE,830249
4423903,23,7,8734,2020,12266.0,978.0,0.6328520000000001,1.8517009999999998,BGR,ARE,830249
4423904,24,7,8734,2020,1233.0,948131.0,0.379085,-0.634111,BHR,ARE,830249
4423905,26,7,8734,2020,8954.0,0.0,0.5449470000000001,0.91781,BIH,ARE,830249
4423906,28,7,8734,2020,50714.0,0.0,0.858776,1.085652,BLR,ARE,830249
4423907,39,7,8734,2020,126553.0,6707.0,0.609267,1.1890479999999999,CAN,ARE,830249
4423908,41,7,8734,2020,99897.0,66039.0,2.184038,0.900965,CHE,ARE,830249
4423909,42,7,8734,2020,2520.0,1428.0,-0.307923,-0.565983,CHL,ARE,830249
4423910,43,7,8734,2020,5096102.0,112665.0,1.187837,1.2237770000000001,CHN,ARE,830249
4423911,44,7,8734,2020,0.0,3432.0,-1.2299200000000001,-1.095777,CIV,ARE,830249
4423912,45,7,8734,2020,0.0,103704.0,-1.379365,-1.177022,CMR,ARE,830249
4423913,46,7,8734,2020,0.0,38062.0,-1.538455,-1.1857659999999999,COD,ARE,830249
4423914,47,7,8734,2020,0.0,6329.0,-1.580638,-1.2020870000000001,COG,ARE,830249
4423915,50,7,8734,2020,0.0,52937.0,-0.314278,-0.86393,COM,ARE,830249
4423916,58,7,8734,2020,1155.0,289771.0,0.5354760000000001,-0.069753,CYP,ARE,830249
4423917,59,7,8734,2020,26885.0,4757.0,1.716646,0.602441,CZE,ARE,830249
4423918,61,7,8734,2020,1174359.0,73849.0,2.027494,-2.3646689999999997,DEU,ARE,830249
4423919,62,7,8734,2020,0.0,7294.0,-0.493576,-0.808321,DJI,ARE,830249
4423920,64,7,8734,2020,11772.0,4398.0,1.093217,1.2166549999999998,DNK,ARE,830249
4423921,66,7,8734,2020,0.0,214085.0,-1.015133,-1.243726,DZA,ARE,830249
4423922,68,7,8734,2020,2111.0,190635.0,-0.186095,1.6414330000000001,EGY,ARE,830249
4423923,69,7,8734,2020,0.0,3535.0,-1.1688129999999999,-0.9633879999999999,ERI,ARE,830249
4423924,71,7,8734,2020,22957.0,0.0,0.736657,2.731661,ESP,ARE,830249
4423925,72,7,8734,2020,1198.0,0.0,1.012385,1.305015,EST,ARE,830249
4423926,73,7,8734,2020,0.0,48137.0,-0.952033,-0.707262,ETH,ARE,830249
4423927,74,7,8734,2020,10093.0,0.0,1.498089,1.066223,FIN,ARE,830249
4423928,77,7,8734,2020,2309137.0,61231.0,1.341275,0.8991870000000001,FRA,ARE,830249
4423929,80,7,8734,2020,0.0,221086.0,-1.6422990000000002,-1.207249,GAB,ARE,830249
4423930,81,7,8734,2020,6736784.0,3710.0,1.6459,0.7702640000000001,GBR,ARE,830249
4423931,82,7,8734,2020,338.0,3511.0,-0.199775,-0.38684,GEO,ARE,830249
4423932,83,7,8734,2020,0.0,22098.0,-0.973506,-0.9559139999999999,GHA,ARE,830249
4423933,87,7,8734,2020,0.0,21825.0,-1.11216,-0.956471,GMB,ARE,830249
4423934,90,7,8734,2020,55321.0,4408.0,0.199011,1.087811,GRC,ARE,830249
4423935,97,7,8734,2020,16043.0,74137.0,1.070483,1.183618,HKG,ARE,830249
4423936,102,7,8734,2020,4283.0,0.0,1.393152,0.878916,HUN,ARE,830249
4423937,103,7,8734,2020,12434.0,3704.0,-0.16761700000000002,1.571009,IDN,ARE,830249
4423938,104,7,8734,2020,546327.0,155798.0,0.464674,2.838779,IND,ARE,830249
4423939,107,7,8734,2020,0.0,35038.0,-0.362286,-0.242846,IRN,ARE,830249
4423940,108,7,8734,2020,0.0,432470.0,-1.087158,-0.9546389999999999,IRQ,ARE,830249
4423941,109,7,8734,2020,2324.0,0.0,0.27161399999999997,-0.17819200000000002,ISL,ARE,830249
4423942,111,7,8734,2020,1344429.0,19470.0,1.299017,0.701797,ITA,ARE,830249
4423943,113,7,8734,2020,0.0,175286.0,-0.060384,0.139902,JOR,ARE,830249
4423944,114,7,8734,2020,182460.0,47084.0,2.405659,-0.38169000000000003,JPN,ARE,830249
4423945,115,7,8734,2020,0.0,30737.0,-0.48361899999999997,-0.626675,KAZ,ARE,830249
4423946,116,7,8734,2020,0.0,85636.0,-0.496446,0.562476,KEN,ARE,830249
4423947,121,7,8734,2020,53598.0,8473.0,1.9703950000000001,0.800826,KOR,ARE,830249
4423948,122,7,8734,2020,1934.0,2377008.0,-0.072977,-1.090017,KWT,ARE,830249
4423949,124,7,8734,2020,11855.0,10588.0,0.35459,1.067965,LBN,ARE,830249
4423950,125,7,8734,2020,0.0,2152.0,-1.614715,-1.185446,LBR,ARE,830249
4423951,126,7,8734,2020,0.0,4335.0,-1.0431840000000001,-1.187957,LBY,ARE,830249
4423952,128,7,8734,2020,0.0,106253.0,-0.48448599999999997,0.5495220000000001,LKA,ARE,830249
4423953,130,7,8734,2020,2139.0,1651.0,0.9772870000000001,1.291244,LTU,ARE,830249
4423954,131,7,8734,2020,2981.0,0.0,1.197655,1.432727,LUX,ARE,830249
4423955,132,7,8734,2020,0.0,2328.0,0.712901,1.119907,LVA,ARE,830249
4423956,134,7,8734,2020,12737.0,29049.0,-0.5208510000000001,-0.080499,MAR,ARE,830249
4423957,136,7,8734,2020,0.0,72002.0,-1.206503,-0.709465,MDG,ARE,830249
4423958,137,7,8734,2020,0.0,139643.0,-0.68914,-0.844514,MDV,ARE,830249
4423959,138,7,8734,2020,200113.0,45132.0,0.974514,0.563643,MEX,ARE,830249
4423960,141,7,8734,2020,0.0,6584.0,-1.309505,-1.1745079999999999,MLI,ARE,830249
4423961,142,7,8734,2020,0.0,1099.0,0.9159309999999999,0.24442199999999997,MLT,ARE,830249
4423962,147,7,8734,2020,0.0,60231.0,-1.1186040000000002,-0.974224,MOZ,ARE,830249
4423963,148,7,8734,2020,0.0,921.0,-1.400894,-1.27631,MRT,ARE,830249
4423964,151,7,8734,2020,0.0,7784.0,-0.048897,0.11543099999999999,MUS,ARE,830249
4423965,152,7,8734,2020,0.0,9871.0,-1.122433,-1.106831,MWI,ARE,830249
4423966,153,7,8734,2020,35993.0,8200.0,1.185223,0.573439,MYS,ARE,830249
4423967,157,7,8734,2020,0.0,1721.0,-0.62888,-0.841089,NER,ARE,830249
4423968,159,7,8734,2020,0.0,34517.0,-1.6399299999999999,-1.19536,NGA,ARE,830249
4423969,162,7,8734,2020,880047.0,67227.0,1.035951,1.559401,NLD,ARE,830249
4423970,163,7,8734,2020,5155.0,4440.0,0.793459,0.369766,NOR,ARE,830249
4423971,166,7,8734,2020,0.0,2816.0,0.145567,0.070121,NZL,ARE,830249
4423972,167,7,8734,2020,0.0,3050084.0,-0.251371,-0.8775299999999999,OMN,ARE,830249
4423973,168,7,8734,2020,17358.0,22231.0,-0.52984,0.63654,PAK,ARE,830249
4423974,174,7,8734,2020,27875.0,6998.0,0.755786,0.24693,PHL,ARE,830249
4423975,177,7,8734,2020,31590.0,2981.0,1.0227979999999999,1.4079139999999999,POL,ARE,830249
4423976,179,7,8734,2020,168859.0,0.0,0.656999,2.1136470000000003,PRT,ARE,830249
4423977,185,7,8734,2020,7216.0,3340.0,1.13426,0.9767809999999999,ROU,ARE,830249
4423978,186,7,8734,2020,112802.0,7652.0,0.373882,0.42102700000000004,RUS,ARE,830249
4423979,187,7,8734,2020,0.0,3935.0,-0.923618,-0.975133,RWA,ARE,830249
4423980,188,7,8734,2020,31885.0,652320.0,0.662925,-0.21661999999999998,SAU,ARE,830249
4423981,190,7,8734,2020,0.0,28903.0,-1.380126,-1.280657,SDN,ARE,830249
4423982,191,7,8734,2020,0.0,8098.0,-0.634185,-0.398728,SEN,ARE,830249
4423983,192,7,8734,2020,183181.0,12300.0,1.948379,0.610574,SGP,ARE,830249
4423984,196,7,8734,2020,0.0,1703.0,-0.122243,-0.5501010000000001,SLE,ARE,830249
4423985,199,7,8734,2020,0.0,10991.0,-1.26219,-1.0055180000000001,SOM,ARE,830249
4423986,201,7,8734,2020,21787.0,0.0,0.5868399999999999,1.1187120000000002,SRB,ARE,830249
4423987,202,7,8734,2020,0.0,88614.0,-1.948366,-0.9899879999999999,SSD,ARE,830249
4423988,206,7,8734,2020,2909.0,0.0,1.338026,0.825268,SVK,ARE,830249
4423989,207,7,8734,2020,4416.0,0.0,1.570699,0.8442459999999999,SVN,ARE,830249
4423990,208,7,8734,2020,339843.0,0.0,1.6911310000000002,0.791586,SWE,ARE,830249
4423991,211,7,8734,2020,0.0,32506.0,0.185747,-0.695441,SYC,ARE,830249
4423992,214,7,8734,2020,0.0,7593.0,-2.862755,-1.0123090000000001,TCD,ARE,830249
4423993,215,7,8734,2020,0.0,12537.0,-0.719535,-0.746202,TGO,ARE,830249
4423994,216,7,8734,2020,72616.0,5578.0,1.035524,1.2777180000000001,THA,ARE,830249
4423995,217,7,8734,2020,0.0,2567.0,-0.73744,-1.0706950000000002,TJK,ARE,830249
4423996,219,7,8734,2020,0.0,4887.0,-0.949525,-1.147622,TKM,ARE,830249
4423997,222,7,8734,2020,0.0,5780.0,0.156566,-0.653656,TTO,ARE,830249
4423998,223,7,8734,2020,7583.0,5826.0,0.220298,0.454477,TUN,ARE,830249
4423999,224,7,8734,2020,756214.0,52985.0,0.590472,2.619866,TUR,ARE,830249
4424000,226,7,8734,2020,0.0,242151.0,-1.024,-0.023909,TZA,ARE,830249
4424001,227,7,8734,2020,0.0,41253.0,-0.55156,-0.019136,UGA,ARE,830249
4424002,228,7,8734,2020,2039.0,30028.0,0.383736,0.531328,UKR,ARE,830249
4424003,231,7,8734,2020,7709089.0,513990.0,1.588148,0.380904,USA,ARE,830249
4424004,232,7,8734,2020,0.0,1973.0,-0.309411,0.071414,UZB,ARE,830249
4424005,239,7,8734,2020,13373.0,0.0,0.034229,0.89099,VNM,ARE,830249
4424006,243,7,8734,2020,0.0,76184.0,-1.130952,-1.137774,YEM,ARE,830249
4424007,246,7,8734,2020,80148.0,36985.0,0.042099,0.923931,ZAF,ARE,830249
4424008,247,7,8734,2020,0.0,6858.0,-0.9162379999999999,-0.9523940000000001,ZMB,ARE,830249
4424009,248,7,8734,2020,0.0,26714.0,-1.039532,-1.12853,ZWE,ARE,830249
4424010,249,7,8734,2020,479454.0,15304.0,2.0517060000000003,1.205431,TWN,ARE,830249
4424011,18,8,8734,2020,10085.0,0.0,1.204632,1.278346,BEL,ARG,830249
4424012,31,8,8734,2020,0.0,1511.0,-0.835558,-0.9611350000000001,BOL,ARG,830249
4424013,32,8,8734,2020,146644.0,968.0,0.054622000000000004,0.532291,BRA,ARG,830249
4424014,39,8,8734,2020,15636.0,10746.0,0.609267,1.1890479999999999,CAN,ARG,830249
4424015,41,8,8734,2020,5709.0,0.0,2.184038,0.900965,CHE,ARG,830249
4424016,42,8,8734,2020,1100.0,45050.0,-0.307923,-0.565983,CHL,ARG,830249
4424017,43,8,8734,2020,414841.0,0.0,1.187837,1.2237770000000001,CHN,ARG,830249
4424018,52,8,8734,2020,1369.0,0.0,0.303849,-0.114494,CRI,ARG,830249
4424019,59,8,8734,2020,1657.0,0.0,1.716646,0.602441,CZE,ARG,830249
4424020,61,8,8734,2020,112827.0,0.0,2.027494,-2.3646689999999997,DEU,ARG,830249
4424021,64,8,8734,2020,2167.0,0.0,1.093217,1.2166549999999998,DNK,ARG,830249
4424022,67,8,8734,2020,0.0,23213.0,-1.074185,-1.084344,ECU,ARG,830249
4424023,71,8,8734,2020,139252.0,0.0,0.736657,2.731661,ESP,ARG,830249
4424024,74,8,8734,2020,2731.0,0.0,1.498089,1.066223,FIN,ARG,830249
4424025,77,8,8734,2020,17395.0,0.0,1.341275,0.8991870000000001,FRA,ARG,830249
4424026,81,8,8734,2020,3459.0,0.0,1.6459,0.7702640000000001,GBR,ARG,830249
4424027,102,8,8734,2020,1107.0,0.0,1.393152,0.878916,HUN,ARG,830249
4424028,104,8,8734,2020,2814.0,0.0,0.464674,2.838779,IND,ARG,830249
4424029,110,8,8734,2020,10620.0,0.0,1.487557,0.8370920000000001,ISR,ARG,830249
4424030,111,8,8734,2020,102425.0,0.0,1.299017,0.701797,ITA,ARG,830249
4424031,112,8,8734,2020,0.0,1350.0,-0.21953000000000003,-0.6944899999999999,JAM,ARG,830249
4424032,114,8,8734,2020,17989.0,0.0,2.405659,-0.38169000000000003,JPN,ARG,830249
4424033,121,8,8734,2020,7017.0,0.0,1.9703950000000001,0.800826,KOR,ARG,830249
4424034,138,8,8734,2020,9659.0,0.0,0.974514,0.563643,MEX,ARG,830249
4424035,153,8,8734,2020,2253.0,0.0,1.185223,0.573439,MYS,ARG,830249
4424036,162,8,8734,2020,87775.0,0.0,1.035951,1.559401,NLD,ARG,830249
4424037,166,8,8734,2020,2744.0,0.0,0.145567,0.070121,NZL,ARG,830249
4424038,179,8,8734,2020,1104.0,0.0,0.656999,2.1136470000000003,PRT,ARG,830249
4424039,180,8,8734,2020,0.0,5955.0,-0.45920600000000006,-0.930341,PRY,ARG,830249
4424040,185,8,8734,2020,1692.0,0.0,1.13426,0.9767809999999999,ROU,ARG,830249
4424041,192,8,8734,2020,1122.0,0.0,1.948379,0.610574,SGP,ARG,830249
4424042,208,8,8734,2020,13243.0,0.0,1.6911310000000002,0.791586,SWE,ARG,830249
4424043,216,8,8734,2020,508285.0,0.0,1.035524,1.2777180000000001,THA,ARG,830249
4424044,224,8,8734,2020,13652.0,0.0,0.590472,2.619866,TUR,ARG,830249
4424045,228,8,8734,2020,0.0,808.0,0.383736,0.531328,UKR,ARG,830249
4424046,230,8,8734,2020,0.0,26063.0,-0.127375,-0.449032,URY,ARG,830249
4424047,231,8,8734,2020,486380.0,71614.0,1.588148,0.380904,USA,ARG,830249
4424048,249,8,8734,2020,54164.0,0.0,2.0517060000000003,1.205431,TWN,ARG,830249
4424049,7,15,8734,2020,23098.0,69878.0,-0.118349,-0.789485,ARE,AUT,830249
4424050,14,15,8734,2020,3572.0,104941.0,-0.32910500000000004,-0.232963,AUS,AUT,830249
4424051,16,15,8734,2020,0.0,34006.0,-1.142366,-1.2529190000000001,AZE,AUT,830249
4424052,18,15,8734,2020,106316.0,112918.0,1.204632,1.278346,BEL,AUT,830249
4424053,22,15,8734,2020,0.0,3963.0,-0.874451,-0.9031309999999999,BGD,AUT,830249
4424054,23,15,8734,2020,102745.0,38627.0,0.6328520000000001,1.8517009999999998,BGR,AUT,830249
4424055,24,15,8734,2020,0.0,6668.0,0.379085,-0.634111,BHR,AUT,830249
4424056,26,15,8734,2020,30681.0,108298.0,0.5449470000000001,0.91781,BIH,AUT,830249
4424057,28,15,8734,2020,0.0,4668.0,0.858776,1.085652,BLR,AUT,830249
4424058,30,15,8734,2020,0.0,2537.0,0.6924859999999999,-0.623079,BMU,AUT,830249
4424059,32,15,8734,2020,0.0,337970.0,0.054622000000000004,0.532291,BRA,AUT,830249
4424060,39,15,8734,2020,21253.0,214165.0,0.609267,1.1890479999999999,CAN,AUT,830249
4424061,41,15,8734,2020,864633.0,861162.0,2.184038,0.900965,CHE,AUT,830249
4424062,42,15,8734,2020,0.0,78254.0,-0.307923,-0.565983,CHL,AUT,830249
4424063,43,15,8734,2020,244597.0,792104.0,1.187837,1.2237770000000001,CHN,AUT,830249
4424064,49,15,8734,2020,0.0,1529.0,0.115954,0.104558,COL,AUT,830249
4424065,58,15,8734,2020,0.0,339563.0,0.5354760000000001,-0.069753,CYP,AUT,830249
4424066,59,15,8734,2020,567916.0,704805.0,1.716646,0.602441,CZE,AUT,830249
4424067,61,15,8734,2020,27191412.0,25228612.0,2.027494,-2.3646689999999997,DEU,AUT,830249
4424068,64,15,8734,2020,31420.0,26464.0,1.093217,1.2166549999999998,DNK,AUT,830249
4424069,67,15,8734,2020,0.0,2342.0,-1.074185,-1.084344,ECU,AUT,830249
4424070,71,15,8734,2020,248167.0,829955.0,0.736657,2.731661,ESP,AUT,830249
4424071,72,15,8734,2020,2143.0,7958.0,1.012385,1.305015,EST,AUT,830249
4424072,74,15,8734,2020,19380.0,47714.0,1.498089,1.066223,FIN,AUT,830249
4424073,77,15,8734,2020,439266.0,323643.0,1.341275,0.8991870000000001,FRA,AUT,830249
4424074,78,15,8734,2020,0.0,1172.0,-0.867916,-0.92601,FRO,AUT,830249
4424075,81,15,8734,2020,328504.0,1025095.0,1.6459,0.7702640000000001,GBR,AUT,830249
4424076,90,15,8734,2020,120497.0,9588.0,0.199011,1.087811,GRC,AUT,830249
4424077,93,15,8734,2020,0.0,10850.0,-0.32240100000000005,0.542048,GTM,AUT,830249
4424078,97,15,8734,2020,1217.0,6103.0,1.070483,1.183618,HKG,AUT,830249
4424079,99,15,8734,2020,0.0,4672.0,-0.583329,-0.404227,HND,AUT,830249
4424080,100,15,8734,2020,69019.0,404820.0,0.876001,1.250877,HRV,AUT,830249
4424081,102,15,8734,2020,85427.0,249793.0,1.393152,0.878916,HUN,AUT,830249
4424082,103,15,8734,2020,4151.0,1899.0,-0.16761700000000002,1.571009,IDN,AUT,830249
4424083,104,15,8734,2020,36751.0,131844.0,0.464674,2.838779,IND,AUT,830249
4424084,106,15,8734,2020,14451.0,10884.0,1.337791,-0.20829699999999998,IRL,AUT,830249
4424085,109,15,8734,2020,0.0,3106.0,0.27161399999999997,-0.17819200000000002,ISL,AUT,830249
4424086,110,15,8734,2020,6404.0,13433.0,1.487557,0.8370920000000001,ISR,AUT,830249
4424087,111,15,8734,2020,1680339.0,395257.0,1.299017,0.701797,ITA,AUT,830249
4424088,114,15,8734,2020,22170.0,31196.0,2.405659,-0.38169000000000003,JPN,AUT,830249
4424089,115,15,8734,2020,0.0,1267.0,-0.48361899999999997,-0.626675,KAZ,AUT,830249
4424090,116,15,8734,2020,0.0,692.0,-0.496446,0.562476,KEN,AUT,830249
4424091,118,15,8734,2020,9929.0,0.0,-0.602562,-0.505135,KHM,AUT,830249
4424092,121,15,8734,2020,4671.0,7632.0,1.9703950000000001,0.800826,KOR,AUT,830249
4424093,122,15,8734,2020,0.0,8325.0,-0.072977,-1.090017,KWT,AUT,830249
4424094,124,15,8734,2020,0.0,1013.0,0.35459,1.067965,LBN,AUT,830249
4424095,128,15,8734,2020,0.0,792.0,-0.48448599999999997,0.5495220000000001,LKA,AUT,830249
4424096,130,15,8734,2020,0.0,24128.0,0.9772870000000001,1.291244,LTU,AUT,830249
4424097,131,15,8734,2020,2460.0,10886.0,1.197655,1.432727,LUX,AUT,830249
4424098,132,15,8734,2020,953162.0,8354.0,0.712901,1.119907,LVA,AUT,830249
4424099,134,15,8734,2020,0.0,1879.0,-0.5208510000000001,-0.080499,MAR,AUT,830249
4424100,138,15,8734,2020,22690.0,3698.0,0.974514,0.563643,MEX,AUT,830249
4424101,140,15,8734,2020,2796.0,990.0,0.147947,-0.11116500000000001,MKD,AUT,830249
4424102,144,15,8734,2020,0.0,2684.0,0.355595,0.140822,MNE,AUT,830249
4424103,153,15,8734,2020,4118.0,8187.0,1.185223,0.573439,MYS,AUT,830249
4424104,162,15,8734,2020,832981.0,1679866.0,1.035951,1.559401,NLD,AUT,830249
4424105,163,15,8734,2020,0.0,13894.0,0.793459,0.369766,NOR,AUT,830249
4424106,166,15,8734,2020,0.0,3608.0,0.145567,0.070121,NZL,AUT,830249
4424107,167,15,8734,2020,0.0,3384.0,-0.251371,-0.8775299999999999,OMN,AUT,830249
4424108,168,15,8734,2020,6120.0,7939.0,-0.52984,0.63654,PAK,AUT,830249
4424109,169,15,8734,2020,0.0,6344.0,0.590821,0.786784,PAN,AUT,830249
4424110,173,15,8734,2020,0.0,5880.0,-0.717014,-0.152142,PER,AUT,830249
4424111,174,15,8734,2020,2162.0,1286.0,0.755786,0.24693,PHL,AUT,830249
4424112,177,15,8734,2020,862815.0,133850.0,1.0227979999999999,1.4079139999999999,POL,AUT,830249
4424113,179,15,8734,2020,5853.0,3423.0,0.656999,2.1136470000000003,PRT,AUT,830249
4424114,180,15,8734,2020,0.0,6115.0,-0.45920600000000006,-0.930341,PRY,AUT,830249
4424115,181,15,8734,2020,0.0,529.0,0.162235,0.828319,PSE,AUT,830249
4424116,183,15,8734,2020,563.0,2458.0,-0.028836,-1.0183950000000002,QAT,AUT,830249
4424117,185,15,8734,2020,138866.0,172523.0,1.13426,0.9767809999999999,ROU,AUT,830249
4424118,186,15,8734,2020,863.0,51196.0,0.373882,0.42102700000000004,RUS,AUT,830249
4424119,188,15,8734,2020,0.0,21547.0,0.662925,-0.21661999999999998,SAU,AUT,830249
4424120,190,15,8734,2020,0.0,10180.0,-1.380126,-1.280657,SDN,AUT,830249
4424121,192,15,8734,2020,3712.0,16329.0,1.948379,0.610574,SGP,AUT,830249
4424122,201,15,8734,2020,31647.0,264642.0,0.5868399999999999,1.1187120000000002,SRB,AUT,830249
4424123,206,15,8734,2020,1925006.0,294372.0,1.338026,0.825268,SVK,AUT,830249
4424124,207,15,8734,2020,662353.0,295199.0,1.570699,0.8442459999999999,SVN,AUT,830249
4424125,208,15,8734,2020,191117.0,89746.0,1.6911310000000002,0.791586,SWE,AUT,830249
4424126,216,15,8734,2020,94644.0,18373.0,1.035524,1.2777180000000001,THA,AUT,830249
4424127,223,15,8734,2020,4524.0,0.0,0.220298,0.454477,TUN,AUT,830249
4424128,224,15,8734,2020,101535.0,5962.0,0.590472,2.619866,TUR,AUT,830249
4424129,228,15,8734,2020,56140.0,24431.0,0.383736,0.531328,UKR,AUT,830249
4424130,231,15,8734,2020,1570617.0,3339749.0,1.588148,0.380904,USA,AUT,830249
4424131,232,15,8734,2020,0.0,13060.0,-0.309411,0.071414,UZB,AUT,830249
4424132,239,15,8734,2020,49613.0,7088.0,0.034229,0.89099,VNM,AUT,830249
4424133,246,15,8734,2020,1504.0,11981.0,0.042099,0.923931,ZAF,AUT,830249
4424134,249,15,8734,2020,92929.0,11573.0,2.0517060000000003,1.205431,TWN,AUT,830249
4424135,7,18,8734,2020,4246.0,24981.0,-0.118349,-0.789485,ARE,BEL,830249
4424136,8,18,8734,2020,0.0,10085.0,-0.14746199999999998,0.039795,ARG,BEL,830249
4424137,14,18,8734,2020,25600.0,59040.0,-0.32910500000000004,-0.232963,AUS,BEL,830249
4424138,15,18,8734,2020,112918.0,106316.0,1.6711310000000001,0.059096,AUT,BEL,830249
4424139,19,18,8734,2020,0.0,36199.0,-0.467344,-0.686191,BEN,BEL,830249
4424140,21,18,8734,2020,0.0,9544.0,-0.7634310000000001,-0.938997,BFA,BEL,830249
4424141,22,18,8734,2020,0.0,6585.0,-0.874451,-0.9031309999999999,BGD,BEL,830249
4424142,23,18,8734,2020,62354.0,52050.0,0.6328520000000001,1.8517009999999998,BGR,BEL,830249
4424143,24,18,8734,2020,0.0,1110.0,0.379085,-0.634111,BHR,BEL,830249
4424144,26,18,8734,2020,6517.0,9244.0,0.5449470000000001,0.91781,BIH,BEL,830249
4424145,28,18,8734,2020,0.0,4212.0,0.858776,1.085652,BLR,BEL,830249
4424146,32,18,8734,2020,59908.0,54609.0,0.054622000000000004,0.532291,BRA,BEL,830249
4424147,39,18,8734,2020,107224.0,124125.0,0.609267,1.1890479999999999,CAN,BEL,830249
4424148,41,18,8734,2020,199227.0,98024.0,2.184038,0.900965,CHE,BEL,830249
4424149,42,18,8734,2020,0.0,5761.0,-0.307923,-0.565983,CHL,BEL,830249
4424150,43,18,8734,2020,4878609.0,52350.0,1.187837,1.2237770000000001,CHN,BEL,830249
4424151,44,18,8734,2020,0.0,7455.0,-1.2299200000000001,-1.095777,CIV,BEL,830249
4424152,45,18,8734,2020,0.0,3426.0,-1.379365,-1.177022,CMR,BEL,830249
4424153,46,18,8734,2020,0.0,9440.0,-1.538455,-1.1857659999999999,COD,BEL,830249
4424154,49,18,8734,2020,0.0,1945.0,0.115954,0.104558,COL,BEL,830249
4424155,58,18,8734,2020,0.0,8379.0,0.5354760000000001,-0.069753,CYP,BEL,830249
4424156,59,18,8734,2020,304672.0,343966.0,1.716646,0.602441,CZE,BEL,830249
4424157,61,18,8734,2020,7428820.0,1260441.0,2.027494,-2.3646689999999997,DEU,BEL,830249
4424158,64,18,8734,2020,158425.0,152876.0,1.093217,1.2166549999999998,DNK,BEL,830249
4424159,65,18,8734,2020,0.0,5732.0,0.06500299999999999,0.2812,DOM,BEL,830249
4424160,66,18,8734,2020,0.0,2045.0,-1.015133,-1.243726,DZA,BEL,830249
4424161,68,18,8734,2020,0.0,5957.0,-0.186095,1.6414330000000001,EGY,BEL,830249
4424162,71,18,8734,2020,130607.0,606261.0,0.736657,2.731661,ESP,BEL,830249
4424163,72,18,8734,2020,39139.0,82795.0,1.012385,1.305015,EST,BEL,830249
4424164,73,18,8734,2020,0.0,1843.0,-0.952033,-0.707262,ETH,BEL,830249
4424165,74,18,8734,2020,23387.0,195638.0,1.498089,1.066223,FIN,BEL,830249
4424166,77,18,8734,2020,3357355.0,4452064.0,1.341275,0.8991870000000001,FRA,BEL,830249
4424167,78,18,8734,2020,0.0,1801.0,-0.867916,-0.92601,FRO,BEL,830249
4424168,81,18,8734,2020,593157.0,1222522.0,1.6459,0.7702640000000001,GBR,BEL,830249
4424169,83,18,8734,2020,0.0,2132.0,-0.973506,-0.9559139999999999,GHA,BEL,830249
4424170,85,18,8734,2020,0.0,2632.0,-1.841029,-1.233167,GIN,BEL,830249
4424171,90,18,8734,2020,21435.0,85586.0,0.199011,1.087811,GRC,BEL,830249
4424172,97,18,8734,2020,1236.0,0.0,1.070483,1.183618,HKG,BEL,830249
4424173,100,18,8734,2020,5912.0,30106.0,0.876001,1.250877,HRV,BEL,830249
4424174,102,18,8734,2020,243339.0,61195.0,1.393152,0.878916,HUN,BEL,830249
4424175,103,18,8734,2020,0.0,36158.0,-0.16761700000000002,1.571009,IDN,BEL,830249
4424176,104,18,8734,2020,343900.0,44307.0,0.464674,2.838779,IND,BEL,830249
4424177,106,18,8734,2020,1135.0,80226.0,1.337791,-0.20829699999999998,IRL,BEL,830249
4424178,109,18,8734,2020,0.0,11332.0,0.27161399999999997,-0.17819200000000002,ISL,BEL,830249
4424179,110,18,8734,2020,126856.0,39023.0,1.487557,0.8370920000000001,ISR,BEL,830249
4424180,111,18,8734,2020,3499924.0,714796.0,1.299017,0.701797,ITA,BEL,830249
4424181,113,18,8734,2020,0.0,2213.0,-0.060384,0.139902,JOR,BEL,830249
4424182,114,18,8734,2020,49334.0,12418.0,2.405659,-0.38169000000000003,JPN,BEL,830249
4424183,115,18,8734,2020,0.0,1337.0,-0.48361899999999997,-0.626675,KAZ,BEL,830249
4424184,116,18,8734,2020,0.0,1070.0,-0.496446,0.562476,KEN,BEL,830249
4424185,121,18,8734,2020,54477.0,9277.0,1.9703950000000001,0.800826,KOR,BEL,830249
4424186,122,18,8734,2020,0.0,1925.0,-0.072977,-1.090017,KWT,BEL,830249
4424187,124,18,8734,2020,0.0,3456.0,0.35459,1.067965,LBN,BEL,830249
4424188,130,18,8734,2020,3213.0,22179.0,0.9772870000000001,1.291244,LTU,BEL,830249
4424189,131,18,8734,2020,144397.0,265667.0,1.197655,1.432727,LUX,BEL,830249
4424190,132,18,8734,2020,25852.0,14720.0,0.712901,1.119907,LVA,BEL,830249
4424191,134,18,8734,2020,3161.0,7016.0,-0.5208510000000001,-0.080499,MAR,BEL,830249
4424192,135,18,8734,2020,0.0,1241.0,-0.06779199999999999,-0.240851,MDA,BEL,830249
4424193,138,18,8734,2020,28088.0,42418.0,0.974514,0.563643,MEX,BEL,830249
4424194,140,18,8734,2020,0.0,2791.0,0.147947,-0.11116500000000001,MKD,BEL,830249
4424195,141,18,8734,2020,0.0,1264.0,-1.309505,-1.1745079999999999,MLI,BEL,830249
4424196,142,18,8734,2020,0.0,7304.0,0.9159309999999999,0.24442199999999997,MLT,BEL,830249
4424197,143,18,8734,2020,0.0,8357.0,-0.9993569999999999,-0.298647,MMR,BEL,830249
4424198,147,18,8734,2020,0.0,2406.0,-1.1186040000000002,-0.974224,MOZ,BEL,830249
4424199,148,18,8734,2020,0.0,3183.0,-1.400894,-1.27631,MRT,BEL,830249
4424200,151,18,8734,2020,0.0,1244.0,-0.048897,0.11543099999999999,MUS,BEL,830249
4424201,153,18,8734,2020,13647.0,253769.0,1.185223,0.573439,MYS,BEL,830249
4424202,159,18,8734,2020,0.0,4243.0,-1.6399299999999999,-1.19536,NGA,BEL,830249
4424203,162,18,8734,2020,8946468.0,2432023.0,1.035951,1.559401,NLD,BEL,830249
4424204,163,18,8734,2020,2602.0,47279.0,0.793459,0.369766,NOR,BEL,830249
4424205,166,18,8734,2020,0.0,5820.0,0.145567,0.070121,NZL,BEL,830249
4424206,167,18,8734,2020,0.0,1518.0,-0.251371,-0.8775299999999999,OMN,BEL,830249
4424207,168,18,8734,2020,6649.0,0.0,-0.52984,0.63654,PAK,BEL,830249
4424208,169,18,8734,2020,0.0,2065.0,0.590821,0.786784,PAN,BEL,830249
4424209,173,18,8734,2020,0.0,3759.0,-0.717014,-0.152142,PER,BEL,830249
4424210,174,18,8734,2020,0.0,34626.0,0.755786,0.24693,PHL,BEL,830249
4424211,177,18,8734,2020,262214.0,606129.0,1.0227979999999999,1.4079139999999999,POL,BEL,830249
4424212,179,18,8734,2020,190377.0,184786.0,0.656999,2.1136470000000003,PRT,BEL,830249
4424213,182,18,8734,2020,0.0,804.0,0.640838,-0.11156300000000001,PYF,BEL,830249
4424214,183,18,8734,2020,0.0,3567.0,-0.028836,-1.0183950000000002,QAT,BEL,830249
4424215,185,18,8734,2020,155507.0,73287.0,1.13426,0.9767809999999999,ROU,BEL,830249
4424216,186,18,8734,2020,18403.0,114119.0,0.373882,0.42102700000000004,RUS,BEL,830249
4424217,187,18,8734,2020,0.0,1802.0,-0.923618,-0.975133,RWA,BEL,830249
4424218,188,18,8734,2020,0.0,15804.0,0.662925,-0.21661999999999998,SAU,BEL,830249
4424219,191,18,8734,2020,0.0,8304.0,-0.634185,-0.398728,SEN,BEL,830249
4424220,192,18,8734,2020,25492.0,104471.0,1.948379,0.610574,SGP,BEL,830249
4424221,201,18,8734,2020,7316.0,37783.0,0.5868399999999999,1.1187120000000002,SRB,BEL,830249
4424222,206,18,8734,2020,2150.0,24681.0,1.338026,0.825268,SVK,BEL,830249
4424223,207,18,8734,2020,2146.0,83821.0,1.570699,0.8442459999999999,SVN,BEL,830249
4424224,208,18,8734,2020,8587477.0,215997.0,1.6911310000000002,0.791586,SWE,BEL,830249
4424225,216,18,8734,2020,399432.0,157825.0,1.035524,1.2777180000000001,THA,BEL,830249
4424226,223,18,8734,2020,0.0,2592.0,0.220298,0.454477,TUN,BEL,830249
4424227,224,18,8734,2020,222261.0,58026.0,0.590472,2.619866,TUR,BEL,830249
4424228,228,18,8734,2020,4115.0,13350.0,0.383736,0.531328,UKR,BEL,830249
4424229,230,18,8734,2020,0.0,7171.0,-0.127375,-0.449032,URY,BEL,830249
4424230,231,18,8734,2020,1783332.0,553286.0,1.588148,0.380904,USA,BEL,830249
4424231,239,18,8734,2020,153277.0,91236.0,0.034229,0.89099,VNM,BEL,830249
4424232,246,18,8734,2020,4313.0,18335.0,0.042099,0.923931,ZAF,BEL,830249
4424233,249,18,8734,2020,257321.0,10897.0,2.0517060000000003,1.205431,TWN,BEL,830249
4424234,4,23,8734,2020,0.0,144397.0,-0.265229,0.059049000000000004,ALB,BGR,830249
4424235,7,23,8734,2020,978.0,12266.0,-0.118349,-0.789485,ARE,BGR,830249
4424236,9,23,8734,2020,0.0,56646.0,-0.129502,-0.671068,ARM,BGR,830249
4424237,14,23,8734,2020,0.0,1346.0,-0.32910500000000004,-0.232963,AUS,BGR,830249
4424238,15,23,8734,2020,38627.0,102745.0,1.6711310000000001,0.059096,AUT,BGR,830249
4424239,16,23,8734,2020,0.0,18247.0,-1.142366,-1.2529190000000001,AZE,BGR,830249
4424240,18,23,8734,2020,52050.0,62354.0,1.204632,1.278346,BEL,BGR,830249
4424241,39,23,8734,2020,0.0,8036.0,0.609267,1.1890479999999999,CAN,BGR,830249
4424242,41,23,8734,2020,9820.0,12908.0,2.184038,0.900965,CHE,BGR,830249
4424243,43,23,8734,2020,444781.0,33367.0,1.187837,1.2237770000000001,CHN,BGR,830249
4424244,59,23,8734,2020,246668.0,177318.0,1.716646,0.602441,CZE,BGR,830249
4424245,61,23,8734,2020,785660.0,1099440.0,2.027494,-2.3646689999999997,DEU,BGR,830249
4424246,64,23,8734,2020,31499.0,1698.0,1.093217,1.2166549999999998,DNK,BGR,830249
4424247,68,23,8734,2020,0.0,13812.0,-0.186095,1.6414330000000001,EGY,BGR,830249
4424248,71,23,8734,2020,119177.0,0.0,0.736657,2.731661,ESP,BGR,830249
4424249,72,23,8734,2020,4481.0,0.0,1.012385,1.305015,EST,BGR,830249
4424250,77,23,8734,2020,395768.0,1349313.0,1.341275,0.8991870000000001,FRA,BGR,830249
4424251,81,23,8734,2020,90196.0,346670.0,1.6459,0.7702640000000001,GBR,BGR,830249
4424252,82,23,8734,2020,0.0,18038.0,-0.199775,-0.38684,GEO,BGR,830249
4424253,90,23,8734,2020,846490.0,207205.0,0.199011,1.087811,GRC,BGR,830249
4424254,97,23,8734,2020,21164.0,0.0,1.070483,1.183618,HKG,BGR,830249
4424255,100,23,8734,2020,0.0,55736.0,0.876001,1.250877,HRV,BGR,830249
4424256,102,23,8734,2020,12379.0,37534.0,1.393152,0.878916,HUN,BGR,830249
4424257,103,23,8734,2020,0.0,3280.0,-0.16761700000000002,1.571009,IDN,BGR,830249
4424258,110,23,8734,2020,30202.0,1745.0,1.487557,0.8370920000000001,ISR,BGR,830249
4424259,111,23,8734,2020,744353.0,507173.0,1.299017,0.701797,ITA,BGR,830249
4424260,114,23,8734,2020,6464.0,0.0,2.405659,-0.38169000000000003,JPN,BGR,830249
4424261,121,23,8734,2020,0.0,3344.0,1.9703950000000001,0.800826,KOR,BGR,830249
4424262,122,23,8734,2020,0.0,11316.0,-0.072977,-1.090017,KWT,BGR,830249
4424263,124,23,8734,2020,0.0,2709.0,0.35459,1.067965,LBN,BGR,830249
4424264,128,23,8734,2020,0.0,15268.0,-0.48448599999999997,0.5495220000000001,LKA,BGR,830249
4424265,130,23,8734,2020,8221.0,2124.0,0.9772870000000001,1.291244,LTU,BGR,830249
4424266,132,23,8734,2020,18157.0,179194.0,0.712901,1.119907,LVA,BGR,830249
4424267,134,23,8734,2020,0.0,1936.0,-0.5208510000000001,-0.080499,MAR,BGR,830249
4424268,135,23,8734,2020,0.0,15417.0,-0.06779199999999999,-0.240851,MDA,BGR,830249
4424269,138,23,8734,2020,0.0,6874.0,0.974514,0.563643,MEX,BGR,830249
4424270,140,23,8734,2020,0.0,70782.0,0.147947,-0.11116500000000001,MKD,BGR,830249
4424271,142,23,8734,2020,0.0,2198.0,0.9159309999999999,0.24442199999999997,MLT,BGR,830249
4424272,144,23,8734,2020,0.0,44884.0,0.355595,0.140822,MNE,BGR,830249
4424273,145,23,8734,2020,0.0,21890.0,-1.011938,-1.127569,MNG,BGR,830249
4424274,159,23,8734,2020,0.0,8131.0,-1.6399299999999999,-1.19536,NGA,BGR,830249
4424275,162,23,8734,2020,91019.0,13504.0,1.035951,1.559401,NLD,BGR,830249
4424276,163,23,8734,2020,0.0,3127.0,0.793459,0.369766,NOR,BGR,830249
4424277,167,23,8734,2020,0.0,8490.0,-0.251371,-0.8775299999999999,OMN,BGR,830249
4424278,177,23,8734,2020,223216.0,215798.0,1.0227979999999999,1.4079139999999999,POL,BGR,830249
4424279,179,23,8734,2020,7037.0,0.0,0.656999,2.1136470000000003,PRT,BGR,830249
4424280,183,23,8734,2020,0.0,30597.0,-0.028836,-1.0183950000000002,QAT,BGR,830249
4424281,185,23,8734,2020,195359.0,670103.0,1.13426,0.9767809999999999,ROU,BGR,830249
4424282,186,23,8734,2020,2841.0,21309.0,0.373882,0.42102700000000004,RUS,BGR,830249
4424283,188,23,8734,2020,0.0,6515.0,0.662925,-0.21661999999999998,SAU,BGR,830249
4424284,201,23,8734,2020,0.0,256066.0,0.5868399999999999,1.1187120000000002,SRB,BGR,830249
4424285,206,23,8734,2020,2412.0,47132.0,1.338026,0.825268,SVK,BGR,830249
4424286,207,23,8734,2020,4084.0,7368.0,1.570699,0.8442459999999999,SVN,BGR,830249
4424287,208,23,8734,2020,25181.0,1714.0,1.6911310000000002,0.791586,SWE,BGR,830249
4424288,216,23,8734,2020,0.0,6556.0,1.035524,1.2777180000000001,THA,BGR,830249
4424289,224,23,8734,2020,1003807.0,1473.0,0.590472,2.619866,TUR,BGR,830249
4424290,228,23,8734,2020,31272.0,61479.0,0.383736,0.531328,UKR,BGR,830249
4424291,231,23,8734,2020,70686.0,35660.0,1.588148,0.380904,USA,BGR,830249
4424292,246,23,8734,2020,0.0,7478.0,0.042099,0.923931,ZAF,BGR,830249
4424293,249,23,8734,2020,21326.0,0.0,2.0517060000000003,1.205431,TWN,BGR,830249
4424294,2,32,8734,2020,0.0,1871.0,-1.7948709999999999,-1.199555,AGO,BRA,830249
4424295,8,32,8734,2020,968.0,146644.0,-0.14746199999999998,0.039795,ARG,BRA,830249
4424296,14,32,8734,2020,2005714.0,26595.0,-0.32910500000000004,-0.232963,AUS,BRA,830249
4424297,15,32,8734,2020,337970.0,0.0,1.6711310000000001,0.059096,AUT,BRA,830249
4424298,18,32,8734,2020,54609.0,59908.0,1.204632,1.278346,BEL,BRA,830249
4424299,31,32,8734,2020,0.0,23904.0,-0.835558,-0.9611350000000001,BOL,BRA,830249
4424300,39,32,8734,2020,313240.0,45896.0,0.609267,1.1890479999999999,CAN,BRA,830249
4424301,41,32,8734,2020,18719.0,2546.0,2.184038,0.900965,CHE,BRA,830249
4424302,42,32,8734,2020,4642.0,90948.0,-0.307923,-0.565983,CHL,BRA,830249
4424303,43,32,8734,2020,7696132.0,5834.0,1.187837,1.2237770000000001,CHN,BRA,830249
4424304,49,32,8734,2020,0.0,29052.0,0.115954,0.104558,COL,BRA,830249
4424305,52,32,8734,2020,0.0,1026.0,0.303849,-0.114494,CRI,BRA,830249
4424306,59,32,8734,2020,50806.0,2319.0,1.716646,0.602441,CZE,BRA,830249
4424307,61,32,8734,2020,916740.0,31751.0,2.027494,-2.3646689999999997,DEU,BRA,830249
4424308,64,32,8734,2020,3891.0,0.0,1.093217,1.2166549999999998,DNK,BRA,830249
4424309,65,32,8734,2020,0.0,17167.0,0.06500299999999999,0.2812,DOM,BRA,830249
4424310,67,32,8734,2020,0.0,2656.0,-1.074185,-1.084344,ECU,BRA,830249
4424311,71,32,8734,2020,136128.0,1212.0,0.736657,2.731661,ESP,BRA,830249
4424312,72,32,8734,2020,7309.0,0.0,1.012385,1.305015,EST,BRA,830249
4424313,74,32,8734,2020,1444.0,0.0,1.498089,1.066223,FIN,BRA,830249
4424314,77,32,8734,2020,940364.0,140026.0,1.341275,0.8991870000000001,FRA,BRA,830249
4424315,81,32,8734,2020,328996.0,53325.0,1.6459,0.7702640000000001,GBR,BRA,830249
4424316,93,32,8734,2020,0.0,2228.0,-0.32240100000000005,0.542048,GTM,BRA,830249
4424317,97,32,8734,2020,605436.0,0.0,1.070483,1.183618,HKG,BRA,830249
4424318,102,32,8734,2020,105783.0,1452.0,1.393152,0.878916,HUN,BRA,830249
4424319,103,32,8734,2020,0.0,2893.0,-0.16761700000000002,1.571009,IDN,BRA,830249
4424320,104,32,8734,2020,141023.0,1316.0,0.464674,2.838779,IND,BRA,830249
4424321,106,32,8734,2020,16544.0,0.0,1.337791,-0.20829699999999998,IRL,BRA,830249
4424322,110,32,8734,2020,3504.0,2891.0,1.487557,0.8370920000000001,ISR,BRA,830249
4424323,111,32,8734,2020,407649.0,1038.0,1.299017,0.701797,ITA,BRA,830249
4424324,114,32,8734,2020,262435.0,3063.0,2.405659,-0.38169000000000003,JPN,BRA,830249
4424325,115,32,8734,2020,1620.0,4447.0,-0.48361899999999997,-0.626675,KAZ,BRA,830249
4424326,116,32,8734,2020,0.0,19328.0,-0.496446,0.562476,KEN,BRA,830249
4424327,121,32,8734,2020,40886.0,0.0,1.9703950000000001,0.800826,KOR,BRA,830249
4424328,130,32,8734,2020,6625.0,0.0,0.9772870000000001,1.291244,LTU,BRA,830249
4424329,132,32,8734,2020,0.0,1068.0,0.712901,1.119907,LVA,BRA,830249
4424330,138,32,8734,2020,180369.0,14594.0,0.974514,0.563643,MEX,BRA,830249
4424331,151,32,8734,2020,0.0,1468.0,-0.048897,0.11543099999999999,MUS,BRA,830249
4424332,153,32,8734,2020,0.0,1672.0,1.185223,0.573439,MYS,BRA,830249
4424333,162,32,8734,2020,143062.0,44414.0,1.035951,1.559401,NLD,BRA,830249
4424334,163,32,8734,2020,10614.0,0.0,0.793459,0.369766,NOR,BRA,830249
4424335,169,32,8734,2020,0.0,4288.0,0.590821,0.786784,PAN,BRA,830249
4424336,173,32,8734,2020,0.0,20962.0,-0.717014,-0.152142,PER,BRA,830249
4424337,174,32,8734,2020,0.0,1072.0,0.755786,0.24693,PHL,BRA,830249
4424338,177,32,8734,2020,8971.0,31992.0,1.0227979999999999,1.4079139999999999,POL,BRA,830249
4424339,179,32,8734,2020,50014.0,6674.0,0.656999,2.1136470000000003,PRT,BRA,830249
4424340,180,32,8734,2020,0.0,215559.0,-0.45920600000000006,-0.930341,PRY,BRA,830249
4424341,185,32,8734,2020,5821.0,0.0,1.13426,0.9767809999999999,ROU,BRA,830249
4424342,186,32,8734,2020,0.0,2547.0,0.373882,0.42102700000000004,RUS,BRA,830249
4424343,192,32,8734,2020,13636.0,3066.0,1.948379,0.610574,SGP,BRA,830249
4424344,197,32,8734,2020,0.0,1484.0,-0.003327,0.18823399999999998,SLV,BRA,830249
4424345,205,32,8734,2020,0.0,1757.0,-0.272244,-0.937541,SUR,BRA,830249
4424346,206,32,8734,2020,2999.0,681.0,1.338026,0.825268,SVK,BRA,830249
4424347,207,32,8734,2020,977.0,0.0,1.570699,0.8442459999999999,SVN,BRA,830249
4424348,208,32,8734,2020,176749.0,16287.0,1.6911310000000002,0.791586,SWE,BRA,830249
4424349,216,32,8734,2020,69022.0,3705.0,1.035524,1.2777180000000001,THA,BRA,830249
4424350,224,32,8734,2020,1871.0,1699.0,0.590472,2.619866,TUR,BRA,830249
4424351,228,32,8734,2020,0.0,15797.0,0.383736,0.531328,UKR,BRA,830249
4424352,230,32,8734,2020,0.0,33489.0,-0.127375,-0.449032,URY,BRA,830249
4424353,231,32,8734,2020,9163294.0,1682625.0,1.588148,0.380904,USA,BRA,830249
4424354,239,32,8734,2020,2167.0,42728.0,0.034229,0.89099,VNM,BRA,830249
4424355,242,32,8734,2020,5166.0,0.0,0.875817,-0.056116,WSM,BRA,830249
4424356,246,32,8734,2020,0.0,2846.0,0.042099,0.923931,ZAF,BRA,830249
4424357,249,32,8734,2020,94782.0,1648.0,2.0517060000000003,1.205431,TWN,BRA,830249
4424358,250,32,8734,2020,146894.0,0.0,0.866041,-0.371104,ANS,BRA,830249
4424359,39,33,8734,2020,70370.0,0.0,0.609267,1.1890479999999999,CAN,BRB,830249
4424360,43,33,8734,2020,60370.0,0.0,1.187837,1.2237770000000001,CHN,BRB,830249
4424361,61,33,8734,2020,2621.0,0.0,2.027494,-2.3646689999999997,DEU,BRB,830249
4424362,63,33,8734,2020,0.0,2522.0,0.583288,0.012664,DMA,BRB,830249
4424363,71,33,8734,2020,1654.0,12118.0,0.736657,2.731661,ESP,BRB,830249
4424364,81,33,8734,2020,53112.0,0.0,1.6459,0.7702640000000001,GBR,BRB,830249
4424365,96,33,8734,2020,0.0,3443.0,-0.5874159999999999,-0.8020189999999999,GUY,BRB,830249
4424366,97,33,8734,2020,13908.0,0.0,1.070483,1.183618,HKG,BRB,830249
4424367,112,33,8734,2020,0.0,2504.0,-0.21953000000000003,-0.6944899999999999,JAM,BRB,830249
4424368,138,33,8734,2020,2497.0,0.0,0.974514,0.563643,MEX,BRB,830249
4424369,162,33,8734,2020,2447.0,0.0,1.035951,1.559401,NLD,BRB,830249
4424370,169,33,8734,2020,1997.0,0.0,0.590821,0.786784,PAN,BRB,830249
4424371,222,33,8734,2020,9303.0,0.0,0.156566,-0.653656,TTO,BRB,830249
4424372,231,33,8734,2020,125929.0,0.0,1.588148,0.380904,USA,BRB,830249
4424373,249,33,8734,2020,6826.0,0.0,2.0517060000000003,1.205431,TWN,BRB,830249
4424374,250,33,8734,2020,2476.0,0.0,0.866041,-0.371104,ANS,BRB,830249
4424375,4,39,8734,2020,1803.0,0.0,-0.265229,0.059049000000000004,ALB,CAN,830249
4424376,7,39,8734,2020,6707.0,126553.0,-0.118349,-0.789485,ARE,CAN,830249
4424377,8,39,8734,2020,10746.0,15636.0,-0.14746199999999998,0.039795,ARG,CAN,830249
4424378,13,39,8734,2020,0.0,7727.0,-0.210313,-0.811104,ATG,CAN,830249
4424379,14,39,8734,2020,148912.0,464345.0,-0.32910500000000004,-0.232963,AUS,CAN,830249
4424380,15,39,8734,2020,214165.0,21253.0,1.6711310000000001,0.059096,AUT,CAN,830249
4424381,18,39,8734,2020,124125.0,107224.0,1.204632,1.278346,BEL,CAN,830249
4424382,22,39,8734,2020,0.0,14565.0,-0.874451,-0.9031309999999999,BGD,CAN,830249
4424383,23,39,8734,2020,8036.0,0.0,0.6328520000000001,1.8517009999999998,BGR,CAN,830249
4424384,24,39,8734,2020,0.0,3648.0,0.379085,-0.634111,BHR,CAN,830249
4424385,28,39,8734,2020,1356.0,0.0,0.858776,1.085652,BLR,CAN,830249
4424386,29,39,8734,2020,0.0,808.0,-0.145757,-0.59123,BLZ,CAN,830249
4424387,30,39,8734,2020,0.0,31284.0,0.6924859999999999,-0.623079,BMU,CAN,830249
4424388,32,39,8734,2020,45896.0,313240.0,0.054622000000000004,0.532291,BRA,CAN,830249
4424389,33,39,8734,2020,0.0,70370.0,0.666435,0.060089,BRB,CAN,830249
4424390,34,39,8734,2020,0.0,5069.0,0.432569,-0.8083779999999999,BRN,CAN,830249
4424391,41,39,8734,2020,219388.0,328702.0,2.184038,0.900965,CHE,CAN,830249
4424392,42,39,8734,2020,9457.0,135071.0,-0.307923,-0.565983,CHL,CAN,830249
4424393,43,39,8734,2020,27752392.0,770698.0,1.187837,1.2237770000000001,CHN,CAN,830249
4424394,47,39,8734,2020,1012.0,0.0,-1.580638,-1.2020870000000001,COG,CAN,830249
4424395,49,39,8734,2020,0.0,14065.0,0.115954,0.104558,COL,CAN,830249
4424396,52,39,8734,2020,0.0,24549.0,0.303849,-0.114494,CRI,CAN,830249
4424397,54,39,8734,2020,0.0,79016.0,-1.171456,-1.224365,CUB,CAN,830249
4424398,55,39,8734,2020,0.0,2396.0,0.543866,0.190664,CUW,CAN,830249
4424399,57,39,8734,2020,0.0,41976.0,-0.007386,-0.878251,CYM,CAN,830249
4424400,58,39,8734,2020,0.0,1107.0,0.5354760000000001,-0.069753,CYP,CAN,830249
4424401,59,39,8734,2020,228048.0,8318.0,1.716646,0.602441,CZE,CAN,830249
4424402,61,39,8734,2020,1694335.0,451118.0,2.027494,-2.3646689999999997,DEU,CAN,830249
4424403,64,39,8734,2020,52518.0,19392.0,1.093217,1.2166549999999998,DNK,CAN,830249
4424404,65,39,8734,2020,11088.0,18019.0,0.06500299999999999,0.2812,DOM,CAN,830249
4424405,66,39,8734,2020,0.0,134289.0,-1.015133,-1.243726,DZA,CAN,830249
4424406,67,39,8734,2020,22610.0,4681.0,-1.074185,-1.084344,ECU,CAN,830249
4424407,71,39,8734,2020,43450.0,178155.0,0.736657,2.731661,ESP,CAN,830249
4424408,72,39,8734,2020,13428.0,41452.0,1.012385,1.305015,EST,CAN,830249
4424409,73,39,8734,2020,0.0,56429.0,-0.952033,-0.707262,ETH,CAN,830249
4424410,74,39,8734,2020,95622.0,74911.0,1.498089,1.066223,FIN,CAN,830249
4424411,77,39,8734,2020,1219004.0,1609824.0,1.341275,0.8991870000000001,FRA,CAN,830249
4424412,81,39,8734,2020,1743108.0,862841.0,1.6459,0.7702640000000001,GBR,CAN,830249
4424413,85,39,8734,2020,0.0,1950.0,-1.841029,-1.233167,GIN,CAN,830249
4424414,90,39,8734,2020,0.0,25465.0,0.199011,1.087811,GRC,CAN,830249
4424415,91,39,8734,2020,0.0,8481.0,0.285169,-0.284221,GRD,CAN,830249
4424416,93,39,8734,2020,0.0,4417.0,-0.32240100000000005,0.542048,GTM,CAN,830249
4424417,96,39,8734,2020,0.0,1107.0,-0.5874159999999999,-0.8020189999999999,GUY,CAN,830249
4424418,97,39,8734,2020,99462.0,60800.0,1.070483,1.183618,HKG,CAN,830249
4424419,99,39,8734,2020,0.0,4265.0,-0.583329,-0.404227,HND,CAN,830249
4424420,100,39,8734,2020,0.0,4523.0,0.876001,1.250877,HRV,CAN,830249
4424421,102,39,8734,2020,26313.0,3262.0,1.393152,0.878916,HUN,CAN,830249
4424422,103,39,8734,2020,14243.0,18307.0,-0.16761700000000002,1.571009,IDN,CAN,830249
4424423,104,39,8734,2020,79937.0,63530.0,0.464674,2.838779,IND,CAN,830249
4424424,106,39,8734,2020,36465.0,27816.0,1.337791,-0.20829699999999998,IRL,CAN,830249
4424425,109,39,8734,2020,2417.0,758.0,0.27161399999999997,-0.17819200000000002,ISL,CAN,830249
4424426,110,39,8734,2020,427645.0,12158.0,1.487557,0.8370920000000001,ISR,CAN,830249
4424427,111,39,8734,2020,1233877.0,357676.0,1.299017,0.701797,ITA,CAN,830249
4424428,112,39,8734,2020,0.0,19802.0,-0.21953000000000003,-0.6944899999999999,JAM,CAN,830249
4424429,114,39,8734,2020,234454.0,504060.0,2.405659,-0.38169000000000003,JPN,CAN,830249
4424430,115,39,8734,2020,0.0,25165.0,-0.48361899999999997,-0.626675,KAZ,CAN,830249
4424431,116,39,8734,2020,0.0,9553.0,-0.496446,0.562476,KEN,CAN,830249
4424432,118,39,8734,2020,0.0,1227.0,-0.602562,-0.505135,KHM,CAN,830249
4424433,121,39,8734,2020,96525.0,1490443.0,1.9703950000000001,0.800826,KOR,CAN,830249
4424434,122,39,8734,2020,0.0,1764.0,-0.072977,-1.090017,KWT,CAN,830249
4424435,128,39,8734,2020,0.0,3389.0,-0.48448599999999997,0.5495220000000001,LKA,CAN,830249
4424436,130,39,8734,2020,13119.0,3936.0,0.9772870000000001,1.291244,LTU,CAN,830249
4424437,131,39,8734,2020,0.0,10277.0,1.197655,1.432727,LUX,CAN,830249
4424438,132,39,8734,2020,9073.0,40734.0,0.712901,1.119907,LVA,CAN,830249
4424439,133,39,8734,2020,0.0,26707.0,0.464354,0.020065,MAC,CAN,830249
4424440,134,39,8734,2020,79955.0,0.0,-0.5208510000000001,-0.080499,MAR,CAN,830249
4424441,137,39,8734,2020,0.0,6740.0,-0.68914,-0.844514,MDV,CAN,830249
4424442,138,39,8734,2020,2333532.0,4655766.0,0.974514,0.563643,MEX,CAN,830249
4424443,142,39,8734,2020,0.0,1906.0,0.9159309999999999,0.24442199999999997,MLT,CAN,830249
4424444,145,39,8734,2020,0.0,2220.0,-1.011938,-1.127569,MNG,CAN,830249
4424445,151,39,8734,2020,0.0,1954.0,-0.048897,0.11543099999999999,MUS,CAN,830249
4424446,153,39,8734,2020,270346.0,109902.0,1.185223,0.573439,MYS,CAN,830249
4424447,159,39,8734,2020,0.0,9072.0,-1.6399299999999999,-1.19536,NGA,CAN,830249
4424448,162,39,8734,2020,435455.0,594506.0,1.035951,1.559401,NLD,CAN,830249
4424449,163,39,8734,2020,28420.0,163155.0,0.793459,0.369766,NOR,CAN,830249
4424450,166,39,8734,2020,73895.0,701328.0,0.145567,0.070121,NZL,CAN,830249
4424451,167,39,8734,2020,0.0,3660.0,-0.251371,-0.8775299999999999,OMN,CAN,830249
4424452,168,39,8734,2020,18113.0,2017.0,-0.52984,0.63654,PAK,CAN,830249
4424453,173,39,8734,2020,0.0,30034.0,-0.717014,-0.152142,PER,CAN,830249
4424454,174,39,8734,2020,156479.0,4766.0,0.755786,0.24693,PHL,CAN,830249
4424455,176,39,8734,2020,0.0,75809.0,-1.526134,-1.191965,PNG,CAN,830249
4424456,177,39,8734,2020,69893.0,73725.0,1.0227979999999999,1.4079139999999999,POL,CAN,830249
4424457,179,39,8734,2020,25935.0,0.0,0.656999,2.1136470000000003,PRT,CAN,830249
4424458,180,39,8734,2020,0.0,1740.0,-0.45920600000000006,-0.930341,PRY,CAN,830249
4424459,182,39,8734,2020,0.0,1438.0,0.640838,-0.11156300000000001,PYF,CAN,830249
4424460,183,39,8734,2020,0.0,19118.0,-0.028836,-1.0183950000000002,QAT,CAN,830249
4424461,185,39,8734,2020,46695.0,1051.0,1.13426,0.9767809999999999,ROU,CAN,830249
4424462,186,39,8734,2020,25064.0,52326.0,0.373882,0.42102700000000004,RUS,CAN,830249
4424463,187,39,8734,2020,0.0,4885.0,-0.923618,-0.975133,RWA,CAN,830249
4424464,188,39,8734,2020,0.0,206686.0,0.662925,-0.21661999999999998,SAU,CAN,830249
4424465,192,39,8734,2020,51932.0,34268.0,1.948379,0.610574,SGP,CAN,830249
4424466,201,39,8734,2020,32824.0,128550.0,0.5868399999999999,1.1187120000000002,SRB,CAN,830249
4424467,202,39,8734,2020,0.0,1796.0,-1.948366,-0.9899879999999999,SSD,CAN,830249
4424468,205,39,8734,2020,5000.0,0.0,-0.272244,-0.937541,SUR,CAN,830249
4424469,206,39,8734,2020,2507.0,0.0,1.338026,0.825268,SVK,CAN,830249
4424470,207,39,8734,2020,2399.0,3644.0,1.570699,0.8442459999999999,SVN,CAN,830249
4424471,208,39,8734,2020,123465.0,99836.0,1.6911310000000002,0.791586,SWE,CAN,830249
4424472,214,39,8734,2020,0.0,2271.0,-2.862755,-1.0123090000000001,TCD,CAN,830249
4424473,216,39,8734,2020,807592.0,23235.0,1.035524,1.2777180000000001,THA,CAN,830249
4424474,219,39,8734,2020,0.0,1896.0,-0.949525,-1.147622,TKM,CAN,830249
4424475,222,39,8734,2020,0.0,11416.0,0.156566,-0.653656,TTO,CAN,830249
4424476,224,39,8734,2020,161096.0,6915.0,0.590472,2.619866,TUR,CAN,830249
4424477,226,39,8734,2020,0.0,5403.0,-1.024,-0.023909,TZA,CAN,830249
4424478,227,39,8734,2020,0.0,22077.0,-0.55156,-0.019136,UGA,CAN,830249
4424479,228,39,8734,2020,2107.0,18849.0,0.383736,0.531328,UKR,CAN,830249
4424480,230,39,8734,2020,0.0,11226.0,-0.127375,-0.449032,URY,CAN,830249
4424481,231,39,8734,2020,101214376.0,50473444.0,1.588148,0.380904,USA,CAN,830249
4424482,239,39,8734,2020,937202.0,1858.0,0.034229,0.89099,VNM,CAN,830249
4424483,246,39,8734,2020,20017.0,27081.0,0.042099,0.923931,ZAF,CAN,830249
4424484,248,39,8734,2020,0.0,288.0,-1.039532,-1.12853,ZWE,CAN,830249
4424485,249,39,8734,2020,4099480.0,32645.0,2.0517060000000003,1.205431,TWN,CAN,830249
4424486,250,39,8734,2020,3570920.0,0.0,0.866041,-0.371104,ANS,CAN,830249
4424487,7,41,8734,2020,66039.0,99897.0,-0.118349,-0.789485,ARE,CHE,830249
4424488,8,41,8734,2020,0.0,5709.0,-0.14746199999999998,0.039795,ARG,CHE,830249
4424489,14,41,8734,2020,22329.0,37663.0,-0.32910500000000004,-0.232963,AUS,CHE,830249
4424490,15,41,8734,2020,861162.0,864633.0,1.6711310000000001,0.059096,AUT,CHE,830249
4424491,16,41,8734,2020,0.0,4056.0,-1.142366,-1.2529190000000001,AZE,CHE,830249
4424492,18,41,8734,2020,98024.0,199227.0,1.204632,1.278346,BEL,CHE,830249
4424493,22,41,8734,2020,2682.0,0.0,-0.874451,-0.9031309999999999,BGD,CHE,830249
4424494,23,41,8734,2020,12908.0,9820.0,0.6328520000000001,1.8517009999999998,BGR,CHE,830249
4424495,26,41,8734,2020,13634.0,1402.0,0.5449470000000001,0.91781,BIH,CHE,830249
4424496,28,41,8734,2020,0.0,4138.0,0.858776,1.085652,BLR,CHE,830249
4424497,30,41,8734,2020,0.0,445.0,0.6924859999999999,-0.623079,BMU,CHE,830249
4424498,32,41,8734,2020,2546.0,18719.0,0.054622000000000004,0.532291,BRA,CHE,830249
4424499,39,41,8734,2020,328702.0,219388.0,0.609267,1.1890479999999999,CAN,CHE,830249
4424500,42,41,8734,2020,0.0,1455.0,-0.307923,-0.565983,CHL,CHE,830249
4424501,43,41,8734,2020,435143.0,259131.0,1.187837,1.2237770000000001,CHN,CHE,830249
4424502,49,41,8734,2020,0.0,4232.0,0.115954,0.104558,COL,CHE,830249
4424503,59,41,8734,2020,180575.0,254426.0,1.716646,0.602441,CZE,CHE,830249
4424504,61,41,8734,2020,14488705.0,9267603.0,2.027494,-2.3646689999999997,DEU,CHE,830249
4424505,64,41,8734,2020,799712.0,9314.0,1.093217,1.2166549999999998,DNK,CHE,830249
4424506,65,41,8734,2020,0.0,2331.0,0.06500299999999999,0.2812,DOM,CHE,830249
4424507,67,41,8734,2020,0.0,2046.0,-1.074185,-1.084344,ECU,CHE,830249
4424508,68,41,8734,2020,0.0,2121.0,-0.186095,1.6414330000000001,EGY,CHE,830249
4424509,71,41,8734,2020,757098.0,104331.0,0.736657,2.731661,ESP,CHE,830249
4424510,72,41,8734,2020,3288.0,11971.0,1.012385,1.305015,EST,CHE,830249
4424511,74,41,8734,2020,1108.0,20715.0,1.498089,1.066223,FIN,CHE,830249
4424512,77,41,8734,2020,2654046.0,2535468.0,1.341275,0.8991870000000001,FRA,CHE,830249
4424513,81,41,8734,2020,1223262.0,170518.0,1.6459,0.7702640000000001,GBR,CHE,830249
4424514,90,41,8734,2020,3246.0,1836.0,0.199011,1.087811,GRC,CHE,830249
4424515,97,41,8734,2020,40640.0,36688.0,1.070483,1.183618,HKG,CHE,830249
4424516,100,41,8734,2020,14774.0,11233.0,0.876001,1.250877,HRV,CHE,830249
4424517,102,41,8734,2020,29261.0,85959.0,1.393152,0.878916,HUN,CHE,830249
4424518,103,41,8734,2020,14119.0,2466.0,-0.16761700000000002,1.571009,IDN,CHE,830249
4424519,104,41,8734,2020,3377.0,28578.0,0.464674,2.838779,IND,CHE,830249
4424520,106,41,8734,2020,3273.0,5244.0,1.337791,-0.20829699999999998,IRL,CHE,830249
4424521,109,41,8734,2020,0.0,2566.0,0.27161399999999997,-0.17819200000000002,ISL,CHE,830249
4424522,110,41,8734,2020,14446.0,31743.0,1.487557,0.8370920000000001,ISR,CHE,830249
4424523,111,41,8734,2020,4335158.0,796134.0,1.299017,0.701797,ITA,CHE,830249
4424524,114,41,8734,2020,52710.0,106913.0,2.405659,-0.38169000000000003,JPN,CHE,830249
4424525,116,41,8734,2020,0.0,1882.0,-0.496446,0.562476,KEN,CHE,830249
4424526,121,41,8734,2020,140803.0,8117.0,1.9703950000000001,0.800826,KOR,CHE,830249
4424527,122,41,8734,2020,0.0,1000.0,-0.072977,-1.090017,KWT,CHE,830249
4424528,124,41,8734,2020,0.0,1033.0,0.35459,1.067965,LBN,CHE,830249
4424529,128,41,8734,2020,0.0,9637.0,-0.48448599999999997,0.5495220000000001,LKA,CHE,830249
4424530,130,41,8734,2020,12727.0,5606.0,0.9772870000000001,1.291244,LTU,CHE,830249
4424531,131,41,8734,2020,3549.0,5151.0,1.197655,1.432727,LUX,CHE,830249
4424532,132,41,8734,2020,2501.0,1960.0,0.712901,1.119907,LVA,CHE,830249
4424533,134,41,8734,2020,943.0,10760.0,-0.5208510000000001,-0.080499,MAR,CHE,830249
4424534,138,41,8734,2020,88578.0,15529.0,0.974514,0.563643,MEX,CHE,830249
4424535,142,41,8734,2020,0.0,23072.0,0.9159309999999999,0.24442199999999997,MLT,CHE,830249
4424536,143,41,8734,2020,2779.0,0.0,-0.9993569999999999,-0.298647,MMR,CHE,830249
4424537,153,41,8734,2020,7210.0,152852.0,1.185223,0.573439,MYS,CHE,830249
4424538,159,41,8734,2020,0.0,10343.0,-1.6399299999999999,-1.19536,NGA,CHE,830249
4424539,162,41,8734,2020,694055.0,84845.0,1.035951,1.559401,NLD,CHE,830249
4424540,163,41,8734,2020,3148.0,33392.0,0.793459,0.369766,NOR,CHE,830249
4424541,166,41,8734,2020,0.0,11761.0,0.145567,0.070121,NZL,CHE,830249
4424542,168,41,8734,2020,14955.0,1687.0,-0.52984,0.63654,PAK,CHE,830249
4424543,173,41,8734,2020,0.0,1771.0,-0.717014,-0.152142,PER,CHE,830249
4424544,174,41,8734,2020,1340.0,2551.0,0.755786,0.24693,PHL,CHE,830249
4424545,177,41,8734,2020,268299.0,171416.0,1.0227979999999999,1.4079139999999999,POL,CHE,830249
4424546,179,41,8734,2020,196703.0,18451.0,0.656999,2.1136470000000003,PRT,CHE,830249
4424547,181,41,8734,2020,0.0,43976.0,0.162235,0.828319,PSE,CHE,830249
4424548,185,41,8734,2020,10517.0,3643.0,1.13426,0.9767809999999999,ROU,CHE,830249
4424549,186,41,8734,2020,4368.0,43026.0,0.373882,0.42102700000000004,RUS,CHE,830249
4424550,188,41,8734,2020,0.0,22210.0,0.662925,-0.21661999999999998,SAU,CHE,830249
4424551,192,41,8734,2020,77146.0,22092.0,1.948379,0.610574,SGP,CHE,830249
4424552,201,41,8734,2020,1819.0,16575.0,0.5868399999999999,1.1187120000000002,SRB,CHE,830249
4424553,203,41,8734,2020,106535.0,0.0,0.327507,-0.46483,STP,CHE,830249
4424554,206,41,8734,2020,45194.0,19800.0,1.338026,0.825268,SVK,CHE,830249
4424555,207,41,8734,2020,41078.0,14675.0,1.570699,0.8442459999999999,SVN,CHE,830249
4424556,208,41,8734,2020,51666.0,107352.0,1.6911310000000002,0.791586,SWE,CHE,830249
4424557,216,41,8734,2020,71157.0,18084.0,1.035524,1.2777180000000001,THA,CHE,830249
4424558,223,41,8734,2020,1308.0,0.0,0.220298,0.454477,TUN,CHE,830249
4424559,224,41,8734,2020,830990.0,38338.0,0.590472,2.619866,TUR,CHE,830249
4424560,228,41,8734,2020,9514.0,37740.0,0.383736,0.531328,UKR,CHE,830249
4424561,230,41,8734,2020,0.0,1173.0,-0.127375,-0.449032,URY,CHE,830249
4424562,231,41,8734,2020,4566358.0,452650.0,1.588148,0.380904,USA,CHE,830249
4424563,239,41,8734,2020,113799.0,14526.0,0.034229,0.89099,VNM,CHE,830249
4424564,246,41,8734,2020,0.0,5979.0,0.042099,0.923931,ZAF,CHE,830249
4424565,247,41,8734,2020,0.0,1227.0,-0.9162379999999999,-0.9523940000000001,ZMB,CHE,830249
4424566,249,41,8734,2020,188755.0,7282.0,2.0517060000000003,1.205431,TWN,CHE,830249
4424567,7,42,8734,2020,1428.0,2520.0,-0.118349,-0.789485,ARE,CHL,830249
4424568,8,42,8734,2020,45050.0,1100.0,-0.14746199999999998,0.039795,ARG,CHL,830249
4424569,14,42,8734,2020,24592.0,2869.0,-0.32910500000000004,-0.232963,AUS,CHL,830249
4424570,15,42,8734,2020,78254.0,0.0,1.6711310000000001,0.059096,AUT,CHL,830249
4424571,18,42,8734,2020,5761.0,0.0,1.204632,1.278346,BEL,CHL,830249
4424572,31,42,8734,2020,0.0,7174.0,-0.835558,-0.9611350000000001,BOL,CHL,830249
4424573,32,42,8734,2020,90948.0,4642.0,0.054622000000000004,0.532291,BRA,CHL,830249
4424574,39,42,8734,2020,135071.0,9457.0,0.609267,1.1890479999999999,CAN,CHL,830249
4424575,41,42,8734,2020,1455.0,0.0,2.184038,0.900965,CHE,CHL,830249
4424576,43,42,8734,2020,1306923.0,0.0,1.187837,1.2237770000000001,CHN,CHL,830249
4424577,49,42,8734,2020,4842.0,6515.0,0.115954,0.104558,COL,CHL,830249
4424578,52,42,8734,2020,0.0,5523.0,0.303849,-0.114494,CRI,CHL,830249
4424579,61,42,8734,2020,277269.0,0.0,2.027494,-2.3646689999999997,DEU,CHL,830249
4424580,64,42,8734,2020,32010.0,0.0,1.093217,1.2166549999999998,DNK,CHL,830249
4424581,71,42,8734,2020,231162.0,0.0,0.736657,2.731661,ESP,CHL,830249
4424582,74,42,8734,2020,9944.0,0.0,1.498089,1.066223,FIN,CHL,830249
4424583,77,42,8734,2020,29573.0,0.0,1.341275,0.8991870000000001,FRA,CHL,830249
4424584,81,42,8734,2020,55533.0,0.0,1.6459,0.7702640000000001,GBR,CHL,830249
4424585,90,42,8734,2020,2379.0,0.0,0.199011,1.087811,GRC,CHL,830249
4424586,97,42,8734,2020,1762.0,0.0,1.070483,1.183618,HKG,CHL,830249
4424587,104,42,8734,2020,71553.0,0.0,0.464674,2.838779,IND,CHL,830249
4424588,110,42,8734,2020,17516.0,0.0,1.487557,0.8370920000000001,ISR,CHL,830249
4424589,111,42,8734,2020,257759.0,0.0,1.299017,0.701797,ITA,CHL,830249
4424590,114,42,8734,2020,30032.0,0.0,2.405659,-0.38169000000000003,JPN,CHL,830249
4424591,121,42,8734,2020,23974.0,0.0,1.9703950000000001,0.800826,KOR,CHL,830249
4424592,138,42,8734,2020,72947.0,0.0,0.974514,0.563643,MEX,CHL,830249
4424593,153,42,8734,2020,2624.0,0.0,1.185223,0.573439,MYS,CHL,830249
4424594,162,42,8734,2020,45062.0,18471.0,1.035951,1.559401,NLD,CHL,830249
4424595,166,42,8734,2020,14309.0,0.0,0.145567,0.070121,NZL,CHL,830249
4424596,173,42,8734,2020,1986.0,95817.0,-0.717014,-0.152142,PER,CHL,830249
4424597,174,42,8734,2020,7003.0,0.0,0.755786,0.24693,PHL,CHL,830249
4424598,177,42,8734,2020,1363.0,0.0,1.0227979999999999,1.4079139999999999,POL,CHL,830249
4424599,179,42,8734,2020,251894.0,0.0,0.656999,2.1136470000000003,PRT,CHL,830249
4424600,208,42,8734,2020,16853.0,0.0,1.6911310000000002,0.791586,SWE,CHL,830249
4424601,216,42,8734,2020,1117.0,0.0,1.035524,1.2777180000000001,THA,CHL,830249
4424602,224,42,8734,2020,29493.0,0.0,0.590472,2.619866,TUR,CHL,830249
4424603,231,42,8734,2020,1680947.0,13785.0,1.588148,0.380904,USA,CHL,830249
4424604,239,42,8734,2020,39071.0,4867.0,0.034229,0.89099,VNM,CHL,830249
4424605,246,42,8734,2020,893.0,0.0,0.042099,0.923931,ZAF,CHL,830249
4424606,249,42,8734,2020,102844.0,0.0,2.0517060000000003,1.205431,TWN,CHL,830249
4424607,250,42,8734,2020,96705.0,0.0,0.866041,-0.371104,ANS,CHL,830249
4424608,0,43,8734,2020,0.0,112186.0,0.725364,-0.244535,ABW,CHN,830249
4424609,1,43,8734,2020,0.0,2600.0,-1.178987,-0.815577,AFG,CHN,830249
4424610,2,43,8734,2020,0.0,149552.0,-1.7948709999999999,-1.199555,AGO,CHN,830249
4424611,4,43,8734,2020,0.0,32891.0,-0.265229,0.059049000000000004,ALB,CHN,830249
4424612,7,43,8734,2020,112665.0,5096102.0,-0.118349,-0.789485,ARE,CHN,830249
4424613,8,43,8734,2020,0.0,414841.0,-0.14746199999999998,0.039795,ARG,CHN,830249
4424614,9,43,8734,2020,0.0,8396.0,-0.129502,-0.671068,ARM,CHN,830249
4424615,14,43,8734,2020,350641.0,19550334.0,-0.32910500000000004,-0.232963,AUS,CHN,830249
4424616,15,43,8734,2020,792104.0,244597.0,1.6711310000000001,0.059096,AUT,CHN,830249
4424617,16,43,8734,2020,0.0,34551.0,-1.142366,-1.2529190000000001,AZE,CHN,830249
4424618,17,43,8734,2020,0.0,13173.0,-0.748203,-0.874817,BDI,CHN,830249
4424619,18,43,8734,2020,52350.0,4878609.0,1.204632,1.278346,BEL,CHN,830249
4424620,19,43,8734,2020,0.0,138093.0,-0.467344,-0.686191,BEN,CHN,830249
4424621,21,43,8734,2020,0.0,5084.0,-0.7634310000000001,-0.938997,BFA,CHN,830249
4424622,22,43,8734,2020,6208.0,4511946.0,-0.874451,-0.9031309999999999,BGD,CHN,830249
4424623,23,43,8734,2020,33367.0,444781.0,0.6328520000000001,1.8517009999999998,BGR,CHN,830249
4424624,24,43,8734,2020,0.0,35225.0,0.379085,-0.634111,BHR,CHN,830249
4424625,26,43,8734,2020,5731.0,1751.0,0.5449470000000001,0.91781,BIH,CHN,830249
4424626,28,43,8734,2020,0.0,2185358.0,0.858776,1.085652,BLR,CHN,830249
4424627,29,43,8734,2020,0.0,70394.0,-0.145757,-0.59123,BLZ,CHN,830249
4424628,30,43,8734,2020,0.0,2735.0,0.6924859999999999,-0.623079,BMU,CHN,830249
4424629,31,43,8734,2020,0.0,19546.0,-0.835558,-0.9611350000000001,BOL,CHN,830249
4424630,32,43,8734,2020,5834.0,7696132.0,0.054622000000000004,0.532291,BRA,CHN,830249
4424631,33,43,8734,2020,0.0,60370.0,0.666435,0.060089,BRB,CHN,830249
4424632,34,43,8734,2020,0.0,45017.0,0.432569,-0.8083779999999999,BRN,CHN,830249
4424633,37,43,8734,2020,0.0,110807.0,-0.8696219999999999,-1.195627,BWA,CHN,830249
4424634,38,43,8734,2020,0.0,1658.0,-0.48102700000000004,-0.832994,CAF,CHN,830249
4424635,39,43,8734,2020,770698.0,27752392.0,0.609267,1.1890479999999999,CAN,CHN,830249
4424636,41,43,8734,2020,259131.0,435143.0,2.184038,0.900965,CHE,CHN,830249
4424637,42,43,8734,2020,0.0,1306923.0,-0.307923,-0.565983,CHL,CHN,830249
4424638,44,43,8734,2020,0.0,609240.0,-1.2299200000000001,-1.095777,CIV,CHN,830249
4424639,45,43,8734,2020,0.0,514534.0,-1.379365,-1.177022,CMR,CHN,830249
4424640,46,43,8734,2020,0.0,238725.0,-1.538455,-1.1857659999999999,COD,CHN,830249
4424641,47,43,8734,2020,0.0,47076.0,-1.580638,-1.2020870000000001,COG,CHN,830249
4424642,49,43,8734,2020,0.0,1159330.0,0.115954,0.104558,COL,CHN,830249
4424643,51,43,8734,2020,0.0,6897.0,-0.235719,-0.746113,CPV,CHN,830249
4424644,52,43,8734,2020,0.0,187268.0,0.303849,-0.114494,CRI,CHN,830249
4424645,54,43,8734,2020,0.0,3311.0,-1.171456,-1.224365,CUB,CHN,830249
4424646,55,43,8734,2020,0.0,2060.0,0.543866,0.190664,CUW,CHN,830249
4424647,58,43,8734,2020,0.0,74997.0,0.5354760000000001,-0.069753,CYP,CHN,830249
4424648,59,43,8734,2020,270195.0,1192260.0,1.716646,0.602441,CZE,CHN,830249
4424649,61,43,8734,2020,7656794.0,28561528.0,2.027494,-2.3646689999999997,DEU,CHN,830249
4424650,62,43,8734,2020,0.0,66193.0,-0.493576,-0.808321,DJI,CHN,830249
4424651,64,43,8734,2020,298892.0,6580846.0,1.093217,1.2166549999999998,DNK,CHN,830249
4424652,65,43,8734,2020,0.0,524125.0,0.06500299999999999,0.2812,DOM,CHN,830249
4424653,66,43,8734,2020,0.0,678299.0,-1.015133,-1.243726,DZA,CHN,830249
4424654,67,43,8734,2020,0.0,280596.0,-1.074185,-1.084344,ECU,CHN,830249
4424655,68,43,8734,2020,0.0,3917788.0,-0.186095,1.6414330000000001,EGY,CHN,830249
4424656,71,43,8734,2020,146382.0,7549451.0,0.736657,2.731661,ESP,CHN,830249
4424657,72,43,8734,2020,3043.0,284244.0,1.012385,1.305015,EST,CHN,830249
4424658,73,43,8734,2020,0.0,979856.0,-0.952033,-0.707262,ETH,CHN,830249
4424659,74,43,8734,2020,63686.0,2647294.0,1.498089,1.066223,FIN,CHN,830249
4424660,75,43,8734,2020,0.0,23625.0,-0.184167,-0.081888,FJI,CHN,830249
4424661,77,43,8734,2020,7346191.0,14805995.0,1.341275,0.8991870000000001,FRA,CHN,830249
4424662,80,43,8734,2020,0.0,98064.0,-1.6422990000000002,-1.207249,GAB,CHN,830249
4424663,81,43,8734,2020,2629276.0,34995420.0,1.6459,0.7702640000000001,GBR,CHN,830249
4424664,82,43,8734,2020,0.0,162125.0,-0.199775,-0.38684,GEO,CHN,830249
4424665,83,43,8734,2020,0.0,933053.0,-0.973506,-0.9559139999999999,GHA,CHN,830249
4424666,85,43,8734,2020,0.0,234835.0,-1.841029,-1.233167,GIN,CHN,830249
4424667,87,43,8734,2020,0.0,61651.0,-1.11216,-0.956471,GMB,CHN,830249
4424668,90,43,8734,2020,7171.0,917086.0,0.199011,1.087811,GRC,CHN,830249
4424669,91,43,8734,2020,0.0,5199.0,0.285169,-0.284221,GRD,CHN,830249
4424670,93,43,8734,2020,0.0,496941.0,-0.32240100000000005,0.542048,GTM,CHN,830249
4424671,96,43,8734,2020,0.0,56955.0,-0.5874159999999999,-0.8020189999999999,GUY,CHN,830249
4424672,97,43,8734,2020,50226.0,13919675.0,1.070483,1.183618,HKG,CHN,830249
4424673,99,43,8734,2020,0.0,52340.0,-0.583329,-0.404227,HND,CHN,830249
4424674,100,43,8734,2020,0.0,226063.0,0.876001,1.250877,HRV,CHN,830249
4424675,101,43,8734,2020,0.0,4084.0,-1.028076,-0.884073,HTI,CHN,830249
4424676,102,43,8734,2020,18544.0,954865.0,1.393152,0.878916,HUN,CHN,830249
4424677,103,43,8734,2020,19123.0,11426701.0,-0.16761700000000002,1.571009,IDN,CHN,830249
4424678,104,43,8734,2020,5884.0,13214563.0,0.464674,2.838779,IND,CHN,830249
4424679,106,43,8734,2020,22872.0,1069624.0,1.337791,-0.20829699999999998,IRL,CHN,830249
4424680,107,43,8734,2020,0.0,618134.0,-0.362286,-0.242846,IRN,CHN,830249
4424681,108,43,8734,2020,0.0,716745.0,-1.087158,-0.9546389999999999,IRQ,CHN,830249
4424682,109,43,8734,2020,0.0,21669.0,0.27161399999999997,-0.17819200000000002,ISL,CHN,830249
4424683,110,43,8734,2020,132351.0,11265031.0,1.487557,0.8370920000000001,ISR,CHN,830249
4424684,111,43,8734,2020,1777886.0,7941070.0,1.299017,0.701797,ITA,CHN,830249
4424685,112,43,8734,2020,0.0,58005.0,-0.21953000000000003,-0.6944899999999999,JAM,CHN,830249
4424686,113,43,8734,2020,0.0,335608.0,-0.060384,0.139902,JOR,CHN,830249
4424687,114,43,8734,2020,9725633.0,47313908.0,2.405659,-0.38169000000000003,JPN,CHN,830249
4424688,115,43,8734,2020,0.0,1123579.0,-0.48361899999999997,-0.626675,KAZ,CHN,830249
4424689,116,43,8734,2020,0.0,909933.0,-0.496446,0.562476,KEN,CHN,830249
4424690,117,43,8734,2020,0.0,171516.0,-0.117317,0.36644,KGZ,CHN,830249
4424691,118,43,8734,2020,0.0,7600157.0,-0.602562,-0.505135,KHM,CHN,830249
4424692,121,43,8734,2020,4783860.0,14598928.0,1.9703950000000001,0.800826,KOR,CHN,830249
4424693,122,43,8734,2020,0.0,376418.0,-0.072977,-1.090017,KWT,CHN,830249
4424694,123,43,8734,2020,0.0,16027.0,-0.741151,-0.689088,LAO,CHN,830249
4424695,124,43,8734,2020,0.0,327234.0,0.35459,1.067965,LBN,CHN,830249
4424696,125,43,8734,2020,0.0,52531.0,-1.614715,-1.185446,LBR,CHN,830249
4424697,126,43,8734,2020,0.0,195991.0,-1.0431840000000001,-1.187957,LBY,CHN,830249
4424698,127,43,8734,2020,0.0,1293.0,0.044785000000000005,-0.59519,LCA,CHN,830249
4424699,128,43,8734,2020,0.0,522000.0,-0.48448599999999997,0.5495220000000001,LKA,CHN,830249
4424700,129,43,8734,2020,0.0,22420.0,-0.968781,-0.770512,LSO,CHN,830249
4424701,130,43,8734,2020,45858.0,2260903.0,0.9772870000000001,1.291244,LTU,CHN,830249
4424702,131,43,8734,2020,0.0,67055.0,1.197655,1.432727,LUX,CHN,830249
4424703,132,43,8734,2020,0.0,233431.0,0.712901,1.119907,LVA,CHN,830249
4424704,133,43,8734,2020,0.0,822455.0,0.464354,0.020065,MAC,CHN,830249
4424705,134,43,8734,2020,3465.0,1270904.0,-0.5208510000000001,-0.080499,MAR,CHN,830249
4424706,135,43,8734,2020,0.0,43888.0,-0.06779199999999999,-0.240851,MDA,CHN,830249
4424707,136,43,8734,2020,0.0,84984.0,-1.206503,-0.709465,MDG,CHN,830249
4424708,137,43,8734,2020,0.0,44577.0,-0.68914,-0.844514,MDV,CHN,830249
4424709,138,43,8734,2020,885666.0,9683076.0,0.974514,0.563643,MEX,CHN,830249
4424710,140,43,8734,2020,0.0,95639.0,0.147947,-0.11116500000000001,MKD,CHN,830249
4424711,141,43,8734,2020,0.0,5007.0,-1.309505,-1.1745079999999999,MLI,CHN,830249
4424712,142,43,8734,2020,0.0,1049334.0,0.9159309999999999,0.24442199999999997,MLT,CHN,830249
4424713,143,43,8734,2020,0.0,2190740.0,-0.9993569999999999,-0.298647,MMR,CHN,830249
4424714,144,43,8734,2020,0.0,3664.0,0.355595,0.140822,MNE,CHN,830249
4424715,145,43,8734,2020,0.0,92507.0,-1.011938,-1.127569,MNG,CHN,830249
4424716,147,43,8734,2020,0.0,105840.0,-1.1186040000000002,-0.974224,MOZ,CHN,830249
4424717,148,43,8734,2020,0.0,2077.0,-1.400894,-1.27631,MRT,CHN,830249
4424718,151,43,8734,2020,0.0,277998.0,-0.048897,0.11543099999999999,MUS,CHN,830249
4424719,152,43,8734,2020,0.0,10771.0,-1.122433,-1.106831,MWI,CHN,830249
4424720,153,43,8734,2020,77073.0,16824514.0,1.185223,0.573439,MYS,CHN,830249
4424721,155,43,8734,2020,0.0,9562.0,-0.664967,-0.74835,NAM,CHN,830249
4424722,156,43,8734,2020,0.0,18762.0,-0.666664,-0.88528,NCL,CHN,830249
4424723,157,43,8734,2020,0.0,5040.0,-0.62888,-0.841089,NER,CHN,830249
4424724,159,43,8734,2020,0.0,7089169.0,-1.6399299999999999,-1.19536,NGA,CHN,830249
4424725,160,43,8734,2020,0.0,77240.0,-0.9128809999999999,-0.746636,NIC,CHN,830249
4424726,162,43,8734,2020,344944.0,13215657.0,1.035951,1.559401,NLD,CHN,830249
4424727,163,43,8734,2020,9829.0,814096.0,0.793459,0.369766,NOR,CHN,830249
4424728,164,43,8734,2020,0.0,37146.0,-0.22803299999999999,0.25111,NPL,CHN,830249
4424729,166,43,8734,2020,4334.0,2403172.0,0.145567,0.070121,NZL,CHN,830249
4424730,167,43,8734,2020,0.0,647330.0,-0.251371,-0.8775299999999999,OMN,CHN,830249
4424731,168,43,8734,2020,2994.0,2179670.0,-0.52984,0.63654,PAK,CHN,830249
4424732,169,43,8734,2020,0.0,563849.0,0.590821,0.786784,PAN,CHN,830249
4424733,173,43,8734,2020,0.0,1010186.0,-0.717014,-0.152142,PER,CHN,830249
4424734,174,43,8734,2020,52111.0,4891688.0,0.755786,0.24693,PHL,CHN,830249
4424735,175,43,8734,2020,0.0,1056.0,0.207858,-0.809401,PLW,CHN,830249
4424736,176,43,8734,2020,0.0,43351.0,-1.526134,-1.191965,PNG,CHN,830249
4424737,177,43,8734,2020,88930.0,6021317.0,1.0227979999999999,1.4079139999999999,POL,CHN,830249
4424738,179,43,8734,2020,8462.0,831359.0,0.656999,2.1136470000000003,PRT,CHN,830249
4424739,180,43,8734,2020,0.0,156624.0,-0.45920600000000006,-0.930341,PRY,CHN,830249
4424740,181,43,8734,2020,0.0,3758.0,0.162235,0.828319,PSE,CHN,830249
4424741,182,43,8734,2020,0.0,20252.0,0.640838,-0.11156300000000001,PYF,CHN,830249
4424742,183,43,8734,2020,0.0,174364.0,-0.028836,-1.0183950000000002,QAT,CHN,830249
4424743,185,43,8734,2020,37556.0,1793128.0,1.13426,0.9767809999999999,ROU,CHN,830249
4424744,186,43,8734,2020,150250.0,9649794.0,0.373882,0.42102700000000004,RUS,CHN,830249
4424745,187,43,8734,2020,0.0,8471.0,-0.923618,-0.975133,RWA,CHN,830249
4424746,188,43,8734,2020,0.0,8024433.0,0.662925,-0.21661999999999998,SAU,CHN,830249
4424747,190,43,8734,2020,0.0,110520.0,-1.380126,-1.280657,SDN,CHN,830249
4424748,191,43,8734,2020,0.0,724431.0,-0.634185,-0.398728,SEN,CHN,830249
4424749,192,43,8734,2020,265846.0,16301833.0,1.948379,0.610574,SGP,CHN,830249
4424750,195,43,8734,2020,0.0,3235.0,-1.774857,-1.015981,SLB,CHN,830249
4424751,197,43,8734,2020,0.0,19415.0,-0.003327,0.18823399999999998,SLV,CHN,830249
4424752,199,43,8734,2020,0.0,5579.0,-1.26219,-1.0055180000000001,SOM,CHN,830249
4424753,201,43,8734,2020,0.0,125843.0,0.5868399999999999,1.1187120000000002,SRB,CHN,830249
4424754,202,43,8734,2020,0.0,1314.0,-1.948366,-0.9899879999999999,SSD,CHN,830249
4424755,205,43,8734,2020,0.0,14545.0,-0.272244,-0.937541,SUR,CHN,830249
4424756,206,43,8734,2020,4206.0,1686697.0,1.338026,0.825268,SVK,CHN,830249
4424757,207,43,8734,2020,16170.0,455983.0,1.570699,0.8442459999999999,SVN,CHN,830249
4424758,208,43,8734,2020,526849.0,5498975.0,1.6911310000000002,0.791586,SWE,CHN,830249
4424759,209,43,8734,2020,0.0,964.0,0.289013,-0.556212,SWZ,CHN,830249
4424760,211,43,8734,2020,0.0,15537.0,0.185747,-0.695441,SYC,CHN,830249
4424761,212,43,8734,2020,0.0,230762.0,-0.579237,0.391392,SYR,CHN,830249
4424762,214,43,8734,2020,0.0,1627.0,-2.862755,-1.0123090000000001,TCD,CHN,830249
4424763,215,43,8734,2020,0.0,597839.0,-0.719535,-0.746202,TGO,CHN,830249
4424764,216,43,8734,2020,46942.0,10961499.0,1.035524,1.2777180000000001,THA,CHN,830249
4424765,217,43,8734,2020,0.0,97431.0,-0.73744,-1.0706950000000002,TJK,CHN,830249
4424766,219,43,8734,2020,0.0,7612.0,-0.949525,-1.147622,TKM,CHN,830249
4424767,220,43,8734,2020,0.0,1639.0,-0.662555,-0.8795129999999999,TLS,CHN,830249
4424768,222,43,8734,2020,0.0,13318.0,0.156566,-0.653656,TTO,CHN,830249
4424769,223,43,8734,2020,0.0,410360.0,0.220298,0.454477,TUN,CHN,830249
4424770,224,43,8734,2020,105064.0,3729456.0,0.590472,2.619866,TUR,CHN,830249
4424771,226,43,8734,2020,0.0,1364129.0,-1.024,-0.023909,TZA,CHN,830249
4424772,227,43,8734,2020,0.0,297165.0,-0.55156,-0.019136,UGA,CHN,830249
4424773,228,43,8734,2020,65475.0,867380.0,0.383736,0.531328,UKR,CHN,830249
4424774,230,43,8734,2020,0.0,121211.0,-0.127375,-0.449032,URY,CHN,830249
4424775,231,43,8734,2020,22031698.0,167077872.0,1.588148,0.380904,USA,CHN,830249
4424776,232,43,8734,2020,0.0,378457.0,-0.309411,0.071414,UZB,CHN,830249
4424777,236,43,8734,2020,0.0,112319.0,-1.058537,-1.178218,VEN,CHN,830249
4424778,239,43,8734,2020,289373.0,26101010.0,0.034229,0.89099,VNM,CHN,830249
4424779,242,43,8734,2020,0.0,16424.0,0.875817,-0.056116,WSM,CHN,830249
4424780,243,43,8734,2020,0.0,145546.0,-1.130952,-1.137774,YEM,CHN,830249
4424781,246,43,8734,2020,1942.0,2339874.0,0.042099,0.923931,ZAF,CHN,830249
4424782,247,43,8734,2020,0.0,18728.0,-0.9162379999999999,-0.9523940000000001,ZMB,CHN,830249
4424783,248,43,8734,2020,0.0,74532.0,-1.039532,-1.12853,ZWE,CHN,830249
4424784,249,43,8734,2020,3270793.0,7444781.0,2.0517060000000003,1.205431,TWN,CHN,830249
4424785,14,49,8734,2020,1785.0,0.0,-0.32910500000000004,-0.232963,AUS,COL,830249
4424786,15,49,8734,2020,1529.0,0.0,1.6711310000000001,0.059096,AUT,COL,830249
4424787,18,49,8734,2020,1945.0,0.0,1.204632,1.278346,BEL,COL,830249
4424788,31,49,8734,2020,0.0,198680.0,-0.835558,-0.9611350000000001,BOL,COL,830249
4424789,32,49,8734,2020,29052.0,0.0,0.054622000000000004,0.532291,BRA,COL,830249
4424790,39,49,8734,2020,14065.0,0.0,0.609267,1.1890479999999999,CAN,COL,830249
4424791,41,49,8734,2020,4232.0,0.0,2.184038,0.900965,CHE,COL,830249
4424792,42,49,8734,2020,6515.0,4842.0,-0.307923,-0.565983,CHL,COL,830249
4424793,43,49,8734,2020,1159330.0,0.0,1.187837,1.2237770000000001,CHN,COL,830249
4424794,52,49,8734,2020,9531.0,67163.0,0.303849,-0.114494,CRI,COL,830249
4424795,54,49,8734,2020,0.0,5888.0,-1.171456,-1.224365,CUB,COL,830249
4424796,61,49,8734,2020,91855.0,0.0,2.027494,-2.3646689999999997,DEU,COL,830249
4424797,65,49,8734,2020,0.0,19134.0,0.06500299999999999,0.2812,DOM,COL,830249
4424798,67,49,8734,2020,0.0,226294.0,-1.074185,-1.084344,ECU,COL,830249
4424799,71,49,8734,2020,238753.0,0.0,0.736657,2.731661,ESP,COL,830249
4424800,74,49,8734,2020,15834.0,0.0,1.498089,1.066223,FIN,COL,830249
4424801,77,49,8734,2020,14353.0,3325.0,1.341275,0.8991870000000001,FRA,COL,830249
4424802,81,49,8734,2020,22928.0,0.0,1.6459,0.7702640000000001,GBR,COL,830249
4424803,93,49,8734,2020,0.0,146973.0,-0.32240100000000005,0.542048,GTM,COL,830249
4424804,96,49,8734,2020,0.0,1821.0,-0.5874159999999999,-0.8020189999999999,GUY,COL,830249
4424805,97,49,8734,2020,84264.0,0.0,1.070483,1.183618,HKG,COL,830249
4424806,99,49,8734,2020,0.0,37286.0,-0.583329,-0.404227,HND,COL,830249
4424807,104,49,8734,2020,2132.0,0.0,0.464674,2.838779,IND,COL,830249
4424808,110,49,8734,2020,7042.0,6578.0,1.487557,0.8370920000000001,ISR,COL,830249
4424809,111,49,8734,2020,113573.0,0.0,1.299017,0.701797,ITA,COL,830249
4424810,114,49,8734,2020,3134.0,0.0,2.405659,-0.38169000000000003,JPN,COL,830249
4424811,121,49,8734,2020,5324.0,0.0,1.9703950000000001,0.800826,KOR,COL,830249
4424812,138,49,8734,2020,10961.0,862.0,0.974514,0.563643,MEX,COL,830249
4424813,160,49,8734,2020,0.0,5286.0,-0.9128809999999999,-0.746636,NIC,COL,830249
4424814,162,49,8734,2020,16993.0,0.0,1.035951,1.559401,NLD,COL,830249
4424815,173,49,8734,2020,0.0,23640.0,-0.717014,-0.152142,PER,COL,830249
4424816,179,49,8734,2020,24185.0,0.0,0.656999,2.1136470000000003,PRT,COL,830249
4424817,186,49,8734,2020,33829.0,0.0,0.373882,0.42102700000000004,RUS,COL,830249
4424818,192,49,8734,2020,11353.0,0.0,1.948379,0.610574,SGP,COL,830249
4424819,197,49,8734,2020,0.0,17197.0,-0.003327,0.18823399999999998,SLV,COL,830249
4424820,206,49,8734,2020,1481.0,0.0,1.338026,0.825268,SVK,COL,830249
4424821,208,49,8734,2020,35688.0,0.0,1.6911310000000002,0.791586,SWE,COL,830249
4424822,216,49,8734,2020,129532.0,0.0,1.035524,1.2777180000000001,THA,COL,830249
4424823,224,49,8734,2020,8170.0,0.0,0.590472,2.619866,TUR,COL,830249
4424824,230,49,8734,2020,2158.0,0.0,-0.127375,-0.449032,URY,COL,830249
4424825,231,49,8734,2020,2424334.0,12896.0,1.588148,0.380904,USA,COL,830249
4424826,236,49,8734,2020,10636.0,0.0,-1.058537,-1.178218,VEN,COL,830249
4424827,239,49,8734,2020,5914.0,864.0,0.034229,0.89099,VNM,COL,830249
4424828,249,49,8734,2020,180171.0,0.0,2.0517060000000003,1.205431,TWN,COL,830249
4424829,8,52,8734,2020,0.0,1369.0,-0.14746199999999998,0.039795,ARG,CRI,830249
4424830,14,52,8734,2020,0.0,8119.0,-0.32910500000000004,-0.232963,AUS,CRI,830249
4424831,32,52,8734,2020,1026.0,0.0,0.054622000000000004,0.532291,BRA,CRI,830249
4424832,39,52,8734,2020,24549.0,0.0,0.609267,1.1890479999999999,CAN,CRI,830249
4424833,42,52,8734,2020,5523.0,0.0,-0.307923,-0.565983,CHL,CRI,830249
4424834,43,52,8734,2020,187268.0,0.0,1.187837,1.2237770000000001,CHN,CRI,830249
4424835,49,52,8734,2020,67163.0,9531.0,0.115954,0.104558,COL,CRI,830249
4424836,61,52,8734,2020,13299.0,0.0,2.027494,-2.3646689999999997,DEU,CRI,830249
4424837,71,52,8734,2020,4449.0,7324.0,0.736657,2.731661,ESP,CRI,830249
4424838,77,52,8734,2020,1338.0,0.0,1.341275,0.8991870000000001,FRA,CRI,830249
4424839,81,52,8734,2020,7499.0,0.0,1.6459,0.7702640000000001,GBR,CRI,830249
4424840,93,52,8734,2020,10657.0,0.0,-0.32240100000000005,0.542048,GTM,CRI,830249
4424841,97,52,8734,2020,2171.0,0.0,1.070483,1.183618,HKG,CRI,830249
4424842,110,52,8734,2020,929.0,2510.0,1.487557,0.8370920000000001,ISR,CRI,830249
4424843,111,52,8734,2020,165266.0,0.0,1.299017,0.701797,ITA,CRI,830249
4424844,112,52,8734,2020,0.0,3587.0,-0.21953000000000003,-0.6944899999999999,JAM,CRI,830249
4424845,121,52,8734,2020,2080.0,0.0,1.9703950000000001,0.800826,KOR,CRI,830249
4424846,138,52,8734,2020,25179.0,0.0,0.974514,0.563643,MEX,CRI,830249
4424847,153,52,8734,2020,1663.0,0.0,1.185223,0.573439,MYS,CRI,830249
4424848,160,52,8734,2020,0.0,11320.0,-0.9128809999999999,-0.746636,NIC,CRI,830249
4424849,162,52,8734,2020,5878.0,29321.0,1.035951,1.559401,NLD,CRI,830249
4424850,166,52,8734,2020,12344.0,0.0,0.145567,0.070121,NZL,CRI,830249
4424851,169,52,8734,2020,53315.0,0.0,0.590821,0.786784,PAN,CRI,830249
4424852,177,52,8734,2020,0.0,31868.0,1.0227979999999999,1.4079139999999999,POL,CRI,830249
4424853,179,52,8734,2020,1130.0,0.0,0.656999,2.1136470000000003,PRT,CRI,830249
4424854,192,52,8734,2020,1724.0,0.0,1.948379,0.610574,SGP,CRI,830249
4424855,197,52,8734,2020,0.0,8959.0,-0.003327,0.18823399999999998,SLV,CRI,830249
4424856,207,52,8734,2020,663.0,0.0,1.570699,0.8442459999999999,SVN,CRI,830249
4424857,228,52,8734,2020,0.0,34944.0,0.383736,0.531328,UKR,CRI,830249
4424858,231,52,8734,2020,304562.0,156135.0,1.588148,0.380904,USA,CRI,830249
4424859,249,52,8734,2020,41632.0,0.0,2.0517060000000003,1.205431,TWN,CRI,830249
4424860,250,52,8734,2020,5657.0,0.0,0.866041,-0.371104,ANS,CRI,830249
4424861,39,55,8734,2020,2396.0,0.0,0.609267,1.1890479999999999,CAN,CUW,830249
4424862,43,55,8734,2020,2060.0,0.0,1.187837,1.2237770000000001,CHN,CUW,830249
4424863,96,55,8734,2020,0.0,3485.0,-0.5874159999999999,-0.8020189999999999,GUY,CUW,830249
4424864,162,55,8734,2020,4906.0,0.0,1.035951,1.559401,NLD,CUW,830249
4424865,231,55,8734,2020,7187.0,0.0,1.588148,0.380904,USA,CUW,830249
4424866,0,61,8734,2020,0.0,5874.0,0.725364,-0.244535,ABW,DEU,830249
4424867,1,61,8734,2020,0.0,1408.0,-1.178987,-0.815577,AFG,DEU,830249
4424868,2,61,8734,2020,0.0,4884.0,-1.7948709999999999,-1.199555,AGO,DEU,830249
4424869,4,61,8734,2020,0.0,2062.0,-0.265229,0.059049000000000004,ALB,DEU,830249
4424870,7,61,8734,2020,73849.0,1174359.0,-0.118349,-0.789485,ARE,DEU,830249
4424871,8,61,8734,2020,0.0,112827.0,-0.14746199999999998,0.039795,ARG,DEU,830249
4424872,9,61,8734,2020,0.0,11736.0,-0.129502,-0.671068,ARM,DEU,830249
4424873,14,61,8734,2020,14725.0,1124959.0,-0.32910500000000004,-0.232963,AUS,DEU,830249
4424874,15,61,8734,2020,25228612.0,27191412.0,1.6711310000000001,0.059096,AUT,DEU,830249
4424875,16,61,8734,2020,0.0,8518.0,-1.142366,-1.2529190000000001,AZE,DEU,830249
4424876,18,61,8734,2020,1260441.0,7428820.0,1.204632,1.278346,BEL,DEU,830249
4424877,21,61,8734,2020,0.0,1228.0,-0.7634310000000001,-0.938997,BFA,DEU,830249
4424878,22,61,8734,2020,0.0,51646.0,-0.874451,-0.9031309999999999,BGD,DEU,830249
4424879,23,61,8734,2020,1099440.0,785660.0,0.6328520000000001,1.8517009999999998,BGR,DEU,830249
4424880,25,61,8734,2020,0.0,15424.0,-0.273982,-0.7174659999999999,BHS,DEU,830249
4424881,26,61,8734,2020,806144.0,403393.0,0.5449470000000001,0.91781,BIH,DEU,830249
4424882,28,61,8734,2020,0.0,130486.0,0.858776,1.085652,BLR,DEU,830249
4424883,30,61,8734,2020,0.0,2599.0,0.6924859999999999,-0.623079,BMU,DEU,830249
4424884,31,61,8734,2020,0.0,3261.0,-0.835558,-0.9611350000000001,BOL,DEU,830249
4424885,32,61,8734,2020,31751.0,916740.0,0.054622000000000004,0.532291,BRA,DEU,830249
4424886,33,61,8734,2020,0.0,2621.0,0.666435,0.060089,BRB,DEU,830249
4424887,34,61,8734,2020,0.0,1455.0,0.432569,-0.8083779999999999,BRN,DEU,830249
4424888,39,61,8734,2020,451118.0,1694335.0,0.609267,1.1890479999999999,CAN,DEU,830249
4424889,41,61,8734,2020,9267603.0,14488705.0,2.184038,0.900965,CHE,DEU,830249
4424890,42,61,8734,2020,0.0,277269.0,-0.307923,-0.565983,CHL,DEU,830249
4424891,43,61,8734,2020,28561528.0,7656794.0,1.187837,1.2237770000000001,CHN,DEU,830249
4424892,44,61,8734,2020,0.0,26122.0,-1.2299200000000001,-1.095777,CIV,DEU,830249
4424893,45,61,8734,2020,0.0,18354.0,-1.379365,-1.177022,CMR,DEU,830249
4424894,46,61,8734,2020,0.0,2007.0,-1.538455,-1.1857659999999999,COD,DEU,830249
4424895,47,61,8734,2020,0.0,4178.0,-1.580638,-1.2020870000000001,COG,DEU,830249
4424896,49,61,8734,2020,0.0,91855.0,0.115954,0.104558,COL,DEU,830249
4424897,52,61,8734,2020,0.0,13299.0,0.303849,-0.114494,CRI,DEU,830249
4424898,54,61,8734,2020,0.0,23204.0,-1.171456,-1.224365,CUB,DEU,830249
4424899,57,61,8734,2020,0.0,16533.0,-0.007386,-0.878251,CYM,DEU,830249
4424900,58,61,8734,2020,0.0,48596.0,0.5354760000000001,-0.069753,CYP,DEU,830249
4424901,59,61,8734,2020,6921446.0,9872389.0,1.716646,0.602441,CZE,DEU,830249
4424902,64,61,8734,2020,3747932.0,4731728.0,1.093217,1.2166549999999998,DNK,DEU,830249
4424903,65,61,8734,2020,0.0,3837.0,0.06500299999999999,0.2812,DOM,DEU,830249
4424904,66,61,8734,2020,0.0,27785.0,-1.015133,-1.243726,DZA,DEU,830249
4424905,67,61,8734,2020,0.0,25125.0,-1.074185,-1.084344,ECU,DEU,830249
4424906,68,61,8734,2020,0.0,187115.0,-0.186095,1.6414330000000001,EGY,DEU,830249
4424907,71,61,8734,2020,5890032.0,10229866.0,0.736657,2.731661,ESP,DEU,830249
4424908,72,61,8734,2020,25200.0,697283.0,1.012385,1.305015,EST,DEU,830249
4424909,73,61,8734,2020,2742.0,18952.0,-0.952033,-0.707262,ETH,DEU,830249
4424910,74,61,8734,2020,129792.0,2826644.0,1.498089,1.066223,FIN,DEU,830249
4424911,77,61,8734,2020,7238698.0,23629014.0,1.341275,0.8991870000000001,FRA,DEU,830249
4424912,78,61,8734,2020,0.0,18255.0,-0.867916,-0.92601,FRO,DEU,830249
4424913,80,61,8734,2020,0.0,1705.0,-1.6422990000000002,-1.207249,GAB,DEU,830249
4424914,81,61,8734,2020,25143754.0,16706534.0,1.6459,0.7702640000000001,GBR,DEU,830249
4424915,82,61,8734,2020,0.0,8709.0,-0.199775,-0.38684,GEO,DEU,830249
4424916,83,61,8734,2020,0.0,5510.0,-0.973506,-0.9559139999999999,GHA,DEU,830249
4424917,84,61,8734,2020,0.0,2831.0,0.710597,-0.445858,GIB,DEU,830249
4424918,85,61,8734,2020,0.0,7717.0,-1.841029,-1.233167,GIN,DEU,830249
4424919,90,61,8734,2020,898261.0,556023.0,0.199011,1.087811,GRC,DEU,830249
4424920,91,61,8734,2020,0.0,2031.0,0.285169,-0.284221,GRD,DEU,830249
4424921,92,61,8734,2020,0.0,6546.0,-1.262925,-0.9767549999999999,GRL,DEU,830249
4424922,93,61,8734,2020,0.0,8146.0,-0.32240100000000005,0.542048,GTM,DEU,830249
4424923,96,61,8734,2020,0.0,826.0,-0.5874159999999999,-0.8020189999999999,GUY,DEU,830249
4424924,97,61,8734,2020,339149.0,4595783.0,1.070483,1.183618,HKG,DEU,830249
4424925,99,61,8734,2020,0.0,10434.0,-0.583329,-0.404227,HND,DEU,830249
4424926,100,61,8734,2020,78458.0,1426623.0,0.876001,1.250877,HRV,DEU,830249
4424927,102,61,8734,2020,1137363.0,5940870.0,1.393152,0.878916,HUN,DEU,830249
4424928,103,61,8734,2020,99888.0,146447.0,-0.16761700000000002,1.571009,IDN,DEU,830249
4424929,104,61,8734,2020,1893988.0,1023610.0,0.464674,2.838779,IND,DEU,830249
4424930,106,61,8734,2020,487343.0,626844.0,1.337791,-0.20829699999999998,IRL,DEU,830249
4424931,107,61,8734,2020,0.0,46700.0,-0.362286,-0.242846,IRN,DEU,830249
4424932,108,61,8734,2020,0.0,9925.0,-1.087158,-0.9546389999999999,IRQ,DEU,830249
4424933,109,61,8734,2020,0.0,284612.0,0.27161399999999997,-0.17819200000000002,ISL,DEU,830249
4424934,110,61,8734,2020,257374.0,13261126.0,1.487557,0.8370920000000001,ISR,DEU,830249
4424935,111,61,8734,2020,17718162.0,16951130.0,1.299017,0.701797,ITA,DEU,830249
4424936,112,61,8734,2020,0.0,7982.0,-0.21953000000000003,-0.6944899999999999,JAM,DEU,830249
4424937,113,61,8734,2020,66087.0,77793.0,-0.060384,0.139902,JOR,DEU,830249
4424938,114,61,8734,2020,1942797.0,3129844.0,2.405659,-0.38169000000000003,JPN,DEU,830249
4424939,115,61,8734,2020,0.0,127068.0,-0.48361899999999997,-0.626675,KAZ,DEU,830249
4424940,116,61,8734,2020,0.0,34963.0,-0.496446,0.562476,KEN,DEU,830249
4424941,121,61,8734,2020,292853.0,1080690.0,1.9703950000000001,0.800826,KOR,DEU,830249
4424942,122,61,8734,2020,0.0,164465.0,-0.072977,-1.090017,KWT,DEU,830249
4424943,123,61,8734,2020,0.0,963.0,-0.741151,-0.689088,LAO,DEU,830249
4424944,124,61,8734,2020,0.0,14418.0,0.35459,1.067965,LBN,DEU,830249
4424945,126,61,8734,2020,0.0,6918.0,-1.0431840000000001,-1.187957,LBY,DEU,830249
4424946,127,61,8734,2020,0.0,1734.0,0.044785000000000005,-0.59519,LCA,DEU,830249
4424947,128,61,8734,2020,1998.0,29708.0,-0.48448599999999997,0.5495220000000001,LKA,DEU,830249
4424948,130,61,8734,2020,40568.0,714693.0,0.9772870000000001,1.291244,LTU,DEU,830249
4424949,131,61,8734,2020,56088.0,1243756.0,1.197655,1.432727,LUX,DEU,830249
4424950,132,61,8734,2020,1555171.0,525418.0,0.712901,1.119907,LVA,DEU,830249
4424951,133,61,8734,2020,0.0,4420.0,0.464354,0.020065,MAC,DEU,830249
4424952,134,61,8734,2020,0.0,50511.0,-0.5208510000000001,-0.080499,MAR,DEU,830249
4424953,135,61,8734,2020,0.0,9117.0,-0.06779199999999999,-0.240851,MDA,DEU,830249
4424954,136,61,8734,2020,0.0,1573.0,-1.206503,-0.709465,MDG,DEU,830249
4424955,137,61,8734,2020,0.0,6325.0,-0.68914,-0.844514,MDV,DEU,830249
4424956,138,61,8734,2020,429533.0,2551910.0,0.974514,0.563643,MEX,DEU,830249
4424957,139,61,8734,2020,0.0,9334.0,-0.23666700000000002,-0.822276,MHL,DEU,830249
4424958,140,61,8734,2020,25154.0,50003.0,0.147947,-0.11116500000000001,MKD,DEU,830249
4424959,142,61,8734,2020,0.0,299767.0,0.9159309999999999,0.24442199999999997,MLT,DEU,830249
4424960,143,61,8734,2020,0.0,23811.0,-0.9993569999999999,-0.298647,MMR,DEU,830249
4424961,144,61,8734,2020,0.0,2021.0,0.355595,0.140822,MNE,DEU,830249
4424962,145,61,8734,2020,1339.0,12956.0,-1.011938,-1.127569,MNG,DEU,830249
4424963,147,61,8734,2020,0.0,5676.0,-1.1186040000000002,-0.974224,MOZ,DEU,830249
4424964,151,61,8734,2020,0.0,10081.0,-0.048897,0.11543099999999999,MUS,DEU,830249
4424965,153,61,8734,2020,263533.0,203439.0,1.185223,0.573439,MYS,DEU,830249
4424966,155,61,8734,2020,0.0,1218.0,-0.664967,-0.74835,NAM,DEU,830249
4424967,156,61,8734,2020,0.0,9079.0,-0.666664,-0.88528,NCL,DEU,830249
4424968,159,61,8734,2020,0.0,48036.0,-1.6399299999999999,-1.19536,NGA,DEU,830249
4424969,160,61,8734,2020,0.0,3128.0,-0.9128809999999999,-0.746636,NIC,DEU,830249
4424970,162,61,8734,2020,12372955.0,16423544.0,1.035951,1.559401,NLD,DEU,830249
4424971,163,61,8734,2020,24773.0,1880028.0,0.793459,0.369766,NOR,DEU,830249
4424972,164,61,8734,2020,0.0,1424.0,-0.22803299999999999,0.25111,NPL,DEU,830249
4424973,166,61,8734,2020,8062.0,265606.0,0.145567,0.070121,NZL,DEU,830249
4424974,167,61,8734,2020,0.0,54831.0,-0.251371,-0.8775299999999999,OMN,DEU,830249
4424975,168,61,8734,2020,538472.0,68422.0,-0.52984,0.63654,PAK,DEU,830249
4424976,169,61,8734,2020,0.0,34585.0,0.590821,0.786784,PAN,DEU,830249
4424977,173,61,8734,2020,0.0,82520.0,-0.717014,-0.152142,PER,DEU,830249
4424978,174,61,8734,2020,556152.0,140121.0,0.755786,0.24693,PHL,DEU,830249
4424979,176,61,8734,2020,0.0,4130.0,-1.526134,-1.191965,PNG,DEU,830249
4424980,177,61,8734,2020,11299687.0,15490802.0,1.0227979999999999,1.4079139999999999,POL,DEU,830249
4424981,179,61,8734,2020,651863.0,981698.0,0.656999,2.1136470000000003,PRT,DEU,830249
4424982,180,61,8734,2020,0.0,9685.0,-0.45920600000000006,-0.930341,PRY,DEU,830249
4424983,181,61,8734,2020,0.0,29213.0,0.162235,0.828319,PSE,DEU,830249
4424984,182,61,8734,2020,0.0,1772.0,0.640838,-0.11156300000000001,PYF,DEU,830249
4424985,183,61,8734,2020,1008.0,120523.0,-0.028836,-1.0183950000000002,QAT,DEU,830249
4424986,185,61,8734,2020,4129566.0,4001265.0,1.13426,0.9767809999999999,ROU,DEU,830249
4424987,186,61,8734,2020,103067.0,5803970.0,0.373882,0.42102700000000004,RUS,DEU,830249
4424988,187,61,8734,2020,0.0,4914.0,-0.923618,-0.975133,RWA,DEU,830249
4424989,188,61,8734,2020,2861.0,301962.0,0.662925,-0.21661999999999998,SAU,DEU,830249
4424990,190,61,8734,2020,0.0,5036.0,-1.380126,-1.280657,SDN,DEU,830249
4424991,191,61,8734,2020,0.0,14824.0,-0.634185,-0.398728,SEN,DEU,830249
4424992,192,61,8734,2020,226415.0,1711783.0,1.948379,0.610574,SGP,DEU,830249
4424993,197,61,8734,2020,0.0,15301.0,-0.003327,0.18823399999999998,SLV,DEU,830249
4424994,198,61,8734,2020,0.0,4403.0,1.106732,0.578281,SMR,DEU,830249
4424995,201,61,8734,2020,40303.0,373763.0,0.5868399999999999,1.1187120000000002,SRB,DEU,830249
4424996,206,61,8734,2020,611187.0,1875064.0,1.338026,0.825268,SVK,DEU,830249
4424997,207,61,8734,2020,920524.0,1143536.0,1.570699,0.8442459999999999,SVN,DEU,830249
4424998,208,61,8734,2020,2617285.0,6266601.0,1.6911310000000002,0.791586,SWE,DEU,830249
4424999,210,61,8734,2020,0.0,21927.0,1.04788,-0.671874,SXM,DEU,830249
4425000,211,61,8734,2020,0.0,18543.0,0.185747,-0.695441,SYC,DEU,830249
4425001,212,61,8734,2020,0.0,1804.0,-0.579237,0.391392,SYR,DEU,830249
4425002,215,61,8734,2020,0.0,1598.0,-0.719535,-0.746202,TGO,DEU,830249
4425003,216,61,8734,2020,535684.0,470470.0,1.035524,1.2777180000000001,THA,DEU,830249
4425004,217,61,8734,2020,0.0,1147.0,-0.73744,-1.0706950000000002,TJK,DEU,830249
4425005,219,61,8734,2020,0.0,1490.0,-0.949525,-1.147622,TKM,DEU,830249
4425006,222,61,8734,2020,0.0,2930.0,0.156566,-0.653656,TTO,DEU,830249
4425007,223,61,8734,2020,22522.0,49815.0,0.220298,0.454477,TUN,DEU,830249
4425008,224,61,8734,2020,4713374.0,10066099.0,0.590472,2.619866,TUR,DEU,830249
4425009,226,61,8734,2020,0.0,5556.0,-1.024,-0.023909,TZA,DEU,830249
4425010,227,61,8734,2020,0.0,1373.0,-0.55156,-0.019136,UGA,DEU,830249
4425011,228,61,8734,2020,382250.0,446061.0,0.383736,0.531328,UKR,DEU,830249
4425012,230,61,8734,2020,0.0,15896.0,-0.127375,-0.449032,URY,DEU,830249
4425013,231,61,8734,2020,27970992.0,29098040.0,1.588148,0.380904,USA,DEU,830249
4425014,232,61,8734,2020,8208.0,51196.0,-0.309411,0.071414,UZB,DEU,830249
4425015,236,61,8734,2020,0.0,3968.0,-1.058537,-1.178218,VEN,DEU,830249
4425016,239,61,8734,2020,469469.0,407252.0,0.034229,0.89099,VNM,DEU,830249
4425017,243,61,8734,2020,0.0,4576.0,-1.130952,-1.137774,YEM,DEU,830249
4425018,246,61,8734,2020,9661.0,329102.0,0.042099,0.923931,ZAF,DEU,830249
4425019,247,61,8734,2020,0.0,893.0,-0.9162379999999999,-0.9523940000000001,ZMB,DEU,830249
4425020,248,61,8734,2020,0.0,1251.0,-1.039532,-1.12853,ZWE,DEU,830249
4425021,249,61,8734,2020,3361612.0,1433647.0,2.0517060000000003,1.205431,TWN,DEU,830249
4425022,250,61,8734,2020,0.0,74116.0,0.866041,-0.371104,ANS,DEU,830249
4425023,4,64,8734,2020,0.0,1025.0,-0.265229,0.059049000000000004,ALB,DNK,830249
4425024,7,64,8734,2020,4398.0,11772.0,-0.118349,-0.789485,ARE,DNK,830249
4425025,8,64,8734,2020,0.0,2167.0,-0.14746199999999998,0.039795,ARG,DNK,830249
4425026,14,64,8734,2020,2011.0,182125.0,-0.32910500000000004,-0.232963,AUS,DNK,830249
4425027,15,64,8734,2020,26464.0,31420.0,1.6711310000000001,0.059096,AUT,DNK,830249
4425028,16,64,8734,2020,0.0,768.0,-1.142366,-1.2529190000000001,AZE,DNK,830249
4425029,18,64,8734,2020,152876.0,158425.0,1.204632,1.278346,BEL,DNK,830249
4425030,23,64,8734,2020,1698.0,31499.0,0.6328520000000001,1.8517009999999998,BGR,DNK,830249
4425031,26,64,8734,2020,0.0,1266.0,0.5449470000000001,0.91781,BIH,DNK,830249
4425032,32,64,8734,2020,0.0,3891.0,0.054622000000000004,0.532291,BRA,DNK,830249
4425033,39,64,8734,2020,19392.0,52518.0,0.609267,1.1890479999999999,CAN,DNK,830249
4425034,41,64,8734,2020,9314.0,799712.0,2.184038,0.900965,CHE,DNK,830249
4425035,42,64,8734,2020,0.0,32010.0,-0.307923,-0.565983,CHL,DNK,830249
4425036,43,64,8734,2020,6580846.0,298892.0,1.187837,1.2237770000000001,CHN,DNK,830249
4425037,54,64,8734,2020,0.0,1133.0,-1.171456,-1.224365,CUB,DNK,830249
4425038,58,64,8734,2020,0.0,2618.0,0.5354760000000001,-0.069753,CYP,DNK,830249
4425039,59,64,8734,2020,181563.0,24926.0,1.716646,0.602441,CZE,DNK,830249
4425040,61,64,8734,2020,4731728.0,3747932.0,2.027494,-2.3646689999999997,DEU,DNK,830249
4425041,67,64,8734,2020,0.0,9111.0,-1.074185,-1.084344,ECU,DNK,830249
4425042,68,64,8734,2020,0.0,3547.0,-0.186095,1.6414330000000001,EGY,DNK,830249
4425043,71,64,8734,2020,7790.0,125018.0,0.736657,2.731661,ESP,DNK,830249
4425044,72,64,8734,2020,46371.0,58491.0,1.012385,1.305015,EST,DNK,830249
4425045,73,64,8734,2020,0.0,1456.0,-0.952033,-0.707262,ETH,DNK,830249
4425046,74,64,8734,2020,33979.0,237435.0,1.498089,1.066223,FIN,DNK,830249
4425047,77,64,8734,2020,354292.0,905638.0,1.341275,0.8991870000000001,FRA,DNK,830249
4425048,78,64,8734,2020,0.0,210604.0,-0.867916,-0.92601,FRO,DNK,830249
4425049,81,64,8734,2020,2074569.0,447543.0,1.6459,0.7702640000000001,GBR,DNK,830249
4425050,90,64,8734,2020,14441.0,13650.0,0.199011,1.087811,GRC,DNK,830249
4425051,92,64,8734,2020,0.0,30173.0,-1.262925,-0.9767549999999999,GRL,DNK,830249
4425052,97,64,8734,2020,125448.0,29577.0,1.070483,1.183618,HKG,DNK,830249
4425053,100,64,8734,2020,0.0,7312.0,0.876001,1.250877,HRV,DNK,830249
4425054,102,64,8734,2020,74928.0,19087.0,1.393152,0.878916,HUN,DNK,830249
4425055,103,64,8734,2020,0.0,23076.0,-0.16761700000000002,1.571009,IDN,DNK,830249
4425056,104,64,8734,2020,39046.0,27610.0,0.464674,2.838779,IND,DNK,830249
4425057,106,64,8734,2020,6604.0,20542.0,1.337791,-0.20829699999999998,IRL,DNK,830249
4425058,109,64,8734,2020,19554.0,220571.0,0.27161399999999997,-0.17819200000000002,ISL,DNK,830249
4425059,110,64,8734,2020,4288.0,11905.0,1.487557,0.8370920000000001,ISR,DNK,830249
4425060,111,64,8734,2020,1296629.0,34874.0,1.299017,0.701797,ITA,DNK,830249
4425061,113,64,8734,2020,0.0,840.0,-0.060384,0.139902,JOR,DNK,830249
4425062,114,64,8734,2020,18189.0,31693.0,2.405659,-0.38169000000000003,JPN,DNK,830249
4425063,121,64,8734,2020,2351.0,7221.0,1.9703950000000001,0.800826,KOR,DNK,830249
4425064,122,64,8734,2020,0.0,3636.0,-0.072977,-1.090017,KWT,DNK,830249
4425065,125,64,8734,2020,0.0,1385.0,-1.614715,-1.185446,LBR,DNK,830249
4425066,128,64,8734,2020,0.0,5742.0,-0.48448599999999997,0.5495220000000001,LKA,DNK,830249
4425067,130,64,8734,2020,304643.0,1931163.0,0.9772870000000001,1.291244,LTU,DNK,830249
4425068,131,64,8734,2020,0.0,34757.0,1.197655,1.432727,LUX,DNK,830249
4425069,132,64,8734,2020,400160.0,74467.0,0.712901,1.119907,LVA,DNK,830249
4425070,134,64,8734,2020,0.0,2643.0,-0.5208510000000001,-0.080499,MAR,DNK,830249
4425071,135,64,8734,2020,0.0,10285.0,-0.06779199999999999,-0.240851,MDA,DNK,830249
4425072,138,64,8734,2020,930.0,32529.0,0.974514,0.563643,MEX,DNK,830249
4425073,140,64,8734,2020,0.0,4806.0,0.147947,-0.11116500000000001,MKD,DNK,830249
4425074,142,64,8734,2020,0.0,38166.0,0.9159309999999999,0.24442199999999997,MLT,DNK,830249
4425075,145,64,8734,2020,0.0,1780.0,-1.011938,-1.127569,MNG,DNK,830249
4425076,153,64,8734,2020,9058.0,22284.0,1.185223,0.573439,MYS,DNK,830249
4425077,162,64,8734,2020,7503418.0,1112380.0,1.035951,1.559401,NLD,DNK,830249
4425078,163,64,8734,2020,59733.0,1249130.0,0.793459,0.369766,NOR,DNK,830249
4425079,164,64,8734,2020,0.0,1178.0,-0.22803299999999999,0.25111,NPL,DNK,830249
4425080,166,64,8734,2020,0.0,41233.0,0.145567,0.070121,NZL,DNK,830249
4425081,167,64,8734,2020,0.0,1583.0,-0.251371,-0.8775299999999999,OMN,DNK,830249
4425082,168,64,8734,2020,69679.0,0.0,-0.52984,0.63654,PAK,DNK,830249
4425083,173,64,8734,2020,0.0,1703.0,-0.717014,-0.152142,PER,DNK,830249
4425084,174,64,8734,2020,40020.0,1235.0,0.755786,0.24693,PHL,DNK,830249
4425085,177,64,8734,2020,579067.0,518863.0,1.0227979999999999,1.4079139999999999,POL,DNK,830249
4425086,179,64,8734,2020,3093.0,11675.0,0.656999,2.1136470000000003,PRT,DNK,830249
4425087,182,64,8734,2020,0.0,1098.0,0.640838,-0.11156300000000001,PYF,DNK,830249
4425088,183,64,8734,2020,0.0,2687.0,-0.028836,-1.0183950000000002,QAT,DNK,830249
4425089,185,64,8734,2020,280692.0,5964.0,1.13426,0.9767809999999999,ROU,DNK,830249
4425090,186,64,8734,2020,0.0,111170.0,0.373882,0.42102700000000004,RUS,DNK,830249
4425091,188,64,8734,2020,0.0,40195.0,0.662925,-0.21661999999999998,SAU,DNK,830249
4425092,192,64,8734,2020,14308.0,33492.0,1.948379,0.610574,SGP,DNK,830249
4425093,197,64,8734,2020,0.0,9603.0,-0.003327,0.18823399999999998,SLV,DNK,830249
4425094,201,64,8734,2020,13528.0,6658.0,0.5868399999999999,1.1187120000000002,SRB,DNK,830249
4425095,206,64,8734,2020,90907.0,281011.0,1.338026,0.825268,SVK,DNK,830249
4425096,207,64,8734,2020,60357.0,8011.0,1.570699,0.8442459999999999,SVN,DNK,830249
4425097,208,64,8734,2020,2294195.0,2155421.0,1.6911310000000002,0.791586,SWE,DNK,830249
4425098,216,64,8734,2020,10517.0,4613.0,1.035524,1.2777180000000001,THA,DNK,830249
4425099,217,64,8734,2020,0.0,2399.0,-0.73744,-1.0706950000000002,TJK,DNK,830249
4425100,224,64,8734,2020,80782.0,76649.0,0.590472,2.619866,TUR,DNK,830249
4425101,228,64,8734,2020,632536.0,40213.0,0.383736,0.531328,UKR,DNK,830249
4425102,230,64,8734,2020,0.0,1393.0,-0.127375,-0.449032,URY,DNK,830249
4425103,231,64,8734,2020,810909.0,940716.0,1.588148,0.380904,USA,DNK,830249
4425104,239,64,8734,2020,153756.0,12588.0,0.034229,0.89099,VNM,DNK,830249
4425105,246,64,8734,2020,0.0,19884.0,0.042099,0.923931,ZAF,DNK,830249
4425106,249,64,8734,2020,274812.0,12243.0,2.0517060000000003,1.205431,TWN,DNK,830249
4425107,250,64,8734,2020,15265.0,0.0,0.866041,-0.371104,ANS,DNK,830249
4425108,18,65,8734,2020,5732.0,0.0,1.204632,1.278346,BEL,DOM,830249
4425109,32,65,8734,2020,17167.0,0.0,0.054622000000000004,0.532291,BRA,DOM,830249
4425110,39,65,8734,2020,18019.0,11088.0,0.609267,1.1890479999999999,CAN,DOM,830249
4425111,41,65,8734,2020,2331.0,0.0,2.184038,0.900965,CHE,DOM,830249
4425112,43,65,8734,2020,524125.0,0.0,1.187837,1.2237770000000001,CHN,DOM,830249
4425113,49,65,8734,2020,19134.0,0.0,0.115954,0.104558,COL,DOM,830249
4425114,54,65,8734,2020,0.0,1410.0,-1.171456,-1.224365,CUB,DOM,830249
4425115,61,65,8734,2020,3837.0,0.0,2.027494,-2.3646689999999997,DEU,DOM,830249
4425116,71,65,8734,2020,213235.0,0.0,0.736657,2.731661,ESP,DOM,830249
4425117,81,65,8734,2020,1111.0,0.0,1.6459,0.7702640000000001,GBR,DOM,830249
4425118,91,65,8734,2020,0.0,816.0,0.285169,-0.284221,GRD,DOM,830249
4425119,97,65,8734,2020,63353.0,0.0,1.070483,1.183618,HKG,DOM,830249
4425120,101,65,8734,2020,0.0,1530.0,-1.028076,-0.884073,HTI,DOM,830249
4425121,104,65,8734,2020,1162.0,0.0,0.464674,2.838779,IND,DOM,830249
4425122,111,65,8734,2020,53666.0,0.0,1.299017,0.701797,ITA,DOM,830249
4425123,114,65,8734,2020,1403.0,0.0,2.405659,-0.38169000000000003,JPN,DOM,830249
4425124,127,65,8734,2020,0.0,1162.0,0.044785000000000005,-0.59519,LCA,DOM,830249
4425125,138,65,8734,2020,19730.0,1489.0,0.974514,0.563643,MEX,DOM,830249
4425126,162,65,8734,2020,6281.0,0.0,1.035951,1.559401,NLD,DOM,830249
4425127,179,65,8734,2020,83783.0,0.0,0.656999,2.1136470000000003,PRT,DOM,830249
4425128,192,65,8734,2020,0.0,12149.0,1.948379,0.610574,SGP,DOM,830249
4425129,216,65,8734,2020,2457.0,0.0,1.035524,1.2777180000000001,THA,DOM,830249
4425130,231,65,8734,2020,609588.0,13336.0,1.588148,0.380904,USA,DOM,830249
4425131,8,67,8734,2020,23213.0,0.0,-0.14746199999999998,0.039795,ARG,ECU,830249
4425132,15,67,8734,2020,2342.0,0.0,1.6711310000000001,0.059096,AUT,ECU,830249
4425133,32,67,8734,2020,2656.0,0.0,0.054622000000000004,0.532291,BRA,ECU,830249
4425134,39,67,8734,2020,4681.0,22610.0,0.609267,1.1890479999999999,CAN,ECU,830249
4425135,41,67,8734,2020,2046.0,0.0,2.184038,0.900965,CHE,ECU,830249
4425136,43,67,8734,2020,280596.0,0.0,1.187837,1.2237770000000001,CHN,ECU,830249
4425137,49,67,8734,2020,226294.0,0.0,0.115954,0.104558,COL,ECU,830249
4425138,59,67,8734,2020,952.0,0.0,1.716646,0.602441,CZE,ECU,830249
4425139,61,67,8734,2020,25125.0,0.0,2.027494,-2.3646689999999997,DEU,ECU,830249
4425140,64,67,8734,2020,9111.0,0.0,1.093217,1.2166549999999998,DNK,ECU,830249
4425141,71,67,8734,2020,13475.0,0.0,0.736657,2.731661,ESP,ECU,830249
4425142,77,67,8734,2020,2144.0,0.0,1.341275,0.8991870000000001,FRA,ECU,830249
4425143,81,67,8734,2020,8397.0,0.0,1.6459,0.7702640000000001,GBR,ECU,830249
4425144,97,67,8734,2020,11701.0,0.0,1.070483,1.183618,HKG,ECU,830249
4425145,111,67,8734,2020,59053.0,0.0,1.299017,0.701797,ITA,ECU,830249
4425146,114,67,8734,2020,3133.0,0.0,2.405659,-0.38169000000000003,JPN,ECU,830249
4425147,138,67,8734,2020,73265.0,0.0,0.974514,0.563643,MEX,ECU,830249
4425148,162,67,8734,2020,6760.0,0.0,1.035951,1.559401,NLD,ECU,830249
4425149,173,67,8734,2020,21455.0,0.0,-0.717014,-0.152142,PER,ECU,830249
4425150,179,67,8734,2020,11543.0,0.0,0.656999,2.1136470000000003,PRT,ECU,830249
4425151,206,67,8734,2020,1804.0,0.0,1.338026,0.825268,SVK,ECU,830249
4425152,208,67,8734,2020,4820.0,0.0,1.6911310000000002,0.791586,SWE,ECU,830249
4425153,216,67,8734,2020,33627.0,0.0,1.035524,1.2777180000000001,THA,ECU,830249
4425154,224,67,8734,2020,18743.0,0.0,0.590472,2.619866,TUR,ECU,830249
4425155,231,67,8734,2020,288527.0,6444.0,1.588148,0.380904,USA,ECU,830249
4425156,249,67,8734,2020,10074.0,0.0,2.0517060000000003,1.205431,TWN,ECU,830249
4425157,2,71,8734,2020,0.0,37585.0,-1.7948709999999999,-1.199555,AGO,ESP,830249
4425158,5,71,8734,2020,0.0,3639698.0,1.009457,0.2002,AND,ESP,830249
4425159,7,71,8734,2020,0.0,22957.0,-0.118349,-0.789485,ARE,ESP,830249
4425160,8,71,8734,2020,0.0,139252.0,-0.14746199999999998,0.039795,ARG,ESP,830249
4425161,13,71,8734,2020,0.0,6560.0,-0.210313,-0.811104,ATG,ESP,830249
4425162,14,71,8734,2020,11929.0,11659.0,-0.32910500000000004,-0.232963,AUS,ESP,830249
4425163,15,71,8734,2020,829955.0,248167.0,1.6711310000000001,0.059096,AUT,ESP,830249
4425164,16,71,8734,2020,0.0,4473.0,-1.142366,-1.2529190000000001,AZE,ESP,830249
4425165,18,71,8734,2020,606261.0,130607.0,1.204632,1.278346,BEL,ESP,830249
4425166,19,71,8734,2020,0.0,1208.0,-0.467344,-0.686191,BEN,ESP,830249
4425167,23,71,8734,2020,0.0,119177.0,0.6328520000000001,1.8517009999999998,BGR,ESP,830249
4425168,26,71,8734,2020,0.0,39090.0,0.5449470000000001,0.91781,BIH,ESP,830249
4425169,28,71,8734,2020,0.0,1065.0,0.858776,1.085652,BLR,ESP,830249
4425170,31,71,8734,2020,0.0,9846.0,-0.835558,-0.9611350000000001,BOL,ESP,830249
4425171,32,71,8734,2020,1212.0,136128.0,0.054622000000000004,0.532291,BRA,ESP,830249
4425172,33,71,8734,2020,12118.0,1654.0,0.666435,0.060089,BRB,ESP,830249
4425173,39,71,8734,2020,178155.0,43450.0,0.609267,1.1890479999999999,CAN,ESP,830249
4425174,41,71,8734,2020,104331.0,757098.0,2.184038,0.900965,CHE,ESP,830249
4425175,42,71,8734,2020,0.0,231162.0,-0.307923,-0.565983,CHL,ESP,830249
4425176,43,71,8734,2020,7549451.0,146382.0,1.187837,1.2237770000000001,CHN,ESP,830249
4425177,44,71,8734,2020,0.0,2567.0,-1.2299200000000001,-1.095777,CIV,ESP,830249
4425178,45,71,8734,2020,0.0,14383.0,-1.379365,-1.177022,CMR,ESP,830249
4425179,46,71,8734,2020,0.0,921.0,-1.538455,-1.1857659999999999,COD,ESP,830249
4425180,49,71,8734,2020,0.0,238753.0,0.115954,0.104558,COL,ESP,830249
4425181,51,71,8734,2020,0.0,61045.0,-0.235719,-0.746113,CPV,ESP,830249
4425182,52,71,8734,2020,7324.0,4449.0,0.303849,-0.114494,CRI,ESP,830249
4425183,54,71,8734,2020,0.0,459300.0,-1.171456,-1.224365,CUB,ESP,830249
4425184,58,71,8734,2020,0.0,33063.0,0.5354760000000001,-0.069753,CYP,ESP,830249
4425185,59,71,8734,2020,210752.0,116395.0,1.716646,0.602441,CZE,ESP,830249
4425186,61,71,8734,2020,10229866.0,5890032.0,2.027494,-2.3646689999999997,DEU,ESP,830249
4425187,64,71,8734,2020,125018.0,7790.0,1.093217,1.2166549999999998,DNK,ESP,830249
4425188,65,71,8734,2020,0.0,213235.0,0.06500299999999999,0.2812,DOM,ESP,830249
4425189,66,71,8734,2020,0.0,56633.0,-1.015133,-1.243726,DZA,ESP,830249
4425190,67,71,8734,2020,0.0,13475.0,-1.074185,-1.084344,ECU,ESP,830249
4425191,68,71,8734,2020,0.0,47672.0,-0.186095,1.6414330000000001,EGY,ESP,830249
4425192,72,71,8734,2020,0.0,20719.0,1.012385,1.305015,EST,ESP,830249
4425193,73,71,8734,2020,0.0,4294.0,-0.952033,-0.707262,ETH,ESP,830249
4425194,74,71,8734,2020,24960.0,24892.0,1.498089,1.066223,FIN,ESP,830249
4425195,75,71,8734,2020,0.0,928.0,-0.184167,-0.081888,FJI,ESP,830249
4425196,77,71,8734,2020,2196758.0,2518998.0,1.341275,0.8991870000000001,FRA,ESP,830249
4425197,81,71,8734,2020,1874761.0,655732.0,1.6459,0.7702640000000001,GBR,ESP,830249
4425198,83,71,8734,2020,0.0,51601.0,-0.973506,-0.9559139999999999,GHA,ESP,830249
4425199,84,71,8734,2020,0.0,33612.0,0.710597,-0.445858,GIB,ESP,830249
4425200,90,71,8734,2020,52847.0,116147.0,0.199011,1.087811,GRC,ESP,830249
4425201,93,71,8734,2020,0.0,68023.0,-0.32240100000000005,0.542048,GTM,ESP,830249
4425202,97,71,8734,2020,40837.0,0.0,1.070483,1.183618,HKG,ESP,830249
4425203,99,71,8734,2020,0.0,3153.0,-0.583329,-0.404227,HND,ESP,830249
4425204,100,71,8734,2020,3090.0,86013.0,0.876001,1.250877,HRV,ESP,830249
4425205,102,71,8734,2020,471329.0,41576.0,1.393152,0.878916,HUN,ESP,830249
4425206,103,71,8734,2020,3098.0,4493.0,-0.16761700000000002,1.571009,IDN,ESP,830249
4425207,104,71,8734,2020,143207.0,61755.0,0.464674,2.838779,IND,ESP,830249
4425208,106,71,8734,2020,10068.0,69872.0,1.337791,-0.20829699999999998,IRL,ESP,830249
4425209,108,71,8734,2020,0.0,16011.0,-1.087158,-0.9546389999999999,IRQ,ESP,830249
4425210,109,71,8734,2020,0.0,5471.0,0.27161399999999997,-0.17819200000000002,ISL,ESP,830249
4425211,110,71,8734,2020,12599.0,103269.0,1.487557,0.8370920000000001,ISR,ESP,830249
4425212,111,71,8734,2020,8782980.0,1988038.0,1.299017,0.701797,ITA,ESP,830249
4425213,112,71,8734,2020,0.0,44106.0,-0.21953000000000003,-0.6944899999999999,JAM,ESP,830249
4425214,113,71,8734,2020,0.0,2408.0,-0.060384,0.139902,JOR,ESP,830249
4425215,114,71,8734,2020,32447.0,23164.0,2.405659,-0.38169000000000003,JPN,ESP,830249
4425216,115,71,8734,2020,0.0,1324.0,-0.48361899999999997,-0.626675,KAZ,ESP,830249
4425217,116,71,8734,2020,0.0,11909.0,-0.496446,0.562476,KEN,ESP,830249
4425218,118,71,8734,2020,0.0,4907.0,-0.602562,-0.505135,KHM,ESP,830249
4425219,121,71,8734,2020,23514.0,18999.0,1.9703950000000001,0.800826,KOR,ESP,830249
4425220,122,71,8734,2020,0.0,1967.0,-0.072977,-1.090017,KWT,ESP,830249
4425221,124,71,8734,2020,491734.0,21227.0,0.35459,1.067965,LBN,ESP,830249
4425222,128,71,8734,2020,0.0,1410.0,-0.48448599999999997,0.5495220000000001,LKA,ESP,830249
4425223,130,71,8734,2020,8162.0,62195.0,0.9772870000000001,1.291244,LTU,ESP,830249
4425224,131,71,8734,2020,4914.0,6743.0,1.197655,1.432727,LUX,ESP,830249
4425225,132,71,8734,2020,80338.0,27300.0,0.712901,1.119907,LVA,ESP,830249
4425226,133,71,8734,2020,0.0,1561.0,0.464354,0.020065,MAC,ESP,830249
4425227,134,71,8734,2020,11162.0,6739004.0,-0.5208510000000001,-0.080499,MAR,ESP,830249
4425228,136,71,8734,2020,0.0,3109.0,-1.206503,-0.709465,MDG,ESP,830249
4425229,138,71,8734,2020,47760.0,907170.0,0.974514,0.563643,MEX,ESP,830249
4425230,140,71,8734,2020,0.0,11676.0,0.147947,-0.11116500000000001,MKD,ESP,830249
4425231,142,71,8734,2020,0.0,54538.0,0.9159309999999999,0.24442199999999997,MLT,ESP,830249
4425232,144,71,8734,2020,0.0,24880.0,0.355595,0.140822,MNE,ESP,830249
4425233,148,71,8734,2020,0.0,102491.0,-1.400894,-1.27631,MRT,ESP,830249
4425234,151,71,8734,2020,0.0,6705.0,-0.048897,0.11543099999999999,MUS,ESP,830249
4425235,153,71,8734,2020,5307.0,30973.0,1.185223,0.573439,MYS,ESP,830249
4425236,156,71,8734,2020,0.0,2712.0,-0.666664,-0.88528,NCL,ESP,830249
4425237,159,71,8734,2020,0.0,1045.0,-1.6399299999999999,-1.19536,NGA,ESP,830249
4425238,162,71,8734,2020,1613770.0,442076.0,1.035951,1.559401,NLD,ESP,830249
4425239,163,71,8734,2020,15856.0,32677.0,0.793459,0.369766,NOR,ESP,830249
4425240,166,71,8734,2020,0.0,10756.0,0.145567,0.070121,NZL,ESP,830249
4425241,167,71,8734,2020,0.0,1333.0,-0.251371,-0.8775299999999999,OMN,ESP,830249
4425242,168,71,8734,2020,41390.0,15866.0,-0.52984,0.63654,PAK,ESP,830249
4425243,169,71,8734,2020,0.0,19850.0,0.590821,0.786784,PAN,ESP,830249
4425244,173,71,8734,2020,0.0,23129.0,-0.717014,-0.152142,PER,ESP,830249
4425245,174,71,8734,2020,1231.0,118648.0,0.755786,0.24693,PHL,ESP,830249
4425246,177,71,8734,2020,480799.0,379121.0,1.0227979999999999,1.4079139999999999,POL,ESP,830249
4425247,179,71,8734,2020,1492951.0,5743714.0,0.656999,2.1136470000000003,PRT,ESP,830249
4425248,180,71,8734,2020,0.0,12609.0,-0.45920600000000006,-0.930341,PRY,ESP,830249
4425249,181,71,8734,2020,0.0,3476.0,0.162235,0.828319,PSE,ESP,830249
4425250,182,71,8734,2020,0.0,22429.0,0.640838,-0.11156300000000001,PYF,ESP,830249
4425251,183,71,8734,2020,0.0,104921.0,-0.028836,-1.0183950000000002,QAT,ESP,830249
4425252,185,71,8734,2020,0.0,56572.0,1.13426,0.9767809999999999,ROU,ESP,830249
4425253,186,71,8734,2020,4589.0,164910.0,0.373882,0.42102700000000004,RUS,ESP,830249
4425254,188,71,8734,2020,0.0,60702.0,0.662925,-0.21661999999999998,SAU,ESP,830249
4425255,191,71,8734,2020,0.0,24139.0,-0.634185,-0.398728,SEN,ESP,830249
4425256,192,71,8734,2020,7542.0,3997.0,1.948379,0.610574,SGP,ESP,830249
4425257,197,71,8734,2020,0.0,32659.0,-0.003327,0.18823399999999998,SLV,ESP,830249
4425258,201,71,8734,2020,2254.0,20231.0,0.5868399999999999,1.1187120000000002,SRB,ESP,830249
4425259,206,71,8734,2020,81618.0,22553.0,1.338026,0.825268,SVK,ESP,830249
4425260,207,71,8734,2020,113034.0,6949.0,1.570699,0.8442459999999999,SVN,ESP,830249
4425261,208,71,8734,2020,162428.0,200047.0,1.6911310000000002,0.791586,SWE,ESP,830249
4425262,211,71,8734,2020,0.0,1027.0,0.185747,-0.695441,SYC,ESP,830249
4425263,213,71,8734,2020,0.0,48841.0,0.820773,-0.246383,TCA,ESP,830249
4425264,215,71,8734,2020,0.0,118549.0,-0.719535,-0.746202,TGO,ESP,830249
4425265,216,71,8734,2020,6967.0,34064.0,1.035524,1.2777180000000001,THA,ESP,830249
4425266,223,71,8734,2020,272174.0,459752.0,0.220298,0.454477,TUN,ESP,830249
4425267,224,71,8734,2020,248909.0,1319811.0,0.590472,2.619866,TUR,ESP,830249
4425268,226,71,8734,2020,0.0,3031.0,-1.024,-0.023909,TZA,ESP,830249
4425269,228,71,8734,2020,8470.0,88046.0,0.383736,0.531328,UKR,ESP,830249
4425270,230,71,8734,2020,0.0,43408.0,-0.127375,-0.449032,URY,ESP,830249
4425271,231,71,8734,2020,1743047.0,1152806.0,1.588148,0.380904,USA,ESP,830249
4425272,239,71,8734,2020,246463.0,34392.0,0.034229,0.89099,VNM,ESP,830249
4425273,246,71,8734,2020,5253.0,3752.0,0.042099,0.923931,ZAF,ESP,830249
4425274,249,71,8734,2020,259314.0,16616.0,2.0517060000000003,1.205431,TWN,ESP,830249
4425275,250,71,8734,2020,99339.0,4580.0,0.866041,-0.371104,ANS,ESP,830249
4425276,7,74,8734,2020,0.0,10093.0,-0.118349,-0.789485,ARE,FIN,830249
4425277,8,74,8734,2020,0.0,2731.0,-0.14746199999999998,0.039795,ARG,FIN,830249
4425278,14,74,8734,2020,13876.0,28180.0,-0.32910500000000004,-0.232963,AUS,FIN,830249
4425279,15,74,8734,2020,47714.0,19380.0,1.6711310000000001,0.059096,AUT,FIN,830249
4425280,18,74,8734,2020,195638.0,23387.0,1.204632,1.278346,BEL,FIN,830249
4425281,21,74,8734,2020,0.0,4932.0,-0.7634310000000001,-0.938997,BFA,FIN,830249
4425282,32,74,8734,2020,0.0,1444.0,0.054622000000000004,0.532291,BRA,FIN,830249
4425283,39,74,8734,2020,74911.0,95622.0,0.609267,1.1890479999999999,CAN,FIN,830249
4425284,41,74,8734,2020,20715.0,1108.0,2.184038,0.900965,CHE,FIN,830249
4425285,42,74,8734,2020,0.0,9944.0,-0.307923,-0.565983,CHL,FIN,830249
4425286,43,74,8734,2020,2647294.0,63686.0,1.187837,1.2237770000000001,CHN,FIN,830249
4425287,46,74,8734,2020,0.0,562.0,-1.538455,-1.1857659999999999,COD,FIN,830249
4425288,49,74,8734,2020,0.0,15834.0,0.115954,0.104558,COL,FIN,830249
4425289,59,74,8734,2020,260701.0,29769.0,1.716646,0.602441,CZE,FIN,830249
4425290,61,74,8734,2020,2826644.0,129792.0,2.027494,-2.3646689999999997,DEU,FIN,830249
4425291,64,74,8734,2020,237435.0,33979.0,1.093217,1.2166549999999998,DNK,FIN,830249
4425292,71,74,8734,2020,24892.0,24960.0,0.736657,2.731661,ESP,FIN,830249
4425293,72,74,8734,2020,218887.0,309069.0,1.012385,1.305015,EST,FIN,830249
4425294,77,74,8734,2020,237205.0,54762.0,1.341275,0.8991870000000001,FRA,FIN,830249
4425295,81,74,8734,2020,607484.0,104823.0,1.6459,0.7702640000000001,GBR,FIN,830249
4425296,82,74,8734,2020,0.0,2794.0,-0.199775,-0.38684,GEO,FIN,830249
4425297,83,74,8734,2020,0.0,1442.0,-0.973506,-0.9559139999999999,GHA,FIN,830249
4425298,90,74,8734,2020,2391.0,2955.0,0.199011,1.087811,GRC,FIN,830249
4425299,92,74,8734,2020,0.0,7753.0,-1.262925,-0.9767549999999999,GRL,FIN,830249
4425300,97,74,8734,2020,23365.0,0.0,1.070483,1.183618,HKG,FIN,830249
4425301,102,74,8734,2020,10507.0,10633.0,1.393152,0.878916,HUN,FIN,830249
4425302,103,74,8734,2020,872.0,78255.0,-0.16761700000000002,1.571009,IDN,FIN,830249
4425303,104,74,8734,2020,35753.0,1197.0,0.464674,2.838779,IND,FIN,830249
4425304,106,74,8734,2020,2938.0,0.0,1.337791,-0.20829699999999998,IRL,FIN,830249
4425305,109,74,8734,2020,0.0,956.0,0.27161399999999997,-0.17819200000000002,ISL,FIN,830249
4425306,110,74,8734,2020,1858.0,58841.0,1.487557,0.8370920000000001,ISR,FIN,830249
4425307,111,74,8734,2020,557035.0,4390.0,1.299017,0.701797,ITA,FIN,830249
4425308,114,74,8734,2020,2123.0,65278.0,2.405659,-0.38169000000000003,JPN,FIN,830249
4425309,118,74,8734,2020,0.0,1347.0,-0.602562,-0.505135,KHM,FIN,830249
4425310,121,74,8734,2020,2702.0,6689.0,1.9703950000000001,0.800826,KOR,FIN,830249
4425311,122,74,8734,2020,0.0,5193.0,-0.072977,-1.090017,KWT,FIN,830249
4425312,130,74,8734,2020,34560.0,15169.0,0.9772870000000001,1.291244,LTU,FIN,830249
4425313,132,74,8734,2020,140916.0,12942.0,0.712901,1.119907,LVA,FIN,830249
4425314,134,74,8734,2020,0.0,11038.0,-0.5208510000000001,-0.080499,MAR,FIN,830249
4425315,138,74,8734,2020,3370.0,4355.0,0.974514,0.563643,MEX,FIN,830249
4425316,145,74,8734,2020,0.0,55669.0,-1.011938,-1.127569,MNG,FIN,830249
4425317,153,74,8734,2020,4647.0,28992.0,1.185223,0.573439,MYS,FIN,830249
4425318,159,74,8734,2020,0.0,1440.0,-1.6399299999999999,-1.19536,NGA,FIN,830249
4425319,162,74,8734,2020,564490.0,222294.0,1.035951,1.559401,NLD,FIN,830249
4425320,163,74,8734,2020,14570.0,98465.0,0.793459,0.369766,NOR,FIN,830249
4425321,166,74,8734,2020,0.0,2351.0,0.145567,0.070121,NZL,FIN,830249
4425322,173,74,8734,2020,0.0,6030.0,-0.717014,-0.152142,PER,FIN,830249
4425323,174,74,8734,2020,0.0,1956.0,0.755786,0.24693,PHL,FIN,830249
4425324,177,74,8734,2020,294586.0,376099.0,1.0227979999999999,1.4079139999999999,POL,FIN,830249
4425325,179,74,8734,2020,26778.0,0.0,0.656999,2.1136470000000003,PRT,FIN,830249
4425326,185,74,8734,2020,1676.0,3984.0,1.13426,0.9767809999999999,ROU,FIN,830249
4425327,186,74,8734,2020,0.0,154182.0,0.373882,0.42102700000000004,RUS,FIN,830249
4425328,188,74,8734,2020,0.0,3620.0,0.662925,-0.21661999999999998,SAU,FIN,830249
4425329,192,74,8734,2020,4483.0,6751.0,1.948379,0.610574,SGP,FIN,830249
4425330,206,74,8734,2020,9718.0,2992.0,1.338026,0.825268,SVK,FIN,830249
4425331,207,74,8734,2020,0.0,3238.0,1.570699,0.8442459999999999,SVN,FIN,830249
4425332,208,74,8734,2020,3355815.0,430928.0,1.6911310000000002,0.791586,SWE,FIN,830249
4425333,211,74,8734,2020,0.0,1188.0,0.185747,-0.695441,SYC,FIN,830249
4425334,216,74,8734,2020,6100.0,2157.0,1.035524,1.2777180000000001,THA,FIN,830249
4425335,224,74,8734,2020,1927.0,31919.0,0.590472,2.619866,TUR,FIN,830249
4425336,226,74,8734,2020,0.0,3004.0,-1.024,-0.023909,TZA,FIN,830249
4425337,228,74,8734,2020,2258.0,21435.0,0.383736,0.531328,UKR,FIN,830249
4425338,231,74,8734,2020,1599257.0,229804.0,1.588148,0.380904,USA,FIN,830249
4425339,239,74,8734,2020,11177.0,2970.0,0.034229,0.89099,VNM,FIN,830249
4425340,246,74,8734,2020,0.0,13719.0,0.042099,0.923931,ZAF,FIN,830249
4425341,249,74,8734,2020,32970.0,0.0,2.0517060000000003,1.205431,TWN,FIN,830249
4425342,1,77,8734,2020,0.0,1921.0,-1.178987,-0.815577,AFG,FRA,830249
4425343,2,77,8734,2020,0.0,4579.0,-1.7948709999999999,-1.199555,AGO,FRA,830249
4425344,5,77,8734,2020,0.0,8137.0,1.009457,0.2002,AND,FRA,830249
4425345,7,77,8734,2020,61231.0,2309137.0,-0.118349,-0.789485,ARE,FRA,830249
4425346,8,77,8734,2020,0.0,17395.0,-0.14746199999999998,0.039795,ARG,FRA,830249
4425347,14,77,8734,2020,26963.0,519253.0,-0.32910500000000004,-0.232963,AUS,FRA,830249
4425348,15,77,8734,2020,323643.0,439266.0,1.6711310000000001,0.059096,AUT,FRA,830249
4425349,16,77,8734,2020,10122.0,18945.0,-1.142366,-1.2529190000000001,AZE,FRA,830249
4425350,18,77,8734,2020,4452064.0,3357355.0,1.204632,1.278346,BEL,FRA,830249
4425351,19,77,8734,2020,0.0,3614.0,-0.467344,-0.686191,BEN,FRA,830249
4425352,21,77,8734,2020,7374.0,4848.0,-0.7634310000000001,-0.938997,BFA,FRA,830249
4425353,23,77,8734,2020,1349313.0,395768.0,0.6328520000000001,1.8517009999999998,BGR,FRA,830249
4425354,24,77,8734,2020,0.0,25476.0,0.379085,-0.634111,BHR,FRA,830249
4425355,26,77,8734,2020,2307.0,0.0,0.5449470000000001,0.91781,BIH,FRA,830249
4425356,28,77,8734,2020,0.0,1788.0,0.858776,1.085652,BLR,FRA,830249
4425357,32,77,8734,2020,140026.0,940364.0,0.054622000000000004,0.532291,BRA,FRA,830249
4425358,34,77,8734,2020,0.0,14582.0,0.432569,-0.8083779999999999,BRN,FRA,830249
4425359,39,77,8734,2020,1609824.0,1219004.0,0.609267,1.1890479999999999,CAN,FRA,830249
4425360,41,77,8734,2020,2535468.0,2654046.0,2.184038,0.900965,CHE,FRA,830249
4425361,42,77,8734,2020,0.0,29573.0,-0.307923,-0.565983,CHL,FRA,830249
4425362,43,77,8734,2020,14805995.0,7346191.0,1.187837,1.2237770000000001,CHN,FRA,830249
4425363,44,77,8734,2020,0.0,263776.0,-1.2299200000000001,-1.095777,CIV,FRA,830249
4425364,45,77,8734,2020,0.0,102164.0,-1.379365,-1.177022,CMR,FRA,830249
4425365,47,77,8734,2020,0.0,34745.0,-1.580638,-1.2020870000000001,COG,FRA,830249
4425366,49,77,8734,2020,3325.0,14353.0,0.115954,0.104558,COL,FRA,830249
4425367,52,77,8734,2020,0.0,1338.0,0.303849,-0.114494,CRI,FRA,830249
4425368,54,77,8734,2020,0.0,7071.0,-1.171456,-1.224365,CUB,FRA,830249
4425369,58,77,8734,2020,0.0,26875.0,0.5354760000000001,-0.069753,CYP,FRA,830249
4425370,59,77,8734,2020,894513.0,681175.0,1.716646,0.602441,CZE,FRA,830249
4425371,61,77,8734,2020,23629014.0,7238698.0,2.027494,-2.3646689999999997,DEU,FRA,830249
4425372,62,77,8734,2020,0.0,11188.0,-0.493576,-0.808321,DJI,FRA,830249
4425373,64,77,8734,2020,905638.0,354292.0,1.093217,1.2166549999999998,DNK,FRA,830249
4425374,66,77,8734,2020,0.0,308890.0,-1.015133,-1.243726,DZA,FRA,830249
4425375,67,77,8734,2020,0.0,2144.0,-1.074185,-1.084344,ECU,FRA,830249
4425376,68,77,8734,2020,0.0,32457.0,-0.186095,1.6414330000000001,EGY,FRA,830249
4425377,71,77,8734,2020,2518998.0,2196758.0,0.736657,2.731661,ESP,FRA,830249
4425378,72,77,8734,2020,0.0,71591.0,1.012385,1.305015,EST,FRA,830249
4425379,73,77,8734,2020,0.0,4501.0,-0.952033,-0.707262,ETH,FRA,830249
4425380,74,77,8734,2020,54762.0,237205.0,1.498089,1.066223,FIN,FRA,830249
4425381,80,77,8734,2020,0.0,72155.0,-1.6422990000000002,-1.207249,GAB,FRA,830249
4425382,81,77,8734,2020,5563144.0,5367882.0,1.6459,0.7702640000000001,GBR,FRA,830249
4425383,82,77,8734,2020,0.0,4950.0,-0.199775,-0.38684,GEO,FRA,830249
4425384,83,77,8734,2020,0.0,15920.0,-0.973506,-0.9559139999999999,GHA,FRA,830249
4425385,85,77,8734,2020,0.0,11912.0,-1.841029,-1.233167,GIN,FRA,830249
4425386,90,77,8734,2020,35397.0,90306.0,0.199011,1.087811,GRC,FRA,830249
4425387,93,77,8734,2020,0.0,2256.0,-0.32240100000000005,0.542048,GTM,FRA,830249
4425388,97,77,8734,2020,172782.0,1879475.0,1.070483,1.183618,HKG,FRA,830249
4425389,100,77,8734,2020,0.0,102116.0,0.876001,1.250877,HRV,FRA,830249
4425390,102,77,8734,2020,157471.0,329240.0,1.393152,0.878916,HUN,FRA,830249
4425391,103,77,8734,2020,40131.0,51132.0,-0.16761700000000002,1.571009,IDN,FRA,830249
4425392,104,77,8734,2020,583142.0,1469814.0,0.464674,2.838779,IND,FRA,830249
4425393,106,77,8734,2020,9077.0,395434.0,1.337791,-0.20829699999999998,IRL,FRA,830249
4425394,109,77,8734,2020,0.0,3856.0,0.27161399999999997,-0.17819200000000002,ISL,FRA,830249
4425395,110,77,8734,2020,63925.0,147986.0,1.487557,0.8370920000000001,ISR,FRA,830249
4425396,111,77,8734,2020,16490094.0,2194153.0,1.299017,0.701797,ITA,FRA,830249
4425397,113,77,8734,2020,0.0,173202.0,-0.060384,0.139902,JOR,FRA,830249
4425398,114,77,8734,2020,321703.0,225967.0,2.405659,-0.38169000000000003,JPN,FRA,830249
4425399,115,77,8734,2020,2147.0,20648.0,-0.48361899999999997,-0.626675,KAZ,FRA,830249
4425400,116,77,8734,2020,0.0,35108.0,-0.496446,0.562476,KEN,FRA,830249
4425401,121,77,8734,2020,99287.0,284765.0,1.9703950000000001,0.800826,KOR,FRA,830249
4425402,122,77,8734,2020,9201.0,189376.0,-0.072977,-1.090017,KWT,FRA,830249
4425403,124,77,8734,2020,0.0,66480.0,0.35459,1.067965,LBN,FRA,830249
4425404,128,77,8734,2020,20634.0,30571.0,-0.48448599999999997,0.5495220000000001,LKA,FRA,830249
4425405,130,77,8734,2020,2565.0,164015.0,0.9772870000000001,1.291244,LTU,FRA,830249
4425406,131,77,8734,2020,334609.0,285000.0,1.197655,1.432727,LUX,FRA,830249
4425407,132,77,8734,2020,4048.0,23419.0,0.712901,1.119907,LVA,FRA,830249
4425408,133,77,8734,2020,0.0,10132.0,0.464354,0.020065,MAC,FRA,830249
4425409,134,77,8734,2020,5667919.0,10333112.0,-0.5208510000000001,-0.080499,MAR,FRA,830249
4425410,135,77,8734,2020,0.0,2311.0,-0.06779199999999999,-0.240851,MDA,FRA,830249
4425411,136,77,8734,2020,1643.0,59454.0,-1.206503,-0.709465,MDG,FRA,830249
4425412,138,77,8734,2020,1165099.0,2764035.0,0.974514,0.563643,MEX,FRA,830249
4425413,142,77,8734,2020,0.0,169146.0,0.9159309999999999,0.24442199999999997,MLT,FRA,830249
4425414,144,77,8734,2020,0.0,940.0,0.355595,0.140822,MNE,FRA,830249
4425415,148,77,8734,2020,0.0,4372.0,-1.400894,-1.27631,MRT,FRA,830249
4425416,151,77,8734,2020,8171.0,12887.0,-0.048897,0.11543099999999999,MUS,FRA,830249
4425417,153,77,8734,2020,98762.0,458164.0,1.185223,0.573439,MYS,FRA,830249
4425418,156,77,8734,2020,17598.0,2402860.0,-0.666664,-0.88528,NCL,FRA,830249
4425419,157,77,8734,2020,0.0,6967.0,-0.62888,-0.841089,NER,FRA,830249
4425420,159,77,8734,2020,0.0,3211.0,-1.6399299999999999,-1.19536,NGA,FRA,830249
4425421,162,77,8734,2020,5427582.0,1015831.0,1.035951,1.559401,NLD,FRA,830249
4425422,163,77,8734,2020,7303.0,76683.0,0.793459,0.369766,NOR,FRA,830249
4425423,164,77,8734,2020,0.0,1087.0,-0.22803299999999999,0.25111,NPL,FRA,830249
4425424,166,77,8734,2020,21779.0,252302.0,0.145567,0.070121,NZL,FRA,830249
4425425,167,77,8734,2020,0.0,3136.0,-0.251371,-0.8775299999999999,OMN,FRA,830249
4425426,168,77,8734,2020,19688.0,51154.0,-0.52984,0.63654,PAK,FRA,830249
4425427,169,77,8734,2020,0.0,1581.0,0.590821,0.786784,PAN,FRA,830249
4425428,173,77,8734,2020,0.0,27127.0,-0.717014,-0.152142,PER,FRA,830249
4425429,174,77,8734,2020,2279.0,286932.0,0.755786,0.24693,PHL,FRA,830249
4425430,177,77,8734,2020,1104507.0,730928.0,1.0227979999999999,1.4079139999999999,POL,FRA,830249
4425431,179,77,8734,2020,598064.0,599182.0,0.656999,2.1136470000000003,PRT,FRA,830249
4425432,180,77,8734,2020,0.0,1528.0,-0.45920600000000006,-0.930341,PRY,FRA,830249
4425433,181,77,8734,2020,0.0,895.0,0.162235,0.828319,PSE,FRA,830249
4425434,182,77,8734,2020,0.0,1677814.0,0.640838,-0.11156300000000001,PYF,FRA,830249
4425435,183,77,8734,2020,1154.0,487600.0,-0.028836,-1.0183950000000002,QAT,FRA,830249
4425436,185,77,8734,2020,2329778.0,527653.0,1.13426,0.9767809999999999,ROU,FRA,830249
4425437,186,77,8734,2020,239516.0,3362173.0,0.373882,0.42102700000000004,RUS,FRA,830249
4425438,188,77,8734,2020,0.0,221619.0,0.662925,-0.21661999999999998,SAU,FRA,830249
4425439,191,77,8734,2020,0.0,22403.0,-0.634185,-0.398728,SEN,FRA,830249
4425440,192,77,8734,2020,363924.0,2523020.0,1.948379,0.610574,SGP,FRA,830249
4425441,197,77,8734,2020,0.0,5810.0,-0.003327,0.18823399999999998,SLV,FRA,830249
4425442,200,77,8734,2020,0.0,5111.0,0.162968,-0.736591,SPM,FRA,830249
4425443,201,77,8734,2020,19976.0,22428.0,0.5868399999999999,1.1187120000000002,SRB,FRA,830249
4425444,206,77,8734,2020,32130.0,280326.0,1.338026,0.825268,SVK,FRA,830249
4425445,207,77,8734,2020,75020.0,186785.0,1.570699,0.8442459999999999,SVN,FRA,830249
4425446,208,77,8734,2020,4372812.0,526324.0,1.6911310000000002,0.791586,SWE,FRA,830249
4425447,211,77,8734,2020,0.0,5177.0,0.185747,-0.695441,SYC,FRA,830249
4425448,215,77,8734,2020,0.0,21428.0,-0.719535,-0.746202,TGO,FRA,830249
4425449,216,77,8734,2020,12721.0,66768.0,1.035524,1.2777180000000001,THA,FRA,830249
4425450,217,77,8734,2020,0.0,974.0,-0.73744,-1.0706950000000002,TJK,FRA,830249
4425451,223,77,8734,2020,131855.0,954146.0,0.220298,0.454477,TUN,FRA,830249
4425452,224,77,8734,2020,607183.0,1074573.0,0.590472,2.619866,TUR,FRA,830249
4425453,228,77,8734,2020,6302.0,32855.0,0.383736,0.531328,UKR,FRA,830249
4425454,230,77,8734,2020,0.0,1769.0,-0.127375,-0.449032,URY,FRA,830249
4425455,231,77,8734,2020,127504952.0,15172681.0,1.588148,0.380904,USA,FRA,830249
4425456,232,77,8734,2020,0.0,4590.0,-0.309411,0.071414,UZB,FRA,830249
4425457,239,77,8734,2020,469523.0,27157.0,0.034229,0.89099,VNM,FRA,830249
4425458,241,77,8734,2020,0.0,2745.0,0.601576,-0.727147,WLF,FRA,830249
4425459,246,77,8734,2020,49079.0,68635.0,0.042099,0.923931,ZAF,FRA,830249
4425460,249,77,8734,2020,424185.0,68804.0,2.0517060000000003,1.205431,TWN,FRA,830249
4425461,250,77,8734,2020,60739.0,28280.0,0.866041,-0.371104,ANS,FRA,830249
4425462,2,81,8734,2020,0.0,8549.0,-1.7948709999999999,-1.199555,AGO,GBR,830249
4425463,7,81,8734,2020,3710.0,6736784.0,-0.118349,-0.789485,ARE,GBR,830249
4425464,8,81,8734,2020,0.0,3459.0,-0.14746199999999998,0.039795,ARG,GBR,830249
4425465,13,81,8734,2020,0.0,12228.0,-0.210313,-0.811104,ATG,GBR,830249
4425466,14,81,8734,2020,157246.0,1327942.0,-0.32910500000000004,-0.232963,AUS,GBR,830249
4425467,15,81,8734,2020,1025095.0,328504.0,1.6711310000000001,0.059096,AUT,GBR,830249
4425468,16,81,8734,2020,0.0,221057.0,-1.142366,-1.2529190000000001,AZE,GBR,830249
4425469,18,81,8734,2020,1222522.0,593157.0,1.204632,1.278346,BEL,GBR,830249
4425470,20,81,8734,2020,0.0,3343.0,0.653039,-0.6295270000000001,BES,GBR,830249
4425471,21,81,8734,2020,0.0,775.0,-0.7634310000000001,-0.938997,BFA,GBR,830249
4425472,22,81,8734,2020,0.0,12135.0,-0.874451,-0.9031309999999999,BGD,GBR,830249
4425473,23,81,8734,2020,346670.0,90196.0,0.6328520000000001,1.8517009999999998,BGR,GBR,830249
4425474,24,81,8734,2020,0.0,8070.0,0.379085,-0.634111,BHR,GBR,830249
4425475,26,81,8734,2020,0.0,1919.0,0.5449470000000001,0.91781,BIH,GBR,830249
4425476,28,81,8734,2020,8879.0,4161.0,0.858776,1.085652,BLR,GBR,830249
4425477,29,81,8734,2020,0.0,4132.0,-0.145757,-0.59123,BLZ,GBR,830249
4425478,30,81,8734,2020,0.0,2269.0,0.6924859999999999,-0.623079,BMU,GBR,830249
4425479,31,81,8734,2020,0.0,1208.0,-0.835558,-0.9611350000000001,BOL,GBR,830249
4425480,32,81,8734,2020,53325.0,328996.0,0.054622000000000004,0.532291,BRA,GBR,830249
4425481,33,81,8734,2020,0.0,53112.0,0.666435,0.060089,BRB,GBR,830249
4425482,34,81,8734,2020,0.0,43477.0,0.432569,-0.8083779999999999,BRN,GBR,830249
4425483,39,81,8734,2020,862841.0,1743108.0,0.609267,1.1890479999999999,CAN,GBR,830249
4425484,41,81,8734,2020,170518.0,1223262.0,2.184038,0.900965,CHE,GBR,830249
4425485,42,81,8734,2020,0.0,55533.0,-0.307923,-0.565983,CHL,GBR,830249
4425486,43,81,8734,2020,34995420.0,2629276.0,1.187837,1.2237770000000001,CHN,GBR,830249
4425487,44,81,8734,2020,0.0,63647.0,-1.2299200000000001,-1.095777,CIV,GBR,830249
4425488,45,81,8734,2020,0.0,1272.0,-1.379365,-1.177022,CMR,GBR,830249
4425489,47,81,8734,2020,0.0,2382.0,-1.580638,-1.2020870000000001,COG,GBR,830249
4425490,49,81,8734,2020,0.0,22928.0,0.115954,0.104558,COL,GBR,830249
4425491,52,81,8734,2020,0.0,7499.0,0.303849,-0.114494,CRI,GBR,830249
4425492,57,81,8734,2020,3253.0,1357.0,-0.007386,-0.878251,CYM,GBR,830249
4425493,58,81,8734,2020,0.0,55764.0,0.5354760000000001,-0.069753,CYP,GBR,830249
4425494,59,81,8734,2020,372903.0,1058362.0,1.716646,0.602441,CZE,GBR,830249
4425495,61,81,8734,2020,16706534.0,25143754.0,2.027494,-2.3646689999999997,DEU,GBR,830249
4425496,63,81,8734,2020,0.0,1356.0,0.583288,0.012664,DMA,GBR,830249
4425497,64,81,8734,2020,447543.0,2074569.0,1.093217,1.2166549999999998,DNK,GBR,830249
4425498,65,81,8734,2020,0.0,1111.0,0.06500299999999999,0.2812,DOM,GBR,830249
4425499,66,81,8734,2020,0.0,8124.0,-1.015133,-1.243726,DZA,GBR,830249
4425500,67,81,8734,2020,0.0,8397.0,-1.074185,-1.084344,ECU,GBR,830249
4425501,68,81,8734,2020,0.0,264541.0,-0.186095,1.6414330000000001,EGY,GBR,830249
4425502,71,81,8734,2020,655732.0,1874761.0,0.736657,2.731661,ESP,GBR,830249
4425503,72,81,8734,2020,3337.0,72221.0,1.012385,1.305015,EST,GBR,830249
4425504,73,81,8734,2020,0.0,297335.0,-0.952033,-0.707262,ETH,GBR,830249
4425505,74,81,8734,2020,104823.0,607484.0,1.498089,1.066223,FIN,GBR,830249
4425506,75,81,8734,2020,0.0,2724.0,-0.184167,-0.081888,FJI,GBR,830249
4425507,76,81,8734,2020,0.0,33717.0,-0.406704,-0.8790969999999999,FLK,GBR,830249
4425508,77,81,8734,2020,5367882.0,5563144.0,1.341275,0.8991870000000001,FRA,GBR,830249
4425509,82,81,8734,2020,0.0,1159.0,-0.199775,-0.38684,GEO,GBR,830249
4425510,83,81,8734,2020,0.0,4412.0,-0.973506,-0.9559139999999999,GHA,GBR,830249
4425511,84,81,8734,2020,0.0,26807.0,0.710597,-0.445858,GIB,GBR,830249
4425512,85,81,8734,2020,0.0,1190.0,-1.841029,-1.233167,GIN,GBR,830249
4425513,90,81,8734,2020,40830.0,93071.0,0.199011,1.087811,GRC,GBR,830249
4425514,91,81,8734,2020,0.0,7479.0,0.285169,-0.284221,GRD,GBR,830249
4425515,92,81,8734,2020,0.0,1415.0,-1.262925,-0.9767549999999999,GRL,GBR,830249
4425516,96,81,8734,2020,0.0,10130.0,-0.5874159999999999,-0.8020189999999999,GUY,GBR,830249
4425517,97,81,8734,2020,516125.0,40263200.0,1.070483,1.183618,HKG,GBR,830249
4425518,100,81,8734,2020,5133.0,78647.0,0.876001,1.250877,HRV,GBR,830249
4425519,102,81,8734,2020,55678.0,263990.0,1.393152,0.878916,HUN,GBR,830249
4425520,103,81,8734,2020,15444.0,110439.0,-0.16761700000000002,1.571009,IDN,GBR,830249
4425521,104,81,8734,2020,3079888.0,513659.0,0.464674,2.838779,IND,GBR,830249
4425522,106,81,8734,2020,1513843.0,4909945.0,1.337791,-0.20829699999999998,IRL,GBR,830249
4425523,108,81,8734,2020,0.0,4739.0,-1.087158,-0.9546389999999999,IRQ,GBR,830249
4425524,109,81,8734,2020,0.0,30101.0,0.27161399999999997,-0.17819200000000002,ISL,GBR,830249
4425525,110,81,8734,2020,82171.0,252033.0,1.487557,0.8370920000000001,ISR,GBR,830249
4425526,111,81,8734,2020,4371096.0,1903458.0,1.299017,0.701797,ITA,GBR,830249
4425527,112,81,8734,2020,0.0,109159.0,-0.21953000000000003,-0.6944899999999999,JAM,GBR,830249
4425528,113,81,8734,2020,8340.0,61681.0,-0.060384,0.139902,JOR,GBR,830249
4425529,114,81,8734,2020,1782173.0,1127567.0,2.405659,-0.38169000000000003,JPN,GBR,830249
4425530,115,81,8734,2020,0.0,47776.0,-0.48361899999999997,-0.626675,KAZ,GBR,830249
4425531,116,81,8734,2020,0.0,51879.0,-0.496446,0.562476,KEN,GBR,830249
4425532,117,81,8734,2020,0.0,2233.0,-0.117317,0.36644,KGZ,GBR,830249
4425533,120,81,8734,2020,0.0,1185.0,0.955462,-0.487217,KNA,GBR,830249
4425534,121,81,8734,2020,637350.0,202997.0,1.9703950000000001,0.800826,KOR,GBR,830249
4425535,122,81,8734,2020,0.0,68872.0,-0.072977,-1.090017,KWT,GBR,830249
4425536,124,81,8734,2020,2205.0,31009.0,0.35459,1.067965,LBN,GBR,830249
4425537,126,81,8734,2020,0.0,2485.0,-1.0431840000000001,-1.187957,LBY,GBR,830249
4425538,127,81,8734,2020,0.0,2028.0,0.044785000000000005,-0.59519,LCA,GBR,830249
4425539,128,81,8734,2020,0.0,44853.0,-0.48448599999999997,0.5495220000000001,LKA,GBR,830249
4425540,130,81,8734,2020,30169.0,184537.0,0.9772870000000001,1.291244,LTU,GBR,830249
4425541,131,81,8734,2020,0.0,185491.0,1.197655,1.432727,LUX,GBR,830249
4425542,132,81,8734,2020,4645.0,49895.0,0.712901,1.119907,LVA,GBR,830249
4425543,133,81,8734,2020,0.0,28817.0,0.464354,0.020065,MAC,GBR,830249
4425544,134,81,8734,2020,354699.0,197467.0,-0.5208510000000001,-0.080499,MAR,GBR,830249
4425545,138,81,8734,2020,475344.0,465516.0,0.974514,0.563643,MEX,GBR,830249
4425546,140,81,8734,2020,91369.0,22187.0,0.147947,-0.11116500000000001,MKD,GBR,830249
4425547,142,81,8734,2020,0.0,92687.0,0.9159309999999999,0.24442199999999997,MLT,GBR,830249
4425548,143,81,8734,2020,0.0,16911.0,-0.9993569999999999,-0.298647,MMR,GBR,830249
4425549,144,81,8734,2020,0.0,2214.0,0.355595,0.140822,MNE,GBR,830249
4425550,145,81,8734,2020,0.0,4991.0,-1.011938,-1.127569,MNG,GBR,830249
4425551,147,81,8734,2020,0.0,4297.0,-1.1186040000000002,-0.974224,MOZ,GBR,830249
4425552,151,81,8734,2020,0.0,22287.0,-0.048897,0.11543099999999999,MUS,GBR,830249
4425553,152,81,8734,2020,0.0,8208.0,-1.122433,-1.106831,MWI,GBR,830249
4425554,153,81,8734,2020,107523.0,555654.0,1.185223,0.573439,MYS,GBR,830249
4425555,155,81,8734,2020,0.0,1911.0,-0.664967,-0.74835,NAM,GBR,830249
4425556,159,81,8734,2020,0.0,163899.0,-1.6399299999999999,-1.19536,NGA,GBR,830249
4425557,162,81,8734,2020,5154334.0,2534425.0,1.035951,1.559401,NLD,GBR,830249
4425558,163,81,8734,2020,105713.0,523576.0,0.793459,0.369766,NOR,GBR,830249
4425559,164,81,8734,2020,0.0,31348.0,-0.22803299999999999,0.25111,NPL,GBR,830249
4425560,166,81,8734,2020,8510.0,3703244.0,0.145567,0.070121,NZL,GBR,830249
4425561,167,81,8734,2020,0.0,110911.0,-0.251371,-0.8775299999999999,OMN,GBR,830249
4425562,168,81,8734,2020,29379.0,3106.0,-0.52984,0.63654,PAK,GBR,830249
4425563,173,81,8734,2020,0.0,33696.0,-0.717014,-0.152142,PER,GBR,830249
4425564,174,81,8734,2020,18049.0,62302.0,0.755786,0.24693,PHL,GBR,830249
4425565,177,81,8734,2020,1417127.0,2065846.0,1.0227979999999999,1.4079139999999999,POL,GBR,830249
4425566,179,81,8734,2020,78549.0,565707.0,0.656999,2.1136470000000003,PRT,GBR,830249
4425567,183,81,8734,2020,0.0,2693234.0,-0.028836,-1.0183950000000002,QAT,GBR,830249
4425568,185,81,8734,2020,311280.0,476233.0,1.13426,0.9767809999999999,ROU,GBR,830249
4425569,186,81,8734,2020,646.0,1699270.0,0.373882,0.42102700000000004,RUS,GBR,830249
4425570,188,81,8734,2020,97641.0,879442.0,0.662925,-0.21661999999999998,SAU,GBR,830249
4425571,191,81,8734,2020,0.0,10818.0,-0.634185,-0.398728,SEN,GBR,830249
4425572,192,81,8734,2020,152304.0,11156518.0,1.948379,0.610574,SGP,GBR,830249
4425573,194,81,8734,2020,0.0,34488.0,1.4857989999999999,-0.43997700000000006,SHN,GBR,830249
4425574,197,81,8734,2020,0.0,2126.0,-0.003327,0.18823399999999998,SLV,GBR,830249
4425575,201,81,8734,2020,3711.0,67996.0,0.5868399999999999,1.1187120000000002,SRB,GBR,830249
4425576,206,81,8734,2020,5234.0,504667.0,1.338026,0.825268,SVK,GBR,830249
4425577,207,81,8734,2020,7482.0,245882.0,1.570699,0.8442459999999999,SVN,GBR,830249
4425578,208,81,8734,2020,1178730.0,1459680.0,1.6911310000000002,0.791586,SWE,GBR,830249
4425579,211,81,8734,2020,0.0,16447.0,0.185747,-0.695441,SYC,GBR,830249
4425580,212,81,8734,2020,0.0,6675.0,-0.579237,0.391392,SYR,GBR,830249
4425581,216,81,8734,2020,187817.0,38247.0,1.035524,1.2777180000000001,THA,GBR,830249
4425582,219,81,8734,2020,0.0,8166.0,-0.949525,-1.147622,TKM,GBR,830249
4425583,222,81,8734,2020,0.0,31131.0,0.156566,-0.653656,TTO,GBR,830249
4425584,224,81,8734,2020,420056.0,1926844.0,0.590472,2.619866,TUR,GBR,830249
4425585,226,81,8734,2020,0.0,9675.0,-1.024,-0.023909,TZA,GBR,830249
4425586,227,81,8734,2020,0.0,3458.0,-0.55156,-0.019136,UGA,GBR,830249
4425587,228,81,8734,2020,18968.0,8352.0,0.383736,0.531328,UKR,GBR,830249
4425588,230,81,8734,2020,0.0,14254.0,-0.127375,-0.449032,URY,GBR,830249
4425589,231,81,8734,2020,59842684.0,29724870.0,1.588148,0.380904,USA,GBR,830249
4425590,234,81,8734,2020,0.0,8344.0,-0.8252809999999999,-0.89407,VCT,GBR,830249
4425591,239,81,8734,2020,420709.0,332501.0,0.034229,0.89099,VNM,GBR,830249
4425592,246,81,8734,2020,1240414.0,168462.0,0.042099,0.923931,ZAF,GBR,830249
4425593,248,81,8734,2020,0.0,1086.0,-1.039532,-1.12853,ZWE,GBR,830249
4425594,249,81,8734,2020,2012252.0,667790.0,2.0517060000000003,1.205431,TWN,GBR,830249
4425595,250,81,8734,2020,17530386.0,0.0,0.866041,-0.371104,ANS,GBR,830249
4425596,15,93,8734,2020,10850.0,0.0,1.6711310000000001,0.059096,AUT,GTM,830249
4425597,29,93,8734,2020,0.0,11043.0,-0.145757,-0.59123,BLZ,GTM,830249
4425598,32,93,8734,2020,2228.0,0.0,0.054622000000000004,0.532291,BRA,GTM,830249
4425599,39,93,8734,2020,4417.0,0.0,0.609267,1.1890479999999999,CAN,GTM,830249
4425600,43,93,8734,2020,496941.0,0.0,1.187837,1.2237770000000001,CHN,GTM,830249
4425601,49,93,8734,2020,146973.0,0.0,0.115954,0.104558,COL,GTM,830249
4425602,52,93,8734,2020,0.0,10657.0,0.303849,-0.114494,CRI,GTM,830249
4425603,59,93,8734,2020,1660.0,0.0,1.716646,0.602441,CZE,GTM,830249
4425604,61,93,8734,2020,8146.0,0.0,2.027494,-2.3646689999999997,DEU,GTM,830249
4425605,71,93,8734,2020,68023.0,0.0,0.736657,2.731661,ESP,GTM,830249
4425606,77,93,8734,2020,2256.0,0.0,1.341275,0.8991870000000001,FRA,GTM,830249
4425607,97,93,8734,2020,163357.0,0.0,1.070483,1.183618,HKG,GTM,830249
4425608,99,93,8734,2020,108731.0,209531.0,-0.583329,-0.404227,HND,GTM,830249
4425609,111,93,8734,2020,59892.0,0.0,1.299017,0.701797,ITA,GTM,830249
4425610,121,93,8734,2020,8962.0,0.0,1.9703950000000001,0.800826,KOR,GTM,830249
4425611,138,93,8734,2020,102556.0,0.0,0.974514,0.563643,MEX,GTM,830249
4425612,160,93,8734,2020,0.0,13011.0,-0.9128809999999999,-0.746636,NIC,GTM,830249
4425613,162,93,8734,2020,1331.0,0.0,1.035951,1.559401,NLD,GTM,830249
4425614,169,93,8734,2020,57415.0,0.0,0.590821,0.786784,PAN,GTM,830249
4425615,179,93,8734,2020,6396.0,0.0,0.656999,2.1136470000000003,PRT,GTM,830249
4425616,197,93,8734,2020,13244.0,5135.0,-0.003327,0.18823399999999998,SLV,GTM,830249
4425617,216,93,8734,2020,6126.0,0.0,1.035524,1.2777180000000001,THA,GTM,830249
4425618,231,93,8734,2020,117862.0,0.0,1.588148,0.380904,USA,GTM,830249
4425619,249,93,8734,2020,48936.0,0.0,2.0517060000000003,1.205431,TWN,GTM,830249
4425620,0,97,8734,2020,0.0,3586.0,0.725364,-0.244535,ABW,HKG,830249
4425621,7,97,8734,2020,74137.0,16043.0,-0.118349,-0.789485,ARE,HKG,830249
4425622,14,97,8734,2020,114468.0,594808.0,-0.32910500000000004,-0.232963,AUS,HKG,830249
4425623,15,97,8734,2020,6103.0,1217.0,1.6711310000000001,0.059096,AUT,HKG,830249
4425624,18,97,8734,2020,0.0,1236.0,1.204632,1.278346,BEL,HKG,830249
4425625,22,97,8734,2020,0.0,5841.0,-0.874451,-0.9031309999999999,BGD,HKG,830249
4425626,23,97,8734,2020,0.0,21164.0,0.6328520000000001,1.8517009999999998,BGR,HKG,830249
4425627,31,97,8734,2020,0.0,3498.0,-0.835558,-0.9611350000000001,BOL,HKG,830249
4425628,32,97,8734,2020,0.0,605436.0,0.054622000000000004,0.532291,BRA,HKG,830249
4425629,33,97,8734,2020,0.0,13908.0,0.666435,0.060089,BRB,HKG,830249
4425630,34,97,8734,2020,0.0,986.0,0.432569,-0.8083779999999999,BRN,HKG,830249
4425631,39,97,8734,2020,60800.0,99462.0,0.609267,1.1890479999999999,CAN,HKG,830249
4425632,41,97,8734,2020,36688.0,40640.0,2.184038,0.900965,CHE,HKG,830249
4425633,42,97,8734,2020,0.0,1762.0,-0.307923,-0.565983,CHL,HKG,830249
4425634,43,97,8734,2020,13919675.0,50226.0,1.187837,1.2237770000000001,CHN,HKG,830249
4425635,49,97,8734,2020,0.0,84264.0,0.115954,0.104558,COL,HKG,830249
4425636,52,97,8734,2020,0.0,2171.0,0.303849,-0.114494,CRI,HKG,830249
4425637,59,97,8734,2020,7865.0,115963.0,1.716646,0.602441,CZE,HKG,830249
4425638,61,97,8734,2020,4595783.0,339149.0,2.027494,-2.3646689999999997,DEU,HKG,830249
4425639,64,97,8734,2020,29577.0,125448.0,1.093217,1.2166549999999998,DNK,HKG,830249
4425640,65,97,8734,2020,0.0,63353.0,0.06500299999999999,0.2812,DOM,HKG,830249
4425641,67,97,8734,2020,0.0,11701.0,-1.074185,-1.084344,ECU,HKG,830249
4425642,71,97,8734,2020,0.0,40837.0,0.736657,2.731661,ESP,HKG,830249
4425643,74,97,8734,2020,0.0,23365.0,1.498089,1.066223,FIN,HKG,830249
4425644,75,97,8734,2020,0.0,3834.0,-0.184167,-0.081888,FJI,HKG,830249
4425645,77,97,8734,2020,1879475.0,172782.0,1.341275,0.8991870000000001,FRA,HKG,830249
4425646,81,97,8734,2020,40263200.0,516125.0,1.6459,0.7702640000000001,GBR,HKG,830249
4425647,82,97,8734,2020,0.0,4723.0,-0.199775,-0.38684,GEO,HKG,830249
4425648,91,97,8734,2020,0.0,1611.0,0.285169,-0.284221,GRD,HKG,830249
4425649,93,97,8734,2020,0.0,163357.0,-0.32240100000000005,0.542048,GTM,HKG,830249
4425650,96,97,8734,2020,0.0,19476.0,-0.5874159999999999,-0.8020189999999999,GUY,HKG,830249
4425651,102,97,8734,2020,3604.0,299697.0,1.393152,0.878916,HUN,HKG,830249
4425652,103,97,8734,2020,11915.0,73276.0,-0.16761700000000002,1.571009,IDN,HKG,830249
4425653,104,97,8734,2020,0.0,2168644.0,0.464674,2.838779,IND,HKG,830249
4425654,106,97,8734,2020,0.0,281380.0,1.337791,-0.20829699999999998,IRL,HKG,830249
4425655,109,97,8734,2020,0.0,944.0,0.27161399999999997,-0.17819200000000002,ISL,HKG,830249
4425656,110,97,8734,2020,10313.0,2979686.0,1.487557,0.8370920000000001,ISR,HKG,830249
4425657,111,97,8734,2020,708854.0,21607.0,1.299017,0.701797,ITA,HKG,830249
4425658,112,97,8734,2020,0.0,52083.0,-0.21953000000000003,-0.6944899999999999,JAM,HKG,830249
4425659,114,97,8734,2020,587201.0,38508.0,2.405659,-0.38169000000000003,JPN,HKG,830249
4425660,116,97,8734,2020,0.0,119686.0,-0.496446,0.562476,KEN,HKG,830249
4425661,118,97,8734,2020,0.0,22417.0,-0.602562,-0.505135,KHM,HKG,830249
4425662,119,97,8734,2020,0.0,535.0,-0.9781629999999999,-0.936783,KIR,HKG,830249
4425663,121,97,8734,2020,138133.0,15707.0,1.9703950000000001,0.800826,KOR,HKG,830249
4425664,128,97,8734,2020,0.0,36652.0,-0.48448599999999997,0.5495220000000001,LKA,HKG,830249
4425665,130,97,8734,2020,0.0,13184.0,0.9772870000000001,1.291244,LTU,HKG,830249
4425666,133,97,8734,2020,0.0,27660.0,0.464354,0.020065,MAC,HKG,830249
4425667,138,97,8734,2020,215351.0,58320.0,0.974514,0.563643,MEX,HKG,830249
4425668,142,97,8734,2020,0.0,11118.0,0.9159309999999999,0.24442199999999997,MLT,HKG,830249
4425669,147,97,8734,2020,0.0,3803.0,-1.1186040000000002,-0.974224,MOZ,HKG,830249
4425670,151,97,8734,2020,0.0,6765.0,-0.048897,0.11543099999999999,MUS,HKG,830249
4425671,152,97,8734,2020,0.0,925.0,-1.122433,-1.106831,MWI,HKG,830249
4425672,153,97,8734,2020,76894.0,373319.0,1.185223,0.573439,MYS,HKG,830249
4425673,162,97,8734,2020,84750.0,1269011.0,1.035951,1.559401,NLD,HKG,830249
4425674,163,97,8734,2020,3331.0,38143.0,0.793459,0.369766,NOR,HKG,830249
4425675,166,97,8734,2020,2807.0,5332.0,0.145567,0.070121,NZL,HKG,830249
4425676,168,97,8734,2020,0.0,11468.0,-0.52984,0.63654,PAK,HKG,830249
4425677,173,97,8734,2020,0.0,1417.0,-0.717014,-0.152142,PER,HKG,830249
4425678,174,97,8734,2020,13742.0,470131.0,0.755786,0.24693,PHL,HKG,830249
4425679,177,97,8734,2020,5642.0,9090.0,1.0227979999999999,1.4079139999999999,POL,HKG,830249
4425680,179,97,8734,2020,61137.0,406862.0,0.656999,2.1136470000000003,PRT,HKG,830249
4425681,181,97,8734,2020,0.0,58470.0,0.162235,0.828319,PSE,HKG,830249
4425682,182,97,8734,2020,0.0,8047.0,0.640838,-0.11156300000000001,PYF,HKG,830249
4425683,183,97,8734,2020,0.0,1250.0,-0.028836,-1.0183950000000002,QAT,HKG,830249
4425684,186,97,8734,2020,0.0,10214.0,0.373882,0.42102700000000004,RUS,HKG,830249
4425685,188,97,8734,2020,0.0,29652.0,0.662925,-0.21661999999999998,SAU,HKG,830249
4425686,192,97,8734,2020,851681.0,413817.0,1.948379,0.610574,SGP,HKG,830249
4425687,206,97,8734,2020,3634.0,0.0,1.338026,0.825268,SVK,HKG,830249
4425688,208,97,8734,2020,115294.0,740473.0,1.6911310000000002,0.791586,SWE,HKG,830249
4425689,211,97,8734,2020,0.0,5433.0,0.185747,-0.695441,SYC,HKG,830249
4425690,216,97,8734,2020,172875.0,69765.0,1.035524,1.2777180000000001,THA,HKG,830249
4425691,224,97,8734,2020,980.0,8722.0,0.590472,2.619866,TUR,HKG,830249
4425692,226,97,8734,2020,0.0,24826.0,-1.024,-0.023909,TZA,HKG,830249
4425693,228,97,8734,2020,15992.0,15388.0,0.383736,0.531328,UKR,HKG,830249
4425694,230,97,8734,2020,0.0,1317.0,-0.127375,-0.449032,URY,HKG,830249
4425695,231,97,8734,2020,5476871.0,325988.0,1.588148,0.380904,USA,HKG,830249
4425696,232,97,8734,2020,0.0,22093.0,-0.309411,0.071414,UZB,HKG,830249
4425697,239,97,8734,2020,109304.0,771033.0,0.034229,0.89099,VNM,HKG,830249
4425698,246,97,8734,2020,0.0,13970.0,0.042099,0.923931,ZAF,HKG,830249
4425699,247,97,8734,2020,0.0,10733.0,-0.9162379999999999,-0.9523940000000001,ZMB,HKG,830249
4425700,248,97,8734,2020,0.0,1235.0,-1.039532,-1.12853,ZWE,HKG,830249
4425701,249,97,8734,2020,1610652.0,118508.0,2.0517060000000003,1.205431,TWN,HKG,830249
4425702,7,102,8734,2020,0.0,4283.0,-0.118349,-0.789485,ARE,HUN,830249
4425703,8,102,8734,2020,0.0,1107.0,-0.14746199999999998,0.039795,ARG,HUN,830249
4425704,9,102,8734,2020,0.0,1268.0,-0.129502,-0.671068,ARM,HUN,830249
4425705,14,102,8734,2020,3095.0,7204.0,-0.32910500000000004,-0.232963,AUS,HUN,830249
4425706,15,102,8734,2020,249793.0,85427.0,1.6711310000000001,0.059096,AUT,HUN,830249
4425707,18,102,8734,2020,61195.0,243339.0,1.204632,1.278346,BEL,HUN,830249
4425708,23,102,8734,2020,37534.0,12379.0,0.6328520000000001,1.8517009999999998,BGR,HUN,830249
4425709,24,102,8734,2020,0.0,2897.0,0.379085,-0.634111,BHR,HUN,830249
4425710,26,102,8734,2020,1437.0,0.0,0.5449470000000001,0.91781,BIH,HUN,830249
4425711,28,102,8734,2020,0.0,4906.0,0.858776,1.085652,BLR,HUN,830249
4425712,32,102,8734,2020,1452.0,105783.0,0.054622000000000004,0.532291,BRA,HUN,830249
4425713,39,102,8734,2020,3262.0,26313.0,0.609267,1.1890479999999999,CAN,HUN,830249
4425714,41,102,8734,2020,85959.0,29261.0,2.184038,0.900965,CHE,HUN,830249
4425715,43,102,8734,2020,954865.0,18544.0,1.187837,1.2237770000000001,CHN,HUN,830249
4425716,58,102,8734,2020,8241.0,0.0,0.5354760000000001,-0.069753,CYP,HUN,830249
4425717,59,102,8734,2020,636377.0,55209.0,1.716646,0.602441,CZE,HUN,830249
4425718,61,102,8734,2020,5940870.0,1137363.0,2.027494,-2.3646689999999997,DEU,HUN,830249
4425719,64,102,8734,2020,19087.0,74928.0,1.093217,1.2166549999999998,DNK,HUN,830249
4425720,68,102,8734,2020,0.0,1127.0,-0.186095,1.6414330000000001,EGY,HUN,830249
4425721,69,102,8734,2020,0.0,35580.0,-1.1688129999999999,-0.9633879999999999,ERI,HUN,830249
4425722,71,102,8734,2020,41576.0,471329.0,0.736657,2.731661,ESP,HUN,830249
4425723,72,102,8734,2020,3582.0,6178.0,1.012385,1.305015,EST,HUN,830249
4425724,74,102,8734,2020,10633.0,10507.0,1.498089,1.066223,FIN,HUN,830249
4425725,77,102,8734,2020,329240.0,157471.0,1.341275,0.8991870000000001,FRA,HUN,830249
4425726,81,102,8734,2020,263990.0,55678.0,1.6459,0.7702640000000001,GBR,HUN,830249
4425727,90,102,8734,2020,86162.0,1190.0,0.199011,1.087811,GRC,HUN,830249
4425728,97,102,8734,2020,299697.0,3604.0,1.070483,1.183618,HKG,HUN,830249
4425729,100,102,8734,2020,32435.0,41935.0,0.876001,1.250877,HRV,HUN,830249
4425730,103,102,8734,2020,0.0,9920.0,-0.16761700000000002,1.571009,IDN,HUN,830249
4425731,104,102,8734,2020,27394.0,674316.0,0.464674,2.838779,IND,HUN,830249
4425732,106,102,8734,2020,0.0,10516.0,1.337791,-0.20829699999999998,IRL,HUN,830249
4425733,110,102,8734,2020,64061.0,13894.0,1.487557,0.8370920000000001,ISR,HUN,830249
4425734,111,102,8734,2020,4420732.0,74515.0,1.299017,0.701797,ITA,HUN,830249
4425735,114,102,8734,2020,10309.0,1317776.0,2.405659,-0.38169000000000003,JPN,HUN,830249
4425736,115,102,8734,2020,0.0,3950.0,-0.48361899999999997,-0.626675,KAZ,HUN,830249
4425737,121,102,8734,2020,27061.0,12761.0,1.9703950000000001,0.800826,KOR,HUN,830249
4425738,130,102,8734,2020,23756.0,38985.0,0.9772870000000001,1.291244,LTU,HUN,830249
4425739,131,102,8734,2020,0.0,8897.0,1.197655,1.432727,LUX,HUN,830249
4425740,132,102,8734,2020,210980.0,3212.0,0.712901,1.119907,LVA,HUN,830249
4425741,134,102,8734,2020,0.0,3186.0,-0.5208510000000001,-0.080499,MAR,HUN,830249
4425742,135,102,8734,2020,0.0,1630.0,-0.06779199999999999,-0.240851,MDA,HUN,830249
4425743,138,102,8734,2020,13544.0,15874.0,0.974514,0.563643,MEX,HUN,830249
4425744,142,102,8734,2020,1931.0,0.0,0.9159309999999999,0.24442199999999997,MLT,HUN,830249
4425745,153,102,8734,2020,96344.0,19012.0,1.185223,0.573439,MYS,HUN,830249
4425746,159,102,8734,2020,0.0,204862.0,-1.6399299999999999,-1.19536,NGA,HUN,830249
4425747,162,102,8734,2020,360735.0,62087.0,1.035951,1.559401,NLD,HUN,830249
4425748,163,102,8734,2020,30278.0,2760.0,0.793459,0.369766,NOR,HUN,830249
4425749,168,102,8734,2020,0.0,946.0,-0.52984,0.63654,PAK,HUN,830249
4425750,173,102,8734,2020,0.0,18792.0,-0.717014,-0.152142,PER,HUN,830249
4425751,177,102,8734,2020,603308.0,99069.0,1.0227979999999999,1.4079139999999999,POL,HUN,830249
4425752,179,102,8734,2020,33913.0,7318.0,0.656999,2.1136470000000003,PRT,HUN,830249
4425753,181,102,8734,2020,0.0,1681.0,0.162235,0.828319,PSE,HUN,830249
4425754,185,102,8734,2020,236644.0,694797.0,1.13426,0.9767809999999999,ROU,HUN,830249
4425755,186,102,8734,2020,5594.0,78179.0,0.373882,0.42102700000000004,RUS,HUN,830249
4425756,188,102,8734,2020,0.0,9499.0,0.662925,-0.21661999999999998,SAU,HUN,830249
4425757,192,102,8734,2020,5062.0,3516.0,1.948379,0.610574,SGP,HUN,830249
4425758,201,102,8734,2020,0.0,39085.0,0.5868399999999999,1.1187120000000002,SRB,HUN,830249
4425759,206,102,8734,2020,2682875.0,105928.0,1.338026,0.825268,SVK,HUN,830249
4425760,207,102,8734,2020,24030.0,50646.0,1.570699,0.8442459999999999,SVN,HUN,830249
4425761,208,102,8734,2020,5129.0,15120.0,1.6911310000000002,0.791586,SWE,HUN,830249
4425762,216,102,8734,2020,0.0,5291.0,1.035524,1.2777180000000001,THA,HUN,830249
4425763,223,102,8734,2020,0.0,1105.0,0.220298,0.454477,TUN,HUN,830249
4425764,224,102,8734,2020,27776.0,17148.0,0.590472,2.619866,TUR,HUN,830249
4425765,228,102,8734,2020,253402.0,106729.0,0.383736,0.531328,UKR,HUN,830249
4425766,231,102,8734,2020,979337.0,560499.0,1.588148,0.380904,USA,HUN,830249
4425767,239,102,8734,2020,0.0,1742.0,0.034229,0.89099,VNM,HUN,830249
4425768,246,102,8734,2020,0.0,2365.0,0.042099,0.923931,ZAF,HUN,830249
4425769,249,102,8734,2020,62479.0,4157.0,2.0517060000000003,1.205431,TWN,HUN,830249
4425770,7,103,8734,2020,3704.0,12434.0,-0.118349,-0.789485,ARE,IDN,830249
4425771,14,103,8734,2020,148949.0,14055.0,-0.32910500000000004,-0.232963,AUS,IDN,830249
4425772,15,103,8734,2020,1899.0,4151.0,1.6711310000000001,0.059096,AUT,IDN,830249
4425773,18,103,8734,2020,36158.0,0.0,1.204632,1.278346,BEL,IDN,830249
4425774,23,103,8734,2020,3280.0,0.0,0.6328520000000001,1.8517009999999998,BGR,IDN,830249
4425775,32,103,8734,2020,2893.0,0.0,0.054622000000000004,0.532291,BRA,IDN,830249
4425776,39,103,8734,2020,18307.0,14243.0,0.609267,1.1890479999999999,CAN,IDN,830249
4425777,41,103,8734,2020,2466.0,14119.0,2.184038,0.900965,CHE,IDN,830249
4425778,43,103,8734,2020,11426701.0,19123.0,1.187837,1.2237770000000001,CHN,IDN,830249
4425779,59,103,8734,2020,30709.0,884.0,1.716646,0.602441,CZE,IDN,830249
4425780,61,103,8734,2020,146447.0,99888.0,2.027494,-2.3646689999999997,DEU,IDN,830249
4425781,64,103,8734,2020,23076.0,0.0,1.093217,1.2166549999999998,DNK,IDN,830249
4425782,68,103,8734,2020,0.0,2686.0,-0.186095,1.6414330000000001,EGY,IDN,830249
4425783,71,103,8734,2020,4493.0,3098.0,0.736657,2.731661,ESP,IDN,830249
4425784,74,103,8734,2020,78255.0,872.0,1.498089,1.066223,FIN,IDN,830249
4425785,75,103,8734,2020,0.0,3791.0,-0.184167,-0.081888,FJI,IDN,830249
4425786,77,103,8734,2020,51132.0,40131.0,1.341275,0.8991870000000001,FRA,IDN,830249
4425787,81,103,8734,2020,110439.0,15444.0,1.6459,0.7702640000000001,GBR,IDN,830249
4425788,90,103,8734,2020,9113.0,0.0,0.199011,1.087811,GRC,IDN,830249
4425789,97,103,8734,2020,73276.0,11915.0,1.070483,1.183618,HKG,IDN,830249
4425790,100,103,8734,2020,5750.0,0.0,0.876001,1.250877,HRV,IDN,830249
4425791,102,103,8734,2020,9920.0,0.0,1.393152,0.878916,HUN,IDN,830249
4425792,104,103,8734,2020,15063.0,1248.0,0.464674,2.838779,IND,IDN,830249
4425793,106,103,8734,2020,1313.0,0.0,1.337791,-0.20829699999999998,IRL,IDN,830249
4425794,110,103,8734,2020,0.0,958.0,1.487557,0.8370920000000001,ISR,IDN,830249
4425795,111,103,8734,2020,124051.0,4091.0,1.299017,0.701797,ITA,IDN,830249
4425796,114,103,8734,2020,921801.0,1319335.0,2.405659,-0.38169000000000003,JPN,IDN,830249
4425797,121,103,8734,2020,86349.0,1760.0,1.9703950000000001,0.800826,KOR,IDN,830249
4425798,130,103,8734,2020,4094.0,0.0,0.9772870000000001,1.291244,LTU,IDN,830249
4425799,131,103,8734,2020,89551.0,0.0,1.197655,1.432727,LUX,IDN,830249
4425800,138,103,8734,2020,12502.0,7375.0,0.974514,0.563643,MEX,IDN,830249
4425801,151,103,8734,2020,0.0,3309.0,-0.048897,0.11543099999999999,MUS,IDN,830249
4425802,153,103,8734,2020,112745.0,18125.0,1.185223,0.573439,MYS,IDN,830249
4425803,162,103,8734,2020,58262.0,4008.0,1.035951,1.559401,NLD,IDN,830249
4425804,163,103,8734,2020,13776.0,1091.0,0.793459,0.369766,NOR,IDN,830249
4425805,166,103,8734,2020,0.0,4887.0,0.145567,0.070121,NZL,IDN,830249
4425806,168,103,8734,2020,0.0,4344.0,-0.52984,0.63654,PAK,IDN,830249
4425807,174,103,8734,2020,14154.0,0.0,0.755786,0.24693,PHL,IDN,830249
4425808,177,103,8734,2020,1101.0,2515.0,1.0227979999999999,1.4079139999999999,POL,IDN,830249
4425809,179,103,8734,2020,6201.0,1248.0,0.656999,2.1136470000000003,PRT,IDN,830249
4425810,183,103,8734,2020,0.0,1681.0,-0.028836,-1.0183950000000002,QAT,IDN,830249
4425811,186,103,8734,2020,0.0,3301.0,0.373882,0.42102700000000004,RUS,IDN,830249
4425812,192,103,8734,2020,1559526.0,89839.0,1.948379,0.610574,SGP,IDN,830249
4425813,206,103,8734,2020,5683.0,0.0,1.338026,0.825268,SVK,IDN,830249
4425814,207,103,8734,2020,11041.0,918.0,1.570699,0.8442459999999999,SVN,IDN,830249
4425815,208,103,8734,2020,60535.0,0.0,1.6911310000000002,0.791586,SWE,IDN,830249
4425816,216,103,8734,2020,84508.0,14539.0,1.035524,1.2777180000000001,THA,IDN,830249
4425817,224,103,8734,2020,16421.0,2147.0,0.590472,2.619866,TUR,IDN,830249
4425818,228,103,8734,2020,0.0,1841.0,0.383736,0.531328,UKR,IDN,830249
4425819,231,103,8734,2020,994700.0,156565.0,1.588148,0.380904,USA,IDN,830249
4425820,239,103,8734,2020,265211.0,24791.0,0.034229,0.89099,VNM,IDN,830249
4425821,249,103,8734,2020,378896.0,4794.0,2.0517060000000003,1.205431,TWN,IDN,830249
4425822,250,103,8734,2020,8097.0,0.0,0.866041,-0.371104,ANS,IDN,830249
4425823,2,104,8734,2020,0.0,6418.0,-1.7948709999999999,-1.199555,AGO,IND,830249
4425824,7,104,8734,2020,155798.0,546327.0,-0.118349,-0.789485,ARE,IND,830249
4425825,8,104,8734,2020,0.0,2814.0,-0.14746199999999998,0.039795,ARG,IND,830249
4425826,14,104,8734,2020,57550.0,99023.0,-0.32910500000000004,-0.232963,AUS,IND,830249
4425827,15,104,8734,2020,131844.0,36751.0,1.6711310000000001,0.059096,AUT,IND,830249
4425828,16,104,8734,2020,0.0,1153.0,-1.142366,-1.2529190000000001,AZE,IND,830249
4425829,18,104,8734,2020,44307.0,343900.0,1.204632,1.278346,BEL,IND,830249
4425830,21,104,8734,2020,0.0,1883.0,-0.7634310000000001,-0.938997,BFA,IND,830249
4425831,22,104,8734,2020,0.0,622971.0,-0.874451,-0.9031309999999999,BGD,IND,830249
4425832,24,104,8734,2020,4696.0,4677.0,0.379085,-0.634111,BHR,IND,830249
4425833,31,104,8734,2020,0.0,2619.0,-0.835558,-0.9611350000000001,BOL,IND,830249
4425834,32,104,8734,2020,1316.0,141023.0,0.054622000000000004,0.532291,BRA,IND,830249
4425835,35,104,8734,2020,0.0,24812.0,0.108769,-0.728705,BTN,IND,830249
4425836,39,104,8734,2020,63530.0,79937.0,0.609267,1.1890479999999999,CAN,IND,830249
4425837,41,104,8734,2020,28578.0,3377.0,2.184038,0.900965,CHE,IND,830249
4425838,42,104,8734,2020,0.0,71553.0,-0.307923,-0.565983,CHL,IND,830249
4425839,43,104,8734,2020,13214563.0,5884.0,1.187837,1.2237770000000001,CHN,IND,830249
4425840,45,104,8734,2020,0.0,2468.0,-1.379365,-1.177022,CMR,IND,830249
4425841,46,104,8734,2020,0.0,2813.0,-1.538455,-1.1857659999999999,COD,IND,830249
4425842,49,104,8734,2020,0.0,2132.0,0.115954,0.104558,COL,IND,830249
4425843,58,104,8734,2020,1101.0,1643.0,0.5354760000000001,-0.069753,CYP,IND,830249
4425844,59,104,8734,2020,42166.0,21393.0,1.716646,0.602441,CZE,IND,830249
4425845,61,104,8734,2020,1023610.0,1893988.0,2.027494,-2.3646689999999997,DEU,IND,830249
4425846,64,104,8734,2020,27610.0,39046.0,1.093217,1.2166549999999998,DNK,IND,830249
4425847,65,104,8734,2020,0.0,1162.0,0.06500299999999999,0.2812,DOM,IND,830249
4425848,66,104,8734,2020,0.0,1300.0,-1.015133,-1.243726,DZA,IND,830249
4425849,68,104,8734,2020,1877.0,1197.0,-0.186095,1.6414330000000001,EGY,IND,830249
4425850,71,104,8734,2020,61755.0,143207.0,0.736657,2.731661,ESP,IND,830249
4425851,72,104,8734,2020,1275.0,13811.0,1.012385,1.305015,EST,IND,830249
4425852,73,104,8734,2020,0.0,3412.0,-0.952033,-0.707262,ETH,IND,830249
4425853,74,104,8734,2020,1197.0,35753.0,1.498089,1.066223,FIN,IND,830249
4425854,77,104,8734,2020,1469814.0,583142.0,1.341275,0.8991870000000001,FRA,IND,830249
4425855,81,104,8734,2020,513659.0,3079888.0,1.6459,0.7702640000000001,GBR,IND,830249
4425856,83,104,8734,2020,0.0,7253.0,-0.973506,-0.9559139999999999,GHA,IND,830249
4425857,90,104,8734,2020,9579.0,0.0,0.199011,1.087811,GRC,IND,830249
4425858,96,104,8734,2020,0.0,19221.0,-0.5874159999999999,-0.8020189999999999,GUY,IND,830249
4425859,97,104,8734,2020,2168644.0,0.0,1.070483,1.183618,HKG,IND,830249
4425860,102,104,8734,2020,674316.0,27394.0,1.393152,0.878916,HUN,IND,830249
4425861,103,104,8734,2020,1248.0,15063.0,-0.16761700000000002,1.571009,IDN,IND,830249
4425862,106,104,8734,2020,1461.0,40250.0,1.337791,-0.20829699999999998,IRL,IND,830249
4425863,109,104,8734,2020,0.0,660.0,0.27161399999999997,-0.17819200000000002,ISL,IND,830249
4425864,110,104,8734,2020,17702.0,120115.0,1.487557,0.8370920000000001,ISR,IND,830249
4425865,111,104,8734,2020,292450.0,77582.0,1.299017,0.701797,ITA,IND,830249
4425866,113,104,8734,2020,0.0,2726.0,-0.060384,0.139902,JOR,IND,830249
4425867,114,104,8734,2020,675052.0,11801.0,2.405659,-0.38169000000000003,JPN,IND,830249
4425868,116,104,8734,2020,0.0,46951.0,-0.496446,0.562476,KEN,IND,830249
4425869,121,104,8734,2020,88682.0,58237.0,1.9703950000000001,0.800826,KOR,IND,830249
4425870,122,104,8734,2020,0.0,91894.0,-0.072977,-1.090017,KWT,IND,830249
4425871,124,104,8734,2020,0.0,8066.0,0.35459,1.067965,LBN,IND,830249
4425872,128,104,8734,2020,16594.0,513616.0,-0.48448599999999997,0.5495220000000001,LKA,IND,830249
4425873,130,104,8734,2020,3031.0,13942.0,0.9772870000000001,1.291244,LTU,IND,830249
4425874,131,104,8734,2020,94376.0,933.0,1.197655,1.432727,LUX,IND,830249
4425875,132,104,8734,2020,0.0,18971.0,0.712901,1.119907,LVA,IND,830249
4425876,134,104,8734,2020,0.0,9367.0,-0.5208510000000001,-0.080499,MAR,IND,830249
4425877,137,104,8734,2020,0.0,5223.0,-0.68914,-0.844514,MDV,IND,830249
4425878,138,104,8734,2020,71188.0,5767.0,0.974514,0.563643,MEX,IND,830249
4425879,142,104,8734,2020,0.0,13948.0,0.9159309999999999,0.24442199999999997,MLT,IND,830249
4425880,143,104,8734,2020,0.0,15055.0,-0.9993569999999999,-0.298647,MMR,IND,830249
4425881,144,104,8734,2020,0.0,937.0,0.355595,0.140822,MNE,IND,830249
4425882,147,104,8734,2020,0.0,121321.0,-1.1186040000000002,-0.974224,MOZ,IND,830249
4425883,151,104,8734,2020,0.0,15414.0,-0.048897,0.11543099999999999,MUS,IND,830249
4425884,152,104,8734,2020,0.0,32716.0,-1.122433,-1.106831,MWI,IND,830249
4425885,153,104,8734,2020,221726.0,35214.0,1.185223,0.573439,MYS,IND,830249
4425886,159,104,8734,2020,0.0,2822.0,-1.6399299999999999,-1.19536,NGA,IND,830249
4425887,162,104,8734,2020,220732.0,233985.0,1.035951,1.559401,NLD,IND,830249
4425888,163,104,8734,2020,12782.0,18917.0,0.793459,0.369766,NOR,IND,830249
4425889,164,104,8734,2020,0.0,3318385.0,-0.22803299999999999,0.25111,NPL,IND,830249
4425890,166,104,8734,2020,1993.0,7110.0,0.145567,0.070121,NZL,IND,830249
4425891,167,104,8734,2020,0.0,25449.0,-0.251371,-0.8775299999999999,OMN,IND,830249
4425892,173,104,8734,2020,0.0,14236.0,-0.717014,-0.152142,PER,IND,830249
4425893,174,104,8734,2020,5316.0,21719.0,0.755786,0.24693,PHL,IND,830249
4425894,177,104,8734,2020,8634.0,152842.0,1.0227979999999999,1.4079139999999999,POL,IND,830249
4425895,179,104,8734,2020,33941.0,129250.0,0.656999,2.1136470000000003,PRT,IND,830249
4425896,180,104,8734,2020,0.0,1384.0,-0.45920600000000006,-0.930341,PRY,IND,830249
4425897,182,104,8734,2020,0.0,701.0,0.640838,-0.11156300000000001,PYF,IND,830249
4425898,183,104,8734,2020,0.0,9306.0,-0.028836,-1.0183950000000002,QAT,IND,830249
4425899,185,104,8734,2020,5820.0,45476.0,1.13426,0.9767809999999999,ROU,IND,830249
4425900,186,104,8734,2020,1759.0,8554.0,0.373882,0.42102700000000004,RUS,IND,830249
4425901,188,104,8734,2020,5039.0,358390.0,0.662925,-0.21661999999999998,SAU,IND,830249
4425902,191,104,8734,2020,0.0,15319.0,-0.634185,-0.398728,SEN,IND,830249
4425903,192,104,8734,2020,968138.0,141482.0,1.948379,0.610574,SGP,IND,830249
4425904,201,104,8734,2020,0.0,1370.0,0.5868399999999999,1.1187120000000002,SRB,IND,830249
4425905,206,104,8734,2020,9607.0,30391.0,1.338026,0.825268,SVK,IND,830249
4425906,207,104,8734,2020,0.0,5921.0,1.570699,0.8442459999999999,SVN,IND,830249
4425907,208,104,8734,2020,36864.0,130915.0,1.6911310000000002,0.791586,SWE,IND,830249
4425908,209,104,8734,2020,1111.0,3620.0,0.289013,-0.556212,SWZ,IND,830249
4425909,211,104,8734,2020,0.0,9303.0,0.185747,-0.695441,SYC,IND,830249
4425910,216,104,8734,2020,157740.0,205607.0,1.035524,1.2777180000000001,THA,IND,830249
4425911,224,104,8734,2020,31535.0,201284.0,0.590472,2.619866,TUR,IND,830249
4425912,226,104,8734,2020,0.0,41687.0,-1.024,-0.023909,TZA,IND,830249
4425913,227,104,8734,2020,0.0,9838.0,-0.55156,-0.019136,UGA,IND,830249
4425914,228,104,8734,2020,22563.0,228221.0,0.383736,0.531328,UKR,IND,830249
4425915,230,104,8734,2020,0.0,2435.0,-0.127375,-0.449032,URY,IND,830249
4425916,231,104,8734,2020,5498428.0,8114204.0,1.588148,0.380904,USA,IND,830249
4425917,232,104,8734,2020,0.0,1149.0,-0.309411,0.071414,UZB,IND,830249
4425918,239,104,8734,2020,37252.0,56065.0,0.034229,0.89099,VNM,IND,830249
4425919,243,104,8734,2020,0.0,5692.0,-1.130952,-1.137774,YEM,IND,830249
4425920,246,104,8734,2020,18255.0,8831.0,0.042099,0.923931,ZAF,IND,830249
4425921,247,104,8734,2020,0.0,11544.0,-0.9162379999999999,-0.9523940000000001,ZMB,IND,830249
4425922,248,104,8734,2020,0.0,28234.0,-1.039532,-1.12853,ZWE,IND,830249
4425923,249,104,8734,2020,236054.0,1877.0,2.0517060000000003,1.205431,TWN,IND,830249
4425924,14,106,8734,2020,18160.0,22213.0,-0.32910500000000004,-0.232963,AUS,IRL,830249
4425925,15,106,8734,2020,10884.0,14451.0,1.6711310000000001,0.059096,AUT,IRL,830249
4425926,16,106,8734,2020,0.0,14161.0,-1.142366,-1.2529190000000001,AZE,IRL,830249
4425927,18,106,8734,2020,80226.0,1135.0,1.204632,1.278346,BEL,IRL,830249
4425928,32,106,8734,2020,0.0,16544.0,0.054622000000000004,0.532291,BRA,IRL,830249
4425929,39,106,8734,2020,27816.0,36465.0,0.609267,1.1890479999999999,CAN,IRL,830249
4425930,41,106,8734,2020,5244.0,3273.0,2.184038,0.900965,CHE,IRL,830249
4425931,43,106,8734,2020,1069624.0,22872.0,1.187837,1.2237770000000001,CHN,IRL,830249
4425932,59,106,8734,2020,9146.0,4267.0,1.716646,0.602441,CZE,IRL,830249
4425933,61,106,8734,2020,626844.0,487343.0,2.027494,-2.3646689999999997,DEU,IRL,830249
4425934,64,106,8734,2020,20542.0,6604.0,1.093217,1.2166549999999998,DNK,IRL,830249
4425935,71,106,8734,2020,69872.0,10068.0,0.736657,2.731661,ESP,IRL,830249
4425936,72,106,8734,2020,3866.0,1276.0,1.012385,1.305015,EST,IRL,830249
4425937,74,106,8734,2020,0.0,2938.0,1.498089,1.066223,FIN,IRL,830249
4425938,77,106,8734,2020,395434.0,9077.0,1.341275,0.8991870000000001,FRA,IRL,830249
4425939,81,106,8734,2020,4909945.0,1513843.0,1.6459,0.7702640000000001,GBR,IRL,830249
4425940,97,106,8734,2020,281380.0,0.0,1.070483,1.183618,HKG,IRL,830249
4425941,102,106,8734,2020,10516.0,0.0,1.393152,0.878916,HUN,IRL,830249
4425942,103,106,8734,2020,0.0,1313.0,-0.16761700000000002,1.571009,IDN,IRL,830249
4425943,104,106,8734,2020,40250.0,1461.0,0.464674,2.838779,IND,IRL,830249
4425944,109,106,8734,2020,0.0,1332.0,0.27161399999999997,-0.17819200000000002,ISL,IRL,830249
4425945,110,106,8734,2020,80392.0,185168.0,1.487557,0.8370920000000001,ISR,IRL,830249
4425946,111,106,8734,2020,260282.0,0.0,1.299017,0.701797,ITA,IRL,830249
4425947,114,106,8734,2020,7543.0,12036.0,2.405659,-0.38169000000000003,JPN,IRL,830249
4425948,115,106,8734,2020,0.0,529.0,-0.48361899999999997,-0.626675,KAZ,IRL,830249
4425949,116,106,8734,2020,0.0,13961.0,-0.496446,0.562476,KEN,IRL,830249
4425950,121,106,8734,2020,0.0,7835.0,1.9703950000000001,0.800826,KOR,IRL,830249
4425951,130,106,8734,2020,4755.0,971.0,0.9772870000000001,1.291244,LTU,IRL,830249
4425952,132,106,8734,2020,4728.0,0.0,0.712901,1.119907,LVA,IRL,830249
4425953,138,106,8734,2020,5346.0,12037.0,0.974514,0.563643,MEX,IRL,830249
4425954,147,106,8734,2020,0.0,1050.0,-1.1186040000000002,-0.974224,MOZ,IRL,830249
4425955,153,106,8734,2020,2761.0,23843.0,1.185223,0.573439,MYS,IRL,830249
4425956,162,106,8734,2020,349134.0,24913.0,1.035951,1.559401,NLD,IRL,830249
4425957,163,106,8734,2020,10613.0,12329.0,0.793459,0.369766,NOR,IRL,830249
4425958,168,106,8734,2020,1502.0,0.0,-0.52984,0.63654,PAK,IRL,830249
4425959,174,106,8734,2020,2711.0,0.0,0.755786,0.24693,PHL,IRL,830249
4425960,177,106,8734,2020,44404.0,13833.0,1.0227979999999999,1.4079139999999999,POL,IRL,830249
4425961,179,106,8734,2020,20301.0,1113.0,0.656999,2.1136470000000003,PRT,IRL,830249
4425962,192,106,8734,2020,5758.0,69943.0,1.948379,0.610574,SGP,IRL,830249
4425963,201,106,8734,2020,3628.0,0.0,0.5868399999999999,1.1187120000000002,SRB,IRL,830249
4425964,206,106,8734,2020,27942.0,1218.0,1.338026,0.825268,SVK,IRL,830249
4425965,207,106,8734,2020,3251.0,0.0,1.570699,0.8442459999999999,SVN,IRL,830249
4425966,208,106,8734,2020,68729.0,7511.0,1.6911310000000002,0.791586,SWE,IRL,830249
4425967,216,106,8734,2020,16188.0,0.0,1.035524,1.2777180000000001,THA,IRL,830249
4425968,224,106,8734,2020,22042.0,4564.0,0.590472,2.619866,TUR,IRL,830249
4425969,228,106,8734,2020,0.0,8079.0,0.383736,0.531328,UKR,IRL,830249
4425970,231,106,8734,2020,1376960.0,283774.0,1.588148,0.380904,USA,IRL,830249
4425971,239,106,8734,2020,5862.0,0.0,0.034229,0.89099,VNM,IRL,830249
4425972,246,106,8734,2020,0.0,4535.0,0.042099,0.923931,ZAF,IRL,830249
4425973,249,106,8734,2020,36591.0,0.0,2.0517060000000003,1.205431,TWN,IRL,830249
4425974,250,106,8734,2020,40043.0,0.0,0.866041,-0.371104,ANS,IRL,830249
4425975,8,110,8734,2020,0.0,10620.0,-0.14746199999999998,0.039795,ARG,ISR,830249
4425976,14,110,8734,2020,32319.0,41075.0,-0.32910500000000004,-0.232963,AUS,ISR,830249
4425977,15,110,8734,2020,13433.0,6404.0,1.6711310000000001,0.059096,AUT,ISR,830249
4425978,18,110,8734,2020,39023.0,126856.0,1.204632,1.278346,BEL,ISR,830249
4425979,23,110,8734,2020,1745.0,30202.0,0.6328520000000001,1.8517009999999998,BGR,ISR,830249
4425980,28,110,8734,2020,27836.0,0.0,0.858776,1.085652,BLR,ISR,830249
4425981,32,110,8734,2020,2891.0,3504.0,0.054622000000000004,0.532291,BRA,ISR,830249
4425982,39,110,8734,2020,12158.0,427645.0,0.609267,1.1890479999999999,CAN,ISR,830249
4425983,41,110,8734,2020,31743.0,14446.0,2.184038,0.900965,CHE,ISR,830249
4425984,42,110,8734,2020,0.0,17516.0,-0.307923,-0.565983,CHL,ISR,830249
4425985,43,110,8734,2020,11265031.0,132351.0,1.187837,1.2237770000000001,CHN,ISR,830249
4425986,49,110,8734,2020,6578.0,7042.0,0.115954,0.104558,COL,ISR,830249
4425987,52,110,8734,2020,2510.0,929.0,0.303849,-0.114494,CRI,ISR,830249
4425988,58,110,8734,2020,138508.0,5055.0,0.5354760000000001,-0.069753,CYP,ISR,830249
4425989,59,110,8734,2020,158853.0,52910.0,1.716646,0.602441,CZE,ISR,830249
4425990,61,110,8734,2020,13261126.0,257374.0,2.027494,-2.3646689999999997,DEU,ISR,830249
4425991,64,110,8734,2020,11905.0,4288.0,1.093217,1.2166549999999998,DNK,ISR,830249
4425992,68,110,8734,2020,18761.0,0.0,-0.186095,1.6414330000000001,EGY,ISR,830249
4425993,71,110,8734,2020,103269.0,12599.0,0.736657,2.731661,ESP,ISR,830249
4425994,72,110,8734,2020,8053.0,4361.0,1.012385,1.305015,EST,ISR,830249
4425995,73,110,8734,2020,0.0,6077.0,-0.952033,-0.707262,ETH,ISR,830249
4425996,74,110,8734,2020,58841.0,1858.0,1.498089,1.066223,FIN,ISR,830249
4425997,77,110,8734,2020,147986.0,63925.0,1.341275,0.8991870000000001,FRA,ISR,830249
4425998,81,110,8734,2020,252033.0,82171.0,1.6459,0.7702640000000001,GBR,ISR,830249
4425999,82,110,8734,2020,6679.0,1730.0,-0.199775,-0.38684,GEO,ISR,830249
4426000,83,110,8734,2020,0.0,108000.0,-0.973506,-0.9559139999999999,GHA,ISR,830249
4426001,90,110,8734,2020,40693.0,49086.0,0.199011,1.087811,GRC,ISR,830249
4426002,97,110,8734,2020,2979686.0,10313.0,1.070483,1.183618,HKG,ISR,830249
4426003,100,110,8734,2020,914.0,0.0,0.876001,1.250877,HRV,ISR,830249
4426004,102,110,8734,2020,13894.0,64061.0,1.393152,0.878916,HUN,ISR,830249
4426005,103,110,8734,2020,958.0,0.0,-0.16761700000000002,1.571009,IDN,ISR,830249
4426006,104,110,8734,2020,120115.0,17702.0,0.464674,2.838779,IND,ISR,830249
4426007,106,110,8734,2020,185168.0,80392.0,1.337791,-0.20829699999999998,IRL,ISR,830249
4426008,111,110,8734,2020,2004344.0,195943.0,1.299017,0.701797,ITA,ISR,830249
4426009,114,110,8734,2020,55791.0,36086.0,2.405659,-0.38169000000000003,JPN,ISR,830249
4426010,116,110,8734,2020,0.0,30465.0,-0.496446,0.562476,KEN,ISR,830249
4426011,121,110,8734,2020,14080.0,521587.0,1.9703950000000001,0.800826,KOR,ISR,830249
4426012,128,110,8734,2020,0.0,6359.0,-0.48448599999999997,0.5495220000000001,LKA,ISR,830249
4426013,130,110,8734,2020,8036.0,0.0,0.9772870000000001,1.291244,LTU,ISR,830249
4426014,131,110,8734,2020,1214.0,0.0,1.197655,1.432727,LUX,ISR,830249
4426015,132,110,8734,2020,19688.0,948.0,0.712901,1.119907,LVA,ISR,830249
4426016,138,110,8734,2020,5490.0,1113286.0,0.974514,0.563643,MEX,ISR,830249
4426017,142,110,8734,2020,0.0,16353.0,0.9159309999999999,0.24442199999999997,MLT,ISR,830249
4426018,151,110,8734,2020,0.0,18654.0,-0.048897,0.11543099999999999,MUS,ISR,830249
4426019,153,110,8734,2020,14419.0,0.0,1.185223,0.573439,MYS,ISR,830249
4426020,162,110,8734,2020,246821.0,154405.0,1.035951,1.559401,NLD,ISR,830249
4426021,163,110,8734,2020,9465.0,3872.0,0.793459,0.369766,NOR,ISR,830249
4426022,166,110,8734,2020,0.0,7125.0,0.145567,0.070121,NZL,ISR,830249
4426023,173,110,8734,2020,0.0,9861.0,-0.717014,-0.152142,PER,ISR,830249
4426024,174,110,8734,2020,24244.0,132002.0,0.755786,0.24693,PHL,ISR,830249
4426025,176,110,8734,2020,0.0,3000.0,-1.526134,-1.191965,PNG,ISR,830249
4426026,177,110,8734,2020,43076.0,35162.0,1.0227979999999999,1.4079139999999999,POL,ISR,830249
4426027,179,110,8734,2020,125599.0,2095.0,0.656999,2.1136470000000003,PRT,ISR,830249
4426028,180,110,8734,2020,0.0,2366.0,-0.45920600000000006,-0.930341,PRY,ISR,830249
4426029,185,110,8734,2020,1145144.0,54612.0,1.13426,0.9767809999999999,ROU,ISR,830249
4426030,186,110,8734,2020,102583.0,23587.0,0.373882,0.42102700000000004,RUS,ISR,830249
4426031,192,110,8734,2020,72418.0,80449.0,1.948379,0.610574,SGP,ISR,830249
4426032,201,110,8734,2020,1627.0,0.0,0.5868399999999999,1.1187120000000002,SRB,ISR,830249
4426033,206,110,8734,2020,7682.0,18125.0,1.338026,0.825268,SVK,ISR,830249
4426034,207,110,8734,2020,13919.0,23707.0,1.570699,0.8442459999999999,SVN,ISR,830249
4426035,208,110,8734,2020,19813.0,447548.0,1.6911310000000002,0.791586,SWE,ISR,830249
4426036,216,110,8734,2020,12790.0,4807.0,1.035524,1.2777180000000001,THA,ISR,830249
4426037,224,110,8734,2020,334174.0,17655.0,0.590472,2.619866,TUR,ISR,830249
4426038,228,110,8734,2020,2043.0,3851.0,0.383736,0.531328,UKR,ISR,830249
4426039,231,110,8734,2020,3963718.0,6363180.0,1.588148,0.380904,USA,ISR,830249
4426040,239,110,8734,2020,8580.0,0.0,0.034229,0.89099,VNM,ISR,830249
4426041,246,110,8734,2020,2294.0,13834.0,0.042099,0.923931,ZAF,ISR,830249
4426042,249,110,8734,2020,721443.0,31534.0,2.0517060000000003,1.205431,TWN,ISR,830249
4426043,250,110,8734,2020,38960.0,40000.0,0.866041,-0.371104,ANS,ISR,830249
4426044,4,111,8734,2020,7167396.0,7298732.0,-0.265229,0.059049000000000004,ALB,ITA,830249
4426045,7,111,8734,2020,19470.0,1344429.0,-0.118349,-0.789485,ARE,ITA,830249
4426046,8,111,8734,2020,0.0,102425.0,-0.14746199999999998,0.039795,ARG,ITA,830249
4426047,9,111,8734,2020,0.0,21681.0,-0.129502,-0.671068,ARM,ITA,830249
4426048,14,111,8734,2020,63734.0,683402.0,-0.32910500000000004,-0.232963,AUS,ITA,830249
4426049,15,111,8734,2020,395257.0,1680339.0,1.6711310000000001,0.059096,AUT,ITA,830249
4426050,16,111,8734,2020,0.0,15781.0,-1.142366,-1.2529190000000001,AZE,ITA,830249
4426051,17,111,8734,2020,0.0,678.0,-0.748203,-0.874817,BDI,ITA,830249
4426052,18,111,8734,2020,714796.0,3499924.0,1.204632,1.278346,BEL,ITA,830249
4426053,21,111,8734,2020,0.0,733.0,-0.7634310000000001,-0.938997,BFA,ITA,830249
4426054,23,111,8734,2020,507173.0,744353.0,0.6328520000000001,1.8517009999999998,BGR,ITA,830249
4426055,24,111,8734,2020,0.0,62636.0,0.379085,-0.634111,BHR,ITA,830249
4426056,26,111,8734,2020,9323.0,460485.0,0.5449470000000001,0.91781,BIH,ITA,830249
4426057,28,111,8734,2020,0.0,241159.0,0.858776,1.085652,BLR,ITA,830249
4426058,30,111,8734,2020,0.0,1339.0,0.6924859999999999,-0.623079,BMU,ITA,830249
4426059,31,111,8734,2020,0.0,109551.0,-0.835558,-0.9611350000000001,BOL,ITA,830249
4426060,32,111,8734,2020,1038.0,407649.0,0.054622000000000004,0.532291,BRA,ITA,830249
4426061,34,111,8734,2020,0.0,1986.0,0.432569,-0.8083779999999999,BRN,ITA,830249
4426062,39,111,8734,2020,357676.0,1233877.0,0.609267,1.1890479999999999,CAN,ITA,830249
4426063,41,111,8734,2020,796134.0,4335158.0,2.184038,0.900965,CHE,ITA,830249
4426064,42,111,8734,2020,0.0,257759.0,-0.307923,-0.565983,CHL,ITA,830249
4426065,43,111,8734,2020,7941070.0,1777886.0,1.187837,1.2237770000000001,CHN,ITA,830249
4426066,44,111,8734,2020,0.0,4073.0,-1.2299200000000001,-1.095777,CIV,ITA,830249
4426067,45,111,8734,2020,0.0,17873.0,-1.379365,-1.177022,CMR,ITA,830249
4426068,46,111,8734,2020,0.0,4949.0,-1.538455,-1.1857659999999999,COD,ITA,830249
4426069,49,111,8734,2020,0.0,113573.0,0.115954,0.104558,COL,ITA,830249
4426070,51,111,8734,2020,0.0,1599.0,-0.235719,-0.746113,CPV,ITA,830249
4426071,52,111,8734,2020,0.0,165266.0,0.303849,-0.114494,CRI,ITA,830249
4426072,54,111,8734,2020,0.0,52598.0,-1.171456,-1.224365,CUB,ITA,830249
4426073,58,111,8734,2020,0.0,370622.0,0.5354760000000001,-0.069753,CYP,ITA,830249
4426074,59,111,8734,2020,361021.0,2345823.0,1.716646,0.602441,CZE,ITA,830249
4426075,61,111,8734,2020,16951130.0,17718162.0,2.027494,-2.3646689999999997,DEU,ITA,830249
4426076,64,111,8734,2020,34874.0,1296629.0,1.093217,1.2166549999999998,DNK,ITA,830249
4426077,65,111,8734,2020,0.0,53666.0,0.06500299999999999,0.2812,DOM,ITA,830249
4426078,66,111,8734,2020,0.0,147103.0,-1.015133,-1.243726,DZA,ITA,830249
4426079,67,111,8734,2020,0.0,59053.0,-1.074185,-1.084344,ECU,ITA,830249
4426080,68,111,8734,2020,0.0,749719.0,-0.186095,1.6414330000000001,EGY,ITA,830249
4426081,71,111,8734,2020,1988038.0,8782980.0,0.736657,2.731661,ESP,ITA,830249
4426082,72,111,8734,2020,0.0,499332.0,1.012385,1.305015,EST,ITA,830249
4426083,73,111,8734,2020,0.0,16024.0,-0.952033,-0.707262,ETH,ITA,830249
4426084,74,111,8734,2020,4390.0,557035.0,1.498089,1.066223,FIN,ITA,830249
4426085,77,111,8734,2020,2194153.0,16490094.0,1.341275,0.8991870000000001,FRA,ITA,830249
4426086,80,111,8734,2020,0.0,5093.0,-1.6422990000000002,-1.207249,GAB,ITA,830249
4426087,81,111,8734,2020,1903458.0,4371096.0,1.6459,0.7702640000000001,GBR,ITA,830249
4426088,82,111,8734,2020,0.0,2583.0,-0.199775,-0.38684,GEO,ITA,830249
4426089,83,111,8734,2020,0.0,84589.0,-0.973506,-0.9559139999999999,GHA,ITA,830249
4426090,85,111,8734,2020,0.0,1680.0,-1.841029,-1.233167,GIN,ITA,830249
4426091,90,111,8734,2020,303122.0,851029.0,0.199011,1.087811,GRC,ITA,830249
4426092,91,111,8734,2020,0.0,3824.0,0.285169,-0.284221,GRD,ITA,830249
4426093,93,111,8734,2020,0.0,59892.0,-0.32240100000000005,0.542048,GTM,ITA,830249
4426094,96,111,8734,2020,0.0,1969.0,-0.5874159999999999,-0.8020189999999999,GUY,ITA,830249
4426095,97,111,8734,2020,21607.0,708854.0,1.070483,1.183618,HKG,ITA,830249
4426096,99,111,8734,2020,0.0,30834.0,-0.583329,-0.404227,HND,ITA,830249
4426097,100,111,8734,2020,658791.0,1130263.0,0.876001,1.250877,HRV,ITA,830249
4426098,102,111,8734,2020,74515.0,4420732.0,1.393152,0.878916,HUN,ITA,830249
4426099,103,111,8734,2020,4091.0,124051.0,-0.16761700000000002,1.571009,IDN,ITA,830249
4426100,104,111,8734,2020,77582.0,292450.0,0.464674,2.838779,IND,ITA,830249
4426101,106,111,8734,2020,0.0,260282.0,1.337791,-0.20829699999999998,IRL,ITA,830249
4426102,108,111,8734,2020,0.0,133591.0,-1.087158,-0.9546389999999999,IRQ,ITA,830249
4426103,109,111,8734,2020,0.0,111717.0,0.27161399999999997,-0.17819200000000002,ISL,ITA,830249
4426104,110,111,8734,2020,195943.0,2004344.0,1.487557,0.8370920000000001,ISR,ITA,830249
4426105,112,111,8734,2020,0.0,5392.0,-0.21953000000000003,-0.6944899999999999,JAM,ITA,830249
4426106,113,111,8734,2020,0.0,72189.0,-0.060384,0.139902,JOR,ITA,830249
4426107,114,111,8734,2020,159096.0,457695.0,2.405659,-0.38169000000000003,JPN,ITA,830249
4426108,115,111,8734,2020,0.0,45876.0,-0.48361899999999997,-0.626675,KAZ,ITA,830249
4426109,116,111,8734,2020,0.0,61432.0,-0.496446,0.562476,KEN,ITA,830249
4426110,118,111,8734,2020,0.0,3008.0,-0.602562,-0.505135,KHM,ITA,830249
4426111,121,111,8734,2020,18349.0,294955.0,1.9703950000000001,0.800826,KOR,ITA,830249
4426112,122,111,8734,2020,0.0,231903.0,-0.072977,-1.090017,KWT,ITA,830249
4426113,124,111,8734,2020,10315.0,376130.0,0.35459,1.067965,LBN,ITA,830249
4426114,126,111,8734,2020,0.0,3032.0,-1.0431840000000001,-1.187957,LBY,ITA,830249
4426115,128,111,8734,2020,0.0,24626.0,-0.48448599999999997,0.5495220000000001,LKA,ITA,830249
4426116,130,111,8734,2020,4822.0,351243.0,0.9772870000000001,1.291244,LTU,ITA,830249
4426117,131,111,8734,2020,0.0,95166.0,1.197655,1.432727,LUX,ITA,830249
4426118,132,111,8734,2020,46023.0,285529.0,0.712901,1.119907,LVA,ITA,830249
4426119,133,111,8734,2020,0.0,78512.0,0.464354,0.020065,MAC,ITA,830249
4426120,134,111,8734,2020,5311.0,529466.0,-0.5208510000000001,-0.080499,MAR,ITA,830249
4426121,135,111,8734,2020,5077.0,53881.0,-0.06779199999999999,-0.240851,MDA,ITA,830249
4426122,136,111,8734,2020,0.0,1979.0,-1.206503,-0.709465,MDG,ITA,830249
4426123,137,111,8734,2020,0.0,10300.0,-0.68914,-0.844514,MDV,ITA,830249
4426124,138,111,8734,2020,46406.0,403098.0,0.974514,0.563643,MEX,ITA,830249
4426125,140,111,8734,2020,0.0,31891.0,0.147947,-0.11116500000000001,MKD,ITA,830249
4426126,142,111,8734,2020,0.0,290852.0,0.9159309999999999,0.24442199999999997,MLT,ITA,830249
4426127,143,111,8734,2020,0.0,2488.0,-0.9993569999999999,-0.298647,MMR,ITA,830249
4426128,144,111,8734,2020,0.0,268119.0,0.355595,0.140822,MNE,ITA,830249
4426129,145,111,8734,2020,0.0,9448.0,-1.011938,-1.127569,MNG,ITA,830249
4426130,147,111,8734,2020,0.0,1669.0,-1.1186040000000002,-0.974224,MOZ,ITA,830249
4426131,151,111,8734,2020,0.0,11404.0,-0.048897,0.11543099999999999,MUS,ITA,830249
4426132,153,111,8734,2020,11618.0,136635.0,1.185223,0.573439,MYS,ITA,830249
4426133,156,111,8734,2020,0.0,31946.0,-0.666664,-0.88528,NCL,ITA,830249
4426134,157,111,8734,2020,0.0,1133.0,-0.62888,-0.841089,NER,ITA,830249
4426135,159,111,8734,2020,0.0,56753.0,-1.6399299999999999,-1.19536,NGA,ITA,830249
4426136,162,111,8734,2020,1405982.0,8844896.0,1.035951,1.559401,NLD,ITA,830249
4426137,163,111,8734,2020,22892.0,282861.0,0.793459,0.369766,NOR,ITA,830249
4426138,166,111,8734,2020,14698.0,376156.0,0.145567,0.070121,NZL,ITA,830249
4426139,167,111,8734,2020,0.0,171421.0,-0.251371,-0.8775299999999999,OMN,ITA,830249
4426140,168,111,8734,2020,68249.0,42084.0,-0.52984,0.63654,PAK,ITA,830249
4426141,169,111,8734,2020,0.0,55070.0,0.590821,0.786784,PAN,ITA,830249
4426142,173,111,8734,2020,0.0,92149.0,-0.717014,-0.152142,PER,ITA,830249
4426143,174,111,8734,2020,0.0,30707.0,0.755786,0.24693,PHL,ITA,830249
4426144,177,111,8734,2020,768630.0,5232265.0,1.0227979999999999,1.4079139999999999,POL,ITA,830249
4426145,179,111,8734,2020,435188.0,827964.0,0.656999,2.1136470000000003,PRT,ITA,830249
4426146,180,111,8734,2020,0.0,46858.0,-0.45920600000000006,-0.930341,PRY,ITA,830249
4426147,181,111,8734,2020,0.0,21524.0,0.162235,0.828319,PSE,ITA,830249
4426148,182,111,8734,2020,0.0,33282.0,0.640838,-0.11156300000000001,PYF,ITA,830249
4426149,183,111,8734,2020,0.0,139975.0,-0.028836,-1.0183950000000002,QAT,ITA,830249
4426150,185,111,8734,2020,1905386.0,3556073.0,1.13426,0.9767809999999999,ROU,ITA,830249
4426151,186,111,8734,2020,41435.0,2097836.0,0.373882,0.42102700000000004,RUS,ITA,830249
4426152,188,111,8734,2020,0.0,2968888.0,0.662925,-0.21661999999999998,SAU,ITA,830249
4426153,191,111,8734,2020,0.0,25919.0,-0.634185,-0.398728,SEN,ITA,830249
4426154,192,111,8734,2020,47104.0,165183.0,1.948379,0.610574,SGP,ITA,830249
4426155,197,111,8734,2020,0.0,14548.0,-0.003327,0.18823399999999998,SLV,ITA,830249
4426156,201,111,8734,2020,216027.0,2532337.0,0.5868399999999999,1.1187120000000002,SRB,ITA,830249
4426157,206,111,8734,2020,5323.0,597690.0,1.338026,0.825268,SVK,ITA,830249
4426158,207,111,8734,2020,1241956.0,919905.0,1.570699,0.8442459999999999,SVN,ITA,830249
4426159,208,111,8734,2020,166556.0,459673.0,1.6911310000000002,0.791586,SWE,ITA,830249
4426160,211,111,8734,2020,0.0,22407.0,0.185747,-0.695441,SYC,ITA,830249
4426161,212,111,8734,2020,0.0,6291.0,-0.579237,0.391392,SYR,ITA,830249
4426162,215,111,8734,2020,0.0,2347.0,-0.719535,-0.746202,TGO,ITA,830249
4426163,216,111,8734,2020,107407.0,238627.0,1.035524,1.2777180000000001,THA,ITA,830249
4426164,217,111,8734,2020,0.0,82827.0,-0.73744,-1.0706950000000002,TJK,ITA,830249
4426165,223,111,8734,2020,334498.0,1013337.0,0.220298,0.454477,TUN,ITA,830249
4426166,224,111,8734,2020,326121.0,1219686.0,0.590472,2.619866,TUR,ITA,830249
4426167,226,111,8734,2020,0.0,2507.0,-1.024,-0.023909,TZA,ITA,830249
4426168,227,111,8734,2020,0.0,2824.0,-0.55156,-0.019136,UGA,ITA,830249
4426169,228,111,8734,2020,48940.0,425826.0,0.383736,0.531328,UKR,ITA,830249
4426170,230,111,8734,2020,0.0,9213.0,-0.127375,-0.449032,URY,ITA,830249
4426171,231,111,8734,2020,8278386.0,14584153.0,1.588148,0.380904,USA,ITA,830249
4426172,232,111,8734,2020,0.0,20207.0,-0.309411,0.071414,UZB,ITA,830249
4426173,236,111,8734,2020,0.0,15681.0,-1.058537,-1.178218,VEN,ITA,830249
4426174,239,111,8734,2020,569037.0,281114.0,0.034229,0.89099,VNM,ITA,830249
4426175,246,111,8734,2020,0.0,250194.0,0.042099,0.923931,ZAF,ITA,830249
4426176,249,111,8734,2020,529132.0,155897.0,2.0517060000000003,1.205431,TWN,ITA,830249
4426177,250,111,8734,2020,0.0,50105.0,0.866041,-0.371104,ANS,ITA,830249
4426178,8,112,8734,2020,1350.0,0.0,-0.14746199999999998,0.039795,ARG,JAM,830249
4426179,33,112,8734,2020,2504.0,0.0,0.666435,0.060089,BRB,JAM,830249
4426180,39,112,8734,2020,19802.0,0.0,0.609267,1.1890479999999999,CAN,JAM,830249
4426181,43,112,8734,2020,58005.0,0.0,1.187837,1.2237770000000001,CHN,JAM,830249
4426182,52,112,8734,2020,3587.0,0.0,0.303849,-0.114494,CRI,JAM,830249
4426183,61,112,8734,2020,7982.0,0.0,2.027494,-2.3646689999999997,DEU,JAM,830249
4426184,71,112,8734,2020,44106.0,0.0,0.736657,2.731661,ESP,JAM,830249
4426185,81,112,8734,2020,109159.0,0.0,1.6459,0.7702640000000001,GBR,JAM,830249
4426186,91,112,8734,2020,0.0,1202.0,0.285169,-0.284221,GRD,JAM,830249
4426187,96,112,8734,2020,3502.0,0.0,-0.5874159999999999,-0.8020189999999999,GUY,JAM,830249
4426188,97,112,8734,2020,52083.0,0.0,1.070483,1.183618,HKG,JAM,830249
4426189,111,112,8734,2020,5392.0,0.0,1.299017,0.701797,ITA,JAM,830249
4426190,127,112,8734,2020,0.0,4871.0,0.044785000000000005,-0.59519,LCA,JAM,830249
4426191,138,112,8734,2020,4259.0,0.0,0.974514,0.563643,MEX,JAM,830249
4426192,162,112,8734,2020,7385.0,0.0,1.035951,1.559401,NLD,JAM,830249
4426193,166,112,8734,2020,1680.0,0.0,0.145567,0.070121,NZL,JAM,830249
4426194,169,112,8734,2020,59025.0,0.0,0.590821,0.786784,PAN,JAM,830249
4426195,222,112,8734,2020,1242.0,0.0,0.156566,-0.653656,TTO,JAM,830249
4426196,231,112,8734,2020,339235.0,3879.0,1.588148,0.380904,USA,JAM,830249
4426197,249,112,8734,2020,2001.0,0.0,2.0517060000000003,1.205431,TWN,JAM,830249
4426198,7,113,8734,2020,175286.0,0.0,-0.118349,-0.789485,ARE,JOR,830249
4426199,18,113,8734,2020,2213.0,0.0,1.204632,1.278346,BEL,JOR,830249
4426200,43,113,8734,2020,335608.0,0.0,1.187837,1.2237770000000001,CHN,JOR,830249
4426201,59,113,8734,2020,13298.0,0.0,1.716646,0.602441,CZE,JOR,830249
4426202,61,113,8734,2020,77793.0,66087.0,2.027494,-2.3646689999999997,DEU,JOR,830249
4426203,64,113,8734,2020,840.0,0.0,1.093217,1.2166549999999998,DNK,JOR,830249
4426204,68,113,8734,2020,14575.0,0.0,-0.186095,1.6414330000000001,EGY,JOR,830249
4426205,71,113,8734,2020,2408.0,0.0,0.736657,2.731661,ESP,JOR,830249
4426206,77,113,8734,2020,173202.0,0.0,1.341275,0.8991870000000001,FRA,JOR,830249
4426207,81,113,8734,2020,61681.0,8340.0,1.6459,0.7702640000000001,GBR,JOR,830249
4426208,90,113,8734,2020,41485.0,0.0,0.199011,1.087811,GRC,JOR,830249
4426209,104,113,8734,2020,2726.0,0.0,0.464674,2.838779,IND,JOR,830249
4426210,111,113,8734,2020,72189.0,0.0,1.299017,0.701797,ITA,JOR,830249
4426211,121,113,8734,2020,5328.0,0.0,1.9703950000000001,0.800826,KOR,JOR,830249
4426212,162,113,8734,2020,14440.0,0.0,1.035951,1.559401,NLD,JOR,830249
4426213,179,113,8734,2020,1411.0,0.0,0.656999,2.1136470000000003,PRT,JOR,830249
4426214,181,113,8734,2020,0.0,14561.0,0.162235,0.828319,PSE,JOR,830249
4426215,192,113,8734,2020,1188.0,0.0,1.948379,0.610574,SGP,JOR,830249
4426216,224,113,8734,2020,127696.0,0.0,0.590472,2.619866,TUR,JOR,830249
4426217,228,113,8734,2020,966.0,0.0,0.383736,0.531328,UKR,JOR,830249
4426218,231,113,8734,2020,312981.0,0.0,1.588148,0.380904,USA,JOR,830249
4426219,249,113,8734,2020,34178.0,0.0,2.0517060000000003,1.205431,TWN,JOR,830249
4426220,7,114,8734,2020,47084.0,182460.0,-0.118349,-0.789485,ARE,JPN,830249
4426221,8,114,8734,2020,0.0,17989.0,-0.14746199999999998,0.039795,ARG,JPN,830249
4426222,14,114,8734,2020,22406.0,353143.0,-0.32910500000000004,-0.232963,AUS,JPN,830249
4426223,15,114,8734,2020,31196.0,22170.0,1.6711310000000001,0.059096,AUT,JPN,830249
4426224,16,114,8734,2020,0.0,2496.0,-1.142366,-1.2529190000000001,AZE,JPN,830249
4426225,18,114,8734,2020,12418.0,49334.0,1.204632,1.278346,BEL,JPN,830249
4426226,22,114,8734,2020,0.0,213384.0,-0.874451,-0.9031309999999999,BGD,JPN,830249
4426227,23,114,8734,2020,0.0,6464.0,0.6328520000000001,1.8517009999999998,BGR,JPN,830249
4426228,24,114,8734,2020,0.0,4003.0,0.379085,-0.634111,BHR,JPN,830249
4426229,32,114,8734,2020,3063.0,262435.0,0.054622000000000004,0.532291,BRA,JPN,830249
4426230,34,114,8734,2020,0.0,4004.0,0.432569,-0.8083779999999999,BRN,JPN,830249
4426231,39,114,8734,2020,504060.0,234454.0,0.609267,1.1890479999999999,CAN,JPN,830249
4426232,41,114,8734,2020,106913.0,52710.0,2.184038,0.900965,CHE,JPN,830249
4426233,42,114,8734,2020,0.0,30032.0,-0.307923,-0.565983,CHL,JPN,830249
4426234,43,114,8734,2020,47313908.0,9725633.0,1.187837,1.2237770000000001,CHN,JPN,830249
4426235,49,114,8734,2020,0.0,3134.0,0.115954,0.104558,COL,JPN,830249
4426236,58,114,8734,2020,0.0,5399.0,0.5354760000000001,-0.069753,CYP,JPN,830249
4426237,59,114,8734,2020,14915.0,39357.0,1.716646,0.602441,CZE,JPN,830249
4426238,61,114,8734,2020,3129844.0,1942797.0,2.027494,-2.3646689999999997,DEU,JPN,830249
4426239,64,114,8734,2020,31693.0,18189.0,1.093217,1.2166549999999998,DNK,JPN,830249
4426240,65,114,8734,2020,0.0,1403.0,0.06500299999999999,0.2812,DOM,JPN,830249
4426241,67,114,8734,2020,0.0,3133.0,-1.074185,-1.084344,ECU,JPN,830249
4426242,68,114,8734,2020,0.0,2349.0,-0.186095,1.6414330000000001,EGY,JPN,830249
4426243,71,114,8734,2020,23164.0,32447.0,0.736657,2.731661,ESP,JPN,830249
4426244,72,114,8734,2020,8147.0,35103.0,1.012385,1.305015,EST,JPN,830249
4426245,73,114,8734,2020,0.0,21574.0,-0.952033,-0.707262,ETH,JPN,830249
4426246,74,114,8734,2020,65278.0,2123.0,1.498089,1.066223,FIN,JPN,830249
4426247,77,114,8734,2020,225967.0,321703.0,1.341275,0.8991870000000001,FRA,JPN,830249
4426248,81,114,8734,2020,1127567.0,1782173.0,1.6459,0.7702640000000001,GBR,JPN,830249
4426249,90,114,8734,2020,8932.0,5586.0,0.199011,1.087811,GRC,JPN,830249
4426250,97,114,8734,2020,38508.0,587201.0,1.070483,1.183618,HKG,JPN,830249
4426251,102,114,8734,2020,1317776.0,10309.0,1.393152,0.878916,HUN,JPN,830249
4426252,103,114,8734,2020,1319335.0,921801.0,-0.16761700000000002,1.571009,IDN,JPN,830249
4426253,104,114,8734,2020,11801.0,675052.0,0.464674,2.838779,IND,JPN,830249
4426254,106,114,8734,2020,12036.0,7543.0,1.337791,-0.20829699999999998,IRL,JPN,830249
4426255,109,114,8734,2020,0.0,1119.0,0.27161399999999997,-0.17819200000000002,ISL,JPN,830249
4426256,110,114,8734,2020,36086.0,55791.0,1.487557,0.8370920000000001,ISR,JPN,830249
4426257,111,114,8734,2020,457695.0,159096.0,1.299017,0.701797,ITA,JPN,830249
4426258,115,114,8734,2020,9346.0,0.0,-0.48361899999999997,-0.626675,KAZ,JPN,830249
4426259,116,114,8734,2020,0.0,85804.0,-0.496446,0.562476,KEN,JPN,830249
4426260,118,114,8734,2020,699349.0,55693.0,-0.602562,-0.505135,KHM,JPN,830249
4426261,121,114,8734,2020,3584704.0,5050776.0,1.9703950000000001,0.800826,KOR,JPN,830249
4426262,122,114,8734,2020,0.0,111949.0,-0.072977,-1.090017,KWT,JPN,830249
4426263,128,114,8734,2020,0.0,11835.0,-0.48448599999999997,0.5495220000000001,LKA,JPN,830249
4426264,130,114,8734,2020,0.0,19479.0,0.9772870000000001,1.291244,LTU,JPN,830249
4426265,131,114,8734,2020,0.0,13388.0,1.197655,1.432727,LUX,JPN,830249
4426266,133,114,8734,2020,0.0,8855.0,0.464354,0.020065,MAC,JPN,830249
4426267,134,114,8734,2020,0.0,7014.0,-0.5208510000000001,-0.080499,MAR,JPN,830249
4426268,138,114,8734,2020,84377.0,458175.0,0.974514,0.563643,MEX,JPN,830249
4426269,142,114,8734,2020,0.0,2152.0,0.9159309999999999,0.24442199999999997,MLT,JPN,830249
4426270,143,114,8734,2020,0.0,9727.0,-0.9993569999999999,-0.298647,MMR,JPN,830249
4426271,145,114,8734,2020,0.0,11193.0,-1.011938,-1.127569,MNG,JPN,830249
4426272,151,114,8734,2020,0.0,9231.0,-0.048897,0.11543099999999999,MUS,JPN,830249
4426273,153,114,8734,2020,311735.0,637836.0,1.185223,0.573439,MYS,JPN,830249
4426274,162,114,8734,2020,551743.0,224595.0,1.035951,1.559401,NLD,JPN,830249
4426275,163,114,8734,2020,4369.0,7206.0,0.793459,0.369766,NOR,JPN,830249
4426276,166,114,8734,2020,10487.0,47936.0,0.145567,0.070121,NZL,JPN,830249
4426277,168,114,8734,2020,0.0,4791.0,-0.52984,0.63654,PAK,JPN,830249
4426278,173,114,8734,2020,0.0,35707.0,-0.717014,-0.152142,PER,JPN,830249
4426279,174,114,8734,2020,668635.0,933560.0,0.755786,0.24693,PHL,JPN,830249
4426280,175,114,8734,2020,0.0,2897.0,0.207858,-0.809401,PLW,JPN,830249
4426281,177,114,8734,2020,13813.0,13504.0,1.0227979999999999,1.4079139999999999,POL,JPN,830249
4426282,179,114,8734,2020,2963.0,13899.0,0.656999,2.1136470000000003,PRT,JPN,830249
4426283,180,114,8734,2020,0.0,1827.0,-0.45920600000000006,-0.930341,PRY,JPN,830249
4426284,181,114,8734,2020,0.0,2171.0,0.162235,0.828319,PSE,JPN,830249
4426285,183,114,8734,2020,0.0,94178.0,-0.028836,-1.0183950000000002,QAT,JPN,830249
4426286,185,114,8734,2020,13062.0,0.0,1.13426,0.9767809999999999,ROU,JPN,830249
4426287,186,114,8734,2020,0.0,10973.0,0.373882,0.42102700000000004,RUS,JPN,830249
4426288,188,114,8734,2020,0.0,33551.0,0.662925,-0.21661999999999998,SAU,JPN,830249
4426289,192,114,8734,2020,742746.0,802576.0,1.948379,0.610574,SGP,JPN,830249
4426290,201,114,8734,2020,0.0,476.0,0.5868399999999999,1.1187120000000002,SRB,JPN,830249
4426291,206,114,8734,2020,6803.0,30181.0,1.338026,0.825268,SVK,JPN,830249
4426292,207,114,8734,2020,2242.0,6136.0,1.570699,0.8442459999999999,SVN,JPN,830249
4426293,208,114,8734,2020,339444.0,230124.0,1.6911310000000002,0.791586,SWE,JPN,830249
4426294,216,114,8734,2020,4975244.0,3390049.0,1.035524,1.2777180000000001,THA,JPN,830249
4426295,224,114,8734,2020,3284.0,166539.0,0.590472,2.619866,TUR,JPN,830249
4426296,226,114,8734,2020,0.0,12427.0,-1.024,-0.023909,TZA,JPN,830249
4426297,228,114,8734,2020,10563.0,71359.0,0.383736,0.531328,UKR,JPN,830249
4426298,231,114,8734,2020,34308440.0,17258404.0,1.588148,0.380904,USA,JPN,830249
4426299,232,114,8734,2020,0.0,1435.0,-0.309411,0.071414,UZB,JPN,830249
4426300,239,114,8734,2020,9766923.0,857091.0,0.034229,0.89099,VNM,JPN,830249
4426301,246,114,8734,2020,2912.0,77987.0,0.042099,0.923931,ZAF,JPN,830249
4426302,249,114,8734,2020,13453272.0,1393338.0,2.0517060000000003,1.205431,TWN,JPN,830249
4426303,7,121,8734,2020,8473.0,53598.0,-0.118349,-0.789485,ARE,KOR,830249
4426304,8,121,8734,2020,0.0,7017.0,-0.14746199999999998,0.039795,ARG,KOR,830249
4426305,14,121,8734,2020,8066.0,247331.0,-0.32910500000000004,-0.232963,AUS,KOR,830249
4426306,15,121,8734,2020,7632.0,4671.0,1.6711310000000001,0.059096,AUT,KOR,830249
4426307,16,121,8734,2020,0.0,7019.0,-1.142366,-1.2529190000000001,AZE,KOR,830249
4426308,18,121,8734,2020,9277.0,54477.0,1.204632,1.278346,BEL,KOR,830249
4426309,22,121,8734,2020,0.0,1166.0,-0.874451,-0.9031309999999999,BGD,KOR,830249
4426310,23,121,8734,2020,3344.0,0.0,0.6328520000000001,1.8517009999999998,BGR,KOR,830249
4426311,24,121,8734,2020,0.0,1378.0,0.379085,-0.634111,BHR,KOR,830249
4426312,32,121,8734,2020,0.0,40886.0,0.054622000000000004,0.532291,BRA,KOR,830249
4426313,39,121,8734,2020,1490443.0,96525.0,0.609267,1.1890479999999999,CAN,KOR,830249
4426314,41,121,8734,2020,8117.0,140803.0,2.184038,0.900965,CHE,KOR,830249
4426315,42,121,8734,2020,0.0,23974.0,-0.307923,-0.565983,CHL,KOR,830249
4426316,43,121,8734,2020,14598928.0,4783860.0,1.187837,1.2237770000000001,CHN,KOR,830249
4426317,44,121,8734,2020,0.0,1151.0,-1.2299200000000001,-1.095777,CIV,KOR,830249
4426318,49,121,8734,2020,0.0,5324.0,0.115954,0.104558,COL,KOR,830249
4426319,52,121,8734,2020,0.0,2080.0,0.303849,-0.114494,CRI,KOR,830249
4426320,59,121,8734,2020,12872.0,14198.0,1.716646,0.602441,CZE,KOR,830249
4426321,61,121,8734,2020,1080690.0,292853.0,2.027494,-2.3646689999999997,DEU,KOR,830249
4426322,64,121,8734,2020,7221.0,2351.0,1.093217,1.2166549999999998,DNK,KOR,830249
4426323,68,121,8734,2020,0.0,8280.0,-0.186095,1.6414330000000001,EGY,KOR,830249
4426324,71,121,8734,2020,18999.0,23514.0,0.736657,2.731661,ESP,KOR,830249
4426325,74,121,8734,2020,6689.0,2702.0,1.498089,1.066223,FIN,KOR,830249
4426326,77,121,8734,2020,284765.0,99287.0,1.341275,0.8991870000000001,FRA,KOR,830249
4426327,81,121,8734,2020,202997.0,637350.0,1.6459,0.7702640000000001,GBR,KOR,830249
4426328,83,121,8734,2020,0.0,1782.0,-0.973506,-0.9559139999999999,GHA,KOR,830249
4426329,90,121,8734,2020,7169.0,0.0,0.199011,1.087811,GRC,KOR,830249
4426330,93,121,8734,2020,0.0,8962.0,-0.32240100000000005,0.542048,GTM,KOR,830249
4426331,97,121,8734,2020,15707.0,138133.0,1.070483,1.183618,HKG,KOR,830249
4426332,102,121,8734,2020,12761.0,27061.0,1.393152,0.878916,HUN,KOR,830249
4426333,103,121,8734,2020,1760.0,86349.0,-0.16761700000000002,1.571009,IDN,KOR,830249
4426334,104,121,8734,2020,58237.0,88682.0,0.464674,2.838779,IND,KOR,830249
4426335,106,121,8734,2020,7835.0,0.0,1.337791,-0.20829699999999998,IRL,KOR,830249
4426336,108,121,8734,2020,0.0,9246.0,-1.087158,-0.9546389999999999,IRQ,KOR,830249
4426337,109,121,8734,2020,0.0,4396.0,0.27161399999999997,-0.17819200000000002,ISL,KOR,830249
4426338,110,121,8734,2020,521587.0,14080.0,1.487557,0.8370920000000001,ISR,KOR,830249
4426339,111,121,8734,2020,294955.0,18349.0,1.299017,0.701797,ITA,KOR,830249
4426340,113,121,8734,2020,0.0,5328.0,-0.060384,0.139902,JOR,KOR,830249
4426341,114,121,8734,2020,5050776.0,3584704.0,2.405659,-0.38169000000000003,JPN,KOR,830249
4426342,115,121,8734,2020,0.0,10580.0,-0.48361899999999997,-0.626675,KAZ,KOR,830249
4426343,116,121,8734,2020,0.0,1277.0,-0.496446,0.562476,KEN,KOR,830249
4426344,117,121,8734,2020,0.0,5044.0,-0.117317,0.36644,KGZ,KOR,830249
4426345,118,121,8734,2020,0.0,31900.0,-0.602562,-0.505135,KHM,KOR,830249
4426346,122,121,8734,2020,0.0,38882.0,-0.072977,-1.090017,KWT,KOR,830249
4426347,124,121,8734,2020,0.0,2642.0,0.35459,1.067965,LBN,KOR,830249
4426348,128,121,8734,2020,0.0,28851.0,-0.48448599999999997,0.5495220000000001,LKA,KOR,830249
4426349,130,121,8734,2020,3641.0,2687.0,0.9772870000000001,1.291244,LTU,KOR,830249
4426350,131,121,8734,2020,0.0,697.0,1.197655,1.432727,LUX,KOR,830249
4426351,132,121,8734,2020,0.0,2236.0,0.712901,1.119907,LVA,KOR,830249
4426352,134,121,8734,2020,0.0,2057.0,-0.5208510000000001,-0.080499,MAR,KOR,830249
4426353,135,121,8734,2020,0.0,793.0,-0.06779199999999999,-0.240851,MDA,KOR,830249
4426354,138,121,8734,2020,373893.0,1097236.0,0.974514,0.563643,MEX,KOR,830249
4426355,143,121,8734,2020,0.0,1242.0,-0.9993569999999999,-0.298647,MMR,KOR,830249
4426356,145,121,8734,2020,0.0,10106.0,-1.011938,-1.127569,MNG,KOR,830249
4426357,151,121,8734,2020,0.0,1170.0,-0.048897,0.11543099999999999,MUS,KOR,830249
4426358,153,121,8734,2020,34340.0,87539.0,1.185223,0.573439,MYS,KOR,830249
4426359,162,121,8734,2020,41717.0,917881.0,1.035951,1.559401,NLD,KOR,830249
4426360,163,121,8734,2020,49077.0,9775.0,0.793459,0.369766,NOR,KOR,830249
4426361,166,121,8734,2020,0.0,8755.0,0.145567,0.070121,NZL,KOR,830249
4426362,167,121,8734,2020,0.0,1125.0,-0.251371,-0.8775299999999999,OMN,KOR,830249
4426363,168,121,8734,2020,0.0,12404.0,-0.52984,0.63654,PAK,KOR,830249
4426364,173,121,8734,2020,0.0,10048.0,-0.717014,-0.152142,PER,KOR,830249
4426365,174,121,8734,2020,34985.0,313395.0,0.755786,0.24693,PHL,KOR,830249
4426366,177,121,8734,2020,35979.0,40858.0,1.0227979999999999,1.4079139999999999,POL,KOR,830249
4426367,179,121,8734,2020,44463.0,0.0,0.656999,2.1136470000000003,PRT,KOR,830249
4426368,180,121,8734,2020,0.0,1342.0,-0.45920600000000006,-0.930341,PRY,KOR,830249
4426369,181,121,8734,2020,0.0,3216.0,0.162235,0.828319,PSE,KOR,830249
4426370,185,121,8734,2020,22267.0,2775.0,1.13426,0.9767809999999999,ROU,KOR,830249
4426371,186,121,8734,2020,14724.0,41656.0,0.373882,0.42102700000000004,RUS,KOR,830249
4426372,188,121,8734,2020,0.0,30232.0,0.662925,-0.21661999999999998,SAU,KOR,830249
4426373,192,121,8734,2020,282712.0,162320.0,1.948379,0.610574,SGP,KOR,830249
4426374,206,121,8734,2020,2059.0,524836.0,1.338026,0.825268,SVK,KOR,830249
4426375,207,121,8734,2020,2248.0,44237.0,1.570699,0.8442459999999999,SVN,KOR,830249
4426376,208,121,8734,2020,4861.0,118070.0,1.6911310000000002,0.791586,SWE,KOR,830249
4426377,216,121,8734,2020,9421.0,149626.0,1.035524,1.2777180000000001,THA,KOR,830249
4426378,224,121,8734,2020,126996.0,253217.0,0.590472,2.619866,TUR,KOR,830249
4426379,226,121,8734,2020,0.0,1021.0,-1.024,-0.023909,TZA,KOR,830249
4426380,228,121,8734,2020,0.0,8403.0,0.383736,0.531328,UKR,KOR,830249
4426381,231,121,8734,2020,21533362.0,7726764.0,1.588148,0.380904,USA,KOR,830249
4426382,232,121,8734,2020,0.0,22839.0,-0.309411,0.071414,UZB,KOR,830249
4426383,239,121,8734,2020,1325839.0,8992200.0,0.034229,0.89099,VNM,KOR,830249
4426384,246,121,8734,2020,0.0,15838.0,0.042099,0.923931,ZAF,KOR,830249
4426385,249,121,8734,2020,575434.0,586646.0,2.0517060000000003,1.205431,TWN,KOR,830249
4426386,7,122,8734,2020,2377008.0,1934.0,-0.118349,-0.789485,ARE,KWT,830249
4426387,14,122,8734,2020,45165.0,0.0,-0.32910500000000004,-0.232963,AUS,KWT,830249
4426388,15,122,8734,2020,8325.0,0.0,1.6711310000000001,0.059096,AUT,KWT,830249
4426389,18,122,8734,2020,1925.0,0.0,1.204632,1.278346,BEL,KWT,830249
4426390,23,122,8734,2020,11316.0,0.0,0.6328520000000001,1.8517009999999998,BGR,KWT,830249
4426391,24,122,8734,2020,8478.0,0.0,0.379085,-0.634111,BHR,KWT,830249
4426392,39,122,8734,2020,1764.0,0.0,0.609267,1.1890479999999999,CAN,KWT,830249
4426393,41,122,8734,2020,1000.0,0.0,2.184038,0.900965,CHE,KWT,830249
4426394,43,122,8734,2020,376418.0,0.0,1.187837,1.2237770000000001,CHN,KWT,830249
4426395,58,122,8734,2020,5409.0,0.0,0.5354760000000001,-0.069753,CYP,KWT,830249
4426396,59,122,8734,2020,2278.0,0.0,1.716646,0.602441,CZE,KWT,830249
4426397,61,122,8734,2020,164465.0,0.0,2.027494,-2.3646689999999997,DEU,KWT,830249
4426398,64,122,8734,2020,3636.0,0.0,1.093217,1.2166549999999998,DNK,KWT,830249
4426399,71,122,8734,2020,1967.0,0.0,0.736657,2.731661,ESP,KWT,830249
4426400,72,122,8734,2020,3343.0,0.0,1.012385,1.305015,EST,KWT,830249
4426401,74,122,8734,2020,5193.0,0.0,1.498089,1.066223,FIN,KWT,830249
4426402,77,122,8734,2020,189376.0,9201.0,1.341275,0.8991870000000001,FRA,KWT,830249
4426403,81,122,8734,2020,68872.0,0.0,1.6459,0.7702640000000001,GBR,KWT,830249
4426404,90,122,8734,2020,5540.0,0.0,0.199011,1.087811,GRC,KWT,830249
4426405,104,122,8734,2020,91894.0,0.0,0.464674,2.838779,IND,KWT,830249
4426406,111,122,8734,2020,231903.0,0.0,1.299017,0.701797,ITA,KWT,830249
4426407,114,122,8734,2020,111949.0,0.0,2.405659,-0.38169000000000003,JPN,KWT,830249
4426408,121,122,8734,2020,38882.0,0.0,1.9703950000000001,0.800826,KOR,KWT,830249
4426409,124,122,8734,2020,0.0,3897.0,0.35459,1.067965,LBN,KWT,830249
4426410,138,122,8734,2020,10790.0,0.0,0.974514,0.563643,MEX,KWT,830249
4426411,162,122,8734,2020,116880.0,0.0,1.035951,1.559401,NLD,KWT,830249
4426412,167,122,8734,2020,0.0,14254.0,-0.251371,-0.8775299999999999,OMN,KWT,830249
4426413,168,122,8734,2020,8190.0,1716.0,-0.52984,0.63654,PAK,KWT,830249
4426414,177,122,8734,2020,1076.0,0.0,1.0227979999999999,1.4079139999999999,POL,KWT,830249
4426415,179,122,8734,2020,8694.0,0.0,0.656999,2.1136470000000003,PRT,KWT,830249
4426416,183,122,8734,2020,195574.0,13295.0,-0.028836,-1.0183950000000002,QAT,KWT,830249
4426417,185,122,8734,2020,1984.0,0.0,1.13426,0.9767809999999999,ROU,KWT,830249
4426418,188,122,8734,2020,56425.0,6842.0,0.662925,-0.21661999999999998,SAU,KWT,830249
4426419,192,122,8734,2020,7462.0,0.0,1.948379,0.610574,SGP,KWT,830249
4426420,208,122,8734,2020,11367.0,0.0,1.6911310000000002,0.791586,SWE,KWT,830249
4426421,216,122,8734,2020,3566.0,0.0,1.035524,1.2777180000000001,THA,KWT,830249
4426422,224,122,8734,2020,58231.0,0.0,0.590472,2.619866,TUR,KWT,830249
4426423,231,122,8734,2020,196252.0,0.0,1.588148,0.380904,USA,KWT,830249
4426424,239,122,8734,2020,24834.0,0.0,0.034229,0.89099,VNM,KWT,830249
4426425,249,122,8734,2020,163612.0,0.0,2.0517060000000003,1.205431,TWN,KWT,830249
4426426,250,122,8734,2020,204834.0,0.0,0.866041,-0.371104,ANS,KWT,830249
4426427,14,123,8734,2020,3308.0,0.0,-0.32910500000000004,-0.232963,AUS,LAO,830249
4426428,43,123,8734,2020,16027.0,0.0,1.187837,1.2237770000000001,CHN,LAO,830249
4426429,61,123,8734,2020,963.0,0.0,2.027494,-2.3646689999999997,DEU,LAO,830249
4426430,192,123,8734,2020,2146.0,0.0,1.948379,0.610574,SGP,LAO,830249
4426431,216,123,8734,2020,310559.0,0.0,1.035524,1.2777180000000001,THA,LAO,830249
4426432,239,123,8734,2020,63495.0,0.0,0.034229,0.89099,VNM,LAO,830249
4426433,7,138,8734,2020,45132.0,200113.0,-0.118349,-0.789485,ARE,MEX,830249
4426434,8,138,8734,2020,0.0,9659.0,-0.14746199999999998,0.039795,ARG,MEX,830249
4426435,14,138,8734,2020,2227.0,262343.0,-0.32910500000000004,-0.232963,AUS,MEX,830249
4426436,15,138,8734,2020,3698.0,22690.0,1.6711310000000001,0.059096,AUT,MEX,830249
4426437,18,138,8734,2020,42418.0,28088.0,1.204632,1.278346,BEL,MEX,830249
4426438,21,138,8734,2020,0.0,1617.0,-0.7634310000000001,-0.938997,BFA,MEX,830249
4426439,23,138,8734,2020,6874.0,0.0,0.6328520000000001,1.8517009999999998,BGR,MEX,830249
4426440,28,138,8734,2020,0.0,885.0,0.858776,1.085652,BLR,MEX,830249
4426441,29,138,8734,2020,0.0,32227.0,-0.145757,-0.59123,BLZ,MEX,830249
4426442,31,138,8734,2020,0.0,752.0,-0.835558,-0.9611350000000001,BOL,MEX,830249
4426443,32,138,8734,2020,14594.0,180369.0,0.054622000000000004,0.532291,BRA,MEX,830249
4426444,33,138,8734,2020,0.0,2497.0,0.666435,0.060089,BRB,MEX,830249
4426445,39,138,8734,2020,4655766.0,2333532.0,0.609267,1.1890479999999999,CAN,MEX,830249
4426446,41,138,8734,2020,15529.0,88578.0,2.184038,0.900965,CHE,MEX,830249
4426447,42,138,8734,2020,0.0,72947.0,-0.307923,-0.565983,CHL,MEX,830249
4426448,43,138,8734,2020,9683076.0,885666.0,1.187837,1.2237770000000001,CHN,MEX,830249
4426449,49,138,8734,2020,862.0,10961.0,0.115954,0.104558,COL,MEX,830249
4426450,52,138,8734,2020,0.0,25179.0,0.303849,-0.114494,CRI,MEX,830249
4426451,54,138,8734,2020,0.0,4422.0,-1.171456,-1.224365,CUB,MEX,830249
4426452,59,138,8734,2020,50638.0,135477.0,1.716646,0.602441,CZE,MEX,830249
4426453,61,138,8734,2020,2551910.0,429533.0,2.027494,-2.3646689999999997,DEU,MEX,830249
4426454,64,138,8734,2020,32529.0,930.0,1.093217,1.2166549999999998,DNK,MEX,830249
4426455,65,138,8734,2020,1489.0,19730.0,0.06500299999999999,0.2812,DOM,MEX,830249
4426456,67,138,8734,2020,0.0,73265.0,-1.074185,-1.084344,ECU,MEX,830249
4426457,71,138,8734,2020,907170.0,47760.0,0.736657,2.731661,ESP,MEX,830249
4426458,72,138,8734,2020,1642.0,0.0,1.012385,1.305015,EST,MEX,830249
4426459,74,138,8734,2020,4355.0,3370.0,1.498089,1.066223,FIN,MEX,830249
4426460,77,138,8734,2020,2764035.0,1165099.0,1.341275,0.8991870000000001,FRA,MEX,830249
4426461,81,138,8734,2020,465516.0,475344.0,1.6459,0.7702640000000001,GBR,MEX,830249
4426462,93,138,8734,2020,0.0,102556.0,-0.32240100000000005,0.542048,GTM,MEX,830249
4426463,97,138,8734,2020,58320.0,215351.0,1.070483,1.183618,HKG,MEX,830249
4426464,99,138,8734,2020,0.0,3582.0,-0.583329,-0.404227,HND,MEX,830249
4426465,102,138,8734,2020,15874.0,13544.0,1.393152,0.878916,HUN,MEX,830249
4426466,103,138,8734,2020,7375.0,12502.0,-0.16761700000000002,1.571009,IDN,MEX,830249
4426467,104,138,8734,2020,5767.0,71188.0,0.464674,2.838779,IND,MEX,830249
4426468,106,138,8734,2020,12037.0,5346.0,1.337791,-0.20829699999999998,IRL,MEX,830249
4426469,110,138,8734,2020,1113286.0,5490.0,1.487557,0.8370920000000001,ISR,MEX,830249
4426470,111,138,8734,2020,403098.0,46406.0,1.299017,0.701797,ITA,MEX,830249
4426471,112,138,8734,2020,0.0,4259.0,-0.21953000000000003,-0.6944899999999999,JAM,MEX,830249
4426472,114,138,8734,2020,458175.0,84377.0,2.405659,-0.38169000000000003,JPN,MEX,830249
4426473,116,138,8734,2020,0.0,7107.0,-0.496446,0.562476,KEN,MEX,830249
4426474,121,138,8734,2020,1097236.0,373893.0,1.9703950000000001,0.800826,KOR,MEX,830249
4426475,122,138,8734,2020,0.0,10790.0,-0.072977,-1.090017,KWT,MEX,830249
4426476,124,138,8734,2020,0.0,1426.0,0.35459,1.067965,LBN,MEX,830249
4426477,128,138,8734,2020,0.0,1083.0,-0.48448599999999997,0.5495220000000001,LKA,MEX,830249
4426478,130,138,8734,2020,3342.0,1917.0,0.9772870000000001,1.291244,LTU,MEX,830249
4426479,145,138,8734,2020,0.0,3410.0,-1.011938,-1.127569,MNG,MEX,830249
4426480,153,138,8734,2020,88480.0,130820.0,1.185223,0.573439,MYS,MEX,830249
4426481,159,138,8734,2020,0.0,551.0,-1.6399299999999999,-1.19536,NGA,MEX,830249
4426482,160,138,8734,2020,0.0,820.0,-0.9128809999999999,-0.746636,NIC,MEX,830249
4426483,162,138,8734,2020,381974.0,323323.0,1.035951,1.559401,NLD,MEX,830249
4426484,163,138,8734,2020,0.0,6654.0,0.793459,0.369766,NOR,MEX,830249
4426485,166,138,8734,2020,2577.0,21161.0,0.145567,0.070121,NZL,MEX,830249
4426486,168,138,8734,2020,1094.0,1455.0,-0.52984,0.63654,PAK,MEX,830249
4426487,169,138,8734,2020,0.0,27423.0,0.590821,0.786784,PAN,MEX,830249
4426488,173,138,8734,2020,0.0,12702.0,-0.717014,-0.152142,PER,MEX,830249
4426489,174,138,8734,2020,3398.0,0.0,0.755786,0.24693,PHL,MEX,830249
4426490,177,138,8734,2020,3600.0,51293.0,1.0227979999999999,1.4079139999999999,POL,MEX,830249
4426491,179,138,8734,2020,19054.0,0.0,0.656999,2.1136470000000003,PRT,MEX,830249
4426492,180,138,8734,2020,0.0,625.0,-0.45920600000000006,-0.930341,PRY,MEX,830249
4426493,182,138,8734,2020,0.0,624.0,0.640838,-0.11156300000000001,PYF,MEX,830249
4426494,185,138,8734,2020,9675.0,33494.0,1.13426,0.9767809999999999,ROU,MEX,830249
4426495,186,138,8734,2020,2518.0,19146.0,0.373882,0.42102700000000004,RUS,MEX,830249
4426496,188,138,8734,2020,0.0,233048.0,0.662925,-0.21661999999999998,SAU,MEX,830249
4426497,192,138,8734,2020,228478.0,427955.0,1.948379,0.610574,SGP,MEX,830249
4426498,197,138,8734,2020,0.0,3210.0,-0.003327,0.18823399999999998,SLV,MEX,830249
4426499,201,138,8734,2020,0.0,150049.0,0.5868399999999999,1.1187120000000002,SRB,MEX,830249
4426500,206,138,8734,2020,7812.0,9712.0,1.338026,0.825268,SVK,MEX,830249
4426501,207,138,8734,2020,9524.0,4316.0,1.570699,0.8442459999999999,SVN,MEX,830249
4426502,208,138,8734,2020,21117.0,1169.0,1.6911310000000002,0.791586,SWE,MEX,830249
4426503,216,138,8734,2020,235695.0,44930.0,1.035524,1.2777180000000001,THA,MEX,830249
4426504,224,138,8734,2020,52342.0,110020.0,0.590472,2.619866,TUR,MEX,830249
4426505,228,138,8734,2020,1471.0,42415.0,0.383736,0.531328,UKR,MEX,830249
4426506,231,138,8734,2020,88854896.0,55122280.0,1.588148,0.380904,USA,MEX,830249
4426507,239,138,8734,2020,567264.0,64741.0,0.034229,0.89099,VNM,MEX,830249
4426508,246,138,8734,2020,20153.0,24547.0,0.042099,0.923931,ZAF,MEX,830249
4426509,249,138,8734,2020,1081384.0,3434.0,2.0517060000000003,1.205431,TWN,MEX,830249
4426510,250,138,8734,2020,58713.0,0.0,0.866041,-0.371104,ANS,MEX,830249
4426511,0,162,8734,2020,0.0,3594.0,0.725364,-0.244535,ABW,NLD,830249
4426512,4,162,8734,2020,0.0,9958.0,-0.265229,0.059049000000000004,ALB,NLD,830249
4426513,7,162,8734,2020,67227.0,880047.0,-0.118349,-0.789485,ARE,NLD,830249
4426514,8,162,8734,2020,0.0,87775.0,-0.14746199999999998,0.039795,ARG,NLD,830249
4426515,9,162,8734,2020,0.0,5588.0,-0.129502,-0.671068,ARM,NLD,830249
4426516,14,162,8734,2020,210308.0,766211.0,-0.32910500000000004,-0.232963,AUS,NLD,830249
4426517,15,162,8734,2020,1679866.0,832981.0,1.6711310000000001,0.059096,AUT,NLD,830249
4426518,16,162,8734,2020,0.0,4670.0,-1.142366,-1.2529190000000001,AZE,NLD,830249
4426519,18,162,8734,2020,2432023.0,8946468.0,1.204632,1.278346,BEL,NLD,830249
4426520,20,162,8734,2020,0.0,22925.0,0.653039,-0.6295270000000001,BES,NLD,830249
4426521,21,162,8734,2020,0.0,3369.0,-0.7634310000000001,-0.938997,BFA,NLD,830249
4426522,22,162,8734,2020,0.0,1824.0,-0.874451,-0.9031309999999999,BGD,NLD,830249
4426523,23,162,8734,2020,13504.0,91019.0,0.6328520000000001,1.8517009999999998,BGR,NLD,830249
4426524,24,162,8734,2020,0.0,12359.0,0.379085,-0.634111,BHR,NLD,830249
4426525,26,162,8734,2020,29599.0,1745.0,0.5449470000000001,0.91781,BIH,NLD,830249
4426526,28,162,8734,2020,0.0,3126.0,0.858776,1.085652,BLR,NLD,830249
4426527,31,162,8734,2020,0.0,1507.0,-0.835558,-0.9611350000000001,BOL,NLD,830249
4426528,32,162,8734,2020,44414.0,143062.0,0.054622000000000004,0.532291,BRA,NLD,830249
4426529,33,162,8734,2020,0.0,2447.0,0.666435,0.060089,BRB,NLD,830249
4426530,34,162,8734,2020,0.0,14210.0,0.432569,-0.8083779999999999,BRN,NLD,830249
4426531,37,162,8734,2020,872.0,0.0,-0.8696219999999999,-1.195627,BWA,NLD,830249
4426532,38,162,8734,2020,0.0,17789.0,-0.48102700000000004,-0.832994,CAF,NLD,830249
4426533,39,162,8734,2020,594506.0,435455.0,0.609267,1.1890479999999999,CAN,NLD,830249
4426534,41,162,8734,2020,84845.0,694055.0,2.184038,0.900965,CHE,NLD,830249
4426535,42,162,8734,2020,18471.0,45062.0,-0.307923,-0.565983,CHL,NLD,830249
4426536,43,162,8734,2020,13215657.0,344944.0,1.187837,1.2237770000000001,CHN,NLD,830249
4426537,44,162,8734,2020,0.0,13437.0,-1.2299200000000001,-1.095777,CIV,NLD,830249
4426538,46,162,8734,2020,0.0,2296.0,-1.538455,-1.1857659999999999,COD,NLD,830249
4426539,47,162,8734,2020,0.0,1797.0,-1.580638,-1.2020870000000001,COG,NLD,830249
4426540,49,162,8734,2020,0.0,16993.0,0.115954,0.104558,COL,NLD,830249
4426541,52,162,8734,2020,29321.0,5878.0,0.303849,-0.114494,CRI,NLD,830249
4426542,55,162,8734,2020,0.0,4906.0,0.543866,0.190664,CUW,NLD,830249
4426543,58,162,8734,2020,0.0,27847.0,0.5354760000000001,-0.069753,CYP,NLD,830249
4426544,59,162,8734,2020,819182.0,2614332.0,1.716646,0.602441,CZE,NLD,830249
4426545,61,162,8734,2020,16423544.0,12372955.0,2.027494,-2.3646689999999997,DEU,NLD,830249
4426546,62,162,8734,2020,0.0,37825.0,-0.493576,-0.808321,DJI,NLD,830249
4426547,64,162,8734,2020,1112380.0,7503418.0,1.093217,1.2166549999999998,DNK,NLD,830249
4426548,65,162,8734,2020,0.0,6281.0,0.06500299999999999,0.2812,DOM,NLD,830249
4426549,67,162,8734,2020,0.0,6760.0,-1.074185,-1.084344,ECU,NLD,830249
4426550,68,162,8734,2020,3118.0,42542.0,-0.186095,1.6414330000000001,EGY,NLD,830249
4426551,71,162,8734,2020,442076.0,1613770.0,0.736657,2.731661,ESP,NLD,830249
4426552,72,162,8734,2020,596659.0,109259.0,1.012385,1.305015,EST,NLD,830249
4426553,73,162,8734,2020,0.0,1249.0,-0.952033,-0.707262,ETH,NLD,830249
4426554,74,162,8734,2020,222294.0,564490.0,1.498089,1.066223,FIN,NLD,830249
4426555,77,162,8734,2020,1015831.0,5427582.0,1.341275,0.8991870000000001,FRA,NLD,830249
4426556,78,162,8734,2020,0.0,2339.0,-0.867916,-0.92601,FRO,NLD,830249
4426557,81,162,8734,2020,2534425.0,5154334.0,1.6459,0.7702640000000001,GBR,NLD,830249
4426558,82,162,8734,2020,0.0,18273.0,-0.199775,-0.38684,GEO,NLD,830249
4426559,83,162,8734,2020,12456.0,5450.0,-0.973506,-0.9559139999999999,GHA,NLD,830249
4426560,84,162,8734,2020,0.0,1074.0,0.710597,-0.445858,GIB,NLD,830249
4426561,85,162,8734,2020,0.0,1086.0,-1.841029,-1.233167,GIN,NLD,830249
4426562,90,162,8734,2020,349859.0,325099.0,0.199011,1.087811,GRC,NLD,830249
4426563,91,162,8734,2020,0.0,890.0,0.285169,-0.284221,GRD,NLD,830249
4426564,93,162,8734,2020,0.0,1331.0,-0.32240100000000005,0.542048,GTM,NLD,830249
4426565,96,162,8734,2020,0.0,2883.0,-0.5874159999999999,-0.8020189999999999,GUY,NLD,830249
4426566,97,162,8734,2020,1269011.0,84750.0,1.070483,1.183618,HKG,NLD,830249
4426567,100,162,8734,2020,3143.0,134004.0,0.876001,1.250877,HRV,NLD,830249
4426568,101,162,8734,2020,0.0,2875.0,-1.028076,-0.884073,HTI,NLD,830249
4426569,102,162,8734,2020,62087.0,360735.0,1.393152,0.878916,HUN,NLD,830249
4426570,103,162,8734,2020,4008.0,58262.0,-0.16761700000000002,1.571009,IDN,NLD,830249
4426571,104,162,8734,2020,233985.0,220732.0,0.464674,2.838779,IND,NLD,830249
4426572,106,162,8734,2020,24913.0,349134.0,1.337791,-0.20829699999999998,IRL,NLD,830249
4426573,109,162,8734,2020,2080.0,253338.0,0.27161399999999997,-0.17819200000000002,ISL,NLD,830249
4426574,110,162,8734,2020,154405.0,246821.0,1.487557,0.8370920000000001,ISR,NLD,830249
4426575,111,162,8734,2020,8844896.0,1405982.0,1.299017,0.701797,ITA,NLD,830249
4426576,112,162,8734,2020,0.0,7385.0,-0.21953000000000003,-0.6944899999999999,JAM,NLD,830249
4426577,113,162,8734,2020,0.0,14440.0,-0.060384,0.139902,JOR,NLD,830249
4426578,114,162,8734,2020,224595.0,551743.0,2.405659,-0.38169000000000003,JPN,NLD,830249
4426579,115,162,8734,2020,63.0,58470.0,-0.48361899999999997,-0.626675,KAZ,NLD,830249
4426580,116,162,8734,2020,0.0,157124.0,-0.496446,0.562476,KEN,NLD,830249
4426581,118,162,8734,2020,0.0,3335.0,-0.602562,-0.505135,KHM,NLD,830249
4426582,121,162,8734,2020,917881.0,41717.0,1.9703950000000001,0.800826,KOR,NLD,830249
4426583,122,162,8734,2020,0.0,116880.0,-0.072977,-1.090017,KWT,NLD,830249
4426584,124,162,8734,2020,0.0,2076.0,0.35459,1.067965,LBN,NLD,830249
4426585,127,162,8734,2020,0.0,3490.0,0.044785000000000005,-0.59519,LCA,NLD,830249
4426586,128,162,8734,2020,0.0,32367.0,-0.48448599999999997,0.5495220000000001,LKA,NLD,830249
4426587,130,162,8734,2020,46100.0,953292.0,0.9772870000000001,1.291244,LTU,NLD,830249
4426588,131,162,8734,2020,7690.0,434249.0,1.197655,1.432727,LUX,NLD,830249
4426589,132,162,8734,2020,61190.0,88344.0,0.712901,1.119907,LVA,NLD,830249
4426590,134,162,8734,2020,0.0,11858.0,-0.5208510000000001,-0.080499,MAR,NLD,830249
4426591,135,162,8734,2020,0.0,2089.0,-0.06779199999999999,-0.240851,MDA,NLD,830249
4426592,138,162,8734,2020,323323.0,381974.0,0.974514,0.563643,MEX,NLD,830249
4426593,140,162,8734,2020,0.0,3135.0,0.147947,-0.11116500000000001,MKD,NLD,830249
4426594,141,162,8734,2020,1962.0,67136.0,-1.309505,-1.1745079999999999,MLI,NLD,830249
4426595,142,162,8734,2020,0.0,33685.0,0.9159309999999999,0.24442199999999997,MLT,NLD,830249
4426596,143,162,8734,2020,0.0,1024.0,-0.9993569999999999,-0.298647,MMR,NLD,830249
4426597,145,162,8734,2020,0.0,3764.0,-1.011938,-1.127569,MNG,NLD,830249
4426598,147,162,8734,2020,0.0,2979.0,-1.1186040000000002,-0.974224,MOZ,NLD,830249
4426599,151,162,8734,2020,0.0,3445.0,-0.048897,0.11543099999999999,MUS,NLD,830249
4426600,153,162,8734,2020,53879.0,74383.0,1.185223,0.573439,MYS,NLD,830249
4426601,155,162,8734,2020,0.0,3311.0,-0.664967,-0.74835,NAM,NLD,830249
4426602,156,162,8734,2020,0.0,16000.0,-0.666664,-0.88528,NCL,NLD,830249
4426603,157,162,8734,2020,0.0,2338.0,-0.62888,-0.841089,NER,NLD,830249
4426604,159,162,8734,2020,0.0,51945.0,-1.6399299999999999,-1.19536,NGA,NLD,830249
4426605,163,162,8734,2020,99266.0,1059112.0,0.793459,0.369766,NOR,NLD,830249
4426606,164,162,8734,2020,1615.0,0.0,-0.22803299999999999,0.25111,NPL,NLD,830249
4426607,166,162,8734,2020,11834.0,54681.0,0.145567,0.070121,NZL,NLD,830249
4426608,167,162,8734,2020,0.0,38466.0,-0.251371,-0.8775299999999999,OMN,NLD,830249
4426609,168,162,8734,2020,136504.0,198692.0,-0.52984,0.63654,PAK,NLD,830249
4426610,169,162,8734,2020,0.0,1003.0,0.590821,0.786784,PAN,NLD,830249
4426611,173,162,8734,2020,1492.0,10557.0,-0.717014,-0.152142,PER,NLD,830249
4426612,174,162,8734,2020,149033.0,71737.0,0.755786,0.24693,PHL,NLD,830249
4426613,176,162,8734,2020,12889.0,0.0,-1.526134,-1.191965,PNG,NLD,830249
4426614,177,162,8734,2020,1705726.0,3565197.0,1.0227979999999999,1.4079139999999999,POL,NLD,830249
4426615,179,162,8734,2020,1197511.0,369612.0,0.656999,2.1136470000000003,PRT,NLD,830249
4426616,180,162,8734,2020,0.0,20865.0,-0.45920600000000006,-0.930341,PRY,NLD,830249
4426617,181,162,8734,2020,0.0,1473.0,0.162235,0.828319,PSE,NLD,830249
4426618,182,162,8734,2020,0.0,1605.0,0.640838,-0.11156300000000001,PYF,NLD,830249
4426619,183,162,8734,2020,1158.0,98559.0,-0.028836,-1.0183950000000002,QAT,NLD,830249
4426620,185,162,8734,2020,63205.0,712946.0,1.13426,0.9767809999999999,ROU,NLD,830249
4426621,186,162,8734,2020,2871.0,263354.0,0.373882,0.42102700000000004,RUS,NLD,830249
4426622,188,162,8734,2020,1786.0,100583.0,0.662925,-0.21661999999999998,SAU,NLD,830249
4426623,191,162,8734,2020,0.0,1984.0,-0.634185,-0.398728,SEN,NLD,830249
4426624,192,162,8734,2020,103494.0,320470.0,1.948379,0.610574,SGP,NLD,830249
4426625,197,162,8734,2020,0.0,1732.0,-0.003327,0.18823399999999998,SLV,NLD,830249
4426626,201,162,8734,2020,1197.0,228407.0,0.5868399999999999,1.1187120000000002,SRB,NLD,830249
4426627,202,162,8734,2020,0.0,26585.0,-1.948366,-0.9899879999999999,SSD,NLD,830249
4426628,205,162,8734,2020,0.0,23847.0,-0.272244,-0.937541,SUR,NLD,830249
4426629,206,162,8734,2020,54816.0,261061.0,1.338026,0.825268,SVK,NLD,830249
4426630,207,162,8734,2020,282798.0,71678.0,1.570699,0.8442459999999999,SVN,NLD,830249
4426631,208,162,8734,2020,8416768.0,1176828.0,1.6911310000000002,0.791586,SWE,NLD,830249
4426632,210,162,8734,2020,0.0,14044.0,1.04788,-0.671874,SXM,NLD,830249
4426633,211,162,8734,2020,1768.0,16624.0,0.185747,-0.695441,SYC,NLD,830249
4426634,214,162,8734,2020,0.0,1397.0,-2.862755,-1.0123090000000001,TCD,NLD,830249
4426635,216,162,8734,2020,78555.0,94302.0,1.035524,1.2777180000000001,THA,NLD,830249
4426636,217,162,8734,2020,0.0,2983.0,-0.73744,-1.0706950000000002,TJK,NLD,830249
4426637,223,162,8734,2020,0.0,40007.0,0.220298,0.454477,TUN,NLD,830249
4426638,224,162,8734,2020,728029.0,770337.0,0.590472,2.619866,TUR,NLD,830249
4426639,226,162,8734,2020,0.0,3203.0,-1.024,-0.023909,TZA,NLD,830249
4426640,227,162,8734,2020,0.0,2106.0,-0.55156,-0.019136,UGA,NLD,830249
4426641,228,162,8734,2020,13927.0,123739.0,0.383736,0.531328,UKR,NLD,830249
4426642,230,162,8734,2020,0.0,29136.0,-0.127375,-0.449032,URY,NLD,830249
4426643,231,162,8734,2020,12191894.0,1919072.0,1.588148,0.380904,USA,NLD,830249
4426644,232,162,8734,2020,0.0,9680.0,-0.309411,0.071414,UZB,NLD,830249
4426645,239,162,8734,2020,856795.0,120652.0,0.034229,0.89099,VNM,NLD,830249
4426646,243,162,8734,2020,0.0,1449.0,-1.130952,-1.137774,YEM,NLD,830249
4426647,246,162,8734,2020,39892.0,525784.0,0.042099,0.923931,ZAF,NLD,830249
4426648,247,162,8734,2020,0.0,4739.0,-0.9162379999999999,-0.9523940000000001,ZMB,NLD,830249
4426649,249,162,8734,2020,4265731.0,80180.0,2.0517060000000003,1.205431,TWN,NLD,830249
4426650,250,162,8734,2020,1099.0,9223.0,0.866041,-0.371104,ANS,NLD,830249
4426651,2,163,8734,2020,0.0,1683.0,-1.7948709999999999,-1.199555,AGO,NOR,830249
4426652,7,163,8734,2020,4440.0,5155.0,-0.118349,-0.789485,ARE,NOR,830249
4426653,14,163,8734,2020,2660.0,34140.0,-0.32910500000000004,-0.232963,AUS,NOR,830249
4426654,15,163,8734,2020,13894.0,0.0,1.6711310000000001,0.059096,AUT,NOR,830249
4426655,16,163,8734,2020,0.0,10426.0,-1.142366,-1.2529190000000001,AZE,NOR,830249
4426656,18,163,8734,2020,47279.0,2602.0,1.204632,1.278346,BEL,NOR,830249
4426657,23,163,8734,2020,3127.0,0.0,0.6328520000000001,1.8517009999999998,BGR,NOR,830249
4426658,32,163,8734,2020,0.0,10614.0,0.054622000000000004,0.532291,BRA,NOR,830249
4426659,34,163,8734,2020,0.0,3895.0,0.432569,-0.8083779999999999,BRN,NOR,830249
4426660,39,163,8734,2020,163155.0,28420.0,0.609267,1.1890479999999999,CAN,NOR,830249
4426661,41,163,8734,2020,33392.0,3148.0,2.184038,0.900965,CHE,NOR,830249
4426662,43,163,8734,2020,814096.0,9829.0,1.187837,1.2237770000000001,CHN,NOR,830249
4426663,59,163,8734,2020,59306.0,2081.0,1.716646,0.602441,CZE,NOR,830249
4426664,61,163,8734,2020,1880028.0,24773.0,2.027494,-2.3646689999999997,DEU,NOR,830249
4426665,64,163,8734,2020,1249130.0,59733.0,1.093217,1.2166549999999998,DNK,NOR,830249
4426666,71,163,8734,2020,32677.0,15856.0,0.736657,2.731661,ESP,NOR,830249
4426667,72,163,8734,2020,33112.0,69165.0,1.012385,1.305015,EST,NOR,830249
4426668,74,163,8734,2020,98465.0,14570.0,1.498089,1.066223,FIN,NOR,830249
4426669,77,163,8734,2020,76683.0,7303.0,1.341275,0.8991870000000001,FRA,NOR,830249
4426670,78,163,8734,2020,3079.0,41750.0,-0.867916,-0.92601,FRO,NOR,830249
4426671,81,163,8734,2020,523576.0,105713.0,1.6459,0.7702640000000001,GBR,NOR,830249
4426672,97,163,8734,2020,38143.0,3331.0,1.070483,1.183618,HKG,NOR,830249
4426673,100,163,8734,2020,2749.0,0.0,0.876001,1.250877,HRV,NOR,830249
4426674,102,163,8734,2020,2760.0,30278.0,1.393152,0.878916,HUN,NOR,830249
4426675,103,163,8734,2020,1091.0,13776.0,-0.16761700000000002,1.571009,IDN,NOR,830249
4426676,104,163,8734,2020,18917.0,12782.0,0.464674,2.838779,IND,NOR,830249
4426677,106,163,8734,2020,12329.0,10613.0,1.337791,-0.20829699999999998,IRL,NOR,830249
4426678,109,163,8734,2020,5042.0,5373.0,0.27161399999999997,-0.17819200000000002,ISL,NOR,830249
4426679,110,163,8734,2020,3872.0,9465.0,1.487557,0.8370920000000001,ISR,NOR,830249
4426680,111,163,8734,2020,282861.0,22892.0,1.299017,0.701797,ITA,NOR,830249
4426681,114,163,8734,2020,7206.0,4369.0,2.405659,-0.38169000000000003,JPN,NOR,830249
4426682,121,163,8734,2020,9775.0,49077.0,1.9703950000000001,0.800826,KOR,NOR,830249
4426683,130,163,8734,2020,65286.0,93819.0,0.9772870000000001,1.291244,LTU,NOR,830249
4426684,132,163,8734,2020,15987.0,68419.0,0.712901,1.119907,LVA,NOR,830249
4426685,134,163,8734,2020,1014.0,0.0,-0.5208510000000001,-0.080499,MAR,NOR,830249
4426686,138,163,8734,2020,6654.0,0.0,0.974514,0.563643,MEX,NOR,830249
4426687,153,163,8734,2020,14945.0,8836.0,1.185223,0.573439,MYS,NOR,830249
4426688,159,163,8734,2020,0.0,3299.0,-1.6399299999999999,-1.19536,NGA,NOR,830249
4426689,162,163,8734,2020,1059112.0,99266.0,1.035951,1.559401,NLD,NOR,830249
4426690,166,163,8734,2020,0.0,2197.0,0.145567,0.070121,NZL,NOR,830249
4426691,168,163,8734,2020,23017.0,0.0,-0.52984,0.63654,PAK,NOR,830249
4426692,174,163,8734,2020,4115.0,0.0,0.755786,0.24693,PHL,NOR,830249
4426693,177,163,8734,2020,216633.0,71081.0,1.0227979999999999,1.4079139999999999,POL,NOR,830249
4426694,179,163,8734,2020,63259.0,1728.0,0.656999,2.1136470000000003,PRT,NOR,830249
4426695,183,163,8734,2020,5659.0,0.0,-0.028836,-1.0183950000000002,QAT,NOR,830249
4426696,185,163,8734,2020,10792.0,2468.0,1.13426,0.9767809999999999,ROU,NOR,830249
4426697,186,163,8734,2020,18685.0,3522.0,0.373882,0.42102700000000004,RUS,NOR,830249
4426698,188,163,8734,2020,0.0,2091.0,0.662925,-0.21661999999999998,SAU,NOR,830249
4426699,192,163,8734,2020,10703.0,259147.0,1.948379,0.610574,SGP,NOR,830249
4426700,201,163,8734,2020,22478.0,0.0,0.5868399999999999,1.1187120000000002,SRB,NOR,830249
4426701,206,163,8734,2020,1275.0,23032.0,1.338026,0.825268,SVK,NOR,830249
4426702,207,163,8734,2020,1588.0,1945.0,1.570699,0.8442459999999999,SVN,NOR,830249
4426703,208,163,8734,2020,4067505.0,393500.0,1.6911310000000002,0.791586,SWE,NOR,830249
4426704,216,163,8734,2020,11658.0,10518.0,1.035524,1.2777180000000001,THA,NOR,830249
4426705,224,163,8734,2020,1472.0,3819.0,0.590472,2.619866,TUR,NOR,830249
4426706,228,163,8734,2020,1101.0,52861.0,0.383736,0.531328,UKR,NOR,830249
4426707,231,163,8734,2020,2769562.0,123293.0,1.588148,0.380904,USA,NOR,830249
4426708,239,163,8734,2020,46306.0,52365.0,0.034229,0.89099,VNM,NOR,830249
4426709,246,163,8734,2020,10089.0,4380.0,0.042099,0.923931,ZAF,NOR,830249
4426710,249,163,8734,2020,233703.0,1164.0,2.0517060000000003,1.205431,TWN,NOR,830249
4426711,7,166,8734,2020,2816.0,0.0,-0.118349,-0.789485,ARE,NZL,830249
4426712,8,166,8734,2020,0.0,2744.0,-0.14746199999999998,0.039795,ARG,NZL,830249
4426713,14,166,8734,2020,2386603.0,1178323.0,-0.32910500000000004,-0.232963,AUS,NZL,830249
4426714,15,166,8734,2020,3608.0,0.0,1.6711310000000001,0.059096,AUT,NZL,830249
4426715,18,166,8734,2020,5820.0,0.0,1.204632,1.278346,BEL,NZL,830249
4426716,39,166,8734,2020,701328.0,73895.0,0.609267,1.1890479999999999,CAN,NZL,830249
4426717,41,166,8734,2020,11761.0,0.0,2.184038,0.900965,CHE,NZL,830249
4426718,42,166,8734,2020,0.0,14309.0,-0.307923,-0.565983,CHL,NZL,830249
4426719,43,166,8734,2020,2403172.0,4334.0,1.187837,1.2237770000000001,CHN,NZL,830249
4426720,48,166,8734,2020,0.0,75724.0,0.20487800000000003,-0.696278,COK,NZL,830249
4426721,52,166,8734,2020,0.0,12344.0,0.303849,-0.114494,CRI,NZL,830249
4426722,59,166,8734,2020,18609.0,0.0,1.716646,0.602441,CZE,NZL,830249
4426723,61,166,8734,2020,265606.0,8062.0,2.027494,-2.3646689999999997,DEU,NZL,830249
4426724,64,166,8734,2020,41233.0,0.0,1.093217,1.2166549999999998,DNK,NZL,830249
4426725,71,166,8734,2020,10756.0,0.0,0.736657,2.731661,ESP,NZL,830249
4426726,72,166,8734,2020,1005.0,0.0,1.012385,1.305015,EST,NZL,830249
4426727,74,166,8734,2020,2351.0,0.0,1.498089,1.066223,FIN,NZL,830249
4426728,75,166,8734,2020,2577.0,75160.0,-0.184167,-0.081888,FJI,NZL,830249
4426729,77,166,8734,2020,252302.0,21779.0,1.341275,0.8991870000000001,FRA,NZL,830249
4426730,81,166,8734,2020,3703244.0,8510.0,1.6459,0.7702640000000001,GBR,NZL,830249
4426731,90,166,8734,2020,14522.0,0.0,0.199011,1.087811,GRC,NZL,830249
4426732,97,166,8734,2020,5332.0,2807.0,1.070483,1.183618,HKG,NZL,830249
4426733,103,166,8734,2020,4887.0,0.0,-0.16761700000000002,1.571009,IDN,NZL,830249
4426734,104,166,8734,2020,7110.0,1993.0,0.464674,2.838779,IND,NZL,830249
4426735,110,166,8734,2020,7125.0,0.0,1.487557,0.8370920000000001,ISR,NZL,830249
4426736,111,166,8734,2020,376156.0,14698.0,1.299017,0.701797,ITA,NZL,830249
4426737,112,166,8734,2020,0.0,1680.0,-0.21953000000000003,-0.6944899999999999,JAM,NZL,830249
4426738,114,166,8734,2020,47936.0,10487.0,2.405659,-0.38169000000000003,JPN,NZL,830249
4426739,116,166,8734,2020,0.0,1385.0,-0.496446,0.562476,KEN,NZL,830249
4426740,119,166,8734,2020,0.0,874.0,-0.9781629999999999,-0.936783,KIR,NZL,830249
4426741,121,166,8734,2020,8755.0,0.0,1.9703950000000001,0.800826,KOR,NZL,830249
4426742,130,166,8734,2020,4286.0,0.0,0.9772870000000001,1.291244,LTU,NZL,830249
4426743,138,166,8734,2020,21161.0,2577.0,0.974514,0.563643,MEX,NZL,830249
4426744,144,166,8734,2020,4473.0,0.0,0.355595,0.140822,MNE,NZL,830249
4426745,153,166,8734,2020,120770.0,1139.0,1.185223,0.573439,MYS,NZL,830249
4426746,156,166,8734,2020,0.0,7979.0,-0.666664,-0.88528,NCL,NZL,830249
4426747,158,166,8734,2020,0.0,1242.0,1.107522,-0.477454,NFK,NZL,830249
4426748,161,166,8734,2020,0.0,2634.0,-0.028386,-0.8818799999999999,NIU,NZL,830249
4426749,162,166,8734,2020,54681.0,11834.0,1.035951,1.559401,NLD,NZL,830249
4426750,163,166,8734,2020,2197.0,0.0,0.793459,0.369766,NOR,NZL,830249
4426751,168,166,8734,2020,8812.0,0.0,-0.52984,0.63654,PAK,NZL,830249
4426752,174,166,8734,2020,3538.0,2103.0,0.755786,0.24693,PHL,NZL,830249
4426753,177,166,8734,2020,32802.0,0.0,1.0227979999999999,1.4079139999999999,POL,NZL,830249
4426754,179,166,8734,2020,25405.0,0.0,0.656999,2.1136470000000003,PRT,NZL,830249
4426755,182,166,8734,2020,0.0,50823.0,0.640838,-0.11156300000000001,PYF,NZL,830249
4426756,185,166,8734,2020,4506.0,0.0,1.13426,0.9767809999999999,ROU,NZL,830249
4426757,192,166,8734,2020,39587.0,6013.0,1.948379,0.610574,SGP,NZL,830249
4426758,207,166,8734,2020,1560.0,0.0,1.570699,0.8442459999999999,SVN,NZL,830249
4426759,208,166,8734,2020,9729.0,1524.0,1.6911310000000002,0.791586,SWE,NZL,830249
4426760,216,166,8734,2020,320326.0,18220.0,1.035524,1.2777180000000001,THA,NZL,830249
4426761,221,166,8734,2020,0.0,3072.0,-0.79433,-0.8264100000000001,TON,NZL,830249
4426762,223,166,8734,2020,2545.0,0.0,0.220298,0.454477,TUN,NZL,830249
4426763,224,166,8734,2020,961.0,0.0,0.590472,2.619866,TUR,NZL,830249
4426764,228,166,8734,2020,0.0,1032.0,0.383736,0.531328,UKR,NZL,830249
4426765,231,166,8734,2020,1627835.0,590803.0,1.588148,0.380904,USA,NZL,830249
4426766,239,166,8734,2020,10064.0,0.0,0.034229,0.89099,VNM,NZL,830249
4426767,240,166,8734,2020,0.0,2255.0,-1.469494,-0.991857,VUT,NZL,830249
4426768,246,166,8734,2020,3708.0,1087.0,0.042099,0.923931,ZAF,NZL,830249
4426769,249,166,8734,2020,987020.0,4535.0,2.0517060000000003,1.205431,TWN,NZL,830249
4426770,250,166,8734,2020,1736.0,0.0,0.866041,-0.371104,ANS,NZL,830249
4426771,1,168,8734,2020,4333.0,0.0,-1.178987,-0.815577,AFG,PAK,830249
4426772,7,168,8734,2020,22231.0,17358.0,-0.118349,-0.789485,ARE,PAK,830249
4426773,14,168,8734,2020,0.0,15711.0,-0.32910500000000004,-0.232963,AUS,PAK,830249
4426774,15,168,8734,2020,7939.0,6120.0,1.6711310000000001,0.059096,AUT,PAK,830249
4426775,18,168,8734,2020,0.0,6649.0,1.204632,1.278346,BEL,PAK,830249
4426776,28,168,8734,2020,0.0,343.0,0.858776,1.085652,BLR,PAK,830249
4426777,39,168,8734,2020,2017.0,18113.0,0.609267,1.1890479999999999,CAN,PAK,830249
4426778,41,168,8734,2020,1687.0,14955.0,2.184038,0.900965,CHE,PAK,830249
4426779,43,168,8734,2020,2179670.0,2994.0,1.187837,1.2237770000000001,CHN,PAK,830249
4426780,58,168,8734,2020,0.0,3160.0,0.5354760000000001,-0.069753,CYP,PAK,830249
4426781,59,168,8734,2020,0.0,1278.0,1.716646,0.602441,CZE,PAK,830249
4426782,61,168,8734,2020,68422.0,538472.0,2.027494,-2.3646689999999997,DEU,PAK,830249
4426783,64,168,8734,2020,0.0,69679.0,1.093217,1.2166549999999998,DNK,PAK,830249
4426784,71,168,8734,2020,15866.0,41390.0,0.736657,2.731661,ESP,PAK,830249
4426785,77,168,8734,2020,51154.0,19688.0,1.341275,0.8991870000000001,FRA,PAK,830249
4426786,81,168,8734,2020,3106.0,29379.0,1.6459,0.7702640000000001,GBR,PAK,830249
4426787,97,168,8734,2020,11468.0,0.0,1.070483,1.183618,HKG,PAK,830249
4426788,102,168,8734,2020,946.0,0.0,1.393152,0.878916,HUN,PAK,830249
4426789,103,168,8734,2020,4344.0,0.0,-0.16761700000000002,1.571009,IDN,PAK,830249
4426790,106,168,8734,2020,0.0,1502.0,1.337791,-0.20829699999999998,IRL,PAK,830249
4426791,111,168,8734,2020,42084.0,68249.0,1.299017,0.701797,ITA,PAK,830249
4426792,114,168,8734,2020,4791.0,0.0,2.405659,-0.38169000000000003,JPN,PAK,830249
4426793,121,168,8734,2020,12404.0,0.0,1.9703950000000001,0.800826,KOR,PAK,830249
4426794,122,168,8734,2020,1716.0,8190.0,-0.072977,-1.090017,KWT,PAK,830249
4426795,138,168,8734,2020,1455.0,1094.0,0.974514,0.563643,MEX,PAK,830249
4426796,162,168,8734,2020,198692.0,136504.0,1.035951,1.559401,NLD,PAK,830249
4426797,163,168,8734,2020,0.0,23017.0,0.793459,0.369766,NOR,PAK,830249
4426798,166,168,8734,2020,0.0,8812.0,0.145567,0.070121,NZL,PAK,830249
4426799,177,168,8734,2020,0.0,33490.0,1.0227979999999999,1.4079139999999999,POL,PAK,830249
4426800,185,168,8734,2020,1023.0,0.0,1.13426,0.9767809999999999,ROU,PAK,830249
4426801,186,168,8734,2020,7584.0,0.0,0.373882,0.42102700000000004,RUS,PAK,830249
4426802,188,168,8734,2020,0.0,211265.0,0.662925,-0.21661999999999998,SAU,PAK,830249
4426803,192,168,8734,2020,3657.0,0.0,1.948379,0.610574,SGP,PAK,830249
4426804,208,168,8734,2020,3277.0,23071.0,1.6911310000000002,0.791586,SWE,PAK,830249
4426805,216,168,8734,2020,19616.0,0.0,1.035524,1.2777180000000001,THA,PAK,830249
4426806,224,168,8734,2020,64186.0,2935.0,0.590472,2.619866,TUR,PAK,830249
4426807,231,168,8734,2020,139762.0,402072.0,1.588148,0.380904,USA,PAK,830249
4426808,239,168,8734,2020,6590.0,0.0,0.034229,0.89099,VNM,PAK,830249
4426809,246,168,8734,2020,0.0,4581.0,0.042099,0.923931,ZAF,PAK,830249
4426810,249,168,8734,2020,5155.0,0.0,2.0517060000000003,1.205431,TWN,PAK,830249
4426811,250,168,8734,2020,38221.0,0.0,0.866041,-0.371104,ANS,PAK,830249
4426812,0,169,8734,2020,0.0,12862.0,0.725364,-0.244535,ABW,PAN,830249
4426813,14,169,8734,2020,2205.0,0.0,-0.32910500000000004,-0.232963,AUS,PAN,830249
4426814,15,169,8734,2020,6344.0,0.0,1.6711310000000001,0.059096,AUT,PAN,830249
4426815,18,169,8734,2020,2065.0,0.0,1.204632,1.278346,BEL,PAN,830249
4426816,29,169,8734,2020,0.0,1479.0,-0.145757,-0.59123,BLZ,PAN,830249
4426817,32,169,8734,2020,4288.0,0.0,0.054622000000000004,0.532291,BRA,PAN,830249
4426818,33,169,8734,2020,0.0,1997.0,0.666435,0.060089,BRB,PAN,830249
4426819,43,169,8734,2020,563849.0,0.0,1.187837,1.2237770000000001,CHN,PAN,830249
4426820,52,169,8734,2020,0.0,53315.0,0.303849,-0.114494,CRI,PAN,830249
4426821,61,169,8734,2020,34585.0,0.0,2.027494,-2.3646689999999997,DEU,PAN,830249
4426822,71,169,8734,2020,19850.0,0.0,0.736657,2.731661,ESP,PAN,830249
4426823,77,169,8734,2020,1581.0,0.0,1.341275,0.8991870000000001,FRA,PAN,830249
4426824,90,169,8734,2020,3973.0,0.0,0.199011,1.087811,GRC,PAN,830249
4426825,91,169,8734,2020,0.0,7697.0,0.285169,-0.284221,GRD,PAN,830249
4426826,93,169,8734,2020,0.0,57415.0,-0.32240100000000005,0.542048,GTM,PAN,830249
4426827,96,169,8734,2020,0.0,10546.0,-0.5874159999999999,-0.8020189999999999,GUY,PAN,830249
4426828,111,169,8734,2020,55070.0,0.0,1.299017,0.701797,ITA,PAN,830249
4426829,112,169,8734,2020,0.0,59025.0,-0.21953000000000003,-0.6944899999999999,JAM,PAN,830249
4426830,138,169,8734,2020,27423.0,0.0,0.974514,0.563643,MEX,PAN,830249
4426831,162,169,8734,2020,1003.0,0.0,1.035951,1.559401,NLD,PAN,830249
4426832,177,169,8734,2020,2364.0,0.0,1.0227979999999999,1.4079139999999999,POL,PAN,830249
4426833,179,169,8734,2020,3285.0,0.0,0.656999,2.1136470000000003,PRT,PAN,830249
4426834,197,169,8734,2020,0.0,2661.0,-0.003327,0.18823399999999998,SLV,PAN,830249
4426835,231,169,8734,2020,544496.0,0.0,1.588148,0.380904,USA,PAN,830249
4426836,249,169,8734,2020,30547.0,0.0,2.0517060000000003,1.205431,TWN,PAN,830249
4426837,14,173,8734,2020,15820.0,0.0,-0.32910500000000004,-0.232963,AUS,PER,830249
4426838,15,173,8734,2020,5880.0,0.0,1.6711310000000001,0.059096,AUT,PER,830249
4426839,18,173,8734,2020,3759.0,0.0,1.204632,1.278346,BEL,PER,830249
4426840,32,173,8734,2020,20962.0,0.0,0.054622000000000004,0.532291,BRA,PER,830249
4426841,39,173,8734,2020,30034.0,0.0,0.609267,1.1890479999999999,CAN,PER,830249
4426842,41,173,8734,2020,1771.0,0.0,2.184038,0.900965,CHE,PER,830249
4426843,42,173,8734,2020,95817.0,1986.0,-0.307923,-0.565983,CHL,PER,830249
4426844,43,173,8734,2020,1010186.0,0.0,1.187837,1.2237770000000001,CHN,PER,830249
4426845,49,173,8734,2020,23640.0,0.0,0.115954,0.104558,COL,PER,830249
4426846,61,173,8734,2020,82520.0,0.0,2.027494,-2.3646689999999997,DEU,PER,830249
4426847,64,173,8734,2020,1703.0,0.0,1.093217,1.2166549999999998,DNK,PER,830249
4426848,67,173,8734,2020,0.0,21455.0,-1.074185,-1.084344,ECU,PER,830249
4426849,71,173,8734,2020,23129.0,0.0,0.736657,2.731661,ESP,PER,830249
4426850,74,173,8734,2020,6030.0,0.0,1.498089,1.066223,FIN,PER,830249
4426851,77,173,8734,2020,27127.0,0.0,1.341275,0.8991870000000001,FRA,PER,830249
4426852,81,173,8734,2020,33696.0,0.0,1.6459,0.7702640000000001,GBR,PER,830249
4426853,97,173,8734,2020,1417.0,0.0,1.070483,1.183618,HKG,PER,830249
4426854,102,173,8734,2020,18792.0,0.0,1.393152,0.878916,HUN,PER,830249
4426855,104,173,8734,2020,14236.0,0.0,0.464674,2.838779,IND,PER,830249
4426856,110,173,8734,2020,9861.0,0.0,1.487557,0.8370920000000001,ISR,PER,830249
4426857,111,173,8734,2020,92149.0,0.0,1.299017,0.701797,ITA,PER,830249
4426858,114,173,8734,2020,35707.0,0.0,2.405659,-0.38169000000000003,JPN,PER,830249
4426859,121,173,8734,2020,10048.0,0.0,1.9703950000000001,0.800826,KOR,PER,830249
4426860,138,173,8734,2020,12702.0,0.0,0.974514,0.563643,MEX,PER,830249
4426861,162,173,8734,2020,10557.0,1492.0,1.035951,1.559401,NLD,PER,830249
4426862,177,173,8734,2020,1485.0,0.0,1.0227979999999999,1.4079139999999999,POL,PER,830249
4426863,179,173,8734,2020,7913.0,0.0,0.656999,2.1136470000000003,PRT,PER,830249
4426864,186,173,8734,2020,1838.0,0.0,0.373882,0.42102700000000004,RUS,PER,830249
4426865,192,173,8734,2020,850.0,0.0,1.948379,0.610574,SGP,PER,830249
4426866,207,173,8734,2020,1126.0,0.0,1.570699,0.8442459999999999,SVN,PER,830249
4426867,208,173,8734,2020,2031.0,0.0,1.6911310000000002,0.791586,SWE,PER,830249
4426868,224,173,8734,2020,24552.0,0.0,0.590472,2.619866,TUR,PER,830249
4426869,228,173,8734,2020,28507.0,0.0,0.383736,0.531328,UKR,PER,830249
4426870,231,173,8734,2020,1000214.0,12355.0,1.588148,0.380904,USA,PER,830249
4426871,249,173,8734,2020,14726.0,0.0,2.0517060000000003,1.205431,TWN,PER,830249
4426872,7,174,8734,2020,6998.0,27875.0,-0.118349,-0.789485,ARE,PHL,830249
4426873,14,174,8734,2020,76040.0,113103.0,-0.32910500000000004,-0.232963,AUS,PHL,830249
4426874,15,174,8734,2020,1286.0,2162.0,1.6711310000000001,0.059096,AUT,PHL,830249
4426875,18,174,8734,2020,34626.0,0.0,1.204632,1.278346,BEL,PHL,830249
4426876,32,174,8734,2020,1072.0,0.0,0.054622000000000004,0.532291,BRA,PHL,830249
4426877,39,174,8734,2020,4766.0,156479.0,0.609267,1.1890479999999999,CAN,PHL,830249
4426878,41,174,8734,2020,2551.0,1340.0,2.184038,0.900965,CHE,PHL,830249
4426879,42,174,8734,2020,0.0,7003.0,-0.307923,-0.565983,CHL,PHL,830249
4426880,43,174,8734,2020,4891688.0,52111.0,1.187837,1.2237770000000001,CHN,PHL,830249
4426881,59,174,8734,2020,881.0,0.0,1.716646,0.602441,CZE,PHL,830249
4426882,61,174,8734,2020,140121.0,556152.0,2.027494,-2.3646689999999997,DEU,PHL,830249
4426883,64,174,8734,2020,1235.0,40020.0,1.093217,1.2166549999999998,DNK,PHL,830249
4426884,71,174,8734,2020,118648.0,1231.0,0.736657,2.731661,ESP,PHL,830249
4426885,74,174,8734,2020,1956.0,0.0,1.498089,1.066223,FIN,PHL,830249
4426886,77,174,8734,2020,286932.0,2279.0,1.341275,0.8991870000000001,FRA,PHL,830249
4426887,81,174,8734,2020,62302.0,18049.0,1.6459,0.7702640000000001,GBR,PHL,830249
4426888,97,174,8734,2020,470131.0,13742.0,1.070483,1.183618,HKG,PHL,830249
4426889,103,174,8734,2020,0.0,14154.0,-0.16761700000000002,1.571009,IDN,PHL,830249
4426890,104,174,8734,2020,21719.0,5316.0,0.464674,2.838779,IND,PHL,830249
4426891,106,174,8734,2020,0.0,2711.0,1.337791,-0.20829699999999998,IRL,PHL,830249
4426892,110,174,8734,2020,132002.0,24244.0,1.487557,0.8370920000000001,ISR,PHL,830249
4426893,111,174,8734,2020,30707.0,0.0,1.299017,0.701797,ITA,PHL,830249
4426894,114,174,8734,2020,933560.0,668635.0,2.405659,-0.38169000000000003,JPN,PHL,830249
4426895,115,174,8734,2020,0.0,4595.0,-0.48361899999999997,-0.626675,KAZ,PHL,830249
4426896,118,174,8734,2020,0.0,11352.0,-0.602562,-0.505135,KHM,PHL,830249
4426897,121,174,8734,2020,313395.0,34985.0,1.9703950000000001,0.800826,KOR,PHL,830249
4426898,131,174,8734,2020,879.0,0.0,1.197655,1.432727,LUX,PHL,830249
4426899,138,174,8734,2020,0.0,3398.0,0.974514,0.563643,MEX,PHL,830249
4426900,139,174,8734,2020,0.0,4284.0,-0.23666700000000002,-0.822276,MHL,PHL,830249
4426901,153,174,8734,2020,122591.0,2882.0,1.185223,0.573439,MYS,PHL,830249
4426902,159,174,8734,2020,0.0,13253.0,-1.6399299999999999,-1.19536,NGA,PHL,830249
4426903,162,174,8734,2020,71737.0,149033.0,1.035951,1.559401,NLD,PHL,830249
4426904,163,174,8734,2020,0.0,4115.0,0.793459,0.369766,NOR,PHL,830249
4426905,166,174,8734,2020,2103.0,3538.0,0.145567,0.070121,NZL,PHL,830249
4426906,177,174,8734,2020,0.0,2601.0,1.0227979999999999,1.4079139999999999,POL,PHL,830249
4426907,185,174,8734,2020,23609.0,0.0,1.13426,0.9767809999999999,ROU,PHL,830249
4426908,186,174,8734,2020,0.0,41605.0,0.373882,0.42102700000000004,RUS,PHL,830249
4426909,188,174,8734,2020,0.0,38313.0,0.662925,-0.21661999999999998,SAU,PHL,830249
4426910,192,174,8734,2020,1526546.0,9621.0,1.948379,0.610574,SGP,PHL,830249
4426911,206,174,8734,2020,1478.0,0.0,1.338026,0.825268,SVK,PHL,830249
4426912,208,174,8734,2020,11170.0,0.0,1.6911310000000002,0.791586,SWE,PHL,830249
4426913,216,174,8734,2020,237912.0,121963.0,1.035524,1.2777180000000001,THA,PHL,830249
4426914,224,174,8734,2020,3480.0,2862.0,0.590472,2.619866,TUR,PHL,830249
4426915,228,174,8734,2020,0.0,5128.0,0.383736,0.531328,UKR,PHL,830249
4426916,231,174,8734,2020,662331.0,1997264.0,1.588148,0.380904,USA,PHL,830249
4426917,239,174,8734,2020,43015.0,29859.0,0.034229,0.89099,VNM,PHL,830249
4426918,246,174,8734,2020,0.0,1393.0,0.042099,0.923931,ZAF,PHL,830249
4426919,249,174,8734,2020,1180219.0,8547.0,2.0517060000000003,1.205431,TWN,PHL,830249
4426920,4,177,8734,2020,0.0,3492.0,-0.265229,0.059049000000000004,ALB,POL,830249
4426921,7,177,8734,2020,2981.0,31590.0,-0.118349,-0.789485,ARE,POL,830249
4426922,14,177,8734,2020,3907.0,24600.0,-0.32910500000000004,-0.232963,AUS,POL,830249
4426923,15,177,8734,2020,133850.0,862815.0,1.6711310000000001,0.059096,AUT,POL,830249
4426924,16,177,8734,2020,0.0,1617.0,-1.142366,-1.2529190000000001,AZE,POL,830249
4426925,18,177,8734,2020,606129.0,262214.0,1.204632,1.278346,BEL,POL,830249
4426926,22,177,8734,2020,1021.0,0.0,-0.874451,-0.9031309999999999,BGD,POL,830249
4426927,23,177,8734,2020,215798.0,223216.0,0.6328520000000001,1.8517009999999998,BGR,POL,830249
4426928,26,177,8734,2020,78036.0,34698.0,0.5449470000000001,0.91781,BIH,POL,830249
4426929,27,177,8734,2020,0.0,18789.0,0.8652860000000001,-0.390323,BLM,POL,830249
4426930,28,177,8734,2020,17870.0,234649.0,0.858776,1.085652,BLR,POL,830249
4426931,31,177,8734,2020,0.0,855.0,-0.835558,-0.9611350000000001,BOL,POL,830249
4426932,32,177,8734,2020,31992.0,8971.0,0.054622000000000004,0.532291,BRA,POL,830249
4426933,39,177,8734,2020,73725.0,69893.0,0.609267,1.1890479999999999,CAN,POL,830249
4426934,41,177,8734,2020,171416.0,268299.0,2.184038,0.900965,CHE,POL,830249
4426935,42,177,8734,2020,0.0,1363.0,-0.307923,-0.565983,CHL,POL,830249
4426936,43,177,8734,2020,6021317.0,88930.0,1.187837,1.2237770000000001,CHN,POL,830249
4426937,52,177,8734,2020,31868.0,0.0,0.303849,-0.114494,CRI,POL,830249
4426938,58,177,8734,2020,7268.0,5336.0,0.5354760000000001,-0.069753,CYP,POL,830249
4426939,59,177,8734,2020,630188.0,2792526.0,1.716646,0.602441,CZE,POL,830249
4426940,61,177,8734,2020,15490802.0,11299687.0,2.027494,-2.3646689999999997,DEU,POL,830249
4426941,64,177,8734,2020,518863.0,579067.0,1.093217,1.2166549999999998,DNK,POL,830249
4426942,68,177,8734,2020,0.0,6739.0,-0.186095,1.6414330000000001,EGY,POL,830249
4426943,71,177,8734,2020,379121.0,480799.0,0.736657,2.731661,ESP,POL,830249
4426944,72,177,8734,2020,4803.0,174082.0,1.012385,1.305015,EST,POL,830249
4426945,74,177,8734,2020,376099.0,294586.0,1.498089,1.066223,FIN,POL,830249
4426946,77,177,8734,2020,730928.0,1104507.0,1.341275,0.8991870000000001,FRA,POL,830249
4426947,81,177,8734,2020,2065846.0,1417127.0,1.6459,0.7702640000000001,GBR,POL,830249
4426948,82,177,8734,2020,0.0,30714.0,-0.199775,-0.38684,GEO,POL,830249
4426949,90,177,8734,2020,0.0,43162.0,0.199011,1.087811,GRC,POL,830249
4426950,97,177,8734,2020,9090.0,5642.0,1.070483,1.183618,HKG,POL,830249
4426951,100,177,8734,2020,28697.0,139016.0,0.876001,1.250877,HRV,POL,830249
4426952,102,177,8734,2020,99069.0,603308.0,1.393152,0.878916,HUN,POL,830249
4426953,103,177,8734,2020,2515.0,1101.0,-0.16761700000000002,1.571009,IDN,POL,830249
4426954,104,177,8734,2020,152842.0,8634.0,0.464674,2.838779,IND,POL,830249
4426955,106,177,8734,2020,13833.0,44404.0,1.337791,-0.20829699999999998,IRL,POL,830249
4426956,109,177,8734,2020,0.0,29060.0,0.27161399999999997,-0.17819200000000002,ISL,POL,830249
4426957,110,177,8734,2020,35162.0,43076.0,1.487557,0.8370920000000001,ISR,POL,830249
4426958,111,177,8734,2020,5232265.0,768630.0,1.299017,0.701797,ITA,POL,830249
4426959,114,177,8734,2020,13504.0,13813.0,2.405659,-0.38169000000000003,JPN,POL,830249
4426960,115,177,8734,2020,4719.0,34092.0,-0.48361899999999997,-0.626675,KAZ,POL,830249
4426961,117,177,8734,2020,0.0,4808.0,-0.117317,0.36644,KGZ,POL,830249
4426962,121,177,8734,2020,40858.0,35979.0,1.9703950000000001,0.800826,KOR,POL,830249
4426963,122,177,8734,2020,0.0,1076.0,-0.072977,-1.090017,KWT,POL,830249
4426964,124,177,8734,2020,0.0,2394.0,0.35459,1.067965,LBN,POL,830249
4426965,130,177,8734,2020,33766.0,2453296.0,0.9772870000000001,1.291244,LTU,POL,830249
4426966,131,177,8734,2020,0.0,30646.0,1.197655,1.432727,LUX,POL,830249
4426967,132,177,8734,2020,268809.0,272291.0,0.712901,1.119907,LVA,POL,830249
4426968,134,177,8734,2020,0.0,13794.0,-0.5208510000000001,-0.080499,MAR,POL,830249
4426969,135,177,8734,2020,0.0,29422.0,-0.06779199999999999,-0.240851,MDA,POL,830249
4426970,138,177,8734,2020,51293.0,3600.0,0.974514,0.563643,MEX,POL,830249
4426971,140,177,8734,2020,0.0,1939.0,0.147947,-0.11116500000000001,MKD,POL,830249
4426972,142,177,8734,2020,0.0,17066.0,0.9159309999999999,0.24442199999999997,MLT,POL,830249
4426973,144,177,8734,2020,0.0,1753.0,0.355595,0.140822,MNE,POL,830249
4426974,145,177,8734,2020,0.0,2541.0,-1.011938,-1.127569,MNG,POL,830249
4426975,151,177,8734,2020,0.0,2541.0,-0.048897,0.11543099999999999,MUS,POL,830249
4426976,153,177,8734,2020,3712.0,1200.0,1.185223,0.573439,MYS,POL,830249
4426977,159,177,8734,2020,0.0,10661.0,-1.6399299999999999,-1.19536,NGA,POL,830249
4426978,162,177,8734,2020,3565197.0,1705726.0,1.035951,1.559401,NLD,POL,830249
4426979,163,177,8734,2020,71081.0,216633.0,0.793459,0.369766,NOR,POL,830249
4426980,166,177,8734,2020,0.0,32802.0,0.145567,0.070121,NZL,POL,830249
4426981,167,177,8734,2020,0.0,5011.0,-0.251371,-0.8775299999999999,OMN,POL,830249
4426982,168,177,8734,2020,33490.0,0.0,-0.52984,0.63654,PAK,POL,830249
4426983,169,177,8734,2020,0.0,2364.0,0.590821,0.786784,PAN,POL,830249
4426984,173,177,8734,2020,0.0,1485.0,-0.717014,-0.152142,PER,POL,830249
4426985,174,177,8734,2020,2601.0,0.0,0.755786,0.24693,PHL,POL,830249
4426986,179,177,8734,2020,1483737.0,200235.0,0.656999,2.1136470000000003,PRT,POL,830249
4426987,185,177,8734,2020,69663.0,2687040.0,1.13426,0.9767809999999999,ROU,POL,830249
4426988,186,177,8734,2020,5046.0,798602.0,0.373882,0.42102700000000004,RUS,POL,830249
4426989,188,177,8734,2020,0.0,13008.0,0.662925,-0.21661999999999998,SAU,POL,830249
4426990,192,177,8734,2020,4283.0,27210.0,1.948379,0.610574,SGP,POL,830249
4426991,201,177,8734,2020,0.0,86148.0,0.5868399999999999,1.1187120000000002,SRB,POL,830249
4426992,206,177,8734,2020,209694.0,1652097.0,1.338026,0.825268,SVK,POL,830249
4426993,207,177,8734,2020,271522.0,119172.0,1.570699,0.8442459999999999,SVN,POL,830249
4426994,208,177,8734,2020,2088327.0,1831913.0,1.6911310000000002,0.791586,SWE,POL,830249
4426995,216,177,8734,2020,5072.0,5076.0,1.035524,1.2777180000000001,THA,POL,830249
4426996,223,177,8734,2020,0.0,97158.0,0.220298,0.454477,TUN,POL,830249
4426997,224,177,8734,2020,796700.0,263836.0,0.590472,2.619866,TUR,POL,830249
4426998,228,177,8734,2020,1469388.0,1046007.0,0.383736,0.531328,UKR,POL,830249
4426999,231,177,8734,2020,5885828.0,1041089.0,1.588148,0.380904,USA,POL,830249
4427000,239,177,8734,2020,400776.0,23530.0,0.034229,0.89099,VNM,POL,830249
4427001,246,177,8734,2020,15737.0,158849.0,0.042099,0.923931,ZAF,POL,830249
4427002,249,177,8734,2020,519972.0,1668.0,2.0517060000000003,1.205431,TWN,POL,830249
4427003,250,177,8734,2020,178927.0,0.0,0.866041,-0.371104,ANS,POL,830249
4427004,2,179,8734,2020,0.0,793964.0,-1.7948709999999999,-1.199555,AGO,PRT,830249
4427005,7,179,8734,2020,0.0,168859.0,-0.118349,-0.789485,ARE,PRT,830249
4427006,8,179,8734,2020,0.0,1104.0,-0.14746199999999998,0.039795,ARG,PRT,830249
4427007,14,179,8734,2020,6958.0,29965.0,-0.32910500000000004,-0.232963,AUS,PRT,830249
4427008,15,179,8734,2020,3423.0,5853.0,1.6711310000000001,0.059096,AUT,PRT,830249
4427009,16,179,8734,2020,0.0,8324.0,-1.142366,-1.2529190000000001,AZE,PRT,830249
4427010,18,179,8734,2020,184786.0,190377.0,1.204632,1.278346,BEL,PRT,830249
4427011,20,179,8734,2020,0.0,8571.0,0.653039,-0.6295270000000001,BES,PRT,830249
4427012,23,179,8734,2020,0.0,7037.0,0.6328520000000001,1.8517009999999998,BGR,PRT,830249
4427013,24,179,8734,2020,0.0,359708.0,0.379085,-0.634111,BHR,PRT,830249
4427014,26,179,8734,2020,0.0,768.0,0.5449470000000001,0.91781,BIH,PRT,830249
4427015,27,179,8734,2020,0.0,18399.0,0.8652860000000001,-0.390323,BLM,PRT,830249
4427016,31,179,8734,2020,0.0,28665.0,-0.835558,-0.9611350000000001,BOL,PRT,830249
4427017,32,179,8734,2020,6674.0,50014.0,0.054622000000000004,0.532291,BRA,PRT,830249
4427018,39,179,8734,2020,0.0,25935.0,0.609267,1.1890479999999999,CAN,PRT,830249
4427019,41,179,8734,2020,18451.0,196703.0,2.184038,0.900965,CHE,PRT,830249
4427020,42,179,8734,2020,0.0,251894.0,-0.307923,-0.565983,CHL,PRT,830249
4427021,43,179,8734,2020,831359.0,8462.0,1.187837,1.2237770000000001,CHN,PRT,830249
4427022,46,179,8734,2020,0.0,2162.0,-1.538455,-1.1857659999999999,COD,PRT,830249
4427023,47,179,8734,2020,0.0,3086.0,-1.580638,-1.2020870000000001,COG,PRT,830249
4427024,49,179,8734,2020,0.0,24185.0,0.115954,0.104558,COL,PRT,830249
4427025,51,179,8734,2020,0.0,356203.0,-0.235719,-0.746113,CPV,PRT,830249
4427026,52,179,8734,2020,0.0,1130.0,0.303849,-0.114494,CRI,PRT,830249
4427027,58,179,8734,2020,0.0,10779.0,0.5354760000000001,-0.069753,CYP,PRT,830249
4427028,59,179,8734,2020,32215.0,271673.0,1.716646,0.602441,CZE,PRT,830249
4427029,61,179,8734,2020,981698.0,651863.0,2.027494,-2.3646689999999997,DEU,PRT,830249
4427030,64,179,8734,2020,11675.0,3093.0,1.093217,1.2166549999999998,DNK,PRT,830249
4427031,65,179,8734,2020,0.0,83783.0,0.06500299999999999,0.2812,DOM,PRT,830249
4427032,66,179,8734,2020,0.0,248591.0,-1.015133,-1.243726,DZA,PRT,830249
4427033,67,179,8734,2020,0.0,11543.0,-1.074185,-1.084344,ECU,PRT,830249
4427034,68,179,8734,2020,0.0,11036.0,-0.186095,1.6414330000000001,EGY,PRT,830249
4427035,71,179,8734,2020,5743714.0,1492951.0,0.736657,2.731661,ESP,PRT,830249
4427036,72,179,8734,2020,0.0,3021.0,1.012385,1.305015,EST,PRT,830249
4427037,74,179,8734,2020,0.0,26778.0,1.498089,1.066223,FIN,PRT,830249
4427038,77,179,8734,2020,599182.0,598064.0,1.341275,0.8991870000000001,FRA,PRT,830249
4427039,80,179,8734,2020,0.0,1479.0,-1.6422990000000002,-1.207249,GAB,PRT,830249
4427040,81,179,8734,2020,565707.0,78549.0,1.6459,0.7702640000000001,GBR,PRT,830249
4427041,82,179,8734,2020,0.0,20091.0,-0.199775,-0.38684,GEO,PRT,830249
4427042,83,179,8734,2020,0.0,1132.0,-0.973506,-0.9559139999999999,GHA,PRT,830249
4427043,88,179,8734,2020,0.0,10463.0,-1.172138,-0.944076,GNB,PRT,830249
4427044,89,179,8734,2020,0.0,1505.0,-1.5979940000000001,-0.9529340000000001,GNQ,PRT,830249
4427045,90,179,8734,2020,28450.0,116438.0,0.199011,1.087811,GRC,PRT,830249
4427046,93,179,8734,2020,0.0,6396.0,-0.32240100000000005,0.542048,GTM,PRT,830249
4427047,97,179,8734,2020,406862.0,61137.0,1.070483,1.183618,HKG,PRT,830249
4427048,99,179,8734,2020,0.0,2167.0,-0.583329,-0.404227,HND,PRT,830249
4427049,100,179,8734,2020,0.0,29429.0,0.876001,1.250877,HRV,PRT,830249
4427050,102,179,8734,2020,7318.0,33913.0,1.393152,0.878916,HUN,PRT,830249
4427051,103,179,8734,2020,1248.0,6201.0,-0.16761700000000002,1.571009,IDN,PRT,830249
4427052,104,179,8734,2020,129250.0,33941.0,0.464674,2.838779,IND,PRT,830249
4427053,106,179,8734,2020,1113.0,20301.0,1.337791,-0.20829699999999998,IRL,PRT,830249
4427054,109,179,8734,2020,0.0,24662.0,0.27161399999999997,-0.17819200000000002,ISL,PRT,830249
4427055,110,179,8734,2020,2095.0,125599.0,1.487557,0.8370920000000001,ISR,PRT,830249
4427056,111,179,8734,2020,827964.0,435188.0,1.299017,0.701797,ITA,PRT,830249
4427057,113,179,8734,2020,0.0,1411.0,-0.060384,0.139902,JOR,PRT,830249
4427058,114,179,8734,2020,13899.0,2963.0,2.405659,-0.38169000000000003,JPN,PRT,830249
4427059,121,179,8734,2020,0.0,44463.0,1.9703950000000001,0.800826,KOR,PRT,830249
4427060,122,179,8734,2020,0.0,8694.0,-0.072977,-1.090017,KWT,PRT,830249
4427061,124,179,8734,2020,0.0,6931.0,0.35459,1.067965,LBN,PRT,830249
4427062,130,179,8734,2020,0.0,296957.0,0.9772870000000001,1.291244,LTU,PRT,830249
4427063,131,179,8734,2020,0.0,5061.0,1.197655,1.432727,LUX,PRT,830249
4427064,132,179,8734,2020,6730.0,80374.0,0.712901,1.119907,LVA,PRT,830249
4427065,134,179,8734,2020,0.0,163036.0,-0.5208510000000001,-0.080499,MAR,PRT,830249
4427066,138,179,8734,2020,0.0,19054.0,0.974514,0.563643,MEX,PRT,830249
4427067,142,179,8734,2020,0.0,30702.0,0.9159309999999999,0.24442199999999997,MLT,PRT,830249
4427068,144,179,8734,2020,0.0,1876.0,0.355595,0.140822,MNE,PRT,830249
4427069,147,179,8734,2020,0.0,510667.0,-1.1186040000000002,-0.974224,MOZ,PRT,830249
4427070,148,179,8734,2020,0.0,15860.0,-1.400894,-1.27631,MRT,PRT,830249
4427071,151,179,8734,2020,0.0,14408.0,-0.048897,0.11543099999999999,MUS,PRT,830249
4427072,153,179,8734,2020,3356.0,0.0,1.185223,0.573439,MYS,PRT,830249
4427073,162,179,8734,2020,369612.0,1197511.0,1.035951,1.559401,NLD,PRT,830249
4427074,163,179,8734,2020,1728.0,63259.0,0.793459,0.369766,NOR,PRT,830249
4427075,166,179,8734,2020,0.0,25405.0,0.145567,0.070121,NZL,PRT,830249
4427076,169,179,8734,2020,0.0,3285.0,0.590821,0.786784,PAN,PRT,830249
4427077,173,179,8734,2020,0.0,7913.0,-0.717014,-0.152142,PER,PRT,830249
4427078,177,179,8734,2020,200235.0,1483737.0,1.0227979999999999,1.4079139999999999,POL,PRT,830249
4427079,180,179,8734,2020,0.0,4961.0,-0.45920600000000006,-0.930341,PRY,PRT,830249
4427080,183,179,8734,2020,0.0,14879.0,-0.028836,-1.0183950000000002,QAT,PRT,830249
4427081,185,179,8734,2020,147329.0,247739.0,1.13426,0.9767809999999999,ROU,PRT,830249
4427082,186,179,8734,2020,1651.0,112372.0,0.373882,0.42102700000000004,RUS,PRT,830249
4427083,188,179,8734,2020,0.0,86418.0,0.662925,-0.21661999999999998,SAU,PRT,830249
4427084,191,179,8734,2020,0.0,6244.0,-0.634185,-0.398728,SEN,PRT,830249
4427085,192,179,8734,2020,10885.0,27042.0,1.948379,0.610574,SGP,PRT,830249
4427086,203,179,8734,2020,0.0,63501.0,0.327507,-0.46483,STP,PRT,830249
4427087,206,179,8734,2020,0.0,912009.0,1.338026,0.825268,SVK,PRT,830249
4427088,207,179,8734,2020,0.0,118328.0,1.570699,0.8442459999999999,SVN,PRT,830249
4427089,208,179,8734,2020,315505.0,443685.0,1.6911310000000002,0.791586,SWE,PRT,830249
4427090,215,179,8734,2020,0.0,3634.0,-0.719535,-0.746202,TGO,PRT,830249
4427091,216,179,8734,2020,12282.0,0.0,1.035524,1.2777180000000001,THA,PRT,830249
4427092,223,179,8734,2020,0.0,185329.0,0.220298,0.454477,TUN,PRT,830249
4427093,224,179,8734,2020,68250.0,736102.0,0.590472,2.619866,TUR,PRT,830249
4427094,226,179,8734,2020,0.0,1156.0,-1.024,-0.023909,TZA,PRT,830249
4427095,228,179,8734,2020,0.0,20382.0,0.383736,0.531328,UKR,PRT,830249
4427096,231,179,8734,2020,1192702.0,364141.0,1.588148,0.380904,USA,PRT,830249
4427097,236,179,8734,2020,0.0,10025.0,-1.058537,-1.178218,VEN,PRT,830249
4427098,239,179,8734,2020,0.0,3807.0,0.034229,0.89099,VNM,PRT,830249
4427099,246,179,8734,2020,0.0,9029.0,0.042099,0.923931,ZAF,PRT,830249
4427100,249,179,8734,2020,14313.0,8437.0,2.0517060000000003,1.205431,TWN,PRT,830249
4427101,8,180,8734,2020,5955.0,0.0,-0.14746199999999998,0.039795,ARG,PRY,830249
4427102,14,180,8734,2020,3333.0,0.0,-0.32910500000000004,-0.232963,AUS,PRY,830249
4427103,15,180,8734,2020,6115.0,0.0,1.6711310000000001,0.059096,AUT,PRY,830249
4427104,32,180,8734,2020,215559.0,0.0,0.054622000000000004,0.532291,BRA,PRY,830249
4427105,39,180,8734,2020,1740.0,0.0,0.609267,1.1890479999999999,CAN,PRY,830249
4427106,43,180,8734,2020,156624.0,0.0,1.187837,1.2237770000000001,CHN,PRY,830249
4427107,61,180,8734,2020,9685.0,0.0,2.027494,-2.3646689999999997,DEU,PRY,830249
4427108,71,180,8734,2020,12609.0,0.0,0.736657,2.731661,ESP,PRY,830249
4427109,77,180,8734,2020,1528.0,0.0,1.341275,0.8991870000000001,FRA,PRY,830249
4427110,104,180,8734,2020,1384.0,0.0,0.464674,2.838779,IND,PRY,830249
4427111,110,180,8734,2020,2366.0,0.0,1.487557,0.8370920000000001,ISR,PRY,830249
4427112,111,180,8734,2020,46858.0,0.0,1.299017,0.701797,ITA,PRY,830249
4427113,114,180,8734,2020,1827.0,0.0,2.405659,-0.38169000000000003,JPN,PRY,830249
4427114,121,180,8734,2020,1342.0,0.0,1.9703950000000001,0.800826,KOR,PRY,830249
4427115,138,180,8734,2020,625.0,0.0,0.974514,0.563643,MEX,PRY,830249
4427116,162,180,8734,2020,20865.0,0.0,1.035951,1.559401,NLD,PRY,830249
4427117,179,180,8734,2020,4961.0,0.0,0.656999,2.1136470000000003,PRT,PRY,830249
4427118,216,180,8734,2020,1478.0,0.0,1.035524,1.2777180000000001,THA,PRY,830249
4427119,224,180,8734,2020,16955.0,0.0,0.590472,2.619866,TUR,PRY,830249
4427120,231,180,8734,2020,9520.0,0.0,1.588148,0.380904,USA,PRY,830249
4427121,249,180,8734,2020,8762.0,0.0,2.0517060000000003,1.205431,TWN,PRY,830249
4427122,7,188,8734,2020,652320.0,31885.0,-0.118349,-0.789485,ARE,SAU,830249
4427123,14,188,8734,2020,62176.0,0.0,-0.32910500000000004,-0.232963,AUS,SAU,830249
4427124,15,188,8734,2020,21547.0,0.0,1.6711310000000001,0.059096,AUT,SAU,830249
4427125,18,188,8734,2020,15804.0,0.0,1.204632,1.278346,BEL,SAU,830249
4427126,23,188,8734,2020,6515.0,0.0,0.6328520000000001,1.8517009999999998,BGR,SAU,830249
4427127,24,188,8734,2020,3494.0,125501.0,0.379085,-0.634111,BHR,SAU,830249
4427128,39,188,8734,2020,206686.0,0.0,0.609267,1.1890479999999999,CAN,SAU,830249
4427129,41,188,8734,2020,22210.0,0.0,2.184038,0.900965,CHE,SAU,830249
4427130,43,188,8734,2020,8024433.0,0.0,1.187837,1.2237770000000001,CHN,SAU,830249
4427131,59,188,8734,2020,13217.0,0.0,1.716646,0.602441,CZE,SAU,830249
4427132,61,188,8734,2020,301962.0,2861.0,2.027494,-2.3646689999999997,DEU,SAU,830249
4427133,64,188,8734,2020,40195.0,0.0,1.093217,1.2166549999999998,DNK,SAU,830249
4427134,71,188,8734,2020,60702.0,0.0,0.736657,2.731661,ESP,SAU,830249
4427135,73,188,8734,2020,0.0,16378.0,-0.952033,-0.707262,ETH,SAU,830249
4427136,74,188,8734,2020,3620.0,0.0,1.498089,1.066223,FIN,SAU,830249
4427137,77,188,8734,2020,221619.0,0.0,1.341275,0.8991870000000001,FRA,SAU,830249
4427138,81,188,8734,2020,879442.0,97641.0,1.6459,0.7702640000000001,GBR,SAU,830249
4427139,90,188,8734,2020,633429.0,0.0,0.199011,1.087811,GRC,SAU,830249
4427140,97,188,8734,2020,29652.0,0.0,1.070483,1.183618,HKG,SAU,830249
4427141,102,188,8734,2020,9499.0,0.0,1.393152,0.878916,HUN,SAU,830249
4427142,104,188,8734,2020,358390.0,5039.0,0.464674,2.838779,IND,SAU,830249
4427143,111,188,8734,2020,2968888.0,0.0,1.299017,0.701797,ITA,SAU,830249
4427144,114,188,8734,2020,33551.0,0.0,2.405659,-0.38169000000000003,JPN,SAU,830249
4427145,121,188,8734,2020,30232.0,0.0,1.9703950000000001,0.800826,KOR,SAU,830249
4427146,122,188,8734,2020,6842.0,56425.0,-0.072977,-1.090017,KWT,SAU,830249
4427147,124,188,8734,2020,80523.0,18152.0,0.35459,1.067965,LBN,SAU,830249
4427148,128,188,8734,2020,12011.0,0.0,-0.48448599999999997,0.5495220000000001,LKA,SAU,830249
4427149,131,188,8734,2020,11850.0,0.0,1.197655,1.432727,LUX,SAU,830249
4427150,138,188,8734,2020,233048.0,0.0,0.974514,0.563643,MEX,SAU,830249
4427151,153,188,8734,2020,4613.0,0.0,1.185223,0.573439,MYS,SAU,830249
4427152,162,188,8734,2020,100583.0,1786.0,1.035951,1.559401,NLD,SAU,830249
4427153,163,188,8734,2020,2091.0,0.0,0.793459,0.369766,NOR,SAU,830249
4427154,167,188,8734,2020,0.0,365098.0,-0.251371,-0.8775299999999999,OMN,SAU,830249
4427155,168,188,8734,2020,211265.0,0.0,-0.52984,0.63654,PAK,SAU,830249
4427156,174,188,8734,2020,38313.0,0.0,0.755786,0.24693,PHL,SAU,830249
4427157,177,188,8734,2020,13008.0,0.0,1.0227979999999999,1.4079139999999999,POL,SAU,830249
4427158,179,188,8734,2020,86418.0,0.0,0.656999,2.1136470000000003,PRT,SAU,830249
4427159,185,188,8734,2020,64107.0,0.0,1.13426,0.9767809999999999,ROU,SAU,830249
4427160,190,188,8734,2020,0.0,38277.0,-1.380126,-1.280657,SDN,SAU,830249
4427161,192,188,8734,2020,23571.0,0.0,1.948379,0.610574,SGP,SAU,830249
4427162,199,188,8734,2020,0.0,105664.0,-1.26219,-1.0055180000000001,SOM,SAU,830249
4427163,206,188,8734,2020,2205.0,0.0,1.338026,0.825268,SVK,SAU,830249
4427164,207,188,8734,2020,2114.0,0.0,1.570699,0.8442459999999999,SVN,SAU,830249
4427165,208,188,8734,2020,6346.0,0.0,1.6911310000000002,0.791586,SWE,SAU,830249
4427166,216,188,8734,2020,1983.0,0.0,1.035524,1.2777180000000001,THA,SAU,830249
4427167,223,188,8734,2020,6353.0,0.0,0.220298,0.454477,TUN,SAU,830249
4427168,224,188,8734,2020,2884824.0,0.0,0.590472,2.619866,TUR,SAU,830249
4427169,231,188,8734,2020,2268680.0,95346.0,1.588148,0.380904,USA,SAU,830249
4427170,239,188,8734,2020,4976.0,0.0,0.034229,0.89099,VNM,SAU,830249
4427171,243,188,8734,2020,0.0,60853.0,-1.130952,-1.137774,YEM,SAU,830249
4427172,246,188,8734,2020,7352.0,0.0,0.042099,0.923931,ZAF,SAU,830249
4427173,249,188,8734,2020,769149.0,0.0,2.0517060000000003,1.205431,TWN,SAU,830249
4427174,250,188,8734,2020,56116.0,0.0,0.866041,-0.371104,ANS,SAU,830249
4427175,7,192,8734,2020,12300.0,183181.0,-0.118349,-0.789485,ARE,SGP,830249
4427176,8,192,8734,2020,0.0,1122.0,-0.14746199999999998,0.039795,ARG,SGP,830249
4427177,14,192,8734,2020,296426.0,226687.0,-0.32910500000000004,-0.232963,AUS,SGP,830249
4427178,15,192,8734,2020,16329.0,3712.0,1.6711310000000001,0.059096,AUT,SGP,830249
4427179,16,192,8734,2020,0.0,2872.0,-1.142366,-1.2529190000000001,AZE,SGP,830249
4427180,18,192,8734,2020,104471.0,25492.0,1.204632,1.278346,BEL,SGP,830249
4427181,19,192,8734,2020,0.0,6586.0,-0.467344,-0.686191,BEN,SGP,830249
4427182,22,192,8734,2020,0.0,80198.0,-0.874451,-0.9031309999999999,BGD,SGP,830249
4427183,32,192,8734,2020,3066.0,13636.0,0.054622000000000004,0.532291,BRA,SGP,830249
4427184,34,192,8734,2020,0.0,606124.0,0.432569,-0.8083779999999999,BRN,SGP,830249
4427185,39,192,8734,2020,34268.0,51932.0,0.609267,1.1890479999999999,CAN,SGP,830249
4427186,41,192,8734,2020,22092.0,77146.0,2.184038,0.900965,CHE,SGP,830249
4427187,43,192,8734,2020,16301833.0,265846.0,1.187837,1.2237770000000001,CHN,SGP,830249
4427188,49,192,8734,2020,0.0,11353.0,0.115954,0.104558,COL,SGP,830249
4427189,52,192,8734,2020,0.0,1724.0,0.303849,-0.114494,CRI,SGP,830249
4427190,59,192,8734,2020,39742.0,81017.0,1.716646,0.602441,CZE,SGP,830249
4427191,61,192,8734,2020,1711783.0,226415.0,2.027494,-2.3646689999999997,DEU,SGP,830249
4427192,64,192,8734,2020,33492.0,14308.0,1.093217,1.2166549999999998,DNK,SGP,830249
4427193,65,192,8734,2020,12149.0,0.0,0.06500299999999999,0.2812,DOM,SGP,830249
4427194,71,192,8734,2020,3997.0,7542.0,0.736657,2.731661,ESP,SGP,830249
4427195,72,192,8734,2020,1952.0,0.0,1.012385,1.305015,EST,SGP,830249
4427196,73,192,8734,2020,0.0,1515.0,-0.952033,-0.707262,ETH,SGP,830249
4427197,74,192,8734,2020,6751.0,4483.0,1.498089,1.066223,FIN,SGP,830249
4427198,75,192,8734,2020,0.0,4996.0,-0.184167,-0.081888,FJI,SGP,830249
4427199,77,192,8734,2020,2523020.0,363924.0,1.341275,0.8991870000000001,FRA,SGP,830249
4427200,81,192,8734,2020,11156518.0,152304.0,1.6459,0.7702640000000001,GBR,SGP,830249
4427201,87,192,8734,2020,0.0,699.0,-1.11216,-0.956471,GMB,SGP,830249
4427202,89,192,8734,2020,0.0,5724.0,-1.5979940000000001,-0.9529340000000001,GNQ,SGP,830249
4427203,90,192,8734,2020,15596.0,299.0,0.199011,1.087811,GRC,SGP,830249
4427204,97,192,8734,2020,413817.0,851681.0,1.070483,1.183618,HKG,SGP,830249
4427205,102,192,8734,2020,3516.0,5062.0,1.393152,0.878916,HUN,SGP,830249
4427206,103,192,8734,2020,89839.0,1559526.0,-0.16761700000000002,1.571009,IDN,SGP,830249
4427207,104,192,8734,2020,141482.0,968138.0,0.464674,2.838779,IND,SGP,830249
4427208,106,192,8734,2020,69943.0,5758.0,1.337791,-0.20829699999999998,IRL,SGP,830249
4427209,110,192,8734,2020,80449.0,72418.0,1.487557,0.8370920000000001,ISR,SGP,830249
4427210,111,192,8734,2020,165183.0,47104.0,1.299017,0.701797,ITA,SGP,830249
4427211,113,192,8734,2020,0.0,1188.0,-0.060384,0.139902,JOR,SGP,830249
4427212,114,192,8734,2020,802576.0,742746.0,2.405659,-0.38169000000000003,JPN,SGP,830249
4427213,115,192,8734,2020,0.0,2582.0,-0.48361899999999997,-0.626675,KAZ,SGP,830249
4427214,118,192,8734,2020,0.0,123551.0,-0.602562,-0.505135,KHM,SGP,830249
4427215,121,192,8734,2020,162320.0,282712.0,1.9703950000000001,0.800826,KOR,SGP,830249
4427216,122,192,8734,2020,0.0,7462.0,-0.072977,-1.090017,KWT,SGP,830249
4427217,123,192,8734,2020,0.0,2146.0,-0.741151,-0.689088,LAO,SGP,830249
4427218,128,192,8734,2020,0.0,42468.0,-0.48448599999999997,0.5495220000000001,LKA,SGP,830249
4427219,130,192,8734,2020,3642.0,26919.0,0.9772870000000001,1.291244,LTU,SGP,830249
4427220,131,192,8734,2020,1735.0,12457.0,1.197655,1.432727,LUX,SGP,830249
4427221,132,192,8734,2020,2185.0,0.0,0.712901,1.119907,LVA,SGP,830249
4427222,133,192,8734,2020,0.0,8936.0,0.464354,0.020065,MAC,SGP,830249
4427223,134,192,8734,2020,0.0,1519.0,-0.5208510000000001,-0.080499,MAR,SGP,830249
4427224,137,192,8734,2020,0.0,239087.0,-0.68914,-0.844514,MDV,SGP,830249
4427225,138,192,8734,2020,427955.0,228478.0,0.974514,0.563643,MEX,SGP,830249
4427226,140,192,8734,2020,3747.0,0.0,0.147947,-0.11116500000000001,MKD,SGP,830249
4427227,142,192,8734,2020,0.0,42900.0,0.9159309999999999,0.24442199999999997,MLT,SGP,830249
4427228,143,192,8734,2020,0.0,154856.0,-0.9993569999999999,-0.298647,MMR,SGP,830249
4427229,145,192,8734,2020,0.0,25605.0,-1.011938,-1.127569,MNG,SGP,830249
4427230,147,192,8734,2020,0.0,819.0,-1.1186040000000002,-0.974224,MOZ,SGP,830249
4427231,151,192,8734,2020,0.0,913.0,-0.048897,0.11543099999999999,MUS,SGP,830249
4427232,153,192,8734,2020,1102806.0,3872205.0,1.185223,0.573439,MYS,SGP,830249
4427233,156,192,8734,2020,0.0,3012.0,-0.666664,-0.88528,NCL,SGP,830249
4427234,157,192,8734,2020,0.0,20398.0,-0.62888,-0.841089,NER,SGP,830249
4427235,162,192,8734,2020,320470.0,103494.0,1.035951,1.559401,NLD,SGP,830249
4427236,163,192,8734,2020,259147.0,10703.0,0.793459,0.369766,NOR,SGP,830249
4427237,164,192,8734,2020,0.0,1020.0,-0.22803299999999999,0.25111,NPL,SGP,830249
4427238,166,192,8734,2020,6013.0,39587.0,0.145567,0.070121,NZL,SGP,830249
4427239,167,192,8734,2020,0.0,7387.0,-0.251371,-0.8775299999999999,OMN,SGP,830249
4427240,168,192,8734,2020,0.0,3657.0,-0.52984,0.63654,PAK,SGP,830249
4427241,173,192,8734,2020,0.0,850.0,-0.717014,-0.152142,PER,SGP,830249
4427242,174,192,8734,2020,9621.0,1526546.0,0.755786,0.24693,PHL,SGP,830249
4427243,176,192,8734,2020,0.0,25823.0,-1.526134,-1.191965,PNG,SGP,830249
4427244,177,192,8734,2020,27210.0,4283.0,1.0227979999999999,1.4079139999999999,POL,SGP,830249
4427245,179,192,8734,2020,27042.0,10885.0,0.656999,2.1136470000000003,PRT,SGP,830249
4427246,183,192,8734,2020,0.0,71594.0,-0.028836,-1.0183950000000002,QAT,SGP,830249
4427247,185,192,8734,2020,18388.0,3795.0,1.13426,0.9767809999999999,ROU,SGP,830249
4427248,186,192,8734,2020,0.0,13207.0,0.373882,0.42102700000000004,RUS,SGP,830249
4427249,188,192,8734,2020,0.0,23571.0,0.662925,-0.21661999999999998,SAU,SGP,830249
4427250,197,192,8734,2020,0.0,844.0,-0.003327,0.18823399999999998,SLV,SGP,830249
4427251,203,192,8734,2020,42869.0,0.0,0.327507,-0.46483,STP,SGP,830249
4427252,206,192,8734,2020,23159.0,0.0,1.338026,0.825268,SVK,SGP,830249
4427253,207,192,8734,2020,1523.0,0.0,1.570699,0.8442459999999999,SVN,SGP,830249
4427254,208,192,8734,2020,21953.0,20351.0,1.6911310000000002,0.791586,SWE,SGP,830249
4427255,211,192,8734,2020,0.0,11426.0,0.185747,-0.695441,SYC,SGP,830249
4427256,216,192,8734,2020,82316.0,182148.0,1.035524,1.2777180000000001,THA,SGP,830249
4427257,223,192,8734,2020,1805.0,0.0,0.220298,0.454477,TUN,SGP,830249
4427258,224,192,8734,2020,25839.0,25591.0,0.590472,2.619866,TUR,SGP,830249
4427259,228,192,8734,2020,0.0,9322.0,0.383736,0.531328,UKR,SGP,830249
4427260,231,192,8734,2020,20252252.0,4233648.0,1.588148,0.380904,USA,SGP,830249
4427261,239,192,8734,2020,144021.0,405795.0,0.034229,0.89099,VNM,SGP,830249
4427262,246,192,8734,2020,0.0,6351.0,0.042099,0.923931,ZAF,SGP,830249
4427263,249,192,8734,2020,499284.0,319608.0,2.0517060000000003,1.205431,TWN,SGP,830249
4427264,32,197,8734,2020,1484.0,0.0,0.054622000000000004,0.532291,BRA,SLV,830249
4427265,43,197,8734,2020,19415.0,0.0,1.187837,1.2237770000000001,CHN,SLV,830249
4427266,49,197,8734,2020,17197.0,0.0,0.115954,0.104558,COL,SLV,830249
4427267,52,197,8734,2020,8959.0,0.0,0.303849,-0.114494,CRI,SLV,830249
4427268,61,197,8734,2020,15301.0,0.0,2.027494,-2.3646689999999997,DEU,SLV,830249
4427269,64,197,8734,2020,9603.0,0.0,1.093217,1.2166549999999998,DNK,SLV,830249
4427270,71,197,8734,2020,32659.0,0.0,0.736657,2.731661,ESP,SLV,830249
4427271,77,197,8734,2020,5810.0,0.0,1.341275,0.8991870000000001,FRA,SLV,830249
4427272,81,197,8734,2020,2126.0,0.0,1.6459,0.7702640000000001,GBR,SLV,830249
4427273,93,197,8734,2020,5135.0,13244.0,-0.32240100000000005,0.542048,GTM,SLV,830249
4427274,111,197,8734,2020,14548.0,0.0,1.299017,0.701797,ITA,SLV,830249
4427275,138,197,8734,2020,3210.0,0.0,0.974514,0.563643,MEX,SLV,830249
4427276,162,197,8734,2020,1732.0,0.0,1.035951,1.559401,NLD,SLV,830249
4427277,169,197,8734,2020,2661.0,0.0,0.590821,0.786784,PAN,SLV,830249
4427278,192,197,8734,2020,844.0,0.0,1.948379,0.610574,SGP,SLV,830249
4427279,231,197,8734,2020,1255850.0,986338.0,1.588148,0.380904,USA,SLV,830249
4427280,249,197,8734,2020,3805.0,0.0,2.0517060000000003,1.205431,TWN,SLV,830249
4427281,7,206,8734,2020,0.0,2909.0,-0.118349,-0.789485,ARE,SVK,830249
4427282,14,206,8734,2020,743.0,24839.0,-0.32910500000000004,-0.232963,AUS,SVK,830249
4427283,15,206,8734,2020,294372.0,1925006.0,1.6711310000000001,0.059096,AUT,SVK,830249
4427284,18,206,8734,2020,24681.0,2150.0,1.204632,1.278346,BEL,SVK,830249
4427285,23,206,8734,2020,47132.0,2412.0,0.6328520000000001,1.8517009999999998,BGR,SVK,830249
4427286,26,206,8734,2020,2132.0,4453.0,0.5449470000000001,0.91781,BIH,SVK,830249
4427287,28,206,8734,2020,0.0,4277.0,0.858776,1.085652,BLR,SVK,830249
4427288,32,206,8734,2020,681.0,2999.0,0.054622000000000004,0.532291,BRA,SVK,830249
4427289,34,206,8734,2020,0.0,1059.0,0.432569,-0.8083779999999999,BRN,SVK,830249
4427290,39,206,8734,2020,0.0,2507.0,0.609267,1.1890479999999999,CAN,SVK,830249
4427291,41,206,8734,2020,19800.0,45194.0,2.184038,0.900965,CHE,SVK,830249
4427292,43,206,8734,2020,1686697.0,4206.0,1.187837,1.2237770000000001,CHN,SVK,830249
4427293,49,206,8734,2020,0.0,1481.0,0.115954,0.104558,COL,SVK,830249
4427294,59,206,8734,2020,2356831.0,1264405.0,1.716646,0.602441,CZE,SVK,830249
4427295,61,206,8734,2020,1875064.0,611187.0,2.027494,-2.3646689999999997,DEU,SVK,830249
4427296,64,206,8734,2020,281011.0,90907.0,1.093217,1.2166549999999998,DNK,SVK,830249
4427297,67,206,8734,2020,0.0,1804.0,-1.074185,-1.084344,ECU,SVK,830249
4427298,71,206,8734,2020,22553.0,81618.0,0.736657,2.731661,ESP,SVK,830249
4427299,72,206,8734,2020,1241.0,0.0,1.012385,1.305015,EST,SVK,830249
4427300,74,206,8734,2020,2992.0,9718.0,1.498089,1.066223,FIN,SVK,830249
4427301,77,206,8734,2020,280326.0,32130.0,1.341275,0.8991870000000001,FRA,SVK,830249
4427302,81,206,8734,2020,504667.0,5234.0,1.6459,0.7702640000000001,GBR,SVK,830249
4427303,90,206,8734,2020,19372.0,40624.0,0.199011,1.087811,GRC,SVK,830249
4427304,97,206,8734,2020,0.0,3634.0,1.070483,1.183618,HKG,SVK,830249
4427305,100,206,8734,2020,2629.0,12305.0,0.876001,1.250877,HRV,SVK,830249
4427306,102,206,8734,2020,105928.0,2682875.0,1.393152,0.878916,HUN,SVK,830249
4427307,103,206,8734,2020,0.0,5683.0,-0.16761700000000002,1.571009,IDN,SVK,830249
4427308,104,206,8734,2020,30391.0,9607.0,0.464674,2.838779,IND,SVK,830249
4427309,106,206,8734,2020,1218.0,27942.0,1.337791,-0.20829699999999998,IRL,SVK,830249
4427310,109,206,8734,2020,0.0,2676.0,0.27161399999999997,-0.17819200000000002,ISL,SVK,830249
4427311,110,206,8734,2020,18125.0,7682.0,1.487557,0.8370920000000001,ISR,SVK,830249
4427312,111,206,8734,2020,597690.0,5323.0,1.299017,0.701797,ITA,SVK,830249
4427313,114,206,8734,2020,30181.0,6803.0,2.405659,-0.38169000000000003,JPN,SVK,830249
4427314,121,206,8734,2020,524836.0,2059.0,1.9703950000000001,0.800826,KOR,SVK,830249
4427315,130,206,8734,2020,8581.0,11437.0,0.9772870000000001,1.291244,LTU,SVK,830249
4427316,131,206,8734,2020,1264.0,0.0,1.197655,1.432727,LUX,SVK,830249
4427317,132,206,8734,2020,0.0,9805.0,0.712901,1.119907,LVA,SVK,830249
4427318,134,206,8734,2020,0.0,960.0,-0.5208510000000001,-0.080499,MAR,SVK,830249
4427319,138,206,8734,2020,9712.0,7812.0,0.974514,0.563643,MEX,SVK,830249
4427320,145,206,8734,2020,0.0,1195.0,-1.011938,-1.127569,MNG,SVK,830249
4427321,153,206,8734,2020,1814.0,0.0,1.185223,0.573439,MYS,SVK,830249
4427322,159,206,8734,2020,0.0,11693.0,-1.6399299999999999,-1.19536,NGA,SVK,830249
4427323,162,206,8734,2020,261061.0,54816.0,1.035951,1.559401,NLD,SVK,830249
4427324,163,206,8734,2020,23032.0,1275.0,0.793459,0.369766,NOR,SVK,830249
4427325,174,206,8734,2020,0.0,1478.0,0.755786,0.24693,PHL,SVK,830249
4427326,177,206,8734,2020,1652097.0,209694.0,1.0227979999999999,1.4079139999999999,POL,SVK,830249
4427327,179,206,8734,2020,912009.0,0.0,0.656999,2.1136470000000003,PRT,SVK,830249
4427328,183,206,8734,2020,0.0,3776.0,-0.028836,-1.0183950000000002,QAT,SVK,830249
4427329,185,206,8734,2020,20898.0,83639.0,1.13426,0.9767809999999999,ROU,SVK,830249
4427330,186,206,8734,2020,2196.0,2827.0,0.373882,0.42102700000000004,RUS,SVK,830249
4427331,188,206,8734,2020,0.0,2205.0,0.662925,-0.21661999999999998,SAU,SVK,830249
4427332,191,206,8734,2020,11285.0,0.0,-0.634185,-0.398728,SEN,SVK,830249
4427333,192,206,8734,2020,0.0,23159.0,1.948379,0.610574,SGP,SVK,830249
4427334,201,206,8734,2020,16630.0,22176.0,0.5868399999999999,1.1187120000000002,SRB,SVK,830249
4427335,207,206,8734,2020,18601.0,10837.0,1.570699,0.8442459999999999,SVN,SVK,830249
4427336,208,206,8734,2020,755952.0,4001.0,1.6911310000000002,0.791586,SWE,SVK,830249
4427337,216,206,8734,2020,26635.0,7248.0,1.035524,1.2777180000000001,THA,SVK,830249
4427338,224,206,8734,2020,3847.0,148013.0,0.590472,2.619866,TUR,SVK,830249
4427339,226,206,8734,2020,0.0,775.0,-1.024,-0.023909,TZA,SVK,830249
4427340,228,206,8734,2020,2805.0,64892.0,0.383736,0.531328,UKR,SVK,830249
4427341,231,206,8734,2020,35198.0,34304.0,1.588148,0.380904,USA,SVK,830249
4427342,239,206,8734,2020,8166.0,2012.0,0.034229,0.89099,VNM,SVK,830249
4427343,246,206,8734,2020,0.0,4181.0,0.042099,0.923931,ZAF,SVK,830249
4427344,249,206,8734,2020,20726.0,3964.0,2.0517060000000003,1.205431,TWN,SVK,830249
4427345,250,206,8734,2020,408035.0,0.0,0.866041,-0.371104,ANS,SVK,830249
4427346,7,208,8734,2020,0.0,339843.0,-0.118349,-0.789485,ARE,SWE,830249
4427347,8,208,8734,2020,0.0,13243.0,-0.14746199999999998,0.039795,ARG,SWE,830249
4427348,9,208,8734,2020,0.0,1505.0,-0.129502,-0.671068,ARM,SWE,830249
4427349,14,208,8734,2020,3233.0,750302.0,-0.32910500000000004,-0.232963,AUS,SWE,830249
4427350,15,208,8734,2020,89746.0,191117.0,1.6711310000000001,0.059096,AUT,SWE,830249
4427351,18,208,8734,2020,215997.0,8587477.0,1.204632,1.278346,BEL,SWE,830249
4427352,23,208,8734,2020,1714.0,25181.0,0.6328520000000001,1.8517009999999998,BGR,SWE,830249
4427353,26,208,8734,2020,0.0,995.0,0.5449470000000001,0.91781,BIH,SWE,830249
4427354,28,208,8734,2020,0.0,1110.0,0.858776,1.085652,BLR,SWE,830249
4427355,32,208,8734,2020,16287.0,176749.0,0.054622000000000004,0.532291,BRA,SWE,830249
4427356,39,208,8734,2020,99836.0,123465.0,0.609267,1.1890479999999999,CAN,SWE,830249
4427357,41,208,8734,2020,107352.0,51666.0,2.184038,0.900965,CHE,SWE,830249
4427358,42,208,8734,2020,0.0,16853.0,-0.307923,-0.565983,CHL,SWE,830249
4427359,43,208,8734,2020,5498975.0,526849.0,1.187837,1.2237770000000001,CHN,SWE,830249
4427360,49,208,8734,2020,0.0,35688.0,0.115954,0.104558,COL,SWE,830249
4427361,58,208,8734,2020,0.0,3636.0,0.5354760000000001,-0.069753,CYP,SWE,830249
4427362,59,208,8734,2020,188701.0,227874.0,1.716646,0.602441,CZE,SWE,830249
4427363,61,208,8734,2020,6266601.0,2617285.0,2.027494,-2.3646689999999997,DEU,SWE,830249
4427364,64,208,8734,2020,2155421.0,2294195.0,1.093217,1.2166549999999998,DNK,SWE,830249
4427365,66,208,8734,2020,0.0,3365.0,-1.015133,-1.243726,DZA,SWE,830249
4427366,67,208,8734,2020,0.0,4820.0,-1.074185,-1.084344,ECU,SWE,830249
4427367,68,208,8734,2020,0.0,1712.0,-0.186095,1.6414330000000001,EGY,SWE,830249
4427368,71,208,8734,2020,200047.0,162428.0,0.736657,2.731661,ESP,SWE,830249
4427369,72,208,8734,2020,185499.0,904586.0,1.012385,1.305015,EST,SWE,830249
4427370,74,208,8734,2020,430928.0,3355815.0,1.498089,1.066223,FIN,SWE,830249
4427371,77,208,8734,2020,526324.0,4372812.0,1.341275,0.8991870000000001,FRA,SWE,830249
4427372,78,208,8734,2020,0.0,4798.0,-0.867916,-0.92601,FRO,SWE,830249
4427373,81,208,8734,2020,1459680.0,1178730.0,1.6459,0.7702640000000001,GBR,SWE,830249
4427374,90,208,8734,2020,0.0,19922.0,0.199011,1.087811,GRC,SWE,830249
4427375,97,208,8734,2020,740473.0,115294.0,1.070483,1.183618,HKG,SWE,830249
4427376,100,208,8734,2020,1418.0,7770.0,0.876001,1.250877,HRV,SWE,830249
4427377,102,208,8734,2020,15120.0,5129.0,1.393152,0.878916,HUN,SWE,830249
4427378,103,208,8734,2020,0.0,60535.0,-0.16761700000000002,1.571009,IDN,SWE,830249
4427379,104,208,8734,2020,130915.0,36864.0,0.464674,2.838779,IND,SWE,830249
4427380,106,208,8734,2020,7511.0,68729.0,1.337791,-0.20829699999999998,IRL,SWE,830249
4427381,107,208,8734,2020,0.0,2391.0,-0.362286,-0.242846,IRN,SWE,830249
4427382,109,208,8734,2020,1064.0,25726.0,0.27161399999999997,-0.17819200000000002,ISL,SWE,830249
4427383,110,208,8734,2020,447548.0,19813.0,1.487557,0.8370920000000001,ISR,SWE,830249
4427384,111,208,8734,2020,459673.0,166556.0,1.299017,0.701797,ITA,SWE,830249
4427385,114,208,8734,2020,230124.0,339444.0,2.405659,-0.38169000000000003,JPN,SWE,830249
4427386,115,208,8734,2020,0.0,11602.0,-0.48361899999999997,-0.626675,KAZ,SWE,830249
4427387,116,208,8734,2020,0.0,899.0,-0.496446,0.562476,KEN,SWE,830249
4427388,121,208,8734,2020,118070.0,4861.0,1.9703950000000001,0.800826,KOR,SWE,830249
4427389,122,208,8734,2020,0.0,11367.0,-0.072977,-1.090017,KWT,SWE,830249
4427390,128,208,8734,2020,0.0,53264.0,-0.48448599999999997,0.5495220000000001,LKA,SWE,830249
4427391,130,208,8734,2020,9220.0,617407.0,0.9772870000000001,1.291244,LTU,SWE,830249
4427392,131,208,8734,2020,0.0,1553.0,1.197655,1.432727,LUX,SWE,830249
4427393,132,208,8734,2020,868799.0,112865.0,0.712901,1.119907,LVA,SWE,830249
4427394,134,208,8734,2020,0.0,1523.0,-0.5208510000000001,-0.080499,MAR,SWE,830249
4427395,135,208,8734,2020,0.0,1329.0,-0.06779199999999999,-0.240851,MDA,SWE,830249
4427396,138,208,8734,2020,1169.0,21117.0,0.974514,0.563643,MEX,SWE,830249
4427397,145,208,8734,2020,0.0,36690.0,-1.011938,-1.127569,MNG,SWE,830249
4427398,151,208,8734,2020,0.0,1108.0,-0.048897,0.11543099999999999,MUS,SWE,830249
4427399,153,208,8734,2020,16222.0,1895.0,1.185223,0.573439,MYS,SWE,830249
4427400,155,208,8734,2020,0.0,189.0,-0.664967,-0.74835,NAM,SWE,830249
4427401,159,208,8734,2020,0.0,31948.0,-1.6399299999999999,-1.19536,NGA,SWE,830249
4427402,162,208,8734,2020,1176828.0,8416768.0,1.035951,1.559401,NLD,SWE,830249
4427403,163,208,8734,2020,393500.0,4067505.0,0.793459,0.369766,NOR,SWE,830249
4427404,166,208,8734,2020,1524.0,9729.0,0.145567,0.070121,NZL,SWE,830249
4427405,168,208,8734,2020,23071.0,3277.0,-0.52984,0.63654,PAK,SWE,830249
4427406,173,208,8734,2020,0.0,2031.0,-0.717014,-0.152142,PER,SWE,830249
4427407,174,208,8734,2020,0.0,11170.0,0.755786,0.24693,PHL,SWE,830249
4427408,177,208,8734,2020,1831913.0,2088327.0,1.0227979999999999,1.4079139999999999,POL,SWE,830249
4427409,179,208,8734,2020,443685.0,315505.0,0.656999,2.1136470000000003,PRT,SWE,830249
4427410,182,208,8734,2020,0.0,1094.0,0.640838,-0.11156300000000001,PYF,SWE,830249
4427411,185,208,8734,2020,709864.0,326034.0,1.13426,0.9767809999999999,ROU,SWE,830249
4427412,186,208,8734,2020,0.0,547712.0,0.373882,0.42102700000000004,RUS,SWE,830249
4427413,188,208,8734,2020,0.0,6346.0,0.662925,-0.21661999999999998,SAU,SWE,830249
4427414,192,208,8734,2020,20351.0,21953.0,1.948379,0.610574,SGP,SWE,830249
4427415,201,208,8734,2020,0.0,3388.0,0.5868399999999999,1.1187120000000002,SRB,SWE,830249
4427416,206,208,8734,2020,4001.0,755952.0,1.338026,0.825268,SVK,SWE,830249
4427417,207,208,8734,2020,5431.0,29656.0,1.570699,0.8442459999999999,SVN,SWE,830249
4427418,216,208,8734,2020,10534.0,18028.0,1.035524,1.2777180000000001,THA,SWE,830249
4427419,223,208,8734,2020,0.0,87181.0,0.220298,0.454477,TUN,SWE,830249
4427420,224,208,8734,2020,200869.0,132343.0,0.590472,2.619866,TUR,SWE,830249
4427421,226,208,8734,2020,0.0,1350.0,-1.024,-0.023909,TZA,SWE,830249
4427422,228,208,8734,2020,20981.0,6536.0,0.383736,0.531328,UKR,SWE,830249
4427423,231,208,8734,2020,5694602.0,1953879.0,1.588148,0.380904,USA,SWE,830249
4427424,239,208,8734,2020,335905.0,104976.0,0.034229,0.89099,VNM,SWE,830249
4427425,243,208,8734,2020,0.0,1195.0,-1.130952,-1.137774,YEM,SWE,830249
4427426,246,208,8734,2020,129312.0,78963.0,0.042099,0.923931,ZAF,SWE,830249
4427427,247,208,8734,2020,0.0,2306.0,-0.9162379999999999,-0.9523940000000001,ZMB,SWE,830249
4427428,249,208,8734,2020,2034585.0,2881.0,2.0517060000000003,1.205431,TWN,SWE,830249
4427429,7,216,8734,2020,5578.0,72616.0,-0.118349,-0.789485,ARE,THA,830249
4427430,8,216,8734,2020,0.0,508285.0,-0.14746199999999998,0.039795,ARG,THA,830249
4427431,14,216,8734,2020,336279.0,362915.0,-0.32910500000000004,-0.232963,AUS,THA,830249
4427432,15,216,8734,2020,18373.0,94644.0,1.6711310000000001,0.059096,AUT,THA,830249
4427433,18,216,8734,2020,157825.0,399432.0,1.204632,1.278346,BEL,THA,830249
4427434,22,216,8734,2020,0.0,569363.0,-0.874451,-0.9031309999999999,BGD,THA,830249
4427435,23,216,8734,2020,6556.0,0.0,0.6328520000000001,1.8517009999999998,BGR,THA,830249
4427436,24,216,8734,2020,0.0,1041.0,0.379085,-0.634111,BHR,THA,830249
4427437,26,216,8734,2020,22567.0,0.0,0.5449470000000001,0.91781,BIH,THA,830249
4427438,32,216,8734,2020,3705.0,69022.0,0.054622000000000004,0.532291,BRA,THA,830249
4427439,39,216,8734,2020,23235.0,807592.0,0.609267,1.1890479999999999,CAN,THA,830249
4427440,41,216,8734,2020,18084.0,71157.0,2.184038,0.900965,CHE,THA,830249
4427441,42,216,8734,2020,0.0,1117.0,-0.307923,-0.565983,CHL,THA,830249
4427442,43,216,8734,2020,10961499.0,46942.0,1.187837,1.2237770000000001,CHN,THA,830249
4427443,49,216,8734,2020,0.0,129532.0,0.115954,0.104558,COL,THA,830249
4427444,58,216,8734,2020,0.0,5318.0,0.5354760000000001,-0.069753,CYP,THA,830249
4427445,59,216,8734,2020,56120.0,58563.0,1.716646,0.602441,CZE,THA,830249
4427446,61,216,8734,2020,470470.0,535684.0,2.027494,-2.3646689999999997,DEU,THA,830249
4427447,64,216,8734,2020,4613.0,10517.0,1.093217,1.2166549999999998,DNK,THA,830249
4427448,65,216,8734,2020,0.0,2457.0,0.06500299999999999,0.2812,DOM,THA,830249
4427449,67,216,8734,2020,0.0,33627.0,-1.074185,-1.084344,ECU,THA,830249
4427450,68,216,8734,2020,0.0,31039.0,-0.186095,1.6414330000000001,EGY,THA,830249
4427451,71,216,8734,2020,34064.0,6967.0,0.736657,2.731661,ESP,THA,830249
4427452,74,216,8734,2020,2157.0,6100.0,1.498089,1.066223,FIN,THA,830249
4427453,77,216,8734,2020,66768.0,12721.0,1.341275,0.8991870000000001,FRA,THA,830249
4427454,81,216,8734,2020,38247.0,187817.0,1.6459,0.7702640000000001,GBR,THA,830249
4427455,90,216,8734,2020,0.0,9232.0,0.199011,1.087811,GRC,THA,830249
4427456,93,216,8734,2020,0.0,6126.0,-0.32240100000000005,0.542048,GTM,THA,830249
4427457,97,216,8734,2020,69765.0,172875.0,1.070483,1.183618,HKG,THA,830249
4427458,102,216,8734,2020,5291.0,0.0,1.393152,0.878916,HUN,THA,830249
4427459,103,216,8734,2020,14539.0,84508.0,-0.16761700000000002,1.571009,IDN,THA,830249
4427460,104,216,8734,2020,205607.0,157740.0,0.464674,2.838779,IND,THA,830249
4427461,106,216,8734,2020,0.0,16188.0,1.337791,-0.20829699999999998,IRL,THA,830249
4427462,110,216,8734,2020,4807.0,12790.0,1.487557,0.8370920000000001,ISR,THA,830249
4427463,111,216,8734,2020,238627.0,107407.0,1.299017,0.701797,ITA,THA,830249
4427464,114,216,8734,2020,3390049.0,4975244.0,2.405659,-0.38169000000000003,JPN,THA,830249
4427465,115,216,8734,2020,0.0,1397.0,-0.48361899999999997,-0.626675,KAZ,THA,830249
4427466,116,216,8734,2020,0.0,15949.0,-0.496446,0.562476,KEN,THA,830249
4427467,118,216,8734,2020,0.0,734754.0,-0.602562,-0.505135,KHM,THA,830249
4427468,121,216,8734,2020,149626.0,9421.0,1.9703950000000001,0.800826,KOR,THA,830249
4427469,122,216,8734,2020,0.0,3566.0,-0.072977,-1.090017,KWT,THA,830249
4427470,123,216,8734,2020,0.0,310559.0,-0.741151,-0.689088,LAO,THA,830249
4427471,128,216,8734,2020,0.0,53882.0,-0.48448599999999997,0.5495220000000001,LKA,THA,830249
4427472,130,216,8734,2020,4123.0,0.0,0.9772870000000001,1.291244,LTU,THA,830249
4427473,131,216,8734,2020,41219.0,0.0,1.197655,1.432727,LUX,THA,830249
4427474,132,216,8734,2020,9725.0,0.0,0.712901,1.119907,LVA,THA,830249
4427475,134,216,8734,2020,3719.0,0.0,-0.5208510000000001,-0.080499,MAR,THA,830249
4427476,137,216,8734,2020,0.0,16080.0,-0.68914,-0.844514,MDV,THA,830249
4427477,138,216,8734,2020,44930.0,235695.0,0.974514,0.563643,MEX,THA,830249
4427478,143,216,8734,2020,0.0,450031.0,-0.9993569999999999,-0.298647,MMR,THA,830249
4427479,151,216,8734,2020,0.0,4205.0,-0.048897,0.11543099999999999,MUS,THA,830249
4427480,153,216,8734,2020,839595.0,213897.0,1.185223,0.573439,MYS,THA,830249
4427481,159,216,8734,2020,0.0,4209.0,-1.6399299999999999,-1.19536,NGA,THA,830249
4427482,162,216,8734,2020,94302.0,78555.0,1.035951,1.559401,NLD,THA,830249
4427483,163,216,8734,2020,10518.0,11658.0,0.793459,0.369766,NOR,THA,830249
4427484,166,216,8734,2020,18220.0,320326.0,0.145567,0.070121,NZL,THA,830249
4427485,168,216,8734,2020,0.0,19616.0,-0.52984,0.63654,PAK,THA,830249
4427486,174,216,8734,2020,121963.0,237912.0,0.755786,0.24693,PHL,THA,830249
4427487,177,216,8734,2020,5076.0,5072.0,1.0227979999999999,1.4079139999999999,POL,THA,830249
4427488,179,216,8734,2020,0.0,12282.0,0.656999,2.1136470000000003,PRT,THA,830249
4427489,180,216,8734,2020,0.0,1478.0,-0.45920600000000006,-0.930341,PRY,THA,830249
4427490,183,216,8734,2020,0.0,1244.0,-0.028836,-1.0183950000000002,QAT,THA,830249
4427491,185,216,8734,2020,80754.0,1257.0,1.13426,0.9767809999999999,ROU,THA,830249
4427492,186,216,8734,2020,1163.0,94755.0,0.373882,0.42102700000000004,RUS,THA,830249
4427493,188,216,8734,2020,0.0,1983.0,0.662925,-0.21661999999999998,SAU,THA,830249
4427494,192,216,8734,2020,182148.0,82316.0,1.948379,0.610574,SGP,THA,830249
4427495,201,216,8734,2020,0.0,1017.0,0.5868399999999999,1.1187120000000002,SRB,THA,830249
4427496,206,216,8734,2020,7248.0,26635.0,1.338026,0.825268,SVK,THA,830249
4427497,207,216,8734,2020,0.0,4407.0,1.570699,0.8442459999999999,SVN,THA,830249
4427498,208,216,8734,2020,18028.0,10534.0,1.6911310000000002,0.791586,SWE,THA,830249
4427499,224,216,8734,2020,1231.0,4789.0,0.590472,2.619866,TUR,THA,830249
4427500,228,216,8734,2020,0.0,93598.0,0.383736,0.531328,UKR,THA,830249
4427501,231,216,8734,2020,1040649.0,7122464.0,1.588148,0.380904,USA,THA,830249
4427502,239,216,8734,2020,181556.0,1673383.0,0.034229,0.89099,VNM,THA,830249
4427503,243,216,8734,2020,0.0,2259.0,-1.130952,-1.137774,YEM,THA,830249
4427504,246,216,8734,2020,0.0,546730.0,0.042099,0.923931,ZAF,THA,830249
4427505,249,216,8734,2020,533660.0,24072.0,2.0517060000000003,1.205431,TWN,THA,830249
4427506,7,222,8734,2020,5780.0,0.0,-0.118349,-0.789485,ARE,TTO,830249
4427507,33,222,8734,2020,0.0,9303.0,0.666435,0.060089,BRB,TTO,830249
4427508,39,222,8734,2020,11416.0,0.0,0.609267,1.1890479999999999,CAN,TTO,830249
4427509,43,222,8734,2020,13318.0,0.0,1.187837,1.2237770000000001,CHN,TTO,830249
4427510,61,222,8734,2020,2930.0,0.0,2.027494,-2.3646689999999997,DEU,TTO,830249
4427511,81,222,8734,2020,31131.0,0.0,1.6459,0.7702640000000001,GBR,TTO,830249
4427512,90,222,8734,2020,1135.0,0.0,0.199011,1.087811,GRC,TTO,830249
4427513,91,222,8734,2020,0.0,8783.0,0.285169,-0.284221,GRD,TTO,830249
4427514,96,222,8734,2020,340042.0,83730.0,-0.5874159999999999,-0.8020189999999999,GUY,TTO,830249
4427515,112,222,8734,2020,0.0,1242.0,-0.21953000000000003,-0.6944899999999999,JAM,TTO,830249
4427516,231,222,8734,2020,506659.0,1675.0,1.588148,0.380904,USA,TTO,830249
4427517,249,222,8734,2020,40688.0,0.0,2.0517060000000003,1.205431,TWN,TTO,830249
4427518,1,224,8734,2020,0.0,13041.0,-1.178987,-0.815577,AFG,TUR,830249
4427519,4,224,8734,2020,0.0,187396.0,-0.265229,0.059049000000000004,ALB,TUR,830249
4427520,7,224,8734,2020,52985.0,756214.0,-0.118349,-0.789485,ARE,TUR,830249
4427521,8,224,8734,2020,0.0,13652.0,-0.14746199999999998,0.039795,ARG,TUR,830249
4427522,14,224,8734,2020,3964.0,47211.0,-0.32910500000000004,-0.232963,AUS,TUR,830249
4427523,15,224,8734,2020,5962.0,101535.0,1.6711310000000001,0.059096,AUT,TUR,830249
4427524,16,224,8734,2020,0.0,748673.0,-1.142366,-1.2529190000000001,AZE,TUR,830249
4427525,18,224,8734,2020,58026.0,222261.0,1.204632,1.278346,BEL,TUR,830249
4427526,21,224,8734,2020,0.0,2818.0,-0.7634310000000001,-0.938997,BFA,TUR,830249
4427527,22,224,8734,2020,0.0,1125.0,-0.874451,-0.9031309999999999,BGD,TUR,830249
4427528,23,224,8734,2020,1473.0,1003807.0,0.6328520000000001,1.8517009999999998,BGR,TUR,830249
4427529,24,224,8734,2020,0.0,13268.0,0.379085,-0.634111,BHR,TUR,830249
4427530,26,224,8734,2020,26165.0,301069.0,0.5449470000000001,0.91781,BIH,TUR,830249
4427531,28,224,8734,2020,0.0,345513.0,0.858776,1.085652,BLR,TUR,830249
4427532,31,224,8734,2020,0.0,4169.0,-0.835558,-0.9611350000000001,BOL,TUR,830249
4427533,32,224,8734,2020,1699.0,1871.0,0.054622000000000004,0.532291,BRA,TUR,830249
4427534,39,224,8734,2020,6915.0,161096.0,0.609267,1.1890479999999999,CAN,TUR,830249
4427535,41,224,8734,2020,38338.0,830990.0,2.184038,0.900965,CHE,TUR,830249
4427536,42,224,8734,2020,0.0,29493.0,-0.307923,-0.565983,CHL,TUR,830249
4427537,43,224,8734,2020,3729456.0,105064.0,1.187837,1.2237770000000001,CHN,TUR,830249
4427538,44,224,8734,2020,0.0,18706.0,-1.2299200000000001,-1.095777,CIV,TUR,830249
4427539,45,224,8734,2020,0.0,65765.0,-1.379365,-1.177022,CMR,TUR,830249
4427540,49,224,8734,2020,0.0,8170.0,0.115954,0.104558,COL,TUR,830249
4427541,58,224,8734,2020,0.0,199998.0,0.5354760000000001,-0.069753,CYP,TUR,830249
4427542,59,224,8734,2020,251641.0,348670.0,1.716646,0.602441,CZE,TUR,830249
4427543,61,224,8734,2020,10066099.0,4713374.0,2.027494,-2.3646689999999997,DEU,TUR,830249
4427544,64,224,8734,2020,76649.0,80782.0,1.093217,1.2166549999999998,DNK,TUR,830249
4427545,66,224,8734,2020,0.0,746056.0,-1.015133,-1.243726,DZA,TUR,830249
4427546,67,224,8734,2020,0.0,18743.0,-1.074185,-1.084344,ECU,TUR,830249
4427547,68,224,8734,2020,0.0,1341043.0,-0.186095,1.6414330000000001,EGY,TUR,830249
4427548,71,224,8734,2020,1319811.0,248909.0,0.736657,2.731661,ESP,TUR,830249
4427549,72,224,8734,2020,6152.0,7128.0,1.012385,1.305015,EST,TUR,830249
4427550,73,224,8734,2020,0.0,2615.0,-0.952033,-0.707262,ETH,TUR,830249
4427551,74,224,8734,2020,31919.0,1927.0,1.498089,1.066223,FIN,TUR,830249
4427552,77,224,8734,2020,1074573.0,607183.0,1.341275,0.8991870000000001,FRA,TUR,830249
4427553,80,224,8734,2020,0.0,1639.0,-1.6422990000000002,-1.207249,GAB,TUR,830249
4427554,81,224,8734,2020,1926844.0,420056.0,1.6459,0.7702640000000001,GBR,TUR,830249
4427555,82,224,8734,2020,0.0,365485.0,-0.199775,-0.38684,GEO,TUR,830249
4427556,83,224,8734,2020,0.0,19232.0,-0.973506,-0.9559139999999999,GHA,TUR,830249
4427557,85,224,8734,2020,0.0,9957.0,-1.841029,-1.233167,GIN,TUR,830249
4427558,87,224,8734,2020,0.0,10326.0,-1.11216,-0.956471,GMB,TUR,830249
4427559,90,224,8734,2020,54909.0,183587.0,0.199011,1.087811,GRC,TUR,830249
4427560,97,224,8734,2020,8722.0,980.0,1.070483,1.183618,HKG,TUR,830249
4427561,100,224,8734,2020,0.0,59383.0,0.876001,1.250877,HRV,TUR,830249
4427562,102,224,8734,2020,17148.0,27776.0,1.393152,0.878916,HUN,TUR,830249
4427563,103,224,8734,2020,2147.0,16421.0,-0.16761700000000002,1.571009,IDN,TUR,830249
4427564,104,224,8734,2020,201284.0,31535.0,0.464674,2.838779,IND,TUR,830249
4427565,106,224,8734,2020,4564.0,22042.0,1.337791,-0.20829699999999998,IRL,TUR,830249
4427566,107,224,8734,2020,0.0,616194.0,-0.362286,-0.242846,IRN,TUR,830249
4427567,108,224,8734,2020,0.0,1630612.0,-1.087158,-0.9546389999999999,IRQ,TUR,830249
4427568,109,224,8734,2020,0.0,1196.0,0.27161399999999997,-0.17819200000000002,ISL,TUR,830249
4427569,110,224,8734,2020,17655.0,334174.0,1.487557,0.8370920000000001,ISR,TUR,830249
4427570,111,224,8734,2020,1219686.0,326121.0,1.299017,0.701797,ITA,TUR,830249
4427571,113,224,8734,2020,0.0,127696.0,-0.060384,0.139902,JOR,TUR,830249
4427572,114,224,8734,2020,166539.0,3284.0,2.405659,-0.38169000000000003,JPN,TUR,830249
4427573,115,224,8734,2020,0.0,133221.0,-0.48361899999999997,-0.626675,KAZ,TUR,830249
4427574,116,224,8734,2020,0.0,31913.0,-0.496446,0.562476,KEN,TUR,830249
4427575,117,224,8734,2020,0.0,49020.0,-0.117317,0.36644,KGZ,TUR,830249
4427576,121,224,8734,2020,253217.0,126996.0,1.9703950000000001,0.800826,KOR,TUR,830249
4427577,122,224,8734,2020,0.0,58231.0,-0.072977,-1.090017,KWT,TUR,830249
4427578,124,224,8734,2020,0.0,30496.0,0.35459,1.067965,LBN,TUR,830249
4427579,126,224,8734,2020,0.0,506673.0,-1.0431840000000001,-1.187957,LBY,TUR,830249
4427580,128,224,8734,2020,0.0,67043.0,-0.48448599999999997,0.5495220000000001,LKA,TUR,830249
4427581,130,224,8734,2020,752550.0,13171.0,0.9772870000000001,1.291244,LTU,TUR,830249
4427582,131,224,8734,2020,3646.0,19160.0,1.197655,1.432727,LUX,TUR,830249
4427583,132,224,8734,2020,3896366.0,17769.0,0.712901,1.119907,LVA,TUR,830249
4427584,134,224,8734,2020,0.0,452405.0,-0.5208510000000001,-0.080499,MAR,TUR,830249
4427585,135,224,8734,2020,0.0,135288.0,-0.06779199999999999,-0.240851,MDA,TUR,830249
4427586,136,224,8734,2020,0.0,3269.0,-1.206503,-0.709465,MDG,TUR,830249
4427587,137,224,8734,2020,0.0,2031.0,-0.68914,-0.844514,MDV,TUR,830249
4427588,138,224,8734,2020,110020.0,52342.0,0.974514,0.563643,MEX,TUR,830249
4427589,139,224,8734,2020,0.0,5672.0,-0.23666700000000002,-0.822276,MHL,TUR,830249
4427590,140,224,8734,2020,0.0,465853.0,0.147947,-0.11116500000000001,MKD,TUR,830249
4427591,141,224,8734,2020,0.0,22780.0,-1.309505,-1.1745079999999999,MLI,TUR,830249
4427592,142,224,8734,2020,0.0,65182.0,0.9159309999999999,0.24442199999999997,MLT,TUR,830249
4427593,144,224,8734,2020,0.0,47579.0,0.355595,0.140822,MNE,TUR,830249
4427594,145,224,8734,2020,0.0,27497.0,-1.011938,-1.127569,MNG,TUR,830249
4427595,147,224,8734,2020,0.0,7842.0,-1.1186040000000002,-0.974224,MOZ,TUR,830249
4427596,148,224,8734,2020,0.0,48571.0,-1.400894,-1.27631,MRT,TUR,830249
4427597,151,224,8734,2020,0.0,6380.0,-0.048897,0.11543099999999999,MUS,TUR,830249
4427598,153,224,8734,2020,2401.0,2935.0,1.185223,0.573439,MYS,TUR,830249
4427599,157,224,8734,2020,0.0,2945.0,-0.62888,-0.841089,NER,TUR,830249
4427600,159,224,8734,2020,0.0,58029.0,-1.6399299999999999,-1.19536,NGA,TUR,830249
4427601,162,224,8734,2020,770337.0,728029.0,1.035951,1.559401,NLD,TUR,830249
4427602,163,224,8734,2020,3819.0,1472.0,0.793459,0.369766,NOR,TUR,830249
4427603,166,224,8734,2020,0.0,961.0,0.145567,0.070121,NZL,TUR,830249
4427604,167,224,8734,2020,0.0,458184.0,-0.251371,-0.8775299999999999,OMN,TUR,830249
4427605,168,224,8734,2020,2935.0,64186.0,-0.52984,0.63654,PAK,TUR,830249
4427606,173,224,8734,2020,0.0,24552.0,-0.717014,-0.152142,PER,TUR,830249
4427607,174,224,8734,2020,2862.0,3480.0,0.755786,0.24693,PHL,TUR,830249
4427608,176,224,8734,2020,0.0,5497.0,-1.526134,-1.191965,PNG,TUR,830249
4427609,177,224,8734,2020,263836.0,796700.0,1.0227979999999999,1.4079139999999999,POL,TUR,830249
4427610,179,224,8734,2020,736102.0,68250.0,0.656999,2.1136470000000003,PRT,TUR,830249
4427611,180,224,8734,2020,0.0,16955.0,-0.45920600000000006,-0.930341,PRY,TUR,830249
4427612,181,224,8734,2020,0.0,65206.0,0.162235,0.828319,PSE,TUR,830249
4427613,183,224,8734,2020,0.0,506984.0,-0.028836,-1.0183950000000002,QAT,TUR,830249
4427614,185,224,8734,2020,78256.0,2865315.0,1.13426,0.9767809999999999,ROU,TUR,830249
4427615,186,224,8734,2020,4855.0,2007967.0,0.373882,0.42102700000000004,RUS,TUR,830249
4427616,187,224,8734,2020,0.0,47642.0,-0.923618,-0.975133,RWA,TUR,830249
4427617,188,224,8734,2020,0.0,2884824.0,0.662925,-0.21661999999999998,SAU,TUR,830249
4427618,190,224,8734,2020,0.0,48447.0,-1.380126,-1.280657,SDN,TUR,830249
4427619,191,224,8734,2020,0.0,5466.0,-0.634185,-0.398728,SEN,TUR,830249
4427620,192,224,8734,2020,25591.0,25839.0,1.948379,0.610574,SGP,TUR,830249
4427621,196,224,8734,2020,0.0,2218.0,-0.122243,-0.5501010000000001,SLE,TUR,830249
4427622,199,224,8734,2020,0.0,25213.0,-1.26219,-1.0055180000000001,SOM,TUR,830249
4427623,201,224,8734,2020,2648.0,744146.0,0.5868399999999999,1.1187120000000002,SRB,TUR,830249
4427624,205,224,8734,2020,0.0,5079.0,-0.272244,-0.937541,SUR,TUR,830249
4427625,206,224,8734,2020,148013.0,3847.0,1.338026,0.825268,SVK,TUR,830249
4427626,207,224,8734,2020,210366.0,7192.0,1.570699,0.8442459999999999,SVN,TUR,830249
4427627,208,224,8734,2020,132343.0,200869.0,1.6911310000000002,0.791586,SWE,TUR,830249
4427628,212,224,8734,2020,0.0,158592.0,-0.579237,0.391392,SYR,TUR,830249
4427629,215,224,8734,2020,0.0,85277.0,-0.719535,-0.746202,TGO,TUR,830249
4427630,216,224,8734,2020,4789.0,1231.0,1.035524,1.2777180000000001,THA,TUR,830249
4427631,217,224,8734,2020,0.0,123889.0,-0.73744,-1.0706950000000002,TJK,TUR,830249
4427632,219,224,8734,2020,0.0,1401468.0,-0.949525,-1.147622,TKM,TUR,830249
4427633,223,224,8734,2020,0.0,672953.0,0.220298,0.454477,TUN,TUR,830249
4427634,226,224,8734,2020,0.0,85122.0,-1.024,-0.023909,TZA,TUR,830249
4427635,227,224,8734,2020,0.0,5967.0,-0.55156,-0.019136,UGA,TUR,830249
4427636,228,224,8734,2020,1924.0,378266.0,0.383736,0.531328,UKR,TUR,830249
4427637,230,224,8734,2020,0.0,4514.0,-0.127375,-0.449032,URY,TUR,830249
4427638,231,224,8734,2020,6839962.0,2571122.0,1.588148,0.380904,USA,TUR,830249
4427639,232,224,8734,2020,0.0,456364.0,-0.309411,0.071414,UZB,TUR,830249
4427640,236,224,8734,2020,0.0,4974.0,-1.058537,-1.178218,VEN,TUR,830249
4427641,239,224,8734,2020,13005.0,7128.0,0.034229,0.89099,VNM,TUR,830249
4427642,243,224,8734,2020,0.0,41455.0,-1.130952,-1.137774,YEM,TUR,830249
4427643,246,224,8734,2020,1487.0,173963.0,0.042099,0.923931,ZAF,TUR,830249
4427644,249,224,8734,2020,89299.0,1987.0,2.0517060000000003,1.205431,TWN,TUR,830249
4427645,8,230,8734,2020,26063.0,0.0,-0.14746199999999998,0.039795,ARG,URY,830249
4427646,14,230,8734,2020,2937.0,0.0,-0.32910500000000004,-0.232963,AUS,URY,830249
4427647,18,230,8734,2020,7171.0,0.0,1.204632,1.278346,BEL,URY,830249
4427648,31,230,8734,2020,0.0,2512.0,-0.835558,-0.9611350000000001,BOL,URY,830249
4427649,32,230,8734,2020,33489.0,0.0,0.054622000000000004,0.532291,BRA,URY,830249
4427650,39,230,8734,2020,11226.0,0.0,0.609267,1.1890479999999999,CAN,URY,830249
4427651,41,230,8734,2020,1173.0,0.0,2.184038,0.900965,CHE,URY,830249
4427652,43,230,8734,2020,121211.0,0.0,1.187837,1.2237770000000001,CHN,URY,830249
4427653,49,230,8734,2020,0.0,2158.0,0.115954,0.104558,COL,URY,830249
4427654,61,230,8734,2020,15896.0,0.0,2.027494,-2.3646689999999997,DEU,URY,830249
4427655,64,230,8734,2020,1393.0,0.0,1.093217,1.2166549999999998,DNK,URY,830249
4427656,71,230,8734,2020,43408.0,0.0,0.736657,2.731661,ESP,URY,830249
4427657,77,230,8734,2020,1769.0,0.0,1.341275,0.8991870000000001,FRA,URY,830249
4427658,81,230,8734,2020,14254.0,0.0,1.6459,0.7702640000000001,GBR,URY,830249
4427659,97,230,8734,2020,1317.0,0.0,1.070483,1.183618,HKG,URY,830249
4427660,104,230,8734,2020,2435.0,0.0,0.464674,2.838779,IND,URY,830249
4427661,111,230,8734,2020,9213.0,0.0,1.299017,0.701797,ITA,URY,830249
4427662,153,230,8734,2020,1678.0,0.0,1.185223,0.573439,MYS,URY,830249
4427663,162,230,8734,2020,29136.0,0.0,1.035951,1.559401,NLD,URY,830249
4427664,201,230,8734,2020,0.0,1198.0,0.5868399999999999,1.1187120000000002,SRB,URY,830249
4427665,224,230,8734,2020,4514.0,0.0,0.590472,2.619866,TUR,URY,830249
4427666,231,230,8734,2020,13862.0,1343.0,1.588148,0.380904,USA,URY,830249
4427667,246,230,8734,2020,1275.0,0.0,0.042099,0.923931,ZAF,URY,830249
4427668,249,230,8734,2020,22679.0,0.0,2.0517060000000003,1.205431,TWN,URY,830249
4427669,0,231,8734,2020,0.0,2519.0,0.725364,-0.244535,ABW,USA,830249
4427670,1,231,8734,2020,8365.0,156975.0,-1.178987,-0.815577,AFG,USA,830249
4427671,2,231,8734,2020,0.0,53912.0,-1.7948709999999999,-1.199555,AGO,USA,830249
4427672,4,231,8734,2020,0.0,2150.0,-0.265229,0.059049000000000004,ALB,USA,830249
4427673,5,231,8734,2020,0.0,24500.0,1.009457,0.2002,AND,USA,830249
4427674,7,231,8734,2020,513990.0,7709089.0,-0.118349,-0.789485,ARE,USA,830249
4427675,8,231,8734,2020,71614.0,486380.0,-0.14746199999999998,0.039795,ARG,USA,830249
4427676,9,231,8734,2020,12862.0,0.0,-0.129502,-0.671068,ARM,USA,830249
4427677,13,231,8734,2020,0.0,98510.0,-0.210313,-0.811104,ATG,USA,830249
4427678,14,231,8734,2020,10648808.0,8833681.0,-0.32910500000000004,-0.232963,AUS,USA,830249
4427679,15,231,8734,2020,3339749.0,1570617.0,1.6711310000000001,0.059096,AUT,USA,830249
4427680,16,231,8734,2020,0.0,29985.0,-1.142366,-1.2529190000000001,AZE,USA,830249
4427681,17,231,8734,2020,0.0,1521.0,-0.748203,-0.874817,BDI,USA,830249
4427682,18,231,8734,2020,553286.0,1783332.0,1.204632,1.278346,BEL,USA,830249
4427683,19,231,8734,2020,0.0,2725.0,-0.467344,-0.686191,BEN,USA,830249
4427684,21,231,8734,2020,0.0,8123.0,-0.7634310000000001,-0.938997,BFA,USA,830249
4427685,22,231,8734,2020,8098.0,153463.0,-0.874451,-0.9031309999999999,BGD,USA,830249
4427686,23,231,8734,2020,35660.0,70686.0,0.6328520000000001,1.8517009999999998,BGR,USA,830249
4427687,24,231,8734,2020,31665.0,480646.0,0.379085,-0.634111,BHR,USA,830249
4427688,25,231,8734,2020,0.0,250482.0,-0.273982,-0.7174659999999999,BHS,USA,830249
4427689,26,231,8734,2020,146010.0,4720.0,0.5449470000000001,0.91781,BIH,USA,830249
4427690,28,231,8734,2020,4250.0,3713.0,0.858776,1.085652,BLR,USA,830249
4427691,29,231,8734,2020,0.0,20443.0,-0.145757,-0.59123,BLZ,USA,830249
4427692,30,231,8734,2020,0.0,59689.0,0.6924859999999999,-0.623079,BMU,USA,830249
4427693,31,231,8734,2020,0.0,12150.0,-0.835558,-0.9611350000000001,BOL,USA,830249
4427694,32,231,8734,2020,1682625.0,9163294.0,0.054622000000000004,0.532291,BRA,USA,830249
4427695,33,231,8734,2020,0.0,125929.0,0.666435,0.060089,BRB,USA,830249
4427696,34,231,8734,2020,0.0,138229.0,0.432569,-0.8083779999999999,BRN,USA,830249
4427697,37,231,8734,2020,0.0,5599.0,-0.8696219999999999,-1.195627,BWA,USA,830249
4427698,39,231,8734,2020,50473444.0,101214376.0,0.609267,1.1890479999999999,CAN,USA,830249
4427699,41,231,8734,2020,452650.0,4566358.0,2.184038,0.900965,CHE,USA,830249
4427700,42,231,8734,2020,13785.0,1680947.0,-0.307923,-0.565983,CHL,USA,830249
4427701,43,231,8734,2020,167077872.0,22031698.0,1.187837,1.2237770000000001,CHN,USA,830249
4427702,45,231,8734,2020,0.0,18333.0,-1.379365,-1.177022,CMR,USA,830249
4427703,46,231,8734,2020,0.0,930.0,-1.538455,-1.1857659999999999,COD,USA,830249
4427704,49,231,8734,2020,12896.0,2424334.0,0.115954,0.104558,COL,USA,830249
4427705,52,231,8734,2020,156135.0,304562.0,0.303849,-0.114494,CRI,USA,830249
4427706,55,231,8734,2020,0.0,7187.0,0.543866,0.190664,CUW,USA,830249
4427707,57,231,8734,2020,0.0,165811.0,-0.007386,-0.878251,CYM,USA,830249
4427708,58,231,8734,2020,4462.0,13339.0,0.5354760000000001,-0.069753,CYP,USA,830249
4427709,59,231,8734,2020,562993.0,916912.0,1.716646,0.602441,CZE,USA,830249
4427710,61,231,8734,2020,29098040.0,27970992.0,2.027494,-2.3646689999999997,DEU,USA,830249
4427711,62,231,8734,2020,0.0,16375.0,-0.493576,-0.808321,DJI,USA,830249
4427712,63,231,8734,2020,0.0,2546.0,0.583288,0.012664,DMA,USA,830249
4427713,64,231,8734,2020,940716.0,810909.0,1.093217,1.2166549999999998,DNK,USA,830249
4427714,65,231,8734,2020,13336.0,609588.0,0.06500299999999999,0.2812,DOM,USA,830249
4427715,66,231,8734,2020,0.0,400363.0,-1.015133,-1.243726,DZA,USA,830249
4427716,67,231,8734,2020,6444.0,288527.0,-1.074185,-1.084344,ECU,USA,830249
4427717,68,231,8734,2020,2827.0,274358.0,-0.186095,1.6414330000000001,EGY,USA,830249
4427718,71,231,8734,2020,1152806.0,1743047.0,0.736657,2.731661,ESP,USA,830249
4427719,72,231,8734,2020,256581.0,31488.0,1.012385,1.305015,EST,USA,830249
4427720,73,231,8734,2020,0.0,453114.0,-0.952033,-0.707262,ETH,USA,830249
4427721,74,231,8734,2020,229804.0,1599257.0,1.498089,1.066223,FIN,USA,830249
4427722,75,231,8734,2020,0.0,9304.0,-0.184167,-0.081888,FJI,USA,830249
4427723,77,231,8734,2020,15172681.0,127504952.0,1.341275,0.8991870000000001,FRA,USA,830249
4427724,81,231,8734,2020,29724870.0,59842684.0,1.6459,0.7702640000000001,GBR,USA,830249
4427725,82,231,8734,2020,0.0,2785.0,-0.199775,-0.38684,GEO,USA,830249
4427726,83,231,8734,2020,0.0,7204.0,-0.973506,-0.9559139999999999,GHA,USA,830249
4427727,89,231,8734,2020,0.0,44757.0,-1.5979940000000001,-0.9529340000000001,GNQ,USA,830249
4427728,90,231,8734,2020,371886.0,754979.0,0.199011,1.087811,GRC,USA,830249
4427729,91,231,8734,2020,0.0,76523.0,0.285169,-0.284221,GRD,USA,830249
4427730,93,231,8734,2020,0.0,117862.0,-0.32240100000000005,0.542048,GTM,USA,830249
4427731,96,231,8734,2020,56975.0,126608.0,-0.5874159999999999,-0.8020189999999999,GUY,USA,830249
4427732,97,231,8734,2020,325988.0,5476871.0,1.070483,1.183618,HKG,USA,830249
4427733,99,231,8734,2020,8425.0,70336.0,-0.583329,-0.404227,HND,USA,830249
4427734,100,231,8734,2020,209815.0,61723.0,0.876001,1.250877,HRV,USA,830249
4427735,101,231,8734,2020,0.0,6336.0,-1.028076,-0.884073,HTI,USA,830249
4427736,102,231,8734,2020,560499.0,979337.0,1.393152,0.878916,HUN,USA,830249
4427737,103,231,8734,2020,156565.0,994700.0,-0.16761700000000002,1.571009,IDN,USA,830249
4427738,104,231,8734,2020,8114204.0,5498428.0,0.464674,2.838779,IND,USA,830249
4427739,105,231,8734,2020,0.0,2922.0,0.928522,-0.435507,IOT,USA,830249
4427740,106,231,8734,2020,283774.0,1376960.0,1.337791,-0.20829699999999998,IRL,USA,830249
4427741,108,231,8734,2020,2167.0,485927.0,-1.087158,-0.9546389999999999,IRQ,USA,830249
4427742,109,231,8734,2020,10745.0,164180.0,0.27161399999999997,-0.17819200000000002,ISL,USA,830249
4427743,110,231,8734,2020,6363180.0,3963718.0,1.487557,0.8370920000000001,ISR,USA,830249
4427744,111,231,8734,2020,14584153.0,8278386.0,1.299017,0.701797,ITA,USA,830249
4427745,112,231,8734,2020,3879.0,339235.0,-0.21953000000000003,-0.6944899999999999,JAM,USA,830249
4427746,113,231,8734,2020,0.0,312981.0,-0.060384,0.139902,JOR,USA,830249
4427747,114,231,8734,2020,17258404.0,34308440.0,2.405659,-0.38169000000000003,JPN,USA,830249
4427748,115,231,8734,2020,0.0,180116.0,-0.48361899999999997,-0.626675,KAZ,USA,830249
4427749,116,231,8734,2020,0.0,498413.0,-0.496446,0.562476,KEN,USA,830249
4427750,118,231,8734,2020,0.0,105908.0,-0.602562,-0.505135,KHM,USA,830249
4427751,120,231,8734,2020,0.0,5317.0,0.955462,-0.487217,KNA,USA,830249
4427752,121,231,8734,2020,7726764.0,21533362.0,1.9703950000000001,0.800826,KOR,USA,830249
4427753,122,231,8734,2020,0.0,196252.0,-0.072977,-1.090017,KWT,USA,830249
4427754,124,231,8734,2020,9398.0,57708.0,0.35459,1.067965,LBN,USA,830249
4427755,126,231,8734,2020,0.0,81361.0,-1.0431840000000001,-1.187957,LBY,USA,830249
4427756,127,231,8734,2020,0.0,39376.0,0.044785000000000005,-0.59519,LCA,USA,830249
4427757,128,231,8734,2020,15029.0,455356.0,-0.48448599999999997,0.5495220000000001,LKA,USA,830249
4427758,130,231,8734,2020,48477.0,665657.0,0.9772870000000001,1.291244,LTU,USA,830249
4427759,131,231,8734,2020,9947.0,894555.0,1.197655,1.432727,LUX,USA,830249
4427760,132,231,8734,2020,39451.0,93967.0,0.712901,1.119907,LVA,USA,830249
4427761,133,231,8734,2020,0.0,96831.0,0.464354,0.020065,MAC,USA,830249
4427762,134,231,8734,2020,101009.0,4857668.0,-0.5208510000000001,-0.080499,MAR,USA,830249
4427763,135,231,8734,2020,1974.0,0.0,-0.06779199999999999,-0.240851,MDA,USA,830249
4427764,136,231,8734,2020,0.0,3761.0,-1.206503,-0.709465,MDG,USA,830249
4427765,137,231,8734,2020,0.0,5583.0,-0.68914,-0.844514,MDV,USA,830249
4427766,138,231,8734,2020,55122280.0,88854896.0,0.974514,0.563643,MEX,USA,830249
4427767,139,231,8734,2020,0.0,3922.0,-0.23666700000000002,-0.822276,MHL,USA,830249
4427768,141,231,8734,2020,0.0,9925.0,-1.309505,-1.1745079999999999,MLI,USA,830249
4427769,142,231,8734,2020,1869.0,59554.0,0.9159309999999999,0.24442199999999997,MLT,USA,830249
4427770,143,231,8734,2020,2381.0,20643.0,-0.9993569999999999,-0.298647,MMR,USA,830249
4427771,144,231,8734,2020,0.0,1231.0,0.355595,0.140822,MNE,USA,830249
4427772,145,231,8734,2020,0.0,28075.0,-1.011938,-1.127569,MNG,USA,830249
4427773,147,231,8734,2020,0.0,15480.0,-1.1186040000000002,-0.974224,MOZ,USA,830249
4427774,148,231,8734,2020,0.0,15584.0,-1.400894,-1.27631,MRT,USA,830249
4427775,151,231,8734,2020,0.0,22567.0,-0.048897,0.11543099999999999,MUS,USA,830249
4427776,153,231,8734,2020,2565623.0,3075899.0,1.185223,0.573439,MYS,USA,830249
4427777,155,231,8734,2020,0.0,1952.0,-0.664967,-0.74835,NAM,USA,830249
4427778,156,231,8734,2020,0.0,4000.0,-0.666664,-0.88528,NCL,USA,830249
4427779,157,231,8734,2020,0.0,22287.0,-0.62888,-0.841089,NER,USA,830249
4427780,159,231,8734,2020,5268.0,353598.0,-1.6399299999999999,-1.19536,NGA,USA,830249
4427781,160,231,8734,2020,0.0,104206.0,-0.9128809999999999,-0.746636,NIC,USA,830249
4427782,162,231,8734,2020,1919072.0,12191894.0,1.035951,1.559401,NLD,USA,830249
4427783,163,231,8734,2020,123293.0,2769562.0,0.793459,0.369766,NOR,USA,830249
4427784,166,231,8734,2020,590803.0,1627835.0,0.145567,0.070121,NZL,USA,830249
4427785,167,231,8734,2020,0.0,199664.0,-0.251371,-0.8775299999999999,OMN,USA,830249
4427786,168,231,8734,2020,402072.0,139762.0,-0.52984,0.63654,PAK,USA,830249
4427787,169,231,8734,2020,0.0,544496.0,0.590821,0.786784,PAN,USA,830249
4427788,173,231,8734,2020,12355.0,1000214.0,-0.717014,-0.152142,PER,USA,830249
4427789,174,231,8734,2020,1997264.0,662331.0,0.755786,0.24693,PHL,USA,830249
4427790,175,231,8734,2020,0.0,9055.0,0.207858,-0.809401,PLW,USA,830249
4427791,176,231,8734,2020,0.0,26078.0,-1.526134,-1.191965,PNG,USA,830249
4427792,177,231,8734,2020,1041089.0,5885828.0,1.0227979999999999,1.4079139999999999,POL,USA,830249
4427793,179,231,8734,2020,364141.0,1192702.0,0.656999,2.1136470000000003,PRT,USA,830249
4427794,180,231,8734,2020,0.0,9520.0,-0.45920600000000006,-0.930341,PRY,USA,830249
4427795,182,231,8734,2020,0.0,6315.0,0.640838,-0.11156300000000001,PYF,USA,830249
4427796,183,231,8734,2020,65434.0,1869046.0,-0.028836,-1.0183950000000002,QAT,USA,830249
4427797,185,231,8734,2020,832642.0,281664.0,1.13426,0.9767809999999999,ROU,USA,830249
4427798,186,231,8734,2020,14855.0,1029018.0,0.373882,0.42102700000000004,RUS,USA,830249
4427799,188,231,8734,2020,95346.0,2268680.0,0.662925,-0.21661999999999998,SAU,USA,830249
4427800,191,231,8734,2020,5044.0,0.0,-0.634185,-0.398728,SEN,USA,830249
4427801,192,231,8734,2020,4233648.0,20252252.0,1.948379,0.610574,SGP,USA,830249
4427802,195,231,8734,2020,0.0,8428.0,-1.774857,-1.015981,SLB,USA,830249
4427803,196,231,8734,2020,2541.0,0.0,-0.122243,-0.5501010000000001,SLE,USA,830249
4427804,197,231,8734,2020,986338.0,1255850.0,-0.003327,0.18823399999999998,SLV,USA,830249
4427805,198,231,8734,2020,9825.0,0.0,1.106732,0.578281,SMR,USA,830249
4427806,200,231,8734,2020,0.0,2520.0,0.162968,-0.736591,SPM,USA,830249
4427807,201,231,8734,2020,59522.0,29957.0,0.5868399999999999,1.1187120000000002,SRB,USA,830249
4427808,205,231,8734,2020,0.0,67420.0,-0.272244,-0.937541,SUR,USA,830249
4427809,206,231,8734,2020,34304.0,35198.0,1.338026,0.825268,SVK,USA,830249
4427810,207,231,8734,2020,2724.0,69973.0,1.570699,0.8442459999999999,SVN,USA,830249
4427811,208,231,8734,2020,1953879.0,5694602.0,1.6911310000000002,0.791586,SWE,USA,830249
4427812,210,231,8734,2020,0.0,11869.0,1.04788,-0.671874,SXM,USA,830249
4427813,211,231,8734,2020,0.0,9454.0,0.185747,-0.695441,SYC,USA,830249
4427814,213,231,8734,2020,0.0,9447.0,0.820773,-0.246383,TCA,USA,830249
4427815,214,231,8734,2020,0.0,30948.0,-2.862755,-1.0123090000000001,TCD,USA,830249
4427816,216,231,8734,2020,7122464.0,1040649.0,1.035524,1.2777180000000001,THA,USA,830249
4427817,219,231,8734,2020,0.0,13318.0,-0.949525,-1.147622,TKM,USA,830249
4427818,222,231,8734,2020,1675.0,506659.0,0.156566,-0.653656,TTO,USA,830249
4427819,223,231,8734,2020,716670.0,61557.0,0.220298,0.454477,TUN,USA,830249
4427820,224,231,8734,2020,2571122.0,6839962.0,0.590472,2.619866,TUR,USA,830249
4427821,226,231,8734,2020,0.0,14020.0,-1.024,-0.023909,TZA,USA,830249
4427822,227,231,8734,2020,2821.0,24236.0,-0.55156,-0.019136,UGA,USA,830249
4427823,228,231,8734,2020,17258.0,103748.0,0.383736,0.531328,UKR,USA,830249
4427824,230,231,8734,2020,1343.0,13862.0,-0.127375,-0.449032,URY,USA,830249
4427825,232,231,8734,2020,0.0,7404.0,-0.309411,0.071414,UZB,USA,830249
4427826,234,231,8734,2020,0.0,32789.0,-0.8252809999999999,-0.89407,VCT,USA,830249
4427827,236,231,8734,2020,10982.0,0.0,-1.058537,-1.178218,VEN,USA,830249
4427828,237,231,8734,2020,0.0,47958.0,1.342215,-0.501111,VGB,USA,830249
4427829,239,231,8734,2020,9111122.0,1100164.0,0.034229,0.89099,VNM,USA,830249
4427830,246,231,8734,2020,550949.0,1468749.0,0.042099,0.923931,ZAF,USA,830249
4427831,247,231,8734,2020,0.0,12152.0,-0.9162379999999999,-0.9523940000000001,ZMB,USA,830249
4427832,248,231,8734,2020,0.0,1507.0,-1.039532,-1.12853,ZWE,USA,830249
4427833,249,231,8734,2020,29161840.0,8755354.0,2.0517060000000003,1.205431,TWN,USA,830249
4427834,43,236,8734,2020,112319.0,0.0,1.187837,1.2237770000000001,CHN,VEN,830249
4427835,49,236,8734,2020,0.0,10636.0,0.115954,0.104558,COL,VEN,830249
4427836,61,236,8734,2020,3968.0,0.0,2.027494,-2.3646689999999997,DEU,VEN,830249
4427837,111,236,8734,2020,15681.0,0.0,1.299017,0.701797,ITA,VEN,830249
4427838,179,236,8734,2020,10025.0,0.0,0.656999,2.1136470000000003,PRT,VEN,830249
4427839,224,236,8734,2020,4974.0,0.0,0.590472,2.619866,TUR,VEN,830249
4427840,231,236,8734,2020,0.0,10982.0,1.588148,0.380904,USA,VEN,830249
4427841,2,246,8734,2020,0.0,43182.0,-1.7948709999999999,-1.199555,AGO,ZAF,830249
4427842,7,246,8734,2020,36985.0,80148.0,-0.118349,-0.789485,ARE,ZAF,830249
4427843,14,246,8734,2020,55729.0,178021.0,-0.32910500000000004,-0.232963,AUS,ZAF,830249
4427844,15,246,8734,2020,11981.0,1504.0,1.6711310000000001,0.059096,AUT,ZAF,830249
4427845,18,246,8734,2020,18335.0,4313.0,1.204632,1.278346,BEL,ZAF,830249
4427846,21,246,8734,2020,0.0,4864.0,-0.7634310000000001,-0.938997,BFA,ZAF,830249
4427847,23,246,8734,2020,7478.0,0.0,0.6328520000000001,1.8517009999999998,BGR,ZAF,830249
4427848,32,246,8734,2020,2846.0,0.0,0.054622000000000004,0.532291,BRA,ZAF,830249
4427849,37,246,8734,2020,4744.0,1436723.0,-0.8696219999999999,-1.195627,BWA,ZAF,830249
4427850,39,246,8734,2020,27081.0,20017.0,0.609267,1.1890479999999999,CAN,ZAF,830249
4427851,41,246,8734,2020,5979.0,0.0,2.184038,0.900965,CHE,ZAF,830249
4427852,42,246,8734,2020,0.0,893.0,-0.307923,-0.565983,CHL,ZAF,830249
4427853,43,246,8734,2020,2339874.0,1942.0,1.187837,1.2237770000000001,CHN,ZAF,830249
4427854,46,246,8734,2020,0.0,107389.0,-1.538455,-1.1857659999999999,COD,ZAF,830249
4427855,59,246,8734,2020,575691.0,0.0,1.716646,0.602441,CZE,ZAF,830249
4427856,61,246,8734,2020,329102.0,9661.0,2.027494,-2.3646689999999997,DEU,ZAF,830249
4427857,62,246,8734,2020,0.0,13978.0,-0.493576,-0.808321,DJI,ZAF,830249
4427858,64,246,8734,2020,19884.0,0.0,1.093217,1.2166549999999998,DNK,ZAF,830249
4427859,71,246,8734,2020,3752.0,5253.0,0.736657,2.731661,ESP,ZAF,830249
4427860,74,246,8734,2020,13719.0,0.0,1.498089,1.066223,FIN,ZAF,830249
4427861,77,246,8734,2020,68635.0,49079.0,1.341275,0.8991870000000001,FRA,ZAF,830249
4427862,81,246,8734,2020,168462.0,1240414.0,1.6459,0.7702640000000001,GBR,ZAF,830249
4427863,83,246,8734,2020,0.0,147737.0,-0.973506,-0.9559139999999999,GHA,ZAF,830249
4427864,85,246,8734,2020,0.0,12386.0,-1.841029,-1.233167,GIN,ZAF,830249
4427865,87,246,8734,2020,0.0,1221.0,-1.11216,-0.956471,GMB,ZAF,830249
4427866,90,246,8734,2020,32509.0,985.0,0.199011,1.087811,GRC,ZAF,830249
4427867,97,246,8734,2020,13970.0,0.0,1.070483,1.183618,HKG,ZAF,830249
4427868,100,246,8734,2020,7584.0,0.0,0.876001,1.250877,HRV,ZAF,830249
4427869,102,246,8734,2020,2365.0,0.0,1.393152,0.878916,HUN,ZAF,830249
4427870,104,246,8734,2020,8831.0,18255.0,0.464674,2.838779,IND,ZAF,830249
4427871,106,246,8734,2020,4535.0,0.0,1.337791,-0.20829699999999998,IRL,ZAF,830249
4427872,110,246,8734,2020,13834.0,2294.0,1.487557,0.8370920000000001,ISR,ZAF,830249
4427873,111,246,8734,2020,250194.0,0.0,1.299017,0.701797,ITA,ZAF,830249
4427874,114,246,8734,2020,77987.0,2912.0,2.405659,-0.38169000000000003,JPN,ZAF,830249
4427875,115,246,8734,2020,0.0,679.0,-0.48361899999999997,-0.626675,KAZ,ZAF,830249
4427876,116,246,8734,2020,0.0,105698.0,-0.496446,0.562476,KEN,ZAF,830249
4427877,121,246,8734,2020,15838.0,0.0,1.9703950000000001,0.800826,KOR,ZAF,830249
4427878,129,246,8734,2020,0.0,176461.0,-0.968781,-0.770512,LSO,ZAF,830249
4427879,136,246,8734,2020,0.0,1584.0,-1.206503,-0.709465,MDG,ZAF,830249
4427880,137,246,8734,2020,0.0,18745.0,-0.68914,-0.844514,MDV,ZAF,830249
4427881,138,246,8734,2020,24547.0,20153.0,0.974514,0.563643,MEX,ZAF,830249
4427882,145,246,8734,2020,0.0,509.0,-1.011938,-1.127569,MNG,ZAF,830249
4427883,147,246,8734,2020,5204.0,509240.0,-1.1186040000000002,-0.974224,MOZ,ZAF,830249
4427884,151,246,8734,2020,6206.0,109673.0,-0.048897,0.11543099999999999,MUS,ZAF,830249
4427885,152,246,8734,2020,0.0,148282.0,-1.122433,-1.106831,MWI,ZAF,830249
4427886,153,246,8734,2020,8249.0,0.0,1.185223,0.573439,MYS,ZAF,830249
4427887,155,246,8734,2020,1734.0,1209598.0,-0.664967,-0.74835,NAM,ZAF,830249
4427888,159,246,8734,2020,0.0,152873.0,-1.6399299999999999,-1.19536,NGA,ZAF,830249
4427889,162,246,8734,2020,525784.0,39892.0,1.035951,1.559401,NLD,ZAF,830249
4427890,163,246,8734,2020,4380.0,10089.0,0.793459,0.369766,NOR,ZAF,830249
4427891,166,246,8734,2020,1087.0,3708.0,0.145567,0.070121,NZL,ZAF,830249
4427892,168,246,8734,2020,4581.0,0.0,-0.52984,0.63654,PAK,ZAF,830249
4427893,174,246,8734,2020,1393.0,0.0,0.755786,0.24693,PHL,ZAF,830249
4427894,177,246,8734,2020,158849.0,15737.0,1.0227979999999999,1.4079139999999999,POL,ZAF,830249
4427895,179,246,8734,2020,9029.0,0.0,0.656999,2.1136470000000003,PRT,ZAF,830249
4427896,183,246,8734,2020,0.0,2680.0,-0.028836,-1.0183950000000002,QAT,ZAF,830249
4427897,185,246,8734,2020,20715.0,0.0,1.13426,0.9767809999999999,ROU,ZAF,830249
4427898,187,246,8734,2020,0.0,6536.0,-0.923618,-0.975133,RWA,ZAF,830249
4427899,188,246,8734,2020,0.0,7352.0,0.662925,-0.21661999999999998,SAU,ZAF,830249
4427900,191,246,8734,2020,0.0,1508.0,-0.634185,-0.398728,SEN,ZAF,830249
4427901,192,246,8734,2020,6351.0,0.0,1.948379,0.610574,SGP,ZAF,830249
4427902,194,246,8734,2020,0.0,11939.0,1.4857989999999999,-0.43997700000000006,SHN,ZAF,830249
4427903,206,246,8734,2020,4181.0,0.0,1.338026,0.825268,SVK,ZAF,830249
4427904,207,246,8734,2020,1076.0,0.0,1.570699,0.8442459999999999,SVN,ZAF,830249
4427905,208,246,8734,2020,78963.0,129312.0,1.6911310000000002,0.791586,SWE,ZAF,830249
4427906,209,246,8734,2020,27797.0,466716.0,0.289013,-0.556212,SWZ,ZAF,830249
4427907,211,246,8734,2020,0.0,18593.0,0.185747,-0.695441,SYC,ZAF,830249
4427908,216,246,8734,2020,546730.0,0.0,1.035524,1.2777180000000001,THA,ZAF,830249
4427909,224,246,8734,2020,173963.0,1487.0,0.590472,2.619866,TUR,ZAF,830249
4427910,226,246,8734,2020,0.0,55231.0,-1.024,-0.023909,TZA,ZAF,830249
4427911,227,246,8734,2020,0.0,12113.0,-0.55156,-0.019136,UGA,ZAF,830249
4427912,228,246,8734,2020,0.0,1079.0,0.383736,0.531328,UKR,ZAF,830249
4427913,230,246,8734,2020,0.0,1275.0,-0.127375,-0.449032,URY,ZAF,830249
4427914,231,246,8734,2020,1468749.0,550949.0,1.588148,0.380904,USA,ZAF,830249
4427915,239,246,8734,2020,2483.0,2093.0,0.034229,0.89099,VNM,ZAF,830249
4427916,247,246,8734,2020,0.0,340430.0,-0.9162379999999999,-0.9523940000000001,ZMB,ZAF,830249
4427917,248,246,8734,2020,0.0,1052001.0,-1.039532,-1.12853,ZWE,ZAF,830249
4427918,249,246,8734,2020,104613.0,0.0,2.0517060000000003,1.205431,TWN,ZAF,830249
4427919,250,246,8734,2020,18661.0,4138.0,0.866041,-0.371104,ANS,ZAF,830249
4427920,7,249,8734,2020,15304.0,479454.0,-0.118349,-0.789485,ARE,TWN,830249
4427921,8,249,8734,2020,0.0,54164.0,-0.14746199999999998,0.039795,ARG,TWN,830249
4427922,14,249,8734,2020,31392.0,3195142.0,-0.32910500000000004,-0.232963,AUS,TWN,830249
4427923,15,249,8734,2020,11573.0,92929.0,1.6711310000000001,0.059096,AUT,TWN,830249
4427924,16,249,8734,2020,0.0,4307.0,-1.142366,-1.2529190000000001,AZE,TWN,830249
4427925,18,249,8734,2020,10897.0,257321.0,1.204632,1.278346,BEL,TWN,830249
4427926,21,249,8734,2020,0.0,2532.0,-0.7634310000000001,-0.938997,BFA,TWN,830249
4427927,22,249,8734,2020,0.0,25629.0,-0.874451,-0.9031309999999999,BGD,TWN,830249
4427928,23,249,8734,2020,0.0,21326.0,0.6328520000000001,1.8517009999999998,BGR,TWN,830249
4427929,24,249,8734,2020,0.0,62792.0,0.379085,-0.634111,BHR,TWN,830249
4427930,26,249,8734,2020,0.0,2744.0,0.5449470000000001,0.91781,BIH,TWN,830249
4427931,28,249,8734,2020,0.0,614.0,0.858776,1.085652,BLR,TWN,830249
4427932,31,249,8734,2020,0.0,1132.0,-0.835558,-0.9611350000000001,BOL,TWN,830249
4427933,32,249,8734,2020,1648.0,94782.0,0.054622000000000004,0.532291,BRA,TWN,830249
4427934,33,249,8734,2020,0.0,6826.0,0.666435,0.060089,BRB,TWN,830249
4427935,34,249,8734,2020,0.0,1887.0,0.432569,-0.8083779999999999,BRN,TWN,830249
4427936,39,249,8734,2020,32645.0,4099480.0,0.609267,1.1890479999999999,CAN,TWN,830249
4427937,41,249,8734,2020,7282.0,188755.0,2.184038,0.900965,CHE,TWN,830249
4427938,42,249,8734,2020,0.0,102844.0,-0.307923,-0.565983,CHL,TWN,830249
4427939,43,249,8734,2020,7444781.0,3270793.0,1.187837,1.2237770000000001,CHN,TWN,830249
4427940,49,249,8734,2020,0.0,180171.0,0.115954,0.104558,COL,TWN,830249
4427941,52,249,8734,2020,0.0,41632.0,0.303849,-0.114494,CRI,TWN,830249
4427942,58,249,8734,2020,0.0,17053.0,0.5354760000000001,-0.069753,CYP,TWN,830249
4427943,59,249,8734,2020,10318.0,96988.0,1.716646,0.602441,CZE,TWN,830249
4427944,61,249,8734,2020,1433647.0,3361612.0,2.027494,-2.3646689999999997,DEU,TWN,830249
4427945,64,249,8734,2020,12243.0,274812.0,1.093217,1.2166549999999998,DNK,TWN,830249
4427946,67,249,8734,2020,0.0,10074.0,-1.074185,-1.084344,ECU,TWN,830249
4427947,68,249,8734,2020,0.0,114692.0,-0.186095,1.6414330000000001,EGY,TWN,830249
4427948,71,249,8734,2020,16616.0,259314.0,0.736657,2.731661,ESP,TWN,830249
4427949,72,249,8734,2020,6425.0,52968.0,1.012385,1.305015,EST,TWN,830249
4427950,73,249,8734,2020,0.0,1813.0,-0.952033,-0.707262,ETH,TWN,830249
4427951,74,249,8734,2020,0.0,32970.0,1.498089,1.066223,FIN,TWN,830249
4427952,75,249,8734,2020,0.0,1727.0,-0.184167,-0.081888,FJI,TWN,830249
4427953,77,249,8734,2020,68804.0,424185.0,1.341275,0.8991870000000001,FRA,TWN,830249
4427954,79,249,8734,2020,0.0,2395.0,-0.845915,-0.964045,FSM,TWN,830249
4427955,81,249,8734,2020,667790.0,2012252.0,1.6459,0.7702640000000001,GBR,TWN,830249
4427956,83,249,8734,2020,0.0,2180.0,-0.973506,-0.9559139999999999,GHA,TWN,830249
4427957,90,249,8734,2020,0.0,12598.0,0.199011,1.087811,GRC,TWN,830249
4427958,93,249,8734,2020,0.0,48936.0,-0.32240100000000005,0.542048,GTM,TWN,830249
4427959,95,249,8734,2020,0.0,1637.0,0.27266399999999996,-0.638288,GUM,TWN,830249
4427960,96,249,8734,2020,0.0,30561.0,-0.5874159999999999,-0.8020189999999999,GUY,TWN,830249
4427961,97,249,8734,2020,118508.0,1610652.0,1.070483,1.183618,HKG,TWN,830249
4427962,99,249,8734,2020,0.0,4256.0,-0.583329,-0.404227,HND,TWN,830249
4427963,100,249,8734,2020,0.0,3291.0,0.876001,1.250877,HRV,TWN,830249
4427964,102,249,8734,2020,4157.0,62479.0,1.393152,0.878916,HUN,TWN,830249
4427965,103,249,8734,2020,4794.0,378896.0,-0.16761700000000002,1.571009,IDN,TWN,830249
4427966,104,249,8734,2020,1877.0,236054.0,0.464674,2.838779,IND,TWN,830249
4427967,106,249,8734,2020,0.0,36591.0,1.337791,-0.20829699999999998,IRL,TWN,830249
4427968,109,249,8734,2020,0.0,1080.0,0.27161399999999997,-0.17819200000000002,ISL,TWN,830249
4427969,110,249,8734,2020,31534.0,721443.0,1.487557,0.8370920000000001,ISR,TWN,830249
4427970,111,249,8734,2020,155897.0,529132.0,1.299017,0.701797,ITA,TWN,830249
4427971,112,249,8734,2020,0.0,2001.0,-0.21953000000000003,-0.6944899999999999,JAM,TWN,830249
4427972,113,249,8734,2020,0.0,34178.0,-0.060384,0.139902,JOR,TWN,830249
4427973,114,249,8734,2020,1393338.0,13453272.0,2.405659,-0.38169000000000003,JPN,TWN,830249
4427974,115,249,8734,2020,0.0,9019.0,-0.48361899999999997,-0.626675,KAZ,TWN,830249
4427975,116,249,8734,2020,0.0,30825.0,-0.496446,0.562476,KEN,TWN,830249
4427976,118,249,8734,2020,0.0,9543.0,-0.602562,-0.505135,KHM,TWN,830249
4427977,121,249,8734,2020,586646.0,575434.0,1.9703950000000001,0.800826,KOR,TWN,830249
4427978,122,249,8734,2020,0.0,163612.0,-0.072977,-1.090017,KWT,TWN,830249
4427979,124,249,8734,2020,0.0,46795.0,0.35459,1.067965,LBN,TWN,830249
4427980,128,249,8734,2020,0.0,21494.0,-0.48448599999999997,0.5495220000000001,LKA,TWN,830249
4427981,130,249,8734,2020,0.0,15591.0,0.9772870000000001,1.291244,LTU,TWN,830249
4427982,131,249,8734,2020,1438.0,0.0,1.197655,1.432727,LUX,TWN,830249
4427983,132,249,8734,2020,0.0,13192.0,0.712901,1.119907,LVA,TWN,830249
4427984,133,249,8734,2020,0.0,25622.0,0.464354,0.020065,MAC,TWN,830249
4427985,134,249,8734,2020,0.0,11173.0,-0.5208510000000001,-0.080499,MAR,TWN,830249
4427986,135,249,8734,2020,0.0,391.0,-0.06779199999999999,-0.240851,MDA,TWN,830249
4427987,137,249,8734,2020,0.0,4212.0,-0.68914,-0.844514,MDV,TWN,830249
4427988,138,249,8734,2020,3434.0,1081384.0,0.974514,0.563643,MEX,TWN,830249
4427989,140,249,8734,2020,0.0,1048.0,0.147947,-0.11116500000000001,MKD,TWN,830249
4427990,143,249,8734,2020,0.0,2108.0,-0.9993569999999999,-0.298647,MMR,TWN,830249
4427991,144,249,8734,2020,0.0,1117.0,0.355595,0.140822,MNE,TWN,830249
4427992,145,249,8734,2020,0.0,1101.0,-1.011938,-1.127569,MNG,TWN,830249
4427993,147,249,8734,2020,0.0,4849.0,-1.1186040000000002,-0.974224,MOZ,TWN,830249
4427994,151,249,8734,2020,0.0,36847.0,-0.048897,0.11543099999999999,MUS,TWN,830249
4427995,153,249,8734,2020,196135.0,523232.0,1.185223,0.573439,MYS,TWN,830249
4427996,160,249,8734,2020,0.0,780.0,-0.9128809999999999,-0.746636,NIC,TWN,830249
4427997,162,249,8734,2020,80180.0,4265731.0,1.035951,1.559401,NLD,TWN,830249
4427998,163,249,8734,2020,1164.0,233703.0,0.793459,0.369766,NOR,TWN,830249
4427999,166,249,8734,2020,4535.0,987020.0,0.145567,0.070121,NZL,TWN,830249
4428000,168,249,8734,2020,0.0,5155.0,-0.52984,0.63654,PAK,TWN,830249
4428001,169,249,8734,2020,0.0,30547.0,0.590821,0.786784,PAN,TWN,830249
4428002,173,249,8734,2020,0.0,14726.0,-0.717014,-0.152142,PER,TWN,830249
4428003,174,249,8734,2020,8547.0,1180219.0,0.755786,0.24693,PHL,TWN,830249
4428004,175,249,8734,2020,0.0,1958.0,0.207858,-0.809401,PLW,TWN,830249
4428005,176,249,8734,2020,0.0,14991.0,-1.526134,-1.191965,PNG,TWN,830249
4428006,177,249,8734,2020,1668.0,519972.0,1.0227979999999999,1.4079139999999999,POL,TWN,830249
4428007,179,249,8734,2020,8437.0,14313.0,0.656999,2.1136470000000003,PRT,TWN,830249
4428008,180,249,8734,2020,0.0,8762.0,-0.45920600000000006,-0.930341,PRY,TWN,830249
4428009,181,249,8734,2020,0.0,5055.0,0.162235,0.828319,PSE,TWN,830249
4428010,182,249,8734,2020,0.0,19630.0,0.640838,-0.11156300000000001,PYF,TWN,830249
4428011,183,249,8734,2020,0.0,45460.0,-0.028836,-1.0183950000000002,QAT,TWN,830249
4428012,185,249,8734,2020,1285.0,89080.0,1.13426,0.9767809999999999,ROU,TWN,830249
4428013,186,249,8734,2020,0.0,317385.0,0.373882,0.42102700000000004,RUS,TWN,830249
4428014,188,249,8734,2020,0.0,769149.0,0.662925,-0.21661999999999998,SAU,TWN,830249
4428015,192,249,8734,2020,319608.0,499284.0,1.948379,0.610574,SGP,TWN,830249
4428016,197,249,8734,2020,0.0,3805.0,-0.003327,0.18823399999999998,SLV,TWN,830249
4428017,201,249,8734,2020,0.0,5009.0,0.5868399999999999,1.1187120000000002,SRB,TWN,830249
4428018,206,249,8734,2020,3964.0,20726.0,1.338026,0.825268,SVK,TWN,830249
4428019,207,249,8734,2020,9185.0,19003.0,1.570699,0.8442459999999999,SVN,TWN,830249
4428020,208,249,8734,2020,2881.0,2034585.0,1.6911310000000002,0.791586,SWE,TWN,830249
4428021,209,249,8734,2020,0.0,12812.0,0.289013,-0.556212,SWZ,TWN,830249
4428022,216,249,8734,2020,24072.0,533660.0,1.035524,1.2777180000000001,THA,TWN,830249
4428023,222,249,8734,2020,0.0,40688.0,0.156566,-0.653656,TTO,TWN,830249
4428024,223,249,8734,2020,0.0,18521.0,0.220298,0.454477,TUN,TWN,830249
4428025,224,249,8734,2020,1987.0,89299.0,0.590472,2.619866,TUR,TWN,830249
4428026,226,249,8734,2020,0.0,1534.0,-1.024,-0.023909,TZA,TWN,830249
4428027,227,249,8734,2020,0.0,3106.0,-0.55156,-0.019136,UGA,TWN,830249
4428028,228,249,8734,2020,0.0,120449.0,0.383736,0.531328,UKR,TWN,830249
4428029,230,249,8734,2020,0.0,22679.0,-0.127375,-0.449032,URY,TWN,830249
4428030,231,249,8734,2020,8755354.0,29161840.0,1.588148,0.380904,USA,TWN,830249
4428031,239,249,8734,2020,774236.0,904348.0,0.034229,0.89099,VNM,TWN,830249
4428032,246,249,8734,2020,0.0,104613.0,0.042099,0.923931,ZAF,TWN,830249
4428033,250,249,8734,2020,236515.0,314588.0,0.866041,-0.371104,ANS,TWN,830249
4428034,0,250,8734,2020,5735.0,7384.0,0.725364,-0.244535,ABW,ANS,830249
4428035,14,250,8734,2020,19269.0,75724.0,-0.32910500000000004,-0.232963,AUS,ANS,830249
4428036,32,250,8734,2020,0.0,146894.0,0.054622000000000004,0.532291,BRA,ANS,830249
4428037,33,250,8734,2020,0.0,2476.0,0.666435,0.060089,BRB,ANS,830249
4428038,39,250,8734,2020,0.0,3570920.0,0.609267,1.1890479999999999,CAN,ANS,830249
4428039,42,250,8734,2020,0.0,96705.0,-0.307923,-0.565983,CHL,ANS,830249
4428040,52,250,8734,2020,0.0,5657.0,0.303849,-0.114494,CRI,ANS,830249
4428041,59,250,8734,2020,0.0,324330.0,1.716646,0.602441,CZE,ANS,830249
4428042,61,250,8734,2020,74116.0,0.0,2.027494,-2.3646689999999997,DEU,ANS,830249
4428043,64,250,8734,2020,0.0,15265.0,1.093217,1.2166549999999998,DNK,ANS,830249
4428044,71,250,8734,2020,4580.0,99339.0,0.736657,2.731661,ESP,ANS,830249
4428045,72,250,8734,2020,0.0,652463.0,1.012385,1.305015,EST,ANS,830249
4428046,77,250,8734,2020,28280.0,60739.0,1.341275,0.8991870000000001,FRA,ANS,830249
4428047,81,250,8734,2020,0.0,17530386.0,1.6459,0.7702640000000001,GBR,ANS,830249
4428048,100,250,8734,2020,5637.0,0.0,0.876001,1.250877,HRV,ANS,830249
4428049,103,250,8734,2020,0.0,8097.0,-0.16761700000000002,1.571009,IDN,ANS,830249
4428050,106,250,8734,2020,0.0,40043.0,1.337791,-0.20829699999999998,IRL,ANS,830249
4428051,110,250,8734,2020,40000.0,38960.0,1.487557,0.8370920000000001,ISR,ANS,830249
4428052,111,250,8734,2020,50105.0,0.0,1.299017,0.701797,ITA,ANS,830249
4428053,115,250,8734,2020,0.0,37076.0,-0.48361899999999997,-0.626675,KAZ,ANS,830249
4428054,122,250,8734,2020,0.0,204834.0,-0.072977,-1.090017,KWT,ANS,830249
4428055,124,250,8734,2020,3625.0,0.0,0.35459,1.067965,LBN,ANS,830249
4428056,130,250,8734,2020,0.0,2194.0,0.9772870000000001,1.291244,LTU,ANS,830249
4428057,131,250,8734,2020,0.0,99892.0,1.197655,1.432727,LUX,ANS,830249
4428058,138,250,8734,2020,0.0,58713.0,0.974514,0.563643,MEX,ANS,830249
4428059,155,250,8734,2020,0.0,2006.0,-0.664967,-0.74835,NAM,ANS,830249
4428060,162,250,8734,2020,9223.0,1099.0,1.035951,1.559401,NLD,ANS,830249
4428061,166,250,8734,2020,0.0,1736.0,0.145567,0.070121,NZL,ANS,830249
4428062,168,250,8734,2020,0.0,38221.0,-0.52984,0.63654,PAK,ANS,830249
4428063,177,250,8734,2020,0.0,178927.0,1.0227979999999999,1.4079139999999999,POL,ANS,830249
4428064,182,250,8734,2020,0.0,2673.0,0.640838,-0.11156300000000001,PYF,ANS,830249
4428065,186,250,8734,2020,0.0,34835.0,0.373882,0.42102700000000004,RUS,ANS,830249
4428066,188,250,8734,2020,0.0,56116.0,0.662925,-0.21661999999999998,SAU,ANS,830249
4428067,206,250,8734,2020,0.0,408035.0,1.338026,0.825268,SVK,ANS,830249
4428068,207,250,8734,2020,0.0,1399.0,1.570699,0.8442459999999999,SVN,ANS,830249
4428069,246,250,8734,2020,4138.0,18661.0,0.042099,0.923931,ZAF,ANS,830249
4428070,249,250,8734,2020,314588.0,236515.0,2.0517060000000003,1.205431,TWN,ANS,830249
4428071,7,9,8734,2020,13107.0,0.0,-0.118349,-0.789485,ARE,ARM,830249
4428072,23,9,8734,2020,56646.0,0.0,0.6328520000000001,1.8517009999999998,BGR,ARM,830249
4428073,43,9,8734,2020,8396.0,0.0,1.187837,1.2237770000000001,CHN,ARM,830249
4428074,59,9,8734,2020,6230.0,0.0,1.716646,0.602441,CZE,ARM,830249
4428075,61,9,8734,2020,11736.0,0.0,2.027494,-2.3646689999999997,DEU,ARM,830249
4428076,82,9,8734,2020,27899.0,14188.0,-0.199775,-0.38684,GEO,ARM,830249
4428077,102,9,8734,2020,1268.0,0.0,1.393152,0.878916,HUN,ARM,830249
4428078,111,9,8734,2020,21681.0,0.0,1.299017,0.701797,ITA,ARM,830249
4428079,162,9,8734,2020,5588.0,0.0,1.035951,1.559401,NLD,ARM,830249
4428080,186,9,8734,2020,67425.0,79759.0,0.373882,0.42102700000000004,RUS,ARM,830249
4428081,208,9,8734,2020,1505.0,0.0,1.6911310000000002,0.791586,SWE,ARM,830249
4428082,228,9,8734,2020,18683.0,0.0,0.383736,0.531328,UKR,ARM,830249
4428083,231,9,8734,2020,0.0,12862.0,1.588148,0.380904,USA,ARM,830249
4428084,7,14,8734,2020,54768.0,374257.0,-0.118349,-0.789485,ARE,AUS,830249
4428085,15,14,8734,2020,104941.0,3572.0,1.6711310000000001,0.059096,AUT,AUS,830249
4428086,18,14,8734,2020,59040.0,25600.0,1.204632,1.278346,BEL,AUS,830249
4428087,21,14,8734,2020,0.0,2482.0,-0.7634310000000001,-0.938997,BFA,AUS,830249
4428088,23,14,8734,2020,1346.0,0.0,0.6328520000000001,1.8517009999999998,BGR,AUS,830249
4428089,26,14,8734,2020,1912.0,0.0,0.5449470000000001,0.91781,BIH,AUS,830249
4428090,32,14,8734,2020,26595.0,2005714.0,0.054622000000000004,0.532291,BRA,AUS,830249
4428091,34,14,8734,2020,0.0,3678.0,0.432569,-0.8083779999999999,BRN,AUS,830249
4428092,37,14,8734,2020,0.0,181400.0,-0.8696219999999999,-1.195627,BWA,AUS,830249
4428093,39,14,8734,2020,464345.0,148912.0,0.609267,1.1890479999999999,CAN,AUS,830249
4428094,40,14,8734,2020,0.0,20538.0,1.373165,0.070636,CCK,AUS,830249
4428095,41,14,8734,2020,37663.0,22329.0,2.184038,0.900965,CHE,AUS,830249
4428096,42,14,8734,2020,2869.0,24592.0,-0.307923,-0.565983,CHL,AUS,830249
4428097,43,14,8734,2020,19550334.0,350641.0,1.187837,1.2237770000000001,CHN,AUS,830249
4428098,44,14,8734,2020,0.0,240872.0,-1.2299200000000001,-1.095777,CIV,AUS,830249
4428099,49,14,8734,2020,0.0,1785.0,0.115954,0.104558,COL,AUS,830249
4428100,52,14,8734,2020,8119.0,0.0,0.303849,-0.114494,CRI,AUS,830249
4428101,59,14,8734,2020,30987.0,111865.0,1.716646,0.602441,CZE,AUS,830249
4428102,61,14,8734,2020,1124959.0,14725.0,2.027494,-2.3646689999999997,DEU,AUS,830249
4428103,64,14,8734,2020,182125.0,2011.0,1.093217,1.2166549999999998,DNK,AUS,830249
4428104,68,14,8734,2020,0.0,19695.0,-0.186095,1.6414330000000001,EGY,AUS,830249
4428105,71,14,8734,2020,11659.0,11929.0,0.736657,2.731661,ESP,AUS,830249
4428106,72,14,8734,2020,1156.0,0.0,1.012385,1.305015,EST,AUS,830249
4428107,74,14,8734,2020,28180.0,13876.0,1.498089,1.066223,FIN,AUS,830249
4428108,75,14,8734,2020,0.0,56742.0,-0.184167,-0.081888,FJI,AUS,830249
4428109,77,14,8734,2020,519253.0,26963.0,1.341275,0.8991870000000001,FRA,AUS,830249
4428110,81,14,8734,2020,1327942.0,157246.0,1.6459,0.7702640000000001,GBR,AUS,830249
4428111,83,14,8734,2020,0.0,966769.0,-0.973506,-0.9559139999999999,GHA,AUS,830249
4428112,90,14,8734,2020,27104.0,4191.0,0.199011,1.087811,GRC,AUS,830249
4428113,97,14,8734,2020,594808.0,114468.0,1.070483,1.183618,HKG,AUS,830249
4428114,100,14,8734,2020,6135.0,0.0,0.876001,1.250877,HRV,AUS,830249
4428115,102,14,8734,2020,7204.0,3095.0,1.393152,0.878916,HUN,AUS,830249
4428116,103,14,8734,2020,14055.0,148949.0,-0.16761700000000002,1.571009,IDN,AUS,830249
4428117,104,14,8734,2020,99023.0,57550.0,0.464674,2.838779,IND,AUS,830249
4428118,106,14,8734,2020,22213.0,18160.0,1.337791,-0.20829699999999998,IRL,AUS,830249
4428119,109,14,8734,2020,6438.0,0.0,0.27161399999999997,-0.17819200000000002,ISL,AUS,830249
4428120,110,14,8734,2020,41075.0,32319.0,1.487557,0.8370920000000001,ISR,AUS,830249
4428121,111,14,8734,2020,683402.0,63734.0,1.299017,0.701797,ITA,AUS,830249
4428122,114,14,8734,2020,353143.0,22406.0,2.405659,-0.38169000000000003,JPN,AUS,830249
4428123,115,14,8734,2020,0.0,3508.0,-0.48361899999999997,-0.626675,KAZ,AUS,830249
4428124,116,14,8734,2020,0.0,1772.0,-0.496446,0.562476,KEN,AUS,830249
4428125,118,14,8734,2020,0.0,58984.0,-0.602562,-0.505135,KHM,AUS,830249
4428126,121,14,8734,2020,247331.0,8066.0,1.9703950000000001,0.800826,KOR,AUS,830249
4428127,122,14,8734,2020,0.0,45165.0,-0.072977,-1.090017,KWT,AUS,830249
4428128,123,14,8734,2020,0.0,3308.0,-0.741151,-0.689088,LAO,AUS,830249
4428129,128,14,8734,2020,89907.0,3139.0,-0.48448599999999997,0.5495220000000001,LKA,AUS,830249
4428130,131,14,8734,2020,2513.0,0.0,1.197655,1.432727,LUX,AUS,830249
4428131,132,14,8734,2020,2959.0,0.0,0.712901,1.119907,LVA,AUS,830249
4428132,134,14,8734,2020,0.0,1094.0,-0.5208510000000001,-0.080499,MAR,AUS,830249
4428133,138,14,8734,2020,262343.0,2227.0,0.974514,0.563643,MEX,AUS,830249
4428134,141,14,8734,2020,0.0,1027.0,-1.309505,-1.1745079999999999,MLI,AUS,830249
4428135,145,14,8734,2020,0.0,10564.0,-1.011938,-1.127569,MNG,AUS,830249
4428136,147,14,8734,2020,0.0,2142.0,-1.1186040000000002,-0.974224,MOZ,AUS,830249
4428137,151,14,8734,2020,0.0,1478.0,-0.048897,0.11543099999999999,MUS,AUS,830249
4428138,153,14,8734,2020,483367.0,44101.0,1.185223,0.573439,MYS,AUS,830249
4428139,156,14,8734,2020,0.0,40893.0,-0.666664,-0.88528,NCL,AUS,830249
4428140,157,14,8734,2020,5227.0,0.0,-0.62888,-0.841089,NER,AUS,830249
4428141,158,14,8734,2020,0.0,15630.0,1.107522,-0.477454,NFK,AUS,830249
4428142,162,14,8734,2020,766211.0,210308.0,1.035951,1.559401,NLD,AUS,830249
4428143,163,14,8734,2020,34140.0,2660.0,0.793459,0.369766,NOR,AUS,830249
4428144,166,14,8734,2020,1178323.0,2386603.0,0.145567,0.070121,NZL,AUS,830249
4428145,167,14,8734,2020,0.0,5298.0,-0.251371,-0.8775299999999999,OMN,AUS,830249
4428146,168,14,8734,2020,15711.0,0.0,-0.52984,0.63654,PAK,AUS,830249
4428147,169,14,8734,2020,0.0,2205.0,0.590821,0.786784,PAN,AUS,830249
4428148,173,14,8734,2020,0.0,15820.0,-0.717014,-0.152142,PER,AUS,830249
4428149,174,14,8734,2020,113103.0,76040.0,0.755786,0.24693,PHL,AUS,830249
4428150,176,14,8734,2020,0.0,400446.0,-1.526134,-1.191965,PNG,AUS,830249
4428151,177,14,8734,2020,24600.0,3907.0,1.0227979999999999,1.4079139999999999,POL,AUS,830249
4428152,179,14,8734,2020,29965.0,6958.0,0.656999,2.1136470000000003,PRT,AUS,830249
4428153,180,14,8734,2020,0.0,3333.0,-0.45920600000000006,-0.930341,PRY,AUS,830249
4428154,182,14,8734,2020,0.0,47607.0,0.640838,-0.11156300000000001,PYF,AUS,830249
4428155,183,14,8734,2020,1178.0,5114.0,-0.028836,-1.0183950000000002,QAT,AUS,830249
4428156,185,14,8734,2020,134267.0,0.0,1.13426,0.9767809999999999,ROU,AUS,830249
4428157,186,14,8734,2020,39383.0,5737.0,0.373882,0.42102700000000004,RUS,AUS,830249
4428158,188,14,8734,2020,0.0,62176.0,0.662925,-0.21661999999999998,SAU,AUS,830249
4428159,192,14,8734,2020,226687.0,296426.0,1.948379,0.610574,SGP,AUS,830249
4428160,195,14,8734,2020,0.0,12966.0,-1.774857,-1.015981,SLB,AUS,830249
4428161,201,14,8734,2020,1015.0,0.0,0.5868399999999999,1.1187120000000002,SRB,AUS,830249
4428162,206,14,8734,2020,24839.0,743.0,1.338026,0.825268,SVK,AUS,830249
4428163,207,14,8734,2020,11194.0,2064.0,1.570699,0.8442459999999999,SVN,AUS,830249
4428164,208,14,8734,2020,750302.0,3233.0,1.6911310000000002,0.791586,SWE,AUS,830249
4428165,211,14,8734,2020,0.0,4877.0,0.185747,-0.695441,SYC,AUS,830249
4428166,216,14,8734,2020,362915.0,336279.0,1.035524,1.2777180000000001,THA,AUS,830249
4428167,220,14,8734,2020,0.0,20779.0,-0.662555,-0.8795129999999999,TLS,AUS,830249
4428168,221,14,8734,2020,0.0,12760.0,-0.79433,-0.8264100000000001,TON,AUS,830249
4428169,224,14,8734,2020,47211.0,3964.0,0.590472,2.619866,TUR,AUS,830249
4428170,226,14,8734,2020,0.0,542944.0,-1.024,-0.023909,TZA,AUS,830249
4428171,227,14,8734,2020,0.0,655.0,-0.55156,-0.019136,UGA,AUS,830249
4428172,228,14,8734,2020,4294.0,19045.0,0.383736,0.531328,UKR,AUS,830249
4428173,230,14,8734,2020,0.0,2937.0,-0.127375,-0.449032,URY,AUS,830249
4428174,231,14,8734,2020,8833681.0,10648808.0,1.588148,0.380904,USA,AUS,830249
4428175,239,14,8734,2020,657451.0,16583.0,0.034229,0.89099,VNM,AUS,830249
4428176,246,14,8734,2020,178021.0,55729.0,0.042099,0.923931,ZAF,AUS,830249
4428177,249,14,8734,2020,3195142.0,31392.0,2.0517060000000003,1.205431,TWN,AUS,830249
4428178,250,14,8734,2020,75724.0,19269.0,0.866041,-0.371104,ANS,AUS,830249
4428179,7,16,8734,2020,54888.0,0.0,-0.118349,-0.789485,ARE,AZE,830249
4428180,15,16,8734,2020,34006.0,0.0,1.6711310000000001,0.059096,AUT,AZE,830249
4428181,23,16,8734,2020,18247.0,0.0,0.6328520000000001,1.8517009999999998,BGR,AZE,830249
4428182,28,16,8734,2020,975.0,0.0,0.858776,1.085652,BLR,AZE,830249
4428183,41,16,8734,2020,4056.0,0.0,2.184038,0.900965,CHE,AZE,830249
4428184,43,16,8734,2020,34551.0,0.0,1.187837,1.2237770000000001,CHN,AZE,830249
4428185,59,16,8734,2020,6299.0,0.0,1.716646,0.602441,CZE,AZE,830249
4428186,61,16,8734,2020,8518.0,0.0,2.027494,-2.3646689999999997,DEU,AZE,830249
4428187,64,16,8734,2020,768.0,0.0,1.093217,1.2166549999999998,DNK,AZE,830249
4428188,71,16,8734,2020,4473.0,0.0,0.736657,2.731661,ESP,AZE,830249
4428189,77,16,8734,2020,18945.0,10122.0,1.341275,0.8991870000000001,FRA,AZE,830249
4428190,81,16,8734,2020,221057.0,0.0,1.6459,0.7702640000000001,GBR,AZE,830249
4428191,104,16,8734,2020,1153.0,0.0,0.464674,2.838779,IND,AZE,830249
4428192,106,16,8734,2020,14161.0,0.0,1.337791,-0.20829699999999998,IRL,AZE,830249
4428193,107,16,8734,2020,29464.0,0.0,-0.362286,-0.242846,IRN,AZE,830249
4428194,111,16,8734,2020,15781.0,0.0,1.299017,0.701797,ITA,AZE,830249
4428195,114,16,8734,2020,2496.0,0.0,2.405659,-0.38169000000000003,JPN,AZE,830249
4428196,121,16,8734,2020,7019.0,0.0,1.9703950000000001,0.800826,KOR,AZE,830249
4428197,130,16,8734,2020,972.0,0.0,0.9772870000000001,1.291244,LTU,AZE,830249
4428198,131,16,8734,2020,3024.0,0.0,1.197655,1.432727,LUX,AZE,830249
4428199,132,16,8734,2020,3785.0,0.0,0.712901,1.119907,LVA,AZE,830249
4428200,162,16,8734,2020,4670.0,0.0,1.035951,1.559401,NLD,AZE,830249
4428201,163,16,8734,2020,10426.0,0.0,0.793459,0.369766,NOR,AZE,830249
4428202,177,16,8734,2020,1617.0,0.0,1.0227979999999999,1.4079139999999999,POL,AZE,830249
4428203,179,16,8734,2020,8324.0,0.0,0.656999,2.1136470000000003,PRT,AZE,830249
4428204,185,16,8734,2020,4995.0,0.0,1.13426,0.9767809999999999,ROU,AZE,830249
4428205,186,16,8734,2020,5318.0,0.0,0.373882,0.42102700000000004,RUS,AZE,830249
4428206,192,16,8734,2020,2872.0,0.0,1.948379,0.610574,SGP,AZE,830249
4428207,207,16,8734,2020,2402.0,0.0,1.570699,0.8442459999999999,SVN,AZE,830249
4428208,224,16,8734,2020,748673.0,0.0,0.590472,2.619866,TUR,AZE,830249
4428209,228,16,8734,2020,6112.0,0.0,0.383736,0.531328,UKR,AZE,830249
4428210,231,16,8734,2020,29985.0,0.0,1.588148,0.380904,USA,AZE,830249
4428211,249,16,8734,2020,4307.0,0.0,2.0517060000000003,1.205431,TWN,AZE,830249
4428212,7,28,8734,2020,0.0,50714.0,-0.118349,-0.789485,ARE,BLR,830249
4428213,15,28,8734,2020,4668.0,0.0,1.6711310000000001,0.059096,AUT,BLR,830249
4428214,16,28,8734,2020,0.0,975.0,-1.142366,-1.2529190000000001,AZE,BLR,830249
4428215,18,28,8734,2020,4212.0,0.0,1.204632,1.278346,BEL,BLR,830249
4428216,39,28,8734,2020,0.0,1356.0,0.609267,1.1890479999999999,CAN,BLR,830249
4428217,41,28,8734,2020,4138.0,0.0,2.184038,0.900965,CHE,BLR,830249
4428218,43,28,8734,2020,2185358.0,0.0,1.187837,1.2237770000000001,CHN,BLR,830249
4428219,45,28,8734,2020,0.0,1301.0,-1.379365,-1.177022,CMR,BLR,830249
4428220,59,28,8734,2020,22007.0,1603.0,1.716646,0.602441,CZE,BLR,830249
4428221,61,28,8734,2020,130486.0,0.0,2.027494,-2.3646689999999997,DEU,BLR,830249
4428222,71,28,8734,2020,1065.0,0.0,0.736657,2.731661,ESP,BLR,830249
4428223,72,28,8734,2020,936.0,0.0,1.012385,1.305015,EST,BLR,830249
4428224,77,28,8734,2020,1788.0,0.0,1.341275,0.8991870000000001,FRA,BLR,830249
4428225,81,28,8734,2020,4161.0,8879.0,1.6459,0.7702640000000001,GBR,BLR,830249
4428226,102,28,8734,2020,4906.0,0.0,1.393152,0.878916,HUN,BLR,830249
4428227,110,28,8734,2020,0.0,27836.0,1.487557,0.8370920000000001,ISR,BLR,830249
4428228,111,28,8734,2020,241159.0,0.0,1.299017,0.701797,ITA,BLR,830249
4428229,115,28,8734,2020,0.0,13933.0,-0.48361899999999997,-0.626675,KAZ,BLR,830249
4428230,130,28,8734,2020,246907.0,16285.0,0.9772870000000001,1.291244,LTU,BLR,830249
4428231,132,28,8734,2020,13419.0,0.0,0.712901,1.119907,LVA,BLR,830249
4428232,135,28,8734,2020,0.0,18667.0,-0.06779199999999999,-0.240851,MDA,BLR,830249
4428233,138,28,8734,2020,885.0,0.0,0.974514,0.563643,MEX,BLR,830249
4428234,162,28,8734,2020,3126.0,0.0,1.035951,1.559401,NLD,BLR,830249
4428235,168,28,8734,2020,343.0,0.0,-0.52984,0.63654,PAK,BLR,830249
4428236,177,28,8734,2020,234649.0,17870.0,1.0227979999999999,1.4079139999999999,POL,BLR,830249
4428237,185,28,8734,2020,0.0,1340.0,1.13426,0.9767809999999999,ROU,BLR,830249
4428238,186,28,8734,2020,3492471.0,1421685.0,0.373882,0.42102700000000004,RUS,BLR,830249
4428239,201,28,8734,2020,0.0,1220.0,0.5868399999999999,1.1187120000000002,SRB,BLR,830249
4428240,206,28,8734,2020,4277.0,0.0,1.338026,0.825268,SVK,BLR,830249
4428241,208,28,8734,2020,1110.0,0.0,1.6911310000000002,0.791586,SWE,BLR,830249
4428242,224,28,8734,2020,345513.0,0.0,0.590472,2.619866,TUR,BLR,830249
4428243,228,28,8734,2020,145068.0,202633.0,0.383736,0.531328,UKR,BLR,830249
4428244,231,28,8734,2020,3713.0,4250.0,1.588148,0.380904,USA,BLR,830249
4428245,232,28,8734,2020,0.0,1674.0,-0.309411,0.071414,UZB,BLR,830249
4428246,239,28,8734,2020,862.0,0.0,0.034229,0.89099,VNM,BLR,830249
4428247,249,28,8734,2020,614.0,0.0,2.0517060000000003,1.205431,TWN,BLR,830249
4428248,7,58,8734,2020,289771.0,1155.0,-0.118349,-0.789485,ARE,CYP,830249
4428249,15,58,8734,2020,339563.0,0.0,1.6711310000000001,0.059096,AUT,CYP,830249
4428250,18,58,8734,2020,8379.0,0.0,1.204632,1.278346,BEL,CYP,830249
4428251,39,58,8734,2020,1107.0,0.0,0.609267,1.1890479999999999,CAN,CYP,830249
4428252,43,58,8734,2020,74997.0,0.0,1.187837,1.2237770000000001,CHN,CYP,830249
4428253,59,58,8734,2020,8488.0,0.0,1.716646,0.602441,CZE,CYP,830249
4428254,61,58,8734,2020,48596.0,0.0,2.027494,-2.3646689999999997,DEU,CYP,830249
4428255,64,58,8734,2020,2618.0,0.0,1.093217,1.2166549999999998,DNK,CYP,830249
4428256,71,58,8734,2020,33063.0,0.0,0.736657,2.731661,ESP,CYP,830249
4428257,77,58,8734,2020,26875.0,0.0,1.341275,0.8991870000000001,FRA,CYP,830249
4428258,81,58,8734,2020,55764.0,0.0,1.6459,0.7702640000000001,GBR,CYP,830249
4428259,90,58,8734,2020,921277.0,8946.0,0.199011,1.087811,GRC,CYP,830249
4428260,102,58,8734,2020,0.0,8241.0,1.393152,0.878916,HUN,CYP,830249
4428261,104,58,8734,2020,1643.0,1101.0,0.464674,2.838779,IND,CYP,830249
4428262,110,58,8734,2020,5055.0,138508.0,1.487557,0.8370920000000001,ISR,CYP,830249
4428263,111,58,8734,2020,370622.0,0.0,1.299017,0.701797,ITA,CYP,830249
4428264,114,58,8734,2020,5399.0,0.0,2.405659,-0.38169000000000003,JPN,CYP,830249
4428265,122,58,8734,2020,0.0,5409.0,-0.072977,-1.090017,KWT,CYP,830249
4428266,124,58,8734,2020,0.0,18667.0,0.35459,1.067965,LBN,CYP,830249
4428267,142,58,8734,2020,0.0,3278.0,0.9159309999999999,0.24442199999999997,MLT,CYP,830249
4428268,162,58,8734,2020,27847.0,0.0,1.035951,1.559401,NLD,CYP,830249
4428269,168,58,8734,2020,3160.0,0.0,-0.52984,0.63654,PAK,CYP,830249
4428270,177,58,8734,2020,5336.0,7268.0,1.0227979999999999,1.4079139999999999,POL,CYP,830249
4428271,179,58,8734,2020,10779.0,0.0,0.656999,2.1136470000000003,PRT,CYP,830249
4428272,201,58,8734,2020,3905.0,0.0,0.5868399999999999,1.1187120000000002,SRB,CYP,830249
4428273,208,58,8734,2020,3636.0,0.0,1.6911310000000002,0.791586,SWE,CYP,830249
4428274,216,58,8734,2020,5318.0,0.0,1.035524,1.2777180000000001,THA,CYP,830249
4428275,224,58,8734,2020,199998.0,0.0,0.590472,2.619866,TUR,CYP,830249
4428276,231,58,8734,2020,13339.0,4462.0,1.588148,0.380904,USA,CYP,830249
4428277,249,58,8734,2020,17053.0,0.0,2.0517060000000003,1.205431,TWN,CYP,830249
4428278,2,59,8734,2020,0.0,3335.0,-1.7948709999999999,-1.199555,AGO,CZE,830249
4428279,7,59,8734,2020,4757.0,26885.0,-0.118349,-0.789485,ARE,CZE,830249
4428280,8,59,8734,2020,0.0,1657.0,-0.14746199999999998,0.039795,ARG,CZE,830249
4428281,9,59,8734,2020,0.0,6230.0,-0.129502,-0.671068,ARM,CZE,830249
4428282,14,59,8734,2020,111865.0,30987.0,-0.32910500000000004,-0.232963,AUS,CZE,830249
4428283,15,59,8734,2020,704805.0,567916.0,1.6711310000000001,0.059096,AUT,CZE,830249
4428284,16,59,8734,2020,0.0,6299.0,-1.142366,-1.2529190000000001,AZE,CZE,830249
4428285,18,59,8734,2020,343966.0,304672.0,1.204632,1.278346,BEL,CZE,830249
4428286,21,59,8734,2020,0.0,3999.0,-0.7634310000000001,-0.938997,BFA,CZE,830249
4428287,22,59,8734,2020,0.0,5504.0,-0.874451,-0.9031309999999999,BGD,CZE,830249
4428288,23,59,8734,2020,177318.0,246668.0,0.6328520000000001,1.8517009999999998,BGR,CZE,830249
4428289,26,59,8734,2020,16208.0,32019.0,0.5449470000000001,0.91781,BIH,CZE,830249
4428290,28,59,8734,2020,1603.0,22007.0,0.858776,1.085652,BLR,CZE,830249
4428291,32,59,8734,2020,2319.0,50806.0,0.054622000000000004,0.532291,BRA,CZE,830249
4428292,39,59,8734,2020,8318.0,228048.0,0.609267,1.1890479999999999,CAN,CZE,830249
4428293,41,59,8734,2020,254426.0,180575.0,2.184038,0.900965,CHE,CZE,830249
4428294,43,59,8734,2020,1192260.0,270195.0,1.187837,1.2237770000000001,CHN,CZE,830249
4428295,58,59,8734,2020,0.0,8488.0,0.5354760000000001,-0.069753,CYP,CZE,830249
4428296,61,59,8734,2020,9872389.0,6921446.0,2.027494,-2.3646689999999997,DEU,CZE,830249
4428297,64,59,8734,2020,24926.0,181563.0,1.093217,1.2166549999999998,DNK,CZE,830249
4428298,67,59,8734,2020,0.0,952.0,-1.074185,-1.084344,ECU,CZE,830249
4428299,68,59,8734,2020,0.0,9168.0,-0.186095,1.6414330000000001,EGY,CZE,830249
4428300,71,59,8734,2020,116395.0,210752.0,0.736657,2.731661,ESP,CZE,830249
4428301,72,59,8734,2020,0.0,37715.0,1.012385,1.305015,EST,CZE,830249
4428302,73,59,8734,2020,53109.0,0.0,-0.952033,-0.707262,ETH,CZE,830249
4428303,74,59,8734,2020,29769.0,260701.0,1.498089,1.066223,FIN,CZE,830249
4428304,77,59,8734,2020,681175.0,894513.0,1.341275,0.8991870000000001,FRA,CZE,830249
4428305,81,59,8734,2020,1058362.0,372903.0,1.6459,0.7702640000000001,GBR,CZE,830249
4428306,82,59,8734,2020,0.0,8555.0,-0.199775,-0.38684,GEO,CZE,830249
4428307,83,59,8734,2020,0.0,158952.0,-0.973506,-0.9559139999999999,GHA,CZE,830249
4428308,90,59,8734,2020,0.0,101406.0,0.199011,1.087811,GRC,CZE,830249
4428309,93,59,8734,2020,0.0,1660.0,-0.32240100000000005,0.542048,GTM,CZE,830249
4428310,97,59,8734,2020,115963.0,7865.0,1.070483,1.183618,HKG,CZE,830249
4428311,99,59,8734,2020,0.0,2154.0,-0.583329,-0.404227,HND,CZE,830249
4428312,100,59,8734,2020,0.0,122625.0,0.876001,1.250877,HRV,CZE,830249
4428313,102,59,8734,2020,55209.0,636377.0,1.393152,0.878916,HUN,CZE,830249
4428314,103,59,8734,2020,884.0,30709.0,-0.16761700000000002,1.571009,IDN,CZE,830249
4428315,104,59,8734,2020,21393.0,42166.0,0.464674,2.838779,IND,CZE,830249
4428316,106,59,8734,2020,4267.0,9146.0,1.337791,-0.20829699999999998,IRL,CZE,830249
4428317,109,59,8734,2020,0.0,3696.0,0.27161399999999997,-0.17819200000000002,ISL,CZE,830249
4428318,110,59,8734,2020,52910.0,158853.0,1.487557,0.8370920000000001,ISR,CZE,830249
4428319,111,59,8734,2020,2345823.0,361021.0,1.299017,0.701797,ITA,CZE,830249
4428320,113,59,8734,2020,0.0,13298.0,-0.060384,0.139902,JOR,CZE,830249
4428321,114,59,8734,2020,39357.0,14915.0,2.405659,-0.38169000000000003,JPN,CZE,830249
4428322,115,59,8734,2020,8495.0,7565.0,-0.48361899999999997,-0.626675,KAZ,CZE,830249
4428323,116,59,8734,2020,0.0,2074.0,-0.496446,0.562476,KEN,CZE,830249
4428324,121,59,8734,2020,14198.0,12872.0,1.9703950000000001,0.800826,KOR,CZE,830249
4428325,122,59,8734,2020,0.0,2278.0,-0.072977,-1.090017,KWT,CZE,830249
4428326,124,59,8734,2020,0.0,1257.0,0.35459,1.067965,LBN,CZE,830249
4428327,130,59,8734,2020,4987.0,60518.0,0.9772870000000001,1.291244,LTU,CZE,830249
4428328,131,59,8734,2020,0.0,3164.0,1.197655,1.432727,LUX,CZE,830249
4428329,132,59,8734,2020,38378.0,306337.0,0.712901,1.119907,LVA,CZE,830249
4428330,134,59,8734,2020,0.0,2178.0,-0.5208510000000001,-0.080499,MAR,CZE,830249
4428331,135,59,8734,2020,14111.0,6192.0,-0.06779199999999999,-0.240851,MDA,CZE,830249
4428332,138,59,8734,2020,135477.0,50638.0,0.974514,0.563643,MEX,CZE,830249
4428333,142,59,8734,2020,0.0,10309.0,0.9159309999999999,0.24442199999999997,MLT,CZE,830249
4428334,144,59,8734,2020,1757.0,2488.0,0.355595,0.140822,MNE,CZE,830249
4428335,147,59,8734,2020,0.0,887.0,-1.1186040000000002,-0.974224,MOZ,CZE,830249
4428336,153,59,8734,2020,60157.0,0.0,1.185223,0.573439,MYS,CZE,830249
4428337,159,59,8734,2020,0.0,22321.0,-1.6399299999999999,-1.19536,NGA,CZE,830249
4428338,162,59,8734,2020,2614332.0,819182.0,1.035951,1.559401,NLD,CZE,830249
4428339,163,59,8734,2020,2081.0,59306.0,0.793459,0.369766,NOR,CZE,830249
4428340,166,59,8734,2020,0.0,18609.0,0.145567,0.070121,NZL,CZE,830249
4428341,168,59,8734,2020,1278.0,0.0,-0.52984,0.63654,PAK,CZE,830249
4428342,174,59,8734,2020,0.0,881.0,0.755786,0.24693,PHL,CZE,830249
4428343,177,59,8734,2020,2792526.0,630188.0,1.0227979999999999,1.4079139999999999,POL,CZE,830249
4428344,179,59,8734,2020,271673.0,32215.0,0.656999,2.1136470000000003,PRT,CZE,830249
4428345,183,59,8734,2020,0.0,6752.0,-0.028836,-1.0183950000000002,QAT,CZE,830249
4428346,185,59,8734,2020,19741.0,864472.0,1.13426,0.9767809999999999,ROU,CZE,830249
4428347,186,59,8734,2020,44365.0,321613.0,0.373882,0.42102700000000004,RUS,CZE,830249
4428348,188,59,8734,2020,0.0,13217.0,0.662925,-0.21661999999999998,SAU,CZE,830249
4428349,192,59,8734,2020,81017.0,39742.0,1.948379,0.610574,SGP,CZE,830249
4428350,201,59,8734,2020,8700.0,119454.0,0.5868399999999999,1.1187120000000002,SRB,CZE,830249
4428351,206,59,8734,2020,1264405.0,2356831.0,1.338026,0.825268,SVK,CZE,830249
4428352,207,59,8734,2020,911170.0,516899.0,1.570699,0.8442459999999999,SVN,CZE,830249
4428353,208,59,8734,2020,227874.0,188701.0,1.6911310000000002,0.791586,SWE,CZE,830249
4428354,215,59,8734,2020,0.0,2226.0,-0.719535,-0.746202,TGO,CZE,830249
4428355,216,59,8734,2020,58563.0,56120.0,1.035524,1.2777180000000001,THA,CZE,830249
4428356,217,59,8734,2020,0.0,2919.0,-0.73744,-1.0706950000000002,TJK,CZE,830249
4428357,219,59,8734,2020,0.0,1884.0,-0.949525,-1.147622,TKM,CZE,830249
4428358,223,59,8734,2020,0.0,4820.0,0.220298,0.454477,TUN,CZE,830249
4428359,224,59,8734,2020,348670.0,251641.0,0.590472,2.619866,TUR,CZE,830249
4428360,226,59,8734,2020,2970.0,2071.0,-1.024,-0.023909,TZA,CZE,830249
4428361,228,59,8734,2020,18996.0,218215.0,0.383736,0.531328,UKR,CZE,830249
4428362,231,59,8734,2020,916912.0,562993.0,1.588148,0.380904,USA,CZE,830249
4428363,232,59,8734,2020,0.0,7911.0,-0.309411,0.071414,UZB,CZE,830249
4428364,239,59,8734,2020,117787.0,6006.0,0.034229,0.89099,VNM,CZE,830249
4428365,246,59,8734,2020,0.0,575691.0,0.042099,0.923931,ZAF,CZE,830249
4428366,247,59,8734,2020,0.0,3025.0,-0.9162379999999999,-0.9523940000000001,ZMB,CZE,830249
4428367,249,59,8734,2020,96988.0,10318.0,2.0517060000000003,1.205431,TWN,CZE,830249
4428368,250,59,8734,2020,324330.0,0.0,0.866041,-0.371104,ANS,CZE,830249
4428369,7,68,8734,2020,190635.0,2111.0,-0.118349,-0.789485,ARE,EGY,830249
4428370,14,68,8734,2020,19695.0,0.0,-0.32910500000000004,-0.232963,AUS,EGY,830249
4428371,18,68,8734,2020,5957.0,0.0,1.204632,1.278346,BEL,EGY,830249
4428372,23,68,8734,2020,13812.0,0.0,0.6328520000000001,1.8517009999999998,BGR,EGY,830249
4428373,41,68,8734,2020,2121.0,0.0,2.184038,0.900965,CHE,EGY,830249
4428374,43,68,8734,2020,3917788.0,0.0,1.187837,1.2237770000000001,CHN,EGY,830249
4428375,59,68,8734,2020,9168.0,0.0,1.716646,0.602441,CZE,EGY,830249
4428376,61,68,8734,2020,187115.0,0.0,2.027494,-2.3646689999999997,DEU,EGY,830249
4428377,64,68,8734,2020,3547.0,0.0,1.093217,1.2166549999999998,DNK,EGY,830249
4428378,71,68,8734,2020,47672.0,0.0,0.736657,2.731661,ESP,EGY,830249
4428379,72,68,8734,2020,885.0,0.0,1.012385,1.305015,EST,EGY,830249
4428380,77,68,8734,2020,32457.0,0.0,1.341275,0.8991870000000001,FRA,EGY,830249
4428381,81,68,8734,2020,264541.0,0.0,1.6459,0.7702640000000001,GBR,EGY,830249
4428382,90,68,8734,2020,32892.0,0.0,0.199011,1.087811,GRC,EGY,830249
4428383,100,68,8734,2020,5734.0,0.0,0.876001,1.250877,HRV,EGY,830249
4428384,102,68,8734,2020,1127.0,0.0,1.393152,0.878916,HUN,EGY,830249
4428385,103,68,8734,2020,2686.0,0.0,-0.16761700000000002,1.571009,IDN,EGY,830249
4428386,104,68,8734,2020,1197.0,1877.0,0.464674,2.838779,IND,EGY,830249
4428387,110,68,8734,2020,0.0,18761.0,1.487557,0.8370920000000001,ISR,EGY,830249
4428388,111,68,8734,2020,749719.0,0.0,1.299017,0.701797,ITA,EGY,830249
4428389,113,68,8734,2020,0.0,14575.0,-0.060384,0.139902,JOR,EGY,830249
4428390,114,68,8734,2020,2349.0,0.0,2.405659,-0.38169000000000003,JPN,EGY,830249
4428391,121,68,8734,2020,8280.0,0.0,1.9703950000000001,0.800826,KOR,EGY,830249
4428392,124,68,8734,2020,1876.0,945.0,0.35459,1.067965,LBN,EGY,830249
4428393,162,68,8734,2020,42542.0,3118.0,1.035951,1.559401,NLD,EGY,830249
4428394,177,68,8734,2020,6739.0,0.0,1.0227979999999999,1.4079139999999999,POL,EGY,830249
4428395,179,68,8734,2020,11036.0,0.0,0.656999,2.1136470000000003,PRT,EGY,830249
4428396,181,68,8734,2020,0.0,1798.0,0.162235,0.828319,PSE,EGY,830249
4428397,186,68,8734,2020,695.0,0.0,0.373882,0.42102700000000004,RUS,EGY,830249
4428398,191,68,8734,2020,0.0,24672.0,-0.634185,-0.398728,SEN,EGY,830249
4428399,208,68,8734,2020,1712.0,0.0,1.6911310000000002,0.791586,SWE,EGY,830249
4428400,216,68,8734,2020,31039.0,0.0,1.035524,1.2777180000000001,THA,EGY,830249
4428401,224,68,8734,2020,1341043.0,0.0,0.590472,2.619866,TUR,EGY,830249
4428402,226,68,8734,2020,0.0,78344.0,-1.024,-0.023909,TZA,EGY,830249
4428403,231,68,8734,2020,274358.0,2827.0,1.588148,0.380904,USA,EGY,830249
4428404,239,68,8734,2020,4417.0,0.0,0.034229,0.89099,VNM,EGY,830249
4428405,249,68,8734,2020,114692.0,0.0,2.0517060000000003,1.205431,TWN,EGY,830249
4428406,7,82,8734,2020,3511.0,338.0,-0.118349,-0.789485,ARE,GEO,830249
4428407,9,82,8734,2020,14188.0,27899.0,-0.129502,-0.671068,ARM,GEO,830249
4428408,23,82,8734,2020,18038.0,0.0,0.6328520000000001,1.8517009999999998,BGR,GEO,830249
4428409,43,82,8734,2020,162125.0,0.0,1.187837,1.2237770000000001,CHN,GEO,830249
4428410,59,82,8734,2020,8555.0,0.0,1.716646,0.602441,CZE,GEO,830249
4428411,61,82,8734,2020,8709.0,0.0,2.027494,-2.3646689999999997,DEU,GEO,830249
4428412,72,82,8734,2020,990.0,0.0,1.012385,1.305015,EST,GEO,830249
4428413,74,82,8734,2020,2794.0,0.0,1.498089,1.066223,FIN,GEO,830249
4428414,77,82,8734,2020,4950.0,0.0,1.341275,0.8991870000000001,FRA,GEO,830249
4428415,81,82,8734,2020,1159.0,0.0,1.6459,0.7702640000000001,GBR,GEO,830249
4428416,97,82,8734,2020,4723.0,0.0,1.070483,1.183618,HKG,GEO,830249
4428417,107,82,8734,2020,3724.0,0.0,-0.362286,-0.242846,IRN,GEO,830249
4428418,110,82,8734,2020,1730.0,6679.0,1.487557,0.8370920000000001,ISR,GEO,830249
4428419,111,82,8734,2020,2583.0,0.0,1.299017,0.701797,ITA,GEO,830249
4428420,130,82,8734,2020,1574.0,0.0,0.9772870000000001,1.291244,LTU,GEO,830249
4428421,132,82,8734,2020,45242.0,0.0,0.712901,1.119907,LVA,GEO,830249
4428422,162,82,8734,2020,18273.0,0.0,1.035951,1.559401,NLD,GEO,830249
4428423,177,82,8734,2020,30714.0,0.0,1.0227979999999999,1.4079139999999999,POL,GEO,830249
4428424,179,82,8734,2020,20091.0,0.0,0.656999,2.1136470000000003,PRT,GEO,830249
4428425,186,82,8734,2020,14703.0,0.0,0.373882,0.42102700000000004,RUS,GEO,830249
4428426,224,82,8734,2020,365485.0,0.0,0.590472,2.619866,TUR,GEO,830249
4428427,228,82,8734,2020,81995.0,0.0,0.383736,0.531328,UKR,GEO,830249
4428428,231,82,8734,2020,2785.0,0.0,1.588148,0.380904,USA,GEO,830249
4428429,4,90,8734,2020,976.0,19708.0,-0.265229,0.059049000000000004,ALB,GRC,830249
4428430,7,90,8734,2020,4408.0,55321.0,-0.118349,-0.789485,ARE,GRC,830249
4428431,13,90,8734,2020,0.0,1680.0,-0.210313,-0.811104,ATG,GRC,830249
4428432,14,90,8734,2020,4191.0,27104.0,-0.32910500000000004,-0.232963,AUS,GRC,830249
4428433,15,90,8734,2020,9588.0,120497.0,1.6711310000000001,0.059096,AUT,GRC,830249
4428434,18,90,8734,2020,85586.0,21435.0,1.204632,1.278346,BEL,GRC,830249
4428435,23,90,8734,2020,207205.0,846490.0,0.6328520000000001,1.8517009999999998,BGR,GRC,830249
4428436,24,90,8734,2020,0.0,1210.0,0.379085,-0.634111,BHR,GRC,830249
4428437,26,90,8734,2020,0.0,863.0,0.5449470000000001,0.91781,BIH,GRC,830249
4428438,34,90,8734,2020,0.0,607.0,0.432569,-0.8083779999999999,BRN,GRC,830249
4428439,39,90,8734,2020,25465.0,0.0,0.609267,1.1890479999999999,CAN,GRC,830249
4428440,41,90,8734,2020,1836.0,3246.0,2.184038,0.900965,CHE,GRC,830249
4428441,42,90,8734,2020,0.0,2379.0,-0.307923,-0.565983,CHL,GRC,830249
4428442,43,90,8734,2020,917086.0,7171.0,1.187837,1.2237770000000001,CHN,GRC,830249
4428443,58,90,8734,2020,8946.0,921277.0,0.5354760000000001,-0.069753,CYP,GRC,830249
4428444,59,90,8734,2020,101406.0,0.0,1.716646,0.602441,CZE,GRC,830249
4428445,61,90,8734,2020,556023.0,898261.0,2.027494,-2.3646689999999997,DEU,GRC,830249
4428446,64,90,8734,2020,13650.0,14441.0,1.093217,1.2166549999999998,DNK,GRC,830249
4428447,68,90,8734,2020,0.0,32892.0,-0.186095,1.6414330000000001,EGY,GRC,830249
4428448,71,90,8734,2020,116147.0,52847.0,0.736657,2.731661,ESP,GRC,830249
4428449,72,90,8734,2020,0.0,903.0,1.012385,1.305015,EST,GRC,830249
4428450,73,90,8734,2020,0.0,2827.0,-0.952033,-0.707262,ETH,GRC,830249
4428451,74,90,8734,2020,2955.0,2391.0,1.498089,1.066223,FIN,GRC,830249
4428452,77,90,8734,2020,90306.0,35397.0,1.341275,0.8991870000000001,FRA,GRC,830249
4428453,81,90,8734,2020,93071.0,40830.0,1.6459,0.7702640000000001,GBR,GRC,830249
4428454,100,90,8734,2020,28667.0,59473.0,0.876001,1.250877,HRV,GRC,830249
4428455,102,90,8734,2020,1190.0,86162.0,1.393152,0.878916,HUN,GRC,830249
4428456,103,90,8734,2020,0.0,9113.0,-0.16761700000000002,1.571009,IDN,GRC,830249
4428457,104,90,8734,2020,0.0,9579.0,0.464674,2.838779,IND,GRC,830249
4428458,110,90,8734,2020,49086.0,40693.0,1.487557,0.8370920000000001,ISR,GRC,830249
4428459,111,90,8734,2020,851029.0,303122.0,1.299017,0.701797,ITA,GRC,830249
4428460,113,90,8734,2020,0.0,41485.0,-0.060384,0.139902,JOR,GRC,830249
4428461,114,90,8734,2020,5586.0,8932.0,2.405659,-0.38169000000000003,JPN,GRC,830249
4428462,116,90,8734,2020,0.0,11084.0,-0.496446,0.562476,KEN,GRC,830249
4428463,121,90,8734,2020,0.0,7169.0,1.9703950000000001,0.800826,KOR,GRC,830249
4428464,122,90,8734,2020,0.0,5540.0,-0.072977,-1.090017,KWT,GRC,830249
4428465,124,90,8734,2020,0.0,21376.0,0.35459,1.067965,LBN,GRC,830249
4428466,125,90,8734,2020,0.0,5725.0,-1.614715,-1.185446,LBR,GRC,830249
4428467,128,90,8734,2020,0.0,675.0,-0.48448599999999997,0.5495220000000001,LKA,GRC,830249
4428468,130,90,8734,2020,878.0,1465.0,0.9772870000000001,1.291244,LTU,GRC,830249
4428469,131,90,8734,2020,0.0,4938.0,1.197655,1.432727,LUX,GRC,830249
4428470,132,90,8734,2020,20250.0,0.0,0.712901,1.119907,LVA,GRC,830249
4428471,134,90,8734,2020,0.0,29114.0,-0.5208510000000001,-0.080499,MAR,GRC,830249
4428472,135,90,8734,2020,0.0,3649.0,-0.06779199999999999,-0.240851,MDA,GRC,830249
4428473,139,90,8734,2020,0.0,1689.0,-0.23666700000000002,-0.822276,MHL,GRC,830249
4428474,140,90,8734,2020,0.0,45935.0,0.147947,-0.11116500000000001,MKD,GRC,830249
4428475,142,90,8734,2020,0.0,79091.0,0.9159309999999999,0.24442199999999997,MLT,GRC,830249
4428476,144,90,8734,2020,0.0,8566.0,0.355595,0.140822,MNE,GRC,830249
4428477,151,90,8734,2020,0.0,1825.0,-0.048897,0.11543099999999999,MUS,GRC,830249
4428478,162,90,8734,2020,325099.0,349859.0,1.035951,1.559401,NLD,GRC,830249
4428479,166,90,8734,2020,0.0,14522.0,0.145567,0.070121,NZL,GRC,830249
4428480,167,90,8734,2020,0.0,4445.0,-0.251371,-0.8775299999999999,OMN,GRC,830249
4428481,169,90,8734,2020,0.0,3973.0,0.590821,0.786784,PAN,GRC,830249
4428482,177,90,8734,2020,43162.0,0.0,1.0227979999999999,1.4079139999999999,POL,GRC,830249
4428483,179,90,8734,2020,116438.0,28450.0,0.656999,2.1136470000000003,PRT,GRC,830249
4428484,183,90,8734,2020,0.0,64190.0,-0.028836,-1.0183950000000002,QAT,GRC,830249
4428485,185,90,8734,2020,24133.0,289414.0,1.13426,0.9767809999999999,ROU,GRC,830249
4428486,186,90,8734,2020,0.0,27266.0,0.373882,0.42102700000000004,RUS,GRC,830249
4428487,188,90,8734,2020,0.0,633429.0,0.662925,-0.21661999999999998,SAU,GRC,830249
4428488,192,90,8734,2020,299.0,15596.0,1.948379,0.610574,SGP,GRC,830249
4428489,201,90,8734,2020,0.0,8423.0,0.5868399999999999,1.1187120000000002,SRB,GRC,830249
4428490,206,90,8734,2020,40624.0,19372.0,1.338026,0.825268,SVK,GRC,830249
4428491,207,90,8734,2020,19787.0,5180.0,1.570699,0.8442459999999999,SVN,GRC,830249
4428492,208,90,8734,2020,19922.0,0.0,1.6911310000000002,0.791586,SWE,GRC,830249
4428493,216,90,8734,2020,9232.0,0.0,1.035524,1.2777180000000001,THA,GRC,830249
4428494,222,90,8734,2020,0.0,1135.0,0.156566,-0.653656,TTO,GRC,830249
4428495,224,90,8734,2020,183587.0,54909.0,0.590472,2.619866,TUR,GRC,830249
4428496,228,90,8734,2020,0.0,98955.0,0.383736,0.531328,UKR,GRC,830249
4428497,231,90,8734,2020,754979.0,371886.0,1.588148,0.380904,USA,GRC,830249
4428498,239,90,8734,2020,85998.0,12102.0,0.034229,0.89099,VNM,GRC,830249
4428499,246,90,8734,2020,985.0,32509.0,0.042099,0.923931,ZAF,GRC,830249
4428500,247,90,8734,2020,0.0,2700.0,-0.9162379999999999,-0.9523940000000001,ZMB,GRC,830249
4428501,249,90,8734,2020,12598.0,0.0,2.0517060000000003,1.205431,TWN,GRC,830249
4428502,14,100,8734,2020,0.0,6135.0,-0.32910500000000004,-0.232963,AUS,HRV,830249
4428503,15,100,8734,2020,404820.0,69019.0,1.6711310000000001,0.059096,AUT,HRV,830249
4428504,18,100,8734,2020,30106.0,5912.0,1.204632,1.278346,BEL,HRV,830249
4428505,23,100,8734,2020,55736.0,0.0,0.6328520000000001,1.8517009999999998,BGR,HRV,830249
4428506,26,100,8734,2020,188563.0,244890.0,0.5449470000000001,0.91781,BIH,HRV,830249
4428507,39,100,8734,2020,4523.0,0.0,0.609267,1.1890479999999999,CAN,HRV,830249
4428508,41,100,8734,2020,11233.0,14774.0,2.184038,0.900965,CHE,HRV,830249
4428509,43,100,8734,2020,226063.0,0.0,1.187837,1.2237770000000001,CHN,HRV,830249
4428510,59,100,8734,2020,122625.0,0.0,1.716646,0.602441,CZE,HRV,830249
4428511,61,100,8734,2020,1426623.0,78458.0,2.027494,-2.3646689999999997,DEU,HRV,830249
4428512,64,100,8734,2020,7312.0,0.0,1.093217,1.2166549999999998,DNK,HRV,830249
4428513,68,100,8734,2020,0.0,5734.0,-0.186095,1.6414330000000001,EGY,HRV,830249
4428514,71,100,8734,2020,86013.0,3090.0,0.736657,2.731661,ESP,HRV,830249
4428515,77,100,8734,2020,102116.0,0.0,1.341275,0.8991870000000001,FRA,HRV,830249
4428516,81,100,8734,2020,78647.0,5133.0,1.6459,0.7702640000000001,GBR,HRV,830249
4428517,90,100,8734,2020,59473.0,28667.0,0.199011,1.087811,GRC,HRV,830249
4428518,102,100,8734,2020,41935.0,32435.0,1.393152,0.878916,HUN,HRV,830249
4428519,103,100,8734,2020,0.0,5750.0,-0.16761700000000002,1.571009,IDN,HRV,830249
4428520,110,100,8734,2020,0.0,914.0,1.487557,0.8370920000000001,ISR,HRV,830249
4428521,111,100,8734,2020,1130263.0,658791.0,1.299017,0.701797,ITA,HRV,830249
4428522,131,100,8734,2020,0.0,1646.0,1.197655,1.432727,LUX,HRV,830249
4428523,140,100,8734,2020,0.0,17411.0,0.147947,-0.11116500000000001,MKD,HRV,830249
4428524,144,100,8734,2020,0.0,113019.0,0.355595,0.140822,MNE,HRV,830249
4428525,162,100,8734,2020,134004.0,3143.0,1.035951,1.559401,NLD,HRV,830249
4428526,163,100,8734,2020,0.0,2749.0,0.793459,0.369766,NOR,HRV,830249
4428527,177,100,8734,2020,139016.0,28697.0,1.0227979999999999,1.4079139999999999,POL,HRV,830249
4428528,179,100,8734,2020,29429.0,0.0,0.656999,2.1136470000000003,PRT,HRV,830249
4428529,183,100,8734,2020,0.0,1786.0,-0.028836,-1.0183950000000002,QAT,HRV,830249
4428530,185,100,8734,2020,26887.0,4401.0,1.13426,0.9767809999999999,ROU,HRV,830249
4428531,186,100,8734,2020,0.0,1308.0,0.373882,0.42102700000000004,RUS,HRV,830249
4428532,201,100,8734,2020,13091.0,147425.0,0.5868399999999999,1.1187120000000002,SRB,HRV,830249
4428533,206,100,8734,2020,12305.0,2629.0,1.338026,0.825268,SVK,HRV,830249
4428534,207,100,8734,2020,280485.0,156407.0,1.570699,0.8442459999999999,SVN,HRV,830249
4428535,208,100,8734,2020,7770.0,1418.0,1.6911310000000002,0.791586,SWE,HRV,830249
4428536,224,100,8734,2020,59383.0,0.0,0.590472,2.619866,TUR,HRV,830249
4428537,228,100,8734,2020,0.0,38025.0,0.383736,0.531328,UKR,HRV,830249
4428538,231,100,8734,2020,61723.0,209815.0,1.588148,0.380904,USA,HRV,830249
4428539,246,100,8734,2020,0.0,7584.0,0.042099,0.923931,ZAF,HRV,830249
4428540,249,100,8734,2020,3291.0,0.0,2.0517060000000003,1.205431,TWN,HRV,830249
4428541,250,100,8734,2020,0.0,5637.0,0.866041,-0.371104,ANS,HRV,830249
4428542,7,115,8734,2020,30737.0,0.0,-0.118349,-0.789485,ARE,KAZ,830249
4428543,14,115,8734,2020,3508.0,0.0,-0.32910500000000004,-0.232963,AUS,KAZ,830249
4428544,15,115,8734,2020,1267.0,0.0,1.6711310000000001,0.059096,AUT,KAZ,830249
4428545,18,115,8734,2020,1337.0,0.0,1.204632,1.278346,BEL,KAZ,830249
4428546,28,115,8734,2020,13933.0,0.0,0.858776,1.085652,BLR,KAZ,830249
4428547,32,115,8734,2020,4447.0,1620.0,0.054622000000000004,0.532291,BRA,KAZ,830249
4428548,39,115,8734,2020,25165.0,0.0,0.609267,1.1890479999999999,CAN,KAZ,830249
4428549,43,115,8734,2020,1123579.0,0.0,1.187837,1.2237770000000001,CHN,KAZ,830249
4428550,59,115,8734,2020,7565.0,8495.0,1.716646,0.602441,CZE,KAZ,830249
4428551,61,115,8734,2020,127068.0,0.0,2.027494,-2.3646689999999997,DEU,KAZ,830249
4428552,71,115,8734,2020,1324.0,0.0,0.736657,2.731661,ESP,KAZ,830249
4428553,77,115,8734,2020,20648.0,2147.0,1.341275,0.8991870000000001,FRA,KAZ,830249
4428554,81,115,8734,2020,47776.0,0.0,1.6459,0.7702640000000001,GBR,KAZ,830249
4428555,102,115,8734,2020,3950.0,0.0,1.393152,0.878916,HUN,KAZ,830249
4428556,106,115,8734,2020,529.0,0.0,1.337791,-0.20829699999999998,IRL,KAZ,830249
4428557,111,115,8734,2020,45876.0,0.0,1.299017,0.701797,ITA,KAZ,830249
4428558,114,115,8734,2020,0.0,9346.0,2.405659,-0.38169000000000003,JPN,KAZ,830249
4428559,117,115,8734,2020,1726.0,4646.0,-0.117317,0.36644,KGZ,KAZ,830249
4428560,121,115,8734,2020,10580.0,0.0,1.9703950000000001,0.800826,KOR,KAZ,830249
4428561,130,115,8734,2020,79278.0,0.0,0.9772870000000001,1.291244,LTU,KAZ,830249
4428562,162,115,8734,2020,58470.0,63.0,1.035951,1.559401,NLD,KAZ,830249
4428563,174,115,8734,2020,4595.0,0.0,0.755786,0.24693,PHL,KAZ,830249
4428564,177,115,8734,2020,34092.0,4719.0,1.0227979999999999,1.4079139999999999,POL,KAZ,830249
4428565,186,115,8734,2020,1216274.0,23740.0,0.373882,0.42102700000000004,RUS,KAZ,830249
4428566,192,115,8734,2020,2582.0,0.0,1.948379,0.610574,SGP,KAZ,830249
4428567,208,115,8734,2020,11602.0,0.0,1.6911310000000002,0.791586,SWE,KAZ,830249
4428568,216,115,8734,2020,1397.0,0.0,1.035524,1.2777180000000001,THA,KAZ,830249
4428569,224,115,8734,2020,133221.0,0.0,0.590472,2.619866,TUR,KAZ,830249
4428570,228,115,8734,2020,4684.0,908.0,0.383736,0.531328,UKR,KAZ,830249
4428571,231,115,8734,2020,180116.0,0.0,1.588148,0.380904,USA,KAZ,830249
4428572,232,115,8734,2020,0.0,1364.0,-0.309411,0.071414,UZB,KAZ,830249
4428573,246,115,8734,2020,679.0,0.0,0.042099,0.923931,ZAF,KAZ,830249
4428574,249,115,8734,2020,9019.0,0.0,2.0517060000000003,1.205431,TWN,KAZ,830249
4428575,250,115,8734,2020,37076.0,0.0,0.866041,-0.371104,ANS,KAZ,830249
4428576,7,116,8734,2020,85636.0,0.0,-0.118349,-0.789485,ARE,KEN,830249
4428577,14,116,8734,2020,1772.0,0.0,-0.32910500000000004,-0.232963,AUS,KEN,830249
4428578,15,116,8734,2020,692.0,0.0,1.6711310000000001,0.059096,AUT,KEN,830249
4428579,17,116,8734,2020,0.0,156656.0,-0.748203,-0.874817,BDI,KEN,830249
4428580,18,116,8734,2020,1070.0,0.0,1.204632,1.278346,BEL,KEN,830249
4428581,32,116,8734,2020,19328.0,0.0,0.054622000000000004,0.532291,BRA,KEN,830249
4428582,39,116,8734,2020,9553.0,0.0,0.609267,1.1890479999999999,CAN,KEN,830249
4428583,41,116,8734,2020,1882.0,0.0,2.184038,0.900965,CHE,KEN,830249
4428584,43,116,8734,2020,909933.0,0.0,1.187837,1.2237770000000001,CHN,KEN,830249
4428585,59,116,8734,2020,2074.0,0.0,1.716646,0.602441,CZE,KEN,830249
4428586,61,116,8734,2020,34963.0,0.0,2.027494,-2.3646689999999997,DEU,KEN,830249
4428587,71,116,8734,2020,11909.0,0.0,0.736657,2.731661,ESP,KEN,830249
4428588,73,116,8734,2020,0.0,1417.0,-0.952033,-0.707262,ETH,KEN,830249
4428589,77,116,8734,2020,35108.0,0.0,1.341275,0.8991870000000001,FRA,KEN,830249
4428590,81,116,8734,2020,51879.0,0.0,1.6459,0.7702640000000001,GBR,KEN,830249
4428591,85,116,8734,2020,0.0,12028.0,-1.841029,-1.233167,GIN,KEN,830249
4428592,90,116,8734,2020,11084.0,0.0,0.199011,1.087811,GRC,KEN,830249
4428593,97,116,8734,2020,119686.0,0.0,1.070483,1.183618,HKG,KEN,830249
4428594,104,116,8734,2020,46951.0,0.0,0.464674,2.838779,IND,KEN,830249
4428595,106,116,8734,2020,13961.0,0.0,1.337791,-0.20829699999999998,IRL,KEN,830249
4428596,110,116,8734,2020,30465.0,0.0,1.487557,0.8370920000000001,ISR,KEN,830249
4428597,111,116,8734,2020,61432.0,0.0,1.299017,0.701797,ITA,KEN,830249
4428598,114,116,8734,2020,85804.0,0.0,2.405659,-0.38169000000000003,JPN,KEN,830249
4428599,121,116,8734,2020,1277.0,0.0,1.9703950000000001,0.800826,KOR,KEN,830249
4428600,124,116,8734,2020,1601.0,0.0,0.35459,1.067965,LBN,KEN,830249
4428601,131,116,8734,2020,1626.0,0.0,1.197655,1.432727,LUX,KEN,830249
4428602,138,116,8734,2020,7107.0,0.0,0.974514,0.563643,MEX,KEN,830249
4428603,162,116,8734,2020,157124.0,0.0,1.035951,1.559401,NLD,KEN,830249
4428604,166,116,8734,2020,1385.0,0.0,0.145567,0.070121,NZL,KEN,830249
4428605,208,116,8734,2020,899.0,0.0,1.6911310000000002,0.791586,SWE,KEN,830249
4428606,216,116,8734,2020,15949.0,0.0,1.035524,1.2777180000000001,THA,KEN,830249
4428607,224,116,8734,2020,31913.0,0.0,0.590472,2.619866,TUR,KEN,830249
4428608,226,116,8734,2020,0.0,8497.0,-1.024,-0.023909,TZA,KEN,830249
4428609,227,116,8734,2020,0.0,17043.0,-0.55156,-0.019136,UGA,KEN,830249
4428610,231,116,8734,2020,498413.0,0.0,1.588148,0.380904,USA,KEN,830249
4428611,246,116,8734,2020,105698.0,0.0,0.042099,0.923931,ZAF,KEN,830249
4428612,249,116,8734,2020,30825.0,0.0,2.0517060000000003,1.205431,TWN,KEN,830249
4428613,22,117,8734,2020,3238.0,0.0,-0.874451,-0.9031309999999999,BGD,KGZ,830249
4428614,43,117,8734,2020,171516.0,0.0,1.187837,1.2237770000000001,CHN,KGZ,830249
4428615,81,117,8734,2020,2233.0,0.0,1.6459,0.7702640000000001,GBR,KGZ,830249
4428616,107,117,8734,2020,5725.0,0.0,-0.362286,-0.242846,IRN,KGZ,830249
4428617,115,117,8734,2020,4646.0,1726.0,-0.48361899999999997,-0.626675,KAZ,KGZ,830249
4428618,121,117,8734,2020,5044.0,0.0,1.9703950000000001,0.800826,KOR,KGZ,830249
4428619,177,117,8734,2020,4808.0,0.0,1.0227979999999999,1.4079139999999999,POL,KGZ,830249
4428620,186,117,8734,2020,116430.0,0.0,0.373882,0.42102700000000004,RUS,KGZ,830249
4428621,224,117,8734,2020,49020.0,0.0,0.590472,2.619866,TUR,KGZ,830249
4428622,232,117,8734,2020,153689.0,1269.0,-0.309411,0.071414,UZB,KGZ,830249
4428623,14,118,8734,2020,58984.0,0.0,-0.32910500000000004,-0.232963,AUS,KHM,830249
4428624,15,118,8734,2020,0.0,9929.0,1.6711310000000001,0.059096,AUT,KHM,830249
4428625,39,118,8734,2020,1227.0,0.0,0.609267,1.1890479999999999,CAN,KHM,830249
4428626,43,118,8734,2020,7600157.0,0.0,1.187837,1.2237770000000001,CHN,KHM,830249
4428627,71,118,8734,2020,4907.0,0.0,0.736657,2.731661,ESP,KHM,830249
4428628,74,118,8734,2020,1347.0,0.0,1.498089,1.066223,FIN,KHM,830249
4428629,97,118,8734,2020,22417.0,0.0,1.070483,1.183618,HKG,KHM,830249
4428630,111,118,8734,2020,3008.0,0.0,1.299017,0.701797,ITA,KHM,830249
4428631,114,118,8734,2020,55693.0,699349.0,2.405659,-0.38169000000000003,JPN,KHM,830249
4428632,121,118,8734,2020,31900.0,0.0,1.9703950000000001,0.800826,KOR,KHM,830249
4428633,153,118,8734,2020,852.0,0.0,1.185223,0.573439,MYS,KHM,830249
4428634,162,118,8734,2020,3335.0,0.0,1.035951,1.559401,NLD,KHM,830249
4428635,174,118,8734,2020,11352.0,0.0,0.755786,0.24693,PHL,KHM,830249
4428636,192,118,8734,2020,123551.0,0.0,1.948379,0.610574,SGP,KHM,830249
4428637,216,118,8734,2020,734754.0,0.0,1.035524,1.2777180000000001,THA,KHM,830249
4428638,231,118,8734,2020,105908.0,0.0,1.588148,0.380904,USA,KHM,830249
4428639,239,118,8734,2020,25972.0,0.0,0.034229,0.89099,VNM,KHM,830249
4428640,249,118,8734,2020,9543.0,0.0,2.0517060000000003,1.205431,TWN,KHM,830249
4428641,2,124,8734,2020,0.0,139560.0,-1.7948709999999999,-1.199555,AGO,LBN,830249
4428642,7,124,8734,2020,10588.0,11855.0,-0.118349,-0.789485,ARE,LBN,830249
4428643,15,124,8734,2020,1013.0,0.0,1.6711310000000001,0.059096,AUT,LBN,830249
4428644,18,124,8734,2020,3456.0,0.0,1.204632,1.278346,BEL,LBN,830249
4428645,19,124,8734,2020,0.0,1503.0,-0.467344,-0.686191,BEN,LBN,830249
4428646,21,124,8734,2020,0.0,1571.0,-0.7634310000000001,-0.938997,BFA,LBN,830249
4428647,23,124,8734,2020,2709.0,0.0,0.6328520000000001,1.8517009999999998,BGR,LBN,830249
4428648,41,124,8734,2020,1033.0,0.0,2.184038,0.900965,CHE,LBN,830249
4428649,43,124,8734,2020,327234.0,0.0,1.187837,1.2237770000000001,CHN,LBN,830249
4428650,44,124,8734,2020,0.0,104064.0,-1.2299200000000001,-1.095777,CIV,LBN,830249
4428651,45,124,8734,2020,0.0,2457.0,-1.379365,-1.177022,CMR,LBN,830249
4428652,46,124,8734,2020,0.0,4986.0,-1.538455,-1.1857659999999999,COD,LBN,830249
4428653,47,124,8734,2020,0.0,274477.0,-1.580638,-1.2020870000000001,COG,LBN,830249
4428654,58,124,8734,2020,18667.0,0.0,0.5354760000000001,-0.069753,CYP,LBN,830249
4428655,59,124,8734,2020,1257.0,0.0,1.716646,0.602441,CZE,LBN,830249
4428656,61,124,8734,2020,14418.0,0.0,2.027494,-2.3646689999999997,DEU,LBN,830249
4428657,68,124,8734,2020,945.0,1876.0,-0.186095,1.6414330000000001,EGY,LBN,830249
4428658,71,124,8734,2020,21227.0,491734.0,0.736657,2.731661,ESP,LBN,830249
4428659,77,124,8734,2020,66480.0,0.0,1.341275,0.8991870000000001,FRA,LBN,830249
4428660,80,124,8734,2020,0.0,190929.0,-1.6422990000000002,-1.207249,GAB,LBN,830249
4428661,81,124,8734,2020,31009.0,2205.0,1.6459,0.7702640000000001,GBR,LBN,830249
4428662,83,124,8734,2020,0.0,36170.0,-0.973506,-0.9559139999999999,GHA,LBN,830249
4428663,85,124,8734,2020,0.0,62996.0,-1.841029,-1.233167,GIN,LBN,830249
4428664,87,124,8734,2020,0.0,6197.0,-1.11216,-0.956471,GMB,LBN,830249
4428665,89,124,8734,2020,0.0,7958.0,-1.5979940000000001,-0.9529340000000001,GNQ,LBN,830249
4428666,90,124,8734,2020,21376.0,0.0,0.199011,1.087811,GRC,LBN,830249
4428667,104,124,8734,2020,8066.0,0.0,0.464674,2.838779,IND,LBN,830249
4428668,107,124,8734,2020,1814.0,0.0,-0.362286,-0.242846,IRN,LBN,830249
4428669,108,124,8734,2020,0.0,48151.0,-1.087158,-0.9546389999999999,IRQ,LBN,830249
4428670,111,124,8734,2020,376130.0,10315.0,1.299017,0.701797,ITA,LBN,830249
4428671,116,124,8734,2020,0.0,1601.0,-0.496446,0.562476,KEN,LBN,830249
4428672,121,124,8734,2020,2642.0,0.0,1.9703950000000001,0.800826,KOR,LBN,830249
4428673,122,124,8734,2020,3897.0,0.0,-0.072977,-1.090017,KWT,LBN,830249
4428674,125,124,8734,2020,0.0,93231.0,-1.614715,-1.185446,LBR,LBN,830249
4428675,138,124,8734,2020,1426.0,0.0,0.974514,0.563643,MEX,LBN,830249
4428676,148,124,8734,2020,0.0,1716.0,-1.400894,-1.27631,MRT,LBN,830249
4428677,152,124,8734,2020,0.0,2461.0,-1.122433,-1.106831,MWI,LBN,830249
4428678,159,124,8734,2020,0.0,28716.0,-1.6399299999999999,-1.19536,NGA,LBN,830249
4428679,162,124,8734,2020,2076.0,0.0,1.035951,1.559401,NLD,LBN,830249
4428680,177,124,8734,2020,2394.0,0.0,1.0227979999999999,1.4079139999999999,POL,LBN,830249
4428681,179,124,8734,2020,6931.0,0.0,0.656999,2.1136470000000003,PRT,LBN,830249
4428682,183,124,8734,2020,0.0,247073.0,-0.028836,-1.0183950000000002,QAT,LBN,830249
4428683,185,124,8734,2020,977.0,0.0,1.13426,0.9767809999999999,ROU,LBN,830249
4428684,188,124,8734,2020,18152.0,80523.0,0.662925,-0.21661999999999998,SAU,LBN,830249
4428685,190,124,8734,2020,0.0,4822.0,-1.380126,-1.280657,SDN,LBN,830249
4428686,191,124,8734,2020,0.0,12500.0,-0.634185,-0.398728,SEN,LBN,830249
4428687,196,124,8734,2020,0.0,53856.0,-0.122243,-0.5501010000000001,SLE,LBN,830249
4428688,201,124,8734,2020,70311.0,0.0,0.5868399999999999,1.1187120000000002,SRB,LBN,830249
4428689,207,124,8734,2020,24074.0,0.0,1.570699,0.8442459999999999,SVN,LBN,830249
4428690,212,124,8734,2020,74622.0,99121.0,-0.579237,0.391392,SYR,LBN,830249
4428691,215,124,8734,2020,0.0,43639.0,-0.719535,-0.746202,TGO,LBN,830249
4428692,224,124,8734,2020,30496.0,0.0,0.590472,2.619866,TUR,LBN,830249
4428693,226,124,8734,2020,0.0,770.0,-1.024,-0.023909,TZA,LBN,830249
4428694,227,124,8734,2020,0.0,43830.0,-0.55156,-0.019136,UGA,LBN,830249
4428695,231,124,8734,2020,57708.0,9398.0,1.588148,0.380904,USA,LBN,830249
4428696,247,124,8734,2020,0.0,73937.0,-0.9162379999999999,-0.9523940000000001,ZMB,LBN,830249
4428697,249,124,8734,2020,46795.0,0.0,2.0517060000000003,1.205431,TWN,LBN,830249
4428698,250,124,8734,2020,0.0,3625.0,0.866041,-0.371104,ANS,LBN,830249
4428699,7,128,8734,2020,106253.0,0.0,-0.118349,-0.789485,ARE,LKA,830249
4428700,14,128,8734,2020,3139.0,89907.0,-0.32910500000000004,-0.232963,AUS,LKA,830249
4428701,15,128,8734,2020,792.0,0.0,1.6711310000000001,0.059096,AUT,LKA,830249
4428702,22,128,8734,2020,0.0,122561.0,-0.874451,-0.9031309999999999,BGD,LKA,830249
4428703,23,128,8734,2020,15268.0,0.0,0.6328520000000001,1.8517009999999998,BGR,LKA,830249
4428704,39,128,8734,2020,3389.0,0.0,0.609267,1.1890479999999999,CAN,LKA,830249
4428705,41,128,8734,2020,9637.0,0.0,2.184038,0.900965,CHE,LKA,830249
4428706,43,128,8734,2020,522000.0,0.0,1.187837,1.2237770000000001,CHN,LKA,830249
4428707,61,128,8734,2020,29708.0,1998.0,2.027494,-2.3646689999999997,DEU,LKA,830249
4428708,64,128,8734,2020,5742.0,0.0,1.093217,1.2166549999999998,DNK,LKA,830249
4428709,71,128,8734,2020,1410.0,0.0,0.736657,2.731661,ESP,LKA,830249
4428710,77,128,8734,2020,30571.0,20634.0,1.341275,0.8991870000000001,FRA,LKA,830249
4428711,81,128,8734,2020,44853.0,0.0,1.6459,0.7702640000000001,GBR,LKA,830249
4428712,90,128,8734,2020,675.0,0.0,0.199011,1.087811,GRC,LKA,830249
4428713,97,128,8734,2020,36652.0,0.0,1.070483,1.183618,HKG,LKA,830249
4428714,104,128,8734,2020,513616.0,16594.0,0.464674,2.838779,IND,LKA,830249
4428715,110,128,8734,2020,6359.0,0.0,1.487557,0.8370920000000001,ISR,LKA,830249
4428716,111,128,8734,2020,24626.0,0.0,1.299017,0.701797,ITA,LKA,830249
4428717,114,128,8734,2020,11835.0,0.0,2.405659,-0.38169000000000003,JPN,LKA,830249
4428718,121,128,8734,2020,28851.0,0.0,1.9703950000000001,0.800826,KOR,LKA,830249
4428719,130,128,8734,2020,1850.0,0.0,0.9772870000000001,1.291244,LTU,LKA,830249
4428720,137,128,8734,2020,0.0,47737.0,-0.68914,-0.844514,MDV,LKA,830249
4428721,138,128,8734,2020,1083.0,0.0,0.974514,0.563643,MEX,LKA,830249
4428722,153,128,8734,2020,11788.0,0.0,1.185223,0.573439,MYS,LKA,830249
4428723,162,128,8734,2020,32367.0,0.0,1.035951,1.559401,NLD,LKA,830249
4428724,164,128,8734,2020,0.0,5083.0,-0.22803299999999999,0.25111,NPL,LKA,830249
4428725,186,128,8734,2020,4358.0,0.0,0.373882,0.42102700000000004,RUS,LKA,830249
4428726,188,128,8734,2020,0.0,12011.0,0.662925,-0.21661999999999998,SAU,LKA,830249
4428727,192,128,8734,2020,42468.0,0.0,1.948379,0.610574,SGP,LKA,830249
4428728,208,128,8734,2020,53264.0,0.0,1.6911310000000002,0.791586,SWE,LKA,830249
4428729,216,128,8734,2020,53882.0,0.0,1.035524,1.2777180000000001,THA,LKA,830249
4428730,224,128,8734,2020,67043.0,0.0,0.590472,2.619866,TUR,LKA,830249
4428731,231,128,8734,2020,455356.0,15029.0,1.588148,0.380904,USA,LKA,830249
4428732,239,128,8734,2020,63708.0,0.0,0.034229,0.89099,VNM,LKA,830249
4428733,249,128,8734,2020,21494.0,0.0,2.0517060000000003,1.205431,TWN,LKA,830249
4428734,7,130,8734,2020,1651.0,2139.0,-0.118349,-0.789485,ARE,LTU,830249
4428735,15,130,8734,2020,24128.0,0.0,1.6711310000000001,0.059096,AUT,LTU,830249
4428736,16,130,8734,2020,0.0,972.0,-1.142366,-1.2529190000000001,AZE,LTU,830249
4428737,18,130,8734,2020,22179.0,3213.0,1.204632,1.278346,BEL,LTU,830249
4428738,23,130,8734,2020,2124.0,8221.0,0.6328520000000001,1.8517009999999998,BGR,LTU,830249
4428739,26,130,8734,2020,0.0,3054.0,0.5449470000000001,0.91781,BIH,LTU,830249
4428740,27,130,8734,2020,0.0,2364.0,0.8652860000000001,-0.390323,BLM,LTU,830249
4428741,28,130,8734,2020,16285.0,246907.0,0.858776,1.085652,BLR,LTU,830249
4428742,32,130,8734,2020,0.0,6625.0,0.054622000000000004,0.532291,BRA,LTU,830249
4428743,39,130,8734,2020,3936.0,13119.0,0.609267,1.1890479999999999,CAN,LTU,830249
4428744,41,130,8734,2020,5606.0,12727.0,2.184038,0.900965,CHE,LTU,830249
4428745,43,130,8734,2020,2260903.0,45858.0,1.187837,1.2237770000000001,CHN,LTU,830249
4428746,59,130,8734,2020,60518.0,4987.0,1.716646,0.602441,CZE,LTU,830249
4428747,61,130,8734,2020,714693.0,40568.0,2.027494,-2.3646689999999997,DEU,LTU,830249
4428748,64,130,8734,2020,1931163.0,304643.0,1.093217,1.2166549999999998,DNK,LTU,830249
4428749,71,130,8734,2020,62195.0,8162.0,0.736657,2.731661,ESP,LTU,830249
4428750,72,130,8734,2020,108480.0,409171.0,1.012385,1.305015,EST,LTU,830249
4428751,74,130,8734,2020,15169.0,34560.0,1.498089,1.066223,FIN,LTU,830249
4428752,77,130,8734,2020,164015.0,2565.0,1.341275,0.8991870000000001,FRA,LTU,830249
4428753,81,130,8734,2020,184537.0,30169.0,1.6459,0.7702640000000001,GBR,LTU,830249
4428754,82,130,8734,2020,0.0,1574.0,-0.199775,-0.38684,GEO,LTU,830249
4428755,90,130,8734,2020,1465.0,878.0,0.199011,1.087811,GRC,LTU,830249
4428756,97,130,8734,2020,13184.0,0.0,1.070483,1.183618,HKG,LTU,830249
4428757,102,130,8734,2020,38985.0,23756.0,1.393152,0.878916,HUN,LTU,830249
4428758,103,130,8734,2020,0.0,4094.0,-0.16761700000000002,1.571009,IDN,LTU,830249
4428759,104,130,8734,2020,13942.0,3031.0,0.464674,2.838779,IND,LTU,830249
4428760,106,130,8734,2020,971.0,4755.0,1.337791,-0.20829699999999998,IRL,LTU,830249
4428761,109,130,8734,2020,1099.0,6502.0,0.27161399999999997,-0.17819200000000002,ISL,LTU,830249
4428762,110,130,8734,2020,0.0,8036.0,1.487557,0.8370920000000001,ISR,LTU,830249
4428763,111,130,8734,2020,351243.0,4822.0,1.299017,0.701797,ITA,LTU,830249
4428764,114,130,8734,2020,19479.0,0.0,2.405659,-0.38169000000000003,JPN,LTU,830249
4428765,115,130,8734,2020,0.0,79278.0,-0.48361899999999997,-0.626675,KAZ,LTU,830249
4428766,121,130,8734,2020,2687.0,3641.0,1.9703950000000001,0.800826,KOR,LTU,830249
4428767,128,130,8734,2020,0.0,1850.0,-0.48448599999999997,0.5495220000000001,LKA,LTU,830249
4428768,132,130,8734,2020,721539.0,747548.0,0.712901,1.119907,LVA,LTU,830249
4428769,135,130,8734,2020,0.0,6121.0,-0.06779199999999999,-0.240851,MDA,LTU,830249
4428770,138,130,8734,2020,1917.0,3342.0,0.974514,0.563643,MEX,LTU,830249
4428771,145,130,8734,2020,0.0,4289.0,-1.011938,-1.127569,MNG,LTU,830249
4428772,153,130,8734,2020,0.0,6524.0,1.185223,0.573439,MYS,LTU,830249
4428773,162,130,8734,2020,953292.0,46100.0,1.035951,1.559401,NLD,LTU,830249
4428774,163,130,8734,2020,93819.0,65286.0,0.793459,0.369766,NOR,LTU,830249
4428775,166,130,8734,2020,0.0,4286.0,0.145567,0.070121,NZL,LTU,830249
4428776,177,130,8734,2020,2453296.0,33766.0,1.0227979999999999,1.4079139999999999,POL,LTU,830249
4428777,179,130,8734,2020,296957.0,0.0,0.656999,2.1136470000000003,PRT,LTU,830249
4428778,185,130,8734,2020,0.0,4593.0,1.13426,0.9767809999999999,ROU,LTU,830249
4428779,186,130,8734,2020,10685.0,844619.0,0.373882,0.42102700000000004,RUS,LTU,830249
4428780,192,130,8734,2020,26919.0,3642.0,1.948379,0.610574,SGP,LTU,830249
4428781,201,130,8734,2020,0.0,3866.0,0.5868399999999999,1.1187120000000002,SRB,LTU,830249
4428782,206,130,8734,2020,11437.0,8581.0,1.338026,0.825268,SVK,LTU,830249
4428783,207,130,8734,2020,24718.0,66330.0,1.570699,0.8442459999999999,SVN,LTU,830249
4428784,208,130,8734,2020,617407.0,9220.0,1.6911310000000002,0.791586,SWE,LTU,830249
4428785,216,130,8734,2020,0.0,4123.0,1.035524,1.2777180000000001,THA,LTU,830249
4428786,224,130,8734,2020,13171.0,752550.0,0.590472,2.619866,TUR,LTU,830249
4428787,228,130,8734,2020,41975.0,73505.0,0.383736,0.531328,UKR,LTU,830249
4428788,231,130,8734,2020,665657.0,48477.0,1.588148,0.380904,USA,LTU,830249
4428789,232,130,8734,2020,0.0,40019.0,-0.309411,0.071414,UZB,LTU,830249
4428790,239,130,8734,2020,1114.0,2951.0,0.034229,0.89099,VNM,LTU,830249
4428791,249,130,8734,2020,15591.0,0.0,2.0517060000000003,1.205431,TWN,LTU,830249
4428792,250,130,8734,2020,2194.0,0.0,0.866041,-0.371104,ANS,LTU,830249
4428793,7,131,8734,2020,0.0,2981.0,-0.118349,-0.789485,ARE,LUX,830249
4428794,14,131,8734,2020,0.0,2513.0,-0.32910500000000004,-0.232963,AUS,LUX,830249
4428795,15,131,8734,2020,10886.0,2460.0,1.6711310000000001,0.059096,AUT,LUX,830249
4428796,16,131,8734,2020,0.0,3024.0,-1.142366,-1.2529190000000001,AZE,LUX,830249
4428797,18,131,8734,2020,265667.0,144397.0,1.204632,1.278346,BEL,LUX,830249
4428798,24,131,8734,2020,0.0,14102.0,0.379085,-0.634111,BHR,LUX,830249
4428799,39,131,8734,2020,10277.0,0.0,0.609267,1.1890479999999999,CAN,LUX,830249
4428800,41,131,8734,2020,5151.0,3549.0,2.184038,0.900965,CHE,LUX,830249
4428801,43,131,8734,2020,67055.0,0.0,1.187837,1.2237770000000001,CHN,LUX,830249
4428802,59,131,8734,2020,3164.0,0.0,1.716646,0.602441,CZE,LUX,830249
4428803,61,131,8734,2020,1243756.0,56088.0,2.027494,-2.3646689999999997,DEU,LUX,830249
4428804,64,131,8734,2020,34757.0,0.0,1.093217,1.2166549999999998,DNK,LUX,830249
4428805,71,131,8734,2020,6743.0,4914.0,0.736657,2.731661,ESP,LUX,830249
4428806,77,131,8734,2020,285000.0,334609.0,1.341275,0.8991870000000001,FRA,LUX,830249
4428807,81,131,8734,2020,185491.0,0.0,1.6459,0.7702640000000001,GBR,LUX,830249
4428808,90,131,8734,2020,4938.0,0.0,0.199011,1.087811,GRC,LUX,830249
4428809,100,131,8734,2020,1646.0,0.0,0.876001,1.250877,HRV,LUX,830249
4428810,102,131,8734,2020,8897.0,0.0,1.393152,0.878916,HUN,LUX,830249
4428811,103,131,8734,2020,0.0,89551.0,-0.16761700000000002,1.571009,IDN,LUX,830249
4428812,104,131,8734,2020,933.0,94376.0,0.464674,2.838779,IND,LUX,830249
4428813,110,131,8734,2020,0.0,1214.0,1.487557,0.8370920000000001,ISR,LUX,830249
4428814,111,131,8734,2020,95166.0,0.0,1.299017,0.701797,ITA,LUX,830249
4428815,114,131,8734,2020,13388.0,0.0,2.405659,-0.38169000000000003,JPN,LUX,830249
4428816,116,131,8734,2020,0.0,1626.0,-0.496446,0.562476,KEN,LUX,830249
4428817,121,131,8734,2020,697.0,0.0,1.9703950000000001,0.800826,KOR,LUX,830249
4428818,153,131,8734,2020,4158.0,0.0,1.185223,0.573439,MYS,LUX,830249
4428819,162,131,8734,2020,434249.0,7690.0,1.035951,1.559401,NLD,LUX,830249
4428820,174,131,8734,2020,0.0,879.0,0.755786,0.24693,PHL,LUX,830249
4428821,177,131,8734,2020,30646.0,0.0,1.0227979999999999,1.4079139999999999,POL,LUX,830249
4428822,179,131,8734,2020,5061.0,0.0,0.656999,2.1136470000000003,PRT,LUX,830249
4428823,186,131,8734,2020,0.0,4205.0,0.373882,0.42102700000000004,RUS,LUX,830249
4428824,188,131,8734,2020,0.0,11850.0,0.662925,-0.21661999999999998,SAU,LUX,830249
4428825,192,131,8734,2020,12457.0,1735.0,1.948379,0.610574,SGP,LUX,830249
4428826,201,131,8734,2020,0.0,1371.0,0.5868399999999999,1.1187120000000002,SRB,LUX,830249
4428827,206,131,8734,2020,0.0,1264.0,1.338026,0.825268,SVK,LUX,830249
4428828,207,131,8734,2020,1496.0,0.0,1.570699,0.8442459999999999,SVN,LUX,830249
4428829,208,131,8734,2020,1553.0,0.0,1.6911310000000002,0.791586,SWE,LUX,830249
4428830,216,131,8734,2020,0.0,41219.0,1.035524,1.2777180000000001,THA,LUX,830249
4428831,224,131,8734,2020,19160.0,3646.0,0.590472,2.619866,TUR,LUX,830249
4428832,228,131,8734,2020,0.0,9197.0,0.383736,0.531328,UKR,LUX,830249
4428833,231,131,8734,2020,894555.0,9947.0,1.588148,0.380904,USA,LUX,830249
4428834,249,131,8734,2020,0.0,1438.0,2.0517060000000003,1.205431,TWN,LUX,830249
4428835,250,131,8734,2020,99892.0,0.0,0.866041,-0.371104,ANS,LUX,830249
4428836,7,132,8734,2020,2328.0,0.0,-0.118349,-0.789485,ARE,LVA,830249
4428837,14,132,8734,2020,0.0,2959.0,-0.32910500000000004,-0.232963,AUS,LVA,830249
4428838,15,132,8734,2020,8354.0,953162.0,1.6711310000000001,0.059096,AUT,LVA,830249
4428839,16,132,8734,2020,0.0,3785.0,-1.142366,-1.2529190000000001,AZE,LVA,830249
4428840,18,132,8734,2020,14720.0,25852.0,1.204632,1.278346,BEL,LVA,830249
4428841,23,132,8734,2020,179194.0,18157.0,0.6328520000000001,1.8517009999999998,BGR,LVA,830249
4428842,28,132,8734,2020,0.0,13419.0,0.858776,1.085652,BLR,LVA,830249
4428843,32,132,8734,2020,1068.0,0.0,0.054622000000000004,0.532291,BRA,LVA,830249
4428844,39,132,8734,2020,40734.0,9073.0,0.609267,1.1890479999999999,CAN,LVA,830249
4428845,41,132,8734,2020,1960.0,2501.0,2.184038,0.900965,CHE,LVA,830249
4428846,43,132,8734,2020,233431.0,0.0,1.187837,1.2237770000000001,CHN,LVA,830249
4428847,59,132,8734,2020,306337.0,38378.0,1.716646,0.602441,CZE,LVA,830249
4428848,61,132,8734,2020,525418.0,1555171.0,2.027494,-2.3646689999999997,DEU,LVA,830249
4428849,64,132,8734,2020,74467.0,400160.0,1.093217,1.2166549999999998,DNK,LVA,830249
4428850,71,132,8734,2020,27300.0,80338.0,0.736657,2.731661,ESP,LVA,830249
4428851,72,132,8734,2020,84598.0,46454.0,1.012385,1.305015,EST,LVA,830249
4428852,74,132,8734,2020,12942.0,140916.0,1.498089,1.066223,FIN,LVA,830249
4428853,77,132,8734,2020,23419.0,4048.0,1.341275,0.8991870000000001,FRA,LVA,830249
4428854,81,132,8734,2020,49895.0,4645.0,1.6459,0.7702640000000001,GBR,LVA,830249
4428855,82,132,8734,2020,0.0,45242.0,-0.199775,-0.38684,GEO,LVA,830249
4428856,90,132,8734,2020,0.0,20250.0,0.199011,1.087811,GRC,LVA,830249
4428857,102,132,8734,2020,3212.0,210980.0,1.393152,0.878916,HUN,LVA,830249
4428858,104,132,8734,2020,18971.0,0.0,0.464674,2.838779,IND,LVA,830249
4428859,106,132,8734,2020,0.0,4728.0,1.337791,-0.20829699999999998,IRL,LVA,830249
4428860,110,132,8734,2020,948.0,19688.0,1.487557,0.8370920000000001,ISR,LVA,830249
4428861,111,132,8734,2020,285529.0,46023.0,1.299017,0.701797,ITA,LVA,830249
4428862,121,132,8734,2020,2236.0,0.0,1.9703950000000001,0.800826,KOR,LVA,830249
4428863,130,132,8734,2020,747548.0,721539.0,0.9772870000000001,1.291244,LTU,LVA,830249
4428864,162,132,8734,2020,88344.0,61190.0,1.035951,1.559401,NLD,LVA,830249
4428865,163,132,8734,2020,68419.0,15987.0,0.793459,0.369766,NOR,LVA,830249
4428866,177,132,8734,2020,272291.0,268809.0,1.0227979999999999,1.4079139999999999,POL,LVA,830249
4428867,179,132,8734,2020,80374.0,6730.0,0.656999,2.1136470000000003,PRT,LVA,830249
4428868,185,132,8734,2020,0.0,22076.0,1.13426,0.9767809999999999,ROU,LVA,830249
4428869,186,132,8734,2020,8856.0,43890.0,0.373882,0.42102700000000004,RUS,LVA,830249
4428870,192,132,8734,2020,0.0,2185.0,1.948379,0.610574,SGP,LVA,830249
4428871,201,132,8734,2020,0.0,38373.0,0.5868399999999999,1.1187120000000002,SRB,LVA,830249
4428872,206,132,8734,2020,9805.0,0.0,1.338026,0.825268,SVK,LVA,830249
4428873,207,132,8734,2020,0.0,2139.0,1.570699,0.8442459999999999,SVN,LVA,830249
4428874,208,132,8734,2020,112865.0,868799.0,1.6911310000000002,0.791586,SWE,LVA,830249
4428875,216,132,8734,2020,0.0,9725.0,1.035524,1.2777180000000001,THA,LVA,830249
4428876,224,132,8734,2020,17769.0,3896366.0,0.590472,2.619866,TUR,LVA,830249
4428877,228,132,8734,2020,13162.0,12382.0,0.383736,0.531328,UKR,LVA,830249
4428878,231,132,8734,2020,93967.0,39451.0,1.588148,0.380904,USA,LVA,830249
4428879,249,132,8734,2020,13192.0,0.0,2.0517060000000003,1.205431,TWN,LVA,830249
4428880,18,135,8734,2020,1241.0,0.0,1.204632,1.278346,BEL,MDA,830249
4428881,23,135,8734,2020,15417.0,0.0,0.6328520000000001,1.8517009999999998,BGR,MDA,830249
4428882,28,135,8734,2020,18667.0,0.0,0.858776,1.085652,BLR,MDA,830249
4428883,43,135,8734,2020,43888.0,0.0,1.187837,1.2237770000000001,CHN,MDA,830249
4428884,59,135,8734,2020,6192.0,14111.0,1.716646,0.602441,CZE,MDA,830249
4428885,61,135,8734,2020,9117.0,0.0,2.027494,-2.3646689999999997,DEU,MDA,830249
4428886,64,135,8734,2020,10285.0,0.0,1.093217,1.2166549999999998,DNK,MDA,830249
4428887,77,135,8734,2020,2311.0,0.0,1.341275,0.8991870000000001,FRA,MDA,830249
4428888,90,135,8734,2020,3649.0,0.0,0.199011,1.087811,GRC,MDA,830249
4428889,102,135,8734,2020,1630.0,0.0,1.393152,0.878916,HUN,MDA,830249
4428890,111,135,8734,2020,53881.0,5077.0,1.299017,0.701797,ITA,MDA,830249
4428891,121,135,8734,2020,793.0,0.0,1.9703950000000001,0.800826,KOR,MDA,830249
4428892,130,135,8734,2020,6121.0,0.0,0.9772870000000001,1.291244,LTU,MDA,830249
4428893,162,135,8734,2020,2089.0,0.0,1.035951,1.559401,NLD,MDA,830249
4428894,177,135,8734,2020,29422.0,0.0,1.0227979999999999,1.4079139999999999,POL,MDA,830249
4428895,185,135,8734,2020,12930.0,0.0,1.13426,0.9767809999999999,ROU,MDA,830249
4428896,186,135,8734,2020,13063.0,5364.0,0.373882,0.42102700000000004,RUS,MDA,830249
4428897,208,135,8734,2020,1329.0,0.0,1.6911310000000002,0.791586,SWE,MDA,830249
4428898,224,135,8734,2020,135288.0,0.0,0.590472,2.619866,TUR,MDA,830249
4428899,228,135,8734,2020,176727.0,9951.0,0.383736,0.531328,UKR,MDA,830249
4428900,231,135,8734,2020,0.0,1974.0,1.588148,0.380904,USA,MDA,830249
4428901,249,135,8734,2020,391.0,0.0,2.0517060000000003,1.205431,TWN,MDA,830249
4428902,18,143,8734,2020,8357.0,0.0,1.204632,1.278346,BEL,MMR,830249
4428903,41,143,8734,2020,0.0,2779.0,2.184038,0.900965,CHE,MMR,830249
4428904,43,143,8734,2020,2190740.0,0.0,1.187837,1.2237770000000001,CHN,MMR,830249
4428905,61,143,8734,2020,23811.0,0.0,2.027494,-2.3646689999999997,DEU,MMR,830249
4428906,81,143,8734,2020,16911.0,0.0,1.6459,0.7702640000000001,GBR,MMR,830249
4428907,104,143,8734,2020,15055.0,0.0,0.464674,2.838779,IND,MMR,830249
4428908,111,143,8734,2020,2488.0,0.0,1.299017,0.701797,ITA,MMR,830249
4428909,114,143,8734,2020,9727.0,0.0,2.405659,-0.38169000000000003,JPN,MMR,830249
4428910,121,143,8734,2020,1242.0,0.0,1.9703950000000001,0.800826,KOR,MMR,830249
4428911,153,143,8734,2020,8577.0,0.0,1.185223,0.573439,MYS,MMR,830249
4428912,162,143,8734,2020,1024.0,0.0,1.035951,1.559401,NLD,MMR,830249
4428913,192,143,8734,2020,154856.0,0.0,1.948379,0.610574,SGP,MMR,830249
4428914,216,143,8734,2020,450031.0,0.0,1.035524,1.2777180000000001,THA,MMR,830249
4428915,231,143,8734,2020,20643.0,2381.0,1.588148,0.380904,USA,MMR,830249
4428916,239,143,8734,2020,22526.0,0.0,0.034229,0.89099,VNM,MMR,830249
4428917,249,143,8734,2020,2108.0,0.0,2.0517060000000003,1.205431,TWN,MMR,830249
4428918,7,147,8734,2020,60231.0,0.0,-0.118349,-0.789485,ARE,MOZ,830249
4428919,14,147,8734,2020,2142.0,0.0,-0.32910500000000004,-0.232963,AUS,MOZ,830249
4428920,18,147,8734,2020,2406.0,0.0,1.204632,1.278346,BEL,MOZ,830249
4428921,43,147,8734,2020,105840.0,0.0,1.187837,1.2237770000000001,CHN,MOZ,830249
4428922,59,147,8734,2020,887.0,0.0,1.716646,0.602441,CZE,MOZ,830249
4428923,61,147,8734,2020,5676.0,0.0,2.027494,-2.3646689999999997,DEU,MOZ,830249
4428924,81,147,8734,2020,4297.0,0.0,1.6459,0.7702640000000001,GBR,MOZ,830249
4428925,97,147,8734,2020,3803.0,0.0,1.070483,1.183618,HKG,MOZ,830249
4428926,104,147,8734,2020,121321.0,0.0,0.464674,2.838779,IND,MOZ,830249
4428927,106,147,8734,2020,1050.0,0.0,1.337791,-0.20829699999999998,IRL,MOZ,830249
4428928,111,147,8734,2020,1669.0,0.0,1.299017,0.701797,ITA,MOZ,830249
4428929,162,147,8734,2020,2979.0,0.0,1.035951,1.559401,NLD,MOZ,830249
4428930,179,147,8734,2020,510667.0,0.0,0.656999,2.1136470000000003,PRT,MOZ,830249
4428931,192,147,8734,2020,819.0,0.0,1.948379,0.610574,SGP,MOZ,830249
4428932,209,147,8734,2020,1311.0,0.0,0.289013,-0.556212,SWZ,MOZ,830249
4428933,224,147,8734,2020,7842.0,0.0,0.590472,2.619866,TUR,MOZ,830249
4428934,231,147,8734,2020,15480.0,0.0,1.588148,0.380904,USA,MOZ,830249
4428935,239,147,8734,2020,2332.0,0.0,0.034229,0.89099,VNM,MOZ,830249
4428936,246,147,8734,2020,509240.0,5204.0,0.042099,0.923931,ZAF,MOZ,830249
4428937,249,147,8734,2020,4849.0,0.0,2.0517060000000003,1.205431,TWN,MOZ,830249
4428938,7,153,8734,2020,8200.0,35993.0,-0.118349,-0.789485,ARE,MYS,830249
4428939,8,153,8734,2020,0.0,2253.0,-0.14746199999999998,0.039795,ARG,MYS,830249
4428940,14,153,8734,2020,44101.0,483367.0,-0.32910500000000004,-0.232963,AUS,MYS,830249
4428941,15,153,8734,2020,8187.0,4118.0,1.6711310000000001,0.059096,AUT,MYS,830249
4428942,18,153,8734,2020,253769.0,13647.0,1.204632,1.278346,BEL,MYS,830249
4428943,32,153,8734,2020,1672.0,0.0,0.054622000000000004,0.532291,BRA,MYS,830249
4428944,34,153,8734,2020,0.0,125209.0,0.432569,-0.8083779999999999,BRN,MYS,830249
4428945,39,153,8734,2020,109902.0,270346.0,0.609267,1.1890479999999999,CAN,MYS,830249
4428946,41,153,8734,2020,152852.0,7210.0,2.184038,0.900965,CHE,MYS,830249
4428947,42,153,8734,2020,0.0,2624.0,-0.307923,-0.565983,CHL,MYS,830249
4428948,43,153,8734,2020,16824514.0,77073.0,1.187837,1.2237770000000001,CHN,MYS,830249
4428949,47,153,8734,2020,0.0,43634.0,-1.580638,-1.2020870000000001,COG,MYS,830249
4428950,52,153,8734,2020,0.0,1663.0,0.303849,-0.114494,CRI,MYS,830249
4428951,59,153,8734,2020,0.0,60157.0,1.716646,0.602441,CZE,MYS,830249
4428952,61,153,8734,2020,203439.0,263533.0,2.027494,-2.3646689999999997,DEU,MYS,830249
4428953,64,153,8734,2020,22284.0,9058.0,1.093217,1.2166549999999998,DNK,MYS,830249
4428954,71,153,8734,2020,30973.0,5307.0,0.736657,2.731661,ESP,MYS,830249
4428955,72,153,8734,2020,8749.0,45725.0,1.012385,1.305015,EST,MYS,830249
4428956,73,153,8734,2020,0.0,484.0,-0.952033,-0.707262,ETH,MYS,830249
4428957,74,153,8734,2020,28992.0,4647.0,1.498089,1.066223,FIN,MYS,830249
4428958,75,153,8734,2020,0.0,10480.0,-0.184167,-0.081888,FJI,MYS,830249
4428959,77,153,8734,2020,458164.0,98762.0,1.341275,0.8991870000000001,FRA,MYS,830249
4428960,81,153,8734,2020,555654.0,107523.0,1.6459,0.7702640000000001,GBR,MYS,830249
4428961,97,153,8734,2020,373319.0,76894.0,1.070483,1.183618,HKG,MYS,830249
4428962,102,153,8734,2020,19012.0,96344.0,1.393152,0.878916,HUN,MYS,830249
4428963,103,153,8734,2020,18125.0,112745.0,-0.16761700000000002,1.571009,IDN,MYS,830249
4428964,104,153,8734,2020,35214.0,221726.0,0.464674,2.838779,IND,MYS,830249
4428965,106,153,8734,2020,23843.0,2761.0,1.337791,-0.20829699999999998,IRL,MYS,830249
4428966,110,153,8734,2020,0.0,14419.0,1.487557,0.8370920000000001,ISR,MYS,830249
4428967,111,153,8734,2020,136635.0,11618.0,1.299017,0.701797,ITA,MYS,830249
4428968,114,153,8734,2020,637836.0,311735.0,2.405659,-0.38169000000000003,JPN,MYS,830249
4428969,118,153,8734,2020,0.0,852.0,-0.602562,-0.505135,KHM,MYS,830249
4428970,121,153,8734,2020,87539.0,34340.0,1.9703950000000001,0.800826,KOR,MYS,830249
4428971,128,153,8734,2020,0.0,11788.0,-0.48448599999999997,0.5495220000000001,LKA,MYS,830249
4428972,130,153,8734,2020,6524.0,0.0,0.9772870000000001,1.291244,LTU,MYS,830249
4428973,131,153,8734,2020,0.0,4158.0,1.197655,1.432727,LUX,MYS,830249
4428974,137,153,8734,2020,0.0,3344.0,-0.68914,-0.844514,MDV,MYS,830249
4428975,138,153,8734,2020,130820.0,88480.0,0.974514,0.563643,MEX,MYS,830249
4428976,143,153,8734,2020,0.0,8577.0,-0.9993569999999999,-0.298647,MMR,MYS,830249
4428977,151,153,8734,2020,0.0,5369.0,-0.048897,0.11543099999999999,MUS,MYS,830249
4428978,162,153,8734,2020,74383.0,53879.0,1.035951,1.559401,NLD,MYS,830249
4428979,163,153,8734,2020,8836.0,14945.0,0.793459,0.369766,NOR,MYS,830249
4428980,166,153,8734,2020,1139.0,120770.0,0.145567,0.070121,NZL,MYS,830249
4428981,174,153,8734,2020,2882.0,122591.0,0.755786,0.24693,PHL,MYS,830249
4428982,176,153,8734,2020,0.0,299185.0,-1.526134,-1.191965,PNG,MYS,830249
4428983,177,153,8734,2020,1200.0,3712.0,1.0227979999999999,1.4079139999999999,POL,MYS,830249
4428984,179,153,8734,2020,0.0,3356.0,0.656999,2.1136470000000003,PRT,MYS,830249
4428985,181,153,8734,2020,0.0,1032.0,0.162235,0.828319,PSE,MYS,830249
4428986,182,153,8734,2020,0.0,12028.0,0.640838,-0.11156300000000001,PYF,MYS,830249
4428987,186,153,8734,2020,0.0,4052.0,0.373882,0.42102700000000004,RUS,MYS,830249
4428988,188,153,8734,2020,0.0,4613.0,0.662925,-0.21661999999999998,SAU,MYS,830249
4428989,192,153,8734,2020,3872205.0,1102806.0,1.948379,0.610574,SGP,MYS,830249
4428990,195,153,8734,2020,0.0,68674.0,-1.774857,-1.015981,SLB,MYS,830249
4428991,205,153,8734,2020,0.0,4200.0,-0.272244,-0.937541,SUR,MYS,830249
4428992,206,153,8734,2020,0.0,1814.0,1.338026,0.825268,SVK,MYS,830249
4428993,207,153,8734,2020,0.0,1021.0,1.570699,0.8442459999999999,SVN,MYS,830249
4428994,208,153,8734,2020,1895.0,16222.0,1.6911310000000002,0.791586,SWE,MYS,830249
4428995,216,153,8734,2020,213897.0,839595.0,1.035524,1.2777180000000001,THA,MYS,830249
4428996,224,153,8734,2020,2935.0,2401.0,0.590472,2.619866,TUR,MYS,830249
4428997,228,153,8734,2020,17187.0,62150.0,0.383736,0.531328,UKR,MYS,830249
4428998,230,153,8734,2020,0.0,1678.0,-0.127375,-0.449032,URY,MYS,830249
4428999,231,153,8734,2020,3075899.0,2565623.0,1.588148,0.380904,USA,MYS,830249
4429000,239,153,8734,2020,449073.0,137086.0,0.034229,0.89099,VNM,MYS,830249
4429001,246,153,8734,2020,0.0,8249.0,0.042099,0.923931,ZAF,MYS,830249
4429002,249,153,8734,2020,523232.0,196135.0,2.0517060000000003,1.205431,TWN,MYS,830249
4429003,7,159,8734,2020,34517.0,0.0,-0.118349,-0.789485,ARE,NGA,830249
4429004,18,159,8734,2020,4243.0,0.0,1.204632,1.278346,BEL,NGA,830249
4429005,19,159,8734,2020,0.0,621.0,-0.467344,-0.686191,BEN,NGA,830249
4429006,23,159,8734,2020,8131.0,0.0,0.6328520000000001,1.8517009999999998,BGR,NGA,830249
4429007,39,159,8734,2020,9072.0,0.0,0.609267,1.1890479999999999,CAN,NGA,830249
4429008,41,159,8734,2020,10343.0,0.0,2.184038,0.900965,CHE,NGA,830249
4429009,43,159,8734,2020,7089169.0,0.0,1.187837,1.2237770000000001,CHN,NGA,830249
4429010,59,159,8734,2020,22321.0,0.0,1.716646,0.602441,CZE,NGA,830249
4429011,61,159,8734,2020,48036.0,0.0,2.027494,-2.3646689999999997,DEU,NGA,830249
4429012,71,159,8734,2020,1045.0,0.0,0.736657,2.731661,ESP,NGA,830249
4429013,73,159,8734,2020,5362.0,0.0,-0.952033,-0.707262,ETH,NGA,830249
4429014,74,159,8734,2020,1440.0,0.0,1.498089,1.066223,FIN,NGA,830249
4429015,77,159,8734,2020,3211.0,0.0,1.341275,0.8991870000000001,FRA,NGA,830249
4429016,81,159,8734,2020,163899.0,0.0,1.6459,0.7702640000000001,GBR,NGA,830249
4429017,102,159,8734,2020,204862.0,0.0,1.393152,0.878916,HUN,NGA,830249
4429018,104,159,8734,2020,2822.0,0.0,0.464674,2.838779,IND,NGA,830249
4429019,111,159,8734,2020,56753.0,0.0,1.299017,0.701797,ITA,NGA,830249
4429020,124,159,8734,2020,28716.0,0.0,0.35459,1.067965,LBN,NGA,830249
4429021,138,159,8734,2020,551.0,0.0,0.974514,0.563643,MEX,NGA,830249
4429022,157,159,8734,2020,0.0,2933.0,-0.62888,-0.841089,NER,NGA,830249
4429023,162,159,8734,2020,51945.0,0.0,1.035951,1.559401,NLD,NGA,830249
4429024,163,159,8734,2020,3299.0,0.0,0.793459,0.369766,NOR,NGA,830249
4429025,174,159,8734,2020,13253.0,0.0,0.755786,0.24693,PHL,NGA,830249
4429026,177,159,8734,2020,10661.0,0.0,1.0227979999999999,1.4079139999999999,POL,NGA,830249
4429027,185,159,8734,2020,1642.0,0.0,1.13426,0.9767809999999999,ROU,NGA,830249
4429028,206,159,8734,2020,11693.0,0.0,1.338026,0.825268,SVK,NGA,830249
4429029,208,159,8734,2020,31948.0,0.0,1.6911310000000002,0.791586,SWE,NGA,830249
4429030,209,159,8734,2020,2706.0,0.0,0.289013,-0.556212,SWZ,NGA,830249
4429031,216,159,8734,2020,4209.0,0.0,1.035524,1.2777180000000001,THA,NGA,830249
4429032,224,159,8734,2020,58029.0,0.0,0.590472,2.619866,TUR,NGA,830249
4429033,228,159,8734,2020,16628.0,0.0,0.383736,0.531328,UKR,NGA,830249
4429034,231,159,8734,2020,353598.0,5268.0,1.588148,0.380904,USA,NGA,830249
4429035,246,159,8734,2020,152873.0,0.0,0.042099,0.923931,ZAF,NGA,830249
4429036,14,183,8734,2020,5114.0,1178.0,-0.32910500000000004,-0.232963,AUS,QAT,830249
4429037,15,183,8734,2020,2458.0,563.0,1.6711310000000001,0.059096,AUT,QAT,830249
4429038,18,183,8734,2020,3567.0,0.0,1.204632,1.278346,BEL,QAT,830249
4429039,23,183,8734,2020,30597.0,0.0,0.6328520000000001,1.8517009999999998,BGR,QAT,830249
4429040,39,183,8734,2020,19118.0,0.0,0.609267,1.1890479999999999,CAN,QAT,830249
4429041,43,183,8734,2020,174364.0,0.0,1.187837,1.2237770000000001,CHN,QAT,830249
4429042,59,183,8734,2020,6752.0,0.0,1.716646,0.602441,CZE,QAT,830249
4429043,61,183,8734,2020,120523.0,1008.0,2.027494,-2.3646689999999997,DEU,QAT,830249
4429044,64,183,8734,2020,2687.0,0.0,1.093217,1.2166549999999998,DNK,QAT,830249
4429045,71,183,8734,2020,104921.0,0.0,0.736657,2.731661,ESP,QAT,830249
4429046,77,183,8734,2020,487600.0,1154.0,1.341275,0.8991870000000001,FRA,QAT,830249
4429047,81,183,8734,2020,2693234.0,0.0,1.6459,0.7702640000000001,GBR,QAT,830249
4429048,90,183,8734,2020,64190.0,0.0,0.199011,1.087811,GRC,QAT,830249
4429049,97,183,8734,2020,1250.0,0.0,1.070483,1.183618,HKG,QAT,830249
4429050,100,183,8734,2020,1786.0,0.0,0.876001,1.250877,HRV,QAT,830249
4429051,103,183,8734,2020,1681.0,0.0,-0.16761700000000002,1.571009,IDN,QAT,830249
4429052,104,183,8734,2020,9306.0,0.0,0.464674,2.838779,IND,QAT,830249
4429053,111,183,8734,2020,139975.0,0.0,1.299017,0.701797,ITA,QAT,830249
4429054,114,183,8734,2020,94178.0,0.0,2.405659,-0.38169000000000003,JPN,QAT,830249
4429055,122,183,8734,2020,13295.0,195574.0,-0.072977,-1.090017,KWT,QAT,830249
4429056,124,183,8734,2020,247073.0,0.0,0.35459,1.067965,LBN,QAT,830249
4429057,162,183,8734,2020,98559.0,1158.0,1.035951,1.559401,NLD,QAT,830249
4429058,163,183,8734,2020,0.0,5659.0,0.793459,0.369766,NOR,QAT,830249
4429059,179,183,8734,2020,14879.0,0.0,0.656999,2.1136470000000003,PRT,QAT,830249
4429060,192,183,8734,2020,71594.0,0.0,1.948379,0.610574,SGP,QAT,830249
4429061,206,183,8734,2020,3776.0,0.0,1.338026,0.825268,SVK,QAT,830249
4429062,216,183,8734,2020,1244.0,0.0,1.035524,1.2777180000000001,THA,QAT,830249
4429063,224,183,8734,2020,506984.0,0.0,0.590472,2.619866,TUR,QAT,830249
4429064,231,183,8734,2020,1869046.0,65434.0,1.588148,0.380904,USA,QAT,830249
4429065,239,183,8734,2020,3948.0,0.0,0.034229,0.89099,VNM,QAT,830249
4429066,246,183,8734,2020,2680.0,0.0,0.042099,0.923931,ZAF,QAT,830249
4429067,249,183,8734,2020,45460.0,0.0,2.0517060000000003,1.205431,TWN,QAT,830249
4429068,7,185,8734,2020,3340.0,7216.0,-0.118349,-0.789485,ARE,ROU,830249
4429069,8,185,8734,2020,0.0,1692.0,-0.14746199999999998,0.039795,ARG,ROU,830249
4429070,14,185,8734,2020,0.0,134267.0,-0.32910500000000004,-0.232963,AUS,ROU,830249
4429071,15,185,8734,2020,172523.0,138866.0,1.6711310000000001,0.059096,AUT,ROU,830249
4429072,16,185,8734,2020,0.0,4995.0,-1.142366,-1.2529190000000001,AZE,ROU,830249
4429073,18,185,8734,2020,73287.0,155507.0,1.204632,1.278346,BEL,ROU,830249
4429074,23,185,8734,2020,670103.0,195359.0,0.6328520000000001,1.8517009999999998,BGR,ROU,830249
4429075,26,185,8734,2020,0.0,1359.0,0.5449470000000001,0.91781,BIH,ROU,830249
4429076,28,185,8734,2020,1340.0,0.0,0.858776,1.085652,BLR,ROU,830249
4429077,32,185,8734,2020,0.0,5821.0,0.054622000000000004,0.532291,BRA,ROU,830249
4429078,39,185,8734,2020,1051.0,46695.0,0.609267,1.1890479999999999,CAN,ROU,830249
4429079,41,185,8734,2020,3643.0,10517.0,2.184038,0.900965,CHE,ROU,830249
4429080,43,185,8734,2020,1793128.0,37556.0,1.187837,1.2237770000000001,CHN,ROU,830249
4429081,59,185,8734,2020,864472.0,19741.0,1.716646,0.602441,CZE,ROU,830249
4429082,61,185,8734,2020,4001265.0,4129566.0,2.027494,-2.3646689999999997,DEU,ROU,830249
4429083,64,185,8734,2020,5964.0,280692.0,1.093217,1.2166549999999998,DNK,ROU,830249
4429084,71,185,8734,2020,56572.0,0.0,0.736657,2.731661,ESP,ROU,830249
4429085,72,185,8734,2020,0.0,948.0,1.012385,1.305015,EST,ROU,830249
4429086,74,185,8734,2020,3984.0,1676.0,1.498089,1.066223,FIN,ROU,830249
4429087,77,185,8734,2020,527653.0,2329778.0,1.341275,0.8991870000000001,FRA,ROU,830249
4429088,81,185,8734,2020,476233.0,311280.0,1.6459,0.7702640000000001,GBR,ROU,830249
4429089,90,185,8734,2020,289414.0,24133.0,0.199011,1.087811,GRC,ROU,830249
4429090,100,185,8734,2020,4401.0,26887.0,0.876001,1.250877,HRV,ROU,830249
4429091,102,185,8734,2020,694797.0,236644.0,1.393152,0.878916,HUN,ROU,830249
4429092,104,185,8734,2020,45476.0,5820.0,0.464674,2.838779,IND,ROU,830249
4429093,110,185,8734,2020,54612.0,1145144.0,1.487557,0.8370920000000001,ISR,ROU,830249
4429094,111,185,8734,2020,3556073.0,1905386.0,1.299017,0.701797,ITA,ROU,830249
4429095,114,185,8734,2020,0.0,13062.0,2.405659,-0.38169000000000003,JPN,ROU,830249
4429096,121,185,8734,2020,2775.0,22267.0,1.9703950000000001,0.800826,KOR,ROU,830249
4429097,122,185,8734,2020,0.0,1984.0,-0.072977,-1.090017,KWT,ROU,830249
4429098,124,185,8734,2020,0.0,977.0,0.35459,1.067965,LBN,ROU,830249
4429099,130,185,8734,2020,4593.0,0.0,0.9772870000000001,1.291244,LTU,ROU,830249
4429100,132,185,8734,2020,22076.0,0.0,0.712901,1.119907,LVA,ROU,830249
4429101,134,185,8734,2020,7217.0,9849.0,-0.5208510000000001,-0.080499,MAR,ROU,830249
4429102,135,185,8734,2020,0.0,12930.0,-0.06779199999999999,-0.240851,MDA,ROU,830249
4429103,138,185,8734,2020,33494.0,9675.0,0.974514,0.563643,MEX,ROU,830249
4429104,140,185,8734,2020,0.0,1329.0,0.147947,-0.11116500000000001,MKD,ROU,830249
4429105,159,185,8734,2020,0.0,1642.0,-1.6399299999999999,-1.19536,NGA,ROU,830249
4429106,162,185,8734,2020,712946.0,63205.0,1.035951,1.559401,NLD,ROU,830249
4429107,163,185,8734,2020,2468.0,10792.0,0.793459,0.369766,NOR,ROU,830249
4429108,166,185,8734,2020,0.0,4506.0,0.145567,0.070121,NZL,ROU,830249
4429109,168,185,8734,2020,0.0,1023.0,-0.52984,0.63654,PAK,ROU,830249
4429110,174,185,8734,2020,0.0,23609.0,0.755786,0.24693,PHL,ROU,830249
4429111,177,185,8734,2020,2687040.0,69663.0,1.0227979999999999,1.4079139999999999,POL,ROU,830249
4429112,179,185,8734,2020,247739.0,147329.0,0.656999,2.1136470000000003,PRT,ROU,830249
4429113,186,185,8734,2020,2564.0,105764.0,0.373882,0.42102700000000004,RUS,ROU,830249
4429114,188,185,8734,2020,0.0,64107.0,0.662925,-0.21661999999999998,SAU,ROU,830249
4429115,192,185,8734,2020,3795.0,18388.0,1.948379,0.610574,SGP,ROU,830249
4429116,201,185,8734,2020,1243.0,21635.0,0.5868399999999999,1.1187120000000002,SRB,ROU,830249
4429117,206,185,8734,2020,83639.0,20898.0,1.338026,0.825268,SVK,ROU,830249
4429118,207,185,8734,2020,336868.0,4223.0,1.570699,0.8442459999999999,SVN,ROU,830249
4429119,208,185,8734,2020,326034.0,709864.0,1.6911310000000002,0.791586,SWE,ROU,830249
4429120,216,185,8734,2020,1257.0,80754.0,1.035524,1.2777180000000001,THA,ROU,830249
4429121,217,185,8734,2020,0.0,504.0,-0.73744,-1.0706950000000002,TJK,ROU,830249
4429122,224,185,8734,2020,2865315.0,78256.0,0.590472,2.619866,TUR,ROU,830249
4429123,226,185,8734,2020,0.0,1490.0,-1.024,-0.023909,TZA,ROU,830249
4429124,228,185,8734,2020,6784.0,26034.0,0.383736,0.531328,UKR,ROU,830249
4429125,231,185,8734,2020,281664.0,832642.0,1.588148,0.380904,USA,ROU,830249
4429126,239,185,8734,2020,1079.0,5191.0,0.034229,0.89099,VNM,ROU,830249
4429127,246,185,8734,2020,0.0,20715.0,0.042099,0.923931,ZAF,ROU,830249
4429128,249,185,8734,2020,89080.0,1285.0,2.0517060000000003,1.205431,TWN,ROU,830249
4429129,4,186,8734,2020,0.0,2503.0,-0.265229,0.059049000000000004,ALB,RUS,830249
4429130,7,186,8734,2020,7652.0,112802.0,-0.118349,-0.789485,ARE,RUS,830249
4429131,9,186,8734,2020,79759.0,67425.0,-0.129502,-0.671068,ARM,RUS,830249
4429132,14,186,8734,2020,5737.0,39383.0,-0.32910500000000004,-0.232963,AUS,RUS,830249
4429133,15,186,8734,2020,51196.0,863.0,1.6711310000000001,0.059096,AUT,RUS,830249
4429134,16,186,8734,2020,0.0,5318.0,-1.142366,-1.2529190000000001,AZE,RUS,830249
4429135,18,186,8734,2020,114119.0,18403.0,1.204632,1.278346,BEL,RUS,830249
4429136,23,186,8734,2020,21309.0,2841.0,0.6328520000000001,1.8517009999999998,BGR,RUS,830249
4429137,26,186,8734,2020,4718.0,1303.0,0.5449470000000001,0.91781,BIH,RUS,830249
4429138,28,186,8734,2020,1421685.0,3492471.0,0.858776,1.085652,BLR,RUS,830249
4429139,32,186,8734,2020,2547.0,0.0,0.054622000000000004,0.532291,BRA,RUS,830249
4429140,39,186,8734,2020,52326.0,25064.0,0.609267,1.1890479999999999,CAN,RUS,830249
4429141,41,186,8734,2020,43026.0,4368.0,2.184038,0.900965,CHE,RUS,830249
4429142,43,186,8734,2020,9649794.0,150250.0,1.187837,1.2237770000000001,CHN,RUS,830249
4429143,49,186,8734,2020,0.0,33829.0,0.115954,0.104558,COL,RUS,830249
4429144,59,186,8734,2020,321613.0,44365.0,1.716646,0.602441,CZE,RUS,830249
4429145,61,186,8734,2020,5803970.0,103067.0,2.027494,-2.3646689999999997,DEU,RUS,830249
4429146,64,186,8734,2020,111170.0,0.0,1.093217,1.2166549999999998,DNK,RUS,830249
4429147,66,186,8734,2020,0.0,65621.0,-1.015133,-1.243726,DZA,RUS,830249
4429148,68,186,8734,2020,0.0,695.0,-0.186095,1.6414330000000001,EGY,RUS,830249
4429149,71,186,8734,2020,164910.0,4589.0,0.736657,2.731661,ESP,RUS,830249
4429150,72,186,8734,2020,520178.0,36283.0,1.012385,1.305015,EST,RUS,830249
4429151,74,186,8734,2020,154182.0,0.0,1.498089,1.066223,FIN,RUS,830249
4429152,77,186,8734,2020,3362173.0,239516.0,1.341275,0.8991870000000001,FRA,RUS,830249
4429153,81,186,8734,2020,1699270.0,646.0,1.6459,0.7702640000000001,GBR,RUS,830249
4429154,82,186,8734,2020,0.0,14703.0,-0.199775,-0.38684,GEO,RUS,830249
4429155,90,186,8734,2020,27266.0,0.0,0.199011,1.087811,GRC,RUS,830249
4429156,97,186,8734,2020,10214.0,0.0,1.070483,1.183618,HKG,RUS,830249
4429157,100,186,8734,2020,1308.0,0.0,0.876001,1.250877,HRV,RUS,830249
4429158,102,186,8734,2020,78179.0,5594.0,1.393152,0.878916,HUN,RUS,830249
4429159,103,186,8734,2020,3301.0,0.0,-0.16761700000000002,1.571009,IDN,RUS,830249
4429160,104,186,8734,2020,8554.0,1759.0,0.464674,2.838779,IND,RUS,830249
4429161,110,186,8734,2020,23587.0,102583.0,1.487557,0.8370920000000001,ISR,RUS,830249
4429162,111,186,8734,2020,2097836.0,41435.0,1.299017,0.701797,ITA,RUS,830249
4429163,114,186,8734,2020,10973.0,0.0,2.405659,-0.38169000000000003,JPN,RUS,830249
4429164,115,186,8734,2020,23740.0,1216274.0,-0.48361899999999997,-0.626675,KAZ,RUS,830249
4429165,117,186,8734,2020,0.0,116430.0,-0.117317,0.36644,KGZ,RUS,830249
4429166,121,186,8734,2020,41656.0,14724.0,1.9703950000000001,0.800826,KOR,RUS,830249
4429167,128,186,8734,2020,0.0,4358.0,-0.48448599999999997,0.5495220000000001,LKA,RUS,830249
4429168,130,186,8734,2020,844619.0,10685.0,0.9772870000000001,1.291244,LTU,RUS,830249
4429169,131,186,8734,2020,4205.0,0.0,1.197655,1.432727,LUX,RUS,830249
4429170,132,186,8734,2020,43890.0,8856.0,0.712901,1.119907,LVA,RUS,830249
4429171,134,186,8734,2020,95433.0,0.0,-0.5208510000000001,-0.080499,MAR,RUS,830249
4429172,135,186,8734,2020,5364.0,13063.0,-0.06779199999999999,-0.240851,MDA,RUS,830249
4429173,138,186,8734,2020,19146.0,2518.0,0.974514,0.563643,MEX,RUS,830249
4429174,145,186,8734,2020,0.0,1387.0,-1.011938,-1.127569,MNG,RUS,830249
4429175,153,186,8734,2020,4052.0,0.0,1.185223,0.573439,MYS,RUS,830249
4429176,162,186,8734,2020,263354.0,2871.0,1.035951,1.559401,NLD,RUS,830249
4429177,163,186,8734,2020,3522.0,18685.0,0.793459,0.369766,NOR,RUS,830249
4429178,168,186,8734,2020,0.0,7584.0,-0.52984,0.63654,PAK,RUS,830249
4429179,173,186,8734,2020,0.0,1838.0,-0.717014,-0.152142,PER,RUS,830249
4429180,174,186,8734,2020,41605.0,0.0,0.755786,0.24693,PHL,RUS,830249
4429181,177,186,8734,2020,798602.0,5046.0,1.0227979999999999,1.4079139999999999,POL,RUS,830249
4429182,179,186,8734,2020,112372.0,1651.0,0.656999,2.1136470000000003,PRT,RUS,830249
4429183,185,186,8734,2020,105764.0,2564.0,1.13426,0.9767809999999999,ROU,RUS,830249
4429184,192,186,8734,2020,13207.0,0.0,1.948379,0.610574,SGP,RUS,830249
4429185,201,186,8734,2020,371125.0,1056.0,0.5868399999999999,1.1187120000000002,SRB,RUS,830249
4429186,206,186,8734,2020,2827.0,2196.0,1.338026,0.825268,SVK,RUS,830249
4429187,207,186,8734,2020,518608.0,0.0,1.570699,0.8442459999999999,SVN,RUS,830249
4429188,208,186,8734,2020,547712.0,0.0,1.6911310000000002,0.791586,SWE,RUS,830249
4429189,216,186,8734,2020,94755.0,1163.0,1.035524,1.2777180000000001,THA,RUS,830249
4429190,217,186,8734,2020,0.0,20328.0,-0.73744,-1.0706950000000002,TJK,RUS,830249
4429191,224,186,8734,2020,2007967.0,4855.0,0.590472,2.619866,TUR,RUS,830249
4429192,226,186,8734,2020,0.0,7006.0,-1.024,-0.023909,TZA,RUS,830249
4429193,228,186,8734,2020,200412.0,239416.0,0.383736,0.531328,UKR,RUS,830249
4429194,231,186,8734,2020,1029018.0,14855.0,1.588148,0.380904,USA,RUS,830249
4429195,232,186,8734,2020,0.0,49942.0,-0.309411,0.071414,UZB,RUS,830249
4429196,239,186,8734,2020,79884.0,1897.0,0.034229,0.89099,VNM,RUS,830249
4429197,249,186,8734,2020,317385.0,0.0,2.0517060000000003,1.205431,TWN,RUS,830249
4429198,250,186,8734,2020,34835.0,0.0,0.866041,-0.371104,ANS,RUS,830249
4429199,7,191,8734,2020,8098.0,0.0,-0.118349,-0.789485,ARE,SEN,830249
4429200,18,191,8734,2020,8304.0,0.0,1.204632,1.278346,BEL,SEN,830249
4429201,43,191,8734,2020,724431.0,0.0,1.187837,1.2237770000000001,CHN,SEN,830249
4429202,61,191,8734,2020,14824.0,0.0,2.027494,-2.3646689999999997,DEU,SEN,830249
4429203,68,191,8734,2020,24672.0,0.0,-0.186095,1.6414330000000001,EGY,SEN,830249
4429204,71,191,8734,2020,24139.0,0.0,0.736657,2.731661,ESP,SEN,830249
4429205,77,191,8734,2020,22403.0,0.0,1.341275,0.8991870000000001,FRA,SEN,830249
4429206,81,191,8734,2020,10818.0,0.0,1.6459,0.7702640000000001,GBR,SEN,830249
4429207,88,191,8734,2020,0.0,14229.0,-1.172138,-0.944076,GNB,SEN,830249
4429208,104,191,8734,2020,15319.0,0.0,0.464674,2.838779,IND,SEN,830249
4429209,111,191,8734,2020,25919.0,0.0,1.299017,0.701797,ITA,SEN,830249
4429210,124,191,8734,2020,12500.0,0.0,0.35459,1.067965,LBN,SEN,830249
4429211,134,191,8734,2020,98035.0,0.0,-0.5208510000000001,-0.080499,MAR,SEN,830249
4429212,141,191,8734,2020,0.0,40719.0,-1.309505,-1.1745079999999999,MLI,SEN,830249
4429213,157,191,8734,2020,6770.0,0.0,-0.62888,-0.841089,NER,SEN,830249
4429214,162,191,8734,2020,1984.0,0.0,1.035951,1.559401,NLD,SEN,830249
4429215,179,191,8734,2020,6244.0,0.0,0.656999,2.1136470000000003,PRT,SEN,830249
4429216,206,191,8734,2020,0.0,11285.0,1.338026,0.825268,SVK,SEN,830249
4429217,224,191,8734,2020,5466.0,0.0,0.590472,2.619866,TUR,SEN,830249
4429218,231,191,8734,2020,0.0,5044.0,1.588148,0.380904,USA,SEN,830249
4429219,246,191,8734,2020,1508.0,0.0,0.042099,0.923931,ZAF,SEN,830249
4429220,4,201,8734,2020,48042.0,0.0,-0.265229,0.059049000000000004,ALB,SRB,830249
4429221,7,201,8734,2020,0.0,21787.0,-0.118349,-0.789485,ARE,SRB,830249
4429222,14,201,8734,2020,0.0,1015.0,-0.32910500000000004,-0.232963,AUS,SRB,830249
4429223,15,201,8734,2020,264642.0,31647.0,1.6711310000000001,0.059096,AUT,SRB,830249
4429224,18,201,8734,2020,37783.0,7316.0,1.204632,1.278346,BEL,SRB,830249
4429225,23,201,8734,2020,256066.0,0.0,0.6328520000000001,1.8517009999999998,BGR,SRB,830249
4429226,26,201,8734,2020,253301.0,88888.0,0.5449470000000001,0.91781,BIH,SRB,830249
4429227,28,201,8734,2020,1220.0,0.0,0.858776,1.085652,BLR,SRB,830249
4429228,39,201,8734,2020,128550.0,32824.0,0.609267,1.1890479999999999,CAN,SRB,830249
4429229,41,201,8734,2020,16575.0,1819.0,2.184038,0.900965,CHE,SRB,830249
4429230,43,201,8734,2020,125843.0,0.0,1.187837,1.2237770000000001,CHN,SRB,830249
4429231,58,201,8734,2020,0.0,3905.0,0.5354760000000001,-0.069753,CYP,SRB,830249
4429232,59,201,8734,2020,119454.0,8700.0,1.716646,0.602441,CZE,SRB,830249
4429233,61,201,8734,2020,373763.0,40303.0,2.027494,-2.3646689999999997,DEU,SRB,830249
4429234,64,201,8734,2020,6658.0,13528.0,1.093217,1.2166549999999998,DNK,SRB,830249
4429235,71,201,8734,2020,20231.0,2254.0,0.736657,2.731661,ESP,SRB,830249
4429236,77,201,8734,2020,22428.0,19976.0,1.341275,0.8991870000000001,FRA,SRB,830249
4429237,81,201,8734,2020,67996.0,3711.0,1.6459,0.7702640000000001,GBR,SRB,830249
4429238,83,201,8734,2020,0.0,1676.0,-0.973506,-0.9559139999999999,GHA,SRB,830249
4429239,90,201,8734,2020,8423.0,0.0,0.199011,1.087811,GRC,SRB,830249
4429240,100,201,8734,2020,147425.0,13091.0,0.876001,1.250877,HRV,SRB,830249
4429241,102,201,8734,2020,39085.0,0.0,1.393152,0.878916,HUN,SRB,830249
4429242,104,201,8734,2020,1370.0,0.0,0.464674,2.838779,IND,SRB,830249
4429243,106,201,8734,2020,0.0,3628.0,1.337791,-0.20829699999999998,IRL,SRB,830249
4429244,110,201,8734,2020,0.0,1627.0,1.487557,0.8370920000000001,ISR,SRB,830249
4429245,111,201,8734,2020,2532337.0,216027.0,1.299017,0.701797,ITA,SRB,830249
4429246,114,201,8734,2020,476.0,0.0,2.405659,-0.38169000000000003,JPN,SRB,830249
4429247,124,201,8734,2020,0.0,70311.0,0.35459,1.067965,LBN,SRB,830249
4429248,130,201,8734,2020,3866.0,0.0,0.9772870000000001,1.291244,LTU,SRB,830249
4429249,131,201,8734,2020,1371.0,0.0,1.197655,1.432727,LUX,SRB,830249
4429250,132,201,8734,2020,38373.0,0.0,0.712901,1.119907,LVA,SRB,830249
4429251,134,201,8734,2020,0.0,1162.0,-0.5208510000000001,-0.080499,MAR,SRB,830249
4429252,138,201,8734,2020,150049.0,0.0,0.974514,0.563643,MEX,SRB,830249
4429253,140,201,8734,2020,2030.0,54348.0,0.147947,-0.11116500000000001,MKD,SRB,830249
4429254,144,201,8734,2020,5720.0,56181.0,0.355595,0.140822,MNE,SRB,830249
4429255,162,201,8734,2020,228407.0,1197.0,1.035951,1.559401,NLD,SRB,830249
4429256,163,201,8734,2020,0.0,22478.0,0.793459,0.369766,NOR,SRB,830249
4429257,177,201,8734,2020,86148.0,0.0,1.0227979999999999,1.4079139999999999,POL,SRB,830249
4429258,185,201,8734,2020,21635.0,1243.0,1.13426,0.9767809999999999,ROU,SRB,830249
4429259,186,201,8734,2020,1056.0,371125.0,0.373882,0.42102700000000004,RUS,SRB,830249
4429260,205,201,8734,2020,0.0,3058.0,-0.272244,-0.937541,SUR,SRB,830249
4429261,206,201,8734,2020,22176.0,16630.0,1.338026,0.825268,SVK,SRB,830249
4429262,207,201,8734,2020,191556.0,35739.0,1.570699,0.8442459999999999,SVN,SRB,830249
4429263,208,201,8734,2020,3388.0,0.0,1.6911310000000002,0.791586,SWE,SRB,830249
4429264,216,201,8734,2020,1017.0,0.0,1.035524,1.2777180000000001,THA,SRB,830249
4429265,224,201,8734,2020,744146.0,2648.0,0.590472,2.619866,TUR,SRB,830249
4429266,228,201,8734,2020,0.0,7952.0,0.383736,0.531328,UKR,SRB,830249
4429267,230,201,8734,2020,1198.0,0.0,-0.127375,-0.449032,URY,SRB,830249
4429268,231,201,8734,2020,29957.0,59522.0,1.588148,0.380904,USA,SRB,830249
4429269,249,201,8734,2020,5009.0,0.0,2.0517060000000003,1.205431,TWN,SRB,830249
4429270,4,207,8734,2020,0.0,1706.0,-0.265229,0.059049000000000004,ALB,SVN,830249
4429271,7,207,8734,2020,0.0,4416.0,-0.118349,-0.789485,ARE,SVN,830249
4429272,14,207,8734,2020,2064.0,11194.0,-0.32910500000000004,-0.232963,AUS,SVN,830249
4429273,15,207,8734,2020,295199.0,662353.0,1.6711310000000001,0.059096,AUT,SVN,830249
4429274,16,207,8734,2020,0.0,2402.0,-1.142366,-1.2529190000000001,AZE,SVN,830249
4429275,18,207,8734,2020,83821.0,2146.0,1.204632,1.278346,BEL,SVN,830249
4429276,23,207,8734,2020,7368.0,4084.0,0.6328520000000001,1.8517009999999998,BGR,SVN,830249
4429277,26,207,8734,2020,26485.0,57528.0,0.5449470000000001,0.91781,BIH,SVN,830249
4429278,32,207,8734,2020,0.0,977.0,0.054622000000000004,0.532291,BRA,SVN,830249
4429279,39,207,8734,2020,3644.0,2399.0,0.609267,1.1890479999999999,CAN,SVN,830249
4429280,41,207,8734,2020,14675.0,41078.0,2.184038,0.900965,CHE,SVN,830249
4429281,43,207,8734,2020,455983.0,16170.0,1.187837,1.2237770000000001,CHN,SVN,830249
4429282,52,207,8734,2020,0.0,663.0,0.303849,-0.114494,CRI,SVN,830249
4429283,59,207,8734,2020,516899.0,911170.0,1.716646,0.602441,CZE,SVN,830249
4429284,61,207,8734,2020,1143536.0,920524.0,2.027494,-2.3646689999999997,DEU,SVN,830249
4429285,64,207,8734,2020,8011.0,60357.0,1.093217,1.2166549999999998,DNK,SVN,830249
4429286,71,207,8734,2020,6949.0,113034.0,0.736657,2.731661,ESP,SVN,830249
4429287,74,207,8734,2020,3238.0,0.0,1.498089,1.066223,FIN,SVN,830249
4429288,77,207,8734,2020,186785.0,75020.0,1.341275,0.8991870000000001,FRA,SVN,830249
4429289,81,207,8734,2020,245882.0,7482.0,1.6459,0.7702640000000001,GBR,SVN,830249
4429290,90,207,8734,2020,5180.0,19787.0,0.199011,1.087811,GRC,SVN,830249
4429291,100,207,8734,2020,156407.0,280485.0,0.876001,1.250877,HRV,SVN,830249
4429292,102,207,8734,2020,50646.0,24030.0,1.393152,0.878916,HUN,SVN,830249
4429293,103,207,8734,2020,918.0,11041.0,-0.16761700000000002,1.571009,IDN,SVN,830249
4429294,104,207,8734,2020,5921.0,0.0,0.464674,2.838779,IND,SVN,830249
4429295,106,207,8734,2020,0.0,3251.0,1.337791,-0.20829699999999998,IRL,SVN,830249
4429296,110,207,8734,2020,23707.0,13919.0,1.487557,0.8370920000000001,ISR,SVN,830249
4429297,111,207,8734,2020,919905.0,1241956.0,1.299017,0.701797,ITA,SVN,830249
4429298,114,207,8734,2020,6136.0,2242.0,2.405659,-0.38169000000000003,JPN,SVN,830249
4429299,121,207,8734,2020,44237.0,2248.0,1.9703950000000001,0.800826,KOR,SVN,830249
4429300,124,207,8734,2020,0.0,24074.0,0.35459,1.067965,LBN,SVN,830249
4429301,130,207,8734,2020,66330.0,24718.0,0.9772870000000001,1.291244,LTU,SVN,830249
4429302,131,207,8734,2020,0.0,1496.0,1.197655,1.432727,LUX,SVN,830249
4429303,132,207,8734,2020,2139.0,0.0,0.712901,1.119907,LVA,SVN,830249
4429304,138,207,8734,2020,4316.0,9524.0,0.974514,0.563643,MEX,SVN,830249
4429305,140,207,8734,2020,0.0,2300.0,0.147947,-0.11116500000000001,MKD,SVN,830249
4429306,153,207,8734,2020,1021.0,0.0,1.185223,0.573439,MYS,SVN,830249
4429307,162,207,8734,2020,71678.0,282798.0,1.035951,1.559401,NLD,SVN,830249
4429308,163,207,8734,2020,1945.0,1588.0,0.793459,0.369766,NOR,SVN,830249
4429309,166,207,8734,2020,0.0,1560.0,0.145567,0.070121,NZL,SVN,830249
4429310,173,207,8734,2020,0.0,1126.0,-0.717014,-0.152142,PER,SVN,830249
4429311,177,207,8734,2020,119172.0,271522.0,1.0227979999999999,1.4079139999999999,POL,SVN,830249
4429312,179,207,8734,2020,118328.0,0.0,0.656999,2.1136470000000003,PRT,SVN,830249
4429313,185,207,8734,2020,4223.0,336868.0,1.13426,0.9767809999999999,ROU,SVN,830249
4429314,186,207,8734,2020,0.0,518608.0,0.373882,0.42102700000000004,RUS,SVN,830249
4429315,188,207,8734,2020,0.0,2114.0,0.662925,-0.21661999999999998,SAU,SVN,830249
4429316,192,207,8734,2020,0.0,1523.0,1.948379,0.610574,SGP,SVN,830249
4429317,201,207,8734,2020,35739.0,191556.0,0.5868399999999999,1.1187120000000002,SRB,SVN,830249
4429318,206,207,8734,2020,10837.0,18601.0,1.338026,0.825268,SVK,SVN,830249
4429319,208,207,8734,2020,29656.0,5431.0,1.6911310000000002,0.791586,SWE,SVN,830249
4429320,216,207,8734,2020,4407.0,0.0,1.035524,1.2777180000000001,THA,SVN,830249
4429321,224,207,8734,2020,7192.0,210366.0,0.590472,2.619866,TUR,SVN,830249
4429322,228,207,8734,2020,4387.0,14873.0,0.383736,0.531328,UKR,SVN,830249
4429323,231,207,8734,2020,69973.0,2724.0,1.588148,0.380904,USA,SVN,830249
4429324,239,207,8734,2020,2503.0,810.0,0.034229,0.89099,VNM,SVN,830249
4429325,246,207,8734,2020,0.0,1076.0,0.042099,0.923931,ZAF,SVN,830249
4429326,249,207,8734,2020,19003.0,9185.0,2.0517060000000003,1.205431,TWN,SVN,830249
4429327,250,207,8734,2020,1399.0,0.0,0.866041,-0.371104,ANS,SVN,830249
4429328,7,217,8734,2020,2567.0,0.0,-0.118349,-0.789485,ARE,TJK,830249
4429329,43,217,8734,2020,97431.0,0.0,1.187837,1.2237770000000001,CHN,TJK,830249
4429330,59,217,8734,2020,2919.0,0.0,1.716646,0.602441,CZE,TJK,830249
4429331,61,217,8734,2020,1147.0,0.0,2.027494,-2.3646689999999997,DEU,TJK,830249
4429332,64,217,8734,2020,2399.0,0.0,1.093217,1.2166549999999998,DNK,TJK,830249
4429333,77,217,8734,2020,974.0,0.0,1.341275,0.8991870000000001,FRA,TJK,830249
4429334,107,217,8734,2020,1011.0,0.0,-0.362286,-0.242846,IRN,TJK,830249
4429335,111,217,8734,2020,82827.0,0.0,1.299017,0.701797,ITA,TJK,830249
4429336,162,217,8734,2020,2983.0,0.0,1.035951,1.559401,NLD,TJK,830249
4429337,185,217,8734,2020,504.0,0.0,1.13426,0.9767809999999999,ROU,TJK,830249
4429338,186,217,8734,2020,20328.0,0.0,0.373882,0.42102700000000004,RUS,TJK,830249
4429339,224,217,8734,2020,123889.0,0.0,0.590472,2.619866,TUR,TJK,830249
4429340,7,228,8734,2020,30028.0,2039.0,-0.118349,-0.789485,ARE,UKR,830249
4429341,8,228,8734,2020,808.0,0.0,-0.14746199999999998,0.039795,ARG,UKR,830249
4429342,9,228,8734,2020,0.0,18683.0,-0.129502,-0.671068,ARM,UKR,830249
4429343,14,228,8734,2020,19045.0,4294.0,-0.32910500000000004,-0.232963,AUS,UKR,830249
4429344,15,228,8734,2020,24431.0,56140.0,1.6711310000000001,0.059096,AUT,UKR,830249
4429345,16,228,8734,2020,0.0,6112.0,-1.142366,-1.2529190000000001,AZE,UKR,830249
4429346,18,228,8734,2020,13350.0,4115.0,1.204632,1.278346,BEL,UKR,830249
4429347,23,228,8734,2020,61479.0,31272.0,0.6328520000000001,1.8517009999999998,BGR,UKR,830249
4429348,26,228,8734,2020,2278.0,7032.0,0.5449470000000001,0.91781,BIH,UKR,830249
4429349,28,228,8734,2020,202633.0,145068.0,0.858776,1.085652,BLR,UKR,830249
4429350,32,228,8734,2020,15797.0,0.0,0.054622000000000004,0.532291,BRA,UKR,830249
4429351,39,228,8734,2020,18849.0,2107.0,0.609267,1.1890479999999999,CAN,UKR,830249
4429352,41,228,8734,2020,37740.0,9514.0,2.184038,0.900965,CHE,UKR,830249
4429353,43,228,8734,2020,867380.0,65475.0,1.187837,1.2237770000000001,CHN,UKR,830249
4429354,52,228,8734,2020,34944.0,0.0,0.303849,-0.114494,CRI,UKR,830249
4429355,59,228,8734,2020,218215.0,18996.0,1.716646,0.602441,CZE,UKR,830249
4429356,61,228,8734,2020,446061.0,382250.0,2.027494,-2.3646689999999997,DEU,UKR,830249
4429357,64,228,8734,2020,40213.0,632536.0,1.093217,1.2166549999999998,DNK,UKR,830249
4429358,66,228,8734,2020,0.0,3712.0,-1.015133,-1.243726,DZA,UKR,830249
4429359,71,228,8734,2020,88046.0,8470.0,0.736657,2.731661,ESP,UKR,830249
4429360,72,228,8734,2020,7432.0,376722.0,1.012385,1.305015,EST,UKR,830249
4429361,74,228,8734,2020,21435.0,2258.0,1.498089,1.066223,FIN,UKR,830249
4429362,77,228,8734,2020,32855.0,6302.0,1.341275,0.8991870000000001,FRA,UKR,830249
4429363,81,228,8734,2020,8352.0,18968.0,1.6459,0.7702640000000001,GBR,UKR,830249
4429364,82,228,8734,2020,0.0,81995.0,-0.199775,-0.38684,GEO,UKR,830249
4429365,89,228,8734,2020,0.0,17238.0,-1.5979940000000001,-0.9529340000000001,GNQ,UKR,830249
4429366,90,228,8734,2020,98955.0,0.0,0.199011,1.087811,GRC,UKR,830249
4429367,97,228,8734,2020,15388.0,15992.0,1.070483,1.183618,HKG,UKR,830249
4429368,100,228,8734,2020,38025.0,0.0,0.876001,1.250877,HRV,UKR,830249
4429369,102,228,8734,2020,106729.0,253402.0,1.393152,0.878916,HUN,UKR,830249
4429370,103,228,8734,2020,1841.0,0.0,-0.16761700000000002,1.571009,IDN,UKR,830249
4429371,104,228,8734,2020,228221.0,22563.0,0.464674,2.838779,IND,UKR,830249
4429372,106,228,8734,2020,8079.0,0.0,1.337791,-0.20829699999999998,IRL,UKR,830249
4429373,110,228,8734,2020,3851.0,2043.0,1.487557,0.8370920000000001,ISR,UKR,830249
4429374,111,228,8734,2020,425826.0,48940.0,1.299017,0.701797,ITA,UKR,830249
4429375,113,228,8734,2020,0.0,966.0,-0.060384,0.139902,JOR,UKR,830249
4429376,114,228,8734,2020,71359.0,10563.0,2.405659,-0.38169000000000003,JPN,UKR,830249
4429377,115,228,8734,2020,908.0,4684.0,-0.48361899999999997,-0.626675,KAZ,UKR,830249
4429378,121,228,8734,2020,8403.0,0.0,1.9703950000000001,0.800826,KOR,UKR,830249
4429379,130,228,8734,2020,73505.0,41975.0,0.9772870000000001,1.291244,LTU,UKR,830249
4429380,131,228,8734,2020,9197.0,0.0,1.197655,1.432727,LUX,UKR,830249
4429381,132,228,8734,2020,12382.0,13162.0,0.712901,1.119907,LVA,UKR,830249
4429382,134,228,8734,2020,0.0,18353.0,-0.5208510000000001,-0.080499,MAR,UKR,830249
4429383,135,228,8734,2020,9951.0,176727.0,-0.06779199999999999,-0.240851,MDA,UKR,830249
4429384,138,228,8734,2020,42415.0,1471.0,0.974514,0.563643,MEX,UKR,830249
4429385,140,228,8734,2020,0.0,10701.0,0.147947,-0.11116500000000001,MKD,UKR,830249
4429386,153,228,8734,2020,62150.0,17187.0,1.185223,0.573439,MYS,UKR,830249
4429387,159,228,8734,2020,0.0,16628.0,-1.6399299999999999,-1.19536,NGA,UKR,830249
4429388,162,228,8734,2020,123739.0,13927.0,1.035951,1.559401,NLD,UKR,830249
4429389,163,228,8734,2020,52861.0,1101.0,0.793459,0.369766,NOR,UKR,830249
4429390,166,228,8734,2020,1032.0,0.0,0.145567,0.070121,NZL,UKR,830249
4429391,173,228,8734,2020,0.0,28507.0,-0.717014,-0.152142,PER,UKR,830249
4429392,174,228,8734,2020,5128.0,0.0,0.755786,0.24693,PHL,UKR,830249
4429393,177,228,8734,2020,1046007.0,1469388.0,1.0227979999999999,1.4079139999999999,POL,UKR,830249
4429394,179,228,8734,2020,20382.0,0.0,0.656999,2.1136470000000003,PRT,UKR,830249
4429395,185,228,8734,2020,26034.0,6784.0,1.13426,0.9767809999999999,ROU,UKR,830249
4429396,186,228,8734,2020,239416.0,200412.0,0.373882,0.42102700000000004,RUS,UKR,830249
4429397,192,228,8734,2020,9322.0,0.0,1.948379,0.610574,SGP,UKR,830249
4429398,201,228,8734,2020,7952.0,0.0,0.5868399999999999,1.1187120000000002,SRB,UKR,830249
4429399,206,228,8734,2020,64892.0,2805.0,1.338026,0.825268,SVK,UKR,830249
4429400,207,228,8734,2020,14873.0,4387.0,1.570699,0.8442459999999999,SVN,UKR,830249
4429401,208,228,8734,2020,6536.0,20981.0,1.6911310000000002,0.791586,SWE,UKR,830249
4429402,216,228,8734,2020,93598.0,0.0,1.035524,1.2777180000000001,THA,UKR,830249
4429403,219,228,8734,2020,2107.0,0.0,-0.949525,-1.147622,TKM,UKR,830249
4429404,224,228,8734,2020,378266.0,1924.0,0.590472,2.619866,TUR,UKR,830249
4429405,231,228,8734,2020,103748.0,17258.0,1.588148,0.380904,USA,UKR,830249
4429406,239,228,8734,2020,34615.0,0.0,0.034229,0.89099,VNM,UKR,830249
4429407,246,228,8734,2020,1079.0,0.0,0.042099,0.923931,ZAF,UKR,830249
4429408,249,228,8734,2020,120449.0,0.0,2.0517060000000003,1.205431,TWN,UKR,830249
4429409,7,232,8734,2020,1973.0,0.0,-0.118349,-0.789485,ARE,UZB,830249
4429410,15,232,8734,2020,13060.0,0.0,1.6711310000000001,0.059096,AUT,UZB,830249
4429411,28,232,8734,2020,1674.0,0.0,0.858776,1.085652,BLR,UZB,830249
4429412,43,232,8734,2020,378457.0,0.0,1.187837,1.2237770000000001,CHN,UZB,830249
4429413,59,232,8734,2020,7911.0,0.0,1.716646,0.602441,CZE,UZB,830249
4429414,61,232,8734,2020,51196.0,8208.0,2.027494,-2.3646689999999997,DEU,UZB,830249
4429415,77,232,8734,2020,4590.0,0.0,1.341275,0.8991870000000001,FRA,UZB,830249
4429416,97,232,8734,2020,22093.0,0.0,1.070483,1.183618,HKG,UZB,830249
4429417,104,232,8734,2020,1149.0,0.0,0.464674,2.838779,IND,UZB,830249
4429418,111,232,8734,2020,20207.0,0.0,1.299017,0.701797,ITA,UZB,830249
4429419,114,232,8734,2020,1435.0,0.0,2.405659,-0.38169000000000003,JPN,UZB,830249
4429420,115,232,8734,2020,1364.0,0.0,-0.48361899999999997,-0.626675,KAZ,UZB,830249
4429421,117,232,8734,2020,1269.0,153689.0,-0.117317,0.36644,KGZ,UZB,830249
4429422,121,232,8734,2020,22839.0,0.0,1.9703950000000001,0.800826,KOR,UZB,830249
4429423,130,232,8734,2020,40019.0,0.0,0.9772870000000001,1.291244,LTU,UZB,830249
4429424,162,232,8734,2020,9680.0,0.0,1.035951,1.559401,NLD,UZB,830249
4429425,186,232,8734,2020,49942.0,0.0,0.373882,0.42102700000000004,RUS,UZB,830249
4429426,224,232,8734,2020,456364.0,0.0,0.590472,2.619866,TUR,UZB,830249
4429427,231,232,8734,2020,7404.0,0.0,1.588148,0.380904,USA,UZB,830249
4429428,7,19,8734,2020,6994.0,0.0,-0.118349,-0.789485,ARE,BEN,830249
4429429,18,19,8734,2020,36199.0,0.0,1.204632,1.278346,BEL,BEN,830249
4429430,43,19,8734,2020,138093.0,0.0,1.187837,1.2237770000000001,CHN,BEN,830249
4429431,71,19,8734,2020,1208.0,0.0,0.736657,2.731661,ESP,BEN,830249
4429432,77,19,8734,2020,3614.0,0.0,1.341275,0.8991870000000001,FRA,BEN,830249
4429433,124,19,8734,2020,1503.0,0.0,0.35459,1.067965,LBN,BEN,830249
4429434,159,19,8734,2020,621.0,0.0,-1.6399299999999999,-1.19536,NGA,BEN,830249
4429435,192,19,8734,2020,6586.0,0.0,1.948379,0.610574,SGP,BEN,830249
4429436,223,19,8734,2020,8239.0,0.0,0.220298,0.454477,TUN,BEN,830249
4429437,231,19,8734,2020,2725.0,0.0,1.588148,0.380904,USA,BEN,830249
4429438,7,21,8734,2020,2558.0,0.0,-0.118349,-0.789485,ARE,BFA,830249
4429439,14,21,8734,2020,2482.0,0.0,-0.32910500000000004,-0.232963,AUS,BFA,830249
4429440,18,21,8734,2020,9544.0,0.0,1.204632,1.278346,BEL,BFA,830249
4429441,43,21,8734,2020,5084.0,0.0,1.187837,1.2237770000000001,CHN,BFA,830249
4429442,44,21,8734,2020,1172.0,0.0,-1.2299200000000001,-1.095777,CIV,BFA,830249
4429443,59,21,8734,2020,3999.0,0.0,1.716646,0.602441,CZE,BFA,830249
4429444,61,21,8734,2020,1228.0,0.0,2.027494,-2.3646689999999997,DEU,BFA,830249
4429445,74,21,8734,2020,4932.0,0.0,1.498089,1.066223,FIN,BFA,830249
4429446,77,21,8734,2020,4848.0,7374.0,1.341275,0.8991870000000001,FRA,BFA,830249
4429447,81,21,8734,2020,775.0,0.0,1.6459,0.7702640000000001,GBR,BFA,830249
4429448,104,21,8734,2020,1883.0,0.0,0.464674,2.838779,IND,BFA,830249
4429449,111,21,8734,2020,733.0,0.0,1.299017,0.701797,ITA,BFA,830249
4429450,124,21,8734,2020,1571.0,0.0,0.35459,1.067965,LBN,BFA,830249
4429451,134,21,8734,2020,4527.0,0.0,-0.5208510000000001,-0.080499,MAR,BFA,830249
4429452,138,21,8734,2020,1617.0,0.0,0.974514,0.563643,MEX,BFA,830249
4429453,141,21,8734,2020,2069.0,0.0,-1.309505,-1.1745079999999999,MLI,BFA,830249
4429454,162,21,8734,2020,3369.0,0.0,1.035951,1.559401,NLD,BFA,830249
4429455,224,21,8734,2020,2818.0,0.0,0.590472,2.619866,TUR,BFA,830249
4429456,231,21,8734,2020,8123.0,0.0,1.588148,0.380904,USA,BFA,830249
4429457,246,21,8734,2020,4864.0,0.0,0.042099,0.923931,ZAF,BFA,830249
4429458,249,21,8734,2020,2532.0,0.0,2.0517060000000003,1.205431,TWN,BFA,830249
4429459,4,26,8734,2020,0.0,5530.0,-0.265229,0.059049000000000004,ALB,BIH,830249
4429460,7,26,8734,2020,0.0,8954.0,-0.118349,-0.789485,ARE,BIH,830249
4429461,14,26,8734,2020,0.0,1912.0,-0.32910500000000004,-0.232963,AUS,BIH,830249
4429462,15,26,8734,2020,108298.0,30681.0,1.6711310000000001,0.059096,AUT,BIH,830249
4429463,18,26,8734,2020,9244.0,6517.0,1.204632,1.278346,BEL,BIH,830249
4429464,41,26,8734,2020,1402.0,13634.0,2.184038,0.900965,CHE,BIH,830249
4429465,43,26,8734,2020,1751.0,5731.0,1.187837,1.2237770000000001,CHN,BIH,830249
4429466,59,26,8734,2020,32019.0,16208.0,1.716646,0.602441,CZE,BIH,830249
4429467,61,26,8734,2020,403393.0,806144.0,2.027494,-2.3646689999999997,DEU,BIH,830249
4429468,64,26,8734,2020,1266.0,0.0,1.093217,1.2166549999999998,DNK,BIH,830249
4429469,71,26,8734,2020,39090.0,0.0,0.736657,2.731661,ESP,BIH,830249
4429470,72,26,8734,2020,1241.0,0.0,1.012385,1.305015,EST,BIH,830249
4429471,77,26,8734,2020,0.0,2307.0,1.341275,0.8991870000000001,FRA,BIH,830249
4429472,81,26,8734,2020,1919.0,0.0,1.6459,0.7702640000000001,GBR,BIH,830249
4429473,90,26,8734,2020,863.0,0.0,0.199011,1.087811,GRC,BIH,830249
4429474,100,26,8734,2020,244890.0,188563.0,0.876001,1.250877,HRV,BIH,830249
4429475,102,26,8734,2020,0.0,1437.0,1.393152,0.878916,HUN,BIH,830249
4429476,111,26,8734,2020,460485.0,9323.0,1.299017,0.701797,ITA,BIH,830249
4429477,126,26,8734,2020,0.0,34335.0,-1.0431840000000001,-1.187957,LBY,BIH,830249
4429478,130,26,8734,2020,3054.0,0.0,0.9772870000000001,1.291244,LTU,BIH,830249
4429479,140,26,8734,2020,0.0,4308.0,0.147947,-0.11116500000000001,MKD,BIH,830249
4429480,144,26,8734,2020,0.0,112716.0,0.355595,0.140822,MNE,BIH,830249
4429481,162,26,8734,2020,1745.0,29599.0,1.035951,1.559401,NLD,BIH,830249
4429482,177,26,8734,2020,34698.0,78036.0,1.0227979999999999,1.4079139999999999,POL,BIH,830249
4429483,179,26,8734,2020,768.0,0.0,0.656999,2.1136470000000003,PRT,BIH,830249
4429484,185,26,8734,2020,1359.0,0.0,1.13426,0.9767809999999999,ROU,BIH,830249
4429485,186,26,8734,2020,1303.0,4718.0,0.373882,0.42102700000000004,RUS,BIH,830249
4429486,201,26,8734,2020,88888.0,253301.0,0.5868399999999999,1.1187120000000002,SRB,BIH,830249
4429487,206,26,8734,2020,4453.0,2132.0,1.338026,0.825268,SVK,BIH,830249
4429488,207,26,8734,2020,57528.0,26485.0,1.570699,0.8442459999999999,SVN,BIH,830249
4429489,208,26,8734,2020,995.0,0.0,1.6911310000000002,0.791586,SWE,BIH,830249
4429490,216,26,8734,2020,0.0,22567.0,1.035524,1.2777180000000001,THA,BIH,830249
4429491,224,26,8734,2020,301069.0,26165.0,0.590472,2.619866,TUR,BIH,830249
4429492,228,26,8734,2020,7032.0,2278.0,0.383736,0.531328,UKR,BIH,830249
4429493,231,26,8734,2020,4720.0,146010.0,1.588148,0.380904,USA,BIH,830249
4429494,249,26,8734,2020,2744.0,0.0,2.0517060000000003,1.205431,TWN,BIH,830249
4429495,8,31,8734,2020,1511.0,0.0,-0.14746199999999998,0.039795,ARG,BOL,830249
4429496,32,31,8734,2020,23904.0,0.0,0.054622000000000004,0.532291,BRA,BOL,830249
4429497,42,31,8734,2020,7174.0,0.0,-0.307923,-0.565983,CHL,BOL,830249
4429498,43,31,8734,2020,19546.0,0.0,1.187837,1.2237770000000001,CHN,BOL,830249
4429499,49,31,8734,2020,198680.0,0.0,0.115954,0.104558,COL,BOL,830249
4429500,61,31,8734,2020,3261.0,0.0,2.027494,-2.3646689999999997,DEU,BOL,830249
4429501,71,31,8734,2020,9846.0,0.0,0.736657,2.731661,ESP,BOL,830249
4429502,81,31,8734,2020,1208.0,0.0,1.6459,0.7702640000000001,GBR,BOL,830249
4429503,97,31,8734,2020,3498.0,0.0,1.070483,1.183618,HKG,BOL,830249
4429504,104,31,8734,2020,2619.0,0.0,0.464674,2.838779,IND,BOL,830249
4429505,111,31,8734,2020,109551.0,0.0,1.299017,0.701797,ITA,BOL,830249
4429506,138,31,8734,2020,752.0,0.0,0.974514,0.563643,MEX,BOL,830249
4429507,162,31,8734,2020,1507.0,0.0,1.035951,1.559401,NLD,BOL,830249
4429508,177,31,8734,2020,855.0,0.0,1.0227979999999999,1.4079139999999999,POL,BOL,830249
4429509,179,31,8734,2020,28665.0,0.0,0.656999,2.1136470000000003,PRT,BOL,830249
4429510,224,31,8734,2020,4169.0,0.0,0.590472,2.619866,TUR,BOL,830249
4429511,230,31,8734,2020,2512.0,0.0,-0.127375,-0.449032,URY,BOL,830249
4429512,231,31,8734,2020,12150.0,0.0,1.588148,0.380904,USA,BOL,830249
4429513,249,31,8734,2020,1132.0,0.0,2.0517060000000003,1.205431,TWN,BOL,830249
4429514,14,37,8734,2020,181400.0,0.0,-0.32910500000000004,-0.232963,AUS,BWA,830249
4429515,43,37,8734,2020,110807.0,0.0,1.187837,1.2237770000000001,CHN,BWA,830249
4429516,155,37,8734,2020,1017.0,21911.0,-0.664967,-0.74835,NAM,BWA,830249
4429517,162,37,8734,2020,0.0,872.0,1.035951,1.559401,NLD,BWA,830249
4429518,231,37,8734,2020,5599.0,0.0,1.588148,0.380904,USA,BWA,830249
4429519,246,37,8734,2020,1436723.0,4744.0,0.042099,0.923931,ZAF,BWA,830249
4429520,248,37,8734,2020,6938.0,3544.0,-1.039532,-1.12853,ZWE,BWA,830249
4429521,7,46,8734,2020,38062.0,0.0,-0.118349,-0.789485,ARE,COD,830249
4429522,18,46,8734,2020,9440.0,0.0,1.204632,1.278346,BEL,COD,830249
4429523,43,46,8734,2020,238725.0,0.0,1.187837,1.2237770000000001,CHN,COD,830249
4429524,61,46,8734,2020,2007.0,0.0,2.027494,-2.3646689999999997,DEU,COD,830249
4429525,71,46,8734,2020,921.0,0.0,0.736657,2.731661,ESP,COD,830249
4429526,74,46,8734,2020,562.0,0.0,1.498089,1.066223,FIN,COD,830249
4429527,104,46,8734,2020,2813.0,0.0,0.464674,2.838779,IND,COD,830249
4429528,111,46,8734,2020,4949.0,0.0,1.299017,0.701797,ITA,COD,830249
4429529,124,46,8734,2020,4986.0,0.0,0.35459,1.067965,LBN,COD,830249
4429530,162,46,8734,2020,2296.0,0.0,1.035951,1.559401,NLD,COD,830249
4429531,179,46,8734,2020,2162.0,0.0,0.656999,2.1136470000000003,PRT,COD,830249
4429532,231,46,8734,2020,930.0,0.0,1.588148,0.380904,USA,COD,830249
4429533,246,46,8734,2020,107389.0,0.0,0.042099,0.923931,ZAF,COD,830249
4429534,247,46,8734,2020,838.0,0.0,-0.9162379999999999,-0.9523940000000001,ZMB,COD,830249
4429535,7,47,8734,2020,6329.0,0.0,-0.118349,-0.789485,ARE,COG,830249
4429536,39,47,8734,2020,0.0,1012.0,0.609267,1.1890479999999999,CAN,COG,830249
4429537,43,47,8734,2020,47076.0,0.0,1.187837,1.2237770000000001,CHN,COG,830249
4429538,61,47,8734,2020,4178.0,0.0,2.027494,-2.3646689999999997,DEU,COG,830249
4429539,77,47,8734,2020,34745.0,0.0,1.341275,0.8991870000000001,FRA,COG,830249
4429540,81,47,8734,2020,2382.0,0.0,1.6459,0.7702640000000001,GBR,COG,830249
4429541,124,47,8734,2020,274477.0,0.0,0.35459,1.067965,LBN,COG,830249
4429542,153,47,8734,2020,43634.0,0.0,1.185223,0.573439,MYS,COG,830249
4429543,162,47,8734,2020,1797.0,0.0,1.035951,1.559401,NLD,COG,830249
4429544,179,47,8734,2020,3086.0,0.0,0.656999,2.1136470000000003,PRT,COG,830249
4429545,43,51,8734,2020,6897.0,0.0,1.187837,1.2237770000000001,CHN,CPV,830249
4429546,71,51,8734,2020,61045.0,0.0,0.736657,2.731661,ESP,CPV,830249
4429547,111,51,8734,2020,1599.0,0.0,1.299017,0.701797,ITA,CPV,830249
4429548,179,51,8734,2020,356203.0,0.0,0.656999,2.1136470000000003,PRT,CPV,830249
4429549,7,72,8734,2020,0.0,1198.0,-0.118349,-0.789485,ARE,EST,830249
4429550,14,72,8734,2020,0.0,1156.0,-0.32910500000000004,-0.232963,AUS,EST,830249
4429551,15,72,8734,2020,7958.0,2143.0,1.6711310000000001,0.059096,AUT,EST,830249
4429552,18,72,8734,2020,82795.0,39139.0,1.204632,1.278346,BEL,EST,830249
4429553,23,72,8734,2020,0.0,4481.0,0.6328520000000001,1.8517009999999998,BGR,EST,830249
4429554,26,72,8734,2020,0.0,1241.0,0.5449470000000001,0.91781,BIH,EST,830249
4429555,28,72,8734,2020,0.0,936.0,0.858776,1.085652,BLR,EST,830249
4429556,32,72,8734,2020,0.0,7309.0,0.054622000000000004,0.532291,BRA,EST,830249
4429557,39,72,8734,2020,41452.0,13428.0,0.609267,1.1890479999999999,CAN,EST,830249
4429558,41,72,8734,2020,11971.0,3288.0,2.184038,0.900965,CHE,EST,830249
4429559,43,72,8734,2020,284244.0,3043.0,1.187837,1.2237770000000001,CHN,EST,830249
4429560,59,72,8734,2020,37715.0,0.0,1.716646,0.602441,CZE,EST,830249
4429561,61,72,8734,2020,697283.0,25200.0,2.027494,-2.3646689999999997,DEU,EST,830249
4429562,64,72,8734,2020,58491.0,46371.0,1.093217,1.2166549999999998,DNK,EST,830249
4429563,68,72,8734,2020,0.0,885.0,-0.186095,1.6414330000000001,EGY,EST,830249
4429564,71,72,8734,2020,20719.0,0.0,0.736657,2.731661,ESP,EST,830249
4429565,74,72,8734,2020,309069.0,218887.0,1.498089,1.066223,FIN,EST,830249
4429566,77,72,8734,2020,71591.0,0.0,1.341275,0.8991870000000001,FRA,EST,830249
4429567,81,72,8734,2020,72221.0,3337.0,1.6459,0.7702640000000001,GBR,EST,830249
4429568,82,72,8734,2020,0.0,990.0,-0.199775,-0.38684,GEO,EST,830249
4429569,90,72,8734,2020,903.0,0.0,0.199011,1.087811,GRC,EST,830249
4429570,102,72,8734,2020,6178.0,3582.0,1.393152,0.878916,HUN,EST,830249
4429571,104,72,8734,2020,13811.0,1275.0,0.464674,2.838779,IND,EST,830249
4429572,106,72,8734,2020,1276.0,3866.0,1.337791,-0.20829699999999998,IRL,EST,830249
4429573,109,72,8734,2020,0.0,40076.0,0.27161399999999997,-0.17819200000000002,ISL,EST,830249
4429574,110,72,8734,2020,4361.0,8053.0,1.487557,0.8370920000000001,ISR,EST,830249
4429575,111,72,8734,2020,499332.0,0.0,1.299017,0.701797,ITA,EST,830249
4429576,114,72,8734,2020,35103.0,8147.0,2.405659,-0.38169000000000003,JPN,EST,830249
4429577,122,72,8734,2020,0.0,3343.0,-0.072977,-1.090017,KWT,EST,830249
4429578,130,72,8734,2020,409171.0,108480.0,0.9772870000000001,1.291244,LTU,EST,830249
4429579,132,72,8734,2020,46454.0,84598.0,0.712901,1.119907,LVA,EST,830249
4429580,138,72,8734,2020,0.0,1642.0,0.974514,0.563643,MEX,EST,830249
4429581,142,72,8734,2020,0.0,6577.0,0.9159309999999999,0.24442199999999997,MLT,EST,830249
4429582,153,72,8734,2020,45725.0,8749.0,1.185223,0.573439,MYS,EST,830249
4429583,162,72,8734,2020,109259.0,596659.0,1.035951,1.559401,NLD,EST,830249
4429584,163,72,8734,2020,69165.0,33112.0,0.793459,0.369766,NOR,EST,830249
4429585,166,72,8734,2020,0.0,1005.0,0.145567,0.070121,NZL,EST,830249
4429586,177,72,8734,2020,174082.0,4803.0,1.0227979999999999,1.4079139999999999,POL,EST,830249
4429587,179,72,8734,2020,3021.0,0.0,0.656999,2.1136470000000003,PRT,EST,830249
4429588,185,72,8734,2020,948.0,0.0,1.13426,0.9767809999999999,ROU,EST,830249
4429589,186,72,8734,2020,36283.0,520178.0,0.373882,0.42102700000000004,RUS,EST,830249
4429590,192,72,8734,2020,0.0,1952.0,1.948379,0.610574,SGP,EST,830249
4429591,206,72,8734,2020,0.0,1241.0,1.338026,0.825268,SVK,EST,830249
4429592,208,72,8734,2020,904586.0,185499.0,1.6911310000000002,0.791586,SWE,EST,830249
4429593,224,72,8734,2020,7128.0,6152.0,0.590472,2.619866,TUR,EST,830249
4429594,228,72,8734,2020,376722.0,7432.0,0.383736,0.531328,UKR,EST,830249
4429595,231,72,8734,2020,31488.0,256581.0,1.588148,0.380904,USA,EST,830249
4429596,239,72,8734,2020,0.0,5884.0,0.034229,0.89099,VNM,EST,830249
4429597,249,72,8734,2020,52968.0,6425.0,2.0517060000000003,1.205431,TWN,EST,830249
4429598,250,72,8734,2020,652463.0,0.0,0.866041,-0.371104,ANS,EST,830249
4429599,7,73,8734,2020,48137.0,0.0,-0.118349,-0.789485,ARE,ETH,830249
4429600,18,73,8734,2020,1843.0,0.0,1.204632,1.278346,BEL,ETH,830249
4429601,39,73,8734,2020,56429.0,0.0,0.609267,1.1890479999999999,CAN,ETH,830249
4429602,43,73,8734,2020,979856.0,0.0,1.187837,1.2237770000000001,CHN,ETH,830249
4429603,59,73,8734,2020,0.0,53109.0,1.716646,0.602441,CZE,ETH,830249
4429604,61,73,8734,2020,18952.0,2742.0,2.027494,-2.3646689999999997,DEU,ETH,830249
4429605,64,73,8734,2020,1456.0,0.0,1.093217,1.2166549999999998,DNK,ETH,830249
4429606,71,73,8734,2020,4294.0,0.0,0.736657,2.731661,ESP,ETH,830249
4429607,77,73,8734,2020,4501.0,0.0,1.341275,0.8991870000000001,FRA,ETH,830249
4429608,81,73,8734,2020,297335.0,0.0,1.6459,0.7702640000000001,GBR,ETH,830249
4429609,90,73,8734,2020,2827.0,0.0,0.199011,1.087811,GRC,ETH,830249
4429610,104,73,8734,2020,3412.0,0.0,0.464674,2.838779,IND,ETH,830249
4429611,110,73,8734,2020,6077.0,0.0,1.487557,0.8370920000000001,ISR,ETH,830249
4429612,111,73,8734,2020,16024.0,0.0,1.299017,0.701797,ITA,ETH,830249
4429613,114,73,8734,2020,21574.0,0.0,2.405659,-0.38169000000000003,JPN,ETH,830249
4429614,116,73,8734,2020,1417.0,0.0,-0.496446,0.562476,KEN,ETH,830249
4429615,153,73,8734,2020,484.0,0.0,1.185223,0.573439,MYS,ETH,830249
4429616,159,73,8734,2020,0.0,5362.0,-1.6399299999999999,-1.19536,NGA,ETH,830249
4429617,162,73,8734,2020,1249.0,0.0,1.035951,1.559401,NLD,ETH,830249
4429618,188,73,8734,2020,16378.0,0.0,0.662925,-0.21661999999999998,SAU,ETH,830249
4429619,192,73,8734,2020,1515.0,0.0,1.948379,0.610574,SGP,ETH,830249
4429620,224,73,8734,2020,2615.0,0.0,0.590472,2.619866,TUR,ETH,830249
4429621,231,73,8734,2020,453114.0,0.0,1.588148,0.380904,USA,ETH,830249
4429622,249,73,8734,2020,1813.0,0.0,2.0517060000000003,1.205431,TWN,ETH,830249
4429623,43,129,8734,2020,22420.0,0.0,1.187837,1.2237770000000001,CHN,LSO,830249
4429624,246,129,8734,2020,176461.0,0.0,0.042099,0.923931,ZAF,LSO,830249
4429625,7,134,8734,2020,29049.0,12737.0,-0.118349,-0.789485,ARE,MAR,830249
4429626,14,134,8734,2020,1094.0,0.0,-0.32910500000000004,-0.232963,AUS,MAR,830249
4429627,15,134,8734,2020,1879.0,0.0,1.6711310000000001,0.059096,AUT,MAR,830249
4429628,18,134,8734,2020,7016.0,3161.0,1.204632,1.278346,BEL,MAR,830249
4429629,21,134,8734,2020,0.0,4527.0,-0.7634310000000001,-0.938997,BFA,MAR,830249
4429630,23,134,8734,2020,1936.0,0.0,0.6328520000000001,1.8517009999999998,BGR,MAR,830249
4429631,39,134,8734,2020,0.0,79955.0,0.609267,1.1890479999999999,CAN,MAR,830249
4429632,41,134,8734,2020,10760.0,943.0,2.184038,0.900965,CHE,MAR,830249
4429633,43,134,8734,2020,1270904.0,3465.0,1.187837,1.2237770000000001,CHN,MAR,830249
4429634,44,134,8734,2020,0.0,1570.0,-1.2299200000000001,-1.095777,CIV,MAR,830249
4429635,45,134,8734,2020,0.0,1770.0,-1.379365,-1.177022,CMR,MAR,830249
4429636,59,134,8734,2020,2178.0,0.0,1.716646,0.602441,CZE,MAR,830249
4429637,61,134,8734,2020,50511.0,0.0,2.027494,-2.3646689999999997,DEU,MAR,830249
4429638,64,134,8734,2020,2643.0,0.0,1.093217,1.2166549999999998,DNK,MAR,830249
4429639,71,134,8734,2020,6739004.0,11162.0,0.736657,2.731661,ESP,MAR,830249
4429640,74,134,8734,2020,11038.0,0.0,1.498089,1.066223,FIN,MAR,830249
4429641,77,134,8734,2020,10333112.0,5667919.0,1.341275,0.8991870000000001,FRA,MAR,830249
4429642,80,134,8734,2020,0.0,1140.0,-1.6422990000000002,-1.207249,GAB,MAR,830249
4429643,81,134,8734,2020,197467.0,354699.0,1.6459,0.7702640000000001,GBR,MAR,830249
4429644,90,134,8734,2020,29114.0,0.0,0.199011,1.087811,GRC,MAR,830249
4429645,102,134,8734,2020,3186.0,0.0,1.393152,0.878916,HUN,MAR,830249
4429646,104,134,8734,2020,9367.0,0.0,0.464674,2.838779,IND,MAR,830249
4429647,111,134,8734,2020,529466.0,5311.0,1.299017,0.701797,ITA,MAR,830249
4429648,114,134,8734,2020,7014.0,0.0,2.405659,-0.38169000000000003,JPN,MAR,830249
4429649,121,134,8734,2020,2057.0,0.0,1.9703950000000001,0.800826,KOR,MAR,830249
4429650,141,134,8734,2020,0.0,49638.0,-1.309505,-1.1745079999999999,MLI,MAR,830249
4429651,148,134,8734,2020,0.0,3793.0,-1.400894,-1.27631,MRT,MAR,830249
4429652,162,134,8734,2020,11858.0,0.0,1.035951,1.559401,NLD,MAR,830249
4429653,163,134,8734,2020,0.0,1014.0,0.793459,0.369766,NOR,MAR,830249
4429654,177,134,8734,2020,13794.0,0.0,1.0227979999999999,1.4079139999999999,POL,MAR,830249
4429655,179,134,8734,2020,163036.0,0.0,0.656999,2.1136470000000003,PRT,MAR,830249
4429656,185,134,8734,2020,9849.0,7217.0,1.13426,0.9767809999999999,ROU,MAR,830249
4429657,186,134,8734,2020,0.0,95433.0,0.373882,0.42102700000000004,RUS,MAR,830249
4429658,191,134,8734,2020,0.0,98035.0,-0.634185,-0.398728,SEN,MAR,830249
4429659,192,134,8734,2020,1519.0,0.0,1.948379,0.610574,SGP,MAR,830249
4429660,201,134,8734,2020,1162.0,0.0,0.5868399999999999,1.1187120000000002,SRB,MAR,830249
4429661,206,134,8734,2020,960.0,0.0,1.338026,0.825268,SVK,MAR,830249
4429662,208,134,8734,2020,1523.0,0.0,1.6911310000000002,0.791586,SWE,MAR,830249
4429663,216,134,8734,2020,0.0,3719.0,1.035524,1.2777180000000001,THA,MAR,830249
4429664,223,134,8734,2020,1524.0,0.0,0.220298,0.454477,TUN,MAR,830249
4429665,224,134,8734,2020,452405.0,0.0,0.590472,2.619866,TUR,MAR,830249
4429666,228,134,8734,2020,18353.0,0.0,0.383736,0.531328,UKR,MAR,830249
4429667,231,134,8734,2020,4857668.0,101009.0,1.588148,0.380904,USA,MAR,830249
4429668,239,134,8734,2020,5298.0,0.0,0.034229,0.89099,VNM,MAR,830249
4429669,249,134,8734,2020,11173.0,0.0,2.0517060000000003,1.205431,TWN,MAR,830249
4429670,7,142,8734,2020,1099.0,0.0,-0.118349,-0.789485,ARE,MLT,830249
4429671,18,142,8734,2020,7304.0,0.0,1.204632,1.278346,BEL,MLT,830249
4429672,23,142,8734,2020,2198.0,0.0,0.6328520000000001,1.8517009999999998,BGR,MLT,830249
4429673,39,142,8734,2020,1906.0,0.0,0.609267,1.1890479999999999,CAN,MLT,830249
4429674,41,142,8734,2020,23072.0,0.0,2.184038,0.900965,CHE,MLT,830249
4429675,43,142,8734,2020,1049334.0,0.0,1.187837,1.2237770000000001,CHN,MLT,830249
4429676,58,142,8734,2020,3278.0,0.0,0.5354760000000001,-0.069753,CYP,MLT,830249
4429677,59,142,8734,2020,10309.0,0.0,1.716646,0.602441,CZE,MLT,830249
4429678,61,142,8734,2020,299767.0,0.0,2.027494,-2.3646689999999997,DEU,MLT,830249
4429679,64,142,8734,2020,38166.0,0.0,1.093217,1.2166549999999998,DNK,MLT,830249
4429680,71,142,8734,2020,54538.0,0.0,0.736657,2.731661,ESP,MLT,830249
4429681,72,142,8734,2020,6577.0,0.0,1.012385,1.305015,EST,MLT,830249
4429682,77,142,8734,2020,169146.0,0.0,1.341275,0.8991870000000001,FRA,MLT,830249
4429683,81,142,8734,2020,92687.0,0.0,1.6459,0.7702640000000001,GBR,MLT,830249
4429684,90,142,8734,2020,79091.0,0.0,0.199011,1.087811,GRC,MLT,830249
4429685,97,142,8734,2020,11118.0,0.0,1.070483,1.183618,HKG,MLT,830249
4429686,102,142,8734,2020,0.0,1931.0,1.393152,0.878916,HUN,MLT,830249
4429687,104,142,8734,2020,13948.0,0.0,0.464674,2.838779,IND,MLT,830249
4429688,110,142,8734,2020,16353.0,0.0,1.487557,0.8370920000000001,ISR,MLT,830249
4429689,111,142,8734,2020,290852.0,0.0,1.299017,0.701797,ITA,MLT,830249
4429690,114,142,8734,2020,2152.0,0.0,2.405659,-0.38169000000000003,JPN,MLT,830249
4429691,162,142,8734,2020,33685.0,0.0,1.035951,1.559401,NLD,MLT,830249
4429692,177,142,8734,2020,17066.0,0.0,1.0227979999999999,1.4079139999999999,POL,MLT,830249
4429693,179,142,8734,2020,30702.0,0.0,0.656999,2.1136470000000003,PRT,MLT,830249
4429694,192,142,8734,2020,42900.0,0.0,1.948379,0.610574,SGP,MLT,830249
4429695,224,142,8734,2020,65182.0,0.0,0.590472,2.619866,TUR,MLT,830249
4429696,231,142,8734,2020,59554.0,1869.0,1.588148,0.380904,USA,MLT,830249
4429697,7,148,8734,2020,921.0,0.0,-0.118349,-0.789485,ARE,MRT,830249
4429698,18,148,8734,2020,3183.0,0.0,1.204632,1.278346,BEL,MRT,830249
4429699,43,148,8734,2020,2077.0,0.0,1.187837,1.2237770000000001,CHN,MRT,830249
4429700,71,148,8734,2020,102491.0,0.0,0.736657,2.731661,ESP,MRT,830249
4429701,77,148,8734,2020,4372.0,0.0,1.341275,0.8991870000000001,FRA,MRT,830249
4429702,124,148,8734,2020,1716.0,0.0,0.35459,1.067965,LBN,MRT,830249
4429703,134,148,8734,2020,3793.0,0.0,-0.5208510000000001,-0.080499,MAR,MRT,830249
4429704,141,148,8734,2020,4101.0,0.0,-1.309505,-1.1745079999999999,MLI,MRT,830249
4429705,179,148,8734,2020,15860.0,0.0,0.656999,2.1136470000000003,PRT,MRT,830249
4429706,224,148,8734,2020,48571.0,0.0,0.590472,2.619866,TUR,MRT,830249
4429707,231,148,8734,2020,15584.0,0.0,1.588148,0.380904,USA,MRT,830249
4429708,7,151,8734,2020,7784.0,0.0,-0.118349,-0.789485,ARE,MUS,830249
4429709,14,151,8734,2020,1478.0,0.0,-0.32910500000000004,-0.232963,AUS,MUS,830249
4429710,18,151,8734,2020,1244.0,0.0,1.204632,1.278346,BEL,MUS,830249
4429711,32,151,8734,2020,1468.0,0.0,0.054622000000000004,0.532291,BRA,MUS,830249
4429712,39,151,8734,2020,1954.0,0.0,0.609267,1.1890479999999999,CAN,MUS,830249
4429713,43,151,8734,2020,277998.0,0.0,1.187837,1.2237770000000001,CHN,MUS,830249
4429714,61,151,8734,2020,10081.0,0.0,2.027494,-2.3646689999999997,DEU,MUS,830249
4429715,71,151,8734,2020,6705.0,0.0,0.736657,2.731661,ESP,MUS,830249
4429716,77,151,8734,2020,12887.0,8171.0,1.341275,0.8991870000000001,FRA,MUS,830249
4429717,81,151,8734,2020,22287.0,0.0,1.6459,0.7702640000000001,GBR,MUS,830249
4429718,90,151,8734,2020,1825.0,0.0,0.199011,1.087811,GRC,MUS,830249
4429719,97,151,8734,2020,6765.0,0.0,1.070483,1.183618,HKG,MUS,830249
4429720,103,151,8734,2020,3309.0,0.0,-0.16761700000000002,1.571009,IDN,MUS,830249
4429721,104,151,8734,2020,15414.0,0.0,0.464674,2.838779,IND,MUS,830249
4429722,110,151,8734,2020,18654.0,0.0,1.487557,0.8370920000000001,ISR,MUS,830249
4429723,111,151,8734,2020,11404.0,0.0,1.299017,0.701797,ITA,MUS,830249
4429724,114,151,8734,2020,9231.0,0.0,2.405659,-0.38169000000000003,JPN,MUS,830249
4429725,121,151,8734,2020,1170.0,0.0,1.9703950000000001,0.800826,KOR,MUS,830249
4429726,136,151,8734,2020,0.0,950.0,-1.206503,-0.709465,MDG,MUS,830249
4429727,153,151,8734,2020,5369.0,0.0,1.185223,0.573439,MYS,MUS,830249
4429728,162,151,8734,2020,3445.0,0.0,1.035951,1.559401,NLD,MUS,830249
4429729,177,151,8734,2020,2541.0,0.0,1.0227979999999999,1.4079139999999999,POL,MUS,830249
4429730,179,151,8734,2020,14408.0,0.0,0.656999,2.1136470000000003,PRT,MUS,830249
4429731,192,151,8734,2020,913.0,0.0,1.948379,0.610574,SGP,MUS,830249
4429732,208,151,8734,2020,1108.0,0.0,1.6911310000000002,0.791586,SWE,MUS,830249
4429733,211,151,8734,2020,0.0,6104.0,0.185747,-0.695441,SYC,MUS,830249
4429734,216,151,8734,2020,4205.0,0.0,1.035524,1.2777180000000001,THA,MUS,830249
4429735,224,151,8734,2020,6380.0,0.0,0.590472,2.619866,TUR,MUS,830249
4429736,231,151,8734,2020,22567.0,0.0,1.588148,0.380904,USA,MUS,830249
4429737,246,151,8734,2020,109673.0,6206.0,0.042099,0.923931,ZAF,MUS,830249
4429738,248,151,8734,2020,0.0,2452.0,-1.039532,-1.12853,ZWE,MUS,830249
4429739,249,151,8734,2020,36847.0,0.0,2.0517060000000003,1.205431,TWN,MUS,830249
4429740,7,152,8734,2020,9871.0,0.0,-0.118349,-0.789485,ARE,MWI,830249
4429741,43,152,8734,2020,10771.0,0.0,1.187837,1.2237770000000001,CHN,MWI,830249
4429742,81,152,8734,2020,8208.0,0.0,1.6459,0.7702640000000001,GBR,MWI,830249
4429743,97,152,8734,2020,925.0,0.0,1.070483,1.183618,HKG,MWI,830249
4429744,104,152,8734,2020,32716.0,0.0,0.464674,2.838779,IND,MWI,830249
4429745,124,152,8734,2020,2461.0,0.0,0.35459,1.067965,LBN,MWI,830249
4429746,246,152,8734,2020,148282.0,0.0,0.042099,0.923931,ZAF,MWI,830249
4429747,2,155,8734,2020,0.0,5117.0,-1.7948709999999999,-1.199555,AGO,NAM,830249
4429748,37,155,8734,2020,21911.0,1017.0,-0.8696219999999999,-1.195627,BWA,NAM,830249
4429749,43,155,8734,2020,9562.0,0.0,1.187837,1.2237770000000001,CHN,NAM,830249
4429750,61,155,8734,2020,1218.0,0.0,2.027494,-2.3646689999999997,DEU,NAM,830249
4429751,81,155,8734,2020,1911.0,0.0,1.6459,0.7702640000000001,GBR,NAM,830249
4429752,162,155,8734,2020,3311.0,0.0,1.035951,1.559401,NLD,NAM,830249
4429753,208,155,8734,2020,189.0,0.0,1.6911310000000002,0.791586,SWE,NAM,830249
4429754,231,155,8734,2020,1952.0,0.0,1.588148,0.380904,USA,NAM,830249
4429755,246,155,8734,2020,1209598.0,1734.0,0.042099,0.923931,ZAF,NAM,830249
4429756,250,155,8734,2020,2006.0,0.0,0.866041,-0.371104,ANS,NAM,830249
4429757,7,157,8734,2020,1721.0,0.0,-0.118349,-0.789485,ARE,NER,830249
4429758,14,157,8734,2020,0.0,5227.0,-0.32910500000000004,-0.232963,AUS,NER,830249
4429759,43,157,8734,2020,5040.0,0.0,1.187837,1.2237770000000001,CHN,NER,830249
4429760,77,157,8734,2020,6967.0,0.0,1.341275,0.8991870000000001,FRA,NER,830249
4429761,111,157,8734,2020,1133.0,0.0,1.299017,0.701797,ITA,NER,830249
4429762,159,157,8734,2020,2933.0,0.0,-1.6399299999999999,-1.19536,NGA,NER,830249
4429763,162,157,8734,2020,2338.0,0.0,1.035951,1.559401,NLD,NER,830249
4429764,191,157,8734,2020,0.0,6770.0,-0.634185,-0.398728,SEN,NER,830249
4429765,192,157,8734,2020,20398.0,0.0,1.948379,0.610574,SGP,NER,830249
4429766,224,157,8734,2020,2945.0,0.0,0.590472,2.619866,TUR,NER,830249
4429767,231,157,8734,2020,22287.0,0.0,1.588148,0.380904,USA,NER,830249
4429768,41,203,8734,2020,0.0,106535.0,2.184038,0.900965,CHE,STP,830249
4429769,179,203,8734,2020,63501.0,0.0,0.656999,2.1136470000000003,PRT,STP,830249
4429770,192,203,8734,2020,0.0,42869.0,1.948379,0.610574,SGP,STP,830249
4429771,43,209,8734,2020,964.0,0.0,1.187837,1.2237770000000001,CHN,SWZ,830249
4429772,104,209,8734,2020,3620.0,1111.0,0.464674,2.838779,IND,SWZ,830249
4429773,147,209,8734,2020,0.0,1311.0,-1.1186040000000002,-0.974224,MOZ,SWZ,830249
4429774,159,209,8734,2020,0.0,2706.0,-1.6399299999999999,-1.19536,NGA,SWZ,830249
4429775,246,209,8734,2020,466716.0,27797.0,0.042099,0.923931,ZAF,SWZ,830249
4429776,249,209,8734,2020,12812.0,0.0,2.0517060000000003,1.205431,TWN,SWZ,830249
4429777,7,215,8734,2020,12537.0,0.0,-0.118349,-0.789485,ARE,TGO,830249
4429778,43,215,8734,2020,597839.0,0.0,1.187837,1.2237770000000001,CHN,TGO,830249
4429779,59,215,8734,2020,2226.0,0.0,1.716646,0.602441,CZE,TGO,830249
4429780,61,215,8734,2020,1598.0,0.0,2.027494,-2.3646689999999997,DEU,TGO,830249
4429781,71,215,8734,2020,118549.0,0.0,0.736657,2.731661,ESP,TGO,830249
4429782,77,215,8734,2020,21428.0,0.0,1.341275,0.8991870000000001,FRA,TGO,830249
4429783,111,215,8734,2020,2347.0,0.0,1.299017,0.701797,ITA,TGO,830249
4429784,124,215,8734,2020,43639.0,0.0,0.35459,1.067965,LBN,TGO,830249
4429785,179,215,8734,2020,3634.0,0.0,0.656999,2.1136470000000003,PRT,TGO,830249
4429786,224,215,8734,2020,85277.0,0.0,0.590472,2.619866,TUR,TGO,830249
4429787,7,226,8734,2020,242151.0,0.0,-0.118349,-0.789485,ARE,TZA,830249
4429788,14,226,8734,2020,542944.0,0.0,-0.32910500000000004,-0.232963,AUS,TZA,830249
4429789,30,226,8734,2020,7406.0,0.0,0.6924859999999999,-0.623079,BMU,TZA,830249
4429790,39,226,8734,2020,5403.0,0.0,0.609267,1.1890479999999999,CAN,TZA,830249
4429791,43,226,8734,2020,1364129.0,0.0,1.187837,1.2237770000000001,CHN,TZA,830249
4429792,59,226,8734,2020,2071.0,2970.0,1.716646,0.602441,CZE,TZA,830249
4429793,61,226,8734,2020,5556.0,0.0,2.027494,-2.3646689999999997,DEU,TZA,830249
4429794,68,226,8734,2020,78344.0,0.0,-0.186095,1.6414330000000001,EGY,TZA,830249
4429795,71,226,8734,2020,3031.0,0.0,0.736657,2.731661,ESP,TZA,830249
4429796,74,226,8734,2020,3004.0,0.0,1.498089,1.066223,FIN,TZA,830249
4429797,81,226,8734,2020,9675.0,0.0,1.6459,0.7702640000000001,GBR,TZA,830249
4429798,97,226,8734,2020,24826.0,0.0,1.070483,1.183618,HKG,TZA,830249
4429799,104,226,8734,2020,41687.0,0.0,0.464674,2.838779,IND,TZA,830249
4429800,111,226,8734,2020,2507.0,0.0,1.299017,0.701797,ITA,TZA,830249
4429801,114,226,8734,2020,12427.0,0.0,2.405659,-0.38169000000000003,JPN,TZA,830249
4429802,116,226,8734,2020,8497.0,0.0,-0.496446,0.562476,KEN,TZA,830249
4429803,121,226,8734,2020,1021.0,0.0,1.9703950000000001,0.800826,KOR,TZA,830249
4429804,124,226,8734,2020,770.0,0.0,0.35459,1.067965,LBN,TZA,830249
4429805,162,226,8734,2020,3203.0,0.0,1.035951,1.559401,NLD,TZA,830249
4429806,179,226,8734,2020,1156.0,0.0,0.656999,2.1136470000000003,PRT,TZA,830249
4429807,185,226,8734,2020,1490.0,0.0,1.13426,0.9767809999999999,ROU,TZA,830249
4429808,186,226,8734,2020,7006.0,0.0,0.373882,0.42102700000000004,RUS,TZA,830249
4429809,206,226,8734,2020,775.0,0.0,1.338026,0.825268,SVK,TZA,830249
4429810,208,226,8734,2020,1350.0,0.0,1.6911310000000002,0.791586,SWE,TZA,830249
4429811,224,226,8734,2020,85122.0,0.0,0.590472,2.619866,TUR,TZA,830249
4429812,231,226,8734,2020,14020.0,0.0,1.588148,0.380904,USA,TZA,830249
4429813,246,226,8734,2020,55231.0,0.0,0.042099,0.923931,ZAF,TZA,830249
4429814,249,226,8734,2020,1534.0,0.0,2.0517060000000003,1.205431,TWN,TZA,830249
4429815,7,227,8734,2020,41253.0,0.0,-0.118349,-0.789485,ARE,UGA,830249
4429816,14,227,8734,2020,655.0,0.0,-0.32910500000000004,-0.232963,AUS,UGA,830249
4429817,39,227,8734,2020,22077.0,0.0,0.609267,1.1890479999999999,CAN,UGA,830249
4429818,43,227,8734,2020,297165.0,0.0,1.187837,1.2237770000000001,CHN,UGA,830249
4429819,61,227,8734,2020,1373.0,0.0,2.027494,-2.3646689999999997,DEU,UGA,830249
4429820,81,227,8734,2020,3458.0,0.0,1.6459,0.7702640000000001,GBR,UGA,830249
4429821,104,227,8734,2020,9838.0,0.0,0.464674,2.838779,IND,UGA,830249
4429822,111,227,8734,2020,2824.0,0.0,1.299017,0.701797,ITA,UGA,830249
4429823,116,227,8734,2020,17043.0,0.0,-0.496446,0.562476,KEN,UGA,830249
4429824,124,227,8734,2020,43830.0,0.0,0.35459,1.067965,LBN,UGA,830249
4429825,162,227,8734,2020,2106.0,0.0,1.035951,1.559401,NLD,UGA,830249
4429826,202,227,8734,2020,0.0,16339.0,-1.948366,-0.9899879999999999,SSD,UGA,830249
4429827,224,227,8734,2020,5967.0,0.0,0.590472,2.619866,TUR,UGA,830249
4429828,231,227,8734,2020,24236.0,2821.0,1.588148,0.380904,USA,UGA,830249
4429829,246,227,8734,2020,12113.0,0.0,0.042099,0.923931,ZAF,UGA,830249
4429830,249,227,8734,2020,3106.0,0.0,2.0517060000000003,1.205431,TWN,UGA,830249
4429831,7,239,8734,2020,0.0,13373.0,-0.118349,-0.789485,ARE,VNM,830249
4429832,14,239,8734,2020,16583.0,657451.0,-0.32910500000000004,-0.232963,AUS,VNM,830249
4429833,15,239,8734,2020,7088.0,49613.0,1.6711310000000001,0.059096,AUT,VNM,830249
4429834,18,239,8734,2020,91236.0,153277.0,1.204632,1.278346,BEL,VNM,830249
4429835,22,239,8734,2020,0.0,26412.0,-0.874451,-0.9031309999999999,BGD,VNM,830249
4429836,28,239,8734,2020,0.0,862.0,0.858776,1.085652,BLR,VNM,830249
4429837,32,239,8734,2020,42728.0,2167.0,0.054622000000000004,0.532291,BRA,VNM,830249
4429838,39,239,8734,2020,1858.0,937202.0,0.609267,1.1890479999999999,CAN,VNM,830249
4429839,41,239,8734,2020,14526.0,113799.0,2.184038,0.900965,CHE,VNM,830249
4429840,42,239,8734,2020,4867.0,39071.0,-0.307923,-0.565983,CHL,VNM,830249
4429841,43,239,8734,2020,26101010.0,289373.0,1.187837,1.2237770000000001,CHN,VNM,830249
4429842,49,239,8734,2020,864.0,5914.0,0.115954,0.104558,COL,VNM,830249
4429843,59,239,8734,2020,6006.0,117787.0,1.716646,0.602441,CZE,VNM,830249
4429844,61,239,8734,2020,407252.0,469469.0,2.027494,-2.3646689999999997,DEU,VNM,830249
4429845,64,239,8734,2020,12588.0,153756.0,1.093217,1.2166549999999998,DNK,VNM,830249
4429846,68,239,8734,2020,0.0,4417.0,-0.186095,1.6414330000000001,EGY,VNM,830249
4429847,71,239,8734,2020,34392.0,246463.0,0.736657,2.731661,ESP,VNM,830249
4429848,72,239,8734,2020,5884.0,0.0,1.012385,1.305015,EST,VNM,830249
4429849,74,239,8734,2020,2970.0,11177.0,1.498089,1.066223,FIN,VNM,830249
4429850,77,239,8734,2020,27157.0,469523.0,1.341275,0.8991870000000001,FRA,VNM,830249
4429851,81,239,8734,2020,332501.0,420709.0,1.6459,0.7702640000000001,GBR,VNM,830249
4429852,90,239,8734,2020,12102.0,85998.0,0.199011,1.087811,GRC,VNM,830249
4429853,97,239,8734,2020,771033.0,109304.0,1.070483,1.183618,HKG,VNM,830249
4429854,102,239,8734,2020,1742.0,0.0,1.393152,0.878916,HUN,VNM,830249
4429855,103,239,8734,2020,24791.0,265211.0,-0.16761700000000002,1.571009,IDN,VNM,830249
4429856,104,239,8734,2020,56065.0,37252.0,0.464674,2.838779,IND,VNM,830249
4429857,106,239,8734,2020,0.0,5862.0,1.337791,-0.20829699999999998,IRL,VNM,830249
4429858,109,239,8734,2020,1328.0,0.0,0.27161399999999997,-0.17819200000000002,ISL,VNM,830249
4429859,110,239,8734,2020,0.0,8580.0,1.487557,0.8370920000000001,ISR,VNM,830249
4429860,111,239,8734,2020,281114.0,569037.0,1.299017,0.701797,ITA,VNM,830249
4429861,114,239,8734,2020,857091.0,9766923.0,2.405659,-0.38169000000000003,JPN,VNM,830249
4429862,118,239,8734,2020,0.0,25972.0,-0.602562,-0.505135,KHM,VNM,830249
4429863,121,239,8734,2020,8992200.0,1325839.0,1.9703950000000001,0.800826,KOR,VNM,830249
4429864,122,239,8734,2020,0.0,24834.0,-0.072977,-1.090017,KWT,VNM,830249
4429865,123,239,8734,2020,0.0,63495.0,-0.741151,-0.689088,LAO,VNM,830249
4429866,128,239,8734,2020,0.0,63708.0,-0.48448599999999997,0.5495220000000001,LKA,VNM,830249
4429867,130,239,8734,2020,2951.0,1114.0,0.9772870000000001,1.291244,LTU,VNM,830249
4429868,134,239,8734,2020,0.0,5298.0,-0.5208510000000001,-0.080499,MAR,VNM,830249
4429869,138,239,8734,2020,64741.0,567264.0,0.974514,0.563643,MEX,VNM,830249
4429870,143,239,8734,2020,0.0,22526.0,-0.9993569999999999,-0.298647,MMR,VNM,830249
4429871,144,239,8734,2020,0.0,3124.0,0.355595,0.140822,MNE,VNM,830249
4429872,147,239,8734,2020,0.0,2332.0,-1.1186040000000002,-0.974224,MOZ,VNM,830249
4429873,153,239,8734,2020,137086.0,449073.0,1.185223,0.573439,MYS,VNM,830249
4429874,162,239,8734,2020,120652.0,856795.0,1.035951,1.559401,NLD,VNM,830249
4429875,163,239,8734,2020,52365.0,46306.0,0.793459,0.369766,NOR,VNM,830249
4429876,166,239,8734,2020,0.0,10064.0,0.145567,0.070121,NZL,VNM,830249
4429877,168,239,8734,2020,0.0,6590.0,-0.52984,0.63654,PAK,VNM,830249
4429878,174,239,8734,2020,29859.0,43015.0,0.755786,0.24693,PHL,VNM,830249
4429879,177,239,8734,2020,23530.0,400776.0,1.0227979999999999,1.4079139999999999,POL,VNM,830249
4429880,179,239,8734,2020,3807.0,0.0,0.656999,2.1136470000000003,PRT,VNM,830249
4429881,183,239,8734,2020,0.0,3948.0,-0.028836,-1.0183950000000002,QAT,VNM,830249
4429882,185,239,8734,2020,5191.0,1079.0,1.13426,0.9767809999999999,ROU,VNM,830249
4429883,186,239,8734,2020,1897.0,79884.0,0.373882,0.42102700000000004,RUS,VNM,830249
4429884,188,239,8734,2020,0.0,4976.0,0.662925,-0.21661999999999998,SAU,VNM,830249
4429885,192,239,8734,2020,405795.0,144021.0,1.948379,0.610574,SGP,VNM,830249
4429886,206,239,8734,2020,2012.0,8166.0,1.338026,0.825268,SVK,VNM,830249
4429887,207,239,8734,2020,810.0,2503.0,1.570699,0.8442459999999999,SVN,VNM,830249
4429888,208,239,8734,2020,104976.0,335905.0,1.6911310000000002,0.791586,SWE,VNM,830249
4429889,216,239,8734,2020,1673383.0,181556.0,1.035524,1.2777180000000001,THA,VNM,830249
4429890,224,239,8734,2020,7128.0,13005.0,0.590472,2.619866,TUR,VNM,830249
4429891,228,239,8734,2020,0.0,34615.0,0.383736,0.531328,UKR,VNM,830249
4429892,231,239,8734,2020,1100164.0,9111122.0,1.588148,0.380904,USA,VNM,830249
4429893,246,239,8734,2020,2093.0,2483.0,0.042099,0.923931,ZAF,VNM,830249
4429894,249,239,8734,2020,904348.0,774236.0,2.0517060000000003,1.205431,TWN,VNM,830249
4429895,7,247,8734,2020,6858.0,0.0,-0.118349,-0.789485,ARE,ZMB,830249
4429896,41,247,8734,2020,1227.0,0.0,2.184038,0.900965,CHE,ZMB,830249
4429897,43,247,8734,2020,18728.0,0.0,1.187837,1.2237770000000001,CHN,ZMB,830249
4429898,46,247,8734,2020,0.0,838.0,-1.538455,-1.1857659999999999,COD,ZMB,830249
4429899,59,247,8734,2020,3025.0,0.0,1.716646,0.602441,CZE,ZMB,830249
4429900,61,247,8734,2020,893.0,0.0,2.027494,-2.3646689999999997,DEU,ZMB,830249
4429901,90,247,8734,2020,2700.0,0.0,0.199011,1.087811,GRC,ZMB,830249
4429902,97,247,8734,2020,10733.0,0.0,1.070483,1.183618,HKG,ZMB,830249
4429903,104,247,8734,2020,11544.0,0.0,0.464674,2.838779,IND,ZMB,830249
4429904,124,247,8734,2020,73937.0,0.0,0.35459,1.067965,LBN,ZMB,830249
4429905,162,247,8734,2020,4739.0,0.0,1.035951,1.559401,NLD,ZMB,830249
4429906,208,247,8734,2020,2306.0,0.0,1.6911310000000002,0.791586,SWE,ZMB,830249
4429907,231,247,8734,2020,12152.0,0.0,1.588148,0.380904,USA,ZMB,830249
4429908,246,247,8734,2020,340430.0,0.0,0.042099,0.923931,ZAF,ZMB,830249
4429909,248,247,8734,2020,3059.0,0.0,-1.039532,-1.12853,ZWE,ZMB,830249
4429910,7,248,8734,2020,26714.0,0.0,-0.118349,-0.789485,ARE,ZWE,830249
4429911,37,248,8734,2020,3544.0,6938.0,-0.8696219999999999,-1.195627,BWA,ZWE,830249
4429912,39,248,8734,2020,288.0,0.0,0.609267,1.1890479999999999,CAN,ZWE,830249
4429913,43,248,8734,2020,74532.0,0.0,1.187837,1.2237770000000001,CHN,ZWE,830249
4429914,61,248,8734,2020,1251.0,0.0,2.027494,-2.3646689999999997,DEU,ZWE,830249
4429915,81,248,8734,2020,1086.0,0.0,1.6459,0.7702640000000001,GBR,ZWE,830249
4429916,97,248,8734,2020,1235.0,0.0,1.070483,1.183618,HKG,ZWE,830249
4429917,104,248,8734,2020,28234.0,0.0,0.464674,2.838779,IND,ZWE,830249
4429918,151,248,8734,2020,2452.0,0.0,-0.048897,0.11543099999999999,MUS,ZWE,830249
4429919,231,248,8734,2020,1507.0,0.0,1.588148,0.380904,USA,ZWE,830249
4429920,246,248,8734,2020,1052001.0,0.0,0.042099,0.923931,ZAF,ZWE,830249
4429921,247,248,8734,2020,0.0,3059.0,-0.9162379999999999,-0.9523940000000001,ZMB,ZWE,830249
4429922,39,13,8734,2020,7727.0,0.0,0.609267,1.1890479999999999,CAN,ATG,830249
4429923,71,13,8734,2020,6560.0,0.0,0.736657,2.731661,ESP,ATG,830249
4429924,81,13,8734,2020,12228.0,0.0,1.6459,0.7702640000000001,GBR,ATG,830249
4429925,90,13,8734,2020,1680.0,0.0,0.199011,1.087811,GRC,ATG,830249
4429926,231,13,8734,2020,98510.0,0.0,1.588148,0.380904,USA,ATG,830249
4429927,7,22,8734,2020,110793.0,0.0,-0.118349,-0.789485,ARE,BGD,830249
4429928,15,22,8734,2020,3963.0,0.0,1.6711310000000001,0.059096,AUT,BGD,830249
4429929,18,22,8734,2020,6585.0,0.0,1.204632,1.278346,BEL,BGD,830249
4429930,39,22,8734,2020,14565.0,0.0,0.609267,1.1890479999999999,CAN,BGD,830249
4429931,41,22,8734,2020,0.0,2682.0,2.184038,0.900965,CHE,BGD,830249
4429932,43,22,8734,2020,4511946.0,6208.0,1.187837,1.2237770000000001,CHN,BGD,830249
4429933,59,22,8734,2020,5504.0,0.0,1.716646,0.602441,CZE,BGD,830249
4429934,61,22,8734,2020,51646.0,0.0,2.027494,-2.3646689999999997,DEU,BGD,830249
4429935,81,22,8734,2020,12135.0,0.0,1.6459,0.7702640000000001,GBR,BGD,830249
4429936,97,22,8734,2020,5841.0,0.0,1.070483,1.183618,HKG,BGD,830249
4429937,104,22,8734,2020,622971.0,0.0,0.464674,2.838779,IND,BGD,830249
4429938,114,22,8734,2020,213384.0,0.0,2.405659,-0.38169000000000003,JPN,BGD,830249
4429939,117,22,8734,2020,0.0,3238.0,-0.117317,0.36644,KGZ,BGD,830249
4429940,121,22,8734,2020,1166.0,0.0,1.9703950000000001,0.800826,KOR,BGD,830249
4429941,128,22,8734,2020,122561.0,0.0,-0.48448599999999997,0.5495220000000001,LKA,BGD,830249
4429942,162,22,8734,2020,1824.0,0.0,1.035951,1.559401,NLD,BGD,830249
4429943,177,22,8734,2020,0.0,1021.0,1.0227979999999999,1.4079139999999999,POL,BGD,830249
4429944,192,22,8734,2020,80198.0,0.0,1.948379,0.610574,SGP,BGD,830249
4429945,216,22,8734,2020,569363.0,0.0,1.035524,1.2777180000000001,THA,BGD,830249
4429946,224,22,8734,2020,1125.0,0.0,0.590472,2.619866,TUR,BGD,830249
4429947,231,22,8734,2020,153463.0,8098.0,1.588148,0.380904,USA,BGD,830249
4429948,239,22,8734,2020,26412.0,0.0,0.034229,0.89099,VNM,BGD,830249
4429949,249,22,8734,2020,25629.0,0.0,2.0517060000000003,1.205431,TWN,BGD,830249
4429950,7,24,8734,2020,948131.0,1233.0,-0.118349,-0.789485,ARE,BHR,830249
4429951,15,24,8734,2020,6668.0,0.0,1.6711310000000001,0.059096,AUT,BHR,830249
4429952,18,24,8734,2020,1110.0,0.0,1.204632,1.278346,BEL,BHR,830249
4429953,39,24,8734,2020,3648.0,0.0,0.609267,1.1890479999999999,CAN,BHR,830249
4429954,43,24,8734,2020,35225.0,0.0,1.187837,1.2237770000000001,CHN,BHR,830249
4429955,77,24,8734,2020,25476.0,0.0,1.341275,0.8991870000000001,FRA,BHR,830249
4429956,81,24,8734,2020,8070.0,0.0,1.6459,0.7702640000000001,GBR,BHR,830249
4429957,90,24,8734,2020,1210.0,0.0,0.199011,1.087811,GRC,BHR,830249
4429958,102,24,8734,2020,2897.0,0.0,1.393152,0.878916,HUN,BHR,830249
4429959,104,24,8734,2020,4677.0,4696.0,0.464674,2.838779,IND,BHR,830249
4429960,111,24,8734,2020,62636.0,0.0,1.299017,0.701797,ITA,BHR,830249
4429961,114,24,8734,2020,4003.0,0.0,2.405659,-0.38169000000000003,JPN,BHR,830249
4429962,121,24,8734,2020,1378.0,0.0,1.9703950000000001,0.800826,KOR,BHR,830249
4429963,122,24,8734,2020,0.0,8478.0,-0.072977,-1.090017,KWT,BHR,830249
4429964,131,24,8734,2020,14102.0,0.0,1.197655,1.432727,LUX,BHR,830249
4429965,162,24,8734,2020,12359.0,0.0,1.035951,1.559401,NLD,BHR,830249
4429966,179,24,8734,2020,359708.0,0.0,0.656999,2.1136470000000003,PRT,BHR,830249
4429967,188,24,8734,2020,125501.0,3494.0,0.662925,-0.21661999999999998,SAU,BHR,830249
4429968,216,24,8734,2020,1041.0,0.0,1.035524,1.2777180000000001,THA,BHR,830249
4429969,224,24,8734,2020,13268.0,0.0,0.590472,2.619866,TUR,BHR,830249
4429970,231,24,8734,2020,480646.0,31665.0,1.588148,0.380904,USA,BHR,830249
4429971,249,24,8734,2020,62792.0,0.0,2.0517060000000003,1.205431,TWN,BHR,830249
4429972,7,44,8734,2020,3432.0,0.0,-0.118349,-0.789485,ARE,CIV,830249
4429973,14,44,8734,2020,240872.0,0.0,-0.32910500000000004,-0.232963,AUS,CIV,830249
4429974,18,44,8734,2020,7455.0,0.0,1.204632,1.278346,BEL,CIV,830249
4429975,21,44,8734,2020,0.0,1172.0,-0.7634310000000001,-0.938997,BFA,CIV,830249
4429976,43,44,8734,2020,609240.0,0.0,1.187837,1.2237770000000001,CHN,CIV,830249
4429977,61,44,8734,2020,26122.0,0.0,2.027494,-2.3646689999999997,DEU,CIV,830249
4429978,71,44,8734,2020,2567.0,0.0,0.736657,2.731661,ESP,CIV,830249
4429979,77,44,8734,2020,263776.0,0.0,1.341275,0.8991870000000001,FRA,CIV,830249
4429980,81,44,8734,2020,63647.0,0.0,1.6459,0.7702640000000001,GBR,CIV,830249
4429981,111,44,8734,2020,4073.0,0.0,1.299017,0.701797,ITA,CIV,830249
4429982,121,44,8734,2020,1151.0,0.0,1.9703950000000001,0.800826,KOR,CIV,830249
4429983,124,44,8734,2020,104064.0,0.0,0.35459,1.067965,LBN,CIV,830249
4429984,134,44,8734,2020,1570.0,0.0,-0.5208510000000001,-0.080499,MAR,CIV,830249
4429985,162,44,8734,2020,13437.0,0.0,1.035951,1.559401,NLD,CIV,830249
4429986,224,44,8734,2020,18706.0,0.0,0.590472,2.619866,TUR,CIV,830249
4429987,7,45,8734,2020,103704.0,0.0,-0.118349,-0.789485,ARE,CMR,830249
4429988,18,45,8734,2020,3426.0,0.0,1.204632,1.278346,BEL,CMR,830249
4429989,28,45,8734,2020,1301.0,0.0,0.858776,1.085652,BLR,CMR,830249
4429990,43,45,8734,2020,514534.0,0.0,1.187837,1.2237770000000001,CHN,CMR,830249
4429991,61,45,8734,2020,18354.0,0.0,2.027494,-2.3646689999999997,DEU,CMR,830249
4429992,71,45,8734,2020,14383.0,0.0,0.736657,2.731661,ESP,CMR,830249
4429993,77,45,8734,2020,102164.0,0.0,1.341275,0.8991870000000001,FRA,CMR,830249
4429994,81,45,8734,2020,1272.0,0.0,1.6459,0.7702640000000001,GBR,CMR,830249
4429995,104,45,8734,2020,2468.0,0.0,0.464674,2.838779,IND,CMR,830249
4429996,111,45,8734,2020,17873.0,0.0,1.299017,0.701797,ITA,CMR,830249
4429997,124,45,8734,2020,2457.0,0.0,0.35459,1.067965,LBN,CMR,830249
4429998,134,45,8734,2020,1770.0,0.0,-0.5208510000000001,-0.080499,MAR,CMR,830249
